"chr1","53477272","53477570","KN294407v1","1046454","1046753","28","52430818","GGGCACGGTGGCTCACCCCTGTAATCCTAGCACTTTGGGAGGCCAAGGCGGGTGGGTCACTTGAGGTCAGGAGTTCAAGACCAGCCTGACCAACATGGTGAAACCCTGTCTCTACTAAAAATACAAAAATTAGCCTGGCGTGGTGGTGGGTGCCTGTAATCCCAGCTACTCAGGAGGCAGAGGAACAAGAATCACTTGAACCTGGGAGGTGAAGGTTGCAGTGACCCAAGATCATACCACTGCACTCCAGCCTGGGCGACAGAGCAAGACACTGTCTCAGAACAAAACAAAACAAAAAA","GGGCGTGGTGGCTCACCCCTGTAATCCCAGCACTTTGGGAGGCCAAGGCGGGTGGATCACTTGAGGTCAGGAGTTCAAGACCAGCCTGGTCTATATGGTGAAACCCTGTCTTTACTAAAAATACAAAAATTAGACTGGCGTGGTGGTGGGCGCCTGTAATCCCAGCTACTCAGGAGGCAGAGGCATGAGAATCGCATGAATCCGGGAGGTGAAGGTTGCAGTGAGCCAAGATGGTACCACTGCACTCTACCCTTGGCGACAGAGCAAGACCCTGTATCAAAACAAAACAAAACAACAAAA"
"chr1","214957934","214958221","KN297320v1","1666972","1667261","35","213290962","GGCGCGGTGGCTCATGCTTGTAATCCCAGCACTTTGGGAGGGCGAGGTAGGCGGATCACTTGAGATCAGGAGTTAGAGACCAGCCTGGCCTACATGATGAAACCCCGTCTCTACTAAAAATACAAAAATTAGCAAGGCATGGTGGTAGGCGCCTGTAGTCCCAGCTACTTGGGAGGCTGAGGCAGGATAATTGCTTGAACCTGGGAGGCAGAGGTTGCAGTGACTGAGATTTTGACACTGCACTCCAGCCTGGGCAACAGAGCGAGACTCCGTCTCAAAAAAGAAAAA","GGGTGCGGTGGCTCATGCCTGTAATCCCAGAACTTTGGGAGGCCGAGGCAGGCAGATCACTTGAGGTCAGGAGTTTGAGACCAGCCTGGCCAACATGATGAAACCCTATCTCTTCTAAAAATACAAAAATTAGCAGGGCATGGTGGCAGGTGCCTGTAATCCCAGCTACTCGGGAGGCTGAGGCAGGAGAATCGCTTGAACCAGGGAGACCCAGGTTGCAGTGAGTCAAGATCGTACCACTGCACTCCAGCCTGGGCAACAGAACAAGACTCAGTCTCAAAAAAAAAAAA"
"chr1","1572574","1572871","KN296831v1","574957","575252","36","997617","GGTCGGGCATGGTGGCTCACGCCTGTAATCCCAGCACTTTGGGAGGCTGAGGCAGGTGATTCACCTGAGGTCAGGAGTTCCAGACCAGCCTGACCAACAAGGTGAAAGCTCGTCTCTACTAAAAATATAAAAATTAGCCGAGTGTGGTGGCAGGTGCCTGTAGTCCCAGGTACTCGGGAGGCTGAGACAGGAGAACTGCTTGAACACAGGAGGCAGAGGTGGCAGTTAGCTGAGATCATGCCACTGCACTCCAGCCTGGGCAATGGAGCAAGACTCTGTCTCAAAAACAAACAAAAAA","GCTGGGCATGGTGGCTCACGCCTGTAATCCCAGCACTTTGGGAGGCCGAGGTGGGTGGATCACCTGAGGTCAGGAGTTTGAGACCAACCTGACCAACAAGGTGAAACTCCATCTCTACTAAAAATACAAAAATTAGCCGGGTGAGTTGGCAGGCACCTGCAGTCCCAGCTACTCGGGAGGTTGAGACAGGAGAATTGCTTGAACCCGGGAGGCAGAGGTTGCAGTGAGCCAAGACCACGCCACTGCGCTCCAGCCTGGGCAACGGAGCGAGACTCTGTCTCAAAACAAACGAAAAA"
"chr1","1703591","1703962","KN294470v1","2190064","2190422","101","486473","CTGGGCACGGTGGCTCACATCTGTAATCCCGACACTTTGGGAGGCTGAGGTGGGCGCATCACCTGAGGTCAAGAGTTCGAGACCAGTCTGGCCAACGTGGCGAACTAAAAATTAAACGTTTTTAATTTTAATGTGTTTTAAGAACACATTATGTTCTTGGCAGCGAACTAAAAAAAAAACGTTTCTACTAAAAATTAAAAAAATTAGCCAGGCGTGATGGCAGGCACCTGTAACCCCAGCTACCTGGGAGGCAGAGGCAGGAGAATCACTTGAACCCAGAAGGTGGAGGTCGTAGTGAGTGGAGATCACGCCACTACACTTCAGCCTGGGTGATAGAGCAAGACACCGTCTCGAAAAGAAAAAAAAAAAAAA","GCTGGGTGCGGTGGCTCACGCCTGTAATCCCAGCACTTTGGGAGGCCGAGATGAGCGGATCACCTGAGGTCAGGAGTTCAAGACCAGCCTGGCCAACATGGTGAAACCCCGTCTCTACAAAAACACAAAAGTTAGCTGAAGACCAGCCTGGCCAACATGGTGAAACCCCGTCTCTACAAAAATACAAAAATTAGCTGATCATGATGGTGAGTGCCTGCAATCCCAGCTACTTGGGAGGGTGAGGTGGGAGAATCGCTTGAACCCGAGAGGCGGAGGTTGCAATGAGCCGAGATCACACCACTGCACTCCAGCCTGGGCAACAGAGCAAGACTCTGTCTCAAAAAAAAAAAAAAAAAAAA"
"chr1","8257274","8257593","KN294193v1","656123","656428","47","7601151","GGCCGGGCGTGGTGACTCATGCCTGTAATCCCACTATTTTGGGAGGCCTAGGTGGGTAGATCACCTAAGGTCAGGAGTTCGAGACCAGTCTGGCCAACATGGTGAAACCCCATCTCTACTAAAAATACAAAAACAAAAAAAAATTAGCCAGGTGTGGTGGCGGGCGCCTGTAGTCCCGGCTACTCGGGAGGCTGAGGCAGGAGAATCGCTTGAACCCGGGAGGCAGAGGTTGCAGGGAGCCAAGATCGCACCACTGTACTCCAGCTTGGCGACAGAGTGAGAATCTGTCTCAAAAATAAATAAACAAATAAGAAAAAAAA","GGCCGGGCATGGTGGCTCATGCCTGTAATCCCAGCACTTTGGGAGGCCCAGGCAGGTAGATCACCTGAGGTCAGGAGTTTGAGACCAGTCTGGCCAACATGGCAAAACCCCATCTCTACTAAAAATACAAAAATTAGCCAGGCCTGGTGGTGGGCGCCTGTAGTTCCAGCTACTCAGGAGGCTGAGGCAGGGGAATCGCTTGAACCCGGGAGGCGGAAGTTGCAGTGAGTCGAGATCACACCACTGCACTCCAGCCTGGGCGACAGAGCGAGACTCTATCTAAAAATAAATAAAATAAAAATAAAA"
"chr1","9174916","9175162","KN295835v1","199186","199432","41","8975730","GGCCGAGTGCAGTGGCTCATTCCTGTAATCCCAGTGCTTTGGGAGGCCGAGGTGGGCGGATCACCTGAGGTCAGGAGTTTGAGTCCAGCCTGGTCAACATGGCAAAGCCCCGTCTCTACTAAAAATACAAAAATTAGCTGGGCATGGTGGCGGGTGCCTGTAATCCCAGCTACTCGGGAGGCTGAGGCAGGAGAATCACTTGAACCCCCAAGGCAGAGGTTGCAGTGAGCCGAGATGGAACCACTAC","GACCGGGTGCAGTGGCTCACGCCTGTAATCCCAACACTTTGGGAGGCTGAGGCGGGCAGATCACCTGAGGTCAGGAGTTTGAGACCAGCCTGGCCAACATAGCGAAATCCCATCTCTACTGAAAATACAAAAATTAGCCGGATGTGGTGGCAGGTGCCCATAATCGCAGCTACTCGGGAGGCTGAGGCAGAGAGAATTGCTTGAACCCGGGAGGTGGGGTTGCAGTGAGCCGAGATTTCCCCCACAC"
"chr1","11010020","11010329","KN294630v1","349899","350210","34","10660121","GGCCAGGCCCAGTGGCTCACACCTGTAATCCCAGCACTTCGGGAGGCCGAGGCAGGAGGATCTTTTGAGGTCAGGAGTTCAAGACCAGCCTGGCCAACATGGTGAATCCCCGCCTCTACTAAAAATACAAAAAATTAGCCAGGCATGGTGGCAGGCACCTGTAGTCCCAGCTACTCAGGAGGCTGAGGTGGGAGAATCACTTGAACATGGGAGGCAGAGGTTGCAGGGAGCCGAGATCGTACCATTGCACTCCAGCCTGGGTGACAGAGCGAGACTTCGTCTCAAAAAAAAAAAAAAAAGAAAAAAGAAA","GGCCGGGCACAGTGGCTCACGCCTGTAATCCCAGCACTTTGGGAGGCCAAGGCAGGAGGATCACTTGAGGTCAGGAGTTGCAGACCAGCCTGGCCAACATGGTGAAACCCCATTTCTACTAAAAATACAAAAATCAGCCGGGCATAGTGGCAGGCGCCTGTAGTCCCAGCTACTCAGGAGGCTGAGGCAGGAGAATCGCTTGAACCTGGGAGGCAGATGTTGCAGTGAGCCGAGATTGTGCCACTGCACTCCAGCCTGGGAGACAGAATGAGACTTCCTCTCAAAAAAAAAAAAAAAAGAAAGAAAAGAAAA"
"chr1","14548904","14549216","KN297154v1","1610824","1611134","38","12938080","GGCTGGGCGCAGTGGCTCATGCCTGTAATCCCAACACTTTCGGAGGCCGAAGCGGGTGGATCACCTGAGGTCAAGAGTTCGAGACCAACCTGGCCAACATGGTGAAACCCCGTCTCTACTAAAAATACAAAAAATTAGCCAGGCGTGGTGGCAGGCACCTGTAATCCCAGCTACTCAGGAGGCTGAGACAGGAGAATTGCATGAAACCAGGAGGCAGAGGTTGCAGTGAGTGGAGATTATGCCATTGCACTCCAGCCTGGGACACAGAACAAGACTCCACCTCAAAAAAACAAACAAAAAACAACAACAACAA","GGCCGGGAGCAGTGGCTCACGCCTGTAATCCCAATACTTTGGGAGGCGAAGGTGGGCGGATCACCTGAGGTCAGGAGTTCGAGACCAATCTGGCCAACATGGTGAAACCCCGTCTCTACTAAAAATACAAAAAATTAGCTAGGCGTGGTGGTGGGCGCCTGTAATCCCAGCTACTCAGGAGGCTGAGTCAGGAGAATCGCTTGAACCCAGGAGGCGGAGGTTGCAGTGAGCCGAGATCGTGCCACTGCACTCCAGCCTGGGCGACAGAGCGAGACTTCGTCTCAAAAAGCAACAACAACAACAACAAACAA"
"chr1","19398366","19398671","KN297158v1","212439","212742","38","19185927","GGCCAGGCATGGTGGCTCACGCCTATAAACCCAGCACTTTGGGAGGCCGAGGCGGGCAGATCACTGGAGATTAGGAGTTCGATACCAGCCTGGCCAACGTGGTGAGACCCCGTCTCTACTAAAAATACAAAAATTAGCTGGGTGTGGTGGCAGGTGCCTGTAGTCCCAGCTGCTTGGGAGGCTGAGGCAAGAGAATCACTTGAACCTGGGAGGTGGAGGTTGCAGTGAGCCAGGATTGCGCCACTTCACTCCAGCCTGGGCAACAGAGTGAGATTCCATCTCAAAAATAAAAATAAAATACAAAAA","GGCCGGGTGTGGTGGCTCACACCTATAATCCCAGCACTTTGGGAGGATGAGGTGGGCAGATCACCTGAGGTCAGGAGTTCGAGACCAGCCTGGCCAACATGGTGAAACCCCGTCTCCACTGAAAATACAAAAATTAGCCAGGCGTGGTGGCAGGAGCCTGTAATCCCAGCTACTTGGGAGGCTGAGGCAGGAGAATCGCATGAACCTGGGAGGTGGACATTGCAGTGAGCCGAGATTGCACCATTGCACTCCAGCCTGGGCAACAGAGTGAGACTCCATCTCAAAAAAATAAAAAATAAAAAAA"
"chr1","20053841","20054020","KN296495v1","510488","510677","34","19543353","CCCATCTCTACTGAAAATACAAAACTTTAGCCGGGTGTGGTGGCAGGCGCCTGTAATCTCAGCTACTCGGGAGGCTGAGGCAGGAGAATCACTTGAACCTGGCAGGTGGAGGTTGCAGTGAGCCGAGATGGTGCCACTGCACTCCAGCCTGGCGACAGAGTGAGACAAAAAAAAAAAGAA","CCCTGTCTCTACTAAAAATGCAAAATTAGCCGGGCATGGTGGCAGGCACCTGTAATTCAAGCTACTTGGGAGGCTGAGGCAGGAGAATCTCTTGAACCCAGGAGGTGGAGGTTGCAGTGAGCTGAGATCGTGCCACTGCACTCCAGCCTGGGCGACAGCGAGACTCCTTCTCAAAAAATAAAAAATAAAA"
"chr1","27787031","27787342","KN297442v1","2623790","2624089","52","25163241","GACTGGGCGAGGTGTCTCACGCCTGTAATCCCAGCACTTTGGGAGGCCGAGGCGATCGGATCACCTGAGGTCAGGCATTCGAGACCAGCCTGGCCAACATGGCGAAACTCTGCCTCTACTAAAAATCAAAAAGTAAGCCGGGTGTGATGGCAGGCGACTGTAGTCCTAGCTGCTCGGGAGGCTGAGGTAGGAGAATCGCCTGAACTGGGGAGGTGCAGGTTGCAGTAAACCAAGACCAAGATCGCTCCACTGCACTCCAGCCTGGGCAACAGAGCGAGATTCCGTCTCAGGAAAAAAAAAAAAAAAAAAGAA","GGCTGGACATGTTGGCTCACGCCTGTAATCCCAGCACTTTGGGAGGCCGAGGCGGGTGGATCACCTGAGGTCAGGAGTTCAAGACCAGCCTGGCCAACATGGCGAAACCCTGTCTCCACTAAAAATACAAAAATAAGCCAGGCGTGGTGGCGGGTGCCTGTAGTTCCAGCTACTCGGGAGGCTGAGGTACAAGAATCGCATGAACCCGGGAGGCAGAGGTTGCAGTAAGCCAAGATTGCGCCATTGCACTCCAGCCTGGGCAACAAAGCGAGACTCCGTCTCAAAAAAAAAAAGAAAAAA"
"chr1","39059207","39059506","KN294470v1","2136945","2137241","37","36922262","GGACAGGCGTGGTGGCTTCTCACCTGTAATCCCAGCACTTTGGGGGGCCTAGGCGGGTGGATCACTTGAGGTCTGGAGTTGGAGATCAGCCTGGCCACCATGGTGAAACCCCGTCTCTACTAAAAATACAAAAATTAGCCAGGCATGGTGGCGGGCACCTGTAATCCCAGCTACTTGGGAGGCTGAGCCAGGAGAATAGCTTGAACCCAGGAGGCGGAGGTCGCAGTGAGCCGAGATTGTGCCATTGCACTCTAGCCTGGGTGACAGAGTGAGACTCTGCTTAAAAAAAAAAAAAAAAAA","GGCCAGGTGTGGTGGCTCACACCTGTAATCCCAGCACTTTGGGAGGCCGAGGTGGGTGGATCACCTGAGGTCAGGAGTTTGAGACCAGCCTGGCCAACATGGTGAAACCCCATCTGTACTAAAAATACAAAAATTAGCTGGGCATGGTGGTGGGGACCTGTAATCCCAGCTACTTGGGAGGCTGAGGCAGGAGAATCACTTGAACCCAGGAGGTAGAGGTTGCAGTGAGCTGAGAGGGTGCCACTGCACTCCAGCCTGGGTGACAGAACAAGACTCCATCTAAAAAAAAAAAAAAAA"
"chr1","43122459","43122749","KN296864v1","1223743","1224032","27","41898716","GGCCGGGCACGGTGGCTCGTGCCTGTAATTCCAGCACTTTGGGAGGCTGAGGTGGGCGGATCACTTGAGATCAGGAGTTTGAGACCAGCCTGACCAACATAGTGAAACCCTATATCTATTAAAAATACAAAAATTAGTCAGGTGTGGTGGCGGGCACCTGTAATCCCAGCTGCTCACGAGGCTGAGGCAGGAGAATTTCTTGAACCCAGGAGGCAGTGCTGAGATAGCACCACTGCACTCTAGCCTGAGTGACAGAGCAAGACTCCATCTCAAAAAAAAAAAAAAAAAAAA","GGCCAGGCACAGTGGCTCATGCCTGTAATCCCAGCACTTTGGGAGGTTGAGGTGGGCGCATCACTTGAGGTCAGGAGTTCGAGACCAGTCTGACCAACATAGTGAAACCCTAGCTCTATTAAAAATACAAAAATTAATCAGGCGTGGTGGCAGGCGCCTGTAATCCCAGCTGCTCACGAGGCTGAGGCAGGAGAATCGCTTGAACGCAGGAGGCAGAGCCGAGATAGTGCCACTGTACTCTAGCCTGGGTGACAGAGCAAGACTCTGTCTCAAAAAAAAAAAAAAAAAAA"
"chr1","57016288","57016594","KN295974v1","830671","830982","31","56185617","GGTCAGGTGCAGTGGCTCACGCCTAAAATCCCAGCACTTTGGGAGGCCGAGGCAGGTGGATCATCTGAGGTCAGGAGTTAGAGACCAGCCTGGCCAACATGGTGAAACCCCCTCTCTACAAAAGTACAAAAATTAGGTGGGCATGATGGTGGGTGCCTATAATCCCAGCTACTCGGGAGGCTGAGGCGGAAGAATCACTTGGACCTGGGAGGCGGAGGTTTCAGTGAGCCAAGATGGTGCCATTGCACTCCAGCCTGGGCGAGACAGCGAGACTCTGTCTCAGACAAAAAAAAAAAAAAAAAAAAAA","GGTCGGGCGTAGTGGATCAAGCCTATAATCCCAGCACTTTGGGAGGCTGAGGCAGGTGGATCACTTGAGATCAGGAGTTCGAGACCAGCCTGGCCAACATGGTGAACCCCCCCCCCCTAAAAAAGTGCAAAAATTAGGTGGCTATGATGGCGGGTGCCTATAATGCCAGCTATTCGGGAGGCTGAGGCGGAAGAATCACTTGAACCTGGGAAGTGGAGGTTTCAGTGAGCCAAGATGGTGCCATTGCACTCCAGCCTGGGCGAGAGAGCGAGACTCTCTGTCTGAGACCAAAAAAAAAAAAAAAAAAAAAAA"
"chr1","85589783","85590085","KN296153v1","863239","863546","36","84726544","CCAGGTGTGGTGGCTCACGCCTATAATTCTAGCACTTTGGGAGGCCGAGGCGGGCGGATCACTTGAGGTCAGGAGTTTGAGACCATCCTGGCCAACATGGTGAAACCCCGTCTCTACTAAAAATACAAAAATTAGCTGGGTTTGATGGTAGGCACCTGTAATTCCAGCTACTCAGGAGGCTGAGGCAGGAGAATTGGTTGAGCCCAGGAGGTGGAGGTTGCAGTGAGCCAAGATGGCGCCCCTGCACTCCAGCCTGGGTGACAGTGAGACTCCGTATCAAAAAAAAAAAAAAAAAAAAAAAAA","CCGGGCGCGGTGGCTCACACGTGTAATTCCAGCACTTTGGGAGGCAGAGGCGGGTGGATCACTTGAGGTCAGGAGTTCGAGACCAGCCTGGCCAACATGGTGAAACCCCGTCTCTACTAAAAATACAAAAATTAGCTGGGCGTGATGGTAGGCGCCTATAATCCCGGCTACTTGGGAGGCTGAGGCAGGAGAATTGCTTGAACCCGGGAGGCGGAGGTTGCAGTGAGCTAAGATTGCACCACTGCAATCCAGCCTGGGGGACAGAGTGAGACTCCATCTCAAAAAAAAAAAAAAAAAAAAAAAAAAAA"
"chr1","88211296","88211603","KN294790v1","163386","163690","44","88047910","GGCCAGTTTTGGTGGCTCACACTTATAATTCCAACACTTTGGGATGCCAAGGCAGGAGGATCACTTGAGGCCAGAAGTTCAAGACCAACCTGGCCAACATGGTGAAACTCTGTTTCTACTAAAAATACAAAAATTAGCCAGGCGTAGTGGTGGGCACCTGTAATCCCAGCTACTCAGGAGGCTGAGGCAGGAGGATTGCATGAACCCAGGAGGCAGAGGTTGCAGTGAGCCAAGATCATACCACTGCACTCTAGCCTGAGTGACAGAGTAAGAGACTCTGTCTCAAGAAAAAAAAAAAAAAACAGAAA","GGCCGGGCGTGGTGGCTCACACCTGTAATCTCAGCACTTTAGGAGGCTGAGGCAGGCAGATCACTTGAGGTCAGGAGTTCGAGACCAGCCTGGCCAACATGGAGAAACCCCCGTCTCTACTAAAAATACAAAAATTAGCCAGGCATGGTGGTGGGCACCTGTAATCCCAGCTACTAGGGAGGCTGAGGCAGGAGAATCGCTTGAACCCAGGAGGCAGAGGTTGCAGTGAGCTGAGATCACGTCACTGCACTCCAGCCTGGGTGACAGAGTGAGACTCTGTCTCAAAAAAAAAAAACAAAAAAAAA"
"chr1","122814433","122814724","KN296865v1","1611887","1612179","22","121202546","GGCCAGCGCAGTGGCTCACGCCTGTAATCCCAGTACTTTGGGAAGCCAAGGTGAGTGGATTGCTTGAGGTCACGAGTTTGAGAACAGCCTGGTCAACACGGTGAAACTCCATCTCTACTAAAAATACAAAAATTAGCTGGGCATGGTGGCGGGCAGCTGTAATCCCAACTACTCAGAGGCTGAGGCAAGAGAATTACTTAAACTTGGGAGGCATAAGTTGCAATGAGTTGAGATCTGCCACTGCACTCCAGCCTGGGCGACAGAGCGAGACTACATCTCAACAAAAGAAAAA","GGCCAGCGCAGTGGCTCACACCTGTAATTCCAGCACTTTCGGAGGCCAAGGTGAGTGGACTGCTTGAGATCAGGAGTTCAAGAACAGCCTGGTCAACATGGTGAAACTCCATCTCTACTAAAAATACGAAAATCAGCTGGGCATGATGGCGGGCGGCTGTAATCCCAACTACTCAGAGGCTGAGGCAGGAGAATTACTTAAACTTGGGAGGCATAAGTTGCAGTGAGTTGAGATCGTGCCACTGCACTCCAGCCTGGGCAACAGAGCAAGACTCCGTCTCAACAAAAGAAAAA"
"chr1","132644625","132644931","KN296547v1","651970","652276","39","131992655","GGCTGGGCAAGGTGGCTCATGCTTGTAATCCCACCATTTTGGGAGGCCAAGGTGGGCAGATCACTTGAGGCTGGGAGTTCGAGACCAGCCTGGCCAACATGGTGAAAACTTGTCTACTCAAAATACAAAAATTACCCAGGCATGGTGGTGGGCACCTGTAATCCCAGTTACTTAGGATGCTGAGGCAGGAGAATTGCTTGAACCCAGGAAGCGGAGGTTGCAGTGAACCGAGATCACACCACTGCACTCCAGCCTGGGCGACAGAGCAAGACTCTGTCTCAAAAAAACAAAACAAAACAAAAGACAA","GGCCGGGCGTGGTGGCTCACGCCTGTAATCCCAACACTTTGGGAGGCCAAGGCGGGCAGATCACTTGAGGTTAGGAATTCAAGACCAGCCTGACCAACATGGTGAAACCTCGTCTCTACTAAAAATACAAAAATTAGCCAGGCATGGTGGCGGGCACCTGTAATCCTAGCTACTCAGGAGGCTGAGGCAAGAGAATCGCTTGAATCCAGGAAGTGGAGGTTGCAGTGAGCCGAGATCGCACCACTGCACTCCAGCCTGGGTGACAGGGCAAGACTCTGTTTCAGAAAAGCAAACAAACAAACAACAA"
"chr1","133824255","133824531","KN295633v1","1133330","1133601","46","132690925","CCTTGGGAGGCCGAGGCAGGTGGAACATTTGAGGTCAGGAGTTCAAGACCAGCCTGACCAACATGCTGAAACCCCGGCTCTACTAAAATACAAAACTTAGCTGGGTATGGTGGTGGGTGCCTGGAATCTCAGCTACTCAGGAGGCTGAGGCAGGAGGAGAATCACTTGAACCTGGGAGATGCAGGTTGCAGTGAGCCAAGACTGCACCACTGCATTCTAGCCTGGGCAACACAGTGAGACTCCTTCTCAAAAAAAAAAAAAAAAAGAAAAAGAAAAA","TGGGAGGCCAAGGTGAGTGGATCACCTGAGGTCAGGAGTTCGAGACCAGCCTGGCTAACATGGTGAAACCCCATCTCTACTAAAAATACAAAAATTAGCTGGGCATGGTGGCGGGGGCCTGTAATCCCAGCTACTCAAGAGGCTGAGGCAGGAGAATCACTTGAACCCGGGAGGCGGAGGTTGCAGTGAGCCGAGATTGCGCCACTGCACTCCAGCCTGGGTGACAGAGTGAGACTCTGCCTCAAAAAAAAAAAAAAAATTAAAAGAAGAAA"
"chr1","139198444","139198728","KN295820v1","44201","44491","51","139154243","GGCTGGGAGTGGTGGCTCATGCCAGAACTTTGGGAGGCTGAGACGGGTGGATTACTTGAGGTCAGGAGTTCAAGACCAGCCTGGCCAATATGGCAAAACCCTGTCTCTACTAAAAATACAAAAAAAAAAAAAAAAAAAAAAATAGCTGGGGGTGGTGGCAGGCACCTGTAGTCCCAGTTACTCATGAGGCTGAGACAGGAGAATCACTTGAACCTGGGAGGCAGAGATTGCAGTGAGCCGAGATCATGCCACTGCACACCAGTCTGGGTGACAGAGCGAGACTCC","GGCTGGGTGTGGTGGCTCATGTCTGTAATCCCAGCACTTTGGGAAACCGAGGTGGGTGAATCACTTGAGGTCAGGAGTTCAAGACCAGCCTGGCCAACATGGTGAAACCCTGTCTCTACTAAAAAATAAAAAAAATAAAAAAAAAAAAATCAGCTGGCTGTGTTGGCAGGCACCTGTAATCCTAGCTACTTGGGAGGCTGAGGCAGGAGAATCACTTGAACCCAGGAGGCGGAGGTTGCTGTGAGCCAAGATCGTGCCACTGTGCTCCAGCCTGGGTTACAGAGTGAGACT"
"chr1","139722494","139722785","KN294182v1","794404","794699","42","138928090","GGCCGGGCGTGGTGACTCATACATGTAATCCCAGCACTTTGGAAGGCCAAGGGGGGCGGGTCACCTGAGGTCAGGAGTTCGAGATCAGTCTGGCCAACATGGTGAAACCCCGTCTCTACTAAAAATACAAAAATTAGCCCACCACCACAGTGGGCCCTGTAATCCCAGTTACTTGGAAGGCTGAGGCAGGAGAATGGCTTGAGCCCGGGACACAGAGGTTGCAGTGAGCCAAGATCTCACAACTGCACTCCAGCCTGGGCAACAGAGCAAGACTCTATAAAAAAAAAAAAAA","GGCCGGGCGCGGTGGCTCACTCCTGTAATCCCAGCCCTTTGGTAGGCCAAGGTGGGCGGATCACCTGAGGTCAGGAGTTCGAGAGCAGTCTGACCAACGTGGTGAAACCCCGTCTCTACTAAAAATACAAAAATTAGCCGGGCATGGTGGCAGGTGCCTGTAGTCCCAGCTACTTGGGAGGCTGAGGCAGGAGAATGGTGTGAACCCGGGAGGCAGAGGTTGCAGTGAGCCAAGATCGCACCACTGCACTCCAGCCTGGGCGGCAGAGCGAGACTCCGTTTCAAAAAAAAAAAAGA"
"chr1","179961607","179961919","KN295326v1","192748","193053","45","179768859","GGCCAAGCACAGTGGCTCATGCCTGTAATCCCAGCACTTTGGGAGGCCGAGGCAGGTGGATCACCGGAGGTCAGGAGTTCGAGACCAGCCTGGCCAACGTGGTGAAACCCTGTCTCAACTAAAAGTACAAAAATTAGCCAGGCATGGTGGTAAACGCGTGTAATCCCAGCTACTCAGGAGGCTGAGGCAGGAGAATTGCTTGAACCCGGGAGGCAGATGTTGCAGTGAGGTGAGATTGTGCCACTGTACTCCAGCCTACACGATGGAGCAAGACTCCAGTCCATCTCAAAAATATAAAAATAAAAATAAGAGA","GGCCGGGCACAGTGGCTCATGCCTGTAATCCCAGCACTTTGGGAGGCCAAGGCAGGCAGATCACCGGAGGTCAGGAGTTCGAGACCAGCCTGGCCAACATGGTGAAACCCCGTCTCTACTAAAAATACAAAAATTAGCCAGGCATGGTGGTGGATGCCTGTAATCCCAGCTATTCAGAAGGCTGAAGCCAGAGAATCGCCTGAACCTGGGAGGCAGAGGTTGCAGTGAGCCCAGATCGTGCCACTGCACTCCAGCCTGGGCAACAGAGCGAGACTCCATCTCAACAAAAAAAAAAAAAAAAAAAAA"
"chr1","212467582","212467900","KN294548v1","1324693","1325003","28","211142889","GGCTGGGCGCAAAGGCTCAAACCTGTAATCCCAGCACTTTGGGAGGCTGAGGCAGGCGAATCAACTGAGGTCAGGAGTTCAAAACCAGCCTGGCCAACATGGTGAAACCCTGTCTGTACTAAAAATACAAAAATTAGCTGGGCGTGATGATGGGTGCCTGTAATCCCAGCTACTCTGGAGGCTGAGGCAGGAGAATTGCTTGAACCTGGGAGGCAAAGGTTGCAGTGAGCTGAGATCGTGCCACTGCACTCCAGCCTGGGCAACAGTGCGAGACTCTGTCTCAAAAACAAACAAACAAACCAAACCAAAACAAAAAAAA","GGCTGGGCACAAAGGCTCAAACTTGTAATCCCAGCACTTTGGGAGGCTGAGGCAAGTGAATCACCTGAGGTCAGGAGTTCAAGACCAGCCTGGCCAACATGGTGAAATCCTGTTTCTACTAAAAATGCAAAAATTAGCTGGGCGTGGTGGTGGGTGCCTGTAATCCCAGCTACTCTGGAGGCTGAGGCGGGAGAATTGCTTGAACCTGGGAGGCAAATGTTGCAGTGAACTGAGATCGTGCAACTGCACACCAGCCTGGGCAACAGAGTGAGATTCTGTCTCAAAAACAAACAAACAAACAAACAAACAAA"
"chr1","214171491","214171793","KN296167v1","450049","450355","34","213721442","GGCTGGGTACGGCGGCTCACACTTGTAATCCCAGCACTTTGGGAGGCAGAGGCAGGCAGATCATAAGGTCGGGAGATCGAGACCAGCCTAACCAACATGGTGAAACCCCGTCTCTACTAAAAATACAAAAATTAGCTGGGTGTGGTGGCGGGTGCCTGTAATCCCAGCTACTTGGGAGGCTGAGGCAGGAGAATCACTTGAACCCGGGAGGCAGAGCTTGCAGTGAGCCGAGATCACACCACTGTACTCCAGCCTGGGCAACAGAGCGAGACTCCATCTCAAAAAAAAAAAAAAAAAAAAGAA","GGCTGGGCGCGGTGGCTCACACCTGTCATCCCAGCACTTTGGGAGGCTGAGGCGGGTGGATCACCTGAGGTCAGGAGTTCGAGACCAGCCTAGCCAACATGGTGAAATGCCATCTCTACTAAAAATACAAAAATTAGCTGGGCATGGTGGCGGGCGCCTGTAATCTCAGCTACTCGGGAGGCTGAGGCAGGAGAATCACTTGAACCTGGGAGGCAGAGGTTGCAGTGAGCTGAGATCGCACCTCTGCACTCCAGCCTGGGCAACAGAACGAGACTCTATCTCAAAAAAAAAAAAAAAAAAAAAAAAA"
"chr1","219283376","219283658","KN295692v1","2428705","2428988","36","216854671","GGCAAGGTGTGATGGCTCATGCCTATAATCCCAGCACTTTAGGAGGCCAAGGCAGGAGGATCACCTGAGGTCAGGAGTTCAAGACCAGCCTGGCCAACATAGTGAAACCCTGTCTCTACTAAAAATACAAAAATTAGCCATGCATGGTGGTGGGCAGCTGTAATCCTAGCTACTCAGGAGGCTGAGGTGGGAGAATTGCTTGAACCTGGGAGGCGGAAGTTGCAGTGAACCAAGATTGTGCCACTGCACTCCAGCCTGGGTGACAGAGCAAGACTCCATCTTA","GGCAGGGTGTGGTGGCTCATGCCTGTAATCCCAGCACTTTGGGAGGCCAAGGCAGGTGGATCCCCTGAGGTCAGGAGTTTGAGACCAGCCTAGTCAACAGGGTGAAACCCCGTCTCTACTAAAAATACAAAAAAATTCGCTGGGCATGGTGGCAGGCACCTGTAATCCCAGCTACTCAGGAGTCTGAGGGAAGAGAATTGCTTGAACCTGGGAGGCGGAGGTTGCAGTGAGCCGAGATTGAGCCACTGCACTCCAGCCTGGGTTACAGAACAAGACCCCATTTC"
"chr1","219676530","219676809","KN296138v1","452937","453216","43","219223593","GTAATCGCAGCACTTTGGGAGGCCAAAGCAGGTGGATCACCTGAGGTCAGGAGTTCAAGAACACCCTGGCCAATGTGATGAAACCCCCTGTCTACTAAAAATACAAAAATTAACAGGGCATGGTGGCGGGCGCCTGTAATCCCAGCTACTCGGGAGGCCAAGGCACAAGAATCGCTTGAACCGGGAGATGGAGGTTGCAGTGAGCCAAGATCGTGCCACTGCACTCCAGCCTGGGCAACAGAGCAAGACTTTGTCTGAAAAAAAATTTTAAAAAAACAAA","CTGTAATCCCAGCACTTTGGGAGGCCAAGGCGGGTGGATCACATGAGGTCAGGAGTTCAAGACCAGCCTGGCCAAGATGGTGAAACCCTGTCTCTACTAAAAATACAAAAATTAGCCGGATGTGGTGGCAGGCACCTGTAATCCCAGCTACTTGGGAGGCTGAGGCAGGAGAATCGCTTGAACCCAGGAGGTGGAGGTTGCAGTGAGCCAAGATCATGCCACTGCACTCTAGCCTGGGCAACAGGAGCAAGACTCCTCAAAAAAATAAAATAAAAATAAA"
"chr1","155737","155976","KN295835v1","199186","199432","50","43449","CCAAGTGCAGTGACACACCCATAATCCCAAGCACTTTGGGAGGCTGAGGCAGGTGAATCTCCTGAAGTCAGGAGTTCAAGGCCAGCCTGGCCAACATGGTGAAACCCCAACTCTACTACAAATACAAAAATTAGGCAGGCGTGGTGGCAGAGGCCTGTAATCCCAGCTACTTAGGAGGCTGAGGCAGGGAGAATTGCTTGAACCCAGGAGGTGAGCTTGCCATGAGCTGAGATCATACCA","GACCGGGTGCAGTGGCTCACGCCTGTAATCCCAACACTTTGGGAGGCTGAGGCGGGCAGATCACCTGAGGTCAGGAGTTTGAGACCAGCCTGGCCAACATAGCGAAATCCCATCTCTACTGAAAATACAAAAATTAGCCGGATGTGGTGGCAGGTGCCCATAATCGCAGCTACTCGGGAGGCTGAGGCAGAGAGAATTGCTTGAACCCGGGAGGTGGGGTTGCAGTGAGCCGAGATTTCCCCCACAC"
"chr1","857193","857475","KN295371v1","448057","448341","34","409136","GCCAGGCGCGGTGGCTCACGCCTGTAATCCCAGCACTTTGGGAGGCTGAGGCAGGTGGATCACCTGAGGTCAGGAGTTCAAGACCAGCCTGGCCAACGTGGCAAAACCCCATCTCTACTAAAATACCAAAATTAGCTGGGTGTGGTGGTGGGCGCCTGTAAACCCAGCTCCTTGGGAGGCTGAGGCTGGAGAATCGCTTGAGCCCAGGAGATGGAGATTGCAGTAAGCCGAGATCGCACCATTGCACTCCAGCCTGAGCAACACAGCGAGACTCCATCTCAAA","GGCCAGGCACGGTGGCTCATGCCTGTAATCCCAGCACTTTGGGAGGCTGAGGCAGGTGGATCACCTGAGGTCAGGAGTTCGAGACCAGCCTGGTCAACATGGCGAAACCCTATCTCTACTAAAAATACAAAAATTAGCCGGGTGTGGTGGTAGGTGCCTGTAATCCCAGCTACATGGGATGCTGAGGCAGGAGAATTGCTTGAACCCAGGAGCCAGAGGTTGCAGTGAGCCGAGATCATGCCACTGCACTCCAGCCTGGGTGACAGAGCGAGACTCCGTCTCAAA"
"chr1","897986","898282","KN295586v1","2562750","2563045","44","1664764","CACAGTGGCTCACACCTGTAATCCTAGCACTTTGGGAGGCCGAGGCAGGCAGATCACTTGAGGTCAGGAGTTTGAGACCAGCCTGGCCAACATGGTAAAACCCCGTCCCTACTAAAAATACAAAAATTAGCCAGGTGTGGTGTCAGGCACCTGTAATCCCAGCTACTCGGGAAGCTGAGGTGGAACAATCACTTGAACCCGGGGGGTGGAGGTTGCAGTGAGCCAAGATCTCACCGCTTCATTCCAGCCTGGGCAACAGAGTGAGGCTCTGTCTCAAATAAAATAAAATGGACAAAA","GACACAGTGGCTCATGCCTCTAACCCCAGCATTTTGGGAGGCCAAGGAAGGCAGATCACCTGAGATCAGGAGTTCGAGACCAGCCTCGCCAACATGGCAAAACCCCGTCTCTACTAAAAATACAAAAATTAGCCAGGCGTGGTGGCGGGCGCCTGTAATCCCAGCTACTTGGGAGGCTGAGGCAGGAGAATTACTTGAACCTGGGAGGCAGAGGTTGCAGTGAGCCGAGATCTCACCACTGCACTCCAGCCTGGGCGACAGAGCGACTCTGTCTCAAAAAAAAAAAAGAGAAAAAA"
"chr1","899071","899375","KN294571v1","1575904","1576204","38","676833","GACTGGGCGCGGCGGCTCAGGCCTGTAATCCCAGCACTTTGGGAGGCTGAGGTGGGCGGATCACCTGAGGTCAGGAGTTCGAGACCAATCTGGCCAACATGGTGAAACTCCATCTTTACCAAAAATACAAAAATTATCCGGGTGTGTTCATGGGTGCCTGTAGTCTCAGCTACTCAGAAGGCTGAGGCAGGAGAATCACTTGAACCCGGGAGGCGGAGGTTGCAGTGAGCTGAGATCATGCCACTGCACTCCAGCCTGGGCAACGGAGCAAGACACCATCTCAAAAAAAGACAAGAAAAGACAAA","GGCCGGGCGCTGTGGCTCACGCCTGTAATCCCAGCACTTTGGGAGGCCGAGGTGGGCGGATCACCTGAGGTCAGGAGTTCGAGACCAACCTGGCCAACATGGTGAAACCCCATCTCTACTGAAAATACAAAAATTATCTGGGCGTGGTGTCAGGCGCCTGTAATCCCAGCTACTCGGGAGGCTGAGGCAGGAGAATCGCTTGAACCCGGGAGGTGGAGGTTGCAGTGAGCCGAGATCATGCCATTTCACTCCAGCCTGGGCGACAGAGGGAGACTCTGTCTCAAAAAAAGAAAAAAAGAAA"
"chr1","913466","913744","KN296747v1","33558","33844","39","879908","GGCACAGTGGCTTGCACCTGCCATCCCAGCCCTTTGGGAGGCCAGGGTGGGTGGATCACCTGAGGTCAGGAGTTGGAGACCAGCCTGGCCAACATGGTGAAACCCCGTCTCTACTGAAAATACAAAGATTAGCTGGGTGTGGTGGTGAGCATCTGTAATCCCAGCTACTCAGGAGGCTGAGGCAGGAGAATCACTTGAACCCGGGAGGCAGAGGTTGCAGTGAGCCGAGGTTGCACAACTGCACTCCAGGCTGGCAACAGAGCAAGACTCCGTCTCAAA","GGCTGGGCACAGTGGCTCACGAGCCTGTAATCCCCCCTCTTTGGGAGGCCCAGGCGGGTGGATCATTTGAGGTCAGGAGTTTGAGACCAGCCTGGCCAATATGGTGAAACCCCGTCTCTACTAAATATACAAAAATTAGCTGGGCGTGGTTGCAGGCACCTGTAATCCCAGCTACTCAGGAGGCTGAGGCAGGATAATCGCTTGAATCCGGGAGGCAGAGGTTGCAGTGAGCCGAGATCGCGCCACTGCACTCCAGGCTGGCGACAGAGCAAGACTCCGTCTCAAAA"
"chr1","924448","924754","KN294790v1","2771318","2771623","42","1846870","GGCCGGGTGCGGGGGCTCACACTTGTAACCCTAGCACTTTGGAAGGCTGAAGCGGGCGGATCATGAGGTCAGGAATTCGAGACCAGCCTGGCCAATACAGTGAAACGCTGTCTCTGCTAAAAACACAAAAAAAAGTTAGCTGGGCGAGGTGGTGGGCACCATTAATCCCAACTACTCGGGAGGCTGAGGCAGGAGAATCGCTTGAACCCGGGAGGCGGAGGTTGCAGTGAGCCGAGATGGCGCCACTGCACTCCAGCCTGAGCGACAGAGTGAGACTCTATCTCAAAAAAAAAAAAAAAAAAAAAAA","GCCGGGCACGGTGGCTCACGCTTGTAATCCTAGCACTTTGGGAGGCTGAGGCGGGCGGATCACCTGAGGTCAGGAGTTCGAGACCAGCCTGACCAACACGGTGAAACCCCGCCTCTACTAAAAACACAAAAATTAGCTGGGCCTGGTGGCCGGCACCTGTAGTCCCAGCTACACGGGAGGCTGAGGCAGGAGAATCGCTTGAACCTGGGAGGCGGAGGTTGTAGTGAGCCGAGATGGCGCCACTGCACTCCAGCCTGGGCGACAGAGTAAGACTGTCTCAAAAAACAAAACAAACAAAAAAAAAAA"
"chr1","962523","962827","KN296547v1","922142","922450","36","40381","GGCCAGGTGCACTGGCTCACACCTGTAATCTTAGCACTTTGGGAGGCCGAGGCGGGTGGATCACCTGAGGTCAGGAGTTCAAGACGAGCCTGGCCAACATGGTGAAACCCTGTCTCTCCTAAAATACAAAAACTGGCTGGGCATGATGGTGGGTGCCTGTAGTCCCAGCTACTCCGGAGGCTGAGACGGAAGAATTGCTTGAACCCAGGAGACGGTGGTTGCAGTGAGCCGAGATCACGCCATTGCACTCCAGCCTCAGTGGCTGAACGAGACTCCGTCTCAAAAAAAAAAAAGAAAAAAGAAAA","GGCCAGGTGCGGTGGCTCACCCCTGTAATCCTAGCACTTTGGGAGGCTGAAGCAGGCGGATCACCTGAGGTCAGGAGTTCAAGACCAGCCTGGCCAACATGGTGAAACCCTGTCTCTACTAAAATACAAAAATTAGCTGGGCATGATGGCGGGTGCCTGTAGTCCCAGCTACTTGGGAGGCTGAGATGGGAGAATCACTTGAACCCGGGAGACGGAGGTTGCAGTTAGCCGAGATCGTGCCATTGCATTCCAGCCTGGGTGGCTGAGAGAGACTCCGTCTCAAAAAAACAAAACAAACAAACAAACAAA"
"chr1","962860","963160","KN295301v1","716124","716425","42","246736","GGCTGGGCACATTGGCTCATGCCTATAATCCCAGCACTTTGGGAGGCTGAGGCAGGCGGATCACCTGAGGTCAGGAGTTCAACACCAGACTGGCCAACATGGTGAAACCCTGTATCTACTAAAAACACAAACATCTGGGCGTGGTGGCAGGTATCTGTAATCCCAATTACTCGGGAGGCTGAGGCACGAGAATCGCTTGAACCCGGGAGGCGGAGGTTGCAGTGAGCCGCGATTGCACCACCGCACTCCAGCGTGGGCGACAGAGCGCGACTCCGTTTCAAAAAAAAAATGAAAAAGAAAA","GGCTGGGTGCAGTGGCTCATGCCTATAATCCCAGCACTTTGGGAGACTGAGGCGGGTGGATCACCTGAGGTCAGGAGTTCAAGACCAGCCTGGCCAACATGGTGAAAGCCCATCTCTACTAAAAATACAAAAATTAGCTGGGCATGGTGGCGGGTGCCTGTAATCCCAGCTACTCTGGAGGCTGAGGCAGGAGAATCACTTGAACCTGGGAGGCGGAGGGTGCAGTGAGCCGAGATCTCGCCACTGCATTCCAGCTTGGACGACAGAGCGAGACTCCATCTCAAAAAAAAAAAAAAAAAAAA"
"chr1","1013365","1013628","KN294407v1","165537","165802","55","847828","GGCCAAGCACAGTGGCTCATGCCTGTAATCCCAGCACCTTGAGAGGCTGAGGTAGGTGGCTCACCTGAGGTCAGTTCAAGACAAGCCTGGCCAACATAGCGAAACCCTGTCTCTACTAAAAAAAAAAAAAAAAAAAAAAAATTGCCAGGCGTAGTGGTGGGCGCCTGTAGTCCCAGCTACTCAGGAGGCTGAGGCAGGAAAATCACTTGAACCTGGGAGGCAGAAGTTGCCGTGAGACGAGATCTTGCCACTGAACTCCACCCT","GGCAGGGCACAGTGGCTCATGCTTGTAATCCCAGCACTTTGGGAGACCAAGGCAGGCAGATCACCTAAGGTCAAGAGTTCAAGACCAGCCTGGTCAACATGGCGAAACCCCGTCTCTACTAAAAATACAAAACAAAACAAAAAAATTAGCCAGGAGTGATGGCGGGCACCTGCAGTCCCAGCTCCTTGGGAGGCTGAGGCAGGAAAATGGCTTGAACCCAGGAGGCAGAGGTTGCAGTGAGCCGAGATCGCATTCCAGTCTGGGTG"
"chr1","1013921","1014193","KN296036v1","300943","301205","46","712978","GGCTGGGGGTGGTGGCTCACGCCTGTAATCCCAGCACTTTGGGAGGCTGAGGTAGGTGGATCACCTGCGGTCAGGAGTTCAAGACAAGCCTGACCAACATGGTGAAACCCTGTCTCTACTAAAAATACAAACAGCAACAACAAAAATTTAGCAGGGCTTGGTGGTGGGCTCCTGTAATCCCAGCTACTCAGGAGGCTGAGGCAAAGAATCACTTGAGCCCAGGAGGCAGAGGCTGCAGTGAGCCCAGATCATGCCACTGCACTCCAGCCTGGG","GGCTGGGCATGGTGGCTCACACCTGTAATCCCAGCACTCTGGGAGGCCGAGGTAGGTGGATCACCTGAGGTCAGGAGTTTGAGACCAGCCTGGCCAACATGGTGAAACCCCATCTCTACTAAAAGTACAAAAATTAGCTGGGCATGGTGGCAGGCGACTGTGATCCCAACTACTCGGGAGGCTGAGGCAGGAGAATCACTTGAACCCAGGAGACAGAGGTTGCAATGAGCCAAGATCATGCCACTGCACTCCAGCCTGGGTGA"
"chr1","1024129","1024429","KN296424v1","51364","51665","34","972765","GGGTGCGGTGGCTCACGCCTGTGATCCCAGCACTTTGGGAGGCTGAGGTGGGCGGATCATCTAAGGCTGGGGGTTCGAGACCAGCCTGACCAAAATGCAGAAACCCCTTCTCTACTAAAATACAAAAAATTAGCCGGTCGTGGTGGCAGGCACCTGTAGTCCCAGCTACTCGGGAGGCTGAGGCAGGAGAATGACGTGAACCCGGGAGGCAGAGCTTGCAGTGAGCCGAGATTGTGCCACTGCACTCCAGCCTGGGCGACAGAGACAGACTCCGTCTCAAAAAAAAAAAAAAAAAAAAAAA","CCAGGCGTGGTGGCTCACACCTGTAATCCCAGCACTTTGGGAGGCCAAGGCAGGCAGATCACCTGAGGTTGGGAGTTCGAGACCAGCCTGACCAACATGGAGAAACCCTGTCACTACTAAAAACACAAAATTAGCTGGGCGTGGTGGTGGGCGCCTGTCGTCCCAGCTACTCGGGAGGCTGAGGCAGGAGAATGGCGTGAACCCGGGAGGCAGAGCTTGCAGTGAGCTGAGATTGTGCCACTGCACTCCAGCCTGGGCGACAGAGCAAGACTCCATCTCAAAAAAAAAAAAAAAAAAAAAAA"
"chr1","1031528","1031834","KN296849v1","69962","70263","39","961566","GGCCTGGCGCAGTAACTCACACCTGTAATCCCAGAACTTTGGGAGGCTAAGACAGGTGGATTCCTTGAGATCAGGAGTTTGAGACCAGCCTGCTGATCATGGCAAAACCTCCTCTCCACCAAAAATCCAAAAATTAGCCAGGTGTGGTGGCAGGCGCCTGCAATTCCAGCTACTTGTGAAGCTGAGGCAGGATAATTGCTTGAACCCAGGAGGTAGAGGTTGCAGTGAGCAGAGATCATGCCACTACACTCCAGCCTGGGTGACAGAGCGAGACTCTGTATTTAAAAAAAAAAAAGAGAAAAAATAA","GGCCCAGCACAGTAACTCACACTTGTAATCTCAGAACTTTGGGAGGCTGAGACTGGTGGATTACTTGAGGTCAGGAGTTTGAGACCAGCCTGGAGATCATGCCAAAACACTGTCTCTACTAAAAATGCAAAAATTAGCTATGTGTGGTCGTGGGCGCCTGCAATTCCAGCTACTTGGGAGGCTGAGGCAGGAGAATTGCTTGAACCCAGGAGATGGAGGTTACAGTGAGCAGAGATCCTGCCACTACACTCCAGCCTGGGTGACAGAGCGAGACTCTGTATCAAAAAAAATAAAAATAGAAA"
"chr1","1033825","1034100","KN296849v1","116950","117234","46","916875","GGCCAGGCACGGTGGCTCACAATGTAATCCCAGCACATTGGGAGGCTGAGGTCAAGAGTTGGAGGCCAGCCTATCCAACATGGCAAACCCCAACTCTACTAAAAATACTAAAATTAGCTGGGCATGGTGGTGGGTTCCTGTAATCCCAGCTACTTGTGAGGTTGAGGCAGGAGAATAATTTGAACCCGGGAAGCAGAGGTTGCAGTGAGGTGACATCACACCACTGCACTCCAGCCTGGGCGACAGAGGGAGACTTGGTCTCAAAAAAAAAAAAAA","GGCTGGGCACAGTGGCTCATAACATAATCCCAGCACATTGGAAGGCTGAGGTCAAGAGTTTGAGACCAGCCTGTCCAACATGGTAAAAACCCCGACTCTACTAAAAATGCAAAAATTAGCTGGGCATGGTGGCAGGTTCCTGTAATCCCAGCTACTTGCGAGGTTGAGGCAGGAGAACTGTTTGAACTGGGAAAGTGGAGGTTGCAGTGAGCCAAGATCGCACCACTGCACTCCAGCCTGGGCAAAAGAGGAAGACTTCACCTAAAAAAAAAAAAAAAAAAAAAA"
"chr1","1074413","1074722","KN296948v1","1303070","1303379","38","228657","GGCTGGACGCGTTGGCTCATGCCTGTAATCCCAGCACTTTGGGAGGCCGAGGCGGGAGAATCACCTGAGGTCAGGAGTTTGAGACCATCCTGGCCAACATGGTGAAACCTTGTCTCTACTAAAAATGCAAAAATTAGCCAGATGTGGTGGCAGGCACCTGTAATCCCAGCTTCTCAGGAGGCTGAGGCAGAAGAATCACTTGGACCCAGGAGGCGGAGGTTGCAGTGAGCCGAGATTGCACCGCTGCACTCCAACCTGGGTGACAGAGCCAGACTCTGTCAAAAAAAAAAAAAGAAAAAGAAGGAAGGAA","GGCTGGGCACGGTGGCTCACGCCTATAATCCCAGCACTTTGGGAGGCCGAGGCTGGTGGATCACCTGAGGTCAGGAGTTCAAGACCAGCCTGGCCAACATGGTGAAACCCTGTCTCTACTAAAAATAAAAAACTTAGCCAGGTGTGGTGGCAGGCACCTATAATCCCAGCTACTCGGGATACTGAGGCAGAAGAATCCCTTGAACCCGGGAGGTAGAGGTTGCAGTGAGCTGAGATTGTACCACTGCACTCCAGCCTGGGTGACAGAGCAAGGCTCTGTCAAAAAACAAAAAAAAGAAAAAGACAAAGAA"
"chr1","1093053","1093162","KN294456v1","895120","895228","9","197933","GGCCAGGCGCAGTGACTCACGCCTGTAATCCCAGCACTTTGGGAGGCCGAGGCGGGCGGATCACCTGAGGTCAGGAGTTCGAGAGCAGCCTGGCCAACATGATGAAACCC","GGCCAGGCGCGGTGGCTCACGCCTGTAATCCCAGCACTTTGGGGGCCAAGGCGGACAGATCACCTGAGGTCAGGAGCTCAAGAGCAGCCTGGCCAACATGGTGAAACCC"
"chr1","1093293","1093456","KN294598v1","109238","109402","28","984055","GCTGGGCACTGTGGCGGGCACCTGTAATCCCAGCTACTCGGGAGGCTGAGGCAGGAGAATTGCTTGATCCTGGGAGGCGGCAGTTGCAGTGAGCCGAGACCGTACCATTGCACTCCAGCCTGGGCAAAAGAGTGAGACTCCGTATACTGAAAAAAAAAAAGAGA","GCAGCTGGGCATGGTGGCAGGCGCCTGTAATCCCAGCTACTCAGGAGGCTGAGACAGGAGAACTGCTTGAACCTGGGAGGCAGAGGTTGCAGTCAGCCGAGATCGCACCATTGCACTCCAGCCTGGGCAACAGAGCAAGACTCTGTCTCTAAATAAATAAATAAA"
"chr1","1107164","1107470","KN296153v1","2365186","2365493","39","1258022","GCCAGGTGCGGTGACTCACGCCTGTAATCCCAGCACTTTGGGAGGCCATGGTTGGTAGACCACCTGAGGTCAGGAGTTCAAGACCAGCCTGACCAATATGGTGAAACCCCATCTCTACTAAAAATATGAAAATTAGCCAGGCATGGTGGTGGGTGCTTGTAGTCTCAGCTACTTGGGAGGCTGAGAGAGAAGAATTGCTTGAACCCGGGAGGTGGAGGTAGCTGTGAGCCAAGATCGTGCCATTGCACTCTAGCCTGGGCAACAGAGCAAGACTCCATCTCAAAAAATAAAAATAAAAAAATAAAAA","GGCCAGGCGCGGTGGCTCACGCCTGTAATCCCAGCACTTTGGGAGGCCGAGGTGGGCAGATCACCTGAGGTCAGGAGTTCAAGACCAGCCTGACCAATATGATGAAACCCTGTCTCTACTAAAATTACAAAAATTAGCCAGGCGTGGTGGTGGGTGCCTGTAGTCCCAGCTACTCGAGAGGCTGAGAAAGGAGACTCACTTGAACCCGGGATGTGCGGGTTGCAGTGAGCCGAGATCGCGCCACTGCACTCCAACCTGGGCGACAGAGCGAGACTCCATCTCAAAAAAAAAAAAAAAAAAAAAAAAAA"
"chr1","1108228","1108524","KN294561v1","1084406","1084703","31","23822","GGCTGGGTGCGGTGGCTCACACCTGTAATCCCAGCACTTTGAGACGCTGAGGTGGGCAGATCGCCTGAGGTCAGGAGTTCAAGATCAGCCTGGCCAACACAGTGAAACCTGGTCTCTGCTAAAAATACAAAAATTAGCCGAGTGTGGTGGTGGGTGCCTGTAATCCCATCTACTAGGGAGGCTGAGGCAGGAGAATCACTTGAACCTGGGAGGCGAGGCTGCAGTGAGCCGAGATTGCCCCACTGCACTCCAGCCTGGGCAACAGAACGAGACTCTGTCTCAAAAAAAAAAAAAAAA","GGGCGGGTGCGGTGGCTCACACCTGTAATCCTAGCACTTTGGGAGGCCGAGGAGGGCAGATCACCTGAGATCAGGAGTTCGAGACCAGCCTGGCCAACATGGTGAAACCCCATCTCTACTAAAAATACAAAAATTAGCCGGGTGTGGTGGCTGGTGCCTGTAATCCCAGCTACTTGGGAGGCTGAGGCAGGAGAATTGCTGGAACCTGGGAGGCAGAGGCTGCAGTGAGCCGAGATTGTACCACTGCACTCCAGCCTGGGCAACAGAGCAAGACTCTGTCTCAAAAAAAAAGAAAAAA"
"chr1","1134977","1135277","KN294790v1","163386","163690","44","971591","GGCCAGGCGTGGTGGCTCACACCTGGAATCCCAGTACTCCAGGGCGCCGAGGCAGGTGGATCACTTGAGGTCAGGAGTTCAAGACCAGCTTAGCCAACGTGGTGAAACCCTGTCTCTAATAAAATACAAAAATTAGCCGGGTGTGGTGCTGGGCGCCTGTAGTCCCAGCTACTTGGGAGGCTGAGGCAGGAGAATGGCATGAACCCGGGAGGCAGAGGTTGGTGAGCTGAGATCACGCCACTGTACTCCAGCCTCGGTGACAGAGCAAGACTCCGGCAAAAAAAAAAGAAAGAAAAAACAA","GGCCGGGCGTGGTGGCTCACACCTGTAATCTCAGCACTTTAGGAGGCTGAGGCAGGCAGATCACTTGAGGTCAGGAGTTCGAGACCAGCCTGGCCAACATGGAGAAACCCCCGTCTCTACTAAAAATACAAAAATTAGCCAGGCATGGTGGTGGGCACCTGTAATCCCAGCTACTAGGGAGGCTGAGGCAGGAGAATCGCTTGAACCCAGGAGGCAGAGGTTGCAGTGAGCTGAGATCACGTCACTGCACTCCAGCCTGGGTGACAGAGTGAGACTCTGTCTCAAAAAAAAAAAACAAAAAAAAA"
"chr1","1139771","1140067","KN296263v1","1227686","1227986","37","87915","GGCCAGGCACGGTGGCTCCCGCCTGTAATCCCAGCACTTTGGGAGGCCAAGGCGGGTGGATCACCTGAGGTCAGGAGTTCAAGACCAGTCTGGCCAACATGGCGAAATCCCGTCTCTACTAAAACTACAAAAATTATTCGGGCGTGGTGGCGGGCGCCGGTAATCCCAGCTAGTCGGGAGGCTGAGGTAGCAGAATCACTCGAACCCAGGAGACAGAGGTTGCAAAGCAGAGATCGTGCCACTGCACTCCAGCCTGGGCGACAAAGCGAGACTCCATCTCAAAAAAAAAAAAAAAGA","GGCTAAGCACGGTGGCTCACGCCTGTAATCCCAGCACTTGGGGAGGCCTAGGCGGTTGGATCACCTGAGGTCAGGAGTTCAAGACCAGTCTGGCCAACATGGTGAAACCCCGTCTCTACTAAAAAAAATACAAAAAATTAGCCAGGCGTGGTGGCGGGCACCTGTAATTCTAGCTACTAGGGAGGCTGAGGTAGGAGAATCGCTTGAACCCAGGAGGCGGAGGTTGCAGTGAGCTCAGATCACGCCACTGCACTCCAGCCTGGGCGACAGAGCGAGACTCCATCTCAAAAAAAAAAAAAAA"
"chr1","1156129","1156425","KN294539v1","1287945","1288241","41","131816","GGCCGGGTGCATGGCTCACGCCTATAGTCCCAGCACTTTGGGAGGCCGAGGCAGGAGGATCACTTCAGGTCAGGAGTTAGAGACCAGCCTGGCCAACATGGCAAAACCCCATCTCTACTAAAAATACAGATTAGTGGAGAGTGGAGGTGGGTGCCTGTAATCTGAGCTAACTGGGAGGCCGAGGCAGGAGAATCACTTGAACCTGGGAGGTGGAGGTTGCAGTGAGCCGAGACTGCACCACTGCACTCCAGCCTGGGCGACAGAGTGAGACTCTGTCTCGGAAAAAAAAAAAAAAAA","GGCCGGATGCAGTGGCTCACGCCTGTAATCCCAGCACTTTGGGAGGCCGAGGCGGGCAGATCACCTGAGGTCAGGAGTTCGAGACCAGCTTGGCCAACATGGCAAAACCCCATCTCTACTAAAAATACAAAAATTAGCCAGGTGTGGTGGCAGGCGCCTGTAATCCCAGCTACTTGGGAGGCTGAGGCAGGAGAATCACTTGAACCCAGGAGGTGGAAGTTGCAGTGAGCTGAGATTGTGCCACTGCACTCCAGCCTAGGCAACAGAGCGAGACTCTGTCTCAAAAAAAAAAAAAAA"
"chr1","1225857","1226052","KN296495v1","510488","510677","27","715369","CCCCGTCTCTACTAAAAATACAAAATTAGCCAGATGTGGTGGTGGGCGCCTGTAATCCCAGCTACTCGGGAGGCTGAGGCAGGAGAACTGCTTGAACCCGGGAGGCGGAGGTTGCAGTGAGCCGAGATCGCGCCACTGCACTCCAGCCTGGGCGACAGAGCGAGACTGTGTCTCAAAAATAAATAAATAAATAAAA","CCCTGTCTCTACTAAAAATGCAAAATTAGCCGGGCATGGTGGCAGGCACCTGTAATTCAAGCTACTTGGGAGGCTGAGGCAGGAGAATCTCTTGAACCCAGGAGGTGGAGGTTGCAGTGAGCTGAGATCGTGCCACTGCACTCCAGCCTGGGCGACAGCGAGACTCCTTCTCAAAAAATAAAAAATAAAA"
"chr1","1270605","1270910","KN294729v1","3196","3497","25","1267409","GCCAGGCAAGATGGTTCACGCCTGTAATCCCAGCACTTTGGGAGGCCAAGGTGGGCAGATCACCTGAGGTCAGGAGTTCAAGACCATCCTGGCCAACATGGTGAAACCCTGTCTCTACTAAAAATACAAAAAATTAGCCAGGCGTGGTGGCAGGTGCCTGTAGTCCCAGCTACTTGGGAGGCTGAGGCAAGAGAATTACTTGAACCCGGGAGGTGGAGGTTGCAGTGAGCCGAGATCGTGCCGTTGCATTCCAGCCTGGGAAACAGAGTGAGACTCCATCTCAAAAAAAAAAAAAAAAAAAAAAAA","GCCAGGCAAGGTGGTTCATGCCTGTAATCCCAGCACTTTGGGAGGCTGAGGTGGGCAGACCACCTGAGATCAGGAGTTCAAGACCGTCCTGGTCAACATAGTGAAACCCAGTCTCTACTAAAAATACAAAAAATTAGCCAGGCGTGGTGGTGGGCGCCTGTAATCCCAGCTACTTGGGAGGCTGAGGCAAGAGAATTACTTGAACCCGGGAGGTGGAGGTTGCAGTGAGTCGAGATCATGCCATTGCACTCCAGCCTGGGAAACAGAGTGAGACTCCGTCTCAAAAAAATAAAAAATAAAAA"
"chr1","1280959","1281252","KN294842v1","443862","444152","42","837097","GCCGGGCGCAGGGGCTCACGCCTGTAATCGCAGCACTTTGGGAGGCCGAGGCAGACAGATCACTTGAGGTCAGGAAATCGAGACCATCCTGGCCAACATGGTGAAACCCTGTCTGTAACAAAAATACAAAAATTAGCCGGGCTTGGTGGCGGGCACCTGTAATCCCAGCTATTCAGGAGGCTGAGGCAGGACAATCACTGGAACCTGGGAGGGAGAGGTTGCAGTGAGCTGAGATCGCACCACTGCACTCCAGCCTGGGTGATGGAATGGGACTCTTCCTCAAAAAAAAAAAAA","CCAGGCGCGGTGGCTCATGCCTGTAATCCCAGCACTTTGGGAAGCTGAGGCGAGCAGATCTCCTGAGGTCAGGAGTTCGAGACCACCCTGGCCAACATGGTGAAACCCCGTCTGTACTAAAAATACATAAATTAGCCGGACTTGGTGGCAGGCACCTGTAATCCCAGCTATTCGGGAGGCTGAGGCAGGAGAATCGCTGGAATCTGGGAGGCAAAGGTTGCAGTGAGCCAAGATCGCGCCACTGCATTCCAGCCTGAGCGACAGAGCGAGACTCCATCTAAAAAAAAAAAA"
"chr1","1283949","1284249","KN295405v1","69847","70144","41","1214102","GGCTGGGCGCGGTGGCTCAGGCCTGTAATCCCAGCACTTTGAGAGGCCGAGGCTGGTGGATCACCTGAGGTCAGGAGTTCGAGACCAGCATGGCCAACATGGTGAAACCCCGTCTCTACTAAAACTACAAAAATTAGCCTAGCGTGGTGGCAGGCGCCTGTAATCCCAGCTACTCGGGAGGCTGAGGCAAGAGAGTCGCCTGCGCCCAGGAGGCAGAGGTTGCGGTGAGCCGAGATCGCACCACTGCACTCCAGTCTGGGTGACATAGATCCTGTCTCAAAAATAAATAAATAAAATAAAA","GGCTGGGCGCGGTGGCTCACATCTGTAATCCCAGCACTTTGGGAGGCCAAGGCGGGTGGATCACCTGAGGTCAGGAGTTCGAAACCAGCCTGGCCAACATGGTGAAACCTTTTCTCTACTAAAAATACAAAAATTAGCCGGGCGTGGTGGCAGGCACCTGTAATCCCAGCTACTCGAGAGGCTGAGGCAGGAGAATTGCTTGAACCTGGGAAGCGGAGGTTGCGGTGAACCGAGATTACGCCACTGCACTCCAGCCTGGGCAACAGAGAGACTCGTCTCAAATAAATAAATAAATAAA"
"chr1","1297780","1297956","KN295236v1","224307","224480","32","1073473","ACACACAAATTACCTGAGCGTGGTGGTGGGCGCCTGTAATCCCAGCTACTTGGGAGGGTGAGGCACAAGAATCACCAGCATCTGGTAGGCGGAGCTTGCAGTGATCCCAGATAGCGCCACTGCACTCCAGGCTGGGCAACAGAGTAAGACTCCGTCTCAGAAAAAAAAAAAAAAAAA","CAAAAATTAGCCGGGTGTGGTGGTGGGCACCTGTAATCCCAGCTACTAGAGAGCTGAGGCACAAGAATTGCTTGAATCCAGGAGGCGGGGGTTGCAGTGAGCCAAGATCGCCCCAATGCACTCCAGCCTGGGCAACAGAGGAAGACTCCATCTCAAAAAAAAATAAAAAAAAAA"
"chr1","1312655","1312943","KN296225v1","765260","765548","56","547395","GGCTGGGTGCGGTGGCTCACACTTGTAATCCCAGTATGTTGAGAGGCAGAGGCGGGCTGATCACCTGACGTCAGGAGTTCGACACCAGCCTGGCCAATGTGGTAAAACTCTGTCTCTTCAAAATACAAAATTAGCCAGGCGTGGTGGTGGCATGCGCCTGTATGCTACTCGGGAGGCTGAGGCAGGAGATTGGCTTGAATCCAGAAGGCAGAAGTTGCAGTGGGCTGAGATCACACCAGTGTACTCCAGCCTGGGCGAGTGTGTGACTGTGTCTCAACAACAACAAAAA","GGCTGGGTGCAGTGGCTCACGCCTGTAATCCCAACACTTTGGGAGGCTGAGGCGGGTGGATCACCTGAGGTCGGGAGTTTGAGACCAGCCTGGCCAACATGGCAAAACCCTGTCTCTACCAAAAACACAAAAATTGGCCGGGCGTGATGGTGGGCGCCTGTAATCCCAGCTACTTGGGAGGCTGAGGCAGGAGAATCGCTTGAACTGGGAGGCAGAGGTTGCAGTGAGCTGAGATCACACCACTGCACTCCAGCCTGTGACAGAGTGAGACTCTGTCTAAAAAAAAAAA"
"chr1","1315916","1316204","KN294806v1","656298","656589","60","659618","GGCTGGGTGCGGTGGCTCACACTTGTAATCCCAGTATGTTGAGAGGCAGAGGCGGGCTAATCACCTGACGTCAGGAGTTCGACACCAGCCCTGCCAATGTGGTAAAACTCTCTCTCTTCAAAATACAAAATTAGCCAGGCGTGGTGGTGGCATGCGCCTGTATGCTACTCGGGAGGCTGAGGCAGGAGATTGGCTTGAATCCAGAAGGCAGAAGTTGCAGTGGGCTGAGATCACACCAGTGTACTCCAGCCTGGGCGAGTGTGTGACTGTGTCTCAACAACAACAAAAA","GGCTGGGTGGGGTGGCTCATGCCTGTAATCCCAGCACTTTGGGAGGCTGAGGCGGGCGAATCACTTGATGTCAGGAGTTCGACACTAGCCTGGTCAACATGGTAAAACTCCGTCTCTACTAAAAATACAAAAATTAGCTGGGCATGGTGGTGGGCGCCTGTAATCCCATCTACTAGGGAGGCTGAGGCAGGAGAATCGCTTGAACCCAGGAGTTAGAAATTGCAGTGAGCTGAGATCAGGCCACTGCACTCCACCGTGGACGACAGAGCGACTCTGTCTCAAAAAAAAAAAA"
"chr1","1317077","1317361","KN294976v1","415425","415700","44","901652","GGCTGGGCAGGGTGGCTCACGCCAGTGATCCCAGCACTTTGGGAGGCTGAGGTGGGCAGGAGATGGAGACTAGCCTGGCCAACGTGGCGAAACCCTGTCTCTACTAAAAATACAAAAATTAGCCAGGCGTGGTGGCGGGCACCTAGAATTCCAGCTACTCTGGAGGCTGAGGCAGCAGAATTGCTTGAATTTGGGAGGCAGAGGCTGCAGTGAGCCGAGATCATGCCACTGCACTCCAGCCTGGGCAACAGAGCAAGACTCCATCTCTAAAAGTAAGTAAATAAA","GGCTGGGCATGGTGGCTCATGCCTGTAATCCCAGCACTTTGGGACGCCTGAAGTCAGGAGTTTGAGACCAGCCTGGCCAACATGGTGAAACCCCGTCTCTACTAAAAATACAAAAATTAGCCAGGTGTGGTGGCGGGCTCCTGTAATCCCAATTACTTGGGAGGCTGAGGCAGGAGAATTGCTTGAACCTGGGAGGCAGAAGTTGCAGTGAGCTGAGACGCCACTACACTCCAGCCTGGGCAACAAAGTGAGACTCCATCTCAAAAAAAAAAGAAA"
"chr1","1320998","1321276","KN294976v1","1026982","1027280","57","294016","GGCCGGGTGCAGTGGCTCTGCACAACACTTTGGGAGGCCGAGGCAGGTGGATCACCTGAGGTCAGAAATCCGAGACCAGCCTGGCCAACATGGTGGAACCCCATCTCTACTAAAAATGCAAGAAGTAGCCGGGCGTGGTGGCGGGCCCCAGTAATCCCAGCTGAGGTGGGAGAATTGCTTGAACCCGGGAGGCCAAGGCTGCAGTGAGCCAAGATCGCACCACTGCACTCTAGCCTGGGTGACAGATCAAGACCTTGTCTCAAAAAACAAGAAGAAAAA","GGCTGGGTGCGGTGGCTCATGCTTGAATCCTAGCACTTTGGGAAGCTGAGGCAGGTGGATCACCTGAGGTCAGGAGTTCGAGACTAGCCTGGCCAACATGGTGAAACCCTATCTCTACTAAAAATATAAAAATTAGCCGGGCGTGGTGGCAGGCACCTGTAATCCCAGCTACTCAGGAGGCTGGGACATGAGAATCGCTTGAACCCGGGAGGCCAAGGTTGCAGTGAGCCGAGATCATGCCACTGCACTCCAGCCTAGGCAACAGAGTGAGACTCTGTCTCGAAAAAAGAAAAAGAAAA"
"chr1","1322827","1323007","KN294957v1","73265","73439","38","1249562","GGCCGGGCGCAGTGGCTCACGCCTGTAATCCCAGCACTTTGGGAGGCCAAGGCAGGCGGATCACCTGAGGTTAGGAGTTCAAGACCACCCTTGGCAACATGGTGAAACCCATCTCTACTAAAAAACAAAAATTCCTAGGTGTGTGGCAGGCGCCTGTATCCCAGCTACTCCGAAGGCTGAG","GGCTGGGCATGGTGGCTCACGCCTGTAATCCCAGCACTTTGGAAAGCCGAGGCAGGTGGATAACCTGATGTCAGGAGTTCGAGACCAGCCTGGCCAACATGGTGAAACGCCATCTCTACTAAAAATACAAAAACTAGCCAGGCGCAGTGGCAGGTGCCTGTAATCCTAGCTACTC"
"chr1","1357469","1357771","KN297023v1","480259","480560","37","877210","GGCCGGGCTCTGTGGCTCACACCTGTAATCCCTGCACTCTGGGAGGCTGAGGCGAGTGGATCACCTGAGGTCAGGAGTTCGAGAGCAGCCTGGCCAACATGGTGAAACCCCGTCTCTACTAAAAATACAAAAATTAGCTGGCCGTAGTGGCGAGCACCTGTAATCCCAACTACTCAGCATGCTGAGGCAGGAGAATTGCTTAAACTCAGGAGGTGGAGGTTGCAGTGAGCCGAGATCACGCCATTGTACTCCAGCCTGGGTGACAGAGTAAGACTCCGTGTCAAAAAATAAAAAATAAAAAAA","GGCCGGGCGCGGTGGCTCATGCCTGTAATCCCAGCACTTTGGGAGGCCGAGGTGGGTGGATCACCTGAGGTCAGGAGTTCCAGACCAGCCTGGCAAACATGGTGAAACCCCGTCTCTACTAAAAATACAAAAATTAGCTGGGCGTGGTGGTGGGTGCCTGTAATCCCAGCTACCCAGGAGGCTGAGGCAGGAGAATCGCTTGAACCCAGGAGGTGGAGCTTGCAGTGAGCCAAGATCACACCATTGCACTCCAGCCTGGGCAACAGAGCGAGACTCCGTCTCAGAAAAAAAAAAAAAAAAAA"
"chr1","1362276","1362577","KN297327v1","811573","811871","37","550703","GGCAGGGCACCGTGGCTCACACCTGTAATCCCAGCACTTTGGGAGGCCGACACAGGTGATCACTTGAGGTCAGGAGTTCAAAACTAGCCTGGCCAACATGGTGAAACCCCGTCTCTAATAAAAATACAAAAATTAGCTGAGTATGGTGGTGGGTGCCTGTAATCCCAGCCACTTGGGAGGCTGAGGCAGGAGAATGGCTTGAACCCAGGAGGCAGAGGTTGCGGTGAGCTGAGATCGCACCATTGCACTCCAGCCTGGGCAACAGAGTGAGACTCCGTTTCAAAATAAATAAAATTTAAAAA","GGCCAGGCACGGTGGCTCACACCTGTAATCCCAGCACTTTGGGAGGCTGAGACAGGTGGATCACTTGAGGTCAGGAGTTTGAGACCAGCCTGGCCAACATGGTGAAACCCCATCTCTACTAAAAATACAAAATCAGTTGCACGTGGTGGCAGGTGCCTGTGATCCCAGCTGCTCGGGAGGCTGAGGCAGGAGAATCGCTTGAACCCAGGAAGCAGAGGTTGCAGTGAGCTGAGATTGCACCACTGCACTCCAGCCTGGGCAACAGAGTGAGACTCCATCTCAAAAAAAAAAAAAAAAAA"
"chr1","1377821","1378102","KN296926v1","242178","242456","40","1135643","GCTGGGCACAGTGGCTCACGCCTGTAATCCCAGCACTTTGGGAAGCTGAGGTGGGTGGATTGCCTGAGGTCAGGAGTTCAAGACCAGCCTGGCCAACATGGTGAAACCCCGTCTCTACTAAAAATACAAAAAATTAGCCTGGGTGTGGTGGCGGGTGCCTGTACTCCCATCTACTCAAGTGGCTGAGGCAAGAGAATGGCGTGAACCCGGGAGGTGGAGGTTGCAGTGAGCCGAGATGCCTGGGTGACAGAAGGAGATGTCATCTCATAAAAAAAAAAAAAA","CTGGACCCGGTGGCTCACGTCTGTAATCCCAGCAATTTGGGAAGCCGAGGTGGGTGGATCACTTGAGGTCAGAAGTTTGAAACCAGCCTGGCCAACATGGTGAAACCCCATCTCTACTAAAAGTACAAAAATTAGCCAGGCGTGATGGCGGGTGCCTGTAGTCCCAGCTACTCAGGAGGCTGAGGCAGGAGAATCACTTGAACCTGGAAGGTGGAGGTTGCAGTGAGCTGAGACAGCCTGGGTGACAGAGCAAGATAACATCTCAAAAAAAAAAAAAAA"
"chr1","1390519","1390818","KN297133v1","1352390","1352685","45","38129","GGCCATGAGCAGCGGCTCACGCCTGTCATCCCAGCGCTTTGGGAGGCCGAGGTGGGCGAATCACCTGAGGCCAGAATTCAAGACCAGCCTAAACAACATGGTGAAACCTCGTCTCTAGTAAAAAAACACAAAAATTAGCCAGGTGTGCTGGCGGGCGCCTGTGATCCCAGCTACTCGGGAGGCTGAGGCAGGAGAATCGCTTGAACCCCAAAGGCAAAGGTTGCAGTGAGCAGAGATGATGCCACTGCATTCCAGCCTGGGCGGCAGAGCCAGACTCCGTCTCAAAAACACACAGAAAAA","GGCCGAGTGCAATGGCTCACACTTGTCATCCCAGCACTTTGGGAGGCCGAGGGGGTGGATCACCTGAGGTCAGGAGTTCAAGACCAGCCTGGCCAACATGGTAAAACCCCGTCTCTACTAAAGATACAAAAAATTAGCCAGGTGTGGTGGCGGGCGCCTGTAGTCCCAGCTACTCGGGAGGCTGAGGCAGGAGAATTGCTTGAACCCAGGAGGCGGAGCTTGCAGTGAGCCGAGATGGCGCCACTGCACTCCAGCCTGGGCGACAGAGCGAGACTGTCTCAAAAAGAAAAAAAAAA"
"chr1","1393989","1394214","KN294671v1","198709","198942","41","1195280","TGAGGTCAGGAGTTCAAGACCAACCTGGACAACATGCTGAACCCCCTTCTCTACTAAAAATACAAAAATTCGCCAGATGTGGTGGCAGGCTCCTGTAGTCCCAGCTGCTCGGAAGGCTGAGGCAGGAGGTTGAACCCGGGAGGTGGAGGTTGCAGTGAGCCGAGATCAAACCATTGCACGCCAGACTGGGGGACAGAGTGACACTCTGTCTCAAAATAAAATAAAA","TGAGTTCAGGAGTTTGAGACCAGCCTGGTCAACATGGTGAAACCCCATCTCACTGAAAATACAAAAATTAGCCAGGTGTGGTGGCAGGCACTTGTAATCCCAGCTACTTGGGAGGCTGAGGCATGAGAATCGCTTGAACCCGGGAGACAGAGGTTGCAGTGAGCCGATATCACACCAATGCACTCCAGCCTGTGGGATAGAGTGAGACTCTGTCTCGAAAAAAAAAAAAAAAAA"
"chr1","1397109","1397411","KN297154v1","294220","294518","39","1102889","GGCAGAACACAGAGGCTCACGCCTGTAATCCCAGCACTGTGGAAGGCCAAGGCAGGCGGATAATGAGATCAAGAAGTTCAAGACCAGCCTGGCCAACACAGTGAAACCCTGTCTCTACTGAAGATACAAAAAAATTAGCTGGGCGTGGTGGTGGGCGCCTATAATCCCAGCTACTCGGGAGGCTGAGGCAGGAGAATTGCTTAAACCTGGGAGGCAGAGGTTGCAGTGAGCTGAGATTGTGCTATTGCACTCCAGCCTGGGTGACAGAGCGAGACTCCGTCTCAAAAAAAAAAAAAAAAAAGA","GGCCAGACTCAGTGGTTCACGCCTGTAATCCCAGCACTTTGTGATGCCATGGCAGGTGGATCACCTGAGGTCAGGAGTTCAAGACCAGCCTGGCCAACATGGTGAAACCCTATCTCTACTAAAAATACAAAAATTAGCTGGGCATGGTGGTAGGCGCCTGTAATCCCAGCCACTCGGGAGGCTGAGGCATGAGAATTGCTTGAACCTGGGAGGCAGGTTACAGTGAGCTGAGATCACGCCACTGCACTCCAGCCTGGGTGACAGAGCGAGACTCCGTCTCAAAAAAAAAAAAAAAAAAA"
"chr1","1409194","1409492","KN294187v1","783464","783769","41","625730","GCCCGGTGGCTCACTCCTGTAATCCCAGCATGTTGGGAGGCCAAGGAGAGAAGATCACTTGAGGTCAGGAGTTCAAGACCAGCCTGGCCAACATGGTGAAACCTCATCTCTATTAAAAATACAAAAATTATCCGGGCACAGTGGCAGGCACCTGTAATACCAGCTACTCAGGAGGTTGAGGCCGGAGAATTGCTTGAACTCAGAGGGTGGAGGTTGCAGTGAGCCGAGATTGCACCACTGCACTCCAACCTGGGTGACAGAGTGAGACTCCATCTCAAAAAAAAAAAAAAAAAAAAAAA","GGCCGGCGCGGTGGCTCACGCCTGTAATCCCAGCACTTTGGGAGGCCAAGGCGGGTGGATCAACTGAGGTCGGGAGTTCAAGACCAGCCTGACCAACATGGTGAAACCCCATCTCTACTAAAAAATACAAAAATTAGCCGGGCATGGTGGCAGGCACTTGTAATCCCAGCTACTCAAGAGGCTGAGGCAGGAGAATCGCTTGAACCCAGGAGGCGGAGGTTGCAGTGAGCTGAGATCGCACCATTGCACACCAGCCTGGGTGACAGAGTGAGACTCCGTCTCAAATTTAAAAAAAAAAAAAAAAAA"
"chr1","1409796","1409952","KN296187v1","2142385","2142543","24","732589","TTAACCGGGTGTGGTAGCAGGCACCTGTAATCCCAGCTGCTCGGGAGGCTGAGTCAGGAGAATTGCTGGAACTCAGGAGGCAGAGGTTGCAGTGAGCTAAGATCACGCCACAGCACTCCAGTCTGGGCGACAGAGCGAAACTGTCTCAAAATATAAA","TTTAGCCAGGCGTGGTGGCAGGCACCTGTAATCCCAGCTGCTCAGAAGGCTGAGCCACGAGAATCACTTGAACCTGGGAGGCAGAGGTTGCAGTGAGCTGAGATCAAGCCACCGCACTCCAGCCTGGGCAACAGAGCGAGACTGTCGTCAAAAAAAAAA"
"chr1","1431561","1431843","KN295828v1","1026333","1026620","50","405228","GGCTGGGCGCGGTGGCTCACTACTGTACTCCCAGCACTTTGAGAGGCTGAGACGGGTGGATCACTTGAGTCCAGGAGTTAGAGACCGGCCTGACCAATGTGGTGAAACCCCATCTCTACTAAATATACAAAAATTAGCTGGGCGCAGTGGCGGACGCCTGTAATCCCAGCTACTCTGAGGCTGAGGTGGGAGGATGGCTTGAACCCCGGAGGCAGAGGCTGCAGTGAACCCAGATCGCACCGCTGCACTCCAGCTAGACACAGAGAGACTTAAAAAATAAAAA","GGCCGGGCGCAGTGGCTCACGTCTGTAATCCCAGCACTTTGGGAGGCCAAGGTGGGTGGATCACTTGAGGTCAGGAGTTCCAGACCAGCCTGGCCAACATGGTGAAACCCCGTCTCTACTAAAAATACAAAAAATTAGCTGGGCCTGATGGCAGGCACCTATAATCCCAGCTACTTGGGAGGCTGAGGCAGGAGAATTGCTTGAACCCGGGAGGCAGAGGTTGCAGTGAGCTGAGATCGCACCATTGCACTCCAGCCTGGAAGACAGAGCGAGACTCAAAAAAAAAAA"
"chr1","1432833","1433138","KN294991v1","686774","687084","45","746059","CAGGCACAGTGGCACAAGCCTGTAATCCCAGCACTTTGGGAGGCCGAGGCAGGTGGATCACTTGAAGTCAGGAGTTCGAGACCAGGCTGGCCAACGTGGTGAAACCCCGACTCTACTAAAAATATAAAAATTAGCCAGGTGTGGTGGCGGGTGCCTGTAATCCCAGCTATTCAGGAGGCTGAGGCAGGAGAATTGCTTGAACCCAGGAGCGGAGGTTGCAGTGAGCCCAGATGGCACCCCAGAACTCCAGCCTGGGAAACAGAGACTCCGTTTCAAAATAAATAAATAAAACGAAATAAAACAAAA","GGCCAGGCACAGTGGCTCACACCTGTAATCCCAGCATTTTGGGAGGCCGAGGCAGGCGGATCACCTGAGGTCAGCAGTTTGAGACCAGCCTGGCCAACGTGGTGAAACCTTGTCTCTACTAAAAATATAAAAATTAGCCAGGTGTGGTGGCAGGCGCCTGTAATCCCAGCTACTCAGGAGGCTGAGGCAGGAGAATCGCTTGAACCCGGGAGGCAGAGGTTGCAGTGAGCCAAGGTGGCGCCATTGCACTCCAGCCTGGGCGACACAGCGAGACTCTGTCTCAAAAAACAAACAAACAGACAAAAACAAAA"
"chr1","1433141","1433440","KN295487v1","52973","53281","53","1380168","GACCGGGTGCGACGGCTCTCGCCTATAATCCCAGCACTTTGGGAGGCCAAAGTGGGTGGATCAACTGAGGTTAGTAGTTCGAGACCAGCCTGAACAACATGGTGAAACCCCATCTCTACTAAAAATACAAAAATTAGCCAGATGTGGTGGCGGGCTCTTGTAGTCCCAGCTCCTCGGAGGCTGAGGAAAGAGGTTGAACCCGGGAGGTGGAGGTTGTGGTGAGCTGAGATCACGCCACTGCACACCAGCCTGGAAGACAGACTAAGACTCTGTCTATAAAAAAATAATAATATGAAACAA","GGCCGGGTGCAGTGGTTCACGCCTGTAATCCCAGCACTTTGGGAGGCCAAGGAGGGTGGATCACCTGAGGTCAGGAGTTCAAGACCAGCCTGGCCAACATGGTGAAACCCCGTCTCTAGTAAAAATACAAAAATTAGCCGGGTGTGGTGGCGGGCGCTTGTAGTCCTAGCTACTCGGGAGGCTGAGGCAGGAGAATCGCTTGAACCCGGGAGGCAGAGGTTGCAGTGAGCTGAGATCGCACCACTGCACTCCAGCCTGAGCAACAGAGTGAGACTCTATCTACAGGAAAAAAAAAAAAAAAAAAAAAAA"
"chr1","1435640","1435941","KN297154v1","294220","294518","37","1141420","GGCAGAACACAGAGGCTCACGCCTGTAATCCCAGCACTGTGGAAGGCCAAGGCAGGCGGATAATGAGATCAAGAAGTTCAAGACCAGCCTGGCCAACATAGTGAAACCCTGTCTGTACTAAAGATACAAAAAAATTAGCTGGGCATGGTGGTGGGCGCCTATAATCCCAGCTACTCGGGAGGCTGAGGCAGGAGAATTGCTTAAACCTGGGAGGCAGAGGTTGCAGTGAGCTGAGATTGTGCTATTGCACTCCAGCCTGGGTGACAGAGCGAGACTCCGTCTCAAAAAAAAAAAAAAAAAGA","GGCCAGACTCAGTGGTTCACGCCTGTAATCCCAGCACTTTGTGATGCCATGGCAGGTGGATCACCTGAGGTCAGGAGTTCAAGACCAGCCTGGCCAACATGGTGAAACCCTATCTCTACTAAAAATACAAAAATTAGCTGGGCATGGTGGTAGGCGCCTGTAATCCCAGCCACTCGGGAGGCTGAGGCATGAGAATTGCTTGAACCTGGGAGGCAGGTTACAGTGAGCTGAGATCACGCCACTGCACTCCAGCCTGGGTGACAGAGCGAGACTCCGTCTCAAAAAAAAAAAAAAAAAAA"
"chr1","1496322","1496601","KN296357v1","110185","110480","45","1386137","GGCCGGGTGTGGTGGCTCACAGCTTTGGGAGTCCAAGGCTGGTGGATCACCTGACGTTAGGAGTTTGAAACCAGCCTGACCAAGATGGTGAAACCTTGTCTCTACTAAAAATACAAAAATTAGCCAGGCGTGGTCATGGGTGCCTGTAATCCCAGCTACTTGAGAGGACAAGGCAGGAGAATTGCTTGAACCCGGGAGGCAGAGGTTGCAGTGAGCTGAGATCGCACCACTGCGCTCCAGCCTGGGTGACAGAGCAAGACTCCATCTCAAAAAAAAAAAA","GGCCGGGTGCGGTGGCTCACGCCTGGAATCCGAACACTTTGGGAGGCCGAGGCAGGTGGATCACTTGAGGTCAGGAGTTCGAAACCAGCCTGACCAACATGGTGAAACTCTTGTCTCCACTAAAAATACAAAAATTAGCCGGGCGTGGTGGCGGGTGCCTGTAATCCCAGCTACTCGAGAGGCTGAGGCAGGAGAATCGCTTGAACCCAGGAGGCAGAGGTTGCAGTGAGCTGAAATTGTGTCACTGCATTCCAGCCTGGGTGACAGAGCAAGACTCCATCTCAAAAAGAAAGGAA"
"chr1","1497991","1498265","KN295832v1","1100505","1100779","39","397486","GACCGGTCATGGTGGATCACACCTGTAATCCCAGCACTTTGGAAGGCCAAGGCAGGCAGATCACCTAAAGTCAGGAGTTCAAGACCAGCCTGGCCAACATGGCAAAACCCTGTCTCTACTAAAAATACAAAAATTAGCTGGGCGTGGAGGCGGGCACCTGTAATCCCAGCCACTTGGGAGGCTGAGGTGGGAGAATCACTTGAACCCAGGAAACGGAGGTTGCAGTGAGCTAAGATCAAGCCACTGCACTCCAGCCTGGGCAACAGGTGAGACTC","GACCAGGCATGGTGGCTCACGCCTGTAATCCCAGCACTTTGGGAGGCCAAGCTAGGCGGATCACCTGAGGTCAGGAGTTGGAGACCAGCCTGGCCAACATGGTGAAACTTTGTCTCTACTAAAAATACAAAAATTAGCTGAGCATGTGGTGGGAGCCTGTAATCCCAGCTACTTGGGAGGCTGAGGCAGGAGAATCACTTGAACCGGGGAGATGAAGATTGCAGTGTGCAGAGATCACACCACTGCACTCCAGCCTGGGCAACAGAGTAAGACTC"
"chr1","1504312","1504604","KN297197v1","699015","699311","33","805297","GGCCAGGCGTGGTGGCTCACGCCTGTCATCCCAGCACTTTGGGAGGTCAAGGCGGGTGAATCACCTGAGGTCAGGAGTTCGAGACCAGCCTGGTCAACATGGTGAAACCGTGTCTCTACTAAAAATACCAAAATTAGCTGGGCGTGGTGGTGGCTGCCTGTAATCCCAGCTACTCGGGAGACTGAGGCAGGAGAATCCCTTGAACCTGGGAGGCGGAGGTTGCAGTGAGCGGAGATCGTGACACTGCACTACAGCCTGGGTGATAGAGCGAGACTCCATCTCAAAAAAAAAGA","GGCCAGGCGGGGTGGCTCATGCCTGTAATCCCAGCACTTTGGGAGGCCAAGGTGGGTGGATCACCTGAGGTCAGGAGTTCAAGACCAGCCTGGCCAACATGGTGAAACCCCATCTCTACCAAAAACACAAAAATTAGCTGGGCATGGTGGTGGCTGCCTGTAATCCCAGCTACTCGGGAGGCTGAGGCAGAAGAATCGCTTGAACCCAGGAGGCGGGGGTTGCAGTGAGCTGAGATTGAGCCACTGCACTCCAGCCTGGGTGACATAGAGTAAGACTCCATCTCAAAAAAAAAAAAA"
"chr1","1522627","1522927","KN295564v1","408804","409105","33","1113823","GGCCGGGCGCGGTGGCTCACGCCTGTAATCCCAGCACTTTGGGAGGCTGAGGTGGGCGGATCATCTGAGGTCAGGAGTTCAAGACCAGCCTGGCTAACATGGTGAAACCCCGTCTCTACTACAAATACAAAATTAGCCAGGCGTGGTGGCAGGCACCTGTAATCCCAGCTACTTGGGAGGCTGAGGCAGGAGAATCACTTGAATCCAGGAGGCGGAGGCTGTAGTGAGCCGAGATCACGCCATTGCACTCCAGTCTAGGCAACAGAGTGAGACTCTCAAAAAAAAAAAAAAAAAAAGGAAA","GCCTGGCGCGGTGGCTCACGCCTGTAATCCCAGCACTTTGGGAGGCTGAGGTGGGCGGATCACCTGAGGTCAGGAGTTTGAGACCAGCCTGACCAACATGGTGAAACCCCATCTCTACTAAAATACAAAAATTAGCCGGGCGTAGTGGCAGGCACCTGTAAACTCAGCTACTTGGGAGGCTGAGGCAGCAGAGTCGCTTGAACCCGGGAGGCAGAGGTTGCAGTGAGCCGAGATCGCACCATTGGACTCCAGCCTGGCAACAGAGCGAGACTGTCTCAAAAAAAAAAAAAAAAAAAAAAAAA"
"chr1","1575916","1576224","KN297190v1","106500","106813","47","1469416","GGCCGGGCGCGGTGGCTCACGCCTGTCATCCCAGCACTTTGGGAGGACGAAGCGGGCGGATCACTTGAGGTCAGGAGTTCGAGACCAGCCTGGCCAATATGGCGAAACCCCGTCTCTACCAAAAATATAAAAATTAGCCGGGCGTGGTGGCGGGGGCCTGTGGTTCCAGCTACTCGGGAGGCTGAGGCAGGAAAATTCCCTGAACCCGGGAGGAGGCTGCAGTGAGCCAAGACCACGCCACTGCACTCCAACCTGGGCGGCAGAGCAAGGCGCCGACTCAAAAGTAAATACATGAATAAATAAAATAAA","GGCTGGGCCCAGTGGCTCATGCCTGTAATCCCAGCACTTTGGGAGGCCGAGGCAGGCGGATCACCTGAGGTCAGGAGTTCGAGACCAGCCTGGCCAATATAGTGAAACCCTGTCTCTACTAAAAACACAAAAATTAGGCAGGCATGGTGGCAGGCGCCTGTAGTCCCAGCTACTCGGGAGGCTGAGGCAGGACAATTGCTTGAACCCGGGAAGCGGAGGTTGCAGTGAGCCAAGATCAAGCCACCGCATACCAGCCTGGGCAATAGAGCAAGACTCCGTCTCAAAAATAAATAAATAAATAAGTAAAATAAAAA"
"chr1","1584466","1584771","KN296833v1","30824","31126","40","1553642","GGCTGGGCCCAGTGGCTCATGCCTGTAATCCCAGCACTTGAGAGGACAAGGCAAGTGGATCACTTGAGGTCAGGAGTTCAAGACCAGCCTGGCCAACATGGTGAAACCCCATCTCTACTAAAAATACAAAAATTAGCCGGGTGTGATGCTGGGCATCTGTAATCCCAGCTACTCGGGAGGCTGAGGCAGGAGAATCACTTGAACCCGGGAGCCGGAGGTTACAGTGAGTCGAGATCTCACCACTGCACTCCAGCCTGAGGGATGGGAGTGAGAGTCCTTCTCAAAAACAAAAAAACAAATGAGAAA","GGCTGGGCACAGTGGCTCATGCCTGTAATCCCAATACTTTGGGAGGCCAAAGCAGGTGGATCACCTCAGGTCAGGAGTTCAAGACCAGCCTGGCCAATATGGTGAAACCCCGTCTCTACTAAAAATACAAAAATTAGCCGGGCGTGGTGGTAGGTACCTGTAATCCCAGCTACTCGGGAGGCTGAGGCAGGAGAATCACTTGAACCTGGGAGGCGGAGGTTGCGGTGAGCTGAGATCGTGCCACTGTACTCCAGCCTGGGCAACAGAGTGAGACTCCATCTCAAAAAAAAAAAAAAAAAAAAA"
"chr1","1585403","1585623","KN295871v1","679658","679877","34","905745","CGTGGCCAGTCTGGCCAACACGGTGAAACCTCGTCTCTACTAAAAACATAAAAACTAGCCAGGCATGGTGGCGGACGCCTGTAATCCCAGCTACTCGGGAGGCTGAGGCAGGACAATCACTTAAACCCGGGAGGCGGAGGTTGCAGTGAGCTGAGATCGCACCACTGCACTCCAGCCTGGGCGACAGAGTGAAATATCATCTCCAAAAAAAAAAAAAAAAA","TTCAAGACCAGCCTGGCTAACATGGTGAAACCCGTCTCTACCAAAAACACAAAAATAGCCAGGCATGGTGGCAGGTGCCTGTAATCCCAGCTACTTGGGAGACTGAGGCAGGAGAATCACTTGAACCCGGGAGGCAGAAGTTGCAGTGAGCTGGGATTGTGCCACTGCACTCCAGCCTGGGCGAGAGAGTGAGACTCCATTCTCAAAAAAAGAAAAAAAA"
"chr1","1586886","1587039","KN294848v1","658585","658730","27","928301","GGGCGTGGTGGCTCACACTTGTAATCCCAGCACTTTGGGAGGCTGAGGCGGGTGGATCACTTGAGGTCAGGAGTTGGAGACCAGCCTGGCCAACACGGTGAAACCCCATCTCTACTAAAAATACAAAAAGTAGCCAGGCGTGGTGGCGGGCACC","GGCTGGGCGCGGTGGCTCACACCTGTAATCCCAACACTTTGGGAGGCTGAGGCAGGTGGATCACTTGAGGTCAGGAGTTCGAGACCAGCCTGGCCATAATAGTGAAACACCATCTCTACTAAAAATACAAAAATTAGCCAGGCGTA"
"chr1","1593550","1593851","KN295846v1","24517","24819","32","1569033","GGCCGGGCACGGTGGCTCACACCTGTAATCCCAGCACTTTGGGAGGCCGAGGCAGGTGGATCACCTTAGGTCAGGAGTTCGAGACCACCCTGGCCAACATGATGAAACCCCGTCTCTACTAAAAATATAAAAACTAGCAGGGCATGGTGGCCGGCGCCTGTAATCCCAGCTACTCGGGAGGCTGAGGCAGAAGAATTGCTTGAACCCAGGAGACGGAGGTTGCAGTGAGCCAACATGATACCACTGCACTCCTGCCTCAGCGACAGAGTGAGACTCTGTCTCAAGAAAAGAAAAAAAGAAAA","GGCTGGGCGCGGTGGCTCACATCTATAATCCCAGCACTTTGGGAGGCCGAGGCAGGTGGATCACCAGAGGTCAGGAGTTCGAGACCAGCCTGGCCAACATGGTGAAACCCCATCTCTACTAAAAATATTAAAAAATTAGCCGGGCATGGTAGTGGGTGCCTGTAATCCCAGCTACTCAGGAGGCTGAGGCAGGAGAATTGCTTGAACCCAGGAGATGGAGGTTGCAGTGAGCCAACATGGTCCCACTGCACTCCAGCCTGGGTGACACAGTGAGACTCCATCTCAAAAAAAAAAAAAAAAAAA"
"chr1","1596149","1596459","KN294761v1","1564747","1565053","44","31402","GGCCAGGCGCGGTGGCTCACACCTGGAATCCCAGCACTTTGGGAGGCCAAGGTGGGCGGATCACCTGAGCTCAGGAGTTCATGACCAGCCTGGCAAACACAGCAAAACCTCGTCTCTACTAAAAATACAAAAAAAAAAAAAAAAAAATCAGCCGGGCGTGGTAGCTGGCACCTGTAATCCCAGCTACTCGGGAGGCTGAGGCAGGAGAATCACTTGAACCTGGGAGGCAGAGCTTGCAGTGAGCTGAGATCGTGCCATCGCACCCCAGCCTGAGCGACAGAGCGAGACTCCCGTCAAAAAAAAAAAAAAAA","GGCCAGGCACCATGGCTCACGCCTGTAATCCCAGCACTTTGGGAGGCCGAGGTGGACGGATCACCTGAGGTCAGGAGTTCAAGACCAGCCTGGCGAATATGGTGAAACCCCGTCTCTACTAAAAATACAAAAAAAAAAAAAAAAAGCCGGGCGTGGGGGCAGGAGCCTGTAATCCCAGCTACTCGGGAGGCTGAAGCAGGAGAATCACTTGAACCTGGGAGGCAGAGGTTGCAGTGAGCTGAGATCGCACCACTGCACTCCAGCCTGGGGGTAAGAGTGAGACTTTATCTCAAAAAGAAAAAAAAAA"
"chr1","1598362","1598679","KN296306v1","1908527","1908848","49","310165","GGCCAGGCGCGGTGGCTCACACTTGGAATCCCAGCACTTTGGGAGGCCAAGGTGGGCGGATCACCTGAGCTCAGGAGTTCATGACCAGCCTGGCAAACACAGCAAAACCTCGTCTCTACTAAAAATACAAAAAAAAAAAAAAAAAAAATCAGCCGGGCGTGGTAGCTGGCACCTGTAATCCCAGCTACTCGGGAGGCTGAGGCAGGAGAATCACTTGAACCTGGGAGGCAGAGCTTGCAGTGAGCTGAGATCGTGCCATCGCACCCCAGCCTGAGCGACACAGCGAGACTCCCGTCAAAAAAAAAAAAAAAAAAAAAA","GGCCAGGTGTGGTGGCTCACGCCTGTAATCCCAGCACTTTGGGAGGCTGAGGTGGGTGGATCACCTGAGGTTAGGAGTTTGAGACCAGCCTGGCCAACATGGCGAAACCTGTCTCTACTAAAAATACAAAAAAACAACAAAAAAAATTAGCTGGGCGTGGTGGTGGGCACCTGTAATCCCAGCTACTGGGGAGGCTGAGGCAGGAGAATTGCTTGAACCCAGGAGGCAGAGGTTGCAGTGAGCCGAGATTGTGCCATTGCACTCCAGCCTGGGCGATGGAGCGAGACTCTGTCAAAAAGAAAGAAAAGAAAAGAAAAGAAAA"
"chr1","1601059","1601362","KN296158v1","1175251","1175559","48","425808","GGCTGGGCTTGGTGGCTCACGCCTGTAATCCCAGCACTTTGGAGGCAGGTGGATCACTTGAGGTCAGGAGTTCGAGACCAATCTGGCCAACAAGGTGAAACCCCGTCTCTACTAAAAATATAAAAATTAGCCAGGTGTGGTTGTGGGCACTGTAATCCCACCTACTCAAGAGGTTGAGGCAGGAGAATTGCTTGAACCCTGGAGGTGGAAATCGCAGTGAGCCGACATCGAGACATTGCACTCCAGCCTGGGGGACAGAGCGAGACTCTGTCTCCAAAAACAAACAAATAAATAAACAAGCAAA","GGCCGGGCATGGTGGCTCACGCCTGTAATCCCAGCACTTTGGGAAGCCGAGGTGGGAGGACCACCTGAGGTCAGGAGTTCAAGACCAGCCTGGCCAACATGGTGAAACTCCATCTCTACTAAAAATACAAAAATTAGCCAGGCGTGGTGGCAGGTGCCTGTAATCTCAGCTACTCAGGAGGCTGAGGCAAGAGAATTGCTTGAACCTGGGAGGCGGAGGTTGCAGTGAGCTGAGATTGTGCCATTGCACTCCAGCCTGGGTGACAGAGCGAGACTCTGTCTCAAAACAAACAAACAAACAAACAAAAAA"
"chr1","1608696","1608998","KN296079v1","686222","686522","37","922474","GGCGGGGCATGGTGGCTCATGCTTGTAATCCCAGCACTTTGGGAGGCCAAGGCGGGCAGATCACCTGAGGTCAGGAGTTCGAGACCAGCCTGGCCAACATGATGAAACCCCGTCTCTACCAAAAATACGAAAATTAGCCAGGCGTGGTGGCAGGCGCCTGTAATCCCAGCCACGCAGGAGGCTGAGGCAGCAGAATCACTTGAACCTGGGAGGCGGAGGTTGCCGTGAGCTGAGACTGCGCCTGCTCCAGCCTGGGTGACACAGCAAGACTCCGTCTCAAAAAGAATAGAAAAAAAAAAAAAA","GGCTGGGCGTGGTGGCTCACACCTGTAGTCCAGTACTTTGGGAGGCCAAGGCGGCTGATCACTTGAGGTCAGAAGTTCGAGACCAGCCTGGCCAACATGGTGAAACCCTGTCTCTACTAAAAATACAAAAATTAGCCGGGCGTGGTGGCAGGCACCTGTAATCCCAGCTACTCAGGAGGCTGAGGCAGGAGAATCACTTGAACTTGGGAGGCGGAGGTTGCAGTGAGCTGAGATCGTACCACTGCACTCCTGCCTGGGTGACAGAGCAAGACTCCGGCTCAAAAAAAAAAAAAAAAAAAAA"
"chr1","1633394","1633630","KN295835v1","199186","199432","69","1434208","GGCTGGGTGCGGNGNNTCACNCCTNNNNTCCCNNCNCTTTNNNAGGCCNANGCNGGGGGATCNCCTGAGGCCTGGAGTTGGAGACCAGCCTGGGCAACATAGCGAGACCCCGCCTCTACTGAATATACAAAAAGTAGCGATGATGTGCGATCTGGCGGCTGTAATCCCAGCTACTCAGCAGGCTGATGCAGGAGAATTGCTTGAACCCTGGAGGCAGATGTTGCACTGAGCCAAGAT","GACCGGGTGCAGTGGCTCACGCCTGTAATCCCAACACTTTGGGAGGCTGAGGCGGGCAGATCACCTGAGGTCAGGAGTTTGAGACCAGCCTGGCCAACATAGCGAAATCCCATCTCTACTGAAAATACAAAAATTAGCCGGATGTGGTGGCAGGTGCCCATAATCGCAGCTACTCGGGAGGCTGAGGCAGAGAGAATTGCTTGAACCCGGGAGGTGGGGTTGCAGTGAGCCGAGATTTCCCCCACAC"
"chr1","1655801","1655909","KN296731v1","905591","905681","51","750210","ACATGATGACTGGTCTCTACTAAAAATACAAAAATTAAGCGTGGTGGCGGGCACCTGTAATCCCAGCTACTCAGGAGGGTGAGGCAGGAGAATCATTTGAACCCGGCAG","GCCTGGAGCGGTGGCTCATACCTCTAATCCCAACACTTTGGGAGGTGGAGGCCGGTGGATCACCTGAGGTCAGGAGTTTAAGACCAGCCTG"
"chr1","1657068","1657357","KN294976v1","415425","415700","45","1241643","GGCTGGACGCGGTGGCTCATGACTGTCATCCCAGCACTTGGGGAGGCTGAGGTCAGGAGTTTGAGACCAGCCTGGCCAACATGGTGAAACCCCGTCTCTACTAAAAATATAAAAATTAGCCAGCTGTGGTGGTGGGTGCTGGGTCTGTAATCCCAGCTACTCGAGAGGCTGAGGCAGGAGAATTGCTTGAACCCAGGAGGCAGAGGTTGCAGTGAGCTGAGTTCACACCGGTGCACTCCAGCCTGGGCAACAGAGTGAGACTCTGCCTAAAAAAAACAAAAAACAAAAAA","GGCTGGGCATGGTGGCTCATGCCTGTAATCCCAGCACTTTGGGACGCCTGAAGTCAGGAGTTTGAGACCAGCCTGGCCAACATGGTGAAACCCCGTCTCTACTAAAAATACAAAAATTAGCCAGGTGTGGTGGCGGGCTCCTGTAATCCCAATTACTTGGGAGGCTGAGGCAGGAGAATTGCTTGAACCTGGGAGGCAGAAGTTGCAGTGAGCTGAGACGCCACTACACTCCAGCCTGGGCAACAAAGTGAGACTCCATCTCAAAAAAAAAAGAAA"
"chr1","1659096","1659392","KN296145v1","3072127","3072422","37","1413031","GGCTGGGCGCGGTGGCTCATGCCTGTAATCCCAGCACTTTGGGAGGCTTAGGCAGGTGGATCACCTGATGTTAGGAGTGCAAGACCAGCCTGCCAACGTGGCAAAACCCCATCTCTACTAAAAATACAAAAATTAGCTGGATGTGGTGGCAGGTGCCTGTAGTCCCAGCTACATGGGAGGCTGAAGCAGGAGAAGTGCTGAACCAGGGTGGCAGAGGTTGCAGTGAGCAGAGACCGCACCACTGCACTCCAGCCTGGGTGGCAGAGCGAGACTCCATCTCAAAAAAAAAAAAAGGAA","GGCTGGACACGGTGGCTCATGCCTGTAATCCCAGCACTTTGGGAAGCTGAGGCGGGTGGATCACCTGAGGTCAGGAGTTGGAAACCAGCCTGGCCAACATGGCGAAACCCCATCTCTACTAAAAATACAAACATTAGCTGGGTGTGGTGGCAGGTGCCTGTAATCCCAGCTACTTGGGAGGCTGAGGCAGGAGAATTGCTCGAGCCCAGGAGGCAGAGGTTGCAGTGAGCCAAGATCGCGCCACTGCACTCCGGCCTGGGTGACAGAGCAAGACTGTCTCAAGAAAAAAAAAAAAA"
"chr1","1672560","1672864","KN296536v1","463956","464262","36","1208604","GGCCAGGCACCGTGGTTCACGCCTATAATCCCAGCACTTTGGGAGGCTAAGGCGGGTGGATCACCTGAGGTCAGGAGTTTGAGACCAGCCTGCCCAATATGGTGAAACCCTGTCTCTGCCAAAAATACAAAAGTTAACTAGGCTTCGTGGTGGGTGCCTGTAATCCCAGCTACTCAGGAGGCTGAGGCAGGATAATCGCTTGAACCCAGGAGGCAGAGGTTGCAGTGAGCCAAGATTGCACCACTGCACTCCAACCTGGGTGACAGAGTGAGACTCTGTCTCAAAAAAACAAACAAAAAAGAAAA","GGCCGGCCATCGTGGCTCACGCCTAAAATTCCAGCACTTTGGGAGGCCAAGGCGGGTGGATCACCTGAGGTCAGGAGTATGAGACCAGCCTGGCCAATATGGTGAAACCCTATCTCTACTAAAAATACAAAAAATTAGCCAGGCATCGTGGTGAGCGCCTCTAATCCCAGCAACTCAGGAGGCTGAGGCAAGAGAATCGCTTGAATCCAGGGGGCAGAGGTTGCAGTGAGCCAAGAGCGCACCACTGCACTCCAGCCTGGGAGACAGAGTGAGACTGTGTCTCAAGAAATTAAAAAAAAAAAAAAAA"
"chr1","1683096","1683405","KN296205v1","1038770","1039076","40","644326","GGTCAGGCGCAGTGGCTCATGCCTGTAATCCCAACACCTTAGGCGGCTGAGGTGGGTGGATCACCTGAGGTCAGGAGTTCAAGACAAGCCTGGCCAACATGGTGAAACCCCATCCCTACTAAAAACACAAAAATTAACCAGGCATGGTGGCTGGCACCTGTAATCGTAACTATTCCGGGAGGCTGAGGCAGGAGAATCGCTTGAACCCGGGAGGCAGAGGTTGCAGTGAGCTGAGATCACACCACTGTACTCCAGCCCGGGCGACAGAGCGAGACTCTGTTTTAAAAAAAAAAAAAAAAAAAAAAGGAAA","GGTCAGGCACAGTGGCTCACGCCTGTAATCCCAGCACTTTGGGAGGCTGAGGCGGGCGGATCACCTGAGGTCAGGAGTTCAAGACCAGCCTGGCTAACACGGTGAAACCCCATCTGTACTAAAAATACAAAAATTAGCTGGGCGTGGTGGCGGGCGCCTGTAGTCCCAGTTACTCGGGAGGCTGAGGCAGGAGAATGGCATGAACCCGGGAGGCAGAGCTTGCAGTGAGCTGAGATCACGCCACTGCACTCCAGCCTGGGCGACAGAGTGAGACTCTGTCTCAAGGAAAAAAAAAAAAAAAAAAGAA"
"chr1","1701632","1701931","KN294561v1","1084406","1084703","54","617226","GACCAGGAGCGGNGGCCCACACCAGTAATCCCNACAGCANNGGGAGACCGACACAGGGAGGATCACAAGAGGACAGGAGAAAGAGACCACCCCGCCCAACANGGNGAAACCCCGTCTCCACTAAAAATACAAAAATTAGCTGGGTGTGGTGGTGAGCGCCTGTAATCCCAGCTAATTGGGAGGCTGAGACAGGAGAATGGCTTGAACCTGGGAGGGGGAGGTTGCAGAGAGCTGAGACTGCACCACTGCACTTCGGCCTGGGCAACAGAGCAAGACTCTGTCTCAAAAGAAAAAAAAGAA","GGGCGGGTGCGGTGGCTCACACCTGTAATCCTAGCACTTTGGGAGGCCGAGGAGGGCAGATCACCTGAGATCAGGAGTTCGAGACCAGCCTGGCCAACATGGTGAAACCCCATCTCTACTAAAAATACAAAAATTAGCCGGGTGTGGTGGCTGGTGCCTGTAATCCCAGCTACTTGGGAGGCTGAGGCAGGAGAATTGCTGGAACCTGGGAGGCAGAGGCTGCAGTGAGCCGAGATTGTACCACTGCACTCCAGCCTGGGCAACAGAGCAAGACTCTGTCTCAAAAAAAAAGAAAAAA"
"chr1","1709997","1710282","KN296775v1","1088446","1088732","40","621551","GCCGGGCGCAGTGGCTCATGTCTGTAATCTCAGCAGTTTGGGAGGCCAAGGCAGGCGGATCACCTAAGCTCAGGAGTTCGAAACCAGCCAGGCCAACGTGGTGAAACTCCATCTTTGCTAAAAACGAAAAAATTAGCCAGGCGTGGTGGCTGGCACCTGTAATCCCAGCTACTCAGGAGGCTGAGGCAGGAGGATCGCTTGAACCCAGGAGACGGAGGTTGCAGTGAGCAGAGATCATGCCACTGCACTCCAGACTGTGAGACAAAGTGAGACTCCCATCTCAAAA","GGCCAGGCGCGGTGGCTCATGCCTGTAATCTCAGCACTTTGGGAGGGCAAGGCGGGCGGATCACCTGAGGTCAGGAGTTCGAGACCAGCCTGGCTATCATGGTGAAACCCCATCTCTACTAAAAATATAAAAATTAGCCAGGCGTGGTGGCAGGCACCTATAATCCCAGCTACTCGGGAGGCTGAGGCAAGAGAATGGCTTGAACCCCGGAGGCGGAGGTTGCAGTGAACCGAGATCATGCCACTTCACTCCAGCCTGGGCAACAGAGTGAGACTCTGTCTCAAAAA"
"chr1","1713677","1713834","KN294172v1","5485947","5486112","27","3772270","TTAGCTGGGTGTGGTGGCGGGCACCTGTAATCCCAGCTACTCAGGCTGAGGCAGGACAATCGCTTGAACCTGGGAGGCGGAGATTGCAGTGAGCTGAGATTGTGCCGTTGTACTTCAGCCTATGTACAGAGCGAGACTCCATCTCAAACAAAAAAAAA","TTAGCTGGGTGGGGTGGTGGGTGCCTGTAATCCCAGTCAGCTACTTGGGAGGCTGAGGCAGGAGAATCCCTTGAACCCGGGAGGCAGAGGTTGCAGTGAGCCGAGATTGTGCCACTGCACTCCAGCCTGAGGGACAGAGCGAGACTCCGTCTCAAAAAAAAAAAAA"
"chr1","1733211","1733509","KN295480v1","1514936","1515236","40","218275","GGCCTGGTGCGGTGGCTCACGCCTGTAATCCTAGCACTTTGGGAGGCCATGGCGGGCAGATCACTTGAGGTCAAGAGATCGAGACCAGCCTGGCCAATATGGTGAAACCCTGTCTCTACTAAAAACAAAAATTAGCTGAGCATGGTGGCGGGTGCCTGTAATCCCAGCTACTCAGGAGGCTAAGGCAGGAGAATCTCTTGAACCCAGGAGGTGGAGGTTGCAGTGAGCCTAGATTGTACCACTACACTCCAGCCTGGGTGATGGAGTGAGATGTTGTCTCAAGAAAAAAAAAGAAAAGA","GGCTGGGTGCGGTGGTTCATGCCTATAATCCCAGCACTTTGGGAGGCCAAGGCAAGTGGATCACTTAAGGTCAGAAGTTCGAGACCAGCCTGGCCAACATGATGAAACCCCATCTCTACTAAGAATACAAAAACTAGCTGGGCGTGGTGGTGGGTGCCTGTAATCCCAGCTACTCAGGAGGCTGAGGCAGGAGAATCACTTGAACCCAGGAGGTGGAGGTTGCAGTGAGCCAAGATTGTGCCACTGCACTCTAGCCTGGGCAATAGAGTGAGAGTCAGTCTCAAAAAAAAAAAAAAAAAAA"
"chr1","1734668","1734955","KN297197v1","197080","197368","36","1537588","GACTGGGTGCGGTGTCTCATGCTTGTAATCCCAGCACTTTGGGAGGCCGAGGCGGGTGGATCGCTTGAGGCGAGGAGTTTGAGACCAGCCTGGCCAACATGGTGAAATTCCATCTCTACTAAAAGTACAAAAAGTAGCCAGGTGTGATGGCGGGCGCCTGTAATCCCAGCTACTCGGGAGGCTGAGGCAGGAGAATCACTTAAACTCGGGAGGGGGAGGTTGCAGTGAGCCAAGATTGTGCCACTGCATTCCAGCCTGGGCAATAGAGCAAGACTCTGTCTCAAAAAA","GGCTGGGTGAGGTGTCTCACACCTGTAATCCCAGCACTTTGGGAGGCTGAGACAGGTGGATCACCTGAGGTCAGGAGTTTGAGACCAGCCTGGCCAACATGGTGAAACCTCATCTCTACTAAAAATACAAAAATTAGCCAGGTGTGGTGGCGGGTGCCTGTAATCCCAGCTACTTGGGAGGCTGAGGCAGAAGAATGGCTTGAGCCTGGGAGGCGGAGGTTGCAGTGAGCCGAGATTGTGCCACTGCACTCCAGCCTGGGCAACAGAGGGAGACTCCATCTCAAAAAAA"
"chr1","1753263","1753560","KN294434v1","66525","66812","46","1686738","GGCAGGGCACGGTGGCTCACGCCTGTAATCCCAGAACTTTGGGAGGCTCAGACAGGCAGATCACCGGAGGTCAGGAGTTCAAGACCAGCCTGGCCAACATGGTGAAACCCCATCTCTACTANAAATAAAATTTTAAAAAATTATCCGGGCATGACAGCGGGTGCCTATAATCCCAGCTACTCGGGAGGCTGAGACTGGAGAATCACTTGAACCCGTGAGATGGTGGTTGCAGTGAGCCGAGATTGCGCCACTGCACTCCAGACTGGGTGGCTGAGTGGGACTCTGTCTCAAAAAAAAA","GGCTGGGCACAGTGGCTCACGCCTGTAATCCTAGCACTTTGGGAGGCCAAGGCAGGCAGATCACCTGAGGTCTGGAGTTCAAGACCAGCCTGGCCAACATGGTGAAACCCCACCTCTACTGAAATACAAAAATTAGCTGGGCATGATGGCAGGTGCCTGTAATCCCAGATACTCGGAAGGCGGAGACGGGAGAATTGCTTGAACCCGGGAGACAGTGGTTGCAGTGAGCTGAGATTGCGCTGCTACACTCCAGCCTGGGTGGCTGAGCGAGACTCCGCCTAAAAAAAA"
"chr1","1778203","1778503","KN294571v1","1575904","1576204","26","202299","GGCCGCGCGCGGTGGCTCACGCCTGTAATCCCAGCACTTTGGGAGGCCGAGGCGGGCGGATCACCTGAGGTCAGGAGTTGGAGACCAGCCTGGCCAACATGGTGAAACCCCGTCTCTACCGAAAGTACAAAAATTAGCCGGGCGTGGTGGCGGGCGCCTGTAATCCCAGCTACTCGGGAGGCTGAGGCAGGAGAATCGCTTGAACTCGGGAGGCGGAGGTTGCCGTGAGCTGAGATCGCGCCACTGCACTCCAGCCTGGGCGACAGAGCAAGACTCTGTCTCGGAAAAAAAAAAAAAAAAA","GGCCGGGCGCTGTGGCTCACGCCTGTAATCCCAGCACTTTGGGAGGCCGAGGTGGGCGGATCACCTGAGGTCAGGAGTTCGAGACCAACCTGGCCAACATGGTGAAACCCCATCTCTACTGAAAATACAAAAATTATCTGGGCGTGGTGTCAGGCGCCTGTAATCCCAGCTACTCGGGAGGCTGAGGCAGGAGAATCGCTTGAACCCGGGAGGTGGAGGTTGCAGTGAGCCGAGATCATGCCATTTCACTCCAGCCTGGGCGACAGAGGGAGACTCTGTCTCAAAAAAAGAAAAAAAGAAA"
"chr1","1800648","1800966","KN297242v1","698229","698539","33","1102419","GGCTGGGCACGGTGACTCACGCCTATAATCCCAGCACTTTGGGAGACCGAGGCGGGTGGATTACCTGAGGTCAGGAGTTCAAGACCAGCCTGGCCAACACGGTGAAACCCAATCTCTACTGAAAAAAATGCAAAAATTAGCTGGGCGTGGTGGCCGGTGCCTGTAATCCCAGCTACTTGGGAGGCCGAGGCAGGAGAATTGCTTGAACCTAGGAGGTAGAGGTTGCAGTGAGCCGAGATCGCCCCACTGCACTCCAGTCTGGGTGACAGAGTGAGACTCTCGTCTCAAAAAAAAAAAAAAAAAAAAAAACTTAGAAAAA","GGCTGGGCACGGTGGCTGACGTCTGTAATCCCAGCACTTTGGGAGACCGAGGCGGGTGGATTGCTTGAGGTCAGGAATTCGAGACCAGCCTGGCCAACATGGTGAAATCCCATCTCTACTAAAATACAAAAATAAGCTGGGCATGGTGGCGGGTGCCTGTAATCCCAGTTACTAGGGAGGCTGAGGCAGGAGAATTGCTTGAACCCAGGAGGCAGGGGTTGCAGTGAGCCGAGATCGCACCACTGCACTTCAGTCTGGGTGACAGAGTGAGATTCTGTCTCAAAAAAAAAAAAAAAAAAAAAAAAAAAAAA"
"chr1","1815290","1815579","KN297008v1","1155679","1155969","28","659611","GGCCGGGCGCAGTGGCTCACGCCTGTAATCCCTGCACTTTGGGAGGCCGAGGTGGGTGGATCCCTGAGGTCAGGAGTTCAAGACCATCCTGGCCAACGTGGCAAAACCCCATCTCTACTAAAAATACAAAAATTAGCCTGGCATGGTGGCGGGCGCCTGTAACCCCAGCTACTTGGGAGGCCGAGGCAGGAGAATGGCTTGAACGCGGGAGGCAGAGGTTGCAGTGAGCCGAGATCACACCATTGCACTCCAGCCTGGGCGACAGAGCGAGACTCCGTCTCAAAAAAAAA","GGCCGGGCCCAGTGGCTTGCGCCTGTGGTCCCAGCACTTTGGGAGGCCAAAGTGGGTGGATCACCTGAGGTCAGGAGTTTGAGACCAGCCTGGCCAACATGGTAAAACCCCATCTCTACTACAAATACAAAAATTAGCCAGGCATGGTGTCGGGCGCCTGTAATCCCAGCTACTTGGGAGGATGAGGCAGGAGAATTGCTTGAACCCGGGAGGCGGAGGTTGCAGTGAGCCGAGATGGCACCACTGCACTCCAGCCTGGGCGACAGAGTGAGACTCCGTCTCAAAAAATAA"
"chr1","1822436","1822667","KN295405v1","757351","757593","47","1065085","GGTCGGGCCCAGTGGCTCACGCCTGTAATCCCAGCACTTTGGGAGGCCGAGGCGGGTGGATCACCTGAGGTCAGGAGTTTGAGACCACCCAGGGCAACAAGGTGAAACCCCATCTCTACTGAAAATACAAAAAATGAGCCAGGAATGGTGGCAGGCGCCTGTAGTCTCAGCTACTCCGGAGGCTGAGACAGGAGAATCTCTTGAAGCGGGGAGGCGGAGGTTGCAGTGAGCC","GGCCGGGCGCAGTGGCTCTCATGCCTGTAATCCCAGCACTTTGGGAGGCTGAGGTGAGTGGATCACTGGAGGTCAGAAGTTTGAGACCAGCCTGGCCACCATGGTGAAACTCCATCTCTACTAAAAATACAAAGATTAGCCAGGCATGGTGGTGGGCACCTTTAATCCCAGCTATCCAGGAGGCTGAGGCAGGAGAATTGCTTGAACCCAGGAGGCGGAGGTTGTGGTGAGCTGAGATCATGC"
"chr1","1864417","1864728","KN296484v1","351750","352061","38","1512667","GGCCGGGTGCGGGCGCTCATGTCTGTGATCTCAGCACTTTTGGAGGCCGAGGCGGGTGGATCCCTTGAGGTCCGGAGTTCGAGACCAGCCTGACCAACATGGTGAAACCCCGTCTCTACTAAAAATACAAAAATTAGCTGGGTGTGGTGGCAGGCACCTGTCATCCCAGCTACTCAGGAGGCTGAGGCAGGAGAATCGCTTAAACTCAGGAGGTGGAGGCTGCAGTGAGCCAAGATCATGCCACTGCACTCCAGCCTGGGTGACAGAGGAAGACTCTGTCTCAAAAAAATAAAAAGAAAAAAAAAAGAAGAA","GGCCGGGCACAGTGGCTCATGCCTGTAATCCCAGCACTTTGGGAGGCAGAGGAGGGTGGATCACTTGAGCTCAGGAGTTTGAGACCAGCCTGGCCAACATGGTGAAACTCCGTCTCTACTAAAAATACAAAAATTAGCTGGGTGTGGTGGCGGGCACCTGTAATCCCAGTTACTTGGGAGGCTGAGGCAGGAGAATCTCTTGAACCTGGGAGGTGGAGGTTGCAGTGAGCCGAGATTGTGCCACTGCACTCCAGCCTGGGCGACAGAGCAAGACTTTGTCTCAAAAAAAAAAAAAAAAAAAAAAAAAAAAAA"
"chr1","1865905","1866201","KN295708v1","2784035","2784327","32","918130","GGCCGGGCGTGGTGGCTCATGCCTATAATCCCAGCACTTTGGGAGGCTGAGGCGGGTGGATCACCTGAGGTCAGGAGTTCGAGACCTGCCTGGCCAATATGGTAAAACCTCATCTCTACTAAAAATACAAAAATTAGCCGAGTGTGGTGGCGGGCACCTGTAATCCCAGCTACTTCGGAGGCTGAGGCAGAAGAATCACTTGAATCTGGGAGGCAGAGGTTGCAGTGAGCCGAGATCGTGCCATTGCACTCCAGCCTGGGTGATAGAGTGAGACTTCATCTCAAAAAAAACAAGAAA","GGCCAGGCATGGTGGCTTACACCTGTAATCCCAGCACTTTGGGAGGCTGAGGCCGGTGGATCACCTGAGGTCAGGAGATCGAGACCAGCCTGGCCAACATGGTGAAACCCCATCTCTACTAAAAATGCAAAAATTAGCCGGGCGTGGTGGTAGGCACCTGTAATCCCAGCTACTCAGGAGGCTGAGGCAGGAGAATCACTTGAATCTGTGAGGAAGAGGTTGCAGTGAGCCAAGATCGTGCCATTGCACTCCAGCCTGGGCGACAGAGCGAGACTCCGTCTCAAAAAAAAAAA"
"chr1","1872141","1872445","KN297023v1","480259","480560","35","1391882","GGCTGGGCGCGGTGGCTCACACCTGTAATCCCAACAATTTAGGAGGCCGAGGTGGACGGATCACTTGTGGTCAGGAGTTCGAGACCAGCTTCGCCAACATGGTGAAACCTCGTCTCTTCTAAATATACAAAAATTAGCGGGGCGTGGTGGCAGCTGCCTGTAATCCCAGCTACTCAGGAGGCTGAGGCAGGAGAATCGCTTGAACCCAGGAGGAGGAGGTTGCAGTGAGCCAAGATCGCACCACTGCACTCCAGCCTGGATGACAGAGTGAGACTCCGGCTCAAAAAAAAAAAAAAAAAAAAAGA","GGCCGGGCGCGGTGGCTCATGCCTGTAATCCCAGCACTTTGGGAGGCCGAGGTGGGTGGATCACCTGAGGTCAGGAGTTCCAGACCAGCCTGGCAAACATGGTGAAACCCCGTCTCTACTAAAAATACAAAAATTAGCTGGGCGTGGTGGTGGGTGCCTGTAATCCCAGCTACCCAGGAGGCTGAGGCAGGAGAATCGCTTGAACCCAGGAGGTGGAGCTTGCAGTGAGCCAAGATCACACCATTGCACTCCAGCCTGGGCAACAGAGCGAGACTCCGTCTCAGAAAAAAAAAAAAAAAAAA"
"chr1","1875652","1875960","KN294451v1","1139913","1140218","41","735739","GGCCGTGCGCAGTAGCTCACACCTGTAATCCCAGCACTTTGCAGGGCCAAGGTGGATGGATCACTTGAGGTCAGGAGATCGAGACCAACCTGACCAACATGGTAAAACCCCGTCTCTACTAAAAATACAAAAATTAGCTGGGCGTGGTGGTGGGCACCTGTAATCCCAGCTACTCGGGAGGCTGAGGCAGGAAAATCACTTGAACCCGGGAGGCGGAGGTTGCAGTGAGCCTAGATTGTACCACTGTACTCTAGCCTGGGCAACAGTGCAAAAACTCTGTCTCAAAAAAAAAAATTAAATCAAATAAAA","GGTTGGGTGCAGTTGCTCACGCCTGTAAATCCCAGCACTTTGGGAGGCCAAGGTGGGTGGATCACTTGAGGTCAGGAGTTCGAGACCAGCCTGGCCAACATGGTGAAACCCCGTCTCTACTAAAAATGCAAAAATTAGCCGGGCTTGGTGGTGGGTGCCTGTAATGCCAGCTACTCAGGAGGCTGAGGCAGGATAATCACTTGAACCTGGGAGGCAGAGGTTGCAGTGAGCCGAGATTGCACCACTGCATTCCAGCCTGGGCAACAGAGTAAGACTCTGTCTCAAAAAATTAAAAAAAATAAAAAA"
"chr1","1907730","1907957","KN295405v1","757351","757593","49","1150379","GGCTGGGCGCGGTGGCTCAAGTCTGTAATCCCAACACTTTGGGAAGCTGAGGCGGGGGGATCACCTGAGGTCAGGAGTTCGAGACCAGCCTGGCCAACATAATGAAACACTGTATCTACTGAAAATACAAAAATTAGCTAGGTATGGTGGCAGGCACCTGTAATCCCAGCTACTCCAGAGGCTGAGGCACGAGAATCACTTGAACCCAGGAGGTGGAGGTTGCAGTGA","GGCCGGGCGCAGTGGCTCTCATGCCTGTAATCCCAGCACTTTGGGAGGCTGAGGTGAGTGGATCACTGGAGGTCAGAAGTTTGAGACCAGCCTGGCCACCATGGTGAAACTCCATCTCTACTAAAAATACAAAGATTAGCCAGGCATGGTGGTGGGCACCTTTAATCCCAGCTATCCAGGAGGCTGAGGCAGGAGAATTGCTTGAACCCAGGAGGCGGAGGTTGTGGTGAGCTGAGATCATGC"
"chr1","1932866","1933172","KN294193v1","765791","766099","42","1167075","GCCAGGCACGGCAGCTCACGCCTATAATCCCAGCATTTTGGGAGGCCGAGGTGGGTGGATCACTTGAGGTCAGGAGTTCAAGACTAACCTGGCCAACATGGTGAAACCCCCAACTCTACTAAAAATACAAAAACTAGCTGGACATGGTGGCAGGTGCCTGTAATCCCAGCTACTCAGGAGGCTGAGACAGGAGAATCATTTGAATCTGGGAGGCGGAGATTGCAGTGAGCCGTGATCGTGCCACTGCACTCCAACCTGGGCAACAGACCAAGACTCCAACTCAAAAAAAAAAAAAAAAAAAAAGAAA","GGCCGGGCATGGTGGCTCACACCTGTAATCCCAGCATTTTAGGAGGCCAAGGTGGGTGGATCACTTGAGGTCAGCAGTTCAAGACCAGCCTGGCCAACATGGTGAATCCCCGTTTCTACCAAAAATACAAAAAAATTAGCCAGGCATGGTGGCAGGTGCCTGTAGTCCCAGCTACTCTGGAGGCTGAGGCAGGAGAATCGCTTGAACCTGGGAGGTGGAGGTTGCAGTGAGCCAAGATCATGCCACTGTACTCCAGGCTGGGCGACAGAGCAAGACTCCATCTCAAAAAAAAAAAAAAAAAAAAAAAAA"
"chr1","1952640","1952948","KN294193v1","1004756","1005052","44","947884","GGCCGGGCGCGGTGGCTCACGCCTGTAGTCCCAGCACTTTGGGAGACCGAAGCGGGCAGATCACTGGAGGTCAGGAGTTCGAGACCAGCCTGGCCAATGTGATGAAACCCCATCTCTACTAAAAATACAAAAATTAGCCGGGCATGCGTGGTGGCGGATGCCTGTAATTAATCCTAGCTACTCGGGAGGCTGAGGCACGAGAATCACTTGGACCTGGGAGGCGGAGGTTGCGGTGAGCCAAGATTGCACCACTGCACTCCAGCCTGGGCGAGAGAGCGAAACTCTGTCTCAAACAGCAACAACAAAAAA","GGCCGGGCGCAGTGGCTCACGCCTGTAATCCCAGCACTTTGGGAGGCCGAGGTGAGCAGATCACTTGAGGTCAGGAGTTTGAGACCAGCCTGACCAATATGGTGAAACCCCATCTGTACTAAAATACAAAAATTAGCCAGGCATGGTGGCAGGCACCTGTAATGTCAGCTACTCGGGAGGCTGAGGCACGAGAATCACTTGGACCTGGGAGGTGGAGGTTGCAATGAGCTGAGATCACGCCACTGCACTCCAGCCTGGGCAACACAGTGAAACTCTATCTCAAAAAAAAAAAAAAAA"
"chr1","1954634","1954925","KN294239v1","344639","344929","49","1609995","GGAGGCTCACACCTGTAATCCCAGCACTTAGGGAGGCTGAGGCAAGAGGATCGCTTGAGGCCAGGAGTTCAAGATCAGCCTGGGCAAAATGGAGAAATCCTGTCTCTATCAAAACACAAAAATTAGCTGGGCGTGGGGCCAGGAGCCTGTAGTCCCAGCTACTTGGGAGGCTGAGGTGGGAGAATCACCTAAACCTGGGAGGCAGAGGTTGCAGTGAGCCGAGATTGCACCACTGCACTCCAGCCTGGGCGACAGAGCAAGACTCTGTCTCAATTTAAAAAAAAAAAAAAAA","GTGGCTCATGCCTGTAATCCCAGCACTTTGGGAGGCCGAGGTAGATGGATCACCTGTGGTCAGGAGTTTGAGACCAGCCTGGCCAACATGGCAAAACCCCATCTCTACTAAAAATACAAAAATTAGCCGGGCGTGGTGGCGGGTGCCTGTAGTCCCAGCTACTCAGGAGGCTGAGGTGGGAGAATTGCTTGAACCCGGGAGGCGAAGGTTGCAGTGAGCTGAGATTGTGCCATTGCACTCCAGCCTGGGAGACAGAGTAAGACTCTGTCTCAAAAAAAAAAAAAAAAAAAA"
"chr1","1955652","1955955","KN294451v1","1139913","1140218","37","815739","GGCCGGGCGCAACAGCTCACACCTATAATCTCTCAGCACTTTGGGAGGCCCAGGTGGGTGGATCCCTTGAGGTCAGGAGTTCGAGACCAGCCTGGCCAACATGGTGACACCCCGTCTCTACTAAAAACACAAAAATTAGCCGGGTGTGGTGGTGGGTGCCTGTAATCCCAGCTACTCAGGAGGCTGAGGTGGGATAATCAATTGAACCCGGGAGGCAGTGGTTACAGTGAGCTGAGATTGCACCACTGCACTCCAGCCTGGGTGACAGAGCAAGATTCTGTCTCAAAAAAAATAAATAAAAGAA","GGTTGGGTGCAGTTGCTCACGCCTGTAAATCCCAGCACTTTGGGAGGCCAAGGTGGGTGGATCACTTGAGGTCAGGAGTTCGAGACCAGCCTGGCCAACATGGTGAAACCCCGTCTCTACTAAAAATGCAAAAATTAGCCGGGCTTGGTGGTGGGTGCCTGTAATGCCAGCTACTCAGGAGGCTGAGGCAGGATAATCACTTGAACCTGGGAGGCAGAGGTTGCAGTGAGCCGAGATTGCACCACTGCATTCCAGCCTGGGCAACAGAGTAAGACTCTGTCTCAAAAAATTAAAAAAAATAAAAAA"
"chr1","1974284","1974580","KN295090v1","786208","786506","37","1188076","GGCCAGGAGTGGCAGCTCATGCCTGTAATCCCAGCACTTTGGGAGGCTGAGGTGGGTGGACCACTTGAGGTCAGGAGTTTGAGACCGGCCTGGCCAACATGGTGAAACCCCGTCTCTACTAAAAATACAAAAATTAGCTGCGCATAGTGGCAGGTGCCTGTAATCCCAGCTACTCGGGAGGCCGAGGCAAGAGAATCGCTTGAATCCGGGAGGCGAAGGTTGCAGTGAGCTGAGATCACGCCACTGCACTCCAGCCCGGGCAAAAGAGTGAGACTGTCTCAAAAAATAAATAAATAA","GGCTGGGCGCGGTGGCTCACGCCTGTAATCCCAGCACTTTGGGAGGCCGAGGCGGGTGAACCACTTGAGGTCAGGAGTTTGAGACCAGCCTGACCAACATGGTGAAACCCCATCTCTACTAAAAATACAAAAATTAGCTGAGCATGGTGGTGGGCGCCTGTAATCCCAGCAACTCGGGAGGCTGAGGCAGGAGAATAGCTTGAACCCGGGAGGCAGAAGTTGCAGTGAGCAGAGATCACGCCACTGCACTCCGGCCTGGGCAACAGAGCGAGACTCCGTCCCCAAAAAAAAAAAAAGAA"
"chr1","1981918","1982223","KN294571v1","890748","891049","39","1091170","GGCCGGGCGCGGTGGCTCAAGCCTGTAATCCCAGCACTTTGGGAGGCCAAGGCAGGCGGATCACCTGAGGTCAGGAGTTCGAGACCAGCCTGGCCAACACGGTGAAACCCCGCCTCTACCAAATATACAAAAAAAATAGTCAGACATGGTGGCGAGCTCCTGTAGTTCCAGCTATTTGGGAGGCTGAGGCAGGAAAATCCCTTGAACCCAGGAGGTGGAGGTTACAGTGAGCCGAGATCACGCCACTGCACTCCAGCCTGGGTGACAACAGCAAGACTCTGTCTCAAAAAAAAAAAAAAAAAACAA","GGCCGGGTGCAGTGGCTCACACCTGTAATCCCAGCACTTTGGGAGGCCAAGGCAGGCAGATCCCCTGAGGTCACGAGTTCGAGGCCATCCTGGCCAACATGGTGAAACCCCGTCTCTACTAAAAATACAAAAATTAGCCAGGTGTGGTGGCAGGCGCCTGTAATCCCAGCTACTTGGGAGGCTGAAGCAGGAGAATTGCTTGAACCCAGGAGGTGGAGGTTGCAGTGAGCCGAGATCGCGCCATTGCACTCCAGCCTGGGTGACAGTGCAAGACTCTGTCTCAAAAAAAACAACAAAAAAAA"
"chr1","2008998","2009301","KN295998v1","154789","155089","38","1854209","GGCCGGGCGCGGTAGCTCACGCATGTAATCCCAGCACTTTGGGAGGCCGAGGCAGGCGGATTGCCTGAGGTCAGGAGTTCGAGACCAGCCTGGTCAATAGAGTGAAACCCTGTCTCTACTAAAAATACAACAAAAATTTAGCCGGGCGTGGTGGTGGGTGCCTGTAATCCCAGCTACTCTGTAGGCTGAGGCAGGGGAATGGCTTGAACCAGGGAGCTGGAGGTTTCAGTGAGCTGAGAACATGCCACTGTACTCCAGCTTGGGTGACAGAGTGAGATTCCATCTCAAAAAAAAAGAAAGAAAA","GGCTGGGCGCCGTGGCTCACGCCTGTAATCCCAGCACTTTGGGAGGCCGAGGCAGGCGGATCACCTGAGGTCAGGAGTTTGAGACCAGCCTGGCCAACATGGTGAAACCCCGTCTCTACTAAAAATACAAAAAAAATTAGCCGGGCGTGGTGGCAAGCGCCTATAATCCCAGCTACTTGGGAGGCTGAGGTGAGAGAATCGCTTGAACCTGGAAGGTGGTGGTTGCAGTGAGCTGAGATCGTGCCACTGTACTCCAGCCTGGGTGACAGAGTGAGACTCCATCTCAAAAAAAAAAAAAAAA"
"chr1","2009314","2009588","KN296303v1","619965","620237","39","1389349","GGCGAGGTGCAGTAGCTCACACCTGTAATCCCAGCACTTTGGGAGGCTGGAGCAGGCAGATCACCTGAGGTCAGGGGTTCAAGACGAGCCTGGCCAACATGGCGAAACTTTGTCTCTACTAAAAATAAAAAATCAGCCGGATGTGGTGGCAGGTGCCTATAATCCCAGCTACTCAGGAGGCTGAGACAGGAGAATCGCTTGAACCCAGGAGGCGGAGGCTGCAGTGAGCCAAGATCGTACCACTGCACTCCAGCCTGGGGAACAGAGCGAGGCTC","GCCAGGCATGGTGGCTCATACCTGTAATCCCAGCACTTTGGGAAGCTGAGGCAGGTGGATCACCTGACGTCAGGAGTGTGAAAACAGCCTGGTCAACATGGCGAAACTCTGTCTCTACTAAAACTACAAAAATCAGCCGGGTGTGGTGGCAGGGGCCTGTAATCCCAGCTACTTGGGAGGCTGAGGCAGGAGAATCACTTGAACCCAGGAGGTGGAGGTTGCAGTGAGCCAAGATGGCACCACTGCACTCCAGCCTGGGCAACAGAGGGACAC"
"chr1","2025512","2025811","KN296884v1","1685516","1685808","55","339996","GGCGGGGCTCAGTCACTCATGCCTGTAATCCCAACACTTTGGGAGGCTGCAGAGGGCAGATGGCTTGAGGTCAGGAGTTCGAGACCCGCCTGGCCAACAAAGAGTACTAAAAATACAAAAATTAGCCAGGTGTGGTGGCAGGTGCTTGTAATCCCAGCTACTCAGGAGGCTGAGGCAGGAGAATTGTTTAACCCAGGAGGTGGTGACTGCAGTGAGCCAAGATGTTGCCACTGCACTCCAGCCTGGGTAATAGAGCGAGACTCCATCTCAAAAACAAGAAAAGCACATTTAAAAAGAAAA","GACTGGGCGCGGTGGCTCACACCTGTAATCCCAGCACTTTGGGAGGCCAAGACAGGCAGATCACCTGAGATCAGGAGTTCGAGACCAGCGTGGTCAGCATGGTGAAACTAAAAATACAAAAATTAGCCAGGTGTGGTGGCAGGCGCCTGTAATCCTAGCTACTTGGGAGGCTGAGGCAGGAGAATCGTTTGAACCCGGGAGGCGGAGGTTGCAGTGAGTCAAGATCATGCCACTGCACTCCAGCCTGGGAAACAGAGCGAGACTCCATCTCAAAAAACAAACAAAAAAAAGAA"
"chr1","2030510","2030814","KN296487v1","131647","131949","40","1898863","GGCCAGGCCCAGTGGCTTACACCTGTAATCCCAGCACTTTGGGAGGCCCAGGCAGGTGGATCACTTGAGGTTGGGAGTTTGAGACCAGCCTGGCCAACAGGGTGAAACCCCGTCTCTACTGAAAATACAAAGATTAGCTGGGTGTGGTGGCAGGGGCCTGTATTCCCAGCTACTCGGGGGGTTGAGGCATGAGAATTCCTTGAACCCAGGGGGCGGAGGTTGCAGTGAGCCAAGATTGCGCCACTGCACTCCGGCCTGGGTGACAGAGCAAGACCCCTTCTCAAAGAAAAGAAAAGAAAAGAAAA","GGCCAGGTGCCGGTGGCTCACATCTGTAATCCCAGCATTTTGGGAGGCCGAGGTGGGTGGATCACTTGAGGTCAGGAGTTTGAGACCAGCCTGGCCAACATGGTGAAACCCCCTCTCTACCAAAAATACAAAAATTAGCTGGGTGTGGTGGTGGGTGCCTGTAATCCCAGCTACTCGGGAGGCTGAGGCAGGAGAATTGCTTGAACCCAGGACGTGGAGGTTGCAGTGAGCCGAGATTGTGCCACTGCACTCCAGCTTGGGTGACAGAGAGAGACTCAGTCTCAAAAAAATAAAAAAAAAAAA"
"chr1","2058491","2058801","KN294378v1","1504358","1504668","31","554133","GGCCGGGCGCGGTAGCTCACGCCTGTAATCCCAGAACTTTGGGAGGCTGAGGCAGGTGGATCACCTGAGGTCAGGAGTTCAAGACCAGCCTGGCAAACATGGTGAAACCCCGTCTCTACTAAAAATACAAAAATTAGCCGGGCGTGGGGCAGGTGCCTGTAATCCCAGCTACTGGGGAGGCTGAGGCAGGAGAATCGCTTAAACCCGGGAGGTGGAGGTTGCAGTGAGCCGAGATCTCACCACTGCACTCCAGCCTGGGCTACAGAGCAATACTCTGTCTCAAAAAAAAAAAAAAAAGAAAGAAAAAAAAA","GGCCAGGCGCGGTGGCTCACACCTCTAATCCTAGCACTTTGGGAGGCTGAGGCAGGTGGATCACTTGAGGTCAGGAGTTCGAGACCAGCCTGGCCAACATGGTGAAACCCCATCTCTACTAAAAATACAAAAATTAGCTGGGTGTGCTGGCAGGTGCCTATAATCCCAGCTACTCGGGAGGCTGAGGCAGGAGAATCACTTGAACCCGGGGACAGAGGTTGCAGTGAGCCGAGATTGCACCACTTCACTCCAGCCTGGGTGACAGAGCAAGACTCTGTCTCAAAAAAAAAAAAAAGAAAAAGAAAAGAAAA"
"chr1","2071138","2071446","KN294172v1","365590","365904","41","1705548","CCGGGCGCAGTGTCTCACGCCTGCAATCCCAGCACTTTGGGAGGCCGAGGCGGGCAGATCACTTGAGGTCAGGAGTTCTAGACCAGCCTGGCCAACATAGTGAAACCCCGTCTCTACTAAAAAATACAAAAATTAGCTGGGTGTGATGACAGGCACCTGTAGTCTCAGCTACTCGGGAGGCTGAGGCAGGAGAATCGCTTGAACCCAGAAGGCAGAGGTTGCAGTGAGCCAAGATTGTGCCATTTTACTCCAGCCTGGGCAACAGAGCAAGACTCCGTCTCAAAAAAAGAGAGAGAAAGAAAAGGAAAA","GACCAGGCACAGTGTCTCACGCCTATAATCCCAGCACTTTGGGAGGCCGAGGCAGGCAGATCGCCTGAGGTCAGGAGTTCAAGACCAGCCTGGCCAATAAGGTGAAACCCCGTTTCTACTAAAAATACAAAAAAAATTAGCTGGGTGTGGTGGCGGGCGCCTATAGTCCCAGCTACTTGGGAGGCTGAGGCAGGAGAATCACTTGAACCCAGGAGGCAGAGGTTGCAGTGAGCCAAGATCGTGCCACTGCACTCCAGCCTGGGCAACAGAGCGACACTCTGTCTCAAAAAAAAAAAAAAAAAAGAAAAGAAAAGA"
"chr1","2091573","2091879","KN297274v1","913488","913797","39","1178085","GGCCAGGCGAGGTGGCTCACACCTGTAATCCCAGCACTTTGGGAGGCCGAGGCAGGTGGATCACCTGAGGTCAGGCGTTTGAGACCAACCTGGCCAACATGTCAAAACCCCATCTCTACTAAAAAAATACAAAAATTAGCTGGGCATGATGACGGGTGCTTGTAATCCCAGCTACTCAGGAGGCTGAGGCAGGAGAATCGCTTGAACCCGACAGGCAGAGTTTACACAGAGCCGAGATTGCGCCACTGCACTCCAGCCTGGGTGACACAACAAGACTCTGTCTCAAAAAAAAAAAAAAAAAAAAAAA","GGCCGGGCTTGGTGGCTCATGCCTGTAATCCCAGCATTTTGGGAGGCCGAGGTGGGTGGATCACCTGAGGTCAGGAGTTCAAGACCAGCCTGGCCAACATGGCAAAACCCCATCTCTACTAAAAATACAAAAATTAGCTGGGCGTGGTGGCGGGTGCCTGTAATCCCAGCTACCAGGGAGGCTGAGGCAGGAGAATCGCTTGAACTCAGGAGGCAGAGGTTACAATAGCCAAGATTGCACCACTGCACTCCAGTCTGGGTGACAGAGCAAGACTCTGTCTCCAAAAAAAAAAAAAAATTATAAAAAATAA"
"chr1","2121853","2122148","KN296153v1","1090111","1090408","33","1031742","GGCCAGGTGCGATGGCTCATGCCTGTAATCCCAGCACTTTGGGAGGCCAAGGCGGCTGCATCACTTGAGGTCAGGAGTTCGAGACTAGCTTGGCCAACATGGTGAAACCCCGTCTCTACTAAAAATACAAATATTAGCCGGGCGTGGTGGGCGGGCGCCTGTAATCCCAGCTATTCGGGAGGCTGAGGCAGGAGAATCACTTGAATCCAGGAGGTGGAGGTTGCAGTGAGCCAAGATCACACCACTGCACTCCAGCCTGGGAGACAGAGTGACACTGTATCAAAAAAAAAAAAAAA","GGCTGGGTGCGGTCGCTCACACCTGTAATCCCAGCACTTTGGGAGGCTGAGGTGGGTGGATCACCTGAGGTCAGGAGTTCAAGACCAGCCTGGCCAACATGGTGAAACCCTGTCTCTACTAAAAATACAAAAATTAGCCGGGCGTGGTGGGGGGGCGCCTGTAATCTCAGCTACTCGGGAGGCTGAGGCAGGAGAATCACCTGAACCTGGGAGGTGGAGGTTGCAGTGAGCCAAGATCTCACCACTGCACTCCAGCCTGGGTGACAGAGCGAGACTCCATCTCAAAAAAGAAAAAAAA"
"chr1","2136159","2136462","KN294991v1","1180582","1180885","42","955577","GGCCAAACACAGTGGCACATGCCTGTAATCCCAGCACTTTGGGAGGCCGAGGCAGACAGATCACTTGAGGTCAGGAGTTCGGGACCAGCCTGGCCAACATGGTGAAACCCCGTCTCTACTGAAAATACAAAAAACTAGCTGGGTGTGGCGGTGGACACCTGTTATCCCAGCAACTTAGGAGGCTGAGGCAGGAGAATCATTTGAACCTGGGAGGCGGGGGTTACAGTGAGCCGAGATAGCGCCCTTGCACTCCAGCCTGGGTGCAGAGCAAGACTCGGTCTCAAAAACAAAAAAAAAAAACAAA","GCCAGGCACAGTGGCTCATGCCTGTAATCCCAGCACTTTGGGAGGCCCAAGCGGGTGGATCACTTGAGGTCAGGAGTTCGAGAACAGCTGGCCAACATGGTGAAACCCCGTCTCTACTAAAAATAAAAAAATTAGCAGGGCATGGTGGTGGGCACCTATAATCCCAGCTACTCAGGAGGCTGAGGCAGGAGAATCACTTAAGCCTGGGAGGTGGAGGTTGCAGTGAGCCGAAATCGCGCCATTGCACTCCAGCCTGGGTGACAAAGTTAGACTCTGTCTCAAAAAAAAAAAAAAAAAACAAAAA"
"chr1","2138180","2138490","KN295883v1","173429","173738","39","1964751","GTCGGGCGCCGTGGCTCACTCCTGTAATCCCAGCACTTTGGCAGGCCAAGGCAGGTGGATCACCTGAGATCAGGAGTTCGAGACCAGCCTGGCCAACACGGAGAAACCCCGTCTCTACTAAAAATACAAAAAATTAGCCAGGCGTGGTGGCGGGTGCCTGTAATCCCAGGTACGCGGGAGGCTGAGGCATGAGAATAGCTTGAACCCGGAGGCAGAGGTTGCAGTGAGCTGAGATCGTCCCACTGCACTTCAGCCTGGGTGACAGAGTGAGATTCTGTCTCAAAAAAACAAAGGAAAGAAAGAAAAAAAGA","GCCGGGCGCGGTGGCTCATGCCTGTAATCCCAGCACTTTGGGAGGCCGAGGTGGGTGGATCACCTGAAGTCAAGAGTTCGAGACCAGCCTGACCAACACGGTGAAACCCCGTCTCTACTAAAAATACAAAAAATTAGCCAGGCCTGGTGGCAGGTGCCTGTAATCCCAGCTACTTGGGAGGCTGAGGCAGGAGAATCACTTGAACCTGGGAGGCAGAGGTTGCAGTGAGCCAAGATCGTCCACTACACTCCAGCCTTGGTGACAGAGTGAGACTCTGTCTCAAAAAAAAAAAAAAAAATACATAAAGAAA"
"chr1","2153919","2154233","KN297165v1","708082","708397","48","1445837","GGCTGGGTGTGGTGGCTCACGCCTGTAATCCCAGCACTTTTGGGAGGCCGAGGCAGGCGGCTCATGAGGTCAGGAGTTAAAGACTAGCCTGGCTGATATGGTGAAACCACGTCTCTACTAAAAAAAAAAAAAAAAAAAAAAAATACAAAAATTAGCCGGCATTGTGGCAGGTGCCTGTAGTCCCCAGCTACTTGGGAGGGCGAGGCAGGAGAATCGCTTGAACCCGGGAGGCAGAGGTTGCAGTGAGCTGAGATGGCACCACTGCACTCCAGCCTGAGTGACAGAGCAAGAGTCTGTCTCAAAAAAAAAAAAAAA","GGCTGGGCGCAGTGGCTCATGCTTGTAATCCCAGCACTTTGGGAGACCGAGGTGGGCGGATCACCTGAGGTCAGGAGTTCGAGACTAGCCAGGCCAACATGGTGAAACCCCGTCTCTATTAAAAATACAAAACTAAAAATAAAAAATAAAAATTAGCCGACCTTGGTGGCAGATGCCTGTAATCCCAGCTTCTCGGGAGGCTGAGGCAGGAGAATCGCTTGAACCTGGGAGGCAGAGGTTGCAGTGGGCTGAGATCACACCACTGCACTCCAGCCTGGGCAACAGAGTAAGACTCCGTTTCAAAAAAAAAAAAAAA"
"chr1","2159702","2159997","KN295571v1","1155767","1156067","47","1003935","GGTCGGGTGCACTGGCTCACTCCTGTCATTCCAGTGCTTTGGGAGGACAAGGTGGGCAGATCACTTGAGCCCAGGAGACCAGCCTGGGCAACATGGAGAAACCCCATCTCTACAAAAATACAAAAATTAGCTGGGNTGTGGTGGTGGATGCCTGTAGTCCCAGCTACTCGGGAGGCTGAGGCAGGGGAATGGCGTGAACCCGGGAGGCAGAGCTTGCAGTGAGCCGAGATCGTGCCACTGTGCTCCAGCCTGGGCAACAGAGTGAGACTCAGTTTAAAAAAAAAAAAAAAAAAAAA","GGCTGGGCGTGGTGGCTAATGCCTGTAATTCCAGCACTTTGGGAGGCCAAGGCAGCAGATCACTTGAGGCCAGGAGTTCGAGACCAGCCTGGCCAACATGGTGAAACCCCATCTCTACTAAAAATACAAAAATCAGCTGGGTGTGGTGGTGGGTGCCTGTAGTCCCAGCTACTTGGGAAGCTGAGGCAGGAGAATCGCTTGAACCCAGGAGGTGGAGGTTGCAGTGAGCTGAGATGGTGCCACTGTACTCTAGCCTGGGCGACAGAGTGTGACTCCGTCTCAAAAAAAAAAAAAAAAAAAA"
"chr1","2224412","2224716","KN295605v1","232110","232423","45","1992302","GGGTGCGGTGGCTCACGCCTGTAATCCCAGCACTTTGGGAGGTCAAGGCGGGTGGATCACCTGAGGTCAGGAAATCAAGACCAGCCTGGGCAACATGGCAAAACCCCATCCCTACTAAAAATACAAAAATTAGCCAGGTGTGGTGGCGGGCGCCTGTAATCCCAGCTACTCAGGAGGCTGAGGCAGAAGCTTGAACCAGGGAGTCGGAGGTTGCAGTGAGCTGAGAACACACCACGGCACTCCATCCTGGGCGACAGAGCGAGACTTTGTCTCAAAAAATAAAAGAAATATAAAATCAAAATAAA","GCCGGGCGCGGTGGCTCACGCCTGTAATCCCAGCACTTTGGGAGGCCGAGGCGGGTGGATCACCTGAGGTCAGGAATTCGAGACCAGCCTGGCCAACGTGGTGAAACCCCCATCTCTACTAAAAATACAAAAATTGGCCAGGCATGATGGCAGGTACCTGTAATCCCAGCTACTCGGGAGGCTGAAGGGGGAGAACCGCTTGAACCCGTGAGGCGGAGGTTGCAGTGAGCTGAGATCATGCCATTGCACTCCAGCCTGGACGACAGAGCGAGACTCTGTCTCAAAAAAAAAAAAAAAAGAAAATCAAAAAAGAA"
"chr1","2241665","2241904","KN295744v1","305279","305523","34","1936386","CACCTGAGGTCAGGAGTTTGAGACCAACCTGGCCTACATGGCAAAACCCTGTCTCTACTAAAAATCCAAAAAAAATTAGCTGGGCATGGTGGCGGGCGCCTGTAATCCCAGCTACTCGGGAGGCTGAGGCAGGAGAATTGCTTGAACCTGGGAGGCAGAGGTTGCAGTGAGCCGAGATCGCGCCATTGCACTCCAGCCTGGGTGACAGAGCAGAACTCCATCTCAAAAAAAAAACTAAAA","GGTGTATCACCTGAGATCAGGAGTTGGAGACCAGCCTGGCCAACATGGTGAAACCCTGTCTCTACTACAAATATAAAAAATTAGCTGGGCATGGTGGCAGGCGCCTGTAATCCCAGCTACTTGGGAGGCTGAGACAGGAGAATTGCTTTAACCTGGGAGGTGGAGGTTGCAGTGAGCCAAGATCGCGCCATTTTACTCCAGCCTGGGTGACAGAGCGAGACTCTGTCTCAAAATAAATAAATAAA"
"chr1","2245815","2246099","KN296158v1","1192523","1192804","45","1053292","GGCCAGGCACGGTGGCTCACGCCTGTAATCCCAGCACTTTGAGAGGCCAAGGCAGGCGGATCACCTGAGGTCAGGAGTTCAAGACCAGCCTGGCCAACGTGGCAAAACCCTGTCACTACTAAAAAATACAAAAACTAGCTGGGCATAGTGGCAGGTGCCTGTAGTCCCAGCTACTTGAGAGGCTGAGGCAGGGAGAATTTCTTGAACCCAGGAGGCAGACAGAGGTTGCAGTGAGCCGAGATCATGCCACTGCACCCCAGAGCAAGACTCCATCTCAAAAAAAAA","GGCCAGGCGCAGTGACTCACACCTGTAATCCCAGCACTTTGGGAGGCTGAGGCAGGCGGATCACCTGAGGTCAGGAGTTCAAGCCCAGCCTGGCCAACATGACAAAACCCTGTCTCTACAAAAAATACAAAAATTAGCCAGGCGTGGTGGCAGGTGCCTGTAATCCCAGCTACTTGGGAGGCTGAGGCAGGAGAATCACTTGAACCCAGGAGGCAGAGGTTGCAGTGAGCCGTACCACTGCACTCCAACCTGAGTGACAGAGCAAGACTCTGTCTCAAAAAA"
"chr1","2301677","2301982","KN296153v1","1336190","1336496","40","965487","GGCCAGGCGCAGTGGCTCACGCCTGTAATCCCAGCACTTTGGGAGGCTGAAGGAGGAGGATCACCTGAGGCCAGGAGTTTGAGACCGTCCTGGCCAACATGGAAACCATGTCTCTACTAAAAATACAAAAATTAGCCGGGCATGGTGGCAGGTGCCTGTAATCTTAGCTACTCGGGAGGCTGAGGCAGGAGAATCGTTTGAACCCAGGAGGTGGAAGTTGCAGTGAGCCGAGATCGCGCCAGTGCACTCCAGCCTGGAGGACAGTGCAAGACTCCACCTCAAAAAACAAACAAACAAACAAACAAA","GGCCAGGCACGGTGGCTCACACCTGTAATCCCATCACTTTGGGAGGCTGAGGTGGGCAGATCACCTGAGGTCAGGAGTTTTAGACCAGCCTGGCCAACATGGCGAAACCCAGTCTCTACTAAAAATACAAAAATTAGCCGGGCATGGTGGCAGGTGCCTGTAATCCTAGATACTCAGGAAGCTGAGGCAGGAGAATCGCTTGAACTCAGGAGGCAGAGGTTGCAGTGAGCCAAGATTGCACCACTGCACTCCAGCCTGGGTGACAGAGCAAGACTCCATCTCAAAAAAAAAAAAAAAAAAAAAAAGA"
"chr1","2328591","2328881","KN295371v1","448057","448341","38","1880534","GGCCAGTCACTGTGGCTCATGCCTGTAATCCCAGCACTTTGGGAGGCTGAGGTGGGTGGATCACCTGAGATTAGGAGTTCGAGACCAGCCTGGGCAACATGGTGAAACCCTGTCTCTACTCAAAATACAAAAATTTATCTGTGTGTGGTGGCAAGCACCTGCAATCCCAGCTACTTGGGAGGCTGAGGCAGGAGAATCGCTTGAACCTGGGAGGTGGCAGAAGTTGCAGTGAGCTGAGATGGTGCCACTGCACTCCAGCCTGGGTGACATAGTGAGACGCTGTCTCAACAA","GGCCAGGCACGGTGGCTCATGCCTGTAATCCCAGCACTTTGGGAGGCTGAGGCAGGTGGATCACCTGAGGTCAGGAGTTCGAGACCAGCCTGGTCAACATGGCGAAACCCTATCTCTACTAAAAATACAAAAATTAGCCGGGTGTGGTGGTAGGTGCCTGTAATCCCAGCTACATGGGATGCTGAGGCAGGAGAATTGCTTGAACCCAGGAGCCAGAGGTTGCAGTGAGCCGAGATCATGCCACTGCACTCCAGCCTGGGTGACAGAGCGAGACTCCGTCTCAAA"
"chr1","2433032","2433258","KN295977v1","1276894","1277103","56","1156138","GGCCGAGCATGGTGGCTCACGCCTGTAATCCCAGCACTTTGGGAGGTGGAGGCGTGCGGATCATCTGAGATCAGGAGTTTGAGACCATCCTGAGTAACATGGTGAAACCCCGTCTCTAGGAAGAATACAAAAATTAACTGGGCATGGTGTCAGGTGCCTTGTAATCCCAGCTACTCGGGAGGCTGAGGCGGGAGAATCGCTTGAACCTGGGTGGCAGAGGTTGCAGT","GGACAAGCACGGTGGCTCATGCCTGTAATCCCTGCACTTTGGGAGGTCAAGGCGGGTGGATCGCTTGAGGTCAGGAGTTTGAGACCAGCCTGGCCAATATGATGAAACCCCCTCTCTACTAAAAATACAAAAATTAGCCAGGCTTTGTGGCGGGTGCTCGTAATCCCATCTGCTAAGGAGGCTGAGGTAGGAGAATCACCTGAACTTGTA"
"chr1","2449334","2449629","KN296541v1","3209254","3209550","35","759920","GGCAGGGCGAGGTGGCTCACGCCTGTAATCCCCACACTTTGGGAGGCCGAAGCGGGCAGATCATTTGAAGTCAGAAGTTTGAGACCAGCCTGGCCAACATGGTGAAACCCGGCCTCTACTAAAAATACAAAAACTAGCTGGGCATGGTGGCGGGTGCCTGTAATCCCAGCTACTCGGGAGGCTGAGGCAGGAGAATCGCTAGAACCCAGGAGGCAGAGGTTGCAGTGAGCTGAGATCCCACCACCGCATTCCAGCCTGGGCAAGTGAGCGAGACTCCATCTCAAAAAATAAAAGAA","GGCCAGGCGTGGTGGCTCACGCCTGTAATCCCAGCACTTTGGGAGGCCGAGGTGGGCAGATCACCTGAAGTCGGGAGTTCGAGACCAGCCTGGCCAACATGGTGAAATCCCATCTCTACTAAAAATACAAAAATTAGCCGGGTATAGTGGCGGGTGCCTGTAATCCCAGCTACTCAGGAGGCTGAGTCAGGAGAATCGCTTGAACCCAGGAGGTGGAGGTTGCAGTGACCCGAGATTGCACCATTGCATTTCAGCCTGGGCAACAGAGCGAGACTCCATCTCAAAAAAATAAAAGAA"
"chr1","2461757","2462048","KN296017v1","409388","409679","21","2052369","GGCCAGGCATGGTGGCTCACGCCTGTAATCCCAGCACTTTGGAAGGCGGAGGTGTGCGGATCATCTGAGATCAGGAGTTTGAGACCATCCTGAGTAACATGGTGAAACCCCATCTCTATGAAAAATACAAAAATTAACTGGGTGTGGTGTTGGGCACCTGTAATCCCAGCTACTTGGGAGACTGAGGCAGGAGAATCACTTGAACCTGGGAGGCAGAGGTTGCAGTGAGCTGAGACCGCGCCACTGCACTCCAGACTGGGCGATGAGCAAAACTCCATCTAAAAAAAAAAAA","GGCCGGGCATGGTGGCTCATGCCTGTAATCCCAGCACTTTGGGAGGCGGAGGTGGGCGGATCACCTGAGATCAGGAGTTTGAGACCATCCTGACTAACATGGTAAAACCCCGTCTCTATGAAAAATACAAAAATTAACTGGGCATGGTGTTGGGCACCTGTAATCCCAGCTACTTGGGAGGCCGAGGCAGGAGAAGCACTTGAATCTGGGAGGCAGAGGTTGCAGTGAGCTGAGATCACGCCACTGCACGCCAGCCTGGGCAATGAAGAAAACTCCATCTAAAAAAAAAAAA"
"chr1","2463849","2464144","KN296017v1","407444","407739","19","2056405","GGCCGGGCACGGTGGCTCATGCCTGTAATCCCAGCACTTTGGGAGGCCAAGGTGTGTGGATCACCTGAGGTCAGGAGTTCAAGACCAGCCTGGCCAACATGGTGAAACCCCGTCTCTACTAAAAATACAAAATTAGCGGGGCATGGTGGCAGGTGCCTGTAGTCCCAGCTACTCGGGAGGCTGAGGCAAGAGAATGCCTTGAACCCGGGAGGCAGAGGTTGCAATGAGCCAAGATCTCGCCACTGCACTCCAGCCTGGGCGACAGAGCAGGACTCTGTCTCAAAAAAAAAAAAAAA","GGCCTGGCGCAGTGGCTCACGCCTGTAATCCCAGCACTTTGGGAGGCCGAGGTGTGTGGATCACCTGAGGTCAGGAGATCAAGACCAGCCTGGCTAACATAGTGAAACCCCGTCTCTACTAAAAATACAAAATTAGCACGGCATGGTGTCAGGTGCCTGTAGTCCCAGCTACTTGGGAGACTGAGGCAAGAAAATGCCTTGAACCCGGGAGGCAGAGGTTGCGATGAGCCAAGATCTCACCACTGCACTCCAGCCTGGGCAACAGAGCGGGACTCTGTCTAAAAAAAAAAAAAAAA"
"chr1","2505793","2506104","KN296635v1","4969030","4969343","33","2463237","GGCCAGGTGTGGTGGCTCATGCCTGTAATCCTAGCACTTTGGGAGGCCAAGGTGGGCAGATCACTTGAGGTCAGGAGTTTGAGACCAGCCTGGCCAACATGGTGAAACCCCGTCTCTACTAAAATTACAAAAATTAGCCAGGCATGGTGGTGGACACCTGTAATCCCAGCTTCTCAGGAGGCTGAGGCATGAGAATCACTTGAATCCAGGAGGCAGAGGTTGCATGGATCCGAGATCGCGCCACTGCATTCCAGCCTGGGCGACAGAGTGAGACTCTATCAAAAAAAAAAAAAAAAAAAAAAAAAAAAAAAA","GGCCGGGTGCAGTGGCACAGGCCTGTAATCCTAGCACTTTGGGAGACCAAGGCAGGCAGATCACTTGAGGTCAGGAGTTCAAGACCAGCCTGGTCAACGTGGTGAAACCCCGTCTCTACTAAAAATACAAAAATTAGCTGGGCATGGTGGTGGGCGCCTGTAATCCCAACTACTCAGGAGGCTGAGGCAGGAGAATCACTTGAACCCAGGAGGTGGAGGTTGCAGTGAGCCGAGATTGTGCCACTGCACTCCAGCCTGGGCGACAGAGTAAGACTCTGTCTCAAAAAAAAAAAAAAAAAAAAAAAAAAAAAAAA"
"chr1","2509401","2509694","KN296017v1","364789","365091","27","2144612","GGCCGGGCGCGGTGGCTCACGTCTGCAATCTCAGCACTTTGGGAAGCCAAGGCGGGTGGATCACCTGAGGTCAGGAGTTTGAGACCAGCCTGGCCAACATGGCAAAATCCCATCTCTACTAAAAATACAAAAATTATTTGGGCGTGGTGGTGGTCACCAGTAATCCCAGCTACTTGGGAGGCTGAGGCAGGAGAATCGCTTGAATCTGGGGGCGAAGGTTGCAGTGAGCCAAAATAGTGTCACTTCGCTCCAGCCTGGGTGAAAGAGTGAAACTCTGTCTCAAAAAAAAAAAAA","GGCTGGGCACGGTAGCTCACATTTGCCATCTCAGCACTTTGGGAAGCCAAGGTGGGTGGATCACCTGAGGTCAGGAGTTCGAGACCAGTCTGGCCAACATGGCAAAATCCCATCTCTACTAAAAATACAAAAATTATTTGGGGGTGGTGGTGGGCCCCAGTAATCCCAGCTACTCGGGAGGCTGAGGCAGGAGAATCGCTTGAATCTCGGGGGCGGAGGTTGCAGTGAGCCAAAATAGCGTCACTTCACTCCAGCCTGGGTGAAAGAGTGAAACTCCATCTCAAAAAAAAAAAAAAAAAAAAA"
"chr1","2607714","2608024","KN296017v1","269572","269883","30","2338142","GGCTGGGCACGGTGGCTCATGCCTGTAATCCCAGCACTTTGGGAGGCCAAGGCGGGTGGATCACTTGAGGTCAGGAGTTTTAAACCAGCCTGGCCAATATGGTGAAACCCTGTCTCTACTAAAAATGCAAAAATTAGCCAGGTGTGGTGGTGGGCACCTGTAATCCCAGCTACTAGGGAGGCTGAGGCAGGAGAATCACTTGAACCCAGGCAGCGGAGGTTGCAGTGAGCCGAGATTGCACCACTGCATGCCAGCCTGGGCAACAGAGCGAGACTCCATTTTAATTAAATAAAAAAGAAGGAAAGAAAAGA","GGCTGGGCACAGCGGCTCACGCCTGTAATCCCAGCACTTTGGGAGGCCGAGGCAGGTGGATCACTTGAGGCCGGGAGTTCGAGACCAACCTGGCCAATGTGGCAAAACCCCATCTCTACTAAAAATGCAAAAATTAGCCAGGTGTGGTGGCAGGCACATGTAATCCCAGCTAGTAGGGAGGCTGAGGCAGGAGAATCACTTGAACCCGGGCAGCAGAGGTCGCAGCGAGCTGAGATTGCACCACTGCATGCCAGCCTGGGAAACAGAGTGAGACTCCATTTCAATTAAATAAAAAAAGATGGAAAGAAAAGA"
"chr1","2669408","2669713","KN296017v1","208184","208490","31","2461224","GGCCTGGTGCCATGGCTCACACCTGTAATCCTAACACTCTGGGAGGCTAAAATGTGTGGATCATTTGAAGTCAAGAGTTTGAGACCAGCCTGGCCAACAAGATGAAACCCCATCTCTACTAAAAATACAAAAATTAGCCGGGTGTGGTGGTGGGTGCCTGTAATCCCAGCTACTCAGGAGGCTGAGGCAGGAGAATCCCTTGAACCCAGGAGGCAGAGGTTGCAGTGAGCTGAGATTGCATCATTGCACTCCAGCCTGGGCGACAGAGAAAGACTCCGTTCCCCCCTGCAAAACAAACAAACAAAA","GGCTGGGTGCCATGGCTCACACCTGTAATCCCAACATTTTGGGAGGCTGAAGTATGTGGATCATTTGAGGTCAAGAGTTTGAGACCAGCCTGACCAACAAGGTGAAATCGCATCTCTACTAAAAATACAAAAATTAATGGGGTGTGGTGGTGGGTGCCTGTAATCCCAGCTACTCAGGAGGCTGAGGCAGGAGAATCCCTTGAACCCGGGAGGCAGAGATTGCAGTGAGCTGAGATTGCATCAGTGCACTCCAACCTGGCCAACACAGCAAGACTCCATTCCCCCCTCAAAAAAAAAAAAAAAAAGA"
"chr1","2820658","2820959","KN296345v1","121659","121957","46","2698999","GGTGGCTTACACCTGTAATCCCAGAACTTTGGGAAGCCTAGGACGGTGGATCATTTGAGGTCAGGAGTTCAAGACCAGCCTGACCAACATGGTGAAACCCTGTTTCTGCTAAAAATACAAAAAAGTTAGCCAGGTGTGGTGGCGGGTGCGTGTAGTCCCAGCTACTCGGGAGGCTGAGGCAGGAGAATCACTTGAACCCAGGAGAAGGAGGCTGCAGTGAGCCGAGATCACACCACTGCAACAGCCTGGGTGAGAGAGCGAAACTCTGTCTGAAAAAAAAAAAAAAAAGAAAAGAAAAGAAA","TGGCTCACATCTGTAATCCCAACACTTTGGGAGGTCAAGGCAGGTGGATCACTTGAGGTCAGGAGTTTGAGACCAGCCTGGCCAACATGGTGAAACCCCATCTCTACTAAAAATACAAAAATTAGCCAGGTGTGGTGGTGGGTACTTGTAATCCCAGCTACTTGGGAGGCTGAGGCTGTAGAATCGCTTGAACCCAGGAGGCAGAGGTTGCAGTGAGCCGAGATTGCCCACTGCACTCCAGCCTGGGTGACAGAGTGAAACTCTGTCTCAAAAAAAAAAAAAAAAAAGACAGAAAAAAA"
"chr1","2890119","2890331","KN296495v1","1323826","1324037","39","1566293","CAGCCTGACCAACATGATGAAACCCTGTCTCTACTAAAAAAAAAAAATACAAAAATACAAAAATTAGCTGGGCGTAGTGGTGGACACCTATAATCCCAGCTACTCAGGAGGCTGAGGTATGAGAATTGCTTGAACCTGGGAGGTGGAGGTTGCAGTGAGCCAAGATTGCACCACTGCACTCCAGCCTGGGTGACAGAGGAAGACTCCATCTCA","CCAGCCTGACCAACATGGTGAAACCCCATCTCTACCAAAAATACAAAAAAAAAAAAAAAAAAAAATTAGCCAGGCGTGGTGACAAGAGCATGTAATCCCAACTACTCAGGAGGCTGAGGCAGGAGAATTGCTTGAACCCAGGAGATGGAGGTTGCAGTGAGTCGAGATTGCGCCATTGCACTCCAGCCTGGGCGACAGAGCGAGACTCCGTC"
"chr1","2944357","2944669","KN295748v1","161587","161896","30","2782770","GGCCTGGCATGGTGGCCACACCTGCAATCCCAGCATTTGGGAGGCCAAGGCGGGTGGATCACCTGAGGTCAGGAGTTCGAGACCAGCCTGGCCAACATGGGGGAAACCCCGTCTCTACTAAAAACTACAAAACTTAGCCAGATGTGGTGGCAGGCGCCTGTAGTTCCAGCTACTCGGGAGGCTGGGGCAGGGAGAATTGCTTGAACCCAGGAGGCGGGGGTTGCAGTGAGCTGAGATCAGGCCACTGTACTCCAGCCTGGGCAACAGAGCAAGACTCTGTCTCAAAAAAAAAAAAAAAGAAGGAAAGAAAAGA","GGCCAGGCATGGTGGCTCATGCCTGTAATCCCAGCACTTTGGGAGGCCAAAGCAGGCGGATCACCTGAGGTCAGGAGTTCGAGACCAGCCTGGCCAACATGGTGAAACCCCATCTCTACTAAAAATACAAAACTTAGCCAGGCATGGTGGCAGGCGCCTGTAGTTCCAGCTACTCGGGAGGCTGAGGCAGGAGAATTGCTTGAACTCAGGAGGTGGAGGTTGCAGTGAGCTGAGATCATGCCACTGTGCTCCAGCCTGGGCAACAGAGTGAGACTCTGTCTCAAAAAAAAAAAAAAGAAAAGAAAAAAAA"
"chr1","3087434","3087732","KN294217v1","189253","189564","35","2898181","GGCCGGGCGCAGTGGTTCGCACCTGCAATCCCACCGTTTTTGGAGGCTGAGGTGGGTGGATCACCTGAGGTCAGGAGTTTGAGACCAGCCTAGCCAACATGGCAAAACCCTGTCTCTACTAAAAATACAAAAATTAGCCATGTGTGGTGGCTAGCACCTGAGGTCCCAGCTACTCAGGAGGCTAAGGTAGGAGAATCGCTTAAACCCGGGAGGTGGAGGTTGCAGCGAGCCAAGATCGCGCCATTGCACTCCAGCCTGGGTGACAGAGCGAGATTCTGTCAAAAAAAAAAAAAAAAAAA","GGCCGGGCGCAGTGGTTCACACCTGTAATCCCACCATTTTGGGAGGCTGAGGTGGGTGGATCACCTGAGGTCAGGAGTTTGAAACCAGCCTAGCCAACATGGCAAAATCCTGTCTCTACTAAAAGTACAAAAATTAGCCTGGCGTGGTGGCAGGTGCCTGAGGTCCCAGCTACTCAGGAGGCTAAGGCAGGAGAATCACTTAAACCCAGGAGGTGGAGGTTGCAGTGAGCCAAGATCATGCCATTGCACTCCAACCTGGGTGACAGAGAGAGATTCTGTCTCAAAAAAAAAAAAAAAAAAAAAAAAAAAAAA"
"chr1","3327504","3327804","KN294193v1","656123","656428","37","2671381","GGCTGGGCATGGTGGCTCATGCCTGTAATCTCGGCACTTTGGGAGGCCAAGGCGGGCGGATCACCTGAGGTCAGGAGTTTGAGACCAGCCTGGCCAACATGGCAAAACCCTATCTCTATTAAAAATACAAAAATTAGCCGGGCGTGGTGGTGGGTACCTATAATCCCAGCTACTAAGGAGGCTGAGGCAGGGAGAACCGCTTGAACCCGGGAGGCGGAGGTTGCAATGAGCTGAGGTTGCACCATTGCACTCCAGCCTGGGCGACAGAGCGAGACTGTCTCAAAAAAAAAAAAACAAAAAA","GGCCGGGCATGGTGGCTCATGCCTGTAATCCCAGCACTTTGGGAGGCCCAGGCAGGTAGATCACCTGAGGTCAGGAGTTTGAGACCAGTCTGGCCAACATGGCAAAACCCCATCTCTACTAAAAATACAAAAATTAGCCAGGCCTGGTGGTGGGCGCCTGTAGTTCCAGCTACTCAGGAGGCTGAGGCAGGGGAATCGCTTGAACCCGGGAGGCGGAAGTTGCAGTGAGTCGAGATCACACCACTGCACTCCAGCCTGGGCGACAGAGCGAGACTCTATCTAAAAATAAATAAAATAAAAATAAAA"
"chr1","3378477","3378789","KN297227v1","279040","279344","50","3099437","GCCAGGCATGGTGGCTCACACCTGTAATCCCAGTCCTTTGGGAGGCCAAGGCACGTGTATCACTTCAGCTCAGGAGTTCGAGACCAGCCTGAGCAACATAGTGAAACCCCATTTCTACCAAAAATACAAAAATTAGCCAGGCGTGGTGGCGGGCACCTCTAATTCCAGCTACCGAGGAGGCTGAGGCAGGAGGATTGATTGAACCTGGGAGGTGGAGGTTGCAGTGAGCCAAGATTGCGCCACTGGACTCCAGCCTAGCTGACAGAGCAAGACCCTGTCTCAATAGATAAATAAGTAAATAAATAAATAAATA","GGCCGGGCACGGTAGCTCATGCCTGTAATCCCAGCACTTTGGGAGGCCAAGGTGAGTGTATCACTTGAGGTCAGGAGTTCGAGACCAGCCTGACCAACATGGTGAAACCCCATCTCTACTACAAATACAAAAATTAGCCGGGCATGGTGGCGGGCACCTGTAATCCCAGCTAACTCGGGAGGCTGAGGCAGGAGAATTGCTTGAACCTGGGAGGTGGAGGTTGCAGTGAGCAGAGATTGCGCCACTGCAATCCAGCCTGAGTGACAGAAGGAGACTCCATCTCAAAATAATAATAATAATAACAA"
"chr1","3458827","3459137","KN294217v1","548170","548467","24","2910657","GGCTGGGCACGGTAGCTCACGCCTGTCATCCCTCACAGCCTTTGGGAGGCCGAGGTGGGTGGATCACCTGAGGTCAGGAGTTCGAGACCAGCCTGGCCAACATGGTGAAACCCAGTCTCTACTTAAAATACAAAAATTAGCTGGGCATGGTGGCAGGCACCTGTACTCCCAGCTACTCGGGAGGCTGAGGCACAAGAATTGCTTGAACCTGGGATGGAGAGGTTGCAGCGAGCTGCTATCATGCCACTGCACTCCAGCCTGGGCAACAGAGCAAGACTCTGTCTCAAAAAATAAGATAAAATAAGATAAAA","GGCTGGGCACAGTGGCTCATACCTGTCATCCCTGCACTTTGGGAGGCTGAGGTGGGTGGATCACCTGAGGTCAGGAGTTCGAGACCAGCCTGGCCAACATGGTGAAACCCAGTCTCTACTTAAAATACAAAAATTAGCTGAGCGTGGTGGCAGGCACCTGTACTCCCAGCTACTCGGGAGGCTGAGGCACAAGAATTGCTTCAACCTGGGATGGAGAGGTTGCAGCGAGCTGATATCACGCCACTGCACTCCAGCCTGGGCAACAGAGCAAGACTCTGTCTCAAAAAATAAGATAAAA"
"chr1","3460044","3460343","KN297245v1","1416081","1416379","38","2043963","GGCCAGGCACCGTGGCCCACGCCTGTAATCTCAGCCCTTTGGGAGGCCGAGGTGGGTGGATCACTTGAGATCAGGAGTTCAAGACCAGCCTGGGCAAAATGGTGAAATCTTGTCCCCACCAAAAATACAAAAATTAGCCGGGGGTGGTGTCTGGTGCCTGTAGTCTCAGCTACTCAGGAGGCTGAGGCAGGAGAATTGCTTGAACTTGGGAGGCAGAGGTTGCAGTGAGCCAAGATCACCCCACTGCACTCCAGCCCGGGCAACAGAGCGAGACTCTGTCTCAAAAAAACACACAAAAAA","GGCCAGGCACGATGGCTCACGCCTGTAATCCCAGCACTTTGGGAGGCCGAGGCAGGTGGATCACCTGAGGTCAGGAGTTCGAGACCAGCCTGGTCAATATGGTGAAACCCTGTCTCTACTAAAAATACAAAAATTAGCCGGGCGTGGTGGTGGGCGCCTGTAATCCCAGCTACTCGGGAGTCTGAGGCAGGAGAATTGCTTGAACCCGGGAGGCGGAGGTTGCAGTGAGCCGAGATCACACCACTGCACTCCAGCCTGGTCAACAGAGCGAGACTCTGTCTAAAAAATAAAAAAAAAAA"
"chr1","3505437","3505742","KN296620v1","349918","350214","42","3155519","GGCCAGGCGTGGTGGCTCATGCCTGTCATCCCAGCAATTTGGGAGGACGAGGCAGGCGGATCACCTGAGGTCCGGAGTTCAAGACTGGCCTAGCCAATATGGTGAAACCCCGTCTCTACTAAAACTACAAAAACAAATTAGCTGGGCGTGGTGGTGGGCACCTGTAATCCCAGCTACTTGGGAGGATGAGCAAGGAGAATTGCTTGAACCCGGGAGGCAGAGGTTGCAGTGAGCTGAGATCACGCCACAGCACTCCGGCCTGGGTGACAGAGCAAGACTCTGTCTCGAAAAAAACCAAAAAAGAAA","GGTTAGGCGCGGTGGCTCACGCTTGTAATCCCAGCACTTGGGGAGGCCGAGGCAGGTGGATCACCTGAGGTCAGGAGTTTGAGACCAGCCTGGCCAACATGGTGAAACCCTGTCTCTACTAAAAATACAAAAATTAGCTGGGTGTGGTGGCAGGCACCTGTAATCCCAGCTACTTGGGAGGCTGAGGCAGGAGAATCGCTTGAACCCAGGAGGCAGAGGTTGCAGTGAGCTGAGATCGCGCCATAGTACTCCAGCCTGGGTGACAGAGCTAGACTCCGTCTCAAAAAAAAAAAAAAA"
"chr1","3595337","3595641","KN295079v1","940771","941074","42","2654566","GGTGCGGTGGCTCACACCTGTAATCCCAGCACTTCAGGAGGCCGAGGTAGGTGCATCACCTGAGGTCAGGAGTTTGAGACCAGCCTGGACAACATGGTGAAAGCACATCTCTACCGAAAACACAAAAATTAGCCAGGCGTGGTGGCGAGCACCTTTAATCCCAGCTACTGGGGAGGCCGAGGAAGGAGAATCACTTGAACCTGGGAGGTGGAGGTTGCAGTGAGCCAAGATTGCACCACCGCATTCCAGCCTGGGTGACACAGCAAGACTCCATCTCAAAAAAAAAAAAAAAAAAAAAAGGAAAA","GCCGTGGCTCACGCCTGTAATCCCAGCACTTCGGGAGACTGAGGCAGGTGGATCACCTGAGGTCAGGAGTTTGAGACCAGTCTTGCCAACAGGTTGAAACCCCGTCTCTACTAAAACTACAAAAATTAGCCAGGCGTGATGGCGGACACCTGTAATCCCAGCTACTTGGGAGGCTGAGGTAGGAGAATCTCTTGAACCTGGGAGGCAGAGGTTGCAGTGAGCCAAGATTGCATTGCTGCATTCCAGCCTGGGTGACAGAGTAAAACTCCATCTCAAAAAAAAAAAAAAAAAGAAAAGAAAAGAA"
"chr1","3595693","3595984","KN294217v1","700019","700315","30","2895674","GGCCAGGTGTGGTGGCTGACACCCGTAATCCCCACACTTTGGGAGGCCAAGGCAGGTGGACTGCTTGAGGTCAGGAGTTCAAGACCAACCTGGCCAACATGGTGAAACCTCGTCTCTTTTAAAAATACAAAAACATTAGCCAGACATGATGGTGGGCACCTGTAATGCCAGCTACTCAGCAGGCTGAGGCAGGAGAATCACTTGAACCCAGGAGGCGGACGCTACAGTGAGATTAGACTGTGCCACTGTACTCCAGCCTGGGAGACAAAGCGAGACTCCTTAAAAAAAAAAA","GGCCAGGTGTGGTGGCTCACGCCCATAATCCCCACACTTTGGGAGGCTGAGGCGAGTGGACTGCTTGAGGTCAGGAGTTCAAGACCAACCTGGCCTACATGGTGAAACCCTGTCTCTTTTAAAAATACAAAAAAATTAGCCGGACATGATAGCGGGCGCCTGTAATGCCAGCTACTCAGGAGGCTGAGGCAGGAGAATCACTTGAACCCAGGAGGCAGAGGCTACAGTGAGATTAGACTGTGCCACTGCACTCTAGCAGTGGAGACAAAGGGAGACTCCTGGAAAAAAAAAAAAAAA"
"chr1","3608342","3608643","KN294217v1","711652","711951","32","2896690","GGCCAGGTGTGGTGGCTCATGGCTGTAATCCCAGCACTTTGAGAGGCCATGGCGGGTGGATCACTTGAGGTCAGGAGTTCGAGACCAGCCTGACCAACATGGTGAAAACCCATCCCTACTAAAAATACAAAAATTAGCTGGGCGTGGTGGCGGGCGCCTGTAATCCAAGCTACTTGGGAGGCTGAGGCAGGAGAATTGCTTAAACCTAGGAGGCGGAGGTTGCAGTGAGCCAAGATTGCACCACTGCATTCCAGCCTGGGCGACAGAGCGAGACTCCATCTCAAAATAACAACAAAAAAAGA","GGCCAGGCCAGTGACTCATTCCTGTAATCCCATCACTTTGAGAGGCCGAGGTGGGCGGATCACTTGAGGTCAGGAGTTTGAGACCAGCCTGATCAACATGATGAAAACCCGTCCCTACTAAAAATATAAAAATTAGCCGGGCGTGGTGGTGGGCGCCTGTAATCCAAGCTACTCAGGAGGCTGAGGCAGGAGAATCGCTTAAACCCAGGAGGCAGAGGTTGCAGTGAGCCAGGATTGCACCACTGCATTCCAGCCTGGGTGACAGAGTGAGACTCCATTTCAAAAAAAAAAAAAAAAAAA"
"chr1","3608924","3609230","KN294217v1","712214","712504","33","2896710","GGCCGGGCGTGGTGGCTCACTCCTGTAATCCCAACACTTTGGGAGGCTGAGGCAGGCGGATCACCTGAGGTCAGGAGTTCGAGACCAGCCTAGCCAACATGGTGAAACCCCGTCTTAACTAAAAATACAAAAATTAGCCAGGTGGGGGTGGTGGGCGCCCGTAATCCCAGCTACTTGGAGGCTAGGGCAGGAGCTTCAACCCAGGAGGCAGAAGTTGCACTGAGCTGAGATTGCACCATTACACTCCAGCCTGGGCAACAGAGGGAGGCTCCATCTCAAAAAAAAAAAAAAAAAAAAAAAAAAAAAA","GGCCGGGTGTGGTGGCTCACTCCTGTAATCCCAACACTTTGGGAGGCTGAGGCAGGCAGATCGCCTGAGGTCAGGAGTTTGAGACCAGCCTGGCCAACATGGTGAAACTCCGTCTTAACTAAAAATACAAAAATTAGCCAGGCGGGGTGGTGGGCGCCCATAATCCCAGCTACTTGGAACCTGAGGCAGGAGCTTCAACCCAGGAGGCAGAAGTTGAACTGAGCTGAGATTGTGCCATTGTACTCCAGCCTGGGCAACAGAGGGAGGCTCCATCTCAAAAAAAAAAAAAAA"
"chr1","3618105","3618395","KN294217v1","718762","719064","29","2899343","GGCCAGGCGTGGTGGCTTACACCTGTAATCCCAGCACTTTGGGAGGCCAAGGCAGGCAGATTACTTGAGGTCAGGAGTTCGAGACCAGCCTAGGCAACATGGTGAAACCCTGTCTCTAGTAAAAATACAAAAATCAGTCAGGTGTGGTGGCAGGTGTCAGTAATCCCAGCTAGTTGGAGGCTGAGGCAGAAGAATTGCTTGAACCCAGGAGGCGGAGGTTGCAACGAGCCAGGATTGCGCCACTAAACTCCAGCCTGGATGACAGAGTGAGACTCCATCTCAAAAAAAAAA","GGCCAGGCGTGGTGGCTCACGCCTGTAATCCCAGCACTTTGGGAGGCCAAGGCAGGCAGATTACTTGAGGTCAGGAGTTCAAGACCAGCCTGGGCAACATGGTGAAACCCTGTCTCTACTAAAAATACAAAAATTAGTTGGGTGTGGTGGCGGGTGTCAGTAATCCCAGCTAGTTGGAGGCTGAAGCAGGAGAATCGCTTGAACCCAGGAGGCGGAGGTTGCAATGAGCCAGGATTGCGCCACTACACTCCAGCCTGGATGACAGACCAAGACTCCATCTCAAAAAAAAAAAGAAAAAAAAAA"
"chr1","3620448","3620743","KN296649v1","502099","502397","30","3118349","GGCTGGGCGTAGTGGCTCACGCCTGTAATCCCAGCACTTTGGGAAGCCGAGGTGGGTGGATCACCTGAGGTTGGGAGTTTGAGACCAGCCTGGCCAATATGGTAAAACCCTGTCTCTACTAAAATTACAAAAATTAGCCAGGTGTGGTGGCAGGTGCCTGTAGTCCCAGCTACTTGGGAGGCTGAGGCAGGAGAATCCCTTGAACCCGGGAGGTGGAGGTTGCAGTGAGCCGAGATTGCACCACTGCACTCCAGCCTGGGTGACAGAGTGAGACTCCGTCTCAAAAAAAAAAAAAA","GGCTGGGTGCAGTGGCTCACGCCTATAATCCCAGCACTTTGGGAGGCCAAGGTGGGCGGATCACCTGAGGTCAGGAGTTAGAGACCAGCCTGGCCAACATGGTAAAACCCTGTCTCTACTAAAAATACAAAAATTAGCCGGGCATGGTGGCGGGCACCTGTAATCCCAGCTACTTGGGAGGCTGAGGCAGGAGAATTGCTTGAACCCGGAAGGTGGAGGTTGTAGTGAGCCGAGATGGCGCCACTGCGCTCCAGCCCGGGTGACAGAGTGAGACTCCATCTCAAAAAGAAAACAAAAAA"
"chr1","3625952","3626233","KN294217v1","726830","727111","28","2899122","GGCCAGGCACAGTGGCTCACGCCTATAATCCCAGCACTTTGGGGGCTAAGGCAGGCAGATCACTTGAGGTCAGGAGTTCGAGATCAGCCTGGCCAACATGGTGAAACCCTATAAAAAATTGGCCGGGCACAGTGGCAGGCACCTATAGTCCAGCTACTCAGGAGGCTGAAGCAGGAGAATTGCTTGAACCCGGGAGGTGGAGGTTGTGGTGAGCCAATATTGCGCCACTGCCCTCCAGCCTGGGTGACAGAGTGAGATTCTGTCTCAACAAAAAAAAAAGAA","GGCCAGGCACGGTGGCTCACGCCTATAATCCCAGCACTTTGGGGGCCAAGCCAGGCAGATCACTTGAGGTCAGGAGTTCGAGACCAGCCTAGTCAACATGGTTAAACCCTATAAAAAATTGGCCGGGCACAGTGGCGGGCACCCAGCTACTCAGGAGGCTGAAGCAGGAGAATTGCTTGAACCCAGGAGGTGGAGGTTGTGGTGAGCCAATATGGCACCACTGCCCTCCAGCCTGGGTGACAGAGTAAGACTCTGTCTCAAAAAAAAAAAAAAAAAAGGAAA"
"chr1","3674928","3675231","KN294761v1","363307","363610","30","3311621","GGCCAGGTGCAGTGGCTTACACCTGTAATCCCAGCACTTTGGGAGGCCGAGGTGGGTGGATCACCTGAGATCAGGAGTTCAAGACCAGCCTGGGCAACATGGTGAAACCCCGTCTCTACTAAAAATACAAAAATTAGCTGGGCATGGTGGCGGGCGCTTGTAATCTCGCTATTCGGGAGGCTGAGGCAGGAGAATCGCTTGAGCCCAGGAGGTGGAGGTTGCAGTGAGCTGAGATTGTGCCATTGCACTCTAGCCTGGGTGACAGGCTGAGACTCTGTCTCAAAAAAAAAAAAAAAAAAAAGAA","GGCCAGGCGCAGTGGCTCACGCCTGTAATCCCAGCACTTTGGGAGGCCAAGGAAGGTGGATCACCTGAGGTCAGGAGTTCGAGACCAGCCTGGCCAACATGGTGAAACTCCGTCTCTACTGAAAATACAAAACTTAGCCGAGCATGGTGGCAGGCACCTGTAATCCCAGCTACTCAGGAGGCTGAGGCAGGAGAATCGCTTGAACCCAGGAGGTGGAGGTTGCAGTGAGCTGAGATTGTGCCACTGCACTCTGGCTTAGGTGACAGAGTGAGATTCTGTCTCAAAAAAAAAAAAAAAAAAAAAA"
"chr1","3676927","3677147","KN295406v1","275159","275372","43","3401768","GGCCGGGCACGGTGGCTCACGCCTGTAATCCCAGCACTTTGGGAGGCCGAGACGGGCAGATCACTTGAGGTCAGGAGTTGAGACCAGCCTGGCCAACATGGTGAAACCCCGTCTCTACTAAAAATACAAAAATTAGCCGGGCGTGGTGGCAGGCGCCTGTAATTCCAGCTACTCAGGAGGCTGAGGCAGGAGAATTGCTTGAACCCGGGAGGCAGAGGCTG","CCAAGCACGGTATCTCACGCCAATAACCCCAGCACTTTGGGAAGCTGAGGCAGGCAAATCACTTGAGGTCAGAAGTTCAAGACCAACCTGGCCAACATGGGGAAAACCCGTCTCTACTAAAAATGCAAAATTTAGCCAGGCTTAGTGGCAGGTGCTTGTAACCCCAGCTACTCAGGAGGCTGAGGCAGGAAAAATCACTTAAAACCCAGGAGGT"
"chr1","3685100","3685403","KN295571v1","513084","513393","30","3172016","GGCCGGGCACGGTGACTCATGCCTGGAATCCCAGCACTTTGGGAGGTCAATGTGGGTGGATCACCTGAGGTCAGGAGTTCCAGACCAGCCTGGCCAATATGGTGAAACCCCATCTCTACTAAAAATACAAAAATTAGCCGGGCATGGTGGCGGGCGCCTGTAATCCCAGCTACTTGGGAGGCTGAGGCAGGAGAATCACTTGAACCTGGGAGGCAGAGGTTGCAGTGAGCCGAGATCGCACCACTGCATTCCAGCTTGGTGACAGAGCAAGACTCGTCTCAAAAAAAAAAAAAAAAAAAAAAAA","GGCCCGGTGCGGTGGCTCATGCCTGTAATCCCAGCACTTTGGGAGGCCAAGGCGGGTGGATCACCTGAGGTCAGGAGTTCCAGACCAGCCTGGCCAACCTGGTGAAACCCCGTCTCTACTAAAAATACAAAAAGTAGCTGGGCATGGTGGCAGGCACCTGTAATCCCAGCTACTTGGGAAGCTGAGGCAGGAGAACCACTTGAACCTGGGAGGCGGAGGTTGCAGTGAGCCGAGATCACACCACTGCACTCCAGCCTGGGCGACAGAGCAAGACTCCGTCTCAAAACAAATAAACAACAACAACAAAAAA"
"chr1","3699927","3700231","KN294217v1","801086","801394","32","2898841","GGTCAGGCGCAGTGGCTCATGCCTGTAATCCCAGCACTTTGGGAGGCCGAGGTGGGCAGATCACCTGAGGTCAGGAGTTCGAGAACAGCCTGGCCAACATGGTGAAACCCCGTTTCTACTAAACATACAAAAATTAGCTGGCCGTGGTGGTAGGTGCCTGTAATCCCAGCTACTTGGGAGGCTGAGGCAGGAGAATCACTTTAACCTGAGAGGCGGAGGTTGCAGTGAGCCAAGATTGCATCACTGCACTCCAGCCTGAGTGACAGAGTGAGACCCTGTCTCAAACAAACAAACAAACAAACAAA","GGCCAGGTGCAGTGGCTCATGCCTGTAATCCCAGCACTTTGGGAGGCCAAGGTGCGCAGATCAGCTGAGGTCAGGAGTTCAAGAACAGCCCGGCCAATATGGTGAAACCCCGTTTCTACTGAAAACACAAAAATTAGCTGGCCATGGTGGTGGGCGCCTGTAATGCCAGCTACTTGGGAGGCTGAGGCAGGAGAATCGCTTGAACCCGAGAGGCGGAGGTTGCAGTGAGCCAAGATTGCACCACTGCACTCCAGCCTGGGCTACAGAGTGAGACCCTATCTCAAAAAAAAAAAAAAAAAAAAAAAAAAA"
"chr1","3702995","3703292","KN294217v1","803782","804074","25","2899213","GCCGGGCACAGTGGCTCACGCCTATAATCCCAACGCTTTGGGAGGCTGAGGCAGGCAGATCACTTGAGGTCAGGAGTTCGAGAATAGCCTGGCCAACATAGTGAAACCCCGTCTCCACTAAAAATACAAAAATTAGCCGGGCGTGGTGGTGGGCGCCTATAATCCCAGCTACCTGGGAGGCTAAGGCAGGGGAATCACTTGAACCCAGGAAGCCGAGGTTGCAGTGAGCTGAGATCACGCCATTGCACTCCAGCCTGGGCAACAGAGCGAGACTCTGCCTCTAAAATAAATAAATAAA","GCCAGGCACAGTGGCTCACACCTGTAATCCCAACACTTTGGGAGGCCAAGGCAGGCAGATCACTTGAGATCAGGAGTTGGAGAATAGCCTGGCCAACATGGTGAAACCCTGTCTCTACTAAAAATACAAAAATTAGCTGGGCATGGTGGTGGGCGCCTGTAATCCCAGCTACCTGGGAGGCTAAGGCAGGGGAATCACTTGAACCCAGGAGGCGGAGGTTGCAGTGAGCTGAGATCGTGCCATTGCACTCCAGCCTGGGCAACAGAGCAAGACTCTGCCTCTAAATAAACAAA"
"chr1","3715513","3715794","KN296110v1","270879","271162","39","3444634","GGCTGGGCATGGTGGCTCATGCCTGTAATCCCACCACTTTGGGAGGCTGAGGCAGTGATCACCTGAGGTCAGGAGTTTTAGACCAGCCTGGCCAACATGGTGAAAACCTGTCTCCAGTAAAAACACAAAAATTAGCCGGGCGTAGTGGCAGGCTCCTGTAATCCCAGCCATTCCAGAGGCTGAGGCGAGAATCACTTGAACCCGGGAGGCAGAGGTTGCAGTGGGCCGAGATCACATCTCTGCACTCCAGCCTGGGCAACAGAGTGAGACTCTGGTCTCAAA","GGCTGGGCGTGATGGCTCATGCCTGTAATCCCAGCACTTAGGGAGGCTGAGGCAGGCGGATCACCTGAGGTCAGGAGTTCTAGACCAGCCTGCCCAACATGGCAAAACCTCGTCTCTACTAAAAATACAAAAATTAGCCAGGCTTCATGGTGGGCGCCTGTAATCCCAGCTACTCGGGAGACTGAGGCAGGAGAATCACTTGAATCCGGGAGGCAGAGGTTGCAGTGAGCCAAGATCGCAACACTGCACTCCAGCCTGGGCAACAGAGTGACACTGTGTCTCAA"
"chr1","3837797","3838107","KN296357v1","431311","431620","39","3406486","GGCCGGGCACGGTGACTCATGCCTGAATCCCAGCACTTTGGGAGGCCGAGGCGGGCGGATCACTTGAGGTCAGTTGTTAGAGACCAGCCTGGCCAACATGGTGAAACCCCATATCTACTAAAAATATAACAGTCAGCTGGGTGTGATGGTGGGTGCCTGTAATCTCAGCTACTCAAGAGGCTGAGGCAGGAGAATTGCTTAAACCTGGGAGGTGGAGGTTGCAGTGAGCCAAGATTATGCCACTGCACTCCAGCCTTGGCAACAGAGCGAGACTCCATCTCAAAAAAAGAAAAAAAAAAAAAAAAAAGAAA","GGCTGGGCACAGTGGCTCACAACTGTAATCCCAGCACTTTGGGAGGCCAAGGCGGGTGGATCACCTGAGGTCAGGAGTTCAAGACCAGCATGGCCAACATGGTGAAACCCCATCTCTACTAAAAATACAAAAATTAGCTGGGCGTGGTGGTGGGCACCAGTAATCCCAGCTACTCGGGAGGCTGAGGCAGGGAGAATTGCTTGAACCTGGGAGGTGGAGGTTGCAGGGAGCCAAGATTGTGCCACTGCACTTGAGCCTAGGCAACAGAGCAAGACTCCATCTCAAAAAAAAAAAAAAAAAAAAAAAAAAA"
"chr1","4003270","4003508","KN295405v1","757351","757593","55","3245919","GGCCAGGCGCAGTGGCTCATGCCTGTCATCTCAGCACTTTGGGAGGCCGAGGTGGGTGGATCAGTTGAGGTCAGGAGTTCGAGCCCAGCCTGGGCAACATGGTGAAACCCTGTCGCTACTAAAAATACAAAAATCAGCCTCATCTCATAGCGGGCACCTGTAATCCCAGCTGCTTGGGAGGCTAAGGCATGAGAATACACTTGAGCCTGGGAGACGTGGAGGTTGCAGTGAGTCAAGAT","GGCCGGGCGCAGTGGCTCTCATGCCTGTAATCCCAGCACTTTGGGAGGCTGAGGTGAGTGGATCACTGGAGGTCAGAAGTTTGAGACCAGCCTGGCCACCATGGTGAAACTCCATCTCTACTAAAAATACAAAGATTAGCCAGGCATGGTGGTGGGCACCTTTAATCCCAGCTATCCAGGAGGCTGAGGCAGGAGAATTGCTTGAACCCAGGAGGCGGAGGTTGTGGTGAGCTGAGATCATGC"
"chr1","4029726","4030047","KN294217v1","1052790","1053098","37","2976936","GGCTGGGCACAGTGGCTTATGCCTGTAATCCCAGAACTTTGGGAGGCTGAGGTGGGCGGATCGCCTGAGGTCAGGAGTTTGAGACTAGCCTGGCCAACATGGTGAAACCCCGTCTCTACTAAAAATACAAAAATTAGCCGGGTGTGGTGGTGGTTGCCTGTAGTCCCAGCTACTTGGGAGGCTGAGGCAGGAGAATCACTTGAACCTGGGAGGCGGAGGTTGCAGTAAGCAGAGATGACATCACTGTACTCCAGCCTGGGTGATAGAGCGAGATTCCATCTCAAAAACAAACAAACAAACAAACAAACAAACAAACAAACAA","GGCCGGGTGCAGTGGCTTATGCCTGTAATCCCAGCACTTTGGGAGGCTGAGGTGGGCGGATCGCCTGAGGTCAGGAGTTTGAGACCAGCCTGGCCAACATGGTGAAACTCCGTCTGTACTAAAAATACAAAAATTAGCCAGGTGTGGTCGTGGGTGCCTGTAGTCCCAGCTACTTAGGAGGCTGAGGCAGGAGAATCGCTTGAACCCGGGAGGCAGAGGTTGCAAAGAGCAGAGATCATGTCACTGTAGTCCAGCCTGGGTGACAAGCGAAACTCCATCTCAAAAAAAAAAAAAAAAAAAAAAAAAAAA"
"chr1","4041273","4041568","KN295586v1","829707","830002","31","3211566","GGCTGGGCGTGGTGGCTCACGCCTGTAATCCCAGCATTTTGGGAGGCCGAGGCGGGTGGATCATTGGAGGTCAGGAGTTTGAGACCAGCCTGACCAACATGGTGAAACCCTGTCTCTACTAAAAGTACAAAAATTACCTGGGCATGGTGGTGGGTGCCTGTAATCCCAGCTGCTTGGGAGGCTGAAGCAGGAGAATCACTTGAACCTGGGGGGTGGAGGTTGCAGTGAGCTGAGATTGTGCCATTGCACTCCAGACTGGGTGACAGAGTGAGACTTCATCTTAAAAAAAAAAAAGA","GCTGGGCATGGTGGCTTACGCCTGTAATCCCAGCACTTTGGGAGGCCGAGGCAGGCGGATTACCTGAGGTCAGGAGTTTGAGACCAGCCTGACCAACATGGCGAAACCCTGTCTCTACTAAAAGTGCAAAAGTTAGCTGGGCATGGTGGTGGGTGACTGTAATCCCAACTACTTGGGAGGCTGAGGTAGGAGAATCACTTGAACCTGGGAGGTGGAGGTTGCAGTGAGCCGAGATAGTGCCACTGCACTCCAGCCTGGGTGACAGAGTGAGACTTCATCTCAGGGGGAAAAAAAAA"
"chr1","4042407","4042691","KN297370v1","729604","729894","53","3312803","GCCGGGGGCCGTGGCTCACACCTGTAATCCCAGCACTTAGGGAGAAGGGGCGAGTGGATCACTTGAGGCCAGCAGTTTGAGACCTGCCTGGGCAATGTGGTAAAACCCCATCTGTACTAAAAATGAAAAATTATCCAGGTGTGGTGGTGGATGCCTGCAGTCCTAGCTACTCGGGAGGGTGAGGCAGGAGAATCGCTTAAACCCGGGAGGTTGCAGTGAGCTGAGATCTTGCCACTGTACTCCAGCCTGGGCTATAAAGGGAGACTCTGTCTCAAAAAATGAAAA","GCCAGGCGCGGTGGCTCACACCTGTAATCCCAGCACTTTGGGAGGCCAAGGTGGGTGGATCACCTGTGGTTAGGAGTTTGAGACCAGCCTGGCCAACATGGCAAAACCCCATCTCTACTAAAAATACAAAAATTAGCCAGGTGTGGGGGTGGGTGCCTGTAATCCTAGCTACTCAAGAGGCTGAAGCAGGAGAATTGCTTGAACCTGGGAGGTAGAGGCTGCAGTGAGCTGAGGCTGTGCCACTGCACTCCAGCCTGGGTGACAGAGTGAGACCCTGTCTCAAAAAAAAAA"
"chr1","4105321","4105640","KN294217v1","1114631","1114937","32","2990690","GGCCAGGTGTGGTGGCTCACACCTGTAATCCCAGGACTATGGGAGGCCAAGGCTGGGGGATCACTTGAGGCCAGAAGTTCAAGACCAGCCTTGCCAACATGGCAAAACCCCATCTCTACAAAAAAAAAAAAAAATTACAAAAATTAGCCAGGCGTTGTGATGGCCACCTGTAGTCCCAGCTACTCAGGGGGCTAAGGTGGGAGAATCACTTGAACCCAGGAGGTGGAGGTTGCAGTGAGCAGAGATAGAACCCCTGCACTCCAGCCTGGATAACAGAGTGAAACTCCCTCCATCTAAAAAACAAAAAAAAAAAAGAAGAA","GGCCAGGGGTGGTGGCTCACACCTGTAATCCCAGCACTTTGGGAGGCCAAGGCTGGGGGATCACTTGAGGCCAGAAGTTGAAGACCAGCCTGGCCAAAATGGCGAAACCCCATCGCTACAAAAAATAAAAAAATTAGCCGGGTGTTGTGATGGCCACCTGTAGTCCCAGCTACTCAGGGGGCTAAGGTGGGAGAATCACTTGAACCCAGGAGGTGGAGGTTGCAGTGAACAGAGATAGAACCCCTGCACTCCTGGACAACAGAGTGAGACTCCCTCCATCAAAAAAAAAAAAAAAGAAGAAGAAGAA"
"chr1","4192285","4192561","KN294217v1","1193737","1194022","31","2998548","GCCTGTAATCCCAGCACTTCGGGAGGCCGAGATGGGCAGATCACTTGAGGTCAGGAGTTTGAGACCAACCTGGCCAATACAGTGAAACCCTGTCTCTACTAAAAATAGAAAAAGTGAGTCAGGTGTAGTGGCGGGCACCTGCAATCCCAGCTATTTAGGAGGCTGAGGCAGGAGAATCGCTTGAGCCAAGGAGGCGGAGGTTGCAGCAAGCTGAGATCACGCCACTGCACTCCAGCCTGGGCAACAGAGAGACTCTGTCTCAAAAAATAAAAAATAA","GCCTGTAATCCCAGCATTTCAGGAGGCCGAGGTGGGTGGATCACTTGAGGACAGGAGTTTGAGACCAGCCTGGCCAACACAGTGAAACCCCATCTCTACTAAAATAGATAAAGTGAGTCAGGTGTAGTGGCGGGCACCTGCAATCCCACCTACTTAGGAGGCTGAGGTAGGAGAATCGCTTGAGCCAAGGAGGCGGAGGTGGCAGGGAGCTGAGATCACACCACTGCACTCCAGCCTGGGCGACAGAGAGACTCTGCCTCAAAATAAATAAATAAATAAATAATAA"
"chr1","4310517","4310820","KN294217v1","1307438","1307748","29","3003079","GGCCAGGCGTGATGGCTCACGCATGTAATCCCAGCACTTTGGGAAGCCGAGGTGGACAGATCGCCTGAGGTCAGGAGTTCAAGACCAGCCTGGCCAACATGGTGAAAACCTGTCTCTACTAAAAAATACAAAAATTAGCTGGGCATGGTGGTGGGCGCTTGTAATCCCAGCTACTTGGGAGACTGAGGCAGGAGAATCAACTTGAACCTGGGAGGCGGAGGTTGCAGTGAGCCAAGATGGCGCCACTGCACTCCAGCTTGGGTGAAGTGAGGCTCTGTCTTAAAAAAAAAAAAAAAAAAAAAAA","GGCCGGGCGCGATGGCTCACGCATGTAATCCCAGCACTTTGGGATGCCGAGGCGGGCAGATCACCTGATGTCAGGAGTTCAAGACCAGCCTGGCCAACATGGTGAAAACCCATCTTTACTAAAAAATACAAAAATTAGCTGGGTGTGGTGGTAGGTGCTTGTAATCCCAGCTACTTGGGAGACTGAGGCAGGAGAATCACTTGAACCTGGGAGGTGGAGGTTGCAGTGAGCCAAGATGGCGCCCCTGCACTCCAGCCTGGGTGACAGAGTGAGACTCTGTATAAAAAAAAAAAAAAAAAAGAAAAGAAAAA"
"chr1","4375857","4376149","KN294378v1","985099","985394","38","3390758","GGCCATGCATGGTGGCTCACGCCTATAATCCCAGCACTTTGGGAGGCCAAAGCGGGTGGATCACCTGAGGCCGGGAGTTTGAGACCAGCCTGGCCAAATGATGAAACCCCGTCTCTACTAAAAATACAAAAATTAGCTGGGCGTGGTGGCAGACACCTGTGATCCCAGCTACTCGGAAGGCTGAGGCAGGGAGAATAACTTGAACCCGGGAGACAGAGGTTGCAGTGAGCCATGATCACACCATTGCACTCCAGCCTGGGCAACAGAGTGAGACTCTGTTTCCAAAAAAAAAA","GGCCAGGCATGGTGGCTCATGCCTGCAATCCCAGCACTTTGGGAGGCCAAGGCAGGTGGATCACCTGAGGTCAGGAGTTCAAGACCAGCCTGGCCAATGTGGTGAAGCCGCATCTCTACTAAAAATACAAAAATTAGCTGGGTGTGGTGGTGGGCACCTGTAATCCCAGCTGCTCGGGAGGCTGAGGCAGGAGAATTGCTTGAACCCGGGAGGCAGAGGTTGCACTGAGCCAAGATTGCACCATTGCACTACAGCCTGGGCAACGAAGTGAGACTCTGTCTCAACAAACAAAAAAA"
"chr1","4414521","4414853","KN295613v1","302595","302915","58","4111926","GGCCAGGCACCGTGGCTCACGCCTATAATCCTGGCACTTTGGGATGCTGAGGCAGGTGGATCACCTGAGGTCAGGAGGAGTTTGAGACCAGCCTGGCCAACAGGGAGAAACCCCATCTCTACTAAAAATAAAAAAAAAATAAAAAAAAAAAAAATTAGCCGGGCATAGTGGTGAGCACCTATAGTCTGAGCTACTCAGGAGGCTGAGGCATGAGAACTGCTTGAACCTGGGCAGCAGAGGTTGCAGTGACTTGAGATCGTGCCACTGCACTCCAGCCTCGGCGACAGAGTGAGGCTCCGTCTCAATAAAAAATAAATAAATAAACAAAATAAA","GGCCAGGCACGGTTGCTCACGCCCATAATCCTAGCACTTTGGGAGGCTGAGGCAGGTGGATCACTTGCGCTCAGAAGTTCAAAACCAGCCTGGCCAACTTGGTGAAACCCCATCTCTACTAAAAATACAAAAAAAAAAAAAAAAAAAAAATTAGTTGGGCTTGGTGGCAGGTGCCTGTAATCCTAGCTACTCAGGAGGCAGAAGCAGAAGAATCTCTTGAACCTGGGAAGCAGAGGCTGCAGTGAGCAGAGATGGTGCCACTACACTCCAGCTGGGTGACAGAGCGAGACTCCATCTCAAAAAAATAAAAATAAAAATAAA"
"chr1","4417805","4418079","KN295592v1","1986950","1987223","40","2430855","GGCCGGATGGGGTGACTCGCGCCTGTAATCCCAGCACTTTGGGAGGCTGACGGGGTCGGATCATTTGAGGTCAGGAGTTCTCGAGACCAGCCTGGTGAACATGGTGAAACCTCATCTCTACTAAAAATACAAAAATTAGCTGAGCGTGGTCGTGGGCGCCTGTAATCCCAGCTACTCAGGAGGCTGAGGCACGAGAATCTCTTGAACCTGGGAAGCAGAGGTTGCAGTGAGCCAAAATCGCACCACTGCACTCCAGCCTGGGTGACAGAGTGAGA","GGCTGGGCGTAGTGGTTCACGCCTGTAATCCCAGCACTTGGGGAGGCTGAGGTGGGTGGATCATCTGAGGTCAGGAGTTCGAGACCAGCCTGGCCAACATGGTGAAACCCCATCTTTACTAAAAATACAAAAATTAGCTGGGCGTGGTGGTGGGCGCCTGTAATCCCAGCCACTCGGGAGGCTGAGGCAGGAGAATTGCTTGAACCCGGGAGGCGGAGGTTGCAGTGAGCTGAGATCGTGCCACTGCACTTCAGCCTAGATGACAGAGCAAGAC"
"chr1","4523887","4524196","KN296306v1","1908527","1908848","49","2615360","GGCCGGGTGCGGTGGCTCACACCTGTAATCCCTGCACTTTGGGAGGCGAGGTGGGTGGATCACCTGAGGTCAGGAGTTCAAGGCCAGCCTGGCCAACATGACGAAACCCTGTCTCTACTAAAAAAAAAAGAAAAAGAAAAAATTAGCCAGACGTGGTGGCGGGTGCCAGTAATCCCAGCTACTTGGGAGGCTGAGGCAGGAGAATTGCTTAAACCCCGGTAGGCAGAAGTTGCAGCGAGCCGAGATCACACCACTGCACTCCAGCCTGGGTGAAACGCTCTCTCAAAAAAAAAAAAAAAAAAAAAAAAAA","GGCCAGGTGTGGTGGCTCACGCCTGTAATCCCAGCACTTTGGGAGGCTGAGGTGGGTGGATCACCTGAGGTTAGGAGTTTGAGACCAGCCTGGCCAACATGGCGAAACCTGTCTCTACTAAAAATACAAAAAAACAACAAAAAAAATTAGCTGGGCGTGGTGGTGGGCACCTGTAATCCCAGCTACTGGGGAGGCTGAGGCAGGAGAATTGCTTGAACCCAGGAGGCAGAGGTTGCAGTGAGCCGAGATTGTGCCATTGCACTCCAGCCTGGGCGATGGAGCGAGACTCTGTCAAAAAGAAAGAAAAGAAAAGAAAAGAAAA"
"chr1","4556059","4556359","KN294217v1","1555828","1556130","32","3000231","GGCCAGGCACGGTAGCTCATGCCTGTAGTCCCAGCTCTTTGGGAGGCCGAGTTGGGAAGATCACTTGAGGTCAGAAGTTCAAGACCAGCCTGGCCAACATGGTAAAACCCTGTCTCTACTAAAAATGCAAAAAATAGCGGGGCATGGTGGCAGGCGCCTGCAATCCCAGCTACTAGGGAGGCTGAGGCAGGAGAATTGTTTGGACCTGGGAGGAGGAGGTTGCAATGAGCTGAGATTGTGCCACTGCACTCCAGCCTGGGCAACAGAGCGAGACTCTGCCTCCAAAAAAAAAAAAAAAGAA","GGCCAGGTGCGGTAGCTCATGCCTGTAGTCTCAGTTCTTTGGGAGGCCAAGGTAGGAAGATCACTTGAGGTCAGAAGTTTGAGACCAGCTTGGCTAACATGGTAAACCCCCGTCTCTACTAAAAATGCAAACAATAGCCGGGCATGGTGGCAGGCACCTGCAATCCCAGCTACTAGGGAGGCTGAGGCAGGAGAATTGTCTGGACCCGGGAGGCGGAAGTTGCAATGAGCTGTGATTACACCACTGCACTCCAGCTTGGGCAACAGAGCGAGACTCCATCTCAAAAAAAATTAAAAAAAATAA"
"chr1","4824279","4824604","KN294217v1","1810235","1810553","35","3014044","GGCTGGGCCTGGTGGCTCATGCCTGTAATCCCAGCACTTTGAGAGGCTGAGGCGGGCAGATCACCTGAAGTCAGGAGTCCGAGACTAGCCTGGCCAACTTGGTGATACCTCGTCTCTACTAAAAATACAAATATATATATATATGCCGGGTGTGGTGGCTGGGTATGATGGCAGGCGCCTGTAGTCCTAGCTATTTGGGAGGCTGAGGCAGGAGAATCACTTGAACCTGGCAGGCGGAGGTTAGAGTGAGCCAAGATCATGCCACTGCACTCCAGCCTGGGAGACAGAGCGAGACTCCATCTCAAAAAACAAACAAACAAACAAAC","GGCTAGGCCTGGTGGCTTATGCCTGTAATCCCAGCACTTTGAGAGGCTGAGGCGGGCAGATCACTTGAAGTCAGGAGTTCGAGACTAGCCTGGCCAACTTGGTGAAACCTCGTCTCCGCTAAAAACACAAATATATATATGTATATATTAGCTGGGTGTGGTGGCAGGTGCCGGTGGTCATAGCTATTTGGGAGGCTGAGGTGGGAGAATCACTTGAACCTGGGAGGCAGAGGTTAGAGTGAGCCAAGATCATGCCACTGCACTCCAGCCTGGGAGACAGAGCGAGACTCCATCTCAAAAAACAAAAAGAAAAGAAAAA"
"chr1","4890278","4890574","KN295198v1","274974","275272","35","4615304","GCCTGGCATGGTGGTTCACACCTGTAATGCTAGTACTTTGGGAGGCCAAGGTGGGCAGATCACCTGAGGTCAGGAGTTCGAGACCAGCCTGACCAACACGATGAAACCCTGTCTCTACTAAAAATACAGAAAATTAGCTGGACATGGTGGTGGGCACCTGTAATTTCAGCTACTCTGGAGGCTGAGGCAGGAGAATCGCTTGAACCTGGGAGATGGAGGTTGCAGCGAGCCGAGATCACACCACTGCACTCCAGCCTGGGTGACAGAGCGAGACTCTGTCTCACAAAAAAAGTAAAA","GGCTGGGCGTGGTGGCTCATGCCTGTAATCCCGGCACTTTGGGAGGCCAAGGTGGGCAGATCTCTTGAGGTCGGGAGTTCGAGACCAGCCTGGCCAACATGGTGAAACCCCGTCTCTACTAAAAATACAAAAATTAGCTGGGCATGGTGGTGGGTCCCTGTAATCCCAGCTACTCGGGAGCCTGAGGCAGGAGAATCGCTTGAACCTGGGAGGTGGAGGTTGCAGTGAGCTGAGATCACACCACTGCACTCCAGCCCGGGTGACAGAGAGAGACTCTGTCTCAAAAAAAAAAAAAAAAA"
"chr1","4994135","4994428","KN294217v1","1978728","1979037","35","3015407","GGCTGGGTGCAGTGGCTCACACTTGTAATGCCAGCACTTTGGGAGGCCAAGGCAGACAGGTCACCTGAGGTCAGGAGCTCGAGAGCAGCCTGGCCAACATGGTGAAACCCTGTCTCTACTAAAAATACAAAAATTAGCTGGGTATGGTGCTGGGCACCTGTAATCCCAGCTTCTCAGGAGGCTGAGGCAGGCAAATCACTTGAACCCGAGAGGTGGAGTTTGCAGTGAGCCAAGACTGTGCTACTGCATTCCAACCTGGGCAGCATAGTGAGACTCCATCTCAAAAAAAAAAAA","GGCTGGGTTCAGTGGCTCACACTTGTAATGCCAGCACTTTGGGAGGCCAAGGCAGGTGGGTCACCTGAGGTCAGGAGCTCGAGAGCAGCTGGCCAGCATGGTGAAACCTTGTCTTTACTAAAAATACAACAATTAGCTGGGTGTGATGCTGGGCACCTGTAATCCCAGCTTCTCAGGAGGCTGAGGCAGGAGAATCACTTGAACCCAAGAGGTGGAGTTTGCAGTGAGCCAAGATTGTGCCACTGCATTCCAACCTGGGCAACACAGTGAGACTCCATCTCAAAAAAAAAAAAAAAAAAAAAAAACAAAA"
"chr1","5011984","5012299","KN294911v1","2842843","2843153","43","2169141","GGCCTGGGCACAGTGGCTCACGCCTGTAATCCCAGCACTTTGGGAGGCTGAGGTGGGCAGATCACCTGAGGTCAGGAGTTCGAGACCAGCCTGGTCAACATGGTGAAGCCTCATCTCTACTAAAAATACAAAAATTAGCCAGGCATCATGGTGGACACCTGTAATTCCAGTTACTTGGGGGGCTGATGCAGGAGAATCACTTTAACTCAGGAGATGGAGGTTGCAGTGAGCCAAGACTGTACCACTGTACTCCAGCCTGGGTGACAGATTGAGACTCTGTCTCAAAAATAATAATATAAAAAATAAAAAATAAAAA","GGCTAGGTGCAGTGGCTCACGGCTGTAATCCCAGCACTTTGGGAGGCTGAGGTGGGCAGATCACTTAAGGTCAGGAGTTCAAGACCAGCCTGATCATCATGGTGGAACCCCATCTCTGCTAAAAATACAAAAATTAGCCAGGCATGGTGGCGGGCACCTGTAATCCCAGCTACTCAGGAGGCTGAGGCAGGAGAATCACTTGAACCCAGGAGGTGGAGGTTGCAGTGAGCTGAGATCACTGTCACTGCACTCCAGCTTGGGTGACAGAATGAGACTCTGTCTCAAAAAAAAAAAAAAAAAAAAAAAAAAAA"
"chr1","5060945","5061250","KN295034v1","280827","281133","39","4780118","GGCCGGGCTCGGTGGCTCACGCCTGTAATCCCAGCACTTTGGCAGGCTGAGGTGGGCAGATTATGAGGTCAGGAGTTCAAGACCAGCCTGGCCAATATGGGGAAACCACATCTGTACTAAAAATACAAAAATTAGCTGGGCATGGTGGCAGTTGCCTTTAATCCCAGCTACTCGGGAGGCTGAGGCAGGTGAATCACTTGAACCTGGGAGGAAGAGGTTGCAGTGAGCTGAGATCACACCATTGAACTCCAGCCTGGGTGACAGGGTGAGACTGTATCTCAAAAAGAGAAAAAAAAAAAGAATAAA","GACCAGGCGCTGGTGGTCACACCTGTAATCCCAGCACTTTGGGAGGCTGAGGTGGGCAGATCGCTTGAGGTCAGGAGTTCGAGACCAGCCTGGCCAACATGGTGAAAACCCCATCTCTACTAAAAATACAAAAATTAGCTGGGCATGGTGGCAGGCACCTGTAATCCCAGCTACTTGGGAGGCTGAGGCAAGAGAATCGCTTGAACCTGGGAGGCAGAGGTTGCAATGAGCTGAGATCACACCACTGCACTCCACCTGGGTGCCAGAGTGAGGCTCTGTCTCAAAAAAAAAAAAAAAAAAAAAAAAA"
"chr1","5067657","5067961","KN297046v1","1613554","1613860","34","3454103","GGCCAGGTGCAGTGGCTCATGCCTGTAATCCCAGCACCTTGGGAGGCTGAGGTGGGTGGATCATGCAGTCAGGAGTTCGAGACCAGCCTGGCCAACATGTTGAAACCCCATCTCTACTAAAAATACAAAAATTAGCCAGGTGTGGTGGCGGGTGCCTATTATCCCAACTACTCAGGAGGCTGAGGCAGGAGAATCACTTGAATCCGGGAGGTGGAAGTTGCAGTGAGCTGAGATTGCACCACTGCACTCCAGCCTAGGCAACAGAGTGAGACTCCATCTCAAAAAAAAAAAAAGAAAGAAAGAAA","GGCCAGGCGCAATGGCTCATGCCTACAATCCCAGCACTTTGGGAGGCAGAGGTGGGTGGATCACCTGAGGTCAGGAGTTTGAGACCAGCCTGGCCAACATGGTGAAACCCCATCTCTACTAAAACCACAAAAAGTAGCTGGGTGTGGTGGGAGTGCCTATGATCCCAGCTACTCAGGAGGCTGAGGCAGGAGAATCACTTGAACCTGGGAGGTGGAGATTGCAGTGAGCTGAGATTGCGCCACTGCACTCCAGCCTAGGTGACAGAGCAAGACTCCATCTCAAAAAAAAAAAAAAAAAAAAAAAAAA"
"chr1","5073971","5074261","KN295736v1","3413589","3413886","51","1660382","GGCTTATGCCTATAATCCCAGCACTCTGGGAGGCCAAGGCAGGTGGATCAGTTGAGGTCAGGGGTCTGAAACCAGGCTGGCCAACATAGCGAAACCTCACCTCTACTAAAAATACAAAAATTATTCAGGTGTGGTGGCAGATGCCTATAATCCCGGCTACTCAGGAGGCTGAGACATGAGAATTGCTTGAACCCAGGGGTGGAGGTTTCAGTGAGCCGAGATCATGCCATTGCACTATAGCCTGGGTGACAGAGTAAGATTTTCAAAAAAAAAAAAAAAAAAAAGACAAAA","GACTCATGCCTATAATCCCAGCACTTTGGGAGGTCAAGGTGGGTGGATCACTTGAGGTCAGGAGTTCGAGACCACCCTGGCCAATGTGGTGAAACCCCATCTCTACTAAAAATACAAAAATTAGCCCGGCGCGGTGGCAGGTGCCTCTAATCCCAGCTACTTGGGAGGCTGAGGCAGGAGAATTGCTTGAACTCAGAAGGTGGAGGTTGCAGTGAGCCAAGACAGCACCATTGCACTCTAGCCTGGGTGGCAGAGTAAGACTCTGTTGCAAAAAAAATAAAAAAATAAGAAATAAAAA"
"chr1","5112587","5112880","KN294217v1","2097271","2097565","34","3015316","GCTGGGTGCCATGGCTCACGCCTGTAATCCCAGCACTTTGGGAGGCCAAGGTGATTGGATCAATTGAGCTCAGGAGTTGGAGACCAGGCTGGGCAACATGACAAAACCCCATCTCTACTAAAAAATACAAAAATTAGCCAGGCGTCGTGGCAGGAGCCTGTAGTACCAACTACTCGGGAAGCTGAGGTAAGAGAATTGCTTGAACCAGAGGCAGAGGTTGCAGTGAGCTGAGGATCTTGCCACTGCACTCCAGCCTGGGTGACAGGGCAAGACTTCATTTCAAAGAAAAAAAAA","GGCTGGGTGCCATGGTTCACATCTATAATTCCAGCACTTTGGGAGGCCGAGCTGATTGGATCACTTGAGCACAGGAGTTGGAGAACAGCCTGCACAACATGGCAAAACCCCATCTCTACTAAAAAATACAAAAATTAGCCAGGCGTGGTGGCAGGAGCCTGTAGTCCCAACTACTTGGAAGCTGAGGCAGGAGAATTGCTTGAACTGGAGGTAGAGGTTGCAGCGAGCCAAAGATCTCACCACTGCACTCCAGCCTGGGCGACAGAGCAAGACTCCATTTCAAAGAAAAAAAAAA"
"chr1","5200051","5200368","KN294217v1","2194250","2194560","49","3005801","GGCTGGGTGGGTGGCTCACACTTGTAATCCCAGCACTTTGGAAGGCTAAGGCGGGTGGATCACCTGACATTAAGAGTTTGGGACCAGCCTGGCCAACATGGTGAAACGCTATCTCTACTCTAAATACAAAAATTAGCCAGGCGTGGTGGTGGGCATCTGTAATCCCAGCTACTCAGGAGGCTGAGGCAGGAGGCAGGAGAATCGCTTGTACCCTGGAAGCAGAGGCTGCAGTGAGCTGAGATCACACCACTGTACTCTAGCCTGGAAGACAGCGAGACTCCGTCCCCCCAACCAAAAAAAAAAAAAAAAAAAGAAAAA","GGCTGGGCGGGTGGCTCACACCTATAATCCCAGCACTCTGGGAGACCGAGGTGGGTGGATCACCTGACATCAGGAGTTTGAGACAAGCCTGGCCAACATGGTGAAACTCCGTCTCTACTCTAAATACAAAAATTAGCCAGGCGTGGTGGCGGGCACCTATAATCCCAGCTACTTGGGAGGCTGAGGCAGGAGAATCGCTTGGACCCTGGAGGCAGAGGCTGCAGTGATCTGAGATTGCACCACTACACTCCAGCCTGGGAGACAGAGCGAGACTCCATCTCAAAAAAAAAATAAAAAAAAAGAAAAGAAAA"
"chr1","5403511","5403783","KN294187v1","1336441","1336715","42","4067070","GGCCGTGCATGGTGGCTCACTCCTGTAATCCCAGCACTTTGGGAGGCTGAGGCGGGCAGATCATGAGGTCAGGAGTTTGAGACCAGCCTGGGCAACATGGAGAAACCCCATCTCCACTAAAAATACAAAAAGTAGATGGGCGTGGTGGCAGGTGACTGTAATCACCCCTGCTCAGGAGGCTGAGGCAGGAGAATCCTTTGAACCCAGGAGGCTGAGGTTGCAGTGAGCCAAGATTTTGCCATTGCACTCCAGCCTGGGCGACAGGGCAAGACT","GGCCAGGCATGGTGGTTCAAGCCTATAATCCCAGCACTTTGGGAGGCTGAGGTGGGCGGATCACTTGAGGTCAGGAGTTTGAGACCAGCCTGGTCAACATAGTGAAACCCTATCTCTACTAAAAACACAAAAATTAGCCAAGCATGGTGGCAGGTGCATATAATCCCAGCTACTCGGGAGGCTGAGGCAGGAGAATCACTTGAACCAGGGAGGCAGAGGTTGCAGTGAGCCGAGATGGTGCCAGTGCACTCCAGCCTGGGTGACAGAGTAAGACT"
"chr1","5540989","5541298","KN295984v1","1302517","1302824","32","4238472","GGCCGGGCATGGTGGCTCACACCTGTAATACCAGCAGTTTGGGAGGCTGAGGTGGGGGGGTCGCTTGAGGTCAGGAGTTCAAGACCAGCCTGGCCAACATGCAGAAACCCCATCTCTACTAAAAATACAAAAATTAGCCAGGTGTGGTGGTGGGTGCCTGTAATCCCAGCTACTTGGGAGGCTGAGGCAAGAGAATCACTTGAACCCAGGAGGTGGAGGTTGCAGTGAGCTGAGATCATGCCACTGCACTCCAGCCTGGGTGACAGAGCAAGACTGTCTCAAAAAAACAAAAACAAAAACAAAAAACAAA","GGCCAGGCATGGTGGCTCACGTCTGTAATCCCAGCACTTTGGGAGGCTGAGGCAGGTGGATCACCTGAGGTCAGGAGTTCAAGACCAGCCTGGCCAACATGGTGAAACCCCATCTCTACTAAAAATACAAAAATTAGCCAGGCGTGGTGGTGGATGCCTGTAATCCCAGCTACACGGGAGGCTGAGGCAGGAGAATCACCTGAACCAGAGAGGTGAGGTTGCAGTGAGCTGAGATCATGCCATTGTATCCCAGCCTGGGTGACAGAGCAAGACTCTGTCTCAAAAACAAAAACAAAAACAAAACAAAA"
"chr1","5553209","5553498","KN294790v1","272636","272926","37","5280573","GGCCAGGTGCAGTGGCTCAAGCCTGGAATCCCAGCATTTTGGGAGGCTGAGGTGGGCAGATCACCTTAGGTCAGGAGTTTGAGACCAGCTGGCCAACATGGTGAAACCGTCTCTACTAAAAACACAAAAATTAGCTGGACATGGTGGCAGGCGTCTCTAATCCCAGCTGCTCCGGAGGCTGAGGCAGGAGAATTGCTTGAACCTGGGAGTTGGAGTTTGCAGTGAGCCGAGATGGTACCACAGCACTCCAGCCTGGGTGACAGAGTGAGACTCCATCTAAAATAAATAAA","GGCCGGTAGCGGTGGCTCACGCCTGTAATCCCAGCACTTTGGGAGGCCGAGGTGGGCAAATCACCTGAGGTCAGGAGTTGGAGACCAGCCTGGCCAACATTGTGAAAACCCGTCTCTACTAAAAACACAAAAATTAGCCAGGCATGGTGGCAGACGCCTGCAATCCCAGCTACTTGGGAGGCTGAGGCAGGAGAATTGCTTGAACCTAGGAGGCAGAGGTTGCAGTGAGCCGAGATCGTGCCACTGCACTCCAGCCTGGGTGACACAGCGAGACTCCATCTCAAAAAAAAA"
"chr1","5573246","5573551","KN294984v1","57778","58085","36","5515468","GGCTGGGCGCAGTGCCTCAGGCCTGTAATCTCAGCACTTTGGGAGGCTGAGGTGGTGAATCGCTTGAGGTCAGGAGTTCGAGACCAGCCTGGCCAACATGGGGAAACCCCATCTCTACTAAAAATACAAAAATTAGCCAGGCGTGGTTGTGGGTGCCTGTAATCCCAGCTACTTGGGAGGCTGAGGTAGGAGAATCCCTTGAACCCAGGAGGTGGAGGTTGCAGTGAGCCGATATGGCCCCATTGCACTCCAGCCTGGGCGACAGAGCAAGACTTTGTCTCAAAAACAAACGAACAAAAACAAAAA","GGCTGGGCGCAGTGGCTCATGCCTGTAATCCCTGCACTTTGGGAGGCCGAGGTGGGTGGATCACTTGAGGTCAGTAGTTCGAGACCAGCCTGACCAATATGGTGAAACCCCATCTCTACTAAAAATACAAAAAATTAGCCAGGTGTGATGGCAGGCGCCTGTAATCCCAGCTACTTGGGAGGCTGAGGCAGGAGAATCCCTTGAACCCAGGAGGCGGAGGTTGGAGTGAGCCGAGATTGTCCCGTTATACTCCAGCCTGGGCAACAGAGCAAGACTCCATCTCAAAACAAACAAACAAAAAAACAAAA"
"chr1","5671136","5671432","KN296009v1","1147876","1148169","34","4523260","GGCCAGGTGCAGTGGTTCACACCTGTAATCCCAGCACTTCAGGACCCAGAGGCGGGCGGATCACTTGAGGTCAGGAGTTCAAGACCAGCCTGTCCAACATAGCGAAACCCCATCTCTACTAAAAATATACAGAATTACCCAGGCGTGGTGGTGGGCACCTGTAATCCCAGCTACTCCGGAGGCTGAGGCAGGAGAATCGCTTGAACCCAGGAGGAGGAGGTTGCAGTGAGCCAAGATTGTGCCACTGCACTCCAGCCTGGGCATCGGAGTGACAGCCTGTCTCAAAAAAAAAAAAAA","GGCCGGGTGCAGTGGCTCACACCTGTAATCCTAGCACTTTGGGAGGCCGAGGCTGGTGGATCACTTGAGATCAGGAGTTCAAGACTAGCCTGGCCAACATAGTGAAACCCCGTCTCTACTAAAAATACAAAAATGAGCCAGGCATGGTGGTGGGCACCTGTAATCCCAGCTACTCAAGAGGCTGAGGCAGGAGAATCATTTGAACTCAGGAGGCGGAGGTTGCAGTGAGCCAAGATCGTGCCACTGCACTCCAGCCTGGGCAACAGAGTGAGACCTGTCTCAAAAAAAAAAGAA"
"chr1","5743579","5743878","KN297032v1","184087","184386","41","5559492","GGCTGGGCGCGGTGGCTCACACCTTTAATCCCAGCACTTTGGGAGGCCAAGGCAGGTGGATCACCTGATGTCAGGAGTTCAAGACCAGCCCAGCCAATATGTGAAACCCCGTCTCTACTAAAAATACAAAAATTAGCTGGGCATGGTGGCAGGCACCTATAATCCCTACACAGGAGGCTGAGGCAGGAGAATCACTTGAACCTGGGAGGCAGAAGTTTCAGAGAGCCGAGATCGCACCACTGCAGTCTACCCTGGGCAACAGGGTGAGACTCGCATCTCAAATAAATAAATAAATAAATA","GGCTGGGCACGGTGGCTCACGCCTGTAATCCCAGCACTTTCTGAGGCCAAGGCGGGTGGATCACCTGAGGTCAGGAGTTCAAGACCAGCCTGACCAATATGGTGAAACCCTGTCTCTACCAAAAATACAAAAATTAGCTGGGTGTGGTGGCGGGCACCTATAATCCCAGCTACTTGGGAGGCTGAGGCAGGAGAATCACTTGAACCTGGGAGGCGGAGGTTGCAGTGAGCCGAGATCAAGCCATTGCACTCCAACCTGGGCAACACAGTGAGACTCCATCTCAAAAAAAAAAAAAAAAAA"
"chr1","5755593","5755755","KN296743v1","1697064","1697229","26","4058529","GCTGGGTGTGGTATCAGGTGCCTATAATCCCAGCTACCCAGGAGGCTGAAGCAGGGGAATCACTTGAACCTGGGAGGCAGAGGTTGCAGAGAGCTAAGATTGTGCCACTGAACTCCAGCCTGGGTGACAGAGCAAGACTCCATCTCAAAAATAAATAAATAAA","TTAGCTGGGCATGGTGGCAGGGGCCTGTAATCCCAGCTACTTGGGAGGCTGAGACAGGTGAATCACTTGAATTTGGGAGGTAGAGGTTGCAGTGATCCAAGATTGCACCACTGCACTCCAGCCTGGGTGGCAGAGCGAGACTCCATCTCAAAAATAAATAAATAAA"
"chr1","5793421","5793633","KN295405v1","757351","757593","66","5036070","GGCTGGGTGTGGTGGCTCACACCTGTAATCCCAGCACTTTGGGAGGCCGAGGTGGGTGAGTCACCTGAGGTCAGGAGTTTGAGACCCTGTCTCTACTAAAAATACAAAAATTAGCCAGGTGTTGTAGCAGGCGCCTGTGGTCCCAGCTACTTGGGAGGCTGAGACAGCAGAATCACTTGAACCCAGGAGGCAGAGGTTGCAGTGAGCCAAGAT","GGCCGGGCGCAGTGGCTCTCATGCCTGTAATCCCAGCACTTTGGGAGGCTGAGGTGAGTGGATCACTGGAGGTCAGAAGTTTGAGACCAGCCTGGCCACCATGGTGAAACTCCATCTCTACTAAAAATACAAAGATTAGCCAGGCATGGTGGTGGGCACCTTTAATCCCAGCTATCCAGGAGGCTGAGGCAGGAGAATTGCTTGAACCCAGGAGGCGGAGGTTGTGGTGAGCTGAGATCATGC"
"chr1","5816150","5816453","KN295974v1","3009668","3009967","34","2806482","GGCTGGGCACGGTGGCTCACGACTGTGATCCCAGCACTTTGGGAGGCCAAGGTAGGCAGTTCACCTGAGGTCAGGAGGTCGAGACCAGCCTGGCCAACATGGTGAAACCCCATCTCTATTAAAAACACAAAAATTAACCAGGCATGGTGGCAGGTGCCTGTAATCCCAGCTACTCAGGAGGCTGAGGCAGGAGAATCGCTTGAGCCCGGGAGGTGGAGGTTGCAGTGAGCCGAGATCGCACCACTGCACTCCAGCCTGGGCAACAGAGCGAGAATCTGTCTGGAAAAAAAAAAAAAAAAAAAAA","GCTGGGCACAGTGGCTCACGCCTGTAATCCCAACACTTTGGGAGGCCAAGGAAGGCAGATCACCTGAGGTCAGGAGTTCAAGACCAGCCTGGCCAACATGGTGAAACCCCACCTCTACTAAAAACACGAAAATTAGCCAGGCATGGTGGCAAGCACCTGTAATCCCAGCTACTCTGGAGGCTGAGGCAGGAGAATCACTTGAACTTGGGAGGCAGAGGTTGCAGTGAGCCGAGATCGGCCACTGCACTCTAGACTGGGTGACAGAGCGAGACTCTGTCTCAAAAAAAAAGAAAAAAAAAA"
"chr1","5906314","5906612","KN296635v1","4669001","4669302","42","1237313","GGCCGGGTGCAGTGACTCACATCTGCAATCCCAGCACTTTGAGAGGCACACAGATCACCTAAGGTCAGGAGTTCAAGAGCAGCCTGGCCAACATGATGAAACCCCATCTCTACTAAAAATATAAAAATTAGCCAGGCATGGTGGTGGGCACCTATAATCCCAGCTACTTGGGAGGCTGAGCCAGAAGAATCGCTTGAACCTGGGAGATGGAGGTTGCAGTGAGCTGAGACTGCACCACTGCACTCCAGCCTGGGTTACAGAGCAGGACTTCATCTCAAAAAAAAAAAAAAAAAAAAAAA","GCCGGGTGTGGTGGCTCATGTCTGTAATCCCAGCACTTTGGGAGGCCAAGGAAGGCAGATCACCTGAGGTCAGGAGTTCGAGACCAGCCTGGCCAACATGGTGAAATCCCATCTCTACTAAAAATACAAAAATTAGGGGGCAGGGTGGTGGGCAGCTGTAATGCTAGCTACTTGGGAGGCTGAGGCAGGAGAATCGCTTGAACCCAGGAAGATGAGGTTGCAGTGAGCTGAGATGGCACCACTGCACTCCAGCCTGGGTGACAGAGCAAGACTCCATCTCAAAAAAAAAAAAAAAAAAAGAA"
"chr1","5914198","5914491","KN294193v1","425211","425504","32","5488987","GCCAGGCACAGTGGCTCACGCCTGTAATCCCAGCACTTTGGGAGGTCGAGGCGGGTGGATCACCTGAGGTCAGGAGTTCAAGACCACCCTGGCTGACATGGTGAAACCCCATCTTTAGTAAAAATACAAAAATCAGCTGGGCATGGTTGCAGGCACCTGTAATCCCAGCTACTCGGGAGGCTGAGGCAGGAGAATCGCTTGAACCTAGAAGGTGGAGGTTGCAGGGAGCCAAGATCACACCACTGCACTCCAGCCTGGGCGACAGAGTGAGACTCCATCTCAACAACAAAAAAA","CTGGGCATGGTGGCTCACGCCTGTAATCCCAGCACTTTGGGAGGCAGAGGCGGGAGGATCACTTGAGGTCAGGAGTTCAAGACCAGCCTGGCCAACATGGTGAAACCCCACCTCGACTAAAAATACAAAAATTAGCCGGGCGTGGTGGCAGGCGGCTGTAATCCCAGCTACTCGGGAGGCTGAGGCAGGAGAATCGCTTGAACCCAGGAGGCGGAGGTTGCAGTGAGCCAAGATCACACCATTGCACTCCAGCCTGGATGACAGAGTGAGACTCCGTCTCAAAAAACAAAAAAA"
"chr1","5944795","5945092","KN294470v1","2136945","2137241","37","3807850","GGCCAGGCGCCATGGCTCACACCTGTAATCCCAGCATTTTGGGAGGCCGAGGTAGGTGGATCACCTGAGGTCAGGAGTTCGAGACCTGCCTGGCCAACGTGGTGAAACCCCGTCTCTACTGAAAATACAAAAATTAGCTGGGCATGGTCGTGAACACTTGTAATCCCAGCTACTCGGGAGGCTGAGGGAGGAGGATCACTTGAACCCAGAAGGCGGAGGTTGTAGTGAGCCAAGATTGTGCCACTTCACTCTTGCCTGGGTGACAGAGCAAGACTGTCTCAAAAAAAAAAAAAAAAAA","GGCCAGGTGTGGTGGCTCACACCTGTAATCCCAGCACTTTGGGAGGCCGAGGTGGGTGGATCACCTGAGGTCAGGAGTTTGAGACCAGCCTGGCCAACATGGTGAAACCCCATCTGTACTAAAAATACAAAAATTAGCTGGGCATGGTGGTGGGGACCTGTAATCCCAGCTACTTGGGAGGCTGAGGCAGGAGAATCACTTGAACCCAGGAGGTAGAGGTTGCAGTGAGCTGAGAGGGTGCCACTGCACTCCAGCCTGGGTGACAGAACAAGACTCCATCTAAAAAAAAAAAAAAAA"
"chr1","5950027","5950336","KN295244v1","882642","882949","35","5067385","GGCCAGGAGCGGTGGCTCACGCCTGTAATCCCAGCACTTTGGGAGGCCAAGGCAGGCAGATCACCTGAGATCAGGAGTTCGAGACCAGCCTGGTCAACATGGTGAAACCCTGTCTCTACTAAAAACACAAAAATTAGCCAGGTGTGAGGGCAGGTGCCTGTAATCCTAGCAACTGGGGAGGCTGAGGCAGGAGAATTGCTTGAACTCGGGAGGCGGAGGTTGCAGTGAGCCGAGATCATGCCACTGCACTGCAGCCTGGGTGACAGCAAGATTCTGTCTCAAAAAAAAAAAAAAAAAAAAAAAAAGAAAA","GGCTAGGCGCAGTGGCTCACGCCTGTAATCCCAGCATTTTGGAAGACCAAGGCGGGCGGATCACCTGAGGTCAGGAGGTCAAAACCAGCCTGGCCAACATGGTGAAACCCCGTCTCTACTAAAAATACAAAAATTAGCCAGGTGTGGTGGCAGGTGCCTGTAATCCGAGCTACTCAGGAGGCTGAGGCAGGAGAATTGCTTGGACCTGGAAGGCGGAGGTTGCAGTGAGCCGAGATTGTGCCATTGCACTCCAGCCTGGGTGACAGCAAGACTCCTTCTCAAAAAAAAAAAAAAAAAAAGAAAGAAAA"
"chr1","5998790","5999098","KN294592v1","1321409","1321720","40","4677381","GCCAGGCACAGGGGCTCACGCCTGTAATCTCAGCACTTTGGGAGGCCGAGGTGGGTGGATCACCGGAGGTCAAGAGTTCGAAATCAGCCTGGCCAACATGATGAAACCGTCTCTACTAAAAATACAAAAAGTAGCTGGGCATGGTGGCGGGCACCTGTAGTCCTGGCTACTTGGTAGGCTGAGGCAGGAGAATCACTTGAACCTGGGAGGTGGAAGTTGTGGTGAGCTGAGATCCCGCCACTGCACTCCAGCCTGGGTGACAGAGTGAGACTCCATCTCAAAAAACAAAAAACAAAAAACAAAAAAAAA","GGCCGGGCGTGGTGGCTCACGCCTGTAATCCCAGCACTTTGGGAGGCCGAGGCAAATGGATCACCTAAGGTCAGGAGTTCGAGACCAGCCTGGCCAACCTGGTGAAACCTTGTCTCTACTAAAAATACAAAAATTAGCTGGGCGTTGTGGCGGGCACCTGTAATCCCAGCTACTTGGGAGGCTGAGGCAGGAGAATCACTTGAACCCGGGAGGCGGAAGTTACAGTGAGCTGAGATCGCGCCACTGCACTCCAGCCTGGGCGACAGAGTGAGACTCCATCTCAAAAAAAAAAAAAAAAAGAAAAAAGAAAGA"
"chr1","6001281","6001560","KN296138v1","3145","3429","40","5998136","GGTGGCTCACACCTGTAATCCCAGCACTTTGGGAGGCCGAGGCAGGCAGATCACTTGAGGTCAGGAGTTCGAGACCATCTTGGCCAACATAGTGAAACCCCATTGTAAAAAATACAAAAATTAGCCGGGCATGGTGGCAGGTGCCTGCAATCCCAGCTACTCGAGAGGCTGAGGCAGGAGAATTGCTTGAACCTGGGAGGCGGAGGTTGCAGTGAGCCAAGATAGCGCCTCTGCACTGCAGCCTGGGCGTCAGAGCAAGACTGTCTCAAAAAAAAAAAAA","GATGGCTCATGTCTGTAATCCCAGCACTTTGGGAGGCCAAGGCGGGCAGATCACCTGAGGTCAGGAGTTCGAGACCAGCCTGGCCAACATGGTGAAACCCCATCTCTACTAAAAATACAAAAATTAGCCGGGCGTGGTGGTGGGTGCCTGTAATCCCAGCTACTTGGGATACTGAGGCAGGAGAATCGCTTGAACACAGGAGGCGGAGGTTGCAGTAAGCCAAGATTGTACCACTGCACTCCAGCCTGGGTGACAGAGTGAGACTCCATCTGAAAAAAAAAAAAA"
"chr1","6004771","6005056","KN294257v1","2744602","2744887","43","3260169","CATGCCTGTAATCCCAACACTTTGGGAGGCCGAGGCGGGCAGATCACCTGAGGTCAGGAGTTCGAGACCAGCCTGGCCAACATGGTGAAACCCCATCTCTACACAAAAATTAGCCAGGCATGGTGGTGGGCACTTGTAATCCCAGCTACTCAGGAGGCTGAAGCAAGAGAATCACTTGAATCCAGGAGGCAGAGGTTGCAGCGAGCCGAGATCGCACTATTGCACTCCAGCCTGGGTGACAGAGCGAGACTCCGTCTCAAAAATAAATAAATAATAAAAATAGAAA","GCCTGCAATTCCAGCACTTTGGGAGGCTGAGGCAGGTGCATCACCTGAGGTCAGGAGTTCCAGACCAGCCTGGCCAACATGGTGAAACCCCATCTCTACTAAAAATACAAAAAATTAGCCAAGTGTGGTGGTGGGCACCTGTAATCCCAGCTACTCAGGAGGCTGAGGCAGGAGAATCACTTGAACCCAGGAAGCAGAGGTTGTAGTGAGCTGAGATCGCACCACTGCACTCCAGCATGGGTGACAGAGCTAGACTCAGTCTAAAAAAAAATTAAAAAAATAAAAA"
"chr1","6007429","6007737","KN294199v1","68751","69060","40","5938678","GGCTGAACATGGTGGCTCATGTCTGTAATCCCAGCACTTTGGGAGGCCAAGGCAGGCAGATCACTTGAGGTCAGGAGTTCAAGACCAGCCTGGCCAACATGGGGAAACCCTGTTTTTATTAAAAATACAAAATTAGCTGGGTGTCATGGCAGGCACCTGTAATCCCAGCTGTTCAGGAGGTTGAGGCATGAGAATCACTTGAACCCAGGAGGCAGGGGTTGCAGTGAGCCAAGATCGCGCCACTGCACTCCAGCCTGGGTGACAGGGAGACCCTTTTTCAAAAAAAAAAAAAAAAAAAAAAAAAGATAA","GGCCAGGCATGGTGGTTCATGTCTGTAATTCCAGCACTTTGGGAGGCTGAGGTAGGCAGATCACTTGAGGTCAAGAGTTCAAGACCAGCCTGGCCAACATGGTGAAACTCCGTCTCTACTAAAAATACAAAAATTAGCTGGGTGTGGTGGCAGGCACCTGTAATCCCAGCTACTCAGTAGACTGAGGCAGGAGAATCACTTGAACCCAGGAGGCAGAGATTGCAGTGAGCCAAGATCATGCCACTGCACTCCAGCCCGGGCGGCAGAGCAACACTGTCTCAAAAAAAAAAAAAAAAAAAAAAAAAAAGAA"
"chr1","6038646","6038880","KN295967v1","625826","626071","51","5412820","GCCGGGTGAGGTGGCTCACGCCCGTAATCCCAACAGTTTGGGAGGCCAAGACGGGTGGGTTACATGAGGCCAGGAGTTCGAGAGCAGCCTGGGCAACATGGCAAAAGCCTGTCTCTACTAAAAATACAAAAATTAACCAGTCGTGGTGGCGGGCACCTGTAGTCCCAGCTATTCAGGAGGCTGAGGCAGGAGAATCACTTGAACCTGGGAGGCGGAGGTTGCAGTGAGCCAAGAT","GGCTGGGTGCAGTGGCTCACGCCTGTAATCCCAGCACTTTGGGAGGCCAAGGCAGGTGGATTGCTTGAGGTCAGGAGTTCAAGACCAGGCTAACCAACATGGTGAAACCCCGTCTCTACTAAAAATACAAGAATGAGCCGGGCGTGGTGGCGGGCGCCTGTAATACCAGCTGCTCTGGAGGCTGAGGCAGGAGAATCGCTTGAACCCAGGAGGCGGAGTCATTGCACTCCAGCCTGGGCGACAGAG"
"chr1","6059094","6059390","KN294571v1","1575904","1576204","37","4483190","GGCCGGGTGCGGTGACTCACACCTGTAATCCCAGCACTTTGGAAGGCTGGGGCGGGCGGATCACCTGAGGTCAGGAGTTCCAGCCTGGCCAACATGGTGAAACCCCATGTCTACTAAAAATACAAAAATTAGCTGGGCGTGGTGGGGGCGCCTGTAATCCCAGCTACTCAGGAGGCTGAGGCAGGAGAATTGCTTGAACCCAGAAGGGGGAGGTTGCAGTGAGCCGAGATCATATCACTGCACTCCAGCCTAGGCCATAGAGTAAGACTCTGTCTCAAAAAAAAAAAAAAAAGACAA","GGCCGGGCGCTGTGGCTCACGCCTGTAATCCCAGCACTTTGGGAGGCCGAGGTGGGCGGATCACCTGAGGTCAGGAGTTCGAGACCAACCTGGCCAACATGGTGAAACCCCATCTCTACTGAAAATACAAAAATTATCTGGGCGTGGTGTCAGGCGCCTGTAATCCCAGCTACTCGGGAGGCTGAGGCAGGAGAATCGCTTGAACCCGGGAGGTGGAGGTTGCAGTGAGCCGAGATCATGCCATTTCACTCCAGCCTGGGCGACAGAGGGAGACTCTGTCTCAAAAAAAGAAAAAAAGAAA"
"chr1","6099680","6099927","KN297190v1","891642","891888","29","5208038","GTGGGCGGATCACTTGAGGTCAGGAGTTTGAGACCAGCCTGACCAACATGGTGAAATCCTGTCTCTACTAAAAATACAAAAATTAGGCAGGTGTGGTGGCAGGTGCCTGTAATCCCAGCTACTCAGGAGGCTGAGGCAGGAGAATCACTTGAACCCGGGAAGCAGAGGCTACAGTGAGCCGAGATTGCACCACTGCACTCCAGCCTGGGTGACAGAGCGAGACTCCATCTCAAAAAAAAAAAAAAAAA","GTGGATCACTTCAGGTCAGGAGTTCAAGACCAGCCAGGCCAACATGGTGAAACCCCGTCTCTACTAAAAATACAAAAATTAGCCGGGAGTGATGGTGGTGGGTACTTGTAATCCCAGCAACTCAGGAGGCTGAGGCAGGAGAATCACTGGAACCCAGGAGGCAGAGGTTATAGTGAGCCGAGATTGCACCACTGCACTCCAGCCTGGGTGACAGAGCAAGACTCTGTCTCAAAAAAAAAAAAAAAAA"
"chr1","6122860","6123161","KN297047v1","1316088","1316386","45","4806772","GGCCAGGCACAGTGGCTCCCGCCTATAATCCCTGCACTTTGGGAGGCTAAGGTGGAAGGATCCCTTGAGGCTAGGAGTTGGAGACCAGCCTGGCCAACATAGCGAAACCCCATCTCTACTAAAAAATACAAAAATCAGCCAGGCGTGTTGGTGGACATCTGTAGTCCCAGCTACTCAGGAGGCTGAGGCGGGAGAATCACTTGAACCCAGAAGGCAGAGGTTGCAGTGAGCCGAGATCACACCATTGCACTCCAGCCTGGGTGACAGAGTGAGTCTCTGTCTCCAAAAAAAAAGCAAGCAAA","GCCAGGCAAGGTGGCTCAAGCCTGTAATCCCAGCACTTTGGGAAGCTGAGGTGGGCGAATCACCTGAGGTCAGGAGTTTGAGAGCAGCCTGGCCAACATGGTCAAACCCCATCTCTACTAAAAATACAAAAATTAGCCAGGCGTGGAGGTGGGCACCTGTAATCCCAGCTACTCGGAAGGCTGAGGCAGGAGAATCGCTTGAACCCGGGAGGCAGAGGTTGCAGTGAGCCGAGATCGCGCCACTGCACTCCAGCCTGGGTGACAGAGTGAGACTCTGTCTCAAGAAAATGAAAACAAAA"
"chr1","6155868","6156176","KN296528v1","1455309","1455620","43","4700559","GCCAGGCACAGTGGCTCACGCCTGTAATCCCAACACTTTGGGAGGCTGAGGCGAGCAGATAACCAGAGGCCAGGAGTCTGAGACCAGCCTGGCCAACACGATGAAACCCCGTCTCTACTAAAAATACAAAAATTAGCTGGGCGTGGTGGTGGGCGCCTGTAATTCCAACTATTCGGGAGGCTGAGGCTGGAGAATCGCTCAAACCCAGGAGGTGGAGGTTGCAGTGAGCTGGGATCGCACAACTGCCCTCCAGCCTGGGCAACAGAGTGAGACTCCGTCAAAAAAAAAAAAAAAAAAGAGAGAGAGAGA","GGCCAGGCACAGTGGCTCACCCCTGCAATCCCAGGACTTTGGGAGGCTGAGGCAGGCAGATCACCTGAGGTCAGGAGTTCGAGACCAGCTTGGCCAACATGGTGAAACCCCATCTCTACTAAAAATAAAAAAATTAGCTGGGCGTGGTGGTGGGTGCCTGTAATCCCAGCTACTTGGGAGACTGAGGTGGGAGAATCACTTGAACCCAGGAGGCAGAGGTTACAGTGAGCTGAGATTAAACAACTGCCCTCCAGCCTGGGCAACAGAGCAAGACTCCATCTCAAAAAAAAAAAAAAAAAAGAAAGAAAGAAA"
"chr1","6170279","6170586","KN294456v1","1098138","1098439","38","5072141","GGCTGGGTGCAGTGGCTCACACTTGTAATCCCAGAACTTTGGGATGCCGAGGCGGGCAGATCACGGATCACCTGAGGTCAGGAGTTCGAGACCAGCCTGGCCAACATGGAGAAACCCCATCTCTACTAAAAATACAAAAATTAGCCGGGCGTGGTGGTGGGCGCCTGTAATCCCAGCTACTCGGGCGAGTGAGGCAGGAGATTCGCTTCAACCCAGGAGGCAGAGGTTGCAGTGAGCCAAGATTGCGCCACTGCACTCCAGCCTGGGTGACAGAGCGAGACTGTCTCAAAAATAGAAAAAAAAAAAAA","GGCCAGGCGCAGTGGCTCACACCTGTAATCCCAGCACTTTGGGAGGCCGAGGTGGGCAGATCACCTGAGGTCAGGAGTTCCAGACCAGCCTGGCCAACATGGTGAAACCCCATCTCTACTAAAAATACAAAAATTAGCCAGGCGTGGTGGCGGACGCCTGTAATCCCAGCTACTCAGGAGGCTGAGGCAAGAGAACTGCTTGAACCCAAGAGGCAGAGGTTGCAGTGAGCCAAGATCGCACCACTGCACTCCAGCCTGGGTGACAGAGCGAGACTCCGTCTCAAAGAAAAATAAAAAAAGAA"
"chr1","6180417","6180713","KN295814v1","1005137","1005439","41","5175280","GGCTGGGCATGGTGGCTCAGGCCTATAATCCCAGCACTTTGGGAAGCCAAGGCGGGTGGATCACTTGAGGGGAGGAATTTGAGAGCAGCCTGGCCAACATGGTGAAACCCCCGTTTCTACTAAAAATACAAAAATTATCCAGGCATGGTGGCAGGTGCCTGTAGTCTCAGCTACTCAGGAGGCTGAGGCAGGACAACTGCTTGAACCCAGGAGGCGGAGGCTGCAGTGAGCCGAGATCGCGCCATTGCACAACAGCCTGGGCGATGGAGTGAGACTCCAGCTCAAAAAAAAATAAAA","GGCTGGGCATGGTGGCTCACGCCTCTAATCCCAGCACTTTGGGAGGCCGAGGCGGGTGGATCGCCTGAGGTCAGGAATTTGAGACCAGCCTGGCTGTCATGGCGAAACCCTGTCTCTACTAAAAATACAAAAATTAGCCAGGTGTGGTGGCAGATGCCTGTAATCTCAGCTACTCAGGAGGCTGAGGCAGGAGAATTGCTTGAACCCAGGAGGCGGAGGTTGCAGTGACCCGAGATCGTGCCACTGCACTCCAGCCTGGGCAACAGAGAGAGACTCCATCTCAAAAAATAAATCAAAATAAAA"
"chr1","6196721","6197002","KN296308v1","894405","894685","38","5302316","GGCCGGGCGCGGTGGCTCACGCCTGTAATCCCAACAATTTGGGAGGCCGAGGCGGGCGGATCACCTGAGGTCAGGAGCTGGCCAACATGGCGAAACGCTGTCTCTAATAAAAATACAAAAATTAGCTGGGCATGGTGGCGGGCGCCTGGAGTCCCAGCTCCTCGGGAGGCTGAGGCAGAAGAATCACTTGAACCCGGGAGGCAGAGGTTGCTGTGAGTCAAGTTGGCGCCACTGCACTCCAGCCTGGGCGATAAAGCAAGAATCCGTCTCAAAAAAAAAAAA","GGCCGGGCGCGGTGGATCCCGCCTGTAATCCCAACACTTTGGGAGGCCAAGGTGGGCGGATCACCTGAGGTCAGAGCTCAAGACCATGGTGAAACCCCGTCTCTACTAAAAATACAAAAATTAGCCAGGCGTGGTGGTGGGCGCCTGTAATCCCAGCTGCTCCGGAGGCTGAGGCAGGAGAATCGCTTGAACCCGGGAGGCAGAGGTTACAGTGAGCCAAGATAGCACCACTGCACTCCAGCTTGGATGACAAAGTGAGATTCCGTCTCAAAAAAAAAAAA"
"chr1","6207029","6207332","KN297327v1","811573","811871","26","5395456","GGCCAGGCACGGTGACTCACCCCTGTAATCTCAGCACTTTGGGAGGCTGAGGCAGGTGGATCACCTGAGGTCTGGAGTTTGAGACCAGCCTGGCCAACATGGTGAAACCCCATCTCTACTAAAAATACAAAAAATTAGTGGGGCGTGGTGTCAGGCGCCTGTAATCCCAGCTACTCGGGAGGCTGAGGCAGGAGAATCGCTTGAACCCAGGAGGCAGAGGTTGCAGTGAGCCGAGATCGCACCATTACACTCCAGCCTGGGCAACAGAGCGAAACTCCATCTCAAAAGTAAAAAATAAAAAAAA","GGCCAGGCACGGTGGCTCACACCTGTAATCCCAGCACTTTGGGAGGCTGAGACAGGTGGATCACTTGAGGTCAGGAGTTTGAGACCAGCCTGGCCAACATGGTGAAACCCCATCTCTACTAAAAATACAAAATCAGTTGCACGTGGTGGCAGGTGCCTGTGATCCCAGCTGCTCGGGAGGCTGAGGCAGGAGAATCGCTTGAACCCAGGAAGCAGAGGTTGCAGTGAGCTGAGATTGCACCACTGCACTCCAGCCTGGGCAACAGAGTGAGACTCCATCTCAAAAAAAAAAAAAAAAAA"
"chr1","6213670","6213965","KN296635v1","5109129","5109425","41","1104541","GGCCAGGTACGGTGGCTCATGTCTGTTAATTGCAGTACTCTGGGAGGCCGAGGAGGGCAGATCACCTGAGGTCAGGAGCTTGAGACAAGCTTGGCCAACATGGCGAATCCCCGTCTCTACCAAAAATAGAAAAATTAGCTGGGCGTAGTGGTGGGAGCCTGTAATCCCAGCTACTTGGGAGGCTGAGGCAGGACAATTGCTTGAACCCAGGAGGCAGAGGTTGCAGTGAGCTGAGATCGCCACTGCATTCCAGCCTGGGCGACAGAGCGAAACTCCCTCTCAAAAAAAACAAAGAA","GGCCAGGTGCAGTGGCTCGTGCCTGTAATCCCAGTATTTTGGGAGGCCAAGGTGAGTCGATCACTTGAGGTCAGGAGTTTGAGACCAGCCTGGCCAACATGGCGAAACCCCGTCTCTACTAAAAATACAAAAATTAGCTGGGTGTGGTGGCGGGAGCCTATAATCTCAGCTACTTGGGAGGCTGAGGCACGAGAATTGCTTCAAACCAGGAAGCAGAGGTTGCAGTGAGCTGAGATGGCGCCACTGTACTCCAGCCTGGGCAACAGAGAGAGACTCCCTCTCAAGAAAAAAAAAAAA"
"chr1","6279704","6280014","KN294603v1","63949","64255","36","6215755","GGCTGGGCGTGGTGGCTCACTCCTGTAATCCCAGCACTTTGGGAGGCCGAAGCAGTCTGATCACCTGAGGTCAGGAGTTTGAGACCAGCCTGGCCAACATGGTGAAACCCCGTCTCTACTAAAAATACAAAAATTAGCCGGGCGTGGGGGCAGGCGCCTGTAATCCCAGCTACTCGGGGGGCTGAGGTAGGAGAATCGCTTGAACCTGAGAGGCAGATGTTGCAGTGAGCCGAGATCGTGTCACTGCACTCCAGCCGGGGCGACACAGCGAGACTCCGTCTCAAAAAAAATAAAATAAAATAACCAGAAAA","GGCCGGGCGTGGTGGCTCACACCTGTAATCCCAGCACTTTGGGAGGCCGAGGCAGGTGGATCACCTGAGGTCAGGAGTTTGAGACCAGCCTGGCCAACATGGTGAAACCCCTCTCTACTGAAAATACAAAAATTAGCCAGGCGTGGTGGCGGGTGCCTGTAGTCCCAGCTACTCGGGAGGCTGAGGCAGGAGAATCGCTTGAACCTGGGAGGTGGAGGTTGTAGTGAGCCGAGATCATGTCACTGCACTCCAGCCTGGTGACAGAGCAAGACTCTGTCTCAAAGAAGAAAAAAAAAAAGGGGAAAAA"
"chr1","6288779","6289076","KN294187v1","1109661","1109959","40","5179118","GCTGGGCGCAGTAGCTCACACCTGTAATCCCAGCACTTTGGGAGACCAAGGCAGGTGGATCACTTGAAGTCAGGAGTTTGAGACCAGCCTGGTCAACATGGCGAAACCCTGACTCCACTAACAATACAAAAATTAGCTGGGCATGGTGACGGGCTCCTGTAATCCCAGCTACTTAGGAGGCTGACACAGGAGAATCGCTTGAACCCGGGAGGCAGAGGTTGCAGTGAGCCGAGGTTGCACCACTGCACTCCAGCCTGGGTGACAGAGAGAGACTCTTTCTCAAAAAGAAAAAGAAAGA","GGCTGGGCATGGTGGCTCACTCCTGTAATCCCAGCACTTTGGGAGCCCGAGGCAGGCAGATCACTTGAAGTCAGGAGTTTGAGACCAGCCTGGCCAACATGGAGAAACCCTGTCTCTACTAAACCTACCAAAAATTAGCCAGGCATGGTGGTGGGCACCTGTAATCCCAGCTACTCAGGAGGCTGAGGCAGGAGAATTGCTTGAACCCAGGAGGCAGAGGCTGCAGTGAGCCGAGATCACGCCACTGCACTCCAGCCTAGGCGACAGAGCGAGACTCTATCTCAAAAAAAAAAAAAAAA"
"chr1","6299465","6299780","KN297159v1","1746938","1747242","41","4552527","GGCTGGACGTGGTGGCTCACACCTGTAATCCCAGCACTTTGGGAGGCCAAGGCAGGTGGATAACTTGAGGTCAGGAGTTCAAGACCAGCCTGGCCATCATGATGAAATCTCGTCTCTACTAAAAATACAAAAATTAGCCAGGTGTAGTGGCAGGTACCTGTAATCCCAGCTACTTGGGAGGCTGAGGCAGGATAATCACTTGAACCTGGGAGGTGGAGGTTACAGTGAGCCAAGATCACACCACTGCACTCCATCCAGCCTGGGCGACAGAACAAGACTCTGTCTCAAAAAGCAACAACAACAACAACAAAACAAA","GGCTGGGTGCAGTGGCTCACACCTGTAATCCCAGCACTTTGGGAGGCCAAGGTGGGTGGATCACTTGAGGTCAGGAGTTCGAGACCAACCTGGCCAACATGGTGAAATCCCATCTCTACTAAAAATACAAAAATTAGCCAGGCATCATGGCAGGTGCCTGTAGTCCCAGCTACTCGGGAGGCTGAGGCAGGATAATCACTTAAACCTGGGAGGCGGAGGTTGCAGTGAGCCGAGATTGCACCACTGCACTCCAGCCTGGGCGACAGAACAAGACTCAGTCTCAAAAATAAATAAATAAAAAAAAA"
"chr1","6301189","6301499","KN295533v1","2511717","2512017","40","3789472","GGCCAGGTGCGGTGGCTCACGCCTGTAATCCCAGCACTTTGGGAGGCCAAGGTGGGTGGATCACTTGAGGTCAGGAGTTTGAGACCAGCCTGGCCAACATGGTAAAACCCTGTCTCTACTAAAAATACAAAAATTAGTTGGGTGTGATGGCGGGTGCCTGTAATCCCAGCTGCTTGGGAGGCAGAGGCAGGAGAATCACTTGTGCCCAGGAGGGAGGGGTTACAGTGAGCCAAGATCATGCCACTCCAATCCAGCCAGCCTGGGTGACAGAGCGAGACTCTGCCTCGAAATAAAGAAATAAAGAAAGAAAA","GGCCAGGGGCAGTGGCTCACGCCTGTAATCCCAGCACTTTGGGAGGCCGAGGCAGGTGGATCACCTGAGGTCAGGAGTTCGAGACCAGCCTGGCCAACATGGTGAAACCCCGTCTCTACCAAAAATATAAAAATTAGCTGGGTGCAGTGGCGGGCGCCTGTAATCCCAGCTACTTGGGAGGCTGAGGCAGGAGAATCGCCTGAGCCCAGGAGGCAGAGGTTGCAGTGAGCCAAGATCATGCCACTGCTATCCAGCCTGGATGACAGAGCAAGACTCTGTCTCAAAAAAAAGAAAAAAAAAA"
"chr1","6306366","6306676","KN295487v1","52973","53281","35","6253393","GGCTGGACACCATAGGTCACGCCTGTAATCCCAGCACTTTGGGAGGCCGAGGTGGGTGGATCACCTGAGGTCAGGAGTTCAAGACCGGCCTGGCCAACATGGCAAAACCCCATCTTTACTAGAAATACAAAAATTAGCCAGGTGTGGTGGCGGGCGCCTGTAGTCCCAGCTACTCGGGAGGCTGAGGCAAGAGAATCACTTGAACCTGGGAGGCGGAGGTTGCAGTGAGCTGAGATCGTGCCACTGCACTCCAGCCTGGGCGACAGAGTGAGACTCCGTCTCAAGAAAAAAAAAAAAAAAAAAAAGAAAGA","GGCCGGGTGCAGTGGTTCACGCCTGTAATCCCAGCACTTTGGGAGGCCAAGGAGGGTGGATCACCTGAGGTCAGGAGTTCAAGACCAGCCTGGCCAACATGGTGAAACCCCGTCTCTAGTAAAAATACAAAAATTAGCCGGGTGTGGTGGCGGGCGCTTGTAGTCCTAGCTACTCGGGAGGCTGAGGCAGGAGAATCGCTTGAACCCGGGAGGCAGAGGTTGCAGTGAGCTGAGATCGCACCACTGCACTCCAGCCTGAGCAACAGAGTGAGACTCTATCTACAGGAAAAAAAAAAAAAAAAAAAAAAA"
"chr1","6307842","6308124","KN295893v1","729257","729542","43","5578585","GGCTGGGCAAGGTGGTTCACGCCTGTAATCCTAACACTTTGGGAGGCTGAGGCGGGTGGATCACTTGAGGTCAGGAGTTCAAGACCAGCCTGGCCAATATGGTGAAACCCTGTCTCTACTAAAAACACAAAAATTAGCCAGGTGTGGTGGCAGATGCCTGTAATCCCAGCTACTCGGGAGGCTGAGGCACAAGAATTGCTTGGACCCAGGAGGCGGAGGCTACAGTGAGCTGAGATTGTGCCACTGCACTTCAACCTGGGCTTTGTCTCAAGAAAAAAAGAAA","GGCCAGGCACGGTGGCTCACGCCTGTAATCCCAGCACTTTGGGAGGCGGAGGCGGGTGGATCACTTGAGGTCAGGAGTTCAAAACCAGCCTGGCCAACATGGTGAAACCCCATCTCTACTAAAAATACAAAAATTAGCCAGGTGTGGTGGCAGGTGCCTGTAATCCCAGCTACTCAGGAGGCTGAGGCACAAGAATCGCTTGAACACGGGAGGAGGAGGTTGCAGTGAGCTGAGATGGTGCCTCTGCACTCCAGCCTGAGTGACAGAGTGAGACTTCATCTCAAAA"
"chr1","6316930","6317254","KN294520v1","15192","15501","54","6301738","GGCCGGGCATGGTGGCTCGTGCCTGTAATCCCAGCAATTTGGGAGGCTGAGGCGGGTGGATCACTTGAGGTCAGGAGTTCGAGACTAGCCTGGCCAACATGGTGAAACCCCTGGCCAACATGGTGAAACCCCGCCTCTACTAAAAATACCAAAATTAGCCAGGGGTGGTGGTGGGCACCTGTAGTCTTAGCCACTCGGGAGGCTGAGGCAAGGGAATCGCTTGAATCCGGGAGATGGAGGTTGCAGTGAGCCGAGATTGCGCCACTGCACTCCAGCCTGGGCGACAGAGCGAGACTACGTCTAAAAAAATAAATAAATAAATAAA","CCGGGCGCGGCGGCTCAAGCCTGTAATCCCAGCACTTTGGGAGGTAGAGGCGGGCGGATCACTTGAGGTCAAGAGATCGAGACCATCCTGGCCAACACATTGAAACCCGTTGGTGAAACCCGTCTCTACTGAAAATACAAAAATTAACCAGGCGTGGTGGCGGGCACCTGTAATCCCAGCTACTCGGGAGACTGAGGAAGGAGAATCGCTTGATCCGAGGAAGTGGAGGTTGCAGTGAGCTGAGATTGCGCCACTGCACTCCAGCCTGGGCGACAGAGTGAGACTCTCTCAAAAAAAAAAAAAAAAAAAA"
"chr1","6345122","6345421","KN294571v1","1575904","1576204","34","4769218","GGCCGAGCGCAGTGGCTCACACCTGTAATCCCAGCACTTTGGGAGGCCGAGGCGGGCGGAGCATGAGGTCAGGAGTTTGAGACCAGGCTGGCCAACATGGTGAAACCTCGTCTCTACTAAAAATACAAAAAAAATAGCTGGGTGTGGTGGCAGGCTCCTATAATCCCAGCTACTTGGGAGGCTGAGGCAGGAGAATTGTTTGAACCCAGGAGGCGGAGGTTGCAGTGAGCCGAGATCATGCCATTGCACTCCAGCCTGGGCCACAGGGTGAGACTGTGTCTCAAAAAAAAAAAAAAAAGA","GGCCGGGCGCTGTGGCTCACGCCTGTAATCCCAGCACTTTGGGAGGCCGAGGTGGGCGGATCACCTGAGGTCAGGAGTTCGAGACCAACCTGGCCAACATGGTGAAACCCCATCTCTACTGAAAATACAAAAATTATCTGGGCGTGGTGTCAGGCGCCTGTAATCCCAGCTACTCGGGAGGCTGAGGCAGGAGAATCGCTTGAACCCGGGAGGTGGAGGTTGCAGTGAGCCGAGATCATGCCATTTCACTCCAGCCTGGGCGACAGAGGGAGACTCTGTCTCAAAAAAAGAAAAAAAGAAA"
"chr1","6350634","6350935","KN294964v1","1832698","1833002","29","4517936","GGCTGGGCACGGTGGCTCACGCCTGTAATCCCAGCACTTTGGGAGGCCAAGGCGGGCGGATCACCTGAGGTCAGGAGTTTGAGACCAGCCTGGCCAACATGGCAAAACTCTGTCTCTACTAAAACTACAAAAATTAGCCGGGCGTGGTGGTGGGCGCCTGTAATGCCAGCTACTTGGGAGGCTAAGGCAAGAGAATCGCTTGAACCCAGGAGGCAGAGGTTGCAGTGGGCCGAGATTGTGCCATTGCACTCCAGCCTGTGTGACAGAGTGAAACTCCGTCTCAAAAAAAAGAAAAAAAAAAA","GGCTGGGCACGGTGGCTCACGCCTGTAATCCCAGCACTTGGGGAGGCTGAGGCGGGCGGATCACCTGAGGTCAGGAGTTCAAGACCAGCATGGCCAACATGGCAAAACCCTGCCTCTACTAAAACTACAAAAAAATTAGCCAGGTGTGGTGGTGGGTGCCTGTAATCCCAGCTACTTGGGAGGCTGAGGCAGGAGAATTGCTTGAACCCAGGAGGTGGAGGTTGCAGTGGGCTGAGATCATGCCATTGCACTCCAGCCTGAGTGACAGAGTAAGATTCTGTCTCAAAAAAAAAAAAAAAAAAAAA"
"chr1","6358643","6358926","KN296063v1","1305022","1305305","46","5053621","GCCTGTAATCCTAACACTTTGGGAGGCTGAGGCAGGTGGATTGCCTTTGTTCAGGAGTTTGAGACTAGCCTGGGCAACATGTTGAAATCCTGTCTCTACAAAAAATACAAAAAATTAGCCAGGTGTGGTGGCGGGCACCTGTAGTCCAAGATACTTGGGAGGCTGAGGCAGGAGAATGGCATGAACCTGGAAGGCGGAGCTTGCAGTGAGCTGAGATCGTGCCACTGCACTCCAGCCTGGGCGATACAGCGAGACTCCATCTCCAAAAAAAAAAAAAAAAGAAA","TCACACCTGTAATCCCAGCACTTTGGGAGGCTGAGACACACAGATTACCTGAGCTCAGGAGTTCAAGACCAGCCTGGGCAACATGGTGAAACCCCATCTCTACTAAAAATACAAAAACTAGCCGGGCGAGGTGGCGGGGGCCTGTAGTCCCAGCTACTCGGGAGGCTGAGGCAGGAGAATGGCGTAAACCTGGGAGGCGGAGCTTGCAGTGAGCTGAGATCGCGCCACTGCACTCCAGCCTGGGCGACAGAGTGAGACTCCGCCTCAAAAAAAAAAAAAAAAAA"
"chr1","6379631","6379852","KN295441v1","1457453","1457675","40","4922178","GACCAGCCTGACCAACATGGTGAAACTCCATCTCTACTAAAAAAATACAAAAAAATTAGCTGGGCGTGGTGGCGGGCGTGTGTAATCCCAACTACTCAGGAGGCTGAGGCAGGAGAATCACTAGAACCTCGAAGGCAGAGGTTGCAGTGAGCCGAGATGGCATCTAGCCTGGGGGACAGGGCAAGACTCCATCTCAAAAAAAAAAAAAGAAAAGAAAAAAAA","CCAGCCTGGCCAACATGGTGAAACCCTGTCTCTACTAAAAATACGAAAATTAGCCAGGCGTGGTGGCAGGCGCCTGTAATCCCAGCTACTCAGGAGGCTAAGGCAGGAGAAGCACTTGAACCTGGGAGGCAGAGGTTGCAGGGAGCCGAGATCTCGCCACTGCACTCCAGCCTGGGCAACAGAGCAAGACTCTGTCTCAAAAAAAAAAAAAAAAAAAAAAAAA"
"chr1","6380711","6381010","KN294456v1","1098138","1098439","35","5282573","GGCCAGGCGCAGTGGCTCACGCCTGTAATCCCAGCACTCTGGGAGGCCGAGGCGGGCAGATCACCTGAGGTCAGGAGTTCAAGACCAGCCTGGCCAACATGGTGAAACCCCGTCTCTACTAAAAATACAAAAATTAGCCAGACATGATGGCGGGTACCTATAATCCCAGCAACTCAGGAGGCTGAGGTGGAAGAATCGCTTGAACCCAGGAGGCAGAGGTTGCAGTGAGCTGAGATTGTGCCATTGCATTCCAGTCTGGGTGACAGAGCGAGACTGTCTCAAAAACAAACAAACAAAAAA","GGCCAGGCGCAGTGGCTCACACCTGTAATCCCAGCACTTTGGGAGGCCGAGGTGGGCAGATCACCTGAGGTCAGGAGTTCCAGACCAGCCTGGCCAACATGGTGAAACCCCATCTCTACTAAAAATACAAAAATTAGCCAGGCGTGGTGGCGGACGCCTGTAATCCCAGCTACTCAGGAGGCTGAGGCAAGAGAACTGCTTGAACCCAAGAGGCAGAGGTTGCAGTGAGCCAAGATCGCACCACTGCACTCCAGCCTGGGTGACAGAGCGAGACTCCGTCTCAAAGAAAAATAAAAAAAGAA"
"chr1","6389109","6389413","KN296311v1","768493","768797","36","5620616","GGCTCGGTGCGGTGGCTCACGCCTGTAATCCCAGCACTTTGGGAGGCCAAGGCGGACAGATCACCTGAGATCGCGAGTTCAAGACCAGCCTGGCCAACATGGTGAAACCCTGTCTCTACTAAAAATACAAAAATTAGCTGAGTGTGGTGGTGGGCGCCTGTAATTCCAGCTACTCTGGAGGCTGGAGCACGACAGTCTCTTGAACCCGGGTGGCAGAGGTTGCAGTGAGCCGAGATCGCGCCACTGCACTCCAGCCTGGGCAGCAGAGAGAGACTTTGTCTCAAAAAAATAAAAATAACAATAAA","GGCCGGATGCGGTGACTCACTCCTGTAATCCCAGCACTTTGGGAGGCCGAGGTGGGCAGATCACCTGAGGTCACGAGTTTGAGACCAGCCTGGCCAACATGGTGAAACCCTGACTCTACTAAAAATACAAAAATTAGCTGGGTGTGGTGGTGAGCACCTGTAATCCCAGCTACTCAGGAGGCTGAGGCAGGAGAATCACTTGAACCCAGGAGGCGGAGGTTGCAGTGAGCTGAGATCGCGCCACTGCACTCCAGCCTGGGCGGCAGAGTGAGACTCCGTCTCAAAAAAAAAAAAAAAAAAAAGAA"
"chr1","6397642","6397955","KN294385v1","510756","511057","43","5886886","GGCAGGGTATGGTGGCTCATGCCTGTAATCCCAGCACTTTGGGAGGTTGAGGCAAGCAGATCACTTGAGGTCAGGGGTTTGAGACCACCCTGGCCAACATGGTGAAACCCCATGTTCAACAAAAAAATACAAAAAATACAAAAATTAGCCAGGCATGATTGGGGGTGCCTGTAATCCCAGCTACTCGGGAGGCTGAGGCAGGAGAATCATTTGAACCTGGGAGGTGGAGGTTGCAGTGAGCCAAGATTGTGCCACTGCACTCCAGCCTGGGCCACTGAGTGAGACTCTGTCTCCAAAAAAAAAAAAAGAAAGAA","GGCCGGGCATGGTGGCTCATGCCTGTAATCCCAGCACTTTAGGAGGCCAAGGGGGACAGATCACTTGAGGTCAGGAGTTCGAGACCAGCCTGGCCAGCATGGAGAAACCCCGTCTCTACTAAAAATACAAAAAATTAGCCAGGCATGTTGGTGGGTGCCTGTAGTCCCAGCTGTTTGGGAGGCTGAGGCAGGAGAATCACTTGAACCTGGAAGGTGGAGGTTGCAGTGAGCCAAGATTGTGCCACTGCACTCCAGCCTAGGTGACAGAGTGAGACTCTGTCTCCAAAAAAAAAAAAAAAAAA"
"chr1","6404631","6404920","KN297146v1","129898","130192","47","6274733","GCATGGTGGCTCACACCTGTAATCCCAGCACTTTGGGAGGTCGAGACAGCCAGATCACTTGACGCCAGGAGTTTGAGGCCAGCCTGGTCAACATGGCGAAATCCCAGCTGTACCAAAAATACAAAAATTAGCTGGACATGGTGGTGGGTGTCCGTAGTCCCAGCTATTTGGGAGGCTGAGGCAGGAGAATTGCTTGAACCCAGAGGTAGAGGTTGCGGTGAGCCAAGATCACGCCACTACACTCCCGCCTGGGCAACAGAGTGAGACTCTGTCTCACACACACAAAAAAA","GGCTGAGTGCGGTAGCTCACACTTGTAATTCCCAGCACTTTGGGAGGCCGAGGCGGGCAGATCACCTGAGGTCAGGAGTTTGAGACCAGCCTGGTCAACATGGTGAAACCCCATCTCTACTAAAAATACAAAAATTAGCTGGGCATGGTGGCAGGTGCCTGTAACCACAGCTACTTGGGAGGCTGAGGCAGGAGAATCACTTGAACCTGGGAGGTGGAGGTTGCAGTGAGCCAAGATCACGCCACTGCACTCCAGCCTGGGCAACAGAGCAAGACTCTGTCTCATAAAAAAGAAA"
"chr1","6406933","6407233","KN294291v1","827729","828028","37","5579204","GGCCGGGCGCAGTGGCTCACGCCTGTAATGCCAGCACTTTGGGAGACCAAGGTGGGCGGATCACCTGAGGTCAGGAGTTCAAGACCAGCCTGACCAACATGGTGAAACCCCGTCTCTACAAAAATGTGGAAATTAGCTGGGCATGACGGCGGGTGCCTGTAACCCCAGCTACTTGGGAGGCTGAGGAGGGATAATCAGTTGAACCCAGGAGGTGGAGGTTGCAGTGAGCCGAGATCGCACCACTGCACTCCAGCCTGGGTGACAGAGCAAGACTCCATCTCAAAAACAAACAAACAAAAAA","GGCCAGGCGTAGTGGCTCATGCCTGTAATCCCAGCACTTTGGGCAGCCGAGGTGGGCAGATCACCTGAGGTCAGGAGTTCAAGTCCAGCCTGACCAACATGGTGAACCCCGTCTCTACTAAAAATACAAAAATTAACCGGGCATAGTGGTGGGCACCTGTGATCCCAGCTACTTGGGAGGCTGTGGCAGGAGAATCACTTGAACCCAGGAGGTAAAGGTTGCAGTGAGCCGAGATCACACCACTGCACTCCAGCCTGGGCGACAGAGCAACACTCCATCTCCAAAACAAACAAACAAAAA"
"chr1","6445777","6446006","KN295441v1","1457453","1457675","26","4988324","CCAGCCCTGGCCAACATGGTGAAACCCCGTCTCTAATAAAAATACAAAAAAATTAGCTGGGCGTGGTGGCAGGCGCCTGTAATCCCAGCTACCTGGGAGGCTGAGGCAGGAGAATCATTTGAACCTGGGAGGCGAAGGTTGCAGTGAGTCGAGATCGCACCACTGCACTCCAGCCTGGGTGACAGAGCAAGACTCTGTCTCAAGAAAAGAAAAAAAAAAAAAGAAAGAAA","CCAGCCTGGCCAACATGGTGAAACCCTGTCTCTACTAAAAATACGAAAATTAGCCAGGCGTGGTGGCAGGCGCCTGTAATCCCAGCTACTCAGGAGGCTAAGGCAGGAGAAGCACTTGAACCTGGGAGGCAGAGGTTGCAGGGAGCCGAGATCTCGCCACTGCACTCCAGCCTGGGCAACAGAGCAAGACTCTGTCTCAAAAAAAAAAAAAAAAAAAAAAAAA"
"chr1","6446472","6446782","KN295748v1","161587","161896","35","6284885","GGCCAGGCGTGGTGGCTCACGCCTGTAATCCCAGCACTTTGGGAGGCCGAGGCAGGCGGATCACTTGAGGCCAGGAGTTCGAGACCGGCCTGGCCAACATGGTGAAACCCCATCTCTACTAAGAATACAAAAATTAGCCGGGCATTGTTGGCGGGCATCTGTAGTCCCAGCTACTCGGGAGGCTGAGGCGGGAGAATCGCTTGAACCCAGGAGGTGGAGGTTGCAGTGAGTCGAGATCGCACCACCGTACTCCAGCCTCAGTAACAGAGTGAGACCCTGTCTCAAAAAAATAAATAAAAAATAAAAATAAA","GGCCAGGCATGGTGGCTCATGCCTGTAATCCCAGCACTTTGGGAGGCCAAAGCAGGCGGATCACCTGAGGTCAGGAGTTCGAGACCAGCCTGGCCAACATGGTGAAACCCCATCTCTACTAAAAATACAAAACTTAGCCAGGCATGGTGGCAGGCGCCTGTAGTTCCAGCTACTCGGGAGGCTGAGGCAGGAGAATTGCTTGAACTCAGGAGGTGGAGGTTGCAGTGAGCTGAGATCATGCCACTGTGCTCCAGCCTGGGCAACAGAGTGAGACTCTGTCTCAAAAAAAAAAAAAAGAAAAGAAAAAAAA"
"chr1","6481748","6482056","KN296138v1","98488","98788","40","6383260","GGCCGGGTGTGGTGGCTCATGCCTGTAATCTCAGCACTTTGGGAGGCCAAGGTGGGGGTGGATCACTTGAGATCAGGAGTTAGTGACCAGCCTGGTCAACATGGCGAAACCCCATCTCTACTAAAATACAAAAATTAGCTGGGTGTAGTGGCGGGCGCCTGTAATCCCAGCTACTGGGGAGGCTGAGGCAGAAGAATCACTTGAACCTGGGAGGTGGAGGTCGTAGTGAGCTGGGATCATGCCACTGCACTCCAACGTGAGTGACAGAGCAAGATTCCGTCTCAAAAACAAACAAACAAAAAACAAAAA","GGTGTGGTGGCTCATGCCTGTAATCCCAGCACTTTGGGAGGCTGAGGTAGGCGGATCACTTGAGGTCAGGAGTTCAGGACCAGCCTGGCCAACATGGCGAAACCCCATCTCTACAAAAAATACAAAAATTAGCTGGGTGTGGTGGTGGGCACCTGTAATCCCAGCTACTTGGGAGGCTGAGGCAGGAGAATCACTTGAACCTGGGAGGCAGAGGTTGCAGTGAGCTGAGATCGTGCCACTGCACTGCAGCCTGGGTGACAGAGCAAGACACCATCTCAAAAAAAAAAAAGAAAAAAAAAAA"
"chr1","6505553","6505851","KN294917v1","405138","405434","40","6100415","GGCTGGGCACAGTGGCTCATGCCTACAATCCCAGCACTTTGGGAGGCCAAGGCGGGCGGGGATCACTTGAGGTCAGGAGTTCGAGACTAGCCTGGCCAACATGATGATATCCCATCTCTACTAAAAATACAAAAATTAGCCAAGTGTGGTGGCAGGTGCCCGTAATCTCAGCTACTCAGGAGGCTGAGGCAGGAGAGTCGCTTGAACCTGGGAGGCAGAAGTTGTAGTGAGCCGAGATCGCACCACTGCACTCCAGCCTCAGCGACCGAGTGAAACTGTGTCAAAAAAAAAAAAAAAAA","GGCTGGGCGCAGTGGCTCATGCCTGTAATCCCAGTGCTTTGGGAGGCCAAGGCAGGTGGATCACTTGAGGTCAGGAGTTCGAGGCTAGCCTGGCCAACATGGTGAAACCCTATCTCTACTAAAAATACAAAAATTAGCCAGGTGTGGTGGCAGGCACCTGTAATCCCGGCTACTTGGGAGGCTGAGGCAGGAGAATCGCTTGAACTCAGGAGGCAGAGATTGCAGTGAGCCAAGATTGCGCCACTGCACTCCAGCCTGGGCAACAGAGTGAGACTCTGTCTCAAAAAAAAAAAAAAA"
"chr1","6511128","6511429","KN297023v1","480259","480560","34","6030869","GGCCAGGCGCAGTGACTCATGCCTGCAATCCCAACACTTTGGAGGCCGAGGAGGGTGGATCACCTGAGGTCAGGAGTTCCAGACTAGCCTGGCCAACATGGTGAAACCCCATCTCTACTAAAAATACAAAAATTAGCTGGGTGTGGTGGCGGGCATCTGTAATCCCAGCTACTGGGGAGGCTGAGGCAGGAGAACTGCTAGAACCCGGGAGGTGGGGGTTGCAGTGAGCCGAGATCACACCACTGCACTCCAGCCTGGGCAACACAGTGAGACTCTGTCTCAAAAAAATATAAAATAAAAGA","GGCCGGGCGCGGTGGCTCATGCCTGTAATCCCAGCACTTTGGGAGGCCGAGGTGGGTGGATCACCTGAGGTCAGGAGTTCCAGACCAGCCTGGCAAACATGGTGAAACCCCGTCTCTACTAAAAATACAAAAATTAGCTGGGCGTGGTGGTGGGTGCCTGTAATCCCAGCTACCCAGGAGGCTGAGGCAGGAGAATCGCTTGAACCCAGGAGGTGGAGCTTGCAGTGAGCCAAGATCACACCATTGCACTCCAGCCTGGGCAACAGAGCGAGACTCCGTCTCAGAAAAAAAAAAAAAAAAAA"
"chr1","6516964","6517266","KN295748v1","161587","161896","45","6355377","CCAGGCACAGTGGCTTATGCCTGTAATCCCAACACCTTGGGAGGCCAAGGCAGGCGGATCCCCTGAGGTTGGAAGTTCGAGACCAGCCTGACCAATAAAGTGAAACGCCATCTCTACTAAAAATACAAAAATTAGCCGGGTGTGGTGGCAGGCGCCTGTAATCCCAGCTACTTGGGAGGCTGAAGCAGGAGAATCGCTTGAACCCAGGAGGCAGAGGTTGCAGTGACCTGAGATCAGGCCACTGCACTCCAGCCTTGGCAACAGAGTCCGTCGCAAAAGAAAAAAACAAACAAAAAAAAAAAA","GGCCAGGCATGGTGGCTCATGCCTGTAATCCCAGCACTTTGGGAGGCCAAAGCAGGCGGATCACCTGAGGTCAGGAGTTCGAGACCAGCCTGGCCAACATGGTGAAACCCCATCTCTACTAAAAATACAAAACTTAGCCAGGCATGGTGGCAGGCGCCTGTAGTTCCAGCTACTCGGGAGGCTGAGGCAGGAGAATTGCTTGAACTCAGGAGGTGGAGGTTGCAGTGAGCTGAGATCATGCCACTGTGCTCCAGCCTGGGCAACAGAGTGAGACTCTGTCTCAAAAAAAAAAAAAAGAAAAGAAAAAAAA"
"chr1","6521668","6521971","KN295154v1","188282","188584","41","6333386","GGCCAGGTGCAGTGGCTCACGCCTGTAATCCCAGCACTCTGGGAGGCCGAGGCGGGTGGACTACCTGAGATCAGGAGTTCCAGACCAGCTTGGGCAACACAGTGAAACCCTGTCTCTACTAACAATACAAAAAATTAGCCGGGCGTAGTGGTGGGCGCCTGTAGTCCCAGCTACTCGGGAGGCCAAGACAGGAGAATAGCTTGAACCCGGGAGGTGGAGCTTGCAGTGAGCCGAGATGGCGCCACTGTACTCCAGCCTGGGTGACAGAGTGAGACTGTCTCAAAAAAAAAAAAAAATACAAAGA","GGCTGGGTGCAGTGGCTCAGGCCTGTAATTCCAGCACTTTGGGAGGCCAAGGTGGGTGAATCACCAGAGGTCAGGAGTTCGAGACCAGCCTGGCCAACACGGAGAAACCCTGTCTCTACTAAAAATACAAAACTTAGCTGGATGTGGTGGTGGGCGCCTGTGGTCCCAGCTACTCGGGAGGCTGAGGCAGGAGAATCGCTTGAACCCGGGAGGTGGAGCTTGCAGTGAGCCGAGATCGCCCCATTGCACTCCAGCCTGGGTGACAGAGCGAGACTCCATCTCAAAAAAAAAAAAGAAAAAAAA"
"chr1","6533133","6533407","KN295708v1","2842235","2842508","41","3690898","GACCGGATGCCGTGGCTCACGCCTGTAATCCAGGCACTTTAGGAGGCCAAGCAGGTGGATCACCTGAGGTCAGGAGTTCGAGACCAGCCTGGCCAACATGGTGAAACCCCATCTCTACTAAAAATACAAAAATTAGCTGGGCATGGTGGCGGGCATCCATAATCCCAGCTACTCGGGAGGCTGAGGCAGGAGAATCGCTTGAACCCGGGAAGCGGAGGTTGCAGTGAACTGAGATCACACTACTTCACTCCAGCCTCGGCACTCCGTCTCAAAAA","GGCCAGGAGCACTGGCTCACACCTGTAATCCCAGCACTGTGGGAGGCCGAGGCAGGCGGACCGCCTGAGGTCAGGAGTTCTAGACCAGCCTGGCCAACAAGGTGAAACCCCATCTCTACTAAAAACACAAAAATTAGCTGGGCGTGGTGGAGGACACCTGTAATCCCAGCTATTCGGGAGGCTGAGGCAGGAGAATCGCTTGAACCCGGGAGGTGGAGGTTGCAGTGAGCTGAGATCACGCCACTGCACTCCAGCCTGGGTGACAGAGCAAAAC"
"chr1","6554297","6554506","KN295977v1","1276894","1277103","40","5277403","GGCCGAACGTGGTGGTTCATGCCTGTCATCCCAGCACTTTGGGAGGCCAAGGGAGGCAGATCACTTGAGGTTGGGAGTTCCAGACCAGCCTGGCCAACATGGTGAAACCCCGCCTCTACTAAAAATACAAAAATTAGCCAGGCTTAGTGGCTGGTGCCTGTAATCCTGGCTACTTGGGAGGCTGAGGCACAAGAATCACTTGAACCGGGG","GGACAAGCACGGTGGCTCATGCCTGTAATCCCTGCACTTTGGGAGGTCAAGGCGGGTGGATCGCTTGAGGTCAGGAGTTTGAGACCAGCCTGGCCAATATGATGAAACCCCCTCTCTACTAAAAATACAAAAATTAGCCAGGCTTTGTGGCGGGTGCTCGTAATCCCATCTGCTAAGGAGGCTGAGGTAGGAGAATCACCTGAACTTGTA"
"chr1","6555453","6555736","KN296290v1","912362","912646","42","5643091","GTGACTCACGCCTGTAATCCAAGCACTTTGGGAGGCTGAGGCGGGTGGATTGCCTGAGCTCAGCAGTTCGAGACCAGCCTGGGCAACACAGTGAAACCCTGTCTCTACTAAAATACAAAAAAATTACCTGGGCGTGGTGGTAGGCGCCTGTAATCCCAGTTACTTGGGAGGCTGAGGAAGGATAATTGCTTGAACCTTGGAGGTGGAGGTTGCAGTGAGCAGAAATCACACCATTGCACTCCAGCCTGGGCGACAGAGCGAGACTCCCTCTCAAAAAAAAAAAA","GGTGTACTCATGCCTGTAATCCCAGCACTGTGGGAGGCTGAGGTGGGTGGATCACCTGAGGTCAGGAGTTCGAGACCATCCTGGCCAACACAGTGAAACCTTGTCTCTACAAAAATACAAAAATTAGCCAGGCTGACGGTGGGTGCCTGTAATCCCAGCTACTTGGGAGGCTGAGGCAGGAGAATCACTTGAAACTGGGAGGTGGAAGTTGCAGTGAGCCAGGATCATGCCATTGCACTCTAGCCTGGGCGACAGAGCAAGACTCCGTCTCAAAAGAAAATAAAA"
"chr1","6600984","6601277","KN294501v1","4140225","4140518","52","2460759","GGGTGCTGTGGCTCACGCCTGTAATCACAGAACACTGGGAGGCCAAGGGAGATGGATCATTTGAGGTCAGGAGTTGGAGACTAGCCTGGCCAACATGGCAAAACCACATCTCTACAAAAAAAATACAAAAATTAGCCAGGCATGGTGACAGGTGCCTGTAATCCCACCTACTCTCCTGAGGCAGGAGAATGGCTTGAACACGGGAGGTGGAGGTTGCAGTGAGCCGAGATCATGCTACTGCACTCCAGCCTGGGGAATAGAGCAAGACTCTGTTTCAAAAAAAAAAGATAATAA","GGCCGGGCATGTGGCTCACGCCTGTAATCCCAGAACTTTGGGAGGCCGAGGCAGGTGAATCACTTGAGGTCAGGAGTTCAAGACCAGCCTGGCCAACATGGCGAAACCCTGTCTCTACTAAAAATACAAAAAATTAGCTGGGTGTGGTGGCGGGTGCCTGTAATCCCAGCTACTCAGAGGCTGAGGCAGGAGAATCGCTTGAACCCAGGAGGTGGAGGCTGCAGTGAGCTCAGATCGTGCCACTGCACTCCAGCCTGGGCAACAGAGCGAGACTCCGTTAAAAAAAAAAAAAAA"
"chr1","6613723","6614014","KN296381v1","114561","114857","46","6499162","GGCCAAACGCAGTGGCTCACGCCTGTAATCCTAGCACTTTGGGAAGCCAAGGCAGGTGGGTCACCTGAGGCCAGGAGTTTGACACCAACCTGGGCAACATGGCGAAACCTTGTATCTACTAAAAATACAAAAATTAGGTGGGTGTGGTGGTGGGCCTGTAGTCCCAGCTACTTGGAAGGCTGAGGTGGGAGGATCACTTCAGCACAGGAGAAAGAGGCTGCAGTGAGCCAAGATTGTGCCACTGCACTCCAGCCTGGGCAACAGAGCAAGACCTGTCGCAAAAAAAAAAAAA","GGCCAGGCACAGTGGCTTACGCCTGTAATCCCAGCACTTTGGGAGGCCAAGGTGGGTGGATCACCTGAGGTCAGGAGTTCGAGACCAACCTGGCCAACATGGCGAAACCCCATCTCTACTAAAAATACAAAAATTAGTGGGGCCTGGTGGTAGGCGCCTGTTATCCCAGCTACTCAGGAGGCTGAGGCAGGAGAATCGCTTGAACCTAGGAGGCAGAGGTTGGAGTGAGCCAAGATTGTGCCACTGCACTCCAGCCTGGGCAACAAAGTAAGACTCTGTCTCAAAAAAATAAATAAA"
"chr1","6614216","6614529","KN296167v1","450049","450355","39","6164167","GGCTGGGTGCGGTGGCTCACACCTGTAATCCCAGCACTTTGGGAGGCTGAGGCGGGTAGATCACCTGAGGTCAGGAGTTTGACACCAGCCTGGCCAACATGGTGAAACCCCCCTCTCTACCAAAAATACAAAAAAATTAGCTGGGCATGATGGCTGACACCTGTAATCCCAGCTACTTGGGAGGCTGAAGCAGGGAGAATTGCTTGAACCCAGGAGGCAGAAGTTGCAGTGAGCTGAGATCGCACCACCACACTCCAGCCTGAGCCACAGAGCAAGACTCCGTCTCAAAAAAAGAAAAAAAGAAAGAAAAGAAA","GGCTGGGCGCGGTGGCTCACACCTGTCATCCCAGCACTTTGGGAGGCTGAGGCGGGTGGATCACCTGAGGTCAGGAGTTCGAGACCAGCCTAGCCAACATGGTGAAATGCCATCTCTACTAAAAATACAAAAATTAGCTGGGCATGGTGGCGGGCGCCTGTAATCTCAGCTACTCGGGAGGCTGAGGCAGGAGAATCACTTGAACCTGGGAGGCAGAGGTTGCAGTGAGCTGAGATCGCACCTCTGCACTCCAGCCTGGGCAACAGAACGAGACTCTATCTCAAAAAAAAAAAAAAAAAAAAAAAAA"
"chr1","6624531","6624768","KN295405v1","757351","757593","46","5867180","GGCTGGGTGTGGTGGCTCACGTCTGTAATCCCAGCACTTTGGGAGGCAGAGGTGGGTGGATCACCTGAGGTCAGGAATTCGATACCAGCCCAGCCAACATGTTGAAACCCCATTTCTACTAAAAATACAAAAATCAGCTGGGTGTGTTGGTGGGCACCTGTAATCCCAGCTACTTGGGAGGCTGAAGCAGGAGAATCGCTTGAACCGGGAGGCAGAGGTTGCAGTGAGCCAAGCTTGC","GGCCGGGCGCAGTGGCTCTCATGCCTGTAATCCCAGCACTTTGGGAGGCTGAGGTGAGTGGATCACTGGAGGTCAGAAGTTTGAGACCAGCCTGGCCACCATGGTGAAACTCCATCTCTACTAAAAATACAAAGATTAGCCAGGCATGGTGGTGGGCACCTTTAATCCCAGCTATCCAGGAGGCTGAGGCAGGAGAATTGCTTGAACCCAGGAGGCGGAGGTTGTGGTGAGCTGAGATCATGC"
"chr1","6626187","6626491","KN294378v1","1504358","1504668","46","5121829","GGCCAGGCGCGGTGGCTCACACCTATAATCCCAGCACTTTGTGAGGCAGAGAACTCCTGAGGTCAGGAGTTCGAGACCAGCCTGGCCAACGTGGTAAAACCCCGTCTCTATTTAAAAATACAAAAATTAGCCGGGCGTGGTAGCGAGCATCTGTAATCCCAGCTACTCGGGAGGCTGAGGCAAGAGAATCACTTGAACCTGGAAGGAAGAGGTTGCGGTGCGCCGAGATCACGCCACTGCACTCCAGACTGGGTGACAGAGCGAGATTCAGTCTCAAAAAAAAAAAAAAAGAAAAGAAAAGAAAA","GGCCAGGCGCGGTGGCTCACACCTCTAATCCTAGCACTTTGGGAGGCTGAGGCAGGTGGATCACTTGAGGTCAGGAGTTCGAGACCAGCCTGGCCAACATGGTGAAACCCCATCTCTACTAAAAATACAAAAATTAGCTGGGTGTGCTGGCAGGTGCCTATAATCCCAGCTACTCGGGAGGCTGAGGCAGGAGAATCACTTGAACCCGGGGACAGAGGTTGCAGTGAGCCGAGATTGCACCACTTCACTCCAGCCTGGGTGACAGAGCAAGACTCTGTCTCAAAAAAAAAAAAAAGAAAAAGAAAAGAAAA"
"chr1","6627235","6627502","KN297307v1","463036","463327","51","6164199","GGCTGGGCCTGGTGGCTCACACCTGTAATCCTAGCACTTTGGCAGGCTGCGGCAGGTGGATTGCCTGAGGTCAGGAGTTCGAGACCAGCCTGGCGAAACCCCGTCTCTACTAAAAATACAAAAATTTAGCTGGGCATGGTGGTGGGTGCCTATAATCCCAGCTACTCTGGAGGAGAATCACTTGAACCCAGCGGGTGGAGGTTGCAGATCGCACCACTTCACTCCAGCCTGGGTGAAAGAGTGAAACTCCATCTCAAGAAAAAAAAAA","GGCTGGGCATGGTGGCTCACACCTGTAATCCTAGCACTTTGGGAGGCTAGGCAGGTGGATTGCCTGAGGTCAGGAGCTTGAGACCACCTAGCCAGCATGGCGAAACCCTGTCTCTACTAAAAATACAAAAATTAATTGGGCATGGTGGCAGGTGCCTGTAATCCCAGCTACTCTGGAGGCTGAGGTAGGAGAATCACTTGAATCCGGTGGGTGGAGGTTGCAGTGAGCCAAGATCACGCCACTTTACTCCAGCCTGGGTGTAAGAGTGAAACTGTGCCTCAAAAAAAAAAAA"
"chr1","6644178","6644476","KN295962v1","1884512","1884811","30","4759666","GGTCAGGTGCGGTGGCTCACTCCTGTAATCCCAACACTTTGGGAGGCCAAGGCAGGCGGGTCGCCTGAGGTCAGGAGTTCAAGACAAGCCTGGCCAACATGGTGAAACCCTGTCTCTACTAAAAATACAAAAATTAGCCAGGCGTGGTGGTGGGCACCTGTAATTCCAGCTACTTGGGAGGCTGAGGCAGGAGAATTGCTTGAACCCGGGAGGCAGAGGTTGCAGTGAGCCAAGATCGTGCCACCGCACTCCAGCCTGGGCGACAGAGCCGAGACTCTGTCTCAAAAAAAAGAAAAAAA","GGCTGGGTGTGGTGGCTCACGCCTGTAATCCCAGCACTTTGGGAGGCCAAGGTGGGTGGATCACCTGAGGTCAGAGGTTTGAGACCAGCCTGGCCAACATGGTGAAACCCTGTCTCTACTAAAAATACCAAAATTAGCCAGGCGTGGTGGTGGGCACCTGTAATTCCAGCTACTTGGGAGGCTGAGGCAGGAGAATGGCTTGAACCCGGGAGGCAGGGGTTGCAGTGAGCCAGGATCATGCCACTGCACTCCAGCCTGGGTGACAGAGCAAGACTCAGTCTCAAAAAAATAATAATAAAA"
"chr1","6664468","6664772","KN294613v1","327601","327901","37","6336867","GGCCTCGCGCGGTGGCTCACGCCTGTAATCCCAGCACTTTGGGAGGCAGAGGTGAGGGGATCACCTCAGGTCAGGAGTTCAAGACCAACCTGGCCAACATGGCGAAACGCCATCTCTACTAAAAATACAAAAATTAGTCAGATGTGGTGGCAGGTGCCTGTAATCCCAGCTACTTGGGAGGCTGAGGCAGGAAAATTGCTTGAACCCAGGAGGTGAAGGTTGCAGTGAGCTGAGATCATGCCACTGCACTCCAACCTGGGTAACAGAGCAAGACTCTCTCTTAAAAAAAAAAAGAAAAAGAAAAA","GGCCTGGCGTGGTGGCTCATGCCTGTAATCCCAGCACTTTGGGAGGCCAAGGTGGGTGGATCACTTGAGGTCAGGAGTTCAAGACAAGCCTGGCCAACATGGTGAAACCCCATCTCTACTAAAAATACAAAAATCAGCCAGGTGTGGTGGCAGGTGCCTATAATCCCAGATACTTGGGAGGCTGAGGCAGGAGAATTGTTTGAAGCTGGGAGGCAGGGGTTGCAGTGAGCCAAGATCACGCCACTGCACTCCAGCCTGGGTAACAGTGAGACTCTGTCTTAAAAAAAAAAAAAAAAAAAAA"
"chr1","6668861","6669142","KN295474v1","1438594","1438859","47","5230267","TGAGCGGCCAGGTGCAGGGGCTCACCTGAGGTCAGGTGTTTGAGACCAGCCTGGCCAACATGGCAAAACCCTGTCTCTACTAAAAATACAAAATTTTGCTGGGCGTGGTGGCGGGCGCCCATAATCCCAGCTACTCGGGAGGCTGAGGCAGGAGAATTGCTTGAACCTAGGAGGCAGAGGAGGCAGAGGTTGCCGTGAACGGAGATCGTGCCACTTCACTCCAGCCTGGGTGAAAGAGCGAAACTCAATCTCAAAAAAAAAAAAAAAAAAAAAAAAGGAAAA","CCAAGGCGGGCAGATCACCTGAGGTCAGGAGTTCGAGACCAGCCTGGCCAACATGGTGAAACCCTGTCTCTAACTAAAAATACAAAAATTAGCTGGGCCTGGTGGCAGGCGCCTGTAATCCCAACTACTCAGGAGGCTGAGGCAGGAGAATCGCTTGAACTGGGAAGGTGGAGGTTGCAGTGAGCCAAGATCGTGCCACTGCACTCCAGCCTGGGTGACAGAGTGAGACTCCATCTCAAAAAAAAAAAAAAAAAAAAAAAAAAGAA"
"chr1","6688840","6689147","KN294561v1","1084406","1084703","47","5604434","GGTTGGGTGTGGTGGCTCACGCCTTATAGTCCCAACACTTTGGGAGGCGGAGGCGGGCAGATCACCTGAGGTCAGGAGTTTGAGACCAGCCTTATTAACATGGCGAAAGCCTGTCTGTACTAAAAATACGAAAAAAAAAAAATTAGCCGGGTGTGGTGATGGTCGCCTGTAATCCCAGCTACTTGGGAGGCTGAGACAGGAGAATTGCTCAAACCCAGGAGGCGGAGGTTGCAGTGAGCCGAGATTGTGCCGCTGTACTCCAGCCTGGGCAACAGAGCAAGACTCTGTCAAAGAAAAAAAAAAAAAAA","GGGCGGGTGCGGTGGCTCACACCTGTAATCCTAGCACTTTGGGAGGCCGAGGAGGGCAGATCACCTGAGATCAGGAGTTCGAGACCAGCCTGGCCAACATGGTGAAACCCCATCTCTACTAAAAATACAAAAATTAGCCGGGTGTGGTGGCTGGTGCCTGTAATCCCAGCTACTTGGGAGGCTGAGGCAGGAGAATTGCTGGAACCTGGGAGGCAGAGGCTGCAGTGAGCCGAGATTGTACCACTGCACTCCAGCCTGGGCAACAGAGCAAGACTCTGTCTCAAAAAAAAAGAAAAAA"
"chr1","6689778","6690075","KN294181v1","1637460","1637759","43","5052318","GGCTGGGCATGGTAGCTCATGCCTGTGAATCCCAGCACTTTGGGAGGCTGAGGCCAGCGGATCACTTGAGGTCAGGAGTTCAAGACCCACCTGGCCAGCATGGTGAAACCCCATCTCTACTAAAAATACAAAACTTAGCCAGACTTGATGGCAGGCACCTGTAATCCCAGCTACTCATAAGGCTGAAGCAGGAGAATCTCTGCTGGGAGGTGGAGGTTGCCGTGAGCAGAGATCGCACCACTGTGCTCCAGCCTGGGCAACAGAGTGAGACTCTGTCTCCAAAAAAAAAAAAAAAAAA","GGCTGGGCGTGGTGGCTCACACCTGTAATCTCAGCATTTTGGGAGGCCAAGGCGAGCAGATTACTTGAGGTCAGGAGTTTGAGACCAGCCTGGCCAACATGGTGAAACCCTATCTCTACTAAAAATACAAAAATTAGCTGGACGTGATGGTGGGTGCCTGTAATCTCAGCTACTCAGGAGGCTGAGGCAAGAGAATCGTCTGAACCTGGGAGGCGAAGGTTGCAGTGAGCCGAGATCTCACCACTGTACTCCAGCCTGGGCAACAGAGTGAGACTCGGTCTCAAAAAAAAAAAAAAAAAA"
"chr1","6703661","6703963","KN294571v1","890748","891049","32","5812913","GGCTGGGCGCAGTGGCTCACACCTGTAATCCCAGCAATTTGGGAGGCCAAGGCAGGCAGATCACCAGAGGTAAGGAGTTCAACACCAGCCTGGCCAATGTGGTGAAACCCCGTCTCTACTAAAACTACAAAAATTAGCCAGGCATGGTGGCAGACGCCTGTAATCCCAGCTACTCGGGAGGCTGATGCAGGAGAATTGCTTGAATCAGGAGGTAGAGGTTACAGTGAGCCAAGATCGCACCACTGCACTCCAGCCTGGGTGACAGAGCGAGACTCTGCCTCAAAAACAACAACAACAAGAAAA","GGCCGGGTGCAGTGGCTCACACCTGTAATCCCAGCACTTTGGGAGGCCAAGGCAGGCAGATCCCCTGAGGTCACGAGTTCGAGGCCATCCTGGCCAACATGGTGAAACCCCGTCTCTACTAAAAATACAAAAATTAGCCAGGTGTGGTGGCAGGCGCCTGTAATCCCAGCTACTTGGGAGGCTGAAGCAGGAGAATTGCTTGAACCCAGGAGGTGGAGGTTGCAGTGAGCCGAGATCGCGCCATTGCACTCCAGCCTGGGTGACAGTGCAAGACTCTGTCTCAAAAAAAACAACAAAAAAAA"
"chr1","6704622","6704926","KN294809v1","1033430","1033730","41","5671192","GCCGGGTGCAGTGGCTCACGCCTGTAATCCCAGCATTTTGGGGGGCCAAGGCAGGTGGATCATTTGAGGTCAGTAGTTTGAGACCAGCCTGGCCAACATGCTGAAACCCCGTCTCTACTAAAAATACAAAAATTAGCTGGGCATGGTGGGGGGTGTTTGTAATCCCAGCTACTCGGGAGGCTGAGGGATGAGAATCACTTGAACCCAGGAGGCGGAGGTTGCAGTGAGCTGACATCATACCACCGCACTCTAGCCTTGGTGATGGAGCGAGACTCTGTCTCAAAAAAAGAAAAAGAAAAACAAAA","GGCTGGGTGCAGTGGCTCACGCCTGTAATCGCAGCATTTTGGGAGGCCGAGGCAGGTGGATCACCTGAGGTCAGAAGTTCGAGACCAGCCTGGCCAACATGGTGAAACCCCATCTCTACTAAAAATACAAGAATTAGCTGGGCATGGTGGCAGGTACCTGTAATCTCAGCTACTCAGGAGGCTGAGGCAGGAGAATAGCTTGAACCCAGGAGGTGGAGGTTGCAGTGAGCCGAGATCATGCCATTGCACTCCAGCCTGGGTGACAGAGTGAGACTGTCTCAAAAAAACAAAACAAAACAAA"
"chr1","6706374","6706653","KN296086v1","519864","520141","35","6186510","GGCTGGGCGCAGTGGCTCACACCTGTAATCCCAGCAATTTGGGAGGCCAAGGCAGGCAGATCACCAGAGGTAAGGAGTTCAACACCAGCCTGGCCAATGTGGTGAAACCCCGTCTCTACTAAAACTACAAAAATTAGCCAGGCATGGTGGCAGACGCCTGTAATCCCAGCTACTCAGGAGGCTGATGCAGGAGAATTGCTTGAATCAGGAGGTAGAGGTTACAGTGAGCCAAGATCGCACCACTGCACTCCAGCCTGGGTGACAGAGCGAGACTCTGCCT","GGCCAGGTGCAGTGGCTCATACCTGTAATCCCAGCAATTTGGGAGGCCGAGGTGGGCAGATCATTTGAGGTCAGGAGTTCAAGACCAGCCTGGCCAACATGGTGAAACGCTGTCTCTACTAAAAATACAAAAATTAGCCAGGCATGGTGGCAGGTGCCTGCAATCCCAGCTACTCGGGAGGCTGGGGCAGGAGAATTGCTTGAACTCTGGAGGTGGAGCTTGCAGTGAGTCAAGATCGCGCCACTGAACTCCAGCCTGGGTGACAGAGTGAGACTCTG"
"chr1","6708082","6708390","KN295623v1","422082","422390","37","6286000","GACCGGGCGTGGTGGCTCACACCTGTAATCCCAGCACTTTGGAAGGCTAAGGTGGTGGATCACCTGAGGTCAGGAGTTTGTGACCAGCCTGGCCAACATGGCGAAACCCCATCTCTACTAAAAATACAAAAATTACCCAGGCATGTTGGCGGGCGCCTGTAATCCCAGCTACTTGGGAGGCTGAGGCAGGAGAATTGCTTGAACCTGGGAGGCAGAGGCTGCAGTGAGCTGAGATTGCGCCACTGTACTCCAGCCAGAGACAAAGTGAGAACTTGTCTCAAAAAAACAAAAACAAAAACAAACAAAAAA","GGCCGGGCGCGGTGGCTCACGCCTGTAATCCCAGCACTTTGGGAGGCTGAGTTGAGTGGATCACCTGAGGTCAGGAGTTTGAGACCAGCCTGGCCAACATGGCGAAATCCCCATCTCTACTAAAATTACAAAAATTAACCAGGCGTGGTAGTGAGCGCCTGTAATCCCAGCTACTTGGGAGGCTGAGGCAGGAGAATTGCTCGAACCTGGGAGGCGGAGGTTGCGGTGAGCTGAGACTGCACCACTGCACCCCAGCCTGGCAACAGAGTGAGACTGTCTCAAAAAAAAGAAAAAGAAAAAGAAAAAAAA"
"chr1","6718322","6718617","KN294193v1","425211","425504","39","6293111","GCTGGGCGTGATGGCTCACGCCTGTAATCCCAGCACTTTGAGGGGCCGAGGCGGGTAGATCACCTGAGGTCAGGAGTTCGAGACCAGCCTGGCTAACATGGTGAAACCCCCATCTCTACAAAAATACAAATATTAGCCAGGCCTGGTGGCGGGCGCCTGTAGTCCCAGCTACTTGAGAGGCTGAGGCGGGAGAATCAGTTCAACCCAGGAGACAGAGGTTGCAGTGAGCCAAGATCACACCACTGTGCTCCAGCCTGCGTGACAGAGCGAGACTCCATCTAAAAAAATAAAATAAA","CTGGGCATGGTGGCTCACGCCTGTAATCCCAGCACTTTGGGAGGCAGAGGCGGGAGGATCACTTGAGGTCAGGAGTTCAAGACCAGCCTGGCCAACATGGTGAAACCCCACCTCGACTAAAAATACAAAAATTAGCCGGGCGTGGTGGCAGGCGGCTGTAATCCCAGCTACTCGGGAGGCTGAGGCAGGAGAATCGCTTGAACCCAGGAGGCGGAGGTTGCAGTGAGCCAAGATCACACCATTGCACTCCAGCCTGGATGACAGAGTGAGACTCCGTCTCAAAAAACAAAAAAA"
"chr1","6720000","6720308","KN295586v1","1244707","1245017","36","5475293","GCCAGGCATGGTGGCTCACACGTGTAATTCTAGCACTTTGGGAGGCTGAGGCAGGTGGATCACCTGAGGTCAGGAGTTCAAGACCAGCCTGGTCAACATGGCGAAACCCCGTCTCTACTAAAAATACGAAATTAGCCAGGCGTGGTGGCGGACGCCTGTAATCCCAGCTACTCAGGAGGCTGAAGCAGGAGAATCGCTTGAACCTGGGAGGCAGAGCTTGCAGTGAGCCGAGATCATGCCACTACACTCCAGCCTTGGTGACAGAGTGAGACTCCATCTCAAAAAACAACAACAAAATAAATAAATAAA","GGCCAGGCGTGGTGGCTCACACCTGTAATCCTAGCACTTTGGGAGGCTGAGGCAGGCAGATCACTTGAGGTCAGGAGTTCAAGATCAGCCTGGCCAACATGGTGAAACCCCGTCTCTACTGAAAATACAAAAATTAGCTGGGTGTGGTGGTGGGTGCCTGTAATCCCAGCTACTCAGGAGGCTGAGGCAGGAGAATCGCTTGAACCTGGGAGGCAGAGGTTGCAGTGAGCCAAGATCATGCCACCACACTCCAGCCTGGGTGACAGAGAGAGACCCGTCTCCAAAAAAAAAAAAAAAAAAAAGAAGAAGAA"
"chr1","6733451","6733724","KN296955v1","128316","128596","47","6605135","CAGTGGCTCACACCTGTAATCCCAGCACTTTGGGAGGTCGAGGTGGGTGGATCACTTGAGGCCAGGAGTTCAAGACCAGCCTGGGCCGACATAGGGAAACCCCATCTCTACTAAAAATACAAACATCAGCCAGACTTGGTGGCGGGCACCTATAATCCCAGCTACTCAGAAGGCTGAGGCAGGAGAATCACTTGAACCCAGGAGGCAGAGGTTGCAATGAGTTGAGATGGTACCACTGCACTCCAGCCTCGGCTCTGTCTCAAAATAATAAAAA","GCATGGTGGCTTATGCTTGTAATCCTAGCACCTTGGGAGTTCGAGGTGATTGGATCACCTGAGGTCAGGGGTTCCAGACCAGCCTGGCCAACATAGCGAAACCCCCGTCTCTACTAAAAATGCAAAAATTAGCCAGGCGTGGTGGTGGGCGCCAGTAATCCCAGTTACTCGGGAGGCTGAGGCAGAAGAATCACTTGAACCCGGGAGGCAGAGGTTGCAGTGAGGTGAGATTGTGCCACTACACTCCAGCCTGGGACACTCTGTCTCAAAAAAAAAAAGAA"
"chr1","6756738","6757042","KN296643v1","852402","852709","34","5904336","GGCTGGGCGTGGTGGCTCAGCCTGTAATCTCAGAACTTTGGGAGGCTGAGGTGGGCGGATTACCTGAGGTCAGGAGTTCGAGACCAGCCTGGCCAACATGGTGAAACCCTGTCTCTACCAAAAACACAAAAATTAGCCAGGTGTGATGGTGGGCGTCTGTAATCCCAGCTACTTGGGAGGCTGAAGCAGGAGAATTGCTTGAACCTGGGAGGTGGAGGTTGCAGTGATCTGAGATGGCTCCACTGCACTCTAGCCTGGGCGACAGAGCAAGACTCCATCTCAAAAAAAAAAAAAAAAAAAAAAAA","GGCTGGGCGTGGTGGCTCACGCCTGGAATCCCAGCACTTTGGGAGGCCGAGGTGGGCGGATCACCTGAGGTCAGAAGTTCAAGACAAGCCCGGCCAACATGGTGAAACCCCATCTCTACTAAAAATACAAAAAATTAGCCGGGTATGGTGGCGGGCGCCTATAATCCCAGCTACTTGGGAGGCTGAGGCAGGAGAATCGCTTGAACCCAGGAGGCGGAGGTTGCAGTGAGCTGAGATTGCACCACTGCACTCTAGCCTGGGACACAGAGCAAGACTCCGTCTCAAAAAAAAAAAAAAAAAAAAGTAAA"
"chr1","6764082","6764380","KN294558v1","533117","533418","42","6230965","GGCCGGGTACGGTGGCTCACATCTGTAATCCCAGCACTTTGGGAGGCCGAGGCAGGCGGATCACCTGAGTTCAAGACCAGCCTGGCCAACATAGTGAAACCCCTTCTCTACTTAAAATACAAAACAATTAGCCAGGCGTAGTGGTGGTCGCCTGTAATCCCAGCCACTCGGGAGGCTGAGGCAAGAGAATTGCTTGAACCCAGGAGTTGGAGGTTGCAGTGAGCCGAGATCGCACCATTGCACTCCAGCCTGGGCAACAGAGAGGGACTCCATCTCAGAAAAAAAAAAAAAAAAAAAAA","GGCCAGGTGCAGTGGCTCACGCCTGGAATCCCAGCACTTTGGGAGACTGAGGCAGGCAGATCACGGAGTTCGAGACCAGCCTGGCCAACATGGTGAAACCCTGTCTCTAATAAAATACAAAAATTAGCCGGGCGTGGTGTCGGGCACCTGTAATCCCAGCTACTTGGGAGGCTGAGGCAGGAGAATTGCTTGAACCCAGGAGGTGGAGGTTGCAATGAGCCGAGATCGTGCTATTGCACTCCAGCCTGGGCAACAGAGCAGGACTCCATCTCAGAAAAAAAAATAAAAATAAAAATAAAAAA"
"chr1","6769963","6770202","KN295835v1","199186","199432","42","6570777","GCTGGGTGCAGTGGCTCACGCCTGTAATCCCAGCACTTTGGGAGGCTGAGGCGGGTGGATCACCTGAGGTCAGGAGTTCGAGACCAGCCTGGCCAACATGGTGAAACCCCGTCTCCACTAAAATACAAAAAGTAGCCAGTGTGGTGGCGGGTGCCTGTAATCCCAGCTATTCTGGAGGCTGACGCACTAGGATCACTTGAACCTGGGAGGCAGAGGTTACAGTGAGCCAAGACTGTGCCA","GACCGGGTGCAGTGGCTCACGCCTGTAATCCCAACACTTTGGGAGGCTGAGGCGGGCAGATCACCTGAGGTCAGGAGTTTGAGACCAGCCTGGCCAACATAGCGAAATCCCATCTCTACTGAAAATACAAAAATTAGCCGGATGTGGTGGCAGGTGCCCATAATCGCAGCTACTCGGGAGGCTGAGGCAGAGAGAATTGCTTGAACCCGGGAGGTGGGGTTGCAGTGAGCCGAGATTTCCCCCACAC"
"chr1","6774447","6774759","KN294613v1","479555","479865","40","6294892","GGCCGGGCACGGTGGCTTATGCCTGTAATTCCAACACTTTGAGAGGTCAAGGCGGGCGGATCACCTGAGGTCAGGAGTTTGAGACCAGCCTGGCCAACATAGTGAAACCCCGCCTCTACTAAAAATACAAAAAATTAGCCGGGTGTGGTGGCAAGCACCTGTAATCCCAGTGACTCAGGAAGCTGAGGCAGGAGAATCGCTTGAACCCAGGAGGCGGAGGTTGCAGTGAGCTGAGATCGTGCTGCTGCACTCCAGCCTGGGTGACAGAGCGAGACTCCACCTCAAAACAAAAAAAACAAAACAAACAAACAAA","GCCGGGCACAGTGGCTCACACCTGTAATGCCCACACTTTGGGAGGCTGAGGCGGGCAGATCACCTGAGGTCGGGAGTTCGAGACCAGCCTGGCCAGCATGGTGAAACCCTGTCTCTACTAAAAATACAAACATTAGCCGGGCGTGGTGGCAGGCACCTGTAATCCCAGCTACTTAGGAAGCTGAGGCAGGAGAATCGATTGAACCCGGGAGGCGGAGGTTGCAGTGAGCAGAGATCGTGCCATTGTACCCCGGCCTGGGCAACAGAGCGAGACTCCATCTCAAAACAAAACAAACAAACAAACAAACAAAA"
"chr1","6816437","6816740","KN296859v1","1611248","1611550","38","5205189","CAGGCGCGGTGGGTCACGCCTGTAATTCCAGCATTTTGGGAGGCCGAGGCTGGCAGATCATTTGAGGTCAGGAGTTCGAGACCAGCCTGGCCAATATGGTGAAACCCCATCTCTACTAAAAATACACAAATTAGCCAGGCGTGGTGGCGGACACCTGTAATCCCAGCTACTCAGGAGGCTGAGGCAGGAGAATCACTTGAACCTGGGAGGCAGAGGTTGCACTGAGCTGAGATCCCACCACTACACTCCAGTCTGGGCAACAGAGTGAGACTCCGTCTCAAAACAAACAAACAAACAAACAAAC","CCGGGCGTGGTGGCACACGCCTATAATTCCAGCACTTTGGGAGGCCAAGACAGGCGGATCACCTGAGGTCAGGAATTCAAGACCAGCCTGGCCAACATGCTGAAACCCCGTCTCTACTAAAAATACAAAAATTAGCCAGGCGTGGTGGCGGGCGCCTGTAATCCCAGCTACTCAGGAGGCTGAGGTAGGAGAATTGCTTGAACCTGGGAGGCGGAGGTTGCAGTGAGCCGAGATTGCATCACTGCACTCCAGCCTGGGCAACAGAGTGAGTCTCCATCTCAAAAACAAACAAACAAACAAAAA"
"chr1","6859266","6859576","KN294592v1","1036828","1037126","42","5822438","GGCTGGGCGCGGTGGCTCACGCCTGCAATCCTAGCACTTTGGGAGGCCGAGGCAGGTGGAACACCTGAAGTCAGGAGTTTGAGACCAGCCTGGCCAACCATGGCCAACATGGTGAAATCCTGTCTCTACTAAAAATATAAAAAGTAGCCAGGCATTGTGGCAGAAGCCTGTAATCCCAGCTACTCAGGAGGCTGAGGCAGGAGAATCGCTTGAACCCGGGAGGCAGGGGTTGCAGTGAGCCAAGATTGCACCACTGCACTCCAGCCTGGGTGACAGAGTAAGACTCCATCTCAAAAAAAAAAAAAGACAAA","GGCAGGGTGCGGTGGCTCGCGCCTGTAATCCCAGCATTTTGGGAGGCCGAGGCAGGTGGATCGCTTGAGGTCAGGAGTTCGAGACCAGCCTGGCCTACATGGTGAAACCCTGTCTCTACTAAAAATATAAAAATTAGCCGGGCGTGGTGGCAGGCGCCTGTAATCCCAGCTACTCGGGAGGCTGAGGCAGGAGAATTGCTTGAACCCAGGAGGCAGAGGTTGCAGTGAGCCGAGATTGTGCCACTGCACTCCACCCTGGACGACAGAGCAAGACTCCATCTCAAAAAAAGAAAAAGAAA"
"chr1","6947808","6948115","KN297442v1","1612430","1612738","40","5335378","GGCCAGGTGTGTCTCATGCCTGTAATCCCAGCACTTTGGGAAGCTGAGGCAGGTGTATCACTTGAGGTCAGGAGTTGGAGACCAGCCTGGCCAACATGGCGAAACCCTGTCTCTACTAAAAAATACAAAAATTAGCCAGGTGTGGTGGCGGGCATCTGTAATCCCAGCTACTAGGGAGGCTGAGGCAGGGGAATGGCTTGAATCCAGGAGGCGGAGGTAGCAGTGAGCCGAGATAACGCCACTGTACTCCAGCCTGGGCGACAAAGCAAGACTCCATCTCAAAAAATAAAAAACAAAAATAAAAACAA","GGCCGGGCGCAGTGGCTCATTCCTGTAATCCCAGCACTTTGGGAGGCCGAGGCAGGTGGATCACCTGAGGTCAGGAGTTCGAGACCAGCCTGGCCAACATGGTGAAACCCTGTCTCTACTAAAGATACAAAAATTAGCCAGGTGTGGTGGCGGGCACCTGTAATCCCAGCTACTGGGGAGGCTCAGGCAGGAGAATCACTTGAACCCAGGAGGCGGAGGTTGCAGTGAGCCGAGATCGTGCCACTGCACTCCAGCCTGGGCAACACGGTGAGACTCCATCAAAAAAAAAAAAAAAAAAGAAGAAGAAAA"
"chr1","6974474","6974666","KN295533v1","1763610","1763792","32","5210864","TGGTGAAACTCTGTCTCTATTAAAAATACAAAAATTAGCTGGGCGTGGTGGCAGGTGCCTATAATCCCAGCTACTCGAGAGGCTGAGGCAGGAGAATCACTTGAACCCAGGAGTCGGAGGTTGCAGTGAGCTGAGATTGCGCCACTGCACTCCAGCCTGGGCAACAAAGCGAGACTCCATCTCAAAAAAAAAA","TCTCATCTGTCCTAAAAATACAAGAATTAGCCAGGCATGGTGGCAGGCACCTGTAATCCCAGCTATTTGGGAGGCTGAGGCACGAGAATCTCTTGAACCTGGGAGGCAGAGGTTGCAGTGAGCTGAGATTGCGCCACTGCACTCCAGCCTGGGCACCACAGCGAGACTCTGTCTCAAAAAAAA"
"chr1","7014246","7014552","KN294218v1","173699","174003","43","6840547","GCTGGGCGTGGTGGCTCATGCCTGTAATCCCAGCACTTGGGGAAGCCAAGGCGGGTAGATCACTTGAGGTCAGGGATTCAAGACCAGCCTGGCTAACATGGGGAAACCCCATCTCTACCAACAATACAAAAAATTAGCCTTGCGTGGTGGCAGACACCTGTAATCCCAGCTTCATGGGAGGCTGAGACAGGAGAATCACTTGAACCCAGGAGGTTGGACGTTGCAGTGAGCTGAGATTGCACCACTGCACTCCAGCCTGGGTGACAGAGCGAGCCTGTCTCAAAAGAAAAAGAAAAAGAAAAAAAAA","GCTGGGCGTGGTGGCTCACGCCTGTAATCCCAGCACTTTGGGAAGCCGAGGCGGGTGGATCACCTGAGGTCAGGAATTCGAGACCAGCCTGACCAATATGGTGAAACCCCATCTCTACCAAAAATACAAAAATTAGCCTGGCGTGGTGGCAGGTACCTGTAGTCCCAGCTACTGGGGAAGCTGAGACAGGAGAATTGCTTGAACCTGGGAGGTGCAGGTAGCCGTGAGCTGAGATCGCACCACTGCATTCCAGCCTGGGATACACAGTGAGACTCTCTCTCAAAAAGAAAAAAAAAAAAAAAAAA"
"chr1","7021436","7021746","KN294957v1","62097","62408","32","6959339","GGCCAGGTGCGGTGGCTCACGCCTGTAATCCTAGCACTTTGGGAGGCTGAGGTGGGCAGATCACTTGAGGTCAGGAGTTTGAGACCAGCCTGACCAACATGGTGAAACCCTGTCTCTACTAAAAATACAAAAATTAGCCGGGCATGGTGGCGGGCGCCTGTAATCCCAGCTACTCAGGAGGCTGAGGCAGGAGAATTGCTTGAATCTGGGGGGCGGAGCTTGCAGTGAGCCAAGATTGCGCCACGGCACTGCAGCCTGGGGGACAGAGCGAGACTCTGTCTCAAAAAAAAAAAAAAAAAAAAAAAAAGAAA","GGCCGGGTGCAGTGGCTCACACCTGTAATCCCAGCACTCTGGGAGGCTGAGGTGGGCAGATCACCTGAGGTCAGGAGTTCGAGACCAACCTGGCCAACATGGTGAAACCCCGTCTTTACTAAAAATACAAAAATTAGCCGGGCGTGGTGGCGGGCGCCTGTAATCCCAGCTATTCGGGAGGCTGAGGCAGGAGAATCGCTTGAACCTGGGAGGTGGAGGTTGCAGTGAGTCAAGATCGTGCCACTGCACTCCAGCCTGGGTGACAGAGCAAGACTTCATCTCAAAAAAAAAAAAAAAACAAAAACAAAAAAA"
"chr1","7029612","7029932","KN295459v1","1030536","1030859","45","5999076","GGCCGGGTGCAGTGGCTCACGCCTATAATCCCAGCACTCTGGGAGGCCGAGGCAGGTGGATTTCTTGAGGTCAGGAGTTCAAGGCCAGCCTTGTCAAATGGTGAAACCCTGTCTCTACTAAAAATGCAAAAATTAGCTAGACATGGTGGTGGGTGCCTGTAATACCAGCTACTCAGGAGGCTGAGGGAGGAAAATTTCTTGAACCCGGGAGATGCAGGTTGCAGTGAGCCAAGATCATGCCACTGCACTTCAGCCCAGGCAACAGAGCAGGACTCCATCTCAAAAATAAATAAATAAATAAATAAATAAATAAATAAATAA","GGCCTGGTGCAGTGGCTTATGCCTGTAATCCCAGCACTCTGGGAAGCCGAGGCGGGCAGATCACTTGAGGTCAGGAGTTCAAGACAAGGCTGGCCAACATGGTGAAACCCCGTCTCTACTAAGAATACAAAAATTAGCCAGGCATGGTGGCAGGTGCCTGTAATCCCAGCTACTCGGGAGGCTGAGGCAGGAAAATCACTTGAACCCGTGAGGTGGAGGTTGCAGTGAACCGAGATCATGCCACTGCACTCTAGCCTGGGCAACAGAGTGAGACTCTGTCTCAATAAATAAATAAATAGATAAATAAATAAATAAATAAATAAA"
"chr1","7036410","7036721","KN297105v1","2952369","2952682","31","4084041","GGCTGGGCGTGGTGGCTCACGCCTGTAATCCCAGCACTTTGGGAGGCCGAGGTGGGCAGATCACTTGAGGTCAGGAGTTCGAGACCAGTCTGGCCAACATGGTGAAACCCTGTCTCTACTAAAAATACAAAAATTAGCCGGTCATGATGGCAGGTGCCTGTAATCCCAGCTACTCAGGAGACTGAGGCAGGAGAATTGTTTGAACCTGGGAGGTGGAGGTTGCAGTGAGCCGAGATCCCGCCACTGTACTCCAGCCTGGGTGACAGAGAAAGACTCTGTCTCAAAAATAAAAAATAAAATAAAATAAATAAA","GGCTGGGCGTGGTGGCTCACGCCTGTAATCCCATCATTTTGGAAGGCCAAAGCGGGTGGATCACCTGAAGTCAGGAGTTCAAGACCAGCCTGGCCAACATGGTGAAATCCTGTCTCTACTAAAAATACAAAAATTAGCTGGGCATGGTGGCAGGTGCCTGCAATCCCAGCTACTCAGGAGGCTGAGGCAGGAGAACTGTTTGAACCCAGGAGGTGGAGGTTGCAGTGAGCCGAGATGGCGCCACTGCACTCCAGCCTGGGCGACAGAGTAAGACTCCGTCTCAAAAAAATAAAAATTAAAAAAAAATAAATAAA"
"chr1","7047606","7047887","KN296833v1","94676","94959","43","6952930","ATCCCAGCACTTTGGGAGGCCAAGGCGGGTGGATCCACCTGAGGTCAAGAGTTCGAGACCAGCCTAGCCACCATGATGAAACCTCATCTCTAGTAAAAATACAAAAATTAGCTGGGTGTGGTGGTGGGCCCCTATAATCCCAGCTACTCAGGAGGCTGAGTCAGAAGAATCGCTTGAACCCGGGAGGCAGAGGTTGCAGTTAGTAGAGATTGTGCCACTATAGTCCAGCCTGGGCAACAGAGCAGGACTCCATCTCAAAACAAAAAAACAAACAAACAAAAA","TGTAATCCCAGCACTTTGGGAGGCCAAGGCGGGCAGATCACTTGAGGTCAGGAGTTTGAGACCAGCCTGGCCAACATGGTGAAACCCCGTCTCTACTAAAAATACAAAAATTAGCTGGGCATGGTGGTGGGCGCCTGTAATCCCAGCTACTCAGGAGGCTGAGGTGGGAGAATTGCTTGAACCCGGGAGGTGGAGGTTGCAGTGAGCTGAGATCGTGCCACTGCACTCCAGCCTGTGCGACAGAGCAAGACTCCATCTCAATGAAAAACAAACAAACAAAAAAA"
"chr1","7078281","7078498","KN294874v1","126189","126410","32","6952092","ACCAGCCTGGCCAACATGGTGAAACCCCATCTCTATTAAAAATACAAAAATTAGCCTGGCATGGTGGTGGTCACCTGTAATCCCAGCTATTTGGGAGGCTGAGGCAGGAGAATCGCTTGAACCTGGAAGGCAGAGGTTGCAGTGAGCCAAGATCGTGCCATTACACTCCAGCCTGAGTGGCAGAGCAAAACTCTGTCTCAAATAATAATAATAATAAA","CAGCCTGACCAACATGGTGAAACCCCGTCTCTACTAAAAATACAAAAATTAGCCAGGCATGGTGGTGGGCGCCTATAATCCCACTACTCAGGAGGCTGGGGCAGGAGAATCCCTTGAACCTGGGAGGCAGAGGTTGCAGTGAGCCAAGATCGCGCCATTGCACTCCAGCCTGGGCAACAGAGCGAGACTCGGTCTCAATAAATAAATAAATAAATAAATAAA"
"chr1","7079903","7080186","KN295561v1","109790","110077","43","6970113","GCCAGCCGTGGTGGCTCACGCCTGTAACCCCAGCACTTTGGGAGGCTGAGGTGGGCGGATCTCTTGAGGTCAGGAGTTTGAGGCCAGCCTGACAAACATGGTGAAACCCCATCTCTACTAAAAATACAAAAATTAGCTGGACATTGTGGTAGGCACCTGTAATCCCAGCTACTCAGGAGGCTGAAGCAGGAGAATCTCTTGAACCTACGAGGCAGAGGTTGCAGTGAGCCAAGATCATGCCGCTGCCTTCCAGCCCAGGTGACGGAGCAAGACTGCATCTCGAA","GGCTGGGCGCGGTGGTTCACGCCTGTAATCCCAGCACTTTGGGAGGTCGAGGTGGGTGGATCACTTGAGGTTAGGAGTTTGAGACCAGCCTGGCCAACATGGTGAAACCCCATCTCTACTAAAAATACAAAAATTAGCTGGGCATAATGGTGGGTGCCTGTAATCCCAGCTACTTGGGAGGCTGAGGCAGGAGAATCGCTTGAACCCAGGAGGCAGCAGTTGCAATGAGCCAAGATCATGCCACTACACTCCAGCCTAGGTGACAGAGCAAGACTCTGTCTCAAAAAA"
"chr1","7160280","7160577","KN294456v1","1098138","1098439","40","6062142","CCGGGCACAGTGGCTCATACCTGTAATCCCAGCACTTTGGGAGGCCGAGGCAGGCGGATCACCTGAGGTCAGGAGTTTGAGAACAGTCTGGCCAACATGGTGAAACCCCATCTCTACTAAAAATACAAAAATTAGCCGGGCGGGGTGGCGGGTACCTGTAATCTCAGATACTCAGCAGGCTGAGGTAAGAGAATCACTTGAACCCACAAGGTGGAGGTTTCAGTGAGCCAAGATCGCACCACTGCGCTCCAGCTTGGGCAACAGAGTGAGACTCCATCTCAATTAAAAAAAAAACAAA","GGCCAGGCGCAGTGGCTCACACCTGTAATCCCAGCACTTTGGGAGGCCGAGGTGGGCAGATCACCTGAGGTCAGGAGTTCCAGACCAGCCTGGCCAACATGGTGAAACCCCATCTCTACTAAAAATACAAAAATTAGCCAGGCGTGGTGGCGGACGCCTGTAATCCCAGCTACTCAGGAGGCTGAGGCAAGAGAACTGCTTGAACCCAAGAGGCAGAGGTTGCAGTGAGCCAAGATCGCACCACTGCACTCCAGCCTGGGTGACAGAGCGAGACTCCGTCTCAAAGAAAAATAAAAAAAGAA"
"chr1","7165642","7165936","KN294558v1","560208","560501","37","6605434","GACCAGGCGCAGTGGCTCATGCCTGTAATCCCGGACCTTTGGGAGGCCGAGGTGGGCAGATCACTTGAGCTCAGGAGTCCAAGACCAGTCTGGCCAACATGGTGAAACCCTGTCTCTACTAAAAATACAAAACTTAGCTGGGCGTGGTGGCAGGCACCTGTAATCCCAGCTACTCAGGAGGCTGAGGCAGGAGAATCGCTTGAGCCCAGGAGGCAGAGGTTGCAGTGAGGCAAGATAGCGCCACTGCACTCCAGCCTGGGCAACAGCAAGACTCCATCTCAAAAAAAAAAGAGAA","GGCCAGGTGCGGTGGCTCACGCCTGTAATCCCAACACTTTGGGAGGCCAAGGTGGGCAGATCACCTAAGGTCAGGAGTTCAAGACCAGCCTGGCCAACACGGTGAAACCCTATCTCTACTAAAAACACAAAAATTAGCTGGCGTGGTGGTGGGCACCTGTAATCCCAGCTACTCGGGAGGCTGAGGCAGGAGAATAGCTTGAACCTGGGAGGCAAAGGATGCAGGGAGCCAAGATCGCGCTACTGCACTCCAGCCTGGGCAACGAAGTGAGACTCCATCTCAAAAAAAAAAAAA"
"chr1","7186296","7186592","KN294193v1","425211","425504","34","6761085","GGCCAGGCATGGTGGCTCACACCTGTAATCCCAGCACTTTGGAAGGCCAAGGCGGGAGGATCACCTGAGGTCAGGAGTTCGAGACCAGCCTGGCCAACATGGTGAGACCCCATCTCAACTGAAAAATAAAAAAATTAGCAGGGTATGGTGGCAGGCGTCTGTAATCCCAGCTACTCGGGAGCCTGAGGCAGGGAGAATTGCTTGAACCAGGAGGTGGAGGCTGCAGTGAGCCGAGATCGCACCACTGTACTCCAGCCTGGGCGACAGAGTCAGACTCTGTCTCAAAAAAAAAAAAAA","CTGGGCATGGTGGCTCACGCCTGTAATCCCAGCACTTTGGGAGGCAGAGGCGGGAGGATCACTTGAGGTCAGGAGTTCAAGACCAGCCTGGCCAACATGGTGAAACCCCACCTCGACTAAAAATACAAAAATTAGCCGGGCGTGGTGGCAGGCGGCTGTAATCCCAGCTACTCGGGAGGCTGAGGCAGGAGAATCGCTTGAACCCAGGAGGCGGAGGTTGCAGTGAGCCAAGATCACACCATTGCACTCCAGCCTGGATGACAGAGTGAGACTCCGTCTCAAAAAACAAAAAAA"
"chr1","7225194","7225490","KN294526v1","334958","335253","41","6890236","GCCGGGTGCAGTGTCTTACACCTGTAATCCCAGCATTTTGGGAGGCTGTGATGAGTGGATCACCTGAGGTCAGAAGTTCAAGACCAGCCTGACCAACATGGTGAAACCCCGCCTCCACCAAAAATACAAAAATTAGCCAGGCATGGTGGTGGGCACCTGTAATCCCAGCTACTTGGGAGACTGAGACAGGAGAATTGCTTGAACCTGGGAGGCAGAGGTTGCAGTGAGCCAAGACGAGATCATGCCACTGCACTCCAGCCTGGGCGACAGAGCGAGACTCTTTCAAAAAAAATAAAA","GCCGGGCACGGTGGCTCACACCTGTAATCCCAGCACTTTGGGAGCCCGAGGTGGGTGGATCACCTGAGGTCAGGAGTTCAAGACCAGCCTGGCCAACATGGCAAAACCCCGTCTCTACTAAAAAATACAAAAATTAGCCAGGCATGGTGGCAGGTGTCTATAATCCCAGCTACTCAGGAGGCTGAGGCAGGGAGAATTGCTTGAACCTGGGAGGCAGAGGTTGCAGTGAGCCGAGATCATGCCACTACACTCCAGCCTGGGTGACAGAGCGAAACTCTGTCTCAAAAAAAAAAAAA"
"chr1","7228609","7228907","KN295998v1","154789","155089","34","7073820","GGCTGGGCATGGTGGCTCACGCCTGTAATCCCAGCACTTTGGGAGGCTGAGGCAGGAGGATCACCTGAGGTCAGGAGTTCGAGACCAGCCTGACCAACATGGTGAAACCCCATCTCTACTAAAAATACAAAAATTAGCCAGGCGTGGTGGCAGGCGCTTTTAATCCCAGCTACTCATGAGGCTGAGGTGCAAGAATCGCTTGAACCTGGGAAGTGGAGGTTGCAGTGAGCTATGATCACACCACCGCACTCCAGCCTGGGTGACAAAGTGAGACTCTATCTAAAAAAAAAAAAAAAAAA","GGCTGGGCGCCGTGGCTCACGCCTGTAATCCCAGCACTTTGGGAGGCCGAGGCAGGCGGATCACCTGAGGTCAGGAGTTTGAGACCAGCCTGGCCAACATGGTGAAACCCCGTCTCTACTAAAAATACAAAAAAAATTAGCCGGGCGTGGTGGCAAGCGCCTATAATCCCAGCTACTTGGGAGGCTGAGGTGAGAGAATCGCTTGAACCTGGAAGGTGGTGGTTGCAGTGAGCTGAGATCGTGCCACTGTACTCCAGCCTGGGTGACAGAGTGAGACTCCATCTCAAAAAAAAAAAAAAAA"
"chr1","7229166","7229476","KN295315v1","1044372","1044679","50","6184794","GGCCGGCCGCATGGCTCACCCCTGTAATCCAGCACTTTGAGAGGCTGAGGCGGGTGGATCATTTGAGGCCAGGAGTTTGAAACCAGCCTGGCCAACACGGCGAAACCCCTGTGTCTACTAAAAATACAAAAATTAGCTGGGCGTGTTTGGTGGGCGCCTGTTGTCTCACTTACTTGGGAGGGTGAGTCAGGAGAATTGCTTGAGCCCAAGAGGTGGAGGTTGCAGTGAGCAGAGATCATGCCACAGTACTCCACCCTGGGTGACAAAGCGAGACAGTGTCTCCAAAAAAAAAAAAAAAAAGAAAAGAAAAA","GCTGGGCACAGTGGCTGACGCCTGTAATACCAGCACTTTGGGTGGCTGAGGCGGGTGGATCACCTGAGGTCAGGAGTTTGAGACCAGCCTGACCAGCATGGCGAAACCCTGTCTCTACTAAAAATACAAAAATTAGCCGGGCGTGGTGATGGTCGCCTGTTATCCCAACTGCTAGGGAGGCTGAGGCAGGAGAATAGCTTGAATCAGGAGGCGGAGGTTGCAGTGAGCCGAGATCGCGCCATTGTACTCCAGCCTGGGTGACAGAGTGAGACACTGTCTCAAAAAAAAAAAAAAAAAAAAAAAAAAAA"
"chr1","7240556","7240828","KN294883v1","180119","180387","43","7060437","CCCAGTACTTTGGGAGGCCGAGGCAGGTGGATCACTTGAGGACAGGAGTTTGGAACCAGCCTGGCCAACATGGTGAAACCCCTTCTCTACTAAAAATACAAAAAATTAGCCTGGCATGGTGGCAGGCACCTGTAATTCCAGCTACTCGGGAGGCTGAGGCAGGAGAATCTTTTGAACCTGGGAGGCAGAGGTTGCAGTGAGCTGAGATCGTGCCACGGCACTCCGGCCTGGGGGACAAAGCATCTCAAAAAAAAAAAAAAGAAAAAAAAAAAA","GCACTTTGGGAGGCCGAGGCGGGCAGATCACTTAAGGTCAGGAGTTCAAAACCAGTCTGGCCAACATGGTGAAACCCCGTCTCTACTTAAAATACAAAAAGTAGCCAGCCATGGTGGCAGGCCCCTGTAATCCTAGCTACTCCAAAGGCTAAGGCAGGAGAATTGCTTGAACCCTGGAGGCGGAAGTTGCAATGAGCTGAGATCATGCCACTGCACTCCAGCCTGGGTGACAGAGCTGTCTCAAAAAAAAAAAAAAGAAAAAAGAAAAA"
"chr1","7259160","7259467","KN296495v1","962835","963136","39","6296325","GGCCAGGTGCAGTGGCTCACACCTGTAATCCCAGCACTGTAGGAGGCCAAGGTGGGCAGATCACTTGAGGTCAGGAGTTCGAGACCAGCCTGGCCAACATGGCGAAACCCTGTCTCTACTAAAAATACAAAAATTAGCCAGGCATAGTGGCAGGTGCCTGTAATCCCAGTTACTTAAGAGGCTGAGGCAGGAGAATCACTTGAACCCGGGAAGCAGAGGTTGCAGTGAGCTGAGATAGTGCTACTACATTCCAACCTCGGAGACAGAGTGAGATGAGACTCTGTCTCAAAAAAAAAAAAAATTAAAAA","GGCCAGGAACAGTGGCTCATACCTGTAATCCCAGCACTTTGGGAGGCCGAGGTGGGAGGATAACTTGAGGTCAGGAGTTCGAGACCAGCCTGGCCAATATGGTGAAACCCTGTCCCTACTAAAAATAAAAAAATTAGCCAGGCATGGTGGCAGGCGCCTGTAGTCCCAGCTACTCAGGAGGCTGAAGCAGGAGAATCACTTGAACCCAGGAAGTGGAGGTTGCAGTGAGCAGAGATCATGCCACTGCACTCCAGTCTGGGAGACAGAGTGAGACTCTGTCTCAAAAAAAAAAAAAAAAAAAA"
"chr1","7268815","7269121","KN295571v1","1155767","1156067","42","6113048","GGCTCAGTGTGGTGGCTCATGGATGTAATCTCAGCACTTTGGGAGGCCAAAGCAGGCAAATCACTTGAAGTCAGGAGTTCGAGACCAGCCTGGCCAACATGGTGAAACCCCATCTCTACTAAGAATACAAAGATTAGCTGGGCGTGGTGGTGGGTGCCTGTAATCCCAGCTACTTGTGAGGCTGAGACAGGAGAATTGCTCGAACCCAGGAGGCGGAGGTTGCAGTGAGCCGAGATCGCAACACTGCACTCCTGCCTGGGCAGGGAGACAGAGTGAGATTCCATCTCAAAAAAAAAAAGAAAGAAAA","GGCTGGGCGTGGTGGCTAATGCCTGTAATTCCAGCACTTTGGGAGGCCAAGGCAGCAGATCACTTGAGGCCAGGAGTTCGAGACCAGCCTGGCCAACATGGTGAAACCCCATCTCTACTAAAAATACAAAAATCAGCTGGGTGTGGTGGTGGGTGCCTGTAGTCCCAGCTACTTGGGAAGCTGAGGCAGGAGAATCGCTTGAACCCAGGAGGTGGAGGTTGCAGTGAGCTGAGATGGTGCCACTGTACTCTAGCCTGGGCGACAGAGTGTGACTCCGTCTCAAAAAAAAAAAAAAAAAAAA"
"chr1","7271589","7271854","KN294325v1","1269746","1270001","59","6001843","CCAACGCAGGTCAAATCACTTGTAGTCACGATTTTCGAGACCAGACTGGGCCTAGCATGGATAAACCCCATCTATACTCAGAATACAAAGATTAGCCTGGGCGCGGTGGTGGGTGCCTGTAATCCCAGATACTGGTGAGGCTGAGACAGGAGAATTGCTCGAACCCAGGAGGTGGAGGTTGCAGTGAGCCGAGATCGCAACATTGCATTCTTGCCTGGGCAGGGAGACAGAGTGCGATTCCATCTCAAAAAAAAAAAGAAAGAAAA","GAGGCAGGCAGATCACTTGAGGTCAGGAGTTCCAGACCAGCCTGGCCAACACGGTGAAACCCTGTCTCTAATGAAATTACAAAAATTAGCTGGGCATGGCGGCAGGAGCCTGTAATCCCAGCTACTAGGGAGGCTGAGGCAGGGGAATCACTTCAACCTGGGAAGTGGAGGTTGCAGTGAGCCGAGATCGCACCATTGCACTCCAGCCTGGGCGACAGAGTGAGATTCCATCTCAAAAAAAAAAAAAAAGAATAAA"
"chr1","7321048","7321258","KN294509v1","178587","178797","30","7142461","CATCCTGGCCGACGTGGTGAACCCCCATCTCTACTAAAAATACAAAAATTAGCCAGGCGTGGTGGCAGGTGCCTATAATCCCAGCTACTAGGAGGCTGAGGCAGGAGAATCACTTGAACCTGGGAGGTGGAGGTTGCAGTGACCCGAGATCGTGCCACTGCACTCCAGCCTGGGTGATAGAGGGAGACTCCATCTCAAAAAAAAAAAAAAA","GCCTGGCCAACATGGTGAAACCCCATCTCTACTAAAAATACAAAAATTAGATGGGCATGGTGGCAGGCACCTGTAATCCCAGCTCCTCAGGAGGCTGAGGCAGGAGAATCGCTTGAACTCGGGAGACGGAGGTTGCAGTGAGCCAAGATCGTGCCACTACACTCCAGCCTGGGCAGCAGAGCAAGACTCCATCTCAAAAAAAAAAAAAGAA"
"chr1","7327723","7328014","KN296547v1","1900356","1900651","38","5427367","GTCGAGTACAGTGGCTCATGCCTGTAATCAGCACTTTGGGAGGCCGAGGCGGGTGGATCACCTGAGGTCAGGAGTTCAAGAGCAGCCTGGCCAACATGGCAAAACCCCGTCTCTACTAAAAATACAAAAATTAGCTGGGAGTGATGGCAGGCACCTGTAATCCCAGCTACTCGGAGGCTGAGGTAGGAGAATTGCTTGAACCTGAGAGGCAGAGGTTGTGGTGAGCCAAGATCATGCCATTGCACTCCAGTCTGGGCAACAAAGCGAGACTCCACCAAAAAACAAAACAAAA","GGCCGAGTGCAGTAGCTCATGCCTGTAATTCCAGCACGTTGGGAAGCCGAGGCGGGTGCATCACCTGAGGTCAGGAGTTTGAGACCAGTCTGGCCAACATGGTGAAACCCCGTCTCTACTAAAAATACAAAAATTAGCTGGGTGTGGTGGCAGCCACTTGTAATCCCAGCTACTCAGGAGGCTGAGGCAGGAGAATTGCTTGAACCTGGGTCAGGGAGGCTGCAGTGAGCCGAGATCATGCCACTGCACTCCAGCCTGGGCAACAAAGTGAGACTCCATCTCAGAAAAAAAAAAAA"
"chr1","7352125","7352440","KN296484v1","351750","352061","41","7000375","GGCTGGGTTCAGTGGCTCACACCTGTAATTCCAGCACTTAGGAAGGCTGAGGGGGGTGGATTGATTGCTTGAGCTCAGAAGTTTGAGACCAGCCTGGCCAACATGGTGAAACCCTGTCTCTACTAAAAATACAAAAATTATCCAGGCATGGTGGCGGGTGCCTGTAATCCCAGCTACTTGGGATGCTAAGGCAGGAGAATCGCTTGAATCTGGGAGGTGGAGTTTGCAGTGAGCCGAGATCACACCACTGCACTCCAGCCTGGGTGACAGAGCAAAACTCCGTCTCAAAAAAAAAAAAAAAAAGAAAAAGAAAAAA","GGCCGGGCACAGTGGCTCATGCCTGTAATCCCAGCACTTTGGGAGGCAGAGGAGGGTGGATCACTTGAGCTCAGGAGTTTGAGACCAGCCTGGCCAACATGGTGAAACTCCGTCTCTACTAAAAATACAAAAATTAGCTGGGTGTGGTGGCGGGCACCTGTAATCCCAGTTACTTGGGAGGCTGAGGCAGGAGAATCTCTTGAACCTGGGAGGTGGAGGTTGCAGTGAGCCGAGATTGTGCCACTGCACTCCAGCCTGGGCGACAGAGCAAGACTTTGTCTCAAAAAAAAAAAAAAAAAAAAAAAAAAAAAA"
"chr1","7368494","7368801","KN294407v1","3027269","3027567","34","4341225","GGCTGGGCATGGTGGCTCACGCCTGTAATCCCAGCACTTTGGGAGGCCGAGGTGGGCAGATCACCTGAGGTCAGGAGTTTGAGATCAGCCTGGCCAACATGATGAAACCCCATCTCTACTAAAAATGCAAAAAAATTAGCCAGGCATGGTGGCAGGCGCCTGTAATCCCAGCTACTTGGGAGGCTGAGGCAAGATAATCACTTGAACCCAGGAGGTGGAGGTTGCAGTGAGCCGAGATCACGCCACTGCACTCCAGGCTGGGTGACAAAGCAGGACTCCATCTCGAAACAAACAAACAAACAAACAAA","GGCTGGGCGTGGTGGCTCATGCCTGTAATCCCAGCACTTTGGGAGGCCGAGGTGGGCGGATCACCTGAGGTCAGGAGTTCGAGACCAGCCTGGCCAACATGGTGAAACCCCATCTCTACTAAAAATACAAAAATTAGCCAGGCGTGGTGGTGGGTGCCTGTAATCCCAGCTACTTGGGAGGCTGAGGCAGGAGAATCACTTGAACCCAAGAGGTGGAGGTTGCAATGAGCCGAGATCGTGCCACTGCAATCCAACCTGGGTGACATAGCGAGACTCCATCTCAAAAACAAATAAATAAA"
"chr1","7418511","7418814","KN294933v1","554050","554346","40","6864461","GCCAGGCACAGTGGCTCATGCCTGTAATCCAAGCACTTTGGGAGGCCAAGGTGGGCGGATCACCTGAGGTCAAGAGTTCGAGACAAGCCTGGGCAACATGGCGAAATCCTGTCTCTACTAAAAATACAAAAATTAGTCAGGCACATTGGTGGTGGGCACCTGTAATCCCAGCTATTTGGGAGGCTGAGGCAGAAGAATCACTTGAACCTGGGAGGTGGAGGTTGCAGTGAGCCGAGATTGCACCACTGCACTCCAGCTCAGGTGACAGAGTAAGACTCCATCTCAGTAACAACAACAAAAAGAA","GGCCGGGCACGGTGGCTCATGCCTATAATCCCAGCATTTTGGGAGGCAGGGGTGGGTGGATCACCTGAGGTCAGAAGTTCAAGACCAGCCTGGCCAACATGGTGAAACCCTGTCTCTACTAAAAATACAAAAATTAGTCAGACATGGTGGCCGGCACCTGTAATCCCAGCTAGTTGGGAGGCTGAGGCAGGAGAATTGCTTGAACCTGGGAAGTGGAGGTTGCACTGAGCCGAGATCGTGCACTGCACTCCAGCCTGGTGACAGAGCAAGACTCCATCTCAAAAACAACAACAACAA"
"chr1","7582818","7583125","KN295922v1","130002","130315","40","7452816","GGCTGGGCGCGGTGGCTCACGCTTCTAATCCCAGCACTTGGGGAAGCCGAGGCTGGTGGATTGCTTGAGGTCAGGAGTTCGAGACCAGCCTGACCAACATGGTGAAACCCCATCTCTACTGAAAATACAAAAATTAGCCGGGCATGGTGGTGGGCGTCTGTAGTGCCAGCTACTCAGGAGGCTGAGGTGAGGGAATCACTTGAACCTGTGAGGCGGAGGTTGCAGTGAGCCGAGATTGTGCCACTGCACTTCAGCCTGGGTGACAGAGACTCCATCTCAAAAAAAAAAAAAAAAAAAAAAAAAAAAGA","GGCTGGGCGTGGTGGCTCACACCTGTAATCCCAGCACTTGGGGAGGCCGAGGCTGTTGGATCATCTGAGGTCAGGTGTTTGAGACCAGCCTGGCCAACATGGTGAAACCCCGTCTCTACTAAAAATACAAAAATTAGCTGGGCGTGGTGGCGGGCGCCTGTAATCCCAGCTACTCGGGAGGCTGAGGCAGGAGAATTGCTTGAACCCAGGAGGCGGAGGTTGCAGTGAGCCGAGATTGTGCCACTGCACTCACTCCAGCCTGGGTGACAGAGCAAGACTCCATCTCAAAAAAAAAAAAAAAAAAAAAAAAAAAA"
"chr1","7652365","7652671","KN294991v1","688885","689191","40","6963480","GGCTGGACATGGTGGCTGACACCTGTAATCCTAGCACTTCAGGAGGCTGAGGCAGGTAGATCACCTGAGGTCAGGAGTTTGAGACCAGCCTGACCATGTGGTGAAACCTGTTTCTACTGAAAATACAAAAATTAGCTAGGCATGGTGGCAGGTGCCTGTAATCACAACTACTTGGTAGGCTGAGGCAGGAGAATCACTTGAACCCAGTAGGTGGAGGTTGCAGTGAGCCAAGATCGTGCCATTGTGCTCCAGCCTGGGCAACAGAGTGAGACTCCACCTCAAAAAAAAAAAAAAAAGAGAGAGAGAA","GGCTGGGCATGGTGGCTTACGTCTGTAATCCCAGCACTTTGGGAGGCTGAGGCAGGCAGATCACCTGAGGTCAGGAGTTCAAGACCAGCCTGGCCAACATGGCAAAACCCGTCTCAACTAAAAATACAAAAATTAGCTGGGCATGATGGCGGGTGCCTGTCATCCCAGCTACTTGGGAGGCTGAGGAAGGACAATCACTTGAACCCAGGAGGTGGAGGTTGCAGTGAGCTGAGATCATGCTACTGCACTCCAGCCTGGGCAAAAGAGTGAGACTCCATCTCAAAAAAAAAAAAAAAAAGAGAGAGAA"
"chr1","7722594","7722896","KN294873v1","1663394","1663694","40","6059200","GGCCTGGTGGCTCACGCCTGTAATCCCAGCACTTTAGGAGGCTGAGGCAGGCAGATCACTTGAGGTCAGGAGTTTGAGACCAGCCTGGCCAATGTGGTGAACCCCGTCTCTACTAAAAATACAAAATTTAGCCAGGCATGGTGGTAGGTGCCTGTAGTCCTAGCCACTCAGGAGGCTGAGGCAGGAGAATTGCTTGAACCTGGGAGAGGGAGGTTGCAATGAGCTGAGATTGCACCACTGCATTCCAGCCTGGGCGACAAAGTGAGACTCTGCCTCAAAAACAAAACAAAACAAACAAACAAA","GGGGACAGTGGCTCATGCCTGTAATCCCAGCATTCTGGGAGGCCAAGGCAGGCAGATCACTTGAGGTCAGGAGTTTGAGACCAGCCTGGTCAACATAGTGAAACCCCGTCTCTACTAAAAATACAAAAATTAGCGGGGCATGGTGGCGGGTGCCTGTAGTCCCAGATACTCGGGAGGCTGAGGCAGGAGAATTGCTTGAACCTGGGAGGCGGAGGTGGCAGGGAGCCAAGATCGCACCACTGCACTCCAGCCTGGGAGACAGTGAGACTCTGTCTCAAAAACAAACAAACAAACAAACAAA"
"chr1","7726045","7726343","KN295923v1","880754","881043","39","6845291","GGCCGGGCGCAGTGGCTCACACCTGTAATCCCAGCACTTTGGGAGGCTGAGGCCGGTGGATTACCTGAGGTCAGGAATTTGAGACTAGCCTGGCCAACATGGTGAAACCCATCTCTACTAAAAATACAAAAATTAGCCGGGCGTGGTGGTGGGCACCTGTAATCCCAGCTACTTGGGAGATTGAGGCAGGAGAGTTACTTGAACCCAGGAGGCAGAGGTTGCAGTAAGCTGAGATCACACCACTGAACTCCAGCCTGCCAGTCTGGGTGACAGAGTGAAACTCCATCTCCAAAAAAAAA","GGCCAGGCACGGTGGCTCACACCTGTAATCCCAACACTTTGGGAGGCTGAGGGGGTGGATCACTTGAGGTCAGGAGTTTGAGACCAGCCTGGCCAACATGGTGAAAACCCATCTCTAATAAAAATACAAAAATTAGCTGGGCGTGGTGGTGGGCACCTGTAATCCCAGCTACTCAGGAGGTTAGGGCATGAGAATTGCTTGAACCTGGGAGGCAGAGGTTGCAGTGAGCTGAGATCACACCACTGCACTCCAGCCTGAGTGACAGAGAGAGACTCTGTCTCAAAAACAAA"
"chr1","7738574","7738882","KN296502v1","1221219","1221521","45","6517355","GGCTGGGCACAGTGGCTCATGCCTGAAATCCCAGCACTTTGGGAGGCTGAGGCGGGCAGATCTCTTGTGGTCAGGAGTTCGAGACCAGCCTGGCCAACCCTAACCCTAACTCCATCTCTACTAAAAATACAAAAATTAGCCAGGCGTGGTGGTGGGTGCCTGTAATCCCAGCTACTCGGGAGGCTGAGGTGGGAAGATCACCTGAGCCTGGAGAGGTTGAGGCTACAGTGAGCTGTGATCGCGCCACTGCATTCCAGCCTGGGTGACAGAGCAAGACCTTGTCTCAAAAAACAACAACAACAAAAAAAA","GGTCGGGTGCAGTGGCTCATGCCTGGAATCCCAGCACTTTGGGAGGCCGAGGCAGGCAGATCACCTGAGGTCAAGAGTTTGAGACCAGCCTGACCAACATGGATAAACCCCATCTCTACTAAAAATACAAAATTAGCAGGGCGTGGTGGTGGGTACCTGTAATCCCAGCTACTCAGGAGGCTGAGGTAGGAGGATCACTTGAGCCTGAGAGGTCGAGGCTGGAGTGAGCCATGATCGCACCACTGCACTCCAGCCTGGGTGACAGAGCGTGACCCTGTCTCAAAAAAAAACAAAAAACAAAAA"
"chr1","7744526","7744765","KN295405v1","757351","757593","49","6987175","GGACAGGTGCGGTGGCTCATGCCTGTATTCTTAGCATTTTGGGAGGCCAAGGTGGGAGGATCACCTGAGTTCAGGAGTTCAAGACCAGCCTGGCCAACATGGTGAAACTCCGTCTCTACTAAAAATACAAAAATTAGCCAGGTGTGTTGGCGGGTGCCTGTAATCCCAGCTACTCGGGAGGCTGAGGCACAAGAATTGCTTGAACCTGGGAGGTGGAGGTTTCGCTGTGTTAGCCAGGAT","GGCCGGGCGCAGTGGCTCTCATGCCTGTAATCCCAGCACTTTGGGAGGCTGAGGTGAGTGGATCACTGGAGGTCAGAAGTTTGAGACCAGCCTGGCCACCATGGTGAAACTCCATCTCTACTAAAAATACAAAGATTAGCCAGGCATGGTGGTGGGCACCTTTAATCCCAGCTATCCAGGAGGCTGAGGCAGGAGAATTGCTTGAACCCAGGAGGCGGAGGTTGTGGTGAGCTGAGATCATGC"
"chr1","7748252","7748550","KN294539v1","1287945","1288241","38","6460307","GCTGGACGCGGTGGCTCATGCCTGTAATCCCAGCACTTTTGGGAGGCCAAGGCGGGTGGATCACCTGAGGTCAGGAGTTTGAGACCAGCCTGGCCAACATGGTAAAACCCCGTCTCTACTAAAAATACAAAGTTAGCCGGGCATGGTGATAGGCGCCTGTAATCCCAGCTACTTGGGAGGCTGAGGCAGGAGAATTGCTTGAACCCAAGAGGCGGAGGTTACAATCAGCTGAGATTGAGCCACTGCACCCCAGTCTGCGCAACAGAGCAAGATTCTGTCTCAAAAAAAAAAAAAAAAAA","GGCCGGATGCAGTGGCTCACGCCTGTAATCCCAGCACTTTGGGAGGCCGAGGCGGGCAGATCACCTGAGGTCAGGAGTTCGAGACCAGCTTGGCCAACATGGCAAAACCCCATCTCTACTAAAAATACAAAAATTAGCCAGGTGTGGTGGCAGGCGCCTGTAATCCCAGCTACTTGGGAGGCTGAGGCAGGAGAATCACTTGAACCCAGGAGGTGGAAGTTGCAGTGAGCTGAGATTGTGCCACTGCACTCCAGCCTAGGCAACAGAGCGAGACTCTGTCTCAAAAAAAAAAAAAAA"
"chr1","7778883","7779192","KN295571v1","513084","513393","38","7265799","GGCCAGGTGCGGTGGCTCATGCCTATATTCCCAGCACTTTGGGAGGCCCAGGCAGGTGGATCACCTGAGATCAGGAGTTTGAGACCAGCCTGACCAAAATGGTGAACCACTGTCTCTACTAAAAATACAAAAAATTAGCCGGGCAAGGTGGCAGGCGCCTGTAATCCCAGCTACTCTGGGGGCTGAGGCAGGAGAATCACTTGAACCTGGGGCTTGGAGGCTGCAGTGAGCTGAGATTGCACCACTGCACTCCAGCCTCGGCGACAGAGCAAAACTCCGTCTCAAAAAAAATAAAAAAAAATAAAAAAAA","GGCCCGGTGCGGTGGCTCATGCCTGTAATCCCAGCACTTTGGGAGGCCAAGGCGGGTGGATCACCTGAGGTCAGGAGTTCCAGACCAGCCTGGCCAACCTGGTGAAACCCCGTCTCTACTAAAAATACAAAAAGTAGCTGGGCATGGTGGCAGGCACCTGTAATCCCAGCTACTTGGGAAGCTGAGGCAGGAGAACCACTTGAACCTGGGAGGCGGAGGTTGCAGTGAGCCGAGATCACACCACTGCACTCCAGCCTGGGCGACAGAGCAAGACTCCGTCTCAAAACAAATAAACAACAACAACAAAAAA"
"chr1","7780361","7780651","KN294269v1","1190734","1191020","43","6589627","GGCCAGGTGCGGTGGCTCACGCCTGTAATCCTAGCACTTTGGGAGGCCGAGGTGGGTGGATCACCTGTGGTCAGGAGTTCGAGACCAACCTGGCCAACATGAGGCAACTCTCTCAGTACTACAAACATAAGAAAATCAGCCGGGAGGGGTGCTGGGCGCTTGTAATCCCAACTACTCAGGAGGCTGAGGCAGGAGACTCGCTTGAACCCAGGAGGAGGAGGTTGCAGTGAGGTGAGATTGCACCACTGCACTTCAACCTGGGCGACAGAGTGAGACTCCGTCTCAAAAAAA","GGCCAGGTGCGGTGGCTCTCGCCTGTAATCTCAGCACTTTGGGAGGCCGAGGCGGGTGGATCACCTGAGGTCAGAAGTTTGAGACCAGCCTGAACAACATGGTGAAACTCTGTCTCTACTAAAAATACAAAAATTAGCTGGGTGTGGTGGCAGGTGCCTGTAGTCCCAGCTACTCAGGAGGCTGAGGCAGGAGAATCACTTGAACCCAGGAGGCGGAGGTTGCAGTGAGCCGAGATTGCGCCATTGCACTTCAGCCTGGGCGACAGAGCAAGACTCCGTCTCAAAAA"
"chr1","7804389","7804667","KN297320v1","271981","272275","43","7532408","GCCGGGCTCGGTGGCTCACGCATGTAATCCCAGCACTTTGGGAGGCCGATCACTTGAGGTCAGGAATTTGAGACGAGCTTGGCCAACATGATAAAACCCTGTCTCTACTAAAAATACAAAAATTAGCAGGGTGGGGTGGTGGGTGCCTGTAATCCCAGGTACTCGGGAGGCTGAAGCATGAGAATTGCTTGAACCCAGGAGGTGGAGGTTGCAGTGAGCCGAGATCGTGCCACTGCACTCCAGCCTGGGTAACAGAGCGAGACTCAAGAAAAAAAAAAA","GGCCAGGCTTGGTGGCTCACGCCTGTAATCCCAGCACTTTGGGAGGCCAAGGCGGGCGGATCACCTGAGGTCAGGAGTTTGAGACTAGCGTGGCCAACATGGTAAAACCCCGTCTCTACTAAAAATACAAAAATTAGCCAGGCATGATGATGGGCGCCTGTAATCTCAGCTACTCGGGAGGCTGAGGCAGGAGAATTGCTTGAACCCAGGAGGCGGAGGTTGCAGTGAGCCGAGATTGTGCCACTGCACTCCAGCCTGGGTGACAGAGCAAAACTCCATCTCAAAAAAAAAAAAA"
"chr1","7804851","7805025","KN295893v1","7122703","7122872","24","682148","AGCCAGGTGTGGTGGCAGGCGCCTGTAATCCCAGCTACTTGGGAGGCTGAGGCATGAGAATCGCTTGAACCTGGGAGGCGGAGGTTGCAGTGAGCCGAGATCATGCCACTGCACTCCAACCTGGGGGATAGAGCGAGACTCTGTCTCCAAAAAAAAAAAAAAAAAAAAGAGAAAA","TAGCCGGGCGTGGTGGCAGGCACCTATAATCCCAGCTATGTGGGAGGCTGAGGCAGGATAATCGCTTGAACCTGGGAGGCGGAGGTTGCAGTGAGCCAAGGTCACGCCACTGCATTCCAGCCTGGGGGTCAGAGCGAGACTCCGTCTCAAAAAAAAAAAGAAAAGAAAAA"
"chr1","7826409","7826701","KN296649v1","502099","502397","30","7324310","GGCTGGGCGCTGTGGCTCATGCCTGTAATCCCAGCACTTTGGGAGGCCAAGGTGGGCGGATCACCTGAGGTCAGGAGTTCCAGACCAGCCTGGCCAACATGGTGATACTGTCTCTACTAAAAATACAAAAATTAGCTGGGCATGGTGGCGGGGCCTGTAATCCCAGCTATTTGGGAGGCTGAGGCAGGAGAATCGCTTGAATCCGGGAGGTGGAGGCTGTAGTGAGCTGAGATCGCACCACTGCACACCAGCCTGGGTGACAGAGCAAGACTCCTTCTCAAAAAAAAAAAAAA","GGCTGGGTGCAGTGGCTCACGCCTATAATCCCAGCACTTTGGGAGGCCAAGGTGGGCGGATCACCTGAGGTCAGGAGTTAGAGACCAGCCTGGCCAACATGGTAAAACCCTGTCTCTACTAAAAATACAAAAATTAGCCGGGCATGGTGGCGGGCACCTGTAATCCCAGCTACTTGGGAGGCTGAGGCAGGAGAATTGCTTGAACCCGGAAGGTGGAGGTTGTAGTGAGCCGAGATGGCGCCACTGCGCTCCAGCCCGGGTGACAGAGTGAGACTCCATCTCAAAAAGAAAACAAAAAA"
"chr1","7855178","7855474","KN295315v1","1175116","1175414","34","6680062","GCTGGGTGCAGTGGCTCACACCTGTAATCCCAGCACTTTGGGAGGCTGAGGTGGGTGGATCACTTGAAGTCAGGAGTTTAGGACCAGCCTGGCCAACATGGTGAAAACCCATCTCGACTAAAAATACAAATATCAGCCGGGCATGGTGGCGGGCACCTGTAATCCTAGCTACTAGGGAGGCTGAGGCAGGAGAATTGCTTGAACCCAGGAGGCGGAGGTTGTGGTGAGCCAAGATCTCACCACCGCACTCCAGCCTGGGCAACAGAGCAAGACTCTGTCTCAAAAAAAAAAAAAAAA","GCTGGGTGTGGTGGCTCATGCCTGTAATCCCAGCACTTTGGGAGGCCAAGGCTGGTGGATCACTTGAGGTCAGGAGTTCAAGACCAGCCTGGCCAACATGGTGAAACCCCGTCTCTACTAAAAATACAAAAAATTAGCCAGGCATGGTGGTGGGCACCTTTAATCCCAGCTACTCGGGAGGCTGAGGCAGGAGAACTGCTTGATCCTGGGAGGCAGAGATTGTGGTGAGCCAAGATCACACCACTGCACTCCAGCCTGGGCAACAGGGCGAGACTCCGTCTCAAAAAAAAAAAAAAAGA"
"chr1","7860511","7860770","KN294172v1","1540690","1540957","42","6319821","GGCGCGGTGGCTCACGCCTATAATCCCAGCATTTTGGGAGGCTGAGGCGGGCAGATCACCTGAGGTCAAGAGTTTGAGACAAGCCTGGCCAACATGGTGAAACCCTGTCTCTACAGAAAATAAAAGAATTAGCCAGGCGTGGTGGCGGGCACCTGTAGTCACAGCTACTCCGGAGGCTGAGGCAGGAGGATAGCTTCAACCTGGGAGGCGGAGGTTGCAGTGAGCTGAGATCATGCTGCTGTATTCCAGCCTGGGCGATA","GGCTGGGTGCGGTGGCTCACGCCTGTAATCCCAGCACTTTGGGAGGCCAAGGCGGGCGGATCACCCAAGGTCAGGAGTTCGAGACCAGCCTGGCCAACATGGTGAAACCCCATCTCTACTAAAAATACAAAAAATTAGCCGGGTGTGGTGGTGGGCACCTGTAATCCCAGCTACTCAGGAGACTGAGGCAGGAGAATCACTTGAACCTAGGAGGTGGAGGTTGCAGTGAGCTGAGATCACGCCACTGCAGTCCAGCCTGGGCGAGAGA"
"chr1","7862044","7862321","KN296266v1","2875","3156","36","7859169","GCCAGGCATGGTGGCTCACACTTGTAAGCCCAGCACTTTGGGGGGCCGAGGCAGGTGCATCACCTGAGGCCAGGCGTTTGAGACCAGCCTGGCCAATATGGTGAAACCCCATCTCTACTAAAAATACAAAAATTAGCCGGGAGTAGTGGTGGGCGCCTATAATCCCAGCTACTTGGGAGGCTAAGGCAGGAGAATTGCTTGAACCCAGGAGGTGGGGGTTGCAGTGAGCCGAGATCGTGCCATTGCACTCCAGCCTGGGCCACAAAGGAAGACTCTGT","GGCCAGGCATGGTGGCTTACACCTGTAAATCCCAGCACTTTGGGAGGCCGAGGCAGGTGGATCACTTGAGGTCAGGAGTTTGAGACCAGCCTGGCCAACATGGTGAAACCCTATCTCTACTACAAATACAAAAATTAGCCGGGTGTGGTGTTGGGCACCTGTAATCCCAGCTACTTGGGAGGCTGAGGCAGGAGAATCACTTGAACCCAGGAGATGGAGGTTGCAGTGAGTCGAGATTGTGCCACTGCACTCTAGCCTGGTTGACAGAGCGAGACTCCATCT"
"chr1","7866026","7866325","KN294446v1","240983","241287","45","7625043","GGCTGGGCCTGGTGGCTTACACCTGTAATCCCAGCACTTTGGGAGGCCAAGGCAGGAGGATCACTTGAGATCAGGAGTTCGAGACCAGCCTGGCCAACATGGTGAAACTTTGACTAAAAATACGAAAACTAGCTGGGCATGGTGGTGGACACCTGGAATTCCAGCTACTCGGGAGGCTGAGGTATGAGAATTGCTTGAACCTGTGAGGCAGAAGTTGCACTGAGCCGAGATCACACTACTGCACTCTAGCCTGGGTGACAGAGCAAGGCCTTATTTCAAAAAAAAAAAAAAAAAAAAAAA","GGCTGGATGTGGTGGCTAATGCCTGTAATCCCAGCACTTTGGGAGGCTGAGGCAGGTGGATCACTTGAGGTCAGGAGTTCGAGACCAGCCTGGCCAACATGGTGAAACCTCGTCTCTACTAAAAATACAAAAATTAGCTGGGCGTGGTGGCAGGCACCTGTAATCCCAGCTACTCGGGAGGCTGAGGCAGGAGAATCACTTGAACCTGGGAAGCAAAGGTTGCAGTGAGCCAAGATCGCATCACAGCACTCCAGCCTGGGTGACAGAGCAAGACTCCATCTCAAAAAAAAAAAAAAAAAGAAAAA"
"chr1","7867180","7867487","KN294539v1","1287945","1288241","43","6579235","GGCAGGGCGCGGTGGCTCACACCTGTAATCCCAGCACTTTGGGAGGCCGAAGTTGCGGGGGCGGGGGGGAATCACCTGAGGTCAGGAGTTCGAGACCAGCCTGGCCAACATGGTGCAATCCCATCTCTACTAAAAATACAAGAATTAGCCGGGCGTGGTGGGCAGCGCCTGTAATCCCAGCTACTTAGGAGACTGAGGCAGGAGAATCGCTTGAACCAGGGGCATGGAGGTTGCAGTGAGCCGAGATTGTGCCACTGCACTCCAGCCTGGTAACAGAGTGAGACTCCATCTCAGGAAAAAAAAAAAAA","GGCCGGATGCAGTGGCTCACGCCTGTAATCCCAGCACTTTGGGAGGCCGAGGCGGGCAGATCACCTGAGGTCAGGAGTTCGAGACCAGCTTGGCCAACATGGCAAAACCCCATCTCTACTAAAAATACAAAAATTAGCCAGGTGTGGTGGCAGGCGCCTGTAATCCCAGCTACTTGGGAGGCTGAGGCAGGAGAATCACTTGAACCCAGGAGGTGGAAGTTGCAGTGAGCTGAGATTGTGCCACTGCACTCCAGCCTAGGCAACAGAGCGAGACTCTGTCTCAAAAAAAAAAAAAAA"
"chr1","7872615","7872920","KN294777v1","371314","371618","39","7501301","GACCGGGCACAGTGGCTCACGCCTGTAATCCCAGCACTTTGGGAGGCTGAGGCGAGTGGTCCCTTGAGGTCAGGAGTTCGAGACCAGCCTGGCCAACATGGTGAAACTCTGTCTCTACTAAAAATACAAAAATTAGCCTGGTGTGGTGGTGGGCGCCTGTAATCCCAGCTACTTGGGAGGCTGAGGCAGGAGAATTGCTTGAACCCGGGAGGTGGAAGTTGTAGTGAGGTGAGATGGCACAATTGTCCTCCAGCCTGGGCAACGGAGCAAGACTCAGTCTCAAAAATAAATAAATAAATAAATAAA","GGCTGGGCACGGTGGCTCACACCTGTAATCCCAGCACTTTGGGAGGCTGAGGCAGGCAGATCACCTGAGGTCAGGAGTTTGAGACCACCCTGGCCTACATGGTGAAACCCTGTCTCTACTAAAAATACAAAAATTAGCCAGGTGTGGTGACAGGCCCCTGTAATCCCAGCTACTAGGGAGGCTGAGACAGGAGAATTGCTTGAACCCAGGAGGCGGAACTTGCAGTGAGCTGAGATCACACCACTGCACTCCAGCCTGGGCAACAGAGCAAGACTCTAGCTCAAAAAAAATAAAAAAATAAAAAA"
"chr1","7898380","7898645","KN296119v1","2797130","2797396","37","5101250","GCTGGGAGGGCCGGATCACCTGAGGTCAGGAGTTCCAGACCAGCCTGGCCAACATGGTGAAACCCCGTCTCTACTAAAAATACAAAAATTAGCCGGGCGTGGTGGTGGGCGCTTGTAATCCCAGCTACTTGGGAGGCTGAGGCAGGAGAATCCCTTGAACCGGGGAGGCTGAGGCTACGATGAGCTGAGATTGCACCTCTGAACTCCAGCCTGGGTGACAAAGCCAGACTCGATCTCAAAAAAAAAAAAAAAAAGAAAGAAAGAAA","GCCAAGGTGGGCGGATCACCTGAGGTCAGGAGTTTGAGACCAGCCTGGCCAACATGGTGAAACCCCGTCTACTAAAAATATACAAAAATTAGCCAGGCCTGGTGGCGGGTGCCTGTATTCCCAGCTACTTGGGAGGCTGAGGCAGGAGAATTGTTTGAACCCGGGAGGCGGAGGTTGCAGTGAGCCAAGATTGCACCACTGCACTCCACCCTGGGTGACAGAGCAAGGCTCTGTCTCAAAAAAAAAAAAAAAAAGAAAGAAAAGAAA"
"chr1","7899530","7899844","KN296079v1","686222","686522","50","7213308","GGCTGGGCGAGGTGGCTCACAGCTGTAATCCCAGCACTTTGGGAGACCGAGGCCGCTGAATTGCTTGAGTTCAGGAGTTTGAGACCGGTCTGGGCAACATGGCAATATCCCGCCTCCCCGCCTCTACTAAAAATACAAAAATTAGCCAGGCGTGGTGGCAGGGTGCCCGTAATCCCAGCTACTCAGGAGGCTGAGGCAGGAGAATCACTTGAACCTTGGAGGTGGAGGTTCCAGTGAGCTGAGATTGCGCCACTGCACTCTCCAGCCTGGATGACAGAGTGACACTCCGTCTCAAAAAAAAAAAAAAAAAAAAAA","GGCTGGGCGTGGTGGCTCACACCTGTAGTCCAGTACTTTGGGAGGCCAAGGCGGCTGATCACTTGAGGTCAGAAGTTCGAGACCAGCCTGGCCAACATGGTGAAACCCTGTCTCTACTAAAAATACAAAAATTAGCCGGGCGTGGTGGCAGGCACCTGTAATCCCAGCTACTCAGGAGGCTGAGGCAGGAGAATCACTTGAACTTGGGAGGCGGAGGTTGCAGTGAGCTGAGATCGTACCACTGCACTCCTGCCTGGGTGACAGAGCAAGACTCCGGCTCAAAAAAAAAAAAAAAAAAAAA"
"chr1","7902140","7902436","KN294470v1","2136945","2137241","34","5765195","GGCCTGGCATGGTGGCTCACACCTGTGATCCCAGAACTTTGGAAGGCTGAAGTGGGTGGATCACTTGAGGCCAGGAGTTTGAGACTAGCTTGGCCAACATGGGGAAACCCTGTCTCTACTAAAAATACAAAAATTAGCCGGGCATGGTGGTGGGCATCTGTAATCCCAGCTACTCAGGAGGCTGAGGCAGGAGAATCCCTTGAACCCGGGAGGCAGAGGTTGCAGTGAGCTGAGATTGAGCCACTGCACTCCAGCCTGGGTGATAACAGCGAGACTCCATCTCAAAAAAAAAAAAAA","GGCCAGGTGTGGTGGCTCACACCTGTAATCCCAGCACTTTGGGAGGCCGAGGTGGGTGGATCACCTGAGGTCAGGAGTTTGAGACCAGCCTGGCCAACATGGTGAAACCCCATCTGTACTAAAAATACAAAAATTAGCTGGGCATGGTGGTGGGGACCTGTAATCCCAGCTACTTGGGAGGCTGAGGCAGGAGAATCACTTGAACCCAGGAGGTAGAGGTTGCAGTGAGCTGAGAGGGTGCCACTGCACTCCAGCCTGGGTGACAGAACAAGACTCCATCTAAAAAAAAAAAAAAAA"
"chr1","7907563","7907851","KN294662v1","218243","218524","54","7689320","GGTGGCTCACGCCAGTAATTTCAATCCTTTGGGAGGCCAAGCCAGGTGGATTACCTTATGTCAGGAGTTCGAGACTGGCATGGCCAACACGGCAAAAACCCCATCTATACTAAAAATACAACAATTAGCCAGCACAGTGGTGGCCGGCGCCTGTAATCCCAGCTACTCGGGAGGCTGAGGCAGGAGAATTGCTTGAACCAGGGAAGTGGAGGTTGCAATGAGCTCAGATCATGCTACTGCACTCCAACCTGGGCTACAGAGCGAGATTCCATCTCCAAAAAAAAAAAAA","GGCTCACACCTGTAATCCCAGCACTTTGGGAGGCCAAGGTGGGTGGATCACCTGAGGTCAGGAGTTTGAGACCAGCCTGGCCAACATGGTGAAACCCTGTCTCTACTAAAAGTACAGAAATTAGCCAGGTGTGGTGGAGGGCAGCTGTAATCCCAGCTACTTGGGAGGCTGAGGCAGGAGAATTGGTTGAACCTGGGAGGCGGAGGTTGCAGTGAGCTGAGATCATGCCACTGTACTCCAGCCTGGGCGACAGAGCAAGACTCTGTCTCAAAAAAAAAAAAA"
"chr1","7910155","7910438","KN297180v1","374532","374813","46","7535623","GGCCGGACGTGGTGGCTCATGCCTGTAATCCCAGCACTTTGAGAGGCCGACGTGGGAGGATCGCTTGAGTCCAGGAGTTCGAGACCAGCCTGGCCGACATGGTGAAACCCTGTTTCTACCAAAAATACAAAAATTAGCCAGGGTTGGTGGCGGGAACTTGTAATCCCAGCTACTACTCCAGAGGTTGGGGCAAGAAAATGGCTTGAACCCGGGAAAGGGAGGTTGCAGTGAGCTGAGATTGCGCCATTGCACTGCAGCCTAGGCGACAGAGCGAGATTGTCTCA","GGCTGGGTGTGGTGGCTTATGCCTGTAATCCCAGCACTTTGAGAGGCTGAGGTGGGCAGATCACTTGAGGCCAGGAGTTTGAGACCAGTCTGGCCAACATGGTGAAACCCCATCTCTACTAAAAATACAAAAATTAGCAAAGTGTGGTGGCAGGAACCTGTAATCCCAGCTACTCAGGAGGTTGAGGCAAGAGAATCGCTTGAACCCGGGAGGTGGAGGTTGCAGTGAGCTGAGATACCGTCACTGCACTCCAGCCTGGGCAACGAAGTGAGACTGTCTCAA"
"chr1","7911367","7911668","KN295735v1","979548","979848","35","6931819","GGCTGGGAGCGGTGGCTCACGCCTATAATCCCAGCACTTTGGGAGGATGAGGCAGGCAGATCACCTGAGGTCATGAGTTCAAGACCAGCCTGGCCAACATGGTGAAACCCTGTCTCTACTAAAAATATAAAAATTAGCCGGGCGTGGTGGTGGGCGCCTGTAAACCCAGCTAATTGGAAGACTGAGGCAGGAGAATCGCTTGAACCCGGGAGGCAGAGGTTAGAGTAAGCCTAGATCGTGCCACTGGACTCCAGCTTGGGTGACAGAGTGAGACTCTGTCTCAAAAAAAAAAAAAAAAAAAA","GGCTGGGTGCGGTGGCTCACACCTGTAATCCCAGCATTTTGGGAGGCTGAGGCAAGCAGATCACCTGAGGTCCGGAGTTCAAGACCAGCCTGTCCAACAAGGTAAAATCCCGTCTCTACTAAAAATACAAAACTAGCTGGGTGTGGTGGCGGGCACCTGTAATCCCACCTACTTGGGAGGCTGAGGCAGGAGAATCGCTTGAACCCGGGAGGCGGAGGTTGCAGTGAGCCACGATCACGCCACTGCACTCCAGCCTGGGTGACAGAGTGAGACTCTGTCTCAAAAAAAAAAAAAAAAAAAA"
"chr1","7918183","7918480","KN295735v1","713972","714275","29","7204211","GGCCAGGCACAGTGGCTCACCCCTGTCATCCCAGCACTTTGGGAGGCCTAGGCAGTGGATCACCTGAGGTCAGGAGTTCGAGACCAGCCTGGCCAACATGGCGAAACCCCATCTCTACTAAAAATACAACAATTAGCGGGAGTGGTGGCAGGTGCCTGTAATCCCAGCTACTCGGGAGGCTGAGGCAGGAGAACCGCTTGAACCCAGGAGGCGGAGGTTGCAGCGAGCCAAGATCGCGCCACTGCACTCCAGCCTGGGTGACAGAGTGAGACTCTGTCTCAAAAAAAAAAAAAAAAAA","GGCCGGGCACAGTGGCTCACACCTGTCATCCCAGCACTTTGGGAGGCCGAGGCGGGTGGATCACCTGAGGTCAGGAGTTCGAGACCAGCCTGGTCAACATGGCGAAACCTCATCTGTACTAAAAATAAAAAAATTAGCCGGGCACGGTGGCAGGCGCCTGTAATCCCAGCTACTCGGGAGGCTGAGGCAGGAGAATCGCTTGAACCCGGGAGGTGGAGGTTGCAGTGAGCTGAGATCGCGCCACCGCACTCCAGCCTGGGTAACAGAGCGAGACTCCGTCTCAAAATAAACAAATAAAATAAAA"
"chr1","7930840","7931131","KN295571v1","203398","203695","34","7727442","GGCCGGGTGTGGTGGCTCACGCCTGTAATCCCAGCACTTTGGGAGGCCCAGATGGGCGGATCATAAGGTCAGGAGTTTGAGACCAGCCTGGCCAATATGGTGAAACCCCATCTCTACTAAAAACACAAAAATTAGCCGGGCCTGGTGGCGGGCACCTGTAGTCCCAGCTACTCAGGAGACTGAGGCAAGAGAACCACTTGAACCCGAGAGGCGGAGGTTGCAGTGAGCTGAGATCGCGCCATTGCACTCCAGCCTGGGCAACAGAGTGAGACTCCTTCTCAAAAAAAAAAAA","GGCCGGGTGTGGTGGCTCACGCCTGTAATCCCAACACTTTGGGAGGCCAAGGCGGGTGGATCATCTGAGGTCAGGAGTTCGAGACCAACCTGGCCAACATGGTGAAACCCCATCTCTACTAAAAATACAAAAATTCACCAGGCATGGTGGCAAGCACCTGTAGTCCCAGCTACTCGGGAGGCTGAGGCAGGAGAATCACTTGAACCTGGGAGGCGGAGGCTGCAGTGAGCTGAGATCACGCCACTGCACTCCAGCCTGGGTAACAGACTGAGACTCCATCTCAAAAAAATAAAAAAAA"
"chr1","7932970","7933255","KN294407v1","3027269","3027567","41","4905701","GGCTGGGTGCGGTGGCTCATGCCTGTAATCCCAGCACTTTGGGAGGCCGAGGTGGGCAGATTACCGGAGCTCAGGAGTTCGAGACCAGCCTAGCCAACATGGTGAAACCCCATCTCTAATACAAAAATTAGCCAGGCGTGGTGGCAGCTGCCTGTAGTCCCAGCTACTTGGGGGGCTGAGGCAGGAGAATCACTTGAACCTGGGAGGTGCAGGCTGCAGTGAGCCAAGATCTTGCCACTGCATTCCAGCCTGGGCAGCAAGACCCTGCCTCAAAAAAAAAAAAAAA","GGCTGGGCGTGGTGGCTCATGCCTGTAATCCCAGCACTTTGGGAGGCCGAGGTGGGCGGATCACCTGAGGTCAGGAGTTCGAGACCAGCCTGGCCAACATGGTGAAACCCCATCTCTACTAAAAATACAAAAATTAGCCAGGCGTGGTGGTGGGTGCCTGTAATCCCAGCTACTTGGGAGGCTGAGGCAGGAGAATCACTTGAACCCAAGAGGTGGAGGTTGCAATGAGCCGAGATCGTGCCACTGCAATCCAACCTGGGTGACATAGCGAGACTCCATCTCAAAAACAAATAAATAAA"
"chr1","7941409","7941677","KN296486v1","1050017","1050292","50","6891392","GGCCAGACATGGTGGCTCACGCCTGTAATCCCAACACTTTGGAAGGCCGAGGCAGGAGGATCACTTAGAGTCAGGAGTTCAAGACCAGCCTGGCCAACATAGTGGTGGCAGGAACTTGTAATCCCAGCTACTTGGCAGGATGAGGCAGGAGAATGGCTTGAACCCGGGAGGCGGAGGTTGCAGTGAGCTAAGATGGTGCCACTGCACTCCAACCTGGGCAACAGAGTGAGACTCCATCTCAAAAAAAAAAAAAAGAAAGAAAAGAAAAA","GGCTGGGCGCGGTGGCTCGCGCCTGTAATCCCAACACTTTGGGAGGCTGAGTCAGGTGGATTGCCTGAGGTCTGGAGTTCGAGACCAGCCTGGCCAACATACAGCCAACTGGTGGCAGGCACCTGTAGTCCCAGCTACTTGGGAGGTTGAGGCAGGAGAATCACTTGAACCTGGGAAGCGGAGGTTGCAGTGAACTGAGATGGCGCCACTGCATTCCAGCCTGGGTGACACAGCGAGACTCCGTCTAAAAAAAATAAAAAATAAAAAATAAATAAA"
"chr1","7941690","7941995","KN296404v1","1183469","1183770","39","6758221","GGCCGGGAGCGGTGGCTCACACCTGTAATCCTAGCACATTGGGAGGCCAAGGTGGGCAGATCACCTGAGGTCAAGAGTTTGAAACCAGCCTGGCCAACATGGAGAAACTCCATCTCTACTAAAAATACAAAAATTAGCTGGGTGCCGTGGTGGGCGCCTGTAATCCCAGCTACTCGGGAGGCTGAGTCAGGAGAATTGCTTGAACCTGGGAGGTGGAGGTTGCAGTGAGCCGAGATCGCGCCATTGCACTCCAGCCTGGGTGACAGAGAGAGACTCTGTTCCCCCCCTCCAAAAAAATAAAAGAAA","GGCTGGGCGCGGTGGCTCACGCCTGTAATCCTAGCACTTTGGGAGCCCTAGGCGGGTGGATCACCTGAGGTCAGGAGTTCGAGACTAGCCTGGCCAACATGGCGAAACCCCATCTCTACTAAAAATACAAAACATTAGCTGGGTGTGGTGGTGGGTGACTGTAATCCCAGCTACTTGGGAGGCTGAGGCAGGAGAATTGCTTGAACCTGGGAGGTGGAGGTTGCAGTGAGCTGAGATCGTGCCATTGCACTCCAGCCTGGGCGACGGAGTGAGACTCTGTTAAAAAAAAAAAAAAAAAAAAA"
"chr1","7958253","7958567","KN294957v1","62097","62408","35","7896156","GGCCGGGTGCAGTGGCTCCCACCTGTAATCCCAGCACTTTGAGAGGCCGAGGTGTGCGGATCACCTGAGGTCAGGAGTTCCAGACCAGCCTGGCCAACAAGGTGAAACCCCATCTCTACTAAAAATACAAAAATTAGCCGGGCATGATGGCAGGTGCCTGTGATCCCAGCTACTCGGGAGGCTGAGGTGGGAGAATCGCTTGAACCCAGGAGGCGGAGGTTGCAATGAGCCGAGATGGTGCCACTGCACTCCAGCCTGGGTGACAGAGCAAGACTCCATCTCAAAAATAAATAAAAATTTAAAAATTAAAAACAA","GGCCGGGTGCAGTGGCTCACACCTGTAATCCCAGCACTCTGGGAGGCTGAGGTGGGCAGATCACCTGAGGTCAGGAGTTCGAGACCAACCTGGCCAACATGGTGAAACCCCGTCTTTACTAAAAATACAAAAATTAGCCGGGCGTGGTGGCGGGCGCCTGTAATCCCAGCTATTCGGGAGGCTGAGGCAGGAGAATCGCTTGAACCTGGGAGGTGGAGGTTGCAGTGAGTCAAGATCGTGCCACTGCACTCCAGCCTGGGTGACAGAGCAAGACTTCATCTCAAAAAAAAAAAAAAAACAAAAACAAAAAAA"
"chr1","7965139","7965450","KN295315v1","133371","133680","38","7831768","GGCCAGGAGCTGTGGCTCACACGTGTAATCCCAGCACTGTGGGAGGCCGAGGTGGGCAGATCACTTGAGGTCAGGAGTTTGAGACTAGCCTGACCAACATGGTGAAAGCTCATCTCTACTAAAAATACAAAAATTAGCCAGGCATGATGGCAGGTGCCTGCAATCCCAGCTACTCTAGAGGCTGAGGTGGGAGAATTGCTTGAACCTGGGAGGCGGAGGTTGCAATGAGCTGAGATTGCACCATTGCACTCCAGCCTGGGCAACAGAGCGAGACTCTGTCTCAAAAAGAAAAAAAAAAAGAAAAGAAAAGAA","GGCCAGGCGCCGTGGCTTACACCTGTAATCCCAGCACTTTGGGAGGCCGAGGAGGGCGGATCATTTGAGGTCAGGAGTTTGAGACCAGCCTGGCCAACATGGTGAAACCCCGTCTCTACTAAAAATACAAAAATTAGCCAGGTATGGTGTCAGGCGCCTGTAATCCCAGCTACTCAGGAGGTTGAGGCAGGAGAATTACTTGAACCCGGGAGGCGGAGGTTGCAGTGAGCTGAGATTGCGCCACTGCGCTCCAGCCTGGGCGACAGAGCAAGACTGTCTCAAAAAAAAAAAAAAAAAGAGAGAGAGAGAA"
"chr1","7965477","7965786","KN295523v1","3240586","3240897","40","4724891","GGCCAGGCGCGGTGGCTCACACCTGTAATCCCAGCACTTTGGGAGGCTGAGGCAAGTGGATCACCTGAGGTTAGGAGTTCGAGACCAGCCTGGCCTACATGGTGAATCCCTGTCTGGACTAAAATACAAAAATTAGACAGGCATGATGGAGGGTGCCTGTAATCCCAGATACTCGGGAGGCTGAGACAGAGAATCGCTTGAACCCAGGAGACAGTGGTTGCAGTGAGCCAAGATTGTGCCACTGCACTCCAGCCTAGGCGGCTGAGCGAGACTCCATCTCAAAAAAAAAAAAAAAAAGAAAAGAAAAGAA","GGCCAGGCGTGGTGGCTCACACCTGTAATCCCAACACTTTGGGAGGCTGAGGCGAGTGGATCACTTGAGGTCAGGATTTTGAGGCCAGCCTGGCCAACATGGAGAAACTGTGTCTCTACTGAAAATACAAAAATTAGCTGGGCATGGTGGTGGGTGCCTGTAATCACAGCTACTTGGGAGGCTGAGGTAGGAGAATCGCTTGAACCCGGGAGGCAGGGGTTGCAGTGAGCCGAGATCGTGCCATTGCGCTCCAGCCTGGGCAACAGAGCGAGACTCCATCTCAAAAAAAAAAAAAAAAAAAAAAAAAAAGAA"
"chr1","7969937","7970236","KN295090v1","242110","242415","51","7727827","GGCCGGGCATGGTGGCTCCCGCCTGTAATCCCAGCACTGTAAAAGGCTAAGGCGGGCGGGTCACTTGAAGCCAGGAGTTCGAGACCAACCTGGCCAACATGGTGAAACCCCATCTGTACTAAAAATACAATTAGCCAGGCGTGGTGGCGGACACCTGTAATCCCAGCTGAGGGTGAGGCAGGAGAATCTCTGGAACCCGGGAGGCAGAGGTTGCAGCGAGCAGAGCACACCACTGCGCTCCAGGCTGAGCGACACAGAGAGACACCATCTCAAAAAAAAAAAAAAAAAAGAAAAAAGAAA","GGCCAGGTGCGGTGGCTCACACCTGTAATCCCAGCACTTTGAGAGGTTGAGGCAGGCGGATCACCTGAGGTCAGGAGTTCGAGACCAGCCTGGCCAACACGGTGAAACCCCATCTCTACTAAAAATACAATTAGCCAGGCGTGGTGGTGGGCGCCTGTTATCCCAACTACTTGGGAGGCTGAGGCAGGAGAATTGCTTGAACCTGGGAGGCAGAGGTTGCAGTGAGTCAAGATCATGCCACTGCACTCCAGCCTGGGTGACAAAGCAAGACTCCATCTCAAAAAAAAAAAAAAAAAAAAAAAAAAA"
"chr1","7988429","7988745","KN297094v1","78966","79289","51","7909463","GCCGGATGCAGTAGCTCATGCCTGTAATTCCAACACTCTGGGACGCCAAGGCAGGTGGATCACCTGAGGTCAGGATTTCAAGACCAGCCTGACCAACATGGTGAAACCCCGCCTCTACTAAAAAAAAAAAAAAAAAAAAATACAAAAATTAGCTGGGCCTGGCGGCCGGTACCTGTAATCCCAGCTACTCAGGAGGCTGAGACAGGAGAATCATTTGAACCCGGGAGGCGGAGGTTGCAGTGAGCCGAGAGGCGTCACTGCACTTCAGCCTGGGTGAGAGAGCAAGACTCCGTCTCAAAAAAAAAAAAAAAAAAAAA","GGCTGGCTGTGGTGGCTCACGCCTGTAATCCCAGCACTTTGGGAGGCTGAGGCGGATGGATCACCTGAGGTCAGGAATTCAAGACCAGCCTGACCAACATAGCGAAACCCCGTCTCTACTAAAAATACAAAAAAAAAAAAAAAAAAAAAAAATCAGCTGGGCAGGGTGGCAGGCGCCTGTAGTCCCAGCTACTCAGGAGGCTGAGGCAGGAGAATTGCTTGAACCTGGGAGGTGGAGGGTGCAGTGAGCCGAAGGCACGCCACTGCACTGCAGCCTGGGTAATAGAGAAAGACTCCGTCTCAAAAAAACAAAATGACAAAAAAA"
"chr1","7995008","7995302","KN295057v1","262113","262411","45","7732895","GGGCGCAGTGGCTAACGCATGAAATCCCAGCACTTTGGGAGGCCGAGGCAGGTGGATCACTAGAGTCCAGGAGTTAGACCCCCCCCGGCCCAACAGGNAAACCCTGTCTCTACTAAAAACTACAAAAATTAGCCGGGCGTGATGGCGGATGCCTGTAATCCCAGCTACTTGGGAGGCTGAGGCAGGAGAATCGCTTGAACCCGGGCAGCAGAGTTTGCAGTGAGCCAAGATCACAGCACTGCACTCCAGCCTGGGCAACAGAGTGAGATTCTGTCTCAAAAAAAAAGAACAAAAA","GGGCAGATGCGGTGGCTCACATCTGTAATCCCAGCACTTTGGGAGGCCGAGGCAGGTGGATCACTTGAGATCAGGAGTTTGAGACCAGCCTGGCCAACATGGTGAAACCCTGTCTCTACTAAAAATACAAAAATTAGCCGGTGTGATGGCAGGCTCCTGTAATCCCAGGTACTCAGGAGGCTGAGGCAGGAGAATTGCTTGAAACCGGGAGGCAGAGGTTGCAGTGAGCCAAGATCATGCCACTGCACTCCAGCCTGGGCAACAGAGTGAGACTCTGTCTAAAAAAATAAAAATAAAAA"
"chr1","7999184","7999422","KN295405v1","757351","757593","56","7241833","GGCCGAGCACAGTGGCTCATGCCTGTAATCCCAGCACCTTGGGAAGCCGAGGTAGGTGGATCACCTGAGGTAAGGAGTTCGAGACCAGCCTGGCCAACATGGTGAAACCGCATCTCTACTAAAAAAAAAAAAAATACAAAAATTAGCTGGGCCTGGCGTCCGGCGCCTATAAGCCCAGCTACTCGGGAGGCTAAGACAGGAGAATCGCTTGAACCCGGGAGGCGGAGGTTGCAGTGAGC","GGCCGGGCGCAGTGGCTCTCATGCCTGTAATCCCAGCACTTTGGGAGGCTGAGGTGAGTGGATCACTGGAGGTCAGAAGTTTGAGACCAGCCTGGCCACCATGGTGAAACTCCATCTCTACTAAAAATACAAAGATTAGCCAGGCATGGTGGTGGGCACCTTTAATCCCAGCTATCCAGGAGGCTGAGGCAGGAGAATTGCTTGAACCCAGGAGGCGGAGGTTGTGGTGAGCTGAGATCATGC"
"chr1","8004964","8005244","KN296921v1","541331","541611","34","7463633","GGCCAGGTGAGGTAGCTCACACCTGTAATCCCAGCTCTTTGGGAGGCCGAGGTGGGTGGATCTCCTGAGATCAGGAGTTCGAGACCAACCTGGCCAACATGGCGAAACCTTGTCTCTACTAAAAATACAAAAATTAGCAAGGCGCGGTGGCAGGTGCCTGTAATCCCAGCTACTCGGGAGGCTGAGGCAGGAGAATTGCTTGAACCTGGGAGGTGGAGGTTGCAATGAGTCAGGATTGCACCACTGCACTCCAGCCTGGATGACAGAGTGAGACTCCGTCT","GGCTGGGTGCAGTGGCTCACGCCTGTAATCCCAGCACTTTGGGAGGCCAAGGCAGGTGGATCACCTGAGGTCAGGAGTTCGAAACCAGCCTGGCCAACACGGTGAAACCTCTTCTCTACTAAAATACAAAAATTAGCCGGGCATGGTGGCAGGTGCCTGTAATCCCAGCTACTTGGGAGGCTGAGGCAGGAGAATCGCTTGAACCTGGGAGCTGGAGGTTGCGGTGAGCCAAAATCGCACCACTGCACTCCAACCTGGATGACAGAGTGAGACTCCGTCTC"
"chr1","8015030","8015326","KN296158v1","1598041","1598336","38","6416989","GGCTGGGCACAGTGGCCCACGCCTATAATCCCAGCACTTTGGGAGGCTGAGGTGGGTGGATCACCTAAGGTTAGGAGTTCGAGACCAGCCTGGCCAACATGGTGAACCCTCGTCTCTACTAAAAATACAAAAATTAGCCGGGCATGGTGGCGGGTGCCTGTAATCCCAGTTGATCGGAAGGCTGAGGCAGGAGAATCGCTAGAACCCTGGAGGCAGAGGTTGCAGTGAGCCCAGATGGTGCCACTGCACTCCAGCCTGGGTGACGAAGACTTTGCCTCAAAACAAAAAAACGAAAAA","GGCTGGGCACGGTGGCTCACGCCTGTAATCCCAGCACTTTGGGAGGCCAAGGTGGGTGGATCACCTGAGGTCAGGAGTTCGAGACCAATCTGGCCAACATGGTGAAACCTCGTCTCTACTAAAAATACAAAAATTAGCCAGGCGTGGTGGCGGGGGCCTGTCCCAGCTACTCAGGAAGCTGAGGCAGGAGAATCACTTGAACCTGGGAGGCAGAGGTTGTGGTGAGCCAAGATTGTGCCACTGCACTCCCAGCCTGGGTGACGGAGACTCCGTCTCAAAAACAAAAACAAAAAAAA"
"chr1","8039962","8040262","KN294470v1","2136945","2137241","39","5903017","GGCCAGGTGTGGTGGTTCACACCTGTAATCCCAGTACTTTGGGAGACCGAGGTGGGCAGATCACTTGAGGTCAGGAGTTCAAGACCACTCCGGCCAACATGGTGAAACCCCATCTTTACTAAAAATACAAAAATTAGCTGGGCACGGTCGTGGGTGCCTGTAATTCCAGCTACTCAGGAAGCTAAGGCAGAAGAATTGCTTGAACCCAGGAGGTGGAGGTTGCAGTGAGCCAAGATGGTCCTACTGCACTCCAACCTGGGCAACAGAGCAAGACTCCATCTACAATAAATAAATAAATAAA","GGCCAGGTGTGGTGGCTCACACCTGTAATCCCAGCACTTTGGGAGGCCGAGGTGGGTGGATCACCTGAGGTCAGGAGTTTGAGACCAGCCTGGCCAACATGGTGAAACCCCATCTGTACTAAAAATACAAAAATTAGCTGGGCATGGTGGTGGGGACCTGTAATCCCAGCTACTTGGGAGGCTGAGGCAGGAGAATCACTTGAACCCAGGAGGTAGAGGTTGCAGTGAGCTGAGAGGGTGCCACTGCACTCCAGCCTGGGTGACAGAACAAGACTCCATCTAAAAAAAAAAAAAAAA"
"chr1","8043830","8044131","KN296306v1","3686137","3686439","41","4357693","GGCTGGGCGCGGTGGCTCAAGCCTGTAATCCCAGCACTTTGGGAGGCTGAAGCAGGTGGATCACTTGAAGTAAGGAATTGGAGACCAGCCTGGCCAACATGGTGAAACCCTGTCTCTACTGAAAATACAAACATTAGCCAATTGTGGTGGTGGGCGCTTGTAGTCCCAGCTACTCGGGAGGCTGAGGCATGAGAATCACTTGAACCCAGGCAGCAGAGGTTGCAGTCAGCTGAAATTGCCGCTGCACTCCAGCCTGGGCGACAGAGCAAGGCTCTATCTCAAAAAAAAAAAAAAAAAAAAAA","GGCTGGGCACGGTGGTTCACACCTGTAATCCCAGCACTTTGAGAGGCTGAAGCAGGTGGATCACCTGAGATCAGGAGTTCGAGACCAGCCTGGCCAACATGGTGAAACCCCGTCTCTACTAAAAATACAAAAATTAGCTGGGTGTGGTGGCGGGTGCCTATAATCCCAGCTACTCAGGAGGCTGAGGCAGGAGAATCACTTGAACCCGGAGGCAGAGGTTGCAGTGAGCTGAGATCGCGCCACTGCACTCCAGGTTGGGCGACAGAGCAAGACTCCGTCTCAAAAAATAAAAAATAAAAAAAA"
"chr1","8045365","8045551","KN296426v1","64367","64561","36","7980998","GGCCAGGCGCAGTGGTTCACACCTATAATTCCAGCACTTTGGGAGGCCAAGGCAGGTGGATCACCTAAGGTCAGGAGTTTGAGACCAGCCTGGCCAACATGGTGAAACCCCGTCTCTATTAAAAGTACAAAAAATTGCCCAGGCATGGTGGTGAGCACCTGTAATTCCAGCTACTCAGGAGGCTGAG","GACTGGGCGTGGTGGCTCATACCTGTAATTCTAGCACTTTGGGAGGCCGAGGCAGGTGGATCACTTGAGGTCAGGAGTTTGAGACCAGCCTGGCCAGCATGGTGAAACCCCATCTCTAGTAAAAATACAAAAATTAGCTGGGCATGGTGGCGGGTGCCTGTAATCCCAGCCACTCAGGAGGCTGAGGCAGGAGAA"
"chr1","8052501","8052809","KN296643v1","852402","852709","41","7200099","GGCAGGGCAAGGTGGCTCACGCCTATAACCCCAGCAATTTGGGAGGCCGAGGTGGGAGGACCACCTGAGGTCAGGAGTTCAAGACCCGCCCAGCCAACATGGCGAAACCCCATCTCTACTAAAAATACAAAAATTAGCTGTGCATGGTGGGGGCATGCCTGTAATCCCAGCTGCCTGGGAGGCTGAGGCAGTAGAATCGCTTGAACCCAGGAGGCAGAGGTTGCAGTGAGTCGAAATTGTGCCACTGCACTCCAGCCTGGCCGACAGAGCAAGGTTCCATCTCAAAAAAAAAAAAAAAAAAAAAAAAAA","GGCTGGGCGTGGTGGCTCACGCCTGGAATCCCAGCACTTTGGGAGGCCGAGGTGGGCGGATCACCTGAGGTCAGAAGTTCAAGACAAGCCCGGCCAACATGGTGAAACCCCATCTCTACTAAAAATACAAAAAATTAGCCGGGTATGGTGGCGGGCGCCTATAATCCCAGCTACTTGGGAGGCTGAGGCAGGAGAATCGCTTGAACCCAGGAGGCGGAGGTTGCAGTGAGCTGAGATTGCACCACTGCACTCTAGCCTGGGACACAGAGCAAGACTCCGTCTCAAAAAAAAAAAAAAAAAAAAGTAAA"
"chr1","8054119","8054414","KN296743v1","2392400","2392688","36","5661719","GGCCGGCGCGGTGGCTCATGCCTGTAATCCTGGCACTTTGGGAGGCCAAGGCAGGTGGATCACCTGAGGTCAGGAGTTCGAGACCAGCCTGGGCAACATGGTGAAAACCTGTCTTTACTAAAAATACAAAAATTAGCTGGGCATGGTGGCGTGGTGGCGGGTGCCTGTAATCCCAGCTACTCAGGAGGCTGAGGCAGGAGAATTGCTTGAACTTGGGAGGTGGAGGTTGCAGTAAGCCAAGATAGCGCCACCGCACTCCAGACTGGGTGACAGAGTGAGACTCCGTCTCAAAAAAA","GGCCAGGTGCGGTGGCTCACGCCTGTAAACCTAGCACTTTGGGAGGCTGAGGCAGGAGGATCACCTGAGGTCAGGAATTCGAGACCAGCCTGGCCAGCATGGTGAAACCCTGTCTCTACTGAAAATACAAAAATTAGCCAGGCGTGGTGGCAGGTGCCTGTAATCCCAGCTACTCGGGAGGCTGAGGCAGGAGAATTGCTTGAACTGGGGAGGTGGAGGTTGCAGTGAGCCGAGATTGCACCACTGCACTACAACCTGGGCGAAGAGTGAGACTCCGTCTCAGAAAAAA"
"chr1","8054598","8054892","KN296750v1","659202","659498","35","7395396","GGCCGGGTGCGGTGGCTCACGCCTGAATCCCAGCACTTTGGGAGGCTGAGGTGGGTGGATCACCTGAGGTCAGGAGTTTGAGACCAGCCTGACCAATATGGTGAAACCACATCTCTATTAAAAATACAAAAATTAGCCGGGCCTGGTGGCCAGTGCCTGTAGTCCCAGCTACACCAGAGTCTGAGACAGGAGAATTGCTTGAACCTGGAAGGCAGAGGTTGCAATGAGCCAAGATCGTGCCACTGCACTCCAGCCTGGGCGACAGAGCGAGACTCCGTCTCAAAAAAAAAAAAAA","GGCCGGGTGCAGTGGCTCACGCCTGTAATCCCAGCACTTTGGGAGGCCTAGGCAAGCGGATAACCTGAGGTCAGGAGTTTGAGACCAGCCTGACCAACATGGTGAAACCCCATCTCTACTAAAAATAACAAAAATTAGCTGGACCTGGTGGCAGGCACCTGTAATCCCAGCTACCCAGGAGGCTGAGGCAGGAGAATCGCTGGAACCTGGGAGGCAGAGCCTGCAGTGAGCCGAGATCATGCCACTGCACTCCAGCCTGGGCGACAGAGCAAGACTCCATCTGAAAAAAAAAAAAAA"
"chr1","8058112","8058419","KN294630v1","349899","350210","40","7708213","GGTCGGGCACGGTGGCTCACACCTGTAATCCCAGCACTTTGGGAGGCCGAGGCAGGATCACTTGAGGTCCGGAGTTCGAGACCAGCCTGGCAACATGGTGAAACCCCATCTCTACTAAAAATACAAAAATTAGCCAGGTGTGGTAGCGGGCGCCTATAGTCCCAGCTACTCCGGAGGGTGAAGCATGAGAATCTCTTCAGTCTGGGAGGCACAGGTTGCAGTGAGCCAAGATCATGTCACTGCACTCCAGCCTGGGCAACAGAGTGAGACTCCATCTCAAAAAAAAAAAAAAAAAAAAGAAAAGAAAA","GGCCGGGCACAGTGGCTCACGCCTGTAATCCCAGCACTTTGGGAGGCCAAGGCAGGAGGATCACTTGAGGTCAGGAGTTGCAGACCAGCCTGGCCAACATGGTGAAACCCCATTTCTACTAAAAATACAAAAATCAGCCGGGCATAGTGGCAGGCGCCTGTAGTCCCAGCTACTCAGGAGGCTGAGGCAGGAGAATCGCTTGAACCTGGGAGGCAGATGTTGCAGTGAGCCGAGATTGTGCCACTGCACTCCAGCCTGGGAGACAGAATGAGACTTCCTCTCAAAAAAAAAAAAAAAAGAAAGAAAAGAAAA"
"chr1","8067514","8067826","KN295074v1","343353","343661","41","7724161","GGCCGGGCACAGTGGCTCACGCCTTGTAATCCCAGCAGTTTGGGAGGCCAAGGTGGGTGGATCACTTGAGGTCTGGAGTTCCAGACCAGCCTGGCCAACAAGGTGAAACCCTATCTCTACTGAAAATACAAAACTTACCTGGTTGTGGTGGTGGGCGCCTGTAATTCCAGCTCCCCGGGAAGCTGAGGCAGGGGAATTGCTTGAGCCCAAGAGGCAGAGGTTGCAGTGAGCTGAGATCGCACCACTGCACTCCAGCCTGGGTGACAGAGTGATACTCCATCTCAAAAAACAAAACAAAACAAACAAACAAAAA","GGCCAGGCATGGTGGCTCACGCCTGTAATCCCAGCACTTTGGGAGGCCAAGACGGGTGGATCACCTGAGGTCAGGAGTTCGAAACCAGCCTGGCCAACATGGCGAAACCCTGGTTCTACTAAAAATACAAAAATCAGCTGGGCGAGGTGGTGGGCACCTGTAATCCCAGCTACTCGGGAGGCTGAGGCAGGGGAATTGCTTGAACCTGAGAGGCAGAGGTTGCAGTGAGCCGAGATCGCACCACTGCACTCCAGCCTGGGCAACAGAGTGAGACTCCATCTCAAAACAAACAGACAAAACAAACAAAAA"
"chr1","8089601","8089906","KN296829v1","581505","581808","43","7508096","GGCCCAGCATGGTGACTCATGCCTGTAATGCCAGCACTTTGGGAGGCCGAGATGGACAGATCACCTGAGGTCAGGAGTTCAGGACCAGCCTGGACAACATGGCAAAATCCCATCTCTACTAAAAATACAAAAATTAGTCAGGCATCGTGGTGGCAGGCACCTATAATTCCAGCTGCTCAGTAGGCTGAGGCAGGAGAATTGCTTGAACCCAGGAGGTGGAGGTTGCAGTGAGCCAAGATGGAATCACTGCACTCCAGCCTGGGAGACAGAGCAAGACTCTGAAAAAAAAAAAAAAAAAAAAAAAAA","GGCCAGGCACGGTGGCTCACGCCTGTAATCCCAACACTTTGGGAGGCCGAGGTGGGTGGATCACCTGAGGTCAGGAGTTCGAGACCAGTCTGGCCAACATGGCGAAACCCCATCTCTACTGAAAATACAAAAATTAGCCAGGTGTGGTGGTAGATGCCTGTAATACCAGCTACTCAGGAGGCGGAGGCAGGAGAATTGCTTGAACCCAGGAGGCAGAGGTTGCAGTGAGCCAAGATCGTGACACTGCACTCCAGCCTGGGTGACAGAGCAAGACTCCGCCTCAAAAAAAAAAAAAAAAAAAAAA"
"chr1","8103625","8103922","KN295987v1","138341","138634","39","7965284","GGCAGGGCGCTGTGATTCATGCCTGTAATCCCAGCACTTTGGGAGGCCGAGGTGGGCAGATCACTTGAGGCCAGGAGTTCGAGACCAGCCTGACCAACATGGCGAAACCCCATCTCTACTAAAAATACAAAACTTAGCTGCGCGTGGTGGCGGGCACCTGTAATCCAGGCTACTCCAGAGGCTGAGACAGGAGAATCAATTGAACCCAGAAGGTGGAGGTTGCAGTGAGCCCCGATTGCACCACTGCACTCCAGCCTGGGTGACAGAGTGAGACTCTGCCTCAAAAAAAAACAACAAA","GGCTAGGCGCAGTGGCTCACACCTGTAATCCCAGCACTTTGGGAGGCTGAGGTGGGCAGATCACTTGAGGTCAGGAGTTCCAGACCAGCCTGGCCAACATGATGAAACCCCATATCTACTAAAAATAAAAAATTACCTGGGCGTGGTGGTGGGCACCTGTAGTCCCAGCTACTCCAGAGGCTGAGGCAGGAGAATTGCTTGAACCCAGGAGGCGGAGGTTGCAGTGAGCTGAGATTGCGCCACTGCACTCCAGCCTGGTGACAGAGTGAGACTCCTCAAAAAAGAAAAAAGAAA"
"chr1","8104543","8104821","KN294207v1","761912","762189","43","7342631","GCCAGGTGCGGTGGCTCACATCTGTAATTCCAGCTCTTTGGGAGGCCAAGGAGGGCTGATCATTTGAAGTCAGGAGTTTGAGACCAGCCTGGCCAATGTGGTGGAACCCCATCTCTAATAAAAATACAAAAATTATCTGGGTGTGGTGGCAGGCATCTGTAATCCCAGCTACTAGGGAGGCTGAGGCAGAAGAATCACTTGAAGCTGGAAGGCAGAGGTTGCAGTGAGCTGAGATCCCACCACTGAACTCCAGCCTGGGCAACAGAGTGAGACTCCATC","GGCCAGGTGCGGTGGCTCACACCTGTAATCCCAGCACTCTGGGAGGCCGAGGTGGGCAGATTACCTGAGGTCAAGAGTTCGAGACCAGCCTGACCAACATGGTGAAACCCCATCTCTACTAAAAATACAAACAATTAGCTGGGCGTGGTGGTGGGCGTCTGTAATCCCAGCTACTCGGGAGGCTAAGGCAGGAGAATCACTCGAACCTGGGAGGCAGAGGTTGCAGTGAGCTGAGATCACGCCACTGTACTCCAGCCTGGGCACGACAGAGCAAGACT"
"chr1","8106797","8107087","KN296311v1","7880078","7880365","35","226719","GGCTGGGTGTGGTGGCTCACGTCTGTAATCCCACCACTTTGGGAGGCCAAGGCAGATGGATCACCTGAGGTCAGGAGTTCGAGACCAGCCTGGCCAACATGGTGAAACCCTGTCTCTACTAAAAATACACAAATTAATCGGGCGTGGTGATGGATGCCTGTAATCCCAGCTACTTGGGAGGCTGAGGCAGGAGAATCGCTTGAACACGGGAGGTGGAGGTTGCAGTGAGCTGAGATCGTGTCGCCACTCTCCAGCCTGGATAACAGAGTGAGACTCTGTCTCAAAAAAAAA","GGCTGGGCATGGTGGCTCACCCCTGTAATCCCAGCACTTTGGGAGGCCAAGGCAGGCGGATCACCGGAGGTCAGGAGTTCGAGACCAGCCTGGCCAACATAGTGAAACCCTGTCTCTACTAAAAATACAAAAATTAGCCGGGCCTGGTGGTGGATGCCTGTGATCCCAGCTACTTGAGAGGCTGAGGCTGGAGAATCGCTTGAACCTGGGAGGCAGAGGTTGCAATGAGCGAGATCGTGCCACCACACTCCAGCCTCAGCAACAGAGCGAGACTCCATCTCAAAAAAA"
"chr1","8109244","8109544","KN294325v1","1316006","1316298","37","6793238","GGCTGGGCACGGTGGCTCACACCTGTAATCTCAGCACTTCGGGAGGCCGAGGTGGGCGGATCACCTGAGGTCAGGAGTTTGAGACCAGCCTGGCCAACATGGTGAAACCCTGTCTCTAATAAAAATACAAAAATTAGCCAGGTGTGGTGGTGGGCACCTGTAATCCAAGCCACTTGGGAGGCTGAGGCAGAAGAATTGCTTGAACCCGGGGGTCGGAGGTTGCAGTGAGCAGAGATTGCATCACTGTACTCTATCTAGTCTGGGTGACAGAATGAGACTCCGTCTCAAAAAAAAAAAAAAA","GGCTGGGCACGGTGGCTCATGCCTGTAATCCCAGCACTTTGGGAGGCTGAGATGGGCGGGTCACCTGAGGTCAGGAGTTCGAGATCAGCCTGGCCAACATGGTGAAACCCTGTCTCTCCTGGAAATACAAAAAATTAGCCAGGTGTGGTGGTGGGCACCAGTAATCCCAGCTACTTAGGAGGCTGAGGCAGGAGAATTGCTTGAATCCAGGAGGCGGAGGTTGCAGTGAGCTGAGATTGCACCACTGCACTCTAGCCTGGGTGACAGAGTGAGACTCCGTCTAAAAAAAAAAA"
"chr1","8131433","8131733","KN294879v1","76546","76849","42","8054887","GGCCGGGTGTGCTGGCTCATGCCTGTAATCCCAACACTTTGGTAGGCCGAGGCGGGTGGATCACCTGAGGTCAGGAGTTCGAGACCAGTCTGGCCAACATGGTGAAACCCTGGCTCTACTAAAAATACAAAAATTAGCCAGGCATAGTGGTGGGCACCTGTAATCCCAGCTACTCAAGAGGCTGAGGCAGGAGAATTGCTTGAACCCAGGAGGCAAAGGTTGAAGTGAGCCAAGATCACACCACTGCGCTCCACCTTGGGTGACAGACTGTCTCAAAAATAAAATAAAATAAAAATAAAAA","GGCCGGGTGTGGTGGCTCACGCCTGTAATCCCAGCACTTTGGGAGGCTGAAGTGGGCGGATCACCTGAGGTCAGGAGTTCAAGACCAGCCTGGCCAACATGGTGAAACCCTGTCTCTACTAAAAATACAAAAATTAGCCGAGTGTGGTGGTGGGCACCTGTGGTCCCAGCTACTCAGGAGGCTGAGGCAGGAGAATCGCTTGAACCCAGGAGGCAGAGGTTGTAGTGAGCCAAGATTGCTCCACTGCATTCCAGCCTGGGTGACAGAGTGAGACTCCATCTCAAAAAAATAAAAAATAAATAAA"
"chr1","8159749","8160053","KN297023v1","480259","480560","31","7679490","GGCCAGGCACAGTGGCTCATGCCTGTAATCCCAGAACTTTGGGAGGCTGAGGTGGGTGGATCACTTGAGGCCAGGAGTTCGAGACCAGCCTGGCCAACATGGCAAAACCCCATCTCTACTAAAAATACAAAAATTAGCTGTGCGTGGTGGCGGGCGCCTGTAATCCCAGCTACTCCAGAGGCTGAGGCAGGAGAATCACTTGAACCCGGGAGGCGGAGGTTGCAGTGAGCCAAGATCTCACCACCGCACTCCAGCCTGGACGACAGAGCAAGACTTCGTCTCAGAAAAAAACAAAAAACAAAAAA","GGCCGGGCGCGGTGGCTCATGCCTGTAATCCCAGCACTTTGGGAGGCCGAGGTGGGTGGATCACCTGAGGTCAGGAGTTCCAGACCAGCCTGGCAAACATGGTGAAACCCCGTCTCTACTAAAAATACAAAAATTAGCTGGGCGTGGTGGTGGGTGCCTGTAATCCCAGCTACCCAGGAGGCTGAGGCAGGAGAATCGCTTGAACCCAGGAGGTGGAGCTTGCAGTGAGCCAAGATCACACCATTGCACTCCAGCCTGGGCAACAGAGCGAGACTCCGTCTCAGAAAAAAAAAAAAAAAAAA"
"chr1","8170569","8170862","KN296726v1","808997","809301","43","7361572","GTGGTGGCTCACGCCTGTAATCTCAGCACTTTGGGAGGCCGAGGTGGGTGGATTGCCTGAGGTCAGGCGTTTGAGACCAGCCTGGCCAACATGGTGAAAGCTCGTCTCTACTAAAAATAGAAAAATTAGCTGGGCGTGGTGGCAGACACCTGTAGTCCCAGATACTCAGGAGGCTGAGGCGGGAGAATCACTTGAACCTGGGAGGTGGAGGCTTCAGTGAACCCCGATGGTACCACTGCACTCCAGCCTGGGTGACACAGTGAGACTCTGTCTAAAAAAAAAAAAAAGACAGAA","GGCCGGACACGATGGCTCACGCCTGTAATCCCAGCACTTTGGGAGGCGGAGGCGGGTGGATCACCTGAGGTCAGGAGTTTGAGACCAGCCTGGCCAACGTGGTGAAACCCGATCTCTACTAAAAATACAAAAATTAGCCTGGCATGGTGGCGGGCGCCTGTAGTCCCAGCTACTCAGGAGGCTGAGGCAGGAGAATCGCTTGAACCTGGGAGGCGGAGGTTGCAGTGAGCCGAGATTGCACCACTGCACTCCAGCCTGGGTGACACAGTGAGACTCTGTCTTGAAAAAACAAAAAAAAGAATAAA"
"chr1","8172076","8172249","KN294957v1","73265","73439","26","8098811","GGCCGGGCATGGTGGCTCATGCCTGTAATCCCAGCACTTTGGGAGGCCGAGGCAGGAGGATCACTTGAGGTCAAGAGTTTGACACCAGCCTAGCCAACATGGTAAAACCCCACCTCTACTAAAAATACAAAAATTAGCTGGACATGGTAGCAGGCGTCTGTAATCCTAGCTACT","GGCTGGGCATGGTGGCTCACGCCTGTAATCCCAGCACTTTGGAAAGCCGAGGCAGGTGGATAACCTGATGTCAGGAGTTCGAGACCAGCCTGGCCAACATGGTGAAACGCCATCTCTACTAAAAATACAAAAACTAGCCAGGCGCAGTGGCAGGTGCCTGTAATCCTAGCTACTC"
"chr1","8172508","8172608","KN295930v1","759246","759325","44","7413262","GTCTGTATCTAGTTCTCCAGAGGTAGGCAGGACATCACTGACCTGGAGTGAAGTGCAGCTAGCGGAGATCGCGCACTGCACTCCAGCTGCGCGCACACAGC","TAGGAGAATTGCTTTAACCCAGGAGGCAGAGGTTGCAGTGAGCCGAGATCGCGCCACTGCACTCTGGCCTGGGTGGCAGA"
"chr1","8174016","8174221","KN296391v1","178234","178452","35","7995782","AAGAGTTTGAGACCAGCCTGGCCAACATGGTGAAACCCTGTCTCTACTAAAAATACAAAAATTAGCTGGGCGTGGTGTTGGTCACCTGTAATCCCAGCTACTCGGGAGGCTGAGGCAGGAGAATCACATGAACCTGAGAGGCAGAGATTGCAGTGAACCATTGCACTCCAGCCTGGGCTACAGAGCAAGACTCCAACTCAAAAAAA","CAGGAGTTTGAGACCAGCCTGGCTAACATGGTGAAACCCCGTCTCTACTAAAAAATACAAAAATTAGCCAGGCGTGGTGGCAGGTGCCTGTAATCCCAGCTACTCGGGAGGCTGAGGCAGGAGAATCACTTGAACCTGGAGGCAGAGGTTCCAGTGAGCTGAGACTGTGCCACTGCACTCCAGCCTGGGCAACAGAGCGAGACTCTCTTTCAAAAAAAA"
"chr1","8174529","8174618","KN295236v1","3329913","3330000","16","4844616","GGCCGGGCGCAGTGGCTCACACCGGTAATCCCAGCACTTTGGGAAGCCGAGGTGGGTGGATCACCCGAGGTCAAGAGTTTGAGACCAGCC","GGCTGGGCACAGCAGCTCACGCCTGTAATCCCAGCACTTTGGGAACCTGAGGAGGGTGAATCACCTGAGGTCAAGAGTTCAAGACCCG"
"chr1","8194110","8194419","KN294705v1","186396","186702","39","8007714","GCTGGGCATGGTGGCTGACGTCTGTGATCCCAGCACTTTGGGAGGCTGAGGCAGGAGGATCACTTGAAGTCAGGAGTTCAAGACCAGCCTGGCCAACATGGTGAAACCCCGTTTCTACTAAAAATACAAAAATTAGCCGTGCGTGGTGGCAGGCGCCCGTAATCCCAGCTACTTGGGAGGCTGAGGCAGGAGAATCGCTTGAACCCGGGAGGTGGAGATTGCAGTGAGCCAAGATCAGGCTGCTGCACTCCAGCCTGGGAGACAGAGTCTCACGAGACTGTCTCAAAAAATAAATAAATAAATAAATAAA","GGCCAGGCATGGTGGCTCATGCCTGTAATCCCAGCATTTTGAGAGGCCGAGGCGGGCGGATCACTTGAGGTCAGGAGTTCAAGACCAGCCTGGCCAACATGGTGAAACCCCGTCTCTACTAAAAATACAAAAATTAGCCGGGCGTGGTGGCAGGTGCCTGTAATCCAAGCTACTCAGGGGGCCAAGGCAGGAGAATCGCTTGAACCCAGGAGGTGGAGATTGCAGTGAGCCGAGATCATGCCACTGCACTCCAGCCTGGGCGACAGAGTGAGACTTCATCTCAAAAAAAATTAAATAAATAAATAAA"
"chr1","8232116","8232432","KN294995v1","15599","15901","45","8216517","GGCTGGGCATGGTGGCTCAAACCTGTAATCCCAGGACTTTGGGAGGTCAAGGTGGGTGGCCCACCTGAGGTCAGGAGTTCAAGACCAGCCTAGCCAACATGGTGAAACCCCATCTCTACAAAAATGCAGAAATTAGCCGGGCATGATGGCGGGTGCCTGTAATCCCAGCTACTTGGGAGGCTGAGGCGGGAGAATCACTTGAGAATCACTTGAACCCTGGAGGCAGAGGTTGCAGTGAGCCAAGATTGCGCCATTGCACTCCAGCCTGGGTGACAGAGCAAGACTCCGTCTCAAAAAACAAAACAAAACAAAAAGAA","GGCCAGAGGTGGTGGCTCATGCCTGTAATCCCAGTACTTTGGGAGGCCGAGGCGGGTGGATCACCTGAGGTCAGGAGTTCAAGACCAGCCTGGCCAACATGATGAAACCCCGTCTCTACAAAAATACAAAAATTAGCCGGGCATGATGGCAGGTGCCTGTAATCCCAGCTACTTGGGAGGCTGAGGCAGGAGAATCGCTGGAACCCGGGAGGCAGAGGTTGCAGTGAACTGAGATCATGCCACTGCACTCCAGCCTGGGTGACAGAGGAAGACTCCGTCTCACAAAAAAAAAAAAAAAAAGAA"
"chr1","8234517","8234815","KN295967v1","1069377","1069670","37","7165140","GGGCGCGGTGGCTCACGCCTGTAATCCCAGCACTTTGGGAGACCAAGGCGGGCGGATCACCTGAGGTCAGGAGTTCGAGACCAGCCTGGCCAACATGGTGAAACGCTGTCTCTACTAAAAATACAAAAATTAGCCAGGCATGGAGGCAGGCTCCTGTAATCCCAGCTCCTCAGGAGGCTGAGGCAGGAGAATCGCTTGAACCCGGGAGGCAGAGGTTGTAGTGAGCCAAGATTGTGCCACCGCACCCCAGCATGGCGACAGAGTGAGACTCTGTCTTAACAAACAAACAAACAAACAAA","GGCCGGGCGCTCACGCCTTAATTCCAGCATTTTGGGAGGCCGAGGCAGGCAGATCACCTGAGGTCAGGAGTTCGAGACCAGCCTGGCCAACATGGTGAAACCCTGTCTCTACAAAAATACAAAAATTAGCCGGGCATGGTGGCAGGCGCCTGTAATCCCAGCTACTCGGAAGGCTGAGGCAGGAGAATTGCTTGGGCCCAGGAGGCAGAGGTTGCAGTGAGCCAAGATCGCGCCACCACACTCCAGCATGGGTGACAGAGTGAGACTCTGACTCAAAAAAAAAAAAAAAAAAAA"
"chr1","8237430","8237734","KN297263v1","1219642","1219940","45","7017788","TGGCTCACACTTGTAATCCCAGCACTTTGGGAGGCCAAGGCAGGCAGATCTCTTGAGGTCGGGAGTTAGAGACCAGCCTGGCCAACATGGTTAGTAGAAACCCTGTCTTTAAGAATAACACAAAAATTAGCCAGGCATGGTGGCAGGTGCATGTAATCCCAGCTACTGGGGAGGCTGAGGCAGGAGAATCCCTTGAACCTGGAAGGCGGAGGTTGCAGTGAGCCGAGATTGTGTCACTGCACTCCAGCCTGGGCAACAGAGTGAGACTCCATCTCAAAAAAAGAAAGAAAGAAGGAAAGAAAGAA","TGGCTCACACCTGTAATCCCAAAACTTTGGGAGGCCAAGGCAGGTGGATCACCTGAGGTCAGGAGTTCGAGACCAGCCTGGCCAACATGGTGAAACTCTGTCTCTACTAAAAATACAAAAAAATCAGCCCAGCATGGTGGTGGGTGCCTGTAATCCCAGCTACTCGGGAGGTTGAGGCAGGAGAATTGCTTGAACCCAGGAGGCGGAGGTTGCAGTGAATGGAGATTGTGCCACTGCACTCCAGCCTGGGCAACAAAGTGAGACTCCATCTCAAAAAATAAAAAAAAAGAAAAGAAAAA"
"chr1","8241806","8242115","KN295607v1","4377455","4377758","34","3864351","GGCTGGGCACGGTGGCTCACGCCTGTAATCCCAGCACTTTGGGAAGCCGAGGGGGGTGGCTCACCTGAGGTCAGGAGTTCAAGACCAGCCTGACCAACATGGCGAAACCCTGTTTCTACTAAAAATACAAATATTAGCTGGGCATGGTGGTGGGTGCCTGTAATCCCAGCTACTCGGGAGGGTGAGGCAGGAGAATTGCTTGAACCTGGGAGGCAGAGGTTGCAGTGAGCCGAGTTGTGCCACTGCACTCCAGCCTTGGTGACAGAGCGAGACTCTGTCTCAAATAAATACATAAATAAATAAAAAAATA","GGCTGGGCACGGTGGCTCACGCCTGTAATCCCAGCACTTTAGGAGGCCAAGGTGAGTGGATCACCTGAGGTTAGGAGTTCAAGACCAGCCTGGCCAACATGGTGAAACCCTGTCTCTGCTAAAAATACAAAAATTAGCTGGGTGTGGCGGTGGGTGCCTGTAATCCCAGCTACTGGGGAGGCTGAGGCAGGAGAATTGCTTGAACCTGGGAGGCAGAGGTTGCAGTGAGCTGAGATCACGCCACTGCACTCCAGCCTGGGTGACAGAGCAAGACTCCATCTCAAAAGAAAAAAAAAAAAAAAAA"
"chr1","8244370","8244643","KN294187v1","1336441","1336715","44","6907929","GCCAGGTGCGGTGGTGGCTCACGCCTATAATCCCAGCACTTTGGGAGGCCGAGGTGGAAGGATCACTTGAGCCAGGAGTTCGAGACCAGCCTGGGCAACATAATGAAACCCCATCTCTACTAAAAATACAAAATTAGCCAGGCATGGTGGTGGGCACCTGTATTCCCAGCTACTTGGGAGGCTGACGCAGGAGAATCGCTGGAATCCGAGAGGCAGAGGTTGCAGTGAGCCAAGATTGCGCCAGTGCACTCTGGTCTGGGCAACAAAGTGAGAC","GGCCAGGCATGGTGGTTCAAGCCTATAATCCCAGCACTTTGGGAGGCTGAGGTGGGCGGATCACTTGAGGTCAGGAGTTTGAGACCAGCCTGGTCAACATAGTGAAACCCTATCTCTACTAAAAACACAAAAATTAGCCAAGCATGGTGGCAGGTGCATATAATCCCAGCTACTCGGGAGGCTGAGGCAGGAGAATCACTTGAACCAGGGAGGCAGAGGTTGCAGTGAGCCGAGATGGTGCCAGTGCACTCCAGCCTGGGTGACAGAGTAAGACT"
"chr1","8253722","8254023","KN294456v1","1098138","1098439","32","7155584","GGCCAGGGACAGTGGCTCACACCTGTAATCCCAGCACTTTGGGAGGCCGAGGTGGGTGGTTCACCTGAGGTCAGGATTTCAAGACCAGCCTGGCCAACATGGCGAAACCTCATCTGTACTAAAAATACAAAAATTAGCCAGGTGGTGGCGGGCGCCTGTAATCCCAGCTACACAGGAGGCTGAGGCAAGAGAATTGCTTGAACCCAGGTAGCGGAGGCTGTAGTGAGCCAAGGTTGCACCACTGCCCTCCAGCCTGGGCGACAGAGCGAGACTCTGCCTCAAAAAAAAAAAAAAAGAATAAA","GGCCAGGCGCAGTGGCTCACACCTGTAATCCCAGCACTTTGGGAGGCCGAGGTGGGCAGATCACCTGAGGTCAGGAGTTCCAGACCAGCCTGGCCAACATGGTGAAACCCCATCTCTACTAAAAATACAAAAATTAGCCAGGCGTGGTGGCGGACGCCTGTAATCCCAGCTACTCAGGAGGCTGAGGCAAGAGAACTGCTTGAACCCAAGAGGCAGAGGTTGCAGTGAGCCAAGATCGCACCACTGCACTCCAGCCTGGGTGACAGAGCGAGACTCCGTCTCAAAGAAAAATAAAAAAAGAA"
"chr1","8275429","8275727","KN294539v1","1287945","1288241","33","6987484","GGCCAGGCGCGGTGGCTTACACCTGTAATCCCAGCACTGTGGGAGGCTGAGTTGGGTGGATCACCTGAGGTCAGGAGTTAGAGACCACCCTGGCCAACATGGCAACATCCCGTCTCTACTAAAAGTACAAAAATTAGCCAGGAGTGGTGGCAGGTGCCTGTAATCCCATCCACTTGGGAGGCTGAGGCAGGAGAATAACTTGAACCCAGGAGGTGGAGGTTGCAGTGAGTTGAGATCGTGCCACTACACTCCAGCCTGGGCGACAGAGCGAGACTCTGCCTCAAACAAAAAATAAAAAA","GGCCGGATGCAGTGGCTCACGCCTGTAATCCCAGCACTTTGGGAGGCCGAGGCGGGCAGATCACCTGAGGTCAGGAGTTCGAGACCAGCTTGGCCAACATGGCAAAACCCCATCTCTACTAAAAATACAAAAATTAGCCAGGTGTGGTGGCAGGCGCCTGTAATCCCAGCTACTTGGGAGGCTGAGGCAGGAGAATCACTTGAACCCAGGAGGTGGAAGTTGCAGTGAGCTGAGATTGTGCCACTGCACTCCAGCCTAGGCAACAGAGCGAGACTCTGTCTCAAAAAAAAAAAAAAA"
"chr1","8288833","8289131","KN295420v1","208371","208668","33","8080462","GGCCGGGCCCAGTGACTCATGCCTGTAATCCCAGCACTTTGGGAGGCTGAGGGAGGCAGATCACCTGAGGTCAGGAGTTCAAGACCAGCCTGGCCAACATGGTGAAATCCCATCTCTACTAAAAATACAAAAATTAGGCGGGTGTGGTGGTGGGCTCTTGTAATCTCAGCTACTTGGGAGGCTGAGGCAGTAGAATTGCTTGAACCCAGGAGGCGGAGGTTGCAGTGAGCCGAGATTGCGCCACTGCACTCCAGCCTGGGCAACAGAGCAAGACTCCAGCTCAACAAAAAAAAACAAAA","GGCCAGGCGCAGTGGCTCATGCCTGTAATCCTAGCACTTTGGGAAGCTGAAGCAGGCAGATCTCATGAGGTCAGGAGTTCGAGACCAGCCTGGCCAACATGGTGAAACCCCATCTCTACTAAAAATACAAAAATTAGCCAGGTGTGGTGGTGGGCGCCTGTAATGCCAGCTACTCGGGAGGCTGAGGCAGGAGAATCACTTGAACCTGGGAGGCGGAAGTTGCAGTGACCCGAGATTGTGCCACTGCACTCTAGCCTGGGCAACAGAGTGAGACTCCATCTCAAAAAAATAAAAAAAA"
"chr1","8296848","8297154","KN295610v1","501770","502075","39","7795078","GGCTGGGCATGGTGGCTCACGCCTGTAATCCCAGCACTTTGGGAGGCTGAGGCAGGCAGATCATGGGGTTAGGGGTTTGAGACCAGCCTGACCAACATGGTGAAACCCCGTCTCTACTAAAAACACAAAAATTAGCCGGGTATGGTGGCAGGCACCTGTAATCTCAGCTACTCAGGAGGCTGAGGCAGGAGAATCGCTTGAACCTGGGAGGTGGAGGTTGCAGTGAGCCAAAATCATGCCATCGTACTCCAGCCTGAGCAACAGAGTGAGACTCCGTCTCAAAAAAAAAAATTAGAAAAAAAAAGAA","GGCTGGGCGCGGTGGCTCATGCCTGTAATCCCAGAACTTTGGGAGGCTGAGGCAGACGGATCACCTGAGGTCAGGAGTTCAAGACCACCCTGGCCAACATGTTGAAACCCCATCTCTACTAAAAATACAAAAATTAGCCGGGTGTGGTGTTGGGCACCTGTAATCCCAGCTACTCAGGAGACTGAGGCAGGAGAATTACTTGAATCCGGGGGGTGGAGGTTGCAGTGAGCCCAGATCGTGCCATTGCACTCCAGCCTGGGCAACAGAGTGAGACTCCATCTCAAAAAAAAAAAAAAAAAAAAAGAA"
"chr1","8310599","8310896","KN295667v1","2471075","2471376","28","5839524","GGCTGGGTGTGGTGGCTCACACCTGTAATCCCAACACTTTGGGAGGCCGAGGCAGGCAGATCACCTGAAGTCAGGAGTTCGAGACCAGCCTAGCCAACATGGTGAAACCCCGTTTCTACTAAAAATACAAAAATCAGCCAGGTGTGGTTGTGGGCACCTGTAATCCCAGCTACTCTGGAGGCTGAGGCAGGAGAATAGCTTGAACCCAGGAGACGGCGGTTGCAGTGAGCTGAGATCATGCCACTGCACTCCAGCCTGGGCAACAGAGCAAGATTCTATCTCAAAAAAAAAAAAAAAA","GGTCAGGCATGGTGGCTCACGCCTGTAATCCCAATGCTTTGGGAAGCCAAGGCAGGCAGATCACCTGAAGTCAGGAGTTCAAGACCAGCCTGGCCAACATGGTGAAACCCTGTCTCTACTAAAAATACAAAAATCAGCCAGATGTGGTTGCGGGCACCTGTAATCCCAGCTACTCTGGAGGCTGAGGCAGGAGAATAGCTTGAACACAGGAGACGGTGGTTGCGGTGAGCTGAGATAGTGCCACTGCACTCCAGCCTGGGCAACTGAGCAAGACTCCATCTCAAAAAAAAAAAATTAAAAAA"
"chr1","8318326","8318633","KN295667v1","2463242","2463552","33","5855084","GGCCAGGTGTGGTGGCTCATGCCTGTAATTCCAGCCCTTTGGGAGGCCGAGGTGGGCAGATCACCTGAGGTCAGGAGTTCGAGACCAGCCTGGCCAATATGGTGAAACCCTGTCTCTACTAAAAATATAAAAATTAGCCCGGAGTAGTGGCAGATGCCTGTAATCCCAGCTACTTGGGAGACTGAGGCATGATAATCACTTGAACCTGGGAAATGGAGACTGCAGTGAGACAAGATCACACCACTGCACTCTAGCCTGAGCAGCAGAGTGAGATTCTGTCTCAAAAACAAAAACAAAAACAAAAAAAA","GGCCGGGTGCGGTGGCTCACGCCTGTAATCCCAGCCCTTTGGGAGGCCGAGGTGGGCAGATCACCTGAGGTCAGGAGTTCGAGACCAGCCTGACCAATATGGTGAAACCCATCCCTACTAAAGATACAAAAATTAGCCCGGCATGGTGGCAGGTGCCTGTAGTCCCAGCTACTTGGGAGACTGAGGCACAAGAATCACTTGAACCTGGGAAGTGGAGGTTGCAGTGAGAGAAGATTGCACCATTGCACTCCAGCCTGAGCAGCAGAGTGAGATTCTGTCTCAAAAAAAAAAAAAAAAAAAAAAAAAAAAAA"
"chr1","8348778","8349075","KN295667v1","2437690","2437990","27","5911088","GGCCGGGTGTGGTTGCTCACATCTGTAATCCCAGCACTTTGGGAGGCCAAGGTGGGTGGATCACTTGAGGCCAGGAGTTCGAGACCAGCCTGGCCAACATGGTGAAACCCCGTCTCTACTAAAAATACAAAATTAGCCGGGCGTGGTGGTGGGTGCCCGTAGTCCCAGCTACTCAGGAGGCTGAAGCAGGAGAATCACTTGAACCCGGGAGGCAGAGGTTGCAGTGAGCCGAGATCGCATCACTGCACTCCAGCCTGGGCGACAGAGCAAGACTCTGTCTCAAAAAAAAAAAAAAAAA","GGCTGAGTGTGGTGGCTCACGCCTGTAATCCCAGCACTTTGGGAGGCCAAGGTGGGAGGATCACTTGAGGCCGGGAGTTCAAGACCAGCCTGGCCAACATGGTAAAACCCCGTCTCTACTAAAAATACAAAATTCGCTGGGCGTGGTGGTGGGTGCCTGTAGTCCCAGCTACTCGGGAGGCTGAAGCAGGAGAATCCATTGAACCCGGGAGGTGGAGGTTGCAGTGAGCTGAGATCATGCCTCTGCACTCCAGCCTCGGCGACAGAGCAAGACTCTGTCTCCAGAAAAAAAAAAAAAAAAA"
"chr1","8357525","8357845","KN295996v1","133342","133652","41","8224183","GGCCGGGTGCGGTGGCTCACGCCTGTAATCTCAGCACTTTGGGAGGCTGAGGCGGGCGGATTACCTGAGGTCAGGAGTTCAAGACCAGCCTGGCCAACATGGTGAAACCCCATCTCTACTAAAAATACAAAAATTAGCCAGGCGTGGTGGCGGACGCCTATAGTCCCAGCTACACGGGAGGCTGAGGCAGGAGAATGGCGTGAATCTGGGAGGCGGAGCTTGCAGTGAGCCAAGATCGCACCACTGCACTCCAGCCTGGGCAACAGAGCGAGACTCTGTCTCAAAAAAAAAGATAGTAATACTTCGAAAAAAAAAAAAAAA","GGCCGGGCGTGGTGGCTCACGCCTGTAATTCCAGCACTTTGGGAGGCCGAGGCGGGTGGATCACCTGAGGTCGGGAGTTCGAGACCTGCCTGACCAACATGGAGAAACCCCCTCTCTACTAAAAATACAAAATATTAGCCAGGCGTGGTGGTGGGCGCCTGTAGTCCCAGCTACTCGGGAGGCTGAGGCAGGAGAATGGCTTGAACCCAGGAGGTGGAGCTTGCAGTGAGCCAAGATCGTGCCACTGCACTCCTGCCTGGGCTACAGAGCAAGACTCCGTCTAAAAAAAAAAAAATAAAATAAAAAAAAAA"
"chr1","8410352","8410644","KN297047v1","3548203","3548491","53","4862149","GGCCGGGCATGGTGGCTCACGCCTGTAATTCCAGCACTTTGGAAGGCTGAGACAGGTGGATCGCCTGAGGTCAGGAGTCCACACCAGCCTGGCCAACTCTGTCTCTACTAAATAATATAAAAATTGGCTGGGCATGGTAGCAGGTGCCTGTGATACCAGCTACTCGGGAGGATGAGGCATGAGAATCGTTTGAACTTGGGAGGCAGAGGCTGCAGTGAGCCAAGATCGCGCTATTGCACTCCAGCCTGGACAGCAGAGTGAGACTCTGCCTCAGAAAAAATAAATAAATAAAA","GGCTGGGCGTGGTGGCTCACTCTCAATTCCAGCACTTTGGGAGGCCGAGGCGGGTGGATCGCCTGAGGTCAGGAGTTTGAGGCCAGCCTGGCCAACATGGTGAAACTAAATATACAAAAATTAGCTGGGCATGGTGGTAGATGCCTGTAATCCCAGCTACTCAGGAGGCTGAGGCAGGAGAATCGCTTGAACCTGGGAGGCAGAGGTTGCAGTGAGCTGAGATCGCGCCATTCTACTCCAACTTGGGCGACAGAGCGAGACTCCATCTCAAAAAAATAAATAAAATAAA"
"chr1","8421707","8421922","KN296426v1","64367","64561","46","8357340","GGCTGGGGGCTGTGGCTCACGCTCGTAATCCCAGCACTTTGGGAGGCCAAGGCCGGAGGATCACTTGAGGTCAGGAGTTTGAGACTAGCCTGGCCAGCATGGTGAAACCCTGCCTCTACTAAAAATACAAAAATTAGCTGGGTGTGGTGGTGGGCGCCTATAATCCCAGCTATTCAGGAGGCTGAGACAGGAGAATCACTTGAACCCGAGAAGCAG","GACTGGGCGTGGTGGCTCATACCTGTAATTCTAGCACTTTGGGAGGCCGAGGCAGGTGGATCACTTGAGGTCAGGAGTTTGAGACCAGCCTGGCCAGCATGGTGAAACCCCATCTCTAGTAAAAATACAAAAATTAGCTGGGCATGGTGGCGGGTGCCTGTAATCCCAGCCACTCAGGAGGCTGAGGCAGGAGAA"
"chr1","8490663","8490963","KN295667v1","2298428","2298719","40","6192235","GGCTGGGCGTGGTGACTCATGCCTGTAATCCCAGCACTTTGGAGGTGGGTGGATCACCTGAGGTCAGTTCAAGACCAGCCTGGCCAACTTGGCGAAACCCCATCTCTACTAAAAATACAAAAAATTAGCCGGGCGTGGTGGCGGGCGCTTGTAGTCCCAGCTACTCAGGAGGCTGAGGCAGGAGAATCACTTGAACTGGGAGGCGGAGGTTGCAGTGAGTCAAGATCACGCCACTGCACTCCAGCCTGGGCAACAGAGTGAGACTCCATCTCCAAAAAAAAAAAAGAAAGAAAGAAAGAAA","GGCTGGGCATGGTGACTCACGCCTGTAATCCCAGCACTTTGGAGGTGGGTTGATCACCTGAGGTCAGTTCAAGACCAGCCTGGCCAACTTGTTCATCTCTACTAAATTACAAAAAATTAGCTGGGCGTGGTGGCGGATGCCTGTAATCCTAGCTACTCAGGAGGCTGAGGCAGGAGAATCGCTTGAACTGGGAGGCGGAAATTGCAGTGAACTGAGATTGCACCACTGCTCTCCAGGCTGGGCAACAGAATGAGACTCCGTCTCCAAAAGAAAAGAAAAGAAAAGAAAAAAA"
"chr1","8524883","8525188","KN295667v1","2257120","2257421","29","6267763","GCCAGGCACAATAGCTCATGCCTGTAATCCCAGCACTTTGGGAGGTTGAGGCGGGCAGATCACTTGAGGTCAGGAGTTCGAGACCAGCTTGGCCAACATGGCAAATCCCATTTCTACTAAAAATACAAAAATTAGCCGGGCGTGGTGGCAGGCGCCTATAATCCCAGCTTCTTGGGAGGCTGTGGCAGGAAAATCACTTGAACCCCGGAGGCGGAGGTTGCAGTGAGCCAAGACTGTGGCCACTGGACTCCAGTCTGGGCAACAGAGCAAGACTGTCTCAAAAAAAAAAAAAAAAAAAAGATAAAA","GCCAGGCGTGATGGCTCATGCCTGTAATCCCGGCACTTTGGGAGGTTGAGGCAGGCAGATCACTTGAGGTCAGGAGTTCGAGACCAGCCTGGCCAACATAGCAAATCCCATTTCTACTAAAAATACAAAAATTAGCCGGGCATGGTGGCAGGTGCCTGTAATCTCAGCTTCTTGGGAGCCTGTGGCAGGAAAATCACTTGAACCCGGGAAGCGGAGGTTATAGTGAGCTGAGATTGTGGCCACTGGACTCCAGCCTGGGCAACAGAGCAAGACTTCGTCTCAAAAAAAAAAAAAAAATAAAA"
"chr1","8526072","8526395","KN294458v1","252365","252682","56","8273707","GGCCAGGTGTGGTGGCTCGTGCTTGTAATCCCAGCACTTTGGGAAGCCGAGGCAGGCGGATCCCTTGAGAGTCAGGAGTTCGAGACCAGCCTGGCCGAACATGATGAAAACCCAAATTATTAAAATTACAAAATTTACTGAAATTTACTACTAAAATTACAAAAATTAGCCGGGCGTGGTGGTAGGCACCTGAAATCCTAGCTACTCTGGAGGCTGAGGCAGGAGAATCAATTGAACCCAAGAGGCGGAGGTTGCAGTGAGCCGAGATTGTGCCACTGCACTCCAGCCTGGGCGACAGAGTGAGACTCTGTCTCAAAAAAAGAA","GGCCAGGCATGGTGGCTCATGCCTGTAATCCCAGCACTTTGGGAGGCCAAGGCTGGTGGATCACCTGAGGTCAGGAGTTCGAGACCAGCCTGGCCAACGTGGTGAAACCCCATCTCTAAAAAAGAGATTTATATATCTCTAAAAAAAAATATAAGAATTAGCCAGGCATGGTGGCAGGCACCTGTAATCCCAGCTACTTGGGAGGCTGAGGCAGGAGAATTGCTTCAACCCAGGAGGTAGAGGTTGCAGTGAGCCAAGATCGTGCCACTGCACTCCAGCCTGGGCGACAGAGTGAGACTCTGCCTCAGGAAAAAAAAA"
"chr1","8532181","8532447","KN295667v1","2249522","2249779","46","6282659","GGCCGGGCGTGGTGGCTCACCTGAGGCAGGCAAGTCACCTGACGTCAGGAGTTCAAGACCAGCCTGGACAACATGGTGAAACCCCACACTACTAAAAATACAAAAATTAGCCGGGCGTGGTGGTAGGCGCCTGTAGTCCCAGCTACTCAGGAGGCTGAGGCAGGAGAATTGCTTGAGTCTGGGAGGCAGCGGTTGCAGTGAGCCAAGATCATGCTACTACACCCCAGCCTGAGTGACAGAGCAAGACTGTCTCAAAAAACAAACAAA","CTGAGGTGGGCGGATCACCTGAGGTCAGGAGTTCAAGACCAGCCTGGACAACATGGTGAAACCCCGCTCTACTAAAAATACAAAAATTAGCCAGGCGTGGTGGCAGGCGCCTGTAGTCCCAGCTACTCGGGAGGCAGAGGCAGGAGGATTGCTTGAGTCTGGGAGGCAGAGGTTGCGGTAAGCCAAGATCATGCCACTACACTCCAGCCTGGGTGACAGAGCAAGACTGTCTCAAAAAACAAACGACAACAACAAAAA"
"chr1","8532737","8533049","KN295667v1","2248625","2248933","43","6284112","GGCCGGGTGCGGTGGCTCGTGCCTGTAATCCCAGCACTTTGGGAGGCCGAGGTGGGCAGGTTACCCGAGGTCAGGAGTTCCAAAACAGCCTGGCCAATATGGAGAAGCCCCACCCCTAAAAATACAAAATTAGCCAAGCGTGGTAGTGGGTGCAGTAGTGGGCGCCTATAATCCCGGCTACTTAAGATGCTGAGGCAGAAAAATTGCTCAAACCCAGGAGATTGAGGCTGCAGAGAGCCGAGATCCCGCCAGTGTACTCCAGCCTGGGGGACGGAGCAAGACTCTCTCAGAGGAAAAAAAAAAAAAAAAAAAA","GGCCAGGGTGCGGTGGCTCGTGTCTGTAATCCCAGCACTTTGGGAGGCAGAGGTGGGTAGGTCACCTGAGGTCAGGAGTTCGAGACCAGCCTGTACAATATGGAGAAGACCTGTTCCTACTAAAAATACAAAATTAGCCGAGCATGGCAGTGGGTGCAGTAGTGGGCGCCTATAATCCCGGCTACTCAAGAAGCTGAGGCAGAAGAATTGCTTAAACCCGGGAGACAGAGGTTGCAGTGAGCCGAGATCCCACCAGTGTACTCCAGCCTGGGGGACAGAGAGAGACTATCTCAGAGAAAAAAAAAAAAA"
"chr1","8564111","8564418","KN295667v1","2213701","2213993","38","6350410","GGCCAGGTGTGGTGGCTTACACCTGTAATTCCAGCACTTTGGGAGGTCGAGGTGGGCAGATCACAAGAGGTCAGGAGTTCAAGACCAGCCTGGCCAACATAGTGAAACCTTGTCTCTACTAAAAATACAAAGATTAGCTGTGCATGGTGGTGGGCGTCTGTAATGCCAGCTACTTCGGAGGCTGAGGCAGGAGAATCGTTTGAACCTGGGAAGCAGAGGTTGCAGTGAGCCAAGATGGCGCCACTACAAGGATGGGCGACAGAGCAAGACCTCGTCTCCAAACAAAAAAAAACAAAAAAACAAAAAAA","GGCCAGGTGTGGTGGCTTACGCCTGTAATCCCAGCACTTTGGGAGGCCGAGGTGGGCAGATCACAAGAGGTCAGGAGTTCAAGACCAGCCTGGCCAACAAAGTGAAACCCTGTCTCTATTAAAAATACAAAGATCAGCTGGGCATGGTGGCAGGCGTTTGTAATGCCAGCTACTTGGGAGGCTGAGGCAGGAGAATTGTTTGAACCCGGGAAGCAGAGGTTGCAGTGAGCCAAGATGGTGCCACAACAAGCATGAGTGACAAGAGCAAGACTTAATCTCAAAAAAAAAAAAAA"
"chr1","8568093","8568390","KN295667v1","2211447","2211746","28","6356646","GGCCAGGCACGGTGGCTCACGCCTGTATTCCCAGCACTTTGGGAGGCCAAGGTGGGCAGATCACCTGAGGTCAGGAGTTCAAGACCAGCCTGGCCAACATGGCAAAACCCCGTCTCTACTAAAAATACAAAAAATTAGCCGAGTGTGGTGGCTGGTGCCTGTAGTCCTAGGTACTAGGGAGACTGAGGCAGGAGAATCGCTTTAACCTGGGAGGCAGAGGTTGCAGTGAGCCAAGATTGTGCCACTGCACTCCAGCCTGGGTGACAGAGCGAGACTCCGTCTCAAAAAAAACAAAAAA","GGCAGGACACGGTGGCTCACGCCTGTAATCCCAGCACTTTGGGAGGCCGAGGTGGGCAGATCACCTGAGGTCAGGAGTTCGAGACCAACCTGGCCAACGTGGTAAAGCCCCGTCTCTACTAAAACTACAAAAAATTAGCCAAGTGTGGTGGCTGGTGCCTGTAGTCCCAGCTACTAGGGAGGCTGAGGCAGGAGAATCGCTTTAACCTGGGAGGTGACGGAGGTTGCAGTGAGCCGAGATTGCGCCACTGCACTCCCACCTGAGTGTCGGAGCGAGACTCCATCTCAAAAAAAGAAAAAA"
"chr1","8595685","8595977","KN297233v1","523000","523293","42","8072685","GCCGGGTGCAGTGGCTCATGCCTTTAATCCCAGCACTTGGGAGGCCGAGATGGGCGGATCACCTGACGTCAGGAGTTTGAAACCAGCCTGGCCAACATGGCGAAACCCGGTCTCTACCAAAAATACAAAAAAGCCGGGTGCGGTGGCGGGCGCCTGTAGTCCCAGCTGCTCAGGAAGCTGAGGCAGGAGAATGGCTTGAACCTGGGAGGCAGAGGTTGCAGTGAGCCGAGTTTGCGCCATTGCACTCCAGCCTGGATGACAGAGCAGGACTCCGTCCGGGAAAGAAAAAAAAA","GGCCGAGTGCGGTGGCTCATACCTGTAATCCCAGCACTTTGGGAGGTCGAGGTTGGCGGATCACTTGAGGTCAGGAGTTTGAGACCAGCCTGGCCAACATGGTGAAACCCCGTCTCTACTAAAAATACAAAAATTAGCTGGGCATGGTGGCGGGCACCTGTAATCCCAGCTACTCAGGAGGCTGAGGCAGGAGAATTGCTTGAACCTGGGAGACAGAGGTTGCAGTGAGCCGAAATCGCGCCATTGCACTCCAGCCTGGGCGACACAGCAAGACTCTGTCTCAAAACAAACAAA"
"chr1","8606680","8606985","KN295667v1","2171725","2172028","31","6434955","GGCTGGGCACAGTGGCTCATGCCTGTAATCCCAGCACTTCAGGAAGCCAAGGCAGGCAGATCACTTGAGGTCAGGAGTTCAAGACCAGCCTGGCCAACATGGTGAAACCCCATCTCTACTAAAAATACAAACATCAGCTGGGTGTGGTGGCAGGCACCTGTAATCCCAGCTACTTGGGAGGATGAGGCAGGAGAATCACTTCAACTGGGGAGGCAGAGGTTGCAGTGAGCTGAGATGGTGCCACTACACTCCAGCCTGGGCAACTGAGCAGGACTCTGTCCCAAAAAACAAAGAAACAAACAAAAA","GGCCAGGCACAATGGCTCACGCCTATAATCCAAGCACTTAGGGAGGCCAAGGCAGGCAGATCACTTGACGTCAGGAGTTCAAGACCAGCCTGGCCAACACGGTGAAACCACATCTATAATAAAAATACAAAAATTAGCTGGGTGTGGTGGTGGGCACCTGTAACCCCAGCTACTTGGGAGGATGAAGCAAGAGAATCACTCAAACTGGAGAGGCGGAGGTTGCAGTGAGCCGAGATGGTGCCACTACACTCCAGCCTGGGCAACTGAGCAAGACTGTCTCAAAAAACAAACAAACAAACAAAAA"
"chr1","8625717","8626023","KN296153v1","1336190","1336496","42","7289527","GGCTGGGTGTGGTGGCTTACACCTATAATCCCAGCGCTTTGGGAGGCCGAGGTGGGTGGATCACTTGAAGTCAGGAGTTCAAGGCCAACCTGGCCAACATGGCGACACCTTGTGTCTACTAAAAATACAAAAATTAGCCAGGCGTGGTGGCGGGTGCCTGTAATCTCAGTTACTTAGGAAGTTGAGGCAGGAGAATCGCTTGAACTCAGGAGGAAGAGGTTCCAGTGAGCCGAGATCACACCACTGCACTCAAGCCTGGGCAACAGAGCCAGACTCCTTTTCAAAAAAAAAAAAAAAAAAAAAAAAA","GGCCAGGCACGGTGGCTCACACCTGTAATCCCATCACTTTGGGAGGCTGAGGTGGGCAGATCACCTGAGGTCAGGAGTTTTAGACCAGCCTGGCCAACATGGCGAAACCCAGTCTCTACTAAAAATACAAAAATTAGCCGGGCATGGTGGCAGGTGCCTGTAATCCTAGATACTCAGGAAGCTGAGGCAGGAGAATCGCTTGAACTCAGGAGGCAGAGGTTGCAGTGAGCCAAGATTGCACCACTGCACTCCAGCCTGGGTGACAGAGCAAGACTCCATCTCAAAAAAAAAAAAAAAAAAAAAAAGA"
"chr1","8677643","8677950","KN295667v1","2099722","2100023","37","6577921","GGCCAGGGGCGGTGGCTCATGCCTGTCATCCCAGCACTTTGGGAGGCTGAAGCAGGCGGATCACCTGAGGTCAGGTGTTCGAAGCCATCCTGGCCAACATGGCGAAACCCTGTCTCTACTAAAAATACAAAAATTAGCTGGGTGCGGTGATGGGCGCCTGTAATCCCACCTACTCGGGAGGCTGAGGCAGGAGAATCGTTTGAACCCAGGAAGCGGAGGTTGCAATGAGCCAAGATTGTGCCATGGCACTCCAGCCTGGGAGACAAAGCGAGACTCCGTCTCAAAATAAAAAACAAAGAAACAAAAAA","GGCCGGGGCGGTGGCTCATGCCTGTCATCCCAGCACTTTGGGAGGCCGAGGCGGGCAGACCACCTGAGGTCAGGAGTTCGAAGCCAGCCTGGCCAACATGGCAAAACCCTGTCTCTACTAAAAATACAAAAATTAGCCGGGTGCGGTGGTGGGCGCCTGTTATCCCAGCTACTTGGGAGGCTGAGGCAGGAAATTCGTTTGAACCCAGGAAGTGGAGGTTGCAATGAGCCAAGATGGCGCCAGCCTGGGAGACAGAGTGAGACTTCGTCTCAAAACAAAAATCAAACGACAACCAAAAAAAA"
"chr1","8709822","8710123","KN295667v1","2066689","2066998","44","6643133","GGCCGAATACGGTGGCTCATGCCTGTAATCCCAGCACTTTGGGAGGCCTAGACGGGCAGATCACTTGAGATCAGGAGTTAGAGACCAGCCTGTCCATTATAGTGAAACCCTGTCTCTACTAAAAATACAAAAATATTAGCCAGATGTGGTGGTAGGCGCCTCTAGTTGCAGCTACTCGGGAGTCTGGGGCGGAAGAATCGCTTGAACTGGGAGGCAGAAGTTGCAGTGAGCCGAGATCACACCACTGCACTCCAGCCTGGGTGACACAGTGAGACTCCATCTCAAAAAAAAAAAAAAAAAAA","GGCCGAGTACGGTGGCTCACGCATGTAATCCCATGGGTTATCTCCCACTTTGGGAGGCCTAAGCGGACAGATCACTTGAGGTCAGGAGTTAGAGACCAGCGCCAATATAGTGAAACCTTGTCTCTACTAAAAATACAAAAATATTAGCCAGGTGTGGTGGCGGGCGCCTCTAGTCCCAGCTACGTGGGAGTCTGGGACAGGAGAATCGCTCGAACTGGGGAGCAGTAGTTGCAGTGAGCTGAGATCACACCACTGCACTCCAGCGTGGGTGACAGAGTGAGACTCCATCTCAAACAAATAAACAAACAAA"
"chr1","8712957","8713259","KN295667v1","2063218","2063519","30","6649739","GGCCGGGCATGGTAGCTCATGCCTGTAATCCCAGCATTTTGGGAGGCCCAGGGGAGCGGATCACCTGAGGTCAGCAGTTTGAGATCTGCCTGAACAACATGGTGAAGCTCCATTTCTACTAAAAAAAAAAAAAAAAAAAAAAAAAAGCCAGGCATGGTAGTGAGCGCCTGTAATCCCAGCTACTTGGGAGGCTGAGGCAGAGAATCACTTGAACCTGGGAGGTGGAGGTTGCAGCGAGCTGAGATCACGCCACTGCACTCCAGTCTGGGTAACAGGGTAAGACTCCAACTCAAAAAAACAAAA","GGCGGGGCATGGTAGCTCAGGCCTGTAATCCCAGCATTTTGGGAGGCCCAAGGGGGCGGATCACCTGAGGTCAGGAGTTTGAGATCTGCCTGAGCAACATGGTGAAGCTCCATCTCTACTTAAAAAAAAAAAAAAAAATTAGCCAGGCATGGTGGTGAGTGCCTGTAATCCCAGCTACTTGGGAGGCTGAGCTCAGCAGAGAATTGCTTGAACCTTGGAGGCAGAGGTTGCAGTGAGCTGAGATCATGCCACTGCACTCCAGTCTGGGTAACAGGGTGAGACTCCATCTCAAAAAAACAAAA"
"chr1","8714117","8714401","KN297190v1","1120539","1120821","32","7593578","GGCTGGGCGCGGTGGCTCACACCTGTAATCCCAGCACTTTGGGAGGCCGAGGTGAGTGGATCACCTGAGGTCAGGAGTTCAAGACCAGCCTGGCCAACACGGTGAAACCCCATCTCTACTAAAAATACAAAAAAAAAATTAGCTGGGCGTGGTGGCAGGAGCCTGTAGTCCCAGCTACTCGGGAAGCTGAGGTAGGAGAATCGCTTGAACCCAGGAGGCAGAGGTTGCAGTGAGCCGAGATCGCACCACTGCACTCCAGCCTGGGCGACAGAGTGAGACTCTGTC","GGCCGGGCACGGTGGCTCACGCCTGTAATCCCAGCACTTTGGGAGGCCGAGGTGGGTGGATTGCCTGAGGTCAGGAGTTCGAGACCAGCCTGGCTAACATGGTGAAACCCCCATCTCTACTAAAAGTACAAAAATTAGCTGGGTGTGGTGGTTGGTGCCTGTAATCCCAGCTACTTGAGAGGCTGAGGCAGGAGAATCACTTGAACCCAGGAGGTAGAGGTGGCAGTGAGCCGAGATCGCACCACTGCACTCCAGCCTGGGCAACAGAGTGAGACTCCATCTC"
"chr1","8714818","8715121","KN295667v1","2061006","2061309","26","6653812","GCCAGGCACAGTGGCTCATGCCAGTAATCCCAGCACTTTGGGAGGCTGAGGTGAGTGGATTACCTGAGGTCAGGAGGTCGAGACCAGCCTGGCCAACACGGTGAAACCCCATCTCTACTAAAAATACAAAAATTAGCAGGGCGTGGTGGCGGGCGCCTGTAGTCCCAGCTACTCAGGAGGCTGAGGCAGGAGTATAGCTTGAACCCAGGAGGCAGAGATTATAGAGAGCTGAGATTGCGCCACTGCACTCCAGCCTCGGCAACAGAGCAAGACTCCATCTCAAAAATAAAAAATAAAATAAAAA","GGCCAGGCACAGCGGCTCATGCCAATAATCCCAGCACTTTGAAAGGCTGAGGTGAGTGGATCACCCAAGGTCAAGAGTTCGAGACCAGACTGGCCAACATGGTGAAACCCAATCTCTACTAAAAATACAAAAATTAGCAGGGCGTGGTGGCAGGCGCCTGTAGTTCCAGCTACTCAGAAAGCTGAGGCAGGAGAATAGCTTGAACCCAGGAGGCAGAAGTTATAGTGGGCTGAGATTGCGCCACTGCACTCCAGCCTGGGAAACAGAGCAAGACTCCGTCTCAAAAATAAAAAATAAAATAAAA"
"chr1","8740609","8740900","KN294592v1","884515","884808","43","7856094","GCCAGGCACGGTGGCTCACGTCTGTAATCCCGGCATTTTGGGAGGCTGAGGCAGGCAGATCCCCTGAGGTCAGGAGTTTGAGAATGGCCTGGCCAACATGGTGAAACCCTCTCTCTATTAAAAATAGAAAAAAATTAGCTGGGTGTGGTAGTGGGCACCTTCAGTCTCAGCTACTCGGGAGGCTGAGGCAGGAGAATTGCTTGAACCTAGGAGACGGAGGTTGCAGTGAGCCGAGGTTGGGCCACTGCACTCCAGCCTGGGCAACAGAGCGAGACTCCTTTCTAAAAAAAAA","GCCAGGCACGGTGGCTCACGCCTGTAATCCCAGCATTTCGGGAGGCAGAGGCAGGTGGATCACCTGAGGTCATGAGTTCCAGACCAGCCTGGCCAACATGGTGAAACCCCATCTCTACTAAAAATACAAAAAAAAATAGCCAGCTGTGGTGGCGGGCACCTGTAATCCCAGCTACTCGGGAGGCTGAGGCAGGAGAATTGCTTGAACCCGGGAGGCAGAGATTGCAGTGAGCCAAGATCGCGCCATTGCACTCCAGCCTGGGCGACAGAGCAAGACTCTTGTCTCAAAAAAAAA"
"chr1","8745387","8745680","KN295667v1","2031000","2031296","27","6714387","GGCCGGATGCGGTGGCTCACGCCTGTAATCCCAGCACTTTGGGAGGCCAAGGTGGGCGGATCTCTTGAGGTCAGGAGTTTGAGACCAACCTGACCAACATAGTAAAACCCCGTTTCTACTTAAAATACAAAAATTATCCGGGCATGGTGGCGGGCGCCTGTAGTCCCAGCTACTCAGGAGGCTGAGGCAGGAGAATTGCTTGAACCCGGGAGGCAGAGGTTGCAGTGAGCCGACATCGTGCCACTGCACTCCAGCCTGAGCAACAGAGTGAAATTTTGTCTCAAAAAACAAAAA","GGCCGGATGCGGTGGCTCACACCTGTAATCCCAGCACTTTGGGAGGCTGAGGCGGGCGGATCACTTGAGGTCAGGAGTTTGAGACCAACCTGGCCAACATGGTAAAACCCTGTTTCTACTTAAAATACAAAAATTATCTAGGCATCATGGCAGGCATCTGTAGTCCCAGCTACTTAGGAGGCTGAGGCAGGAGAATCGCCTGAACCTGGGAGGCAGAGATTGCAGTGAGCCGAGAGCATGCCACTGCACTCCAGCCTGAGCAACAGAGTGAAATTTTGTCTCCAAAAAAAAAAAAAA"
"chr1","8754084","8754389","KN297219v1","1595509","1595815","48","7158575","GGCTGGGCATGGTGGCTCATGCCTATAATCCCAGCACTGAGGCAGGCCGGATCACCTGAGGTCAGGAGTTCCAGACCAGCCTGGCCAACAGGGTGAAACCCCATCTCTACTAAAAGACACAAAAATTAGCCATGCATGGTGGTGGGTGCCTGTAATCCCAGCTACTCTACTCGGGAGGCTGATGCAGGAGAATTGCTTGAACCCAGGAGGTGGAGGTTGCAGTCAGCCGAAATCGTGCCACTGCACTCCAGTCTAGGCAAAAAGGTGAGACTCCGTCTCAAAAATTAAAATAAAATAAAATAAAAT","GGCTGGGCATGGTGGCTCATGCCTGTAATCCCAGCACTTTGGGAGGGAGGCAGGTAGATCACCTGAGGTCAGGAGTTCAAGACCAGCCTAGTCAACATGGTGAAACCCCATCTATACAAAAATACAAAAATTAGCTAGGCATGGTGGCAGGTGCCTGTAATCCCAGCTAATCAGGAGGCTGAAGCAGGAGAATCACTTGAACCCAGGAGGCGGAGGTTGCAGTGAGCTGAAATCGTGCCATTGCACTCCTGCCTGGGCAACAGACCAAGACTCCATCTCAAAAAATTAAAAAAAAATAAAATAAAAA"
"chr1","8795333","8795644","KN295667v1","1988205","1988513","29","6807128","GGCGGGACATGGTGGTTCACACCTGTAATCCCAGCACTTTGAAAGGCCACGGCAGGTGGATCACCTGAGATCAGGAGTTCAAGACTAGCCTAGCCAACATGGTGAAACCCCATCTCAACTAAAAATACAAAATAATTAGTTGGGCGTGGTGGCGGGCACCTGTAGTCCCAGCAGCTACTCAGGAGGCTGAGGCAGAAGAATCACTTGAACCCGGAAGGTAGAGGTTGCAGTAAGCTGAGATTGGCCACTGCACTCCAGCCTGGGCAACAGGCTGGGCAAGACTCGGTCTCAAAAAAAGAAAAGAAAAAGAAA","GGCTGAACATGGTGACTCACACCTATAATCCCAGCACTTTTGAGAGGCCAAGACAGGTGGATCACCTGAGATCAGGAGTTCAACACCAGCCTAGCCAACATGGTGAAACCCCATTTCAACCAAAACTACAAAATAATTAGCTGGGCATGGTGGTGGGCGCCTGTAGTCCCAGCAGCTACTCAGGAGGCTGAGGCAGAAGATTCACTTGAACCCGAAAGGTAGAGATTACAGTGAGCTGAGATTGGCCACTGCACTCCAGCCTGGGCGACAGAGCAAGACTCGGTCTCAAAAAAAGAAAAGAAAAAGAAA"
"chr1","8802159","8802455","KN295315v1","718261","718558","39","8083898","GGCTGGGCAAGGTGGCTCACACCTATAATCCCAGCACTTTGGGAGGCAAGGTGGGTGGATCACCTGAGGTCCAGGAGGTCGAGACCAGCCTTACCAACAAGGTGAAACCCCATTTCTACTAAAAATACAAAAATTAGCCGGGCATGGTGGCAGGTGCCTGTAGTCCTAGCTACTCAGGAGGCTGAGACAGCAGAATTGCTTGAACCCGGGAGGCGGAGGTTGCAATGAGCCGAGATCACGCCACTGCACTCCAGTCCGGGCGACAAAGCAAGACTGTCTCCAAAAAAAAAGAAAGAA","GCCAGGTGCAGTGGCTCACGCCTATAATCCCAGCACTTTGAGAGGCCAAGGTGGGTGAATCACCTTAGGTCAGGAGTTCGAGACCAGCCTGACCAACATGGTGAAACCCCATCTGTACTAAAAATACAAAAATTAGTCGGGCATGGTGGCGGGTGCCTGTAATCCTAGCTATTCAGGAGGCTGAGGCAGGAGAATCGCTTGAACCCGGGAGGTGGAGATTGCAGTGAGCTCAGATCATGCCATTGTACTCCAGCCTGGGCAACAAAGCAAGACTGTCTCAAAAAAAAAAAAAAAAAAA"
"chr1","8805401","8805696","KN295667v1","1978096","1978391","24","6827305","GGCCAGGTGCGGTGGCTCACACCTGTAATCCCAGCACTTTGGGAGGCCGAGGTGGGCAGATCACTTGAGGTCAGGAATTCGAGACCAGCCTGGCCAAAATGGTGAAATCCTGTCTCTACTAAAAACACAAAAATTAGCTGGATGTGGTAGCAGGCACCTGTAGTCTCAGCTACTCAGGAGGCCGAGGCAGGAGAATCACTTGAACCCGGGAGGTGGAGGGTGAAGTGAGCCAAGATTGCGCCACTACACTCCAGCCTGGGAGACACAGTGAGACTCCATCTTAAAAAACAAACAAA","GGCCAGGTGCGGTGGCTACGCCTGTGATCCCAGCACTTTGGGAGGCTGAGGTGGGCAGATCACTTGAGTTCAGGAATTCAAGACCAGCCTGGCCAACATGGTGAAACCCTGTCTCTACCAAAAATACAAAAATTAGCTGGGTATGGTGGCAGGCACTTGCAGTCTCAGCTACTCAGGAGGCTGAGGCAGGAGAATCACTTGAACCCGGGAGGCGGAGGTTGAAGTGAGCCAAGATTGCGCCACTGCACTCCAGCCTAGGCGACACAGTAAGACTCGATCTTCAAAAAACAAACAAA"
"chr1","8810319","8810624","KN295667v1","1972428","1972733","31","6837891","GGCCAGGCACAGTGGCTCACACCTGTAATCCCAGCACTTTGGGGGAGGCCAAGGCAGGCGGATCACCTGAGGTCAGGAGTTCCAGACCACCCTGGCCAACATGGTGAAACCTCATCTCTACTAAAATTACAAAAATTAGCCAGGCGTGGTGGTGGGTGCCTGTAATCCCAGCTACTTGGGAGGCTGAGGCAGGAGAATGGCTTGAATACTGGTAGCAGAGGTTGCAGTGAGCCGAGATCATGACCCTGCACTTCAGCCAGGGCAACAGAGGAAGACTCTGCCTCAAAAAAAAAAAAAAAAAAAAAA","GGCCAGGCGCAGTGGCTCACGCCTGTAATCCCAGCACTCTGGGAGGCCGAGGCGGGTGGATCACCTGAAGTCAGGAGTTCCAGACCATCCTGGCTAACACGGTGAAACCTCGTCTCTACTAAAAATACAAAAATTAGCCAGGCATGGTGGTGGGTGCCTGTAATCCCAGCTACTCGGAAGGCTGAGGCAGGAGAATGGCTTGAATACTGGAGGCAGAGATTGCAGTGAGCCGAGATCATGCCACTGCATTCCATCCTGGGCAACAGAGGAAGACTCTGCTTCAAAAAACAAAACAAAACCAAAAAA"
"chr1","8815747","8816056","KN295667v1","1966915","1967223","22","6848832","GGCCGGGTGCAGTGGCTCACGCTTGTAATCCCAGAACTTTGGGAGGCCGAGGTGGGCGGATCACTTGAGGTCAGGAGTTCGAGACCAGCCTGGCCAACACGGTAAAACCCCGTTTCTACTACAAATACAAAAATTAGCTGGGCATGGTGGCGGGCGCCTGTAATCTCAGCTACTTTGGAGGCCGAGGCAGGAGAATTGCTAGAACCCAGGAGGCAGAGGTTGCAGTGAGCTGAGATCGCGCCACTGCACTCCAGCCTGGGAGACAGAATGAGACTCCATCTCCAAAAAAAAAAAAAAAAAAAGAAAGAAA","GGCCGGGTACAGTGGCTCACGCTTGTAATCCCAGCACTTTGGGAGGCCGAGGTGGGTAGATCACTTGAGGTCAGGAGTTTGAGACCAGCCTGGCCAACATGGTGAAACCCCATTTCTACTACAAATACAAAAATTAGCTGGGCATGGTGGCAGGCGCCTGTAATCTCAGCTACTTGAGAGGCTGAGGCAGGAGAATCGCTAGAACCCGGGAGGCAGAGGTTGCAGTGAGCTGAGATCACGCCACGGCACTCTAGCCTGGGAGACAGAATGAGACTCCGTCTCAAAAAAAAGAAAAAAGAAAAGAAAGAA"
"chr1","8820964","8821279","KN295667v1","1961678","1961981","38","6859286","GGCCGGATGCAGTGGCTCACGCCTGTAATCCTAGCACTTTGGGAGGCTGAGACAGGTGGATCACCTGAGATCAGGAGTTAGAGACAAGCCTGGCCAACAAGGCGAAACCTGGTCTCTATTAAAAATAGAAAAAAATTAGCCAGGCATGGTGGCGAGCACCTGTAATCCCAGCTACCTGGGAGGCTGAGGCAAGAGAATTGCTTGAACCTGGCTGGGGAACAGAGGTTGCAGTGAGCCAAGATCCTGCCCCTGCACAACAGCCTGAGTGACAGAGCAAGACTCCGTCTCAAAAAAAAATAAAAATAAAAATAAAAAA","GGCTGGGTGCAGTGGCTCACGCCTGTAATCCTAGCACTTTGGGAGGCTAAGGCAGGTGGATCACCTGAGGTCAGGAGTTAGAGACAAGCCTGGCCAAAAGGGCGAAACCCAGTCTCTACTAAAAACAGAAAAAAATTAGCCAAGCATGGTGGCGAGTGTCTGTAATCCCAGCTACCCAGGAGACTGAGGCAAGAGAACTGCTTGAACCCAGCTGGGGCACAGAGATTGCAGTGAGCCAAGATCCTGCCACTGCACAACAGCCTAAGTGACAGAGCAAGACTCTGTCTCAAAAAAAAAAAAAAAA"
"chr1","8822646","8822962","KN295667v1","1960002","1960321","23","6862644","GGCCAGGTGCGGTGGCTCACGCCTGTAATCTCAGCACTTTGGGAGGCCGAGGCGGGCAGATCACCTGAGGTCAGGAGTTCGAGACCAGTCTGGCCAACATGGTGAAACCTCATCTTTACTAAAAATACAAAAATTAGCTGGACGTGGTGGTGGGTTCCTGTAATCCCAACTACTTGGGAGGCTGAGGCAGGGAGAATTGCTTGAACTTGGGAGATGGAGGTTGTGGTGAGCGGAAATTGCCCCACTGCACTCCAGCCTGGGTGACAGAGCGAGACTCCATCTTAAAAAAAAGCAAAAAAACCAAAACCAAAACAAAA","GGCCAGGCACGGTGGCTCACGCCTGTAATCCCAGCACTTTGGGAGGCTGAGGTGGGCAGATCACCTGAGGTCAGGAGTTCGAGACCAGTCGTCTGGCCAACATGGTGAAACCTCATCTTTACTAAAAATACAAAAATTAGCTGGACGTGGTCTCAGATTCCTGTAATCCTAACTACTTGGGAGGCTGAGGCAGGGAGAATTGCTTGAACTCGGGAGGTGGAGGTTGCAGTGAGCCCAAATTGTGCCACTGCACTCCAGCCTGGGCGACAGAGCGAGACTCCATCTTAAAAAAAAGCAAAAAAACCAAAACCAAAACAAAA"
"chr1","8827862","8828030","KN296153v1","2506068","2506242","30","6321794","TAGCTGGGCATGGTGGCGGGCATCTGTAATCCTAGCTACTCGGGATCCGGGACAATCGCTTGAACCTGGGAGGCTGAGGTTGCAGTGAGCCGAAATCACGCCACTGCACTCCAGCCTGGGTAACAGAGCAAGACTCTGTCTCAAAAAAAAAAAAAAAAAAAAAAAAAAA","TTAGCTGAGCATGGTGGCAGGTGCCTCTAACCCCAGCTACTTGAGACGCTGAGGCAGAATTGCTTGAACCCAGGAGGCAGAGGTTGCAGTGAGCCTAGATGGCGCCACCGCACTCCAGCCTGGGTGACAGAGCAAGACTCTGTCTCAAAAAAAAAAAAAAAAAAAAAGAGAGAAA"
"chr1","8829105","8829382","KN295667v1","1951726","1952003","22","6877379","GGCCAGGCACAGTGGCTCACACCTATAATCCCCCAGCACTTTGGGAGGCAGAGGTGGGCGGATCACCGGAGGTCAGGAGTTCAAGACCTGCCTGGACAACATGGCAAAACCCCATCTCTACTAAAAATACAAAATTTAGCCAGGTGTGGTGGTGATCGCCTGTAACCCCAGCTCCTTGGGAGGCTGAGACAGCAGAATTGCTTCAGCCCAGGAGGCGGAGGTTGCAGTGAGCTGAGATCGTCCAGCTTGGTGACAGAGGGAGACTCCATCTCAAAAAA","GGCCAGGCACAGTGGCTCATACATATAATCCCCCAGCACTTTGGGAGGCAGAGATGTGCGGATCACCAGAGGTCAGGAGATCAAGACCAGCCTGGCCAACATGGCAAAGCCCCGTCTCTACTAAAAATACAAAATTTAGCCAGGCATGGTGGTGATCGCCTGTAATCCCAGCTACTTGGGAGGCTGAGACAGGAGAATGGCTTGAACCCGGGAGGCAGAGGTTGCAGTGAGCTGAGATCATCCAGCCTGGTGACAGAGGGAGACTCCATCTCAAAAAA"
"chr1","8833847","8834136","KN295667v1","1946774","1947053","43","6887073","GGCCAGGCGCGGTGGCTCACGCCTGTAATCCCAGCACTTTGGGAGGCCAAGGCGGATGGGTGACCTGAGGTCAGGAATTCAAGACCAGCCTGGCAAACATGGTGAAACTTTGTCTCTACAAAAATACATTAGCTGGGCACGATGGCGGGTACCTGTAATCCCAGTACTCGGAAGGCTGAGGTGGAAGAATCGCTTGAACCCGGGAGGTGGAGATTGCAGTGAACAGAGATCGTGCCATTGCACTCCAGCCTGGGGAACAGAGTGAGACTCTGTCTCAAAAAAAAAAAAAA","GGCTCATGCCTGTAATCCCAGCACTTTGGGAGGCCGAGACAGGCAGGTCACCTGAGGTCAGGAATTCAAGACCAACCTGACCAACATGGTGAAACCCCGTCTCTACAAAAATAAATTAGCTGGGCATGATGGCGGATACCTATAATCCCAGCTACTCAGGAGGCTGAGGTGGAAGAATCGCTTGAACCCGGGAGGCGGATGTTGCAGTGAGCAGAGATTGTGCCACTGCACTCCAGCCTGGGGAACAGAGTGAGACTCCGTCTCCAAAAAAAAAAAAAAA"
"chr1","8845100","8845409","KN295667v1","1934020","1934331","25","6911080","GGCCGGGTGGGGTGACTCACACCTGTAATCCGAGCACTTTGGGAAGCCGAGGCGGGCGGATCACCAGAGGTCGGGAGTTCGAAACCAGCCTGACCAACATGACGAAAACTCACCTCTACTAAAAATACAAAAATTAGCCAGGCATGGTGGCAGGCGCCTGTAATTTCAGCTACTCGGGAGGCTGAGGCAGGAGAATCACTTGAGCCCAGGAAGCGGAGGTTGCAGTGAGCTGAGATCAAGCCACTGCACTCCAGCCTGGGCTACAGAGTAAGACTCTGTCTCAAAAAAAAAATAATAATAAATAATAAAA","GGCCGGGCAGGGTGACTCACACCTGTAATCCCAGCACTTTGGGAAGCCGAGGCGGGTGGATCACCTGAGATCGGGAGTTCAAAACCAGCCTGGCCAACATGGCAAAAACCCACCTCTACTAAAAATACAAAAATTAGCCGGGCATGGTGGCAGGCGCCTGTAATTTCAGCTACTCGGGAGGCTGAGGCAAGAGAATCACTTGAGCCTAGGAGGCAGAGATTGCAGTGAGCTGAGATCGAGCCACTGCACTCCAGCCTGGGCAACAGAGTAAGACTCTGTCTCAAAAAAAAGTAATAAATAATAAAATAAAAA"
"chr1","8847633","8847937","KN295667v1","1931519","1931820","29","6916114","GGCTGGGCACAGTGGCTCACGCCTGTAATCCCAGCACTTTGGGAGGCCAAGGCGGGTGGATCACCTGAGGTCAGGAGTTCGAGACCAGCCTGGCCAACATGGTGAAACCCCATCTCTACAAAAATTGAAAAATTAGCCGGGCATGGTGGTGGGCACCTGTAATCCCAGCTGTTCAGGAGCCTAAGGCAGGAGAATCGCTCGAACCCCGGAAGCAGAGGCTGCAGTGAGCTGAGATCATGCCACTGCACTCCATCCTGGGCCACAAAGCGAGACTCCATCTCAAAAAATAAATAAAATAAAATAAA","GGCTGGGCACAGTGGCTCAACACCTGTAATCCCAGCACTTTGGGAGGCCAAGGCGGGTGGATCACCTGAGGTCAGGAGTTCGAGACCAGCCTGGCCAACATGGTGAAACCCCTTCGCTACAAAAATACAAAAAAGTAGCTGGGCATGGTGGTGGGCACCTGTAATCCTACCTGCTCAGGAGCCTAAGGCAGGAGAATCGCTTGAACCTGGGAGGCAGAGGTTGCAGTGAGCTGAGACTGCACCACTGCACTCCAGCCAGGGCCACAAAGCAAGACTCCATCTCAAAAAATAAATAAAATAAA"
"chr1","8852971","8853270","KN294917v1","401690","401984","36","8451281","GCCGGGCACAGTGGCTTATGCCTGTAATCCCAGCACTTTGGCAGGCCGAGGTGGGTGGATCACCTGAGGTCAGGAGTTTGAGACCAGTCTGGCCAACGTGACGAAACCCCATCTCTACTAAAAATTCAAAAAACTAGCCAGGCATGGTGATGGGTACCTGTAACCCCAGCTACTTGGGAGGCTGAGGCAGGAGAATTGTTTGAACCTGGGAGGCAGAGGTTGCAGTGAGCCGAGACAAGATCGCACCATTGCACTCCAGCCTGGGTGACAGAGCGAGACTGTCTAAAAAAATAAAAAGAA","GCTGGGCGCAGTGGCTCATGCCTGTAATCCCAGCACTTTGGGAGGCTGAGGTGGGTGGATCACCTGAGGTCAGGAGTTTGAGACCAGCCTGGCCAACATGATGAAACTCCATCTCTACTAAAAATACAAAAATTAGCCAGGCGTGGTGGTGGGCACCTGTAATCCCAGCTACTCGGGAGGCTGAGGCAGGAGAATTGCTTGAACCCGGAAGGCAGAGGTTGCAGTGAGTGGAAATCACACCACTGCACTGCAGCCTGGGTGACAGAGCGAGACTCCATTTCAAAAAAAAAAAAAA"
"chr1","8861108","8861415","KN295667v1","1912634","1912943","30","6948474","GACCAGGTGCGGTGGCTCACACCTGTAATCCCAGCACTTTGGGAGGCCAAAGTGGGCAGATCACTTGAAGTCAGGAGTTTGAGACCAGCCTGGCCAACATGGTGAAACCCCATCTCTACTAAAAATACAAAAATTAGCAGGGCGTGGTGGCGGGTGCCTGTAGTCCCAGCTACTCAGGAGGCTGAGGCAGGACAATCACTCAAACATGGGAGGCAGAGGTTGCAGTGAGCCGAGAATGTGCCTTCACTCCAGCCTGGGCAACAGAGCAAGACTCTGTCTCAAAAAAAAAAAAAAAAGAAAGAAAGAAA","GACCAGGTGCTGTGGGTTCACACCTGTAATCCTAGCACTTTGGGAGGCCGAGGTGGGCAGATCACTTGAGGTCAGAATTTTGAGACCAGCCTGGCCAACATGGTGAAACCCCATCTCTACTAAAAATGCAAAAATTAGCTGGGCTTGGTGGCAGGTGCCTGTAGTCCCAGCTACTCAGGAGGCTGAGGCAGGACAATCACTTGAACCTGGGAGGCAGAGGCTGCAGTGAGCTGAGAACGTGCCACTGCACTCCAGCCTGGGCAACAGAGCAAGACTCTGCCAAAAAAGAAAAAGAGAGAGAGAGAGAAAA"
"chr1","8866996","8867265","KN294372v1","1056997","1057262","44","7809999","GTAATCCCAGCACTTTGGGAGGTCAAGGTAGGGGGGATCACTTGAGGCCAGGAGTTCAAGACCAGCCTGGCCAATATGGGGAAACTCTGTCTCTACTAAAAATACAAAACTTAGCCAGGCGTGGTGGCAGGTGCCTGTAATCCCAGCTACTCAGGAGGTGGAAGCAGGAAAATCACTTGAACCTGGAAGATGGAGGTTGAAGTGAGCTGAGACCACGTCACTGCATTCCAGCCTGGGTGACAGAGGGAAACTCTGTCTCAAAAAAAAAAA","TAATCCTAGCACTTTGGGAGGCCGAGGCGGAGGGATCACCTGAGGTCAGGAGTTCAAGACCAGCCTGGCCAACATGGTGAAACCCATCTCTACTAAAAATACAAAAATTAGCGGGGCGTGGTGGCGGGTGCCTATAATCCCAGCTACTTGGGAGGCTGGGACAGGAGAATCACTTGAACCTGGGCGGCGGAGGTTGCAGTGAGCTGAGATCGTGCCATTGCACTCTAGGCTGGGCAACAGAGGGAGACTCCGTTTCAAAAAAAAAA"
"chr1","8870771","8871070","KN295667v1","1902937","1903233","31","6967834","GGCTAGACACAGTGGCTCACGTCTATAATCCCAGCTCTTTGGGAGGCTGAGTCGGGCGGATCACTTGAGGTCAGGAGTTCAAGACCAGCCTGGCCAACATGGTGAAACCCCATCTCTACTAAAAATACAAAAAAATTAGCTGGGCATGGTGGCAGGCACCTGTGATTCCAGCTATTCAGGAGGCTGAGACATGAGAATCACTTGAACCCAGGAGGTGGAGGTTGCAGTGAACCGAGATGACACCACTGCACTCCAGCCTGGGCAAAAGAGTGAGACTTTGTCTGCAAAAAAAAAAAAAAA","GACTAGACACAGTGATTTACGCCTGTAATCCCAGCTCTTTGGGAGGCTGAGTCGGGCGGACCACTTGAGATCAGGAGTTCAAGACCAACCTGGCTGACATGGTAAAACCCTGTCTCTACTAAAAACACAAAAAAATTAGCTGGGCATGGTGGCAGGTGCCTGTGATCCCAGCTATTCAGGAGGCTGAGACACGAGAATCACTTCAACCCAGGAGGCGGAGGTTGCAGTGAACCCAGATCACACCACTGCACTCCAGCCTGGGTGAAAGAATGAGACTTTGTCTCCAAAAATAAAAAA"
"chr1","8872336","8872645","KN295667v1","1901392","1901695","36","6970944","GGCCGGGCGCGGTGGCTCACGCCTGTAATCCCAGCACTTTGGGAGGCCAAGGCGAGTGGATCACCTGAAGTCAGGAGTTCGAGACCAGCCTGGCCAACATGGTGAAACCCCGTCTCTACTAAAAATACAAAAATTAGCTGGGCATGATGGCAGGCACCTGTAATCCCAGCTACTCGGGAGGCTGAGGCAGGAGAGTCACCTGAATCCAGGATGTAAAGGTTGCAGTGTGCTGAGATCACGCCACTGCACTCCAGCCTGGGCGACAAAGCTAGACTCTGTCTCAACAACGACAACAAAAAAGAAATCAAAA","GACCGGGTGTGGTGGCTCATGCCTATAATCCCAGCACTTTGGGAGGCTAAGGCGAAGGAATCACCTGAGGTCAGGAGTTTGAGACCAGCCTGGGCAACATGGTGAAACCCCGTCTCTACTAAAAATACAAAAATTAGCTGGGTGTGGTGACAGGTGCCTGTAATCCCAGCTACTTGGGAGGCTGAGGCAGGAGAATCACTTGAATCCGGGATGTGGAGGTTGCAGTGTGCTGAGATCCTGCCACTGCACTCCAGCCTGGGCGACAAAGCTAGACTCCATCTCAACAAGAACAACAAAAAAGAAA"
"chr1","8874713","8875017","KN295667v1","1898542","1898841","28","6976171","GGCTGGGTGCGGTGGCTCATGCCTATAACCCCAGTACTTTGGGAGGCCAAGGTGGGCAGATCACCTGAGGTCAGGAGTTCTTGACCAGCCTAGACAACATGGTGAAAGCCCATCTCTACTAAAAATACAAAAAATTAGCTGGGCGTGGTGGTGGGTGCCTGTAATCCCAGCTACTCGGGAGGCTGAGGCAGGAGAATTGCTTGAGCCCAGGAGGTGGAGGTTGCAGTGAGCCGAGATCGTGCCACTGCGCTCCAGCCTGGGTGACAGAGTAAGAATCTGTCTCAAAAAAAAAAAAAAAAAAAAAA","GGCTGGGTGTGGTGGCTTATGTCTGTAATCCCAGCACTTTGGGAGGCCAACATGGGCAGATCACCTGAGGTCAGGGGTTCTTGACCAGCCTGGCCAACATGGTGAAAGCCTGTCTCTACTAAAAATACAAAAAATTAGCTGGGTGTGGTGGTGGGTGCCTGTAATCCCAGCTACTCAGAAGGCTGAGGCAGGAGAATTGCTTGAGCCTGGGAGGTGGAGGTTGCAGTGAGCCGAGATCGTGCCACTGCGCTCCAGCCTGGGTGACAGAGTGAGACTCTGTCTCACAAAAAAAAAGTAAAA"
"chr1","8885830","8886084","KN295667v1","1887188","1887446","37","6998642","CATTTTGGGGCCAGGCACAGTGGGAGGATCACCCGAGGTCAGCCGGACCAATATGGTGAAACCCCGTCTCTATTAAAAATACAAAACAATTAGCCAGGCATGGTGGTGGGCACCTGTAATCCCAGCTACTCGGGAGGCTCAGACAGGAGAATTGCTTGAATCTGGGAGGCAGAGGTTGCAGTGAGCCAAGATTGAGCCACTGCACTCCAGCCTGGGCGACAGAGTGAGATCCGTCTCAAAAAAATAAAAATAAAA","TTTGGGAGGCCAAGGTGGGAGGATCACCTGTGGTCAACCTGACCAATATGGTGAAACCCCGTCTCTACTAAAAATTCAAAAAAGATTAGCCAGGCATGGTGGTGGGCACCTGTAATCCCAGCTAGTTCGGAGGCTCAGACAGGAAACTGCTTGAACCTGGGATGCAGAGGTTGCAGTGAGCCAACAAGATTGCACACCTCTGCACTCCAGCCTGGGCGACACAGCGAGATCCGTCTCAAAAAAATAAAAATAAATAAAA"
"chr1","8910303","8910604","KN296311v1","854862","855163","46","8055441","GGCTGAGCATGGAGGCTCACACCTATAATTCCAGCACTTTGGGAGGCTGAGGTGGGCAGATCACCTGAGATCGGGAGTTCGAGAGCAGCCTTACCACCAACATGGTGAAACCCCGTCTCTACGAAAAAAATAAAAATTAGCCGGGCGCGGTGGCAGGTGCCTGTAATTCCAGCTACTCAGGAGGCTGAGGCAGGACCACTTGAACCCAGGTGGTGGAGTTTGCAATGAGCTGAGATCATGCCAGTGCACTCCAGCCTGGGTGACAGAGCGAGACTCTGTCTCAAAACAAACAAACAAAAAAA","GGCCGGGCGCGGTGGCTCACACCTGTAATCCCAGCACTTTGGGAGACTGAGGCGGGCAGATCACCTGAGGTCAGGAGTTCGAGACCAGCCTGGCCAACATGGTGAAACCCTGTCTGTACTAAAAATACAAAAATTAACCAGGCATGGTGGTGGGTGCCTGTAATTCCAGCTACTCAGGAGGCTGAGGCATGAGAATCACTTGAACCCGGGAGGTGGAGGTTGCAGTGAGCCAAGATCATGCCACTGCACTGCAGCCTGGGTGACTGAGTGAGACTCTGTCTCAAAAAAATAAAAAATAAAAA"
"chr1","8923152","8923452","KN295032v1","307103","307398","42","8616049","CAGGCTCAGTGGCTCATGCCTGTAATCCCAGCACTTTGGGAGGCCAAGGCAGGCAGATCACCTGGGGCCAGGAGTTTGAGACAAACCTGAGCAACATGGTGAAACCCCATCTCTACTAAAAATACAAAAATTAGCCAGGCGTGGTGGTGGGCACCTGTAGTAATCACAGCAGCTACTCGGGAGGCTGAGGCACAAAAATCACTGGAACCGGGGAGGCAGAGGTTGCAGTGAGCCAAGATAGCACCACTGCACTCCAGCCTGGGCAGCAGAGTGAGACTCTGTCTCAAAAAAAAAAGCAAAA","GGCCAGGCGCAGTGGTTCACGCCTGCAATCCCAGCACTTTGGAGGCCAAGGCAGGCGGATCACTTGAGGTCAGGAATTTGAGACCAGCCTGGCCAACATGGTGAAACCCCATCTCTACTAAAAATACAAAAATTAGCTAGGCATGGTGGTGGGCACCTGTAATCCTAGTTACTCAGGAGGCTGAGGCAGGAGAATCACTTGAACCCGGGAGGTAGAGTTTGCAGTGAGCCAAGATCGCACCACTGCATTCCAGCCTGGGCAACAGAGCAAGACTCTGTCTCAAAAAAAAAAAAAAA"
"chr1","8929037","8929348","KN295667v1","1841243","1841553","27","7087794","GGCCGGGCGCAGTGGCTCATGCCTGTAATACCAAGCACTTTAGGAGGCTGAGGTGGGTGGATCACTTGAGGTCAGGAGTTTGAGACCAGCCTGGCCAACATGGTGAAACGCTGTTTCTACTAAAAATACAAAAATTAGCTGGGGGTGGTGGCGGGTGCCTGTAATCCCAGCTACTCGAGAGGCTGAGGTGGGAGAATCACTTGAACCCAGGAGGTGAAGGTTGCAGTGAGCCTGGATCGTGGCACTGCACTCCAGCCTGGGCAACAGAACAAGACTCCGTCTCAAAAGAAGCAAGAAAGAAAAAGAAAGAAA","GGCCAGGCGTAATGGCTCACGCCTGCAATCCCAGCACTTTGGGAGGCCAAGGTAGGAGGATCACTTGAGGTTAGGAGTTTGAGACCAGCCTGGCCAACATGGCAAAACGCTGTTTCTACTAAAAATACAAAAATTAGCTGGGCGTGGTGATGGGTGCCTGTAATCCCAGCTACTCGAGAGGCTGAGGTGGGAGAATCACTTGAACCCAGGAGGTGAAGGTTGCAGTGAGCCTGGATCGTGGCACTGCACTCCAGCGTGGGCAACAGAACAAGACTCTATCTCAAAAGAAGAAACAAAAAAAGAAAAGAAAA"
"chr1","8929934","8930241","KN295667v1","1840349","1840660","25","7089585","GGCCGGGCACAGTGGCTCATGCCAGTAATCCTAGCACTTTGGGAGGCCGAGGCTCATGGATCACTTGAGGTCAGGAGTTTGAGACCAGCCTGGCCAACATGTTAAAACCCTGTCTCTACTAAAAATACAAAAATTAGCCAGGCCTGGTGGTTGGCATCTGTAATCCCAGCTACTCAGGAGGCTGAGACAGGAGAATCGCTTGAATCCAGGAGGTGGAAGTTGCAGTGAGCTGAGATCACGCCATTGCACTCCAGCCTGGGCAACAGAGCAAGACTCCATCTCAAAAAAAAAAAAAAAGAAATCAAAAA","GGCCAGGCATGGTGGCTCACGCTTGTATTCCCAGCACTTTGGGAGGCCGAGGCTCGTGGATCACTTGAGGTCAGGAGTTCGAGAACAGTCTGGCCAACATGTTGAAACCCTGTCTCTACTAAAAATACAAAAATTAGCCTGGCATGGTGGTGGGCACCTGTAATCCCGGCTACTCAGGAGGCTGAGACAGGAGAATCACTTGAACCCAGGAGATGGAAGTTGCAGTGAGCTGAGATCACGCCATTGCACTCCAGCCTGGGCAACAGAGCAAGACTCCATCTCAAAAAAAAAAAAAAAAAAAGAAATCAAAAA"
"chr1","8949937","8950249","KN295667v1","1815738","1816050","32","7134199","GGCCAGGTACGGTGGCTCATGCCTGTACTCCCAGCACTTTGGGAGGCCGAGGCAGGTGAATTACCTGAGGTCAGGAGTTCAAGGCCAGCCTGGCCAACATGGTGAAACCCCATCTCTACTAAACATACAAAAAATTCATCGGGCATGGTGGCGGGTGCCTATAATCCCAGCTACTTGGGAGGCTGAGGCAAGAGAATCACTTGAACTTGGGAGGTGGAGGTTGCAGTGAGCCAAGATCATGCCATTGCACTCCAGCCTGGGGGACAGAGGGAGACTCCATCTCAAAAAAATAAATAAATAAACATAAAATAAA","GGCAGAGCATGGTGGCTGTCACCTGTAATCCCACACTTTGGGAGGCCGAGGCAGGTTTATTACCTGAGGTCAGGAGTTCAAGACCAGCCTGGCCAACATGGTGAAACCCCGTCTCTACTAAAAATACAAAAAACTTTGCCACGCATGGTGGCGGGTGCCTATGATCCCAGCTACTTGGGAGGCTGAGGCAAGAGAATCGCTTGAACTTGGGAGGTGGAGGTTGCAGTGAACTGAGATCGTGTCATTGCACTCCAGCCTGAGGTACAGAGGGAGACTCCATCTCAAAAAAATAAATAAACAGACATAAAATAAA"
"chr1","8966947","8967248","KN295667v1","1801623","1801910","39","7165324","GGCCGGGCGCAATGGCTCGTGCCTGATATCCCAGCCCTTTGGGAGATGGGCAGATCACCTAAGGTCAGGAGTTCGAGACCAGCCTGGACAACATGGTGAAACCCTGTCTCTACTAAAAATACAAAAATTAGCCAGGCATGGTGGCAGGCACCTGTAATCCCAGGTACTCGGGAGGCTGAGGCAGGAGAATCACTTGAACCCGGGAGGCGGAGGTTGCAATGAGCCAACATCACACTACTGTACTCAAGCCTGGGCAACAGAGCAAGACTTTGTCTAAAAAAAAAAAAAAAGAAGAAGAAGAA","GGCCGGGCGTGCTGGCTCACGCCTGTAATCCCAGCACTTTGGGAGGTGGGCAGATCGCCTAAGGTCAGGAGTTCGAGACCAGCCTGGGCAACATGGTGGAACCCTGTCTCTACTAAAAATACAAAAATTAGCCAGGCATGGTGGTAGGCGCCTGTAATCCCAGCTACTCGGGAGGCTGAGGCAGAAGAATCACTTGAACCCGGGAGGCGGAGGTTGCAGTGAGCAGAGATCACGCTACTGTACTCAAGCCTGGCCAACAGAGTGAGACTCTGTCTAAAAAAAAAAAAA"
"chr1","8977242","8977551","KN295667v1","1788469","1788755","43","7188773","GCTGGGCGTGGTGGCTCACGCCTGTAATCCCAACACTTTGGGAGGCTGAGGCAGGTGGATCACTTGAGGTCAGGAGTTCAAGACCAGTGTAACCAATATGGTGAAACACCGTCTCTACTAAAAATACAAAAATTAGCCAGGCATGGTGGCGGGCACCTGTAGTTCCAGCTACTCGGGAGGCTGAGGTGATAGGATCCCTTGAAGCCAGGAGTTGGAGGCTGCAGTGAGTTGCTGCAGGGAGTCATCATGGTGCCACTGCACTCCAGCCTGAGCAACAGAGTGAGCATGAAAAAAAACAAAGAAAAGAAAA","GCTGGGTGCGGTGGCTCACGCCTGTAATCTCAACACTTTGGGAGGCTGAGGCAGGTGGATCACTTGAGGTCAGGAGTTCAAGACCAGCCTAACCAATATGGTGAAACCCCATCTCTACTAAAAATACAAAAATGAGCCAGGCGTGGTGGCGGGCACCTGTAGTCCCAGCTACTCAGGAGGCTGAGATGGGAGGATCCCTTGAAGCCAGGAGTTGGAGGCTGCAGTGAGTTGCTCCAGTGAGTCATGATCGTGCCACTGCACTCCAGCCTGAGCAGCAGAGTGAGCCT"
"chr1","8978199","8978503","KN295667v1","1787482","1787781","27","7190717","GGCCGGGCACTGTGGCTCACGCCTATAATCCCAGCACTTTGGGAGGCCAAGGCGGGTGGATCACCTGAAGTCAAGAGTTCGAGACCAGCCTGGCCAAAATGGTGAAACCCCGTCTCTACTAAAAATACAAAACTTAGTAGGGCATGGTGGCAGGTGCCTGTAATCCCATTTACTCGGGAGACTAAGGCAGGAGAATTGCTTGAACCCAGAAGGCGGAGGTTGCAGTGAGCTGAGATCGCGCCACTGCACTCCAGCCGGGGCAACAGAGCGAGACTCTGTCTCAAAATAAATAAATAAAAAGAAAA","GGCACTGTGGCTCACGCCTATAATCCCAGCACTTTGGGAGGCCAAGGCGGGTGGATCATCTGAGGTCAGGAGTTCGAGACCAGCCTAACCAACATGGTGAAACTCTATCTCCACTAAAAATACAAAACTTAGTCGGGCATGGTGGTGGGTATCTGTAATCCCATTTACTCGAGGGACTGAGGCAAGAGAATTGCTTGAACCCAGAAGGTGGAGGTTGCAGTGAGCTGAGATCGCACCACTGCACTCCAGCCGGGGCAACAGAGCGAGACTCTGTCTCAAAATAAATAAATAAAAAGGAAA"
"chr1","8983596","8983898","KN294407v1","1559420","1559718","31","7424176","GACCAGGTGCGGTGGCTCACGCCTGTAATCCCAGCACTTTGGGAGGCCGAGGTGGGCCGATCACCTGAGGTCAGGAGTTCGAGACCCGCCTGGCCAACATGGTGAAACCCCGTCTCTACTAAAAATACAAAAAAATTAGCCAGGCGTGGTGGTGGGCACCTGTAATCCCAGCTACTCGGGAGGCTGAGGCAGGAGAATTGCTTGAACCCTGGAGGCAGAGGTTGCAGTGAGCCGAGATCGTGCCACTGCACTCCAGCCTGGGGAAGAGAGCAAGACTCTTAAAAAAAAAAAAAAAAACAACAA","GGCCGGGTGCGGTGGCTGATGCCTGTAATCCCAGCACCTTGGGAGGCCGAGGTGGGCGGATCACCTGAGGTCGGGAGTTCAAGACCAGCCTGACTAACACGGTGAAACCCTGTCTCTACTAAAAATATAAAAATTAGCCAGGCGTGGTGGTGGGCGCCTATAATCCCAGCTACTCGGGAGGCTGAGGCAGGAGAATTGCTTGAACCCAGGAGGCAGAGATTGCAGTGAGCCGAGATCATGCCATTGCACTCCAGCCTGGGCAACAGAGCAAGACTCTGTCCAAAAAAAAAAAAAAAAGA"
"chr1","8987331","8987625","KN295667v1","1779401","1779692","36","7207930","GGCTGGGCGAGGTGACTCACGCCTGTAATTCCAGTACTTTGGGAGGCCAAGGCTGGCAGAGCACTTGAGGTCAGGAGTTTGAGATCAGCCTGGCCAACATGGTGAAACCCCGTCCCTACTAAAAATACAAAATTAGCCAGGTGTTATGGAGGGTGCCTGTATTCTCAACTACTCAGGAGGCTGAGGCGGGAGAATCGCTTGAACCCGGGAGGCAGAGGTTGCAGTGAGCTGAGATTGTGCTACTGCACTCCAGTCTGGGTGACAGAGTGAGACTCTGCTTCAAAAAAAAAAAAAA","GGCCAGGCGAGGTGGCTCACACCTGTAATCCCAGTGCTTTGGGAGGCTAAGGCTGGCGGGGTGCTTGAGGTCAGGAGTTTGAGACCAGCCTGGCCAACATGGTGAAACACCATCTCCACTAAAAATACAAAAATTAGCCGGGTGTTATGGCAGGTGTCTGTAATCCCAGCTACTCAGGAGGCTGAGGCAGGAGAATCACTTGAACCCAGGAGGCGGAGGTTGCAGTGAGCTGAGATTGTGCCACTGCACTCCAGTCTGGGGGACAGAGTGAGACTCTGTCTCAAAAAAAAAA"
"chr1","8987830","8988133","KN294592v1","1225948","1226246","41","7761882","GGCCAGGTATGGTGGCTCACACCTGTAATCCTGGCACTTTGGGAGGCCGAGGTGGGTGGATCACCTGAGGTCAGGAGTTTGAGACCAGCCTGGCCAACATGATGAAACCCCGTCTCTACTAAAAATACAAAAATTAGCTGGGCATGGTGGCAGGTGCCTGTAATCCCAGCTACTCGGGAGGCTGAGGCAGGAGAAGCGCTTGAACTCGGGAGGCGGAGGTTGCAGTGAGCCGAGATCGAGGCACTGCACTCCCGCCCCAGCGAGACTCTGTCTCAAAAAACAAAAAAAATTAGAATTAAAAAAA","GGCCAGGCGTGGTGGCTCACGCCTGTAATCCCAGCACTTTGGGAGGCCGAGGTGGGTGGATCACCTGAGGTCAGGAATTTGAGACCAGCCTGGCCAACATGATGAAACCCCATCTCTACTAAAAATACAAAAAATTAGCTGGGCATGGTTGGCAGGTGCCTATAATCCTGGCTACTAGGGAGGCTGAGGCAGGAGAATTGCTTGAACTCAGGAGGTGGAGATTGCAGTAAGCCGAGATCACGCCACTGCACTCCAGTGACAGAATGAGACGCTATCTCAAAACAAAAAACAAATAAAAA"
"chr1","8990470","8990770","KN296775v1","1038271","1038573","42","7952199","GGCCAGTTGCGGTGTCTCACGCCTGTAATCCCAGTACTTTGGGAGGTCAAAGTGGGTGGATCACCTGAGGTCAGGAGTTTGAGATCAGCCTGGCCAACATGGTGCAACCCCGTCTCTACTAAAAGTACAAAAAATTAGCCAGTCGTGGTGGTGGGGCGCCTGTAATCCCAGCTACCCCAGAGGCTGAGGTGGAACAATCACTTGAACCTGGGACGTGGAGGTTGCAGTGAGCCAAGATTGCACTGCTGCACTCCAGCCTGGGCAACAGAACAAGACCCTGTCTCAAAAAAAAAAAAAAAAA","GGCCAGGCATGGTGGCTCACACCTGTAATCCCAGCATTTTGGGAGGCCAAAGTGGGTGGATCACCTGAGTTCAGGAGTTTGAGAACAGCCTGGCCAACATGGCGAAACCCCGTCTCTACTAAAAATACAAAAAAATTAGCCAGGCGTGGTGGCTGGCGCCTGTAATCCCAGCTACTTGGGAGGCTGAGGCAGCAGAATCACTTGAACCTGGGAGGCAGAGGTTACAGTGAGCCAAGGTTGCGCCACTGCACTCCAGCCTGGGCAACAGAGCAAGACTCTGTCTAAAACAATATAAATAAAAAA"
"chr1","8991669","8991975","KN295667v1","1776036","1776334","38","7215633","GGTCAGGTGAGGTGGTTCATACCTGTAATTTCAGCACTATGGGAGGCTGAGTGGGCGAATGGCCTGAGGAGTTGAGACCAGCCTGGCCCACATGGTGAAACCCCATCTTTACTAAAAATATAAAAATTATCTGGGCGTGTGGGTGGGTGCCTGTAGTCCCAGCTAGTCAGGAGGCTGAGGCAGGAGAGAATAACTTGAACCCGGGAGGTGGAGGTTGCAGTGAGCCGCGATCGCATCACTGCACTCCAGCCTGGCGACAGAGCGAGACTCCGGTCTCAAAAAAAAAAAAAAAAAAAAAAGAGGAAAA","GGCCAGGTGAGGTGGCTCACACCTGTAATTCCAGCACGATGGGAGACTGAGGAGGGCGAATGGCCTGAGAAGTTTGAGACCAGCCTGGCCAACATGGTGAAACCCCATCTCTACTAAAAATATAAAAATTATCTGGGTGTGGTGGTGGGTGCCTGTAGTCCCAGCTAGTCAGGAGGCTGAGGCAGGAGAGAATAACTTGAACCCGGGAGGTGGAGGTTGCAGTGAGTTGAGATTGTGTCACTGAGCTCCAGCCTGGCGACAGAACGAGACTCCATCTCAAAAACAAACAAACAAAAAAA"
"chr1","8993227","8993533","KN294761v1","1564747","1565053","44","7428480","GGCCAGGCACAGTGGCTCCCGCCTGTAATCCCAGCACTTTGGGAGGCCGAGGTGGGCAGATCACTTGAGGTCAGGAGTTTGGGACCAGCCTGGCCAATATGGCAAAGCCCCATTTCAGTTAAAAAAAAAAAAAAAAAAAAAAATTAGCCGGGCGTGGTGGTAGGTGCCTGTAGTCCCAGCTACTGGGGAGGTTGAGGCAGGAGAATTGCTTGAACCCGGGAAGCCGAGGTTGTAGTGAGACGAGATTGCACCACTGCACTCCAGCCTGGGTGACAGAGTGAGACTCTGTCTCAAAAAAAAAAAAAAA","GGCCAGGCACCATGGCTCACGCCTGTAATCCCAGCACTTTGGGAGGCCGAGGTGGACGGATCACCTGAGGTCAGGAGTTCAAGACCAGCCTGGCGAATATGGTGAAACCCCGTCTCTACTAAAAATACAAAAAAAAAAAAAAAAAGCCGGGCGTGGGGGCAGGAGCCTGTAATCCCAGCTACTCGGGAGGCTGAAGCAGGAGAATCACTTGAACCTGGGAGGCAGAGGTTGCAGTGAGCTGAGATCGCACCACTGCACTCCAGCCTGGGGGTAAGAGTGAGACTTTATCTCAAAAAGAAAAAAAAAA"
"chr1","9015375","9015661","KN295667v1","1755805","1756090","29","7259570","GGTCGGGCACGGTGGCTCACACCTGTAATCCTTGGGAGGCCAAGGCAGGTGGATCGCCTGAGCTCAGGAGTTTGAGACCAGCCTGGCCAACATGGTGAAACCCCGTTTCTACTAAAATACAAAAATTAGCTGGGCGTGGTGGCAGGTGCCTATAATCCCAGCTACTCAGGAGGCCGAGGCAGGAGAATCACTTTCACCTTGGAGGCTGAGGTTGCAGTGAGCTATCACACCACTACACTCCAGCCTGGGTGACAGAACAAGACTCTGTCTCCAAAAAACAGGAAAAA","GGTTGGGCACACTGGCTCACGCCTGTAATCCTTGGGGGGCCAAGGCAGGTAGATCGCCTGAGCTCAGGAGTTCGAGATCAGCCTGGCCAACATGGTGAAACCATCTCTACTAAAATACAAAAATTAGCCGGGCGTGGTGGCAGTTGCCTATAATCCCAGCTACTCAGGAGGCTGAGGCAGGAGAATCACTTTAACCTTGGAGGCTGAGGTTGCAGCGAGTTGAGATCCCACCACTACACTCCAGCCTGGGTGACAGAATGAGACTCTGTCTTAAAAAAAAAAAAAA"
"chr1","9016294","9016590","KN297245v1","2638141","2638421","52","6378153","GGCTGGGCATCGTGGCTTACACCTGTCATCCCAACACTTTGGGAGGCCGAGGCAGGAGGATCAACTTGAGGTCAGGAGTTCGAGACCAGCCTGGGTAACATGGTGAAACCCTGTCTCTACAAAAAATACAAAAATTAGCTGGGCATGGTGCCTGGGCTGTGCCTGTAGTCCCAGCTACTCTGGAGCCTGAAGTGATTGAGCCTGGGAGGCGGAGGTTGCAATGAGCCGAGATCGTGCCATTTTACCCCAGCCTGGGTGACAGAGCCAAACTCCGTCTCAAAAAAAAAGAAAAAAAAA","GGCTGGGCGTGGTAGCTCACGCCTGTAATCCCATCAATTTGGGAGGCCGAGGTGGGCAGATCACCTGAGGTCAGGAGTTCAAGACCAGCCTGGTCAACATGGTGAAACCCTGTCTCTACAAAAATACAAAAATTAGCTGGGGATGATGGCAAGTGCCTGTAGTCCCAGCTACTCTGGAGGCTTGAACCCGGGAGGTGGAGGTTGTAGTGAGCCAAGATTGTGCCACTGTACTCCAGCCTGGGTGACAGAGTGAGACTCCATCAAAAAAAAAAAAAAAAAAA"
"chr1","9020753","9021062","KN294420v1","422672","422977","41","8598081","GGCCGGGCGTGGTGGCTCACACGTGTAATCCCAGCACTTTGGGAGGCTGAGGCAGGTCAATCACCTGAGGTCAGAAGTTCGAGACCAGCCTGGGCAACATGGTGAAACCCCATCTCTACTAAAAATGTAAAAAATAGCTGGGCGTGGTGTTGAGCCCCTGTACTCCCAGCTACTTGGGAGGCTGAGGTGGGAGAATCGCTTGAACCCAGGAGGCAGAGGCTGCAGTGAGCCGAGATCGTGCTACTGCACTCCAGCCTGGGTGATGGAGCAAGACTCCATCTCAAAACAAAACAAAACAAAACAAAACAAA","GACCAGGCATGGTGGCTTACACCTATAATCCCAGCACATTGGGAGGCTGAGGCAGGTGGATCAACTGAGATCAGGAGTTTGAAACCAGCCTGGACAACATGGTGAAACCCCGTCTCTACTAAAAATACAAAAATTAGCAGGGCGTAGTGGTGGGCACCTGTAATCCCACCTACTCAGGAGGCTGAGGCAGGAGAATCGCTTGAACCCAGGAGGCAGAGGTTGCAGTGAGCCCAGATCATGCTACTGCACTCCAGCCTGGGTGACAGAGCAAGACTCCATCAAAAACAAACAAACAAACAAAAAAAA"
"chr1","9024451","9024757","KN296732v1","3482334","3482632","31","5542117","GGCCAGCCGTGGTGGCTTACACCTGTAATCCCAGCACTTTGGGAGGCCGAGGTAGGTGGATCACTTGAGGTCAGGAGTTCAAGACCATCCTGGCTAACATGGTGAAACCCTGTCTCTACTAAAAATACAAAAAATTAGCCTGGGGTGGTGGCGGGCGCCTGCAATCCCAGTTACTCAGGAGGCTGAGGCAGGAGAATTGCTTGAACCCAGGAGGTGGAGGTTGCAGTGAGCCGAGATCACACCACTGCACTCTAGCCTGGGCGACAGAGCAAGACTCCATCTCAAAATAAATAAATAAATAATAAAA","GGCCATGCATGGTGGCTAACACCTGTAATCCCAGCACTTTGGGAGGCCGAGGTGGGTGGATCACTTGAGGTCAGGAGTTCAAGACCAACCTGGCCAACATGGTGAAACCCTGTCTCTACTAAAAATACAAAAATTAGCCGGGTGTGATGGCGGGCGCCTGTGATCCCAGCTACTCAGGAGGCTGAGGTCGGAGAATTGCTTGAACCCAGGAGGTGGAGGTTGCAGTGAGCCAAGATCGCACCACTGCACTCCAGCCTGGGCGACAGAGCGAGACTCAGTCTCAAAAAACAAACAAAAAA"
"chr1","9032599","9032881","KN295667v1","1736580","1736857","37","7296019","GGCCTGGCATGGTGGCTCATGCCTGTAATCCCAACATTTTGAGAGGTGGAGGCAGGCTGTTCACTTAAGGTCAGAAGTTCGAGACCAGCCTAGCCAACAAGGTGAAACTCCGTTTCTACTAAAAATGCAAAAATTAGCCAGGTGTGTTGGCGGTCGCCTGTAGTCCTAGCTACTCGGGAGGCTGAGGCAGGAGAATCACTTGAACCCAGAGGTTGCAGTAAGCCAAGATCCACCACTGCACTCCAGGCTGGACAAGAGAGCAAGACTCTGTCTAAAAAATAAA","GGCCTGGCATGGTGGCTCATGCCTGTAATCCCAACATTTTGAGAGGCAGAGGCAGGCGGATCACTTAAGGTCAGAAGTTTGAGAGCAGCCTGGCCAACAAGGTGAAACTCTGTTTCTACTAAAAATGCAAAAATTAGCCAGGTGTGGTGGCGGGCGCCTGTAGTCCCAGCCTGAGGCAGGAGAATCACGTGAACCCAGAAGGCAGAGGTTTCAGTGAGCTGAGATCCACCACTGCACTCCAGGTTGGGCAAGAGAGCAAGACTCCGTCTAAAATAAAA"
"chr1","9050701","9050983","KN295205v1","1144902","1145175","42","7905799","GGCTGGGAGTGGTGGCTCACGCCTGCAATCCCAGCACTTTGGGAGGCTGAGGTGGGTGGATCACCTGATCACCTGAAATCAGGAGTTCAAGACCAGCCTGGCCAACATGGTGAAACCTCATCTCTACTAAAAATCCAAAAATTATCCGGGCATGGTGGCGGGTATCTGTAATTCCAGCTACTCGGGAGGCTGAGACAGGAGAATCACTTGAACCTGGGAGTCAGAGGTTGCAGTGAGCCAAGATCATGCCACTGCACTCCAGCCTGGGTGACAGAGTGAGACT","GGCTGGGCGTGGTGGCTCACACCTGTAATCCCAGCACTTTGGGAGGCAGAGGCGGATGGATCACCTGAGGTCAGGAGTTTAAGACTAACCTGGCCAACATGGTGAAACCCCATCTCTACTAAAAAATACAAAAATTACCAGGGCATGGTGGCAGGAGCCTGTAATCCCAGCTACTCGGGAGGCTGAGGCAGGAGAATCACTTGAACCCAGGAGGCGGAGGTTGCAGTGAGCTGAGATCATGCCATTGCTCTCCAGCCTAGGCAACAGAGTGAGA"
"chr1","9074825","9075136","KN295667v1","1695804","1696115","14","7379021","GGCCAGGCATGGTGGCTCACGCCTGTAATCCCAGCACTTTGGGAGGCCGAGGTGGGCAGATCACTTGAGGTCAAGAGTTCAAGATCAGCCTGGCCAACATGGTAAAACCCTGTCTTTACTAAAAATACAAAAACTAGCTGGGCGTGGTGGCAGGTGCCTGTAATCCCAGCTACTCAGGAGGCTGAGGCACGAGAATTGCTTGAACCCAGGAAGTGGAGGTTGCCGTGAGCTGAGATCGTGCCACTGCACTCCAGCCTGGGTGACAGAGTGAGACTCCATCTCAAAAAATAAACAAATAAATAAGTAAACAAA","GGCCAGGCACAGTGGCTCATGCCTGTAATCCCAGCACTTTGGGAGGCCGAGGTGGGCAGATCACTTGAGGTCAAGAATTCGAGATCAGCCTGGCCAACATGGTAAAACCCCATCTTTACTAAAAATACAAAAACTAGCTGGGCGTGGTGGCAGGTGCCTGTAATCCCAGCTACTCAGGAGGCTGAGGCACAAGAATTGCTTGAACCCAGGAAGTGGAGGTTGCAGTGAGCTGAGATCGTGCCACTGCACTCCAGCCTGGGTGACAGAGCGAGACTCCATCTCAAAAAATAAATAAATGAATAAATAAATAAA"
"chr1","9081286","9081593","KN295667v1","1690509","1690832","38","7390777","GGCAGGGCACAGTGGCTTATGCCTGTAATTCCAGCACTTTGGGAGGCCAAGGCAGGCAGAACACTTGAGGTCAGGAGTTCAAGACCAGCCTGGCCAACATGGTGAAACCTCATCTCTACTAAAAATACTAAAATTGGCTGGACATGGTGGCAGGTGCCTGTAATCCCAGCTATTTGGGAGGCTGAGGCAATATAATCACTTGAACCTGGGAGGCAGAGGTTGCAGTGAGCCAAGACTGCGCTATTGCACTCCAGCCTGGGTGACAGAGCAAGACTCTGTCTCAAAAAAATAAAAAATAAAAATAAAAA","GGCAGGGCGCAATGGCTTATGCTTATAATCCCAGCACTTTGGGAGGCCAAGGCAGGCAGATCACTTGAGGTCAGGAGTTCAAGACCAGCCTGGCCAACATGGTGAAACCTCATCTCTACTAAAAATACAAAAATTGGCTGGACATGGTGGCGGGTGCCTGTAATCCCAGCTATTTGGGAGGCTGAAGCAGAAGAATCACCTGAACCCAGGAGGCAGAGGTTGCAGTGAGCCAAGATAGCACCATTGTACTCCAGCCTGGGTGACAGAGCGAGACTCTGTGTCAAAAAAATAAATAAATAAAAAATAAAATAAAATAAAATAAAA"
"chr1","9096991","9097266","KN295667v1","1672203","1672483","33","7424788","GGCCGGGCGCGGTGGCTCACGCCTGTAATCCCGGCACCTGGGGAAGCCAAGGTGGGTGGATCACCTGAGGTCAGGAGTTCGAGACCAGTCTGACCAACATGGTGAAACCCTGTCTTTACCGAAAATACAAAAATTAGCCAGGCATGGTGGCAGACGCCTGTAATCCCAGCTACTTGGGAGGCTGAGGCAGGAGAATAGCTGGAACCCGGGAGGCGGAGGTTGCAGTGCACCTAGATCACACCACTGCACTCCAGCCTGGGCGACAGAGCGAGACTC","GCCGGGCGTGGTGACTCACGCCTGTAATCCCAGCACTTGGGGAGGCCGAGACGGGTGGATCACCTTAGGTCAGGAGTTTGAGACCAGCCTGACCAACATGGTGAAACCCCGTCTTTACTAAAAATACAAAAATTAGCTGGGAGTGGTGGCAGACGCCTGTAATCCCAGCTACTTGGGAGGCTGAGGCAGGAGAATCGCTGGAACCCAGGAGGTGGAGGTTGCAGTGCACCGAGATCTTGCCACTGTACTCCAGCCTGGGCGACAGAGCGAGACTCCATCTC"
"chr1","9099633","9099928","KN295667v1","1669659","1669961","31","7429974","GGCCGGGCGCGGTGGCTCACGCCTGTAATCCCAGCACTTTGGGAGGCCAAGGCAGGCGGATTACAGGAATTCAAGACCAGACTGGCCAACATGGTGAAACCTGGTCTCTATTAAAAATACAAGAATTAGCCAGGCTTGGTGGCGGGAGCCCGTAACCCCAGGTACTCAGGAGGCTGAGGCGGGAGAATCGCTTCAACCCAGGTGGTGGAGGTTGCAGTGGGCTGAGATCAAGCCACTGCACTCCAGCCTGGGTGACAGCGCAAAACTCCATCTCCAAAAATTTAAAAAAAAAAAAA","GCCGGGTGCGGTGGCTCACACCTGTAATCCCAGCACTTTGGGAGGCCAAGGCAGGCAGATTACAGGAGTTCAACACCAGACTGGCTAACATGGTGAAAACCGGTCTCTATTAAAAATACAAAACTTAGCCAGGCTTGGTGGCAGGAGCCTGTAACCCCAGCTACTCAGGAGGCTGAGGCAGGAGAATCGCTTGACCCCAGGTGGTGGAGATGGCAGGGGGCTGAGATCAAGCCACTGCACTTCAGCCTGGGTGACAGCGCAAAACTCCATCTCCAAAAATAAAAAAAAATAAAAAAAAATAAA"
"chr1","9128945","9129223","KN297274v1","1058373","1058652","34","8070572","GGCCGGGCGCGGTGGCTCACACCTGTAATCCCAGCCCTTTGGGAGGCTGAGGTGGGCGGATCACTTGAGGTCAGGAGTTGAAGATCAGCCTGGCCAACATGGTGAAACCCTGTCTCTACTGAAAATACAAAAATTAGCTGGGCGTGGTGGTGGGCGCCTGTAGTCCCAGCGACACGGAGGCTGAGGCAGGAGAATCGCTTGAACCCAGGAGGCGGAAGTTGCAGTGAGCCGAGATCCCACCACTGCACTCCAACCTGGGTGACAAAGCCAGACTCTGTC","GGCCGGGCGCGGTGGCTCACGCCTGTAATCCCAGCACTTTGGGAGGCTGAGGTGGGTGGATCAACTGAGGTCAGGGTTTGGGACGTGCCTGGCCAACATGGTGAAACCCCGTCTCTACTAAAAATACAAAAAATTAGCCGGGCACGGTGGTGGGTGCCTGTAATCTCAGCTACTCTGAAGGCTGAGGCAAGCGAATCGCTTGAACCCGGGAGGCAGATGTTGCAGTGAGCTGAGATCACACCACTGCACTCCAGCCTGGGTGACAGAGCCAGACTCTGTC"
"chr1","9134061","9134363","KN296306v1","3686137","3686439","29","5447924","GGCTGGGCATGGTGGCTCACACCTGTAATCCCAGCACTTTGGGAGGCCGAGGCAGGTAGATCACCTGAGGTCAGGAGTTCAAGACCAGCCTGGCCAACGTGGTGAAACCCCGTCTCTAATAAAAATACAAAAATTAGCCGGGCGTGGTGGCAGGTGCCTGGAATCCCAGCTACTGAGGAGGCTGAGGCAGGAGAATCACTTGAACCCGGGAGGCAGAGGTTGCAGTGAGCCGAGATTGCACCATTGTACTCTAGCCTGGGCCACAGAGCAAGACTCCATCTCAAAAAAAAAAAAAAAAAAAAA","GGCTGGGCACGGTGGTTCACACCTGTAATCCCAGCACTTTGAGAGGCTGAAGCAGGTGGATCACCTGAGATCAGGAGTTCGAGACCAGCCTGGCCAACATGGTGAAACCCCGTCTCTACTAAAAATACAAAAATTAGCTGGGTGTGGTGGCGGGTGCCTATAATCCCAGCTACTCAGGAGGCTGAGGCAGGAGAATCACTTGAACCCGGAGGCAGAGGTTGCAGTGAGCTGAGATCGCGCCACTGCACTCCAGGTTGGGCGACAGAGCAAGACTCCGTCTCAAAAAATAAAAAATAAAAAAAA"
"chr1","9142641","9142953","KN295667v1","1625435","1625735","41","7517206","GCCGGGCACGGTGGCTCACACCTGCAATCCCAGCACTTTGGGAGGCTGAGGTGGTTAGATCACCTGAAGTCAGAAGTTTGAGACCAGCCTGGCCAACATGGCGAAACCCCATCTCTACTAAAAATACAAAAAAATTAGTCGGACGTGGTGATGGGCACCTGTAATCCCAGCTACTGGGGAGGCTGAGGCAGGAGAATCACTTGAACCAGGGAGATGGAGGTGGCAGTAAGCCGAGATCGCGCCACCGTACTCCAGCCTGGACAACAGAGTGGGACTCCGTCTCAAAAAAAAGCAAAACAAACAAACAAAAAAA","GCCGTGCACGGTGGCTCATGCCTGTAATCCCAGCACTTTGGGAGGCCGAGGTGGGCAGGTTACCTGAAGTCAGAAGTTTGAGACCAGCCTGGCCAACATGACGAAATCCCATCTCTACTAAAAATACAAAAAATTAGCCGGCTGTGGTGGCGGGCACCTGTAATCCCAGCTACTGGGGAGGCTGAGACAGGAGAATCACCTGAACCTGGGAAGTGGAGGTTGCAGTAAGCCAAGATCGTCCCACTGTACTCCAGCCTGGGTGACAGAGTGGGACTCCGTCTCAAAACAAACAAACAAAAAA"
"chr1","9157300","9157611","KN294592v1","1321409","1321720","42","7835891","GACCAGGTGTGGTGACTGACGCCTGTAATCCCAGCACTTTGAGAGGCCGAGGCGGGTGGATCACTCTAAGTCAGGAGTTTGTGACCAGCCTGATCAACATGGTGAAACCCCATCTCTACTAAAAACACAAAAATTAGCTGGGCGTGGTGGCTGGCGCCTATAATCCCAGCTACTTGGGAGGCTGAGGCAGGAGAATCGCTTGAACCCAAGAGGCAGAAGTCACAGTGAGCCAAGATCGCGCCATTGCACTCCAGCCAGGGTGACAGTGCGAGACTCAGTTTCAAAAAAAAAAAAAAAAAAAAAAAAAAAAAA","GGCCGGGCGTGGTGGCTCACGCCTGTAATCCCAGCACTTTGGGAGGCCGAGGCAAATGGATCACCTAAGGTCAGGAGTTCGAGACCAGCCTGGCCAACCTGGTGAAACCTTGTCTCTACTAAAAATACAAAAATTAGCTGGGCGTTGTGGCGGGCACCTGTAATCCCAGCTACTTGGGAGGCTGAGGCAGGAGAATCACTTGAACCCGGGAGGCGGAAGTTACAGTGAGCTGAGATCGCGCCACTGCACTCCAGCCTGGGCGACAGAGTGAGACTCCATCTCAAAAAAAAAAAAAAAAAGAAAAAAGAAAGA"
"chr1","9157977","9158273","KN295667v1","1610629","1610924","35","7547348","GGGTGCGGTGGTTCATGCCTGTAATCCCAGCACTTTGGGAGGTCGAGGTGGGCAGATCACTTGAGATCAGGAGTTCGAAAACAGCCTGGGCAACATAGTGAATGAAACCCTGCCTCCACTAAAAATACAAAAATTAGCCAGGCATGGTAGCGGGCGCCTGTAGTCCCAGCTACTCGGGAGGCTGAGGCAGGAGAATCGCTTGAACCTGGGAAGCAGAGGTTGCAGTGGGCCAAGATCAAACCACTGCACTCCAGTCTGGGCAAGATAGTAAGACTCTCCCAAAAAAAGAAAAAACAA","GGGCACGGTGGCTCAAGGCTGTGATCCCAGCACTTTGGGAGGTTGAGGCGGGCAGATCACTTGAGGTCAGGAGTTCGAGAACAGCCTGAGCAACATAGTGAAACCCTGCCTCCACTAAAAATACAAAAATTAGCCAGGTGTGGTAGTGGGCGCCTGTAGTCCCAGCTACTCGGGAGGCTGAGGCAGGAGAATCATTTGAACCTGAGAGGCGGAGGTTGCAGTGAGCTGAGATCCAACCACTGCACTCCAGTCTGGGCAACAGAGTGAGACTCCATCTCAAAAAAGAGAAAAAATAA"
"chr1","9165342","9165600","KN296153v1","3797165","3797411","51","5368177","GGCCGAACACGGTGGCTCACAACTGTAGTCCCAGCACTTTGGGAGGGAAGGCAGGCAGATCATCTGAGGCCAGGGGTTCGAGACCAGCCTGGCCAACATGGCGAAACCCCGTCTCTACTAAAAATATAAAAAATTAGCCGGGCATGGTGATGGGTGCCTGTAATCACTGTGGGAGGTTACAGTGAGCCGAGATCACACCATTGCACACCAGCCTGGACGACAGAGTGAGACTCCATCTAAAAAAAAAAAAAGAAAGAAA","GGCTGGGCACAGTGGCTCACGCCTGTAATCCCAGTGCTTTGGAGGGTCAAGGCGGGCAGATCATTTGAGGTCAGGAGTTCAAGACCAGCCTGGCCAACATGGCAAAACCCCGTCTCTACTAAAAATACAAAAATTAGCTGGGCGTGGTGGCAGGCGCCTGTAATCCCAGCTACTGCCGAGATTGCACCATTGCACTCCAGCCTGGGCAACAGAGAGAGGCTCCATCTCAAGAACAAAAAACAAAAAA"
"chr1","9169274","9169583","KN296635v1","2387021","2387331","31","6782253","GGCCGGGCCCGGTGGGTCAGGCCTGTAATCCCAGCACTTTGGGAGGCGAAGAAGGGCAGATCACCTGAGGTCAGGAGTTCAAGACCAGCCTGGTCAACATGGTGAAACCCCATCTCTACTAAAAATACAAAAATTAGCCGGGTGTGGTGATGGGCACCTGTTATCCTAGCTACTAGGGAGGCTGAGGCAGGAGAATCGCTTGAACCTGGGAGGCAGAGGTTGCAGTGAGCCAAGATTGCACCACTGCACTCCAGCCTGGGTGACAAAACGAGACTCCGTCTCAAAAAAAAAAAAAAAAAGAAAAAAGAAA","GCTGGGAGCAGTGGCTCAGGCCTGTAATCCCAGCACTTTGGGAGGCCGAGGTGGTCAGATCACCTGAGATCAGGAGTTCAAGACCAGCCTGGTCAACATGGCGAAACCCCATCTCTACCAAAAATACAAAAATTAGCTGGGCATGGTGGTGGGCACCTGTAATCCCAGCTACTTGGAAGGCTGAGGCAGGAGAATCGCTTGAACCTGGGAGGCAGAGGTTGCAGTGAGCCGAGATCACACCATTGCACTCCAGCCTGGGTGACAGAGCGAGACTCCATCTCAAAAAAAAAAAAAAAAAGAAAGAAAGAAAA"
"chr1","9182609","9182921","KN295667v1","1588799","1589113","25","7593810","GGCCGGGTGCGGTGGCTCACACCGGTATATCCCACGGCTTTGGGAAGCTGAGGTGGGTGGATCACTTCAGGTCAGGAGTTTGAGACCAACCTGGGCAACATGGTGAAACCCCTGTCTCTACTAAAAACACAAAAACTAGCCGGGCATGGTGGCAGGTGCCTGTAATCCCAACTACTTGGGAGGCTGAGGCAGGAGGATTGTTTGAACCCATAAGGCGGAGGTTACAGTGAGCCGAGATGGTGTCACTGCACTCCAGACTGGGTAACAGAGGAAGACTCTGTCTCAAAAAAAAAAAAAAAAAAAAAAAAAAGAA","GGCCGGGTGCAGCAGCTCACGCCTGTATATCCCAGCACTTTGGAAGGCTGAGGTGGGCGAATCACTTGAGGTCAGGAGTTTGAGACCAACCTGGGCAACATGGTGAAACCCCTGTCTCTGCTAAAAACACAAAAACTAGCAGGGCATGGTGGCAGGTGCCTGTAATCCCAACTACTCGGGAGGCTGAGGCGGGAGGATTGTTTGAACCCGTAAGGCAGAGGTTACAGTGAGCCGAGATGGTGTCACTGCACTCCAGCCTGGGTAACAGAGTAAAGACTCTGTCTCAAAAAAAAAAAAAAAAAAAAGAAGAAAAAA"
"chr1","9197280","9197570","KN294407v1","637394","637683","32","8559886","GGCCGGGCACGGTGGCTCACGCCTGTAATCTCAGCACTTTGGGAGGCCGAGGTGGGTGGATCCCCTGAGGTCAGGAGTTCGAGACCAGCCTGACCAACATGGTGAAATCCCGTCTCTACTAAAAATACAAAAAATTAGCCATGCGTGGTGGCGGGTGCCTGTAATCCCAGCTACTCGGGAGGCTGAGGCAGGAGAATCACTTGAACCCAGGAGTGGAGATTGCTGTGAGCTGAGATCGTGCCACTGCACTCCAGCCTGGGTGACAGAGCAAGTCTCTGTTTTTAAAAAAAA","GGCCAGGCATAGTGGCTCACGGCTATAATCCCAGCACTTTGGGAGGCCGAGGAGGGTGGATAACCTGAGGTCAGGAGTTCCAGACCAGCCTGACCAACATGGTGAAACCCCGTCTCTACTAAAAATACAAAAATTAGCCAGGCATGGTGGTGGGTGCCTGTAATCCCAGCTACCCGGGAGGCTGAGGCAGGAGAATCGTTTGAACCCAGGAGGAGGAGGTTGCAGTAATCTGAGATTGTGCCACTGCACTCCAGCCTGAGTGACAGAGCAAGACTCCATCTCAAAAAAAA"
"chr1","9212911","9213201","KN295667v1","1560976","1561272","30","7651935","GCAGGGCACGGTGGCTCACGCCTGTAATTCCAGCGCTTCGGGAGGCCGAGGTGGGTGGATCACTTGTGGTCAGGAGTTCGAGACCAGCCTGACCAACATGGTGAAACCCCATCTCTAGTAGAAATACAGAAATTAGCCAGGCATGGTGGCGGGCGCCTGTAGTCCCAGCTACTCAGGAGGCTGAGGCAGGAGAATCGCTTGAACGCAGGAGGCGGAGGTTGCAGTGAGCTGAGATCATGCCACTGCACTCCAGCCTGAGCGACGGAGACTCTGTCTCAAAAAAAAAAAAAA","GCAGGGCATGGTGGCTCACGCCTGTAATTTCAGCACTTCGGGAGGCTGAGGCGGGTGGATCACTTGTGGTCAGGAGTTCGAGACCAGCCTGGCCAACATGGTGAAACCCCATCTCTAGTAGAAATATAAAAATTAGCTGGGAATGATGGCAGGTGCCTGTAGTTCCAGCTACTCATGAGGCTGGGGCAGGAGAATCGTTTGAACGCAGGAGGTGGAGGTTGTAGTGAGCTGAGATCATGCCACTGCACTCCAGCCTGAGTGACAGAGACTCCATCTCAAAAAAAAAAAAAAAAAAAA"
"chr1","9215141","9215310","KN295236v1","3763431","3763609","32","5451710","TTAGCTGGGCCTGGTGGCGGGCACCTGTAATCCCAGCTACTCAGGAGGCTGAGGCAGGAGAATTGCTTGAACCCAGGAAGTGGAGGCTGTAGTGAGCAGCTGACCTCCAGCCTGGGTGACAGAGTGACACTCTGTCTCAAAGAAATTAAAAAAAAAAAAAAAAAGTAAAA","TTAGCTGGGCATGGTGGCGGGCATCTGTATTCCCAGCTACTTGGGGGGCTGAGGCAGGAGAATTGCTTGAACCCGGGAGGTGGAGGTTGTGGTGAGCTGAGATCATGCCACTGCACTCCATCCTGGGCGACAGAGTAGGACTCTGTCTCAAAAAAAAAAAAAAAAAAGAAAAGAAAAGA"
"chr1","9259273","9259569","KN295667v1","1517573","1517880","35","7741700","GCCAGGTACGGTGGCTCACACCTGTAATCCCAGTACTTTGGGGACTGAGGCAGGTGGATAACCTGAGGTCAGGAGTTTGAGACCAGTCTGGCCAACATGGTGAAAACCTGCCTCTACTAAAAAAAAAAAAAAAAAAAAAAGCTAGGGATAGTGGCAGACGCCTGTAATCCCAGCGACTCGGGAGGCTGAGGCAGGAGAATTGCTTGAACACAGGAGGCAGAGGTTGCAGTGAGCCGAGATCTTGCCACTGCACTCCAGCCTGGGTGACAGAGCAAGACTGTCTCAAAAAAAAAAGAA","GGCCAGGCGCAGTGGCTCACACCTGTAATCCCAGTACTTTGGGGGACTGAGGCGGGTGGATAACCTGAGGTCAGGAGTTTGAGAGTGGCCTGGCCAATGTGGTAAAACCTTGCCTCTCCAAAAAAAAAAAAAAAAAAAATTAGCTAGGCATAGTGGCAGGTGCCTGTAATCCCAGCGACTCGGGAGGCTGACGCAGGAGAATTGCTTGAACACGGGAGGCAGAGGTTGCAGTGAGCCGAGATCTCACCATTGCACTCCAGCCTGGGTGACAGAGCAAGACTGTCTCAAAAAAAAAAAAAAAAAAAGAA"
"chr1","9260479","9260773","KN294539v1","1287945","1288241","34","7972534","GGCCCAGCGCAGTGGCTCATGCCTATAATCCCAGCACTTTGGGAGGCCGAGGCGGGCAGATCACCTGAGGTCAGGAGTTCGAGACCAGCCTGGCCAACACAGTGAAACCCCGTCTCTACTAAAAAATACAAAAATGAGCCAGGCGTGGTGGCAGGCGCCTGTAATCCCAGATACTCGGGAGGCTGAGGCAGGAAAATCACTTGAACCCAGGAGGCAGAGATTGCAGTGAGGATTGTACCACTGCACTCCAGCTTGGGCCACAGAGCGAGAGTCCGTCTCAAGAAAAAAATAAAAA","GGCCGGATGCAGTGGCTCACGCCTGTAATCCCAGCACTTTGGGAGGCCGAGGCGGGCAGATCACCTGAGGTCAGGAGTTCGAGACCAGCTTGGCCAACATGGCAAAACCCCATCTCTACTAAAAATACAAAAATTAGCCAGGTGTGGTGGCAGGCGCCTGTAATCCCAGCTACTTGGGAGGCTGAGGCAGGAGAATCACTTGAACCCAGGAGGTGGAAGTTGCAGTGAGCTGAGATTGTGCCACTGCACTCCAGCCTAGGCAACAGAGCGAGACTCTGTCTCAAAAAAAAAAAAAAA"
"chr1","9260870","9261164","KN295114v1","157283","157573","38","9103587","CCAGGCTCAGTGGCTCGTGTCTGTAATCCCAGCACTTTGGGAAGCTGAGGTGGGTGGATCACTTGAGGTCAAGAGTTTAAAACCAGCCTGGCCAACATGGTGAAACCCCGTCTCTACTAAAAATACAAAAAAATTTGCCGGGCATGGTGGCGGGTGCCTGTAATCCCAGCTACTGGGAGGCTGAGGTAGGAGAACAGCTTGAACCCAGGAGGTGGAGGTTGCAGTGAGCCGAGATTGCACCAGTGCACTCCAGCCTGGGTGACAGCAAGAGACTCCACCACAAAAAAAAAAAAAA","GCCAGGCACGGTGGCTCACGTCTGTAATCCCACCACTTTGGGAAGCTGAGGTGGGCAAATCACTTGAGGTCAGGAGTTCAAGACTAGCCAGGCCAACATGGTGAAACCCCATCTCTACTAAAAATACAAAAATTAGCTGGGTGTGGTGGTGGGTGCCTGTAATCCCAGCTACTTGGGAGGCTGAGGCAGGAGAATCGCTTGAACCCAAGAGGTGGAGGTTGCAGTGAGCTGAGATTGTGCCACTGCACTCCAGCCTGGGTGACAGTGAGACTCCATCTCAAAAAAAAAAAA"
"chr1","9261717","9261970","KN295236v1","1825213","1825477","42","7436504","GCCAGGCTTGGTGGCTCACACCTATAATCCCAGCACTTTGGGAGACCAAAGCGGGCAGATCACCTGAGGTTAGGAGTTTGAGACCAGCCTGACCAACATGGTGAAACCCCATCTGTACTAAAAAAACAAAAATAATCCAGGCGTGGTGGTGGGCACCTATAATCCCAGCTACTCGGGAGGCTGAGGCAGGAGAATTGCTTAAACCCAGGAGGCAGAGGTTGCAGTGAGCCAAGATTGTGCCACTGCTCTCCAGC","GGCCAGGCATGATGGCTCACACCTGTAATCCCAGCACTTTGGGAGGCCGAGGTGGGCAGATCACCTGAGGTCAGGAGTTCAAGACCAGCCTGACCAACATGGCAAAACCCCATCTCTACTAAAAAACACAAAAATTAACCGGGCTGGTGGTGGGCGCCTGTAATCCCAGATACTCGGGAGGCTGAGGCAGGGAGAATTGCTTGAACCTGGGAGGTGGAGGTTGCTGTGAGCCAAGATAGCACCACTGCACTCCATCCTGGGTGAC"
"chr1","9277050","9277340","KN295667v1","1560976","1561272","30","7716074","GCAGGGCACGGTGGCTCACGCCTGTAATTCCAGCGCTTCGGGAGGCCGAGGTGGGTGGATCACTTGTGGTCAGGAGTTCGAGACCAGCCTGACCAACATGGTGAAACCCCATCTCTAGTAGAAATACAGAAATTAGCCAGGCATGGTGGCGGGCGCCTGTAGTCCCAGCTACTCAGGAGGCTGAGGCAGGAGAATCGCTTGAACGCAGGAGGCGGAGGTTGCAGTGAGCTGAGATCATGCCACTGCACTCCAGCCTGAGCGACGGAGACTCTGTCTCAAAAAAAAAAAAAA","GCAGGGCATGGTGGCTCACGCCTGTAATTTCAGCACTTCGGGAGGCTGAGGCGGGTGGATCACTTGTGGTCAGGAGTTCGAGACCAGCCTGGCCAACATGGTGAAACCCCATCTCTAGTAGAAATATAAAAATTAGCTGGGAATGATGGCAGGTGCCTGTAGTTCCAGCTACTCATGAGGCTGGGGCAGGAGAATCGTTTGAACGCAGGAGGTGGAGGTTGTAGTGAGCTGAGATCATGCCACTGCACTCCAGCCTGAGTGACAGAGACTCCATCTCAAAAAAAAAAAAAAAAAAAA"
"chr1","9279280","9279449","KN295236v1","3763431","3763609","32","5515849","TTAGCTGGGCCTGGTGGCGGGCACCTGTAATCCCAGCTACTCAGGAGGCTGAGGCAGGAGAATTGCTTGAACCCAGGAAGTGGAGGCTGTAGTGAGCAGCTGACCTCCAGCCTGGGTGACAGAGTGACACTCTGTCTCAAAGAAATTAAAAAAAAAAAAAAAAAGTAAAA","TTAGCTGGGCATGGTGGCGGGCATCTGTATTCCCAGCTACTTGGGGGGCTGAGGCAGGAGAATTGCTTGAACCCGGGAGGTGGAGGTTGTGGTGAGCTGAGATCATGCCACTGCACTCCATCCTGGGCGACAGAGTAGGACTCTGTCTCAAAAAAAAAAAAAAAAAAGAAAAGAAAAGA"
"chr1","9320377","9320673","KN295667v1","1517573","1517880","35","7802804","GCCAGGTACGGTGGCTCACACCTGTAATCCCAGTACTTTGGGGACTGAGGCAGGTGGATAACCTGAGGTCAGGAGTTTGAGACCAGTCTGGCCAACATGGTGAAAACCTGCCTCTACTAAAAAAAAAAAAAAAAAAAAAAGCTAGGGATAGTGGCAGACGCCTGTAATCCCAGCGACTCGGGAGGCTGAGGCAGGAGAATTGCTTGAACACAGGAGGCAGAGGTTGCAGTGAGCCGAGATCTTGCCACTGCACTCCAGCCTGGGTGACAGAGCAAGACTGTCTCAAAAAAAAAAGAA","GGCCAGGCGCAGTGGCTCACACCTGTAATCCCAGTACTTTGGGGGACTGAGGCGGGTGGATAACCTGAGGTCAGGAGTTTGAGAGTGGCCTGGCCAATGTGGTAAAACCTTGCCTCTCCAAAAAAAAAAAAAAAAAAAATTAGCTAGGCATAGTGGCAGGTGCCTGTAATCCCAGCGACTCGGGAGGCTGACGCAGGAGAATTGCTTGAACACGGGAGGCAGAGGTTGCAGTGAGCCGAGATCTCACCATTGCACTCCAGCCTGGGTGACAGAGCAAGACTGTCTCAAAAAAAAAAAAAAAAAAAGAA"
"chr1","9321583","9321877","KN294539v1","1287945","1288241","34","8033638","GGCCCAGCGCAGTGGCTCATGCCTATAATCCCAGCACTTTGGGAGGCCGAGGCGGGCAGATCACCTGAGGTCAGGAGTTCGAGACCAGCCTGGCCAACACAGTGAAACCCCGTCTCTACTAAAAAATACAAAAATGAGCCAGGCGTGGTGGCAGGCGCCTGTAATCCCAGATACTCGGGAGGCTGAGGCAGGAAAATCACTTGAACCCAGGAGGCAGAGATTGCAGTGAGGATTGTACCACTGCACTCCAGCTTGGGCCACAGAGCGAGAGTCCGTCTCAAGAAAAAAATAAAAA","GGCCGGATGCAGTGGCTCACGCCTGTAATCCCAGCACTTTGGGAGGCCGAGGCGGGCAGATCACCTGAGGTCAGGAGTTCGAGACCAGCTTGGCCAACATGGCAAAACCCCATCTCTACTAAAAATACAAAAATTAGCCAGGTGTGGTGGCAGGCGCCTGTAATCCCAGCTACTTGGGAGGCTGAGGCAGGAGAATCACTTGAACCCAGGAGGTGGAAGTTGCAGTGAGCTGAGATTGTGCCACTGCACTCCAGCCTAGGCAACAGAGCGAGACTCTGTCTCAAAAAAAAAAAAAAA"
"chr1","9321974","9322268","KN295114v1","157283","157573","38","9164691","CCAGGCTCAGTGGCTCGTGTCTGTAATCCCAGCACTTTGGGAAGCTGAGGTGGGTGGATCACTTGAGGTCAAGAGTTTAAAACCAGCCTGGCCAACATGGTGAAACCCCGTCTCTACTAAAAATACAAAAAAATTTGCCGGGCATGGTGGCGGGTGCCTGTAATCCCAGCTACTGGGAGGCTGAGGTAGGAGAACAGCTTGAACCCAGGAGGTGGAGGTTGCAGTGAGCCGAGATTGCACCAGTGCACTCCAGCCTGGGTGACAGCAAGAGACTCCACCACAAAAAAAAAAAAAA","GCCAGGCACGGTGGCTCACGTCTGTAATCCCACCACTTTGGGAAGCTGAGGTGGGCAAATCACTTGAGGTCAGGAGTTCAAGACTAGCCAGGCCAACATGGTGAAACCCCATCTCTACTAAAAATACAAAAATTAGCTGGGTGTGGTGGTGGGTGCCTGTAATCCCAGCTACTTGGGAGGCTGAGGCAGGAGAATCGCTTGAACCCAAGAGGTGGAGGTTGCAGTGAGCTGAGATTGTGCCACTGCACTCCAGCCTGGGTGACAGTGAGACTCCATCTCAAAAAAAAAAAA"
"chr1","9322821","9323074","KN295236v1","1825213","1825477","42","7497608","GCCAGGCTTGGTGGCTCACACCTATAATCCCAGCACTTTGGGAGACCAAAGCGGGCAGATCACCTGAGGTTAGGAGTTTGAGACCAGCCTGACCAACATGGTGAAACCCCATCTGTACTAAAAAAACAAAAATAATCCAGGCGTGGTGGTGGGCACCTATAATCCCAGCTACTCGGGAGGCTGAGGCAGGAGAATTGCTTAAACCCAGGAGGCAGAGGTTGCAGTGAGCCAAGATTGTGCCACTGCTCTCCAGC","GGCCAGGCATGATGGCTCACACCTGTAATCCCAGCACTTTGGGAGGCCGAGGTGGGCAGATCACCTGAGGTCAGGAGTTCAAGACCAGCCTGACCAACATGGCAAAACCCCATCTCTACTAAAAAACACAAAAATTAACCGGGCTGGTGGTGGGCGCCTGTAATCCCAGATACTCGGGAGGCTGAGGCAGGGAGAATTGCTTGAACCTGGGAGGTGGAGGTTGCTGTGAGCCAAGATAGCACCACTGCACTCCATCCTGGGTGAC"
"chr1","9329775","9330063","KN295667v1","1510401","1510706","35","7819374","GGCCAGGCGCAGTGGCTTACGCCTATAATCCCAGCACTTTGGGAGGCTGAGGCAGGAGGATCATTGGAGGTCGGGAGTTTAAAACCAGCCTGGCCAACATGGTGAAACCCCGTCTCTACTAACAATACAAAAATTAGCCAGGCGTGGTGGCAGGTGCCTGTAATCCCAGCTACTTGGGAGGCTGAGGGAGCAGAATCACTTGAACCTAGGAGGCGAACGTTGCAGTGAGCTGAGATCGCGCCCCTGGGCAACAGAGAAAGACTCCATCTCAAAAAAAAAAAAAAGAGAA","GGCCAGGCGTGATGGCTCACGCCTATAATCCCAGCACTTTGGGAGGCTGAGGCAGAAGGATCACTGGAGGTCAGGAGTTTAAAACCAGCCTGGCCAACATGGTGAAACCCCGTCTCTACTAAAAATACAAAAATTAGCCAGGCCTGGTGGCAGGTGCCTGTAATCCCAGTTATCTGGGAGACTGAGGGAGGAGAATCACTTGAACCCAGGAGGTGAAGGTTGCAGTGAGCTGAGATCATGCCACTGCACTCCAGCCTGGGCAACAGAGCAAGACTCCATCTCAAAAAAAAAAAAAAAAAAAGAGAA"
"chr1","9331594","9331863","KN295667v1","1508619","1508879","39","7822975","CCTGTAATCCCAGCACTTTGGGAGACTGAGACGGGAGGACTACTTGAGCCCAGGAGATTGAGACCAGCCTGGGCAACATGGCAAAAACCCGTTTCTACTAAAAATACAAAAGTTAGCTGGGTGTGGTGGCGGGTGCCTGTAATCCCAGCTACTTGGGAGGCTGAGGCAGAATAATTGCTTGAACCCAGGAGGCGGAGTTGCAGTGAGCAGAGATTGAACCACTGCACTCCAGCCTGGGTGACAGAGTAAGACTCCGTCTCAAAAAAAAAA","CCTGTAATCCCAGCACTTTAGGAGACTGAGATGGGAGGATTACTTGAGCCCAGGAGATCGAGACCAGCCTGGGTAACATGGCGAAATCCCATTTCTACTAAAAATACAAAAGCTAGCAGGGTGTGGTGGCAGGTGCCCGTAATCTCAGCTACTTGGGAGGCTGAGGCAGGAGAACCGCTGGAGGTTGCCGTGAGCAGAGATCATACCACTGCACTCCAGCCTGGGTGACAGAGCAAGACTCCGTCTCAAAAAGAAAAAAAA"
"chr1","9358404","9358710","KN295667v1","1481997","1482304","29","7876407","GGCTGGGCGCGGTGGCTCACGCCTGTAATCCCAGCACTTTGGGAGGCTGAGGTGGGTAGACTGCCTGAGCTCAGGAGTTCGAGACCAACCTGGGCAACATGGTGAAACCCTGCCTCTACTAAAACACAAAAATTAGACAGGCATGGTGGCCGGCGCCTGTAGTCGCAGCTACTCGGGAGGCTTAGGCACGAGAATTGCCTGAACCCGGGAGGCGGAGGTTGTAGTGAGCCAAGATCTCGCCACTGGGCTCCAGCCTGGGCGACAGAGACTCTGTCTCAAAAAAAAAAAAAAAAAAAAAAAAAAGAGA","GCTGGGTGCGGTGGCTTATGCCTGTAATCCCAGCACTTTGGGAGGCTGAGGTGGATAGACTGCCTGAGTTCAAGAGTTCGAGACCAGCCTGGGCAACATGGTGAAACCCTGTCTCTACTAAAATACAAAAATTAGGCAGGCGTGGTGGCCGGCGCCTATAGTACCAGCTACTAGGGAGGCTGAGGCACGAGAATTGCTTGAACCCGGGAGGCGGAGGTTGTAGTGAGCCAAGATCTCGCCACTGTGCTCCAGCCTGGGCGACAGAGAGAGACCGTCTAAAAAAAAAAAAAAGAAAAAGAAAAAAAAAA"
"chr1","9365815","9366106","KN296809v1","909370","909660","37","8456445","GCCAGGTGCGGTGGCTCACGCCTGTAATCCCAACACTTTGGGAGACCGAGGCAGGCAGATTATCTGAGGTCAGGAGTTCGAGATTAGCCTGACCAACATGGCGAAACCTCGTCTCTACTAAAAATACAAAAATTAGCTGGGTGTGGTGGCAGATGCCTGTAATCCCAGCTGCTGGGGAGGCTGAGACAGGAGAATCGCTTGAACCCAGGAGGTGGGGGTTGCAATGAGCTCTAATCACGCCACTGCACTCCAGCCTGGGGGGACAGAGCGAGACTCTGTCTCAAAAAAAAAA","GGCCTGGTGGGTGGCTCATGCCTGTAATCCCAGCACTTTGGGAGGCCGAGGCAGGCAGATCACCTGAGGTCAGGAGTTCGATACTAGCCTGGCCAACATGGCAAAACCTCATCTCTACTAAAAATACAAAAATTAGCTGGGCGTGGTGGCAGGAGCCTGTAATCTCAGCTACTTGGGAGGCTGAGGCAGGAGGATCACTTGAACCTGGGAGGTAGAGGTTGCAGTGAGCCGAGATCATGCCACTGCACTCCAGCCTGGGCAACAGAGTGAGAGTCTGTCTAAAAAAAAAAA"
"chr1","9379288","9379581","KN295667v1","1458957","1459248","29","7920331","GACTGGGTGTGGTGGCTCACACCCGTAATCCCAACACTTTGGGAGGCTGAGGCAGGCAGATCACTTGAGCTCAGGGGTTCGAGACCAGCCTGGCCAACATGGTGAAACCCCATCTCTACTAAAAAATACAAAAATTAGCCAGGCATGGTGACGGGTGCCTGTAGCTCCAGCTACTAGGGAGGCTGAGGCAGGAGAATCCCTTGAACCTGGGAGGTGGAGGTTGCAGTGAGCCAAGATCATGCCACTACACTCTAGCCTGGTCAACAGAGTGAGACTCCCTCTGAGAAAAAAGAA","GACTGGGTGCGGTGGCTCACACTTGTAATTCCAACACTTTAGGAGGCCCAGGTAGGCAGATCACGTGAGCTCAGGAGTTCGAGACCAGCCTGGCCAACATGGTGAAACCCCATCTCTACTAAAAATACAAAATTAGCCAGGCATGGTGGCGGGTGCCCCTAGCCCCAATTCCTAGGGAGGCTGAGGCAGGAGAATCGCTTGCACCCGGGAGGTGGAGGTTGCAGTGAGCCAAGATCATGCCACTGCACTCTAACCTGGGCAATAGAGGGAGACTCCAACTGAGAAAAAAGAA"
"chr1","9405763","9406072","KN295667v1","1431587","1431885","29","7974176","GGCCAGGCGCTGTGGCTCACGCCTGTAATCCCAACATTTTGGGAGGCCTAGGCGGGCGGATCATTTGAGGTCAGGAGCTTGAGACCAGCCTGGCCAACATGGTGAAATCCCTTTTCCACTAAAAATACAAAAATTAGCCAGGTGTGGTGGCGGGCACTTGTTATCCCAGCTACCTGGGAGGCTGAGGCAGGAGAATTGCTTGAACCAAGGAGGCAGAGGTTGCAGTGAGCTGAGATCGCACTACTGCACTCCAGCCTGGGCAACAGATTGAGACTCTATCTCAAAAAAAAAAAAAAAAAAAAAAAAAAAA","GGCCAAGTGCGGCAGCTCATGCCTGTAATCCCAACATTTTGGGAGGCCTGGGTGGGCGGATCACTTGAGGTCAGGAGCTTGAGACCAGCCTGGCCAACATGGTGAAATCCCTTTTCCACTAAAAATACAAAAATTAGCCAGGTGTGGTGGTGGGCACTTGTTATCCCAGCTACCTGGGAGGCTGAGGCAGGAGAATTGCTTGAACCCGGGAGGCGGAGGTTGCAGTGAGCTGAGATCCCACCACTGCACTCCAACCTGGGCGACAGATTGAGACTCCATCTCAAAAAAAAAAAAAAAAA"
"chr1","9425973","9426275","KN297245v1","1416081","1416379","37","8009892","GACCAGGCACGGTGGCTCATGCCTGTAATCCCAGCACTTTTGACAGGTTGAGGCGGGCGGATCACCTGAGGTCAAGAGTTCGAGAGCAGCCTGGCCAACATGGTGAAATCCCATCTCTACTAAAAATACAAAAATTAGACAGGTGTGGTGGTGGGCGCCTGTAATCCCAGCTACTCGGGAGGCTGAGGCAGGAGAATTGCTTGAGCCCGGGAAGCGGAAGTTGCAACGAGCCGAGATCGCACCACCACACTCCAGCCTGGGCAACAGAACAAGACTCTGCCTCAAAGAATAAATAAAATAAAA","GGCCAGGCACGATGGCTCACGCCTGTAATCCCAGCACTTTGGGAGGCCGAGGCAGGTGGATCACCTGAGGTCAGGAGTTCGAGACCAGCCTGGTCAATATGGTGAAACCCTGTCTCTACTAAAAATACAAAAATTAGCCGGGCGTGGTGGTGGGCGCCTGTAATCCCAGCTACTCGGGAGTCTGAGGCAGGAGAATTGCTTGAACCCGGGAGGCGGAGGTTGCAGTGAGCCGAGATCACACCACTGCACTCCAGCCTGGTCAACAGAGCGAGACTCTGTCTAAAAAATAAAAAAAAAAA"
"chr1","9441170","9441467","KN296311v1","768493","768797","33","8672677","CGCGGTGGCTCACGCCTGTAATCCCAGCACTTTGAGAGGCCGAGGTGGGCAGATCACCTGAGGTCAGGAGTTTGAGACCAGTCTGGCCAACATAGTGAAACCCCATCTCTACTAAAAATACAAAAATAAGCTGGGCCTGGTGGTGAGCACCTGTAATCCCAGCTACTCGGGAGGCTGAGGCAGGAGAATCACTTGAACCCAGGAGGTGGAGGTTGCAGTGAGCCGAGATCGCACCACTGCACTCGAACCTGGGCGACAGTGCGAGATTCTGTTTAAAAAAAAAAAAAAAAAAAAAAAA","GGCCGGATGCGGTGACTCACTCCTGTAATCCCAGCACTTTGGGAGGCCGAGGTGGGCAGATCACCTGAGGTCACGAGTTTGAGACCAGCCTGGCCAACATGGTGAAACCCTGACTCTACTAAAAATACAAAAATTAGCTGGGTGTGGTGGTGAGCACCTGTAATCCCAGCTACTCAGGAGGCTGAGGCAGGAGAATCACTTGAACCCAGGAGGCGGAGGTTGCAGTGAGCTGAGATCGCGCCACTGCACTCCAGCCTGGGCGGCAGAGTGAGACTCCGTCTCAAAAAAAAAAAAAAAAAAAAGAA"
"chr1","9447939","9448203","KN295667v1","1390282","1390554","22","8057657","CCAGCACTTTGGGAGGCCAAGCCGGGTGGATCACCTGAGGTCAGGAGTTCAAGACCAGCCTGGCCAACATGGTGAAACCCCGTCTCTACTAAAAATACAAAAATTAGCCAGGCATGGTGGTGGGTGCCTGTAATCGTAGCTACTCGGGAGGCTGAGGCAGGAGAATCACCTGAACCCAGGAGGTGGAGGTTGCAGTGAGCCAAGATCACGCCACTGCACTCCAGCCTGGGCGACAGAGCAAGACTGCGTCTCAAAAAAAAAAGAA","CCAGCACTTTGGGAGGCCAGGCCAGGTGGATCACTTGAAGTCAGGCGTTCAAGACCAGCCTGGCCAACATGGTGAAACCCCGTCTCTACTAAAAATACAAAAATTAGCCAGGCATGGTGGTGGGTGCCTGTAATCGTAGCTACTCGGGAGGCTGAGACAGGAGAATCACTTGAACTCAGGAGGTGGAGGTTGCAGTGAGCCGAGATCACGCCACTGCACTCTAACCTGGGTGACAGAGCAAGACTCTTGTCTCAAAAAAAAAAAAAAAAAGAA"
"chr1","9473379","9473667","KN294911v1","1390696","1390976","54","8082683","GCCAGGCATGTTGGCTCACACCTGTAATCCCAGCATTTTGGGAGACCAAGGCAAGTCGAGACCAGCCTGGCCAACAACATAGTGAAACCCCGTCTATACTAAAATACGAAAATTAGCTGGGCGTAGTGGCGGGTGCCTATAATCCCGCTACTCGGAAGGCTGAGGTAGAAGAATCGCTTGAACCCGGGAGGCAGAAGTTGCAGTGAGTGGAGATTGCGCCACTGCACTCCAGCCTGGGCGACAGGGCAAGACTACATCTCAAAAAAAAAAAGAAGAAGAAGAAGAAGAA","GGTGTGGTGGTTCACGTCTGTAATCCCAGCACTTTGGGAGGCCAAGGCAGGCAGATCAGCCTGGCCAACATGGTGAAACCCCGTCTCTACTAAAAATACAAAAAATAGCTGGGCGTGGTGGCGGGTGCCTGTAATCCCAGCTACTTGGGATGCTGAGGCAGGAGAATCGTTTGAACCTGAGAGGTGGAGGTTGCAGTGAGCCGAGATTGCGCCATTTCACTCCAGCCTGGGCGACAGGGTGAGACTCTGTCTCAAAAAAAAACAAAAAAAAAACAAAAAAA"
"chr1","9485417","9485705","KN296383v1","83377","83676","42","9402040","CCAGGCACGGTAGCTCATGCCTGTAATCCCAGTACTTTGGGAGGCTGAGACAGTTGGATCACCTGAAGTCAAGACCAGCCTGGCCAACACGGTGAAACCCCGTCTCTACTAAATATACAAAAATTAGCCCAGCATGGTGGCAGGCACCTGTAATCCCAGCTATTTGGGAGGCCGAGGCAGGAGAATCGCTTGAACCTGGGAGTTGGAGTTTGCAGTGAGCAAAGATCTTGCCACTGCACTCCAGCCTGGGCAACAGAGCAAGACTCTGTCTCAAAAAAAAAAAAAAAAA","GGCCGGGCATGGTGGCTCATGCCTGTAATCCTAGCACTTTGGGAGTGTGAGGCAGGTGGATCACCTGAGGTCAGGAGTTTGAGACCAGCCTGACCAACATGGTGAAACCCCGTCTCTACTAAAAATACAAAAATTAGCCAGGCATGGTGGCAGGAACCTATAATCCCAGCTATTAGAGAGTCTGAGGCAGGAGAATTGCTTGAACCTGAGGAGTGGAGGTTGCAGTGAGCCGAGATCGTGCCACTGCACTGCAGCCTTGGCAACAGAGCGAGACTCTGTCTCAAAAAAAAGAAAAAAAAA"
"chr1","9493314","9493628","KN295667v1","1346648","1346961","20","8146666","GGGCGTGGCAGCTCACATCTGTAATCTCAGCACTATGGGAGGCTGAGGTGGGCAGATCACCTGAGCTCAGGAGTTCGAGACCAGCCTGGCCAACATGGCGAAACCCCATCTCTACTAAAAATACAAAAATGAGCCAAGTGTGGTGGCGGGTGCCTGTAATCCCAGCTACTTGTAATCCCTTTAGGCTGTGGCAGGAGAATCGCTTGAACCTGGGAGGTGGAGGTTGCAGTGAGCCAAGATGGCGCCACCGCACTCCAGCCTGGGTGACAGAACAAGACTCTGTCTCAAAAATAAATAAATATAAAAATAAACAAA","GGGTATGGTGGCTCACACCTGTAATCTCAGCACTTTGGGAGGCTGAGGTGGGCAGATCACTTGAGCTCAGGAGTTCAAGACCAACCTGGCCAACACGGAGAAACCCCACTCTACTAAAAATACAAAAATTAGCCAAGTGTGGTGGCGGGTGCCTGTAATACCAGCTACTTGTAATCCCTTTAGGCTGTGGCAGGAGAATCGCTTGAACCTGGGAGGCAGAGGTTGCAGTGAGCCAAGATGGCACCACTGCACTCCAGCCTGGGCGACCGAACAAGACTCTGTCTCAAAAATAAATAAATATAAAAATAAACAAA"
"chr1","9509840","9510072","KN295405v1","757351","757593","48","8752489","GGTCGGGCACAGTGACTCATGCCTGTAATCCCAGCAGTTTGGGAGGCCGAGGCAGACAGATCACTTGAGGGAAGGAGTTCAAGACCAGCCTGGCCAACATGGCAAAACCCCATCTCTACTAAAAATACAAAAATTAGCAAGGCGAGGTGGCAGTCGCCTGTAATCCCAGCTACTCGGGAAGCTGAGGCAGGAGAATCGCTTGAACCCAGGAGGTGGAGGTTGCAGTGAGCCAA","GGCCGGGCGCAGTGGCTCTCATGCCTGTAATCCCAGCACTTTGGGAGGCTGAGGTGAGTGGATCACTGGAGGTCAGAAGTTTGAGACCAGCCTGGCCACCATGGTGAAACTCCATCTCTACTAAAAATACAAAGATTAGCCAGGCATGGTGGTGGGCACCTTTAATCCCAGCTATCCAGGAGGCTGAGGCAGGAGAATTGCTTGAACCCAGGAGGCGGAGGTTGTGGTGAGCTGAGATCATGC"
"chr1","9510264","9510572","KN294957v1","62097","62408","40","9448167","GGCTGGGCGCAGTGTCTCACACCTGTAATCCCAGCGCTTTGGGAGGCTGAGGCGGGCAGATCACCTAAGGACAGGAGTTTGAGACCAGCCTGGCCAACATGGTGAAACCCCGTCTCTACTAAAAATACAAAATTAGGTGGGCATGGTGGCTGGCGCCTGTAATCCCAGCTACTTGGGAGGCTGAGGCAGGAAAATCGCTTGAATCTGGGAGGCAGAGCTTGCAGTGAGCTGAGATTGGGCCACTGCACTCCAGCCTGGGTGACAGCAAGATTCCGTTTCAAAAACAAACAAACAAACAACAACAACAAA","GGCCGGGTGCAGTGGCTCACACCTGTAATCCCAGCACTCTGGGAGGCTGAGGTGGGCAGATCACCTGAGGTCAGGAGTTCGAGACCAACCTGGCCAACATGGTGAAACCCCGTCTTTACTAAAAATACAAAAATTAGCCGGGCGTGGTGGCGGGCGCCTGTAATCCCAGCTATTCGGGAGGCTGAGGCAGGAGAATCGCTTGAACCTGGGAGGTGGAGGTTGCAGTGAGTCAAGATCGTGCCACTGCACTCCAGCCTGGGTGACAGAGCAAGACTTCATCTCAAAAAAAAAAAAAAAACAAAAACAAAAAAA"
"chr1","9522641","9522795","KN295480v1","3253296","3253454","24","6269345","GGGTGCTTGCAGTCCCAGCTACTCGGGAGGCTGAGGCAGGAGAATTGCTTGAACCCGGGAGGCAGAGTTTGCAGTGAGCCGAGATCTCGCCATTGCACTCCAGCCTGGTTGACAGAGCAAGACTCTGTCTCAAAAAAAAAAAAAAAAAAAAAAAA","ACAGGTGGGTGCCTGCAATCCCAGCTACTTGGGAGGCTGAGGCAGGAAAATAGCTTAAACCCAGGAGGCAGAGGTTGCAGTGAGCCGAGATCGTGCCTCTGCACTCCAGCCTGGGTGACAGAGCAAGACTCTGTTTCAAATTAAAAAAAAAAAAAAAAA"
"chr1","9525593","9525876","KN295667v1","1312596","1312884","36","8212997","AATCCCAGCACTTTGAGAGGCCAAAGCAGATGAACCACCTGAGACCAGGGGTTCAAGACCAGCCTGGCCAACATAGCAAAACCCCGTTTCTACTAAAAATACAAAAATTAGCCAGGTGTGGTGGTGGGCGCCTGTAGTCCCAGCTACTGGGGAGGCTGAGGCAGGAGAATCTCTTGAACCCGGGAGGCGGAGGTTGCAGTGAGCCCACATGGGGCCACTGCATTCCAGCCTAGGCCACAGGGTGAGACTCCATCTCAAAAAAAAAAAAAAAAAAAAAAAAAAAA","AATCCCAGCACTTTGAGAGGCCAAAGTGGGTGAACCACCTGAGTGGTTCAAGGAGTTCAAGACCAGCCTGGTTAACATAGCAAAACCCCGTTTCTACTAAAAATACAAAAATTAGCCAGGTGTGGTGGTGGGTGCCTGTAGTCCCAGGCTACTCTTGGGAGGCTGAGGCAGGAGAATCGCTTGAACCTGGGAGGCAGAGGTTGCACTGAGCCGAGATGGGGCCACTGCACTCTAGCCTGGGCCACAGAGCGAGACTCTATCTCAAACAAACAAACAAACAAACAAAAAA"
"chr1","9525877","9526137","KN295667v1","1312338","1312595","48","8213539","CTTTGGGAAGCCGAGGCAAGTGGATCACCTGCGGTCAGGAGTTCGAGACCACCCTGGCCAATGTGGTGAAACCTTGTCTCTACTAAAAATACTAAAATTAACCGGGCGTGGTGGCGGGCACCTATAGTACCAGCTATCCAGGAGGCTGAGGCGGGAGAGTTGCTTGAACCTGGGAGGCAGAGGTTGCAGATCACACCACTGCACTCCAGCCTGGGCAACAGAACTAGATTCCGTCTCAAAAAAAAAAAAAAAAAAAAAAAA","CTTTGGGAAACTGAGGCAAGTGGATCACCTGAGGTCAGGAGTTTGAGTCCACCCTGGCCAATGTGGTGAAACCCCATCTCTACTAAAAATACTAAAATTAGCTGAGCATGGTGGTGGGTGCCTGTAGTCCCAGCTACTCAGGAGGCTGAGGCAGGAGAATCGCTTGAACCTGGGAGGCAGAGGTGGCAGTGAGCTGAGATCACACCACTGCACTGCAGCCTGGGCAACAGAGCGAGACTCCATCTCAAAAAAAAAAAA"
"chr1","9526140","9526174","KN295605v1","731068","731107","10","8795072","GGCCAGGTGCGGTGGCTCACACCTGTAATCCCAGC","GGCCAGGCACAGTGGCTCACGCCTGTAATTCCAGCACTTT"
"chr1","9527043","9527352","KN296357v1","431311","431620","37","9095732","GGCCGAGCATGGTGGCTCACACCTGTAATCTCAGCACTTTGGGAGACTGAGGTGGGTGGATCACCTAAGGTCAGGAGTTCAAGACCAGCCTGGGCAACATGGTTGAAACCCCGTCTTTACTAAAAATACAAAAATTAGTTGGGGGTGGTGGCAGGCACCTGTAATCCCAGCTACTTGGGAGGCTGAGGCAGGAGAACCACTTGAACCTGGGAGATGGAGGTTGCAGTGAGCCAAGATCCCACCACTGCACTTTAGCCTAGGCAACAGAGTGAGACTCCGTTTCAAAAAAAAAAAAAAAAAAAAAAAAAAA","GGCTGGGCACAGTGGCTCACAACTGTAATCCCAGCACTTTGGGAGGCCAAGGCGGGTGGATCACCTGAGGTCAGGAGTTCAAGACCAGCATGGCCAACATGGTGAAACCCCATCTCTACTAAAAATACAAAAATTAGCTGGGCGTGGTGGTGGGCACCAGTAATCCCAGCTACTCGGGAGGCTGAGGCAGGGAGAATTGCTTGAACCTGGGAGGTGGAGGTTGCAGGGAGCCAAGATTGTGCCACTGCACTTGAGCCTAGGCAACAGAGCAAGACTCCATCTCAAAAAAAAAAAAAAAAAAAAAAAAAAA"
"chr1","9538352","9538646","KN295871v1","615076","615373","30","8923276","GGTCGGGCGTGGGGGCTCACGCCTGTAATCCCAGCACTTTGGGAGGCCGAGGCAGGTGGATCACCTGAGGTTGGGAGTTCGAGACCAGCCTGACCAACATGGTGAAACCCCATCTCTACTAAAAATACAAAAATTAGCCAGGCATGGTGGCAGGCACCTGTAATCCCAGCTACTTGGGAGGCTGAGCCAGGAGAATCACTTGAACCCGGGAGGTAGCGGTTGCAGTGAGCTGAGATTGCACCACTGCACCCCAGCCTGGGTGACACATTGAGACTCCGTCTCAAAAAAAAAAAAA","GGCCGGGCGCGGTGGCTCATGCCTGTAATCCCAGCACTTTGGGAGGCCGAGGCGGGAGGATCACCTGAGGTCAGGAGTTCAAGACCAGCCTGACCAACATGGTGAAACCCCGTCTCTACTAAAAAATACAAAAATTAGCCGGGCGTGGTGGCGGGCGCCTGTAATCCCAGCTACTTCGGGAGGCTTAGGCAAGAGAATCACTTGAACCCGGGAGGCAGAGTTTGCAGTAAGCTGAGATAGCGCCACTGCATTCCAGCCTGGGTGACAGAGTGAGACTCCGTCTCAAAAGAAAAAAAAA"
"chr1","9545566","9545866","KN295523v1","4197217","4197513","40","5348349","GGCCAGGCACAGTGGCTCACACCTGTAATCCCAGCTCTTTGGGAGGCCGAGACAGGGGCATCACTTGAGCTCAGGAGTTCAAGACCAGCCTGGCCAACATGGCAAAACGCTGTCTCTCCTAAAATACAAAAATTAGCTAAGTGTGGTGGTGGGCGCCTGTAATCCCAGCTACTTGGGAGATTGAGGCAGGAGAATCACTTGAACCCAGGAGGTGGAGGTTGCAGTGAGCCAGGATCGAGCCACTATACTCCAGCCTAGGCGACAGAGTAAGACTCCATCTCAAAAAGAAAAGAAAAGAAAA","GGCCAGGCACAGTGGCTCACGCCTCTAATCCCAGCACTTTGGGAGGCCGAGGCGGGCAGATCCCTTGAGGTCAGGAGTTCAAGACCAGCCTGGCCAACATGCAAAACCCCATCTCCACTAAAAATATAAAAATTAGCTGGGTGTGGTAGTGGGCGCCTATAATCCCAGCTACTTGGGAGGCTGAGGCATGAGAATCACTTGAACACGGGTGGTGGAGTTGCAGTGAGCCAAGATCAAGCCACTGCCCTCCAGCCTGGGCGACAGAGTGAGAATCCATCTCAAAAAAAAAAAAAAAAA"
"chr1","9553520","9553819","KN295430v1","2554896","2555197","34","6998624","GGCTGAGTGTGGTGGCTCATGCCTGTAAACCCAGCACTTTGGGAGGGCGAGGTGGGAGGATCACCTGAGGTCAGGAGTTTGAGACCAGCCTGGCCAACATAGCAAAACCTTGTCTCTACTAAAAATACAAAAATTAGCTGGGCGTGGTGGCGGGTGCCTGTAATTCCAGCTACTTGGGAGGCTGAGGCAGGAGAATTGCTTGAACCTGGAAGGTGAAGGTTGCAGTGAGCAGAGATCACACCACTGCACACCAACCTGGGCAACAGAGAGAGAGTCTATCTCAAAAAAAAAAAAAAAAAA","GGCCGGGTGTGGTCACTCACACCTGTAATCCCAGCACTTTGGGAGGCCGAGATGCGTGGATCATCTGAGGTCAGGAGTTTGAGACCAGCCTGGCCAACATGGTGAAACCCTGTCTCTACTAAAAATACAAAAATTAGCTGGGTGTGGTGGCGGGCGCCTGTAATCCCAGCTACTCGGGAGGCTGAGGCAGGATAATTGCTTGAACCTGGGAGGCGGAGGTTGCAGTGAGCTGAGATCACACCACTGCACTCCAGTCTGGGCGACAGAGCGAGACTCTGTCTCCAAAAAAAAAAAGAAAAAAA"
"chr1","9559047","9559376","KN295667v1","1277876","1278194","30","8281171","GGCCGGGCGCAGTGGCTCACGCCTGTAATTCCAGCACTTTGGGAGGCTAAGGTGGGCAGGTGACTTGAGGTCAGGAATTCGAGACCAGCCTGGCCAACATGGAGAAACCCCGTCTCTACTAAAAATACAAAAATTAGCCAGGCGTGCCTGTAATCCCAGCTACTTGGGTGCCTGTAATCCCAGCTACTCGGGTGGCTGAGGCGGGAGAATCGCTCAAACCCAAGGGGCAGAGGCTGTAGAGCCGAGATTGCGCCACTGCACTCCAGCCTGGGCGACAGAGCAAAACTCTGTCTCAAAAACAAACAAACAAACAAACAAACAAAAAACAAA","GGCCGGGCGCAGTGGCTCACACCTGTAATTCCAAAACTTTGGGAGGCTGAGGTGGGCAGGTGACTTGAGGTCAGGAGTTTGAGACCACCCTGGCCAACATGGAGAAACCCCGTCTCTACGGAAAATACAAAAATTAGCCAGGCGTGCCTGTAATCCCAGCTACTGGGGTGCCTGTAATTCCAGCTACTTGGGTGGCTGAGGCAGGAGAATCGTTCAAAACCAAGAGGCAGAGGCGGTAGAGCCGAGATTGCGCCATTGCACTCCAGCCTGGGCGACAGAGCAAACCTGTCTCAAAAACAGACAACAAACAAAAAACAAA"
"chr1","9563611","9563925","KN295667v1","1273392","1273710","33","8290219","GGCCGGGTGCGGTGGCTCACGCCTGTAATCCCAGCACTTTGGGAGGCTGAGGCGGGTGGATCACCTTAGGTCAGGAGTTCTAGACCAACCTGGCCAACATGGTGAAACCCTATCTCTACTAAAAATACAAAAAAAAATTAGCTGGGCATGGTGGCAGTTGCCTGTAATCCCAGCTACTCAGGAGGCTGAGTCAGAAGAATCACTTGAACTTGGGAGGCTGTGGTTGTAGTGAGCAGAGATCATGCCACTGCACTCCAGCCTGGGCGACAGAATGAGACTCCTTCTCAAAAAAAAAAAAAAAAAGAAAGAAAGAAA","GGCCGGGTGTGGTGGCTCATACCTATAATCCCAGCACTTTGGGAGGCCAAGGTGGGTGGATCACCTGAGGTCAGGAGTTCTAGACCAGCCTGGCCAACATGGTGAAACCCCATCTCTACTAAAAATACACAAAAAATCAGCCGGGCATGGTGGCAGGTGCCTGTAATCCCAGCTAGGCAGCTGGGAGGCTGAGGCAGAAGAATCACTTGAACTTGGGAGGCAGAGGTTGCAGTGAGCAGAGATCATGCTACTGCACTCCAGCCTGGGCGACAAAGTGAGACTCCATCTCAAAAAAAGAAAAAAAAAAAAAAAGAAAGAA"
"chr1","9565633","9565934","KN295667v1","1271012","1271315","32","8294621","GGCTGGGCGCAGTGGCTTGGCTTGTAATCCCAGCACTTAGGGAGGCTGAGGCAGGTGGATCACCTGAGATCAGGAGTTCAAGACCAGCCTGGCCAACACAGTGAAACCCCATCTCTACCAAAAATACAAAAATTAGCTGGGTGTGGAGGCAGGCACCTGTAATCCCAGCTACTTCGGAGGCTGAAGCAGGAGAATCGCTTGAACCCAGGAGGCAGAAGTTGCTGTGAGCCAAGATCGTGCCACTGCCCTCCAGCCTGGGCAGCTGAGCAAGACTCCATCTCAAATAAATAAATAAATAAGAA","GGCTGCGCACAGTGGCTTGCACCTATAATCCCAGCACTTAGGGAGACTGAGGCAGGCAGACCACCTGAGGTCAGGAGTTCGAGACCAGCCTGGTCAACACAGTGAAACCCCATCTCTACTAAAAATACGAAAATTAGCTGGGTGTGGTGGCTGTCACCTGTAATCCCAGCTACCCGGGAGGCTGAGGCAGGAGAATCACTTGAACCCAGGAGGCAAAAGTTGCTGTGAGCGGAGATTGTGCCACTGCACTCCAGCCTGGGCAACTCAGCAAGACTCCAGCTCAAATAAATAAATAAATAAGAAA"
"chr1","9571966","9572278","KN295667v1","1265662","1265959","38","8306304","GGCCTGGCATGGTGGCTCATGCCTGTAATTCCAGCACTTTGGGAGGCTGAGGTGGGCGGATCACTTGAGGTCAGGAGTTTGAGACCAGCCAGGCCAACATGGTGAAAGCCCTTCTCTACTAAATATACAAAAATTAGCTGGGTGTGGTGGCAGGCACCTGTGCTTCCAGCTACTTGGGAGGCTGAGGTAGGAGAATTCCTTGAACCTGGGAGGCAGAGGCTGCAGTAAGCCGAGATTGCACCACAGCACTCCAGCCTGGGTGACAAGGCGAGACTCCACCTCAAAAAAAAAAAAAAAAAAAAAACTAAAAAAA","GGCCGGGCACGGCGGCTCACGCCTGTAATTCCAGAACTTTGGGAGGCTGAGGTGGGCGGATCCCTTGAGGTCAGGAGTTTCAGACCAGCCTGGCCAACATGGTGAAACCCCTTCTCTACTAAATATACAAAAATTATCTGGGCGTGATGGCAGGCACCTGTGGTCCCAGCTACTTAGGAGGCTGAGTTAGAAGAATTGCTTGAACCTGGGAGGCAGAGGCTGCAGTGAGCCGAGATTGCGCCACTGAACTCCAGCCTGGGTGACAAAGCGAGACTCCACCTCAAAAAAAAAAAAAAAA"
"chr1","9576349","9576658","KN295667v1","1261205","1261509","45","8315144","GCTGAATGTGGTGGCTCACACCTGTAATCCTACCATTTTGGGAGGCCAAGGGGGGTGGATCACCTGAGGTCAGGAGTTCAAGACCAGCCTGGCCAACATGGTGAAACTCCATTTTTACTAAAAATACAAAATTAGCCTGGTGTGGTGGCTGCTGCCTGTAATCCCAGCTACTTGGGAGGTTGAGGCAGGAGAATTACATGAACCTGGGAGACAGAGGTTGCCGTGAGCCGAGATTGCACCACTGCATTACGGCCTAAGCGACAGAGAGAGATTCTGTTTCAAAAAAAAAAAAAAAAAAAAAAAAAAAAAA","GCCAAGTGTGGTGGCTCATACCTATAATCCCAGCACTCTGGGAGGCCGAGGCAGGAGGATCACCTGAGGTCAGGAGTTCAAGACCAACCTGGCCAACATGGTGAAACCCTCCTCTACTAAATATACAAAATTAGCCGGGCGTGGTGGTAGCTTCTCTGTAATCCCAGCTACTCGGGAAGCTGAGGCAGGAGAATTACATGAACCTGGGAGACAGAGGTTGACGTGAGCCGAGATTGCGCTACTGCACTGCAGCCTAGGTGACAGAGAGAGGCTCTGTCTCAAAAAAAAAAAAAAAAAAAAAAAAA"
"chr1","9577450","9577716","KN296096v1","1429416","1429683","42","8148034","GCTGGGTACGGTGGCTCATGCCTGTAATCCCAGCACTTTGGAAAGCCGAGGCAGGTAGATCATTTGAGGTCAGGAGTTTGGGACCAGCTTGGCCAACATGGTAAGACCCCATCTCTATTAAATATACAAAAATTAGCCAGGTGTGGTGGCAGGTGCCTGTAATCCCAGCTACTTGGAAGGCTGAGGCAAGAGAATCACTTGAACTCGGGAGGGGGAAGTTGCAGTGAGTTGAGATCGCGCCACTGCACTCCAGCATGGGTGACAGAG","GGCTAGGCATGGTGGTTCACGCCTGTAATCCCAGCACTTTGGGAGACCGAGGTGGGTGGATCACCTGATGTCAGGAGTTTGAGACCAGCCTGGCCAACATGGTGAAAAACCCCTTCTCTACTAAAAATATAAAAATTAGCCAGGTGTGGTGGCAGGTGCCTGTAATCCCAGCTACTAGGGAGGTTGAGGCAGGAGAATCTCTTGAACCTGGGAGGTGGAGGTTGCAGTGAGCCGAGATCATGCCACTGCACTCCAGCCTGGGCAACAG"
"chr1","9579453","9579770","KN295667v1","1258018","1258319","38","8321435","GGCCAGGTGTGGTGGCTTACACCTGTAATCCCAGCATTTTGGGATGCCAAGGTGGGCAGATCACTTGAGGTCAGGAGTTCGAGACCAGCCTGGCCAACATGGTGAAAACTCGTCTCCACTAAAGATACAAAAATTAGCTGGACATGGTGGTAGGTGCTTGTAATTCCAGCTACGCAGGGGGCTGAGGCAGGAGAAAGAGAATTGTTTGAATCTGGGAGGCGGAGATCGCAGTGAGCTGAGATCATGCCACTGCTCTCTAGCCTGGATGACAGAGTGAGACTCTGTCTCAAAAAAAAAAAAAAAAAAAAGAAAAAAGAA","GGCTGGGAGTGGTAGCTTACACCTGCAATCCCAGCATTTTGGGAGGCCAAGGTGGGCAGATCACTTGAGGTCAGGAGTTTGAGACCAGCCTGGCCAACATGGTGAAAACTCATCTCTACTAAAAATACAAAAATTAGCTGGACATGGTGGTGGGTGCCTGTAATCCCGGCTACTCAGGGGGCTGAGGCAGGAAAATTGCTTGAATCTGGGAGGCGGAGGTTGCAGTGAGCTGAGATCATGCCACTGCACTCCAGCCTGGATGACAGAGTGAGACTCCGTCTCAAAAAAAAAAGAAAAGAAAA"
"chr1","9581412","9581721","KN294245v1","511576","511887","32","9069836","GGCCGGGCGCAGTGACTCACGCCTGTAATCCCAGCACATTGGGAGGCCAAGGCAGGTGGATCACCTGAGGTCAGGAGTTCAAAACCAGCCTAGCCAACATGGTGAAACCCCATCTCTACCAAAAATACAAAAATTAGCTGGGCATGGTGGCGGGCGCCTGTAATCCCAGCTACTCAGGAGGCTGAGGCAGGAGAATCGCTTGAACCCAGGAGGCAGAGGTTGCAATGAGTTGAGATCGCACCACTGCACTCCAGCGTGGGCGACAGAGTGAGACTCCATCTCAGAAAAAAAAAAAAAGGAAGAAGAGAAA","GGCTGGGCGTGGTGGCTCACACCTGTAATCCCAGTACTTTGGGAGGCCAAGGCGGGGGGATCACCCGAGGTCAGGAGTTCAAGACCAGCCTGGCCAACATGGTGAAACCCCGTCTCTACCAAAAATACAAAAATTAGCTGTGCATGGCGGCGGGTGCCTGTAATCCCAGCTACTCAGGAGGCTGAGGCAGGAGAATCATTTGAACCCAGGAGGCAGAGGTTGCAGTGAGTCGAGATCACGCCACTGCACTCCAGTCTGGGCAACAGAGTGAGACTCTGTCTCAGAAAAAAAAAAAAAAAAAGAAAGAAAGAA"
"chr1","9589762","9590055","KN295420v1","208371","208668","34","9381391","GACCAGGTGAAGTGGCTCATGCCTGTAATCCCAACACTTTGGGAGGCCAAAGCAGGCACATCATGAGGTCAGCAGTTTGAGACCAGCCTGACCAACATGGTGAAACCCTATCTCTACTAAAAATACAAAAATTAGCCAGGTGTGGTGGTGGACGCCTTTAATGCCAGCTACTCAGAAGGCTGAGGCAGGAGAACCACTTGAACCTGGGAGGCGGAGGTTGCAGTGAGCCAAGATCGCACCACTGCATTCCAGCCTGGGCAACAGAGTGAGACGCCATCTTAATAAATAAATAAA","GGCCAGGCGCAGTGGCTCATGCCTGTAATCCTAGCACTTTGGGAAGCTGAAGCAGGCAGATCTCATGAGGTCAGGAGTTCGAGACCAGCCTGGCCAACATGGTGAAACCCCATCTCTACTAAAAATACAAAAATTAGCCAGGTGTGGTGGTGGGCGCCTGTAATGCCAGCTACTCGGGAGGCTGAGGCAGGAGAATCACTTGAACCTGGGAGGCGGAAGTTGCAGTGACCCGAGATTGTGCCACTGCACTCTAGCCTGGGCAACAGAGTGAGACTCCATCTCAAAAAAATAAAAAAAA"
"chr1","9600617","9600911","KN295667v1","1234296","1234582","31","8366321","GCCAGGTGCAGTGGCTCACACCTGTAATCCCAGCACTTTGGGAGGCCGCGGGTGGATCACCAGAGATCAGGAGGTTGAGACCTGCCTGGCTAACATGGTGAAACCCCATCTTTACTAAAAATACAAAAATTAGCATGATGGGGGGCGCCTGTAATCCCGGCTACTCAGGAGGCTGAGGCAGGAGAATCACTTGAACCCAGGAGGCAGAGGTTGTGGTGAGCCGAGATCACGCCATTGCACTCCAGCCTCAGCAACAGAGCGAAACTCCATCTCAAAAAAAAAAAGAGAAAATAAA","GCCAAGCACGGTGACTCACACCTGTAATCCCAGCACTTTGGGAGGCCACAGGTGGATCGCCGGAGATCAGGAGGTCGAGACCTGCCTGGCTAACATGGTGAAACCCCAACTCTACTAAAAATACAAAAATTAGCGTGATGGGGGGTGCCTGTAATTCCAGCTACTCAGGAGACTGAGGCAGGAGAATCACTTGAACCCAGGAGGCAGAGGTTGTTGCGAGCCGAGATCACGCCACTGCACTCCAACCTGGGCAACAGAGCGAAACTCCATCTCAAAAAAAAAAAGAA"
"chr1","9602287","9602571","KN297046v1","1720911","1721193","37","7881376","GGGCGCAGTGGCTCACAACTATAATCCCAGCACTTTGGGAGGTCAAGGCGAGCAGATCACTTCAGGTCAGGAGTTTGAGACCAGTCTGGCCAACATGGTAAAACCTTGTCTCTACTAAAAATACAAAAATTAGCTGGGCATAGTGGCGGGTGCCTGTAATCCCAGCTACTTGGGAGGCTGAGGCAAGAGAATCGCTTGAACCGGAGAGGCAGAGGTTGCAGTGATCCGAGATCATGCCACTGCACTCCAGCCTGGGAGACAGAGTGAGACTCCATCTCAAAAAAA","GGGTGCGGTGGCTCACACCTGTAATCCCAGCACTTTGGGAGGCCAAGGTGGGCAAATCACTTGAGGTCAGGAGTTCGAGACCAGCCTGGCCAACATGGTGAAACCCTGTCTCTACTAAAAATACAAAAATTAGCTGGGCATGGTGGCAGGCGCCTGTAATTCCAGCTACTCAGGAGGCTGAGGCAAGAGAATCACTTGAACCCAGGAGATGGAGGTTGCAGTGAGCCGAGATTGCGACTGCACTCCAGCTTAGGTGACGGAGTAAGACCCTACCTCAAAAAAA"
"chr1","9607435","9607718","KN295366v1","124181","124471","35","9483254","CACGGTGGCTCATGTCTGTAATCCCAGCACTTTGGGAGGCTGAGGTGGGTGGATCACTTGAGGTCAGGAGTTTGAGACCAGCCTGGCCAACATGGTGAAACCCTGTCTCTACTAAAAATACAAAAATAATCCAGGCGTGGTGGTGGGCGCCTGTAATCCTAGCTACTCCGGAGGCTGAAGCATGAGAATCCCTTGAACCCAGGAGGCAGAGGTTGCAGTGAGCTGAGATAGTGTCACTGCACTCCAGCCTGGGTGACAGAGCAAGATTCTGTCTCAAAAAAAAA","GCTGGGTGCGGTGGCTTATGCCTGTAATCCCAGCATTTTGGGAGGCCGAGGTGGGCGGATCACTTGAGGTCAGGAGTTCAAGACCAGCCTGGCCAACATGGTGAAACCCTGTCTCTACTAAAAATACAAAAATTAGCTGGGCATGGTGGCCGGAGCCTGTAATTCCAGCTACTCAGGAAGCTGAGGCAGGAGAATCACTTGAACCCAGGAGGCAGAGGTTGCAGTGAGCTGAGATTGTGCCACTGCACTCCAGCCTGGGTGACAAAGCGAGACTCTGTCTCAAAAAAAGAA"
"chr1","9615371","9615668","KN295667v1","1226555","1226854","29","8388816","GGCCAGGCATGGCGGCTCATGCTAGTAATCCCAGCACTTTGGGAGGCCAAGGTGGGTAGATCACCTGAGGTCAGGAGTTCGAGACCAGACTGGCCAACATGGTAAAACCCCATCTCTACTAAAAATACAAAAATTAGGCATGGTGGCGAGCACCTGTAATCCCAGCTACTCGAGGCTGAGACAGGAGAATCGCTTGAACCCGGGAGGTGGAGGTTGCAGTGATCCAAGATCGCCCCGCTGCACTCCAGCCTGGCGACAGAGAGAGACTCCGTCTCAAAAAAAAAAAAAAAGGAAGAAA","GGCCGGGCATGGTGGCTCACGCGGGTAATCCCAGCACTTTGGGAGGCCGAGGTGGGTGGATCACCTGAGGTCAGGAATTCGAGACCAGCCTGGCCAACATGGCAAAACCCCGTCTCTACTAAAATAGCAAAAGTTAGGCATGGTGGTGAGCACCTGTAATCCCAGCTACTCGGGAGGCTGAGGCAGGAGAATTGCTTGAACCCAGGAGGTGGAGGTTGCAGTGACCCAAGATTGCCCCGCTGCACTACAGCCTGGGCGACAGAGCGAGACTCTGTCTCAAAAAAAAAAAAAGGAAAGAAA"
"chr1","9622200","9622469","KN294911v1","1390696","1390976","51","8231504","CGCCGCAGCTCATGCCTGTAATCCCAGTACTTTGGGAGGCCAAGGACCAGCCTGGCCAACATGGCAAAACTCCATCTCTACTAAAAATACAAAAATTAGTCAGGCATGGTGGCAGGCGCCTGTAATCCCAGCTACTTGGGAGGCTGAGGCAGGATAATCTCTTGAACCTGGAAGGCGGAGGTTTCAATGAGCCAAGATCGTGCCACTGCACTCCAGCCTGGGCGACAGAGTGAGACTCTGTCTAAAAACTAAAAATTAAAAAAAAAAAAA","GGTGTGGTGGTTCACGTCTGTAATCCCAGCACTTTGGGAGGCCAAGGCAGGCAGATCAGCCTGGCCAACATGGTGAAACCCCGTCTCTACTAAAAATACAAAAAATAGCTGGGCGTGGTGGCGGGTGCCTGTAATCCCAGCTACTTGGGATGCTGAGGCAGGAGAATCGTTTGAACCTGAGAGGTGGAGGTTGCAGTGAGCCGAGATTGCGCCATTTCACTCCAGCCTGGGCGACAGGGTGAGACTCTGTCTCAAAAAAAAACAAAAAAAAAACAAAAAAA"
"chr1","9623618","9623902","KN296119v1","588950","589232","44","9034668","GCTAAGCGCCGTGGATCATCCCTGCAATCCCAGCACTTTGGGAGGCCGAGGCGTGTGGATCATTTGAGGTCAGGGGTTCAAGACCTGTCTGGCCAACATTGCGAAACCCCGTCTCTACTAAAATTACAAAAATTAGCCGGGCATGGAAGCAGATGCCTGTAATCCCAGCTACTTGGGAGGCTGAGGCAGGAGAGAATCGCTTGAACCCAGGAGGCAGGGGTTGCATTGAGCTGAGATCGCACCATTGCACTGCACCCTGGGCAACGCAGTGAGATGCCATCTCAA","GGCTGGGCGCGGTGGCTCACGCCTGCAATCCCAGCACTTTGGGAGGCCAAGGCGGGTGGATCATTTGAGGTCAGGAGTTTGAGACCAGCCTGGCCAACATGGTGAAACCCCGTCTGTACTAAAAATACAAAAATTAGCTGGGCGTGGTGGTGGGTGCCTGTAATCCCAGCTACTTGGGAGGCTGAGACAGGAGAATCGCTTGAGCCCAGGAGGTAGAGGTTGCAGTGAGCAGAGATCGTGCCACTGCACTCCAGCCTGGGCAATACAGTGAGATATCATCCCA"
"chr1","9625241","9625562","KN295667v1","1215302","1215606","42","8409939","GGCTGGGAGCAGTGGCCGATGCCTGTAATCCCAGCACACTTTGGGAAGCTGAGGTAGGTGGATTGCTTGAGTTCAGGAATTTGAGACCAGCCTGGCCAACATGGTGAAACTCCATCTCTACAAAAAATACAAAAATTAGCCACACGTGGTGGCAGGTATGGGTGTCTGTAGTCCCAGCTACTTGGGAGGCTGAGGTAGGAGGATGATTTGAGCCCATGAGATGGAGGTGGCAGTGAGCCAAATTTGTGCCATTGCACCCCAGCCTGGGCAAGACAGCCAGATGCTCTCTCAAAAAAATAAATAACTAAAACTAAACATAAAA","GGCTGGGAGCAGTGGCTGACGCCTGTAATCCCAGCACAGTTTGGGAATCCAAGGTGGGTGGATTGCTTGAGCTCAGGAATTTGAGACCAGCCTGGCCAACATGGTGAAACCCCATCTGTACAAAAAATACAAAAATTAGCCAGGCGTGGTGGCAGGTACAGGTGCCTGTAGTCCCAGCTATCTGGGAGGCTGAAGTAGGAGGATGACTTGAGCCCAGGAGATGGAGGTGGCAGTGAGTCAAATTTGTGCCATTGCACCCCAGCCTGGGCAAGAGAGCTAGATGCTGTCTCAAAAACATAAAGAAA"
"chr1","9645258","9645558","KN296311v1","2834706","2835009","41","6810552","GGGCGTAGCGGCTCACACCTGTAATCCCAGCACTCTGGGAGGCTGAGGTGGGCAGATTACTTGAGATAAGGAGTTCTAGAGACCAGCCTGACCAACATGCTGAAACCCTGTCTCTACTAAAAATACAAAAATTAGCTGGGTGTGGTGGCAGGTGCCTGTAATCCCAGGTACTCAGGAGGCTGAGGCAGGAGAATCCCTTGAATCTGGGAGGCGGAGGTTACAGTGAGCCGATCTCGCACAACTGCACTCCAGCCTGAGCGACAGAGCAAGACTCTGTATCAAAAAAAAAAAAAAAAAAAAA","GGCCGGGCGTGGTGGCTCACGCCTGTAATCCCAGCACTTTGGGAGGCCGAGGTGGAAGGATTACCTGAGATAAAGAGTTCGAGATCAGCCTGGCCAGCATGGCAAAACCCCATCTCTGCTAAAAATACAAAAATTAGCTGGGTGTGGTGGCAGGTGCCTGTAATCCCAGCTACTCAGGAGGCTGAGGCAGGAGAATCGCTTGAACCTGGGAGGCGGAGGTTGCAGTGAGCCAAGATCACGCCACTGCACGCCAGCCTGGGCAACAGAGCAAGACTCTGTCTCAAAAAAAATAAAAACAACAAAA"
"chr1","9657989","9658076","KN296557v1","250189","250273","33","9407800","GCAGGACGTGGTGGCTGTTGTCTATAATCTCATCTACTCAGGAGGCTGAGGCAGCAGAATTGCTTGAACCCAGGAGGCAGAGGTTGTA","GGCCGGGCATGGTAGCTCATGCCTGTAATCCTAGCACTTTGGGAGACTGAGGCAAGCAGATCACTTGAGGTCAGGAGTTAAGACC"
"chr1","9662657","9662838","KN296153v1","3305899","3306083","28","6356758","AAAATTAGCTGGGTGTGGTGGTGAGTGCCTGTAATCCCAGCTACTTGGGAGGCTGAGGCAGGAGAATTGCTAGAACCCAGGAGGCAGAGGTTCCAGTGAGCCGAGATCATGTTACTGCACTCCAGCCTGGGCAACAGAGCGAGACTCCATCTCAAAAAAAAAAAAAAAAAAGAGAAAGAAAA","CCCAAAATTAGCCAGGTGTGGTGGCAGGCGCCTGTATTCTCAGCTACTCAGGAAGCTGAGGCAGGAGAATTGCTTGTACCTGGGAGGTAGAGGTTGCAGGGAGCTGAGATCATGCCACTGCACTCCAGCCTGGGCGACAGAGCGAGACTCCGTCTCAAAAAATAAAAAAAAAAAGACAAAGAAAA"
"chr1","9663938","9664251","KN296157v1","885718","886029","42","8778220","GGCCGGCTGTGGTGGCTCACCTGTGTAATCCCAGCACTTTGGGAGGCTGAGGCAGGTGGATCACCAGAGGTCAGGAATTGGAGACCAGCCTGGCCAACTTGGCGAAACCCCATCTCTACTAAAAATAAAAAATCAGCCAGGCATGGTGGCGGGCACCTGTAATCCCACCTACTCTGGAGGCTGAGGCAGGAGAATTGCTTGAACCCAGTGGGAGGCAGAGGTTGCAGTGAGCTGAGATCATGCCGCTTCACTCCAGCCTGGGTGAAAGAGTGAAACTCCATCTCAAAAAGAAAAAACAAAACAAAACAAAAAAA","GGCTGGGTGGGATGGCTCACACCTGTAATCCCAGCACTTTGGGAGGCTGAGGCGGGTGGATCACCTGAGGTCAGGAGTTCGAGACCAGCCTGGCCAACATGGTGAAACCTCATCTCTACTAAAAATACAAAAATTAGCCATGCATGGTGGTGGGTGCCTGTAATCCCAGCTACTTGGGAGGCTGAGGCAGGAGAATTGCTTGAACCTGGGAAGCAGAGGTTGCAGTGAGCTGAGATCACGCCACTGCTCTCCAGCCTGGGTGACAGAGTGAGATTTGGTCTCAAAAAAAAAAAAAAATAAAAAAAAAAAAAA"
"chr1","9677423","9677703","KN295667v1","1160918","1161188","36","8516505","CTGTAATCCCAGCACTTTGGGAGGCCAAGATGGGCACATCACCTGAGATTAGGAGCTCGAAACCAGGCTGGCCAACATGGCGAAACCCCGTCTCTACTAAAAATACAAAAATTAGCTGGGTGTGGTGGCAGGTGCCTGTAATCCCAGCTACTCAGGAGGCTGAGGCAGGAGAATCACTTGAACCCAGAAGGCAGAGGTTGCAGTGAGCCAAGATCGTACCAACTGCACTCCAGCCTGAGTAATAGAGTGAGACTCTGCCTCAAAAAAAAAAAAAAAAAAAA","CTGTAATCCCAGCACTTTGAGAAGCCAAGACAAGAATATCACCTGAGAAAAGGAGTTTGAAACTAGGCTGGCCAACATGGTGAAACCCCGTCTCTACTAAAAATACAAAAATTAGCCAGGCATGGTGGCGGGTGCTTGTAATCCCAGCTACTCAGGAGGCTGAGGCAGGAGAATCACTTGAACCAGGGAGGCAGAGGTTGCAGTGAGCCAAGATCGTACCCACTGCACTCCAGCCTGAGTGACAGAGTGAGACTGCCTCCAAAAAAAAAAA"
"chr1","9681834","9682116","KN296732v1","1323583","1323860","40","8358251","GGTGGATAATGTCCGGTAATCCCAGCACTTTGGGAGGCCAAGGCAGGCAGATATTCTTGAGATCAGGAGTTTGAGACCAGCCTGGCCAAGAAGGTGAATCCCTGTCTCTACTAAAAATACAAAAATTAGCCAGGCGGGGTGGCGGGCACCTGTAATTCCAGATACTTGGGAGGCTGAGGCAGGAGAATCGCTTGAACCCAGGAGGTGGAGGTTGCAGTGAGCCGAGATCATGCCATTGCACTCCAGCCTGGGCCACAGAGCGAGACTCCATCTCAAAAAAAAA","GTGGCTCATGCCTGTAATCCCAGCACTTTGAGAGGCCAAGGCAGACAGATCACTTGAGGTCAGAAGTTCGAGACCAGCCTGGCCAACACGGTGAAACCCTGTCTCTACTAAAAATACAAAAATTAGCCTGGGGTGGTGGGGGGCACCTGTAATCCCAGCTCCTCGGGAGGCTGAGGTGGGAGAACTGCTTGAACCCGGGAGGTGGAGTTTGCAGTGAGCCAAGAATATGCCACTGCACTCCAGCCTGGGCCACAAAGCAAGACTCTGTCTCAAAAAAA"
"chr1","9682176","9682424","KN294964v1","837958","838213","62","8844218","GGTGGCTAATGCCTGTAATCCCAGCACTTTGGGAGGCCAAGGCAGGCAGATAACTTGAGATCAGGAGTTTGAGACCAGCCTGGCCAATATGGTGAAACCCTGTCTCTACTAAAAATACAAAAATTAGCCAGGCGTGGTGGCGGGCACCTGTAAGGCTGAGGTGTGAGAAGCTGAGGAGCGTGGGCGGTTTGGGCCGCGGTGAGCCATGGGATTGTGCCACTCTACTCCAATCTGGACGGCACAGCAAGA","GGTGCAATAGCTCACACCTGTAATCCCAGCACTTTGGGAGGCCAAGGTGGGCAGATCACTTGAGGTCAGGAGTTCAAGACCAGCCTGGCCAACATGGTGAAACCCTGTCTCTACTAAAAATACAAAAATTAGCAAGGCATGGTGGCAGGCTCCTGTAATCCCAGCTACTCGAGAAGCTGAGACAGGAGAATCTATTGAACCTGAGAGGTTGCAGTGAGCTGAGATTGCACCACTGCACTCCAGTCTAGGCGACAGA"
"chr1","9696352","9696623","KN296938v1","974481","974751","42","8721871","GGCTAGGCATGGTGGCTCACGCCTGTAATCCCAGCACTTTGGGAGGCCAAAGTGGGAGGATCACCTGAGGTCAGGAGTTCAAGACAAGTCTGGCCAACATGGTGAAACCCCATCTCTACAAAAATATAAAAATTAACTGGGCATGATGGCGGGTGCCTGTAATCCCAGCTACTCGAAAGGCTACCTGGGAGGCAAGGTTATAGTGAGCCGAGATCGTGCCACTGCACTCCAGCCTGGGTGACAGAGCAAGACTCTGTTTAAAAAAAAAAAAA","GGCCAGGCGCGGTGGCTCATGCCTGTAATCCCAGCACTTTGGGAGGCCGAGGCAGGCAGATCACCTGCGGTCAGGAGTTCAAGACCACCCTGGCCAACATGGTAAAACCTCATCTCTACAAAAATACAAAAATTAGCTGGGCATGATGGTGGGTGCCTGTAATCCCAGCTACTTGGGAGGCTGAGGCAGAGGTTGCAGTGAGCCGCGTTCGTGCCATTGCACTCCAGCCTGAGCGACAGAGCGAGACTCTGTCTCAAAAAAAAATAAAAAA"
"chr1","9698032","9698279","KN297186v1","50383","50628","47","9647649","GGCTGGGCGCGGTGGCTCACACCTGTAATCCCAGCACTTTGGAAGGCCGAGGCTGGTGGATCACCTGTGGTCAGGAGTTCAAGACCAGCCTGGCCAACACGGTAAAACCCCATCTCTACAAAAAAAATACAAAATTAGCTGAGTGTGGTGGTGGGCGCCTGTAATCCCAGCTGCTGCGGAGACTGGGGCAGGAGAATCGCTTAAACCCAGGAGGAAGAGGTTGCAGTGAGCCAAAATAAGGTCACTAC","GGCTGGGCGTGGTGGCTCACGACTGTAATCCCAACACTTTGGGAGGCCGAGGCAGGCGGATCACCTGAGGTCAGGAGTTCAAGACCAGTCTGGCCAACATGGCAAAACCCCGTCTCTACTAAAAATACAAAATTAGTTGGGCATGGTGGCAGGCACCTGTAATCCCAGCTACTTGGGAGCCTGAGTCAGGAGAATGGCTTGAACCCGGCAGAGGTTGCAGTGAGCTGAGATCCAGCCTGGGCGACA"
"chr1","9721485","9721680","KN295117v1","248936","249134","38","9472549","AAAATTACCTGGGCATGGTGGCGGGCGCCTGTAATCCCAGCTACTCGGGAGGCTGAAGCAGGAGAATCGCTTGAACCCAGGAGACTGAGGTTGCAGTGAGCTGAGATCTTGTCACTCTACTCCAGCCTGGGTAACGGAGCAAGACTCCGTCTCAAAAACAAACAAACAAACAAAAACTAAACAAACAAAAAACAAA","TAAAAGGTAGCTGTGCATGGTGGTGGGCGCCTGTAATCCCAGCTACTTGGGAGGCTGAGACAAGATAATTGCTTGTACCCAGGAGTTGGAGGTTGCAGTGAGCTGAGATCGCGCCACTGTACTCCAGCCTGGGAGACAGAGCTAGATTCTGTCTCAAAAAAAAAAAAAAAAAAAAAAGAAAGAAAGAAAAAGAAAAAAA"
"chr1","9725737","9726031","KN295667v1","1112968","1113262","29","8612769","GCCAGGCGCGGTGGCTAATACCTGTAATCCCAGCACTTTGGGACGCCGAGATGGATGGATTACCTGAGGTCAGGAGTTCTAGACCAGCCTGGCCAACATGGCGAAACCCTGCCTCTACTAAAAATACAAAAATTAGCCAAGCATGGTGGTGGGCACCTGTAATCCCAGTTACTCAGGAGGCTGAGGCAGGGGAATGGCTCGAACCTGGGAGGGGGAGGTTGCAGTGATCCAAGATCACACCATTGCACTCCAGCCTGGGTGACAGAGTGAGACTCTGTTTAAAAGAAAAAAAAAA","GCCAGGCGCGGTGGCTCATGCCTGTAATCCCAGCACTTTGGGAGGCCGAGGTGGGTGGATCACCTGAGGTCAGGAGTTCTAAACCAGCCTGGCCAACATGGCAAAACCTGTCTTTACTAAAAATACAAAAATTAGCCAAGCGTGGTGGCAGGCACCCATAATCCCAGCTACTCAGAAGGCTGAGGCAGGGGAATTGCTTATACCTGGGAGGTGGAGGTTGCAGTGATCCAAGATCGCACCATTGCACTCCAGTCTGGGTGATAGAGCAAGACTCTGTTTAAAAGAAAAAAAAAAA"
"chr1","9737538","9737830","KN295366v1","124181","124471","35","9613357","GGCCGGGTGCAGTGGCTCATGCCAGTAATCCCAGCATTTTGGGAGGCCAAGGCAGGCAGATCACTTGAGGCCAGGAGTTCAAGACCAGCCTGGACAACATGGTGAAACCCCGTCTCTACTAAAAATACAAAAAAATATCTGGGCATGGTGGCAGATGCCTGTAATCCCAGCTACTCAGGAGGCTGAGGCAGGAGAATCGTTTGAACCCTGGATGCGGTGGTTGCAGTGAGCTGAGATGGCGCCACTGCACTCCAGCCTGGGTGACAGAGCAAGACTCCAACTCAGAAAAAAAA","GCTGGGTGCGGTGGCTTATGCCTGTAATCCCAGCATTTTGGGAGGCCGAGGTGGGCGGATCACTTGAGGTCAGGAGTTCAAGACCAGCCTGGCCAACATGGTGAAACCCTGTCTCTACTAAAAATACAAAAATTAGCTGGGCATGGTGGCCGGAGCCTGTAATTCCAGCTACTCAGGAAGCTGAGGCAGGAGAATCACTTGAACCCAGGAGGCAGAGGTTGCAGTGAGCTGAGATTGTGCCACTGCACTCCAGCCTGGGTGACAAAGCGAGACTCTGTCTCAAAAAAAGAA"
"chr1","9743021","9743293","KN297171v1","2628817","2629092","38","7114204","GCCTGGTGAGGTGGCTCATGCCTGTAATCCCAGCACTTTGGGAGGCCAAGGTGGGTGGATCATTTGAGGCCAGGAGTTCAAGACCAGCCTGGCCAACATGGTGAAACCCTGTCTCTACTAAAAATACAAAAATTGTCCAGGTATGGTAGTGGGCACCTGTAATCCCAGCTACTGGGGAGGCTGAGGCATGAGAATTGCTTAAACCCAGGAGGTGGAGGCTGAAGTGAGACAAGATTGCACTGCTGCACTCCAGCCTGGGCAACAGAGTGAGAC","GGCCAGGCGCGGTGGTTCATGCCTGTAATCCCAGCACTTTGGGAGGCCAAGGCAGGTGGATCACTTGAAGTCAGGAGTTCGAGACCAGCCTGGCCAACATGGTGAAACCCTGTCTCTACTAAAAATACAAAAATTAGCCGGGTGCGGTGGTGGGCACCTGTGATCCCAGCTACTCAAGAGGCTGAGGCAGGAGAATAGCTTGAACCCAGGAGGCAGAGGGTGCAGTGAGCCGAGATTGTGCCACTGCACTCCAGCCTGGGTGACAGAGTGAGACTC"
"chr1","9744646","9744957","KN295667v1","1095287","1095607","37","8649359","GGCCGGGCGCCATGGCTCCCAGCACTTTGGGAGGCCAAGGCAGGCGGATCACTTGAGGTCAGGACTTCGAGACCAGCCTGGCCAACATGGTGAAACCCTGTCTCTACTAAAAATACAAAAATAATTAGCCAGCCATGGTGGCAGGCGCCTGTAGTCCCAGCTACTCGGGAGGCAGAGGCAGGAGAATTGCTTGAACCCGGGAGGTAGAGGTTGCAGTGAGTTGAGACTGCGCCATTGTACTCCAGCCTGGGCAAAAGAGCGAGACTCTGTCTCAAAATAAATAAATAAATAAATAAATAAATGAAAAATAAA","GGCCAGGCACCATGGCTCACGCCTGTAATCCTAGCACTTTGGGAGGCCAAGGCAGGCGGATCACTTGAGGTCAGGACTTTGAGACCAGCCTGACCAACATGGTGAAATCCCATCTCTACTAAAAATACAAAAATAATTAGCCAGGCATGGTGGCAGGCACCTGTATTCCCAGCTACTTGGGAGGCTGAGGCAGAAGAATTGCTTGAACCCAGGAGGCAGAGGTTGCAGTGAGTTGAGATCGTGCCATTGTACTCCAGCCTGGTCAACAGAGCGAGGCTCTGTCTCAAAATAAATAAATAAATAAATAAATGAAAAAATAAA"
"chr1","9745968","9746241","KN295441v1","1228670","1228953","62","8517298","GGCCGGAGGCGATGGCTCACGCGTGTAATCCCGACATTTTGGGAGGACAAGGTGGGCAGATGGCTTGAGCCCAGCCTGGGCAACATGGCAAAATCCCATCTCCACAAAAACTAGCAGGGCATGGTGGTGGGCACCTGTAGTCCCAGCTCCTCCTGAGGCTGAGGCGGGAGGATCACTTGAGCCCAGAAAGCAGAGGTTGCAGTGAGCCGAGATCACACCAAGGCACTCCAGCCTGGGCGACAGAGCAAGAGTGTCTCAAAAAAAAAAAAAAAAA","GGCTGGGCACAGAGGCTCACGCCTGTAATCCCAGCACTTTGGGAGGCGGAGGTGGGGAGATCGCCTGAGGTCAGCCTGGCCAACATAGTGAAACCCCATGTCTACTAAAAATACAAAAACTAGCTGGGCATGGTGGCAGGCACCTGTAATCCCAACTACTCAGGAGGCTGAGGCAGGAGAATCGCTTGAACCCAGGAGGCGGAGGTTGCAGTGAGCCGAGATGGTGCCACTATACTCCAGCCTGGGCAACAGAGCAAGACTCCGTCTCAAAAAAAAAAAAAGAA"
"chr1","9746895","9747218","KN295667v1","1092218","1092523","47","8654677","GGTCGGGCACGGTGGCTCCCACCTGTAATCCTAGCACTTTGGGAGGGTGAGGCAGGAGGATTGTCTAAACTGAGGAGTTCAAGACTAGCCTAGGAAACATAGTGAGCCCTCGTCTCCACTAAAAATAAAAACAAATTCAAAAAAATTAGCCAAGCATACTGGTGGGTGCCTGTAATCCCAGCTACTCGGGAGGCTGAGGCACAAGAATCGCTTGAACCCGGGAAGCAGAGGTTGCAGTGAGCCACGATCGCGCCCCTGCACTCCAGCCTGGATGACAGAGCGAGCCTCTGTCTCAAAGAAACAACAAACAAACAAACAAACAAA","GGTCAGGCACGGTGGCTCCCACCTGTAATCCTAGCACTTTGGGAGGGTGAGGCAAGAGGACTATCTAAACTGAGGAGTTCAAGACTAGCCTAGGCAACATAGTAAGCCCTCATCTCCACTAAAAATAAAAACAAATTCAAAAAAAATTAGCCAGGCATAGTGGTGGGTGCCTGTAATCCCAGCTACTTGGGAGGCTGAGGTTCAAGAATCACTTGAACCTGGGAGGCGGAGGTTGCAGTGAGCAGAGATCGCGCCACTGCACTCCAGCCTGGGCAACAGAGCAAGACTCCATCTCAAATAAATAAA"
"chr1","9752173","9752475","KN294446v1","240983","241287","43","9511190","GGAGTGGTGGCTCACGCCTGGAATCCCAGCACTTTGGGGGGCTTGAGTCAGGAGGATCACCTGAGGTCAGGAGTTTGAGACCAGCCTGGCCAACATGGTGAAACCCTGTCTCTACTAAAAATACAAAATTAGCTGGGCGTGGTGGCGGGCGCCTGTAGGTAGTCCCAGCTACTTGGGAGGCTGAGGCAGGAGAATCACTTGAACCCAGGAAGCGGAGGTTGCAGTGAGCCGAGATCTCATGACTGCATTCCAGCCTGGATGACGAGGAAGACTCCGTCTCAAATAAATAAATAAATAAATAAA","GGCTGGATGTGGTGGCTAATGCCTGTAATCCCAGCACTTTGGGAGGCTGAGGCAGGTGGATCACTTGAGGTCAGGAGTTCGAGACCAGCCTGGCCAACATGGTGAAACCTCGTCTCTACTAAAAATACAAAAATTAGCTGGGCGTGGTGGCAGGCACCTGTAATCCCAGCTACTCGGGAGGCTGAGGCAGGAGAATCACTTGAACCTGGGAAGCAAAGGTTGCAGTGAGCCAAGATCGCATCACAGCACTCCAGCCTGGGTGACAGAGCAAGACTCCATCTCAAAAAAAAAAAAAAAAAGAAAAA"
"chr1","9779543","9779843","KN295667v1","1061564","1061858","34","8717979","GGCCAGACGCGGTGGCTCACACCTGTAATCCCAGCACTTTGGGAGGTTGAGACGGGGAGATCACTTGAGGTAAGAAGTTCAAGACCAGCCTGGCCAACATGGTGAAACCCCATCTCTACCAAAAATACAAAAATTAGCTGGGTGTGGTGGTGGGTGCCTGTGGTCCCTGCTACTCGGGAGGCTGAGGCATGAGAATCGCTTGAACCAGGAAGGTGGAGGCTACAGCGAGCCAAGATCGCACCACTGCACTCCAGCCTCGGTGACAGAGCGAGACTCCATCTCAAAAAAAACCAAAAACAAA","GGCCAGACGCAGTGGCTCACGCTTATAATCCCAGAACTTTGGGAGGCTAAGATGGGCAGATCACTTGAGGTGAGAAGTTCGAGACCAGCCTGGCCAACATGGTGAAACCCCATCTCTACCAAAAATACAAAACTTAGCAGGGTGTGGTGGTGGGTACCTGTGGTCCCAGCTACTTGGGAGGCTGAGGCAGGAGAACAGCTTGAACCAGGGAGGCAGCGGCTTCAGTGAGCCAAGATCGCACCACTGCACTCCAGCCTCGGTGACAGAGCAAGACTCCGTCTCAAAAATAAACAAA"
"chr1","9783186","9783510","KN296907v1","135138","135448","44","9648048","GGCCGGGCGCGGTGGCTCATGCCTGTAATCCCAGCACTTTGGGAGGCCAAGGCGGGTAGATCACCTGAGGTCAGGAGTTCTAGACTGGTCAAGACCAGTCTGACCAATATGGTGAAACCTTGTCTCTACTACAAATACAAAAATTAGCCGGGTGTGGTGGTGGGTGTCTGTAATCCCAGCTACTCGGGAGGCTGAGGCAGGAGAATTGCTTGAATCAGAGAGGCGGAGGCTGCAGTGAGCTAAGATCGTGCCACTGCACCACTCCAGCCTGGGCGACAGAGCGAGACTCCGTCTCAAAAAAAAAAAAAAAAAAAAAAAGAGAAAA","GGCCGGGAGCGGTTGCTCATGCCTGTAATCCCAGCACTTTGGGAGGCTGAGGCAGGCAGATCACCTGAGGTCAGGAGCTCAAGACCAGTCTGGTCAACATGGTAAGACCCTGTCTCTACTAAAAATACAAAAATTAGCCGGGTGTGGTGGTGGGCGCCTGTAATCCCAGCTACTCAGGAGGCTAGGGCAGGAGAATTGCTTGAACTCAGGAGGCGGAGGCTACAGTGAGCCGAGATTGTGTCACTGCACTCCAGCCTGGGTGACAGAGCAAGACTCCAACTCAAAAAAAAAAAAAAAAAAAGAAAAGAAAA"
"chr1","9793374","9793683","KN297408v1","42945","43252","34","9750429","GGCTGGGCGCAGTGGCTCACGCCTGTAATCCCAGCACTTTGGGAGGCCAAGAGGGTGGATCACCTGGGGTCAGGAGTTCGAGACCAGCCTGGCCAACATGATGAAACCCCGTCTGTACTGAAAATACAAAAATTAGCCAGGCATGGTGGCAGGCCCCTGTAATCCCAGCTACTTGGGAGGCTGAGACAGGAGAATCGCTTGAACCTAAGAGGCCGAGGTTGCAGTGAGCTGAGATGGCGCCACTGTACTCCAGCCTGGGCGACAGAGAGAGACTCCGTCTCAAAAAAAAAAAAAAAAGAAAAAAGAAAGA","CTGGGAGCAGTGACTTACGCCTGTAATCTCAGCACTTTGGGAGGCCAAGATGGGCGGATCACCTGAGGTCAGGAGTTCAAGACCAGCCTGGCCAACATGATGAAACCCCACCTCTACTAAAAATACAAAAATTAGCCAGGTACGGTGGCGGGTGCCTGTAACCCCAGCTACTCGGAAGGCTGAGGCAGGAGAATTGCTTGAACCTGAGAGGCGGAGGTTGTAGTGAGCTGAGATGGCGCCACTGCACTCCAGCCTGGGCAACAGCGTGAGACTCCGTCTCAAAAAAAAAAAAAAAGAAAAAAAGAAAA"
"chr1","9811294","9811586","KN295667v1","1034894","1035192","36","8776400","GCCGGGCGCGGTGGCTCACGCCTGTAATCCCAGCAGTTTGGGAGGCCGAGGCGGGCAGATCACCTGAGGTCAGGGGTTCAGGACCAGCCTGGCCAACATGGCAAAACCCTGTCTCTACTAAAAATACAAAAAATCAGCCAGGCACAGTGGCAGACACCTGTAATTCCACTTACGAGGCTGAGGCAGGAGAATCGCTTGAACCTGGGAGGCGGGGATTGCAGTGAGCGGAGATTGTGCCAGTGCACTCCAGCCTGGGCGACAGAGCAAGACTCTGTCTCAAAAAAAAAAAAAAA","GCTGGGCGTAGTGGCTCACGCCTGTAATCCTGGCACTTTGGGAGGCCAAGGTGGGCAGATCACCTGAGGTCAGGGGTTCAGGACCAGCCTGGCTGATGTGGCAAAACACTGTCTCTACTAAAAATACAAAAAATTAGCCAGGCAGGGTGGCAGGCCCCTGTAATCCCAGCTACTCAGGAGGCTGAGGCAGGAGAATCGCTTGAACCTGGGAGGTGGGGGTTGCAGCCAGCAGAGATCGCACCACTGCACTCCAGCCTGGGCGACAGAGCAAGACTCTGTCTTAAAAAAAAAAAAAAAAA"
"chr1","9819435","9819720","KN294170v1","66663","66947","45","9752772","CGGGCCTGTGGCTCATTCCTGTCATCCCAGCACTTTGGGAGCCCAAGGCAGGTGGATCACTTGAGGTCAGGAGTTCGAGACCAACCTGGCCAACATGGTGAAACCCCCATCTCTACTAAAAATACAAAAATTAGCTGGACGTGGTGGCAGGCGCCTGTAATCCCAGCTACTCGGGAGGCTGAGGCAGGAGAATCGCTTGAGCCCAAGAGCTGAGATTGCACCACTGCACTCCAGCCTGGGCTACAGAGTAAGACTCTGTTTCAAAAAAACAAAACAAACCAACAAA","GGCCGGGCATGGTGGCTCACACCTGAAATCTCAGCACTTTGGGAAGCCGAGGTGGGCGGGTCACTTGAGGTCAGGAGTTTGAGATCAGCCTGGCCAGCATGGTGAAACCCCGTCTCTACTAAAAATACAAAAATTAGCCAGGCATGGTGGCGGGCAGCTGTAATCCCAGCTACTTGAGAGGCTGAGGCAGGAGAACTGCTTGAGCCCGGGAGGCAGAGATTGCACCACTGCACTCCAGCCTGGGCGACAGAGCAAGACTCTGTTTCAAAAAAAAAAAAAAAAAAA"
"chr1","9845734","9846030","KN295871v1","542479","542775","33","9303255","GGCTGGGCGCAGTGGCTCACGCCTGTAATCCCAGCACTTTGGGAGGCCAAGACGGGTGGATCACCTGAGGTCAGGAGTTTGAGACCAGCCTGGCCAACAGGGTGAAAGCCCGTCTCTACTAAAAATACAAAAATTAACCGGGCGTTGTGGCAGGTCCCTGTAATCCCAGCTATTTGGGAGGCTGAGGCAGGAGAATCACTTGAACTCAGGAGGTGGAGGCTGCAGTGAGCCAAGATGATACCATTGCACTCCAGCCTGGGCGACAGAGTGAGACTCCATCTCAAAAAAAAAAAAAAA","GGCTGGGCACAGTGGCTCACACCTGTAATCCCAGCACTTTGGGAGGCCAAGGTGCGTGGATCACCTGAGGTCAGGAGTTTGAGACCAGCCTGGCCAACATGGTGAAACCCTGTCTCTACTAAAAATACAAAAATCAGCCAGGCATGGTGGCAGATTCCTGTAATCCCAGCTACTCTGGAGCCTGAGGCAGAAGAATCGCTTGAACCCAGGAGGTAGAGGTTGCAGTGAGCTGAGATCACGCCACTGCACTCCAGCCAGGGCAACAGAGTGAGACTCCATCTCAAAAAAAAGAAAAAA"
"chr1","9858720","9859012","KN296859v1","1270289","1270582","46","8588431","GCTAGACGTGGTGGCTTGCGCCTGTAATCCCAGAACTTTGAGAGGCTGAGGCGGGCAGATCAACTAAGGTCAAGAGTTCAAACCAGCCTGGCCAATATGGTGAAACTCTGTCTCTACAAAAATACAAAAATTAGCCAGGCATGATGGCAGATGCCTGTAATCTCAGCTACTTGGGAGGCTGAGGTGGGAGAATCACTTAAACACAGGAAGTGGAGGCTGCAGTGAGCCAAGATAGCACGACTGCATTCCAGCCTGGGCGACAGCGAGACTCTGTCTCAAAAGAAAAAAAAAAA","GGGCACGGTGGCTCACGCCTATAATCCCAGCACTTTGGGAGGCTGAGGTGGGCGGATCACCTGAGGTCAAGGGTTCAAGAGCAGCCTGACCAACATGGTGAAACCCTATCTCTACTAAAATACAAAAATTAGCCAGGCGCAGTGGCAGGTGCCTGTAATCTCAGCTAGTTGGGAGGCTGAGGCGGGAGAATCACTTGAAACAAGGAGGCGGAGGTTGCAGTGAGCCAAGATCGCACCATTGCACTCCAGCCTGGCAAGAGAGCGAGACTCTGTCTCAAAAAAAAAAAAAAAGAA"
"chr1","9859773","9860019","KN295667v1","986650","986885","32","8873123","CAGATCACTTGAGGTCAGGGGTCTAAGACCAGCCTGATCAACATGATGAAACCCCCGCTCTACTAAAAATAAAAAATTAGCCAGGCCTGGTGCGAGGTGCCTATAATCTCAGCTACTTGGGAGGCTGAGGCAGGAGAATTGCTTGAACCCAGGAGGTTGCAGTGAGCCAAGAGTGTGCCACTACTCTCCAGCCTAGGTGACAAAGCTAGACTTCGTCTTAGAAAAAAAACAATAAATAAGAAGAAAA","CAGATCACTTGAGGTTAGGAGTTCAAGACCAGCCTGATCAACATGATGAAACTCCGTCTCTACTAAAAATACAAAACTTAGCCAGGCGTGGTGCTGGGTGCCTGTAATCCCAGCTACTCGGGAGGCTGAGGCAGGAGAATCACTTGAACCCGGGAGGTTGCAGTGAGCCAAGAGTGTGCCACTACTCTCCAGCCTAGGTGACAAAGCTAGACTTTGTCTTAGGAAAAAAAAAAAAA"
"chr1","9863062","9863390","KN295195v1","498294","498629","50","9364768","GGCCAGGCGCGGTGGCTCACACATGTAATCCCAGCACTTTGGGAGGCCAAGGTGGGCGGATCACCTGAGGTCAGGAGTTCAAGACCAGTCTGGCCAACACGGTGAAACCCTATCTCTACTAAAAATACAAACAACAACAACAAAAAATTAGCTGGGCGTGGTGGTGGGCACCTGTAATCCCAGCTACTCGAGAGGCTATAAGGTAGGAGAATCACTTGAACCCGGGAGGCAGCGGTTGCAGTGAGCTGAGATCGCACCACTGTACTCCAGCCTGGGGAACAGAGTGAGAAACTGTCTCAAAAAAAACCCACAAAAACAAAAACAAAAAA","GGCCAGGAGTGGTGGCTCACACCTGTAATCCCAGCACTTTGGGAGGCCGAGGTGGGTGGATCACCTGAGGTCAGGAGTTCAAGACCAGCCTGGCCAACCTGGTGAAACCCCGTCTCTACTAAAAATACAAAAAAAAAAAAAAAAAAAATTAGCTGGGCGAGGTGGTGGGAGCCTGTAATCCCACCTATTTGGGAGGCTGAGGCAGGAGAATCACTTGAACCTGCGAGGCGGAGGTTGCAGTGAGCTGAGATCATGCCATTGTACTCCAGCCTGGGTGACAGAGTGAGACTCCGTCTAAAAAAATAAAACAAACAAACAAACAAACAAACAAACAAA"
"chr1","9870612","9870913","KN294539v1","1287945","1288241","36","8582667","GGCCGGGTGTGGTGACTCACGCCTGTAATCCCAGTACTTTGGGAGGCTGAGGCGGGCGGATCACTTGAGATCAGGAGTTCAAGACCATCCTGGCCAATATGGTGAAATCCCATCTCTACTAAAAATACAAAAATTAGCGAGGCTTGGTGGCAGGCGCCTGTAATCCCAGCTGCTTGGGAGGCTGAGGCATGAGAATCGCTTGAACCCAGAAAGTGGAGGTTGCAGTGAGCTGAGATGCTACCACTGTACTCCAGCCTGGGCAACAGAGTGAGACTCTGTCTCAAAAAAAGAAAAAGAAACAA","GGCCGGATGCAGTGGCTCACGCCTGTAATCCCAGCACTTTGGGAGGCCGAGGCGGGCAGATCACCTGAGGTCAGGAGTTCGAGACCAGCTTGGCCAACATGGCAAAACCCCATCTCTACTAAAAATACAAAAATTAGCCAGGTGTGGTGGCAGGCGCCTGTAATCCCAGCTACTTGGGAGGCTGAGGCAGGAGAATCACTTGAACCCAGGAGGTGGAAGTTGCAGTGAGCTGAGATTGTGCCACTGCACTCCAGCCTAGGCAACAGAGCGAGACTCTGTCTCAAAAAAAAAAAAAAA"
"chr1","9874879","9875180","KN295430v1","2554896","2555197","32","7319983","GGCCGGGTGTGGTGGCCCACACCTGTAATCCCAGCATTTTGGGAGGCCAAGGTGGGTGGATCATCTGAGGTCAGGAGTTCGAGACCAGCCTGGCCAACATGGTGAAACCCGTCTCGACTAAAAATACAAAAATTAGCTGGACGTGGTGGCAGGCACCTGTAATTCCAGCTACTCAGGAGGCTGAGGCATGAGAATCGCTTGAACCTGGGAGGCGGAAGTTGCAGTGAGCCGAGATCATGCCACTGCACTCCAGCCTGGGCGACAGAGTGAGACTCCATTTCAAAAAAAAAAAAAAGAGAAAA","GGCCGGGTGTGGTCACTCACACCTGTAATCCCAGCACTTTGGGAGGCCGAGATGCGTGGATCATCTGAGGTCAGGAGTTTGAGACCAGCCTGGCCAACATGGTGAAACCCTGTCTCTACTAAAAATACAAAAATTAGCTGGGTGTGGTGGCGGGCGCCTGTAATCCCAGCTACTCGGGAGGCTGAGGCAGGATAATTGCTTGAACCTGGGAGGCGGAGGTTGCAGTGAGCTGAGATCACACCACTGCACTCCAGTCTGGGCGACAGAGCGAGACTCTGTCTCCAAAAAAAAAAAGAAAAAAA"
"chr1","9878492","9878777","KN295708v1","2784035","2784327","44","7094457","GGCCAGACGCCGTTGCTCCACCTGTAATCCCAGCACTCTGGGAGACTGAGGCAGGTGGATCACCTGAGGTCAGCAGTTTGCGGCCAGCCTGGCCAACAAAGCGAAACCCTCCCTCTACTAAAAATACAAAAATTAGCCGGGCGTGGTGGCGGCGGGCGCCTGTAATCCCAGCTACTCAGGAGGCTGAGGCAGGAGAATCGCTTGAACCTGGGAGGTTGCAGTGAGCCAAGATCGCACCACTGCACTCCAGCCTGGGCAACACAGCGAGACTGTCTCAAAAAAAAAA","GGCCAGGCATGGTGGCTTACACCTGTAATCCCAGCACTTTGGGAGGCTGAGGCCGGTGGATCACCTGAGGTCAGGAGATCGAGACCAGCCTGGCCAACATGGTGAAACCCCATCTCTACTAAAAATGCAAAAATTAGCCGGGCGTGGTGGTAGGCACCTGTAATCCCAGCTACTCAGGAGGCTGAGGCAGGAGAATCACTTGAATCTGTGAGGAAGAGGTTGCAGTGAGCCAAGATCGTGCCATTGCACTCCAGCCTGGGCGACAGAGCGAGACTCCGTCTCAAAAAAAAAAA"
"chr1","9882254","9882571","KN295667v1","962285","962594","35","8919969","GGCTGGGTGTGGTGGCTCACGCCTATAATCCCAGCACTTCGGGAGGCCAAGGCAGGCGCATCACCTGGGGTCAGGAGTTCAAGACCAGCCTGGCCAACACGGTGAAACCCTGTTTCTAATAAAAATACAAAAATTAGCAGGGCATGGTGGCGGGCACCTGTAATCCCAGCTAATGGGAGGCTGAGGCAGGAGAATTGCTTGAATCTGGGAGGCGGAGGTTGCAGTGAGCCAAAATTGCACCACTGGACTCCAGCCTGGGCGACAAACTGAGACACCGTCTCAAAAATAAAACAAAATAAAATAAAATAAAATAAAATA","GGCTGGGCATGGTGGCTCACACCTGTAATCCCAGCACTTTGGGAGGCCAAGGCTGGAGGATCACCTTAGGGCAGGAGTTCAAGACCAGCCTGGCCAACATGGTGAAACCCTGTCTCTACTAAAAATACAAAAATTAGCTGGGCATGGTGGCGGGCACCTGTAATCTCGGCTAATGGGAGGCTGAGGCAGGAGAATTGCTTGAATCTGGGAGGCAGAGGTTGCAGTGAGCCAAGATTGCACCACTGCACTACAGCCTAGGCAACAAAGCAAGACACCATCTCAAAAACAAAATAAATAAAATAAAATAAAA"
"chr1","9882881","9883175","KN296557v1","18517","18814","34","9864364","GGACGGGCATGGTGGCTCAAGCCTGTAATCGCAGCACTTTGGGAGGCCAAGGCGGGTGGATCACATAGGTCAGGAGTTCAAGACCATCCTGGCCAATATGGTGAAACCCCATCTCTACTAAAAATACAAAAATTAGCGAGGCGTGGTGGCAGGCACCTGTAATCCCAGCTACTCGGGAGGCTGAGGCAGGAGAACTGCTTGAACCCGGGAGGCAGAGGTTGCAGTGAGCTGAGATTGCACCACTGCACTCCAGCCTGGGTGACAGAGCAAGACTGTTTCAGGAGAAAAAAAAAAA","GGCCAGGCGCAGTGGCTCACGCCTATAATCCCAGCACTTTGGGAGGCTGAGGCGGGTGGATCACCTGAGGTTAGGAGTTCAAGACCAGCCTGACCAATATGGTGAAACCCCGTCTCTACTAAAAATACAAAAATTAGCTGGGTGTGGTGGCAGGCACCTGTAGTCCCAGCTACTCTGGAGGCTGAGACAGGAGAATTACTTGAACCTGGGAGGCAGAGGTTACAGTGAGCTGAGATTGTACCATTGCACTCCAGCCTGGGTGACAGAGCGAGACTCCGTTTCAAAAAAAAAAAAAAAA"
"chr1","9897906","9898215","KN295846v1","24517","24819","40","9873389","GGCTGGGCGCGGTGGCTCACGTCTGTAATCCCAGCACTTTGGGAGGCCGAGGCAGGCAGATCACCTGAAGTCAGGAGTTCGAAACCAGCCTGGCCAACATGGCGAAACCCCCGTCTCTACTAAAAACACTAAAAATTAGCCAGGTGTGGTGGTGGGTGCCTGTAATCCCAGCTACTCAGGAGGCTGAGGCAGGAGAATTGCTTGAACCCGGGAGGTGGAGGTTGCAGTGAGCTGAAATTGATTGTGCTATTGCACTCCACTGCAGCCTGGCTGACAGAGTGAGACTCCGTCTCAAAAAAAAAAAAACAAA","GGCTGGGCGCGGTGGCTCACATCTATAATCCCAGCACTTTGGGAGGCCGAGGCAGGTGGATCACCAGAGGTCAGGAGTTCGAGACCAGCCTGGCCAACATGGTGAAACCCCATCTCTACTAAAAATATTAAAAAATTAGCCGGGCATGGTAGTGGGTGCCTGTAATCCCAGCTACTCAGGAGGCTGAGGCAGGAGAATTGCTTGAACCCAGGAGATGGAGGTTGCAGTGAGCCAACATGGTCCCACTGCACTCCAGCCTGGGTGACACAGTGAGACTCCATCTCAAAAAAAAAAAAAAAAAAA"
"chr1","9903277","9903569","KN294181v1","1424178","1424469","38","8479099","GGCTGCACGTGGTGGCTCACACCTGTAATCCCAGCACTTTGGGAGGCCGAGGCAGGCGGATCACTTAAGGTCAGGAGTTCAAGACCAGCAGCTTGGCCAACATGCTGAAACTCCATCTCTACTAAAAATACAAAAATTAGTGGGCATGGTGGTGGGCACCTGTAATCCCAACTACTCAGGAGGCTGAGGCAGGAGAATTGTTTGAACCCAGAAGGCGGAGGTTGCAGTGAGCTGAGGCTGTGCCACTGTGCTCCAGCCTGGGTGGCAGAGTGAGACTCCATCTCAAAAAAAAA","GCCGGGCACAGTGGCTCACACCTGTAATCCCAGCACTTTGGGAGGCCAAGGCAGGTGGATCATTTGAGGTCAGGAGTTCAAGACCAGCCTGGCCAACCTGGTGAAACCCTGTCTCTACTACAAATACAAAAAAATTAGCCAGGCATGGTGGCGGGCGCCTATAATCCCAGCTACTCAGGAGGCTGAGGCAGGAGAATCGCTTGAACCCAGGAAGCAGAGGTTGCAGTGAGCTGAGACTGTGCCACTGCACTCCAGCCTGGGTGACAGAGTGAGACTCCATTTCAAAAAAAAA"
"chr1","9903603","9903952","KN295596v1","3344205","3344548","72","6559398","GGCCAGGCCCAGTGGCTTATGCTTGTAATCCCAACACTTTGGGAGGCTGAGGCGGGTGGATCACCTGAGGTCAGGAGTTCCAGACCAGTCTGGCCAACATGGGGAAATCATGTCTCTACTAAAAATACAAAAATTAGCTGGGCATGGTGGCGGGTGCCTGTAATCCCAGCTACTCGGGAGGCTGGGGCAGGAGAATCATTTGCTACTCGGGAGGCTGGGGCAGGAGAATCATTTGAACCCGCGAGGTGAAGGCTGCAGTGAGCTGAGATCGGTCGTGCCACTGCACTCCAGCCTAGGCGACAGCGAGACTCCATTTCAGGGGGAAAAATAACAACAATAACAACAAAAAA","GGCCAGGTGCAGTGGCTCAGGCCTATAATCCCAGCACTTTGGGAGGCTGAGTAGGGCGGATCACCTGAGGTCAGGAGTTCAAGACCAGCCTAGCCAACATGGTGAAACCCCGTCTCTACTAAAAATACATATATAAAAATTAGCCAGGTGTCGTGGCAGGTGCCTGTAATCCCAGCTACTTGGGAGGCTGAGGCAGGAAGAATCCCAGCTACTTGGGAAGCTAAGGCAGGGAGAATCACTTGAACCCAGGAGGCAAAGGATGCAGTGAGCCGAGATGGCACCACTGCACTCCAGCCTGGGCGACAGAGTGAGACTCCGTCTCAAAAACAAAAAACAAACAAAAA"
"chr1","9908180","9908486","KN295667v1","935547","935849","38","8972633","GGTTGGGCATGGTGGCTGACGCCTCTAACAGCACTTTGGGAGGCCAAGGTGCCCGGATCACTTGAAGTCAGGAGTTTGAGACCAGCCTGGCCAACATGGTGAAACCCTGTCTCTACTAAACACAGAAAAATTAGCTGGGCGTGGTGGTGGGCACCTGTAATCCCAGCTACTCGGGGGGCTGAAGCAGGAGAACTGCTTGAACCTAGGAGGCAGAGGTTGCAGTGAGCTTAGATCATGCCACCGCACTCCAGCCTGGGCGACAGGGCAAGACTGTCTCCAAAAACAAAAACAAACAAACAAAAAAAAA","GGCCGGGCGTGGTGGCTGATGCCTGTAATCCCAGCACTCTGGGAGGCCAAAGCAGCCGGATCACCTGAGGTCAGGAGTTTGAGACCAGCCTGGCCAACATGGTGAAACCCCGTCTCTACTAAACACACAAAAATTAGCTGGGTGTGGCGGCAGGCGCCTGTAATCCCAGCTACTTGCGGGGCTGAAGCAGGAGAACTGCTTGAACCTGGGAGGCAGAGGTTGCAGTGAGTCGAGAGCATGCCACTGCACTCCGGCCTGGGCGACAGGGCAAGACTGTCTCAAAAAAAAAAAAAAAAAAAAAAA"
"chr1","9925221","9925519","KN295667v1","922992","923286","23","9002229","GACCAGGTGAGGTAGCTCAGCCCATAATCCTAGCACTCTGGGAGGCTAAGGCGGGAGGATCACTTGAGGTCAGGAGCTCAGGACCAGCCTGGCCAACATGGTGAAACCCCGTCTCTACTAAAAATATAAAAATTAGCCAGGCATGGTGGCGGGTGCCTAGTAATCCCAGTTACTCAGGAGGCTGAGGCATGAGAATTGCTTGAACCCAGGAAGTGGAGGTTGCAGTGAGCCGAGAGTACACCACTGCACTCCAGCCTGGGTGACAGGGCAAGACTCTGTCTAAAAAACAAAAAGAAAAA","CCAGGTGAGGTAGCTCAGCCTGTAATCCCAGTACTCTGGGAGGCTGAGGCGGGAGGATCACTTGAGGTCAGGAATTCAGGACCAGCCTGGCCAACATGGTGAAACCCCCTCTCTACTAAAAATACAAAAATTAGCCGGGCATGGTAGCGGGTGCCTAGTAATCCCAGTTACTCAGGAGGCTGAGGCATGAGAATTGCTTGAACCCAGGAGGTGGAGGTTGCAGTAAGCCAAGAATATGCCACTGCACTCCAGCCTGGGTGACAGGGTGAGACTGTCTAAAAAACAAAAAGAAAAA"
"chr1","9928009","9928297","KN295667v1","919962","920250","28","9008047","GGCCGGGCATAGTGCTCACGCCTGTAATCCCGGCACTTTGGAAGGCCAAAGCAGCTGGATCACTTGAGGTCAGGAGTTGGAGACCAGCCTGGCCAACATGGTGAAACCCCGTCTCTACTAAAAATACAAAAATCAGCTGGGCATGGTGGCAGGCACCTGTAATCCCAGCTACTCGAGAGGCTGAGGCAGGAGAATCTCTTGAACCCAGGAGGTGGAGGCTGCAGTGAGCCAAGATAACATCACTGCACTCCAGCCTGGGCGACAGAGTGAGACTCTATCTCAAAAAAAA","GGCCGGGCATAGTGCTCACGCCTGTAATCCCAGCACTTTGGGAGGCCGAGGCAGGTGGATCACTTGAGGTCAGGAGTTGGAGACCAGCCTGGCCAACACGGTGAAACCTCGTCTCTACTAAAATACAAAAACTAGCCAGGCATGGTGGCAGGCGCCTGTAATCCCAGCTACTGGGGAGGCTGAGGCAGGAGAATTTCTTGAACCCGGGAGACGGAGGCTGCAGTGAGTAAAGATCACATCACTGCACTCCAGCTTAGGCAATAGAGTGAGACTCCATCTCAAAAAAAAA"
"chr1","9933496","9933785","KN295667v1","914483","914772","22","9019013","GCTGGGTGCAGTGGCTTGCGCCTGTAATCCCAGCACTTTGGGAGGCCGAGGCCAGCGGATCACCTGAGGTCAGGAGTTCGAGACCAGCCTGGCCCACATGGTGAAACCCCATCTCTACTAACTATATAAAAATTAGCTGGGTGTACTGGTGGGCGCCTGTAATTCCAGCTACTTGGGAGGCTGAGGCAGGAGAATTGCTTGAACCCAGGAGGCGGAGGTTGCAGTGAGCCGAGATTGCGCCACTGCACTCCAGCCTGGGTGACAAAGCAAGACTCCATCTTAAAAACAAA","GCTGGGCGCAGTGGCTGGCGCCTATAATCCCAGCACTTTGGGAGGCCGAGGCTGGCGGATCACCTGAGGTCAGGAGTTCGAGACCAGCCTTGTCAACATGGTGACACCCCGTCTCTACTAAAAATATAAAAATTAGCTGGGTGTGCTGGTGGGTGCCTGTAATCCCAGCTACTTGGGAGGCTGAGGCAGAAGAATTGCTTGAACCCAGGAGGTGGAGGTTACAGTGAGCCAAGATTGCGCCCCTGCACTCCAGCCTGGGTGACAAAGCAAGATTCCGTCTTAAAAACAAA"
"chr1","9939494","9939795","KN295667v1","908881","909176","33","9030613","GGCCAGGCACAGTGGCTCATGCCTGTAATCCCAGCACTTTGGGAGGCTGAGGCGGGCAGACCACTTGAGGCCAGGAGTTTGAGACCAGGCTGGCCATCGTGGCAAAACTTTGTCTCTACTAAAAATACAAACATCAGCCAAGCATGGTGGCAGGTGCCTGTAATCCCAGCTACTTGGGAGGCTGAGGCAGGAGAATCACTTGAACCTGGGAGGCAGAAGTTGCAGTGAGCCAAGATGGCGCCACTGCATTGAAGCTTGGGTTGACAGAGCAAGACTCCAACTCAAAAAAAAAAAAAAAAAAA","GGCTGGGCACAGTGGCTCATGCCTATAATCCCAGCACTTTGGGAGGCTGAGGTGGGCAGACCATTTGAGGCCAGGAGTTTGAGACCGGCCTGGCCAACATGGCAAAACTCTGTCTCTACTAAAAATACAAAAATCAGTCAGATGTGGTGGCGGGCACTTGTAATCCCAGCTACTTGGGAGGCTGAGGCAGGAGAATCACTTGAACCTGGGAGGCAGAAGTTGCAGTGAGCCAAGATGGTGTCACTGCACTGAAGTGTGGGTGACAGAACAAGACTCCAACTCAAAAAACAAAAAAA"
"chr1","9942111","9942411","KN295667v1","908881","909176","32","9033230","GGCCAGGCACAGTGGCTCATGCCTGTAATCCCAGCACTTTGGGAGGCTGAGGCGGGCAGACCACCTGAGGCCAGGAGTTTGAGACCAGCCTGGCCATCGTGGCAAAACTTTGTCTCTACTAAAAATACAAACATCAGCCAAGCATGGTGGCAGGTGCCTGTAATCGCAGCTACTTGGGAGGCTGAGGCAGGAGAATCACTTGAACCTGGGAGGCAGAAGTTGCAGTGAGCCAAGATGGCGCCACTGCACTGAAGCTTGGGTTGACAGAGCAAGACTCCAACTCAAAAAAAAAAAAAAAAAA","GGCTGGGCACAGTGGCTCATGCCTATAATCCCAGCACTTTGGGAGGCTGAGGTGGGCAGACCATTTGAGGCCAGGAGTTTGAGACCGGCCTGGCCAACATGGCAAAACTCTGTCTCTACTAAAAATACAAAAATCAGTCAGATGTGGTGGCGGGCACTTGTAATCCCAGCTACTTGGGAGGCTGAGGCAGGAGAATCACTTGAACCTGGGAGGCAGAAGTTGCAGTGAGCCAAGATGGTGTCACTGCACTGAAGTGTGGGTGACAGAACAAGACTCCAACTCAAAAAACAAAAAAA"
"chr1","9943412","9943682","KN296158v1","1300156","1300415","45","8643256","AGGCCAAAGTGGGCAGATCACCAGAGGTCAGGAGTGTGAGACCAGCGTGGCCAACTTGGCAAAACTCCAAGTTTAGTCTCTACTAAAAATACAAAAATTAACTGGGTGTGGTGGCGGGCACCTGTAGTCCCAGCTACTACTTGGGAGGCTGAGGCAGGAGACTCACTTGAACCCCGGGAGGCAGAGGTTGCAGTGAGCCAAGATCGCACCACTGCACTCCATCCTGGGCAACAGAGCGAGACTCCATCTCAAAAAAAAAAAAAAAAAAAAA","GGCCTGAGGTGGGCGGATCACCTGAGTTCAGGAGTTTGAGACCAGCCTGGCCAACATGGTGAAACCCCATCTCCACTAAAAAGACAAAAATTAGCTGGGTATGGTGGCAGGCACCTGTAATCCTGGCTACTTGGGAGGCTGAGGCAGGAGAATCGCTTGAACCTGGGAGGCAGAGGTTGCAGTGAGCTGAGATCACACCACTGCGCTCCAGCCTAGGCAACCAAAGCGAGACTCCATCTCAAAAAAAAAAAAAAAAGAAA"
"chr1","9948237","9948549","KN295667v1","902658","902973","37","9045579","GGGCACAGTGGCCATGCCTGTAATCCCAGCACTTTGGGAGGCTGAGACGGGCGGCCACCGGAGGTCAGGAGTTTGAGACCAGCCTGGCCACCCATGGTCAATATGGTGAAACCCCATCTCTATTAAAAATACAAAAATTAGCCGGGAGTAGTGGCGGGCACCTGTAATCCCAGCTACTTGGGAGGCTGAGGCAGGAGCATGGCTTGAACCCGGGAGGCAGAGGTTGCAGTGAGCTGAGATTGCGCCACTGCACTCCAGCCTAGGTGACTGTGGGAGACTCTGTCTCAGAAAAAAAAAAAAAGAAAGAAAGAAA","GCTGGGCATGGTGGCCACGCCTGTAATCCCAGCACTTTGGGAGGCTGAGGCAGGTGGATCACCTGAGGTCAGGAGTTTGAGAGCAGCCTGGCGAACCATGGCCAATATGGTGAAACCCTATCTCTACTAAAAATACAAAAATTAGCCGGAGCAGTGGCGGGCACCTGTAATCCCAGCTACTTGGGAGGCGCTGAGGCAGGAGAATGGCTTGAACCTGGAAGGCAGAGGTTGCAGTGAGCTGAGATCACGTCACTGCACTCCAGCCTGGGTGACAGTGGGAGACTCCATCTCAGAAAAAAGAAAGAAAGAAAGAAAA"
"chr1","9949420","9949709","KN295667v1","901228","901512","23","9048192","GGCCAGGCACAGTGGCTCACACCTGTAATTCCAGCACTTTGGGAGGCAGAGGTGGGTGGATCACTTTAGGCCAGGAGTTCAAGACCAGCTTGGCCAACATGGTGAAACCCCACCTCTACTAAAAAGACAAAAATTAGCCAGGTGTGGTGGCAGGCGCCTGTAGTCCCAGCTACTAGAGAGGCTGAGGCAGGAGAATCACTTGAGCCTGGGAGGCAGAGGTTGCAGTGAGCCAAAATTATGCCACTGCACTCCAGCCTGGATGACACAGCGAGACTCCATCTCAGAAAAAA","GACCAGGCGCAGTGGCTCACACCTGTAATCCCAGGACTTTGGGAGGCAGAGGCTGGTGGATCACTTGAGGCCAGGAGTTCAAGACCAGCTTGGCCAACATGGTGAAACCCCATCTCTACTAAAAAGACCAAAATTAGCTGGGTGTGGTGGCGGGTGCCTGTAATCCCAGCTACTAGGGAGGCTGAAGCAGGAGAATCACTTGAGCCTGGGAGGCAGAGGTTGCAGTGAGCCAAAATTACGCCACTGCACTCCAGCCTGGATGACAGAGCGAGACTCCATCTCAAA"
"chr1","9981583","9981868","KN295667v1","866761","867045","34","9114822","GGCTGGGCATGGTGGCTCCCGCCTGTAATCCCAGCACTTTGGGAGGCCAAGGTGTATGGATCACCTGAAGTCAGGAGTTTGAGACCAGCCCGGGCAACATGGTGAAACCCCGTCTCTAATTAGCTGGGTGTGGTGGCGGGAGCCTGTAACCCCAGCTACTCGGGAGGCTGAGGCAGGAGAATTGCTTGAACTGGGAAGGTGGGGGCTGCAGTGAGCCGAGATCGCGCCACTGCACTCCAGCCTGGGTGACAGAACAAAACTCCTTCTCAAAAAAAAAAAAAAAAAA","GGCCAGGTATGGTGGCTCCTGCCTATAATCCCAGCACTTTGTGAGGCCAAAGTGTGTGGATCATCGGAGGTCAGGAGTTTGAGACCAGCCCGGGCAACATGGTGAAACTCCATCTCTAATTCACTGAGTATGGTGGCGGGCACCTGTAACCCCAGCTACTCGAGAGGCTGAGGCAGGAGAAACACTTGAACTGGGAAGATGGGGGGTGCCGTGAGCTGAGATTCCGCCACTGCACTCCAGCCTAGGCGACAGAGCAAAACGCCTTCTCAAAAAAAAAAAAAAAAA"
"chr1","9983798","9984107","KN294345v1","1184842","1185136","45","8798956","GCTGGGCGTGGTGGTTCATGCCTGTAATCCCAGCACTTTGGGAGGCCAAGGTGGGCAGATCACCTGAGGCCAGGAGTTCAAGACCAGCCTGGCCAACATGGCAACATCCTGTCTCTACTAAAAATACAAAAATTAGCTGAGCATGGTGGCAGGTGCCAGTAGTCCCAGCTACCCAGCTACTTGGGAGATTAAGGCAGGAGAACTGCTTGAATCTGGGAGGCGGAGCTTGCGGTGAGCCAAGATCACACCACTTTACTCCAGCCTGGGCAACAGAGCTAGACTCTGTCTCAAAAAAAAAAAATAATAATAA","GCTGGGCACGGTGGCTCATGCCTGTAATCCCAGTACTTTGGGAGGCCAAGGTGGGCAGATCACTTGAGGTCAGGAGTTCCAGACCAGCTTGGCCAACATGGTAAAACCCTGTCTCTACTAAAAATACAAAATTAGCTGGGCGTGGTAGCAGGTGCCTGTAAACCCAGCTACTTGGGAGTCTGAGGCAGGAGAATTGCTTGAACCTGGGAGACAAAGATTGCAGTGAGCCAAGATCACACCACTGCACTCCAGCCTGGGCAACAGAGTGAGACTCTGTCTCAAAAAAGAAAAAAAA"
"chr1","9991500","9991811","KN295667v1","857422","857720","39","9134078","GGCCAGGCACAATGGCTCATGCCTGTAATCCCAGCACTTTAGGAGGCCGAGGCAGGCAGATCACCTGAGGTTAAGAGTTTGAGACTAGCCTGGCCAACATGGTGAAACCCAGTCTCTATAAAAAGTACAAAAAATTAGCTGGGCGAGGTGGCGGACACCTGTAATCCCAGCTACTCGGAGACCGAGGCAGGAGAGTCGCTTGAACCTGGGAGGCGGCAGTTGCCTGGAGCCAAGATCATGCCACTGCACTCCAACCTGAGCGACAGAGTGAGACTCCATTTCAAAAAACAAAAACAATAAAACAGAAAAGAA","GGCCAGGCGCAGTGGCTCACGCCTGTAATCCTAGCACTTTGGGAGGCTGAGGCAGGCAGATCACCTGAGGTTAAGAGTTTGAGACTAGCCTGGCCAACATGGTGAAATCCAGTCTCTACAAAAAATTAGCTGGGCATGGTGGCAGGCGCCTGTAATCCTAGCTACTCAGAGGCTGAGGCAGGAGAATTGCTTGAACCTGGAAGGTGGCAGTTGCCTGGAGCCAAGATCACGCCATTGCACTCCAGCCTGAGCGACAGAGTGAGACTCTATCTCAAAAAACAAAAACAAAAACAATAAAA"
"chr1","10010641","10010932","KN295667v1","836894","837192","32","9173747","GGCTAGGCGTGGTGGCTCACGCCTGTAATCCCAGCACTTTGGGAGGCTGAGGCGGGCGGATCACGTGAAGTCAGGAGTTCAAGACCAGCCTGCCCAACATGGCAAAACCCCATCTCAACTGCAATACAAAAATTAGCTGGGCATGGTGGTGGGTGCCTATAATCCCAGCTACTTGGGAGGCTGAGGTGGGAGAATCGCTGGAACCCAGGAGGCGGAGGTTGCAGTGAGTTGCAATTGTGCCATTACATTCCAGCGTGGGTGACAGAGTAAGACTGTCTCAAAAACAAAACAA","GGCTGGGCGTGGTGGCTCACACCTGCACACCTGTAATCCCAGCACTTTGGGAGACTGAGGTGGGCAGATCACTTGAGGTCAGGAGTTCAAAACCAGCCTGCCCAACATGGCACAACCCCATCTCTACTGAAATACAAAAATTAGCTGGGCATGGTGGTGGGTGCCTGTAATCCCAGCTACTTGGGAGGCTGAGGCGGGAGAATTGCTGGAACCCAGGAGGCAGAGGTTGCAGTGAGCTGCAGTTGTGCCACTACACTCCAGCCTGGGTGACAGAGTAAGACTCTGTCTCAAAAACAAAA"
"chr1","10013108","10013272","KN296281v1","205219","205386","27","9807889","GCCAAGCGTGGTGGCAGGCACCTGTAATCCCAGTGACTCAGGTGGCTGAGGCAGGAGAATCACTTGAAGCTGGAAGGTGGAGGTTGCAGTGAGCTGAGATCGTGCCACTGTATTCCAGCCTGTGTGAAGAGTGAGACTCCGTCTCAAAAAATAAAAGAAATAAAA","TTAGCTGGGCATGGTGGCAGGCACCTGTAATCCCACCTACTTGGGAGGCTGAGGCAGGAGAATCGCTTGAACGTGGAAGGCAGAGGTTTCAGTGAGCTGAGATCGTGCCACTGCACTCCAGCCTGGGTGACAGAGTGAGACTCCATCTCAAAAAAAAAAAAAAAAAAA"
"chr1","10022615","10022917","KN294995v1","15599","15901","37","10007016","GGCCAGGTGCAGTGGCTCACCCCTGTATATGCCAACATTTTAGGAGGCCAAGGCGGGCGGATCACCTGAGGTCAGGAGCTCAAGACCAGCCTGGGCAACATGGTGAAAACCCGTCTCTACTAAAAATACAAAAATCAGCTGGGCATGATGGCGAGTGCCTGTAATCCCAGCGACTTGGGAGGCTGAGGCAGGAGAATCGCTTGAACCAGGGAGGTGGAGGTTGCAGTGAGCCAAGATCATGCCACTGCACTCCAGCCTGGGCGACGGAGGAAGACTCCGTCTCAAAAACAAAAAACAAAAAAA","GGCCAGAGGTGGTGGCTCATGCCTGTAATCCCAGTACTTTGGGAGGCCGAGGCGGGTGGATCACCTGAGGTCAGGAGTTCAAGACCAGCCTGGCCAACATGATGAAACCCCGTCTCTACAAAAATACAAAAATTAGCCGGGCATGATGGCAGGTGCCTGTAATCCCAGCTACTTGGGAGGCTGAGGCAGGAGAATCGCTGGAACCCGGGAGGCAGAGGTTGCAGTGAACTGAGATCATGCCACTGCACTCCAGCCTGGGTGACAGAGGAAGACTCCGTCTCACAAAAAAAAAAAAAAAAAGAA"
"chr1","10029694","10029986","KN295667v1","819253","819539","24","9210441","GCATGGTGGCTCACAGCTGTAGTCCCAGCACTTTGGGAGGCTGAGGCCAACAGATCACTTGAGGTCAGGAGTTCGAGACCAGCCTGGCCAACATGGTGAAACCCCGTCTCTACTAAAAATACAAAAAATTAGCTGGGCATGGTGGCGGGTGCCTGTAATCCCAGCTACTCAGGAGGCTGAGCAGGAGAATCACTTGAATCCAGGAGGTGGAGGTTTCAGTGAGCCAAGATTGCACCACTGTGCTCCAGCCTGGGCAACAGACTGAGACCCCATCTCAAAAAAAAGAAAAAAAA","GGCATGCTGGCTCACAGCTGTAGTCCCAGCACTTTGGGAGGCTGAGGCTGACAGATCACTTGAGGTCAGGAGTTCAAGACCAGCCTGGCCAACATGGTGAAACCCCATCTCTACTAAAAATACAAAAAAATTAGCTGGGCATGGTGGCGGGTGCCTGTAATTCCAGCTACTCAGGAGGATGAGGCAGGAGAATCACTTGAATCCAGGGGGTGGAGGTTGCAGTGAGCTAAGATTGCACCACTGCGCTCCAGCCTGGGCAACAGAGTGAGACCCCATCTCAAAAAAAA"
"chr1","10030625","10030928","KN294407v1","1559420","1559718","40","8471205","GTCGGGTGCGGTGGCACATGCCTGTAATCCCAGCAGTTCAGGAGGCCGAGGCGGGTGGATCACCTGAGGTCAAAAGTTTAAGACCATCCTGGCTGGTAGAGACAGTGAAACCCTGTCTCTACTAAAAATACAAAAATTAGCCAGGCATGGTGGTGGGCGCCTGTAATCCCAGCTACTCGGGAGGCTGAGACAGAAGAATCGCTTGAATCCGGGAGGCAGAGGTTGCAGTGAGCTGAGATCATGCCACTGCACTCTAGCCTGGGTGACAGAGCAAGACTTTGTCTCAAAAAAAAAAAAAAAAAAA","GGCCGGGTGCGGTGGCTGATGCCTGTAATCCCAGCACCTTGGGAGGCCGAGGTGGGCGGATCACCTGAGGTCGGGAGTTCAAGACCAGCCTGACTAACACGGTGAAACCCTGTCTCTACTAAAAATATAAAAATTAGCCAGGCGTGGTGGTGGGCGCCTATAATCCCAGCTACTCGGGAGGCTGAGGCAGGAGAATTGCTTGAACCCAGGAGGCAGAGATTGCAGTGAGCCGAGATCATGCCATTGCACTCCAGCCTGGGCAACAGAGCAAGACTCTGTCCAAAAAAAAAAAAAAAAGA"
"chr1","10034144","10034455","KN294407v1","2157068","2157379","35","7877076","GGCCGGGCATGGTGGCTCACACCTATAAATCCCAGCACTTTGGGAGGCTGAGGCGGGCAGACACTTGAGGTCAGGAGCTCAAGACCAGCCTGGCCAATATGGTGAAACCCTGTCTCTATGAAAAATACAAAAATTAGCCAGGTGTGGTGGCGGCCACCTGTAATCCCAGCTACTCAGGAGGCTGAGGCAGGAGAATCACTTGAACCTGGGAGGCAGAGGTTGCAGTGAGCTGAGATTGTGCCATTGCACTCCAGCCTGGGTGAGAGAGCAAGACTCCATCTCAAAAAAAATAAATAAAAATAAAAAATAAAA","GGCCAGGCATGGTGGCTCACACGTGTAATCCCAGCACTTTGCGAGGCTGAGGCAGGCAGATCACTTGAGGTCAGGAGTTCAAGACCAGCCTTGCCAACATGGTGAAACCCTGTCTCTACTAAAAATACAAAAATTAGTTGGGCATGGTGGTGGGCACCTGTAATCCCAGCTACTCGGGAGGCTGAGGCAGGAGAATCACTTAAACCTGGGAGTCGGAGGTTGCAGTGAGCTGAGATCGCACCACTGCACTCCAGCCTGGGTGACAGAGCAAGACTCTGTCTCAAAAAAATAAAGTAAATAAATAAAATAAAA"
"chr1","10040064","10040354","KN295667v1","809672","809961","30","9230392","GGCCAGGTGCGGTGGCTCATGCCTGTGATCCCAGCACTTTGGGAGGCTGACGCAGGCTGATCACCTAAAGTCAGGAGTTCGAGATCAGCCTGGCCAACATGGCAAAACCCTGTCTGTACTGAAACCACAAAAATTAGCTGGGCGTGGCAGCAGGTGCCTGTAATCCCAGCTACTCAGGAGGCTGAGGCAGGGAGAATCACTTGATCCTGGGAGACGGAGGTTGCAGTGAGCCAAGATCGCACCTCAGCGACAGGGCAAGATTCCGTCTCAAAAACAATAAAATAAATAAAA","GGCCAGGTGCAGTGGCTCACTCCTGTGATCCCAGGACTTTGGAAGGCTGATGCAGGCTGATCACCTGAGGTCAGGAGTTCAAGATCAACCTGGCCAACATGGCAAAACCCTGTCTCTACTAAAAATACAAAAATTAGCTGGGCGTGGTGGCAGGTGCCTGTAACCCCAGCTACTCAGGAAGCTGAGGCAGGGAGAATCACTTGATCCCAGGAGATGGAGGTTGCAGTGAGCCAGCATCACGCCTCAGCGACAAGGCAAGACTCCATCCAAAAACAATAAAATAATTAAAA"
"chr1","10060680","10060970","KN297200v1","488245","488538","42","9572435","GGCTGGGCACGATAGCTTACACCTGTAATCCCAGCATTTTGGGAGGCTGAGGCGGGCGGATCACCTGAGGTCAGGAGTTTGAGACCAGCCTGGCCAACATGGTGAAACCTCATCTCTACTAAAAGTACAAAAATCAGCTGAGCGTGGTGGCGGGCACCTACATTCCCAGCTACTCGGGAGACCGAGGCAGGAGAGTCACTTGAACCCAGGAGGCAGAGGTTGCAGTGAACCAAGATCATGCCACTGCACTCCACCTGGGTGACGGTGAGACGCCATCAAAAAAAAGAGAAA","GGCCGGGCGCCATGGTTCATGACCTGTAATCCCAGCACTTTGGGAGGCTGAGGCAGGTGGATCACCCGAGGTCAGGAGTTTGAGACCAGCCTGGCCAACATGGTGAAACATCATCTCCACTAAAAATACAAAAATTAGCCAGGCGTGGTGGCGGGCACCTGTAGTCCCAGCTACTCCGGAGGCTGAGGCAGGGGAATCGCTTGAACCTGGGAGGCAGAGCTTGCAGTGAGCCGAGATCGTGCCACTGCACTCCAGCCTGGTCGACAGTGAGACTCCATCTAAAAAAAAAAAAAA"
"chr1","10069035","10069279","KN295835v1","199186","199432","47","9869849","GGCCAGACACAGTGGCTGACGCCTGTAATCCCAGCATTTTGGGAGGCCAGGTGGGTGAATCACCTGAGGTCAGGTGTTCGAGAGCAGCCTGGCCAACATAGTGAAACCCCATCTCTACTAAAAATACAAAAATTAGCCGGGCATGGTGGCAGGCACCTGTAATCCCAGCTACGTGGGAGGCTGAGGCAGAATCGCTTGAACCCGGGAGGCGGAGATTTCCGTGAGCCGAAATCACACCACTGCAC","GACCGGGTGCAGTGGCTCACGCCTGTAATCCCAACACTTTGGGAGGCTGAGGCGGGCAGATCACCTGAGGTCAGGAGTTTGAGACCAGCCTGGCCAACATAGCGAAATCCCATCTCTACTGAAAATACAAAAATTAGCCGGATGTGGTGGCAGGTGCCCATAATCGCAGCTACTCGGGAGGCTGAGGCAGAGAGAATTGCTTGAACCCGGGAGGTGGGGTTGCAGTGAGCCGAGATTTCCCCCACAC"
"chr1","10069321","10069627","KN296732v1","505664","505970","35","9563657","GGCTGGCCACGGTGGCTCACGCCTGTAATCCCAGCACTTTGGGAGGCCGAGGCAGGTGGATCACCTGAGGTCAGGTGTTCGAGAGCAGCCTGGCCAACATAGTGAAACCCCATCTCTACTAAAAATACAAAAATTAGCCGGGCATGGTGGCAGGCACCTGTAATCCCAGCTACGTGGGAGGCTGAGGCAGAATCGCTTGAACCCGGGAGGCGGAGATTTCAGTGAGCCGAAATCACACCACTGCACTCCGGCCTGGGCAACAGACCAGGACTCTGTCTCAAAAAAAAAAAAAAAAAGAAAGACAAAA","GGCTGGGCACAGTGGCTCATGCCTGTAATCCCAGCACTTTGGGAGGCAGAGGCGAGTGGATCACCTGAGGTCAGGAGTTCGAGACCAGCCTGGCCAACATGGTGAAACCCCATCTCTACTAAAAATACAAAAATTAGCCATGCGTGGTGGCAGGTACCTGTAATCCCAGCTACTTGGGAGGCTGAGGCAGAAGAATCGTTTGTACACGGGAGGCGGAGTTTGCGGTGAGCCGAGATCACACCACTGCACTCCAGCCTAGGTGACAGAGTAAGACTCTGTCTCAGAAAAAAAAAAAAAAAAAAAAAAA"
"chr1","10070433","10070731","KN296263v1","810253","810550","35","9260180","GCCAGGCGTGGTGGTTCATGCCTATAATCTCAACACTTTGGGAGGCCAAGGCGGGCGGATCACTTGAGGTCAGGAGTTCGAGATCAGCCTGACCAACATGTCAAAACCCTGTCACTACTAAAAATACAAAAATTAGCCGGGCATGGTTGCAGGTGCCTGTAATCCCACCTACTTGGGAAGCTGAGGCAGGAGAATCACTTGAACCCGGGAGGCAGAGGTTGTAGTGAGCCGAGATTGCGTCACTGCCCTCCAGCCTGGGTGACAGAGCGAGACTCTGTCTCAAAAGAAAGAAAAAGAAA","GCCGGGCGTGGTGGCTCACGCCTGTAATTCCAGCACTTTGGGAGGCCGAGGCGGGCGGATCACTTGAGGTCAGGAGTTCGAGATCAGTCTGGCCAACATGGTGAAACCCCGTCTCTACTAAAAATACAAAAATTAGCCGGGCGTGGTAGCAGGTGCCTGTAATCCCACCTACTCGGGAGGCTGAGGCAGGAGAATCGCTTGAACCTGGGAGGCAGAGGTTGCAGTGAGCTGAGATAGCGCCACTGCACTCCAACCTGGGGGACAGGAGCGAGACTTCCTCTCAAAAAAAAAAAAAAAA"
"chr1","10085942","10086233","KN295667v1","772566","772863","32","9313376","GACCGGACGCGATGGCTCACGCCTGTAATCCCAACACTGTGGGAGGCTGAGGCAGGCAGATCACCTGAGGTCAGGAGTTCAAGACCAGCCTAGCCAACATGGTGAAACCCCATCTCTACTAAAAATACAAAAATTAGCTGGGCATGGTGGCAGGCACCTGTATTCTTAGCTACTCAGGAGGCTGAGGCAGGAGAATCGCTTGAACCCAGGAGATGGAAATTGCAGTGAGCCAAGATTTTGCCACTGCACTCCAGCCTGAGCAGCAGAGTGAGACTTAGTCTCAAATATAAAA","GGCCGGGCGTTGTGGCTCACGCCTATAATCCCAACACTTTGGGAGGCTGAGGGAGGCGGATCATCTGAGGTCAGGAGTTCAAGACCAGCCTAGCCAACATGGTGAAACCGCATCTCTACTAAAAATACAAAAATTACCTGGGCATGGTGGCAAGCATATGTAATCTTAGCTACTCAGGAGGCTGAGGCAGGAGAATCGATTGAACCCAGGAAACGGAAATTGTAGTGAGCCAAGATTTCGCCACTGCACTCCAGCCTGGGCAATAGAGTGAGACTTAGTCTCAAAAAAAAAAAGAAAA"
"chr1","10086553","10086827","KN295667v1","771929","772203","27","9314624","GGCTGGGCACAGTGGCTCGAGCCTGTAATCCCAACACTTTAAAAGGCCATGGCGGGCAGATCACCTGAGGTCAGGAGTTCAAGACCAACCTGGCCAAAGTGGTGAAACCCTGTGTCTACTAAAAATACAAAAATCAGCTGGGCATGTTGGCAGGCATCTATAATCCCAGCTACTCAGGAGGGTGAGGCAGGAGAATTGCTTAAACCTGGGAGGCAGAGGTTGCAGTGAGCCAAGATCTTTCCACTGCACTCCAGCCTGGGCGACAGAGTGAAACT","GGCTGGTCACAGTGCCTCGAGCCTGTAATCCCAACACTTTAAAAGGCCGAGGCAGGCAGATCATCTGAGGTCTGAGGTTCAAGACCAGCCTGGCCAACATGGTGAAACCCTGTGTCTACTAAAAATACAAAAATTAGCCAGGCTCGTTGGCGGATATCTATAATCCCAGCTACTCAAGAGGCTGAGGCAGGAGAATTGCTTAAACCTGAGAGGCGGTGGTTGCAGGGAGCCAAGATCTTTCCACTGTACTCCAGCCTGGGCGACAGAGTGAAACT"
"chr1","10104690","10104985","KN295667v1","753258","753543","28","9351432","GGCTGGGTGCAGTGGCTCATGCCTGTAATCCCAGCACTTTGGAAGGCCGAGGTGGGCAGATCACCTGAGGTCAGGAGTTCAAGACCAGCCTGTCTAACATGGCGAAACCCCATCTCTACTAAAAATACAAAATTAGCCGGACATGGTAGTGGGTGCCTGTAATCCCAGCTACTCAGCAGGCTGAGGCAGGAGAATTGCTTGAACCCGGGAGGCGGAGGTTGCAGTGAGCGGAGATCGCACCACTGCACTCCAGGCTGGGAGACAGAGTGAGACTCCATCTCAAAAACAAAAAACAA","GTGCAGTGGCTCACGCCTGTAATCCCAGCACTCTGGGAGGCCGAGGTGGGCAGATCACCTGAGGTCAGGAGTTCAAGACTAGCCTGTCTAACATGGCAAAACCCCATCTCCACTAAAAATACAAAATTAGCCGGACATGGTAGCAGGTGCCTGTAATCCCGGCTACTCAGGAGGCTGAGGCAGGAGAATTGCTTGAACCCGGGAGGCGGAGGTTGCAGTGAGCCGAGATGGTGCCACTGCACTCCAGCCTCACAGAGTGAGATTCCATCTCAGAAACAAAAAACAA"
"chr1","10110307","10110578","KN295667v1","748271","748555","37","9362036","GCCTGTAACCCTAGCACTTTTGGAGGCCAGGGCGGGCAGATCACTTGAGGTCAGGAGTTCAAGACCAGCCTGGCCAACATGGCGAAACCCCACCTGTACTAAAAATACAAAAATTAGCCAGGCATGGTGGCGGGCGCCTGTAATCCCAGCTACTCAGGAGGCTGAGGCACGAGAATCACTTCAACCCAGGAGGTGGAGGTTGCACTGAGCCAAGATCGCGCCACTACACTCCAGCCTAGGTGATAGAGCGAAACTCAGTCTAAAAAAAAAAA","CCTGTAACCCTAGCACTTTTGGAGGCCAAGGCGGCAGATCACTTGAGATCAGGAATTCAAGACTAGCCTGACCAACATGGCGAAACCCCACCTATACTAAAAATACAAAAATTAGCTGGACATGGTGGCGGGTGCCTGTAATCCCAGCTACTCAGGAGGCTGAGGTACGAGAATCACTTGAACCCAGGAGGCATAGGTTGCACTGAGCCAAGATCACGCGACTGCACTCCAGCCTAGGTGATAGAGCAAGACTCAGTCTCAAAAAATAAAACAAAACAAAACAAA"
"chr1","10116850","10117160","KN294262v1","2535750","2536054","47","7581100","CTGGGCGTGGTGGCTCATGCCTGTAATTCCAGCACTTTGGGAAGCTTAGGTGGGTGGATCTTTTAAGGTTGGGAGTTCGAGACCTACCTGGCCAACATGGTGAAACTCCACCTCTTCTAAAATATATAAAAATTAGCCAGGCATGGTGGCAGGTACCTGTAATCCCAGCTACTCAGGAGGCTGAGGCAGGAGAGTTGCTTGAACCCAAGAGGCAGAGGTTGCAGTGAGCCAAGATTGCGCCATTGCACTCCAGCCTAGGCGACAGAGTGAGATTCTGTCTCAAAAAATAAAATAGAATAAAATAAAATAAA","GACTGGGCGTGGTGGCTCACACCTGTAATCCCAGCACTTTGGGAGGCTGAGGGGGTGGATTTCTTGAGGTCAGGAGTTCAAGACCAGCCTGATCAACATGGTGAAAACCCATCTCTACCAAAAATACAAAAATTAGCAGGGCATGGTGGCTGGCACCTGTAATCCCAGCTACTCAGGAGGCTGATGCAGAACAATTGCTTGAACCCAGGAGGCGGAGATTGCAGTGAGCCAAGATTGCACCATTGCACTCCAGCCAGGGTGACAGAGTGAGACTCTGTCTCAAAAAAAAAAAAAAAAAAAAAAAA"
"chr1","10125516","10125821","KN295667v1","731443","731743","22","9394073","GGCCAGGCGTGGTAGTTCACACCTGTAATCCTAACACTTTGGGAGGCTGAGGAGGGCAGATCACCTGAGGTCAGGAGTTCGAGACCAGCCTGGCCAACATGGCAAAACCCCATCTCTACTAAAAATACAAGAATTAGTCAGGCGTGGTGGGGGGTGCCTGTAATCCCAGCTACTCGGGAGGCTTAGGCAGGAGAATCTCTTGAACCCGGGAGGTGGAGGTTGCAGCAAGCTGAAATCTCGCTACTGCACTCCAGCCTAGGTGACAGAGCAAGAATCCATCTCAAAAAATAAATAAATAAAATAAAA","GGCTGGGCGTGGTAGTTCACGCCTGTAATCCTAACACTTTGGGAGGCTGAGGCCGGCAGATCACCTGAGGTCAGGAGTTCGAGACCAGCCTGGCCAACATGGCAAAACCCCATCTCTACTAAAAATATAAGAATTAGTAAGGCGTAGTGGGGGATGCCTGTAATCCCAGCTACTCTGGAGGCTTAGGCAGAAGAATCTCTTGAACGCAGGAGGTGGAGGTTGCAGCGAGCTGAAATCTCACTACTGCACTCCAGCTTAGGTGACAGCGCAAGAATCCATCTCAATAAATAAATAAATAAAA"
"chr1","10129523","10129829","KN296322v1","2692700","2693002","46","7436823","GCCAGGTGCGGTGGATTATGCCTGTAATCCTAACACTTTGGGAGGCCAACGCAGGCGGATCACCTGAGGTCAGTAGTTTGAGACCAGCCTGGGCAACACAGCAAAACCCTGTCTCTCCAAAAGAATTCAAAAAGTAGGCGGGCGTGCTGGCAGGAGCCTGTAATCCCAGCTACTTAGGAGGCTGAGGCAGGAGAATCACTTGAACCCGGGAGGTGGAGGTTGGTTGCAGTAAGCCAAGATCGTGCCACTGCACTCCAGCCTGGGTGACAGAGCGGGACTCCATCTCAAAAAAAAAAAAAAAAAAAAA","GGCCAGATGCAGTGGCTCACACCTGTAATCCCAGCACTTTGGGAGGCCAAGGCAGGAGGATCACTTGAGGTCAGGAGTTCAAGACCAGCCTGGCCAACATGATGAAACCCCGTCTCTACTAAAAACACAAAAATTAGCTGGGCGTGGTGGCAGGTGCCTGTAATCCCAGGTACTCAGGAGGCTGAGGCAGGAGAATCATTTGAACCCCGGAGGTGGAGGCTGCAGTGAGCCAAGATCATGCCACTGCACTCCAGCCTGGGTGACACAGCGAGACTCCATCTCAAAAAAAAAAAAAAAAAAGAA"
"chr1","10135342","10135641","KN295814v1","1261993","1262292","35","8873349","GGCTGGGTGCGGTGGCTCATGCCTGTAATCCCAGCACTTTGGGAGGCTGAAGGGGGTGGATCACCTGAGGTCAGGAATTTGAGACCAGCCTGACCAGCATGGTGAAACCCTGTCTGTACTAAAAATATAAAAATTAGCTGGGCATGGTAGCGGGCACCTGTAATCCCAGCTACTTGGGAGGCTGAGGCAGGAGAATCACTTGAACCCAGGAGGAGGAGGTTGCCGTGAGCTGAGATCAAGCTACTGCACTCCAGGATGGGCGACAGAGTGAGACTCTGTCTGGAAAAAAAAAAAAAAAAA","GGCTGGGTGTGGTGGCTCATGCCTGTAATCCCAGCACTTTGGGAGGCTGAGGCAGGCAGATCACCTGAGATCAGGAGTTCGAGACCAGCCTGGCCAACATGGTGAAACCCTGTCTCTATTAAAAATACAAAAATTAGCTGGGCATGGTGGTGGGTGCCTGTAGTCCCAGCTACTTGGGAGGCTGAGGCAGGAGAATCACTTGAACCCAGGAGGCTGAAGTTGCAGTGAGCTGAGATTGCGCCACTGCACTCCAGCCTGGACGACAGAGTGAGACTCTGTCTCAAAAAAAAGAAAAAGGAA"
"chr1","10143863","10144131","KN295633v1","1133330","1133601","36","9010533","AGGCCAAGGTGGGCAGATCACCTGAGGTCAGGAGTTCGAGACCAGCCTGGCCAACATGGTGAAACCCCCTCTCTACTCAAAATGCAAAAATTAGCTGGGCATGGTGGCAAGTGCCTGTAATCCCAGCTACTTGGGAGGCTGAGGCAGGGGAATCACTTGAACCCAGGAGACAGAGGTTGCAGTGAGCTGAGATTGTGCCACTCCACTCCACCCTGGGTGACAGAAAGAGACTCTGTCTCAAACAGAAATAGAAAAAAAAGAAAAAGAAA","TGGGAGGCCAAGGTGAGTGGATCACCTGAGGTCAGGAGTTCGAGACCAGCCTGGCTAACATGGTGAAACCCCATCTCTACTAAAAATACAAAAATTAGCTGGGCATGGTGGCGGGGGCCTGTAATCCCAGCTACTCAAGAGGCTGAGGCAGGAGAATCACTTGAACCCGGGAGGCGGAGGTTGCAGTGAGCCGAGATTGCGCCACTGCACTCCAGCCTGGGTGACAGAGTGAGACTCTGCCTCAAAAAAAAAAAAAAAATTAAAAGAAGAAA"
"chr1","10144509","10144569","KN296743v1","1948518","1948571","19","8195991","GGCCAGGTGCAGCGGCTCATACCTATAATCTCAGGACTTTGGGAGGCCGAGGCAGACGGAT","GCCAGGCGCGGTGGCTCAAGCCTGTAATCCCAGCACTTTGGGAAGCAAACTCAA"
"chr1","10145143","10145361","KN295667v1","707555","707779","27","9437588","AGGAGTTGAGATCAGCCTGGGCAACATGGTAAAACCCCATCTCTACTAAAAATACAAAAATTAGCCAGGTGTGGTGGCGGGCGCCTGTAATCCCAGCTACTTGGGAGGCTGAGGCACAAGAATCCCTTGAACCCTGGAGGCGGAGGTTGCAGTGAGCCAAGATTGCACCACTGCACTTCAGCCTGGGTGACGGAGCGAAACTCCATTACAAAAAAAAAA","GGAGTTGAGATCAGCCTAGGCAACATGGTAAAACCCCATCTCTACTAAAAATAGAAAAATTAGCTGGGTGTGGTGGCGGGTGCCTGAGATTCCAACTACTTGGGAGGCTGAGGCACGAGAATCCCTTGAACCCTGGAGGCAGAGGTTGCAGTGAACCAAGATTGCACCACTGTACTTCAGCCTGGGTGACAGAGCAAGACTCACCAAAAAAAAAAAAAAAAAAAA"
"chr1","10164355","10164473","KN295708v1","1589585","1589715","35","8574770","GCTGGGCCTGGCGGCGGGCGCCTGTAATCCCAGATACTCGAGGGGCTGACCCAGGAGAATCGCTTGAATTCAGGAGTCAGAGGTTGTAGTGAGCCAAGATAGCACCACTGCACTCCAGC","TCAGCCGGGCATGGTGGTGGGTGCCTGTAGTCCCAGCTACTCAGAAGGCTAAGGCAGGAGAATCGCTTGAACCTGGGAGATGGACGTTGCAGTGAGCCAAGATTGCACCACTGCACTCCAGCCTGGGTGAC"
"chr1","10187236","10187537","KN295667v1","663000","663290","34","9524236","GGCCAGGCACGGTGGCTCACACCTTTAATCCCAGCACTTTGGGAGGCCAGGCGGGTGGATCACTTGAGGTCAGGAGTTCAAGACCAGTCTGGTCAACATGGTGAAACCTCACCTCTATCAAAAATACAAAAATTAGCTGGGCATGGCAGCGGGCACCTGTAACCCCAGCTACTCAGGAGGCTGAGGCAGGAGAATTGCTTGAACCCGGGAGGTGGAGGCTGCAGTGAGCAGAGATTGCACCATTGCACTCCAGCCTGGGCAACACAGTGAGACTCTATCTAAAAAAAAAAAAAAAAAAAAAA","GGCCAGGCGCGGTGGCTCATACCTTTAATCCCAGCACTTTGGGAGGCCAGGCGGGTGGATAACTTGAGGTGAGGAGTTCAAGAGCAGCCTGGTCAACATGGTGAAACCCCACCTCTACTAAAAATACAAAAATTAGCTGGGCATGGTAGCGGGCACCTGTAATCCCAGCTACTTAGGAGGCTGAGGCAGGAGAATCGCTTGAACCTGGGAGGCGGAGGTTGCAGTGAGCAGAGATCACGCCACTGCACTCCAACCTGGGCAACATAGTGAAACTCTATCAAAAAAAAAAAA"
"chr1","10189110","10189399","KN295244v1","411038","411330","35","9778072","GGCCAGGCGGGTGGCTCACGCTTGTAATCCCAGCACTTTGGGAGGCTGAGGCAGGTAGATAACCTGAGGTCAGGAGTTTGAGACCAGCCTGACCAACAAGGTGAAACCTCGACTCTACTAAAAATACAAAAGTTAGCCAGGCATTTTGGTAGGCGCCTGTAGTCCCAGCTACTCGGGAGGCTGAGACAGGAGAATGGCATGAACCCGGGAGGCAGAGGTTGCAGTGAGCCAAGATCACGCCACCGCACTCCAACCTGGGTGACAGAGCAAGACTCCGTCTCAAAAAAAAA","GGCCGGGCGCGGTGGCTCATGCTTGTAATCCCAGCACTTTGGGGGGCCGAGGCAGGCGGATCACCCGAGGTCAGGAGTTTGAGACCAGCCTTACCAATATGGTGAAACTTCTTCTCTACTAAAAATACAAAAATTAGCCGGGCATGGTGGCAGGCGCCTGTAGTCCCAGCTACTCGGGAGGCTGAGACAGGAGAATTGCTTGAACCCGGGAGGCGGAGAGTTGCAGTGAGCCGAGATCATACCACTGCACTCCAGCCTGGACGACAGAGTGAGACTCCATCTCAAAAAAAAAA"
"chr1","10190525","10190825","KN295708v1","1536667","1536965","36","8653858","GCCAGGTGCAGTGGCTCATGCTCGTAATCCCAGCATTTTGGGAGGCCAAGGTAGGTGGGATCACTTCATGTCAGGAGTTCGAGACCAGCCTGGCCAGCATACTGAAACCTCATCTCTACTAAAAATACAAAAATTAGCCAGGTGTGGTGGTAGGCACCTGTAATCCCAGGTACTTGGGAGGCTGAGGCAGGAGAATCACTTGAACCCAGGAGGCGGAGGTTGCAGTGAGCCAAGATTGTGCCACTGCACTCCAACCTGGGCAACAGAGCAAGACTCCATCTTAAAAAAAAAAAACAAAAAA","GGCCGGGTGCAGTGGCTCATGCCTGTAATCCCAGCACTTTGGGAGGCCGAGACGGGTGGAACACTTGAAGTCAGGAGTTCGAGACCAGCCTGGCCAACATGCTGAAACCCCATCTGTACTAAAAATACAAAAATTAGCCAGGTGTGGTGGTGGGCGCCTGTTATCCCAGCTACTTGGGAGGCTGAGGCAGGAGAATCGCTTGAACCCAGGAGGCAGAGGTTGCAGTGAGTTGAGATCATGTCACTGCACTCCAACCTGGGTGACAGAGCAAGACTCTGTTTCAAAAAAAAAAAAAAAAA"
"chr1","10199243","10199551","KN295667v1","649920","650230","28","9549323","GGCCAGGCGTGGTAGCTCACGTGTGTAATCTCAGCACTTTGGGAGGCCGAGGCAGGTGGATCACCTGAGGTCAGGAGTTCGAGACCAGCCTGGCCAACATGGCAAAACCCCATCTCTACTAAAAATACAAAAATTAGCTAGGCATGGTGGTGGGCACCTGTAATCCAGCTACTTAGGAGGCTGAGGCAGGAGAGTTGCTTAAAACCAGGAGACAAAGGTTACAGTGAGCCAAGATCACGTCATTGCACTCCAGCCTAGGCAACAGAGTGAGACTGTCTCAAAAAAAAAAAAAAAAAAAGAAAAGAAAAA","GGCCAGGCATGGTGGCTCACGTGTGTAATCTCAGCACTTTGGGAGGCCAAGGCAGGCAGAGCACCTGAGGTCAGGAGTTCGAGACCAGTCTGGCCAACATGGCGAAAACCCGTCTCTACTAAAAATACAAAAATTAGCTAGGCATGGTGGTAGGCACCTGTAATCCAGCTACTTAGGAGGCTGAGGCAGGAGAGTTGCTTGAACCCAGGAGGCAAACGTTGCAGTGAGCTAAGATCGTGTCACTGCACTCCAGCTTAGGCAACAGAGCGAGACTGTATCTCAAAAAAAAAAGAAGAAAAGAAAAGAAGAAA"
"chr1","10207703","10208019","KN295667v1","640332","640645","29","9567371","GGCCGGGTACAGTGGCTCATGCCTGTAATCCTAACACTTTGGGAGGCTGAGGCAGGGGGATCGCTAGGCCCCAGGAGTCTGAGACCAGCATCACCAACATGGTGAAACCCTGTCTCAACTAAAAATACAAAAAAAAAAAATTAGCCAGGAATGGTGGCGGGCGCTTGTAATCCCAGCTACTCGGGAGGCTTAGGCAGTAGAATTGCTTGAACCTGGGAGGTGGAGGCTACAGTGAGCCAAGATCGTGCCACTGCACTCCAGCCTGGGGGACTGAGCAAGACGACATCTCAAAAAAAAAAAAAAAAAAGAAAAGAAAA","GGCTGGGTACAGTGGCTCATGCCTGTAATCCTAACACTTTGGGAGGCCGAGGTAGGGGGATCGCTTGACCCCAGGAGTCTGAGACCAGCATCACCAACATGGTGAAACCCCGTCTCTACTAAAAATACAAAAAAAATTAGCCAGGCATGGTGGCGGGCGCCTGTAATCCCAGCGACTCAGGAGGCTGAAGCAGTAGAATTGCTTGAACCTGGGAGGTGGAGGCTACAAGTGAGCCAAGATTGCGCCACTGTACTCCAGCCTGGGCGACTGAGCGAGACGACGTCTCAAAACAAAAAGAAAGAAAAAAAGGAAAA"
"chr1","10211388","10211689","KN296311v1","4988428","4988739","44","5222960","GGTCAGGCGTGGTGGCTCACACCTGTAATCCCAACACTTTGGGAGGACAAGGCAGGTGGATCAGCTGAGGAGTTCAAGACCAACCTGGCCAACATGGTGAAACCCCGTCTCTACTAAAAATACAAAAATTAGCTGGGCATGGTGGCGGGCACCTGTGATCCCAGCTACTCAGGAGGCTGAGGCAGGAGAATTGCTTGAACCCGGGAGGCGGAAGTTGCAGTGAGATTGCGCCACTGCACGCCAGCCTGGGCAACAGAGTGAGACTCTGTCTCAAAAAAATAAAATAAAATAAATTTAAAAAA","GGTCAGCCGTGGTGGCTCACACCTGTCATCCCAGCACTTTGGGAGGCTGAGTCAGGTGGAACACCTGAGGTCAAGAGTTTGAGATCAGCCTGGCAAACATGGTGAAACCCCGTTCTACTAAAAATACAAAAATTAGCTGGGCATGGTGGCAGGGCGCCTGTAATCCCAGCTACTCGGGAGGCTGAGGCAGGAAAATTGCTTGAACCCAGGAGGTGGAGGTTGCAGTGAATCAAGATTGCGCCACTGCACTCCAGCCTGGGCGAGAGAGCAAGACTCTGTCTCAAAAAAAAAAAAAAAGAAAAAATAAAAAAA"
"chr1","10214633","10214929","KN295406v1","143786","144080","44","10070847","CCGGGCGCAGTGGCTCACACCTGTAATCTCAGCACTTTTCAGAGGCCAAGACGGGTGGATCACTTGAGGTCAGGAGTTCGAGACCAGCCTGACCAACATAGTGAAACCCTGTTTCTACTAAAATACAAAAATTAGCCTGGCGCAGAGGCGGGAGCCTGTAATCCCAGCTACTAGGGAGGCTGAGTCAGAAGAATCGTTTGAACCCAGGTGGTGGAAGTTGCAGTGGGCCAAGATCGCACCACTGCACTGCAGCCTGGGTGACACAGCAATACTCCATCTTAAAAAAAAAAAAAAAAA","GGGCGCAGTGGCTCACACCTGTAATCCCAGCACTTTGGGTGGCCAAGAAGAGTGGATCACTTGAGGTCAGGAGTTCGAGACCAGCCTGGCCAACATGGTGAAACCCCATCTCTATGAAGAATACAAAAATTAGCCTGGCATGGGGGTGGGTGCCTGTAACCCAGCTACTTGGGAGGCTGAGGCAGGAGAATCTCTGGAACCCAGGAGGAGAAGGTTGCAGTGAGTCAAGATCGCACCACTGCACTCCAGCCTGGGTAACAGAGCGAGACTCCATCTCAAAAAAACAAACAAAAAA"
"chr1","10219485","10219767","KN295667v1","634286","634568","22","9585199","CCGGGCTCGATGGCTCATGCCTGTAATCCTAGCACTTTGGGAGGCCGAGGCAGGTGGATCACTTGAGGTCAGAAGTTCAAGACCAACCTGGAAACCCTGTCGCTACTAAAAATACAAAAACTTAGCTGGGCCTGGTGGCAGGCGCCTGTAATCTCAGCTACTGGGGAGGCTGAGGCAGGAGAATCACTTGAACCCAGGAGGTGGAGGTTGCAGTGAACCAAGATTGTGCCACTGCACTCCAGCCTGGCCGATAGAGTGAGACTCCATCTCAAAAAAAGAAAAA","CCAGGCTTGTTGGCTCATGCCTGTAATCCTAGCACTTTGGGAGGCCGAGGCAGGCAGATCACTTGAGGTCAGAAGTTCAAGACCAACCTGGAAACCCTATCTCTACTCAAAATACAAAAAATTAACTGGGCCTGGTGACGGGTACCTGTAATCCCAGCTACTGGGGAGGCCGAGGCAGGAGAATCACTTGAACCCAGGAGGTGGAGGTTGCAGTGAACCAAGATTGCACCACTGCACTCCAGCCTGGGCAACAGAGTGAGACTCCATCTCAAAAAAAAAAAAA"
"chr1","10225378","10225689","KN295301v1","761923","762233","39","9463455","GGCCAGGCGTGGTGGCTCACACCTGTAATCCCAGGACTCTGGAAGGCCGAGGCCAGTGGATCACCTGAGGTCAGGAGCTCAAGACCAGCCTGGCCAACATGGTGAAACCCTGTCTCTACTAAAAATACAAAAATTAGCCAGGCGCGGTTGCGGGCCTGGCTACTCGGAGCTACTTGGGAGGCTGAGGCAGGAGAATCGCTTGAACCCAGGAGGCGGAGGTTGTGGTGAACCAAGATCGCGCCATTGCACTCCAGCCTGGGCAACAGAGTGAGGCCCTGTCTCAAAAAAAAAAAAAAAAAAAAAAAAAAAAAA","GGCCAGGTGCGGTGGCTCACACCTGTAATCCCAGCACTTTGGGAGGCCAAGGTGGTGGATCACCTGAGGTCAGGAGTTCAAGACCAGCTTGGCCAACATGGTGAAAAGCTGTCTCTACTAAAAATACAAAAATTAGCCAGGCGTGGTGGCAGGTGCCTGTAATCCCAGCTACTCAGGAGGCTGAGGCAGCAGACTCACTTGAACCCCGGAGGTGGAGGTTGTAGTGAGCCAAGATCACGCCACTGCACTCCAGCCTGGGTGACAGAGTGAGACTCCATCTCAAAAAAAAAAAAAAAAAAAAAAAAAAAAAA"
"chr1","10244765","10245066","KN295667v1","608675","608974","38","9636090","GGCCAGGCGTGGTGGCTTACATCTGTAATCCCAGCACTATGGGAGGCCAAGGCAGGTGGATCACCTGAGGTCAGGAGTTTGGGACCAACATGGTGAAACCCCATCTCTACTAAAAATACAAAAATTAGCCAGGCGTGGTGGCAGGCGCCTGTAGTCCCAGCTACTTGGGAGGCTGAGCAGGAGAATCACTTGAACCCGGGAGGCGGAGGTTGCAGTGAGCCGAAATTGCGCCACCATACTCCAGCCTGGGCAACAGAGCGAGACTCCATCTCTAAAAAACAACAAACAACAACAACAAAAAA","GGCCAGGTGTGGGGGCTCATACCTGTAATCCCAGCACTTTGGGAGGCTGAGGCAGGTGGATCACCTGAGGTCAGGAGTTTGGGACGAACACGGTGAAACCCCTTCTCTACTAAAAATACAAAAATTAGCTGGGTGTGGTGGCGGGCACCTGTAGTCCCAGCTACTCGGGAGGCTGAGGCAGGAGATCACTTGAACCTGGGAGGTGGAGGTTGCAGTGAGCCAAGATCACACCACTGCACTGCAGCCTGGGCAGCAGAGCGAGACTCTGTCTCTTAAAAAAAACCAACAACAACAAAAAAA"
"chr1","10246836","10247130","KN295667v1","606581","606875","32","9640255","GGCCGGGCGCAGTGGCTCACGCCTGTAATCTCAACACTTTGGGAGGCTGAGGCGGATGGATCACCTGAGGTCAGGAGTTCGAGACCAGCCTGGCCAACGTGGTGAAACCCGGTCTCTACTAAAAATGCAAAAATTAACTGGGTGTGGTGACGGGTGCCTGTAATCCCAGCTACTTGGGAGGCTGAGGTAGGAGAATTGCTTGAACCAAGGAGACGAGGTTGCAGTGAGCCGAGATTACACCACTGCACTCCAGCCTGGGTGACAGAGCAAGACTGTCTCAAAAAAAAAAAAAAAA","CCGGGCACGGTGGCTCATGCCTGTAATCCCAGCACTTTGGGAGGCTGAGGCAGGTGGATCGCCTGAGGTCAGGAGTTCAAGACCAGCCTGGCCAATGTGGTGAAACCCTGTCCCTACTAAAAATGCAAAAATTAGCTGGGCATGGTGACAGGCTCCTGTAATCCCAGCTACTTGGGAGGCTGAGGTGGGAGAATTGCTTGAACCCAGGAGACGAGGTTACAGTGAGCCGAGATGATGCCACTGCTTTCCAGCCTGGGCGACAGAGCAAGACTCTGTCTCCAAAAAAAAAAAAAAA"
"chr1","10267368","10267656","KN295667v1","587053","587347","35","9680315","GGCTGGGCACGTGGCTCACACCTGTAATCCCATCACTTTGGGAGGCCAAGGCAGGTGGATCATTTGAGGTCAGAAGTTTGAGATCAGCCTGGCCAACATGTTGAAACCCCATCTCTACTAAAAATATAAGTTAGCCAGGCCTGGTGGCAGGTGTCTATAATTCCAGCTTCTTGGGAGGCTGCAGCAGGAGAATCGCTTCAATCCGGGAGTCAGAGGTTGCAGTGAGCCAGATGATGCCACTTTACTCCAGCCTGGGCAGTAGAGCAAGACTCAGTCTAAAAAAAAAAAA","GGCCAGGCACAGTGGCTCATGCCTGTAATCCCAGCACTTTGGGAGGCCGAGGCAGGCAGATCATTTGAGATCAGAAGTTCGAGATCAGCCTGGCCAACATGTTGAAACCCCATCTCTACTAAAAATACAAAAATTAGCCAGGCCTGGTGGCAGGTGCCTATAATCCCAGCTACTTGGGAGGCTGTGGCAGGAGAATCGCTTGAACCTGGGAGGCAGAGGCTGCAGTGAGTCAGATGATGCCACTTCACTCCAGCCTGGGCAATAAAGTGAGACTCGGTCTTAAAACAAAAAAAAA"
"chr1","10271465","10271762","KN294501v1","4140225","4140518","43","6131240","GGCACAGTGGTTCACGCCTGTAATCCCAGCACTTTGGGGGAGGCTGAGGCAGATGGATAACTTGAGGTCAGGAGTTCAAGACCAGCCTGGCCAACATGGCGAAACCGTGTCTCTACTAAAAATACAAAAATTAGCCGGGCTTGGTGGCAGATGCCTGTAGTCATAGCTACTCAGGAGGCTGAGGCATGAGAATCGTTTGAACCCAGGAGGCGGAGGTTGCAGTGAGCCGAGATCATGCTACTGCACTCCAGCCTGGGCGACAGAGCGAGACTCTGTCCCCACCCAAAAAAAAAGAGAA","GGCCGGGCATGTGGCTCACGCCTGTAATCCCAGAACTTTGGGAGGCCGAGGCAGGTGAATCACTTGAGGTCAGGAGTTCAAGACCAGCCTGGCCAACATGGCGAAACCCTGTCTCTACTAAAAATACAAAAAATTAGCTGGGTGTGGTGGCGGGTGCCTGTAATCCCAGCTACTCAGAGGCTGAGGCAGGAGAATCGCTTGAACCCAGGAGGTGGAGGCTGCAGTGAGCTCAGATCGTGCCACTGCACTCCAGCCTGGGCAACAGAGCGAGACTCCGTTAAAAAAAAAAAAAAA"
"chr1","10272599","10272910","KN294548v1","328774","329084","33","9943825","GGCTGGGCGTGGTGGCTCACGTCTGTAATCCCAGTACTTTGGAAGGCTGAGGCAGGTGGATCACTTGAGGTCAGGAGTTCGAGACCATCCTGGCCAACGTGGTGAGACCCCGTCTCTACTAAAAATACAAAAATTAGCCAGGTGTGGTGGTGGGCGCCTGTAATCCCAGCTACTCGGGAGGCTGAGGCACAAGAATTGCTTGAACCCAGGAGGCAGAGGTTGCAGTGAGCCGAGATCACGCCACTGTACTCCAGCCTGGGTGACAGGGTGAGACTCTGTCTCAAAAAAAAAAAAAAAAAAAAATCAAGAAAA","GGCCAGGCGCAGTGGCTCACACCTATAATCCCAGAACTTTGGAAGGCCGAGGCAGGTGGATCATTTGAGGCCAGGAGTTCGAGATCAGCCTGGCCAACATGGTGAAACCCCGTCTCTACTAAAAATACAAAAATTAGCCAGGTATGGTGGTGGGTGCCTGTAATCCCAGCTACTTGGGAGGCTGAGACAGGAGAATCGCTTGAACCCAGAAGGCAGAGGTTGCAGTGAGCCGAGATCACACCACTGCACTCCAGTCTGGGTGACAGAGTGAGACTCTGTCTCAAAAAAATAAAACAAAGTAAAATAAAAAA"
"chr1","10276759","10277059","KN296620v1","349918","350214","40","9926841","GGCCAGGTGCGGTGGCTCACACCTGTAATCCCAGCACTTTGGGAGGCCGAGGCGGGTGGATCACCTGAGATCAGGAATTTGTGACCAGCCTGGCCAACATGGAGAAACCCCGTCTCTACTAAAAATACAAAAATTAGCTGGGCGTGGTGGGCGGCGCCTGTCATCCCAGCTACTCAGGAGGCCGAGGCACGAGAATCGAGTGAACCTAGGAGGCAGAGGTTGCATTGAACTGAGATCACACCAGTGTGCTCCAGCCTAGGAGAAAGGGCAAGACTCCGTCTCAAAAAAGAAAAAAAAAAAA","GGTTAGGCGCGGTGGCTCACGCTTGTAATCCCAGCACTTGGGGAGGCCGAGGCAGGTGGATCACCTGAGGTCAGGAGTTTGAGACCAGCCTGGCCAACATGGTGAAACCCTGTCTCTACTAAAAATACAAAAATTAGCTGGGTGTGGTGGCAGGCACCTGTAATCCCAGCTACTTGGGAGGCTGAGGCAGGAGAATCGCTTGAACCCAGGAGGCAGAGGTTGCAGTGAGCTGAGATCGCGCCATAGTACTCCAGCCTGGGTGACAGAGCTAGACTCCGTCTCAAAAAAAAAAAAAAA"
"chr1","10279974","10280285","KN296404v1","1183469","1183770","40","9096505","GGCTGGGCGTGGTGGCTCACGCCTGTAATCCTAGCACTTTGGGAGTCCGAGACAGGTGAATCACTTGAGGCCAGGAGTTCGAGACCAGCCTGGCCAACATGGCGAAACCCTGTCTCTACTAAAAATACAAAAGATTATCCAGGTGTGGTGGTGGGGGCCTGTAATGCCAGCTACTTGGGAGGCTGAGGCTGGGGAATTGCTTGAACCGGGACCTGGGAGGTGGAGGTCGCAGTGAGCCAAGATCTTGCCACTGTACTCCAGCCTGGGCTACAGAGTGAGACTCCATCTCAAAAAAAAAAAAAAAAGAAAGAA","GGCTGGGCGCGGTGGCTCACGCCTGTAATCCTAGCACTTTGGGAGCCCTAGGCGGGTGGATCACCTGAGGTCAGGAGTTCGAGACTAGCCTGGCCAACATGGCGAAACCCCATCTCTACTAAAAATACAAAACATTAGCTGGGTGTGGTGGTGGGTGACTGTAATCCCAGCTACTTGGGAGGCTGAGGCAGGAGAATTGCTTGAACCTGGGAGGTGGAGGTTGCAGTGAGCTGAGATCGTGCCATTGCACTCCAGCCTGGGCGACGGAGTGAGACTCTGTTAAAAAAAAAAAAAAAAAAAAA"
"chr1","10288680","10288878","KN296394v1","101479","101671","42","10187201","TCTACTAAAAATACAAACGCTAGCCAGCCATGGTGGCAGGTGCCTGTAATCCCAGCTATTTGGAAGGCTGAGGTGGGAGAATCACTTGAACCCAGGAGGCAGAGGTTGCAGTGAGCTGATACCATGCCACTACATTTCACATTTCAGCCTGGGCAACAGAGCGAGACTCCGTCTCAGAAAAGAAAAAAAAAGAAAGAAA","TAAAAAAAAAAAAAACAACTTAGCTGGGCATGGTGGCGGGTGCCTGTAATCCCAGCTACTTGGGAGGCTGAGGTAGGAGCGTCACTTGAACCCAGGAGGCAGAAGTTGCAGTGAGCCAGGACTGCCTCATTGTACTCCAGCCTGGGCAACAAAGCAAGACTCTGTCTCAAAAAAAAACAAAAAACAAAAAAAA"
"chr1","10310821","10311119","KN294269v1","550588","550887","33","9760233","GCTGGGTGCAGTGGCTCACGCCTGCAATCCTAGCACTTTGGGAGACCAAGGTGGGTGGATCACCTGAGGGCAGGAGTTCGAGACCAGCCTGGCCAACATGGTGAAACCCCGTCTCTACTAAAAATACAAAAATTAGCTGGGCATGGTGGCGGGCTTCTGTAATCCCAGCTGCTTGGGAGGCTGAGGCACAAGAATCACTTGAACCCGGGAGGCGGAGGTTGCAGTGAGCTGAGATCGGGCCACTGTACTCCAGCCTGGGCTACAAAGTGAGACTCTGTCTAAACAAACAAACAAAAAAA","GGCTGGGTGCGGTGGTTCACGCCTGTAATCCCAGCACTTCGGGAGGCCAAGGTGGGTGGATCACCTGAGGTCAGGAGTTAAGAGACCAGCCTGGCCAACATGGTGAAACCCCGTCTCTGCTAAAAATACAAAAATTAGCTGGGCCTGGTGGCGGGCACCTGTAATCCCAGCTACTTAGGAGGCTGAGGCAAGAGAATCGCTTGAACCTGGGAGGTGGAGGTTGCAGTGAGCCCAGATTGTGCCATTGCACTCCAGCCTGGGCAACAGAGTGAGACTCTGTCTCAAAAAAAAACAAACAAA"
"chr1","10321343","10321652","KN295667v1","524152","524440","53","9797191","GGCCAGGCATGGTGGCTTACACCTGTAATCCCAGCACTTTTGGAGGCCAAAGCGGGCATATCACTTGAGATTGAGACCAGCCTGACCAACATGGTGAAACCCCATCTCTACTAAACCCCATCTCTGACTAATACAAAAATTAGTCAGGTGTGGTGGCAGGTGCCTGTAGTCCCAGCTACTAGGGAGGCTGGGAGGCTGAGGCACGAGAATCGCTTGAACCTGGGAGGTGGAAGTTGCAGTGAGCAGAGATTGCGCCACTGCACTCCAGCTTGGGCGACAGAGCCAGACACAGTCTCAAAGAAAAAAAAAA","GGCCAGCCATGATGGCTCACACCTGTAACCCCAGTACTTTTAGAGGCCAAAGCAGGTGTATCACTGAGATTTAGATCGGCCTGACCAACATGGTGAAACCCCATCTCTACTAAAAAAATAAGAAAATTAGTCAGGCGTGGTGGCAGGTGCCTGTAGTCCCAGCTACTAGGGAGGCTGAGGCATGAGAATTGCTTGAACCCGGTAGGCAGAAGTTGCAGTGAATCGAGATTGTGCCACTGCACTCCAATCTGGGCAACATAGCCAGACTCAGTCTCAGAGAAAAAAAAAA"
"chr1","10324184","10324470","KN295667v1","521170","521451","32","9803014","GGCCAGGTGTGGTGGTTCACGCCTGTAATCCCAGCACTTTGGGAGGCCGAAGCAGGCAGATCACCTCAGGTCAGGAGTTCGAGACCAGCCTGGCCAACACAGTGAAACCCCGTGTCTACTAAAAACACGAAAATTAGCTGGGCATGGCGGTGGGCACCTGTAATCCCAGATACTTGGGAGGCTGAGACAGGAGAATCGCTCCGCTTGAACCTGGGGGGCAGAGGTTGCAGTGAGCCGAGATCGAGTCACTGCACTCCAGCCTGGGTGAGAAGGGGAGACTCTGTCTC","GGCTGGGCGTGGTGGTTCACGCCTGTAATCCCAGCACTTTGGGAGGTCCAAGGGGTTGGATCACCTCAGGTGAGGAGTTCGAGACCAGCCTGGCCAACACGGTGAAACCCCGTGTCTACTAAAAACACAAAAATTAGCTGGGCGTGGTGGTGGGCACCTGTAATCCCAGCTACTCGGGAGGCTGAGACAGGAGAATTGCTCCGTTGAACCCAGGAGGCAAAGGTTGCAGTGAGCCGAGGTCGAACCATTGCACTCCAGCCTGGGTGAGAAAGGGAGACTCTG"
"chr1","10327428","10327723","KN295667v1","516536","516834","31","9810892","GGCCGGGCGCGGTGGCTCATTCCTGTAATCCCAGCACTTTGAGAGGCTGAGACAGGTGGATCACCTGAGGTCAGGAGTTCAACACCAACCTGACCAACATAGTGAAACACCGTCTCTACTAAAAATACAAAAATTAGCCGGGCGTGGTGGCAGGCACCTGTAATCCCAGCTACTCGGGAGGCTGAGGCAGGAGAATCGCTTGAACCTGGGAGGCGGAGGTTGCAGAGATTTGACATCGTGCCACTGAGCTCAGCCTGGGCGAGAGTAAAACTCTGTCTCAAAACAAAACAAAAAAA","GGCCAGGCGAGGTGTCTCATGCCTGTAATCCCAGCACTTTGGGAGGCTGAGACGGGTGGATCACCTGAGGTCAGGAGTTCAAGACCAACCTGACCAACATGGTGAAACCCTGTCTCTACGAAAAATACAAAAATTAGACAGGCATGGTGGCGGGTGCCTGTGATCCCAGCTACTTGGGAGGCTGAGGCAGGAGAATCGCTTGAACCCAGGAGGTGGAGGTTGCAGTGATTTGAGATCGTGCCACTGCTCTCAGCCAGGGCGAGAGTAAAACTCCGTCTCAAAACAAAACAAAACAAAAA"
"chr1","10335848","10336044","KN295281v1","230944","231144","58","10104904","GCCAACATGGGGAAACACTGTCTTTTATTAAAAATACAAAATTAGCTGGGCTGGGGGGGGGGGGGCATATATTCCCAGCTGTTCAGGAGGCGGAGGCAGGAGAATTGCTGAACCCCAGGGGATTGTGCTTCTGCACCCCAGCTTGGGAGACACAGCAAGATTGTCTCAAAAAAAAGAAAAAAAAAGAAAAAGAAAGA","CCAATATGGCGAAACTCCATCTCTATTAAAAATATAAAAATTAGCTGGGTGTGGTGGTGGGCACCCGTAATCTCAGCTACTAGGGAGGCTGAGGCAGGAGAATCGCTTGAACCCAGGAGGTGAGATTGAGATCGCACCATTGCACTCCAGCCTGGGCAAGAGAGCAAGACTCTGTCCCGAAAAAAAAAAAAAAAAAAAAAA"
"chr1","10336055","10336327","KN295987v1","1241626","1241902","47","9094429","GCTGGGTGCGGTGGCTCACGCCTGTAACCTCAGCACTCTGGGAGGCTGAGGCAGGTGGATCACCTGAGGCCAGAAGTTCAAGACCAGCCTGGCCAACATGGTGAAACACCGTCTCTACTAAAAATACAAAATTAGCTGGGCTTGGTGGTGGGTGCCTATAATCCCAGCTGCTCAGGAGGCCGAGGCAGGAGAATTGCTTGAACCCAGGAGACTGTGCCTCTGCACCCCAGCCTGGGAGACACAGCAAGACTGTCTCAAAAAAAAAAAAAAAAA","GGCCAGGCGTGGTGGCTCACGCCTGTAATCCCAGCACTTTGGGAGGCTGAGGTGGGCGGATCACCTGAGGTCAGGAGTTCAAGACCAGCCTAGCCAACACGGTGAAACCCCATCTGTACTAAAAATACAAAAATTAGCTAGGCGTGGTGGCAGGTGCCTGTAATCCCAGCTACTCAGGAGGCTGAGGCAGGCAGAGGTTGCAGTGAGCCGAGATTGCAGCATTGCACTCCAGCCTGGGCGACAGAGCGAGACTCCATCTCAAAAAAAAAAAAAAAAA"
"chr1","10346601","10346914","KN294957v1","62097","62408","42","10284504","GCCGGGTGCTGTGGCTCACACCTGTAATCCTAGCACTTTGGGAGACTGAGGTGGGCGGATCATCTGAGGTCAGGAGTTTGAGACCAGCCTGGCCCACATGGTGAAACCCTGTCTCTACTAATAATACAAAAATTACCCGGGCGTGGTGGTGGGCTTCTGTAATCCCAGCTACTCGGGAGGCTGAGGCAGGAGAATTGCTTGAATCCCGAAAAAGGAGGTTGCAGTGAGCCAAGATCATGCCACTGCACTCCAGCCTGACCTGGGTGACAGAGTGAGACTCCATCTCAAAAAAAAAGAAAAGAGAAAAAAAAGAA","GGCCGGGTGCAGTGGCTCACACCTGTAATCCCAGCACTCTGGGAGGCTGAGGTGGGCAGATCACCTGAGGTCAGGAGTTCGAGACCAACCTGGCCAACATGGTGAAACCCCGTCTTTACTAAAAATACAAAAATTAGCCGGGCGTGGTGGCGGGCGCCTGTAATCCCAGCTATTCGGGAGGCTGAGGCAGGAGAATCGCTTGAACCTGGGAGGTGGAGGTTGCAGTGAGTCAAGATCGTGCCACTGCACTCCAGCCTGGGTGACAGAGCAAGACTTCATCTCAAAAAAAAAAAAAAAACAAAAACAAAAAAA"
"chr1","10352730","10352959","KN295667v1","489644","489869","18","9863086","GGCCAGGCGCGGTGGTTCACGCCTGTAATCCCAGCACTTTGCGAGGCCGAGACGGGTGGATCACCTCAGGTCAGGAGTTTGAGACCAGCCTGGCCAACATGGTGAAACCCTGTCTCTACTAAAAATACAAAAAGTAGCCGGGTGTGGTGGCAGGCACCTGAGATCATGCCACTGCACTCCAGCCTGGGTGACACAGTGAGACTCCATCTCAAAAAAGAAAAAAAAAAAAA","GGCCAGGCGCGGTGGGTCACGCCTGTAATCCCAGCACGTTGCAAGGCTGAGGTGGGTGGATCACCTGAGATCAGGAGTTTGAGACCAGCCTGGCCAACATGGTGAAACCCTGTCTCTACTGAAAATACAAAAATTAGCCAGGTGTGGTGGCAGGCCCCTGAGATCATGCCTGCACTCCAGCCTGGGTGACAGAGTGAGACTCCATCTCAAAAAAGAGAAAAAAAAA"
"chr1","10353231","10353528","KN295667v1","489081","489375","30","9864150","GCCAGGCGCGGCAGCTCATGCCTATAATCCCAGCACTCTGGGAGGCCAAGGCAGGTGGATCACTTGAAGTCAGGAGTTTGCGATGAGGCTGGCCAATATGGTGAAACTCCATCTCTACTAAAAACACAAAAATTAGCCAGGCATGGTGGTGGGTGCCTGTAATCCCAGCTACTCAAGATGCTGAGGCAGGAGAATCACTTGAACCCAGGAGACAGAGGTTACAGTGAGCCGAGATCACACCACTGCACTCCAGCCTGGATGACAGAGTGAGATTCTATCTTAAAAAAAAAAAAAAAAA","GCCAGGCGCGACAGTTCATGCCTATAATCCCAGCACTCTGGGGGGCCAAGGCAGATGGATCACTTGAAGGCAGGAGTTTGCAATGAGCCTGGCCAACATGGTGAAACTACATCTCCACTAAAAACATAAAAATGACCCAGGCATAGTGGCAGGTGCCTGTAATCCCAACTACTCAAGACACTGAGGCAGGAGAATTGCTTGAACCCAGGAGACAGAGGTTGCCGTGAGCGAGATCACACAACTGCACTCCAGCCTGGATGACAATGTGAGATTCTATCTCAAAAAAAAAAAAAAA"
"chr1","10353903","10354213","KN296093v1","33319","33627","41","10320584","GGCCGAGCACGGTGTATCACGCCTGTAATCCCAGCACTTTGGGAGGCTGAGGCAGGCGGATGACCTGAGGTCAGGAGTTCAAGACCAGCCTGGCCAACATGGTGAAACCCCATCTTTACTAAAAATACAAAAATTAGCCAGGTGTGGTGACAGGTGCCTGTAATTCCAGCTACTCAGGAGGCTGAGGCAGAAGAATCGCTTGAACCCGAGAGGCGGAGGTTTCAGATCAGGAGTGGGAGACCAGCCACTGCACTTCAGCCTGGGTGACAGAGCAAGACTCCGTCTCAAAAAAAAAAGAAAAAGAAAAGAAA","GGCAGAGTGTGGTAGCTCACACCTGTAATCCCAGCACTTTAGAGGCCGAGGCAGGTGGATCACCTGAGGTCAGGAGTTCAAGACCAGCCTGGCCAACATGGTGAAACCCCCATCTCTACTAAAAATACAAAAAATTATCCAGGTGTGGTGGCAGGTGCCTGTAATCCCAGCTACTCAGGAGGCTGAGGCAGGAGAATCGCTTGAACCCAGGAGGCGGAGGTTGCAGTGAGCCAAGACCATGTCACTGCACTCCAGCTTGTGTGACAGAGCAAGACTCTGTCTCAAAAAAAAAAAAAAAAAAAAAAAAAA"
"chr1","10369912","10370219","KN295667v1","471429","471734","30","9898483","GGGCGGGTGCAGTGGCTCACACGTGTAATCCTAGCAATTTGGGATGCCGAGGCGGGTGGATCACCTGAGGTAAGGATCCTGTTCAAGGCCAGCCTGGCCAACATGGTGAAACCCTGTCTCTAGTAAAATACAAAAATTAGCCAGGCGTGATGGCGGGTGCCTGTAATCCTAGCTACTCGGGAGGCTGAGACAGGAGAATCACTTGAACCTAGGAGACAGCGGTTGCAGTGAGCCGAGATCGTGCCACTGCACTCCAGCCTGGGCAGCTGAGCTAGACTGTCTCAAAAAAATAAATAAATAAAATAAAA","GGGCAGGTGCAGTGGCTCACACCTGTAATCCTAGCACTTTGGGATGCCGAGGCAGGTGGATCATCTGAGGTAAGGATTTCACGACCAGCCTGGTCAACATGGTAAAACCCTGTCTCTAGTAAAATACAAAAATTAGCCAGGCATGATGGTGGCTGCCTGTATCCTAACTACTCGGGAGGCTGAGAGGGGAGAATCACTTGAACCTAGGAGGCAGAGGTTGCAGTGAGCCGAGATCGTGCCGTTGTACTCCAGCCTGGGCAGCTGAGCTAGACTGTCTCAAAAAATAAATAAATAAAAATAAATAAA"
"chr1","10374323","10374625","KN295667v1","466562","466864","25","9907761","GGCCAGGTGCAGTGGCTCATGCCTGTAATCCCAGCAGTTAGGGAGGCGGAGATGCGCAGATCACCTGAGGTCAGGAGTTCGAGACCAGCCTGGCCAACATGGTGAAACCCTGTCTCTACTAAAAATACACAAATTAGCCGGTCATAGTGGTGAGTGCCAGTAATCCCAGCTACTCAGGAGGCTGAGGCAGGAGAATTTCTTGAACCCGGGAGGAGGAGGTTGCAGTGAGCCGAGATCACACCACTGCACTCCAGCTTGGGGAATAGAGCAAGACTCTGTCTTCAAAAAGAAAAGAAATAGAAA","GGCCAGGTGCAGTGGCTCATGCCTATAATCCCAGCACTTAGGGAGGCCGAGACATGCAGATCACCTGAGATCAGGAGTTCGAGACCAGCCTGGCCAACATGGTGAACTCCTGTCTCTACTAAAAATACAAAAATTAGCCGGTTGTAGTGGTGGGTGCCAGTAATCTCAGCTACTTGGGAGGCTGAGGCAGGATAATTTCTTGAACCCAGGAGATGGAGGTTGCAGTGAGCCGAGATCGCACCACTGCACTCCAGCCTAGGGAATAGAGCAAGATTCTGTCTTCAGAAAGAAAAGAAATAGAAA"
"chr1","10376289","10376500","KN294147v1","1651981","1652179","44","8724308","GATGATACCGTGCCTCTACTAAAAATTCCAAAAAAAAAAAAAAAATTAGGTGGGCTTGGTGGCGGGTGCCTGTAATCCCAGCTACTTGGGAGGCTGAGGCAGGTGAATCGCTTGAACCCAGGAGGTGTAGGTTGCAGTGAGCCGAGATCACACCACTGCACTCCAGCCTGGGTGATGGAACGTGACTGTGTCTCAAAAAAAAAAAAAGGAAA","TAATTAAAAAATAAATATAAATAAAAATACAAAAATTATCTGGGCATGGTCGTGGGTGTCTATAATCCCAGCTACTAGGGAGGCTGAGGCAGGAGAATCGCTTGAACCCAGAGGCAAAGGTTGCAGTGAGCTGAGATCTCACCACTGCACTCCAGCCTGGGTGACAGAGTGAGACTCTGTCTCAAAAAAAAAAAAGAAA"
"chr1","10378522","10378764","KN296307v1","88094","88346","39","10290428","CGGGCGGATTTCCTGAGGTCAGGAGATCCAGACCAGGACCAACATGGTGAAACCCCGCCTCTACTAAAAATACAAAAATTAGCCAGGCATAGTGGTGGGTGCCTATTGTCCCAGCTACTCAGGAGGCTGAGGCAGGAGAATCACTTGAACCCAGGAGGCGGAGGTTGCAGTGAGCCAAGATGGCGCCATTGCACTCCAGCCTGGGCAACAGAGAGAGACTCCACCTCAAAAAAAAAAAAAAAA","AGGTGGGTGGATCACCTGAGGTCAGGAGTTCGAAACCAGTCTGGCCAACATGGTGAAACCCCATTTCTACTAAAAATACAAAAATTAGCTGCTGGGCGTGGTAGTGGGTGCCTGTAATCCCAGCTACTCAGGAGGCTGAGGCAGGAGAATCGCTTGAACCCAGGGAGGCGGAGGTTGCAGTGAGCCAACATGGCACCATTGCACTCCAGTCTGGGTGACAGAGGGAGACTCTGTCTCAAAAAAAAAAAAGAAA"
"chr1","10393219","10393525","KN295667v1","446463","446767","24","9946756","GGCCGGGCGCAGTGGCTCATACCTGTAATCCCAGTACTTTGGGAGGCCGAGGTGGGTGGATCACTTGAGGTCAGGAGTTCGAGACCAGCCTGGCCAACGTGATGAAACCCCATCTCTACTAAAAATACAAAAAATTAGCCGGGGGTGGTGGCGGGCACCTGTAATCTCAGCTACTTGGGAGGCTGAGGCAGGACAATCGCTTGAACCCAGAAGGTGGAGGTTGCACTGAGCCGAGATCGTGCCACTGTACCCCAGCCTGGGCAGCAGTGTGAGACCTGGTCTCCAAAAAAAAAAAAAAAAAAAAGAA","GGCCGGGCACAGTGGCTCATGCCTGCAATCCTAGCACTTTGGAAGGCCAAGGCGGGTGGATCACTTGAGGTCAGGAGTTCAAGACCAGCCTGGCCAACATGATGAAACCCCGTTTCTACTAAAAATACAAAAAATTAGCCAGGGGTGGTGGCAGGCGCCTGTAATCTCAGCTACTTGGGAGGCTGAGGCAGGAGAATCGCTTGAACCCAGAAGGTGGAGGTTGCAGTGAGCCGAGATCGTGCCACTGTACCTCCGCCTGGGCAACAGTGTGAGACTCGGTCTCCAAAAAAAAAAAAAAAAAAGAA"
"chr1","10419540","10419822","KN295667v1","417699","417989","30","10001841","GGCCAGGCGCGGTGGCTCACGCCTGTAATCCCAGCACTTTGGGAGGCCAGGGCTGGCAGATCACTTGAGGTCAGGAGTTCGAGACCAGCCTGGCCAACATAGTGAAACCCCATCTCTACTGAAAATACAAAAATTAGCAGGACGTCTTGGTGGGCACCTGTAATCCCAGCTGCTTGGGAGGCTGAGGCAGGAGAATTGCTTAAACCTAGCAGGCGGAGGTTGCGGTGAGCCAAGATCGCGCAACTGCACTCAAGCCTGGGCGATAAAGCTAGACTCAGTGTCA","GGCCGGGCACGGTGGCTCACGCCTGTAATCCCAGCACTTTGGGAGGCCAGGGCTGGCAGATCACTTAAGGTCAGGAGTTTGAGACCGGTCTGACCAACATAGTGAAACCCTGTCTCTACTGAAAGTACAAAAATTAGCAGGGCGTCGTGGCGGGCGCCTGTAATCCCAGCTACTTGGGAGGCTGAGGCAGGAGAATTGCTTGAACCCAGCAGGCTGAGGTTGCAGTGAGCCAAGATCGTGCAACTGCACTCCAGCCTGGGCGATAAAGCTAGACTCAGTCTCAACAAAAAA"
