"chr1","1687373","1687472","chrX","82555985","82556085","29","80868612"
"chr1","1693671","1693770","chrX","82555985","82556085","29","80862314"
"chr1","2612441","2612580","chr1","2639640","2639779","1","27199"
"chr1","4457123","4457420","chr1","4371393","4371689","3","85730"
"chr1","9021794","9022081","chr1","8987245","8987533","2","34549"
"chr1","9866572","9866869","chr1","9750550","9750846","2","116022"
"chr1","10199750","10200053","chr1","10076380","10076678","5","123370"
"chr1","10255402","10255659","chr1","186061562","186061816","42","175806160"
"chr1","10369374","10369544","chr1","40957008","40957170","37","30587634"
"chr1","12090527","12090600","chr2A","5270330","5270402","29","6820197"
"chr1","12208870","12209027","chr2A","69978589","69978755","42","57769719"
"chr1","12373339","12373643","chr1","12198498","12198801","2","174841"
"chr1","15927182","15927487","chr17","75799367","75799663","28","59872185"
"chr1","17318299","17318600","chr1","17418043","17418316","28","99744"
"chr1","19682963","19683238","chr17","53296677","53296901","84","33613714"
"chr1","19820717","19821026","chr1","19849407","19849710","9","28690"
"chr1","21753005","21753312","chr19","10925838","10926147","37","10827167"
"chr1","24064143","24064444","chr7","37417582","37417881","34","13353439"
"chr1","24752628","24752792","chr2A","69978589","69978755","25","45225961"
"chr1","24797611","24797770","chr1","40957008","40957170","27","16159397"
"chr1","24864701","24864998","chr1","187278154","187278453","27","162413453"
"chr1","26650412","26650722","chr11","66659347","66659654","35","40008935"
"chr1","28390675","28390818","chr19","11643498","11643642","26","16747177"
"chr1","28800186","28800463","chr12","7050600","7050896","48","21749586"
"chr1","29678294","29678599","chr1","29909845","29910166","18","231551"
"chr1","31196736","31196841","chr12","47019113","47019213","27","15822377"
"chr1","31558964","31559185","chr2A","37514464","37514669","36","5955500"
"chr1","32209021","32209332","chr8","106414496","106414804","39","74205475"
"chr1","32384668","32384968","chr3","119627499","119627807","47","87242831"
"chr1","32460019","32460320","chr1","32615793","32616095","4","155774"
"chr1","32752129","32752436","chr9","4372116","4372424","37","28380013"
"chr1","32898585","32898876","chr1","33174336","33174625","12","275751"
"chr1","33033617","33033913","chr1","33324718","33325016","2","291101"
"chr1","35325683","35325839","chr1","35576277","35576432","2","250594"
"chr1","35565784","35566043","chrX","68965518","68965754","68","33399734"
"chr1","35880872","35880958","chr3","196339307","196339363","39","160458435"
"chr1","36014417","36014725","chr1","36258061","36258369","3","243644"
"chr1","39306097","39306411","chr11","71955182","71955498","12","32649085"
"chr1","40304691","40304984","chr1","40630189","40630479","3","325498"
"chr1","40639893","40640055","chr1","40957008","40957170","0","317115"
"chr1","42846414","42846710","chr1","43208617","43208889","25","362203"
"chr1","45078830","45078904","chr5","99214729","99214795","31","54135899"
"chr1","46065049","46065343","chr4","39442137","39442428","41","6622912"
"chr1","46717441","46717740","chr1","79213355","79213652","40","32495914"
"chr1","47586923","47587211","chr1","48033963","48034251","0","447040"
"chr1","48402575","48402864","chr1","48834333","48834620","2","431758"
"chr1","53127739","53127954","chr1","53569222","53569437","0","441483"
"chr1","53148107","53148405","chr1","53588389","53588685","3","440282"
"chr1","54402574","54402862","chr1","54809457","54809745","5","406883"
"chr1","55155906","55156221","chr3","11994782","11995088","43","43161124"
"chr1","55701159","55701464","chr1","56079329","56079634","3","378170"
"chr1","56161353","56161654","chr10","43327481","43327775","41","12833872"
"chr1","60767091","60767272","chr15","82887159","82887331","35","22120068"
"chr1","60768869","60769159","chr1","61180334","61180634","19","411465"
"chr1","61419898","61420188","chr1","61947066","61947364","10","527168"
"chr1","62271194","62271497","chr1","56079329","56079634","35","6191865"
"chr1","68068104","68068408","chr1","68489579","68489858","27","421475"
"chr1","68338914","68339216","chr1","68910335","68910636","1","571421"
"chr1","78023034","78023339","chr1","78654575","78654875","8","631541"
"chr1","78593615","78593919","chr1","79213355","79213652","14","619740"
"chr1","81881334","81881630","chr1","82519984","82520280","3","638650"
"chr1","86200728","86201008","chr1","86871399","86871679","1","670671"
"chr1","92295184","92295480","chr1","92937622","92937921","3","642438"
"chr1","92699587","92699885","chr1","93336671","93336968","4","637084"
"chr1","94290749","94290933","chr1","94915870","94916054","1","625121"
"chr1","100989606","100989902","chr1","101533823","101534117","4","544217"
"chr1","102337824","102338125","chr1","102864659","102864956","6","526835"
"chr1","105437929","105438243","chr1","106229894","106230208","2","791965"
"chr1","109787461","109787716","chr17","50172494","50172760","52","59614967"
"chr1","112873023","112873240","chr1","113724082","113724298","3","851059"
"chr1","116125968","116126058","chr1","28852208","28852311","34","87273760"
"chr1","120514612","120514907","chr19","42220662","42220958","33","78293950"
"chr1","121034888","121035015","chr3","53165684","53165822","37","67869204"
"chr1","124931506","124931799","chr1","125799952","125800244","1","868446"
"chr1","128387644","128387953","chr1","129225841","129226144","6","838197"
"chr1","128499439","128499723","chr1","129331757","129332041","0","832318"
"chr1","129613135","129613446","chr1","130423290","130423583","19","810155"
"chr1","129825886","129826175","chr1","130632774","130633062","2","806888"
"chr1","129938649","129938964","chr1","130742718","130743026","9","804069"
"chr1","132151314","132151618","chr1","132888998","132889277","28","737684"
"chr1","132595170","132595482","chr1","133307832","133308142","4","712662"
"chr1","132623856","132624111","chr1","133336798","133337053","4","712942"
"chr1","132670291","132670362","chr5","99214729","99214795","28","33455562"
"chr1","132671938","132672226","chr1","133386856","133387137","9","714918"
"chr1","133656564","133656694","chr3","20519838","20519972","46","113136726"
"chr1","133657260","133657444","chr11","61486586","61486768","36","72170674"
"chr1","134620675","134620841","chr2A","69978589","69978755","31","64642086"
"chr1","138594719","138595010","chr19","42220662","42220958","39","96374057"
"chr1","142739361","142739658","chr1","143642986","143643282","12","903625"
"chr1","144442308","144442599","chr1","145303961","145304251","1","861653"
"chr1","145694153","145694456","chr1","146543966","146544268","1","849813"
"chr1","146195212","146195486","chr1","147037139","147037405","11","841927"
"chr1","149857707","149857851","chr1","150629089","150629233","2","771382"
"chr1","151545016","151545327","chr1","152293692","152294001","5","748676"
"chr1","152489761","152489794","chr7","58784813","58784833","18","93704948"
"chr1","158915790","158916100","chr1","159558531","159558812","32","642741"
"chr1","161391945","161392232","chr5","145242534","145242828","37","16149411"
"chr1","161659981","161660282","chr1","162757774","162758075","2","1097793"
"chr1","163825000","163825280","chr1","164882882","164883159","4","1057882"
"chr1","164444571","164444855","chr10","114598351","114598637","39","49846220"
"chr1","171374125","171374420","chr1","172494851","172495142","4","1120726"
"chr1","171774000","171774293","chr1","172892264","172892554","3","1118264"
"chr1","171866461","171866755","chr1","172983819","172984111","4","1117358"
"chr1","173249503","173249813","chr1","174336095","174336373","34","1086592"
"chr1","176516666","176516976","chr1","177714108","177714420","5","1197442"
"chr1","177710308","177710607","chr13","51261459","51261764","36","126448849"
"chr1","179332608","179332903","chr1","180495927","180496224","5","1163319"
"chr1","180294340","180294640","chr1","181426509","181426814","6","1132169"
"chr1","181504369","181504659","chr1","182608735","182609024","1","1104366"
"chr1","182828359","182828585","chr3","25978882","25979109","48","156849477"
"chr1","183558300","183558435","chr1","184608659","184608791","4","1050359"
"chr1","185272132","185272389","chr1","186061562","186061816","6","789430"
"chr1","186501609","186501909","chr1","187278154","187278453","2","776545"
"chr1","190875761","190876053","chr1","192186237","192186527","2","1310476"
"chr1","191264260","191264569","chr1","192575743","192576053","3","1311483"
"chr1","201621919","201622048","chr19","11643498","11643642","40","189978421"
"chr1","202678414","202678563","chr1","204044378","204044529","3","1365964"
"chr1","203598159","203598465","chr1","204903376","204903682","6","1305217"
"chr1","205037815","205038006","chr11","61486586","61486768","34","143551229"
"chr1","205697708","205698008","chr3","138119271","138119570","43","67578437"
"chr1","207790343","207790624","chr16","69019199","69019483","40","138771144"
"chr1","209912403","209912694","chr1","211371026","211371316","1","1458623"
"chr1","210445793","210446103","chr1","211897223","211897528","8","1451430"
"chr1","210951786","210952093","chr1","212391541","212391852","5","1439755"
"chr1","215231171","215231243","chr17","60847759","60847816","27","154383412"
"chr1","218880378","218880677","chr1","220102234","220102531","5","1221856"
"chr1","220613181","220613488","chr1","221806776","221807083","2","1193595"
"chr1","222031334","222031633","chr1","223630458","223630757","0","1599124"
"chr1","222237745","222238044","chr1","223824596","223824893","4","1586851"
"chr1","224170994","224171265","chr3","72182144","72182416","42","151988850"
"chr1","224250652","224250929","chr1","225811381","225811658","0","1560729"
"chr1","224696456","224696542","chr1","28852208","28852311","36","195844248"
"chr1","224938268","224938383","chr9","118146805","118146927","44","106791463"
"chr1","226573364","226573666","chr1","228178938","228179233","13","1605574"
"chr1","226608896","226609182","chr1","228213261","228213556","19","1604365"
"chr1","226740878","226740970","chr14","64296100","64296193","14","162444778"
"chr3","116784893","116785189","chr3","117524761","117525053","5","739868"
"chr3","3198186","3198490","chr3","3172930","3173235","3","25256"
"chr3","3343502","3343757","chr3","3317490","3317745","4","26012"
"chr3","11933891","11934198","chr3","11994782","11995088","3","60891"
"chr3","19523725","19524024","chr3","19497920","19498217","2","25805"
"chr3","24172094","24172384","chr6","135988619","135988909","37","111816525"
"chr3","26159916","26160144","chr3","25978882","25979109","2","181034"
"chr3","28438131","28438438","chr3","28216047","28216353","5","222084"
"chr3","28846139","28846442","chr3","28617522","28617831","7","228617"
"chr3","29866647","29866925","chr3","29625919","29626199","3","240728"
"chr3","32828729","32829028","chr3","32538896","32539193","2","289833"
"chr3","32839745","32840037","chr3","32549496","32549797","9","290249"
"chr3","32841057","32841227","chr2A","69978589","69978755","41","37137532"
"chr3","37531833","37532023","chr3","37156945","37157135","2","374888"
"chr3","37634679","37634867","chrX","48353339","48353533","32","10718660"
"chr3","39920556","39920828","chr3","39496613","39496881","4","423943"
"chr3","41135305","41135410","chrX","82555985","82556085","45","41420680"
"chr3","42443728","42444037","chr3","41961536","41961843","3","482192"
"chr3","45798817","45798957","chr3","20519838","20519972","24","25278979"
"chr3","46501372","46501651","chr3","46816099","46816378","0","314727"
"chr3","47654915","47655210","chr3","47956641","47956934","3","301726"
"chr3","47882028","47882305","chrX","96335042","96335324","36","48453014"
"chr3","48512201","48512494","chr3","48791923","48792214","8","279722"
"chr3","48763000","48763169","chr9","118146612","118146777","37","69383612"
"chr3","49839980","49840178","chr3","50080613","50080811","0","240633"
"chr3","50032872","50033150","chr2B","247117537","247117813","40","197084665"
"chr3","51909182","51909457","chr3","52260686","52260961","0","351504"
"chr3","52371028","52371303","chr3","52719089","52719363","3","348061"
"chr3","52833416","52833551","chr3","53165684","53165822","5","332268"
"chr3","53485109","53485419","chr3","53805976","53806280","8","320867"
"chr3","57984777","57984968","chr3","58248183","58248371","4","263406"
"chr3","57995193","57995477","chr3","58258224","58258519","21","263031"
"chr3","58071360","58071662","chr1","130632774","130633062","44","72561414"
"chr3","63498222","63498521","chr3","63871803","63872098","5","373581"
"chr3","67835473","67835776","chr16","2144253","2144553","31","65691220"
"chr3","72164426","72164698","chr3","72182144","72182416","0","17718"
"chr3","78120642","78120843","chr3","78712274","78712475","1","591632"
"chr3","86124886","86125192","chr3","86810509","86810815","3","685623"
"chr3","89659819","89660110","chr3","90295036","90295326","2","635217"
"chr3","98467751","98468039","chr3","99178887","99179175","3","711136"
"chr3","100365613","100365916","chr9","84014009","84014312","54","16351604"
"chr3","101959196","101959497","chr3","102606141","102606442","0","646945"
"chr3","110006866","110007147","chr3","110805251","110805534","8","798385"
"chr3","111587100","111587396","chr3","112359666","112359959","10","772566"
"chr3","112301571","112301739","chr3","113063959","113064127","2","762388"
"chr3","118921645","118921950","chr3","119627499","119627807","3","705854"
"chr3","119829490","119829769","chr3","120531126","120531405","1","701636"
"chr3","120217598","120217863","chr16","66770356","66770617","34","53447242"
"chr3","121361621","121361914","chr3","122037044","122037328","11","675423"
"chr3","123494982","123495161","chr14","103009371","103009555","29","20485611"
"chr3","123495574","123495719","chr7","110055392","110055533","20","13440182"
"chr3","123562263","123562560","chr3","124223784","124224078","6","661521"
"chr3","125032654","125032961","chr3","125673199","125673485","24","640545"
"chr3","127695926","127696156","chr3","128288462","128288692","0","592536"
"chr3","128131645","128131940","chr3","128722649","128722944","4","591004"
"chr3","128626288","128626358","chr17","60847759","60847816","25","67778529"
"chr3","137048504","137048805","chr3","138089237","138089533","6","1040733"
"chr3","137085479","137085784","chr3","138119271","138119570","10","1033792"
"chr3","139937892","139938024","chr7","58785140","58785273","21","81152752"
"chr3","142878658","142878964","chr3","143987139","143987444","3","1108481"
"chr3","146128833","146129071","chr4","62303029","62303269","49","83825804"
"chr3","146210831","146211131","chr3","147255435","147255730","7","1044604"
"chr3","147336271","147336573","chr3","148365395","148365692","5","1029124"
"chr3","152532181","152532483","chr3","153492586","153492893","6","960405"
"chr3","154522763","154523062","chrX","14735822","14736116","37","139786941"
"chr3","158028120","158028172","chr17","60847759","60847816","23","97180361"
"chr3","158917814","158918103","chr3","160295040","160295333","5","1377226"
"chr3","159720801","159720942","chr10","101256439","101256562","38","58464362"
"chr3","164324522","164324716","chr3","165604474","165604668","0","1279952"
"chr3","170801426","170801689","chr3","172060346","172060609","1","1258920"
"chr3","172145151","172145451","chr3","173402443","173402739","7","1257292"
"chr3","173717155","173717323","chrX","22015959","22016126","52","151701196"
"chr3","173718113","173718157","chr19","19737732","19737779","11","153980381"
"chr3","176404519","176404679","chr2B","131602824","131602983","23","44801695"
"chr3","176450307","176450440","chr2A","86828106","86828210","41","89622201"
"chr3","182524608","182524911","chr3","183780606","183780908","2","1255998"
"chr3","183203955","183204231","chr3","184451575","184451849","2","1247620"
"chr3","183335337","183335631","chr3","184581659","184581968","22","1246322"
"chr3","185727501","185727801","chr3","186944036","186944335","2","1216535"
"chr3","186958286","186958591","chrX","133089967","133090275","40","53868319"
"chr3","187308946","187309237","chr3","188492540","188492825","8","1183594"
"chr3","187942434","187942624","chr9","36586099","36586290","35","151356335"
"chr3","187947314","187947618","chr3","189119084","189119388","2","1171770"
"chr3","188539675","188539939","chrX","96335042","96335324","49","92204633"
"chr3","188837200","188837488","chr3","190307945","190308244","18","1470745"
"chr3","192736621","192736929","chr3","194249995","194250300","6","1513374"
"chr3","194849283","194849339","chr3","196339307","196339363","0","1490024"
"chr3","199428523","199428810","chr3","202896225","202896505","7","3467702"
"chr3","200081030","200081338","chr3","203352812","203353116","9","3271782"
"chr3","201390220","201390291","chr5","99214729","99214795","31","102175491"
"chr3","201745914","201746209","chr3","204987729","204988023","2","3241815"
"chr4","710664","710777","chr4","63573400","63573514","18","62862736"
"chr4","1803064","1803245","chr11","847054","847245","33","956010"
"chr4","2102361","2102454","chr14","19264849","19264927","46","17162488"
"chr4","3272670","3272962","chr4","3243109","3243400","1","29561"
"chr4","4263057","4263177","chr1","24888140","24888261","19","20625083"
"chr4","4264847","4264967","chr1","24888140","24888261","19","20623293"
"chr4","5349290","5349596","chr4","5360525","5360822","10","11235"
"chr4","11008674","11008981","chr4","11013358","11013663","3","4684"
"chr4","15592894","15592985","chr1","28852208","28852311","30","13259314"
"chr4","20185549","20185822","chr4","20026676","20026942","9","158873"
"chr4","21697422","21697709","chr4","21519512","21519796","4","177910"
"chr4","25265889","25266188","chr7","37417582","37417881","42","12151693"
"chr4","25379265","25379563","chr4","45927825","45928122","40","20548560"
"chr4","26200823","26200954","chr3","20519838","20519972","24","5680985"
"chr4","27693751","27694051","chr4","27383725","27384014","11","310026"
"chr4","30788091","30788371","chr4","30458637","30458923","9","329454"
"chr4","37759492","37759775","chr4","37953903","37954190","6","194411"
"chr4","38688548","38688869","chr10","102240354","102240665","57","63551806"
"chr4","39064807","39065102","chr4","39230047","39230344","6","165240"
"chr4","39285304","39285592","chr4","39442137","39442428","8","156833"
"chr4","40048901","40049199","chr14","48932057","48932350","34","8883156"
"chr4","40720908","40721122","chr4","40840557","40840771","1","119649"
"chr4","40721433","40721520","chr20","31619198","31619287","13","9102235"
"chr4","40970116","40970288","chr16","45757651","45757776","63","4787535"
"chr4","43571199","43571468","chr4","43657822","43658091","1","86623"
"chr4","44683072","44683363","chr4","44755479","44755769","2","72407"
"chr4","45859737","45860030","chr4","45927825","45928122","6","68088"
"chr4","51132690","51132975","chr4","51132115","51132395","10","575"
"chr4","53291181","53291534","chr7","100875778","100876073","98","47584597"
"chr4","53571955","53572251","chr4","53548380","53548676","0","23575"
"chr4","53992429","53992733","chr4","53963441","53963745","1","28988"
"chr4","54394691","54394830","chr13","78508890","78509024","58","24114199"
"chr4","54651167","54651457","chr4","54604790","54605081","3","46377"
"chr4","59274484","59274604","chr4","63573400","63573514","28","4298916"
"chr4","59449320","59449612","chr4","59864413","59864703","2","415093"
"chr4","61780136","61780376","chr4","62303029","62303269","0","522893"
"chr4","63141903","63142195","chr4","63659924","63660216","2","518021"
"chr4","63669761","63669928","chr4","64181248","64181414","2","511487"
"chr4","67367570","67367842","chr4","67847859","67848137","8","480289"
"chr4","73419052","73419362","chr19","10925838","10926147","29","62493214"
"chr4","83582850","83583145","chr4","84420707","84421001","3","837857"
"chr4","83712976","83713226","chr4","84555006","84555256","1","842030"
"chr4","87717940","87718244","chr4","88505960","88506255","19","788020"
"chr4","89000804","89001070","chr4","89778374","89778639","1","777570"
"chr4","93085628","93085937","chr4","93808143","93808448","11","722515"
"chr4","94066984","94067212","chr4","94787451","94787678","3","720467"
"chr4","97917644","97917938","chr4","98572204","98572498","5","654560"
"chr4","105620712","105621016","chr2A","46759539","46759842","30","58861173"
"chr4","109299649","109299761","chr17","8545518","8545625","35","100754131"
"chr4","109558725","109558840","chr10","101256439","101256562","30","8302286"
"chr4","111202544","111202654","chr12","112967864","112967962","33","1765320"
"chr4","111203383","111203469","chr5","99214729","99214795","41","11988654"
"chr4","111203651","111203767","chr3","20519838","20519972","42","90683813"
"chr4","111209058","111209223","chr5","160009439","160009605","43","48800381"
"chr4","112125167","112125464","chr1","79213355","79213652","30","32911812"
"chr4","112729578","112729809","chr9","131512698","131512932","44","18783120"
"chr4","128197585","128197796","chr4","129028785","129029005","12","831200"
"chr4","131336951","131337046","chr10","101255245","101255340","31","30081706"
"chr4","134038232","134038534","chr4","135046702","135047005","4","1008470"
"chr4","138035097","138035377","chr4","138970868","138971148","2","935771"
"chr4","139407371","139407657","chr4","140394403","140394691","12","987032"
"chr4","141690451","141690534","chr2A","5270330","5270402","27","136420121"
"chr4","145331291","145331600","chr4","146232207","146232511","9","900916"
"chr4","150780903","150781206","chr4","151768707","151769008","4","987804"
"chr4","154426292","154426598","chr4","155394115","155394394","29","967823"
"chr4","156133404","156133706","chr7","37417582","37417881","35","118715822"
"chr4","156217552","156217835","chr4","157165086","157165375","7","947534"
"chr4","159284083","159284379","chr4","160361557","160361855","7","1077474"
"chr4","159805526","159805700","chr4","160879071","160879240","5","1073545"
"chr4","164200419","164200723","chr4","165184604","165184907","1","984185"
"chr4","166258776","166258982","chr20","47246692","47246893","38","119012084"
"chr4","168387393","168387604","chr11","61486586","61486768","74","106900807"
"chr4","168927740","168927900","chr4","170141285","170141445","2","1213545"
"chr4","170350489","170350789","chr4","171494808","171495103","12","1144319"
"chr4","173553950","173554248","chr4","174647827","174648124","4","1093877"
"chr4","175332588","175332684","chr1","28852208","28852311","37","146480380"
"chr4","180448919","180449219","chr4","181638492","181638790","6","1189573"
"chr4","186315741","186316043","chr4","187399902","187400196","20","1084161"
"chr4","187973776","187974070","chr4","189032696","189033000","12","1058920"
"chr4","191945561","191945870","chr4","192928261","192928572","2","982700"
"chr4","192688430","192688728","chr6","160069000","160069290","39","32619430"
"chr5","10861680","10861973","chr5","10909092","10909384","1","47412"
"chr5","11118724","11119017","chr5","11166007","11166290","10","47283"
"chr5","13282747","13283051","chr5","13291520","13291823","3","8773"
"chr5","14209041","14209339","chr5","14199751","14200052","10","9290"
"chr5","14450168","14450471","chr5","14436180","14436448","35","13988"
"chr5","19039208","19039511","chr5","19203242","19203546","3","164034"
"chr5","19750532","19750829","chr5","19901536","19901837","5","151004"
"chr5","27269446","27269752","chr5","27330815","27331120","3","61369"
"chr5","32208577","32208868","chr5","32398763","32399059","5","190186"
"chr5","34101400","34101494","chr14","64296100","64296193","19","30194700"
"chr5","36473259","36473551","chr5","36744546","36744837","5","271287"
"chr5","37660679","37660988","chr5","37951237","37951546","2","290558"
"chr5","40891631","40891939","chr5","41233709","41234020","7","342078"
"chr5","42238471","42238773","chr5","42551630","42551932","7","313159"
"chr5","44083978","44084268","chr5","44426886","44427170","29","342908"
"chr5","45902728","45903025","chr5","46245906","46246199","5","343178"
"chr5","49645024","49645117","chr5","50016926","50017019","0","371902"
"chr5","58882731","58883030","chr5","59123675","59123972","3","240944"
"chr5","58935077","58935376","chr5","59123675","59123972","3","188598"
"chr5","64663906","64664209","chr5","64755570","64755874","1","91664"
"chr5","73581239","73581542","chr5","73913271","73913575","2","332032"
"chr5","81662133","81662434","chr5","82197965","82198264","7","535832"
"chr5","82671961","82672075","chr2A","86828106","86828210","28","4156145"
"chr5","82722421","82722712","chr5","83244937","83245228","1","522516"
"chr5","83186838","83187075","chrX","68965518","68965754","53","14221320"
"chr5","83283042","83283181","chr7","110055392","110055533","30","26772350"
"chr5","83673054","83673352","chr15","72202806","72203104","33","11470248"
"chr5","85114994","85115285","chr5","85573833","85574121","4","458839"
"chr5","93069099","93069406","chr5","93634886","93635194","2","565787"
"chr5","93638255","93638538","chr5","94286472","94286755","1","648217"
"chr5","94163092","94163401","chr5","94828127","94828432","7","665035"
"chr5","96687673","96687973","chr5","97300202","97300502","1","612529"
"chr5","99291239","99291539","chr5","99870361","99870633","28","579122"
"chr5","103561356","103561665","chr5","104263590","104263884","16","702234"
"chr5","108768803","108769107","chr5","109525179","109525483","2","756376"
"chr5","109200674","109200757","chr20","31619198","31619287","18","77581476"
"chr5","109201717","109201951","chrX","69395265","69395486","50","39806452"
"chr5","110791998","110792152","chr5","111515867","111516019","5","723869"
"chr5","116148425","116148736","chr5","116803668","116803978","5","655243"
"chr5","117497355","117497645","chr5","118130167","118130453","4","632812"
"chr5","122488741","122489035","chr5","123072138","123072439","8","583397"
"chr5","130337092","130337403","chr5","130867583","130867894","6","530491"
"chr5","133544461","133544766","chr5","134458906","134459204","8","914445"
"chr5","133644376","133644667","chr5","134556977","134557268","1","912601"
"chr5","134725785","134726092","chr10","119727224","119727533","35","14998561"
"chr5","135366222","135366515","chrX","23301462","23301756","38","112064760"
"chr5","135512787","135513083","chr5","136369171","136369466","8","856384"
"chr5","140420625","140420933","chr1","192575743","192576053","37","52155118"
"chr5","140882851","140883163","chr5","141647676","141647985","5","764825"
"chr5","141807222","141807528","chr5","142549094","142549371","29","741872"
"chr5","144544636","144544932","chr5","145242534","145242828","7","697898"
"chr5","146977241","146977319","chr17","60847759","60847816","33","86129482"
"chr5","157882709","157883011","chr5","158393935","158394233","8","511226"
"chr5","158886887","158887045","chr5","160009439","160009605","24","1122552"
"chr5","166964027","166964348","chr5","168115614","168115935","4","1151587"
"chr5","168750930","168751229","chr5","169882480","169882775","5","1131550"
"chr5","172139018","172139314","chr5","173239986","173240281","5","1100968"
"chr5","172412065","172412188","chr3","20519838","20519972","30","151892227"
"chr5","173201089","173201386","chr5","174449301","174449596","2","1248212"
"chr5","173261106","173261233","chr9","118146805","118146927","29","55114301"
"chr5","174028928","174029213","chr5","175261781","175262067","4","1232853"
"chr5","178122067","178122377","chr5","179422174","179422475","9","1300107"
"chr5","178239123","178239207","chr5","50016926","50017019","33","128222197"
"chr5","179728518","179728828","chr5","181024082","181024391","1","1295564"
"chr5","180859394","180859690","chr5","182188175","182188471","1","1328781"
"chr5","181697419","181697673","chr5","183025167","183025423","2","1327748"
"chr5","181787288","181787560","chr5","183113832","183114103","1","1326544"
"chr6","7867618","7867917","chr6","7928159","7928455","4","60541"
"chr6","9950185","9950494","chr6","9985597","9985906","3","35412"
"chr6","13876212","13876518","chr6","13986574","13986873","16","110362"
"chr6","15305092","15305166","chr17","60847759","60847816","34","45542667"
"chr6","15480015","15480169","chr22","43958213","43958359","30","28478198"
"chr6","16233044","16233334","chr6","16284668","16284958","3","51624"
"chr6","16833084","16833393","chr6","16878290","16878598","4","45206"
"chr6","17771304","17771577","chr6","17797324","17797597","2","26020"
"chr6","17839428","17839743","chr6","17864917","17865224","11","25489"
"chr6","20388964","20389256","chr6","20373974","20374266","0","14990"
"chr6","21854875","21855180","chr6","21817987","21818292","0","36888"
"chr6","21915572","21915877","chr6","21878607","21878912","3","36965"
"chr6","23252399","23252685","chr6","23192013","23192295","11","60386"
"chr6","23757374","23757686","chr6","23688781","23689087","9","68593"
"chr6","24241614","24241925","chr6","24172170","24172478","3","69444"
"chr6","26550428","26550709","chr6","26777492","26777773","2","227064"
"chr6","26838662","26838969","chr6","27060243","27060551","14","221581"
"chr6","29062104","29062416","chr18","13223078","13223388","25","15839026"
"chr6","29700202","29700499","chr6","29914564","29914860","1","214362"
"chr6","30483508","30483815","chr6","30554721","30555028","1","71213"
"chr6","31001586","31001872","chr6","31268408","31268699","6","266822"
"chr6","32365899","32366198","chr4","102102693","102102995","42","69736794"
"chr6","35543843","35544150","chr19","10925838","10926147","36","24618005"
"chr6","35821711","35822019","chr6","36035558","36035863","4","213847"
"chr6","36221512","36221613","chr20","31619198","31619287","42","4602314"
"chr6","38001493","38001760","chr6","38258242","38258508","1","256749"
"chr6","42381307","42381381","chr19","51082851","51082931","34","8701544"
"chr6","42942749","42942853","chr4","63573400","63573514","31","20630651"
"chr6","43691733","43691967","chrX","54361892","54362128","27","10670159"
"chr6","44286415","44286706","chr4","98572204","98572498","71","54285789"
"chr6","44343344","44343422","chr17","60847759","60847816","31","16504415"
"chr6","45277610","45277921","chr6","45491853","45492150","21","214243"
"chr6","47734948","47735238","chr6","47924579","47924868","2","189631"
"chr6","48908843","48908953","chr6","49068354","49068459","7","159511"
"chr6","52488538","52488832","chr6","52609042","52609335","1","120504"
"chr6","56018819","56019112","chr6","56442288","56442581","0","423469"
"chr6","58111059","58111355","chr19","42208401","42208697","34","15902658"
"chr6","64026040","64026328","chr16","24019917","24020206","34","40006123"
"chr6","75874276","75874325","chr10","12115067","12115110","22","63759209"
"chr6","75874345","75874408","chr5","99214729","99214795","24","23340384"
"chr6","77440726","77441027","chr1","12198498","12198801","40","65242228"
"chr6","77782550","77782828","chr6","78497115","78497393","0","714565"
"chr6","78681876","78682162","chr6","79374356","79374642","1","692480"
"chr6","88351684","88351817","chr2A","53376025","53376176","33","34975659"
"chr6","90061121","90061419","chr12","58114653","58114945","21","31946468"
"chr6","90613671","90613954","chr6","91123814","91124099","4","510143"
"chr6","91112762","91113045","chrX","139470000","139470265","51","48357238"
"chr6","99816809","99817031","chr6","100648405","100648627","0","831596"
"chr6","102280242","102280539","chr6","103063265","103063562","1","783023"
"chr6","103087848","103088025","chr6","103858875","103859052","3","771027"
"chr6","108670496","108670601","chr15","30780256","30780376","36","77890240"
"chr6","109814287","109814571","chr6","110606058","110606340","3","791771"
"chr6","110173732","110174018","chr4","51132115","51132395","55","59041617"
"chr6","110391274","110391493","chr16","16977955","16978195","69","93413319"
"chr6","113713093","113713390","chr6","114472319","114472612","6","759226"
"chr6","127278094","127278376","chr6","127924338","127924616","6","646244"
"chr6","130386358","130386618","chr6","130984560","130984819","8","598202"
"chr6","135437821","135438113","chr6","135988619","135988909","3","550798"
"chr6","135823981","135824293","chr6","136363559","136363870","8","539578"
"chr6","139036761","139037054","chr6","139516775","139517067","1","480014"
"chr6","140518315","140518620","chr6","140980326","140980633","2","462011"
"chr6","145848450","145848752","chr6","146869297","146869599","0","1020847"
"chr6","149641256","149641563","chr6","150582184","150582487","6","940928"
"chr6","149970132","149970437","chr6","150910338","150910641","6","940206"
"chr6","152618192","152618486","chr6","153483763","153484055","3","865571"
"chr6","153585133","153585418","chr6","154409404","154409690","8","824271"
"chr6","156580972","156581251","chr6","158632455","158632734","0","2051483"
"chr6","158035567","158035859","chr6","160069000","160069290","2","2033433"
"chr6","159311355","159311605","chr6","172446422","172446671","61","13135067"
"chr6","160063831","160064056","chr6","161225679","161225901","4","1161848"
"chr6","161222023","161222331","chr6","162366610","162366918","1","1144587"
"chr6","161849407","161849700","chr6","162975533","162975825","4","1126126"
"chr6","168865905","168866221","chr18","18167160","18167462","61","150698745"
"chr6","169704863","169705041","chr6","170801666","170801851","10","1096803"
"chr6","171373532","171373782","chr6","172446422","172446671","4","1072890"
"chr7","226330","226630","chr13","87424887","87425191","57","87198557"
"chr7","1419297","1419594","chr7","3072602","3072896","5","1653305"
"chr7","4339517","4339825","chr7","5942096","5942392","13","1602579"
"chr7","4420760","4421054","chr7","6023239","6023533","2","1602479"
"chr7","5301811","5302073","chrUn_NW_014016221v1","838","1087","16","5300973"
"chr7","5383777","5383850","chr3","196339307","196339363","33","190955530"
"chr7","11096037","11096365","chr7","12529834","12530163","9","1433797"
"chr7","12773118","12773374","chr3","3317490","3317745","45","9455628"
"chr7","15218689","15218983","chr7","16618250","16618540","8","1399561"
"chr7","20580302","20580602","chr7","21955506","21955807","34","1375204"
"chr7","23728579","23728878","chr7","25394467","25394766","2","1665888"
"chr7","24602940","24603185","chr7","26261420","26261665","4","1658480"
"chr7","28257023","28257326","chr16","69019199","69019483","56","40762176"
"chr7","31054121","31054422","chr7","37417582","37417881","32","6363461"
"chr7","31122717","31123024","chr17","41333311","41333613","43","10210594"
"chr7","31275239","31275552","chr17","69596487","69596775","56","38321248"
"chr7","31466345","31466648","chr7","33916669","33916975","5","2450324"
"chr7","35122965","35123263","chr7","37417582","37417881","5","2294617"
"chr7","35333114","35333405","chr7","37622591","37622910","30","2289477"
"chr7","35854475","35854779","chr7","38145407","38145711","1","2290932"
"chr7","35978460","35978764","chr7","38269372","38269672","5","2290912"
"chr7","37091365","37091658","chr7","39387662","39387955","2","2296297"
"chr7","43328894","43329191","chr7","45445662","45445957","3","2116768"
"chr7","47502318","47502440","chr3","20519838","20519972","32","26982480"
"chr7","47557588","47557714","chr3","20519838","20519972","31","27037750"
"chr7","48585213","48585498","chr10","43327481","43327775","31","5257732"
"chr7","49819468","49819774","chr7","52009804","52010108","6","2190336"
"chr7","55957481","55957791","chr7","62896179","62896489","4","6938698"
"chr7","62506747","62507045","chr7","63929958","63930253","5","1423211"
"chr7","63210924","63211092","chr2A","69978589","69978755","29","6767665"
"chr7","63539857","63540159","chr7","64910051","64910353","1","1370194"
"chr7","63773300","63773383","chr1","28852208","28852311","29","34921092"
"chr7","63917456","63917623","chr2A","69978589","69978755","28","6061133"
"chr7","64373301","64373462","chr1","40957008","40957170","30","23416293"
"chr7","64394232","64394530","chr7","64645288","64645587","4","251056"
"chr7","64912239","64912374","chr7","73476455","73476590","0","8564216"
"chr7","64915461","64915764","chr7","73479666","73479967","2","8564205"
"chr7","65019976","65020297","chr6","88827057","88827358","26","23807081"
"chr7","65087293","65087533","chr7","73647171","73647409","5","8559878"
"chr7","65254566","65254862","chr1","125799952","125800244","30","60545386"
"chr7","66103029","66103331","chr7","74979966","74980242","28","8876937"
"chr7","66744112","66744417","chr7","76116249","76116553","1","9372137"
"chr7","67027689","67027916","chr7","76401411","76401638","1","9373722"
"chr7","67752784","67753127","chr3","11994782","11995088","71","55758002"
"chr7","70873003","70873306","chr7","80557682","80557986","6","9684679"
"chr7","72507087","72507385","chr14","48932057","48932350","31","23575030"
"chr7","72515396","72515533","chr7","58785140","58785273","32","13730256"
"chr7","72551487","72551785","chr7","81708855","81709151","4","9157368"
"chr7","73708656","73708959","chr7","80557682","80557986","5","6849026"
"chr7","74263297","74263589","chr7","80391970","80392262","0","6128673"
"chr7","74842845","74843145","chr7","79814547","79814847","4","4971702"
"chr7","74962424","74962721","chr7","37417582","37417881","44","37544842"
"chr7","78328691","78328993","chr19","1756751","1757054","31","76571940"
"chr7","78485810","78486135","chr19","57688780","57689097","50","20797030"
"chr7","81514127","81514452","chr7","86643244","86643572","6","5129117"
"chr7","88863909","88864111","chr22","40025128","40025326","27","48838781"
"chr7","97687407","97687651","chr7","102698448","102698692","0","5011041"
"chr7","98800344","98800643","chr7","103724456","103724754","6","4924112"
"chr7","99112842","99113150","chr7","104036805","104037116","5","4923963"
"chr7","100670288","100670567","chr7","105528518","105528797","2","4858230"
"chr7","101523089","101523309","chr4","94787451","94787678","48","6735638"
"chr7","103126379","103126601","chrX","69395265","69395486","34","33731114"
"chr7","104892001","104892295","chr7","108130915","108131211","6","3238914"
"chr7","109494536","109494822","chr7","112708691","112708983","8","3214155"
"chr7","112841829","112842122","chr7","116034820","116035113","1","3192991"
"chr7","114238952","114239231","chr7","117413234","117413513","1","3174282"
"chr7","117879405","117879721","chr7","121058089","121058394","12","3178684"
"chr7","118528113","118528366","chr7","121704872","121705125","3","3176759"
"chr7","118571246","118571425","chr14","103009371","103009555","33","15561875"
"chr7","126625892","126626169","chr7","129762595","129762868","6","3136703"
"chr7","130056647","130056942","chr17","61737181","61737474","10","68319466"
"chr7","131646741","131647058","chr7","134647852","134648166","5","3001111"
"chr7","133208540","133208840","chr7","136194277","136194587","10","2985737"
"chr7","135410141","135410387","chr7","138396155","138396401","4","2986014"
"chr7","135590311","135590581","chr7","138574532","138574801","2","2984221"
"chr7","138077363","138077654","chr7","141052376","141052667","0","2975013"
"chr7","139625665","139625963","chr3","28216047","28216353","47","111409618"
"chr7","141904534","141904840","chr1","12198498","12198801","37","129706036"
"chr7","144736012","144736310","chr7","147673548","147673846","5","2937536"
"chr7","146202557","146202848","chr17","80682285","80682577","32","65520272"
"chr7","150343832","150344092","chr8","49857755","49858009","33","100486077"
"chr7","153741375","153741543","chr7","156312575","156312743","0","2571200"
"chr7","153942305","153942600","chr7","156509935","156510225","10","2567630"
"chr7","157027266","157027563","chr2B","167713412","167713717","47","10686146"
"chr7","158593048","158593336","chr7","160553722","160554010","1","1960674"
"chr7","158690863","158690995","chr3","20519838","20519972","25","138171025"
"chr8","2170598","2170909","chr8","2153605","2153906","13","16993"
"chr8","2540511","2540803","chr8","2563188","2563479","6","22677"
"chr8","3828549","3828852","chr8","3853982","3854290","5","25433"
"chr8","8739758","8740040","chr8","8787883","8788163","4","48125"
"chr8","13453545","13453812","chr12","94375656","94375945","47","80922111"
"chr8","15847756","15848066","chr8","15896992","15897302","9","49236"
"chr8","15940985","15941303","chr8","15989519","15989820","18","48534"
"chr8","19760821","19760989","chr9","124557640","124557804","23","104796819"
"chr8","19973947","19974240","chr8","19892574","19892865","11","81373"
"chr8","20603215","20603310","chr10","72373702","72373763","46","51770487"
"chr8","20603417","20603490","chr10","72373702","72373763","33","51770285"
"chr8","24023904","24024207","chr8","24197807","24198110","2","173903"
"chr8","25136926","25137221","chr8","25280813","25281107","1","143887"
"chr8","33297363","33297656","chr1","82519984","82520280","39","49222621"
"chr8","34921360","34921447","chr1","28852208","28852311","36","6069152"
"chr8","35320694","35320981","chr8","35249383","35249670","1","71311"
"chr8","37956311","37956619","chr8","38181141","38181422","27","224830"
"chr8","39046751","39046895","chr8","39245474","39245618","2","198723"
"chr8","39068754","39068940","chr14","103009371","103009555","34","63940617"
"chr8","39094716","39095014","chr8","39292251","39292548","1","197535"
"chr8","43858569","43858879","chr8","40059534","40059832","16","3799035"
"chr8","44626416","44626713","chr8","40861230","40861526","2","3765186"
"chr8","52056363","52056564","chr8","48116596","48116795","2","3939767"
"chr8","53818697","53818993","chr12","7050600","7050896","26","46768097"
"chr8","55694713","55695013","chr9","83612281","83612574","40","27917568"
"chr8","55839817","55840106","chr8","56199544","56199833","1","359727"
"chr8","58740673","58740858","chr4","2610756","2610938","30","56129917"
"chr8","64408667","64408959","chr8","64777859","64778164","14","369192"
"chr8","67759661","67759736","chr17","60847759","60847816","30","6911902"
"chr8","67777712","67777995","chr8","68089746","68090028","2","312034"
"chr8","68464561","68464738","chr8","68769446","68769623","0","304885"
"chr8","68531707","68531847","chr12","122342211","122342362","25","53810504"
"chr8","71884851","71885160","chr3","119627499","119627807","34","47742648"
"chr8","74923342","74923634","chr8","75078946","75079235","3","155604"
"chr8","78459224","78459533","chr10","119727224","119727533","42","41268000"
"chr8","80489112","80489414","chr8","80544767","80545065","5","55655"
"chr8","83121171","83121475","chr8","83141181","83141467","18","20010"
"chr8","89817921","89818227","chr8","90241801","90242084","23","423880"
"chr8","92604044","92604354","chr8","92985782","92986092","1","381738"
"chr8","92700161","92700435","chr8","93080897","93081169","2","380736"
"chr8","93052303","93052451","chr6","43537421","43537573","28","49514882"
"chr8","93092832","93092933","chr11","34701840","34701956","40","58390992"
"chr8","95001582","95001880","chr8","95593108","95593404","5","591526"
"chr8","95960115","95960190","chr2A","5270330","5270402","28","90689785"
"chr8","97411994","97412282","chr8","97962016","97962317","15","550022"
"chr8","99013948","99014260","chr16","66341849","66342157","44","32672099"
"chr8","99510355","99510636","chr11","122111201","122111478","43","22600846"
"chr8","106021949","106022257","chr8","106414496","106414804","3","392547"
"chr8","116301434","116301723","chr8","116934584","116934894","22","633150"
"chr8","118446790","118447087","chr8","119284509","119284801","7","837719"
"chr8","118683505","118683789","chr8","119516430","119516713","1","832925"
"chr8","120520248","120520491","chr11","94858585","94858833","62","25661663"
"chr8","122085680","122085878","chr3","199966986","199967146","71","77881306"
"chr8","124664937","124665246","chr8","125410020","125410347","18","745083"
"chr8","126440204","126440432","chrX","69395265","69395486","35","57044939"
"chr8","133350213","133350513","chr8","134269479","134269778","4","919266"
"chr8","139380427","139380734","chr1","68910335","68910636","46","70470092"
"chr8","143249624","143249918","chr8","144102667","144102961","0","853043"
"chr9","4403164","4403470","chr9","4372116","4372424","11","31048"
"chr9","4535423","4535561","chr7","58785140","58785273","27","54249717"
"chr9","7441718","7441851","chr7","58785140","58785273","21","51343422"
"chr9","14622581","14622882","chr9","14725227","14725530","4","102646"
"chr9","15327479","15327785","chr9","15417666","15417971","6","90187"
"chr9","15350019","15350129","chr9","118146805","118146927","36","102796786"
"chr9","15352257","15352333","chr5","99214729","99214795","31","83862472"
"chr9","15403924","15404213","chr9","15489228","15489519","5","85304"
"chr9","27799577","27799886","chr9","27860707","27860978","39","61130"
"chr9","29164858","29165029","chr9","29379893","29380067","3","215035"
"chr9","32113474","32113764","chr9","32321464","32321754","6","207990"
"chr9","32804016","32804228","chr9","106678899","106679091","70","73874883"
"chr9","32938448","32938754","chr2B","224985473","224985780","36","192047025"
"chr9","34891898","34892185","chr1","8987245","8987533","39","25904653"
"chr9","36078210","36078524","chr9","36298713","36299024","3","220503"
"chr9","70614642","70614950","chr9","70804535","70804838","8","189893"
"chr9","70980279","70980499","chr9","71215050","71215265","5","234771"
"chr9","71057760","71058055","chr9","71288162","71288473","30","230402"
"chr9","71310449","71310749","chr9","71536977","71537276","3","226528"
"chr9","80453302","80453515","chr4","40840557","40840771","32","39612745"
"chr9","82892976","82893078","chr4","63573400","63573514","28","19319576"
"chr9","83341535","83341833","chr9","84014009","84014312","9","672474"
"chr9","86174037","86174330","chr9","86532927","86533217","7","358890"
"chr9","87017494","87017563","chr5","99214729","99214795","26","12197235"
"chr9","87134408","87134528","chr9","118146805","118146927","29","31012397"
"chr9","92321040","92321328","chr9","92685020","92685308","1","363980"
"chr9","92947567","92947858","chr9","93307520","93307813","3","359953"
"chr9","95721383","95721670","chr8","19892574","19892865","36","75828809"
"chr9","96913445","96913753","chr5","141647676","141647985","30","44734231"
"chr9","97627424","97627530","chr4","63573400","63573514","21","34054024"
"chr9","102413659","102413956","chr9","102740644","102740940","3","326985"
"chr9","103232403","103232699","chr9","103685098","103685393","8","452695"
"chr9","103327404","103327692","chr9","103770762","103771047","5","443358"
"chr9","103481429","103481732","chr9","103922802","103923105","4","441373"
"chr9","104474842","104475142","chr9","104877621","104877921","0","402779"
"chr9","107777216","107777518","chr9","108183800","108184102","0","406584"
"chr9","109234815","109235042","chr4","129028785","129029005","39","19793970"
"chr9","111370695","111370965","chr11","48531513","48531774","48","62839182"
"chr9","111371239","111371509","chr11","48531513","48531774","48","62839726"
"chr9","111585882","111586183","chr9","111919162","111919463","0","333280"
"chr9","114374590","114374884","chr9","114898501","114898795","1","523911"
"chr9","115399303","115399599","chr9","115915025","115915317","6","515722"
"chr9","117129071","117129338","chr9","117621745","117622009","9","492674"
"chr9","117656747","117657085","chr7","12529834","12530163","57","105126913"
"chr9","120391400","120391669","chr9","120827985","120828244","10","436585"
"chr9","121060965","121061251","chr9","121483749","121484031","5","422784"
"chr9","121875983","121876282","chr9","122294830","122295126","3","418847"
"chr9","122522475","122522774","chr9","123122155","123122454","1","599680"
"chr9","123842341","123842409","chr17","60847759","60847816","27","62994582"
"chr9","124034099","124034298","chr3","49866367","49866568","25","74167732"
"chr9","124887914","124887978","chr5","99214729","99214795","20","25673185"
"chr9","125954702","125955004","chr9","126457847","126458150","14","503145"
"chr9","127847202","127847279","chr19","51082851","51082931","17","76764351"
"chr9","129352712","129353013","chr9","129911164","129911464","4","558452"
"chr9","129829977","129830267","chr9","130280663","130280943","10","450686"
"chr9","130199403","130199681","chr9","130641355","130641633","2","441952"
"chr9","130775012","130775078","chr5","99214729","99214795","24","31560283"
"chr9","132418285","132418491","chr9","132715625","132715835","6","297340"
"chr9","133639708","133639975","chr9","133850435","133850702","1","210727"
"chr9","133680586","133680880","chr9","133891432","133891726","0","210846"
"chr9","134366358","134366642","chr9","134989679","134989960","16","623321"
"chr9","134831919","134831987","chr17","60847759","60847816","29","73984160"
"chrX","8433052","8433371","chrX","8408995","8409313","3","24057"
"chrX","8658123","8658433","chrX","8625265","8625574","8","32858"
"chrX","13369982","13370287","chrX","13329916","13330219","9","40066"
"chrX","14878930","14879231","chrX","14735822","14736116","7","143108"
"chrX","15930079","15930196","chr3","50577482","50577599","43","34647403"
"chrX","15930796","15930884","chr20","31619198","31619287","22","15688402"
"chrX","16854519","16854826","chrX","16717086","16717393","0","137433"
"chrX","20024936","20025244","chrX","19825236","19825542","5","199700"
"chrX","23342764","23343068","chrX","23086468","23086755","20","256296"
"chrX","23558422","23558718","chrX","23301462","23301756","3","256960"
"chrX","24210465","24210537","chr2A","5270330","5270402","27","18940135"
"chrX","29315132","29315355","chr4","129028785","129029005","35","99713653"
"chrX","32051251","32051557","chrX","31991145","31991454","5","60106"
"chrX","34907780","34908061","chrX","34776992","34777273","1","130788"
"chrX","35229481","35229782","chrX","35194169","35194459","16","35312"
"chrX","37831319","37831556","chrX","37668362","37668599","2","162957"
"chrX","39082350","39082391","chr15","30780178","30780220","20","8302172"
"chrX","39083180","39083442","chrX","38872290","38872559","10","210890"
"chrX","41914750","41915060","chrX","41654100","41654410","7","260650"
"chrX","42632705","42633009","chrX","42343661","42343964","6","289044"
"chrX","45323782","45324072","chr16","24019917","24020206","30","21303865"
"chrX","45780035","45780336","chrX","45560455","45560756","1","219580"
"chrX","47034276","47034587","chrX","46832295","46832603","5","201981"
"chrX","48502699","48502954","chr20","32142089","32142346","32","16360610"
"chrX","49204635","49204939","chrX","49026635","49026937","3","178000"
"chrX","51730106","51730402","chrX","51393964","51394259","1","336142"
"chrX","53771589","53771899","chrX","53421942","53422252","7","349647"
"chrX","53850845","53850962","chr15","30780256","30780376","28","23070589"
"chrX","57363236","57363542","chrX","57080947","57081253","3","282289"
"chrX","69350503","69350737","chrX","68965518","68965754","6","384985"
"chrX","70329890","70330195","chrX","69945232","69945527","12","384658"
"chrX","70632749","70632871","chr19","11643498","11643642","41","58989251"
"chrX","71044694","71044994","chrUn_NW_014016663v1","145","445","2","71044549"
"chrX","80019555","80019869","chrX","79421733","79422044","5","597822"
"chrX","82404400","82404475","chr17","60847759","60847816","28","21556641"
"chrX","83262502","83262604","chrX","82555985","82556085","2","706517"
"chrX","92838597","92838891","chrX","92132877","92133170","2","705720"
"chrX","96198262","96198554","chrX","95376271","95376562","3","821991"
"chrX","97209509","97209828","chr19","10925838","10926147","37","86283671"
"chrX","103493991","103494220","chrX","102554166","102554402","14","939825"
"chrX","111134206","111134280","chr2A","5270330","5270402","29","105863876"
"chrX","112646593","112646777","chr22","40216366","40216552","49","72430227"
"chrX","117915216","117915292","chr17","60847759","60847816","30","57067457"
"chrX","119998172","119998448","chr8","119516430","119516713","43","481742"
"chrX","124931070","124931259","chr21","40332983","40333175","28","84598087"
"chrX","129850008","129850311","chrX","128696334","128696637","3","1153674"
"chrX","130633757","130633824","chr5","99214729","99214795","25","31419028"
"chrX","130674597","130674688","chr14","64296100","64296193","40","66378497"
"chrX","131167794","131167857","chr1","6473449","6473517","13","124694345"
"chrX","132964123","132964406","chrX","131754726","131755008","3","1209397"
"chrX","134007484","134007560","chr17","60847759","60847816","30","73159725"
"chrX","134304069","134304376","chrX","133089967","133090275","4","1214102"
"chrX","139068565","139068860","chrX","137760929","137761223","2","1307636"
"chrX","140796017","140796277","chrX","139470000","139470265","8","1326017"
"chrX","150654683","150654898","chr6","161225679","161225901","47","10570996"
"chrX","151374036","151374177","chr7","83557428","83557559","27","67816608"
"chrY","542542","542844","chr1","223824596","223824893","15","223282054"
"chrY","1256129","1256432","chr17","27309561","27309871","64","26053432"
"chrY","4041235","4041318","chr20","31619198","31619287","26","27577963"
"chrY","4244947","4245226","chr12","94375656","94375945","52","90130709"
"chrY","5614633","5614917","chr1","130632774","130633062","55","125018141"
"chrY","8773873","8774171","chr7","5724139","5724440","49","3049734"
"chrY","8923346","8923627","chr8","90241801","90242084","51","81318455"
"chrY","9509736","9510017","chr8","90241801","90242084","51","80732065"
"chrY","9659225","9659506","chr8","90241801","90242084","51","80582576"
"chrY","10242331","10242612","chr8","90241801","90242084","51","79999470"
"chrY","10391780","10392078","chr7","5724139","5724440","49","4667641"
"chrY","12308356","12308635","chr12","94375656","94375945","52","82067300"
"chrY","12511865","12511948","chr20","31619198","31619287","26","19107333"
"chrY","14235754","14236066","chr1","29909845","29910166","61","15674091"
"chrY","16906081","16906360","chr1","33174336","33174625","53","16268255"
"chrY","17530099","17530303","chr12","38509502","38509702","58","20979403"
"chrY","18122953","18123247","chr5","141647676","141647985","58","123524723"
"chrY","20306893","20307157","chr13","110815992","110816259","42","90509099"
"chrY","21349417","21349710","chr12","56940150","56940442","31","35590733"
"chrY","21472708","21472987","chrX","96335042","96335324","29","74862334"
"chr10","1852639","1852921","chr1","48834333","48834620","56","46981694"
"chr10","2558754","2559058","chr10","2519538","2519838","5","39216"
"chr10","3939691","3940011","chr8","127153731","127154040","52","123214040"
"chr10","5837913","5838125","chr10","5779813","5780034","12","58100"
"chr10","5908372","5908674","chr7","37417582","37417881","35","31509210"
"chr10","6422922","6423218","chr10","6353611","6353914","8","69311"
"chr10","9410961","9411249","chr10","9298750","9299041","3","112211"
"chr10","13070484","13070774","chr12","126753765","126754058","33","113683281"
"chr10","13526037","13526339","chr10","13658663","13658961","6","132626"
"chr10","14999292","14999462","chr1","62780299","62780471","24","47781007"
"chr10","17508731","17509032","chr10","17643566","17643864","4","134835"
"chr10","17672974","17673241","chr10","17806531","17806801","4","133557"
"chr10","19650868","19651182","chr10","19822521","19822834","7","171653"
"chr10","21778980","21779279","chr10","21899269","21899563","5","120289"
"chr10","25024414","25024713","chr10","25176481","25176783","4","152067"
"chr10","29186571","29186850","chr10","29268554","29268832","5","81983"
"chr10","32491725","32492024","chr7","37417582","37417881","33","4925857"
"chr10","38398994","38399067","chr17","60847759","60847816","29","22448765"
"chr10","39074983","39075123","chr7","110055392","110055533","29","70980409"
"chr10","43006462","43006757","chr10","43327481","43327775","2","321019"
"chr10","43234264","43234346","chr14","64296100","64296193","36","21061836"
"chr10","57520891","57521144","chr10","57934337","57934590","1","413446"
"chr10","58018742","58019051","chr10","58418864","58419158","18","400122"
"chr10","58307027","58307338","chr10","58703071","58703382","0","396044"
"chr10","59178297","59178598","chr7","73479666","73479967","27","14301369"
"chr10","61483511","61483790","chr8","119516430","119516713","48","58032919"
"chr10","65465926","65466050","chr10","65832480","65832603","3","366554"
"chr10","65466198","65466309","chr15","30780256","30780376","44","34685942"
"chr10","65657671","65657972","chr10","66023873","66024173","1","366202"
"chr10","66166629","66166815","chr10","66526134","66526318","3","359505"
"chr10","66850406","66850712","chr10","67182631","67182935","6","332225"
"chr10","67005797","67006105","chr7","37417582","37417881","53","29588215"
"chr10","67199834","67200121","chr10","67754585","67754873","3","554751"
"chr10","67392679","67392872","chr2A","37514464","37514669","44","29878215"
"chr10","67521164","67521364","chr15","94698567","94698766","41","27177403"
"chr10","71263876","71264185","chr10","71711545","71711832","25","447669"
"chr10","72745948","72746245","chr10","73353671","73353968","6","607723"
"chr10","77900642","77900741","chr4","63573400","63573514","32","14327242"
"chr10","86173781","86173875","chr14","64296100","64296193","20","21877681"
"chr10","86374566","86374875","chr10","86911155","86911493","30","536589"
"chr10","88311818","88312112","chr10","89028657","89028950","6","716839"
"chr10","88848247","88848556","chr10","89599312","89599615","9","751065"
"chr10","96489467","96489775","chr10","97135818","97136120","12","646351"
"chr10","97174301","97174611","chr18","13223078","13223388","26","83951223"
"chr10","98757699","98757991","chr10","99357790","99358082","1","600091"
"chr10","100364020","100364115","chr10","101255245","101255340","0","891225"
"chr10","100365548","100365672","chr10","101256439","101256562","1","890891"
"chr10","101381645","101381953","chr10","102240354","102240665","5","858709"
"chr10","101599979","101600288","chr10","102458009","102458307","12","858030"
"chr10","104284948","104285249","chr3","138119271","138119570","40","33834323"
"chr10","108188514","108188805","chr10","108905487","108905771","8","716973"
"chr10","111395450","111395760","chr10","112044415","112044713","14","648965"
"chr10","113990899","113991185","chr10","114598351","114598637","4","607452"
"chr10","119083743","119084044","chr10","119626487","119626788","5","542744"
"chr10","119186690","119186999","chr10","119727224","119727533","3","540534"
"chr10","120456326","120456458","chr10","101256439","101256562","22","19199887"
"chr10","124920635","124920947","chr10","126174610","126174923","4","1253975"
"chr10","127818256","127818488","chr16","87385757","87385987","48","40432499"
"chr10","127985325","127985625","chr10","129145536","129145836","0","1160211"
"chr10","130185493","130185618","chr7","110055392","110055533","40","20130101"
"chr10","130892244","130892552","chr10","132025028","132025337","3","1132784"
"chr11","986746","986879","chr3","20519838","20519972","33","19533092"
"chr11","3537951","3538226","chr11","3629152","3629420","20","91201"
"chr11","3925406","3925739","chr7","50824007","50824332","44","46898601"
"chr11","9789053","9789338","chr11","9826565","9826850","2","37512"
"chr11","10237825","10237968","chr12","114365389","114365526","43","104127564"
"chr11","11064861","11065156","chr14","48932057","48932350","33","37867196"
"chr11","15051081","15051376","chr11","15033630","15033930","7","17451"
"chr11","15663011","15663307","chr11","15638169","15638465","0","24842"
"chr11","18457636","18457943","chr11","18620815","18621121","3","163179"
"chr11","18520037","18520108","chr17","60847759","60847816","30","42327722"
"chr11","18524481","18524783","chr11","18683152","18683450","7","158671"
"chr11","18960321","18960630","chr11","19110936","19111238","10","150615"
"chr11","20478185","20478352","chr5","45874380","45874544","44","25396195"
"chr11","24034425","24034710","chr11","24092313","24092599","5","57888"
"chr11","27472512","27472810","chr11","27461810","27462106","4","10702"
"chr11","32382664","32382955","chr11","32299737","32300028","1","82927"
"chr11","33002073","33002371","chr11","32904337","32904665","31","97736"
"chr11","38872046","38872323","chr11","38680968","38681245","2","191078"
"chr11","39522097","39522401","chr11","39323104","39323409","8","198993"
"chr11","41826668","41826958","chr11","42110944","42111234","4","284276"
"chr11","43450925","43451010","chr1","28852208","28852311","29","14598717"
"chr11","46885387","46885686","chr11","47263724","47264020","4","378337"
"chr11","47624140","47624253","chr4","63573400","63573514","19","15949260"
"chr11","47761617","47761886","chr11","48114088","48114355","4","352471"
"chr11","48097632","48097940","chr11","71984935","71985241","48","23887303"
"chr11","48198367","48198629","chr11","48531513","48531774","2","333146"
"chr11","49803420","49803713","chr11","50234260","50234553","1","430840"
"chr11","59852713","59853018","chr4","189032696","189033000","45","129179983"
"chr11","60007466","60007775","chr17","27309561","27309871","56","32697905"
"chr11","60378943","60379213","chr3","166006546","166006806","43","105627603"
"chr11","60701510","60701681","chr11","61486586","61486768","16","785076"
"chr11","60966372","60966640","chr11","61745270","61745538","1","778898"
"chr11","61498454","61498756","chr11","62284880","62285178","5","786426"
"chr11","63195877","63196145","chr11","63961171","63961440","12","765294"
"chr11","64334667","64334978","chr7","10072588","10072899","34","54262079"
"chr11","64450972","64451263","chr11","65180696","65180985","4","729724"
"chr11","65821100","65821369","chr11","66523751","66524047","30","702651"
"chr11","65959613","65959920","chr11","66659347","66659654","0","699734"
"chr11","66178150","66178445","chr11","66868769","66869058","11","690619"
"chr11","69153198","69153330","chr3","20519838","20519972","19","48633360"
"chr11","69780490","69780788","chr11","70360527","70360823","5","580037"
"chr11","71908882","71909007","chr9","118146805","118146927","32","46237923"
"chr11","77752199","77752508","chr11","78599162","78599470","1","846963"
"chr11","80989795","80990088","chr11","81752071","81752363","3","762276"
"chr11","84220561","84220637","chr17","60847759","60847816","33","23372802"
"chr11","85228871","85229180","chr11","85942028","85942339","3","713157"
"chr11","87400248","87400441","chr11","88117533","88117725","1","717285"
"chr11","88223902","88224213","chr11","88932336","88932647","3","708434"
"chr11","94154778","94154888","chr22","24070039","24070148","25","70084739"
"chr11","94155100","94155393","chr11","94891807","94892102","7","736707"
"chr11","96313283","96313580","chr11","97005806","97006101","13","692523"
"chr11","98512599","98512876","chr11","99150836","99151113","2","638237"
"chr11","105082963","105083101","chr7","144859460","144859585","34","39776497"
"chr11","105523387","105523688","chr11","106039170","106039471","4","515783"
"chr11","105684369","105684665","chr19","43627751","43628046","2","62056618"
"chr11","109382874","109383180","chr6","150582184","150582487","54","41199310"
"chr11","109794374","109794666","chr11","110624102","110624393","2","829728"
"chr11","111930602","111930899","chr11","112737257","112737552","5","806655"
"chr11","113031855","113031940","chr1","28852208","28852311","34","84179647"
"chr11","114949611","114949918","chr11","115820309","115820616","2","870698"
"chr11","118633824","118634126","chr11","119434304","119434606","1","800480"
"chr11","119230197","119230497","chr11","120033471","120033771","0","803274"
"chr11","120514462","120514562","chr2A","86828106","86828210","22","33686356"
"chr11","120684344","120684468","chr2B","207992914","207993040","41","87308570"
"chr11","121332151","121332428","chr11","122111201","122111478","11","779050"
"chr11","124343401","124343710","chr11","125083728","125084037","2","740327"
"chr12","1784711","1784874","chr1","40957008","40957170","22","39172297"
"chr12","1785568","1785699","chr3","20519838","20519972","31","18734270"
"chr12","4109418","4109716","chr12","4048210","4048494","16","61208"
"chr12","6329364","6329655","chr12","6226984","6227277","4","102380"
"chr12","6460668","6460716","chr20","49185364","49185423","24","42724696"
"chr12","6461153","6461341","chr16","19696059","19696249","43","13234906"
"chr12","7175232","7175529","chr12","7050600","7050896","1","124632"
"chr12","7788302","7788597","chr12","7855715","7856009","2","67413"
"chr12","7792264","7792559","chr12","7855715","7856009","2","63451"
"chr12","7999047","7999135","chr1","28852208","28852311","34","20853161"
"chr12","8937188","8937286","chr14","64296100","64296193","21","55358912"
"chr12","12404653","12404943","chr12","12532610","12532900","0","127957"
"chr12","12711620","12711927","chr12","12839357","12839647","18","127737"
"chr12","14547560","14547862","chr12","14673327","14673625","8","125767"
"chr12","18605491","18605784","chr12","18657941","18658237","5","52450"
"chr12","19770311","19770462","chr6","43537421","43537573","30","23767110"
"chr12","19943613","19943693","chr5","50016926","50017019","29","30073313"
"chr12","20162414","20162688","chr12","20187262","20187536","0","24848"
"chr12","24146878","24147133","chr12","24314261","24314515","3","167383"
"chr12","24905292","24905586","chr12","25052842","25053135","5","147550"
"chr12","26704085","26704157","chr17","60847759","60847816","31","34143674"
"chr12","27365806","27366089","chr3","52260686","52260961","46","24894880"
"chr12","29396604","29396910","chr12","29271678","29271957","30","124926"
"chr12","32104898","32105058","chr21","15450180","15450339","26","16654718"
"chr12","33409746","33410041","chr12","33206797","33207091","3","202949"
"chr12","33585406","33585679","chr12","33855509","33855778","5","270103"
"chr12","36349117","36349401","chr4","73925345","73925625","34","37576228"
"chr12","38207492","38207794","chr12","38551754","38552054","4","344262"
"chr12","38281137","38281448","chr12","38623919","38624226","10","342782"
"chr12","38313349","38313646","chr4","5360525","5360822","31","32952824"
"chr12","38502610","38502680","chr5","99214729","99214795","28","60712119"
"chr12","40401172","40401480","chr12","40655716","40656024","0","254544"
"chr12","40984008","40984317","chr12","41232139","41232448","0","248131"
"chr12","49199921","49200209","chr12","49324800","49325088","2","124879"
"chr12","51806717","51806862","chr7","110055392","110055533","37","58248675"
"chr12","55090864","55090935","chr17","60847759","60847816","29","5756895"
"chr12","56532774","56533071","chr12","56940150","56940442","5","407376"
"chr12","61927427","61927723","chr12","62337407","62337704","6","409980"
"chr12","62226047","62226345","chr12","62638783","62639080","4","412736"
"chr12","64606460","64606765","chr12","65008741","65009048","5","402281"
"chr12","68557719","68558050","chr11","78599162","78599470","50","10041443"
"chr12","71505712","71505995","chr12","72071128","72071411","1","565416"
"chr12","80638262","80638555","chr12","81262134","81262425","2","623872"
"chr12","82747157","82747461","chr12","83323322","83323621","9","576165"
"chr12","93157244","93157549","chr12","93801407","93801709","6","644163"
"chr12","93507818","93507914","chr1","28852208","28852311","26","64655610"
"chr12","94628416","94628531","chr2A","86828106","86828210","30","7800310"
"chr12","96548084","96548383","chr12","97305589","97305880","10","757505"
"chr12","98766511","98766645","chr7","110055392","110055533","30","11288881"
"chr12","99464978","99465256","chr12","100172659","100172936","3","707681"
"chr12","103831891","103832192","chr12","104499399","104499700","0","667508"
"chr12","106742369","106742663","chr12","107357799","107358091","3","615430"
"chr12","110960166","110960416","chr1","147037139","147037405","92","36076973"
"chr12","112448164","112448258","chr12","112967864","112967962","5","519700"
"chr12","113870729","113870867","chr12","114365389","114365526","1","494660"
"chr12","117817653","117817743","chr1","28852208","28852311","30","88965445"
"chr12","118474000","118474205","chr3","49866367","49866568","30","68607633"
"chr12","118767017","118767326","chr12","119170188","119170495","3","403171"
"chr12","119225088","119225392","chr12","119623934","119624238","4","398846"
"chr12","120135204","120135508","chr12","120519836","120520127","13","384632"
"chr12","121051480","121051765","chr6","16284668","16284958","38","104766812"
"chr12","122081239","122081528","chr12","122397241","122397529","1","316002"
"chr12","122095527","122095821","chr12","122411837","122412128","3","316310"
"chr12","122116738","122116812","chr12","122432618","122432692","0","315880"
"chr12","122280900","122281210","chr12","122589729","122590039","7","308829"
"chr12","122337490","122337780","chr8","19892574","19892865","29","102444916"
"chr12","122387913","122388206","chr14","48932057","48932350","37","73455856"
"chr12","122932149","122932432","chr12","123071521","123071796","36","139372"
"chr12","124276298","124276608","chr1","56079329","56079634","37","68196969"
"chr12","125675991","125676297","chr12","126677977","126678282","6","1001986"
"chr12","125823209","125823448","chr16","87385757","87385987","31","38437452"
"chr12","129951986","129952280","chr12","130875575","130875867","4","923589"
"chr12","130884262","130884450","chr12","131783206","131783390","5","898944"
"chr12","132733999","132734289","chr12","133842607","133842896","2","1108608"
"chr12","133758825","133759116","chr11","66868769","66869058","34","66890056"
"chr12","133974889","133975188","chr12","135044604","135044903","2","1069715"
"chr13","19883740","19884042","chr13","19994908","19995188","31","111168"
"chr13","19903241","19903301","chr17","60847759","60847816","26","40944518"
"chr13","24981459","24981750","chr13","25077924","25078213","12","96465"
"chr13","30259887","30260186","chr13","30356288","30356586","3","96401"
"chr13","32107208","32107510","chr13","32156517","32156819","0","49309"
"chr13","35650877","35651186","chr13","35667992","35668301","12","17115"
"chr13","49414360","49414644","chr1","9750550","9750846","44","39663810"
"chr13","49513106","49513191","chr1","28852208","28852311","33","20660898"
"chr13","49787402","49787705","chr13","49949119","49949428","7","161717"
"chr13","50204940","50205223","chr13","50358615","50358898","2","153675"
"chr13","51113664","51113970","chr13","51261459","51261764","6","147795"
"chr13","51768501","51768807","chr13","51908191","51908498","7","139690"
"chr13","61371961","61372252","chr13","61561991","61562283","1","190030"
"chr13","61715744","61716039","chr13","61904773","61905067","2","189029"
"chr13","64933401","64933685","chr13","65197339","65197625","5","263938"
"chr13","69366311","69366454","chr13","69556012","69556152","5","189701"
"chr13","72912961","72913105","chr13","73040851","73040995","6","127890"
"chr13","75540259","75540561","chr13","75888975","75889272","5","348716"
"chr13","78226280","78226406","chr13","78508890","78509024","8","282610"
"chr13","84447921","84448219","chr13","84787075","84787387","19","339154"
"chr13","85483858","85484164","chr13","85809888","85810196","3","326030"
"chr13","86176878","86177161","chr13","86495795","86496078","3","318917"
"chr13","86383405","86383591","chr13","86644079","86644259","11","260674"
"chr13","87170284","87170589","chr13","87424887","87425191","3","254603"
"chr13","90380847","90381153","chr13","90582153","90582456","6","201306"
"chr13","92261553","92261864","chr13","92439000","92439294","21","177447"
"chr13","92263795","92264103","chr13","92439000","92439294","14","175205"
"chr13","92410586","92410894","chr13","92578568","92578875","2","167982"
"chr13","95289843","95290092","chr13","95419774","95420023","1","129931"
"chr13","96335657","96335941","chr13","96456080","96456344","22","120423"
"chr13","103011441","103011732","chr13","103011072","103011362","3","369"
"chr13","109364397","109364685","chr4","37953903","37954190","39","71410494"
"chr13","109551136","109551464","chr1","29909845","29910166","51","79641291"
"chr13","110948879","110949149","chr13","110815992","110816259","5","132887"
"chr13","110957595","110957664","chr17","60847759","60847816","30","50109836"
"chr14","19265106","19265184","chr14","19264849","19264927","0","257"
"chr14","19302312","19302413","chr3","177799125","177799204","45","158496813"
"chr14","19753078","19753367","chr14","19739491","19739779","3","13587"
"chr14","20194220","20194312","chr1","28852208","28852311","38","8657988"
"chr14","24900035","24900286","chrX","24082859","24083097","50","817176"
"chr14","25201378","25201688","chr14","25223788","25224098","13","22410"
"chr14","29870566","29870689","chr19","11643498","11643642","39","18227068"
"chr14","29887615","29887915","chr17","49201210","49201510","30","19313595"
"chr14","32539017","32539327","chr14","32603085","32603392","5","64068"
"chr14","33352036","33352333","chr14","33402302","33402595","5","50266"
"chr14","33369978","33370257","chr14","33420982","33421258","3","51004"
"chr14","33473937","33474005","chr17","60847759","60847816","25","27373822"
"chr14","34426521","34426836","chr14","34423096","34423409","6","3425"
"chr14","34498958","34499256","chr14","34495133","34495428","7","3825"
"chr14","35241267","35241563","chr14","35226204","35226500","0","15063"
"chr14","36790752","36791055","chr14","36941239","36941529","13","150487"
"chr14","38111538","38111838","chr14","38241531","38241832","4","129993"
"chr14","38227598","38227888","chr14","38354793","38355082","8","127195"
"chr14","38941114","38941392","chr14","39059035","39059317","6","117921"
"chr14","39113440","39113738","chr14","39229756","39230055","3","116316"
"chr14","39602194","39602488","chr14","39715405","39715692","7","113211"
"chr14","44788338","44788635","chr14","44834179","44834473","5","45841"
"chr14","48738091","48738390","chr7","147673548","147673846","39","98935457"
"chr14","48956321","48956614","chr14","48932057","48932350","0","24264"
"chr14","48978655","48978961","chr14","48953554","48953859","4","25101"
"chr14","50237186","50237324","chr7","83719168","83719310","22","33481982"
"chr14","51367329","51367629","chr14","51308375","51308675","23","58954"
"chr14","56258130","56258383","chr20","32142089","32142346","37","24116041"
"chr14","57258592","57258766","chr1","123049197","123049367","38","65790605"
"chr14","60073885","60074155","chr14","59894476","59894743","4","179409"
"chr14","62450131","62450439","chr14","62220077","62220384","1","230054"
"chr14","63386847","63387138","chr14","63147624","63147911","4","239223"
"chr14","63424382","63424673","chr14","63184749","63185039","1","239633"
"chr14","63921941","63922022","chr14","64296100","64296193","12","374159"
"chr14","65594952","65595116","chr2A","69978589","69978755","34","4383637"
"chr14","68122340","68122661","chr1","29909845","29910166","40","38212495"
"chr14","68379323","68379418","chr1","28852208","28852311","26","39527115"
"chr14","68794210","68794344","chr10","65832480","65832603","40","2961730"
"chr14","72349869","72350151","chrX","96335042","96335324","38","23985173"
"chr14","72820640","72820938","chr10","129145536","129145836","40","56324896"
"chr14","73200058","73200305","chr14","73364988","73365240","5","164930"
"chr14","73200544","73200677","chr10","65832480","65832603","22","7368064"
"chr14","74310684","74310784","chr4","63573400","63573514","33","10737284"
"chr14","75004392","75004649","chr14","75128385","75128642","0","123993"
"chr14","75821378","75821520","chr1","2639640","2639779","17","73181738"
"chr14","75878324","75878629","chr5","19901536","19901837","44","55976788"
"chr14","77108762","77108859","chr1","28852208","28852311","33","48256554"
"chr14","82199076","82199386","chr10","119727224","119727533","55","37528148"
"chr14","84974205","84974515","chr14","85497740","85498035","20","523535"
"chr14","88000742","88001049","chr14","88498990","88499287","12","498248"
"chr14","88889928","88890224","chr14","89371878","89372171","6","481950"
"chr14","91639627","91639758","chr3","20519838","20519972","33","71119789"
"chr14","92938109","92938406","chr14","48932057","48932350","38","44006052"
"chr14","93357178","93357248","chr3","177799125","177799204","17","84441947"
"chr14","101656158","101656456","chr14","102399560","102399854","5","743402"
"chr14","102273360","102273662","chr18","18167160","18167462","37","84106200"
"chr14","102276629","102276814","chr14","103009371","103009555","2","732742"
"chr14","102447033","102447342","chr14","103184853","103185162","1","737820"
"chr14","102489200","102489313","chr14","78955474","78955608","45","23533726"
"chr14","102675959","102676069","chr4","63573400","63573514","31","39102559"
"chr14","103400680","103400776","chr9","118146805","118146927","36","14746125"
"chr14","103494107","103494239","chr3","20519838","20519972","18","82974269"
"chr15","20571409","20571555","chr17","2045305","2045475","51","18526104"
"chr15","20672138","20672432","chr15","20600482","20600776","1","71656"
"chr15","23601488","23601788","chr15","23538744","23539044","2","62744"
"chr15","24307411","24307694","chr15","24229231","24229514","1","78180"
"chr15","26122251","26122369","chr9","118146805","118146927","24","92024554"
"chr15","31676438","31676525","chr5","99214729","99214795","42","67538291"
"chr15","31941885","31942188","chr4","5360525","5360822","30","26581360"
"chr15","37513463","37513771","chr5","141647676","141647985","27","104134213"
"chr15","37702861","37703166","chr3","11994782","11995088","37","25708079"
"chr15","38338630","38338936","chr19","1756751","1757054","26","36581879"
"chr15","39586512","39586810","chr7","100875778","100876073","31","61289266"
"chr15","39903810","39903983","chr3","126325695","126325864","23","86421885"
"chr15","39951409","39951704","chr15","40060896","40061190","3","109487"
"chr15","40914931","40915245","chr17","67008975","67009279","49","26094044"
"chr15","41031184","41031478","chr15","40968349","40968643","4","62835"
"chr15","41544099","41544379","chr16","77109167","77109440","43","35565068"
"chr15","42571202","42571508","chr15","42699299","42699604","2","128097"
"chr15","43594039","43594328","chr15","43704132","43704421","1","110093"
"chr15","45431045","45431349","chr15","45525112","45525416","1","94067"
"chr15","46973118","46973421","chr15","47053243","47053535","11","80125"
"chr15","47883287","47883582","chr15","47951983","47952274","5","68696"
"chr15","47905019","47905296","chr15","47972552","47972846","21","67533"
"chr15","48073810","48073958","chr7","110055392","110055533","39","61981582"
"chr15","49105288","49105582","chr15","49148419","49148715","4","43131"
"chr15","52600537","52600837","chr15","72202806","72203104","39","19602269"
"chr15","52712303","52712607","chr15","52700470","52700779","6","11833"
"chr15","57763782","57764076","chr15","57663915","57664206","4","99867"
"chr15","61495271","61495458","chr1","25000003","25000197","34","36495268"
"chr15","62288096","62288387","chr5","141647676","141647985","42","79359580"
"chr15","62551359","62551658","chr15","62347015","62347313","1","204344"
"chr15","64009090","64009384","chr15","63760576","63760868","2","248514"
"chr15","65329825","65329955","chr7","58785140","58785273","29","6544685"
"chr15","66467831","66468070","chrX","54361892","54362128","29","12105939"
"chr15","66468098","66468153","chr17","18014159","18014197","27","48453939"
"chr15","67784371","67784448","chr17","60847759","60847816","37","6936612"
"chr15","69991814","69992109","chr15","70132597","70132891","1","140783"
"chr15","70254245","70254558","chr15","70389581","70389886","14","135336"
"chr15","71549667","71549957","chr15","71667333","71667623","2","117666"
"chr15","74500740","74500908","chr2B","156423488","156423667","41","81922748"
"chr15","75070840","75071138","chr15","72202806","72203104","1","2868034"
"chr15","77725985","77726223","chr11","48531513","48531774","64","29194472"
"chr15","80365422","80365567","chr22","43958213","43958359","19","36407209"
"chr15","80365710","80366018","chr15","80692989","80693295","7","327279"
"chr15","80928297","80928408","chrX","82555985","82556085","25","1627688"
"chr15","80928505","80928706","chr19","19817788","19817983","29","61110717"
"chr15","84276094","84276387","chr15","84857227","84857520","2","581133"
"chr15","87002141","87002432","chr15","87550732","87551022","1","548591"
"chr15","87013437","87013731","chr15","87562101","87562394","5","548664"
"chr15","88289954","88290073","chr15","88805840","88805958","1","515886"
"chr15","89062616","89062905","chr15","89570327","89570616","1","507711"
"chr15","90353213","90353511","chr15","90841896","90842191","3","488683"
"chr15","93880704","93881005","chr15","94300166","94300462","8","419462"
"chr15","94282660","94282858","chr15","94698567","94698766","5","415907"
"chr15","94283880","94284048","chr12","131074959","131075130","25","36791079"
"chr15","96933422","96933718","chr15","97286140","97286428","9","352718"
"chr16","9043960","9044247","chr16","9074412","9074694","5","30452"
"chr16","2115667","2115968","chr16","2144253","2144553","2","28586"
"chr16","2961477","2961783","chr16","3006024","3006326","5","44547"
"chr16","4782218","4782514","chr16","4816148","4816444","4","33930"
"chr16","5903330","5903555","chr16","6012093","6012288","30","108763"
"chr16","7256447","7256741","chr16","7335561","7335855","2","79114"
"chr16","8884363","8884674","chr16","8922345","8922647","18","37982"
"chr16","9272734","9273037","chr6","136363559","136363870","29","127090825"
"chr16","9335700","9336002","chr16","9355223","9355521","13","19523"
"chr16","11383882","11383957","chr17","60847759","60847816","28","49463877"
"chr16","12049711","12049813","chr3","50577482","50577599","35","38527771"
"chr16","12167985","12168284","chr16","12338691","12338989","1","170706"
"chr16","15808076","15808150","chr2A","5270330","5270402","27","10537746"
"chr16","16259733","16259904","chr15","82887159","82887331","36","66627426"
"chr16","18105048","18105351","chr7","37417582","37417881","38","19312534"
"chr16","19225729","19226036","chr16","19460699","19460995","11","234970"
"chr16","19230939","19231234","chr15","72202806","72203104","29","52971867"
"chr16","19924141","19924300","chr3","126325695","126325864","26","106401554"
"chr16","20295189","20295498","chr16","20518765","20519057","31","223576"
"chr16","20445019","20445316","chr16","20518765","20519057","6","73746"
"chr16","21150720","21150894","chr16","21354240","21354414","0","203520"
"chr16","21173493","21173826","chr16","21377190","21377504","20","203697"
"chr16","22168919","22169225","chr18","18167160","18167462","48","4001759"
"chr16","23876078","23876369","chr16","24019917","24020206","4","143839"
"chr16","25242936","25243215","chr16","25366290","25366569","3","123354"
"chr16","25298030","25298138","chr4","63573400","63573514","24","38275370"
"chr16","27760639","27760905","chr5","183113832","183114103","48","155353193"
"chr16","27873246","27873367","chr9","118146805","118146927","20","90273559"
"chr16","27950325","27950612","chr16","28102325","28102633","21","152000"
"chr16","28810782","28811070","chr15","43704132","43704421","46","14893350"
"chr16","29588241","29588338","chr16","45757651","45757776","44","16169410"
"chr16","29599516","29599693","chr11","61486586","61486768","47","31887070"
"chr16","29828279","29828575","chr16","30064266","30064558","4","235987"
"chr16","30748569","30748872","chr10","89599312","89599615","44","58850743"
"chr16","30949562","30949859","chr1","125799952","125800244","39","94850390"
"chr16","31328005","31328315","chr16","31532740","31533050","4","204735"
"chr16","32148158","32148327","chr17","44455445","44455613","53","12307287"
"chr16","32281007","32281300","chr17","61737181","61737474","30","29456174"
"chr16","32283006","32283299","chr17","61737181","61737474","31","29454175"
"chr16","32577729","32577904","chr6","103858875","103859052","40","71281146"
"chr16","45220921","45221224","chr16","45456492","45456795","2","235571"
"chr16","46232374","46232676","chr16","46439905","46440205","4","207531"
"chr16","49104494","49104787","chr16","49269991","49270279","5","165497"
"chr16","49152298","49152527","chrX","69395265","69395486","41","20242967"
"chr16","49152584","49152673","chr20","31619198","31619287","27","17533386"
"chr16","50447820","50447868","chr16","50584850","50584898","0","137030"
"chr16","52008445","52008731","chr16","52129342","52129626","4","120897"
"chr16","52010482","52010768","chr16","52129342","52129626","4","118860"
"chr16","56722541","56722831","chr16","57046904","57047194","4","324363"
"chr16","57794992","57795281","chr16","58087853","58088141","3","292861"
"chr16","57901817","57902103","chr16","58188569","58188866","14","286752"
"chr16","57963588","57963707","chr7","58785140","58785273","31","821552"
"chr16","65479603","65479883","chr15","43704132","43704421","58","21775471"
"chr16","66074164","66074462","chr16","66253240","66253539","5","179076"
"chr16","66164102","66164410","chr16","66341849","66342157","0","177747"
"chr16","66302139","66302430","chr3","32332270","32332565","31","33969869"
"chr16","66304407","66304690","chr16","66770356","66770617","24","465949"
"chr16","67826400","67826689","chr16","68292607","68292888","9","466207"
"chr16","68582490","68582772","chr16","69019199","69019483","3","436709"
"chr16","69790629","69790926","chr7","100875778","100876073","36","31085149"
"chr16","70759790","70760090","chr16","71252369","71252669","2","492579"
"chr16","72017740","72017843","chr1","28852208","28852311","45","43165532"
"chr16","72362929","72363232","chr16","72852485","72852777","12","489556"
"chr16","74363996","74364296","chr16","74884397","74884694","3","520401"
"chr16","74572664","74572792","chr9","118146805","118146927","46","43574141"
"chr16","74907575","74907741","chr9","118146612","118146777","48","43239037"
"chr16","76620666","76620965","chr16","77095891","77096190","1","475225"
"chr16","76633961","76634234","chr16","77109167","77109440","3","475206"
"chr16","80842156","80842495","chr16","81338727","81339059","8","496571"
"chr16","80853083","80853372","chr16","81349011","81349300","1","495928"
"chr16","81364662","81364963","chr16","81845728","81846028","3","481066"
"chr16","83109183","83109473","chr16","83529803","83530093","2","420620"
"chr16","83193293","83193596","chr16","83612651","83612946","9","419358"
"chr16","83709439","83709627","chr17","36239702","36239918","55","47469737"
"chr16","84221036","84221272","chr16","84595011","84595247","3","373975"
"chr16","86843262","86843578","chr16","87156022","87156334","9","312760"
"chr16","87075973","87076197","chrX","69395265","69395486","30","17680708"
"chr16","88501114","88501412","chr16","89148066","89148364","0","646952"
"chr17","41025522","41025827","chr17","41333311","41333613","10","307789"
"chr17","734830","735006","chr2B","156423488","156423667","22","155688658"
"chr17","751267","751384","chr3","20519838","20519972","32","19768571"
"chr17","1276986","1277304","chr7","73479666","73479967","46","72202680"
"chr17","1636828","1637144","chr17","65998412","65998722","38","64361584"
"chr17","1868309","1868612","chr17","1807443","1807720","26","60866"
"chr17","2157520","2157653","chr3","20519838","20519972","21","18362318"
"chr17","2291054","2291374","chr19","10923637","10923946","52","8632583"
"chr17","4364560","4364675","chr9","118146805","118146927","28","113782245"
"chr17","4786929","4787065","chr1","184608659","184608791","29","179821730"
"chr17","5448085","5448393","chr17","5458496","5458801","5","10411"
"chr17","7159736","7159920","chr4","2610756","2610938","21","4548980"
"chr17","7442217","7442527","chr4","189032696","189033000","40","181590479"
"chr17","7587026","7587327","chr17","7538775","7539075","3","48251"
"chr17","7745123","7745434","chr17","7696151","7696452","30","48972"
"chr17","9947805","9947856","chr10","12115067","12115110","27","2167262"
"chr17","9948177","9948291","chr15","30780256","30780376","29","20832079"
"chr17","10003823","10003899","chr17","60847759","60847816","33","50843936"
"chr17","10402175","10402465","chr17","10534896","10535184","2","132721"
"chr17","12015678","12015992","chr17","12118031","12118344","4","102353"
"chr17","13005121","13005390","chr17","13142957","13143226","1","137836"
"chr17","13278425","13278713","chr5","174449301","174449596","34","161170876"
"chr17","14166433","14166724","chr4","39442137","39442428","34","25275704"
"chr17","14446265","14446335","chr17","60847759","60847816","28","46401494"
"chr17","15314508","15314584","chr2A","5270330","5270402","29","10044178"
"chr17","15448023","15448335","chr17","15582179","15582458","33","134156"
"chr17","15616514","15616820","chr15","72202806","72203104","34","56586292"
"chr17","17382239","17382514","chr17","17509134","17509408","3","126895"
"chr17","18132780","18133079","chr4","102102693","102102995","37","83969913"
"chr17","18604844","18604910","chr5","99214729","99214795","29","80609885"
"chr17","19016089","19016382","chr17","19204444","19204742","6","188355"
"chr17","22597672","22597958","chr17","22700240","22700527","6","102568"
"chr17","24022055","24022123","chr5","99214729","99214795","26","75192674"
"chr17","24431862","24432149","chr2A","66150397","66150692","34","41718535"
"chr17","24702008","24702180","chr3","126325695","126325864","24","101623687"
"chr17","26077868","26078178","chr17","25333173","25333477","7","744695"
"chr17","26720487","26720796","chr17","26964182","26964490","3","243695"
"chr17","27067708","27068018","chr17","27309561","27309871","2","241853"
"chr17","27313074","27313374","chr17","27550296","27550595","4","237222"
"chr17","28201774","28202067","chr1","172983819","172984111","29","144782045"
"chr17","29828940","29829242","chr17","30006857","30007159","2","177917"
"chr17","29902149","29902459","chr17","30074317","30074621","8","172168"
"chr17","34904921","34905211","chr17","35428776","35429066","7","523855"
"chr17","35951292","35951503","chr17","36239702","36239918","13","288410"
"chr17","36078342","36078476","chr3","20519838","20519972","30","15558504"
"chr17","36103470","36103677","chr3","49866367","49866568","33","13762897"
"chr17","36920129","36920442","chr17","37218536","37218848","2","298407"
"chr17","37062153","37062258","chr4","63573400","63573514","30","26511247"
"chr17","42461889","42462183","chr17","42795041","42795340","10","333152"
"chr17","42817374","42817662","chr17","43146953","43147241","3","329579"
"chr17","45150102","45150407","chr17","45484160","45484457","14","334058"
"chr17","45281254","45281530","chr17","45607989","45608264","4","326735"
"chr17","45366522","45366820","chr17","45692878","45693175","6","326356"
"chr17","46240034","46240333","chr17","46552900","46553197","2","312866"
"chr17","46556002","46556290","chr17","46854854","46855145","3","298852"
"chr17","47374014","47374302","chr17","47646979","47647267","1","272965"
"chr17","48822551","48822849","chr17","49201210","49201510","3","378659"
"chr17","49810495","49810761","chr17","50172494","50172760","1","361999"
"chr17","52507734","52507919","chr17","52825318","52825503","1","317584"
"chr17","53106265","53106558","chr17","53411746","53412042","7","305481"
"chr17","56605325","56605434","chr4","63573400","63573514","17","6968075"
"chr17","57774963","57775272","chr17","57983476","57983783","5","208513"
"chr17","59982652","59982939","chr17","60461280","60461567","3","478628"
"chr17","60946291","60946582","chr17","61396240","61396523","13","449949"
"chr17","61256377","61256670","chr17","61737181","61737474","3","480804"
"chr17","62563466","62563762","chr6","47924579","47924868","68","14638887"
"chr17","62893859","62894162","chr17","63319809","63320108","8","425950"
"chr17","66047293","66047593","chr17","66525763","66526063","0","478470"
"chr17","66079857","66079942","chr5","50016926","50017019","38","16062931"
"chr17","66450059","66450340","chr17","66917412","66917696","4","467353"
"chr17","66542702","66543007","chr17","67008975","67009279","1","466273"
"chr17","69078806","69079095","chr17","69596487","69596775","3","517681"
"chr17","70049496","70049808","chr17","70621663","70621974","6","572167"
"chr17","70980003","70980299","chr17","71525374","71525666","7","545371"
"chr17","71581428","71581761","chr17","72122929","72123258","5","541501"
"chr17","71854557","71854855","chr17","72390707","72391002","6","536150"
"chr17","72271532","72271841","chr17","72891772","72892051","32","620240"
"chr17","73439096","73439400","chr17","74038036","74038334","10","598940"
"chr17","73911319","73911470","chr2B","155816635","155816789","26","81905316"
"chr17","74101124","74101336","chr3","58248183","58248371","58","15852941"
"chr17","74805467","74805593","chr3","20519838","20519972","27","54285629"
"chr17","75264837","75265132","chr17","75799367","75799663","4","534530"
"chr17","78878068","78878370","chr11","112737257","112737552","43","33859189"
"chr17","79974171","79974464","chr17","80682285","80682577","8","708114"
"chr17","81095578","81095887","chr4","102102693","102102995","41","21007115"
"chr17","81395141","81395438","chr17","82024592","82024882","7","629451"
"chr18","3402396","3402682","chr18","16322443","16322726","4","12920047"
"chr18","6463256","6463553","chr3","110876234","110876537","48","104412978"
"chr18","7907372","7907530","chr2A","69978589","69978755","33","62071217"
"chr18","8544570","8544871","chr18","8549287","8549585","3","4717"
"chr18","9408126","9408408","chr15","43704132","43704421","43","34296006"
"chr18","16934215","16934513","chr18","18167160","18167462","5","1232945"
"chr18","17487641","17487932","chr18","18693965","18694260","6","1206324"
"chr18","17543718","17544023","chr18","18749372","18749673","5","1205654"
"chr18","24216417","24216698","chr18","25317451","25317730","4","1101034"
"chr18","27855946","27856234","chr18","28925364","28925652","3","1069418"
"chr18","30296851","30297049","chr3","165604474","165604668","30","135307623"
"chr18","32707337","32707617","chr18","33724519","33724799","1","1017182"
"chr18","34832926","34833211","chr18","35831574","35831859","2","998648"
"chr18","35068193","35068320","chr7","144859460","144859585","19","109791267"
"chr18","41941232","41941538","chr18","42827593","42827887","16","886361"
"chr18","49217426","49217723","chr18","49983986","49984285","3","766560"
"chr18","53863200","53863507","chr18","54497742","54498047","11","634542"
"chr18","56606853","56607150","chr18","57210263","57210560","4","603410"
"chr18","58532960","58533255","chr18","59117618","59117911","6","584658"
"chr18","58606538","58606795","chr18","59191361","59191639","23","584823"
"chr18","59555972","59556089","chr9","118146805","118146927","38","58590833"
"chr18","63189833","63189982","chr12","122342211","122342362","28","59152378"
"chr18","65475625","65475910","chr18","65917373","65917657","2","441748"
"chr18","66480061","66480312","chr18","66910415","66910666","0","430354"
"chr18","69304479","69304766","chr18","69687892","69688179","10","383413"
"chr18","71152280","71152591","chr18","71516123","71516433","1","363843"
"chr18","73843988","73844298","chr18","74152055","74152369","5","308067"
"chr19","1135050","1135126","chr2A","5270330","5270402","29","4135280"
"chr19","1727093","1727399","chr19","1756751","1757054","5","29658"
"chr19","3280203","3280312","chr9","118146805","118146927","32","114866602"
"chr19","3469504","3469735","chr4","129028785","129029005","46","125559281"
"chr19","3691349","3691654","chr19","3665825","3666133","3","25524"
"chr19","4297177","4297470","chr1","125799952","125800244","32","121502775"
"chr19","4456933","4457093","chr19","4406057","4406216","2","50876"
"chr19","6198496","6198790","chr19","6111516","6111809","8","86980"
"chr19","6876841","6877140","chr19","6791874","6792176","7","84967"
"chr19","7362554","7362853","chr19","7452105","7452403","3","89551"
"chr19","7755139","7755434","chr19","7796801","7797095","8","41662"
"chr19","7877792","7877921","chr7","58785140","58785273","17","50907348"
"chr19","8139128","8139417","chr2A","65238830","65239122","32","57099702"
"chr19","10913170","10913478","chr19","10923637","10923946","5","10467"
"chr19","10989343","10989618","chr19","10996981","10997256","3","7638"
"chr19","11370291","11370593","chr6","54417759","54418060","29","43047468"
"chr19","12090287","12090588","chr7","37417582","37417881","34","25327295"
"chr19","12313496","12313802","chr19","12385908","12386212","6","72412"
"chr19","12515148","12515457","chr19","12583437","12583747","1","68289"
"chr19","12944131","12944420","chr17","49201210","49201510","92","36257079"
"chr19","12960125","12960254","chr4","63573400","63573514","32","50613275"
"chr19","13088002","13088102","chr2A","86828106","86828210","28","73740104"
"chr19","13468747","13469045","chr19","13498725","13499020","4","29978"
"chr19","13485613","13485812","chr14","103009371","103009555","43","89523758"
"chr19","13517702","13517927","chr2B","131825490","131825718","56","118307788"
"chr19","13875538","13875666","chr12","114365389","114365526","29","100489851"
"chr19","14529539","14529846","chr1","29909845","29910166","58","15380306"
"chr19","14648524","14648695","chr12","131074959","131075130","25","116426435"
"chr19","14840049","14840338","chr3","138089237","138089533","51","123249188"
"chr19","15222649","15222749","chr1","28852208","28852311","29","13629559"
"chr19","16946445","16946743","chr17","41333311","41333613","43","24386866"
"chr19","17589357","17589665","chr19","17770396","17770673","32","181039"
"chr19","18022509","18022555","chr15","30780178","30780220","26","12757669"
"chr19","18023198","18023330","chr3","48178679","48178823","42","30155481"
"chr19","18853731","18854021","chr17","69596487","69596775","49","50742756"
"chr19","19779893","19779995","chr12","47019113","47019213","27","27239220"
"chr19","19780532","19780653","chr3","50577482","50577599","29","30796950"
"chr19","19992678","19992988","chr19","20099338","20099640","9","106660"
"chr19","20053167","20053462","chr19","20159313","20159607","2","106146"
"chr19","20366885","20367180","chr19","20464303","20464597","1","97418"
"chr19","21138971","21139260","chr19","21346476","21346764","7","207505"
"chr19","21268458","21268769","chr13","83725283","83725589","39","62456825"
"chr19","21318932","21319230","chr19","21519361","21519647","12","200429"
"chr19","21508053","21508172","chr19","21698624","21698741","2","190571"
"chr19","21548591","21548748","chr19","21739057","21739214","0","190466"
"chr19","21551154","21551458","chr19","21741617","21741921","1","190463"
"chr19","22089519","22089807","chr19","24118145","24118434","1","2028626"
"chr19","22310221","22310520","chr19","22275334","22275620","15","34887"
"chr19","22372556","22372861","chr19","22337997","22338305","7","34559"
"chr19","22907189","22907497","chr19","22859360","22859662","7","47829"
"chr19","23295456","23295758","chr4","45927825","45928122","34","22632369"
"chr19","23866962","23867270","chr19","23835319","23835621","8","31643"
"chr19","33899492","33899784","chr19","34507476","34507769","4","607984"
"chr19","35562780","35563079","chr19","36139834","36140132","3","577054"
"chr19","40312189","40312489","chr4","5360525","5360822","35","34951664"
"chr19","42094977","42095286","chr19","43140528","43140827","13","1045551"
"chr19","42324529","42324827","chr7","37417582","37417881","29","4906947"
"chr19","42768241","42768537","chr19","42220662","42220958","1","547579"
"chr19","42780434","42780728","chr19","42208401","42208697","2","572033"
"chr19","42877506","42877806","chr19","42113708","42114003","10","763798"
"chr19","43060677","43060862","chr11","124596177","124596361","23","81535500"
"chr19","43543589","43543649","chr17","60847759","60847816","30","17304170"
"chr19","43544040","43544143","chr3","50577482","50577599","38","7033442"
"chr19","44076561","44076831","chr19","44512789","44513063","4","436228"
"chr19","44680962","44681244","chr17","13142957","13143226","48","31538005"
"chr19","44722024","44722331","chr19","45142370","45142676","2","420346"
"chr19","45558072","45558364","chr19","45925054","45925345","1","366982"
"chr19","48649172","48649478","chr3","11994782","11995088","66","36654390"
"chr19","50908611","50908909","chr19","51497578","51497874","5","588967"
"chr19","51460128","51460306","chrX","119495429","119495613","32","68035301"
"chr19","52201833","52202146","chr19","52902909","52903249","29","701076"
"chr19","52677693","52677994","chr19","53388195","53388496","0","710502"
"chr19","53493615","53493871","chr8","49857755","49858009","35","3635860"
"chr19","53561856","53562151","chr13","25077924","25078213","34","28483932"
"chr19","53624835","53624925","chr5","99214729","99214795","46","45589894"
"chr19","53866478","53866777","chr7","38269372","38269672","35","15597106"
"chr19","54055623","54055930","chr19","55011988","55012295","2","956365"
"chr19","55127275","55127606","chr18","54497742","54498047","65","629533"
"chr19","55334383","55334461","chr2A","5270330","5270402","31","50064053"
"chr19","55549207","55549505","chr4","189032696","189033000","35","133483489"
"chr19","56590043","56590114","chr5","99214729","99214795","28","42624686"
"chr19","56758284","56758609","chr19","57688780","57689097","10","930496"
"chr19","57209118","57209341","chr4","129028785","129029005","46","71819667"
"chr19","57475569","57475852","chr13","50358615","50358898","48","7116954"
"chr19","57639570","57639803","chr19","58582511","58582744","2","942941"
"chr19","57847275","57847465","chr6","172881329","172881519","26","115034054"
"chr19","58920846","58920989","chr12","126809250","126809392","21","67888404"
"chr19","59076998","59077292","chr12","58114653","58114945","17","962345"
"chr19","59231695","59231887","chr15","94698567","94698766","55","35466872"
"chr19","59317841","59318146","chr10","102240354","102240665","39","42922513"
"chr19","59518451","59518739","chr19","60384021","60384309","2","865570"
"chr19","61153152","61153446","chr14","48932057","48932350","36","12221095"
"chr19","63077453","63077518","chr5","99214729","99214795","27","36137276"
"chr19","63154376","63154667","chr19","63937626","63937909","12","783250"
"chr20","113657","113969","chr20","135814","136126","3","22157"
"chr20","311307","311614","chr18","18167160","18167462","37","17855853"
"chr20","2791322","2791566","chr17","6402685","6402955","63","3611363"
"chr20","5622191","5622344","chr1","35576277","35576432","46","29954086"
"chr20","12413005","12413283","chr20","12450666","12450943","3","37661"
"chr20","13573445","13573736","chr20","13537665","13537959","8","35780"
"chr20","16601362","16601663","chr20","16515934","16516234","5","85428"
"chr20","20318192","20318292","chrX","82555985","82556085","20","62237793"
"chr20","24341197","24341492","chr20","24479603","24479898","1","138406"
"chr20","29845882","29846072","chr14","103009371","103009555","29","73163489"
"chr20","30959776","30959938","chr1","40957008","40957170","27","9997232"
"chr20","30982136","30982415","chr2A","100224765","100225052","45","69242629"
"chr20","31432538","31432778","chr16","14728008","14728245","39","16704530"
"chr20","31500001","31500270","chr13","110815992","110816259","41","79315991"
"chr20","31754814","31755110","chr20","32387195","32387486","8","632381"
"chr20","32272263","32272571","chr20","32893089","32893393","8","620826"
"chr20","32404793","32405092","chr20","33023857","33024137","20","619064"
"chr20","32594811","32594948","chr7","110055392","110055533","25","77460581"
"chr20","33491499","33491714","chr15","94698567","94698766","50","61207068"
"chr20","37918475","37918769","chr20","38427651","38427945","1","509176"
"chr20","38322986","38323237","chr20","38817811","38818062","0","494825"
"chr20","40301925","40302214","chr20","40771946","40772235","1","470021"
"chr20","40667941","40668015","chr5","99214729","99214795","31","58546788"
"chr20","41874393","41874680","chr20","42324309","42324595","3","449916"
"chr20","45868281","45868473","chr9","132715625","132715835","41","86847344"
"chr20","46611863","46612161","chr20","46977512","46977803","9","365649"
"chr20","48694769","48695040","chr20","49077423","49077663","33","382654"
"chr20","49020278","49020383","chr4","63573400","63573514","31","14553122"
"chr20","50851829","50852128","chr1","125799952","125800244","44","74948123"
"chr20","51868554","51868846","chr20","52298087","52298380","8","429533"
"chr20","53967648","53967948","chrX","42343661","42343964","37","11623987"
"chr20","54591469","54591770","chr20","55021939","55022240","1","430470"
"chr20","61217873","61218178","chr4","5360525","5360822","40","55857348"
"chr21","7717228","7717512","chr21","21343949","21344233","2","13626721"
"chr21","8317008","8317322","chr21","21936790","21937100","5","13619782"
"chr21","10137425","10137738","chr21","23754848","23755163","6","13617423"
"chr21","10192139","10192428","chr21","23809228","23809515","7","13617089"
"chr21","11048019","11048318","chr21","24664211","24664508","7","13616192"
"chr21","16939332","16939463","chr3","20519838","20519972","20","3580506"
"chr21","17166028","17166325","chr21","30810800","30811089","9","13644772"
"chr21","19829953","19830197","chrX","68965518","68965754","42","49135565"
"chr21","22394574","22394865","chr19","45925054","45925345","29","23530480"
"chr21","24818488","24818785","chr21","38438807","38439104","1","13620319"
"chr21","26873117","26873380","chr9","117621745","117622009","52","90748628"
"chr21","27413261","27413587","chr21","41015168","41015478","16","13601907"
"chr21","29017685","29017991","chr18","13223078","13223388","32","15794607"
"chr21","29359263","29359383","chr4","63573400","63573514","18","34214137"
"chr21","29659720","29660020","chr21","43218402","43218702","0","13558682"
"chr21","29786952","29787247","chr21","43345741","43346035","1","13558789"
"chr21","30871402","30871703","chr21","44450499","44450800","0","13579097"
"chr21","32352970","32353251","chr4","73925345","73925625","29","41572375"
"chr22","17572175","17572496","chr22","17599834","17600152","6","27659"
"chr22","17907914","17908182","chr13","50358615","50358898","60","32450701"
"chr22","22487379","22487455","chr17","60847759","60847816","32","38360380"
"chr22","22726786","22727017","chr4","129028785","129029005","45","106301999"
"chr22","23769482","23769764","chr22","23869231","23869513","2","99749"
"chr22","25308095","25308168","chr2A","5270330","5270402","27","20037765"
"chr22","27448551","27448841","chr22","27524204","27524501","8","75653"
"chr22","27800913","27801213","chr22","27862061","27862353","9","61148"
"chr22","29065380","29065667","chr14","89371878","89372171","42","60306498"
"chr22","29337386","29337545","chr15","62094032","62094191","35","32756646"
"chr22","30150689","30150995","chr22","30338550","30338856","2","187861"
"chr22","31605498","31605787","chr22","31793681","31793963","9","188183"
"chr22","32556360","32556661","chr11","78599162","78599470","49","46042802"
"chr22","33372282","33372592","chr22","33540816","33541111","27","168534"
"chr22","34294183","34294311","chr2B","207992914","207993040","28","173698731"
"chr22","36933033","36933342","chr22","37016429","37016726","15","83396"
"chr22","37181857","37182051","chr5","50406614","50406807","26","13224757"
"chr22","38975723","38976032","chr22","38994054","38994354","12","18331"
"chr22","40706660","40706870","chr4","129028785","129029005","34","88322125"
"chr22","41244930","41245235","chr18","13223078","13223388","38","28021852"
"chr22","41287691","41287987","chr8","2153605","2153906","38","39134086"
"chr22","43446469","43446762","chr7","100875778","100876073","32","57429309"
"chr22","43474303","43474600","chr22","43764725","43765020","3","290422"
"chr22","43674104","43674247","chr22","43958213","43958359","6","284109"
"chr22","44412777","44413080","chr22","44679245","44679546","11","266468"
"chr22","45653279","45653586","chr22","45901158","45901456","13","247879"
"chr22","46784407","46784717","chr22","47004573","47004884","6","220166"
"chr22","47272777","47272853","chr17","60847759","60847816","31","13574982"
"chr2A","8842131","8842420","chr2A","8911219","8911508","2","69088"
"chr2A","9690162","9690460","chr2A","9748811","9749101","14","58649"
"chr2A","9899427","9899627","chr4","2610756","2610938","68","7288671"
"chr2A","11282094","11282399","chr2A","11311276","11311579","2","29182"
"chr2A","14423549","14423852","chr2A","14406421","14406724","2","17128"
"chr2A","20292873","20293209","chr2A","20173091","20173426","4","119782"
"chr2A","24310832","24311140","chr5","42551630","42551932","36","18240798"
"chr2A","24436506","24436785","chr11","38680968","38681245","38","14244462"
"chr2A","26018749","26019054","chr2A","25774675","25774969","14","244074"
"chr2A","27550832","27550956","chr2B","207992914","207993040","23","180442082"
"chr2A","35190841","35191151","chr2A","35441227","35441525","20","250386"
"chr2A","37250953","37251159","chr2A","37514464","37514669","6","263511"
"chr2A","37562156","37562460","chr2A","37824173","37824471","11","262017"
"chr2A","39090885","39091190","chr2A","39321984","39322258","37","231099"
"chr2A","39691151","39691451","chr2A","39908590","39908885","6","217439"
"chr2A","39741412","39741708","chr2A","39957420","39957714","2","216008"
"chr2A","41091109","41091220","chr9","118146805","118146927","36","77055696"
"chr2A","43076563","43076851","chr15","43704132","43704421","45","627569"
"chr2A","43213142","43213436","chr7","147673548","147673846","26","104460406"
"chr2A","43668407","43668631","chr2A","43925693","43925914","5","257286"
"chr2A","44854471","44854779","chr2A","45206207","45206516","3","351736"
"chr2A","46429202","46429505","chr2A","46759539","46759842","1","330337"
"chr2A","48306909","48307033","chrX","1061700","1061823","42","47245209"
"chr2A","48661080","48661384","chr2A","48938288","48938592","2","277208"
"chr2A","53659147","53659279","chr2A","53887883","53888012","3","228736"
"chr2A","54819012","54819306","chr8","19892574","19892865","25","34926438"
"chr2A","55039882","55040167","chr2A","55474069","55474345","12","434187"
"chr2A","59317576","59317749","chr1","62780299","62780471","23","3462723"
"chr2A","63883844","63883961","chr4","63573400","63573514","16","310444"
"chr2A","64672736","64673041","chr2A","64997451","64997756","1","324715"
"chr2A","64918198","64918492","chr2A","65238830","65239122","4","320632"
"chr2A","65849710","65850020","chr2A","66150397","66150692","19","300687"
"chr2A","69717435","69717600","chr2A","69978589","69978755","1","261154"
"chr2A","69966275","69966437","chr1","40957008","40957170","30","29009267"
"chr2A","70249434","70249716","chr2A","70497881","70498163","2","248447"
"chr2A","70774001","70774281","chr2A","71011761","71012041","2","237760"
"chr2A","71218794","71218902","chr6","49068354","49068459","27","22150440"
"chr2A","71241048","71241342","chr3","32332270","32332565","33","38908778"
"chr2A","71612759","71613067","chr2A","71836256","71836564","3","223497"
"chr2A","77570646","77570831","chr17","44455445","44455613","49","33115201"
"chr2A","80884516","80884823","chr2A","81470459","81470766","2","585943"
"chr2A","86375130","86375425","chr2A","86797507","86797807","6","422377"
"chr2A","86664340","86664593","chr14","75128385","75128642","69","11535955"
"chr2A","86664614","86664666","chr10","12115067","12115110","28","74549547"
"chr2A","87405245","87405548","chr2A","87799052","87799352","4","393807"
"chr2A","99505650","99505938","chr2A","100224765","100225052","2","719115"
"chr2A","100790755","100791070","chr2A","101497658","101497973","3","706903"
"chr2A","100845520","100845824","chr2A","101547561","101547866","3","702041"
"chr2B","114482445","114482752","chr2B","114492492","114492794","7","10047"
"chr2B","115019835","115020132","chr2B","114991020","114991312","8","28815"
"chr2B","120578485","120578632","chr22","41460775","41460916","28","79117710"
"chr2B","120600783","120601076","chr2B","120539975","120540268","2","60808"
"chr2B","121477126","121477431","chr2B","121401847","121402151","3","75279"
"chr2B","121757690","121757984","chr2B","121675247","121675540","4","82443"
"chr2B","125126204","125126484","chr2B","125184587","125184867","1","58383"
"chr2B","128675927","128676220","chr2B","128612471","128612763","2","63456"
"chr2B","128683665","128683960","chr2B","128620179","128620471","4","63486"
"chr2B","131659554","131659852","chr14","48932057","48932350","43","82727497"
"chr2B","132000001","132000178","chr5","181423550","181423707","41","49423549"
"chr2B","137171913","137172219","chrX","16717086","16717393","37","120454827"
"chr2B","145813147","145813454","chr2B","145864599","145864906","0","51452"
"chr2B","155489068","155489222","chr2B","155816635","155816789","1","327567"
"chr2B","155601921","155602093","chr1","62780299","62780471","20","92821622"
"chr2B","158759258","158759562","chr2B","159060266","159060563","9","301008"
"chr2B","165864867","165864963","chr4","63573400","63573514","32","102291467"
"chr2B","167349042","167349349","chr2B","167713412","167713717","2","364370"
"chr2B","168261753","168262031","chr14","62193841","62194118","38","106067912"
"chr2B","176294430","176294735","chr4","102102693","102102995","32","74191737"
"chr2B","178550838","178551129","chr2B","178831644","178831935","1","280806"
"chr2B","179448665","179448972","chr2B","179718020","179718332","18","269355"
"chr2B","180532613","180532903","chr1","125799952","125800244","37","54732661"
"chr2B","180692424","180692634","chr20","47246692","47246893","37","133445732"
"chr2B","201473739","201474017","chr2B","201940537","201940811","5","466798"
"chr2B","203154466","203154742","chr2B","203592274","203592550","0","437808"
"chr2B","204818038","204818333","chr2B","205506122","205506417","0","688084"
"chr2B","206850402","206850711","chr2B","207497333","207497643","4","646931"
"chr2B","207369815","207369941","chr2B","207992914","207993040","0","623099"
"chr2B","208360697","208360992","chr2B","208931633","208931928","2","570936"
"chr2B","211025931","211026227","chrX","69945232","69945527","35","141080699"
"chr2B","211373162","211373466","chr2B","211896675","211896979","3","523513"
"chr2B","212689118","212689416","chr2B","213199942","213200237","5","510824"
"chr2B","214796725","214797033","chr2B","215546840","215547141","7","750115"
"chr2B","219820358","219820647","chr2B","220553806","220554095","3","733448"
"chr2B","220438807","220439107","chr2B","221259519","221259813","7","820712"
"chr2B","223551961","223552253","chr2B","224343455","224343746","3","791494"
"chr2B","223913032","223913332","chr2B","224696810","224697109","4","783778"
"chr2B","224015984","224016100","chr4","63573400","63573514","19","160442584"
"chr2B","224212410","224212717","chr2B","224985473","224985780","6","773063"
"chr2B","224274096","224274389","chr2B","225044659","225044951","2","770563"
"chr2B","224338504","224338588","chr5","50016926","50017019","30","174321578"
"chr2B","234730041","234730189","chr1","150629089","150629233","32","84100952"
"chr2B","236918522","236918808","chr2B","237696736","237697022","1","778214"
"chr2B","238156559","238156857","chr15","72202806","72203104","36","165953753"
"chr2B","239635486","239635765","chr2A","100224765","100225052","54","139410721"
"chr2B","243085517","243085593","chr17","60847759","60847816","31","182237758"
"chr2B","246385989","246386263","chr2B","247117537","247117813","5","731548"
"chr2B","246519137","246519224","chr1","28852208","28852311","36","217666929"
"chrUn_GL393466","16189","16480","chr3","32332270","32332565","33","32316081"
"chrUn_GL393535","169765","170074","chr12","40655716","40656024","42","40485951"
"chrUn_GL393543","46328","46509","chr2B","156423488","156423667","23","156377160"
"chrUn_GL393543","46653","46698","chr10","72373702","72373763","25","72327049"
"chrUn_GL394223","1621","1685","chr5","99214729","99214795","26","99213108"
"chrUn_GL394685","21173","21282","chr9","118146805","118146927","29","118125632"
"chrUn_GL394872","7516","7697","chr2B","156423488","156423667","24","156415972"
"chrUn_GL394872","7841","7890","chr20","49185364","49185423","26","49177523"
"chrUn_GL395263","17072","17195","chr7","58785140","58785273","39","58768068"
"chrUn_GL395381","12315","12390","chr5","99214729","99214795","33","99202414"
