"chr1","53477272","53477570","KN294407v1","1046454","1046753","28","52430818"
"chr1","214957934","214958221","KN297320v1","1666972","1667261","35","213290962"
"chr1","1572574","1572871","KN296831v1","574957","575252","36","997617"
"chr1","1703591","1703962","KN294470v1","2190064","2190422","101","486473"
"chr1","8257274","8257593","KN294193v1","656123","656428","47","7601151"
"chr1","9174916","9175162","KN295835v1","199186","199432","41","8975730"
"chr1","11010020","11010329","KN294630v1","349899","350210","34","10660121"
"chr1","14548904","14549216","KN297154v1","1610824","1611134","38","12938080"
"chr1","19398366","19398671","KN297158v1","212439","212742","38","19185927"
"chr1","20053841","20054020","KN296495v1","510488","510677","34","19543353"
"chr1","27787031","27787342","KN297442v1","2623790","2624089","52","25163241"
"chr1","39059207","39059506","KN294470v1","2136945","2137241","37","36922262"
"chr1","43122459","43122749","KN296864v1","1223743","1224032","27","41898716"
"chr1","57016288","57016594","KN295974v1","830671","830982","31","56185617"
"chr1","85589783","85590085","KN296153v1","863239","863546","36","84726544"
"chr1","88211296","88211603","KN294790v1","163386","163690","44","88047910"
"chr1","122814433","122814724","KN296865v1","1611887","1612179","22","121202546"
"chr1","132644625","132644931","KN296547v1","651970","652276","39","131992655"
"chr1","133824255","133824531","KN295633v1","1133330","1133601","46","132690925"
"chr1","139198444","139198728","KN295820v1","44201","44491","51","139154243"
"chr1","139722494","139722785","KN294182v1","794404","794699","42","138928090"
"chr1","179961607","179961919","KN295326v1","192748","193053","45","179768859"
"chr1","212467582","212467900","KN294548v1","1324693","1325003","28","211142889"
"chr1","214171491","214171793","KN296167v1","450049","450355","34","213721442"
"chr1","219283376","219283658","KN295692v1","2428705","2428988","36","216854671"
"chr1","219676530","219676809","KN296138v1","452937","453216","43","219223593"
"chr1","155737","155976","KN295835v1","199186","199432","50","43449"
"chr1","857193","857475","KN295371v1","448057","448341","34","409136"
"chr1","897986","898282","KN295586v1","2562750","2563045","44","1664764"
"chr1","899071","899375","KN294571v1","1575904","1576204","38","676833"
"chr1","913466","913744","KN296747v1","33558","33844","39","879908"
"chr1","924448","924754","KN294790v1","2771318","2771623","42","1846870"
"chr1","962523","962827","KN296547v1","922142","922450","36","40381"
"chr1","962860","963160","KN295301v1","716124","716425","42","246736"
"chr1","1013365","1013628","KN294407v1","165537","165802","55","847828"
"chr1","1013921","1014193","KN296036v1","300943","301205","46","712978"
"chr1","1024129","1024429","KN296424v1","51364","51665","34","972765"
"chr1","1031528","1031834","KN296849v1","69962","70263","39","961566"
"chr1","1033825","1034100","KN296849v1","116950","117234","46","916875"
"chr1","1074413","1074722","KN296948v1","1303070","1303379","38","228657"
"chr1","1093053","1093162","KN294456v1","895120","895228","9","197933"
"chr1","1093293","1093456","KN294598v1","109238","109402","28","984055"
"chr1","1107164","1107470","KN296153v1","2365186","2365493","39","1258022"
"chr1","1108228","1108524","KN294561v1","1084406","1084703","31","23822"
"chr1","1134977","1135277","KN294790v1","163386","163690","44","971591"
"chr1","1139771","1140067","KN296263v1","1227686","1227986","37","87915"
"chr1","1156129","1156425","KN294539v1","1287945","1288241","41","131816"
"chr1","1225857","1226052","KN296495v1","510488","510677","27","715369"
"chr1","1270605","1270910","KN294729v1","3196","3497","25","1267409"
"chr1","1280959","1281252","KN294842v1","443862","444152","42","837097"
"chr1","1283949","1284249","KN295405v1","69847","70144","41","1214102"
"chr1","1297780","1297956","KN295236v1","224307","224480","32","1073473"
"chr1","1312655","1312943","KN296225v1","765260","765548","56","547395"
"chr1","1315916","1316204","KN294806v1","656298","656589","60","659618"
"chr1","1317077","1317361","KN294976v1","415425","415700","44","901652"
"chr1","1320998","1321276","KN294976v1","1026982","1027280","57","294016"
"chr1","1322827","1323007","KN294957v1","73265","73439","38","1249562"
"chr1","1357469","1357771","KN297023v1","480259","480560","37","877210"
"chr1","1362276","1362577","KN297327v1","811573","811871","37","550703"
"chr1","1377821","1378102","KN296926v1","242178","242456","40","1135643"
"chr1","1390519","1390818","KN297133v1","1352390","1352685","45","38129"
"chr1","1393989","1394214","KN294671v1","198709","198942","41","1195280"
"chr1","1397109","1397411","KN297154v1","294220","294518","39","1102889"
"chr1","1409194","1409492","KN294187v1","783464","783769","41","625730"
"chr1","1409796","1409952","KN296187v1","2142385","2142543","24","732589"
"chr1","1431561","1431843","KN295828v1","1026333","1026620","50","405228"
"chr1","1432833","1433138","KN294991v1","686774","687084","45","746059"
"chr1","1433141","1433440","KN295487v1","52973","53281","53","1380168"
"chr1","1435640","1435941","KN297154v1","294220","294518","37","1141420"
"chr1","1496322","1496601","KN296357v1","110185","110480","45","1386137"
"chr1","1497991","1498265","KN295832v1","1100505","1100779","39","397486"
"chr1","1504312","1504604","KN297197v1","699015","699311","33","805297"
"chr1","1522627","1522927","KN295564v1","408804","409105","33","1113823"
"chr1","1575916","1576224","KN297190v1","106500","106813","47","1469416"
"chr1","1584466","1584771","KN296833v1","30824","31126","40","1553642"
"chr1","1585403","1585623","KN295871v1","679658","679877","34","905745"
"chr1","1586886","1587039","KN294848v1","658585","658730","27","928301"
"chr1","1593550","1593851","KN295846v1","24517","24819","32","1569033"
"chr1","1596149","1596459","KN294761v1","1564747","1565053","44","31402"
"chr1","1598362","1598679","KN296306v1","1908527","1908848","49","310165"
"chr1","1601059","1601362","KN296158v1","1175251","1175559","48","425808"
"chr1","1608696","1608998","KN296079v1","686222","686522","37","922474"
"chr1","1633394","1633630","KN295835v1","199186","199432","69","1434208"
"chr1","1655801","1655909","KN296731v1","905591","905681","51","750210"
"chr1","1657068","1657357","KN294976v1","415425","415700","45","1241643"
"chr1","1659096","1659392","KN296145v1","3072127","3072422","37","1413031"
"chr1","1672560","1672864","KN296536v1","463956","464262","36","1208604"
"chr1","1683096","1683405","KN296205v1","1038770","1039076","40","644326"
"chr1","1701632","1701931","KN294561v1","1084406","1084703","54","617226"
"chr1","1709997","1710282","KN296775v1","1088446","1088732","40","621551"
"chr1","1713677","1713834","KN294172v1","5485947","5486112","27","3772270"
"chr1","1733211","1733509","KN295480v1","1514936","1515236","40","218275"
"chr1","1734668","1734955","KN297197v1","197080","197368","36","1537588"
"chr1","1753263","1753560","KN294434v1","66525","66812","46","1686738"
"chr1","1778203","1778503","KN294571v1","1575904","1576204","26","202299"
"chr1","1800648","1800966","KN297242v1","698229","698539","33","1102419"
"chr1","1815290","1815579","KN297008v1","1155679","1155969","28","659611"
"chr1","1822436","1822667","KN295405v1","757351","757593","47","1065085"
"chr1","1864417","1864728","KN296484v1","351750","352061","38","1512667"
"chr1","1865905","1866201","KN295708v1","2784035","2784327","32","918130"
"chr1","1872141","1872445","KN297023v1","480259","480560","35","1391882"
"chr1","1875652","1875960","KN294451v1","1139913","1140218","41","735739"
"chr1","1907730","1907957","KN295405v1","757351","757593","49","1150379"
"chr1","1932866","1933172","KN294193v1","765791","766099","42","1167075"
"chr1","1952640","1952948","KN294193v1","1004756","1005052","44","947884"
"chr1","1954634","1954925","KN294239v1","344639","344929","49","1609995"
"chr1","1955652","1955955","KN294451v1","1139913","1140218","37","815739"
"chr1","1974284","1974580","KN295090v1","786208","786506","37","1188076"
"chr1","1981918","1982223","KN294571v1","890748","891049","39","1091170"
"chr1","2008998","2009301","KN295998v1","154789","155089","38","1854209"
"chr1","2009314","2009588","KN296303v1","619965","620237","39","1389349"
"chr1","2025512","2025811","KN296884v1","1685516","1685808","55","339996"
"chr1","2030510","2030814","KN296487v1","131647","131949","40","1898863"
"chr1","2058491","2058801","KN294378v1","1504358","1504668","31","554133"
"chr1","2071138","2071446","KN294172v1","365590","365904","41","1705548"
"chr1","2091573","2091879","KN297274v1","913488","913797","39","1178085"
"chr1","2121853","2122148","KN296153v1","1090111","1090408","33","1031742"
"chr1","2136159","2136462","KN294991v1","1180582","1180885","42","955577"
"chr1","2138180","2138490","KN295883v1","173429","173738","39","1964751"
"chr1","2153919","2154233","KN297165v1","708082","708397","48","1445837"
"chr1","2159702","2159997","KN295571v1","1155767","1156067","47","1003935"
"chr1","2224412","2224716","KN295605v1","232110","232423","45","1992302"
"chr1","2241665","2241904","KN295744v1","305279","305523","34","1936386"
"chr1","2245815","2246099","KN296158v1","1192523","1192804","45","1053292"
"chr1","2301677","2301982","KN296153v1","1336190","1336496","40","965487"
"chr1","2328591","2328881","KN295371v1","448057","448341","38","1880534"
"chr1","2433032","2433258","KN295977v1","1276894","1277103","56","1156138"
"chr1","2449334","2449629","KN296541v1","3209254","3209550","35","759920"
"chr1","2461757","2462048","KN296017v1","409388","409679","21","2052369"
"chr1","2463849","2464144","KN296017v1","407444","407739","19","2056405"
"chr1","2505793","2506104","KN296635v1","4969030","4969343","33","2463237"
"chr1","2509401","2509694","KN296017v1","364789","365091","27","2144612"
"chr1","2607714","2608024","KN296017v1","269572","269883","30","2338142"
"chr1","2669408","2669713","KN296017v1","208184","208490","31","2461224"
"chr1","2820658","2820959","KN296345v1","121659","121957","46","2698999"
"chr1","2890119","2890331","KN296495v1","1323826","1324037","39","1566293"
"chr1","2944357","2944669","KN295748v1","161587","161896","30","2782770"
"chr1","3087434","3087732","KN294217v1","189253","189564","35","2898181"
"chr1","3327504","3327804","KN294193v1","656123","656428","37","2671381"
"chr1","3378477","3378789","KN297227v1","279040","279344","50","3099437"
"chr1","3458827","3459137","KN294217v1","548170","548467","24","2910657"
"chr1","3460044","3460343","KN297245v1","1416081","1416379","38","2043963"
"chr1","3505437","3505742","KN296620v1","349918","350214","42","3155519"
"chr1","3595337","3595641","KN295079v1","940771","941074","42","2654566"
"chr1","3595693","3595984","KN294217v1","700019","700315","30","2895674"
"chr1","3608342","3608643","KN294217v1","711652","711951","32","2896690"
"chr1","3608924","3609230","KN294217v1","712214","712504","33","2896710"
"chr1","3618105","3618395","KN294217v1","718762","719064","29","2899343"
"chr1","3620448","3620743","KN296649v1","502099","502397","30","3118349"
"chr1","3625952","3626233","KN294217v1","726830","727111","28","2899122"
"chr1","3674928","3675231","KN294761v1","363307","363610","30","3311621"
"chr1","3676927","3677147","KN295406v1","275159","275372","43","3401768"
"chr1","3685100","3685403","KN295571v1","513084","513393","30","3172016"
"chr1","3699927","3700231","KN294217v1","801086","801394","32","2898841"
"chr1","3702995","3703292","KN294217v1","803782","804074","25","2899213"
"chr1","3715513","3715794","KN296110v1","270879","271162","39","3444634"
"chr1","3837797","3838107","KN296357v1","431311","431620","39","3406486"
"chr1","4003270","4003508","KN295405v1","757351","757593","55","3245919"
"chr1","4029726","4030047","KN294217v1","1052790","1053098","37","2976936"
"chr1","4041273","4041568","KN295586v1","829707","830002","31","3211566"
"chr1","4042407","4042691","KN297370v1","729604","729894","53","3312803"
"chr1","4105321","4105640","KN294217v1","1114631","1114937","32","2990690"
"chr1","4192285","4192561","KN294217v1","1193737","1194022","31","2998548"
"chr1","4310517","4310820","KN294217v1","1307438","1307748","29","3003079"
"chr1","4375857","4376149","KN294378v1","985099","985394","38","3390758"
"chr1","4414521","4414853","KN295613v1","302595","302915","58","4111926"
"chr1","4417805","4418079","KN295592v1","1986950","1987223","40","2430855"
"chr1","4523887","4524196","KN296306v1","1908527","1908848","49","2615360"
"chr1","4556059","4556359","KN294217v1","1555828","1556130","32","3000231"
"chr1","4824279","4824604","KN294217v1","1810235","1810553","35","3014044"
"chr1","4890278","4890574","KN295198v1","274974","275272","35","4615304"
"chr1","4994135","4994428","KN294217v1","1978728","1979037","35","3015407"
"chr1","5011984","5012299","KN294911v1","2842843","2843153","43","2169141"
"chr1","5060945","5061250","KN295034v1","280827","281133","39","4780118"
"chr1","5067657","5067961","KN297046v1","1613554","1613860","34","3454103"
"chr1","5073971","5074261","KN295736v1","3413589","3413886","51","1660382"
"chr1","5112587","5112880","KN294217v1","2097271","2097565","34","3015316"
"chr1","5200051","5200368","KN294217v1","2194250","2194560","49","3005801"
"chr1","5403511","5403783","KN294187v1","1336441","1336715","42","4067070"
"chr1","5540989","5541298","KN295984v1","1302517","1302824","32","4238472"
"chr1","5553209","5553498","KN294790v1","272636","272926","37","5280573"
"chr1","5573246","5573551","KN294984v1","57778","58085","36","5515468"
"chr1","5671136","5671432","KN296009v1","1147876","1148169","34","4523260"
"chr1","5743579","5743878","KN297032v1","184087","184386","41","5559492"
"chr1","5755593","5755755","KN296743v1","1697064","1697229","26","4058529"
"chr1","5793421","5793633","KN295405v1","757351","757593","66","5036070"
"chr1","5816150","5816453","KN295974v1","3009668","3009967","34","2806482"
"chr1","5906314","5906612","KN296635v1","4669001","4669302","42","1237313"
"chr1","5914198","5914491","KN294193v1","425211","425504","32","5488987"
"chr1","5944795","5945092","KN294470v1","2136945","2137241","37","3807850"
"chr1","5950027","5950336","KN295244v1","882642","882949","35","5067385"
"chr1","5998790","5999098","KN294592v1","1321409","1321720","40","4677381"
"chr1","6001281","6001560","KN296138v1","3145","3429","40","5998136"
"chr1","6004771","6005056","KN294257v1","2744602","2744887","43","3260169"
"chr1","6007429","6007737","KN294199v1","68751","69060","40","5938678"
"chr1","6038646","6038880","KN295967v1","625826","626071","51","5412820"
"chr1","6059094","6059390","KN294571v1","1575904","1576204","37","4483190"
"chr1","6099680","6099927","KN297190v1","891642","891888","29","5208038"
"chr1","6122860","6123161","KN297047v1","1316088","1316386","45","4806772"
"chr1","6155868","6156176","KN296528v1","1455309","1455620","43","4700559"
"chr1","6170279","6170586","KN294456v1","1098138","1098439","38","5072141"
"chr1","6180417","6180713","KN295814v1","1005137","1005439","41","5175280"
"chr1","6196721","6197002","KN296308v1","894405","894685","38","5302316"
"chr1","6207029","6207332","KN297327v1","811573","811871","26","5395456"
"chr1","6213670","6213965","KN296635v1","5109129","5109425","41","1104541"
"chr1","6279704","6280014","KN294603v1","63949","64255","36","6215755"
"chr1","6288779","6289076","KN294187v1","1109661","1109959","40","5179118"
"chr1","6299465","6299780","KN297159v1","1746938","1747242","41","4552527"
"chr1","6301189","6301499","KN295533v1","2511717","2512017","40","3789472"
"chr1","6306366","6306676","KN295487v1","52973","53281","35","6253393"
"chr1","6307842","6308124","KN295893v1","729257","729542","43","5578585"
"chr1","6316930","6317254","KN294520v1","15192","15501","54","6301738"
"chr1","6345122","6345421","KN294571v1","1575904","1576204","34","4769218"
"chr1","6350634","6350935","KN294964v1","1832698","1833002","29","4517936"
"chr1","6358643","6358926","KN296063v1","1305022","1305305","46","5053621"
"chr1","6379631","6379852","KN295441v1","1457453","1457675","40","4922178"
"chr1","6380711","6381010","KN294456v1","1098138","1098439","35","5282573"
"chr1","6389109","6389413","KN296311v1","768493","768797","36","5620616"
"chr1","6397642","6397955","KN294385v1","510756","511057","43","5886886"
"chr1","6404631","6404920","KN297146v1","129898","130192","47","6274733"
"chr1","6406933","6407233","KN294291v1","827729","828028","37","5579204"
"chr1","6445777","6446006","KN295441v1","1457453","1457675","26","4988324"
"chr1","6446472","6446782","KN295748v1","161587","161896","35","6284885"
"chr1","6481748","6482056","KN296138v1","98488","98788","40","6383260"
"chr1","6505553","6505851","KN294917v1","405138","405434","40","6100415"
"chr1","6511128","6511429","KN297023v1","480259","480560","34","6030869"
"chr1","6516964","6517266","KN295748v1","161587","161896","45","6355377"
"chr1","6521668","6521971","KN295154v1","188282","188584","41","6333386"
"chr1","6533133","6533407","KN295708v1","2842235","2842508","41","3690898"
"chr1","6554297","6554506","KN295977v1","1276894","1277103","40","5277403"
"chr1","6555453","6555736","KN296290v1","912362","912646","42","5643091"
"chr1","6600984","6601277","KN294501v1","4140225","4140518","52","2460759"
"chr1","6613723","6614014","KN296381v1","114561","114857","46","6499162"
"chr1","6614216","6614529","KN296167v1","450049","450355","39","6164167"
"chr1","6624531","6624768","KN295405v1","757351","757593","46","5867180"
"chr1","6626187","6626491","KN294378v1","1504358","1504668","46","5121829"
"chr1","6627235","6627502","KN297307v1","463036","463327","51","6164199"
"chr1","6644178","6644476","KN295962v1","1884512","1884811","30","4759666"
"chr1","6664468","6664772","KN294613v1","327601","327901","37","6336867"
"chr1","6668861","6669142","KN295474v1","1438594","1438859","47","5230267"
"chr1","6688840","6689147","KN294561v1","1084406","1084703","47","5604434"
"chr1","6689778","6690075","KN294181v1","1637460","1637759","43","5052318"
"chr1","6703661","6703963","KN294571v1","890748","891049","32","5812913"
"chr1","6704622","6704926","KN294809v1","1033430","1033730","41","5671192"
"chr1","6706374","6706653","KN296086v1","519864","520141","35","6186510"
"chr1","6708082","6708390","KN295623v1","422082","422390","37","6286000"
"chr1","6718322","6718617","KN294193v1","425211","425504","39","6293111"
"chr1","6720000","6720308","KN295586v1","1244707","1245017","36","5475293"
"chr1","6733451","6733724","KN296955v1","128316","128596","47","6605135"
"chr1","6756738","6757042","KN296643v1","852402","852709","34","5904336"
"chr1","6764082","6764380","KN294558v1","533117","533418","42","6230965"
"chr1","6769963","6770202","KN295835v1","199186","199432","42","6570777"
"chr1","6774447","6774759","KN294613v1","479555","479865","40","6294892"
"chr1","6816437","6816740","KN296859v1","1611248","1611550","38","5205189"
"chr1","6859266","6859576","KN294592v1","1036828","1037126","42","5822438"
"chr1","6947808","6948115","KN297442v1","1612430","1612738","40","5335378"
"chr1","6974474","6974666","KN295533v1","1763610","1763792","32","5210864"
"chr1","7014246","7014552","KN294218v1","173699","174003","43","6840547"
"chr1","7021436","7021746","KN294957v1","62097","62408","32","6959339"
"chr1","7029612","7029932","KN295459v1","1030536","1030859","45","5999076"
"chr1","7036410","7036721","KN297105v1","2952369","2952682","31","4084041"
"chr1","7047606","7047887","KN296833v1","94676","94959","43","6952930"
"chr1","7078281","7078498","KN294874v1","126189","126410","32","6952092"
"chr1","7079903","7080186","KN295561v1","109790","110077","43","6970113"
"chr1","7160280","7160577","KN294456v1","1098138","1098439","40","6062142"
"chr1","7165642","7165936","KN294558v1","560208","560501","37","6605434"
"chr1","7186296","7186592","KN294193v1","425211","425504","34","6761085"
"chr1","7225194","7225490","KN294526v1","334958","335253","41","6890236"
"chr1","7228609","7228907","KN295998v1","154789","155089","34","7073820"
"chr1","7229166","7229476","KN295315v1","1044372","1044679","50","6184794"
"chr1","7240556","7240828","KN294883v1","180119","180387","43","7060437"
"chr1","7259160","7259467","KN296495v1","962835","963136","39","6296325"
"chr1","7268815","7269121","KN295571v1","1155767","1156067","42","6113048"
"chr1","7271589","7271854","KN294325v1","1269746","1270001","59","6001843"
"chr1","7321048","7321258","KN294509v1","178587","178797","30","7142461"
"chr1","7327723","7328014","KN296547v1","1900356","1900651","38","5427367"
"chr1","7352125","7352440","KN296484v1","351750","352061","41","7000375"
"chr1","7368494","7368801","KN294407v1","3027269","3027567","34","4341225"
"chr1","7418511","7418814","KN294933v1","554050","554346","40","6864461"
"chr1","7582818","7583125","KN295922v1","130002","130315","40","7452816"
"chr1","7652365","7652671","KN294991v1","688885","689191","40","6963480"
"chr1","7722594","7722896","KN294873v1","1663394","1663694","40","6059200"
"chr1","7726045","7726343","KN295923v1","880754","881043","39","6845291"
"chr1","7738574","7738882","KN296502v1","1221219","1221521","45","6517355"
"chr1","7744526","7744765","KN295405v1","757351","757593","49","6987175"
"chr1","7748252","7748550","KN294539v1","1287945","1288241","38","6460307"
"chr1","7778883","7779192","KN295571v1","513084","513393","38","7265799"
"chr1","7780361","7780651","KN294269v1","1190734","1191020","43","6589627"
"chr1","7804389","7804667","KN297320v1","271981","272275","43","7532408"
"chr1","7804851","7805025","KN295893v1","7122703","7122872","24","682148"
"chr1","7826409","7826701","KN296649v1","502099","502397","30","7324310"
"chr1","7855178","7855474","KN295315v1","1175116","1175414","34","6680062"
"chr1","7860511","7860770","KN294172v1","1540690","1540957","42","6319821"
"chr1","7862044","7862321","KN296266v1","2875","3156","36","7859169"
"chr1","7866026","7866325","KN294446v1","240983","241287","45","7625043"
"chr1","7867180","7867487","KN294539v1","1287945","1288241","43","6579235"
"chr1","7872615","7872920","KN294777v1","371314","371618","39","7501301"
"chr1","7898380","7898645","KN296119v1","2797130","2797396","37","5101250"
"chr1","7899530","7899844","KN296079v1","686222","686522","50","7213308"
"chr1","7902140","7902436","KN294470v1","2136945","2137241","34","5765195"
"chr1","7907563","7907851","KN294662v1","218243","218524","54","7689320"
"chr1","7910155","7910438","KN297180v1","374532","374813","46","7535623"
"chr1","7911367","7911668","KN295735v1","979548","979848","35","6931819"
"chr1","7918183","7918480","KN295735v1","713972","714275","29","7204211"
"chr1","7930840","7931131","KN295571v1","203398","203695","34","7727442"
"chr1","7932970","7933255","KN294407v1","3027269","3027567","41","4905701"
"chr1","7941409","7941677","KN296486v1","1050017","1050292","50","6891392"
"chr1","7941690","7941995","KN296404v1","1183469","1183770","39","6758221"
"chr1","7958253","7958567","KN294957v1","62097","62408","35","7896156"
"chr1","7965139","7965450","KN295315v1","133371","133680","38","7831768"
"chr1","7965477","7965786","KN295523v1","3240586","3240897","40","4724891"
"chr1","7969937","7970236","KN295090v1","242110","242415","51","7727827"
"chr1","7988429","7988745","KN297094v1","78966","79289","51","7909463"
"chr1","7995008","7995302","KN295057v1","262113","262411","45","7732895"
"chr1","7999184","7999422","KN295405v1","757351","757593","56","7241833"
"chr1","8004964","8005244","KN296921v1","541331","541611","34","7463633"
"chr1","8015030","8015326","KN296158v1","1598041","1598336","38","6416989"
"chr1","8039962","8040262","KN294470v1","2136945","2137241","39","5903017"
"chr1","8043830","8044131","KN296306v1","3686137","3686439","41","4357693"
"chr1","8045365","8045551","KN296426v1","64367","64561","36","7980998"
"chr1","8052501","8052809","KN296643v1","852402","852709","41","7200099"
"chr1","8054119","8054414","KN296743v1","2392400","2392688","36","5661719"
"chr1","8054598","8054892","KN296750v1","659202","659498","35","7395396"
"chr1","8058112","8058419","KN294630v1","349899","350210","40","7708213"
"chr1","8067514","8067826","KN295074v1","343353","343661","41","7724161"
"chr1","8089601","8089906","KN296829v1","581505","581808","43","7508096"
"chr1","8103625","8103922","KN295987v1","138341","138634","39","7965284"
"chr1","8104543","8104821","KN294207v1","761912","762189","43","7342631"
"chr1","8106797","8107087","KN296311v1","7880078","7880365","35","226719"
"chr1","8109244","8109544","KN294325v1","1316006","1316298","37","6793238"
"chr1","8131433","8131733","KN294879v1","76546","76849","42","8054887"
"chr1","8159749","8160053","KN297023v1","480259","480560","31","7679490"
"chr1","8170569","8170862","KN296726v1","808997","809301","43","7361572"
"chr1","8172076","8172249","KN294957v1","73265","73439","26","8098811"
"chr1","8172508","8172608","KN295930v1","759246","759325","44","7413262"
"chr1","8174016","8174221","KN296391v1","178234","178452","35","7995782"
"chr1","8174529","8174618","KN295236v1","3329913","3330000","16","4844616"
"chr1","8194110","8194419","KN294705v1","186396","186702","39","8007714"
"chr1","8232116","8232432","KN294995v1","15599","15901","45","8216517"
"chr1","8234517","8234815","KN295967v1","1069377","1069670","37","7165140"
"chr1","8237430","8237734","KN297263v1","1219642","1219940","45","7017788"
"chr1","8241806","8242115","KN295607v1","4377455","4377758","34","3864351"
"chr1","8244370","8244643","KN294187v1","1336441","1336715","44","6907929"
"chr1","8253722","8254023","KN294456v1","1098138","1098439","32","7155584"
"chr1","8275429","8275727","KN294539v1","1287945","1288241","33","6987484"
"chr1","8288833","8289131","KN295420v1","208371","208668","33","8080462"
"chr1","8296848","8297154","KN295610v1","501770","502075","39","7795078"
"chr1","8310599","8310896","KN295667v1","2471075","2471376","28","5839524"
"chr1","8318326","8318633","KN295667v1","2463242","2463552","33","5855084"
"chr1","8348778","8349075","KN295667v1","2437690","2437990","27","5911088"
"chr1","8357525","8357845","KN295996v1","133342","133652","41","8224183"
"chr1","8410352","8410644","KN297047v1","3548203","3548491","53","4862149"
"chr1","8421707","8421922","KN296426v1","64367","64561","46","8357340"
"chr1","8490663","8490963","KN295667v1","2298428","2298719","40","6192235"
"chr1","8524883","8525188","KN295667v1","2257120","2257421","29","6267763"
"chr1","8526072","8526395","KN294458v1","252365","252682","56","8273707"
"chr1","8532181","8532447","KN295667v1","2249522","2249779","46","6282659"
"chr1","8532737","8533049","KN295667v1","2248625","2248933","43","6284112"
"chr1","8564111","8564418","KN295667v1","2213701","2213993","38","6350410"
"chr1","8568093","8568390","KN295667v1","2211447","2211746","28","6356646"
"chr1","8595685","8595977","KN297233v1","523000","523293","42","8072685"
"chr1","8606680","8606985","KN295667v1","2171725","2172028","31","6434955"
"chr1","8625717","8626023","KN296153v1","1336190","1336496","42","7289527"
"chr1","8677643","8677950","KN295667v1","2099722","2100023","37","6577921"
"chr1","8709822","8710123","KN295667v1","2066689","2066998","44","6643133"
"chr1","8712957","8713259","KN295667v1","2063218","2063519","30","6649739"
"chr1","8714117","8714401","KN297190v1","1120539","1120821","32","7593578"
"chr1","8714818","8715121","KN295667v1","2061006","2061309","26","6653812"
"chr1","8740609","8740900","KN294592v1","884515","884808","43","7856094"
"chr1","8745387","8745680","KN295667v1","2031000","2031296","27","6714387"
"chr1","8754084","8754389","KN297219v1","1595509","1595815","48","7158575"
"chr1","8795333","8795644","KN295667v1","1988205","1988513","29","6807128"
"chr1","8802159","8802455","KN295315v1","718261","718558","39","8083898"
"chr1","8805401","8805696","KN295667v1","1978096","1978391","24","6827305"
"chr1","8810319","8810624","KN295667v1","1972428","1972733","31","6837891"
"chr1","8815747","8816056","KN295667v1","1966915","1967223","22","6848832"
"chr1","8820964","8821279","KN295667v1","1961678","1961981","38","6859286"
"chr1","8822646","8822962","KN295667v1","1960002","1960321","23","6862644"
"chr1","8827862","8828030","KN296153v1","2506068","2506242","30","6321794"
"chr1","8829105","8829382","KN295667v1","1951726","1952003","22","6877379"
"chr1","8833847","8834136","KN295667v1","1946774","1947053","43","6887073"
"chr1","8845100","8845409","KN295667v1","1934020","1934331","25","6911080"
"chr1","8847633","8847937","KN295667v1","1931519","1931820","29","6916114"
"chr1","8852971","8853270","KN294917v1","401690","401984","36","8451281"
"chr1","8861108","8861415","KN295667v1","1912634","1912943","30","6948474"
"chr1","8866996","8867265","KN294372v1","1056997","1057262","44","7809999"
"chr1","8870771","8871070","KN295667v1","1902937","1903233","31","6967834"
"chr1","8872336","8872645","KN295667v1","1901392","1901695","36","6970944"
"chr1","8874713","8875017","KN295667v1","1898542","1898841","28","6976171"
"chr1","8885830","8886084","KN295667v1","1887188","1887446","37","6998642"
"chr1","8910303","8910604","KN296311v1","854862","855163","46","8055441"
"chr1","8923152","8923452","KN295032v1","307103","307398","42","8616049"
"chr1","8929037","8929348","KN295667v1","1841243","1841553","27","7087794"
"chr1","8929934","8930241","KN295667v1","1840349","1840660","25","7089585"
"chr1","8949937","8950249","KN295667v1","1815738","1816050","32","7134199"
"chr1","8966947","8967248","KN295667v1","1801623","1801910","39","7165324"
"chr1","8977242","8977551","KN295667v1","1788469","1788755","43","7188773"
"chr1","8978199","8978503","KN295667v1","1787482","1787781","27","7190717"
"chr1","8983596","8983898","KN294407v1","1559420","1559718","31","7424176"
"chr1","8987331","8987625","KN295667v1","1779401","1779692","36","7207930"
"chr1","8987830","8988133","KN294592v1","1225948","1226246","41","7761882"
"chr1","8990470","8990770","KN296775v1","1038271","1038573","42","7952199"
"chr1","8991669","8991975","KN295667v1","1776036","1776334","38","7215633"
"chr1","8993227","8993533","KN294761v1","1564747","1565053","44","7428480"
"chr1","9015375","9015661","KN295667v1","1755805","1756090","29","7259570"
"chr1","9016294","9016590","KN297245v1","2638141","2638421","52","6378153"
"chr1","9020753","9021062","KN294420v1","422672","422977","41","8598081"
"chr1","9024451","9024757","KN296732v1","3482334","3482632","31","5542117"
"chr1","9032599","9032881","KN295667v1","1736580","1736857","37","7296019"
"chr1","9050701","9050983","KN295205v1","1144902","1145175","42","7905799"
"chr1","9074825","9075136","KN295667v1","1695804","1696115","14","7379021"
"chr1","9081286","9081593","KN295667v1","1690509","1690832","38","7390777"
"chr1","9096991","9097266","KN295667v1","1672203","1672483","33","7424788"
"chr1","9099633","9099928","KN295667v1","1669659","1669961","31","7429974"
"chr1","9128945","9129223","KN297274v1","1058373","1058652","34","8070572"
"chr1","9134061","9134363","KN296306v1","3686137","3686439","29","5447924"
"chr1","9142641","9142953","KN295667v1","1625435","1625735","41","7517206"
"chr1","9157300","9157611","KN294592v1","1321409","1321720","42","7835891"
"chr1","9157977","9158273","KN295667v1","1610629","1610924","35","7547348"
"chr1","9165342","9165600","KN296153v1","3797165","3797411","51","5368177"
"chr1","9169274","9169583","KN296635v1","2387021","2387331","31","6782253"
"chr1","9182609","9182921","KN295667v1","1588799","1589113","25","7593810"
"chr1","9197280","9197570","KN294407v1","637394","637683","32","8559886"
"chr1","9212911","9213201","KN295667v1","1560976","1561272","30","7651935"
"chr1","9215141","9215310","KN295236v1","3763431","3763609","32","5451710"
"chr1","9259273","9259569","KN295667v1","1517573","1517880","35","7741700"
"chr1","9260479","9260773","KN294539v1","1287945","1288241","34","7972534"
"chr1","9260870","9261164","KN295114v1","157283","157573","38","9103587"
"chr1","9261717","9261970","KN295236v1","1825213","1825477","42","7436504"
"chr1","9277050","9277340","KN295667v1","1560976","1561272","30","7716074"
"chr1","9279280","9279449","KN295236v1","3763431","3763609","32","5515849"
"chr1","9320377","9320673","KN295667v1","1517573","1517880","35","7802804"
"chr1","9321583","9321877","KN294539v1","1287945","1288241","34","8033638"
"chr1","9321974","9322268","KN295114v1","157283","157573","38","9164691"
"chr1","9322821","9323074","KN295236v1","1825213","1825477","42","7497608"
"chr1","9329775","9330063","KN295667v1","1510401","1510706","35","7819374"
"chr1","9331594","9331863","KN295667v1","1508619","1508879","39","7822975"
"chr1","9358404","9358710","KN295667v1","1481997","1482304","29","7876407"
"chr1","9365815","9366106","KN296809v1","909370","909660","37","8456445"
"chr1","9379288","9379581","KN295667v1","1458957","1459248","29","7920331"
"chr1","9405763","9406072","KN295667v1","1431587","1431885","29","7974176"
"chr1","9425973","9426275","KN297245v1","1416081","1416379","37","8009892"
"chr1","9441170","9441467","KN296311v1","768493","768797","33","8672677"
"chr1","9447939","9448203","KN295667v1","1390282","1390554","22","8057657"
"chr1","9473379","9473667","KN294911v1","1390696","1390976","54","8082683"
"chr1","9485417","9485705","KN296383v1","83377","83676","42","9402040"
"chr1","9493314","9493628","KN295667v1","1346648","1346961","20","8146666"
"chr1","9509840","9510072","KN295405v1","757351","757593","48","8752489"
"chr1","9510264","9510572","KN294957v1","62097","62408","40","9448167"
"chr1","9522641","9522795","KN295480v1","3253296","3253454","24","6269345"
"chr1","9525593","9525876","KN295667v1","1312596","1312884","36","8212997"
"chr1","9525877","9526137","KN295667v1","1312338","1312595","48","8213539"
"chr1","9526140","9526174","KN295605v1","731068","731107","10","8795072"
"chr1","9527043","9527352","KN296357v1","431311","431620","37","9095732"
"chr1","9538352","9538646","KN295871v1","615076","615373","30","8923276"
"chr1","9545566","9545866","KN295523v1","4197217","4197513","40","5348349"
"chr1","9553520","9553819","KN295430v1","2554896","2555197","34","6998624"
"chr1","9559047","9559376","KN295667v1","1277876","1278194","30","8281171"
"chr1","9563611","9563925","KN295667v1","1273392","1273710","33","8290219"
"chr1","9565633","9565934","KN295667v1","1271012","1271315","32","8294621"
"chr1","9571966","9572278","KN295667v1","1265662","1265959","38","8306304"
"chr1","9576349","9576658","KN295667v1","1261205","1261509","45","8315144"
"chr1","9577450","9577716","KN296096v1","1429416","1429683","42","8148034"
"chr1","9579453","9579770","KN295667v1","1258018","1258319","38","8321435"
"chr1","9581412","9581721","KN294245v1","511576","511887","32","9069836"
"chr1","9589762","9590055","KN295420v1","208371","208668","34","9381391"
"chr1","9600617","9600911","KN295667v1","1234296","1234582","31","8366321"
"chr1","9602287","9602571","KN297046v1","1720911","1721193","37","7881376"
"chr1","9607435","9607718","KN295366v1","124181","124471","35","9483254"
"chr1","9615371","9615668","KN295667v1","1226555","1226854","29","8388816"
"chr1","9622200","9622469","KN294911v1","1390696","1390976","51","8231504"
"chr1","9623618","9623902","KN296119v1","588950","589232","44","9034668"
"chr1","9625241","9625562","KN295667v1","1215302","1215606","42","8409939"
"chr1","9645258","9645558","KN296311v1","2834706","2835009","41","6810552"
"chr1","9657989","9658076","KN296557v1","250189","250273","33","9407800"
"chr1","9662657","9662838","KN296153v1","3305899","3306083","28","6356758"
"chr1","9663938","9664251","KN296157v1","885718","886029","42","8778220"
"chr1","9677423","9677703","KN295667v1","1160918","1161188","36","8516505"
"chr1","9681834","9682116","KN296732v1","1323583","1323860","40","8358251"
"chr1","9682176","9682424","KN294964v1","837958","838213","62","8844218"
"chr1","9696352","9696623","KN296938v1","974481","974751","42","8721871"
"chr1","9698032","9698279","KN297186v1","50383","50628","47","9647649"
"chr1","9721485","9721680","KN295117v1","248936","249134","38","9472549"
"chr1","9725737","9726031","KN295667v1","1112968","1113262","29","8612769"
"chr1","9737538","9737830","KN295366v1","124181","124471","35","9613357"
"chr1","9743021","9743293","KN297171v1","2628817","2629092","38","7114204"
"chr1","9744646","9744957","KN295667v1","1095287","1095607","37","8649359"
"chr1","9745968","9746241","KN295441v1","1228670","1228953","62","8517298"
"chr1","9746895","9747218","KN295667v1","1092218","1092523","47","8654677"
"chr1","9752173","9752475","KN294446v1","240983","241287","43","9511190"
"chr1","9779543","9779843","KN295667v1","1061564","1061858","34","8717979"
"chr1","9783186","9783510","KN296907v1","135138","135448","44","9648048"
"chr1","9793374","9793683","KN297408v1","42945","43252","34","9750429"
"chr1","9811294","9811586","KN295667v1","1034894","1035192","36","8776400"
"chr1","9819435","9819720","KN294170v1","66663","66947","45","9752772"
"chr1","9845734","9846030","KN295871v1","542479","542775","33","9303255"
"chr1","9858720","9859012","KN296859v1","1270289","1270582","46","8588431"
"chr1","9859773","9860019","KN295667v1","986650","986885","32","8873123"
"chr1","9863062","9863390","KN295195v1","498294","498629","50","9364768"
"chr1","9870612","9870913","KN294539v1","1287945","1288241","36","8582667"
"chr1","9874879","9875180","KN295430v1","2554896","2555197","32","7319983"
"chr1","9878492","9878777","KN295708v1","2784035","2784327","44","7094457"
"chr1","9882254","9882571","KN295667v1","962285","962594","35","8919969"
"chr1","9882881","9883175","KN296557v1","18517","18814","34","9864364"
"chr1","9897906","9898215","KN295846v1","24517","24819","40","9873389"
"chr1","9903277","9903569","KN294181v1","1424178","1424469","38","8479099"
"chr1","9903603","9903952","KN295596v1","3344205","3344548","72","6559398"
"chr1","9908180","9908486","KN295667v1","935547","935849","38","8972633"
"chr1","9925221","9925519","KN295667v1","922992","923286","23","9002229"
"chr1","9928009","9928297","KN295667v1","919962","920250","28","9008047"
"chr1","9933496","9933785","KN295667v1","914483","914772","22","9019013"
"chr1","9939494","9939795","KN295667v1","908881","909176","33","9030613"
"chr1","9942111","9942411","KN295667v1","908881","909176","32","9033230"
"chr1","9943412","9943682","KN296158v1","1300156","1300415","45","8643256"
"chr1","9948237","9948549","KN295667v1","902658","902973","37","9045579"
"chr1","9949420","9949709","KN295667v1","901228","901512","23","9048192"
"chr1","9981583","9981868","KN295667v1","866761","867045","34","9114822"
"chr1","9983798","9984107","KN294345v1","1184842","1185136","45","8798956"
"chr1","9991500","9991811","KN295667v1","857422","857720","39","9134078"
"chr1","10010641","10010932","KN295667v1","836894","837192","32","9173747"
"chr1","10013108","10013272","KN296281v1","205219","205386","27","9807889"
"chr1","10022615","10022917","KN294995v1","15599","15901","37","10007016"
"chr1","10029694","10029986","KN295667v1","819253","819539","24","9210441"
"chr1","10030625","10030928","KN294407v1","1559420","1559718","40","8471205"
"chr1","10034144","10034455","KN294407v1","2157068","2157379","35","7877076"
"chr1","10040064","10040354","KN295667v1","809672","809961","30","9230392"
"chr1","10060680","10060970","KN297200v1","488245","488538","42","9572435"
"chr1","10069035","10069279","KN295835v1","199186","199432","47","9869849"
"chr1","10069321","10069627","KN296732v1","505664","505970","35","9563657"
"chr1","10070433","10070731","KN296263v1","810253","810550","35","9260180"
"chr1","10085942","10086233","KN295667v1","772566","772863","32","9313376"
"chr1","10086553","10086827","KN295667v1","771929","772203","27","9314624"
"chr1","10104690","10104985","KN295667v1","753258","753543","28","9351432"
"chr1","10110307","10110578","KN295667v1","748271","748555","37","9362036"
"chr1","10116850","10117160","KN294262v1","2535750","2536054","47","7581100"
"chr1","10125516","10125821","KN295667v1","731443","731743","22","9394073"
"chr1","10129523","10129829","KN296322v1","2692700","2693002","46","7436823"
"chr1","10135342","10135641","KN295814v1","1261993","1262292","35","8873349"
"chr1","10143863","10144131","KN295633v1","1133330","1133601","36","9010533"
"chr1","10144509","10144569","KN296743v1","1948518","1948571","19","8195991"
"chr1","10145143","10145361","KN295667v1","707555","707779","27","9437588"
"chr1","10164355","10164473","KN295708v1","1589585","1589715","35","8574770"
"chr1","10187236","10187537","KN295667v1","663000","663290","34","9524236"
"chr1","10189110","10189399","KN295244v1","411038","411330","35","9778072"
"chr1","10190525","10190825","KN295708v1","1536667","1536965","36","8653858"
"chr1","10199243","10199551","KN295667v1","649920","650230","28","9549323"
"chr1","10207703","10208019","KN295667v1","640332","640645","29","9567371"
"chr1","10211388","10211689","KN296311v1","4988428","4988739","44","5222960"
"chr1","10214633","10214929","KN295406v1","143786","144080","44","10070847"
"chr1","10219485","10219767","KN295667v1","634286","634568","22","9585199"
"chr1","10225378","10225689","KN295301v1","761923","762233","39","9463455"
"chr1","10244765","10245066","KN295667v1","608675","608974","38","9636090"
"chr1","10246836","10247130","KN295667v1","606581","606875","32","9640255"
"chr1","10267368","10267656","KN295667v1","587053","587347","35","9680315"
"chr1","10271465","10271762","KN294501v1","4140225","4140518","43","6131240"
"chr1","10272599","10272910","KN294548v1","328774","329084","33","9943825"
"chr1","10276759","10277059","KN296620v1","349918","350214","40","9926841"
"chr1","10279974","10280285","KN296404v1","1183469","1183770","40","9096505"
"chr1","10288680","10288878","KN296394v1","101479","101671","42","10187201"
"chr1","10310821","10311119","KN294269v1","550588","550887","33","9760233"
"chr1","10321343","10321652","KN295667v1","524152","524440","53","9797191"
"chr1","10324184","10324470","KN295667v1","521170","521451","32","9803014"
"chr1","10327428","10327723","KN295667v1","516536","516834","31","9810892"
"chr1","10335848","10336044","KN295281v1","230944","231144","58","10104904"
"chr1","10336055","10336327","KN295987v1","1241626","1241902","47","9094429"
"chr1","10346601","10346914","KN294957v1","62097","62408","42","10284504"
"chr1","10352730","10352959","KN295667v1","489644","489869","18","9863086"
"chr1","10353231","10353528","KN295667v1","489081","489375","30","9864150"
"chr1","10353903","10354213","KN296093v1","33319","33627","41","10320584"
"chr1","10369912","10370219","KN295667v1","471429","471734","30","9898483"
"chr1","10374323","10374625","KN295667v1","466562","466864","25","9907761"
"chr1","10376289","10376500","KN294147v1","1651981","1652179","44","8724308"
"chr1","10378522","10378764","KN296307v1","88094","88346","39","10290428"
"chr1","10393219","10393525","KN295667v1","446463","446767","24","9946756"
"chr1","10419540","10419822","KN295667v1","417699","417989","30","10001841"
"chr1","10420963","10421258","KN295667v1","416259","416563","31","10004704"
"chr1","10434000","10434311","KN295667v1","402984","403290","22","10031016"
"chr1","10434761","10435064","KN295667v1","402246","402551","30","10032515"
"chr1","10455400","10455695","KN294378v1","1108033","1108325","35","9347367"
"chr1","10480723","10481021","KN295601v1","3238589","3238887","27","7242134"
"chr1","10487471","10487778","KN295667v1","347807","348104","31","10139664"
"chr1","10493846","10494121","KN296498v1","39342","39625","37","10454504"
"chr1","10506573","10506872","KN295343v1","729289","729587","30","9777284"
"chr1","10544084","10544374","KN296732v1","3482334","3482632","41","7061750"
"chr1","10552204","10552515","KN296442v1","417977","418281","43","10134227"
"chr1","10558096","10558403","KN296588v1","289027","289334","40","10269069"
"chr1","10558779","10559090","KN295667v1","281843","282149","33","10276936"
"chr1","10578869","10579174","KN295667v1","262203","262493","38","10316666"
"chr1","10580009","10580288","KN294172v1","822922","823215","44","9757087"
"chr1","10581705","10581758","KN294187v1","1105507","1105554","16","9476198"
"chr1","10582105","10582280","KN294957v1","73265","73439","31","10508840"
"chr1","10589721","10590027","KN295667v1","252477","252779","34","10337244"
"chr1","10590957","10591203","KN295667v1","250431","250671","22","10340526"
"chr1","10599134","10599420","KN295667v1","242293","242588","29","10356841"
"chr1","10603022","10603320","KN295667v1","238216","238510","25","10364806"
"chr1","10603745","10604044","KN295667v1","237526","237806","37","10366219"
"chr1","10604748","10605035","KN294526v1","334958","335253","37","10269790"
"chr1","10608381","10608676","KN296153v1","4098692","4098984","34","6509689"
"chr1","10611025","10611264","KN295405v1","757351","757593","41","9853674"
"chr1","10622900","10623200","KN295667v1","216653","216917","54","10406247"
"chr1","10675586","10675866","KN294147v1","1191891","1192182","43","9483695"
"chr1","10681470","10681770","KN297154v1","1028437","1028736","32","9653033"
"chr1","10697027","10697331","KN296732v1","3243055","3243359","41","7453972"
"chr1","10708722","10709040","KN295667v1","131777","132094","39","10576945"
"chr1","10734264","10734572","KN296158v1","1175251","1175559","35","9559013"
"chr1","10736130","10736438","KN295929v1","457065","457374","41","10279065"
"chr1","10754623","10754929","KN295667v1","87889","88195","23","10666734"
"chr1","10809231","10809539","KN295667v1","34552","34861","24","10774679"
"chr1","10858484","10858725","KN294513v1","904644","904897","56","9953840"
"chr1","10934350","10934660","KN295433v1","250702","251008","27","10683648"
"chr1","10935362","10935659","KN294949v1","612975","613269","33","10322387"
"chr1","10947140","10947449","KN295459v1","673095","673397","38","10274045"
"chr1","10950418","10950738","KN296795v1","533042","533366","53","10417376"
"chr1","10951386","10951691","KN297320v1","1223277","1223582","32","9728109"
"chr1","10962311","10962622","KN295607v1","3855460","3855770","43","7106851"
"chr1","10966786","10967092","KN295923v1","1114641","1114942","37","9852145"
"chr1","10972998","10973221","KN296643v1","363205","363447","50","10609793"
"chr1","10988993","10989302","KN296484v1","351750","352061","46","10637243"
"chr1","11016344","11016634","KN296119v1","3732708","3732993","44","7283636"
"chr1","11026836","11027132","KN294539v1","1287945","1288241","36","9738891"
"chr1","11052567","11052824","KN296569v1","508351","508608","47","10544216"
"chr1","11059685","11059935","KN295854v1","1322040","1322283","46","9737645"
"chr1","11093589","11093912","KN295708v1","1431107","1431415","57","9662482"
"chr1","11101200","11101510","KN294803v1","119274","119577","40","10981926"
"chr1","11108003","11108317","KN294957v1","62097","62408","37","11045906"
"chr1","11117969","11118267","KN295430v1","2355601","2355902","38","8762368"
"chr1","11121919","11122226","KN296865v1","1757786","1758089","40","9364133"
"chr1","11130672","11130831","KN296747v1","128765","128916","29","11001907"
"chr1","11131652","11131948","KN296513v1","2367758","2368048","42","8763894"
"chr1","11133579","11133869","KN297112v1","5830412","5830708","40","5303167"
"chr1","11147265","11147415","KN294444v1","72417","72567","29","11074848"
"chr1","11149516","11149824","KN296306v1","3682608","3682916","36","7466908"
"chr1","11164717","11165011","KN294470v1","2136945","2137241","40","9027772"
"chr1","11169091","11169435","KN294848v1","692565","692912","65","10476526"
"chr1","11182963","11183176","KN295705v1","623338","623563","48","10559625"
"chr1","11205856","11206154","KN295523v1","316380","316680","37","10889476"
"chr1","11230123","11230417","KN296959v1","1150656","1150951","40","10079467"
"chr1","11239564","11239717","KN296311v1","7809500","7809656","25","3430064"
"chr1","11253134","11253419","KN296859v1","1581704","1581985","38","9671430"
"chr1","11309924","11310228","KN294456v1","1098138","1098439","35","10211786"
"chr1","11318329","11318502","KN295075v1","627217","627394","32","10691112"
"chr1","11329409","11329709","KN294339v1","67934","68234","48","11261475"
"chr1","11375084","11375382","KN294539v1","1287945","1288241","39","10087139"
"chr1","11393902","11394198","KN296810v1","82391","82687","32","11311511"
"chr1","11399936","11400234","KN295573v1","21714","22006","43","11378222"
"chr1","11401649","11401948","KN294501v1","4140225","4140518","30","7261424"
"chr1","11406100","11406384","KN294747v1","746231","746516","41","10659869"
"chr1","11408971","11409264","KN295057v1","262113","262411","35","11146858"
"chr1","11414511","11414791","KN296322v1","1848889","1849185","54","9565622"
"chr1","11416637","11416937","KN294372v1","299717","300027","42","11116920"
"chr1","11437432","11437726","KN294917v1","405138","405434","32","11032294"
"chr1","11454674","11454970","KN297070v1","383901","384195","33","11070773"
"chr1","11467927","11468108","KN295930v1","759567","759739","36","10708360"
"chr1","11468724","11469010","KN296948v1","1368275","1368552","58","10100449"
"chr1","11476928","11477228","KN296404v1","1150048","1150343","34","10326880"
"chr1","11491138","11491436","KN295459v1","1416836","1417149","48","10074302"
"chr1","11515861","11516168","KN297019v1","770479","770786","41","10745382"
"chr1","11523855","11524171","KN294960v1","1141","1447","52","11522714"
"chr1","11535320","11535608","KN294229v1","67784","68074","32","11467536"
"chr1","11537968","11538266","KN294378v1","1310611","1310912","37","10227357"
"chr1","11570456","11570755","KN297133v1","453124","453424","33","11117332"
"chr1","11570866","11571152","KN295930v1","518904","519188","40","11051962"
"chr1","11571295","11571579","KN296623v1","294333","294614","41","11276962"
"chr1","11575271","11575561","KN296119v1","2442035","2442323","38","9133236"
"chr1","11591472","11591782","KN294957v1","62097","62408","39","11529375"
"chr1","11601678","11601983","KN296732v1","505664","505970","34","11096014"
"chr1","11612627","11612910","KN294758v1","2690270","2690550","38","8922357"
"chr1","11687251","11687568","KN294193v1","765791","766099","47","10921460"
"chr1","11739119","11739440","KN296508v1","1988194","1988500","51","9750925"
"chr1","11750764","11751063","KN296036v1","930461","930770","43","10820303"
"chr1","11788687","11788983","KN296290v1","722423","722718","39","11066264"
"chr1","11800878","11801171","KN296145v1","2451188","2451482","32","9349690"
"chr1","11814013","11814185","KN294957v1","73265","73439","28","11740748"
"chr1","11814631","11814937","KN295350v1","1073880","1074192","47","10740751"
"chr1","11814940","11815221","KN297442v1","1688631","1688910","35","10126309"
"chr1","11818098","11818398","KN294499v1","1196345","1196649","39","10621753"
"chr1","11833501","11833770","KN294604v1","515332","515604","41","11318169"
"chr1","11866059","11866365","KN296577v1","850879","851183","41","11015180"
"chr1","11868994","11869282","KN296096v1","838711","839001","37","11030283"
"chr1","11890402","11890709","KN294446v1","240983","241287","37","11649419"
"chr1","11910012","11910322","KN294224v1","953970","954275","39","10956042"
"chr1","11929699","11929996","KN297023v1","480259","480560","36","11449440"
"chr1","11931335","11931643","KN295090v1","2486557","2486869","38","9444778"
"chr1","11950580","11950881","KN295607v1","4377455","4377758","37","7573125"
"chr1","11979782","11980092","KN296167v1","450049","450355","36","11529733"
"chr1","12020382","12020654","KN297158v1","43249","43522","31","11977133"
"chr1","12021493","12021802","KN294921v1","240348","240658","43","11781145"
"chr1","12025750","12026048","KN294457v1","990718","991014","41","11035032"
"chr1","12048026","12048258","KN296921v1","438156","438387","36","11609870"
"chr1","12078246","12078546","KN294933v1","813835","814142","38","11264411"
"chr1","12082900","12083169","KN296948v1","1368275","1368552","39","10714625"
"chr1","12109408","12109710","KN294995v1","43965","44270","34","12065443"
"chr1","12109737","12109914","KN296281v1","205219","205386","42","11904518"
"chr1","12116436","12116738","KN294710v1","68748","69053","42","12047688"
"chr1","12126582","12126876","KN295330v1","233875","234177","43","11892707"
"chr1","12136521","12136824","KN295315v1","1178596","1178904","32","10957925"
"chr1","12137642","12137949","KN295090v1","631852","632162","36","11505790"
"chr1","12140596","12140868","KN296849v1","959281","959553","20","11181315"
"chr1","12156630","12156933","KN294456v1","592934","593237","39","11563696"
"chr1","12158208","12158408","KN297442v1","1659397","1659581","42","10498811"
"chr1","12160831","12161015","KN294172v1","4619816","4619989","37","7541015"
"chr1","12166359","12166621","KN296577v1","302331","302604","50","11864028"
"chr1","12166670","12166963","KN296849v1","933222","933515","33","11233448"
"chr1","12191439","12191726","KN295744v1","301745","302032","36","11889694"
"chr1","12191757","12192044","KN296849v1","908487","908787","34","11283270"
"chr1","12207363","12207658","KN296266v1","29852","30146","35","12177511"
"chr1","12207663","12207954","KN296145v1","3072127","3072422","36","9135536"
"chr1","12208414","12208644","KN295967v1","625826","626071","49","11582588"
"chr1","12212964","12213192","KN295967v1","625826","626071","49","11587138"
"chr1","12214877","12215187","KN294548v1","1161001","1161308","38","11053876"
"chr1","12244828","12245142","KN296849v1","852935","853243","32","11391893"
"chr1","12246257","12246556","KN296849v1","851512","851817","36","11394745"
"chr1","12248884","12249198","KN296849v1","848548","848857","24","11400336"
"chr1","12254223","12254517","KN295032v1","243252","243547","34","12010971"
"chr1","12254779","12255085","KN296849v1","842544","842855","33","11412235"
"chr1","12259796","12260105","KN296849v1","837419","837724","30","11422377"
"chr1","12261355","12261654","KN296009v1","1147876","1148169","46","11113479"
"chr1","12266152","12266442","KN294182v1","463025","463315","34","11803127"
"chr1","12298304","12298618","KN294825v1","396445","396749","42","11901859"
"chr1","12328131","12328392","KN296849v1","770298","770551","35","11557833"
"chr1","12343689","12343996","KN296849v1","754715","755026","38","11588974"
"chr1","12345692","12345987","KN295871v1","681623","681917","37","11664069"
"chr1","12356061","12356360","KN294257v1","1771672","1771973","47","10584389"
"chr1","12365970","12366269","KN295731v1","46961","47258","37","12319009"
"chr1","12369761","12370059","KN296849v1","731535","731830","29","11638226"
"chr1","12371046","12371347","KN294446v1","240983","241287","32","12130063"
"chr1","12385929","12386238","KN294548v1","1161001","1161308","40","11224928"
"chr1","12392307","12392612","KN296311v1","6355927","6356228","42","6036380"
"chr1","12409148","12409448","KN296849v1","688509","688816","26","11720639"
"chr1","12411789","12412086","KN296849v1","685626","685923","25","11726163"
"chr1","12412913","12413223","KN296849v1","684357","684668","25","11728556"
"chr1","12425601","12425908","KN296849v1","672044","672350","22","11753557"
"chr1","12439005","12439301","KN295075v1","236772","237067","30","12202233"
"chr1","12446607","12446902","KN296849v1","651665","651966","26","11794942"
"chr1","12469822","12470111","KN295666v1","836831","837120","33","11632991"
"chr1","12470258","12470558","KN295974v1","3009668","3009967","29","9460590"
"chr1","12491290","12491588","KN296849v1","602649","602946","17","11888641"
"chr1","12514178","12514468","KN294181v1","1703148","1703437","31","10811030"
"chr1","12536666","12536978","KN295571v1","513084","513393","38","12023582"
"chr1","12560882","12561190","KN296849v1","535269","535576","32","12025613"
"chr1","12586868","12587170","KN294790v1","428668","428977","41","12158200"
"chr1","12659610","12659914","KN295091v1","2259731","2260040","45","10399879"
"chr1","12665982","12666204","KN296643v1","363205","363447","50","12302777"
"chr1","12722022","12722323","KN297044v1","561559","561858","38","12160463"
"chr1","12722709","12722994","KN296019v1","412819","413103","31","12309890"
"chr1","12726462","12726760","KN296849v1","374120","374429","33","12352342"
"chr1","12742512","12742792","KN295750v1","151091","151370","29","12591421"
"chr1","12770890","12771188","KN296849v1","327290","327589","24","12443600"
"chr1","12771622","12771930","KN296825v1","561708","562013","41","12209914"
"chr1","12773808","12774064","KN296145v1","262211","262456","35","12511597"
"chr1","12810923","12811223","KN296849v1","282580","282879","31","12528343"
"chr1","12969298","12969609","KN296849v1","69962","70263","43","12899336"
"chr1","12971599","12971892","KN294193v1","425211","425504","42","12546388"
"chr1","12974575","12974842","KN296849v1","149665","149931","30","12824910"
"chr1","12975552","12975856","KN296404v1","1301704","1302007","47","11673848"
"chr1","12982880","12983045","KN297026v1","295454","295621","27","12687426"
"chr1","12988090","12988307","KN295977v1","1276894","1277103","55","11711196"
"chr1","12994108","12994347","KN297207v1","101750","101994","39","12892358"
"chr1","12994359","12994496","KN294229v1","26726","26859","18","12967633"
"chr1","12995307","12995487","KN296225v1","431898","432075","37","12563409"
"chr1","13005309","13005617","KN296849v1","33477","33801","40","12971832"
"chr1","13033376","13033592","KN295977v1","1276894","1277103","57","11756482"
"chr1","13049917","13050229","KN295350v1","710666","710958","58","12339251"
"chr1","13165952","13166253","KN296484v1","733487","733776","45","12432465"
"chr1","13166322","13166638","KN295361v1","316260","316573","47","12850062"
"chr1","13177234","13177526","KN296726v1","608259","608551","52","12568975"
"chr1","13381619","13381900","KN296138v1","3145","3429","49","13378474"
"chr1","13387921","13388217","KN296849v1","69962","70263","44","13317959"
"chr1","13442124","13442435","KN296849v1","33477","33801","38","13408647"
"chr1","13450910","13451213","KN295282v1","105605","105903","39","13345305"
"chr1","13457389","13457629","KN297207v1","101750","101994","42","13355639"
"chr1","13466232","13466543","KN296849v1","90703","91016","37","13375529"
"chr1","13474387","13474698","KN296849v1","83241","83549","36","13391146"
"chr1","13475836","13476136","KN294407v1","3027269","3027567","45","10448567"
"chr1","13480235","13480536","KN294662v1","54879","55172","48","13425356"
"chr1","13481365","13481661","KN294420v1","822079","822371","40","12659286"
"chr1","13490684","13490984","KN296849v1","69962","70263","40","13420722"
"chr1","13520181","13520480","KN294147v1","1603851","1604147","32","11916330"
"chr1","13525594","13525866","KN296820v1","1306714","1306983","33","12218880"
"chr1","13530619","13530932","KN294548v1","1161001","1161308","37","12369618"
"chr1","13535097","13535339","KN297327v1","575949","576201","41","12959148"
"chr1","13557205","13557437","KN295045v1","921009","921237","24","12636196"
"chr1","13563693","13563992","KN294592v1","1268208","1268509","41","12295485"
"chr1","13571257","13571556","KN296620v1","349918","350214","36","13221339"
"chr1","13580601","13580899","KN295573v1","192599","192895","33","13388002"
"chr1","13672437","13672733","KN294287v1","60735","61035","36","13611702"
"chr1","13675863","13676138","KN296836v1","961215","961493","39","12714648"
"chr1","13705222","13705506","KN296357v1","698911","699185","45","13006311"
"chr1","13723826","13724144","KN296266v1","31062","31371","44","13692764"
"chr1","13740113","13740424","KN295614v1","90477","90782","41","13649636"
"chr1","13747007","13747318","KN296406v1","250415","250727","33","13496592"
"chr1","13831121","13831430","KN295564v1","408804","409105","38","13422317"
"chr1","13884727","13885023","KN297023v1","480259","480560","35","13404468"
"chr1","13888924","13889236","KN295671v1","186296","186607","36","13702628"
"chr1","13895260","13895577","KN296503v1","442711","443031","41","13452549"
"chr1","13907748","13908056","KN294199v1","636506","636815","42","13271242"
"chr1","13912461","13912742","KN294978v1","1002089","1002376","45","12910372"
"chr1","13935060","13935350","KN296108v1","1080011","1080305","31","12855049"
"chr1","13954484","13954780","KN294193v1","425211","425504","31","13529273"
"chr1","13964648","13964963","KN294457v1","1128179","1128489","45","12836469"
"chr1","13985071","13985376","KN296404v1","1423465","1423767","42","12561606"
"chr1","14124012","14124174","KN294365v1","1970378","1970540","30","12153634"
"chr1","14134971","14135278","KN294456v1","1098138","1098439","36","13036833"
"chr1","14213569","14213868","KN296486v1","1726381","1726674","33","12487188"
"chr1","14332404","14332661","KN296484v1","94683","94939","45","14237721"
"chr1","14366581","14366884","KN294911v1","2389002","2389309","38","11977579"
"chr1","14433291","14433586","KN296153v1","1115266","1115561","36","13318025"
"chr1","14509829","14510123","KN296122v1","346873","347165","36","14162956"
"chr1","14529737","14530022","KN294991v1","665172","665457","39","13864565"
"chr1","14532848","14533126","KN297227v1","1056905","1057180","41","13475943"
"chr1","14597805","14598115","KN296303v1","514845","515157","37","14082960"
"chr1","14633414","14633720","KN295319v1","93746","94048","35","14539668"
"chr1","14659923","14660226","KN296833v1","30824","31126","36","14629099"
"chr1","14662179","14662410","KN296040v1","470315","470549","38","14191864"
"chr1","14728585","14728888","KN295633v1","323295","323596","37","14405290"
"chr1","14732662","14732966","KN297442v1","240570","240874","42","14492092"
"chr1","14764955","14765240","KN296508v1","1892477","1892760","38","12872478"
"chr1","14855471","14855765","KN295480v1","1302107","1302401","39","13553364"
"chr1","14872980","14873285","KN295735v1","851231","851541","38","14021749"
"chr1","14879214","14879521","KN296306v1","3682608","3682916","40","11196606"
"chr1","14922466","14922761","KN294325v1","1316006","1316298","41","13606460"
"chr1","14924000","14924281","KN296138v1","452937","453216","43","14471063"
"chr1","14936773","14937075","KN294456v1","1098138","1098439","32","13838635"
"chr1","14961637","14961948","KN296303v1","514845","515157","27","14446792"
"chr1","14968021","14968322","KN294571v1","1575904","1576204","39","13392117"
"chr1","15013376","15013688","KN294548v1","328774","329084","42","14684602"
"chr1","15013857","15014124","KN294172v1","4940663","4940925","35","10073194"
"chr1","15016983","15017286","KN294499v1","799663","799970","45","14217320"
"chr1","15027612","15027877","KN295828v1","1498966","1499228","35","13528646"
"chr1","15044884","15045193","KN294458v1","1049177","1049481","41","13995707"
"chr1","15076331","15076609","KN295343v1","770844","771117","29","14305487"
"chr1","15085454","15085688","KN294685v1","909505","909745","37","14175949"
"chr1","15097581","15097893","KN294453v1","23988","24299","40","15073593"
"chr1","15102296","15102547","KN296538v1","1555479","1555740","30","13546817"
"chr1","15109581","15109889","KN296079v1","686222","686522","40","14423359"
"chr1","15120282","15120593","KN295708v1","219821","220134","44","14900461"
"chr1","15139398","15139703","KN294790v1","163386","163690","36","14976012"
"chr1","15152551","15152852","KN297023v1","480259","480560","34","14672292"
"chr1","15156085","15156359","KN295459v1","361703","361982","37","14794382"
"chr1","15162648","15162929","KN294470v1","12182","12458","47","15150466"
"chr1","15173287","15173597","KN296503v1","58212","58521","38","15115075"
"chr1","15193625","15193922","KN294705v1","430220","430521","41","14763405"
"chr1","15194283","15194578","KN295729v1","826689","826980","36","14367594"
"chr1","15212065","15212352","KN295523v1","196160","196440","41","15015905"
"chr1","15222964","15223171","KN296139v1","203722","203935","35","15019242"
"chr1","15245188","15245542","KN296464v1","453115","453463","71","14792073"
"chr1","15267798","15268089","KN296435v1","2744592","2744883","33","12523206"
"chr1","15273028","15273328","KN294564v1","113763","114062","40","15159265"
"chr1","15289311","15289607","KN296518v1","303987","304265","35","14985324"
"chr1","15295623","15295921","KN296518v1","297157","297460","32","14998466"
"chr1","15305173","15305454","KN296518v1","286921","287212","23","15018252"
"chr1","15344416","15344715","KN296518v1","245832","246130","27","15098584"
"chr1","15383040","15383338","KN295919v1","120217","120515","37","15262823"
"chr1","15401400","15401585","KN295571v1","463102","463285","29","14938298"
"chr1","15403670","15403958","KN296096v1","838711","839001","34","14564959"
"chr1","15427560","15427851","KN295666v1","873327","873629","43","14554233"
"chr1","15429011","15429313","KN296810v1","26632","26932","37","15402379"
"chr1","15450182","15450464","KN296518v1","135161","135450","31","15315021"
"chr1","15451424","15451731","KN295260v1","2208269","2208579","35","13243155"
"chr1","15474919","15475228","KN296518v1","109626","109935","22","15365293"
"chr1","15497415","15497752","KN294269v1","674791","675103","66","14822624"
"chr1","15501270","15501572","KN294446v1","240983","241287","30","15260287"
"chr1","15534294","15534591","KN295855v1","83587","83886","36","15450707"
"chr1","15540704","15541014","KN296167v1","450049","450355","38","15090655"
"chr1","15547024","15547332","KN294705v1","623696","624002","32","14923328"
"chr1","15553651","15553955","KN295420v1","208371","208668","37","15345280"
"chr1","15563562","15563861","KN294262v1","1563960","1564257","44","13999602"
"chr1","15566926","15567235","KN294571v1","240702","241007","47","15326224"
"chr1","15569093","15569366","KN296454v1","102542","102816","34","15466551"
"chr1","15585859","15586154","KN296518v1","20393","20695","40","15565466"
"chr1","15590465","15590641","KN296426v1","64367","64561","47","15526098"
"chr1","15591696","15591998","KN296498v1","95172","95471","34","15496524"
"chr1","15598619","15598901","KN294407v1","637394","637683","34","14961225"
"chr1","15609443","15609755","KN297442v1","1612430","1612738","36","13997013"
"chr1","15622342","15622639","KN294407v1","3027269","3027567","31","12595073"
"chr1","15628324","15628623","KN296247v1","901747","902047","37","14726577"
"chr1","15631591","15631891","KN294470v1","2136945","2137241","40","13494646"
"chr1","15649346","15649639","KN295835v1","84846","85139","37","15564500"
"chr1","15663320","15663622","KN294571v1","1575904","1576204","30","14087416"
"chr1","15677312","15677616","KN295430v1","2355601","2355902","36","13321711"
"chr1","15696115","15696389","KN297008v1","2539201","2539475","34","13156914"
"chr1","15703211","15703494","KN296244v1","501020","501310","42","15202191"
"chr1","15707656","15707960","KN296167v1","450049","450355","33","15257607"
"chr1","15710830","15711143","KN295225v1","1942340","1942650","38","13768490"
"chr1","15711477","15711757","KN294739v1","903971","904241","39","14807506"
"chr1","15756198","15756454","KN296948v1","1008770","1009024","33","14747428"
"chr1","15764800","15765087","KN296749v1","1275542","1275825","44","14489258"
"chr1","15773585","15773889","KN294172v1","5096709","5097006","33","10676876"
"chr1","15776234","15776540","KN294172v1","2207703","2208004","33","13568531"
"chr1","15802847","15803106","KN294218v1","2753577","2753834","36","13049270"
"chr1","15812780","15813075","KN296404v1","1150048","1150343","34","14662732"
"chr1","15815463","15815751","KN295607v1","4406348","4406645","42","11409115"
"chr1","15831877","15832188","KN295471v1","799950","800259","44","15031927"
"chr1","15835899","15836209","KN296484v1","351750","352061","34","15484149"
"chr1","15840287","15840599","KN296391v1","192492","192798","41","15647795"
"chr1","15851269","15851570","KN295586v1","2562750","2563045","33","13288519"
"chr1","15864861","15865176","KN296643v1","852402","852709","41","15012459"
"chr1","15869576","15869887","KN295607v1","4377455","4377758","38","11492121"
"chr1","15875850","15876010","KN296119v1","5564342","5564501","28","10311508"
"chr1","15886036","15886319","KN295441v1","405739","406027","43","15480297"
"chr1","15886321","15886595","KN296004v1","475641","475912","34","15410680"
"chr1","15888970","15889255","KN294509v1","346253","346540","29","15542717"
"chr1","15890513","15890816","KN296322v1","2692700","2693002","40","13197813"
"chr1","15894322","15894625","KN295735v1","994649","994952","43","14899673"
"chr1","15895959","15896162","KN295977v1","1276894","1277103","42","14619065"
"chr1","15924048","15924341","KN296654v1","23212","23507","29","15900836"
"chr1","15928783","15929079","KN295871v1","615076","615373","38","15313707"
"chr1","15949142","15949309","KN294831v1","658690","658843","33","15290452"
"chr1","15957689","15957983","KN296120v1","97267","97566","40","15860422"
"chr1","15959623","15959884","KN296036v1","300943","301205","43","15658680"
"chr1","15961831","15961987","KN295157v1","155053","155207","24","15806778"
"chr1","15964796","15965043","KN297008v1","2475372","2475636","49","13489424"
"chr1","15969045","15969344","KN296654v1","73130","73425","25","15895915"
"chr1","15979030","15979329","KN294407v1","1559420","1559718","39","14419610"
"chr1","16000921","16001161","KN295405v1","757351","757593","49","15243570"
"chr1","16010526","16010829","KN294345v1","1360179","1360481","37","14650347"
"chr1","16092756","16092920","KN294987v1","480021","480187","19","15612735"
"chr1","16101332","16101635","KN296654v1","214239","214532","43","15887093"
"chr1","16110335","16110643","KN296682v1","4688204","4688514","44","11422131"
"chr1","16111190","16111480","KN296547v1","396597","396892","35","15714593"
"chr1","16133895","16134224","KN296654v1","239305","239628","30","15894590"
"chr1","16193524","16193821","KN294598v1","342532","342842","43","15850992"
"chr1","16265946","16266238","KN296982v1","570703","570990","40","15695243"
"chr1","16302974","16303284","KN295974v1","1466462","1466774","32","14836512"
"chr1","16306121","16306379","KN297154v1","1647652","1647909","44","14658469"
"chr1","16307643","16307935","KN295666v1","297510","297804","34","16010133"
"chr1","16308382","16308691","KN295974v1","1466462","1466774","33","14841920"
"chr1","16311096","16311351","KN296594v1","1066366","1066628","47","15244730"
"chr1","16312615","16312905","KN295666v1","297510","297804","32","16015105"
"chr1","16319264","16319563","KN295420v1","208371","208668","40","16110893"
"chr1","16360457","16360752","KN294499v1","2005615","2005910","42","14354842"
"chr1","16363528","16363830","KN294561v1","1084406","1084703","37","15279122"
"chr1","16368573","16368830","KN295717v1","1445363","1445625","32","14923210"
"chr1","16387650","16387946","KN294470v1","2136945","2137241","35","14250705"
"chr1","16401889","16402058","KN295988v1","1508216","1508386","44","14893673"
"chr1","16403761","16404028","KN295592v1","1986950","1987223","36","14416811"
"chr1","16414957","16415262","KN295236v1","5356462","5356765","31","11058495"
"chr1","16416049","16416348","KN294456v1","1098138","1098439","26","15317911"
"chr1","16426529","16426788","KN295601v1","1074382","1074645","40","15352147"
"chr1","16431860","16432155","KN296063v1","1388665","1388960","27","15043195"
"chr1","16435898","16436193","KN294470v1","764276","764573","35","15671622"
"chr1","16446162","16446465","KN294848v1","512947","513252","47","15933215"
"chr1","16447376","16447649","KN297171v1","2628817","2629092","33","13818559"
"chr1","16451072","16451251","KN294957v1","73265","73439","32","16377807"
"chr1","16460711","16461000","KN295962v1","1884512","1884811","45","14576199"
"chr1","16465097","16465400","KN297019v1","588883","589187","33","15876214"
"chr1","16467729","16468036","KN296682v1","4855759","4856070","33","11611970"
"chr1","16474951","16475258","KN296430v1","1105044","1105344","38","15369907"
"chr1","16492853","16493148","KN295835v1","84846","85139","36","16408007"
"chr1","16495424","16495722","KN294378v1","1310611","1310912","44","15184813"
"chr1","16506678","16506969","KN295236v1","3589165","3589460","30","12917513"
"chr1","16510998","16511294","KN294539v1","1287945","1288241","33","15223053"
"chr1","16512764","16513059","KN297095v1","3943194","3943492","40","12569570"
"chr1","16516155","16516452","KN296926v1","865413","865713","41","15650742"
"chr1","16517372","16517632","KN297121v1","256358","256619","37","16261014"
"chr1","16567948","16568257","KN295439v1","102691","103000","32","16465257"
"chr1","16575133","16575445","KN296153v1","2365186","2365493","41","14209947"
"chr1","16597006","16597304","KN294539v1","1287945","1288241","42","15309061"
"chr1","16616060","16616355","KN297044v1","7633","7931","30","16608427"
"chr1","16631235","16631542","KN294378v1","1504358","1504668","41","15126877"
"chr1","16761875","16762169","KN297299v1","23133","23425","34","16738742"
"chr1","16764033","16764337","KN297044v1","7633","7931","51","16756400"
"chr1","16777572","16777870","KN294756v1","253","541","38","16777319"
"chr1","16804942","16805242","KN296486v1","1266538","1266834","35","15538404"
"chr1","16814191","16814492","KN295090v1","1619019","1619320","37","15195172"
"chr1","16840682","16840977","KN297044v1","9940","10230","35","16830742"
"chr1","16855193","16855489","KN297044v1","24616","24923","37","16830577"
"chr1","16880587","16880898","KN296643v1","47618","47923","51","16832969"
"chr1","16888868","16889159","KN295835v1","84846","85139","29","16804022"
"chr1","16895694","16895978","KN297044v1","67196","67485","17","16828498"
"chr1","16928529","16928817","KN297044v1","102120","102406","22","16826409"
"chr1","16930807","16931095","KN297044v1","104667","104959","41","16826140"
"chr1","16941668","16941966","KN297044v1","113656","113967","37","16828012"
"chr1","16959197","16959490","KN295729v1","826689","826980","35","16132508"
"chr1","16963649","16963946","KN296557v1","13515","13811","35","16950134"
"chr1","16970972","16971269","KN294539v1","1287945","1288241","37","15683027"
"chr1","16987709","16988027","KN294790v1","163386","163690","46","16824323"
"chr1","17008982","17009280","KN296311v1","832074","832375","32","16176908"
"chr1","17032397","17032693","KN297044v1","205183","205478","29","16827214"
"chr1","17033587","17033898","KN296682v1","4643873","4644184","30","12389714"
"chr1","17076515","17076826","KN296167v1","450049","450355","36","16626466"
"chr1","17088689","17088948","KN295243v1","1473974","1474238","36","15614715"
"chr1","17111859","17112164","KN295301v1","761923","762233","37","16349936"
"chr1","17159688","17159988","KN295744v1","367788","368092","37","16791900"
"chr1","17195609","17195818","KN295977v1","1276894","1277103","37","15918715"
"chr1","17205905","17206211","KN296682v1","4419181","4419484","38","12786724"
"chr1","17207052","17207178","KN295708v1","1589585","1589715","23","15617467"
"chr1","17208740","17208996","KN296702v1","1065526","1065775","36","16143214"
"chr1","17237325","17237627","KN297044v1","402360","402663","24","16834965"
"chr1","17239996","17240293","KN296682v1","1930392","1930690","34","15309604"
"chr1","17261512","17261819","KN297044v1","432149","432453","38","16829363"
"chr1","17270626","17270921","KN297158v1","112299","112595","33","17158327"
"chr1","17281487","17281786","KN297044v1","451765","452072","41","16829722"
"chr1","17281831","17282128","KN297044v1","452119","452417","28","16829712"
"chr1","17286616","17286904","KN297044v1","456718","457003","19","16829898"
"chr1","17294623","17294770","KN297141v1","137314","137457","38","17157309"
"chr1","17314206","17314486","KN295987v1","1241626","1241902","39","16072580"
"chr1","17320249","17320565","KN296424v1","425557","425868","51","16894692"
"chr1","17321937","17322220","KN297044v1","492583","492867","27","16829354"
"chr1","17349312","17349604","KN297044v1","519747","520039","24","16829565"
"chr1","17352705","17353006","KN297023v1","480259","480560","25","16872446"
"chr1","17359863","17360068","KN296426v1","64367","64561","31","17295496"
"chr1","17364635","17364777","KN296153v1","4007197","4007332","25","13357438"
"chr1","17371735","17372033","KN294291v1","348958","349258","52","17022777"
"chr1","17376842","17377125","KN296062v1","707939","708222","42","16668903"
"chr1","17377901","17378096","KN296426v1","64367","64561","20","17313534"
"chr1","17384332","17384593","KN297044v1","552620","552882","20","16831712"
"chr1","17387299","17387604","KN295814v1","996232","996533","51","16391067"
"chr1","17394105","17394409","KN297044v1","561559","561858","23","16832546"
"chr1","17397147","17397300","KN294987v1","480021","480187","29","16917126"
"chr1","17397596","17397896","KN296311v1","2891003","2891305","44","14506593"
"chr1","17401247","17401543","KN295459v1","673095","673397","37","16728152"
"chr1","17405438","17405744","KN297044v1","577379","577689","28","16828059"
"chr1","17412331","17412630","KN297044v1","583511","583805","18","16828820"
"chr1","17414648","17414691","KN294571v1","521300","521332","24","16893348"
"chr1","17416250","17416559","KN296036v1","174085","174392","34","17242165"
"chr1","17419264","17419556","KN295667v1","845009","845295","41","16574255"
"chr1","17421265","17421559","KN295871v1","681623","681917","33","16739642"
"chr1","17424778","17425084","KN297046v1","2972429","2972729","44","14452349"
"chr1","17427507","17427736","KN297044v1","597711","597927","37","16829796"
"chr1","17430934","17431251","KN297044v1","600934","601244","31","16830000"
"chr1","17439256","17439556","KN297044v1","608645","608943","44","16830611"
"chr1","17452648","17452946","KN296864v1","1407979","1408277","31","16044669"
"chr1","17458016","17458310","KN297044v1","627664","627958","41","16830352"
"chr1","17480984","17481294","KN294446v1","240983","241287","42","17240001"
"chr1","17490599","17490904","KN295117v1","90178","90487","38","17400421"
"chr1","17500259","17500569","KN297044v1","671732","672039","31","16828527"
"chr1","17504040","17504355","KN297044v1","675504","675832","46","16828536"
"chr1","17588851","17589136","KN297044v1","763971","764260","24","16824880"
"chr1","17608787","17609077","KN294470v1","2299378","2299672","37","15309409"
"chr1","17614460","17614756","KN296145v1","2451188","2451482","36","15163272"
"chr1","17623640","17623944","KN295735v1","994649","994952","32","16628991"
"chr1","17671392","17671684","KN297044v1","847654","847947","33","16823738"
"chr1","17691035","17691348","KN297038v1","1285540","1285851","41","16405495"
"chr1","17712539","17712843","KN294790v1","163386","163690","38","17549153"
"chr1","17751767","17752064","KN294571v1","1575904","1576204","36","16175863"
"chr1","17764920","17765217","KN295459v1","673095","673397","37","17091825"
"chr1","17823339","17823623","KN294429v1","37988","38273","46","17785351"
"chr1","17914309","17914589","KN295371v1","448057","448341","39","17466252"
"chr1","18076359","18076638","KN295968v1","48657","48931","49","18027702"
"chr1","18202092","18202401","KN294363v1","153262","153570","51","18048830"
"chr1","18205189","18205496","KN296386v1","329660","329960","43","17875529"
"chr1","18224974","18225288","KN296643v1","482849","483159","37","17742125"
"chr1","18294305","18294615","KN294326v1","309006","309309","47","17985299"
"chr1","18318164","18318443","KN295319v1","278051","278328","36","18040113"
"chr1","18366654","18366959","KN296682v1","3089641","3089943","35","15277013"
"chr1","18455026","18455336","KN297445v1","1504441","1504746","41","16950585"
"chr1","18498429","18498755","KN295967v1","606413","606726","50","17892016"
"chr1","18549087","18549382","KN296406v1","281155","281453","32","18267932"
"chr1","18551936","18552217","KN297165v1","655293","655575","42","17896643"
"chr1","18560118","18560424","KN296557v1","13515","13811","46","18546603"
"chr1","18565813","18566118","KN295362v1","1043462","1043763","39","17522351"
"chr1","18624157","18624456","KN294292v1","183678","183978","45","18440479"
"chr1","18632832","18633135","KN296322v1","2692700","2693002","34","15940132"
"chr1","18646415","18646724","KN296090v1","89328","89638","39","18557087"
"chr1","18648523","18648834","KN295433v1","250702","251008","42","18397821"
"chr1","18683233","18683535","KN296865v1","1608885","1609185","40","17074348"
"chr1","18701043","18701323","KN296484v1","85417","85689","47","18615626"
"chr1","18730719","18730926","KN296426v1","64367","64561","53","18666352"
"chr1","18757530","18757827","KN297408v1","456168","456464","39","18301362"
"chr1","18775383","18775682","KN295607v1","4377455","4377758","42","14397928"
"chr1","18836312","18836613","KN297304v1","54786","55087","26","18781526"
"chr1","18854593","18854915","KN294526v1","248315","248626","39","18606278"
"chr1","18919713","18920037","KN296486v1","67047","67367","58","18852666"
"chr1","18924999","18925257","KN296311v1","6398976","6399239","53","12526023"
"chr1","18971313","18971609","KN294949v1","777404","777706","37","18193909"
"chr1","18972292","18972555","KN297133v1","1075587","1075851","40","17896705"
"chr1","18973924","18974242","KN294638v1","125071","125390","45","18848853"
"chr1","19014575","19014859","KN295560v1","16267","16548","42","18998308"
"chr1","19177351","19177625","KN297154v1","701448","701716","45","18475903"
"chr1","19203398","19203702","KN296513v1","1626205","1626507","41","17577193"
"chr1","19207194","19207480","KN295814v1","1081684","1081970","37","18125510"
"chr1","19232962","19233152","KN294470v1","220971","221157","33","19011991"
"chr1","19249601","19249902","KN296009v1","420615","420911","44","18828986"
"chr1","19272477","19272772","KN294457v1","990718","991014","35","18281759"
"chr1","19283473","19283765","KN296357v1","559775","560070","29","18723698"
"chr1","19288513","19288795","KN295480v1","1448629","1448907","47","17839884"
"chr1","19309534","19309835","KN294747v1","663093","663390","39","18646441"
"chr1","19314949","19315229","KN296508v1","345319","345596","51","18969630"
"chr1","19371236","19371545","KN294239v1","278186","278496","45","19093050"
"chr1","19381509","19381831","KN295592v1","1811056","1811365","51","17570453"
"chr1","19395135","19395439","KN296404v1","1183469","1183770","31","18211666"
"chr1","19406400","19406708","KN294378v1","1504358","1504668","42","17902042"
"chr1","19447998","19448170","KN296406v1","277136","277307","24","19170862"
"chr1","19460888","19461177","KN297406v1","906","1197","40","19459982"
"chr1","19466769","19467082","KN296486v1","1318978","1319291","34","18147791"
"chr1","19472601","19472902","KN296365v1","1568741","1569050","40","17903860"
"chr1","19478845","19479145","KN296205v1","1038770","1039076","30","18440075"
"chr1","19480794","19481077","KN296000v1","1525751","1526033","40","17955043"
"chr1","19497600","19497903","KN295198v1","274974","275272","35","19222626"
"chr1","19506345","19506662","KN296635v1","2153242","2153553","45","17353103"
"chr1","19509277","19509549","KN294717v1","11690","11962","42","19497587"
"chr1","19517643","19517952","KN294372v1","299717","300027","49","19217926"
"chr1","19530434","19530728","KN294987v1","443267","443562","43","19087167"
"chr1","19532708","19533016","KN295501v1","1126742","1127053","39","18405966"
"chr1","19543370","19543665","KN296547v1","396597","396892","35","19146773"
"chr1","19548401","19548689","KN296821v1","283629","283919","42","19264772"
"chr1","19564517","19564833","KN296296v1","116079","116392","46","19448438"
"chr1","19577598","19577807","KN295441v1","1457453","1457675","40","18120145"
"chr1","19586886","19587182","KN294539v1","1287945","1288241","33","18298941"
"chr1","19591224","19591515","KN295706v1","45460","45751","36","19545764"
"chr1","19618668","19618979","KN294957v1","62097","62408","30","19556571"
"chr1","19622394","19622625","KN296921v1","438156","438387","33","19184238"
"chr1","19633097","19633380","KN296623v1","294333","294614","34","19338764"
"chr1","19684760","19685076","KN295045v1","181971","182282","35","19502789"
"chr1","19686073","19686354","KN296280v1","431971","432251","47","19254102"
"chr1","19699622","19699914","KN295828v1","1026333","1026620","32","18673289"
"chr1","19724338","19724513","KN295930v1","759567","759739","29","18964771"
"chr1","19730365","19730674","KN295326v1","192748","193053","39","19537617"
"chr1","19773488","19773784","KN294856v1","360732","361025","51","19412756"
"chr1","19778265","19778579","KN295983v1","1699675","1699986","42","18078590"
"chr1","19782337","19782653","KN294911v1","2842843","2843153","41","16939494"
"chr1","19803832","19804142","KN296158v1","1175251","1175559","35","18628581"
"chr1","19807332","19807640","KN295236v1","5356462","5356765","45","14450870"
"chr1","19811811","19812087","KN294777v1","603434","603706","39","19208377"
"chr1","19822012","19822317","KN295523v1","2925262","2925570","34","16896750"
"chr1","19838723","19839030","KN296174v1","140767","141075","41","19697956"
"chr1","19841722","19842025","KN295814v1","898642","898947","40","18943080"
"chr1","19855385","19855663","KN295708v1","853452","853731","35","19001933"
"chr1","19907756","19908056","KN296820v1","1142893","1143187","43","18764863"
"chr1","20047361","20047669","KN296484v1","351750","352061","44","19695611"
"chr1","20053287","20053333","KN294970v1","297704","297750","21","19755583"
"chr1","20071853","20072156","KN295045v1","451861","452165","42","19619992"
"chr1","20076242","20076548","KN294603v1","111945","112247","37","19964297"
"chr1","20083864","20084169","KN295326v1","192748","193053","37","19891116"
"chr1","20122773","20123075","KN295433v1","250702","251008","35","19872071"
"chr1","20134229","20134515","KN296110v1","221885","222170","34","19912344"
"chr1","20205418","20205721","KN295394v1","874778","875084","35","19330640"
"chr1","20212971","20213266","KN296110v1","143585","143887","38","20069386"
"chr1","20272582","20272893","KN296110v1","83991","84301","34","20188591"
"chr1","20304265","20304581","KN296635v1","4969030","4969343","45","15335235"
"chr1","20305262","20305526","KN296110v1","50611","50888","32","20254651"
"chr1","20306564","20306859","KN294571v1","1575904","1576204","34","18730660"
"chr1","20321770","20322070","KN294705v1","186396","186702","37","20135374"
"chr1","20389292","20389588","KN296357v1","653990","654295","46","19735302"
"chr1","20425142","20425450","KN295708v1","72967","73270","23","20352175"
"chr1","20427370","20427679","KN295601v1","3238589","3238887","39","17188781"
"chr1","20430215","20430521","KN295708v1","79182","79484","22","20351033"
"chr1","20477684","20477995","KN295708v1","128211","128514","28","20349473"
"chr1","20489181","20489492","KN296495v1","550769","551079","27","19938412"
"chr1","20495338","20495654","KN295748v1","161587","161896","38","20333751"
"chr1","20514766","20515057","KN294456v1","1143112","1143404","37","19371654"
"chr1","20531675","20531887","KN295977v1","1276894","1277103","41","19254781"
"chr1","20536991","20537272","KN295708v1","180982","181279","41","20356009"
"chr1","20541582","20541808","KN297112v1","2758116","2758343","28","17783466"
"chr1","20567113","20567411","KN295708v1","216749","217044","34","20350364"
"chr1","20570337","20570520","KN296308v1","1030166","1030340","28","19540171"
"chr1","20583432","20583696","KN295157v1","312263","312532","46","20271169"
"chr1","20593029","20593341","KN295708v1","242323","242631","27","20350706"
"chr1","20594978","20595277","KN295708v1","244746","245049","31","20350232"
"chr1","20597274","20597577","KN295708v1","247544","247845","26","20349730"
"chr1","20621875","20622174","KN295708v1","274420","274717","37","20347455"
"chr1","20640196","20640492","KN294456v1","1098138","1098439","41","19542058"
"chr1","20675141","20675448","KN295708v1","328659","328958","30","20346482"
"chr1","20691525","20691815","KN294662v1","16666","16963","40","20674859"
"chr1","20692968","20693260","KN295708v1","345146","345445","33","20347822"
"chr1","20694053","20694261","KN295406v1","275159","275372","57","20418894"
"chr1","20733536","20733846","KN295708v1","382516","382819","34","20351020"
"chr1","20750294","20750582","KN295361v1","824524","824814","42","19925770"
"chr1","20751818","20752097","KN295708v1","402043","402339","43","20349775"
"chr1","20772433","20772741","KN295708v1","423754","424058","32","20348679"
"chr1","20777333","20777624","KN294407v1","2317315","2317623","44","18460018"
"chr1","20786588","20786890","KN295708v1","438742","439039","29","20347846"
"chr1","20794128","20794343","KN295977v1","1276894","1277103","49","19517234"
"chr1","20797427","20797735","KN295708v1","447599","447913","29","20349828"
"chr1","20811470","20811751","KN295708v1","462504","462789","17","20348966"
"chr1","20834313","20834620","KN295708v1","478057","478353","29","20356256"
"chr1","20837275","20837561","KN295708v1","481344","481631","22","20355931"
"chr1","20912525","20912684","KN297205v1","523320","523480","23","20389205"
"chr1","20945595","20945886","KN295708v1","592356","592663","34","20353239"
"chr1","20951893","20952188","KN295708v1","600002","600300","34","20351891"
"chr1","20962597","20962892","KN294407v1","3027269","3027567","32","17935328"
"chr1","20981932","20982217","KN297046v1","2820039","2820328","39","18161893"
"chr1","21000382","21000671","KN294957v1","32521","32810","35","20967861"
"chr1","21051526","21051830","KN295708v1","702846","703138","37","20348680"
"chr1","21058707","21059007","KN295708v1","710294","710571","36","20348413"
"chr1","21063311","21063605","KN295075v1","236772","237067","33","20826539"
"chr1","21101865","21102171","KN295708v1","756651","756954","31","20345214"
"chr1","21107362","21107658","KN294456v1","1098138","1098439","38","20009224"
"chr1","21108794","21109102","KN296153v1","1008428","1008738","33","20100366"
"chr1","21113553","21113848","KN296484v1","733487","733776","48","20380066"
"chr1","21119285","21119594","KN296158v1","1175251","1175559","36","19944034"
"chr1","21126029","21126331","KN295708v1","774587","774899","40","20351442"
"chr1","21130053","21130359","KN295708v1","778602","778917","24","20351451"
"chr1","21140442","21140750","KN296079v1","587166","587474","35","20553276"
"chr1","21147674","21147923","KN295708v1","801447","801694","33","20346227"
"chr1","21152950","21153222","KN295257v1","485367","485649","46","20667583"
"chr1","21153573","21153874","KN295708v1","807379","807677","25","20346194"
"chr1","21163827","21164127","KN295708v1","819478","819779","25","20344349"
"chr1","21175253","21175559","KN296430v1","1105044","1105344","36","20070209"
"chr1","21182052","21182362","KN295708v1","837351","837660","34","20344701"
"chr1","21188848","21189142","KN295708v1","844981","845274","25","20343867"
"chr1","21190941","21191244","KN294452v1","584264","584570","34","20606677"
"chr1","21205608","21205902","KN295708v1","861542","861846","30","20344066"
"chr1","21208612","21208893","KN296378v1","804787","805066","43","20403825"
"chr1","21214423","21214725","KN295708v1","870195","870498","27","20344228"
"chr1","21220156","21220449","KN294879v1","550447","550741","35","20669709"
"chr1","21228769","21229070","KN295708v1","885223","885523","31","20343546"
"chr1","21229703","21229898","KN296426v1","64367","64561","32","21165336"
"chr1","21234785","21235094","KN295692v1","1969390","1969701","42","19265395"
"chr1","21236739","21237044","KN295708v1","893725","894033","28","20343014"
"chr1","21238343","21238655","KN297276v1","143691","143993","47","21094652"
"chr1","21244810","21245120","KN295433v1","250702","251008","37","20994108"
"chr1","21252816","21253109","KN295729v1","826689","826980","33","20426127"
"chr1","21253758","21254045","KN294662v1","218243","218524","39","21035515"
"chr1","21264541","21264845","KN295708v1","921400","921697","30","20343141"
"chr1","21269413","21269732","KN296319v1","748083","748392","40","20521330"
"chr1","21271784","21272092","KN296319v1","140370","140677","35","21131414"
"chr1","21437578","21437883","KN296646v1","448109","448411","42","20989469"
"chr1","21449567","21449855","KN294407v1","3027269","3027567","46","18422298"
"chr1","21511585","21511860","KN294407v1","2563292","2563571","36","18948293"
"chr1","21513405","21513723","KN296040v1","575673","575981","48","20937732"
"chr1","21520491","21520788","KN295708v1","1106069","1106371","36","20414422"
"chr1","21525110","21525415","KN294693v1","1156971","1157270","36","20368139"
"chr1","21535486","21535760","KN295708v1","1121582","1121861","26","20413904"
"chr1","21538214","21538525","KN295366v1","78980","79290","46","21459234"
"chr1","21605217","21605513","KN295708v1","1196832","1197127","21","20408385"
"chr1","21618541","21618868","KN294856v1","220990","221331","57","21397551"
"chr1","21644812","21645121","KN295708v1","1237778","1238088","26","20407034"
"chr1","21650275","21650594","KN294592v1","1381893","1382209","46","20268382"
"chr1","21671262","21671564","KN294603v1","111945","112247","41","21559317"
"chr1","21672603","21672896","KN295236v1","3615047","3615343","41","18057556"
"chr1","21689520","21689833","KN296205v1","1038770","1039076","38","20650750"
"chr1","21702661","21702960","KN295034v1","285242","285543","39","21417419"
"chr1","21731901","21732200","KN295394v1","556635","556929","42","21175266"
"chr1","21737120","21737433","KN295708v1","1328218","1328527","33","20408902"
"chr1","21746147","21746447","KN295708v1","1338838","1339145","37","20407309"
"chr1","21748836","21749082","KN296702v1","1065526","1065775","41","20683310"
"chr1","21759367","21759656","KN296726v1","608259","608551","41","21151108"
"chr1","21765595","21765884","KN294193v1","425211","425504","38","21340384"
"chr1","21771821","21772104","KN295708v1","1367546","1367831","23","20404275"
"chr1","21778932","21779229","KN296732v1","3482334","3482632","40","18296598"
"chr1","21783069","21783380","KN296484v1","351750","352061","31","21431319"
"chr1","21788096","21788402","KN297095v1","1841987","1842290","41","19946109"
"chr1","21791467","21791772","KN296311v1","768493","768797","38","21022974"
"chr1","21796002","21796303","KN295996v1","495798","496097","35","21300204"
"chr1","21803046","21803369","KN294662v1","146480","146789","46","21656566"
"chr1","21822768","21823047","KN294193v1","568677","568960","45","21254091"
"chr1","21839177","21839462","KN295114v1","45102","45395","35","21794075"
"chr1","21846573","21846873","KN295480v1","2670103","2670403","26","19176470"
"chr1","21851466","21851769","KN295708v1","1449986","1450286","30","20401480"
"chr1","21863069","21863363","KN296153v1","1115266","1115561","35","20747803"
"chr1","21918119","21918420","KN295708v1","1518348","1518648","26","20399771"
"chr1","21940654","21940966","KN295708v1","1542709","1543020","29","20397945"
"chr1","21942597","21942901","KN295708v1","1544637","1544945","27","20397960"
"chr1","21961819","21962130","KN296167v1","450049","450355","44","21511770"
"chr1","21971599","21971915","KN295708v1","1573146","1573462","39","20398453"
"chr1","21980099","21980401","KN297469v1","31333","31641","29","21948766"
"chr1","21981530","21981846","KN295708v1","1582848","1583156","49","20398682"
"chr1","21986655","21986784","KN295708v1","1589585","1589715","16","20397070"
"chr1","21996325","21996638","KN295708v1","1573146","1573462","33","20423179"
"chr1","22009917","22010046","KN295708v1","1589585","1589715","15","20420332"
"chr1","22016328","22016492","KN294987v1","480021","480187","27","21536307"
"chr1","22020198","22020481","KN294224v1","1080394","1080681","36","20939804"
"chr1","22022323","22022629","KN295708v1","1602479","1602785","40","20419844"
"chr1","22039487","22039775","KN294539v1","1287945","1288241","36","20751542"
"chr1","22044349","22044652","KN295708v1","1623951","1624256","31","20420398"
"chr1","22048489","22048793","KN295708v1","1628575","1628878","44","20419914"
"chr1","22054058","22054371","KN294456v1","1098138","1098439","40","20955920"
"chr1","22058037","22058364","KN294957v1","62097","62408","49","21995940"
"chr1","22061187","22061463","KN295708v1","1641407","1641682","39","20419780"
"chr1","22075593","22075903","KN295708v1","1656117","1656425","40","20419476"
"chr1","22109562","22109828","KN295323v1","499497","499763","38","21610065"
"chr1","22146541","22146851","KN296762v1","309784","310094","34","21836757"
"chr1","22161790","22162122","KN297376v1","10774","11101","49","22151016"
"chr1","22178945","22179251","KN295708v1","1760490","1760790","37","20418455"
"chr1","22191105","22191410","KN295610v1","501770","502075","36","21689335"
"chr1","22193033","22193344","KN296883v1","878376","878679","43","21314657"
"chr1","22225229","22225506","KN295717v1","611535","611814","39","21613694"
"chr1","22233138","22233446","KN296357v1","507108","507414","43","21726030"
"chr1","22237950","22238268","KN296311v1","3556438","3556761","52","18681512"
"chr1","22269287","22269583","KN294526v1","334958","335253","33","21934329"
"chr1","22278625","22278937","KN297105v1","1151702","1152014","53","21126923"
"chr1","22279455","22279760","KN295708v1","1848952","1849264","26","20430503"
"chr1","22308265","22308558","KN295729v1","826689","826980","40","21481576"
"chr1","22312027","22312330","KN296916v1","402051","402359","47","21909976"
"chr1","22322445","22322746","KN295633v1","2352774","2353077","36","19969671"
"chr1","22352986","22353253","KN295362v1","1334626","1334886","41","21018360"
"chr1","22357023","22357317","KN295708v1","1931638","1931942","33","20425385"
"chr1","22403420","22403710","KN295708v1","1974739","1975030","29","20428681"
"chr1","22423020","22423317","KN294991v1","724427","724724","37","21698593"
"chr1","22433809","22433955","KN297154v1","966347","966521","67","21467462"
"chr1","22442034","22442330","KN295708v1","2012260","2012554","30","20429774"
"chr1","22478369","22478668","KN294499v1","2334499","2334798","36","20143870"
"chr1","22485190","22485514","KN295708v1","2057346","2057654","45","20427844"
"chr1","22521155","22521324","KN294713v1","386007","386172","25","22135148"
"chr1","22702040","22702344","KN296503v1","58212","58521","41","22643828"
"chr1","22771654","22771960","KN294790v1","163386","163690","37","22608268"
"chr1","22849999","22850302","KN295708v1","2420161","2420465","38","20429838"
"chr1","22869654","22869960","KN295708v1","2444730","2445032","24","20424924"
"chr1","22873197","22873495","KN294208v1","576366","576666","36","22296831"
"chr1","22906723","22907024","KN295708v1","2481360","2481664","35","20425363"
"chr1","22958765","22959061","KN295708v1","2533780","2534079","35","20424985"
"chr1","22971120","22971406","KN295729v1","826689","826980","33","22144431"
"chr1","22985065","22985372","KN297008v1","5866962","5867269","44","17118103"
"chr1","22985437","22985708","KN295633v1","2562201","2562470","35","20423236"
"chr1","22988936","22989221","KN295708v1","2564677","2564963","27","20424259"
"chr1","22991101","22991406","KN296682v1","2875657","2875966","42","20115444"
"chr1","22994945","22995243","KN295708v1","2570337","2570640","22","20424608"
"chr1","23001216","23001478","KN295601v1","886709","886972","37","22114507"
"chr1","23010763","23011041","KN294234v1","2125042","2125313","48","20885721"
"chr1","23020041","23020288","KN297008v1","867320","867563","44","22152721"
"chr1","23026881","23027126","KN294193v1","432016","432256","41","22594865"
"chr1","23034169","23034479","KN294262v1","1801598","1801903","37","21232571"
"chr1","23055124","23055428","KN295075v1","197535","197834","43","22857589"
"chr1","23079612","23079892","KN295708v1","2656607","2656897","31","20423005"
"chr1","23136430","23136737","KN294777v1","371314","371618","34","22765116"
"chr1","23153542","23153849","KN296643v1","47618","47923","33","23105924"
"chr1","23157412","23157714","KN294949v1","777404","777706","35","22380008"
"chr1","23165757","23166031","KN295708v1","2744824","2745098","24","20420933"
"chr1","23180907","23181219","KN295708v1","2758527","2758841","31","20422380"
"chr1","23187831","23188139","KN295708v1","2765379","2765688","24","20422452"
"chr1","23192680","23192970","KN295708v1","2769922","2770216","34","20422758"
"chr1","23205283","23205576","KN295708v1","2784035","2784327","39","20421248"
"chr1","23240108","23240400","KN297245v1","1416081","1416379","34","21824027"
"chr1","23244278","23244589","KN295708v1","2824597","2824900","33","20419681"
"chr1","23248670","23248865","KN296426v1","64367","64561","27","23184303"
"chr1","23255539","23255847","KN295154v1","52907","53218","38","23202632"
"chr1","23261794","23262100","KN295533v1","2511717","2512017","34","20750077"
"chr1","23271587","23271801","KN295708v1","2850650","2850873","24","20420937"
"chr1","23280087","23280374","KN295480v1","1302107","1302401","44","21977980"
"chr1","23303856","23304159","KN296145v1","740136","740436","45","22563720"
"chr1","23310779","23311081","KN295708v1","2890312","2890611","29","20420467"
"chr1","23316193","23316496","KN295236v1","4038557","4038854","44","19277636"
"chr1","23331506","23331816","KN296153v1","1336190","1336496","35","21995316"
"chr1","23348416","23348622","KN294685v1","1180547","1180757","36","22167869"
"chr1","23364607","23364899","KN294172v1","6311128","6311420","38","17053479"
"chr1","23367268","23367556","KN294396v1","492454","492744","29","22874814"
"chr1","23371742","23372040","KN296145v1","740136","740436","34","22631606"
"chr1","23394298","23394606","KN296308v1","982618","982927","45","22411680"
"chr1","23394617","23394912","KN294911v1","3904036","3904337","48","19490581"
"chr1","23401206","23401380","KN296153v1","1178114","1178285","23","22223092"
"chr1","23401605","23401671","KN296495v1","1507938","1508003","17","21893667"
"chr1","23429512","23429807","KN294456v1","1143112","1143404","37","22286400"
"chr1","23472231","23472530","KN296442v1","417977","418281","30","23054254"
"chr1","23482745","23483038","KN295977v1","354893","355185","41","23127852"
"chr1","23492946","23493227","KN296682v1","918535","918827","45","22574411"
"chr1","23495037","23495349","KN296484v1","351750","352061","39","23143287"
"chr1","23514152","23514454","KN296732v1","3482334","3482632","37","20031818"
"chr1","23523543","23523773","KN295708v1","995633","995874","45","22527910"
"chr1","23532330","23532634","KN295835v1","34183","34494","49","23498147"
"chr1","23535959","23536286","KN294513v1","423788","424108","47","23112171"
"chr1","23551501","23551777","KN295257v1","711528","711811","45","22839973"
"chr1","23559338","23559658","KN295236v1","4372708","4373024","50","19186630"
"chr1","23566487","23566797","KN296460v1","1524346","1524634","53","22042141"
"chr1","23582250","23582556","KN297154v1","1039874","1040175","32","22542376"
"chr1","23583812","23583942","KN294571v1","156050","156184","17","23427762"
"chr1","23584741","23584915","KN297095v1","512122","512294","30","23072619"
"chr1","23616014","23616321","KN294790v1","4075384","4075690","45","19540630"
"chr1","23621359","23621668","KN295573v1","964658","964965","33","22656701"
"chr1","23623976","23624279","KN295257v1","1225806","1226107","32","22398170"
"chr1","23629669","23629971","KN294571v1","1575904","1576204","32","22053765"
"chr1","23645934","23646273","KN295017v1","66703","67053","76","23579231"
"chr1","23660842","23661142","KN294326v1","309006","309309","37","23351836"
"chr1","23667878","23668197","KN295825v1","923715","924024","48","22744163"
"chr1","23673195","23673477","KN295236v1","3487031","3487311","34","20186164"
"chr1","23676532","23676832","KN294917v1","405138","405434","31","23271394"
"chr1","23678284","23678587","KN294761v1","363307","363610","31","23314977"
"chr1","23682292","23682535","KN295405v1","757351","757593","53","22924941"
"chr1","23691926","23692251","KN296665v1","158306","158620","48","23533620"
"chr1","23693011","23693296","KN294303v1","336297","336588","47","23356714"
"chr1","23694216","23694519","KN295936v1","2116023","2116322","39","21578193"
"chr1","23697938","23698248","KN294592v1","1321409","1321720","36","22376529"
"chr1","23699014","23699306","KN295361v1","824524","824814","35","22874490"
"chr1","23700422","23700611","KN297050v1","108848","109038","32","23591574"
"chr1","23709398","23709677","KN296263v1","841672","841933","65","22867726"
"chr1","23717359","23717660","KN295091v1","2692987","2693285","34","21024372"
"chr1","23725137","23725434","KN296810v1","82391","82687","39","23642746"
"chr1","23727067","23727376","KN294713v1","981170","981477","36","22745897"
"chr1","23737022","23737321","KN296305v1","652930","653232","37","23084092"
"chr1","23739538","23739834","KN296153v1","1728922","1729220","47","22010616"
"chr1","23743008","23743306","KN294539v1","1287945","1288241","33","22455063"
"chr1","23790681","23790981","KN297154v1","1039874","1040175","30","22750807"
"chr1","23797901","23798200","KN294501v1","19038","19338","36","23778863"
"chr1","23802310","23802545","KN295405v1","757351","757593","49","23044959"
"chr1","23825149","23825436","KN294407v1","598111","598399","31","23227038"
"chr1","23826894","23827181","KN294407v1","598111","598399","32","23228783"
"chr1","23831222","23831564","KN295571v1","513084","513393","65","23318138"
"chr1","23838091","23838364","KN297138v1","246453","246718","42","23591638"
"chr1","23844285","23844581","KN296864v1","1076694","1076968","57","22767591"
"chr1","23847042","23847350","KN294911v1","2389002","2389309","33","21458040"
"chr1","23848763","23849072","KN296311v1","3194235","3194543","37","20654528"
"chr1","23850068","23850363","KN295096v1","2965990","2966278","39","20884078"
"chr1","23855377","23855682","KN295996v1","133342","133652","40","23722035"
"chr1","23856930","23857238","KN297133v1","61948","62256","43","23794982"
"chr1","23861896","23862187","KN295735v1","1409237","1409531","36","22452659"
"chr1","23868850","23869155","KN294407v1","2317315","2317623","34","21551535"
"chr1","23878641","23878942","KN297047v1","1316088","1316386","41","22562553"
"chr1","23889987","23890297","KN295983v1","1699675","1699986","37","22190312"
"chr1","23890969","23891267","KN294385v1","510756","511057","36","23380213"
"chr1","23892350","23892648","KN296040v1","349832","350124","26","23542518"
"chr1","23901439","23901739","KN296934v1","477615","477917","48","23423824"
"chr1","23909760","23910069","KN295315v1","133371","133680","40","23776389"
"chr1","23913806","23914107","KN295236v1","4141001","4141296","37","19772805"
"chr1","23918490","23918781","KN296062v1","1514761","1515057","53","22403729"
"chr1","23925659","23925969","KN294446v1","240983","241287","52","23684676"
"chr1","23926671","23926976","KN294257v1","379317","379626","39","23547354"
"chr1","23939851","23940146","KN297322v1","225370","225664","35","23714481"
"chr1","23940216","23940527","KN295967v1","606413","606726","40","23333803"
"chr1","23956490","23956789","KN294235v1","433123","433421","40","23523367"
"chr1","23961053","23961246","KN295236v1","3580229","3580418","29","20380824"
"chr1","23961555","23961875","KN295983v1","254090","254410","45","23707465"
"chr1","23981283","23981576","KN295729v1","826689","826980","31","23154594"
"chr1","24013436","24013740","KN295996v1","495798","496097","44","23517638"
"chr1","24027947","24028181","KN295405v1","757351","757593","44","23270596"
"chr1","24037241","24037544","KN295352v1","490330","490634","42","23546911"
"chr1","24049470","24049765","KN294181v1","1209683","1209978","44","22839787"
"chr1","24051489","24051791","KN294561v1","1084406","1084703","29","22967083"
"chr1","24052079","24052380","KN294790v1","163386","163690","35","23888693"
"chr1","24060046","24060340","KN295988v1","704187","704482","35","23355859"
"chr1","24072377","24072676","KN294181v1","1579076","1579376","35","22493301"
"chr1","24077286","24077595","KN295735v1","1279163","1279466","44","22798123"
"chr1","24089958","24090263","KN294613v1","327601","327901","40","23762357"
"chr1","24093753","24094046","KN296682v1","5351004","5351296","34","18742749"
"chr1","24138227","24138513","KN294172v1","5280504","5280773","47","18857723"
"chr1","24140419","24140617","KN296495v1","510488","510677","36","23629931"
"chr1","24153961","24154250","KN295326v1","100464","100755","37","24053497"
"chr1","24158356","24158651","KN294172v1","822922","823215","33","23335434"
"chr1","24166623","24166917","KN294262v1","1563960","1564257","34","22602663"
"chr1","24180994","24181296","KN295883v1","314740","315051","39","23866254"
"chr1","24182645","24182955","KN295666v1","873327","873629","47","23309318"
"chr1","24185173","24185468","KN296496v1","1022471","1022764","39","23162702"
"chr1","24186716","24186794","KN296732v1","3294384","3294461","24","20892332"
"chr1","24201404","24201702","KN296964v1","1801449","1801744","36","22399955"
"chr1","24205363","24205668","KN295394v1","874778","875084","35","23330585"
"chr1","24208277","24208587","KN297046v1","1883248","1883553","41","22325029"
"chr1","24214631","24214922","KN295729v1","826689","826980","34","23387942"
"chr1","24226666","24226888","KN295405v1","757351","757593","53","23469315"
"chr1","24245867","24246175","KN297154v1","1610824","1611134","44","22635043"
"chr1","24250599","24250903","KN296311v1","2283043","2283345","33","21967556"
"chr1","24255807","24256083","KN296864v1","1076694","1076968","32","23179113"
"chr1","24267295","24267602","KN295735v1","1160753","1161064","40","23106542"
"chr1","24313929","24314231","KN296503v1","539763","540066","43","23774166"
"chr1","24328690","24328981","KN294407v1","3027269","3027567","43","21301421"
"chr1","24335097","24335395","KN295480v1","1302107","1302401","35","23032990"
"chr1","24341589","24341759","KN296620v1","725178","725346","23","23616411"
"chr1","24341902","24342156","KN294269v1","1140120","1140374","40","23201782"
"chr1","24435488","24435703","KN295236v1","80023","80248","51","24355465"
"chr1","24453740","24454037","KN296833v1","18000","18300","35","24435740"
"chr1","24560506","24560815","KN294991v1","1931165","1931478","46","22629341"
"chr1","24564802","24565074","KN297154v1","590576","590851","33","23974226"
"chr1","24572531","24572808","KN295667v1","819253","819539","39","23753278"
"chr1","24576689","24576995","KN296153v1","1090111","1090408","38","23486578"
"chr1","24590369","24590676","KN296261v1","471107","471412","39","24119262"
"chr1","24592455","24592741","KN296357v1","621170","621460","40","23971285"
"chr1","24606249","24606557","KN296785v1","16268","16570","40","24589981"
"chr1","24611264","24611520","KN296244v1","245870","246125","42","24365394"
"chr1","24617488","24617783","KN294995v1","15599","15901","36","24601889"
"chr1","24623154","24623438","KN294570v1","116175","116454","42","24506979"
"chr1","24623804","24624102","KN297245v1","1416081","1416379","38","23207723"
"chr1","24632486","24632766","KN294987v1","839640","839911","48","23792846"
"chr1","24635706","24635984","KN294705v1","1468786","1469068","38","23166920"
"chr1","24636642","24636955","KN295045v1","181971","182282","40","24454671"
"chr1","24647284","24647586","KN297023v1","480259","480560","33","24167025"
"chr1","24651857","24652150","KN296913v1","1003362","1003653","38","23648495"
"chr1","24675549","24675855","KN294790v1","4439160","4439467","38","20236389"
"chr1","24708622","24708930","KN296916v1","443514","443818","40","24265108"
"chr1","24710107","24710398","KN295735v1","692294","692591","38","24017813"
"chr1","24718051","24718346","KN296620v1","349918","350214","28","24368133"
"chr1","24738706","24738874","KN296481v1","376034","376200","29","24362672"
"chr1","24740723","24741018","KN296921v1","2918407","2918707","32","21822316"
"chr1","24743795","24744105","KN296926v1","198353","198662","38","24545442"
"chr1","24744264","24744568","KN294790v1","163386","163690","35","24580878"
"chr1","24746249","24746558","KN294172v1","6342004","6342313","33","18404245"
"chr1","24748286","24748575","KN297458v1","476217","476510","35","24272069"
"chr1","24751504","24751800","KN297245v1","1416081","1416379","32","23335423"
"chr1","24771759","24772056","KN296153v1","1090111","1090408","32","23681648"
"chr1","24778886","24779203","KN295045v1","181971","182282","43","24596915"
"chr1","24792995","24793318","KN294458v1","152391","152716","57","24640604"
"chr1","24796563","24796864","KN295430v1","2554896","2555197","32","22241667"
"chr1","24801855","24802159","KN295962v1","2329043","2329352","37","22472812"
"chr1","24809599","24809891","KN294619v1","1564241","1564536","42","23245358"
"chr1","24827384","24827695","KN294978v1","1476399","1476706","40","23350985"
"chr1","24849936","24850234","KN296119v1","1735099","1735396","35","23114837"
"chr1","24859489","24859797","KN295112v1","477640","477949","35","24381849"
"chr1","24865484","24865776","KN294172v1","822922","823215","39","24042562"
"chr1","24893368","24893635","KN295735v1","695987","696249","36","24197381"
"chr1","24895719","24896030","KN296158v1","1175251","1175559","35","23720468"
"chr1","24909562","24909870","KN294446v1","508370","508676","38","24401192"
"chr1","24930949","24931249","KN296430v1","1105044","1105344","35","23825905"
"chr1","24950758","24951072","KN297038v1","1285540","1285851","38","23665218"
"chr1","25113675","25113979","KN295090v1","1590934","1591232","37","23522741"
"chr1","25122231","25122532","KN296623v1","789429","789724","47","24332802"
"chr1","25158251","25158549","KN294470v1","2136945","2137241","32","23021306"
"chr1","25164370","25164681","KN295075v1","429184","429492","37","24735186"
"chr1","25172749","25173043","KN294856v1","360732","361025","38","24812017"
"chr1","25181781","25182068","KN295326v1","100464","100755","28","25081317"
"chr1","25188953","25189251","KN296036v1","769191","769486","26","24419762"
"chr1","25197219","25197431","KN296426v1","64367","64561","41","25132852"
"chr1","25198132","25198434","KN294521v1","509491","509791","31","24688641"
"chr1","25201568","25201876","KN295315v1","1178596","1178904","39","24022972"
"chr1","25211911","25212193","KN294161v1","894750","895027","41","24317161"
"chr1","25226101","25226402","KN296365v1","603405","603707","35","24622696"
"chr1","25235207","25235476","KN294457v1","205085","205362","39","25030122"
"chr1","25238018","25238316","KN297274v1","1023468","1023763","45","24214550"
"chr1","25243520","25243830","KN294521v1","509491","509791","56","24734029"
"chr1","25248298","25248593","KN294457v1","990718","991014","34","24257580"
"chr1","25261733","25262031","KN295671v1","320751","321049","36","24940982"
"chr1","25263307","25263598","KN296726v1","606731","607020","39","24656576"
"chr1","25269016","25269317","KN294375v1","493338","493642","43","24775678"
"chr1","25270144","25270454","KN294372v1","711641","711944","41","24558503"
"chr1","25276902","25277204","KN295607v1","4361636","4361944","35","20915266"
"chr1","25281294","25281484","KN296426v1","64367","64561","32","25216927"
"chr1","25282356","25282638","KN296508v1","659940","660226","41","24622416"
"chr1","25295643","25295946","KN296743v1","323605","323904","33","24972038"
"chr1","25332655","25332960","KN296588v1","289027","289334","44","25043628"
"chr1","25333574","25333877","KN295637v1","795675","795978","53","24537899"
"chr1","25350710","25350987","KN295601v1","2384196","2384478","45","22966514"
"chr1","25351756","25351954","KN296992v1","30661","30858","27","25321095"
"chr1","25351966","25352278","KN294668v1","2064632","2064943","37","23287334"
"chr1","25364411","25364635","KN295405v1","757351","757593","60","24607060"
"chr1","25366632","25366950","KN296306v1","1908527","1908848","56","23458105"
"chr1","25368932","25369231","KN296538v1","1287073","1287374","37","24081859"
"chr1","25373128","25373361","KN295405v1","757351","757593","50","24615777"
"chr1","25375146","25375445","KN296153v1","1455667","1455962","43","23919479"
"chr1","25376157","25376459","KN296484v1","21840","22148","43","25354317"
"chr1","25390283","25390592","KN296635v1","2153242","2153553","38","23237041"
"chr1","25397876","25398175","KN294187v1","1109661","1109959","36","24288215"
"chr1","25573919","25574215","KN294193v1","1004756","1005052","36","24569163"
"chr1","25582891","25583201","KN297313v1","952267","952575","39","24630624"
"chr1","25584408","25584704","KN295236v1","5356462","5356765","43","20227946"
"chr1","25588666","25588957","KN294581v1","619147","619445","33","24969519"
"chr1","25593736","25594012","KN294251v1","1151512","1151787","41","24442224"
"chr1","25598105","25598279","KN295735v1","799853","800035","32","24798252"
"chr1","25612637","25612953","KN295091v1","1104942","1105250","48","24507695"
"chr1","25616021","25616320","KN296305v1","652930","653232","34","24963091"
"chr1","25634603","25634793","KN296426v1","64367","64561","31","25570236"
"chr1","25658234","25658540","KN297158v1","212439","212742","38","25445795"
"chr1","25671052","25671348","KN296381v1","215111","215408","36","25455941"
"chr1","25711162","25711434","KN296004v1","475641","475912","38","25235521"
"chr1","25737823","25738109","KN294407v1","157922","158207","39","25579901"
"chr1","25754133","25754435","KN294345v1","1360179","1360481","31","24393954"
"chr1","25785179","25785507","KN295523v1","2651938","2652265","66","23133241"
"chr1","25794367","25794646","KN296306v1","2059682","2059963","39","23734685"
"chr1","25838687","25838967","KN295154v1","349188","349476","39","25489499"
"chr1","25841864","25842174","KN294978v1","3753692","3754000","44","22088172"
"chr1","25845596","25845899","KN296357v1","507108","507414","43","25338488"
"chr1","25847228","25847451","KN294999v1","876","1101","35","25846352"
"chr1","25849518","25849824","KN295523v1","4073633","4073934","37","21775885"
"chr1","25886489","25886784","KN297320v1","271981","272275","34","25614508"
"chr1","25896074","25896367","KN294407v1","3027269","3027567","39","22868805"
"chr1","25923871","25924150","KN296201v1","2654662","2654949","47","23269209"
"chr1","25926311","25926521","KN294172v1","1513731","1513941","30","24412580"
"chr1","25927421","25927719","KN295871v1","615076","615373","36","25312345"
"chr1","25940678","25940987","KN295967v1","606413","606726","38","25334265"
"chr1","25955489","25955800","KN296311v1","3194235","3194543","36","22761254"
"chr1","25960229","25960530","KN294181v1","1579076","1579376","38","24381153"
"chr1","25962557","25962873","KN294991v1","1692556","1692877","42","24270001"
"chr1","25981768","25982064","KN296063v1","962822","963131","45","25018946"
"chr1","25986639","25986943","KN294705v1","1064459","1064762","34","24922180"
"chr1","25998224","25998523","KN294790v1","163386","163690","37","25834838"
"chr1","25998660","25998753","KN297320v1","557227","557321","27","25441433"
"chr1","25999177","25999371","KN294619v1","857264","857467","34","25141913"
"chr1","26013409","26013719","KN294848v1","791447","791757","40","25221962"
"chr1","26047410","26047591","KN294416v1","249743","249935","33","25797667"
"chr1","26073427","26073736","KN294457v1","515692","515995","43","25557735"
"chr1","26074815","26075108","KN296205v1","610481","610775","42","25464334"
"chr1","26087367","26087659","KN294239v1","344639","344929","29","25742728"
"chr1","26092110","26092352","KN294991v1","995507","995758","38","25096603"
"chr1","26106051","26106355","KN296508v1","659940","660226","58","25446111"
"chr1","26109484","26109779","KN294470v1","2136945","2137241","29","23972539"
"chr1","26119289","26119588","KN295319v1","93746","94048","38","26025543"
"chr1","26151104","26151401","KN295480v1","1514936","1515236","40","24636168"
"chr1","26170709","26170976","KN296119v1","5914350","5914624","55","20256359"
"chr1","26181460","26181726","KN294470v1","1342873","1343145","45","24838587"
"chr1","26196836","26197128","KN295326v1","100464","100755","36","26096372"
"chr1","26222454","26222759","KN295995v1","1865361","1865672","33","24357093"
"chr1","26227705","26228004","KN294446v1","240983","241287","44","25986722"
"chr1","26235661","26235961","KN294571v1","1575904","1576204","47","24659757"
"chr1","26237570","26237876","KN295607v1","4377455","4377758","32","21860115"
"chr1","26238195","26238362","KN294292v1","211892","212059","32","26026303"
"chr1","26238689","26238981","KN295814v1","944913","945197","56","25293776"
"chr1","26244286","26244589","KN296959v1","1610341","1610649","34","24633945"
"chr1","26256875","26257177","KN294987v1","1401217","1401518","38","24855658"
"chr1","26257946","26258236","KN294419v1","34484","34783","40","26223462"
"chr1","26266617","26266919","KN294193v1","425211","425504","44","25841406"
"chr1","26271407","26271689","KN295523v1","3435976","3436268","46","22835431"
"chr1","26307860","26308152","KN297023v1","480259","480560","44","25827601"
"chr1","26343217","26343536","KN296547v1","627587","627905","39","25715630"
"chr1","26357478","26357765","KN297056v1","22273","22562","40","26335205"
"chr1","26402250","26402493","KN295405v1","757351","757593","43","25644899"
"chr1","26403839","26404147","KN295735v1","713972","714275","41","25689867"
"chr1","26418752","26419063","KN296306v1","3682608","3682916","33","22736144"
"chr1","26428463","26428761","KN295480v1","1302107","1302401","37","25126356"
"chr1","26436533","26436842","KN294520v1","587560","587866","38","25848973"
"chr1","26440332","26440629","KN296810v1","26632","26932","44","26413700"
"chr1","26446792","26447103","KN296643v1","852402","852709","44","25594390"
"chr1","26451694","26451995","KN295091v1","2692987","2693285","43","23758707"
"chr1","26458510","26458801","KN295717v1","392636","392919","40","26065874"
"chr1","26461866","26462177","KN296303v1","514845","515157","43","25947021"
"chr1","26468213","26468502","KN294937v1","266","558","36","26467947"
"chr1","26471205","26471514","KN295366v1","78980","79290","38","26392225"
"chr1","26493468","26493772","KN294747v1","658716","659016","44","25834752"
"chr1","26494463","26494741","KN295667v1","1801623","1801910","41","24692840"
"chr1","26494742","26495038","KN296557v1","13515","13811","32","26481227"
"chr1","26496198","26496506","KN296187v1","1723790","1724099","44","24772408"
"chr1","26503710","26504020","KN297046v1","1490505","1490809","48","25013205"
"chr1","26508613","26508862","KN295405v1","757351","757593","55","25751262"
"chr1","26518366","26518645","KN297046v1","1893600","1893881","39","24624766"
"chr1","26572538","26572829","KN294592v1","884515","884808","36","25688023"
"chr1","26581450","26581746","KN296153v1","1115266","1115561","28","25466184"
"chr1","26597339","26597648","KN294603v1","63949","64255","43","26533390"
"chr1","26605289","26605594","KN294326v1","309006","309309","47","26296283"
"chr1","26643902","26644203","KN294995v1","15599","15901","30","26628303"
"chr1","26647615","26647887","KN294987v1","191902","192180","53","26455713"
"chr1","26649627","26649927","KN294526v1","566964","567261","38","26082663"
"chr1","26654268","26654551","KN294269v1","1190734","1191020","38","25463534"
"chr1","26655489","26655775","KN294842v1","1612432","1612724","51","25043057"
"chr1","26657321","26657615","KN295480v1","1302107","1302401","35","25355214"
"chr1","26665189","26665489","KN294571v1","1575904","1576204","34","25089285"
"chr1","26671871","26672172","KN294443v1","748247","748547","43","25923624"
"chr1","26673200","26673501","KN296153v1","1090111","1090408","35","25583089"
"chr1","26677187","26677460","KN296596v1","124252","124528","36","26552935"
"chr1","26682377","26682686","KN295893v1","201085","201389","44","26481292"
"chr1","26684167","26684477","KN296145v1","3430721","3431032","48","23253446"
"chr1","26686479","26686776","KN294407v1","3027269","3027567","40","23659210"
"chr1","26692098","26692316","KN296263v1","107832","108045","38","26584266"
"chr1","26692492","26692711","KN295406v1","275159","275372","48","26417333"
"chr1","26694781","26695031","KN295717v1","1445363","1445625","43","25249418"
"chr1","26696135","26696401","KN294218v1","2753577","2753834","38","23942558"
"chr1","26712422","26712717","KN296460v1","592960","593253","35","26119462"
"chr1","26721744","26722037","KN295729v1","1349755","1350051","44","25371989"
"chr1","26743684","26744003","KN294592v1","1204654","1204970","41","25539030"
"chr1","26746983","26747273","KN294326v1","619990","620278","37","26126993"
"chr1","26755708","26756022","KN296153v1","3313754","3314062","45","23441954"
"chr1","26779940","26780231","KN294911v1","4220583","4220876","40","22559357"
"chr1","26787693","26787822","KN294187v1","357730","357860","18","26429963"
"chr1","26788680","26788835","KN294187v1","1105095","1105248","30","25683585"
"chr1","26813559","26813854","KN296538v1","1540443","1540738","37","25273116"
"chr1","26816468","26816653","KN294790v1","6048085","6048269","36","20768383"
"chr1","26823828","26824126","KN297023v1","480259","480560","32","26343569"
"chr1","26824711","26825003","KN294456v1","1098138","1098439","46","25726573"
"chr1","26846081","26846390","KN295586v1","1244707","1245017","42","25601374"
"chr1","26870955","26871246","KN295480v1","1302107","1302401","39","25568848"
"chr1","26886301","26886609","KN296311v1","3957005","3957309","39","22929296"
"chr1","26907308","26907588","KN296138v1","3145","3429","33","26904163"
"chr1","26915149","26915452","KN294456v1","1098138","1098439","34","25817011"
"chr1","26926054","26926334","KN294662v1","218243","218524","44","26707811"
"chr1","26933757","26934047","KN297233v1","523000","523293","31","26410757"
"chr1","26937576","26937888","KN296609v1","427443","427749","32","26510133"
"chr1","26955706","26956020","KN296138v1","187826","188139","30","26767880"
"chr1","26975455","26975762","KN295962v1","2329043","2329352","41","24646412"
"chr1","26986024","26986333","KN297445v1","1504441","1504746","44","25481583"
"chr1","26990708","26990900","KN294741v1","1596077","1596264","34","25394631"
"chr1","26996295","26996604","KN295533v1","1966828","1967135","31","25029467"
"chr1","27000936","27001221","KN294245v1","294908","295200","43","26706028"
"chr1","27012469","27012767","KN294456v1","592934","593237","40","26419535"
"chr1","27021750","27022055","KN295236v1","3894467","3894776","43","23127283"
"chr1","27022937","27023241","KN296019v1","377651","377957","47","26645286"
"chr1","27028290","27028599","KN295893v1","7000895","7001206","46","20027395"
"chr1","27030300","27030601","KN297245v1","1416081","1416379","38","25614219"
"chr1","27046601","27046900","KN296541v1","177294","177595","38","26869307"
"chr1","27048930","27049244","KN294199v1","636506","636815","46","26412424"
"chr1","27049724","27050007","KN297046v1","1893600","1893881","43","25156124"
"chr1","27065339","27065647","KN296404v1","2470734","2471040","30","24594605"
"chr1","27068789","27069082","KN294516v1","17906","18200","33","27050883"
"chr1","27070452","27070757","KN294790v1","163386","163690","43","26907066"
"chr1","27077641","27077944","KN294345v1","1360179","1360481","32","25717462"
"chr1","27084925","27085226","KN297322v1","1224244","1224547","33","25860681"
"chr1","27094201","27094500","KN294456v1","1098138","1098439","31","25996063"
"chr1","27095455","27095755","KN296783v1","300188","300482","41","26795267"
"chr1","27097487","27097794","KN296955v1","951156","951462","40","26146331"
"chr1","27107281","27107586","KN294446v1","240983","241287","30","26866298"
"chr1","27120121","27120438","KN296145v1","2451188","2451482","53","24668933"
"chr1","27126091","27126384","KN295394v1","556635","556929","41","26569456"
"chr1","27129666","27129978","KN295045v1","451861","452165","37","26677805"
"chr1","27153476","27153811","KN296035v1","538928","539258","48","26614548"
"chr1","27167395","27167620","KN296079v1","2860738","2860978","49","24306657"
"chr1","27170566","27170800","KN295405v1","757351","757593","55","26413215"
"chr1","27172301","27172622","KN294790v1","5868297","5868622","39","21304004"
"chr1","27178595","27178892","KN296153v1","1090111","1090408","36","26088484"
"chr1","27179996","27180324","KN295735v1","713634","713968","40","26466362"
"chr1","27180422","27180726","KN294170v1","5505","5809","40","27174917"
"chr1","27203672","27203975","KN296847v1","376638","376939","40","26827034"
"chr1","27206947","27207239","KN295326v1","100464","100755","32","27106483"
"chr1","27212116","27212422","KN294992v1","176419","176728","37","27035697"
"chr1","27215880","27216184","KN294521v1","404396","404704","38","26811484"
"chr1","27218051","27218332","KN296864v1","1076694","1076968","48","26141357"
"chr1","27242418","27242728","KN294790v1","163386","163690","35","27079032"
"chr1","27245576","27245879","KN294433v1","48847","49148","31","27196729"
"chr1","27246084","27246372","KN295573v1","502898","503186","34","26743186"
"chr1","27250849","27251061","KN294848v1","1405225","1405440","25","25845624"
"chr1","27274181","27274404","KN296315v1","1938166","1938391","28","25336015"
"chr1","27291917","27292225","KN296145v1","3430721","3431032","34","23861196"
"chr1","27340019","27340292","KN297314v1","616778","617057","46","26723241"
"chr1","27340807","27341100","KN295996v1","495798","496097","43","26845009"
"chr1","27353500","27353814","KN294407v1","3027269","3027567","58","24326231"
"chr1","27375678","27375976","KN294526v1","334958","335253","39","27040720"
"chr1","27376159","27376463","KN295433v1","155499","155801","40","27220660"
"chr1","27391665","27391834","KN294957v1","73265","73439","37","27318400"
"chr1","27402091","27402397","KN297312v1","723735","724043","30","26678356"
"chr1","27424996","27425188","KN297184v1","1200676","1200870","33","26224320"
"chr1","27426092","27426211","KN296948v1","1402202","1402316","22","26023890"
"chr1","27426896","27427083","KN297141v1","158733","158926","40","27268163"
"chr1","27427799","27428089","KN297233v1","523000","523293","32","26904799"
"chr1","27456733","27457039","KN294199v1","636506","636815","30","26820227"
"chr1","27460148","27460450","KN297112v1","2276240","2276544","37","25183908"
"chr1","27463987","27464301","KN296153v1","2588708","2589012","42","24875279"
"chr1","27488295","27488629","KN294466v1","12634","12944","57","27475661"
"chr1","27509488","27509790","KN294790v1","428668","428977","46","27080820"
"chr1","27518152","27518453","KN294539v1","1287945","1288241","38","26230207"
"chr1","27584930","27585229","KN295988v1","295366","295665","30","27289564"
"chr1","27589556","27589816","KN297094v1","311049","311330","57","27278507"
"chr1","27591540","27591716","KN294957v1","73265","73439","27","27518275"
"chr1","27620115","27620416","KN296266v1","31062","31371","38","27589053"
"chr1","27625869","27626175","KN295319v1","93746","94048","40","27532123"
"chr1","27638822","27639154","KN295977v1","72666","72990","48","27566156"
"chr1","27647903","27648213","KN294536v1","1673482","1673773","51","25974421"
"chr1","27649355","27649663","KN295236v1","3914928","3915239","38","23734427"
"chr1","27654255","27654546","KN295708v1","462504","462789","38","27191751"
"chr1","27660245","27660543","KN296268v1","676719","677021","33","26983526"
"chr1","27663761","27664072","KN294848v1","791447","791757","34","26872314"
"chr1","27670218","27670412","KN294181v1","478503","478694","31","27191715"
"chr1","27671106","27671395","KN294806v1","681476","681761","42","26989630"
"chr1","27690028","27690351","KN295735v1","1160753","1161064","52","26529275"
"chr1","27691000","27691309","KN294705v1","623696","624002","36","27067304"
"chr1","27712576","27712842","KN295441v1","903012","903285","61","26809564"
"chr1","27730863","27731178","KN297276v1","143691","143993","46","27587172"
"chr1","27740878","27741183","KN294790v1","3517087","3517388","40","24223791"
"chr1","27763998","27764273","KN296225v1","456341","456619","44","27307657"
"chr1","27772996","27773207","KN296430v1","655059","655273","31","27117937"
"chr1","27787940","27788241","KN297023v1","480259","480560","33","27307681"
"chr1","27803826","27804128","KN296225v1","571832","572130","35","27231994"
"chr1","27806903","27807204","KN295984v1","2540291","2540591","33","25266612"
"chr1","27809638","27809952","KN295090v1","126321","126630","43","27683317"
"chr1","27819540","27819833","KN296153v1","863239","863546","47","26956301"
"chr1","27822412","27822641","KN294705v1","618350","618577","36","27204062"
"chr1","27847900","27848199","KN295633v1","2434542","2434837","42","25413358"
"chr1","27852861","27853170","KN296643v1","852402","852709","42","27000459"
"chr1","27855885","27856186","KN297245v1","1416081","1416379","28","26439804"
"chr1","27862075","27862370","KN295731v1","46961","47258","33","27815114"
"chr1","27871227","27871520","KN296153v1","1115266","1115561","36","26755961"
"chr1","27871593","27871788","KN296495v1","510488","510677","36","27361105"
"chr1","27872310","27872614","KN295301v1","716124","716425","38","27156186"
"chr1","27881837","27882148","KN295748v1","161587","161896","33","27720250"
"chr1","27884757","27885022","KN297141v1","190005","190267","47","27694752"
"chr1","27889077","27889369","KN295828v1","1026333","1026620","37","26862744"
"chr1","27906473","27906649","KN295077v1","524436","524601","32","27382037"
"chr1","27922056","27922351","KN294937v1","266","558","39","27921790"
"chr1","27928806","27929115","KN296311v1","497102","497413","50","27431704"
"chr1","27929844","27930149","KN296485v1","241889","242192","35","27687955"
"chr1","27935128","27935442","KN295090v1","2486557","2486869","40","25448571"
"chr1","27936253","27936551","KN294456v1","1098138","1098439","41","26838115"
"chr1","27939894","27940055","KN294831v1","658690","658843","21","27281204"
"chr1","27959374","27959606","KN295667v1","489644","489869","44","27469730"
"chr1","27962348","27962655","KN295984v1","2382962","2383261","46","25579386"
"chr1","27983532","27983843","KN294957v1","62097","62408","30","27921435"
"chr1","27994239","27994526","KN296682v1","4552635","4552930","45","23441604"
"chr1","27997819","27998116","KN296322v1","2692700","2693002","42","25305119"
"chr1","28035169","28035468","KN294571v1","1575904","1576204","37","26459265"
"chr1","28037936","28038221","KN295371v1","448057","448341","34","27589879"
"chr1","28049559","28049852","KN295835v1","84846","85139","35","27964713"
"chr1","28083449","28083767","KN296682v1","4444610","4444918","55","23638839"
"chr1","28084945","28085245","KN296430v1","1105044","1105344","35","26979901"
"chr1","28085591","28085888","KN295987v1","138341","138634","36","27947250"
"chr1","28105559","28105846","KN296153v1","1090111","1090408","41","27015448"
"chr1","28107301","28107605","KN294987v1","452402","452702","53","27654899"
"chr1","28128064","28128360","KN296430v1","1136125","1136422","32","26991939"
"chr1","28130950","28131255","KN294147v1","1899027","1899325","40","26231923"
"chr1","28156196","28156475","KN294570v1","116175","116454","41","28040021"
"chr1","28157714","28158014","KN294571v1","1575904","1576204","43","26581810"
"chr1","28161375","28161681","KN294470v1","1316774","1317068","52","26844601"
"chr1","28169297","28169589","KN296781v1","21399","21688","36","28147898"
"chr1","28177312","28177621","KN295362v1","1043462","1043763","34","27133850"
"chr1","28181150","28181444","KN296682v1","1930392","1930690","30","26250758"
"chr1","28182396","28182693","KN294548v1","1341118","1341419","45","26841278"
"chr1","28210392","28210646","KN297154v1","1017436","1017681","36","27192956"
"chr1","28225186","28225474","KN296743v1","202352","202637","38","28022834"
"chr1","28237737","28238035","KN295096v1","323672","323982","47","27914065"
"chr1","28245181","28245471","KN294444v1","166708","167002","44","28078473"
"chr1","28258157","28258455","KN296964v1","1801449","1801744","33","26456708"
"chr1","28262702","28263010","KN295977v1","526778","527087","36","27735924"
"chr1","28274296","28274439","KN294445v1","855366","855529","48","27418930"
"chr1","28294077","28294365","KN295729v1","826689","826980","33","27467388"
"chr1","28303984","28304278","KN295480v1","1302107","1302401","42","27001877"
"chr1","28308293","28308580","KN297165v1","655293","655575","42","27653000"
"chr1","28308882","28309184","KN295586v1","5220291","5220588","46","23088591"
"chr1","28310097","28310390","KN294172v1","6311128","6311420","39","21998969"
"chr1","28312609","28312910","KN294181v1","447115","447410","40","27865494"
"chr1","28319422","28319697","KN296577v1","302331","302604","41","28017091"
"chr1","28324389","28324677","KN295420v1","349594","349876","34","27974795"
"chr1","28330071","28330365","KN295607v1","4406348","4406645","40","23923723"
"chr1","28335231","28335523","KN295671v1","310148","310439","35","28025083"
"chr1","28344214","28344509","KN296153v1","1090111","1090408","34","27254103"
"chr1","28367816","28368055","KN295430v1","2480754","2480992","28","25887062"
"chr1","28382985","28383297","KN294385v1","131924","132234","40","28251061"
"chr1","28400979","28401290","KN296167v1","450049","450355","36","27950930"
"chr1","28406860","28407162","KN296847v1","376638","376939","37","28030222"
"chr1","28411121","28411413","KN295825v1","740950","741242","35","27670171"
"chr1","28416062","28416362","KN294181v1","1579076","1579376","40","26836986"
"chr1","28430538","28430841","KN294848v1","512947","513252","34","27917591"
"chr1","28433510","28433812","KN294991v1","1014370","1014671","29","27419140"
"chr1","28434908","28435150","KN296513v1","1780539","1780776","35","26654369"
"chr1","28440431","28440736","KN295586v1","2376892","2377190","45","26063539"
"chr1","28443466","28443789","KN297094v1","100621","100953","59","28342845"
"chr1","28447599","28447923","KN295940v1","574676","575006","58","27872923"
"chr1","28448537","28448696","KN295284v1","109927","110084","30","28338610"
"chr1","28455417","28455711","KN296153v1","1090111","1090408","33","27365306"
"chr1","28463185","28463493","KN295735v1","994649","994952","40","27468536"
"chr1","28472726","28472908","KN294790v1","6048085","6048269","45","22424641"
"chr1","28477857","28478029","KN297332v1","14058","14231","27","28463799"
"chr1","28480036","28480331","KN294172v1","2666506","2666800","36","25813530"
"chr1","28485394","28485638","KN296079v1","2860738","2860978","57","25624656"
"chr1","28491243","28491517","KN296844v1","676165","676437","39","27815078"
"chr1","28491921","28492199","KN294713v1","866445","866715","43","27625476"
"chr1","28492775","28493066","KN295096v1","2965990","2966278","32","25526785"
"chr1","28495691","28495989","KN294987v1","1477069","1477366","38","27018622"
"chr1","28503599","28503902","KN295027v1","719477","719776","49","27784122"
"chr1","28510695","28510996","KN294224v1","583802","584104","38","27926893"
"chr1","28532193","28532496","KN297154v1","1039874","1040175","36","27492319"
"chr1","28535042","28535337","KN295573v1","192599","192895","30","28342443"
"chr1","28543284","28543588","KN296795v1","1227158","1227464","42","27316126"
"chr1","28558657","28558962","KN296311v1","8317826","8318133","32","20240831"
"chr1","28561279","28561580","KN294634v1","258249","258558","40","28303030"
"chr1","28579285","28579573","KN295366v1","124181","124471","41","28455104"
"chr1","28583548","28583861","KN296311v1","8317826","8318133","40","20265722"
"chr1","28594594","28594831","KN295405v1","757351","757593","42","27837243"
"chr1","28606334","28606627","KN295573v1","192599","192895","41","28413735"
"chr1","28615503","28615823","KN295922v1","130002","130315","46","28485501"
"chr1","28626637","28626954","KN294705v1","186396","186702","48","28440241"
"chr1","28637641","28637947","KN294548v1","183783","184100","80","28453858"
"chr1","28640737","28641020","KN294711v1","802497","802778","52","27838240"
"chr1","28645597","28645889","KN296035v1","786698","786989","39","27858899"
"chr1","28653460","28653746","KN294734v1","117898","118184","42","28535562"
"chr1","28658696","28658989","KN295055v1","143622","143920","32","28515074"
"chr1","28666874","28667099","KN294345v1","881883","882096","47","27784991"
"chr1","28667519","28667817","KN296726v1","932743","933041","47","27734776"
"chr1","28689086","28689388","KN295883v1","173429","173738","39","28515657"
"chr1","28690197","28690450","KN297263v1","804232","804492","38","27885965"
"chr1","28701125","28701421","KN296153v1","3616825","3617121","42","25084300"
"chr1","28734280","28734574","KN295871v1","615076","615373","39","28119204"
"chr1","28746612","28746912","KN294539v1","1287945","1288241","30","27458667"
"chr1","28749037","28749194","KN296146v1","210647","210789","30","28538390"
"chr1","28749248","28749460","KN296750v1","1447693","1447904","37","27301555"
"chr1","28761306","28761609","KN296833v1","30824","31126","30","28730482"
"chr1","28769228","28769544","KN294987v1","1186898","1187209","71","27582330"
"chr1","28774407","28774718","KN296303v1","514845","515157","27","28259562"
"chr1","28779963","28780270","KN296311v1","4084587","4084892","45","24695376"
"chr1","28792176","28792473","KN294521v1","321755","322056","60","28470421"
"chr1","28799339","28799649","KN296731v1","694955","695263","40","28104384"
"chr1","28799889","28800183","KN297233v1","523000","523293","44","28276889"
"chr1","28822421","28822741","KN294513v1","381702","382018","60","28440719"
"chr1","28826913","28827195","KN296153v1","2393235","2393519","36","26433678"
"chr1","28837226","28837529","KN294539v1","2083944","2084246","40","26753282"
"chr1","28838846","28839155","KN295605v1","299780","300090","40","28539066"
"chr1","28842141","28842429","KN295988v1","1123923","1124209","50","27718218"
"chr1","28842715","28843004","KN294470v1","3497691","3497989","38","25345024"
"chr1","28846862","28847116","KN295490v1","43581","43843","43","28803281"
"chr1","28858238","28858545","KN296503v1","539763","540066","37","28318475"
"chr1","28881169","28881480","KN296484v1","351750","352061","30","28529419"
"chr1","28892714","28893022","KN295571v1","513084","513393","39","28379630"
"chr1","28897294","28897577","KN294287v1","139927","140217","44","28757367"
"chr1","28898531","28898788","KN294279v1","542092","542347","33","28356439"
"chr1","28912164","28912461","KN294991v1","293673","293971","32","28618491"
"chr1","28927772","28928065","KN294407v1","598111","598399","36","28329661"
"chr1","28930438","28930736","KN295814v1","1261993","1262292","30","27668445"
"chr1","28933019","28933293","KN297171v1","2628817","2629092","36","26304202"
"chr1","28935217","28935533","KN294251v1","1527189","1527497","39","27408028"
"chr1","28942728","28943059","KN297083v1","771895","772225","42","28170833"
"chr1","28945166","28945381","KN295977v1","1276894","1277103","66","27668272"
"chr1","28954642","28954950","KN296306v1","3686137","3686439","36","25268505"
"chr1","28956459","28956766","KN295433v1","250702","251008","42","28705757"
"chr1","28958952","28959263","KN296495v1","550769","551079","37","28408183"
"chr1","28962181","28962470","KN294506v1","59736","60037","54","28902445"
"chr1","28992463","28992754","KN294991v1","1838724","1839016","38","27153739"
"chr1","28993383","28993678","KN294571v1","1575904","1576204","32","27417479"
"chr1","29012264","29012564","KN297112v1","6478463","6478766","38","22533801"
"chr1","29022298","29022600","KN294378v1","1174635","1174937","36","27847663"
"chr1","29024391","29024698","KN294326v1","309006","309309","38","28715385"
"chr1","29034699","29034977","KN295987v1","1241626","1241902","40","27793073"
"chr1","29038857","29039152","KN297159v1","1333228","1333529","36","27705629"
"chr1","29041506","29041788","KN296743v1","202352","202637","37","28839154"
"chr1","29041892","29042183","KN296496v1","1022471","1022764","39","28019421"
"chr1","29057338","29057594","KN295717v1","1445363","1445625","34","27611975"
"chr1","29063589","29063885","KN297008v1","1825305","1825608","38","27238284"
"chr1","29064678","29064920","KN297133v1","912117","912343","42","28152561"
"chr1","29090904","29091179","KN296404v1","1114336","1114617","48","27976568"
"chr1","29105186","29105495","KN295708v1","2271788","2272099","36","26833398"
"chr1","29109751","29110026","KN294777v1","603434","603706","44","28506317"
"chr1","29110578","29110866","KN294172v1","6311128","6311420","34","22799450"
"chr1","29129975","29130270","KN294539v1","1287945","1288241","35","27842030"
"chr1","29137130","29137432","KN294456v1","1098138","1098439","33","28038992"
"chr1","29140149","29140457","KN294856v1","158144","158448","38","28982005"
"chr1","29161323","29161619","KN295610v1","393529","393825","42","28767794"
"chr1","29170805","29171101","KN295394v1","874778","875084","42","28296027"
"chr1","29216603","29216947","KN295523v1","4016869","4017218","70","25199734"
"chr1","29219028","29219224","KN297259v1","1363077","1363271","38","27855951"
"chr1","29232854","29233155","KN294790v1","163386","163690","40","29069468"
"chr1","29237794","29238092","KN297245v1","1416081","1416379","37","27821713"
"chr1","29242442","29242747","KN296205v1","1038770","1039076","30","28203672"
"chr1","29249094","29249388","KN296810v1","82391","82687","35","29166703"
"chr1","29251744","29252049","KN297046v1","1613554","1613860","43","27638190"
"chr1","29259846","29260156","KN294378v1","1567295","1567599","35","27692551"
"chr1","29273109","29273416","KN295607v1","3831101","3831405","43","25442008"
"chr1","29277568","29277858","KN296620v1","349918","350214","36","28927650"
"chr1","29290545","29290841","KN297274v1","1023468","1023763","28","28267077"
"chr1","29323194","29323503","KN294172v1","3880118","3880424","39","25443076"
"chr1","29337530","29337833","KN294456v1","1098138","1098439","37","28239392"
"chr1","29338236","29338549","KN296528v1","1455309","1455620","40","27882927"
"chr1","29356357","29356651","KN296926v1","728665","728961","33","28627692"
"chr1","29357277","29357592","KN294526v1","248315","248626","42","29108962"
"chr1","29405611","29405914","KN294571v1","240702","241007","30","29164909"
"chr1","29508228","29508534","KN295988v1","1555120","1555419","34","27953108"
"chr1","29587509","29587789","KN294235v1","307834","308121","42","29279675"
"chr1","29715463","29715777","KN297008v1","6308960","6309259","49","23406503"
"chr1","29843678","29843973","KN294470v1","521836","522129","34","29321842"
"chr1","29887448","29887740","KN294470v1","2136945","2137241","38","27750503"
"chr1","29941948","29942235","KN294509v1","346253","346540","35","29595695"
"chr1","29948300","29948598","KN297320v1","1223277","1223582","42","28725023"
"chr1","29966912","29967229","KN297452v1","2695443","2695759","42","27271469"
"chr1","29986572","29986883","KN297361v1","166730","167034","38","29819842"
"chr1","30269095","30269382","KN296791v1","119126","119422","47","30149969"
"chr1","30343922","30344232","KN295962v1","2479664","2479973","36","27864258"
"chr1","30478598","30478899","KN294446v1","240983","241287","36","30237615"
"chr1","30603000","30603269","KN295592v1","1986950","1987223","40","28616050"
"chr1","30658718","30658982","KN294899v1","537119","537380","42","30121599"
"chr1","30759298","30759600","KN295637v1","795675","795978","41","29963623"
"chr1","30867964","30868254","KN295871v1","542479","542775","30","30325485"
"chr1","30877869","30878176","KN294603v1","94935","95232","38","30782934"
"chr1","30914523","30914793","KN297008v1","4187432","4187699","38","26727091"
"chr1","30922682","30922965","KN294603v1","126477","126757","27","30796205"
"chr1","30963897","30964204","KN294603v1","167174","167486","36","30796723"
"chr1","31002289","31002585","KN294603v1","203454","203749","22","30798835"
"chr1","31024859","31025156","KN296290v1","436882","437182","39","30587977"
"chr1","31027515","31027810","KN294705v1","11247","11546","32","31016268"
"chr1","31037366","31037672","KN294705v1","21430","21741","36","31015936"
"chr1","31075677","31075961","KN294372v1","1629572","1629847","44","29446105"
"chr1","31077806","31078105","KN295102v1","355816","356110","45","30721990"
"chr1","31089632","31089935","KN296157v1","1204996","1205297","35","29884636"
"chr1","31114763","31115041","KN294705v1","101152","101426","28","31013611"
"chr1","31133417","31133715","KN295112v1","477640","477949","41","30655777"
"chr1","31140751","31141028","KN294705v1","125988","126277","40","31014763"
"chr1","31148584","31148883","KN294705v1","135206","135506","38","31013378"
"chr1","31153616","31153900","KN294662v1","218243","218524","28","30935373"
"chr1","31161901","31162202","KN294705v1","149508","149809","33","31012393"
"chr1","31164635","31164919","KN295441v1","241438","241723","31","30923197"
"chr1","31172086","31172390","KN294287v1","289657","289957","47","30882429"
"chr1","31180774","31181083","KN295922v1","130002","130315","37","31050772"
"chr1","31185626","31185912","KN296153v1","2393235","2393519","40","28792391"
"chr1","31191609","31191910","KN294375v1","493338","493642","43","30698271"
"chr1","31199959","31200258","KN294705v1","178857","179156","20","31021102"
"chr1","31215577","31215866","KN295198v1","490822","491112","43","30724755"
"chr1","31217313","31217624","KN296812v1","369623","369935","41","30847690"
"chr1","31219788","31220059","KN294705v1","196948","197223","43","31022840"
"chr1","31221130","31221435","KN294705v1","199517","199829","28","31021613"
"chr1","31226393","31226706","KN297118v1","155400","155697","48","31070993"
"chr1","31228812","31229099","KN294705v1","207990","208276","26","31020822"
"chr1","31230498","31230806","KN294705v1","209943","210244","36","31020555"
"chr1","31232549","31232861","KN294705v1","211987","212294","32","31020562"
"chr1","31240980","31241266","KN295717v1","455768","456056","40","30785212"
"chr1","31242610","31242825","KN294705v1","224112","224350","42","31018498"
"chr1","31245310","31245469","KN295157v1","155053","155207","20","31090257"
"chr1","31260908","31261202","KN294705v1","237979","238279","32","31022929"
"chr1","31263014","31263325","KN296404v1","2534470","2534781","42","28728544"
"chr1","31263791","31264121","KN296079v1","686222","686522","58","30577569"
"chr1","31277045","31277334","KN296520v1","238167","238454","38","31038878"
"chr1","31280853","31281150","KN294705v1","249307","249609","26","31031546"
"chr1","31287292","31287554","KN295984v1","728172","728434","32","30559120"
"chr1","31303537","31303852","KN294705v1","274391","274707","24","31029146"
"chr1","31308618","31308920","KN297245v1","1416081","1416379","40","29892537"
"chr1","31311005","31311311","KN294705v1","282404","282706","28","31028601"
"chr1","31317024","31317325","KN294456v1","1098138","1098439","29","30218886"
"chr1","31318584","31318741","KN296312v1","159626","159790","30","31158958"
"chr1","31323963","31324265","KN294705v1","295051","295345","33","31028912"
"chr1","31334362","31334668","KN294705v1","305359","305659","34","31029003"
"chr1","31338065","31338355","KN295045v1","704827","705123","47","30633238"
"chr1","31373719","31374038","KN294705v1","343629","343945","40","31030090"
"chr1","31397954","31398257","KN296178v1","892526","892831","42","30505428"
"chr1","31404805","31405092","KN296508v1","1887999","1888284","40","29516806"
"chr1","31417154","31417464","KN294705v1","389071","389364","43","31028083"
"chr1","31420303","31420625","KN295893v1","2972903","2973217","66","28447400"
"chr1","31427791","31428098","KN294705v1","399151","399462","31","31028640"
"chr1","31446600","31446765","KN296577v1","523500","523670","24","30923100"
"chr1","31456273","31456558","KN294705v1","430220","430521","35","31026053"
"chr1","31472422","31472744","KN295459v1","1416836","1417149","59","30055586"
"chr1","31488422","31488714","KN294705v1","463243","463537","27","31025179"
"chr1","31492411","31492705","KN294705v1","467504","467796","37","31024907"
"chr1","31493990","31494277","KN294457v1","974040","974335","42","30519950"
"chr1","31503007","31503173","KN295284v1","109927","110084","34","31393080"
"chr1","31509322","31509635","KN294592v1","1321409","1321720","35","30187913"
"chr1","31518802","31519030","KN297186v1","50383","50628","56","31468419"
"chr1","31533292","31533573","KN296079v1","2257459","2257745","46","29275833"
"chr1","31543270","31543572","KN294964v1","1832698","1833002","44","29710572"
"chr1","31620523","31620828","KN294705v1","570877","571189","29","31049646"
"chr1","31663147","31663414","KN295744v1","406254","406521","46","31256893"
"chr1","31667190","31667500","KN294705v1","610111","610407","39","31057079"
"chr1","31675008","31675224","KN294705v1","618350","618577","22","31056658"
"chr1","31680400","31680676","KN295441v1","1677744","1678019","37","30002656"
"chr1","31681244","31681543","KN296726v1","431149","431458","36","31250095"
"chr1","31686806","31687084","KN296406v1","158505","158783","38","31528301"
"chr1","31714777","31715050","KN295940v1","135883","136155","42","31578894"
"chr1","31722999","31723287","KN294705v1","666509","666794","21","31056490"
"chr1","31724937","31725246","KN294705v1","668449","668751","40","31056488"
"chr1","31820666","31820958","KN297146v1","129898","130192","32","31690768"
"chr1","31835691","31835983","KN294172v1","6311128","6311420","42","25524563"
"chr1","31927401","31927698","KN295282v1","105605","105903","29","31821796"
"chr1","31932104","31932273","KN296481v1","376034","376200","24","31556070"
"chr1","31934743","31934991","KN296580v1","1072261","1072523","44","30862482"
"chr1","31950013","31950307","KN294705v1","885102","885400","33","31064911"
"chr1","31951653","31951953","KN294539v1","1287945","1288241","34","30663708"
"chr1","32004618","32004928","KN294987v1","1186898","1187209","42","30817720"
"chr1","32015325","32015632","KN294705v1","948769","949066","30","31066556"
"chr1","32016502","32016809","KN294705v1","950561","950872","36","31065941"
"chr1","32025752","32026063","KN294592v1","1321409","1321720","35","30704343"
"chr1","32049100","32049403","KN297286v1","129018","129322","36","31920082"
"chr1","32073701","32074012","KN294705v1","1006159","1006471","32","31067542"
"chr1","32085498","32085789","KN294705v1","1019409","1019698","31","31066089"
"chr1","32090865","32091161","KN294705v1","1025003","1025300","26","31065862"
"chr1","32095823","32096048","KN295405v1","757351","757593","51","31338472"
"chr1","32097396","32097692","KN297323v1","162081","162379","38","31935315"
"chr1","32104070","32104364","KN294705v1","1038471","1038765","23","31065599"
"chr1","32104691","32104991","KN294705v1","1039096","1039385","34","31065595"
"chr1","32108905","32109216","KN294705v1","1043509","1043811","31","31065396"
"chr1","32110981","32111269","KN294705v1","1045587","1045883","26","31065394"
"chr1","32121076","32121361","KN294705v1","1055165","1055464","40","31065911"
"chr1","32134241","32134522","KN296040v1","275719","276000","34","31858522"
"chr1","32150590","32150892","KN295459v1","673095","673397","42","31477495"
"chr1","32154801","32155097","KN294705v1","1083875","1084168","30","31070926"
"chr1","32177975","32178287","KN295366v1","311764","312074","40","31866211"
"chr1","32182667","32182969","KN294581v1","619147","619445","34","31563520"
"chr1","32203418","32203720","KN294470v1","2136945","2137241","39","30066473"
"chr1","32211563","32211860","KN294705v1","1136329","1136622","27","31075234"
"chr1","32223067","32223356","KN294705v1","1145933","1146220","28","31077134"
"chr1","32232274","32232547","KN294705v1","1154714","1154988","22","31077560"
"chr1","32234045","32234348","KN294705v1","1156504","1156820","35","31077541"
"chr1","32242482","32242775","KN295692v1","1389864","1390157","34","30852618"
"chr1","32245809","32246118","KN295735v1","979548","979848","42","31266261"
"chr1","32249090","32249377","KN295096v1","2965990","2966278","30","29283100"
"chr1","32252332","32252635","KN294705v1","1178975","1179278","23","31073357"
"chr1","32253886","32254154","KN295590v1","211249","211512","41","32042637"
"chr1","32258387","32258567","KN294957v1","73265","73439","43","32185122"
"chr1","32267922","32268119","KN296426v1","64367","64561","40","32203555"
"chr1","32268120","32268441","KN294705v1","1194081","1194401","40","31074039"
"chr1","32275545","32275846","KN294705v1","1200629","1200933","25","31074916"
"chr1","32277542","32277755","KN294705v1","1202899","1203112","34","31074643"
"chr1","32279495","32279804","KN294486v1","1758447","1758757","39","30521048"
"chr1","32284292","32284604","KN294705v1","1209943","1210242","35","31074349"
"chr1","32299875","32300185","KN294705v1","1225740","1226051","28","31074135"
"chr1","32300476","32300776","KN296883v1","878376","878679","30","31422100"
"chr1","32309752","32310041","KN295832v1","217196","217478","45","32092556"
"chr1","32338040","32338335","KN294613v1","562013","562309","42","31776027"
"chr1","32338362","32338664","KN294705v1","1264252","1264552","33","31074110"
"chr1","32349543","32349849","KN294421v1","62228","62540","38","32287315"
"chr1","32364714","32365012","KN294705v1","430220","430521","36","31934494"
"chr1","32384481","32384660","KN295075v1","627217","627394","30","31757264"
"chr1","32388306","32388591","KN294705v1","1315993","1316277","21","31072313"
"chr1","32445412","32445701","KN294705v1","1372919","1373215","24","31072493"
"chr1","32447190","32447485","KN294705v1","1376040","1376350","41","31071150"
"chr1","32452176","32452487","KN296406v1","250415","250727","38","32201761"
"chr1","32483167","32483476","KN294705v1","1411758","1412064","32","31071409"
"chr1","32483744","32484054","KN296731v1","694955","695263","35","31788789"
"chr1","32500090","32500230","KN295814v1","814251","814399","26","31685839"
"chr1","32503863","32504155","KN294705v1","1433143","1433428","29","31070720"
"chr1","32509276","32509370","KN296557v1","250189","250273","35","32259087"
"chr1","32519766","32520075","KN295236v1","4118266","4118574","38","28401500"
"chr1","32535985","32536286","KN296430v1","1105044","1105344","32","31430941"
"chr1","32549710","32550016","KN295022v1","990860","991167","40","31558850"
"chr1","32550711","32551026","KN294705v1","1484793","1485098","45","31065918"
"chr1","32566337","32566571","KN296775v1","627278","627511","32","31939059"
"chr1","32602647","32602907","KN296609v1","54545","54805","49","32548102"
"chr1","32610579","32610883","KN294705v1","1488005","1488316","31","31122574"
"chr1","32622429","32622731","KN295825v1","888474","888776","46","31733955"
"chr1","32639467","32639781","KN295814v1","1059254","1059558","40","31580213"
"chr1","32640059","32640329","KN297052v1","112892","113161","60","32527167"
"chr1","32641920","32642223","KN294705v1","1527396","1527697","39","31114524"
"chr1","32654687","32654994","KN294705v1","1537713","1538021","26","31116974"
"chr1","32672686","32672985","KN295814v1","1261993","1262292","33","31410693"
"chr1","32688215","32688527","KN295586v1","4859041","4859345","40","27829174"
"chr1","32690093","32690390","KN294705v1","1575657","1575951","26","31114436"
"chr1","32702973","32703266","KN294172v1","6311128","6311420","35","26391845"
"chr1","32703913","32704216","KN294705v1","1588677","1588987","31","31115236"
"chr1","32710733","32711027","KN297046v1","2293933","2294226","30","30416800"
"chr1","32721288","32721589","KN294705v1","1606816","1607122","29","31114472"
"chr1","32724717","32725027","KN294257v1","379317","379626","40","32345400"
"chr1","32725466","32725758","KN294239v1","344639","344929","41","32380827"
"chr1","32731099","32731401","KN294705v1","1617584","1617877","39","31113515"
"chr1","32731639","32731927","KN294705v1","1618132","1618417","32","31113507"
"chr1","32736438","32736689","KN296948v1","1008770","1009024","39","31727668"
"chr1","32739518","32739833","KN294705v1","1628178","1628495","32","31111340"
"chr1","32740396","32740708","KN294705v1","1629056","1629378","54","31111340"
"chr1","32747806","32748104","KN296153v1","1090111","1090408","37","31657695"
"chr1","32748512","32748806","KN295692v1","1389864","1390157","38","31358648"
"chr1","32756066","32756378","KN294705v1","1641726","1642043","30","31114340"
"chr1","32762175","32762344","KN295480v1","3253837","3253994","39","29508338"
"chr1","32770917","32771213","KN295394v1","556635","556929","33","32214282"
"chr1","32785625","32785927","KN297133v1","1039997","1040303","30","31745628"
"chr1","32786181","32786488","KN294705v1","1671077","1671381","16","31115104"
"chr1","32800717","32801016","KN294705v1","1677760","1678056","29","31122957"
"chr1","32809190","32809487","KN294407v1","1559420","1559718","29","31249770"
"chr1","32812835","32813141","KN294705v1","1690073","1690383","36","31122762"
"chr1","32818681","32818971","KN296108v1","1815962","1816250","48","31002719"
"chr1","32829911","32830207","KN294420v1","822079","822371","33","32007832"
"chr1","32830208","32830509","KN297023v1","480259","480560","32","32349949"
"chr1","32834140","32834444","KN294705v1","1715551","1715854","25","31118589"
"chr1","32838557","32838859","KN294705v1","1720244","1720553","34","31118313"
"chr1","32839439","32839727","KN294705v1","1721140","1721434","36","31118299"
"chr1","32842007","32842280","KN294705v1","1723454","1723718","35","31118553"
"chr1","32848301","32848597","KN296557v1","18517","18814","29","32829784"
"chr1","32853659","32853975","KN296157v1","1028954","1029241","89","31824705"
"chr1","32854063","32854361","KN294705v1","1733870","1734159","30","31120193"
"chr1","32860525","32860808","KN294705v1","1741028","1741312","35","31119497"
"chr1","32865894","32866205","KN296062v1","1225964","1226269","47","31639930"
"chr1","32875339","32875609","KN295633v1","1133330","1133601","48","31742009"
"chr1","32894421","32894724","KN294705v1","1776350","1776651","25","31118071"
"chr1","32895390","32895689","KN294571v1","1575904","1576204","36","31319486"
"chr1","32898273","32898573","KN295301v1","716124","716425","36","32182149"
"chr1","32924608","32924901","KN294172v1","822922","823215","31","32101686"
"chr1","32936589","32936890","KN294705v1","1818914","1819211","30","31117675"
"chr1","32955868","32956148","KN294705v1","1838022","1838309","35","31117846"
"chr1","32964886","32965195","KN294199v1","636506","636815","35","32328380"
"chr1","32972747","32973048","KN296833v1","30824","31126","31","32941923"
"chr1","32981998","32982310","KN296484v1","351750","352061","42","32630248"
"chr1","33022808","33022964","KN296311v1","7188511","7188676","29","25834297"
"chr1","33025922","33026231","KN295022v1","990860","991167","36","32035062"
"chr1","33028163","33028461","KN294705v1","1921295","1921593","20","31106868"
"chr1","33029476","33029777","KN294789v1","107780","108080","36","32921696"
"chr1","33036967","33037247","KN295102v1","408403","408684","32","32628564"
"chr1","33037625","33037906","KN294705v1","1931216","1931509","40","31106409"
"chr1","33094026","33094330","KN294193v1","535425","535726","37","32558601"
"chr1","33095307","33095621","KN296381v1","374611","374913","47","32720696"
"chr1","33109919","33110198","KN297242v1","2046546","2046825","34","31063373"
"chr1","33110890","33111172","KN294705v1","2005854","2006146","33","31105036"
"chr1","33128570","33128849","KN294705v1","2021412","2021680","25","31107158"
"chr1","33136766","33137070","KN294705v1","2029615","2029918","32","31107151"
"chr1","33141184","33141476","KN294705v1","2034657","2034961","35","31106527"
"chr1","33152815","33153128","KN296303v1","514845","515157","30","32637970"
"chr1","33157165","33157467","KN294705v1","2053243","2053539","32","31103922"
"chr1","33166773","33167067","KN294705v1","2062484","2062778","25","31104289"
"chr1","33167979","33168104","KN295633v1","2201043","2201169","26","30966936"
"chr1","33168735","33168908","KN294987v1","480021","480187","25","32688714"
"chr1","33171697","33171995","KN294705v1","2069521","2069819","33","31102176"
"chr1","33201169","33201466","KN294705v1","2104089","2104396","27","31097080"
"chr1","33206400","33206680","KN294758v1","2167980","2168265","52","31038420"
"chr1","33209395","33209692","KN294790v1","2412598","2412898","33","30796797"
"chr1","33225429","33225738","KN296093v1","179133","179423","46","33046296"
"chr1","33228021","33228313","KN294705v1","2130270","2130558","29","31097751"
"chr1","33231023","33231322","KN294705v1","2133551","2133857","24","31097472"
"chr1","33232508","33232802","KN294705v1","2135040","2135334","26","31097468"
"chr1","33232812","33233122","KN295366v1","78980","79290","38","33153832"
"chr1","33259627","33259914","KN294705v1","2156807","2157102","40","31102820"
"chr1","33283332","33283624","KN294705v1","2183563","2183856","25","31099769"
"chr1","33288463","33288756","KN294705v1","2188989","2189284","27","31099474"
"chr1","33291872","33292187","KN296635v1","4969030","4969343","43","28322842"
"chr1","33298726","33298951","KN295441v1","1457453","1457675","32","31841273"
"chr1","33300045","33300331","KN295729v1","826689","826980","39","32473356"
"chr1","33357018","33357306","KN294937v1","266","558","42","33356752"
"chr1","33358749","33359053","KN294456v1","1098138","1098439","38","32260611"
"chr1","33372382","33372677","KN295893v1","5868753","5869051","32","27503629"
"chr1","33373680","33374000","KN295735v1","722624","722950","47","32651056"
"chr1","33384931","33385241","KN297108v1","428912","429223","36","32956019"
"chr1","33388558","33388871","KN295225v1","1942340","1942650","41","31446218"
"chr1","33394450","33394758","KN295430v1","2554896","2555197","44","30839554"
"chr1","33418866","33419163","KN296520v1","366666","366970","41","33052200"
"chr1","33427511","33427840","KN295573v1","1028299","1028621","51","32399212"
"chr1","33432559","33432874","KN296508v1","2360417","2360708","60","31072142"
"chr1","33473853","33474164","KN295294v1","919323","919630","38","32554530"
"chr1","33502472","33502771","KN294470v1","2136945","2137241","36","31365527"
"chr1","33515082","33515377","KN294147v1","1376898","1377195","41","32138184"
"chr1","33564549","33564837","KN294193v1","568677","568960","38","32995872"
"chr1","33642974","33643279","KN297008v1","5344216","5344525","37","28298758"
"chr1","33645115","33645441","KN296486v1","67047","67367","56","33578068"
"chr1","33655667","33655970","KN296916v1","469239","469544","31","33186428"
"chr1","33675202","33675505","KN295571v1","1155767","1156067","39","32519435"
"chr1","33696184","33696491","KN294446v1","508370","508676","35","33187814"
"chr1","33758668","33758964","KN294470v1","2136945","2137241","39","31621723"
"chr1","33766774","33767061","KN296743v1","202352","202637","33","33564422"
"chr1","33820300","33820498","KN296750v1","1447693","1447904","32","32372607"
"chr1","33874888","33875164","KN294251v1","1151512","1151787","33","32723376"
"chr1","34304431","34304735","KN295523v1","3729294","3729596","40","30575137"
"chr1","34320567","34320861","KN296153v1","1090111","1090408","40","33230456"
"chr1","34434311","34434577","KN294650v1","27651","27917","35","34406660"
"chr1","34445553","34445863","KN295748v1","161587","161896","44","34283966"
"chr1","34517564","34517616","KN296743v1","1949782","1949825","14","32567782"
"chr1","34517946","34518128","KN295667v1","981703","981884","31","33536243"
"chr1","34724514","34724817","KN294181v1","145618","145914","53","34578896"
"chr1","34774739","34775043","KN295459v1","673095","673397","35","34101644"
"chr1","34906739","34906910","KN297190v1","3837254","3837423","25","31069485"
"chr1","34920896","34921207","KN294548v1","328774","329084","41","34592122"
"chr1","34994351","34994673","KN295090v1","126321","126630","51","34868030"
"chr1","35023572","35023866","KN294991v1","1444231","1444521","34","33579341"
"chr1","35068032","35068289","KN296311v1","1012950","1013205","46","34055082"
"chr1","35127617","35127920","KN296557v1","13515","13811","40","35114102"
"chr1","35145937","35146237","KN294592v1","743418","743718","37","34402519"
"chr1","35153097","35153384","KN294539v1","1287945","1288241","40","33865152"
"chr1","35181448","35181761","KN294790v1","2771318","2771623","41","32410130"
"chr1","35195742","35196000","KN297133v1","1075587","1075851","51","34120155"
"chr1","35206682","35206979","KN295601v1","3238589","3238887","34","31968093"
"chr1","35213934","35214228","KN297023v1","480259","480560","33","34733675"
"chr1","35217043","35217336","KN296743v1","857097","857399","42","34359946"
"chr1","35217862","35218153","KN295366v1","124181","124471","35","35093681"
"chr1","35259152","35259456","KN295671v1","201221","201525","40","35057931"
"chr1","35267720","35268030","KN296036v1","2062557","2062868","35","33205163"
"chr1","35273448","35273759","KN295366v1","78980","79290","37","35194468"
"chr1","35274740","35275021","KN296090v1","98353","98633","42","35176387"
"chr1","35276635","35276928","KN295735v1","951893","952189","46","34324742"
"chr1","35287825","35288130","KN296635v1","3876048","3876352","29","31411777"
"chr1","35297241","35297545","KN294790v1","163386","163690","37","35133855"
"chr1","35302464","35302768","KN295361v1","995296","995598","36","34307168"
"chr1","35307354","35307658","KN295198v1","274974","275272","38","35032380"
"chr1","35308881","35309179","KN295198v1","274974","275272","37","35033907"
"chr1","35313720","35313964","KN297207v1","101750","101994","41","35211970"
"chr1","35316127","35316414","KN294976v1","415425","415700","51","34900702"
"chr1","35347370","35347679","KN295601v1","946462","946775","59","34400908"
"chr1","35349751","35350041","KN295729v1","826689","826980","38","34523062"
"chr1","35352291","35352599","KN294662v1","146480","146789","36","35205811"
"chr1","35352939","35353234","KN294644v1","85408","85699","36","35267531"
"chr1","35355858","35356166","KN294378v1","1504358","1504668","40","33851500"
"chr1","35356212","35356487","KN295940v1","135883","136155","45","35220329"
"chr1","35359177","35359486","KN295487v1","52973","53281","32","35306204"
"chr1","35370158","35370414","KN297008v1","5980262","5980526","50","29389896"
"chr1","35397915","35398226","KN295571v1","513084","513393","39","34884831"
"chr1","35405265","35405573","KN295090v1","126321","126630","35","35278944"
"chr1","35406548","35406851","KN294446v1","240983","241287","36","35165565"
"chr1","35410999","35411308","KN295983v1","1699675","1699986","43","33711324"
"chr1","35415422","35415730","KN297390v1","166530","166837","50","35248892"
"chr1","35421242","35421539","KN294917v1","405138","405434","39","35016104"
"chr1","35422450","35422749","KN295405v1","389811","390107","42","35032639"
"chr1","35423002","35423295","KN294181v1","1424178","1424469","38","33998824"
"chr1","35427614","35427882","KN295157v1","174868","175137","35","35252746"
"chr1","35429415","35429726","KN295112v1","477640","477949","40","34951775"
"chr1","35432623","35432913","KN294561v1","1887166","1887450","49","33545457"
"chr1","35467532","35467847","KN295501v1","781207","781518","55","34686325"
"chr1","35490604","35490894","KN296495v1","417794","418082","41","35072810"
"chr1","35499408","35499702","KN296486v1","1726381","1726674","35","33773027"
"chr1","35520619","35520930","KN294713v1","981170","981477","38","34539449"
"chr1","35529133","35529442","KN296496v1","910602","910902","48","34618531"
"chr1","35532841","35533138","KN295459v1","502848","503143","47","35029993"
"chr1","35535247","35535543","KN296145v1","740136","740436","36","34795111"
"chr1","35548213","35548514","KN297245v1","1416081","1416379","38","34132132"
"chr1","35553021","35553324","KN296303v1","662776","663079","32","34890245"
"chr1","35561454","35561727","KN296153v1","10624","10899","39","35550830"
"chr1","35566984","35567262","KN294987v1","17393","17681","31","35549591"
"chr1","35582004","35582297","KN296025v1","245563","245849","40","35336441"
"chr1","35584392","35584706","KN296921v1","553697","554009","42","35030695"
"chr1","35587761","35588063","KN295343v1","729289","729587","32","34858472"
"chr1","35602876","35603177","KN295459v1","673095","673397","37","34929781"
"chr1","35622978","35623283","KN294571v1","1575904","1576204","44","34047074"
"chr1","35624962","35625058","KN294385v1","1550091","1550189","15","34074871"
"chr1","35625387","35625552","KN296244v1","728807","728972","25","34896580"
"chr1","35628933","35629199","KN294172v1","1540690","1540957","33","34088243"
"chr1","35638375","35638526","KN296153v1","3878718","3878873","36","31759657"
"chr1","35673495","35673787","KN294251v1","3599092","3599390","40","32074403"
"chr1","35673788","35674095","KN294987v1","124730","125040","24","35549058"
"chr1","35690088","35690401","KN295366v1","78980","79290","41","35611108"
"chr1","35696571","35696876","KN294987v1","150685","150984","32","35545886"
"chr1","35719369","35719645","KN296503v1","496541","496827","37","35222828"
"chr1","35732571","35732848","KN294987v1","191902","192180","28","35540669"
"chr1","35746193","35746469","KN294987v1","206401","206695","37","35539792"
"chr1","35771750","35772060","KN294987v1","233072","233371","40","35538678"
"chr1","35793177","35793474","KN294987v1","255037","255337","23","35538140"
"chr1","35822303","35822392","KN295705v1","624174","624261","23","35198129"
"chr1","35822545","35822763","KN296426v1","64367","64561","50","35758178"
"chr1","35841150","35841460","KN295236v1","3914928","3915239","31","31926222"
"chr1","35875764","35876075","KN294987v1","337087","337390","35","35538677"
"chr1","35887494","35887804","KN294733v1","93682","93991","53","35793812"
"chr1","35894416","35894727","KN296153v1","863239","863546","42","35031177"
"chr1","35918078","35918346","KN294733v1","634511","634774","30","35283567"
"chr1","35921568","35921864","KN294539v1","1287945","1288241","29","34633623"
"chr1","35924754","35925060","KN294987v1","393669","393953","38","35531085"
"chr1","35935431","35935739","KN294987v1","404438","404753","32","35530993"
"chr1","35936857","35937166","KN294741v1","1962834","1963142","42","33974023"
"chr1","35943768","35944040","KN294570v1","116175","116454","44","35827593"
"chr1","35944790","35945099","KN294987v1","414712","415022","21","35530078"
"chr1","35945165","35945508","KN294987v1","415095","415390","65","35530070"
"chr1","35972986","35973291","KN294987v1","443267","443562","39","35529719"
"chr1","35976493","35976792","KN295480v1","1302107","1302401","37","34674386"
"chr1","35978229","35978539","KN294987v1","448997","449297","33","35529232"
"chr1","35986082","35986387","KN294987v1","457869","458177","27","35528213"
"chr1","35988562","35988871","KN294987v1","460377","460676","33","35528185"
"chr1","35993726","35993988","KN295828v1","1498966","1499228","41","34494760"
"chr1","35996391","35996628","KN295405v1","757351","757593","43","35239040"
"chr1","36000839","36001122","KN297386v1","2476910","2477197","38","33523929"
"chr1","36004803","36005115","KN294987v1","484757","485066","30","35520046"
"chr1","36010486","36010784","KN294987v1","489943","490241","18","35520543"
"chr1","36012775","36013072","KN294790v1","6205798","6206097","35","29806977"
"chr1","36025853","36026154","KN294987v1","507405","507706","27","35518448"
"chr1","36091530","36091829","KN296153v1","1141287","1141585","32","34950243"
"chr1","36102255","36102425","KN296281v1","205219","205386","25","35897036"
"chr1","36113037","36113331","KN294987v1","596843","597137","28","35516194"
"chr1","36140393","36140697","KN294987v1","624277","624578","28","35516116"
"chr1","36145705","36146006","KN295814v1","1059254","1059558","42","35086451"
"chr1","36154994","36155298","KN295708v1","807379","807677","43","35347615"
"chr1","36200600","36200853","KN295075v1","40195","40452","35","36160405"
"chr1","36205782","36205984","KN297444v1","93154","93357","27","36112628"
"chr1","36223639","36223949","KN294987v1","708525","708830","19","35515114"
"chr1","36230026","36230321","KN294987v1","714286","714587","35","35515740"
"chr1","36241376","36241672","KN295871v1","615076","615373","36","35626300"
"chr1","36249342","36249635","KN294987v1","733451","733743","29","35515891"
"chr1","36254869","36255171","KN294501v1","546967","547271","34","35707902"
"chr1","36270198","36270437","KN297366v1","2996974","2997207","41","33273224"
"chr1","36278442","36278739","KN294172v1","822922","823215","37","35455520"
"chr1","36283032","36283292","KN296879v1","469391","469648","50","35813641"
"chr1","36288041","36288327","KN295371v1","448057","448341","29","35839984"
"chr1","36307665","36307964","KN296743v1","376473","376771","34","35931192"
"chr1","36335605","36335904","KN294470v1","2136945","2137241","40","34198660"
"chr1","36346477","36346772","KN296486v1","114465","114761","31","36232012"
"chr1","36353901","36354180","KN294987v1","840859","841133","30","35513042"
"chr1","36360649","36360959","KN294372v1","299717","300027","47","36060932"
"chr1","36376388","36376685","KN294987v1","862304","862598","23","35514084"
"chr1","36401111","36401401","KN295523v1","2952598","2952892","45","33448513"
"chr1","36406313","36406580","KN294987v1","884699","884966","35","35521614"
"chr1","36414784","36415046","KN294987v1","894465","894736","36","35520319"
"chr1","36418659","36418716","KN296481v1","272700","272749","22","36145959"
"chr1","36419067","36419310","KN295405v1","757351","757593","49","35661716"
"chr1","36420043","36420345","KN294987v1","900022","900319","28","35520021"
"chr1","36430408","36430743","KN294987v1","913011","913316","55","35517397"
"chr1","36431724","36432031","KN294378v1","1310611","1310912","47","35121113"
"chr1","36432974","36433285","KN296495v1","550769","551079","42","35882205"
"chr1","36436931","36437236","KN294571v1","1575904","1576204","38","34861027"
"chr1","36442840","36443175","KN294987v1","919617","919930","58","35523223"
"chr1","36450176","36450470","KN294987v1","926688","926977","33","35523488"
"chr1","36456938","36457239","KN295943v1","398250","398552","30","36058688"
"chr1","36474273","36474575","KN294790v1","163386","163690","37","36310887"
"chr1","36483008","36483309","KN294987v1","961987","962290","27","35521021"
"chr1","36491360","36491584","KN295667v1","489644","489869","35","36001716"
"chr1","36492139","36492444","KN294987v1","970422","970712","39","35521717"
"chr1","36504517","36504794","KN294987v1","983374","983651","22","35521143"
"chr1","36510687","36510987","KN296595v1","42365","42662","42","36468322"
"chr1","36525971","36526283","KN295666v1","873327","873629","40","35652644"
"chr1","36562680","36562982","KN295326v1","293510","293816","33","36269170"
"chr1","36578100","36578250","KN296424v1","448941","449106","35","36129159"
"chr1","36582086","36582399","KN294987v1","1056284","1056596","31","35525802"
"chr1","36590765","36591068","KN294603v1","63949","64255","35","36526816"
"chr1","36639933","36640216","KN294987v1","1116833","1117118","25","35523100"
"chr1","36641935","36642245","KN294987v1","1119164","1119458","34","35522771"
"chr1","36655484","36655769","KN294987v1","1130913","1131214","32","35524571"
"chr1","36658220","36658525","KN297159v1","1746938","1747242","33","34911282"
"chr1","36658531","36658835","KN294987v1","1133689","1133994","28","35524842"
"chr1","36671154","36671447","KN294987v1","1147089","1147381","30","35524065"
"chr1","36683122","36683407","KN294987v1","1159488","1159778","30","35523634"
"chr1","36683971","36684280","KN295722v1","630702","631007","35","36053269"
"chr1","36691868","36692177","KN294287v1","530811","531116","36","36161057"
"chr1","36698355","36698664","KN295034v1","280827","281133","39","36417528"
"chr1","36702103","36702365","KN294172v1","1540690","1540957","38","35161413"
"chr1","36713136","36713343","KN295236v1","3506386","3506600","39","33206750"
"chr1","36713359","36713591","KN295405v1","757351","757593","48","35956008"
"chr1","36745744","36746038","KN297444v1","429699","429990","33","36316045"
"chr1","36753063","36753400","KN294964v1","538125","538460","54","36214938"
"chr1","36842671","36842965","KN294987v1","1322720","1323022","32","35519951"
"chr1","36941055","36941351","KN294662v1","54879","55172","37","36886176"
"chr1","36995265","36995576","KN295236v1","35793","36099","33","36959472"
"chr1","37123267","37123560","KN294561v1","1084406","1084703","41","36038861"
"chr1","37220888","37221056","KN294292v1","211892","212059","21","37008996"
"chr1","37334733","37335039","KN296643v1","852402","852709","42","36482331"
"chr1","37402081","37402284","KN295375v1","445479","445687","29","36956602"
"chr1","37436118","37436299","KN295744v1","539159","539342","30","36896959"
"chr1","37440934","37441171","KN294385v1","353206","353443","42","37087728"
"chr1","37550973","37551284","KN295748v1","161587","161896","36","37389386"
"chr1","37552223","37552532","KN297322v1","1224244","1224547","39","36327979"
"chr1","37611045","37611340","KN297157v1","47278","47567","33","37563767"
"chr1","37622300","37622603","KN297159v1","1746938","1747242","31","35875362"
"chr1","37657005","37657213","KN295977v1","1276894","1277103","42","36380111"
"chr1","37677655","37677902","KN295308v1","2032015","2032272","39","35645640"
"chr1","37684215","37684520","KN296484v1","351750","352061","34","37332465"
"chr1","37688474","37688772","KN295343v1","729289","729587","40","36959185"
"chr1","37729872","37730153","KN295586v1","5255611","5255896","48","32474261"
"chr1","37731113","37731410","KN297233v1","523000","523293","41","37208113"
"chr1","37746397","37746669","KN295352v1","1398770","1399044","40","36347627"
"chr1","37746982","37747259","KN294161v1","894750","895027","33","36852232"
"chr1","37756182","37756487","KN295090v1","2638275","2638571","40","35117907"
"chr1","37756986","37757281","KN295871v1","615076","615373","40","37141910"
"chr1","37778622","37778905","KN295729v1","826689","826980","38","36951933"
"chr1","37822443","37822748","KN294790v1","163386","163690","33","37659057"
"chr1","37825497","37825786","KN295361v1","824524","824814","35","37000973"
"chr1","37829978","37830276","KN295301v1","716124","716425","38","37113854"
"chr1","37849849","37850158","KN296063v1","733195","733500","41","37116654"
"chr1","37877421","37877729","KN294193v1","656123","656428","40","37221298"
"chr1","37926027","37926334","KN296306v1","1760997","1761298","43","36165030"
"chr1","37948129","37948426","KN296964v1","1801449","1801744","40","36146680"
"chr1","37964210","37964503","KN295708v1","2784035","2784327","33","35180175"
"chr1","37966369","37966683","KN295922v1","130002","130315","39","37836367"
"chr1","37981559","37981865","KN297154v1","831565","831869","41","37149994"
"chr1","38019672","38019979","KN294446v1","240983","241287","36","37778689"
"chr1","38026445","38026752","KN295666v1","873327","873629","40","37153118"
"chr1","38032816","38032994","KN296538v1","164215","164386","24","37868601"
"chr1","38033125","38033235","KN294456v1","895120","895228","18","37138005"
"chr1","38034105","38034420","KN295045v1","3714","4020","47","38030391"
"chr1","38059195","38059494","KN296682v1","1930392","1930690","32","36128803"
"chr1","38093750","38094027","KN294262v1","1940381","1940663","46","36153369"
"chr1","38105624","38105903","KN296982v1","570703","570990","43","37534921"
"chr1","38108700","38108861","KN294831v1","658690","658843","29","37450010"
"chr1","38109007","38109297","KN296460v1","406524","406819","39","37702483"
"chr1","38154602","38154905","KN294257v1","1771672","1771973","42","36382930"
"chr1","38155320","38155630","KN297442v1","1612430","1612738","36","36542890"
"chr1","38156671","38156995","KN294561v1","827264","827583","61","37329407"
"chr1","38164665","38164963","KN294592v1","1036828","1037126","35","37127837"
"chr1","38171669","38171928","KN295243v1","1473974","1474238","41","36697695"
"chr1","38177842","38178126","KN296261v1","620490","620771","32","37557352"
"chr1","38180203","38180500","KN294187v1","158362","158655","42","38021841"
"chr1","38195121","38195377","KN297154v1","1017436","1017681","41","37177685"
"chr1","38198418","38198715","KN296682v1","2779515","2779813","42","35418903"
"chr1","38200159","38200458","KN295260v1","463026","463315","50","37737133"
"chr1","38228361","38228641","KN295573v1","502898","503186","41","37725463"
"chr1","38251661","38251961","KN294949v1","777404","777706","36","37474257"
"chr1","38258250","38258555","KN294493v1","70687","70990","35","38187563"
"chr1","38274510","38274819","KN296426v1","105920","106223","37","38168590"
"chr1","38291605","38291785","KN297159v1","2152898","2153074","24","36138707"
"chr1","38293418","38293719","KN294571v1","890748","891049","37","37402670"
"chr1","38294764","38295064","KN297245v1","1416081","1416379","34","36878683"
"chr1","38318082","38318391","KN296079v1","308996","309302","37","38009086"
"chr1","38318945","38319232","KN296743v1","202352","202637","37","38116593"
"chr1","38327150","38327359","KN295977v1","1276894","1277103","40","37050256"
"chr1","38358440","38358718","KN296158v1","512983","513270","41","37845457"
"chr1","38358790","38359001","KN297068v1","176341","176555","35","38182449"
"chr1","38396296","38396606","KN296635v1","2387021","2387331","42","36009275"
"chr1","38406666","38406968","KN294326v1","309006","309309","36","38097660"
"chr1","38415472","38415740","KN294457v1","1043334","1043603","43","37372138"
"chr1","38471465","38471759","KN296921v1","733110","733405","33","37738355"
"chr1","38606205","38606499","KN295871v1","615076","615373","35","37991129"
"chr1","38648876","38649164","KN294917v1","401690","401984","44","38247186"
"chr1","38685049","38685359","KN294739v1","768961","769264","49","37916088"
"chr1","38714705","38715004","KN295571v1","508469","508768","38","38206236"
"chr1","38728309","38728612","KN295405v1","1658681","1658979","41","37069628"
"chr1","38832626","38832797","KN294292v1","211892","212059","30","38620734"
"chr1","38864297","38864578","KN297144v1","551355","551635","43","38312942"
"chr1","38935475","38935774","KN294539v1","1287945","1288241","38","37647530"
"chr1","38942774","38943061","KN296153v1","4098692","4098984","39","34844082"
"chr1","38976754","38977058","KN295820v1","776541","776844","34","38200213"
"chr1","39116047","39116294","KN295869v1","1570001","1570244","35","37546046"
"chr1","39119936","39120138","KN295977v1","1276894","1277103","42","37843042"
"chr1","39137300","39137610","KN295607v1","4099051","4099359","39","35038249"
"chr1","39148912","39149212","KN295405v1","1658681","1658979","30","37490231"
"chr1","39157403","39157719","KN294548v1","183783","184100","41","38973620"
"chr1","39164356","39164642","KN294373v1","386435","386720","46","38777921"
"chr1","39171536","39171826","KN295022v1","275634","275926","44","38895902"
"chr1","39172193","39172493","KN295893v1","7234939","7235234","43","31937254"
"chr1","39185903","39186206","KN295962v1","2329043","2329352","39","36856860"
"chr1","39188215","39188523","KN294451v1","1358018","1358327","39","37830197"
"chr1","39191841","39192142","KN296153v1","2750284","2750585","39","36441557"
"chr1","39197295","39197598","KN294790v1","2412598","2412898","46","36784697"
"chr1","39197641","39197931","KN296484v1","733487","733776","34","38464154"
"chr1","39201229","39201470","KN295405v1","757351","757593","66","38443878"
"chr1","39201877","39202185","KN295255v1","134233","134538","45","39067644"
"chr1","39218450","39218747","KN295596v1","141388","141684","37","39077062"
"chr1","39225319","39225548","KN296495v1","511940","512172","32","38713379"
"chr1","39245063","39245331","KN295157v1","312263","312532","41","38932800"
"chr1","39249551","39249862","KN295607v1","4377455","4377758","48","34872096"
"chr1","39254689","39254986","KN296357v1","559775","560070","32","38694914"
"chr1","39256606","39256887","KN297154v1","980045","980337","37","38276561"
"chr1","39271125","39271434","KN296036v1","151683","151994","45","39119442"
"chr1","39273223","39273534","KN294245v1","511576","511887","45","38761647"
"chr1","39274597","39274904","KN294326v1","309006","309309","35","38965591"
"chr1","39274992","39275295","KN296682v1","1930392","1930690","39","37344600"
"chr1","39275333","39275632","KN296311v1","832074","832375","45","38443259"
"chr1","39318377","39318508","KN296308v1","1029724","1029855","22","38288653"
"chr1","39319280","39319448","KN294790v1","931254","931420","25","38388026"
"chr1","39322121","39322438","KN297190v1","4279665","4279973","47","35042456"
"chr1","39324385","39324696","KN294911v1","2389002","2389309","43","36935383"
"chr1","39334005","39334278","KN295967v1","319624","319901","37","39014381"
"chr1","39358892","39359190","KN297245v1","1416081","1416379","27","37942811"
"chr1","39362598","39362894","KN294539v1","1287945","1288241","36","38074653"
"chr1","39363102","39363401","KN294571v1","1575904","1576204","30","37787198"
"chr1","39389252","39389567","KN294372v1","1389085","1389396","38","38000167"
"chr1","39402086","39402310","KN294499v1","1976863","1977086","51","37425223"
"chr1","39406857","39407156","KN297047v1","3987588","3987889","32","35419269"
"chr1","39452097","39452346","KN295601v1","1074382","1074645","50","38377715"
"chr1","39464726","39465032","KN295022v1","523834","524137","33","38940892"
"chr1","39475928","39476214","KN294671v1","415020","415308","38","39060908"
"chr1","39488575","39488875","KN294233v1","839873","840174","51","38648702"
"chr1","39502093","39502399","KN297159v1","3075943","3076251","35","36426150"
"chr1","39535536","39535705","KN294172v1","5083639","5083813","27","34451897"
"chr1","39554491","39554787","KN295480v1","1302107","1302401","31","38252384"
"chr1","39568329","39568645","KN294470v1","3050838","3051136","55","36517491"
"chr1","39591128","39591426","KN296153v1","1090111","1090408","33","38501017"
"chr1","39605763","39606073","KN295922v1","130002","130315","46","39475761"
"chr1","39607914","39608199","KN295110v1","273845","274126","42","39334069"
"chr1","39609524","39609828","KN294540v1","619381","619684","38","38990143"
"chr1","39616764","39616975","KN295854v1","1669858","1670063","34","37946906"
"chr1","39629152","39629473","KN294548v1","1161001","1161308","47","38468151"
"chr1","39631231","39631541","KN295471v1","799950","800259","31","38831281"
"chr1","39634056","39634357","KN295846v1","24517","24819","36","39609539"
"chr1","39637358","39637669","KN296718v1","83077","83385","43","39554281"
"chr1","39642573","39642876","KN294224v1","760394","760694","36","38882179"
"chr1","39643289","39643587","KN296383v1","83377","83676","36","39559912"
"chr1","39648405","39648699","KN294603v1","111945","112247","37","39536460"
"chr1","39667428","39667714","KN296865v1","1201560","1201846","35","38465868"
"chr1","39699093","39699379","KN295729v1","826689","826980","32","38872404"
"chr1","39721324","39721615","KN297008v1","4628509","4628800","40","35092815"
"chr1","39748811","39749032","KN296557v1","249190","249420","28","39499621"
"chr1","39768656","39768957","KN294470v1","2136945","2137241","35","37631711"
"chr1","39795607","39795915","KN295315v1","1178596","1178904","34","38617011"
"chr1","39806841","39807127","KN294592v1","884515","884808","38","38922326"
"chr1","39823658","39823954","KN294561v1","1084406","1084703","38","38739252"
"chr1","39851894","39852191","KN294470v1","2136945","2137241","39","37714949"
"chr1","39872981","39873284","KN296187v1","659583","659878","42","39213398"
"chr1","39879254","39879554","KN294926v1","35872","36173","43","39843382"
"chr1","39885890","39886202","KN295471v1","799950","800259","47","39085940"
"chr1","39908255","39908554","KN294456v1","1098138","1098439","35","38810117"
"chr1","39914048","39914356","KN294668v1","2064632","2064943","38","37849416"
"chr1","39932316","39932622","KN294644v1","168562","168865","28","39763754"
"chr1","40008582","40008893","KN295571v1","513084","513393","45","39495498"
"chr1","40092556","40092867","KN295487v1","52973","53281","35","40039583"
"chr1","40093370","40093666","KN297259v1","1695445","1695737","33","38397925"
"chr1","40093966","40094267","KN294456v1","1098138","1098439","38","38995828"
"chr1","40111352","40111671","KN296547v1","627587","627905","47","39483765"
"chr1","40111944","40112219","KN296885v1","2671239","2671512","36","37440705"
"chr1","40146413","40146721","KN294456v1","612494","612802","34","39533919"
"chr1","40148697","40148951","KN295490v1","43581","43843","39","40105116"
"chr1","40150946","40151119","KN296096v1","3378902","3379084","38","36772044"
"chr1","40164948","40165252","KN295315v1","133371","133680","40","40031577"
"chr1","40168095","40168398","KN295236v1","276395","276697","39","39891700"
"chr1","40174298","40174610","KN295961v1","20434","20745","35","40153864"
"chr1","40194138","40194435","KN297028v1","628758","629052","41","39565380"
"chr1","40199759","40200041","KN294873v1","1075998","1076281","42","39123761"
"chr1","40214571","40214882","KN296643v1","47618","47923","37","40166953"
"chr1","40262189","40262497","KN295667v1","1695804","1696115","39","38566385"
"chr1","40268087","40268389","KN297118v1","48402","48703","44","40219685"
"chr1","40274708","40275008","KN294526v1","334958","335253","34","39939750"
"chr1","40285837","40286049","KN296481v1","381276","381490","34","39904561"
"chr1","40287767","40287974","KN295977v1","1276894","1277103","40","39010873"
"chr1","40305721","40306043","KN296448v1","234431","234741","40","40071290"
"chr1","40306989","40307266","KN295090v1","1294441","1294725","41","39012548"
"chr1","40310948","40311232","KN295487v1","10660","10951","36","40300288"
"chr1","40323403","40323734","KN295708v1","219821","220134","51","40103582"
"chr1","40334368","40334666","KN297026v1","665189","665480","63","39669179"
"chr1","40354164","40354476","KN294513v1","356380","356693","51","39997784"
"chr1","40363523","40363823","KN296557v1","13515","13811","35","40350008"
"chr1","40384793","40385090","KN296547v1","396597","396892","41","39988196"
"chr1","40403270","40403565","KN295871v1","542479","542775","28","39860791"
"chr1","40404862","40405156","KN295107v1","1024078","1024366","36","39380784"
"chr1","40430167","40430472","KN295601v1","3238589","3238887","31","37191578"
"chr1","40439316","40439616","KN296079v1","686222","686522","36","39753094"
"chr1","40463149","40463435","KN296833v1","243533","243818","30","40219616"
"chr1","40464778","40465053","KN294633v1","114555","114834","52","40350223"
"chr1","40468033","40468340","KN296079v1","536681","536983","47","39931352"
"chr1","40468938","40469244","KN296247v1","401713","402020","40","40067225"
"chr1","40479087","40479385","KN294917v1","405138","405434","32","40073949"
"chr1","40482206","40482408","KN295977v1","1276894","1277103","43","39205312"
"chr1","40517747","40518040","KN297197v1","699015","699311","36","39818732"
"chr1","40519863","40520149","KN294479v1","227241","227528","43","40292622"
"chr1","40521351","40521657","KN296726v1","808997","809301","39","39712354"
"chr1","40532627","40532928","KN296311v1","2283043","2283345","40","38249584"
"chr1","40536290","40536591","KN296821v1","38751","39052","33","40497539"
"chr1","40543794","40544061","KN297219v1","2692659","2692942","53","37851135"
"chr1","40564680","40565003","KN296306v1","1908527","1908848","47","38656153"
"chr1","40578144","40578424","KN294991v1","665172","665457","44","39912972"
"chr1","40584774","40585059","KN296357v1","621170","621460","35","39963604"
"chr1","40591612","40591924","KN296303v1","514845","515157","34","40076767"
"chr1","40596375","40596680","KN296829v1","581505","581808","36","40014870"
"chr1","40637628","40637916","KN294193v1","400597","400883","34","40237031"
"chr1","40643122","40643433","KN296287v1","68923","69230","41","40574199"
"chr1","40652868","40653141","KN295735v1","695987","696249","44","39956881"
"chr1","40656345","40656651","KN296036v1","898092","898396","40","39758253"
"chr1","40658385","40658688","KN296833v1","30824","31126","32","40627561"
"chr1","40673233","40673531","KN297047v1","3987588","3987889","33","36685645"
"chr1","40712174","40712484","KN295112v1","477640","477949","31","40234534"
"chr1","40737104","40737395","KN294571v1","1575904","1576204","41","39161200"
"chr1","40759320","40759616","KN295573v1","964658","964965","45","39794662"
"chr1","40775146","40775414","KN294705v1","281500","281763","37","40493646"
"chr1","40783245","40783551","KN295855v1","83587","83886","45","40699658"
"chr1","40798020","40798333","KN296864v1","3164724","3165032","48","37633296"
"chr1","40807610","40807907","KN296311v1","6224551","6224846","30","34583059"
"chr1","40808282","40808593","KN296311v1","7789909","7790219","38","33018373"
"chr1","40813736","40814049","KN295573v1","1785247","1785545","49","39028489"
"chr1","40824421","40824726","KN296883v1","878376","878679","41","39946045"
"chr1","40824891","40825188","KN295933v1","86787","87083","35","40738104"
"chr1","40831654","40831942","KN295729v1","826689","826980","33","40004965"
"chr1","40835642","40835946","KN294848v1","6247","6552","30","40829395"
"chr1","40854302","40854568","KN295474v1","1438594","1438859","32","39415708"
"chr1","40875241","40875547","KN294443v1","1334890","1335192","38","39540351"
"chr1","40881436","40881718","KN294976v1","415425","415700","39","40466011"
"chr1","40887182","40887459","KN295236v1","1163106","1163388","42","39724076"
"chr1","40910766","40911047","KN294224v1","1080394","1080681","43","39830372"
"chr1","40947153","40947450","KN297245v1","1416081","1416379","28","39531072"
"chr1","40977843","40978117","KN294458v1","1171290","1171562","45","39806553"
"chr1","40987110","40987416","KN294758v1","2131386","2131692","45","38855724"
"chr1","40988031","40988297","KN295667v1","761203","761468","33","40226828"
"chr1","41000142","41000427","KN294172v1","1231551","1231840","52","39768591"
"chr1","41003258","41003427","KN294957v1","73265","73439","34","40929993"
"chr1","41004282","41004366","KN296635v1","4416434","4416517","29","36587848"
"chr1","41007092","41007389","KN295605v1","248078","248377","58","40759014"
"chr1","41012892","41013193","KN295430v1","2554896","2555197","41","38457996"
"chr1","41013222","41013515","KN296864v1","1057023","1057316","45","39956199"
"chr1","41030112","41030418","KN294991v1","1535875","1536181","41","39494237"
"chr1","41034646","41034945","KN294456v1","1098138","1098439","32","39936508"
"chr1","41035688","41035985","KN295090v1","2638275","2638571","33","38397413"
"chr1","41037192","41037482","KN294937v1","266","558","30","41036926"
"chr1","41043324","41043619","KN294443v1","1378801","1379095","35","39664523"
"chr1","41053525","41053822","KN294292v1","12015","12314","38","41041510"
"chr1","41115820","41116112","KN297245v1","1416081","1416379","29","39699739"
"chr1","41191059","41191349","KN295729v1","826689","826980","32","40364370"
"chr1","41204305","41204605","KN296296v1","282324","282612","48","40921981"
"chr1","41215336","41215645","KN294964v1","1103450","1103760","40","40111886"
"chr1","41239663","41239958","KN294561v1","1084406","1084703","43","40155257"
"chr1","41257677","41257978","KN294372v1","2427862","2428164","40","38829815"
"chr1","41261036","41261336","KN296011v1","48434","48734","38","41212602"
"chr1","41304437","41304737","KN294758v1","2448675","2448971","41","38855762"
"chr1","41324755","41325029","KN296435v1","1582691","1582971","52","39742064"
"chr1","41470356","41470653","KN295871v1","615076","615373","37","40855280"
"chr1","41534410","41534695","KN294571v1","671930","672216","36","40862480"
"chr1","41536384","41536697","KN295096v1","457011","457322","43","41079373"
"chr1","41597694","41597975","KN297274v1","2096875","2097156","31","39500819"
"chr1","41608059","41608350","KN295671v1","310148","310439","50","41297911"
"chr1","41619679","41619947","KN295667v1","761203","761468","41","40858476"
"chr1","41668934","41669143","KN295236v1","3506386","3506600","31","38162548"
"chr1","41669337","41669437","KN294844v1","120441","120542","18","41548896"
"chr1","41724851","41725162","KN296138v1","98488","98788","36","41626363"
"chr1","41734970","41735248","KN294407v1","395909","396171","55","41339061"
"chr1","41875892","41876203","KN295592v1","1811056","1811365","41","40064836"
"chr1","41916192","41916481","KN296864v1","10644","10928","18","41905548"
"chr1","41967203","41967499","KN297154v1","1028437","1028736","39","40938766"
"chr1","42086016","42086317","KN295257v1","1225806","1226107","36","40860210"
"chr1","42088846","42089147","KN295962v1","2329043","2329352","40","39759803"
"chr1","42159117","42159417","KN295045v1","451861","452165","39","41707256"
"chr1","42320710","42320988","KN296864v1","427658","427930","34","41893052"
"chr1","42425498","42425793","KN296864v1","532455","532752","22","41893043"
"chr1","42438797","42439080","KN296864v1","545764","546046","32","41893033"
"chr1","42459129","42459399","KN294239v1","1589177","1589439","34","40869952"
"chr1","42517206","42517504","KN296430v1","1105044","1105344","33","41412162"
"chr1","42537851","42538073","KN296096v1","3211185","3211408","34","39326666"
"chr1","42549440","42549742","KN294251v1","1186841","1187150","49","41362599"
"chr1","42589154","42589443","KN295633v1","528934","529222","37","42060220"
"chr1","42640867","42641146","KN296864v1","739244","739524","21","41901623"
"chr1","42643564","42643846","KN296864v1","741922","742225","43","41901642"
"chr1","42662417","42662729","KN296864v1","762177","762486","22","41900240"
"chr1","42689247","42689553","KN295962v1","1218515","1218823","32","41470732"
"chr1","42691186","42691494","KN296864v1","793075","793399","39","41898111"
"chr1","42728686","42728997","KN294453v1","23988","24299","43","42704698"
"chr1","42740027","42740340","KN295735v1","225416","225727","38","42514611"
"chr1","42783263","42783561","KN295301v1","716124","716425","33","42067139"
"chr1","42795832","42796125","KN296864v1","895735","896028","31","41900097"
"chr1","42831866","42832168","KN296864v1","929507","929809","13","41902359"
"chr1","42904437","42904746","KN296096v1","838711","839001","51","42065726"
"chr1","42926417","42926674","KN295185v1","52454","52694","42","42873963"
"chr1","42955562","42955855","KN296864v1","1057023","1057316","22","41898539"
"chr1","42961124","42961413","KN295607v1","4682824","4683115","39","38278300"
"chr1","42962096","42962394","KN297290v1","188223","188514","52","42773873"
"chr1","43027977","43028284","KN294470v1","959975","960280","34","42068002"
"chr1","43032000","43032302","KN296864v1","1129847","1130142","25","41902153"
"chr1","43032648","43032946","KN294456v1","1098138","1098439","32","41934510"
"chr1","43044070","43044377","KN294884v1","66822","67131","29","42977248"
"chr1","43045478","43045782","KN296864v1","1144092","1144383","32","41901386"
"chr1","43051796","43052101","KN296864v1","1150712","1151016","30","41901084"
"chr1","43054380","43054689","KN296864v1","1153289","1153597","36","41901091"
"chr1","43059535","43059823","KN296864v1","1157878","1158169","27","41901657"
"chr1","43101871","43102172","KN296864v1","1202219","1202528","28","41899652"
"chr1","43128236","43128520","KN296864v1","1229471","1229752","24","41898765"
"chr1","43130349","43130640","KN295523v1","3166167","3166457","34","39964182"
"chr1","43225586","43225894","KN295257v1","4702","5013","41","43220884"
"chr1","43230701","43230988","KN296833v1","94676","94959","47","43136025"
"chr1","43239456","43239763","KN294790v1","163386","163690","39","43076070"
"chr1","43241185","43241492","KN296864v1","1334102","1334411","30","41907083"
"chr1","43308769","43309072","KN296303v1","662776","663079","31","42645993"
"chr1","43312306","43312606","KN295871v1","615076","615373","36","42697230"
"chr1","43322306","43322605","KN296487v1","131647","131949","32","43190659"
"chr1","43343238","43343549","KN294957v1","62097","62408","37","43281141"
"chr1","43347469","43347763","KN295394v1","556635","556929","33","42790834"
"chr1","43367960","43368266","KN295923v1","2382615","2382923","39","40985345"
"chr1","43377645","43377821","KN295930v1","759567","759739","36","42618078"
"chr1","43386521","43386653","KN296969v1","168721","168856","14","43217800"
"chr1","43386654","43386693","KN295605v1","731068","731107","16","42655586"
"chr1","43400462","43400762","KN294662v1","146480","146789","43","43253982"
"chr1","43502083","43502372","KN296864v1","1719051","1719341","20","41783032"
"chr1","43604197","43604497","KN297023v1","480259","480560","30","43123938"
"chr1","43716741","43717056","KN297442v1","1612430","1612738","31","42104311"
"chr1","43721350","43721658","KN296864v1","1937674","1937983","23","41783676"
"chr1","43727036","43727339","KN294470v1","959975","960280","38","42767061"
"chr1","43747733","43748023","KN296864v1","1964611","1964908","19","41783122"
"chr1","43790683","43790981","KN296934v1","684613","684901","40","43106070"
"chr1","43796480","43796794","KN295471v1","799950","800259","43","42996530"
"chr1","43797554","43797863","KN296864v1","2016064","2016368","30","41781490"
"chr1","43801517","43801819","KN295045v1","51919","52221","43","43749598"
"chr1","43817188","43817493","KN294879v1","533741","534047","38","43283447"
"chr1","43820590","43820897","KN296864v1","2039073","2039381","31","41781517"
"chr1","43832040","43832322","KN296864v1","2050921","2051199","36","41781119"
"chr1","43883381","43883678","KN295692v1","1497978","1498272","36","42385403"
"chr1","43940662","43940957","KN296406v1","281155","281453","37","43659507"
"chr1","43944211","43944491","KN294407v1","598111","598399","44","43346100"
"chr1","43948020","43948195","KN296481v1","376034","376200","30","43571986"
"chr1","43950188","43950497","KN294548v1","1161001","1161308","34","42789187"
"chr1","43954145","43954440","KN294457v1","990718","991014","35","42963427"
"chr1","43973401","43973693","KN294499v1","2005615","2005910","35","41967786"
"chr1","43974876","43975100","KN296244v1","684998","685223","36","43289878"
"chr1","43975207","43975500","KN295601v1","960155","960454","36","43015052"
"chr1","43987305","43987615","KN296864v1","2208622","2208920","32","41778683"
"chr1","43994705","43995004","KN295371v1","459489","459790","32","43535216"
"chr1","44037400","44037703","KN297322v1","1224244","1224547","35","42813156"
"chr1","44047775","44048065","KN296117v1","475705","475996","49","43572070"
"chr1","44062936","44063221","KN294429v1","37988","38273","39","44024948"
"chr1","44066736","44067052","KN296864v1","2299563","2299875","47","41767173"
"chr1","44073364","44073656","KN296864v1","2307173","2307462","18","41766191"
"chr1","44076078","44076375","KN296864v1","2310466","2310769","29","41765612"
"chr1","44081099","44081392","KN296864v1","2315660","2315965","31","41765439"
"chr1","44154646","44154870","KN295441v1","1457453","1457675","29","42697193"
"chr1","44177215","44177531","KN296864v1","2413605","2413919","39","41763610"
"chr1","44180690","44180967","KN296864v1","2415861","2416134","21","41764829"
"chr1","44202275","44202576","KN296011v1","34273","34572","32","44168002"
"chr1","44227609","44227916","KN296864v1","2470699","2471002","30","41756910"
"chr1","44235584","44235842","KN297452v1","2486437","2486699","29","41749147"
"chr1","44238756","44239067","KN294287v1","369071","369381","38","43869685"
"chr1","44242380","44242673","KN296864v1","2483988","2484281","20","41758392"
"chr1","44242683","44242980","KN296864v1","2484287","2484581","29","41758396"
"chr1","44311905","44312225","KN296864v1","2547849","2548166","38","41764056"
"chr1","44328498","44328796","KN296864v1","2566230","2566534","28","41762268"
"chr1","44348699","44349006","KN294911v1","2389002","2389309","33","41959697"
"chr1","44384731","44385019","KN295735v1","822355","822644","36","43562376"
"chr1","44396299","44396608","KN296381v1","588790","589100","37","43807509"
"chr1","44449423","44449711","KN296557v1","13515","13811","41","44435908"
"chr1","44458603","44458900","KN296864v1","2706719","2707019","34","41751884"
"chr1","44473164","44473465","KN296864v1","2724011","2724313","28","41749153"
"chr1","44515973","44516269","KN296864v1","2768426","2768724","26","41747547"
"chr1","44517266","44517573","KN296864v1","2769725","2770035","22","41747541"
"chr1","44518162","44518471","KN296402v1","573519","573833","30","43944643"
"chr1","44519046","44519325","KN295907v1","1866654","1866935","32","42652392"
"chr1","44523117","44523402","KN295260v1","1255515","1255802","37","43267602"
"chr1","44523983","44524279","KN296864v1","2773454","2773748","21","41750529"
"chr1","44533024","44533296","KN294457v1","205085","205362","49","44327939"
"chr1","44562997","44563265","KN294234v1","1857025","1857299","76","42705972"
"chr1","44608717","44609011","KN296864v1","2852177","2852473","30","41756540"
"chr1","44656770","44657069","KN296442v1","417977","418281","34","44238793"
"chr1","44769056","44769360","KN296864v1","3004074","3004376","22","41764982"
"chr1","44788866","44789151","KN294224v1","1080394","1080681","32","43708472"
"chr1","44807739","44808039","KN296864v1","3044747","3045043","25","41762992"
"chr1","44864932","44865214","KN294172v1","6899580","6899857","38","37965352"
"chr1","44867339","44867636","KN296864v1","3105141","3105437","22","41762198"
"chr1","44876182","44876481","KN296864v1","3114476","3114776","23","41761706"
"chr1","44876482","44876807","KN296153v1","3870788","3871099","42","41005694"
"chr1","44920577","44920874","KN297154v1","1057931","1058231","34","43862646"
"chr1","44922793","44923104","KN296864v1","3164724","3165032","22","41758069"
"chr1","44925249","44925559","KN296864v1","3167157","3167468","25","41758092"
"chr1","44931917","44932217","KN296145v1","740136","740436","33","44191781"
"chr1","45001901","45002182","KN296726v1","976648","976930","42","44025253"
"chr1","45005950","45006253","KN296864v1","3246925","3247221","29","41759025"
"chr1","45010309","45010600","KN294326v1","619990","620278","31","44390319"
"chr1","45028237","45028546","KN294592v1","1321409","1321720","39","43706828"
"chr1","45056636","45056932","KN295107v1","300735","301027","32","44755901"
"chr1","45069525","45069838","KN296311v1","3427286","3427594","47","41642239"
"chr1","45070918","45071245","KN294239v1","1812920","1813235","48","43257998"
"chr1","45086009","45086325","KN295430v1","2554896","2555197","53","42531113"
"chr1","45092061","45092363","KN296864v1","3329014","3329313","33","41763047"
"chr1","45108105","45108402","KN294539v1","1287945","1288241","41","43820160"
"chr1","45109033","45109340","KN295236v1","4249040","4249346","39","40859993"
"chr1","45117601","45117765","KN296934v1","892058","892219","33","44225543"
"chr1","45125616","45125921","KN296864v1","3363750","3364049","34","41761866"
"chr1","45126208","45126506","KN296864v1","3364649","3364941","27","41761559"
"chr1","45135236","45135536","KN296864v1","3373892","3374198","21","41761344"
"chr1","45137140","45137445","KN296864v1","3376003","3376298","38","41761137"
"chr1","45167153","45167445","KN294937v1","266","558","37","45166887"
"chr1","45172883","45173092","KN297008v1","3139544","3139758","52","42033339"
"chr1","45182532","45182825","KN296063v1","1388665","1388960","35","43793867"
"chr1","45182855","45183109","KN295243v1","1473974","1474238","43","43708881"
"chr1","45183799","45184079","KN295022v1","188923","189214","58","44994876"
"chr1","45185147","45185455","KN296303v1","514845","515157","41","44670302"
"chr1","45204306","45204525","KN297306v1","10400","10616","35","45193906"
"chr1","45207120","45207411","KN295692v1","1406263","1406563","55","43800857"
"chr1","45226273","45226583","KN295480v1","3423787","3424097","46","41802486"
"chr1","45229111","45229410","KN295107v1","1181863","1182167","54","44047248"
"chr1","45243542","45243845","KN295607v1","4377455","4377758","43","40866087"
"chr1","45261818","45262125","KN294966v1","57136","57441","48","45204682"
"chr1","45272258","45272551","KN295735v1","822355","822644","30","44449903"
"chr1","45280400","45280700","KN297233v1","675218","675514","45","44605182"
"chr1","45332209","45332545","KN295487v1","58632","58957","78","45273577"
"chr1","45344131","45344445","KN294446v1","240983","241287","43","45103148"
"chr1","45344476","45344757","KN294842v1","1207509","1207787","41","44136967"
"chr1","45346165","45346444","KN296001v1","298880","299164","35","45047285"
"chr1","45348163","45348429","KN295205v1","1062608","1062874","31","44285555"
"chr1","45375799","45376107","KN296730v1","20820","21130","45","45354979"
"chr1","45376906","45377208","KN296138v1","98488","98788","47","45278418"
"chr1","45379217","45379528","KN296520v1","306139","306450","42","45073078"
"chr1","45421774","45422078","KN294375v1","493338","493642","37","44928436"
"chr1","45445072","45445371","KN296210v1","596068","596367","31","44849004"
"chr1","45477657","45477948","KN297406v1","906","1197","28","45476751"
"chr1","45486634","45486932","KN295090v1","507781","508092","44","44978853"
"chr1","45507996","45508287","KN295729v1","826689","826980","29","44681307"
"chr1","45509215","45509524","KN295176v1","132490","132801","44","45376725"
"chr1","45553590","45553888","KN294262v1","2535750","2536054","41","43017840"
"chr1","45585329","45585634","KN294443v1","441739","442042","37","45143590"
"chr1","45596045","45596356","KN295366v1","78980","79290","41","45517065"
"chr1","45600233","45600527","KN296557v1","18517","18814","28","45581716"
"chr1","45616269","45616577","KN295441v1","1780857","1781179","39","43835412"
"chr1","45651349","45651635","KN295441v1","1744503","1744792","35","43906846"
"chr1","45657232","45657535","KN296922v1","556312","556617","39","45100920"
"chr1","45663059","45663361","KN296635v1","2522536","2522835","25","43140523"
"chr1","45677352","45677632","KN295441v1","1706074","1706367","45","43971278"
"chr1","45678180","45678471","KN294420v1","822079","822371","35","44856101"
"chr1","45698630","45698928","KN295523v1","3003643","3003941","32","42694987"
"chr1","45701662","45701970","KN296913v1","1678185","1678494","34","44023477"
"chr1","45708017","45708308","KN295441v1","1677744","1678019","26","44030273"
"chr1","45708321","45708625","KN296311v1","2891003","2891305","41","42817318"
"chr1","45717144","45717453","KN295441v1","1668709","1669030","39","44048435"
"chr1","45727585","45727899","KN295441v1","1659662","1659986","39","44067923"
"chr1","45743749","45744041","KN295441v1","1644514","1644813","35","44099235"
"chr1","45748137","45748432","KN295480v1","1302107","1302401","29","44446030"
"chr1","45789707","45789985","KN294470v1","2864797","2865078","33","42924910"
"chr1","45792671","45792985","KN295441v1","1593019","1593333","24","44199652"
"chr1","45805322","45805623","KN295523v1","3003643","3003941","34","42801679"
"chr1","45809808","45810118","KN295441v1","1576998","1577307","26","44232810"
"chr1","45832011","45832263","KN294172v1","4545096","4545344","36","41286915"
"chr1","45850920","45851219","KN295441v1","1531182","1531494","33","44319738"
"chr1","45852140","45852486","KN295441v1","1529933","1530262","46","44322207"
"chr1","45867070","45867288","KN297058v1","529521","529714","53","45337549"
"chr1","45867392","45867545","KN294444v1","72417","72567","25","45794975"
"chr1","45880637","45880945","KN294592v1","1321409","1321720","40","44559228"
"chr1","45885253","45885547","KN297190v1","6531550","6531835","51","39353703"
"chr1","45889126","45889405","KN295441v1","1493207","1493504","41","44395919"
"chr1","45894251","45894415","KN297253v1","422786","422950","24","45471465"
"chr1","45900677","45900859","KN294251v1","2289379","2289542","44","43611298"
"chr1","45901237","45901372","KN295893v1","6287456","6287591","17","39613781"
"chr1","45902521","45902836","KN294957v1","62097","62408","40","45840424"
"chr1","45911147","45911437","KN295107v1","300735","301027","40","45610412"
"chr1","45926330","45926631","KN295441v1","1460945","1461250","34","44465385"
"chr1","45935440","45935754","KN296153v1","1336190","1336496","38","44599250"
"chr1","45936073","45936375","KN296520v1","366666","366970","32","45569407"
"chr1","45937431","45937644","KN295441v1","1457453","1457675","23","44479978"
"chr1","45942831","45943106","KN295441v1","1451222","1451500","27","44491609"
"chr1","45944311","45944608","KN295441v1","1449088","1449381","33","44495223"
"chr1","45947200","45947444","KN294193v1","582964","583203","51","45364236"
"chr1","45950151","45950451","KN297403v1","208160","208454","30","45741991"
"chr1","45950889","45951186","KN294685v1","932115","932411","37","45018774"
"chr1","45951692","45951995","KN295441v1","1443519","1443819","32","44508173"
"chr1","46008651","46008950","KN295441v1","1375931","1376226","30","44632720"
"chr1","46019666","46019972","KN294372v1","299717","300027","47","45719949"
"chr1","46020002","46020277","KN295441v1","1363894","1364175","44","44656108"
"chr1","46021131","46021443","KN295090v1","1765085","1765377","57","44256046"
"chr1","46045706","46046007","KN295430v1","1217885","1218183","38","44827821"
"chr1","46047036","46047340","KN294446v1","240983","241287","48","45806053"
"chr1","46047344","46047643","KN294147v1","1603851","1604147","35","44443493"
"chr1","46062843","46063136","KN296486v1","1266538","1266834","36","44796305"
"chr1","46067476","46067786","KN296311v1","737628","737939","43","45329848"
"chr1","46069452","46069710","KN294172v1","1540690","1540957","46","44528762"
"chr1","46090265","46090573","KN294964v1","1872225","1872534","40","44218040"
"chr1","46091732","46092019","KN294193v1","425211","425504","37","45666521"
"chr1","46107751","46108050","KN295441v1","1288925","1289211","41","44818826"
"chr1","46122474","46122769","KN296749v1","559144","559448","42","45563330"
"chr1","46125741","46125901","KN296311v1","7188511","7188676","30","38937230"
"chr1","46130029","46130343","KN295735v1","1160753","1161064","46","44969276"
"chr1","46139307","46139608","KN295441v1","1248832","1249129","31","44890475"
"chr1","46145347","46145651","KN295441v1","1241490","1241800","31","44903857"
"chr1","46147142","46147446","KN295441v1","1237453","1237762","39","44909689"
"chr1","46156182","46156471","KN295441v1","1228670","1228953","36","44927512"
"chr1","46164767","46165033","KN295667v1","530786","531055","47","45633981"
"chr1","46167260","46167553","KN295835v1","84846","85139","33","46082414"
"chr1","46170242","46170526","KN296311v1","5412378","5412664","34","40757864"
"chr1","46213196","46213476","KN295441v1","1142753","1143033","18","45070443"
"chr1","46220308","46220618","KN295441v1","1136846","1137158","24","45083462"
"chr1","46222703","46222974","KN295441v1","1134543","1134822","38","45088160"
"chr1","46239522","46239820","KN295601v1","2104393","2104690","39","44135129"
"chr1","46264706","46265008","KN297245v1","1416081","1416379","34","44848625"
"chr1","46285471","46285759","KN295441v1","1070846","1071137","20","45214625"
"chr1","46293072","46293376","KN295441v1","1064275","1064582","32","45228797"
"chr1","46398476","46398763","KN294917v1","401690","401984","43","45996786"
"chr1","46421473","46421673","KN294592v1","618285","618484","36","45803188"
"chr1","46426775","46427076","KN295441v1","939747","940040","41","45487028"
"chr1","46428864","46429163","KN294456v1","1178901","1179202","34","45249963"
"chr1","46430492","46430809","KN295962v1","2329043","2329352","47","44101449"
"chr1","46435793","46436096","KN294470v1","2002596","2002898","40","44433197"
"chr1","46453916","46454185","KN295441v1","910554","910825","25","45543362"
"chr1","46461071","46461335","KN295441v1","903012","903285","23","45558059"
"chr1","46474766","46475054","KN295441v1","888439","888725","17","45586327"
"chr1","46477163","46477463","KN296643v1","852402","852709","43","45624761"
"chr1","46486704","46487009","KN296311v1","768493","768797","34","45718211"
"chr1","46494399","46494698","KN295441v1","867632","867924","33","45626767"
"chr1","46514433","46514738","KN294147v1","1741348","1741657","42","44773085"
"chr1","46516451","46516746","KN294937v1","266","558","32","46516185"
"chr1","46569066","46569370","KN295441v1","790981","791269","36","45778085"
"chr1","46570042","46570334","KN295441v1","790000","790301","35","45780042"
"chr1","46578785","46579061","KN295441v1","781300","781576","16","45797485"
"chr1","46583315","46583624","KN294603v1","63949","64255","42","46519366"
"chr1","46599310","46599599","KN294172v1","2666506","2666800","30","43932804"
"chr1","46600381","46600687","KN295441v1","760591","760894","17","45839790"
"chr1","46612235","46612493","KN295441v1","747318","747576","17","45864917"
"chr1","46620545","46620854","KN295441v1","739021","739329","23","45881524"
"chr1","46622076","46622374","KN295441v1","737184","737491","38","45884892"
"chr1","46626032","46626332","KN297032v1","184087","184386","31","46441945"
"chr1","46653371","46653652","KN294172v1","1231551","1231840","48","45421820"
"chr1","46670950","46671249","KN297023v1","480259","480560","36","46190691"
"chr1","46728917","46729082","KN295102v1","122392","122558","24","46606525"
"chr1","46735405","46735707","KN295441v1","630627","630921","38","46104778"
"chr1","46736344","46736651","KN295441v1","629682","629989","17","46106662"
"chr1","46747124","46747419","KN295735v1","622051","622346","46","46125073"
"chr1","46766005","46766307","KN295441v1","612215","612516","34","46153790"
"chr1","46768631","46768940","KN295571v1","513084","513393","31","46255547"
"chr1","46769011","46769315","KN296609v1","2150736","2151041","35","44618275"
"chr1","46769618","46769920","KN295255v1","134233","134538","33","46635385"
"chr1","46773731","46774024","KN294501v1","4140225","4140518","33","42633506"
"chr1","46788054","46788352","KN296498v1","160650","160957","50","46627404"
"chr1","46790558","46790857","KN295533v1","2511717","2512017","39","44278841"
"chr1","46790858","46791164","KN296153v1","2186919","2187220","46","44603939"
"chr1","46792062","46792332","KN295441v1","585990","586259","22","46206072"
"chr1","46806585","46806907","KN294957v1","62097","62408","37","46744488"
"chr1","46846650","46846952","KN295441v1","529253","529564","54","46317397"
"chr1","46855487","46855791","KN294571v1","1575904","1576204","38","45279583"
"chr1","46869994","46870302","KN295441v1","505898","506213","39","46364096"
"chr1","46933326","46933480","KN296153v1","4022611","4022768","26","42910715"
"chr1","46951295","46951605","KN295424v1","314353","314666","43","46636942"
"chr1","46959104","46959403","KN295605v1","542099","542399","34","46417005"
"chr1","46965721","46966023","KN295441v1","414717","415022","33","46551004"
"chr1","46975663","46975947","KN295441v1","405739","406027","20","46569924"
"chr1","46987200","46987453","KN294558v1","608199","608460","47","46379001"
"chr1","47002981","47003262","KN295441v1","376496","376782","33","46626485"
"chr1","47023828","47024122","KN295441v1","355624","355921","27","46668204"
"chr1","47024125","47024311","KN296635v1","1860167","1860363","35","45163958"
"chr1","47055327","47055624","KN296406v1","281155","281453","39","46774172"
"chr1","47141749","47142035","KN295441v1","241438","241723","17","46900311"
"chr1","47164781","47165078","KN295441v1","218312","218622","33","46946469"
"chr1","47258551","47258857","KN294326v1","309006","309309","44","46949545"
"chr1","47260399","47260701","KN296187v1","98158","98459","50","47162241"
"chr1","47322342","47322660","KN294271v1","903432","903745","44","46418910"
"chr1","47386395","47386710","KN295441v1","93777","94077","34","47292618"
"chr1","47465594","47465891","KN295236v1","5996729","5997031","41","41468865"
"chr1","47496157","47496444","KN295441v1","122585","122868","34","47373572"
"chr1","47498881","47499172","KN295441v1","122585","122868","37","47376296"
"chr1","47504850","47505141","KN295441v1","122585","122868","37","47382265"
"chr1","47569250","47569546","KN296311v1","3416386","3416681","41","44152864"
"chr1","47575408","47575720","KN296145v1","3430721","3431032","33","44144687"
"chr1","47631585","47631888","KN294526v1","486831","487133","34","47144754"
"chr1","47643630","47643932","KN294503v1","33353","33656","37","47610277"
"chr1","47649414","47649699","KN296833v1","248991","249282","51","47400423"
"chr1","47654164","47654462","KN296495v1","846641","846944","35","46807523"
"chr1","47667042","47667346","KN296948v1","1329163","1329455","48","46337879"
"chr1","47696413","47696718","KN296303v1","514845","515157","37","47181568"
"chr1","47697517","47697826","KN295573v1","964658","964965","47","46732859"
"chr1","47700080","47700371","KN294326v1","619990","620278","33","47080090"
"chr1","47701262","47701564","KN296096v1","2311662","2311965","36","45389600"
"chr1","47701986","47702291","KN296311v1","8317826","8318133","32","39384160"
"chr1","47709022","47709303","KN296153v1","2393235","2393519","38","45315787"
"chr1","47710436","47710736","KN296096v1","2520576","2520875","31","45189860"
"chr1","47712377","47712658","KN295459v1","1101140","1101421","30","46611237"
"chr1","47721397","47721699","KN296849v1","507424","507730","41","47213973"
"chr1","47723760","47724022","KN296086v1","267458","267714","33","47456302"
"chr1","47728860","47729060","KN296426v1","64367","64561","41","47664493"
"chr1","47734223","47734514","KN295573v1","502898","503186","32","47231325"
"chr1","47745083","47745370","KN297319v1","275327","275616","34","47469756"
"chr1","47762658","47762953","KN296732v1","3826486","3826780","34","43936172"
"chr1","47767747","47768057","KN295236v1","844452","844758","36","46923295"
"chr1","47782395","47782700","KN295828v1","930975","931278","36","46851420"
"chr1","47799651","47799961","KN296311v1","3427286","3427594","40","44372365"
"chr1","47827133","47827443","KN296643v1","852402","852709","41","46974731"
"chr1","47866540","47866836","KN294407v1","3027269","3027567","32","44839271"
"chr1","47886477","47886774","KN296406v1","281155","281453","36","47605322"
"chr1","47900978","47901279","KN296620v1","349918","350214","35","47551060"
"chr1","47914212","47914521","KN296157v1","1204996","1205297","33","46709216"
"chr1","48103942","48104253","KN295523v1","3030953","3031248","56","45072989"
"chr1","48247833","48248109","KN296596v1","124252","124528","36","48123581"
"chr1","48249830","48250143","KN296311v1","768493","768797","53","47481337"
"chr1","48374283","48374591","KN296609v1","427443","427749","44","47946840"
"chr1","48418463","48418762","KN295308v1","1082757","1083059","50","47335706"
"chr1","48476457","48476758","KN297159v1","2899658","2899964","46","45576799"
"chr1","48496972","48497261","KN295090v1","711355","711650","39","47785617"
"chr1","48560765","48561072","KN295717v1","355973","356268","48","48204792"
"chr1","48561664","48561980","KN297320v1","345659","345970","37","48216005"
"chr1","48720692","48720967","KN296153v1","2393235","2393519","43","46327457"
"chr1","48774646","48774936","KN295708v1","2784035","2784327","33","45990611"
"chr1","48839371","48839670","KN295814v1","639744","640045","35","48199627"
"chr1","48864471","48864776","KN294266v1","214101","214406","39","48650370"
"chr1","48870189","48870479","KN294647v1","185532","185822","39","48684657"
"chr1","48939153","48939473","KN295717v1","1397887","1398198","48","47541266"
"chr1","48982153","48982445","KN296880v1","290573","290861","26","48691580"
"chr1","49063048","49063361","KN295090v1","2719195","2719504","45","46343853"
"chr1","49157776","49158066","KN297190v1","4200135","4200423","36","44957641"
"chr1","49265783","49266068","KN297190v1","4200135","4200423","37","45065648"
"chr1","49297413","49297714","KN296643v1","57707","58008","31","49239706"
"chr1","49360516","49360804","KN295828v1","1026333","1026620","35","48334183"
"chr1","49599343","49599623","KN296019v1","412819","413103","41","49186524"
"chr1","49725536","49725821","KN295893v1","1265746","1266047","53","48459790"
"chr1","49726089","49726352","KN296075v1","244693","244958","41","49481396"
"chr1","49811669","49811978","KN294407v1","2157068","2157379","40","47654601"
"chr1","49888071","49888364","KN294995v1","15599","15901","40","49872472"
"chr1","49904032","49904263","KN294172v1","288192","288425","34","49615840"
"chr1","49951390","49951620","KN294172v1","288192","288425","34","49663198"
"chr1","49998807","49999117","KN296479v1","42519","42826","37","49956288"
"chr1","50063425","50063565","KN296661v1","241723","241871","32","49821702"
"chr1","50396326","50396653","KN294777v1","6251","6554","45","50390075"
"chr1","50397732","50398032","KN294777v1","7632","7927","24","50390100"
"chr1","50501161","50501458","KN295326v1","100464","100755","37","50400697"
"chr1","50511709","50511947","KN295405v1","757351","757593","41","49754358"
"chr1","50522217","50522513","KN295198v1","274974","275272","38","50247243"
"chr1","50545812","50546098","KN294429v1","61766","62050","43","50484046"
"chr1","50588318","50588620","KN294777v1","199491","199793","22","50388827"
"chr1","50754091","50754402","KN294777v1","371314","371618","33","50382777"
"chr1","50765057","50765354","KN294777v1","382722","383012","39","50382335"
"chr1","50859289","50859590","KN294777v1","477140","477435","25","50382149"
"chr1","50885263","50885551","KN296108v1","434634","434924","38","50450629"
"chr1","50891242","50891532","KN295835v1","84846","85139","28","50806396"
"chr1","50925421","50925719","KN294777v1","542561","542863","27","50382860"
"chr1","50939369","50939665","KN294777v1","557027","557312","25","50382342"
"chr1","50954566","50954809","KN296311v1","281666","281927","46","50672900"
"chr1","50957965","50958265","KN297023v1","480259","480560","41","50477706"
"chr1","50960608","50960910","KN295814v1","651156","651456","36","50309452"
"chr1","50962119","50962417","KN294777v1","580144","580440","16","50381975"
"chr1","50967965","50968249","KN294777v1","586835","587109","33","50381130"
"chr1","50988528","50988838","KN294884v1","66822","67131","34","50921706"
"chr1","51003782","51004101","KN294777v1","620602","620913","42","50383180"
"chr1","51008547","51008847","KN294777v1","625280","625588","32","50383267"
"chr1","51009457","51009757","KN294777v1","626211","626512","29","50383246"
"chr1","51043731","51044015","KN294777v1","660226","660510","27","50383505"
"chr1","51048237","51048521","KN294777v1","664732","665015","30","50383505"
"chr1","51062130","51062434","KN294777v1","677526","677828","36","50384604"
"chr1","51063159","51063455","KN294777v1","678496","678799","34","50384663"
"chr1","51074922","51075236","KN294777v1","690288","690601","37","50384634"
"chr1","51081790","51082119","KN295294v1","1203096","1203409","63","49878694"
"chr1","51118656","51118964","KN295487v1","52973","53281","58","51065683"
"chr1","51248783","51249067","KN296311v1","4164279","4164567","48","47084504"
"chr1","51252511","51252806","KN294539v1","1287945","1288241","30","49964566"
"chr1","51291635","51291938","KN295671v1","201221","201525","40","51090414"
"chr1","51304983","51305277","KN294945v1","236717","237010","42","51068266"
"chr1","51324121","51324424","KN297154v1","831565","831869","43","50492556"
"chr1","51335730","51335952","KN295705v1","623338","623563","52","50712392"
"chr1","51360208","51360500","KN294172v1","6311128","6311420","43","45049080"
"chr1","51363325","51363591","KN295236v1","2369675","2369937","36","48993650"
"chr1","51401037","51401337","KN296263v1","970564","970862","34","50430473"
"chr1","51403076","51403384","KN297050v1","160579","160880","39","51242497"
"chr1","51416834","51417125","KN296145v1","2451188","2451482","34","48965646"
"chr1","51424630","51424894","KN296119v1","5914350","5914624","51","45510280"
"chr1","51428514","51428799","KN296577v1","1","270","31","51428513"
"chr1","51468865","51469165","KN296577v1","39869","40161","32","51428996"
"chr1","51472668","51472964","KN294407v1","3027269","3027567","37","48445399"
"chr1","51474873","51475178","KN294879v1","76546","76849","42","51398327"
"chr1","51495396","51495705","KN297159v1","381844","382147","38","51113552"
"chr1","51519738","51520026","KN296577v1","98091","98385","23","51421647"
"chr1","51534801","51535064","KN294728v1","684677","684939","47","50850124"
"chr1","51538176","51538487","KN294911v1","2389002","2389309","42","49149174"
"chr1","51551678","51551982","KN296577v1","130940","131249","31","51420738"
"chr1","51554028","51554331","KN296577v1","133303","133600","24","51420725"
"chr1","51559918","51560146","KN296391v1","178234","178452","38","51381684"
"chr1","51568163","51568474","KN294630v1","686727","687035","44","50881436"
"chr1","51569267","51569584","KN296311v1","3556438","3556761","46","48012829"
"chr1","51572055","51572369","KN296577v1","148545","148845","38","51423510"
"chr1","51578402","51578713","KN296486v1","1318978","1319291","32","50259424"
"chr1","51579449","51579768","KN296495v1","550769","551079","51","51028680"
"chr1","51583116","51583425","KN296577v1","156500","156803","28","51426616"
"chr1","51585659","51585960","KN295607v1","4377455","4377758","31","47208204"
"chr1","51587304","51587624","KN296577v1","162463","162761","43","51424841"
"chr1","51591224","51591524","KN295708v1","807379","807677","42","50783845"
"chr1","51595877","51596172","KN296577v1","172726","173021","22","51423151"
"chr1","51632840","51633149","KN296167v1","450049","450355","43","51182791"
"chr1","51636717","51636880","KN294987v1","480021","480187","25","51156696"
"chr1","51637185","51637225","KN295814v1","1293144","1293189","12","50344041"
"chr1","51683309","51683606","KN296577v1","256822","257117","31","51426487"
"chr1","51699271","51699586","KN296577v1","273362","273672","39","51425909"
"chr1","51710185","51710502","KN295735v1","63823","64124","46","51646362"
"chr1","51712858","51713167","KN295366v1","78980","79290","30","51633878"
"chr1","51725823","51726126","KN296322v1","1694547","1694833","49","50031276"
"chr1","51728734","51729015","KN296577v1","302331","302604","30","51426403"
"chr1","51757657","51757959","KN294421v1","1642258","1642561","39","50115399"
"chr1","51758756","51759065","KN295962v1","2329043","2329352","32","49429713"
"chr1","51769681","51769954","KN296154v1","1372807","1373080","45","50396874"
"chr1","51805036","51805341","KN297320v1","1223277","1223582","31","50581759"
"chr1","51806140","51806448","KN294957v1","62097","62408","50","51744043"
"chr1","51808638","51808888","KN294650v1","27651","27917","40","51780987"
"chr1","51813585","51813884","KN294571v1","1575904","1576204","37","50237681"
"chr1","51832771","51832980","KN296229v1","831486","831697","33","51001285"
"chr1","51834214","51834515","KN297264v1","671004","671307","42","51163210"
"chr1","51843365","51843650","KN295722v1","1354327","1354613","37","50489038"
"chr1","51884397","51884683","KN296513v1","2367758","2368048","39","49516639"
"chr1","51885630","51885958","KN296577v1","544639","544947","54","51340991"
"chr1","51888857","51889142","KN294571v1","671930","672216","36","51216927"
"chr1","51893671","51893974","KN296577v1","456678","456981","23","51436993"
"chr1","51904542","51904848","KN294172v1","2207703","2208004","38","49696839"
"chr1","51923455","51923755","KN296577v1","486111","486411","16","51437344"
"chr1","51927614","51927915","KN296577v1","490921","491222","16","51436693"
"chr1","51933300","51933612","KN296484v1","351750","352061","38","51581550"
"chr1","51936646","51936958","KN296484v1","351750","352061","38","51584896"
"chr1","51956572","51956704","KN296153v1","4007197","4007332","23","47949375"
"chr1","51958797","51959017","KN296577v1","519127","519352","17","51439670"
"chr1","51963160","51963472","KN295633v1","2352774","2353077","41","49610386"
"chr1","51987576","51987877","KN296577v1","544639","544947","36","51442937"
"chr1","51995943","51996235","KN296577v1","553107","553403","30","51442836"
"chr1","51996568","51996850","KN296844v1","46055","46342","35","51950513"
"chr1","52003548","52003844","KN296577v1","560549","560847","34","51442999"
"chr1","52013072","52013382","KN296577v1","571939","572240","40","51441133"
"chr1","52025027","52025311","KN296982v1","452043","452328","54","51572984"
"chr1","52043503","52043805","KN296577v1","602143","602446","27","51441360"
"chr1","52074746","52075037","KN296577v1","632541","632835","26","51442205"
"chr1","52104871","52105183","KN296577v1","657152","657453","29","51447719"
"chr1","52123237","52123552","KN295667v1","2437690","2437990","50","49685547"
"chr1","52125266","52125562","KN296577v1","677692","677987","18","51447574"
"chr1","52259987","52260296","KN294181v1","1317427","1317732","46","50942560"
"chr1","52266554","52266863","KN296577v1","821673","821982","35","51444881"
"chr1","52268179","52268501","KN296577v1","823526","823834","30","51444653"
"chr1","52283001","52283282","KN296577v1","838404","838685","30","51444597"
"chr1","52296188","52296414","KN297112v1","2758116","2758343","31","49538072"
"chr1","52309380","52309673","KN296577v1","864626","864930","26","51444754"
"chr1","52311593","52311891","KN296577v1","866852","867141","28","51444741"
"chr1","52318266","52318587","KN296484v1","351750","352061","39","51966516"
"chr1","52341015","52341300","KN296775v1","630447","630731","34","51710568"
"chr1","52360150","52360453","KN295073v1","1289046","1289348","44","51071104"
"chr1","52378137","52378433","KN296577v1","930993","931288","28","51447144"
"chr1","52381936","52382199","KN294172v1","4940663","4940925","40","47441273"
"chr1","52383225","52383435","KN296577v1","936007","936228","23","51447218"
"chr1","52391021","52391290","KN296577v1","945048","945316","27","51445973"
"chr1","52391919","52392213","KN296577v1","945947","946233","28","51445972"
"chr1","52406497","52406803","KN296577v1","967145","967440","42","51439352"
"chr1","52478555","52478850","KN295236v1","4410850","4411140","41","48067705"
"chr1","52479204","52479518","KN297427v1","107591","107896","45","52371613"
"chr1","52489856","52490151","KN297427v1","95645","95926","38","52394211"
"chr1","52493276","52493558","KN297427v1","92762","93049","31","52400514"
"chr1","52514224","52514482","KN295633v1","1133330","1133601","41","51380894"
"chr1","52516523","52516791","KN295243v1","1473974","1474238","41","51042549"
"chr1","52519024","52519315","KN294756v1","253","541","41","52518771"
"chr1","52522008","52522301","KN294662v1","54879","55172","40","52467129"
"chr1","52522302","52522619","KN295892v1","3761","4072","41","52518541"
"chr1","52526202","52526485","KN296253v1","38373","38654","27","52487829"
"chr1","52532735","52533038","KN294172v1","2207703","2208004","37","50325032"
"chr1","52533979","52534299","KN294407v1","104211","104513","41","52429768"
"chr1","52540955","52541262","KN294407v1","110223","110517","37","52430732"
"chr1","52551614","52551841","KN294539v1","456068","456297","46","52095546"
"chr1","52552010","52552045","KN295605v1","731068","731107","8","51820942"
"chr1","52553139","52553445","KN297023v1","480259","480560","46","52072880"
"chr1","52554161","52554453","KN296948v1","1329163","1329455","35","51224998"
"chr1","52560502","52560814","KN294407v1","127936","128248","32","52432566"
"chr1","52590004","52590316","KN295405v1","50804","51115","31","52539200"
"chr1","52602556","52602835","KN294407v1","159726","160017","50","52442830"
"chr1","52610036","52610335","KN294407v1","170942","171235","32","52439094"
"chr1","52614144","52614447","KN296157v1","1204996","1205297","37","51409148"
"chr1","52617637","52617948","KN295077v1","613765","614075","45","52003872"
"chr1","52649409","52649708","KN294407v1","205029","205329","27","52444380"
"chr1","52652034","52652329","KN294407v1","207605","207900","29","52444429"
"chr1","52673619","52673908","KN294407v1","232723","233014","30","52440896"
"chr1","52691590","52691890","KN294501v1","38531","38824","53","52653059"
"chr1","52699065","52699361","KN294407v1","255630","255936","43","52443435"
"chr1","52704690","52704985","KN294407v1","261292","261587","35","52443398"
"chr1","52711696","52712009","KN295420v1","203403","203713","35","52508293"
"chr1","52722300","52722599","KN294407v1","281227","281531","26","52441073"
"chr1","52734070","52734382","KN294407v1","293356","293660","36","52440714"
"chr1","52737246","52737553","KN294407v1","297964","298259","37","52439282"
"chr1","52737855","52738144","KN294407v1","297964","298259","30","52439891"
"chr1","52750237","52750453","KN294509v1","178587","178797","29","52571650"
"chr1","52754376","52754693","KN294407v1","315360","315674","23","52439016"
"chr1","52757739","52758035","KN294407v1","318648","318938","23","52439091"
"chr1","52758594","52758896","KN296315v1","1939846","1940151","39","50818748"
"chr1","52785683","52785970","KN294685v1","407085","407372","43","52378598"
"chr1","52795227","52795522","KN294407v1","355779","356074","25","52439448"
"chr1","52805857","52806152","KN294407v1","366463","366753","30","52439394"
"chr1","52822793","52823091","KN294407v1","378234","378545","33","52444559"
"chr1","52825009","52825299","KN294407v1","380428","380720","29","52444581"
"chr1","52828598","52828890","KN294536v1","1598822","1599112","36","51229776"
"chr1","52840635","52840942","KN297058v1","312303","312607","30","52528332"
"chr1","52845366","52845647","KN294407v1","400664","400952","39","52444702"
"chr1","52872107","52872398","KN297320v1","271981","272275","41","52600126"
"chr1","52883469","52883765","KN294269v1","550588","550887","35","52332881"
"chr1","52911046","52911354","KN294407v1","464623","464923","30","52446423"
"chr1","52927211","52927514","KN294827v1","329489","329797","35","52597722"
"chr1","52935133","52935422","KN295729v1","826689","826980","32","52108444"
"chr1","52953976","52954285","KN295284v1","544658","544966","35","52409318"
"chr1","52956220","52956511","KN294407v1","509579","509873","29","52446641"
"chr1","52968852","52969121","KN294407v1","522223","522494","18","52446629"
"chr1","52976528","52976819","KN294539v1","1287945","1288241","35","51688583"
"chr1","52982045","52982347","KN294407v1","535845","536137","26","52446200"
"chr1","53010602","53010910","KN294407v1","566097","566407","25","52444505"
"chr1","53013270","53013568","KN295871v1","615076","615373","41","52398194"
"chr1","53024669","53024969","KN294995v1","15599","15901","33","53009070"
"chr1","53031951","53032262","KN296357v1","431311","431620","43","52600640"
"chr1","53039917","53040084","KN295623v1","399728","399891","31","52640189"
"chr1","53044070","53044357","KN294407v1","598111","598399","15","52445959"
"chr1","53058708","53059004","KN294407v1","616775","617074","29","52441933"
"chr1","53060757","53061044","KN295257v1","1375797","1376084","29","51684960"
"chr1","53063151","53063480","KN294407v1","622794","623105","48","52440357"
"chr1","53067003","53067294","KN294407v1","626672","626935","38","52440331"
"chr1","53078080","53078383","KN295735v1","713972","714275","29","52364108"
"chr1","53078658","53078972","KN295437v1","95191","95501","51","52983467"
"chr1","53082897","53083178","KN295198v1","96636","96917","38","52986261"
"chr1","53089229","53089520","KN295586v1","857947","858237","46","52231282"
"chr1","53093315","53093587","KN296682v1","695643","695915","41","52397672"
"chr1","53123437","53123739","KN294407v1","673932","674231","20","52449505"
"chr1","53143973","53144274","KN295154v1","188282","188584","37","52955691"
"chr1","53145752","53146056","KN296883v1","487115","487411","45","52658637"
"chr1","53158330","53158636","KN294407v1","713066","713365","25","52445264"
"chr1","53162869","53163124","KN294407v1","717108","717362","24","52445761"
"chr1","53163775","53164068","KN294245v1","294908","295200","37","52868867"
"chr1","53166305","53166598","KN294407v1","720885","721173","36","52445420"
"chr1","53166937","53167232","KN294407v1","721509","721800","21","52445428"
"chr1","53173173","53173470","KN296178v1","1038758","1039049","35","52134415"
"chr1","53182200","53182489","KN294407v1","735522","735822","34","52446678"
"chr1","53187833","53188115","KN297159v1","1662639","1662921","32","51525194"
"chr1","53189641","53189941","KN294407v1","742574","742866","23","52447067"
"chr1","53204947","53205245","KN294407v1","757491","757791","28","52447456"
"chr1","53206946","53207229","KN297095v1","1116446","1116728","49","52090500"
"chr1","53207605","53207911","KN294446v1","240983","241287","41","52966622"
"chr1","53215617","53215916","KN295430v1","682771","683071","30","52532846"
"chr1","53239328","53239625","KN294539v1","1287945","1288241","34","51951383"
"chr1","53243211","53243517","KN294407v1","794343","794648","30","52448868"
"chr1","53246469","53246772","KN294407v1","797880","798177","28","52448589"
"chr1","53253104","53253376","KN294407v1","805228","805500","12","52447876"
"chr1","53268341","53268643","KN295835v1","20743","21047","55","53247598"
"chr1","53271802","53272112","KN294407v1","827564","827874","24","52444238"
"chr1","53296028","53296375","KN296225v1","421434","421749","82","52874594"
"chr1","53301311","53301610","KN294407v1","859584","859883","29","52441727"
"chr1","53323403","53323680","KN295303v1","62367","62645","43","53261036"
"chr1","53348888","53349182","KN294407v1","909640","909932","35","52439248"
"chr1","53349307","53349606","KN294407v1","910057","910358","30","52439250"
"chr1","53351971","53352276","KN294407v1","912040","912349","27","52439931"
"chr1","53353260","53353516","KN297038v1","314696","314959","40","53038564"
"chr1","53366514","53366824","KN296311v1","1347214","1347522","46","52019300"
"chr1","53377897","53378206","KN294407v1","952167","952484","20","52425730"
"chr1","53389381","53389695","KN296484v1","351750","352061","42","53037631"
"chr1","53394306","53394578","KN294407v1","975151","975446","40","52419155"
"chr1","53400700","53400999","KN295459v1","1487785","1488081","42","51912915"
"chr1","53426747","53427053","KN294407v1","1001941","1002245","25","52424806"
"chr1","53445226","53445517","KN294407v1","1015080","1015372","25","52430146"
"chr1","53447861","53448158","KN294407v1","1017501","1017802","36","52430360"
"chr1","53576914","53577224","KN294170v1","84454","84765","32","53492460"
"chr1","53606749","53607056","KN294407v1","1168270","1168579","28","52438479"
"chr1","53658299","53658561","KN294407v1","1225178","1225439","23","52433121"
"chr1","53663816","53664119","KN294407v1","1230719","1231026","25","52433097"
"chr1","53681620","53681921","KN294893v1","266299","266600","40","53415321"
"chr1","53757290","53757584","KN296096v1","838711","839001","34","52918579"
"chr1","53873035","53873331","KN296138v1","98488","98788","40","53774547"
"chr1","53906950","53907243","KN296538v1","827306","827593","40","53079644"
"chr1","53908340","53908644","KN297023v1","480259","480560","47","53428081"
"chr1","53916409","53916721","KN294407v1","1474783","1475095","26","52441626"
"chr1","53945291","53945578","KN294407v1","1501627","1501916","24","52443664"
"chr1","53955323","53955628","KN295607v1","4377455","4377758","33","49577868"
"chr1","54003668","54003969","KN295564v1","408804","409105","38","53594864"
"chr1","54067473","54067757","KN294662v1","218243","218524","33","53849230"
"chr1","54160525","54160829","KN296424v1","51364","51665","39","54109161"
"chr1","54205886","54206189","KN294407v1","1762260","1762563","21","52443626"
"chr1","54230294","54230612","KN294407v1","1787976","1788287","32","52442318"
"chr1","54237052","54237360","KN295433v1","250702","251008","37","53986350"
"chr1","54282691","54283004","KN296153v1","1008428","1008738","59","53274263"
"chr1","54290495","54290796","KN296442v1","417977","418281","37","53872518"
"chr1","54293789","54294075","KN294407v1","1844455","1844745","55","52449334"
"chr1","54302093","54302391","KN296743v1","376473","376771","27","53925620"
"chr1","54307281","54307577","KN294987v1","1477069","1477366","33","52830212"
"chr1","54353854","54354154","KN294603v1","111945","112247","33","54241909"
"chr1","54405912","54406204","KN294407v1","1958832","1959121","25","52447080"
"chr1","54417301","54417599","KN294407v1","1973674","1973973","10","52443627"
"chr1","54436182","54436476","KN294407v1","1990646","1990945","32","52445536"
"chr1","54463191","54463490","KN296290v1","436882","437182","39","54026309"
"chr1","54470533","54470844","KN295405v1","1404748","1405060","34","53065785"
"chr1","54478740","54479047","KN294407v1","1997472","1997775","29","52481268"
"chr1","54493497","54493805","KN294407v1","2010454","2010756","27","52483043"
"chr1","54534684","54534883","KN294456v1","895531","895730","44","53639153"
"chr1","54538188","54538492","KN294407v1","2057123","2057422","26","52481065"
"chr1","54577532","54577831","KN294539v1","1287945","1288241","35","53289587"
"chr1","54578013","54578327","KN294407v1","2099289","2099598","30","52478724"
"chr1","54612484","54612794","KN294407v1","2131729","2132040","20","52480755"
"chr1","54615042","54615278","KN295497v1","563503","563736","37","54051539"
"chr1","54627627","54627921","KN296153v1","3041230","3041525","33","51586397"
"chr1","54631746","54632043","KN297320v1","271981","272275","36","54359765"
"chr1","54638120","54638427","KN294407v1","2157068","2157379","23","52481052"
"chr1","54640566","54640869","KN294407v1","2159138","2159448","27","52481428"
"chr1","54644034","54644335","KN294407v1","2162602","2162912","31","52481432"
"chr1","54673973","54674266","KN294407v1","2194265","2194552","25","52479708"
"chr1","54677568","54677778","KN296225v1","404775","404977","41","54272793"
"chr1","54715022","54715266","KN295405v1","757351","757593","42","53957671"
"chr1","54776458","54776771","KN296635v1","2153242","2153553","36","52623216"
"chr1","54794911","54795158","KN297186v1","50383","50628","42","54744528"
"chr1","54796360","54796668","KN294407v1","2317315","2317623","24","52479045"
"chr1","54799500","54799791","KN295236v1","3589165","3589460","50","51210335"
"chr1","54819954","54820246","KN294501v1","4140225","4140518","39","50679729"
"chr1","54864343","54864645","KN294407v1","2385534","2385835","19","52478809"
"chr1","54876205","54876505","KN294407v1","2397111","2397411","19","52479094"
"chr1","54897175","54897465","KN295523v1","3037410","3037701","35","51859765"
"chr1","54905533","54905709","KN296406v1","277136","277307","33","54628397"
"chr1","54907854","54908155","KN294269v1","550588","550887","29","54357266"
"chr1","54909602","54909914","KN296096v1","2503433","2503749","41","52406169"
"chr1","54912895","54913199","KN295666v1","873327","873629","31","54039568"
"chr1","54913852","54914161","KN295708v1","219821","220134","33","54694031"
"chr1","54963776","54964059","KN295371v1","448057","448341","31","54515719"
"chr1","54966991","54967265","KN294777v1","603434","603706","53","54363557"
"chr1","54971023","54971340","KN296306v1","1908527","1908848","38","53062496"
"chr1","54989362","54989666","KN296306v1","3696704","3697010","40","51292658"
"chr1","54990775","54991079","KN295748v1","161587","161896","43","54829188"
"chr1","55037426","55037610","KN294470v1","220971","221157","33","54816455"
"chr1","55047108","55047388","KN294407v1","2563292","2563571","18","52483816"
"chr1","55051580","55051893","KN294407v1","2568075","2568385","22","52483505"
"chr1","55055002","55055282","KN297095v1","1116446","1116728","41","53938556"
"chr1","55070758","55071064","KN294407v1","2586182","2586487","20","52484576"
"chr1","55103904","55104112","KN295236v1","3506386","3506600","35","51597518"
"chr1","55106011","55106315","KN294174v1","478109","478410","39","54627902"
"chr1","55124210","55124506","KN294407v1","2631113","2631426","38","52493097"
"chr1","55131111","55131384","KN294407v1","2638496","2638763","25","52492615"
"chr1","55131544","55131849","KN294407v1","2638926","2639227","25","52492618"
"chr1","55134548","55134876","KN295893v1","1759983","1760317","67","53374565"
"chr1","55142328","55142625","KN296496v1","988332","988629","36","54153996"
"chr1","55146480","55146789","KN295923v1","1406075","1406384","37","53740405"
"chr1","55147868","55148156","KN294407v1","2653689","2653984","29","52494179"
"chr1","55176682","55177002","KN294407v1","2680328","2680631","35","52496354"
"chr1","55178728","55179044","KN296955v1","781409","781718","40","54397319"
"chr1","55179671","55179916","KN296435v1","295165","295409","32","54884506"
"chr1","55225580","55225885","KN294446v1","240983","241287","35","54984597"
"chr1","55230103","55230404","KN296486v1","1726381","1726674","38","53503722"
"chr1","55261914","55262226","KN294407v1","2766252","2766559","27","52495662"
"chr1","55283873","55284170","KN294456v1","1098138","1098439","43","54185735"
"chr1","55290399","55290625","KN297186v1","50383","50628","49","55240016"
"chr1","55331777","55332072","KN294407v1","2831791","2832083","24","52499986"
"chr1","55337321","55337615","KN294407v1","2837603","2837896","30","52499718"
"chr1","55337846","55338155","KN297327v1","217601","217906","35","55120245"
"chr1","55349843","55350140","KN294193v1","425211","425504","43","54924632"
"chr1","55369868","55370172","KN295814v1","1059254","1059558","31","54310614"
"chr1","55371224","55371521","KN294407v1","2870832","2871138","32","52500392"
"chr1","55397182","55397479","KN294407v1","2890611","2890911","30","52506571"
"chr1","55415702","55416004","KN294456v1","1098138","1098439","33","54317564"
"chr1","55431744","55432016","KN294407v1","2915881","2916153","24","52515863"
"chr1","55442652","55442951","KN294470v1","3037715","3038012","45","52404937"
"chr1","55472176","55472478","KN294407v1","2317315","2317623","43","53154861"
"chr1","55473126","55473412","KN294407v1","2957178","2957467","29","52515948"
"chr1","55478806","55479124","KN294407v1","2962356","2962666","39","52516450"
"chr1","55526334","55526620","KN294244v1","56461","56743","30","55469873"
"chr1","55546689","55546989","KN294407v1","3027269","3027567","25","52519420"
"chr1","55650160","55650447","KN296119v1","5034656","5034955","41","50615504"
"chr1","55682411","55682716","KN296731v1","1167793","1168104","37","54514618"
"chr1","55694920","55695223","KN296357v1","653990","654295","33","55040930"
"chr1","55711619","55711915","KN295667v1","1258018","1258319","34","54453601"
"chr1","55739377","55739677","KN296303v1","569995","570289","42","55169382"
"chr1","55749646","55749934","KN294987v1","862304","862598","36","54887342"
"chr1","55751849","55752138","KN294172v1","2666506","2666800","44","53085343"
"chr1","55821380","55821658","KN294407v1","3301069","3301363","41","52520311"
"chr1","55822631","55822945","KN295814v1","1569342","1569657","46","54253289"
"chr1","55824685","55824981","KN295159v1","511356","511650","38","55313329"
"chr1","55886568","55886806","KN294668v1","386157","386398","34","55500411"
"chr1","55959766","55960067","KN294407v1","3442394","3442703","29","52517372"
"chr1","56011217","56011506","KN294407v1","3491553","3491846","21","52519664"
"chr1","56221216","56221435","KN295375v1","445479","445687","47","55775737"
"chr1","56346745","56347042","KN295729v1","826689","826980","34","55520056"
"chr1","56535158","56535446","KN295974v1","351216","351502","24","56183942"
"chr1","56582871","56583173","KN295974v1","404755","405057","22","56178116"
"chr1","56595296","56595605","KN294466v1","12634","12944","57","56582662"
"chr1","56599323","56599633","KN295983v1","1699675","1699986","39","54899648"
"chr1","56648136","56648447","KN296635v1","2181073","2181379","33","54467063"
"chr1","56655285","56655585","KN294987v1","1477069","1477366","34","55178216"
"chr1","56693552","56693856","KN295974v1","505213","505510","30","56188339"
"chr1","56700023","56700306","KN296926v1","206497","206777","56","56493526"
"chr1","56824215","56824524","KN294457v1","1128179","1128489","43","55696036"
"chr1","56870679","56870973","KN294644v1","85408","85699","39","56785271"
"chr1","56934558","56934823","KN296306v1","2920380","2920648","39","54014178"
"chr1","56943576","56943859","KN294561v1","1887166","1887450","52","55056410"
"chr1","56955722","56955918","KN296495v1","510488","510677","31","56445234"
"chr1","56978103","56978317","KN295236v1","3506386","3506600","53","53471717"
"chr1","56982686","56982992","KN295974v1","796623","796922","32","56186063"
"chr1","56990394","56990696","KN295241v1","239249","239550","38","56751145"
"chr1","56994964","56995266","KN294571v1","1575904","1576204","39","55419060"
"chr1","57025133","57025419","KN295974v1","839420","839712","29","56185713"
"chr1","57081826","57082125","KN295974v1","896272","896576","29","56185554"
"chr1","57110404","57110713","KN295974v1","924375","924680","30","56186029"
"chr1","57165580","57165858","KN295523v1","196160","196440","35","56969420"
"chr1","57182860","57183155","KN294848v1","1326871","1327159","44","55855989"
"chr1","57230225","57230532","KN295974v1","1038178","1038478","30","56192047"
"chr1","57232082","57232393","KN295974v1","1038178","1038478","36","56193904"
"chr1","57341534","57341833","KN296430v1","1105044","1105344","32","56236490"
"chr1","57448451","57448738","KN295729v1","826689","826980","34","56621762"
"chr1","57453446","57453738","KN295729v1","826689","826980","36","56626757"
"chr1","57506219","57506521","KN294561v1","1084406","1084703","45","56421813"
"chr1","57640782","57641093","KN295974v1","1466462","1466774","29","56174320"
"chr1","57688531","57688829","KN294187v1","1382592","1382891","39","56305939"
"chr1","57728757","57729066","KN294239v1","558647","558951","49","57170110"
"chr1","57740621","57740929","KN295974v1","1568432","1568742","27","56172189"
"chr1","57799380","57799677","KN294218v1","2833833","2834132","34","54965547"
"chr1","57971676","57971987","KN295974v1","1799809","1800120","26","56171867"
"chr1","57972581","57972891","KN295974v1","1800682","1800984","34","56171899"
"chr1","58019881","58020162","KN294662v1","218243","218524","35","57801638"
"chr1","58060325","58060616","KN295729v1","826689","826980","32","57233636"
"chr1","58100896","58101197","KN295974v1","1930969","1931270","32","56169927"
"chr1","58140129","58140432","KN295717v1","392636","392919","61","57747493"
"chr1","58193076","58193366","KN295974v1","2022731","2023031","29","56170345"
"chr1","58322093","58322375","KN295441v1","781300","781576","43","57540793"
"chr1","58467155","58467466","KN295974v1","2293188","2293498","49","56173967"
"chr1","58475108","58475235","KN295892v1","54810","54916","66","58420298"
"chr1","58479110","58479387","KN295974v1","2307679","2307955","32","56171431"
"chr1","58500874","58501158","KN295573v1","502898","503186","43","57997976"
"chr1","58539608","58539900","KN295974v1","2369314","2369604","25","56170294"
"chr1","58555302","58555612","KN295974v1","2385805","2386106","37","56169497"
"chr1","58573532","58573833","KN294540v1","241314","241618","39","58332218"
"chr1","58685052","58685354","KN295974v1","2516789","2517093","35","56168263"
"chr1","58726856","58727158","KN294446v1","240983","241287","40","58485873"
"chr1","58975617","58975944","KN296609v1","1292063","1292383","53","57683554"
"chr1","58997632","58997920","KN295974v1","2850580","2850859","30","56147052"
"chr1","59060758","59061052","KN296547v1","396597","396892","37","58664161"
"chr1","59105295","59105581","KN297112v1","2725693","2725979","37","56379602"
"chr1","59156926","59157192","KN295315v1","1237961","1238231","36","57918965"
"chr1","59213277","59213581","KN294187v1","1109661","1109959","40","58103616"
"chr1","59237900","59238199","KN294540v1","619381","619684","34","58618519"
"chr1","59243659","59243960","KN295045v1","8969","9271","38","59234690"
"chr1","59252406","59252676","KN294539v1","1079393","1079663","37","58173013"
"chr1","59277265","59277567","KN294187v1","783464","783769","37","58493801"
"chr1","59312826","59313135","KN295814v1","1261993","1262292","41","58050833"
"chr1","59392914","59392997","KN296635v1","4416434","4416517","16","54976480"
"chr1","59393352","59393568","KN295977v1","1276894","1277103","48","58116458"
"chr1","59431367","59431657","KN295974v1","3272605","3272896","23","56158762"
"chr1","59445449","59445757","KN295974v1","3287523","3287828","29","56157926"
"chr1","59456249","59456588","KN295974v1","3299767","3300100","31","56156482"
"chr1","59488787","59489092","KN295974v1","3331433","3331738","33","56157354"
"chr1","59647937","59648225","KN294407v1","598111","598399","23","59049826"
"chr1","59741885","59742184","KN295607v1","4377455","4377758","41","55364430"
"chr1","60006855","60007160","KN295326v1","192748","193053","31","59814107"
"chr1","60047691","60047995","KN296635v1","2181073","2181379","36","57866618"
"chr1","60193750","60194045","KN296311v1","2891003","2891305","33","57302747"
"chr1","60235467","60235764","KN294539v1","1287945","1288241","26","58947522"
"chr1","60270597","60270886","KN295974v1","4098713","4098990","34","56171884"
"chr1","60291698","60291990","KN295974v1","4119355","4119643","28","56172343"
"chr1","60309487","60309706","KN296356v1","591090","591283","58","59718397"
"chr1","60378301","60378576","KN295633v1","1133330","1133601","39","59244971"
"chr1","60450410","60450695","KN296635v1","37942","38232","29","60412468"
"chr1","60509116","60509373","KN296635v1","94395","94654","21","60414721"
"chr1","60514169","60514463","KN296977v1","42110","42399","36","60472059"
"chr1","60519044","60519303","KN295352v1","90591","90843","50","60428453"
"chr1","60655040","60655338","KN295523v1","3030953","3031248","37","57624087"
"chr1","60824768","60825079","KN297274v1","1207904","1208213","38","59616864"
"chr1","60882607","60882912","KN297032v1","184087","184386","35","60698520"
"chr1","60912234","60912524","KN296635v1","490510","490796","29","60421724"
"chr1","61022830","61023137","KN296682v1","4444610","4444918","50","56578220"
"chr1","61026378","61026518","KN295977v1","1438543","1438670","31","59587835"
"chr1","61071415","61071726","KN296959v1","1610341","1610649","44","59461074"
"chr1","61071734","61072014","KN295869v1","1430554","1430846","46","59641180"
"chr1","61425093","61425399","KN295315v1","850434","850734","35","60574659"
"chr1","61466286","61466576","KN297197v1","699015","699311","37","60767271"
"chr1","61526207","61526509","KN296266v1","77086","77387","36","61449121"
"chr1","61531802","61532097","KN294456v1","1143112","1143404","47","60388690"
"chr1","61570732","61571012","KN296635v1","1128465","1128747","27","60442267"
"chr1","61578633","61578917","KN296635v1","1136781","1137066","24","60441852"
"chr1","61582240","61582523","KN295096v1","2965990","2966278","42","58616250"
"chr1","61589488","61589796","KN296635v1","1148267","1148573","23","60441221"
"chr1","61596388","61596702","KN295345v1","1051618","1051926","45","60544770"
"chr1","61608971","61609345","KN296635v1","1166764","1167140","33","60442207"
"chr1","61668477","61668789","KN294630v1","686727","687035","35","60981750"
"chr1","61710344","61710655","KN296635v1","1265783","1266088","34","60444561"
"chr1","61767195","61767481","KN295962v1","1184367","1184651","40","60582828"
"chr1","61769434","61769726","KN295923v1","1016010","1016300","43","60753424"
"chr1","61800038","61800315","KN294946v1","220472","220746","39","61579566"
"chr1","61833688","61833998","KN294592v1","1043635","1043936","49","60790053"
"chr1","61909043","61909355","KN296635v1","1459475","1459790","28","60449568"
"chr1","61910248","61910476","KN295441v1","1457453","1457675","34","60452795"
"chr1","61951335","61951622","KN296635v1","1502286","1502575","39","60449049"
"chr1","62026353","62026576","KN295967v1","625826","626071","46","61400527"
"chr1","62034460","62034756","KN296635v1","1582581","1582882","22","60451879"
"chr1","62055576","62055879","KN296635v1","1603496","1603801","25","60452080"
"chr1","62112161","62112463","KN296635v1","1660438","1660732","27","60451723"
"chr1","62115417","62115718","KN296635v1","1663971","1664270","38","60451446"
"chr1","62175655","62175938","KN296635v1","1722205","1722488","19","60453450"
"chr1","62183686","62183838","KN295666v1","773224","773378","30","61410462"
"chr1","62216814","62217138","KN295984v1","2723213","2723530","52","59493601"
"chr1","62224802","62225110","KN296635v1","1771913","1772203","39","60452889"
"chr1","62249660","62249969","KN295487v1","52973","53281","41","62196687"
"chr1","62261386","62261680","KN296635v1","1810094","1810390","25","60451292"
"chr1","62270576","62270874","KN294842v1","711681","711972","51","61558895"
"chr1","62272570","62272865","KN296731v1","1388232","1388526","44","60884338"
"chr1","62294982","62295284","KN296040v1","850386","850685","42","61444596"
"chr1","62296268","62296590","KN296635v1","1839371","1839678","52","60456897"
"chr1","62299067","62299370","KN294571v1","890748","891049","35","61408319"
"chr1","62305637","62305929","KN296880v1","290573","290861","37","62015064"
"chr1","62319897","62320190","KN294665v1","133847","134138","43","62186050"
"chr1","62327931","62328195","KN295350v1","478679","478942","36","61849252"
"chr1","62345844","62346026","KN294458v1","670426","670609","38","61675418"
"chr1","62346076","62346136","KN296635v1","1888811","1888868","8","60457265"
"chr1","62359163","62359435","KN294604v1","515332","515604","32","61843831"
"chr1","62369176","62369485","KN295090v1","2388547","2388856","43","59980629"
"chr1","62374813","62375109","KN296635v1","1922877","1923173","27","60451936"
"chr1","62376335","62376642","KN296635v1","1924412","1924709","27","60451923"
"chr1","62398157","62398445","KN294964v1","1261773","1262065","46","61136384"
"chr1","62422263","62422558","KN296200v1","350514","350809","40","62071749"
"chr1","62435944","62436241","KN294451v1","1017011","1017306","36","61418933"
"chr1","62471006","62471297","KN294325v1","1316006","1316298","35","61155000"
"chr1","62509392","62509689","KN296635v1","2051204","2051513","38","60458188"
"chr1","62566619","62566931","KN296157v1","885718","886029","38","61680901"
"chr1","62582909","62583202","KN297233v1","523000","523293","35","62059909"
"chr1","62584151","62584456","KN296635v1","2119117","2119419","22","60465034"
"chr1","62617684","62617993","KN296635v1","2153242","2153553","29","60464442"
"chr1","62625913","62626162","KN296635v1","2160905","2161161","28","60465008"
"chr1","62645247","62645549","KN296635v1","2181073","2181379","20","60464174"
"chr1","62654571","62654875","KN294603v1","111945","112247","39","62542626"
"chr1","62667654","62667925","KN295315v1","1906739","1907007","29","60760915"
"chr1","62683203","62683502","KN296635v1","2219271","2219570","32","60463932"
"chr1","62689595","62689914","KN294199v1","636506","636815","45","62053089"
"chr1","62690647","62690932","KN296635v1","2228022","2228309","29","60462625"
"chr1","62693501","62693796","KN296635v1","2231258","2231549","19","60462243"
"chr1","62700546","62700842","KN296635v1","2238382","2238676","34","60462164"
"chr1","62704644","62704938","KN296928v1","78552","78846","36","62626092"
"chr1","62711157","62711450","KN294372v1","715004","715297","34","61996153"
"chr1","62714207","62714500","KN294181v1","1209683","1209978","34","61504524"
"chr1","62727134","62727434","KN296635v1","2266298","2266592","21","60460836"
"chr1","62727942","62728246","KN296153v1","1336190","1336496","33","61391752"
"chr1","62728472","62728771","KN294239v1","344639","344929","39","62383833"
"chr1","62741693","62741992","KN296938v1","986427","986732","41","61755266"
"chr1","62757063","62757364","KN294873v1","1602078","1602381","38","61154985"
"chr1","62757501","62757796","KN296153v1","3041230","3041525","35","59716271"
"chr1","62758106","62758411","KN296213v1","809972","810282","47","61948134"
"chr1","62772627","62772940","KN297159v1","323398","323707","50","62449229"
"chr1","62784602","62784895","KN296311v1","8597835","8598127","42","54186767"
"chr1","62791273","62791522","KN294917v1","563420","563668","39","62227853"
"chr1","62795181","62795397","KN295977v1","1276894","1277103","42","61518287"
"chr1","62796521","62796813","KN295366v1","124181","124471","30","62672340"
"chr1","62821087","62821382","KN294181v1","145618","145914","28","62675469"
"chr1","62823865","62824160","KN295433v1","791869","792167","32","62031996"
"chr1","62826379","62826679","KN294790v1","163386","163690","45","62662993"
"chr1","62845498","62845807","KN296635v1","2387021","2387331","16","60458477"
"chr1","62869986","62870301","KN296635v1","2414088","2414407","31","60455898"
"chr1","62884031","62884331","KN294526v1","334958","335253","32","62549073"
"chr1","62908851","62909159","KN296635v1","2450244","2450547","22","60458607"
"chr1","62924280","62924595","KN295326v1","192748","193053","38","62731532"
"chr1","62937194","62937490","KN297190v1","4549021","4549317","36","58388173"
"chr1","62975942","62976250","KN296635v1","2516146","2516454","23","60459796"
"chr1","62983503","62983800","KN296635v1","2522536","2522835","25","60460967"
"chr1","62986168","62986470","KN295343v1","729289","729587","33","62256879"
"chr1","62988338","62988627","KN296635v1","2527617","2527915","31","60460721"
"chr1","63048210","63048510","KN297023v1","480259","480560","29","62567951"
"chr1","63050678","63050941","KN295667v1","583639","583913","39","62467039"
"chr1","63052228","63052532","KN295459v1","673095","673397","38","62379133"
"chr1","63078960","63079262","KN295441v1","1502993","1503295","25","61575967"
"chr1","63102462","63102783","KN296635v1","2650391","2650714","38","60452071"
"chr1","63105393","63105689","KN296635v1","2653336","2653630","27","60452057"
"chr1","63105824","63106115","KN296635v1","2653720","2654010","29","60452104"
"chr1","63150484","63150782","KN296311v1","5442904","5443194","43","57707580"
"chr1","63240534","63240847","KN296635v1","2783044","2783356","29","60457490"
"chr1","63266247","63266517","KN296635v1","2807007","2807304","43","60459240"
"chr1","63288713","63289000","KN296635v1","2825695","2825989","38","60463018"
"chr1","63290876","63291180","KN296635v1","2827858","2828161","28","60463018"
"chr1","63300567","63300858","KN295729v1","826689","826980","32","62473878"
"chr1","63314393","63314694","KN296635v1","2850039","2850337","23","60464354"
"chr1","63355570","63355856","KN296635v1","2882528","2882814","28","60473042"
"chr1","63366994","63367305","KN296167v1","450049","450355","46","62916945"
"chr1","63401874","63402170","KN296635v1","2928447","2928745","22","60473427"
"chr1","63411565","63411660","KN294385v1","1550091","1550189","29","61861474"
"chr1","63412269","63412497","KN295315v1","248533","248757","38","63163736"
"chr1","63413158","63413451","KN296635v1","2939390","2939688","28","60473768"
"chr1","63436856","63437153","KN296290v1","436882","437182","37","62999974"
"chr1","63528650","63528895","KN296036v1","510819","511064","39","63017831"
"chr1","63545386","63545667","KN296635v1","3077404","3077685","34","60467982"
"chr1","63546579","63546845","KN296635v1","3078590","3078856","32","60467989"
"chr1","63576414","63576723","KN296635v1","3109041","3109353","19","60467373"
"chr1","63652535","63652813","KN294739v1","903971","904241","47","62748564"
"chr1","63696838","63697129","KN294647v1","185532","185822","41","63511306"
"chr1","63704920","63705241","KN296635v1","3242341","3242644","42","60462579"
"chr1","63723702","63724003","KN295748v1","161587","161896","46","63562115"
"chr1","63750232","63750513","KN295154v1","204198","204489","48","63546034"
"chr1","63757488","63757789","KN294539v1","1287945","1288241","41","62469543"
"chr1","63810796","63811099","KN294456v1","1236504","1236809","42","62574292"
"chr1","63853572","63853892","KN295735v1","713634","713968","52","63139938"
"chr1","63867437","63867747","KN294264v1","87223","87534","34","63780214"
"chr1","63942680","63942958","KN296635v1","3483314","3483607","30","60459366"
"chr1","63945807","63946111","KN294439v1","237310","237608","37","63708497"
"chr1","63961107","63961398","KN294874v1","309420","309712","35","63651687"
"chr1","63987923","63988224","KN296635v1","3519538","3519837","21","60468385"
"chr1","63989032","63989314","KN295898v1","214207","214489","48","63774825"
"chr1","64001274","64001580","KN296635v1","3532752","3533058","31","60468522"
"chr1","64012141","64012431","KN297008v1","6588201","6588493","41","57423940"
"chr1","64060698","64061004","KN294790v1","163386","163690","39","63897312"
"chr1","64061166","64061345","KN296036v1","766932","767116","33","63294234"
"chr1","64079119","64079394","KN296635v1","3606020","3606286","39","60473099"
"chr1","64128034","64128335","KN296635v1","3657280","3657571","27","60470754"
"chr1","64142250","64142555","KN294493v1","70687","70990","41","64071563"
"chr1","64165168","64165466","KN296635v1","3692646","3692942","31","60472522"
"chr1","64204175","64204401","KN295441v1","1457453","1457675","26","62746722"
"chr1","64235987","64236279","KN294964v1","1000012","1000306","29","63235975"
"chr1","64344447","64344760","KN296635v1","3876048","3876352","33","60468399"
"chr1","64375862","64376159","KN296635v1","3912316","3912613","17","60463546"
"chr1","64392466","64392764","KN294662v1","16666","16963","37","64375800"
"chr1","64491272","64491579","KN296635v1","4029505","4029812","24","60461767"
"chr1","64650885","64651190","KN297320v1","1223277","1223582","37","63427608"
"chr1","64674336","64674656","KN296635v1","4217558","4217860","41","60456778"
"chr1","64729627","64729904","KN296635v1","4282423","4282692","23","60447204"
"chr1","64746511","64746823","KN296157v1","2746426","2746742","44","62000085"
"chr1","64842000","64842315","KN294569v1","815959","816269","40","64026041"
"chr1","64858857","64859158","KN296635v1","4410840","4411133","28","60448017"
"chr1","64895424","64895732","KN296635v1","4448966","4449273","34","60446458"
"chr1","64896893","64897186","KN294456v1","1098138","1098439","36","63798755"
"chr1","64899308","64899612","KN295801v1","99694","99998","36","64799614"
"chr1","64925005","64925305","KN294933v1","634680","634985","37","64290325"
"chr1","64976784","64977074","KN296682v1","1930392","1930690","48","63046392"
"chr1","64979902","64980187","KN295114v1","245817","246105","41","64734085"
"chr1","65001174","65001483","KN294911v1","2389002","2389309","38","62612172"
"chr1","65006374","65006672","KN296635v1","4556439","4556738","39","60449935"
"chr1","65020754","65020931","KN294668v1","1588557","1588731","24","63432197"
"chr1","65042030","65042330","KN296635v1","4592938","4593233","32","60449092"
"chr1","65050429","65050719","KN297314v1","616778","617057","43","64433651"
"chr1","65053704","65054003","KN296503v1","58212","58521","48","64995492"
"chr1","65091882","65092186","KN296635v1","4637504","4637814","33","60454378"
"chr1","65145832","65146136","KN296635v1","4694092","4694398","31","60451740"
"chr1","65195344","65195651","KN296635v1","4743835","4744135","38","60451509"
"chr1","65213010","65213312","KN294433v1","48847","49148","36","65164163"
"chr1","65215241","65215542","KN295073v1","1289046","1289348","38","63926195"
"chr1","65303600","65303881","KN296635v1","4858334","4858623","38","60445266"
"chr1","65336881","65337195","KN296635v1","4892253","4892561","28","60444628"
"chr1","65365335","65365643","KN296635v1","4920640","4920949","22","60444695"
"chr1","65376120","65376417","KN294964v1","864978","865282","36","64511142"
"chr1","65414908","65415215","KN296635v1","4969030","4969343","29","60445878"
"chr1","65451062","65451380","KN295869v1","1483001","1483321","41","63968061"
"chr1","65485034","65485353","KN296635v1","5040385","5040690","40","60444649"
"chr1","65560525","65560825","KN296635v1","5109129","5109425","36","60451396"
"chr1","65585424","65585734","KN295571v1","513084","513393","36","65072340"
"chr1","65607714","65608019","KN296108v1","367713","368015","37","65240001"
"chr1","65610730","65611038","KN294446v1","723628","723933","44","64887102"
"chr1","65633319","65633636","KN296635v1","5189266","5189569","29","60444053"
"chr1","65677242","65677552","KN295477v1","23872","24183","41","65653370"
"chr1","65710340","65710645","KN296635v1","5272634","5272948","34","60437706"
"chr1","65711108","65711428","KN295308v1","1558677","1558998","48","64152431"
"chr1","65720427","65720678","KN295835v1","199186","199432","42","65521241"
"chr1","65731595","65731906","KN295573v1","1115528","1115838","45","64616067"
"chr1","65742468","65742763","KN296635v1","5312935","5313246","30","60429533"
"chr1","65749977","65750285","KN296635v1","5321437","5321744","44","60428540"
"chr1","65780470","65780611","KN294226v1","228321","228468","25","65552149"
"chr1","65780615","65780903","KN294470v1","2136945","2137241","41","63643670"
"chr1","65808132","65808440","KN296311v1","8317826","8318133","40","57490306"
"chr1","65816136","65816444","KN294592v1","1381893","1382209","49","64434243"
"chr1","65816677","65816971","KN297157v1","47278","47567","41","65769399"
"chr1","65882716","65883002","KN296635v1","5452726","5453017","21","60429990"
"chr1","65903751","65904049","KN297023v1","480259","480560","36","65423492"
"chr1","65907009","65907313","KN296635v1","5477950","5478252","31","60429059"
"chr1","65952845","65953146","KN296635v1","5516704","5517004","30","60436141"
"chr1","65970394","65970685","KN296635v1","5534586","5534881","28","60435808"
"chr1","66045504","66045800","KN294470v1","2107525","2107821","49","63937979"
"chr1","66057522","66057824","KN294261v1","9494","9799","31","66048028"
"chr1","66103144","66103433","KN295601v1","3232292","3232583","41","62870852"
"chr1","66118632","66118814","KN294790v1","6048085","6048269","34","60070547"
"chr1","66434537","66434823","KN295523v1","1513923","1514207","40","64920614"
"chr1","66451399","66451681","KN295371v1","966183","966471","36","65485216"
"chr1","66497233","66497529","KN296295v1","41780","42085","36","66455453"
"chr1","66534668","66534940","KN296938v1","974481","974751","42","65560187"
"chr1","66585843","66586072","KN296295v1","138023","138244","27","66447820"
"chr1","66590510","66590807","KN296036v1","1716516","1716817","48","64873994"
"chr1","66608832","66609103","KN296295v1","162200","162464","27","66446632"
"chr1","66727571","66727873","KN295075v1","197535","197834","47","66530036"
"chr1","66729787","66730089","KN295075v1","197535","197834","37","66532252"
"chr1","66740672","66740962","KN296295v1","291994","292280","27","66448678"
"chr1","66742475","66742746","KN294733v1","634511","634774","41","66107964"
"chr1","66900852","66901155","KN296698v1","82655","82954","37","66818197"
"chr1","66921314","66921628","KN295526v1","182934","183242","49","66738380"
"chr1","67071182","67071479","KN294419v1","252196","252492","39","66818986"
"chr1","67085267","67085563","KN295666v1","248322","248617","47","66836945"
"chr1","67113315","67113642","KN295548v1","488261","488590","55","66625054"
"chr1","67164670","67164966","KN296430v1","1105044","1105344","35","66059626"
"chr1","67343884","67344201","KN294377v1","1568587","1568898","38","65775297"
"chr1","67437290","67437588","KN294879v1","76546","76849","38","67360744"
"chr1","67439743","67440054","KN296484v1","351750","352061","38","67087993"
"chr1","67460720","67461036","KN295361v1","458553","458859","49","67002167"
"chr1","67463261","67463572","KN294957v1","62097","62408","39","67401164"
"chr1","67481830","67482113","KN296311v1","4164279","4164567","36","63317551"
"chr1","67484393","67484690","KN296635v1","3876048","3876352","45","63608345"
"chr1","67488818","67489114","KN295459v1","1487785","1488081","39","66001033"
"chr1","67491073","67491337","KN297276v1","475868","476140","49","67015205"
"chr1","67505984","67506260","KN295605v1","430424","430703","47","67075560"
"chr1","67508605","67508918","KN294991v1","983207","983517","42","66525398"
"chr1","67521536","67521831","KN295102v1","222669","222960","42","67298867"
"chr1","67555394","67555699","KN294378v1","1310611","1310912","58","66244783"
"chr1","67596751","67597046","KN294987v1","1160344","1160639","41","66436407"
"chr1","67663272","67663580","KN294419v1","24876","25191","40","67638396"
"chr1","67748908","67749209","KN295480v1","1302107","1302401","34","66446801"
"chr1","67762323","67762621","KN296955v1","419718","420015","37","67342605"
"chr1","67772845","67773149","KN296460v1","365395","365699","35","67407450"
"chr1","67778607","67778921","KN296244v1","448160","448468","44","67330447"
"chr1","67798724","67799026","KN296247v1","901747","902047","41","66896977"
"chr1","67799421","67799728","KN297023v1","480259","480560","35","67319162"
"chr1","67810590","67810883","KN297108v1","379095","379389","45","67431495"
"chr1","67816631","67816931","KN297219v1","1549261","1549566","40","66267370"
"chr1","67821516","67821812","KN294964v1","392178","392468","43","67429338"
"chr1","67828374","67828665","KN295983v1","561537","561841","53","67266837"
"chr1","67850369","67850665","KN295893v1","120269","120580","43","67730100"
"chr1","67852693","67852998","KN296244v1","633132","633433","35","67219561"
"chr1","67894691","67894978","KN295198v1","668572","668856","35","67226119"
"chr1","67981066","67981379","KN294957v1","62097","62408","40","67918969"
"chr1","67984645","67984920","KN294837v1","377251","377522","37","67607394"
"chr1","67992746","67993032","KN296859v1","1598124","1598411","42","66394622"
"chr1","68003271","68003567","KN294181v1","1437190","1437488","33","66566081"
"chr1","68017743","68018061","KN296311v1","8317826","8318133","46","59699917"
"chr1","68022388","68022688","KN294850v1","86582","86882","35","67935806"
"chr1","68028508","68028803","KN294837v1","236309","236605","30","67792199"
"chr1","68038561","68038863","KN295633v1","1924321","1924623","44","66114240"
"chr1","68053939","68054246","KN294592v1","357317","357627","42","67696622"
"chr1","68058518","68058826","KN297046v1","1490505","1490809","37","66568013"
"chr1","68063181","68063468","KN294756v1","253","541","46","68062928"
"chr1","68085079","68085378","KN296503v1","539763","540066","33","67545316"
"chr1","68087937","68088237","KN297023v1","480259","480560","31","67607678"
"chr1","68091387","68091692","KN296637v1","494455","494756","40","67596932"
"chr1","68109211","68109511","KN297184v1","684945","685253","41","67424266"
"chr1","68123559","68123862","KN296303v1","662776","663079","34","67460783"
"chr1","68135415","68135706","KN295420v1","349594","349876","38","67785821"
"chr1","68144599","68144865","KN295490v1","43581","43843","31","68101018"
"chr1","68145508","68145811","KN295717v1","242425","242732","53","67903083"
"chr1","68161472","68161775","KN296122v1","112304","112609","34","68049168"
"chr1","68192314","68192608","KN294458v1","1049177","1049481","43","67143137"
"chr1","68220576","68220882","KN296270v1","174627","174934","44","68045949"
"chr1","68223547","68223837","KN294571v1","535032","535318","55","67688515"
"chr1","68336854","68337013","KN295480v1","3253837","3253994","27","65083017"
"chr1","68362842","68363147","KN294493v1","70687","70990","43","68292155"
"chr1","68518230","68518526","KN295984v1","1104005","1104306","52","67414225"
"chr1","68625027","68625318","KN294421v1","1690955","1691244","36","66934072"
"chr1","68854347","68854649","KN294434v1","162720","163025","64","68691627"
"chr1","68862159","68862468","KN294978v1","3753692","3754000","40","65108467"
"chr1","68886329","68886628","KN296145v1","740136","740436","32","68146193"
"chr1","68891803","68892111","KN296158v1","1175251","1175559","45","67716552"
"chr1","68906194","68906502","KN295366v1","78980","79290","34","68827214"
"chr1","68946625","68946911","KN294407v1","598111","598399","32","68348514"
"chr1","68967264","68967560","KN294571v1","1575904","1576204","44","67391360"
"chr1","68972097","68972393","KN294456v1","1143112","1143404","41","67828985"
"chr1","68973376","68973679","KN294879v1","76546","76849","37","68896830"
"chr1","69037200","69037327","KN295077v1","524042","524170","14","68513158"
"chr1","69037543","69037695","KN295157v1","155053","155207","33","68882490"
"chr1","69049520","69049831","KN297442v1","1612430","1612738","40","67437090"
"chr1","69162755","69162965","KN296812v1","527877","528085","44","68634878"
"chr1","69216407","69216711","KN294385v1","504391","504674","61","68712016"
"chr1","69239568","69239870","KN295430v1","2554896","2555197","45","66684672"
"chr1","69320588","69320914","KN295929v1","457065","457374","51","68863523"
"chr1","69477802","69478102","KN294539v1","2083944","2084246","51","67393858"
"chr1","69513646","69513755","KN296812v1","528391","528503","19","68985255"
"chr1","69514261","69514456","KN294378v1","1482294","1482491","42","68031967"
"chr1","69606601","69606908","KN294911v1","2389002","2389309","41","67217599"
"chr1","69763363","69763664","KN294172v1","5273992","5274291","39","64489371"
"chr1","69873001","69873235","KN295405v1","757351","757593","50","69115650"
"chr1","69924142","69924448","KN295814v1","1059254","1059558","40","68864888"
"chr1","70132322","70132618","KN295846v1","24517","24819","39","70107805"
"chr1","70348728","70349038","KN294456v1","1098138","1098439","41","69250590"
"chr1","70419546","70419846","KN294571v1","890748","891049","42","69528798"
"chr1","70452063","70452344","KN294619v1","970219","970502","43","69481844"
"chr1","70457702","70457985","KN294662v1","218243","218524","39","70239459"
"chr1","70642932","70643091","KN295075v1","296878","297040","27","70346054"
"chr1","70646890","70647188","KN294470v1","2136945","2137241","36","68509945"
"chr1","70736326","70736639","KN296357v1","507108","507414","36","70229218"
"chr1","70764571","70764868","KN294269v1","550588","550887","42","70213983"
"chr1","70807386","70807689","KN294842v1","1466394","1466697","41","69340992"
"chr1","70817087","70817384","KN297245v1","1416081","1416379","36","69401006"
"chr1","70860862","70861153","KN294456v1","371924","372219","41","70488938"
"chr1","70899155","70899412","KN296153v1","3610624","3610879","38","67288531"
"chr1","70905017","70905317","KN295343v1","729289","729587","33","70175728"
"chr1","70915009","70915320","KN294457v1","1128179","1128489","31","69786830"
"chr1","70927962","70928272","KN296682v1","4961231","4961540","40","65966731"
"chr1","70933101","70933386","KN296153v1","1922869","1923153","35","69010232"
"chr1","70942184","70942496","KN295315v1","1178596","1178904","39","69763588"
"chr1","70950691","70951001","KN296643v1","477291","477598","60","70473400"
"chr1","70956039","70956339","KN296290v1","722423","722718","40","70233616"
"chr1","70963857","70964051","KN296426v1","64367","64561","33","70899490"
"chr1","70981072","70981369","KN294346v1","339338","339633","38","70641734"
"chr1","70985732","70986031","KN297276v1","143691","143993","34","70842041"
"chr1","71002669","71002970","KN294378v1","696718","697020","36","70305951"
"chr1","71004572","71004891","KN294378v1","696718","697020","51","70307854"
"chr1","71019574","71019882","KN294456v1","1098138","1098439","40","69921436"
"chr1","71039058","71039358","KN297023v1","480259","480560","33","70558799"
"chr1","71052262","71052447","KN295236v1","3402541","3402725","57","67649721"
"chr1","71052807","71053101","KN295828v1","930975","931278","41","70121832"
"chr1","71066134","71066438","KN294911v1","2389002","2389309","34","68677132"
"chr1","71068945","71069254","KN294668v1","2064632","2064943","36","69004313"
"chr1","71083281","71083586","KN295480v1","1302107","1302401","44","69781174"
"chr1","71085938","71086248","KN296849v1","378265","378572","35","70707673"
"chr1","71087211","71087520","KN296795v1","2168937","2169246","40","68918274"
"chr1","71102256","71102564","KN294548v1","328774","329084","36","70773482"
"chr1","71102847","71103124","KN296596v1","124252","124528","36","70978595"
"chr1","71122173","71122447","KN295705v1","2164852","2165125","44","68957321"
"chr1","71163178","71163479","KN294571v1","890748","891049","43","70272430"
"chr1","71177903","71178190","KN297320v1","1666972","1667261","37","69510931"
"chr1","71296477","71296775","KN295573v1","1785247","1785545","32","69511230"
"chr1","71493767","71494067","KN296763v1","181994","182288","27","71311773"
"chr1","71506756","71507062","KN296763v1","195951","196258","20","71310805"
"chr1","71551326","71551591","KN295459v1","456291","456555","44","71095035"
"chr1","71576995","71577307","KN296763v1","268473","268760","45","71308522"
"chr1","71585661","71585966","KN294566v1","431389","431683","47","71154272"
"chr1","71594379","71594685","KN296303v1","662776","663079","37","70931603"
"chr1","71650439","71650626","KN296426v1","64367","64561","35","71586072"
"chr1","71670504","71670738","KN297343v1","1947137","1947379","42","69723367"
"chr1","71860399","71860690","KN297233v1","523000","523293","39","71337399"
"chr1","71941674","71941998","KN296145v1","1617086","1617397","48","70324588"
"chr1","72223545","72223838","KN297038v1","229097","229387","43","71994448"
"chr1","72415191","72415491","KN294539v1","1287945","1288241","45","71127246"
"chr1","72471808","72472059","KN294218v1","720893","721129","63","71750915"
"chr1","72546236","72546520","KN296481v1","98456","98742","34","72447780"
"chr1","72568518","72568826","KN295430v1","1217885","1218183","48","71350633"
"chr1","72590979","72591270","KN294613v1","562013","562309","40","72028966"
"chr1","72661930","72662114","KN296153v1","1178114","1178285","34","71483816"
"chr1","72797229","72797523","KN294705v1","1701400","1701687","60","71095829"
"chr1","72808577","72808858","KN294193v1","568677","568960","40","72239900"
"chr1","72883994","72884285","KN294325v1","1316006","1316298","40","71567988"
"chr1","72934868","72935138","KN295352v1","432354","432620","48","72502514"
"chr1","72940198","72940534","KN296306v1","1908527","1908848","54","71031671"
"chr1","72982486","72982784","KN294991v1","1838724","1839016","38","71143762"
"chr1","73004786","73005082","KN295871v1","615076","615373","34","72389710"
"chr1","73019882","73020102","KN294506v1","213052","213264","34","72806830"
"chr1","73099140","73099438","KN297327v1","811573","811871","38","72287567"
"chr1","73249424","73249707","KN296322v1","1336890","1337174","36","71912534"
"chr1","73277745","73278056","KN295814v1","1059254","1059558","43","72218491"
"chr1","73382289","73382568","KN294946v1","220472","220746","39","73161817"
"chr1","73573616","73573821","KN294172v1","636691","636924","59","72936925"
"chr1","73593626","73593930","KN297159v1","1746938","1747242","44","71846688"
"chr1","73605705","73606012","KN294407v1","2157068","2157379","46","71448637"
"chr1","73892093","73892392","KN294789v1","107780","108080","35","73784313"
"chr1","73937075","73937335","KN295075v1","40195","40452","39","73896880"
"chr1","74053375","74053663","KN294407v1","598111","598399","36","73455264"
"chr1","74230921","74231210","KN296311v1","714128","714427","41","73516793"
"chr1","74359114","74359406","KN294224v1","1080394","1080681","39","73278720"
"chr1","74390369","74390648","KN295320v1","1470379","1470646","51","72919990"
"chr1","74396241","74396543","KN295236v1","4249040","4249346","43","70147201"
"chr1","74440724","74441032","KN294873v1","942906","943208","42","73497818"
"chr1","74459270","74459568","KN295601v1","3238589","3238887","35","71220681"
"chr1","74503386","74503687","KN294571v1","890748","891049","38","73612638"
"chr1","74512042","74512350","KN295828v1","1506822","1507132","34","73005220"
"chr1","74551763","74552059","KN296732v1","3297760","3298052","42","71254003"
"chr1","74872555","74872853","KN294991v1","1838724","1839016","35","73033831"
"chr1","75082390","75082694","KN296609v1","2306712","2307022","37","72775678"
"chr1","75097285","75097580","KN295375v1","708997","709293","45","74388288"
"chr1","75227325","75227638","KN294378v1","1238113","1238424","44","73989212"
"chr1","75363501","75363740","KN294539v1","1824704","1824946","40","73538797"
"chr1","75610675","75610974","KN295809v1","77699","77991","39","75532976"
"chr1","75820782","75821093","KN297108v1","428912","429223","39","75391870"
"chr1","75865829","75866137","KN295977v1","526778","527087","42","75339051"
"chr1","75919565","75919860","KN296153v1","1115266","1115561","33","74804299"
"chr1","75976014","75976314","KN295607v1","4377455","4377758","32","71598559"
"chr1","76020715","76021015","KN294747v1","658716","659016","43","75361999"
"chr1","76183438","76183708","KN297323v1","313876","314138","45","75869562"
"chr1","76348304","76348592","KN296398v1","54900","55198","30","76293404"
"chr1","76399227","76399531","KN296145v1","740136","740436","41","75659091"
"chr1","76437074","76437374","KN296345v1","56571","56867","19","76380503"
"chr1","76465056","76465361","KN296138v1","98488","98788","43","76366568"
"chr1","76485096","76485413","KN295405v1","1404748","1405060","47","75080348"
"chr1","76505062","76505350","KN296345v1","121659","121957","26","76383403"
"chr1","76517732","76518041","KN296345v1","133259","133566","31","76384473"
"chr1","76568274","76568506","KN296345v1","189268","189500","16","76379006"
"chr1","76637061","76637352","KN296345v1","285578","285862","25","76351483"
"chr1","76784571","76784883","KN296345v1","447337","447653","33","76337234"
"chr1","76808554","76808829","KN296345v1","471871","472144","28","76336683"
"chr1","76837717","76838028","KN295962v1","2329043","2329352","38","74508674"
"chr1","76873916","76874185","KN296345v1","536845","537118","35","76337071"
"chr1","76900329","76900565","KN296345v1","560990","561248","40","76339339"
"chr1","76987793","76987957","KN296495v1","1617892","1618047","31","75369901"
"chr1","76992554","76992839","KN296345v1","655761","656044","25","76336793"
"chr1","77029297","77029608","KN296345v1","699214","699520","18","76330083"
"chr1","77197086","77197390","KN296701v1","933628","933927","34","76263458"
"chr1","77268259","77268559","KN296701v1","862300","862611","37","76405959"
"chr1","77311618","77311915","KN294193v1","285283","285581","35","77026335"
"chr1","77314921","77315220","KN296487v1","131647","131949","37","77183274"
"chr1","77470125","77470413","KN297197v1","197080","197368","34","77273045"
"chr1","77586406","77586713","KN296701v1","540752","541065","26","77045654"
"chr1","77642646","77642935","KN295074v1","578158","578446","43","77064488"
"chr1","77671415","77671720","KN296210v1","379655","379975","53","77291760"
"chr1","77673636","77673925","KN296577v1","648964","649254","32","77024672"
"chr1","77690210","77690476","KN294662v1","218243","218524","53","77471967"
"chr1","77896880","77897170","KN295933v1","86787","87083","39","77810093"
"chr1","77915236","77915552","KN296701v1","223708","224021","30","77691528"
"chr1","78043913","78044219","KN294287v1","530811","531116","43","77513102"
"chr1","78118359","78118651","KN295096v1","2965990","2966278","28","75152369"
"chr1","78177645","78177943","KN297133v1","1352390","1352685","34","76825255"
"chr1","78182590","78182892","KN297023v1","480259","480560","33","77702331"
"chr1","78195436","78195732","KN294372v1","2629158","2629456","42","75566278"
"chr1","78223600","78223880","KN295671v1","149104","149384","42","78074496"
"chr1","78344482","78344784","KN296322v1","2692700","2693002","37","75651782"
"chr1","78346172","78346471","KN295420v1","208371","208668","43","78137801"
"chr1","78350021","78350301","KN296538v1","101344","101622","40","78248677"
"chr1","78373878","78374167","KN294647v1","185532","185822","29","78188346"
"chr1","78377946","78378239","KN295596v1","141388","141684","41","78236558"
"chr1","78383483","78383786","KN294378v1","1174635","1174937","32","77208848"
"chr1","78397856","78398159","KN294456v1","1098138","1098439","34","77299718"
"chr1","78428965","78429262","KN295586v1","5220291","5220588","45","73208674"
"chr1","78452788","78453088","KN294470v1","2878982","2879283","40","75573806"
"chr1","78463810","78464115","KN296829v1","581505","581808","41","77882305"
"chr1","78470302","78470602","KN294539v1","1287945","1288241","40","77182357"
"chr1","78501994","78502289","KN294257v1","1723532","1723826","34","76778462"
"chr1","78508226","78508526","KN294470v1","2136945","2137241","36","76371281"
"chr1","78510919","78511219","KN295871v1","681623","681917","38","77829296"
"chr1","78519863","78520170","KN297038v1","643839","644144","43","77876024"
"chr1","78554989","78555280","KN295729v1","826689","826980","31","77728300"
"chr1","78563439","78563732","KN295096v1","2965990","2966278","36","75597449"
"chr1","78583014","78583319","KN295257v1","1225806","1226107","43","77357208"
"chr1","78592167","78592466","KN294147v1","1376898","1377195","32","77215269"
"chr1","78613188","78613478","KN295596v1","1192030","1192323","30","77421158"
"chr1","78620284","78620582","KN296732v1","3482334","3482632","34","75137950"
"chr1","78622669","78622942","KN294842v1","61302","61569","34","78561367"
"chr1","78636117","78636417","KN295405v1","69847","70144","39","78566270"
"chr1","78640731","78641001","KN295987v1","1241626","1241902","54","77399105"
"chr1","78656476","78656759","KN297154v1","550534","550818","38","78105942"
"chr1","78666720","78666993","KN294172v1","4940663","4940925","45","73726057"
"chr1","78691437","78691743","KN297442v1","1612430","1612738","37","77079007"
"chr1","78696284","78696595","KN295257v1","4702","5013","45","78691582"
"chr1","78698680","78698973","KN295533v1","2511717","2512017","51","76186963"
"chr1","78699790","78700084","KN295366v1","124181","124471","37","78575609"
"chr1","78707831","78708134","KN297158v1","212439","212742","39","78495392"
"chr1","78755525","78755820","KN296682v1","1930392","1930690","33","76825133"
"chr1","78762808","78763123","KN296153v1","1336190","1336496","46","77426618"
"chr1","78793786","78794094","KN294548v1","1161001","1161308","39","77632785"
"chr1","78810792","78811103","KN295605v1","466771","467082","39","78344021"
"chr1","78842029","78842335","KN294378v1","1504358","1504668","39","77337671"
"chr1","78852235","78852530","KN296145v1","3072127","3072422","35","75780108"
"chr1","78859227","78859506","KN294513v1","414554","414829","47","78444673"
"chr1","78996533","78996822","KN297442v1","2787194","2787487","43","76209339"
"chr1","79043632","79043931","KN294470v1","2136945","2137241","39","76906687"
"chr1","79239836","79240139","KN294456v1","612494","612802","42","78627342"
"chr1","79288871","79289166","KN296145v1","740136","740436","46","78548735"
"chr1","79384309","79384638","KN294257v1","2642468","2642800","49","76741841"
"chr1","79416337","79416622","KN295102v1","376622","376901","47","79039715"
"chr1","79487470","79487749","KN296158v1","1192523","1192804","42","78294947"
"chr1","79514285","79514587","KN296158v1","1175251","1175559","40","78339034"
"chr1","79901250","79901556","KN295368v1","2528636","2528940","45","77372614"
"chr1","80081915","80082232","KN296739v1","299526","299826","62","79782389"
"chr1","80183298","80183600","KN294604v1","502155","502458","40","79681143"
"chr1","80365754","80365889","KN297141v1","137314","137457","29","80228440"
"chr1","80432558","80432845","KN295361v1","852788","853072","53","79579770"
"chr1","80441490","80441822","KN296460v1","119303","119632","42","80322187"
"chr1","80651060","80651378","KN296635v1","2387021","2387331","46","78264039"
"chr1","80750666","80750951","KN296743v1","202352","202637","43","80548314"
"chr1","80920265","80920535","KN295198v1","293688","293968","52","80626577"
"chr1","80935219","80935532","KN294842v1","614363","614680","45","80320856"
"chr1","80961885","80962191","KN296503v1","58212","58521","42","80903673"
"chr1","81080054","81080357","KN294521v1","509491","509791","49","80570563"
"chr1","81116419","81116719","KN295236v1","6086609","6086908","35","75029810"
"chr1","81160737","81161039","KN294710v1","162997","163304","49","80997740"
"chr1","81239908","81240219","KN294287v1","369071","369381","42","80870837"
"chr1","81500629","81500916","KN294501v1","173182","173470","38","81327447"
"chr1","81557266","81557573","KN296167v1","450049","450355","48","81107217"
"chr1","81594560","81594831","KN295651v1","1704313","1704587","43","79890247"
"chr1","81645500","81645799","KN295459v1","1408532","1408829","38","80236968"
"chr1","81647632","81647951","KN296743v1","969506","969817","43","80678126"
"chr1","81669723","81670033","KN296731v1","1167793","1168104","36","80501930"
"chr1","81700655","81700995","KN295195v1","498294","498629","50","81202361"
"chr1","81790704","81791011","KN295893v1","2430995","2431307","39","79359709"
"chr1","81947812","81948119","KN295459v1","673095","673397","42","81274717"
"chr1","82013582","82013875","KN295729v1","826689","826980","42","81186893"
"chr1","82064026","82064334","KN296357v1","680528","680834","34","81383498"
"chr1","82115957","82116268","KN294790v1","163386","163690","50","81952571"
"chr1","82175875","82176181","KN296485v1","116854","117160","45","82059021"
"chr1","82184060","82184357","KN296743v1","323605","323904","36","81860455"
"chr1","82219940","82220239","KN297197v1","1190953","1191253","35","81028987"
"chr1","82254160","82254469","KN294591v1","219840","220143","35","82034320"
"chr1","82263750","82264039","KN295729v1","826689","826980","43","81437061"
"chr1","82336904","82337185","KN294244v1","56461","56743","39","82280443"
"chr1","82372687","82372979","KN295607v1","4682824","4683115","34","77689863"
"chr1","82375157","82375380","KN295977v1","1276894","1277103","63","81098263"
"chr1","82386394","82386706","KN296731v1","694955","695263","39","81691439"
"chr1","82438864","82439159","KN294407v1","3027269","3027567","37","79411595"
"chr1","82467604","82467900","KN294172v1","5009418","5009710","48","77458186"
"chr1","82476244","82476553","KN297133v1","61948","62256","35","82414296"
"chr1","82476735","82477024","KN294911v1","4220583","4220876","40","78256152"
"chr1","82535072","82535369","KN296404v1","1150048","1150343","33","81385024"
"chr1","82569067","82569405","KN294509v1","964036","964370","68","81605031"
"chr1","82614924","82615215","KN296682v1","3276721","3277015","36","79338203"
"chr1","82665437","82665742","KN295607v1","4361636","4361944","37","78303801"
"chr1","82702284","82702576","KN296311v1","4440272","4440566","34","78262012"
"chr1","82712990","82713256","KN294946v1","220472","220746","39","82492518"
"chr1","82714459","82714754","KN294345v1","1033409","1033702","51","81681050"
"chr1","82742052","82742358","KN295666v1","358169","358475","43","82383883"
"chr1","82766720","82767025","KN294193v1","390609","390914","36","82376111"
"chr1","82822342","82822649","KN297274v1","1207904","1208213","36","81614438"
"chr1","82976641","82976936","KN295717v1","1586090","1586386","37","81390551"
"chr1","82985011","82985292","KN295371v1","448057","448341","34","82536954"
"chr1","83019500","83019803","KN297245v1","1416081","1416379","33","81603419"
"chr1","83034816","83035107","KN294570v1","18395","18684","47","83016421"
"chr1","83049062","83049336","KN294561v1","1887166","1887450","52","81161896"
"chr1","83190524","83190730","KN294378v1","1482294","1482491","32","81708230"
"chr1","83258741","83259036","KN294526v1","334958","335253","34","82923783"
"chr1","83263158","83263467","KN297320v1","1223277","1223582","42","82039881"
"chr1","83325907","83326202","KN294407v1","1465772","1466071","35","81860135"
"chr1","83364957","83365285","KN294193v1","875765","876087","54","82489192"
"chr1","83392174","83392479","KN294592v1","366424","366728","39","83025750"
"chr1","83397810","83398120","KN294245v1","511576","511887","40","82886234"
"chr1","83496121","83496409","KN294407v1","637394","637683","38","82858727"
"chr1","83514610","83514907","KN296620v1","349918","350214","31","83164692"
"chr1","83616862","83617162","KN295090v1","632517","632822","41","82984345"
"chr1","83917740","83918064","KN294420v1","882040","882352","48","83035700"
"chr1","84264083","84264391","KN296682v1","4961231","4961540","37","79302852"
"chr1","84352850","84353128","KN296176v1","650821","651102","35","83702029"
"chr1","84559583","84559896","KN296588v1","289027","289334","46","84270556"
"chr1","84662800","84663087","KN295236v1","4141001","4141296","42","80521799"
"chr1","84766170","84766503","KN295735v1","713634","713968","51","84052536"
"chr1","84909921","84910213","KN296117v1","475705","475996","50","84434216"
"chr1","84919173","84919470","KN294193v1","696612","696909","35","84222561"
"chr1","84946751","84946969","KN294899v1","83981","84197","28","84862770"
"chr1","84990267","84990549","KN296486v1","1331168","1331465","55","83659099"
"chr1","85016979","85017287","KN296743v1","1756759","1757068","35","83260220"
"chr1","85035080","85035389","KN295366v1","78980","79290","34","84956100"
"chr1","85062461","85062763","KN295073v1","1289046","1289348","33","83773415"
"chr1","85120333","85120611","KN294527v1","131952","132230","38","84988381"
"chr1","85163453","85163751","KN294917v1","405138","405434","37","84758315"
"chr1","85174337","85174634","KN295090v1","2638275","2638571","37","82536062"
"chr1","85184413","85184716","KN294879v1","76546","76849","45","85107867"
"chr1","85202473","85202776","KN294571v1","1677168","1677468","32","83525305"
"chr1","85209915","85210222","KN294879v1","533741","534047","35","84676174"
"chr1","85256525","85256794","KN295343v1","293265","293528","50","84963260"
"chr1","85273123","85273420","KN294665v1","133847","134138","42","85139276"
"chr1","85286433","85286743","KN294630v1","246280","246591","47","85040153"
"chr1","85299276","85299546","KN295667v1","1390282","1390554","38","83908994"
"chr1","85302399","85302703","KN296484v1","351750","352061","41","84950649"
"chr1","85342084","85342366","KN294302v1","756229","756509","40","84585855"
"chr1","85345735","85346056","KN294217v1","1052790","1053098","54","84292945"
"chr1","85460329","85460551","KN296426v1","64367","64561","49","85395962"
"chr1","85506191","85506489","KN296622v1","463776","464076","53","85042415"
"chr1","85527694","85528006","KN296153v1","1336190","1336496","43","84191504"
"chr1","85603167","85603433","KN297133v1","1075587","1075851","34","84527580"
"chr1","85633279","85633586","KN295090v1","242110","242415","39","85391169"
"chr1","85643972","85644277","KN294446v1","240983","241287","38","85402989"
"chr1","85653181","85653386","KN294831v1","678063","678264","35","84975118"
"chr1","85661056","85661350","KN295337v1","232498","232794","40","85428558"
"chr1","85678265","85678573","KN294326v1","309006","309309","45","85369259"
"chr1","85698939","85699254","KN297058v1","312303","312607","41","85386636"
"chr1","85715696","85715961","KN294346v1","291763","292041","60","85423933"
"chr1","85774206","85774523","KN295523v1","3782914","3783224","45","81991292"
"chr1","85801898","85802197","KN294539v1","1287945","1288241","34","84513953"
"chr1","85882624","85882929","KN295820v1","44201","44491","55","85838423"
"chr1","85898074","85898371","KN295198v1","274974","275272","30","85623100"
"chr1","85904961","85905248","KN294434v1","66525","66812","41","85838436"
"chr1","85951372","85951597","KN295607v1","436258","436478","42","85515114"
"chr1","85952695","85952746","KN296743v1","1948518","1948571","8","84004177"
"chr1","85953596","85953838","KN295601v1","2518156","2518403","38","83435440"
"chr1","85979529","85979831","KN294790v1","3517087","3517388","38","82462442"
"chr1","85983956","85984259","KN295605v1","286695","286997","40","85697261"
"chr1","86087806","86088079","KN294705v1","2048841","2049122","38","84038965"
"chr1","86158402","86158611","KN295977v1","1276894","1277103","41","84881508"
"chr1","86223126","86223444","KN294446v1","995900","996216","61","85227226"
"chr1","86303319","86303623","KN296191v1","921557","921853","37","85381762"
"chr1","86304563","86304857","KN294917v1","405138","405434","44","85899425"
"chr1","86311950","86312249","KN295326v1","192748","193053","43","86119202"
"chr1","86344509","86344806","KN294172v1","5273992","5274291","44","81070517"
"chr1","86446202","86446493","KN296485v1","212367","212650","53","86233835"
"chr1","86469942","86470247","KN297154v1","88894","89201","39","86381048"
"chr1","86473836","86474154","KN296884v1","30338","30656","39","86443498"
"chr1","86485436","86485723","KN296290v1","63758","64043","36","86421678"
"chr1","86501782","86502079","KN295405v1","666934","667230","33","85834848"
"chr1","86513064","86513378","KN296635v1","4969030","4969343","46","81544034"
"chr1","86589402","86589708","KN294790v1","163386","163690","42","86426016"
"chr1","86607539","86607822","KN295729v1","826689","826980","37","85780850"
"chr1","86643426","86643731","KN296247v1","64652","64940","45","86578774"
"chr1","86726892","86727155","KN295075v1","40195","40452","35","86686697"
"chr1","86744250","86744561","KN296635v1","3876048","3876352","40","82868202"
"chr1","86775634","86775943","KN296404v1","2534470","2534781","35","84241164"
"chr1","86998054","86998358","KN294326v1","309006","309309","44","86689048"
"chr1","87047937","87048243","KN294884v1","66822","67131","32","86981115"
"chr1","87091822","87092125","KN297070v1","379833","380141","40","86711989"
"chr1","87129678","87129880","KN294713v1","896268","896483","33","86233410"
"chr1","87181353","87181646","KN294234v1","2380017","2380308","38","84801336"
"chr1","87201270","87201577","KN296167v1","450049","450355","38","86751221"
"chr1","87283508","87283821","KN295748v1","161587","161896","38","87121921"
"chr1","87296166","87296457","KN295671v1","310148","310439","37","86986018"
"chr1","87332003","87332306","KN297319v1","372038","372337","43","86959965"
"chr1","87387937","87388250","KN295922v1","130002","130315","38","87257935"
"chr1","87413107","87413378","KN296120v1","101804","102083","44","87311303"
"chr1","87416193","87416401","KN295977v1","1276894","1277103","39","86139299"
"chr1","87430314","87430591","KN296495v1","1951647","1951933","40","85478667"
"chr1","87449054","87449358","KN294790v1","163386","163690","38","87285668"
"chr1","87454861","87455172","KN296090v1","89328","89638","37","87365533"
"chr1","87492938","87493186","KN297274v1","130981","131246","45","87361957"
"chr1","87493812","87494025","KN296682v1","3000428","3000645","37","84493384"
"chr1","87528118","87528399","KN296682v1","912633","912914","42","86615485"
"chr1","87532837","87532978","KN295077v1","304214","304343","27","87228623"
"chr1","87564572","87564883","KN294433v1","48847","49148","43","87515725"
"chr1","87579593","87579897","KN295988v1","381108","381417","40","87198485"
"chr1","87588926","87589219","KN296040v1","349832","350124","35","87239094"
"chr1","87591286","87591597","KN294454v1","86482","86786","49","87504804"
"chr1","87623161","87623448","KN296743v1","202352","202637","33","87420809"
"chr1","87650467","87650772","KN295459v1","673095","673397","36","86977372"
"chr1","87674803","87675093","KN294257v1","2318966","2319262","45","85355837"
"chr1","87686760","87687054","KN295198v1","274974","275272","36","87411786"
"chr1","87737351","87737640","KN296726v1","606731","607020","38","87130620"
"chr1","87750498","87750854","KN294470v1","2190064","2190422","63","85560434"
"chr1","87780171","87780466","KN295977v1","1131033","1131330","36","86649138"
"chr1","87835425","87835720","KN294917v1","405138","405434","38","87430287"
"chr1","88056633","88056932","KN294809v1","1033430","1033730","33","87023203"
"chr1","88112952","88113249","KN295633v1","323295","323596","45","87789657"
"chr1","88153272","88153526","KN295820v1","851444","851701","48","87301828"
"chr1","88249936","88250223","KN294224v1","916842","917130","38","87333094"
"chr1","88488992","88489297","KN296682v1","202211","202518","42","88286781"
"chr1","88563391","88563646","KN296153v1","3610624","3610879","39","84952767"
"chr1","89127039","89127334","KN294539v1","1287945","1288241","36","87839094"
"chr1","89178512","89178810","KN295059v1","576906","577204","19","88601606"
"chr1","89276837","89277132","KN295059v1","463326","463623","26","88813511"
"chr1","89281534","89281836","KN295059v1","458362","458670","28","88823172"
"chr1","89284285","89284612","KN295832v1","708612","708916","48","88575673"
"chr1","89290494","89290788","KN295059v1","449449","449746","20","88841045"
"chr1","89378150","89378464","KN295708v1","219821","220134","42","89158329"
"chr1","89390374","89390698","KN295994v1","348425","348746","51","89041949"
"chr1","89445249","89445560","KN295059v1","291387","291691","42","89153862"
"chr1","89493008","89493186","KN294957v1","73265","73439","31","89419743"
"chr1","89514812","89515109","KN295059v1","208548","208843","32","89306264"
"chr1","89582901","89583180","KN295059v1","139909","140194","30","89442992"
"chr1","89584674","89584962","KN294911v1","628968","629266","48","88955706"
"chr1","89609401","89609702","KN294444v1","120957","121257","41","89488444"
"chr1","89617965","89618269","KN295459v1","673095","673397","32","88944870"
"chr1","89637778","89638075","KN295059v1","89625","89927","29","89548153"
"chr1","89640149","89640459","KN294264v1","87223","87534","32","89552926"
"chr1","89647013","89647298","KN295059v1","81383","81669","39","89565630"
"chr1","89649380","89649662","KN295059v1","79044","79326","17","89570336"
"chr1","89651650","89651938","KN295059v1","76135","76430","33","89575515"
"chr1","89671782","89672084","KN295059v1","53754","54063","33","89618028"
"chr1","89673439","89673742","KN294172v1","5828976","5829275","35","83844463"
"chr1","89681405","89681718","KN295059v1","43530","43825","46","89637875"
"chr1","89706464","89706745","KN296806v1","109370","109653","45","89597094"
"chr1","89749546","89749855","KN296167v1","450049","450355","37","89299497"
"chr1","89759989","89760294","KN296167v1","450049","450355","37","89309940"
"chr1","89771852","89772145","KN296024v1","54744","55051","34","89717108"
"chr1","89813771","89814059","KN294539v1","1287945","1288241","41","88525826"
"chr1","89951437","89951732","KN296024v1","257641","257928","36","89693796"
"chr1","89961344","89961682","KN294499v1","1858422","1858750","55","88102922"
"chr1","90095573","90095864","KN294879v1","520786","521080","38","89574787"
"chr1","90113638","90113929","KN295096v1","2965990","2966278","37","87147648"
"chr1","90282573","90282871","KN295692v1","1497978","1498272","40","88784595"
"chr1","90294513","90294557","KN295605v1","731068","731107","18","89563445"
"chr1","90295087","90295396","KN295487v1","52973","53281","38","90242114"
"chr1","90385175","90385452","KN294728v1","684677","684939","49","89700498"
"chr1","90546268","90546578","KN296322v1","2692700","2693002","47","87853568"
"chr1","90551089","90551402","KN295366v1","78980","79290","42","90472109"
"chr1","90568358","90568656","KN295591v1","581132","581427","18","89987226"
"chr1","90672361","90672666","KN296158v1","1175251","1175559","40","89497110"
"chr1","90678892","90679191","KN295591v1","694940","695241","31","89983952"
"chr1","90731798","90732086","KN296761v1","16855","17145","42","90714943"
"chr1","90901486","90901668","KN295236v1","224307","224480","34","90677179"
"chr1","90901669","90901973","KN296311v1","2283043","2283345","37","88618626"
"chr1","90910122","90910433","KN297095v1","2357990","2358300","39","88552132"
"chr1","90995364","90995668","KN295591v1","1009281","1009590","31","89986083"
"chr1","91033376","91033496","KN297133v1","1175513","1175602","58","89857863"
"chr1","91044214","91044391","KN294416v1","249743","249935","49","90794471"
"chr1","91044633","91044882","KN295257v1","1250659","1250919","41","89793974"
"chr1","91299003","91299289","KN295591v1","1344679","1344984","39","89954324"
"chr1","91323456","91323758","KN294521v1","509491","509791","41","90813965"
"chr1","91412923","91413239","KN296948v1","1380864","1381173","45","90032059"
"chr1","91458302","91458611","KN297154v1","1039874","1040175","41","90418428"
"chr1","91516421","91516699","KN295591v1","1570787","1571066","30","89945634"
"chr1","91517091","91517370","KN296096v1","718377","718656","39","90798714"
"chr1","91523856","91524163","KN295591v1","1578787","1579090","36","89945069"
"chr1","91524951","91525117","KN294571v1","210473","210635","28","91314478"
"chr1","91571568","91571847","KN297058v1","17382","17659","32","91554186"
"chr1","91581777","91582073","KN294457v1","974040","974335","49","90607737"
"chr1","91598494","91598785","KN297105v1","2901519","2901804","45","88696975"
"chr1","91624487","91624788","KN294499v1","1245847","1246146","41","90378640"
"chr1","91625096","91625390","KN297058v1","67297","67607","40","91557799"
"chr1","91628735","91629035","KN296643v1","47618","47923","34","91581117"
"chr1","91661692","91662002","KN297058v1","105350","105661","37","91556342"
"chr1","91664238","91664513","KN295205v1","1144902","1145175","38","90519336"
"chr1","91666615","91666916","KN297023v1","480259","480560","33","91186356"
"chr1","91668640","91668931","KN296404v1","3824512","3824802","34","87844128"
"chr1","91674386","91674686","KN297058v1","117989","118295","30","91556397"
"chr1","91685450","91685741","KN297058v1","128357","128645","27","91557093"
"chr1","91711183","91711491","KN297058v1","153252","153558","31","91557931"
"chr1","91733004","91733310","KN296108v1","1080011","1080305","37","90652993"
"chr1","91777644","91777931","KN297058v1","205971","206260","44","91571673"
"chr1","91785093","91785398","KN297058v1","214439","214744","33","91570654"
"chr1","91795332","91795629","KN297058v1","226066","226364","24","91569266"
"chr1","91802505","91802801","KN297058v1","233388","233687","25","91569117"
"chr1","91815351","91815638","KN294571v1","1318150","1318439","36","90497201"
"chr1","91816551","91816845","KN296311v1","768493","768797","44","91048058"
"chr1","91833435","91833727","KN296520v1","474691","474989","33","91358744"
"chr1","91850253","91850555","KN297058v1","284641","284948","48","91565612"
"chr1","91873424","91873599","KN294668v1","1588557","1588731","36","90284867"
"chr1","91874444","91874740","KN294303v1","289860","290155","39","91584584"
"chr1","91883475","91883781","KN294470v1","2136945","2137241","40","89746530"
"chr1","91886327","91886692","KN297058v1","314189","314555","40","91572138"
"chr1","91909291","91909579","KN296079v1","819187","819474","35","91090104"
"chr1","91914933","91915221","KN297058v1","344154","344454","28","91570779"
"chr1","91916875","91917192","KN297274v1","902241","902551","46","91014634"
"chr1","91919820","91920103","KN296153v1","2393235","2393519","38","89526585"
"chr1","91981692","91981992","KN295814v1","1059254","1059558","43","90922438"
"chr1","92069449","92069717","KN295075v1","40195","40452","33","92029254"
"chr1","92089629","92089939","KN296557v1","1111282","1111592","26","90978347"
"chr1","92220483","92220781","KN294581v1","619147","619445","35","91601336"
"chr1","92223751","92224043","KN295592v1","2080263","2080554","38","90143488"
"chr1","92250717","92251025","KN294856v1","158144","158448","31","92092573"
"chr1","92326669","92326968","KN294181v1","145618","145914","37","92181051"
"chr1","92354642","92354922","KN294262v1","2679061","2679337","50","89675581"
"chr1","92360705","92360988","KN296557v1","852114","852399","30","91508591"
"chr1","92381776","92382030","KN296557v1","832124","832377","19","91549652"
"chr1","92430252","92430542","KN296557v1","781394","781692","29","91648858"
"chr1","92460465","92460763","KN296557v1","750276","750574","25","91710189"
"chr1","92461749","92462060","KN296484v1","351750","352061","29","92109999"
"chr1","92499071","92499364","KN296557v1","712872","713163","26","91786199"
"chr1","92502803","92503098","KN294181v1","145618","145914","35","92357185"
"chr1","92532155","92532449","KN296557v1","679429","679719","30","91852726"
"chr1","92545231","92545533","KN294613v1","327601","327901","34","92217630"
"chr1","92552958","92553265","KN296557v1","658256","658554","26","91894702"
"chr1","92561135","92561440","KN296557v1","647973","648273","33","91913162"
"chr1","92571399","92571699","KN294470v1","2136945","2137241","41","90434454"
"chr1","92573805","92574112","KN296643v1","47618","47923","34","92526187"
"chr1","92584244","92584540","KN294372v1","1767390","1767687","39","90816854"
"chr1","92593402","92593686","KN295459v1","1621495","1621779","28","90971907"
"chr1","92619553","92619820","KN294662v1","218243","218524","44","92401310"
"chr1","92631828","92632150","KN296557v1","571511","571802","56","92060317"
"chr1","92652234","92652515","KN295441v1","405739","406027","46","92246495"
"chr1","92655714","92655990","KN296557v1","551218","551510","32","92104496"
"chr1","92671470","92671777","KN295236v1","844452","844758","43","91827018"
"chr1","92705971","92706261","KN295523v1","3030953","3031248","40","89675018"
"chr1","92706839","92707152","KN296495v1","550769","551079","50","92156070"
"chr1","92709373","92709674","KN297023v1","480259","480560","31","92229114"
"chr1","92713567","92713849","KN295371v1","1078869","1079149","33","91634698"
"chr1","92714154","92714442","KN294239v1","344639","344929","38","92369515"
"chr1","92716810","92717074","KN296557v1","489758","490018","22","92227052"
"chr1","92721430","92721722","KN296201v1","1837920","1838211","47","90883510"
"chr1","92724238","92724544","KN296557v1","483469","483780","27","92240769"
"chr1","92728063","92728368","KN296557v1","479618","479915","33","92248445"
"chr1","92752514","92752818","KN296158v1","1175251","1175559","37","91577263"
"chr1","92765759","92766056","KN295394v1","556635","556929","40","92209124"
"chr1","92816312","92816613","KN296557v1","399254","399558","35","92417058"
"chr1","92825650","92825951","KN295533v1","2511717","2512017","41","90313933"
"chr1","92870299","92870582","KN296557v1","341954","342238","18","92528345"
"chr1","92960847","92961137","KN296557v1","248348","248635","35","92712499"
"chr1","92975465","92975775","KN295112v1","477640","477949","34","92497825"
"chr1","93006110","93006414","KN296557v1","206536","206839","27","92799574"
"chr1","93020055","93020337","KN296557v1","187747","188033","25","92832308"
"chr1","93049142","93049444","KN294964v1","1832698","1833002","31","91216444"
"chr1","93079004","93079286","KN296557v1","128478","128777","42","92950526"
"chr1","93100938","93101241","KN296557v1","106771","107082","26","92994167"
"chr1","93127287","93127592","KN294603v1","111945","112247","39","93015342"
"chr1","93146325","93146624","KN294456v1","1098138","1098439","36","92048187"
"chr1","93148984","93149278","KN296406v1","55784","56073","32","93093200"
"chr1","93150744","93151079","KN296557v1","51371","51672","57","93099373"
"chr1","93173336","93173629","KN296557v1","31104","31398","25","93142232"
"chr1","93186019","93186320","KN296557v1","18517","18814","25","93167502"
"chr1","93191047","93191352","KN296557v1","13515","13811","31","93177532"
"chr1","93210796","93211091","KN294698v1","184917","185218","34","93025879"
"chr1","93213812","93214093","KN294698v1","181917","182196","18","93031895"
"chr1","93214235","93214540","KN295022v1","560670","560978","41","92653565"
"chr1","93216162","93216341","KN294548v1","1253956","1254133","31","91962206"
"chr1","93216351","93216647","KN294698v1","179350","179651","23","93037001"
"chr1","93222491","93222804","KN296158v1","1175251","1175559","43","92047240"
"chr1","93264217","93264527","KN296349v1","45344","45654","35","93218873"
"chr1","93295520","93295817","KN294698v1","98629","98931","25","93196891"
"chr1","93312040","93312350","KN294698v1","82925","83236","27","93229115"
"chr1","93335916","93336217","KN295045v1","381705","382005","34","92954211"
"chr1","93356678","93356979","KN294698v1","46669","46972","30","93310009"
"chr1","93381132","93381419","KN294698v1","24031","24324","26","93357101"
"chr1","93486418","93486717","KN296498v1","95172","95471","32","93391246"
"chr1","93500001","93500265","KN295717v1","1445363","1445625","45","92054638"
"chr1","93513079","93513369","KN294842v1","1650987","1651281","38","91862092"
"chr1","93517679","93517976","KN294917v1","401690","401984","35","93115989"
"chr1","93549794","93550092","KN294257v1","1033740","1034031","44","92516054"
"chr1","93551417","93551720","KN295302v1","361165","361469","30","93190252"
"chr1","93566282","93566521","KN295820v1","956662","956899","34","92609620"
"chr1","93583476","93583768","KN294937v1","266","558","31","93583210"
"chr1","93586125","93586429","KN296120v1","97267","97566","33","93488858"
"chr1","93616336","93616626","KN295090v1","1338805","1339099","35","92277531"
"chr1","93621955","93622260","KN295236v1","35793","36099","37","93586162"
"chr1","93639824","93639984","KN297404v1","166788","166945","32","93473036"
"chr1","93641228","93641520","KN296225v1","765260","765548","32","92875968"
"chr1","93644328","93644626","KN295343v1","729289","729587","31","92915039"
"chr1","93651909","93652197","KN294257v1","2131357","2131645","47","91520552"
"chr1","93684047","93684354","KN295302v1","361165","361469","31","93322882"
"chr1","93686815","93687114","KN296261v1","309828","310128","33","93376987"
"chr1","93690467","93690762","KN297190v1","4747951","4748245","36","88942516"
"chr1","93716088","93716390","KN294456v1","1098138","1098439","36","92617950"
"chr1","93737247","93737554","KN295623v1","393148","393452","59","93344099"
"chr1","93747913","93748221","KN296825v1","94279","94588","44","93653634"
"chr1","93754675","93755031","KN294172v1","2347366","2347720","81","91407309"
"chr1","93814891","93815151","KN295962v1","1001222","1001485","66","92813669"
"chr1","93815508","93815784","KN295923v1","1076581","1076859","48","92738927"
"chr1","93891863","93892160","KN294592v1","1268208","1268509","35","92623655"
"chr1","93915430","93915724","KN294501v1","38531","38824","37","93876899"
"chr1","94051239","94051444","KN295977v1","1276894","1277103","41","92774345"
"chr1","94063965","94064237","KN296486v1","1167419","1167692","35","92896546"
"chr1","94070717","94070990","KN295320v1","1470379","1470646","43","92600338"
"chr1","94103487","94103785","KN294439v1","207883","208184","37","93895604"
"chr1","94117754","94118055","KN294245v1","583030","583326","41","93534724"
"chr1","94196259","94196555","KN295366v1","124181","124471","45","94072078"
"chr1","94219584","94219887","KN294842v1","1045125","1045428","38","93174459"
"chr1","94339949","94340217","KN294226v1","435959","436233","69","93903990"
"chr1","94366058","94366354","KN294581v1","619147","619445","35","93746911"
"chr1","94411949","94412226","KN294167v1","514051","514328","44","93897898"
"chr1","94435468","94435794","KN295893v1","2972903","2973217","56","91462565"
"chr1","94626165","94626465","KN295343v1","729289","729587","32","93896876"
"chr1","94636721","94636937","KN294539v1","2433808","2434022","53","92202913"
"chr1","94641989","94642265","KN296503v1","413634","413904","38","94228355"
"chr1","94648804","94649111","KN296864v1","2315660","2315965","45","92333144"
"chr1","94656849","94657144","KN295596v1","141388","141684","28","94515461"
"chr1","94684664","94684939","KN294251v1","1151512","1151787","40","93533152"
"chr1","94734138","94734431","KN295893v1","7273160","7273454","29","87460978"
"chr1","94753456","94753772","KN295708v1","1431107","1431415","47","93322349"
"chr1","94761515","94761823","KN294911v1","2547386","2547691","42","92214129"
"chr1","94795181","94795463","KN294407v1","3162557","3162840","41","91632624"
"chr1","94940052","94940361","KN295433v1","250702","251008","41","94689350"
"chr1","94972476","94972777","KN295430v1","2554896","2555197","25","92417580"
"chr1","94988004","94988302","KN295439v1","186553","186852","41","94801451"
"chr1","95002094","95002404","KN297023v1","480259","480560","50","94521835"
"chr1","95084950","95085257","KN294199v1","636506","636815","39","94448444"
"chr1","95146167","95146462","KN296153v1","1115266","1115561","34","94030901"
"chr1","95147323","95147623","KN294790v1","163386","163690","37","94983937"
"chr1","95165821","95166118","KN295748v1","161587","161896","49","95004234"
"chr1","95174024","95174331","KN294239v1","344639","344929","51","94829385"
"chr1","95193180","95193478","KN296153v1","1090111","1090408","37","94103069"
"chr1","95252358","95252643","KN296508v1","1887999","1888284","36","93364359"
"chr1","95263721","95263938","KN296749v1","413777","413994","26","94849944"
"chr1","95301645","95301959","KN295962v1","2329043","2329352","37","92972602"
"chr1","95355837","95356149","KN295433v1","250702","251008","36","95105135"
"chr1","95423348","95423647","KN295988v1","295366","295665","39","95127982"
"chr1","95425637","95425944","KN295607v1","153133","153443","43","95272504"
"chr1","95444857","95445119","KN295362v1","490911","491170","37","94953946"
"chr1","95563147","95563457","KN294385v1","1121292","1121597","41","94441855"
"chr1","95573544","95573847","KN296311v1","832074","832375","32","94741470"
"chr1","95608503","95608798","KN295708v1","1536667","1536965","34","94071836"
"chr1","95630720","95631031","KN294456v1","612494","612802","44","95018226"
"chr1","95665655","95665944","KN295394v1","556635","556929","33","95109020"
"chr1","95667829","95668108","KN294911v1","755213","755494","33","94912616"
"chr1","95682583","95682871","KN295729v1","826689","826980","32","94855894"
"chr1","95695645","95695955","KN297165v1","1254188","1254497","45","94441457"
"chr1","95698872","95699173","KN294470v1","1496938","1497237","35","94201934"
"chr1","95734188","95734498","KN294911v1","2389002","2389309","34","93345186"
"chr1","95779821","95780125","KN294790v1","163386","163690","43","95616435"
"chr1","95788468","95788761","KN296964v1","75085","75370","52","95713383"
"chr1","95798767","95799053","KN295729v1","826689","826980","40","94972078"
"chr1","95846027","95846311","KN294210v1","987866","988162","40","94858161"
"chr1","95899264","95899560","KN294407v1","3027269","3027567","39","92871995"
"chr1","95907241","95907474","KN295967v1","625826","626071","49","95281415"
"chr1","95968791","95969102","KN294257v1","379317","379626","33","95589474"
"chr1","95980379","95980680","KN296833v1","30824","31126","36","95949555"
"chr1","96008936","96009235","KN296620v1","349918","350214","39","95659018"
"chr1","96054925","96055223","KN295708v1","1536667","1536965","38","94518258"
"chr1","96110786","96111086","KN294456v1","1098138","1098439","39","95012648"
"chr1","96157030","96157340","KN296019v1","408064","408375","41","95748966"
"chr1","96198661","96198961","KN294571v1","2603456","2603755","43","93595205"
"chr1","96456767","96457076","KN295974v1","1466462","1466774","40","94990305"
"chr1","96559492","96559782","KN294526v1","334958","335253","37","96224534"
"chr1","96620477","96620808","KN294630v1","549363","549684","56","96071114"
"chr1","96621294","96621599","KN294325v1","1015803","1016101","41","95605491"
"chr1","96670437","96670727","KN296009v1","420615","420911","38","96249822"
"chr1","96689577","96689884","KN295236v1","4141001","4141296","43","92548576"
"chr1","96750754","96751064","KN294513v1","356380","356693","43","96394374"
"chr1","96908686","96908976","KN294608v1","10871","11158","42","96897815"
"chr1","96913588","96913869","KN295523v1","196160","196440","42","96717428"
"chr1","97105050","97105350","KN297245v1","1416081","1416379","37","95688969"
"chr1","97107186","97107500","KN297133v1","1603609","1603918","39","95503577"
"chr1","97162978","97163280","KN295736v1","462563","462871","41","96700415"
"chr1","97202004","97202305","KN296852v1","128578","128879","51","97073426"
"chr1","97288420","97288713","KN296011v1","34273","34572","44","97254147"
"chr1","97291811","97292117","KN297215v1","105050","105356","41","97186761"
"chr1","97298695","97298995","KN297023v1","480259","480560","30","96818436"
"chr1","97315383","97315692","KN297219v1","2267303","2267604","41","95048080"
"chr1","97389678","97389960","KN294302v1","756229","756509","43","96633449"
"chr1","97458355","97458640","KN297165v1","2779028","2779304","46","94679327"
"chr1","97461558","97461874","KN295091v1","2754188","2754498","46","94707370"
"chr1","97505195","97505500","KN294170v1","5505","5809","36","97499690"
"chr1","97530529","97530841","KN295988v1","381108","381417","42","97149421"
"chr1","97567116","97567443","KN295345v1","1373085","1373408","51","96194031"
"chr1","97592475","97592507","KN295605v1","731068","731107","14","96861407"
"chr1","97592508","97592786","KN294662v1","218243","218524","41","97374265"
"chr1","97615682","97615985","KN294705v1","430220","430521","35","97185462"
"chr1","97742072","97742352","KN294170v1","66663","66947","51","97675409"
"chr1","97755207","97755515","KN295748v1","161587","161896","32","97593620"
"chr1","97762209","97762506","KN295564v1","408804","409105","38","97353405"
"chr1","97820227","97820521","KN295633v1","323295","323596","41","97496932"
"chr1","97965541","97965835","KN297197v1","896791","897086","36","97068750"
"chr1","97983478","97983784","KN296484v1","351750","352061","42","97631728"
"chr1","98013605","98013904","KN295350v1","93538","93840","40","97920067"
"chr1","98014018","98014326","KN295459v1","673095","673397","34","97340923"
"chr1","98033726","98034029","KN296484v1","733487","733776","42","97300239"
"chr1","98215158","98215445","KN297190v1","726166","726449","38","97488992"
"chr1","98262701","98263025","KN295573v1","1028299","1028621","44","97234402"
"chr1","98270321","98270617","KN296791v1","119126","119422","39","98151195"
"chr1","98440079","98440323","KN296145v1","262211","262456","39","98177868"
"chr1","98487269","98487544","KN297047v1","4090175","4090454","49","94397094"
"chr1","98588124","98588436","KN296920v1","170719","171034","48","98417405"
"chr1","98824549","98824863","KN295407v1","51616","51926","38","98772933"
"chr1","98825909","98826207","KN294499v1","2005615","2005910","39","96820294"
"chr1","98933513","98933824","KN294630v1","686727","687035","40","98246786"
"chr1","99113664","99113973","KN296732v1","194560","194867","40","98919104"
"chr1","99260402","99260661","KN297121v1","256358","256619","49","99004044"
"chr1","99426263","99426562","KN295708v1","819478","819779","48","98606785"
"chr1","99473418","99473687","KN296221v1","468825","469096","25","99004593"
"chr1","99560930","99561240","KN296221v1","376519","376846","33","99184411"
"chr1","99654770","99655074","KN294345v1","1360179","1360481","41","98294591"
"chr1","99693411","99693708","KN296682v1","1930392","1930690","32","97763019"
"chr1","99878118","99878429","KN296221v1","73935","74245","30","99804183"
"chr1","99982421","99982714","KN296262v1","535549","535836","29","99446872"
"chr1","99996859","99997170","KN295371v1","377631","377943","44","99619228"
"chr1","100125496","100125795","KN297133v1","962541","962849","45","99162955"
"chr1","100252723","100252888","KN296481v1","376034","376200","27","99876689"
"chr1","100299370","100299663","KN294949v1","1167181","1167478","45","99132189"
"chr1","100366644","100366928","KN296262v1","173202","173486","20","100193442"
"chr1","100387818","100388120","KN296093v1","33319","33627","49","100354499"
"chr1","100434787","100435097","KN296262v1","104634","104947","35","100330153"
"chr1","100485200","100485495","KN296262v1","47661","47964","34","100437539"
"chr1","100564304","100564605","KN296311v1","767533","767832","38","99796771"
"chr1","100580259","100580552","KN295241v1","9462","9752","36","100570797"
"chr1","100586970","100587286","KN296484v1","351750","352061","44","100235220"
"chr1","100591661","100591955","KN296934v1","509468","509764","39","100082193"
"chr1","100653758","100654066","KN297023v1","480259","480560","34","100173499"
"chr1","100655564","100655812","KN297154v1","1616670","1616919","34","99038894"
"chr1","100675133","100675436","KN295284v1","147405","147703","37","100527728"
"chr1","100683209","100683494","KN294182v1","463025","463315","42","100220184"
"chr1","100689180","100689476","KN294470v1","2136945","2137241","32","98552235"
"chr1","100696792","100697071","KN297242v1","2046546","2046825","33","98650246"
"chr1","100768128","100768402","KN296825v1","2271080","2271358","41","98497048"
"chr1","100858538","100858843","KN297408v1","73718","74022","34","100784820"
"chr1","100875755","100876062","KN296357v1","431311","431620","36","100444444"
"chr1","100887017","100887327","KN297375v1","321482","321790","46","100565535"
"chr1","100893806","100894087","KN294229v1","110402","110697","42","100783404"
"chr1","100923920","100924241","KN295433v1","250702","251008","54","100673218"
"chr1","101014756","101015034","KN294662v1","218243","218524","36","100796513"
"chr1","101024048","101024347","KN294470v1","2136945","2137241","32","98887103"
"chr1","101173812","101174119","KN297050v1","181609","181918","40","100992203"
"chr1","101177580","101177765","KN297242v1","1233398","1233569","42","99944182"
"chr1","101217914","101218127","KN294899v1","83981","84197","36","101133933"
"chr1","101267157","101267458","KN296833v1","30824","31126","34","101236333"
"chr1","101295802","101296151","KN294147v1","1262460","1262784","70","100033342"
"chr1","101426099","101426396","KN296557v1","13515","13811","31","101412584"
"chr1","101459911","101460189","KN295459v1","361703","361982","41","101098208"
"chr1","101578209","101578507","KN297023v1","480259","480560","39","101097950"
"chr1","101744161","101744463","KN294407v1","1465772","1466071","47","100278389"
"chr1","101754577","101754889","KN296487v1","131647","131949","44","101622930"
"chr1","101849897","101850210","KN296311v1","3194235","3194543","41","98655662"
"chr1","101851707","101852001","KN296404v1","1150048","1150343","40","100701659"
"chr1","102005822","102006130","KN296404v1","1518963","1519272","38","100486859"
"chr1","102021648","102021860","KN296430v1","655059","655273","30","101366589"
"chr1","102125882","102126177","KN297133v1","453124","453424","37","101672758"
"chr1","102132308","102132602","KN295037v1","77622","77910","29","102054686"
"chr1","102164424","102164729","KN297320v1","1666972","1667261","52","100497452"
"chr1","102196346","102196648","KN295037v1","141833","142143","35","102054513"
"chr1","102214138","102214447","KN294758v1","1084521","1084828","44","101129617"
"chr1","102284054","102284340","KN295605v1","321136","321431","44","101962918"
"chr1","102544623","102544899","KN297190v1","3664977","3665253","39","98879646"
"chr1","102559217","102559509","KN295037v1","501129","501427","26","102058088"
"chr1","102561320","102561612","KN295037v1","501129","501427","25","102060191"
"chr1","102706172","102706480","KN296864v1","2315660","2315965","45","100390512"
"chr1","102765854","102766146","KN295361v1","824524","824814","37","101941330"
"chr1","102788674","102788971","KN294456v1","1098138","1098439","33","101690536"
"chr1","103108131","103108422","KN296852v1","421402","421693","46","102686729"
"chr1","103241161","103241459","KN295814v1","1261993","1262292","41","101979168"
"chr1","103303748","103304030","KN296096v1","2398375","2398656","40","100905373"
"chr1","103373889","103374182","KN297157v1","47278","47567","45","103326611"
"chr1","103523548","103523874","KN296311v1","3556438","3556761","55","99967110"
"chr1","103552244","103552536","KN294739v1","646825","647125","43","102905419"
"chr1","103582991","103583286","KN294470v1","2136945","2137241","30","101446046"
"chr1","103857224","103857522","KN297245v1","1416081","1416379","27","102441143"
"chr1","103871840","103872145","KN297023v1","480259","480560","40","103391581"
"chr1","103907754","103908069","KN297094v1","146925","147235","40","103760829"
"chr1","104001765","104002066","KN296541v1","177294","177595","33","103824471"
"chr1","104067696","104067943","KN294269v1","1581391","1581631","48","102486305"
"chr1","104116860","104117179","KN296503v1","58212","58521","36","104058648"
"chr1","104184470","104184761","KN296311v1","1139660","1139957","48","103044810"
"chr1","104226361","104226649","KN296508v1","2360417","2360708","44","101865944"
"chr1","104562128","104562413","KN297186v1","1381942","1382225","40","103180186"
"chr1","104620726","104621011","KN296139v1","296788","297069","52","104323938"
"chr1","104652954","104653186","KN295835v1","199186","199432","59","104453768"
"chr1","104692460","104692744","KN296122v1","346873","347165","49","104345587"
"chr1","104719287","104719586","KN294446v1","240983","241287","41","104478304"
"chr1","104726761","104726966","KN296426v1","64367","64561","41","104662394"
"chr1","104767194","104767496","KN294571v1","1575904","1576204","37","103191290"
"chr1","104772056","104772359","KN295459v1","673095","673397","39","104098961"
"chr1","104786296","104786591","KN296984v1","361952","362242","32","104424344"
"chr1","104992343","104992663","KN294558v1","721959","722270","46","104270384"
"chr1","105031615","105031831","KN296426v1","64367","64561","50","104967248"
"chr1","105108088","105108409","KN296503v1","539763","540066","71","104568325"
"chr1","105160957","105161207","KN296984v1","757489","757739","25","104403468"
"chr1","105167748","105168054","KN297197v1","1190953","1191253","54","103976795"
"chr1","105202860","105203086","KN296984v1","802193","802423","27","104400667"
"chr1","105203472","105203790","KN296225v1","343366","343677","54","104860106"
"chr1","105233240","105233538","KN294790v1","5279993","5280291","39","99953247"
"chr1","105265998","105266291","KN296984v1","865993","866283","33","104400005"
"chr1","105315065","105315362","KN297304v1","54786","55087","42","105260279"
"chr1","105358057","105358350","KN296984v1","950348","950639","33","104407709"
"chr1","105484695","105484949","KN295232v1","266767","267033","34","105217928"
"chr1","105740216","105740517","KN296474v1","7360","7659","36","105732856"
"chr1","105773128","105773407","KN294911v1","755213","755494","47","105017915"
"chr1","105839242","105839543","KN296520v1","474691","474989","36","105364551"
"chr1","105921595","105921884","KN296145v1","2823022","2823312","36","103098573"
"chr1","106028587","106028887","KN296474v1","292355","292653","31","105736232"
"chr1","106117441","106117753","KN296474v1","375896","376198","37","105741545"
"chr1","106171489","106171794","KN296474v1","459105","459410","35","105712384"
"chr1","106182872","106183146","KN297171v1","2628817","2629092","47","103554055"
"chr1","106311418","106311741","KN295983v1","1559311","1559630","49","104752107"
"chr1","106445853","106446079","KN295692v1","1522424","1522649","34","104923429"
"chr1","106488000","106488282","KN296682v1","3548023","3548306","46","102939977"
"chr1","106758345","106758651","KN294959v1","855421","855724","36","105902924"
"chr1","106772760","106773050","KN294959v1","839810","840100","28","105932950"
"chr1","106848429","106848742","KN296495v1","550769","551079","42","106297660"
"chr1","106914884","106915196","KN294959v1","701414","701720","35","106213470"
"chr1","107179892","107180167","KN297133v1","596945","597219","40","106582947"
"chr1","107188356","107188634","KN294959v1","440085","440365","31","106748271"
"chr1","107205251","107205552","KN294959v1","428754","429056","30","106776497"
"chr1","107369947","107370238","KN294959v1","252699","253008","43","107117248"
"chr1","107418294","107418601","KN297008v1","5344216","5344525","38","102074078"
"chr1","107586334","107586631","KN294959v1","19396","19705","39","107566938"
"chr1","107715343","107715650","KN295315v1","133371","133680","36","107581972"
"chr1","107730812","107731094","KN295523v1","196160","196440","44","107534652"
"chr1","107739940","107740243","KN295814v1","1160421","1160723","43","106579519"
"chr1","107968795","107969102","KN294470v1","2136945","2137241","42","105831850"
"chr1","107982857","107983180","KN295263v1","617609","617909","47","107365248"
"chr1","108048527","108048824","KN295343v1","729289","729587","32","107319238"
"chr1","108104901","108105185","KN295263v1","493606","493891","24","107611295"
"chr1","108119620","108119919","KN296062v1","1409584","1409882","46","106710036"
"chr1","108145826","108146141","KN295263v1","450225","450525","38","107695601"
"chr1","108222463","108222770","KN294378v1","1238113","1238424","38","106984350"
"chr1","108375894","108376209","KN295263v1","212423","212739","34","108163471"
"chr1","108392614","108392909","KN296153v1","1090111","1090408","37","107302503"
"chr1","108417652","108417965","KN295729v1","826689","826980","61","107590963"
"chr1","108603551","108603890","KN294407v1","2157068","2157379","67","106446483"
"chr1","108672933","108673232","KN296322v1","2692700","2693002","34","105980233"
"chr1","108798946","108799214","KN294239v1","1589177","1589439","35","107209769"
"chr1","108810903","108811216","KN297164v1","70424","70733","25","108740479"
"chr1","108961175","108961437","KN296766v1","8345","8607","15","108952830"
"chr1","109009247","109009515","KN296766v1","53444","53719","28","108955803"
"chr1","109026376","109026675","KN296263v1","810253","810550","34","108216123"
"chr1","109068207","109068513","KN296766v1","107140","107446","33","108961067"
"chr1","109076787","109077077","KN296766v1","115758","116055","31","108961029"
"chr1","109211434","109211737","KN294410v1","609247","609545","18","108602187"
"chr1","109291353","109291651","KN294410v1","533849","534158","25","108757504"
"chr1","109324051","109324333","KN294410v1","502792","503096","37","108821259"
"chr1","109357170","109357477","KN295607v1","466299","466596","37","108890871"
"chr1","109368376","109368678","KN296404v1","1183469","1183770","30","108184907"
"chr1","109408932","109409236","KN294456v1","1098138","1098439","29","108310794"
"chr1","109456727","109457036","KN294410v1","371916","372223","36","109084811"
"chr1","109524990","109525288","KN294410v1","308496","308800","40","109216494"
"chr1","109540640","109540948","KN294410v1","292751","293054","37","109247889"
"chr1","109546292","109546602","KN296609v1","3143803","3144110","41","106402489"
"chr1","109548796","109549101","KN294410v1","283647","283942","23","109265149"
"chr1","109583368","109583673","KN294790v1","163386","163690","35","109419982"
"chr1","109591981","109592185","KN296426v1","64367","64561","39","109527614"
"chr1","109606499","109606788","KN294410v1","227794","228082","22","109378705"
"chr1","109611164","109611442","KN294987v1","191902","192180","45","109419262"
"chr1","109642368","109642661","KN294410v1","191542","191852","35","109450826"
"chr1","109674459","109674737","KN294410v1","155771","156048","22","109518688"
"chr1","109679705","109680002","KN294410v1","149941","150238","25","109529764"
"chr1","109698670","109698972","KN294410v1","132676","132984","26","109565994"
"chr1","109710011","109710311","KN294592v1","485256","485554","34","109224755"
"chr1","109713307","109713610","KN295439v1","102691","103000","40","109610616"
"chr1","109720318","109720625","KN294410v1","110941","111237","25","109609377"
"chr1","109729722","109730017","KN295835v1","84846","85139","32","109644876"
"chr1","109731100","109731396","KN294410v1","100583","100876","23","109630517"
"chr1","109737839","109738140","KN294410v1","94035","94341","25","109643804"
"chr1","109752182","109752475","KN295666v1","248322","248617","46","109503860"
"chr1","109768585","109768891","KN296588v1","289027","289334","35","109479558"
"chr1","109772856","109773151","KN294410v1","58193","58485","29","109714663"
"chr1","109775988","109776285","KN294172v1","822922","823215","35","108953066"
"chr1","109781127","109781432","KN296311v1","6355927","6356228","38","103425200"
"chr1","109792048","109792324","KN295343v1","770844","771117","35","109021204"
"chr1","109819568","109819878","KN294410v1","12964","13266","38","109806604"
"chr1","109825933","109826228","KN294733v1","43186","43481","19","109782747"
"chr1","109831114","109831410","KN296879v1","1120585","1120879","34","108710529"
"chr1","109835964","109836255","KN296357v1","559775","560070","39","109276189"
"chr1","109850846","109851155","KN295748v1","161587","161896","36","109689259"
"chr1","109856870","109857164","KN294733v1","69902","70208","36","109786968"
"chr1","109864088","109864377","KN297274v1","1382478","1382770","41","108481610"
"chr1","109878839","109879142","KN294733v1","93682","93991","32","109785157"
"chr1","109880074","109880370","KN294407v1","3027269","3027567","35","106852805"
"chr1","109931281","109931589","KN296635v1","2119117","2119419","41","107812164"
"chr1","109963792","109964109","KN294733v1","181169","181474","41","109782623"
"chr1","110009856","110010156","KN294733v1","227145","227446","28","109782711"
"chr1","110016577","110016870","KN296588v1","938682","938981","39","109077895"
"chr1","110024180","110024470","KN294874v1","309420","309712","40","109714760"
"chr1","110027525","110027815","KN294874v1","309420","309712","41","109718105"
"chr1","110152570","110152870","KN295962v1","2329043","2329352","40","107823527"
"chr1","110178054","110178316","KN294733v1","374703","374972","31","109803351"
"chr1","110208655","110208946","KN294991v1","1101335","1101628","26","109107320"
"chr1","110212527","110212833","KN294733v1","408838","409140","25","109803689"
"chr1","110216313","110216607","KN294733v1","412569","412868","46","109803744"
"chr1","110330214","110330516","KN294733v1","527495","527806","36","109802719"
"chr1","110339592","110339895","KN294733v1","537663","537971","38","109801929"
"chr1","110348568","110348865","KN294733v1","546977","547257","39","109801591"
"chr1","110355172","110355446","KN294404v1","404187","404462","33","109950985"
"chr1","110373356","110373642","KN294733v1","571217","571489","38","109802139"
"chr1","110405231","110405524","KN296157v1","4724901","4725194","31","105680330"
"chr1","110425093","110425309","KN294977v1","1","212","36","110425092"
"chr1","110444019","110444319","KN296541v1","177294","177595","42","110266725"
"chr1","110445069","110445364","KN295721v1","7482","7774","27","110437587"
"chr1","110483026","110483298","KN294187v1","1336441","1336715","44","109146585"
"chr1","110995312","110995603","KN296645v1","48853","49146","45","110946459"
"chr1","111031686","111031983","KN297047v1","1316088","1316386","48","109715598"
"chr1","111032596","111032893","KN297047v1","1316088","1316386","48","109716508"
"chr1","111108788","111109091","KN295057v1","262113","262411","42","110846675"
"chr1","111138750","111139041","KN294224v1","916842","917130","39","110221908"
"chr1","111257177","111257467","KN294172v1","6311128","6311420","32","104946049"
"chr1","111333541","111333839","KN295198v1","274974","275272","29","111058567"
"chr1","111335675","111335986","KN294457v1","990718","991014","46","110344957"
"chr1","111341598","111341902","KN295814v1","300223","300524","33","111041375"
"chr1","111350531","111350823","KN297233v1","1175420","1175710","29","110175111"
"chr1","111394168","111394464","KN296508v1","1895245","1895542","42","109498923"
"chr1","111434026","111434366","KN294172v1","365590","365904","63","111068436"
"chr1","111462283","111462559","KN294325v1","1015154","1015416","38","110447129"
"chr1","111475869","111476179","KN294569v1","815959","816269","41","110659910"
"chr1","111509245","111509453","KN295977v1","1276894","1277103","36","110232351"
"chr1","111630144","111630449","KN295077v1","613765","614075","40","111016379"
"chr1","111667075","111667372","KN294917v1","405138","405434","32","111261937"
"chr1","111689781","111690108","KN295236v1","6055821","6056135","56","105633960"
"chr1","111758110","111758417","KN296225v1","407360","407662","41","111350750"
"chr1","111826782","111827010","KN295022v1","229194","229438","53","111597588"
"chr1","111864637","111864814","KN296577v1","160723","160900","34","111703914"
"chr1","111865071","111865364","KN297320v1","271981","272275","32","111593090"
"chr1","112011081","112011354","KN294458v1","1171290","1171562","38","110839791"
"chr1","112125667","112125975","KN297046v1","1490505","1490809","35","110635162"
"chr1","112147241","112147529","KN294539v1","1989","2279","32","112145252"
"chr1","112169800","112170116","KN294169v1","74418","74723","59","112095382"
"chr1","112173819","112174104","KN294181v1","896655","896938","48","111277164"
"chr1","112366016","112366188","KN294668v1","1588557","1588731","39","110777459"
"chr1","112423126","112423398","KN294187v1","1336441","1336715","43","111086685"
"chr1","112648623","112648929","KN297159v1","323398","323707","50","112325225"
"chr1","112697499","112697757","KN297205v1","581620","581882","30","112115879"
"chr1","112699187","112699482","KN296557v1","13515","13811","34","112685672"
"chr1","112706788","112707064","KN297205v1","571777","572055","27","112135011"
"chr1","112742934","112743242","KN296430v1","733706","734013","44","112009228"
"chr1","112751152","112751436","KN297205v1","527360","527645","18","112223792"
"chr1","112754679","112754980","KN294456v1","1098138","1098439","42","111656541"
"chr1","112765120","112765389","KN294705v1","281500","281763","39","112483620"
"chr1","112768459","112768763","KN297205v1","510886","511187","19","112257573"
"chr1","112770742","112771053","KN296847v1","511055","511365","39","112259687"
"chr1","112774898","112775205","KN297205v1","504640","504955","23","112270258"
"chr1","112780219","112780492","KN295523v1","196160","196440","40","112584059"
"chr1","112799876","112800187","KN297205v1","478823","479139","35","112321053"
"chr1","112810715","112811002","KN297205v1","468295","468583","21","112342420"
"chr1","112823523","112823810","KN294937v1","266","558","37","112823257"
"chr1","112826167","112826475","KN297205v1","453355","453650","42","112372812"
"chr1","112836334","112836632","KN297205v1","441227","441524","31","112395107"
"chr1","112839832","112840082","KN296187v1","781642","781886","36","112058190"
"chr1","112862083","112862382","KN297205v1","412517","412827","34","112449566"
"chr1","112884248","112884555","KN296357v1","507108","507414","42","112377140"
"chr1","112889986","112890283","KN297205v1","383367","383680","31","112506619"
"chr1","112892199","112892496","KN297205v1","381137","381440","25","112511062"
"chr1","112894620","112894912","KN297205v1","378380","378675","34","112516240"
"chr1","112899703","112899995","KN297205v1","373323","373612","18","112526380"
"chr1","112904374","112904528","KN295586v1","5012102","5012254","36","107892272"
"chr1","112914614","112914919","KN297205v1","358696","358998","32","112555918"
"chr1","112933238","112933547","KN294453v1","23988","24299","31","112909250"
"chr1","112962020","112962320","KN297205v1","313927","314227","20","112648093"
"chr1","112975092","112975394","KN297276v1","143691","143993","32","112831401"
"chr1","112979456","112979758","KN297205v1","296795","297097","22","112682661"
"chr1","113000433","113000732","KN297205v1","276578","276869","20","112723855"
"chr1","113003855","113004154","KN297205v1","273199","273507","34","112730656"
"chr1","113008078","113008388","KN297205v1","269296","269598","18","112738782"
"chr1","113032731","113032951","KN296386v1","459648","459872","35","112573083"
"chr1","113049615","113049913","KN297205v1","226469","226767","32","112823146"
"chr1","113063738","113064021","KN297205v1","211272","211558","19","112852466"
"chr1","113065106","113065304","KN296743v1","341802","341994","37","112723304"
"chr1","113066866","113067163","KN297205v1","203842","204139","26","112863024"
"chr1","113102893","113102977","KN294991v1","1048080","1048163","18","112054813"
"chr1","113103440","113103673","KN296119v1","5656183","5656409","36","107447257"
"chr1","113104044","113104355","KN296404v1","2968202","2968511","40","110135842"
"chr1","113106826","113107135","KN296090v1","89328","89638","42","113017498"
"chr1","113315477","113315778","KN295041v1","322181","322477","37","112993296"
"chr1","113402997","113403308","KN295041v1","229941","230251","36","113173056"
"chr1","113409298","113409592","KN295894v1","2420511","2420802","40","110988787"
"chr1","113454172","113454476","KN295041v1","183834","184140","36","113270338"
"chr1","113476097","113476378","KN296119v1","2945186","2945485","61","110530911"
"chr1","113499812","113500000","KN296541v1","2968829","2969035","37","110530983"
"chr1","113528976","113529314","KN294705v1","624560","624877","63","112904416"
"chr1","113530267","113530562","KN294407v1","3027269","3027567","35","110502998"
"chr1","113683375","113683647","KN294187v1","1336441","1336715","44","112346934"
"chr1","113790585","113790895","KN296615v1","109985","110299","24","113680600"
"chr1","116543227","116543547","KN295041v1","292857","293149","44","116250370"
"chr1","116682962","116683273","KN295041v1","429401","429710","33","116253561"
"chr1","116685566","116685788","KN297186v1","50383","50628","54","116635183"
"chr1","116734419","116734638","KN294899v1","83981","84197","32","116650438"
"chr1","116787428","116787724","KN295814v1","1160421","1160723","49","115627007"
"chr1","116825969","116826255","KN296036v1","769191","769486","44","116056778"
"chr1","116885939","116886235","KN295041v1","606032","606332","36","116279907"
"chr1","116889993","116890302","KN294446v1","240983","241287","38","116649010"
"chr1","116911013","116911309","KN296404v1","2027749","2028051","39","114883264"
"chr1","117206428","117206715","KN296588v1","792094","792381","48","116414334"
"chr1","117405067","117405361","KN296153v1","2873301","2873603","55","114531766"
"chr1","117462660","117462881","KN297259v1","153964","154184","43","117308696"
"chr1","117475234","117475535","KN296311v1","854862","855163","42","116620372"
"chr1","117503074","117503391","KN294588v1","2425731","2426037","48","115077343"
"chr1","117545574","117545844","KN295994v1","12146","12407","43","117533428"
"chr1","117561139","117561432","KN295729v1","826689","826980","32","116734450"
"chr1","117581812","117582103","KN297133v1","666077","666368","56","116915735"
"chr1","117639594","117639887","KN295433v1","250702","251008","43","117388892"
"chr1","117645121","117645385","KN294558v1","608199","608460","39","117036922"
"chr1","117653025","117653329","KN296247v1","901747","902047","40","116751278"
"chr1","117662821","117663123","KN295729v1","826689","826980","46","116836132"
"chr1","117785857","117786169","KN296036v1","2062557","2062868","43","115723300"
"chr1","117893633","117893940","KN294879v1","1212125","1212410","58","116681508"
"chr1","117989357","117989544","KN295995v1","278598","278793","40","117710759"
"chr1","118026699","118027020","KN297094v1","263411","263725","57","117763288"
"chr1","118045088","118045406","KN295236v1","4372708","4373024","53","113672380"
"chr1","118499441","118499746","KN294705v1","430220","430521","41","118069221"
"chr1","118639105","118639387","KN295573v1","21714","22006","42","118617391"
"chr1","118653456","118653632","KN295893v1","7122703","7122872","29","111530753"
"chr1","118677757","118678038","KN294434v1","767891","768174","22","117909866"
"chr1","118733575","118733880","KN294434v1","711034","711345","33","118022541"
"chr1","118804278","118804585","KN294987v1","124730","125040","44","118679548"
"chr1","118842800","118843121","KN296732v1","1959943","1960274","56","116882857"
"chr1","118874102","118874388","KN295991v1","160524","160807","40","118713578"
"chr1","118931934","118932229","KN295596v1","2518640","2518934","41","116413294"
"chr1","119031261","119031572","KN294434v1","417718","418021","33","118613543"
"chr1","119163389","119163691","KN294434v1","292791","293096","36","118870598"
"chr1","119279068","119279358","KN294434v1","162720","163025","36","119116348"
"chr1","119364421","119364715","KN294470v1","2136945","2137241","34","117227476"
"chr1","119379444","119379733","KN294434v1","68105","68395","26","119311339"
"chr1","119381387","119381697","KN294434v1","66525","66812","44","119314862"
"chr1","119413947","119414241","KN294434v1","38327","38633","39","119375620"
"chr1","119423628","119423941","KN294434v1","24637","24949","35","119398991"
"chr1","119438245","119438547","KN294571v1","56490","56792","40","119381755"
"chr1","119441263","119441573","KN296062v1","1257821","1258128","35","118183442"
"chr1","119445841","119446169","KN294790v1","163386","163690","57","119282455"
"chr1","119462048","119462356","KN295326v1","192748","193053","36","119269300"
"chr1","119487215","119487548","KN294257v1","2642468","2642800","49","116844747"
"chr1","119491545","119491854","KN296253v1","50422","50732","29","119441123"
"chr1","119517430","119517732","KN296253v1","69548","69859","36","119447882"
"chr1","119521805","119522084","KN296253v1","74225","74508","19","119447580"
"chr1","119634629","119634925","KN296253v1","182587","182888","28","119452042"
"chr1","119666477","119666785","KN296303v1","514845","515157","30","119151632"
"chr1","119667610","119667908","KN295984v1","1179396","1179693","30","118488214"
"chr1","119738814","119739122","KN295236v1","6055821","6056135","37","113682993"
"chr1","119770611","119770918","KN297322v1","1224244","1224547","33","118546367"
"chr1","119831662","119831945","KN295735v1","822355","822644","36","119009307"
"chr1","119836104","119836411","KN296063v1","793948","794261","44","119042156"
"chr1","119842477","119842761","KN296620v1","349918","350214","36","119492559"
"chr1","119878360","119878652","KN294172v1","716819","717108","40","119161541"
"chr1","119891008","119891309","KN297032v1","184087","184386","36","119706921"
"chr1","119892166","119892464","KN296253v1","434479","434787","38","119457687"
"chr1","119893848","119894142","KN294257v1","1922409","1922700","44","117971439"
"chr1","119905589","119905834","KN297263v1","804232","804492","41","119101357"
"chr1","119918233","119918527","KN294665v1","156552","156844","39","119761681"
"chr1","119933099","119933392","KN295729v1","826689","826980","31","119106410"
"chr1","120046217","120046512","KN296253v1","595168","595464","21","119451049"
"chr1","120061972","120062282","KN296460v1","1143831","1144139","32","118918141"
"chr1","120078106","120078395","KN296253v1","628145","628449","33","119449961"
"chr1","120095493","120095772","KN296253v1","644681","644958","24","119450812"
"chr1","120285776","120286073","KN296253v1","830720","831017","24","119455056"
"chr1","120343555","120343834","KN294407v1","3027269","3027567","44","117316286"
"chr1","120345091","120345394","KN296253v1","888900","889201","24","119456191"
"chr1","120388162","120388474","KN294911v1","2389002","2389309","41","117999160"
"chr1","120403778","120404035","KN296253v1","945684","945922","32","119458094"
"chr1","120442652","120442947","KN296253v1","985031","985321","30","119457621"
"chr1","120458045","120458336","KN296253v1","998376","998675","29","119459669"
"chr1","120605057","120605353","KN294210v1","1472464","1472760","36","119132593"
"chr1","120637926","120638230","KN296253v1","1172641","1172946","28","119465285"
"chr1","120640974","120641251","KN296938v1","771728","772008","41","119869246"
"chr1","120701480","120701779","KN295871v1","615076","615373","33","120086404"
"chr1","120752016","120752242","KN296079v1","2860738","2860978","54","117891278"
"chr1","120754640","120754952","KN295708v1","1796766","1797077","36","118957874"
"chr1","120756510","120756797","KN296253v1","1295491","1295769","35","119461019"
"chr1","120800106","120800399","KN296977v1","42110","42399","33","120757996"
"chr1","120843720","120844009","KN296253v1","1387019","1387306","42","119456701"
"chr1","120858529","120858823","KN296253v1","1402144","1402449","29","119456385"
"chr1","120859268","120859566","KN296253v1","1402972","1403270","20","119456296"
"chr1","120873953","120874250","KN294470v1","2033373","2033668","55","118840580"
"chr1","121011145","121011434","KN296253v1","1545214","1545503","29","119465931"
"chr1","121023889","121024182","KN296253v1","1558089","1558377","23","119465800"
"chr1","121109494","121109794","KN296253v1","1645224","1645526","23","119464270"
"chr1","121175894","121176181","KN296253v1","1719371","1719670","32","119456523"
"chr1","121300981","121301278","KN296311v1","3194235","3194543","40","118106746"
"chr1","121712237","121712532","KN294842v1","192762","193057","42","121519475"
"chr1","121858217","121858514","KN296865v1","653030","653316","28","121205187"
"chr1","121942471","121942775","KN296865v1","735412","735695","39","121207059"
"chr1","121956597","121956870","KN294842v1","1908899","1909169","37","120047698"
"chr1","121987138","121987436","KN296865v1","780864","781161","24","121206274"
"chr1","121990118","121990400","KN296865v1","783819","784096","30","121206299"
"chr1","121990595","121990885","KN296865v1","784270","784554","47","121206325"
"chr1","122025376","122025656","KN296865v1","819824","820111","27","121205552"
"chr1","122036175","122036472","KN296865v1","829591","829893","23","121206584"
"chr1","122065614","122065923","KN297008v1","1419999","1420309","43","120645615"
"chr1","122098265","122098570","KN297320v1","1223277","1223582","38","120874988"
"chr1","122101995","122102293","KN296865v1","898334","898633","30","121203661"
"chr1","122161335","122161645","KN296809v1","567048","567358","36","121594287"
"chr1","122174521","122174834","KN296865v1","968433","968742","44","121206088"
"chr1","122179213","122179512","KN296732v1","3234895","3235200","42","118944318"
"chr1","122204730","122205023","KN296865v1","998188","998493","28","121206542"
"chr1","122214913","122215224","KN296865v1","1009161","1009476","37","121205752"
"chr1","122215657","122215938","KN296865v1","1009911","1010215","43","121205746"
"chr1","122226881","122227163","KN296865v1","1022021","1022299","27","121204860"
"chr1","122229151","122229444","KN296865v1","1024266","1024559","22","121204885"
"chr1","122230577","122230872","KN296865v1","1025650","1025949","28","121204927"
"chr1","122238288","122238589","KN296865v1","1033344","1033642","28","121204944"
"chr1","122243171","122243462","KN294470v1","1218740","1219030","36","121024431"
"chr1","122254415","122254721","KN296865v1","1049160","1049469","30","121205255"
"chr1","122260138","122260430","KN295315v1","2683043","2683331","41","119577095"
"chr1","122276309","122276603","KN296865v1","1071312","1071602","31","121204997"
"chr1","122321264","122321573","KN296865v1","1113253","1113550","33","121208011"
"chr1","122360053","122360340","KN296865v1","1152616","1152907","27","121207437"
"chr1","122376098","122376400","KN296865v1","1168958","1169260","27","121207140"
"chr1","122408484","122408789","KN294911v1","1860297","1860603","56","120548187"
"chr1","122409897","122410210","KN296158v1","1175251","1175559","44","121234646"
"chr1","122452519","122452844","KN294245v1","511576","511887","44","121940943"
"chr1","122563031","122563320","KN296201v1","2666047","2666337","41","119896984"
"chr1","122811102","122811411","KN296865v1","1608885","1609185","29","121202217"
"chr1","122812998","122813288","KN296865v1","1610444","1610745","38","121202554"
"chr1","122815340","122815652","KN296865v1","1612775","1613092","30","121202565"
"chr1","122822856","122823148","KN296865v1","1620294","1620584","29","121202562"
"chr1","122839044","122839353","KN296865v1","1636842","1637139","38","121202202"
"chr1","122902784","122903068","KN296865v1","1705174","1705462","34","121197610"
"chr1","122914741","122915034","KN294269v1","550588","550887","40","122364153"
"chr1","122920694","122921008","KN297398v1","53396","53704","47","122867298"
"chr1","122948692","122948990","KN294470v1","2136945","2137241","28","120811747"
"chr1","122949634","122949938","KN296865v1","1757786","1758089","18","121191848"
"chr1","122958311","122958617","KN296865v1","1766419","1766720","31","121191892"
"chr1","122959296","122959583","KN296865v1","1767396","1767690","21","121191900"
"chr1","122972235","122972524","KN296859v1","1904383","1904677","55","121067852"
"chr1","122990875","122991170","KN297320v1","271981","272275","31","122718894"
"chr1","123025130","123025436","KN296865v1","1832557","1832839","42","121192573"
"chr1","123031899","123032210","KN296865v1","1839627","1839937","31","121192272"
"chr1","123034258","123034566","KN294630v1","406972","407277","35","122627286"
"chr1","123037259","123037573","KN296865v1","1845239","1845554","20","121192020"
"chr1","123041650","123041885","KN296865v1","1849867","1850111","29","121191783"
"chr1","123042730","123043031","KN295350v1","93538","93840","36","122949192"
"chr1","123047566","123047877","KN296865v1","1854354","1854666","30","121193212"
"chr1","123057968","123058265","KN296865v1","1864619","1864915","27","121193349"
"chr1","123069929","123070101","KN296322v1","2325550","2325719","20","120744379"
"chr1","123080540","123080847","KN296657v1","392228","392531","34","122688312"
"chr1","123113464","123113699","KN297008v1","1335443","1335680","31","121778021"
"chr1","123147304","123147568","KN296865v1","1940968","1941226","28","121206336"
"chr1","123162402","123162706","KN296865v1","1957827","1958119","28","121204575"
"chr1","123175537","123175814","KN295717v1","611535","611814","33","122564002"
"chr1","123215366","123215674","KN296865v1","2002464","2002775","23","121212902"
"chr1","123225130","123225419","KN294937v1","266","558","36","123224864"
"chr1","123251221","123251521","KN295343v1","729289","729587","30","122521932"
"chr1","123402046","123402333","KN296732v1","2214845","2215131","37","121187201"
"chr1","123403148","123403445","KN296485v1","541954","542254","31","122861194"
"chr1","123476408","123476701","KN297133v1","666077","666368","39","122810331"
"chr1","123608914","123609200","KN294224v1","1080394","1080681","39","122528520"
"chr1","123615871","123616197","KN295236v1","4372708","4373024","51","119243163"
"chr1","123633431","123633739","KN294940v1","567435","567744","37","123065996"
"chr1","123688180","123688468","KN296508v1","1887999","1888284","44","121800181"
"chr1","123691433","123691735","KN295907v1","1983934","1984230","36","121707499"
"chr1","123697822","123698111","KN294257v1","1009032","1009326","40","122688790"
"chr1","123752139","123752445","KN295883v1","314740","315051","36","123437399"
"chr1","123759383","123759663","KN294193v1","568677","568960","39","123190706"
"chr1","123791486","123791787","KN295962v1","1884512","1884811","40","121906974"
"chr1","123796215","123796482","KN296594v1","976724","977006","58","122819491"
"chr1","123811349","123811647","KN296406v1","55784","56073","43","123755565"
"chr1","123813227","123813510","KN295706v1","133490","133776","39","123679737"
"chr1","123815922","123816217","KN296743v1","376473","376771","32","123439449"
"chr1","123818587","123818904","KN297038v1","1496054","1496368","43","122322533"
"chr1","123831314","123831609","KN296495v1","1951647","1951933","43","121879667"
"chr1","123834540","123834825","KN294420v1","481437","481723","42","123353103"
"chr1","123835182","123835418","KN297008v1","867320","867563","36","122967862"
"chr1","123839163","123839459","KN294790v1","163386","163690","62","123675777"
"chr1","123846057","123846364","KN294884v1","66822","67131","40","123779235"
"chr1","123859256","123859548","KN295573v1","192599","192895","41","123666657"
"chr1","123862368","123862677","KN295929v1","457065","457374","39","123405303"
"chr1","123863173","123863468","KN296498v1","95172","95471","51","123768001"
"chr1","123864659","123864958","KN296588v1","2177899","2178202","32","121686760"
"chr1","123871980","123872249","KN295497v1","144240","144514","44","123727740"
"chr1","123896807","123897100","KN297249v1","478720","479015","34","123418087"
"chr1","123907802","123908105","KN296424v1","51364","51665","39","123856438"
"chr1","123915289","123915588","KN294470v1","2136945","2137241","37","121778344"
"chr1","123930666","123930966","KN296430v1","1105044","1105344","36","122825622"
"chr1","123969620","123969922","KN295814v1","1059254","1059558","39","122910366"
"chr1","123974285","123974482","KN296426v1","64367","64561","37","123909918"
"chr1","123976238","123976537","KN296311v1","768493","768797","31","123207745"
"chr1","123979466","123979683","KN295406v1","275159","275372","52","123704307"
"chr1","124011913","124012202","KN297144v1","792525","792817","41","123219388"
"chr1","124017721","124018026","KN294326v1","309006","309309","30","123708715"
"chr1","124026949","124027249","KN294790v1","163386","163690","42","123863563"
"chr1","124028744","124029047","KN294456v1","1098138","1098439","37","122930606"
"chr1","124032885","124033195","KN294592v1","1321409","1321720","42","122711476"
"chr1","124046725","124047045","KN296505v1","155021","155330","43","123891704"
"chr1","124066950","124067243","KN295729v1","826689","826980","29","123240261"
"chr1","124075510","124075819","KN294451v1","1139913","1140218","37","122935597"
"chr1","124114312","124114624","KN296036v1","1895044","1895337","49","122219268"
"chr1","124121134","124121442","KN294777v1","371314","371618","34","123749820"
"chr1","124128558","124128863","KN294193v1","765791","766099","37","123362767"
"chr1","124130287","124130575","KN295607v1","4682824","4683115","36","119447463"
"chr1","124147016","124147330","KN295096v1","457011","457322","33","123690005"
"chr1","124148708","124148982","KN294187v1","1336441","1336715","37","122812267"
"chr1","124170901","124171204","KN297023v1","480259","480560","39","123690642"
"chr1","124175533","124175805","KN294407v1","2563292","2563571","49","121612241"
"chr1","124178076","124178375","KN294456v1","1098138","1098439","32","123079938"
"chr1","124181861","124182128","KN295243v1","1473974","1474238","38","122707887"
"chr1","124192697","124192957","KN294728v1","684677","684939","58","123508020"
"chr1","124197477","124197780","KN294548v1","1161001","1161308","32","123036476"
"chr1","124216142","124216459","KN296880v1","293276","293589","45","123922866"
"chr1","124218295","124218587","KN295729v1","826689","826980","35","123391606"
"chr1","124284654","124284951","KN296153v1","1090111","1090408","30","123194543"
"chr1","124326847","124327158","KN294613v1","763337","763646","36","123563510"
"chr1","124335977","124336285","KN294378v1","1174635","1174937","46","123161342"
"chr1","124336353","124336660","KN297445v1","1504441","1504746","48","122831912"
"chr1","124337093","124337382","KN296079v1","1184374","1184663","33","123152719"
"chr1","124377337","124377634","KN296404v1","1183469","1183770","32","123193868"
"chr1","124393732","124394031","KN296495v1","612893","613199","40","123780839"
"chr1","124406987","124407278","KN295225v1","301041","301338","37","124105946"
"chr1","124427697","124427973","KN295667v1","1672203","1672483","40","122755494"
"chr1","124431136","124431450","KN296955v1","951156","951462","50","123479980"
"chr1","124456338","124456554","KN295406v1","275159","275372","48","124181179"
"chr1","124561648","124561949","KN294991v1","1838724","1839016","42","122722924"
"chr1","124606081","124606373","KN294806v1","103754","104046","38","124502327"
"chr1","124928767","124929074","KN296062v1","1050819","1051130","38","123877948"
"chr1","125011442","125011738","KN296311v1","832074","832375","38","124179368"
"chr1","125037074","125037369","KN294457v1","990718","991014","30","124046356"
"chr1","125045176","125045486","KN296357v1","431311","431620","42","124613865"
"chr1","125132955","125133253","KN294592v1","1036828","1037126","34","124096127"
"chr1","125144081","125144376","KN294790v1","163386","163690","39","124980695"
"chr1","125199090","125199387","KN295977v1","1131033","1131330","47","124068057"
"chr1","125236058","125236361","KN294873v1","942906","943208","34","124293152"
"chr1","125300543","125300849","KN296495v1","550769","551079","33","124749774"
"chr1","125301310","125301620","KN297467v1","609728","610036","31","124691582"
"chr1","125359236","125359536","KN297245v1","1416081","1416379","36","123943155"
"chr1","125435949","125436251","KN297245v1","1416081","1416379","34","124019868"
"chr1","125622459","125622753","KN296247v1","273218","273514","37","125349241"
"chr1","125696681","125696965","KN295667v1","349246","349534","38","125347435"
"chr1","125708490","125708788","KN296743v1","1714111","1714409","38","123994379"
"chr1","125840346","125840634","KN295935v1","18296","18596","28","125822050"
"chr1","125863567","125863861","KN295744v1","419470","419767","38","125444097"
"chr1","125893920","125894190","KN294822v1","45811","46075","27","125848109"
"chr1","125896744","125897044","KN296040v1","850386","850685","41","125046358"
"chr1","125929130","125929380","KN296119v1","5465931","5466177","38","120463199"
"chr1","125954336","125954657","KN295420v1","203403","203713","49","125750933"
"chr1","126028327","126028540","KN296263v1","107832","108045","27","125920495"
"chr1","126200168","126200462","KN295430v1","1217885","1218183","38","124982283"
"chr1","126296493","126296803","KN296157v1","885718","886029","35","125410775"
"chr1","126327771","126328072","KN296311v1","4958632","4958934","52","121369139"
"chr1","126435589","126435895","KN294957v1","62097","62408","33","126373492"
"chr1","126438128","126438420","KN294187v1","1109661","1109959","35","125328467"
"chr1","126442409","126442705","KN294937v1","266","558","37","126442143"
"chr1","126458199","126458494","KN295586v1","2562750","2563045","41","123895449"
"chr1","126466522","126466816","KN295346v1","1878783","1879071","40","124587739"
"chr1","126474475","126474749","KN297112v1","6447609","6447884","45","120026866"
"chr1","126476083","126476388","KN294172v1","822922","823215","41","125653161"
"chr1","126478257","126478559","KN297245v1","1416081","1416379","38","125062176"
"chr1","126483114","126483420","KN294470v1","2878982","2879283","41","123604132"
"chr1","126506461","126506773","KN294434v1","417718","418021","47","126088743"
"chr1","126516930","126517226","KN294790v1","163386","163690","45","126353544"
"chr1","126527011","126527257","KN296402v1","607751","607997","36","125919260"
"chr1","126750311","126750544","KN294539v1","456068","456297","31","126294243"
"chr1","126808968","126809281","KN295962v1","1010409","1010718","38","125798559"
"chr1","126850221","126850501","KN294790v1","3853980","3854267","42","122996241"
"chr1","126852768","126853051","KN295586v1","5248797","5249086","48","121603971"
"chr1","126886844","126887135","KN295871v1","542479","542775","33","126344365"
"chr1","126896359","126896658","KN295633v1","323295","323596","32","126573064"
"chr1","126911585","126911882","KN294470v1","2136945","2137241","29","124774640"
"chr1","126950261","126950561","KN295241v1","75672","75962","41","126874589"
"chr1","126959154","126959469","KN294598v1","342532","342842","39","126616622"
"chr1","127021317","127021617","KN297245v1","1416081","1416379","36","125605236"
"chr1","127038920","127039201","KN295736v1","1800874","1801153","43","125238046"
"chr1","127040079","127040373","KN294458v1","1049177","1049481","39","125990902"
"chr1","127052046","127052356","KN294978v1","1476399","1476706","39","125575647"
"chr1","127053766","127054039","KN294385v1","146256","146537","46","126907510"
"chr1","127127632","127127933","KN294987v1","1477069","1477366","44","125650563"
"chr1","127154798","127155104","KN294733v1","640161","640476","31","126514637"
"chr1","127160413","127160696","KN294407v1","157922","158207","38","127002491"
"chr1","127173288","127173570","KN297171v1","2628817","2629092","42","124544471"
"chr1","127178862","127179113","KN294733v1","634511","634774","35","126544351"
"chr1","127180749","127181056","KN294733v1","632881","633195","46","126547868"
"chr1","127228078","127228378","KN295962v1","2329043","2329352","39","124899035"
"chr1","127297144","127297433","KN296145v1","3072127","3072422","40","124225017"
"chr1","127302565","127302867","KN295459v1","673095","673397","37","126629470"
"chr1","127305588","127305876","KN296508v1","1887999","1888284","43","125417589"
"chr1","127553900","127554174","KN295909v1","67890","68160","28","127486010"
"chr1","127587883","127588187","KN294378v1","696718","697020","33","126891165"
"chr1","127605421","127605707","KN296153v1","1090111","1090408","37","126515310"
"chr1","127695971","127696255","KN296308v1","1003598","1003892","49","126692373"
"chr1","127708422","127708720","KN295894v1","1069264","1069565","54","126639158"
"chr1","127773443","127773764","KN294446v1","942700","943013","50","126830743"
"chr1","127785963","127786275","KN296615v1","109985","110299","17","127675978"
"chr1","127801676","127801946","KN294837v1","377251","377522","37","127424425"
"chr1","127818101","127818417","KN295909v1","69821","70118","40","127748280"
"chr1","127820469","127820743","KN295909v1","67890","68160","29","127752579"
"chr1","127849080","127849366","KN294662v1","218243","218524","39","127630837"
"chr1","127883524","127883803","KN296615v1","33484","33777","34","127850040"
"chr1","127900924","127901229","KN296615v1","15935","16233","26","127884989"
"chr1","127913195","127913504","KN296615v1","5487","5798","22","127907708"
"chr1","127977113","127977418","KN297087v1","68393","68682","37","127908720"
"chr1","127998149","127998454","KN294367v1","7439","7744","34","127990710"
"chr1","128006140","128006433","KN294407v1","3027269","3027567","39","124978871"
"chr1","128027677","128027975","KN295346v1","393390","393696","43","127634287"
"chr1","128031710","128031993","KN297046v1","3173771","3174047","47","124857939"
"chr1","128040812","128041111","KN295814v1","300223","300524","30","127740589"
"chr1","128051403","128051704","KN295735v1","979548","979848","31","127071855"
"chr1","128090876","128091189","KN296916v1","624872","625182","43","127466004"
"chr1","128116166","128116467","KN297322v1","1224244","1224547","44","126891922"
"chr1","128116468","128116775","KN294521v1","509491","509791","37","127606977"
"chr1","128126671","128126989","KN296484v1","351750","352061","44","127774921"
"chr1","128128982","128129291","KN294326v1","309006","309309","39","127819976"
"chr1","128142933","128143221","KN294790v1","163386","163690","38","127979547"
"chr1","128170269","128170578","KN294662v1","146480","146789","38","128023789"
"chr1","128184704","128184858","KN296732v1","2188676","2188822","30","125996028"
"chr1","128194508","128194819","KN295366v1","78980","79290","41","128115528"
"chr1","128195838","128195909","KN294257v1","153208","153270","26","128042630"
"chr1","128196235","128196458","KN295405v1","757351","757593","56","127438884"
"chr1","128201237","128201373","KN294739v1","960553","960692","50","127240684"
"chr1","128201709","128202000","KN294630v1","21127","21419","38","128180582"
"chr1","128203773","128204058","KN295371v1","448057","448341","37","127755716"
"chr1","128218616","128218910","KN295977v1","1404071","1404366","40","126814545"
"chr1","128245190","128245487","KN297133v1","1352390","1352685","39","126892800"
"chr1","128251180","128251477","KN295596v1","2518640","2518934","41","125732540"
"chr1","128255379","128255681","KN295671v1","310148","310439","54","127945231"
"chr1","128258149","128258459","KN294630v1","686727","687035","40","127571422"
"chr1","128265239","128265525","KN297165v1","57634","57924","50","128207605"
"chr1","128269814","128270124","KN294603v1","63949","64255","31","128205865"
"chr1","128289481","128289779","KN294407v1","3027269","3027567","34","125262212"
"chr1","128329700","128330007","KN294548v1","1161001","1161308","33","127168699"
"chr1","128332355","128332659","KN296378v1","943120","943427","40","127389235"
"chr1","128332874","128333182","KN295433v1","250702","251008","39","128082172"
"chr1","128338421","128338721","KN297245v1","1416081","1416379","34","126922340"
"chr1","128361067","128361382","KN294873v1","1850653","1850971","48","126510414"
"chr1","128361541","128361725","KN296225v1","431898","432075","41","127929643"
"chr1","128365821","128366140","KN295405v1","1658681","1658979","58","126707140"
"chr1","128368621","128368927","KN296036v1","2062557","2062868","42","126306064"
"chr1","128380135","128380414","KN296460v1","1619773","1620070","52","126760362"
"chr1","128380435","128380719","KN297190v1","4412117","4412402","44","123968318"
"chr1","128389996","128390294","KN294917v1","401690","401984","29","127988306"
"chr1","128392277","128392493","KN296392v1","365134","365355","38","128027143"
"chr1","128400111","128400424","KN294921v1","240348","240658","39","128159763"
"chr1","128409150","128409340","KN295236v1","2682481","2682694","55","125726669"
"chr1","128411159","128411459","KN294539v1","1287945","1288241","39","127123214"
"chr1","128421524","128421819","KN296138v1","435197","435501","37","127986327"
"chr1","128431890","128432171","KN296810v1","82391","82687","42","128349499"
"chr1","128440029","128440284","KN295490v1","43581","43843","29","128396448"
"chr1","128448974","128449256","KN295736v1","1800874","1801153","49","126648100"
"chr1","128455703","128456002","KN294603v1","111945","112247","34","128343758"
"chr1","128458816","128459074","KN295308v1","2111450","2111713","41","126347366"
"chr1","128467978","128468210","KN296435v1","295165","295409","44","128172813"
"chr1","128468754","128469049","KN296153v1","3041230","3041525","39","125427524"
"chr1","128481927","128482225","KN295708v1","2784035","2784327","38","125697892"
"chr1","128494040","128494258","KN295722v1","2185328","2185545","35","126308712"
"chr1","128510788","128511080","KN296119v1","1735099","1735396","41","126775689"
"chr1","128521101","128521385","KN296322v1","1336890","1337174","34","127184211"
"chr1","128522389","128522686","KN294187v1","1109661","1109959","41","127412728"
"chr1","128556234","128556544","KN296167v1","450049","450355","35","128106185"
"chr1","128561590","128561895","KN297203v1","1243976","1244285","42","127317614"
"chr1","128562366","128562566","KN295034v1","848549","848755","42","127713817"
"chr1","128562607","128562800","KN294240v1","22146","22317","46","128540461"
"chr1","128573469","128573762","KN297442v1","240570","240874","44","128332899"
"chr1","128592970","128593262","KN295154v1","204198","204489","29","128388772"
"chr1","128603776","128604070","KN296253v1","1240547","1240842","38","127363229"
"chr1","128617395","128617701","KN294873v1","942906","943208","36","127674489"
"chr1","128623277","128623555","KN295371v1","448057","448341","34","128175220"
"chr1","128624118","128624431","KN294705v1","186396","186702","54","128437722"
"chr1","128625083","128625323","KN295984v1","512805","513041","38","128112278"
"chr1","128625883","128626177","KN295241v1","75672","75962","36","128550211"
"chr1","128629546","128629820","KN295923v1","1282097","1282380","43","127347449"
"chr1","128656488","128656791","KN295459v1","673095","673397","33","127983393"
"chr1","128664842","128665143","KN297274v1","844607","844907","30","127820235"
"chr1","128667638","128667883","KN295586v1","5205217","5205451","59","123462421"
"chr1","128669399","128669686","KN295441v1","405739","406027","44","128263660"
"chr1","128694841","128695123","KN295099v1","57710","57994","50","128637131"
"chr1","128695142","128695455","KN295090v1","242110","242415","39","128453032"
"chr1","128695527","128695752","KN294506v1","213052","213264","46","128482475"
"chr1","128703191","128703485","KN294917v1","405138","405434","37","128298053"
"chr1","128707388","128707660","KN295102v1","376622","376901","42","128330766"
"chr1","128712259","128712532","KN294407v1","2563292","2563571","34","126148967"
"chr1","128713997","128714305","KN296460v1","1279548","1279848","39","127434449"
"chr1","128739397","128739669","KN295667v1","940493","940770","48","127798904"
"chr1","128741026","128741263","KN295287v1","19993","20233","48","128721033"
"chr1","128757558","128757858","KN297197v1","699015","699311","32","128058543"
"chr1","128766463","128766796","KN297094v1","100621","100953","51","128665842"
"chr1","128767475","128767777","KN294407v1","2157068","2157379","36","126610407"
"chr1","128773170","128773353","KN294790v1","6048085","6048269","39","122725085"
"chr1","128778595","128778925","KN295236v1","4372708","4373024","64","124405887"
"chr1","128781698","128782003","KN295301v1","716124","716425","42","128065574"
"chr1","128783005","128783298","KN296495v1","1038011","1038312","50","127744994"
"chr1","128786385","128786676","KN295729v1","826689","826980","33","127959696"
"chr1","128792459","128792618","KN294598v1","109238","109402","26","128683221"
"chr1","128806822","128807119","KN296879v1","1120585","1120879","36","127686237"
"chr1","128809706","128810013","KN294407v1","2317315","2317623","42","126492391"
"chr1","128819606","128819861","KN297038v1","314696","314959","38","128504910"
"chr1","128826063","128826355","KN294842v1","1517281","1517571","48","127308782"
"chr1","128836610","128836737","KN294767v1","817992","818122","47","128018618"
"chr1","128837304","128837609","KN295362v1","1043462","1043763","40","127793842"
"chr1","128855522","128855806","KN294224v1","1080394","1080681","29","127775128"
"chr1","128859720","128860029","KN295967v1","328370","328679","40","128531350"
"chr1","128872130","128872433","KN294571v1","890748","891049","38","127981382"
"chr1","128874908","128875196","KN294946v1","220472","220746","42","128654436"
"chr1","128877493","128877793","KN294970v1","976455","976758","38","127901038"
"chr1","128909500","128909804","KN294193v1","656123","656428","40","128253377"
"chr1","128923664","128923956","KN295729v1","826689","826980","38","128096975"
"chr1","128935340","128935635","KN295988v1","704187","704482","37","128231153"
"chr1","128945508","128945805","KN294407v1","3027269","3027567","33","125918239"
"chr1","128956146","128956448","KN295601v1","2938864","2939158","50","126017282"
"chr1","128960909","128961219","KN297259v1","1684022","1684333","34","127276887"
"chr1","128970385","128970676","KN294561v1","1084406","1084703","41","127885979"
"chr1","128974133","128974433","KN296255v1","572555","572856","35","128401578"
"chr1","129024459","129024756","KN296948v1","432693","432990","45","128591766"
"chr1","129041494","129041803","KN296643v1","47618","47923","36","128993876"
"chr1","129052191","129052440","KN294917v1","563420","563668","32","128488771"
"chr1","129053464","129053764","KN296079v1","686222","686522","56","128367242"
"chr1","129081695","129081824","KN294181v1","478053","478184","18","128603642"
"chr1","129081829","129081843","KN295375v1","1733253","1733267","7","127348576"
"chr1","129082533","129082685","KN295666v1","773224","773378","25","128309309"
"chr1","129090931","129091231","KN295301v1","716124","716425","32","128374807"
"chr1","129093397","129093698","KN295326v1","192748","193053","40","128900649"
"chr1","129095357","129095651","KN295480v1","1302107","1302401","30","127793250"
"chr1","129096441","129096745","KN296062v1","190239","190541","33","128906202"
"chr1","129098091","129098373","KN294385v1","504391","504674","44","128593700"
"chr1","129098467","129098751","KN295692v1","1497978","1498272","39","127600489"
"chr1","129099800","129100073","KN294711v1","664273","664552","36","128435527"
"chr1","129103714","129104061","KN294548v1","183783","184100","80","128919931"
"chr1","129110133","129110346","KN294378v1","1547107","1547322","35","127563026"
"chr1","129118789","129119073","KN297203v1","2078704","2078986","42","127040085"
"chr1","129130446","129130747","KN296541v1","177294","177595","37","128953152"
"chr1","129147272","129147543","KN295303v1","23855","24124","46","129123417"
"chr1","129161062","129161357","KN294257v1","1009032","1009326","36","128152030"
"chr1","129163032","129163317","KN296588v1","954862","955144","37","128208170"
"chr1","129172147","129172413","KN296290v1","1309363","1309638","37","127862784"
"chr1","129174770","129175001","KN296263v1","107832","108045","38","129066938"
"chr1","129175002","129175302","KN295343v1","729289","729587","30","128445713"
"chr1","129176657","129176966","KN294172v1","1667579","1667885","42","127509078"
"chr1","129196376","129196668","KN296884v1","1685516","1685808","42","127510860"
"chr1","129202867","129203168","KN296589v1","227193","227487","43","128975674"
"chr1","129212654","129212936","KN297112v1","4708883","4709170","42","124503771"
"chr1","129214117","129214438","KN296634v1","1633309","1633622","47","127580808"
"chr1","129250218","129250521","KN294571v1","890748","891049","42","128359470"
"chr1","129251234","129251534","KN294420v1","822079","822371","40","128429155"
"chr1","129262029","129262320","KN295241v1","197736","198025","40","129064293"
"chr1","129263320","129263627","KN294470v1","2400019","2400318","47","126863301"
"chr1","129270134","129270424","KN294599v1","1100540","1100831","35","128169594"
"chr1","129272710","129273049","KN294964v1","538125","538460","46","128734585"
"chr1","129277303","129277469","KN295209v1","657065","657254","43","128620238"
"chr1","129280041","129280342","KN297327v1","811573","811871","40","128468468"
"chr1","129283692","129284000","KN296244v1","517703","518009","33","128765989"
"chr1","129285737","129285915","KN294842v1","178656","178828","30","129107081"
"chr1","129286006","129286310","KN294446v1","240983","241287","40","129045023"
"chr1","129288443","129288751","KN294790v1","163386","163690","41","129125057"
"chr1","129294941","129295112","KN296153v1","1178114","1178285","18","128116827"
"chr1","129298708","129299016","KN296310v1","934750","935050","47","128363958"
"chr1","129301500","129301807","KN295988v1","381108","381417","35","128920392"
"chr1","129333434","129333746","KN296507v1","661623","661931","44","128671811"
"chr1","129335043","129335357","KN295241v1","325917","326226","39","129009126"
"chr1","129338516","129338814","KN294521v1","509491","509791","45","128829025"
"chr1","129342346","129342643","KN295198v1","274974","275272","27","129067372"
"chr1","129367468","129367772","KN296992v1","67464","67775","38","129300004"
"chr1","129377272","129377582","KN296153v1","2365186","2365493","52","127012086"
"chr1","129387099","129387391","KN296926v1","728665","728961","47","128658434"
"chr1","129394177","129394481","KN294378v1","1310611","1310912","41","128083566"
"chr1","129399646","129399930","KN294456v1","1143112","1143404","50","128256534"
"chr1","129408004","129408280","KN294917v1","868288","868575","50","128539716"
"chr1","129413231","129413504","KN295633v1","1133330","1133601","42","128279901"
"chr1","129423691","129423974","KN295102v1","376622","376901","38","129047069"
"chr1","129440205","129440540","KN295735v1","713634","713968","47","128726571"
"chr1","129444720","129444967","KN295835v1","199186","199432","49","129245534"
"chr1","129446757","129446983","KN295586v1","3146006","3146235","35","126300751"
"chr1","129458655","129458964","KN295366v1","78980","79290","34","129379675"
"chr1","129466383","129466617","KN296315v1","1938166","1938391","38","127528217"
"chr1","129467968","129468270","KN296442v1","417977","418281","33","129049991"
"chr1","129470034","129470339","KN295326v1","192748","193053","40","129277286"
"chr1","129470375","129470661","KN295045v1","650528","650811","49","128819847"
"chr1","129494051","129494349","KN296430v1","1105044","1105344","31","128389007"
"chr1","129518656","129518837","KN297159v1","642561","642739","29","128876095"
"chr1","129520509","129520749","KN295405v1","757351","757593","39","128763158"
"chr1","129520750","129521039","KN294181v1","1251205","1251488","35","128269545"
"chr1","129522277","129522585","KN295977v1","1323243","1323554","38","128199034"
"chr1","129527032","129527328","KN294470v1","2136945","2137241","34","127390087"
"chr1","129530343","129530629","KN296557v1","13515","13811","41","129516828"
"chr1","129549807","129550106","KN294581v1","619147","619445","34","128930660"
"chr1","129552740","129553036","KN294181v1","145618","145914","36","129407122"
"chr1","129567311","129567608","KN297219v1","1852725","1853024","36","127714586"
"chr1","129568911","129569108","KN296426v1","64367","64561","33","129504544"
"chr1","129581168","129581481","KN296508v1","1895245","1895542","53","127685923"
"chr1","129590585","129590818","KN295405v1","757351","757593","40","128833234"
"chr1","129593360","129593669","KN296019v1","36585","36894","37","129556775"
"chr1","129629058","129629360","KN296311v1","7737651","7737955","50","121891407"
"chr1","129644143","129644446","KN296833v1","30824","31126","38","129613319"
"chr1","129659739","129659943","KN294509v1","178587","178797","31","129481152"
"chr1","129673304","129673603","KN294470v1","2136945","2137241","40","127536359"
"chr1","129674237","129674499","KN296442v1","808954","809229","41","128865283"
"chr1","129675457","129675748","KN294705v1","867156","867449","39","128808301"
"chr1","129698437","129698752","KN296502v1","1403084","1403395","38","128295353"
"chr1","129702718","129703029","KN296682v1","4857514","4857822","57","124845204"
"chr1","129714140","129714452","KN296153v1","863239","863546","40","128850901"
"chr1","129741877","129742106","KN295967v1","625826","626071","45","129116051"
"chr1","129748956","129749251","KN294284v1","128755","129048","45","129620201"
"chr1","129751468","129751777","KN294264v1","87223","87534","38","129664245"
"chr1","129752480","129752708","KN297112v1","6622764","6622986","31","123129716"
"chr1","129787760","129788070","KN296079v1","587166","587474","40","129200594"
"chr1","129794042","129794344","KN294181v1","1317427","1317732","35","128476615"
"chr1","129817537","129817833","KN294195v1","192151","192446","39","129625386"
"chr1","129821105","129821411","KN296153v1","4052438","4052745","42","125768667"
"chr1","129849510","129849736","KN295586v1","3146006","3146235","37","126703504"
"chr1","129869540","129869828","KN294175v1","69839","70134","39","129799701"
"chr1","129875757","129876057","KN295102v1","233594","233891","49","129642163"
"chr1","129880414","129880705","KN295074v1","1355803","1356093","40","128524611"
"chr1","129944489","129944776","KN296138v1","3145","3429","43","129941344"
"chr1","129944784","129944946","KN294790v1","931254","931420","31","129013530"
"chr1","129971368","129971483","KN294767v1","817992","818122","32","129153376"
"chr1","129991365","129991661","KN294292v1","12015","12314","35","129979350"
"chr1","130026629","130026931","KN294761v1","363307","363610","34","129663322"
"chr1","130067084","130067380","KN294187v1","1109661","1109959","35","128957423"
"chr1","130096864","130097165","KN294803v1","119274","119577","39","129977590"
"chr1","130269002","130269311","KN294456v1","612494","612802","38","129656508"
"chr1","130304155","130304386","KN296495v1","511940","512172","38","129792215"
"chr1","130403712","130404014","KN295498v1","95064","95368","30","130308648"
"chr1","130640964","130641264","KN297249v1","454666","454969","33","130186298"
"chr1","130771477","130771775","KN295607v1","4377455","4377758","45","126394022"
"chr1","130778424","130778726","KN297249v1","318359","318659","22","130460065"
"chr1","130832777","130833009","KN296775v1","627278","627511","31","130205499"
"chr1","130951811","130952117","KN294879v1","76546","76849","43","130875265"
"chr1","130958776","130959077","KN295607v1","4377455","4377758","38","126581321"
"chr1","131081992","131082270","KN296938v1","771728","772008","46","130310264"
"chr1","131354720","131355019","KN296849v1","908487","908787","50","130446233"
"chr1","131502008","131502261","KN294172v1","1540690","1540957","46","129961318"
"chr1","131515408","131515711","KN296503v1","539763","540066","32","130975645"
"chr1","131552232","131552541","KN297259v1","2380890","2381199","40","129171342"
"chr1","131665908","131666219","KN294172v1","3212707","3213008","63","128453201"
"chr1","131683569","131683874","KN295236v1","4631168","4631466","51","127052401"
"chr1","131691360","131691665","KN295236v1","4631168","4631466","50","127060192"
"chr1","131712740","131713004","KN295962v1","1091798","1092059","31","130620942"
"chr1","131733916","131734206","KN296096v1","838711","839001","31","130895205"
"chr1","131745926","131746244","KN295814v1","1707132","1707431","41","130038794"
"chr1","131762738","131763046","KN296484v1","220803","221108","39","131541935"
"chr1","131763408","131763718","KN295814v1","1688594","1688902","27","130074814"
"chr1","131768036","131768325","KN294244v1","56461","56743","39","131711575"
"chr1","131768893","131769190","KN295735v1","173165","173463","33","131595728"
"chr1","131773267","131773549","KN295814v1","1680004","1680283","31","130093263"
"chr1","131831976","131832284","KN295814v1","1622924","1623235","39","130209052"
"chr1","131835480","131835779","KN295814v1","1618430","1618734","28","130217050"
"chr1","131836449","131836756","KN296864v1","2601213","2601519","39","129235236"
"chr1","131837319","131837489","KN295605v1","235354","235521","23","131601965"
"chr1","131838289","131838600","KN295814v1","1616020","1616318","34","130222269"
"chr1","131840520","131840825","KN294457v1","515692","515995","38","131324828"
"chr1","131865177","131865483","KN295814v1","1589520","1589831","23","130275657"
"chr1","131866329","131866639","KN295814v1","1588364","1588671","27","130277965"
"chr1","131870665","131870957","KN295814v1","1584536","1584825","24","130286129"
"chr1","131896544","131896836","KN294937v1","266","558","42","131896278"
"chr1","131897777","131898085","KN297133v1","950328","950631","35","130947449"
"chr1","131901511","131901673","KN295102v1","122392","122558","28","131779119"
"chr1","131904608","131904765","KN296322v1","2325550","2325719","28","129579058"
"chr1","131907136","131907422","KN295814v1","1553155","1553431","39","130353981"
"chr1","131910900","131911182","KN294570v1","116175","116454","39","131794725"
"chr1","131912501","131912786","KN295910v1","140053","140343","52","131772448"
"chr1","131918159","131918447","KN295480v1","1302107","1302401","42","130616052"
"chr1","131928292","131928604","KN294987v1","124415","124728","43","131803877"
"chr1","131948355","131948668","KN295814v1","1512434","1512748","22","130435921"
"chr1","131948671","131948955","KN295814v1","1512149","1512431","21","130436522"
"chr1","131956844","131957143","KN295198v1","274974","275272","39","131681870"
"chr1","131969676","131969849","KN294911v1","3846799","3846969","27","128122877"
"chr1","131970920","131971205","KN296698v1","1546","1832","36","131969374"
"chr1","132014661","132014977","KN295449v1","1173950","1174261","40","130840711"
"chr1","132041716","132042025","KN295366v1","78980","79290","39","131962736"
"chr1","132062579","132062875","KN294987v1","1477069","1477366","37","130585510"
"chr1","132071562","132071871","KN295814v1","1381152","1381455","25","130690410"
"chr1","132083794","132083987","KN295605v1","636726","636920","39","131447068"
"chr1","132098044","132098337","KN297458v1","476217","476510","39","131621827"
"chr1","132115304","132115607","KN294571v1","245427","245722","39","131869877"
"chr1","132117207","132117497","KN294229v1","110402","110697","37","132006805"
"chr1","132118499","132118785","KN296158v1","182127","182412","48","131936372"
"chr1","132125380","132125690","KN295814v1","1323871","1324181","27","130801509"
"chr1","132133333","132133527","KN295034v1","848549","848755","38","131284784"
"chr1","132136333","132136633","KN295814v1","1311959","1312248","28","130824374"
"chr1","132139429","132139733","KN295814v1","1306634","1306924","32","130832795"
"chr1","132152008","132152310","KN295814v1","1293367","1293659","34","130858641"
"chr1","132158551","132158862","KN295814v1","1286500","1286806","26","130872051"
"chr1","132164076","132164376","KN296311v1","768493","768797","41","131395583"
"chr1","132165476","132165776","KN295814v1","1280290","1280584","21","130885186"
"chr1","132174266","132174564","KN295814v1","1272018","1272310","28","130902248"
"chr1","132184221","132184520","KN295814v1","1261993","1262292","19","130922228"
"chr1","132211005","132211315","KN294630v1","2203","2515","40","132208802"
"chr1","132215594","132215903","KN295077v1","473294","473605","40","131742300"
"chr1","132228914","132229219","KN295671v1","201221","201525","40","132027693"
"chr1","132248553","132248860","KN294987v1","484757","485066","44","131763796"
"chr1","132258143","132258437","KN295814v1","1189464","1189758","18","131068679"
"chr1","132259180","132259479","KN295814v1","1188413","1188722","25","131070767"
"chr1","132265501","132265784","KN295814v1","1181116","1181402","27","131084385"
"chr1","132274017","132274315","KN294233v1","839873","840174","37","131434144"
"chr1","132277560","132277853","KN295814v1","1167733","1168035","27","131109827"
"chr1","132281838","132282128","KN295814v1","1163587","1163881","25","131118251"
"chr1","132285037","132285329","KN295814v1","1160421","1160723","25","131124616"
"chr1","132289895","132290195","KN297023v1","480259","480560","33","131809636"
"chr1","132305936","132306228","KN295607v1","4653398","4653689","32","127652538"
"chr1","132310774","132311052","KN295814v1","1140765","1141053","23","131170009"
"chr1","132311900","132312182","KN295814v1","1139631","1139915","26","131172269"
"chr1","132337627","132337938","KN295814v1","1106369","1106676","29","131231258"
"chr1","132343164","132343475","KN295814v1","1100868","1101179","24","131242296"
"chr1","132352868","132353138","KN295323v1","499497","499763","32","131853371"
"chr1","132356483","132356773","KN295814v1","1087500","1087794","27","131268983"
"chr1","132362959","132363245","KN295814v1","1081684","1081970","31","131281275"
"chr1","132365741","132366017","KN295717v1","2096115","2096386","38","130269626"
"chr1","132369321","132369616","KN295814v1","1074498","1074794","16","131294823"
"chr1","132373602","132373909","KN296167v1","450049","450355","31","131923553"
"chr1","132377518","132377822","KN297023v1","480259","480560","37","131897259"
"chr1","132392755","132393066","KN296484v1","351750","352061","34","132041005"
"chr1","132406252","132406560","KN295814v1","1044585","1044892","31","131361667"
"chr1","132417865","132418171","KN295814v1","1030826","1031140","35","131387039"
"chr1","132419451","132419747","KN295573v1","192599","192895","32","132226852"
"chr1","132426824","132427122","KN294539v1","1287945","1288241","32","131138879"
"chr1","132433376","132433686","KN294434v1","711034","711345","50","131722342"
"chr1","132434379","132434685","KN294571v1","1575904","1576204","33","130858475"
"chr1","132441582","132441875","KN295090v1","1516878","1517168","39","130924704"
"chr1","132443138","132443443","KN295814v1","1005137","1005439","28","131438001"
"chr1","132450677","132450975","KN295814v1","997007","997309","24","131453670"
"chr1","132451481","132451782","KN295814v1","996232","996533","25","131455249"
"chr1","132461000","132461296","KN295814v1","985947","986239","22","131475053"
"chr1","132466194","132466489","KN295814v1","980903","981200","24","131485291"
"chr1","132480533","132480843","KN294199v1","636506","636815","35","131844027"
"chr1","132485357","132485667","KN295814v1","957811","958111","35","131527546"
"chr1","132497348","132497628","KN295814v1","944913","945197","33","131552435"
"chr1","132504386","132504677","KN295729v1","826689","826980","41","131677697"
"chr1","132521071","132521372","KN295841v1","494485","494787","37","132026586"
"chr1","132526887","132527100","KN295406v1","275159","275372","44","132251728"
"chr1","132527623","132527892","KN295814v1","915249","915539","38","131612374"
"chr1","132534003","132534170","KN294957v1","73265","73439","35","132460738"
"chr1","132534638","132534720","KN295406v1","274781","274866","26","132259857"
"chr1","132546203","132546511","KN295814v1","898642","898947","32","131647561"
"chr1","132546677","132546968","KN295814v1","898187","898481","31","131648490"
"chr1","132549932","132550240","KN294407v1","2317315","2317623","35","130232617"
"chr1","132552310","132552600","KN295814v1","892347","892614","36","131659963"
"chr1","132555115","132555415","KN295814v1","888487","888788","22","131666628"
"chr1","132568219","132568516","KN296877v1","351011","351311","38","132217208"
"chr1","132572334","132572631","KN295814v1","867741","868028","38","131704593"
"chr1","132578988","132579296","KN295814v1","861932","862241","24","131717056"
"chr1","132593269","132593578","KN297095v1","2035124","2035423","44","130558145"
"chr1","132623492","132623677","KN296426v1","64367","64561","32","132559125"
"chr1","132640169","132640360","KN295814v1","793064","793255","12","131847105"
"chr1","132640835","132640940","KN295814v1","792639","792754","15","131848196"
"chr1","132642684","132642993","KN296311v1","3194235","3194543","35","129448449"
"chr1","132665085","132665384","KN294269v1","550588","550887","34","132114497"
"chr1","132693956","132694261","KN295814v1","746596","746901","22","131947360"
"chr1","132694548","132694765","KN295375v1","445479","445687","34","132249069"
"chr1","132705590","132705901","KN295814v1","734189","734503","27","131971401"
"chr1","132725683","132725985","KN295814v1","715541","715839","24","132010142"
"chr1","132725989","132726170","KN297171v1","2584708","2584880","32","130141281"
"chr1","132727010","132727238","KN295405v1","757351","757593","45","131969659"
"chr1","132739807","132740121","KN295814v1","702491","702797","31","132037316"
"chr1","132744535","132744854","KN295869v1","1483001","1483321","52","131261534"
"chr1","132750746","132751044","KN295814v1","692966","693246","37","132057780"
"chr1","132762479","132762775","KN296557v1","13515","13811","29","132748964"
"chr1","132769990","132770281","KN295814v1","669397","669694","35","132100593"
"chr1","132781571","132781873","KN295814v1","656508","656799","29","132125063"
"chr1","132787053","132787326","KN295987v1","1241626","1241902","36","131545427"
"chr1","132798680","132798986","KN295814v1","639744","640045","21","132158936"
"chr1","132817516","132817818","KN294873v1","1663394","1663694","49","131154122"
"chr1","132850362","132850664","KN296139v1","40652","40962","40","132809710"
"chr1","132853759","132854047","KN295814v1","583417","583707","28","132270342"
"chr1","132877197","132877502","KN295814v1","560968","561270","30","132316229"
"chr1","132882109","132882425","KN296635v1","3876048","3876352","41","129006061"
"chr1","132909719","132910014","KN297197v1","699015","699311","36","132210704"
"chr1","132925738","132926052","KN295748v1","161587","161896","37","132764151"
"chr1","132939265","132939576","KN295814v1","494626","494939","25","132444639"
"chr1","132955903","132956194","KN295814v1","478360","478647","20","132477543"
"chr1","132973503","132973815","KN294172v1","1521503","1521812","31","131452000"
"chr1","133011529","133011832","KN297023v1","480259","480560","36","132531270"
"chr1","133014380","133014690","KN295814v1","421208","421492","40","132593172"
"chr1","133099711","133100022","KN295814v1","338211","338514","38","132761500"
"chr1","133132353","133132495","KN295893v1","7315178","7315311","28","125817175"
"chr1","133138717","133139019","KN295814v1","300223","300524","29","132838494"
"chr1","133139648","133139948","KN294303v1","289860","290155","38","132849788"
"chr1","133158515","133158828","KN295814v1","281928","282242","23","132876587"
"chr1","133178520","133178808","KN294619v1","908277","908570","46","132270243"
"chr1","133180544","133180829","KN295998v1","154789","155089","39","133025755"
"chr1","133181735","133182006","KN296864v1","3255953","3256226","40","129925782"
"chr1","133197355","133197641","KN295441v1","405739","406027","49","132791616"
"chr1","133202205","133202516","KN295814v1","234636","234947","28","132967569"
"chr1","133221756","133222057","KN295814v1","212324","212621","22","133009432"
"chr1","133247966","133248265","KN295814v1","187146","187435","33","133060820"
"chr1","133276781","133277079","KN295075v1","197535","197834","33","133079246"
"chr1","133283861","133284170","KN295814v1","150733","151039","17","133133128"
"chr1","133291448","133291757","KN295814v1","143123","143433","32","133148325"
"chr1","133293737","133294039","KN295814v1","140635","140929","33","133153102"
"chr1","133315365","133315670","KN295301v1","716124","716425","40","132599241"
"chr1","133352992","133353290","KN295814v1","77804","78110","27","133275188"
"chr1","133359914","133360222","KN297442v1","1612430","1612738","41","131747484"
"chr1","133365052","133365353","KN295814v1","64853","65155","16","133300199"
"chr1","133367902","133368200","KN295814v1","62033","62327","42","133305869"
"chr1","133380628","133380926","KN295814v1","50104","50409","31","133330524"
"chr1","133401091","133401404","KN295814v1","29920","30237","31","133371171"
"chr1","133401729","133402039","KN295301v1","761923","762233","35","132639806"
"chr1","133406087","133406397","KN295523v1","4073633","4073934","40","129332454"
"chr1","133408175","133408487","KN296153v1","2365186","2365493","39","131042989"
"chr1","133414018","133414306","KN295814v1","23403","23706","35","133390615"
"chr1","133438244","133438535","KN295744v1","293613","293902","40","133144631"
"chr1","133459888","133460182","KN294856v1","403018","403315","35","133056870"
"chr1","133461079","133461369","KN294856v1","401570","401854","26","133059509"
"chr1","133481365","133481605","KN296520v1","405603","405840","50","133075762"
"chr1","133484509","133484820","KN296880v1","293276","293589","46","133191233"
"chr1","133491237","133491540","KN294856v1","371918","372227","30","133119319"
"chr1","133492001","133492313","KN296036v1","687150","687461","44","132804851"
"chr1","133494569","133494868","KN294269v1","550588","550887","43","132943981"
"chr1","133496876","133497158","KN296119v1","5853926","5854211","37","127642950"
"chr1","133503439","133503735","KN294856v1","352409","352703","28","133151030"
"chr1","133520446","133520756","KN296244v1","22101","22403","57","133498345"
"chr1","133528092","133528391","KN295057v1","262113","262411","40","133265979"
"chr1","133534773","133535072","KN294856v1","319647","319942","32","133215126"
"chr1","133546161","133546467","KN296311v1","4084587","4084892","32","129461574"
"chr1","133563975","133564248","KN295633v1","1133330","1133601","41","132430645"
"chr1","133568757","133569071","KN294856v1","279515","279824","46","133289242"
"chr1","133582039","133582287","KN294856v1","266327","266581","27","133315712"
"chr1","133586645","133586850","KN297259v1","731799","731998","38","132854846"
"chr1","133600941","133601242","KN294571v1","890748","891049","31","132710193"
"chr1","133607408","133607698","KN294856v1","241911","242207","24","133365497"
"chr1","133627061","133627361","KN295883v1","173429","173738","38","133453632"
"chr1","133629531","133629872","KN294856v1","220990","221331","26","133408541"
"chr1","133639363","133639669","KN294790v1","163386","163690","37","133475977"
"chr1","133642322","133642607","KN294856v1","207273","207573","31","133435049"
"chr1","133650017","133650317","KN295241v1","239249","239550","31","133410768"
"chr1","133650894","133651202","KN294856v1","198355","198667","16","133452539"
"chr1","133654552","133654854","KN297259v1","2412358","2412662","33","131242194"
"chr1","133654863","133655153","KN295633v1","2239642","2239927","50","131415221"
"chr1","133655168","133655459","KN294879v1","341999","342291","33","133313169"
"chr1","133663246","133663452","KN295977v1","1276894","1277103","38","132386352"
"chr1","133663659","133664005","KN294407v1","2157068","2157379","76","131506591"
"chr1","133669879","133670181","KN294856v1","184251","184550","33","133485628"
"chr1","133673905","133674212","KN294856v1","180043","180347","38","133493862"
"chr1","133675978","133676286","KN294372v1","299717","300027","47","133376261"
"chr1","133676289","133676587","KN295871v1","829646","829945","38","132846643"
"chr1","133684376","133684663","KN294856v1","170751","171031","37","133513625"
"chr1","133697772","133698069","KN294856v1","158144","158448","23","133539628"
"chr1","133698401","133698705","KN294856v1","157189","157496","26","133541212"
"chr1","133706734","133707033","KN296749v1","209142","209447","32","133497592"
"chr1","133713126","133713410","KN294856v1","143196","143482","21","133569930"
"chr1","133740057","133740360","KN294856v1","114583","114891","30","133625474"
"chr1","133747268","133747570","KN294856v1","107404","107689","43","133639864"
"chr1","133772646","133772960","KN294856v1","80071","80361","35","133692575"
"chr1","133775336","133775653","KN294856v1","77350","77657","31","133697986"
"chr1","133779396","133779667","KN296453v1","1512197","1512470","47","132267199"
"chr1","133787881","133788179","KN294856v1","64705","64998","23","133723176"
"chr1","133798422","133798717","KN294410v1","292751","293054","41","133505671"
"chr1","133798976","133799276","KN294613v1","327601","327901","39","133471375"
"chr1","133827207","133827507","KN295497v1","271857","272164","37","133555350"
"chr1","133832183","133832397","KN295977v1","1276894","1277103","51","132555289"
"chr1","133843336","133843634","KN296643v1","601680","601977","37","133241656"
"chr1","133848423","133848709","KN294187v1","158362","158655","46","133690061"
"chr1","133849992","133850276","KN294378v1","667206","667493","41","133182786"
"chr1","133859042","133859349","KN295706v1","488396","488699","39","133370646"
"chr1","133861809","133862118","KN296074v1","3362","3660","32","133858447"
"chr1","133875940","133876223","KN296296v1","448416","448706","37","133427524"
"chr1","133896389","133896581","KN296402v1","441871","442064","32","133454518"
"chr1","133911291","133911602","KN296296v1","404254","404563","33","133507037"
"chr1","133952443","133952735","KN296296v1","357771","358064","19","133594672"
"chr1","133965837","133966121","KN296296v1","344002","344285","18","133621835"
"chr1","133974011","133974321","KN296730v1","20820","21130","43","133953191"
"chr1","133980193","133980498","KN294443v1","441739","442042","34","133538454"
"chr1","133990168","133990459","KN296738v1","85378","85673","37","133904790"
"chr1","133991671","133991977","KN296296v1","322129","322437","29","133669542"
"chr1","133993225","133993520","KN296296v1","320599","320895","21","133672626"
"chr1","134010457","134010755","KN296296v1","303913","304216","29","133706544"
"chr1","134011719","134012028","KN296731v1","1167793","1168104","31","132843926"
"chr1","134024834","134025138","KN296296v1","289105","289404","25","133735729"
"chr1","134033133","134033432","KN296296v1","282324","282612","31","133750809"
"chr1","134044607","134044897","KN295708v1","2784035","2784327","36","131260572"
"chr1","134046798","134047105","KN294378v1","1174635","1174937","40","132872163"
"chr1","134052268","134052566","KN297245v1","1416081","1416379","34","132636187"
"chr1","134056356","134056650","KN296296v1","263414","263706","41","133792942"
"chr1","134060871","134061157","KN297190v1","4200135","4200423","36","129860736"
"chr1","134062329","134062636","KN294957v1","62097","62408","37","134000232"
"chr1","134063349","134063556","KN294831v1","678063","678264","32","133385286"
"chr1","134069624","134069908","KN296296v1","253896","254190","27","133815728"
"chr1","134077256","134077560","KN296883v1","292931","293229","32","133784325"
"chr1","134079715","134080033","KN296296v1","243512","243817","23","133836203"
"chr1","134080035","134080338","KN296296v1","243201","243510","26","133836834"
"chr1","134080835","134081153","KN296296v1","242412","242706","48","133838423"
"chr1","134093280","134093580","KN295607v1","4406348","4406645","40","129686932"
"chr1","134099224","134099532","KN295090v1","2388547","2388856","42","131710677"
"chr1","134101376","134101674","KN296296v1","223949","224248","23","133877427"
"chr1","134101840","134101927","KN296982v1","410288","410373","18","133691552"
"chr1","134102237","134102476","KN297227v1","932412","932647","34","133169825"
"chr1","134104101","134104392","KN295361v1","824524","824814","34","133279577"
"chr1","134104550","134104842","KN296296v1","220593","220900","46","133883957"
"chr1","134117871","134118175","KN295361v1","932292","932599","31","133185579"
"chr1","134130581","134130891","KN295487v1","52973","53281","39","134077608"
"chr1","134155079","134155386","KN296296v1","166813","167109","34","133988266"
"chr1","134156279","134156594","KN296296v1","166013","166326","25","133990266"
"chr1","134164056","134164359","KN295735v1","994649","994952","39","133169407"
"chr1","134166864","134167154","KN296296v1","156718","157030","39","134010146"
"chr1","134170048","134170352","KN296296v1","153193","153485","27","134016855"
"chr1","134173521","134173814","KN295828v1","1026333","1026620","44","133147188"
"chr1","134179297","134179599","KN296296v1","141975","142271","31","134037322"
"chr1","134181055","134181344","KN295236v1","5608382","5608670","38","128572673"
"chr1","134189918","134190222","KN296620v1","349918","350214","48","133840000"
"chr1","134196311","134196606","KN295871v1","615076","615373","37","133581235"
"chr1","134202198","134202501","KN296296v1","116079","116392","22","134086119"
"chr1","134209416","134209682","KN296296v1","108339","108596","28","134101077"
"chr1","134220536","134220819","KN296296v1","97197","97476","28","134123339"
"chr1","134227201","134227508","KN296732v1","3243055","3243359","37","130984146"
"chr1","134229395","134229705","KN294987v1","176356","176665","36","134053039"
"chr1","134244148","134244392","KN296296v1","63339","63592","28","134180809"
"chr1","134246059","134246230","KN295075v1","296878","297040","29","133949181"
"chr1","134254049","134254358","KN296296v1","54424","54735","26","134199625"
"chr1","134255567","134255875","KN296296v1","52165","52471","24","134203402"
"chr1","134258506","134258814","KN296296v1","49220","49523","30","134209286"
"chr1","134259406","134259695","KN296296v1","48295","48599","35","134211111"
"chr1","134266822","134267123","KN294539v1","1287945","1288241","42","132978877"
"chr1","134273704","134273990","KN295729v1","826689","826980","39","133447015"
"chr1","134277572","134277868","KN294456v1","1098138","1098439","30","133179434"
"chr1","134286877","134287174","KN294470v1","2136945","2137241","34","132149932"
"chr1","134299642","134299943","KN296296v1","7531","7832","19","134292111"
"chr1","134307123","134307420","KN296153v1","1115266","1115561","35","133191857"
"chr1","134321723","134321889","KN296281v1","205219","205386","27","134116504"
"chr1","134332294","134332571","KN296093v1","25101","25398","38","134307193"
"chr1","134340517","134340816","KN294987v1","1477069","1477366","30","132863448"
"chr1","134344830","134345127","KN295244v1","411038","411330","50","133933792"
"chr1","134353740","134354043","KN296093v1","50314","50611","33","134303426"
"chr1","134354223","134354533","KN296093v1","50790","51099","19","134303433"
"chr1","134356104","134356263","KN296096v1","2363438","2363604","25","131992666"
"chr1","134356776","134356994","KN296426v1","64367","64561","51","134292409"
"chr1","134371999","134372288","KN295729v1","826689","826980","35","133545310"
"chr1","134374314","134374630","KN296093v1","71148","71463","27","134303166"
"chr1","134378524","134378820","KN296093v1","75369","75662","28","134303155"
"chr1","134402846","134403135","KN295729v1","826689","826980","35","133576157"
"chr1","134405161","134405477","KN296093v1","71148","71463","28","134334013"
"chr1","134409371","134409667","KN296093v1","75369","75662","28","134334002"
"chr1","134424326","134424635","KN295471v1","799950","800259","34","133624376"
"chr1","134424967","134425277","KN294592v1","1321409","1321720","30","133103558"
"chr1","134449799","134450087","KN296096v1","838711","839001","39","133611088"
"chr1","134458812","134459115","KN296959v1","1428555","1428858","40","133030257"
"chr1","134461126","134461426","KN297026v1","1665759","1666054","35","132795367"
"chr1","134463360","134463665","KN295433v1","250702","251008","36","134212658"
"chr1","134464764","134464931","KN294365v1","1970378","1970540","24","132494386"
"chr1","134471657","134471901","KN295835v1","199186","199432","51","134272471"
"chr1","134481002","134481297","KN294856v1","293428","293724","43","134187574"
"chr1","134485574","134485884","KN296093v1","146583","146895","31","134338991"
"chr1","134511920","134512190","KN297032v1","156430","156698","40","134355490"
"chr1","134523433","134523667","KN295405v1","757351","757593","42","133766082"
"chr1","134523697","134524009","KN296643v1","47618","47923","43","134476079"
"chr1","134527634","134527922","KN296093v1","187643","187943","36","134339991"
"chr1","134530708","134531009","KN297245v1","1416081","1416379","31","133114627"
"chr1","134533974","134534243","KN296093v1","196112","196378","28","134337862"
"chr1","134551010","134551322","KN295022v1","990860","991167","39","133560150"
"chr1","134553106","134553417","KN296093v1","218036","218338","30","134335070"
"chr1","134565165","134565459","KN296093v1","229820","230107","31","134335345"
"chr1","134567637","134567929","KN296093v1","233036","233334","22","134334601"
"chr1","134596539","134596850","KN295571v1","513084","513393","44","134083455"
"chr1","134600728","134601033","KN295814v1","1059254","1059558","40","133541474"
"chr1","134616336","134616642","KN294571v1","890748","891049","50","133725588"
"chr1","134622960","134623262","KN296513v1","2047464","2047766","49","132575496"
"chr1","134624228","134624529","KN294874v1","1336918","1337220","32","133287310"
"chr1","134625280","134625510","KN294187v1","2009520","2009761","46","132615760"
"chr1","134652451","134652756","KN294571v1","1575904","1576204","44","133076547"
"chr1","134663175","134663461","KN296442v1","646732","647007","45","134016443"
"chr1","134665779","134666090","KN294378v1","1610539","1610852","41","133055240"
"chr1","134676641","134676942","KN294571v1","1575904","1576204","38","133100737"
"chr1","134679554","134679771","KN295406v1","275159","275372","45","134404395"
"chr1","134704805","134705099","KN294521v1","509491","509791","30","134195314"
"chr1","134746503","134746798","KN294407v1","261292","261587","33","134485211"
"chr1","134753158","134753468","KN297154v1","1610824","1611134","31","133142334"
"chr1","134841059","134841360","KN294790v1","163386","163690","40","134677673"
"chr1","134848736","134849050","KN296880v1","224650","224954","51","134624086"
"chr1","134877402","134877707","KN295967v1","606413","606726","33","134270989"
"chr1","134888383","134888589","KN296426v1","64367","64561","37","134824016"
"chr1","134903309","134903619","KN297202v1","7898","8204","44","134895411"
"chr1","134910721","134911028","KN295633v1","2352774","2353077","51","132557947"
"chr1","134926873","134927186","KN296145v1","3430721","3431032","35","131496152"
"chr1","134938108","134938418","KN296852v1","1219736","1220047","46","133718372"
"chr1","134964859","134965169","KN296357v1","653990","654295","47","134310869"
"chr1","134965170","134965337","KN294848v1","1183193","1183355","25","133781977"
"chr1","134978843","134979153","KN295571v1","513084","513393","29","134465759"
"chr1","134987316","134987624","KN297008v1","1419999","1420309","41","133567317"
"chr1","134988168","134988471","KN296138v1","152068","152364","46","134836100"
"chr1","135055910","135056215","KN294705v1","186396","186702","38","134869514"
"chr1","135058077","135058244","KN294987v1","480021","480187","22","134578056"
"chr1","135060776","135061085","KN296386v1","329660","329960","29","134731116"
"chr1","135079141","135079431","KN295172v1","14404","14685","49","135064737"
"chr1","135080487","135080789","KN296502v1","1403084","1403395","46","133677403"
"chr1","135083233","135083537","KN294777v1","371314","371618","39","134711919"
"chr1","135085595","135085894","KN296311v1","1117474","1117774","35","133968121"
"chr1","135088736","135089037","KN295439v1","83349","83650","36","135005387"
"chr1","135102618","135102906","KN296622v1","49351","49642","48","135053267"
"chr1","135110230","135110529","KN296430v1","1105044","1105344","35","134005186"
"chr1","135129731","135130038","KN294761v1","363307","363610","39","134766424"
"chr1","135150921","135151228","KN296311v1","2557855","2558154","42","132593066"
"chr1","135155929","135156213","KN296726v1","976648","976930","36","134179281"
"chr1","135191991","135192294","KN297144v1","967156","967465","39","134224835"
"chr1","135194119","135194412","KN295729v1","826689","826980","41","134367430"
"chr1","135246591","135246888","KN295977v1","1404071","1404366","34","133842520"
"chr1","135319811","135320109","KN296508v1","1895245","1895542","39","133424566"
"chr1","135333029","135333302","KN296577v1","838404","838685","37","134494625"
"chr1","135342297","135342602","KN294717v1","134314","134619","37","135207983"
"chr1","135383455","135383786","KN296828v1","101861","102178","50","135281594"
"chr1","135391995","135392304","KN296011v1","48434","48734","39","135343561"
"chr1","135406214","135406519","KN294181v1","1579076","1579376","41","133827138"
"chr1","135407478","135407777","KN294873v1","878342","878649","45","134529136"
"chr1","135438582","135438869","KN296406v1","549452","549731","46","134889130"
"chr1","135481996","135482267","KN294470v1","2130181","2130453","39","133351815"
"chr1","135543409","135543695","KN296119v1","2442035","2442323","44","133101374"
"chr1","135848384","135848688","KN294911v1","2389002","2389309","39","133459382"
"chr1","135858599","135858883","KN295717v1","392636","392919","49","135465963"
"chr1","135950793","135951087","KN294172v1","822922","823215","34","135127871"
"chr1","136075251","136075568","KN296147v1","34333","34643","54","136040918"
"chr1","136091129","136091401","KN297431v1","370149","370416","50","135720980"
"chr1","136098845","136099138","KN296311v1","767533","767832","34","135331312"
"chr1","136181453","136181761","KN296357v1","245091","245396","52","135936362"
"chr1","136183209","136183299","KN296732v1","3294384","3294461","31","132888825"
"chr1","136190653","136190947","KN296749v1","655381","655678","34","135535272"
"chr1","136249022","136249333","KN296311v1","8317826","8318133","41","127931196"
"chr1","136255627","136255923","KN295814v1","1261993","1262292","34","134993634"
"chr1","136300611","136300920","KN295883v1","314740","315051","38","135985871"
"chr1","136313213","136313524","KN295586v1","1244707","1245017","36","135068506"
"chr1","136404240","136404561","KN296495v1","550769","551079","38","135853471"
"chr1","136449306","136449601","KN294571v1","1575904","1576204","38","134873402"
"chr1","136520279","136520582","KN295326v1","100464","100755","47","136419815"
"chr1","136532034","136532321","KN297141v1","1594","1881","43","136530440"
"chr1","136582260","136582546","KN295729v1","826689","826980","37","135755571"
"chr1","136583823","136584135","KN296643v1","852402","852709","43","135731421"
"chr1","136629654","136629948","KN296009v1","420615","420911","41","136209039"
"chr1","136651607","136651900","KN294609v1","20887","21187","35","136630720"
"chr1","136661389","136661687","KN294609v1","20416","20715","28","136640973"
"chr1","136741562","136741870","KN294521v1","404396","404704","48","136337166"
"chr1","136795826","136796133","KN295004v1","22457","22762","33","136773369"
"chr1","136835788","136836079","KN294378v1","1310611","1310912","54","135525177"
"chr1","136901134","136901439","KN296090v1","89328","89638","25","136811806"
"chr1","136969827","136970121","KN294175v1","69839","70134","35","136899988"
"chr1","137021098","137021429","KN294257v1","2642468","2642800","43","134378630"
"chr1","137025302","137025613","KN295961v1","20434","20745","31","137004868"
"chr1","137329533","137329844","KN295301v1","761923","762233","55","136567610"
"chr1","137353208","137353518","KN296809v1","567048","567358","41","136786160"
"chr1","137393342","137393642","KN296934v1","477615","477917","34","136915727"
"chr1","137420092","137420394","KN295983v1","392891","393196","39","137027201"
"chr1","137425265","137425589","KN296884v1","30338","30656","47","137394927"
"chr1","137467088","137467393","KN295923v1","733115","733420","40","136733973"
"chr1","137485398","137485705","KN295433v1","250702","251008","35","137234696"
"chr1","137667914","137668208","KN294917v1","401690","401984","38","137266224"
"chr1","137818839","137819139","KN294879v1","76546","76849","40","137742293"
"chr1","137988959","137989260","KN295057v1","1115742","1116044","24","136873217"
"chr1","137990755","137991064","KN295057v1","1107964","1108271","27","136882791"
"chr1","137998653","137998959","KN295284v1","544658","544966","39","137453995"
"chr1","138083343","138083634","KN295350v1","61187","61477","35","138022156"
"chr1","138090685","138090947","KN295057v1","996591","996868","41","137094094"
"chr1","138105642","138105942","KN295057v1","986021","986319","38","137119621"
"chr1","138130306","138130591","KN295057v1","961316","961601","23","137168990"
"chr1","138228916","138229227","KN296502v1","1403084","1403395","32","136825832"
"chr1","138250482","138250785","KN295057v1","841850","842154","25","137408632"
"chr1","138307266","138307544","KN295573v1","502898","503186","45","137804368"
"chr1","138464686","138464990","KN295057v1","619294","619598","40","137845392"
"chr1","138490137","138490445","KN295057v1","595322","595625","29","137894815"
"chr1","138494536","138494826","KN297452v1","2039988","2040279","56","136454548"
"chr1","138496325","138496608","KN295057v1","589038","589331","39","137907287"
"chr1","138503763","138504070","KN295057v1","581519","581818","30","137922244"
"chr1","138546882","138547189","KN296139v1","102535","102844","37","138444347"
"chr1","138608199","138608502","KN295057v1","475613","475913","26","138132586"
"chr1","138720310","138720614","KN295057v1","360940","361239","26","138359370"
"chr1","138782232","138782534","KN295057v1","302976","303279","30","138479256"
"chr1","138825461","138825751","KN295057v1","262113","262411","28","138563348"
"chr1","138933737","138934037","KN294470v1","2878982","2879283","32","136054755"
"chr1","138961975","138962274","KN295057v1","114992","115292","29","138846983"
"chr1","138983956","138984253","KN295057v1","94956","95249","29","138889000"
"chr1","139083836","139084139","KN295057v1","21358","21666","38","139062478"
"chr1","139112160","139112466","KN295607v1","4377455","4377758","30","134734705"
"chr1","139144456","139144745","KN295828v1","979149","979439","45","138165307"
"chr1","139158719","139159014","KN295533v1","2511717","2512017","42","136647002"
"chr1","139226043","139226336","KN295814v1","1261993","1262292","45","137964050"
"chr1","139240090","139240400","KN294613v1","457862","458173","45","138782228"
"chr1","139241143","139241439","KN294229v1","110402","110697","40","139130741"
"chr1","139260042","139260291","KN295735v1","1850554","1850803","35","137409488"
"chr1","139267176","139267454","KN294592v1","92011","92287","42","139175165"
"chr1","139277937","139278246","KN294960v1","36014","36325","41","139241923"
"chr1","139297481","139297753","KN294172v1","1540690","1540957","39","137756791"
"chr1","139298601","139298774","KN296153v1","1178114","1178285","25","138120487"
"chr1","139302748","139303060","KN295995v1","655021","655332","34","138647727"
"chr1","139313117","139313440","KN296311v1","3556438","3556761","48","135756679"
"chr1","139325580","139325875","KN294470v1","3170467","3170767","36","136155113"
"chr1","139325949","139326246","KN296146v1","17981","18280","32","139307968"
"chr1","139339706","139340001","KN294193v1","425211","425504","36","138914495"
"chr1","139387735","139388042","KN296146v1","68841","69143","25","139318894"
"chr1","139399220","139399524","KN296146v1","80922","81227","29","139318298"
"chr1","139400783","139400953","KN296322v1","2325550","2325719","25","137075233"
"chr1","139414477","139414779","KN296146v1","94554","94853","28","139319923"
"chr1","139426529","139426806","KN296122v1","387098","387375","39","139039431"
"chr1","139454246","139454492","KN296146v1","134611","134859","23","139319635"
"chr1","139459494","139459796","KN296146v1","139877","140172","23","139319617"
"chr1","139487038","139487345","KN296726v1","808997","809301","44","138678041"
"chr1","139488134","139488428","KN296146v1","165865","166166","36","139322269"
"chr1","139488649","139488948","KN296146v1","166388","166672","33","139322261"
"chr1","139561425","139561721","KN296146v1","237439","237727","24","139323986"
"chr1","139577823","139578111","KN295729v1","826689","826980","35","138751134"
"chr1","139579770","139580101","KN296146v1","256240","256574","40","139323530"
"chr1","139592627","139592913","KN296146v1","269018","269308","21","139323609"
"chr1","139613282","139613597","KN296146v1","290761","291076","25","139322521"
"chr1","139636074","139636356","KN296833v1","94676","94959","45","139541398"
"chr1","139644100","139644393","KN294407v1","3027269","3027567","33","136616831"
"chr1","139690413","139690720","KN296146v1","369498","369805","30","139320915"
"chr1","139700835","139701131","KN296146v1","379953","380252","25","139320882"
"chr1","139739650","139739954","KN296495v1","1038011","1038312","44","138701639"
"chr1","139741469","139741762","KN296122v1","312850","313141","33","139428619"
"chr1","139741988","139742225","KN296146v1","416601","416853","32","139325387"
"chr1","139748847","139749150","KN295061v1","4554","4858","24","139744293"
"chr1","139761134","139761427","KN295933v1","86787","87083","35","139674347"
"chr1","139764137","139764432","KN297245v1","1416081","1416379","38","138348056"
"chr1","139861832","139862112","KN297443v1","41716","41995","26","139820116"
"chr1","139881470","139881782","KN297443v1","20431","20740","30","139861039"
"chr1","139904967","139905280","KN297146v1","10728","11041","27","139894239"
"chr1","139942898","139943197","KN296726v1","808997","809301","38","139133901"
"chr1","139950277","139950583","KN297146v1","59449","59753","20","139890828"
"chr1","139953101","139953408","KN294372v1","299717","300027","37","139653384"
"chr1","139974951","139975199","KN294404v1","299325","299579","45","139675626"
"chr1","139980465","139980750","KN294429v1","37988","38273","46","139942477"
"chr1","139989113","139989333","KN297008v1","3139544","3139758","30","136849569"
"chr1","139996532","139996816","KN294561v1","1887166","1887450","45","138109366"
"chr1","139997154","139997454","KN294172v1","1602432","1602732","39","138394722"
"chr1","140003263","140003568","KN295977v1","1323243","1323554","33","138680020"
"chr1","140006757","140007050","KN297146v1","129898","130192","18","139876859"
"chr1","140012048","140012345","KN296620v1","349918","350214","30","139662130"
"chr1","140013561","140013858","KN295198v1","274974","275272","42","139738587"
"chr1","140157832","140158097","KN295257v1","1021577","1021841","34","139136255"
"chr1","140220783","140221089","KN297146v1","377825","378129","17","139842958"
"chr1","140380499","140380812","KN297146v1","547637","547945","37","139832862"
"chr1","140512379","140512684","KN294375v1","493338","493642","37","140019041"
"chr1","140513884","140514187","KN295607v1","4377455","4377758","32","136136429"
"chr1","140555245","140555538","KN296608v1","232845","233141","34","140322400"
"chr1","140565894","140566217","KN295872v1","42531","42855","27","140523363"
"chr1","140621414","140621718","KN295872v1","96325","96627","27","140525089"
"chr1","140636532","140636833","KN294419v1","200675","200969","40","140435857"
"chr1","140659878","140660153","KN295059v1","242847","243129","40","140417031"
"chr1","140662124","140662283","KN296743v1","1950123","1950289","22","138712001"
"chr1","140663237","140663537","KN296430v1","1105044","1105344","34","139558193"
"chr1","140687440","140687740","KN295872v1","161821","162131","28","140525619"
"chr1","140732433","140732729","KN295480v1","1302107","1302401","31","139430326"
"chr1","140742539","140742840","KN295872v1","204782","205083","27","140537757"
"chr1","140743431","140743740","KN296357v1","431311","431620","34","140312120"
"chr1","140744477","140744812","KN296460v1","119303","119632","49","140625174"
"chr1","140749010","140749315","KN296635v1","2387021","2387331","37","138361989"
"chr1","140749822","140750131","KN295872v1","206722","207022","29","140543100"
"chr1","140778336","140778625","KN294239v1","344639","344929","44","140433697"
"chr1","140794970","140795262","KN295474v1","1165520","1165802","41","139629450"
"chr1","140799635","140799942","KN295725v1","157009","157314","36","140642626"
"chr1","140803090","140803392","KN294446v1","240983","241287","42","140562107"
"chr1","140804682","140804994","KN294187v1","783464","783769","41","140021218"
"chr1","140809341","140809650","KN296484v1","351750","352061","33","140457591"
"chr1","140815385","140815659","KN296306v1","2059682","2059963","42","138755703"
"chr1","140816798","140817105","KN294172v1","6342004","6342313","42","134474794"
"chr1","140835273","140835578","KN294571v1","890748","891049","38","139944525"
"chr1","140838283","140838586","KN295974v1","3009668","3009967","30","137828615"
"chr1","140846388","140846699","KN295523v1","3762030","3762344","35","137084358"
"chr1","140863969","140864238","KN294613v1","527135","527410","52","140336834"
"chr1","140887204","140887499","KN294269v1","550588","550887","33","140336616"
"chr1","140903263","140903570","KN296588v1","289027","289334","31","140614236"
"chr1","140907193","140907534","KN297094v1","100621","100953","48","140806572"
"chr1","140908775","140909073","KN296153v1","1090111","1090408","35","139818664"
"chr1","140918591","140918897","KN294172v1","2069489","2069792","43","138849102"
"chr1","140982998","140983282","KN296508v1","1887999","1888284","36","139094999"
"chr1","141028574","141028859","KN296775v1","1088446","1088732","34","139940128"
"chr1","141028909","141029204","KN296192v1","241443","241740","49","140787466"
"chr1","141098613","141098926","KN295586v1","1244707","1245017","42","139853906"
"chr1","141170669","141170980","KN295090v1","1793240","1793552","42","139377429"
"chr1","141183777","141184054","KN295350v1","663485","663764","35","140520292"
"chr1","141184775","141185080","KN297105v1","80145","80450","40","141104630"
"chr1","141220093","141220379","KN296119v1","4799219","4799502","37","136420874"
"chr1","141253132","141253437","KN296253v1","1402144","1402449","38","139850988"
"chr1","141391818","141392102","KN294181v1","1424178","1424469","43","139967640"
"chr1","141533628","141533957","KN295573v1","1028299","1028621","48","140505329"
"chr1","141568813","141569102","KN297105v1","446025","446331","39","141122788"
"chr1","141625261","141625590","KN294790v1","5868297","5868622","50","135756964"
"chr1","141687505","141687781","KN297105v1","562319","562597","30","141125186"
"chr1","141731241","141731543","KN294421v1","1629521","1629823","39","140101720"
"chr1","141770569","141770867","KN297105v1","642213","642490","43","141128356"
"chr1","142136709","142136940","KN297105v1","980091","980319","33","141156618"
"chr1","142301080","142301369","KN297327v1","811573","811871","47","141489507"
"chr1","142326549","142326851","KN296311v1","2283043","2283345","31","140043506"
"chr1","142626508","142626815","KN297105v1","1434340","1434629","34","141192168"
"chr1","142629575","142629860","KN295092v1","228370","228643","49","142401205"
"chr1","142648576","142648888","KN296322v1","158393","158704","43","142490183"
"chr1","142653505","142653819","KN297105v1","1461944","1462256","48","141191561"
"chr1","142703323","142703630","KN297105v1","1514918","1515208","40","141188405"
"chr1","142709154","142709448","KN297105v1","1523112","1523409","24","141186042"
"chr1","142711945","142712227","KN297105v1","1525912","1526186","33","141186033"
"chr1","142715252","142715553","KN297105v1","1529158","1529459","18","141186094"
"chr1","142718935","142719227","KN294420v1","822079","822371","40","141896856"
"chr1","142766679","142766969","KN295366v1","124181","124471","41","142642498"
"chr1","142775449","142775498","KN296743v1","1948518","1948571","9","140826931"
"chr1","142775499","142775631","KN294978v1","3737744","3737884","27","139037755"
"chr1","142792498","142792808","KN297105v1","1603777","1604082","32","141188721"
"chr1","142822593","142822766","KN295350v1","130882","131053","28","142691711"
"chr1","142826189","142826511","KN296157v1","2746426","2746742","60","140079763"
"chr1","142851668","142851961","KN294539v1","1287945","1288241","37","141563723"
"chr1","142853886","142854196","KN297105v1","1665182","1665488","40","141188704"
"chr1","142855786","142856098","KN297259v1","1101570","1101881","41","141754216"
"chr1","142859062","142859369","KN296635v1","4572120","4572425","38","138286942"
"chr1","142864087","142864426","KN297105v1","1674497","1674820","40","141189590"
"chr1","142891735","142892033","KN297105v1","1701352","1701640","25","141190383"
"chr1","142892950","142893235","KN297105v1","1702566","1702863","34","141190384"
"chr1","142919153","142919455","KN296311v1","2891003","2891305","35","140028150"
"chr1","142925323","142925554","KN295967v1","625826","626071","53","142299497"
"chr1","142933922","142934223","KN297105v1","1742755","1743054","25","141191167"
"chr1","142939848","142940126","KN297038v1","136058","136331","38","142803790"
"chr1","142959697","142959995","KN297105v1","1768770","1769071","35","141190927"
"chr1","142969369","142969665","KN297105v1","1778474","1778756","42","141190895"
"chr1","142972626","142972893","KN297105v1","1781708","1781976","21","141190918"
"chr1","142980564","142980863","KN296430v1","1105044","1105344","29","141875520"
"chr1","143071602","143071896","KN296153v1","3141084","3141383","37","139930518"
"chr1","143246332","143246638","KN294603v1","63949","64255","36","143182383"
"chr1","143290756","143291051","KN297105v1","2097350","2097643","36","141193406"
"chr1","143390529","143390837","KN296158v1","1175251","1175559","40","142215278"
"chr1","143485496","143485746","KN297105v1","2273896","2274148","27","141211600"
"chr1","143504544","143504851","KN297105v1","2293220","2293514","33","141211324"
"chr1","143550037","143550339","KN297105v1","2339402","2339698","39","141210635"
"chr1","143803035","143803340","KN296749v1","209142","209447","40","143593893"
"chr1","143993269","143993542","KN296503v1","413634","413904","39","143579635"
"chr1","144051800","144052098","KN295871v1","615076","615373","43","143436724"
"chr1","144059556","144059863","KN296311v1","832074","832375","42","143227482"
"chr1","144063059","144063275","KN297008v1","3139544","3139758","35","140923515"
"chr1","144065381","144065682","KN297105v1","2857365","2857676","28","141208016"
"chr1","144068923","144069214","KN296119v1","911532","911825","37","143157391"
"chr1","144085027","144085329","KN297105v1","2877003","2877309","35","141208024"
"chr1","144103587","144103888","KN297105v1","2897319","2897619","26","141206268"
"chr1","144108289","144108521","KN295045v1","921009","921237","32","143187280"
"chr1","144131734","144132031","KN297105v1","2926300","2926598","36","141205434"
"chr1","144143243","144143548","KN297070v1","379833","380141","51","143763410"
"chr1","144166985","144167295","KN297105v1","2952369","2952682","25","141214616"
"chr1","144178838","144179149","KN297105v1","2962680","2962986","28","141216158"
"chr1","144188450","144188737","KN295977v1","536310","536615","54","143652140"
"chr1","144194688","144194987","KN296187v1","2317928","2318227","37","141876760"
"chr1","144219505","144219743","KN295405v1","757351","757593","46","143462154"
"chr1","144278944","144279166","KN294501v1","2433548","2433769","41","141845396"
"chr1","144286450","144286753","KN297105v1","3070653","3070956","23","141215797"
"chr1","144575468","144575752","KN297219v1","894388","894671","39","143681080"
"chr1","144722993","144723307","KN294208v1","347369","347678","43","144375624"
"chr1","144726048","144726325","KN297105v1","3500776","3501054","20","141225272"
"chr1","144873812","144874100","KN294644v1","85408","85699","29","144788404"
"chr1","144943246","144943536","KN296244v1","115407","115699","38","144827839"
"chr1","144994311","144994609","KN296079v1","1006256","1006552","41","143988055"
"chr1","145146357","145146663","KN297105v1","3745564","3745864","29","141400793"
"chr1","145164612","145164907","KN295607v1","4099051","4099359","36","141065561"
"chr1","145213831","145214106","KN297105v1","3808499","3808771","29","141405332"
"chr1","145219883","145220190","KN296365v1","603405","603707","40","144616478"
"chr1","145229108","145229422","KN297105v1","3820528","3820837","29","141408580"
"chr1","145255449","145255761","KN297105v1","3846416","3846725","22","141409033"
"chr1","145346991","145347287","KN297219v1","1549261","1549566","50","143797730"
"chr1","145363263","145363566","KN295923v1","733115","733420","35","144630148"
"chr1","145402886","145403123","KN295835v1","199186","199432","34","145203700"
"chr1","145459844","145460139","KN296859v1","2114938","2115234","25","143344906"
"chr1","145522444","145522739","KN295708v1","2784035","2784327","35","142738409"
"chr1","145621930","145622221","KN296859v1","1946858","1947157","28","143675072"
"chr1","145663395","145663685","KN296859v1","1904383","1904677","25","143759012"
"chr1","145722865","145723161","KN295420v1","195100","195395","45","145527765"
"chr1","145760834","145761146","KN296495v1","846641","846944","35","144914193"
"chr1","145779268","145779559","KN295480v1","1302107","1302401","40","144477161"
"chr1","145788902","145789189","KN296153v1","355717","356018","39","145433185"
"chr1","145810187","145810477","KN295573v1","502898","503186","39","145307289"
"chr1","145817040","145817263","KN296859v1","1755361","1755594","31","144061679"
"chr1","145817519","145817827","KN296538v1","1170609","1170920","34","144646910"
"chr1","145834644","145834955","KN296167v1","450049","450355","38","145384595"
"chr1","145841129","145841441","KN294372v1","1389085","1389396","39","144452044"
"chr1","145844051","145844343","KN294470v1","2136945","2137241","31","143707106"
"chr1","145862348","145862652","KN296859v1","1709881","1710185","23","144152467"
"chr1","145898733","145898996","KN297276v1","475868","476140","35","145422865"
"chr1","145900786","145901089","KN296859v1","1670338","1670650","29","144230448"
"chr1","145950010","145950314","KN294457v1","638392","638695","35","145311618"
"chr1","145962356","145962656","KN296859v1","1611248","1611550","31","144351108"
"chr1","145963537","145963847","KN296859v1","1610077","1610387","25","144353460"
"chr1","145974749","145975050","KN296859v1","1598124","1598411","28","144376625"
"chr1","145992025","145992306","KN296859v1","1581704","1581985","26","144410321"
"chr1","146010269","146010581","KN296859v1","1564468","1564779","28","144445801"
"chr1","146099948","146100249","KN296859v1","1473314","1473621","37","144626634"
"chr1","146124036","146124336","KN296859v1","1452353","1452652","22","144671683"
"chr1","146133616","146133912","KN297198v1","118757","119056","39","146014859"
"chr1","146149731","146150028","KN294539v1","1287945","1288241","39","144861786"
"chr1","146186903","146187206","KN296859v1","1389056","1389368","37","144797847"
"chr1","146220704","146221008","KN296859v1","1354277","1354568","35","144866427"
"chr1","146225892","146226191","KN296859v1","1348182","1348474","20","144877710"
"chr1","146246118","146246427","KN296859v1","1328301","1328596","26","144917817"
"chr1","146277658","146277960","KN296859v1","1300707","1301016","23","144976951"
"chr1","146307563","146307857","KN296859v1","1270289","1270582","30","145037274"
"chr1","146323070","146323362","KN296859v1","1254849","1255147","23","145068221"
"chr1","146328697","146328983","KN296859v1","1249386","1249674","31","145079311"
"chr1","146339078","146339385","KN296153v1","863239","863546","38","145475839"
"chr1","146355265","146355558","KN296859v1","1219043","1219336","17","145136222"
"chr1","146383686","146383986","KN296859v1","1192520","1192825","30","145191166"
"chr1","146411234","146411545","KN296859v1","1165195","1165494","42","145246039"
"chr1","146427303","146427611","KN296859v1","1149118","1149422","29","145278185"
"chr1","146489901","146490182","KN296859v1","1088992","1089274","17","145400909"
"chr1","146503278","146503576","KN297322v1","1224244","1224547","31","145279034"
"chr1","146504868","146505164","KN295633v1","2520914","2521211","41","143983954"
"chr1","146525048","146525343","KN297133v1","945350","945639","43","145579698"
"chr1","146555335","146555636","KN296859v1","1028539","1028836","26","145526796"
"chr1","146575689","146576005","KN296859v1","1007219","1007522","46","145568470"
"chr1","146588448","146588757","KN296859v1","993319","993622","28","145595129"
"chr1","146603331","146603630","KN294991v1","293673","293971","30","146309658"
"chr1","146620898","146621207","KN296859v1","961067","961369","29","145659831"
"chr1","146648240","146648526","KN296859v1","933436","933742","42","145714804"
"chr1","146672297","146672588","KN294662v1","54879","55172","32","146617418"
"chr1","146676346","146676630","KN296859v1","905060","905342","42","145771286"
"chr1","146696548","146696852","KN296145v1","3385863","3386166","43","143310685"
"chr1","146713981","146714279","KN296847v1","376638","376939","43","146337343"
"chr1","146717032","146717176","KN295601v1","3255343","3255488","26","143461689"
"chr1","146739430","146739738","KN296859v1","849080","849377","50","145890350"
"chr1","146858374","146858697","KN296859v1","734259","734574","47","146124115"
"chr1","147044595","147044901","KN296311v1","832074","832375","30","146212521"
"chr1","147184698","147185003","KN296859v1","401381","401663","41","146783317"
"chr1","147245101","147245410","KN296404v1","2534470","2534781","39","144710631"
"chr1","147266374","147266656","KN296743v1","202352","202637","36","147064022"
"chr1","147306763","147307053","KN295835v1","84846","85139","35","147221917"
"chr1","147334037","147334348","KN296859v1","262242","262544","40","147071795"
"chr1","147464578","147464875","KN296859v1","111848","112149","28","147352730"
"chr1","147620589","147620782","KN295236v1","3580229","3580418","38","144040360"
"chr1","147733090","147733325","KN295835v1","199186","199432","52","147533904"
"chr1","147777371","147777671","KN294821v1","65780","66084","37","147711591"
"chr1","147834396","147834700","KN294208v1","259039","259352","38","147575357"
"chr1","147838276","147838580","KN294208v1","259039","259352","38","147579237"
"chr1","147869677","147869966","KN296119v1","213999","214295","40","147655678"
"chr1","147890865","147891157","KN297452v1","1465726","1466024","36","146425139"
"chr1","147926057","147926365","KN294208v1","347369","347678","17","147578688"
"chr1","147945792","147946096","KN294208v1","362602","362902","16","147583190"
"chr1","148004092","148004379","KN294208v1","420284","420568","25","147583808"
"chr1","148017960","148018263","KN295350v1","93538","93840","41","147924422"
"chr1","148098235","148098543","KN294710v1","68748","69053","33","148029487"
"chr1","148123227","148123533","KN294193v1","535425","535726","48","147587802"
"chr1","148154892","148155192","KN294208v1","576366","576666","20","147578526"
"chr1","148159721","148160018","KN294208v1","581228","581509","40","147578493"
"chr1","148166083","148166378","KN294208v1","587570","587870","28","147578513"
"chr1","148167019","148167166","KN294226v1","228321","228468","28","147938698"
"chr1","148202844","148203151","KN294208v1","628151","628451","26","147574693"
"chr1","148206766","148207062","KN296311v1","2891003","2891305","43","145315763"
"chr1","148220204","148220507","KN294208v1","645969","646273","35","147574235"
"chr1","148236195","148236499","KN294208v1","662228","662532","26","147573967"
"chr1","148262391","148262699","KN294456v1","1098138","1098439","43","147164253"
"chr1","148319080","148319399","KN294208v1","743287","743610","35","147575793"
"chr1","148365017","148365326","KN294208v1","789217","789518","29","147575800"
"chr1","148394211","148394521","KN295820v1","525841","526141","40","147868370"
"chr1","148398892","148399191","KN294208v1","826113","826419","34","147572779"
"chr1","148836013","148836306","KN294193v1","425211","425504","31","148410802"
"chr1","148967864","148968153","KN297197v1","197080","197368","35","148770784"
"chr1","149028962","149029260","KN296153v1","1115266","1115561","36","147913696"
"chr1","149038313","149038594","KN296726v1","976648","976930","35","148061665"
"chr1","149055289","149055582","KN296749v1","1504454","1504738","30","147550835"
"chr1","149068136","149068452","KN296484v1","351750","352061","40","148716386"
"chr1","149071093","149071397","KN294446v1","240983","241287","34","148830110"
"chr1","149117180","149117450","KN296749v1","1446563","1446833","21","147670617"
"chr1","149221458","149221764","KN295922v1","130002","130315","37","149091456"
"chr1","149273037","149273337","KN296749v1","1283365","1283664","24","147989672"
"chr1","149283516","149283785","KN294499v1","2115481","2115752","33","147168035"
"chr1","149321029","149321321","KN295607v1","4441116","4441409","45","144879913"
"chr1","149500025","149500302","KN294581v1","422718","422995","45","149077307"
"chr1","149534800","149535116","KN296749v1","1035305","1035615","34","148499495"
"chr1","149566361","149566651","KN296749v1","1003809","1004096","28","148562552"
"chr1","149743827","149744109","KN296749v1","824229","824517","25","148919598"
"chr1","149802540","149802816","KN296749v1","775724","776009","41","149026816"
"chr1","149817044","149817237","KN297259v1","1363077","1363271","34","148453967"
"chr1","149837912","149838232","KN294598v1","342532","342842","47","149495380"
"chr1","149893866","149894168","KN294592v1","1036828","1037126","41","148857038"
"chr1","149902001","149902301","KN296062v1","2267975","2268268","39","147634026"
"chr1","149902875","149903186","KN295757v1","4004","4314","36","149898871"
"chr1","149912027","149912325","KN296153v1","1090111","1090408","36","148821916"
"chr1","149921449","149921770","KN296484v1","351750","352061","41","149569699"
"chr1","149934548","149934818","KN296749v1","669889","670171","26","149264659"
"chr1","149940507","149940816","KN294662v1","141288","141581","48","149799219"
"chr1","149948294","149948588","KN296749v1","657929","658224","28","149290365"
"chr1","149950807","149951112","KN295474v1","1195383","1195693","31","148755424"
"chr1","149959818","149960117","KN296749v1","646013","646301","39","149313805"
"chr1","149968082","149968368","KN296011v1","52257","52541","38","149915825"
"chr1","150060661","150060976","KN296749v1","565125","565442","32","149495536"
"chr1","150068711","150069005","KN296749v1","558161","558452","41","149510550"
"chr1","150080362","150080649","KN294991v1","1838724","1839016","40","148241638"
"chr1","150084279","150084579","KN294842v1","192762","193057","31","149891517"
"chr1","150095356","150095640","KN295091v1","1863027","1863311","37","148232329"
"chr1","150105693","150105987","KN295983v1","653692","653984","37","149452001"
"chr1","150119294","150119601","KN294940v1","567435","567744","39","149551859"
"chr1","150195461","150195768","KN297190v1","1227871","1228167","69","148967590"
"chr1","150210098","150210404","KN297259v1","1684022","1684333","42","148526076"
"chr1","150220987","150221286","KN297023v1","480259","480560","32","149740728"
"chr1","150250440","150250732","KN294978v1","3950048","3950335","64","146300392"
"chr1","150291155","150291471","KN296749v1","359206","359519","34","149931949"
"chr1","150313927","150314000","KN296635v1","4416434","4416517","24","145897493"
"chr1","150314092","150314315","KN295705v1","623338","623563","65","149690754"
"chr1","150354019","150354205","KN294548v1","1253956","1254133","30","149100063"
"chr1","150441074","150441377","KN296749v1","209142","209447","32","150231932"
"chr1","150476619","150476922","KN295045v1","704827","705123","39","149771792"
"chr1","150525982","150526148","KN295171v1","872676","872843","31","149653306"
"chr1","150534929","150535209","KN296322v1","1336890","1337174","32","149198039"
"chr1","150886677","150886981","KN297000v1","225358","225664","31","150661319"
"chr1","150961604","150961901","KN297133v1","1416725","1417022","30","149544879"
"chr1","150971238","150971557","KN297000v1","309855","310167","38","150661383"
"chr1","151095248","151095576","KN295523v1","3762030","3762344","50","147333218"
"chr1","151096947","151097257","KN294172v1","1521503","1521812","38","149575444"
"chr1","151109479","151109772","KN297000v1","448617","448903","32","150660862"
"chr1","151136918","151137205","KN297000v1","475318","475620","32","150661600"
"chr1","151307804","151308099","KN296157v1","20210","20510","30","151287594"
"chr1","151336196","151336446","KN296205v1","621602","621851","35","150714594"
"chr1","151500690","151500975","KN296157v1","217290","217574","30","151283400"
"chr1","151625927","151626126","KN296810v1","153762","153963","33","151472165"
"chr1","151900000","151900282","KN296406v1","158505","158783","33","151741495"
"chr1","151966841","151967141","KN297322v1","1224244","1224547","35","150742597"
"chr1","151981602","151981903","KN296157v1","674705","674992","35","151306897"
"chr1","152069409","152069709","KN296157v1","756295","756605","37","151313114"
"chr1","152100064","152100374","KN296157v1","792088","792387","39","151307976"
"chr1","152156335","152156636","KN296157v1","847293","847593","22","151309042"
"chr1","152188264","152188560","KN296157v1","886711","887021","35","151301553"
"chr1","152190971","152191162","KN295995v1","278598","278793","55","151912373"
"chr1","152191834","152191955","KN296948v1","1402202","1402316","34","150789632"
"chr1","152217220","152217523","KN294571v1","1575904","1576204","32","150641316"
"chr1","152219705","152219995","KN296157v1","919845","920138","30","151299860"
"chr1","152264162","152264457","KN296157v1","965043","965337","18","151299119"
"chr1","152269880","152270172","KN296157v1","970623","970935","36","151299257"
"chr1","152282094","152282400","KN296157v1","983344","983652","29","151298750"
"chr1","152289637","152289915","KN296079v1","662260","662539","31","151627377"
"chr1","152289916","152290203","KN296157v1","993232","993501","34","151296684"
"chr1","152316347","152316637","KN294269v1","1190734","1191020","34","151125613"
"chr1","152323538","152323839","KN295586v1","5220291","5220588","40","147103247"
"chr1","152325274","152325584","KN295301v1","761923","762233","36","151563351"
"chr1","152325659","152325966","KN295236v1","4038557","4038854","41","148287102"
"chr1","152331822","152332124","KN294239v1","1737680","1737968","45","150594142"
"chr1","152340675","152340982","KN296157v1","1049239","1049537","30","151291436"
"chr1","152343592","152343839","KN297343v1","616706","616946","45","151726886"
"chr1","152357225","152357519","KN296486v1","1726381","1726674","34","150630844"
"chr1","152361712","152361999","KN296157v1","1070482","1070769","16","151291230"
"chr1","152389291","152389590","KN295596v1","141388","141684","33","152247903"
"chr1","152402954","152403251","KN294470v1","2136945","2137241","28","150266009"
"chr1","152404360","152404672","KN294548v1","1161001","1161308","41","151243359"
"chr1","152426553","152426872","KN296157v1","1136678","1136983","35","151289875"
"chr1","152426875","152427062","KN297442v1","1659397","1659581","37","150767478"
"chr1","152433984","152434285","KN296157v1","1143937","1144237","21","151290047"
"chr1","152442167","152442354","KN296726v1","73426","73612","31","152368741"
"chr1","152451688","152451998","KN294705v1","1064459","1064762","34","151387229"
"chr1","152456216","152456518","KN297112v1","5010886","5011188","32","147445330"
"chr1","152493740","152494039","KN296157v1","1204996","1205297","25","151288744"
"chr1","152505850","152506156","KN296311v1","3194235","3194543","38","149311615"
"chr1","152520489","152520775","KN294378v1","851045","851335","38","151669444"
"chr1","152541005","152541296","KN296157v1","1252313","1252609","36","151288692"
"chr1","152543735","152544032","KN296157v1","1253648","1253940","30","151290087"
"chr1","152550906","152551183","KN294775v1","7825","8102","32","152543081"
"chr1","152558596","152558898","KN296157v1","1268009","1268293","39","151290587"
"chr1","152581030","152581333","KN296157v1","1294125","1294421","26","151286905"
"chr1","152581524","152581816","KN297233v1","1175420","1175710","35","151406104"
"chr1","152592994","152593290","KN295835v1","84846","85139","32","152508148"
"chr1","152626373","152626672","KN296157v1","1330765","1331064","20","151295608"
"chr1","152630541","152630861","KN295225v1","1942340","1942650","44","150688201"
"chr1","152632184","152632492","KN296157v1","1336574","1336882","17","151295610"
"chr1","152643404","152643715","KN296157v1","1352158","1352467","14","151291246"
"chr1","152644756","152645049","KN297274v1","1023468","1023763","34","151621288"
"chr1","152653524","152653784","KN297038v1","314696","314959","35","152338828"
"chr1","152663954","152664264","KN296157v1","1373327","1373636","23","151290627"
"chr1","152665126","152665425","KN294187v1","1109661","1109959","49","151555465"
"chr1","152690026","152690225","KN295995v1","278598","278793","39","152411428"
"chr1","152723302","152723612","KN296157v1","1440373","1440679","33","151282929"
"chr1","152724100","152724405","KN294470v1","518751","519054","48","152205349"
"chr1","152761637","152761924","KN296620v1","349918","350214","41","152411719"
"chr1","152767006","152767311","KN294848v1","1239607","1239918","41","151527399"
"chr1","152847362","152847672","KN297154v1","1039874","1040175","40","151807488"
"chr1","152919182","152919472","KN296079v1","174054","174346","34","152745128"
"chr1","152953194","152953505","KN296157v1","1659931","1660230","31","151293263"
"chr1","152966307","152966563","KN294848v1","6942","7196","57","152959365"
"chr1","152983751","152984018","KN296406v1","549452","549731","51","152434299"
"chr1","153010262","153010574","KN295439v1","102691","103000","50","152907571"
"chr1","153143120","153143408","KN296157v1","1795873","1796162","37","151347247"
"chr1","153188347","153188660","KN296157v1","1835400","1835702","37","151352947"
"chr1","153254645","153254912","KN296157v1","1899551","1899828","29","151355094"
"chr1","153272845","153273156","KN296157v1","1920552","1920851","36","151352293"
"chr1","153300472","153300753","KN296913v1","1555444","1555727","42","151745028"
"chr1","153328736","153329047","KN295096v1","457011","457322","42","152871725"
"chr1","153337725","153338048","KN296157v1","1984923","1985227","59","151352802"
"chr1","153359157","153359443","KN296157v1","2008044","2008343","48","151351113"
"chr1","153388979","153389263","KN296157v1","2033854","2034145","35","151355125"
"chr1","153396833","153397139","KN296157v1","2042421","2042729","30","151354412"
"chr1","153397606","153397899","KN296157v1","2043509","2043802","15","151354097"
"chr1","153399796","153400096","KN294456v1","1098138","1098439","30","152301658"
"chr1","153409434","153409734","KN294345v1","1360179","1360481","37","152049255"
"chr1","153429381","153429681","KN295343v1","729289","729587","34","152700092"
"chr1","153438587","153438886","KN294964v1","1171001","1171302","34","152267586"
"chr1","153448570","153448882","KN296157v1","2098254","2098557","37","151350316"
"chr1","153465785","153466088","KN296157v1","2116854","2117165","30","151348931"
"chr1","153506938","153507253","KN296266v1","91119","91431","66","153415819"
"chr1","153514383","153514682","KN296157v1","2164571","2164875","39","151349812"
"chr1","153520616","153520904","KN296157v1","2170969","2171272","37","151349647"
"chr1","153563105","153563395","KN296345v1","121659","121957","47","153441446"
"chr1","153563858","153564166","KN296157v1","2220870","2221174","27","151342988"
"chr1","153595421","153595733","KN296157v1","2252362","2252671","36","151343059"
"chr1","153725354","153725608","KN296157v1","2370337","2370608","35","151355017"
"chr1","153844580","153844780","KN295735v1","435013","435216","29","153409567"
"chr1","153918747","153918990","KN295405v1","757351","757593","42","153161396"
"chr1","154087125","154087357","KN295405v1","757351","757593","53","153329774"
"chr1","154095618","154095910","KN296357v1","621170","621460","31","153474448"
"chr1","154412453","154412743","KN296311v1","3240773","3241062","58","151171680"
"chr1","154473654","154473953","KN296157v1","3124337","3124637","28","151349317"
"chr1","154478303","154478609","KN294287v1","337770","338074","40","154140533"
"chr1","154538170","154538461","KN296157v1","3178287","3178572","31","151359883"
"chr1","154556508","154556797","KN294991v1","1445417","1445712","45","153111091"
"chr1","154633168","154633481","KN295571v1","513084","513393","38","154120084"
"chr1","154635741","154635995","KN296296v1","246003","246254","40","154389738"
"chr1","154656519","154656804","KN296157v1","3291807","3292092","26","151364712"
"chr1","154719969","154720254","KN296157v1","3356767","3357051","33","151363202"
"chr1","154742158","154742468","KN296157v1","3378789","3379103","28","151363369"
"chr1","154751647","154751987","KN295735v1","713634","713968","53","154038013"
"chr1","154835980","154836274","KN295241v1","75672","75962","31","154760308"
"chr1","154883954","154884251","KN296314v1","587466","587769","47","154296488"
"chr1","155007920","155008232","KN296153v1","2365186","2365493","41","152642734"
"chr1","155265380","155265678","KN297245v1","1416081","1416379","35","153849299"
"chr1","155305281","155305576","KN294527v1","283192","283491","42","155022089"
"chr1","155411302","155411615","KN296157v1","4034783","4035092","35","151376519"
"chr1","155527286","155527475","KN294957v1","73265","73439","39","155454021"
"chr1","155685614","155685920","KN296157v1","4308262","4308584","34","151377352"
"chr1","155750452","155750757","KN296157v1","4370579","4370884","22","151379873"
"chr1","155945941","155946264","KN295362v1","54736","55062","46","155891205"
"chr1","155968760","155969048","KN296157v1","4603211","4603509","27","151365549"
"chr1","156083812","156084097","KN296157v1","4724901","4725194","35","151358911"
"chr1","156148876","156149183","KN296266v1","151893","152201","31","155996983"
"chr1","156246451","156246758","KN297452v1","3539653","3539969","37","152706798"
"chr1","156530737","156531033","KN294837v1","236309","236605","39","156294428"
"chr1","156607482","156607791","KN297452v1","3176349","3176644","43","153431133"
"chr1","156658780","156659080","KN297452v1","3121799","3122093","33","153536981"
"chr1","156672481","156672766","KN294172v1","822922","823215","45","155849559"
"chr1","156835582","156835888","KN294603v1","111945","112247","39","156723637"
"chr1","156846459","156846763","KN296485v1","497656","497953","37","156348803"
"chr1","156917187","156917468","KN294345v1","1119451","1119736","40","155797736"
"chr1","156918557","156918836","KN294861v1","164659","164941","40","156753898"
"chr1","156977933","156978240","KN297452v1","2790513","2790816","30","154187420"
"chr1","157044250","157044559","KN297008v1","1419999","1420309","35","155624251"
"chr1","157052847","157053147","KN294345v1","1360179","1360481","31","155692668"
"chr1","157080226","157080530","KN295814v1","1059254","1059558","29","156020972"
"chr1","157081768","157082063","KN297452v1","2693890","2694188","21","154387878"
"chr1","157084013","157084266","KN295090v1","2882133","2882386","38","154201880"
"chr1","157116294","157116582","KN297452v1","2653077","2653365","24","154463217"
"chr1","157122715","157123012","KN296406v1","281155","281453","42","156841560"
"chr1","157129485","157129779","KN296877v1","351011","351311","51","156778474"
"chr1","157137928","157138227","KN297154v1","831565","831869","34","156306363"
"chr1","157143254","157143552","KN296955v1","419718","420015","33","156723536"
"chr1","157152736","157153049","KN297452v1","2616742","2617055","18","154535994"
"chr1","157161024","157161337","KN296311v1","737628","737939","45","156423396"
"chr1","157173457","157173769","KN297452v1","2595820","2596124","36","154577637"
"chr1","157179939","157180250","KN297452v1","2589342","2589637","34","154590597"
"chr1","157190355","157190626","KN297452v1","2580940","2581229","46","154609415"
"chr1","157200398","157200698","KN295607v1","4377455","4377758","35","152822943"
"chr1","157203953","157204259","KN297452v1","2566078","2566376","33","154637875"
"chr1","157206380","157206675","KN297452v1","2563373","2563666","26","154643007"
"chr1","157209376","157209669","KN297452v1","2560427","2560722","28","154648949"
"chr1","157213059","157213371","KN294957v1","62097","62408","36","157150962"
"chr1","157225807","157226036","KN296643v1","363205","363447","47","156862602"
"chr1","157237690","157237987","KN297452v1","2532482","2532779","23","154705208"
"chr1","157250865","157251170","KN295825v1","237107","237411","40","157013758"
"chr1","157259258","157259576","KN294446v1","240983","241287","42","157018275"
"chr1","157263282","157263580","KN294842v1","1045125","1045428","31","156218157"
"chr1","157263916","157264145","KN295405v1","757351","757593","49","156506565"
"chr1","157284784","157285051","KN297452v1","2486760","2487039","34","154798024"
"chr1","157335173","157335476","KN297452v1","2431588","2431898","28","154903585"
"chr1","157367496","157367653","KN297404v1","166788","166945","20","157200708"
"chr1","157389569","157389862","KN297274v1","1023468","1023763","38","156366101"
"chr1","157435891","157436162","KN297276v1","475868","476140","32","156960023"
"chr1","157453331","157453623","KN294470v1","2540799","2541095","37","154912532"
"chr1","157465478","157465783","KN297452v1","2310003","2310302","34","155155475"
"chr1","157466185","157466482","KN294193v1","535425","535726","38","156930760"
"chr1","157488589","157488884","KN297452v1","2288686","2288991","33","155199903"
"chr1","157489203","157489491","KN294501v1","173182","173470","33","157316021"
"chr1","157491174","157491482","KN294378v1","1504358","1504668","43","155986816"
"chr1","157511451","157511757","KN297452v1","2267226","2267533","23","155244225"
"chr1","157516480","157516764","KN295441v1","1228670","1228953","40","156287810"
"chr1","157518571","157518882","KN295962v1","2135300","2135608","47","155383271"
"chr1","157523159","157523449","KN295096v1","2965990","2966278","39","154557169"
"chr1","157541042","157541339","KN295855v1","83587","83886","32","157457455"
"chr1","157542671","157542984","KN296635v1","2387021","2387331","35","155155650"
"chr1","157552690","157552985","KN296381v1","114561","114857","35","157438129"
"chr1","157570519","157570818","KN297452v1","2201074","2201372","18","155369445"
"chr1","157570951","157571258","KN297452v1","2200344","2200658","32","155370607"
"chr1","157572558","157572868","KN295326v1","192748","193053","32","157379810"
"chr1","157573713","157574013","KN294884v1","66822","67131","37","157506891"
"chr1","157576492","157576804","KN296926v1","1049515","1049816","40","156526977"
"chr1","157587920","157588215","KN294571v1","1677168","1677468","35","155910752"
"chr1","157614067","157614359","KN294217v1","803782","804074","43","156810285"
"chr1","157614539","157614836","KN295586v1","2617191","2617488","40","154997348"
"chr1","157616751","157617038","KN297452v1","2152955","2153247","31","155463796"
"chr1","157642786","157643054","KN297452v1","2127968","2128240","22","155514818"
"chr1","157665349","157665655","KN297452v1","2104251","2104556","20","155561098"
"chr1","157669624","157669882","KN297452v1","2100029","2100291","25","155569595"
"chr1","157672447","157672757","KN297452v1","2097408","2097719","22","155575039"
"chr1","157675799","157676109","KN297452v1","2097408","2097719","23","155578391"
"chr1","157683500","157683798","KN297452v1","2090636","2090929","31","155592864"
"chr1","157685418","157685727","KN294501v1","4140225","4140518","49","153545193"
"chr1","157700186","157700494","KN296036v1","898092","898396","42","156802094"
"chr1","157705199","157705494","KN296557v1","13515","13811","35","157691684"
"chr1","157721414","157721708","KN294147v1","1191891","1192182","34","156529523"
"chr1","157729299","157729461","KN294571v1","815022","815181","22","156914277"
"chr1","157729897","157730199","KN296829v1","581505","581808","33","157148392"
"chr1","157731340","157731646","KN295855v1","83587","83886","35","157647753"
"chr1","157742473","157742758","KN297452v1","2028772","2029057","22","155713701"
"chr1","157750995","157751305","KN297095v1","1301964","1302274","43","156449031"
"chr1","157757855","157758146","KN297452v1","2013043","2013329","29","155744812"
"chr1","157759587","157759896","KN297452v1","2011316","2011626","27","155748271"
"chr1","157773475","157773774","KN294561v1","1084406","1084703","40","156689069"
"chr1","157777804","157778076","KN295315v1","1906739","1907007","41","155871065"
"chr1","157778602","157778909","KN297452v1","2000272","2000572","33","155778330"
"chr1","157781042","157781353","KN297452v1","1997714","1998024","31","155783328"
"chr1","157781406","157781716","KN294172v1","438710","439011","41","157342696"
"chr1","157787484","157787777","KN297452v1","1990130","1990430","28","155797354"
"chr1","157790146","157790447","KN296294v1","79072","79371","36","157711074"
"chr1","157793006","157793287","KN294668v1","1709540","1709826","43","156083466"
"chr1","157797188","157797469","KN297452v1","1982310","1982603","31","155814878"
"chr1","157797477","157797792","KN297452v1","1981986","1982300","29","155815491"
"chr1","157806451","157806616","KN294991v1","1421778","1421940","34","156384673"
"chr1","157816392","157816692","KN297452v1","1963678","1963977","22","155852714"
"chr1","157828872","157829160","KN296495v1","1951647","1951933","41","155877225"
"chr1","157843824","157844114","KN297186v1","62658","62941","51","157781166"
"chr1","157845604","157845639","KN296096v1","1222625","1222659","18","156622979"
"chr1","157846316","157846361","KN294187v1","1105507","1105554","15","156740809"
"chr1","157852247","157852550","KN294456v1","443399","443700","42","157408848"
"chr1","157865003","157865299","KN294470v1","2846731","2847026","34","155018272"
"chr1","157868817","157869013","KN296426v1","64367","64561","27","157804450"
"chr1","157870266","157870566","KN295933v1","86787","87083","35","157783479"
"chr1","157884384","157884679","KN297452v1","1892478","1892777","37","155991906"
"chr1","157890985","157891285","KN294456v1","1098138","1098439","35","156792847"
"chr1","157916309","157916617","KN297452v1","1863739","1864043","30","156052570"
"chr1","157927114","157927420","KN297452v1","1857797","1858096","32","156069317"
"chr1","157931114","157931401","KN294456v1","592934","593237","51","157338180"
"chr1","157933206","157933500","KN297452v1","1851300","1851593","21","156081906"
"chr1","157943253","157943547","KN295350v1","962885","963179","42","156980368"
"chr1","157987864","157988154","KN294470v1","2136945","2137241","36","155850919"
"chr1","157999790","158000000","KN295977v1","1276894","1277103","38","156722896"
"chr1","158019241","158019546","KN294217v1","1052790","1053098","43","156966451"
"chr1","158042637","158042854","KN295705v1","623338","623563","59","157419299"
"chr1","158067724","158067890","KN296096v1","2363438","2363604","25","155704286"
"chr1","158111805","158112114","KN296959v1","1610341","1610649","38","156501464"
"chr1","158290258","158290566","KN294957v1","62097","62408","37","158228161"
"chr1","158297718","158298017","KN296743v1","323605","323904","31","157974113"
"chr1","158306477","158306774","KN297452v1","1472950","1473236","38","156833527"
"chr1","158314084","158314408","KN297452v1","1465726","1466024","53","156848358"
"chr1","158328098","158328389","KN297452v1","1451565","1451860","29","156876533"
"chr1","158330333","158330617","KN296508v1","1887999","1888284","33","156442334"
"chr1","158332311","158332543","KN295490v1","64965","65192","38","158267346"
"chr1","158332790","158332874","KN296982v1","410288","410373","16","157922502"
"chr1","158348124","158348415","KN294456v1","1098138","1098439","39","157249986"
"chr1","158358296","158358593","KN296498v1","95172","95471","33","158263124"
"chr1","158373171","158373465","KN297452v1","1410841","1411137","30","156962330"
"chr1","158385532","158385842","KN295301v1","716124","716425","39","157669408"
"chr1","158389692","158389986","KN297452v1","1393374","1393662","36","156996318"
"chr1","158396252","158396556","KN297452v1","1384798","1385106","28","157011454"
"chr1","158402067","158402378","KN297452v1","1378557","1378865","30","157023510"
"chr1","158403474","158403787","KN297452v1","1377415","1377720","33","157026059"
"chr1","158416168","158416462","KN297452v1","1359316","1359611","32","157056852"
"chr1","158452613","158452779","KN295077v1","524436","524601","23","157928177"
"chr1","158459428","158459666","KN296921v1","438156","438387","38","158021272"
"chr1","158459767","158459816","KN296635v1","1888811","1888868","22","156570956"
"chr1","158462545","158462840","KN294964v1","673814","674112","40","157788731"
"chr1","158471158","158471448","KN294937v1","266","558","39","158470892"
"chr1","158471457","158471761","KN297452v1","1304823","1305107","40","157166634"
"chr1","158477406","158477719","KN295637v1","795675","795978","43","157681731"
"chr1","158510207","158510513","KN295241v1","325917","326226","39","158184290"
"chr1","158538720","158538929","KN297452v1","1237295","1237498","23","157301425"
"chr1","158584339","158584635","KN297452v1","1191250","1191546","20","157393089"
"chr1","158593708","158594014","KN297452v1","1180204","1180509","29","157413504"
"chr1","158612392","158612695","KN297452v1","1159701","1160010","24","157452691"
"chr1","158631956","158632192","KN294385v1","353206","353443","43","158278750"
"chr1","158691128","158691431","KN297452v1","1082611","1082898","35","157608517"
"chr1","158738196","158738497","KN297452v1","1034889","1035183","33","157703307"
"chr1","158806632","158806939","KN297452v1","964966","965278","27","157841666"
"chr1","158829327","158829617","KN295573v1","502898","503186","29","158326429"
"chr1","158860374","158860583","KN295994v1","62983","63200","47","158797391"
"chr1","158871643","158871944","KN297245v1","1416081","1416379","33","157455562"
"chr1","158914309","158914589","KN297452v1","867988","868274","32","158046321"
"chr1","158956946","158957252","KN294879v1","76546","76849","44","158880400"
"chr1","158966364","158966623","KN297245v1","2947373","2947635","35","156018991"
"chr1","158993179","158993488","KN296503v1","58212","58521","33","158934967"
"chr1","159006300","159006596","KN297452v1","775968","776265","24","158230332"
"chr1","159015194","159015488","KN297452v1","766749","767043","27","158248445"
"chr1","159022126","159022422","KN294991v1","1132714","1133010","59","157889412"
"chr1","159023302","159023579","KN295708v1","2784035","2784327","40","156239267"
"chr1","159038088","159038446","KN295573v1","1028299","1028621","77","158009789"
"chr1","159063490","159063655","KN294292v1","211892","212059","20","158851598"
"chr1","159070251","159070570","KN294991v1","1692556","1692877","49","157377695"
"chr1","159074975","159075284","KN296635v1","1322969","1323277","40","157752006"
"chr1","159102736","159103039","KN296255v1","572555","572856","33","158530181"
"chr1","159111303","159111622","KN297452v1","673932","674242","35","158437371"
"chr1","159131319","159131635","KN296502v1","1403084","1403395","42","157728235"
"chr1","159141157","159141469","KN297452v1","643389","643703","56","158497768"
"chr1","159193157","159193459","KN294345v1","1360179","1360481","35","157832978"
"chr1","159207263","159207604","KN297452v1","574263","574601","37","158633000"
"chr1","159225265","159225543","KN295592v1","1986950","1987223","35","157238315"
"chr1","159236058","159236359","KN294493v1","70687","70990","33","159165371"
"chr1","159244389","159244597","KN296357v1","51086","51303","33","159193303"
"chr1","159266986","159267277","KN297452v1","519543","519830","38","158747443"
"chr1","159305802","159306014","KN296426v1","64367","64561","50","159241435"
"chr1","159310106","159310402","KN294470v1","2136945","2137241","37","157173161"
"chr1","159313602","159313890","KN297452v1","474471","474760","24","158839131"
"chr1","159437867","159438230","KN296158v1","1307356","1307707","80","158130511"
"chr1","159467496","159467800","KN297452v1","328068","328368","22","159139428"
"chr1","159477090","159477361","KN295090v1","53317","53587","41","159423773"
"chr1","159522499","159522805","KN295366v1","78980","79290","39","159443519"
"chr1","159530180","159530481","KN297452v1","264928","265230","23","159265252"
"chr1","159533317","159533627","KN296310v1","958636","958949","40","158574681"
"chr1","159540970","159541265","KN297452v1","253624","253910","41","159287346"
"chr1","159563715","159564026","KN297452v1","231523","231832","30","159332192"
"chr1","159567428","159567719","KN297452v1","228247","228537","31","159339181"
"chr1","159593843","159594108","KN294613v1","527135","527410","45","159066708"
"chr1","159598274","159598578","KN297452v1","198531","198837","35","159399743"
"chr1","159610953","159611260","KN297452v1","184710","185023","37","159426243"
"chr1","159644601","159644904","KN294387v1","3351311","3351643","69","156293290"
"chr1","159669629","159669947","KN297467v1","379498","379814","39","159290131"
"chr1","159678774","159679097","KN296154v1","1049543","1049848","51","158629231"
"chr1","159701493","159701798","KN297452v1","87216","87505","36","159614277"
"chr1","159706073","159706360","KN297452v1","82671","82970","35","159623402"
"chr1","159766780","159766990","KN295571v1","126976","127187","37","159639804"
"chr1","159883777","159883986","KN295977v1","1276894","1277103","40","158606883"
"chr1","159905156","159905464","KN296404v1","98730","99036","30","159806426"
"chr1","160036474","160036795","KN295090v1","2719195","2719504","45","157317279"
"chr1","160128534","160128794","KN297038v1","314696","314959","41","159813838"
"chr1","160169444","160169739","KN296404v1","372318","372609","30","159797126"
"chr1","160387852","160388147","KN296404v1","611198","611494","31","159776654"
"chr1","160624252","160624559","KN296404v1","837735","838035","34","159786517"
"chr1","160658135","160658417","KN295692v1","2428705","2428988","42","158229430"
"chr1","160685522","160685792","KN295633v1","1133330","1133601","36","159552192"
"chr1","160689203","160689502","KN294375v1","493338","493642","46","160195865"
"chr1","160700078","160700376","KN296743v1","323605","323904","33","160376473"
"chr1","160774299","160774588","KN296404v1","1004553","1004837","32","159769746"
"chr1","160803311","160803595","KN295893v1","729257","729542","36","160074054"
"chr1","160806967","160807276","KN294407v1","2157068","2157379","39","158649899"
"chr1","160825699","160825978","KN296404v1","1053861","1054139","20","159771838"
"chr1","160832500","160832793","KN296404v1","1060609","1060902","23","159771891"
"chr1","160848529","160848746","KN295564v1","135143","135357","46","160713386"
"chr1","160869524","160869829","KN296404v1","1096121","1096416","28","159773403"
"chr1","160870270","160870568","KN296404v1","1096874","1097182","26","159773396"
"chr1","160875106","160875412","KN296404v1","1101566","1101867","32","159773540"
"chr1","160876404","160876647","KN295405v1","757351","757593","45","160119053"
"chr1","160886955","160887264","KN296404v1","1113058","1113364","24","159773897"
"chr1","160888229","160888530","KN296404v1","1114336","1114617","44","159773893"
"chr1","160892153","160892462","KN296404v1","1118272","1118585","29","159773881"
"chr1","160906296","160906608","KN296404v1","1132324","1132633","27","159773972"
"chr1","160914245","160914546","KN296404v1","1140877","1141179","32","159773368"
"chr1","160919143","160919422","KN295459v1","1101140","1101421","42","159818003"
"chr1","160924646","160924966","KN296093v1","33319","33627","42","160891327"
"chr1","160928585","160928882","KN296404v1","1154857","1155163","35","159773728"
"chr1","160929047","160929320","KN295523v1","3369914","3370187","41","157559133"
"chr1","160949403","160949576","KN296153v1","3361562","3361735","28","157587841"
"chr1","160955367","160955668","KN294705v1","430220","430521","39","160525147"
"chr1","160957793","160958095","KN296404v1","1188531","1188838","32","159769262"
"chr1","160969134","160969433","KN296404v1","1183469","1183770","23","159785665"
"chr1","161001077","161001353","KN296096v1","2398375","2398656","37","158602702"
"chr1","161028548","161028846","KN296311v1","767533","767832","36","160261015"
"chr1","161031367","161031677","KN296404v1","1249548","1249853","34","159781819"
"chr1","161040443","161040752","KN294741v1","1962834","1963142","39","159077609"
"chr1","161056463","161056759","KN296404v1","1270075","1270368","30","159786388"
"chr1","161067030","161067311","KN296726v1","976648","976930","37","160090382"
"chr1","161087675","161087972","KN296404v1","1301704","1302007","30","159785971"
"chr1","161155778","161156086","KN296153v1","863239","863546","32","160292539"
"chr1","161202509","161202816","KN296404v1","1423465","1423767","28","159779044"
"chr1","161270491","161270756","KN296004v1","475641","475912","46","160794850"
"chr1","161298472","161298782","KN296404v1","1518963","1519272","19","159779509"
"chr1","161304361","161304658","KN294251v1","1932520","1932819","43","159371841"
"chr1","161307838","161308125","KN296404v1","1528301","1528588","18","159779537"
"chr1","161328944","161329244","KN296404v1","1550623","1550924","32","159778321"
"chr1","161341311","161341615","KN297322v1","1224244","1224547","34","160117067"
"chr1","161344531","161344840","KN296404v1","1566246","1566544","34","159778285"
"chr1","161372922","161373228","KN296404v1","1594199","1594505","23","159778723"
"chr1","161411333","161411680","KN296404v1","1629486","1629787","74","159781847"
"chr1","161440485","161440785","KN297118v1","485864","486164","37","160954621"
"chr1","161442706","161442971","KN294592v1","92011","92287","47","161350695"
"chr1","161548578","161548880","KN296404v1","1763900","1764211","35","159784678"
"chr1","161558574","161558856","KN295441v1","1228670","1228953","50","160329904"
"chr1","161563011","161563321","KN297242v1","698229","698539","37","160864782"
"chr1","161614049","161614342","KN296404v1","1823353","1823653","34","159790696"
"chr1","161636563","161636837","KN296404v1","1843451","1843725","22","159793112"
"chr1","161673963","161674262","KN296306v1","3686137","3686439","37","157987826"
"chr1","161718595","161718877","KN296498v1","39342","39625","45","161679253"
"chr1","161738705","161739012","KN296404v1","1944196","1944502","23","159794509"
"chr1","161781814","161782108","KN296594v1","1013501","1013792","34","160768313"
"chr1","161811041","161811348","KN296404v1","2016101","2016407","19","159794940"
"chr1","161822651","161822960","KN296404v1","2027749","2028051","28","159794902"
"chr1","161856234","161856553","KN296404v1","2060460","2060768","36","159795774"
"chr1","161859166","161859493","KN296959v1","1211046","1211385","61","160648120"
"chr1","161862333","161862632","KN296404v1","2066509","2066814","25","159795824"
"chr1","161911450","161911744","KN296062v1","126120","126418","33","161785330"
"chr1","161922892","161923195","KN296404v1","2117358","2117658","22","159805534"
"chr1","161926207","161926502","KN297008v1","1825305","1825608","35","160100902"
"chr1","161970226","161970521","KN294558v1","560208","560501","42","161410018"
"chr1","162007149","162007437","KN294326v1","619990","620278","36","161387159"
"chr1","162022743","162023050","KN295236v1","3914928","3915239","41","158107815"
"chr1","162052841","162053133","KN297320v1","271981","272275","27","161780860"
"chr1","162087002","162087295","KN295282v1","105605","105903","36","161981397"
"chr1","162156976","162157291","KN296635v1","4969030","4969343","42","157187946"
"chr1","162169857","162170158","KN296404v1","2379696","2380001","29","159790161"
"chr1","162173930","162174149","KN295977v1","1276894","1277103","46","160897036"
"chr1","162182188","162182484","KN295835v1","84846","85139","37","162097342"
"chr1","162207073","162207371","KN294581v1","619147","619445","36","161587926"
"chr1","162267248","162267555","KN296404v1","2470734","2471040","25","159796514"
"chr1","162334213","162334525","KN296404v1","2534470","2534781","17","159799743"
"chr1","162334697","162335006","KN296404v1","2534970","2535278","20","159799727"
"chr1","162386373","162386629","KN295835v1","199186","199432","47","162187187"
"chr1","162393433","162393729","KN294470v1","2136945","2137241","32","160256488"
"chr1","162442984","162443274","KN295361v1","824524","824814","36","161618460"
"chr1","162448908","162449186","KN296404v1","2652637","2652926","38","159796271"
"chr1","162624761","162625067","KN295345v1","1118463","1118770","41","161506298"
"chr1","162760614","162760906","KN296865v1","1024266","1024559","32","161736348"
"chr1","162772568","162772848","KN294193v1","568677","568960","40","162203891"
"chr1","162780573","162780871","KN294470v1","2136945","2137241","32","160643628"
"chr1","162785877","162786158","KN294172v1","4191553","4191833","32","158594324"
"chr1","162860241","162860539","KN296009v1","420615","420911","33","162439626"
"chr1","162912778","162913093","KN296404v1","3095042","3095357","32","159817736"
"chr1","162935444","162935753","KN295526v1","764551","764853","47","162170893"
"chr1","163091816","163092086","KN296404v1","3279110","3279380","35","159812706"
"chr1","163113957","163114261","KN296404v1","3301558","3301852","34","159812399"
"chr1","163231036","163231345","KN296119v1","4793855","4794163","32","158437181"
"chr1","163251723","163252028","KN296404v1","3437075","3437372","30","159814648"
"chr1","163292413","163292716","KN294790v1","7223567","7223873","40","156068846"
"chr1","163299407","163299665","KN294733v1","634511","634774","32","162664896"
"chr1","163318852","163319165","KN296263v1","1227686","1227986","45","162091166"
"chr1","163327150","163327359","KN296404v1","3510514","3510725","19","159816636"
"chr1","163364598","163364903","KN296404v1","3557414","3557714","25","159807184"
"chr1","163383435","163383738","KN296404v1","3573635","3573940","27","159809800"
"chr1","163384342","163384650","KN296404v1","3574545","3574848","25","159809797"
"chr1","163385102","163385401","KN296404v1","3575297","3575587","31","159809805"
"chr1","163533455","163533744","KN296404v1","1150048","1150343","36","162383407"
"chr1","163535187","163535497","KN294911v1","2389002","2389309","44","161146185"
"chr1","163543585","163543894","KN296404v1","3738670","3738972","29","159804915"
"chr1","163570589","163570863","KN296404v1","3764782","3765057","18","159805807"
"chr1","163631684","163631954","KN296404v1","3820383","3820663","30","159811301"
"chr1","163641454","163641755","KN294501v1","4140225","4140518","39","159501229"
"chr1","163651426","163651727","KN296404v1","3841017","3841324","37","159810409"
"chr1","163654771","163655068","KN296404v1","3844387","3844690","33","159810384"
"chr1","163659193","163659501","KN295225v1","1942340","1942650","37","161716853"
"chr1","163693581","163693864","KN294187v1","787177","787472","43","162906404"
"chr1","163746414","163746716","KN296404v1","3934851","3935147","28","159811563"
"chr1","163752757","163753061","KN296404v1","3941593","3941888","29","159811164"
"chr1","163760010","163760308","KN294539v1","1287945","1288241","36","162472065"
"chr1","163797621","163797911","KN294539v1","1287945","1288241","39","162509676"
"chr1","163808866","163809157","KN295596v1","2518640","2518934","35","161290226"
"chr1","163865668","163865959","KN294262v1","2981077","2981373","30","160884591"
"chr1","163893519","163893822","KN297023v1","480259","480560","34","163413260"
"chr1","163931029","163931326","KN294262v1","2922256","2922553","31","161008773"
"chr1","164001268","164001564","KN297154v1","1573413","1573704","45","162427855"
"chr1","164018506","164018833","KN296138v1","187826","188139","41","163830680"
"chr1","164066298","164066601","KN294262v1","2789323","2789622","37","161276975"
"chr1","164070364","164070662","KN295607v1","4406348","4406645","40","159664016"
"chr1","164079694","164079990","KN294571v1","890748","891049","37","163188946"
"chr1","164167027","164167332","KN294262v1","2690567","2690862","33","161476460"
"chr1","164178108","164178402","KN295090v1","1353031","1353323","36","162825077"
"chr1","164180837","164181145","KN294187v1","544177","544478","35","163636660"
"chr1","164198620","164198913","KN294262v1","2658882","2659179","27","161539738"
"chr1","164231474","164231756","KN295236v1","3487031","3487311","46","160744443"
"chr1","164290293","164290602","KN296153v1","2109780","2110089","40","162180513"
"chr1","164315277","164315582","KN294262v1","2535750","2536054","29","161779527"
"chr1","164371867","164372174","KN294262v1","2482236","2482550","39","161889631"
"chr1","164417391","164417693","KN294262v1","2437241","2437539","32","161980150"
"chr1","164481807","164482110","KN296955v1","951156","951462","38","163530651"
"chr1","164607676","164607982","KN294262v1","2257546","2257860","24","162350130"
"chr1","164653967","164654276","KN296303v1","662776","663079","48","163991191"
"chr1","164762904","164763066","KN295365v1","746369","746530","21","164016535"
"chr1","164775344","164775595","KN294991v1","995507","995758","46","163779837"
"chr1","164878739","164878940","KN296153v1","2232187","2232391","44","162646552"
"chr1","164903993","164904301","KN294262v1","1962204","1962513","27","162941789"
"chr1","164925109","164925391","KN294262v1","1940381","1940663","22","162984728"
"chr1","165004370","165004673","KN295607v1","4377455","4377758","34","160626915"
"chr1","165008706","165008988","KN294262v1","1853203","1853493","34","163155503"
"chr1","165017452","165017634","KN296577v1","160723","160900","35","164856729"
"chr1","165017638","165017950","KN294262v1","1844567","1844872","34","163173071"
"chr1","165024980","165025187","KN296426v1","64367","64561","38","164960613"
"chr1","165030145","165030448","KN294262v1","1830979","1831279","29","163199166"
"chr1","165047845","165048147","KN296503v1","539763","540066","36","164508082"
"chr1","165057947","165058253","KN294262v1","1801598","1801903","26","163256349"
"chr1","165063249","165063556","KN295744v1","242034","242343","46","164821215"
"chr1","165076566","165076865","KN297171v1","3279469","3279765","40","161797097"
"chr1","165120168","165120483","KN296404v1","2534470","2534781","49","162585698"
"chr1","165137090","165137306","KN294262v1","1717636","1717845","27","163419454"
"chr1","165194319","165194647","KN296508v1","2153955","2154277","53","163040364"
"chr1","165236023","165236329","KN295977v1","526778","527087","37","164709245"
"chr1","165243223","165243406","KN294668v1","1588557","1588731","35","163654666"
"chr1","165258487","165258794","KN294262v1","1570894","1571205","30","163687593"
"chr1","165259104","165259383","KN294262v1","1570317","1570597","29","163688787"
"chr1","165266905","165267214","KN294262v1","1567790","1568087","35","163699115"
"chr1","165270641","165270950","KN294262v1","1563960","1564257","35","163706681"
"chr1","165272485","165272702","KN296743v1","7396","7615","35","165265089"
"chr1","165324280","165324449","KN296225v1","431898","432075","31","164892382"
"chr1","165325093","165325346","KN296153v1","28951","29209","36","165296142"
"chr1","165327909","165328212","KN294262v1","1501961","1502272","33","163825948"
"chr1","165463404","165463575","KN296158v1","1622303","1622472","35","163841101"
"chr1","165465478","165465774","KN294262v1","1366663","1366962","28","164098815"
"chr1","165468387","165468671","KN294262v1","1363995","1364277","27","164104392"
"chr1","165487045","165487331","KN296859v1","1581704","1581985","39","163905341"
"chr1","165557380","165557695","KN294262v1","1286549","1286853","31","164270831"
"chr1","165695815","165696101","KN294262v1","1139767","1140047","30","164556048"
"chr1","165768734","165768958","KN294262v1","1067417","1067656","31","164701317"
"chr1","165813544","165813845","KN297154v1","831565","831869","34","164981979"
"chr1","165817097","165817319","KN294874v1","126189","126410","35","165690908"
"chr1","165826000","165826306","KN295564v1","408804","409105","39","165417196"
"chr1","165914600","165914914","KN294262v1","920705","921010","39","164993895"
"chr1","166055056","166055375","KN296795v1","719583","719894","53","165335473"
"chr1","166095328","166095629","KN296322v1","2692700","2693002","44","163402628"
"chr1","166210876","166211172","KN294262v1","606783","607095","38","165604093"
"chr1","166255058","166255348","KN294262v1","569020","569310","30","165686038"
"chr1","166546906","166547178","KN297038v1","1078776","1079048","41","165468130"
"chr1","166577328","166577620","KN297171v1","1721581","1721880","43","164855747"
"chr1","166610867","166611171","KN294262v1","225361","225663","29","166385506"
"chr1","166633167","166633469","KN295371v1","204420","204720","42","166428747"
"chr1","166644082","166644379","KN294262v1","200239","200538","27","166443843"
"chr1","166904614","166904916","KN294790v1","163386","163690","38","166741228"
"chr1","166916668","166916961","KN297171v1","2920513","2920805","39","163996155"
"chr1","167144648","167144961","KN296486v1","1608152","1608458","50","165536496"
"chr1","167275003","167275178","KN296096v1","2363438","2363604","34","164911565"
"chr1","167336235","167336417","KN296153v1","3305899","3306083","35","164030336"
"chr1","167353156","167353423","KN294809v1","167098","167358","52","167186058"
"chr1","167426867","167427163","KN295871v1","681623","681917","42","166745244"
"chr1","167592961","167593248","KN296322v1","897862","898144","50","166695099"
"chr1","167644347","167644656","KN297354v1","800240","800543","44","166844107"
"chr1","167654956","167655191","KN295022v1","229194","229438","43","167425762"
"chr1","167685989","167686298","KN295983v1","3300352","3300655","67","164385637"
"chr1","167794659","167794961","KN294911v1","2979140","2979444","44","164815519"
"chr1","167993450","167993761","KN295090v1","2486557","2486869","35","165506893"
"chr1","168019270","168019557","KN297354v1","426537","426829","38","167592733"
"chr1","168028509","168028805","KN295923v1","1547478","1547782","38","166481031"
"chr1","168041066","168041280","KN295995v1","278598","278793","46","167762468"
"chr1","168069481","168069775","KN294539v1","1287945","1288241","38","166781536"
"chr1","168158988","168159295","KN296635v1","4572120","4572425","43","163586868"
"chr1","168228800","168229067","KN295940v1","55121","55414","50","168173679"
"chr1","168323653","168323843","KN295605v1","68242","68434","46","168255411"
"chr1","168359953","168360247","KN297354v1","63136","63426","28","168296817"
"chr1","168450284","168450578","KN296065v1","32718","33008","34","168417566"
"chr1","168489727","168490011","KN295729v1","826689","826980","50","167663038"
"chr1","168600733","168601029","KN296065v1","203866","204158","38","168396867"
"chr1","168635803","168636100","KN297112v1","2139846","2140144","38","166495957"
"chr1","168694136","168694421","KN295371v1","448057","448341","28","168246079"
"chr1","168743999","168744313","KN296065v1","351513","351824","43","168392486"
"chr1","168827624","168827855","KN296065v1","441922","442153","27","168385702"
"chr1","168866358","168866671","KN294539v1","2274370","2274681","48","166591988"
"chr1","168929623","168929930","KN295893v1","2430995","2431307","45","166498628"
"chr1","168940529","168940838","KN296065v1","553434","553743","36","168387095"
"chr1","169015036","169015309","KN294917v1","563420","563668","54","168451616"
"chr1","169043541","169043823","KN295459v1","1101140","1101421","48","167942401"
"chr1","169048036","169048331","KN296065v1","660860","661148","39","168387176"
"chr1","169067391","169067689","KN296065v1","679387","679685","35","168388004"
"chr1","169098564","169098861","KN296609v1","617365","617660","37","168481199"
"chr1","169214146","169214444","KN294755v1","86586","86894","33","169127560"
"chr1","169245939","169246248","KN294755v1","109470","109763","42","169136469"
"chr1","169452846","169453157","KN295907v1","2495288","2495595","40","166957558"
"chr1","169484035","169484330","KN295102v1","233594","233891","39","169250441"
"chr1","169576282","169576592","KN296247v1","401713","402020","39","169174569"
"chr1","169628895","169629204","KN296349v1","45344","45654","36","169583551"
"chr1","169656265","169656569","KN296357v1","653990","654295","40","169002275"
"chr1","169789504","169789795","KN294806v1","681476","681761","42","169108028"
"chr1","169849375","169849677","KN295846v1","24517","24819","32","169824858"
"chr1","169931871","169932173","KN295433v1","791869","792167","49","169140002"
"chr1","170137035","170137324","KN294172v1","6714431","6714730","43","163422604"
"chr1","170290874","170291199","KN294790v1","428668","428977","60","169862206"
"chr1","170354657","170354961","KN294705v1","623696","624002","42","169730961"
"chr1","170576175","170576466","KN294937v1","266","558","36","170575909"
"chr1","170631445","170631748","KN296726v1","808997","809301","50","169822448"
"chr1","170670187","170670472","KN294874v1","2171153","2171447","45","168499034"
"chr1","170685604","170685912","KN296040v1","575673","575981","38","170109931"
"chr1","170686378","170686542","KN294470v1","701303","701476","36","169985075"
"chr1","170706683","170706973","KN296247v1","176790","177083","56","170529893"
"chr1","170783613","170783826","KN295406v1","275159","275372","41","170508454"
"chr1","170835314","170835627","KN295405v1","1404748","1405060","49","169430566"
"chr1","170951821","170952126","KN297415v1","87956","88250","36","170863865"
"chr1","171001312","171001611","KN294407v1","3027269","3027567","39","167974043"
"chr1","171013162","171013460","KN297415v1","148957","149267","43","170864205"
"chr1","171074767","171075076","KN295236v1","3390010","3390314","37","167684757"
"chr1","171179605","171179908","KN296153v1","1336190","1336496","31","169843415"
"chr1","171187104","171187415","KN297415v1","322521","322830","33","170864583"
"chr1","171217439","171217728","KN297415v1","353368","353655","25","170864071"
"chr1","171333686","171333989","KN296153v1","2873301","2873603","42","168460385"
"chr1","171338972","171339261","KN296486v1","1729393","1729684","42","169609579"
"chr1","171411223","171411521","KN296503v1","58212","58521","50","171353011"
"chr1","171505846","171506148","KN297415v1","638098","638397","29","170867748"
"chr1","171580902","171581189","KN296296v1","282324","282612","50","171298578"
"chr1","171735435","171735744","KN297415v1","856410","856711","29","170879025"
"chr1","171758503","171758800","KN297415v1","880017","880322","35","170878486"
"chr1","171798583","171798871","KN294193v1","425211","425504","40","171373372"
"chr1","171802679","171802987","KN294499v1","799663","799970","42","171003016"
"chr1","171803360","171803652","KN296404v1","1150048","1150343","36","170653312"
"chr1","171876952","171877249","KN295363v1","266139","266442","47","171610813"
"chr1","171901937","171902242","KN297415v1","1034008","1034312","22","170867929"
"chr1","171989337","171989641","KN295257v1","1849940","1850236","47","170139397"
"chr1","172005098","172005408","KN296731v1","1167793","1168104","36","170837305"
"chr1","172106109","172106405","KN296062v1","126120","126418","32","171979989"
"chr1","172174161","172174450","KN294526v1","334958","335253","35","171839203"
"chr1","172203387","172203688","KN295202v1","1842826","1843124","43","170360561"
"chr1","172268013","172268276","KN295988v1","875799","876060","39","171392214"
"chr1","172364143","172364459","KN294451v1","1139913","1140218","52","171224230"
"chr1","172477253","172477549","KN295433v1","600857","601152","46","171876396"
"chr1","172492184","172492496","KN294169v1","74418","74723","50","172417766"
"chr1","172550132","172550429","KN294558v1","533117","533418","45","172017015"
"chr1","172747111","172747422","KN295077v1","473294","473605","43","172273817"
"chr1","172768565","172768867","KN296430v1","1105044","1105344","39","171663521"
"chr1","172814364","172814552","KN297184v1","1200676","1200870","30","171613688"
"chr1","173085366","173085655","KN294244v1","56461","56743","44","173028905"
"chr1","173269980","173270257","KN294747v1","993118","993403","50","172276862"
"chr1","173277234","173277536","KN296635v1","3876048","3876352","48","169401186"
"chr1","173319590","173319890","KN296138v1","226711","227010","47","173092879"
"chr1","173370122","173370427","KN294630v1","686727","687035","40","172683395"
"chr1","173599555","173599853","KN294443v1","441739","442042","38","173157816"
"chr1","173703224","173703485","KN295243v1","1473974","1474238","43","172229250"
"chr1","173735203","173735484","KN294697v1","110071","110351","45","173625132"
"chr1","173858485","173858806","KN297319v1","232033","232338","49","173626452"
"chr1","173925753","173926056","KN294446v1","240983","241287","49","173684770"
"chr1","173974062","173974318","KN295075v1","40195","40452","34","173933867"
"chr1","173983128","173983414","KN296442v1","203645","203932","35","173779483"
"chr1","173997120","173997400","KN296311v1","3240773","3241062","43","170756347"
"chr1","174131151","174131487","KN295596v1","1567069","1567403","51","172564082"
"chr1","174140923","174141213","KN297327v1","811573","811871","48","173329350"
"chr1","174191804","174192082","KN296139v1","296788","297069","54","173895016"
"chr1","174288777","174289073","KN294420v1","822079","822371","43","173466698"
"chr1","174294298","174294594","KN295243v1","180303","180597","40","174113995"
"chr1","174365804","174366101","KN294470v1","2136945","2137241","36","172228859"
"chr1","174410432","174410737","KN294456v1","1098138","1098439","47","173312294"
"chr1","174444609","174444903","KN296145v1","2823022","2823312","43","171621587"
"chr1","174493820","174494065","KN295405v1","757351","757593","45","173736469"
"chr1","174535123","174535425","KN296487v1","131647","131949","37","174403476"
"chr1","174549716","174550009","KN296153v1","1115266","1115561","50","173434450"
"chr1","174604565","174604872","KN294375v1","493338","493642","36","174111227"
"chr1","174609785","174610074","KN297458v1","476217","476510","33","174133568"
"chr1","174884391","174884696","KN296108v1","367713","368015","41","174516678"
"chr1","175047219","175047528","KN295814v1","1455942","1456249","42","173591277"
"chr1","175216455","175216743","KN295949v1","279154","279449","39","174937301"
"chr1","175428865","175429099","KN295949v1","52524","52744","38","175376341"
"chr1","175594608","175594837","KN295949v1","52524","52744","46","175542084"
"chr1","175683090","175683379","KN295828v1","1278471","1278759","37","174404619"
"chr1","175748689","175748958","KN295996v1","365964","366226","38","175382725"
"chr1","175883800","175884110","KN295828v1","930975","931278","36","174952825"
"chr1","175962697","175963011","KN294443v1","441739","442042","43","175520958"
"chr1","176025233","176025528","KN295107v1","805969","806258","49","175219264"
"chr1","176044389","176044686","KN297044v1","561559","561858","38","175482830"
"chr1","176180452","176180752","KN294407v1","530011","530304","42","175650441"
"chr1","176252005","176252301","KN296649v1","502099","502397","32","175749906"
"chr1","176347549","176347843","KN296557v1","18517","18814","38","176329032"
"chr1","176524844","176525153","KN294884v1","66822","67131","42","176458022"
"chr1","176529693","176530001","KN295592v1","2038165","2038468","38","174491528"
"chr1","176649720","176650022","KN297112v1","5956620","5956917","49","170693100"
"chr1","176683711","176684004","KN294172v1","6311128","6311420","30","170372583"
"chr1","176782791","176783066","KN297171v1","2628817","2629092","43","174153974"
"chr1","176828224","176828515","KN294874v1","309420","309712","36","176518804"
"chr1","176849570","176849862","KN294569v1","202171","202464","45","176647399"
"chr1","176861970","176862293","KN295236v1","3354927","3355231","55","173507043"
"chr1","177168376","177168657","KN294571v1","2460216","2460496","35","174708160"
"chr1","177169678","177169986","KN294172v1","6002092","6002400","39","171167586"
"chr1","177197578","177197885","KN296513v1","2600343","2600645","43","174597235"
"chr1","177215490","177215783","KN294456v1","1143112","1143404","35","176072378"
"chr1","177233655","177233954","KN294705v1","885102","885400","40","176348553"
"chr1","177300634","177300937","KN297023v1","480259","480560","29","176820375"
"chr1","177338390","177338675","KN294991v1","1558026","1558298","55","175780364"
"chr1","177440759","177441081","KN295301v1","761923","762233","43","176678836"
"chr1","177698025","177698328","KN294410v1","292751","293054","41","177405274"
"chr1","177840324","177840576","KN295607v1","3328678","3328930","39","174511646"
"chr1","177851360","177851650","KN296036v1","1451367","1451657","36","176399993"
"chr1","177867870","177868209","KN294933v1","771901","772234","88","177095969"
"chr1","178231569","178231869","KN297452v1","2322212","2322521","37","175909357"
"chr1","178247738","178247959","KN295405v1","757351","757593","52","177490387"
"chr1","178448514","178448823","KN294957v1","62097","62408","42","178386417"
"chr1","178456023","178456295","KN295038v1","1659546","1659815","43","176796477"
"chr1","178560223","178560534","KN294604v1","502155","502458","46","178058068"
"chr1","178588907","178589244","KN294172v1","2416215","2416551","51","176172692"
"chr1","178595984","178596285","KN294571v1","1678829","1679123","41","176917155"
"chr1","178617507","178617813","KN295352v1","1345858","1346165","37","177271649"
"chr1","178620852","178621157","KN294995v1","15599","15901","34","178605253"
"chr1","178625513","178625807","KN294407v1","3027269","3027567","41","175598244"
"chr1","178632105","178632368","KN295459v1","456291","456555","40","178175814"
"chr1","178665164","178665475","KN296153v1","1336190","1336496","43","177328974"
"chr1","178667337","178667648","KN294741v1","1962834","1963142","50","176704503"
"chr1","178671881","178672151","KN294251v1","1151512","1151787","38","177520369"
"chr1","178675520","178675855","KN294964v1","538125","538460","42","178137395"
"chr1","178683155","178683447","KN296311v1","5161461","5161752","38","173521694"
"chr1","178687706","178688007","KN294287v1","289657","289957","33","178398049"
"chr1","178692868","178693150","KN295198v1","668572","668856","44","178024296"
"chr1","178697488","178697796","KN294932v1","133209","133517","41","178564279"
"chr1","178715218","178715460","KN295869v1","969223","969467","43","177745995"
"chr1","178718012","178718304","KN294409v1","172175","172471","44","178545837"
"chr1","178719063","178719350","KN294407v1","598111","598399","36","178120952"
"chr1","178721977","178722268","KN294420v1","822079","822371","42","177899898"
"chr1","178728706","178728990","KN296261v1","646890","647178","37","178081816"
"chr1","178741046","178741341","KN296783v1","300188","300482","31","178440858"
"chr1","178744508","178744808","KN295571v1","203398","203695","36","178541110"
"chr1","178798975","178799262","KN295320v1","1610501","1610783","43","177188474"
"chr1","178809785","178810091","KN294181v1","1317427","1317732","34","177492358"
"chr1","178820091","178820401","KN296311v1","8317826","8318133","43","170502265"
"chr1","178840956","178841243","KN294187v1","787177","787472","44","178053779"
"chr1","178860796","178861096","KN294378v1","1567295","1567599","34","177293501"
"chr1","178865393","178865681","KN294747v1","841910","842203","39","178023483"
"chr1","178882148","178882444","KN294952v1","27505","27803","43","178854643"
"chr1","178888917","178889210","KN295371v1","2350","2643","24","178886567"
"chr1","178925112","178925423","KN295301v1","761923","762233","38","178163189"
"chr1","178928456","178928771","KN295571v1","513084","513393","46","178415372"
"chr1","178929537","178929812","KN294501v1","391768","392042","41","178537769"
"chr1","178937132","178937402","KN295371v1","44077","44347","20","178893055"
"chr1","178951155","178951452","KN295371v1","57736","58034","15","178893419"
"chr1","178954531","178954828","KN295371v1","61074","61371","27","178893457"
"chr1","178971380","178971682","KN295371v1","78137","78433","28","178893243"
"chr1","178985776","178986067","KN295326v1","154506","154793","49","178831270"
"chr1","178992248","178992538","KN295371v1","99408","99702","28","178892840"
"chr1","178995645","178995935","KN296153v1","3041230","3041525","30","175954415"
"chr1","179005493","179005794","KN296153v1","2873301","2873603","57","176132192"
"chr1","179024566","179024875","KN295371v1","128881","129175","42","178895685"
"chr1","179045825","179046117","KN295371v1","146437","146738","41","178899388"
"chr1","179060775","179061064","KN295573v1","502898","503186","34","178557877"
"chr1","179063111","179063425","KN295974v1","1466462","1466774","41","177596649"
"chr1","179072566","179072853","KN296743v1","202352","202637","37","178870214"
"chr1","179078673","179078946","KN295371v1","180304","180577","23","178898369"
"chr1","179081705","179081997","KN294705v1","867156","867449","37","178214549"
"chr1","179083184","179083473","KN294269v1","677834","678123","36","178405350"
"chr1","179084186","179084482","KN294172v1","822922","823215","37","178261264"
"chr1","179089976","179090269","KN295371v1","186067","186364","25","178903909"
"chr1","179102877","179103176","KN295371v1","198741","199051","35","178904136"
"chr1","179108195","179108505","KN295236v1","1631448","1631759","34","177476747"
"chr1","179131881","179132167","KN295371v1","230658","230936","27","178901223"
"chr1","179132198","179132391","KN296426v1","64367","64561","52","179067831"
"chr1","179137014","179137321","KN295371v1","234857","235167","32","178902157"
"chr1","179159943","179160028","KN296225v1","120191","120272","18","179039752"
"chr1","179160667","179160861","KN296495v1","510488","510677","37","178650179"
"chr1","179161443","179161676","KN295405v1","757351","757593","47","178404092"
"chr1","179174145","179174454","KN295371v1","273573","273887","30","178900572"
"chr1","179178248","179178559","KN296036v1","2062557","2062868","34","177115691"
"chr1","179188464","179188761","KN295371v1","289151","289448","28","178899313"
"chr1","179192181","179192469","KN295366v1","124181","124471","38","179068000"
"chr1","179195709","179195980","KN295371v1","297416","297686","30","178898293"
"chr1","179200386","179200688","KN295371v1","302347","302656","37","178898039"
"chr1","179235809","179236167","KN295371v1","338303","338659","22","178897506"
"chr1","179244392","179244705","KN294790v1","163386","163690","46","179081006"
"chr1","179249742","179250042","KN297154v1","831565","831869","43","178418177"
"chr1","179263468","179263759","KN294937v1","266","558","35","179263202"
"chr1","179272878","179273159","KN295371v1","376044","376315","30","178896834"
"chr1","179274101","179274411","KN297133v1","1030785","1031096","35","178243316"
"chr1","179276546","179276857","KN294172v1","5828976","5829275","49","173447570"
"chr1","179277230","179277522","KN295371v1","377631","377943","36","178899599"
"chr1","179309478","179309773","KN294407v1","3027269","3027567","30","176282209"
"chr1","179327617","179327925","KN294603v1","111945","112247","44","179215672"
"chr1","179339021","179339328","KN295371v1","443098","443399","34","178895923"
"chr1","179341061","179341353","KN295371v1","445137","445439","38","178895924"
"chr1","179341649","179341944","KN295371v1","445789","446070","44","178895860"
"chr1","179345958","179346249","KN297245v1","1416081","1416379","47","177929877"
"chr1","179354437","179354733","KN295371v1","459489","459790","29","178894948"
"chr1","179357067","179357368","KN295371v1","461783","462081","29","178895284"
"chr1","179389926","179390217","KN295371v1","504467","504761","21","178885459"
"chr1","179390286","179390573","KN294172v1","1540690","1540957","57","177849596"
"chr1","179424110","179424413","KN294995v1","15599","15901","38","179408511"
"chr1","179435056","179435322","KN295371v1","544692","544967","41","178890364"
"chr1","179457333","179457651","KN294884v1","66822","67131","50","179390511"
"chr1","179481062","179481286","KN295371v1","592063","592294","23","178888999"
"chr1","179492653","179492964","KN295371v1","604088","604394","24","178888565"
"chr1","179512520","179512814","KN297047v1","3987588","3987889","37","175524932"
"chr1","179513548","179513853","KN296635v1","3876048","3876352","40","175637500"
"chr1","179525346","179525506","KN296743v1","1950123","1950289","26","177575223"
"chr1","179534157","179534459","KN295371v1","645466","645770","33","178888691"
"chr1","179535152","179535452","KN295371v1","646452","646756","31","178888700"
"chr1","179537405","179537727","KN295236v1","4372708","4373024","48","175164697"
"chr1","179541161","179541424","KN296145v1","1213052","1213301","46","178328109"
"chr1","179556521","179556822","KN294456v1","1098138","1098439","41","178458383"
"chr1","179558238","179558511","KN296261v1","620490","620771","36","178937748"
"chr1","179559079","179559376","KN295607v1","4377455","4377758","36","175181624"
"chr1","179563316","179563627","KN295371v1","676472","676779","32","178886844"
"chr1","179611582","179611875","KN297322v1","225370","225664","39","179386212"
"chr1","179627483","179627781","KN295371v1","735234","735532","36","178892249"
"chr1","179632132","179632441","KN295090v1","2486557","2486869","34","177145575"
"chr1","179632932","179633074","KN296747v1","128765","128916","45","179504167"
"chr1","179638049","179638350","KN294957v1","62097","62408","41","179575952"
"chr1","179641589","179641902","KN294879v1","533741","534047","51","179107848"
"chr1","179658045","179658351","KN295371v1","763803","764104","25","178894242"
"chr1","179662385","179662571","KN295236v1","3402541","3402725","36","176259844"
"chr1","179689980","179690254","KN295722v1","1904349","1904617","42","177785631"
"chr1","179705027","179705275","KN295371v1","807809","808035","40","178897218"
"chr1","179711192","179711428","KN294536v1","1815140","1815377","68","177896052"
"chr1","179713861","179714205","KN295371v1","815577","815948","52","178898284"
"chr1","179714744","179715051","KN295366v1","311764","312074","41","179402980"
"chr1","179728577","179728873","KN295371v1","830272","830567","20","178898305"
"chr1","179828668","179828947","KN296178v1","192117","192397","44","179636551"
"chr1","179862278","179862574","KN295371v1","966183","966471","35","178896095"
"chr1","179871009","179871304","KN295371v1","974310","974602","22","178896699"
"chr1","179946180","179946460","KN294172v1","615079","615365","40","179331101"
"chr1","179985875","179986200","KN294790v1","5868297","5868622","45","174117578"
"chr1","180009784","180010088","KN296731v1","694955","695263","39","179314829"
"chr1","180156680","180156974","KN295480v1","1302107","1302401","35","178854573"
"chr1","180200127","180200420","KN297146v1","129898","130192","34","180070229"
"chr1","180205175","180205455","KN295523v1","945610","945892","40","179259565"
"chr1","180233716","180234016","KN294571v1","890748","891049","33","179342968"
"chr1","180238558","180238861","KN295814v1","87028","87339","41","180151530"
"chr1","180266575","180266877","KN295586v1","1834408","1834703","44","178432167"
"chr1","180268674","180268982","KN294873v1","878342","878649","40","179390332"
"chr1","180271774","180272088","KN296635v1","2387021","2387331","42","177884753"
"chr1","180284660","180284939","KN295059v1","242847","243129","33","180041813"
"chr1","180290291","180290593","KN294571v1","890748","891049","35","179399543"
"chr1","180292704","180293014","KN294458v1","1693957","1694267","40","178598747"
"chr1","180324175","180324480","KN295091v1","2259731","2260040","56","178064444"
"chr1","180349643","180349945","KN294879v1","76546","76849","42","180273097"
"chr1","180375453","180375761","KN295592v1","1811056","1811365","40","178564397"
"chr1","180455588","180455851","KN296153v1","2044953","2045220","40","178410635"
"chr1","180503093","180503326","KN295405v1","757351","757593","43","179745742"
"chr1","180522627","180522921","KN297195v1","26376","26667","36","180496251"
"chr1","180553196","180553518","KN294499v1","2366753","2367067","48","178186443"
"chr1","180570233","180570539","KN297047v1","3987588","3987889","35","176582645"
"chr1","180612113","180612405","KN296520v1","1316759","1317053","33","179295354"
"chr1","180612660","180612910","KN297186v1","50383","50628","49","180562277"
"chr1","180633388","180633681","KN296557v1","18517","18814","39","180614871"
"chr1","180636778","180637071","KN296153v1","1115266","1115561","34","179521512"
"chr1","180647078","180647373","KN294911v1","2646845","2647138","35","178000233"
"chr1","180666599","180666918","KN296884v1","30338","30656","53","180636261"
"chr1","180685031","180685327","KN294665v1","133847","134138","42","180551184"
"chr1","180694916","180695204","KN296859v1","1598124","1598411","36","179096792"
"chr1","180704554","180704841","KN294444v1","174426","174713","47","180530128"
"chr1","180711020","180711294","KN294161v1","894750","895027","29","179816270"
"chr1","180712080","180712377","KN295708v1","2784035","2784327","41","177928045"
"chr1","180735999","180736292","KN296153v1","3041230","3041525","38","177694769"
"chr1","180741180","180741452","KN296311v1","3480347","3480617","35","177260833"
"chr1","180744163","180744452","KN296495v1","977859","978142","48","179766304"
"chr1","180751485","180751787","KN296982v1","395160","395461","35","180356325"
"chr1","180752317","180752619","KN297023v1","480259","480560","39","180272058"
"chr1","180753867","180754159","KN294172v1","5752952","5753241","51","175000915"
"chr1","180792685","180792996","KN296311v1","8094954","8095262","39","172697731"
"chr1","180800443","180800738","KN296036v1","1895044","1895337","34","178905399"
"chr1","180816265","180816579","KN296167v1","450049","450355","41","180366216"
"chr1","180846437","180846749","KN294399v1","47743","48054","35","180798694"
"chr1","180851612","180851790","KN296577v1","160723","160900","40","180690889"
"chr1","180854308","180854609","KN294571v1","1575904","1576204","32","179278404"
"chr1","180874826","180875072","KN295102v1","281262","281507","41","180593564"
"chr1","180878481","180878799","KN294539v1","1287945","1288241","55","179590536"
"chr1","180881779","180882082","KN294957v1","62097","62408","40","180819682"
"chr1","180931354","180931655","KN294571v1","890748","891049","33","180040606"
"chr1","180954403","180954699","KN296406v1","55784","56073","53","180898619"
"chr1","180954732","180955039","KN296541v1","177294","177595","37","180777438"
"chr1","180956946","180957242","KN296406v1","55784","56073","53","180901162"
"chr1","180957280","180957587","KN296541v1","177294","177595","37","180779986"
"chr1","180960363","180960657","KN295729v1","826689","826980","30","180133674"
"chr1","180988480","180988786","KN296090v1","89328","89638","32","180899152"
"chr1","181002570","181002868","KN295091v1","2692987","2693285","37","178309583"
"chr1","181022667","181022978","KN295995v1","655021","655332","38","180367646"
"chr1","181033327","181033638","KN296885v1","2205766","2206079","49","178827561"
"chr1","181086944","181087177","KN295967v1","625826","626071","41","180461118"
"chr1","181124402","181124704","KN295984v1","1302517","1302824","42","179821885"
"chr1","181128392","181128583","KN296682v1","3000428","3000645","47","178127964"
"chr1","181130391","181130680","KN295236v1","3615047","3615343","42","177515344"
"chr1","181134733","181135044","KN296311v1","3427286","3427594","37","177707447"
"chr1","181155126","181155418","KN295480v1","1302107","1302401","34","179853019"
"chr1","181179938","181180240","KN295366v1","78980","79290","46","181100958"
"chr1","181209460","181209764","KN295825v1","3057611","3057911","39","178151849"
"chr1","181302859","181303155","KN294561v1","1084406","1084703","38","180218453"
"chr1","181310108","181310408","KN294456v1","1098138","1098439","36","180211970"
"chr1","181310935","181311227","KN295326v1","100464","100755","44","181210471"
"chr1","181404591","181404817","KN294758v1","2046011","2046244","38","179358580"
"chr1","181451530","181451817","KN296726v1","606731","607020","33","180844799"
"chr1","181454921","181455233","KN294705v1","623696","624002","38","180831225"
"chr1","181466797","181467107","KN294991v1","686774","687084","39","180780023"
"chr1","181504897","181505063","KN294957v1","73265","73439","35","181431632"
"chr1","181509883","181510182","KN296404v1","1423465","1423767","37","180086418"
"chr1","181516578","181516832","KN294218v1","2228359","2228623","44","179288219"
"chr1","181542503","181542795","KN294407v1","3027269","3027567","36","178515234"
"chr1","181546900","181547196","KN295326v1","100464","100755","39","181446436"
"chr1","181563412","181563753","KN297038v1","1496054","1496368","68","180067358"
"chr1","181570069","181570364","KN294487v1","145594","145890","34","181424475"
"chr1","181588448","181588748","KN296322v1","1244159","1244457","41","180344289"
"chr1","181636794","181637093","KN295439v1","83349","83650","37","181553445"
"chr1","181639105","181639414","KN297094v1","39090","39398","36","181600015"
"chr1","181647343","181647655","KN296486v1","1356126","1356435","36","180291217"
"chr1","181653049","181653347","KN294235v1","433123","433421","34","181219926"
"chr1","181658588","181658749","KN294837v1","372964","373119","28","181285624"
"chr1","181659332","181659459","KN294229v1","26726","26859","17","181632606"
"chr1","181660481","181660788","KN294825v1","396445","396749","40","181264036"
"chr1","181661568","181661761","KN296426v1","64367","64561","44","181597201"
"chr1","181663582","181663884","KN294995v1","15599","15901","37","181647983"
"chr1","181685060","181685344","KN296484v1","733487","733776","55","180951573"
"chr1","181734705","181735005","KN294193v1","425211","425504","41","181309494"
"chr1","181739303","181739589","KN294470v1","2278895","2279184","39","179460408"
"chr1","181741940","181742251","KN295586v1","811691","812002","46","180930249"
"chr1","181745918","181746229","KN296210v1","345214","345521","40","181400704"
"chr1","181747874","181748174","KN296145v1","740136","740436","38","181007738"
"chr1","181755108","181755326","KN295977v1","1276894","1277103","48","180478214"
"chr1","181780750","181781052","KN296311v1","854862","855163","42","180925888"
"chr1","181783820","181784141","KN294439v1","59249","59564","52","181724571"
"chr1","181801155","181801428","KN297314v1","616778","617057","49","181184377"
"chr1","181821766","181822026","KN294415v1","27953","28222","52","181793813"
"chr1","181950041","181950336","KN294665v1","133847","134138","44","181816194"
"chr1","181957115","181957410","KN294758v1","2131386","2131692","42","179825729"
"chr1","182009098","182009375","KN296454v1","102542","102816","37","181906556"
"chr1","182016951","182017159","KN294713v1","896268","896483","41","181120683"
"chr1","182049632","182049935","KN295368v1","1748387","1748686","40","180301245"
"chr1","182108805","182109131","KN295236v1","3750998","3751324","56","178357807"
"chr1","182117793","182118106","KN294705v1","1537713","1538021","40","180580080"
"chr1","182179514","182179776","KN295294v1","547346","547608","31","181632168"
"chr1","182194225","182194525","KN296349v1","2956","3254","37","182191269"
"chr1","182198412","182198703","KN295828v1","1026333","1026620","43","181172079"
"chr1","182245777","182246087","KN295921v1","24494","24804","40","182221283"
"chr1","182265251","182265526","KN296158v1","1645816","1646099","48","180619435"
"chr1","182270769","182271071","KN296577v1","794376","794684","52","181476393"
"chr1","182355073","182355386","KN295995v1","655021","655332","46","181700052"
"chr1","182361413","182361710","KN296557v1","13515","13811","34","182347898"
"chr1","182379731","182380038","KN296588v1","289027","289334","34","182090704"
"chr1","182380700","182381008","KN294991v1","686774","687084","43","181693926"
"chr1","182382908","182383206","KN295394v1","556635","556929","42","181826273"
"chr1","182384385","182384677","KN294345v1","1360179","1360481","43","181024206"
"chr1","182391115","182391419","KN296247v1","901747","902047","30","181489368"
"chr1","182405109","182405417","KN296635v1","2387021","2387331","40","180018088"
"chr1","182407412","182407584","KN295623v1","399728","399891","31","182007684"
"chr1","182420805","182421051","KN296934v1","870708","870965","36","181550097"
"chr1","182423609","182423853","KN295820v1","956662","956899","36","181466947"
"chr1","182436308","182436613","KN294630v1","686727","687035","33","181749581"
"chr1","182450096","182450394","KN295814v1","281179","281480","53","182168917"
"chr1","182462358","182462664","KN297112v1","6036267","6036574","49","176426091"
"chr1","182470191","182470496","KN294548v1","1161001","1161308","43","181309190"
"chr1","182472056","182472272","KN295977v1","1276894","1277103","43","181195162"
"chr1","182495877","182496194","KN294957v1","62097","62408","44","182433780"
"chr1","182498335","182498498","KN294848v1","1183193","1183355","23","181315142"
"chr1","182528205","182528503","KN296502v1","129484","129778","33","182398721"
"chr1","182534650","182534893","KN294685v1","909505","909745","38","181625145"
"chr1","182536953","182537277","KN296442v1","795536","795858","43","181741417"
"chr1","182548583","182548888","KN295735v1","1160753","1161064","37","181387830"
"chr1","182568320","182568623","KN296507v1","384148","384451","39","182184172"
"chr1","182569457","182569743","KN294644v1","85408","85699","35","182484049"
"chr1","182574465","182574641","KN296225v1","431898","432075","24","182142567"
"chr1","182610345","182610612","KN296495v1","672876","673147","42","181937469"
"chr1","182611105","182611216","KN294879v1","640181","640288","16","181970924"
"chr1","182612176","182612364","KN296495v1","510488","510677","25","182101688"
"chr1","182630508","182630817","KN296883v1","3416441","3416748","39","179214067"
"chr1","182644075","182644381","KN297154v1","831565","831869","39","181812510"
"chr1","182651073","182651364","KN294629v1","9039","9337","41","182642034"
"chr1","182657985","182658281","KN295607v1","4406348","4406645","36","178251637"
"chr1","182666111","182666428","KN296157v1","2746426","2746742","43","179919685"
"chr1","182677669","182677967","KN296062v1","1520843","1521142","40","181156826"
"chr1","182709659","182709965","KN294728v1","279854","280157","39","182429805"
"chr1","182713204","182713507","KN295352v1","490330","490634","40","182222874"
"chr1","182721615","182721919","KN296825v1","1862077","1862371","37","180859538"
"chr1","182738024","182738317","KN294257v1","2881643","2881938","41","179856381"
"chr1","182740268","182740574","KN294581v1","227308","227612","39","182512960"
"chr1","182750744","182751052","KN295433v1","250702","251008","35","182500042"
"chr1","182751635","182751937","KN294561v1","1084406","1084703","35","181667229"
"chr1","182752872","182753169","KN295350v1","93538","93840","43","182659334"
"chr1","182775426","182775719","KN295075v1","232708","233006","34","182542718"
"chr1","182807412","182807599","KN296743v1","341802","341994","27","182465610"
"chr1","182809176","182809458","KN296311v1","7097570","7097852","41","175711606"
"chr1","182809632","182809937","KN296496v1","988332","988629","37","181821300"
"chr1","182821721","182821968","KN296311v1","281666","281927","42","182540055"
"chr1","182825297","182825587","KN296496v1","972891","973183","43","181852406"
"chr1","182847343","182847645","KN296496v1","953007","953318","31","181894336"
"chr1","182851684","182851968","KN296496v1","947149","947437","33","181904535"
"chr1","182854398","182854705","KN296263v1","181172","181477","35","182673226"
"chr1","182874185","182874490","KN296496v1","924368","924677","29","181949817"
"chr1","182877949","182878256","KN296430v1","733706","734013","36","182144243"
"chr1","182879454","182879748","KN294526v1","334958","335253","35","182544496"
"chr1","182909830","182910117","KN296503v1","539763","540066","41","182370067"
"chr1","182977327","182977632","KN294790v1","163386","163690","37","182813941"
"chr1","182999535","182999828","KN296496v1","802458","802742","27","182197077"
"chr1","183015878","183016176","KN296496v1","785984","786287","34","182229894"
"chr1","183029346","183029640","KN294346v1","422309","422602","30","182607037"
"chr1","183044209","183044517","KN296404v1","1183469","1183770","37","181860740"
"chr1","183190431","183190736","KN296635v1","4572120","4572425","44","178618311"
"chr1","183252293","183252530","KN295646v1","52556","52783","40","183199737"
"chr1","183256626","183256941","KN296829v1","427855","428171","42","182828771"
"chr1","183278581","183278891","KN295319v1","93746","94048","43","183184835"
"chr1","183286631","183286931","KN295319v1","772235","772546","46","182514396"
"chr1","183297364","183297660","KN296620v1","349918","350214","26","182947446"
"chr1","183308949","183309249","KN296496v1","491321","491609","32","182817628"
"chr1","183311577","183311878","KN296496v1","488705","489004","25","182822872"
"chr1","183324305","183324576","KN294911v1","3438668","3438956","44","179885637"
"chr1","183346708","183347021","KN295090v1","242110","242415","38","183104598"
"chr1","183349121","183349380","KN296496v1","451798","452058","17","182897323"
"chr1","183355356","183355655","KN296496v1","445122","445433","35","182910234"
"chr1","183411840","183412143","KN296496v1","382361","382671","50","183029479"
"chr1","183425556","183425865","KN296496v1","367784","368097","32","183057772"
"chr1","183451491","183451794","KN297095v1","3881419","3881729","42","179570072"
"chr1","183453879","183454186","KN296496v1","339211","339511","32","183114668"
"chr1","183460667","183460958","KN294346v1","422309","422602","41","183038358"
"chr1","183658152","183658447","KN296496v1","135768","136048","42","183522384"
"chr1","183674936","183675247","KN296138v1","98488","98788","35","183576448"
"chr1","183684775","183684847","KN294844v1","136960","137032","15","183547815"
"chr1","183685412","183685664","KN295893v1","264342","264595","46","183421070"
"chr1","183703712","183704020","KN296496v1","89432","89743","29","183614280"
"chr1","183731080","183731373","KN294187v1","1992587","1992884","39","181738493"
"chr1","183734476","183734636","KN295441v1","1720743","1720900","28","182013733"
"chr1","183763141","183763434","KN296496v1","33776","34074","29","183729365"
"chr1","183771325","183771611","KN296496v1","25170","25463","32","183746155"
"chr1","183778441","183778739","KN296496v1","17690","17987","30","183760751"
"chr1","183795761","183796071","KN296496v1","51","369","30","183795710"
"chr1","183845929","183846110","KN296225v1","431898","432075","29","183414031"
"chr1","183857598","183857844","KN294404v1","299325","299579","42","183558273"
"chr1","183873946","183874238","KN295729v1","826689","826980","32","183047257"
"chr1","183901660","183901937","KN295922v1","98919","99195","19","183802741"
"chr1","183933910","183934216","KN295922v1","130002","130315","16","183803908"
"chr1","183962020","183962317","KN295459v1","1487785","1488081","31","182474235"
"chr1","183967716","183968020","KN295922v1","165064","165365","20","183802652"
"chr1","183975786","183976079","KN295236v1","4030669","4030960","36","179945117"
"chr1","183978646","183978952","KN295922v1","176401","176708","20","183802245"
"chr1","183982283","183982589","KN294161v1","311681","311990","43","183670602"
"chr1","183985288","183985574","KN295922v1","182901","183201","47","183802387"
"chr1","183986145","183986326","KN296577v1","160723","160900","35","183825422"
"chr1","183997897","183998143","KN295922v1","189593","189833","21","183808304"
"chr1","184012242","184012529","KN295420v1","384089","384371","48","183628153"
"chr1","184019843","184020146","KN295352v1","6734","7044","35","184013109"
"chr1","184025937","184026236","KN295352v1","12854","13159","26","184013083"
"chr1","184026774","184026940","KN294848v1","658585","658730","46","183368189"
"chr1","184032289","184032596","KN296139v1","40652","40962","30","183991637"
"chr1","184038966","184039268","KN295350v1","93538","93840","41","183945428"
"chr1","184040430","184040736","KN295352v1","26728","27048","34","184013702"
"chr1","184054767","184055063","KN295352v1","41694","41991","38","184013073"
"chr1","184062117","184062404","KN296244v1","451229","451516","42","183610888"
"chr1","184063009","184063324","KN294172v1","365590","365904","39","183697419"
"chr1","184065376","184065659","KN297095v1","57865","58149","41","184007511"
"chr1","184075304","184075610","KN295352v1","62999","63301","27","184012305"
"chr1","184079996","184080304","KN295352v1","67358","67655","39","184012638"
"chr1","184085514","184085791","KN294705v1","2048841","2049122","32","182036673"
"chr1","184101062","184101322","KN295352v1","90591","90843","40","184010471"
"chr1","184119772","184120075","KN295352v1","109704","110002","27","184010068"
"chr1","184120840","184121090","KN295284v1","16952","17196","35","184103888"
"chr1","184123954","184124265","KN295352v1","112931","113244","22","184011023"
"chr1","184151951","184152257","KN297390v1","166530","166837","34","183985421"
"chr1","184196697","184196982","KN294429v1","37988","38273","38","184158709"
"chr1","184224958","184225277","KN295352v1","216238","216549","33","184008720"
"chr1","184248757","184249063","KN296507v1","380067","380370","41","183868690"
"chr1","184324127","184324429","KN296743v1","340869","341174","38","183983258"
"chr1","184327672","184327977","KN295433v1","1117639","1117945","34","183210033"
"chr1","184371380","184371675","KN295352v1","354001","354298","23","184017379"
"chr1","184400633","184400943","KN295236v1","35793","36099","34","184364840"
"chr1","184449253","184449563","KN295236v1","35793","36099","39","184413460"
"chr1","184456969","184457261","KN295352v1","439845","440138","26","184017124"
"chr1","184486210","184486509","KN295343v1","729289","729587","35","183756921"
"chr1","184492381","184492677","KN296865v1","1767396","1767690","50","182724985"
"chr1","184503821","184504113","KN295352v1","485259","485548","23","184018562"
"chr1","184509177","184509490","KN295352v1","490330","490634","29","184018847"
"chr1","184514253","184514562","KN296303v1","514845","515157","40","183999408"
"chr1","184516775","184517074","KN294842v1","192762","193057","42","184324013"
"chr1","184530154","184530311","KN294630v1","235473","235618","27","184294681"
"chr1","184574116","184574413","KN294499v1","2005615","2005910","34","182568501"
"chr1","184600751","184601050","KN295352v1","583476","583785","31","184017275"
"chr1","184602680","184602980","KN295352v1","585436","585740","37","184017244"
"chr1","184604153","184604459","KN294874v1","105877","106179","37","184498276"
"chr1","184619765","184620060","KN294917v1","401690","401984","30","184218075"
"chr1","184625557","184625854","KN295352v1","606585","606876","29","184018972"
"chr1","184631841","184632142","KN295352v1","613193","613486","24","184018648"
"chr1","184647521","184647833","KN294378v1","1504358","1504668","39","183143163"
"chr1","184651341","184651650","KN295708v1","219821","220134","34","184431520"
"chr1","184674823","184675117","KN295352v1","655343","655640","31","184019480"
"chr1","184691589","184691877","KN296620v1","349918","350214","31","184341671"
"chr1","184744490","184744688","KN296225v1","685783","685976","50","184058707"
"chr1","185112411","185112698","KN295352v1","861789","862084","33","184250622"
"chr1","185152147","185152439","KN295352v1","903886","904175","28","184248261"
"chr1","185175957","185176259","KN294964v1","1832698","1833002","34","183343259"
"chr1","185191354","185191665","KN295352v1","938247","938560","33","184253107"
"chr1","185204109","185204414","KN295352v1","956485","956784","36","184247624"
"chr1","185219590","185219892","KN294603v1","63949","64255","36","185155641"
"chr1","185220530","185220746","KN296426v1","64367","64561","48","185156163"
"chr1","185225420","185225713","KN295352v1","975575","975873","25","184249845"
"chr1","185238906","185239189","KN295352v1","989327","989609","32","184249579"
"chr1","185313485","185313793","KN295352v1","1067894","1068195","35","184245591"
"chr1","185317883","185318187","KN295352v1","1072861","1073162","28","184245022"
"chr1","185336882","185337104","KN295352v1","1092057","1092281","30","184244825"
"chr1","185343824","185344108","KN295236v1","3589165","3589460","36","181754659"
"chr1","185351244","185351546","KN295352v1","1108097","1108399","30","184243147"
"chr1","185383951","185384252","KN295352v1","1138473","1138776","25","184245478"
"chr1","185389862","185390161","KN295352v1","1144582","1144884","37","184245280"
"chr1","185435020","185435314","KN295352v1","1193423","1193718","20","184241597"
"chr1","185440598","185440890","KN294446v1","1094059","1094349","42","184346539"
"chr1","185502417","185502727","KN294446v1","240983","241287","43","185261434"
"chr1","185506928","185507242","KN294378v1","1504358","1504668","42","184002570"
"chr1","185510318","185510624","KN295424v1","314353","314666","33","185195965"
"chr1","185587504","185587812","KN295592v1","2038165","2038468","48","183549339"
"chr1","185588587","185588897","KN295352v1","1345858","1346165","24","184242729"
"chr1","185594738","185595073","KN296311v1","1054446","1054783","48","184540292"
"chr1","185614503","185614811","KN295352v1","1376855","1377164","24","184237648"
"chr1","185617218","185617504","KN294172v1","6311128","6311420","37","179306090"
"chr1","185646137","185646442","KN295983v1","1699675","1699986","36","183946462"
"chr1","185712650","185712937","KN297452v1","2217950","2218238","33","183494700"
"chr1","185714630","185714931","KN295430v1","2554896","2555197","29","183159734"
"chr1","185715545","185715861","KN294630v1","549363","549684","52","185166182"
"chr1","185736038","185736346","KN295352v1","1484798","1485106","29","184251240"
"chr1","185737093","185737402","KN295962v1","2329043","2329352","40","183408050"
"chr1","185777321","185777627","KN295244v1","882642","882949","37","184894679"
"chr1","185811454","185811730","KN296110v1","34711","34985","45","185776743"
"chr1","185813248","185813557","KN295610v1","501770","502075","44","185311478"
"chr1","185843568","185843848","KN295045v1","493475","493752","44","185350093"
"chr1","185861650","185861962","KN295352v1","1611287","1611587","34","184250363"
"chr1","185945838","185946099","KN294899v1","537119","537380","36","185408719"
"chr1","186094972","186095256","KN296138v1","3145","3429","37","186091827"
"chr1","186364312","186364608","KN295282v1","105605","105903","36","186258707"
"chr1","186366021","186366331","KN296484v1","351750","352061","33","186014271"
"chr1","186414979","186415263","KN295459v1","1182376","1182658","35","185232603"
"chr1","186501940","186502237","KN295941v1","2380118","2380415","33","184121822"
"chr1","186538989","186539297","KN295941v1","2343371","2343679","22","184195618"
"chr1","186564642","186564952","KN295941v1","2317050","2317359","22","184247592"
"chr1","186598972","186599269","KN295592v1","2099246","2099542","48","184499726"
"chr1","186605948","186606242","KN294456v1","1098138","1098439","40","185507810"
"chr1","186669871","186670155","KN295941v1","2210570","2210864","30","184459301"
"chr1","186752850","186753150","KN295941v1","2120496","2120783","28","184632354"
"chr1","186758260","186758536","KN295941v1","2114277","2114550","39","184643983"
"chr1","186783023","186783278","KN295382v1","35958","36220","46","186747065"
"chr1","186798710","186798986","KN295941v1","2069281","2069557","29","184729429"
"chr1","186850638","186850933","KN295941v1","2026351","2026648","26","184824287"
"chr1","186922182","186922438","KN296495v1","2459949","2460212","33","184462233"
"chr1","186975071","186975368","KN295941v1","1907298","1907595","21","185067773"
"chr1","187090345","187090658","KN295941v1","1792320","1792635","32","185298025"
"chr1","187289549","187289858","KN296934v1","840937","841246","66","186448612"
"chr1","187343362","187343667","KN294911v1","2842843","2843153","40","184500519"
"chr1","187364294","187364594","KN295941v1","1523646","1523947","27","185840648"
"chr1","187589476","187589776","KN295941v1","1292182","1292486","21","186297294"
"chr1","187625769","187626069","KN295941v1","1255749","1256046","29","186370020"
"chr1","187840382","187840685","KN296153v1","1336190","1336496","35","186504192"
"chr1","187875422","187875714","KN294613v1","562013","562309","43","187313409"
"chr1","187881853","187882148","KN295941v1","1002284","1002571","30","186879569"
"chr1","187897819","187898126","KN295941v1","986351","986662","33","186911468"
"chr1","187943826","187944130","KN295941v1","938420","938734","50","187005406"
"chr1","187954864","187955144","KN297190v1","6531550","6531835","47","181423314"
"chr1","187955755","187955960","KN296426v1","64367","64561","53","187891388"
"chr1","187961284","187961577","KN295257v1","840592","840882","37","187120692"
"chr1","188062744","188063046","KN295941v1","813099","813395","28","187249645"
"chr1","188103317","188103612","KN297197v1","699015","699311","36","187404302"
"chr1","188123346","188123638","KN295941v1","759480","759777","28","187363866"
"chr1","188180301","188180590","KN297112v1","4708883","4709170","38","183471418"
"chr1","188197777","188198109","KN296311v1","3556438","3556761","50","184641339"
"chr1","188216824","188217122","KN294372v1","2629158","2629456","36","185587666"
"chr1","188225785","188226102","KN296187v1","2337683","2337985","70","185888102"
"chr1","188285561","188285841","KN295941v1","595267","595550","23","187690294"
"chr1","188416271","188416566","KN295941v1","460936","461231","23","187955335"
"chr1","188469916","188470227","KN294172v1","6919586","6919894","40","181550330"
"chr1","188555693","188556002","KN296119v1","640145","640454","50","187915548"
"chr1","188754574","188754859","KN295941v1","116034","116333","35","188638540"
"chr1","188759636","188759942","KN296635v1","2387021","2387331","37","186372615"
"chr1","188816540","188816835","KN297190v1","4122292","4122589","44","184694248"
"chr1","188917843","188918140","KN294911v1","2646845","2647138","38","186270998"
"chr1","188928086","188928396","KN295533v1","1966828","1967135","32","186961258"
"chr1","188928472","188928766","KN295236v1","3589165","3589460","38","185339307"
"chr1","188965135","188965427","KN294578v1","105400","105689","35","188859735"
"chr1","188977465","188977754","KN294578v1","122431","122711","30","188855034"
"chr1","189017249","189017525","KN294578v1","159397","159675","32","188857852"
"chr1","189017586","189017837","KN295717v1","1445363","1445625","42","187572223"
"chr1","189103236","189103530","KN294578v1","240199","240493","21","188863037"
"chr1","189107560","189107863","KN294578v1","244497","244807","35","188863063"
"chr1","189125039","189125352","KN296880v1","293276","293589","53","188831763"
"chr1","189141536","189141822","KN294181v1","1462427","1462712","43","187679109"
"chr1","189194423","189194699","KN294578v1","335832","336098","32","188858591"
"chr1","189246657","189246957","KN294578v1","394159","394452","28","188852498"
"chr1","189273303","189273601","KN296916v1","318615","318913","34","188954688"
"chr1","189289688","189289981","KN295729v1","826689","826980","34","188462999"
"chr1","189319686","189320000","KN294278v1","138005","138315","38","189181681"
"chr1","189337862","189338166","KN294578v1","489461","489771","33","188848401"
"chr1","189374944","189375250","KN294578v1","529289","529601","33","188845655"
"chr1","189382151","189382443","KN294578v1","536585","536876","11","188845566"
"chr1","189407207","189407526","KN295405v1","1404748","1405060","45","188002459"
"chr1","189412642","189412937","KN294578v1","567459","567755","33","188845183"
"chr1","189454392","189454701","KN294644v1","168562","168865","42","189285830"
"chr1","189459247","189459542","KN294470v1","2136945","2137241","34","187322302"
"chr1","189490215","189490498","KN294578v1","648261","648548","27","188841954"
"chr1","189499604","189499905","KN294705v1","186396","186702","31","189313208"
"chr1","189504733","189505032","KN294693v1","725536","725835","41","188779197"
"chr1","189507825","189508116","KN294147v1","1191891","1192182","37","188315934"
"chr1","189511701","189512004","KN297154v1","1039874","1040175","37","188471827"
"chr1","189534360","189534669","KN294578v1","691648","691944","33","188842712"
"chr1","189591261","189591567","KN294578v1","756049","756356","22","188835212"
"chr1","189626244","189626537","KN296959v1","1919487","1919779","22","187706757"
"chr1","189655670","189655977","KN296484v1","351750","352061","31","189303920"
"chr1","189732373","189732664","KN296959v1","1814790","1815079","33","187917583"
"chr1","189835117","189835412","KN296959v1","1703126","1703413","40","188131991"
"chr1","189851891","189852196","KN296959v1","1683420","1683722","33","188168471"
"chr1","189913835","189914144","KN296959v1","1610341","1610649","30","188303494"
"chr1","189963111","189963409","KN295198v1","274974","275272","33","189688137"
"chr1","190109377","190109688","KN296959v1","1428555","1428858","31","188680822"
"chr1","190123454","190123790","KN294387v1","3351311","3351643","41","186772143"
"chr1","190171280","190171585","KN296311v1","4718138","4718441","41","185453142"
"chr1","190196900","190197231","KN296959v1","1350845","1351154","39","188846055"
"chr1","190201249","190201522","KN296959v1","1345914","1346196","30","188855335"
"chr1","190298347","190298650","KN294991v1","1014370","1014671","42","189283977"
"chr1","190305756","190306042","KN296959v1","1239675","1239960","28","189066081"
"chr1","190319157","190319467","KN296959v1","1227480","1227787","30","189091677"
"chr1","190345889","190346053","KN296959v1","1198628","1198799","22","189147261"
"chr1","190360332","190360634","KN296635v1","4572120","4572425","35","185788212"
"chr1","190371391","190371698","KN296404v1","1183469","1183770","36","189187922"
"chr1","190393202","190393445","KN296036v1","300943","301205","47","190092259"
"chr1","190409687","190409957","KN296959v1","1134391","1134660","16","189275296"
"chr1","190423250","190423535","KN296959v1","1120904","1121197","31","189302346"
"chr1","190439707","190440034","KN296959v1","1103777","1104083","46","189335930"
"chr1","190440038","190440329","KN296959v1","1103482","1103773","27","189336556"
"chr1","190464600","190464909","KN296090v1","89328","89638","41","190375272"
"chr1","190468116","190468405","KN296959v1","1069226","1069524","32","189398890"
"chr1","190497271","190497567","KN296959v1","1039371","1039672","26","189457900"
"chr1","190502268","190502578","KN296959v1","1034348","1034664","31","189467920"
"chr1","190515353","190515636","KN295236v1","5478328","5478616","41","185037025"
"chr1","190562802","190563101","KN294561v1","1084406","1084703","35","189478396"
"chr1","190575807","190576113","KN296959v1","967397","967699","24","189608410"
"chr1","190578087","190578327","KN295405v1","757351","757593","41","189820736"
"chr1","190581217","190581515","KN296308v1","1003598","1003892","40","189577619"
"chr1","190600214","190600502","KN296959v1","940138","940432","32","189660076"
"chr1","190602247","190602539","KN296959v1","938113","938412","26","189664134"
"chr1","190624526","190624817","KN296959v1","917091","917391","36","189707435"
"chr1","190637079","190637178","KN296311v1","3240670","3240772","19","187396409"
"chr1","190637235","190637424","KN294569v1","786615","786806","38","189850620"
"chr1","190670894","190671202","KN296959v1","871274","871566","37","189799620"
"chr1","190672758","190673054","KN296959v1","869393","869688","23","189803365"
"chr1","190677429","190677726","KN296311v1","7935032","7935336","37","182742397"
"chr1","190681185","190681504","KN296178v1","8073","8382","48","190673112"
"chr1","190684183","190684364","KN297442v1","1659397","1659581","30","189024786"
"chr1","190700974","190701258","KN294365v1","2026807","2027091","36","188674167"
"chr1","190709020","190709289","KN295722v1","1904349","1904617","37","188804671"
"chr1","190709796","190710091","KN294561v1","1084406","1084703","31","189625390"
"chr1","190724864","190725162","KN294407v1","3027269","3027567","33","187697595"
"chr1","190762110","190762391","KN296959v1","777859","778139","23","189984251"
"chr1","190772668","190772979","KN297023v1","480259","480560","42","190292409"
"chr1","190798298","190798569","KN296959v1","740843","741112","15","190057455"
"chr1","190802946","190803241","KN295995v1","822193","822479","46","189980753"
"chr1","190867194","190867496","KN296959v1","681077","681378","31","190186117"
"chr1","190894729","190894907","KN295633v1","657709","657886","34","190237020"
"chr1","190937700","190938011","KN294592v1","1321409","1321720","37","189616291"
"chr1","190940125","190940415","KN296096v1","838711","839001","34","190101414"
"chr1","190944672","190944967","KN296496v1","988332","988629","46","189956340"
"chr1","191020980","191021282","KN296959v1","530450","530759","29","190490530"
"chr1","191021992","191022289","KN296959v1","529411","529717","36","190492581"
"chr1","191026832","191027133","KN296959v1","524507","524816","29","190502325"
"chr1","191067756","191068055","KN296588v1","289027","289334","47","190778729"
"chr1","191115634","191115938","KN296178v1","892526","892831","34","190223108"
"chr1","191118349","191118657","KN295090v1","2388547","2388856","39","188729802"
"chr1","191141413","191141709","KN296322v1","1312799","1313095","37","189828614"
"chr1","191148315","191148611","KN296959v1","398137","398438","45","190750178"
"chr1","191156257","191156556","KN297245v1","1416081","1416379","32","189740176"
"chr1","191174177","191174494","KN296959v1","371684","371999","31","190802493"
"chr1","191191360","191191665","KN295433v1","250702","251008","34","190940658"
"chr1","191236077","191236370","KN296959v1","309913","310204","22","190926164"
"chr1","191244008","191244314","KN294603v1","111945","112247","42","191132063"
"chr1","191267253","191267565","KN296959v1","276351","276662","26","190990902"
"chr1","191292683","191292956","KN296959v1","250211","250497","36","191042472"
"chr1","191294658","191294954","KN296959v1","247322","247608","38","191047336"
"chr1","191315786","191316090","KN296955v1","951156","951462","46","190364630"
"chr1","191318388","191318694","KN294831v1","581586","581892","31","190736802"
"chr1","191329433","191329734","KN296108v1","367713","368015","55","190961720"
"chr1","191341900","191342141","KN296311v1","4870434","4870674","43","186471466"
"chr1","191367793","191368081","KN294239v1","344639","344929","36","191023154"
"chr1","191394857","191395151","KN296959v1","148408","148703","17","191246449"
"chr1","191416429","191416729","KN296959v1","125937","126239","26","191290492"
"chr1","191425033","191425328","KN296959v1","116436","116734","27","191308597"
"chr1","191442522","191442795","KN296959v1","98147","98432","31","191344375"
"chr1","191445973","191446271","KN296959v1","94606","94911","19","191351367"
"chr1","191466518","191466811","KN296959v1","71609","71905","22","191394909"
"chr1","191467060","191467378","KN294761v1","363307","363610","55","191103753"
"chr1","191491415","191491710","KN296959v1","47758","48061","33","191443657"
"chr1","191521625","191521955","KN294172v1","2574859","2575166","62","188946766"
"chr1","191534920","191535232","KN296959v1","12102","12411","17","191522818"
"chr1","191544374","191544683","KN295922v1","130002","130315","45","191414372"
"chr1","191548979","191549278","KN296011v1","399542","399850","42","191149437"
"chr1","191572901","191573159","KN295315v1","1906739","1907007","43","189666162"
"chr1","191587901","191588213","KN296011v1","365173","365486","20","191222728"
"chr1","191590015","191590318","KN296011v1","363170","363479","26","191226845"
"chr1","191622637","191622928","KN296011v1","330647","330936","23","191291990"
"chr1","191628961","191629269","KN294879v1","124236","124543","34","191504725"
"chr1","191658253","191658556","KN296011v1","296463","296760","39","191361790"
"chr1","191693699","191693991","KN296011v1","263189","263483","22","191430510"
"chr1","191703020","191703326","KN296011v1","254207","254513","17","191448813"
"chr1","191738689","191738980","KN296011v1","219710","220002","27","191518979"
"chr1","191765251","191765561","KN297095v1","489985","490296","43","191275266"
"chr1","191832541","191832846","KN297197v1","699015","699311","43","191133526"
"chr1","191837432","191837729","KN296011v1","132127","132422","24","191705305"
"chr1","191877207","191877500","KN295692v1","1389864","1390157","39","190487343"
"chr1","191885893","191886199","KN294161v1","311681","311990","40","191574212"
"chr1","191893915","191894216","KN296011v1","85636","85937","28","191808279"
"chr1","191913958","191914243","KN296011v1","69611","69882","30","191844347"
"chr1","191931086","191931391","KN296011v1","52257","52541","39","191878829"
"chr1","191932288","191932595","KN295315v1","2398145","2398452","38","189534143"
"chr1","191934215","191934557","KN295596v1","3344205","3344548","60","188590010"
"chr1","191938475","191938735","KN295633v1","2562201","2562470","39","189376274"
"chr1","191939127","191939433","KN294911v1","3763985","3764286","38","188175142"
"chr1","191946333","191946624","KN295361v1","824524","824814","36","191121809"
"chr1","191949220","191949517","KN295343v1","729289","729587","44","191219931"
"chr1","191969756","191969807","KN294187v1","1105507","1105554","13","190864249"
"chr1","191970433","191970620","KN296426v1","64367","64561","39","191906066"
"chr1","191984014","191984298","KN296732v1","3162654","3162936","38","188821360"
"chr1","191994121","191994416","KN297026v1","20408","20707","26","191973713"
"chr1","192011369","192011670","KN294790v1","2412598","2412898","45","189598771"
"chr1","192017268","192017571","KN296210v1","596068","596367","46","191421200"
"chr1","192033465","192033768","KN296244v1","661876","662181","33","191371589"
"chr1","192040050","192040372","KN297026v1","55734","56046","43","191984316"
"chr1","192049984","192050278","KN295729v1","826689","826980","41","191223295"
"chr1","192067691","192067995","KN296635v1","3876048","3876352","41","188191643"
"chr1","192081196","192081487","KN294470v1","2136945","2137241","39","189944251"
"chr1","192085196","192085476","KN295366v1","124181","124471","45","191961015"
"chr1","192094219","192094414","KN297026v1","110289","110476","37","191983930"
"chr1","192115692","192115986","KN296547v1","396597","396892","40","191719095"
"chr1","192176927","192177066","KN295666v1","773224","773378","37","191403703"
"chr1","192189792","192190078","KN297026v1","188578","188865","26","192001214"
"chr1","192205324","192205627","KN297026v1","208588","208873","32","191996736"
"chr1","192208531","192208830","KN296072v1","39765","40067","30","192168766"
"chr1","192210069","192210355","KN296508v1","659940","660226","37","191550129"
"chr1","192246750","192247047","KN297026v1","254427","254723","29","191992323"
"chr1","192248175","192248436","KN296036v1","300943","301205","39","191947232"
"chr1","192305032","192305338","KN297026v1","309112","309422","33","191995920"
"chr1","192315062","192315359","KN295304v1","165565","165862","37","192149497"
"chr1","192328234","192328544","KN297026v1","332746","333055","31","191995488"
"chr1","192333562","192333848","KN296460v1","632559","632846","44","191701003"
"chr1","192351851","192352142","KN297026v1","352156","352461","39","191999695"
"chr1","192377556","192377852","KN297026v1","379005","379303","35","191998551"
"chr1","192386627","192386871","KN295405v1","757351","757593","37","191629276"
"chr1","192434571","192434884","KN295995v1","286864","287174","38","192147707"
"chr1","192445550","192445856","KN297026v1","446088","446406","36","191999462"
"chr1","192460164","192460497","KN294536v1","1867889","1868199","59","190592275"
"chr1","192491203","192491514","KN297026v1","487740","488053","43","192003463"
"chr1","192525143","192525454","KN296153v1","2672649","2672955","41","189852494"
"chr1","192629173","192629478","KN295607v1","4377455","4377758","35","188251718"
"chr1","192631939","192632162","KN297026v1","624274","624488","26","192007665"
"chr1","192739260","192739536","KN295596v1","13275","13555","47","192725985"
"chr1","192784402","192784707","KN296809v1","909370","909660","48","191875032"
"chr1","192796453","192796762","KN297026v1","773016","773314","32","192023437"
"chr1","192813941","192814228","KN297026v1","794632","794919","22","192019309"
"chr1","192900907","192901212","KN297154v1","831565","831869","34","192069342"
"chr1","193238296","193238608","KN296992v1","67464","67775","46","193170832"
"chr1","193249102","193249396","KN294539v1","2083944","2084246","46","191165158"
"chr1","193269721","193270028","KN294761v1","363307","363610","37","192906414"
"chr1","193290349","193290629","KN297026v1","1281445","1281733","28","192008904"
"chr1","193292871","193293169","KN295841v1","494485","494787","40","192798386"
"chr1","193334414","193334747","KN294235v1","8249","8590","55","193326165"
"chr1","193376700","193377009","KN297026v1","1367214","1367521","23","192009486"
"chr1","193409198","193409503","KN294187v1","783464","783769","35","192625734"
"chr1","193420006","193420295","KN294561v1","517718","518010","40","192902288"
"chr1","193441006","193441317","KN295366v1","78980","79290","35","193362026"
"chr1","193527006","193527291","KN295092v1","133862","134145","37","193393144"
"chr1","193548270","193548580","KN297026v1","1538705","1539014","28","192009565"
"chr1","193603851","193604164","KN294957v1","62097","62408","35","193541754"
"chr1","193620106","193620418","KN297026v1","1613783","1614099","24","192006323"
"chr1","193633533","193633837","KN297026v1","1627177","1627468","36","192006356"
"chr1","193673160","193673463","KN297026v1","1665759","1666054","30","192007401"
"chr1","193733489","193733799","KN297026v1","1727463","1727769","24","192006026"
"chr1","193751240","193751520","KN297026v1","1745069","1745350","23","192006171"
"chr1","193771081","193771323","KN295405v1","757351","757593","41","193013730"
"chr1","193780398","193780694","KN297026v1","1768423","1768719","29","192011975"
"chr1","193786650","193786972","KN297026v1","1775634","1775935","44","192011016"
"chr1","193823490","193823794","KN297023v1","480259","480560","36","193343231"
"chr1","193875234","193875536","KN297026v1","1859888","1860182","28","192015346"
"chr1","193907123","193907455","KN297026v1","1894876","1895201","49","192012247"
"chr1","193953967","193954283","KN297026v1","1943339","1943659","28","192010628"
"chr1","193959208","193959520","KN297026v1","1948701","1949010","24","192010507"
"chr1","193987231","193987534","KN295433v1","250702","251008","40","193736529"
"chr1","194094927","194095238","KN296158v1","835176","835486","39","193259751"
"chr1","194127534","194127849","KN296484v1","351750","352061","44","193775784"
"chr1","194146566","194146870","KN294785v1","36238","36548","33","194110328"
"chr1","194221857","194222112","KN294767v1","53661","53928","33","194168196"
"chr1","194303168","194303479","KN294767v1","133745","134049","31","194169423"
"chr1","194325569","194325889","KN296119v1","640145","640454","49","193685424"
"chr1","194347165","194347464","KN294325v1","869926","870221","44","193477239"
"chr1","194353899","194354218","KN294767v1","187615","187918","43","194166284"
"chr1","194355217","194355519","KN296577v1","778598","778910","46","193576619"
"chr1","194365021","194365305","KN294685v1","407085","407372","37","193957936"
"chr1","194377093","194377398","KN297327v1","811573","811871","39","193565520"
"chr1","194497624","194497894","KN294251v1","1151512","1151787","60","193346112"
"chr1","194595118","194595360","KN294767v1","428698","428962","39","194166420"
"chr1","194655556","194655854","KN297245v1","1416081","1416379","31","193239475"
"chr1","194720878","194721161","KN294767v1","565418","565701","22","194155460"
"chr1","194733803","194734105","KN294767v1","579301","579605","27","194154502"
"chr1","194787851","194788144","KN294407v1","3027269","3027567","31","191760582"
"chr1","194790243","194790547","KN294603v1","63949","64255","36","194726294"
"chr1","194872690","194872995","KN297154v1","1039874","1040175","33","193832816"
"chr1","194880948","194881253","KN294470v1","2878982","2879283","47","192001966"
"chr1","194888119","194888408","KN294767v1","736258","736554","26","194151861"
"chr1","194975316","194975619","KN294548v1","1161001","1161308","40","193814315"
"chr1","195005946","195006110","KN295667v1","1026814","1026972","34","193979132"
"chr1","195061233","195061545","KN294767v1","907367","907668","41","194153866"
"chr1","195431192","195431477","KN297046v1","1720911","1721193","37","193710281"
"chr1","195756905","195757202","KN294279v1","693226","693531","34","195063679"
"chr1","195786107","195786364","KN296557v1","539054","539316","50","195247053"
"chr1","195842503","195842829","KN296460v1","119303","119632","48","195723200"
"chr1","195907065","195907307","KN295735v1","493338","493578","40","195413727"
"chr1","195908400","195908695","KN294279v1","540709","541020","41","195367691"
"chr1","195909589","195909893","KN296404v1","2379696","2380001","34","193529893"
"chr1","195999100","195999392","KN294279v1","448897","449183","28","195550203"
"chr1","196004488","196004788","KN297023v1","480259","480560","35","195524229"
"chr1","196054908","196055200","KN297320v1","271981","272275","35","195782927"
"chr1","196073198","196073489","KN295729v1","826689","826980","28","195246509"
"chr1","196077065","196077364","KN294279v1","369544","369843","27","195707521"
"chr1","196108780","196109075","KN294279v1","336603","336895","37","195772177"
"chr1","196121339","196121627","KN295523v1","2742970","2743265","52","193378369"
"chr1","196230280","196230592","KN294279v1","212448","212759","27","196017832"
"chr1","196251206","196251518","KN295883v1","314740","315051","36","195936466"
"chr1","196348410","196348716","KN296158v1","1175251","1175559","37","195173159"
"chr1","196384899","196385208","KN297442v1","1612430","1612738","45","194772469"
"chr1","196410440","196410751","KN295074v1","343353","343661","37","196067087"
"chr1","196410765","196411072","KN295929v1","457065","457374","36","195953700"
"chr1","196483389","196483690","KN297133v1","1603609","1603918","41","194879780"
"chr1","196560740","196561044","KN295735v1","994649","994952","41","195566091"
"chr1","196595577","196595885","KN294761v1","363307","363610","38","196232270"
"chr1","196610485","196610793","KN294235v1","139027","139342","34","196471458"
"chr1","196647874","196648173","KN296109v1","18856","19155","39","196629018"
"chr1","196656466","196656777","KN296484v1","351750","352061","36","196304716"
"chr1","196675478","196675777","KN297095v1","1356531","1356825","41","195318947"
"chr1","196714021","196714218","KN294172v1","5723758","5723953","36","190990263"
"chr1","196717068","196717377","KN294235v1","243229","243534","22","196473839"
"chr1","196788355","196788657","KN294235v1","314258","314566","27","196474097"
"chr1","196807868","196808147","KN296040v1","275719","276000","44","196532149"
"chr1","196820027","196820322","KN294235v1","346285","346580","24","196473742"
"chr1","196827334","196827622","KN294235v1","353567","353845","31","196473767"
"chr1","196831325","196831616","KN294235v1","357539","357822","37","196473786"
"chr1","196835833","196836129","KN294181v1","1424178","1424469","36","195411655"
"chr1","196837739","196838016","KN296883v1","507459","507723","53","196330280"
"chr1","196839560","196839775","KN295977v1","1276894","1277103","43","195562666"
"chr1","196854247","196854556","KN294235v1","380485","380790","40","196473762"
"chr1","196874270","196874569","KN295075v1","197535","197834","36","196676735"
"chr1","196884345","196884630","KN297458v1","476217","476510","42","196408128"
"chr1","196884631","196884931","KN294172v1","5828976","5829275","42","191055655"
"chr1","196898521","196898803","KN294235v1","414125","414412","32","196484396"
"chr1","196924800","196925074","KN294235v1","439219","439493","18","196485581"
"chr1","196939963","196940261","KN294147v1","1327198","1327496","39","195612765"
"chr1","196958197","196958488","KN294235v1","474126","474417","19","196484071"
"chr1","196970614","196970901","KN294235v1","487674","487961","18","196482940"
"chr1","196978154","196978449","KN294235v1","492779","493075","24","196485375"
"chr1","197099420","197099721","KN295439v1","83349","83650","36","197016071"
"chr1","197139550","197139844","KN294235v1","657562","657860","32","196481988"
"chr1","197189815","197190110","KN294205v1","122676","122974","34","197067139"
"chr1","197239714","197240032","KN294235v1","755609","755913","48","196484105"
"chr1","197365767","197365933","KN294713v1","386007","386172","24","196979760"
"chr1","197419626","197419925","KN294235v1","938157","938443","37","196481469"
"chr1","197544255","197544562","KN296357v1","653990","654295","37","196890265"
"chr1","197565782","197566095","KN296406v1","250415","250727","38","197315367"
"chr1","197584639","197584932","KN294987v1","1477069","1477366","31","196107570"
"chr1","197602996","197603304","KN294235v1","1114543","1114854","33","196488453"
"chr1","197622314","197622616","KN294837v1","444660","444962","49","197177654"
"chr1","197689389","197689715","KN295573v1","1028299","1028621","49","196661090"
"chr1","197702379","197702694","KN295717v1","1397887","1398198","48","196304492"
"chr1","197790502","197790802","KN296100v1","146889","147178","34","197643613"
"chr1","197911200","197911480","KN296100v1","270369","270652","29","197640831"
"chr1","197935993","197936306","KN296100v1","302144","302466","44","197633849"
"chr1","198044703","198045024","KN296100v1","420029","420341","37","197624674"
"chr1","198047763","198048059","KN294172v1","6311128","6311420","37","191736635"
"chr1","198058548","198058853","KN296158v1","1175251","1175559","48","196883297"
"chr1","198216713","198217011","KN296100v1","603494","603796","31","197613219"
"chr1","198227188","198227481","KN294644v1","51654","51945","39","198175534"
"chr1","198251745","198251915","KN296424v1","29778","29940","38","198221967"
"chr1","198478363","198478676","KN296485v1","145609","145914","53","198332754"
"chr1","198511653","198511959","KN296153v1","1090111","1090408","44","197421542"
"chr1","198524095","198524331","KN295405v1","757351","757593","50","197766744"
"chr1","198636811","198637119","KN295929v1","457065","457374","38","198179746"
"chr1","198651079","198651353","KN296486v1","1167419","1167692","40","197483660"
"chr1","198690147","198690439","KN294292v1","84116","84416","61","198606031"
"chr1","198717848","198718154","KN295326v1","192748","193053","42","198525100"
"chr1","198837950","198838244","KN295729v1","826689","826980","31","198011261"
"chr1","198892332","198892638","KN297133v1","962541","962849","46","197929791"
"chr1","199086194","199086504","KN295236v1","35793","36099","40","199050401"
"chr1","199089641","199089904","KN295243v1","1473974","1474238","38","197615667"
"chr1","199105282","199105573","KN294917v1","401690","401984","33","198703592"
"chr1","199150563","199150865","KN297159v1","1154542","1154843","39","197996021"
"chr1","199154022","199154322","KN296294v1","38754","39051","23","199115268"
"chr1","199181800","199182097","KN296294v1","66586","66886","35","199115214"
"chr1","199194153","199194450","KN296620v1","349918","350214","33","198844235"
"chr1","199216025","199216223","KN294325v1","144579","144772","53","199071446"
"chr1","199216725","199216987","KN294899v1","537119","537380","43","198679606"
"chr1","199228406","199228710","KN294790v1","163386","163690","32","199065020"
"chr1","199236719","199237011","KN296821v1","38751","39052","37","199197968"
"chr1","199242721","199242925","KN296812v1","527877","528085","35","198714844"
"chr1","199249952","199250244","KN294561v1","1084406","1084703","31","198165546"
"chr1","199263148","199263435","KN295735v1","822355","822644","30","198440793"
"chr1","199263541","199263799","KN294218v1","2753577","2753834","41","196509964"
"chr1","199267839","199268021","KN296357v1","743378","743561","29","198524461"
"chr1","199272862","199273166","KN296486v1","1266538","1266834","43","198006324"
"chr1","199314584","199314881","KN296294v1","223928","224225","20","199090656"
"chr1","199323783","199324066","KN294193v1","568677","568960","42","198755106"
"chr1","199374803","199375080","KN294161v1","967844","968119","42","198406959"
"chr1","199382123","199382412","KN296294v1","287035","287324","21","199095088"
"chr1","199428810","199429116","KN295487v1","52973","53281","41","199375837"
"chr1","199437595","199437895","KN297023v1","480259","480560","40","198957336"
"chr1","199495989","199496298","KN294499v1","1702808","1703112","37","197793181"
"chr1","199497341","199497640","KN295633v1","323295","323596","36","199174046"
"chr1","199507682","199507993","KN296056v1","12650","12959","34","199495032"
"chr1","199560556","199560857","KN296187v1","906348","906646","45","198654208"
"chr1","199576567","199576876","KN295090v1","242110","242415","33","199334457"
"chr1","199651810","199652085","KN295474v1","1438594","1438859","47","198213216"
"chr1","199653701","199654017","KN296635v1","4969030","4969343","44","194684671"
"chr1","199662012","199662310","KN296294v1","547959","548266","34","199114053"
"chr1","199664104","199664401","KN296294v1","550097","550399","23","199114007"
"chr1","199720908","199721217","KN296294v1","606711","607017","24","199114197"
"chr1","199764572","199764867","KN296062v1","2174335","2174631","36","197590237"
"chr1","199772119","199772425","KN296294v1","654170","654481","35","199117949"
"chr1","199848302","199848582","KN296294v1","737957","738241","27","199110345"
"chr1","199925936","199926228","KN296294v1","815447","815744","30","199110489"
"chr1","199996424","199996725","KN294548v1","1161001","1161308","36","198835423"
"chr1","200036762","200037072","KN296484v1","351750","352061","46","199685012"
"chr1","200099158","200099451","KN295835v1","84846","85139","31","200014312"
"chr1","200209937","200210096","KN296187v1","2142385","2142543","22","198067552"
"chr1","200309001","200309292","KN297197v1","699015","699311","44","199609986"
"chr1","200380219","200380502","KN294570v1","116175","116454","36","200264044"
"chr1","200438312","200438534","KN296263v1","107832","108045","38","200330480"
"chr1","200444118","200444420","KN296682v1","3987730","3988032","45","196456388"
"chr1","200759974","200760279","KN296953v1","26077","26391","60","200733897"
"chr1","200804048","200804339","KN294790v1","504293","504587","47","200299755"
"chr1","200809090","200809404","KN296498v1","95172","95471","48","200713918"
"chr1","200884036","200884334","KN296011v1","34273","34572","42","200849763"
"chr1","201097202","201097527","KN295965v1","56329","56646","44","201040873"
"chr1","201130510","201130820","KN295965v1","22955","23265","25","201107555"
"chr1","201231052","201231353","KN295295v1","88562","88866","36","201142490"
"chr1","201430747","201431005","KN295157v1","174868","175137","59","201255879"
"chr1","201441076","201441375","KN296109v1","319876","320175","37","201121200"
"chr1","201477097","201477386","KN297406v1","906","1197","36","201476191"
"chr1","201532356","201532638","KN296508v1","1887999","1888284","34","199644357"
"chr1","201540327","201540635","KN295735v1","1160753","1161064","33","200379574"
"chr1","201748832","201749125","KN296795v1","1228994","1229286","43","200519838"
"chr1","201770844","201771067","KN297186v1","50383","50628","50","201720461"
"chr1","201776484","201776784","KN296316v1","265694","265986","33","201510790"
"chr1","201777528","201777812","KN295459v1","1621495","1621779","40","200156033"
"chr1","201779960","201780260","KN296316v1","273134","273441","34","201506826"
"chr1","201797105","201797397","KN296596v1","295533","295823","45","201501572"
"chr1","201838631","201838943","KN294378v1","1504358","1504668","34","200334273"
"chr1","201853425","201853714","KN294187v1","158362","158655","41","201695063"
"chr1","201891408","201891678","KN294705v1","281500","281763","42","201609908"
"chr1","201964039","201964348","KN296503v1","58212","58521","36","201905827"
"chr1","201988207","201988503","KN296308v1","1003598","1003892","38","200984609"
"chr1","202010740","202011048","KN294443v1","748247","748547","48","201262493"
"chr1","202038903","202039209","KN296311v1","7737651","7737955","37","194301252"
"chr1","202077466","202077784","KN294603v1","63949","64255","41","202013517"
"chr1","202087319","202087611","KN294365v1","1159060","1159360","45","200928259"
"chr1","202089355","202089655","KN294346v1","339338","339633","37","201750017"
"chr1","202093255","202093562","KN295236v1","1032328","1032630","37","201060927"
"chr1","202108010","202108304","KN294526v1","334958","335253","39","201773052"
"chr1","202166282","202166593","KN296938v1","986427","986732","40","201179855"
"chr1","202171451","202171770","KN294239v1","1812920","1813235","56","200358531"
"chr1","202321827","202322116","KN295384v1","84327","84616","21","202237500"
"chr1","202344268","202344574","KN295384v1","57641","57948","25","202286627"
"chr1","202348728","202349027","KN295284v1","49122","49417","47","202299606"
"chr1","202462887","202463176","KN294911v1","2646845","2647138","34","199816042"
"chr1","202709663","202709973","KN296324v1","208410","208720","29","202501253"
"chr1","202800009","202800312","KN294995v1","15599","15901","38","202784410"
"chr1","202860669","202860941","KN296324v1","39398","39687","36","202821271"
"chr1","202867597","202867900","KN296306v1","357971","358279","32","202509626"
"chr1","202948788","202949056","KN295667v1","761203","761468","41","202187585"
"chr1","202971580","202971874","KN295596v1","2518640","2518934","36","200452940"
"chr1","202976267","202976578","KN296153v1","1336190","1336496","38","201640077"
"chr1","202985144","202985456","KN295748v1","161587","161896","50","202823557"
"chr1","202993649","202993946","KN294539v1","1287945","1288241","40","201705704"
"chr1","202994479","202994791","KN294957v1","62097","62408","43","202932382"
"chr1","203004392","203004680","KN294470v1","1887626","1887921","42","201116766"
"chr1","203007288","203007580","KN295034v1","280827","281133","45","202726461"
"chr1","203012682","203012995","KN295459v1","1416836","1417149","45","201595846"
"chr1","203020778","203021078","KN295607v1","4377455","4377758","36","198643323"
"chr1","203025610","203025898","KN296752v1","463929","464221","52","202561681"
"chr1","203033273","203033576","KN295846v1","24517","24819","41","203008756"
"chr1","203049283","203049587","KN294710v1","68748","69053","34","202980535"
"chr1","203122506","203122802","KN294539v1","1287945","1288241","32","201834561"
"chr1","203123532","203123840","KN296153v1","863239","863546","39","202260293"
"chr1","203132155","203132437","KN295366v1","124181","124471","41","203007974"
"chr1","203133067","203133366","KN295995v1","737578","737873","44","202395489"
"chr1","203169453","203169751","KN297245v1","1416081","1416379","39","201753372"
"chr1","203177218","203177511","KN294407v1","157922","158207","50","203019296"
"chr1","203221806","203222113","KN295433v1","250702","251008","41","202971104"
"chr1","203231111","203231382","KN294837v1","377251","377522","48","202853860"
"chr1","203232144","203232442","KN297442v1","1612430","1612738","45","201619714"
"chr1","203240697","203240928","KN294172v1","636691","636924","35","202604006"
"chr1","203246618","203246899","KN294713v1","866445","866715","57","202380173"
"chr1","203257139","203257450","KN296311v1","854862","855163","42","202402277"
"chr1","203271019","203271303","KN295708v1","141057","141345","42","203129962"
"chr1","203281791","203282031","KN295405v1","757351","757593","45","202524440"
"chr1","203289910","203290162","KN294181v1","231837","232086","42","203058073"
"chr1","203290828","203291117","KN295236v1","5608382","5608670","48","197682446"
"chr1","203291724","203292025","KN294873v1","878342","878649","49","202413382"
"chr1","203297210","203297498","KN296153v1","3396900","3397188","42","199900310"
"chr1","203297762","203298067","KN297094v1","39090","39398","39","203258672"
"chr1","203302447","203302720","KN296731v1","688857","689134","38","202613590"
"chr1","203309509","203309821","KN295633v1","2352774","2353077","37","200956735"
"chr1","203330317","203330626","KN294879v1","533741","534047","30","202796576"
"chr1","203334549","203334854","KN294257v1","1771672","1771973","37","201562877"
"chr1","203338866","203339171","KN295459v1","673095","673397","41","202665771"
"chr1","203346841","203347155","KN295814v1","1059254","1059558","53","202287587"
"chr1","203349245","203349556","KN297095v1","2819597","2819906","44","200529648"
"chr1","203350254","203350533","KN296187v1","2254802","2255074","50","201095452"
"chr1","203351776","203352076","KN297023v1","480259","480560","36","202871517"
"chr1","203355805","203356098","KN296153v1","3041230","3041525","36","200314575"
"chr1","203363155","203363465","KN295869v1","487414","487718","44","202875741"
"chr1","203369699","203370002","KN297320v1","1929892","1930187","33","201439807"
"chr1","203372538","203372834","KN295430v1","2554896","2555197","39","200817642"
"chr1","203391359","203391647","KN297398v1","23415","23711","40","203367944"
"chr1","203406656","203406962","KN294842v1","1466394","1466697","34","201940262"
"chr1","203432142","203432421","KN295198v1","96636","96917","47","203335506"
"chr1","203438155","203438431","KN296596v1","124252","124528","39","203313903"
"chr1","203440684","203440986","KN296643v1","57707","58008","38","203382977"
"chr1","203443797","203444088","KN294685v1","188159","188450","43","203255638"
"chr1","203445692","203445991","KN294439v1","207883","208184","43","203237809"
"chr1","203477622","203477930","KN295236v1","4422965","4423270","34","199054657"
"chr1","203482491","203482786","KN294662v1","54879","55172","32","203427612"
"chr1","203489133","203489424","KN294665v1","133847","134138","36","203355286"
"chr1","203509979","203510269","KN295480v1","1302107","1302401","39","202207872"
"chr1","203515362","203515630","KN294705v1","1930561","1930831","41","201584801"
"chr1","203518703","203518999","KN295894v1","871932","872232","37","202646771"
"chr1","203540907","203541215","KN297133v1","1028720","1029024","44","202512187"
"chr1","203542487","203542785","KN296557v1","13515","13811","41","203528972"
"chr1","203555102","203555399","KN296682v1","1930392","1930690","37","201624710"
"chr1","203574816","203575123","KN296311v1","767533","767832","41","202807283"
"chr1","203597199","203597499","KN296442v1","417977","418281","32","203179222"
"chr1","203633351","203633650","KN297154v1","1028437","1028736","41","202604914"
"chr1","203663869","203664193","KN294790v1","5868297","5868622","44","197795572"
"chr1","203745155","203745454","KN296404v1","1150048","1150343","35","202595107"
"chr1","203746814","203747120","KN294879v1","76546","76849","38","203670268"
"chr1","203823605","203823847","KN297008v1","867320","867563","39","202956285"
"chr1","203904969","203905274","KN295119v1","31562","31873","35","203873407"
"chr1","203920119","203920412","KN295119v1","46824","47122","26","203873295"
"chr1","203932940","203933245","KN294187v1","783464","783769","42","203149476"
"chr1","204053112","204053404","KN295573v1","192599","192895","39","203860513"
"chr1","204093940","204094237","KN297219v1","2105164","2105467","51","201988776"
"chr1","204160809","204160981","KN295623v1","399728","399891","29","203761081"
"chr1","204258101","204258393","KN296153v1","1090111","1090408","37","203167990"
"chr1","204279229","204279542","KN294403v1","53886","54193","33","204225343"
"chr1","204325596","204325908","KN294592v1","1321409","1321720","39","203004187"
"chr1","204422383","204422678","KN295596v1","1192030","1192323","33","203230353"
"chr1","204457958","204458258","KN296557v1","13515","13811","33","204444443"
"chr1","204485489","204485798","KN295433v1","250702","251008","41","204234787"
"chr1","204544150","204544451","KN296153v1","3180819","3181114","44","201363331"
"chr1","204551776","204552057","KN296643v1","475078","475369","42","204076698"
"chr1","204649698","204649941","KN295315v1","1209647","1209888","38","203440051"
"chr1","204657583","204657878","KN296754v1","113953","114248","22","204543630"
"chr1","204736328","204736573","KN296754v1","34584","34841","47","204701744"
"chr1","204764625","204764934","KN295601v1","2130762","2131068","43","202633863"
"chr1","204768638","204768942","KN297046v1","2705032","2705331","38","202063606"
"chr1","204776811","204777107","KN294977v1","223481","223777","20","204553330"
"chr1","204779704","204779999","KN296682v1","1930392","1930690","34","202849312"
"chr1","204783622","204783919","KN294911v1","628968","629266","37","204154654"
"chr1","204786941","204787220","KN294977v1","214592","214870","20","204572349"
"chr1","204794800","204795097","KN294977v1","206721","207015","39","204588079"
"chr1","204820293","204820582","KN294977v1","180954","181248","34","204639339"
"chr1","204825945","204826110","KN296580v1","567614","567775","25","204258331"
"chr1","204830052","204830345","KN294172v1","4281730","4282021","37","200548322"
"chr1","204836174","204836460","KN294399v1","275311","275600","42","204560863"
"chr1","204837905","204838181","KN296453v1","1512197","1512470","38","203325708"
"chr1","204840617","204840918","KN294977v1","161882","162175","25","204678735"
"chr1","204852762","204853067","KN294977v1","149359","149667","34","204703403"
"chr1","204854798","204855124","KN296880v1","362816","363124","60","204491982"
"chr1","204880349","204880652","KN295825v1","875942","876247","38","204004407"
"chr1","204906043","204906355","KN297453v1","180245","180551","40","204725798"
"chr1","204911453","204911764","KN296153v1","1336190","1336496","41","203575263"
"chr1","204921686","204921988","KN294977v1","79605","79908","20","204842081"
"chr1","204953487","204953779","KN295835v1","17278","17578","36","204936209"
"chr1","204997596","204997890","KN294977v1","13264","13560","27","204984332"
"chr1","205005286","205005590","KN294977v1","4078","4377","26","205001208"
"chr1","205009040","205009343","KN294367v1","7439","7744","30","205001601"
"chr1","205020327","205020623","KN294536v1","1982438","1982735","16","203037889"
"chr1","205042650","205042948","KN294536v1","1959186","1959478","30","203083464"
"chr1","205059405","205059712","KN296743v1","340869","341174","43","204718536"
"chr1","205061395","205061721","KN294536v1","1939520","1939853","34","203121875"
"chr1","205064088","205064407","KN294536v1","1936525","1936838","34","203127563"
"chr1","205065494","205065806","KN297008v1","1825305","1825608","44","203240189"
"chr1","205071011","205071324","KN294536v1","1929748","1930054","27","203141263"
"chr1","205072571","205072903","KN296460v1","119303","119632","44","204953268"
"chr1","205081173","205081483","KN294536v1","1919176","1919485","27","203161997"
"chr1","205095147","205095451","KN294456v1","592934","593237","34","204502213"
"chr1","205102760","205103063","KN294536v1","1898553","1898867","38","203204207"
"chr1","205106621","205106822","KN296426v1","64367","64561","38","205042254"
"chr1","205115147","205115451","KN294536v1","1886130","1886433","28","203229017"
"chr1","205120310","205120600","KN296588v1","792094","792381","45","204328216"
"chr1","205132108","205132392","KN296682v1","2778456","2778742","42","202353652"
"chr1","205137318","205137616","KN294536v1","1871459","1871764","28","203265859"
"chr1","205144218","205144529","KN294536v1","1867889","1868199","27","203276329"
"chr1","205163484","205163779","KN294407v1","3027269","3027567","34","202136215"
"chr1","205166841","205167128","KN294536v1","1845175","1845471","24","203321666"
"chr1","205176170","205176391","KN296643v1","363205","363447","57","204812965"
"chr1","205179283","205179574","KN294536v1","1834454","1834729","37","203344829"
"chr1","205182559","205182868","KN295907v1","257976","258287","32","204924583"
"chr1","205190669","205190956","KN296386v1","737025","737311","30","204453644"
"chr1","205195616","205195926","KN296153v1","1726800","1727112","40","203468816"
"chr1","205196249","205196531","KN294536v1","1816955","1817231","27","203379294"
"chr1","205197814","205198119","KN297154v1","831565","831869","34","204366249"
"chr1","205198274","205198457","KN297050v1","108848","109038","53","205089426"
"chr1","205199104","205199349","KN294536v1","1815140","1815377","26","203383964"
"chr1","205203736","205204040","KN294536v1","1810474","1810778","22","203393262"
"chr1","205213241","205213525","KN295623v1","474716","475007","42","204738525"
"chr1","205230950","205231245","KN296122v1","346873","347165","23","204884077"
"chr1","205231872","205232060","KN295930v1","759567","759739","74","204472305"
"chr1","205260025","205260335","KN294378v1","1504358","1504668","39","203755667"
"chr1","205266115","205266307","KN295586v1","608897","609082","33","204657218"
"chr1","205266542","205266853","KN294536v1","1739532","1739841","29","203527010"
"chr1","205293202","205293499","KN294536v1","1716708","1717000","37","203576494"
"chr1","205300108","205300390","KN296588v1","954862","955144","42","204345246"
"chr1","205305343","205305642","KN296153v1","1115266","1115561","41","204190077"
"chr1","205315394","205315687","KN295090v1","1516878","1517168","41","203798516"
"chr1","205318041","205318354","KN295962v1","2329043","2329352","33","202988998"
"chr1","205337978","205338272","KN294536v1","1673482","1673773","19","203664496"
"chr1","205366344","205366641","KN294536v1","1643844","1644138","26","203722500"
"chr1","205368866","205369030","KN295623v1","399728","399891","22","204969138"
"chr1","205378483","205378788","KN294536v1","1632759","1633062","20","203745724"
"chr1","205381791","205382116","KN294536v1","1629644","1629935","60","203752147"
"chr1","205384976","205385272","KN294536v1","1623693","1623986","34","203761283"
"chr1","205391775","205392014","KN294172v1","5958734","5958978","50","199433041"
"chr1","205407060","205407362","KN296096v1","3007843","3008147","39","202399217"
"chr1","205408264","205408432","KN294685v1","1346353","1346519","26","204061911"
"chr1","205408996","205409069","KN297184v1","1201756","1201829","8","204207240"
"chr1","205432946","205433243","KN294536v1","1563626","1563929","29","203869320"
"chr1","205435298","205435576","KN295205v1","1144902","1145175","43","204290396"
"chr1","205435612","205435916","KN294375v1","493338","493642","34","204942274"
"chr1","205441188","205441435","KN296849v1","742644","742898","42","204698544"
"chr1","205452097","205452386","KN294536v1","1539221","1539518","27","203912876"
"chr1","205457873","205458189","KN294372v1","639359","639664","48","204818514"
"chr1","205460287","205460596","KN296306v1","272119","272430","34","205188168"
"chr1","205460681","205460980","KN294536v1","1530613","1530908","30","203930068"
"chr1","205464643","205464946","KN294991v1","1014370","1014671","29","204450273"
"chr1","205465759","205466057","KN294536v1","1526318","1526612","33","203939441"
"chr1","205466528","205466826","KN294536v1","1525524","1525821","26","203941004"
"chr1","205482086","205482405","KN294991v1","523003","523313","52","204959083"
"chr1","205488826","205489129","KN297108v1","428912","429223","37","205059914"
"chr1","205497008","205497312","KN294536v1","1495091","1495401","30","204001917"
"chr1","205503575","205503861","KN294536v1","1488526","1488830","42","204015049"
"chr1","205523972","205524264","KN296153v1","1115266","1115561","40","204408706"
"chr1","205613192","205613364","KN296620v1","725178","725346","24","204888014"
"chr1","205624562","205624889","KN296460v1","119303","119632","37","205505259"
"chr1","205630014","205630311","KN295692v1","1497978","1498272","41","204132036"
"chr1","205652379","205652681","KN294536v1","1326003","1326300","42","204326376"
"chr1","205743340","205743513","KN295350v1","130882","131053","25","205612458"
"chr1","205887825","205888123","KN294526v1","334958","335253","32","205552867"
"chr1","205892871","205893178","KN297320v1","1223277","1223582","36","204669594"
"chr1","205901489","205901794","KN294536v1","1071006","1071311","21","204830483"
"chr1","205918756","205919065","KN294536v1","1053786","1054096","22","204864970"
"chr1","205934363","205934674","KN294407v1","2157068","2157379","35","203777295"
"chr1","205937903","205938148","KN294650v1","27651","27917","45","205910252"
"chr1","205955243","205955550","KN294536v1","1018243","1018546","35","204937000"
"chr1","205956456","205956761","KN294536v1","1016964","1017275","39","204939492"
"chr1","205961276","205961570","KN294536v1","1012103","1012402","34","204949173"
"chr1","206018408","206018717","KN295586v1","1244707","1245017","36","204773701"
"chr1","206030251","206030563","KN294536v1","939185","939499","26","205091066"
"chr1","206065608","206065898","KN294536v1","900676","900976","50","205164932"
"chr1","206101601","206101817","KN295406v1","275159","275372","42","205826442"
"chr1","206113575","206113867","KN294536v1","852395","852684","28","205261180"
"chr1","206131426","206131734","KN294536v1","839908","840223","32","205291518"
"chr1","206150475","206150771","KN294457v1","143891","144185","36","206006584"
"chr1","206309769","206310079","KN294536v1","663693","664002","27","205646076"
"chr1","206356971","206357274","KN295433v1","155499","155801","43","206201472"
"chr1","206394054","206394361","KN294536v1","580272","580568","30","205813782"
"chr1","206406338","206406637","KN294264v1","87223","87534","45","206319115"
"chr1","206411377","206411675","KN294536v1","564962","565258","25","205846415"
"chr1","206422803","206423085","KN294536v1","553526","553807","32","205869277"
"chr1","206436085","206436375","KN294536v1","535720","536001","34","205900365"
"chr1","206446656","206446959","KN296495v1","1318150","1318446","39","205128506"
"chr1","206452783","206453088","KN295883v1","173429","173738","32","206279354"
"chr1","206494825","206495128","KN294536v1","481578","481885","33","206013247"
"chr1","206524809","206525006","KN296426v1","64367","64561","49","206460442"
"chr1","206533722","206534016","KN294536v1","445367","445664","26","206088355"
"chr1","206536410","206536699","KN294536v1","438309","438604","30","206098101"
"chr1","206578134","206578420","KN294831v1","254179","254464","40","206323955"
"chr1","206582723","206583013","KN294536v1","390997","391303","29","206191726"
"chr1","206609055","206609358","KN294536v1","362936","363245","29","206246119"
"chr1","206614280","206614584","KN294536v1","356957","357257","21","206257323"
"chr1","206639922","206640214","KN296122v1","312850","313141","27","206327072"
"chr1","206648917","206649219","KN294536v1","321001","321311","27","206327916"
"chr1","206653243","206653543","KN294536v1","316320","316631","21","206336923"
"chr1","206688016","206688303","KN294536v1","268068","268359","26","206419948"
"chr1","206799407","206799719","KN296306v1","272119","272430","38","206527288"
"chr1","206804117","206804404","KN294536v1","36911","37192","26","206767206"
"chr1","206845649","206845958","KN294705v1","1537713","1538021","38","205307936"
"chr1","206921711","206922007","KN297453v1","180245","180551","24","206741466"
"chr1","206932714","206933021","KN297453v1","191364","191673","37","206741350"
"chr1","207069509","207069820","KN297453v1","327640","327957","28","206741869"
"chr1","207170352","207170654","KN297453v1","400523","400829","36","206769829"
"chr1","207173328","207173663","KN295055v1","225285","225614","49","206948043"
"chr1","207223008","207223316","KN297453v1","452949","453252","22","206770059"
"chr1","207279536","207279845","KN297453v1","504113","504422","19","206775423"
"chr1","207282746","207283046","KN296311v1","8317826","8318133","43","198964920"
"chr1","207284099","207284393","KN295523v1","3030953","3031248","40","204253146"
"chr1","207334998","207335308","KN295236v1","844452","844758","39","206490546"
"chr1","207337885","207338130","KN295970v1","49893","50138","43","207287992"
"chr1","207411795","207412099","KN295236v1","35793","36099","50","207376002"
"chr1","207508699","207508996","KN296390v1","173776","174075","31","207334923"
"chr1","207556240","207556533","KN294470v1","2136945","2137241","32","205419295"
"chr1","207584135","207584431","KN297406v1","906","1197","37","207583229"
"chr1","207608825","207609147","KN297184v1","689408","689723","53","206919417"
"chr1","207636113","207636417","KN296390v1","44545","44852","22","207591568"
"chr1","207672156","207672367","KN296357v1","51086","51303","56","207621070"
"chr1","207760017","207760188","KN295623v1","399728","399891","35","207360289"
"chr1","207771418","207771724","KN297165v1","9370","9667","27","207762048"
"chr1","207820592","207820884","KN297165v1","57634","57924","20","207762958"
"chr1","207913789","207914084","KN297165v1","148380","148677","31","207765409"
"chr1","207978611","207978901","KN294287v1","774128","774424","45","207204483"
"chr1","207998367","207998676","KN294668v1","1380340","1380645","36","206618027"
"chr1","208007207","208007518","KN297165v1","233434","233743","28","207773773"
"chr1","208084883","208085171","KN295074v1","201077","201369","38","207883806"
"chr1","208208027","208208306","KN297008v1","4981764","4982047","39","203226263"
"chr1","208220326","208220620","KN294147v1","1191891","1192182","40","207028435"
"chr1","208300812","208301109","KN297165v1","505287","505582","27","207795525"
"chr1","208310770","208311065","KN297165v1","513680","513973","21","207797090"
"chr1","208316014","208316299","KN294257v1","2744602","2744887","41","205571412"
"chr1","208357639","208357954","KN296108v1","36408","36727","51","208321231"
"chr1","208360337","208360641","KN297165v1","561780","562077","27","207798557"
"chr1","208364599","208364896","KN294570v1","18395","18684","45","208346204"
"chr1","208420025","208420315","KN297165v1","619942","620236","30","207800083"
"chr1","208421114","208421388","KN294457v1","205085","205362","37","208216029"
"chr1","208448765","208449056","KN297165v1","649840","650132","28","207798925"
"chr1","208463351","208463627","KN296481v1","98456","98742","39","208364895"
"chr1","208480943","208481239","KN294842v1","192762","193057","38","208288181"
"chr1","208520256","208520339","KN294970v1","297704","297750","43","208222552"
"chr1","208521008","208521124","KN294991v1","1350709","1350830","16","207170299"
"chr1","208540903","208541212","KN297165v1","742572","742881","26","207798331"
"chr1","208541717","208542002","KN295459v1","1101140","1101421","30","207440577"
"chr1","208545747","208546053","KN297165v1","747944","748251","40","207797803"
"chr1","208553882","208554186","KN296643v1","47618","47923","37","208506264"
"chr1","208573269","208573467","KN295090v1","209666","209854","58","208363603"
"chr1","208629189","208629483","KN296009v1","1147876","1148169","28","207481313"
"chr1","208637479","208637614","KN295871v1","408020","408152","37","208229459"
"chr1","208667298","208667589","KN295198v1","490822","491112","36","208176476"
"chr1","208674132","208674446","KN296322v1","258034","258331","46","208416098"
"chr1","208683238","208683541","KN295523v1","4073633","4073934","38","204609605"
"chr1","208698032","208698328","KN295666v1","425149","425444","36","208272883"
"chr1","208739456","208739755","KN294172v1","5750440","5750742","38","202989016"
"chr1","208750207","208750501","KN297165v1","954284","954576","29","207795923"
"chr1","208755655","208755950","KN297165v1","959723","960029","27","207795932"
"chr1","208757121","208757425","KN294964v1","1872225","1872534","35","206884896"
"chr1","208760447","208760740","KN297165v1","964526","964815","27","207795921"
"chr1","208796378","208796677","KN296682v1","1930392","1930690","36","206865986"
"chr1","208798098","208798399","KN297165v1","998712","999004","47","207799386"
"chr1","208806585","208806874","KN296158v1","512983","513270","37","208293602"
"chr1","208876728","208877037","KN294957v1","62097","62408","38","208814631"
"chr1","208905237","208905537","KN295814v1","1261993","1262292","41","207643244"
"chr1","208907501","208907797","KN296253v1","1315417","1315709","45","207592084"
"chr1","208938900","208939197","KN297165v1","1136815","1137099","30","207802085"
"chr1","208950483","208950769","KN297165v1","1148961","1149246","33","207801522"
"chr1","208955463","208955769","KN297165v1","1152514","1152815","36","207802949"
"chr1","209026153","209026441","KN294499v1","2011390","2011673","47","207014763"
"chr1","209053701","209053993","KN297233v1","523000","523293","32","208530701"
"chr1","209121191","209121479","KN294235v1","307834","308121","33","208813357"
"chr1","209172628","209172914","KN296406v1","549452","549731","46","208623176"
"chr1","209183231","209183539","KN295260v1","2208269","2208579","31","206974962"
"chr1","209208623","209208931","KN294266v1","214101","214406","37","208994522"
"chr1","209242380","209242696","KN295748v1","161587","161896","42","209080793"
"chr1","209270561","209270819","KN296649v1","238136","238402","36","209032425"
"chr1","209290288","209290574","KN296743v1","202352","202637","36","209087936"
"chr1","209314667","209314977","KN295748v1","161587","161896","49","209153080"
"chr1","209334009","209334323","KN294264v1","87223","87534","42","209246786"
"chr1","209367577","209367872","KN297165v1","1569123","1569425","27","207798454"
"chr1","209394582","209394876","KN297165v1","1595989","1596289","29","207798593"
"chr1","209413489","209413783","KN297165v1","1612291","1612591","32","207801198"
"chr1","209417297","209417600","KN297165v1","1617856","1618161","39","207799441"
"chr1","209417607","209417898","KN295366v1","124181","124471","34","209293426"
"chr1","209469760","209470063","KN296247v1","901747","902047","38","208568013"
"chr1","209474000","209474294","KN296322v1","1312799","1313095","32","208161201"
"chr1","209485700","209485998","KN297245v1","1416081","1416379","35","208069619"
"chr1","209546345","209546624","KN297165v1","1744129","1744413","22","207802216"
"chr1","209548926","209549233","KN297165v1","1746719","1747027","25","207802207"
"chr1","209554821","209555126","KN296153v1","1336190","1336496","39","208218631"
"chr1","209600285","209600590","KN297165v1","1798552","1798862","29","207801733"
"chr1","209624511","209624801","KN297165v1","1823835","1824126","35","207800676"
"chr1","209704188","209704485","KN296795v1","719583","719894","44","208984605"
"chr1","209750011","209750318","KN297112v1","2760194","2760501","29","206989817"
"chr1","209812683","209812961","KN297165v1","2027096","2027392","41","207785587"
"chr1","209817634","209817796","KN295284v1","109927","110084","29","209707707"
"chr1","209860533","209860824","KN297165v1","2083096","2083392","28","207777437"
"chr1","209863801","209864098","KN294367v1","7439","7744","40","209856362"
"chr1","209908862","209909168","KN297165v1","2130873","2131184","42","207777989"
"chr1","209950547","209950853","KN297165v1","2170905","2171212","41","207779642"
"chr1","210006892","210007194","KN297165v1","2226814","2227113","30","207780078"
"chr1","210053039","210053336","KN297165v1","2275021","2275323","33","207778018"
"chr1","210166134","210166429","KN294561v1","1084406","1084703","45","209081728"
"chr1","210167516","210167809","KN297165v1","2391943","2392235","28","207775573"
"chr1","210170379","210170682","KN297023v1","480259","480560","33","209690120"
"chr1","210201606","210201898","KN295096v1","2965990","2966278","35","207235616"
"chr1","210210990","210211281","KN296119v1","911532","911825","28","209299458"
"chr1","210222555","210222853","KN294499v1","1117273","1117575","38","209105282"
"chr1","210236485","210236798","KN296153v1","1336190","1336496","36","208900295"
"chr1","210326570","210326879","KN294378v1","1504358","1504668","41","208822212"
"chr1","210370256","210370515","KN297165v1","2585975","2586244","37","207784281"
"chr1","210380256","210380433","KN296577v1","160723","160900","25","210219533"
"chr1","210381075","210381371","KN294561v1","1084406","1084703","41","209296669"
"chr1","210407277","210407513","KN295405v1","757351","757593","48","209649926"
"chr1","210407514","210407697","KN295236v1","3402541","3402725","21","207004973"
"chr1","210412164","210412426","KN295828v1","1498966","1499228","40","208913198"
"chr1","210414267","210414521","KN297327v1","575949","576201","52","209838318"
"chr1","210420975","210421241","KN297165v1","2642944","2643219","22","207778031"
"chr1","210439431","210439729","KN297165v1","2661948","2662251","29","207777483"
"chr1","210447420","210447723","KN296315v1","421210","421508","44","210026210"
"chr1","210452780","210453082","KN295984v1","2068662","2068965","40","208384118"
"chr1","210455163","210455414","KN297165v1","2677518","2677767","26","207777645"
"chr1","210457492","210457787","KN297165v1","2679806","2680107","33","207777686"
"chr1","210514057","210514369","KN296580v1","935582","935893","43","209578475"
"chr1","210554163","210554423","KN295820v1","851444","851701","31","209702719"
"chr1","210555280","210555583","KN297023v1","480259","480560","42","210075021"
"chr1","210564027","210564333","KN294733v1","607498","607793","47","209956529"
"chr1","210607376","210607603","KN296079v1","2860738","2860978","49","207746638"
"chr1","210615803","210616102","KN296308v1","1003598","1003892","36","209612205"
"chr1","210663384","210663550","KN296481v1","376034","376200","27","210287350"
"chr1","210684670","210684964","KN297165v1","2902262","2902545","49","207782408"
"chr1","210709630","210709992","KN297165v1","2928771","2929112","40","207780859"
"chr1","210786693","210786994","KN297165v1","3003351","3003655","33","207783342"
"chr1","210801833","210801998","KN294713v1","386007","386172","24","210415826"
"chr1","210880417","210880721","KN297165v1","3103140","3103443","21","207777277"
"chr1","210931420","210931715","KN297165v1","3149999","3150293","29","207781421"
"chr1","210987862","210988146","KN295828v1","1026333","1026620","39","209961529"
"chr1","210996706","210997002","KN297165v1","3211429","3211730","38","207785277"
"chr1","211028675","211028976","KN297165v1","3241355","3241658","38","207787320"
"chr1","211164223","211164517","KN296290v1","541019","541316","33","210623204"
"chr1","211181373","211181671","KN295102v1","315516","315811","40","210865857"
"chr1","211295949","211296261","KN296404v1","1183469","1183770","40","210112480"
"chr1","211357694","211357936","KN295586v1","3146006","3146235","43","208211688"
"chr1","211358640","211358967","KN297165v1","3547427","3547731","48","207811213"
"chr1","211484107","211484411","KN297165v1","3677582","3677897","31","207806525"
"chr1","211519774","211520091","KN295045v1","181971","182282","43","211337803"
"chr1","211526634","211526914","KN294172v1","615079","615365","40","210911555"
"chr1","211628009","211628296","KN297165v1","3816727","3817012","21","207811282"
"chr1","211664246","211664574","KN295039v1","462529","462850","46","211201717"
"chr1","211666231","211666559","KN295433v1","4537","4862","62","211661694"
"chr1","211703912","211704123","KN297165v1","3893213","3893414","30","207810699"
"chr1","211812376","211812613","KN297190v1","891642","891888","39","210920734"
"chr1","211840824","211841135","KN295074v1","343353","343661","37","211497471"
"chr1","211859442","211859738","KN295022v1","1086273","1086572","43","210773169"
"chr1","211909079","211909391","KN294790v1","163386","163690","44","211745693"
"chr1","211917025","211917338","KN294536v1","1929748","1930054","55","209987277"
"chr1","211965451","211965745","KN297165v1","4149122","4149431","32","207816329"
"chr1","212076828","212077023","KN296119v1","2130890","2131086","32","209945938"
"chr1","212078595","212078910","KN296442v1","795536","795858","45","211283059"
"chr1","212139390","212139656","KN294548v1","1641878","1642143","23","210497512"
"chr1","212151019","212151328","KN294548v1","1631942","1632250","36","210519077"
"chr1","212281153","212281479","KN297158v1","577563","577866","56","211703590"
"chr1","212305833","212306141","KN296682v1","4024164","4024474","37","208281669"
"chr1","212349708","212349965","KN295820v1","851444","851701","35","211498264"
"chr1","212350538","212350839","KN294251v1","1932520","1932819","32","210418018"
"chr1","212360043","212360335","KN294548v1","1429293","1429587","26","210930750"
"chr1","212413099","212413407","KN295366v1","78980","79290","38","212334119"
"chr1","212458614","212458926","KN296036v1","687150","687461","37","211771464"
"chr1","212459698","212460002","KN296178v1","349608","349909","43","212110090"
"chr1","212460031","212460342","KN295236v1","4118266","4118574","45","208341765"
"chr1","212462273","212462565","KN296139v1","296788","297069","42","212165485"
"chr1","212468990","212469303","KN294548v1","1323297","1323602","33","211145693"
"chr1","212480239","212480544","KN294548v1","1315408","1315703","28","211164831"
"chr1","212487142","212487421","KN294257v1","2022327","2022606","36","210464815"
"chr1","212509637","212509921","KN294548v1","1288403","1288690","26","211221234"
"chr1","212514531","212514859","KN294548v1","1283200","1283524","40","211231331"
"chr1","212519549","212519848","KN294456v1","1098138","1098439","29","211421411"
"chr1","212572740","212573026","KN294548v1","1223410","1223725","48","211349330"
"chr1","212574997","212575294","KN295102v1","233594","233891","28","212341403"
"chr1","212584296","212584609","KN296096v1","2349554","2349864","37","210234742"
"chr1","212615651","212615990","KN294147v1","944827","945153","67","211670824"
"chr1","212624567","212624860","KN294548v1","1186610","1186915","31","211437957"
"chr1","212764918","212765208","KN294964v1","392178","392468","43","212372740"
"chr1","212791975","212792257","KN294548v1","1011568","1011854","34","211780407"
"chr1","212855392","212855671","KN294548v1","957714","957992","32","211897678"
"chr1","212885327","212885613","KN295744v1","293613","293902","31","212591714"
"chr1","212927980","212928280","KN294548v1","889557","889854","31","212038423"
"chr1","212979211","212979497","KN295825v1","2275097","2275379","41","210704114"
"chr1","213036407","213036717","KN294548v1","782632","782935","35","212253775"
"chr1","213145235","213145530","KN294548v1","678024","678319","24","212467211"
"chr1","213147370","213147686","KN296096v1","3922064","3922372","44","209225306"
"chr1","213166824","213167129","KN295459v1","673095","673397","32","212493729"
"chr1","213245753","213246048","KN294180v1","5181","5476","35","213240572"
"chr1","213329549","213329821","KN294790v1","3080480","3080755","36","210249069"
"chr1","213434700","213434997","KN294187v1","1109661","1109959","31","212325039"
"chr1","213487474","213487771","KN295984v1","1179396","1179693","41","212308078"
"chr1","213502870","213503181","KN294548v1","328774","329084","26","213174096"
"chr1","213517746","213518046","KN294548v1","319912","320214","25","213197834"
"chr1","213538786","213539071","KN294548v1","298072","298371","31","213240714"
"chr1","213550963","213551237","KN294548v1","285433","285712","27","213265530"
"chr1","213565735","213566036","KN294548v1","269496","269796","22","213296239"
"chr1","213574055","213574357","KN294269v1","550588","550887","33","213023467"
"chr1","213591469","213591775","KN294548v1","244361","244673","30","213347108"
"chr1","213612023","213612290","KN294733v1","634511","634774","37","212977512"
"chr1","213613382","213613674","KN294548v1","227351","227644","18","213386031"
"chr1","213656705","213656999","KN295586v1","1834408","1834703","35","211822297"
"chr1","213666090","213666393","KN294548v1","175239","175543","31","213490851"
"chr1","213669351","213669664","KN294548v1","171679","171988","26","213497672"
"chr1","213685272","213685578","KN294548v1","154448","154749","21","213530824"
"chr1","213690448","213690758","KN294456v1","102820","103129","43","213587628"
"chr1","213693919","213694214","KN294548v1","146655","146945","28","213547264"
"chr1","213722574","213722872","KN296153v1","1090111","1090408","39","212632463"
"chr1","213725745","213726038","KN294516v1","17906","18200","34","213707839"
"chr1","213749410","213749723","KN295090v1","242110","242415","37","213507300"
"chr1","213797335","213797623","KN295484v1","316873","317163","32","213480462"
"chr1","213826421","213826741","KN295735v1","1160753","1161064","50","212665668"
"chr1","213985606","213985909","KN295607v1","4377455","4377758","37","209608151"
"chr1","214043924","214044229","KN296305v1","827789","828091","31","213216135"
"chr1","214046263","214046486","KN295977v1","1276894","1277103","53","212769369"
"chr1","214054521","214054849","KN297094v1","263411","263725","56","213791110"
"chr1","214056496","214056789","KN295480v1","1302107","1302401","34","212754389"
"chr1","214094081","214094380","KN297146v1","129898","130192","41","213964183"
"chr1","214123595","214123892","KN295596v1","141388","141684","44","213982207"
"chr1","214127322","214127559","KN295405v1","757351","757593","39","213369971"
"chr1","214137792","214138101","KN295236v1","35793","36099","31","214101999"
"chr1","214143561","214143861","KN296991v1","1303218","1303516","42","212840343"
"chr1","214183414","214183717","KN295257v1","1225806","1226107","36","212957608"
"chr1","214188562","214188854","KN294571v1","1318150","1318439","34","212870412"
"chr1","214211881","214212191","KN294407v1","2157068","2157379","44","212054813"
"chr1","214214331","214214637","KN294470v1","2878982","2879283","39","211335349"
"chr1","214227917","214228220","KN295433v1","250702","251008","41","213977215"
"chr1","214231202","214231496","KN295114v1","45102","45395","35","214186100"
"chr1","214236563","214236779","KN296139v1","203722","203935","27","214032841"
"chr1","214251070","214251370","KN296158v1","94816","95118","39","214156254"
"chr1","214253428","214253738","KN296503v1","58212","58521","41","214195216"
"chr1","214362835","214363126","KN297245v1","1416081","1416379","36","212946754"
"chr1","214373781","214374071","KN296153v1","2393235","2393519","39","211980546"
"chr1","214380547","214380844","KN294193v1","1004756","1005052","30","213375791"
"chr1","214382154","214382462","KN296682v1","4961231","4961540","34","209420923"
"chr1","214400598","214400901","KN296378v1","943120","943427","42","213457478"
"chr1","214409694","214409984","KN295090v1","1516878","1517168","38","212892816"
"chr1","214415522","214415826","KN297159v1","1334625","1334927","39","213080897"
"chr1","214430016","214430316","KN295480v1","1514936","1515236","43","212915080"
"chr1","214432817","214433115","KN294850v1","174854","175153","38","214257963"
"chr1","214435458","214435759","KN296865v1","1608885","1609185","33","212826573"
"chr1","214444022","214444333","KN295439v1","102691","103000","35","214341331"
"chr1","214446385","214446690","KN296036v1","687150","687461","40","213759235"
"chr1","214454449","214454753","KN295107v1","805969","806258","51","213648480"
"chr1","214466647","214466919","KN296119v1","5914350","5914624","47","208552297"
"chr1","214470076","214470384","KN296516v1","239296","239606","43","214230780"
"chr1","214480000","214480298","KN295480v1","1302107","1302401","42","213177893"
"chr1","214489350","214489654","KN296153v1","1336190","1336496","38","213153160"
"chr1","214507599","214507912","KN297112v1","2760194","2760501","49","211747405"
"chr1","214509890","214510196","KN294911v1","2599289","2599601","54","211910601"
"chr1","214516288","214516557","KN295480v1","1166666","1166940","32","213349622"
"chr1","214521721","214521994","KN296864v1","1076694","1076968","24","213445027"
"chr1","214535582","214535873","KN296404v1","1150048","1150343","30","213385534"
"chr1","214537163","214537473","KN296153v1","863239","863546","48","213673924"
"chr1","214551319","214551604","KN294365v1","1732094","1732379","37","212819225"
"chr1","214556364","214556662","KN294470v1","2136945","2137241","37","212419419"
"chr1","214564069","214564361","KN294987v1","862304","862598","43","213701765"
"chr1","214566974","214567262","KN295241v1","197736","198025","36","214369238"
"chr1","214568021","214568316","KN295480v1","1302107","1302401","43","213265914"
"chr1","214575331","214575626","KN297245v1","1416081","1416379","31","213159250"
"chr1","214581451","214581727","KN295382v1","84245","84519","41","214497206"
"chr1","214594438","214594740","KN296635v1","4572120","4572425","39","210022318"
"chr1","214610796","214610998","KN294540v1","1367439","1367646","29","213243357"
"chr1","214631193","214631386","KN295814v1","118840","119024","33","214512353"
"chr1","214631666","214631711","KN296096v1","2690101","2690141","13","211941565"
"chr1","214654742","214654923","KN295930v1","759567","759739","63","213895175"
"chr1","214658112","214658392","KN294172v1","615079","615365","40","214043033"
"chr1","214672905","214673176","KN295523v1","196160","196440","50","214476745"
"chr1","214700002","214700263","KN294470v1","1342873","1343145","56","213357129"
"chr1","214710834","214711135","KN296557v1","13515","13811","42","214697319"
"chr1","214718324","214718620","KN297032v1","184087","184386","32","214534237"
"chr1","214735231","214735522","KN294172v1","822922","823215","31","213912309"
"chr1","214749174","214749515","KN295748v1","161587","161896","69","214587587"
"chr1","214769882","214770194","KN294806v1","688387","688698","39","214081495"
"chr1","214782896","214783194","KN296557v1","49191","49493","35","214733705"
"chr1","214795738","214796042","KN296357v1","507108","507414","40","214288630"
"chr1","214804368","214804661","KN294539v1","1287945","1288241","35","213516423"
"chr1","214811236","214811527","KN296430v1","84304","84602","43","214726932"
"chr1","214817857","214818139","KN295236v1","3487031","3487311","31","211330826"
"chr1","214837669","214837981","KN296158v1","1175251","1175559","40","213662418"
"chr1","214844645","214844929","KN296806v1","109370","109653","44","214735275"
"chr1","214850193","214850466","KN296306v1","588199","588471","46","214261994"
"chr1","214853964","214854282","KN297154v1","1610824","1611134","44","213243140"
"chr1","214857559","214857866","KN296495v1","846641","846944","41","214010918"
"chr1","214859136","214859447","KN294717v1","134314","134619","40","214724822"
"chr1","214879507","214879799","KN294957v1","32521","32810","34","214846986"
"chr1","214897476","214897775","KN294172v1","2666506","2666800","35","212230970"
"chr1","214898453","214898727","KN296883v1","2034946","2035220","43","212863507"
"chr1","214903971","214904277","KN297095v1","2468897","2469199","37","212435074"
"chr1","214912111","214912420","KN296311v1","5486572","5486885","54","209425539"
"chr1","214913848","214914141","KN295607v1","4441116","4441409","43","210472732"
"chr1","214938679","214938980","KN294705v1","430220","430521","39","214508459"
"chr1","214998237","214998510","KN294470v1","1342873","1343145","31","213655364"
"chr1","215022628","215022937","KN294790v1","163386","163690","39","214859242"
"chr1","215039607","215039903","KN294501v1","4140225","4140518","37","210899382"
"chr1","215089678","215089972","KN295893v1","4652018","4652311","30","210437660"
"chr1","215131886","215132190","KN296153v1","2704322","2704625","50","212427564"
"chr1","215161604","215161888","KN295236v1","3450343","3450624","36","211711261"
"chr1","215179923","215180119","KN295995v1","278598","278793","33","214901325"
"chr1","215188138","215188439","KN295607v1","4406348","4406645","44","210781790"
"chr1","215240157","215240471","KN295814v1","1248217","1248525","44","213991940"
"chr1","215251672","215251960","KN294434v1","66525","66812","34","215185147"
"chr1","215296663","215296963","KN294172v1","2666506","2666800","39","212630157"
"chr1","215298990","215299273","KN294592v1","204469","204751","35","215094521"
"chr1","215321458","215321754","KN294234v1","2380017","2380308","38","212941441"
"chr1","215326966","215327278","KN296157v1","885718","886029","49","214441248"
"chr1","215332461","215332745","KN294193v1","568677","568960","32","214763784"
"chr1","215357314","215357601","KN296831v1","388107","388396","29","214969207"
"chr1","215363504","215363814","KN295366v1","78980","79290","40","215284524"
"chr1","215375304","215375606","KN294378v1","1174635","1174937","35","214200669"
"chr1","215382001","215382299","KN296311v1","768493","768797","37","214613508"
"chr1","215390288","215390577","KN294269v1","1190734","1191020","34","214199554"
"chr1","215391362","215391666","KN294287v1","337770","338074","37","215053592"
"chr1","215423578","215423650","KN296635v1","4416434","4416517","30","211007144"
"chr1","215423861","215424097","KN296079v1","1360906","1361148","47","214062955"
"chr1","215427721","215428035","KN295729v1","1216084","1216395","43","214211637"
"chr1","215438015","215438323","KN295154v1","188282","188584","50","215249733"
"chr1","215441765","215442064","KN297245v1","1416081","1416379","31","214025684"
"chr1","215451827","215452103","KN294429v1","61766","62050","39","215390061"
"chr1","215476551","215476860","KN296306v1","1647957","1648269","41","213828594"
"chr1","215499039","215499334","KN294842v1","192762","193057","36","215306277"
"chr1","215503886","215504159","KN294187v1","1336441","1336715","40","214167445"
"chr1","215536358","215536655","KN296682v1","4871116","4871412","34","210665242"
"chr1","215543149","215543444","KN294662v1","54879","55172","31","215488270"
"chr1","215545062","215545307","KN296036v1","510819","511064","44","215034243"
"chr1","215552495","215552799","KN295343v1","729289","729587","41","214823206"
"chr1","215561618","215561919","KN297245v1","1416081","1416379","33","214145537"
"chr1","215576059","215576273","KN297219v1","2668252","2668464","28","212907807"
"chr1","215576473","215576771","KN296290v1","541019","541316","33","215035454"
"chr1","215577267","215577553","KN297197v1","197080","197368","31","215380187"
"chr1","215587911","215588230","KN297038v1","1496054","1496368","48","214091857"
"chr1","215613910","215614208","KN294571v1","890748","891049","46","214723162"
"chr1","215615089","215615398","KN295477v1","23872","24183","33","215591217"
"chr1","215641968","215642252","KN295573v1","502898","503186","39","215139070"
"chr1","215658023","215658317","KN294937v1","266","558","31","215657757"
"chr1","215673304","215673602","KN296153v1","1090111","1090408","39","214583193"
"chr1","215687528","215687817","KN296775v1","972150","972439","32","214715378"
"chr1","215698470","215698749","KN294991v1","665172","665457","42","215033298"
"chr1","215711386","215711672","KN295096v1","2965990","2966278","36","212745396"
"chr1","215726925","215727214","KN294509v1","346253","346540","40","215380672"
"chr1","215731042","215731339","KN296308v1","995507","995801","47","214735535"
"chr1","215733372","215733677","KN294407v1","2157068","2157379","36","213576304"
"chr1","215738952","215739262","KN297323v1","822647","822955","45","214916305"
"chr1","215741863","215742094","KN295405v1","757351","757593","47","214984512"
"chr1","215742839","215743028","KN295236v1","3580229","3580418","32","212162610"
"chr1","215746857","215747098","KN294991v1","995507","995758","49","214751350"
"chr1","215750616","215750909","KN295573v1","502898","503186","40","215247718"
"chr1","215761376","215761670","KN295871v1","681623","681917","38","215079753"
"chr1","215762245","215762549","KN294790v1","163386","163690","40","215598859"
"chr1","215785426","215785735","KN295236v1","209019","209329","45","215576407"
"chr1","215793944","215794239","KN294516v1","17906","18200","33","215776038"
"chr1","215799834","215800131","KN296319v1","240322","240624","45","215559512"
"chr1","215810325","215810617","KN295361v1","824524","824814","35","214985801"
"chr1","215812277","215812577","KN294571v1","1575904","1576204","31","214236373"
"chr1","215816685","215816973","KN295667v1","334083","334372","33","215482602"
"chr1","215822377","215822653","KN297390v1","1582668","1582944","46","214239709"
"chr1","215840213","215840518","KN296153v1","863239","863546","43","214976974"
"chr1","215893354","215893626","KN295984v1","391023","391296","36","215502331"
"chr1","215894429","215894728","KN296378v1","471399","471702","36","215423030"
"chr1","215912872","215913093","KN296139v1","203722","203935","43","215709150"
"chr1","215914269","215914578","KN295814v1","1455942","1456249","45","214458327"
"chr1","215916770","215917029","KN296011v1","92567","92822","49","215824203"
"chr1","215922802","215923101","KN294539v1","1287945","1288241","39","214634857"
"chr1","215925215","215925514","KN295204v1","3993","4290","35","215921222"
"chr1","215929860","215930167","KN296404v1","2534470","2534781","37","213395390"
"chr1","215951879","215952161","KN295371v1","448057","448341","47","215503822"
"chr1","215953695","215953992","KN296508v1","1895245","1895542","39","214058450"
"chr1","215961411","215961712","KN296406v1","41462","41764","33","215919949"
"chr1","215963775","215964088","KN297453v1","504113","504422","33","215459662"
"chr1","215968981","215969286","KN297159v1","2899658","2899964","40","213069323"
"chr1","215993665","215993959","KN295260v1","1431957","1432253","36","214561708"
"chr1","215994448","215994750","KN297105v1","3820528","3820837","35","212173920"
"chr1","216010397","216010719","KN297369v1","2203084","2203389","56","213807313"
"chr1","216027101","216027410","KN297259v1","1820010","1820317","43","214207091"
"chr1","216041023","216041226","KN294470v1","2612994","2613192","40","213428029"
"chr1","216052016","216052310","KN295871v1","615076","615373","24","215436940"
"chr1","216065196","216065505","KN297190v1","761499","761808","44","215303697"
"chr1","216081592","216081867","KN295708v1","2842235","2842508","32","213239357"
"chr1","216084820","216085117","KN295633v1","511907","512196","44","215572913"
"chr1","216099202","216099504","KN294790v1","163386","163690","40","215935816"
"chr1","216109781","216110088","KN296153v1","863239","863546","38","215246542"
"chr1","216160778","216161091","KN296157v1","885718","886029","40","215275060"
"chr1","216188467","216188757","KN294187v1","1109661","1109959","39","215078806"
"chr1","216220830","216221137","KN296153v1","1336190","1336496","38","214884640"
"chr1","216225474","216225768","KN296404v1","3824512","3824802","32","212400962"
"chr1","216287847","216288139","KN296153v1","3180819","3181114","45","213107028"
"chr1","216293786","216294093","KN296303v1","514845","515157","38","215778941"
"chr1","216297323","216297630","KN294269v1","243418","243728","41","216053905"
"chr1","216308522","216308825","KN294326v1","309006","309309","42","215999516"
"chr1","216335285","216335582","KN295601v1","3238589","3238887","39","213096696"
"chr1","216340986","216341292","KN295835v1","181014","181322","50","216159972"
"chr1","216378270","216378556","KN296732v1","3149657","3149940","43","213228613"
"chr1","216401850","216402156","KN296825v1","2159390","2159700","50","214242460"
"chr1","216407014","216407329","KN296079v1","587166","587474","48","215819848"
"chr1","216412828","216413101","KN295474v1","1438594","1438859","40","214974234"
"chr1","216414676","216414986","KN295722v1","1373842","1374147","36","215040834"
"chr1","216427257","216427552","KN294262v1","1563960","1564257","30","214863297"
"chr1","216436421","216436719","KN295607v1","4406348","4406645","31","212030073"
"chr1","216480809","216481117","KN296158v1","1175251","1175559","38","215305558"
"chr1","216489719","216490023","KN296062v1","1409584","1409882","49","215080135"
"chr1","216492023","216492345","KN294592v1","1381893","1382209","41","215110130"
"chr1","216500162","216500471","KN294217v1","801086","801394","41","215699076"
"chr1","216507177","216507457","KN294470v1","2864797","2865078","41","213642380"
"chr1","216512646","216512927","KN294571v1","671930","672216","35","215840716"
"chr1","216520693","216520948","KN295820v1","851444","851701","40","215669249"
"chr1","216564814","216565121","KN295722v1","1373842","1374147","42","215190972"
"chr1","216576591","216576885","KN297320v1","271981","272275","38","216304610"
"chr1","216584519","216584813","KN296153v1","1115266","1115561","36","215469253"
"chr1","216654928","216655191","KN295474v1","1438594","1438859","34","215216334"
"chr1","216668737","216669045","KN295474v1","1769749","1770056","46","214898988"
"chr1","216741071","216741362","KN296357v1","110185","110480","42","216630886"
"chr1","216744650","216744939","KN297245v1","1416081","1416379","37","215328569"
"chr1","216761886","216762188","KN295984v1","2540291","2540591","38","214221595"
"chr1","216777809","216778088","KN294570v1","116175","116454","35","216661634"
"chr1","216780760","216781069","KN295477v1","23872","24183","34","216756888"
"chr1","216808266","216808545","KN297242v1","2046546","2046825","33","214761720"
"chr1","216821044","216821354","KN294539v1","1287945","1288241","52","215533099"
"chr1","216826352","216826663","KN294842v1","192762","193057","45","216633590"
"chr1","216828396","216828703","KN295362v1","1043462","1043763","44","215784934"
"chr1","216830379","216830593","KN295722v1","2185328","2185545","38","214645051"
"chr1","216830916","216831032","KN295045v1","1002947","1003036","56","215827969"
"chr1","216844148","216844403","KN294650v1","27651","27917","39","216816497"
"chr1","216844897","216845208","KN294287v1","337770","338074","38","216507127"
"chr1","216853736","216854055","KN294957v1","62097","62408","45","216791639"
"chr1","216893485","216893782","KN294527v1","283192","283491","40","216610293"
"chr1","216899100","216899394","KN295729v1","826689","826980","36","216072411"
"chr1","216951442","216951744","KN297008v1","5122310","5122605","41","211829132"
"chr1","216991859","216992174","KN296378v1","964703","965014","36","216027156"
"chr1","217049740","217050044","KN294879v1","76546","76849","34","216973194"
"chr1","217058317","217058627","KN294217v1","801086","801394","41","216257231"
"chr1","217072892","217073178","KN296311v1","4164279","4164567","35","212908613"
"chr1","217103784","217104084","KN297047v1","3987588","3987889","36","213116196"
"chr1","217105242","217105540","KN294345v1","1360179","1360481","38","215745063"
"chr1","217125790","217126102","KN295022v1","1122924","1123235","38","216002866"
"chr1","217153336","217153580","KN296145v1","3698769","3699013","54","213454567"
"chr1","217162569","217162868","KN296820v1","1142893","1143187","44","216019676"
"chr1","217175261","217175546","KN295260v1","1913083","1913369","30","215262178"
"chr1","217278178","217278477","KN294539v1","1287945","1288241","37","215990233"
"chr1","217318486","217318792","KN294777v1","371314","371618","45","216947172"
"chr1","217328969","217329279","KN294193v1","696612","696909","49","216632357"
"chr1","217378788","217379090","KN294325v1","1015803","1016101","38","216362985"
"chr1","217437079","217437376","KN294911v1","2646845","2647138","39","214790234"
"chr1","217481450","217481746","KN294917v1","401690","401984","42","217079760"
"chr1","217536485","217536794","KN294378v1","1504358","1504668","38","216032127"
"chr1","217552469","217552754","KN295729v1","826689","826980","34","216725780"
"chr1","217563652","217563962","KN295366v1","78980","79290","36","217484672"
"chr1","217577323","217577633","KN295922v1","130002","130315","40","217447321"
"chr1","217587420","217587728","KN294991v1","983207","983517","40","216604213"
"chr1","217627076","217627369","KN294456v1","1098138","1098439","36","216528938"
"chr1","217639516","217639823","KN296303v1","662776","663079","35","216976740"
"chr1","217666197","217666463","KN295667v1","721290","721564","50","216944907"
"chr1","217680509","217680808","KN296306v1","3686137","3686439","32","213994372"
"chr1","217732592","217732900","KN295301v1","761923","762233","48","216970669"
"chr1","217763873","217764137","KN294193v1","159280","159552","57","217604593"
"chr1","217944425","217944723","KN296357v1","559775","560070","44","217384650"
"chr1","218111432","218111741","KN295748v1","161587","161896","34","217949845"
"chr1","218240915","218241151","KN295405v1","757351","757593","33","217483564"
"chr1","218285931","218286234","KN295929v1","457065","457374","36","217828866"
"chr1","218361273","218361569","KN296406v1","281155","281453","34","218080118"
"chr1","218424453","218424743","KN294239v1","173498","173785","40","218250955"
"chr1","218463058","218463346","KN295744v1","419470","419767","47","218043588"
"chr1","218478867","218479023","KN295441v1","1720743","1720900","17","216758124"
"chr1","218496385","218496689","KN297159v1","1154542","1154843","36","217341843"
"chr1","218524227","218524504","KN296806v1","109370","109653","47","218414857"
"chr1","218525845","218526049","KN297369v1","81029","81235","33","218444816"
"chr1","218526050","218526283","KN295045v1","921009","921237","39","217605041"
"chr1","218637023","218637334","KN294571v1","1382955","1383261","50","217254068"
"chr1","218643587","218643886","KN296205v1","1038770","1039076","39","217604817"
"chr1","218694856","218695142","KN294991v1","1868228","1868510","36","216826628"
"chr1","218723840","218724143","KN295480v1","1302107","1302401","42","217421733"
"chr1","218730276","218730573","KN295735v1","173165","173463","41","218557111"
"chr1","218732154","218732441","KN295090v1","2638275","2638571","45","216093879"
"chr1","218759662","218759895","KN295967v1","625826","626071","46","218133836"
"chr1","218783493","218783805","KN296158v1","1175251","1175559","36","217608242"
"chr1","218787062","218787363","KN296487v1","131647","131949","40","218655415"
"chr1","218793681","218793977","KN294520v1","782243","782539","32","218011438"
"chr1","218796396","218796684","KN297184v1","298502","298792","54","218497894"
"chr1","218935447","218935758","KN296812v1","267281","267590","39","218668166"
"chr1","218978719","218979025","KN294193v1","535425","535726","46","218443294"
"chr1","219082385","219082662","KN295984v1","391023","391296","41","218691362"
"chr1","219083586","219083870","KN297467v1","133527","133811","40","218950059"
"chr1","219102968","219103276","KN295236v1","35793","36099","36","219067175"
"chr1","219130877","219131172","KN295814v1","1059254","1059558","45","218071623"
"chr1","219156353","219156682","KN294630v1","686727","687035","56","218469626"
"chr1","219196460","219196761","KN296153v1","1115266","1115561","28","218081194"
"chr1","219201752","219202074","KN296921v1","636343","636655","59","218565409"
"chr1","219264801","219265101","KN297159v1","3330775","3331075","44","215934026"
"chr1","219265664","219265954","KN294420v1","822079","822371","37","218443585"
"chr1","219301002","219301299","KN295459v1","673095","673397","36","218627907"
"chr1","219340992","219341290","KN295420v1","158156","158459","42","219182836"
"chr1","219350827","219351134","KN295748v1","161587","161896","48","219189240"
"chr1","219356280","219356587","KN294733v1","94591","94898","35","219261689"
"chr1","219359994","219360303","KN294161v1","311681","311990","52","219048313"
"chr1","219400180","219400440","KN297190v1","2997534","2997797","52","216402646"
"chr1","219401455","219401765","KN296154v1","1049543","1049848","50","218351912"
"chr1","219423225","219423534","KN295301v1","761923","762233","35","218661302"
"chr1","219426882","219427189","KN296847v1","444572","444874","37","218982310"
"chr1","219459954","219460278","KN296820v1","573805","574112","54","218886149"
"chr1","219491689","219492000","KN294957v1","62097","62408","39","219429592"
"chr1","219499323","219499623","KN295294v1","555675","555978","40","218943648"
"chr1","219499763","219500000","KN296921v1","438156","438387","37","219061607"
"chr1","219535854","219536085","KN296495v1","511940","512172","26","219023914"
"chr1","219540975","219541232","KN294501v1","3439246","3439503","43","216101729"
"chr1","219552211","219552507","KN294456v1","1143112","1143404","38","218409099"
"chr1","219571188","219571497","KN295459v1","673095","673397","47","218898093"
"chr1","219582855","219583148","KN297242v1","2565394","2565690","72","217017461"
"chr1","219598229","219598530","KN294287v1","548150","548456","36","219050079"
"chr1","219619602","219619895","KN296096v1","1284555","1284853","41","218335047"
"chr1","219643932","219644204","KN294176v1","329281","329554","44","219314651"
"chr1","219648610","219648919","KN297008v1","178445","178753","37","219470165"
"chr1","219661057","219661351","KN294937v1","266","558","31","219660791"
"chr1","219672437","219672745","KN295361v1","932292","932599","40","218740145"
"chr1","219696016","219696312","KN294181v1","1209683","1209978","38","218486333"
"chr1","219706453","219706730","KN295922v1","98919","99195","35","219607534"
"chr1","219722437","219722744","KN297245v1","1416081","1416379","47","218306356"
"chr1","219728287","219728525","KN295835v1","199186","199432","43","219529101"
"chr1","219761300","219761479","KN295236v1","3763431","3763609","29","215997869"
"chr1","219763781","219764087","KN295241v1","325917","326226","42","219437864"
"chr1","219780156","219780439","KN295984v1","76148","76434","39","219704008"
"chr1","219784743","219785022","KN295731v1","21589","21872","49","219763154"
"chr1","219806410","219806716","KN296315v1","1939846","1940151","38","217866564"
"chr1","219810610","219810924","KN294287v1","530811","531116","35","219279799"
"chr1","219829053","219829361","KN295198v1","580592","580899","47","219248461"
"chr1","219840178","219840479","KN296528v1","1156585","1156881","42","218683593"
"chr1","219888516","219888818","KN294456v1","1098138","1098439","42","218790378"
"chr1","219894668","219894932","KN294172v1","4940663","4940925","54","214954005"
"chr1","219907412","219907705","KN294456v1","1098138","1098439","36","218809274"
"chr1","219913737","219914035","KN294535v1","120708","121012","36","219793029"
"chr1","219940213","219940549","KN295596v1","1567069","1567403","37","218373144"
"chr1","219950593","219950889","KN294842v1","192762","193057","38","219757831"
"chr1","219963313","219963608","KN297047v1","1316088","1316386","37","218647225"
"chr1","219966394","219966693","KN296750v1","214079","214376","34","219752315"
"chr1","219969631","219969928","KN295343v1","729289","729587","48","219240342"
"chr1","219970600","219970888","KN294235v1","474126","474417","35","219496474"
"chr1","220006167","220006453","KN295114v1","157283","157573","40","219848884"
"chr1","220050872","220051177","KN296187v1","1209536","1209835","41","218841336"
"chr1","220068872","220069164","KN295459v1","763915","764213","45","219304957"
"chr1","220071388","220071689","KN294378v1","1583068","1583367","41","218488320"
"chr1","220077804","220078095","KN296426v1","778805","779103","42","219298999"
"chr1","220084762","220085061","KN294571v1","1575904","1576204","36","218508858"
"chr1","220087791","220088080","KN297195v1","26376","26667","35","220061415"
"chr1","220099969","220100248","KN294251v1","63331","63608","51","220036638"
"chr1","220112619","220112909","KN294456v1","1098138","1098439","37","219014481"
"chr1","220118839","220119140","KN296158v1","1175251","1175559","38","218943588"
"chr1","220119250","220119549","KN297032v1","184087","184386","34","219935163"
"chr1","220133945","220134223","KN296486v1","1958454","1958733","41","218175491"
"chr1","220226649","220226955","KN294372v1","299717","300027","38","219926932"
"chr1","220382700","220382994","KN294456v1","1143112","1143404","34","219239588"
"chr1","220438535","220438845","KN294630v1","686727","687035","40","219751808"
"chr1","220443703","220443997","KN294842v1","192762","193057","40","220250941"
"chr1","220447906","220448195","KN294516v1","17906","18200","41","220430000"
"chr1","220465541","220465835","KN294911v1","2646845","2647138","43","217818696"
"chr1","220475443","220475754","KN296404v1","2534470","2534781","36","217940973"
"chr1","220500001","220500187","KN294957v1","73265","73439","30","220426736"
"chr1","220508912","220509219","KN296322v1","2441263","2441571","37","218067649"
"chr1","220601847","220602156","KN294199v1","636506","636815","43","219965341"
"chr1","220602397","220602708","KN296303v1","514845","515157","31","220087552"
"chr1","220735890","220736190","KN295343v1","729289","729587","42","220006601"
"chr1","220768998","220769297","KN297304v1","54786","55087","31","220714212"
"chr1","220820812","220821117","KN296487v1","131647","131949","36","220689165"
"chr1","220854336","220854639","KN296495v1","500005","500299","38","220354331"
"chr1","220883143","220883457","KN294439v1","59249","59564","38","220823894"
"chr1","220907149","220907438","KN295576v1","255383","255682","56","220651766"
"chr1","220907554","220907867","KN296108v1","36408","36727","46","220871146"
"chr1","220918745","220919045","KN295343v1","729289","729587","34","220189456"
"chr1","220937754","220938041","KN297197v1","197080","197368","40","220740674"
"chr1","220959336","220959651","KN294245v1","468467","468778","44","220490869"
"chr1","221007192","221007495","KN297095v1","3943194","3943492","32","217063998"
"chr1","221047997","221048301","KN295326v1","192748","193053","38","220855249"
"chr1","221087575","221087881","KN295962v1","2329043","2329352","40","218758532"
"chr1","221100192","221100373","KN294470v1","529711","529889","28","220570481"
"chr1","221106295","221106602","KN296079v1","686222","686522","37","220420073"
"chr1","221131771","221132082","KN294548v1","328774","329084","26","220802997"
"chr1","221136743","221137039","KN294987v1","460377","460676","44","220676366"
"chr1","221138865","221139177","KN294705v1","186396","186702","42","220952469"
"chr1","221150332","221150635","KN296829v1","581505","581808","46","220568827"
"chr1","221186017","221186321","KN296657v1","392228","392531","44","220793789"
"chr1","221240172","221240449","KN295735v1","595895","596165","42","220644277"
"chr1","221243586","221243892","KN294548v1","1161001","1161308","37","220082585"
"chr1","221251565","221251877","KN294303v1","309033","309343","43","220942532"
"chr1","221258548","221258844","KN294421v1","1642258","1642561","40","219616290"
"chr1","221277429","221277711","KN295366v1","126266","126539","45","221151163"
"chr1","221293128","221293425","KN296495v1","846641","846944","31","220446487"
"chr1","221295998","221296309","KN294630v1","686727","687035","43","220609271"
"chr1","221297818","221298116","KN296485v1","541954","542254","37","220755864"
"chr1","221298885","221299181","KN296820v1","730474","730770","44","220568411"
"chr1","221301365","221301641","KN295633v1","1133330","1133601","45","220168035"
"chr1","221317319","221317615","KN296311v1","854862","855163","36","220462457"
"chr1","221323446","221323742","KN295343v1","729289","729587","32","220594157"
"chr1","221325775","221326052","KN294172v1","6689695","6689970","35","214636080"
"chr1","221327943","221328248","KN296322v1","2692700","2693002","41","218635243"
"chr1","221328855","221329154","KN296880v1","264427","264723","40","221064428"
"chr1","221330494","221330780","KN295284v1","44573","44859","45","221285921"
"chr1","221330781","221330824","KN295605v1","731068","731107","9","220599713"
"chr1","221334437","221334698","KN297445v1","676754","677021","63","220657683"
"chr1","221337328","221337561","KN294187v1","2009520","2009761","44","219327808"
"chr1","221339373","221339712","KN296119v1","2008814","2009148","41","219330559"
"chr1","221345742","221346053","KN296036v1","2111268","2111577","44","219234474"
"chr1","221366854","221367163","KN297154v1","831565","831869","39","220535289"
"chr1","221367202","221367511","KN296526v1","422402","422712","42","220944800"
"chr1","221369821","221370125","KN295352v1","545091","545395","43","220824730"
"chr1","221393138","221393439","KN297154v1","88894","89201","37","221304244"
"chr1","221399852","221400150","KN296864v1","3363750","3364049","36","218036102"
"chr1","221402289","221402585","KN295022v1","1147059","1147365","52","220255230"
"chr1","221405704","221406035","KN294245v1","511576","511887","54","220894128"
"chr1","221407055","221407357","KN295352v1","490330","490634","54","220916725"
"chr1","221407996","221408268","KN296187v1","2254802","2255074","52","219153194"
"chr1","221416330","221416624","KN294536v1","268068","268359","42","221148262"
"chr1","221428600","221428909","KN295586v1","811691","812002","44","220616909"
"chr1","221438943","221439119","KN294957v1","73265","73439","34","221365678"
"chr1","221441007","221441315","KN296311v1","9565325","9565635","44","211875682"
"chr1","221453346","221453654","KN294521v1","404396","404704","40","221048950"
"chr1","221460643","221460949","KN294581v1","619147","619445","47","220841496"
"chr1","221491525","221491817","KN296486v1","114465","114761","36","221377060"
"chr1","221504272","221504482","KN295406v1","275159","275372","55","221229113"
"chr1","221504485","221504816","KN296390v1","87170","87503","61","221417315"
"chr1","221551220","221551517","KN294187v1","783464","783769","35","220767756"
"chr1","221562620","221562902","KN296833v1","94676","94959","35","221467944"
"chr1","221564240","221564526","KN295984v1","76148","76434","37","221488092"
"chr1","221574737","221575017","KN296646v1","922061","922342","33","220652676"
"chr1","221597367","221597619","KN297008v1","867320","867563","44","220730047"
"chr1","221597625","221597906","KN296261v1","620490","620771","34","220977135"
"chr1","221632264","221632575","KN295420v1","203403","203713","42","221428861"
"chr1","221634271","221634573","KN294842v1","192762","193057","42","221441509"
"chr1","221650810","221651055","KN297159v1","1175889","1176139","41","220474921"
"chr1","221654906","221655204","KN294879v1","341999","342291","42","221312907"
"chr1","221682246","221682551","KN295586v1","2562750","2563045","48","219119496"
"chr1","221694235","221694547","KN297274v1","1207904","1208213","42","220486331"
"chr1","221756374","221756586","KN296541v1","2968829","2969035","42","218787545"
"chr1","221769022","221769275","KN294378v1","921291","921538","46","220847731"
"chr1","221811822","221812129","KN294372v1","1389085","1389396","36","220422737"
"chr1","221820847","221821144","KN294187v1","1992587","1992884","39","219828260"
"chr1","221910868","221911124","KN294991v1","437174","437444","44","221473694"
"chr1","221912700","221913018","KN295091v1","2259731","2260040","48","219652969"
"chr1","221917006","221917308","KN294685v1","932115","932411","37","220984891"
"chr1","221917991","221918286","KN294662v1","54879","55172","26","221863112"
"chr1","222011976","222012272","KN296153v1","1090111","1090408","32","220921865"
"chr1","222025635","222025951","KN294446v1","240983","241287","49","221784652"
"chr1","222032827","222033142","KN294499v1","799663","799970","41","221233164"
"chr1","222047493","222047791","KN294458v1","1049177","1049481","39","220998316"
"chr1","222065549","222065735","KN294790v1","6048085","6048269","40","216017464"
"chr1","222086446","222086749","KN294456v1","1098138","1098439","33","220988308"
"chr1","222149620","222149929","KN295330v1","233875","234177","49","221915745"
"chr1","222151448","222151761","KN295405v1","360229","360548","52","221791219"
"chr1","222185724","222186028","KN294326v1","309006","309309","30","221876718"
"chr1","222197127","222197430","KN295748v1","161587","161896","42","222035540"
"chr1","222198877","222199183","KN296167v1","450049","450355","36","221748828"
"chr1","222202336","222202638","KN297023v1","480259","480560","34","221722077"
"chr1","222215919","222216212","KN295987v1","138341","138634","39","222077578"
"chr1","222223127","222223426","KN294470v1","2136945","2137241","35","220086182"
"chr1","222238574","222238890","KN296847v1","511055","511365","39","221727519"
"chr1","222248161","222248466","KN294825v1","396445","396749","35","221851716"
"chr1","222258260","222258571","KN294911v1","2389002","2389309","43","219869258"
"chr1","222274262","222274537","KN295320v1","1610501","1610783","49","220663761"
"chr1","222279428","222279711","KN295692v1","2501314","2501606","42","219778114"
"chr1","222290336","222290649","KN295045v1","638784","639093","44","221651552"
"chr1","222298798","222299080","KN294169v1","154815","155091","45","222143983"
"chr1","222307977","222308271","KN294187v1","45047","45343","44","222262930"
"chr1","222310895","222311192","KN294526v1","334958","335253","39","221975937"
"chr1","222319123","222319442","KN296383v1","187809","188120","40","222131314"
"chr1","222320376","222320683","KN294790v1","163386","163690","39","222156990"
"chr1","222345479","222345773","KN294456v1","371924","372219","41","221973555"
"chr1","222360219","222360520","KN297245v1","1416081","1416379","37","220944138"
"chr1","222364577","222364718","KN294445v1","855366","855529","47","221509211"
"chr1","222374154","222374456","KN294456v1","1098138","1098439","37","221276016"
"chr1","222385978","222386276","KN295343v1","729289","729587","29","221656689"
"chr1","222400423","222400626","KN297259v1","731799","731998","37","221668624"
"chr1","222474891","222475197","KN296316v1","265694","265986","35","222209197"
"chr1","222475944","222476224","KN295459v1","1621495","1621779","34","220854449"
"chr1","222478512","222478800","KN296959v1","116436","116734","74","222362076"
"chr1","222486001","222486313","KN294172v1","5273992","5274291","43","217212009"
"chr1","222499772","222500000","KN295405v1","757351","757593","50","221742421"
"chr1","222508339","222508645","KN295814v1","1160421","1160723","44","221347918"
"chr1","222517646","222517954","KN294964v1","1103450","1103760","43","221414196"
"chr1","222548657","222548948","KN294937v1","266","558","41","222548391"
"chr1","222567585","222567866","KN295731v1","21589","21872","45","222545996"
"chr1","222599144","222599457","KN294978v1","1476399","1476706","36","221122745"
"chr1","222628350","222628640","KN295893v1","6631191","6631477","38","215997159"
"chr1","222631796","222632053","KN297038v1","273358","273615","38","222358438"
"chr1","222632569","222632869","KN297245v1","1416081","1416379","37","221216488"
"chr1","222675266","222675578","KN296108v1","367713","368015","36","222307553"
"chr1","222824985","222825275","KN296557v1","13515","13811","37","222811470"
"chr1","222851605","222851907","KN294325v1","1015803","1016101","40","221835802"
"chr1","222864569","222864865","KN296498v1","95172","95471","36","222769397"
"chr1","222890313","222890604","KN295326v1","100464","100755","35","222789849"
"chr1","222984634","222984923","KN294848v1","4166","4459","53","222980468"
"chr1","222990713","222990999","KN296290v1","254301","254580","54","222736412"
"chr1","223028955","223029207","KN296435v1","1313310","1313578","57","221715645"
"chr1","223045625","223045933","KN297274v1","1207904","1208213","42","221837721"
"chr1","223049669","223049959","KN295198v1","490822","491112","41","222558847"
"chr1","223074246","223074538","KN296178v1","1038758","1039049","35","222035488"
"chr1","223099885","223100196","KN297452v1","2322212","2322521","42","220777673"
"chr1","223139461","223139756","KN295692v1","1389864","1390157","38","221749597"
"chr1","223148084","223148389","KN295497v1","271857","272164","37","222876227"
"chr1","223227422","223227731","KN294269v1","243418","243728","38","222984004"
"chr1","223283062","223283352","KN296153v1","1090111","1090408","37","222192951"
"chr1","223300068","223300379","KN294837v1","182001","182307","40","223118067"
"chr1","223337973","223338245","KN294257v1","2022327","2022606","43","221315646"
"chr1","223354907","223355215","KN296244v1","633132","633433","41","222721775"
"chr1","223371417","223371728","KN296577v1","778598","778910","35","222592819"
"chr1","223481149","223481444","KN295729v1","826689","826980","38","222654460"
"chr1","223520840","223521150","KN294879v1","124236","124543","41","223396604"
"chr1","223523885","223524194","KN294453v1","23988","24299","45","223499897"
"chr1","223527233","223527529","KN296062v1","1211174","1211481","42","222316059"
"chr1","223587805","223588086","KN297047v1","1594989","1595279","48","221992816"
"chr1","223594138","223594427","KN295480v1","1302107","1302401","38","222292031"
"chr1","223609098","223609409","KN294453v1","23988","24299","33","223585110"
"chr1","223623132","223623427","KN296702v1","1007161","1007454","34","222615971"
"chr1","223648446","223648750","KN296079v1","2610841","2611142","43","221037605"
"chr1","223660448","223660756","KN295090v1","632517","632822","37","223027931"
"chr1","223662607","223662911","KN296311v1","8317826","8318133","33","215344781"
"chr1","223663617","223663922","KN296054v1","4714","5015","38","223658903"
"chr1","223677719","223677986","KN296460v1","907703","907986","49","222770016"
"chr1","223692663","223692733","KN296495v1","1507938","1508003","19","222184725"
"chr1","223715595","223715884","KN294470v1","2397485","2397775","36","221318110"
"chr1","223716667","223716973","KN297023v1","480259","480560","34","223236408"
"chr1","223738693","223738975","KN295893v1","729257","729542","40","223009436"
"chr1","223777968","223778268","KN295433v1","791869","792167","36","222986099"
"chr1","223780468","223780766","KN294269v1","550588","550887","42","223229880"
"chr1","223785321","223785630","KN296153v1","2358191","2358502","41","221427130"
"chr1","223793285","223793590","KN296311v1","768493","768797","38","223024792"
"chr1","223794680","223794989","KN296311v1","768493","768797","39","223026187"
"chr1","223805806","223806095","KN296253v1","1315417","1315709","32","222490389"
"chr1","223807913","223808217","KN296484v1","351750","352061","36","223456163"
"chr1","223814395","223814687","KN295198v1","274974","275272","35","223539421"
"chr1","223821610","223821945","KN295523v1","2651938","2652265","60","221169672"
"chr1","223826358","223826675","KN297095v1","2482335","2482643","44","221344023"
"chr1","223855049","223855362","KN294957v1","62097","62408","36","223792952"
"chr1","223895053","223895361","KN294957v1","62097","62408","47","223832956"
"chr1","223906180","223906490","KN295748v1","161587","161896","39","223744593"
"chr1","223917128","223917427","KN296743v1","323605","323904","31","223593523"
"chr1","223918234","223918530","KN297320v1","271981","272275","22","223646253"
"chr1","224004595","224004867","KN295523v1","3369914","3370187","35","220634681"
"chr1","224028686","224028988","KN294457v1","143891","144185","42","223884795"
"chr1","224030160","224030459","KN296404v1","1183469","1183770","37","222846691"
"chr1","224040453","224040742","KN295371v1","924903","925198","33","223115550"
"chr1","224063466","224063736","KN294187v1","1336441","1336715","38","222727025"
"chr1","224081038","224081335","KN295633v1","2352774","2353077","42","221728264"
"chr1","224100590","224100885","KN294407v1","3027269","3027567","35","221073321"
"chr1","224121656","224121967","KN295735v1","1160753","1161064","29","222960903"
"chr1","224125067","224125389","KN294592v1","1204654","1204970","46","222920413"
"chr1","224126812","224127116","KN295962v1","183230","183535","44","223943582"
"chr1","224129633","224129906","KN296864v1","3255953","3256226","49","220873680"
"chr1","224145896","224146199","KN294456v1","1098138","1098439","52","223047758"
"chr1","224153278","224153576","KN296311v1","854862","855163","32","223298416"
"chr1","224164528","224164713","KN296153v1","3305899","3306083","28","220858629"
"chr1","224167454","224167762","KN295962v1","378298","378609","44","223789156"
"chr1","224175066","224175221","KN295346v1","1144051","1144198","25","223031015"
"chr1","224194760","224195056","KN297146v1","129898","130192","39","224064862"
"chr1","224200827","224201111","KN295059v1","242847","243129","34","223957980"
"chr1","224204868","224205175","KN295984v1","2540291","2540591","38","221664577"
"chr1","224216810","224217104","KN296153v1","3041230","3041525","34","221175580"
"chr1","224220623","224220918","KN296357v1","559775","560070","34","223660848"
"chr1","224221186","224221484","KN295871v1","615076","615373","33","223606110"
"chr1","224227172","224227464","KN296138v1","554126","554418","33","223673046"
"chr1","224237067","224237362","KN294407v1","3027269","3027567","41","221209798"
"chr1","224241008","224241315","KN295459v1","673095","673397","35","223567913"
"chr1","224249985","224250293","KN294991v1","686774","687084","37","223563211"
"chr1","224273928","224274236","KN294378v1","696718","697020","43","223577210"
"chr1","224285187","224285491","KN294957v1","62097","62408","36","224223090"
"chr1","224286553","224286779","KN295705v1","623338","623563","65","223663215"
"chr1","224288946","224289243","KN296430v1","570142","570436","44","223718804"
"chr1","224291944","224292237","KN294325v1","153376","153668","36","224138568"
"chr1","224304258","224304439","KN294957v1","73265","73439","43","224230993"
"chr1","224309986","224310297","KN296495v1","550769","551079","31","223759217"
"chr1","224318803","224318935","KN296153v1","3349765","3349898","25","220969038"
"chr1","224319367","224319561","KN294741v1","1596077","1596264","40","222723290"
"chr1","224326625","224326906","KN296595v1","42365","42662","43","224284260"
"chr1","224327699","224327994","KN294847v1","558578","558866","38","223769121"
"chr1","224354815","224355125","KN296495v1","550769","551079","39","223804046"
"chr1","224361521","224361811","KN297197v1","197080","197368","38","224164441"
"chr1","224367723","224368009","KN296982v1","311466","311748","33","224056257"
"chr1","224372623","224372904","KN294592v1","1175199","1175481","39","223197424"
"chr1","224399524","224399826","KN297023v1","480259","480560","36","223919265"
"chr1","224404421","224404697","KN297171v1","2628817","2629092","36","221775604"
"chr1","224406331","224406599","KN294172v1","3669482","3669748","51","220736849"
"chr1","224422753","224423044","KN294937v1","266","558","31","224422487"
"chr1","224444898","224445208","KN295366v1","78980","79290","34","224365918"
"chr1","224447557","224447873","KN297133v1","1030785","1031096","38","223416772"
"chr1","224448379","224448679","KN297200v1","436529","436829","45","224011850"
"chr1","224450834","224451130","KN296933v1","33780","34078","33","224417054"
"chr1","224456249","224456542","KN297028v1","628758","629052","34","223827491"
"chr1","224470926","224471211","KN296743v1","202352","202637","32","224268574"
"chr1","224472349","224472705","KN295362v1","54736","55062","83","224417613"
"chr1","224475194","224475504","KN295962v1","2329043","2329352","33","222146151"
"chr1","224494999","224495155","KN295079v1","1197621","1197773","28","223297378"
"chr1","224525151","224525459","KN295256v1","326036","326344","40","224199115"
"chr1","224541057","224541363","KN296138v1","73860","74166","34","224467197"
"chr1","224569745","224570045","KN295371v1","459489","459790","40","224110256"
"chr1","224609622","224609932","KN295343v1","729289","729587","38","223880333"
"chr1","224615430","224615668","KN297190v1","891642","891888","33","223723788"
"chr1","224630188","224630489","KN294269v1","550588","550887","37","224079600"
"chr1","224636171","224636465","KN295573v1","192599","192895","33","224443572"
"chr1","224649123","224649429","KN295633v1","2352774","2353077","38","222296349"
"chr1","224664551","224664851","KN296485v1","541954","542254","35","224122597"
"chr1","224668593","224668904","KN296743v1","1756759","1757068","40","222911834"
"chr1","224672839","224673134","KN297197v1","699015","699311","45","223973824"
"chr1","224674279","224674580","KN295057v1","581519","581818","50","224092760"
"chr1","224684369","224684650","KN296430v1","84304","84602","46","224600065"
"chr1","224687832","224688144","KN294558v1","721959","722270","40","223965873"
"chr1","224704537","224704843","KN295301v1","761923","762233","41","223942614"
"chr1","224711559","224711843","KN295405v1","477866","478166","45","224233693"
"chr1","224728044","224728354","KN297023v1","480259","480560","37","224247785"
"chr1","224731266","224731580","KN294269v1","674791","675103","33","224056475"
"chr1","224745902","224746199","KN296019v1","117153","117453","34","224628749"
"chr1","224748419","224748729","KN296404v1","1944196","1944502","40","222804223"
"chr1","224749691","224749960","KN294733v1","374703","374972","37","224374988"
"chr1","224765968","224766273","KN295045v1","51919","52221","40","224714049"
"chr1","224767833","224768127","KN295480v1","1302107","1302401","32","223465726"
"chr1","224777385","224777685","KN295607v1","4377455","4377758","35","220399930"
"chr1","224791627","224791913","KN296916v1","449953","450236","45","224341674"
"chr1","224794257","224794571","KN295607v1","4377455","4377758","39","220416802"
"chr1","224799777","224800085","KN295883v1","173429","173738","39","224626348"
"chr1","224800643","224800927","KN294873v1","1075998","1076281","51","223724645"
"chr1","224819195","224819504","KN294407v1","2157068","2157379","30","222662127"
"chr1","224836077","224836374","KN295729v1","826689","826980","37","224009388"
"chr1","224874859","224875168","KN294571v1","890748","891049","41","223984111"
"chr1","224897408","224897663","KN294558v1","608199","608460","36","224289209"
"chr1","224932070","224932369","KN296308v1","1003598","1003892","35","223928472"
"chr1","224934434","224934731","KN296991v1","777821","778121","32","224156613"
"chr1","224939074","224939352","KN296682v1","3548023","3548306","44","221391051"
"chr1","224953323","224953607","KN296311v1","4466776","4467064","40","220486547"
"chr1","224963161","224963475","KN294462v1","663264","663573","46","224299897"
"chr1","224968195","224968496","KN294456v1","1098138","1098439","38","223870057"
"chr1","224997107","224997408","KN294446v1","240983","241287","34","224756124"
"chr1","225019774","225020068","KN296520v1","665318","665603","48","224354456"
"chr1","225068054","225068356","KN295995v1","822193","822479","51","224245861"
"chr1","225069417","225069635","KN297219v1","2668252","2668464","35","222401165"
"chr1","225069642","225069947","KN294446v1","240983","241287","34","224828659"
"chr1","225078268","225078494","KN295967v1","625826","626071","51","224452442"
"chr1","225152999","225153288","KN294571v1","1318150","1318439","41","223834849"
"chr1","225156577","225156765","KN295995v1","278598","278793","37","224877979"
"chr1","225170450","225170739","KN297197v1","699015","699311","42","224471435"
"chr1","225228349","225228645","KN296486v1","693865","694162","42","224534484"
"chr1","225491460","225491789","KN297386v1","71085","71399","70","225420375"
"chr1","225526532","225526806","KN296266v1","2875","3156","39","225523657"
"chr1","225629566","225629853","KN296174v1","186784","187070","49","225442782"
"chr1","225651377","225651573","KN297259v1","1726981","1727167","36","223924396"
"chr1","225669547","225669702","KN296732v1","3499833","3499999","37","222169714"
"chr1","225716494","225716790","KN297008v1","1825305","1825608","41","223891189"
"chr1","225739671","225739986","KN296484v1","351750","352061","38","225387921"
"chr1","225761455","225761747","KN294470v1","521836","522129","35","225239619"
"chr1","225799639","225799926","KN294181v1","1462427","1462712","38","224337212"
"chr1","225815281","225815575","KN294917v1","63860","64154","38","225751421"
"chr1","225841648","225841932","KN294946v1","220472","220746","37","225621176"
"chr1","225873871","225874177","KN295384v1","57641","57948","35","225816230"
"chr1","225874977","225875279","KN294777v1","371314","371618","35","225503663"
"chr1","225902735","225903020","KN294499v1","2011390","2011673","42","223891345"
"chr1","225923145","225923392","KN295869v1","969223","969467","33","224953922"
"chr1","225941973","225942258","KN294806v1","681476","681761","45","225260497"
"chr1","226027399","226027687","KN295735v1","175586","175873","32","225851813"
"chr1","226031307","226031587","KN294745v1","216608","216902","55","225814699"
"chr1","226037529","226037787","KN294837v1","414762","415008","48","225622767"
"chr1","226144758","226145034","KN294251v1","1151512","1151787","36","224993246"
"chr1","226210474","226210751","KN295735v1","821807","822085","40","225388667"
"chr1","226241138","226241433","KN294874v1","309420","309712","32","225931718"
"chr1","226285009","226285316","KN297245v1","2602942","2603244","36","223682067"
"chr1","226288789","226288916","KN294172v1","4409456","4409591","20","221879333"
"chr1","226289376","226289536","KN294187v1","1105095","1105248","22","225184281"
"chr1","226298329","226298626","KN294501v1","38531","38824","40","226259798"
"chr1","226305850","226306149","KN294873v1","1602078","1602381","39","224703772"
"chr1","226307896","226308186","KN296357v1","110185","110480","35","226197711"
"chr1","226310481","226310787","KN295893v1","2389963","2390272","34","223920518"
"chr1","226358585","226358894","KN294407v1","2157068","2157379","38","224201517"
"chr1","226421469","226421771","KN297023v1","480259","480560","39","225941210"
"chr1","226422266","226422555","KN297133v1","945350","945639","33","225476916"
"chr1","226433409","226433725","KN295983v1","1699675","1699986","48","224733734"
"chr1","226436569","226436786","KN295854v1","1669858","1670063","39","224766711"
"chr1","226476659","226476965","KN294790v1","163386","163690","37","226313273"
"chr1","226482421","226482730","KN295236v1","1631448","1631759","39","224850973"
"chr1","226484933","226485229","KN294539v1","1287945","1288241","34","225196988"
"chr1","226494630","226494929","KN294790v1","163386","163690","41","226331244"
"chr1","226507719","226508014","KN295893v1","5868753","5869051","39","220638966"
"chr1","226551926","226552220","KN294526v1","334958","335253","37","226216968"
"chr1","226564735","226565041","KN297023v1","480259","480560","34","226084476"
"chr1","226570662","226570966","KN296200v1","678168","678472","36","225892494"
"chr1","226590090","226590397","KN295366v1","78980","79290","39","226511110"
"chr1","226688072","226688378","KN294187v1","783464","783769","35","225904608"
"chr1","226741095","226741402","KN294446v1","531180","531476","61","226209915"
"chr1","226789985","226790283","KN296153v1","1115266","1115561","34","225674719"
"chr1","226790290","226790593","KN296818v1","116637","116947","46","226673653"
"chr1","226795670","226795966","KN294539v1","1287945","1288241","37","225507725"
"chr1","226835196","226835506","KN295236v1","35793","36099","37","226799403"
"chr1","226891997","226892307","KN297133v1","1038612","1038917","39","225853385"
"chr1","226903813","226904106","KN296357v1","559775","560070","38","226344038"
"chr1","226905931","226906227","KN295394v1","556635","556929","38","226349296"
"chr1","226946515","226946810","KN295154v1","333615","333911","34","226612900"
"chr1","226950111","226950395","KN296314v1","667959","668246","42","226282152"
"chr1","226979481","226979693","KN295977v1","1276894","1277103","55","225702587"
"chr1","227065009","227065223","KN296229v1","831486","831697","36","226233523"
"chr1","227100371","227100630","KN296311v1","4040395","4040669","50","223059976"
"chr1","227153147","227153444","KN294407v1","598111","598399","38","226555036"
"chr1","227179064","227179304","KN295323v1","452283","452527","46","226726781"
"chr1","227262677","227262936","KN295474v1","1438594","1438859","50","225824083"
"chr1","227274250","227274558","KN294193v1","765791","766099","45","226508459"
"chr1","227308245","227308548","KN297032v1","184087","184386","40","227124158"
"chr1","227327892","227328193","KN296266v1","77086","77387","42","227250806"
"chr1","227339049","227339332","KN295893v1","729257","729542","40","226609792"
"chr1","227340180","227340486","KN294758v1","2247402","2247712","42","225092778"
"chr1","227349088","227349399","KN294921v1","240348","240658","35","227108740"
"chr1","227375749","227376045","KN294456v1","1143112","1143404","33","226232637"
"chr1","227456088","227456399","KN296036v1","687150","687461","38","226768938"
"chr1","227693300","227693449","KN297323v1","128545","128694","28","227564755"
"chr1","227693556","227693596","KN296743v1","1949782","1949825","11","225743774"
"chr1","227718262","227718540","KN295523v1","196160","196440","39","227522102"
"chr1","227909631","227909928","KN294257v1","1922409","1922700","42","225987222"
"chr1","228031354","228031658","KN294303v1","210654","210956","44","227820700"
"chr1","228077538","228077831","KN295835v1","84846","85139","40","227992692"
"chr3","35651476","35651774","KN294668v1","470408","470696","33","35181068"
"chr3","15597535","15597827","KN295729v1","826689","826980","35","14770846"
"chr3","20316118","20316422","KN296191v1","1505860","1506160","18","18810258"
"chr3","33161182","33161479","KN295198v1","274974","275272","34","32886208"
"chr3","41025247","41025556","KN296991v1","902559","902868","41","40122688"
"chr3","48103295","48103604","KN297259v1","932888","933187","33","47170407"
"chr3","49807153","49807448","KN294372v1","1932246","1932544","34","47874907"
"chr3","53739362","53739656","KN295057v1","262113","262411","38","53477249"
"chr3","66715460","66715743","KN294207v1","929307","929591","26","65786153"
"chr3","77725446","77725734","KN295142v1","1067051","1067338","37","76658395"
"chr3","101318410","101318717","KN295701v1","383816","384123","47","100934594"
"chr3","132251440","132251752","KN294713v1","490722","491016","38","131760718"
"chr3","163970811","163971121","KN296108v1","532376","532674","27","163438435"
"chr3","88746","89040","KN294790v1","163386","163690","41","74640"
"chr3","138914","139214","KN294184v1","123039","123351","42","15875"
"chr3","288253","288561","KN294184v1","270946","271254","37","17307"
"chr3","313791","314099","KN295984v1","1998086","1998393","41","1684295"
"chr3","323979","324306","KN294548v1","183783","184100","46","140196"
"chr3","349096","349398","KN295282v1","105605","105903","47","243491"
"chr3","349684","349889","KN294499v1","1976863","1977086","58","1627179"
"chr3","451088","451261","KN296153v1","2423488","2423661","30","1972400"
"chr3","623247","623553","KN296641v1","57918","58222","30","565329"
"chr3","649802","650120","KN296641v1","83330","83648","32","566472"
"chr3","794377","794650","KN296641v1","228207","228480","23","566170"
"chr3","847966","848273","KN294603v1","63949","64255","39","784017"
"chr3","1085492","1085803","KN296486v1","67047","67367","56","1018445"
"chr3","1149621","1149936","KN297375v1","321482","321790","45","828139"
"chr3","1168662","1168946","KN294269v1","1190734","1191020","37","22072"
"chr3","1213388","1213686","KN297133v1","453124","453424","33","760264"
"chr3","1512681","1512975","KN294217v1","803782","804074","41","708899"
"chr3","1533481","1533767","KN295722v1","1532020","1532312","54","1461"
"chr3","1715077","1715388","KN294147v1","1624323","1624634","49","90754"
"chr3","1759391","1759695","KN294917v1","401690","401984","46","1357701"
"chr3","1796372","1796662","KN296153v1","3396900","3397188","34","1600528"
"chr3","1929314","1929622","KN296261v1","261747","262047","43","1667567"
"chr3","1993345","1993648","KN296641v1","1433638","1433956","42","559707"
"chr3","2032821","2033121","KN294446v1","240983","241287","40","1791838"
"chr3","2058271","2058524","KN294837v1","414762","415008","47","1643509"
"chr3","2090032","2090332","KN294571v1","1575904","1576204","27","514128"
"chr3","2147422","2147702","KN294271v1","412692","412969","39","1734730"
"chr3","2194263","2194574","KN296357v1","431311","431620","38","1762952"
"chr3","2198571","2198879","KN295366v1","78980","79290","41","2119591"
"chr3","2210356","2210650","KN294346v1","339338","339633","42","1871018"
"chr3","2319552","2319867","KN296119v1","2575075","2575382","42","255523"
"chr3","2332659","2332966","KN296406v1","250415","250727","42","2082244"
"chr3","2399554","2399848","KN295282v1","105605","105903","37","2293949"
"chr3","2402675","2402969","KN295430v1","2554896","2555197","38","152221"
"chr3","2409646","2409943","KN296153v1","1115266","1115561","34","1294380"
"chr3","2451171","2451478","KN295757v1","4004","4314","41","2447167"
"chr3","2519328","2519631","KN295368v1","1857080","1857384","42","662248"
"chr3","2579900","2580200","KN297023v1","480259","480560","42","2099641"
"chr3","2637350","2637661","KN296661v1","2149774","2150085","41","487576"
"chr3","2706176","2706478","KN294917v1","401690","401984","47","2304486"
"chr3","2714689","2715005","KN296153v1","2715746","2716054","46","1057"
"chr3","2814651","2814948","KN294957v1","62097","62408","49","2752554"
"chr3","2836459","2836754","KN294613v1","562013","562309","44","2274446"
"chr3","2839647","2839838","KN295814v1","118840","119024","37","2720807"
"chr3","2849750","2850057","KN295996v1","133342","133652","40","2716408"
"chr3","2850443","2850714","KN294407v1","2563292","2563571","43","287151"
"chr3","2862174","2862396","KN296391v1","178234","178452","29","2683940"
"chr3","2866273","2866577","KN294790v1","163386","163690","38","2702887"
"chr3","2873843","2874137","KN297322v1","1250134","1250428","37","1623709"
"chr3","2883950","2884255","KN294421v1","376479","376787","39","2507471"
"chr3","2952031","2952332","KN294269v1","585380","585685","36","2366651"
"chr3","3038819","3039117","KN295814v1","1261993","1262292","33","1776826"
"chr3","3120827","3121127","KN294789v1","183565","183863","30","2937262"
"chr3","3130055","3130346","KN296743v1","2255912","2256204","29","874143"
"chr3","3144436","3144725","KN294789v1","159753","160036","31","2984683"
"chr3","3183270","3183558","KN294789v1","120336","120624","28","3062934"
"chr3","3186263","3186564","KN294789v1","118003","118298","28","3068260"
"chr3","3191069","3191366","KN294789v1","113593","113891","40","3077476"
"chr3","3197106","3197413","KN296682v1","4855759","4856070","36","1658653"
"chr3","3214805","3215080","KN294789v1","78514","78787","19","3136291"
"chr3","3245796","3246111","KN296484v1","351750","352061","37","2894046"
"chr3","3247907","3248209","KN294789v1","45147","45444","22","3202760"
"chr3","3267240","3267539","KN296311v1","2283043","2283345","39","984197"
"chr3","3278281","3278592","KN294789v1","13625","13936","29","3264656"
"chr3","3465840","3466133","KN295343v1","729289","729587","36","2736551"
"chr3","3500338","3500629","KN294260v1","2350390","2350679","33","1149948"
"chr3","3505030","3505319","KN295607v1","4682824","4683115","32","1177794"
"chr3","3719631","3719937","KN297008v1","1419999","1420309","38","2299632"
"chr3","3798438","3798749","KN294260v1","2054217","2054532","33","1744221"
"chr3","3890730","3891027","KN294260v1","1970497","1970796","20","1920233"
"chr3","4039650","4039947","KN296921v1","2918407","2918707","43","1121243"
"chr3","4109899","4110200","KN296846v1","819340","819635","40","3290559"
"chr3","4191376","4191677","KN294433v1","594314","594613","40","3597062"
"chr3","4238980","4239265","KN295236v1","4141001","4141296","46","97979"
"chr3","4274023","4274318","KN296153v1","1115266","1115561","40","3158757"
"chr3","4390821","4391109","KN294260v1","1480510","1480795","28","2910311"
"chr3","4494017","4494330","KN294260v1","1384120","1384424","36","3109897"
"chr3","4496331","4496613","KN294260v1","1381838","1382134","32","3114493"
"chr3","4530558","4530852","KN294260v1","1338273","1338551","37","3192285"
"chr3","4541119","4541421","KN297023v1","480259","480560","30","4060860"
"chr3","4570017","4570326","KN294260v1","1298084","1298389","22","3271933"
"chr3","4570886","4571188","KN294260v1","1297242","1297528","39","3273644"
"chr3","4571685","4571985","KN294260v1","1296464","1296749","46","3275221"
"chr3","4590034","4590338","KN294260v1","1277433","1277744","25","3312601"
"chr3","4601026","4601319","KN294516v1","17906","18200","42","4583120"
"chr3","4701097","4701402","KN294260v1","1168204","1168516","35","3532893"
"chr3","4725284","4725566","KN294260v1","1145129","1145424","34","3580155"
"chr3","4746358","4746649","KN294260v1","1123568","1123863","39","3622790"
"chr3","4751323","4751605","KN294260v1","1118611","1118891","22","3632712"
"chr3","4786928","4787236","KN294260v1","1085994","1086303","19","3700934"
"chr3","4800430","4800732","KN294260v1","1072227","1072528","34","3728203"
"chr3","4833349","4833656","KN294260v1","1036809","1037110","31","3796540"
"chr3","4908155","4908393","KN295835v1","199186","199432","54","4708969"
"chr3","4971531","4971829","KN294260v1","901198","901496","25","4070333"
"chr3","4983188","4983496","KN294260v1","889518","889828","35","4093670"
"chr3","4987922","4988231","KN294260v1","884797","885107","36","4103125"
"chr3","5037812","5038089","KN295667v1","721290","721564","38","4316522"
"chr3","5038410","5038704","KN296547v1","396597","396892","32","4641813"
"chr3","5058861","5059124","KN297442v1","2661248","2661516","41","2397613"
"chr3","5092414","5092695","KN296486v1","1457751","1458030","37","3634663"
"chr3","5097083","5097392","KN294260v1","783968","784278","30","4313115"
"chr3","5107657","5107949","KN294260v1","773431","773726","23","4334226"
"chr3","5126707","5127004","KN294260v1","754124","754425","35","4372583"
"chr3","5140724","5141016","KN294260v1","737375","737667","26","4403349"
"chr3","5145088","5145392","KN295439v1","66534","66843","42","5078554"
"chr3","5146691","5146983","KN296803v1","164662","164954","35","4982029"
"chr3","5153409","5153710","KN295241v1","239249","239550","40","4914160"
"chr3","5164068","5164341","KN294260v1","713017","713310","43","4451051"
"chr3","5171335","5171657","KN294260v1","706540","706858","47","4464795"
"chr3","5174858","5175157","KN294790v1","163386","163690","33","5011472"
"chr3","5189773","5190042","KN294604v1","515332","515604","36","4674441"
"chr3","5194211","5194388","KN297159v1","2152898","2153074","29","3041313"
"chr3","5197473","5197731","KN295490v1","43581","43843","34","5153892"
"chr3","5199533","5199842","KN294407v1","2317315","2317623","36","2882218"
"chr3","5202382","5202688","KN296205v1","1038770","1039076","38","4163612"
"chr3","5211211","5211498","KN294260v1","672493","672784","27","4538718"
"chr3","5212850","5213149","KN294260v1","670835","671130","22","4542015"
"chr3","5218230","5218502","KN294260v1","665598","665857","43","4552632"
"chr3","5219561","5219834","KN295923v1","1076581","1076859","35","4142980"
"chr3","5240718","5240936","KN294260v1","647155","647382","19","4593563"
"chr3","5262499","5262802","KN294260v1","623143","623447","25","4639356"
"chr3","5271042","5271345","KN295573v1","502898","503186","59","4768144"
"chr3","5282862","5283143","KN294260v1","603500","603781","19","4679362"
"chr3","5294931","5295238","KN294260v1","591138","591449","24","4703793"
"chr3","5388213","5388499","KN294260v1","500903","501183","36","4887310"
"chr3","5407708","5408012","KN296635v1","2387021","2387331","33","3020687"
"chr3","5434201","5434491","KN295835v1","84846","85139","46","5349355"
"chr3","5449379","5449681","KN294470v1","546565","546872","42","4902814"
"chr3","5457396","5457617","KN295406v1","275159","275372","54","5182237"
"chr3","5466205","5466497","KN294470v1","2136945","2137241","39","3329260"
"chr3","5488184","5488491","KN294257v1","379317","379626","31","5108867"
"chr3","5495657","5495943","KN294260v1","393605","393892","25","5102052"
"chr3","5496064","5496251","KN295533v1","1763610","1763792","39","3732454"
"chr3","5581001","5581304","KN296187v1","232705","233008","43","5348296"
"chr3","5706053","5706353","KN295198v1","274974","275272","38","5431079"
"chr3","5758329","5758604","KN294260v1","126191","126470","34","5632138"
"chr3","6013966","6014253","KN295363v1","805841","806128","29","5208125"
"chr3","6057669","6057921","KN294172v1","2937042","2937291","40","3120627"
"chr3","6062483","6062791","KN295573v1","403827","404137","46","5658656"
"chr3","6083297","6083604","KN294790v1","2771318","2771623","28","3311979"
"chr3","6224005","6224264","KN295363v1","594900","595175","39","5629105"
"chr3","6315015","6315326","KN297442v1","1612430","1612738","37","4702585"
"chr3","6341227","6341523","KN295363v1","475151","475441","27","5866076"
"chr3","6362304","6362639","KN295363v1","454040","454368","42","5908264"
"chr3","6460173","6460491","KN295363v1","352761","353080","35","6107412"
"chr3","6466574","6466873","KN294527v1","159347","159649","43","6307227"
"chr3","6487297","6487567","KN295474v1","1438594","1438859","47","5048703"
"chr3","6489245","6489540","KN295236v1","1479017","1479312","40","5010228"
"chr3","6504829","6505140","KN295363v1","307662","307954","40","6197167"
"chr3","6515234","6515534","KN295363v1","296409","296703","38","6218825"
"chr3","6543750","6544060","KN295363v1","266139","266442","31","6277611"
"chr3","6549717","6550002","KN296178v1","166590","166877","35","6383127"
"chr3","6780950","6781247","KN295363v1","23917","24214","29","6757033"
"chr3","6883665","6883956","KN294407v1","598111","598399","35","6285554"
"chr3","6931241","6931562","KN297094v1","78966","79289","46","6852275"
"chr3","6957600","6957901","KN295523v1","3729294","3729596","41","3228306"
"chr3","7000908","7001198","KN297219v1","2719644","2719934","45","4281264"
"chr3","7003817","7004111","KN296588v1","369136","369431","41","6634681"
"chr3","7004430","7004733","KN297133v1","950328","950631","40","6054102"
"chr3","7047029","7047356","KN294335v1","553358","553676","49","6493671"
"chr3","7060625","7060936","KN296847v1","511055","511365","38","6549570"
"chr3","7083254","7083548","KN296247v1","273218","273514","39","6810036"
"chr3","7128231","7128561","KN296200v1","152896","153211","58","6975335"
"chr3","7204473","7204748","KN295633v1","1370340","1370621","39","5834133"
"chr3","7254157","7254454","KN295032v1","307103","307398","40","6947054"
"chr3","7257764","7258066","KN295801v1","99694","99998","42","7158070"
"chr3","7280463","7280679","KN296201v1","2838026","2838226","49","4442437"
"chr3","7352025","7352338","KN294957v1","62097","62408","37","7289928"
"chr3","7381272","7381589","KN295198v1","263548","263856","45","7117724"
"chr3","7443134","7443437","KN295564v1","408804","409105","44","7034330"
"chr3","7475445","7475754","KN294385v1","510756","511057","45","6964689"
"chr3","7509201","7509521","KN294224v1","760394","760694","62","6748807"
"chr3","7647433","7647711","KN296505v1","2079060","2079337","26","5568373"
"chr3","7781646","7781946","KN296505v1","1947157","1947458","23","5834489"
"chr3","7809995","7810256","KN296505v1","1919830","1920084","27","5890165"
"chr3","7847006","7847320","KN296157v1","885718","886029","42","6961288"
"chr3","7911578","7911873","KN296371v1","42169","42466","31","7869409"
"chr3","8000729","8001049","KN295236v1","4372708","4373024","49","3628021"
"chr3","8025571","8025857","KN297095v1","57865","58149","38","7967706"
"chr3","8138205","8138518","KN296306v1","77319","77623","55","8060886"
"chr3","8166320","8166628","KN296505v1","1584424","1584727","35","6581896"
"chr3","8167484","8167786","KN297276v1","143691","143993","33","8023793"
"chr3","8195936","8196134","KN296505v1","1567704","1567901","20","6628232"
"chr3","8273713","8274019","KN294446v1","240983","241287","41","8032730"
"chr3","8288001","8288305","KN296505v1","1491220","1491524","19","6796781"
"chr3","8333570","8333863","KN296505v1","1441841","1442137","24","6891729"
"chr3","8340534","8340835","KN294470v1","1496938","1497237","47","6843596"
"chr3","8383387","8383677","KN296505v1","1392766","1393046","29","6990621"
"chr3","8394444","8394684","KN295405v1","757351","757593","46","7637093"
"chr3","8533493","8533805","KN294456v1","592934","593237","42","7940559"
"chr3","8604645","8604946","KN296505v1","1165995","1166292","33","7438650"
"chr3","8755584","8755894","KN296505v1","1015013","1015320","36","7740571"
"chr3","8868188","8868408","KN296426v1","64367","64561","58","8803821"
"chr3","8992453","8992750","KN294434v1","711034","711345","56","8281419"
"chr3","9121137","9121435","KN295282v1","105605","105903","36","9015532"
"chr3","9167280","9167566","KN297095v1","57865","58149","40","9109415"
"chr3","9197685","9197997","KN295405v1","1404748","1405060","43","7792937"
"chr3","9236313","9236613","KN294470v1","2136945","2137241","41","7099368"
"chr3","9327409","9327709","KN295198v1","274974","275272","34","9052435"
"chr3","9436137","9436430","KN294229v1","110402","110697","40","9325735"
"chr3","9439388","9439645","KN296036v1","300943","301205","38","9138445"
"chr3","9480782","9481079","KN296505v1","355465","355772","26","9125317"
"chr3","9481232","9481540","KN296505v1","355010","355315","29","9126222"
"chr3","9497542","9497843","KN296505v1","339186","339495","34","9158356"
"chr3","9510187","9510484","KN294526v1","566964","567261","33","8943223"
"chr3","9542430","9542722","KN294446v1","731635","731925","40","8810795"
"chr3","9543760","9544074","KN296505v1","300373","300676","27","9243387"
"chr3","9562747","9563039","KN294964v1","392178","392468","35","9170569"
"chr3","9573246","9573543","KN297276v1","143691","143993","42","9429555"
"chr3","9575764","9576075","KN296505v1","267148","267448","31","9308616"
"chr3","9609841","9610106","KN295474v1","1438594","1438859","42","8171247"
"chr3","9617830","9618083","KN295490v1","43581","43843","40","9574249"
"chr3","9637494","9637788","KN296505v1","202316","202600","27","9435178"
"chr3","9655075","9655277","KN296426v1","64367","64561","37","9590708"
"chr3","9685270","9685555","KN295984v1","76148","76434","33","9609122"
"chr3","9699491","9699789","KN295090v1","1590934","1591232","44","8108557"
"chr3","9708460","9708752","KN296505v1","131892","132168","36","9576568"
"chr3","9718653","9718949","KN296859v1","907172","907456","35","8811481"
"chr3","9741446","9741749","KN295236v1","5356462","5356765","40","4384984"
"chr3","9759650","9759926","KN296153v1","3558047","3558322","32","6201603"
"chr3","9770233","9770520","KN296505v1","70110","70387","37","9700123"
"chr3","9773713","9774020","KN294995v1","15599","15901","38","9758114"
"chr3","9778683","9778994","KN297274v1","913488","913797","36","8865195"
"chr3","9788394","9788697","KN296505v1","52512","52812","31","9735882"
"chr3","9803434","9803724","KN295729v1","826689","826980","41","8976745"
"chr3","9814663","9814941","KN296588v1","954862","955144","47","8859801"
"chr3","9830909","9831226","KN296485v1","748904","749205","39","9082005"
"chr3","9839713","9840010","KN296485v1","738692","738994","35","9101021"
"chr3","9842233","9842535","KN296485v1","737184","737492","26","9105049"
"chr3","9843968","9844234","KN296485v1","735140","735419","28","9108828"
"chr3","9844388","9844685","KN296485v1","734723","735024","27","9109665"
"chr3","9855234","9855541","KN295459v1","673095","673397","42","9182139"
"chr3","9869547","9869848","KN295748v1","161587","161896","33","9707960"
"chr3","9902026","9902307","KN294172v1","1540690","1540957","44","8361336"
"chr3","9917743","9918051","KN296485v1","662709","663006","38","9255034"
"chr3","9927127","9927428","KN294170v1","84454","84765","64","9842673"
"chr3","9963941","9964236","KN296485v1","621414","621710","27","9342527"
"chr3","9975713","9975911","KN294540v1","1367439","1367646","38","8608274"
"chr3","10006518","10006806","KN296485v1","579071","579360","31","9427447"
"chr3","10025883","10026219","KN296485v1","558235","558548","54","9467648"
"chr3","10026528","10026692","KN295102v1","122392","122558","21","9904136"
"chr3","10037152","10037459","KN295022v1","990860","991167","30","9046292"
"chr3","10038871","10039169","KN297442v1","1612430","1612738","37","8426441"
"chr3","10040283","10040583","KN296557v1","18517","18814","35","10021766"
"chr3","10042268","10042562","KN296485v1","541954","542254","22","9500314"
"chr3","10059239","10059538","KN294457v1","22786","23084","45","10036453"
"chr3","10064561","10064878","KN294713v1","1027545","1027860","33","9037016"
"chr3","10072381","10072675","KN294644v1","85408","85699","40","9986973"
"chr3","10073975","10074276","KN296485v1","467539","467840","28","9606436"
"chr3","10074282","10074595","KN296884v1","30338","30656","42","10043944"
"chr3","10101112","10101287","KN296153v1","2423488","2423661","26","7677624"
"chr3","10102126","10102416","KN296485v1","437370","437656","29","9664756"
"chr3","10183283","10183585","KN294172v1","1112560","1112858","42","9070723"
"chr3","10199266","10199596","KN296743v1","969506","969817","63","9229760"
"chr3","10206745","10207062","KN296485v1","320275","320569","38","9886470"
"chr3","10213158","10213469","KN296485v1","295631","295938","35","9917527"
"chr3","10226809","10227094","KN296244v1","191950","192234","37","10034859"
"chr3","10235898","10236186","KN297197v1","699015","699311","30","9536883"
"chr3","10260518","10260819","KN296485v1","246762","247063","17","10013756"
"chr3","10264906","10265207","KN296485v1","241889","242192","23","10023017"
"chr3","10267964","10268267","KN296926v1","326521","326825","38","9941443"
"chr3","10272419","10272725","KN296485v1","234601","234871","54","10037818"
"chr3","10272997","10273285","KN296485v1","234050","234338","33","10038947"
"chr3","10285879","10286140","KN295717v1","1445363","1445625","34","8840516"
"chr3","10296232","10296523","KN296485v1","212367","212650","36","10083865"
"chr3","10302424","10302710","KN296485v1","205258","205540","29","10097166"
"chr3","10306071","10306367","KN296485v1","201639","201935","33","10104432"
"chr3","10321661","10321962","KN297322v1","1224244","1224547","30","9097417"
"chr3","10325943","10326225","KN297233v1","523000","523293","43","9802943"
"chr3","10332597","10332689","KN297026v1","110520","110609","25","10222077"
"chr3","10333273","10333481","KN295977v1","1276894","1277103","40","9056379"
"chr3","10345799","10346093","KN296485v1","165390","165689","28","10180409"
"chr3","10377767","10378063","KN295871v1","542479","542775","38","9835288"
"chr3","10380251","10380561","KN296485v1","133149","133459","27","10247102"
"chr3","10384083","10384269","KN297242v1","1233398","1233569","39","9150685"
"chr3","10388455","10388631","KN294187v1","367609","367787","26","10020846"
"chr3","10402707","10402971","KN296485v1","111948","112216","25","10290759"
"chr3","10405058","10405272","KN296391v1","178234","178452","31","10226824"
"chr3","10456167","10456449","KN294630v1","98716","98984","55","10357451"
"chr3","10471922","10472240","KN296485v1","32423","32738","36","10439499"
"chr3","10474805","10475076","KN296485v1","29723","30001","24","10445082"
"chr3","10482659","10482946","KN296485v1","19277","19551","53","10463382"
"chr3","10503238","10503536","KN294378v1","1238113","1238424","49","9265125"
"chr3","10564075","10564399","KN295983v1","1559311","1559630","52","9004764"
"chr3","10581502","10581810","KN297367v1","115077","115384","41","10466425"
"chr3","10684153","10684460","KN296153v1","1557894","1558198","33","9126259"
"chr3","10749034","10749345","KN296661v1","2149774","2150085","40","8599260"
"chr3","10759693","10759985","KN296122v1","312850","313141","31","10446843"
"chr3","10783777","10784087","KN296404v1","2534470","2534781","43","8249307"
"chr3","10922643","10922932","KN294218v1","2753577","2753834","65","8169066"
"chr3","10933469","10933634","KN294365v1","1970378","1970540","22","8963091"
"chr3","11019341","11019646","KN294879v1","76546","76849","33","10942795"
"chr3","11043858","11044144","KN295729v1","1177774","1178055","37","9866084"
"chr3","11117310","11117614","KN295236v1","4141001","4141296","43","6976309"
"chr3","11250868","11251178","KN295995v1","655021","655332","38","10595847"
"chr3","11257250","11257534","KN294345v1","1119451","1119736","29","10137799"
"chr3","11264948","11265253","KN294991v1","1180582","1180885","33","10084366"
"chr3","11270084","11270332","KN295717v1","1445363","1445625","51","9824721"
"chr3","11312469","11312772","KN295045v1","451861","452165","34","10860608"
"chr3","11341109","11341407","KN294439v1","237310","237608","30","11103799"
"chr3","11345689","11345828","KN295077v1","304214","304343","43","11041475"
"chr3","11347740","11348042","KN294710v1","162997","163304","56","11184743"
"chr3","11351572","11351788","KN297304v1","227819","228033","39","11123753"
"chr3","11351938","11352008","KN297184v1","1201756","1201829","15","10150182"
"chr3","11397009","11397308","KN296011v1","48434","48734","37","11348575"
"chr3","11414476","11414790","KN295319v1","42222","42534","40","11372254"
"chr3","11429620","11429915","KN296682v1","1930392","1930690","33","9499228"
"chr3","11439338","11439632","KN295708v1","2784035","2784327","35","8655303"
"chr3","11440014","11440312","KN294172v1","2069489","2069792","36","9370525"
"chr3","11448908","11449191","KN295967v1","319624","319901","50","11129284"
"chr3","11455184","11455492","KN297320v1","1223277","1223582","37","10231907"
"chr3","11469738","11470035","KN294470v1","2136945","2137241","34","9332793"
"chr3","11546687","11546969","KN294365v1","1732094","1732379","38","9814593"
"chr3","11547100","11547394","KN294147v1","1327198","1327496","36","10219902"
"chr3","11590361","11590667","KN294964v1","1832698","1833002","34","9757663"
"chr3","11609350","11609609","KN296580v1","224007","224259","40","11385343"
"chr3","11615136","11615440","KN297154v1","1577148","1577446","39","10037988"
"chr3","11640916","11641223","KN296090v1","89328","89638","41","11551588"
"chr3","11652964","11653165","KN296426v1","64367","64561","52","11588597"
"chr3","11655149","11655461","KN295487v1","52973","53281","33","11602176"
"chr3","11660671","11660972","KN294172v1","5273992","5274291","41","6386679"
"chr3","11681681","11681981","KN295573v1","192599","192895","40","11489082"
"chr3","11709689","11709997","KN295717v1","1397887","1398198","51","10311802"
"chr3","11768232","11768538","KN294790v1","163386","163690","33","11604846"
"chr3","11777668","11777968","KN294848v1","732576","732875","38","11045092"
"chr3","11789191","11789473","KN295459v1","1621495","1621779","36","10167696"
"chr3","11846115","11846401","KN296810v1","26632","26932","55","11819483"
"chr3","11856226","11856526","KN294548v1","1161001","1161308","36","10695225"
"chr3","11867380","11867650","KN294503v1","22757","23037","46","11844623"
"chr3","11880677","11880988","KN296513v1","2047464","2047766","44","9833213"
"chr3","11892610","11892925","KN294226v1","863815","864126","42","11028795"
"chr3","11899603","11899908","KN294443v1","441739","442042","32","11457864"
"chr3","11900423","11900698","KN294728v1","684677","684939","43","11215746"
"chr3","11906209","11906502","KN295729v1","826689","826980","37","11079520"
"chr3","11920237","11920550","KN294407v1","2157068","2157379","48","9763169"
"chr3","11926665","11926953","KN294790v1","3853980","3854267","42","8072685"
"chr3","11933203","11933502","KN295814v1","300223","300524","33","11632980"
"chr3","11942584","11942914","KN295748v1","161587","161896","56","11780997"
"chr3","11951740","11952042","KN296503v1","540894","541196","33","11410846"
"chr3","11962490","11962787","KN294470v1","2136945","2137241","39","9825545"
"chr3","11963220","11963522","KN295977v1","1131033","1131330","37","10832187"
"chr3","11964215","11964509","KN296153v1","1115266","1115561","37","10848949"
"chr3","11979858","11980170","KN296306v1","1205782","1206092","39","10774076"
"chr3","11981230","11981539","KN294451v1","923267","923577","37","11057963"
"chr3","12004602","12004785","KN297176v1","303268","303437","29","11701334"
"chr3","12069270","12069562","KN297083v1","1008256","1008538","45","11061014"
"chr3","12089326","12089618","KN296485v1","262838","263132","37","11826488"
"chr3","12099752","12100065","KN295090v1","2388547","2388856","43","9711205"
"chr3","12103872","12104173","KN296485v1","246762","247063","37","11857110"
"chr3","12109112","12109417","KN295345v1","1051618","1051926","44","11057494"
"chr3","12157122","12157418","KN295371v1","459489","459790","49","11697633"
"chr3","12193812","12194115","KN296244v1","22101","22403","40","12171711"
"chr3","12194260","12194540","KN296833v1","94676","94959","39","12099584"
"chr3","12232704","12232996","KN295114v1","157283","157573","36","12075421"
"chr3","12260867","12261098","KN295967v1","625826","626071","46","11635041"
"chr3","12317168","12317471","KN296743v1","1506216","1506522","45","10810952"
"chr3","12415562","12415857","KN295343v1","729289","729587","32","11686273"
"chr3","12455102","12455403","KN296311v1","2891003","2891305","36","9564099"
"chr3","12484081","12484388","KN296959v1","1610341","1610649","39","10873740"
"chr3","12488590","12488885","KN294561v1","1084406","1084703","41","11404184"
"chr3","12528441","12528724","KN294949v1","864636","864923","39","11663805"
"chr3","12574606","12574911","KN295236v1","35793","36099","42","12538813"
"chr3","12611763","12612073","KN294199v1","636506","636815","39","11975257"
"chr3","12683997","12684177","KN294470v1","220971","221157","33","12463026"
"chr3","12698130","12698432","KN294218v1","2229937","2230236","41","10468193"
"chr3","12733451","12733745","KN296620v1","349918","350214","33","12383533"
"chr3","12737651","12737956","KN294326v1","309006","309309","40","12428645"
"chr3","12753997","12754297","KN296311v1","2283043","2283345","44","10470954"
"chr3","12777208","12777512","KN296442v1","417977","418281","29","12359231"
"chr3","12778415","12778718","KN295236v1","5356462","5356765","33","7421953"
"chr3","12779813","12780100","KN295523v1","3015511","3015803","32","9764302"
"chr3","12786994","12787285","KN294561v1","1887166","1887450","44","10899828"
"chr3","12788463","12788758","KN296964v1","1801449","1801744","36","10987014"
"chr3","12796342","12796630","KN296726v1","976648","976930","37","11819694"
"chr3","12853043","12853342","KN294470v1","2136945","2137241","29","10716098"
"chr3","12869993","12870287","KN294470v1","2136945","2137241","36","10733048"
"chr3","12876908","12877184","KN297095v1","1116446","1116728","39","11760462"
"chr3","12890221","12890465","KN295405v1","757351","757593","63","12132870"
"chr3","12894387","12894693","KN297008v1","2628691","2629002","38","10265696"
"chr3","12906607","12906866","KN294874v1","1378226","1378486","35","11528381"
"chr3","12911807","12912038","KN297186v1","50383","50628","54","12861424"
"chr3","12919337","12919633","KN294444v1","166708","167002","27","12752629"
"chr3","12933185","12933441","KN294863v1","433286","433550","48","12499899"
"chr3","12936582","12936862","KN294539v1","1287945","1288241","45","11648637"
"chr3","12947769","12948085","KN295319v1","23447","23755","64","12924322"
"chr3","12949818","12950116","KN296485v1","541954","542254","30","12407864"
"chr3","12963998","12964308","KN295497v1","271857","272164","35","12692141"
"chr3","12965733","12966029","KN294229v1","110402","110697","34","12855331"
"chr3","12971526","12971739","KN297068v1","176341","176555","44","12795185"
"chr3","12983122","12983410","KN295319v1","65659","65956","36","12917463"
"chr3","12998935","12999230","KN294456v1","1098138","1098439","37","11900797"
"chr3","13000268","13000562","KN295319v1","84365","84658","28","12915903"
"chr3","13005393","13005691","KN297032v1","184087","184386","33","12821306"
"chr3","13008805","13009098","KN296079v1","437644","437936","29","12571161"
"chr3","13018699","13019000","KN295319v1","104467","104762","31","12914232"
"chr3","13038418","13038716","KN296557v1","13515","13811","30","13024903"
"chr3","13044125","13044430","KN294842v1","1140814","1141117","35","11903311"
"chr3","13099453","13099753","KN295319v1","188304","188595","36","12911149"
"chr3","13158243","13158551","KN296158v1","1175251","1175559","31","11982992"
"chr3","13195157","13195415","KN295319v1","278403","278654","28","12916754"
"chr3","13201781","13202095","KN294884v1","66822","67131","47","13134959"
"chr3","13211165","13211475","KN295319v1","295598","295908","32","12915567"
"chr3","13280348","13280654","KN295319v1","366050","366359","29","12914298"
"chr3","13337318","13337623","KN294629v1","9039","9337","42","13328279"
"chr3","13447311","13447612","KN295319v1","540698","541003","32","12906613"
"chr3","13448530","13448841","KN295319v1","542223","542534","29","12906307"
"chr3","13516258","13516550","KN295319v1","611109","611395","37","12905149"
"chr3","13535847","13536126","KN296508v1","1079358","1079640","30","12456489"
"chr3","13536170","13536452","KN296508v1","659940","660226","34","12876230"
"chr3","13627532","13627829","KN295319v1","719704","720006","22","12907828"
"chr3","13639560","13639857","KN296682v1","1930392","1930690","36","11709168"
"chr3","13654851","13655160","KN297259v1","2380890","2381199","41","11273961"
"chr3","13663011","13663317","KN296714v1","105680","105983","51","13557331"
"chr3","13669679","13669977","KN294470v1","2136945","2137241","37","11532734"
"chr3","13680391","13680713","KN295319v1","772235","772546","31","12908156"
"chr3","13693509","13693820","KN296959v1","1350845","1351154","38","12342664"
"chr3","13694770","13695081","KN294378v1","1238113","1238424","38","12456657"
"chr3","13710893","13711188","KN296846v1","819340","819635","36","12891553"
"chr3","13714325","13714622","KN296635v1","3876048","3876352","37","9838277"
"chr3","13716871","13717167","KN296732v1","3482334","3482632","41","10234537"
"chr3","13734284","13734593","KN294367v1","7439","7744","40","13726845"
"chr3","13756441","13756751","KN295294v1","1127278","1127588","37","12629163"
"chr3","13817792","13818087","KN294199v1","83313","83611","29","13734479"
"chr3","13905802","13906114","KN296430v1","96066","96377","44","13809736"
"chr3","14056498","14056795","KN294419v1","252196","252492","41","13804302"
"chr3","14100439","14100758","KN296460v1","119303","119632","52","13981136"
"chr3","14144874","14145135","KN295735v1","695987","696249","27","13448887"
"chr3","14145570","14145795","KN294831v1","465927","466152","39","13679643"
"chr3","14160541","14160838","KN295708v1","274420","274717","48","13886121"
"chr3","14188651","14188940","KN295667v1","2449464","2449766","45","11739187"
"chr3","14273104","14273398","KN294526v1","334958","335253","34","13938146"
"chr3","14298448","14298749","KN296247v1","901747","902047","38","13396701"
"chr3","14361355","14361661","KN296303v1","662776","663079","32","13698579"
"chr3","14361736","14362037","KN294251v1","1707208","1707507","40","12654528"
"chr3","14376029","14376262","KN296153v1","276842","277064","36","14099187"
"chr3","14384397","14384653","KN294169v1","154815","155091","48","14229582"
"chr3","14389654","14389941","KN294172v1","6434661","6434945","46","7954993"
"chr3","14397603","14397905","KN296833v1","30824","31126","31","14366779"
"chr3","14496764","14497066","KN296829v1","581505","581808","43","13915259"
"chr3","14587129","14587425","KN294539v1","1287945","1288241","33","13299184"
"chr3","14591263","14591555","KN294269v1","550588","550887","39","14040675"
"chr3","14599584","14599889","KN297327v1","217601","217906","33","14381983"
"chr3","14682205","14682506","KN295961v1","20434","20745","39","14661771"
"chr3","14745234","14745545","KN295814v1","87028","87339","39","14658206"
"chr3","14797689","14797992","KN296833v1","30824","31126","39","14766865"
"chr3","14806673","14806949","KN295814v1","1737462","1737729","42","13069211"
"chr3","14886683","14886977","KN295729v1","826689","826980","29","14059994"
"chr3","14955117","14955414","KN296404v1","1150048","1150343","32","13805069"
"chr3","15048433","15048706","KN295962v1","2031081","2031349","47","13017352"
"chr3","15099390","15099678","KN295692v1","1195541","1195822","43","13903849"
"chr3","15103232","15103531","KN294571v1","1575904","1576204","31","13527328"
"chr3","15114825","15115139","KN296040v1","561319","561629","41","14553506"
"chr3","15154283","15154565","KN294366v1","429818","430102","31","14724465"
"chr3","15193757","15194059","KN295459v1","673095","673397","34","14520662"
"chr3","15241997","15242296","KN294879v1","76546","76849","38","15165451"
"chr3","15254042","15254333","KN296846v1","819340","819635","39","14434702"
"chr3","15262144","15262439","KN296225v1","765260","765548","40","14496884"
"chr3","15307058","15307288","KN294705v1","476575","476799","36","14830483"
"chr3","15352792","15353095","KN296520v1","366666","366970","36","14986126"
"chr3","15370953","15371260","KN294548v1","1161001","1161308","36","14209952"
"chr3","15434066","15434287","KN296225v1","685783","685976","51","14748283"
"chr3","15451918","15452227","KN295433v1","250702","251008","40","15201216"
"chr3","15459319","15459618","KN296119v1","1735099","1735396","38","13724220"
"chr3","15499423","15499702","KN294251v1","1151512","1151787","39","14347911"
"chr3","15504926","15505211","KN294937v1","266","558","36","15504660"
"chr3","15508064","15508376","KN296643v1","852402","852709","43","14655662"
"chr3","15509940","15510239","KN294803v1","119274","119577","37","15390666"
"chr3","15537044","15537360","KN296484v1","351750","352061","41","15185294"
"chr3","15539196","15539384","KN296495v1","510488","510677","29","15028708"
"chr3","15556915","15557202","KN294193v1","400597","400883","35","15156318"
"chr3","15572370","15572675","KN294527v1","159347","159649","52","15413023"
"chr3","15584565","15584874","KN295433v1","250702","251008","39","15333863"
"chr3","15593593","15593873","KN296820v1","850935","851222","46","14742658"
"chr3","15599880","15600151","KN295633v1","2562201","2562470","33","13037679"
"chr3","15606870","15607176","KN296964v1","1801449","1801744","50","13805421"
"chr3","15647400","15647695","KN294181v1","145618","145914","39","15501782"
"chr3","15650856","15651159","KN296167v1","450049","450355","40","15200807"
"chr3","15681913","15682209","KN297133v1","1612844","1613144","40","14069069"
"chr3","15699126","15699443","KN294592v1","1321409","1321720","42","14377717"
"chr3","15741613","15741922","KN295459v1","1398303","1398606","38","14343310"
"chr3","15770695","15770995","KN295814v1","23403","23706","36","15747292"
"chr3","15791881","15792177","KN296119v1","2059571","2059861","34","13732310"
"chr3","15809567","15809878","KN296484v1","351750","352061","34","15457817"
"chr3","15827171","15827467","KN294561v1","1084406","1084703","33","14742765"
"chr3","15828217","15828509","KN294416v1","920977","921270","31","14907240"
"chr3","15895666","15895814","KN294501v1","576755","576898","33","15318911"
"chr3","15896868","15897178","KN296157v1","885718","886029","33","15011150"
"chr3","15916116","15916403","KN294685v1","407085","407372","35","15509031"
"chr3","15921345","15921630","KN294365v1","1000018","1000305","39","14921327"
"chr3","15946819","15947129","KN297227v1","1125864","1126176","45","14820955"
"chr3","15973946","15974248","KN295236v1","532264","532563","37","15441682"
"chr3","16010448","16010748","KN294571v1","890748","891049","35","15119700"
"chr3","16014204","16014494","KN296831v1","388107","388396","33","15626097"
"chr3","16033131","16033417","KN295637v1","192533","192814","37","15840598"
"chr3","16120599","16120903","KN296158v1","1175251","1175559","36","14945348"
"chr3","16175072","16175365","KN295705v1","2028263","2028557","42","14146809"
"chr3","16225019","16225313","KN296557v1","13515","13811","35","16211504"
"chr3","16383113","16383407","KN294987v1","443267","443562","32","15939846"
"chr3","16475625","16475931","KN295433v1","250702","251008","35","16224923"
"chr3","16481344","16481647","KN296982v1","567624","567930","34","15913720"
"chr3","16532803","16533102","KN294444v1","166708","167002","38","16366095"
"chr3","16555870","16556174","KN294966v1","57136","57441","35","16498734"
"chr3","16598114","16598424","KN296357v1","507108","507414","34","16091006"
"chr3","16651398","16651695","KN297154v1","449271","449568","31","16202127"
"chr3","16742065","16742355","KN295962v1","1414316","1414609","42","15327749"
"chr3","16746152","16746449","KN297245v1","1416081","1416379","27","15330071"
"chr3","16847664","16847978","KN297023v1","480259","480560","50","16367405"
"chr3","16919417","16919584","KN294831v1","658690","658843","37","16260727"
"chr3","17194234","17194527","KN295814v1","1261993","1262292","35","15932241"
"chr3","17205204","17205499","KN296732v1","3482334","3482632","31","13722870"
"chr3","17239267","17239502","KN297186v1","50383","50628","43","17188884"
"chr3","17264917","17265214","KN294733v1","607498","607793","35","16657419"
"chr3","17327150","17327450","KN295343v1","729289","729587","32","16597861"
"chr3","17335222","17335513","KN296153v1","1090111","1090408","26","16245111"
"chr3","17388150","17388455","KN296311v1","1117474","1117774","39","16270676"
"chr3","17447186","17447489","KN295236v1","4249040","4249346","45","13198146"
"chr3","17465770","17466069","KN294407v1","3027269","3027567","30","14438501"
"chr3","17503567","17503866","KN294499v1","1117273","1117575","37","16386294"
"chr3","17579570","17579874","KN295284v1","131398","131699","44","17448172"
"chr3","17623851","17624148","KN294561v1","1084406","1084703","44","16539445"
"chr3","17708621","17708782","KN294713v1","386007","386172","31","17322614"
"chr3","17893619","17893908","KN295814v1","985947","986239","43","16907672"
"chr3","17950336","17950632","KN294470v1","2136945","2137241","46","15813391"
"chr3","17987745","17988044","KN295032v1","307103","307398","38","17680642"
"chr3","17995739","17996055","KN296378v1","660680","660977","59","17335059"
"chr3","18007767","18008058","KN295420v1","208371","208668","41","17799396"
"chr3","18060788","18061094","KN295459v1","1335733","1336041","37","16725055"
"chr3","18069759","18070059","KN296468v1","35196","35485","53","18034563"
"chr3","18098725","18099040","KN297133v1","1077051","1077369","47","17021674"
"chr3","18137920","18138218","KN295090v1","786208","786506","53","17351712"
"chr3","18285544","18285853","KN294685v1","48181","48492","46","18237363"
"chr3","18309446","18309730","KN296138v1","452937","453216","43","17856509"
"chr3","18462655","18462950","KN296153v1","3041230","3041525","30","15421425"
"chr3","18474646","18474952","KN297133v1","950328","950631","42","17524318"
"chr3","18519365","18519525","KN294187v1","1105095","1105248","21","17414270"
"chr3","18580655","18580967","KN296665v1","158306","158620","46","18422349"
"chr3","19101400","19101723","KN295607v1","153133","153443","45","18948267"
"chr3","19178265","19178555","KN296649v1","502099","502397","46","18676166"
"chr3","19210024","19210313","KN296955v1","778413","778706","41","18431611"
"chr3","19211354","19211612","KN295490v1","43581","43843","45","19167773"
"chr3","19378064","19378368","KN295059v1","458362","458670","48","18919702"
"chr3","19471285","19471594","KN294644v1","204131","204439","41","19267154"
"chr3","19662010","19662307","KN296430v1","1105044","1105344","47","18556966"
"chr3","19748386","19748540","KN295480v1","3253296","3253454","29","16495090"
"chr3","19903923","19904217","KN295573v1","192599","192895","38","19711324"
"chr3","20077545","20077836","KN296009v1","1147876","1148169","35","18929669"
"chr3","20136282","20136561","KN295987v1","1241626","1241902","60","18894656"
"chr3","20207839","20208140","KN294470v1","518751","519054","27","19689088"
"chr3","20214422","20214703","KN296859v1","1581704","1581985","35","18632718"
"chr3","20225345","20225660","KN296311v1","8317826","8318133","46","11907519"
"chr3","20234610","20234900","KN296191v1","1583685","1583976","25","18650925"
"chr3","20241580","20241878","KN296191v1","1576710","1577006","20","18664870"
"chr3","20245046","20245342","KN296191v1","1572890","1573195","32","18672156"
"chr3","20248008","20248309","KN296191v1","1569928","1570210","36","18678080"
"chr3","20273389","20273684","KN296191v1","1544699","1544991","24","18728690"
"chr3","20305409","20305730","KN297094v1","78966","79289","46","20226443"
"chr3","20312834","20313199","KN295820v1","515209","515561","89","19797625"
"chr3","20317545","20317847","KN296108v1","532376","532674","36","19785169"
"chr3","20320476","20320764","KN295729v1","826689","826980","35","19493787"
"chr3","20323100","20323406","KN296191v1","1499055","1499364","24","18824045"
"chr3","20332717","20333016","KN297245v1","1416081","1416379","37","18916636"
"chr3","20335229","20335508","KN296191v1","1486142","1486435","45","18849087"
"chr3","20335949","20336244","KN296191v1","1485410","1485702","18","18850539"
"chr3","20336333","20336642","KN295112v1","477640","477949","41","19858693"
"chr3","20337270","20337581","KN296731v1","1167793","1168104","33","19169477"
"chr3","20362555","20362855","KN296191v1","1457934","1458226","38","18904621"
"chr3","20374254","20374552","KN296749v1","1275542","1275825","43","19098712"
"chr3","20385022","20385315","KN296191v1","1435529","1435831","35","18949493"
"chr3","20387861","20388154","KN294705v1","867156","867449","38","19520705"
"chr3","20414130","20414424","KN295102v1","311884","312184","41","20102246"
"chr3","20414552","20414862","KN296191v1","1406195","1406504","26","19008357"
"chr3","20426979","20427287","KN296191v1","1392590","1392897","24","19034389"
"chr3","20506083","20506368","KN296191v1","1324687","1324962","32","19181396"
"chr3","20521416","20521706","KN294457v1","990718","991014","35","19530698"
"chr3","20567035","20567335","KN296191v1","1262775","1263067","28","19304260"
"chr3","20626626","20626936","KN296191v1","1198325","1198632","23","19428301"
"chr3","20627499","20627765","KN295459v1","456291","456555","34","20171208"
"chr3","20634406","20634707","KN295032v1","307103","307398","44","20327303"
"chr3","20730588","20730901","KN296191v1","1109747","1110054","37","19620841"
"chr3","20735361","20735674","KN296191v1","1109747","1110054","37","19625614"
"chr3","21060878","21061177","KN294456v1","1098138","1098439","39","19962740"
"chr3","21118336","21118619","KN296191v1","693551","693843","31","20424785"
"chr3","21148153","21148435","KN295667v1","349246","349534","46","20798907"
"chr3","21276231","21276533","KN296191v1","540135","540446","32","20736096"
"chr3","21395021","21395295","KN294172v1","1540690","1540957","42","19854331"
"chr3","21509060","21509359","KN294470v1","2136945","2137241","35","19372115"
"chr3","21714616","21714906","KN296191v1","129963","130245","30","21584653"
"chr3","21847584","21847882","KN294581v1","619147","619445","33","21228437"
"chr3","21905047","21905359","KN294790v1","163386","163690","42","21741661"
"chr3","21915574","21915875","KN295487v1","52973","53281","39","21862601"
"chr3","21933611","21933901","KN295096v1","2965990","2966278","45","18967621"
"chr3","22157298","22157575","KN295038v1","113975","114248","44","22043323"
"chr3","22203163","22203457","KN294193v1","425211","425504","46","21777952"
"chr3","22272989","22273296","KN296357v1","653990","654295","29","21618999"
"chr3","22347798","22348102","KN296036v1","769191","769486","32","21578607"
"chr3","22380793","22381102","KN296247v1","901747","902047","48","21479046"
"chr3","22485789","22486085","KN296187v1","2317928","2318227","36","20167861"
"chr3","22504362","22504667","KN297008v1","2754056","2754362","36","19750306"
"chr3","22532728","22533007","KN296795v1","2620003","2620285","41","19912725"
"chr3","22908165","22908378","KN297019v1","787325","787535","33","22120840"
"chr3","23008319","23008561","KN295405v1","757351","757593","44","22250968"
"chr3","23122171","23122353","KN297133v1","1345706","1345883","30","21776465"
"chr3","23195049","23195374","KN296484v1","351750","352061","61","22843299"
"chr3","23200429","23200720","KN295586v1","1834408","1834703","43","21366021"
"chr3","23256393","23256697","KN294266v1","214101","214406","38","23042292"
"chr3","23269142","23269445","KN294456v1","1098138","1098439","39","22171004"
"chr3","23291291","23291594","KN295361v1","932292","932599","37","22358999"
"chr3","23317693","23317985","KN296357v1","610412","610703","42","22707281"
"chr3","23487244","23487548","KN297153v1","651889","652188","40","22835355"
"chr3","23507102","23507373","KN296122v1","387098","387375","52","23120004"
"chr3","23548194","23548495","KN295198v1","263548","263856","39","23284646"
"chr3","23549125","23549372","KN294499v1","1236020","1236264","42","22313105"
"chr3","23565908","23566202","KN296119v1","665460","665754","42","22900448"
"chr3","23570765","23571055","KN295607v1","4406348","4406645","46","19164417"
"chr3","23575055","23575336","KN295523v1","3563714","3563995","35","20011341"
"chr3","23587133","23587435","KN294172v1","5096709","5097006","52","18490424"
"chr3","23636482","23636776","KN296345v1","121659","121957","45","23514823"
"chr3","23676774","23677054","KN294419v1","249054","249343","61","23427720"
"chr3","23710982","23711292","KN297133v1","1603609","1603918","44","22107373"
"chr3","23717536","23717839","KN294911v1","3763985","3764286","38","19953551"
"chr3","23720142","23720439","KN297044v1","561559","561858","37","23158583"
"chr3","23763354","23763655","KN294705v1","2116335","2116637","37","21647019"
"chr3","23789616","23789919","KN294873v1","1602078","1602381","36","22187538"
"chr3","23878867","23879170","KN296926v1","272677","272978","46","23606190"
"chr3","23888489","23888809","KN294978v1","373437","373746","86","23515052"
"chr3","23926527","23926827","KN297276v1","74967","75265","32","23851560"
"chr3","23944481","23944778","KN297112v1","2135774","2136072","39","21808707"
"chr3","24011309","24011473","KN296357v1","29492","29658","24","23981817"
"chr3","24012301","24012612","KN294385v1","131924","132234","40","23880377"
"chr3","24025219","24025529","KN294466v1","12634","12944","38","24012585"
"chr3","24032714","24033019","KN295983v1","1699675","1699986","43","22333039"
"chr3","24072279","24072580","KN296079v1","686222","686522","36","23386057"
"chr3","24074473","24074768","KN294917v1","405138","405434","39","23669335"
"chr3","24148747","24148916","KN294987v1","480021","480187","20","23668726"
"chr3","24156550","24156841","KN294957v1","32521","32810","34","24124029"
"chr3","24158278","24158577","KN294372v1","2629158","2629456","36","21529120"
"chr3","24170699","24170995","KN294526v1","334958","335253","44","23835741"
"chr3","24178748","24179053","KN294470v1","2136945","2137241","39","22041803"
"chr3","24179346","24179641","KN295893v1","5868753","5869051","34","18310593"
"chr3","24201030","24201331","KN297154v1","1039874","1040175","32","23161156"
"chr3","24231572","24231886","KN294790v1","163386","163690","50","24068186"
"chr3","24232244","24232478","KN295405v1","757351","757593","35","23474893"
"chr3","24300678","24300988","KN294199v1","636506","636815","35","23664172"
"chr3","24309411","24309702","KN294172v1","5828976","5829275","40","18480435"
"chr3","24311019","24311323","KN294378v1","1174635","1174937","44","23136384"
"chr3","24325982","24326255","KN295977v1","143601","143874","37","24182381"
"chr3","24328971","24329244","KN295202v1","1407634","1407910","42","22921337"
"chr3","24349563","24349862","KN295198v1","274974","275272","35","24074589"
"chr3","24352907","24353218","KN295708v1","1431107","1431415","45","22921800"
"chr3","24362645","24362869","KN295977v1","1276894","1277103","45","23085751"
"chr3","24363628","24363935","KN294521v1","404396","404704","45","23959232"
"chr3","24373410","24373673","KN294172v1","4940663","4940925","41","19432747"
"chr3","24376942","24377242","KN294790v1","163386","163690","40","24213556"
"chr3","24386577","24386888","KN294407v1","2157068","2157379","38","22229509"
"chr3","24389792","24390090","KN295284v1","147405","147703","26","24242387"
"chr3","24399583","24399888","KN294375v1","493338","493642","44","23906245"
"chr3","24400204","24400515","KN294451v1","913005","913315","45","23487199"
"chr3","24407071","24407369","KN297327v1","811573","811871","38","23595498"
"chr3","24411567","24411862","KN297019v1","866059","866361","38","23545508"
"chr3","24418579","24418801","KN296391v1","178234","178452","34","24240345"
"chr3","24466589","24466888","KN297322v1","1224244","1224547","36","23242345"
"chr3","24608323","24608617","KN295090v1","1338805","1339099","34","23269518"
"chr3","24724886","24725188","KN294717v1","270152","270451","37","24454734"
"chr3","25000806","25001070","KN294172v1","1540690","1540957","31","23460116"
"chr3","25047283","25047592","KN296907v1","1003477","1003789","37","24043806"
"chr3","25057268","25057566","KN294172v1","6311128","6311420","42","18746140"
"chr3","25149431","25149736","KN297112v1","5010886","5011188","45","20138545"
"chr3","25186501","25186810","KN296253v1","1402144","1402449","49","23784357"
"chr3","25309419","25309732","KN295814v1","1059254","1059558","40","24250165"
"chr3","25321433","25321737","KN294456v1","1098138","1098439","45","24223295"
"chr3","25410456","25410734","KN294911v1","4607907","4608180","43","20802549"
"chr3","25556428","25556723","KN297245v1","1416081","1416379","34","24140347"
"chr3","25596141","25596445","KN296404v1","3557414","3557714","47","22038727"
"chr3","25729718","25730019","KN294378v1","1310611","1310912","38","24419107"
"chr3","25734195","25734496","KN294378v1","1310611","1310912","40","24423584"
"chr3","25815940","25816235","KN294470v1","2136945","2137241","39","23678995"
"chr3","25918920","25919207","KN295236v1","2410017","2410284","52","23508903"
"chr3","26037020","26037316","KN295248v1","748557","748854","45","25288463"
"chr3","26065799","26066094","KN294539v1","1287945","1288241","35","24777854"
"chr3","26080650","26080950","KN294933v1","554050","554346","38","25526600"
"chr3","26086178","26086450","KN296406v1","158505","158783","36","25927673"
"chr3","26089245","26089533","KN295607v1","4682824","4683115","38","21406421"
"chr3","26153935","26154248","KN295586v1","1244707","1245017","39","24909228"
"chr3","26178235","26178537","KN296406v1","42376","42676","35","26135859"
"chr3","26180910","26181203","KN296620v1","349918","350214","36","25830992"
"chr3","26211621","26211913","KN296435v1","2744592","2744883","42","23467029"
"chr3","26315899","26316058","KN296665v1","175822","175973","25","26140077"
"chr3","26442135","26442443","KN295315v1","133371","133680","39","26308764"
"chr3","26728813","26729116","KN296731v1","1440905","1441210","35","25287908"
"chr3","26793101","26793413","KN296404v1","1423465","1423767","38","25369636"
"chr3","26956960","26957248","KN294647v1","185532","185822","35","26771428"
"chr3","26985330","26985632","KN296145v1","109372","109673","45","26875958"
"chr3","26990407","26990709","KN295102v1","311884","312184","45","26678523"
"chr3","27060159","27060374","KN295326v1","71409","71626","45","26988750"
"chr3","27152509","27152789","KN297114v1","57040","57317","42","27095469"
"chr3","27197320","27197630","KN296062v1","2006092","2006398","42","25191228"
"chr3","27197631","27197777","KN295284v1","147250","147404","31","27050381"
"chr3","27204770","27205082","KN296635v1","4969030","4969343","45","22235740"
"chr3","27277767","27278063","KN294470v1","764276","764573","49","26513491"
"chr3","27469406","27469707","KN297112v1","5010886","5011188","37","22458520"
"chr3","27537698","27538013","KN296310v1","958636","958949","41","26579062"
"chr3","27579272","27579565","KN294407v1","975151","975446","37","26604121"
"chr3","27580420","27580679","KN295474v1","1438594","1438859","38","26141826"
"chr3","27585332","27585637","KN294378v1","1504358","1504668","40","26080974"
"chr3","27589128","27589404","KN296907v1","108568","108850","39","27480560"
"chr3","27639245","27639547","KN296557v1","18517","18814","38","27620728"
"chr3","27702698","27702992","KN295361v1","824524","824814","41","26878174"
"chr3","27704965","27705265","KN294592v1","1036828","1037126","41","26668137"
"chr3","27732320","27732611","KN294229v1","67784","68074","34","27664536"
"chr3","27749533","27749844","KN296157v1","885718","886029","36","26863815"
"chr3","27753636","27753943","KN296732v1","505664","505970","34","27247972"
"chr3","27804094","27804372","KN295987v1","1241626","1241902","51","26562468"
"chr3","27857879","27858156","KN297133v1","1646303","1646582","40","26211576"
"chr3","27858188","27858470","KN295371v1","448057","448341","33","27410131"
"chr3","27865616","27865937","KN295586v1","1244707","1245017","41","26620909"
"chr3","27874120","27874414","KN296609v1","617365","617660","39","27256755"
"chr3","27884345","27884621","KN294790v1","2381570","2381852","48","25502775"
"chr3","27906446","27906748","KN294325v1","1015803","1016101","33","26890643"
"chr3","27907450","27907743","KN297233v1","523000","523293","36","27384450"
"chr3","27915689","27915999","KN294257v1","1771672","1771973","51","26144017"
"chr3","27918847","27919143","KN294685v1","334392","334694","48","27584455"
"chr3","27919734","27920051","KN296661v1","1528241","1528552","40","26391493"
"chr3","27922835","27923149","KN295474v1","1195383","1195693","45","26727452"
"chr3","27926236","27926547","KN297070v1","379833","380141","33","27546403"
"chr3","27927253","27927525","KN297227v1","864147","864428","47","27063106"
"chr3","27929690","27929993","KN294287v1","548150","548456","44","27381540"
"chr3","27934258","27934550","KN294991v1","1101335","1101628","34","26832923"
"chr3","27935218","27935470","KN295343v1","293265","293528","61","27641953"
"chr3","27941444","27941747","KN294451v1","1139913","1140218","35","26801531"
"chr3","27945060","27945371","KN294790v1","2480212","2480521","43","25464848"
"chr3","27947629","27947912","KN296406v1","281155","281453","41","27666474"
"chr3","27950424","27950734","KN296145v1","3430721","3431032","37","24519703"
"chr3","27951077","27951384","KN296503v1","539763","540066","39","27411314"
"chr3","27962183","27962501","KN296484v1","351750","352061","44","27610433"
"chr3","27980915","27981205","KN294172v1","2063875","2064162","52","25917040"
"chr3","27983016","27983287","KN296079v1","662260","662539","41","27320756"
"chr3","27988447","27988759","KN296959v1","1610341","1610649","34","26378106"
"chr3","27990452","27990751","KN294561v1","1084406","1084703","38","26906046"
"chr3","27995327","27995630","KN294592v1","135967","136267","51","27859360"
"chr3","27999381","27999678","KN294911v1","2646845","2647138","42","25352536"
"chr3","28004770","28005059","KN294172v1","5503082","5503380","50","22501688"
"chr3","28006565","28006774","KN296357v1","36224","36429","33","27970341"
"chr3","28007769","28008058","KN297274v1","2069444","2069737","42","25938325"
"chr3","28038909","28039209","KN296495v1","846041","846339","42","27192868"
"chr3","28066074","28066372","KN296484v1","476122","476425","33","27589952"
"chr3","28085839","28086146","KN295077v1","613765","614075","42","27472074"
"chr3","28095361","28095651","KN294193v1","425211","425504","44","27670150"
"chr3","28098879","28099194","KN295346v1","393390","393696","46","27705489"
"chr3","28102678","28102925","KN295243v1","1473974","1474238","47","26628704"
"chr3","28120797","28121102","KN295205v1","1322138","1322442","42","26798659"
"chr3","28123616","28123924","KN295748v1","161587","161896","39","27962029"
"chr3","28128376","28128679","KN296406v1","327419","327719","44","27800957"
"chr3","28162903","28163218","KN294964v1","1171001","1171302","58","26991902"
"chr3","28164182","28164479","KN296682v1","1930392","1930690","41","26233790"
"chr3","28185063","28185370","KN296187v1","2337683","2337985","39","25847380"
"chr3","28193862","28194173","KN296079v1","587166","587474","34","27606696"
"chr3","28210995","28211277","KN294224v1","777226","777507","44","27433769"
"chr3","28213929","28214238","KN295077v1","613765","614075","44","27600164"
"chr3","28317249","28317558","KN297219v1","342735","343044","41","27974514"
"chr3","28334618","28334906","KN296731v1","716438","716731","39","27618180"
"chr3","28336810","28337104","KN295666v1","836831","837120","39","27499979"
"chr3","28398433","28398727","KN294948v1","26529","26824","39","28371904"
"chr3","28427941","28428246","KN294456v1","1098138","1098439","43","27329803"
"chr3","28561847","28562164","KN296849v1","684357","684668","44","27877490"
"chr3","28569052","28569362","KN296484v1","351750","352061","38","28217302"
"chr3","28583200","28583496","KN295571v1","1155767","1156067","50","27427433"
"chr3","28679956","28680255","KN296153v1","1115266","1115561","38","27564690"
"chr3","28730447","28730741","KN294187v1","1109661","1109959","44","27620786"
"chr3","28743506","28743816","KN296404v1","2534470","2534781","33","26209036"
"chr3","28750346","28750639","KN295096v1","2965990","2966278","40","25784356"
"chr3","28825232","28825544","KN295846v1","24517","24819","34","28800715"
"chr3","28871579","28871881","KN295666v1","535897","536196","43","28335682"
"chr3","28919859","28920142","KN294187v1","1334472","1334758","34","27585387"
"chr3","29045222","29045450","KN296153v1","1527782","1528006","48","27517440"
"chr3","29143362","29143655","KN295967v1","1069377","1069670","45","28073985"
"chr3","29159034","29159346","KN295091v1","2259731","2260040","42","26899303"
"chr3","29225340","29225647","KN297327v1","217601","217906","39","29007739"
"chr3","29317827","29318104","KN297159v1","1438657","1438931","36","27879170"
"chr3","29384337","29384620","KN295459v1","1101140","1101421","31","28283197"
"chr3","29443430","29443727","KN296948v1","1380864","1381173","42","28062566"
"chr3","29536324","29536612","KN294407v1","598111","598399","39","28938213"
"chr3","29566050","29566354","KN294777v1","199491","199793","51","29366559"
"chr3","29630242","29630530","KN296682v1","4076726","4077024","42","25553516"
"chr3","29686378","29686680","KN295302v1","246524","246824","35","29439854"
"chr3","29704629","29704939","KN294291v1","613063","613369","53","29091566"
"chr3","29730206","29730503","KN294273v1","24470","24755","36","29705736"
"chr3","29799832","29800129","KN295571v1","513084","513393","42","29286748"
"chr3","29926277","29926542","KN294822v1","45811","46075","48","29880466"
"chr3","29980832","29981133","KN295198v1","274974","275272","35","29705858"
"chr3","29986713","29987011","KN296145v1","740136","740436","38","29246577"
"chr3","30000923","30001226","KN297233v1","829597","829899","42","29171326"
"chr3","30007947","30008241","KN295977v1","193157","193443","40","29814790"
"chr3","30031635","30031932","KN295439v1","83349","83650","44","29948286"
"chr3","30076370","30076686","KN297190v1","6667554","6667860","51","23408816"
"chr3","30151110","30151447","KN296079v1","704068","704388","59","29447042"
"chr3","30215110","30215395","KN294193v1","400597","400883","42","29814513"
"chr3","30265212","30265515","KN296657v1","392228","392531","36","29872984"
"chr3","30281455","30281783","KN294957v1","62097","62408","58","30219358"
"chr3","30534270","30534567","KN296513v1","2047464","2047766","40","28486806"
"chr3","30616077","30616386","KN295439v1","102691","103000","35","30513386"
"chr3","30896116","30896425","KN295366v1","78980","79290","43","30817136"
"chr3","31022926","31023218","KN294501v1","4140225","4140518","44","26882701"
"chr3","31046255","31046561","KN294777v1","371314","371618","43","30674941"
"chr3","31057718","31058027","KN297442v1","1612430","1612738","39","29445288"
"chr3","31095015","31095325","KN294710v1","68748","69053","36","31026267"
"chr3","31123184","31123489","KN294457v1","31769","32070","35","31091415"
"chr3","31145160","31145469","KN294456v1","592934","593237","38","30552226"
"chr3","31155734","31156030","KN295090v1","2638275","2638571","32","28517459"
"chr3","31280062","31280344","KN295361v1","824524","824814","55","30455538"
"chr3","31398106","31398410","KN297274v1","1584868","1585171","40","29813238"
"chr3","31525401","31525699","KN294526v1","334958","335253","44","31190443"
"chr3","31595987","31596293","KN296139v1","40652","40962","43","31555335"
"chr3","31630653","31630868","KN295441v1","1457453","1457675","40","30173200"
"chr3","31973652","31973914","KN294257v1","433990","434253","37","31539662"
"chr3","32039379","32039671","KN296702v1","1007161","1007454","32","31032218"
"chr3","32057059","32057347","KN297121v1","304402","304684","45","31752657"
"chr3","32154532","32154800","KN295236v1","4379847","4380120","70","27774685"
"chr3","32154957","32155237","KN295091v1","1863027","1863311","45","30291930"
"chr3","32209888","32210153","KN297431v1","370149","370416","39","31839739"
"chr3","32213948","32214126","KN295090v1","1414837","1415006","28","30799111"
"chr3","32237380","32237667","KN295523v1","2742970","2743265","50","29494410"
"chr3","32259761","32260060","KN296311v1","8317826","8318133","40","23941935"
"chr3","32263805","32264079","KN294987v1","191902","192180","48","32071903"
"chr3","32266288","32266592","KN297154v1","1039874","1040175","44","31226414"
"chr3","32266647","32266949","KN296145v1","3738932","3739233","35","28527715"
"chr3","32300643","32300945","KN296079v1","686222","686522","32","31614421"
"chr3","32301981","32302259","KN296538v1","401811","402079","47","31900170"
"chr3","32304411","32304706","KN296485v1","541954","542254","38","31762457"
"chr3","32312519","32312829","KN295748v1","161587","161896","31","32150932"
"chr3","32374097","32374379","KN294984v1","47268","47548","46","32326829"
"chr3","32378158","32378488","KN297323v1","853179","853494","70","31524979"
"chr3","32401206","32401494","KN294470v1","2878982","2879283","41","29522224"
"chr3","32420804","32421107","KN294172v1","6382721","6383027","36","26038083"
"chr3","32425892","32426185","KN294470v1","2846731","2847026","40","29579161"
"chr3","32430659","32430955","KN295814v1","1261993","1262292","30","31168666"
"chr3","32432457","32432768","KN297320v1","1223277","1223582","38","31209180"
"chr3","32444073","32444382","KN296404v1","905014","905324","40","31539059"
"chr3","32452976","32453237","KN295294v1","3683898","3684161","37","28769078"
"chr3","32461457","32461777","KN295430v1","2230770","2231079","64","30230687"
"chr3","32481674","32481979","KN294456v1","1098138","1098439","31","31383536"
"chr3","32488863","32489223","KN295074v1","1015279","1015606","81","31473584"
"chr3","32491458","32491755","KN294499v1","2005615","2005910","32","30485843"
"chr3","32532095","32532376","KN294170v1","66663","66947","47","32465432"
"chr3","32546438","32546722","KN294234v1","2380017","2380308","54","30166421"
"chr3","32554752","32555061","KN294861v1","274875","275182","41","32279877"
"chr3","32582647","32582941","KN295405v1","1658681","1658979","36","30923966"
"chr3","32614512","32614812","KN296775v1","1237428","1237724","33","31377084"
"chr3","32693284","32693588","KN296487v1","131647","131949","39","32561637"
"chr3","32729966","32730275","KN295666v1","358169","358475","38","32371797"
"chr3","32732589","32732913","KN295735v1","713634","713968","41","32018955"
"chr3","32743504","32743823","KN296682v1","2875657","2875966","41","29867847"
"chr3","32752382","32752651","KN297462v1","80233","80502","44","32672149"
"chr3","32765651","32765950","KN295059v1","89625","89927","40","32676026"
"chr3","32767199","32767492","KN296119v1","4282142","4282432","36","28485057"
"chr3","32772797","32773113","KN294548v1","1161001","1161308","43","31611796"
"chr3","32817278","32817550","KN296119v1","588950","589232","44","32228328"
"chr3","32851331","32851617","KN296311v1","5260065","5260338","41","27591266"
"chr3","32887212","32887526","KN296303v1","514845","515157","44","32372367"
"chr3","32890625","32890936","KN294957v1","62097","62408","39","32828528"
"chr3","32902536","32902834","KN295439v1","83349","83650","38","32819187"
"chr3","32921432","32921735","KN295607v1","4377455","4377758","40","28543977"
"chr3","33029378","33029655","KN294257v1","1033740","1034031","42","31995638"
"chr3","33037641","33037677","KN296096v1","2690101","2690141","8","30347540"
"chr3","33037816","33038099","KN294499v1","2011390","2011673","44","31026426"
"chr3","33048727","33049024","KN294372v1","853211","853514","41","32195516"
"chr3","33053064","33053370","KN295814v1","1455942","1456249","32","31597122"
"chr3","33062837","33063130","KN296833v1","30824","31126","43","33032013"
"chr3","33083905","33084198","KN297320v1","271981","272275","41","32811924"
"chr3","33093963","33094274","KN296096v1","2349554","2349864","33","30744409"
"chr3","33103984","33104274","KN295828v1","1026333","1026620","36","32077651"
"chr3","33133005","33133314","KN296153v1","863239","863546","41","32269766"
"chr3","33145828","33146128","KN294453v1","23988","24299","41","33121840"
"chr3","33149658","33149882","KN295835v1","199186","199432","48","32950472"
"chr3","33170412","33170704","KN296702v1","1007161","1007454","36","32163251"
"chr3","33174936","33175225","KN295480v1","1302107","1302401","35","31872829"
"chr3","33181605","33181904","KN297242v1","1253632","1253926","45","31927973"
"chr3","33189488","33189754","KN294172v1","1540690","1540957","34","31648798"
"chr3","33196311","33196589","KN297046v1","1893600","1893881","43","31302711"
"chr3","33219022","33219332","KN296357v1","680528","680834","38","32538494"
"chr3","33223977","33224251","KN297094v1","249212","249485","47","32974765"
"chr3","33258232","33258530","KN294470v1","2136945","2137241","39","31121287"
"chr3","33270663","33270815","KN294444v1","72417","72567","20","33198246"
"chr3","33283962","33284260","KN294365v1","1837232","1837524","50","31446730"
"chr3","33285024","33285336","KN295893v1","2972903","2973217","60","30312121"
"chr3","33294527","33294823","KN296244v1","826404","826695","45","32468123"
"chr3","33302275","33302573","KN294571v1","1575904","1576204","43","31726371"
"chr3","33307669","33307958","KN295729v1","826689","826980","40","32480980"
"chr3","33309868","33310112","KN297154v1","1017436","1017681","42","32292432"
"chr3","33334101","33334395","KN296486v1","114465","114761","32","33219636"
"chr3","33355501","33355738","KN297038v1","273358","273615","48","33082143"
"chr3","33370443","33370693","KN294987v1","4394","4640","42","33366049"
"chr3","33376475","33376783","KN294548v1","1161001","1161308","41","32215474"
"chr3","33382702","33382983","KN297171v1","2628817","2629092","38","30753885"
"chr3","33388661","33388964","KN297322v1","1224244","1224547","39","32164417"
"chr3","33390758","33391054","KN297156v1","175435","175730","46","33215323"
"chr3","33391173","33391460","KN297028v1","4782","5059","47","33386391"
"chr3","33399462","33399727","KN295075v1","40195","40452","33","33359267"
"chr3","33399750","33400052","KN297028v1","15277","15580","26","33384473"
"chr3","33401205","33401508","KN296261v1","261747","262047","37","33139458"
"chr3","33402031","33402305","KN297028v1","17849","18128","36","33384182"
"chr3","33406342","33406642","KN294850v1","86582","86882","38","33319760"
"chr3","33414956","33415226","KN297028v1","30872","31146","27","33384084"
"chr3","33427307","33427615","KN294879v1","76546","76849","37","33350761"
"chr3","33433280","33433584","KN295022v1","967812","968117","31","32465468"
"chr3","33447129","33447432","KN297028v1","82188","82487","29","33364941"
"chr3","33483056","33483368","KN296495v1","550769","551079","34","32932287"
"chr3","33485801","33486082","KN294499v1","2011390","2011673","42","31474411"
"chr3","33522325","33522623","KN296404v1","1150048","1150343","31","32372277"
"chr3","33523868","33524054","KN295236v1","3402541","3402725","32","30121327"
"chr3","33529959","33530247","KN294224v1","1080394","1080681","36","32449565"
"chr3","33545081","33545391","KN295096v1","2128990","2129295","43","31416091"
"chr3","33559347","33559638","KN297028v1","171427","171718","25","33387920"
"chr3","33610828","33611099","KN296062v1","2254097","2254362","42","31356731"
"chr3","33617591","33617887","KN297028v1","236103","236401","44","33381488"
"chr3","33623937","33624234","KN294372v1","1767390","1767687","87","31856547"
"chr3","33645990","33646288","KN294991v1","293673","293971","34","33352317"
"chr3","33649845","33650124","KN297028v1","267851","268120","31","33381994"
"chr3","33652952","33653253","KN294451v1","1139913","1140218","34","32513039"
"chr3","33745708","33745995","KN296833v1","94676","94959","39","33651032"
"chr3","33764648","33764983","KN296290v1","1114336","1114666","47","32650312"
"chr3","33773165","33773478","KN297028v1","410242","410556","50","33362923"
"chr3","33774873","33775172","KN296145v1","740136","740436","33","33034737"
"chr3","33794013","33794329","KN297028v1","431300","431614","26","33362713"
"chr3","33815574","33815886","KN297028v1","452650","452962","36","33362924"
"chr3","33879749","33880056","KN296820v1","573805","574112","41","33305944"
"chr3","33883152","33883456","KN297028v1","505218","505510","36","33377934"
"chr3","33895249","33895542","KN294456v1","1143112","1143404","31","32752137"
"chr3","33916536","33916837","KN296547v1","390372","390680","35","33526164"
"chr3","33917382","33917693","KN297028v1","541466","541780","23","33375916"
"chr3","33925287","33925578","KN295573v1","502898","503186","35","33422389"
"chr3","33959236","33959544","KN297028v1","583361","583673","24","33375875"
"chr3","34002980","34003280","KN296682v1","5144925","5145221","41","28858055"
"chr3","34014048","34014338","KN295729v1","826689","826980","32","33187359"
"chr3","34017380","34017688","KN294446v1","240983","241287","42","33776397"
"chr3","34028987","34029302","KN296643v1","460007","460312","49","33568980"
"chr3","34033420","34033722","KN294470v1","2878982","2879283","31","31154438"
"chr3","34049427","34049737","KN297028v1","645291","645598","33","33404136"
"chr3","34054354","34054644","KN294644v1","85408","85699","42","33968946"
"chr3","34060907","34061204","KN295758v1","468479","468777","40","33592428"
"chr3","34066936","34067222","KN294499v1","1180158","1180439","43","32886778"
"chr3","34097572","34097871","KN294790v1","2480212","2480521","49","31617360"
"chr3","34099572","34099872","KN294172v1","756063","756368","42","33343509"
"chr3","34103904","34104200","KN296620v1","349918","350214","40","33753986"
"chr3","34104439","34104741","KN297028v1","702179","702471","25","33402260"
"chr3","34107709","34108011","KN297028v1","705436","705737","32","33402273"
"chr3","34127400","34127684","KN295091v1","1863027","1863311","34","32264373"
"chr3","34153372","34153652","KN297028v1","749856","750134","23","33403516"
"chr3","34162409","34162714","KN297028v1","758848","759173","53","33403561"
"chr3","34166138","34166452","KN297028v1","762519","762823","33","33403619"
"chr3","34179808","34180112","KN296310v1","786811","787114","41","33392997"
"chr3","34186510","34186820","KN297028v1","783749","784046","40","33402761"
"chr3","34278098","34278419","KN297028v1","869498","869815","41","33408600"
"chr3","34290551","34290801","KN294987v1","795982","796237","37","33494569"
"chr3","34311057","34311349","KN294456v1","1098138","1098439","40","33212919"
"chr3","34312282","34312573","KN297028v1","884994","885292","35","33427288"
"chr3","34335074","34335375","KN297028v1","915537","915829","34","33419537"
"chr3","34339528","34339828","KN296191v1","921557","921853","36","33417971"
"chr3","34341926","34342219","KN297028v1","922850","923144","32","33419076"
"chr3","34392230","34392526","KN297028v1","971362","971658","29","33420868"
"chr3","34395651","34395949","KN297028v1","974767","975073","32","33420884"
"chr3","34458692","34459014","KN297452v1","2716967","2717283","46","31741725"
"chr3","34464756","34465059","KN297028v1","1049203","1049511","25","33415553"
"chr3","34478004","34478316","KN295090v1","2486557","2486869","40","31991447"
"chr3","34589737","34590044","KN297028v1","1181943","1182257","34","33407794"
"chr3","34760266","34760569","KN294407v1","3027269","3027567","36","31732997"
"chr3","34799094","34799390","KN297028v1","1376761","1377063","30","33422333"
"chr3","34847074","34847369","KN297028v1","1428817","1429112","35","33418257"
"chr3","34887983","34888280","KN297028v1","1473599","1473905","34","33414384"
"chr3","34901873","34902164","KN295871v1","542479","542775","47","34359394"
"chr3","35227306","35227603","KN294668v1","24264","24545","45","35203042"
"chr3","35276651","35276920","KN295480v1","741702","741969","55","34534949"
"chr3","35296861","35297161","KN297361v1","65405","65707","39","35231456"
"chr3","35401957","35402255","KN294668v1","202477","202772","20","35199480"
"chr3","35579131","35579452","KN296406v1","250415","250727","44","35328716"
"chr3","35619070","35619269","KN295623v1","489153","489342","41","35129917"
"chr3","35648513","35648808","KN294668v1","467475","467775","39","35181038"
"chr3","35768556","35768871","KN294668v1","573662","573975","45","35194894"
"chr3","35792238","35792534","KN294668v1","603822","604126","34","35188416"
"chr3","35854741","35855043","KN294668v1","658444","658735","42","35196297"
"chr3","36123611","36123911","KN294668v1","936596","936876","38","35187015"
"chr3","36145267","36145339","KN296635v1","4416434","4416517","22","31728833"
"chr3","36145886","36146101","KN295977v1","1276894","1277103","51","34868992"
"chr3","36314683","36314996","KN294668v1","1127255","1127570","30","35187428"
"chr3","36339024","36339315","KN297320v1","271981","272275","33","36067043"
"chr3","36492905","36493193","KN295814v1","1028953","1029241","44","35463952"
"chr3","36509717","36510012","KN295729v1","826689","826980","35","35683028"
"chr3","36803058","36803377","KN296311v1","3194235","3194543","41","33608823"
"chr3","36938774","36939080","KN294446v1","240983","241287","33","36697791"
"chr3","37015986","37016262","KN296406v1","158505","158783","31","36857481"
"chr3","37094844","37095147","KN294613v1","538357","538660","37","36556487"
"chr3","37122146","37122443","KN294456v1","1098138","1098439","40","36024008"
"chr3","37235421","37235717","KN296487v1","131647","131949","43","37103774"
"chr3","37241510","37241814","KN296062v1","1257821","1258128","32","35983689"
"chr3","37299300","37299590","KN295345v1","1375941","1376236","44","35923359"
"chr3","37375175","37375449","KN294570v1","116175","116454","39","37259000"
"chr3","37381557","37381870","KN295893v1","6331506","6331810","39","31050051"
"chr3","37402421","37402696","KN296864v1","1076694","1076968","37","36325727"
"chr3","37426212","37426521","KN296349v1","45344","45654","38","37380868"
"chr3","37463846","37464143","KN294420v1","822079","822371","41","36641767"
"chr3","37465344","37465644","KN296495v1","846641","846944","47","36618703"
"chr3","37509320","37509640","KN296547v1","627587","627905","44","36881733"
"chr3","37518134","37518339","KN296426v1","64367","64561","37","37453767"
"chr3","37519607","37519906","KN296311v1","854862","855163","36","36664745"
"chr3","37525387","37525545","KN294571v1","155556","155724","29","37369831"
"chr3","37535715","37536019","KN295748v1","161587","161896","37","37374128"
"chr3","37540580","37540890","KN295366v1","78980","79290","37","37461600"
"chr3","37554101","37554397","KN296541v1","3209254","3209550","40","34344847"
"chr3","37608587","37608874","KN296542v1","4000","4291","43","37604587"
"chr3","37615430","37615719","KN294964v1","392178","392468","38","37223252"
"chr3","37620591","37620888","KN294470v1","2852199","2852501","43","34768392"
"chr3","37623902","37624204","KN295601v1","3238589","3238887","39","34385313"
"chr3","37624821","37625124","KN295735v1","979548","979848","38","36645273"
"chr3","37631264","37631559","KN294571v1","1678829","1679123","41","35952435"
"chr3","37634268","37634515","KN295601v1","650393","650657","54","36983875"
"chr3","37637492","37637794","KN296153v1","2365186","2365493","53","35272306"
"chr3","37661400","37661711","KN295361v1","932292","932599","39","36729108"
"chr3","37664037","37664347","KN296158v1","1175251","1175559","27","36488786"
"chr3","37672206","37672519","KN295034v1","280827","281133","37","37391379"
"chr3","37679740","37680026","KN296495v1","417794","418082","36","37261946"
"chr3","37700236","37700518","KN295371v1","448057","448341","49","37252179"
"chr3","37703105","37703400","KN296538v1","489193","489487","34","37213912"
"chr3","37743534","37743832","KN296775v1","1237428","1237724","41","36506106"
"chr3","37775104","37775314","KN294509v1","178587","178797","34","37596517"
"chr3","37783190","37783502","KN294536v1","1867889","1868199","39","35915301"
"chr3","37789940","37790233","KN296485v1","109584","109877","37","37680356"
"chr3","37804016","37804314","KN296145v1","3072127","3072422","33","34731889"
"chr3","37834965","37835253","KN295831v1","133866","134154","33","37701099"
"chr3","37850771","37851073","KN295974v1","3009668","3009967","35","34841103"
"chr3","37851083","37851402","KN294378v1","1238113","1238424","52","36612970"
"chr3","37864966","37865265","KN296620v1","349918","350214","27","37515048"
"chr3","37872311","37872611","KN295633v1","323295","323596","42","37549016"
"chr3","37971097","37971391","KN295573v1","1181342","1181637","34","36789755"
"chr3","37978080","37978368","KN297242v1","1927915","1928199","45","36050165"
"chr3","37981536","37981826","KN295361v1","824524","824814","37","37157012"
"chr3","37992494","37992790","KN295523v1","3030953","3031248","42","34961541"
"chr3","38043339","38043611","KN295667v1","616622","616892","40","37426717"
"chr3","38068375","38068647","KN295480v1","1302107","1302401","52","36766268"
"chr3","38126916","38127210","KN296682v1","1930392","1930690","33","36196524"
"chr3","38241425","38241723","KN296698v1","82309","82605","41","38159116"
"chr3","38319619","38319916","KN295090v1","1353031","1353323","36","36966588"
"chr3","38334002","38334308","KN295257v1","4702","5013","39","38329300"
"chr3","38344842","38345154","KN296090v1","89328","89638","40","38255514"
"chr3","38345171","38345515","KN295719v1","155886","156229","67","38189285"
"chr3","38363549","38363845","KN294365v1","738785","739083","31","37624764"
"chr3","38364302","38364612","KN297227v1","1125864","1126176","48","37238438"
"chr3","38371600","38371839","KN295243v1","7102","7343","45","38364498"
"chr3","38395030","38395325","KN295701v1","628588","628887","42","37766442"
"chr3","38415583","38415811","KN295405v1","757351","757593","46","37658232"
"chr3","38417333","38417639","KN295236v1","2215816","2216118","31","36201517"
"chr3","38421955","38422248","KN295241v1","162381","162672","39","38259574"
"chr3","38468696","38468996","KN294292v1","12015","12314","36","38456681"
"chr3","38499313","38499573","KN296075v1","244693","244958","47","38254620"
"chr3","38523138","38523439","KN294378v1","1174635","1174937","33","37348503"
"chr3","38531647","38531920","KN295893v1","7483206","7483473","53","31048441"
"chr3","38562130","38562407","KN296495v1","1951647","1951933","38","36610483"
"chr3","38616015","38616324","KN297133v1","950328","950631","43","37665687"
"chr3","38653969","38654285","KN294861v1","85755","86060","52","38568214"
"chr3","38738764","38739053","KN296096v1","838711","839001","36","37900053"
"chr3","38745551","38745850","KN294987v1","1477069","1477366","41","37268482"
"chr3","38747222","38747491","KN296310v1","1483155","1483423","46","37264067"
"chr3","38752358","38752648","KN296513v1","2367758","2368048","34","36384600"
"chr3","38906061","38906300","KN295869v1","1570001","1570244","36","37336060"
"chr3","38919275","38919594","KN296460v1","119303","119632","48","38799972"
"chr3","38996284","38996587","KN295637v1","795675","795978","31","38200609"
"chr3","39002221","39002527","KN296079v1","686222","686522","39","38315999"
"chr3","39011952","39012253","KN294603v1","111945","112247","44","38900007"
"chr3","39046282","39046606","KN295996v1","133342","133652","37","38912940"
"chr3","39086863","39087170","KN294705v1","1537713","1538021","38","37549150"
"chr3","39099686","39099981","KN296809v1","73454","73764","35","39026232"
"chr3","39108272","39108570","KN294470v1","2397485","2397775","38","36710787"
"chr3","39132342","39132649","KN296809v1","105102","105405","20","39027240"
"chr3","39228220","39228507","KN295045v1","493873","494155","41","38734347"
"chr3","39243648","39243949","KN296809v1","220360","220665","30","39023288"
"chr3","39248888","39249203","KN295929v1","457065","457374","40","38791823"
"chr3","39264405","39264564","KN294831v1","658690","658843","27","38605715"
"chr3","39500880","39501168","KN295996v1","436206","436492","44","39064674"
"chr3","39571959","39572272","KN296809v1","564283","564602","29","39007676"
"chr3","39617420","39617716","KN296153v1","3180819","3181114","30","36436601"
"chr3","39626647","39626959","KN296809v1","617011","617323","23","39009636"
"chr3","39636540","39636828","KN296809v1","628590","628877","14","39007950"
"chr3","39721600","39721908","KN295984v1","2540291","2540591","44","37181309"
"chr3","39774802","39775101","KN296809v1","763161","763473","33","39011641"
"chr3","39804594","39804801","KN294977v1","1","212","36","39804593"
"chr3","39810818","39811124","KN296809v1","798374","798687","35","39012444"
"chr3","39885077","39885291","KN295406v1","275159","275372","48","39609918"
"chr3","39921305","39921609","KN296809v1","909370","909660","28","39011935"
"chr3","39978128","39978440","KN296809v1","935062","935374","29","39043066"
"chr3","40016333","40016513","KN297450v1","28864","29036","38","39987469"
"chr3","40054585","40054808","KN295441v1","1457453","1457675","29","38597132"
"chr3","40073098","40073399","KN295601v1","3238589","3238887","34","36834509"
"chr3","40075993","40076292","KN294917v1","1317432","1317733","40","38758561"
"chr3","40099603","40099905","KN294917v1","1293634","1293938","29","38805969"
"chr3","40218597","40218908","KN294917v1","1181577","1181891","30","39037020"
"chr3","40334896","40335192","KN294917v1","1046947","1047256","39","39287949"
"chr3","40381194","40381474","KN295371v1","448057","448341","38","39933137"
"chr3","40391202","40391492","KN294456v1","1143112","1143404","35","39248090"
"chr3","40454477","40454781","KN297112v1","747946","748252","41","39706531"
"chr3","40528141","40528442","KN296495v1","962835","963136","36","39565306"
"chr3","40532776","40533069","KN294917v1","863645","863939","28","39669131"
"chr3","40716568","40716860","KN294917v1","700483","700777","33","40016085"
"chr3","40743996","40744293","KN294193v1","425211","425504","40","40318785"
"chr3","40760010","40760315","KN294917v1","657878","658176","29","40102132"
"chr3","40866961","40867258","KN294378v1","1310611","1310912","37","39556350"
"chr3","40893867","40894167","KN294917v1","537061","537361","27","40356806"
"chr3","40975412","40975709","KN294917v1","460889","461187","19","40514523"
"chr3","40986031","40986345","KN294917v1","452700","453013","21","40533331"
"chr3","41006844","41007149","KN294917v1","432121","432428","22","40574723"
"chr3","41010216","41010480","KN295722v1","1904349","1904617","44","39105867"
"chr3","41027504","41027821","KN295500v1","211652","211976","53","40815852"
"chr3","41029587","41029907","KN296682v1","4444610","4444918","51","36584977"
"chr3","41037536","41037846","KN295366v1","78980","79290","31","40958556"
"chr3","41040659","41040949","KN294917v1","401690","401984","20","40638969"
"chr3","41072879","41073193","KN294917v1","369130","369441","32","40703749"
"chr3","41078665","41078968","KN294991v1","688885","689191","49","40389780"
"chr3","41083610","41083922","KN297293v1","407349","407660","39","40676261"
"chr3","41097398","41097679","KN294917v1","351306","351571","39","40746092"
"chr3","41106219","41106504","KN294520v1","1707344","1707630","35","39398875"
"chr3","41108741","41109026","KN294506v1","82671","82957","46","41026070"
"chr3","41121024","41121318","KN295204v1","3993","4290","37","41117031"
"chr3","41122398","41122684","KN294917v1","327830","328126","42","40794568"
"chr3","41128966","41129243","KN297259v1","1231291","1231569","50","39897675"
"chr3","41131290","41131534","KN295405v1","757351","757593","36","40373939"
"chr3","41135532","41135796","KN294917v1","319222","319486","24","40816310"
"chr3","41138872","41139042","KN294957v1","73265","73439","31","41065607"
"chr3","41142485","41142707","KN296486v1","1376364","1376586","30","39766121"
"chr3","41163227","41163531","KN294421v1","616185","616488","38","40547042"
"chr3","41167648","41167959","KN294917v1","255141","255452","41","40912507"
"chr3","41184320","41184636","KN294917v1","260524","260828","44","40923796"
"chr3","41189222","41189526","KN294917v1","255141","255452","35","40934081"
"chr3","41230879","41231181","KN294917v1","220968","221252","35","41009911"
"chr3","41234626","41234920","KN294917v1","217168","217459","29","41017458"
"chr3","41279733","41280048","KN295405v1","1404748","1405060","38","39874985"
"chr3","41333622","41333928","KN294917v1","121260","121568","29","41212362"
"chr3","41388367","41388677","KN294917v1","63860","64154","37","41324507"
"chr3","41494896","41495206","KN296303v1","514845","515157","40","40980051"
"chr3","41554017","41554328","KN297303v1","39465","39776","30","41514552"
"chr3","41626896","41627180","KN297197v1","24425","24711","23","41602471"
"chr3","41671274","41671556","KN294456v1","1143112","1143404","45","40528162"
"chr3","41799827","41800118","KN296485v1","109584","109877","36","41690243"
"chr3","41852112","41852376","KN296158v1","134395","134657","51","41717717"
"chr3","41903291","41903605","KN297197v1","298227","298543","40","41605064"
"chr3","41920134","41920437","KN297197v1","315274","315575","32","41604860"
"chr3","41939918","41940165","KN297197v1","335496","335754","28","41604422"
"chr3","41972976","41973275","KN296466v1","55523","55818","37","41917453"
"chr3","42017028","42017333","KN297158v1","115533","115838","34","41901495"
"chr3","42032654","42032950","KN297112v1","2725693","2725979","42","39306961"
"chr3","42083724","42084047","KN295685v1","46321","46631","41","42037403"
"chr3","42102334","42102643","KN297197v1","492054","492360","35","41610280"
"chr3","42103980","42104275","KN297197v1","493771","494065","18","41610209"
"chr3","42106829","42107119","KN294790v1","272636","272926","41","41834193"
"chr3","42172425","42172731","KN295225v1","1942340","1942650","40","40230085"
"chr3","42207924","42208234","KN295301v1","761923","762233","42","41446001"
"chr3","42315948","42316247","KN297023v1","480259","480560","23","41835689"
"chr3","42387417","42387716","KN297197v1","767513","767826","32","41619904"
"chr3","42404433","42404694","KN294728v1","684677","684939","45","41719756"
"chr3","42506127","42506431","KN297197v1","871073","871376","24","41635054"
"chr3","42540341","42540637","KN295075v1","197535","197834","35","42342806"
"chr3","42544678","42544974","KN297046v1","2293933","2294226","36","40250745"
"chr3","42556345","42556646","KN297197v1","916155","916456","22","41640190"
"chr3","42563574","42563871","KN297197v1","923802","924101","19","41639772"
"chr3","42565627","42565933","KN297197v1","925020","925325","40","41640607"
"chr3","42574690","42574987","KN295368v1","1748387","1748686","41","40826303"
"chr3","42576414","42576696","KN297197v1","935706","935979","43","41640708"
"chr3","42588120","42588420","KN297197v1","945371","945677","26","41642749"
"chr3","42604365","42604646","KN295633v1","37980","38257","42","42566385"
"chr3","42623494","42623800","KN297197v1","981812","982116","37","41641682"
"chr3","42623936","42624216","KN297190v1","6927830","6928117","44","35696106"
"chr3","42627864","42628171","KN297197v1","986248","986551","33","41641616"
"chr3","42635470","42635726","KN297197v1","994513","994774","26","41640957"
"chr3","42636796","42637102","KN295255v1","134233","134538","42","42502563"
"chr3","42645237","42645549","KN294257v1","379317","379626","45","42265920"
"chr3","42659028","42659299","KN297197v1","1016459","1016745","29","41642569"
"chr3","42662692","42662983","KN296096v1","2492674","2492976","55","40170018"
"chr3","42663460","42663760","KN297197v1","1021437","1021736","33","41642023"
"chr3","42676848","42677153","KN297197v1","1032240","1032552","23","41644608"
"chr3","42677292","42677599","KN294446v1","240983","241287","44","42436309"
"chr3","42684862","42685173","KN294287v1","369071","369381","41","42315791"
"chr3","42700095","42700381","KN295893v1","729257","729542","30","41970838"
"chr3","42729795","42730084","KN297197v1","1084544","1084842","41","41645251"
"chr3","42731772","42732062","KN297197v1","1086515","1086796","29","41645257"
"chr3","42737848","42738114","KN295320v1","1470379","1470646","46","41267469"
"chr3","42741462","42741773","KN294421v1","376479","376787","44","42364983"
"chr3","42748284","42748605","KN297197v1","1103536","1103862","30","41644748"
"chr3","42752392","42752697","KN294758v1","2492462","2492770","40","40259930"
"chr3","42780563","42780859","KN296357v1","559775","560070","44","42220788"
"chr3","42816335","42816646","KN295326v1","192748","193053","41","42623587"
"chr3","42819059","42819358","KN295090v1","2638275","2638571","41","40180784"
"chr3","42836311","42836610","KN297197v1","1190953","1191253","19","41645358"
"chr3","42837545","42837666","KN296982v1","410288","410373","56","42427257"
"chr3","42852969","42853264","KN294325v1","869926","870221","35","41983043"
"chr3","42894197","42894507","KN294453v1","23988","24299","36","42870209"
"chr3","42951164","42951472","KN294479v1","117355","117662","41","42833809"
"chr3","42992807","42993111","KN294172v1","741248","741550","38","42251559"
"chr3","43016860","43017156","KN297197v1","1380005","1380294","37","41636855"
"chr3","43163668","43163980","KN297197v1","1530337","1530649","22","41633331"
"chr3","43174830","43175106","KN297197v1","1541575","1541853","28","41633255"
"chr3","43178894","43179182","KN296138v1","452937","453216","42","42725957"
"chr3","43236528","43236830","KN297197v1","1602098","1602405","35","41634430"
"chr3","43243126","43243415","KN297197v1","197080","197368","38","43046046"
"chr3","43258623","43258916","KN295154v1","204198","204489","38","43054425"
"chr3","43276970","43277276","KN296847v1","940151","940452","40","42336819"
"chr3","43369923","43370226","KN297197v1","1753217","1753515","34","41616706"
"chr3","43395491","43395786","KN296513v1","2913549","2913849","34","40481942"
"chr3","43402831","43403070","KN295405v1","757351","757593","40","42645480"
"chr3","43426000","43426306","KN297197v1","1823733","1824030","37","41602267"
"chr3","43427945","43428224","KN297197v1","1825827","1826104","24","41602118"
"chr3","43442406","43442706","KN296306v1","3686137","3686439","40","39756269"
"chr3","43462219","43462495","KN295967v1","490584","490860","42","42971635"
"chr3","43467897","43468189","KN295977v1","1404071","1404366","38","42063826"
"chr3","43479318","43479623","KN297197v1","1877934","1878237","26","41601384"
"chr3","43494231","43494533","KN296345v1","121659","121957","37","43372572"
"chr3","43500733","43501030","KN297197v1","1900777","1901091","46","41599956"
"chr3","43542961","43543241","KN297197v1","1944205","1944480","36","41598756"
"chr3","43550083","43550387","KN296404v1","1132324","1132633","45","42417759"
"chr3","43571390","43571684","KN294470v1","2136945","2137241","39","41434445"
"chr3","43577939","43578232","KN294521v1","311390","311683","33","43266549"
"chr3","43580077","43580380","KN296311v1","768493","768797","29","42811584"
"chr3","43600335","43600640","KN297197v1","2003153","2003456","28","41597182"
"chr3","43605444","43605726","KN295371v1","448057","448341","33","43157387"
"chr3","43617127","43617408","KN296201v1","2654662","2654949","51","40962465"
"chr3","43637876","43638176","KN294470v1","2136945","2137241","30","41500931"
"chr3","43653283","43653581","KN294571v1","890748","891049","36","42762535"
"chr3","43687196","43687503","KN297197v1","2090958","2091261","28","41596238"
"chr3","43752837","43753052","KN295735v1","435013","435216","45","43317824"
"chr3","43835726","43835997","KN297197v1","2245562","2245843","27","41590164"
"chr3","44016906","44017212","KN296311v1","768493","768797","35","43248413"
"chr3","44076989","44077298","KN296119v1","1028288","1028598","36","43048701"
"chr3","44090669","44090979","KN295637v1","795675","795978","40","43294994"
"chr3","44107829","44108028","KN294470v1","2612994","2613192","35","41494835"
"chr3","44133466","44133765","KN296153v1","1115266","1115561","39","43018200"
"chr3","44197713","44198021","KN297197v1","2611496","2611814","31","41586217"
"chr3","44263475","44263769","KN297197v1","2673162","2673471","33","41590313"
"chr3","44274833","44275126","KN296072v1","39765","40067","40","44235068"
"chr3","44289460","44289738","KN297197v1","2698153","2698435","24","41591307"
"chr3","44331177","44331481","KN297023v1","480259","480560","36","43850918"
"chr3","44343246","44343542","KN297197v1","2744196","2744496","22","41599050"
"chr3","44346698","44347008","KN296036v1","1044138","1044445","34","43302560"
"chr3","44454321","44454620","KN297008v1","443422","443717","41","44010899"
"chr3","44526111","44526375","KN297197v1","2936362","2936627","17","41589749"
"chr3","44612646","44612951","KN297197v1","3017334","3017639","31","41595312"
"chr3","44621807","44622102","KN297197v1","3026514","3026812","35","41595293"
"chr3","44679384","44679609","KN297197v1","3078914","3079148","34","41600470"
"chr3","44826683","44826982","KN297197v1","3233899","3234194","35","41592784"
"chr3","44838947","44839184","KN295405v1","757351","757593","42","44081596"
"chr3","44848101","44848399","KN296430v1","1105044","1105344","34","43743057"
"chr3","44921564","44921861","KN297197v1","3332239","3332541","33","41589325"
"chr3","44958347","44958645","KN294187v1","1109661","1109959","35","43848686"
"chr3","44965572","44965874","KN294446v1","240983","241287","42","44724589"
"chr3","44967054","44967346","KN294949v1","346555","346838","40","44620499"
"chr3","44976621","44976927","KN297197v1","3387527","3387827","25","41589094"
"chr3","44991767","44992066","KN297197v1","3403827","3404124","32","41587940"
"chr3","44999304","44999631","KN295893v1","7329610","7329934","41","37669694"
"chr3","45049465","45049756","KN297197v1","3461861","3462134","39","41587604"
"chr3","45081556","45081840","KN295090v1","1590934","1591232","50","43490622"
"chr3","45112517","45112834","KN296879v1","942640","942952","46","44169877"
"chr3","45125295","45125523","KN295405v1","757351","757593","42","44367944"
"chr3","45131181","45131489","KN296311v1","768493","768797","37","44362688"
"chr3","45155944","45156255","KN297197v1","3575657","3575958","39","41580287"
"chr3","45156656","45156955","KN296775v1","1237428","1237724","34","43919228"
"chr3","45218760","45219055","KN297197v1","3650483","3650752","42","41568277"
"chr3","45219936","45220231","KN297197v1","3650483","3650752","42","41569453"
"chr3","45245594","45245894","KN297197v1","3671763","3672068","34","41573831"
"chr3","45246199","45246516","KN297197v1","3677866","3678180","37","41568333"
"chr3","45249388","45249688","KN297197v1","3671763","3672068","35","41577625"
"chr3","45255808","45256125","KN297197v1","3677866","3678180","37","41577942"
"chr3","45313133","45313440","KN296682v1","4855759","4856070","38","40457374"
"chr3","45366926","45367232","KN294339v1","145124","145428","34","45221802"
"chr3","45386197","45386502","KN294911v1","2389002","2389309","35","42997195"
"chr3","45396079","45396379","KN296496v1","988332","988629","34","44407747"
"chr3","45404425","45404728","KN297197v1","3825990","3826293","31","41578435"
"chr3","45423513","45423809","KN295114v1","157283","157573","42","45266230"
"chr3","45431873","45432170","KN294987v1","1401217","1401518","35","44030656"
"chr3","45466001","45466295","KN297197v1","3881393","3881686","29","41584608"
"chr3","45470164","45470452","KN297197v1","3885492","3885784","27","41584672"
"chr3","45775174","45775500","KN294182v1","463025","463315","66","45312149"
"chr3","45775883","45776173","KN297197v1","4185056","4185350","22","41590827"
"chr3","45777957","45778289","KN296609v1","478253","478589","50","45299704"
"chr3","45783039","45783341","KN297197v1","4192276","4192569","30","41590763"
"chr3","45789024","45789336","KN297197v1","4198349","4198650","36","41590675"
"chr3","45798596","45798815","KN295871v1","679658","679877","30","45118938"
"chr3","45820180","45820495","KN297197v1","4226716","4227031","37","41593464"
"chr3","45830264","45830568","KN297197v1","4236729","4237039","32","41593535"
"chr3","45843620","45843915","KN297197v1","4248464","4248753","30","41595156"
"chr3","45848470","45848761","KN295480v1","1302107","1302401","36","44546363"
"chr3","45855147","45855455","KN295045v1","451861","452165","40","45403286"
"chr3","45872734","45873031","KN297197v1","4278675","4278980","27","41594059"
"chr3","45903118","45903421","KN296381v1","365759","366066","42","45537359"
"chr3","45913973","45914261","KN296180v1","2431804","2432093","38","43482169"
"chr3","46132721","46133048","KN297197v1","4533803","4534123","36","41598918"
"chr3","46150184","46150480","KN297197v1","4551413","4551710","23","41598771"
"chr3","46160604","46160807","KN296810v1","153762","153963","32","46006842"
"chr3","46193035","46193346","KN297197v1","4595543","4595850","29","41597492"
"chr3","46193848","46194159","KN294630v1","246280","246591","35","45947568"
"chr3","46196405","46196574","KN294831v1","658690","658843","32","45537715"
"chr3","46223756","46224063","KN294884v1","66822","67131","37","46156934"
"chr3","46236753","46237033","KN295633v1","235897","236174","39","46000856"
"chr3","46283041","46283342","KN297197v1","4680604","4680903","20","41602437"
"chr3","46318377","46318664","KN295828v1","1278471","1278759","32","45039906"
"chr3","46361683","46361963","KN295708v1","2784035","2784327","39","43577648"
"chr3","46500001","46500168","KN294957v1","73265","73439","31","46426736"
"chr3","46510603","46510942","KN296306v1","1908527","1908848","60","44602076"
"chr3","46551594","46551887","KN296620v1","349918","350214","34","46201676"
"chr3","46559549","46559791","KN297259v1","2479518","2479764","19","44080031"
"chr3","46578051","46578357","KN297259v1","2461215","2461516","32","44116836"
"chr3","46626816","46627118","KN297259v1","2412358","2412662","24","44214458"
"chr3","46713163","46713417","KN295572v1","150131","150384","34","46563032"
"chr3","46736564","46736860","KN297259v1","2304656","2304955","33","44431908"
"chr3","46741280","46741486","KN295995v1","278598","278793","81","46462682"
"chr3","46856351","46856672","KN297259v1","2185896","2186209","40","44670455"
"chr3","46882978","46883269","KN297259v1","2166817","2167122","29","44716161"
"chr3","46885866","46886171","KN297259v1","2164050","2164356","29","44721816"
"chr3","46979887","46980182","KN295343v1","729289","729587","36","46250598"
"chr3","46996733","46997037","KN297259v1","2042260","2042564","14","44954473"
"chr3","47004369","47004653","KN295091v1","1863027","1863311","29","45141342"
"chr3","47020422","47020739","KN297259v1","2014764","2015071","37","45005658"
"chr3","47077988","47078256","KN296322v1","891212","891478","36","46186776"
"chr3","47101365","47101665","KN294407v1","3027269","3027567","35","44074096"
"chr3","47110458","47110776","KN297259v1","1915280","1915596","35","45195178"
"chr3","47121890","47122202","KN294705v1","1537713","1538021","40","45584177"
"chr3","47178366","47178407","KN296096v1","2690101","2690141","9","44488265"
"chr3","47178550","47178766","KN295984v1","1697479","1697693","31","45481071"
"chr3","47209520","47209831","KN297259v1","1820010","1820317","26","45389510"
"chr3","47213272","47213590","KN296495v1","550769","551079","39","46662503"
"chr3","47217005","47217241","KN294262v1","1067417","1067656","43","46149588"
"chr3","47237721","47237876","KN295666v1","773224","773378","21","46464497"
"chr3","47258376","47258681","KN296153v1","863239","863546","41","46395137"
"chr3","47299493","47299714","KN296011v1","51152","51366","32","47248341"
"chr3","47305405","47305680","KN294592v1","92011","92287","31","47213394"
"chr3","47322615","47322921","KN297154v1","1610824","1611134","45","45711791"
"chr3","47334971","47335280","KN297259v1","1684022","1684333","28","45650949"
"chr3","47346969","47347257","KN296743v1","202352","202637","40","47144617"
"chr3","47364941","47365259","KN297259v1","1655371","1655677","39","45709570"
"chr3","47381438","47381682","KN295835v1","199186","199432","50","47182252"
"chr3","47486608","47486909","KN294470v1","2878982","2879283","36","44607626"
"chr3","47553144","47553452","KN296079v1","1077624","1077929","35","46475520"
"chr3","47629576","47629887","KN296714v1","277101","277409","37","47352475"
"chr3","47657949","47658253","KN296178v1","892526","892831","37","46765423"
"chr3","47675294","47675601","KN295236v1","3240919","3241230","45","44434375"
"chr3","47730662","47730959","KN297259v1","1310242","1310542","16","46420420"
"chr3","47733414","47733711","KN296928v1","78552","78846","37","47654862"
"chr3","47741610","47741905","KN297259v1","1299037","1299334","26","46442573"
"chr3","47754361","47754665","KN297008v1","2754056","2754362","36","45000305"
"chr3","47765164","47765459","KN295731v1","46961","47258","41","47718203"
"chr3","47789149","47789462","KN297259v1","1250103","1250416","20","46539046"
"chr3","47791432","47791742","KN297259v1","1247846","1248143","36","46543586"
"chr3","47792945","47793253","KN297259v1","1246416","1246727","21","46546529"
"chr3","47794753","47795053","KN296657v1","392228","392531","32","47402525"
"chr3","47807084","47807365","KN297259v1","1231291","1231569","28","46575793"
"chr3","47830979","47831281","KN295983v1","561537","561841","39","47269442"
"chr3","47838049","47838337","KN297259v1","1197843","1198136","26","46640206"
"chr3","47839064","47839338","KN296503v1","413634","413904","38","47425430"
"chr3","47848215","47848509","KN297259v1","1187859","1188152","28","46660356"
"chr3","47848879","47849168","KN296063v1","314041","314328","42","47534838"
"chr3","47881115","47881417","KN297259v1","1155070","1155378","25","46726045"
"chr3","47893735","47894011","KN297171v1","2628817","2629092","38","45264918"
"chr3","47899382","47899681","KN297245v1","1416081","1416379","26","46483301"
"chr3","47901759","47902071","KN294879v1","533741","534047","38","47368018"
"chr3","47913235","47913525","KN297259v1","1130658","1130947","28","46782577"
"chr3","47919913","47920200","KN297259v1","1124049","1124336","20","46795864"
"chr3","47921727","47922007","KN297159v1","1662639","1662921","34","46259088"
"chr3","47924334","47924643","KN297259v1","1120019","1120323","27","46804315"
"chr3","47926604","47926899","KN295719v1","189138","189434","47","47737466"
"chr3","47928505","47928751","KN296883v1","3353450","3353703","52","44575055"
"chr3","47939463","47939769","KN297259v1","1101570","1101881","14","46837893"
"chr3","47969311","47969615","KN297259v1","1074600","1074915","34","46894711"
"chr3","47986527","47986848","KN295301v1","761923","762233","45","47224604"
"chr3","47987017","47987325","KN297259v1","1057181","1057497","27","46929836"
"chr3","48034631","48034793","KN296281v1","205219","205386","24","47829412"
"chr3","48039975","48040279","KN297259v1","1007322","1007611","34","47032653"
"chr3","48047507","48047801","KN297320v1","271981","272275","35","47775526"
"chr3","48061402","48061711","KN294407v1","1559420","1559718","41","46501982"
"chr3","48062002","48062305","KN295326v1","192748","193053","38","47869254"
"chr3","48073831","48074133","KN294571v1","890748","891049","37","47183083"
"chr3","48075994","48076279","KN294167v1","307983","308273","49","47768011"
"chr3","48085726","48086004","KN297259v1","950497","950766","25","47135229"
"chr3","48098541","48098838","KN294262v1","1563960","1564257","42","46534581"
"chr3","48107846","48108192","KN295523v1","2651938","2652265","74","45455908"
"chr3","48165127","48165455","KN297259v1","867961","868261","50","47297166"
"chr3","48172430","48172719","KN297259v1","858461","858763","36","47313969"
"chr3","48174677","48174988","KN296847v1","511055","511365","38","47663622"
"chr3","48196458","48196728","KN297259v1","834141","834429","37","47362317"
"chr3","48238576","48238870","KN297259v1","794220","794511","24","47444356"
"chr3","48240528","48240765","KN295835v1","199186","199432","46","48041342"
"chr3","48244279","48244567","KN296977v1","42110","42399","47","48202169"
"chr3","48246008","48246313","KN297259v1","785368","785672","28","47460640"
"chr3","48249095","48249314","KN296153v1","3458034","3458253","43","44791061"
"chr3","48255170","48255461","KN296833v1","94676","94959","41","48160494"
"chr3","48255523","48255808","KN295433v1","2338051","2338323","79","45917472"
"chr3","48257908","48258194","KN297259v1","771976","772273","42","47485932"
"chr3","48259482","48259752","KN294407v1","395909","396171","37","47863573"
"chr3","48260998","48261232","KN295405v1","757351","757593","38","47503647"
"chr3","48272193","48272482","KN297259v1","764211","764512","33","47507982"
"chr3","48273367","48273665","KN295090v1","1274641","1274928","51","46998726"
"chr3","48282124","48282435","KN295607v1","3855460","3855770","35","44426664"
"chr3","48289715","48290019","KN295610v1","501770","502075","35","47787945"
"chr3","48305029","48305324","KN296726v1","608259","608551","47","47696770"
"chr3","48327436","48327711","KN297259v1","708599","708865","32","47618837"
"chr3","48340201","48340504","KN294548v1","1161001","1161308","42","47179200"
"chr3","48347559","48347874","KN297259v1","688032","688340","53","47659527"
"chr3","48348642","48348892","KN295157v1","168363","168619","38","48180279"
"chr3","48360081","48360381","KN296079v1","686222","686522","43","47673859"
"chr3","48392968","48393259","KN297259v1","643918","644208","30","47749050"
"chr3","48410788","48411076","KN297259v1","629400","629693","25","47781388"
"chr3","48411386","48411693","KN297259v1","628804","629100","39","47782582"
"chr3","48417073","48417376","KN297259v1","623377","623672","35","47793696"
"chr3","48425999","48426287","KN297259v1","614648","614936","23","47811351"
"chr3","48436020","48436308","KN296781v1","21399","21688","38","48414621"
"chr3","48437271","48437570","KN295996v1","495798","496097","42","47941473"
"chr3","48443001","48443268","KN295601v1","886709","886972","48","47556292"
"chr3","48447140","48447438","KN297259v1","603003","603306","28","47844137"
"chr3","48461409","48461703","KN297259v1","585914","586212","24","47875495"
"chr3","48462059","48462265","KN295605v1","636726","636920","44","47825333"
"chr3","48462862","48463146","KN294513v1","177250","177540","52","48285612"
"chr3","48465716","48466017","KN297259v1","580896","581195","28","47884820"
"chr3","48472638","48472942","KN296513v1","2047464","2047766","45","46425174"
"chr3","48483979","48484275","KN297259v1","561259","561555","24","47922720"
"chr3","48486884","48487189","KN297259v1","557798","558102","30","47929086"
"chr3","48488872","48489164","KN297259v1","555811","556102","30","47933061"
"chr3","48504230","48504531","KN297259v1","538205","538495","30","47966025"
"chr3","48514299","48514609","KN295996v1","133342","133652","39","48380957"
"chr3","48519430","48519723","KN296153v1","1090111","1090408","41","47429319"
"chr3","48520692","48521005","KN295922v1","130002","130315","45","48390690"
"chr3","48529201","48529504","KN297259v1","518293","518598","26","48010908"
"chr3","48530176","48530481","KN294172v1","1521503","1521812","43","47008673"
"chr3","48531050","48531354","KN295735v1","994649","994952","42","47536401"
"chr3","48537528","48537835","KN297259v1","510854","511156","34","48026674"
"chr3","48543382","48543681","KN296847v1","49279","49573","42","48494103"
"chr3","48554700","48554983","KN297259v1","494217","494500","16","48060483"
"chr3","48563085","48563380","KN296345v1","121659","121957","37","48441426"
"chr3","48570367","48570679","KN297259v1","476130","476440","22","48094237"
"chr3","48573936","48574199","KN296403v1","285927","286194","39","48288009"
"chr3","48579405","48579703","KN295855v1","83587","83886","38","48495818"
"chr3","48597359","48597631","KN296306v1","3849577","3849854","35","44747782"
"chr3","48610895","48611195","KN297095v1","1841987","1842290","31","46768908"
"chr3","48634746","48634993","KN295820v1","956662","956899","38","47678084"
"chr3","48636284","48636470","KN294790v1","6048085","6048269","42","42588199"
"chr3","48651308","48651599","KN297203v1","1038785","1039072","30","47612523"
"chr3","48654336","48654643","KN297259v1","391881","392194","28","48262455"
"chr3","48655050","48655317","KN297259v1","391219","391488","22","48263831"
"chr3","48657163","48657448","KN296019v1","412819","413103","34","48244344"
"chr3","48659114","48659424","KN297259v1","387416","387739","35","48271698"
"chr3","48663380","48663682","KN297259v1","382638","382935","32","48280742"
"chr3","48673615","48673914","KN296145v1","740136","740436","44","47933479"
"chr3","48684971","48685269","KN295667v1","1481997","1482304","45","47202974"
"chr3","48704793","48705091","KN297259v1","347497","347807","33","48357296"
"chr3","48737325","48737639","KN295962v1","2329043","2329352","41","46408282"
"chr3","48746479","48746787","KN297259v1","306622","306928","23","48439857"
"chr3","48767788","48768093","KN296153v1","2365186","2365493","40","46402602"
"chr3","48771707","48772017","KN297259v1","275635","275946","30","48496072"
"chr3","48778443","48778603","KN296062v1","1343353","1343512","23","47435090"
"chr3","48788682","48788992","KN295352v1","467809","468118","42","48320873"
"chr3","48807691","48808003","KN296303v1","514845","515157","31","48292846"
"chr3","48817655","48817790","KN295045v1","1206613","1206748","15","47611042"
"chr3","48818183","48818358","KN296153v1","1178114","1178285","27","47640069"
"chr3","48833413","48833710","KN297259v1","219307","219604","20","48614106"
"chr3","48836387","48836698","KN297259v1","216275","216575","35","48620112"
"chr3","48838178","48838463","KN296322v1","1336890","1337174","33","47501288"
"chr3","48842244","48842536","KN297259v1","208559","208862","31","48633685"
"chr3","48866571","48866867","KN297259v1","183665","183968","27","48682906"
"chr3","48880405","48880708","KN297259v1","169142","169452","43","48711263"
"chr3","48886678","48886880","KN297259v1","164243","164444","18","48722435"
"chr3","48887190","48887469","KN297259v1","163652","163932","26","48723538"
"chr3","48897678","48897917","KN296513v1","1780539","1780776","27","47117139"
"chr3","48907000","48907298","KN297259v1","145849","146157","28","48761151"
"chr3","48908354","48908637","KN296404v1","1043973","1044260","46","47864381"
"chr3","48932387","48932670","KN295667v1","634286","634568","45","48298101"
"chr3","48969902","48970191","KN294456v1","1143112","1143404","35","47826790"
"chr3","48972278","48972573","KN297259v1","73348","73646","33","48898930"
"chr3","48976405","48976711","KN295533v1","1966828","1967135","44","47009577"
"chr3","48986782","48987076","KN295883v1","286575","286872","33","48700207"
"chr3","48990968","48991261","KN297259v1","55657","55954","28","48935311"
"chr3","48996577","48996867","KN297259v1","49637","49941","54","48946940"
"chr3","49006681","49006988","KN297023v1","480259","480560","33","48526422"
"chr3","49023694","49023992","KN295405v1","1658681","1658979","31","47365013"
"chr3","49037598","49037756","KN296153v1","4022611","4022768","23","45014987"
"chr3","49046398","49046685","KN294345v1","2127028","2127315","33","46919370"
"chr3","49054974","49055270","KN294372v1","2670408","2670710","27","46384566"
"chr3","49071023","49071316","KN296726v1","876362","876650","38","48194661"
"chr3","49089291","49089597","KN297304v1","54786","55087","35","49034505"
"chr3","49093187","49093496","KN295096v1","457011","457322","28","48636176"
"chr3","49098263","49098557","KN294372v1","2624045","2624352","29","46474218"
"chr3","49115929","49116227","KN295430v1","1217885","1218183","33","47898044"
"chr3","49148740","49149037","KN296153v1","1115266","1115561","31","48033474"
"chr3","49191634","49191921","KN294372v1","2537144","2537410","33","46654490"
"chr3","49195436","49195751","KN294372v1","2532960","2533281","40","46662476"
"chr3","49205351","49205508","KN294187v1","1105095","1105248","21","48100256"
"chr3","49224497","49224721","KN295405v1","757351","757593","55","48467146"
"chr3","49243885","49244199","KN296847v1","511055","511365","48","48732830"
"chr3","49244383","49244693","KN294960v1","36014","36325","38","49208369"
"chr3","49247012","49247315","KN294365v1","1877658","1877964","34","47369354"
"chr3","49258308","49258486","KN294957v1","73265","73439","30","49185043"
"chr3","49268243","49268529","KN294372v1","2453139","2453421","31","46815104"
"chr3","49279963","49280260","KN295907v1","1983934","1984230","35","47296029"
"chr3","49296360","49296672","KN294372v1","2427862","2428164","34","46868498"
"chr3","49349394","49349625","KN295045v1","921009","921237","39","48428385"
"chr3","49350008","49350053","KN296096v1","2690101","2690141","11","46659907"
"chr3","49371314","49371593","KN297242v1","2046546","2046825","33","47324768"
"chr3","49372623","49372855","KN294345v1","881883","882096","57","48490740"
"chr3","49415806","49416037","KN295405v1","757351","757593","49","48658455"
"chr3","49421379","49421680","KN294644v1","85408","85699","51","49335971"
"chr3","49426151","49426423","KN294372v1","2298795","2299058","20","47127356"
"chr3","49440304","49440613","KN294372v1","2285165","2285475","29","47155139"
"chr3","49451589","49451721","KN294172v1","4409456","4409591","17","45042133"
"chr3","49452114","49452418","KN295996v1","495798","496097","39","48956316"
"chr3","49452574","49452744","KN296495v1","1414803","1414975","22","48037771"
"chr3","49463675","49463968","KN297159v1","1746938","1747242","50","47716737"
"chr3","49493951","49494250","KN294917v1","405138","405434","35","49088813"
"chr3","49520428","49520729","KN294372v1","2210192","2210493","21","47310236"
"chr3","49525510","49525764","KN294372v1","2202437","2202693","12","47323073"
"chr3","49528400","49528704","KN296343v1","156847","157153","33","49371553"
"chr3","49529064","49529372","KN296406v1","250415","250727","32","49278649"
"chr3","49532754","49533070","KN294378v1","1504358","1504668","47","48028396"
"chr3","49547944","49548152","KN295406v1","275159","275372","45","49272785"
"chr3","49571429","49571740","KN294372v1","2158512","2158810","36","47412917"
"chr3","49584839","49585140","KN294372v1","2144219","2144525","38","47440620"
"chr3","49604257","49604564","KN294372v1","2130980","2131283","25","47473277"
"chr3","49611578","49611870","KN294444v1","174426","174713","39","49437152"
"chr3","49612495","49612779","KN294372v1","2122355","2122648","40","47490140"
"chr3","49621032","49621335","KN294372v1","2113853","2114166","39","47507179"
"chr3","49622183","49622493","KN294378v1","1504358","1504668","32","48117825"
"chr3","49635849","49636025","KN296153v1","3995769","3995949","33","45640080"
"chr3","49639696","49639916","KN295977v1","1276894","1277103","58","48362802"
"chr3","49641620","49641919","KN296305v1","652930","653232","40","48988690"
"chr3","49641960","49642270","KN297320v1","1223277","1223582","39","48418683"
"chr3","49643373","49643675","KN294372v1","2097847","2098153","29","47545526"
"chr3","49647119","49647416","KN294372v1","2094333","2094637","28","47552786"
"chr3","49651417","49651724","KN296153v1","1336190","1336496","41","48315227"
"chr3","49659333","49659635","KN295523v1","2775761","2776059","41","46883572"
"chr3","49659959","49660279","KN294372v1","2080689","2080993","30","47579270"
"chr3","49663486","49663737","KN295967v1","625826","626071","53","49037660"
"chr3","49665756","49666035","KN294613v1","527135","527410","55","49138621"
"chr3","49666060","49666248","KN295235v1","130746","130938","35","49535314"
"chr3","49670380","49670688","KN294372v1","2070716","2071026","31","47599664"
"chr3","49702263","49702545","KN294257v1","2744602","2744887","39","46957661"
"chr3","49705307","49705605","KN295814v1","1261993","1262292","44","48443314"
"chr3","49719814","49720108","KN296913v1","1306950","1307245","32","48412864"
"chr3","49720363","49720676","KN295523v1","2641149","2641450","43","47079214"
"chr3","49726513","49726703","KN294741v1","1596077","1596264","33","48130436"
"chr3","49739042","49739351","KN294372v1","2003233","2003542","40","47735809"
"chr3","49739401","49739700","KN295171v1","1549820","1550116","43","48189581"
"chr3","49750872","49751175","KN296145v1","3385863","3386166","37","46365009"
"chr3","49752190","49752498","KN295814v1","1248217","1248525","40","48503973"
"chr3","49757823","49758116","KN295596v1","141388","141684","32","49616435"
"chr3","49759822","49760121","KN294372v1","1981700","1981988","34","47778122"
"chr3","49773775","49774093","KN294372v1","1967359","1967660","34","47806416"
"chr3","49788387","49788545","KN296096v1","2408850","2409010","32","47379537"
"chr3","49802344","49802633","KN295090v1","1795125","1795417","43","48007219"
"chr3","49814247","49814531","KN296011v1","52257","52541","37","49761990"
"chr3","49814575","49814861","KN294372v1","1925233","1925523","28","47889342"
"chr3","49828648","49828964","KN294911v1","2691899","2692205","62","47136749"
"chr3","49837294","49837584","KN296508v1","633411","633703","42","49203883"
"chr3","49842712","49843001","KN294372v1","1896955","1897231","37","47945757"
"chr3","49843764","49844058","KN296153v1","1115266","1115561","34","48728498"
"chr3","49849241","49849544","KN294372v1","1890274","1890577","26","47958967"
"chr3","49849553","49849772","KN294372v1","1890048","1890265","18","47959505"
"chr3","49854037","49854346","KN294372v1","1885400","1885703","38","47968637"
"chr3","49899426","49899725","KN294372v1","1839633","1839930","23","48059793"
"chr3","49921914","49922210","KN294372v1","1817941","1818241","28","48103973"
"chr3","49935176","49935484","KN294372v1","1804916","1805226","28","48130260"
"chr3","49948244","49948540","KN294372v1","1792614","1792919","38","48155630"
"chr3","49957867","49958028","KN295102v1","122392","122558","23","49835475"
"chr3","49974062","49974374","KN294372v1","1767390","1767687","35","48206672"
"chr3","49977727","49978020","KN294501v1","4140225","4140518","37","45837502"
"chr3","49983648","49983852","KN295995v1","278598","278793","43","49705050"
"chr3","49994101","49994409","KN296635v1","4969030","4969343","34","45025071"
"chr3","50004577","50004883","KN296442v1","417977","418281","41","49586600"
"chr3","50007209","50007279","KN294257v1","153208","153270","27","49854001"
"chr3","50007952","50008191","KN295405v1","757351","757593","42","49250601"
"chr3","50010539","50010830","KN295480v1","1302107","1302401","31","48708432"
"chr3","50015272","50015551","KN294372v1","1726052","1726331","21","48289220"
"chr3","50016619","50016900","KN296982v1","311466","311748","60","49705153"
"chr3","50017856","50018157","KN294372v1","1724495","1724788","25","48293361"
"chr3","50023840","50024150","KN294372v1","1716466","1716773","26","48307374"
"chr3","50028172","50028449","KN296442v1","808954","809229","34","49219218"
"chr3","50031888","50032186","KN295708v1","1449986","1450286","39","48581902"
"chr3","50043633","50043943","KN297154v1","88894","89201","32","49954739"
"chr3","50058682","50058906","KN294372v1","1679287","1679512","17","48379395"
"chr3","50063263","50063569","KN294372v1","1674290","1674599","34","48388973"
"chr3","50083795","50084102","KN296864v1","3255953","3256226","73","46827842"
"chr3","50084494","50084681","KN296062v1","1571015","1571193","53","48513479"
"chr3","50084783","50084890","KN294879v1","640181","640288","27","49444602"
"chr3","50093741","50093937","KN295198v1","537432","537627","45","49556309"
"chr3","50099256","50099547","KN295480v1","1302107","1302401","30","48797149"
"chr3","50101040","50101375","KN295500v1","211652","211976","67","49889388"
"chr3","50103469","50103785","KN296484v1","351750","352061","44","49751719"
"chr3","50107349","50107647","KN294303v1","307966","308264","34","49799383"
"chr3","50115247","50115546","KN295260v1","2029907","2030202","44","48085340"
"chr3","50118770","50119072","KN294372v1","1618723","1619032","32","48500047"
"chr3","50126328","50126627","KN295607v1","4682824","4683115","51","45443504"
"chr3","50128053","50128328","KN296075v1","197659","197934","36","49930394"
"chr3","50135161","50135464","KN294372v1","1603773","1604077","34","48531388"
"chr3","50146761","50147071","KN294372v1","1594849","1595155","29","48551912"
"chr3","50154932","50155106","KN296743v1","1950123","1950289","31","48204809"
"chr3","50158311","50158606","KN294372v1","1581372","1581664","29","48576939"
"chr3","50158756","50159061","KN294287v1","530811","531116","43","49627945"
"chr3","50169879","50170185","KN294456v1","1098138","1098439","37","49071741"
"chr3","50178133","50178437","KN296000v1","1030238","1030539","48","49147895"
"chr3","50182337","50182633","KN296810v1","26632","26932","50","50155705"
"chr3","50183162","50183367","KN297008v1","4473270","4473472","66","45709892"
"chr3","50183893","50184081","KN294378v1","1482294","1482491","44","48701599"
"chr3","50184645","50184723","KN294844v1","136960","137032","16","50047685"
"chr3","50195266","50195561","KN296357v1","483169","483462","38","49712097"
"chr3","50206492","50206796","KN294372v1","1531975","1532285","47","48674517"
"chr3","50219147","50219413","KN294372v1","1516334","1516608","35","48702813"
"chr3","50219783","50220070","KN297197v1","197080","197368","36","50022703"
"chr3","50221682","50222006","KN295096v1","457011","457322","43","49764671"
"chr3","50225041","50225343","KN294842v1","192762","193057","37","50032279"
"chr3","50225484","50225797","KN294458v1","1693957","1694267","38","48531527"
"chr3","50226270","50226498","KN296921v1","438156","438387","26","49788114"
"chr3","50228614","50228906","KN296833v1","94676","94959","53","50133938"
"chr3","50235449","50235758","KN294372v1","1500800","1501109","18","48734649"
"chr3","50241407","50241543","KN294229v1","26726","26859","11","50214681"
"chr3","50241926","50242102","KN296311v1","7665656","7665823","29","42576270"
"chr3","50246199","50246503","KN294372v1","1489472","1489776","30","48756727"
"chr3","50251691","50251991","KN294229v1","110402","110697","39","50141289"
"chr3","50275791","50276102","KN294372v1","1457789","1458098","29","48818002"
"chr3","50280131","50280433","KN294372v1","1453098","1453399","34","48827033"
"chr3","50287494","50287781","KN294662v1","54879","55172","41","50232615"
"chr3","50290058","50290354","KN294372v1","1441556","1441852","30","48848502"
"chr3","50310560","50310856","KN296062v1","2267975","2268268","36","48042585"
"chr3","50320733","50321016","KN296062v1","707939","708222","34","49612794"
"chr3","50327377","50327666","KN295394v1","556635","556929","37","49770742"
"chr3","50334819","50335127","KN294378v1","1174635","1174937","36","49160184"
"chr3","50341113","50341420","KN294372v1","1389085","1389396","26","48952028"
"chr3","50358052","50358343","KN296110v1","270879","271162","44","50087173"
"chr3","50359378","50359690","KN294372v1","1367255","1367566","26","48992123"
"chr3","50362380","50362694","KN295825v1","923715","924024","46","49438665"
"chr3","50370854","50371166","KN294378v1","1504358","1504668","38","48866496"
"chr3","50390421","50390579","KN294831v1","658690","658843","24","49731731"
"chr3","50416145","50416423","KN294372v1","1318733","1319011","24","49097412"
"chr3","50416649","50416955","KN294372v1","1318194","1318504","32","49098455"
"chr3","50501869","50502169","KN297245v1","1416081","1416379","32","49085788"
"chr3","50512178","50512485","KN294372v1","1217663","1217967","28","49294515"
"chr3","50523390","50523685","KN294372v1","1204663","1204958","25","49318727"
"chr3","50525493","50525790","KN294630v1","246280","246591","52","50279213"
"chr3","50541819","50542124","KN294372v1","1182499","1182813","28","49359320"
"chr3","50543742","50544031","KN294790v1","2772195","2772478","47","47771547"
"chr3","50550387","50550688","KN294372v1","1173363","1173654","33","49377024"
"chr3","50561103","50561345","KN297452v1","1265277","1265513","39","49295826"
"chr3","50570956","50571253","KN294372v1","1151521","1151817","22","49419435"
"chr3","50601568","50601861","KN294372v1","1121930","1122220","30","49479638"
"chr3","50604819","50605109","KN294372v1","1118409","1118695","24","49486410"
"chr3","50605874","50606036","KN296577v1","523500","523670","28","50082374"
"chr3","50623758","50624054","KN294372v1","1098012","1098310","29","49525746"
"chr3","50666402","50666668","KN294372v1","1056997","1057262","19","49609405"
"chr3","50679740","50680050","KN295893v1","2638933","2639243","53","48040807"
"chr3","50680687","50680984","KN294937v1","266","558","38","50680421"
"chr3","50681927","50682224","KN294937v1","266","558","39","50681661"
"chr3","50693909","50694222","KN295343v1","729289","729587","51","49964620"
"chr3","50707739","50708040","KN294372v1","1016943","1017239","26","49690796"
"chr3","50708811","50709111","KN294372v1","1015871","1016168","32","49692940"
"chr3","50713485","50713788","KN297008v1","1825305","1825608","46","48888180"
"chr3","50724108","50724406","KN297023v1","480259","480560","35","50243849"
"chr3","50726464","50726766","KN294372v1","1000215","1000518","37","49726249"
"chr3","50727714","50727883","KN295605v1","235354","235521","26","50492360"
"chr3","50728843","50728901","KN296495v1","1507938","1508003","23","49220905"
"chr3","50735899","50736202","KN294761v1","363307","363610","42","50372592"
"chr3","50745084","50745294","KN296225v1","404775","404977","49","50340309"
"chr3","50749625","50749923","KN294181v1","1437190","1437488","29","49312435"
"chr3","50751142","50751399","KN294570v1","108118","108368","42","50643024"
"chr3","50770264","50770569","KN294372v1","960635","960946","44","49809629"
"chr3","50770744","50771046","KN294372v1","960164","960460","35","49810580"
"chr3","50772977","50773260","KN294407v1","598111","598399","36","50174866"
"chr3","50776135","50776429","KN294372v1","953619","953917","28","49822516"
"chr3","50778148","50778450","KN297219v1","2267303","2267604","42","48510845"
"chr3","50778463","50778771","KN294172v1","1768063","1768374","45","49010400"
"chr3","50781069","50781377","KN296513v1","2047464","2047766","40","48733605"
"chr3","50793624","50793927","KN294372v1","946310","946608","32","49847314"
"chr3","50806433","50806741","KN296484v1","351750","352061","38","50454683"
"chr3","50814001","50814291","KN294372v1","928518","928799","29","49885483"
"chr3","50815484","50815778","KN297171v1","1658789","1659080","36","49156695"
"chr3","50816417","50816723","KN294372v1","926116","926425","27","49890301"
"chr3","50853662","50853958","KN294456v1","1098138","1098439","34","49755524"
"chr3","50863148","50863375","KN294526v1","430681","430908","35","50432467"
"chr3","50871439","50871745","KN294372v1","868647","868953","33","50002792"
"chr3","50881487","50881793","KN294372v1","859101","859405","39","50022386"
"chr3","50888626","50888920","KN294372v1","853211","853514","38","50035415"
"chr3","50895362","50895568","KN296864v1","2390258","2390472","38","48505104"
"chr3","50904621","50904914","KN294372v1","836799","837093","27","50067822"
"chr3","50933373","50933682","KN294372v1","807625","807936","20","50125748"
"chr3","50962972","50963147","KN296761v1","5714","5885","28","50957258"
"chr3","50967440","50967736","KN294372v1","771487","771779","23","50195953"
"chr3","50970050","50970369","KN294372v1","769258","769566","36","50200792"
"chr3","50970699","50971002","KN294372v1","768621","768924","23","50202078"
"chr3","50971540","50971843","KN294372v1","767179","767476","32","50204361"
"chr3","50988857","50989145","KN295828v1","1278471","1278759","37","49710386"
"chr3","50999354","50999669","KN294372v1","739827","740132","31","50259527"
"chr3","51027121","51027420","KN294372v1","711641","711944","24","50315480"
"chr3","51053861","51054157","KN296528v1","1412689","1412985","29","49641172"
"chr3","51133147","51133462","KN294372v1","605399","605711","35","50527748"
"chr3","51146307","51146489","KN294668v1","1588557","1588731","35","49557750"
"chr3","51196847","51197163","KN294790v1","2480212","2480521","53","48716635"
"chr3","51227284","51227595","KN294372v1","512046","512354","37","50715238"
"chr3","51374664","51374965","KN295936v1","2040017","2040305","55","49334647"
"chr3","51419235","51419535","KN295371v1","763803","764104","45","50655432"
"chr3","51473457","51473767","KN296595v1","42365","42662","48","51431092"
"chr3","51492022","51492324","KN295871v1","542479","542775","32","50949543"
"chr3","51498580","51498888","KN294372v1","244822","245126","24","51253758"
"chr3","51498931","51499231","KN294372v1","244357","244671","52","51254574"
"chr3","51500646","51500960","KN294372v1","244357","244671","29","51256289"
"chr3","51518847","51519146","KN294372v1","228036","228334","26","51290811"
"chr3","51535272","51535545","KN296311v1","4040395","4040669","37","47494877"
"chr3","51536853","51537057","KN296665v1","223508","223711","47","51313345"
"chr3","51537179","51537474","KN294420v1","822079","822371","37","50715100"
"chr3","51577314","51577621","KN294372v1","210408","210709","27","51366906"
"chr3","51591394","51591687","KN294372v1","196116","196408","30","51395278"
"chr3","51620141","51620417","KN294372v1","168612","168887","24","51451529"
"chr3","51626196","51626489","KN295225v1","693903","694197","34","50932293"
"chr3","51637584","51637889","KN296430v1","1105044","1105344","27","50532540"
"chr3","51691340","51691624","KN295977v1","899017","899304","40","50792323"
"chr3","51829162","51829463","KN296486v1","377602","377909","42","51451560"
"chr3","51850311","51850596","KN294269v1","1190734","1191020","38","50659577"
"chr3","51883635","51883932","KN295343v1","729289","729587","46","51154346"
"chr3","51900801","51901105","KN294526v1","40251","40555","33","51860550"
"chr3","51995536","51995824","KN294526v1","132771","133058","25","51862765"
"chr3","52014328","52014612","KN295735v1","1370322","1370606","40","50644006"
"chr3","52033423","52033728","KN294526v1","176101","176410","25","51857322"
"chr3","52035965","52036259","KN294937v1","266","558","32","52035699"
"chr3","52060864","52061176","KN296096v1","3922064","3922372","82","48138800"
"chr3","52086239","52086481","KN294526v1","225651","225879","30","51860588"
"chr3","52100258","52100550","KN296726v1","606731","607020","40","51493527"
"chr3","52111868","52112176","KN294526v1","248315","248626","21","51863553"
"chr3","52133152","52133439","KN294526v1","265650","265945","22","51867502"
"chr3","52168366","52168662","KN294526v1","301360","301659","31","51867006"
"chr3","52201435","52201734","KN294526v1","334958","335253","35","51866477"
"chr3","52221979","52222287","KN294957v1","62097","62408","40","52159882"
"chr3","52235579","52235885","KN295301v1","716124","716425","35","51519455"
"chr3","52237538","52237856","KN294526v1","376240","376554","31","51861298"
"chr3","52237863","52238171","KN294526v1","376561","376866","32","51861302"
"chr3","52246913","52247211","KN295091v1","2692987","2693285","32","49553926"
"chr3","52248251","52248551","KN294526v1","387039","387341","25","51861212"
"chr3","52254171","52254349","KN294470v1","529711","529889","30","51724460"
"chr3","52254449","52254751","KN294526v1","393427","393715","34","51861022"
"chr3","52267482","52267783","KN294526v1","412706","413012","34","51854776"
"chr3","52277245","52277542","KN294470v1","2136945","2137241","32","50140300"
"chr3","52280775","52281080","KN294526v1","419819","420125","27","51860956"
"chr3","52283028","52283324","KN294526v1","421762","422046","36","51861266"
"chr3","52290996","52291288","KN294526v1","429913","430211","18","51861083"
"chr3","52291752","52291967","KN294526v1","430681","430908","34","51861071"
"chr3","52295207","52295506","KN294571v1","1575904","1576204","38","50719303"
"chr3","52296588","52296892","KN294526v1","435626","435931","20","51860962"
"chr3","52299037","52299331","KN294526v1","437650","437946","24","51861387"
"chr3","52299520","52299752","KN294526v1","438120","438353","26","51861400"
"chr3","52305464","52305769","KN295825v1","888474","888776","41","51416990"
"chr3","52319087","52319389","KN294526v1","460794","461101","14","51858293"
"chr3","52326847","52327146","KN294761v1","363307","363610","43","51963540"
"chr3","52341034","52341345","KN295315v1","133371","133680","38","52207663"
"chr3","52361633","52361925","KN294526v1","504765","505057","26","51856868"
"chr3","52362430","52362732","KN294526v1","505845","506147","34","51856585"
"chr3","52382834","52383142","KN295637v1","335749","336059","40","52047085"
"chr3","52385616","52385922","KN294526v1","529671","529972","35","51855945"
"chr3","52397020","52397315","KN294526v1","542443","542746","27","51854577"
"chr3","52418771","52419054","KN294526v1","563427","563711","29","51855344"
"chr3","52420253","52420557","KN294526v1","565187","565484","31","51855066"
"chr3","52422018","52422325","KN294526v1","566964","567261","31","51855054"
"chr3","52423592","52423911","KN294287v1","489780","490095","51","51933812"
"chr3","52425764","52426036","KN296484v1","85417","85689","47","52340347"
"chr3","52433529","52433838","KN294526v1","574477","574783","29","51859052"
"chr3","52443412","52443713","KN294526v1","584075","584376","26","51859337"
"chr3","52451641","52451935","KN294526v1","592135","592427","24","51859506"
"chr3","52514677","52514985","KN294443v1","733494","733799","38","51781183"
"chr3","52515349","52515620","KN294604v1","515332","515604","37","52000017"
"chr3","52547015","52547257","KN296036v1","510819","511064","39","52036196"
"chr3","52621073","52621365","KN296404v1","3824512","3824802","35","48796561"
"chr3","52655522","52655805","KN294987v1","1485623","1485909","24","51169899"
"chr3","52694381","52694679","KN296310v1","934750","935050","37","51759631"
"chr3","52713214","52713524","KN294172v1","2552899","2553211","46","50160315"
"chr3","52726583","52726886","KN296138v1","298007","298306","41","52428576"
"chr3","52737617","52737929","KN294987v1","1571836","1572140","24","51165781"
"chr3","52745502","52745727","KN295405v1","757351","757593","49","51988151"
"chr3","52745792","52746058","KN294161v1","436868","437139","45","52308924"
"chr3","52757865","52758159","KN294987v1","1592732","1593028","27","51165133"
"chr3","52815005","52815317","KN295871v1","1126984","1127294","28","51688021"
"chr3","52824891","52825172","KN295871v1","1116951","1117232","18","51707940"
"chr3","52939510","52939801","KN294526v1","592135","592427","36","52347375"
"chr3","52944080","52944385","KN295871v1","1001831","1002150","39","51942249"
"chr3","52976609","52976914","KN295236v1","4141001","4141296","37","48835608"
"chr3","52992943","52993218","KN294251v1","1151512","1151787","37","51841431"
"chr3","52998275","52998572","KN296311v1","8006027","8006328","39","44992248"
"chr3","53030367","53030587","KN294470v1","2697577","2697792","34","50332790"
"chr3","53086510","53086546","KN296096v1","2690101","2690141","8","50396409"
"chr3","53086595","53086886","KN294499v1","2011390","2011673","36","51075205"
"chr3","53110140","53110426","KN294207v1","929307","929591","39","52180833"
"chr3","53117713","53118013","KN294911v1","628968","629266","44","52488745"
"chr3","53120255","53120565","KN295315v1","1178596","1178904","42","51941659"
"chr3","53162642","53162934","KN295871v1","780969","781268","27","52381673"
"chr3","53182902","53183200","KN295871v1","756790","757080","26","52426112"
"chr3","53183524","53183824","KN294470v1","2136945","2137241","34","51046579"
"chr3","53195619","53195919","KN295871v1","744163","744464","29","52451456"
"chr3","53259370","53259656","KN295871v1","681623","681917","22","52577747"
"chr3","53261018","53261237","KN295871v1","679658","679877","17","52581360"
"chr3","53269983","53270282","KN295871v1","670071","670371","39","52599912"
"chr3","53294874","53295168","KN295871v1","643543","643839","40","52651331"
"chr3","53333500","53333690","KN295871v1","605671","605857","25","52727829"
"chr3","53344618","53344899","KN294837v1","354668","354953","41","52989950"
"chr3","53354617","53354915","KN294456v1","1098138","1098439","35","52256479"
"chr3","53397180","53397474","KN295871v1","542479","542775","21","52854701"
"chr3","53397773","53398067","KN295405v1","389811","390107","33","53007962"
"chr3","53402412","53402714","KN294446v1","240983","241287","31","53161429"
"chr3","53416740","53417035","KN295871v1","522767","523061","20","52893973"
"chr3","53418724","53419037","KN295871v1","520653","520965","34","52898071"
"chr3","53431149","53431367","KN295236v1","80023","80248","44","53351126"
"chr3","53438899","53439202","KN295871v1","501327","501641","39","52937572"
"chr3","53481324","53481637","KN297158v1","212439","212742","49","53268885"
"chr3","53491414","53491706","KN295871v1","441677","441963","32","53049737"
"chr3","53498640","53498954","KN295871v1","434394","434708","36","53064246"
"chr3","53507852","53508145","KN295871v1","425657","425950","23","53082195"
"chr3","53508578","53508865","KN295871v1","424946","425239","26","53083632"
"chr3","53513108","53513412","KN296036v1","39250","39550","32","53473858"
"chr3","53514907","53515209","KN295326v1","192748","193053","41","53322159"
"chr3","53516139","53516437","KN295871v1","417324","417628","20","53098815"
"chr3","53576661","53576938","KN295871v1","354617","354897","23","53222044"
"chr3","53578594","53578891","KN295871v1","352687","352980","22","53225907"
"chr3","53589665","53589964","KN296290v1","436882","437182","43","53152783"
"chr3","53596320","53596613","KN295871v1","327108","327404","30","53269212"
"chr3","53636950","53637240","KN294407v1","3027269","3027567","39","50609681"
"chr3","53670112","53670410","KN296732v1","2210853","2211154","47","51459259"
"chr3","53705821","53706117","KN294501v1","4140225","4140518","36","49565596"
"chr3","53764063","53764346","KN294147v1","1191891","1192182","39","52572172"
"chr3","53779830","53780118","KN296743v1","202352","202637","40","53577478"
"chr3","53780420","53780714","KN295871v1","145576","145870","29","53634844"
"chr3","53788037","53788325","KN295871v1","137619","137912","25","53650418"
"chr3","53796732","53797029","KN294539v1","1287945","1288241","28","52508787"
"chr3","53805733","53806030","KN295871v1","123168","123465","21","53682565"
"chr3","53845126","53845434","KN295871v1","79890","80195","23","53765236"
"chr3","53845748","53846051","KN294539v1","1287945","1288241","45","52557803"
"chr3","53873056","53873359","KN295533v1","1966828","1967135","32","51906228"
"chr3","53928924","53929197","KN296864v1","1076694","1076968","32","52852230"
"chr3","53938924","53939198","KN294790v1","1093477","1093754","48","52845447"
"chr3","53942410","53942716","KN294842v1","1466394","1466697","40","52476016"
"chr3","53945799","53946111","KN294856v1","158144","158448","38","53787655"
"chr3","53968537","53968849","KN296404v1","1944196","1944502","51","52024341"
"chr3","53968888","53969182","KN296158v1","512983","513270","50","53455905"
"chr3","53988543","53988839","KN296404v1","1150048","1150343","37","52838495"
"chr3","54035258","54035566","KN295366v1","78980","79290","41","53956278"
"chr3","54049312","54049618","KN294879v1","533741","534047","34","53515571"
"chr3","54058885","54059195","KN295301v1","761923","762233","30","53296962"
"chr3","54059196","54059492","KN296466v1","55523","55818","29","54003673"
"chr3","54060808","54061104","KN296495v1","1951647","1951933","37","52109161"
"chr3","54062969","54063259","KN296009v1","1147876","1148169","29","52915093"
"chr3","54070327","54070519","KN294831v1","678063","678264","32","53392264"
"chr3","54070954","54071260","KN294456v1","1143112","1143404","53","52927842"
"chr3","54072013","54072316","KN297442v1","1612430","1612738","32","52459583"
"chr3","54122805","54123111","KN295433v1","250702","251008","39","53872103"
"chr3","54125997","54126336","KN295719v1","155886","156229","63","53970111"
"chr3","54136606","54136910","KN295533v1","2511717","2512017","34","51624889"
"chr3","54155146","54155416","KN295117v1","350609","350880","42","53804537"
"chr3","54168396","54168699","KN294571v1","890748","891049","44","53277648"
"chr3","54202321","54202627","KN294193v1","656123","656428","36","53546198"
"chr3","54204241","54204549","KN294193v1","656123","656428","39","53548118"
"chr3","54210798","54211070","KN294172v1","4940663","4940925","49","49270135"
"chr3","54217591","54217758","KN296244v1","728807","728972","20","53488784"
"chr3","54217759","54218025","KN295474v1","1438594","1438859","40","52779165"
"chr3","54227865","54228173","KN297319v1","232033","232338","31","53995832"
"chr3","54249101","54249401","KN295343v1","729289","729587","31","53519812"
"chr3","54250171","54250461","KN296247v1","64652","64940","40","54185519"
"chr3","54265555","54265835","KN295746v1","153313","153594","32","54112242"
"chr3","54290011","54290310","KN296948v1","1329163","1329455","39","52960848"
"chr3","54295374","54295678","KN295719v1","212280","212572","35","54083094"
"chr3","54297027","54297337","KN295719v1","212280","212572","42","54084747"
"chr3","54317198","54317499","KN296541v1","177294","177595","31","54139904"
"chr3","54384486","54384780","KN294210v1","280795","281092","38","54103691"
"chr3","54427796","54428105","KN295439v1","83349","83650","41","54344447"
"chr3","54467857","54468169","KN294790v1","163386","163690","44","54304471"
"chr3","54493887","54494211","KN295929v1","457065","457374","47","54036822"
"chr3","54536775","54537083","KN295571v1","513084","513393","39","54023691"
"chr3","54592661","54592954","KN296726v1","606731","607020","39","53985930"
"chr3","54635012","54635322","KN297154v1","1039874","1040175","39","53595138"
"chr3","54703678","54703977","KN295284v1","131398","131699","42","54572280"
"chr3","54717548","54717849","KN295114v1","45102","45395","36","54672446"
"chr3","54790928","54791220","KN297171v1","1721581","1721880","48","53069347"
"chr3","54838389","54838681","KN296739v1","299526","299826","36","54538863"
"chr3","54839191","54839478","KN295394v1","556635","556929","34","54282556"
"chr3","54878083","54878366","KN297227v1","1046176","1046474","47","53831907"
"chr3","54940708","54940914","KN295705v1","623338","623563","73","54317370"
"chr3","54954734","54955059","KN295484v1","585850","586150","49","54368884"
"chr3","54975235","54975539","KN294378v1","1174635","1174937","39","53800600"
"chr3","54990937","54991232","KN295484v1","552367","552675","27","54438570"
"chr3","55020995","55021295","KN295484v1","522940","523245","25","54498055"
"chr3","55030831","55031140","KN296178v1","8073","8382","32","55022758"
"chr3","55042064","55042361","KN294407v1","3027269","3027567","38","52014795"
"chr3","55116505","55116818","KN296128v1","201621","201927","45","54914884"
"chr3","55152328","55152632","KN296732v1","3297760","3298052","39","51854568"
"chr3","55198422","55198717","KN295484v1","348127","348423","23","54850295"
"chr3","55228382","55228677","KN295484v1","316873","317163","32","54911509"
"chr3","55398775","55399084","KN296262v1","104634","104947","45","55294141"
"chr3","55431372","55431674","KN295484v1","112916","113213","40","55318456"
"chr3","55474232","55474542","KN295484v1","68652","68948","34","55405580"
"chr3","55502565","55502846","KN296079v1","662260","662539","35","54840305"
"chr3","55669866","55670164","KN295198v1","274974","275272","38","55394892"
"chr3","55698770","55699098","KN295470v1","159997","160296","59","55538773"
"chr3","55710875","55711213","KN296926v1","897778","898110","55","54813097"
"chr3","55711293","55711570","KN296188v1","116935","117220","39","55594358"
"chr3","55767481","55767749","KN295470v1","227808","228076","27","55539673"
"chr3","55800390","55800689","KN295470v1","260358","260658","24","55540032"
"chr3","55821771","55822063","KN295470v1","281988","282273","32","55539783"
"chr3","55839479","55839788","KN294897v1","608563","608873","33","55230916"
"chr3","55892148","55892441","KN295470v1","352044","352339","23","55540104"
"chr3","55945824","55946122","KN294733v1","607498","607793","33","55338326"
"chr3","56002843","56003135","KN294548v1","1329635","1329920","39","54673208"
"chr3","56061747","56062026","KN294536v1","1834454","1834729","34","54227293"
"chr3","56177782","56178039","KN295828v1","1498966","1499228","36","54678816"
"chr3","56251122","56251419","KN295893v1","5868091","5868383","42","50383031"
"chr3","56304889","56305196","KN294957v1","62097","62408","38","56242792"
"chr3","56313448","56313740","KN295923v1","1097156","1097449","39","55216292"
"chr3","56315437","56315713","KN294911v1","4607907","4608180","52","51707530"
"chr3","56387585","56387895","KN294790v1","163386","163690","45","56224199"
"chr3","56390593","56390874","KN296311v1","3240773","3241062","43","53149820"
"chr3","56487236","56487551","KN294262v1","1501961","1502272","40","54985275"
"chr3","56501176","56501484","KN294842v1","1178098","1178408","34","55323078"
"chr3","56524902","56525221","KN294630v1","549363","549684","50","55975539"
"chr3","56526653","56526944","KN295719v1","189138","189434","46","56337515"
"chr3","56580357","56580693","KN294509v1","964036","964370","61","55616321"
"chr3","56729734","56730031","KN294850v1","174854","175153","39","56554880"
"chr3","56745756","56746048","KN294917v1","401690","401984","32","56344066"
"chr3","56807415","56807721","KN294407v1","2317315","2317623","41","54490100"
"chr3","56998211","56998510","KN295962v1","2135300","2135608","46","54862911"
"chr3","57044638","57044815","KN295171v1","374429","374605","27","56670209"
"chr3","57104367","57104664","KN297212v1","287138","287440","35","56817229"
"chr3","57112565","57112824","KN295835v1","199186","199432","56","56913379"
"chr3","57216576","57216857","KN297212v1","179738","180019","30","57036838"
"chr3","57288433","57288721","KN296096v1","3298011","3298301","50","53990422"
"chr3","57332231","57332527","KN297212v1","58986","59278","27","57273245"
"chr3","57350320","57350626","KN294856v1","158144","158448","34","57192176"
"chr3","57391680","57391983","KN294991v1","9653","9962","32","57382027"
"chr3","57417793","57418095","KN296557v1","18517","18814","34","57399276"
"chr3","57447913","57448202","KN294991v1","60968","61250","30","57386945"
"chr3","57461077","57461381","KN296847v1","511055","511365","38","56950022"
"chr3","57509620","57509902","KN294991v1","127363","127640","21","57382257"
"chr3","57530628","57530926","KN296153v1","2750284","2750585","40","54780344"
"chr3","57536395","57536702","KN294991v1","155363","155663","37","57381032"
"chr3","57539140","57539400","KN296948v1","1008770","1009024","43","56530370"
"chr3","57541306","57541607","KN297146v1","129898","130192","41","57411408"
"chr3","57562923","57563256","KN295596v1","1567069","1567403","45","55995854"
"chr3","57584388","57584678","KN294407v1","598111","598399","35","56986277"
"chr3","57585139","57585448","KN294266v1","214101","214406","33","57371038"
"chr3","57589205","57589515","KN294378v1","1504358","1504668","40","56084847"
"chr3","57592450","57592756","KN295962v1","1686641","1686938","95","55905809"
"chr3","57611138","57611467","KN294991v1","218238","218539","47","57392900"
"chr3","57634528","57634835","KN294991v1","242734","243044","36","57391794"
"chr3","57647066","57647399","KN294602v1","31943","32270","53","57615123"
"chr3","57684844","57685143","KN294991v1","293673","293971","15","57391171"
"chr3","57699593","57699880","KN294991v1","308346","308646","41","57391247"
"chr3","57783018","57783246","KN297186v1","50383","50628","51","57732635"
"chr3","57820495","57820788","KN295967v1","606893","607186","38","57213602"
"chr3","57820792","57821061","KN294991v1","428300","428572","19","57392492"
"chr3","57837503","57837800","KN294456v1","1098138","1098439","36","56739365"
"chr3","57853506","57853809","KN294539v1","1287945","1288241","32","56565561"
"chr3","57862575","57862864","KN294991v1","460849","461136","30","57401726"
"chr3","57889772","57890055","KN294991v1","487341","487623","27","57402431"
"chr3","57910369","57910672","KN294991v1","505272","505576","20","57405097"
"chr3","57928460","57928751","KN296357v1","621170","621460","35","57307290"
"chr3","57929079","57929373","KN294991v1","523632","523926","18","57405447"
"chr3","57943428","57943731","KN294991v1","537487","537790","27","57405941"
"chr3","58008118","58008409","KN294848v1","1154758","1155048","33","56853360"
"chr3","58008843","58009143","KN294187v1","1109661","1109959","38","56899182"
"chr3","58028234","58028547","KN294991v1","617634","617929","41","57410600"
"chr3","58041311","58041604","KN295729v1","826689","826980","36","57214622"
"chr3","58059979","58060251","KN295960v1","344048","344330","47","57715931"
"chr3","58072501","58072767","KN295601v1","930054","930315","36","57142447"
"chr3","58075091","58075386","KN294991v1","667904","668196","21","57407187"
"chr3","58093969","58094266","KN296263v1","1227686","1227986","37","56866283"
"chr3","58096082","58096380","KN296138v1","298007","298306","40","57798075"
"chr3","58097927","58098235","KN294991v1","686774","687084","23","57411153"
"chr3","58104581","58104882","KN294991v1","694770","695068","32","57409811"
"chr3","58124786","58125062","KN297314v1","616778","617057","45","57508008"
"chr3","58131557","58131856","KN294991v1","724427","724724","20","57407130"
"chr3","58165082","58165374","KN296743v1","2255912","2256204","35","55909170"
"chr3","58168840","58169145","KN294592v1","1036828","1037126","36","57132012"
"chr3","58183460","58183629","KN296620v1","725178","725346","25","57458282"
"chr3","58228058","58228369","KN294991v1","817282","817587","39","57410776"
"chr3","58237908","58238216","KN294991v1","827557","827858","30","57410351"
"chr3","58239965","58240257","KN294991v1","829599","829902","29","57410366"
"chr3","58260971","58261263","KN294456v1","1143112","1143404","31","57117859"
"chr3","58261870","58262151","KN294668v1","2248139","2248427","41","56013731"
"chr3","58263653","58263876","KN295045v1","1089100","1089319","38","57174553"
"chr3","58277780","58277856","KN294844v1","136960","137032","14","58140820"
"chr3","58278158","58278312","KN295666v1","773224","773378","27","57504934"
"chr3","58278556","58278789","KN294991v1","866271","866510","30","57412285"
"chr3","58299627","58299897","KN294552v1","260961","261228","34","58038666"
"chr3","58337768","58338053","KN295607v1","4441116","4441409","41","53896652"
"chr3","58358778","58359087","KN295319v1","42222","42534","32","58316556"
"chr3","58389315","58389585","KN296122v1","40423","40694","36","58348892"
"chr3","58393120","58393425","KN295814v1","898642","898947","34","57494478"
"chr3","58397646","58397956","KN294991v1","983207","983517","25","57414439"
"chr3","58405132","58405419","KN294991v1","990313","990602","36","57414819"
"chr3","58410356","58410597","KN294991v1","995507","995758","28","57414849"
"chr3","58423744","58424035","KN294991v1","1010585","1010875","27","57413159"
"chr3","58424752","58425044","KN296322v1","999480","999773","35","57425272"
"chr3","58427470","58427759","KN294991v1","1014370","1014671","28","57413100"
"chr3","58437726","58437877","KN296580v1","567614","567775","27","57870112"
"chr3","58465002","58465264","KN294650v1","27651","27917","37","58437351"
"chr3","58470596","58470875","KN294698v1","181917","182196","35","58288679"
"chr3","58475268","58475576","KN294407v1","2317315","2317623","38","56157953"
"chr3","58477649","58477932","KN294991v1","1060956","1061240","25","57416693"
"chr3","58499138","58499420","KN294991v1","1078162","1078457","39","57420976"
"chr3","58501313","58501453","KN295605v1","300391","300509","46","58200922"
"chr3","58508089","58508406","KN295405v1","1404748","1405060","41","57103341"
"chr3","58526144","58526448","KN294991v1","1104652","1104954","35","57421492"
"chr3","58526454","58526725","KN294991v1","1104962","1105229","25","57421492"
"chr3","58540659","58540952","KN294539v1","1287945","1288241","32","57252714"
"chr3","58554140","58554432","KN294991v1","1132714","1133010","23","57421426"
"chr3","58556304","58556613","KN294991v1","1135379","1135688","26","57420925"
"chr3","58603737","58604043","KN294991v1","1184797","1185103","13","57418940"
"chr3","58612932","58613218","KN294244v1","56461","56743","38","58556471"
"chr3","58616378","58616668","KN296153v1","3041230","3041525","36","55575148"
"chr3","58621603","58621892","KN295561v1","109790","110077","36","58511813"
"chr3","58628497","58628796","KN294548v1","1161001","1161308","44","57467496"
"chr3","58654884","58655197","KN294548v1","328774","329084","42","58326110"
"chr3","58679046","58679346","KN294260v1","901198","901496","29","57777848"
"chr3","58689380","58689670","KN294539v1","1287945","1288241","36","57401435"
"chr3","58733868","58734116","KN294991v1","1314434","1314688","25","57419434"
"chr3","58739780","58740092","KN294991v1","1321106","1321397","39","57418674"
"chr3","58751294","58751473","KN294187v1","1212835","1213011","28","57538459"
"chr3","58761438","58761748","KN296036v1","898092","898396","38","57863346"
"chr3","58766922","58767237","KN294806v1","260010","260325","37","58506912"
"chr3","58774934","58775218","KN294365v1","1732094","1732379","36","57042840"
"chr3","58775596","58775886","KN295090v1","1338805","1339099","36","57436791"
"chr3","58811355","58811586","KN295405v1","757351","757593","54","58054004"
"chr3","58841829","58842053","KN295405v1","757351","757593","45","58084478"
"chr3","58845109","58845417","KN294991v1","1429651","1429959","28","57415458"
"chr3","58846286","58846592","KN296210v1","928008","928314","45","57918278"
"chr3","58851862","58852171","KN296153v1","2873301","2873603","39","55978561"
"chr3","58852638","58852942","KN294592v1","1036828","1037126","36","57815810"
"chr3","58854657","58854886","KN295405v1","757351","757593","43","58097306"
"chr3","58858313","58858624","KN294991v1","1442531","1442843","24","57415782"
"chr3","58861229","58861537","KN296158v1","1175251","1175559","35","57685978"
"chr3","58862419","58862705","KN294991v1","1445417","1445712","30","57417002"
"chr3","58862706","58862865","KN295633v1","2201470","2201628","23","56661236"
"chr3","58865354","58865665","KN295241v1","325917","326226","42","58539437"
"chr3","58866371","58866678","KN294991v1","1449381","1449686","30","57416990"
"chr3","58890920","58891216","KN296588v1","1952936","1953238","37","56937984"
"chr3","58891503","58891794","KN295729v1","1349755","1350051","47","57541748"
"chr3","58895237","58895537","KN294991v1","1473745","1474049","23","57421492"
"chr3","58897634","58897940","KN296495v1","1317707","1318008","36","57579927"
"chr3","58898644","58898957","KN294536v1","1867889","1868199","42","57030755"
"chr3","58900347","58900649","KN294325v1","1015803","1016101","37","57884544"
"chr3","58927821","58928125","KN294456v1","1098138","1098439","37","57829683"
"chr3","58955765","58956062","KN294991v1","1535875","1536181","33","57419890"
"chr3","58963189","58963500","KN294991v1","1543870","1544178","36","57419319"
"chr3","58964000","58964318","KN294451v1","1497352","1497673","46","57466648"
"chr3","58974785","58975087","KN294917v1","405138","405434","44","58569647"
"chr3","58976483","58976789","KN296442v1","417977","418281","33","58558506"
"chr3","58977359","58977601","KN295352v1","169351","169596","42","58808008"
"chr3","58990299","58990590","KN294991v1","1572086","1572377","21","57418213"
"chr3","59030589","59030863","KN294991v1","1611834","1612100","27","57418755"
"chr3","59034444","59034739","KN294917v1","405138","405434","37","58629306"
"chr3","59042137","59042408","KN294991v1","1622829","1623098","28","57419308"
"chr3","59071716","59072011","KN294991v1","1653113","1653403","29","57418603"
"chr3","59077313","59077601","KN296311v1","1056866","1057165","42","58020447"
"chr3","59106503","59106809","KN294991v1","1692556","1692877","35","57413947"
"chr3","59128007","59128188","KN294983v1","137226","137415","37","58990781"
"chr3","59139414","59139715","KN294991v1","1727845","1728144","24","57411569"
"chr3","59145294","59145594","KN294629v1","9039","9337","41","59136255"
"chr3","59184982","59185271","KN295480v1","1302107","1302401","33","57882875"
"chr3","59204749","59204939","KN297442v1","1659397","1659581","32","57545352"
"chr3","59211487","59211770","KN294991v1","1799738","1800022","22","57411749"
"chr3","59221468","59221754","KN294790v1","272636","272926","39","58948832"
"chr3","59231730","59232027","KN294592v1","1036828","1037126","37","58194902"
"chr3","59232267","59232577","KN294991v1","1827725","1828027","34","57404542"
"chr3","59235193","59235469","KN294404v1","404187","404462","32","58831006"
"chr3","59242842","59243140","KN294991v1","1838724","1839016","25","57404118"
"chr3","59251251","59251581","KN294991v1","1847315","1847613","51","57403936"
"chr3","59264325","59264634","KN295607v1","143593","143902","39","59120732"
"chr3","59267794","59268105","KN294287v1","369071","369381","40","58898723"
"chr3","59272572","59272854","KN294991v1","1868228","1868510","20","57404344"
"chr3","59299626","59299925","KN294991v1","1896087","1896379","22","57403539"
"chr3","59329763","59330052","KN294991v1","1928832","1929127","29","57400931"
"chr3","59332126","59332428","KN294991v1","1931165","1931478","34","57400961"
"chr3","59347402","59347707","KN295361v1","932292","932599","40","58415110"
"chr3","59365071","59365353","KN294991v1","1974815","1975107","32","57390256"
"chr3","59404934","59405114","KN296096v1","3378902","3379084","51","56026032"
"chr3","59405192","59405491","KN294790v1","163386","163690","36","59241806"
"chr3","59412098","59412399","KN294991v1","2021259","2021560","20","57390839"
"chr3","59431281","59431589","KN297197v1","881633","881943","42","58549648"
"chr3","59451386","59451693","KN294717v1","134314","134619","35","59317072"
"chr3","59453197","59453507","KN294172v1","1521503","1521812","38","57931694"
"chr3","59457080","59457389","KN294991v1","2062942","2063251","21","57394138"
"chr3","59480039","59480339","KN294991v1","2084713","2085022","28","57395326"
"chr3","59491544","59491845","KN294407v1","3027269","3027567","34","56464275"
"chr3","59501225","59501530","KN295112v1","477640","477949","37","59023585"
"chr3","59561879","59562169","KN295692v1","1389864","1390157","35","58172015"
"chr3","59725244","59725512","KN294991v1","2302353","2302612","32","57422891"
"chr3","59819253","59819565","KN297386v1","71085","71399","23","59748168"
"chr3","59859799","59860085","KN297386v1","111533","111821","20","59748266"
"chr3","60041038","60041335","KN294181v1","145618","145914","35","59895420"
"chr3","60050729","60051033","KN296442v1","417977","418281","40","59632752"
"chr3","60084848","60085143","KN297386v1","377086","377388","25","59707762"
"chr3","60103444","60103740","KN297386v1","394006","394302","20","59709438"
"chr3","60103741","60103911","KN295034v1","690203","690373","23","59413538"
"chr3","60153209","60153501","KN297386v1","452506","452798","24","59700703"
"chr3","60240724","60241040","KN296310v1","958636","958949","48","59282088"
"chr3","60369716","60370027","KN295236v1","35793","36099","41","60333923"
"chr3","60487464","60487594","KN296883v1","223965","224090","37","60263499"
"chr3","60487819","60487982","KN295284v1","109927","110084","31","60377892"
"chr3","60503501","60503772","KN297386v1","791466","791747","31","59712035"
"chr3","60568619","60568917","KN294269v1","550588","550887","33","60018031"
"chr3","60603752","60604062","KN294964v1","820008","820313","48","59783744"
"chr3","60665600","60665900","KN294172v1","6311128","6311420","44","54354472"
"chr3","60695871","60696159","KN297386v1","975093","975379","22","59720778"
"chr3","60697952","60698248","KN297320v1","271981","272275","37","60425971"
"chr3","60801519","60801827","KN297386v1","1080140","1080448","39","59721379"
"chr3","61013218","61013462","KN297386v1","1293367","1293612","32","59719851"
"chr3","61031812","61032022","KN296426v1","64367","64561","62","60967445"
"chr3","61032539","61032842","KN297386v1","1312117","1312420","19","59720422"
"chr3","61071172","61071468","KN294325v1","1015803","1016101","43","60055369"
"chr3","61273296","61273666","KN294172v1","2347366","2347720","83","58925930"
"chr3","61298769","61299066","KN296145v1","740136","740436","32","60558633"
"chr3","61412261","61412516","KN297154v1","1616670","1616919","39","59795591"
"chr3","61441826","61442126","KN297386v1","1724136","1724443","41","59717690"
"chr3","61463689","61463986","KN297386v1","1744275","1744564","31","59719414"
"chr3","61525598","61525909","KN297386v1","1805858","1806161","40","59719740"
"chr3","61615787","61616091","KN297386v1","1900845","1901145","29","59714942"
"chr3","61716230","61716535","KN297386v1","1992198","1992509","38","59724032"
"chr3","61746117","61746405","KN295361v1","824524","824814","45","60921593"
"chr3","61747076","61747345","KN297386v1","2025812","2026079","28","59721264"
"chr3","61764214","61764523","KN295091v1","2259731","2260040","37","59504483"
"chr3","61864289","61864507","KN296430v1","655059","655273","36","61209230"
"chr3","61867704","61867962","KN295828v1","1498966","1499228","43","60368738"
"chr3","61949395","61949691","KN297386v1","2231109","2231402","27","59718286"
"chr3","61964882","61965178","KN294233v1","839873","840174","37","61125009"
"chr3","62056155","62056439","KN297386v1","2355135","2355419","28","59701020"
"chr3","62066175","62066479","KN297386v1","2364854","2365153","23","59701321"
"chr3","62195781","62196058","KN297386v1","2476910","2477197","30","59718871"
"chr3","62202077","62202377","KN297386v1","2483054","2483350","38","59719023"
"chr3","62210911","62211127","KN296849v1","267728","267951","72","61943183"
"chr3","62355351","62355663","KN297259v1","1684022","1684333","32","60671329"
"chr3","62383423","62383703","KN295343v1","770844","771117","34","61612579"
"chr3","62396392","62396673","KN294705v1","2048841","2049122","41","60347551"
"chr3","62412388","62412682","KN294991v1","1838724","1839016","37","60573664"
"chr3","62414561","62414866","KN295607v1","4377455","4377758","43","58037106"
"chr3","62419123","62419436","KN294326v1","309006","309309","54","62110117"
"chr3","62422800","62423110","KN294964v1","1643322","1643633","48","60779478"
"chr3","62428973","62429271","KN294172v1","5828976","5829275","38","56599997"
"chr3","62470957","62471259","KN296311v1","1117474","1117774","41","61353483"
"chr3","62511903","62512208","KN295038v1","1353081","1353390","51","61158822"
"chr3","62532806","62533091","KN296011v1","52257","52541","44","62480549"
"chr3","62533996","62534299","KN294181v1","1579076","1579376","36","60954920"
"chr3","62540635","62540936","KN294987v1","1477069","1477366","37","61063566"
"chr3","62575279","62575580","KN296153v1","1115266","1115561","50","61460013"
"chr3","62583429","62583740","KN294172v1","2207703","2208004","36","60375726"
"chr3","62601325","62601503","KN296844v1","857997","858175","24","61743328"
"chr3","62620716","62621018","KN295919v1","120217","120515","41","62500499"
"chr3","62644852","62645160","KN296635v1","5184202","5184513","44","57460650"
"chr3","62650911","62651197","KN295171v1","277767","278055","48","62373144"
"chr3","62654184","62654428","KN296821v1","437037","437292","66","62217147"
"chr3","62658771","62659078","KN296430v1","451835","452146","48","62206936"
"chr3","62689976","62690280","KN294998v1","39961","40266","38","62650015"
"chr3","62691025","62691298","KN295243v1","1473974","1474238","40","61217051"
"chr3","62700478","62700781","KN294378v1","120381","120685","36","62580097"
"chr3","62724028","62724332","KN294172v1","1521503","1521812","38","61202525"
"chr3","62747198","62747498","KN295814v1","1261993","1262292","43","61485205"
"chr3","62764998","62765309","KN295708v1","219821","220134","39","62545177"
"chr3","62768702","62769002","KN296609v1","2217642","2217935","54","60551060"
"chr3","62772535","62772833","KN295439v1","83349","83650","39","62689186"
"chr3","62781894","62782199","KN295962v1","193370","193681","46","62588524"
"chr3","62834957","62835262","KN295814v1","300223","300524","43","62534734"
"chr3","62873493","62873784","KN294172v1","6311128","6311420","44","56562365"
"chr3","62904689","62904905","KN296391v1","178234","178452","39","62726455"
"chr3","62907185","62907505","KN294592v1","1381893","1382209","48","61525292"
"chr3","62907954","62908208","KN296119v1","5465931","5466177","39","57442023"
"chr3","62910327","62910616","KN295735v1","822355","822644","46","62087972"
"chr3","62911603","62911791","KN296426v1","64367","64561","35","62847236"
"chr3","62932447","62932758","KN295533v1","2618507","2618816","48","60313940"
"chr3","62966947","62967238","KN295480v1","1302107","1302401","39","61664840"
"chr3","62986787","62987091","KN295994v1","741821","742125","36","62244966"
"chr3","63007235","63007531","KN296430v1","267209","267504","42","62740026"
"chr3","63011455","63011749","KN295301v1","716124","716425","43","62295331"
"chr3","63025844","63026149","KN294592v1","1036828","1037126","38","61989016"
"chr3","63067284","63067593","KN296503v1","58212","58521","37","63009072"
"chr3","63071552","63071826","KN296270v1","145615","145897","41","62925937"
"chr3","63115610","63115914","KN296829v1","581505","581808","39","62534105"
"chr3","63128111","63128393","KN296825v1","853647","853941","50","62274464"
"chr3","63129360","63129595","KN297327v1","960550","960794","43","62168810"
"chr3","63222997","63223288","KN295236v1","3589165","3589460","33","59633832"
"chr3","63281140","63281435","KN296833v1","94676","94959","60","63186464"
"chr3","63282230","63282517","KN294172v1","615079","615365","41","62667151"
"chr3","63319082","63319411","KN294987v1","124415","124728","55","63194667"
"chr3","63321911","63322143","KN296311v1","5785911","5786144","49","57536000"
"chr3","63327129","63327437","KN294548v1","1161001","1161308","38","62166128"
"chr3","63384352","63384630","KN296646v1","922061","922342","28","62462291"
"chr3","63395606","63395882","KN294946v1","220472","220746","37","63175134"
"chr3","63437221","63437537","KN296167v1","450049","450355","44","62987172"
"chr3","63522009","63522315","KN296682v1","4969389","4969694","30","58552620"
"chr3","63533877","63534173","KN294470v1","2136945","2137241","32","61396932"
"chr3","63548830","63549133","KN294444v1","175883","176184","42","63372947"
"chr3","63648359","63648664","KN297320v1","1113980","1114278","44","62534379"
"chr3","63694157","63694426","KN295987v1","1241626","1241902","42","62452531"
"chr3","63698723","63699047","KN295366v1","78980","79290","54","63619743"
"chr3","63724784","63725086","KN294539v1","1287945","1288241","35","62436839"
"chr3","63789230","63789543","KN295830v1","134400","134714","51","63654830"
"chr3","63832080","63832381","KN294456v1","612494","612802","39","63219586"
"chr3","63992981","63993291","KN295430v1","1257302","1257603","52","62735679"
"chr3","64141123","64141414","KN294937v1","266","558","27","64140857"
"chr3","64193465","64193765","KN294509v1","190073","190368","47","64003392"
"chr3","64366124","64366423","KN296926v1","431118","431415","34","63935006"
"chr3","64419943","64420245","KN296138v1","98488","98788","51","64321455"
"chr3","64568286","64568585","KN295983v1","1949673","1949965","50","62618613"
"chr3","64610040","64610333","KN294147v1","1191891","1192182","42","63418149"
"chr3","64615560","64615857","KN296810v1","82391","82687","34","64533169"
"chr3","64632912","64633232","KN294991v1","1692556","1692877","42","62940356"
"chr3","64757934","64758236","KN295607v1","4377455","4377758","34","60380479"
"chr3","64776581","64776891","KN296731v1","1167793","1168104","43","63608788"
"chr3","64842667","64842951","KN296079v1","662260","662539","39","64180407"
"chr3","64875146","64875449","KN296357v1","653990","654295","35","64221156"
"chr3","64879418","64879715","KN294456v1","1098138","1098439","42","63781280"
"chr3","64959358","64959646","KN297008v1","6862644","6862935","45","58096714"
"chr3","65204908","65205217","KN296167v1","1233012","1233319","42","63971896"
"chr3","65268081","65268384","KN294456v1","592934","593237","36","64675147"
"chr3","65271751","65272044","KN295079v1","228759","229063","34","65042992"
"chr3","65332679","65332989","KN295079v1","289924","290231","33","65042755"
"chr3","65433394","65433685","KN295079v1","383769","384064","28","65049625"
"chr3","65529117","65529426","KN295079v1","483827","484118","38","65045290"
"chr3","65653558","65653873","KN295079v1","610106","610418","33","65043452"
"chr3","65847677","65847974","KN295079v1","803530","803818","38","65044147"
"chr3","65900259","65900563","KN297095v1","3881419","3881729","44","62018840"
"chr3","65900722","65900949","KN295079v1","860143","860363","32","65040579"
"chr3","65914553","65914833","KN295459v1","1101140","1101421","37","64813413"
"chr3","65980237","65980522","KN295079v1","938328","938616","24","65041909"
"chr3","65983129","65983440","KN295079v1","940771","941074","27","65042358"
"chr3","66007340","66007654","KN294957v1","62097","62408","38","65945243"
"chr3","66046293","66046589","KN295079v1","1006821","1007128","41","65039472"
"chr3","66079879","66080188","KN296153v1","863239","863546","36","65216640"
"chr3","66159761","66160069","KN295079v1","1104063","1104371","20","65055698"
"chr3","66255030","66255364","KN295441v1","1780857","1781179","61","64474173"
"chr3","66359431","66359736","KN296635v1","3876048","3876352","30","62483383"
"chr3","66428231","66428536","KN294207v1","1209329","1209640","31","65218902"
"chr3","66557724","66558036","KN294207v1","1083260","1083562","38","65474464"
"chr3","66576047","66576360","KN294207v1","1066661","1066962","43","65509386"
"chr3","66578369","66578661","KN294662v1","54879","55172","40","66523490"
"chr3","66585204","66585511","KN296557v1","13515","13811","40","66571689"
"chr3","66736962","66737254","KN294207v1","912343","912638","27","65824619"
"chr3","66739052","66739350","KN297190v1","4460728","4461031","41","62278324"
"chr3","66794434","66794753","KN294513v1","861372","861682","61","65933062"
"chr3","66803813","66804102","KN295835v1","84846","85139","37","66718967"
"chr3","66831177","66831275","KN296495v1","1507938","1508003","44","65323239"
"chr3","66831769","66832067","KN294207v1","816662","816964","21","66015107"
"chr3","66860214","66860510","KN294407v1","1559420","1559718","34","65300794"
"chr3","66887399","66887703","KN294548v1","1161001","1161308","39","65726398"
"chr3","66894788","66895091","KN294207v1","753844","754139","28","66140944"
"chr3","66938864","66939151","KN294207v1","709304","709597","29","66229560"
"chr3","66944412","66944720","KN295480v1","1012836","1013148","39","65931576"
"chr3","66948877","66949173","KN294207v1","697516","697817","28","66251361"
"chr3","66957495","66957801","KN294207v1","689466","689761","34","66268029"
"chr3","66964764","66965081","KN296062v1","971772","972082","50","65992992"
"chr3","67001675","67001876","KN296426v1","64367","64561","34","66937308"
"chr3","67006320","67006593","KN294218v1","2142322","2142593","43","64863998"
"chr3","67007000","67007212","KN295977v1","1276894","1277103","45","65730106"
"chr3","67024060","67024360","KN294207v1","625267","625573","30","66398793"
"chr3","67028957","67029250","KN294458v1","1049177","1049481","48","65979780"
"chr3","67031800","67032082","KN294207v1","618181","618464","16","66413619"
"chr3","67039634","67039940","KN294207v1","610220","610525","25","66429414"
"chr3","67044507","67044798","KN294207v1","605161","605452","24","66439346"
"chr3","67045843","67046155","KN294207v1","603768","604085","33","66442075"
"chr3","67054723","67055017","KN295523v1","3030953","3031248","40","64023770"
"chr3","67056331","67056614","KN294207v1","589510","589797","37","66466821"
"chr3","67066800","67067094","KN294207v1","578333","578626","19","66488467"
"chr3","67075392","67075685","KN294457v1","696610","696897","50","66378782"
"chr3","67100805","67101105","KN296153v1","1090111","1090408","34","66010694"
"chr3","67105378","67105667","KN296743v1","202352","202637","36","66903026"
"chr3","67471591","67471878","KN294207v1","428990","429299","41","67042601"
"chr3","67493304","67493608","KN294207v1","409523","409829","28","67083781"
"chr3","67570402","67570708","KN295642v1","3805","4112","41","67566597"
"chr3","67672299","67672606","KN294207v1","217395","217700","27","67454904"
"chr3","67696642","67696951","KN294207v1","196280","196599","29","67500362"
"chr3","67833434","67833722","KN295572v1","462758","463049","42","67370676"
"chr3","68093763","68094060","KN294229v1","110402","110697","40","67983361"
"chr3","68221832","68222080","KN295337v1","782030","782277","19","67439802"
"chr3","68223482","68223780","KN295337v1","780333","780636","20","67443149"
"chr3","68315817","68316105","KN297327v1","811573","811871","44","67504244"
"chr3","68408973","68409279","KN294407v1","281227","281531","37","68127746"
"chr3","68456759","68457035","KN294842v1","862152","862427","44","67594607"
"chr3","68484639","68484913","KN296138v1","452937","453216","34","68031702"
"chr3","68496111","68496186","KN296635v1","1888811","1888868","37","66607300"
"chr3","68501721","68502028","KN295337v1","511501","511804","31","67990220"
"chr3","68717860","68718163","KN295337v1","290311","290609","36","68427549"
"chr3","68733813","68734145","KN295337v1","273814","274147","36","68459999"
"chr3","68759014","68759183","KN296281v1","205219","205386","18","68553795"
"chr3","68797631","68797937","KN295337v1","209221","209536","37","68588410"
"chr3","68884043","68884268","KN295405v1","757351","757593","51","68126692"
"chr3","68894750","68895060","KN295337v1","102644","102955","15","68792106"
"chr3","69016197","69016490","KN296062v1","2291832","2292114","57","66724365"
"chr3","69031784","69032070","KN294385v1","149567","149857","46","68882217"
"chr3","69036744","69037058","KN294521v1","404396","404704","47","68632348"
"chr3","69074011","69074314","KN295526v1","182934","183242","41","68891077"
"chr3","69275094","69275381","KN295441v1","1228670","1228953","42","68046424"
"chr3","69316914","69317217","KN296486v1","642692","642992","38","68674222"
"chr3","69332550","69332807","KN297263v1","804232","804492","42","68528318"
"chr3","69351018","69351250","KN296754v1","219855","220085","29","69131163"
"chr3","69460213","69460515","KN294561v1","1887166","1887450","55","67573047"
"chr3","69501241","69501519","KN295497v1","408054","408328","47","69093187"
"chr3","69644428","69644723","KN294410v1","283647","283942","41","69360781"
"chr3","69692952","69693265","KN296141v1","54163","54470","36","69638789"
"chr3","69824090","69824142","KN296743v1","1948518","1948571","14","67875572"
"chr3","69824288","69824507","KN295356v1","703824","704044","38","69120464"
"chr3","69903516","69903825","KN295352v1","545091","545395","43","69358425"
"chr3","69947366","69947672","KN294539v1","1287945","1288241","52","68659421"
"chr3","69950373","69950768","KN295967v1","455099","455498","78","69495274"
"chr3","70134155","70134442","KN295828v1","1278471","1278759","35","68855684"
"chr3","70152102","70152377","KN297314v1","616778","617057","36","69535324"
"chr3","70187225","70187526","KN296311v1","854862","855163","41","69332363"
"chr3","70207260","70207557","KN294874v1","309420","309712","51","69897840"
"chr3","70211185","70211485","KN296079v1","686222","686522","37","69524963"
"chr3","70257874","70258167","KN296682v1","4864316","4864610","42","65393558"
"chr3","70290378","70290655","KN294244v1","56461","56743","39","70233917"
"chr3","70301962","70302254","KN296682v1","4871116","4871412","34","65430846"
"chr3","70312514","70312782","KN295239v1","520045","520315","39","69792469"
"chr3","70329824","70330116","KN294467v1","50328","50617","48","70279496"
"chr3","70368797","70369100","KN295633v1","323295","323596","34","70045502"
"chr3","70393820","70394110","KN294937v1","266","558","35","70393554"
"chr3","70397892","70398197","KN296079v1","686222","686522","47","69711670"
"chr3","70421936","70422236","KN294471v1","342884","343181","37","70079052"
"chr3","70448471","70448767","KN294251v1","1932520","1932819","44","68515951"
"chr3","70470467","70470775","KN294458v1","1049177","1049481","30","69421290"
"chr3","70474508","70474820","KN295301v1","761923","762233","33","69712585"
"chr3","70481287","70481581","KN295883v1","992651","992945","35","69488636"
"chr3","70486028","70486326","KN294879v1","533741","534047","52","69952287"
"chr3","70493248","70493547","KN294251v1","1449194","1449494","38","69044054"
"chr3","70498144","70498455","KN295433v1","250702","251008","43","70247442"
"chr3","70498997","70499295","KN294419v1","34484","34783","37","70464513"
"chr3","70516942","70517242","KN297245v1","1416081","1416379","36","69100861"
"chr3","70524800","70525093","KN295366v1","124181","124471","40","70400619"
"chr3","70525812","70526135","KN294790v1","5868297","5868622","45","64657515"
"chr3","70529156","70529435","KN296795v1","813243","813524","39","69715913"
"chr3","70534660","70534948","KN294251v1","1392252","1392538","38","69142408"
"chr3","70546119","70546263","KN295601v1","3255343","3255488","27","67290776"
"chr3","70553258","70553575","KN295366v1","78980","79290","43","70474278"
"chr3","70564471","70564777","KN294375v1","493338","493642","43","70071133"
"chr3","70568477","70568796","KN294932v1","133209","133517","46","70435268"
"chr3","70576897","70577175","KN295984v1","1493806","1494086","45","69083091"
"chr3","70593619","70593895","KN296948v1","1368275","1368552","37","69225344"
"chr3","70620512","70620813","KN294147v1","1376898","1377195","42","69243614"
"chr3","70684782","70685078","KN295988v1","295366","295665","36","70389416"
"chr3","70784040","70784331","KN295420v1","349594","349876","45","70434446"
"chr3","70849696","70849994","KN295571v1","203398","203695","41","70646298"
"chr3","70870634","70870944","KN295366v1","78980","79290","33","70791654"
"chr3","70939620","70939868","KN295835v1","199186","199432","47","70740434"
"chr3","70946378","70946678","KN296263v1","786828","787126","38","70159550"
"chr3","70955180","70955485","KN295368v1","1320489","1320790","38","69634691"
"chr3","70980056","70980365","KN297442v1","1612430","1612738","37","69367626"
"chr3","70986467","70986778","KN294499v1","994219","994531","40","69992248"
"chr3","70987596","70987901","KN294326v1","309006","309309","38","70678590"
"chr3","71000879","71001197","KN294548v1","1161001","1161308","44","69839878"
"chr3","71076479","71076783","KN294790v1","163386","163690","31","70913093"
"chr3","71311699","71311999","KN297047v1","3987588","3987889","33","67324111"
"chr3","71410865","71411183","KN294800v1","502955","503281","51","70907910"
"chr3","71503991","71504289","KN295236v1","4141001","4141296","31","67362990"
"chr3","71549439","71549743","KN296322v1","2692700","2693002","42","68856739"
"chr3","71628341","71628634","KN294662v1","16666","16963","37","71611675"
"chr3","71890448","71890732","KN294193v1","568677","568960","39","71321771"
"chr3","71922505","71922801","KN295984v1","3382689","3382984","36","68539816"
"chr3","71970110","71970395","KN295415v1","436","718","42","71969674"
"chr3","72027143","72027416","KN295633v1","1133330","1133601","40","70893813"
"chr3","72093623","72093903","KN295059v1","242847","243129","44","71850776"
"chr3","72112381","72112688","KN294790v1","163386","163690","42","71948995"
"chr3","72129767","72129936","KN296311v1","7188511","7188676","27","64941256"
"chr3","72194612","72194926","KN295757v1","4004","4314","45","72190608"
"chr3","72195480","72195766","KN294592v1","204469","204751","37","71991011"
"chr3","72200210","72200509","KN294470v1","764276","764573","46","71435934"
"chr3","72223731","72224025","KN295814v1","1028953","1029241","35","71194778"
"chr3","72243904","72244207","KN294499v1","1819690","1819993","40","70424214"
"chr3","72301979","72302264","KN294570v1","116175","116454","48","72185804"
"chr3","72356752","72357037","KN297098v1","33912","34202","45","72322840"
"chr3","72398891","72399182","KN295394v1","556635","556929","39","71842256"
"chr3","72431173","72431475","KN297245v1","1416081","1416379","30","71015092"
"chr3","72462075","72462392","KN295735v1","1160753","1161064","49","71301322"
"chr3","72464420","72464682","KN295633v1","711028","711291","51","71753392"
"chr3","72470681","72470973","KN294446v1","1019017","1019310","36","71451664"
"chr3","72484846","72485155","KN297259v1","1684022","1684333","45","70800824"
"chr3","72485192","72485506","KN296847v1","376638","376939","50","72108554"
"chr3","72508274","72508545","KN295923v1","1033724","1033983","38","71474550"
"chr3","72554908","72555224","KN295967v1","606413","606726","40","71948495"
"chr3","72556413","72556710","KN295198v1","274974","275272","37","72281439"
"chr3","72569027","72569331","KN296079v1","686222","686522","31","71882805"
"chr3","72570526","72570810","KN297171v1","2628817","2629092","54","69941709"
"chr3","72576213","72576517","KN294873v1","1602078","1602381","43","70974135"
"chr3","72586315","72586619","KN294443v1","441739","442042","42","72144576"
"chr3","72648161","72648469","KN296726v1","808997","809301","45","71839164"
"chr3","72707470","72707767","KN294419v1","200675","200969","43","72506795"
"chr3","72779449","72779755","KN296646v1","350347","350649","42","72429102"
"chr3","72789349","72789641","KN294456v1","1098138","1098439","46","71691211"
"chr3","72799513","72799816","KN294539v1","1287945","1288241","33","71511568"
"chr3","72806185","72806487","KN294224v1","471000","471300","33","72335185"
"chr3","72810879","72811167","KN294879v1","341999","342291","40","72468880"
"chr3","72815458","72815767","KN294790v1","163386","163690","43","72652072"
"chr3","72900244","72900540","KN295091v1","2692987","2693285","33","70207257"
"chr3","72907882","72908178","KN294571v1","1575904","1576204","40","71331978"
"chr3","72923549","72923854","KN297304v1","419545","419849","46","72504004"
"chr3","72927178","72927480","KN294170v1","5505","5809","34","72921673"
"chr3","72990967","72991173","KN295983v1","489748","489951","30","72501219"
"chr3","72998455","72998733","KN295459v1","361703","361982","39","72636752"
"chr3","73083362","73083660","KN295998v1","154789","155089","40","72928573"
"chr3","73086126","73086429","KN297008v1","1825305","1825608","40","71260821"
"chr3","73093101","73093369","KN295722v1","1904349","1904617","40","71188752"
"chr3","73117962","73118265","KN294603v1","111945","112247","34","73006017"
"chr3","73146176","73146473","KN295091v1","2692987","2693285","33","70453189"
"chr3","73195188","73195470","KN294302v1","756229","756509","49","72438959"
"chr3","73220923","73221230","KN295735v1","596649","596954","39","72624274"
"chr3","73268309","73268611","KN296933v1","110528","110834","32","73157781"
"chr3","73276307","73276606","KN296404v1","2016101","2016407","40","71260206"
"chr3","73284485","73284784","KN296322v1","1793698","1794004","46","71490787"
"chr3","73304746","73305050","KN295301v1","716124","716425","37","72588622"
"chr3","73311218","73311504","KN296948v1","1329163","1329455","45","71982055"
"chr3","73480263","73480566","KN295708v1","1431107","1431415","41","72049156"
"chr3","73502870","73503177","KN295893v1","7000895","7001206","32","66501975"
"chr3","73530345","73530646","KN297215v1","843921","844222","38","72686424"
"chr3","73566454","73566616","KN295018v1","1","150","37","73566453"
"chr3","73666711","73666987","KN296852v1","421402","421693","45","73245309"
"chr3","73681654","73681941","KN296009v1","1147876","1148169","48","72533778"
"chr3","73712560","73712868","KN294825v1","396445","396749","47","73316115"
"chr3","73733491","73733802","KN294264v1","87223","87534","37","73646268"
"chr3","73752310","73752624","KN294957v1","62097","62408","36","73690213"
"chr3","73766695","73766991","KN295198v1","274974","275272","35","73491721"
"chr3","73775880","73776032","KN294187v1","1105095","1105248","27","72670785"
"chr3","73850897","73851196","KN296833v1","30824","31126","36","73820073"
"chr3","73855913","73856214","KN297008v1","2646914","2647222","39","71208999"
"chr3","73857316","73857626","KN297327v1","217601","217906","46","73639715"
"chr3","73858632","73858944","KN295607v1","3855460","3855770","39","70003172"
"chr3","73892193","73892479","KN294591v1","423646","423931","30","73468547"
"chr3","73911698","73911974","KN294407v1","2563292","2563571","53","71348406"
"chr3","73916100","73916408","KN296153v1","863239","863546","39","73052861"
"chr3","73947885","73948179","KN294326v1","619990","620278","39","73327895"
"chr3","73952690","73952977","KN295717v1","455768","456056","37","73496922"
"chr3","73977145","73977433","KN294548v1","1288403","1288690","49","72688742"
"chr3","73978384","73978683","KN295855v1","83587","83886","41","73894797"
"chr3","73980369","73980670","KN297095v1","2035124","2035423","39","71945245"
"chr3","73982131","73982436","KN297028v1","628758","629052","56","73353373"
"chr3","74026891","74027179","KN295729v1","826689","826980","38","73200202"
"chr3","74031053","74031350","KN294571v1","1575904","1576204","38","72455149"
"chr3","74042082","74042383","KN297259v1","216275","216575","36","73825807"
"chr3","74046870","74047167","KN294539v1","1287945","1288241","30","72758925"
"chr3","74051395","74051696","KN295814v1","1261993","1262292","35","72789402"
"chr3","74056660","74056963","KN296315v1","570854","571153","37","73485806"
"chr3","74069177","74069477","KN297008v1","1825305","1825608","38","72243872"
"chr3","74084649","74084953","KN294933v1","634680","634985","37","73449969"
"chr3","74090701","74090792","KN296495v1","1507938","1508003","39","72582763"
"chr3","74104891","74105204","KN294705v1","623696","624002","40","73481195"
"chr3","74121111","74121405","KN295371v1","763803","764104","49","73357308"
"chr3","74151826","74152036","KN296263v1","107832","108045","36","74043994"
"chr3","74152050","74152357","KN296959v1","1610341","1610649","52","72541709"
"chr3","74177160","74177457","KN297095v1","584794","585091","37","73592366"
"chr3","74180785","74180979","KN295198v1","537432","537627","35","73643353"
"chr3","74181027","74181155","KN295090v1","1244108","1244234","21","72936919"
"chr3","74185112","74185418","KN295929v1","457065","457374","32","73728047"
"chr3","74191928","74192234","KN296178v1","892526","892831","33","73299402"
"chr3","74209391","74209704","KN295366v1","78980","79290","36","74130411"
"chr3","74213861","74214160","KN294705v1","1064459","1064762","34","73149402"
"chr3","74232475","74232770","KN296153v1","3041230","3041525","38","71191245"
"chr3","74233836","74234136","KN294619v1","1564241","1564536","36","72669595"
"chr3","74270964","74271259","KN296404v1","1150048","1150343","27","73120916"
"chr3","74272079","74272382","KN295607v1","4377455","4377758","33","69894624"
"chr3","74278918","74279225","KN294444v1","134960","135263","42","74143958"
"chr3","74288264","74288511","KN294987v1","4394","4640","35","74283870"
"chr3","74302831","74303141","KN295375v1","1113306","1113616","56","73189525"
"chr3","74311610","74311945","KN296825v1","1012135","1012463","56","73299475"
"chr3","74327052","74327353","KN294266v1","214101","214406","37","74112951"
"chr3","74327715","74328022","KN295487v1","52973","53281","41","74274742"
"chr3","74334280","74334492","KN296430v1","655059","655273","26","73679221"
"chr3","74338413","74338701","KN294147v1","1191891","1192182","46","73146522"
"chr3","74357163","74357478","KN295394v1","874778","875084","49","73482385"
"chr3","74392840","74393146","KN294443v1","748247","748547","44","73644593"
"chr3","74395677","74395978","KN296726v1","808997","809301","36","73586680"
"chr3","74399958","74400269","KN295407v1","51616","51926","35","74348342"
"chr3","74407178","74407479","KN296495v1","1426384","1426686","40","72980794"
"chr3","74412248","74412527","KN296296v1","282324","282612","55","74129924"
"chr3","74419397","74419565","KN294571v1","155556","155724","26","74263841"
"chr3","74420192","74420490","KN296357v1","559775","560070","38","73860417"
"chr3","74422410","74422679","KN296075v1","197659","197934","42","74224751"
"chr3","74423590","74423904","KN296430v1","99290","99603","48","74324300"
"chr3","74427729","74428021","KN295729v1","826689","826980","46","73601040"
"chr3","74436227","74436513","KN295236v1","4629348","4629637","29","69806879"
"chr3","74464153","74464445","KN294456v1","1143112","1143404","38","73321041"
"chr3","74483590","74483895","KN295814v1","1160421","1160723","37","73323169"
"chr3","74491997","74492298","KN294287v1","289657","289957","50","74202340"
"chr3","74539884","74540179","KN296153v1","1115266","1115561","42","73424618"
"chr3","74568147","74568459","KN296090v1","89328","89638","35","74478819"
"chr3","74632908","74633211","KN294172v1","6311128","6311420","47","68321780"
"chr3","74668026","74668205","KN295171v1","374429","374605","24","74293597"
"chr3","74682101","74682390","KN294172v1","4731014","4731305","45","69951087"
"chr3","74773878","74774166","KN296831v1","388107","388396","25","74385771"
"chr3","74806786","74807091","KN294790v1","163386","163690","33","74643400"
"chr3","74895005","74895250","KN295022v1","229194","229438","41","74665811"
"chr3","74910474","74910781","KN296635v1","2387021","2387331","46","72523453"
"chr3","74982362","74982647","KN295729v1","826689","826980","43","74155673"
"chr3","74989071","74989379","KN296167v1","450049","450355","38","74539022"
"chr3","75030485","75030799","KN294416v1","361924","362233","41","74668561"
"chr3","75054439","75054750","KN296157v1","885718","886029","38","74168721"
"chr3","75181889","75182159","KN296311v1","6386980","6387252","40","68794909"
"chr3","75182655","75182965","KN295236v1","4175917","4176226","43","71006738"
"chr3","75244532","75244830","KN294407v1","598111","598399","54","74646421"
"chr3","75276960","75277279","KN295962v1","2329043","2329352","52","72947917"
"chr3","75294368","75294662","KN295666v1","425149","425444","35","74869219"
"chr3","75604288","75604585","KN295708v1","2570337","2570640","45","73033951"
"chr3","75636020","75636329","KN294170v1","84454","84765","39","75551566"
"chr3","75727990","75728237","KN295832v1","671552","671799","36","75056438"
"chr3","75767496","75767793","KN294874v1","1336918","1337220","43","74430578"
"chr3","75794217","75794495","KN294457v1","205085","205362","45","75589132"
"chr3","75978986","75979280","KN294842v1","61302","61569","52","75917684"
"chr3","76044288","76044586","KN296119v1","1735099","1735396","42","74309189"
"chr3","76073916","76074226","KN295929v1","457065","457374","40","75616851"
"chr3","76089939","76090243","KN296495v1","846641","846944","43","75243298"
"chr3","76294895","76295208","KN296311v1","1117474","1117774","53","75177421"
"chr3","76299585","76299877","KN295366v1","124181","124471","34","76175404"
"chr3","76314451","76314740","KN296726v1","606731","607020","36","75707720"
"chr3","76351218","76351529","KN295198v1","116812","117121","47","76234406"
"chr3","76468021","76468320","KN296833v1","30824","31126","34","76437197"
"chr3","76574810","76575117","KN294375v1","493338","493642","44","76081472"
"chr3","76591915","76592225","KN295974v1","1466462","1466774","42","75125453"
"chr3","76600647","76600953","KN295236v1","1644085","1644389","43","74956562"
"chr3","76702838","76703055","KN296426v1","64367","64561","58","76638471"
"chr3","76747845","76748126","KN295591v1","911549","911828","58","75836296"
"chr3","76755827","76756125","KN295533v1","216144","216441","35","76539683"
"chr3","76760617","76760919","KN295315v1","194404","194701","39","76566213"
"chr3","76763248","76763547","KN296315v1","570854","571153","41","76192394"
"chr3","76768365","76768673","KN295637v1","795675","795978","37","75972690"
"chr3","76771059","76771344","KN294911v1","1390696","1390976","51","75380363"
"chr3","76796076","76796384","KN295102v1","81555","81863","40","76714521"
"chr3","76808864","76809165","KN296311v1","854862","855163","36","75954002"
"chr3","76817856","76818160","KN296090v1","89328","89638","53","76728528"
"chr3","76845100","76845403","KN296306v1","1957090","1957396","45","74888010"
"chr3","76849748","76850052","KN295637v1","795675","795978","40","76054073"
"chr3","76852646","76852898","KN297112v1","1049256","1049509","35","75803390"
"chr3","76863181","76863488","KN295433v1","250702","251008","44","76612479"
"chr3","76868049","76868349","KN294581v1","619147","619445","41","76248902"
"chr3","76886286","76886596","KN295449v1","1173950","1174261","43","75712336"
"chr3","76898773","76899083","KN294548v1","1161001","1161308","41","75737772"
"chr3","76931550","76931852","KN296520v1","366666","366970","39","76564884"
"chr3","76941403","76941708","KN294717v1","134314","134619","46","76807089"
"chr3","76958253","76958470","KN295406v1","275159","275372","66","76683094"
"chr3","76970420","76970698","KN296062v1","608058","608345","36","76362362"
"chr3","77079197","77079505","KN294980v1","84972","85282","36","76994225"
"chr3","77147736","77148052","KN297038v1","587358","587677","44","76560378"
"chr3","77149461","77149791","KN296731v1","694955","695263","61","76454506"
"chr3","77258048","77258334","KN295142v1","1548701","1548996","29","75709347"
"chr3","77425724","77426013","KN294665v1","156552","156844","34","77269172"
"chr3","77468137","77468407","KN294516v1","20451","20725","36","77447686"
"chr3","77480387","77480654","KN295142v1","1307032","1307273","44","76173355"
"chr3","77614303","77614598","KN295244v1","411038","411330","39","77203265"
"chr3","77624691","77624995","KN296406v1","327419","327719","44","77297272"
"chr3","77681154","77681469","KN295142v1","1113180","1113491","38","76567974"
"chr3","77869702","77870013","KN297343v1","404192","404508","40","77465510"
"chr3","77904968","77905271","KN295142v1","883240","883542","27","77021728"
"chr3","77914724","77915013","KN294937v1","266","558","31","77914458"
"chr3","77950985","77951308","KN295433v1","1117639","1117945","60","76833346"
"chr3","77959103","77959375","KN295142v1","824132","824415","34","77134971"
"chr3","78118022","78118319","KN294269v1","550588","550887","31","77567434"
"chr3","78259303","78259605","KN295142v1","521460","521764","26","77737843"
"chr3","78276349","78276639","KN295154v1","333615","333911","45","77942734"
"chr3","78308601","78308884","KN294570v1","116175","116454","36","78192426"
"chr3","78331952","78332247","KN295480v1","1302107","1302401","34","77029845"
"chr3","78346698","78347026","KN294548v1","183783","184100","50","78162915"
"chr3","78356121","78356229","KN294385v1","1550091","1550189","41","76806030"
"chr3","78362354","78362657","KN295142v1","415727","416014","42","77946627"
"chr3","78375475","78375752","KN295142v1","402600","402883","32","77972875"
"chr3","78403794","78404084","KN295142v1","370967","371245","41","78032827"
"chr3","78409903","78410181","KN296311v1","300334","300617","47","78109569"
"chr3","78502228","78502520","KN295573v1","502898","503186","38","77999330"
"chr3","78515329","78515518","KN296426v1","64367","64561","36","78450962"
"chr3","78523925","78524209","KN295142v1","253071","253357","24","78270854"
"chr3","78627404","78627716","KN295735v1","994649","994952","45","77632755"
"chr3","78638291","78638569","KN294385v1","146256","146537","58","78492035"
"chr3","78640018","78640313","KN295142v1","154693","154993","42","78485325"
"chr3","78710101","78710343","KN295835v1","199186","199432","46","78510915"
"chr3","78789734","78790042","KN296404v1","2470734","2471040","37","76319000"
"chr3","78909880","78910179","KN294456v1","592934","593237","37","78316946"
"chr3","79136558","79136816","KN295601v1","3256681","3256942","34","75879877"
"chr3","79365026","79365339","KN295974v1","3088909","3089213","43","76276117"
"chr3","79377935","79378253","KN294421v1","529668","529978","48","78848267"
"chr3","79473802","79474113","KN296323v1","247222","247524","43","79226580"
"chr3","79538210","79538494","KN297008v1","4454736","4455033","42","75083474"
"chr3","79637040","79637347","KN295433v1","250702","251008","40","79386338"
"chr3","79716934","79717145","KN295930v1","576816","577056","61","79140118"
"chr3","79788878","79789187","KN296323v1","574474","574786","31","79214404"
"chr3","79824701","79825004","KN295523v1","4073633","4073934","32","75751068"
"chr3","79880534","79880839","KN296323v1","660404","660717","37","79220130"
"chr3","79965772","79966069","KN296323v1","745839","746144","32","79219933"
"chr3","80027821","80028135","KN294147v1","1624323","1624634","46","78403498"
"chr3","80053584","80053872","KN296557v1","13515","13811","46","80040069"
"chr3","80093587","80093892","KN295523v1","4073633","4073934","38","76019954"
"chr3","80132826","80133141","KN296323v1","895334","895645","31","79237492"
"chr3","80216110","80216415","KN294705v1","623696","624002","44","79592414"
"chr3","80353252","80353546","KN296323v1","1108841","1109136","29","79244411"
"chr3","80362830","80363120","KN294516v1","17906","18200","41","80344924"
"chr3","80409230","80409527","KN296323v1","1159045","1159342","17","79250185"
"chr3","80452263","80452564","KN296323v1","1202785","1203086","19","79249478"
"chr3","80557186","80557488","KN296323v1","1302984","1303276","46","79254202"
"chr3","80649033","80649357","KN294513v1","381702","382018","60","80267331"
"chr3","80715893","80716178","KN295633v1","1482274","1482571","43","79233619"
"chr3","80861608","80861918","KN296323v1","1605084","1605394","44","79256524"
"chr3","80881057","80881349","KN294234v1","389524","389825","41","80491533"
"chr3","80954731","80954958","KN295967v1","625826","626071","44","80328905"
"chr3","81034613","81034932","KN295366v1","78980","79290","54","80955633"
"chr3","81309429","81309693","KN296323v1","2049941","2050219","41","79259488"
"chr3","81342050","81342366","KN296323v1","2079913","2080229","30","79262137"
"chr3","81395361","81395669","KN296323v1","2130618","2130915","43","79264743"
"chr3","81463369","81463612","KN295967v1","625826","626071","60","80837543"
"chr3","81485574","81485881","KN296187v1","98158","98459","47","81387416"
"chr3","81505298","81505632","KN297094v1","100621","100953","60","81404677"
"chr3","81562589","81562871","KN295371v1","448057","448341","36","81114532"
"chr3","81596173","81596468","KN294501v1","4140225","4140518","42","77455948"
"chr3","81605329","81605511","KN296225v1","685783","685976","37","80919546"
"chr3","81703470","81703744","KN297163v1","14308","14583","38","81689162"
"chr3","81746645","81746934","KN296323v1","2450378","2450667","25","79296267"
"chr3","81862839","81863146","KN296187v1","1449091","1449391","46","80413748"
"chr3","81963474","81963765","KN296311v1","6224551","6224846","40","75738923"
"chr3","81991352","81991644","KN294470v1","2136945","2137241","31","79854407"
"chr3","82040978","82041165","KN296036v1","766932","767116","28","81274046"
"chr3","82042108","82042371","KN295243v1","155218","155471","48","81886890"
"chr3","82126426","82126729","KN294803v1","119274","119577","40","82007152"
"chr3","82190202","82190510","KN295735v1","1160753","1161064","35","81029449"
"chr3","82197585","82197891","KN296426v1","105920","106223","41","82091665"
"chr3","82320477","82320841","KN295315v1","857241","857578","73","81463236"
"chr3","82331453","82331688","KN295405v1","757351","757593","60","81574102"
"chr3","82350367","82350667","KN297105v1","1702566","1702863","49","80647801"
"chr3","82381469","82381774","KN294346v1","477117","477424","41","81904352"
"chr3","82449835","82450130","KN295057v1","262113","262411","41","82187722"
"chr3","82639412","82639711","KN294603v1","111945","112247","40","82527467"
"chr3","82708005","82708308","KN296311v1","6355927","6356228","46","76352078"
"chr3","82780582","82780889","KN294456v1","1098138","1098439","44","81682444"
"chr3","82804458","82804744","KN294713v1","323906","324187","48","82480552"
"chr3","82806892","82807202","KN294856v1","158144","158448","38","82648748"
"chr3","82812994","82813148","KN295586v1","781501","781653","29","82031493"
"chr3","82889388","82889629","KN295835v1","199186","199432","44","82690202"
"chr3","82920741","82921047","KN297367v1","115077","115384","40","82805664"
"chr3","82924510","82924815","KN297023v1","480259","480560","41","82444251"
"chr3","83060884","83061189","KN295893v1","1553612","1553914","42","81507272"
"chr3","83104437","83104722","KN294161v1","591631","591918","39","82512806"
"chr3","83114848","83115142","KN296145v1","740136","740436","31","82374712"
"chr3","83168535","83168824","KN296520v1","474691","474989","47","82693844"
"chr3","83291719","83292020","KN297023v1","480259","480560","36","82811460"
"chr3","83305596","83305908","KN296153v1","724588","724906","35","82581008"
"chr3","83314159","83314469","KN296880v1","293276","293589","45","83020883"
"chr3","83438008","83438314","KN296502v1","1403084","1403395","42","82034924"
"chr3","83593930","83594207","KN294613v1","527135","527410","59","83066795"
"chr3","83692087","83692378","KN297458v1","476217","476510","43","83215870"
"chr3","83726930","83727238","KN294446v1","240983","241287","46","83485947"
"chr3","83763311","83763596","KN294747v1","101909","102195","42","83661402"
"chr3","83779843","83780164","KN296484v1","351750","352061","46","83428093"
"chr3","83901172","83901469","KN296883v1","878376","878679","34","83022796"
"chr3","83969727","83970036","KN294717v1","134314","134619","41","83835413"
"chr3","83991127","83991409","KN296153v1","2393235","2393519","38","81597892"
"chr3","84011092","84011284","KN294921v1","487985","488171","46","83523107"
"chr3","84109801","84110087","KN295236v1","3450343","3450624","39","80659458"
"chr3","84179531","84179838","KN297327v1","811573","811871","43","83367958"
"chr3","84220879","84221145","KN296682v1","4132125","4132393","38","80088754"
"chr3","84305715","84306049","KN296157v1","4308262","4308584","63","79997453"
"chr3","84389350","84389668","KN296495v1","550769","551079","45","83838581"
"chr3","84611012","84611213","KN295930v1","759567","759739","54","83851445"
"chr3","84807997","84808290","KN294571v1","457321","457617","33","84350676"
"chr3","84881826","84882134","KN296487v1","40513","40818","44","84841313"
"chr3","84978793","84979048","KN295667v1","761203","761468","44","84217590"
"chr3","84985633","84985908","KN295441v1","781300","781576","51","84204333"
"chr3","84989107","84989402","KN294499v1","2005615","2005910","37","82983492"
"chr3","85034117","85034326","KN294378v1","1356879","1357083","36","83677238"
"chr3","85100149","85100438","KN294303v1","100118","100410","36","85000031"
"chr3","85169723","85169967","KN295405v1","757351","757593","65","84412372"
"chr3","85201177","85201497","KN295244v1","882642","882949","55","84318535"
"chr3","85246582","85246862","KN296178v1","192117","192397","43","85054465"
"chr3","85315405","85315711","KN295256v1","326036","326344","40","84989369"
"chr3","85359540","85359724","KN294957v1","73265","73439","39","85286275"
"chr3","85412876","85413154","KN294187v1","1161123","1161397","59","84251753"
"chr3","85425585","85425879","KN296108v1","1080011","1080305","38","84345574"
"chr3","85604976","85605195","KN296426v1","64367","64561","53","85540609"
"chr3","85631939","85632240","KN295032v1","243252","243547","58","85388687"
"chr3","85729676","85729839","KN294713v1","386007","386172","24","85343669"
"chr3","85833347","85833644","KN294539v1","1287945","1288241","32","84545402"
"chr3","85867086","85867390","KN294193v1","774395","774701","42","85092691"
"chr3","85919194","85919461","KN295722v1","1904349","1904617","43","84014845"
"chr3","86009200","86009473","KN294705v1","419097","419370","51","85590103"
"chr3","86179301","86179586","KN294244v1","56461","56743","38","86122840"
"chr3","86361784","86362105","KN294991v1","1692556","1692877","51","84669228"
"chr3","86477091","86477396","KN297023v1","480259","480560","43","85996832"
"chr3","86498630","86498905","KN296122v1","387098","387375","34","86111532"
"chr3","86576573","86576816","KN295260v1","2109311","2109549","51","84467262"
"chr3","86597742","86597935","KN295424v1","586223","586460","69","86011519"
"chr3","86618888","86619156","KN294863v1","436560","436834","41","86182328"
"chr3","86729444","86729716","KN296201v1","2654662","2654949","61","84074782"
"chr3","86932568","86932732","KN294848v1","1183193","1183355","34","85749375"
"chr3","87004564","87004839","KN297112v1","3850741","3851015","60","83153823"
"chr3","87137363","87137658","KN295666v1","1004110","1004399","51","86133253"
"chr3","87184294","87184447","KN294187v1","1105095","1105248","27","86079199"
"chr3","87285463","87285664","KN294728v1","620489","620685","35","86664974"
"chr3","87337276","87337605","KN296403v1","247398","247728","52","87089878"
"chr3","87579496","87579804","KN294287v1","530811","531116","39","87048685"
"chr3","87598136","87598451","KN296383v1","187809","188120","43","87410327"
"chr3","88000634","88000935","KN295114v1","45102","45395","43","87955532"
"chr3","88174621","88174914","KN294214v1","603960","604254","36","87570661"
"chr3","88409358","88409662","KN297165v1","148380","148677","41","88260978"
"chr3","88410376","88410687","KN296158v1","1175251","1175559","42","87235125"
"chr3","88417955","88418230","KN294234v1","2125042","2125313","44","86292913"
"chr3","88558061","88558368","KN294548v1","1161001","1161308","40","87397060"
"chr3","88576659","88576966","KN296682v1","4855759","4856070","36","83720900"
"chr3","88793306","88793624","KN294739v1","15978","16281","46","88777328"
"chr3","88853229","88853510","KN294240v1","16351","16621","51","88836878"
"chr3","88873470","88873778","KN296019v1","548590","548901","40","88324880"
"chr3","88882376","88882658","KN295405v1","1822106","1822388","51","87060270"
"chr3","88947039","88947344","KN294571v1","1575904","1576204","44","87371135"
"chr3","88993175","88993476","KN296520v1","474691","474989","34","88518484"
"chr3","89050053","89050361","KN294911v1","2389002","2389309","36","86661051"
"chr3","89129146","89129429","KN294345v1","1119451","1119736","40","88009695"
"chr3","89225257","89225556","KN297154v1","1039874","1040175","43","88185383"
"chr3","89344530","89344824","KN296253v1","1315417","1315709","43","88029113"
"chr3","89456478","89456772","KN294937v1","266","558","32","89456212"
"chr3","89477854","89478160","KN296484v1","351750","352061","41","89126104"
"chr3","89488381","89488684","KN295708v1","2506254","2506554","35","86982127"
"chr3","89504067","89504365","KN294995v1","15599","15901","32","89488468"
"chr3","89549000","89549290","KN297172v1","35660","35949","27","89513340"
"chr3","89595768","89596059","KN297172v1","78701","78979","29","89517067"
"chr3","89616084","89616378","KN294269v1","550588","550887","30","89065496"
"chr3","89623767","89624078","KN297133v1","605665","605974","46","89018102"
"chr3","89689497","89689792","KN296588v1","938682","938981","37","88750815"
"chr3","89703926","89704205","KN297172v1","186089","186369","26","89517837"
"chr3","89719376","89719673","KN297172v1","199634","199929","30","89519742"
"chr3","89738626","89738939","KN297172v1","216675","216986","36","89521951"
"chr3","89765171","89765467","KN294790v1","272636","272926","44","89492535"
"chr3","89786528","89786836","KN297172v1","265619","265924","36","89520909"
"chr3","89788319","89788638","KN296825v1","1012135","1012463","47","88776184"
"chr3","90044180","90044480","KN295800v1","457191","457478","30","89586989"
"chr3","90092981","90093287","KN294911v1","2389002","2389309","39","87703979"
"chr3","90409766","90410044","KN296547v1","93222","93496","39","90316544"
"chr3","90458425","90458791","KN295800v1","59641","59971","75","90398784"
"chr3","90486026","90486326","KN295800v1","30124","30417","39","90455902"
"chr3","90487917","90488219","KN295596v1","141388","141684","42","90346529"
"chr3","90530522","90530780","KN294561v1","2172809","2173071","52","88357713"
"chr3","90567083","90567385","KN294790v1","2788099","2788404","37","87778984"
"chr3","90610925","90611207","KN295586v1","5255611","5255896","42","85355314"
"chr3","90617972","90618260","KN294378v1","1110132","1110432","51","89507840"
"chr3","90671617","90671918","KN295731v1","46961","47258","42","90624656"
"chr3","90921595","90921899","KN294705v1","1537713","1538021","45","89383882"
"chr3","90988474","90988784","KN295090v1","1832957","1833265","33","89155517"
"chr3","91016620","91016789","KN297095v1","627062","627229","25","90389558"
"chr3","91018565","91018875","KN295439v1","66534","66843","45","90952031"
"chr3","91070618","91070951","KN296460v1","119303","119632","57","90951315"
"chr3","91087030","91087304","KN294837v1","377251","377522","45","90709779"
"chr3","91128277","91128564","KN294499v1","1180158","1180439","44","89948119"
"chr3","91182447","91182739","KN294407v1","598111","598399","38","90584336"
"chr3","91260764","91261072","KN296503v1","58212","58521","42","91202552"
"chr3","91276071","91276295","KN296153v1","3458034","3458253","38","87818037"
"chr3","91297939","91298250","KN294378v1","1504358","1504668","39","89793581"
"chr3","91345820","91346120","KN295430v1","1217885","1218183","39","90127935"
"chr3","91392849","91393148","KN294470v1","2878982","2879283","43","88513867"
"chr3","91436983","91437293","KN296178v1","1038758","1039049","53","90398225"
"chr3","91626535","91626819","KN296406v1","165981","166261","50","91460554"
"chr3","91654632","91654950","KN296743v1","1756759","1757068","47","89897873"
"chr3","91787844","91788156","KN294592v1","1321409","1321720","41","90466435"
"chr3","91852864","91853172","KN296495v1","303473","303778","34","91549391"
"chr3","91867932","91868224","KN295596v1","2518640","2518934","40","89349292"
"chr3","91879328","91879608","KN296743v1","202352","202637","42","91676976"
"chr3","96817488","96817800","KN295236v1","1631448","1631759","40","95186040"
"chr3","96873263","96873566","KN294957v1","62097","62408","40","96811166"
"chr3","96888561","96888852","KN296596v1","295533","295823","39","96593028"
"chr3","96894052","96894329","KN296743v1","202352","202637","43","96691700"
"chr3","96975986","96976296","KN296982v1","675778","676081","48","96300208"
"chr3","96977897","96978196","KN294269v1","585380","585685","37","96392517"
"chr3","96990094","96990389","KN294790v1","272636","272926","37","96717458"
"chr3","97024684","97024976","KN295871v1","137619","137912","39","96887065"
"chr3","97067813","97068064","KN295717v1","1445363","1445625","47","95622450"
"chr3","97090566","97090851","KN295667v1","349246","349534","43","96741320"
"chr3","97101072","97101379","KN296345v1","121659","121957","45","96979413"
"chr3","97107461","97107766","KN295748v1","161587","161896","37","96945874"
"chr3","97113251","97113556","KN294561v1","1084406","1084703","44","96028845"
"chr3","97132864","97133153","KN296738v1","85378","85673","36","97047486"
"chr3","97141800","97142100","KN295871v1","542479","542775","41","96599321"
"chr3","97162666","97162850","KN294790v1","6048085","6048269","35","91114581"
"chr3","97182646","97182981","KN294583v1","218152","218489","58","96964494"
"chr3","97198004","97198286","KN296138v1","452937","453216","43","96745067"
"chr3","97233211","97233504","KN295633v1","248096","248390","46","96985115"
"chr3","97236603","97236881","KN295907v1","1866654","1866935","38","95369949"
"chr3","97276167","97276449","KN294570v1","116175","116454","37","97159992"
"chr3","97283209","97283501","KN294758v1","3060251","3060547","44","94222958"
"chr3","97322055","97322392","KN294499v1","1858422","1858750","48","95463633"
"chr3","97646942","97647242","KN294995v1","15599","15901","39","97631343"
"chr3","97680070","97680380","KN295366v1","78980","79290","43","97601090"
"chr3","97688912","97689215","KN294367v1","7439","7744","43","97681473"
"chr3","97692208","97692512","KN295198v1","274974","275272","43","97417234"
"chr3","97709238","97709534","KN295441v1","608538","608834","38","97100700"
"chr3","97906172","97906476","KN297023v1","480259","480560","43","97425913"
"chr3","98051708","98052021","KN294375v1","493338","493642","57","97558370"
"chr3","98187524","98187797","KN295601v1","2706433","2706709","45","95481091"
"chr3","98293155","98293433","KN296096v1","1835692","1835972","60","96457463"
"chr3","98348389","98348700","KN295748v1","161587","161896","41","98186802"
"chr3","98380572","98380876","KN295315v1","718261","718558","47","97662311"
"chr3","98477057","98477366","KN295735v1","596649","596954","41","97880408"
"chr3","98477369","98477669","KN297023v1","480259","480560","37","97997110"
"chr3","98548626","98548940","KN296682v1","3127385","3127697","48","95421241"
"chr3","98563704","98564017","KN295301v1","761923","762233","41","97801781"
"chr3","98586889","98587169","KN296495v1","1951647","1951933","45","96635242"
"chr3","98590632","98590935","KN294235v1","123360","123658","36","98467272"
"chr3","98876376","98876664","KN296743v1","323605","323904","48","98552771"
"chr3","98994123","98994373","KN296244v1","245870","246125","52","98748253"
"chr3","99086974","99087264","KN295894v1","2420511","2420802","34","96666463"
"chr3","99138469","99138785","KN295112v1","477640","477949","43","98660829"
"chr3","99156688","99156989","KN296040v1","349832","350124","51","98806856"
"chr3","99159032","99159343","KN295198v1","263548","263856","45","98895484"
"chr3","99176147","99176432","KN296508v1","1887999","1888284","38","97288148"
"chr3","99185145","99185441","KN295708v1","478057","478353","46","98707088"
"chr3","99207373","99207678","KN295566v1","7428","7735","48","99199945"
"chr3","99307848","99308012","KN296743v1","1950123","1950289","24","97357725"
"chr3","99384905","99385206","KN294873v1","1602078","1602381","37","97782827"
"chr3","99454745","99455035","KN296062v1","2291832","2292114","58","97162913"
"chr3","99554276","99554563","KN295610v1","524058","524356","55","99030218"
"chr3","99673196","99673479","KN296004v1","21122","21405","47","99652074"
"chr3","99811521","99811810","KN295977v1","1361274","1361557","40","98450247"
"chr3","99832501","99832812","KN295940v1","33441","33753","34","99799060"
"chr3","99949957","99950252","KN294570v1","18395","18684","45","99931562"
"chr3","99958714","99959019","KN296635v1","2181073","2181379","43","97777641"
"chr3","99984129","99984430","KN294777v1","542561","542863","44","99441568"
"chr3","100166918","100167134","KN294501v1","2433548","2433769","40","97733370"
"chr3","100247307","100247604","KN294470v1","2852199","2852501","42","97395108"
"chr3","100274322","100274603","KN294520v1","1707344","1707630","47","98566978"
"chr3","100289296","100289581","KN297245v1","2638141","2638421","54","97651155"
"chr3","100300865","100301146","KN295601v1","2149937","2150218","41","98150928"
"chr3","100308568","100308876","KN294399v1","47743","48054","42","100260825"
"chr3","100468171","100468475","KN294911v1","2389002","2389309","38","98079169"
"chr3","100513011","100513294","KN297219v1","894388","894671","37","99618623"
"chr3","100585838","100586154","KN294987v1","176356","176665","40","100409482"
"chr3","100679552","100679850","KN294326v1","572833","573126","46","100106719"
"chr3","100769267","100769573","KN294705v1","430220","430521","44","100339047"
"chr3","100913782","100914040","KN295075v1","40195","40452","37","100873587"
"chr3","100978018","100978296","KN295692v1","1602122","1602402","36","99375896"
"chr3","101092335","101092648","KN294630v1","349899","350210","44","100742436"
"chr3","101112815","101113093","KN297171v1","2628817","2629092","40","98483998"
"chr3","101132471","101132765","KN297095v1","1127320","1127613","37","100005151"
"chr3","101176751","101176902","KN294571v1","1577567","1577717","27","99599184"
"chr3","101185462","101185767","KN295523v1","3015511","3015803","37","98169951"
"chr3","101216737","101217044","KN297203v1","1243976","1244285","48","99972761"
"chr3","101258642","101258940","KN294501v1","38531","38824","48","101220111"
"chr3","101263176","101263493","KN294613v1","763337","763646","50","100499839"
"chr3","101334387","101334679","KN294911v1","2312849","2313141","45","99021538"
"chr3","101340656","101340979","KN296311v1","3556438","3556761","58","97784218"
"chr3","101410515","101410819","KN296138v1","98488","98788","43","101312027"
"chr3","101519310","101519608","KN296365v1","1595427","1595725","46","99923883"
"chr3","101610141","101610450","KN294777v1","371314","371618","39","101238827"
"chr3","101700934","101701238","KN297452v1","2626541","2626846","36","99074393"
"chr3","101731920","101732228","KN295375v1","1103568","1103877","49","100628352"
"chr3","101759750","101760054","KN295439v1","89978","90287","44","101669772"
"chr3","101766775","101767077","KN296731v1","1501375","1501672","46","100265400"
"chr3","101771038","101771345","KN295319v1","772235","772546","41","100998803"
"chr3","101779831","101780131","KN294581v1","619147","619445","39","101160684"
"chr3","101781395","101781674","KN296538v1","101344","101622","37","101680051"
"chr3","101788961","101789247","KN295692v1","1195541","1195822","52","100593420"
"chr3","101798152","101798430","KN296119v1","4982493","4982773","41","96815659"
"chr3","101829977","101830263","KN296513v1","2367758","2368048","36","99462219"
"chr3","101843012","101843314","KN294790v1","163386","163690","44","101679626"
"chr3","101859977","101860286","KN294790v1","163386","163690","35","101696591"
"chr3","101876945","101877256","KN295977v1","623355","623659","36","101253590"
"chr3","101880381","101880691","KN295236v1","1631448","1631759","36","100248933"
"chr3","101884701","101885006","KN294603v1","111945","112247","43","101772756"
"chr3","101927777","101928083","KN296682v1","5144925","5145221","49","96782852"
"chr3","101929686","101929994","KN297158v1","734613","734927","54","101195073"
"chr3","102168604","102168909","KN294581v1","619147","619445","42","101549457"
"chr3","102376156","102376433","KN295735v1","821807","822085","36","101554349"
"chr3","102390503","102390807","KN294571v1","1575904","1576204","33","100814599"
"chr3","102434733","102435010","KN294147v1","1451685","1451966","51","100983048"
"chr3","102460018","102460321","KN296635v1","3876048","3876352","50","98583970"
"chr3","102485014","102485315","KN294911v1","3904036","3904337","36","98580978"
"chr3","102602152","102602419","KN294821v1","159029","159299","28","102443123"
"chr3","102695969","102696264","KN296096v1","1229727","1230021","31","101466242"
"chr3","102837438","102837738","KN296386v1","82111","82424","38","102755327"
"chr3","102894775","102895058","KN296386v1","127941","128236","28","102766834"
"chr3","102917325","102917636","KN295243v1","53573","53883","37","102863752"
"chr3","102963837","102964131","KN296290v1","605676","605972","34","102358161"
"chr3","102965423","102965704","KN296386v1","199520","199811","26","102765903"
"chr3","102984778","102985078","KN296311v1","767533","767832","38","102217245"
"chr3","103031101","103031413","KN296386v1","270195","270506","27","102760906"
"chr3","103042982","103043281","KN295241v1","239249","239550","35","102803733"
"chr3","103087221","103087512","KN296122v1","346873","347165","26","102740348"
"chr3","103091578","103091836","KN294991v1","995507","995758","32","102096071"
"chr3","103101031","103101321","KN296386v1","344396","344658","45","102756635"
"chr3","103120820","103121049","KN295284v1","16952","17196","30","103103868"
"chr3","103128709","103129055","KN296844v1","968148","968480","63","102160561"
"chr3","103131253","103131493","KN295405v1","757351","757593","49","102373902"
"chr3","103184337","103184647","KN296386v1","431423","431741","32","102752914"
"chr3","103215154","103215378","KN296386v1","459648","459872","22","102755506"
"chr3","103225188","103225487","KN296306v1","1271791","1272093","41","101953397"
"chr3","103234403","103234707","KN296386v1","483721","484019","29","102750682"
"chr3","103291704","103292007","KN296595v1","42365","42662","38","103249339"
"chr3","103300391","103300693","KN296244v1","633132","633433","38","102667259"
"chr3","103332710","103333018","KN294257v1","1771672","1771973","39","101561038"
"chr3","103375955","103376205","KN296386v1","628748","629001","18","102747207"
"chr3","103378162","103378464","KN296386v1","630739","631040","27","102747423"
"chr3","103398532","103398822","KN296175v1","228274","228571","42","103170258"
"chr3","103427333","103427627","KN296386v1","681364","681663","32","102745969"
"chr3","103428486","103428780","KN296386v1","682547","682835","34","102745939"
"chr3","103455446","103455699","KN295301v1","1183296","1183537","54","102272150"
"chr3","103475447","103475739","KN296119v1","911532","911825","34","102563915"
"chr3","103484722","103485028","KN294372v1","2427862","2428164","35","101056860"
"chr3","103495157","103495451","KN297320v1","1666972","1667261","37","101828185"
"chr3","103537131","103537423","KN296153v1","1090111","1090408","32","102447020"
"chr3","103562056","103562350","KN296620v1","349918","350214","32","103212138"
"chr3","103565831","103566135","KN296386v1","821058","821369","44","102744773"
"chr3","103589384","103589691","KN296386v1","845366","845675","24","102744018"
"chr3","103592718","103593001","KN296386v1","849017","849305","25","102743701"
"chr3","103607402","103607712","KN295090v1","2486557","2486869","36","101120845"
"chr3","103701725","103702026","KN296386v1","965539","965847","29","102736186"
"chr3","103932030","103932339","KN296386v1","1161143","1161440","41","102770887"
"chr3","103996610","103996922","KN296386v1","1227280","1227584","33","102769330"
"chr3","104013522","104013792","KN296386v1","1244039","1244332","59","102769483"
"chr3","104128088","104128379","KN297048v1","29566","29864","39","104098522"
"chr3","104147348","104147616","KN297048v1","49016","49282","18","104098332"
"chr3","104175110","104175423","KN294630v1","349899","350210","39","103825211"
"chr3","104221658","104221961","KN296486v1","1608152","1608458","45","102613506"
"chr3","104261572","104261871","KN297048v1","159109","159420","28","104102463"
"chr3","104267942","104268236","KN297048v1","169276","169574","35","104098666"
"chr3","104272617","104272918","KN294187v1","783464","783769","39","103489153"
"chr3","104405030","104405320","KN297048v1","297391","297680","23","104107639"
"chr3","104510487","104510807","KN294367v1","33505","33824","51","104476982"
"chr3","104520311","104520568","KN297048v1","420137","420396","30","104100174"
"chr3","104572630","104572934","KN294548v1","1161001","1161308","31","103411629"
"chr3","104583948","104584258","KN297048v1","482124","482432","21","104101824"
"chr3","104611162","104611460","KN297048v1","507619","507917","29","104103543"
"chr3","104660295","104660610","KN297259v1","1684022","1684333","38","102976273"
"chr3","104666463","104666759","KN297195v1","26376","26667","41","104640087"
"chr3","104705288","104705580","KN295523v1","3435976","3436268","40","101269312"
"chr3","104759422","104759718","KN294172v1","822922","823215","31","103936500"
"chr3","104770378","104770674","KN295871v1","542479","542775","36","104227899"
"chr3","104787839","104787994","KN294444v1","72417","72567","24","104715422"
"chr3","104794003","104794314","KN294218v1","325416","325726","36","104468587"
"chr3","104801181","104801491","KN294705v1","623696","624002","38","104177485"
"chr3","104816358","104816655","KN294539v1","1287945","1288241","42","103528413"
"chr3","104823245","104823539","KN294991v1","293673","293971","36","104529572"
"chr3","104828241","104828553","KN295361v1","426092","426402","46","104402149"
"chr3","104844908","104845201","KN296732v1","3297760","3298052","36","101547148"
"chr3","104855101","104855414","KN295236v1","3643201","3643515","51","101211900"
"chr3","104859343","104859641","KN297452v1","1465726","1466024","37","103393617"
"chr3","104873316","104873561","KN297154v1","1616670","1616919","34","103256646"
"chr3","104873652","104873938","KN295441v1","781300","781576","51","104092352"
"chr3","104893435","104893743","KN296311v1","8317826","8318133","42","96575609"
"chr3","104944411","104944717","KN294407v1","3027269","3027567","39","101917142"
"chr3","104951950","104952160","KN296426v1","64367","64561","41","104887583"
"chr3","104965282","104965572","KN295801v1","703758","704047","30","104261524"
"chr3","104968044","104968332","KN295459v1","429311","429600","46","104538733"
"chr3","104971876","104972169","KN294345v1","1184842","1185136","47","103787034"
"chr3","104994559","104994860","KN296682v1","4102737","4103045","41","100891822"
"chr3","105010190","105010463","KN295592v1","1986950","1987223","34","103023240"
"chr3","105048851","105049152","KN295814v1","1588364","1588671","42","103460487"
"chr3","105112603","105112895","KN296964v1","1801449","1801744","33","103311154"
"chr3","105125019","105125326","KN297320v1","271981","272275","42","104853038"
"chr3","105136838","105137135","KN295893v1","1265746","1266047","46","103871092"
"chr3","105341738","105342042","KN297058v1","312303","312607","33","105029435"
"chr3","105445712","105445995","KN295107v1","300735","301027","36","105144977"
"chr3","105501582","105501872","KN295429v1","274454","274746","30","105227128"
"chr3","105724061","105724373","KN296154v1","423261","423574","39","105300800"
"chr3","105768716","105769026","KN295315v1","2572721","2573029","41","103195995"
"chr3","105889510","105889809","KN296322v1","2709076","2709373","49","103180434"
"chr3","105948008","105948299","KN296620v1","349918","350214","34","105598090"
"chr3","105973387","105973676","KN297186v1","1381942","1382225","41","104591445"
"chr3","106140686","106141006","KN295459v1","603013","603345","62","105537673"
"chr3","106150446","106150625","KN296153v1","3361562","3361735","33","102788884"
"chr3","106153826","106154088","KN296271v1","400315","400584","29","105753511"
"chr3","106225480","106225793","KN295922v1","130002","130315","30","106095478"
"chr3","106407405","106407685","KN294592v1","1283450","1283725","48","105123955"
"chr3","106503520","106503825","KN295666v1","873327","873629","41","105630193"
"chr3","106597686","106597990","KN294665v1","133847","134138","43","106463839"
"chr3","106684474","106684785","KN295548v1","17538","17846","48","106666936"
"chr3","106788425","106788593","KN296096v1","2363438","2363604","27","104424987"
"chr3","106789020","106789310","KN297403v1","208160","208454","54","106580860"
"chr3","106879204","106879498","KN294266v1","869223","869515","46","106009981"
"chr3","106960909","106961185","KN295315v1","1341690","1341974","42","105619219"
"chr3","107113882","107114185","KN295607v1","4377455","4377758","41","102736427"
"chr3","107209196","107209497","KN295108v1","971881","972178","38","106237315"
"chr3","107313477","107313779","KN296620v1","349918","350214","37","106963559"
"chr3","107346799","107347108","KN295108v1","835633","835943","28","106511166"
"chr3","107376726","107377028","KN296079v1","1542951","1543242","46","105833775"
"chr3","107401847","107402160","KN295108v1","778481","778789","35","106623366"
"chr3","107439183","107439483","KN296311v1","6530436","6530727","47","100908747"
"chr3","107508971","107509239","KN296040v1","300347","300624","55","107208624"
"chr3","107511582","107511908","KN294806v1","260010","260325","48","107251572"
"chr3","107713493","107713802","KN296090v1","89328","89638","38","107624165"
"chr3","107738061","107738360","KN296620v1","349918","350214","32","107388143"
"chr3","107743648","107743948","KN294964v1","1171001","1171302","36","106572647"
"chr3","107905835","107906141","KN295666v1","873327","873629","30","107032508"
"chr3","108122490","108122788","KN294850v1","86582","86882","36","108035908"
"chr3","108687599","108687910","KN297008v1","2646914","2647222","48","106040685"
"chr3","108838563","108838857","KN295114v1","157283","157573","42","108681280"
"chr3","108913400","108913699","KN294879v1","76546","76849","29","108836854"
"chr3","108930300","108930599","KN296263v1","810253","810550","31","108120047"
"chr3","108944591","108944874","KN296191v1","129963","130245","34","108814628"
"chr3","108954707","108955016","KN296883v1","2779002","2779313","51","106175705"
"chr3","108964541","108964830","KN295459v1","673095","673397","39","108291446"
"chr3","109085210","109085516","KN294378v1","1504358","1504668","34","107580852"
"chr3","109163048","109163341","KN295236v1","4141001","4141296","38","105022047"
"chr3","109180003","109180311","KN296503v1","71512","71821","45","109108491"
"chr3","109190323","109190592","KN296290v1","1309363","1309638","37","107880960"
"chr3","109219567","109219864","KN296406v1","41462","41764","43","109178105"
"chr3","109269763","109270066","KN294790v1","163386","163690","35","109106377"
"chr3","109427479","109427789","KN294790v1","2771318","2771623","38","106656161"
"chr3","109428941","109429209","KN295350v1","784316","784583","43","108644625"
"chr3","109476402","109476712","KN295236v1","4171919","4172233","34","105304483"
"chr3","109482233","109482532","KN295480v1","1514936","1515236","37","107967297"
"chr3","109593393","109593668","KN295102v1","355369","355647","49","109238024"
"chr3","109707306","109707592","KN296831v1","388107","388396","47","109319199"
"chr3","109737351","109737654","KN296244v1","633132","633433","42","109104219"
"chr3","109834113","109834379","KN294172v1","1540690","1540957","31","108293423"
"chr3","109873870","109874158","KN295977v1","899017","899304","34","108974853"
"chr3","109934135","109934348","KN294630v1","33383","33587","49","109900752"
"chr3","109945199","109945496","KN296682v1","4552635","4552930","31","105392564"
"chr3","109953130","109953443","KN296303v1","514845","515157","41","109438285"
"chr3","109976856","109977145","KN295366v1","124181","124471","37","109852675"
"chr3","109989941","109990074","KN295893v1","6287456","6287591","19","103702485"
"chr3","109990079","109990151","KN296495v1","1507938","1508003","19","108482141"
"chr3","109991688","109991789","KN297008v1","4473770","4473880","26","105517918"
"chr3","110039776","110040073","KN294790v1","163386","163690","43","109876390"
"chr3","110188324","110188633","KN296153v1","1336190","1336496","34","108852134"
"chr3","110301768","110302077","KN294172v1","1521503","1521812","40","108780265"
"chr3","110332087","110332388","KN296322v1","2692700","2693002","39","107639387"
"chr3","110415806","110416102","KN294147v1","1191891","1192182","34","109223915"
"chr3","110473680","110473954","KN295594v1","246769","247042","38","110226911"
"chr3","110477055","110477342","KN294193v1","568677","568960","34","109908378"
"chr3","110477951","110478260","KN294172v1","1667579","1667885","39","108810372"
"chr3","110491367","110491675","KN295922v1","130002","130315","35","110361365"
"chr3","110528364","110528660","KN295114v1","328476","328774","46","110199888"
"chr3","110589328","110589624","KN297112v1","3471705","3472001","33","107117623"
"chr3","110591874","110592182","KN297227v1","855382","855687","42","109736492"
"chr3","110643602","110643934","KN295995v1","1988669","1988991","62","108654933"
"chr3","110727457","110727769","KN296484v1","351750","352061","50","110375707"
"chr3","110810176","110810474","KN297023v1","480259","480560","40","110329917"
"chr3","110810520","110810857","KN295735v1","713634","713968","49","110096886"
"chr3","110820759","110821061","KN294446v1","564777","565084","44","110255982"
"chr3","110898485","110898779","KN294257v1","417336","417629","46","110481149"
"chr3","110916129","110916430","KN296743v1","323605","323904","33","110592524"
"chr3","110918195","110918498","KN294470v1","2136945","2137241","42","108781250"
"chr3","110927276","110927572","KN296833v1","30824","31126","43","110896452"
"chr3","110932245","110932527","KN295003v1","167988","168273","39","110764257"
"chr3","111003040","111003347","KN297070v1","379833","380141","49","110623207"
"chr3","111053122","111053408","KN295984v1","76148","76434","30","110976974"
"chr3","111119514","111119824","KN296019v1","408064","408375","36","110711450"
"chr3","111162826","111163084","KN297404v1","219675","219926","41","110943151"
"chr3","111195318","111195618","KN295735v1","951378","951675","33","110243940"
"chr3","111511349","111511642","KN295729v1","826689","826980","28","110684660"
"chr3","111528559","111528857","KN296404v1","1183469","1183770","34","110345090"
"chr3","111586598","111586843","KN296921v1","438156","438387","35","111148442"
"chr3","111607625","111607919","KN295893v1","4652018","4652311","34","106955607"
"chr3","111621414","111621725","KN295075v1","664562","664870","37","110956852"
"chr3","111781937","111782243","KN294446v1","508370","508676","45","111273567"
"chr3","111846107","111846381","KN295701v1","662733","663009","40","111183374"
"chr3","112064456","112064761","KN295832v1","708612","708916","33","111355844"
"chr3","112065978","112066289","KN294169v1","74418","74723","42","111991560"
"chr3","112097901","112098181","KN294842v1","1908899","1909169","49","110189002"
"chr3","112154731","112155042","KN294457v1","1128179","1128489","41","111026552"
"chr3","112161201","112161497","KN294539v1","1287945","1288241","46","110873256"
"chr3","112190120","112190376","KN297038v1","314696","314959","55","111875424"
"chr3","112205027","112205306","KN295459v1","1101140","1101421","33","111103887"
"chr3","112210948","112211243","KN296486v1","1266538","1266834","35","110944410"
"chr3","112221074","112221372","KN295871v1","542479","542775","31","111678595"
"chr3","112222429","112222727","KN295871v1","542479","542775","31","111679950"
"chr3","112239859","112240162","KN295929v1","457065","457374","34","111782794"
"chr3","112249358","112249648","KN297157v1","47278","47567","32","112202080"
"chr3","112315312","112315601","KN295729v1","826689","826980","34","111488623"
"chr3","112317001","112317314","KN296635v1","2387021","2387331","37","109929980"
"chr3","112344960","112345261","KN295459v1","673095","673397","38","111671865"
"chr3","112481467","112481772","KN296404v1","2016101","2016407","38","110465366"
"chr3","112488024","112488320","KN296588v1","2103887","2104184","36","110384137"
"chr3","112490821","112491129","KN296145v1","3430721","3431032","42","109060100"
"chr3","112502455","112502734","KN295441v1","405739","406027","33","112096716"
"chr3","112502843","112503115","KN296508v1","1079358","1079640","54","111423485"
"chr3","112517140","112517439","KN296247v1","273218","273514","33","112243922"
"chr3","112523781","112524022","KN295586v1","3279755","3279994","53","109244026"
"chr3","112524364","112524669","KN297023v1","480259","480560","43","112044105"
"chr3","112534459","112534771","KN294630v1","686727","687035","38","111847732"
"chr3","112538254","112538535","KN294911v1","1933406","1933698","43","110604848"
"chr3","112549525","112549830","KN296507v1","573042","573342","48","111976483"
"chr3","112559510","112559800","KN294326v1","309006","309309","46","112250504"
"chr3","112566017","112566317","KN295198v1","274974","275272","39","112291043"
"chr3","112567233","112567526","KN294257v1","1922409","1922700","44","110644824"
"chr3","112582413","112582714","KN294526v1","486831","487133","40","112095582"
"chr3","112588090","112588373","KN297287v1","8009","8290","37","112580081"
"chr3","112615054","112615362","KN296167v1","450049","450355","32","112165005"
"chr3","112623562","112623843","KN294633v1","106169","106453","44","112517393"
"chr3","112627491","112627744","KN294513v1","904644","904897","48","111722847"
"chr3","112631587","112631882","KN297452v1","1982310","1982603","38","110649277"
"chr3","112647906","112647946","KN295605v1","731068","731107","5","111916838"
"chr3","112648467","112648629","KN294987v1","480021","480187","25","112168446"
"chr3","112649993","112650280","KN294806v1","898295","898582","36","111751698"
"chr3","112664303","112664603","KN297274v1","216725","217021","42","112447578"
"chr3","112665974","112666221","KN296885v1","2505994","2506243","34","110159980"
"chr3","112667400","112667673","KN296322v1","897862","898144","51","111769538"
"chr3","112673668","112674002","KN295375v1","617679","617978","79","112055989"
"chr3","112678214","112678422","KN295564v1","135143","135357","31","112543071"
"chr3","112683594","112683867","KN297028v1","267851","268120","39","112415743"
"chr3","112698827","112699126","KN294539v1","1287945","1288241","38","111410882"
"chr3","112704800","112705091","KN295729v1","826689","826980","37","111878111"
"chr3","112708054","112708354","KN295032v1","307103","307398","42","112400951"
"chr3","112711673","112711971","KN295846v1","24517","24819","36","112687156"
"chr3","112727295","112727594","KN297327v1","811573","811871","39","111915722"
"chr3","112731413","112731699","KN295241v1","197736","198025","37","112533677"
"chr3","112735548","112735846","KN294251v1","1932520","1932819","35","110803028"
"chr3","112750061","112750372","KN295090v1","786208","786506","51","111963853"
"chr3","112753823","112754125","KN296311v1","768493","768797","42","111985330"
"chr3","112788979","112789286","KN295526v1","764551","764853","36","112024428"
"chr3","112839586","112839881","KN295350v1","962885","963179","32","111876701"
"chr3","112939672","112939968","KN296557v1","18517","18814","29","112921155"
"chr3","112956986","112957289","KN295096v1","4693974","4694269","24","108263012"
"chr3","113067863","113068160","KN296311v1","3194235","3194543","40","109873628"
"chr3","113088429","113088735","KN297327v1","811573","811871","57","112276856"
"chr3","113269631","113269952","KN295096v1","4349841","4350172","35","108919790"
"chr3","113299428","113299738","KN294987v1","124415","124728","49","113175013"
"chr3","113439227","113439514","KN294456v1","1143112","1143404","35","112296115"
"chr3","113464528","113464837","KN294848v1","172686","172989","36","113291842"
"chr3","113835476","113835785","KN294987v1","176356","176665","41","113659120"
"chr3","114039508","114039770","KN295096v1","3538922","3539203","39","110500586"
"chr3","114142073","114142370","KN296831v1","574957","575252","36","113567116"
"chr3","114395311","114395613","KN295096v1","3170972","3171282","40","111224339"
"chr3","114407462","114407774","KN295096v1","3160583","3160884","39","111246879"
"chr3","114445356","114445665","KN295096v1","3129874","3130170","30","111315482"
"chr3","114595747","114596052","KN295096v1","2965990","2966278","28","111629757"
"chr3","114612870","114613163","KN294917v1","401690","401984","29","114211180"
"chr3","114742379","114742649","KN295096v1","2804244","2804516","25","111938135"
"chr3","114772006","114772331","KN295096v1","2785937","2786228","51","111986069"
"chr3","115000281","115000579","KN295096v1","2554327","2554620","28","112445954"
"chr3","115112583","115112886","KN297154v1","1039874","1040175","39","114072709"
"chr3","115176896","115177150","KN295323v1","499497","499763","49","114677399"
"chr3","115211566","115211870","KN294539v1","1287945","1288241","42","113923621"
"chr3","115213400","115213674","KN295705v1","552587","552858","43","114660813"
"chr3","115219205","115219511","KN295096v1","2344733","2345031","32","112874472"
"chr3","115223553","115223852","KN295096v1","2341259","2341555","27","112882294"
"chr3","115240852","115241150","KN295096v1","2322852","2323157","33","112918000"
"chr3","115262140","115262427","KN294147v1","1191891","1192182","31","114070249"
"chr3","115280479","115280762","KN295096v1","2283046","2283308","46","112997433"
"chr3","115336463","115336774","KN295096v1","2224376","2224692","28","113112087"
"chr3","115361230","115361526","KN295708v1","844981","845274","32","114516249"
"chr3","115426088","115426398","KN295096v1","2128990","2129295","29","113297098"
"chr3","115503113","115503438","KN295096v1","2061777","2062102","17","113441336"
"chr3","115615700","115615997","KN295096v1","1960994","1961287","33","113654706"
"chr3","115655555","115655832","KN297171v1","2628817","2629092","32","113026738"
"chr3","115686182","115686417","KN295586v1","3146006","3146235","38","112540176"
"chr3","115686537","115686615","KN294991v1","1048080","1048163","16","114638457"
"chr3","115787628","115787939","KN295096v1","1757750","1758058","31","114029878"
"chr3","115812958","115813208","KN295717v1","1445363","1445625","47","114367595"
"chr3","115866180","115866473","KN295096v1","1684140","1684422","33","114182040"
"chr3","115879463","115879744","KN296153v1","740540","740823","36","115138923"
"chr3","115920184","115920461","KN295096v1","1632711","1632997","42","114287473"
"chr3","115943497","115943812","KN295883v1","173429","173738","50","115770068"
"chr3","115973360","115973659","KN294790v1","163386","163690","33","115809974"
"chr3","116000395","116000671","KN295096v1","1559158","1559449","36","114441237"
"chr3","116033468","116033767","KN295096v1","1526142","1526443","23","114507326"
"chr3","116053134","116053442","KN295096v1","1514320","1514612","31","114538814"
"chr3","116060939","116061237","KN295343v1","729289","729587","31","115331650"
"chr3","116066768","116067073","KN296505v1","355465","355772","39","115711303"
"chr3","116124218","116124432","KN294378v1","1547107","1547322","34","114577111"
"chr3","116187412","116187707","KN294917v1","405138","405434","28","115782274"
"chr3","116208156","116208462","KN295096v1","1359879","1360189","28","114848277"
"chr3","116218490","116218786","KN297047v1","1316088","1316386","43","114902402"
"chr3","116281186","116281345","KN297404v1","166788","166945","21","116114398"
"chr3","116395554","116395846","KN295096v1","1185085","1185374","26","115210469"
"chr3","116398641","116398950","KN295096v1","1181978","1182286","36","115216663"
"chr3","116438325","116438624","KN294470v1","2878982","2879283","38","113559343"
"chr3","116460247","116460544","KN295096v1","1124805","1125107","32","115335442"
"chr3","116528900","116529209","KN296541v1","177294","177595","41","116351606"
"chr3","116623762","116624073","KN296557v1","13515","13811","52","116610247"
"chr3","116637840","116638141","KN296430v1","1105044","1105344","37","115532796"
"chr3","116792628","116792941","KN295096v1","802770","803078","42","115989858"
"chr3","116831633","116831934","KN295096v1","766784","767072","33","116064849"
"chr3","116866247","116866547","KN295430v1","2355601","2355902","41","114510646"
"chr3","116869640","116869940","KN294879v1","1479545","1479833","50","115390095"
"chr3","116885230","116885520","KN295096v1","713156","713459","33","116172074"
"chr3","116899384","116899686","KN295096v1","701207","701499","32","116198177"
"chr3","116954867","116955148","KN295198v1","96636","96917","36","116858231"
"chr3","116968258","116968449","KN296426v1","64367","64561","32","116903891"
"chr3","116975687","116975831","KN295930v1","759567","759739","44","116216120"
"chr3","117109781","117110079","KN295096v1","480776","481075","29","116629005"
"chr3","117119050","117119349","KN294187v1","1109661","1109959","34","116009389"
"chr3","117122076","117122386","KN294456v1","1098138","1098439","37","116023938"
"chr3","117126280","117126578","KN296036v1","1097462","1097757","36","116028818"
"chr3","117135750","117136051","KN294809v1","1033430","1033730","33","116102320"
"chr3","117138286","117138584","KN295096v1","454557","454853","24","116683729"
"chr3","117149710","117150007","KN295096v1","442850","443139","31","116706860"
"chr3","117150020","117150318","KN295096v1","442536","442837","20","116707484"
"chr3","117160831","117161139","KN295096v1","431721","432017","38","116729110"
"chr3","117162990","117163274","KN295096v1","429215","429499","23","116733775"
"chr3","117164774","117165085","KN295096v1","427507","427815","23","116737267"
"chr3","117201301","117201606","KN294790v1","163386","163690","37","117037915"
"chr3","117202151","117202433","KN295236v1","4141001","4141296","43","113061150"
"chr3","117223286","117223577","KN295096v1","376485","376777","26","116846801"
"chr3","117231653","117231955","KN296495v1","3286172","3286471","42","113945481"
"chr3","117273991","117274302","KN295096v1","323672","323982","30","116950319"
"chr3","117298502","117298812","KN294911v1","2842843","2843153","35","114455659"
"chr3","117378511","117378681","KN294987v1","480021","480187","24","116898490"
"chr3","117468315","117468628","KN296698v1","187020","187330","40","117281295"
"chr3","117479675","117479965","KN294457v1","696610","696897","45","116783065"
"chr3","117481957","117482254","KN295480v1","1302107","1302401","39","116179850"
"chr3","117490589","117490896","KN295096v1","107917","108225","25","117382672"
"chr3","117497456","117497741","KN296314v1","715461","715754","43","116781995"
"chr3","117499480","117499773","KN295601v1","3238589","3238887","35","114260891"
"chr3","117670210","117670502","KN295361v1","824524","824814","35","116845686"
"chr3","117921010","117921320","KN294548v1","1161001","1161308","49","116760009"
"chr3","117937718","117938025","KN294790v1","163386","163690","41","117774332"
"chr3","118091387","118091695","KN295220v1","199627","199935","31","117891760"
"chr3","118123349","118123662","KN294964v1","1872225","1872534","41","116251124"
"chr3","118174449","118174739","KN294457v1","827198","827482","35","117347251"
"chr3","118180611","118180918","KN296743v1","1756759","1757068","36","116423852"
"chr3","118182961","118183283","KN294957v1","62097","62408","46","118120864"
"chr3","118222167","118222460","KN294251v1","3310780","3311069","37","114911387"
"chr3","118251653","118251944","KN296108v1","434634","434924","41","117817019"
"chr3","118293418","118293722","KN296261v1","261747","262047","38","118031671"
"chr3","118297137","118297436","KN294456v1","1098138","1098439","34","117198999"
"chr3","118373700","118374037","KN294790v1","5868297","5868622","53","112505403"
"chr3","118388806","118389078","KN295241v1","574147","574427","40","117814659"
"chr3","118409783","118410035","KN295820v1","956662","956899","40","117453121"
"chr3","118717146","118717331","KN294470v1","220971","221157","30","118496175"
"chr3","118760973","118761281","KN295045v1","181971","182282","33","118579002"
"chr3","118796478","118796733","KN297452v1","2486437","2486699","43","116310041"
"chr3","118800785","118801040","KN297452v1","2486437","2486699","43","116314348"
"chr3","118873685","118874011","KN297245v1","2028003","2028327","53","116845682"
"chr3","119036191","119036472","KN296158v1","1192523","1192804","40","117843668"
"chr3","119077204","119077393","KN296460v1","1702691","1702901","57","117374513"
"chr3","119237883","119238187","KN296485v1","541954","542254","41","118695929"
"chr3","119290570","119290878","KN295236v1","35793","36099","41","119254777"
"chr3","119330380","119330642","KN297133v1","1075587","1075851","40","118254793"
"chr3","119420490","119420765","KN296406v1","549452","549731","49","118871038"
"chr3","119566713","119567014","KN294790v1","163386","163690","30","119403327"
"chr3","119673207","119673510","KN297370v1","256676","256978","26","119416531"
"chr3","119768933","119769244","KN297370v1","361264","361567","32","119407669"
"chr3","119850962","119851259","KN297023v1","480259","480560","32","119370703"
"chr3","119985461","119985768","KN295735v1","994649","994952","34","118990812"
"chr3","119989821","119990082","KN294705v1","281500","281763","46","119708321"
"chr3","120060045","120060322","KN297370v1","631828","632105","27","119428217"
"chr3","120088007","120088316","KN296484v1","351750","352061","35","119736257"
"chr3","120091375","120091685","KN296484v1","351750","352061","37","119739625"
"chr3","120167351","120167654","KN297370v1","729604","729894","32","119437747"
"chr3","120226510","120226800","KN295729v1","826689","826980","39","119399821"
"chr3","120235684","120235988","KN294581v1","619147","619445","46","119616537"
"chr3","120248056","120248365","KN296503v1","539763","540066","34","119708293"
"chr3","120292200","120292501","KN295114v1","157283","157573","43","120134917"
"chr3","120349004","120349244","KN297370v1","914052","914272","35","119434952"
"chr3","120392670","120392983","KN295736v1","462563","462871","45","119930107"
"chr3","120433376","120433684","KN297202v1","7898","8204","47","120425478"
"chr3","120512528","120512817","KN297370v1","1084645","1084933","25","119427883"
"chr3","120518694","120519012","KN297370v1","1090695","1091012","48","119427999"
"chr3","120684987","120685291","KN295241v1","325917","326226","46","120359070"
"chr3","120812591","120812863","KN295592v1","1986950","1987223","40","118825641"
"chr3","120827495","120827803","KN295923v1","1040491","1040795","37","119787004"
"chr3","120846502","120846679","KN296225v1","431898","432075","30","120414604"
"chr3","120967599","120967900","KN294470v1","2878982","2879283","42","118088617"
"chr3","121005094","121005371","KN296122v1","387098","387375","36","120617996"
"chr3","121025754","121025951","KN295667v1","889265","889472","33","120136489"
"chr3","121570127","121570434","KN297046v1","1490505","1490809","40","120079622"
"chr3","121686869","121687164","KN294591v1","227761","228058","45","121459108"
"chr3","121865470","121865717","KN294262v1","1067417","1067656","42","120798053"
"chr3","121929131","121929434","KN294470v1","2136945","2137241","37","119792186"
"chr3","122160924","122161224","KN295243v1","1372152","1372439","52","120788772"
"chr3","122255749","122256065","KN296158v1","1175251","1175559","44","121080498"
"chr3","122307360","122307661","KN297158v1","212439","212742","38","122094921"
"chr3","122387019","122387329","KN294466v1","12634","12944","40","122374385"
"chr3","122493430","122493722","KN296153v1","3041230","3041525","48","119452200"
"chr3","122548807","122549107","KN296926v1","1049515","1049816","41","121499292"
"chr3","122568523","122568817","KN294407v1","3027269","3027567","36","119541254"
"chr3","122626391","122626681","KN294193v1","568677","568960","38","122057714"
"chr3","122665455","122665768","KN297320v1","848283","848595","41","121817172"
"chr3","122726829","122727131","KN294991v1","293673","293971","35","122433156"
"chr3","122730258","122730557","KN294603v1","111945","112247","39","122618313"
"chr3","122738927","122739236","KN296406v1","250415","250727","31","122488512"
"chr3","122750388","122750689","KN294187v1","1109661","1109959","38","121640727"
"chr3","122754352","122754658","KN296096v1","80587","80891","42","122673765"
"chr3","122766373","122766674","KN294705v1","186396","186702","34","122579977"
"chr3","122772555","122772866","KN296145v1","3430721","3431032","44","119341834"
"chr3","122817622","122817932","KN294365v1","1839543","1839848","49","120978079"
"chr3","122825683","122825993","KN297322v1","1224244","1224547","33","121601439"
"chr3","122843677","122843958","KN296011v1","52257","52541","37","122791420"
"chr3","122848943","122849244","KN295871v1","542479","542775","39","122306464"
"chr3","122869434","122869736","KN297023v1","480259","480560","44","122389175"
"chr3","122902265","122902559","KN294458v1","1049177","1049481","48","121853088"
"chr3","122904944","122905238","KN296145v1","740136","740436","37","122164808"
"chr3","122908169","122908474","KN294475v1","169623","169921","42","122738546"
"chr3","122918892","122919202","KN296743v1","1881284","1881592","36","121037608"
"chr3","122948786","122949088","KN296311v1","1117474","1117774","30","121831312"
"chr3","122994138","122994448","KN294456v1","1098138","1098439","37","121896000"
"chr3","122995961","122996256","KN295114v1","45102","45395","33","122950859"
"chr3","123020198","123020478","KN295459v1","361703","361982","39","122658495"
"chr3","123023591","123023915","KN297400v1","208121","208417","57","122815470"
"chr3","123030447","123030741","KN294949v1","1430308","1430600","47","121600139"
"chr3","123048997","123049278","KN295059v1","242847","243129","34","122806150"
"chr3","123064254","123064562","KN294991v1","9653","9962","90","123054601"
"chr3","123067168","123067481","KN296357v1","431311","431620","31","122635857"
"chr3","123081848","123082156","KN296311v1","768493","768797","41","122313355"
"chr3","123087589","123087869","KN294911v1","4607907","4608180","42","118479682"
"chr3","123143823","123144133","KN295301v1","761923","762233","35","122381900"
"chr3","123168054","123168342","KN294978v1","3753692","3754000","47","119414362"
"chr3","123174143","123174477","KN294245v1","89529","89848","64","123084614"
"chr3","123211438","123211735","KN296880v1","256786","257080","32","122954652"
"chr3","123220897","123221199","KN295943v1","398250","398552","37","122822647"
"chr3","123229780","123230094","KN295748v1","161587","161896","39","123068193"
"chr3","123237113","123237315","KN294613v1","200472","200677","36","123036641"
"chr3","123302335","123302620","KN294571v1","671930","672216","43","122630405"
"chr3","123324321","123324631","KN296158v1","1175251","1175559","36","122149070"
"chr3","123336095","123336415","KN296019v1","408064","408375","45","122928031"
"chr3","123359293","123359605","KN294911v1","2389002","2389309","50","120970291"
"chr3","123372148","123372459","KN297118v1","325716","326026","41","123046432"
"chr3","123404683","123404978","KN296122v1","312850","313141","48","123091833"
"chr3","123406389","123406687","KN294521v1","509491","509791","33","122896898"
"chr3","123434347","123434654","KN296383v1","187809","188120","32","123246538"
"chr3","123449938","123450230","KN294182v1","794404","794699","46","122655534"
"chr3","123451104","123451404","KN294501v1","19038","19338","40","123432066"
"chr3","123482323","123482608","KN296698v1","1546","1832","34","123480777"
"chr3","123493810","123494087","KN297046v1","1893600","1893881","38","121600210"
"chr3","123501751","123502059","KN294879v1","345721","346030","49","123156030"
"chr3","123530834","123531145","KN295962v1","193370","193681","32","123337464"
"chr3","123543723","123544030","KN296883v1","1499060","1499369","45","122044663"
"chr3","123547717","123548012","KN296430v1","1136125","1136422","41","122411592"
"chr3","123560820","123561110","KN295096v1","2965990","2966278","35","120594830"
"chr3","123566124","123566430","KN296108v1","796899","797207","34","122769225"
"chr3","123566481","123566739","KN295828v1","1498966","1499228","38","122067515"
"chr3","123620552","123620859","KN296481v1","316933","317241","39","123303619"
"chr3","123639453","123639747","KN297444v1","429699","429990","36","123209754"
"chr3","123645892","123646185","KN295633v1","945258","945552","34","122700634"
"chr3","123664085","123664295","KN297304v1","227819","228033","32","123436266"
"chr3","123670100","123670413","KN295112v1","477640","477949","46","123192460"
"chr3","123709690","123709998","KN294571v1","1575904","1576204","39","122133786"
"chr3","123711706","123712015","KN295922v1","130002","130315","37","123581704"
"chr3","123712452","123712765","KN295045v1","287071","287385","57","123425381"
"chr3","123715609","123715927","KN296040v1","668192","668497","47","123047417"
"chr3","123745597","123745919","KN295573v1","1028299","1028621","48","122717298"
"chr3","123795824","123796113","KN296513v1","2367758","2368048","42","121428066"
"chr3","123799778","123800083","KN294326v1","309006","309309","36","123490772"
"chr3","123807321","123807634","KN296484v1","5643","5955","41","123801678"
"chr3","123818333","123818644","KN294199v1","636506","636815","43","123181827"
"chr3","123846962","123847266","KN295607v1","4377455","4377758","36","119469507"
"chr3","123847641","123847938","KN294172v1","2666506","2666800","40","121181135"
"chr3","123887563","123887874","KN294520v1","587560","587866","34","123300003"
"chr3","123888639","123888949","KN294446v1","508370","508676","37","123380269"
"chr3","123892736","123893045","KN295814v1","898642","898947","37","122994094"
"chr3","123902315","123902595","KN296743v1","202352","202637","36","123699963"
"chr3","123914418","123914724","KN296158v1","1175251","1175559","37","122739167"
"chr3","123930318","123930616","KN296430v1","1105044","1105344","36","122825274"
"chr3","123938346","123938643","KN294917v1","405138","405434","38","123533208"
"chr3","123949609","123949904","KN295523v1","1314489","1314785","36","122635120"
"chr3","124023021","124023278","KN295350v1","478679","478942","39","123544342"
"chr3","124411958","124412253","KN294456v1","1098138","1098439","39","123313820"
"chr3","124521961","124522271","KN296311v1","3194235","3194543","42","121327726"
"chr3","124552826","124553140","KN296635v1","4969030","4969343","50","119583796"
"chr3","124700910","124701186","KN294604v1","515332","515604","43","124185578"
"chr3","124736753","124737043","KN295573v1","502898","503186","36","124233855"
"chr3","124812739","124813035","KN297046v1","3150122","3150419","47","121662617"
"chr3","124834613","124834838","KN294592v1","265907","266132","33","124568706"
"chr3","124856542","124856830","KN296594v1","156966","157254","22","124699576"
"chr3","124886644","124886916","KN294842v1","1514850","1515120","32","123371794"
"chr3","124894210","124894420","KN296594v1","192344","192558","18","124701866"
"chr3","124894754","124895051","KN295825v1","740950","741242","44","124153804"
"chr3","124899119","124899335","KN295977v1","1276894","1277103","53","123622225"
"chr3","124906724","124907039","KN294842v1","1466394","1466697","47","123440330"
"chr3","124908610","124908908","KN296750v1","214079","214376","36","124694531"
"chr3","124912042","124912343","KN296594v1","212110","212402","35","124699932"
"chr3","124924175","124924461","KN296594v1","218189","218473","21","124705986"
"chr3","124934445","124934636","KN296426v1","64367","64561","35","124870078"
"chr3","124942231","124942535","KN296594v1","236867","237167","26","124705364"
"chr3","124967395","124967697","KN296594v1","258029","258327","32","124709366"
"chr3","125026065","125026393","KN295596v1","1567069","1567403","54","123458996"
"chr3","125043251","125043555","KN294964v1","2029983","2030291","33","123013268"
"chr3","125143701","125143991","KN294429v1","37988","38273","35","125105713"
"chr3","125221556","125221868","KN295835v1","181014","181322","42","125040542"
"chr3","125269854","125270148","KN296594v1","581543","581844","26","124688311"
"chr3","125282475","125282779","KN296594v1","596895","597187","35","124685580"
"chr3","125319245","125319491","KN297259v1","2479518","2479764","35","122839727"
"chr3","125326942","125327235","KN296244v1","22101","22403","39","125304841"
"chr3","125368104","125368415","KN297259v1","1121902","1122211","37","124246202"
"chr3","125380114","125380423","KN296594v1","700249","700558","30","124679865"
"chr3","125452102","125452395","KN296594v1","771116","771408","27","124680986"
"chr3","125463285","125463581","KN294539v1","1287945","1288241","37","124175340"
"chr3","125482633","125482923","KN296594v1","800280","800570","21","124682353"
"chr3","125501674","125501967","KN296594v1","821373","821680","36","124680301"
"chr3","125586489","125586777","KN296594v1","900228","900513","28","124686261"
"chr3","125624354","125624666","KN296594v1","933169","933476","33","124691185"
"chr3","125667850","125668169","KN296096v1","2503433","2503749","56","123164417"
"chr3","125671721","125672021","KN296594v1","985415","985719","25","124686306"
"chr3","125695903","125696205","KN295923v1","733115","733420","34","124962788"
"chr3","125696380","125696633","KN296594v1","1014103","1014353","40","124682277"
"chr3","125701168","125701475","KN296311v1","3194235","3194543","46","122506933"
"chr3","125724283","125724596","KN297023v1","480259","480560","38","125244024"
"chr3","125749539","125749842","KN295523v1","4041378","4041676","48","121708161"
"chr3","125799500","125799741","KN295405v1","757351","757593","69","125042149"
"chr3","125801414","125801711","KN295459v1","673095","673397","38","125128319"
"chr3","125809050","125809352","KN296594v1","1117256","1117540","41","124691794"
"chr3","125824575","125824753","KN296594v1","1133307","1133476","27","124691268"
"chr3","125832475","125832785","KN296594v1","1141175","1141477","34","124691300"
"chr3","125851757","125852051","KN296594v1","1159753","1160041","24","124692004"
"chr3","125856644","125856918","KN296187v1","2254802","2255074","43","123601842"
"chr3","125872973","125873278","KN295096v1","100842","101151","44","125772131"
"chr3","125880955","125881261","KN295533v1","1966828","1967135","35","123914127"
"chr3","125882763","125883071","KN297141v1","725363","725672","43","125157400"
"chr3","125895173","125895472","KN294705v1","430220","430521","36","125464953"
"chr3","125916925","125917188","KN294650v1","27651","27917","29","125889274"
"chr3","125967330","125967614","KN296871v1","14175","14456","27","125953155"
"chr3","125974482","125974790","KN296871v1","21607","21917","24","125952875"
"chr3","125977616","125977923","KN296871v1","24754","25062","23","125952862"
"chr3","125990094","125990409","KN296195v1","2334","2655","32","125987760"
"chr3","126007763","126008066","KN297158v1","212439","212742","37","125795324"
"chr3","126009926","126010232","KN296195v1","20551","20860","23","125989375"
"chr3","126014670","126014970","KN296188v1","339026","339326","31","125675644"
"chr3","126104359","126104663","KN296649v1","67356","67657","35","126037003"
"chr3","126148860","126149162","KN296649v1","104397","104694","36","126044463"
"chr3","126193418","126193724","KN296649v1","148985","149291","27","126044433"
"chr3","126234831","126235134","KN296649v1","190235","190527","38","126044596"
"chr3","126280736","126281046","KN296588v1","289027","289334","40","125991709"
"chr3","126285253","126285525","KN296649v1","238136","238402","27","126047117"
"chr3","126315741","126316037","KN294526v1","334958","335253","31","125980783"
"chr3","126318457","126318730","KN297242v1","2046546","2046825","43","124271911"
"chr3","126400044","126400351","KN295637v1","795675","795978","39","125604369"
"chr3","126452219","126452524","KN294964v1","820008","820313","32","125632211"
"chr3","126495836","126496149","KN296096v1","2349554","2349864","41","124146282"
"chr3","126548824","126549131","KN296096v1","80587","80891","40","126468237"
"chr3","126550043","126550332","KN296649v1","502099","502397","24","126047944"
"chr3","126555506","126555793","KN294920v1","183935","184233","43","126371571"
"chr3","126557047","126557338","KN296649v1","507560","507871","48","126049487"
"chr3","126583149","126583460","KN296481v1","316933","317241","41","126266216"
"chr3","126589527","126589827","KN296153v1","2873301","2873603","39","123716226"
"chr3","126593718","126594031","KN296649v1","544353","544653","38","126049365"
"chr3","126599021","126599320","KN296649v1","549637","549922","38","126049384"
"chr3","126606578","126606903","KN297112v1","6095423","6095748","42","120511155"
"chr3","126651012","126651303","KN294520v1","1707344","1707630","36","124943668"
"chr3","126660222","126660551","KN296649v1","610018","610339","40","126050204"
"chr3","126714258","126714575","KN296290v1","1950076","1950376","48","124764182"
"chr3","126715879","126716189","KN296649v1","669703","669999","34","126046176"
"chr3","126763000","126763328","KN294475v1","330843","331158","54","126432157"
"chr3","126792357","126792641","KN297044v1","67196","67485","47","126725161"
"chr3","126807593","126807894","KN294603v1","111945","112247","39","126695648"
"chr3","126852215","126852510","KN295439v1","83349","83650","34","126768866"
"chr3","126865739","126866037","KN294407v1","3027269","3027567","38","123838470"
"chr3","126869961","126870253","KN294806v1","274529","274819","46","126595432"
"chr3","126872952","126873256","KN295096v1","2965990","2966278","48","123906962"
"chr3","126909638","126909930","KN295893v1","4652018","4652311","35","122257620"
"chr3","126931747","126932047","KN295601v1","3238589","3238887","38","123693158"
"chr3","126952877","126953186","KN297153v1","413913","414219","42","126538964"
"chr3","126963511","126963802","KN295729v1","826689","826980","35","126136822"
"chr3","127010037","127010335","KN296311v1","6224551","6224846","33","120785486"
"chr3","127087255","127087538","KN296406v1","549452","549731","45","126537803"
"chr3","127149952","127150265","KN294387v1","2556874","2557184","43","124593078"
"chr3","127211305","127211604","KN294592v1","1280151","1280446","43","125931154"
"chr3","127218951","127219256","KN296520v1","474691","474989","35","126744260"
"chr3","127282741","127283044","KN294187v1","783464","783769","37","126499277"
"chr3","127302778","127303104","KN294434v1","711034","711345","63","126591744"
"chr3","127332169","127332460","KN294536v1","1623693","1623986","39","125708476"
"chr3","127339527","127339838","KN295405v1","1404748","1405060","43","125934779"
"chr3","127596098","127596405","KN294790v1","163386","163690","39","127432712"
"chr3","127647053","127647349","KN295757v1","38021","38317","41","127609032"
"chr3","127674969","127675264","KN294181v1","145618","145914","31","127529351"
"chr3","127697441","127697735","KN294193v1","425211","425504","40","127272230"
"chr3","127704334","127704491","KN297404v1","166788","166945","20","127537546"
"chr3","127760068","127760358","KN294599v1","1100540","1100831","33","126659528"
"chr3","127801365","127801646","KN294167v1","511430","511711","36","127289935"
"chr3","127822237","127822528","KN297274v1","334590","334883","45","127487647"
"chr3","127840556","127840856","KN294407v1","975151","975446","46","126865405"
"chr3","127845076","127845383","KN294470v1","959975","960280","38","126885101"
"chr3","127903068","127903363","KN297046v1","2709771","2710070","45","125193297"
"chr3","127952243","127952533","KN296595v1","42365","42662","37","127909878"
"chr3","128077775","128078052","KN295459v1","1182376","1182658","42","126895399"
"chr3","128115595","128115905","KN296635v1","3876048","3876352","35","124239547"
"chr3","128123746","128124041","KN294193v1","425211","425504","33","127698535"
"chr3","128189625","128189924","KN297245v1","1416081","1416379","36","126773544"
"chr3","128201402","128201715","KN294269v1","1356784","1357094","38","126844618"
"chr3","128202124","128202419","KN294837v1","236309","236605","31","127965815"
"chr3","128205363","128205651","KN296040v1","275719","276000","43","127929644"
"chr3","128251132","128251422","KN295361v1","824524","824814","31","127426608"
"chr3","128253504","128253795","KN296435v1","2744592","2744883","33","125508912"
"chr3","128255624","128255933","KN294407v1","2157068","2157379","36","126098556"
"chr3","128328720","128329016","KN297442v1","2787194","2787487","33","125541526"
"chr3","128339132","128339359","KN295405v1","757351","757593","50","127581781"
"chr3","128341824","128342092","KN294172v1","1540690","1540957","47","126801134"
"chr3","128344363","128344660","KN296682v1","1930392","1930690","47","126413971"
"chr3","128358279","128358588","KN294499v1","799663","799970","43","127558616"
"chr3","128364957","128365262","KN297112v1","5010886","5011188","32","123354071"
"chr3","128399508","128399790","KN295474v1","491754","492032","40","127907754"
"chr3","128430500","128430811","KN296484v1","351750","352061","37","128078750"
"chr3","128434301","128434567","KN294172v1","1540690","1540957","26","126893611"
"chr3","128493512","128493788","KN296062v1","1867223","1867490","53","126626289"
"chr3","128515165","128515407","KN295835v1","199186","199432","37","128315979"
"chr3","128533741","128534052","KN296430v1","96066","96377","40","128437675"
"chr3","128612054","128612361","KN294705v1","186396","186702","41","128425658"
"chr3","128625403","128625682","KN295439v1","110494","110783","44","128514909"
"chr3","128626412","128626662","KN297154v1","1616670","1616919","35","127009742"
"chr3","128666495","128666803","KN294705v1","623696","624002","36","128042799"
"chr3","128710079","128710383","KN296349v1","2956","3254","40","128707123"
"chr3","128711899","128712201","KN296649v1","502099","502397","36","128209800"
"chr3","128735598","128735902","KN296913v1","1003362","1003653","47","127732236"
"chr3","128768312","128768617","KN297154v1","1039874","1040175","45","127728438"
"chr3","128791892","128792186","KN294210v1","1472464","1472760","33","127319428"
"chr3","128797694","128797969","KN296577v1","302331","302604","43","128495363"
"chr3","128798666","128798978","KN296357v1","431311","431620","40","128367355"
"chr3","128830517","128830813","KN294378v1","1174635","1174937","41","127655882"
"chr3","128847962","128848268","KN295731v1","5418","5724","38","128842544"
"chr3","128853140","128853458","KN295962v1","1884512","1884811","55","126968628"
"chr3","128868974","128869266","KN294521v1","291610","291903","42","128577364"
"chr3","128869441","128869755","KN294705v1","623696","624002","44","128245745"
"chr3","128870486","128870801","KN294957v1","62097","62408","33","128808389"
"chr3","128884941","128885236","KN294571v1","457321","457617","33","128427620"
"chr3","128894411","128894674","KN295474v1","1438594","1438859","36","127455817"
"chr3","128897772","128898080","KN294378v1","1504358","1504668","45","127393414"
"chr3","128916792","128917099","KN294199v1","68751","69060","52","128848041"
"chr3","128919354","128919656","KN295607v1","4377455","4377758","26","124541899"
"chr3","128931259","128931545","KN294147v1","1191891","1192182","44","127739368"
"chr3","128949953","128950264","KN295301v1","761923","762233","38","128188030"
"chr3","128959142","128959309","KN295350v1","130882","131053","37","128828260"
"chr3","128964558","128964876","KN294964v1","2029983","2030291","45","126934575"
"chr3","128977742","128978039","KN297026v1","1665759","1666054","31","127311983"
"chr3","128979177","128979464","KN295371v1","448057","448341","34","128531120"
"chr3","128990764","128991074","KN294172v1","1521503","1521812","41","127469261"
"chr3","128994442","128994712","KN294946v1","220472","220746","44","128773970"
"chr3","129001796","129002099","KN297327v1","811573","811871","49","128190223"
"chr3","129017294","129017600","KN294964v1","820008","820313","36","128197286"
"chr3","129037545","129037837","KN294917v1","405138","405434","38","128632407"
"chr3","129038007","129038319","KN294705v1","430220","430521","42","128607787"
"chr3","129041909","129042214","KN295586v1","1244707","1245017","40","127797202"
"chr3","129043351","129043555","KN296726v1","327878","328085","34","128715473"
"chr3","129065012","129065324","KN295195v1","489072","489381","46","128575940"
"chr3","129069694","129069973","KN294705v1","1154714","1154988","50","127914980"
"chr3","129070872","129071191","KN295449v1","1209254","1209578","58","127861618"
"chr3","129078016","129078309","KN296290v1","436882","437182","44","128641134"
"chr3","129100255","129100474","KN296426v1","64367","64561","60","129035888"
"chr3","129121443","129121663","KN295977v1","1276894","1277103","63","127844549"
"chr3","129143676","129143896","KN295977v1","1276894","1277103","63","127866782"
"chr3","129161358","129161666","KN294172v1","2552899","2553211","41","126608459"
"chr3","129170819","129171122","KN294470v1","2136945","2137241","36","127033874"
"chr3","129208833","129209131","KN294172v1","5828976","5829275","39","123379857"
"chr3","129228738","129229035","KN294539v1","1287945","1288241","40","127940793"
"chr3","129233611","129233907","KN295708v1","2506254","2506554","45","126727357"
"chr3","129243674","129243974","KN294470v1","2878982","2879283","45","126364692"
"chr3","129244800","129245105","KN295075v1","664562","664870","38","128580238"
"chr3","129249825","129250135","KN295607v1","4361636","4361944","44","124888189"
"chr3","129276323","129276632","KN297159v1","1746938","1747242","49","127529385"
"chr3","129285351","129285647","KN297095v1","584794","585091","34","128700557"
"chr3","129297401","129297688","KN297197v1","3247367","3247641","51","126050034"
"chr3","129297980","129298296","KN295102v1","81555","81863","40","129216425"
"chr3","129303234","129303531","KN294407v1","3027269","3027567","39","126275965"
"chr3","129319021","129319316","KN297320v1","271981","272275","29","129047040"
"chr3","129323656","129323938","KN294501v1","173182","173470","49","129150474"
"chr3","129325897","129326184","KN296964v1","1697132","1697416","46","127628765"
"chr3","129433787","129434098","KN295962v1","2329043","2329352","32","127104744"
"chr3","129442273","129442572","KN295596v1","141388","141684","32","129300885"
"chr3","129510492","129510791","KN294571v1","1575904","1576204","32","127934588"
"chr3","129661493","129661804","KN295154v1","52907","53218","34","129608586"
"chr3","129769999","129770308","KN295814v1","1589520","1589831","38","128180479"
"chr3","129790480","129790771","KN295729v1","826689","826980","36","128963791"
"chr3","129946468","129946770","KN296453v1","1991588","1991889","35","127954880"
"chr3","130047630","130047905","KN294377v1","763285","763564","51","129284345"
"chr3","130128157","130128467","KN296357v1","431311","431620","38","129696846"
"chr3","130273397","130273731","KN296119v1","2008814","2009148","61","128264583"
"chr3","130310292","130310584","KN296948v1","1329163","1329455","32","128981129"
"chr3","130452132","130452447","KN294407v1","2317315","2317623","41","128134817"
"chr3","130493519","130493810","KN295607v1","4682824","4683115","36","125810695"
"chr3","130520246","130520559","KN294949v1","1160614","1160927","42","129359632"
"chr3","130640371","130640682","KN296907v1","1003477","1003789","40","129636894"
"chr3","130736527","130736789","KN294161v1","894750","895027","47","129841777"
"chr3","130838181","130838481","KN294501v1","4140225","4140518","34","126697956"
"chr3","130886527","130886822","KN295337v1","232498","232794","34","130654029"
"chr3","130915188","130915499","KN297276v1","143691","143993","46","130771497"
"chr3","130993062","130993342","KN296738v1","198257","198532","43","130794805"
"chr3","131032900","131033203","KN297159v1","2899658","2899964","37","128133242"
"chr3","131036497","131036797","KN296158v1","1175251","1175559","38","129861246"
"chr3","131044146","131044436","KN295893v1","2087863","2088151","36","128956283"
"chr3","131046064","131046362","KN296188v1","339026","339326","38","130707038"
"chr3","131050296","131050455","KN295236v1","2986258","2986408","32","128064038"
"chr3","131082358","131082668","KN295045v1","181971","182282","40","130900387"
"chr3","131093006","131093295","KN295708v1","2784035","2784327","34","128308971"
"chr3","131094451","131094774","KN294172v1","1528294","1528622","56","129566157"
"chr3","131095404","131095722","KN296496v1","367784","368097","42","130727620"
"chr3","131141700","131142003","KN294456v1","1098138","1098439","34","130043562"
"chr3","131142409","131142680","KN294172v1","1540690","1540957","31","129601719"
"chr3","131178820","131179134","KN296809v1","763161","763473","38","130415659"
"chr3","131191516","131191813","KN296732v1","3482334","3482632","50","127709182"
"chr3","131217814","131218107","KN295350v1","710666","710958","38","130507148"
"chr3","131224680","131224966","KN294172v1","6434661","6434945","41","124790019"
"chr3","131241612","131241755","KN294693v1","121784","121934","26","131119828"
"chr3","131243688","131243994","KN295610v1","501770","502075","31","130741918"
"chr3","131259940","131260190","KN297154v1","1616670","1616919","43","129643270"
"chr3","131271928","131272219","KN295096v1","2965990","2966278","35","128305938"
"chr3","131277261","131277571","KN295748v1","161587","161896","34","131115674"
"chr3","131297381","131297677","KN294539v1","1287945","1288241","34","130009436"
"chr3","131344430","131344746","KN295825v1","1577949","1578250","48","129766481"
"chr3","131408230","131408508","KN295459v1","1101140","1101421","37","130307090"
"chr3","131417744","131418033","KN295241v1","75672","75962","33","131342072"
"chr3","131423007","131423324","KN296547v1","627587","627905","37","130795420"
"chr3","131431631","131431924","KN297000v1","376296","376586","31","131055335"
"chr3","131449026","131449321","KN296547v1","396597","396892","31","131052429"
"chr3","131531247","131531542","KN294539v1","1287945","1288241","34","130243302"
"chr3","131545186","131545499","KN294466v1","12634","12944","40","131532552"
"chr3","131553853","131554160","KN295854v1","427401","427707","39","131126452"
"chr3","131583155","131583372","KN295977v1","1276894","1277103","50","130306261"
"chr3","131748098","131748328","KN294713v1","1238","1468","15","131746860"
"chr3","131974070","131974283","KN296426v1","64367","64561","76","131909703"
"chr3","132002267","132002561","KN295420v1","195100","195395","46","131807167"
"chr3","132012062","132012355","KN294713v1","271937","272230","24","131740125"
"chr3","132030929","132031249","KN295893v1","2430995","2431307","42","129599934"
"chr3","132044996","132045238","KN295405v1","757351","757593","46","131287645"
"chr3","132053019","132053330","KN294713v1","311532","311847","33","131741487"
"chr3","132055867","132056096","KN297112v1","5976265","5976494","29","126079602"
"chr3","132058327","132058626","KN296496v1","988332","988629","40","131069995"
"chr3","132062644","132062943","KN294964v1","1171001","1171302","34","130891643"
"chr3","132073139","132073443","KN296484v1","351750","352061","35","131721389"
"chr3","132073452","132073762","KN294713v1","325721","326029","25","131747731"
"chr3","132082636","132082934","KN295257v1","4702","5013","53","132077934"
"chr3","132083637","132083941","KN297442v1","1612430","1612738","43","130471207"
"chr3","132089275","132089586","KN295433v1","250702","251008","42","131838573"
"chr3","132095994","132096202","KN295967v1","315516","315723","38","131780478"
"chr3","132112606","132112761","KN295236v1","6126937","6127097","27","125985669"
"chr3","132113294","132113585","KN294470v1","2400019","2400318","41","129713275"
"chr3","132114299","132114599","KN296311v1","1117474","1117774","33","130996825"
"chr3","132117744","132118053","KN295977v1","526778","527087","42","131590966"
"chr3","132141054","132141359","KN294713v1","392316","392619","28","131748738"
"chr3","132149538","132149840","KN296261v1","471107","471412","39","131678431"
"chr3","132189193","132189489","KN294713v1","436357","436658","20","131752836"
"chr3","132213277","132213571","KN296191v1","921557","921853","38","131291720"
"chr3","132237605","132237905","KN294917v1","405138","405434","35","131832467"
"chr3","132242859","132243169","KN294713v1","482386","482694","38","131760473"
"chr3","132285151","132285448","KN294713v1","528811","529112","28","131756340"
"chr3","132304502","132304761","KN295717v1","1445363","1445625","38","130859139"
"chr3","132339253","132339544","KN294713v1","587247","587535","38","131752006"
"chr3","132357348","132357650","KN294713v1","607294","607593","21","131750054"
"chr3","132362237","132362462","KN294713v1","612192","612418","32","131750045"
"chr3","132370621","132370785","KN295748v1","322907","323070","22","132047714"
"chr3","132392384","132392684","KN294456v1","1098138","1098439","36","131294246"
"chr3","132399155","132399447","KN295102v1","315516","315811","34","132083639"
"chr3","132417365","132417675","KN295814v1","957811","958111","33","131459554"
"chr3","132446842","132447150","KN294713v1","691103","691398","37","131755739"
"chr3","132447248","132447558","KN294713v1","691490","691795","34","131755758"
"chr3","132469550","132469867","KN295825v1","1577949","1578250","48","130891601"
"chr3","132495218","132495518","KN294713v1","732208","732518","36","131763010"
"chr3","132500850","132501146","KN294713v1","741154","741455","28","131759696"
"chr3","132529356","132529640","KN296503v1","384696","384982","38","132144660"
"chr3","132535606","132535905","KN296406v1","327419","327719","33","132208187"
"chr3","132563806","132564099","KN297245v1","1416081","1416379","35","131147725"
"chr3","132571867","132572152","KN294976v1","778332","778621","45","131793535"
"chr3","132578925","132579172","KN296036v1","300943","301205","45","132277982"
"chr3","132585249","132585412","KN295315v1","627883","628047","27","131957366"
"chr3","132586019","132586175","KN295018v1","1","150","29","132586018"
"chr3","132586786","132587070","KN294713v1","833672","833963","32","131753114"
"chr3","132587459","132587740","KN294713v1","834307","834593","43","131753152"
"chr3","132589370","132589622","KN294713v1","836167","836415","29","131753203"
"chr3","132607773","132608036","KN294713v1","853086","853352","27","131754687"
"chr3","132609402","132609652","KN296096v1","802153","802402","51","131807249"
"chr3","132611438","132611760","KN294713v1","856946","857243","54","131754492"
"chr3","132620732","132620907","KN296153v1","1178114","1178285","29","131442618"
"chr3","132620908","132621205","KN295236v1","4010958","4011255","37","128609950"
"chr3","132631990","132632296","KN297245v1","1416081","1416379","35","131215909"
"chr3","132633218","132633518","KN294879v1","76546","76849","35","132556672"
"chr3","132642410","132642567","KN294172v1","7074620","7074785","30","125567790"
"chr3","132643322","132643455","KN294229v1","26726","26859","17","132616596"
"chr3","132663549","132663862","KN295607v1","143593","143902","38","132519956"
"chr3","132672921","132673212","KN294713v1","918403","918689","33","131754518"
"chr3","132690486","132690783","KN294713v1","935687","935992","31","131754799"
"chr3","132704094","132704395","KN296119v1","1735099","1735396","35","130968995"
"chr3","132709020","132709326","KN294713v1","953129","953438","29","131755891"
"chr3","132735153","132735454","KN294713v1","979131","979432","25","131756022"
"chr3","132737217","132737538","KN294713v1","981170","981477","35","131756047"
"chr3","132766904","132767217","KN294713v1","1027545","1027860","32","131739359"
"chr3","132825943","132826246","KN294790v1","163386","163690","40","132662557"
"chr3","132872531","132872840","KN294957v1","62097","62408","38","132810434"
"chr3","132876176","132876486","KN294410v1","292751","293054","44","132583425"
"chr3","132892868","132893200","KN296306v1","1908527","1908848","56","130984341"
"chr3","133146748","133147051","KN296305v1","652930","653232","32","132493818"
"chr3","133172380","133172683","KN296495v1","550769","551079","37","132621611"
"chr3","133173849","133174162","KN294251v1","1527189","1527497","41","131646660"
"chr3","133184119","133184391","KN295371v1","448057","448341","40","132736062"
"chr3","133188972","133189113","KN297141v1","137314","137457","25","133051658"
"chr3","133191246","133191534","KN295729v1","826689","826980","25","132364557"
"chr3","133192273","133192578","KN296503v1","58212","58521","43","133134061"
"chr3","133203577","133203875","KN294964v1","673814","674112","39","132529763"
"chr3","133246674","133246976","KN295264v1","62905","63201","55","133183769"
"chr3","133270389","133270684","KN294501v1","173182","173470","40","133097207"
"chr3","133312833","133313118","KN295345v1","1244519","1244803","42","132068314"
"chr3","133315131","133315441","KN295090v1","383890","384198","39","132931241"
"chr3","133325269","133325513","KN294536v1","1440867","1441107","36","131884402"
"chr3","133351365","133351674","KN296303v1","514845","515157","34","132836520"
"chr3","133364806","133365110","KN296311v1","768493","768797","36","132596313"
"chr3","133366859","133367160","KN294181v1","1356541","1356845","40","132010318"
"chr3","133384247","133384550","KN296825v1","1862077","1862371","41","131522170"
"chr3","133405233","133405513","KN295893v1","729257","729542","35","132675976"
"chr3","133453291","133453593","KN296615v1","15935","16233","42","133437356"
"chr3","133468318","133468536","KN296426v1","64367","64561","60","133403951"
"chr3","133518017","133518290","KN296263v1","692420","692689","45","132825597"
"chr3","133525959","133526256","KN295758v1","468479","468777","34","133057480"
"chr3","133530765","133531060","KN294937v1","266","558","40","133530499"
"chr3","133533387","133533690","KN296000v1","1030238","1030539","38","132503149"
"chr3","133538498","133538806","KN296167v1","450049","450355","42","133088449"
"chr3","133541168","133541463","KN294378v1","1174635","1174937","38","132366533"
"chr3","133548080","133548363","KN294470v1","2160791","2161075","32","131387289"
"chr3","133566256","133566551","KN294937v1","266","558","38","133565990"
"chr3","133566843","133567140","KN294172v1","6693401","6693683","50","126873442"
"chr3","133580345","133580632","KN296702v1","1007161","1007454","39","132573184"
"chr3","133626129","133626440","KN295301v1","761923","762233","51","132864206"
"chr3","133633477","133633758","KN296538v1","101344","101622","37","133532133"
"chr3","133644035","133644339","KN296242v1","682715","683022","42","132961320"
"chr3","133648908","133649202","KN294665v1","133847","134138","45","133515061"
"chr3","133667284","133667583","KN294733v1","607498","607793","39","133059786"
"chr3","133687059","133687347","KN296287v1","119329","119630","48","133567730"
"chr3","133730560","133730866","KN294526v1","248315","248626","40","133482245"
"chr3","133743647","133743946","KN295198v1","274974","275272","36","133468673"
"chr3","133752998","133753244","KN294873v1","1274293","1274556","52","132478705"
"chr3","133966833","133967138","KN295366v1","78980","79290","42","133887853"
"chr3","134018572","134018861","KN296588v1","369136","369431","37","133649436"
"chr3","134057765","134057996","KN295236v1","1206578","1206802","36","132851187"
"chr3","134138196","134138412","KN296682v1","3000428","3000645","36","131137768"
"chr3","134188696","134189023","KN294964v1","644730","645054","49","133543966"
"chr3","134219801","134220115","KN294493v1","1927648","1927957","23","132292153"
"chr3","134235980","134236276","KN294516v1","17906","18200","37","134218074"
"chr3","134263843","134264138","KN294493v1","1887618","1887928","38","132376225"
"chr3","134347580","134347881","KN294229v1","341914","342202","60","134005666"
"chr3","134348053","134348357","KN296079v1","587166","587474","41","133760887"
"chr3","134378846","134379145","KN296371v1","42169","42466","39","134336677"
"chr3","134384818","134385128","KN294493v1","1777344","1777652","33","132607474"
"chr3","134388112","134388312","KN294456v1","895531","895730","44","133492581"
"chr3","134407622","134407922","KN294493v1","1753054","1753363","25","132654568"
"chr3","134449697","134449980","KN297190v1","1120539","1120821","31","133329158"
"chr3","134476581","134476889","KN294493v1","1683589","1683881","37","132792992"
"chr3","134596627","134596913","KN294493v1","1577561","1577847","25","133019066"
"chr3","134728473","134728772","KN294493v1","1445352","1445664","35","133283121"
"chr3","134821257","134821549","KN297190v1","726166","726449","58","134095091"
"chr3","134838319","134838621","KN294536v1","952814","953112","36","133885505"
"chr3","134925186","134925486","KN294493v1","1284647","1284933","37","133640539"
"chr3","135005365","135005672","KN294634v1","146608","146916","29","134858757"
"chr3","135015097","135015410","KN296157v1","885718","886029","42","134129379"
"chr3","135018034","135018344","KN294493v1","1191958","1192260","38","133826076"
"chr3","135022429","135022727","KN296921v1","2918407","2918707","30","132104022"
"chr3","135092228","135092525","KN294539v1","1287945","1288241","28","133804283"
"chr3","135197790","135198072","KN295832v1","217196","217478","44","134980594"
"chr3","135217386","135217607","KN294172v1","1513731","1513941","32","133703655"
"chr3","135339518","135339820","KN294493v1","863833","864131","27","134475685"
"chr3","135431812","135432062","KN294493v1","774032","774274","35","134657780"
"chr3","135507600","135507905","KN294493v1","696044","696351","16","134811556"
"chr3","135592329","135592625","KN294493v1","618933","619224","26","134973396"
"chr3","135651393","135651686","KN294407v1","3027269","3027567","36","132624124"
"chr3","135789998","135790296","KN294493v1","434509","434810","29","135355489"
"chr3","135814767","135815065","KN296785v1","16268","16570","39","135798499"
"chr3","135826936","135827202","KN296062v1","1587433","1587704","40","134239503"
"chr3","135867206","135867519","KN296682v1","4969389","4969694","46","130897817"
"chr3","135934013","135934332","KN296921v1","2688099","2688416","45","133245914"
"chr3","135944976","135945260","KN294493v1","296674","296961","25","135648302"
"chr3","136054248","136054557","KN297406v1","5461","5773","36","136048787"
"chr3","136056281","136056578","KN295343v1","729289","729587","32","135326992"
"chr3","136114790","136115094","KN296247v1","901747","902047","41","135213043"
"chr3","136157787","136158089","KN295405v1","222495","222796","37","135935292"
"chr3","136179907","136180217","KN294493v1","70687","70990","25","136109220"
"chr3","136222557","136222742","KN296036v1","766932","767116","25","135455625"
"chr3","136250959","136251260","KN295540v1","4926","5238","25","136246033"
"chr3","136288700","136288905","KN296063v1","421279","421489","24","135867421"
"chr3","136312710","136313021","KN295257v1","4702","5013","41","136308008"
"chr3","136628263","136628572","KN296167v1","450049","450355","48","136178214"
"chr3","136689316","136689593","KN295319v1","278051","278328","42","136411265"
"chr3","136895411","136895714","KN294172v1","883944","884246","39","136011467"
"chr3","136912001","136912305","KN294199v1","636506","636815","41","136275495"
"chr3","136967677","136967974","KN294842v1","1466394","1466697","41","135501283"
"chr3","136995764","136996070","KN295586v1","34047","34353","38","136961717"
"chr3","137028249","137028571","KN295459v1","1030536","1030859","41","135997713"
"chr3","137033647","137033930","KN295735v1","830036","830317","32","136203611"
"chr3","137041525","137041832","KN295345v1","1051618","1051926","35","135989907"
"chr3","137067770","137068056","KN294269v1","1190734","1191020","36","135877036"
"chr3","137094725","137095026","KN295091v1","2692987","2693285","34","134401738"
"chr3","137100368","137100678","KN295962v1","2329043","2329352","43","134771325"
"chr3","137103114","137103412","KN297023v1","480259","480560","31","136622855"
"chr3","137129971","137130269","KN296495v1","3286172","3286471","39","133843799"
"chr3","137141125","137141431","KN296138v1","98488","98788","39","137042637"
"chr3","137164698","137164998","KN295573v1","316385","316688","48","136848313"
"chr3","137167944","137168258","KN295487v1","52973","53281","42","137114971"
"chr3","137178760","137179063","KN296442v1","417977","418281","39","136760783"
"chr3","137184768","137185068","KN297023v1","480259","480560","37","136704509"
"chr3","137225948","137226257","KN295922v1","130002","130315","34","137095946"
"chr3","137313281","137313583","KN295962v1","1702439","1702740","37","135610842"
"chr3","137314269","137314564","KN296009v1","1147876","1148169","30","136166393"
"chr3","137319702","137320009","KN297320v1","1223277","1223582","40","136096425"
"chr3","137351391","137351695","KN295257v1","1225806","1226107","35","136125585"
"chr3","137414711","137415023","KN296167v1","450049","450355","40","136964662"
"chr3","137428498","137428793","KN294499v1","1117273","1117575","42","136311225"
"chr3","137445731","137446026","KN296153v1","1090111","1090408","35","136355620"
"chr3","137447745","137448053","KN295112v1","477640","477949","33","136970105"
"chr3","137497364","137497675","KN296153v1","1336190","1336496","40","136161174"
"chr3","137539937","137540263","KN295825v1","3611996","3612338","41","133927941"
"chr3","137542396","137542708","KN296484v1","351750","352061","39","137190646"
"chr3","137550617","137550906","KN295825v1","3603247","3603534","24","133947370"
"chr3","137579655","137579969","KN294535v1","120708","121012","45","137458947"
"chr3","137600533","137600837","KN294911v1","2389002","2389309","35","135211531"
"chr3","137624924","137625188","KN295735v1","695987","696249","35","136928937"
"chr3","137710890","137711156","KN296075v1","244693","244958","35","137466197"
"chr3","137723221","137723521","KN295719v1","189138","189434","40","137534083"
"chr3","137738358","137738631","KN295825v1","3419037","3419308","23","134319321"
"chr3","137759581","137759904","KN294957v1","62097","62408","49","137697484"
"chr3","137771064","137771367","KN297154v1","1039874","1040175","33","136731190"
"chr3","137773192","137773497","KN295825v1","3384660","3384967","18","134388532"
"chr3","137777285","137777580","KN295825v1","3382272","3382557","32","134395013"
"chr3","137803097","137803397","KN296145v1","770354","770651","34","137032743"
"chr3","137888411","137888714","KN295825v1","3270051","3270357","39","134618360"
"chr3","137890301","137890606","KN295825v1","3267973","3268281","32","134622328"
"chr3","137910182","137910467","KN295692v1","3066866","3067153","42","134843316"
"chr3","137972269","137972562","KN294367v1","2898","3196","36","137969371"
"chr3","137985518","137985840","KN295825v1","3168701","3169018","30","134816817"
"chr3","138092077","138092368","KN295825v1","3057611","3057911","27","135034466"
"chr3","138147228","138147523","KN295666v1","163031","163330","32","137984197"
"chr3","138202707","138203012","KN296153v1","1336190","1336496","25","136866517"
"chr3","138870888","138871192","KN296749v1","209142","209447","37","138661746"
"chr3","138911756","138912059","KN294407v1","3027269","3027567","38","135884487"
"chr3","138913518","138913831","KN295825v1","2279250","2279565","25","136634268"
"chr3","138918221","138918503","KN295825v1","2275097","2275379","21","136643124"
"chr3","139106538","139106841","KN296847v1","376638","376939","38","138729900"
"chr3","139123496","139123776","KN294457v1","205085","205362","48","138918411"
"chr3","139158874","139159168","KN294893v1","78835","79128","39","139080039"
"chr3","139311547","139311841","KN295825v1","1910141","1910435","21","137401406"
"chr3","139340945","139341215","KN295825v1","1881327","1881603","17","137459618"
"chr3","139359692","139359997","KN295825v1","1869166","1869478","33","137490526"
"chr3","139390173","139390478","KN295825v1","1838156","1838473","34","137552017"
"chr3","139433694","139433993","KN295962v1","312084","312350","75","139121610"
"chr3","139488722","139489039","KN295825v1","1747397","1747708","36","137741325"
"chr3","139567047","139567340","KN295825v1","1659929","1660227","17","137907118"
"chr3","139628085","139628388","KN295825v1","1595836","1596133","40","138032249"
"chr3","139630042","139630342","KN295825v1","1593890","1594183","29","138036152"
"chr3","139684917","139685216","KN294456v1","1098138","1098439","47","138586779"
"chr3","139690730","139690946","KN294269v1","563337","563552","38","139127393"
"chr3","139693789","139694079","KN296732v1","3482334","3482632","37","136211455"
"chr3","139697477","139697743","KN295825v1","1520897","1521163","24","138176580"
"chr3","139706255","139706555","KN295405v1","222495","222796","39","139483760"
"chr3","139707494","139707800","KN296357v1","507108","507414","38","139200386"
"chr3","139709374","139709701","KN294790v1","5868297","5868622","47","133841077"
"chr3","139711604","139711911","KN294218v1","2833833","2834132","37","136877771"
"chr3","139714965","139715270","KN295825v1","1505084","1505385","24","138209881"
"chr3","139719710","139719991","KN295825v1","1500343","1500617","26","138219367"
"chr3","139726215","139726511","KN296750v1","659202","659498","44","139067013"
"chr3","139731294","139731615","KN294957v1","62097","62408","50","139669197"
"chr3","139742152","139742445","KN295894v1","871932","872232","39","138870220"
"chr3","139761363","139761674","KN295825v1","1462422","1462730","25","138298941"
"chr3","139843457","139843765","KN295825v1","1374626","1374929","29","138468831"
"chr3","139852855","139853160","KN295825v1","1366142","1366428","36","138486713"
"chr3","139862322","139862603","KN295825v1","1356244","1356525","18","138506078"
"chr3","139868520","139868808","KN294407v1","637394","637683","33","139231126"
"chr3","139872230","139872520","KN295729v1","826689","826980","34","139045541"
"chr3","139872715","139872989","KN294685v1","215434","215711","46","139657281"
"chr3","139874719","139875028","KN295315v1","1178596","1178904","35","138696123"
"chr3","139903473","139903757","KN295962v1","122615","122904","38","139780858"
"chr3","139908903","139909218","KN295825v1","1311650","1311963","31","138597253"
"chr3","139921485","139921661","KN294548v1","1253956","1254133","38","138667529"
"chr3","139922781","139923068","KN295825v1","1297984","1298277","40","138624797"
"chr3","139939047","139939342","KN295825v1","1282481","1282776","19","138656566"
"chr3","139945939","139946239","KN294991v1","293673","293971","40","139652266"
"chr3","139950935","139951250","KN294598v1","342532","342842","48","139608403"
"chr3","139969734","139970043","KN295825v1","1248882","1249179","31","138720852"
"chr3","139975134","139975440","KN295825v1","1243551","1243857","22","138731583"
"chr3","139980168","139980467","KN295825v1","1237731","1238029","23","138742437"
"chr3","139981481","139981729","KN296122v1","45358","45619","34","139936123"
"chr3","139982789","139983068","KN295825v1","1235081","1235365","33","138747708"
"chr3","139986847","139987150","KN295825v1","1231056","1231357","37","138755791"
"chr3","139993941","139994238","KN295825v1","1223450","1223745","35","138770491"
"chr3","140003868","140004170","KN295825v1","1216204","1216495","30","138787664"
"chr3","140033302","140033580","KN296158v1","512983","513270","50","139520319"
"chr3","140081558","140081862","KN295825v1","1140381","1140685","43","138941177"
"chr3","140128813","140129103","KN294470v1","2136945","2137241","48","137991868"
"chr3","140130357","140130651","KN294470v1","2540799","2541095","49","137589558"
"chr3","140145936","140146232","KN296062v1","1409584","1409882","44","138736352"
"chr3","140157346","140157649","KN295045v1","451861","452165","40","139705485"
"chr3","140157782","140158098","KN295825v1","1052253","1052557","42","139105529"
"chr3","140164247","140164542","KN296153v1","1115266","1115561","29","139048981"
"chr3","140164545","140164843","KN295825v1","1043105","1043401","36","139121440"
"chr3","140186436","140186742","KN296225v1","608926","609229","37","139577510"
"chr3","140187066","140187365","KN294705v1","867156","867449","43","139319910"
"chr3","140190782","140191091","KN295825v1","1018813","1019119","31","139171969"
"chr3","140207083","140207366","KN295825v1","1002512","1002775","41","139204571"
"chr3","140212655","140212948","KN295586v1","1834408","1834703","39","138378247"
"chr3","140216950","140217247","KN295825v1","994195","994486","30","139222755"
"chr3","140217261","140217555","KN296486v1","1726381","1726674","38","138490880"
"chr3","140227266","140227537","KN296290v1","736540","736807","37","139490726"
"chr3","140229225","140229518","KN294229v1","110402","110697","41","140118823"
"chr3","140238972","140239279","KN296093v1","218036","218338","46","140020936"
"chr3","140241707","140242019","KN295526v1","182934","183242","48","140058773"
"chr3","140244176","140244472","KN295825v1","969276","969576","30","139274900"
"chr3","140245959","140246201","KN294262v1","1067417","1067656","40","139178542"
"chr3","140282688","140282971","KN294407v1","2563292","2563571","42","137719396"
"chr3","140293764","140294077","KN294711v1","1280165","1280476","44","139013599"
"chr3","140298606","140298912","KN295825v1","918892","919198","22","139379714"
"chr3","140300595","140300787","KN297442v1","1659397","1659581","33","138641198"
"chr3","140306073","140306368","KN295825v1","908955","909250","18","139397118"
"chr3","140310445","140310745","KN295825v1","904867","905155","42","139405578"
"chr3","140321593","140321890","KN295623v1","251278","251566","45","140070315"
"chr3","140325818","140326121","KN295825v1","888474","888776","30","139437344"
"chr3","140331230","140331502","KN295825v1","882835","883115","30","139448395"
"chr3","140335369","140335663","KN295825v1","878161","878467","30","139457208"
"chr3","140337582","140337885","KN295825v1","875942","876247","21","139461640"
"chr3","140370033","140370352","KN295825v1","841446","841753","34","139528587"
"chr3","140375274","140375576","KN296926v1","326521","326825","34","140048753"
"chr3","140391011","140391307","KN295825v1","820740","821034","23","139570271"
"chr3","140396863","140397174","KN295637v1","795675","795978","42","139601188"
"chr3","140401323","140401622","KN295825v1","806654","806952","21","139594669"
"chr3","140407978","140408275","KN295825v1","799622","799928","30","139608356"
"chr3","140421788","140421944","KN296743v1","1950123","1950289","34","138471665"
"chr3","140428560","140428880","KN297112v1","2760194","2760501","57","137668366"
"chr3","140455382","140455685","KN295825v1","749641","749939","33","139705741"
"chr3","140457836","140458137","KN296187v1","2245612","2245911","36","138212224"
"chr3","140464097","140464388","KN295825v1","740950","741242","20","139723147"
"chr3","140508855","140509160","KN295301v1","716124","716425","32","139792731"
"chr3","140532235","140532540","KN295735v1","408713","409014","33","140123522"
"chr3","140532856","140533159","KN295430v1","1217885","1218183","32","139314971"
"chr3","140533287","140533583","KN295825v1","669747","670037","25","139863540"
"chr3","140541490","140541800","KN295825v1","663952","664262","24","139877538"
"chr3","140565281","140565475","KN296726v1","73426","73612","31","140491855"
"chr3","140575470","140575772","KN295825v1","626370","626681","39","139949100"
"chr3","140616399","140616687","KN295825v1","587068","587363","32","140029331"
"chr3","140679722","140680034","KN295825v1","526886","527192","32","140152836"
"chr3","140904687","140904973","KN294911v1","1390696","1390976","52","139513991"
"chr3","140968199","140968487","KN295825v1","237107","237411","36","140731092"
"chr3","141011903","141012193","KN295107v1","300735","301027","38","140711168"
"chr3","141324626","141324920","KN295480v1","1302107","1302401","32","140022519"
"chr3","141451573","141451850","KN295092v1","228370","228643","39","141223203"
"chr3","141534739","141535036","KN294539v1","1287945","1288241","34","140246794"
"chr3","141602782","141603054","KN295497v1","408054","408328","13","141194728"
"chr3","141607418","141607718","KN296557v1","13515","13811","37","141593903"
"chr3","141649425","141649720","KN296928v1","78552","78846","35","141570873"
"chr3","141655577","141655882","KN294281v1","1320918","1321218","37","140334659"
"chr3","141671660","141671951","KN294874v1","309420","309712","41","141362240"
"chr3","141682699","141682997","KN295497v1","490257","490556","36","141192442"
"chr3","141718701","141718842","KN295708v1","1589585","1589715","38","140129116"
"chr3","141729232","141729508","KN295497v1","537321","537598","16","141191911"
"chr3","141755373","141755597","KN295497v1","563503","563736","23","141191870"
"chr3","141796885","141797191","KN294705v1","623696","624002","35","141173189"
"chr3","141828260","141828570","KN295497v1","639008","639320","37","141189252"
"chr3","141841452","141841753","KN295497v1","652253","652565","32","141189199"
"chr3","141943228","141943523","KN297245v1","1416081","1416379","39","140527147"
"chr3","141948158","141948465","KN295497v1","767501","767808","29","141180657"
"chr3","142011384","142011674","KN295497v1","836110","836403","20","141175274"
"chr3","142062563","142062877","KN295667v1","1695804","1696115","39","140366759"
"chr3","142071395","142071698","KN296762v1","309784","310094","44","141761611"
"chr3","142139226","142139524","KN295708v1","2506254","2506554","40","139632972"
"chr3","142142621","142142914","KN296117v1","72791","73080","21","142069830"
"chr3","142169994","142170291","KN296117v1","98790","99103","33","142071204"
"chr3","142190317","142190632","KN296117v1","121097","121401","33","142069220"
"chr3","142192463","142192768","KN296117v1","123545","123852","30","142068918"
"chr3","142211098","142211390","KN295366v1","124181","124471","32","142086917"
"chr3","142234866","142235162","KN296117v1","167473","167767","24","142067393"
"chr3","142251303","142251598","KN296620v1","989183","989477","37","141262120"
"chr3","142263798","142264095","KN296117v1","197816","198109","26","142065982"
"chr3","142266366","142266659","KN294937v1","266","558","34","142266100"
"chr3","142282679","142282987","KN296117v1","220781","221087","26","142061898"
"chr3","142292764","142293043","KN296117v1","230784","231066","22","142061980"
"chr3","142293097","142293382","KN296117v1","231120","231401","35","142061977"
"chr3","142301413","142301712","KN296117v1","239363","239660","27","142062050"
"chr3","142307564","142307729","KN297154v1","189572","189735","21","142117992"
"chr3","142314066","142314368","KN294790v1","163386","163690","33","142150680"
"chr3","142321365","142321669","KN296117v1","261092","261415","36","142060273"
"chr3","142334332","142334625","KN296117v1","273508","273800","21","142060824"
"chr3","142341630","142341935","KN296117v1","280964","281268","38","142060666"
"chr3","142353583","142353886","KN297245v1","1416081","1416379","41","140937502"
"chr3","142357008","142357164","KN294592v1","109015","109167","24","142247993"
"chr3","142357899","142358189","KN296117v1","295886","296176","35","142062013"
"chr3","142359389","142359686","KN296117v1","297615","297919","31","142061774"
"chr3","142359934","142360219","KN296117v1","298157","298453","35","142061777"
"chr3","142364993","142365290","KN296096v1","3249789","3250078","60","139115204"
"chr3","142373982","142374267","KN296158v1","1645816","1646099","42","140728166"
"chr3","142374541","142374824","KN294451v1","1423725","1424007","41","140950816"
"chr3","142375391","142375636","KN294591v1","471968","472225","47","141903423"
"chr3","142379016","142379313","KN296117v1","321684","321986","25","142057332"
"chr3","142384737","142385015","KN294302v1","756229","756509","36","141628508"
"chr3","142404480","142404789","KN296731v1","1167793","1168104","40","141236687"
"chr3","142415972","142416250","KN295441v1","1451222","1451500","31","140964750"
"chr3","142417268","142417574","KN296201v1","1185597","1185899","44","141231671"
"chr3","142417875","142418146","KN295441v1","1451222","1451500","37","140966653"
"chr3","142426511","142426807","KN296117v1","363518","363819","29","142062993"
"chr3","142434747","142435045","KN296117v1","372471","372768","27","142062276"
"chr3","142447639","142447944","KN294879v1","76546","76849","35","142371093"
"chr3","142458041","142458350","KN295610v1","685560","685865","45","141772481"
"chr3","142483364","142483540","KN294991v1","236473","236645","25","142246891"
"chr3","142537476","142537776","KN296117v1","475705","475996","27","142061771"
"chr3","142582449","142582751","KN295607v1","4377455","4377758","36","138204994"
"chr3","142587518","142587809","KN297154v1","1109277","1109566","40","141478241"
"chr3","142650184","142650387","KN297154v1","82804","83028","56","142567380"
"chr3","142662462","142662769","KN296117v1","603254","603561","29","142059208"
"chr3","142696904","142697209","KN296117v1","632686","632985","28","142064218"
"chr3","142871721","142871979","KN294287v1","398978","399246","56","142472743"
"chr3","142895572","142895869","KN296442v1","420929","421232","43","142474643"
"chr3","142916749","142916931","KN295236v1","3402541","3402725","25","139514208"
"chr3","142918587","142918876","KN296117v1","847803","848093","24","142070784"
"chr3","142957249","142957503","KN296538v1","1283628","1283880","42","141673621"
"chr3","142992287","142992573","KN294193v1","425211","425504","38","142567076"
"chr3","143068531","143068818","KN295480v1","1302107","1302401","36","141766424"
"chr3","143111469","143111777","KN297442v1","1612430","1612738","42","141499039"
"chr3","143428200","143428515","KN296503v1","58212","58521","40","143369988"
"chr3","143480884","143481049","KN296406v1","277136","277307","30","143203748"
"chr3","143683695","143683996","KN296133v1","44253","44551","40","143639442"
"chr3","143782335","143782623","KN295059v1","242847","243129","37","143539488"
"chr3","143799577","143799859","KN296743v1","1513427","1513708","34","142286150"
"chr3","144116929","144117241","KN294147v1","1146938","1147244","44","142969991"
"chr3","144137459","144137763","KN294456v1","1143112","1143404","41","142994347"
"chr3","144333851","144334153","KN296496v1","910602","910902","45","143423249"
"chr3","144334266","144334563","KN295607v1","4406348","4406645","37","139927918"
"chr3","144437150","144437439","KN296426v1","52638","52923","36","144384512"
"chr3","144456191","144456499","KN295586v1","1244707","1245017","36","143211484"
"chr3","144464228","144464519","KN295977v1","85955","86248","39","144378273"
"chr3","144539218","144539518","KN294456v1","443399","443700","33","144095819"
"chr3","144588537","144588839","KN296442v1","417977","418281","33","144170560"
"chr3","144722602","144722878","KN295708v1","2842235","2842508","39","141880367"
"chr3","144801490","144801819","KN296661v1","2149774","2150085","56","142651716"
"chr3","144804460","144804777","KN296486v1","643941","644256","49","144160519"
"chr3","144914061","144914325","KN295343v1","293265","293528","54","144620796"
"chr3","144966014","144966303","KN295480v1","1302107","1302401","26","143663907"
"chr3","145007492","145007762","KN294630v1","98716","98984","48","144908776"
"chr3","145020775","145021059","KN297184v1","810837","811124","37","144209938"
"chr3","145129389","145129688","KN295480v1","1302107","1302401","46","143827282"
"chr3","145138954","145139236","KN296138v1","3145","3429","42","145135809"
"chr3","145177784","145178084","KN295893v1","5868753","5869051","32","139309031"
"chr3","145196352","145196652","KN295633v1","323295","323596","27","144873057"
"chr3","145199119","145199423","KN295236v1","1631448","1631759","39","143567671"
"chr3","145200675","145200978","KN296075v1","516154","516455","35","144684521"
"chr3","145215788","145216103","KN296643v1","852402","852709","44","144363386"
"chr3","145220617","145220859","KN297186v1","50383","50628","40","145170234"
"chr3","145260411","145260711","KN297154v1","1039874","1040175","33","144220537"
"chr3","145275904","145276121","KN295523v1","2968476","2968695","34","142307428"
"chr3","145319524","145319822","KN296836v1","739016","739308","51","144580508"
"chr3","145321810","145322076","KN296833v1","94676","94959","46","145227134"
"chr3","145323568","145323867","KN295343v1","729289","729587","34","144594279"
"chr3","145326675","145326935","KN295601v1","1074382","1074645","45","144252293"
"chr3","145326965","145327262","KN295090v1","459711","460001","61","144867254"
"chr3","145332859","145333170","KN295605v1","232110","232423","35","145100749"
"chr3","145337075","145337372","KN295198v1","274974","275272","34","145062101"
"chr3","145338936","145339233","KN296404v1","1150048","1150343","32","144188888"
"chr3","145342163","145342459","KN294561v1","1084406","1084703","33","144257757"
"chr3","145343322","145343618","KN296682v1","5144925","5145221","33","140198397"
"chr3","145350921","145351211","KN295708v1","2784035","2784327","33","142566886"
"chr3","145358276","145358580","KN294790v1","163386","163690","37","145194890"
"chr3","145362553","145362763","KN295735v1","435013","435216","32","144927540"
"chr3","145377269","145377589","KN295241v1","288080","288400","56","145089189"
"chr3","145384876","145385176","KN295430v1","2355601","2355902","38","143029275"
"chr3","145387236","145387529","KN295846v1","24517","24819","42","145362719"
"chr3","145395826","145396132","KN294326v1","309006","309309","44","145086820"
"chr3","145399249","145399438","KN295744v1","539159","539342","32","144860090"
"chr3","145414197","145414515","KN297008v1","2646914","2647222","44","142767283"
"chr3","145417229","145417522","KN296732v1","1130033","1130326","36","144287196"
"chr3","145419803","145420093","KN294501v1","4140225","4140518","32","141279578"
"chr3","145432089","145432396","KN296404v1","2968202","2968511","39","142463887"
"chr3","145441481","145441777","KN295533v1","2511717","2512017","36","142929764"
"chr3","145446355","145446666","KN297442v1","1612430","1612738","39","143833925"
"chr3","145475627","145475924","KN296011v1","48434","48734","36","145427193"
"chr3","145483649","145483945","KN295571v1","203398","203695","34","145280251"
"chr3","145509021","145509279","KN294239v1","1589177","1589439","33","143919844"
"chr3","145509762","145510043","KN296743v1","202352","202637","45","145307410"
"chr3","145529859","145530145","KN295729v1","826689","826980","35","144703170"
"chr3","145534689","145534989","KN296290v1","465249","465556","44","145069440"
"chr3","145541831","145542157","KN294387v1","3444034","3444353","47","142097797"
"chr3","145544485","145544720","KN296323v1","603788","604037","56","144940697"
"chr3","145551776","145552074","KN294581v1","619147","619445","38","144932629"
"chr3","145556199","145556507","KN295236v1","844452","844758","35","144711747"
"chr3","145561117","145561416","KN296682v1","1930392","1930690","43","143630725"
"chr3","145570101","145570399","KN296096v1","3330402","3330699","39","142239699"
"chr3","145571745","145572069","KN294790v1","5868297","5868622","42","139703448"
"chr3","145578990","145579295","KN296732v1","3275990","3276293","38","142303000"
"chr3","145587438","145587724","KN294633v1","106169","106453","35","145481269"
"chr3","145604375","145604663","KN294937v1","266","558","39","145604109"
"chr3","145613948","145614248","KN294521v1","509491","509791","38","145104457"
"chr3","145629126","145629424","KN294911v1","2646845","2647138","33","142982281"
"chr3","145633661","145633877","KN297304v1","227819","228033","27","145405842"
"chr3","145643448","145643743","KN296620v1","349918","350214","33","145293530"
"chr3","145645166","145645477","KN295244v1","667743","668054","40","144977423"
"chr3","145662849","145663160","KN296484v1","351750","352061","34","145311099"
"chr3","145664875","145665175","KN295883v1","939003","939299","29","144725872"
"chr3","145673560","145673853","KN294181v1","1437190","1437488","44","144236370"
"chr3","145725312","145725626","KN295962v1","2329043","2329352","44","143396269"
"chr3","145739925","145740235","KN295034v1","280827","281133","35","145459098"
"chr3","145748997","145749311","KN296864v1","3164724","3165032","37","142584273"
"chr3","145758247","145758543","KN296620v1","349918","350214","36","145408329"
"chr3","145759491","145759799","KN297046v1","2441561","2441865","42","143317930"
"chr3","145789630","145789927","KN294917v1","381012","381307","28","145408618"
"chr3","145793753","145794036","KN297095v1","57865","58149","35","145735888"
"chr3","145794102","145794380","KN295433v1","594543","594830","60","145199559"
"chr3","145805619","145805887","KN294325v1","1015154","1015416","48","144790465"
"chr3","145807923","145808228","KN296682v1","1930392","1930690","36","143877531"
"chr3","145834716","145835004","KN294756v1","253","541","48","145834463"
"chr3","145940220","145940502","KN296406v1","158505","158783","33","145781715"
"chr3","145941419","145941725","KN296833v1","30824","31126","41","145910595"
"chr3","145945772","145946075","KN294911v1","1860297","1860603","45","144085475"
"chr3","145951060","145951359","KN296424v1","425557","425868","48","145525503"
"chr3","145961546","145961822","KN297274v1","170630","170908","33","145790916"
"chr3","145976542","145976699","KN294831v1","658690","658843","42","145317852"
"chr3","145998337","145998645","KN296153v1","4052438","4052745","38","141945899"
"chr3","146131281","146131574","KN295032v1","307103","307398","39","145824178"
"chr3","146132865","146133166","KN294470v1","1201848","1202151","38","144931017"
"chr3","146153663","146153970","KN296495v1","3286172","3286471","46","142867491"
"chr3","146162769","146163070","KN296643v1","47618","47923","36","146115151"
"chr3","146174930","146175230","KN294456v1","1098138","1098439","42","145076792"
"chr3","146196805","146197083","KN295459v1","361703","361982","38","145835102"
"chr3","146200524","146200826","KN294470v1","2878982","2879283","33","143321542"
"chr3","146201137","146201440","KN296495v1","1038011","1038312","43","145163126"
"chr3","146210506","146210809","KN297327v1","811573","811871","41","145398933"
"chr3","146238551","146238859","KN296281v1","43869","44167","41","146194682"
"chr3","146248989","146249278","KN296513v1","2367758","2368048","36","143881231"
"chr3","146255093","146255402","KN296991v1","611448","611748","36","145643645"
"chr3","146287519","146287820","KN294147v1","1327198","1327496","33","144960321"
"chr3","146320114","146320413","KN294917v1","405138","405434","43","145914976"
"chr3","146349308","146349607","KN297008v1","4210422","4210727","35","142138886"
"chr3","146366668","146366948","KN294269v1","931859","932137","41","145434809"
"chr3","146387408","146387711","KN294470v1","2153527","2153827","46","144233881"
"chr3","146445731","146446035","KN295814v1","1261993","1262292","34","145183738"
"chr3","146465720","146465976","KN295601v1","886709","886972","51","145579011"
"chr3","146479245","146479537","KN295729v1","826689","826980","39","145652556"
"chr3","146480809","146481103","KN296964v1","1801449","1801744","35","144679360"
"chr3","146504319","146504612","KN294937v1","266","558","36","146504053"
"chr3","146508718","146509019","KN295571v1","1155767","1156067","36","145352951"
"chr3","146523820","146524122","KN296643v1","47618","47923","35","146476202"
"chr3","146557434","146557561","KN295484v1","423782","423930","36","146133652"
"chr3","146686464","146686745","KN297008v1","4227232","4227512","42","142459232"
"chr3","146693173","146693470","KN294444v1","166708","167002","34","146526465"
"chr3","146695221","146695518","KN296119v1","1735099","1735396","35","144960122"
"chr3","146740359","146740676","KN295601v1","2153315","2153626","39","144587044"
"chr3","146801851","146802154","KN295633v1","323295","323596","30","146478556"
"chr3","146842783","146843076","KN295114v1","45102","45395","39","146797681"
"chr3","146991757","146992030","KN295940v1","135883","136155","40","146855874"
"chr3","147029958","147030257","KN294407v1","3027269","3027567","38","144002689"
"chr3","147194811","147195087","KN296980v1","17577","17848","41","147177234"
"chr3","147246655","147246962","KN294326v1","309006","309309","41","146937649"
"chr3","147431964","147432241","KN295633v1","1133330","1133601","44","146298634"
"chr3","147450737","147451036","KN294526v1","437650","437946","40","147013087"
"chr3","147466001","147466240","KN295405v1","757351","757593","39","146708650"
"chr3","147470993","147471297","KN294207v1","625267","625573","38","146845726"
"chr3","147571182","147571459","KN295731v1","50713","50991","36","147520469"
"chr3","147584104","147584404","KN295977v1","406584","406882","41","147177520"
"chr3","147595684","147595984","KN296145v1","740136","740436","37","146855548"
"chr3","147638336","147638637","KN297245v1","1416081","1416379","33","146222255"
"chr3","147646130","147646430","KN295814v1","1261993","1262292","35","146384137"
"chr3","147712637","147712943","KN294446v1","240983","241287","35","147471654"
"chr3","147814348","147814601","KN294147v1","1865676","1865938","56","145948672"
"chr3","147863430","147863770","KN295983v1","254090","254410","70","147609340"
"chr3","147982778","147983109","KN295596v1","1567069","1567403","42","146415709"
"chr3","148040677","148040993","KN295962v1","2329043","2329352","37","145711634"
"chr3","148332130","148332443","KN294940v1","567435","567744","50","147764695"
"chr3","148383723","148384006","KN294713v1","607294","607593","48","147776429"
"chr3","148762341","148762652","KN296503v1","58212","58521","35","148704129"
"chr3","148938703","148938996","KN295596v1","2518640","2518934","53","146420063"
"chr3","149068805","149069106","KN295601v1","3238589","3238887","42","145830216"
"chr3","149113265","149113556","KN297327v1","587545","587827","42","148525720"
"chr3","149273683","149273928","KN295405v1","757351","757593","48","148516332"
"chr3","149295909","149296212","KN294493v1","70687","70990","32","149225222"
"chr3","149346801","149347064","KN295605v1","731416","731670","45","148615385"
"chr3","149395260","149395559","KN296646v1","892600","892902","39","148502660"
"chr3","149403662","149403963","KN295814v1","1261993","1262292","46","148141669"
"chr3","149629324","149629624","KN296643v1","47618","47923","42","149581706"
"chr3","149719789","149720103","KN295525v1","1093272","1093579","32","148626517"
"chr3","149787913","149788156","KN295430v1","2480754","2480992","39","147307159"
"chr3","149827497","149827786","KN295090v1","786208","786506","50","149041289"
"chr3","150082566","150082875","KN295685v1","981186","981498","41","149101380"
"chr3","150268384","150268695","KN295525v1","612283","612588","34","149656101"
"chr3","150284503","150284797","KN295708v1","1536667","1536965","37","148747836"
"chr3","150340371","150340672","KN295525v1","536643","536931","47","149803728"
"chr3","150460540","150460843","KN295525v1","410653","410952","44","150049887"
"chr3","150509740","150510040","KN296442v1","417977","418281","35","150091763"
"chr3","150632855","150633068","KN295977v1","1276894","1277103","51","149355961"
"chr3","150646764","150647053","KN294847v1","558578","558866","40","150088186"
"chr3","150770752","150771020","KN295525v1","91186","91445","44","150679566"
"chr3","150818517","150818822","KN296825v1","1845358","1845659","32","148973159"
"chr3","150833693","150833994","KN294456v1","1098138","1098439","39","149735555"
"chr3","150977446","150977727","KN295922v1","98919","99195","37","150878527"
"chr3","151031677","151031975","KN294172v1","5828976","5829275","37","145202701"
"chr3","151110667","151110971","KN296244v1","517703","518009","42","150592964"
"chr3","151165495","151165790","KN296146v1","269018","269308","47","150896477"
"chr3","151204715","151205048","KN295735v1","713634","713968","54","150491081"
"chr3","151211632","151211940","KN294187v1","783464","783769","45","150428168"
"chr3","151251193","151251373","KN294957v1","73265","73439","52","151177928"
"chr3","151267141","151267412","KN295717v1","567529","567804","43","150699612"
"chr3","151297267","151297557","KN295350v1","710666","710958","41","150586601"
"chr3","151389360","151389657","KN294911v1","628968","629266","41","150760392"
"chr3","151419948","151420242","KN296883v1","292931","293229","36","151127017"
"chr3","151538114","151538433","KN294372v1","1389085","1389396","49","150149029"
"chr3","151562157","151562451","KN296153v1","205526","205810","42","151356631"
"chr3","151562482","151562660","KN296495v1","1414803","1414975","33","150147679"
"chr3","151563028","151563073","KN295605v1","731068","731107","9","150831960"
"chr3","151568093","151568388","KN294917v1","405138","405434","34","151162955"
"chr3","151600586","151600884","KN294244v1","56461","56743","43","151544125"
"chr3","151896449","151896742","KN297313v1","26903","27195","28","151869546"
"chr3","152012652","152012955","KN297313v1","150905","151213","36","151861747"
"chr3","152148564","152148866","KN297313v1","299082","299382","30","151849482"
"chr3","152185496","152185806","KN295610v1","685560","685865","39","151499936"
"chr3","152313625","152313941","KN297313v1","467924","468232","30","151845701"
"chr3","152367494","152367763","KN296306v1","3710976","3711242","37","148656518"
"chr3","152455999","152456304","KN294509v1","384110","384414","29","152071889"
"chr3","152507230","152507411","KN294957v1","73265","73439","29","152433965"
"chr3","152509384","152509637","KN295490v1","43581","43843","38","152465803"
"chr3","152518984","152519276","KN297313v1","676006","676307","23","151842978"
"chr3","152535292","152535587","KN297313v1","692417","692705","24","151842875"
"chr3","152556966","152557272","KN297313v1","714562","714857","34","151842404"
"chr3","152563504","152563807","KN297313v1","722903","723214","29","151840601"
"chr3","152590963","152591267","KN297313v1","750634","750943","28","151840329"
"chr3","152617572","152617847","KN297313v1","777428","777714","35","151840144"
"chr3","152625337","152625632","KN297313v1","785725","786029","24","151839612"
"chr3","152713098","152713338","KN295490v1","43581","43843","53","152669517"
"chr3","152724432","152724740","KN297313v1","875770","876071","32","151848662"
"chr3","152728822","152729134","KN297313v1","875770","876071","36","151853052"
"chr3","152741090","152741401","KN297313v1","888682","888991","29","151852408"
"chr3","152752734","152753027","KN294848v1","1024458","1024759","45","151728276"
"chr3","152795247","152795547","KN296145v1","740136","740436","34","152055111"
"chr3","152988451","152988754","KN296726v1","808997","809301","38","152179454"
"chr3","153067070","153067346","KN296646v1","922061","922342","41","152145009"
"chr3","153087707","153087998","KN294499v1","2005615","2005910","36","151082092"
"chr3","153159662","153159985","KN294372v1","1389085","1389396","46","151770577"
"chr3","153161180","153161467","KN296311v1","6749647","6749934","32","146411533"
"chr3","153193360","153193655","KN295666v1","248322","248617","38","152945038"
"chr3","153212473","153212785","KN294571v1","1575904","1576204","47","151636569"
"chr3","153220294","153220614","KN294407v1","2317315","2317623","55","150902979"
"chr3","153223525","153223819","KN297047v1","3987588","3987889","36","149235937"
"chr3","153292169","153292347","KN296153v1","2506068","2506242","30","150786101"
"chr3","153310931","153311233","KN294790v1","163386","163690","32","153147545"
"chr3","153318834","153319115","KN294410v1","227794","228082","43","153091040"
"chr3","153324144","153324439","KN295987v1","133153","133451","44","153190991"
"chr3","153333659","153333899","KN295967v1","625826","626071","56","152707833"
"chr3","153336087","153336406","KN295607v1","1790329","1790640","37","151545758"
"chr3","153351289","153351590","KN294893v1","266299","266600","35","153084990"
"chr3","153369475","153369776","KN295601v1","3238589","3238887","32","150130886"
"chr3","153375274","153375586","KN294264v1","87223","87534","38","153288051"
"chr3","153409512","153409823","KN295487v1","52973","53281","33","153356539"
"chr3","153489820","153490038","KN297304v1","227819","228033","30","153262001"
"chr3","153498230","153498545","KN295384v1","57641","57948","48","153440589"
"chr3","153506787","153507085","KN294539v1","1287945","1288241","37","152218842"
"chr3","153518838","153519127","KN294571v1","457321","457617","33","153061517"
"chr3","153540603","153540897","KN295633v1","1397379","1397672","38","152143224"
"chr3","153570395","153570703","KN294630v1","686727","687035","41","152883668"
"chr3","153593068","153593379","KN296157v1","885718","886029","36","152707350"
"chr3","153648140","153648419","KN297197v1","197080","197368","41","153451060"
"chr3","153685345","153685713","KN295315v1","857241","857578","82","152828104"
"chr3","153791680","153791967","KN295059v1","242847","243129","36","153548833"
"chr3","153886018","153886328","KN296303v1","514845","515157","42","153371173"
"chr3","153970434","153970732","KN294407v1","3027269","3027567","30","150943165"
"chr3","154006220","154006525","KN296620v1","1156448","1156761","39","152849772"
"chr3","154054945","154055268","KN294245v1","511576","511887","52","153543369"
"chr3","154074762","154075040","KN296620v1","1087609","1087877","26","152987153"
"chr3","154108429","154108737","KN296620v1","1054376","1054680","31","153054053"
"chr3","154148693","154148986","KN296620v1","1014079","1014364","24","153134614"
"chr3","154166328","154166612","KN294831v1","314802","315071","49","153851526"
"chr3","154174286","154174576","KN296620v1","989183","989477","22","153185103"
"chr3","154198134","154198416","KN296620v1","971945","972224","23","153226189"
"chr3","154198910","154199202","KN296743v1","2255912","2256204","39","151942998"
"chr3","154236534","154236798","KN294172v1","4940663","4940925","37","149295871"
"chr3","154248523","154248812","KN296620v1","924346","924644","31","153324177"
"chr3","154254685","154254975","KN296596v1","295533","295823","35","153959152"
"chr3","154270643","154270853","KN296357v1","36224","36429","27","154234419"
"chr3","154287011","154287304","KN296620v1","878841","879145","40","153408170"
"chr3","154342103","154342398","KN295480v1","1302107","1302401","34","153039996"
"chr3","154353859","154354150","KN296620v1","811239","811537","37","153542620"
"chr3","154405146","154405441","KN295596v1","141388","141684","32","154263758"
"chr3","154409768","154410062","KN296810v1","82391","82687","34","154327377"
"chr3","154445585","154445892","KN296620v1","714778","715090","33","153730807"
"chr3","154577685","154577982","KN296498v1","95172","95471","32","154482513"
"chr3","154638184","154638471","KN294806v1","681476","681761","36","153956708"
"chr3","154646479","154646773","KN296620v1","509800","510092","35","154136679"
"chr3","154687119","154687434","KN295571v1","513084","513393","46","154174035"
"chr3","154715696","154716011","KN296404v1","2379696","2380001","57","152336000"
"chr3","154730382","154730667","KN295368v1","1720430","1720713","39","153009952"
"chr3","154731811","154732119","KN296620v1","423211","423522","25","154308600"
"chr3","154734945","154735257","KN295637v1","795675","795978","46","153939270"
"chr3","154747312","154747559","KN294407v1","370958","371212","36","154376354"
"chr3","154755407","154755717","KN296620v1","399709","400023","30","154355698"
"chr3","154758103","154758409","KN296620v1","397028","397321","36","154361075"
"chr3","154760199","154760369","KN295893v1","5530656","5530819","30","149229543"
"chr3","154761104","154761402","KN296620v1","394094","394404","37","154367010"
"chr3","154778959","154779271","KN296620v1","376927","377237","22","154402032"
"chr3","154803559","154803865","KN296620v1","352373","352672","32","154451186"
"chr3","154803995","154804307","KN295198v1","172367","172673","42","154631628"
"chr3","154806027","154806327","KN296620v1","349918","350214","22","154456109"
"chr3","154806932","154807205","KN296620v1","348731","349003","18","154458201"
"chr3","154808158","154808479","KN296306v1","1908527","1908848","48","152899631"
"chr3","154823243","154823533","KN294429v1","37988","38273","44","154785255"
"chr3","154842337","154842648","KN296620v1","316435","316745","29","154525902"
"chr3","154858205","154858517","KN296620v1","303566","303868","29","154554639"
"chr3","154891769","154892044","KN296406v1","158505","158783","33","154733264"
"chr3","154897782","154898073","KN295758v1","468479","468777","45","154429303"
"chr3","154925602","154925913","KN294287v1","369071","369381","29","154556531"
"chr3","154926404","154926715","KN295225v1","1942340","1942650","33","152984064"
"chr3","154949913","154950228","KN296502v1","1403084","1403395","51","153546829"
"chr3","155001386","155001537","KN294187v1","1105095","1105248","19","153896291"
"chr3","155022038","155022343","KN296620v1","135519","135812","35","154886519"
"chr3","155102084","155102356","KN296311v1","5260065","5260338","40","149842019"
"chr3","155105699","155105982","KN294457v1","696610","696897","42","154409089"
"chr3","155111254","155111410","KN295236v1","2986258","2986408","28","152124996"
"chr3","155130662","155130970","KN296620v1","21778","22081","28","155108884"
"chr3","155142311","155142622","KN296635v1","2153242","2153553","33","152989069"
"chr3","155154884","155155198","KN295983v1","1699675","1699986","38","153455209"
"chr3","155286239","155286527","KN294457v1","143891","144185","31","155142348"
"chr3","155339603","155339912","KN296884v1","1663917","1664242","44","153675686"
"chr3","155508728","155509020","KN295523v1","2952598","2952892","44","152556130"
"chr3","155513744","155514038","KN295729v1","826689","826980","36","154687055"
"chr3","155526142","155526438","KN295284v1","262074","262373","37","155264068"
"chr3","155544375","155544675","KN295343v1","729289","729587","29","154815086"
"chr3","155672702","155673008","KN296406v1","250415","250727","41","155422287"
"chr3","155729905","155730212","KN296884v1","1234786","1235090","26","154495119"
"chr3","155763270","155763579","KN296884v1","1200927","1201239","32","154562343"
"chr3","155806295","155806597","KN295708v1","2570337","2570640","40","153235958"
"chr3","155848716","155849022","KN296884v1","1110906","1111207","38","154737810"
"chr3","155929712","155930010","KN296884v1","1029875","1030179","19","154899837"
"chr3","155930839","155931145","KN296884v1","1028725","1029036","27","154902114"
"chr3","156019556","156019827","KN296884v1","942159","942432","19","155077397"
"chr3","156131798","156132092","KN296884v1","830852","831149","30","155300946"
"chr3","156166276","156166576","KN296884v1","792169","792463","36","155374107"
"chr3","156203610","156203840","KN294874v1","126189","126410","38","156077421"
"chr3","156220371","156220680","KN296884v1","726596","726898","40","155493775"
"chr3","156232483","156232764","KN296884v1","713700","713984","35","155518783"
"chr3","156424489","156424784","KN296096v1","2995301","2995598","39","153429188"
"chr3","156634631","156634936","KN296884v1","296172","296476","33","156338459"
"chr3","156659030","156659312","KN296884v1","267618","267900","25","156391412"
"chr3","156691084","156691402","KN294592v1","1204654","1204970","42","155486430"
"chr3","156700644","156700941","KN295236v1","4141001","4141296","34","152559643"
"chr3","156727413","156727705","KN294911v1","628968","629266","31","156098445"
"chr3","156741350","156741531","KN296036v1","766932","767116","27","155974418"
"chr3","156741586","156741883","KN296884v1","193185","193478","32","156548401"
"chr3","156748679","156748977","KN296404v1","1150048","1150343","33","155598631"
"chr3","156756041","156756312","KN295633v1","1133330","1133601","42","155622711"
"chr3","156808233","156808522","KN296513v1","2367758","2368048","40","154440475"
"chr3","156810471","156810761","KN297050v1","64155","64449","36","156746316"
"chr3","156811276","156811569","KN294457v1","990718","991014","35","155820558"
"chr3","156813252","156813414","KN294613v1","71009","71176","23","156742243"
"chr3","156815752","156816032","KN296261v1","620490","620771","61","156195262"
"chr3","156816468","156816770","KN295301v1","716124","716425","37","156100344"
"chr3","156843690","156843985","KN297245v1","1416081","1416379","31","155427609"
"chr3","156844971","156845276","KN294385v1","186860","187159","42","156658111"
"chr3","156882737","156883040","KN296884v1","59781","60072","38","156822956"
"chr3","156887675","156887983","KN296884v1","54615","54924","32","156833060"
"chr3","156897421","156897729","KN296484v1","351750","352061","39","156545671"
"chr3","156911450","156911781","KN296884v1","30338","30656","32","156881112"
"chr3","156927609","156927890","KN296884v1","13856","14137","15","156913753"
"chr3","156928860","156929154","KN294917v1","401690","401984","42","156527170"
"chr3","156955405","156955709","KN296495v1","1120776","1121085","40","155834629"
"chr3","156960020","156960325","KN296537v1","12956","13260","38","156947064"
"chr3","156968164","156968468","KN296079v1","686222","686522","36","156281942"
"chr3","156975843","156976151","KN295236v1","35793","36099","31","156940050"
"chr3","157029755","157030065","KN296537v1","82864","83170","30","156946891"
"chr3","157069399","157069706","KN297442v1","1612430","1612738","34","155456969"
"chr3","157207843","157208145","KN297231v1","65868","66164","34","157141975"
"chr3","157211670","157211975","KN297231v1","76252","76563","30","157135418"
"chr3","157492291","157492604","KN294705v1","1537713","1538021","41","155954578"
"chr3","157508462","157508750","KN294519v1","120160","120444","40","157388302"
"chr3","157576685","157576976","KN294519v1","61573","61871","27","157515112"
"chr3","157654073","157654367","KN296557v1","18517","18814","40","157635556"
"chr3","157937242","157937547","KN297322v1","1224244","1224547","37","156712998"
"chr3","157944829","157945126","KN296623v1","303254","303551","26","157641575"
"chr3","158011188","158011485","KN296623v1","378283","378582","32","157632905"
"chr3","158014778","158015059","KN294187v1","1336441","1336715","46","156678337"
"chr3","158053553","158053850","KN294571v1","1575904","1576204","27","156477649"
"chr3","158062386","158062689","KN296623v1","435025","435328","26","157627361"
"chr3","158191496","158191796","KN294475v1","459086","459381","40","157732410"
"chr3","158230840","158231130","KN294647v1","185532","185822","39","158045308"
"chr3","158241351","158241653","KN296096v1","3114506","3114803","49","155126845"
"chr3","158436825","158437119","KN294581v1","619147","619445","36","157817678"
"chr3","158498657","158498953","KN295365v1","495122","495421","37","158003535"
"chr3","158586215","158586505","KN295619v1","58750","59031","34","158527465"
"chr3","158596787","158597100","KN295619v1","51236","51545","28","158545551"
"chr3","158606175","158606477","KN296153v1","2873301","2873603","45","155732874"
"chr3","158606691","158606977","KN295619v1","41345","41631","24","158565346"
"chr3","158699795","158700102","KN296818v1","264715","265019","34","158435080"
"chr3","158725669","158725979","KN296818v1","228200","228505","29","158497469"
"chr3","158737552","158737842","KN296242v1","949191","949485","46","157788361"
"chr3","158752714","158753018","KN294571v1","890748","891049","41","157861966"
"chr3","158760030","158760289","KN294899v1","537119","537380","34","158222911"
"chr3","158760326","158760587","KN296818v1","184862","185117","30","158575464"
"chr3","158799568","158799856","KN295096v1","2965990","2966278","32","155833578"
"chr3","158820772","158821082","KN296661v1","1528241","1528552","37","157292531"
"chr3","158849157","158849420","KN297190v1","2997534","2997797","50","155851623"
"chr3","158893573","158893882","KN294790v1","3331659","3331967","35","155561914"
"chr3","159060068","159060347","KN295371v1","448057","448341","31","158612011"
"chr3","159136493","159136772","KN295692v1","1195541","1195822","49","157940952"
"chr3","159250265","159250567","KN294581v1","619147","619445","39","158631118"
"chr3","159250573","159250881","KN294429v1","49911","50221","40","159200662"
"chr3","159298016","159298322","KN296643v1","852402","852709","42","158445614"
"chr3","159305263","159305574","KN296484v1","351750","352061","34","158953513"
"chr3","159320747","159321030","KN295735v1","1370322","1370606","45","157950425"
"chr3","159337609","159337906","KN294644v1","482867","483166","46","158854742"
"chr3","159354221","159354515","KN296311v1","854862","855163","39","158499359"
"chr3","159374334","159374640","KN295433v1","250702","251008","39","159123632"
"chr3","159375712","159376023","KN296847v1","940151","940452","45","158435561"
"chr3","159382676","159382935","KN295987v1","28598","28855","19","159354078"
"chr3","159391325","159391630","KN296502v1","1403084","1403395","36","157988241"
"chr3","159394490","159394791","KN295987v1","40954","41261","29","159353536"
"chr3","159462500","159462771","KN296122v1","387098","387375","42","159075402"
"chr3","159473026","159473327","KN295480v1","1514936","1515236","39","157958090"
"chr3","159476155","159476460","KN297023v1","480259","480560","30","158995896"
"chr3","159483828","159484134","KN294548v1","1161001","1161308","35","158322827"
"chr3","159488465","159488765","KN296795v1","208671","208972","37","159279794"
"chr3","159488787","159489088","KN296682v1","5144925","5145221","35","154343862"
"chr3","159489608","159489907","KN295987v1","138341","138634","22","159351267"
"chr3","159491283","159491581","KN296308v1","1003598","1003892","35","158487685"
"chr3","159498661","159498974","KN294372v1","1182499","1182813","43","158316162"
"chr3","159514912","159515064","KN294470v1","2149480","2149626","50","157365432"
"chr3","159519440","159519744","KN296381v1","114561","114857","35","159404879"
"chr3","159530231","159530522","KN295987v1","182466","182766","20","159347765"
"chr3","159534356","159534630","KN294172v1","579262","579537","42","158955094"
"chr3","159552831","159553135","KN297032v1","184087","184386","38","159368744"
"chr3","159554970","159555276","KN295523v1","3240586","3240897","46","156314384"
"chr3","159595451","159595753","KN295987v1","263574","263871","32","159331877"
"chr3","159600861","159601168","KN296266v1","31062","31371","40","159569799"
"chr3","159615710","159615878","KN294292v1","211892","212059","22","159403818"
"chr3","159658146","159658350","KN295235v1","130746","130938","41","159527400"
"chr3","159672931","159673246","KN295987v1","344091","344421","37","159328840"
"chr3","159723226","159723525","KN294991v1","293673","293971","38","159429553"
"chr3","159735238","159735528","KN294172v1","822922","823215","40","158912316"
"chr3","159785247","159785565","KN297050v1","134646","134948","53","159650601"
"chr3","159786567","159786881","KN296205v1","1038770","1039076","39","158747797"
"chr3","159831727","159832057","KN295987v1","517036","517343","51","159314691"
"chr3","159875396","159875704","KN296311v1","768493","768797","38","159106903"
"chr3","159877955","159878255","KN294172v1","6311128","6311420","51","153566827"
"chr3","159924412","159924720","KN296167v1","450049","450355","41","159474363"
"chr3","160034342","160034651","KN295987v1","722213","722519","22","159312129"
"chr3","160077861","160078141","KN296486v1","1167419","1167692","34","158910442"
"chr3","160282174","160282381","KN296263v1","107832","108045","34","160174342"
"chr3","160333052","160333316","KN295601v1","886709","886972","44","159446343"
"chr3","160352143","160352425","KN295371v1","448057","448341","35","159904086"
"chr3","160380885","160381201","KN295987v1","1081995","1082306","26","159298890"
"chr3","160447280","160447596","KN294957v1","62097","62408","42","160385183"
"chr3","160489437","160489732","KN295987v1","1189696","1189991","26","159299741"
"chr3","160535961","160536243","KN295987v1","1241626","1241902","20","159294335"
"chr3","160560842","160561146","KN294603v1","63949","64255","33","160496893"
"chr3","160597879","160598176","KN295987v1","1299355","1299648","26","159298524"
"chr3","160637881","160638178","KN295987v1","1336874","1337177","30","159301007"
"chr3","160728108","160728409","KN296305v1","827789","828091","35","159900319"
"chr3","160874723","160875048","KN294728v1","748340","748672","49","160126383"
"chr3","160878266","160878558","KN295361v1","824524","824814","36","160053742"
"chr3","160932370","160932676","KN295987v1","1658175","1658485","28","159274195"
"chr3","160983236","160983540","KN294571v1","1575904","1576204","37","159407332"
"chr3","161023861","161024174","KN296306v1","3682608","3682916","50","157341253"
"chr3","161028713","161029002","KN295987v1","1754782","1755071","23","159273931"
"chr3","161098524","161098830","KN295487v1","52973","53281","45","161045551"
"chr3","161331217","161331452","KN295405v1","757351","757593","51","160573866"
"chr3","161395090","161395397","KN294613v1","327601","327901","41","161067489"
"chr3","161419105","161419400","KN297245v1","1416081","1416379","45","160003024"
"chr3","161516317","161516612","KN296935v1","204734","205029","36","161311583"
"chr3","161592138","161592394","KN296935v1","284083","284339","18","161308055"
"chr3","161731346","161731658","KN296635v1","2181073","2181379","44","159550273"
"chr3","161733941","161734237","KN296935v1","407873","408156","31","161326068"
"chr3","161882621","161882932","KN294245v1","511576","511887","39","161371045"
"chr3","161892466","161892763","KN294257v1","1723532","1723826","40","160168934"
"chr3","162053124","162053432","KN296404v1","1944196","1944502","53","160108928"
"chr3","162056452","162056765","KN295352v1","545091","545395","48","161511361"
"chr3","162068610","162068848","KN297242v1","1293195","1293421","47","160775415"
"chr3","162098511","162098828","KN294172v1","365590","365904","44","161732921"
"chr3","162131961","162132268","KN296311v1","768493","768797","42","161363468"
"chr3","162307839","162308105","KN295343v1","770844","771117","36","161536995"
"chr3","162365608","162365904","KN296242v1","949191","949485","25","161416417"
"chr3","162369984","162370279","KN296306v1","3686137","3686439","42","158683847"
"chr3","162389241","162389535","KN296620v1","349918","350214","28","162039323"
"chr3","162429945","162430252","KN297133v1","950328","950631","32","161479617"
"chr3","162470912","162471211","KN297159v1","1612596","1612896","30","160858316"
"chr3","162494042","162494334","KN296242v1","826848","827141","25","161667194"
"chr3","162498308","162498617","KN295361v1","932292","932599","36","161566016"
"chr3","162566839","162567144","KN294571v1","890748","891049","37","161676091"
"chr3","162633857","162634151","KN296242v1","694011","694308","32","161939846"
"chr3","162672331","162672623","KN296242v1","659598","659894","26","162012733"
"chr3","162722573","162722855","KN294407v1","2563292","2563571","39","160159281"
"chr3","162767540","162767843","KN296242v1","570026","570325","28","162197514"
"chr3","162901381","162901692","KN296242v1","441471","441780","30","162459910"
"chr3","162913820","162914117","KN296153v1","1090111","1090408","36","161823709"
"chr3","163002882","163003180","KN294210v1","987866","988162","41","162015016"
"chr3","163022186","163022482","KN296242v1","320041","320338","28","162702145"
"chr3","163096082","163096384","KN296242v1","242301","242601","32","162853781"
"chr3","163156788","163157111","KN296242v1","179001","179313","41","162977787"
"chr3","163376227","163376527","KN296357v1","653990","654295","35","162722237"
"chr3","163449898","163450186","KN294508v1","112541","112822","34","163337357"
"chr3","163487708","163488011","KN296108v1","13308","13602","42","163474400"
"chr3","163494322","163494632","KN296108v1","13765","14074","27","163480557"
"chr3","163508963","163509267","KN294995v1","15599","15901","29","163493364"
"chr3","163515687","163515975","KN295729v1","826689","826980","41","162688998"
"chr3","163516420","163516750","KN296108v1","36408","36727","39","163480012"
"chr3","163546416","163546695","KN296108v1","66237","66521","20","163480179"
"chr3","163546989","163547293","KN296108v1","66815","67120","26","163480174"
"chr3","163579951","163580250","KN296145v1","740136","740436","33","162839815"
"chr3","163617421","163617716","KN296806v1","109370","109653","36","163508051"
"chr3","163619813","163620117","KN294644v1","168562","168865","42","163451251"
"chr3","163624710","163625008","KN296108v1","145133","145421","36","163479577"
"chr3","163653193","163653505","KN296108v1","172896","173200","31","163480297"
"chr3","163690028","163690325","KN296108v1","208947","209232","38","163481081"
"chr3","163741980","163742309","KN297442v1","2431148","2431466","51","161310832"
"chr3","163765096","163765393","KN296108v1","284724","285016","21","163480372"
"chr3","163773102","163773403","KN294456v1","1098138","1098439","30","162674964"
"chr3","163774942","163775102","KN295667v1","1026814","1026972","31","162748128"
"chr3","163811142","163811458","KN296108v1","323108","323430","34","163488034"
"chr3","163814117","163814434","KN296108v1","323108","323430","33","163491009"
"chr3","163818912","163819202","KN294326v1","572833","573126","40","163246079"
"chr3","163825055","163825266","KN297219v1","2668252","2668464","28","161156803"
"chr3","163852332","163852643","KN296108v1","365946","366255","42","163486386"
"chr3","163854100","163854402","KN296108v1","367713","368015","16","163486387"
"chr3","163886377","163886672","KN296108v1","434634","434924","26","163451743"
"chr3","163911067","163911379","KN294325v1","1015803","1016101","54","162895264"
"chr3","163918432","163918736","KN296108v1","478629","478933","33","163439803"
"chr3","163985539","163985824","KN296108v1","547581","547862","31","163437958"
"chr3","164013968","164014253","KN295368v1","2121952","2122242","44","161892016"
"chr3","164030030","164030334","KN295236v1","844452","844758","41","163185578"
"chr3","164037109","164037428","KN295667v1","1695804","1696115","46","162341305"
"chr3","164050568","164050857","KN294644v1","85408","85699","36","163965160"
"chr3","164118892","164119191","KN296108v1","681079","681372","23","163437813"
"chr3","164129087","164129377","KN296108v1","687073","687359","34","163442014"
"chr3","164132826","164133123","KN296620v1","349918","350214","33","163782908"
"chr3","164133791","164134092","KN294581v1","619147","619445","38","163514644"
"chr3","164167625","164167928","KN296108v1","729624","729924","29","163438001"
"chr3","164178262","164178431","KN294987v1","480021","480187","22","163698241"
"chr3","164228862","164229154","KN294526v1","334958","335253","35","163893904"
"chr3","164233949","164234203","KN297038v1","314696","314959","40","163919253"
"chr3","164239013","164239267","KN297038v1","314696","314959","40","163924317"
"chr3","164270263","164270574","KN294911v1","2691899","2692205","39","161578364"
"chr3","164271072","164271308","KN296775v1","627278","627511","33","163643794"
"chr3","164275184","164275482","KN297023v1","480259","480560","33","163794925"
"chr3","164296796","164297100","KN294873v1","942906","943208","37","163353890"
"chr3","164361660","164361948","KN296108v1","923933","924220","21","163437727"
"chr3","164516896","164517206","KN296205v1","1038770","1039076","35","163478126"
"chr3","164525739","164526049","KN296108v1","1088289","1088589","32","163437450"
"chr3","164553943","164554242","KN296108v1","1117418","1117713","32","163436525"
"chr3","164569028","164569332","KN295236v1","3615047","3615343","42","160953981"
"chr3","164595167","164595469","KN297159v1","1334625","1334927","38","163260542"
"chr3","164647353","164647619","KN294234v1","2125042","2125313","46","162522311"
"chr3","164784244","164784545","KN296108v1","1358038","1358340","30","163426206"
"chr3","164815592","164815891","KN296108v1","1377527","1377832","27","163438065"
"chr3","164908441","164908742","KN296108v1","1481705","1482006","44","163426736"
"chr3","164914401","164914701","KN296108v1","1487592","1487903","34","163426809"
"chr3","164957507","164957816","KN296108v1","1541836","1542143","46","163415671"
"chr3","165043287","165043592","KN296108v1","1631455","1631756","33","163411832"
"chr3","165055996","165056300","KN296108v1","1644650","1644954","20","163411346"
"chr3","165209726","165209978","KN296108v1","1811245","1811497","25","163398481"
"chr3","165214958","165215256","KN297245v1","1416081","1416379","36","163798877"
"chr3","165316469","165316753","KN296108v1","1938355","1938640","32","163378114"
"chr3","165371231","165371438","KN295977v1","1276894","1277103","44","164094337"
"chr3","165381816","165382034","KN296108v1","2006883","2007101","18","163374933"
"chr3","165578305","165578620","KN294251v1","1186841","1187150","40","164391464"
"chr3","165701844","165702143","KN294995v1","15599","15901","33","165686245"
"chr3","165845582","165845877","KN294457v1","990718","991014","42","164854864"
"chr3","165895166","165895453","KN297456v1","576379","576666","28","165318787"
"chr3","166076698","166076994","KN295705v1","2455563","2455854","40","163621135"
"chr3","166091705","166092016","KN297456v1","384949","385253","34","165706756"
"chr3","166180493","166180824","KN296311v1","3556438","3556761","55","162624055"
"chr3","166195350","166195626","KN297456v1","288651","288926","35","165906699"
"chr3","166243587","166243891","KN294991v1","1562285","1562586","52","164681302"
"chr3","166398610","166398917","KN295814v1","234636","234947","42","166163974"
"chr3","166516584","166516852","KN295388v1","97154","97422","31","166419430"
"chr3","166525716","166525981","KN295388v1","111073","111338","31","166414643"
"chr3","166541660","166541944","KN295388v1","120569","120855","39","166421091"
"chr3","166775792","166776101","KN296147v1","34333","34643","51","166741459"
"chr3","166855262","166855570","KN294592v1","1321409","1321720","38","165533853"
"chr3","166920905","166921210","KN296253v1","477182","477487","40","166443723"
"chr3","166977608","166977926","KN296885v1","2205766","2206079","47","164771842"
"chr3","166979353","166979650","KN294728v1","632821","633107","65","166346532"
"chr3","167118968","167119264","KN297408v1","456168","456464","45","166662800"
"chr3","167128813","167129104","KN294526v1","334958","335253","34","166793855"
"chr3","167140447","167140737","KN296153v1","1090111","1090408","45","166050336"
"chr3","167252781","167253077","KN297245v1","1416081","1416379","38","165836700"
"chr3","167308934","167309229","KN297197v1","896791","897086","35","166412143"
"chr3","167323512","167323702","KN296426v1","64367","64561","35","167259145"
"chr3","167514113","167514423","KN294710v1","68748","69053","45","167445365"
"chr3","167727377","167727685","KN295893v1","723145","723444","60","167004232"
"chr3","167789866","167790163","KN294257v1","1771672","1771973","51","166018194"
"chr3","167828825","167829142","KN294790v1","163386","163690","49","167665439"
"chr3","168079659","168079964","KN296311v1","1056866","1057165","48","167022793"
"chr3","168215495","168215806","KN296731v1","1167793","1168104","55","167047702"
"chr3","168241517","168241774","KN295717v1","1445363","1445625","48","166796154"
"chr3","168364612","168364925","KN296153v1","863239","863546","46","167501373"
"chr3","168406291","168406596","KN295666v1","873327","873629","42","167532964"
"chr3","168425733","168426031","KN297046v1","2972429","2972729","47","165453304"
"chr3","168478262","168478571","KN296635v1","2387021","2387331","34","166091241"
"chr3","168719496","168719798","KN296982v1","395160","395461","43","168324336"
"chr3","168739393","168739681","KN296749v1","655381","655678","55","168084012"
"chr3","168777308","168777432","KN294445v1","855366","855529","56","167921942"
"chr3","168794722","168794956","KN295936v1","1970834","1971052","44","166823888"
"chr3","168852410","168852686","KN296926v1","242178","242456","53","168610232"
"chr3","168855199","168855503","KN295735v1","979548","979848","42","167875651"
"chr3","168906199","168906505","KN297008v1","5344216","5344525","49","163561983"
"chr3","169089325","169089635","KN297442v1","1612430","1612738","42","167476895"
"chr3","169142084","169142350","KN294545v1","161119","161375","30","168980965"
"chr3","169157270","169157543","KN294545v1","145619","145892","28","169011651"
"chr3","169363847","169364139","KN294325v1","1316006","1316298","46","168047841"
"chr3","169411239","169411539","KN296732v1","3712291","3712592","63","165698948"
"chr3","169423023","169423307","KN295832v1","217196","217478","62","169205827"
"chr3","169474415","169474724","KN295907v1","257976","258287","38","169216439"
"chr3","169518484","169518792","KN297180v1","731201","731513","40","168787283"
"chr3","169644892","169645186","KN295729v1","826689","826980","33","168818203"
"chr3","169696285","169696601","KN294705v1","623696","624002","51","169072589"
"chr3","169723479","169723682","KN294470v1","1203623","1203832","34","168519856"
"chr3","169726020","169726313","KN295957v1","139985","140288","37","169586035"
"chr3","169743264","169743449","KN295236v1","258273","258460","31","169484991"
"chr3","169844917","169845195","KN295957v1","38301","38582","37","169806616"
"chr3","169935597","169935816","KN295405v1","757351","757593","58","169178246"
"chr3","169947804","169948137","KN294911v1","2425497","2425828","57","167522307"
"chr3","169964503","169964800","KN297259v1","1820010","1820317","52","168144493"
"chr3","170096900","170097191","KN295967v1","606893","607186","38","169490007"
"chr3","170410434","170410750","KN295135v1","183246","183551","44","170227188"
"chr3","170585462","170585758","KN295135v1","17217","17513","29","170568245"
"chr3","170592208","170592506","KN295586v1","2267301","2267598","48","168324907"
"chr3","170651791","170652095","KN295571v1","513084","513393","46","170138707"
"chr3","170788160","170788475","KN294899v1","380746","381057","45","170407414"
"chr3","170885388","170885705","KN295996v1","133342","133652","52","170752046"
"chr3","171237335","171237543","KN295564v1","135143","135357","30","171102192"
"chr3","171258696","171259008","KN297038v1","1285540","1285851","43","169973156"
"chr3","171272833","171273152","KN295366v1","78980","79290","54","171193853"
"chr3","171288780","171289104","KN294446v1","508370","508676","57","170780410"
"chr3","171424083","171424356","KN295722v1","1904349","1904617","48","169519734"
"chr3","171461340","171461625","KN294187v1","1918381","1918666","42","169542959"
"chr3","171471745","171472017","KN294470v1","2130181","2130453","34","169341564"
"chr3","171540761","171541034","KN295343v1","770844","771117","35","170769917"
"chr3","171542546","171542834","KN294561v1","1887166","1887450","39","169655380"
"chr3","171592663","171592844","KN297259v1","1726981","1727167","34","169865682"
"chr3","171603586","171603894","KN294705v1","1690073","1690383","33","169913513"
"chr3","171687782","171687905","KN295077v1","304214","304343","39","171383568"
"chr3","171695873","171696190","KN294499v1","1196345","1196649","49","170499528"
"chr3","171750282","171750595","KN296948v1","1380864","1381173","38","170369418"
"chr3","171846149","171846458","KN296019v1","343665","343977","38","171502484"
"chr3","171860676","171860978","KN294592v1","1036828","1037126","35","170823848"
"chr3","172111352","172111653","KN296322v1","2692700","2693002","42","169418652"
"chr3","172176142","172176444","KN296743v1","323605","323904","34","171852537"
"chr3","172196049","172196337","KN296594v1","1180742","1181038","40","171015307"
"chr3","172203396","172203704","KN294710v1","68748","69053","36","172134648"
"chr3","172320161","172320460","KN294444v1","166708","167002","46","172153453"
"chr3","172458015","172458320","KN294206v1","33776","34067","38","172424239"
"chr3","172656646","172656952","KN294603v1","111945","112247","38","172544701"
"chr3","172849344","172849629","KN294591v1","423646","423931","31","172425698"
"chr3","173029330","173029629","KN296926v1","728665","728961","40","172300665"
"chr3","173043334","173043621","KN294193v1","568677","568960","41","172474657"
"chr3","173125494","173125790","KN294561v1","517718","518010","40","172607776"
"chr3","173142374","173142667","KN295241v1","9462","9752","31","173132912"
"chr3","173235172","173235483","KN296153v1","4052438","4052745","40","169182734"
"chr3","173320016","173320339","KN297184v1","1406279","1406594","42","171913737"
"chr3","173438662","173438957","KN294147v1","2055368","2055676","44","171383294"
"chr3","173563725","173563975","KN296948v1","1008770","1009024","37","172554955"
"chr3","173574560","173574896","KN295601v1","1384082","1384410","47","172190478"
"chr3","173589171","173589468","KN294147v1","1899027","1899325","31","171690144"
"chr3","173600404","173600686","KN296176v1","185068","185352","44","173415336"
"chr3","173623559","173623839","KN295459v1","1101140","1101421","29","172522419"
"chr3","173627261","173627537","KN294147v1","1861831","1862127","41","171765430"
"chr3","173632164","173632463","KN294147v1","1855903","1856206","29","171776261"
"chr3","173638603","173638923","KN296484v1","351750","352061","45","173286853"
"chr3","173649130","173649440","KN294957v1","62097","62408","37","173587033"
"chr3","173652374","173652672","KN294147v1","1833984","1834275","33","171818390"
"chr3","173656280","173656580","KN296138v1","435197","435501","35","173221083"
"chr3","173666788","173667056","KN295319v1","123937","124200","68","173542851"
"chr3","173667328","173667640","KN294147v1","1819919","1820224","33","171847409"
"chr3","173685026","173685336","KN295586v1","1244707","1245017","36","172440319"
"chr3","173687650","173687964","KN294147v1","1798663","1798963","32","171888987"
"chr3","173697363","173697671","KN294147v1","1788633","1788942","30","171908730"
"chr3","173720182","173720496","KN294147v1","1764505","1764816","39","171955677"
"chr3","173798650","173798938","KN294147v1","1686322","1686621","40","172112328"
"chr3","173800256","173800556","KN294378v1","1310611","1310912","35","172489645"
"chr3","173810563","173810857","KN294662v1","54879","55172","35","173755684"
"chr3","173829005","173829311","KN296167v1","450049","450355","33","173378956"
"chr3","173840110","173840403","KN294147v1","1645808","1646109","32","172194302"
"chr3","173847006","173847179","KN296948v1","1402009","1402176","37","172444997"
"chr3","173859270","173859584","KN294991v1","686774","687084","46","173172496"
"chr3","173877978","173878267","KN294147v1","1612361","1612646","24","172265617"
"chr3","173882934","173883237","KN294147v1","1603851","1604147","31","172279083"
"chr3","173889118","173889426","KN296188v1","339026","339326","35","173550092"
"chr3","173900176","173900487","KN296682v1","2875657","2875966","39","171024519"
"chr3","173904039","173904355","KN296959v1","1350845","1351154","46","172553194"
"chr3","173917138","173917447","KN296036v1","687150","687461","37","173229988"
"chr3","173933211","173933485","KN294251v1","1151512","1151787","32","172781699"
"chr3","173953814","173954115","KN295586v1","2267301","2267598","36","171686513"
"chr3","173956978","173957274","KN296557v1","18517","18814","41","173938461"
"chr3","173961496","173961792","KN296557v1","18517","18814","35","173942979"
"chr3","173968249","173968563","KN294147v1","1522706","1523003","33","172445543"
"chr3","173983906","173984194","KN294147v1","1506885","1507175","32","172477021"
"chr3","173988256","173988556","KN294147v1","1502255","1502546","32","172486001"
"chr3","173991220","173991526","KN295748v1","161587","161896","32","173829633"
"chr3","173993108","173993416","KN296916v1","402051","402359","38","173591057"
"chr3","174011038","174011328","KN295671v1","310148","310439","35","173700890"
"chr3","174011707","174012003","KN295974v1","839420","839712","36","173172287"
"chr3","174016975","174017233","KN295090v1","2882133","2882386","44","171134842"
"chr3","174025798","174026109","KN296281v1","112915","113226","42","173912883"
"chr3","174032595","174032898","KN294147v1","1457103","1457390","38","172575492"
"chr3","174037607","174037919","KN295236v1","3914928","3915239","41","170122679"
"chr3","174055409","174055718","KN294446v1","508370","508676","41","173547039"
"chr3","174063958","174064250","KN294911v1","2646845","2647138","41","171417113"
"chr3","174065039","174065296","KN295893v1","7483206","7483473","66","166581833"
"chr3","174068313","174068607","KN294147v1","1425074","1425359","38","172643239"
"chr3","174072229","174072514","KN295371v1","448057","448341","32","173624172"
"chr3","174083788","174084088","KN295814v1","1248217","1248525","35","172835571"
"chr3","174093660","174093967","KN294147v1","1399561","1399865","22","172694099"
"chr3","174100768","174101079","KN295667v1","1695804","1696115","46","172404964"
"chr3","174114294","174114593","KN294147v1","1376898","1377195","32","172737396"
"chr3","174126828","174127122","KN294147v1","1365679","1365981","36","172761149"
"chr3","174129349","174129660","KN295929v1","457065","457374","43","173672284"
"chr3","174148171","174148497","KN294147v1","1342704","1343010","42","172805467"
"chr3","174164513","174164814","KN294147v1","1327198","1327496","30","172837315"
"chr3","174168285","174168516","KN295405v1","757351","757593","52","173410934"
"chr3","174170361","174170671","KN294705v1","1537713","1538021","41","172632648"
"chr3","174198538","174198832","KN296682v1","3078828","3079120","37","171119710"
"chr3","174213137","174213420","KN294147v1","1283088","1283374","48","172930049"
"chr3","174214830","174215137","KN294147v1","1281203","1281505","34","172933627"
"chr3","174216740","174217043","KN294147v1","1279484","1279785","29","172937256"
"chr3","174217054","174217356","KN294147v1","1279168","1279471","28","172937886"
"chr3","174238274","174238587","KN296201v1","1143132","1143432","42","173095142"
"chr3","174238920","174239221","KN294396v1","480362","480665","32","173758558"
"chr3","174242602","174242886","KN294147v1","1258775","1259051","31","172983827"
"chr3","174242912","174243137","KN296035v1","425956","426197","51","173816956"
"chr3","174246958","174247239","KN294147v1","1254707","1254993","36","172992251"
"chr3","174265973","174266271","KN294147v1","1236368","1236673","28","173029605"
"chr3","174282623","174282929","KN296036v1","2062557","2062868","34","172220066"
"chr3","174286318","174286628","KN294407v1","2317315","2317623","37","171969003"
"chr3","174307467","174307762","KN296620v1","349918","350214","29","173957549"
"chr3","174311072","174311368","KN294147v1","1191891","1192182","25","173119181"
"chr3","174313447","174313734","KN296513v1","2367758","2368048","44","171945689"
"chr3","174341127","174341425","KN294147v1","1159970","1160271","31","173181157"
"chr3","174345055","174345266","KN295977v1","1276894","1277103","46","173068161"
"chr3","174345634","174345936","KN294147v1","1155940","1156243","37","173189694"
"chr3","174354721","174355027","KN294147v1","1146938","1147244","35","173207783"
"chr3","174361363","174361674","KN294416v1","361924","362233","32","173999439"
"chr3","174399227","174399533","KN294266v1","214101","214406","35","174185126"
"chr3","174460260","174460437","KN296225v1","431898","432075","32","174028362"
"chr3","174471963","174472270","KN296145v1","3430721","3431032","42","171041242"
"chr3","174555350","174555620","KN294147v1","962632","962894","31","173592718"
"chr3","174590402","174590709","KN294147v1","919172","919468","29","173671230"
"chr3","174650947","174651226","KN294462v1","122772","123050","40","174528175"
"chr3","174672275","174672578","KN294147v1","836676","836982","32","173835599"
"chr3","174690149","174690449","KN294147v1","819353","819661","36","173870796"
"chr3","174721780","174721973","KN294456v1","895531","895730","36","173826249"
"chr3","174737017","174737172","KN296311v1","4401552","4401703","32","170335465"
"chr3","174835225","174835508","KN294147v1","677903","678186","27","174157322"
"chr3","175012073","175012345","KN294147v1","496677","496950","23","174515396"
"chr3","175029386","175029698","KN295869v1","487414","487718","43","174541972"
"chr3","175055832","175056149","KN294147v1","452412","452721","35","174603420"
"chr3","175115085","175115396","KN294147v1","395582","395901","32","174719503"
"chr3","175155006","175155309","KN294456v1","1098138","1098439","37","174056868"
"chr3","175216010","175216318","KN297133v1","605665","605974","45","174610345"
"chr3","175249150","175249457","KN294147v1","259756","260046","37","174989394"
"chr3","175270465","175270772","KN294147v1","239701","240005","28","175030764"
"chr3","175273348","175273606","KN294147v1","236865","237138","36","175036483"
"chr3","175295412","175295586","KN294957v1","73265","73439","38","175222147"
"chr3","175309790","175310061","KN296938v1","974481","974751","44","174335309"
"chr3","175386649","175386952","KN294147v1","144273","144585","30","175242376"
"chr3","175407364","175407682","KN294147v1","125681","125985","53","175281683"
"chr3","175442466","175442752","KN294147v1","94470","94754","29","175347996"
"chr3","175492573","175492844","KN294234v1","2125042","2125313","42","173367531"
"chr3","175514805","175515100","KN296921v1","2918407","2918707","39","172596398"
"chr3","175552600","175552909","KN295501v1","781207","781518","52","174771393"
"chr3","175570085","175570391","KN295090v1","631852","632162","38","174938233"
"chr3","175618335","175618655","KN296486v1","1266538","1266834","40","174351797"
"chr3","175652202","175652503","KN295637v1","795675","795978","45","174856527"
"chr3","175763409","175763696","KN295601v1","2938864","2939158","35","172824545"
"chr3","175774786","175775036","KN296538v1","846206","846465","32","174928580"
"chr3","175800845","175801150","KN297197v1","699015","699311","43","175101830"
"chr3","175812053","175812320","KN294161v1","894750","895027","44","174917303"
"chr3","175838548","175838845","KN295198v1","274974","275272","33","175563574"
"chr3","175843057","175843357","KN296365v1","603405","603707","37","175239652"
"chr3","175866292","175866607","KN297259v1","1820010","1820317","36","174046282"
"chr3","175868208","175868516","KN295090v1","242110","242415","46","175626098"
"chr3","175870401","175870705","KN296153v1","2534206","2534506","43","173336195"
"chr3","175874948","175875249","KN296588v1","2177899","2178202","34","173697049"
"chr3","175883856","175884139","KN295059v1","242847","243129","37","175641009"
"chr3","175895888","175896200","KN296635v1","3876048","3876352","39","172019840"
"chr3","175920427","175920712","KN297323v1","598239","598527","41","175322188"
"chr3","175966062","175966356","KN294662v1","54879","55172","46","175911183"
"chr3","175969639","175969924","KN294172v1","6416364","6416655","59","169553275"
"chr3","175974369","175974646","KN294949v1","1309263","1309554","44","174665106"
"chr3","175983522","175983831","KN296964v1","1801449","1801744","43","174182073"
"chr3","176010614","176010917","KN296959v1","1610341","1610649","36","174400273"
"chr3","176057998","176058258","KN296036v1","300943","301205","33","175757055"
"chr3","176093643","176093932","KN295646v1","22229","22522","50","176071414"
"chr3","176099763","176100042","KN295987v1","1241626","1241902","43","174858137"
"chr3","176147765","176148061","KN295523v1","3166167","3166457","37","172981598"
"chr3","176158270","176158564","KN295666v1","873327","873629","34","175284943"
"chr3","176168970","176169271","KN297245v1","1416081","1416379","35","174752889"
"chr3","176179763","176180073","KN295433v1","1117639","1117945","35","175062124"
"chr3","176183434","176183732","KN296311v1","768493","768797","37","175414941"
"chr3","176192803","176193111","KN296153v1","863239","863546","36","175329564"
"chr3","176211848","176212141","KN295480v1","1302107","1302401","40","174909741"
"chr3","176230108","176230395","KN295573v1","502898","503186","35","175727210"
"chr3","176248186","176248477","KN294187v1","158362","158655","40","176089824"
"chr3","176278602","176278887","KN296508v1","659940","660226","33","175618662"
"chr3","176283861","176284069","KN296732v1","1885040","1885246","32","174398821"
"chr3","176312775","176313090","KN295614v1","72088","72384","70","176240687"
"chr3","176364970","176365286","KN294378v1","1174635","1174937","41","175190335"
"chr3","176367895","176368196","KN294501v1","546967","547271","33","175820928"
"chr3","176371378","176371617","KN295405v1","757351","757593","42","175614027"
"chr3","176386557","176386859","KN294790v1","2412598","2412898","38","173973959"
"chr3","176394161","176394453","KN294444v1","166708","167002","38","176227453"
"chr3","176456133","176456306","KN295303v1","29979","30150","32","176426154"
"chr3","176456406","176456597","KN296426v1","64367","64561","29","176392039"
"chr3","176476401","176476702","KN296643v1","47618","47923","30","176428783"
"chr3","176491459","176491762","KN294917v1","405138","405434","51","176086321"
"chr3","176506917","176507111","KN296146v1","211079","211272","30","176295838"
"chr3","176508134","176508419","KN295350v1","61187","61477","36","176446947"
"chr3","176520078","176520395","KN295350v1","829872","830181","55","175690206"
"chr3","176537326","176537633","KN294790v1","163386","163690","36","176373940"
"chr3","176542608","176542908","KN294218v1","2833833","2834132","31","173708775"
"chr3","176547066","176547382","KN295301v1","761923","762233","41","175785143"
"chr3","176570367","176570664","KN297233v1","523000","523293","34","176047367"
"chr3","176578158","176578465","KN296167v1","450049","450355","48","176128109"
"chr3","176609053","176609369","KN297023v1","480259","480560","44","176128794"
"chr3","176635103","176635411","KN296011v1","134972","135280","40","176500131"
"chr3","176705042","176705330","KN294456v1","1098138","1098439","37","175606904"
"chr3","176718677","176718983","KN296731v1","694955","695263","40","176023722"
"chr3","176772505","176772814","KN297452v1","231523","231832","33","176540982"
"chr3","176805917","176806206","KN297320v1","624972","625260","45","176180945"
"chr3","176903455","176903757","KN294470v1","2864797","2865078","58","174038658"
"chr3","176906802","176907108","KN295487v1","52973","53281","42","176853829"
"chr3","176964386","176964685","KN296833v1","30824","31126","28","176933562"
"chr3","177206085","177206394","KN296536v1","35315","35626","41","177170770"
"chr3","177317692","177318021","KN295735v1","713634","713968","40","176604058"
"chr3","177375211","177375442","KN295405v1","757351","757593","47","176617860"
"chr3","177433054","177433351","KN294287v1","530811","531116","53","176902243"
"chr3","177632258","177632566","KN294451v1","1139913","1140218","37","176492345"
"chr3","177649862","177650144","KN296486v1","1457751","1458030","46","176192111"
"chr3","177713546","177713802","KN295820v1","851444","851701","38","176862102"
"chr3","177845053","177845353","KN296538v1","938460","938756","50","176906593"
"chr3","177858184","177858442","KN295869v1","1570001","1570244","50","176288183"
"chr3","177868515","177868807","KN295988v1","704187","704482","41","177164328"
"chr3","177873158","177873457","KN294470v1","2136945","2137241","45","175736213"
"chr3","177910920","177911176","KN294239v1","1589177","1589439","39","176321743"
"chr3","177952551","177952852","KN296263v1","810253","810550","44","177142298"
"chr3","178098049","178098344","KN294385v1","186860","187159","35","177911189"
"chr3","178118828","178119121","KN296934v1","509468","509764","42","177609360"
"chr3","178307124","178307406","KN296261v1","620490","620771","47","177686634"
"chr3","178314938","178315230","KN295480v1","1302107","1302401","33","177012831"
"chr3","178339707","178340013","KN294326v1","309006","309309","36","178030701"
"chr3","178357303","178357600","KN296498v1","160650","160957","42","178196653"
"chr3","178357680","178357982","KN295459v1","673095","673397","35","177684585"
"chr3","178389207","178389366","KN297154v1","189572","189735","31","178199635"
"chr3","178394233","178394531","KN294501v1","19038","19338","39","178375195"
"chr3","178688735","178688956","KN295236v1","3506386","3506600","42","175182349"
"chr3","178815376","178815684","KN295586v1","1244707","1245017","35","177570669"
"chr3","178880847","178881005","KN295284v1","109927","110084","28","178770920"
"chr3","179005740","179006046","KN295487v1","52973","53281","35","178952767"
"chr3","179055903","179056201","KN295165v1","435905","436205","30","178619998"
"chr3","179076371","179076707","KN295596v1","1567069","1567403","60","177509302"
"chr3","179127282","179127571","KN296079v1","815091","815363","51","178312191"
"chr3","179194493","179194648","KN294848v1","1183193","1183355","29","178011300"
"chr3","179280434","179280742","KN296682v1","4855759","4856070","54","174424675"
"chr3","179343135","179343433","KN295480v1","1514936","1515236","42","177828199"
"chr3","179381043","179381276","KN295705v1","623338","623563","55","178757705"
"chr3","179500200","179500501","KN294509v1","384110","384414","45","179116090"
"chr3","179556406","179556714","KN294884v1","66822","67131","40","179489584"
"chr3","179627519","179627827","KN296503v1","539763","540066","32","179087756"
"chr3","179642515","179642706","KN295236v1","3402541","3402725","34","176239974"
"chr3","179780961","179781295","KN294257v1","2642468","2642800","71","177138493"
"chr3","179911412","179911717","KN296847v1","376638","376939","35","179534774"
"chr3","179986090","179986422","KN296460v1","119303","119632","42","179866787"
"chr3","180097556","180097872","KN294178v1","38091","38403","37","180059465"
"chr3","180175809","180176097","KN297112v1","4708883","4709170","34","175466926"
"chr3","180348317","180348589","KN295667v1","1390282","1390554","39","178958035"
"chr3","180359057","180359356","KN295607v1","4377455","4377758","39","175981602"
"chr3","180624029","180624319","KN295107v1","300735","301027","36","180323294"
"chr3","180714382","180714673","KN294187v1","1161123","1161397","50","179553259"
"chr3","180775594","180775883","KN297157v1","47278","47567","35","180728316"
"chr3","180841747","180842040","KN294937v1","266","558","40","180841481"
"chr3","180929277","180929574","KN296187v1","1209536","1209835","28","179719741"
"chr3","180930527","180930830","KN295172v1","283800","284107","36","180646727"
"chr3","180937292","180937600","KN295198v1","172367","172673","41","180764925"
"chr3","180944085","180944391","KN296430v1","1136125","1136422","51","179807960"
"chr3","180987824","180988107","KN296484v1","733487","733776","49","180254337"
"chr3","181005230","181005507","KN296357v1","428161","428440","36","180577069"
"chr3","181023588","181023882","KN296122v1","467559","467860","35","180556029"
"chr3","181052181","181052480","KN296620v1","349918","350214","33","180702263"
"chr3","181056969","181057257","KN294911v1","2381737","2382020","42","178675232"
"chr3","181066191","181066495","KN295526v1","243770","244072","48","180822421"
"chr3","181111285","181111570","KN297320v1","271981","272275","39","180839304"
"chr3","181116559","181116855","KN296062v1","126120","126418","35","180990439"
"chr3","181138951","181139194","KN295366v1","404843","405103","53","180734108"
"chr3","181142252","181142332","KN296119v1","5049957","5050037","16","176092295"
"chr3","181142627","181142860","KN296775v1","627278","627511","41","180515349"
"chr3","181145668","181145964","KN296311v1","719170","719471","44","180426498"
"chr3","181167317","181167595","KN297159v1","1496468","1496749","35","179670849"
"chr3","181176915","181177211","KN295326v1","192748","193053","43","180984167"
"chr3","181188437","181188716","KN296206v1","4259","4539","45","181184178"
"chr3","181191852","181192137","KN296557v1","13515","13811","43","181178337"
"chr3","181194321","181194630","KN295922v1","130002","130315","35","181064319"
"chr3","181197721","181198005","KN295371v1","448057","448341","31","180749664"
"chr3","181203257","181203474","KN295977v1","1276894","1277103","46","179926363"
"chr3","181204049","181204263","KN295977v1","1276894","1277103","46","179927155"
"chr3","181235042","181235346","KN296926v1","1143380","1143688","43","180091662"
"chr3","181246274","181246579","KN296311v1","2891003","2891305","37","178355271"
"chr3","181273625","181273929","KN297276v1","143691","143993","33","181129934"
"chr3","181289805","181290112","KN294407v1","2157068","2157379","38","179132737"
"chr3","181290696","181291000","KN294378v1","1174635","1174937","42","180116061"
"chr3","181292071","181292317","KN296538v1","771710","771959","46","180520361"
"chr3","181308841","181309123","KN296508v1","1079358","1079640","32","180229483"
"chr3","181317992","181318292","KN295705v1","2127096","2127397","39","179190896"
"chr3","181328895","181329195","KN295841v1","494485","494787","36","180834410"
"chr3","181347819","181348111","KN295729v1","826689","826980","34","180521130"
"chr3","181362953","181363266","KN295923v1","2048659","2048972","42","179314294"
"chr3","181370483","181370782","KN294911v1","3904036","3904337","32","177466447"
"chr3","181387268","181387558","KN294842v1","443862","444152","35","180943406"
"chr3","181393901","181394185","KN295059v1","242847","243129","46","181151054"
"chr3","181416212","181416566","KN295596v1","3344205","3344548","64","178072007"
"chr3","181439994","181440288","KN294172v1","6693401","6693683","54","174746593"
"chr3","181513066","181513378","KN295108v1","778481","778789","40","180734585"
"chr3","181520287","181520568","KN296036v1","820125","820404","38","180700162"
"chr3","181522753","181523055","KN294806v1","379335","379637","38","181143418"
"chr3","181530258","181530590","KN296460v1","119303","119632","46","181410955"
"chr3","181545542","181545846","KN294809v1","1033430","1033730","31","180512112"
"chr3","181579457","181579768","KN295922v1","130002","130315","39","181449455"
"chr3","181580770","181581066","KN297008v1","1825305","1825608","39","179755465"
"chr3","181638200","181638498","KN297023v1","480259","480560","35","181157941"
"chr3","181673231","181673540","KN296253v1","47774","48082","37","181625457"
"chr3","181820246","181820531","KN295236v1","2351883","2352170","36","179468363"
"chr3","181841700","181842009","KN296864v1","3164724","3165032","46","178676976"
"chr3","181901862","181902161","KN297197v1","699015","699311","40","181202847"
"chr3","181928166","181928465","KN295729v1","1349755","1350051","39","180578411"
"chr3","181943410","181943562","KN296311v1","7809500","7809656","26","174133910"
"chr3","181951339","181951636","KN294539v1","1287945","1288241","40","180663394"
"chr3","182020132","182020434","KN297245v1","1416081","1416379","40","180604051"
"chr3","182119044","182119363","KN295729v1","1216084","1216395","50","180902960"
"chr3","182272260","182272569","KN296386v1","821058","821369","39","181451202"
"chr3","182383170","182383472","KN294326v1","309006","309309","42","182074164"
"chr3","182399849","182400153","KN295526v1","764551","764853","32","181635298"
"chr3","182541158","182541446","KN296577v1","39869","40161","44","182501289"
"chr3","182582300","182582544","KN295405v1","757351","757593","53","181824949"
"chr3","182625885","182626185","KN295236v1","4141001","4141296","45","178484884"
"chr3","182841310","182841611","KN294433v1","783310","783612","26","182058000"
"chr3","182864499","182864542","KN295814v1","1293144","1293189","13","181571355"
"chr3","182864986","182865164","KN295090v1","1414837","1415006","29","181450149"
"chr3","182867049","182867339","KN294433v1","758443","758734","28","182108606"
"chr3","182981097","182981407","KN296303v1","514845","515157","35","182466252"
"chr3","183021244","183021546","KN296426v1","105920","106223","36","182915324"
"chr3","183028483","183028734","KN294433v1","613581","613848","41","182414902"
"chr3","183036298","183036596","KN296153v1","1115266","1115561","37","181921032"
"chr3","183047167","183047470","KN294433v1","594314","594613","30","182452853"
"chr3","183048463","183048759","KN294433v1","593042","593335","34","182455421"
"chr3","183106280","183106588","KN294433v1","527844","528145","35","182578436"
"chr3","183135640","183135940","KN294433v1","496723","497031","33","182638917"
"chr3","183165513","183165791","KN294433v1","467224","467501","36","182698289"
"chr3","183204573","183204875","KN294433v1","427862","428171","30","182776711"
"chr3","183208403","183208715","KN296158v1","1193882","1194198","41","182014521"
"chr3","183210750","183211053","KN296167v1","450049","450355","48","182760701"
"chr3","183213734","183214023","KN294433v1","419170","419470","37","182794564"
"chr3","183222646","183222957","KN294433v1","411337","411646","33","182811309"
"chr3","183231953","183232268","KN294613v1","763337","763646","46","182468616"
"chr3","183249308","183249600","KN294433v1","364236","364527","22","182885072"
"chr3","183250364","183250659","KN294433v1","362882","363170","39","182887482"
"chr3","183260243","183260541","KN296145v1","740136","740436","29","182520107"
"chr3","183283710","183284048","KN297219v1","1549261","1549566","64","181734449"
"chr3","183301233","183301533","KN294790v1","428668","428977","37","182872565"
"chr3","183307648","183307941","KN294433v1","305047","305340","28","183002601"
"chr3","183336923","183337205","KN294433v1","275596","275880","33","183061327"
"chr3","183364810","183365115","KN296305v1","827789","828091","40","182537021"
"chr3","183399684","183399997","KN295523v1","3547734","3548036","45","179851950"
"chr3","183445927","183446229","KN294433v1","159342","159630","38","183286585"
"chr3","183462483","183462793","KN294433v1","139825","140135","32","183322658"
"chr3","183510270","183510573","KN294470v1","2878982","2879283","38","180631288"
"chr3","183511116","183511418","KN294456v1","1098138","1098439","31","182412978"
"chr3","183511730","183512029","KN294218v1","2409972","2410267","42","181101758"
"chr3","183530795","183531089","KN296620v1","349918","350214","34","183180877"
"chr3","183536334","183536532","KN296426v1","64367","64561","31","183471967"
"chr3","183542148","183542435","KN295814v1","1167733","1168035","45","182374415"
"chr3","183552505","183552792","KN294591v1","423646","423931","35","183128859"
"chr3","183582285","183582591","KN294873v1","942906","943208","43","182639379"
"chr3","183583680","183583974","KN295607v1","3831101","3831405","52","179752579"
"chr3","183591149","183591459","KN296062v1","1050819","1051130","42","182540330"
"chr3","183603871","183604177","KN296982v1","567624","567930","43","183036247"
"chr3","183607323","183607613","KN294790v1","272636","272926","42","183334687"
"chr3","183613858","183614171","KN297171v1","291929","292236","50","183321929"
"chr3","183617186","183617371","KN295075v1","296878","297040","47","183320308"
"chr3","183619710","183620014","KN297233v1","523000","523293","33","183096710"
"chr3","183624758","183625063","KN294493v1","21793","22103","37","183602965"
"chr3","183630600","183630634","KN295605v1","731068","731107","8","182899532"
"chr3","183630943","183631194","KN296096v1","802153","802402","56","182828790"
"chr3","183636783","183637053","KN294224v1","807450","807720","34","182829333"
"chr3","183654159","183654473","KN296907v1","607995","608298","42","183046164"
"chr3","183669030","183669333","KN296513v1","2047464","2047766","36","181621566"
"chr3","183671931","183672236","KN297361v1","166730","167034","29","183505201"
"chr3","183723629","183723913","KN296495v1","1951647","1951933","39","181771982"
"chr3","183766815","183767109","KN295983v1","653692","653984","45","183113123"
"chr3","183771964","183772256","KN296322v1","2709076","2709373","41","181062888"
"chr3","183776932","183777223","KN294172v1","6311128","6311420","36","177465804"
"chr3","183829886","183830198","KN295091v1","2259731","2260040","39","181570155"
"chr3","183944794","183945078","KN294756v1","253","541","43","183944541"
"chr3","183952154","183952467","KN297190v1","781761","782075","49","183170393"
"chr3","184056467","184056753","KN294446v1","240983","241287","47","183815484"
"chr3","184087491","184087793","KN294456v1","1098138","1098439","36","182989353"
"chr3","184143935","184144203","KN295667v1","761203","761468","29","183382732"
"chr3","184201520","184201825","KN295814v1","1261993","1262292","43","182939527"
"chr3","184378472","184378774","KN295301v1","716124","716425","37","183662348"
"chr3","184540890","184541203","KN295571v1","513084","513393","44","184027806"
"chr3","184628013","184628279","KN294172v1","3669482","3669748","36","180958531"
"chr3","184629293","184629607","KN295708v1","1431107","1431415","45","183198186"
"chr3","184722535","184722809","KN297171v1","2628817","2629092","39","182093718"
"chr3","184725530","184725827","KN297245v1","1416081","1416379","34","183309449"
"chr3","184731220","184731271","KN296743v1","1948518","1948571","10","182782702"
"chr3","184731752","184731984","KN295623v1","210673","210917","39","184521079"
"chr3","184796233","184796465","KN296952v1","107590","107814","44","184688643"
"chr3","184797431","184797702","KN294633v1","21601","21871","38","184775830"
"chr3","184798139","184798430","KN295967v1","606893","607186","46","184191246"
"chr3","184804281","184804514","KN295405v1","757351","757593","47","184046930"
"chr3","184816313","184816612","KN294421v1","1281575","1281868","45","183534738"
"chr3","184824743","184825043","KN294603v1","111945","112247","44","184712798"
"chr3","184845909","184846215","KN295735v1","825024","825326","39","184020885"
"chr3","184846912","184847208","KN296247v1","273218","273514","33","184573694"
"chr3","184848658","184848952","KN294539v1","1287945","1288241","44","183560713"
"chr3","184849275","184849574","KN296620v1","349918","350214","31","184499357"
"chr3","184852390","184852686","KN295983v1","561537","561841","42","184290853"
"chr3","184855291","184855599","KN297276v1","143691","143993","37","184711600"
"chr3","184856922","184857236","KN295825v1","3384660","3384967","49","181472262"
"chr3","184859796","184860108","KN294251v1","1186841","1187150","45","183672955"
"chr3","184861429","184861738","KN296731v1","1167793","1168104","37","183693636"
"chr3","184864837","184865151","KN296484v1","351750","352061","42","184513087"
"chr3","184875286","184875564","KN294569v1","208735","209017","45","184666551"
"chr3","184880297","184880483","KN295605v1","636726","636920","52","184243571"
"chr3","184882498","184882819","KN294705v1","623696","624002","62","184258802"
"chr3","184891946","184892222","KN295441v1","405739","406027","45","184486207"
"chr3","184908587","184908895","KN296244v1","633132","633433","45","184275455"
"chr3","184915281","184915581","KN294592v1","366424","366728","38","184548857"
"chr3","184915582","184915861","KN297141v1","1594","1881","51","184913988"
"chr3","184978018","184978329","KN294399v1","47743","48054","36","184930275"
"chr3","184980926","184981207","KN296486v1","1457751","1458030","38","183523175"
"chr3","185081527","185081840","KN295592v1","1811056","1811365","39","183270471"
"chr3","185090782","185091061","KN294172v1","1611538","1611818","41","183479244"
"chr3","185096105","185096394","KN295995v1","633923","634217","37","184462182"
"chr3","185101543","185101846","KN296200v1","1175047","1175352","37","183926496"
"chr3","185133163","185133479","KN295722v1","792295","792591","67","184340868"
"chr3","185164955","185165243","KN294269v1","1190734","1191020","39","183974221"
"chr3","185241317","185241551","KN295977v1","1276894","1277103","59","183964423"
"chr3","185257186","185257477","KN295515v1","43819","44136","39","185213367"
"chr3","185500590","185500884","KN295571v1","203398","203695","25","185297192"
"chr3","185636279","185636531","KN296311v1","2097854","2098122","43","183538425"
"chr3","185663030","185663369","KN295523v1","2651938","2652265","65","183011092"
"chr3","185666160","185666456","KN295571v1","360092","360383","21","185306068"
"chr3","185671565","185671858","KN295571v1","364305","364602","29","185307260"
"chr3","185673714","185674021","KN296513v1","2047464","2047766","37","183626250"
"chr3","185801150","185801442","KN295571v1","497775","498076","47","185303375"
"chr3","185803450","185803746","KN294501v1","4140225","4140518","35","181663225"
"chr3","185806465","185806777","KN294172v1","2506064","2506374","39","183300401"
"chr3","185818893","185819187","KN295871v1","615076","615373","27","185203817"
"chr3","185819636","185819928","KN296287v1","119329","119630","42","185700307"
"chr3","185819991","185820276","KN294182v1","571951","572239","44","185248040"
"chr3","185826403","185826687","KN294181v1","1462427","1462712","40","184363976"
"chr3","185849784","185850087","KN294420v1","687125","687429","42","185162659"
"chr3","185882719","185882963","KN295962v1","1998205","1998452","44","183884514"
"chr3","185888185","185888484","KN294964v1","673814","674112","40","185214371"
"chr3","185890114","185890422","KN295571v1","576304","576606","26","185313810"
"chr3","185947065","185947356","KN295571v1","633595","633897","35","185313470"
"chr3","185953215","185953501","KN295371v1","448057","448341","36","185505158"
"chr3","185959321","185959629","KN295748v1","161587","161896","45","185797734"
"chr3","186247949","186248254","KN295571v1","930991","931293","24","185316958"
"chr3","186266800","186267087","KN295717v1","115326","115611","40","186151474"
"chr3","186287455","186287748","KN295571v1","971236","971534","42","185316219"
"chr3","186398337","186398632","KN297047v1","1316088","1316386","32","185082249"
"chr3","186407695","186407993","KN295439v1","83349","83650","37","186324346"
"chr3","186591797","186592098","KN296036v1","2426703","2427012","29","184165094"
"chr3","186617486","186617775","KN294456v1","1143112","1143404","38","185474374"
"chr3","186672002","186672313","KN296036v1","2353184","2353495","28","184318818"
"chr3","186710726","186711003","KN294399v1","58869","59146","41","186651857"
"chr3","186714408","186714709","KN296635v1","3876048","3876352","36","182838360"
"chr3","186732525","186732835","KN296096v1","2349554","2349864","36","184382971"
"chr3","186741133","186741431","KN296036v1","2288508","2288810","23","184452625"
"chr3","186753259","186753547","KN296036v1","2276512","2276798","37","184476747"
"chr3","186758313","186758615","KN296096v1","2267406","2267701","40","184490907"
"chr3","186781079","186781356","KN296036v1","2247444","2247747","42","184533635"
"chr3","186783750","186784040","KN296036v1","2244916","2245198","22","184538834"
"chr3","186790274","186790569","KN294856v1","158144","158448","43","186632130"
"chr3","186802534","186802844","KN296119v1","2575075","2575382","38","184227459"
"chr3","186817091","186817374","KN296036v1","2217023","2217310","21","184600068"
"chr3","186859035","186859341","KN296036v1","2174459","2174759","26","184684576"
"chr3","186907558","186907858","KN294571v1","890748","891049","36","186016810"
"chr3","186913574","186913878","KN294705v1","186396","186702","43","186727178"
"chr3","186958597","186958897","KN296036v1","2069592","2069898","31","184889005"
"chr3","186987717","186988003","KN296702v1","990675","990965","46","185997042"
"chr3","186997048","186997349","KN295343v1","729289","729587","39","186267759"
"chr3","186997415","186997718","KN296036v1","2029786","2030094","25","184967629"
"chr3","187020671","187020977","KN294603v1","63949","64255","38","186956722"
"chr3","187055292","187055576","KN296404v1","1043973","1044260","42","186011319"
"chr3","187063783","187064089","KN295667v1","1859090","1859397","37","185204693"
"chr3","187064338","187064532","KN296426v1","64367","64561","31","186999971"
"chr3","187088383","187088668","KN296036v1","1938585","1938865","31","185149798"
"chr3","187104357","187104665","KN296620v1","376927","377237","34","186727430"
"chr3","187116714","187117021","KN296167v1","450049","450355","43","186666665"
"chr3","187121822","187122118","KN296036v1","1899482","1899779","23","185222340"
"chr3","187130436","187130732","KN296036v1","1880823","1881129","32","185249613"
"chr3","187147446","187147758","KN296036v1","1863335","1863651","35","185284111"
"chr3","187150098","187150407","KN296036v1","1861255","1861563","28","185288843"
"chr3","187157355","187157560","KN296426v1","64367","64561","41","187092988"
"chr3","187164383","187164686","KN296442v1","417977","418281","31","186746406"
"chr3","187170913","187171220","KN295748v1","161587","161896","32","187009326"
"chr3","187179983","187180292","KN294911v1","2691899","2692205","38","184488084"
"chr3","187185030","187185308","KN297112v1","6447609","6447884","33","180737421"
"chr3","187185768","187186077","KN296036v1","1829817","1830129","24","185355951"
"chr3","187241880","187242176","KN296036v1","1776647","1776941","26","185465233"
"chr3","187297283","187297444","KN294598v1","109238","109402","23","187188045"
"chr3","187298368","187298651","KN296036v1","1722049","1722347","38","185576319"
"chr3","187303978","187304279","KN296036v1","1716516","1716817","31","185587462"
"chr3","187304880","187305175","KN296036v1","1715618","1715917","29","185589262"
"chr3","187310032","187310336","KN297158v1","212439","212742","36","187097593"
"chr3","187316198","187316434","KN296036v1","1704299","1704530","22","185611899"
"chr3","187321257","187321558","KN294378v1","696718","697020","38","186624539"
"chr3","187325002","187325308","KN295633v1","2352774","2353077","39","184972228"
"chr3","187337646","187337957","KN295096v1","378543","378854","36","186959103"
"chr3","187357877","187358170","KN295708v1","2784035","2784327","32","184573842"
"chr3","187358566","187358870","KN296036v1","1663777","1664084","30","185694789"
"chr3","187364666","187364960","KN295343v1","729289","729587","35","186635377"
"chr3","187390593","187390802","KN296884v1","858220","858434","37","186532373"
"chr3","187409754","187410058","KN295301v1","716124","716425","30","186693630"
"chr3","187425072","187425370","KN296036v1","1585813","1586115","40","185839259"
"chr3","187431626","187431937","KN296036v1","1578930","1579231","35","185852696"
"chr3","187434381","187434669","KN294445v1","504220","504505","34","186930161"
"chr3","187437262","187437557","KN296036v1","1572905","1573193","31","185864357"
"chr3","187453030","187453314","KN296036v1","1555982","1556264","34","185897048"
"chr3","187475227","187475527","KN296036v1","1526867","1527157","30","185948360"
"chr3","187492279","187492485","KN295564v1","135143","135357","31","187357136"
"chr3","187493153","187493392","KN296036v1","1506654","1506896","28","185986499"
"chr3","187496913","187497217","KN294790v1","163386","163690","35","187333527"
"chr3","187500620","187500928","KN294911v1","2842843","2843153","43","184657777"
"chr3","187507486","187507803","KN296036v1","1491912","1492215","42","186015574"
"chr3","187522546","187522859","KN296036v1","1476516","1476816","35","186046030"
"chr3","187544813","187545110","KN296620v1","349918","350214","32","187194895"
"chr3","187546876","187547178","KN296036v1","1451367","1451657","29","186095509"
"chr3","187553959","187554261","KN296036v1","1444001","1444309","30","186109958"
"chr3","187582481","187582792","KN296036v1","1411280","1411574","41","186171201"
"chr3","187587688","187588007","KN296036v1","1406326","1406648","24","186181362"
"chr3","187597735","187598041","KN294848v1","512947","513252","38","187084788"
"chr3","187655313","187655609","KN295430v1","1217885","1218183","36","186437428"
"chr3","187660179","187660488","KN295096v1","2965990","2966278","51","184694189"
"chr3","187680689","187680985","KN296036v1","1317050","1317345","25","186363639"
"chr3","187684899","187685163","KN297112v1","2548756","2549024","37","185136143"
"chr3","187733176","187733466","KN295729v1","826689","826980","38","186906487"
"chr3","187745435","187745733","KN296036v1","1250640","1250942","36","186494795"
"chr3","187752155","187752440","KN295561v1","109790","110077","32","187642365"
"chr3","187767568","187767877","KN295096v1","457011","457322","48","187310557"
"chr3","187770755","187771062","KN296036v1","1224624","1224929","24","186546131"
"chr3","187779469","187779774","KN297023v1","480259","480560","36","187299210"
"chr3","187806407","187806614","KN296426v1","64367","64561","45","187742040"
"chr3","187819600","187819877","KN296036v1","1178479","1178747","28","186641121"
"chr3","187842080","187842358","KN296036v1","1155236","1155493","43","186686844"
"chr3","187863256","187863574","KN297322v1","1922852","1923166","47","185940404"
"chr3","187864071","187864326","KN296311v1","1012950","1013205","43","186851121"
"chr3","187872251","187872508","KN294325v1","1269746","1270001","35","186602505"
"chr3","187884230","187884456","KN295441v1","1457453","1457675","27","186426777"
"chr3","187898385","187898678","KN294991v1","293673","293971","38","187604712"
"chr3","187903754","187904016","KN294239v1","1589177","1589439","40","186314577"
"chr3","187904475","187904782","KN296357v1","431311","431620","37","187473164"
"chr3","187905379","187905684","KN296036v1","1095791","1096089","37","186809588"
"chr3","187909050","187909369","KN295998v1","154789","155089","52","187754261"
"chr3","187912913","187913205","KN296036v1","1087621","1087904","23","186825292"
"chr3","187915465","187915749","KN297274v1","1863027","1863315","34","186052438"
"chr3","187921416","187921720","KN294873v1","1662558","1662861","43","186258858"
"chr3","187950248","187950439","KN296495v1","510488","510677","26","187439760"
"chr3","187960635","187960967","KN295573v1","1028299","1028621","47","186932336"
"chr3","187964389","187964695","KN296036v1","1040275","1040573","22","186924114"
"chr3","187968810","187969111","KN296036v1","1036483","1036789","26","186932327"
"chr3","187970866","187971165","KN295474v1","578336","578637","38","187392530"
"chr3","187985906","187986211","KN297038v1","1285540","1285851","27","186700366"
"chr3","187991113","187991413","KN294457v1","1440141","1440438","43","186550972"
"chr3","188024704","188024940","KN296435v1","295165","295409","44","187729539"
"chr3","188043635","188043939","KN296036v1","962686","962991","26","187080949"
"chr3","188044268","188044558","KN295729v1","826689","826980","35","187217579"
"chr3","188049095","188049389","KN296036v1","957181","957463","31","187091914"
"chr3","188061449","188061754","KN296833v1","30824","31126","36","188030625"
"chr3","188063679","188063989","KN295736v1","462563","462871","37","187601116"
"chr3","188065767","188066077","KN294172v1","3311814","3312126","44","184753953"
"chr3","188073914","188074225","KN296036v1","930461","930770","20","187143453"
"chr3","188094342","188094648","KN296036v1","910777","911088","31","187183565"
"chr3","188095571","188095880","KN295284v1","544658","544966","35","187550913"
"chr3","188104580","188104867","KN295371v1","448057","448341","38","187656523"
"chr3","188115276","188115582","KN294592v1","1321409","1321720","39","186793867"
"chr3","188121109","188121339","KN295405v1","757351","757593","54","187363758"
"chr3","188132066","188132369","KN296261v1","261747","262047","40","187870319"
"chr3","188142144","188142480","KN294957v1","62097","62408","63","188080047"
"chr3","188144798","188145098","KN296036v1","858184","858487","30","187286614"
"chr3","188148813","188149122","KN296036v1","854173","854484","36","187294640"
"chr3","188152304","188152610","KN296955v1","951156","951462","35","187201148"
"chr3","188154898","188155208","KN296036v1","848556","848858","30","187306342"
"chr3","188170444","188170749","KN295667v1","1575159","1575461","44","186595285"
"chr3","188176952","188177231","KN296036v1","820125","820404","27","187356827"
"chr3","188182663","188182967","KN296119v1","5902444","5902754","35","182280219"
"chr3","188222918","188223222","KN296036v1","774352","774660","40","187448566"
"chr3","188228078","188228377","KN296036v1","769191","769486","30","187458887"
"chr3","188231780","188231940","KN295940v1","625699","625856","26","187606081"
"chr3","188244786","188245079","KN295835v1","84846","85139","40","188159940"
"chr3","188247630","188247926","KN296036v1","753129","753430","31","187494501"
"chr3","188255426","188255727","KN296036v1","745037","745329","34","187510389"
"chr3","188256691","188256980","KN294728v1","632821","633107","47","187623870"
"chr3","188257891","188258209","KN294558v1","721959","722270","45","187535932"
"chr3","188279732","188280034","KN296036v1","720594","720902","27","187559138"
"chr3","188285509","188285819","KN296036v1","715159","715466","32","187570350"
"chr3","188286517","188286817","KN294598v1","358662","358959","31","187927855"
"chr3","188299745","188299992","KN296311v1","585688","585937","32","187714057"
"chr3","188304964","188305258","KN296036v1","697005","697299","23","187607959"
"chr3","188313009","188313320","KN296036v1","689105","689415","31","187623904"
"chr3","188314691","188315002","KN296036v1","687150","687461","21","187627541"
"chr3","188332464","188332768","KN297190v1","4407451","4407761","43","183925013"
"chr3","188379709","188380021","KN296036v1","625474","625784","38","187754235"
"chr3","188403961","188404169","KN296036v1","600881","601078","19","187803080"
"chr3","188438215","188438493","KN296036v1","565664","565955","39","187872551"
"chr3","188439447","188439753","KN296036v1","564430","564732","31","187875017"
"chr3","188455543","188455845","KN296036v1","548604","548915","36","187906939"
"chr3","188462438","188462744","KN296036v1","541749","542051","26","187920689"
"chr3","188468308","188468605","KN296754v1","126538","126836","36","188341770"
"chr3","188481627","188481927","KN294603v1","111945","112247","35","188369682"
"chr3","188494111","188494428","KN295154v1","52907","53218","39","188441204"
"chr3","188516076","188516366","KN295371v1","448057","448341","35","188068019"
"chr3","188518169","188518487","KN294879v1","533741","534047","50","187984428"
"chr3","188525130","188525414","KN296921v1","541331","541611","35","187983799"
"chr3","188544865","188545166","KN296036v1","481320","481626","32","188063545"
"chr3","188561262","188561561","KN294571v1","1575904","1576204","41","186985358"
"chr3","188574363","188574667","KN296036v1","451901","452202","22","188122462"
"chr3","188596642","188596946","KN296505v1","52512","52812","36","188544130"
"chr3","188601909","188602190","KN296036v1","427136","427434","40","188174773"
"chr3","188635197","188635496","KN296308v1","995507","995801","41","187639690"
"chr3","188663389","188663673","KN294747v1","993118","993403","45","187670271"
"chr3","188664064","188664365","KN296036v1","363385","363682","31","188300679"
"chr3","188665266","188665576","KN296520v1","82334","82637","38","188582932"
"chr3","188681833","188682126","KN295107v1","300735","301027","33","188381098"
"chr3","188697214","188697537","KN296036v1","331414","331710","46","188365800"
"chr3","188728392","188728685","KN297133v1","1612844","1613144","31","187115548"
"chr3","188733799","188734052","KN295835v1","199186","199432","43","188534613"
"chr3","188761927","188762251","KN295257v1","1225806","1226107","53","187536121"
"chr3","188774842","188775141","KN294470v1","3425590","3425892","53","185349252"
"chr3","188799813","188800095","KN296139v1","67228","67511","40","188732585"
"chr3","188801395","188801712","KN296036v1","225846","226159","32","188575549"
"chr3","188805781","188805979","KN295995v1","278598","278793","35","188527183"
"chr3","188809407","188809650","KN296036v1","218204","218462","33","188591203"
"chr3","188811462","188811766","KN294456v1","1098138","1098439","35","187713324"
"chr3","188815532","188815836","KN296036v1","212405","212708","38","188603127"
"chr3","188821394","188821700","KN295236v1","844452","844758","38","187976942"
"chr3","188829895","188830197","KN295814v1","300223","300524","35","188529672"
"chr3","188839941","188840231","KN295459v1","574121","574407","41","188265820"
"chr3","188873491","188873806","KN296036v1","151683","151994","31","188721808"
"chr3","188885786","188886108","KN294705v1","1537713","1538021","43","187348073"
"chr3","188893166","188893480","KN297159v1","1043703","1044012","42","187849463"
"chr3","188910927","188911221","KN296036v1","112464","112757","17","188798463"
"chr3","188966409","188966707","KN294570v1","133777","134075","39","188832632"
"chr3","189014635","189014937","KN294613v1","327601","327901","38","188687034"
"chr3","189076078","189076383","KN294199v1","636506","636815","36","188439572"
"chr3","189110702","189110991","KN296357v1","610412","610703","48","188500290"
"chr3","189112665","189112935","KN295096v1","1379834","1380119","52","187732831"
"chr3","189113384","189113659","KN294404v1","404187","404462","34","188709197"
"chr3","189137870","189138045","KN297159v1","642561","642739","30","188495309"
"chr3","189138175","189138305","KN294470v1","1918836","1918970","12","187219339"
"chr3","189244958","189245271","KN295907v1","257976","258287","36","188986982"
"chr3","189265875","189266186","KN297023v1","480259","480560","36","188785616"
"chr3","189276162","189276441","KN295112v1","441265","441542","41","188834897"
"chr3","189307199","189307489","KN294172v1","2063875","2064162","48","187243324"
"chr3","189313123","189313358","KN295405v1","757351","757593","45","188555772"
"chr3","189339203","189339495","KN297046v1","2293933","2294226","34","187045270"
"chr3","189340285","189340586","KN296062v1","147301","147609","38","189192984"
"chr3","189347013","189347308","KN296982v1","570703","570990","46","188776310"
"chr3","189347320","189347628","KN297327v1","217601","217906","38","189129719"
"chr3","189369131","189369428","KN297245v1","1416081","1416379","28","187953050"
"chr3","189376487","189376787","KN294991v1","293673","293971","44","189082814"
"chr3","189377227","189377406","KN296426v1","64367","64561","36","189312860"
"chr3","189387923","189388209","KN297095v1","57865","58149","33","189330058"
"chr3","189435249","189435540","KN296743v1","2255912","2256204","44","187179337"
"chr3","189442485","189442794","KN295439v1","152987","153290","43","189289498"
"chr3","189453635","189453939","KN295596v1","141388","141684","41","189312247"
"chr3","189459724","189460018","KN294879v1","66636","66931","38","189393088"
"chr3","189470567","189470879","KN295748v1","161587","161896","44","189308980"
"chr3","189486121","189486411","KN294172v1","6311128","6311420","32","183174993"
"chr3","189491157","189491453","KN296557v1","18517","18814","33","189472640"
"chr3","189493468","189493791","KN294287v1","489780","490095","44","189003688"
"chr3","189567701","189568012","KN296303v1","514845","515157","38","189052856"
"chr3","189578141","189578424","KN296270v1","145615","145897","32","189432526"
"chr3","189583544","189583854","KN295366v1","78980","79290","34","189504564"
"chr3","189584835","189585132","KN297274v1","1730486","1730783","35","187854349"
"chr3","189587385","189587688","KN297023v1","480259","480560","36","189107126"
"chr3","189615399","189615673","KN296743v1","507301","507578","49","189108098"
"chr3","189618168","189618491","KN296153v1","1336190","1336496","52","188281978"
"chr3","189620718","189621000","KN295236v1","5823425","5823703","37","183797293"
"chr3","189632654","189632953","KN297032v1","184087","184386","30","189448567"
"chr3","189641482","189641787","KN297023v1","480259","480560","36","189161223"
"chr3","189663661","189663948","KN295871v1","615076","615373","44","189048585"
"chr3","189672539","189672745","KN296311v1","4991977","4992161","90","184680562"
"chr3","189677991","189678299","KN294499v1","799663","799970","44","188878328"
"chr3","189682820","189683125","KN296225v1","608926","609229","36","189073894"
"chr3","189694419","189694697","KN294604v1","299428","299695","58","189394991"
"chr3","189696867","189697167","KN294470v1","2878982","2879283","35","186817885"
"chr3","189701111","189701412","KN297144v1","784541","784841","34","188916570"
"chr3","189703097","189703395","KN295940v1","430401","430699","41","189272696"
"chr3","189704284","189704577","KN297023v1","480259","480560","37","189224025"
"chr3","189725530","189725825","KN297452v1","2510191","2510483","35","187215339"
"chr3","189738927","189739234","KN294879v1","1243625","1243932","44","188495302"
"chr3","189740481","189740637","KN294172v1","5951147","5951297","27","183789334"
"chr3","189752274","189752582","KN294172v1","365590","365904","39","189386684"
"chr3","189755545","189755842","KN297197v1","699015","699311","28","189056530"
"chr3","189763047","189763343","KN296138v1","98488","98788","44","189664559"
"chr3","189768779","189769088","KN294630v1","349899","350210","33","189418880"
"chr3","189777039","189777335","KN296503v1","544133","544430","35","189232906"
"chr3","189784111","189784408","KN297274v1","1023468","1023763","36","188760643"
"chr3","189786428","189786722","KN294470v1","2136945","2137241","40","187649483"
"chr3","189804132","189804445","KN295913v1","55210","55520","48","189748922"
"chr3","189816592","189816910","KN296261v1","261747","262047","50","189554845"
"chr3","189829315","189829607","KN294874v1","309420","309712","41","189519895"
"chr3","189831582","189831880","KN296495v1","3286172","3286471","39","186545410"
"chr3","189845257","189845557","KN296109v1","18856","19155","35","189826401"
"chr3","189852658","189852966","KN294630v1","246280","246591","33","189606378"
"chr3","189886452","189886723","KN295758v1","861670","861938","42","189024782"
"chr3","189887411","189887443","KN295605v1","731068","731107","13","189156343"
"chr3","189887655","189887943","KN294385v1","1007446","1007736","62","188880209"
"chr3","189892600","189892896","KN295032v1","307103","307398","29","189585497"
"chr3","189898127","189898408","KN295102v1","376622","376901","38","189521505"
"chr3","189898946","189899251","KN294407v1","3027269","3027567","36","186871677"
"chr3","189899555","189899861","KN294644v1","168562","168865","45","189730993"
"chr3","189901737","189902045","KN294790v1","2412598","2412898","41","187489139"
"chr3","189909953","189910268","KN295236v1","35793","36099","35","189874160"
"chr3","189911392","189911684","KN294456v1","1143112","1143404","35","188768280"
"chr3","189926319","189926616","KN294571v1","1092873","1093161","44","188833446"
"chr3","189930356","189930656","KN296108v1","367713","368015","37","189562643"
"chr3","189931523","189931820","KN297276v1","211176","211474","42","189720347"
"chr3","189932763","189933039","KN294991v1","665172","665457","40","189267591"
"chr3","189936117","189936406","KN296108v1","1815962","1816250","33","188120155"
"chr3","189945337","189945648","KN294957v1","62097","62408","44","189883240"
"chr3","189981707","189982003","KN297205v1","269296","269598","49","189712411"
"chr3","189984537","189984845","KN296036v1","1018990","1019301","36","188965547"
"chr3","189989368","189989689","KN296311v1","826761","827071","46","189162607"
"chr3","189995348","189995655","KN296036v1","769191","769486","42","189226157"
"chr3","190006711","190007012","KN296311v1","768493","768797","36","189238218"
"chr3","190009400","190009702","KN296495v1","962835","963136","35","189046565"
"chr3","190011793","190012068","KN295459v1","1101140","1101421","40","188910653"
"chr3","190017626","190017924","KN294470v1","2136945","2137241","49","187880681"
"chr3","190018909","190019191","KN294470v1","2864797","2865078","38","187154112"
"chr3","190025289","190025589","KN297375v1","324004","324304","33","189701285"
"chr3","190030529","190030833","KN294856v1","158144","158448","37","189872385"
"chr3","190032668","190032980","KN294269v1","674791","675103","43","189357877"
"chr3","190036477","190036780","KN294536v1","1474343","1474642","41","188562134"
"chr3","190046950","190047185","KN295835v1","199186","199432","41","189847764"
"chr3","190053845","190054139","KN297245v1","1416081","1416379","28","188637764"
"chr3","190067988","190068246","KN296484v1","94683","94939","44","189973305"
"chr3","190068978","190069266","KN296096v1","838711","839001","31","189230267"
"chr3","190071886","190072161","KN294705v1","2048841","2049122","40","188023045"
"chr3","190077486","190077783","KN296153v1","3041230","3041525","29","187036256"
"chr3","190082574","190082864","KN296682v1","1930392","1930690","41","188152182"
"chr3","190104257","190104555","KN297008v1","4661765","4662062","32","185442492"
"chr3","190109933","190110223","KN294536v1","268068","268359","46","189841865"
"chr3","190123023","190123290","KN295994v1","12146","12407","38","190110877"
"chr3","190156520","190156826","KN294964v1","1171001","1171302","39","188985519"
"chr3","190170152","190170446","KN296557v1","13515","13811","30","190156637"
"chr3","190204084","190204365","KN296138v1","452937","453216","38","189751147"
"chr3","190206648","190206961","KN296484v1","351750","352061","42","189854898"
"chr3","190220878","190221186","KN295459v1","673095","673397","36","189547783"
"chr3","190224188","190224477","KN294429v1","37988","38273","41","190186200"
"chr3","190241753","190242039","KN294937v1","266","558","32","190241487"
"chr3","190247744","190248034","KN296109v1","1002684","1002973","32","189245060"
"chr3","190249066","190249370","KN296833v1","30824","31126","31","190218242"
"chr3","190258343","190258646","KN295735v1","994649","994952","43","189263694"
"chr3","190264405","190264715","KN297320v1","1223277","1223582","38","189041128"
"chr3","190270444","190270734","KN294172v1","822922","823215","41","189447522"
"chr3","190277975","190278238","KN294172v1","6899580","6899857","42","183378395"
"chr3","190284528","190284823","KN295596v1","2043219","2043513","30","188241309"
"chr3","190295786","190296084","KN297023v1","480259","480560","36","189815527"
"chr3","190299666","190299965","KN294433v1","48847","49148","40","190250819"
"chr3","190301231","190301527","KN294470v1","2136945","2137241","35","188164286"
"chr3","190305819","190306114","KN294457v1","7277","7572","34","190298542"
"chr3","190319512","190319823","KN295988v1","381108","381417","38","189938404"
"chr3","190321854","190322152","KN297245v1","1416081","1416379","28","188905773"
"chr3","190337674","190337945","KN295607v1","589340","589608","39","189748334"
"chr3","190347679","190347992","KN297023v1","480259","480560","38","189867420"
"chr3","190369734","190370037","KN297112v1","3719703","3720010","32","186650031"
"chr3","190383841","190384155","KN294957v1","62097","62408","34","190321744"
"chr3","190403335","190403637","KN294451v1","1139913","1140218","41","189263422"
"chr3","190474242","190474547","KN294456v1","1098138","1098439","47","189376104"
"chr3","190475987","190476292","KN294456v1","1098138","1098439","47","189377849"
"chr3","190481913","190482201","KN294633v1","106169","106453","42","190375744"
"chr3","190488528","190488828","KN297133v1","453124","453424","43","190035404"
"chr3","190512469","190512778","KN296225v1","343366","343677","42","190169103"
"chr3","190513337","190513642","KN296311v1","832074","832375","38","189681263"
"chr3","190546594","190546899","KN295352v1","545091","545395","51","190001503"
"chr3","190555731","190556048","KN297095v1","3881419","3881729","46","186674312"
"chr3","190577759","190578063","KN294603v1","111945","112247","39","190465814"
"chr3","190610297","190610599","KN294501v1","38531","38824","41","190571766"
"chr3","190626382","190626690","KN295748v1","161587","161896","39","190464795"
"chr3","190627554","190627853","KN296547v1","396597","396892","33","190230957"
"chr3","190630889","190631211","KN294199v1","636506","636815","54","189994383"
"chr3","190655165","190655399","KN295967v1","625826","626071","43","190029339"
"chr3","190663904","190664197","KN296964v1","1801449","1801744","34","188862455"
"chr3","190710960","190711271","KN297133v1","1603609","1603918","41","189107351"
"chr3","190719168","190719484","KN296404v1","356813","357123","54","190362355"
"chr3","190769942","190770215","KN294668v1","1940370","1940644","23","188829572"
"chr3","190775706","190776011","KN297327v1","811573","811871","41","189964133"
"chr3","190781131","190781428","KN294668v1","1950913","1951202","30","188830218"
"chr3","190792590","190792906","KN295566v1","63121","63431","46","190729469"
"chr3","190793878","190794183","KN294668v1","1961706","1962011","24","188832172"
"chr3","190794965","190795260","KN294734v1","713341","713631","42","190081624"
"chr3","190804400","190804706","KN294668v1","1971838","1972144","43","188832562"
"chr3","190812581","190812894","KN294964v1","1832698","1833002","48","188979883"
"chr3","190813973","190814192","KN295977v1","1276894","1277103","56","189537079"
"chr3","190814234","190814546","KN296484v1","351750","352061","34","190462484"
"chr3","190815573","190815883","KN294668v1","1983247","1983563","29","188832326"
"chr3","190833566","190833858","KN294911v1","4220583","4220876","28","186612983"
"chr3","190838662","190838968","KN297233v1","1253337","1253641","38","189585325"
"chr3","190839391","190839694","KN294668v1","2013616","2013924","33","188825775"
"chr3","190841240","190841549","KN294668v1","2015463","2015756","36","188825777"
"chr3","190846171","190846464","KN297320v1","271981","272275","35","190574190"
"chr3","190858789","190859079","KN294668v1","2032746","2033027","39","188826043"
"chr3","190871512","190871797","KN296153v1","740540","740823","38","190130972"
"chr3","190891407","190891716","KN295671v1","201221","201525","43","190690186"
"chr3","190902341","190902645","KN294668v1","2064632","2064943","32","188837709"
"chr3","190904272","190904565","KN294668v1","2066864","2067146","33","188837408"
"chr3","190908524","190908817","KN296096v1","838711","839001","37","190069813"
"chr3","190911708","190912016","KN294446v1","508370","508676","37","190403338"
"chr3","190916212","190916524","KN297442v1","1612430","1612738","40","189303782"
"chr3","190929515","190929829","KN295405v1","1404748","1405060","36","189524767"
"chr3","190978316","190978616","KN297276v1","143691","143993","34","190834625"
"chr3","190979111","190979429","KN296406v1","250415","250727","39","190728696"
"chr3","190983564","190983860","KN294668v1","2136944","2137244","29","188846620"
"chr3","190984732","190985027","KN295708v1","2784035","2784327","33","188200697"
"chr3","190997029","190997321","KN294668v1","2149994","2150293","28","188847035"
"chr3","190998151","190998429","KN296153v1","3033016","3033295","40","187965135"
"chr3","191003100","191003257","KN294831v1","658690","658843","28","190344410"
"chr3","191020164","191020443","KN297171v1","2628817","2629092","37","188391347"
"chr3","191027315","191027621","KN294668v1","2183079","2183388","31","188844236"
"chr3","191029166","191029477","KN294668v1","2184920","2185228","27","188844246"
"chr3","191055229","191055530","KN294668v1","2209243","2209551","35","188845986"
"chr3","191084937","191085242","KN296829v1","581505","581808","30","190503432"
"chr3","191093037","191093334","KN294668v1","2247125","2247422","22","188845912"
"chr3","191095733","191096032","KN294668v1","2249821","2250120","25","188845912"
"chr3","191122298","191122562","KN294668v1","2274670","2274934","28","188847628"
"chr3","191129150","191129456","KN294172v1","3088239","3088545","38","188040911"
"chr3","191193529","191193886","KN295498v1","194932","195286","82","190998597"
"chr3","191199864","191200178","KN294668v1","2352088","2352400","35","188847776"
"chr3","191202577","191202841","KN294668v1","2354688","2354950","42","188847889"
"chr3","191211825","191212125","KN297047v1","3936285","3936588","37","187275540"
"chr3","191268939","191269248","KN294668v1","2408514","2408825","33","188860425"
"chr3","191279277","191279579","KN294668v1","2418364","2418667","32","188860913"
"chr3","191284617","191284929","KN294668v1","2424017","2424322","36","188860600"
"chr3","191339194","191339492","KN294964v1","673814","674112","43","190665380"
"chr3","191368610","191368875","KN294372v1","1124077","1124345","52","190244533"
"chr3","191375207","191375510","KN294668v1","2514012","2514327","49","188861195"
"chr3","191541142","191541445","KN294668v1","2684249","2684545","37","188856893"
"chr3","191541988","191542290","KN294668v1","2685087","2685388","32","188856901"
"chr3","191687333","191687630","KN294668v1","2831113","2831420","37","188856220"
"chr3","191688736","191689052","KN294378v1","1504358","1504668","45","190184378"
"chr3","191737320","191737598","KN294668v1","2895898","2896168","28","188841422"
"chr3","191828513","191828810","KN294668v1","2984561","2984860","38","188843952"
"chr3","191869776","191870072","KN294668v1","3027863","3028146","34","188841913"
"chr3","191886460","191886767","KN294668v1","3044630","3044937","24","188841830"
"chr3","191936793","191937118","KN296244v1","14307","14626","44","191922486"
"chr3","192038090","192038380","KN294668v1","3182929","3183222","33","188855161"
"chr3","192115088","192115394","KN295735v1","994649","994952","40","191120439"
"chr3","192121793","192122139","KN296390v1","87170","87503","56","192034623"
"chr3","192127752","192128026","KN294627v1","318144","318428","42","191809608"
"chr3","192135129","192135420","KN295091v1","4029539","4029832","32","188105590"
"chr3","192168808","192169118","KN294668v1","3310958","3311255","34","188857850"
"chr3","192180840","192181111","KN297259v1","391219","391488","33","191789621"
"chr3","192194480","192194815","KN294668v1","3336274","3336583","48","188858206"
"chr3","192198105","192198405","KN296749v1","209142","209447","38","191988963"
"chr3","192209064","192209370","KN294668v1","3350774","3351074","25","188858290"
"chr3","192216841","192217131","KN294668v1","3359250","3359517","39","188857591"
"chr3","192220648","192220958","KN297408v1","734557","734864","40","191486091"
"chr3","192228962","192229266","KN294499v1","1196345","1196649","36","191032617"
"chr3","192240880","192241181","KN294668v1","3381552","3381854","17","188859328"
"chr3","192282312","192282614","KN295586v1","1244707","1245017","42","191037605"
"chr3","192310112","192310414","KN294668v1","3449966","3450266","28","188860146"
"chr3","192377684","192377984","KN295846v1","24517","24819","46","192353167"
"chr3","192379408","192379714","KN294668v1","3521218","3521523","25","188858190"
"chr3","192427284","192427557","KN294668v1","3569828","3570098","26","188857456"
"chr3","192454736","192455041","KN294169v1","74418","74723","39","192380318"
"chr3","192511940","192512237","KN296174v1","21007","21304","38","192490933"
"chr3","192515038","192515337","KN295459v1","673095","673397","29","191841943"
"chr3","192528310","192528607","KN294372v1","2670408","2670710","45","189857902"
"chr3","192592033","192592316","KN294668v1","3730913","3731196","26","188861120"
"chr3","192594067","192594376","KN296959v1","1610341","1610649","27","190983726"
"chr3","192595395","192595695","KN294668v1","3734282","3734575","42","188861113"
"chr3","192660941","192661239","KN295294v1","555675","555978","44","192105266"
"chr3","192670282","192670565","KN294668v1","3812914","3813195","30","188857368"
"chr3","192682281","192682594","KN295301v1","761923","762233","40","191920358"
"chr3","192729301","192729544","KN295869v1","1570001","1570244","34","191159300"
"chr3","192780525","192780853","KN295096v1","1919145","1919460","50","190861380"
"chr3","192804213","192804470","KN295497v1","408054","408328","48","192396159"
"chr3","192837484","192837780","KN295315v1","1175116","1175414","33","191662368"
"chr3","192857752","192858059","KN294668v1","4000169","4000479","31","188857583"
"chr3","192862190","192862487","KN294668v1","4004596","4004888","30","188857594"
"chr3","192864844","192865144","KN294668v1","4007219","4007520","26","188857625"
"chr3","192906495","192906782","KN296486v1","1457751","1458030","52","191448744"
"chr3","192917558","192917869","KN295315v1","1178596","1178904","36","191738962"
"chr3","192940418","192940738","KN296157v1","885718","886029","38","192054700"
"chr3","192965413","192965645","KN295405v1","757351","757593","53","192208062"
"chr3","192965684","192965964","KN296176v1","650821","651102","30","192314863"
"chr3","192966388","192966688","KN297047v1","1316088","1316386","36","191650300"
"chr3","193012928","193013236","KN294199v1","636506","636815","43","192376422"
"chr3","193021881","193022190","KN295961v1","20434","20745","33","193001447"
"chr3","193053865","193054143","KN294668v1","4202768","4203044","22","188851097"
"chr3","193054900","193055211","KN294668v1","4203797","4204110","35","188851103"
"chr3","193101698","193102010","KN294668v1","4242351","4242673","39","188859347"
"chr3","193225408","193225711","KN296145v1","740136","740436","31","192485272"
"chr3","193236036","193236345","KN294571v1","240702","241007","41","192995334"
"chr3","193241068","193241352","KN296596v1","140217","140505","28","193100851"
"chr3","193271491","193271840","KN296959v1","1211046","1211385","65","192060445"
"chr3","193274047","193274345","KN296596v1","171913","172205","23","193102134"
"chr3","193300106","193300388","KN296759v1","520385","520667","33","192779721"
"chr3","193332252","193332546","KN296596v1","223511","223816","43","193108741"
"chr3","193354609","193354871","KN296596v1","246118","246380","19","193108491"
"chr3","193380441","193380744","KN296596v1","269990","270294","27","193110451"
"chr3","193401528","193401801","KN296596v1","291299","291569","25","193110229"
"chr3","193405784","193406074","KN295729v1","826689","826980","30","192579095"
"chr3","193465631","193465918","KN294224v1","1080394","1080681","39","192385237"
"chr3","193600926","193601189","KN295572v1","150131","150384","39","193450795"
"chr3","193725626","193725925","KN295091v1","2692987","2693285","40","191032639"
"chr3","193747193","193747430","KN295405v1","757351","757593","51","192989842"
"chr3","193756333","193756510","KN296577v1","160723","160900","31","193595610"
"chr3","193769149","193769408","KN295474v1","1438594","1438859","43","192330555"
"chr3","193859390","193859700","KN296311v1","8317826","8318133","34","185541564"
"chr3","193906472","193906771","KN297095v1","57865","58149","38","193848607"
"chr3","193910193","193910494","KN296503v1","544133","544430","38","193366060"
"chr3","193930081","193930374","KN294172v1","6311128","6311420","43","187618953"
"chr3","193956796","193957072","KN294187v1","1336441","1336715","40","192620355"
"chr3","194039161","194039465","KN294187v1","783464","783769","37","193255697"
"chr3","194049111","194049401","KN296921v1","2909801","2910091","39","191139310"
"chr3","194115229","194115524","KN294325v1","869926","870221","43","193245303"
"chr3","194132177","194132460","KN294439v1","224743","225030","36","193907434"
"chr3","194175952","194176253","KN296406v1","41462","41764","40","194134490"
"chr3","194187732","194188022","KN296253v1","1240547","1240842","38","192947185"
"chr3","194207215","194207526","KN295601v1","3244423","3244731","41","190962792"
"chr3","194238063","194238362","KN295988v1","885609","885911","43","193352454"
"chr3","194262795","194263097","KN295523v1","316380","316680","43","193946415"
"chr3","194268515","194268797","KN295459v1","1101140","1101421","40","193167375"
"chr3","194295341","194295631","KN295729v1","826689","826980","36","193468652"
"chr3","194404437","194404718","KN295459v1","1101140","1101421","34","193303297"
"chr3","194415244","194415558","KN294957v1","62097","62408","41","194353147"
"chr3","194483310","194483619","KN295814v1","1160421","1160723","43","193322889"
"chr3","194506974","194507239","KN295523v1","918946","919176","74","193588028"
"chr3","194536860","194537145","KN294172v1","6311128","6311420","38","188225732"
"chr3","194586433","194586721","KN294790v1","272636","272926","37","194313797"
"chr3","194588980","194589291","KN295045v1","638784","639093","39","193950196"
"chr3","194682080","194682383","KN295439v1","83349","83650","34","194598731"
"chr3","194714491","194714783","KN295096v1","2965990","2966278","39","191748501"
"chr3","194741741","194742031","KN295361v1","824524","824814","39","193917217"
"chr3","194851442","194851746","KN294873v1","878342","878649","44","193973100"
"chr3","194865447","194865761","KN295487v1","52973","53281","35","194812474"
"chr3","194980885","194981196","KN296063v1","733195","733500","40","194247690"
"chr3","195126348","195126651","KN294911v1","2389002","2389309","46","192737346"
"chr3","195129919","195130211","KN295692v1","1497978","1498272","39","193631941"
"chr3","195170555","195170868","KN295614v1","90477","90782","46","195080078"
"chr3","195200882","195201191","KN296266v1","31062","31371","40","195169820"
"chr3","195271855","195272148","KN294172v1","822922","823215","38","194448933"
"chr3","195282310","195282604","KN294407v1","3027269","3027567","39","192255041"
"chr3","195295085","195295387","KN297245v1","1416081","1416379","39","193879004"
"chr3","195300427","195300661","KN294991v1","995507","995758","44","194304920"
"chr3","195316739","195317051","KN294991v1","1931165","1931478","42","193385574"
"chr3","195381964","195382250","KN294365v1","2026807","2027091","48","193355157"
"chr3","195387257","195387547","KN297320v1","271981","272275","34","195115276"
"chr3","195400397","195400667","KN296306v1","588199","588471","41","194812198"
"chr3","195401088","195401390","KN295301v1","716124","716425","41","194684964"
"chr3","195473700","195474007","KN296205v1","1038770","1039076","39","194434930"
"chr3","195504193","195504490","KN296620v1","349918","350214","36","195154275"
"chr3","195521668","195521976","KN294539v1","1287945","1288241","56","194233723"
"chr3","195545863","195546143","KN295705v1","774926","775208","38","194770937"
"chr3","195568350","195568641","KN296580v1","1050913","1051210","42","194517437"
"chr3","195668197","195668394","KN295236v1","3871752","3871953","31","191796445"
"chr3","195695478","195695770","KN295308v1","2052835","2053129","35","193642643"
"chr3","195696530","195696839","KN296167v1","450049","450355","43","195246481"
"chr3","195710850","195711149","KN297133v1","453124","453424","38","195257726"
"chr3","195711788","195712104","KN294957v1","62097","62408","45","195649691"
"chr3","195775853","195776143","KN295735v1","822355","822644","38","194953498"
"chr3","195958549","195958844","KN294147v1","1603851","1604147","36","194354698"
"chr3","196000086","196000371","KN295717v1","392636","392919","42","195607450"
"chr3","196048667","196048980","KN296485v1","541954","542254","48","195506713"
"chr3","196064482","196064786","KN297038v1","2902510","2902814","35","193161972"
"chr3","196149836","196150138","KN297038v1","2826439","2826738","26","193323397"
"chr3","196194747","196195046","KN297038v1","2788037","2788331","24","193406710"
"chr3","196219238","196219548","KN296404v1","1183469","1183770","38","195035769"
"chr3","196259489","196259765","KN296119v1","4799219","4799502","49","191460270"
"chr3","196265892","196266183","KN295068v1","35517","35808","39","196230375"
"chr3","196318559","196318850","KN297038v1","2668175","2668461","29","193650384"
"chr3","196555668","196555971","KN294842v1","1005503","1005813","45","195550165"
"chr3","196565715","196565999","KN297038v1","2419031","2419296","40","194146684"
"chr3","196660065","196660375","KN296635v1","4969030","4969343","36","191691035"
"chr3","196985334","196985631","KN297038v1","1998555","1998853","41","194986779"
"chr3","196990449","196990752","KN297154v1","1039874","1040175","35","195950575"
"chr3","197023782","197024076","KN297038v1","1960189","1960488","37","195063593"
"chr3","197028052","197028349","KN296153v1","1115266","1115561","38","195912786"
"chr3","197036093","197036399","KN294561v1","1084406","1084703","42","195951687"
"chr3","197068838","197069058","KN296315v1","1938166","1938391","39","195130672"
"chr3","197072318","197072611","KN297038v1","1913647","1913941","27","195158671"
"chr3","197111945","197112235","KN297038v1","1872253","1872546","23","195239692"
"chr3","197116365","197116663","KN294592v1","1036828","1037126","33","196079537"
"chr3","197131215","197131493","KN294404v1","404187","404462","29","196727028"
"chr3","197134693","197134980","KN295361v1","824524","824814","39","196310169"
"chr3","197231381","197231686","KN294848v1","172686","172989","35","197058695"
"chr3","197248551","197248801","KN297452v1","2486437","2486699","39","194762114"
"chr3","197258674","197258972","KN295198v1","274974","275272","37","196983700"
"chr3","197344806","197345096","KN297038v1","1624753","1625048","22","195720053"
"chr3","197358894","197359182","KN295241v1","162381","162672","36","197196513"
"chr3","197362801","197363060","KN297038v1","1602650","1602935","37","195760151"
"chr3","197367328","197367625","KN294475v1","234747","235042","31","197132581"
"chr3","197458767","197459073","KN297038v1","1496054","1496368","30","195962713"
"chr3","197469816","197470123","KN297038v1","1489186","1489481","33","195980630"
"chr3","197472337","197472638","KN297038v1","1486678","1486987","29","195985659"
"chr3","197481897","197482193","KN297276v1","143691","143993","38","197338206"
"chr3","197533358","197533614","KN296349v1","65532","65784","45","197467826"
"chr3","197544538","197544848","KN296247v1","273218","273514","52","197271320"
"chr3","197581562","197581882","KN294458v1","1340421","1340747","53","196241141"
"chr3","197604723","197605026","KN297038v1","1350567","1350872","29","196254156"
"chr3","197670341","197670627","KN294987v1","393669","393953","32","197276672"
"chr3","197671927","197672238","KN297038v1","1285540","1285851","27","196386387"
"chr3","197686090","197686390","KN297038v1","1274453","1274755","28","196411637"
"chr3","197730747","197731047","KN296153v1","1090111","1090408","35","196640636"
"chr3","197735389","197735697","KN295352v1","655343","655640","59","197080046"
"chr3","197762194","197762502","KN294911v1","2389002","2389309","38","195373192"
"chr3","197774090","197774391","KN295533v1","2511717","2512017","28","195262373"
"chr3","197798816","197799081","KN296009v1","1337267","1337548","46","196461549"
"chr3","197871954","197872250","KN297038v1","1093946","1094241","25","196778008"
"chr3","197876657","197876944","KN296486v1","1457751","1458030","37","196418906"
"chr3","197887361","197887662","KN296495v1","846641","846944","34","197040720"
"chr3","197888161","197888428","KN297038v1","1078776","1079048","37","196809385"
"chr3","197924729","197925028","KN296138v1","98488","98788","38","197826241"
"chr3","197927569","197927872","KN296247v1","901747","902047","29","197025822"
"chr3","197978207","197978467","KN297038v1","992166","992423","27","196986041"
"chr3","197981645","197981954","KN297038v1","989350","989648","30","196992295"
"chr3","198030030","198030336","KN297038v1","939999","940300","25","197090031"
"chr3","198108694","198108995","KN295735v1","951893","952189","32","197156801"
"chr3","198110506","198110781","KN297038v1","866772","867047","25","197243734"
"chr3","198135859","198136168","KN294172v1","6919586","6919894","35","191216273"
"chr3","198138413","198138710","KN296153v1","3041230","3041525","34","195097183"
"chr3","198144985","198145271","KN295828v1","1026333","1026620","39","197118652"
"chr3","198147615","198147917","KN296577v1","864626","864930","42","197282989"
"chr3","198179402","198179671","KN297038v1","799846","800114","19","197379556"
"chr3","198215663","198215972","KN297038v1","763065","763373","29","197452598"
"chr3","198223378","198223683","KN297038v1","756638","756946","33","197466740"
"chr3","198327800","198328086","KN297038v1","657887","658176","27","197669913"
"chr3","198329520","198329803","KN297038v1","655843","656125","18","197673677"
"chr3","198344591","198344867","KN297038v1","633998","634271","30","197710593"
"chr3","198385539","198385840","KN297038v1","591910","592198","35","197793629"
"chr3","198391026","198391344","KN297038v1","587358","587677","36","197803668"
"chr3","198509669","198509982","KN295301v1","761923","762233","40","197747746"
"chr3","198548651","198548859","KN296153v1","3458034","3458253","60","195090617"
"chr3","198595109","198595396","KN295977v1","899017","899304","37","197696092"
"chr3","198622849","198623139","KN297038v1","361482","361773","34","198261367"
"chr3","198623757","198624047","KN297038v1","360557","360856","33","198263200"
"chr3","198624987","198625284","KN296547v1","396597","396892","33","198228390"
"chr3","198626486","198626784","KN294181v1","145618","145914","37","198480868"
"chr3","198627665","198627962","KN297038v1","356546","356832","33","198271119"
"chr3","198628133","198628352","KN297038v1","356140","356362","27","198271993"
"chr3","198635093","198635365","KN296812v1","637662","637943","46","197997431"
"chr3","198637322","198637635","KN297105v1","1529158","1529459","45","197108164"
"chr3","198641023","198641303","KN295236v1","2351883","2352170","49","196289140"
"chr3","198658193","198658478","KN294978v1","1002089","1002376","52","197656104"
"chr3","198670591","198670898","KN297038v1","317277","317573","40","198353314"
"chr3","198675593","198675903","KN294161v1","938143","938445","36","197737450"
"chr3","198680231","198680537","KN296096v1","2349554","2349864","31","196330677"
"chr3","198682546","198682841","KN295236v1","227592","227888","43","198454954"
"chr3","198684683","198684993","KN296266v1","31062","31371","36","198653621"
"chr3","198700669","198700954","KN295744v1","419470","419767","45","198281199"
"chr3","198705358","198705666","KN296357v1","431311","431620","34","198274047"
"chr3","198707609","198707899","KN297038v1","275430","275714","33","198432179"
"chr3","198710658","198710954","KN294917v1","401690","401984","33","198308968"
"chr3","198726391","198726693","KN296145v1","740136","740436","46","197986255"
"chr3","198731739","198732046","KN295735v1","994649","994952","30","197737090"
"chr3","198745168","198745461","KN297038v1","241120","241413","33","198504048"
"chr3","198750823","198751119","KN297038v1","236475","236775","37","198514348"
"chr3","198758498","198758792","KN294193v1","425211","425504","29","198333287"
"chr3","198764064","198764365","KN295814v1","300223","300524","34","198463841"
"chr3","198809409","198809544","KN294767v1","817992","818122","18","197991417"
"chr3","198838975","198839285","KN296079v1","587166","587474","35","198251809"
"chr3","198841191","198841518","KN296825v1","1012135","1012463","48","197829056"
"chr3","198854855","198855145","KN297023v1","480259","480560","32","198374596"
"chr3","198906968","198907279","KN297038v1","90900","91212","36","198816068"
"chr3","198950330","198950622","KN297038v1","46660","46959","28","198903670"
"chr3","198953438","198953747","KN297038v1","43593","43901","27","198909845"
"chr3","198969870","198970175","KN297023v1","480259","480560","41","198489611"
"chr3","198989941","198990216","KN297038v1","6976","7255","29","198982965"
"chr3","199008197","199008511","KN295962v1","2479664","2479973","42","196528533"
"chr3","199094575","199094882","KN296306v1","3686137","3686439","38","195408438"
"chr3","199100476","199100775","KN294911v1","628968","629266","33","198471508"
"chr3","199114543","199114852","KN295692v1","1646491","1646801","40","197468052"
"chr3","199179797","199180093","KN294561v1","1084406","1084703","31","198095391"
"chr3","199194639","199194938","KN296620v1","349918","350214","53","198844721"
"chr3","199222322","199222621","KN296538v1","964866","965162","50","198257456"
"chr3","199275836","199276143","KN295433v1","250702","251008","41","199025134"
"chr3","199344491","199344799","KN295501v1","1126742","1127053","41","198217749"
"chr3","199357202","199357496","KN297320v1","1929892","1930187","36","197427310"
"chr3","199368575","199368876","KN294326v1","309006","309309","32","199059569"
"chr3","199378722","199379025","KN296244v1","112737","113042","35","199265985"
"chr3","199382925","199383218","KN295729v1","826689","826980","37","198556236"
"chr3","199387763","199388057","KN294571v1","1459139","1459433","33","197928624"
"chr3","199399405","199399698","KN296609v1","617365","617660","32","198782040"
"chr3","199412008","199412308","KN294457v1","1440141","1440438","37","197971867"
"chr3","199414404","199414705","KN297245v1","1416081","1416379","28","197998323"
"chr3","199426862","199427160","KN294187v1","158362","158655","36","199268500"
"chr3","199432449","199432741","KN296732v1","3500265","3500553","46","195932184"
"chr3","199443245","199443544","KN296495v1","1318150","1318446","39","198125095"
"chr3","199472998","199473303","KN295439v1","83349","83650","36","199389649"
"chr3","199510646","199510942","KN296620v1","349918","350214","36","199160728"
"chr3","199513716","199513997","KN294984v1","47268","47548","39","199466448"
"chr3","199547356","199547670","KN296991v1","600652","600960","37","198946704"
"chr3","199550054","199550383","KN296157v1","2746426","2746742","61","196803628"
"chr3","199561075","199561374","KN296743v1","323605","323904","35","199237470"
"chr3","199562021","199562322","KN295998v1","154789","155089","34","199407232"
"chr3","199578559","199578867","KN296011v1","48434","48734","32","199530125"
"chr3","199594772","199595064","KN294917v1","381012","381307","39","199213760"
"chr3","199597083","199597394","KN294443v1","441739","442042","43","199155344"
"chr3","199602137","199602433","KN295433v1","155499","155801","31","199446638"
"chr3","199613739","199614043","KN297442v1","240570","240874","32","199373169"
"chr3","199614250","199614558","KN295586v1","48393","48703","31","199565857"
"chr3","199641163","199641467","KN296682v1","4961231","4961540","41","194679932"
"chr3","199660475","199660776","KN297047v1","3987588","3987889","33","195672887"
"chr3","199686001","199686296","KN296557v1","13515","13811","32","199672486"
"chr3","199704935","199705230","KN294303v1","100118","100410","41","199604817"
"chr3","199709490","199709810","KN294668v1","2064632","2064943","40","197644858"
"chr3","199800140","199800449","KN295586v1","3891755","3892062","49","195908385"
"chr3","199812366","199812479","KN294372v1","2065587","2065703","19","197746779"
"chr3","199812916","199813012","KN296495v1","1507938","1508003","44","198304978"
"chr3","199814801","199815107","KN294172v1","2480693","2480995","40","197334108"
"chr3","199815823","199816102","KN294385v1","186860","187159","46","199628963"
"chr3","199821945","199822244","KN297133v1","1352390","1352685","33","198469555"
"chr3","199846179","199846486","KN294378v1","1504358","1504668","34","198341821"
"chr3","199850379","199850686","KN294172v1","1521503","1521812","41","198328876"
"chr3","199856032","199856344","KN296158v1","1175251","1175559","44","198680781"
"chr3","199857689","199857988","KN294539v1","1287945","1288241","36","198569744"
"chr3","199865377","199865657","KN295930v1","337115","337393","41","199528262"
"chr3","199874001","199874293","KN294180v1","5181","5476","37","199868820"
"chr3","199905751","199906024","KN294561v1","1887166","1887450","62","198018585"
"chr3","199910394","199910698","KN297245v1","1416081","1416379","32","198494313"
"chr3","199916393","199916648","KN295243v1","1473974","1474238","51","198442419"
"chr3","199932491","199932804","KN294199v1","636506","636815","33","199295985"
"chr3","199933951","199934244","KN296119v1","665460","665754","36","199268491"
"chr3","199934355","199934657","KN296153v1","1336190","1336496","43","198598165"
"chr3","199942432","199942743","KN296520v1","366666","366970","44","199575766"
"chr3","199942768","199943058","KN294172v1","822922","823215","36","199119846"
"chr3","199944436","199944718","KN296322v1","1949837","1950121","33","197994599"
"chr3","200042152","200042463","KN296731v1","1167793","1168104","33","198874359"
"chr3","200044523","200044783","KN294705v1","281500","281763","36","199763023"
"chr3","200049113","200049425","KN295487v1","52973","53281","39","199996140"
"chr3","200052754","200053059","KN295893v1","201085","201389","37","199851669"
"chr3","200056682","200056979","KN296749v1","655381","655678","45","199401301"
"chr3","200057665","200057929","KN295243v1","1473974","1474238","31","198583691"
"chr3","200061130","200061364","KN297186v1","50383","50628","44","200010747"
"chr3","200074204","200074504","KN296311v1","2283043","2283345","31","197791161"
"chr3","200076359","200076636","KN294224v1","777226","777507","44","199299133"
"chr3","200081339","200081644","KN294630v1","686727","687035","42","199394612"
"chr3","200097945","200098237","KN296119v1","911532","911825","38","199186413"
"chr3","200102573","200102883","KN295107v1","156096","156410","37","199946477"
"chr3","200108715","200108996","KN295198v1","96636","96917","34","200012079"
"chr3","200111021","200111324","KN294446v1","240983","241287","32","199870038"
"chr3","200119935","200120246","KN296726v1","39061","39373","34","200080874"
"chr3","200149212","200149508","KN294218v1","2833833","2834132","31","197315379"
"chr3","200153662","200153971","KN294407v1","2317315","2317623","39","197836347"
"chr3","200157432","200157723","KN294790v1","11412","11701","39","200146020"
"chr3","200175236","200175544","KN295459v1","673095","673397","38","199502141"
"chr3","200180648","200180947","KN295343v1","729289","729587","41","199451359"
"chr3","200184654","200184948","KN296486v1","1266538","1266834","40","198918116"
"chr3","200189906","200190239","KN296460v1","119303","119632","42","200070603"
"chr3","200195427","200195727","KN296145v1","3072127","3072422","45","197123300"
"chr3","200200258","200200553","KN296743v1","1714111","1714409","37","198486147"
"chr3","200203606","200203915","KN297154v1","1610824","1611134","38","198592782"
"chr3","200214591","200214885","KN294420v1","822079","822371","33","199392512"
"chr3","200215985","200216273","KN295729v1","826689","826980","32","199389296"
"chr3","200227761","200228079","KN294147v1","395582","395901","47","199832179"
"chr3","200233516","200233831","KN297442v1","1612430","1612738","42","198621086"
"chr3","200237056","200237356","KN296311v1","1117474","1117774","33","199119582"
"chr3","200241656","200241955","KN296310v1","934750","935050","41","199306906"
"chr3","200252529","200252826","KN294407v1","3027269","3027567","32","197225260"
"chr3","200271339","200271638","KN295988v1","704187","704482","40","199567152"
"chr3","200281251","200281558","KN294987v1","33928","34233","40","200247323"
"chr3","200282862","200283181","KN294407v1","2157068","2157379","57","198125794"
"chr3","200296807","200297098","KN294949v1","350251","350539","47","199946556"
"chr3","200306973","200307269","KN295090v1","2638275","2638571","32","197668698"
"chr3","200309326","200309587","KN295350v1","478679","478942","32","199830647"
"chr3","200313225","200313523","KN296153v1","355717","356018","32","199957508"
"chr3","200316562","200316870","KN295962v1","2479664","2479973","36","197836898"
"chr3","200320645","200320934","KN295729v1","826689","826980","34","199493956"
"chr3","200327571","200327849","KN296266v1","2875","3156","36","200324696"
"chr3","200345428","200345749","KN294790v1","5868297","5868622","39","194477131"
"chr3","200357719","200358018","KN294147v1","1624323","1624634","43","198733396"
"chr3","200360847","200361147","KN294421v1","274187","274491","38","200086660"
"chr3","200378829","200379132","KN295548v1","17538","17846","39","200361291"
"chr3","200382555","200382703","KN294831v1","658690","658843","37","199723865"
"chr3","200390202","200390505","KN297320v1","1223277","1223582","40","199166925"
"chr3","200393326","200393634","KN295439v1","102691","103000","35","200290635"
"chr3","200432459","200432772","KN296322v1","1273369","1273680","45","199159090"
"chr3","200437065","200437366","KN295984v1","2023334","2023631","47","198413731"
"chr3","200438906","200439161","KN295601v1","3256681","3256942","46","197182225"
"chr3","200439899","200440242","KN296460v1","119303","119632","63","200320596"
"chr3","200445169","200445477","KN294548v1","1161001","1161308","37","199284168"
"chr3","200451347","200451637","KN295893v1","729257","729542","43","199722090"
"chr3","200458413","200458723","KN295983v1","1699675","1699986","32","198758738"
"chr3","200461330","200461638","KN294181v1","1424178","1424469","58","199037152"
"chr3","200464048","200464337","KN295735v1","863743","864036","40","199600305"
"chr3","200465011","200465304","KN294325v1","153376","153668","40","200311635"
"chr3","200479448","200479740","KN294874v1","309420","309712","37","200170028"
"chr3","200492655","200492960","KN297133v1","950328","950631","31","199542327"
"chr3","200500738","200501041","KN297133v1","950328","950631","31","199550410"
"chr3","200503889","200504189","KN295984v1","2540291","2540591","36","197963598"
"chr3","200504486","200504769","KN296404v1","1043973","1044260","40","199460513"
"chr3","200517888","200518181","KN297190v1","52673","52973","37","200465215"
"chr3","200530572","200530882","KN296090v1","89328","89638","41","200441244"
"chr3","200535176","200535369","KN296426v1","64367","64561","20","200470809"
"chr3","200554943","200555251","KN295236v1","4118266","4118574","34","196436677"
"chr3","200562011","200562307","KN296009v1","1147876","1148169","40","199414135"
"chr3","200563386","200563675","KN295729v1","826689","826980","34","199736697"
"chr3","200571238","200571532","KN295729v1","826689","826980","33","199744549"
"chr3","200572695","200572880","KN296495v1","510488","510677","31","200062207"
"chr3","200575960","200576259","KN297095v1","2035124","2035423","39","198540836"
"chr3","200576530","200576839","KN296145v1","3430721","3431032","40","197145809"
"chr3","200585265","200585558","KN295855v1","83587","83886","35","200501678"
"chr3","200588602","200588899","KN294592v1","1036828","1037126","35","199551774"
"chr3","200616653","200616938","KN295729v1","826689","826980","36","199789964"
"chr3","200619255","200619556","KN296442v1","417977","418281","38","200201278"
"chr3","200620126","200620446","KN297038v1","1079540","1079856","44","199540586"
"chr3","200622875","200623182","KN296926v1","1049515","1049816","35","199573360"
"chr3","200630861","200631167","KN294326v1","309006","309309","36","200321855"
"chr3","200638405","200638712","KN297158v1","115533","115838","37","200522872"
"chr3","200639741","200640029","KN294911v1","2173530","2173819","42","198466211"
"chr3","200641137","200641409","KN297008v1","4742432","4742693","61","195898705"
"chr3","200641843","200641881","KN296096v1","2690101","2690141","8","197951742"
"chr3","200648020","200648319","KN296153v1","1115266","1115561","34","199532754"
"chr3","200653275","200653585","KN295586v1","1244707","1245017","30","199408568"
"chr3","200664758","200665044","KN296831v1","388107","388396","35","200276651"
"chr3","200671381","200671677","KN295302v1","159187","159468","60","200512194"
"chr3","200674425","200674730","KN295814v1","1059254","1059558","44","199615171"
"chr3","200677318","200677607","KN297233v1","523000","523293","34","200154318"
"chr3","200684124","200684424","KN296079v1","686222","686522","34","199997902"
"chr3","200690847","200691121","KN296122v1","387098","387375","35","200303749"
"chr3","200695161","200695461","KN294385v1","223532","223828","33","200471629"
"chr3","200699270","200699562","KN296138v1","3145","3429","44","200696125"
"chr3","200702643","200702900","KN295243v1","1473974","1474238","33","199228669"
"chr3","200711407","200711699","KN295032v1","307103","307398","37","200404304"
"chr3","200723132","200723435","KN294603v1","63949","64255","36","200659183"
"chr3","200730934","200731237","KN297190v1","509472","509773","32","200221462"
"chr3","200732169","200732480","KN296503v1","58212","58521","34","200673957"
"chr3","200738667","200738947","KN295633v1","1370340","1370621","42","199368327"
"chr3","200739727","200740007","KN296311v1","300334","300617","46","200439393"
"chr3","200742430","200742727","KN295977v1","85955","86248","42","200656475"
"chr3","200751956","200752250","KN295394v1","556635","556929","43","200195321"
"chr3","200759866","200760162","KN297032v1","184087","184386","34","200575779"
"chr3","200760511","200760810","KN296225v1","571832","572130","33","200188679"
"chr3","200762038","200762344","KN294539v1","1287945","1288241","44","199474093"
"chr3","200772207","200772546","KN294167v1","571580","571901","62","200200627"
"chr3","200773753","200774056","KN296732v1","3243055","3243359","42","197530698"
"chr3","200788881","200789179","KN296306v1","3686137","3686439","36","197102744"
"chr3","200791415","200791712","KN294526v1","334958","335253","36","200456457"
"chr3","200822023","200822315","KN296119v1","911532","911825","38","199910491"
"chr3","200833411","200833709","KN296096v1","1584775","1585081","44","199248636"
"chr3","200848458","200848738","KN296883v1","2103204","2103492","46","198745254"
"chr3","200857649","200857952","KN294613v1","727452","727753","40","200130197"
"chr3","200861369","200861652","KN295706v1","45460","45751","44","200815909"
"chr3","200867458","200867742","KN296731v1","1565386","1565666","42","199302072"
"chr3","200874113","200874381","KN296306v1","3710976","3711242","38","197163137"
"chr3","200874753","200875045","KN295735v1","1355168","1355465","29","199519585"
"chr3","200879070","200879354","KN294662v1","218243","218524","36","200660827"
"chr3","200879967","200880278","KN296311v1","3194235","3194543","31","197685732"
"chr3","200889455","200889758","KN297047v1","3987588","3987889","45","196901867"
"chr3","200892745","200893050","KN295607v1","4377455","4377758","32","196515290"
"chr3","200908290","200908612","KN295315v1","2572721","2573029","52","198335569"
"chr3","200909707","200910007","KN295439v1","83349","83650","39","200826358"
"chr3","200918285","200918579","KN295362v1","1349887","1350179","34","199568398"
"chr3","200935398","200935707","KN297158v1","212439","212742","38","200722959"
"chr3","200935824","200936093","KN294987v1","1116833","1117118","53","199818991"
"chr3","200949777","200950086","KN294879v1","76546","76849","47","200873231"
"chr3","200970696","200970954","KN295490v1","43581","43843","36","200927115"
"chr3","200980889","200981182","KN294444v1","166708","167002","36","200814181"
"chr3","200981643","200981936","KN294937v1","266","558","32","200981377"
"chr3","201004414","201004646","KN295820v1","956662","956899","36","200047752"
"chr3","201004728","201005017","KN296357v1","307733","308020","35","200696995"
"chr3","201007089","201007399","KN294630v1","349899","350210","32","200657190"
"chr3","201012817","201013132","KN295667v1","1695804","1696115","44","199317013"
"chr3","201015587","201015854","KN294470v1","2130181","2130453","39","198885406"
"chr3","201023883","201024192","KN296108v1","796899","797207","37","200226984"
"chr3","201071162","201071456","KN296495v1","962835","963136","34","200108327"
"chr3","201086939","201087242","KN294790v1","163386","163690","37","200923553"
"chr3","201114338","201114633","KN294879v1","550447","550741","38","200563891"
"chr3","201256628","201256944","KN296287v1","119329","119630","46","201137299"
"chr3","201286119","201286402","KN295375v1","374757","375034","53","200911362"
"chr3","201293861","201294155","KN294535v1","637291","637589","35","200656570"
"chr3","201314377","201314677","KN297202v1","7898","8204","42","201306479"
"chr3","201319157","201319466","KN295929v1","457065","457374","38","200862092"
"chr3","201347894","201348177","KN295729v1","826689","826980","37","200521205"
"chr3","201348660","201348960","KN296036v1","769191","769486","39","200579469"
"chr3","201351423","201351704","KN294457v1","696610","696897","48","200654813"
"chr3","201360644","201360918","KN295722v1","1904349","1904617","40","199456295"
"chr3","201368431","201368713","KN296859v1","1581704","1581985","33","199786727"
"chr3","201370276","201370580","KN295439v1","102691","103000","33","201267585"
"chr3","201375888","201376190","KN297023v1","480259","480560","34","200895629"
"chr3","201410255","201410535","KN295257v1","711528","711811","39","200698727"
"chr3","201418435","201418725","KN296921v1","483765","484057","39","200934670"
"chr3","201427205","201427506","KN294375v1","493338","493642","38","200933867"
"chr3","201427641","201427946","KN295592v1","2038165","2038468","40","199389476"
"chr3","201447556","201447848","KN295871v1","542479","542775","30","200905077"
"chr3","201462326","201462578","KN297186v1","50383","50628","39","201411943"
"chr3","201491549","201491827","KN296133v1","236569","236849","35","201254980"
"chr3","201492875","201493177","KN297023v1","480259","480560","30","201012616"
"chr3","201495366","201495661","KN294837v1","236309","236605","37","201259057"
"chr3","201509887","201510184","KN297245v1","1416081","1416379","37","200093806"
"chr3","201514760","201515038","KN295102v1","376622","376901","34","201138138"
"chr3","201517228","201517522","KN294172v1","6311128","6311420","33","195206100"
"chr3","201519088","201519385","KN294269v1","550588","550887","35","200968500"
"chr3","201542502","201542773","KN294705v1","419097","419370","40","201123405"
"chr3","201551302","201551612","KN296062v1","1017087","1017397","44","200534215"
"chr3","201554037","201554314","KN295441v1","1677744","1678019","35","199876293"
"chr3","201558891","201559034","KN297141v1","137314","137457","31","201421577"
"chr3","201560998","201561330","KN295195v1","498294","498629","54","201062704"
"chr3","201590906","201591220","KN296580v1","935582","935893","37","200655324"
"chr3","201606356","201606645","KN294937v1","266","558","35","201606090"
"chr3","201629177","201629484","KN295375v1","1125785","1126088","39","200503392"
"chr3","201635888","201636198","KN294862v1","95756","96058","36","201540132"
"chr3","201646473","201646753","KN297259v1","1604747","1605031","36","200041726"
"chr3","201650366","201650661","KN295607v1","4406348","4406645","36","197244018"
"chr3","201666657","201666827","KN295933v1","113233","113399","42","201553424"
"chr3","201669246","201669541","KN296802v1","162114","162417","33","201507132"
"chr3","201714881","201715180","KN296371v1","42169","42466","40","201672712"
"chr3","201732916","201733180","KN295243v1","1473974","1474238","30","200258942"
"chr3","201763796","201764095","KN295607v1","4406348","4406645","33","197357448"
"chr3","201780448","201780765","KN295667v1","1695804","1696115","51","200084644"
"chr3","201783841","201784110","KN295303v1","23855","24124","33","201759986"
"chr3","201784234","201784536","KN297304v1","54786","55087","32","201729448"
"chr3","201789034","201789331","KN296153v1","1115266","1115561","35","200673768"
"chr3","201795737","201796033","KN295987v1","138341","138634","35","201657396"
"chr3","201796659","201796968","KN296486v1","113321","113629","51","201683338"
"chr3","201797019","201797219","KN296495v1","510488","510677","51","201286531"
"chr3","201797258","201797553","KN296063v1","1388665","1388960","39","200408593"
"chr3","201803814","201804128","KN296435v1","2899681","2899989","51","198904133"
"chr3","201852752","201853061","KN296311v1","3194235","3194543","43","198658517"
"chr3","201855642","201855946","KN294257v1","379317","379626","45","201476325"
"chr3","201863136","201863442","KN295420v1","203403","203713","37","201659733"
"chr3","201865721","201866022","KN296158v1","1175251","1175559","38","200690470"
"chr3","201866189","201866485","KN297245v1","1416081","1416379","33","200450108"
"chr3","201886805","201887127","KN296498v1","445070","445378","45","201441735"
"chr3","201900766","201901046","KN295459v1","1101140","1101421","32","200799626"
"chr3","201901834","201902143","KN295343v1","729289","729587","52","201172545"
"chr3","201909648","201909947","KN296153v1","3041230","3041525","35","198868418"
"chr3","201933728","201933997","KN295236v1","1825213","1825477","46","200108515"
"chr3","201936658","201936957","KN296486v1","1266538","1266834","35","200670120"
"chr3","201950502","201950800","KN294516v1","17906","18200","36","201932596"
"chr3","201952951","201953168","KN296311v1","5098533","5098746","28","196854418"
"chr3","201969385","201969674","KN294407v1","598111","598399","36","201371274"
"chr3","201981132","201981434","KN294571v1","890748","891049","33","201090384"
"chr3","201983270","201983563","KN294187v1","1109661","1109959","31","200873609"
"chr3","201986543","201986854","KN297133v1","1603609","1603918","35","200382934"
"chr3","201995063","201995377","KN295586v1","1244707","1245017","57","200750356"
"chr3","202000682","202000973","KN294172v1","6311128","6311420","39","195689554"
"chr3","202006096","202006406","KN296158v1","1175251","1175559","32","200830845"
"chr3","202011250","202011548","KN294193v1","425211","425504","34","201586039"
"chr3","202026932","202027225","KN296153v1","1115266","1115561","41","200911666"
"chr3","202034903","202035188","KN296138v1","3145","3429","44","202031758"
"chr3","202042687","202042978","KN295350v1","710666","710958","30","201332021"
"chr3","202046460","202046753","KN296495v1","163630","163918","34","201882830"
"chr3","202055645","202055924","KN296201v1","1311583","1311864","41","200744062"
"chr3","202088804","202089108","KN295350v1","392786","393093","46","201696018"
"chr3","202104132","202104432","KN296513v1","1118005","1118298","42","200986127"
"chr3","202105938","202106247","KN294287v1","289657","289957","42","201816281"
"chr3","202107535","202107821","KN295923v1","1076581","1076859","44","201030954"
"chr3","202145864","202146169","KN296775v1","1237428","1237724","37","200908436"
"chr3","202147317","202147614","KN294172v1","5273992","5274291","31","196873325"
"chr3","202194256","202194535","KN294536v1","268068","268359","40","201926188"
"chr3","202247905","202248197","KN294991v1","1014370","1014671","37","201233535"
"chr3","202252014","202252326","KN294598v1","342532","342842","40","201909482"
"chr3","202263638","202263949","KN294991v1","1180582","1180885","41","201083056"
"chr3","202271147","202271447","KN296316v1","273134","273441","36","201998013"
"chr3","202273597","202273877","KN296122v1","387098","387375","37","201886499"
"chr3","202274624","202274928","KN296316v1","265694","265986","30","202008930"
"chr4","4849642","4849968","KN295195v1","498294","498629","74","4351348"
"chr4","35520358","35520646","KN294561v1","517718","518010","45","35002640"
"chr4","54132593","54132892","KN294685v1","932115","932411","39","53200478"
"chr4","67239811","67239985","KN296225v1","431898","432075","31","66807913"
"chr4","140115932","140116227","KN295484v1","112916","113213","50","140003016"
"chr4","141688759","141689042","KN296138v1","452937","453216","44","141235822"
"chr4","142213120","142213399","KN295459v1","1101140","1101421","37","141111980"
"chr4","154009452","154009745","KN296964v1","1052956","1053259","34","152956496"
"chr4","168689526","168689829","KN294911v1","628968","629266","44","168060558"
"chr4","56169","56449","KN294633v1","106169","106453","33","50000"
"chr4","70130","70421","KN295171v1","639478","639753","65","569348"
"chr4","135697","135999","KN295077v1","620237","620534","43","484540"
"chr4","162871","163177","KN294375v1","493338","493642","43","330467"
"chr4","178817","179110","KN294172v1","6334053","6334345","35","6155236"
"chr4","195715","196018","KN296311v1","854862","855163","49","659147"
"chr4","231784","232085","KN297041v1","123982","124283","14","107802"
"chr4","232873","233174","KN294571v1","1575904","1576204","31","1343031"
"chr4","239146","239448","KN294365v1","738785","739083","33","499639"
"chr4","258943","259154","KN295405v1","757351","757593","57","498408"
"chr4","261482","261782","KN296138v1","98488","98788","37","162994"
"chr4","361533","361841","KN297041v1","3806","4102","35","357727"
"chr4","368293","368617","KN296825v1","2046859","2047168","52","1678566"
"chr4","379811","380107","KN297327v1","8702","8991","42","371109"
"chr4","437635","437926","KN296977v1","42110","42399","37","395525"
"chr4","476908","477216","KN296167v1","450049","450355","34","26859"
"chr4","491535","491833","KN296311v1","854862","855163","34","363327"
"chr4","496021","496325","KN297327v1","130802","131104","35","365219"
"chr4","529232","529540","KN296153v1","3870788","3871099","36","3341556"
"chr4","537392","537670","KN297327v1","173086","173374","38","364306"
"chr4","553885","554183","KN294446v1","1094059","1094349","36","540174"
"chr4","569087","569389","KN297327v1","205834","206134","27","363253"
"chr4","570566","570867","KN295894v1","871932","872232","31","301366"
"chr4","583401","583694","KN297327v1","217601","217906","30","365800"
"chr4","602508","602817","KN294603v1","63949","64255","34","538559"
"chr4","619849","620146","KN297327v1","253975","254277","36","365874"
"chr4","632281","632579","KN297327v1","265299","265601","43","366982"
"chr4","652706","653001","KN297327v1","281175","281475","31","371531"
"chr4","679684","679940","KN294372v1","1056997","1057262","38","377313"
"chr4","683742","684052","KN297327v1","312237","312537","23","371505"
"chr4","684726","685009","KN297327v1","313228","313518","22","371498"
"chr4","706391","706686","KN294187v1","158362","158655","29","548029"
"chr4","706948","707259","KN297133v1","485276","485576","43","221672"
"chr4","712419","712728","KN295346v1","393390","393696","35","319029"
"chr4","714738","715029","KN297327v1","345579","345883","35","369159"
"chr4","726064","726240","KN294911v1","2187015","2187186","33","1460951"
"chr4","741420","741721","KN295257v1","801246","801547","41","59826"
"chr4","748778","748956","KN295923v1","2311673","2311849","28","1562895"
"chr4","752477","752795","KN296665v1","158306","158620","45","594171"
"chr4","782438","782747","KN297327v1","413204","413501","41","369234"
"chr4","787042","787327","KN296119v1","588950","589232","53","198092"
"chr4","805776","805926","KN295346v1","1144051","1144198","30","338275"
"chr4","808905","809037","KN294862v1","74303","74437","15","734602"
"chr4","809131","809300","KN294571v1","155556","155724","30","653575"
"chr4","820362","820659","KN295480v1","1302107","1302401","36","481745"
"chr4","821269","821573","KN294790v1","4439160","4439467","37","3617891"
"chr4","822504","822797","KN297327v1","457776","458074","30","364728"
"chr4","823415","823720","KN294758v1","1084521","1084828","30","261106"
"chr4","825570","825872","KN294987v1","1477069","1477366","42","651499"
"chr4","848956","849246","KN295480v1","1302107","1302401","34","453151"
"chr4","914182","914475","KN297320v1","271981","272275","28","642201"
"chr4","924590","924817","KN295977v1","1276894","1277103","53","352304"
"chr4","944648","944952","KN296311v1","768493","768797","38","176155"
"chr4","956720","956992","KN297327v1","575949","576201","35","380771"
"chr4","961705","962005","KN295430v1","2554896","2555197","31","1593191"
"chr4","967689","967978","KN295366v1","124181","124471","39","843508"
"chr4","983819","984055","KN295405v1","757351","757593","44","226468"
"chr4","1035902","1036130","KN295405v1","757351","757593","54","278551"
"chr4","1122049","1122343","KN294182v1","144418","144710","39","977631"
"chr4","1133294","1133593","KN297112v1","2135774","2136072","38","1002480"
"chr4","1143039","1143336","KN297327v1","769457","769758","25","373582"
"chr4","1171363","1171681","KN294592v1","1321409","1321720","50","150046"
"chr4","1186568","1186868","KN297327v1","811573","811871","33","374995"
"chr4","1213281","1213589","KN297327v1","837524","837839","41","375757"
"chr4","1322280","1322529","KN297327v1","960550","960794","17","361730"
"chr4","1336473","1336694","KN296000v1","1143034","1143234","55","193439"
"chr4","1342567","1342858","KN295480v1","1302107","1302401","35","40460"
"chr4","1377018","1377322","KN294372v1","299717","300027","35","1077301"
"chr4","1451874","1452160","KN296263v1","810253","810550","38","641621"
"chr4","1457744","1458052","KN296486v1","82397","82708","46","1375347"
"chr4","1460267","1460579","KN295090v1","2486557","2486869","41","1026290"
"chr4","1556849","1557152","KN296404v1","3054674","3054978","39","1497825"
"chr4","1633113","1633407","KN294603v1","111945","112247","37","1521168"
"chr4","1691174","1691464","KN294842v1","192762","193057","36","1498412"
"chr4","1701508","1701727","KN297304v1","227819","228033","34","1473689"
"chr4","1703543","1703813","KN295987v1","1241626","1241902","39","461917"
"chr4","1718536","1718834","KN295343v1","729289","729587","39","989247"
"chr4","1720802","1721106","KN295735v1","356724","357030","43","1364078"
"chr4","1721368","1721671","KN294729v1","3196","3497","41","1718172"
"chr4","1731375","1731640","KN296311v1","5260065","5260338","38","3528690"
"chr4","1751575","1751884","KN294548v1","1161001","1161308","42","590574"
"chr4","1856680","1856987","KN294705v1","623696","624002","38","1232984"
"chr4","1860710","1861002","KN294470v1","2774461","2774753","38","913751"
"chr4","1889961","1890203","KN295835v1","199186","199432","55","1690775"
"chr4","1893461","1893766","KN297023v1","480259","480560","37","1413202"
"chr4","1908697","1909002","KN294470v1","1496938","1497237","45","411759"
"chr4","1916674","1916970","KN297227v1","712178","712473","44","1204496"
"chr4","1927919","1928218","KN295735v1","994649","994952","31","933270"
"chr4","1928676","1928967","KN296495v1","1318150","1318446","34","610526"
"chr4","1951090","1951401","KN295717v1","2167378","2167682","38","216288"
"chr4","1962404","1962698","KN294172v1","6311128","6311420","41","4348724"
"chr4","1997515","1997824","KN295362v1","1118563","1118868","41","878952"
"chr4","2012869","2013158","KN294837v1","236309","236605","39","1776560"
"chr4","2017857","2018151","KN294180v1","5181","5476","39","2012676"
"chr4","2057403","2057687","KN296153v1","2393235","2393519","36","335832"
"chr4","2080868","2081173","KN295814v1","1167733","1168035","36","913135"
"chr4","2094898","2095182","KN296153v1","740540","740823","45","1354358"
"chr4","2103881","2104187","KN297442v1","1612430","1612738","38","491451"
"chr4","2125853","2126157","KN294187v1","783464","783769","38","1342389"
"chr4","2138005","2138330","KN296290v1","2727512","2727823","57","589507"
"chr4","2164804","2165100","KN297041v1","107495","107791","38","2057309"
"chr4","2165458","2165759","KN295301v1","716124","716425","33","1449334"
"chr4","2220020","2220318","KN294733v1","607498","607793","42","1612522"
"chr4","2223804","2224102","KN294991v1","293673","293971","38","1930131"
"chr4","2226321","2226633","KN296311v1","3147292","3147595","34","920971"
"chr4","2256818","2257095","KN295371v1","448057","448341","37","1808761"
"chr4","2259797","2260090","KN294172v1","6311128","6311420","32","4051331"
"chr4","2271037","2271304","KN296646v1","380629","380897","37","1890408"
"chr4","2343403","2343710","KN294378v1","1310611","1310912","44","1032792"
"chr4","2367871","2368183","KN294592v1","1321409","1321720","39","1046462"
"chr4","2405550","2405856","KN294509v1","346253","346540","57","2059297"
"chr4","2435598","2435891","KN295729v1","826689","826980","38","1608909"
"chr4","2455748","2456038","KN294147v1","1191891","1192182","37","1263857"
"chr4","2472488","2472785","KN296809v1","604063","604366","35","1868425"
"chr4","2485774","2486087","KN295701v1","678478","678785","38","1807296"
"chr4","2520347","2520595","KN295405v1","757351","757593","47","1762996"
"chr4","2526269","2526530","KN295075v1","40195","40452","50","2486074"
"chr4","2533156","2533447","KN296635v1","4858334","4858623","44","2325178"
"chr4","2545203","2545485","KN297190v1","726166","726449","46","1819037"
"chr4","2550349","2550635","KN294470v1","2278895","2279184","39","271454"
"chr4","2552069","2552373","KN296507v1","661623","661931","43","1890446"
"chr4","2552802","2553103","KN295236v1","4141001","4141296","55","1588199"
"chr4","2575442","2575616","KN294957v1","73265","73439","29","2502177"
"chr4","2576978","2577267","KN296726v1","606731","607020","27","1970247"
"chr4","2578449","2578731","KN294991v1","665172","665457","39","1913277"
"chr4","2580802","2581113","KN294911v1","3992607","3992918","34","1411805"
"chr4","2587236","2587473","KN295835v1","199186","199432","40","2388050"
"chr4","2603731","2604032","KN294837v1","394446","394741","48","2209285"
"chr4","2613507","2613809","KN295571v1","513084","513393","40","2100423"
"chr4","2628058","2628364","KN297095v1","1674687","1674994","36","953371"
"chr4","2630009","2630318","KN296093v1","33319","33627","38","2596690"
"chr4","2638307","2638601","KN294644v1","85408","85699","41","2552899"
"chr4","2671248","2671558","KN294995v1","43965","44270","44","2627283"
"chr4","2686948","2687245","KN294527v1","159347","159649","50","2527601"
"chr4","2692932","2693244","KN294172v1","365590","365904","35","2327342"
"chr4","2706080","2706390","KN296731v1","1167793","1168104","37","1538287"
"chr4","2717096","2717393","KN295746v1","417138","417428","38","2299958"
"chr4","2718956","2719257","KN297047v1","1316088","1316386","34","1402868"
"chr4","2740870","2741175","KN296154v1","2534372","2534678","35","206498"
"chr4","2743528","2743830","KN294326v1","309006","309309","39","2434522"
"chr4","2768035","2768320","KN294407v1","157922","158207","46","2610113"
"chr4","2778307","2778617","KN294407v1","2317315","2317623","44","460992"
"chr4","2778620","2778857","KN295820v1","956662","956899","39","1821958"
"chr4","2818443","2818611","KN294957v1","73265","73439","31","2745178"
"chr4","2819460","2819748","KN294193v1","400597","400883","35","2418863"
"chr4","2821095","2821397","KN294193v1","774395","774701","38","2046700"
"chr4","2833752","2834044","KN294954v1","171478","171769","34","2662274"
"chr4","2841415","2841632","KN295406v1","275159","275372","49","2566256"
"chr4","2891843","2892138","KN295523v1","1314489","1314785","41","1577354"
"chr4","2897092","2897400","KN296657v1","392228","392531","37","2504864"
"chr4","2898522","2898801","KN295236v1","1582045","1582338","50","1316477"
"chr4","2909394","2909689","KN296011v1","34273","34572","32","2875121"
"chr4","2943432","2943741","KN295345v1","1051618","1051926","34","1891814"
"chr4","2950835","2951116","KN296538v1","101344","101622","42","2849491"
"chr4","2969481","2969766","KN296062v1","126120","126418","40","2843361"
"chr4","2979802","2980116","KN295607v1","143593","143902","45","2836209"
"chr4","3016162","3016452","KN294501v1","38531","38824","35","2977631"
"chr4","3019514","3019812","KN294456v1","1098138","1098439","36","1921376"
"chr4","3064630","3064926","KN295480v1","1302107","1302401","35","1762523"
"chr4","3066436","3066735","KN296426v1","105920","106223","35","2960516"
"chr4","3082801","3083025","KN297133v1","912117","912343","35","2170684"
"chr4","3085050","3085349","KN296263v1","810253","810550","32","2274797"
"chr4","3086483","3086770","KN295987v1","1241626","1241902","43","1844857"
"chr4","3095698","3095995","KN296682v1","1930392","1930690","36","1165306"
"chr4","3104572","3104884","KN294630v1","349899","350210","37","2754673"
"chr4","3116101","3116400","KN296119v1","2885918","2886213","42","230183"
"chr4","3126245","3126547","KN294147v1","1899027","1899325","49","1227218"
"chr4","3136316","3136617","KN296311v1","2891003","2891305","39","245313"
"chr4","3138147","3138451","KN296311v1","2891003","2891305","40","247144"
"chr4","3138649","3138955","KN296847v1","376638","376939","46","2762011"
"chr4","3139792","3140082","KN294470v1","2397485","2397775","33","742307"
"chr4","3155510","3155802","KN296726v1","608259","608551","41","2547251"
"chr4","3175150","3175446","KN294911v1","1933406","1933698","42","1241744"
"chr4","3196856","3197169","KN294193v1","425211","425504","53","2771645"
"chr4","3213977","3214275","KN295198v1","274974","275272","35","2939003"
"chr4","3274651","3274951","KN295198v1","274974","275272","37","2999677"
"chr4","3345716","3346028","KN296079v1","66178","66486","49","3279538"
"chr4","3353057","3353349","KN294539v1","1989","2279","39","3351068"
"chr4","3354869","3355171","KN296244v1","633132","633433","35","2721737"
"chr4","3357815","3358092","KN294777v1","603434","603706","40","2754381"
"chr4","3460930","3461225","KN294407v1","3027269","3027567","36","433661"
"chr4","3469617","3469911","KN295114v1","45102","45395","36","3424515"
"chr4","3529851","3530161","KN294264v1","87223","87534","45","3442628"
"chr4","3553723","3554016","KN294456v1","1143112","1143404","35","2410611"
"chr4","3560875","3561185","KN296495v1","550769","551079","39","3010106"
"chr4","3585897","3586208","KN296762v1","309784","310094","38","3276113"
"chr4","3594109","3594385","KN295592v1","1986950","1987223","40","1607159"
"chr4","3868698","3868984","KN294345v1","1119451","1119736","34","2749247"
"chr4","3890772","3891056","KN296011v1","52257","52541","40","3838515"
"chr4","3987719","3988012","KN296261v1","471107","471412","51","3516612"
"chr4","3988892","3989176","KN296119v1","4282142","4282432","51","293250"
"chr4","4007725","4008023","KN296934v1","677788","678082","36","3329937"
"chr4","4012910","4013219","KN295102v1","81555","81863","32","3931355"
"chr4","4013511","4013805","KN294172v1","6693401","6693683","54","2679890"
"chr4","4074512","4074825","KN294536v1","1871459","1871764","54","2203053"
"chr4","4079210","4079508","KN294161v1","938143","938445","41","3141067"
"chr4","4082101","4082375","KN295968v1","48657","48931","40","4033444"
"chr4","4096862","4097171","KN294257v1","2409674","2409981","42","1687188"
"chr4","4108402","4108648","KN294167v1","554227","554484","45","3554175"
"chr4","4126108","4126411","KN294451v1","1194649","1194958","45","2931459"
"chr4","4130089","4130399","KN296153v1","1336190","1336496","38","2793899"
"chr4","4139410","4139719","KN294407v1","2317315","2317623","39","1822095"
"chr4","4164117","4164419","KN294470v1","2136945","2137241","38","2027172"
"chr4","4184837","4185133","KN296119v1","5034656","5034955","44","849819"
"chr4","4261047","4261342","KN294917v1","405138","405434","36","3855909"
"chr4","4261584","4261877","KN294456v1","1143112","1143404","38","3118472"
"chr4","4286529","4286840","KN296743v1","340869","341174","38","3945660"
"chr4","4310669","4310958","KN296153v1","3041230","3041525","43","1269439"
"chr4","4319986","4320281","KN295871v1","615076","615373","30","3704910"
"chr4","4320470","4320754","KN294668v1","1709540","1709826","35","2610930"
"chr4","4324741","4324935","KN294385v1","1550926","1551134","39","2773815"
"chr4","4327102","4327384","KN296859v1","1581704","1581985","37","2745398"
"chr4","4340947","4341256","KN297442v1","1612430","1612738","42","2728517"
"chr4","4363691","4363931","KN295854v1","1203409","1203649","45","3160282"
"chr4","4368926","4369217","KN296883v1","2103204","2103492","43","2265722"
"chr4","4376915","4377200","KN295405v1","1548007","1548298","48","2828908"
"chr4","4379985","4380178","KN296426v1","64367","64561","38","4315618"
"chr4","4400064","4400374","KN296503v1","58212","58521","30","4341852"
"chr4","4426279","4426583","KN294825v1","396445","396749","36","4029834"
"chr4","4668345","4668616","KN294842v1","61302","61569","39","4607043"
"chr4","4684216","4684527","KN296266v1","31062","31371","34","4653154"
"chr4","4706224","4706517","KN295729v1","826689","826980","38","3879535"
"chr4","4731571","4731819","KN297186v1","50383","50628","43","4681188"
"chr4","4739173","4739486","KN295301v1","761923","762233","36","3977250"
"chr4","4763195","4763484","KN296119v1","2442035","2442323","41","2321160"
"chr4","4821610","4821917","KN296594v1","432751","433053","42","4388859"
"chr4","4890119","4890389","KN295940v1","135883","136155","44","4754236"
"chr4","4933990","4934275","KN296139v1","291957","292249","45","4642033"
"chr4","4983852","4984137","KN297283v1","202677","202954","43","4781175"
"chr4","4990679","4990981","KN294345v1","1360179","1360481","49","3630500"
"chr4","5099141","5099441","KN297245v1","1416081","1416379","32","3683060"
"chr4","5126410","5126677","KN295667v1","1390282","1390554","39","3736128"
"chr4","5146551","5146850","KN296178v1","705914","706211","45","4440637"
"chr4","5155352","5155665","KN294957v1","62097","62408","41","5093255"
"chr4","5247928","5248233","KN296167v1","450049","450355","36","4797879"
"chr4","5261154","5261439","KN295814v1","1139631","1139915","42","4121523"
"chr4","5295910","5296212","KN296513v1","2972467","2972756","32","2323443"
"chr4","5306138","5306433","KN296484v1","733487","733776","43","4572651"
"chr4","5343104","5343412","KN296588v1","2177899","2178202","39","3165205"
"chr4","5372359","5372659","KN296513v1","2913549","2913849","25","2458810"
"chr4","5513817","5514113","KN297442v1","240570","240874","54","5273247"
"chr4","5516280","5516573","KN296513v1","2788895","2789182","39","2727385"
"chr4","5522729","5523021","KN297442v1","240570","240874","56","5282159"
"chr4","5525504","5525797","KN296513v1","2788895","2789182","41","2736609"
"chr4","5611597","5611891","KN295198v1","274974","275272","40","5336623"
"chr4","5650204","5650480","KN296486v1","1457751","1458030","35","4192453"
"chr4","5700952","5701263","KN296513v1","2624971","2625276","26","3075981"
"chr4","5722374","5722633","KN295601v1","650393","650657","38","5071981"
"chr4","5725430","5725732","KN296513v1","2600343","2600645","24","3125087"
"chr4","5742071","5742364","KN295708v1","2784035","2784327","28","2958036"
"chr4","5751981","5752287","KN296513v1","2574371","2574674","28","3177610"
"chr4","5766756","5767041","KN296513v1","2556383","2556670","15","3210373"
"chr4","5788718","5789026","KN295294v1","350312","350618","40","5438406"
"chr4","5802099","5802402","KN295607v1","4377455","4377758","31","1424644"
"chr4","5857309","5857609","KN296513v1","2470113","2470414","34","3387196"
"chr4","5879469","5879770","KN297023v1","480259","480560","37","5399210"
"chr4","5883006","5883307","KN296513v1","2442769","2443083","40","3440237"
"chr4","5883967","5884273","KN296513v1","2441761","2442072","32","3442206"
"chr4","5935974","5936284","KN296513v1","2392738","2393028","42","3543236"
"chr4","5942282","5942583","KN295371v1","278137","278440","48","5664145"
"chr4","5961583","5961872","KN296513v1","2367758","2368048","21","3593825"
"chr4","5972455","5972744","KN297144v1","518320","518605","38","5454135"
"chr4","5990647","5990941","KN296402v1","618392","618693","49","5372255"
"chr4","6010422","6010711","KN296513v1","2367758","2368048","22","3642664"
"chr4","6108768","6109070","KN296311v1","832074","832375","32","5276694"
"chr4","6110474","6110780","KN296496v1","367784","368097","42","5742690"
"chr4","6129961","6130266","KN296513v1","2254455","2254765","32","3875506"
"chr4","6138271","6138574","KN294193v1","535425","535726","38","5602846"
"chr4","6160802","6161113","KN295241v1","325917","326226","46","5834885"
"chr4","6181023","6181317","KN297038v1","536743","537038","42","5644280"
"chr4","6208652","6208945","KN296513v1","2174406","2174701","18","4034246"
"chr4","6230358","6230654","KN296063v1","1388665","1388960","33","4841693"
"chr4","6248350","6248672","KN297038v1","1496054","1496368","51","4752296"
"chr4","6283162","6283437","KN296513v1","2096540","2096815","18","4186622"
"chr4","6331321","6331633","KN294911v1","2389002","2389309","36","3942319"
"chr4","6405598","6405895","KN296311v1","1056866","1057165","42","5348732"
"chr4","6407982","6408274","KN295459v1","673095","673397","42","5734887"
"chr4","6462468","6462756","KN296513v1","1923181","1923466","21","4539287"
"chr4","6463680","6463994","KN297452v1","2695443","2695759","39","3768237"
"chr4","6490945","6491236","KN297046v1","2972429","2972729","40","3518516"
"chr4","6505521","6505819","KN296513v1","1884570","1884875","28","4620951"
"chr4","6534270","6534576","KN296513v1","1863760","1864075","36","4670510"
"chr4","6542405","6542708","KN294456v1","1098138","1098439","41","5444267"
"chr4","6560730","6561000","KN295633v1","1133330","1133601","31","5427400"
"chr4","6564513","6564818","KN295998v1","154789","155089","40","6409724"
"chr4","6622151","6622398","KN296513v1","1775105","1775359","29","4847046"
"chr4","6686752","6686984","KN295406v1","275159","275372","67","6411593"
"chr4","6698124","6698424","KN294456v1","1098138","1098439","33","5599986"
"chr4","6702737","6703027","KN294373v1","1443426","1443720","46","5259311"
"chr4","6703611","6703930","KN295548v1","17538","17846","44","6686073"
"chr4","6709135","6709442","KN295459v1","673095","673397","37","6036040"
"chr4","6748595","6748887","KN296513v1","1646935","1647240","42","5101660"
"chr4","6749393","6749699","KN296513v1","1646127","1646432","24","5103266"
"chr4","6776155","6776449","KN295736v1","813419","813713","37","5962736"
"chr4","6793333","6793633","KN296513v1","1602171","1602485","37","5191162"
"chr4","6806987","6807288","KN295236v1","4249040","4249346","45","2557947"
"chr4","6816093","6816397","KN294446v1","508370","508676","40","6307723"
"chr4","6838067","6838363","KN294539v1","1287945","1288241","32","5550122"
"chr4","6857270","6857564","KN295090v1","1516878","1517168","45","5340392"
"chr4","6858679","6858971","KN296743v1","323605","323904","37","6535074"
"chr4","6894880","6895187","KN296513v1","1503015","1503334","33","5391865"
"chr4","6896178","6896481","KN294705v1","623696","624002","37","6272482"
"chr4","6901500","6901797","KN296310v1","786811","787114","42","6114689"
"chr4","6957709","6957991","KN296513v1","1437835","1438115","31","5519874"
"chr4","6991098","6991392","KN296743v1","2255912","2256204","34","4735186"
"chr4","7003465","7003773","KN294378v1","1504358","1504668","42","5499107"
"chr4","7014132","7014444","KN296682v1","4855759","4856070","37","2158373"
"chr4","7023517","7023827","KN295301v1","761923","762233","36","6261594"
"chr4","7046141","7046430","KN296513v1","1352120","1352406","29","5694021"
"chr4","7057567","7057877","KN297259v1","1820010","1820317","37","5237557"
"chr4","7074191","7074497","KN295057v1","262113","262411","39","6812078"
"chr4","7090428","7090722","KN294257v1","1929170","1929463","33","5161258"
"chr4","7101153","7101451","KN294991v1","293673","293971","39","6807480"
"chr4","7109364","7109661","KN296513v1","1291971","1292266","35","5817393"
"chr4","7110972","7111278","KN296513v1","1290374","1290680","37","5820598"
"chr4","7112813","7112985","KN297159v1","2152898","2153074","34","4959915"
"chr4","7135489","7135789","KN296513v1","1265152","1265452","37","5870337"
"chr4","7151762","7152049","KN296513v1","1248434","1248722","30","5903328"
"chr4","7156126","7156415","KN296513v1","1244424","1244712","36","5911702"
"chr4","7156574","7156880","KN296513v1","1243962","1244271","29","5912612"
"chr4","7194091","7194394","KN294421v1","1642258","1642561","32","5551833"
"chr4","7223020","7223284","KN295736v1","1800874","1801153","61","5422146"
"chr4","7228703","7229026","KN294378v1","1238113","1238424","44","5990590"
"chr4","7233538","7233808","KN296513v1","1168528","1168799","25","6065010"
"chr4","7241159","7241441","KN296508v1","1892477","1892760","32","5348682"
"chr4","7252276","7252621","KN296311v1","3133515","3133850","73","4118761"
"chr4","7258940","7259248","KN297008v1","178445","178753","36","7080495"
"chr4","7265592","7265887","KN296096v1","3298011","3298301","40","3967581"
"chr4","7274525","7274722","KN296036v1","766932","767116","39","6507593"
"chr4","7284954","7285261","KN297259v1","1820010","1820317","37","5464944"
"chr4","7287472","7287761","KN294647v1","185532","185822","34","7101940"
"chr4","7333246","7333553","KN295571v1","203398","203695","41","7129848"
"chr4","7372498","7372777","KN296311v1","5260065","5260338","39","2112433"
"chr4","7430198","7430490","KN296557v1","679429","679719","37","6750769"
"chr4","7432788","7433081","KN294842v1","192762","193057","35","7240026"
"chr4","7493420","7493735","KN295717v1","1397887","1398198","43","6095533"
"chr4","7540839","7541145","KN294456v1","592934","593237","36","6947905"
"chr4","7577328","7577623","KN296513v1","832932","833226","33","6744396"
"chr4","7670000","7670280","KN296513v1","739232","739505","32","6930768"
"chr4","7800272","7800567","KN295032v1","307103","307398","34","7493169"
"chr4","7838136","7838421","KN295831v1","133866","134154","35","7704270"
"chr4","7885870","7886169","KN297245v1","1416081","1416379","44","6469789"
"chr4","7949475","7949765","KN296019v1","412819","413103","32","7536656"
"chr4","8049058","8049362","KN296829v1","581505","581808","32","7467553"
"chr4","8057617","8057912","KN296513v1","355593","355900","22","7702024"
"chr4","8082700","8083005","KN295607v1","4377455","4377758","31","3705245"
"chr4","8090731","8091036","KN294548v1","1161001","1161308","36","6929730"
"chr4","8096162","8096435","KN294373v1","791594","791868","41","7304568"
"chr4","8106937","8107237","KN296513v1","302162","302455","28","7804775"
"chr4","8117882","8118201","KN296513v1","289385","289702","36","7828497"
"chr4","8122487","8122798","KN296513v1","284350","284660","30","7838137"
"chr4","8149980","8150282","KN296513v1","253967","254263","30","7896013"
"chr4","8152399","8152681","KN294366v1","429818","430102","35","7722581"
"chr4","8156367","8156662","KN296513v1","247648","247943","31","7908719"
"chr4","8159907","8160174","KN296513v1","243407","243675","32","7916500"
"chr4","8172057","8172364","KN296643v1","47618","47923","33","8124439"
"chr4","8181719","8182029","KN296406v1","250415","250727","33","7931304"
"chr4","8183411","8183718","KN294911v1","2389002","2389309","40","5794409"
"chr4","8209197","8209505","KN296225v1","185096","185405","36","8024101"
"chr4","8224657","8224962","KN294451v1","1139913","1140218","37","7084744"
"chr4","8234510","8234815","KN295573v1","316385","316688","45","7918125"
"chr4","8260994","8261280","KN296513v1","144005","144300","27","8116989"
"chr4","8261843","8262107","KN294777v1","603434","603706","44","7658409"
"chr4","8341953","8342251","KN295198v1","274974","275272","36","8066979"
"chr4","8357466","8357769","KN295301v1","716124","716425","38","7641342"
"chr4","8362727","8363060","KN296442v1","795536","795858","47","7567191"
"chr4","8417105","8417406","KN296164v1","9477","9781","32","8407628"
"chr4","8475902","8476195","KN295090v1","711355","711650","31","7764547"
"chr4","8798211","8798525","KN294302v1","375312","375628","49","8422899"
"chr4","8799191","8799505","KN294193v1","765791","766099","59","8033400"
"chr4","9134860","9135170","KN295708v1","219821","220134","47","8915039"
"chr4","9164139","9164420","KN295907v1","1989259","1989530","41","7174880"
"chr4","9194764","9194970","KN295930v1","759567","759739","60","8435197"
"chr4","9209679","9209984","KN294456v1","39274","39570","43","9170405"
"chr4","9219594","9219896","KN294964v1","1171001","1171302","38","8048593"
"chr4","9247663","9247975","KN295260v1","2208269","2208579","40","7039394"
"chr4","9261347","9261576","KN295667v1","489644","489869","46","8771703"
"chr4","9280254","9280553","KN294991v1","293673","293971","41","8986581"
"chr4","9285134","9285443","KN295477v1","23872","24183","46","9261262"
"chr4","9293548","9293829","KN297442v1","1688631","1688910","38","7604917"
"chr4","9300819","9301112","KN295361v1","824524","824814","35","8476295"
"chr4","9364806","9365101","KN294172v1","6693401","6693683","56","2671405"
"chr4","9365393","9365706","KN295102v1","81555","81863","35","9283838"
"chr4","9370584","9370882","KN296934v1","677788","678082","36","8692796"
"chr4","9385471","9385743","KN294420v1","105966","106241","43","9279505"
"chr4","9389995","9390277","KN296486v1","980032","980316","47","8409963"
"chr4","9392171","9392464","KN295814v1","1261993","1262292","39","8130178"
"chr4","9395087","9395395","KN294705v1","1537713","1538021","37","7857374"
"chr4","9398999","9399299","KN296138v1","98488","98788","39","9300511"
"chr4","9401596","9401904","KN294705v1","1537713","1538021","37","7863883"
"chr4","9406691","9406997","KN294269v1","585380","585685","35","8821311"
"chr4","9409539","9409826","KN294444v1","352965","353252","43","9056574"
"chr4","9414131","9414448","KN295825v1","1577949","1578250","53","7836182"
"chr4","9466735","9467042","KN295394v1","874778","875084","43","8591957"
"chr4","9498469","9498764","KN294991v1","1444231","1444521","65","8054238"
"chr4","9522168","9522355","KN296426v1","64367","64561","40","9457801"
"chr4","9608456","9608757","KN295319v1","93746","94048","36","9514710"
"chr4","9622340","9622647","KN295236v1","4249040","4249346","39","5373300"
"chr4","9652788","9653089","KN296311v1","3506694","3506965","84","6146094"
"chr4","9660035","9660329","KN296743v1","2255912","2256204","48","7404123"
"chr4","9726943","9727248","KN294710v1","68748","69053","35","9658195"
"chr4","9738401","9738697","KN294539v1","1287945","1288241","35","8450456"
"chr4","10024427","10024675","KN294421v1","1680882","1681142","54","8343545"
"chr4","10121632","10121928","KN296357v1","192412","192713","37","9929220"
"chr4","10176870","10177182","KN296982v1","675778","676081","52","9501092"
"chr4","10181737","10182042","KN296036v1","898092","898396","34","9283645"
"chr4","10186904","10187212","KN295198v1","274974","275272","42","9911930"
"chr4","10203049","10203359","KN294644v1","168562","168865","43","10034487"
"chr4","10208513","10208805","KN294516v1","17906","18200","36","10190607"
"chr4","10298445","10298770","KN294991v1","1692556","1692877","51","8605889"
"chr4","10364269","10364571","KN294571v1","890748","891049","38","9473521"
"chr4","10410812","10411108","KN296430v1","1105044","1105344","35","9305768"
"chr4","10498854","10499125","KN296122v1","387098","387375","43","10111756"
"chr4","10637451","10637733","KN296019v1","412819","413103","39","10224632"
"chr4","10676590","10676883","KN296322v1","2191285","2191581","35","8485305"
"chr4","10715205","10715515","KN295735v1","225416","225727","48","10489789"
"chr4","10775279","10775547","KN294302v1","756229","756509","57","10019050"
"chr4","10843871","10844174","KN294378v1","1504358","1504668","57","9339513"
"chr4","11026931","11027201","KN294946v1","220472","220746","46","10806459"
"chr4","11197159","11197456","KN294470v1","2136945","2137241","43","9060214"
"chr4","11198844","11199103","KN294407v1","165537","165802","52","11033307"
"chr4","11235644","11235949","KN297442v1","1612430","1612738","38","9623214"
"chr4","11410764","11411068","KN295893v1","1553612","1553914","40","9857152"
"chr4","11608572","11608879","KN294264v1","87223","87534","41","11521349"
"chr4","11908130","11908426","KN294790v1","163386","163690","39","11744744"
"chr4","11990078","11990386","KN296484v1","351750","352061","34","11638328"
"chr4","12143163","12143480","KN295122v1","389789","390092","42","11753374"
"chr4","12217816","12218111","KN296732v1","1651592","1651886","53","10566224"
"chr4","12248169","12248459","KN295122v1","489593","489861","43","11758576"
"chr4","12460442","12460763","KN295236v1","844452","844758","58","11615990"
"chr4","12475732","12476044","KN295609v1","282499","282805","31","12193233"
"chr4","12576802","12577103","KN295609v1","188633","188908","42","12388169"
"chr4","12619692","12620003","KN295045v1","181971","182282","37","12437721"
"chr4","12708465","12708766","KN295609v1","72321","72630","35","12636144"
"chr4","12753924","12754227","KN295609v1","31491","31801","35","12722433"
"chr4","12953052","12953352","KN295984v1","2540291","2540591","36","10412761"
"chr4","13048459","13048768","KN296726v1","39061","39373","36","13009398"
"chr4","13085034","13085349","KN294911v1","2389002","2389309","36","10696032"
"chr4","13153094","13153395","KN295758v1","468479","468777","35","12684615"
"chr4","13193768","13193951","KN297026v1","110289","110476","36","13083479"
"chr4","13199463","13199764","KN294269v1","585380","585685","33","12614083"
"chr4","13205268","13205577","KN295315v1","133371","133680","37","13071897"
"chr4","13264197","13264510","KN295319v1","719704","720006","43","12544493"
"chr4","13274006","13274309","KN294375v1","225222","225524","41","13048784"
"chr4","13284011","13284321","KN295045v1","451861","452165","50","12832150"
"chr4","13346452","13346733","KN296378v1","474783","475063","40","12871669"
"chr4","13350822","13351116","KN297320v1","271981","272275","33","13078841"
"chr4","13773389","13773693","KN294470v1","2878982","2879283","39","10894407"
"chr4","13800588","13800881","KN295260v1","1431957","1432253","36","12368631"
"chr4","13801661","13801962","KN297403v1","208160","208454","40","13593501"
"chr4","13966252","13966588","KN294911v1","2425497","2425828","64","11540755"
"chr4","14204372","14204665","KN294378v1","985099","985394","43","13219273"
"chr4","14232531","14232844","KN296153v1","1336190","1336496","42","12896341"
"chr4","14274514","14274836","KN296609v1","1292063","1292383","46","12982451"
"chr4","14511979","14512315","KN295096v1","4349841","4350172","62","10162138"
"chr4","14621408","14621699","KN294193v1","686578","686868","37","13934830"
"chr4","14741222","14741512","KN294991v1","1974815","1975107","47","12766407"
"chr4","14810147","14810448","KN296153v1","1115266","1115561","42","13694881"
"chr4","14860827","14861127","KN294269v1","94879","95180","46","14765948"
"chr4","14955957","14956269","KN296635v1","2387021","2387331","42","12568936"
"chr4","15081222","15081529","KN294407v1","2317315","2317623","39","12763907"
"chr4","15096658","15096948","KN295832v1","646830","647120","51","14449828"
"chr4","15156404","15156733","KN296311v1","718398","718717","65","14438006"
"chr4","15216631","15216938","KN296153v1","2321512","2321821","44","12895119"
"chr4","15300758","15301071","KN294420v1","882040","882352","49","14418718"
"chr4","15360266","15360553","KN296557v1","13515","13811","45","15346751"
"chr4","15396826","15397096","KN294407v1","2563292","2563571","42","12833534"
"chr4","15487786","15488096","KN294991v1","686774","687084","29","14801012"
"chr4","15488475","15488768","KN295241v1","75672","75962","35","15412803"
"chr4","15495180","15495482","KN296263v1","786828","787126","39","14708352"
"chr4","15495680","15495969","KN294346v1","422309","422602","51","15073371"
"chr4","15525053","15525350","KN297227v1","294733","295032","36","15230320"
"chr4","15534529","15534832","KN294837v1","236309","236605","43","15298220"
"chr4","15602737","15602957","KN295405v1","757351","757593","52","14845386"
"chr4","15706489","15706786","KN294407v1","1559420","1559718","37","14147069"
"chr4","15721419","15721723","KN297023v1","480259","480560","37","15241160"
"chr4","15770474","15770763","KN294182v1","463025","463315","32","15307449"
"chr4","15785491","15785786","KN294937v1","266","558","40","15785225"
"chr4","15791280","15791583","KN296442v1","624754","625057","40","15166526"
"chr4","15797910","15798200","KN296019v1","412819","413103","41","15385091"
"chr4","15805068","15805359","KN294591v1","227761","228058","47","15577307"
"chr4","15810466","15810777","KN294842v1","542470","542772","53","15267996"
"chr4","15833734","15834046","KN294187v1","783464","783769","39","15050270"
"chr4","15854858","15855149","KN294571v1","457321","457617","32","15397537"
"chr4","15963243","15963554","KN295236v1","4832901","4833214","36","11130342"
"chr4","16094773","16095077","KN296635v1","3876048","3876352","44","12218725"
"chr4","16131978","16132303","KN295459v1","1030536","1030859","41","15101442"
"chr4","16138981","16139286","KN296119v1","5034656","5034955","39","11104325"
"chr4","16139634","16139927","KN294385v1","20846","21145","39","16118788"
"chr4","16236012","16236297","KN294244v1","56461","56743","42","16179551"
"chr4","16277498","16277803","KN294181v1","1828682","1828985","38","14448816"
"chr4","16287125","16287413","KN296337v1","944199","944490","31","15342926"
"chr4","16382222","16382532","KN296337v1","820930","821240","33","15561292"
"chr4","16577153","16577452","KN296337v1","629185","629477","29","15947968"
"chr4","16589793","16590096","KN294172v1","6311128","6311420","45","10278665"
"chr4","16595490","16595832","KN294458v1","252365","252682","73","16343125"
"chr4","16600113","16600397","KN294193v1","568677","568960","30","16031436"
"chr4","16614576","16614882","KN296337v1","593761","594062","33","16020815"
"chr4","16650943","16651238","KN294172v1","2666506","2666800","34","13984437"
"chr4","16651415","16651727","KN296337v1","552137","552442","29","16099278"
"chr4","16686390","16686578","KN296495v1","510488","510677","30","16175902"
"chr4","16705593","16705906","KN295477v1","23872","24183","36","16681721"
"chr4","16706591","16706900","KN296337v1","496855","497167","29","16209736"
"chr4","16736411","16736565","KN294842v1","339036","339185","27","16397375"
"chr4","16738504","16738801","KN296485v1","541954","542254","37","16196550"
"chr4","16904156","16904459","KN296337v1","283617","283925","37","16620539"
"chr4","16936346","16936606","KN294378v1","921291","921538","50","16015055"
"chr4","17066664","17066965","KN296337v1","131472","131757","36","16935192"
"chr4","17136285","17136582","KN296337v1","62037","62337","24","17074248"
"chr4","17164033","17164344","KN295735v1","1160753","1161064","37","16003280"
"chr4","17181678","17181971","KN294456v1","424185","424481","42","16757493"
"chr4","17279164","17279472","KN294527v1","72841","73143","32","17206323"
"chr4","17309577","17309881","KN294527v1","104560","104866","27","17205017"
"chr4","17318067","17318387","KN297105v1","1151702","1152014","44","16166365"
"chr4","17330211","17330500","KN294527v1","125175","125464","19","17205036"
"chr4","17337206","17337495","KN294527v1","131952","132230","30","17205254"
"chr4","17354311","17354598","KN294527v1","149549","149850","41","17204762"
"chr4","17359846","17360145","KN296311v1","2283043","2283345","35","15076803"
"chr4","17364545","17364849","KN295362v1","1043462","1043763","38","16321083"
"chr4","17381500","17381651","KN294187v1","1105095","1105248","26","16276405"
"chr4","17392126","17392431","KN294527v1","184998","185281","41","17207128"
"chr4","17403216","17403518","KN294527v1","195583","195889","32","17207633"
"chr4","17410988","17411282","KN294193v1","425211","425504","44","16985777"
"chr4","17440468","17440761","KN295320v1","1610501","1610783","41","15829967"
"chr4","17449841","17450128","KN294991v1","1461337","1461627","42","15988504"
"chr4","17466540","17466772","KN295735v1","493338","493578","39","16973202"
"chr4","17471858","17472150","KN295361v1","824524","824814","37","16647334"
"chr4","17473648","17473943","KN295744v1","419470","419767","37","17054178"
"chr4","17492571","17492843","KN294161v1","894750","895027","78","16597821"
"chr4","17492851","17493022","KN294685v1","1346353","1346519","52","16146498"
"chr4","17493535","17493650","KN294873v1","1338731","1338848","26","16154804"
"chr4","17496822","17497129","KN294527v1","283192","283491","34","17213630"
"chr4","17498663","17498959","KN294561v1","1084406","1084703","29","16414257"
"chr4","17547411","17547711","KN296280v1","640255","640541","43","16907156"
"chr4","17550243","17550549","KN296864v1","3164724","3165032","47","14385519"
"chr4","17578970","17579274","KN296280v1","609136","609444","28","16969834"
"chr4","17585336","17585630","KN294539v1","1287945","1288241","34","16297391"
"chr4","17590085","17590376","KN296153v1","1090111","1090408","41","16499974"
"chr4","17598507","17598814","KN296280v1","589572","589886","36","17008935"
"chr4","17625042","17625329","KN297197v1","2428840","2429127","44","15196202"
"chr4","17663809","17664109","KN296280v1","525396","525684","34","17138413"
"chr4","17705469","17705762","KN295241v1","75672","75962","32","17629797"
"chr4","17761263","17761559","KN294257v1","1771672","1771973","41","15989591"
"chr4","17767427","17767702","KN297171v1","2628817","2629092","30","15138610"
"chr4","17812167","17812473","KN296743v1","1756759","1757068","37","16055408"
"chr4","17854982","17855266","KN296280v1","340433","340717","24","17514549"
"chr4","17863889","17864115","KN296280v1","331795","332025","29","17532094"
"chr4","17992323","17992615","KN294526v1","334958","335253","37","17657365"
"chr4","17997675","17997968","KN296280v1","200714","201030","46","17796961"
"chr4","18113116","18113401","KN296280v1","79429","79695","44","18033687"
"chr4","18267388","18267686","KN294571v1","1575904","1576204","35","16691484"
"chr4","18466289","18466572","KN294713v1","323906","324187","42","18142383"
"chr4","18490008","18490302","KN296078v1","309384","309675","34","18180624"
"chr4","18559231","18559392","KN294172v1","4368748","4368892","27","14190483"
"chr4","18559535","18559844","KN296078v1","392238","392543","26","18167297"
"chr4","18694234","18694544","KN294462v1","663264","663573","41","18030970"
"chr4","18729388","18729689","KN296303v1","662776","663079","38","18066612"
"chr4","18806601","18806834","KN296078v1","662996","663230","30","18143605"
"chr4","18895927","18896231","KN295319v1","93746","94048","47","18802181"
"chr4","18957865","18958156","KN294172v1","1568325","1568618","34","17389540"
"chr4","18965775","18966067","KN296078v1","827394","827686","30","18138381"
"chr4","19003491","19003795","KN296303v1","514845","515157","44","18488646"
"chr4","19075770","19076053","KN294429v1","48972","49253","42","19026798"
"chr4","19129950","19130249","KN296732v1","505664","505970","53","18624286"
"chr4","19169466","19169799","KN294513v1","356380","356693","60","18813086"
"chr4","19213959","19214264","KN296078v1","1087648","1087938","38","18126311"
"chr4","19238109","19238421","KN295566v1","63121","63431","42","19174988"
"chr4","19259063","19259353","KN296078v1","1137227","1137514","43","18121836"
"chr4","19283973","19284280","KN294613v1","457862","458173","48","18826111"
"chr4","19291959","19292273","KN295605v1","271923","272227","47","19020036"
"chr4","19410138","19410431","KN295523v1","3166167","3166457","43","16243971"
"chr4","19449281","19449586","KN296078v1","1313853","1314151","31","18135428"
"chr4","19607394","19607692","KN296062v1","267980","268276","43","19339414"
"chr4","19963504","19963790","KN296138v1","3145","3429","41","19960359"
"chr4","19982402","19982660","KN294172v1","1540690","1540957","49","18441712"
"chr4","20265160","20265479","KN296202v1","384708","385027","29","19880452"
"chr4","20314856","20315158","KN294603v1","111945","112247","35","20202911"
"chr4","20325265","20325573","KN296202v1","444323","444622","26","19880942"
"chr4","20326135","20326417","KN296202v1","445113","445395","30","19881022"
"chr4","20395499","20395803","KN295671v1","320751","321049","48","20074748"
"chr4","20653334","20653630","KN295352v1","439845","440138","41","20213489"
"chr4","20756892","20757146","KN296153v1","28951","29209","48","20727941"
"chr4","20796056","20796361","KN294239v1","558647","558951","47","20237409"
"chr4","20816415","20816711","KN296498v1","39342","39625","58","20777073"
"chr4","20855742","20856046","KN296253v1","1402144","1402449","34","19453598"
"chr4","21025340","21025642","KN294995v1","15599","15901","36","21009741"
"chr4","21036231","21036544","KN295045v1","287071","287385","76","20749160"
"chr4","21093369","21093653","KN295814v1","158538","158819","41","20934831"
"chr4","21144987","21145281","KN294599v1","164864","165152","44","20980123"
"chr4","21258534","21258836","KN296809v1","604063","604366","29","20654471"
"chr4","21262994","21263242","KN295820v1","227188","227454","45","21035806"
"chr4","21284040","21284343","KN294456v1","1098138","1098439","42","20185902"
"chr4","21371113","21371391","KN295708v1","853452","853731","32","20517661"
"chr4","21376056","21376381","KN294434v1","711034","711345","53","20665022"
"chr4","21422834","21423144","KN295988v1","381108","381417","41","21041726"
"chr4","21462251","21462569","KN296849v1","735480","735791","41","20726771"
"chr4","21479639","21479928","KN295729v1","826689","826980","29","20652950"
"chr4","21576482","21576786","KN296311v1","768493","768797","37","20807989"
"chr4","21631621","21631930","KN295034v1","280827","281133","42","21350794"
"chr4","21651475","21651776","KN294561v1","1084406","1084703","56","20567069"
"chr4","21826310","21826622","KN295983v1","1699675","1699986","38","20126635"
"chr4","21962805","21963098","KN294407v1","3027269","3027567","37","18935536"
"chr4","22002405","22002703","KN294926v1","35872","36173","49","21966533"
"chr4","22274698","22275004","KN296153v1","4081017","4081327","42","18193681"
"chr4","22405508","22405799","KN295459v1","673095","673397","50","21732413"
"chr4","22430301","22430601","KN296253v1","1315417","1315709","49","21114884"
"chr4","22440788","22441080","KN295236v1","1479017","1479312","35","20961771"
"chr4","22462030","22462293","KN296303v1","544259","544526","54","21917771"
"chr4","22472696","22472989","KN294509v1","346253","346540","43","22126443"
"chr4","22477391","22477696","KN296253v1","1402144","1402449","33","21075247"
"chr4","22559448","22559742","KN296588v1","2103887","2104184","33","20455561"
"chr4","22592764","22593035","KN294991v1","1558026","1558298","35","21034738"
"chr4","22603520","22603836","KN296849v1","735480","735791","40","21868040"
"chr4","22717716","22717989","KN297112v1","6447609","6447884","41","16270107"
"chr4","22718158","22718452","KN296153v1","3180819","3181114","36","19537339"
"chr4","22860853","22861143","KN294879v1","1212125","1212410","38","21648728"
"chr4","22862959","22863262","KN295976v1","51386","51697","38","22811573"
"chr4","22966770","22967075","KN295976v1","157048","157353","31","22809722"
"chr4","22970409","22970714","KN295976v1","157048","157353","30","22813361"
"chr4","22985882","22986152","KN295976v1","173101","173375","50","22812781"
"chr4","23047151","23047463","KN294486v1","1758447","1758757","38","21288704"
"chr4","23117802","23118103","KN294434v1","417718","418021","38","22700084"
"chr4","23122477","23122775","KN295302v1","378949","379246","42","22743528"
"chr4","23186893","23187190","KN295343v1","729289","729587","37","22457604"
"chr4","23290728","23291035","KN295433v1","2440542","2440852","32","20850186"
"chr4","23293603","23293886","KN295433v1","2437669","2437949","26","20855934"
"chr4","23400400","23400667","KN295433v1","2338051","2338323","34","21062349"
"chr4","23470599","23470901","KN294662v1","16666","16963","38","23453933"
"chr4","23643654","23643954","KN295433v1","2075031","2075328","35","21568623"
"chr4","23843214","23843516","KN295433v1","1875657","1875945","50","21967557"
"chr4","23976714","23976928","KN294378v1","1482294","1482491","41","22494420"
"chr4","24072022","24072322","KN294665v1","133847","134138","41","23938175"
"chr4","24100014","24100275","KN295433v1","1618456","1618705","32","22481558"
"chr4","24133411","24133621","KN296225v1","685783","685976","41","23447628"
"chr4","24134847","24135160","KN295433v1","1578924","1579216","47","22555923"
"chr4","24153142","24153446","KN295433v1","1559643","1559952","36","22593499"
"chr4","24213882","24214221","KN295433v1","1492612","1492933","38","22721270"
"chr4","24263947","24264240","KN295433v1","1447639","1447938","28","22816308"
"chr4","24359278","24359574","KN294603v1","111945","112247","36","24247333"
"chr4","24360704","24361020","KN295433v1","1346805","1347113","40","23013899"
"chr4","24365749","24366051","KN295883v1","173429","173738","34","24192320"
"chr4","24367173","24367487","KN295433v1","1346805","1347113","46","23020368"
"chr4","24382845","24383157","KN296486v1","1103602","1103914","36","23279243"
"chr4","24414930","24415244","KN296200v1","152896","153211","42","24262034"
"chr4","24421508","24421806","KN295666v1","836831","837120","49","23584677"
"chr4","24429980","24430254","KN296019v1","412819","413103","45","24017161"
"chr4","24448047","24448349","KN296306v1","1422397","1422702","37","23025650"
"chr4","24454752","24455043","KN295433v1","1263481","1263782","25","23191271"
"chr4","24456626","24456934","KN295433v1","1261610","1261917","31","23195016"
"chr4","24466183","24466471","KN296865v1","2011600","2011892","42","22454583"
"chr4","24489439","24489722","KN295433v1","1228117","1228397","27","23261322"
"chr4","24521852","24522159","KN295667v1","341240","341529","55","24180612"
"chr4","24532915","24533201","KN295433v1","1184557","1184839","27","23348358"
"chr4","24568992","24569289","KN295090v1","2638275","2638571","37","21930717"
"chr4","24580601","24580896","KN296682v1","4552635","4552930","31","20027966"
"chr4","24583857","24584171","KN295433v1","1125074","1125377","38","23458783"
"chr4","24584856","24585153","KN294385v1","510756","511057","38","24074100"
"chr4","24588276","24588586","KN295433v1","1120366","1120676","29","23467910"
"chr4","24589419","24589684","KN295758v1","861670","861938","47","23727749"
"chr4","24655532","24655812","KN295433v1","1047244","1047530","30","23608288"
"chr4","24661704","24662005","KN295433v1","1041072","1041381","33","23620632"
"chr4","24760302","24760621","KN294548v1","269808","270110","68","24490494"
"chr4","24808727","24809032","KN295433v1","895480","895779","32","23913247"
"chr4","24816729","24816892","KN294848v1","1183193","1183355","18","23633536"
"chr4","24830956","24831245","KN295433v1","874706","874984","33","23956250"
"chr4","24884046","24884342","KN294470v1","2153527","2153827","41","22730519"
"chr4","24889176","24889489","KN294193v1","765791","766099","44","24123385"
"chr4","24920128","24920430","KN296311v1","2891003","2891305","26","22029125"
"chr4","24982527","24982804","KN297112v1","2462095","2462371","32","22520432"
"chr4","25038897","25039206","KN297406v1","6371","6679","47","25032526"
"chr4","25096670","25096973","KN295433v1","610468","610771","25","24486202"
"chr4","25104948","25105143","KN295623v1","489153","489342","31","24615795"
"chr4","25107807","25108098","KN295480v1","1302107","1302401","42","23805700"
"chr4","25115168","25115461","KN295433v1","575919","576236","45","24539249"
"chr4","25128780","25128967","KN295236v1","3402541","3402725","35","21726239"
"chr4","25131586","25131886","KN295433v1","562100","562394","39","24569486"
"chr4","25137263","25137566","KN295433v1","556572","556877","27","24580691"
"chr4","25157214","25157512","KN295433v1","535562","535860","23","24621652"
"chr4","25184096","25184399","KN295433v1","514372","514669","29","24669724"
"chr4","25253647","25253954","KN295433v1","454541","454845","32","24799106"
"chr4","25254686","25254974","KN297320v1","1666972","1667261","31","23587714"
"chr4","25268902","25269201","KN295433v1","439005","439295","31","24829897"
"chr4","25275453","25275747","KN295433v1","432011","432307","20","24843442"
"chr4","25356388","25356570","KN296096v1","1222373","1222559","33","24134015"
"chr4","25373353","25373561","KN297219v1","2668252","2668464","31","22705101"
"chr4","25382456","25382749","KN295433v1","325933","326221","23","25056523"
"chr4","25383812","25384123","KN295433v1","324544","324839","34","25059268"
"chr4","25388852","25389152","KN295433v1","319965","320280","35","25068887"
"chr4","25397098","25397399","KN295433v1","311705","312015","31","25085393"
"chr4","25400210","25400486","KN297159v1","1496468","1496749","37","23903742"
"chr4","25414730","25415019","KN297133v1","1416725","1417022","45","23998005"
"chr4","25417904","25418102","KN297141v1","158733","158926","29","25259171"
"chr4","25427504","25427709","KN295433v1","281398","281603","12","25146106"
"chr4","25432072","25432249","KN294668v1","1588557","1588731","32","23843515"
"chr4","25451173","25451479","KN295433v1","255877","256178","29","25195296"
"chr4","25455570","25455865","KN295433v1","251318","251611","22","25204252"
"chr4","25456175","25456471","KN295433v1","250702","251008","24","25205473"
"chr4","25460614","25460823","KN295893v1","1496315","1496519","82","23964299"
"chr4","25461287","25461600","KN295433v1","244953","245267","25","25216334"
"chr4","25469361","25469650","KN294571v1","1134291","1134579","39","24335070"
"chr4","25474390","25474660","KN297032v1","156430","156698","40","25317960"
"chr4","25474913","25475139","KN296714v1","164535","164762","57","25310378"
"chr4","25484284","25484590","KN295433v1","222355","222671","36","25261929"
"chr4","25485702","25485999","KN295433v1","220942","221237","25","25264760"
"chr4","25491687","25491984","KN295433v1","216047","216346","31","25275640"
"chr4","25512689","25512980","KN296682v1","5144925","5145221","35","20367764"
"chr4","25521633","25521936","KN294693v1","725536","725835","43","24796097"
"chr4","25524726","25525029","KN294521v1","321755","322056","55","25202971"
"chr4","25526834","25527117","KN295433v1","181627","181911","23","25345207"
"chr4","25536381","25536686","KN295433v1","250702","251008","35","25285679"
"chr4","25543472","25543767","KN295433v1","166151","166445","31","25377321"
"chr4","25553796","25554091","KN296153v1","1090111","1090408","34","24463685"
"chr4","25555394","25555693","KN295433v1","155499","155801","25","25399895"
"chr4","25562219","25562530","KN295433v1","147842","148148","39","25414377"
"chr4","25578374","25578683","KN295433v1","135570","135875","27","25442804"
"chr4","25582589","25582882","KN294420v1","822079","822371","37","24760510"
"chr4","25588802","25589109","KN295433v1","125302","125606","29","25463500"
"chr4","25596621","25596910","KN296157v1","4724901","4725194","32","20871720"
"chr4","25596934","25597245","KN295433v1","109980","110290","32","25486954"
"chr4","25599184","25599422","KN295433v1","107232","107472","27","25491952"
"chr4","25614593","25614880","KN295433v1","83833","84130","43","25530760"
"chr4","25617422","25617709","KN295433v1","83833","84130","45","25533589"
"chr4","25624040","25624327","KN295433v1","76890","77188","29","25547150"
"chr4","25640975","25641264","KN295433v1","62347","62637","39","25578628"
"chr4","25644617","25644916","KN295433v1","58718","59020","27","25585899"
"chr4","25661878","25662163","KN296096v1","838711","839001","39","24823167"
"chr4","25664279","25664603","KN296036v1","2062557","2062868","44","23601722"
"chr4","25668331","25668642","KN296761v1","474126","474436","48","25194205"
"chr4","25670950","25671261","KN295236v1","35793","36099","45","25635157"
"chr4","25674720","25675012","KN294937v1","266","558","32","25674454"
"chr4","25690666","25690968","KN296311v1","854862","855163","41","24835804"
"chr4","25696871","25697180","KN294187v1","1880703","1881015","39","23816168"
"chr4","25707851","25708151","KN297327v1","811573","811871","38","24896278"
"chr4","25727322","25727620","KN296270v1","795830","796129","35","24931492"
"chr4","25730772","25731083","KN296635v1","4969030","4969343","30","20761742"
"chr4","25734906","25735175","KN296270v1","788360","788646","27","24946546"
"chr4","25787760","25788045","KN296270v1","732973","733255","18","25054787"
"chr4","25807683","25807989","KN296270v1","712930","713242","30","25094753"
"chr4","25811545","25811854","KN294940v1","567435","567744","29","25244110"
"chr4","25816793","25817093","KN296270v1","703763","704062","31","25113030"
"chr4","25848842","25849150","KN296270v1","667570","667879","28","25181272"
"chr4","25860122","25860418","KN296270v1","656153","656454","20","25203969"
"chr4","25877885","25878177","KN296270v1","638112","638400","30","25239773"
"chr4","25886277","25886592","KN296270v1","629686","629996","32","25256591"
"chr4","25897289","25897595","KN296378v1","964703","965014","40","24932586"
"chr4","25901980","25902265","KN296270v1","614650","614923","34","25287330"
"chr4","25947612","25947917","KN296306v1","3682608","3682916","34","22265004"
"chr4","25960651","25960954","KN296270v1","558021","558321","32","25402630"
"chr4","25964918","25965215","KN294561v1","1084406","1084703","33","24880512"
"chr4","25984979","25985276","KN296270v1","535192","535499","34","25449787"
"chr4","25996993","25997291","KN296270v1","523463","523754","34","25473530"
"chr4","26023692","26023995","KN296270v1","496872","497180","34","25526820"
"chr4","26029416","26029709","KN296270v1","488031","488326","26","25541385"
"chr4","26034279","26034579","KN294456v1","592934","593237","41","25441345"
"chr4","26040127","26040438","KN296270v1","478732","479036","36","25561395"
"chr4","26124727","26125068","KN296270v1","394037","394356","60","25730690"
"chr4","26152442","26152609","KN296495v1","2268197","2268365","23","23884245"
"chr4","26153272","26153573","KN296442v1","417977","418281","35","25735295"
"chr4","26191339","26191646","KN296357v1","653990","654295","36","25537349"
"chr4","26194969","26195281","KN295319v1","42222","42534","34","26152747"
"chr4","26218150","26218429","KN296270v1","302911","303189","29","25915239"
"chr4","26220427","26220646","KN294470v1","2697577","2697792","28","23522850"
"chr4","26233762","26234056","KN296270v1","287785","288075","45","25945977"
"chr4","26238539","26238834","KN296270v1","283065","283367","26","25955474"
"chr4","26248611","26248914","KN295735v1","167742","168046","39","26080869"
"chr4","26251713","26252000","KN294879v1","1212125","1212410","49","25039588"
"chr4","26257838","26258137","KN296270v1","262044","262342","29","25995794"
"chr4","26261135","26261425","KN296880v1","290573","290861","31","25970562"
"chr4","26279315","26279617","KN297327v1","205834","206134","34","26073481"
"chr4","26279905","26280202","KN296270v1","236663","236962","18","26043242"
"chr4","26283519","26283822","KN294987v1","176356","176665","43","26107163"
"chr4","26303432","26303729","KN296270v1","215400","215691","34","26088032"
"chr4","26306355","26306662","KN296270v1","212758","213058","45","26093597"
"chr4","26309395","26309686","KN296270v1","210036","210337","30","26099359"
"chr4","26309776","26310060","KN296270v1","209664","209947","22","26100112"
"chr4","26323993","26324299","KN296270v1","199579","199887","33","26124414"
"chr4","26324848","26325156","KN297023v1","662519","662830","43","25662329"
"chr4","26333903","26334198","KN296270v1","190549","190848","32","26143354"
"chr4","26344534","26344865","KN295922v1","130002","130315","52","26214532"
"chr4","26349322","26349629","KN296270v1","174627","174934","28","26174695"
"chr4","26363966","26364177","KN294372v1","1679287","1679512","47","24684679"
"chr4","26392329","26392627","KN296270v1","133864","134168","31","26258465"
"chr4","26469670","26469979","KN296926v1","1143380","1143688","39","25326290"
"chr4","26470392","26470546","KN294842v1","339036","339185","23","26131356"
"chr4","26476865","26476945","KN296743v1","1948518","1948571","35","24528347"
"chr4","26476981","26477255","KN296270v1","51228","51480","45","26425753"
"chr4","26490191","26490490","KN296270v1","37090","37388","22","26453101"
"chr4","26502675","26502979","KN296311v1","832074","832375","44","25670601"
"chr4","26587450","26587750","KN296403v1","61354","61653","30","26526096"
"chr4","26723069","26723364","KN296403v1","195569","195873","22","26527500"
"chr4","26776047","26776353","KN296403v1","245581","245888","27","26530466"
"chr4","26813850","26814073","KN295970v1","49893","50138","73","26763957"
"chr4","26816322","26816582","KN296403v1","285927","286194","30","26530395"
"chr4","26848735","26849036","KN294470v1","2136945","2137241","40","24711790"
"chr4","26886194","26886494","KN295929v1","368547","368851","36","26517647"
"chr4","27008584","27008897","KN296403v1","482881","483179","37","26525703"
"chr4","27036379","27036689","KN296403v1","510517","510829","20","26525862"
"chr4","27094446","27094637","KN296153v1","3305899","3306083","37","23788547"
"chr4","27111682","27111989","KN296403v1","584964","585272","24","26526718"
"chr4","27116345","27116680","KN295441v1","1581566","1581902","66","25534779"
"chr4","27126589","27126907","KN295685v1","46321","46631","45","27080268"
"chr4","27180603","27180908","KN296403v1","653853","654163","33","26526750"
"chr4","27188829","27189119","KN296403v1","662588","662873","30","26526241"
"chr4","27266651","27266956","KN296403v1","739956","740267","42","26526695"
"chr4","27363478","27363755","KN295601v1","2149937","2150218","40","25213541"
"chr4","27367936","27368245","KN296201v1","2882175","2882483","32","24485761"
"chr4","27458232","27458531","KN297133v1","1416725","1417022","45","26041507"
"chr4","27478263","27478581","KN295922v1","130002","130315","34","27348261"
"chr4","27776194","27776493","KN297242v1","1698853","1699127","58","26077341"
"chr4","27779243","27779558","KN296424v1","206413","206722","48","27572830"
"chr4","27808881","27809179","KN296498v1","95172","95471","47","27713709"
"chr4","27919408","27919718","KN294571v1","1575904","1576204","43","26343504"
"chr4","28349508","28349805","KN295195v1","68401","68696","28","28281107"
"chr4","28464512","28464821","KN297200v1","429736","430036","47","28034776"
"chr4","28671010","28671306","KN295480v1","1302107","1302401","35","27368903"
"chr4","28689696","28690020","KN295195v1","443774","444083","43","28245922"
"chr4","28734729","28735030","KN295195v1","489072","489381","33","28245657"
"chr4","28796959","28797286","KN295195v1","546150","546467","39","28250809"
"chr4","28827514","28827825","KN295922v1","130002","130315","32","28697512"
"chr4","28857281","28857578","KN294911v1","2037233","2037506","80","26820048"
"chr4","28859066","28859395","KN295195v1","602244","602588","48","28256822"
"chr4","28960221","28960433","KN297219v1","2668252","2668464","36","26291969"
"chr4","29122682","29122977","KN294407v1","3027269","3027567","34","26095413"
"chr4","29216960","29217259","KN296158v1","1175251","1175559","49","28041709"
"chr4","29263484","29263787","KN295685v1","71124","71426","32","29192360"
"chr4","29333282","29333594","KN297408v1","456168","456464","53","28877114"
"chr4","29424405","29424710","KN295685v1","223452","223749","40","29200953"
"chr4","29426356","29426662","KN295685v1","224837","225140","36","29201519"
"chr4","29480667","29480952","KN295685v1","282452","282749","48","29198215"
"chr4","29601228","29601513","KN294345v1","1119451","1119736","40","28481777"
"chr4","29663044","29663259","KN296139v1","203722","203935","31","29459322"
"chr4","29681879","29682149","KN295923v1","1749620","1749896","50","27932259"
"chr4","29697614","29697892","KN295685v1","492580","492860","35","29205034"
"chr4","29817243","29817541","KN296649v1","502099","502397","39","29315144"
"chr4","29835761","29836070","KN295735v1","1160753","1161064","36","28675008"
"chr4","29858194","29858504","KN296732v1","3243055","3243359","43","26615139"
"chr4","29896659","29896954","KN295685v1","699773","700072","28","29196886"
"chr4","30017812","30018123","KN295685v1","841565","841875","37","29176247"
"chr4","30062585","30062891","KN295433v1","250702","251008","42","29811883"
"chr4","30127679","30127963","KN294509v1","346253","346540","34","29781426"
"chr4","30159678","30159982","KN295685v1","981186","981498","33","29178492"
"chr4","30194795","30195075","KN296270v1","328327","328606","41","29866468"
"chr4","30313675","30313969","KN295257v1","840592","840882","50","29473083"
"chr4","30322235","30322517","KN297190v1","726166","726449","48","29596069"
"chr4","30450712","30450995","KN296508v1","659940","660226","49","29790772"
"chr4","30497177","30497488","KN295685v1","1345243","1345550","36","29151934"
"chr4","30514532","30514818","KN294167v1","511430","511711","39","30003102"
"chr4","30515909","30516214","KN295236v1","4249040","4249346","32","26266869"
"chr4","30520666","30520976","KN295685v1","1368689","1369005","38","29151977"
"chr4","30562155","30562456","KN295685v1","1422034","1422318","45","29140121"
"chr4","30657664","30657959","KN295685v1","1520794","1521094","25","29136870"
"chr4","30667619","30667936","KN296495v1","550769","551079","38","30116850"
"chr4","30707564","30707872","KN295343v1","500661","500970","41","30206903"
"chr4","30725614","30725845","KN296754v1","219855","220085","36","30505759"
"chr4","30732633","30732928","KN296063v1","1388665","1388960","35","29343968"
"chr4","30745560","30745864","KN297094v1","146925","147235","43","30598635"
"chr4","30752671","30752989","KN296682v1","3127385","3127697","51","27625286"
"chr4","30785049","30785349","KN294662v1","54879","55172","37","30730170"
"chr4","30834602","30834910","KN294407v1","2157068","2157379","39","28677534"
"chr4","30880277","30880577","KN296547v1","396597","396892","36","30483680"
"chr4","30921482","30921764","KN296406v1","158505","158783","42","30762977"
"chr4","30959083","30959352","KN295984v1","480731","481001","43","30478352"
"chr4","30966902","30967202","KN294456v1","1098138","1098439","31","29868764"
"chr4","30993919","30994201","KN294161v1","188155","188445","51","30805764"
"chr4","31030063","31030372","KN295236v1","1276555","1276856","40","29753508"
"chr4","31089051","31089320","KN295962v1","1091798","1092059","45","29997253"
"chr4","31091609","31091920","KN295523v1","669363","669671","43","30422246"
"chr4","31144194","31144499","KN295735v1","408713","409014","43","30735481"
"chr4","31150295","31150587","KN297233v1","1175420","1175710","39","29974875"
"chr4","31248435","31248718","KN297190v1","4200135","4200423","40","27048300"
"chr4","31254930","31255201","KN295034v1","719858","720139","51","30535072"
"chr4","31409871","31410163","KN295361v1","824524","824814","40","30585347"
"chr4","31422498","31422801","KN296244v1","633132","633433","33","30789366"
"chr4","31433645","31433957","KN294439v1","207883","208184","45","31225762"
"chr4","31514688","31514959","KN296577v1","302331","302604","42","31212357"
"chr4","31554144","31554408","KN296311v1","5260065","5260338","58","26294079"
"chr4","31588639","31588978","KN297190v1","4007204","4007504","76","27581435"
"chr4","31595385","31595668","KN296508v1","1887999","1888284","36","29707386"
"chr4","31643794","31644090","KN295343v1","729289","729587","38","30914505"
"chr4","31748808","31749102","KN297041v1","107495","107791","33","31641313"
"chr4","31839146","31839448","KN295700v1","110740","111042","40","31728406"
"chr4","31851112","31851407","KN294592v1","1036828","1037126","39","30814284"
"chr4","31892842","31893125","KN294633v1","106169","106453","45","31786673"
"chr4","32055895","32056179","KN297259v1","1604747","1605031","35","30451148"
"chr4","32142791","32143062","KN296063v1","94566","94836","35","32048225"
"chr4","32148073","32148370","KN294879v1","76546","76849","43","32071527"
"chr4","32174227","32174527","KN296311v1","832074","832375","41","31342153"
"chr4","32196585","32196885","KN296430v1","1105044","1105344","37","31091541"
"chr4","32241688","32241969","KN297190v1","1120539","1120821","39","31121149"
"chr4","32246839","32246991","KN294187v1","1105095","1105248","26","31141744"
"chr4","32250960","32251256","KN295090v1","2638275","2638571","38","29612685"
"chr4","32286124","32286434","KN296486v1","1608152","1608458","43","30677972"
"chr4","32374843","32375137","KN294539v1","1287945","1288241","41","31086898"
"chr4","32472779","32473114","KN295735v1","713634","713968","47","31759145"
"chr4","32538245","32538541","KN294539v1","1287945","1288241","38","31250300"
"chr4","32637908","32638206","KN295343v1","729289","729587","40","31908619"
"chr4","32648945","32649240","KN295633v1","945258","945552","37","31703687"
"chr4","32714672","32714974","KN296761v1","16855","17145","53","32697817"
"chr4","32738212","32738544","KN296390v1","87170","87503","60","32651042"
"chr4","32775818","32775993","KN294336v1","39333","39510","37","32736485"
"chr4","32778732","32779051","KN296019v1","548590","548901","47","32230142"
"chr4","32904451","32904737","KN294571v1","671930","672216","39","32232521"
"chr4","32979504","32979806","KN297154v1","1039874","1040175","48","31939630"
"chr4","33109016","33109296","KN296311v1","7097570","7097852","51","26011446"
"chr4","33111277","33111460","KN294741v1","1596077","1596264","29","31515200"
"chr4","33115429","33115750","KN295977v1","536310","536615","66","32579119"
"chr4","33152448","33152742","KN294172v1","2207703","2208004","53","30944745"
"chr4","33175918","33176224","KN296154v1","1049543","1049848","40","32126375"
"chr4","33432532","33432816","KN296960v1","268547","268832","26","33163985"
"chr4","33542567","33542863","KN296960v1","387414","387719","39","33155153"
"chr4","33692703","33692858","KN296508v1","583731","583889","27","33108972"
"chr4","33749959","33750228","KN296960v1","621931","622205","35","33128028"
"chr4","33761078","33761387","KN296096v1","2698005","2698314","43","31063073"
"chr4","33797886","33798195","KN296960v1","663028","663318","44","33134858"
"chr4","33899764","33900039","KN296833v1","94676","94959","34","33805088"
"chr4","33908563","33908849","KN296960v1","776212","776501","55","33132351"
"chr4","34002421","34002708","KN297245v1","2679998","2680287","41","31322423"
"chr4","34039268","34039557","KN297112v1","771361","771654","46","33267907"
"chr4","34205289","34205596","KN294172v1","6150520","6150824","46","28054769"
"chr4","34278705","34279011","KN294375v1","493338","493642","38","33785367"
"chr4","34303185","34303492","KN296960v1","1197907","1198211","37","33105278"
"chr4","34726283","34726591","KN296960v1","1648705","1649014","39","33077578"
"chr4","34849899","34850183","KN295236v1","4241376","4241668","49","30608523"
"chr4","34876236","34876538","KN296960v1","1830411","1830692","42","33045825"
"chr4","35213795","35214109","KN296158v1","1175251","1175559","46","34038544"
"chr4","35233031","35233333","KN294633v1","56373","56674","37","35176658"
"chr4","35255180","35255463","KN296616v1","100724","101010","39","35154456"
"chr4","35285769","35286068","KN296311v1","768493","768797","44","34517276"
"chr4","35345187","35345483","KN295480v1","1302107","1302401","36","34043080"
"chr4","35346960","35347266","KN296505v1","355465","355772","41","34991495"
"chr4","35493466","35493740","KN295319v1","278051","278328","46","35215415"
"chr4","35533092","35533394","KN297153v1","651889","652188","35","34881203"
"chr4","35629547","35629829","KN294167v1","511430","511711","34","35118117"
"chr4","35788053","35788365","KN294548v1","1161001","1161308","47","34627052"
"chr4","35829862","35830195","KN296213v1","830131","830450","67","34999731"
"chr4","35855946","35856255","KN297442v1","1612430","1612738","38","34243516"
"chr4","35943637","35943952","KN294957v1","62097","62408","40","35881540"
"chr4","35955407","35955706","KN296781v1","21399","21688","47","35934008"
"chr4","35968323","35968616","KN295983v1","3333178","3333469","36","32635145"
"chr4","35996848","35997150","KN296138v1","98488","98788","30","35898360"
"chr4","36008009","36008312","KN294848v1","512947","513252","40","35495062"
"chr4","36016785","36017053","KN294187v1","1190160","1190432","42","34826625"
"chr4","36122219","36122491","KN295984v1","2123578","2123850","39","33998641"
"chr4","36232713","36233026","KN295983v1","3062994","3063300","38","33169719"
"chr4","36259359","36259670","KN295983v1","3037854","3038155","43","33221505"
"chr4","36280396","36280653","KN294407v1","165537","165802","58","36114859"
"chr4","36298145","36298456","KN296311v1","497102","497413","39","35801043"
"chr4","36329413","36329701","KN294879v1","1263828","1264114","41","35065585"
"chr4","36620694","36621003","KN295998v1","154789","155089","47","36465905"
"chr4","36714954","36715257","KN295983v1","2576553","2576857","26","34138401"
"chr4","36763192","36763356","KN296311v1","7188511","7188676","28","29574681"
"chr4","36970060","36970399","KN295523v1","4016869","4017218","78","32953191"
"chr4","36977842","36978146","KN296731v1","694955","695263","43","36282887"
"chr4","37000864","37001159","KN295983v1","2280291","2280573","36","34720573"
"chr4","37228890","37229187","KN296620v1","349918","350214","31","36878972"
"chr4","37232271","37232562","KN295983v1","2043431","2043713","23","35188840"
"chr4","37292562","37292872","KN296406v1","250415","250727","44","37042147"
"chr4","37324174","37324468","KN294172v1","822922","823215","35","36501252"
"chr4","37369944","37370202","KN295983v1","1897732","1898001","36","35472212"
"chr4","37372072","37372373","KN295983v1","1895195","1895513","36","35476877"
"chr4","37456161","37456444","KN294193v1","568677","568960","37","36887484"
"chr4","37520224","37520539","KN295983v1","1750933","1751246","44","35769291"
"chr4","37554332","37554643","KN295983v1","1725323","1725636","29","35829009"
"chr4","37576873","37577182","KN295983v1","1699675","1699986","31","35877198"
"chr4","37579887","37580168","KN295983v1","1696679","1696960","15","35883208"
"chr4","37612509","37612817","KN297242v1","955488","955797","36","36657021"
"chr4","37622889","37623190","KN295983v1","1655068","1655364","24","35967821"
"chr4","37665492","37665791","KN295983v1","1604438","1604736","14","36061054"
"chr4","37671262","37671573","KN295983v1","1598073","1598387","31","36073189"
"chr4","37685602","37685897","KN295983v1","1582905","1583200","31","36102697"
"chr4","37713476","37713780","KN294456v1","1098138","1098439","34","36615338"
"chr4","37754493","37754792","KN295983v1","1515403","1515714","32","36239090"
"chr4","37868409","37868707","KN295983v1","1395918","1396216","26","36472491"
"chr4","37891887","37892162","KN297171v1","2628817","2629092","29","35263070"
"chr4","37900285","37900571","KN295983v1","1364265","1364554","28","36536020"
"chr4","37923731","37924002","KN296083v1","31854","32130","43","37891877"
"chr4","37925383","37925684","KN295983v1","1340244","1340541","28","36585139"
"chr4","37980346","37980636","KN295526v1","764551","764853","46","37215795"
"chr4","37987486","37987787","KN295405v1","69847","70144","35","37917639"
"chr4","37992858","37993168","KN295983v1","1281311","1281622","28","36711547"
"chr4","38001119","38001426","KN296518v1","109626","109935","40","37891493"
"chr4","38065527","38065841","KN294987v1","913011","913316","53","37152516"
"chr4","38066242","38066553","KN295983v1","1214063","1214377","31","36852179"
"chr4","38150952","38151253","KN294420v1","822079","822371","34","37328873"
"chr4","38162929","38163239","KN296503v1","58212","58521","34","38104717"
"chr4","38212371","38212677","KN295983v1","1070989","1071291","32","37141382"
"chr4","38217184","38217489","KN295983v1","1065870","1066171","32","37151314"
"chr4","38218895","38219204","KN296167v1","450049","450355","37","37768846"
"chr4","38230435","38230723","KN295708v1","2784035","2784327","35","35446400"
"chr4","38268499","38268810","KN295983v1","1005171","1005468","42","37263328"
"chr4","38366682","38366990","KN295983v1","903651","903959","30","37463031"
"chr4","38381827","38382149","KN295236v1","6055821","6056135","52","32326006"
"chr4","38465015","38465309","KN295607v1","4377455","4377758","30","34087560"
"chr4","38529641","38529933","KN295871v1","681623","681917","37","37848018"
"chr4","38536158","38536461","KN295983v1","744696","744993","34","37791462"
"chr4","38546389","38546675","KN295983v1","734496","734771","36","37811893"
"chr4","38576851","38577157","KN294326v1","309006","309309","37","38267845"
"chr4","38582918","38583193","KN295667v1","583639","583913","48","37999279"
"chr4","38602120","38602420","KN297023v1","480259","480560","35","38121861"
"chr4","38628286","38628581","KN295983v1","653692","653984","24","37974594"
"chr4","38631690","38631994","KN295983v1","650204","650498","38","37981486"
"chr4","38636749","38637048","KN295983v1","645511","645805","39","37991238"
"chr4","38693659","38693944","KN295983v1","591506","591797","25","38102153"
"chr4","38724076","38724370","KN295983v1","653692","653984","34","38070384"
"chr4","38794826","38795031","KN295983v1","489748","489951","17","38305078"
"chr4","38815426","38815733","KN297108v1","428912","429223","38","38386514"
"chr4","38850526","38850831","KN294170v1","5505","5809","38","38845021"
"chr4","38860339","38860637","KN294172v1","2666506","2666800","46","36193833"
"chr4","38873008","38873312","KN294710v1","68748","69053","38","38804260"
"chr4","38875199","38875428","KN297008v1","1333361","1333595","38","37541838"
"chr4","38900202","38900510","KN295983v1","394582","394890","22","38505620"
"chr4","38902273","38902573","KN295983v1","392891","393196","29","38509382"
"chr4","38909512","38909820","KN295090v1","126321","126630","39","38783191"
"chr4","38916925","38917220","KN295983v1","378258","378550","35","38538667"
"chr4","38925567","38925888","KN294147v1","395582","395901","47","38529985"
"chr4","38956502","38956813","KN295433v1","250702","251008","37","38705800"
"chr4","38973703","38974011","KN296635v1","2181073","2181379","38","36792630"
"chr4","39004823","39005115","KN297133v1","391390","391679","36","38613433"
"chr4","39016446","39016733","KN295983v1","276015","276294","29","38740431"
"chr4","39021738","39022025","KN294978v1","1002089","1002376","40","38019649"
"chr4","39028489","39028798","KN295983v1","264766","265076","32","38763723"
"chr4","39035634","39035931","KN294456v1","1143112","1143404","30","37892522"
"chr4","39040406","39040645","KN295405v1","757351","757593","57","38283055"
"chr4","39041549","39041850","KN294503v1","33353","33656","38","39008196"
"chr4","39058057","39058351","KN295983v1","231301","231600","21","38826756"
"chr4","39074065","39074319","KN295594v1","246769","247042","60","38827296"
"chr4","39117592","39117873","KN295983v1","174028","174308","21","38943564"
"chr4","39125831","39126142","KN296503v1","58212","58521","38","39067619"
"chr4","39128426","39128750","KN295983v1","163059","163331","75","38965367"
"chr4","39197595","39197889","KN297146v1","129898","130192","34","39067697"
"chr4","39207671","39207970","KN295983v1","91390","91694","25","39116281"
"chr4","39213961","39214231","KN294172v1","4404969","4405241","35","34808992"
"chr4","39221724","39222040","KN295983v1","80584","80886","23","39141140"
"chr4","39267501","39267727","KN295983v1","39418","39646","26","39228083"
"chr4","39288461","39288725","KN296541v1","3529084","3529344","54","35759377"
"chr4","39325866","39326044","KN295236v1","3165270","3165438","27","36160596"
"chr4","39327191","39327497","KN294571v1","13019","13320","38","39314172"
"chr4","39337250","39337544","KN294571v1","23057","23341","27","39314193"
"chr4","39352361","39352635","KN295983v1","697622","697897","49","38654739"
"chr4","39371320","39371621","KN294571v1","56490","56792","30","39314830"
"chr4","39379129","39379435","KN297023v1","480259","480560","36","38898870"
"chr4","39404490","39404795","KN295433v1","250702","251008","38","39153788"
"chr4","39406290","39406589","KN294571v1","96102","96393","43","39310188"
"chr4","39409023","39409324","KN295586v1","1834408","1834703","37","37574615"
"chr4","39429771","39430075","KN295326v1","192748","193053","31","39237023"
"chr4","39456090","39456392","KN296322v1","2692700","2693002","32","36763390"
"chr4","39463692","39463987","KN295601v1","1256036","1256332","32","38207656"
"chr4","39468322","39468631","KN294571v1","156230","156538","19","39312092"
"chr4","39469053","39469338","KN294571v1","157286","157575","21","39311767"
"chr4","39477227","39477530","KN296528v1","1509850","1510156","47","37967377"
"chr4","39477832","39478140","KN294571v1","167149","167456","31","39310683"
"chr4","39506389","39506677","KN294571v1","196567","196861","28","39309822"
"chr4","39520086","39520379","KN294571v1","210636","210939","36","39309450"
"chr4","39520587","39520759","KN295171v1","374429","374605","26","39146158"
"chr4","39521961","39522279","KN294571v1","212521","212831","34","39309440"
"chr4","39523689","39523854","KN296311v1","7665656","7665823","30","31858033"
"chr4","39549220","39549526","KN294571v1","240702","241007","34","39308518"
"chr4","39553197","39553512","KN294571v1","244745","245044","38","39308452"
"chr4","39553895","39554197","KN296072v1","39765","40067","35","39514130"
"chr4","39557849","39558157","KN294571v1","249045","249355","32","39308804"
"chr4","39563972","39564274","KN294571v1","255101","255396","29","39308871"
"chr4","39602357","39602593","KN295405v1","757351","757593","46","38845006"
"chr4","39605897","39606199","KN294539v1","1287945","1288241","33","38317952"
"chr4","39618276","39618570","KN294571v1","314304","314611","34","39303972"
"chr4","39619717","39620019","KN297047v1","3987588","3987889","34","35632129"
"chr4","39620772","39621070","KN295260v1","1916794","1917085","45","37703978"
"chr4","39626241","39626458","KN296682v1","3000428","3000645","23","36625813"
"chr4","39631129","39631432","KN294571v1","324803","325104","25","39306326"
"chr4","39640375","39640670","KN294571v1","336303","336596","29","39304072"
"chr4","39660837","39661111","KN296732v1","3307334","3307612","32","36353503"
"chr4","39686761","39687060","KN295441v1","1248832","1249129","33","38437929"
"chr4","39693028","39693338","KN294208v1","826113","826419","45","38866915"
"chr4","39693897","39694220","KN294302v1","375312","375628","52","39318585"
"chr4","39726903","39727212","KN294571v1","425366","425667","30","39301537"
"chr4","39729122","39729381","KN294571v1","427565","427824","19","39301557"
"chr4","39733997","39734311","KN294446v1","240983","241287","39","39493014"
"chr4","39735226","39735435","KN294571v1","433975","434181","21","39301251"
"chr4","39764643","39764928","KN294571v1","457321","457617","34","39307322"
"chr4","39765506","39765771","KN294571v1","458213","458486","29","39307293"
"chr4","39767431","39767729","KN294571v1","460347","460655","20","39307084"
"chr4","39776886","39777192","KN294571v1","470219","470528","29","39306667"
"chr4","39783568","39783865","KN296541v1","3209254","3209550","29","36574314"
"chr4","39795758","39796069","KN294571v1","492590","492892","37","39303168"
"chr4","39804197","39804504","KN297314v1","576080","576392","54","39228117"
"chr4","39808735","39808896","KN294571v1","815022","815181","29","38993713"
"chr4","39822849","39823144","KN295671v1","310148","310439","36","39512701"
"chr4","39840736","39841025","KN294571v1","528824","529135","46","39311912"
"chr4","39843950","39844258","KN294603v1","63949","64255","37","39780001"
"chr4","39844722","39845015","KN296314v1","667959","668246","35","39176763"
"chr4","39873715","39873999","KN296495v1","163630","163918","34","39710085"
"chr4","39874077","39874266","KN295605v1","68242","68434","38","39805835"
"chr4","39889088","39889418","KN295096v1","4349841","4350172","36","35539247"
"chr4","39904906","39905191","KN294571v1","603170","603442","31","39301736"
"chr4","39943408","39943542","KN294705v1","1815291","1815426","26","38128117"
"chr4","39943941","39944107","KN294987v1","480021","480187","23","39463920"
"chr4","39945781","39946073","KN294571v1","648550","648845","29","39297231"
"chr4","39950271","39950570","KN294911v1","628968","629266","42","39321303"
"chr4","39955757","39956071","KN294571v1","658717","659023","40","39297040"
"chr4","39964595","39964901","KN294571v1","666518","666817","32","39298077"
"chr4","39970960","39971244","KN294571v1","671930","672216","25","39299030"
"chr4","39978595","39978906","KN294571v1","679042","679361","26","39299553"
"chr4","39979302","39979609","KN294571v1","679764","680058","36","39299538"
"chr4","39987980","39988285","KN294571v1","697246","697548","26","39290734"
"chr4","39994918","39995189","KN297008v1","552141","552418","54","39442777"
"chr4","40001428","40001695","KN295405v1","702859","703132","50","39298569"
"chr4","40008465","40008764","KN297058v1","312303","312607","34","39696162"
"chr4","40013744","40014035","KN294571v1","720690","720995","35","39293054"
"chr4","40018917","40019189","KN297008v1","6417285","6417564","37","33601632"
"chr4","40020709","40021012","KN294539v1","1287945","1288241","33","38732764"
"chr4","40022443","40022752","KN294172v1","2552899","2553211","40","37469544"
"chr4","40032798","40032975","KN294470v1","529711","529889","29","39503087"
"chr4","40032977","40033271","KN297320v1","271981","272275","28","39760996"
"chr4","40034345","40034639","KN294571v1","758579","758870","29","39275766"
"chr4","40035288","40035585","KN294571v1","759585","759883","26","39275703"
"chr4","40041289","40041594","KN296635v1","2119117","2119419","44","37922172"
"chr4","40046993","40047255","KN294501v1","3439246","3439503","44","36607747"
"chr4","40056885","40057193","KN294187v1","1404810","1405121","43","38652075"
"chr4","40059226","40059387","KN295284v1","109927","110084","26","39949299"
"chr4","40080175","40080349","KN295350v1","130882","131053","30","39949293"
"chr4","40086117","40086419","KN294571v1","817350","817647","34","39268767"
"chr4","40089747","40090018","KN295717v1","191127","191398","47","39898620"
"chr4","40096638","40096814","KN296495v1","1414803","1414975","29","38681835"
"chr4","40104340","40104650","KN294571v1","836641","836951","33","39267699"
"chr4","40106471","40106693","KN294571v1","838910","839126","26","39267561"
"chr4","40112179","40112467","KN294509v1","346253","346540","46","39765926"
"chr4","40142098","40142317","KN294571v1","870320","870540","9","39271778"
"chr4","40162385","40162685","KN295607v1","4406348","4406645","25","35756037"
"chr4","40166004","40166315","KN296484v1","351750","352061","37","39814254"
"chr4","40195729","40195968","KN294571v1","922839","923071","27","39272890"
"chr4","40205531","40205796","KN295814v1","136350","136614","39","40069181"
"chr4","40211447","40211742","KN294571v1","938760","939029","44","39272687"
"chr4","40213265","40213575","KN294571v1","940493","940804","31","39272772"
"chr4","40218643","40218924","KN294571v1","946257","946529","23","39272386"
"chr4","40225556","40225843","KN294571v1","952824","953106","30","39272732"
"chr4","40225852","40226124","KN297276v1","475868","476140","31","39749984"
"chr4","40258325","40258635","KN297133v1","1529387","1529697","41","38728938"
"chr4","40279780","40280083","KN295841v1","494485","494787","40","39785295"
"chr4","40291989","40292259","KN294456v1","1143112","1143404","47","39148877"
"chr4","40293282","40293515","KN295371v1","807809","808035","40","39485473"
"chr4","40299640","40299943","KN294446v1","240983","241287","36","40058657"
"chr4","40301024","40301318","KN297245v1","1416081","1416379","36","38884943"
"chr4","40304178","40304395","KN296079v1","2860738","2860978","52","37443440"
"chr4","40320413","40320714","KN296442v1","417977","418281","26","39902436"
"chr4","40329208","40329515","KN294548v1","1161001","1161308","41","39168207"
"chr4","40346773","40347058","KN294571v1","1060316","1060593","46","39286457"
"chr4","40348886","40349160","KN294571v1","1062413","1062696","34","39286473"
"chr4","40355768","40356049","KN294571v1","1069262","1069562","39","39286506"
"chr4","40373019","40373221","KN296426v1","64367","64561","50","40308652"
"chr4","40387737","40388041","KN294571v1","1107499","1107798","26","39280238"
"chr4","40396750","40397043","KN294571v1","1117625","1117923","31","39279125"
"chr4","40407867","40408155","KN294571v1","1128951","1129238","34","39278916"
"chr4","40412485","40412807","KN296884v1","30338","30656","37","40382147"
"chr4","40418427","40418745","KN295722v1","1373842","1374147","50","39044585"
"chr4","40426785","40427091","KN294571v1","1149921","1150231","20","39276864"
"chr4","40433837","40434050","KN294571v1","1156756","1156962","27","39277081"
"chr4","40440284","40440578","KN294571v1","1162263","1162572","41","39278021"
"chr4","40491360","40491655","KN294193v1","425211","425504","37","40066149"
"chr4","40504848","40505081","KN294536v1","1815140","1815377","41","38689708"
"chr4","40508279","40508541","KN294571v1","1225042","1225313","29","39283237"
"chr4","40514905","40515207","KN294571v1","1231714","1232023","35","39283191"
"chr4","40515622","40515934","KN296180v1","2646586","2646895","44","37869036"
"chr4","40522936","40523185","KN294728v1","743296","743544","43","39779640"
"chr4","40539417","40539710","KN294571v1","1260620","1260921","31","39278797"
"chr4","40550232","40550541","KN294571v1","1271398","1271693","39","39278834"
"chr4","40557620","40557910","KN297135v1","181029","181317","48","40376591"
"chr4","40558094","40558390","KN295075v1","102368","102662","33","40455726"
"chr4","40558391","40558701","KN294266v1","214101","214406","32","40344290"
"chr4","40562196","40562506","KN294571v1","1283266","1283571","29","39278930"
"chr4","40566906","40567219","KN295607v1","1790329","1790640","37","38776577"
"chr4","40567944","40568253","KN294571v1","1289200","1289500","30","39278744"
"chr4","40573081","40573383","KN296507v1","380067","380370","54","40193014"
"chr4","40581198","40581495","KN294571v1","1575904","1576204","40","39005294"
"chr4","40585111","40585417","KN294548v1","1161001","1161308","33","39424110"
"chr4","40605931","40606233","KN294571v1","1326328","1326616","31","39279603"
"chr4","40620282","40620580","KN294571v1","1336824","1337120","46","39283458"
"chr4","40640004","40640293","KN294571v1","1356955","1357237","24","39283049"
"chr4","40644822","40645045","KN295405v1","757351","757593","60","39887471"
"chr4","40645343","40645400","KN294187v1","1105507","1105554","21","39539836"
"chr4","40651855","40652166","KN294873v1","1602078","1602381","47","39049777"
"chr4","40659277","40659587","KN294571v1","1375706","1376014","25","39283571"
"chr4","40666820","40667128","KN297343v1","1478690","1479001","29","39188130"
"chr4","40683730","40684023","KN294407v1","170942","171235","43","40512788"
"chr4","40692422","40692726","KN294571v1","1409979","1410281","25","39282443"
"chr4","40693415","40693689","KN296406v1","158505","158783","35","40534910"
"chr4","40694210","40694498","KN296036v1","903873","904167","46","39790337"
"chr4","40698198","40698473","KN296453v1","1512197","1512470","36","39186001"
"chr4","40702151","40702456","KN296513v1","2047464","2047766","36","38654687"
"chr4","40709967","40710179","KN294571v1","1425279","1425494","22","39284688"
"chr4","40715433","40715734","KN294571v1","1429977","1430278","23","39285456"
"chr4","40728550","40728852","KN294571v1","1449493","1449795","42","39279057"
"chr4","40729056","40729350","KN295871v1","542479","542775","27","40186577"
"chr4","40729573","40729871","KN294571v1","1450826","1451121","33","39278747"
"chr4","40731091","40731381","KN295198v1","274974","275272","35","40456117"
"chr4","40736600","40736931","KN294571v1","1457597","1457923","24","39279003"
"chr4","40749180","40749474","KN296732v1","1479099","1479390","38","39270081"
"chr4","40750058","40750372","KN297108v1","428912","429223","40","40321146"
"chr4","40751993","40752304","KN295366v1","78980","79290","44","40673013"
"chr4","40760263","40760549","KN295244v1","411038","411330","37","40349225"
"chr4","40769307","40769619","KN294571v1","1489525","1489836","28","39279782"
"chr4","40770071","40770363","KN294345v1","1033409","1033702","40","39736662"
"chr4","40775996","40776301","KN294571v1","1496173","1496467","32","39279823"
"chr4","40780454","40780638","KN296096v1","1222373","1222559","33","39558081"
"chr4","40804608","40804893","KN294571v1","1525184","1525468","37","39279424"
"chr4","40809509","40809816","KN294269v1","668715","669012","45","40140794"
"chr4","40859452","40859747","KN296547v1","396597","396892","28","40462855"
"chr4","40861106","40861258","KN294571v1","1577567","1577717","12","39283539"
"chr4","40900207","40900501","KN295198v1","315599","315891","42","40584608"
"chr4","40915985","40916289","KN294571v1","1631237","1631548","28","39284748"
"chr4","40927936","40928092","KN295666v1","773224","773378","23","40154712"
"chr4","40953777","40954099","KN294571v1","1669361","1669666","39","39284416"
"chr4","40961612","40961925","KN294571v1","1677168","1677468","28","39284444"
"chr4","40963292","40963594","KN295236v1","5875675","5875976","36","35087617"
"chr4","40972358","40972661","KN295607v1","4377455","4377758","32","36594903"
"chr4","41008172","41008468","KN294571v1","1728518","1728822","31","39279654"
"chr4","41011627","41011910","KN294172v1","579262","579537","39","40432365"
"chr4","41047949","41048249","KN295439v1","152987","153290","35","40894962"
"chr4","41062978","41063268","KN295366v1","124181","124471","29","40938797"
"chr4","41070698","41070985","KN294571v1","1792711","1793003","20","39277987"
"chr4","41084902","41085234","KN294571v1","1806809","1807150","51","39278093"
"chr4","41112540","41112845","KN294245v1","511576","511887","41","40600964"
"chr4","41131182","41131494","KN294571v1","1850429","1850731","30","39280753"
"chr4","41167047","41167340","KN297028v1","628758","629052","49","40538289"
"chr4","41170365","41170664","KN294456v1","443399","443700","33","40726966"
"chr4","41187851","41188159","KN294172v1","6382721","6383027","44","34805130"
"chr4","41211005","41211277","KN294571v1","1939722","1939998","26","39271283"
"chr4","41228929","41229062","KN296926v1","956874","957008","36","40272055"
"chr4","41232357","41232660","KN294407v1","3027269","3027567","49","38205088"
"chr4","41266738","41267030","KN295692v1","1497978","1498272","50","39768760"
"chr4","41270767","41271049","KN294571v1","2001473","2001760","20","39269294"
"chr4","41287224","41287525","KN297219v1","2267303","2267604","38","39019921"
"chr4","41302844","41303140","KN294571v1","2027555","2027851","27","39275289"
"chr4","41308818","41309109","KN294571v1","2033974","2034277","31","39274844"
"chr4","41335096","41335412","KN294571v1","2052503","2052813","41","39282593"
"chr4","41373383","41373688","KN296311v1","768493","768797","32","40604890"
"chr4","41389854","41390193","KN296538v1","498540","498873","41","40891314"
"chr4","41416389","41416715","KN294571v1","2133065","2133379","47","39283324"
"chr4","41417237","41417539","KN297453v1","180245","180551","34","41236992"
"chr4","41457466","41457767","KN295633v1","323295","323596","39","41134171"
"chr4","41465350","41465641","KN295729v1","826689","826980","32","40638661"
"chr4","41472538","41472846","KN295301v1","761923","762233","39","40710615"
"chr4","41477246","41477553","KN294571v1","2192476","2192780","24","39284770"
"chr4","41494955","41495246","KN294571v1","2211388","2211679","29","39283567"
"chr4","41605133","41605390","KN297038v1","314696","314959","38","41290437"
"chr4","41672526","41672818","KN294571v1","2393909","2394211","30","39278617"
"chr4","41700959","41701244","KN294571v1","2422601","2422894","29","39278358"
"chr4","41737814","41738108","KN296732v1","3482334","3482632","36","38255480"
"chr4","41801234","41801533","KN297133v1","1527330","1527629","47","40273904"
"chr4","41869050","41869349","KN294571v1","2603456","2603755","26","39265594"
"chr4","41904466","41904753","KN296982v1","570703","570990","41","41333763"
"chr4","41908499","41908677","KN296308v1","1030166","1030340","25","40878333"
"chr4","41909434","41909741","KN294571v1","2641781","2642092","24","39267653"
"chr4","41912730","41913047","KN294571v1","2645158","2645481","25","39267572"
"chr4","41953663","41953960","KN297227v1","294733","295032","34","41658930"
"chr4","41984558","41984865","KN295571v1","513084","513393","47","41471474"
"chr4","41985267","41985555","KN297195v1","26376","26667","39","41958891"
"chr4","42062626","42062926","KN294407v1","3027269","3027567","30","39035357"
"chr4","42063935","42064061","KN296731v1","905591","905681","59","41158344"
"chr4","42088565","42088840","KN294571v1","2818195","2818453","31","39270370"
"chr4","42106384","42106670","KN294571v1","2842214","2842493","22","39264170"
"chr4","42147850","42148156","KN294147v1","1191891","1192182","42","40955959"
"chr4","42151110","42151405","KN294571v1","2888893","2889190","29","39262217"
"chr4","42161973","42162264","KN294949v1","1430308","1430600","29","40731665"
"chr4","42166638","42166933","KN296153v1","1090111","1090408","35","41076527"
"chr4","42210920","42211233","KN295607v1","153133","153443","47","42057787"
"chr4","42280679","42280973","KN297144v1","518320","518605","41","41762359"
"chr4","42290679","42290990","KN294245v1","89529","89848","27","42201150"
"chr4","42304510","42304787","KN294245v1","102512","102802","33","42201998"
"chr4","42317628","42317922","KN297442v1","240570","240874","40","42077058"
"chr4","42319853","42320152","KN295284v1","147405","147703","38","42172448"
"chr4","42320461","42320756","KN295114v1","157283","157573","37","42163178"
"chr4","42335251","42335558","KN295666v1","358169","358475","34","41977082"
"chr4","42338070","42338387","KN294451v1","1139913","1140218","49","41198157"
"chr4","42347589","42347888","KN296378v1","562487","562791","42","41785102"
"chr4","42378520","42378829","KN295671v1","201221","201525","43","42177299"
"chr4","42384303","42384607","KN294571v1","324803","325104","44","42059500"
"chr4","42411818","42412127","KN294245v1","233500","233811","21","42178318"
"chr4","42456328","42456626","KN297245v1","1416081","1416379","33","41040247"
"chr4","42460004","42460301","KN294245v1","283074","283368","32","42176930"
"chr4","42484222","42484386","KN297154v1","189572","189735","21","42294650"
"chr4","42542832","42543110","KN294245v1","365259","365531","30","42177573"
"chr4","42554495","42554788","KN295729v1","826689","826980","35","41727806"
"chr4","42555062","42555358","KN294470v1","2771687","2771980","47","39783375"
"chr4","42572919","42573203","KN294245v1","402582","402861","30","42170337"
"chr4","42611431","42611722","KN294245v1","439989","440301","52","42171442"
"chr4","42631956","42632260","KN294245v1","465692","465996","46","42166264"
"chr4","42634694","42634977","KN295059v1","242847","243129","35","42391847"
"chr4","42675700","42676007","KN294245v1","511576","511887","31","42164124"
"chr4","42692864","42693181","KN294668v1","3582625","3582937","43","39110239"
"chr4","42701382","42701703","KN296486v1","1907235","1907556","47","40794147"
"chr4","42739935","42740238","KN294245v1","583030","583326","30","42156905"
"chr4","42746604","42746873","KN297276v1","475868","476140","49","42270736"
"chr4","42773369","42773652","KN294536v1","1504676","1504957","44","41268693"
"chr4","42774434","42774702","KN296453v1","1512197","1512470","38","41262237"
"chr4","42813379","42813673","KN294245v1","651328","651607","40","42162051"
"chr4","42845997","42846304","KN294245v1","686335","686648","39","42159662"
"chr4","42939577","42939879","KN295835v1","181014","181322","44","42758563"
"chr4","43064839","43065146","KN294245v1","934336","934647","31","42130503"
"chr4","43081694","43081910","KN296864v1","2390258","2390472","43","40691436"
"chr4","43182591","43182758","KN294957v1","73265","73439","32","43109326"
"chr4","43183281","43183432","KN296883v1","223965","224090","44","42959316"
"chr4","43214297","43214562","KN296311v1","2097854","2098122","46","41116443"
"chr4","43257830","43258127","KN296682v1","1930392","1930690","37","41327438"
"chr4","43402772","43403079","KN294245v1","1319382","1319687","27","42083390"
"chr4","43428497","43428735","KN295405v1","757351","757593","46","42671146"
"chr4","43582678","43582983","KN294856v1","158144","158448","36","43424534"
"chr4","43850929","43851223","KN294456v1","1143112","1143404","39","42707817"
"chr4","43859003","43859312","KN294879v1","533741","534047","39","43325262"
"chr4","43866091","43866383","KN296635v1","3657280","3657571","46","40208811"
"chr4","43926504","43926747","KN294879v1","1145474","1145712","40","42781030"
"chr4","43938946","43939251","KN295607v1","4377455","4377758","36","39561491"
"chr4","44008305","44008561","KN297038v1","314696","314959","39","43693609"
"chr4","44058708","44058997","KN295747v1","66641","66940","43","43992067"
"chr4","44172290","44172505","KN296322v1","502929","503137","40","43669361"
"chr4","44178844","44179129","KN296726v1","606731","607020","42","43572113"
"chr4","44418840","44419142","KN296311v1","768493","768797","39","43650347"
"chr4","44546133","44546412","KN295984v1","2423503","2423782","31","42122630"
"chr4","44548486","44548781","KN294874v1","309420","309712","33","44239066"
"chr4","44644272","44644558","KN296186v1","167629","167919","29","44476643"
"chr4","44645583","44645695","KN296557v1","250189","250273","52","44395394"
"chr4","44819014","44819310","KN296513v1","2913549","2913849","37","41905465"
"chr4","44957145","44957456","KN294257v1","379317","379626","43","44577828"
"chr4","44987321","44987609","KN294147v1","1191891","1192182","45","43795430"
"chr4","45248145","45248446","KN294193v1","535425","535726","44","44712720"
"chr4","45250866","45251165","KN295607v1","4361636","4361944","44","40889230"
"chr4","45258698","45258865","KN294685v1","1346353","1346519","26","43912345"
"chr4","45273480","45273777","KN295814v1","1261993","1262292","36","44011487"
"chr4","45280719","45281003","KN294501v1","173182","173470","38","45107537"
"chr4","45325943","45326255","KN296864v1","3164724","3165032","38","42161219"
"chr4","45341954","45342241","KN295371v1","448057","448341","33","44893897"
"chr4","45419537","45419809","KN296086v1","519864","520141","35","44899673"
"chr4","45648263","45648550","KN295315v1","192572","192860","40","45455691"
"chr4","46116022","46116274","KN294705v1","281500","281763","53","45834522"
"chr4","46183263","46183564","KN295825v1","1577949","1578250","29","44605314"
"chr4","46230862","46231116","KN296036v1","300943","301205","43","45929919"
"chr4","46319253","46319524","KN297158v1","713420","713693","37","45605833"
"chr4","46322874","46323169","KN296743v1","323605","323904","37","45999269"
"chr4","46334151","46334442","KN295729v1","826689","826980","41","45507462"
"chr4","46367564","46367799","KN297207v1","101750","101994","41","46265814"
"chr4","46400702","46400997","KN295736v1","813419","813713","34","45587283"
"chr4","46420215","46420530","KN296322v1","2441263","2441571","49","43978952"
"chr4","46421583","46421883","KN296498v1","95172","95471","47","46326411"
"chr4","46428242","46428530","KN295735v1","822355","822644","35","45605887"
"chr4","46465868","46466073","KN295977v1","1276894","1277103","39","45188974"
"chr4","46468458","46468754","KN296153v1","3180819","3181114","32","43287639"
"chr4","46472660","46472960","KN296371v1","42169","42466","42","46430491"
"chr4","46482142","46482448","KN295820v1","1071385","1071685","41","45410757"
"chr4","46500001","46500229","KN296495v1","1769952","1770200","56","44730049"
"chr4","46501651","46501928","KN295114v1","50632","50912","47","46451019"
"chr4","46502260","46502570","KN297259v1","1820010","1820317","38","44682250"
"chr4","46516922","46517224","KN295430v1","2554896","2555197","39","43962026"
"chr4","46524468","46524629","KN296406v1","277136","277307","25","46247332"
"chr4","46531022","46531332","KN294987v1","124730","125040","45","46406292"
"chr4","46532890","46533197","KN295441v1","591625","591929","40","45941265"
"chr4","46563903","46564204","KN294561v1","1084406","1084703","41","45479497"
"chr4","46572992","46573273","KN296982v1","311466","311748","42","46261526"
"chr4","46605818","46606122","KN294879v1","76546","76849","41","46529272"
"chr4","46611625","46611822","KN295977v1","1276894","1277103","55","45334731"
"chr4","46625931","46626232","KN296311v1","768493","768797","31","45857438"
"chr4","46630116","46630417","KN295430v1","2355601","2355902","33","44274515"
"chr4","46640045","46640332","KN294429v1","61766","62050","42","46578279"
"chr4","46679542","46679834","KN294470v1","2136945","2137241","32","44542597"
"chr4","46687782","46688091","KN296406v1","250415","250727","37","46437367"
"chr4","46730477","46730722","KN297186v1","50383","50628","52","46680094"
"chr4","46738379","46738626","KN297274v1","2107746","2107996","34","44630633"
"chr4","46804617","46804870","KN296153v1","2044953","2045220","48","44759664"
"chr4","46828297","46828596","KN296865v1","1608885","1609185","40","45219412"
"chr4","46828752","46829078","KN296795v1","533042","533366","56","46295710"
"chr4","46843124","46843447","KN294345v1","1360179","1360481","55","45482945"
"chr4","46854061","46854363","KN294326v1","309006","309309","38","46545055"
"chr4","46860712","46861008","KN297233v1","988632","988925","45","45872080"
"chr4","46861482","46861793","KN296311v1","4566968","4567279","40","42294514"
"chr4","46871618","46871907","KN295459v1","1487785","1488081","42","45383833"
"chr4","46884873","46884932","KN296096v1","2690101","2690141","28","44194772"
"chr4","46906177","46906483","KN295922v1","130002","130315","41","46776175"
"chr4","46931763","46932070","KN295929v1","457065","457374","35","46474698"
"chr4","46942501","46942802","KN295744v1","504124","504425","36","46438377"
"chr4","46978526","46978827","KN296538v1","938460","938756","41","46040066"
"chr4","47004335","47004644","KN297327v1","217601","217906","39","46786734"
"chr4","47006767","47007064","KN296225v1","571832","572130","36","46434935"
"chr4","47027134","47027417","KN295371v1","448057","448341","31","46579077"
"chr4","47056966","47057243","KN295893v1","471165","471447","47","46585801"
"chr4","47077603","47077886","KN296743v1","202352","202637","30","46875251"
"chr4","47078795","47079040","KN294856v1","283701","283943","51","46795094"
"chr4","47123422","47123691","KN295987v1","1241626","1241902","41","45881796"
"chr4","47147050","47147348","KN295090v1","2638275","2638571","33","44508775"
"chr4","47158823","47158995","KN296009v1","169201","169371","36","46989622"
"chr4","47159523","47159735","KN294345v1","881883","882096","33","46277640"
"chr4","47329553","47329862","KN294992v1","176419","176728","40","47153134"
"chr4","47362384","47362649","KN296311v1","6402776","6403039","35","40959608"
"chr4","47380111","47380381","KN295523v1","1634880","1635138","48","45745231"
"chr4","47385435","47385751","KN294182v1","222405","222714","40","47163030"
"chr4","47408579","47408883","KN296785v1","16268","16570","37","47392311"
"chr4","47410042","47410338","KN295605v1","542099","542399","31","46867943"
"chr4","47455622","47455932","KN295922v1","130002","130315","39","47325620"
"chr4","47459367","47459683","KN296000v1","208155","208467","50","47251212"
"chr4","47480580","47480881","KN295405v1","1658681","1658979","40","45821899"
"chr4","47495510","47495778","KN294172v1","1540690","1540957","46","45954820"
"chr4","47501157","47501458","KN296145v1","740136","740436","38","46761021"
"chr4","47510713","47511005","KN294224v1","1140521","1140815","35","46370192"
"chr4","47548896","47549176","KN295102v1","376622","376901","38","47172274"
"chr4","47561048","47561342","KN295294v1","100097","100393","54","47460951"
"chr4","47564396","47564689","KN294326v1","619990","620278","36","46944406"
"chr4","47564762","47565045","KN297095v1","1116446","1116728","43","46448316"
"chr4","47565996","47566291","KN296620v1","349918","350214","28","47216078"
"chr4","47566516","47566835","KN297320v1","194774","195076","49","47371742"
"chr4","47578818","47579118","KN295828v1","930975","931278","36","46647843"
"chr4","47604513","47604805","KN294911v1","4220583","4220876","37","43383930"
"chr4","47605135","47605435","KN294493v1","863833","864131","45","46741302"
"chr4","47608533","47608827","KN296371v1","42169","42466","41","47566364"
"chr4","47609240","47609517","KN295459v1","1024227","1024516","50","46585013"
"chr4","47623551","47623737","KN294172v1","5723758","5723953","31","41899793"
"chr4","47632384","47632690","KN296079v1","686222","686522","38","46946162"
"chr4","47667866","47668172","KN295236v1","844452","844758","33","46823414"
"chr4","47672453","47672758","KN296496v1","988332","988629","37","46684121"
"chr4","47690598","47690916","KN297421v1","77796","78106","41","47612802"
"chr4","47699881","47700183","KN294957v1","62097","62408","41","47637784"
"chr4","47722010","47722211","KN295605v1","68242","68434","42","47653768"
"chr4","47751752","47752063","KN294705v1","623696","624002","36","47128056"
"chr4","47778316","47778617","KN294526v1","162418","162720","40","47615898"
"chr4","47795773","47796069","KN294977v1","13264","13560","30","47782509"
"chr4","47817289","47817586","KN295605v1","321136","321431","33","47496153"
"chr4","47871509","47871841","KN294556v1","14326","14666","42","47857183"
"chr4","47974175","47974369","KN295236v1","3580229","3580418","29","44393946"
"chr4","48110721","48111023","KN295910v1","51984","52275","36","48058737"
"chr4","48182756","48183053","KN295910v1","132939","133233","30","48049817"
"chr4","48189882","48190183","KN295735v1","979548","979848","35","47210334"
"chr4","48256525","48256827","KN295910v1","208403","208699","30","48048122"
"chr4","48526593","48526883","KN294937v1","266","558","36","48526327"
"chr4","48529921","48530231","KN295717v1","2218112","2218419","43","46311809"
"chr4","48535558","48535844","KN294647v1","185532","185822","32","48350026"
"chr4","48620750","48621076","KN296460v1","119303","119632","50","48501447"
"chr4","48701024","48701320","KN295708v1","2784035","2784327","33","45916989"
"chr4","48728797","48729084","KN294257v1","1033740","1034031","38","47695057"
"chr4","48752110","48752421","KN294710v1","68748","69053","39","48683362"
"chr4","48922502","48922805","KN295302v1","246524","246824","40","48675978"
"chr4","48926671","48926959","KN296484v1","733487","733776","39","48193184"
"chr4","49179671","49179985","KN296119v1","3505208","3505519","43","45674463"
"chr4","49482239","49482582","KN295343v1","1034447","1034777","96","48447792"
"chr4","49528330","49528632","KN295459v1","673095","673397","35","48855235"
"chr4","49617088","49617396","KN296157v1","1204996","1205297","44","48412092"
"chr4","49873307","49873616","KN294630v1","349899","350210","31","49523408"
"chr4","49897096","49897396","KN295571v1","1155767","1156067","32","48741329"
"chr4","49922941","49923197","KN294996v1","303995","304245","38","49618946"
"chr4","50090727","50091004","KN295459v1","1101140","1101421","38","48989587"
"chr4","50141072","50141383","KN295748v1","161587","161896","42","49979485"
"chr4","50155995","50156297","KN296187v1","1209536","1209835","40","48946459"
"chr4","50299680","50299975","KN296620v1","349918","350214","41","49949762"
"chr4","50375257","50375565","KN296991v1","902559","902868","41","49472698"
"chr4","50555773","50556050","KN294883v1","102114","102400","23","50453659"
"chr4","50563482","50563790","KN295433v1","250702","251008","47","50312780"
"chr4","50628134","50628439","KN294462v1","663264","663573","46","49964870"
"chr4","50657413","50657722","KN294883v1","211041","211346","44","50446372"
"chr4","50667219","50667530","KN294378v1","1504358","1504668","48","49162861"
"chr4","50955406","50955711","KN294827v1","8326","8635","28","50947080"
"chr4","51000873","51001168","KN294827v1","66029","66319","27","50934844"
"chr4","51100486","51100765","KN297349v1","290671","290950","39","50809815"
"chr4","51217186","51217493","KN294827v1","285329","285627","31","50931857"
"chr4","51238306","51238618","KN294827v1","307737","308045","40","50930569"
"chr4","51244394","51244705","KN294827v1","312073","312380","24","50932321"
"chr4","51262109","51262390","KN297046v1","1362703","1362985","37","49899406"
"chr4","51306716","51307008","KN297403v1","283981","284275","40","51022735"
"chr4","51315000","51315295","KN297008v1","5122310","5122605","44","46192690"
"chr4","51318012","51318321","KN296145v1","2453373","2453679","45","48864639"
"chr4","51323691","51324005","KN295090v1","126321","126630","46","51197370"
"chr4","51343178","51343471","KN296153v1","3041230","3041525","40","48301948"
"chr4","51389460","51389736","KN295592v1","1986950","1987223","36","49402510"
"chr4","51398062","51398320","KN295362v1","490911","491170","34","50907151"
"chr4","51481328","51481612","KN295871v1","681623","681917","47","50799705"
"chr4","51491979","51492284","KN295430v1","2554896","2555197","37","48937083"
"chr4","51633869","51634172","KN297023v1","480259","480560","31","51153610"
"chr4","51659706","51660002","KN297245v1","1416081","1416379","35","50243625"
"chr4","51668597","51668883","KN296759v1","94355","94642","35","51574242"
"chr4","51750180","51750390","KN295977v1","1276894","1277103","45","50473286"
"chr4","51755524","51755815","KN296430v1","1105044","1105344","41","50650480"
"chr4","51792159","51792455","KN296847v1","282106","282408","43","51510053"
"chr4","51883651","51883948","KN295871v1","542479","542775","42","51341172"
"chr4","52052322","52052621","KN295907v1","1983934","1984230","39","50068388"
"chr4","52069044","52069336","KN296158v1","182127","182412","45","51886917"
"chr4","52076584","52076874","KN294444v1","161336","161624","38","51915248"
"chr4","52092938","52093233","KN295430v1","1217885","1218183","32","50875053"
"chr4","52108396","52108697","KN295236v1","1032328","1032630","36","51076068"
"chr4","52197465","52197779","KN294917v1","401690","401984","45","51795775"
"chr4","52223389","52223671","KN294592v1","1036828","1037126","49","51186561"
"chr4","52242870","52243170","KN295107v1","300735","301027","39","51942135"
"chr4","52253137","52253436","KN297046v1","1159621","1159923","41","51093516"
"chr4","52256354","52256639","KN295633v1","1377460","1377744","36","50878894"
"chr4","52257327","52257625","KN296743v1","376473","376771","39","51880854"
"chr4","52275828","52276127","KN294848v1","1252619","1252915","37","51023209"
"chr4","52276734","52277044","KN295433v1","250702","251008","41","52026032"
"chr4","52285839","52286107","KN296577v1","945048","945316","52","51340791"
"chr4","52396810","52397117","KN296201v1","1143132","1143432","53","51253678"
"chr4","52446818","52447106","KN295459v1","574121","574407","44","51872697"
"chr4","52576758","52577045","KN294161v1","1314527","1314814","30","51262231"
"chr4","52609258","52609558","KN294161v1","1282687","1282980","39","51326571"
"chr4","52859938","52860247","KN294161v1","1033130","1033420","37","51826808"
"chr4","52877676","52878014","KN295735v1","713634","713968","46","52164042"
"chr4","52881250","52881514","KN294161v1","1012157","1012422","25","51869093"
"chr4","52911164","52911475","KN294842v1","9085","9397","42","52902079"
"chr4","52924817","52925097","KN294161v1","967844","968119","30","51956973"
"chr4","52929970","52930267","KN294161v1","962164","962476","40","51967806"
"chr4","52936757","52937065","KN296505v1","355465","355772","40","52581292"
"chr4","52944970","52945277","KN294161v1","945982","946272","34","51998988"
"chr4","52946695","52946996","KN297023v1","480259","480560","37","52466436"
"chr4","52952378","52952678","KN294161v1","938143","938445","24","52014235"
"chr4","52967590","52967750","KN296948v1","1402009","1402176","32","51565581"
"chr4","52991628","52991931","KN297023v1","480259","480560","35","52511369"
"chr4","53003110","53003411","KN294976v1","1026982","1027280","35","51976128"
"chr4","53031517","53031810","KN294161v1","865988","866272","29","52165529"
"chr4","53057413","53057710","KN296290v1","541019","541316","34","52516394"
"chr4","53079266","53079501","KN296079v1","1360906","1361148","48","51718360"
"chr4","53114358","53114664","KN294161v1","781638","781943","27","52332720"
"chr4","53137745","53138063","KN295573v1","1028299","1028621","46","52109446"
"chr4","53164038","53164289","KN295405v1","757351","757593","56","52406687"
"chr4","53198262","53198580","KN294161v1","690641","690961","28","52507621"
"chr4","53206553","53206867","KN295225v1","1942340","1942650","39","51264213"
"chr4","53217677","53217975","KN294161v1","671645","671936","28","52546032"
"chr4","53261172","53261468","KN294161v1","625160","625456","16","52636012"
"chr4","53285456","53285755","KN294503v1","33353","33656","32","53252103"
"chr4","53290065","53290354","KN294161v1","591631","591918","23","52698434"
"chr4","53398902","53399191","KN294161v1","478001","478289","29","52920901"
"chr4","53429655","53429966","KN294161v1","449520","449836","31","52980135"
"chr4","53439294","53439567","KN294161v1","439825","440093","35","52999469"
"chr4","53441302","53441621","KN296306v1","3682608","3682916","46","49758694"
"chr4","53442256","53442515","KN294161v1","436868","437139","24","53005388"
"chr4","53456460","53456659","KN294214v1","490356","490560","42","52966104"
"chr4","53526922","53527207","KN294161v1","349957","350242","21","53176965"
"chr4","53537654","53537956","KN294161v1","340903","341204","21","53196751"
"chr4","53549639","53549934","KN294470v1","2136945","2137241","35","51412694"
"chr4","53551266","53551546","KN294161v1","327468","327762","33","53223798"
"chr4","53567008","53567319","KN294161v1","311681","311990","27","53255327"
"chr4","53596890","53597199","KN294705v1","2112450","2112755","39","51484440"
"chr4","53694549","53694848","KN295977v1","1131033","1131330","27","52563516"
"chr4","53908765","53909050","KN294777v1","603434","603706","43","53305331"
"chr4","53974462","53974712","KN295075v1","40195","40452","45","53934267"
"chr4","53977711","53978003","KN295729v1","826689","826980","36","53151022"
"chr4","54001815","54002133","KN296541v1","177294","177595","63","53824521"
"chr4","54008047","54008328","KN296139v1","67228","67511","29","53940819"
"chr4","54108228","54108528","KN296442v1","417977","418281","34","53690251"
"chr4","54118154","54118451","KN296036v1","769191","769486","35","53348963"
"chr4","54134381","54134684","KN297245v1","1416081","1416379","46","52718300"
"chr4","54136875","54137172","KN295828v1","1026333","1026620","36","53110542"
"chr4","54150068","54150366","KN297219v1","2267303","2267604","31","51882765"
"chr4","54162370","54162669","KN296743v1","323605","323904","46","53838765"
"chr4","54181307","54181597","KN295729v1","826689","826980","33","53354618"
"chr4","54183567","54183833","KN294650v1","27651","27917","34","54155916"
"chr4","54228893","54229168","KN294167v1","514051","514328","43","53714842"
"chr4","54236017","54236321","KN294399v1","47743","48054","43","54188274"
"chr4","54239284","54239576","KN296752v1","463929","464221","47","53775355"
"chr4","54245421","54245715","KN294561v1","1084406","1084703","35","53161015"
"chr4","54261140","54261445","KN297108v1","428912","429223","40","53832228"
"chr4","54271686","54271985","KN296290v1","436882","437182","39","53834804"
"chr4","54286156","54286460","KN294434v1","417718","418021","38","53868438"
"chr4","54289160","54289438","KN294257v1","2022327","2022606","42","52266833"
"chr4","54316862","54317155","KN297028v1","915537","915829","34","53401325"
"chr4","54333831","54334116","KN296225v1","121896","122180","35","54211935"
"chr4","54336913","54337200","KN295607v1","4406348","4406645","41","49930565"
"chr4","54347601","54347898","KN295282v1","105605","105903","31","54241996"
"chr4","54368011","54368307","KN296467v1","78665","78960","33","54289346"
"chr4","54410730","54410963","KN295405v1","757351","757593","45","53653379"
"chr4","54416255","54416552","KN296310v1","934750","935050","42","53481505"
"chr4","54419586","54419875","KN294326v1","619990","620278","46","53799596"
"chr4","54428350","54428653","KN294420v1","822079","822371","45","53606271"
"chr4","54448308","54448611","KN297023v1","480259","480560","38","53968049"
"chr4","54448770","54448953","KN296426v1","64367","64561","39","54384403"
"chr4","54469816","54470116","KN294539v1","1287945","1288241","40","53181871"
"chr4","54486776","54487072","KN294187v1","656436","656733","33","53830340"
"chr4","54520650","54520930","KN294251v1","1151512","1151787","38","53369138"
"chr4","54523504","54523818","KN296864v1","3164724","3165032","41","51358780"
"chr4","54541523","54541821","KN294521v1","509491","509791","34","54032032"
"chr4","54607173","54607464","KN295708v1","2784035","2784327","36","51823138"
"chr4","54609174","54609461","KN295871v1","681623","681917","42","53927551"
"chr4","54872541","54872851","KN294387v1","2556874","2557184","37","52315667"
"chr4","55023943","55024244","KN297274v1","1984452","1984754","40","53039491"
"chr4","55226166","55226477","KN294446v1","508370","508676","40","54717796"
"chr4","55301601","55301908","KN294470v1","959975","960280","43","54341626"
"chr4","55311971","55312267","KN296322v1","1679153","1679449","37","53632818"
"chr4","55337775","55338141","KN294790v1","5868297","5868622","77","49469478"
"chr4","55355386","55355681","KN297165v1","743456","743749","37","54611930"
"chr4","55437610","55437923","KN294911v1","2389002","2389309","58","53048608"
"chr4","55631654","55631946","KN295045v1","1025734","1026017","48","54605920"
"chr4","55659469","55659713","KN295835v1","199186","199432","60","55460283"
"chr4","55671917","55672229","KN294873v1","1282047","1282361","41","54389870"
"chr4","55842738","55843048","KN294458v1","1693957","1694267","32","54148781"
"chr4","55882167","55882483","KN295366v1","332169","332470","56","55549998"
"chr4","55928641","55928943","KN294809v1","1033430","1033730","33","54895211"
"chr4","55985737","55986041","KN294451v1","1139913","1140218","36","54845824"
"chr4","56077632","56077829","KN295983v1","489748","489951","36","55587884"
"chr4","56171342","56171641","KN295337v1","232498","232794","40","55938844"
"chr4","56276907","56277201","KN294325v1","869926","870221","35","55406981"
"chr4","56295923","56296215","KN296781v1","107129","107429","43","56188794"
"chr4","56300099","56300420","KN297197v1","767513","767826","48","55532586"
"chr4","56349704","56350014","KN296731v1","1167793","1168104","45","55181911"
"chr4","56368198","56368504","KN297154v1","1186407","1186711","43","55181791"
"chr4","56379763","56380058","KN294790v1","163386","163690","52","56216377"
"chr4","56399930","56400217","KN296513v1","2367758","2368048","43","54032172"
"chr4","56418919","56419258","KN296390v1","87170","87503","58","56331749"
"chr4","56486046","56486337","KN296731v1","1388232","1388526","33","55097814"
"chr4","56506370","56506666","KN294592v1","1036828","1037126","36","55469542"
"chr4","56693967","56694293","KN296460v1","119303","119632","41","56574664"
"chr4","56780101","56780410","KN295366v1","78980","79290","36","56701121"
"chr4","56797146","56797405","KN294167v1","554227","554484","38","56242919"
"chr4","56860389","56860679","KN295480v1","1302107","1302401","33","55558282"
"chr4","56862544","56862850","KN295236v1","3615047","3615343","40","53247497"
"chr4","56892331","56892627","KN294375v1","493338","493642","45","56398993"
"chr4","56956662","56956875","KN295977v1","1276894","1277103","43","55679768"
"chr4","56962953","56963128","KN296153v1","1178114","1178285","31","55784839"
"chr4","57027633","57027949","KN296495v1","550769","551079","41","56476864"
"chr4","57137032","57137341","KN294264v1","87223","87534","47","57049809"
"chr4","57248178","57248452","KN295744v1","406254","406521","55","56841924"
"chr4","57284681","57284978","KN297274v1","1730486","1730783","47","55554195"
"chr4","57379996","57380329","KN294335v1","553358","553676","62","56826638"
"chr4","57593128","57593429","KN294561v1","2427600","2427900","35","55165528"
"chr4","57718495","57718806","KN295735v1","733998","734307","35","56984497"
"chr4","57722263","57722537","KN295930v1","464123","464398","39","57258140"
"chr4","57750020","57750331","KN294561v1","2277293","2277607","32","55472727"
"chr4","57801854","57802123","KN294561v1","2230069","2230352","39","55571785"
"chr4","57843875","57844189","KN294705v1","623696","624002","46","57220179"
"chr4","57860998","57861263","KN294561v1","2172809","2173071","28","55688189"
"chr4","57867834","57868140","KN294446v1","240983","241287","38","57626851"
"chr4","58154641","58154933","KN296145v1","2451188","2451482","29","55703453"
"chr4","58173730","58174005","KN294561v1","1887166","1887450","25","56286564"
"chr4","58316507","58316803","KN295995v1","737578","737873","40","57578929"
"chr4","58368673","58368978","KN294456v1","1098138","1098439","43","57270535"
"chr4","58373258","58373569","KN296880v1","293276","293589","41","58079982"
"chr4","58403119","58403416","KN294911v1","628968","629266","36","57774151"
"chr4","58541101","58541398","KN295102v1","311884","312184","45","58229217"
"chr4","58707720","58707998","KN295343v1","770844","771117","32","57936876"
"chr4","58780232","58780537","KN295236v1","826307","826606","40","57953925"
"chr4","58801264","58801426","KN295075v1","296878","297040","24","58504386"
"chr4","58872200","58872507","KN294561v1","1171664","1171962","26","57700536"
"chr4","58956217","58956516","KN295459v1","673095","673397","41","58283122"
"chr4","59072635","59072931","KN294457v1","990718","991014","34","58081917"
"chr4","59088355","59088528","KN294957v1","73265","73439","32","59015090"
"chr4","59108474","59108772","KN294561v1","950927","951239","33","58157547"
"chr4","59140900","59141186","KN294218v1","750927","751212","37","58389973"
"chr4","59148076","59148380","KN296263v1","495488","495785","51","58652588"
"chr4","59182721","59183018","KN294561v1","879224","879516","34","58303497"
"chr4","59189600","59189908","KN294561v1","873248","873553","30","58316352"
"chr4","59194796","59195096","KN296153v1","1336190","1336496","35","57858606"
"chr4","59197584","59197878","KN294561v1","866077","866376","26","58331507"
"chr4","59210820","59211128","KN296167v1","450049","450355","40","58760771"
"chr4","59212966","59213265","KN295607v1","4406348","4406645","38","54806618"
"chr4","59213870","59214165","KN294977v1","13264","13560","32","59200606"
"chr4","59235802","59236096","KN294561v1","829679","829984","36","58406123"
"chr4","59236184","59236486","KN295045v1","451861","452165","36","58784323"
"chr4","59238325","59238642","KN294561v1","827264","827583","41","58411061"
"chr4","59239308","59239575","KN294739v1","903971","904241","35","58335337"
"chr4","59241973","59242265","KN295091v1","2692987","2693285","42","56548986"
"chr4","59250006","59250311","KN294561v1","815562","815853","37","58434444"
"chr4","59274687","59274996","KN295236v1","4118266","4118574","35","55156421"
"chr4","59278111","59278405","KN296732v1","3826486","3826780","44","55451625"
"chr4","59282484","59282798","KN294561v1","778433","778748","31","58504051"
"chr4","59292349","59292454","KN294879v1","640181","640288","21","58652168"
"chr4","59292789","59292954","KN294987v1","480021","480187","29","58812768"
"chr4","59297196","59297366","KN294957v1","73265","73439","34","59223931"
"chr4","59308935","59309237","KN295343v1","729289","729587","34","58579646"
"chr4","59317883","59318183","KN294172v1","5828976","5829275","38","53488907"
"chr4","59324884","59325174","KN296036v1","1895044","1895337","41","57429840"
"chr4","59327096","59327361","KN294561v1","729705","729970","25","58597391"
"chr4","59328370","59328671","KN295032v1","307103","307398","45","59021267"
"chr4","59335081","59335386","KN294561v1","721028","721321","34","58614053"
"chr4","59341236","59341508","KN296486v1","1167419","1167692","39","58173817"
"chr4","59347531","59347842","KN295553v1","296733","297033","48","59050798"
"chr4","59352400","59352705","KN295319v1","42222","42534","41","59310178"
"chr4","59353659","59353967","KN295637v1","335749","336059","36","59017910"
"chr4","59356941","59357229","KN294561v1","699126","699415","17","58657815"
"chr4","59363968","59364277","KN294446v1","240983","241287","40","59122985"
"chr4","59396915","59397208","KN296308v1","991879","992182","54","58405036"
"chr4","59405596","59405758","KN297046v1","2962777","2962941","27","56442819"
"chr4","59405762","59406058","KN294561v1","654168","654461","30","58751594"
"chr4","59422373","59422636","KN296296v1","108339","108596","46","59314034"
"chr4","59423008","59423301","KN294665v1","133847","134138","40","59289161"
"chr4","59452857","59453152","KN294561v1","606952","607243","29","58845905"
"chr4","59466162","59466469","KN294561v1","596507","596812","20","58869655"
"chr4","59467750","59467965","KN295995v1","278598","278793","46","59189152"
"chr4","59505054","59505365","KN296153v1","863239","863546","36","58641815"
"chr4","59518421","59518722","KN294561v1","550201","550501","28","58968220"
"chr4","59555889","59556200","KN294561v1","517718","518010","33","59038171"
"chr4","59557152","59557462","KN294561v1","516460","516769","19","59040692"
"chr4","59562329","59562621","KN294911v1","2646845","2647138","32","56915484"
"chr4","59567512","59567743","KN296079v1","1360906","1361148","51","58206606"
"chr4","59578369","59578631","KN296036v1","300943","301205","40","59277426"
"chr4","59582261","59582579","KN294561v1","493233","493552","28","59089028"
"chr4","59598316","59598607","KN295350v1","710666","710958","32","58887650"
"chr4","59680192","59680495","KN294561v1","378977","379288","32","59301215"
"chr4","59862103","59862389","KN294665v1","94792","95079","41","59767311"
"chr4","59865441","59865746","KN294561v1","198265","198565","39","59667176"
"chr4","59911210","59911513","KN294561v1","151936","152244","38","59759274"
"chr4","60077694","60078010","KN295375v1","377003","377316","47","59700691"
"chr4","60268487","60268794","KN296743v1","323605","323904","42","59944882"
"chr4","60307314","60307581","KN294705v1","239668","239932","35","60067646"
"chr4","60461230","60461523","KN297320v1","271981","272275","31","60189249"
"chr4","60475895","60476140","KN294991v1","995507","995758","36","59480388"
"chr4","60732039","60732305","KN296486v1","1167419","1167692","46","59564620"
"chr4","61013237","61013485","KN294591v1","471968","472225","48","60541269"
"chr4","61127540","61127838","KN295171v1","461523","461827","51","60666017"
"chr4","61292398","61292698","KN295091v1","2692987","2693285","32","58599411"
"chr4","61293443","61293681","KN295405v1","757351","757593","50","60536092"
"chr4","61310534","61310828","KN295933v1","1115529","1115828","32","60195005"
"chr4","61360146","61360444","KN294571v1","1575904","1576204","35","59784242"
"chr4","61361197","61361438","KN295835v1","199186","199432","52","61162011"
"chr4","61385049","61385350","KN295933v1","1115529","1115828","25","60269520"
"chr4","61439728","61440031","KN297361v1","166730","167034","34","61272998"
"chr4","61446718","61446996","KN294182v1","165895","166187","54","61280823"
"chr4","61512728","61513012","KN295933v1","965298","965595","36","60547430"
"chr4","61549922","61550230","KN296247v1","901747","902047","41","60648175"
"chr4","61576533","61576762","KN295933v1","873845","874072","29","60702688"
"chr4","61576802","61577108","KN294470v1","2878982","2879283","37","58697820"
"chr4","61608437","61608716","KN295371v1","448057","448341","44","61160380"
"chr4","61611271","61611568","KN297304v1","54786","55087","41","61556485"
"chr4","61714725","61715031","KN296036v1","2062557","2062868","38","59652168"
"chr4","61722793","61723091","KN294592v1","1036828","1037126","37","60685965"
"chr4","61819219","61819517","KN294433v1","594314","594613","49","61224905"
"chr4","61821617","61821913","KN296153v1","355717","356018","37","61465900"
"chr4","61975944","61976231","KN296349v1","48155","48443","34","61927789"
"chr4","61987577","61987881","KN295933v1","477560","477862","27","61510017"
"chr4","61992180","61992418","KN295933v1","472880","473128","32","61519300"
"chr4","62065834","62066129","KN294181v1","145618","145914","30","61920216"
"chr4","62068233","62068549","KN295933v1","387232","387545","24","61681001"
"chr4","62119755","62120072","KN296296v1","52165","52471","49","62067590"
"chr4","62120509","62120779","KN295933v1","344337","344615","35","61776172"
"chr4","62130411","62130655","KN295967v1","625826","626071","46","61504585"
"chr4","62189378","62189683","KN294245v1","511576","511887","45","61677802"
"chr4","62240434","62240704","KN295933v1","240183","240440","39","62000251"
"chr4","62292518","62292827","KN295933v1","185733","186044","21","62106785"
"chr4","62301736","62302039","KN294372v1","299717","300027","37","62002019"
"chr4","62348359","62348664","KN295933v1","129705","130014","40","62218654"
"chr4","62376811","62377094","KN297197v1","4149156","4149437","39","58227655"
"chr4","62391273","62391569","KN296486v1","1266538","1266834","46","61124735"
"chr4","62396759","62397042","KN295933v1","89129","89413","27","62307630"
"chr4","62399522","62399823","KN295933v1","86787","87083","26","62312735"
"chr4","62424414","62424564","KN295090v1","2173599","2173746","30","60250815"
"chr4","62446932","62447226","KN295933v1","35973","36272","38","62410959"
"chr4","62450222","62450501","KN295459v1","1182376","1182658","37","61267846"
"chr4","62482486","62482793","KN295159v1","11397","11709","33","62471089"
"chr4","62489803","62490096","KN295708v1","2784035","2784327","32","59705768"
"chr4","62660935","62661241","KN295159v1","164184","164484","24","62496751"
"chr4","62815128","62815433","KN295159v1","334421","334721","32","62480707"
"chr4","62819639","62819805","KN295988v1","1508216","1508386","40","61311423"
"chr4","63099460","63099757","KN295090v1","1849079","1849376","34","61250381"
"chr4","63255650","63255954","KN295159v1","778939","779245","33","62476711"
"chr4","63339760","63340068","KN294848v1","504181","504487","38","62835579"
"chr4","63520142","63520454","KN295159v1","1053580","1053892","39","62466562"
"chr4","63562871","63563162","KN295729v1","826689","826980","35","62736182"
"chr4","63596926","63597243","KN296311v1","3976440","3976750","53","59620486"
"chr4","63615948","63616256","KN295586v1","1040004","1040314","42","62575944"
"chr4","63764952","63765247","KN295315v1","2417770","2418063","35","61347182"
"chr4","63807761","63807891","KN296661v1","241569","241686","45","63566192"
"chr4","63909536","63909846","KN295159v1","1452439","1452751","33","62457097"
"chr4","63998203","63998499","KN296079v1","686222","686522","46","63311981"
"chr4","64074176","64074457","KN295065v1","103426","103725","45","63970750"
"chr4","64132105","64132314","KN295977v1","1276894","1277103","51","62855211"
"chr4","64146815","64147127","KN295065v1","174398","174710","38","63972417"
"chr4","64148609","64148913","KN295065v1","176278","176589","32","63972331"
"chr4","64183174","64183471","KN294911v1","628968","629266","44","63554206"
"chr4","64254569","64254851","KN297186v1","1381942","1382225","47","62872627"
"chr4","64271288","64271590","KN294172v1","2480693","2480995","47","61790595"
"chr4","64329022","64329315","KN296036v1","769191","769486","38","63559831"
"chr4","64372806","64373113","KN296495v1","1426384","1426686","54","62946422"
"chr4","64414843","64415151","KN296311v1","768493","768797","33","63646350"
"chr4","64456255","64456540","KN296357v1","621170","621460","44","63835085"
"chr4","64514838","64515132","KN294458v1","176914","177205","59","64337924"
"chr4","64580215","64580514","KN296485v1","541954","542254","42","64038261"
"chr4","64651716","64652013","KN294581v1","619147","619445","32","64032569"
"chr4","64667482","64667785","KN294657v1","186108","186411","60","64481374"
"chr4","64701580","64701885","KN294345v1","1373963","1374270","44","63327617"
"chr4","64774087","64774392","KN294633v1","56373","56674","46","64717714"
"chr4","64794210","64794497","KN295719v1","189138","189434","45","64605072"
"chr4","64841821","64842116","KN296503v1","544133","544430","39","64297688"
"chr4","65097493","65097794","KN295459v1","673095","673397","42","64424398"
"chr4","65127251","65127558","KN296484v1","351750","352061","45","64775501"
"chr4","65274001","65274290","KN296934v1","970774","971062","58","64303227"
"chr4","65315562","65315849","KN296244v1","36757","37045","39","65278805"
"chr4","65335697","65336006","KN294879v1","76546","76849","38","65259151"
"chr4","65342225","65342519","KN296996v1","444715","445021","42","64897510"
"chr4","65352154","65352472","KN294147v1","395582","395901","47","64956572"
"chr4","65386986","65387276","KN295729v1","826689","826980","45","64560297"
"chr4","65483788","65484102","KN294407v1","912040","912349","45","64571748"
"chr4","65537955","65538263","KN294170v1","5505","5809","51","65532450"
"chr4","65695124","65695411","KN296996v1","89381","89668","28","65605743"
"chr4","65747121","65747366","KN295022v1","229194","229438","40","65517927"
"chr4","65764959","65765268","KN296036v1","2062557","2062868","40","63702402"
"chr4","65820689","65821020","KN294147v1","395582","395901","60","65425107"
"chr4","66126476","66126771","KN296486v1","1726381","1726674","45","64400095"
"chr4","66170071","66170397","KN296386v1","377664","377967","64","65792407"
"chr4","66343708","66344010","KN296153v1","1850608","1850907","42","64493100"
"chr4","66348539","66348834","KN297274v1","1023468","1023763","36","65325071"
"chr4","66650909","66651198","KN297259v1","1695445","1695737","40","64955464"
"chr4","66658936","66659097","KN295930v1","759567","759739","72","65899369"
"chr4","66724916","66725117","KN295034v1","848549","848755","41","65876367"
"chr4","66726702","66727002","KN294172v1","6714431","6714730","42","60012271"
"chr4","66730335","66730586","KN295274v1","35011","35276","63","66695324"
"chr4","66875461","66875758","KN296153v1","3141084","3141383","36","63734377"
"chr4","66876931","66877204","KN294734v1","653049","653321","51","66223882"
"chr4","66914609","66914908","KN296495v1","1951647","1951933","50","64962962"
"chr4","66921784","66922019","KN297343v1","616706","616946","57","66305078"
"chr4","67379094","67379398","KN294257v1","379317","379626","49","66999777"
"chr4","67423903","67424073","KN294292v1","211892","212059","25","67212011"
"chr4","67460572","67460806","KN294978v1","3916108","3916347","39","63544464"
"chr4","67469872","67470120","KN295708v1","995633","995874","40","66474239"
"chr4","67510515","67510794","KN296036v1","943615","943894","32","66566900"
"chr4","67550053","67550352","KN295601v1","3238589","3238887","42","64311464"
"chr4","67569508","67569809","KN294456v1","1098138","1098439","36","66471370"
"chr4","67658982","67659292","KN296157v1","885718","886029","45","66773264"
"chr4","67665851","67666155","KN294790v1","163386","163690","48","67502465"
"chr4","67713137","67713441","KN294446v1","240983","241287","35","67472154"
"chr4","67777734","67778044","KN295586v1","1244707","1245017","45","66533027"
"chr4","67816134","67816441","KN296520v1","1005975","1006284","52","66810159"
"chr4","68018655","68018943","KN295729v1","826689","826980","41","67191966"
"chr4","68025702","68026031","KN296306v1","1908527","1908848","49","66117175"
"chr4","68029839","68030151","KN294451v1","1297714","1298020","47","66732125"
"chr4","68066884","68067176","KN294172v1","6311128","6311420","31","61755756"
"chr4","68071050","68071341","KN296767v1","336130","336426","42","67734920"
"chr4","68080618","68080926","KN294536v1","1867889","1868199","44","66212729"
"chr4","68133467","68133742","KN294570v1","327626","327897","47","67805841"
"chr4","68134041","68134332","KN294193v1","425211","425504","38","67708830"
"chr4","68174569","68174877","KN297274v1","1584868","1585171","41","66589701"
"chr4","68191272","68191580","KN296503v1","539763","540066","46","67651509"
"chr4","68282351","68282663","KN294995v1","43965","44270","46","68238386"
"chr4","68309065","68309351","KN294917v1","405138","405434","40","67903927"
"chr4","68343047","68343351","KN295171v1","646813","647115","37","67696234"
"chr4","68397565","68397869","KN294978v1","1002089","1002376","61","67395476"
"chr4","68428332","68428617","KN295236v1","1250449","1250729","54","67177883"
"chr4","68448006","68448286","KN296086v1","519864","520141","33","67928142"
"chr4","68452898","68453188","KN294303v1","100118","100410","53","68352780"
"chr4","68671281","68671589","KN295893v1","542773","543075","41","68128508"
"chr4","68717917","68718213","KN296682v1","1930392","1930690","30","66787525"
"chr4","68733992","68734293","KN295841v1","494485","494787","31","68239507"
"chr4","68748786","68749096","KN295748v1","161587","161896","42","68587199"
"chr4","68979253","68979538","KN295523v1","2581270","2581555","38","66397983"
"chr4","69030265","69030574","KN297197v1","881633","881943","41","68148632"
"chr4","69070353","69070656","KN295984v1","2540291","2540591","41","66530062"
"chr4","69119911","69120230","KN295459v1","1030536","1030859","44","68089375"
"chr4","69219342","69219647","KN296926v1","1143380","1143688","33","68075962"
"chr4","69254176","69254486","KN295922v1","130002","130315","47","69124174"
"chr4","69531046","69531344","KN295022v1","1220718","1221026","49","68310328"
"chr4","69601037","69601344","KN296495v1","550769","551079","46","69050268"
"chr4","69630350","69630671","KN296406v1","250415","250727","50","69379935"
"chr4","69712143","69712345","KN294713v1","896268","896483","40","68815875"
"chr4","69733190","69733495","KN297008v1","2646914","2647222","39","67086276"
"chr4","69763421","69763716","KN296247v1","273218","273514","40","69490203"
"chr4","69923533","69923820","KN295096v1","2965990","2966278","45","66957543"
"chr4","70015502","70015801","KN297047v1","3987588","3987889","45","66027914"
"chr4","70128914","70129198","KN297233v1","1167085","1167370","43","68961829"
"chr4","70187442","70187758","KN295922v1","130002","130315","45","70057440"
"chr4","70359343","70359663","KN294991v1","523003","523313","50","69836340"
"chr4","70413514","70413812","KN297233v1","523000","523293","41","69890514"
"chr4","70467136","70467440","KN296079v1","1691807","1692109","65","68775329"
"chr4","70560284","70560569","KN297190v1","4200135","4200423","37","66360149"
"chr4","70569680","70569973","KN294879v1","1212125","1212410","44","69357555"
"chr4","70725563","70725864","KN295962v1","2329043","2329352","51","68396520"
"chr4","70962226","70962538","KN297159v1","1043703","1044012","43","69918523"
"chr4","70995321","70995559","KN296079v1","2860738","2860978","50","68134583"
"chr4","71035735","71036021","KN294439v1","225059","225346","46","70810676"
"chr4","71190270","71190453","KN295623v1","489153","489342","33","70701117"
"chr4","71195621","71195804","KN295623v1","489153","489342","33","70706468"
"chr4","71223916","71224223","KN295154v1","52907","53218","40","71171009"
"chr4","71413070","71413376","KN294446v1","508370","508676","38","70904700"
"chr4","71472337","71472629","KN295708v1","2784035","2784327","36","68688302"
"chr4","71548554","71548867","KN294734v1","94829","95139","38","71453725"
"chr4","71682216","71682514","KN295236v1","1479017","1479312","34","70203199"
"chr4","71701292","71701604","KN294499v1","799663","799970","47","70901629"
"chr4","71720743","71721056","KN295433v1","166151","166445","50","71554592"
"chr4","71760840","71761139","KN296404v1","1150048","1150343","39","70610792"
"chr4","71761674","71761951","KN297276v1","475868","476140","43","71285806"
"chr4","71971979","71972256","KN295474v1","491754","492032","45","71480225"
"chr4","72288590","72288867","KN294207v1","761912","762189","41","71526678"
"chr4","72308679","72308989","KN294957v1","62097","62408","39","72246582"
"chr4","72376019","72376300","KN295459v1","1182376","1182658","41","71193643"
"chr4","72441684","72441992","KN296404v1","1423465","1423767","51","71018219"
"chr4","72464517","72464830","KN295666v1","328807","329122","59","72135710"
"chr4","72477605","72477885","KN294570v1","116175","116454","40","72361430"
"chr4","72508926","72509216","KN296926v1","1044202","1044492","30","71464724"
"chr4","72651039","72651366","KN295735v1","713634","713968","45","71937405"
"chr4","72659599","72659898","KN295814v1","522709","522999","57","72136890"
"chr4","72759991","72760288","KN294713v1","607294","607593","39","72152697"
"chr4","72824614","72824911","KN295394v1","511020","511319","46","72313594"
"chr4","72869369","72869681","KN295405v1","50804","51115","37","72818565"
"chr4","72873921","72874233","KN296818v1","116637","116947","41","72757284"
"chr4","72913552","72913864","KN294378v1","1504358","1504668","37","71409194"
"chr4","72930022","72930255","KN295045v1","921009","921237","36","72009013"
"chr4","72950941","72951249","KN294603v1","111945","112247","33","72838996"
"chr4","72971808","72972043","KN297154v1","726967","727198","34","72244841"
"chr4","72972104","72972416","KN294264v1","87223","87534","43","72884881"
"chr4","72972642","72972808","KN295667v1","1026814","1026972","39","71945828"
"chr4","72990926","72991221","KN296442v1","417977","418281","49","72572949"
"chr4","73022756","73023047","KN294419v1","200675","200969","35","72822081"
"chr4","73025181","73025466","KN297095v1","1116446","1116728","37","71908735"
"chr4","73030846","73031149","KN294745v1","100672","100973","49","72930174"
"chr4","73043382","73043681","KN296933v1","33780","34078","38","73009602"
"chr4","73063487","73063762","KN296122v1","387098","387375","40","72676389"
"chr4","73067894","73068190","KN294539v1","1287945","1288241","43","71779949"
"chr4","73073827","73074128","KN297146v1","129898","130192","46","72943929"
"chr4","73096072","73096377","KN295523v1","3729294","3729596","45","69366778"
"chr4","73098959","73099260","KN296682v1","3089641","3089943","39","70009318"
"chr4","73107276","73107560","KN297047v1","106566","106855","46","73000710"
"chr4","73121108","73121304","KN295405v1","412070","412259","34","72709038"
"chr4","73124306","73124624","KN297320v1","1223277","1223582","35","71901029"
"chr4","73127001","73127321","KN295236v1","1631448","1631759","42","71495553"
"chr4","73131820","73132133","KN296635v1","4969030","4969343","43","68162790"
"chr4","73143378","73143675","KN295394v1","556635","556929","40","72586743"
"chr4","73159675","73159967","KN294499v1","1907313","1907604","49","71252362"
"chr4","73164355","73164664","KN295301v1","761923","762233","38","72402432"
"chr4","73170416","73170714","KN294456v1","1098138","1098439","41","72072278"
"chr4","73178221","73178518","KN294287v1","289657","289957","49","72888564"
"chr4","73180331","73180646","KN296153v1","2784194","2784509","38","70396137"
"chr4","73197561","73197768","KN295236v1","80023","80248","47","73117538"
"chr4","73204072","73204384","KN296486v1","82397","82708","37","73121675"
"chr4","73210988","73211244","KN296643v1","592589","592841","49","72618399"
"chr4","73221917","73222235","KN296154v1","2201934","2202236","55","71019983"
"chr4","73304663","73304964","KN294911v1","2389002","2389309","40","70915661"
"chr4","73305687","73305992","KN297361v1","166730","167034","36","73138957"
"chr4","73314728","73314973","KN296036v1","510819","511064","40","72803909"
"chr4","73316166","73316452","KN295363v1","67374","67658","40","73248792"
"chr4","73368574","73368885","KN296244v1","661876","662181","43","72706698"
"chr4","73395017","73395315","KN294873v1","1602078","1602381","35","71792939"
"chr4","73423549","73423849","KN297023v1","480259","480560","29","72943290"
"chr4","73476407","73476669","KN295692v1","1481043","1481302","33","71995364"
"chr4","73493417","73493599","KN297141v1","158733","158926","36","73334684"
"chr4","73526111","73526409","KN294777v1","371314","371618","39","73154797"
"chr4","73571102","73571391","KN295735v1","1355168","1355465","35","72215934"
"chr4","73609763","73610065","KN294456v1","1178901","1179202","42","72430862"
"chr4","73617214","73617489","KN294172v1","536302","536588","54","73080912"
"chr4","73631387","73631691","KN294467v1","50328","50617","49","73581059"
"chr4","73640778","73641063","KN295586v1","5255611","5255896","45","68385167"
"chr4","73664521","73664814","KN296926v1","728665","728961","36","72935856"
"chr4","73668503","73668795","KN296557v1","13515","13811","41","73654988"
"chr4","73671381","73671657","KN294911v1","3438668","3438956","44","70232713"
"chr4","73695954","73696281","KN296486v1","67047","67367","55","73628907"
"chr4","73708445","73708755","KN296303v1","514845","515157","36","73193600"
"chr4","73731543","73731841","KN294790v1","163386","163690","41","73568157"
"chr4","73735795","73736096","KN295936v1","2116023","2116322","36","71619772"
"chr4","73760094","73760393","KN294536v1","268068","268359","45","73492026"
"chr4","73789861","73790149","KN296133v1","223062","223350","38","73566799"
"chr4","73812459","73812758","KN294604v1","502155","502458","45","73310304"
"chr4","73831270","73831574","KN296079v1","1006256","1006552","47","72825014"
"chr4","73869903","73870194","KN297444v1","429699","429990","31","73440204"
"chr4","73876082","73876379","KN295523v1","1314489","1314785","34","72561593"
"chr4","73883348","73883642","KN296009v1","1147876","1148169","40","72735472"
"chr4","73892490","73892794","KN294470v1","2883480","2883783","32","71009010"
"chr4","73905265","73905560","KN296119v1","2442035","2442323","43","71463230"
"chr4","73906976","73907277","KN295198v1","274974","275272","42","73632002"
"chr4","73977903","73978213","KN294711v1","723423","723716","62","73254480"
"chr4","74001223","74001524","KN296225v1","407360","407662","32","73593863"
"chr4","74030413","74030697","KN294172v1","6311128","6311420","36","67719285"
"chr4","74049625","74049924","KN294407v1","3027269","3027567","27","71022356"
"chr4","74105874","74106174","KN295430v1","1217885","1218183","38","72887989"
"chr4","74194257","74194548","KN295260v1","1431957","1432253","32","72762300"
"chr4","74211140","74211437","KN296542v1","78004","78297","26","74133136"
"chr4","74224357","74224575","KN295406v1","275159","275372","51","73949198"
"chr4","74236394","74236710","KN296542v1","53407","53714","35","74182987"
"chr4","74287245","74287536","KN296542v1","4000","4291","15","74283245"
"chr4","74318998","74319314","KN294233v1","872690","872993","37","73446308"
"chr4","74320570","74320880","KN294233v1","871112","871419","29","73449458"
"chr4","74340464","74340772","KN296167v1","450049","450355","41","73890415"
"chr4","74354163","74354483","KN294233v1","839873","840174","43","73514290"
"chr4","74362264","74362579","KN296732v1","1479099","1479390","55","72883165"
"chr4","74404244","74404518","KN294713v1","866445","866715","36","73537799"
"chr4","74414149","74414449","KN294705v1","1537713","1538021","38","72876436"
"chr4","74420048","74420358","KN294233v1","755626","755926","36","73664422"
"chr4","74422375","74422646","KN294233v1","753361","753649","31","73669014"
"chr4","74423341","74423642","KN294233v1","752359","752667","29","73670982"
"chr4","74426984","74427271","KN296732v1","3482334","3482632","50","70944650"
"chr4","74446734","74447050","KN296119v1","1028288","1028598","45","73418446"
"chr4","74452159","74452477","KN297133v1","1077051","1077369","50","73375108"
"chr4","74467928","74468226","KN295198v1","274974","275272","37","74192954"
"chr4","74470001","74470300","KN295586v1","5220291","5220588","30","69249710"
"chr4","74503437","74503729","KN295893v1","1265746","1266047","43","73237691"
"chr4","74514040","74514352","KN294233v1","666712","667026","30","73847328"
"chr4","74553690","74553909","KN295405v1","757351","757593","48","73796339"
"chr4","74559519","74559812","KN297233v1","1175420","1175710","39","73384099"
"chr4","74582450","74582724","KN295601v1","747589","747868","36","73834861"
"chr4","74589986","74590150","KN296481v1","376034","376200","24","74213952"
"chr4","74617114","74617419","KN294233v1","555146","555451","22","74061968"
"chr4","74629745","74630040","KN294917v1","405138","405434","46","74224607"
"chr4","74651008","74651310","KN296743v1","787595","787885","49","73863413"
"chr4","74682659","74682973","KN294233v1","487220","487523","39","74195439"
"chr4","74684892","74685174","KN296831v1","388107","388396","45","74296785"
"chr4","74702799","74703101","KN294233v1","466998","467304","35","74235801"
"chr4","74742203","74742502","KN296865v1","1608885","1609185","39","73133318"
"chr4","74766607","74766900","KN294233v1","409862","410148","21","74356745"
"chr4","74842998","74843274","KN294233v1","334430","334696","38","74508568"
"chr4","74873018","74873320","KN294233v1","304436","304736","18","74568582"
"chr4","74920622","74920942","KN294233v1","251684","252007","36","74668938"
"chr4","75083464","75083746","KN296864v1","1076694","1076968","40","74006770"
"chr4","75086501","75086808","KN295607v1","4406348","4406645","46","70680153"
"chr4","75107865","75108177","KN297112v1","4545049","4545357","42","70562816"
"chr4","75111444","75111752","KN297112v1","4545049","4545357","42","70566395"
"chr4","75135511","75135784","KN296864v1","1076694","1076968","36","74058817"
"chr4","75308077","75308357","KN296079v1","526093","526371","30","74781984"
"chr4","75315046","75315334","KN296311v1","1056866","1057165","50","74258180"
"chr4","75321472","75321785","KN296167v1","450049","450355","39","74871423"
"chr4","75369784","75370083","KN297274v1","1023468","1023763","32","74346316"
"chr4","75380233","75380532","KN295405v1","170011","170310","42","75210222"
"chr4","75382770","75383059","KN296520v1","1316759","1317053","39","74066011"
"chr4","75384507","75384806","KN295090v1","786208","786506","33","74598299"
"chr4","75451395","75451696","KN295099v1","100354","100652","35","75351041"
"chr4","75528546","75528857","KN295722v1","1373842","1374147","38","74154704"
"chr4","75561102","75561412","KN296486v1","1452664","1452976","40","74108438"
"chr4","75634746","75635036","KN295236v1","2296521","2296812","39","73338225"
"chr4","75640469","75640776","KN295748v1","161587","161896","39","75478882"
"chr4","75654315","75654629","KN295748v1","161587","161896","44","75492728"
"chr4","75725556","75725857","KN296588v1","289027","289334","41","75436529"
"chr4","75795961","75796252","KN294269v1","677834","678123","38","75118127"
"chr4","75800368","75800644","KN294570v1","116175","116454","30","75684193"
"chr4","75814279","75814590","KN296495v1","1120776","1121085","35","74693503"
"chr4","75833995","75834295","KN297242v1","1253632","1253926","41","74580363"
"chr4","75840913","75841210","KN295893v1","19473","19772","38","75821440"
"chr4","75854784","75855063","KN295102v1","376622","376901","37","75478162"
"chr4","75859236","75859522","KN295828v1","1026333","1026620","52","74832903"
"chr4","75862211","75862501","KN296096v1","838711","839001","37","75023500"
"chr4","75863770","75864078","KN294181v1","1579076","1579376","44","74284694"
"chr4","75864097","75864390","KN295729v1","826689","826980","44","75037408"
"chr4","75870943","75871252","KN294705v1","186396","186702","39","75684547"
"chr4","75872759","75873059","KN296345v1","121659","121957","42","75751100"
"chr4","75893189","75893496","KN294879v1","76546","76849","38","75816643"
"chr4","75919374","75919664","KN297133v1","713718","714020","42","75205656"
"chr4","75956716","75957030","KN294790v1","428668","428977","43","75528048"
"chr4","75960111","75960409","KN296154v1","1049543","1049848","42","74910568"
"chr4","75982653","75982958","KN295940v1","222653","222956","38","75760000"
"chr4","76028534","76028796","KN295633v1","519840","520096","46","75508694"
"chr4","76036252","76036541","KN297112v1","4708883","4709170","30","71327369"
"chr4","76047480","76047783","KN294326v1","309006","309309","37","75738474"
"chr4","76085921","76086224","KN295923v1","2310268","2310568","42","73775653"
"chr4","76091977","76092304","KN296244v1","224733","225053","53","75867244"
"chr4","76128785","76129055","KN294172v1","1540690","1540957","37","74588095"
"chr4","76183726","76184030","KN294367v1","7439","7744","39","76176287"
"chr4","76207393","76207685","KN297452v1","2510191","2510483","40","73697202"
"chr4","76235385","76235693","KN294978v1","1476399","1476706","37","74758986"
"chr4","76254735","76255046","KN295586v1","1244707","1245017","41","75010028"
"chr4","76313854","76314159","KN296157v1","885718","886029","41","75428136"
"chr4","76340993","76341302","KN294195v1","67520","67835","39","76273473"
"chr4","76431176","76431379","KN294598v1","85512","85712","36","76345664"
"chr4","76431381","76431551","KN296761v1","5714","5885","29","76425667"
"chr4","76473366","76473664","KN294195v1","192151","192446","21","76281215"
"chr4","76520754","76521040","KN294195v1","240232","240529","27","76280522"
"chr4","76531140","76531443","KN294161v1","938143","938445","47","75592997"
"chr4","76542443","76542710","KN296426v1","901314","901576","33","75641129"
"chr4","76624563","76624855","KN296426v1","838030","838324","28","75786533"
"chr4","76657253","76657554","KN296426v1","811051","811344","29","75846202"
"chr4","76657995","76658301","KN296426v1","810304","810607","24","75847691"
"chr4","76674057","76674351","KN296426v1","796118","796420","24","75877939"
"chr4","76690685","76690984","KN296426v1","778805","779103","21","75911880"
"chr4","76772230","76772453","KN296263v1","107832","108045","41","76664398"
"chr4","76777622","76777932","KN294378v1","1610539","1610852","40","75167083"
"chr4","76784252","76784570","KN296426v1","683813","684145","40","76100439"
"chr4","76861870","76862133","KN296426v1","631755","632012","26","76230115"
"chr4","76876782","76877086","KN296426v1","621433","621739","34","76255349"
"chr4","76889976","76890262","KN294167v1","511430","511711","55","76378546"
"chr4","76931385","76931681","KN296426v1","548098","548397","22","76383287"
"chr4","76964838","76965131","KN295114v1","157283","157573","33","76807555"
"chr4","76990138","76990426","KN296426v1","484170","484458","21","76505968"
"chr4","77128699","77129009","KN295666v1","789945","790254","44","76338754"
"chr4","77171277","77171588","KN295236v1","35793","36099","40","77135484"
"chr4","77233082","77233401","KN296426v1","238744","239054","32","76994338"
"chr4","77274028","77274332","KN296426v1","198661","198968","34","77075367"
"chr4","77286535","77286842","KN296426v1","185471","185781","19","77101064"
"chr4","77316767","77317071","KN296541v1","177294","177595","32","77139473"
"chr4","77327332","77327635","KN296426v1","147089","147383","26","77180243"
"chr4","77372384","77372683","KN296426v1","105920","106223","23","77266464"
"chr4","77377470","77377745","KN296426v1","101922","102197","29","77275548"
"chr4","77415330","77415595","KN296538v1","401811","402079","55","77013519"
"chr4","77423676","77423983","KN295748v1","161587","161896","47","77262089"
"chr4","77429145","77429418","KN296426v1","47234","47507","22","77381911"
"chr4","77443377","77443681","KN296426v1","28997","29302","32","77414380"
"chr4","77605120","77605381","KN295356v1","1465359","1465618","44","76139761"
"chr4","77637382","77637684","KN294527v1","159347","159649","41","77478035"
"chr4","77673662","77673964","KN296138v1","98488","98788","44","77575174"
"chr4","77706157","77706442","KN296508v1","1887999","1888284","37","75818158"
"chr4","77742499","77742784","KN296743v1","202352","202637","32","77540147"
"chr4","77753297","77753608","KN295236v1","4118266","4118574","39","73635031"
"chr4","77756430","77756741","KN294239v1","558647","558951","56","77197783"
"chr4","77791760","77792069","KN294548v1","1161001","1161308","37","76630759"
"chr4","77853695","77854005","KN295357v1","12313","12634","26","77841382"
"chr4","77903527","77903837","KN294378v1","1504358","1504668","39","76399169"
"chr4","77922746","77923069","KN296345v1","121659","121957","67","77801087"
"chr4","77939368","77939676","KN294187v1","783464","783769","38","77155904"
"chr4","78001960","78002221","KN296505v1","1919830","1920084","44","76082130"
"chr4","78037706","78038008","KN294540v1","619381","619684","36","77418325"
"chr4","78045601","78045910","KN295006v1","149125","149428","44","77896476"
"chr4","78122126","78122289","KN296743v1","1950123","1950289","30","76172003"
"chr4","78122467","78122587","KN295022v1","779148","779269","16","77343319"
"chr4","81685340","81685662","KN295814v1","1059254","1059558","66","80626086"
"chr4","81749199","81749489","KN296620v1","349918","350214","46","81399281"
"chr4","82052676","82052992","KN297047v1","3961166","3961489","56","78091510"
"chr4","83052251","83052568","KN295922v1","130002","130315","53","82922249"
"chr4","83060338","83060659","KN294271v1","518265","518579","49","82542073"
"chr4","83103425","83103745","KN296357v1","631003","631311","53","82472422"
"chr4","83136853","83137124","KN295984v1","391023","391296","40","82745830"
"chr4","83145324","83145614","KN296096v1","838711","839001","37","82306613"
"chr4","83202670","83202977","KN295302v1","361165","361469","30","82841505"
"chr4","83231745","83232056","KN296019v1","377651","377957","45","82854094"
"chr4","83235022","83235327","KN294345v1","1360179","1360481","40","81874843"
"chr4","83240591","83240893","KN295548v1","17538","17846","39","83223053"
"chr4","83248988","83249298","KN294657v1","197530","197841","46","83051458"
"chr4","83278024","83278316","KN296205v1","610481","610775","45","82667543"
"chr4","83305344","83305654","KN297398v1","53396","53704","39","83251948"
"chr4","83307574","83307886","KN296303v1","514845","515157","40","82792729"
"chr4","83319447","83319730","KN296921v1","541331","541611","33","82778116"
"chr4","83334249","83334405","KN295666v1","773224","773378","22","82561025"
"chr4","83435719","83436025","KN295998v1","154789","155089","42","83280930"
"chr4","83441883","83442194","KN294957v1","62097","62408","39","83379786"
"chr4","83488395","83488695","KN294571v1","1575904","1576204","36","81912491"
"chr4","83500313","83500615","KN296306v1","3686137","3686439","38","79814176"
"chr4","83540053","83540353","KN294245v1","583030","583326","39","82957023"
"chr4","83568182","83568502","KN294991v1","686774","687084","59","82881408"
"chr4","83580389","83580617","KN297186v1","50383","50628","53","83530006"
"chr4","83629129","83629414","KN294278v1","44302","44592","21","83584827"
"chr4","83664860","83665165","KN294278v1","78266","78577","36","83586594"
"chr4","83668335","83668610","KN294278v1","81347","81623","23","83586988"
"chr4","83671329","83671648","KN294278v1","84354","84670","30","83586975"
"chr4","83673833","83674145","KN296153v1","4052438","4052745","37","79621395"
"chr4","83674233","83674518","KN296062v1","2291832","2292114","46","81382401"
"chr4","83683292","83683589","KN294278v1","95180","95457","44","83588112"
"chr4","83689345","83689650","KN294278v1","101545","101847","30","83587800"
"chr4","83705442","83705739","KN297032v1","184087","184386","37","83521355"
"chr4","83725205","83725500","KN294278v1","138005","138315","33","83587200"
"chr4","83810534","83810830","KN296657v1","449776","450062","31","83360758"
"chr4","83817354","83817666","KN296657v1","444312","444625","30","83373042"
"chr4","83825416","83825710","KN295607v1","4406348","4406645","36","79419068"
"chr4","83869290","83869589","KN296657v1","392228","392531","30","83477062"
"chr4","83879668","83879979","KN296657v1","380977","381288","31","83498691"
"chr4","83898437","83898719","KN294539v1","3176003","3176290","60","80722434"
"chr4","83919635","83919921","KN296657v1","337932","338213","28","83581703"
"chr4","83937720","83938032","KN296657v1","319963","320275","27","83617757"
"chr4","83949977","83950282","KN294457v1","515692","515995","39","83434285"
"chr4","83967325","83967591","KN295592v1","1986950","1987223","37","81980375"
"chr4","83984573","83984881","KN295090v1","2486557","2486869","38","81498016"
"chr4","83989231","83989522","KN296657v1","267752","268042","31","83721479"
"chr4","84065223","84065534","KN296657v1","200588","200898","33","83864635"
"chr4","84072858","84073157","KN294470v1","2136945","2137241","32","81935913"
"chr4","84078688","84078970","KN296657v1","185202","185486","36","83893486"
"chr4","84079952","84080244","KN296657v1","183925","184221","34","83896027"
"chr4","84083095","84083406","KN295315v1","1044372","1044679","39","83038723"
"chr4","84106188","84106482","KN297233v1","1175420","1175710","36","82930768"
"chr4","84135958","84136267","KN296657v1","112981","113299","38","84022977"
"chr4","84153086","84153378","KN296657v1","95427","95727","30","84057659"
"chr4","84212094","84212395","KN296657v1","25573","25869","27","84186521"
"chr4","84258361","84258669","KN297159v1","2910513","2910824","32","81347848"
"chr4","84271025","84271331","KN294199v1","636506","636815","31","83634519"
"chr4","84286892","84287180","KN294846v1","59203","59483","40","84227689"
"chr4","84328871","84329158","KN296158v1","1192523","1192804","48","83136348"
"chr4","84364671","84364966","KN294526v1","486831","487133","51","83877840"
"chr4","84447952","84448263","KN295586v1","1244707","1245017","39","83203245"
"chr4","84478631","84478940","KN296484v1","351750","352061","48","84126881"
"chr4","84485289","84485594","KN294571v1","890748","891049","38","83594541"
"chr4","84493424","84493730","KN294603v1","63949","64255","38","84429475"
"chr4","84506387","84506676","KN294378v1","778393","778681","39","83727994"
"chr4","84533857","84534168","KN296929v1","19644","19960","26","84514213"
"chr4","84554595","84554803","KN295923v1","609165","609364","59","83945430"
"chr4","84571745","84572028","KN295744v1","301745","302032","35","84270000"
"chr4","84598965","84599260","KN296929v1","81937","82225","30","84517028"
"chr4","84636015","84636324","KN294170v1","5505","5809","39","84630510"
"chr4","84654894","84655196","KN295605v1","271923","272227","37","84382971"
"chr4","84683788","84684082","KN297406v1","906","1197","37","84682882"
"chr4","84746016","84746319","KN295487v1","52973","53281","38","84693043"
"chr4","84801379","84801682","KN297046v1","1196463","1196760","39","83604916"
"chr4","84901998","84902293","KN294456v1","1098138","1098439","43","83803860"
"chr4","85006439","85006733","KN294647v1","185532","185822","33","84820907"
"chr4","85008823","85009020","KN297083v1","589495","589690","31","84419328"
"chr4","85046739","85047063","KN294873v1","1659261","1659572","48","83387478"
"chr4","85050185","85050341","KN296486v1","560130","560274","32","84490055"
"chr4","85054856","85055169","KN294446v1","240983","241287","43","84813873"
"chr4","85297133","85297440","KN295995v1","655021","655332","37","84642112"
"chr4","85329263","85329555","KN295729v1","826689","826980","32","84502574"
"chr4","85379352","85379663","KN294705v1","186396","186702","44","85192956"
"chr4","85409085","85409407","KN297367v1","115077","115384","59","85294008"
"chr4","85483378","85483683","KN297023v1","480259","480560","41","85003119"
"chr4","85504852","85505132","KN295248v1","512274","512551","52","84992578"
"chr4","85505586","85505869","KN295152v1","176671","176951","43","85328915"
"chr4","85550625","85550935","KN295096v1","457011","457322","46","85093614"
"chr4","85914254","85914550","KN294271v1","518265","518579","50","85395989"
"chr4","85936878","85937175","KN296498v1","95172","95471","49","85841706"
"chr4","86022918","86023234","KN294741v1","1460072","1460379","61","84562846"
"chr4","86053730","86054028","KN296334v1","217300","217594","33","85836430"
"chr4","86101108","86101420","KN296334v1","169818","170118","40","85931290"
"chr4","86210359","86210648","KN297171v1","3649150","3649439","48","82561209"
"chr4","86285892","86286192","KN296487v1","131647","131949","43","86154245"
"chr4","86481296","86481577","KN295832v1","217196","217478","41","86264100"
"chr4","86597910","86598215","KN295236v1","1644085","1644389","60","84953825"
"chr4","86707349","86707508","KN296747v1","128765","128916","30","86578584"
"chr4","86753305","86753460","KN294213v1","33692","33846","23","86719613"
"chr4","86815353","86815636","KN295722v1","792295","792591","61","86023058"
"chr4","87144556","87144847","KN294172v1","6311128","6311420","39","80833428"
"chr4","87231005","87231315","KN295586v1","1244707","1245017","44","85986298"
"chr4","87286198","87286493","KN294181v1","1579076","1579376","43","85707122"
"chr4","87398094","87398397","KN296175v1","228274","228571","36","87169820"
"chr4","87416298","87416581","KN294879v1","1212125","1212410","49","86204173"
"chr4","87515895","87516190","KN295480v1","1302107","1302401","40","86213788"
"chr4","87516855","87516916","KN295236v1","3489640","3489713","20","84027215"
"chr4","87517016","87517232","KN296743v1","7396","7615","34","87509620"
"chr4","87692386","87692692","KN295977v1","1190707","1191000","62","86501679"
"chr4","87703674","87703982","KN297154v1","1039874","1040175","32","86663800"
"chr4","87802976","87803242","KN294671v1","6362","6632","47","87796614"
"chr4","87917439","87917735","KN296402v1","481664","481959","56","87435775"
"chr4","87959628","87959937","KN296486v1","1318978","1319291","42","86640650"
"chr4","87983770","87984120","KN296311v1","3133515","3133850","76","84850255"
"chr4","87994846","87995069","KN294378v1","1344850","1345086","46","86649996"
"chr4","87996762","87997041","KN294218v1","2142322","2142593","52","85854440"
"chr4","88012300","88012609","KN294269v1","1356784","1357094","34","86655516"
"chr4","88036857","88037163","KN294193v1","765791","766099","33","87271066"
"chr4","88077252","88077564","KN296157v1","885718","886029","28","87191534"
"chr4","88132779","88133077","KN296622v1","22752","23048","29","88110027"
"chr4","88160374","88160676","KN297023v1","480259","480560","38","87680115"
"chr4","88190597","88190787","KN294790v1","6048085","6048269","35","82142512"
"chr4","88196519","88196828","KN296622v1","78741","79042","39","88117778"
"chr4","88299630","88299931","KN294470v1","3179346","3179645","31","85120284"
"chr4","88412896","88413209","KN296036v1","2062557","2062868","53","86350339"
"chr4","88525776","88526073","KN296622v1","389261","389565","27","88136515"
"chr4","88556104","88556411","KN294548v1","1161001","1161308","36","87395103"
"chr4","88565476","88565774","KN294526v1","584075","584376","39","87981401"
"chr4","88587395","88587695","KN296622v1","463776","464076","38","88123619"
"chr4","88680662","88680959","KN296498v1","95172","95471","29","88585490"
"chr4","88684055","88684356","KN294458v1","1049177","1049481","50","87634878"
"chr4","88803566","88803840","KN296290v1","128207","128477","52","88675359"
"chr4","88819362","88819655","KN295480v1","1302107","1302401","40","87517255"
"chr4","88886589","88886882","KN294470v1","2136945","2137241","41","86749644"
"chr4","88900804","88901100","KN295758v1","468479","468777","41","88432325"
"chr4","88919332","88919657","KN295433v1","4537","4862","43","88914795"
"chr4","88932748","88933058","KN294245v1","511576","511887","37","88421172"
"chr4","88937401","88937687","KN294539v1","1287945","1288241","43","87649456"
"chr4","88971935","88972237","KN296167v1","450049","450355","39","88521886"
"chr4","89020701","89021002","KN296809v1","597279","597579","34","88423422"
"chr4","89069113","89069395","KN295405v1","1404748","1405060","59","87664365"
"chr4","89092844","89093131","KN295205v1","1496463","1496753","41","87596381"
"chr4","89096033","89096342","KN296430v1","1105044","1105344","42","87990989"
"chr4","89109904","89110213","KN295586v1","1244707","1245017","33","87865197"
"chr4","89161075","89161371","KN296732v1","3482334","3482632","30","85678741"
"chr4","89167030","89167203","KN294957v1","73265","73439","41","89093765"
"chr4","89186382","89186686","KN294964v1","1832698","1833002","34","87353684"
"chr4","89242143","89242448","KN296513v1","2913549","2913849","46","86328594"
"chr4","89243352","89243647","KN294257v1","1771672","1771973","50","87471680"
"chr4","89251414","89251712","KN294548v1","42935","43239","39","89208479"
"chr4","89280554","89280861","KN295869v1","487414","487718","42","88793140"
"chr4","89283391","89283682","KN295350v1","710666","710958","38","88572725"
"chr4","89296120","89296412","KN295114v1","157283","157573","38","89138837"
"chr4","89300548","89300838","KN294917v1","401690","401984","42","88898858"
"chr4","89319387","89319687","KN294665v1","159294","159577","51","89160093"
"chr4","89331399","89331720","KN296743v1","1756759","1757068","49","87574640"
"chr4","89354597","89354899","KN294172v1","2522038","2522336","42","86832559"
"chr4","89389761","89390062","KN294603v1","63949","64255","36","89325812"
"chr4","89450336","89450636","KN294964v1","673814","674112","32","88776522"
"chr4","89494264","89494546","KN295236v1","5608382","5608670","44","83885882"
"chr4","89509529","89509830","KN294475v1","169623","169921","37","89339906"
"chr4","89520925","89521235","KN296682v1","2875657","2875966","39","86645268"
"chr4","89552126","89552417","KN297197v1","699015","699311","34","88853111"
"chr4","89553634","89553919","KN296620v1","349918","350214","39","89203716"
"chr4","89558474","89558775","KN295708v1","2784035","2784327","50","86774439"
"chr4","89573970","89574276","KN294790v1","163386","163690","35","89410584"
"chr4","89580069","89580366","KN294470v1","2136945","2137241","37","87443124"
"chr4","89587062","89587348","KN295893v1","729257","729542","28","88857805"
"chr4","89596836","89597168","KN295308v1","2157705","2158010","62","87439131"
"chr4","89627555","89627846","KN296643v1","828529","828822","32","88799026"
"chr4","89631349","89631645","KN294180v1","5181","5476","48","89626168"
"chr4","89699711","89700003","KN294167v1","537506","537799","33","89162205"
"chr4","89700201","89700504","KN296426v1","105920","106223","31","89594281"
"chr4","89709007","89709312","KN294193v1","765791","766099","36","88943216"
"chr4","89712848","89713161","KN294957v1","62097","62408","37","89650751"
"chr4","89714710","89715024","KN294598v1","342532","342842","35","89372178"
"chr4","89753779","89754069","KN296484v1","109288","109580","40","89644491"
"chr4","89758487","89758804","KN294711v1","1280165","1280476","49","88478322"
"chr4","89760493","89760788","KN295871v1","615076","615373","33","89145417"
"chr4","89779471","89779784","KN294940v1","567435","567744","41","89212036"
"chr4","89804481","89804778","KN294693v1","725536","725835","31","89078945"
"chr4","89812101","89812401","KN295586v1","1906943","1907244","30","87905158"
"chr4","89863444","89863749","KN297023v1","480259","480560","41","89383185"
"chr4","89944307","89944588","KN296833v1","94676","94959","43","89849631"
"chr4","89953541","89953834","KN294987v1","1477069","1477366","47","88476472"
"chr4","89959432","89959735","KN296250v1","217179","217477","41","89742253"
"chr4","90080127","90080429","KN296187v1","232705","233008","44","89847422"
"chr4","90119948","90120260","KN296250v1","69811","70114","31","90050137"
"chr4","90271175","90271463","KN296025v1","363096","363386","25","89908079"
"chr4","90353942","90354238","KN297312v1","580274","580567","38","89773668"
"chr4","90356032","90356340","KN294842v1","1005503","1005813","40","89350529"
"chr4","90360477","90360768","KN296025v1","273311","273602","23","90087166"
"chr4","90363976","90364270","KN296040v1","349832","350124","37","90014144"
"chr4","90387624","90387932","KN297095v1","3657631","3657942","33","86729993"
"chr4","90400277","90400574","KN296025v1","234668","234961","35","90165609"
"chr4","90409837","90410129","KN296025v1","229138","229433","28","90180699"
"chr4","90416401","90416696","KN295573v1","192599","192895","34","90223802"
"chr4","90424561","90424858","KN296682v1","1930392","1930690","38","88494169"
"chr4","90443565","90443858","KN296025v1","193719","194002","34","90249846"
"chr4","90444074","90444377","KN296025v1","193216","193515","30","90250858"
"chr4","90449067","90449382","KN296303v1","514845","515157","46","89934222"
"chr4","90449383","90449675","KN296096v1","838711","839001","33","89610672"
"chr4","90450402","90450707","KN296829v1","581505","581808","40","89868897"
"chr4","90455629","90455940","KN296025v1","181887","182178","42","90273742"
"chr4","90466037","90466342","KN296025v1","171163","171465","39","90294874"
"chr4","90473458","90473749","KN296025v1","163639","163933","28","90309819"
"chr4","90515758","90516071","KN296847v1","511055","511365","36","90004703"
"chr4","90517005","90517306","KN296025v1","119940","120246","21","90397065"
"chr4","90575112","90575295","KN294957v1","73265","73439","32","90501847"
"chr4","90575459","90575590","KN294957v1","72833","72964","27","90502626"
"chr4","90612287","90612579","KN296025v1","10916","11195","24","90601371"
"chr4","90641318","90641624","KN294521v1","509491","509791","49","90131827"
"chr4","90646094","90646392","KN295523v1","2753782","2754083","36","87892312"
"chr4","90677440","90677747","KN296311v1","3147292","3147595","36","87530148"
"chr4","90689051","90689361","KN297094v1","100621","100953","63","90588430"
"chr4","90705536","90705831","KN296153v1","3041230","3041525","50","87664306"
"chr4","90740532","90740828","KN294911v1","628968","629266","38","90111564"
"chr4","90749751","90750063","KN294705v1","1537713","1538021","32","89212038"
"chr4","90751257","90751552","KN296009v1","420615","420911","38","90330642"
"chr4","90752095","90752386","KN295633v1","2368638","2368925","38","88383457"
"chr4","90755128","90755429","KN295962v1","36804","37095","57","90718324"
"chr4","90841156","90841454","KN296503v1","544133","544430","36","90297023"
"chr4","90843103","90843399","KN296365v1","603405","603707","50","90239698"
"chr4","90852868","90853169","KN294634v1","512217","512518","43","90340651"
"chr4","90857396","90857705","KN296484v1","351750","352061","32","90505646"
"chr4","90883363","90883652","KN295596v1","2518640","2518934","33","88364723"
"chr4","90922282","90922576","KN295326v1","100464","100755","40","90821818"
"chr4","90967184","90967501","KN295748v1","161587","161896","41","90805597"
"chr4","91002099","91002417","KN296180v1","1077592","1077919","47","89924507"
"chr4","91013606","91013899","KN297320v1","1145582","1145877","40","89868024"
"chr4","91063805","91064116","KN294439v1","59249","59564","35","91004556"
"chr4","91088257","91088548","KN294239v1","344639","344929","39","90743618"
"chr4","91098469","91098760","KN295096v1","2965990","2966278","32","88132479"
"chr4","91101539","91101833","KN294717v1","270152","270451","36","90831387"
"chr4","91166156","91166310","KN295352v1","1","181","54","91166155"
"chr4","91215466","91215764","KN294193v1","425211","425504","30","90790255"
"chr4","91225514","91225811","KN295573v1","192599","192895","33","91032915"
"chr4","91248366","91248664","KN294407v1","3027269","3027567","34","88221097"
"chr4","91251184","91251474","KN294147v1","1451685","1451966","44","89799499"
"chr4","91273433","91273729","KN296698v1","82655","82954","33","91190778"
"chr4","91296929","91297227","KN295573v1","192599","192895","31","91104330"
"chr4","91312000","91312162","KN294713v1","386007","386172","25","90925993"
"chr4","91313497","91313782","KN294662v1","218243","218524","48","91095254"
"chr4","91377526","91377833","KN294630v1","349899","350210","46","91027627"
"chr4","91406024","91406312","KN297210v1","73996","74284","37","91332028"
"chr4","91574912","91575181","KN295708v1","2842235","2842508","33","88732677"
"chr4","91632628","91632947","KN297408v1","58299","58616","42","91574329"
"chr4","91707807","91708117","KN295405v1","50804","51115","33","91657003"
"chr4","91837843","91838128","KN294665v1","133847","134138","43","91703996"
"chr4","91882898","91883198","KN296303v1","662776","663079","37","91220122"
"chr4","91972984","91973275","KN295729v1","826689","826980","35","91146295"
"chr4","92057868","92058160","KN294346v1","339338","339633","48","91718530"
"chr4","92083996","92084279","KN295586v1","5255611","5255896","35","86828385"
"chr4","92099172","92099470","KN294470v1","764276","764573","40","91334896"
"chr4","92130544","92130854","KN296311v1","3194235","3194543","42","88936309"
"chr4","92211090","92211369","KN294404v1","404187","404462","37","91806903"
"chr4","92309508","92309806","KN295114v1","45102","45395","37","92264406"
"chr4","92314937","92315227","KN294561v1","1084406","1084703","49","91230531"
"chr4","92368672","92368958","KN294269v1","1190734","1191020","34","91177938"
"chr4","92432974","92433283","KN296541v1","177294","177595","51","92255680"
"chr4","92474866","92475159","KN294172v1","6311128","6311420","40","86163738"
"chr4","92497534","92497834","KN295573v1","192599","192895","43","92304935"
"chr4","92529512","92529813","KN296145v1","740136","740436","39","91789376"
"chr4","92534158","92534448","KN294147v1","1191891","1192182","36","91342267"
"chr4","92572157","92572466","KN294705v1","1537713","1538021","40","91034444"
"chr4","92611426","92611730","KN296167v1","450049","450355","33","92161377"
"chr4","92649590","92649883","KN296982v1","267528","267826","37","92382062"
"chr4","92669681","92669962","KN296495v1","1951647","1951933","37","90718034"
"chr4","92685540","92685835","KN294444v1","166708","167002","38","92518832"
"chr4","92785218","92785503","KN294591v1","423646","423931","35","92361572"
"chr4","92786462","92786779","KN294199v1","636506","636815","46","92149956"
"chr4","92813255","92813558","KN295667v1","1575159","1575461","43","91238096"
"chr4","92833783","92834093","KN294199v1","636506","636815","37","92197277"
"chr4","92866551","92866865","KN295366v1","78980","79290","42","92787571"
"chr4","92881773","92882065","KN295708v1","2784035","2784327","37","90097738"
"chr4","93046240","93046534","KN294187v1","158362","158655","43","92887878"
"chr4","93067673","93067969","KN294987v1","1160344","1160639","36","91907329"
"chr4","93226412","93226711","KN294456v1","1098138","1098439","43","92128274"
"chr4","93240123","93240417","KN296442v1","420929","421232","46","92819194"
"chr4","93330653","93330967","KN296635v1","4969030","4969343","53","88361623"
"chr4","93349350","93349648","KN295814v1","1261993","1262292","41","92087357"
"chr4","93383251","93383488","KN295835v1","199186","199432","49","93184065"
"chr4","93440759","93441058","KN294385v1","510756","511057","39","92930003"
"chr4","93521236","93521534","KN294739v1","830382","830683","49","92690854"
"chr4","93647832","93648139","KN295573v1","964658","964965","48","92683174"
"chr4","93712589","93712845","KN295633v1","1133330","1133601","41","92579259"
"chr4","93747007","93747305","KN294539v1","1287945","1288241","37","92459062"
"chr4","93787243","93787547","KN296311v1","3957005","3957309","32","89830238"
"chr4","94304524","94304823","KN294439v1","237310","237608","48","94067214"
"chr4","94364151","94364458","KN294470v1","611691","611997","53","93752460"
"chr4","94461236","94461531","KN297133v1","1352390","1352685","31","93108846"
"chr4","94496613","94496907","KN294193v1","568677","568960","33","93927936"
"chr4","94549093","94549376","KN294217v1","803782","804074","47","93745311"
"chr4","94821620","94821906","KN296011v1","52257","52541","49","94769363"
"chr4","94867334","94867629","KN294911v1","2691899","2692205","44","92175435"
"chr4","95044249","95044545","KN294469v1","95044","95338","45","94949205"
"chr4","95066326","95066596","KN294790v1","3430426","3430693","55","91635900"
"chr4","95093025","95093262","KN295970v1","49893","50138","46","95043132"
"chr4","95159737","95160049","KN296247v1","361131","361442","46","94798606"
"chr4","95171623","95171903","KN296040v1","275719","276000","37","94895904"
"chr4","95325697","95325997","KN296609v1","1101899","1102195","43","94223798"
"chr4","95337637","95337936","KN294705v1","1537713","1538021","44","93799924"
"chr4","95347453","95347753","KN297141v1","725363","725672","70","94622090"
"chr4","95350659","95350965","KN295319v1","93746","94048","44","95256913"
"chr4","95353100","95353406","KN295319v1","93746","94048","42","95259354"
"chr4","95610003","95610308","KN296503v1","58212","58521","36","95551791"
"chr4","95712092","95712391","KN294964v1","1171001","1171302","32","94541091"
"chr4","95773347","95773658","KN296959v1","1350845","1351154","41","94422502"
"chr4","96034237","96034536","KN295666v1","873327","873629","41","95160910"
"chr4","96061339","96061638","KN296743v1","323605","323904","39","95737734"
"chr4","96068680","96068872","KN296495v1","510488","510677","33","95558192"
"chr4","96096776","96097087","KN296635v1","2387021","2387331","45","93709755"
"chr4","96127145","96127448","KN297304v1","54786","55087","32","96072359"
"chr4","96205545","96205841","KN295596v1","3384069","3384370","40","92821476"
"chr4","96225667","96225947","KN295415v1","436","718","41","96225231"
"chr4","96393530","96393821","KN294458v1","1049177","1049481","40","95344353"
"chr4","96457294","96457613","KN296484v1","351750","352061","45","96105544"
"chr4","96479987","96480283","KN294842v1","192762","193057","31","96287225"
"chr4","96504531","96504831","KN294540v1","619381","619684","47","95885150"
"chr4","96511088","96511403","KN294911v1","2842843","2843153","46","93668245"
"chr4","96532203","96532501","KN294630v1","735288","735590","46","95796915"
"chr4","96533193","96533488","KN294539v1","1287945","1288241","32","95245248"
"chr4","96539135","96539344","KN296426v1","64367","64561","42","96474768"
"chr4","96543425","96543715","KN295356v1","790551","790835","52","95752874"
"chr4","96573399","96573704","KN294161v1","938143","938445","38","95635256"
"chr4","96582519","96582827","KN296982v1","567624","567930","43","96014895"
"chr4","96609839","96610119","KN294592v1","1283450","1283725","49","95326389"
"chr4","96626035","96626323","KN296726v1","808997","809301","42","95817038"
"chr4","96644541","96644819","KN295633v1","198930","199215","36","96445611"
"chr4","96692679","96692972","KN296357v1","610412","610703","43","96082267"
"chr4","96701831","96702127","KN294147v1","1191891","1192182","35","95509940"
"chr4","96764631","96764932","KN294172v1","6113681","6113982","40","90650950"
"chr4","96837480","96837774","KN294193v1","1004756","1005052","36","95832724"
"chr4","96947940","96948246","KN295459v1","1416836","1417149","46","95531104"
"chr4","97022793","97023090","KN295998v1","154789","155089","33","96868004"
"chr4","97066685","97066991","KN297112v1","2760194","2760501","36","94306491"
"chr4","97073807","97074071","KN294172v1","1540690","1540957","43","95533117"
"chr4","97080199","97080497","KN294224v1","583802","584104","35","96496397"
"chr4","97091703","97091970","KN295308v1","1983068","1983328","48","95108635"
"chr4","97093061","97093368","KN295571v1","513084","513393","41","96579977"
"chr4","97111902","97112205","KN297133v1","1612844","1613144","41","95499058"
"chr4","97174528","97174805","KN297408v1","577290","577570","52","96597238"
"chr4","97252624","97252919","KN296145v1","3072127","3072422","36","94180497"
"chr4","97315880","97316166","KN294366v1","429818","430102","48","96886062"
"chr4","97453219","97453492","KN294604v1","515332","515604","35","96937887"
"chr4","97631420","97631709","KN295433v1","155499","155801","50","97475921"
"chr4","97684756","97685066","KN296484v1","351750","352061","37","97333006"
"chr4","97831041","97831347","KN294224v1","583802","584104","39","97247239"
"chr4","97858146","97858439","KN294499v1","2005615","2005910","35","95852531"
"chr4","98005306","98005594","KN296536v1","707686","707977","52","97297620"
"chr4","98410270","98410556","KN297044v1","67196","67485","36","98343074"
"chr4","98413680","98413983","KN296138v1","518510","518811","37","97895170"
"chr4","98581780","98582083","KN295091v1","2259731","2260040","47","96322049"
"chr4","98601589","98601899","KN295256v1","326036","326344","38","98275553"
"chr4","99316774","99317012","KN296682v1","2757852","2758081","50","96558922"
"chr4","99523325","99523632","KN297442v1","1612430","1612738","47","97910895"
"chr4","99566582","99566873","KN294456v1","1153120","1153409","43","98413462"
"chr4","99609532","99609770","KN297044v1","380348","380585","44","99229184"
"chr4","99621726","99622032","KN296153v1","1336190","1336496","32","98285536"
"chr4","99673098","99673399","KN295236v1","1644085","1644389","64","98029013"
"chr4","99823621","99823926","KN296311v1","768493","768797","38","99055128"
"chr4","100203168","100203480","KN297203v1","1243976","1244285","46","98959192"
"chr4","100226094","100226375","KN294386v1","6399","6691","39","100219695"
"chr4","100744664","100744960","KN294825v1","396445","396749","26","100348219"
"chr4","100775332","100775655","KN296145v1","3106190","3106504","45","97669142"
"chr4","100826662","100826947","KN294825v1","305213","305498","28","100521449"
"chr4","100846380","100846684","KN295601v1","747589","747868","55","100098791"
"chr4","100874636","100874937","KN295350v1","1367333","1367626","42","99507303"
"chr4","100981274","100981575","KN294825v1","155460","155769","30","100825814"
"chr4","100985614","100985929","KN294825v1","151059","151371","23","100834555"
"chr4","100994032","100994333","KN295607v1","4377455","4377758","35","96616577"
"chr4","101017001","101017304","KN294825v1","122829","123136","28","100894172"
"chr4","101153362","101153666","KN295929v1","489952","490259","26","100663410"
"chr4","101185213","101185505","KN296926v1","1044202","1044492","25","100141011"
"chr4","101239723","101240013","KN296244v1","115407","115699","35","101124316"
"chr4","101245246","101245562","KN296119v1","4498335","4498651","48","96746911"
"chr4","101274545","101274839","KN295929v1","368547","368851","32","100905998"
"chr4","101290551","101290846","KN295929v1","352107","352403","23","100938444"
"chr4","101292087","101292379","KN294516v1","17906","18200","46","101274181"
"chr4","101297071","101297370","KN295352v1","545091","545395","44","100751980"
"chr4","101354479","101354780","KN295433v1","791869","792167","29","100562610"
"chr4","101354862","101355136","KN295929v1","287407","287674","21","101067455"
"chr4","101366486","101366792","KN295929v1","277880","278179","28","101088606"
"chr4","101400173","101400483","KN295929v1","243805","244100","34","101156368"
"chr4","101404837","101405052","KN295405v1","757351","757593","63","100647486"
"chr4","101405384","101405447","KN295814v1","1293144","1293189","27","100112240"
"chr4","101420827","101421141","KN296609v1","3143803","3144110","41","98277024"
"chr4","101431842","101432126","KN295929v1","216521","216822","39","101215321"
"chr4","101456546","101456849","KN295929v1","193303","193597","36","101263243"
"chr4","101490651","101490946","KN295929v1","156601","156890","28","101334050"
"chr4","101595105","101595404","KN295929v1","60092","60397","28","101535013"
"chr4","101595587","101595881","KN294842v1","192762","193057","32","101402825"
"chr4","101617441","101617751","KN297058v1","337663","337969","40","101279778"
"chr4","101800153","101800434","KN295735v1","492754","493035","41","101307399"
"chr4","102037192","102037488","KN297008v1","6066461","6066760","45","95970731"
"chr4","102108380","102108584","KN297390v1","372961","373169","46","101735419"
"chr4","102166415","102166719","KN296322v1","2692700","2693002","34","99473715"
"chr4","102293290","102293562","KN296829v1","546924","547202","29","101746366"
"chr4","102312356","102312659","KN295893v1","201085","201389","39","102111271"
"chr4","102317117","102317424","KN296829v1","571250","571555","41","101745867"
"chr4","102327327","102327624","KN296829v1","581505","581808","27","101745822"
"chr4","102343866","102344177","KN296829v1","598397","598704","34","101745469"
"chr4","102346763","102347074","KN295717v1","2167378","2167682","40","100179385"
"chr4","102409976","102410284","KN296829v1","660571","660878","19","101749405"
"chr4","102414219","102414509","KN296829v1","665534","665827","35","101748685"
"chr4","102415429","102415736","KN296829v1","666764","667067","35","101748665"
"chr4","102475278","102475578","KN296829v1","726045","726328","42","101749233"
"chr4","102630583","102630845","KN296311v1","281666","281927","38","102348917"
"chr4","102653445","102653751","KN296829v1","900836","901143","39","101752609"
"chr4","102654188","102654500","KN294705v1","186396","186702","42","102467792"
"chr4","102989856","102990104","KN296883v1","3353450","3353703","39","99636406"
"chr4","103201610","103201852","KN297227v1","932412","932647","46","102269198"
"chr4","103268674","103268971","KN295090v1","1849079","1849376","38","101419595"
"chr4","103527690","103528001","KN295356v1","1508980","1509291","51","102018710"
"chr4","103621089","103621392","KN295090v1","786208","786506","41","102834881"
"chr4","103715914","103716210","KN295841v1","667980","668275","33","103047934"
"chr4","103728966","103729265","KN295974v1","3009668","3009967","40","100719298"
"chr4","103768955","103769236","KN294257v1","2744602","2744887","44","101024353"
"chr4","103795407","103795711","KN295841v1","575410","575706","30","103219997"
"chr4","103875324","103875616","KN295841v1","494485","494787","37","103380839"
"chr4","103927078","103927370","KN297158v1","577563","577866","50","103349515"
"chr4","104072630","104072942","KN295841v1","296971","297277","44","103775659"
"chr4","104413330","104413592","KN296396v1","69256","69509","22","104344074"
"chr4","104575295","104575603","KN294904v1","39614","39923","33","104535681"
"chr4","104627387","104627693","KN296158v1","1473064","1473364","41","103154323"
"chr4","104649169","104649481","KN297105v1","1151702","1152014","48","103497467"
"chr4","104796165","104796346","KN295814v1","118840","119024","38","104677325"
"chr4","104868553","104868858","KN295501v1","206791","207092","24","104661762"
"chr4","104907108","104907393","KN295729v1","826689","826980","33","104080419"
"chr4","104967023","104967340","KN295501v1","290099","290415","26","104676924"
"chr4","105039954","105040234","KN296079v1","662260","662539","34","104377694"
"chr4","105232181","105232468","KN296096v1","3011652","3011937","34","102220529"
"chr4","105263760","105264055","KN296495v1","461996","462294","37","104801764"
"chr4","105264056","105264224","KN296281v1","205219","205386","16","105058837"
"chr4","105267888","105268172","KN295501v1","597965","598251","23","104669923"
"chr4","105365220","105365511","KN295940v1","404591","404885","37","104960629"
"chr4","105376122","105376400","KN295501v1","695806","696084","46","104680316"
"chr4","105382606","105382915","KN294407v1","680296","680609","33","104702310"
"chr4","105428211","105428500","KN297038v1","1132153","1132435","42","104296058"
"chr4","105441650","105441964","KN295814v1","1455942","1456249","42","103985708"
"chr4","105480423","105480699","KN295501v1","814832","815128","44","104665591"
"chr4","105483914","105484069","KN294172v1","4368748","4368892","30","101115166"
"chr4","105521564","105521853","KN295501v1","859648","859938","21","104661916"
"chr4","105604694","105605000","KN297274v1","1584868","1585171","33","104019826"
"chr4","105619093","105619402","KN295501v1","956761","957062","34","104662332"
"chr4","105629946","105630237","KN295244v1","411038","411330","32","105218908"
"chr4","105666862","105667165","KN297046v1","3186193","3186495","43","102480669"
"chr4","105752228","105752533","KN295854v1","427401","427707","42","105324827"
"chr4","105759491","105759797","KN296167v1","450049","450355","38","105309442"
"chr4","105927871","105928151","KN296086v1","752037","752316","32","105175834"
"chr4","106007677","106007976","KN296086v1","660110","660413","24","105347567"
"chr4","106159729","106160018","KN296086v1","519864","520141","29","105639865"
"chr4","106203104","106203402","KN296086v1","481704","481997","33","105721400"
"chr4","106459995","106460301","KN295571v1","203398","203695","46","106256597"
"chr4","106469933","106470239","KN296086v1","182089","182378","44","106287844"
"chr4","106515126","106515418","KN296086v1","133052","133348","26","106382074"
"chr4","106577966","106578265","KN296086v1","76536","76842","37","106501430"
"chr4","106726096","106726388","KN296357v1","621170","621460","43","106104926"
"chr4","106820204","106820525","KN296019v1","59951","60268","44","106760253"
"chr4","106853554","106853869","KN295343v1","729289","729587","52","106124265"
"chr4","106910233","106910545","KN294571v1","1677168","1677468","51","105233065"
"chr4","106923032","106923316","KN297314v1","616778","617057","49","106306254"
"chr4","107016854","107017169","KN295236v1","4118266","4118574","45","102898588"
"chr4","107081002","107081280","KN294365v1","1369780","1370055","58","105711222"
"chr4","107101376","107101658","KN294193v1","686578","686868","36","106414798"
"chr4","107301088","107301369","KN296138v1","3145","3429","44","107297943"
"chr4","107323397","107323692","KN296036v1","1895044","1895337","35","105428353"
"chr4","107327321","107327500","KN295209v1","657065","657254","36","106670256"
"chr4","107366961","107367270","KN296635v1","2181073","2181379","37","105185888"
"chr4","107367857","107368051","KN296495v1","510488","510677","32","106857369"
"chr4","107376508","107376783","KN296820v1","117253","117523","37","107259255"
"chr4","107416815","107417129","KN295941v1","1009875","1010190","60","106406940"
"chr4","107419823","107420126","KN296247v1","901747","902047","35","106518076"
"chr4","107691471","107691764","KN295701v1","638209","638504","48","107053262"
"chr4","107727305","107727612","KN296820v1","497998","498302","26","107229307"
"chr4","107734686","107734988","KN296820v1","505388","505689","30","107229298"
"chr4","107773787","107774090","KN296820v1","544949","545258","28","107228838"
"chr4","107799945","107800242","KN296820v1","570591","570903","42","107229354"
"chr4","107803001","107803301","KN296820v1","573805","574112","25","107229196"
"chr4","107815900","107816126","KN295405v1","757351","757593","57","107058549"
"chr4","107922774","107923067","KN295154v1","188282","188584","51","107734492"
"chr4","107967508","107967816","KN296820v1","730474","730770","31","107237034"
"chr4","107969203","107969520","KN296311v1","5144533","5144839","50","102824670"
"chr4","107975487","107975744","KN296075v1","244693","244958","54","107730794"
"chr4","108025863","108026091","KN296065v1","441922","442153","33","107583941"
"chr4","108083206","108083507","KN296820v1","850935","851222","41","107232271"
"chr4","108145639","108145947","KN296205v1","1038770","1039076","34","107106869"
"chr4","108285467","108285759","KN294170v1","66663","66947","55","108218804"
"chr4","108337062","108337362","KN295352v1","545091","545395","45","107791971"
"chr4","108492960","108493256","KN296820v1","1256411","1256710","24","107236549"
"chr4","108502216","108502429","KN296820v1","1266653","1266879","34","107235563"
"chr4","108544817","108545103","KN295236v1","2334473","2334760","31","106210344"
"chr4","108859227","108859486","KN294991v1","995507","995758","41","107863720"
"chr4","108864324","108864590","KN296917v1","15390","15670","55","108848934"
"chr4","108910231","108910551","KN294665v1","133847","134138","63","108776384"
"chr4","109071197","109071477","KN295729v1","826689","826980","37","108244508"
"chr4","109123752","109124049","KN296966v1","176765","177060","33","108946987"
"chr4","109131715","109132026","KN295319v1","42222","42534","41","109089493"
"chr4","109229245","109229507","KN296966v1","289920","290200","37","108939325"
"chr4","109290034","109290345","KN296966v1","342293","342594","32","108947741"
"chr4","109581148","109581466","KN295236v1","1631448","1631759","49","107949700"
"chr4","109641194","109641513","KN296306v1","147554","147864","48","109493640"
"chr4","109651523","109651849","KN296404v1","1890977","1891292","55","107760546"
"chr4","109657718","109658023","KN296079v1","686222","686522","50","108971496"
"chr4","109705539","109705830","KN296153v1","3972642","3972935","38","105732897"
"chr4","109732122","109732439","KN295366v1","78980","79290","56","109653142"
"chr4","109827105","109827402","KN296577v1","98091","98385","38","109729014"
"chr4","109930558","109930858","KN296732v1","3329627","3329927","37","106600931"
"chr4","109992521","109992824","KN294176v1","294222","294532","43","109698299"
"chr4","110188074","110188244","KN294949v1","1356633","1356831","60","108831441"
"chr4","110196614","110196907","KN297070v1","599959","600253","30","109596655"
"chr4","110414477","110414787","KN296167v1","450049","450355","36","109964428"
"chr4","110418548","110418850","KN297070v1","379833","380141","35","110038715"
"chr4","110463433","110463727","KN297023v1","480259","480560","31","109983174"
"chr4","110471327","110471620","KN296588v1","1649437","1649732","33","108821890"
"chr4","110527766","110528059","KN296580v1","657589","657884","33","109870177"
"chr4","110566657","110566963","KN295361v1","932292","932599","40","109634365"
"chr4","110572163","110572463","KN297008v1","4661765","4662062","42","105910398"
"chr4","110584305","110584597","KN296635v1","4858334","4858623","45","105725971"
"chr4","110593377","110593660","KN297070v1","193852","194137","30","110399525"
"chr4","110679531","110679825","KN297070v1","110520","110800","38","110569011"
"chr4","110728830","110729139","KN296158v1","1175251","1175559","46","109553579"
"chr4","110778728","110779038","KN296062v1","1257821","1258128","34","109520907"
"chr4","110811678","110811969","KN297150v1","22218","22493","41","110789460"
"chr4","110879573","110879875","KN297150v1","100231","100523","29","110779342"
"chr4","110924057","110924361","KN297150v1","147886","148187","29","110776171"
"chr4","110940461","110940769","KN297150v1","175297","175588","39","110765164"
"chr4","110981751","110982048","KN297150v1","213946","214238","35","110767805"
"chr4","111037170","111037329","KN295284v1","109927","110084","25","110927243"
"chr4","111056723","111057011","KN297112v1","4708883","4709170","37","106347840"
"chr4","111071418","111071706","KN294407v1","598111","598399","45","110473307"
"chr4","111079110","111079396","KN294733v1","607498","607793","45","110471612"
"chr4","111087883","111088191","KN295814v1","1589520","1589831","33","109498363"
"chr4","111145292","111145573","KN294187v1","1918381","1918666","39","109226911"
"chr4","111154137","111154427","KN296311v1","1093395","1093684","51","110060742"
"chr4","111175635","111175926","KN294539v1","1287945","1288241","35","109887690"
"chr4","111181978","111182280","KN297023v1","480259","480560","39","110701719"
"chr4","111183039","111183338","KN296620v1","349918","350214","35","110833121"
"chr4","111188691","111188999","KN297154v1","88894","89201","37","111099797"
"chr4","111197542","111197835","KN294326v1","309006","309309","48","110888536"
"chr4","111200856","111201147","KN295079v1","803530","803818","47","110397326"
"chr4","111211121","111211428","KN295814v1","1588364","1588671","37","109622757"
"chr4","111213455","111213753","KN296682v1","1930392","1930690","31","109283063"
"chr4","111215710","111215997","KN296386v1","737025","737311","39","110478685"
"chr4","111216334","111216629","KN294262v1","1563960","1564257","36","109652374"
"chr4","111220105","111220404","KN296442v1","624754","625057","36","110595351"
"chr4","111237233","111237524","KN294842v1","983229","983521","48","110254004"
"chr4","111239622","111239903","KN295096v1","2965990","2966278","42","108273632"
"chr4","111244557","111244866","KN297023v1","480259","480560","34","110764298"
"chr4","111265995","111266286","KN296977v1","42110","42399","36","111223885"
"chr4","111285018","111285305","KN294539v1","1287945","1288241","36","109997073"
"chr4","111296518","111296825","KN295477v1","23872","24183","37","111272646"
"chr4","111329376","111329559","KN294911v1","3846799","3846969","34","107482577"
"chr4","111338639","111338938","KN295236v1","3390010","3390314","36","107948629"
"chr4","111356173","111356466","KN295480v1","1302107","1302401","41","110054066"
"chr4","111364321","111364634","KN296991v1","600652","600960","37","110763669"
"chr4","111365892","111366206","KN296948v1","1380864","1381173","46","109985028"
"chr4","111374784","111375100","KN295685v1","981186","981498","49","110393598"
"chr4","111396621","111396876","KN295171v1","355213","355468","49","111041408"
"chr4","111400926","111401234","KN295987v1","1336874","1337177","37","110064052"
"chr4","111439977","111440271","KN294257v1","2275244","2275540","38","109164733"
"chr4","111444542","111444826","KN296588v1","792094","792381","50","110652448"
"chr4","111492783","111493093","KN294172v1","3550057","3550360","41","107942726"
"chr4","111543162","111543467","KN297050v1","181609","181918","42","111361553"
"chr4","111565759","111566063","KN297159v1","1746938","1747242","39","109818821"
"chr4","111584171","111584456","KN294520v1","1707344","1707630","36","109876827"
"chr4","111618735","111619040","KN296311v1","2891003","2891305","36","108727732"
"chr4","111828792","111829085","KN296732v1","3826486","3826780","45","108002306"
"chr4","111886444","111886726","KN295706v1","133490","133776","40","111752954"
"chr4","111898110","111898416","KN294372v1","1389085","1389396","37","110509025"
"chr4","111969741","111970041","KN294571v1","890748","891049","36","111078993"
"chr4","111992105","111992418","KN296153v1","4052438","4052745","49","107939667"
"chr4","111995615","111995833","KN295406v1","275159","275372","47","111720456"
"chr4","112031062","112031354","KN295871v1","681623","681917","36","111349439"
"chr4","112040982","112041266","KN295977v1","193157","193443","42","111847825"
"chr4","112076623","112076933","KN294375v1","866092","866404","51","111210531"
"chr4","112108818","112109128","KN294911v1","1860297","1860603","40","110248521"
"chr4","112115567","112115830","KN296153v1","2044953","2045220","34","110070614"
"chr4","112118046","112118345","KN296496v1","988332","988629","31","111129714"
"chr4","112122616","112122900","KN296266v1","2875","3156","42","112119741"
"chr4","112139874","112140052","KN295075v1","627217","627394","26","111512657"
"chr4","112148802","112149116","KN295571v1","513084","513393","33","111635718"
"chr4","112162480","112162776","KN297398v1","23415","23711","26","112139065"
"chr4","112175068","112175305","KN295405v1","757351","757593","42","111417717"
"chr4","112190227","112190467","KN296495v1","427199","427420","52","111763028"
"chr4","112191197","112191497","KN296498v1","95172","95471","31","112096025"
"chr4","112192998","112193293","KN296557v1","13515","13811","30","112179483"
"chr4","112219253","112219547","KN297398v1","78687","78983","16","112140566"
"chr4","112231852","112232164","KN297398v1","90316","90629","32","112141536"
"chr4","112238677","112238977","KN297398v1","96817","97112","35","112141860"
"chr4","112241473","112241775","KN294966v1","57136","57441","31","112184337"
"chr4","112274593","112274891","KN296913v1","1781825","1782129","35","110492768"
"chr4","112291341","112291653","KN294705v1","1537713","1538021","42","110753628"
"chr4","112306954","112307245","KN297398v1","158617","158906","39","112148337"
"chr4","112307912","112308188","KN297398v1","159563","159837","18","112148349"
"chr4","112310722","112310993","KN294251v1","1151512","1151787","30","111159210"
"chr4","112314216","112314518","KN297398v1","166239","166542","30","112147977"
"chr4","112350354","112350640","KN295831v1","133866","134154","44","112216488"
"chr4","112352292","112352578","KN294326v1","619990","620278","34","111732302"
"chr4","112370300","112370601","KN296833v1","30824","31126","30","112339476"
"chr4","112378407","112378707","KN295666v1","358169","358475","43","112020238"
"chr4","112404911","112405159","KN295405v1","757351","757593","39","111647560"
"chr4","112413335","112413625","KN295923v1","880754","881043","34","111532581"
"chr4","112432456","112432763","KN294193v1","774395","774701","30","111658061"
"chr4","112473103","112473387","KN296508v1","659940","660226","35","111813163"
"chr4","112525878","112526173","KN296926v1","728665","728961","43","111797213"
"chr4","112571069","112571380","KN297203v1","1154426","1154737","39","111416643"
"chr4","112660433","112660717","KN296192v1","176651","176935","43","112483782"
"chr4","112744388","112744686","KN297227v1","969306","969606","41","111775082"
"chr4","112770364","112770660","KN296079v1","861903","862202","34","111908461"
"chr4","112792908","112793204","KN294470v1","2136945","2137241","30","110655963"
"chr4","112815446","112815761","KN296486v1","1318978","1319291","44","111496468"
"chr4","112816654","112816954","KN294193v1","425211","425504","34","112391443"
"chr4","112819163","112819469","KN295038v1","1353081","1353390","43","111466082"
"chr4","112821044","112821257","KN295977v1","1276894","1277103","46","111544150"
"chr4","112825515","112825822","KN296158v1","1175251","1175559","35","111650264"
"chr4","112851238","112851544","KN294456v1","1098138","1098439","37","111753100"
"chr4","112854461","112854787","KN295459v1","1030536","1030859","48","111823925"
"chr4","112862361","112862671","KN295893v1","7000895","7001206","40","105861466"
"chr4","112873158","112873455","KN296442v1","420929","421232","43","112452229"
"chr4","112880319","112880619","KN294169v1","74418","74723","32","112805901"
"chr4","112883965","112884262","KN297276v1","143691","143993","29","112740274"
"chr4","112894768","112895005","KN295405v1","757351","757593","35","112137417"
"chr4","112913123","112913432","KN296900v1","443524","443828","42","112469599"
"chr4","112914634","112914934","KN295114v1","157283","157573","49","112757351"
"chr4","112923751","112924028","KN297046v1","1541933","1542216","35","111381818"
"chr4","112938427","112938724","KN296859v1","1348182","1348474","36","111590245"
"chr4","112941990","112942290","KN297159v1","1333228","1333529","35","111608762"
"chr4","112961263","112961549","KN295729v1","826689","826980","44","112134574"
"chr4","113062550","113062785","KN295835v1","199186","199432","46","112863364"
"chr4","113089479","113089785","KN294705v1","430220","430521","39","112659259"
"chr4","113090450","113090692","KN297154v1","1017436","1017681","35","112073014"
"chr4","113110400","113110711","KN295301v1","761923","762233","44","112348477"
"chr4","113130449","113130753","KN294848v1","512947","513252","39","112617502"
"chr4","113286139","113286471","KN294790v1","5868297","5868622","50","107417842"
"chr4","113316877","113317172","KN294193v1","1004756","1005052","43","112312121"
"chr4","113484257","113484559","KN295301v1","716124","716425","36","112768133"
"chr4","114072294","114072468","KN294957v1","73265","73439","29","113999029"
"chr4","114115224","114115513","KN294325v1","869926","870221","51","113245298"
"chr4","114142356","114142622","KN295637v1","330898","331165","53","113811458"
"chr4","114299301","114299615","KN294170v1","84454","84765","45","114214847"
"chr4","114311857","114312170","KN295929v1","457065","457374","44","113854792"
"chr4","114336792","114337088","KN295977v1","1404071","1404366","42","112932721"
"chr4","114384373","114384656","KN294172v1","4191553","4191833","42","110192820"
"chr4","114407935","114408237","KN295735v1","173165","173463","42","114234770"
"chr4","114535944","114536258","KN295236v1","1874370","1874678","49","112661574"
"chr4","114664341","114664628","KN297192v1","228952","229243","45","114435389"
"chr4","114692598","114692885","KN294244v1","56461","56743","37","114636137"
"chr4","114733982","114734288","KN294548v1","1161001","1161308","41","113572981"
"chr4","114739150","114739460","KN294446v1","564777","565084","47","114174373"
"chr4","114740921","114741229","KN294856v1","158144","158448","39","114582777"
"chr4","114747890","114748178","KN295708v1","819478","819779","47","113928412"
"chr4","114782753","114783032","KN295117v1","137860","138140","41","114644893"
"chr4","114803252","114803547","KN296682v1","4871116","4871412","31","109932136"
"chr4","114868043","114868348","KN295319v1","719704","720006","50","114148339"
"chr4","114881153","114881439","KN295729v1","826689","826980","32","114054464"
"chr4","115043831","115044133","KN296486v1","235023","235326","41","114808808"
"chr4","115100359","115100646","KN295096v1","2965990","2966278","30","112134369"
"chr4","115101899","115102207","KN295091v1","2259731","2260040","52","112842168"
"chr4","115117057","115117331","KN297038v1","252214","252490","50","114864843"
"chr4","115167862","115168141","KN294390v1","9177","9458","33","115158685"
"chr4","115172451","115172753","KN294831v1","581586","581892","35","114590865"
"chr4","115172986","115173217","KN295405v1","757351","757593","47","114415635"
"chr4","115183228","115183503","KN297444v1","752729","753006","51","114430499"
"chr4","115189837","115190139","KN296588v1","938682","938981","41","114251155"
"chr4","115202939","115203219","KN296225v1","121896","122180","38","115081043"
"chr4","115203455","115203751","KN294501v1","4140225","4140518","41","111063230"
"chr4","115251985","115252290","KN295301v1","716124","716425","29","114535861"
"chr4","115262860","115263178","KN297274v1","325539","325849","50","114937321"
"chr4","115265810","115266112","KN296682v1","4969389","4969694","36","110296421"
"chr4","115267469","115267769","KN295480v1","1302107","1302401","37","113965362"
"chr4","115277229","115277528","KN297184v1","693471","693773","48","114583758"
"chr4","115301347","115301619","KN294863v1","436560","436834","35","114864787"
"chr4","115308206","115308427","KN294539v1","456068","456297","31","114852138"
"chr4","115320990","115321309","KN294613v1","327601","327901","45","114993389"
"chr4","115330004","115330301","KN295320v1","284152","284448","38","115045852"
"chr4","115349638","115349936","KN295430v1","1217885","1218183","42","114131753"
"chr4","115350583","115350886","KN294185v1","146786","147087","43","115203797"
"chr4","115352128","115352400","KN295633v1","1133330","1133601","38","114218798"
"chr4","115360685","115360986","KN294710v1","68748","69053","41","115291937"
"chr4","115364681","115364970","KN295394v1","556635","556929","40","114808046"
"chr4","115369760","115370036","KN297171v1","2628817","2629092","32","112740943"
"chr4","115371370","115371675","KN295666v1","873327","873629","39","114498043"
"chr4","115377234","115377545","KN296635v1","2387021","2387331","34","112990213"
"chr4","115380641","115380947","KN295112v1","126862","127165","37","115253779"
"chr4","115396694","115396876","KN295236v1","3402541","3402725","29","111994153"
"chr4","115403298","115403597","KN294571v1","2603456","2603755","49","112799842"
"chr4","115404470","115404755","KN296153v1","2393235","2393519","40","113011235"
"chr4","115427010","115427183","KN294957v1","73265","73439","33","115353745"
"chr4","115431308","115431533","KN296426v1","64367","64561","53","115366941"
"chr4","115458091","115458394","KN295607v1","4377455","4377758","36","111080636"
"chr4","115492515","115492826","KN296119v1","5128838","5129148","36","110363677"
"chr4","115515465","115515764","KN294571v1","1575904","1576204","39","113939561"
"chr4","115520809","115521118","KN294372v1","299717","300027","46","115221092"
"chr4","115589352","115589648","KN295871v1","681623","681917","35","114907729"
"chr4","115620119","115620405","KN295420v1","384089","384371","41","115236030"
"chr4","115628784","115629080","KN294561v1","1084406","1084703","35","114544378"
"chr4","115726245","115726541","KN295984v1","1716754","1717059","43","114009491"
"chr4","115733170","115733469","KN294964v1","1171001","1171302","48","114562169"
"chr4","115746673","115746955","KN295236v1","1584341","1584613","54","114162332"
"chr4","115832618","115832926","KN295735v1","713972","714275","45","115118646"
"chr4","115860897","115861187","KN297458v1","476217","476510","34","115384680"
"chr4","115916209","115916354","KN294842v1","339036","339185","26","115577173"
"chr4","116025158","116025457","KN296311v1","2834706","2835009","29","113190452"
"chr4","116056648","116056938","KN296484v1","596826","597118","34","115459822"
"chr4","116084712","116085002","KN294229v1","110402","110697","36","115974310"
"chr4","116132367","116132670","KN295828v1","930975","931278","42","115201392"
"chr4","116167044","116167343","KN296487v1","131647","131949","31","116035397"
"chr4","116170147","116170441","KN297320v1","271981","272275","36","115898166"
"chr4","116256677","116256987","KN295893v1","1528764","1529075","36","114727913"
"chr4","116261113","116261298","KN296426v1","64367","64561","37","116196746"
"chr4","116353895","116354179","KN295102v1","376622","376901","44","115977273"
"chr4","116459172","116459445","KN295962v1","1590376","1590658","44","114868796"
"chr4","116505881","116506191","KN294251v1","2202248","2202548","61","114303633"
"chr4","116815182","116815491","KN294630v1","349899","350210","36","116465283"
"chr4","116895744","116896046","KN296145v1","740136","740436","39","116155608"
"chr4","116995594","116995902","KN296187v1","1449091","1449391","40","115546503"
"chr4","117140914","117141225","KN296847v1","511055","511365","37","116629859"
"chr4","117204870","117205165","KN294662v1","54879","55172","35","117149991"
"chr4","117269682","117269983","KN295343v1","729289","729587","35","116540393"
"chr4","117355189","117355450","KN295671v1","190192","190451","48","117164997"
"chr4","117392626","117392935","KN297133v1","962541","962849","41","116430085"
"chr4","117529612","117529919","KN294264v1","87223","87534","36","117442389"
"chr4","117540678","117540980","KN296498v1","95172","95471","31","117445506"
"chr4","117666774","117666996","KN296426v1","64367","64561","50","117602407"
"chr4","117777140","117777426","KN294499v1","1090727","1090996","59","116686413"
"chr4","117879873","117880159","KN294239v1","344639","344929","38","117535234"
"chr4","117915239","117915542","KN294172v1","3983440","3983739","41","113931799"
"chr4","118084852","118085153","KN295301v1","716124","716425","38","117368728"
"chr4","118115425","118115721","KN294372v1","210408","210709","47","117905017"
"chr4","118281279","118281593","KN294434v1","711034","711345","45","117570245"
"chr4","118376976","118377271","KN294842v1","884577","884872","53","117492399"
"chr4","118398684","118398988","KN296495v1","976070","976371","40","117422614"
"chr4","118424562","118424878","KN296460v1","1493931","1494242","50","116930631"
"chr4","118605041","118605344","KN294456v1","1098138","1098439","43","117506903"
"chr4","118700838","118701140","KN294693v1","725536","725835","52","117975302"
"chr4","118746835","118747139","KN294842v1","1466394","1466697","53","117280441"
"chr4","118857102","118857402","KN295352v1","67358","67655","41","118789744"
"chr4","118870404","118870695","KN296119v1","2885918","2886213","40","115984486"
"chr4","118909438","118909710","KN296315v1","180047","180329","55","118729391"
"chr4","119021846","119022148","KN294470v1","1297355","1297656","44","117724491"
"chr4","119031826","119032124","KN295523v1","2641149","2641450","49","116390677"
"chr4","119088035","119088346","KN295523v1","669363","669671","48","118418672"
"chr4","119160185","119160457","KN296096v1","1665443","1665719","46","117494742"
"chr4","119237846","119238139","KN295729v1","826689","826980","30","118411157"
"chr4","119297578","119297876","KN296357v1","559775","560070","43","118737803"
"chr4","119306022","119306321","KN294457v1","990718","991014","40","118315304"
"chr4","119367934","119368173","KN294713v1","612192","612418","42","118755742"
"chr4","119386854","119387145","KN294325v1","1015803","1016101","44","118371051"
"chr4","119428957","119429239","KN295907v1","1866654","1866935","39","117562303"
"chr4","119430501","119430792","KN295967v1","606893","607186","38","118823608"
"chr4","119577940","119578242","KN297442v1","1612430","1612738","44","117965510"
"chr4","119695256","119695548","KN295744v1","671248","671541","39","119024008"
"chr4","119891085","119891377","KN295729v1","826689","826980","34","119064396"
"chr4","119938993","119939303","KN296442v1","544547","544851","34","119394446"
"chr4","119941989","119942291","KN295896v1","38179","38469","44","119903810"
"chr4","119971502","119971792","KN294443v1","441739","442042","42","119529763"
"chr4","120165926","120166220","KN295828v1","96245","96546","37","120069681"
"chr4","120227515","120227789","KN295828v1","153013","153293","27","120074502"
"chr4","120234526","120234684","KN294685v1","1346353","1346519","28","118888173"
"chr4","120368844","120369161","KN295922v1","130002","130315","40","120238842"
"chr4","120399320","120399624","KN296503v1","539763","540066","38","119859557"
"chr4","120491068","120491376","KN295301v1","761923","762233","34","119729145"
"chr4","120645229","120645522","KN294991v1","1838724","1839016","36","118806505"
"chr4","120654740","120655021","KN297274v1","1023468","1023763","46","119631272"
"chr4","120838940","120839242","KN294893v1","266299","266600","36","120572641"
"chr4","120898942","120899228","KN295828v1","793278","793564","21","120105664"
"chr4","120902615","120902912","KN297133v1","1416725","1417022","36","119485890"
"chr4","120937365","120937560","KN296495v1","510488","510677","33","120426877"
"chr4","120966089","120966399","KN294957v1","62097","62408","30","120903992"
"chr4","120979103","120979384","KN295828v1","875083","875363","21","120104020"
"chr4","121018434","121018743","KN295828v1","914712","915015","25","120103722"
"chr4","121036962","121037269","KN295828v1","930975","931278","27","120105987"
"chr4","121043205","121043511","KN295107v1","1214347","1214649","51","119828858"
"chr4","121053366","121053679","KN295057v1","262113","262411","51","120791253"
"chr4","121083225","121083523","KN294407v1","3027269","3027567","33","118055956"
"chr4","121089543","121089842","KN296311v1","854862","855163","33","120234681"
"chr4","121105424","121105690","KN294705v1","1289063","1289321","51","119816361"
"chr4","121109453","121109768","KN295828v1","998283","998593","35","120111170"
"chr4","121131764","121132065","KN295828v1","1020226","1020529","25","120111538"
"chr4","121138610","121138900","KN295828v1","1026333","1026620","17","120112277"
"chr4","121186202","121186499","KN297112v1","5367744","5368040","38","115818458"
"chr4","121251455","121251781","KN295102v1","276104","276435","62","120975351"
"chr4","121358090","121358390","KN295828v1","1259582","1259879","49","120098508"
"chr4","121376839","121377150","KN297008v1","1419999","1420309","33","119956840"
"chr4","121433127","121433431","KN295828v1","1331680","1331984","30","120101447"
"chr4","121471282","121471577","KN295090v1","2525567","2525862","41","118945715"
"chr4","121524316","121524542","KN294499v1","1236020","1236264","58","120288296"
"chr4","121526113","121526280","KN296620v1","725178","725346","19","120800935"
"chr4","121552858","121553155","KN295828v1","1441820","1442121","23","120111038"
"chr4","121564618","121564930","KN295828v1","1453268","1453577","25","120111350"
"chr4","121570711","121571008","KN295729v1","826689","826980","35","120744022"
"chr4","121599383","121599679","KN294172v1","6382721","6383027","47","115216662"
"chr4","121600141","121600432","KN295719v1","67106","67390","43","121533035"
"chr4","121602462","121602764","KN295828v1","1491806","1492101","36","120110656"
"chr4","121609181","121609476","KN294592v1","84860","85157","33","121524321"
"chr4","121616234","121616537","KN295171v1","1190015","1190320","32","120426219"
"chr4","121719503","121719773","KN295828v1","1617454","1617730","39","120102049"
"chr4","121721577","121721885","KN295735v1","1160753","1161064","36","120560824"
"chr4","121785355","121785660","KN295758v1","675791","676094","22","121109564"
"chr4","121832319","121832612","KN296795v1","1228994","1229286","41","120603325"
"chr4","121854283","121854506","KN297186v1","50383","50628","51","121803900"
"chr4","121859931","121860219","KN296316v1","265694","265986","42","121594237"
"chr4","121860963","121861243","KN296122v1","387098","387375","35","121473865"
"chr4","121863390","121863684","KN296316v1","273134","273441","39","121590256"
"chr4","121870889","121871201","KN294991v1","1180582","1180885","43","120690307"
"chr4","122024267","122024567","KN295828v1","1773303","1773602","28","120250964"
"chr4","122165700","122165991","KN295828v1","1918777","1919071","42","120246923"
"chr4","122232514","122232812","KN297032v1","184087","184386","42","122048427"
"chr4","122330443","122330751","KN295828v1","2080595","2080914","40","120249848"
"chr4","122443281","122443595","KN295828v1","2193165","2193475","26","120250116"
"chr4","122467115","122467411","KN294790v1","11412","11701","41","122455703"
"chr4","122468211","122468515","KN294957v1","62097","62408","42","122406114"
"chr4","122518479","122518786","KN294761v1","1564747","1565053","44","120953732"
"chr4","122541984","122542286","KN295828v1","2306121","2306423","20","120235863"
"chr4","122563186","122563493","KN296774v1","773042","773349","30","121790144"
"chr4","122580582","122580870","KN294182v1","571951","572239","40","122008631"
"chr4","122619052","122619345","KN296774v1","717379","717674","31","121901673"
"chr4","122677555","122677854","KN296774v1","669424","669718","27","122008131"
"chr4","122740294","122740604","KN297008v1","2754056","2754362","39","119986238"
"chr4","122751069","122751275","KN294713v1","896268","896483","39","121854801"
"chr4","122782637","122782934","KN296774v1","572475","572782","34","122210162"
"chr4","122833722","122834030","KN294911v1","1860297","1860603","44","120973425"
"chr4","123141004","123141310","KN296774v1","200019","200337","40","122940985"
"chr4","123151461","123151762","KN296774v1","189516","189822","32","122961945"
"chr4","123210618","123210927","KN296774v1","133358","133657","32","123077260"
"chr4","123220183","123220468","KN295405v1","1088074","1088353","47","122132109"
"chr4","123324625","123324856","KN295967v1","625826","626071","46","122698799"
"chr4","123333754","123334023","KN296774v1","20148","20429","40","123313606"
"chr4","123358204","123358514","KN296643v1","47618","47923","44","123310586"
"chr4","123376568","123376816","KN295251v1","25251","25505","37","123351317"
"chr4","123385381","123385680","KN295251v1","34414","34717","31","123350967"
"chr4","123398080","123398389","KN294964v1","2029983","2030291","30","121368097"
"chr4","123404425","123404728","KN296154v1","1342310","1342608","40","122062115"
"chr4","123407882","123408191","KN294501v1","1536446","1536747","44","121871436"
"chr4","123567125","123567430","KN295251v1","206188","206489","29","123360937"
"chr4","123579580","123579881","KN296424v1","51364","51665","41","123528216"
"chr4","123579882","123580055","KN297133v1","739701","739867","29","122840181"
"chr4","123626726","123627019","KN295251v1","274452","274759","37","123352274"
"chr4","123650794","123651089","KN294526v1","334958","335253","47","123315836"
"chr4","123653156","123653459","KN294581v1","619147","619445","44","123034009"
"chr4","123680057","123680341","KN295251v1","326142","326425","30","123353915"
"chr4","123691356","123691641","KN295251v1","337523","337809","17","123353833"
"chr4","123703100","123703355","KN295090v1","2882133","2882386","47","120820967"
"chr4","123751678","123751925","KN294548v1","358515","358762","37","123393163"
"chr4","123767094","123767389","KN295365v1","1057976","1058291","36","122709118"
"chr4","123787404","123787685","KN295365v1","1034464","1034747","26","122752940"
"chr4","123827611","123827911","KN296460v1","655364","655663","35","123172247"
"chr4","123897287","123897590","KN294705v1","211987","212294","52","123685300"
"chr4","124043276","124043581","KN295633v1","323295","323596","42","123719981"
"chr4","124059156","124059321","KN296481v1","376034","376200","24","123683122"
"chr4","124096908","124097232","KN296311v1","3556438","3556761","48","120540470"
"chr4","124103251","124103551","KN295846v1","24517","24819","26","124078734"
"chr4","124119565","124119870","KN294387v1","2064434","2064739","41","122055131"
"chr4","124157796","124158058","KN295988v1","875799","876060","42","123281997"
"chr4","124186032","124186339","KN296732v1","3243055","3243359","33","120942977"
"chr4","124197671","124197960","KN295365v1","734177","734466","11","123463494"
"chr4","124220091","124220386","KN295365v1","713239","713533","20","123506852"
"chr4","124268011","124268318","KN295365v1","665425","665716","40","123602586"
"chr4","124303184","124303420","KN295365v1","624568","624810","26","123678616"
"chr4","124332698","124332879","KN294957v1","73265","73439","38","124259433"
"chr4","124335850","124336123","KN295365v1","589937","590231","38","123745913"
"chr4","124386420","124386721","KN295365v1","538164","538462","24","123848256"
"chr4","124421062","124421370","KN295405v1","69847","70144","48","124351215"
"chr4","124438048","124438348","KN295365v1","488750","489054","29","123949298"
"chr4","124517620","124517920","KN295365v1","403312","403611","28","124114308"
"chr4","124637952","124638256","KN297023v1","480259","480560","32","124157693"
"chr4","124646289","124646595","KN297158v1","212439","212742","42","124433850"
"chr4","124744147","124744438","KN295365v1","174151","174444","20","124569996"
"chr4","124761990","124762286","KN295573v1","1785247","1785545","44","122976743"
"chr4","124878490","124878789","KN295365v1","25425","25725","19","124853065"
"chr4","124888933","124889229","KN295365v1","14974","15256","43","124873959"
"chr4","124897624","124897932","KN295365v1","6245","6556","30","124891379"
"chr4","124934513","124934681","KN296311v1","7188511","7188676","29","117746002"
"chr4","124938657","124938971","KN295356v1","32905","33206","39","124905752"
"chr4","124939756","124940069","KN295356v1","33965","34269","31","124905791"
"chr4","124953640","124953945","KN294456v1","1098138","1098439","37","123855502"
"chr4","124973194","124973477","KN295356v1","59810","60076","34","124913384"
"chr4","125021276","125021568","KN296508v1","659940","660226","37","124361336"
"chr4","125059915","125060221","KN295090v1","126321","126630","32","124933594"
"chr4","125112725","125113019","KN296153v1","1090111","1090408","42","124022614"
"chr4","125115826","125116137","KN295356v1","191355","191671","27","124924471"
"chr4","125187586","125187872","KN296158v1","512983","513270","42","124674603"
"chr4","125208630","125208915","KN295356v1","292958","293250","26","124915672"
"chr4","125263928","125264214","KN294662v1","218243","218524","39","125045685"
"chr4","125271965","125272272","KN297047v1","3064349","3064649","55","122207616"
"chr4","125274406","125274703","KN295731v1","46961","47258","40","125227445"
"chr4","125281499","125281769","KN295356v1","376067","376328","22","124905432"
"chr4","125293236","125293530","KN295294v1","100097","100393","45","125193139"
"chr4","125534115","125534324","KN295424v1","586223","586460","60","124947892"
"chr4","125614911","125615218","KN295893v1","5868753","5869051","38","119746158"
"chr4","125622244","125622471","KN295356v1","703824","704044","16","124918420"
"chr4","125631209","125631504","KN296743v1","376473","376771","32","125254736"
"chr4","125649543","125649845","KN295356v1","728488","728797","26","124921055"
"chr4","125655532","125655829","KN297023v1","480259","480560","36","125175273"
"chr4","125661225","125661476","KN296883v1","3353450","3353703","42","122307775"
"chr4","125737178","125737468","KN295356v1","813410","813702","29","124923768"
"chr4","125782469","125782778","KN295356v1","862606","862914","22","124919863"
"chr4","125814717","125814988","KN295356v1","896324","896606","31","124918393"
"chr4","125844964","125845266","KN294761v1","363307","363610","40","125481657"
"chr4","125847193","125847489","KN295708v1","2784035","2784327","36","123063158"
"chr4","125850486","125850795","KN295090v1","126321","126630","42","125724165"
"chr4","125868832","125869131","KN296643v1","47618","47923","41","125821214"
"chr4","125978396","125978703","KN295090v1","1590934","1591232","34","124387462"
"chr4","125990834","125991118","KN295356v1","1063404","1063697","34","124927430"
"chr4","126048305","126048605","KN297154v1","1039874","1040175","36","125008431"
"chr4","126066613","126066906","KN294444v1","166708","167002","39","125899905"
"chr4","126088249","126088553","KN295356v1","1158316","1158612","24","124929933"
"chr4","126153988","126154294","KN295356v1","1221779","1222076","33","124932209"
"chr4","126164686","126164988","KN296311v1","768493","768797","36","125396193"
"chr4","126197093","126197398","KN295356v1","1258737","1259038","21","124938356"
"chr4","126216233","126216521","KN297233v1","1049247","1049539","64","125166986"
"chr4","126229950","126230242","KN295356v1","1289626","1289909","32","124940324"
"chr4","126264343","126264636","KN297320v1","271981","272275","37","125992362"
"chr4","126285409","126285709","KN295356v1","1342656","1342949","33","124942753"
"chr4","126347675","126347967","KN295356v1","1404076","1404367","26","124943599"
"chr4","126364892","126365195","KN296643v1","601680","601977","39","125763212"
"chr4","126381226","126381543","KN295356v1","1446430","1446732","35","124934796"
"chr4","126432745","126433045","KN295356v1","1508980","1509291","31","124923765"
"chr4","126495311","126495591","KN295356v1","1586206","1586489","23","124909105"
"chr4","126613101","126613334","KN295967v1","625826","626071","57","125987275"
"chr4","126776803","126777100","KN295871v1","615076","615373","30","126161727"
"chr4","126781909","126782187","KN295066v1","50011","50292","27","126731898"
"chr4","126932165","126932222","KN296096v1","2690101","2690141","26","124242064"
"chr4","127045713","127045935","KN295441v1","1457453","1457675","31","125588260"
"chr4","127211149","127211456","KN295326v1","192748","193053","38","127018401"
"chr4","127293765","127294041","KN294269v1","40647","40923","48","127253118"
"chr4","127294945","127295278","KN294245v1","468467","468778","64","126826478"
"chr4","127350132","127350435","KN294803v1","119274","119577","42","127230858"
"chr4","127360421","127360724","KN295022v1","967812","968117","37","126392609"
"chr4","127489053","127489370","KN296934v1","764547","764871","48","126724506"
"chr4","127525542","127525846","KN295893v1","1265746","1266047","45","126259796"
"chr4","127533597","127533887","KN294199v1","38340","38633","42","127495257"
"chr4","127547736","127548015","KN296138v1","452937","453216","33","127094799"
"chr4","127594327","127594610","KN294407v1","3162557","3162840","41","124431770"
"chr4","127598047","127598345","KN294193v1","1004756","1005052","35","126593291"
"chr4","127660752","127661063","KN296145v1","3430721","3431032","37","124230031"
"chr4","127679801","127680022","KN295967v1","625826","626071","60","127053975"
"chr4","128170434","128170641","KN296922v1","586233","586425","44","127584201"
"chr4","128184729","128185033","KN296108v1","367713","368015","44","127817016"
"chr4","128209857","128210021","KN295930v1","759567","759739","43","127450290"
"chr4","128285636","128285947","KN295586v1","1244707","1245017","40","127040929"
"chr4","128314369","128314662","KN294181v1","1209683","1209978","36","127104686"
"chr4","128339221","128339523","KN294848v1","1128283","1128587","43","127210938"
"chr4","128385440","128385734","KN295871v1","681623","681917","39","127703817"
"chr4","128625600","128625899","KN294527v1","283192","283491","39","128342408"
"chr4","128853038","128853289","KN295243v1","7102","7343","46","128845936"
"chr4","128931663","128931960","KN295708v1","1536667","1536965","34","127394996"
"chr4","128980132","128980343","KN294647v1","164580","164787","44","128815552"
"chr4","129031759","129032045","KN294501v1","173182","173470","42","128858577"
"chr4","129106425","129106733","KN295343v1","729289","729587","40","128377136"
"chr4","129159668","129159982","KN296948v1","1380864","1381173","50","127778804"
"chr4","129282626","129282928","KN296682v1","1930392","1930690","40","127352234"
"chr4","129347842","129348142","KN295198v1","274974","275272","45","129072868"
"chr4","129399312","129399622","KN296287v1","119329","119630","36","129279983"
"chr4","129417454","129417749","KN296732v1","3826486","3826780","47","125590968"
"chr4","129438724","129439028","KN297008v1","1825305","1825608","49","127613419"
"chr4","129464013","129464279","KN296825v1","1477546","1477806","43","127986467"
"chr4","129484045","129484341","KN294539v1","1287945","1288241","36","128196100"
"chr4","129627740","129628034","KN296739v1","142345","142637","32","129485395"
"chr4","129639159","129639429","KN295352v1","56941","57215","40","129582218"
"chr4","129642909","129643197","KN297112v1","4708883","4709170","36","124934026"
"chr4","129743630","129743931","KN294367v1","7439","7744","40","129736191"
"chr4","130039781","130040078","KN296025v1","193216","193515","41","129846565"
"chr4","130042336","130042612","KN296153v1","2393235","2393519","42","127649101"
"chr4","130042763","130043048","KN296153v1","205526","205810","37","129837237"
"chr4","130223738","130224057","KN297310v1","128158","128466","39","130095580"
"chr4","130226818","130227100","KN294372v1","168612","168887","41","130058206"
"chr4","130336737","130337036","KN297310v1","20581","20887","34","130316156"
"chr4","130371857","130372128","KN296682v1","695643","695915","32","129676214"
"chr4","130416025","130416320","KN295107v1","805969","806258","46","129610056"
"chr4","130417497","130417781","KN294991v1","1974815","1975107","47","128442682"
"chr4","130433569","130433857","KN294407v1","598111","598399","39","129835458"
"chr4","130438746","130439044","KN294647v1","86520","86810","27","130352226"
"chr4","130450164","130450377","KN295406v1","275159","275372","53","130175005"
"chr4","130450378","130450646","KN294647v1","99307","99589","33","130351071"
"chr4","130455503","130455806","KN294647v1","104887","105181","40","130350616"
"chr4","130484211","130484505","KN294647v1","133007","133301","29","130351204"
"chr4","130493947","130494237","KN294181v1","1703148","1703437","39","128790799"
"chr4","130494905","130495176","KN294647v1","146252","146525","25","130348653"
"chr4","130497972","130498276","KN296158v1","1175251","1175559","44","129322721"
"chr4","130505658","130505937","KN297190v1","1120539","1120821","33","129385119"
"chr4","130505938","130506247","KN294831v1","581586","581892","42","129924352"
"chr4","130526405","130526693","KN295666v1","193919","194208","45","130332486"
"chr4","130542189","130542349","KN294598v1","109238","109402","20","130432951"
"chr4","130542616","130542865","KN296075v1","244693","244958","47","130297923"
"chr4","130546550","130546839","KN294647v1","195855","196158","37","130350695"
"chr4","130548574","130548876","KN294457v1","990718","991014","41","129557856"
"chr4","130551164","130551463","KN294571v1","1575904","1576204","35","128975260"
"chr4","130555000","130555298","KN294647v1","203684","203989","29","130351316"
"chr4","130563525","130563798","KN295592v1","1986950","1987223","34","128576575"
"chr4","130565835","130566136","KN296487v1","131647","131949","36","130434188"
"chr4","130569265","130569536","KN295243v1","1473974","1474238","35","129095291"
"chr4","130582982","130583282","KN296386v1","329660","329960","30","130253322"
"chr4","130583542","130583865","KN295869v1","1483001","1483321","49","129100541"
"chr4","130599194","130599480","KN296588v1","27241","27528","35","130571953"
"chr4","130599609","130599919","KN295586v1","1244707","1245017","50","129354902"
"chr4","130606763","130607054","KN294470v1","2136945","2137241","42","128469818"
"chr4","130610853","130611164","KN297180v1","1130196","1130504","35","129480657"
"chr4","130613727","130614029","KN294790v1","163386","163690","33","130450341"
"chr4","130614602","130614912","KN295814v1","898642","898947","39","129715960"
"chr4","130621587","130621882","KN296153v1","2873301","2873603","49","127748286"
"chr4","130622360","130622659","KN297304v1","54786","55087","34","130567574"
"chr4","130648794","130649075","KN294647v1","86520","86810","42","130562274"
"chr4","130665815","130666103","KN294747v1","746231","746516","46","129919584"
"chr4","130692256","130692553","KN294443v1","441739","442042","44","130250517"
"chr4","130711336","130711634","KN295057v1","262113","262411","39","130449223"
"chr4","130714902","130715196","KN296009v1","1147876","1148169","36","129567026"
"chr4","130790284","130790580","KN294218v1","2833833","2834132","36","127956451"
"chr4","130791746","130792044","KN296430v1","1136125","1136422","44","129655621"
"chr4","130847275","130847586","KN296261v1","471107","471412","36","130376168"
"chr4","130853494","130853792","KN294917v1","405138","405434","35","130448356"
"chr4","131076950","131077250","KN294571v1","1575904","1576204","37","129501046"
"chr4","131128600","131128898","KN294239v1","344639","344929","40","130783961"
"chr4","131146320","131146623","KN296852v1","128578","128879","43","131017742"
"chr4","131164491","131164752","KN295243v1","1473974","1474238","46","129690517"
"chr4","131199964","131200124","KN295605v1","636726","636920","58","130563238"
"chr4","131200221","131200288","KN296948v1","866449","866522","16","130333772"
"chr4","131236351","131236648","KN297408v1","492614","492900","46","130743737"
"chr4","131262361","131262650","KN297304v1","54786","55087","40","131207575"
"chr4","131276194","131276493","KN296926v1","728665","728961","48","130547529"
"chr4","131287985","131288288","KN296635v1","1924412","1924709","41","129363573"
"chr4","131309786","131310068","KN295898v1","509932","510216","33","130799854"
"chr4","131312898","131313180","KN296795v1","813243","813524","46","130499655"
"chr4","131315157","131315462","KN295633v1","2352774","2353077","38","128962383"
"chr4","131347910","131348188","KN294366v1","429818","430102","35","130918092"
"chr4","131359961","131360269","KN296158v1","1175251","1175559","41","130184710"
"chr4","131367673","131367990","KN294407v1","3027269","3027567","58","128340404"
"chr4","131368602","131368888","KN295996v1","436206","436492","47","130932396"
"chr4","131401230","131401566","KN294499v1","1858422","1858750","52","129542808"
"chr4","131413052","131413352","KN295607v1","4377455","4377758","37","127035597"
"chr4","131457716","131457984","KN296538v1","1698817","1699083","39","129758899"
"chr4","131502007","131502291","KN294269v1","1190734","1191020","33","130311273"
"chr4","131578878","131579180","KN295326v1","192748","193053","40","131386130"
"chr4","131673309","131673611","KN297154v1","1039874","1040175","43","130633435"
"chr4","131719094","131719400","KN294705v1","430220","430521","38","131288874"
"chr4","131777266","131777568","KN294257v1","1771672","1771973","42","130005594"
"chr4","131960539","131960836","KN295257v1","1225806","1226107","39","130734733"
"chr4","131985233","131985561","KN296934v1","764547","764871","48","131220686"
"chr4","132178162","132178456","KN294561v1","1084406","1084703","30","131093756"
"chr4","132318219","132318524","KN295236v1","5356462","5356765","41","126961757"
"chr4","132347786","132348071","KN294287v1","482991","483280","42","131864795"
"chr4","132533802","132534101","KN294420v1","822079","822371","39","131711723"
"chr4","132601151","132601458","KN296643v1","601680","601977","43","131999471"
"chr4","132844013","132844291","KN294193v1","568677","568960","47","132275336"
"chr4","132845351","132845646","KN296036v1","769191","769486","38","132076160"
"chr4","132950013","132950271","KN295717v1","1445363","1445625","53","131504650"
"chr4","132984304","132984600","KN294526v1","334958","335253","40","132649346"
"chr4","133041929","133042201","KN296541v1","877667","877931","40","132164262"
"chr4","133061235","133061520","KN295941v1","44273","44557","49","133016962"
"chr4","133064647","133064963","KN294325v1","1015803","1016101","50","132048844"
"chr4","133110064","133110353","KN296495v1","1196118","1196407","43","131913946"
"chr4","133158040","133158321","KN296460v1","1089061","1089340","32","132068979"
"chr4","133160573","133160854","KN296460v1","1089061","1089340","35","132071512"
"chr4","133182235","133182545","KN296682v1","4855759","4856070","46","128326476"
"chr4","133272252","133272535","KN294302v1","756229","756509","47","132516023"
"chr4","133418328","133418608","KN294239v1","160860","161129","60","133257468"
"chr4","133476211","133476537","KN294199v1","636506","636815","61","132839705"
"chr4","133506806","133507098","KN295032v1","243252","243547","36","133263554"
"chr4","133557465","133557770","KN294697v1","105276","105586","46","133452189"
"chr4","133735969","133736228","KN295735v1","695987","696249","38","133039982"
"chr4","133742273","133742577","KN294456v1","592934","593237","42","133149339"
"chr4","133931181","133931476","KN297154v1","1579200","1579494","34","132351981"
"chr4","133999698","133999982","KN297219v1","894388","894671","40","133105310"
"chr4","134044870","134045175","KN294809v1","1033430","1033730","45","133011440"
"chr4","134058969","134059264","KN294456v1","1143112","1143404","32","132915857"
"chr4","134090022","134090331","KN295735v1","63823","64124","41","134026199"
"chr4","134104841","134105091","KN296481v1","403450","403702","47","133701391"
"chr4","134150741","134151051","KN296157v1","885718","886029","46","133265023"
"chr4","134159412","134159720","KN295471v1","799950","800259","45","133359462"
"chr4","134254814","134255114","KN296079v1","587166","587474","49","133667648"
"chr4","134264331","134264640","KN296761v1","474126","474436","51","133790205"
"chr4","134372281","134372576","KN294172v1","6311128","6311420","39","128061153"
"chr4","134530700","134531009","KN296266v1","31062","31371","46","134499638"
"chr4","134620009","134620321","KN297442v1","1612430","1612738","41","133007579"
"chr4","134655484","134655786","KN297046v1","1490505","1490809","36","133164979"
"chr4","134674992","134675266","KN296145v1","3827237","3827518","45","130847755"
"chr4","134679302","134679601","KN296557v1","31104","31398","45","134648198"
"chr4","134796573","134796852","KN294790v1","3853980","3854267","36","130942593"
"chr4","134805843","134806145","KN296487v1","131647","131949","41","134674196"
"chr4","134852534","134852849","KN295825v1","1343051","1343363","71","133509483"
"chr4","134855179","134855474","KN294257v1","417336","417629","59","134437843"
"chr4","134888147","134888450","KN296311v1","854862","855163","35","134033285"
"chr4","134940024","134940333","KN296311v1","768493","768797","43","134171531"
"chr4","134955745","134956043","KN294539v1","1287945","1288241","35","133667800"
"chr4","134992470","134992745","KN295987v1","1241626","1241902","49","133750844"
"chr4","135097480","135097775","KN296096v1","838711","839001","39","134258769"
"chr4","135171141","135171407","KN294633v1","21601","21871","48","135149540"
"chr4","135292975","135293280","KN297274v1","38566","38871","40","135254409"
"chr4","135330047","135330359","KN295284v1","544658","544966","46","134785389"
"chr4","135520493","135520777","KN296948v1","856668","856955","38","134663825"
"chr4","135539046","135539322","KN295489v1","1072403","1072661","44","134466643"
"chr4","135586279","135586567","KN294181v1","1424178","1424469","34","134162101"
"chr4","135624898","135625159","KN295489v1","1072403","1072661","21","134552495"
"chr4","135653787","135654080","KN295489v1","1034539","1034824","38","134619248"
"chr4","135852271","135852567","KN295480v1","1302107","1302401","33","134550164"
"chr4","135879414","135879707","KN295708v1","2784035","2784327","33","133095379"
"chr4","136012255","136012553","KN295489v1","640123","640432","37","135372132"
"chr4","136231364","136231680","KN294806v1","688387","688698","41","135542977"
"chr4","136274075","136274372","KN295489v1","359239","359523","32","135914836"
"chr4","136475796","136476078","KN295489v1","170147","170431","27","136305649"
"chr4","136507445","136507586","KN294445v1","855366","855529","47","135652079"
"chr4","136593518","136593812","KN295489v1","49741","50043","28","136543777"
"chr4","136666004","136666301","KN295708v1","343388","343689","43","136322616"
"chr4","136781159","136781456","KN294665v1","133847","134138","31","136647312"
"chr4","136886757","136887045","KN296311v1","6530436","6530727","54","130356321"
"chr4","137014660","137014945","KN295315v1","192572","192860","47","136822088"
"chr4","137154550","137154882","KN296486v1","1100576","1100887","62","136053974"
"chr4","137155983","137156287","KN295586v1","1244707","1245017","41","135911276"
"chr4","137258024","137258324","KN296919v1","30356","30649","53","137227668"
"chr4","137453420","137453669","KN296187v1","781642","781886","40","136671778"
"chr4","137525906","137526230","KN296609v1","1292063","1292383","49","136233843"
"chr4","137793247","137793553","KN295022v1","990860","991167","43","136802387"
"chr4","137793830","137794143","KN295667v1","1273392","1273710","47","136520438"
"chr4","138249744","138250052","KN294957v1","62097","62408","37","138187647"
"chr4","138353220","138353514","KN294269v1","550588","550887","44","137802632"
"chr4","138530014","138530309","KN294710v1","68748","69053","56","138461266"
"chr4","138589735","138589975","KN296435v1","295165","295409","40","138294570"
"chr4","138620733","138621017","KN295671v1","149104","149384","41","138471629"
"chr4","138745741","138746032","KN297133v1","448566","448858","47","138297175"
"chr4","138755589","138755898","KN294911v1","2389002","2389309","41","136366587"
"chr4","138867701","138867980","KN294501v1","173182","173470","50","138694519"
"chr4","138902215","138902519","KN295607v1","4377455","4377758","42","134524760"
"chr4","138924117","138924431","KN296404v1","2534470","2534781","39","136389647"
"chr4","139014325","139014643","KN294407v1","2317315","2317623","55","136697010"
"chr4","139068026","139068307","KN296547v1","1379075","1379359","44","137688951"
"chr4","139078017","139078316","KN294527v1","283192","283491","37","138794825"
"chr4","139139460","139139763","KN296774v1","572475","572782","44","138566985"
"chr4","139260093","139260384","KN294187v1","11918","12217","46","139248175"
"chr4","139339896","139340191","KN296153v1","1115266","1115561","31","138224630"
"chr4","139530211","139530503","KN297320v1","271981","272275","32","139258230"
"chr4","139532101","139532384","KN297108v1","73989","74280","47","139458112"
"chr4","139803824","139804127","KN296635v1","2153242","2153553","51","137650582"
"chr4","139830571","139830866","KN296153v1","3041230","3041525","36","136789341"
"chr4","140067626","140067920","KN295459v1","673095","673397","42","139394531"
"chr4","140136761","140137058","KN297259v1","1790137","1790437","47","138346624"
"chr4","140169544","140169839","KN295835v1","17278","17578","40","140152266"
"chr4","140180849","140181134","KN297159v1","1496468","1496749","37","138684381"
"chr4","140268036","140268348","KN296484v1","351750","352061","43","139916286"
"chr4","140288756","140289059","KN296311v1","2283043","2283345","36","138005713"
"chr4","140306165","140306470","KN294224v1","583802","584104","40","139722363"
"chr4","140469674","140469986","KN295366v1","124181","124471","66","140345493"
"chr4","140554956","140555246","KN296079v1","437644","437936","42","140117312"
"chr4","140776255","140776545","KN294588v1","1077190","1077477","52","139699065"
"chr4","140833105","140833384","KN295893v1","2425585","2425866","38","138407520"
"chr4","140858600","140858904","KN297023v1","480259","480560","35","140378341"
"chr4","140888455","140888748","KN295814v1","1261993","1262292","44","139626462"
"chr4","140938745","140939046","KN296916v1","318615","318913","37","140620130"
"chr4","140953138","140953417","KN296466v1","11081","11357","56","140942057"
"chr4","140955163","140955460","KN296926v1","1049515","1049816","47","139905648"
"chr4","140991414","140991711","KN295410v1","554975","555277","44","140436439"
"chr4","141052379","141052680","KN294251v1","1932520","1932819","44","139119859"
"chr4","141077348","141077653","KN295607v1","4377455","4377758","42","136699893"
"chr4","141109943","141110263","KN296442v1","795536","795858","39","140314407"
"chr4","141170544","141170814","KN296577v1","302331","302604","40","140868213"
"chr4","141180574","141180845","KN296577v1","302331","302604","40","140878243"
"chr4","141202440","141202775","KN295474v1","902581","902907","74","140299859"
"chr4","141229346","141229641","KN295045v1","704827","705123","40","140524519"
"chr4","141310372","141310665","KN294581v1","619147","619445","37","140691225"
"chr4","141462974","141463247","KN297259v1","223439","223716","53","141239535"
"chr4","141502028","141502321","KN296357v1","483169","483462","35","141018859"
"chr4","141520103","141520361","KN294739v1","903971","904241","37","140616132"
"chr4","141542298","141542604","KN296117v1","844310","844623","79","140697988"
"chr4","141554172","141554471","KN294499v1","2005615","2005910","41","139548557"
"chr4","141601327","141601596","KN294457v1","205085","205362","44","141396242"
"chr4","141602730","141603037","KN296306v1","1271791","1272093","38","140330939"
"chr4","141663178","141663457","KN297452v1","2217950","2218238","40","139445228"
"chr4","141670057","141670370","KN294453v1","23988","24299","36","141646069"
"chr4","141691750","141692059","KN294326v1","309006","309309","41","141382744"
"chr4","141698641","141698921","KN294302v1","756229","756509","39","140942412"
"chr4","141699779","141700080","KN294172v1","3983440","3983739","41","137716339"
"chr4","141724823","141725119","KN296244v1","501020","501310","33","141223803"
"chr4","141727661","141727966","KN296138v1","98488","98788","43","141629173"
"chr4","141729530","141729822","KN296153v1","1115266","1115561","40","140614264"
"chr4","141732920","141733230","KN294603v1","63949","64255","33","141668971"
"chr4","141747576","141747864","KN295480v1","1302107","1302401","41","140445469"
"chr4","141749602","141749899","KN295523v1","3030953","3031248","40","138718649"
"chr4","141752596","141752892","KN295198v1","274974","275272","32","141477622"
"chr4","141763502","141763801","KN294539v1","1287945","1288241","42","140475557"
"chr4","141776593","141776834","KN296486v1","2160489","2160733","45","139616104"
"chr4","141788914","141789225","KN296404v1","1301704","1302007","46","140487210"
"chr4","141828264","141828557","KN297320v1","271981","272275","34","141556283"
"chr4","141839267","141839583","KN294269v1","674791","675103","45","141164476"
"chr4","141841418","141841711","KN295114v1","50632","50912","58","141790786"
"chr4","141869718","141870021","KN294457v1","515692","515995","43","141354026"
"chr4","141910758","141911052","KN295480v1","1302107","1302401","36","140608651"
"chr4","141914628","141914931","KN294172v1","6082356","6082660","40","135832272"
"chr4","141930072","141930337","KN295350v1","478679","478942","34","141451393"
"chr4","141940133","141940433","KN294172v1","5273992","5274291","36","136666141"
"chr4","141941751","141942057","KN294451v1","1139913","1140218","33","140801838"
"chr4","141946324","141946632","KN295607v1","4377455","4377758","34","137568869"
"chr4","141947074","141947377","KN294421v1","1642258","1642561","40","140304816"
"chr4","141947704","141947985","KN295586v1","857947","858237","49","141089757"
"chr4","141949244","141949556","KN296406v1","250415","250727","41","141698829"
"chr4","141949733","141950041","KN295607v1","4377455","4377758","38","137572278"
"chr4","141953880","141954179","KN294991v1","293673","293971","33","141660207"
"chr4","141963891","141964213","KN295302v1","361165","361469","51","141602726"
"chr4","141966864","141967178","KN296167v1","450049","450355","42","141516815"
"chr4","141978466","141978759","KN294420v1","822079","822371","42","141156387"
"chr4","141984143","141984398","KN296948v1","1379588","1379846","41","140604555"
"chr4","142015608","142015675","KN296635v1","4416434","4416517","26","137599174"
"chr4","142015932","142016168","KN295405v1","757351","757593","47","141258581"
"chr4","142016501","142016793","KN297044v1","586885","587175","35","141429616"
"chr4","142018800","142019049","KN295236v1","1825213","1825477","69","140193587"
"chr4","142039456","142039753","KN294571v1","890748","891049","46","141148708"
"chr4","142044286","142044522","KN295405v1","757351","757593","48","141286935"
"chr4","142061787","142062074","KN294239v1","2204308","2204595","43","139857479"
"chr4","142069346","142069637","KN297028v1","915537","915829","38","141153809"
"chr4","142088136","142088424","KN296833v1","243533","243818","40","141844603"
"chr4","142095465","142095767","KN294193v1","400597","400883","62","141694868"
"chr4","142129858","142130122","KN295735v1","493338","493578","55","141636520"
"chr4","142134477","142134646","KN296312v1","159626","159790","40","141974851"
"chr4","142165643","142165939","KN297133v1","1352390","1352685","35","140813253"
"chr4","142174366","142174656","KN296153v1","1090111","1090408","42","141084255"
"chr4","142198365","142198581","KN296682v1","3000428","3000645","34","139197937"
"chr4","142223833","142224129","KN294233v1","532036","532329","31","141691797"
"chr4","142250297","142250605","KN295814v1","1455942","1456249","33","140794355"
"chr4","142258930","142259222","KN294172v1","5180023","5180314","38","137078907"
"chr4","142270822","142271065","KN295835v1","199186","199432","47","142071636"
"chr4","142271985","142272022","KN295371v1","808341","808373","17","141463644"
"chr4","142304385","142304692","KN295571v1","513084","513393","39","141791301"
"chr4","142312270","142312551","KN296096v1","2977999","2978280","36","139334271"
"chr4","142335858","142336148","KN295523v1","2757271","2757558","35","139578587"
"chr4","142342933","142343240","KN296157v1","885718","886029","38","141457215"
"chr4","142423782","142424091","KN295090v1","2486557","2486869","44","139937225"
"chr4","142443100","142443400","KN294407v1","3027269","3027567","38","139415831"
"chr4","142488346","142488645","KN295198v1","274974","275272","36","142213372"
"chr4","142507525","142507806","KN295750v1","151091","151370","32","142356434"
"chr4","142514422","142514623","KN296426v1","64367","64561","41","142450055"
"chr4","142594263","142594575","KN295433v1","250702","251008","40","142343561"
"chr4","142604803","142605029","KN294470v1","2697577","2697792","29","139907226"
"chr4","142621686","142622004","KN295576v1","134584","134894","39","142487102"
"chr4","142675091","142675396","KN296406v1","250415","250727","42","142424676"
"chr4","142687585","142687878","KN294224v1","1140521","1140815","41","141547064"
"chr4","142703615","142703907","KN294991v1","1444231","1444521","40","141259384"
"chr4","142737958","142738269","KN297442v1","1612430","1612738","35","141125528"
"chr4","142756668","142756974","KN294451v1","1139913","1140218","39","141616755"
"chr4","142785072","142785366","KN295573v1","502898","503186","38","142282174"
"chr4","142795228","142795529","KN297200v1","429736","430036","29","142365492"
"chr4","142806622","142806924","KN294966v1","16825","17121","42","142789797"
"chr4","142810187","142810498","KN296484v1","351750","352061","29","142458437"
"chr4","142823861","142824163","KN295430v1","1257302","1257603","38","141566559"
"chr4","142827582","142827897","KN296495v1","686416","686720","50","142141166"
"chr4","142830014","142830303","KN296726v1","606731","607020","34","142223283"
"chr4","142858129","142858436","KN296732v1","505664","505970","36","142352465"
"chr4","142893542","142893828","KN296404v1","3824512","3824802","30","139069030"
"chr4","143038026","143038336","KN294957v1","62097","62408","43","142975929"
"chr4","143109418","143109733","KN297159v1","1746938","1747242","42","141362480"
"chr4","143119455","143119730","KN296486v1","1167419","1167692","41","141952036"
"chr4","143147426","143147662","KN295967v1","625826","626071","57","142521600"
"chr4","143150842","143151101","KN294218v1","2753577","2753834","36","140397265"
"chr4","143307285","143307587","KN296036v1","1716516","1716817","33","141590769"
"chr4","143338924","143339218","KN296187v1","2317928","2318227","36","141020996"
"chr4","143345995","143346305","KN294790v1","2480212","2480521","39","140865783"
"chr4","143384969","143385276","KN294705v1","186396","186702","38","143198573"
"chr4","143412006","143412285","KN294991v1","1829717","1829993","44","141582289"
"chr4","143429940","143430243","KN294571v1","1575904","1576204","37","141854036"
"chr4","143450081","143450376","KN295601v1","3238589","3238887","32","140211492"
"chr4","143454422","143454717","KN295605v1","321136","321431","39","143133286"
"chr4","143484569","143484882","KN295326v1","192748","193053","44","143291821"
"chr4","143612804","143613110","KN294456v1","1098138","1098439","42","142514666"
"chr4","143629999","143630327","KN295820v1","44201","44491","88","143585798"
"chr4","143696668","143696969","KN295198v1","274974","275272","38","143421694"
"chr4","143711304","143711604","KN297046v1","1131170","1131467","42","142580134"
"chr4","143855035","143855332","KN294509v1","1199456","1199754","37","142655579"
"chr4","143877613","143877899","KN296743v1","202352","202637","41","143675261"
"chr4","143999343","143999632","KN296145v1","3072127","3072422","42","140927216"
"chr4","144010871","144011184","KN295988v1","271230","271539","52","143739641"
"chr4","144024359","144024654","KN295820v1","787086","787379","36","143237273"
"chr4","144041303","144041605","KN296486v1","633470","633771","38","143407833"
"chr4","144061534","144061829","KN297190v1","6531550","6531835","49","137529984"
"chr4","144317244","144317564","KN297349v1","516816","517140","41","143800428"
"chr4","144533285","144533593","KN296153v1","863239","863546","39","143670046"
"chr4","144545959","144546121","KN295284v1","109927","110084","32","144436032"
"chr4","144685757","144686041","KN297349v1","155342","155628","27","144530415"
"chr4","144716552","144716859","KN294207v1","610220","610525","40","144106332"
"chr4","144866155","144866455","KN297097v1","474334","474644","36","144391821"
"chr4","144885562","144885865","KN297023v1","480259","480560","36","144405303"
"chr4","144988724","144989021","KN297097v1","355894","356191","36","144632830"
"chr4","145000071","145000358","KN295923v1","1094781","1095073","35","143905290"
"chr4","145144982","145145290","KN295607v1","153133","153443","40","144991849"
"chr4","145157579","145157868","KN294224v1","1140521","1140815","41","144017058"
"chr4","145166566","145166881","KN296242v1","441471","441780","47","144725095"
"chr4","145184458","145184764","KN297097v1","163261","163554","38","145021197"
"chr4","145292153","145292460","KN297097v1","47462","47773","30","145244691"
"chr4","145422742","145423050","KN297259v1","1057181","1057497","65","144365561"
"chr4","145573755","145574066","KN297442v1","1612430","1612738","37","143961325"
"chr4","145580715","145581014","KN296775v1","1237428","1237724","34","144343287"
"chr4","145693889","145694171","KN295441v1","1228670","1228953","49","144465219"
"chr4","145719585","145719891","KN296859v1","1611248","1611550","43","144108337"
"chr4","145955160","145955465","KN294879v1","520786","521080","54","145434374"
"chr4","145977809","145978106","KN295430v1","1257302","1257603","41","144720507"
"chr4","145980228","145980521","KN296921v1","483765","484057","37","145496463"
"chr4","146029199","146029498","KN297327v1","811573","811871","42","145217626"
"chr4","146037532","146037826","KN294521v1","509491","509791","40","145528041"
"chr4","146052067","146052371","KN294187v1","783464","783769","42","145268603"
"chr4","146052785","146053085","KN294501v1","4140225","4140518","45","141912560"
"chr4","146055272","146055554","KN294387v1","2435140","2435427","39","143620132"
"chr4","146057898","146058204","KN294257v1","379317","379626","32","145678581"
"chr4","146063015","146063309","KN294245v1","583030","583326","40","145479985"
"chr4","146090301","146090606","KN296732v1","3243055","3243359","45","142847246"
"chr4","146092589","146092884","KN294662v1","54879","55172","36","146037710"
"chr4","146101479","146101570","KN295236v1","3489640","3489713","38","142611839"
"chr4","146115379","146115667","KN295596v1","1638022","1638322","46","144477357"
"chr4","146152465","146152741","KN294169v1","154815","155091","45","145997650"
"chr4","146191297","146191599","KN296484v1","351750","352061","43","145839547"
"chr4","146241327","146241630","KN294790v1","163386","163690","38","146077941"
"chr4","146242204","146242514","KN295407v1","51616","51926","37","146190588"
"chr4","146278997","146279323","KN294147v1","395582","395901","60","145883415"
"chr4","146563374","146563644","KN295633v1","1133330","1133601","35","145430044"
"chr4","147033076","147033380","KN294172v1","1667579","1667885","42","145365497"
"chr4","147035788","147036100","KN294526v1","334958","335253","49","146700830"
"chr4","147158630","147158924","KN296145v1","2451188","2451482","43","144707442"
"chr4","147167434","147167741","KN296602v1","114481","114789","31","147052953"
"chr4","147289946","147290203","KN296825v1","2835383","2835646","41","144454563"
"chr4","147408507","147408805","KN296247v1","273218","273514","42","147135289"
"chr4","147474309","147474604","KN296908v1","264423","264709","32","147209886"
"chr4","147527261","147527563","KN296908v1","317939","318231","33","147209322"
"chr4","147616844","147617137","KN295420v1","208371","208668","40","147408473"
"chr4","147651472","147651766","KN294937v1","266","558","45","147651206"
"chr4","147656122","147656423","KN297320v1","1113980","1114278","41","146542142"
"chr4","147705248","147705546","KN297320v1","271981","272275","33","147433267"
"chr4","147719768","147720064","KN296908v1","517992","518301","30","147201776"
"chr4","147725000","147725309","KN296484v1","351750","352061","43","147373250"
"chr4","147811637","147811943","KN296079v1","308996","309302","38","147502641"
"chr4","147851696","147852000","KN294210v1","26405","26708","19","147825291"
"chr4","147884398","147884710","KN294210v1","57275","57584","32","147827123"
"chr4","147931905","147932209","KN294210v1","106426","106726","31","147825479"
"chr4","148005097","148005411","KN296311v1","642446","642756","50","147362651"
"chr4","148068253","148068552","KN295405v1","69847","70144","34","147998406"
"chr4","148074281","148074395","KN296948v1","1402202","1402316","22","146672079"
"chr4","148074491","148074684","KN296426v1","64367","64561","34","148010124"
"chr4","148114892","148115198","KN294210v1","327764","328074","26","147787128"
"chr4","148119625","148119921","KN297023v1","480259","480560","34","147639366"
"chr4","148150811","148151096","KN295601v1","2149937","2150218","43","146000874"
"chr4","148174394","148174706","KN296311v1","7935032","7935336","56","140239362"
"chr4","148185005","148185296","KN294210v1","398037","398327","29","147786968"
"chr4","148236552","148236862","KN294210v1","450309","450618","28","147786243"
"chr4","148251969","148252273","KN296311v1","8317826","8318133","30","139934143"
"chr4","148254259","148254563","KN296311v1","8317826","8318133","30","139936433"
"chr4","148315561","148315871","KN296484v1","351750","352061","43","147963811"
"chr4","148351169","148351480","KN294210v1","560291","560593","32","147790878"
"chr4","148394849","148394916","KN294844v1","136960","137032","16","148257889"
"chr4","148394960","148395192","KN294210v1","598004","598232","24","147796956"
"chr4","148403408","148403753","KN295573v1","1028299","1028621","60","147375109"
"chr4","148459250","148459542","KN294210v1","669638","669936","29","147789612"
"chr4","148483735","148484040","KN297078v1","578164","578475","30","147905571"
"chr4","148600232","148600514","KN294210v1","804673","804971","34","147795559"
"chr4","148624448","148624755","KN294210v1","829099","829408","25","147795349"
"chr4","148658917","148659211","KN294210v1","866396","866690","22","147792521"
"chr4","148702142","148702451","KN294210v1","900642","900952","26","147801500"
"chr4","148726541","148726833","KN294210v1","923809","924106","29","147802732"
"chr4","148730052","148730365","KN294210v1","927290","927592","32","147802762"
"chr4","148730912","148731221","KN295922v1","130002","130315","32","148600910"
"chr4","148768448","148768755","KN294210v1","971850","972151","24","147796598"
"chr4","148783728","148784038","KN294210v1","986390","986684","43","147797338"
"chr4","148849663","148849916","KN294210v1","1049918","1050171","18","147799745"
"chr4","148875621","148875897","KN297165v1","2779028","2779304","46","146096593"
"chr4","148909198","148909489","KN294210v1","1110671","1110976","33","147798527"
"chr4","148944344","148944584","KN294210v1","1145634","1145870","35","147798710"
"chr4","148956885","148957196","KN294210v1","1162547","1162856","31","147794338"
"chr4","148977745","148978033","KN294210v1","1180112","1180411","30","147797633"
"chr4","148988665","148988960","KN294210v1","1185915","1186211","38","147802750"
"chr4","149017214","149017494","KN297139v1","28789","29075","44","148988425"
"chr4","149151678","149151996","KN294335v1","553358","553676","54","148598320"
"chr4","149171139","149171447","KN294210v1","1383648","1383944","34","147787491"
"chr4","149237607","149237905","KN297408v1","474820","475112","39","148762787"
"chr4","149259966","149260275","KN294210v1","1472464","1472760","37","147787502"
"chr4","149289637","149289951","KN296391v1","93865","94170","48","149195772"
"chr4","149386294","149386590","KN296205v1","876398","876691","37","148509896"
"chr4","149399184","149399478","KN294210v1","1605015","1605313","28","147794169"
"chr4","149403998","149404305","KN297180v1","778007","778316","40","148625991"
"chr4","149426262","149426567","KN296311v1","3194235","3194543","36","146232027"
"chr4","149495583","149495893","KN294210v1","1705631","1705945","33","147789952"
"chr4","149575790","149576083","KN297245v1","1416081","1416379","33","148159709"
"chr4","149603445","149603719","KN294210v1","1799812","1800099","36","147803633"
"chr4","149698982","149699266","KN294548v1","1331907","1332192","36","148367075"
"chr4","149706639","149706941","KN295761v1","1663","1959","32","149704976"
"chr4","149710484","149710784","KN295761v1","6618","6917","32","149703866"
"chr4","150038508","150038816","KN296036v1","1044138","1044445","40","148994370"
"chr4","150093175","150093484","KN295433v1","250702","251008","30","149842473"
"chr4","150095042","150095353","KN295236v1","35793","36099","40","150059249"
"chr4","150113110","150113382","KN294161v1","894750","895027","39","149218360"
"chr4","150139123","150139423","KN294187v1","1509130","1509430","50","148629993"
"chr4","150141295","150141353","KN294187v1","1105507","1105554","19","149035788"
"chr4","150141824","150142041","KN296426v1","64367","64561","54","150077457"
"chr4","150189187","150189479","KN295761v1","510292","510586","21","149678895"
"chr4","150239634","150239935","KN296311v1","854862","855163","35","149384772"
"chr4","150282607","150282877","KN294992v1","382458","382718","35","149900149"
"chr4","150462311","150462622","KN296484v1","351750","352061","35","150110561"
"chr4","150498087","150498394","KN294992v1","176419","176728","33","150321668"
"chr4","150547232","150547536","KN294992v1","127532","127838","21","150419700"
"chr4","150564209","150564518","KN295671v1","201221","201525","33","150362988"
"chr4","150577445","150577639","KN294613v1","200472","200677","38","150376973"
"chr4","150601765","150602059","KN294419v1","200675","200969","43","150401090"
"chr4","150605881","150606185","KN296225v1","790874","791179","49","149815007"
"chr4","150633930","150634225","KN294992v1","41875","42170","25","150592055"
"chr4","150661931","150662110","KN294957v1","73265","73439","38","150588666"
"chr4","150683685","150683977","KN295350v1","61187","61477","36","150622498"
"chr4","150685723","150686017","KN296557v1","13515","13811","33","150672208"
"chr4","150707367","150707659","KN296312v1","26424","26710","30","150680943"
"chr4","150709048","150709349","KN295523v1","924892","925191","59","149784156"
"chr4","150711016","150711282","KN294650v1","27651","27917","52","150683365"
"chr4","150744500","150744811","KN296643v1","852402","852709","43","149892098"
"chr4","150765769","150766062","KN296312v1","88718","89008","23","150677051"
"chr4","150772835","150773138","KN294581v1","534640","534938","42","150238195"
"chr4","150776235","150776514","KN297139v1","28789","29075","47","150747446"
"chr4","150796259","150796561","KN294170v1","5505","5809","41","150790754"
"chr4","150824586","150824905","KN296205v1","1038770","1039076","48","149785816"
"chr4","150825328","150825631","KN296312v1","150783","151087","38","150674545"
"chr4","150834886","150835186","KN296312v1","161249","161545","38","150673637"
"chr4","150836743","150837047","KN296306v1","1422397","1422702","38","149414346"
"chr4","150846271","150846554","KN296312v1","172689","172968","22","150673582"
"chr4","150892122","150892417","KN296312v1","219055","219353","29","150673067"
"chr4","150895073","150895375","KN295301v1","716124","716425","30","150178949"
"chr4","150915329","150915589","KN295601v1","1074382","1074645","40","149840947"
"chr4","150972542","150972852","KN295077v1","613765","614075","35","150358777"
"chr4","150994113","150994427","KN294257v1","379317","379626","47","150614796"
"chr4","151043195","151043417","KN295667v1","489644","489869","61","150553551"
"chr4","151127343","151127621","KN296312v1","450850","451147","43","150676493"
"chr4","151138033","151138344","KN297276v1","143691","143993","43","150994342"
"chr4","151144202","151144472","KN294613v1","87432","87702","39","151056770"
"chr4","151156240","151156540","KN296682v1","2875657","2875966","47","148280583"
"chr4","151164207","151164463","KN296312v1","484920","485182","31","150679287"
"chr4","151224393","151224699","KN295974v1","1466462","1466774","34","149757931"
"chr4","151282132","151282432","KN296486v1","1266538","1266834","39","150015594"
"chr4","151382944","151383240","KN294598v1","358662","358959","39","151024282"
"chr4","151461031","151461328","KN296312v1","771593","771883","30","150689438"
"chr4","151564077","151564389","KN296311v1","768493","768797","44","150795584"
"chr4","151616584","151616888","KN294181v1","1579076","1579376","49","150037508"
"chr4","151628659","151628929","KN295633v1","1133330","1133601","40","150495329"
"chr4","151665237","151665529","KN295573v1","502898","503186","39","151162339"
"chr4","151778612","151778909","KN295607v1","4406348","4406645","35","147372264"
"chr4","151982455","151982753","KN295573v1","192599","192895","36","151789856"
"chr4","152201499","152201809","KN294281v1","604270","604570","49","151597229"
"chr4","152223257","152223574","KN294281v1","632421","632745","37","151590836"
"chr4","152299847","152300131","KN296187v1","2430378","2430665","47","149869469"
"chr4","152376976","152377268","KN294281v1","780046","780349","29","151596930"
"chr4","152512543","152512784","KN295405v1","757351","757593","48","151755192"
"chr4","152535921","152536226","KN295820v1","997009","997317","33","151538912"
"chr4","152547533","152547837","KN294281v1","968071","968364","33","151579462"
"chr4","152627561","152627872","KN294281v1","1044353","1044650","36","151583208"
"chr4","152657457","152657744","KN296486v1","1726381","1726674","48","150931076"
"chr4","152734764","152734993","KN294281v1","1154168","1154397","20","151580596"
"chr4","152760188","152760483","KN297245v1","1416081","1416379","30","151344107"
"chr4","152901034","152901327","KN294281v1","1320918","1321218","25","151580116"
"chr4","152937461","152937749","KN294281v1","1351411","1351703","30","151586050"
"chr4","152962911","152963144","KN295835v1","199186","199432","62","152763725"
"chr4","153029113","153029408","KN294281v1","1462201","1462505","30","151566912"
"chr4","153061719","153061989","KN296096v1","2734524","2734798","33","150327195"
"chr4","153069986","153070154","KN294181v1","1620413","1620584","27","151449573"
"chr4","153090145","153090454","KN296964v1","1989100","1989414","28","151101045"
"chr4","153107057","153107366","KN296964v1","1972528","1972824","37","151134529"
"chr4","153127461","153127773","KN294844v1","787562","787854","64","152339899"
"chr4","153142881","153143178","KN297023v1","480259","480560","31","152662622"
"chr4","153160919","153161152","KN295405v1","757351","757593","43","152403568"
"chr4","153171617","153171930","KN296964v1","1906898","1907216","31","151264719"
"chr4","153193884","153194164","KN296964v1","1884018","1884307","39","151309866"
"chr4","153205094","153205403","KN296964v1","1872947","1873252","42","151332147"
"chr4","153225179","153225470","KN295366v1","124181","124471","37","153100998"
"chr4","153232268","153232590","KN294443v1","36851","37179","41","153195417"
"chr4","153271036","153271327","KN294244v1","56461","56743","37","153214575"
"chr4","153275181","153275482","KN294443v1","441739","442042","33","152833442"
"chr4","153286077","153286382","KN296964v1","1790288","1790593","38","151495789"
"chr4","153355220","153355529","KN296964v1","1721118","1721417","29","151634102"
"chr4","153379058","153379365","KN295366v1","78980","79290","37","153300078"
"chr4","153409584","153409854","KN294251v1","1151512","1151787","59","152258072"
"chr4","153424506","153424810","KN296964v1","1652364","1652668","28","151772142"
"chr4","153429656","153429952","KN296964v1","1647098","1647391","26","151782558"
"chr4","153445269","153445584","KN294790v1","163386","163690","44","153281883"
"chr4","153517414","153517712","KN296062v1","2174335","2174631","37","151343079"
"chr4","153658328","153658623","KN296964v1","1410507","1410797","34","152247821"
"chr4","153662729","153663039","KN296964v1","1406732","1407024","48","152255997"
"chr4","153663455","153663761","KN294592v1","1043635","1043936","52","152619820"
"chr4","153704715","153705012","KN296964v1","1365949","1366243","28","152338766"
"chr4","153752371","153752571","KN295735v1","435013","435216","37","153317358"
"chr4","153753103","153753409","KN296964v1","1310857","1311156","33","152442246"
"chr4","153791996","153792285","KN296964v1","1270414","1270718","39","152521582"
"chr4","153802782","153803066","KN296964v1","1260064","1260366","45","152542718"
"chr4","153804349","153804604","KN296964v1","1258509","1258761","16","152545840"
"chr4","153815610","153815898","KN296964v1","1247510","1247802","27","152568100"
"chr4","153846236","153846545","KN296964v1","1214306","1214614","38","152631930"
"chr4","153879261","153879546","KN295459v1","1101140","1101421","51","152778121"
"chr4","153887426","153887719","KN294325v1","153376","153668","45","153734050"
"chr4","153896347","153896643","KN296964v1","1171333","1171632","36","152725014"
"chr4","153901482","153901776","KN296964v1","1164524","1164820","22","152736958"
"chr4","153960181","153960465","KN297327v1","713903","714181","42","153246278"
"chr4","153973829","153974115","KN296775v1","972150","972439","33","153001679"
"chr4","153986564","153986866","KN296964v1","1075662","1075958","35","152910902"
"chr4","154005477","154005784","KN296643v1","47618","47923","33","153957859"
"chr4","154007006","154007303","KN294446v1","240983","241287","39","153766023"
"chr4","154009748","154010044","KN296964v1","1052656","1052953","27","152957092"
"chr4","154015460","154015569","KN294456v1","895120","895228","19","153120340"
"chr4","154015929","154016123","KN294378v1","1482294","1482491","33","152533635"
"chr4","154028043","154028260","KN295405v1","757351","757593","61","153270692"
"chr4","154039521","154039779","KN296609v1","1231078","1231332","41","152808443"
"chr4","154044037","154044329","KN295893v1","7273160","7273454","34","146770877"
"chr4","154048679","154048974","KN296964v1","1021539","1021830","22","153027140"
"chr4","154053101","154053274","KN294957v1","73265","73439","33","153979836"
"chr4","154071499","154071767","KN296964v1","1001501","1001775","23","153069998"
"chr4","154073574","154073862","KN294991v1","1444231","1444521","37","152629343"
"chr4","154078413","154078705","KN296732v1","3826486","3826780","41","150251927"
"chr4","154084802","154084956","KN296747v1","128765","128916","24","153956037"
"chr4","154085425","154085683","KN294372v1","1056997","1057262","51","153028428"
"chr4","154097723","154098006","KN296964v1","979607","979889","29","153118116"
"chr4","154101533","154101837","KN296153v1","1336190","1336496","38","152765343"
"chr4","154104733","154105034","KN294199v1","755275","755571","47","153349458"
"chr4","154106093","154106187","KN296732v1","3294384","3294461","42","150811709"
"chr4","154110390","154110692","KN295523v1","3353533","3353835","30","150756857"
"chr4","154112728","154113027","KN296964v1","971265","971559","27","153141463"
"chr4","154121134","154121428","KN295871v1","681623","681917","30","153439511"
"chr4","154122832","154123130","KN294407v1","3027269","3027567","35","151095563"
"chr4","154128230","154128521","KN295114v1","157283","157573","37","153970947"
"chr4","154129761","154129997","KN296964v1","954124","954359","18","153175637"
"chr4","154131753","154132037","KN296964v1","952108","952375","55","153179645"
"chr4","154135677","154135963","KN295371v1","448057","448341","41","153687620"
"chr4","154211709","154212015","KN297165v1","3003351","3003655","34","151208358"
"chr4","154215133","154215405","KN294592v1","1175199","1175481","42","153039934"
"chr4","154223378","154223679","KN297154v1","1039874","1040175","35","153183504"
"chr4","154223870","154224067","KN297141v1","158733","158926","30","154065137"
"chr4","154285723","154286026","KN296964v1","800642","800933","40","153485081"
"chr4","154313886","154314183","KN295586v1","956717","957016","36","153357169"
"chr4","154333663","154333984","KN294685v1","814328","814640","41","153519335"
"chr4","154338741","154339060","KN294539v1","1287945","1288241","58","153050796"
"chr4","154393070","154393369","KN296964v1","694131","694425","26","153698939"
"chr4","154422099","154422390","KN296964v1","664865","665156","30","153757234"
"chr4","154474887","154475183","KN295996v1","495798","496097","30","153979089"
"chr4","154559635","154559912","KN295171v1","193000","193286","46","154366635"
"chr4","154567960","154568263","KN296964v1","514232","514532","25","154053728"
"chr4","154589772","154590072","KN297442v1","240570","240874","38","154349202"
"chr4","154710426","154710737","KN296964v1","366809","367118","33","154343617"
"chr4","154982349","154982666","KN296964v1","104478","104790","35","154877871"
"chr4","155003717","155004028","KN296964v1","83993","84304","28","154919724"
"chr4","155008793","155009104","KN296964v1","78915","79219","36","154929878"
"chr4","155012657","155012956","KN296964v1","75085","75370","32","154937572"
"chr4","155027842","155028153","KN294470v1","277878","278191","36","154749964"
"chr4","155029607","155029893","KN295735v1","822355","822644","36","154207252"
"chr4","155066315","155066610","KN295871v1","615076","615373","35","154451239"
"chr4","155069473","155069768","KN296964v1","18313","18633","43","155051160"
"chr4","155085238","155085551","KN296964v1","3235","3542","34","155082003"
"chr4","155134860","155135162","KN294809v1","1033430","1033730","38","154101430"
"chr4","155186376","155186663","KN295719v1","189138","189434","43","154997238"
"chr4","155204905","155205209","KN295198v1","490822","491112","50","154714083"
"chr4","155301810","155302113","KN294548v1","154448","154749","44","155147362"
"chr4","155413128","155413448","KN296035v1","538928","539258","64","154874200"
"chr4","155474137","155474428","KN295236v1","3615047","3615343","37","151859090"
"chr4","155511225","155511371","KN294444v1","72417","72567","23","155438808"
"chr4","155520959","155521255","KN295974v1","3009668","3009967","36","152511291"
"chr4","155533471","155533776","KN294499v1","799663","799970","40","154733808"
"chr4","155601469","155601772","KN294952v1","27505","27803","35","155573964"
"chr4","155605006","155605295","KN296138v1","282895","283189","36","155322111"
"chr4","155613064","155613226","KN294336v1","39333","39510","37","155573731"
"chr4","155658756","155659057","KN296682v1","1930392","1930690","36","153728364"
"chr4","155710648","155710961","KN295996v1","495798","496097","42","155214850"
"chr4","155722845","155723139","KN294181v1","145618","145914","34","155577227"
"chr4","155729122","155729436","KN297408v1","73718","74022","45","155655404"
"chr4","155749354","155749653","KN295893v1","5868753","5869051","34","149880601"
"chr4","155755857","155756167","KN297159v1","1746938","1747242","39","154008919"
"chr4","155769137","155769451","KN295459v1","673095","673397","51","155096042"
"chr4","155775227","155775524","KN295107v1","300735","301027","38","155474492"
"chr4","155837134","155837432","KN297144v1","551355","551635","50","155285779"
"chr4","155904796","155905089","KN295835v1","84846","85139","35","155819950"
"chr4","155945555","155945855","KN295666v1","163031","163330","36","155782524"
"chr4","155959985","155960291","KN295326v1","293510","293816","43","155666475"
"chr4","155994803","155995110","KN295057v1","262113","262411","47","155732690"
"chr4","156006982","156007279","KN294991v1","1101335","1101628","39","154905647"
"chr4","156026049","156026347","KN294991v1","293673","293971","32","155732376"
"chr4","156035491","156035793","KN297322v1","1224244","1224547","37","154811247"
"chr4","156048292","156048595","KN294470v1","3504565","3504867","42","152543727"
"chr4","156111252","156111564","KN295090v1","2486557","2486869","37","153624695"
"chr4","156134191","156134503","KN296885v1","2205766","2206079","34","153928425"
"chr4","156166814","156167123","KN294287v1","60735","61035","50","156106079"
"chr4","156197571","156197876","KN294539v1","2083944","2084246","36","154113627"
"chr4","156214091","156214396","KN294790v1","163386","163690","40","156050705"
"chr4","156233111","156233416","KN294874v1","1336918","1337220","44","154896193"
"chr4","156254997","156255301","KN294287v1","530811","531116","42","155724186"
"chr4","156293646","156293948","KN294991v1","1014370","1014671","44","155279276"
"chr4","156330101","156330419","KN295319v1","42222","42534","44","156287879"
"chr4","156347084","156347379","KN294407v1","3027269","3027567","38","153319815"
"chr4","156367794","156368097","KN297008v1","1825305","1825608","38","154542489"
"chr4","156373870","156374175","KN295533v1","1626996","1627305","43","154746874"
"chr4","156376724","156377029","KN296442v1","417977","418281","39","155958747"
"chr4","156391056","156391336","KN294698v1","181917","182196","33","156209139"
"chr4","156404150","156404412","KN296538v1","1698817","1699083","43","154705333"
"chr4","156469505","156469798","KN294456v1","1143112","1143404","36","155326393"
"chr4","156485356","156485665","KN296726v1","808997","809301","49","155676359"
"chr4","156498154","156498398","KN294978v1","1483052","1483295","45","155015102"
"chr4","156500132","156500429","KN297276v1","74967","75265","41","156425165"
"chr4","156508588","156508883","KN296743v1","323605","323904","31","156184983"
"chr4","156562781","156563091","KN294705v1","2114105","2114409","45","154448676"
"chr4","156599374","156599667","KN297320v1","271981","272275","44","156327393"
"chr4","156687938","156688240","KN296926v1","326521","326825","40","156361417"
"chr4","156712868","156713164","KN296948v1","1329163","1329455","34","155383705"
"chr4","156718392","156718687","KN294526v1","334958","335253","30","156383434"
"chr4","156775766","156776063","KN296310v1","786811","787114","42","155988955"
"chr4","156788811","156789110","KN296349v1","45344","45654","44","156743467"
"chr4","156791654","156791960","KN294470v1","959975","960280","40","155831679"
"chr4","156818019","156818330","KN295301v1","761923","762233","39","156056096"
"chr4","156820643","156820942","KN294977v1","13264","13560","37","156807379"
"chr4","156944659","156944968","KN295424v1","314353","314666","38","156630306"
"chr4","156985394","156985584","KN296404v1","2701358","2701542","31","154284036"
"chr4","156998347","156998512","KN296244v1","299135","299298","25","156699212"
"chr4","157081140","157081380","KN296513v1","1780539","1780776","37","155300601"
"chr4","157138910","157139220","KN294503v1","33353","33656","46","157105557"
"chr4","157311440","157311741","KN296508v1","297583","297883","34","157013857"
"chr4","157319446","157319624","KN294548v1","1253956","1254133","38","156065490"
"chr4","157352407","157352706","KN294911v1","628968","629266","40","156723439"
"chr4","157355482","157355792","KN295907v1","257976","258287","36","157097506"
"chr4","157392308","157392611","KN296682v1","4871116","4871412","37","152521192"
"chr4","157482184","157482494","KN294548v1","1161001","1161308","44","156321183"
"chr4","157498547","157498830","KN294181v1","1424178","1424469","38","156074369"
"chr4","157669806","157669980","KN295034v1","690203","690373","25","156979603"
"chr4","157672345","157672636","KN295350v1","710666","710958","35","156961679"
"chr4","157675448","157675752","KN296310v1","934750","935050","42","156740698"
"chr4","157792551","157792851","KN295666v1","248322","248617","41","157544229"
"chr4","157881539","157881801","KN296948v1","1008770","1009024","38","156872769"
"chr4","158066399","158066711","KN297304v1","4458","4766","38","158061941"
"chr4","158083176","158083480","KN297047v1","4058507","4058813","41","154024669"
"chr4","158273387","158273692","KN297046v1","2427282","2427586","35","155846105"
"chr4","158338450","158338695","KN295586v1","3146006","3146235","45","155192444"
"chr4","158387961","158388274","KN296938v1","986427","986732","49","157401534"
"chr4","158444055","158444352","KN295368v1","1748387","1748686","40","156695668"
"chr4","158564118","158564429","KN294790v1","2480212","2480521","41","156083906"
"chr4","158635395","158635672","KN294662v1","218243","218524","33","158417152"
"chr4","158732390","158732694","KN295923v1","1040491","1040795","37","157691899"
"chr4","158771623","158771911","KN296833v1","243533","243818","35","158528090"
"chr4","158786791","158787084","KN296907v1","352815","353110","35","158433976"
"chr4","158799388","158799660","KN294946v1","220472","220746","35","158578916"
"chr4","158817733","158818042","KN296153v1","1008428","1008738","50","157809305"
"chr4","158870475","158870741","KN294899v1","537119","537380","42","158333356"
"chr4","158891646","158891944","KN296153v1","1115266","1115561","36","157776380"
"chr4","158910438","158910724","KN295831v1","133866","134154","37","158776572"
"chr4","158924607","158924908","KN296404v1","1150048","1150343","48","157774559"
"chr4","158928008","158928316","KN294911v1","2443720","2444031","48","156484288"
"chr4","159043690","159044001","KN296167v1","450049","450355","35","158593641"
"chr4","159066534","159066824","KN294647v1","185532","185822","36","158881002"
"chr4","159092238","159092544","KN295260v1","1159258","1159568","49","157932980"
"chr4","159204053","159204343","KN294790v1","272636","272926","38","158931417"
"chr4","159242705","159243004","KN295548v1","17538","17846","46","159225167"
"chr4","159340045","159340353","KN294957v1","62097","62408","35","159277948"
"chr4","159383844","159384154","KN294245v1","511576","511887","51","158872268"
"chr4","159447371","159447673","KN294458v1","1049177","1049481","38","158398194"
"chr4","159760695","159760992","KN294172v1","2207703","2208004","38","157552992"
"chr4","159769251","159769539","KN296538v1","671263","671548","44","159097988"
"chr4","159791611","159791894","KN296726v1","976648","976930","43","158814963"
"chr4","159871230","159871539","KN296096v1","838711","839001","50","159032519"
"chr4","159884375","159884656","KN295814v1","158538","158819","41","159725837"
"chr4","160121127","160121422","KN294471v1","371937","372236","45","159749190"
"chr4","160151683","160151989","KN295337v1","780333","780636","49","159371350"
"chr4","160154079","160154387","KN294287v1","369071","369381","40","159785008"
"chr4","160171054","160171347","KN294911v1","2646845","2647138","38","157524209"
"chr4","160242052","160242335","KN295601v1","2149937","2150218","44","158092115"
"chr4","160284417","160284707","KN296743v1","2255912","2256204","36","158028505"
"chr4","160404631","160404879","KN297154v1","1616670","1616919","38","158787961"
"chr4","160476483","160476797","KN295474v1","613777","614085","41","159862706"
"chr4","160646638","160646925","KN294172v1","2410813","2411093","51","158235825"
"chr4","160758622","160758929","KN294535v1","120708","121012","36","160637914"
"chr4","161168455","161168738","KN296869v1","592290","592581","50","160576165"
"chr4","161197733","161198027","KN294224v1","1140521","1140815","39","160057212"
"chr4","161264970","161265183","KN297141v1","158733","158926","50","161106237"
"chr4","161296374","161296654","KN294540v1","1407761","1408049","27","159888613"
"chr4","161326549","161326857","KN294571v1","1414924","1415238","37","159911625"
"chr4","161361350","161361653","KN294540v1","1323728","1324029","24","160037622"
"chr4","161463482","161463621","KN294739v1","960553","960692","32","160502929"
"chr4","161494300","161494589","KN294540v1","1203920","1204230","35","160290380"
"chr4","161503179","161503473","KN294540v1","1195338","1195621","36","160307841"
"chr4","161527905","161528196","KN295835v1","84846","85139","34","161443059"
"chr4","161533244","161533535","KN295835v1","84846","85139","34","161448398"
"chr4","161608229","161608532","KN295596v1","141388","141684","38","161466841"
"chr4","161664291","161664583","KN294540v1","1090842","1091120","34","160573449"
"chr4","161708331","161708654","KN294540v1","1054262","1054581","29","160654069"
"chr4","161713027","161713346","KN294540v1","1049590","1049909","28","160663437"
"chr4","161714220","161714514","KN294540v1","1048430","1048722","19","160665790"
"chr4","161753361","161753703","KN294540v1","1015111","1015451","34","160738250"
"chr4","161783671","161783954","KN295735v1","1380746","1381033","39","160402925"
"chr4","161797596","161797905","KN296404v1","2534470","2534781","37","159263126"
"chr4","161831599","161831908","KN294540v1","943580","943893","41","160888019"
"chr4","161836063","161836297","KN294269v1","1581391","1581631","92","160254672"
"chr4","161836448","161836704","KN294991v1","995507","995758","48","160840941"
"chr4","161865468","161865763","KN296635v1","37942","38232","37","161827526"
"chr4","161891193","161891494","KN296404v1","2470734","2471040","32","159420459"
"chr4","161903816","161904124","KN295566v1","85872","86181","38","161817944"
"chr4","161909062","161909357","KN294540v1","868229","868529","25","161040833"
"chr4","161916401","161916703","KN294540v1","860857","861160","29","161055544"
"chr4","161917449","161917747","KN295459v1","673095","673397","42","161244354"
"chr4","161923168","161923436","KN295074v1","978503","978753","51","160944665"
"chr4","161968107","161968408","KN294790v1","163386","163690","31","161804721"
"chr4","161976598","161976918","KN297028v1","452650","452962","50","161523948"
"chr4","161986003","161986315","KN294458v1","1049177","1049481","31","160936826"
"chr4","162016844","162017133","KN296620v1","349918","350214","37","161666926"
"chr4","162033280","162033584","KN296487v1","131647","131949","36","161901633"
"chr4","162041601","162041920","KN294540v1","739871","740187","24","161301730"
"chr4","162049715","162049998","KN297112v1","2725693","2725979","37","159324022"
"chr4","162056537","162056828","KN294410v1","283647","283942","42","161772890"
"chr4","162067112","162067395","KN295977v1","19914","20198","40","162047198"
"chr4","162133761","162134075","KN294540v1","656883","657196","35","161476878"
"chr4","162143973","162144276","KN294172v1","3550057","3550360","40","158593916"
"chr4","162170121","162170422","KN294540v1","624084","624393","32","161546037"
"chr4","162174800","162175102","KN294540v1","619381","619684","27","161555419"
"chr4","162183725","162184047","KN294540v1","611051","611352","46","161572674"
"chr4","162222407","162222724","KN295757v1","4004","4314","53","162218403"
"chr4","162244178","162244438","KN294540v1","546393","546644","36","161697785"
"chr4","162319685","162319953","KN294540v1","468151","468421","18","161851534"
"chr4","162339574","162339860","KN294540v1","447810","448096","19","161891764"
"chr4","162461318","162461623","KN294540v1","324130","324432","25","162137188"
"chr4","162477604","162477892","KN295820v1","787086","787379","33","161690518"
"chr4","162494234","162494534","KN294540v1","289574","289870","22","162204660"
"chr4","162549084","162549396","KN294540v1","243821","244132","32","162305263"
"chr4","162571929","162572221","KN294540v1","221752","222037","29","162350177"
"chr4","162576961","162577244","KN296406v1","549452","549731","45","162027509"
"chr4","162582199","162582497","KN296153v1","3041230","3041525","38","159540969"
"chr4","162587110","162587391","KN296153v1","2393235","2393519","45","160193875"
"chr4","162691962","162692270","KN294540v1","98186","98498","34","162593776"
"chr4","162762866","162763154","KN296009v1","420615","420911","38","162342251"
"chr4","162857017","162857257","KN295405v1","757351","757593","36","162099666"
"chr4","162953433","162953740","KN295929v1","457065","457374","37","162496368"
"chr4","162988467","162988736","KN296591v1","22676","22962","45","162965791"
"chr4","163124423","163124731","KN295607v1","4377455","4377758","39","158746968"
"chr4","163264790","163265101","KN297442v1","1612430","1612738","39","161652360"
"chr4","163328683","163328990","KN295708v1","1796766","1797077","43","161531917"
"chr4","163555272","163555570","KN294172v1","1602432","1602732","36","161952840"
"chr4","163603451","163603768","KN294409v1","661750","662057","47","162941701"
"chr4","163730886","163731201","KN296484v1","351750","352061","44","163379136"
"chr4","163772086","163772331","KN294409v1","824926","825155","42","162947160"
"chr4","163774681","163774926","KN294409v1","824926","825155","42","162949755"
"chr4","163795234","163795526","KN296290v1","541019","541316","45","163254215"
"chr4","163807718","163807882","KN297259v1","446106","446265","36","163361612"
"chr4","163924419","163924725","KN297159v1","3075943","3076251","47","160848476"
"chr4","163956367","163956655","KN294271v1","449435","449717","43","163506932"
"chr4","164030904","164031185","KN296795v1","813243","813524","40","163217661"
"chr4","164088768","164089058","KN297219v1","2378405","2378683","59","161710363"
"chr4","164128851","164129029","KN296225v1","431898","432075","33","163696953"
"chr4","164196349","164196633","KN297046v1","137572","137866","45","164058777"
"chr4","164344983","164345292","KN294940v1","567435","567744","37","163777548"
"chr4","164364947","164365264","KN295198v1","532430","532746","50","163832517"
"chr4","164415706","164416012","KN297047v1","3987588","3987889","40","160428118"
"chr4","164443975","164444277","KN296865v1","1757786","1758089","49","162686189"
"chr4","164452816","164453138","KN297165v1","708082","708397","55","163744734"
"chr4","164493190","164493492","KN296079v1","1077624","1077929","44","163415566"
"chr4","164530069","164530373","KN295923v1","1547478","1547782","33","162982591"
"chr4","164609822","164610121","KN297047v1","4318260","4318546","55","160291562"
"chr4","164667747","164668055","KN296062v1","1520843","1521142","45","163146904"
"chr4","164675155","164675463","KN294957v1","62097","62408","43","164613058"
"chr4","164726881","164727166","KN296516v1","73243","73530","48","164653638"
"chr4","164853387","164853692","KN296594v1","432751","433053","36","164420636"
"chr4","164940903","164941190","KN294407v1","157922","158207","37","164782981"
"chr4","164947108","164947351","KN294856v1","283701","283943","40","164663407"
"chr4","164963514","164963800","KN295906v1","490445","490734","44","164473069"
"chr4","164992447","164992611","KN296311v1","7188511","7188676","33","157803936"
"chr4","164995924","164996196","KN295940v1","135883","136155","35","164860041"
"chr4","165014603","165014912","KN295350v1","392786","393093","42","164621817"
"chr4","165044812","165045084","KN297452v1","1481603","1481877","46","163563209"
"chr4","165095420","165095739","KN296311v1","7679984","7680304","43","157415436"
"chr4","165288487","165288793","KN294879v1","533741","534047","38","164754746"
"chr4","165344163","165344424","KN295667v1","1312338","1312595","41","164031825"
"chr4","165483615","165483909","KN294172v1","6311128","6311420","34","159172487"
"chr4","165494757","165495067","KN294199v1","636506","636815","39","164858251"
"chr4","165584929","165585224","KN294917v1","405138","405434","41","165179791"
"chr4","165617263","165617545","KN295962v1","1762346","1762634","49","163854917"
"chr4","165635208","165635479","KN297141v1","1594","1881","52","165633614"
"chr4","165702227","165702536","KN297203v1","1243976","1244285","42","164458251"
"chr4","165849287","165849580","KN296308v1","1003598","1003892","34","164845689"
"chr4","165857578","165857881","KN296247v1","901747","902047","40","164955831"
"chr4","165864986","165865289","KN296247v1","901747","902047","39","164963239"
"chr4","165930215","165930496","KN296844v1","873406","873684","45","165056809"
"chr4","165990503","165990727","KN296079v1","2860738","2860978","59","163129765"
"chr4","166007950","166008243","KN294937v1","266","558","37","166007684"
"chr4","166081756","166082045","KN296795v1","2620003","2620285","38","163461753"
"chr4","166161244","166161546","KN295825v1","888474","888776","35","165272770"
"chr4","166211038","166211325","KN295735v1","822355","822644","34","165388683"
"chr4","166261091","166261401","KN297322v1","1224244","1224547","35","165036847"
"chr4","166352010","166352315","KN294790v1","163386","163690","37","166188624"
"chr4","166368719","166369027","KN294592v1","1321409","1321720","33","165047310"
"chr4","166403116","166403413","KN294879v1","76546","76849","44","166326570"
"chr4","166537516","166537822","KN295045v1","51919","52221","46","166485597"
"chr4","166579497","166579799","KN294456v1","1098138","1098439","36","165481359"
"chr4","166606965","166607192","KN295977v1","1276894","1277103","57","165330071"
"chr4","166663648","166663958","KN296430v1","96066","96377","43","166567582"
"chr4","166708342","166708631","KN296495v1","1951647","1951933","32","164756695"
"chr4","166740445","166740740","KN296557v1","13515","13811","41","166726930"
"chr4","166779706","166780001","KN296810v1","82391","82687","40","166697315"
"chr4","166797816","166798045","KN295441v1","1457453","1457675","30","165340363"
"chr4","166844666","166844943","KN296261v1","620490","620771","27","166224176"
"chr4","166896108","166896411","KN294613v1","327601","327901","41","166568507"
"chr4","166923582","166923885","KN296495v1","962835","963136","33","165960747"
"chr4","166964582","166964884","KN294421v1","1642258","1642561","40","165322324"
"chr4","167010509","167010795","KN296062v1","27519","27810","37","166982990"
"chr4","167163901","167164206","KN297390v1","166530","166837","47","166997371"
"chr4","167166302","167166609","KN296749v1","209142","209447","38","166957160"
"chr4","167168528","167168818","KN295361v1","824524","824814","38","166344004"
"chr4","167178820","167179122","KN294407v1","3027269","3027567","36","164151551"
"chr4","167229000","167229298","KN296153v1","1090111","1090408","33","166138889"
"chr4","167238175","167238470","KN296311v1","714128","714427","47","166524047"
"chr4","167266999","167267283","KN296315v1","180047","180329","38","167086952"
"chr4","167448576","167448862","KN296158v1","190711","190990","45","167257865"
"chr4","167481467","167481763","KN294991v1","293673","293971","30","167187794"
"chr4","167586549","167586843","KN295758v1","1407790","1408093","35","166178759"
"chr4","167769402","167769696","KN297276v1","242494","242788","38","167526908"
"chr4","167804922","167805218","KN294419v1","34484","34783","41","167770438"
"chr4","167808178","167808473","KN295758v1","1190479","1190765","30","166617699"
"chr4","167848576","167848888","KN296460v1","1143831","1144139","43","166704745"
"chr4","167863104","167863416","KN295758v1","1137723","1138048","37","166725381"
"chr4","167885626","167885929","KN294372v1","2629158","2629456","47","165256468"
"chr4","167887346","167887653","KN296263v1","951513","951818","33","166935833"
"chr4","167897677","167897985","KN294856v1","158144","158448","38","167739533"
"chr4","167913578","167913868","KN294571v1","890748","891049","41","167022830"
"chr4","167932011","167932300","KN295758v1","1048845","1049134","30","166883166"
"chr4","167942523","167942823","KN296926v1","272677","272978","34","167669846"
"chr4","167956953","167957257","KN294991v1","686774","687084","43","167270179"
"chr4","167958230","167958530","KN295607v1","4377455","4377758","42","163580775"
"chr4","167960418","167960719","KN296588v1","938682","938981","36","167021736"
"chr4","167967729","167968029","KN295758v1","1019889","1020194","28","166947840"
"chr4","167970705","167971015","KN294592v1","1321409","1321720","38","166649296"
"chr4","167971821","167972120","KN295758v1","1015820","1016114","32","166956001"
"chr4","167972121","167972419","KN295666v1","1009745","1010038","39","166962376"
"chr4","167988142","167988437","KN295107v1","1336619","1336911","39","166651523"
"chr4","167998735","167998985","KN295667v1","1312338","1312595","43","166686397"
"chr4","168010241","168010506","KN294842v1","61302","61569","40","167948939"
"chr4","168027566","168027891","KN295758v1","941367","941669","45","167086199"
"chr4","168041976","168042304","KN297141v1","682663","682986","53","167359313"
"chr4","168045990","168046286","KN295154v1","333615","333911","39","167712375"
"chr4","168064976","168065274","KN295352v1","88118","88418","43","167976858"
"chr4","168077785","168078082","KN294187v1","1109661","1109959","41","166968124"
"chr4","168081324","168081632","KN294199v1","594186","594493","43","167487138"
"chr4","168086266","168086561","KN296153v1","3041230","3041525","34","165045036"
"chr4","168105236","168105449","KN297219v1","2668252","2668464","31","165436984"
"chr4","168107800","168108023","KN295758v1","880238","880458","18","167227562"
"chr4","168108498","168108811","KN295758v1","879481","879783","36","167229017"
"chr4","168122156","168122464","KN295758v1","862665","862967","33","167259491"
"chr4","168134633","168134920","KN296743v1","202352","202637","26","167932281"
"chr4","168150327","168150643","KN295758v1","833788","834110","26","167316539"
"chr4","168152372","168152661","KN295758v1","832098","832396","49","167320274"
"chr4","168161566","168161874","KN296119v1","5362418","5362727","42","162799148"
"chr4","168165624","168165918","KN295758v1","819372","819682","39","167346252"
"chr4","168170864","168171160","KN294613v1","562013","562309","42","167608851"
"chr4","168174775","168175075","KN295758v1","811698","812003","35","167363077"
"chr4","168187510","168187807","KN294239v1","344639","344929","45","167842871"
"chr4","168194300","168194592","KN295729v1","826689","826980","44","167367611"
"chr4","168195208","168195511","KN296145v1","740136","740436","48","167455072"
"chr4","168197721","168198035","KN294372v1","299717","300027","37","167898004"
"chr4","168206498","168206813","KN295758v1","783018","783331","34","167423480"
"chr4","168208973","168209200","KN295405v1","757351","757593","53","167451622"
"chr4","168256367","168256662","KN294937v1","266","558","38","168256101"
"chr4","168261431","168261709","KN295758v1","722310","722588","17","167539121"
"chr4","168309007","168309311","KN295758v1","675791","676094","23","167633216"
"chr4","168346498","168346717","KN295406v1","275159","275372","53","168071339"
"chr4","168356018","168356326","KN295758v1","628556","628865","26","167727462"
"chr4","168405162","168405469","KN295758v1","585907","586202","33","167819255"
"chr4","168433527","168433839","KN295758v1","545668","545983","34","167887859"
"chr4","168473254","168473562","KN295758v1","508301","508618","34","167964953"
"chr4","168475678","168475995","KN294548v1","183783","184100","42","168291895"
"chr4","168521424","168521720","KN296009v1","420615","420911","31","168100809"
"chr4","168567606","168567909","KN294705v1","2112450","2112755","41","166455156"
"chr4","168571212","168571525","KN295637v1","335749","336059","38","168235463"
"chr4","168577482","168577765","KN297186v1","1381942","1382225","40","167195540"
"chr4","168583362","168583662","KN295758v1","399158","399469","35","168184204"
"chr4","168589670","168589987","KN295758v1","391745","392065","22","168197925"
"chr4","168596179","168596485","KN294790v1","163386","163690","37","168432793"
"chr4","168646004","168646303","KN295758v1","336944","337243","34","168309060"
"chr4","168748694","168748976","KN296594v1","687979","688267","42","168060715"
"chr4","168772303","168772662","KN295758v1","210276","210622","40","168562027"
"chr4","168829687","168829983","KN294526v1","334958","335253","35","168494729"
"chr4","168880278","168880571","KN297320v1","271981","272275","30","168608297"
"chr4","168926928","168927213","KN296508v1","659940","660226","31","168266988"
"chr4","168954621","168954903","KN295758v1","23147","23428","22","168931474"
"chr4","169007611","169007921","KN295354v1","31274","31587","40","168976337"
"chr4","169071656","169071955","KN295354v1","88625","88937","34","168983031"
"chr4","169091823","169092144","KN295962v1","193370","193681","54","168898453"
"chr4","169152645","169152951","KN295354v1","176747","177055","33","168975898"
"chr4","169187575","169187865","KN296253v1","1545214","1545503","42","167642361"
"chr4","169294618","169294869","KN294733v1","634511","634774","48","168660107"
"chr4","169305965","169306255","KN294591v1","423646","423931","48","168882319"
"chr4","169310681","169310957","KN294583v1","11473","11745","49","169299208"
"chr4","169589492","169589800","KN294790v1","163386","163690","51","169426106"
"chr4","169646661","169646929","KN295940v1","135883","136155","43","169510778"
"chr4","169690568","169690870","KN297023v1","480259","480560","35","169210309"
"chr4","170061484","170061764","KN295893v1","729257","729542","34","169332227"
"chr4","170063793","170064086","KN294662v1","54879","55172","41","170008914"
"chr4","170090229","170090519","KN296108v1","1080011","1080305","60","169010218"
"chr4","170103760","170104070","KN294662v1","146480","146789","45","169957280"
"chr4","170135799","170136117","KN294407v1","2157068","2157379","52","167978731"
"chr4","170150745","170151039","KN294864v1","648950","649241","25","169501795"
"chr4","170187167","170187483","KN295301v1","761923","762233","40","169425244"
"chr4","170264534","170264833","KN295607v1","4377455","4377758","33","165887079"
"chr4","170292898","170293186","KN294864v1","501972","502259","29","169790926"
"chr4","170386385","170386692","KN294864v1","410966","411273","34","169975419"
"chr4","170485165","170485459","KN296732v1","3482334","3482632","40","167002831"
"chr4","170565825","170566101","KN294864v1","244604","244874","41","170321221"
"chr4","170736757","170736983","KN296754v1","219855","220085","30","170516902"
"chr4","170743150","170743470","KN296528v1","887498","887813","48","169855652"
"chr4","170770015","170770296","KN294864v1","17164","17445","29","170752851"
"chr4","170777789","170778098","KN294864v1","9039","9332","36","170768750"
"chr4","170878219","170878507","KN296557v1","18517","18814","53","170859702"
"chr4","170974052","170974322","KN295243v1","1473974","1474238","41","169500078"
"chr4","170997311","170997610","KN297023v1","480259","480560","34","170517052"
"chr4","171092170","171092466","KN296153v1","1090111","1090408","39","170002059"
"chr4","171096748","171097047","KN295236v1","568528","568826","49","170528220"
"chr4","171193659","171193937","KN294172v1","3443475","3443755","36","167750184"
"chr4","171218723","171218960","KN295405v1","757351","757593","42","170461372"
"chr4","171243653","171243929","KN295459v1","361703","361982","46","170881950"
"chr4","171350672","171350962","KN297406v1","906","1197","35","171349766"
"chr4","171439176","171439485","KN294705v1","1537713","1538021","38","169901463"
"chr4","171460886","171461189","KN294630v1","686727","687035","40","170774159"
"chr4","171485804","171486085","KN294879v1","1212125","1212410","41","170273679"
"chr4","171495529","171495847","KN296743v1","969506","969817","44","170526023"
"chr4","171596637","171596943","KN295825v1","1577949","1578250","41","170018688"
"chr4","171600317","171600562","KN295405v1","757351","757593","43","170842966"
"chr4","171634237","171634546","KN294527v1","104560","104866","43","171529677"
"chr4","171685517","171685820","KN296921v1","2918407","2918707","43","168767110"
"chr4","171760109","171760409","KN296153v1","3348002","3348301","43","168412107"
"chr4","171809333","171809634","KN294790v1","428668","428977","46","171380665"
"chr4","171816488","171816785","KN294874v1","105877","106179","36","171710611"
"chr4","171821568","171821877","KN295090v1","126321","126630","39","171695247"
"chr4","171863488","171863792","KN297327v1","217601","217906","41","171645887"
"chr4","171873104","171873400","KN296732v1","1479099","1479390","33","170394005"
"chr4","171896669","171896978","KN294790v1","163386","163690","40","171733283"
"chr4","171947502","171947807","KN294592v1","366424","366728","43","171581078"
"chr4","171957408","171957715","KN295239v1","101881","102187","34","171855527"
"chr4","171987856","171988160","KN294446v1","508370","508676","40","171479486"
"chr4","172008023","172008326","KN296322v1","2692700","2693002","31","169315323"
"chr4","172068078","172068376","KN297047v1","3987588","3987889","36","168080490"
"chr4","172083773","172084051","KN296625v1","30976","31257","42","172052797"
"chr4","172098137","172098437","KN294251v1","1449194","1449494","39","170648943"
"chr4","172137369","172137600","KN297227v1","22563","22795","35","172114806"
"chr4","172140932","172141222","KN295607v1","4760017","4760299","25","167380915"
"chr4","172231723","172231890","KN295623v1","399728","399891","36","171831995"
"chr4","172238574","172238885","KN294921v1","240348","240658","43","171998226"
"chr4","172241290","172241592","KN295607v1","4673412","4673717","33","167567878"
"chr4","172247596","172247899","KN295607v1","4667395","4667695","24","167580201"
"chr4","172248100","172248364","KN295977v1","597916","598181","40","171650184"
"chr4","172254168","172254433","KN295607v1","4661285","4661568","45","167592883"
"chr4","172262646","172262937","KN295607v1","4653398","4653689","21","167609248"
"chr4","172266808","172267162","KN294991v1","1476826","1477173","74","170789982"
"chr4","172271624","172271932","KN296357v1","431311","431620","38","171840313"
"chr4","172279327","172279638","KN295607v1","4636463","4636776","23","167642864"
"chr4","172300048","172300233","KN295607v1","4615779","4615971","20","167684269"
"chr4","172372057","172372354","KN295607v1","4542529","4542826","28","167829528"
"chr4","172377063","172377340","KN295607v1","4537689","4537952","44","167839374"
"chr4","172390966","172391249","KN296495v1","1951647","1951933","40","170439319"
"chr4","172415746","172416033","KN294407v1","598111","598399","40","171817635"
"chr4","172426514","172426816","KN295607v1","4486735","4487031","24","167939779"
"chr4","172456522","172456823","KN295607v1","4452601","4452896","35","168003921"
"chr4","172468223","172468527","KN295607v1","4441116","4441409","27","168027107"
"chr4","172484856","172485143","KN294991v1","1974815","1975107","34","170510041"
"chr4","172487036","172487334","KN295607v1","4421849","4422158","26","168065187"
"chr4","172503404","172503698","KN296308v1","1003598","1003892","36","171499806"
"chr4","172505825","172506127","KN295607v1","4401086","4401382","30","168104739"
"chr4","172524620","172524918","KN295198v1","274974","275272","41","172249646"
"chr4","172531834","172532141","KN295607v1","4377455","4377758","22","168154379"
"chr4","172547741","172548043","KN295607v1","4361636","4361944","24","168186105"
"chr4","172577899","172578198","KN296682v1","4552635","4552930","40","168025264"
"chr4","172608995","172609284","KN295607v1","4297742","4298030","25","168311253"
"chr4","172628346","172628629","KN295607v1","4278190","4278461","43","168350156"
"chr4","172739040","172739305","KN294239v1","1589177","1589439","44","171149863"
"chr4","172779634","172779921","KN295607v1","4138631","4138916","26","168641003"
"chr4","172821652","172821973","KN297047v1","2133286","2133607","60","170688366"
"chr4","172822816","172823123","KN295607v1","4099051","4099359","30","168723765"
"chr4","172845647","172845957","KN294758v1","701123","701430","39","172144524"
"chr4","172929461","172929668","KN296812v1","527877","528085","27","172401584"
"chr4","172963827","172964136","KN295607v1","3955936","3956254","34","169007891"
"chr4","172965685","172965977","KN295607v1","3954084","3954378","28","169011601"
"chr4","172970178","172970488","KN294657v1","79048","79346","44","172891130"
"chr4","172990199","172990510","KN295607v1","3937784","3938074","36","169052415"
"chr4","172995716","172995990","KN294172v1","5481536","5481820","46","167514180"
"chr4","173042757","173043060","KN295607v1","3890165","3890458","37","169152592"
"chr4","173043427","173043740","KN295607v1","3889480","3889784","32","169153947"
"chr4","173070165","173070469","KN294571v1","1850429","1850731","34","171219736"
"chr4","173075254","173075563","KN295607v1","3855460","3855770","25","169219794"
"chr4","173095775","173096068","KN296290v1","1950076","1950376","56","171145699"
"chr4","173101916","173102207","KN294539v1","1287945","1288241","36","171813971"
"chr4","173121336","173121635","KN295573v1","192599","192895","33","172928737"
"chr4","173127397","173127479","KN296982v1","410288","410373","26","172717109"
"chr4","173144892","173145170","KN296093v1","104117","104398","39","173040775"
"chr4","173164737","173165027","KN295607v1","3771477","3771757","37","169393260"
"chr4","173182567","173182874","KN295487v1","52973","53281","36","173129594"
"chr4","173183415","173183723","KN295433v1","250702","251008","42","172932713"
"chr4","173185450","173185621","KN295102v1","122392","122558","24","173063058"
"chr4","173187605","173187917","KN295301v1","761923","762233","31","172425682"
"chr4","173188197","173188357","KN296119v1","5564342","5564501","31","167623855"
"chr4","173211147","173211440","KN295607v1","3728936","3729230","30","169482211"
"chr4","173249364","173249662","KN295607v1","3690394","3690691","26","169558970"
"chr4","173296877","173297150","KN296096v1","1429416","1429683","45","171867461"
"chr4","173340992","173341301","KN294372v1","299717","300027","39","173041275"
"chr4","173569973","173570277","KN295607v1","3396840","3397141","21","170173133"
"chr4","173662212","173662457","KN295607v1","3328678","3328930","20","170333534"
"chr4","173927070","173927365","KN295607v1","3053570","3053874","41","170873500"
"chr4","174185579","174185874","KN294444v1","166708","167002","38","174018871"
"chr4","174194026","174194321","KN295607v1","2776242","2776537","28","171417784"
"chr4","174217941","174218189","KN295607v1","2750650","2750899","35","171467291"
"chr4","174294752","174295062","KN296635v1","2387021","2387331","39","171907731"
"chr4","174338799","174339108","KN296036v1","2062557","2062868","42","172276242"
"chr4","174639080","174639384","KN295607v1","2304178","2304482","24","172334902"
"chr4","174646912","174647216","KN295607v1","2304178","2304482","22","172342734"
"chr4","174705291","174705595","KN296682v1","3089641","3089943","42","171615650"
"chr4","174714399","174714703","KN296270v1","236663","236962","44","174477736"
"chr4","174751645","174751876","KN295940v1","602089","602311","55","174149556"
"chr4","174757264","174757577","KN295487v1","52973","53281","39","174704291"
"chr4","174765492","174765762","KN295059v1","242847","243129","43","174522645"
"chr4","174768932","174769239","KN295607v1","2175257","2175562","49","172593675"
"chr4","174822251","174822561","KN295607v1","2116874","2117182","33","172705377"
"chr4","174853640","174853926","KN295607v1","2078584","2078870","25","172775056"
"chr4","174885277","174885581","KN295607v1","2045000","2045302","34","172840277"
"chr4","174967505","174967817","KN295995v1","655021","655332","42","174312484"
"chr4","174977387","174977674","KN295607v1","1920276","1920560","25","173057111"
"chr4","175073359","175073662","KN297023v1","480259","480560","31","174593100"
"chr4","175075872","175076164","KN295607v1","1820148","1820440","33","173255724"
"chr4","175149183","175149471","KN295735v1","822355","822644","32","174326828"
"chr4","175298902","175299207","KN295607v1","1604975","1605277","38","173693927"
"chr4","175343939","175344236","KN294470v1","2136945","2137241","46","173206994"
"chr4","175483933","175484227","KN295607v1","1409400","1409697","23","174074533"
"chr4","175509321","175509622","KN297023v1","480259","480560","37","175029062"
"chr4","175520300","175520612","KN296090v1","89328","89638","40","175430972"
"chr4","175528910","175529223","KN295319v1","42222","42534","36","175486688"
"chr4","175977013","175977310","KN295607v1","921547","921845","28","175055466"
"chr4","176026532","176026841","KN295607v1","865392","865699","33","175161140"
"chr4","176035509","176035813","KN295607v1","856473","856777","35","175179036"
"chr4","176046604","176046913","KN294713v1","261535","261845","41","175785069"
"chr4","176110763","176111073","KN297158v1","212439","212742","41","175898324"
"chr4","176144751","176145058","KN295607v1","744789","745092","31","175399962"
"chr4","176200065","176200346","KN294187v1","1334472","1334758","47","174865593"
"chr4","176243985","176244262","KN294539v1","2902133","2902411","48","173341852"
"chr4","176299769","176300037","KN295607v1","589340","589608","22","175710429"
"chr4","176315499","176315791","KN295607v1","569937","570230","24","175745562"
"chr4","176334908","176335207","KN296108v1","367713","368015","41","175967195"
"chr4","176367408","176367697","KN295607v1","519736","520032","30","175847672"
"chr4","176372530","176372823","KN295607v1","514591","514871","33","175857939"
"chr4","176378865","176379163","KN297023v1","480259","480560","38","175898606"
"chr4","176380122","176380405","KN295962v1","595042","595326","39","175785080"
"chr4","176420569","176420866","KN294539v1","1287945","1288241","26","175132624"
"chr4","176446764","176446977","KN295607v1","436258","436478","25","176010506"
"chr4","176484063","176484368","KN295607v1","397395","397706","30","176086668"
"chr4","176507754","176508042","KN295607v1","375609","375904","36","176132145"
"chr4","176536832","176537118","KN294520v1","1707344","1707630","38","174829488"
"chr4","176551947","176552251","KN297008v1","1825305","1825608","33","174726642"
"chr4","176596716","176597013","KN295282v1","105605","105903","38","176491111"
"chr4","176631219","176631537","KN295607v1","249639","249969","51","176381580"
"chr4","176723288","176723602","KN295607v1","153133","153443","35","176570155"
"chr4","176732825","176733136","KN295607v1","143593","143902","25","176589232"
"chr4","176736619","176736930","KN294539v1","1287945","1288241","51","175448674"
"chr4","176794587","176794878","KN296682v1","4552635","4552930","35","172241952"
"chr4","176956298","176956585","KN297050v1","64155","64449","56","176892143"
"chr4","177244314","177244599","KN295055v1","297894","298181","42","176946420"
"chr4","177308984","177309197","KN297219v1","2668252","2668464","36","174640732"
"chr4","177317166","177317479","KN294569v1","815959","816269","40","176501207"
"chr4","177393636","177393932","KN295055v1","143622","143920","27","177250014"
"chr4","177425042","177425347","KN295055v1","110656","110964","39","177314386"
"chr4","177441164","177441488","KN295055v1","94355","94678","26","177346809"
"chr4","177523475","177523763","KN295055v1","2717","3005","36","177520758"
"chr4","177559742","177560034","KN294934v1","34538","34826","25","177525204"
"chr4","177577966","177578228","KN297319v1","16503","16767","37","177561463"
"chr4","177579409","177579650","KN296513v1","1780539","1780776","39","175798870"
"chr4","177583665","177583967","KN294443v1","441739","442042","37","177141926"
"chr4","177598632","177598926","KN294419v1","200675","200969","35","177397957"
"chr4","177607665","177607946","KN294934v1","84576","84858","23","177523089"
"chr4","177674518","177674692","KN296311v1","4991977","4992161","55","172682541"
"chr4","177675394","177675692","KN294934v1","139899","140196","29","177535495"
"chr4","177701107","177701409","KN296322v1","2601724","2602022","41","175099383"
"chr4","177711517","177711809","KN295159v1","164184","164484","41","177547333"
"chr4","177712986","177713289","KN295984v1","2023334","2023631","44","175689652"
"chr4","177813202","177813510","KN296079v1","686222","686522","43","177126980"
"chr4","177836477","177836777","KN296883v1","292931","293229","34","177543546"
"chr4","177838229","177838510","KN295907v1","1866654","1866935","38","175971575"
"chr4","177850192","177850506","KN295257v1","4702","5013","56","177845490"
"chr4","177873636","177873944","KN295748v1","161587","161896","39","177712049"
"chr4","177879110","177879422","KN294934v1","343086","343394","23","177536024"
"chr4","177887993","177888292","KN294934v1","352327","352637","35","177535666"
"chr4","177925632","177925944","KN294934v1","395022","395312","49","177530610"
"chr4","177972510","177972814","KN294934v1","436894","437206","41","177535616"
"chr4","177998756","177998995","KN295735v1","493338","493578","42","177505418"
"chr4","178109026","178109304","KN294747v1","671769","672053","39","177437257"
"chr4","178120392","178120715","KN295366v1","78980","79290","45","178041412"
"chr4","178122438","178122738","KN295352v1","1345858","1346165","39","176776580"
"chr4","178336811","178337077","KN294536v1","456491","456758","44","177880320"
"chr4","178429002","178429294","KN294536v1","1033058","1033350","52","177395944"
"chr4","178482390","178482698","KN296079v1","587166","587474","41","177895224"
"chr4","178488526","178488827","KN296404v1","1944196","1944502","45","176544330"
"chr4","178490924","178491240","KN297442v1","1612430","1612738","45","176878494"
"chr4","178518710","178519029","KN294172v1","6003694","6004015","42","172515016"
"chr4","178559869","178560195","KN296403v1","247398","247728","42","178312471"
"chr4","178651360","178651640","KN296191v1","660330","660604","38","177991030"
"chr4","178831877","178832185","KN295302v1","361165","361469","46","178470712"
"chr4","178857094","178857391","KN297144v1","798722","799018","45","178058372"
"chr4","178860248","178860534","KN296036v1","1895044","1895337","40","176965204"
"chr4","178874501","178874809","KN295198v1","508434","508741","49","178366067"
"chr4","178876688","178876892","KN294831v1","678063","678264","38","178198625"
"chr4","178881331","178881627","KN295217v1","829151","829445","36","178052180"
"chr4","178886296","178886597","KN295343v1","729289","729587","34","178157007"
"chr4","178933249","178933538","KN294251v1","4150416","4150705","34","174782833"
"chr4","178939504","178939792","KN297197v1","699015","699311","37","178240489"
"chr4","178981929","178982235","KN295748v1","161587","161896","35","178820342"
"chr4","178984094","178984396","KN296487v1","131647","131949","37","178852447"
"chr4","178995387","178995686","KN296743v1","1826867","1827160","37","177168520"
"chr4","179070290","179070360","KN296495v1","1507938","1508003","23","177562352"
"chr4","179084020","179084314","KN295607v1","4377455","4377758","49","174706565"
"chr4","179090308","179090614","KN295236v1","761870","762173","43","178328438"
"chr4","179104104","179104391","KN296322v1","1336890","1337174","43","177767214"
"chr4","179119539","179119844","KN296502v1","1403084","1403395","43","177716455"
"chr4","179121134","179121434","KN296157v1","885718","886029","44","178235416"
"chr4","179134805","179135088","KN296594v1","1188971","1189233","53","177945834"
"chr4","179144061","179144380","KN295366v1","78980","79290","54","179065081"
"chr4","179175981","179176292","KN295477v1","23872","24183","46","179152109"
"chr4","179192074","179192402","KN296682v1","4961231","4961540","59","174230843"
"chr4","179260227","179260517","KN296732v1","1479099","1479390","40","177781128"
"chr4","179273537","179273823","KN295075v1","488811","489104","60","178784726"
"chr4","179370696","179371005","KN295708v1","1623951","1624256","33","177746745"
"chr4","179404232","179404534","KN297327v1","205834","206134","39","179198398"
"chr4","179417093","179417391","KN294588v1","939280","939572","43","178477813"
"chr4","179427810","179428037","KN295970v1","49893","50138","47","179377917"
"chr4","179446115","179446405","KN297190v1","6531550","6531835","42","172914565"
"chr4","179491887","179492036","KN294949v1","1356633","1356831","64","178135254"
"chr4","179539794","179540105","KN294603v1","63949","64255","39","179475845"
"chr4","179569996","179570304","KN296404v1","2534470","2534781","38","177035526"
"chr4","179587611","179587898","KN295666v1","1009745","1010038","33","178577866"
"chr4","179602112","179602403","KN295729v1","826689","826980","35","178775423"
"chr4","179625735","179626042","KN294848v1","512947","513252","41","179112788"
"chr4","179811789","179812062","KN294365v1","1369780","1370055","40","178442009"
"chr4","179849069","179849329","KN295474v1","1438594","1438859","39","178410475"
"chr4","179869039","179869321","KN296513v1","1923181","1923466","38","177945858"
"chr4","179875924","179876218","KN296732v1","3064831","3065121","44","176811093"
"chr4","179926943","179927262","KN295922v1","130002","130315","39","179796941"
"chr4","179953920","179954080","KN294831v1","658690","658843","31","179295230"
"chr4","180053165","180053478","KN296090v1","89328","89638","36","179963837"
"chr4","180057489","180057800","KN294251v1","1186841","1187150","41","178870648"
"chr4","180104694","180104971","KN295319v1","278051","278328","47","179826643"
"chr4","180181361","180181668","KN295735v1","1160753","1161064","36","179020608"
"chr4","180241957","180242249","KN294991v1","665172","665457","51","179576785"
"chr4","180243960","180244281","KN296921v1","1055365","1055680","39","179188595"
"chr4","180415444","180415740","KN296153v1","1115266","1115561","31","179300178"
"chr4","180456914","180457205","KN294526v1","334958","335253","36","180121956"
"chr4","180493678","180493987","KN294957v1","62097","62408","36","180431581"
"chr4","180503894","180504102","KN294345v1","881883","882096","29","179622011"
"chr4","180532203","180532490","KN295930v1","367706","367992","48","180164497"
"chr4","180553056","180553350","KN295729v1","826689","826980","38","179726367"
"chr4","180553907","180554161","KN295717v1","1445363","1445625","37","179108544"
"chr4","180576207","180576507","KN294630v1","686727","687035","42","179889480"
"chr4","180590797","180591105","KN297322v1","1224244","1224547","40","179366553"
"chr4","180605200","180605502","KN296306v1","3686137","3686439","33","176919063"
"chr4","180613285","180613578","KN294456v1","1143112","1143404","35","179470173"
"chr4","180664688","180664986","KN295729v1","1349755","1350051","36","179314933"
"chr4","180693298","180693609","KN294303v1","210654","210956","53","180482644"
"chr4","180714846","180715147","KN295045v1","451861","452165","43","180262985"
"chr4","180725913","180726219","KN296726v1","808997","809301","34","179916916"
"chr4","180753469","180753778","KN296261v1","471107","471412","38","180282362"
"chr4","180794942","180795253","KN295961v1","20434","20745","31","180774508"
"chr4","180806338","180806645","KN295319v1","93746","94048","30","180712592"
"chr4","180860910","180861213","KN294821v1","65780","66084","40","180795130"
"chr4","180888793","180889103","KN295315v1","133371","133680","41","180755422"
"chr4","180952080","180952386","KN295573v1","502898","503186","53","180449182"
"chr4","180970746","180971031","KN296311v1","6245485","6245774","43","174725261"
"chr4","180971343","180971647","KN295045v1","704827","705123","41","180266516"
"chr4","180976106","180976317","KN295977v1","1276894","1277103","51","179699212"
"chr4","180983432","180983740","KN296157v1","1136678","1136983","36","179846754"
"chr4","181046412","181046726","KN294410v1","462673","462979","44","180583739"
"chr4","181077616","181077898","KN294633v1","106169","106453","46","180971447"
"chr4","181078600","181078892","KN294172v1","6581108","6581403","44","174497492"
"chr4","181079086","181079390","KN296090v1","89328","89638","43","180989758"
"chr4","181144551","181144841","KN294647v1","185532","185822","29","180959019"
"chr4","181189234","181189445","KN294758v1","2346367","2346579","33","178842867"
"chr4","181230052","181230216","KN296503v1","287065","287231","38","180942987"
"chr4","181238789","181239083","KN296726v1","86087","86378","32","181152702"
"chr4","181359098","181359323","KN295977v1","1276894","1277103","56","180082204"
"chr4","181426352","181426664","KN294711v1","1351387","1351691","51","180074965"
"chr4","181436305","181436566","KN297274v1","130981","131246","35","181305324"
"chr4","181446814","181447099","KN295523v1","3435976","3436268","51","178010838"
"chr4","181491997","181492286","KN294172v1","4731014","4731305","35","176760983"
"chr4","181553647","181553921","KN294373v1","791594","791868","54","180762053"
"chr4","181565392","181565674","KN296225v1","765260","765548","42","180800132"
"chr4","181633732","181634028","KN295172v1","246310","246613","42","181387422"
"chr4","181715868","181716084","KN294387v1","2611334","2611552","34","179104534"
"chr4","181738780","181739049","KN294172v1","3669482","3669748","38","178069298"
"chr4","181744977","181745203","KN295330v1","117330","117591","61","181627647"
"chr4","181813228","181813524","KN296865v1","1608885","1609185","30","180204343"
"chr4","181835970","181836265","KN294850v1","174854","175153","35","181661116"
"chr4","181862406","181862718","KN295477v1","23872","24183","41","181838534"
"chr4","181926056","181926361","KN296513v1","2047464","2047766","39","179878592"
"chr4","181975399","181975681","KN294662v1","218243","218524","40","181757156"
"chr4","181981081","181981408","KN295319v1","42222","42534","57","181938859"
"chr4","182002073","182002300","KN297133v1","912117","912343","41","181089956"
"chr4","182043879","182044185","KN296233v1","1289106","1289384","45","180754773"
"chr4","182057047","182057345","KN294644v1","85408","85699","43","181971639"
"chr4","182085456","182085756","KN297108v1","379095","379389","36","181706361"
"chr4","182103528","182103832","KN294378v1","1567295","1567599","42","180536233"
"chr4","182114718","182114962","KN296872v1","37090","37341","53","182077628"
"chr4","182140888","182141178","KN294790v1","2781375","2781672","53","179359513"
"chr4","182211579","182211732","KN294444v1","72417","72567","30","182139162"
"chr4","182215279","182215500","KN295441v1","1457453","1457675","27","180757826"
"chr4","182227276","182227581","KN294603v1","111945","112247","36","182115331"
"chr4","182250902","182251166","KN295667v1","114244","114507","48","182136658"
"chr4","182287015","182287302","KN297259v1","23096","23381","34","182263919"
"chr4","182302055","182302355","KN296233v1","1045513","1045810","39","181256542"
"chr4","182330926","182331214","KN296062v1","2291832","2292114","49","180039094"
"chr4","182337939","182338229","KN294911v1","2646845","2647138","41","179691094"
"chr4","182466706","182466988","KN296233v1","897862","898142","31","181568844"
"chr4","182518615","182518922","KN294407v1","2157068","2157379","44","180361547"
"chr4","182622693","182622989","KN296538v1","1421523","1421815","40","181201170"
"chr4","182665904","182666236","KN295735v1","713634","713968","42","181952270"
"chr4","182670469","182670776","KN294446v1","240983","241287","35","182429486"
"chr4","182775375","182775677","KN296233v1","601750","602051","31","182173625"
"chr4","182804680","182804969","KN296233v1","571716","572014","40","182232964"
"chr4","182813515","182813818","KN296154v1","1049543","1049848","41","181763972"
"chr4","182861744","182862026","KN296233v1","517137","517421","26","182344607"
"chr4","182897190","182897496","KN294790v1","4075384","4075690","43","178821806"
"chr4","182950762","182951058","KN294181v1","1437190","1437488","39","181513572"
"chr4","182956971","182957281","KN296505v1","339186","339495","36","182617785"
"chr4","183060941","183061214","KN297276v1","475868","476140","41","182585073"
"chr4","183100937","183101245","KN297023v1","480259","480560","45","182620678"
"chr4","183149070","183149377","KN296233v1","238393","238699","35","182910677"
"chr4","183179204","183179494","KN296233v1","209733","210028","39","182969471"
"chr4","183190204","183190516","KN296682v1","5144925","5145221","40","178045279"
"chr4","183214944","183215255","KN296357v1","431311","431620","49","182783633"
"chr4","183285460","183285674","KN296263v1","107832","108045","36","183177628"
"chr4","183320814","183321131","KN295477v1","23872","24183","52","183296942"
"chr4","183369750","183370018","KN297431v1","370149","370416","34","182999601"
"chr4","183507625","183507932","KN296311v1","768493","768797","42","182739132"
"chr4","183550112","183550401","KN295729v1","826689","826980","39","182723423"
"chr4","183555097","183555406","KN296167v1","450049","450355","36","183105048"
"chr4","183575307","183575599","KN294470v1","2771687","2771980","59","180803620"
"chr4","183634132","183634437","KN295671v1","201221","201525","43","183432911"
"chr4","183695159","183695461","KN295977v1","1131033","1131330","36","182564126"
"chr4","183708028","183708356","KN294147v1","944827","945153","68","182763201"
"chr4","183790471","183790787","KN297008v1","1419999","1420309","36","182370472"
"chr4","183802962","183803258","KN294745v1","7357","7660","46","183795605"
"chr4","183910065","183910340","KN296110v1","34711","34985","31","183875354"
"chr4","183925450","183925746","KN297320v1","271981","272275","37","183653469"
"chr4","183934699","183934985","KN295236v1","3487031","3487311","44","180447668"
"chr4","183947523","183947838","KN295722v1","2212365","2212673","64","181735158"
"chr4","183953967","183954255","KN297197v1","1016459","1016745","38","182937508"
"chr4","183984198","183984516","KN294239v1","382966","383276","47","183601232"
"chr4","184015536","184015834","KN295729v1","826689","826980","46","183188847"
"chr4","184037003","184037307","KN296577v1","602143","602446","40","183434860"
"chr4","184115679","184115976","KN296682v1","2052676","2052972","26","182063003"
"chr4","184291883","184292186","KN294561v1","1084406","1084703","37","183207477"
"chr4","184397583","184397837","KN294269v1","1140120","1140374","40","183257463"
"chr4","184404659","184404937","KN295967v1","490584","490860","45","183914075"
"chr4","184443193","184443481","KN296513v1","2367758","2368048","40","182075435"
"chr4","184607471","184607791","KN296484v1","351750","352061","52","184255721"
"chr4","184672022","184672335","KN295883v1","314740","315051","47","184357282"
"chr4","184675988","184676300","KN295883v1","314740","315051","42","184361248"
"chr4","184695649","184695914","KN296292v1","58796","59062","31","184636853"
"chr4","184705080","184705393","KN296820v1","573805","574112","43","184131275"
"chr4","184705616","184705914","KN295719v1","189138","189434","41","184516478"
"chr4","184708846","184709151","KN295929v1","457065","457374","39","184251781"
"chr4","184737078","184737373","KN296145v1","2451188","2451482","34","182285890"
"chr4","184743077","184743328","KN296036v1","300943","301205","40","184442134"
"chr4","184749810","184750125","KN295586v1","1244707","1245017","42","183505103"
"chr4","184774758","184775073","KN294873v1","878342","878649","44","183896416"
"chr4","184792549","184792844","KN295090v1","1516878","1517168","50","183275671"
"chr4","184851397","184851676","KN296205v1","610481","610775","50","184240916"
"chr4","184908837","184909145","KN296495v1","550769","551079","42","184358068"
"chr4","184909621","184909819","KN297154v1","1346296","1346483","42","183563325"
"chr4","184949395","184949707","KN295236v1","3914928","3915239","40","181034467"
"chr4","184992286","184992590","KN296430v1","1105044","1105344","41","183887242"
"chr4","185079667","185079948","KN296311v1","4040395","4040669","48","181039272"
"chr4","185127083","185127379","KN296495v1","1362607","1362899","43","183764476"
"chr4","185214966","185215264","KN297154v1","251251","251547","39","184963715"
"chr4","185233753","185234013","KN294224v1","35405","35653","46","185198348"
"chr4","185244852","185245159","KN296484v1","351750","352061","43","184893102"
"chr4","185347639","185347937","KN294457v1","990718","991014","37","184356921"
"chr4","185363699","185363989","KN295326v1","100464","100755","27","185263235"
"chr4","185382648","185382937","KN296743v1","2392400","2392688","33","182990248"
"chr4","185436951","185437261","KN297197v1","767513","767826","37","184669438"
"chr4","185544718","185545025","KN295433v1","250702","251008","35","185294016"
"chr4","185546648","185546950","KN295571v1","513084","513393","38","185033564"
"chr4","185547795","185548091","KN296404v1","3824512","3824802","35","181723283"
"chr4","185562192","185562492","KN294457v1","143891","144185","43","185418301"
"chr4","185566789","185567087","KN296864v1","1553049","1553343","41","184013740"
"chr4","185622958","185623259","KN294638v1","5531","5829","40","185617427"
"chr4","185649179","185649463","KN296040v1","275719","276000","39","185373460"
"chr4","185656034","185656339","KN294571v1","1575904","1576204","28","184080130"
"chr4","185660229","185660536","KN294193v1","535425","535726","34","185124804"
"chr4","185697417","185697717","KN296303v1","662776","663079","43","185034641"
"chr4","185705170","185705472","KN294407v1","3027269","3027567","40","182677901"
"chr4","185706955","185707251","KN297320v1","271981","272275","36","185434974"
"chr4","185713160","185713463","KN295607v1","4377455","4377758","43","181335705"
"chr4","185724597","185724894","KN296913v1","1306950","1307245","37","184417647"
"chr4","185725171","185725337","KN296481v1","376034","376200","20","185349137"
"chr4","185733936","185734240","KN295607v1","4377455","4377758","35","181356481"
"chr4","185759338","185759649","KN294603v1","63949","64255","46","185695389"
"chr4","185761950","185762239","KN295717v1","455768","456056","40","185306182"
"chr4","185765096","185765392","KN294917v1","401690","401984","38","185363406"
"chr4","185790434","185790685","KN297154v1","1616670","1616919","38","184173764"
"chr4","185792060","185792351","KN295326v1","100464","100755","30","185691596"
"chr4","185871992","185872261","KN295236v1","1250449","1250729","45","184621543"
"chr4","185901605","185901891","KN294520v1","1707344","1707630","33","184194261"
"chr4","185911558","185911866","KN294604v1","543922","544229","40","185367636"
"chr4","185914742","185915039","KN296928v1","78552","78846","37","185836190"
"chr4","185936321","185936627","KN295459v1","673095","673397","30","185263226"
"chr4","185942070","185942378","KN294540v1","860857","861160","42","185081213"
"chr4","185976362","185976645","KN294591v1","423646","423931","40","185552716"
"chr4","185978183","185978480","KN294539v1","1287945","1288241","45","184690238"
"chr4","186023992","186024259","KN295633v1","1133330","1133601","42","184890662"
"chr4","186056269","186056582","KN296153v1","863239","863546","33","185193030"
"chr4","186057850","186058145","KN296079v1","686222","686522","43","185371628"
"chr4","186058535","186058830","KN297047v1","2960968","2961263","44","183097567"
"chr4","186071481","186071784","KN296485v1","541954","542254","33","185529527"
"chr4","186100349","186100649","KN296486v1","1266538","1266834","39","184833811"
"chr4","186106297","186106595","KN296153v1","1115266","1115561","41","184991031"
"chr4","186148905","186149208","KN296225v1","571832","572130","38","185577073"
"chr4","186177591","186177898","KN295758v1","468479","468777","38","185709112"
"chr4","186191966","186192276","KN294548v1","328774","329084","44","185863192"
"chr4","186241761","186242072","KN296486v1","1608152","1608458","37","184633609"
"chr4","186259558","186259825","KN295667v1","721290","721564","48","185538268"
"chr4","186268255","186268564","KN294957v1","62097","62408","33","186206158"
"chr4","186276968","186277257","KN294539v1","1385687","1385967","34","184891281"
"chr4","186280294","186280586","KN296108v1","434634","434924","40","185845660"
"chr4","186309389","186309697","KN294987v1","124730","125040","37","186184659"
"chr4","186311650","186311957","KN295384v1","57641","57948","45","186254009"
"chr4","186343931","186344226","KN294470v1","2136945","2137241","34","184206986"
"chr4","186346716","186347014","KN295343v1","729289","729587","31","185617427"
"chr4","186348516","186348811","KN296404v1","1150048","1150343","34","185198468"
"chr4","186368475","186368768","KN294539v1","1287945","1288241","34","185080530"
"chr4","186378452","186378755","KN297023v1","480259","480560","33","185898193"
"chr4","186402693","186402981","KN294372v1","2066812","2067105","44","184335881"
"chr4","186419376","186419670","KN294257v1","2144007","2144301","31","184275369"
"chr4","186419959","186420280","KN294790v1","5868297","5868622","49","180551662"
"chr4","186422817","186423122","KN295633v1","323295","323596","36","186099522"
"chr4","186430407","186430702","KN295171v1","646813","647115","42","185783594"
"chr4","186431236","186431450","KN297219v1","2668252","2668464","32","183762984"
"chr4","186444400","186444696","KN297023v1","480259","480560","30","185964141"
"chr4","186461366","186461667","KN295607v1","4377455","4377758","35","182083911"
"chr4","186480517","186480823","KN295962v1","193370","193681","37","186287147"
"chr4","186504121","186504436","KN296484v1","351750","352061","39","186152371"
"chr4","186517068","186517374","KN297095v1","584794","585091","44","185932274"
"chr4","186517945","186518259","KN295480v1","1302107","1302401","51","185215838"
"chr4","186552470","186552792","KN295433v1","250702","251008","54","186301768"
"chr4","186567802","186568112","KN294147v1","1899027","1899325","41","184668775"
"chr4","186667096","186667379","KN295420v1","208371","208668","38","186458725"
"chr4","186678638","186678942","KN295962v1","1974496","1974804","40","184704142"
"chr4","186685610","186685900","KN294172v1","6311128","6311420","35","180374482"
"chr4","186710157","186710470","KN295869v1","896857","897165","42","185813300"
"chr4","186713834","186714142","KN294733v1","93682","93991","49","186620152"
"chr4","186725052","186725302","KN294837v1","414762","415008","39","186310290"
"chr4","186753602","186753882","KN294570v1","116175","116454","41","186637427"
"chr4","186754347","186754647","KN296311v1","854862","855163","32","185899485"
"chr4","186764911","186765213","KN294911v1","1933406","1933698","39","184831505"
"chr4","186784148","186784453","KN295244v1","882642","882949","36","185901506"
"chr4","186795964","186796272","KN296404v1","2968202","2968511","39","183827762"
"chr4","186811683","186811909","KN294295v1","108436","108662","43","186703247"
"chr4","186812009","186812298","KN294326v1","619990","620278","35","186192019"
"chr4","186814500","186814790","KN295936v1","2040017","2040305","39","184774483"
"chr4","186815901","186816198","KN295410v1","166460","166754","37","186649441"
"chr4","186822840","186823141","KN294761v1","363307","363610","39","186459533"
"chr4","186833162","186833445","KN294571v1","671930","672216","35","186161232"
"chr4","186849042","186849349","KN295995v1","655021","655332","36","186194021"
"chr4","186859323","186859606","KN296759v1","520385","520667","35","186338938"
"chr4","186870686","186870996","KN294558v1","721959","722270","43","186148727"
"chr4","186882663","186882959","KN294181v1","145618","145914","33","186737045"
"chr4","186891923","186892224","KN296726v1","808997","809301","32","186082926"
"chr4","186917031","186917330","KN296503v1","544133","544430","37","186372898"
"chr4","186928444","186928747","KN297023v1","480259","480560","30","186448185"
"chr4","186931728","186932023","KN297023v1","25007","25303","31","186906721"
"chr4","186934182","186934485","KN295571v1","1155767","1156067","38","185778415"
"chr4","186937912","186938218","KN296311v1","2450978","2451280","45","184486934"
"chr4","186953553","186953857","KN294842v1","364095","364395","42","186589458"
"chr4","186954440","186954739","KN296311v1","2283043","2283345","29","184671397"
"chr4","186955503","186955806","KN294292v1","12015","12314","43","186943488"
"chr4","186979381","186979667","KN295371v1","448057","448341","37","186531324"
"chr4","187013220","187013513","KN294662v1","54879","55172","39","186958341"
"chr4","187050512","187050774","KN296142v1","290628","290888","44","186759884"
"chr4","187053189","187053481","KN296852v1","421402","421693","48","186631787"
"chr4","187067292","187067604","KN295835v1","181014","181322","39","186886278"
"chr4","187075131","187075408","KN296486v1","1457751","1458030","33","185617380"
"chr4","187079396","187079703","KN295350v1","392786","393093","41","186686610"
"chr4","187081930","187082229","KN294444v1","58729","59031","51","187023201"
"chr4","187088202","187088502","KN297023v1","480259","480560","34","186607943"
"chr4","187099622","187099906","KN296508v1","1079358","1079640","44","186020264"
"chr4","187102040","187102354","KN295735v1","1160753","1161064","36","185941287"
"chr4","187106333","187106633","KN297154v1","449271","449568","35","186657062"
"chr4","187106941","187107246","KN296322v1","2692700","2693002","42","184414241"
"chr4","187108220","187108551","KN294837v1","272813","273136","50","186835407"
"chr4","187129317","187129629","KN297046v1","1490505","1490809","38","185638812"
"chr4","187138780","187139080","KN295573v1","1181342","1181637","39","185957438"
"chr4","187156757","187157056","KN295099v1","314542","314843","30","186842215"
"chr4","187174279","187174592","KN296266v1","31062","31371","34","187143217"
"chr4","187186901","187187198","KN294977v1","13264","13560","32","187173637"
"chr4","187194823","187195115","KN296009v1","1147876","1148169","37","186046947"
"chr4","187200417","187200712","KN296406v1","55784","56073","52","187144633"
"chr4","187206586","187206892","KN297008v1","1825305","1825608","39","185381281"
"chr4","187242630","187242931","KN294873v1","878342","878649","41","186364288"
"chr4","187256362","187256670","KN294995v1","15599","15901","38","187240763"
"chr4","187262227","187262517","KN294501v1","4140225","4140518","35","183122002"
"chr4","187263601","187263892","KN295835v1","84846","85139","30","187178755"
"chr4","187286000","187286298","KN296557v1","13515","13811","30","187272485"
"chr4","187348853","187349129","KN296311v1","4687471","4687755","50","182661382"
"chr4","187372643","187372925","KN296062v1","707939","708222","31","186664704"
"chr4","187389155","187389457","KN294873v1","1602078","1602381","31","185787077"
"chr4","187416009","187416292","KN295236v1","3875696","3875981","35","183540313"
"chr4","187418754","187419037","KN295236v1","3875696","3875981","35","183543058"
"chr4","187434549","187434859","KN296635v1","2387021","2387331","33","185047528"
"chr4","187458782","187459078","KN297369v1","155857","156141","41","187302925"
"chr4","187464633","187464927","KN295205v1","530889","531187","36","186933744"
"chr4","187496216","187496481","KN294705v1","239668","239932","37","187256548"
"chr4","187502006","187502305","KN296311v1","3354626","3354926","52","184147380"
"chr4","187503237","187503417","KN295814v1","1514953","1515137","30","185988284"
"chr4","187532027","187532336","KN294181v1","1408342","1408653","43","186123685"
"chr4","187556930","187557233","KN297133v1","1352390","1352685","45","186204540"
"chr4","187648055","187648356","KN295841v1","494485","494787","42","187153570"
"chr4","187652362","187652548","KN294456v1","1247157","1247342","28","186405205"
"chr4","187667414","187667716","KN294181v1","1579076","1579376","34","186088338"
"chr4","187685970","187686278","KN294911v1","2389002","2389309","41","185296968"
"chr4","187708088","187708385","KN295871v1","542479","542775","29","187165609"
"chr4","187739814","187740109","KN294210v1","1472464","1472760","31","186267350"
"chr4","187754673","187754999","KN295371v1","377631","377943","46","187377042"
"chr4","187823599","187823907","KN294526v1","486831","487133","36","187336768"
"chr4","187831866","187832150","KN297340v1","75278","75555","42","187756588"
"chr4","187909548","187909850","KN295929v1","457065","457374","47","187452483"
"chr4","187951271","187951577","KN295362v1","1043462","1043763","34","186907809"
"chr4","187954230","187954531","KN295302v1","361165","361469","31","187593065"
"chr4","187990374","187990672","KN294733v1","607498","607793","34","187382876"
"chr4","188002302","188002613","KN295471v1","799950","800259","31","187202352"
"chr4","188010312","188010622","KN296205v1","1038770","1039076","36","186971542"
"chr4","188013354","188013672","KN295304v1","440928","441240","45","187572426"
"chr4","188022316","188022549","KN296062v1","2561525","2561749","38","185460791"
"chr4","188030332","188030619","KN297141v1","1594","1881","30","188028738"
"chr4","188058689","188059009","KN296921v1","2918407","2918707","59","185140282"
"chr4","188101664","188101946","KN297242v1","2046546","2046825","43","186055118"
"chr4","188114476","188114790","KN295433v1","250702","251008","42","187863774"
"chr4","188137395","188137676","KN294705v1","1468786","1469068","43","186668609"
"chr4","188152245","188152550","KN295319v1","93746","94048","30","188058499"
"chr4","188168063","188168393","KN296290v1","1114336","1114666","42","187053727"
"chr4","188189454","188189758","KN295352v1","490330","490634","38","187699124"
"chr4","188195944","188196251","KN295294v1","555675","555978","39","187640269"
"chr4","188198838","188199130","KN294662v1","218243","218524","46","187980595"
"chr4","188201340","188201640","KN295573v1","192599","192895","37","188008741"
"chr4","188208812","188209106","KN296948v1","1329163","1329455","38","186879649"
"chr4","188232683","188232987","KN296187v1","1449091","1449391","39","186783592"
"chr4","188270853","188271039","KN296225v1","431898","432075","35","187838955"
"chr4","188276292","188276595","KN295571v1","513084","513393","39","187763208"
"chr4","188342409","188342707","KN295459v1","673095","673397","36","187669314"
"chr4","188373208","188373515","KN295345v1","1118463","1118770","38","187254745"
"chr4","188382725","188383023","KN297408v1","456168","456464","39","187926557"
"chr4","188409322","188409625","KN295722v1","1373842","1374147","39","187035480"
"chr4","188468128","188468439","KN294705v1","186396","186702","37","188281732"
"chr4","188477735","188478030","KN295107v1","1024078","1024366","46","187453657"
"chr4","188478573","188478866","KN295096v1","2965990","2966278","39","185512583"
"chr4","188510359","188510670","KN295523v1","3762030","3762344","46","184748329"
"chr4","188520227","188520541","KN294170v1","5505","5809","50","188514722"
"chr4","188528162","188528472","KN295439v1","102691","103000","33","188425471"
"chr4","188538780","188539080","KN296825v1","1476047","1476348","47","187062733"
"chr4","188540123","188540433","KN294940v1","567435","567744","47","187972688"
"chr4","188541370","188541673","KN295345v1","1118463","1118770","53","187422907"
"chr4","188560000","188560287","KN294218v1","1229146","1229433","36","187330854"
"chr4","188584713","188585005","KN296563v1","166155","166446","50","188418558"
"chr4","188586061","188586355","KN295236v1","4141001","4141296","42","184445060"
"chr4","188595839","188596144","KN296311v1","3194235","3194543","29","185401604"
"chr4","188642819","188643123","KN296485v1","116854","117160","44","188525965"
"chr4","188674518","188674823","KN296643v1","219925","220237","35","188454593"
"chr4","188678063","188678334","KN295205v1","1062608","1062874","40","187615455"
"chr4","188681280","188681590","KN295596v1","2016763","2017064","50","186664517"
"chr4","188686334","188686620","KN297274v1","1437579","1437862","36","187248755"
"chr4","188692201","188692506","KN297276v1","143691","143993","43","188548510"
"chr4","188730716","188730998","KN295729v1","826689","826980","44","187904027"
"chr4","188751690","188751977","KN294644v1","85408","85699","43","188666282"
"chr4","188754684","188754896","KN296263v1","107832","108045","29","188646852"
"chr4","188768983","188769286","KN295302v1","361165","361469","33","188407818"
"chr4","188775138","188775441","KN296926v1","1049515","1049816","29","187725623"
"chr4","188819761","188820065","KN296145v1","740136","740436","34","188079625"
"chr4","188820418","188820542","KN294767v1","817992","818122","46","188002426"
"chr4","188821448","188821581","KN295112v1","620701","620835","13","188200747"
"chr4","188848464","188848757","KN296743v1","2255912","2256204","30","186592552"
"chr4","188868387","188868569","KN295605v1","68242","68434","36","188800145"
"chr4","188872352","188872644","KN296682v1","2052676","2052972","39","186819676"
"chr4","188892162","188892478","KN296096v1","2503433","2503749","47","186388729"
"chr4","188951296","188951599","KN295302v1","361165","361469","34","188590131"
"chr4","188956578","188956855","KN296864v1","1076694","1076968","40","187879884"
"chr4","188963501","188963812","KN295319v1","42222","42534","43","188921279"
"chr4","188964391","188964685","KN295571v1","203398","203695","34","188760993"
"chr4","188967755","188968055","KN294705v1","430220","430521","30","188537535"
"chr4","189012005","189012303","KN296557v1","13515","13811","27","188998490"
"chr4","189020642","189020939","KN294561v1","1084406","1084703","31","187936236"
"chr4","189033438","189033754","KN295077v1","473294","473605","41","188560144"
"chr4","189068602","189068896","KN294378v1","1504358","1504668","52","187564244"
"chr4","189071728","189072013","KN295371v1","966183","966471","36","188105545"
"chr4","189114465","189114761","KN296404v1","1150048","1150343","32","187964417"
"chr4","189143948","189144244","KN296442v1","544547","544851","43","188599401"
"chr4","189213917","189214169","KN296213v1","24277","24539","49","189189640"
"chr4","189216547","189216850","KN294790v1","163386","163690","45","189053161"
"chr4","189229464","189229774","KN296303v1","514845","515157","42","188714619"
"chr4","189250080","189250376","KN294175v1","69839","70134","39","189180241"
"chr4","189262173","189262354","KN296153v1","3305899","3306083","29","185956274"
"chr4","189301171","189301470","KN295633v1","323295","323596","33","188977876"
"chr4","189302629","189302924","KN294571v1","1575904","1576204","37","187726725"
"chr4","189309852","189310161","KN294506v1","42580","42892","40","189267272"
"chr4","189319014","189319326","KN294603v1","63949","64255","36","189255065"
"chr4","189337805","189337964","KN297190v1","4220682","4220840","30","185117123"
"chr4","189349849","189350149","KN296430v1","1105044","1105344","32","188244805"
"chr4","189364832","189365136","KN294187v1","544177","544478","43","188820655"
"chr4","189377368","189377691","KN296486v1","67047","67367","52","189310321"
"chr4","189378805","189379129","KN296119v1","3975741","3976062","55","185403064"
"chr4","189387878","189388169","KN294685v1","188159","188450","42","189199719"
"chr4","189390758","189391053","KN294591v1","506850","507149","36","188883908"
"chr4","189396375","189396677","KN296833v1","88234","88534","39","189308141"
"chr4","189406827","189406979","KN294187v1","1105095","1105248","27","188301732"
"chr4","189412444","189412732","KN297190v1","4200135","4200423","35","185212309"
"chr4","189425427","189425741","KN295607v1","4377455","4377758","48","185047972"
"chr4","189434458","189434770","KN294172v1","2552899","2553211","41","186881559"
"chr4","189443597","189443902","KN297023v1","480259","480560","31","188963338"
"chr4","189504170","189504406","KN295405v1","757351","757593","37","188746819"
"chr4","189568229","189568544","KN294239v1","382966","383276","38","189185263"
"chr4","189624686","189624993","KN294456v1","1098138","1098439","37","188526548"
"chr4","189674207","189674518","KN294453v1","23988","24299","38","189650219"
"chr4","189691539","189691840","KN296487v1","131647","131949","33","189559892"
"chr4","189693411","189693722","KN295090v1","2486557","2486869","39","187206854"
"chr4","189748324","189748630","KN296424v1","51364","51665","32","189696960"
"chr4","189752442","189752737","KN294182v1","794404","794699","37","188958038"
"chr4","189768239","189768536","KN296595v1","42365","42662","41","189725874"
"chr4","189849296","189849584","KN294987v1","1477069","1477366","36","188372227"
"chr4","189913994","189914304","KN296153v1","863239","863546","37","189050755"
"chr4","189915758","189916066","KN294602v1","174286","174597","36","189741472"
"chr4","189923674","189923983","KN295607v1","4377455","4377758","42","185546219"
"chr4","189925618","189925918","KN295319v1","93746","94048","37","189831872"
"chr4","190042362","190042669","KN295326v1","192748","193053","40","189849614"
"chr4","190077480","190077773","KN295871v1","615076","615373","32","189462404"
"chr4","190084267","190084558","KN296833v1","94676","94959","38","189989591"
"chr4","190087174","190087462","KN295814v1","158538","158819","46","189928636"
"chr4","190094397","190094691","KN295102v1","315516","315811","45","189778881"
"chr4","190099071","190099361","KN295729v1","826689","826980","31","189272382"
"chr4","190111813","190112106","KN294251v1","1707208","1707507","37","188404605"
"chr4","190128047","190128335","KN294954v1","171478","171769","37","189956569"
"chr4","190139372","190139668","KN294257v1","1929170","1929463","32","188210202"
"chr4","190151727","190152018","KN295735v1","822355","822644","39","189329372"
"chr4","190222269","190222558","KN295361v1","824524","824814","36","189397745"
"chr4","190250751","190251048","KN297044v1","67196","67485","53","190183555"
"chr4","190251482","190251774","KN295090v1","916249","916542","43","189335233"
"chr4","190275196","190275493","KN294991v1","293673","293971","37","189981523"
"chr4","190278639","190278932","KN294385v1","1020800","1021091","38","189257839"
"chr4","190360287","190360570","KN295623v1","474716","475007","36","189885571"
"chr4","190375297","190375594","KN297028v1","915537","915829","33","189459760"
"chr4","190429777","190430070","KN294571v1","1677168","1677468","37","188752609"
"chr4","190505647","190505916","KN295239v1","520045","520315","42","189985602"
"chr4","190551254","190551562","KN296157v1","885718","886029","41","189665536"
"chr4","190563760","190564058","KN297245v1","1416081","1416379","33","189147679"
"chr4","190604798","190605105","KN296404v1","1518963","1519272","51","189085835"
"chr4","190659435","190659670","KN295405v1","757351","757593","43","189902084"
"chr4","190695724","190696035","KN295154v1","52907","53218","47","190642817"
"chr4","190704300","190704609","KN295571v1","513084","513393","41","190191216"
"chr4","190737611","190737901","KN295729v1","826689","826980","37","189910922"
"chr4","190835401","190835687","KN294257v1","2744602","2744887","47","188090799"
"chr4","190867147","190867420","KN296806v1","64610","64882","40","190802537"
"chr4","190882157","190882465","KN296503v1","539763","540066","44","190342394"
"chr4","190897589","190897886","KN297245v1","1416081","1416379","41","189481508"
"chr4","190911174","190911480","KN294421v1","1629521","1629823","40","189281653"
"chr4","190928962","190929259","KN294470v1","2136945","2137241","28","188792017"
"chr4","191113635","191113932","KN294526v1","584075","584376","43","190529560"
"chr4","191243367","191243660","KN295090v1","2817235","2817535","39","188426132"
"chr4","191255429","191255735","KN297046v1","810237","810542","38","190445192"
"chr4","191260788","191261091","KN296063v1","733195","733500","35","190527593"
"chr4","191265652","191265946","KN294806v1","458702","458997","40","190806950"
"chr4","191282760","191282988","KN294630v1","318762","318992","31","190963998"
"chr4","191303440","191303728","KN294644v1","85408","85699","35","191218032"
"chr4","191317676","191317977","KN297154v1","1039874","1040175","38","190277802"
"chr4","191344164","191344482","KN295708v1","1431107","1431415","53","189913057"
"chr4","191348395","191348700","KN295564v1","408804","409105","26","190939591"
"chr4","191388263","191388561","KN296842v1","9047","9348","36","191379216"
"chr4","191389512","191389779","KN296864v1","1076694","1076968","37","190312818"
"chr4","191394617","191394951","KN294619v1","1176489","1176829","53","190218128"
"chr4","191416627","191416923","KN296109v1","911694","911979","48","190504933"
"chr4","191426063","191426372","KN296484v1","351750","352061","41","191074313"
"chr4","191426864","191427161","KN294539v1","1287945","1288241","33","190138919"
"chr4","191441915","191442095","KN294458v1","670426","670609","32","190771489"
"chr4","191452436","191452735","KN297023v1","480259","480560","36","190972177"
"chr4","191453882","191454173","KN294456v1","1143112","1143404","35","190310770"
"chr4","191470084","191470400","KN294245v1","233500","233811","35","191236584"
"chr4","191473353","191473659","KN295841v1","494485","494787","34","190978868"
"chr4","191490379","191490646","KN295343v1","770844","771117","41","190719535"
"chr4","191495187","191495491","KN296643v1","852402","852709","36","190642785"
"chr4","191515722","191516041","KN297023v1","480259","480560","44","191035463"
"chr4","191517748","191518047","KN295814v1","1261993","1262292","30","190255755"
"chr4","191536395","191536707","KN295995v1","655021","655332","33","190881374"
"chr4","191537682","191537973","KN294419v1","200675","200969","38","191337007"
"chr4","191541672","191541964","KN294251v1","1707208","1707507","44","189834464"
"chr4","191557384","191557683","KN294387v1","2762043","2762353","57","188795341"
"chr4","191585871","191586178","KN295526v1","764551","764853","31","190821320"
"chr4","191599405","191599699","KN296145v1","3072127","3072422","35","188527278"
"chr4","191620850","191621163","KN295294v1","2546248","2546553","44","189074602"
"chr4","191642938","191643244","KN295607v1","4377455","4377758","37","187265483"
"chr4","191646504","191646815","KN295607v1","4361636","4361944","43","187284868"
"chr4","191647658","191647963","KN295459v1","673095","673397","35","190974563"
"chr4","191654886","191655191","KN296153v1","2750284","2750585","40","188904602"
"chr4","191672201","191672503","KN296153v1","3009479","3009786","41","188662722"
"chr4","191679608","191679916","KN295607v1","4406348","4406645","41","187273260"
"chr4","191695466","191695769","KN296138v1","98488","98788","39","191596978"
"chr4","191726385","191726685","KN294650v1","27151","27445","32","191699234"
"chr4","191733382","191733677","KN295893v1","5868753","5869051","37","185864629"
"chr4","191760532","191760839","KN295637v1","795675","795978","33","190964857"
"chr4","191790584","191790889","KN295302v1","361165","361469","37","191429419"
"chr4","191791546","191791859","KN295315v1","532341","532653","43","191259205"
"chr4","191816101","191816337","KN294536v1","1815140","1815377","40","190000961"
"chr4","191847615","191847936","KN297408v1","58299","58616","41","191789316"
"chr4","191902711","191903003","KN295719v1","189138","189434","51","191713573"
"chr4","191920375","191920689","KN294245v1","511576","511887","46","191408799"
"chr4","191939719","191939893","KN294245v1","79202","79375","28","191860517"
"chr4","192006375","192006676","KN297133v1","1028720","1029024","40","190977655"
"chr4","192037013","192037292","KN294244v1","56461","56743","44","191980552"
"chr4","192048211","192048502","KN295633v1","323295","323596","39","191724916"
"chr4","192099088","192099394","KN294172v1","1157424","1157723","41","190941664"
"chr4","192119497","192119788","KN295366v1","124181","124471","39","191995316"
"chr4","192143295","192143605","KN296167v1","450049","450355","40","191693246"
"chr4","192152733","192153027","KN295352v1","88118","88418","43","192064615"
"chr4","192214196","192214491","KN295420v1","208371","208668","48","192005825"
"chr4","192314745","192315045","KN294470v1","2136945","2137241","38","190177800"
"chr4","192329909","192330200","KN297095v1","1470058","1470347","47","190859851"
"chr4","192378549","192378845","KN295871v1","542479","542775","38","191836070"
"chr4","192414582","192414816","KN295045v1","921009","921237","36","191493573"
"chr4","192467678","192467987","KN294603v1","63949","64255","36","192403729"
"chr4","192506531","192506824","KN296303v1","662776","663079","43","191843755"
"chr4","192593872","192594168","KN297133v1","453124","453424","41","192140748"
"chr4","192661357","192661653","KN294470v1","2136945","2137241","36","190524412"
"chr4","192777354","192777656","KN296609v1","2956382","2956679","46","189820972"
"chr4","192782810","192783107","KN296096v1","2995301","2995598","32","189787509"
"chr4","192822481","192822787","KN297279v1","1133859","1134166","48","191688622"
"chr4","192882679","192882985","KN295526v1","764551","764853","36","192118128"
"chr4","192885178","192885484","KN295526v1","764551","764853","36","192120627"
"chr4","192970816","192971094","KN295371v1","448057","448341","41","192522759"
"chr4","192971564","192971871","KN296311v1","2891003","2891305","34","190080561"
"chr4","193050706","193051001","KN294917v1","405138","405434","36","192645568"
"chr4","193062064","193062335","KN294647v1","185532","185822","55","192876532"
"chr4","193155281","193155565","KN294520v1","1707344","1707630","36","191447937"
"chr4","193212837","193213130","KN294419v1","200675","200969","30","193012162"
"chr4","193237444","193237742","KN297274v1","2049011","2049306","37","191188433"
"chr4","193243082","193243390","KN297293v1","606553","606854","35","192636529"
"chr4","193347878","193348179","KN296520v1","1316759","1317053","39","192031119"
"chr4","193370837","193371145","KN294980v1","84972","85282","40","193285865"
"chr5","161480572","161480860","KN294644v1","51654","51945","39","161428918"
"chr5","16908054","16908347","KN297274v1","334590","334883","38","16573464"
"chr5","35127082","35127389","KN295735v1","1160753","1161064","41","33966329"
"chr5","41680892","41681198","KN294239v1","1342511","1342813","34","40338381"
"chr5","52953038","52953343","KN295705v1","2765771","2766065","54","50187267"
"chr5","103677726","103678023","KN294874v1","309420","309712","33","103368306"
"chr5","133562137","133562447","KN294911v1","3990421","3990735","28","129571716"
"chr5","155713371","155713679","KN295449v1","767067","767372","38","154946304"
"chr5","157810444","157810755","KN296879v1","277170","277475","48","157533274"
"chr5","171835355","171835664","KN295832v1","3161","3473","28","171832194"
"chr5","173276958","173277244","KN295102v1","222669","222960","36","173054289"
"chr5","243861","244118","KN295362v1","490911","491170","37","247050"
"chr5","246962","247256","KN294539v1","1287945","1288241","30","1040983"
"chr5","251942","252247","KN295236v1","4249040","4249346","40","3997098"
"chr5","330454","330741","KN296802v1","144507","144806","36","185947"
"chr5","347723","348026","KN296802v1","162114","162417","26","185609"
"chr5","361880","362173","KN294457v1","7277","7572","40","354603"
"chr5","420599","420910","KN295962v1","1218515","1218823","34","797916"
"chr5","455093","455386","KN295719v1","189138","189434","38","265955"
"chr5","569645","569956","KN294710v1","68748","69053","38","500897"
"chr5","610335","610628","KN294407v1","3027269","3027567","33","2416934"
"chr5","703274","703560","KN294419v1","200675","200969","41","502599"
"chr5","739949","740052","KN294456v1","895120","895228","27","155171"
"chr5","740271","740442","KN295034v1","690203","690373","27","50068"
"chr5","756022","756204","KN295814v1","118840","119024","29","637182"
"chr5","758058","758364","KN296270v1","656153","656454","41","101905"
"chr5","775738","776034","KN294172v1","1602432","1602732","36","826694"
"chr5","862984","863283","KN296645v1","48853","49146","39","814131"
"chr5","1020537","1020703","KN294848v1","1183193","1183355","19","162656"
"chr5","1032202","1032509","KN296802v1","730621","730927","25","301581"
"chr5","1098530","1098842","KN296802v1","676783","677095","27","421747"
"chr5","1165813","1166097","KN294207v1","618181","618464","44","547632"
"chr5","1266543","1266853","KN296802v1","514713","515017","35","751830"
"chr5","1270286","1270596","KN296153v1","2996459","2996763","47","1726173"
"chr5","1316943","1317251","KN296802v1","470141","470449","29","846802"
"chr5","1321373","1321681","KN294456v1","1098138","1098439","43","223235"
"chr5","1346716","1346994","KN295596v1","13275","13555","41","1333441"
"chr5","1387024","1387335","KN296802v1","403175","403487","34","983849"
"chr5","1394375","1394673","KN296802v1","395331","395633","25","999044"
"chr5","1404985","1405147","KN295667v1","1026814","1026972","28","378171"
"chr5","1415438","1415623","KN294172v1","5723758","5723953","37","4308320"
"chr5","1429361","1429670","KN294957v1","62097","62408","35","1367264"
"chr5","1476350","1476629","KN296802v1","308901","309179","25","1167449"
"chr5","1525888","1526199","KN296802v1","264566","264875","23","1261322"
"chr5","1624600","1624896","KN294457v1","7277","7572","40","1617323"
"chr5","1645180","1645466","KN294365v1","1732094","1732379","34","86914"
"chr5","1686617","1686928","KN295330v1","42169","42477","34","1644448"
"chr5","1719417","1719716","KN295405v1","389811","390107","41","1329606"
"chr5","1719940","1720233","KN295480v1","1302107","1302401","37","417833"
"chr5","1728685","1728876","KN296495v1","510488","510677","32","1218197"
"chr5","1745260","1745567","KN295330v1","110141","110441","35","1635119"
"chr5","1746038","1746338","KN295330v1","110898","111192","20","1635140"
"chr5","1782793","1783101","KN295330v1","143465","143763","39","1639328"
"chr5","1825512","1825842","KN296486v1","67047","67367","55","1758465"
"chr5","1846342","1846638","KN295729v1","826689","826980","30","1019653"
"chr5","1878277","1878579","KN295330v1","233875","234177","27","1644402"
"chr5","2212127","2212431","KN294193v1","774395","774701","39","1437732"
"chr5","2340142","2340460","KN296303v1","514845","515157","46","1825297"
"chr5","2377118","2377428","KN295637v1","795675","795978","38","1581443"
"chr5","2382407","2382699","KN296157v1","965043","965337","36","1417364"
"chr5","2473602","2473899","KN295198v1","274974","275272","42","2198628"
"chr5","2501698","2501993","KN296153v1","1115266","1115561","40","1386432"
"chr5","2509965","2510263","KN296119v1","2885918","2886213","49","375953"
"chr5","2554475","2554768","KN294733v1","607498","607793","38","1946977"
"chr5","2603865","2604107","KN296520v1","405603","405840","44","2198262"
"chr5","2673473","2673789","KN295241v1","325917","326226","40","2347556"
"chr5","2692588","2692896","KN296635v1","2181073","2181379","36","511515"
"chr5","2829338","2829610","KN295077v1","730723","731005","48","2098615"
"chr5","2866901","2867208","KN294992v1","176419","176728","42","2690482"
"chr5","2884692","2885005","KN297390v1","166530","166837","37","2718162"
"chr5","2888539","2888844","KN297038v1","911124","911431","45","1977415"
"chr5","2928107","2928313","KN296426v1","64367","64561","33","2863740"
"chr5","2945062","2945371","KN294957v1","62097","62408","39","2882965"
"chr5","3114503","3114793","KN294571v1","671930","672216","34","2442573"
"chr5","3116421","3116713","KN296809v1","909370","909660","35","2207051"
"chr5","3124664","3124968","KN294446v1","240983","241287","45","2883681"
"chr5","3166876","3167167","KN295114v1","157283","157573","43","3009593"
"chr5","3212830","3213137","KN295343v1","729289","729587","39","2483541"
"chr5","3229247","3229571","KN296311v1","3556438","3556761","63","327191"
"chr5","3234550","3234843","KN296682v1","4871116","4871412","36","1636566"
"chr5","3322562","3322865","KN294991v1","1449381","1449686","40","1873181"
"chr5","3418736","3419041","KN294446v1","240983","241287","38","3177753"
"chr5","3425248","3425547","KN296062v1","190239","190541","36","3235009"
"chr5","3560710","3560999","KN295361v1","824524","824814","35","2736186"
"chr5","3569898","3570182","KN294457v1","205085","205362","41","3364813"
"chr5","3681929","3682231","KN296495v1","430669","430968","47","3251260"
"chr5","3699243","3699534","KN296557v1","13515","13811","36","3685728"
"chr5","3731546","3731840","KN295361v1","824524","824814","38","2907022"
"chr5","3749101","3749387","KN296825v1","794118","794410","53","2954983"
"chr5","3785462","3785756","KN297133v1","945350","945639","40","2840112"
"chr5","3787458","3787668","KN295406v1","275159","275372","56","3512299"
"chr5","3787816","3788110","KN297133v1","945350","945639","42","2842466"
"chr5","3852521","3852831","KN296503v1","58212","58521","36","3794309"
"chr5","3898191","3898495","KN296883v1","878376","878679","36","3019815"
"chr5","4030090","4030381","KN297190v1","764184","764476","37","3265906"
"chr5","4035433","4035732","KN295523v1","4073633","4073934","38","38200"
"chr5","4152651","4152976","KN296503v1","58212","58521","45","4094439"
"chr5","4186088","4186387","KN294976v1","1005439","1005736","43","3180649"
"chr5","4212778","4213074","KN296062v1","2267975","2268268","38","1944803"
"chr5","4273003","4273297","KN294571v1","457321","457617","51","3815682"
"chr5","4299626","4299939","KN296731v1","1167793","1168104","40","3131833"
"chr5","4328464","4328773","KN297442v1","240570","240874","40","4087894"
"chr5","4498788","4499080","KN294917v1","401690","401984","37","4097098"
"chr5","4538954","4539249","KN296145v1","2451188","2451482","44","2087766"
"chr5","4542069","4542364","KN296145v1","2451188","2451482","42","2090881"
"chr5","4579055","4579330","KN294172v1","4320066","4320347","64","258989"
"chr5","4585481","4585744","KN294650v1","27651","27917","42","4557830"
"chr5","4754456","4754754","KN297158v1","212439","212742","38","4542017"
"chr5","4809733","4810012","KN296225v1","464140","464438","50","4345593"
"chr5","4821131","4821431","KN295236v1","6034181","6034484","38","1213050"
"chr5","4855890","4856192","KN296311v1","768493","768797","40","4087397"
"chr5","5030086","5030410","KN296311v1","3427286","3427594","50","1602800"
"chr5","5078539","5078751","KN295075v1","459846","460053","34","4618693"
"chr5","5132403","5132708","KN297083v1","22487","22793","42","5109916"
"chr5","5295410","5295707","KN297219v1","2516731","2517031","32","2778679"
"chr5","5427171","5427462","KN295571v1","360092","360383","38","5067079"
"chr5","5440774","5441064","KN294239v1","1737680","1737968","41","3703094"
"chr5","5452397","5452709","KN295893v1","57908","58210","66","5394489"
"chr5","5513120","5513425","KN296406v1","250415","250727","45","5262705"
"chr5","5734509","5734819","KN296732v1","3252506","3252815","37","2482003"
"chr5","5788700","5788983","KN294429v1","48972","49253","34","5739728"
"chr5","5811509","5811813","KN295480v1","1019990","1020292","45","4791519"
"chr5","5812784","5813103","KN296849v1","754715","755026","59","5058069"
"chr5","5860259","5860567","KN294172v1","3880118","3880424","42","1980141"
"chr5","5883727","5883931","KN295995v1","278598","278793","39","5605129"
"chr5","5884710","5885003","KN294526v1","334958","335253","35","5549752"
"chr5","5905863","5906130","KN295633v1","1133330","1133601","44","4772533"
"chr5","5943088","5943387","KN297008v1","1232459","1232766","48","4710629"
"chr5","5970182","5970491","KN296825v1","2159390","2159700","41","3810792"
"chr5","6069899","6070199","KN295929v1","227436","227727","50","5842463"
"chr5","6096209","6096513","KN295301v1","716124","716425","43","5380085"
"chr5","6151191","6151484","KN294790v1","11412","11701","42","6139779"
"chr5","6193647","6193932","KN294571v1","671930","672216","30","5521717"
"chr5","6234719","6235020","KN294521v1","509491","509791","43","5725228"
"chr5","6263025","6263334","KN297133v1","1028720","1029024","35","5234305"
"chr5","6305614","6305918","KN294520v1","782243","782539","47","5523371"
"chr5","6307866","6308157","KN294419v1","34484","34783","37","6273382"
"chr5","6316305","6316615","KN295439v1","83349","83650","41","6232956"
"chr5","6384158","6384451","KN295523v1","3830265","3830560","43","2553893"
"chr5","6393607","6393878","KN295205v1","1144902","1145175","36","5248705"
"chr5","6489623","6489920","KN295729v1","826689","826980","43","5662934"
"chr5","6515064","6515320","KN295820v1","851444","851701","37","5663620"
"chr5","6598166","6598430","KN294650v1","27651","27917","31","6570515"
"chr5","6631619","6631900","KN295034v1","42402","42668","46","6589217"
"chr5","6658907","6659204","KN294446v1","240983","241287","34","6417924"
"chr5","6713469","6713756","KN294539v1","1287945","1288241","47","5425524"
"chr5","6748002","6748313","KN295962v1","2329043","2329352","38","4418959"
"chr5","6841874","6842179","KN297390v1","166530","166837","38","6675344"
"chr5","6868277","6868578","KN294172v1","6382721","6383027","39","485556"
"chr5","6883792","6884085","KN297274v1","1863027","1863315","42","5020765"
"chr5","7002889","7003193","KN295236v1","176345","176646","44","6826544"
"chr5","7119647","7119941","KN296833v1","94676","94959","49","7024971"
"chr5","7289479","7289785","KN296311v1","2891003","2891305","34","4398476"
"chr5","7394178","7394498","KN296635v1","4969030","4969343","50","2425148"
"chr5","7415241","7415561","KN296502v1","1403084","1403395","43","6012157"
"chr5","7700105","7700420","KN297190v1","6709267","6709581","51","990838"
"chr5","7702484","7702795","KN296357v1","653990","654295","36","7048494"
"chr5","7706601","7706911","KN295735v1","1160753","1161064","40","6545848"
"chr5","7759029","7759330","KN294378v1","1310611","1310912","29","6448418"
"chr5","7764153","7764463","KN296588v1","289027","289334","37","7475126"
"chr5","7803356","7803657","KN296557v1","13515","13811","42","7789841"
"chr5","7803692","7803998","KN296158v1","1175251","1175559","44","6628441"
"chr5","7825041","7825349","KN296731v1","1167793","1168104","40","6657248"
"chr5","7833206","7833503","KN295607v1","4377455","4377758","37","3455751"
"chr5","7847411","7847701","KN296495v1","1951647","1951933","36","5895764"
"chr5","8061813","8062117","KN295825v1","1462422","1462730","44","6599391"
"chr5","8205303","8205593","KN294957v1","32521","32810","37","8172782"
"chr5","8293786","8294097","KN296635v1","3876048","3876352","43","4417738"
"chr5","8352132","8352422","KN295854v1","1670400","1670693","41","6681732"
"chr5","8565992","8566304","KN296484v1","351750","352061","45","8214242"
"chr5","8635570","8635880","KN296609v1","427443","427749","43","8208127"
"chr5","8652993","8653292","KN294421v1","88179","88483","51","8564814"
"chr5","8752318","8752599","KN295814v1","158538","158819","47","8593780"
"chr5","8783807","8784085","KN296486v1","821014","821291","43","7962793"
"chr5","8874094","8874402","KN295984v1","587286","587590","49","8286808"
"chr5","9081651","9081962","KN296303v1","514845","515157","43","8566806"
"chr5","9158562","9158866","KN295074v1","343353","343661","35","8815209"
"chr5","9212603","9212888","KN297154v1","550534","550818","34","8662069"
"chr5","9234095","9234391","KN297259v1","998866","999166","48","8235229"
"chr5","9347377","9347582","KN295995v1","278598","278793","47","9068779"
"chr5","9510233","9510511","KN294167v1","511430","511711","35","8998803"
"chr5","9619473","9619786","KN296665v1","158306","158620","44","9461167"
"chr5","9689263","9689564","KN294758v1","3047020","3047320","28","6642243"
"chr5","9768335","9768626","KN295814v1","158538","158819","45","9609797"
"chr5","9799369","9799670","KN297008v1","1825305","1825608","42","7974064"
"chr5","9890296","9890567","KN294758v1","2842247","2842519","25","7048049"
"chr5","9931668","9931980","KN296036v1","2111268","2111577","35","7820400"
"chr5","9971760","9972046","KN294758v1","2755840","2756135","34","7215920"
"chr5","9975730","9976031","KN294758v1","2751857","2752158","30","7223873"
"chr5","9988046","9988346","KN294758v1","2738831","2739137","30","7249215"
"chr5","10061786","10062068","KN294758v1","2661319","2661595","34","7400467"
"chr5","10227570","10227878","KN294758v1","2525889","2526192","31","7701681"
"chr5","10229572","10229862","KN294758v1","2523919","2524214","27","7705653"
"chr5","10289336","10289638","KN294758v1","2465767","2466066","33","7823569"
"chr5","10322320","10322629","KN294456v1","612494","612802","33","9709826"
"chr5","10323642","10323951","KN294758v1","2423721","2424030","28","7899921"
"chr5","10339443","10339733","KN294147v1","1191891","1192182","38","9147552"
"chr5","10374279","10374586","KN294758v1","2365442","2365742","33","8008837"
"chr5","10375718","10376013","KN296749v1","655381","655678","46","9720337"
"chr5","10381821","10382123","KN294758v1","2357956","2358259","27","8023865"
"chr5","10382485","10382782","KN296991v1","1303218","1303516","38","9079267"
"chr5","10386165","10386457","KN295907v1","1856382","1856680","39","8529783"
"chr5","10387262","10387554","KN294456v1","1143112","1143404","33","9244150"
"chr5","10404003","10404304","KN294758v1","2330919","2331219","25","8073084"
"chr5","10407092","10407324","KN295343v1","310894","311123","33","10096198"
"chr5","10420961","10421277","KN295459v1","1335733","1336041","36","9085228"
"chr5","10441579","10441885","KN294758v1","2295104","2295413","29","8146475"
"chr5","10464117","10464408","KN294509v1","346253","346540","34","10117864"
"chr5","10488082","10488380","KN294758v1","2254420","2254713","23","8233662"
"chr5","10494735","10495037","KN294758v1","2247402","2247712","34","8247333"
"chr5","10511460","10511783","KN296460v1","119303","119632","47","10392157"
"chr5","10513803","10514081","KN296833v1","94676","94959","45","10419127"
"chr5","10574122","10574410","KN294758v1","2167980","2168265","30","8406142"
"chr5","10594023","10594313","KN296520v1","665318","665603","45","9928705"
"chr5","10604262","10604561","KN295998v1","154789","155089","39","10449473"
"chr5","10614004","10614299","KN294758v1","2131386","2131692","29","8482618"
"chr5","10627181","10627478","KN297227v1","294733","295032","42","10332448"
"chr5","10633907","10634215","KN297046v1","1490505","1490809","37","9143402"
"chr5","10643249","10643562","KN295996v1","495798","496097","48","10147451"
"chr5","10694919","10695186","KN295157v1","168363","168619","41","10526556"
"chr5","10700289","10700584","KN296153v1","2393235","2393519","62","8307054"
"chr5","10719286","10719590","KN296311v1","4084587","4084892","40","6634699"
"chr5","10720413","10720713","KN294758v1","2019378","2019686","25","8701035"
"chr5","10724268","10724563","KN294758v1","2014844","2015140","27","8709424"
"chr5","10733776","10734115","KN296119v1","2008814","2009148","53","8724962"
"chr5","10742960","10743276","KN296262v1","104634","104947","35","10638326"
"chr5","10750358","10750665","KN294245v1","511576","511887","33","10238782"
"chr5","10756207","10756508","KN294758v1","1985208","1985506","35","8770999"
"chr5","10878352","10878619","KN294758v1","1867644","1867922","31","9010708"
"chr5","10993326","10993615","KN294758v1","1739775","1740063","24","9253551"
"chr5","11017871","11018163","KN294619v1","908277","908570","47","10109594"
"chr5","11057541","11057849","KN294758v1","1677536","1677850","31","9380005"
"chr5","11078071","11078346","KN295526v1","657202","657478","40","10420869"
"chr5","11105773","11106096","KN294758v1","1628464","1628767","44","9477309"
"chr5","11158884","11159056","KN294668v1","1588557","1588731","24","9570327"
"chr5","11211975","11212272","KN295893v1","5868753","5869051","40","5343222"
"chr5","11357067","11357379","KN296145v1","3837803","3838114","50","7519264"
"chr5","11372766","11373065","KN297023v1","480259","480560","34","10892507"
"chr5","11395592","11395883","KN294172v1","2666506","2666800","35","8729086"
"chr5","11447238","11447558","KN295045v1","77347","77661","49","11369891"
"chr5","11511170","11511448","KN294758v1","1242970","1243248","39","10268200"
"chr5","11622801","11623059","KN296460v1","933308","933574","50","10689493"
"chr5","11638600","11638894","KN296810v1","82391","82687","34","11556209"
"chr5","11661417","11661717","KN294758v1","1088101","1088398","28","10573316"
"chr5","11664983","11665275","KN295480v1","1302107","1302401","39","10362876"
"chr5","11669821","11670114","KN294758v1","1079369","1079671","32","10590452"
"chr5","11675451","11675750","KN294758v1","1070982","1071281","33","10604469"
"chr5","11677108","11677408","KN295596v1","141388","141684","42","11535720"
"chr5","11771217","11771490","KN294758v1","974702","974976","27","10796515"
"chr5","11825039","11825337","KN294539v1","1287945","1288241","43","10537094"
"chr5","11849205","11849401","KN296992v1","30661","30858","29","11818544"
"chr5","11849833","11850128","KN295236v1","807063","807356","42","11042770"
"chr5","11952406","11952668","KN294705v1","1930561","1930831","41","10021845"
"chr5","11957190","11957485","KN294548v1","42935","43239","41","11914255"
"chr5","11966918","11967224","KN294758v1","784076","784378","35","11182842"
"chr5","12046537","12046872","KN294758v1","701123","701430","47","11345414"
"chr5","12059241","12059539","KN294456v1","1098138","1098439","32","10961103"
"chr5","12125653","12125962","KN296345v1","595453","595763","46","11530200"
"chr5","12133745","12134053","KN294758v1","603779","604089","26","11529966"
"chr5","12142835","12143125","KN294733v1","607498","607793","40","11535337"
"chr5","12159698","12159994","KN294470v1","3144373","3144668","48","9015325"
"chr5","12309287","12309560","KN295371v1","448057","448341","48","11861230"
"chr5","12602848","12603170","KN294806v1","260010","260325","49","12342838"
"chr5","12829437","12829614","KN294470v1","529711","529889","22","12299726"
"chr5","12835446","12835720","KN297171v1","181306","181581","23","12654140"
"chr5","12876912","12877197","KN297452v1","1481603","1481877","48","11395309"
"chr5","13158093","13158374","KN294269v1","1190734","1191020","46","11967359"
"chr5","13446573","13446862","KN296253v1","1315417","1315709","40","12131156"
"chr5","13459424","13459714","KN297171v1","1006855","1007152","45","12452569"
"chr5","13730096","13730394","KN296775v1","1237428","1237724","36","12492668"
"chr5","13732771","13732990","KN297171v1","1291315","1291531","22","12441456"
"chr5","13897476","13897650","KN295605v1","636726","636920","40","13260750"
"chr5","14009737","14010026","KN297171v1","1556596","1556885","29","12453141"
"chr5","14078227","14078529","KN294446v1","240983","241287","35","13837244"
"chr5","14079542","14079843","KN297171v1","1618765","1619056","26","12460777"
"chr5","14110084","14110391","KN297171v1","1650986","1651293","27","12459098"
"chr5","14164011","14164331","KN297171v1","1703361","1703684","32","12460650"
"chr5","14181839","14182133","KN297171v1","1719437","1719734","29","12462402"
"chr5","14183632","14183935","KN297171v1","1721581","1721880","25","12462051"
"chr5","14195297","14195587","KN297274v1","1023468","1023763","36","13171829"
"chr5","14232470","14232769","KN294790v1","163386","163690","33","14069084"
"chr5","14238063","14238354","KN297171v1","1772188","1772484","36","12465875"
"chr5","14248416","14248711","KN294470v1","2136945","2137241","37","12111471"
"chr5","14287652","14287954","KN296138v1","69626","69934","43","14218026"
"chr5","14293569","14293848","KN294420v1","822079","822371","35","13471490"
"chr5","14359140","14359396","KN297171v1","1893157","1893404","38","12465983"
"chr5","14450631","14450938","KN296138v1","98488","98788","40","14352143"
"chr5","14538905","14539219","KN295735v1","825024","825326","40","13713881"
"chr5","14581004","14581304","KN297171v1","2116923","2117228","27","12464081"
"chr5","14591024","14591347","KN297171v1","2126248","2126557","40","12464776"
"chr5","14607310","14607607","KN297171v1","2142562","2142856","22","12464748"
"chr5","14619876","14620052","KN294668v1","1588557","1588731","33","13031319"
"chr5","14681517","14681817","KN294443v1","441739","442042","32","14239778"
"chr5","14684216","14684506","KN297171v1","2225147","2225443","25","12459069"
"chr5","14686610","14686922","KN297171v1","2227684","2227988","32","12458926"
"chr5","14690588","14690884","KN297171v1","2231365","2231666","27","12459223"
"chr5","14719293","14719591","KN297171v1","2260993","2261287","28","12458300"
"chr5","14737319","14737627","KN297171v1","2275297","2275609","33","12462022"
"chr5","14741848","14742127","KN294613v1","69543","69828","38","14672305"
"chr5","14752519","14752801","KN297171v1","2288693","2288974","19","12463826"
"chr5","14779585","14779894","KN297171v1","2316878","2317177","33","12462707"
"chr5","14794508","14794818","KN296484v1","351750","352061","31","14442758"
"chr5","14803921","14804229","KN297171v1","2342084","2342392","20","12461837"
"chr5","14819527","14819855","KN294705v1","1629056","1629378","52","13190471"
"chr5","14877660","14877973","KN294234v1","178268","178585","58","14699392"
"chr5","14900799","14901103","KN297171v1","2436706","2437013","21","12464093"
"chr5","14925885","14926153","KN297171v1","2461842","2462114","25","12464043"
"chr5","14936536","14936695","KN296311v1","7809500","7809656","24","7127036"
"chr5","15019479","15019783","KN297171v1","2554126","2554433","32","12465353"
"chr5","15022855","15022899","KN296096v1","1222625","1222659","15","13800230"
"chr5","15022906","15023161","KN295243v1","1473974","1474238","34","13548932"
"chr5","15028169","15028384","KN295977v1","1276894","1277103","45","13751275"
"chr5","15035262","15035426","KN294172v1","4410078","4410257","36","10625184"
"chr5","15041178","15041345","KN297190v1","4478787","4478954","32","10562391"
"chr5","15047612","15047932","KN294444v1","113564","113878","47","14934048"
"chr5","15055538","15055790","KN294548v1","358515","358762","36","14697023"
"chr5","15059453","15059753","KN297171v1","2595276","2595565","28","12464177"
"chr5","15060249","15060555","KN295708v1","1431107","1431415","50","13629142"
"chr5","15075557","15075843","KN297171v1","2612957","2613243","21","12462600"
"chr5","15095042","15095211","KN294957v1","73265","73439","28","15021777"
"chr5","15145395","15145653","KN297171v1","2684217","2684468","34","12461178"
"chr5","15155739","15155979","KN295967v1","625826","626071","52","14529913"
"chr5","15178781","15179083","KN297276v1","74967","75265","36","15103814"
"chr5","15205625","15205915","KN294571v1","1318150","1318439","36","13887475"
"chr5","15359471","15359771","KN297171v1","2895986","2896280","26","12463485"
"chr5","15376419","15376709","KN297171v1","2920513","2920805","28","12455906"
"chr5","15501507","15501805","KN295814v1","1005137","1005439","38","14496370"
"chr5","15516910","15517195","KN297171v1","3056986","3057274","30","12459924"
"chr5","15545583","15545867","KN297171v1","3087700","3087986","29","12457883"
"chr5","15583843","15584137","KN296557v1","13515","13811","43","15570328"
"chr5","15721453","15721750","KN295480v1","1302107","1302401","33","14419346"
"chr5","15768432","15768723","KN296513v1","2367758","2368048","39","13400674"
"chr5","15793812","15794107","KN297171v1","3349371","3349648","48","12444441"
"chr5","15810655","15810966","KN297171v1","3365517","3365827","33","12445138"
"chr5","15849328","15849619","KN294540v1","241314","241618","45","15608014"
"chr5","15878230","15878537","KN294499v1","2065657","2065964","39","13812573"
"chr5","15897716","15898033","KN294790v1","5868297","5868622","44","10029419"
"chr5","16002345","16002656","KN297171v1","3566587","3566897","22","12435758"
"chr5","16089966","16090272","KN294790v1","163386","163690","37","15926580"
"chr5","16132617","16132914","KN297171v1","3692441","3692740","25","12440176"
"chr5","16138547","16138857","KN297171v1","3697819","3698130","27","12440728"
"chr5","16146395","16146700","KN297171v1","3706155","3706473","33","12440240"
"chr5","16158229","16158470","KN295022v1","229194","229438","34","15929035"
"chr5","16219793","16220090","KN297171v1","3776063","3776373","39","12443730"
"chr5","16233599","16233902","KN295077v1","634537","634842","45","15599062"
"chr5","16268204","16268496","KN295573v1","502898","503186","29","15765306"
"chr5","16428443","16428733","KN297171v1","3986491","3986777","33","12441952"
"chr5","16500985","16501232","KN295459v1","334970","335224","52","16166015"
"chr5","16536119","16536417","KN295198v1","274974","275272","31","16261145"
"chr5","16548129","16548442","KN294592v1","144298","144605","44","16403831"
"chr5","16619185","16619466","KN296180v1","2476296","2476590","41","14142889"
"chr5","16730162","16730456","KN294501v1","38531","38824","31","16691631"
"chr5","16741627","16741930","KN296371v1","42169","42466","32","16699458"
"chr5","16781265","16781526","KN295601v1","3256681","3256942","42","13524584"
"chr5","16853490","16853799","KN294456v1","1098138","1098439","42","15755352"
"chr5","16867606","16867913","KN295573v1","964658","964965","37","15902948"
"chr5","16875529","16875808","KN295708v1","853452","853731","35","16022077"
"chr5","16881006","16881291","KN295059v1","242847","243129","36","16638159"
"chr5","16917762","16918049","KN294429v1","37988","38273","44","16879774"
"chr5","16934132","16934427","KN294526v1","334958","335253","35","16599174"
"chr5","16939072","16939367","KN295893v1","5868091","5868383","44","11070981"
"chr5","16942368","16942678","KN296507v1","582388","582694","40","16359980"
"chr5","16962081","16962356","KN296859v1","1581704","1581985","38","15380377"
"chr5","16963010","16963277","KN297276v1","475868","476140","39","16487142"
"chr5","16976334","16976631","KN295102v1","222669","222960","45","16753665"
"chr5","16979296","16979614","KN296731v1","937460","937768","65","16041836"
"chr5","16982371","16982677","KN296682v1","4855759","4856070","38","12126612"
"chr5","16983247","16983548","KN294647v1","185532","185822","53","16797715"
"chr5","16987972","16988276","KN296829v1","581505","581808","39","16406467"
"chr5","17004702","17005018","KN295929v1","457065","457374","47","16547637"
"chr5","17057467","17057749","KN297227v1","1056905","1057180","42","16000562"
"chr5","17058174","17058461","KN296178v1","170323","170612","40","16887851"
"chr5","17067008","17067291","KN294235v1","1077035","1077317","37","15989973"
"chr5","17070868","17071076","KN294470v1","1203623","1203832","33","15867245"
"chr5","17072661","17072981","KN295729v1","1034423","1034726","65","16038238"
"chr5","17080846","17081124","KN297112v1","6447609","6447884","44","10633237"
"chr5","17081685","17081980","KN295708v1","1536667","1536965","39","15545018"
"chr5","17082702","17082983","KN295729v1","826689","826980","38","16256013"
"chr5","17101132","17101442","KN294644v1","168562","168865","42","16932570"
"chr5","17102872","17103186","KN294457v1","1128179","1128489","39","15974693"
"chr5","17107509","17107753","KN295835v1","199186","199432","43","16908323"
"chr5","17128572","17128855","KN294561v1","1887166","1887450","43","15241406"
"chr5","17136490","17136764","KN294758v1","1867644","1867922","44","15268846"
"chr5","17144870","17145150","KN297038v1","1132153","1132435","42","16012717"
"chr5","17147033","17147239","KN295930v1","759567","759739","58","16387466"
"chr5","17154284","17154506","KN295977v1","1276894","1277103","45","15877390"
"chr5","17156012","17156234","KN295977v1","1276894","1277103","45","15879118"
"chr5","17164932","17165235","KN297190v1","6035586","6035888","39","11129346"
"chr5","17167305","17167614","KN295315v1","133371","133680","49","17033934"
"chr5","17174677","17174987","KN297023v1","480259","480560","37","16694418"
"chr5","17175801","17176104","KN296167v1","450049","450355","32","16725752"
"chr5","17181814","17182059","KN295490v1","43581","43843","48","17138233"
"chr5","17182753","17183011","KN296349v1","65532","65784","49","17117221"
"chr5","17183913","17184214","KN296093v1","33319","33627","44","17150594"
"chr5","17188797","17189031","KN295022v1","229194","229438","47","16959603"
"chr5","17193727","17194053","KN295165v1","363362","363661","82","16830365"
"chr5","17196790","17197086","KN294991v1","1444231","1444521","36","15752559"
"chr5","17197867","17198171","KN294172v1","756063","756368","48","16441804"
"chr5","17209175","17209492","KN297274v1","441661","441967","49","16767514"
"chr5","17226865","17227157","KN296877v1","225819","226117","41","17001046"
"chr5","17227543","17227825","KN296270v1","328327","328606","34","16899216"
"chr5","17233717","17234004","KN295459v1","1182376","1182658","39","16051341"
"chr5","17240726","17241037","KN295573v1","403827","404137","49","16836899"
"chr5","17242230","17242537","KN296682v1","4419181","4419484","40","12823049"
"chr5","17247924","17248214","KN296833v1","243533","243818","37","17004391"
"chr5","17255963","17256179","KN296139v1","203722","203935","27","17052241"
"chr5","17266342","17266642","KN296287v1","22964","23263","48","17243378"
"chr5","17282626","17282917","KN294147v1","1191891","1192182","37","16090735"
"chr5","17286155","17286465","KN294421v1","376479","376787","44","16909676"
"chr5","17290155","17290439","KN294662v1","218243","218524","40","17071912"
"chr5","17322317","17322622","KN295735v1","994649","994952","36","16327668"
"chr5","17331244","17331515","KN294911v1","2231243","2231514","41","15100001"
"chr5","17361039","17361331","KN295729v1","826689","826980","38","16534350"
"chr5","17374623","17374926","KN296442v1","417977","418281","36","16956646"
"chr5","17386844","17387153","KN295260v1","1916794","1917085","57","15470050"
"chr5","17392105","17392392","KN296750v1","659202","659498","40","16732903"
"chr5","17392712","17392995","KN295441v1","1451222","1451500","42","15941490"
"chr5","17395177","17395487","KN296157v1","885718","886029","34","16509459"
"chr5","17428243","17428556","KN294407v1","2157068","2157379","42","15271175"
"chr5","17460847","17461159","KN295922v1","130002","130315","40","17330845"
"chr5","17489877","17490164","KN294665v1","133847","134138","43","17356030"
"chr5","17498909","17499206","KN297023v1","480259","480560","28","17018650"
"chr5","17555939","17556230","KN297008v1","126292","126588","37","17429647"
"chr5","17558281","17558567","KN295102v1","297014","297299","36","17261267"
"chr5","17560865","17561173","KN295384v1","57641","57948","38","17503224"
"chr5","17569063","17569343","KN296825v1","1502257","1502538","34","16066806"
"chr5","17569713","17570007","KN295835v1","84846","85139","38","17484867"
"chr5","17851899","17852125","KN295667v1","489644","489869","43","17362255"
"chr5","17868244","17868535","KN294239v1","1737680","1737968","41","16130564"
"chr5","17967398","17967674","KN295523v1","3369914","3370187","43","14597484"
"chr5","18069388","18069691","KN296153v1","1336190","1336496","39","16733198"
"chr5","18357276","18357575","KN295835v1","102943","103243","36","18254333"
"chr5","18475447","18475654","KN294509v1","178587","178797","34","18296860"
"chr5","18480047","18480352","KN296426v1","105920","106223","39","18374127"
"chr5","18484151","18484451","KN297008v1","4661765","4662062","40","13822386"
"chr5","18512911","18513221","KN294548v1","1161001","1161308","43","17351910"
"chr5","18583241","18583541","KN295302v1","361165","361469","44","18222076"
"chr5","18697321","18697622","KN294458v1","1237198","1237494","50","17460123"
"chr5","18762172","18762479","KN294713v1","260537","260843","40","18501635"
"chr5","18812157","18812449","KN294954v1","171478","171769","45","18640679"
"chr5","18827403","18827575","KN294987v1","480021","480187","24","18347382"
"chr5","18935895","18936201","KN296513v1","2047464","2047766","36","16888431"
"chr5","18945505","18945812","KN297453v1","504113","504422","39","18441392"
"chr5","19038724","19039011","KN295371v1","448057","448341","31","18590667"
"chr5","19327318","19327595","KN297171v1","2628817","2629092","41","16698501"
"chr5","19357446","19357760","KN296503v1","58212","58521","38","19299234"
"chr5","19460515","19460824","KN294257v1","185785","186093","46","19274730"
"chr5","19462428","19462724","KN294269v1","550588","550887","33","18911840"
"chr5","19469940","19470228","KN294326v1","619990","620278","39","18849950"
"chr5","19477241","19477544","KN294630v1","349899","350210","39","19127342"
"chr5","19487669","19487960","KN296921v1","733110","733405","43","18754559"
"chr5","19491763","19492050","KN296357v1","621170","621460","36","18870593"
"chr5","19532464","19532764","KN294539v1","1287945","1288241","34","18244519"
"chr5","19536138","19536420","KN295825v1","785654","785943","50","18750484"
"chr5","19614484","19614603","KN295045v1","1002947","1003036","50","18611537"
"chr5","19616376","19616661","KN296649v1","502099","502397","37","19114277"
"chr5","19655615","19655925","KN297133v1","706024","706330","40","18949591"
"chr5","19663369","19663676","KN296643v1","47618","47923","44","19615751"
"chr5","19688212","19688496","KN294326v1","619990","620278","35","19068222"
"chr5","19779452","19779753","KN294446v1","240983","241287","35","19538469"
"chr5","19781500","19781797","KN295607v1","4406348","4406645","41","15375152"
"chr5","19784570","19784871","KN294603v1","111945","112247","30","19672625"
"chr5","19885411","19885716","KN294571v1","890748","891049","44","18994663"
"chr5","20081328","20081626","KN294917v1","405138","405434","34","19676190"
"chr5","20169038","20169346","KN294991v1","686774","687084","37","19482264"
"chr5","20239952","20240254","KN296305v1","652930","653232","37","19587022"
"chr5","20393010","20393211","KN295294v1","624695","624899","34","19768315"
"chr5","20417343","20417648","KN295722v1","1373842","1374147","47","19043501"
"chr5","20471582","20471874","KN296180v1","2431804","2432093","42","18039778"
"chr5","20525617","20525927","KN294592v1","1321409","1321720","38","19204208"
"chr5","20579473","20579794","KN296117v1","844310","844623","50","19735163"
"chr5","20708999","20709304","KN295573v1","316385","316688","40","20392614"
"chr5","20718687","20718951","KN294650v1","27651","27917","45","20691036"
"chr5","20735795","20736093","KN295666v1","163031","163330","43","20572764"
"chr5","20747095","20747406","KN295433v1","250702","251008","30","20496393"
"chr5","20765759","20766070","KN294147v1","1741348","1741657","43","19024411"
"chr5","20768816","20769132","KN296775v1","189678","189982","54","20579138"
"chr5","20821916","20822227","KN296357v1","507108","507414","42","20314808"
"chr5","20828829","20829137","KN295326v1","192748","193053","41","20636081"
"chr5","20850762","20851068","KN294717v1","134314","134619","32","20716448"
"chr5","20853670","20853997","KN295735v1","713634","713968","53","20140036"
"chr5","20854611","20854915","KN297046v1","1526555","1526860","35","19328056"
"chr5","20863753","20863980","KN295405v1","757351","757593","49","20106402"
"chr5","20891360","20891671","KN295361v1","67118","67429","38","20824242"
"chr5","20978775","20979074","KN297008v1","1825305","1825608","33","19153470"
"chr5","21037289","21037584","KN294470v1","993560","993853","47","20043729"
"chr5","21070323","21070613","KN295995v1","579955","580241","38","20490368"
"chr5","21070685","21070970","KN295586v1","5255611","5255896","37","15815074"
"chr5","21079026","21079323","KN294470v1","2136945","2137241","35","18942081"
"chr5","21127276","21127572","KN295315v1","1850839","1851144","48","19276437"
"chr5","21145497","21145809","KN294269v1","792060","792370","42","20353437"
"chr5","21223412","21223690","KN296783v1","23849","24137","41","21199563"
"chr5","21339819","21340113","KN296635v1","2463812","2464105","39","18876007"
"chr5","21368401","21368711","KN294713v1","658031","658339","49","20710370"
"chr5","21429316","21429592","KN294879v1","197011","197287","46","21232305"
"chr5","21451981","21452154","KN294957v1","73265","73439","38","21378716"
"chr5","21455826","21456119","KN296783v1","256932","257231","29","21198894"
"chr5","21500147","21500440","KN296783v1","300188","300482","27","21199959"
"chr5","21594088","21594364","KN295936v1","2044027","2044305","40","19550061"
"chr5","21667320","21667629","KN296783v1","478600","478905","19","21188720"
"chr5","21678107","21678404","KN294917v1","401690","401984","37","21276417"
"chr5","21696414","21696708","KN296783v1","512959","513250","26","21183455"
"chr5","21727075","21727362","KN295633v1","525534","525817","46","21201541"
"chr5","21734444","21734741","KN296783v1","553305","553599","18","21181139"
"chr5","21874105","21874403","KN295343v1","729289","729587","36","21144816"
"chr5","21908783","21909032","KN296783v1","733175","733425","27","21175608"
"chr5","21909319","21909625","KN296783v1","733705","734012","38","21175614"
"chr5","22189999","22190302","KN296732v1","3234895","3235200","44","18955104"
"chr5","22430898","22431178","KN295059v1","242847","243129","50","22188051"
"chr5","22436604","22436836","KN295405v1","757351","757593","49","21679253"
"chr5","22477091","22477403","KN295814v1","1059254","1059558","43","21417837"
"chr5","22540270","22540507","KN296783v1","1340029","1340243","34","21200241"
"chr5","22674410","22674710","KN295405v1","1658681","1658979","33","21015729"
"chr5","22873109","22873389","KN296609v1","1572698","1572971","52","21300411"
"chr5","22928556","22928871","KN295922v1","130002","130315","49","22798554"
"chr5","22971156","22971478","KN296639v1","637555","637874","33","22333601"
"chr5","23156563","23156874","KN296349v1","45344","45654","39","23111219"
"chr5","23331620","23331896","KN296639v1","307916","308185","36","23023704"
"chr5","23357340","23357538","KN296495v1","510488","510677","31","22846852"
"chr5","23520761","23521049","KN296639v1","107997","108285","28","23412764"
"chr5","23537098","23537392","KN296639v1","91999","92294","28","23445099"
"chr5","23553716","23554007","KN294592v1","884515","884808","45","22669201"
"chr5","23869728","23869997","KN296608v1","422359","422627","34","23447369"
"chr5","23984812","23985113","KN296608v1","300861","301165","22","23683951"
"chr5","23994954","23995258","KN296608v1","287956","288264","46","23706998"
"chr5","24009970","24010272","KN296608v1","270900","271200","32","23739070"
"chr5","24011103","24011410","KN294603v1","63949","64255","41","23947154"
"chr5","24011613","24011920","KN295077v1","487498","487802","43","23524115"
"chr5","24037574","24037867","KN294526v1","334958","335253","37","23702616"
"chr5","24043275","24043586","KN294790v1","428668","428977","37","23614607"
"chr5","24049832","24050139","KN296495v1","1663876","1664177","36","22385956"
"chr5","24057250","24057570","KN296386v1","821058","821369","50","23236192"
"chr5","24057767","24058065","KN296608v1","224512","224817","30","23833255"
"chr5","24072126","24072443","KN296608v1","211103","211407","39","23861023"
"chr5","24077261","24077557","KN294558v1","10184","10481","50","24067077"
"chr5","24083707","24083969","KN296608v1","198772","199034","16","23884935"
"chr5","24088081","24088369","KN296608v1","194731","195019","26","23893350"
"chr5","24107742","24108043","KN294777v1","371314","371618","45","23736428"
"chr5","24128996","24129242","KN296119v1","1837299","1837523","55","22291697"
"chr5","24154795","24155091","KN296608v1","126758","127053","30","24028037"
"chr5","24170559","24170878","KN296608v1","110211","110522","37","24060348"
"chr5","24180230","24180530","KN295573v1","1785247","1785545","27","22394983"
"chr5","24185962","24186252","KN295236v1","3450343","3450624","45","20735619"
"chr5","24198390","24198692","KN297023v1","480259","480560","31","23718131"
"chr5","24232846","24233131","KN296608v1","39689","39961","30","24193157"
"chr5","24279950","24280253","KN297117v1","548577","548883","29","23731373"
"chr5","24285200","24285480","KN294326v1","448862","449138","42","23836338"
"chr5","24286921","24287206","KN294520v1","1707344","1707630","38","22579577"
"chr5","24306637","24306938","KN296430v1","1105044","1105344","38","23201593"
"chr5","24309152","24309456","KN296167v1","450049","450355","33","23859103"
"chr5","24329678","24329992","KN297117v1","499454","499769","30","23830224"
"chr5","24348929","24349228","KN297117v1","473838","474145","34","23875091"
"chr5","24453628","24453925","KN295302v1","246524","246824","38","24207104"
"chr5","24574898","24575168","KN294325v1","1015154","1015416","46","23559744"
"chr5","24705869","24706172","KN297117v1","138344","138655","34","24567525"
"chr5","24788873","24789171","KN297117v1","61322","61624","42","24727551"
"chr5","24850529","24850836","KN295343v1","729289","729587","42","24121240"
"chr5","24892495","24892810","KN294548v1","183783","184100","35","24708712"
"chr5","24939337","24939645","KN296635v1","2181073","2181379","38","22758264"
"chr5","24942844","24943146","KN294571v1","890748","891049","39","24052096"
"chr5","24963414","24963711","KN296547v1","396597","396892","38","24566817"
"chr5","24991341","24991659","KN295601v1","1129939","1130251","50","23861402"
"chr5","24998919","24999217","KN295962v1","2421547","2421849","45","22577372"
"chr5","25030687","25030998","KN295284v1","544658","544966","37","24486029"
"chr5","25158148","25158449","KN294470v1","2878982","2879283","37","22279166"
"chr5","25211243","25211540","KN296096v1","838711","839001","36","24372532"
"chr5","25229272","25229589","KN294335v1","553358","553676","56","24675914"
"chr5","25322723","25323020","KN296345v1","121659","121957","39","25201064"
"chr5","25373699","25373990","KN294172v1","5273992","5274291","45","20099707"
"chr5","25400668","25400965","KN294407v1","3027269","3027567","39","22373399"
"chr5","25541381","25541528","KN294444v1","72417","72567","22","25468964"
"chr5","25559938","25560249","KN295301v1","761923","762233","39","24798015"
"chr5","25598894","25599206","KN296406v1","250415","250727","41","25348479"
"chr5","25733309","25733618","KN294269v1","754822","755126","38","24978487"
"chr5","25740449","25740742","KN294217v1","803782","804074","34","24936667"
"chr5","25783918","25784229","KN294592v1","1321409","1321720","39","24462509"
"chr5","26080070","26080375","KN295356v1","1508980","1509291","41","24571090"
"chr5","26111459","26111743","KN294630v1","425839","426122","40","25685620"
"chr5","26114002","26114296","KN296588v1","215877","216175","40","25898125"
"chr5","26199289","26199590","KN294911v1","2691899","2692205","41","23507390"
"chr5","26371007","26371285","KN295102v1","376622","376901","39","25994385"
"chr5","26430926","26431225","KN296810v1","82391","82687","43","26348535"
"chr5","26492947","26493234","KN294842v1","79861","80151","54","26413086"
"chr5","26526395","26526615","KN296263v1","107832","108045","34","26418563"
"chr5","26576423","26576719","KN295984v1","587286","587590","42","25989137"
"chr5","26595095","26595403","KN294378v1","1238113","1238424","40","25356982"
"chr5","26661566","26661886","KN296266v1","31062","31371","46","26630504"
"chr5","26683801","26684111","KN295814v1","87028","87339","46","26596773"
"chr5","26738106","26738408","KN296311v1","6355927","6356228","36","20382179"
"chr5","26787817","26788107","KN294977v1","13264","13560","41","26774553"
"chr5","26790851","26791189","KN295605v1","307223","307530","72","26483628"
"chr5","26810202","26810486","KN296308v1","894405","894685","35","25915797"
"chr5","26825460","26825766","KN296122v1","421100","421402","36","26404360"
"chr5","26917671","26917979","KN295302v1","246524","246824","38","26671147"
"chr5","26928122","26928388","KN294571v1","1935940","1936201","40","24992182"
"chr5","26975871","26976159","KN296682v1","3548023","3548306","32","23427848"
"chr5","27056663","27056957","KN294345v1","1184842","1185136","39","25871821"
"chr5","27097955","27098263","KN294713v1","261535","261845","44","26836420"
"chr5","27107944","27108235","KN294470v1","2864797","2865078","50","24243147"
"chr5","27149321","27149618","KN294457v1","143891","144185","47","27005430"
"chr5","27222234","27222525","KN294526v1","334958","335253","39","26887276"
"chr5","27231946","27232249","KN297154v1","1039874","1040175","36","26192072"
"chr5","27294039","27294214","KN294407v1","825908","826078","26","26468131"
"chr5","27551141","27551434","KN295022v1","686960","687249","33","26864181"
"chr5","27797018","27797096","KN294433v1","21218","21278","37","27775800"
"chr5","27797285","27797468","KN294957v1","73265","73439","35","27724020"
"chr5","27986727","27987038","KN297038v1","1285540","1285851","47","26701187"
"chr5","28031688","28031996","KN296982v1","675778","676081","44","27355910"
"chr5","28058898","28059185","KN294147v1","1191891","1192182","40","26867007"
"chr5","28177070","28177372","KN296263v1","970564","970862","42","27206506"
"chr5","28185922","28186240","KN295301v1","761923","762233","55","27423999"
"chr5","28195897","28196099","KN295735v1","435013","435216","35","27760884"
"chr5","28196367","28196597","KN297186v1","50383","50628","54","28145984"
"chr5","28211036","28211328","KN295480v1","1302107","1302401","36","26908929"
"chr5","28217512","28217748","KN295820v1","956662","956899","36","27260850"
"chr5","28247344","28247644","KN296386v1","377664","377967","35","27869680"
"chr5","28263452","28263741","KN294539v1","1287945","1288241","46","26975507"
"chr5","28289260","28289571","KN296484v1","351750","352061","34","27937510"
"chr5","28406430","28406727","KN295607v1","4441116","4441409","41","23965314"
"chr5","28416390","28416702","KN295592v1","1587527","1587842","46","26828863"
"chr5","28513057","28513349","KN296009v1","1147876","1148169","37","27365181"
"chr5","28540042","28540288","KN296569v1","508351","508608","34","28031691"
"chr5","28575787","28576076","KN296569v1","479237","479499","48","28096550"
"chr5","28599988","28600280","KN294470v1","2136945","2137241","47","26463043"
"chr5","28668607","28668907","KN294790v1","163386","163690","38","28505221"
"chr5","28697283","28697591","KN295666v1","358169","358475","41","28339114"
"chr5","28900742","28901043","KN296430v1","1105044","1105344","37","27795698"
"chr5","29138210","29138501","KN296803v1","224669","224962","47","28913541"
"chr5","29443126","29443435","KN295829v1","971148","971459","26","28471978"
"chr5","29465883","29466175","KN295096v1","2965990","2966278","40","26499893"
"chr5","29509717","29510023","KN294957v1","62097","62408","42","29447620"
"chr5","29628559","29628863","KN295610v1","501770","502075","42","29126789"
"chr5","29767814","29768111","KN295241v1","9462","9752","49","29758352"
"chr5","29787166","29787480","KN295829v1","618247","618566","40","29168919"
"chr5","29798888","29799170","KN294182v1","571951","572239","43","29226937"
"chr5","30072549","30072835","KN296153v1","2393235","2393519","35","27679314"
"chr5","30149639","30149910","KN295829v1","194342","194619","33","29955297"
"chr5","30246442","30246746","KN294842v1","1466394","1466697","41","28780048"
"chr5","30388117","30388420","KN294251v1","1932520","1932819","39","28455597"
"chr5","30418526","30418837","KN296661v1","2149774","2150085","45","28268752"
"chr5","30446180","30446461","KN296708v1","51817","52096","21","30394363"
"chr5","30455011","30455310","KN296404v1","1150048","1150343","37","29304963"
"chr5","30625869","30626163","KN294561v1","1084406","1084703","35","29541463"
"chr5","30717841","30718150","KN296167v1","450049","450355","35","30267792"
"chr5","30784584","30784903","KN294879v1","533741","534047","48","30250843"
"chr5","30797237","30797540","KN295671v1","201221","201525","47","30596016"
"chr5","30843165","30843442","KN295022v1","824503","824786","44","30018662"
"chr5","30894025","30894335","KN295893v1","5709895","5710203","43","25184130"
"chr5","30925886","30926201","KN295996v1","133342","133652","39","30792544"
"chr5","31036402","31036689","KN297245v1","2679998","2680287","45","28356404"
"chr5","31227179","31227458","KN296825v1","1502257","1502538","39","29724922"
"chr5","31243806","31244085","KN296040v1","275719","276000","38","30968087"
"chr5","31245181","31245515","KN296643v1","239904","240225","71","31005277"
"chr5","31267055","31267359","KN295998v1","154789","155089","45","31112266"
"chr5","31356617","31356914","KN294444v1","166708","167002","37","31189909"
"chr5","31398173","31398490","KN296743v1","1756759","1757068","53","29641414"
"chr5","31408607","31408929","KN296460v1","119303","119632","40","31289304"
"chr5","31468171","31468471","KN294470v1","2136945","2137241","35","29331226"
"chr5","31506339","31506661","KN294630v1","549363","549684","47","30956976"
"chr5","31526597","31526899","KN296153v1","2750284","2750585","37","28776313"
"chr5","31622659","31622859","KN294831v1","678063","678264","34","30944596"
"chr5","31670419","31670702","KN295744v1","671248","671541","46","30999171"
"chr5","31691949","31692251","KN296096v1","3032967","3033265","43","28658982"
"chr5","31733250","31733550","KN294172v1","1768063","1768374","43","29965187"
"chr5","31799346","31799624","KN295708v1","853452","853731","37","30945894"
"chr5","31803644","31803943","KN295198v1","274974","275272","39","31528670"
"chr5","31812484","31812775","KN296495v1","1951647","1951933","34","29860837"
"chr5","31926769","31927072","KN295929v1","457065","457374","45","31469704"
"chr5","31965716","31966020","KN295198v1","274974","275272","37","31690742"
"chr5","32037570","32037756","KN294921v1","487985","488171","37","31549585"
"chr5","32139191","32139381","KN297259v1","1726981","1727167","30","30412210"
"chr5","32220653","32220951","KN294571v1","1850429","1850731","45","30370224"
"chr5","32257031","32257254","KN297421v1","329708","329939","33","31927323"
"chr5","32372053","32372346","KN296557v1","13515","13811","33","32358538"
"chr5","32407466","32407760","KN295977v1","85955","86248","46","32321511"
"chr5","32461521","32461834","KN296153v1","1336190","1336496","33","31125331"
"chr5","32693609","32693920","KN295748v1","161587","161896","40","32532022"
"chr5","32703202","32703376","KN295352v1","1","181","62","32703201"
"chr5","32708904","32709213","KN296157v1","885718","886029","41","31823186"
"chr5","32845153","32845455","KN296119v1","5106870","5107170","41","27738283"
"chr5","32902373","32902672","KN297245v1","1416081","1416379","30","31486292"
"chr5","32944255","32944549","KN294269v1","264378","264675","35","32679877"
"chr5","32977488","32977775","KN296833v1","94676","94959","33","32882812"
"chr5","33009649","33009952","KN294790v1","163386","163690","48","32846263"
"chr5","33072198","33072509","KN295748v1","161587","161896","43","32910611"
"chr5","33114925","33115219","KN295362v1","1349887","1350179","34","31765038"
"chr5","33141056","33141364","KN295605v1","232110","232423","44","32908946"
"chr5","33143104","33143395","KN296743v1","2255912","2256204","47","30887192"
"chr5","33193514","33193818","KN294446v1","240983","241287","41","32952531"
"chr5","33220061","33220360","KN296883v1","878376","878679","40","32341685"
"chr5","33233593","33233876","KN296864v1","1076694","1076968","43","32156899"
"chr5","33250266","33250558","KN295998v1","154789","155089","46","33095477"
"chr5","33299443","33299738","KN294419v1","34484","34783","34","33264959"
"chr5","33322016","33322317","KN294603v1","111945","112247","33","33210071"
"chr5","33356849","33357148","KN294561v1","1084406","1084703","37","32272443"
"chr5","33358941","33359236","KN295983v1","653692","653984","31","32705249"
"chr5","33388400","33388685","KN294571v1","1092873","1093161","42","32295527"
"chr5","33419358","33419662","KN297044v1","173447","173756","38","33245911"
"chr5","33420802","33421091","KN296086v1","481704","481997","52","32939098"
"chr5","33423990","33424289","KN296322v1","2692700","2693002","40","30731290"
"chr5","33447153","33447451","KN295607v1","4377455","4377758","35","29069698"
"chr5","33461914","33462162","KN296481v1","403450","403702","39","33058464"
"chr5","33464950","33465261","KN295091v1","2259731","2260040","38","31205219"
"chr5","33465603","33465909","KN295814v1","1059254","1059558","39","32406349"
"chr5","33470656","33470891","KN296743v1","2390056","2390297","38","31080600"
"chr5","33476802","33477107","KN295748v1","161587","161896","37","33315215"
"chr5","33478072","33478368","KN294470v1","2400019","2400318","33","31078053"
"chr5","33537048","33537270","KN295977v1","1276894","1277103","50","32260154"
"chr5","33546765","33547040","KN296682v1","695643","695915","32","32851122"
"chr5","33694377","33694668","KN294172v1","822922","823215","34","32871455"
"chr5","33743863","33744173","KN296635v1","2387021","2387331","41","31356842"
"chr5","33782320","33782631","KN294957v1","62097","62408","37","33720223"
"chr5","33792782","33793082","KN294506v1","312156","312457","36","33480626"
"chr5","33942571","33942871","KN296153v1","1090111","1090408","37","32852460"
"chr5","33943524","33943831","KN295962v1","2329043","2329352","40","31614481"
"chr5","33957917","33958222","KN294603v1","63949","64255","48","33893968"
"chr5","33983704","33984002","KN296442v1","420929","421232","39","33562775"
"chr5","34004080","34004359","KN296138v1","3145","3429","31","34000935"
"chr5","34030128","34030421","KN296486v1","1457751","1458030","50","32572377"
"chr5","34037532","34037801","KN296508v1","345319","345596","52","33692213"
"chr5","34082273","34082566","KN294592v1","1285605","1285900","34","32796668"
"chr5","34106355","34106648","KN295596v1","2518640","2518934","35","31587715"
"chr5","34135393","34135688","KN294917v1","401690","401984","32","33733703"
"chr5","34179769","34179985","KN296263v1","107832","108045","29","34071937"
"chr5","34186757","34187032","KN296637v1","522671","522950","39","33664086"
"chr5","34201900","34201937","KN295533v1","2005584","2005615","12","32196316"
"chr5","34201939","34202195","KN296213v1","24277","24539","40","34177662"
"chr5","34229989","34230301","KN294266v1","214101","214406","38","34015888"
"chr5","34250378","34250684","KN295614v1","90477","90782","38","34159901"
"chr5","34282256","34282444","KN295579v1","1","192","59","34282255"
"chr5","34312151","34312452","KN294181v1","1209683","1209978","42","33102468"
"chr5","34364244","34364534","KN296964v1","1697132","1697416","42","32667112"
"chr5","34413096","34413406","KN294613v1","466484","466795","42","33946612"
"chr5","34430669","34430938","KN295320v1","1259966","1260227","41","33170703"
"chr5","34492745","34493048","KN295523v1","2641149","2641450","42","31851596"
"chr5","34493238","34493543","KN296508v1","1718463","1718769","37","32774775"
"chr5","34494508","34494786","KN294172v1","399102","399382","38","34095406"
"chr5","34526335","34526611","KN296731v1","1565386","1565666","46","32960949"
"chr5","34638502","34638800","KN294193v1","568677","568960","45","34069825"
"chr5","34678582","34678894","KN294957v1","62097","62408","41","34616485"
"chr5","34680691","34680942","KN295708v1","995633","995874","49","33685058"
"chr5","34683807","34684117","KN296864v1","3164724","3165032","37","31519083"
"chr5","34725716","34726026","KN294603v1","111945","112247","40","34613771"
"chr5","34731814","34732096","KN294705v1","2048841","2049122","33","32682973"
"chr5","34732326","34732631","KN295375v1","1350305","1350607","52","33382021"
"chr5","34732635","34732936","KN294995v1","15599","15901","37","34717036"
"chr5","34750828","34751110","KN296743v1","202352","202637","32","34548476"
"chr5","34751340","34751640","KN295977v1","193157","193443","55","34558183"
"chr5","34751649","34751942","KN297233v1","1175420","1175710","34","33576229"
"chr5","34772551","34772853","KN294879v1","76546","76849","32","34696005"
"chr5","34777928","34778226","KN296311v1","1117474","1117774","47","33660454"
"chr5","34795845","34796134","KN295236v1","1743086","1743356","48","33052759"
"chr5","34806192","34806489","KN294592v1","162622","162928","50","34643570"
"chr5","34829465","34829768","KN296157v1","1204996","1205297","35","33624469"
"chr5","34849993","34850281","KN296484v1","733487","733776","46","34116506"
"chr5","34856306","34856579","KN296486v1","1167419","1167692","35","33688887"
"chr5","34863038","34863157","KN296731v1","905591","905681","59","33957447"
"chr5","34866365","34866671","KN294705v1","1671077","1671381","36","33195288"
"chr5","34876134","34876435","KN295198v1","174158","174454","40","34701976"
"chr5","34902453","34902770","KN295459v1","1335733","1336041","52","33566720"
"chr5","34934870","34935172","KN297023v1","480259","480560","33","34454611"
"chr5","34935189","34935440","KN295474v1","1438594","1438859","36","33496595"
"chr5","34949738","34950019","KN295667v1","901228","901512","42","34048510"
"chr5","34952098","34952414","KN296926v1","198353","198662","38","34753745"
"chr5","34961935","34962239","KN296620v1","21778","22081","55","34940157"
"chr5","34976657","34976950","KN297171v1","414954","415243","36","34561703"
"chr5","35026689","35026990","KN295236v1","35793","36099","45","34990896"
"chr5","35029430","35029711","KN296743v1","202352","202637","35","34827078"
"chr5","35036122","35036419","KN295343v1","729289","729587","35","34306833"
"chr5","35042376","35042671","KN294456v1","1098138","1098439","38","33944238"
"chr5","35082687","35082994","KN295533v1","2511717","2512017","34","32570970"
"chr5","35091535","35091843","KN295477v1","23872","24183","40","35067663"
"chr5","35114552","35114848","KN296306v1","1515860","1516160","46","33598692"
"chr5","35115655","35115969","KN294588v1","2425731","2426037","46","32689924"
"chr5","35122054","35122364","KN297112v1","6478463","6478766","46","28643591"
"chr5","35125537","35125825","KN294456v1","1143112","1143404","35","33982425"
"chr5","35127865","35128173","KN297245v1","101565","101876","38","35026300"
"chr5","35141750","35142048","KN296620v1","349918","350214","35","34791832"
"chr5","35142387","35142682","KN297320v1","1929892","1930187","33","33212495"
"chr5","35143953","35144256","KN296513v1","2047464","2047766","44","33096489"
"chr5","35145312","35145610","KN297245v1","1416081","1416379","30","33729231"
"chr5","35146758","35147065","KN296877v1","351011","351311","35","34795747"
"chr5","35149935","35150237","KN295430v1","1791407","1791711","47","33358528"
"chr5","35160007","35160313","KN296119v1","1028288","1028598","47","34131719"
"chr5","35180164","35180432","KN294172v1","3669482","3669748","36","31510682"
"chr5","35188702","35188976","KN297171v1","2628817","2629092","38","32559885"
"chr5","35188977","35189277","KN294592v1","1268208","1268509","36","33920769"
"chr5","35191623","35191886","KN294987v1","689046","689274","73","34502577"
"chr5","35200301","35200590","KN294949v1","864636","864923","33","34335665"
"chr5","35209580","35209872","KN295102v1","222669","222960","43","34986911"
"chr5","35214450","35214760","KN297008v1","178445","178753","35","35036005"
"chr5","35217289","35217566","KN295921v1","52673","52954","48","35164616"
"chr5","35226722","35226961","KN295405v1","757351","757593","37","34469371"
"chr5","35231589","35231868","KN296466v1","11081","11357","32","35220508"
"chr5","35237458","35237755","KN296495v1","1038011","1038312","34","34199447"
"chr5","35244634","35244923","KN294521v1","311390","311683","59","34933244"
"chr5","35250316","35250611","KN294181v1","1703148","1703437","43","33547168"
"chr5","35262798","35263093","KN296153v1","1090111","1090408","33","34172687"
"chr5","35277461","35277762","KN294873v1","1602078","1602381","39","33675383"
"chr5","35294207","35294252","KN295533v1","2005584","2005615","22","33288623"
"chr5","35294253","35294446","KN296426v1","64367","64561","30","35229886"
"chr5","35308920","35309204","KN295735v1","822355","822644","32","34486565"
"chr5","35318567","35318866","KN296588v1","912825","913125","41","34405742"
"chr5","35343611","35343834","KN295405v1","757351","757593","51","34586260"
"chr5","35344055","35344352","KN295375v1","695279","695576","38","34648776"
"chr5","35358096","35358402","KN295607v1","4377455","4377758","38","30980641"
"chr5","35365357","35365657","KN294434v1","417718","418021","35","34947639"
"chr5","35379925","35380215","KN294407v1","3491553","3491846","33","31888372"
"chr5","35470505","35470809","KN296119v1","4793855","4794163","36","30676650"
"chr5","35485783","35486092","KN296019v1","59951","60268","37","35425832"
"chr5","35494185","35494494","KN296484v1","412958","413269","38","35081227"
"chr5","35520613","35520916","KN294561v1","1084406","1084703","39","34436207"
"chr5","35534343","35534635","KN295607v1","4441116","4441409","36","31093227"
"chr5","35556661","35556975","KN295045v1","181971","182282","32","35374690"
"chr5","35562418","35562688","KN294172v1","6899580","6899857","42","28662838"
"chr5","35649390","35649699","KN296470v1","173848","174153","43","35475542"
"chr5","35659735","35660027","KN294539v1","1287945","1288241","41","34371790"
"chr5","35690369","35690688","KN296019v1","59951","60268","40","35630418"
"chr5","35693287","35693606","KN296019v1","59951","60268","40","35633336"
"chr5","35746555","35746853","KN295962v1","1884512","1884811","34","33862043"
"chr5","35747892","35748196","KN296311v1","832074","832375","34","34915818"
"chr5","35833610","35833897","KN296732v1","3064831","3065121","46","32768779"
"chr5","35835788","35836107","KN296929v1","19644","19960","53","35816144"
"chr5","35844399","35844715","KN295922v1","130002","130315","46","35714397"
"chr5","35889771","35890064","KN294378v1","1108033","1108325","35","34781738"
"chr5","35895907","35896200","KN294558v1","560208","560501","40","35335699"
"chr5","35905420","35905700","KN296557v1","446832","447122","42","35458588"
"chr5","35909213","35909411","KN294325v1","144579","144772","42","35764634"
"chr5","35918718","35919022","KN295735v1","994649","994952","34","34924069"
"chr5","35923587","35923889","KN297245v1","1416081","1416379","28","34507506"
"chr5","35928413","35928714","KN296404v1","1944196","1944502","41","33984217"
"chr5","35931181","35931484","KN295523v1","2641149","2641450","39","33290032"
"chr5","35947303","35947591","KN295096v1","2965990","2966278","32","32981313"
"chr5","35963416","35963706","KN295480v1","1302107","1302401","37","34661309"
"chr5","35964030","35964326","KN294257v1","1929170","1929463","45","34034860"
"chr5","35971831","35972118","KN296833v1","94676","94959","40","35877155"
"chr5","35981799","35982100","KN294917v1","401690","401984","40","35580109"
"chr5","35992259","35992568","KN294571v1","1575904","1576204","36","34416355"
"chr5","36033673","36033959","KN295637v1","36840","37138","36","35996833"
"chr5","36038787","36039078","KN295361v1","824524","824814","30","35214263"
"chr5","36076373","36076672","KN295637v1","80159","80465","39","35996214"
"chr5","36105193","36105476","KN294193v1","284552","284836","34","35820641"
"chr5","36131795","36132090","KN295480v1","1302107","1302401","42","34829688"
"chr5","36139519","36139811","KN295717v1","355973","356268","52","35783546"
"chr5","36155945","36156253","KN296191v1","540135","540446","41","35615810"
"chr5","36157675","36157982","KN295366v1","78980","79290","39","36078695"
"chr5","36159880","36160190","KN295637v1","158427","158733","30","36001453"
"chr5","36161173","36161476","KN295637v1","159666","159969","30","36001507"
"chr5","36166111","36166418","KN295637v1","166421","166731","28","35999690"
"chr5","36172761","36173061","KN295637v1","171920","172218","39","36000841"
"chr5","36189935","36190233","KN296108v1","367713","368015","32","35822222"
"chr5","36205289","36205590","KN295637v1","208387","208675","34","35996902"
"chr5","36206683","36206978","KN295637v1","209757","210046","30","35996926"
"chr5","36209458","36209744","KN294269v1","1190734","1191020","29","35018724"
"chr5","36237480","36237783","KN295637v1","235786","236082","29","36001694"
"chr5","36272067","36272343","KN296120v1","101804","102083","46","36170263"
"chr5","36273226","36273544","KN295433v1","4537","4862","53","36268689"
"chr5","36280584","36280877","KN294470v1","243580","243874","37","36037004"
"chr5","36281554","36281850","KN296009v1","1147876","1148169","42","35133678"
"chr5","36296449","36296750","KN295984v1","1179396","1179693","41","35117053"
"chr5","36305621","36305918","KN295637v1","300048","300340","33","36005573"
"chr5","36309737","36310033","KN295637v1","308615","308909","34","36001122"
"chr5","36317177","36317474","KN295637v1","315322","315617","34","36001855"
"chr5","36337422","36337728","KN295198v1","274974","275272","38","36062448"
"chr5","36341534","36341833","KN295637v1","335749","336059","32","36005785"
"chr5","36354882","36355177","KN295637v1","346874","347182","28","36008008"
"chr5","36364593","36364904","KN295637v1","351105","351405","42","36013488"
"chr5","36368469","36368769","KN295637v1","354853","355151","23","36013616"
"chr5","36373993","36374295","KN295637v1","360595","360884","44","36013398"
"chr5","36381172","36381454","KN295637v1","365997","366293","31","36015175"
"chr5","36412895","36413189","KN295637v1","396932","397216","37","36015963"
"chr5","36436420","36436727","KN295637v1","421302","421613","32","36015118"
"chr5","36441948","36442242","KN295637v1","426883","427176","30","36015065"
"chr5","36445683","36445994","KN295637v1","430826","431131","40","36014857"
"chr5","36449538","36449825","KN295637v1","434675","434961","27","36014863"
"chr5","36451501","36451783","KN295257v1","1363271","1363563","51","35088230"
"chr5","36483441","36483757","KN295637v1","470348","470640","50","36013093"
"chr5","36509644","36509932","KN295637v1","496145","496430","34","36013499"
"chr5","36530705","36530992","KN295637v1","523022","523309","21","36007683"
"chr5","36574068","36574358","KN295637v1","577799","578088","31","35996269"
"chr5","36594363","36594645","KN295637v1","598684","598962","18","35995679"
"chr5","36599340","36599643","KN295637v1","603653","603953","41","35995687"
"chr5","36631406","36631705","KN295637v1","632100","632402","32","35999306"
"chr5","36637147","36637456","KN295637v1","637852","638151","38","35999295"
"chr5","36646636","36646934","KN295637v1","648218","648510","24","35998418"
"chr5","36652038","36652345","KN296062v1","1530954","1531256","35","35121084"
"chr5","36769152","36769479","KN295637v1","755578","755899","29","36013574"
"chr5","36776639","36776957","KN294396v1","480362","480665","58","36296277"
"chr5","36779907","36780224","KN296731v1","694955","695263","42","36084952"
"chr5","36782512","36782822","KN295883v1","207736","208054","57","36574776"
"chr5","36804961","36805268","KN294879v1","76546","76849","43","36728415"
"chr5","36808881","36809177","KN295637v1","795675","795978","26","36013206"
"chr5","36823461","36823743","KN294456v1","1143112","1143404","38","35680349"
"chr5","36827195","36827491","KN294456v1","1098138","1098439","32","35729057"
"chr5","36852790","36853070","KN295637v1","827358","827636","20","36025432"
"chr5","36855448","36855728","KN295637v1","827358","827636","20","36028090"
"chr5","36874562","36874863","KN296096v1","838711","839001","45","36035851"
"chr5","36912542","36912767","KN295637v1","882908","883132","37","36029634"
"chr5","36921278","36921574","KN297274v1","1730486","1730783","37","35190792"
"chr5","36932587","36932883","KN295637v1","900400","900703","33","36032187"
"chr5","36935058","36935367","KN296743v1","323605","323904","36","36611453"
"chr5","36976551","36976758","KN296263v1","107832","108045","35","36868719"
"chr5","36988642","36988953","KN294487v1","6086","6393","24","36982556"
"chr5","37016575","37016866","KN296153v1","2393235","2393519","47","34623340"
"chr5","37031671","37031981","KN294487v1","50420","50718","32","36981251"
"chr5","37097593","37097884","KN294790v1","163386","163690","48","36934207"
"chr5","37126203","37126502","KN297032v1","184087","184386","31","36942116"
"chr5","37138521","37138825","KN296036v1","769191","769486","42","36369330"
"chr5","37205146","37205440","KN295236v1","5608382","5608670","63","31596764"
"chr5","37206331","37206649","KN295302v1","147528","147841","55","37058803"
"chr5","37207615","37207923","KN295459v1","1335733","1336041","44","35871882"
"chr5","37282626","37282930","KN294599v1","164864","165152","49","37117762"
"chr5","37284699","37285007","KN296311v1","768493","768797","36","36516206"
"chr5","37300227","37300530","KN295459v1","763915","764213","58","36536312"
"chr5","37301948","37302240","KN295405v1","407175","407464","41","36894773"
"chr5","37337435","37337737","KN296487v1","131647","131949","42","37205788"
"chr5","37390296","37390463","KN294831v1","658690","658843","35","36731606"
"chr5","37407164","37407462","KN294662v1","16666","16963","38","37390498"
"chr5","37428432","37428726","KN296620v1","349918","350214","36","37078514"
"chr5","37519773","37520069","KN294917v1","405138","405434","34","37114635"
"chr5","37533316","37533623","KN295326v1","192748","193053","34","37340568"
"chr5","37546739","37547038","KN295343v1","729289","729587","30","36817450"
"chr5","37579099","37579406","KN295607v1","4377455","4377758","37","33201644"
"chr5","37579680","37579987","KN294911v1","2389002","2389309","39","35190678"
"chr5","37593817","37594122","KN294879v1","345721","346030","41","37248096"
"chr5","37602755","37603061","KN297008v1","5122310","5122605","41","32480445"
"chr5","37612411","37612700","KN296982v1","570703","570990","52","37041708"
"chr5","37646868","37647167","KN294520v1","86175","86468","45","37560693"
"chr5","37651267","37651570","KN296486v1","676944","677248","53","36974323"
"chr5","37656829","37657121","KN294172v1","1568325","1568618","43","36088504"
"chr5","37723817","37724108","KN295735v1","822355","822644","41","36901462"
"chr5","37727136","37727429","KN296620v1","349918","350214","41","37377218"
"chr5","37764120","37764419","KN294790v1","163386","163690","41","37600734"
"chr5","37775769","37776056","KN294790v1","4865302","4865600","51","32910467"
"chr5","37801379","37801682","KN294451v1","1139913","1140218","34","36661466"
"chr5","37807309","37807602","KN297095v1","2369159","2369453","32","35438150"
"chr5","37825485","37825781","KN294850v1","163761","164058","32","37661724"
"chr5","37831868","37832164","KN295267v1","826922","827217","37","37004946"
"chr5","37846147","37846444","KN295034v1","280827","281133","45","37565320"
"chr5","37856190","37856493","KN294603v1","111945","112247","31","37744245"
"chr5","37863936","37864235","KN294917v1","405138","405434","42","37458798"
"chr5","37866251","37866558","KN296406v1","250415","250727","37","37615836"
"chr5","37877190","37877474","KN294269v1","1190734","1191020","35","36686456"
"chr5","37948011","37948317","KN296743v1","969506","969817","38","36978505"
"chr5","38006046","38006345","KN296959v1","116436","116734","36","37889610"
"chr5","38101900","38102109","KN294685v1","55717","55932","39","38046183"
"chr5","38111076","38111362","KN295315v1","2261695","2261985","45","35849381"
"chr5","38137955","38138259","KN296381v1","325473","325776","35","37812482"
"chr5","38228018","38228305","KN295096v1","2965990","2966278","36","35262028"
"chr5","38229307","38229615","KN296486v1","1608152","1608458","48","36621155"
"chr5","38279506","38279806","KN295430v1","1217885","1218183","38","37061621"
"chr5","38307076","38307353","KN294385v1","146256","146537","56","38160820"
"chr5","38333415","38333716","KN295998v1","154789","155089","36","38178626"
"chr5","38340190","38340489","KN296311v1","1117474","1117774","40","37222716"
"chr5","38383574","38383872","KN296311v1","714128","714427","29","37669446"
"chr5","38450055","38450366","KN294372v1","299717","300027","41","38150338"
"chr5","38485039","38485343","KN295523v1","3353533","3353835","36","35131506"
"chr5","38497832","38498139","KN296349v1","45344","45654","35","38452488"
"chr5","38507513","38507812","KN297044v1","67196","67485","50","38440317"
"chr5","38513845","38514149","KN294633v1","56373","56674","40","38457472"
"chr5","38536540","38536772","KN296139v1","203722","203935","44","38332818"
"chr5","38538474","38538804","KN296311v1","1054446","1054783","59","37484028"
"chr5","38539178","38539481","KN295090v1","1793240","1793552","36","36745938"
"chr5","38547657","38547950","KN296119v1","911532","911825","33","37636125"
"chr5","38549114","38549419","KN295984v1","2898381","2898689","39","35650733"
"chr5","38564818","38565108","KN294599v1","1100540","1100831","37","37464278"
"chr5","38595898","38596195","KN297245v1","1416081","1416379","39","37179817"
"chr5","38597582","38597889","KN296829v1","581505","581808","38","38016077"
"chr5","38606191","38606486","KN294345v1","1184842","1185136","37","37421349"
"chr5","38623044","38623350","KN295352v1","1345858","1346165","39","37277186"
"chr5","38626125","38626426","KN294761v1","363307","363610","44","38262818"
"chr5","38640048","38640335","KN297086v1","3637","3922","26","38636411"
"chr5","38676796","38677087","KN295835v1","84846","85139","30","38591950"
"chr5","38678636","38678935","KN296322v1","894001","894303","35","37784635"
"chr5","38689278","38689582","KN296635v1","2387021","2387331","44","36302257"
"chr5","38689746","38690044","KN295459v1","673095","673397","40","38016651"
"chr5","38692098","38692408","KN295835v1","181014","181322","36","38511084"
"chr5","38692430","38692730","KN297044v1","561559","561858","40","38130871"
"chr5","38708607","38708906","KN294598v1","342532","342842","45","38366075"
"chr5","38715089","38715362","KN294351v1","108767","109046","40","38606322"
"chr5","38736199","38736489","KN297146v1","129898","130192","34","38606301"
"chr5","38742959","38743268","KN294911v1","3763985","3764286","47","34978974"
"chr5","38744283","38744556","KN297008v1","2539201","2539475","40","36205082"
"chr5","38753293","38753595","KN294911v1","3955936","3956235","40","34797357"
"chr5","38756423","38756713","KN294172v1","6311128","6311420","35","32445295"
"chr5","38759541","38759836","KN295384v1","57641","57948","53","38701900"
"chr5","38760139","38760447","KN294856v1","158144","158448","37","38601995"
"chr5","38764072","38764364","KN294879v1","341999","342291","35","38422073"
"chr5","38780802","38781095","KN295096v1","2965990","2966278","28","35814812"
"chr5","38781677","38781986","KN296743v1","1756759","1757068","44","37024918"
"chr5","38782942","38783253","KN296809v1","567048","567358","39","38215894"
"chr5","38785390","38785687","KN294911v1","628968","629266","29","38156422"
"chr5","38796698","38796986","KN297327v1","587545","587827","42","38209153"
"chr5","38875269","38875517","KN296145v1","262211","262456","32","38613058"
"chr5","38889669","38889947","KN296864v1","1076694","1076968","39","37812975"
"chr5","38910854","38911156","KN294809v1","1033430","1033730","38","37877424"
"chr5","38920260","38920548","KN294613v1","527135","527410","44","38393125"
"chr5","38931327","38931618","KN294937v1","266","558","36","38931061"
"chr5","38965241","38965543","KN295420v1","208371","208668","37","38756870"
"chr5","38987648","38987957","KN295045v1","181971","182282","39","38805677"
"chr5","39023587","39023886","KN296263v1","786828","787126","38","38236759"
"chr5","39031747","39032034","KN296138v1","452937","453216","43","38578810"
"chr5","39035407","39035710","KN296635v1","2181073","2181379","49","36854334"
"chr5","39104022","39104329","KN294456v1","1576578","1576888","37","37527444"
"chr5","39109730","39110024","KN294991v1","1461337","1461627","43","37648393"
"chr5","39129141","39129439","KN294874v1","105877","106179","30","39023264"
"chr5","39129782","39130063","KN297366v1","105458","105741","42","39024324"
"chr5","39150357","39150660","KN295666v1","163031","163330","41","38987326"
"chr5","39161056","39161360","KN295722v1","1373842","1374147","37","37787214"
"chr5","39169889","39170183","KN296357v1","192412","192713","38","38977477"
"chr5","39175269","39175578","KN294399v1","14275","14583","36","39160994"
"chr5","39184047","39184356","KN294399v1","47743","48054","36","39136304"
"chr5","39192360","39192665","KN295967v1","615741","616053","41","38576619"
"chr5","39195895","39196197","KN294710v1","68748","69053","36","39127147"
"chr5","39209538","39209845","KN295605v1","232110","232423","37","38977428"
"chr5","39235551","39235857","KN294446v1","240983","241287","44","38994568"
"chr5","39246150","39246456","KN296153v1","4052438","4052745","35","35193712"
"chr5","39265045","39265366","KN295301v1","761923","762233","45","38503122"
"chr5","39277032","39277342","KN296643v1","729206","729516","48","38547826"
"chr5","39296327","39296629","KN294991v1","293673","293971","34","39002654"
"chr5","39310945","39311238","KN296109v1","319876","320175","39","38991069"
"chr5","39316724","39317006","KN294499v1","2011390","2011673","41","37305334"
"chr5","39718365","39718669","KN295717v1","2167378","2167682","36","37550987"
"chr5","39723680","39723977","KN294407v1","3027269","3027567","36","36696411"
"chr5","39773523","39773815","KN294372v1","1175535","1175829","34","38597988"
"chr5","39819463","39819737","KN294848v1","1142893","1143171","46","38676570"
"chr5","39835091","39835380","KN295667v1","349246","349534","32","39485845"
"chr5","39839002","39839291","KN294937v1","266","558","36","39838736"
"chr5","39881401","39881708","KN295744v1","367788","368092","44","39513613"
"chr5","39912043","39912347","KN295735v1","1160753","1161064","45","38751290"
"chr5","39960137","39960428","KN295719v1","189138","189434","45","39770999"
"chr5","40028944","40029251","KN295637v1","795675","795978","34","39233269"
"chr5","40041313","40041483","KN294957v1","73265","73439","33","39968048"
"chr5","40094987","40095283","KN294487v1","145594","145890","40","39949393"
"chr5","40126241","40126536","KN295523v1","2581270","2581555","41","37544971"
"chr5","40206176","40206473","KN295729v1","826689","826980","35","39379487"
"chr5","40221273","40221497","KN295405v1","757351","757593","53","39463922"
"chr5","40225597","40225853","KN297133v1","635190","635452","49","39590407"
"chr5","40230686","40230991","KN294790v1","163386","163690","37","40067300"
"chr5","40233254","40233554","KN294446v1","240983","241287","32","39992271"
"chr5","40256178","40256472","KN297233v1","1175420","1175710","47","39080758"
"chr5","40280961","40281255","KN296153v1","3041230","3041525","34","37239731"
"chr5","40289311","40289603","KN294239v1","344639","344929","40","39944672"
"chr5","40313218","40313522","KN294995v1","15599","15901","39","40297619"
"chr5","40328140","40328400","KN295054v1","239105","239375","51","40089035"
"chr5","40350191","40350484","KN294662v1","54879","55172","44","40295312"
"chr5","40363472","40363784","KN294239v1","27727","28029","33","40335745"
"chr5","40420427","40420623","KN296146v1","211079","211272","37","40209348"
"chr5","40496498","40496785","KN294879v1","1212125","1212410","36","39284373"
"chr5","40509257","40509565","KN294239v1","173498","173785","42","40335759"
"chr5","40526952","40527262","KN294239v1","192293","192594","25","40334659"
"chr5","40584187","40584492","KN294239v1","258400","258707","29","40325787"
"chr5","40597717","40598011","KN295308v1","2364085","2364379","35","38233632"
"chr5","40630143","40630438","KN294239v1","318536","318831","29","40311607"
"chr5","40647602","40647900","KN294239v1","336924","337225","20","40310678"
"chr5","40649775","40650074","KN294239v1","336924","337225","19","40312851"
"chr5","40673858","40674148","KN294239v1","359508","359798","32","40314350"
"chr5","40687646","40687941","KN294239v1","373368","373662","36","40314278"
"chr5","40701121","40701416","KN294193v1","517583","517883","47","40183538"
"chr5","40702287","40702590","KN294239v1","382966","383276","30","40319321"
"chr5","40712267","40712464","KN294378v1","1344850","1345086","71","39367417"
"chr5","40720084","40720369","KN295586v1","5255611","5255896","43","35464473"
"chr5","40746517","40746813","KN294470v1","2397485","2397775","41","38349032"
"chr5","40768691","40768864","KN294336v1","39333","39510","27","40729358"
"chr5","40799450","40799744","KN296702v1","646088","646381","48","40153362"
"chr5","40800469","40800760","KN294239v1","488768","489060","37","40311701"
"chr5","40819604","40819871","KN294375v1","735728","735990","49","40083876"
"chr5","40857689","40857954","KN296004v1","475641","475912","38","40382048"
"chr5","40858806","40859113","KN296635v1","2387021","2387331","38","38471785"
"chr5","40874949","40875244","KN294239v1","560104","560397","28","40314845"
"chr5","40890781","40891083","KN294239v1","573751","574060","28","40317030"
"chr5","40919921","40920261","KN297046v1","2679676","2680001","56","38240245"
"chr5","40930121","40930432","KN294239v1","613163","613472","29","40316958"
"chr5","40942298","40942591","KN295735v1","951893","952189","36","39990405"
"chr5","40971425","40971712","KN294239v1","652546","652843","35","40318879"
"chr5","40982342","40982638","KN294470v1","2136945","2137241","35","38845397"
"chr5","40991771","40992002","KN295967v1","625826","626071","47","40365945"
"chr5","40996917","40997201","KN294239v1","678632","678916","34","40318285"
"chr5","41012664","41012962","KN295198v1","274974","275272","31","40737690"
"chr5","41037293","41037598","KN294239v1","727004","727299","28","40310289"
"chr5","41079350","41079649","KN294239v1","770148","770448","35","40309202"
"chr5","41089041","41089351","KN296322v1","919384","919686","46","40169657"
"chr5","41112229","41112477","KN296948v1","1008770","1009024","42","40103459"
"chr5","41197674","41197734","KN294446v1","938218","938267","28","40259456"
"chr5","41198443","41198657","KN295977v1","1276894","1277103","50","39921549"
"chr5","41331479","41331772","KN294239v1","1007967","1008256","27","40323512"
"chr5","41373473","41373772","KN294181v1","1637460","1637759","34","39736013"
"chr5","41503373","41503644","KN294239v1","1173497","1173772","37","40329876"
"chr5","41546133","41546404","KN294172v1","1540690","1540957","28","40005443"
"chr5","41575728","41576033","KN294239v1","1241733","1242043","39","40333995"
"chr5","41603677","41603927","KN294991v1","995507","995758","36","40608170"
"chr5","41649672","41649927","KN294456v1","658878","659134","36","40990794"
"chr5","41667278","41667562","KN294239v1","1328305","1328583","32","40338973"
"chr5","41740803","41741114","KN294239v1","1397633","1397935","41","40343170"
"chr5","41755518","41755752","KN294879v1","79823","80060","44","41675695"
"chr5","41798128","41798405","KN294239v1","1454475","1454752","20","40343653"
"chr5","41800907","41801217","KN294239v1","1457265","1457575","28","40343642"
"chr5","41846749","41847050","KN294239v1","1506528","1506828","20","40340221"
"chr5","41917540","41917850","KN294439v1","59249","59564","38","41858291"
"chr5","41925998","41926262","KN294239v1","1589177","1589439","28","40336821"
"chr5","41985741","41986058","KN295433v1","250702","251008","45","41735039"
"chr5","41989091","41989393","KN294239v1","1651948","1652249","35","40337143"
"chr5","41989942","41990250","KN294239v1","1652648","1652946","34","40337294"
"chr5","42000665","42000962","KN294526v1","334958","335253","31","41665707"
"chr5","42001487","42001789","KN295284v1","131398","131699","40","41870089"
"chr5","42004987","42005223","KN296761v1","1186025","1186286","54","40818962"
"chr5","42026728","42027023","KN294239v1","1687180","1687477","36","40339548"
"chr5","42074846","42075148","KN294239v1","1733911","1734217","31","40340935"
"chr5","42087218","42087515","KN295244v1","411038","411330","35","41676180"
"chr5","42103703","42103979","KN294239v1","1763364","1763647","31","40340339"
"chr5","42115095","42115269","KN296153v1","1178114","1178285","27","40936981"
"chr5","42122905","42123184","KN294239v1","1797492","1797769","30","40325413"
"chr5","42168109","42168412","KN294239v1","1844868","1845178","26","40323241"
"chr5","42179214","42179506","KN295441v1","405739","406027","43","41773475"
"chr5","42190639","42190891","KN296290v1","686194","686461","46","41504445"
"chr5","42226855","42227155","KN294239v1","1909222","1909517","32","40317633"
"chr5","42240185","42240496","KN294239v1","1922840","1923150","29","40317345"
"chr5","42354045","42354350","KN296174v1","140767","141075","50","42213278"
"chr5","42421092","42421378","KN296376v1","70759","71045","35","42350333"
"chr5","42440015","42440310","KN294239v1","2122522","2122819","21","40317493"
"chr5","42462101","42462243","KN295346v1","1144051","1144198","22","41318050"
"chr5","42474979","42475263","KN295601v1","747589","747868","41","41727390"
"chr5","42518946","42519259","KN295361v1","368724","369034","35","42150222"
"chr5","42555193","42555429","KN295835v1","199186","199432","56","42356007"
"chr5","42575776","42576087","KN294239v1","2265487","2265784","36","40310289"
"chr5","42581366","42581673","KN294957v1","62097","62408","37","42519269"
"chr5","42590263","42590533","KN294946v1","220472","220746","35","42369791"
"chr5","42653786","42654088","KN294326v1","309006","309309","36","42344780"
"chr5","42655811","42656111","KN294539v1","1287945","1288241","32","41367866"
"chr5","42659783","42659988","KN295034v1","848549","848755","37","41811234"
"chr5","42660524","42660821","KN295607v1","4406348","4406645","33","38254176"
"chr5","42668753","42669044","KN294991v1","1838724","1839016","36","40830029"
"chr5","42684040","42684315","KN295480v1","1166666","1166940","35","41517374"
"chr5","42710963","42711259","KN295236v1","3589165","3589460","34","39121798"
"chr5","42742522","42742814","KN297274v1","1933533","1933825","37","40808989"
"chr5","42751554","42751850","KN295708v1","2506254","2506554","38","40245300"
"chr5","42794524","42794835","KN296311v1","8317826","8318133","43","34476698"
"chr5","42886096","42886381","KN295523v1","1513923","1514207","42","41372173"
"chr5","42931696","42931993","KN294187v1","1109661","1109959","39","41822035"
"chr5","42943473","42943778","KN294911v1","628968","629266","39","42314505"
"chr5","42998714","42999020","KN297095v1","1435979","1436278","30","41562735"
"chr5","43102296","43102585","KN296880v1","290573","290861","36","42811723"
"chr5","43162166","43162471","KN296495v1","1038011","1038312","38","42124155"
"chr5","43209946","43210168","KN295977v1","1276894","1277103","48","41933052"
"chr5","43267751","43268052","KN296513v1","2047464","2047766","37","41220287"
"chr5","43280045","43280352","KN296991v1","902559","902868","44","42377486"
"chr5","43320284","43320589","KN296158v1","1175251","1175559","40","42145033"
"chr5","43393793","43394059","KN296486v1","1167419","1167692","40","42226374"
"chr5","43448869","43449180","KN296311v1","3194235","3194543","38","40254634"
"chr5","43452842","43452981","KN296747v1","128334","128474","24","43324508"
"chr5","43454789","43455092","KN296833v1","30824","31126","34","43423965"
"chr5","43458117","43458414","KN295667v1","1695804","1696115","52","41762313"
"chr5","43481303","43481599","KN296883v1","2283217","2283512","32","41198086"
"chr5","43520818","43521103","KN294633v1","106169","106453","41","43414649"
"chr5","43541889","43542183","KN295236v1","851603","851895","32","42690286"
"chr5","43670141","43670430","KN294193v1","400597","400883","42","43269544"
"chr5","43911375","43911659","KN295750v1","151091","151370","49","43760284"
"chr5","43973900","43974126","KN295405v1","757351","757593","54","43216549"
"chr5","44020441","44020738","KN294592v1","1036828","1037126","42","42983613"
"chr5","44055678","44055966","KN297038v1","338626","338919","49","43717052"
"chr5","44076850","44077149","KN297190v1","4549021","4549317","34","39527829"
"chr5","44085262","44085573","KN294588v1","3169815","3170122","39","40915447"
"chr5","44086745","44087045","KN296498v1","95172","95471","31","43991573"
"chr5","44092612","44092903","KN297154v1","1039874","1040175","45","43052738"
"chr5","44108947","44109241","KN294705v1","2005854","2006146","45","42103093"
"chr5","44136263","44136564","KN297276v1","143691","143993","50","43992572"
"chr5","44148790","44149091","KN296731v1","694955","695263","39","43453835"
"chr5","44183232","44183543","KN295366v1","78980","79290","33","44104252"
"chr5","44267234","44267496","KN295490v1","43581","43843","49","44223653"
"chr5","45471990","45472292","KN297154v1","1039874","1040175","38","44432116"
"chr5","45488961","45489254","KN297186v1","1381942","1382225","43","44107019"
"chr5","45490812","45491104","KN295371v1","448057","448341","43","45042755"
"chr5","45493997","45494295","KN296430v1","1105044","1105344","32","44388953"
"chr5","45505133","45505424","KN294733v1","607498","607793","40","44897635"
"chr5","45509652","45509949","KN295343v1","729289","729587","37","44780363"
"chr5","45516119","45516286","KN295090v1","1414837","1415006","34","44101282"
"chr5","45521034","45521338","KN294193v1","425211","425504","39","45095823"
"chr5","45528316","45528619","KN296541v1","3095531","3095849","39","42432785"
"chr5","45536453","45536760","KN294407v1","3027269","3027567","42","42509184"
"chr5","45544761","45545037","KN296775v1","862160","862442","41","44682601"
"chr5","45548384","45548657","KN294842v1","1908899","1909169","42","43639485"
"chr5","45551957","45552270","KN294407v1","2317315","2317623","40","43234642"
"chr5","45556184","45556489","KN294421v1","88179","88483","42","45468005"
"chr5","45561409","45561697","KN297038v1","1602650","1602935","40","43958759"
"chr5","45578607","45578914","KN297320v1","1223277","1223582","38","44355330"
"chr5","45578932","45579230","KN296682v1","2052676","2052972","37","43526256"
"chr5","45582417","45582726","KN295315v1","1178596","1178904","29","44403821"
"chr5","45591539","45591836","KN296191v1","921557","921853","30","44669982"
"chr5","45596197","45596498","KN294790v1","163386","163690","32","45432811"
"chr5","45605597","45605903","KN296167v1","450049","450355","41","45155548"
"chr5","45608652","45608954","KN296809v1","604063","604366","36","45004589"
"chr5","45615783","45616079","KN294181v1","145618","145914","30","45470165"
"chr5","45634563","45634820","KN294269v1","1140120","1140374","40","44494443"
"chr5","45646751","45646918","KN297190v1","4478787","4478954","24","41167964"
"chr5","45648960","45649274","KN295077v1","613765","614075","43","45035195"
"chr5","45665798","45666057","KN297038v1","314696","314959","41","45351102"
"chr5","45666361","45666669","KN295433v1","250702","251008","44","45415659"
"chr5","45666673","45666940","KN295936v1","1179080","1179344","58","44487593"
"chr5","45670607","45670895","KN294991v1","1838724","1839016","47","43831883"
"chr5","45682655","45682961","KN294603v1","63949","64255","34","45618706"
"chr5","45684214","45684505","KN294911v1","2646845","2647138","33","43037369"
"chr5","45686439","45686729","KN297320v1","577012","577307","39","45109427"
"chr5","45695189","45695476","KN295561v1","109790","110077","32","45585399"
"chr5","45700844","45701138","KN295075v1","236772","237067","33","45464072"
"chr5","45709621","45709918","KN294345v1","1360179","1360481","42","44349442"
"chr5","45720480","45720773","KN294911v1","2646845","2647138","43","43073635"
"chr5","45728968","45729270","KN296311v1","6355927","6356228","44","39373041"
"chr5","45733193","45733467","KN294429v1","48972","49253","40","45684221"
"chr5","45738743","45739048","KN295205v1","1831637","1831949","47","43907106"
"chr5","45739086","45739390","KN294199v1","636506","636815","37","45102580"
"chr5","45743003","45743313","KN296484v1","351750","352061","35","45391253"
"chr5","45744744","45745013","KN297121v1","256358","256619","52","45488386"
"chr5","45765679","45765931","KN295717v1","1445363","1445625","41","44320316"
"chr5","45766638","45766884","KN295241v1","150107","150364","49","45616531"
"chr5","45792225","45792514","KN294407v1","598111","598399","35","45194114"
"chr5","45795820","45796115","KN295114v1","157283","157573","40","45638537"
"chr5","45831569","45831874","KN295923v1","1040491","1040795","41","44791078"
"chr5","45866960","45867264","KN295459v1","673095","673397","39","45193865"
"chr5","45867267","45867425","KN294809v1","116067","116226","26","45751200"
"chr5","45870325","45870627","KN294326v1","309006","309309","34","45561319"
"chr5","45881940","45882227","KN297112v1","3651383","3651672","36","42230557"
"chr5","45884269","45884566","KN294539v1","1287945","1288241","34","44596324"
"chr5","45884607","45884897","KN294325v1","1316006","1316298","34","44568601"
"chr5","45887133","45887424","KN294644v1","85408","85699","38","45801725"
"chr5","45893421","45893595","KN295533v1","1763610","1763792","35","44129811"
"chr5","45896689","45896952","KN296594v1","1040988","1041253","37","44855701"
"chr5","45897369","45897555","KN296426v1","64367","64561","42","45833002"
"chr5","45924646","45924942","KN295893v1","5639294","5639593","42","40285352"
"chr5","45924961","45925259","KN294539v1","1287945","1288241","30","44637016"
"chr5","45926930","45927225","KN295923v1","2310268","2310568","31","43616662"
"chr5","45927616","45927880","KN295735v1","695987","696249","47","45231629"
"chr5","45932622","45932906","KN294429v1","48972","49253","30","45883650"
"chr5","45938984","45939293","KN296484v1","351750","352061","34","45587234"
"chr5","45944774","45945090","KN297293v1","407349","407660","42","45537425"
"chr5","45955956","45956254","KN296513v1","2047464","2047766","33","43908492"
"chr5","45964341","45964560","KN296426v1","64367","64561","44","45899974"
"chr5","45968176","45968485","KN294630v1","349899","350210","32","45618277"
"chr5","45974237","45974535","KN297047v1","2960968","2961263","52","43013269"
"chr5","45999783","46000000","KN295236v1","1206578","1206802","29","44793205"
"chr5","46004556","46004801","KN297186v1","50383","50628","39","45954173"
"chr5","46007220","46007493","KN296404v1","1261236","1261514","43","44745984"
"chr5","46012225","46012519","KN296287v1","119329","119630","39","45892896"
"chr5","46017230","46017523","KN294592v1","1036828","1037126","33","44980402"
"chr5","46017707","46018021","KN296306v1","1422397","1422702","43","44595310"
"chr5","46018673","46018967","KN294470v1","2136945","2137241","32","43881728"
"chr5","46019507","46019721","KN296682v1","3000428","3000645","29","43019079"
"chr5","46027015","46027292","KN295929v1","345138","345414","41","45681877"
"chr5","46035094","46035342","KN295633v1","519840","520096","42","45515254"
"chr5","46036703","46036902","KN294539v1","2433808","2434022","43","43602895"
"chr5","46041275","46041578","KN296090v1","89328","89638","46","45951947"
"chr5","46044344","46044649","KN297233v1","523000","523293","40","45521344"
"chr5","46047379","46047681","KN294790v1","163386","163690","31","45883993"
"chr5","46063501","46063812","KN294199v1","636506","636815","50","45426995"
"chr5","46075636","46075856","KN296643v1","363205","363447","53","45712431"
"chr5","46081067","46081375","KN294964v1","1593524","1593833","41","44487543"
"chr5","46083905","46084205","KN294407v1","3027269","3027567","33","43056636"
"chr5","46088910","46089224","KN296040v1","668192","668497","49","45420718"
"chr5","46092067","46092379","KN294193v1","656123","656428","39","45435944"
"chr5","46102533","46102827","KN295701v1","494164","494434","80","45608369"
"chr5","46109153","46109260","KN296812v1","528391","528503","20","45580762"
"chr5","46109718","46109869","KN295480v1","3253296","3253454","26","42856422"
"chr5","46115725","46116026","KN294603v1","111945","112247","41","46003780"
"chr5","46117993","46118159","KN297190v1","4478787","4478954","24","41639206"
"chr5","46119067","46119141","KN296495v1","1507938","1508003","26","44611129"
"chr5","46129610","46129915","KN296167v1","450049","450355","41","45679561"
"chr5","46134028","46134337","KN294172v1","2351727","2352031","40","43782301"
"chr5","46138217","46138487","KN297105v1","3808499","3808771","44","42329718"
"chr5","46140012","46140226","KN297141v1","158733","158926","46","45981279"
"chr5","46153361","46153539","KN296311v1","3695835","3696013","27","42457526"
"chr5","46159528","46159833","KN295257v1","1225806","1226107","48","44933722"
"chr5","46170528","46170838","KN297276v1","143691","143993","34","46026837"
"chr5","46183349","46183647","KN294181v1","145618","145914","32","46037731"
"chr5","46183773","46184080","KN297112v1","5956620","5956917","51","40227153"
"chr5","46205100","46205409","KN295352v1","467809","468118","52","45737291"
"chr5","46249208","46249505","KN297274v1","1023468","1023763","35","45225740"
"chr5","46266524","46266823","KN296453v1","1991588","1991889","58","44274936"
"chr5","46358820","46359133","KN294466v1","12634","12944","38","46346186"
"chr5","46366306","46366594","KN294790v1","3145998","3146287","36","43220308"
"chr5","46430208","46430512","KN294995v1","15599","15901","40","46414609"
"chr5","46454581","46454888","KN296731v1","694955","695263","43","45759626"
"chr5","46526467","46526761","KN294662v1","54879","55172","32","46471588"
"chr5","46667499","46667795","KN296311v1","6530436","6530727","32","40137063"
"chr5","46821429","46821723","KN294325v1","869926","870221","37","45951503"
"chr5","46846786","46847089","KN295735v1","713972","714275","41","46132814"
"chr5","46876743","46877001","KN296153v1","28951","29209","39","46847792"
"chr5","47017529","47017833","KN294790v1","163386","163690","45","46854143"
"chr5","47062378","47062665","KN297165v1","964526","964815","39","46097852"
"chr5","47065291","47065598","KN294940v1","567435","567744","41","46497856"
"chr5","47071661","47071957","KN294662v1","54879","55172","38","47016782"
"chr5","47084647","47084902","KN296213v1","24277","24539","45","47060370"
"chr5","47097674","47097975","KN294499v1","1245847","1246146","45","45851827"
"chr5","47099506","47099814","KN295090v1","1832957","1833265","34","45266549"
"chr5","47101507","47101811","KN295326v1","192748","193053","42","46908759"
"chr5","47103827","47104131","KN295099v1","100354","100652","42","47003473"
"chr5","47117516","47117820","KN297327v1","811573","811871","43","46305943"
"chr5","47120155","47120439","KN295930v1","518904","519188","36","46601251"
"chr5","47122163","47122462","KN295825v1","3057611","3057911","41","44064552"
"chr5","47182213","47182525","KN294446v1","240983","241287","48","46941230"
"chr5","47195464","47195772","KN294172v1","6113681","6113982","54","41081783"
"chr5","47250856","47251164","KN296306v1","3686137","3686439","43","43564719"
"chr5","47253036","47253344","KN296306v1","3686137","3686439","43","43566899"
"chr5","47301004","47301293","KN295573v1","502898","503186","39","46798106"
"chr5","47384025","47384341","KN294458v1","1049177","1049481","46","46334848"
"chr5","47585337","47585575","KN295405v1","757351","757593","55","46827986"
"chr5","47627247","47627557","KN294378v1","1504358","1504668","34","46122889"
"chr5","47647041","47647194","KN295480v1","3253296","3253454","25","44393745"
"chr5","47766302","47766608","KN295433v1","250702","251008","39","47515600"
"chr5","48095313","48095604","KN295394v1","556635","556929","31","47538678"
"chr5","48279637","48279948","KN297197v1","767513","767826","36","47512124"
"chr5","48407131","48407440","KN297046v1","2427282","2427586","29","45979849"
"chr5","48436053","48436238","KN296726v1","73426","73612","37","48362627"
"chr5","48436240","48436549","KN295984v1","1302517","1302824","42","47133723"
"chr5","48501526","48501832","KN295984v1","739554","739854","35","47761972"
"chr5","48553353","48553617","KN294385v1","415072","415333","33","48138281"
"chr5","48575399","48575680","KN294193v1","284552","284836","37","48290847"
"chr5","48707185","48707495","KN294499v1","799663","799970","39","47907522"
"chr5","48729834","48730117","KN295371v1","448057","448341","30","48281777"
"chr5","48758199","48758508","KN294879v1","533741","534047","40","48224458"
"chr5","48783485","48783770","KN296775v1","862160","862442","38","47921325"
"chr5","48791324","48791636","KN296210v1","1027969","1028279","37","47763355"
"chr5","48812401","48812703","KN294739v1","768961","769264","37","48043440"
"chr5","48855032","48855318","KN294326v1","619990","620278","45","48235042"
"chr5","48902841","48903146","KN296210v1","928008","928314","24","47974833"
"chr5","49021879","49022175","KN296210v1","806003","806299","24","48215876"
"chr5","49034540","49034832","KN296210v1","798390","798690","28","48236150"
"chr5","49043900","49044203","KN296210v1","788715","789030","36","48255185"
"chr5","49045103","49045419","KN295748v1","161587","161896","37","48883516"
"chr5","49048074","49048343","KN294373v1","791594","791868","37","48256480"
"chr5","49150497","49150783","KN294790v1","4895221","4895507","33","44255276"
"chr5","49199738","49200054","KN296210v1","630343","630650","37","48569395"
"chr5","49241835","49242128","KN296210v1","596068","596367","23","48645767"
"chr5","49252272","49252561","KN295729v1","826689","826980","39","48425583"
"chr5","49275180","49275479","KN296210v1","563058","563357","24","48712122"
"chr5","49288069","49288370","KN295907v1","1957094","1957395","48","47330975"
"chr5","49306920","49307240","KN296210v1","532967","533270","47","48773953"
"chr5","49310281","49310575","KN296210v1","529619","529924","36","48780662"
"chr5","49317029","49317317","KN296040v1","349832","350124","35","48967197"
"chr5","49330036","49330331","KN296063v1","1388665","1388960","38","47941371"
"chr5","49330583","49330895","KN296210v1","507001","507307","31","48823582"
"chr5","49337065","49337372","KN296096v1","980883","981184","48","48356182"
"chr5","49368515","49368816","KN296210v1","470570","470875","36","48897945"
"chr5","49368844","49369162","KN296210v1","470243","470542","34","48898601"
"chr5","49404550","49404861","KN296210v1","431970","432278","35","48972580"
"chr5","49429158","49429459","KN294917v1","401690","401984","43","49027468"
"chr5","49443477","49443787","KN296210v1","379655","379975","37","49063822"
"chr5","49447556","49447858","KN296096v1","3298011","3298301","52","46149545"
"chr5","49458547","49458828","KN296210v1","362490","362772","34","49096057"
"chr5","49475912","49476207","KN296210v1","345214","345521","31","49130698"
"chr5","49492081","49492379","KN296210v1","329195","329497","20","49162886"
"chr5","49493884","49494155","KN295731v1","21589","21872","51","49472295"
"chr5","49519075","49519284","KN294345v1","881883","882096","27","48637192"
"chr5","49550527","49550833","KN295523v1","3240586","3240897","45","46309941"
"chr5","49551708","49552016","KN294705v1","1537713","1538021","38","48013995"
"chr5","49553309","49553609","KN295907v1","1983934","1984230","40","47569375"
"chr5","49594416","49594682","KN296210v1","227565","227837","35","49366851"
"chr5","49619978","49620130","KN296210v1","200591","200747","15","49419387"
"chr5","49620888","49621071","KN295236v1","3402541","3402725","31","46218347"
"chr5","49647039","49647336","KN295282v1","105605","105903","30","49541434"
"chr5","49669305","49669609","KN295459v1","673095","673397","38","48996210"
"chr5","49711139","49711443","KN296210v1","105063","105365","26","49606076"
"chr5","49743371","49743674","KN295319v1","93746","94048","40","49649625"
"chr5","49757695","49758010","KN294790v1","5868297","5868622","56","43889398"
"chr5","49778378","49778679","KN296210v1","25819","26126","30","49752559"
"chr5","49785996","49786306","KN296502v1","94187","94498","42","49691809"
"chr5","49792195","49792493","KN294662v1","16666","16963","40","49775529"
"chr5","49831760","49832066","KN294345v1","2190497","2190797","27","47641263"
"chr5","49850491","49850811","KN294345v1","2164879","2165196","36","47685612"
"chr5","49870611","49870790","KN294292v1","211892","212059","35","49658719"
"chr5","49884482","49884769","KN294345v1","2127028","2127315","28","47757454"
"chr5","49895556","49895862","KN295326v1","293510","293816","37","49602046"
"chr5","49896905","49897193","KN294345v1","2115056","2115342","19","47781849"
"chr5","49934325","49934622","KN294345v1","2078587","2078887","29","47855738"
"chr5","49973837","49974133","KN295744v1","544376","544678","43","49429461"
"chr5","50013800","50014101","KN295523v1","3003643","3003941","35","47010157"
"chr5","50023301","50023603","KN294345v1","1995209","1995510","27","48028092"
"chr5","50066515","50066775","KN295366v1","404843","405103","45","49661672"
"chr5","50081767","50082081","KN296153v1","1503672","1503980","42","48578095"
"chr5","50214323","50214617","KN296365v1","594805","595112","33","49619518"
"chr5","50218328","50218636","KN295894v1","1889086","1889395","36","48329242"
"chr5","50228727","50229015","KN294345v1","1778439","1778738","22","48450288"
"chr5","50307738","50308036","KN297274v1","334590","334883","36","49973148"
"chr5","50325595","50325895","KN295729v1","826689","826980","42","49498906"
"chr5","50370305","50370518","KN296426v1","64367","64561","39","50305938"
"chr5","50438850","50439144","KN296750v1","659202","659498","39","49779648"
"chr5","50529309","50529598","KN296508v1","1887999","1888284","39","48641310"
"chr5","50533996","50534194","KN296145v1","3101297","3101502","34","47432699"
"chr5","50571950","50572246","KN294539v1","1287945","1288241","35","49284005"
"chr5","50631989","50632312","KN295893v1","120269","120580","45","50511720"
"chr5","50708663","50708945","KN294345v1","1286243","1286510","33","49422420"
"chr5","50743268","50743572","KN294345v1","1253568","1253871","31","49489700"
"chr5","50883568","50883858","KN294790v1","272636","272926","28","50610932"
"chr5","50911489","50911798","KN296244v1","633132","633433","38","50278357"
"chr5","50972142","50972431","KN294345v1","1033409","1033702","19","49938733"
"chr5","51107179","51107390","KN294345v1","881883","882096","14","50225296"
"chr5","51219549","51219822","KN297165v1","2779028","2779304","45","48440521"
"chr5","51249398","51249735","KN294345v1","734039","734317","86","50515359"
"chr5","51329189","51329481","KN297159v1","2738831","2739124","48","48590358"
"chr5","51416235","51416551","KN296306v1","1205782","1206092","46","50210453"
"chr5","51514484","51514785","KN294345v1","464306","464616","31","51050178"
"chr5","51621714","51622002","KN294218v1","1229146","1229433","35","50392568"
"chr5","51870027","51870320","KN294346v1","422309","422602","43","51447718"
"chr5","51876801","51877030","KN295405v1","757351","757593","43","51119450"
"chr5","51917777","51918071","KN294345v1","59293","59597","30","51858484"
"chr5","51948134","51948438","KN294345v1","27742","28050","32","51920392"
"chr5","52046035","52046318","KN294370v1","12490","12765","28","52033545"
"chr5","52117226","52117543","KN296460v1","119303","119632","49","51997923"
"chr5","52291367","52291677","KN294526v1","248315","248626","34","52043052"
"chr5","52357582","52357883","KN296557v1","13515","13811","38","52344067"
"chr5","52381875","52382120","KN295835v1","199186","199432","42","52182689"
"chr5","52496159","52496472","KN296833v1","30824","31126","44","52465335"
"chr5","52500396","52500680","KN295107v1","77036","77324","41","52423360"
"chr5","52558991","52559294","KN294581v1","619147","619445","21","51939844"
"chr5","52571804","52572119","KN296322v1","2692700","2693002","45","49879104"
"chr5","52617539","52617830","KN294581v1","560907","561191","27","52056632"
"chr5","52619898","52620187","KN296187v1","1334278","1334569","33","51285620"
"chr5","52622014","52622299","KN294581v1","556133","556421","38","52065881"
"chr5","52641340","52641633","KN295871v1","681623","681917","34","51959717"
"chr5","52651249","52651558","KN296381v1","365759","366066","40","52285490"
"chr5","52709476","52709764","KN296191v1","129963","130245","50","52579513"
"chr5","52753290","52753470","KN294187v1","1212835","1213011","28","51540455"
"chr5","52755622","52755898","KN294581v1","422718","422995","26","52332904"
"chr5","52808371","52808648","KN294581v1","371038","371329","35","52437333"
"chr5","52834737","52835035","KN295633v1","323295","323596","33","52511442"
"chr5","52863252","52863530","KN296508v1","1887999","1888284","43","50975253"
"chr5","52867699","52868006","KN294581v1","308163","308466","30","52559536"
"chr5","52885726","52886022","KN294581v1","287936","288236","18","52597790"
"chr5","52891647","52891957","KN296311v1","768493","768797","37","52123154"
"chr5","52897448","52897736","KN294581v1","276036","276321","19","52621412"
"chr5","52906856","52907059","KN294172v1","2161343","2161535","44","50745513"
"chr5","52909060","52909362","KN294581v1","264493","264796","30","52644567"
"chr5","52911307","52911596","KN294581v1","262556","262843","25","52648751"
"chr5","52938753","52938968","KN295564v1","135143","135357","27","52803610"
"chr5","52944149","52944442","KN294581v1","230647","230947","35","52713502"
"chr5","52947748","52948055","KN294581v1","227308","227612","24","52720440"
"chr5","52966183","52966477","KN295343v1","729289","729587","33","52236894"
"chr5","52970593","52970886","KN294581v1","203618","203913","30","52766975"
"chr5","52984023","52984327","KN296847v1","511055","511365","33","52472968"
"chr5","53006093","53006388","KN294581v1","164938","165247","35","52841155"
"chr5","53101702","53102005","KN296263v1","1227686","1227986","44","51874016"
"chr5","53107261","53107548","KN294181v1","1424178","1424469","48","51683083"
"chr5","53216587","53216886","KN294732v1","546517","546807","33","52670070"
"chr5","53230578","53230875","KN294732v1","525831","526115","34","52704747"
"chr5","53267270","53267561","KN294732v1","489076","489377","29","52778194"
"chr5","53303517","53303761","KN295967v1","625826","626071","49","52677691"
"chr5","53487871","53488191","KN294911v1","2739073","2739387","46","50748798"
"chr5","53496042","53496258","KN296430v1","655059","655273","40","52840983"
"chr5","53657519","53657814","KN294732v1","74252","74551","31","53583267"
"chr5","53734310","53734609","KN294790v1","163386","163690","36","53570924"
"chr5","53786004","53786313","KN296430v1","96066","96377","43","53689938"
"chr5","53856728","53857027","KN295282v1","105605","105903","35","53751123"
"chr5","53890984","53891271","KN295343v1","729289","729587","42","53161695"
"chr5","53897440","53897726","KN296460v1","1094534","1094828","56","52802906"
"chr5","53908971","53909274","KN296315v1","1939846","1940151","34","51969125"
"chr5","53927717","53928027","KN296119v1","5061582","5061891","50","48866135"
"chr5","53948974","53949265","KN294539v1","1287945","1288241","35","52661029"
"chr5","53967980","53968281","KN295871v1","681623","681917","37","53286357"
"chr5","54065980","54066275","KN294733v1","607498","607793","37","53458482"
"chr5","54354564","54354732","KN294917v1","1265141","1265310","29","53089423"
"chr5","54366342","54366650","KN294407v1","2157068","2157379","37","52209274"
"chr5","54386329","54386637","KN294378v1","1504358","1504668","32","52881971"
"chr5","54412723","54412949","KN295045v1","921009","921237","28","53491714"
"chr5","54413543","54413853","KN294407v1","2317315","2317623","37","52096228"
"chr5","54433529","54433840","KN295825v1","237107","237411","35","54196422"
"chr5","54446547","54446855","KN295706v1","488396","488699","42","53958151"
"chr5","54449563","54449887","KN297386v1","2180183","2180511","49","52269380"
"chr5","54471164","54471459","KN297320v1","271981","272275","45","54199183"
"chr5","54504071","54504383","KN296484v1","351750","352061","41","54152321"
"chr5","54505503","54505799","KN297245v1","1416081","1416379","39","53089422"
"chr5","54535600","54535643","KN294187v1","1105507","1105554","10","53430093"
"chr5","54535664","54535920","KN294650v1","27651","27917","35","54508013"
"chr5","54578011","54578211","KN294378v1","1482294","1482491","43","53095717"
"chr5","54586688","54586981","KN295480v1","1302107","1302401","28","53284581"
"chr5","54724108","54724410","KN295236v1","5356462","5356765","33","49367646"
"chr5","54758564","54758851","KN296119v1","911532","911825","34","53847032"
"chr5","54815332","54815620","KN295032v1","243252","243547","34","54572080"
"chr5","54930292","54930589","KN295225v1","301041","301338","37","54629251"
"chr5","54968902","54969205","KN294789v1","107780","108080","42","54861122"
"chr5","54994472","54994781","KN294705v1","211987","212294","46","54782485"
"chr5","55149323","55149612","KN296178v1","166590","166877","38","54982733"
"chr5","55207652","55207919","KN296569v1","479237","479499","46","54728415"
"chr5","55410876","55411137","KN294457v1","205085","205362","53","55205791"
"chr5","55483993","55484320","KN297408v1","58299","58616","45","55425694"
"chr5","55541459","55541754","KN294850v1","198361","198654","38","55343098"
"chr5","55565270","55565529","KN297038v1","314696","314959","34","55250574"
"chr5","55570618","55570935","KN296153v1","2109780","2110089","51","53460838"
"chr5","55596107","55596404","KN297159v1","564439","564730","48","55031668"
"chr5","55674875","55675167","KN296682v1","1930392","1930690","42","53744483"
"chr5","55690091","55690403","KN294251v1","3603036","3603341","48","52087055"
"chr5","55824953","55825253","KN297361v1","65405","65707","42","55759548"
"chr5","55949981","55950286","KN296153v1","1336190","1336496","40","54613791"
"chr5","56018618","56018920","KN296153v1","1336190","1336496","39","54682428"
"chr5","56143775","56144070","KN295459v1","763915","764213","50","55379860"
"chr5","56160223","56160529","KN296311v1","854862","855163","34","55305361"
"chr5","56244491","56244807","KN297322v1","1224244","1224547","47","55020247"
"chr5","56282218","56282531","KN295846v1","24517","24819","36","56257701"
"chr5","56353249","56353548","KN294456v1","1098138","1098439","35","55255111"
"chr5","56405842","56406131","KN295984v1","1442978","1443269","42","54962864"
"chr5","56481103","56481411","KN295883v1","173429","173738","35","56307674"
"chr5","56491144","56491431","KN296955v1","419718","420015","39","56071426"
"chr5","56522240","56522542","KN294289v1","11202","11512","31","56511038"
"chr5","56624315","56624606","KN294561v1","1084406","1084703","38","55539909"
"chr5","56689956","56690259","KN295430v1","2554896","2555197","36","54135060"
"chr5","56722481","56722771","KN295361v1","824524","824814","39","55897957"
"chr5","56722916","56723074","KN294213v1","33692","33846","29","56689224"
"chr5","56776470","56776749","KN294289v1","272566","272848","32","56503904"
"chr5","57053687","57053981","KN294289v1","534925","535233","40","56518762"
"chr5","57106051","57106339","KN294289v1","577200","577491","25","56528851"
"chr5","57159220","57159530","KN296484v1","351750","352061","46","56807470"
"chr5","57363757","57364065","KN296167v1","450049","450355","41","56913708"
"chr5","57473442","57473749","KN296167v1","450049","450355","32","57023393"
"chr5","57559689","57559996","KN297198v1","257113","257420","24","57302576"
"chr5","57561080","57561369","KN294385v1","149567","149857","32","57411513"
"chr5","57658013","57658297","KN296180v1","2431804","2432093","39","55226209"
"chr5","57699994","57700299","KN295610v1","501770","502075","37","57198224"
"chr5","57891359","57891627","KN295667v1","761203","761468","40","57130156"
"chr5","57972765","57973053","KN294303v1","100118","100410","44","57872647"
"chr5","58046955","58047253","KN296430v1","1105044","1105344","39","56941911"
"chr5","58094047","58094341","KN294647v1","185532","185822","33","57908515"
"chr5","58094998","58095176","KN296426v1","64367","64561","41","58030631"
"chr5","58100110","58100409","KN296884v1","80185","80481","35","58019925"
"chr5","58109795","58110091","KN294385v1","510756","511057","40","57599039"
"chr5","58115473","58115778","KN294218v1","1685927","1686234","41","56429546"
"chr5","58157055","58157252","KN296426v1","64367","64561","43","58092688"
"chr5","58159352","58159658","KN296322v1","2692700","2693002","39","55466652"
"chr5","58161254","58161554","KN296019v1","412819","413103","47","57748435"
"chr5","58167856","58168159","KN295301v1","716124","716425","36","57451732"
"chr5","58175272","58175570","KN296311v1","832074","832375","37","57343198"
"chr5","58179682","58179987","KN295667v1","1966915","1967223","39","56212767"
"chr5","58181951","58182228","KN295236v1","5608382","5608670","54","52573569"
"chr5","58190960","58191263","KN295671v1","201221","201525","41","57989739"
"chr5","58199244","58199534","KN294262v1","1563960","1564257","46","56635284"
"chr5","58199911","58200207","KN295907v1","2389521","2389812","53","55810390"
"chr5","58208217","58208461","KN297343v1","616706","616946","36","57591511"
"chr5","58208791","58209085","KN297171v1","414954","415243","48","57793837"
"chr5","58210677","58210974","KN294917v1","405138","405434","42","57805539"
"chr5","58217127","58217403","KN296484v1","156456","156730","52","58060671"
"chr5","58245378","58245670","KN295983v1","1949673","1949965","47","56295705"
"chr5","58266501","58266786","KN294366v1","429818","430102","29","57836683"
"chr5","58274277","58274586","KN296311v1","768493","768797","39","57505784"
"chr5","58282609","58282889","KN296508v1","1892477","1892760","35","56390132"
"chr5","58283237","58283518","KN294269v1","327320","327602","40","57955917"
"chr5","58300590","58300885","KN294470v1","2136945","2137241","27","56163645"
"chr5","58308447","58308743","KN297046v1","1341504","1341798","34","56966943"
"chr5","58315654","58315950","KN295343v1","729289","729587","38","57586365"
"chr5","58352703","58352992","KN294806v1","681476","681761","45","57671227"
"chr5","58374057","58374345","KN294662v1","218243","218524","41","58155814"
"chr5","58397106","58397389","KN295871v1","199995","200282","53","58197111"
"chr5","58426424","58426724","KN294470v1","2136945","2137241","40","56289479"
"chr5","58428850","58429151","KN295371v1","763803","764104","39","57665047"
"chr5","58451155","58451468","KN296661v1","2149774","2150085","39","56301381"
"chr5","58454378","58454668","KN296496v1","1022471","1022764","39","57431907"
"chr5","58463646","58463928","KN295350v1","710666","710958","46","57752980"
"chr5","58497198","58497495","KN296119v1","1735099","1735396","37","56762099"
"chr5","58515718","58516015","KN294443v1","1378801","1379095","39","57136917"
"chr5","58538280","58538571","KN294457v1","143891","144185","36","58394389"
"chr5","58552252","58552543","KN295096v1","2965990","2966278","39","55586262"
"chr5","58657858","58658155","KN294193v1","425211","425504","36","58232647"
"chr5","58660339","58660641","KN294790v1","163386","163690","38","58496953"
"chr5","58807902","58808196","KN295343v1","729289","729587","41","58078613"
"chr5","58822762","58822920","KN295667v1","1026814","1026972","29","57795948"
"chr5","59000183","59000453","KN295633v1","1133330","1133601","42","57866853"
"chr5","59018451","59018761","KN296877v1","351011","351311","40","58667440"
"chr5","59032906","59033212","KN294410v1","292751","293054","35","58740155"
"chr5","59057891","59058196","KN296503v1","539763","540066","31","58518128"
"chr5","59122586","59122896","KN294911v1","2842843","2843153","40","56279743"
"chr5","59156933","59157229","KN295719v1","189138","189434","39","58967795"
"chr5","59207166","59207462","KN296880v1","290573","290861","36","58916593"
"chr5","59221242","59221553","KN295735v1","1160753","1161064","27","58060489"
"chr5","59245063","59245373","KN294266v1","214101","214406","40","59030962"
"chr5","59246670","59246960","KN296187v1","663374","663662","34","58583296"
"chr5","59257229","59257517","KN296809v1","909370","909660","38","58347859"
"chr5","59260606","59260913","KN294521v1","404396","404704","38","58856210"
"chr5","59284814","59285070","KN296138v1","131008","131272","48","59153806"
"chr5","59297586","59297881","KN296879v1","1277634","1277929","36","58019952"
"chr5","59302632","59302945","KN295962v1","1218515","1218823","43","58084117"
"chr5","59316027","59316320","KN295573v1","502898","503186","36","58813129"
"chr5","59316931","59317235","KN294407v1","3027269","3027567","39","56289662"
"chr5","59321272","59321571","KN296635v1","3876048","3876352","40","55445224"
"chr5","59329433","59329737","KN296187v1","1449091","1449391","36","57880342"
"chr5","59340167","59340487","KN294558v1","721959","722270","52","58618208"
"chr5","59352569","59352858","KN295096v1","2965990","2966278","35","56386579"
"chr5","59361979","59362281","KN294218v1","2833833","2834132","36","56528146"
"chr5","59366303","59366613","KN294603v1","63949","64255","37","59302354"
"chr5","59396774","59397076","KN295708v1","2506254","2506554","34","56890520"
"chr5","59400040","59400280","KN294187v1","2009520","2009761","33","57390520"
"chr5","59401971","59402268","KN294662v1","54879","55172","37","59347092"
"chr5","59406133","59406423","KN294842v1","1466394","1466697","44","57939739"
"chr5","59422361","59422663","KN294325v1","1015803","1016101","34","58406558"
"chr5","59436663","59436962","KN296287v1","22964","23263","40","59413699"
"chr5","59456669","59456960","KN295079v1","803530","803818","45","58653139"
"chr5","59470241","59470530","KN296595v1","42365","42662","38","59427876"
"chr5","59487558","59487861","KN296311v1","768493","768797","34","58719065"
"chr5","59490309","59490586","KN294207v1","761912","762189","40","58728397"
"chr5","59497166","59497388","KN294257v1","484683","484900","39","59012483"
"chr5","59500008","59500299","KN297227v1","692142","692435","44","58807866"
"chr5","59507124","59507418","KN296486v1","1729393","1729684","48","57777731"
"chr5","59514970","59515273","KN294790v1","163386","163690","38","59351584"
"chr5","59577405","59577710","KN296311v1","8317826","8318133","43","51259579"
"chr5","59614695","59615002","KN294443v1","441739","442042","35","59172956"
"chr5","59632184","59632473","KN294937v1","266","558","44","59631918"
"chr5","59681991","59682327","KN295345v1","1373085","1373408","49","58308906"
"chr5","59693145","59693452","KN295717v1","2092402","2092714","36","57600743"
"chr5","59732527","59732834","KN296847v1","511055","511365","38","59221472"
"chr5","59738826","59739127","KN296290v1","478172","478478","45","59260654"
"chr5","59742049","59742352","KN294446v1","240983","241287","39","59501066"
"chr5","59757685","59757982","KN296859v1","1219043","1219336","43","58538642"
"chr5","59764940","59765250","KN297133v1","950328","950631","33","58814612"
"chr5","59776172","59776487","KN295471v1","799950","800259","53","58976222"
"chr5","59789287","59789587","KN296820v1","159633","159931","33","59629654"
"chr5","59810760","59811064","KN295705v1","2127096","2127397","45","57683664"
"chr5","59816514","59816821","KN294199v1","594186","594493","47","59222328"
"chr5","59828580","59828866","KN294790v1","272636","272926","40","59555944"
"chr5","59835230","59835524","KN294470v1","2136945","2137241","34","57698285"
"chr5","59844953","59845271","KN294233v1","666712","667026","43","59178241"
"chr5","59854728","59855023","KN294284v1","9583","9870","46","59845145"
"chr5","59864410","59864692","KN295371v1","448057","448341","34","59416353"
"chr5","59869585","59869896","KN296635v1","2387021","2387331","35","57482564"
"chr5","59880038","59880345","KN297327v1","1085166","1085473","37","58794872"
"chr5","59910322","59910590","KN297190v1","3664977","3665253","44","56245345"
"chr5","59913424","59913734","KN294992v1","176419","176728","35","59737005"
"chr5","59927426","59927727","KN294592v1","1036828","1037126","39","58890598"
"chr5","59970720","59970937","KN296357v1","51086","51303","33","59919634"
"chr5","59995152","59995269","KN294456v1","895120","895228","55","59100032"
"chr5","60006397","60006701","KN294527v1","283192","283491","46","59723205"
"chr5","60014465","60014782","KN297442v1","1612430","1612738","43","58402035"
"chr5","60038336","60038646","KN295366v1","78980","79290","33","59959356"
"chr5","60069261","60069561","KN296153v1","3041230","3041525","33","57028031"
"chr5","60089272","60089564","KN296588v1","369136","369431","34","59720136"
"chr5","60115907","60116204","KN294561v1","1084406","1084703","32","59031501"
"chr5","60122637","60122841","KN295995v1","278598","278793","39","59844039"
"chr5","60139491","60139793","KN297046v1","1742979","1743284","38","58396512"
"chr5","60175180","60175479","KN295633v1","323295","323596","37","59851885"
"chr5","60195058","60195348","KN295366v1","124181","124471","29","60070877"
"chr5","60233455","60233748","KN297146v1","129898","130192","33","60103557"
"chr5","60249501","60249797","KN296682v1","1930392","1930690","36","58319109"
"chr5","60270177","60270492","KN294987v1","124730","125040","46","60145447"
"chr5","60274554","60274854","KN297008v1","4491141","4491442","31","55783413"
"chr5","60277481","60277781","KN294571v1","1575904","1576204","31","58701577"
"chr5","60329537","60329832","KN295744v1","419470","419767","38","59910067"
"chr5","60337225","60337520","KN296108v1","367713","368015","37","59969512"
"chr5","60381399","60381713","KN294548v1","1161001","1161308","40","59220398"
"chr5","60433566","60433746","KN297442v1","1659397","1659581","29","58774169"
"chr5","60442914","60443238","KN294991v1","1692556","1692877","40","58750358"
"chr5","60443619","60443930","KN294172v1","6918028","6918338","37","53525591"
"chr5","60504450","60504742","KN296357v1","621170","621460","40","59883280"
"chr5","60550289","60550574","KN294429v1","37988","38273","42","60512301"
"chr5","60640076","60640296","KN294934v1","55686","55907","41","60584390"
"chr5","60749512","60749803","KN295607v1","4653398","4653689","39","56096114"
"chr5","60818835","60819054","KN296392v1","365134","365355","35","60453701"
"chr5","60840219","60840527","KN295964v1","41486","41800","28","60798733"
"chr5","60882968","60883259","KN297320v1","271981","272275","41","60610987"
"chr5","60891801","60892107","KN296829v1","581505","581808","46","60310296"
"chr5","60923485","60923810","KN294790v1","5868297","5868622","44","55055188"
"chr5","60948786","60949072","KN297112v1","4708883","4709170","31","56239903"
"chr5","60986811","60986950","KN295800v1","365549","365705","42","60621262"
"chr5","60994432","60994720","KN296296v1","282324","282612","41","60712108"
"chr5","61004005","61004296","KN294526v1","334958","335253","34","60669047"
"chr5","61027161","61027457","KN294539v1","1287945","1288241","32","59739216"
"chr5","61047285","61047594","KN294705v1","1537713","1538021","39","59509572"
"chr5","61048193","61048487","KN295820v1","787086","787379","33","60261107"
"chr5","61048907","61049172","KN295433v1","2338051","2338323","42","58710856"
"chr5","61076681","61076984","KN296430v1","1105044","1105344","35","59971637"
"chr5","61079954","61080253","KN296311v1","8317826","8318133","38","52762128"
"chr5","61113107","61113412","KN294526v1","248315","248626","50","60864792"
"chr5","61148013","61148317","KN296833v1","30824","31126","41","61117189"
"chr5","61176847","61177154","KN294287v1","369071","369381","35","60807776"
"chr5","61261835","61262130","KN294501v1","38531","38824","40","61223304"
"chr5","61396537","61396844","KN296322v1","2692700","2693002","37","58703837"
"chr5","61414481","61414769","KN295607v1","4682824","4683115","39","56731657"
"chr5","61440358","61440668","KN295735v1","979548","979848","50","60460810"
"chr5","61462597","61462885","KN294326v1","619990","620278","32","60842607"
"chr5","61466733","61467034","KN296157v1","1204996","1205297","31","60261737"
"chr5","61471455","61471778","KN296079v1","89868","90185","48","61381587"
"chr5","61479185","61479492","KN297133v1","61948","62256","40","61417237"
"chr5","61523892","61524003","KN295708v1","1589585","1589715","43","59934307"
"chr5","61524452","61524584","KN296290v1","1087408","1087540","26","60437044"
"chr5","61543090","61543384","KN295984v1","1564013","1564314","45","59979077"
"chr5","61554014","61554299","KN296503v1","496541","496827","42","61057473"
"chr5","61607710","61608000","KN294561v1","1084406","1084703","39","60523304"
"chr5","61639082","61639384","KN296062v1","1382803","1383107","43","60256279"
"chr5","61713842","61714146","KN296495v1","962835","963136","41","60751007"
"chr5","61738644","61738943","KN294603v1","111945","112247","32","61626699"
"chr5","61741740","61742026","KN297095v1","1470058","1470347","38","60271682"
"chr5","61877965","61878245","KN296538v1","101344","101622","41","61776621"
"chr5","61906178","61906437","KN297229v1","996188","996452","40","60909990"
"chr5","61963199","61963496","KN294767v1","198782","199073","52","61764417"
"chr5","61980611","61980900","KN295439v1","110494","110783","48","61870117"
"chr5","61983394","61983691","KN296406v1","281155","281453","37","61702239"
"chr5","62084224","62084531","KN295607v1","4377455","4377758","36","57706769"
"chr5","62102950","62103150","KN295995v1","278598","278793","44","61824352"
"chr5","62153844","62154145","KN296643v1","47618","47923","43","62106226"
"chr5","62226198","62226507","KN295433v1","250702","251008","37","61975496"
"chr5","62379166","62379373","KN296426v1","64367","64561","37","62314799"
"chr5","62427733","62428039","KN294378v1","1504358","1504668","31","60923375"
"chr5","62434669","62434965","KN297044v1","561559","561858","45","61873110"
"chr5","62491229","62491527","KN294837v1","236309","236605","37","62254920"
"chr5","62514914","62515166","KN296580v1","224007","224259","36","62290907"
"chr5","62522011","62522310","KN297039v1","270784","271077","47","62251227"
"chr5","62582241","62582550","KN296588v1","289027","289334","40","62293214"
"chr5","62676137","62676436","KN296926v1","728665","728961","47","61947472"
"chr5","62752952","62753176","KN296153v1","1131264","1131489","38","61621688"
"chr5","62819466","62819756","KN294603v1","111945","112247","49","62707521"
"chr5","62821757","62822057","KN296311v1","714128","714427","38","62107629"
"chr5","62954849","62955138","KN294705v1","2156807","2157102","45","60798042"
"chr5","63116267","63116564","KN296498v1","95172","95471","36","63021095"
"chr5","63179393","63179696","KN294937v1","266","558","49","63179127"
"chr5","63187155","63187457","KN296253v1","477182","477487","48","62709973"
"chr5","63191220","63191532","KN294592v1","1321409","1321720","42","61869811"
"chr5","63344668","63344974","KN297095v1","3943194","3943492","45","59401474"
"chr5","63370219","63370468","KN296580v1","1072261","1072523","44","62297958"
"chr5","63706372","63706676","KN295633v1","945258","945552","45","62761114"
"chr5","63888090","63888367","KN296916v1","449953","450236","43","63438137"
"chr5","64146204","64146493","KN295721v1","835784","836073","27","63310420"
"chr5","64179804","64180107","KN295721v1","801986","802299","35","63377818"
"chr5","64249342","64249589","KN295970v1","49893","50138","36","64199449"
"chr5","64364941","64365243","KN295721v1","628877","629189","47","63736064"
"chr5","64367397","64367704","KN295366v1","78980","79290","48","64288417"
"chr5","64902513","64902806","KN295721v1","68393","68689","33","64834120"
"chr5","64962607","64962902","KN294187v1","1109661","1109959","44","63852946"
"chr5","64963658","64963956","KN295721v1","7482","7774","31","64956176"
"chr5","64983160","64983438","KN295303v1","62367","62645","41","64920793"
"chr5","65077978","65078281","KN295907v1","1567058","1567365","41","63510920"
"chr5","65133218","65133495","KN296266v1","2875","3156","37","65130343"
"chr5","65135070","65135331","KN294221v1","177331","177590","15","64957739"
"chr5","65147190","65147497","KN294548v1","1161001","1161308","40","63986189"
"chr5","65174714","65175026","KN294221v1","111466","111777","35","65063248"
"chr5","65275986","65276302","KN296158v1","1175251","1175559","41","64100735"
"chr5","69290434","69290719","KN294172v1","2666506","2666800","39","66623928"
"chr5","69294065","69294359","KN295059v1","242847","243129","41","69051218"
"chr5","69301117","69301403","KN294303v1","100118","100410","47","69200999"
"chr5","69368152","69368420","KN295274v1","35011","35276","34","69333141"
"chr5","69381778","69382041","KN295090v1","2882133","2882386","56","66499645"
"chr5","69395600","69395906","KN297197v1","2090958","2091261","51","67304642"
"chr5","69443715","69444028","KN295301v1","761923","762233","36","68681792"
"chr5","69472163","69472452","KN294326v1","619990","620278","34","68852173"
"chr5","69473347","69473667","KN296503v1","58212","58521","40","69415135"
"chr5","69510689","69511002","KN294879v1","533741","534047","44","68976948"
"chr5","69618087","69618252","KN295623v1","399728","399891","35","69218359"
"chr5","69738245","69738509","KN294767v1","53661","53928","44","69684584"
"chr5","69758017","69758315","KN295107v1","300735","301027","42","69457282"
"chr5","69829443","69829747","KN297159v1","2806983","2807281","48","67022460"
"chr5","69867868","69868171","KN296749v1","209142","209447","33","69658726"
"chr5","69950536","69950833","KN294696v1","600","904","46","69949936"
"chr5","70057995","70058300","KN295190v1","29222","29522","35","70028773"
"chr5","70063168","70063447","KN295190v1","39840","40118","25","70023328"
"chr5","70085000","70085345","KN296442v1","795536","795858","62","69289464"
"chr5","70090936","70091246","KN295828v1","1506822","1507132","37","68584114"
"chr5","70104629","70104916","KN295835v1","231562","231856","45","69873067"
"chr5","70106568","70106844","KN294499v1","2011390","2011673","44","68095178"
"chr5","70174021","70174302","KN296964v1","1801449","1801744","43","68372572"
"chr5","70316960","70317239","KN295045v1","493475","493752","40","69823485"
"chr5","70337200","70337504","KN295855v1","83587","83886","41","70253613"
"chr5","70563365","70563686","KN296391v1","166744","167065","46","70396621"
"chr5","70621932","70622218","KN296119v1","1974891","1975186","50","68647041"
"chr5","70706736","70707030","KN295596v1","2518640","2518934","39","68188096"
"chr5","70767464","70767787","KN297203v1","1694166","1694474","57","69073298"
"chr5","70771347","70771654","KN297112v1","2760194","2760501","41","68011153"
"chr5","71031189","71031487","KN294526v1","334958","335253","34","70696231"
"chr5","71112047","71112335","KN296939v1","97866","98158","42","71014181"
"chr5","71135206","71135474","KN296939v1","139635","139892","29","70995571"
"chr5","71344140","71344437","KN296485v1","541954","542254","37","70802186"
"chr5","71351159","71351461","KN295430v1","1217885","1218183","33","70133274"
"chr5","71394719","71395013","KN296096v1","838711","839001","39","70556008"
"chr5","71446350","71446655","KN294790v1","163386","163690","44","71282964"
"chr5","71447688","71448003","KN295090v1","2388547","2388856","40","69059141"
"chr5","71449364","71449647","KN294848v1","522994","523276","48","70926370"
"chr5","71501152","71501448","KN297403v1","208160","208454","34","71292992"
"chr5","71525409","71525714","KN295450v1","279535","279843","26","71245874"
"chr5","71589928","71590260","KN296460v1","119303","119632","45","71470625"
"chr5","71598402","71598696","KN295450v1","207772","208065","21","71390630"
"chr5","71606950","71607248","KN295450v1","199767","200057","44","71407183"
"chr5","71618661","71618958","KN295450v1","190395","190716","54","71428266"
"chr5","71620163","71620470","KN295450v1","188867","189173","26","71431296"
"chr5","71624776","71625059","KN295450v1","184347","184633","29","71440429"
"chr5","71654926","71655237","KN295735v1","225416","225727","34","71429510"
"chr5","71668470","71668781","KN295450v1","149346","149655","34","71519124"
"chr5","71676309","71676607","KN295343v1","729289","729587","37","70947020"
"chr5","71678602","71678924","KN295450v1","140520","140828","40","71538082"
"chr5","71702121","71702404","KN295523v1","4041378","4041676","49","67660743"
"chr5","71745165","71745473","KN296153v1","1336190","1336496","40","70408975"
"chr5","71746723","71747049","KN295922v1","130002","130315","49","71616721"
"chr5","71768544","71768769","KN294831v1","465927","466152","27","71302617"
"chr5","71770623","71770921","KN295450v1","63211","63502","31","71707412"
"chr5","71785007","71785318","KN295450v1","46701","47013","27","71738306"
"chr5","71837940","71838233","KN296698v1","82309","82605","33","71755631"
"chr5","71842467","71842766","KN296557v1","18517","18814","31","71823950"
"chr5","71844989","71845298","KN297200v1","540200","540509","29","71304789"
"chr5","71873199","71873504","KN297445v1","1658143","1658449","31","70215056"
"chr5","71875235","71875531","KN297200v1","507566","507872","36","71367669"
"chr5","71879010","71879317","KN296518v1","109626","109935","40","71769384"
"chr5","71886944","71887256","KN296386v1","845366","845675","43","71041578"
"chr5","71895599","71895893","KN297200v1","488245","488538","23","71407354"
"chr5","71906498","71906800","KN296732v1","2364546","2364848","46","69541952"
"chr5","71908965","71909226","KN295371v1","297416","297686","42","71611549"
"chr5","71918229","71918529","KN297200v1","468257","468545","35","71449972"
"chr5","71928201","71928498","KN297200v1","458479","458772","35","71469722"
"chr5","71930123","71930413","KN296406v1","55784","56073","42","71874339"
"chr5","71939991","71940293","KN296404v1","1183469","1183770","36","70756522"
"chr5","71942475","71942629","KN295480v1","3253837","3253994","27","68688638"
"chr5","71948597","71948879","KN297200v1","439174","439452","29","71509423"
"chr5","71951244","71951512","KN294705v1","281500","281763","42","71669744"
"chr5","71966722","71967008","KN294668v1","2248139","2248427","37","69718583"
"chr5","71974303","71974614","KN294399v1","47743","48054","39","71926560"
"chr5","72012942","72013255","KN297028v1","452650","452962","49","71560292"
"chr5","72051653","72051830","KN297200v1","269791","269967","11","71781862"
"chr5","72067409","72067689","KN295633v1","1133330","1133601","52","70934079"
"chr5","72099404","72099710","KN296036v1","2062557","2062868","36","70036847"
"chr5","72106637","72106926","KN297200v1","231506","231815","38","71875131"
"chr5","72132838","72133113","KN297200v1","203473","203748","31","71929365"
"chr5","72147603","72147926","KN297200v1","177076","177403","36","71970527"
"chr5","72273059","72273318","KN296153v1","28951","29209","46","72244108"
"chr5","72315557","72315863","KN296442v1","420929","421232","44","71894628"
"chr5","72319193","72319506","KN296665v1","158306","158620","41","72160887"
"chr5","72353665","72353897","KN296550v1","154179","154414","22","72199486"
"chr5","72592082","72592387","KN294592v1","144298","144605","41","72447784"
"chr5","72620910","72621178","KN296885v1","2671239","2671512","54","69949671"
"chr5","72756973","72757276","KN295371v1","763803","764104","41","71993170"
"chr5","72894369","72894652","KN296040v1","275719","276000","50","72618650"
"chr5","72895999","72896294","KN296311v1","767533","767832","36","72128466"
"chr5","72939109","72939395","KN297186v1","1381942","1382225","41","71557167"
"chr5","73238600","73238870","KN295147v1","128070","128344","32","73110530"
"chr5","73523984","73524291","KN296454v1","250154","250469","31","73273830"
"chr5","73626262","73626541","KN296270v1","202883","203165","52","73423379"
"chr5","73667816","73668115","KN295974v1","3009668","3009967","30","70658148"
"chr5","73739270","73739556","KN294790v1","4715265","4715553","43","69024005"
"chr5","73760439","73760749","KN295996v1","133342","133652","32","73627097"
"chr5","73851295","73851588","KN294685v1","932115","932411","38","72919180"
"chr5","73881030","73881327","KN296498v1","95172","95471","30","73785858"
"chr5","73912246","73912544","KN294604v1","502155","502458","42","73410091"
"chr5","73981819","73982140","KN294535v1","222782","223081","45","73759037"
"chr5","74017843","74018143","KN294535v1","266158","266458","24","73751685"
"chr5","74045164","74045465","KN294535v1","292531","292826","31","73752633"
"chr5","74045700","74045880","KN295820v1","817355","817531","38","73228345"
"chr5","74062735","74063014","KN296620v1","971945","972224","38","73090790"
"chr5","74087708","74087983","KN295671v1","149104","149384","53","73938604"
"chr5","74107293","74107601","KN297133v1","950328","950631","37","73156965"
"chr5","74122194","74122493","KN294535v1","367862","368166","36","73754332"
"chr5","74180835","74181137","KN294535v1","433431","433726","37","73747404"
"chr5","74198597","74198903","KN294326v1","309006","309309","38","73889591"
"chr5","74213017","74213321","KN294172v1","3550057","3550360","36","70662960"
"chr5","74219289","74219574","KN294535v1","471449","471734","17","73747840"
"chr5","74220033","74220341","KN295586v1","3891755","3892062","45","70328278"
"chr5","74224622","74224929","KN294407v1","2157068","2157379","42","72067554"
"chr5","74231867","74232115","KN294535v1","483139","483380","30","73748728"
"chr5","74232615","74232666","KN296743v1","1948518","1948571","15","72284097"
"chr5","74236038","74236344","KN294535v1","493534","493825","36","73742504"
"chr5","74247373","74247661","KN294172v1","1412456","1412754","48","72834917"
"chr5","74250056","74250352","KN294535v1","507044","507339","19","73743012"
"chr5","74255155","74255462","KN295091v1","2259731","2260040","44","71995424"
"chr5","74256602","74256887","KN294470v1","1407927","1408209","50","72848675"
"chr5","74259584","74259890","KN294535v1","517229","517539","25","73742355"
"chr5","74281513","74281802","KN294407v1","598111","598399","39","73683402"
"chr5","74288064","74288358","KN294457v1","990718","991014","38","73297346"
"chr5","74301108","74301405","KN296119v1","1735099","1735396","35","72566009"
"chr5","74308296","74308607","KN294535v1","561500","561799","43","73746796"
"chr5","74345558","74345847","KN294535v1","599447","599734","27","73746111"
"chr5","74380923","74381229","KN294535v1","637291","637589","35","73743632"
"chr5","74501000","74501303","KN294790v1","163386","163690","34","74337614"
"chr5","74511763","74512066","KN296175v1","228274","228571","39","74283489"
"chr5","74515157","74515370","KN295977v1","1276894","1277103","43","73238263"
"chr5","74630264","74630581","KN294911v1","2223431","2223737","53","72406833"
"chr5","74927791","74928025","KN295405v1","757351","757593","47","74170440"
"chr5","74933122","74933423","KN295488v1","8106","8409","43","74925016"
"chr5","75055269","75055581","KN296726v1","429654","429962","39","74625615"
"chr5","75058762","75059082","KN296311v1","3556438","3556761","39","71502324"
"chr5","75184044","75184347","KN295607v1","3831101","3831405","37","71352943"
"chr5","75216680","75216986","KN296201v1","266130","266434","31","74950550"
"chr5","75367821","75368105","KN295871v1","681623","681917","46","74686198"
"chr5","75513635","75513936","KN295666v1","873327","873629","33","74640308"
"chr5","75514412","75514715","KN296201v1","563594","563902","31","74950818"
"chr5","75568747","75569026","KN294946v1","220472","220746","44","75348275"
"chr5","75574802","75575096","KN296201v1","628403","628709","39","74946399"
"chr5","75576321","75576619","KN296201v1","629960","630259","27","74946361"
"chr5","75585015","75585322","KN294957v1","62097","62408","39","75522918"
"chr5","75682962","75683261","KN296201v1","743218","743511","30","74939744"
"chr5","75686263","75686562","KN296201v1","743218","743511","30","74943045"
"chr5","75699287","75699579","KN294937v1","266","558","39","75699021"
"chr5","75713985","75714296","KN296201v1","770132","770451","32","74943853"
"chr5","75731186","75731503","KN296661v1","2149774","2150085","43","73581412"
"chr5","75746217","75746510","KN296201v1","808073","808365","29","74938144"
"chr5","75769582","75769876","KN296201v1","830466","830760","36","74939116"
"chr5","75972213","75972506","KN296201v1","1025777","1026077","31","74946436"
"chr5","75982232","75982435","KN295564v1","135143","135357","37","75847089"
"chr5","75990658","75990971","KN294739v1","652618","652924","39","75338040"
"chr5","75992044","75992353","KN296201v1","1045670","1045978","38","74946374"
"chr5","76041267","76041572","KN296322v1","2692700","2693002","35","73348567"
"chr5","76085601","76085911","KN296201v1","1143132","1143432","36","74942469"
"chr5","76132459","76132760","KN296201v1","1185597","1185899","32","74946862"
"chr5","76162612","76162865","KN297154v1","1616670","1616919","28","74545942"
"chr5","76167660","76167959","KN294325v1","1015803","1016101","35","75151857"
"chr5","76213899","76214180","KN296201v1","1265527","1265810","25","74948372"
"chr5","76254537","76254818","KN296201v1","1311583","1311864","18","74942954"
"chr5","76320722","76321013","KN294911v1","2646845","2647138","32","73673877"
"chr5","76324045","76324331","KN296201v1","1384999","1385283","27","74939046"
"chr5","76361016","76361307","KN296201v1","1420233","1420523","30","74940783"
"chr5","76366470","76366775","KN296201v1","1426073","1426384","34","74940397"
"chr5","76387708","76388016","KN296201v1","1455254","1455564","31","74932454"
"chr5","76408644","76408936","KN296201v1","1475982","1476261","32","74932662"
"chr5","76426858","76427132","KN296201v1","1494755","1495029","27","74932103"
"chr5","76445750","76446053","KN294879v1","76546","76849","37","76369204"
"chr5","76510942","76511242","KN296508v1","1895245","1895542","38","74615697"
"chr5","76536008","76536304","KN297047v1","3987588","3987889","37","72548420"
"chr5","76562235","76562541","KN295260v1","1431957","1432253","45","75130278"
"chr5","76569544","76569830","KN294187v1","45047","45343","48","76524497"
"chr5","76576034","76576308","KN296201v1","1639750","1640026","21","74936284"
"chr5","76595765","76596064","KN295735v1","951893","952189","35","75643872"
"chr5","76633848","76634153","KN294957v1","62097","62408","39","76571751"
"chr5","76690020","76690324","KN296201v1","1746943","1747255","30","74943077"
"chr5","76704025","76704323","KN294147v1","1102256","1102553","31","75601769"
"chr5","76726751","76727046","KN295236v1","1032328","1032630","44","75694423"
"chr5","76730032","76730332","KN296201v1","1787028","1787319","35","74943004"
"chr5","76730349","76730646","KN294325v1","1015803","1016101","40","75714546"
"chr5","76766467","76766787","KN297046v1","2408330","2408634","50","74358137"
"chr5","76789189","76789482","KN296201v1","1837920","1838211","21","74951269"
"chr5","76828668","76828968","KN296201v1","1876117","1876424","42","74952551"
"chr5","76845528","76845821","KN296201v1","1889737","1890027","27","74955791"
"chr5","76897872","76898171","KN296201v1","1940213","1940510","30","74957659"
"chr5","76973857","76974155","KN296201v1","2013849","2014142","37","74960008"
"chr5","77136987","77137264","KN296201v1","2179951","2180226","27","74957036"
"chr5","77164305","77164610","KN296244v1","517703","518009","44","76646602"
"chr5","77202026","77202337","KN297019v1","770479","770786","37","76431547"
"chr5","77305249","77305546","KN297442v1","2217005","2217311","43","75088244"
"chr5","77357620","77357883","KN296201v1","2393507","2393761","31","74964113"
"chr5","77360126","77360419","KN296119v1","2442035","2442323","34","74918091"
"chr5","77442401","77442699","KN295257v1","1225806","1226107","39","76216595"
"chr5","77512115","77512413","KN295825v1","1297984","1298277","49","76214131"
"chr5","77524002","77524307","KN296201v1","2561737","2562042","28","74962265"
"chr5","77531207","77531470","KN296201v1","2567697","2567959","16","74963510"
"chr5","77547991","77548318","KN296201v1","2590130","2590451","39","74957861"
"chr5","77597697","77598000","KN294407v1","3007171","3007473","39","74590526"
"chr5","77605692","77605981","KN296201v1","2645335","2645633","34","74960357"
"chr5","77615003","77615258","KN296306v1","3710976","3711242","43","73904027"
"chr5","77650913","77651215","KN296635v1","4669001","4669302","33","72981912"
"chr5","77656104","77656390","KN296201v1","2682128","2682412","30","74973976"
"chr5","77663576","77663872","KN296201v1","2702586","2702886","33","74960990"
"chr5","77706855","77707146","KN296201v1","2745254","2745554","30","74961601"
"chr5","77727647","77727938","KN294147v1","1191891","1192182","43","76535756"
"chr5","77728406","77728716","KN296201v1","2765194","2765505","25","74963212"
"chr5","77738182","77738473","KN296201v1","2774911","2775189","36","74963271"
"chr5","77745465","77745784","KN295301v1","761923","762233","38","76983542"
"chr5","77762124","77762419","KN296201v1","2802138","2802433","30","74959986"
"chr5","77767538","77767843","KN296201v1","2807059","2807362","32","74960479"
"chr5","77768451","77768748","KN294777v1","371314","371618","38","77397137"
"chr5","77791811","77792108","KN295236v1","3155126","3155421","28","74636685"
"chr5","77825574","77825857","KN297274v1","1863027","1863315","41","75962547"
"chr5","77833651","77833932","KN295907v1","1866654","1866935","34","75966997"
"chr5","77845347","77845657","KN296201v1","2882175","2882483","27","74963172"
"chr5","77851367","77851662","KN296201v1","2888512","2888811","24","74962855"
"chr5","77861083","77861384","KN296201v1","2895948","2896245","39","74965135"
"chr5","77863008","77863307","KN296201v1","2897933","2898229","34","74965075"
"chr5","77871871","77872136","KN294592v1","758921","759181","53","77112950"
"chr5","77875398","77875704","KN294911v1","2389002","2389309","38","75486396"
"chr5","77879047","77879345","KN296201v1","2919019","2919330","40","74960028"
"chr5","77882237","77882533","KN296201v1","2924301","2924599","28","74957936"
"chr5","77895227","77895531","KN294790v1","163386","163690","35","77731841"
"chr5","77917891","77918145","KN296681v1","1520824","1521092","44","76397067"
"chr5","77931701","77932010","KN294420v1","882040","882352","26","77049661"
"chr5","77952979","77953288","KN294420v1","855844","856142","33","77097135"
"chr5","77956251","77956554","KN294420v1","851919","852218","26","77104332"
"chr5","77986932","77987228","KN294420v1","822079","822371","26","77164853"
"chr5","77989332","77989633","KN294420v1","819665","819958","25","77169667"
"chr5","78000527","78000811","KN294420v1","806786","807075","13","77193741"
"chr5","78034593","78034890","KN295573v1","1785247","1785545","37","76249346"
"chr5","78122863","78123164","KN294539v1","1287945","1288241","41","76834918"
"chr5","78123581","78123895","KN294420v1","687125","687429","30","77436456"
"chr5","78159773","78160042","KN294420v1","651153","651422","16","77508620"
"chr5","78193144","78193455","KN294420v1","617544","617850","36","77575600"
"chr5","78228687","78228992","KN294420v1","574694","574996","27","77653993"
"chr5","78322071","78322380","KN296322v1","1779050","1779359","39","76543021"
"chr5","78377051","78377332","KN297008v1","6417285","6417564","34","71959766"
"chr5","78493198","78493489","KN294420v1","306291","306580","24","78186907"
"chr5","78577510","78577817","KN297058v1","312303","312607","36","78265207"
"chr5","78587753","78588048","KN294420v1","210693","210987","24","78377060"
"chr5","78588962","78589277","KN294420v1","209343","209656","31","78379619"
"chr5","78697771","78698071","KN296682v1","1930392","1930690","33","76767379"
"chr5","78711411","78711709","KN294420v1","86776","87070","22","78624635"
"chr5","78757847","78758157","KN296657v1","392228","392531","46","78365619"
"chr5","78888276","78888587","KN296495v1","550769","551079","35","78337507"
"chr5","78907041","78907347","KN295424v1","120754","121058","20","78786287"
"chr5","79079150","79079435","KN294782v1","264990","265281","41","78814160"
"chr5","79084016","79084328","KN295424v1","314353","314666","24","78769663"
"chr5","79086557","79086852","KN295871v1","615076","615373","31","78471481"
"chr5","79122957","79123267","KN296311v1","3194235","3194543","34","75928722"
"chr5","79140049","79140363","KN295424v1","370091","370404","25","78769958"
"chr5","79152276","79152557","KN295424v1","381588","381858","38","78770688"
"chr5","79157402","79157697","KN294210v1","280795","281092","38","78876607"
"chr5","79229760","79230069","KN295487v1","52973","53281","37","79176787"
"chr5","79233258","79233568","KN295893v1","2430995","2431307","36","76802263"
"chr5","79258151","79258462","KN295424v1","496626","496933","36","78761525"
"chr5","79286518","79286800","KN295424v1","525710","525996","28","78760808"
"chr5","79309153","79309444","KN295424v1","548526","548813","29","78760627"
"chr5","79360008","79360268","KN295490v1","43581","43843","48","79316427"
"chr5","79372394","79372694","KN294571v1","2888893","2889190","41","76483501"
"chr5","79400010","79400312","KN297154v1","1039874","1040175","38","78360136"
"chr5","79448541","79448842","KN296495v1","3286172","3286471","40","76162369"
"chr5","79483142","79483436","KN295424v1","713714","714010","22","78769428"
"chr5","79520497","79520806","KN295883v1","314740","315051","36","79205757"
"chr5","79548869","79549173","KN295424v1","794718","795042","38","78754151"
"chr5","79629101","79629392","KN295729v1","826689","826980","50","78802412"
"chr5","79777031","79777243","KN294372v1","1679287","1679512","50","78097744"
"chr5","79790940","79791230","KN294407v1","598111","598399","41","79192829"
"chr5","79921729","79922035","KN294169v1","74418","74723","43","79847311"
"chr5","79944794","79945095","KN296311v1","832074","832375","34","79112720"
"chr5","79979982","79980288","KN297046v1","2408330","2408634","46","77571652"
"chr5","80068753","80069058","KN296322v1","2709076","2709373","43","77359677"
"chr5","80135864","80136162","KN296322v1","2709076","2709373","31","77426788"
"chr5","80159070","80159373","KN296682v1","2903112","2903410","31","77255958"
"chr5","80169371","80169676","KN296311v1","1056866","1057165","34","79112505"
"chr5","80204992","80205294","KN294995v1","15599","15901","39","80189393"
"chr5","80230894","80231189","KN295350v1","215129","215421","47","80015765"
"chr5","80279811","80280119","KN296311v1","832074","832375","38","79447737"
"chr5","80304886","80305168","KN295871v1","681623","681917","44","79623263"
"chr5","80314626","80314933","KN296847v1","511055","511365","33","79803571"
"chr5","80393955","80394273","KN296158v1","1175251","1175559","40","79218704"
"chr5","80429104","80429382","KN295666v1","595040","595327","42","79834064"
"chr5","80433999","80434301","KN294592v1","1036828","1037126","39","79397171"
"chr5","80485867","80486156","KN296133v1","223062","223350","33","80262805"
"chr5","80518605","80518779","KN294571v1","772328","772504","25","79746277"
"chr5","80521985","80522288","KN296210v1","217696","217997","41","80304289"
"chr5","80550424","80550720","KN296093v1","50314","50611","29","80500110"
"chr5","80565527","80565828","KN296322v1","2018384","2018683","36","78547143"
"chr5","80570415","80570727","KN294790v1","163386","163690","46","80407029"
"chr5","80580619","80580892","KN296253v1","1315417","1315709","49","79265202"
"chr5","80584249","80584554","KN296311v1","3147292","3147595","39","77436957"
"chr5","80584928","80585225","KN296682v1","1930392","1930690","43","78654536"
"chr5","80617854","80618151","KN294581v1","619147","619445","29","79998707"
"chr5","80620056","80620350","KN294470v1","2397485","2397775","41","78222571"
"chr5","80629621","80629906","KN294446v1","1094059","1094349","43","79535562"
"chr5","80637486","80637760","KN295717v1","1736949","1737229","41","78900537"
"chr5","80647237","80647517","KN294429v1","37988","38273","49","80609249"
"chr5","80665648","80665949","KN297159v1","1746938","1747242","43","78918710"
"chr5","80759510","80759815","KN295301v1","716124","716425","44","80043386"
"chr5","80761775","80762072","KN294470v1","2136945","2137241","37","78624830"
"chr5","80777526","80777812","KN294662v1","218243","218524","31","80559283"
"chr5","80883857","80884074","KN295406v1","275159","275372","55","80608698"
"chr5","81054983","81055261","KN295596v1","2407110","2407390","36","78647873"
"chr5","81069564","81069846","KN295110v1","273845","274126","43","80795719"
"chr5","81070466","81070764","KN296743v1","376473","376771","42","80693993"
"chr5","81128296","81128446","KN294444v1","72417","72567","28","81055879"
"chr5","81161313","81161604","KN294457v1","990718","991014","40","80170595"
"chr5","81186641","81186909","KN294172v1","1540690","1540957","34","79645951"
"chr5","81252981","81253289","KN296357v1","431311","431620","31","80821670"
"chr5","81333710","81334005","KN296486v1","1726381","1726674","37","79607329"
"chr5","81385176","81385485","KN296547v1","922142","922450","37","80463034"
"chr5","81391635","81391934","KN296743v1","323605","323904","41","81068030"
"chr5","81404497","81404784","KN294269v1","1190734","1191020","34","80213763"
"chr5","81407697","81407993","KN294269v1","550588","550887","35","80857109"
"chr5","81482332","81482613","KN296192v1","176651","176935","39","81305681"
"chr5","81518037","81518352","KN294271v1","903432","903745","48","80614605"
"chr5","81592682","81592960","KN297095v1","57865","58149","41","81534817"
"chr5","81709059","81709359","KN294181v1","1637460","1637759","41","80071599"
"chr5","81975944","81976249","KN295236v1","3412365","3412662","38","78563579"
"chr5","81989661","81989889","KN294564v1","147752","147989","44","81841909"
"chr5","82038898","82039209","KN294548v1","1161001","1161308","44","80877897"
"chr5","82065655","82065966","KN294842v1","9085","9397","43","82056570"
"chr5","82115337","82115602","KN295239v1","520045","520315","42","81595292"
"chr5","82227809","82228108","KN296153v1","1115266","1115561","30","81112543"
"chr5","82315066","82315325","KN295601v1","1074382","1074645","44","81240684"
"chr5","82329165","82329460","KN294181v1","145618","145914","34","82183547"
"chr5","82369867","82370161","KN296739v1","299526","299826","43","82070341"
"chr5","82402689","82402948","KN294239v1","1589177","1589439","36","80813512"
"chr5","82424341","82424649","KN294172v1","1521503","1521812","37","80902838"
"chr5","82442617","82442895","KN297312v1","297946","298216","44","82144671"
"chr5","82535377","82535684","KN295361v1","932292","932599","30","81603085"
"chr5","82547158","82547469","KN294378v1","1504358","1504668","28","81042800"
"chr5","82553671","82553994","KN295869v1","1483001","1483321","44","81070670"
"chr5","82590837","82591138","KN296495v1","2206682","2206983","27","80384155"
"chr5","82600741","82601045","KN295633v1","2352774","2353077","35","80247967"
"chr5","82615130","82615468","KN297279v1","354027","354350","52","82261103"
"chr5","82623543","82623855","KN294879v1","477207","477512","49","82146336"
"chr5","82629860","82630169","KN297404v1","226594","226901","45","82403266"
"chr5","82652395","82652711","KN295814v1","1261993","1262292","46","81390402"
"chr5","82658866","82659128","KN295735v1","695987","696249","33","81962879"
"chr5","82664550","82664857","KN296145v1","740136","740436","35","81924414"
"chr5","82668832","82669082","KN294837v1","414762","415008","47","82254070"
"chr5","82695368","82695658","KN296732v1","1479099","1479390","40","81216269"
"chr5","82696511","82696819","KN294630v1","349899","350210","44","82346612"
"chr5","82716419","82716720","KN294552v1","1136438","1136741","41","81579981"
"chr5","82718237","82718534","KN295107v1","300735","301027","36","82417502"
"chr5","82719402","82719691","KN297046v1","2293933","2294226","37","80425469"
"chr5","82720940","82721230","KN294665v1","133847","134138","37","82587093"
"chr5","82731502","82731799","KN295474v1","73006","73299","43","82658496"
"chr5","82744041","82744349","KN296547v1","390372","390680","46","82353669"
"chr5","82755705","82756007","KN294269v1","550588","550887","40","82205117"
"chr5","82771154","82771450","KN295871v1","542479","542775","33","82228675"
"chr5","82803933","82804221","KN297146v1","129898","130192","43","82674035"
"chr5","82806796","82807087","KN294509v1","346253","346540","42","82460543"
"chr5","82818953","82819240","KN295022v1","824503","824786","42","81994450"
"chr5","82834943","82835239","KN296442v1","417977","418281","54","82416966"
"chr5","82845339","82845626","KN295096v1","2965990","2966278","43","79879349"
"chr5","82856132","82856423","KN296244v1","115407","115699","41","82740725"
"chr5","82867274","82867573","KN295371v1","763803","764104","34","82103471"
"chr5","82903921","82904225","KN295523v1","3353533","3353835","47","79550388"
"chr5","82931596","82931895","KN296594v1","432751","433053","42","82498845"
"chr5","82954063","82954356","KN297154v1","1039874","1040175","46","81914189"
"chr5","82980564","82980871","KN295846v1","24517","24819","34","82956047"
"chr5","82988493","82988776","KN296096v1","1142091","1142364","50","81846402"
"chr5","82988965","82989287","KN295667v1","1695804","1696115","54","81293161"
"chr5","82993442","82993742","KN296635v1","2119117","2119419","38","80874325"
"chr5","83000055","83000359","KN295814v1","1059254","1059558","31","81940801"
"chr5","83002143","83002452","KN294462v1","663264","663573","44","82338879"
"chr5","83002736","83003043","KN296311v1","8317826","8318133","33","74684910"
"chr5","83034182","83034482","KN295343v1","729289","729587","39","82304893"
"chr5","83092670","83092963","KN297190v1","726166","726449","36","82366504"
"chr5","83098130","83098410","KN295750v1","151091","151370","32","82947039"
"chr5","83115427","83115715","KN295729v1","826689","826980","37","82288738"
"chr5","83118064","83118362","KN295090v1","1401971","1402267","39","81716093"
"chr5","83119481","83119780","KN296311v1","1117474","1117774","31","82002007"
"chr5","83119781","83120073","KN296485v1","132178","132470","31","82987603"
"chr5","83129719","83130019","KN295405v1","1658681","1658979","33","81471038"
"chr5","83159932","83160219","KN295361v1","54507","54794","33","83105425"
"chr5","83191249","83191588","KN294856v1","365831","366161","61","82825418"
"chr5","83197894","83198192","KN295343v1","729289","729587","31","82468605"
"chr5","83203029","83203333","KN297070v1","379833","380141","34","82823196"
"chr5","83218377","83218674","KN294470v1","2136945","2137241","37","81081432"
"chr5","83218860","83219163","KN294217v1","699680","699967","49","82519180"
"chr5","83233477","83233774","KN294470v1","2136945","2137241","35","81096532"
"chr5","83238729","83239037","KN297008v1","2754056","2754362","43","80484673"
"chr5","83242312","83242606","KN296833v1","94676","94959","52","83147636"
"chr5","83250790","83251062","KN294777v1","603434","603706","53","82647356"
"chr5","83254208","83254519","KN294378v1","1504358","1504668","38","81749850"
"chr5","83265344","83265641","KN294581v1","619147","619445","34","82646197"
"chr5","83279377","83279685","KN295257v1","1201375","1201685","43","82078002"
"chr5","83284718","83284904","KN297026v1","110289","110476","38","83174429"
"chr5","83286802","83287116","KN294911v1","2389002","2389309","42","80897800"
"chr5","83310997","83311314","KN295315v1","1558018","1558321","49","81752979"
"chr5","83317954","83318249","KN296157v1","4724901","4725194","38","78593053"
"chr5","83328973","83329250","KN296176v1","650821","651102","43","82678152"
"chr5","83332040","83332326","KN294269v1","1190734","1191020","35","82141306"
"chr5","83346148","83346453","KN297361v1","166730","167034","29","83179418"
"chr5","83364409","83364706","KN294917v1","401690","401984","35","82962719"
"chr5","83368319","83368616","KN294456v1","1098138","1098439","31","82270181"
"chr5","83373509","83373677","KN294957v1","73265","73439","30","83300244"
"chr5","83379250","83379500","KN296213v1","24277","24539","45","83354973"
"chr5","83380548","83380836","KN295198v1","490822","491112","45","82889726"
"chr5","83385234","83385524","KN295480v1","1302107","1302401","34","82083127"
"chr5","83400518","83400821","KN294239v1","558647","558951","37","82841871"
"chr5","83402290","83402583","KN294705v1","2114105","2114409","46","81288185"
"chr5","83423361","83423681","KN295497v1","271857","272164","42","83151504"
"chr5","83435051","83435357","KN296205v1","1038770","1039076","41","82396281"
"chr5","83455363","83455670","KN294790v1","163386","163690","38","83291977"
"chr5","83460826","83461125","KN297023v1","480259","480560","37","82980567"
"chr5","83470151","83470459","KN294407v1","2317315","2317623","38","81152836"
"chr5","83475523","83475810","KN297190v1","4200135","4200423","31","79275388"
"chr5","83488280","83488564","KN295371v1","448057","448341","32","83040223"
"chr5","83500122","83500427","KN296505v1","355465","355772","38","83144657"
"chr5","83506290","83506592","KN296487v1","131647","131949","36","83374643"
"chr5","83517033","83517326","KN297112v1","2725693","2725979","38","80791340"
"chr5","83525547","83525855","KN296139v1","40652","40962","35","83484895"
"chr5","83536271","83536575","KN297023v1","480259","480560","33","83056012"
"chr5","83536703","83537018","KN294456v1","1143112","1143404","56","82393591"
"chr5","83545760","83546057","KN297442v1","240570","240874","45","83305190"
"chr5","83593604","83593914","KN295405v1","50804","51115","43","83542800"
"chr5","83595111","83595402","KN296435v1","2744592","2744883","31","80850519"
"chr5","83617604","83617754","KN294445v1","855366","855529","40","82762238"
"chr5","83617770","83617969","KN296426v1","64367","64561","29","83553403"
"chr5","83626896","83627195","KN296595v1","42365","42662","41","83584531"
"chr5","83633904","83634215","KN294147v1","1624323","1624634","35","82009581"
"chr5","83647611","83647773","KN296312v1","159626","159790","35","83487985"
"chr5","83648158","83648409","KN295308v1","1983068","1983328","47","81665090"
"chr5","83677490","83677792","KN296833v1","30824","31126","37","83646666"
"chr5","83689632","83689934","KN294790v1","3517087","3517388","37","80172545"
"chr5","83735484","83735781","KN295371v1","61074","61371","35","83674410"
"chr5","83738229","83738535","KN296138v1","98488","98788","40","83639741"
"chr5","83765971","83766258","KN296743v1","2392400","2392688","38","81373571"
"chr5","83768331","83768630","KN294262v1","1563960","1564257","43","82204371"
"chr5","83801435","83801718","KN296062v1","2291832","2292114","42","81509603"
"chr5","83812311","83812608","KN297023v1","480259","480560","30","83332052"
"chr5","83844649","83844955","KN294548v1","1161001","1161308","38","82683648"
"chr5","83905938","83906244","KN297274v1","1207904","1208213","41","82698034"
"chr5","83924293","83924591","KN294581v1","619147","619445","36","83305146"
"chr5","83955368","83955649","KN294210v1","392684","392963","43","83562684"
"chr5","84021385","84021670","KN295343v1","37668","37951","35","83983717"
"chr5","84122750","84123038","KN296322v1","1336890","1337174","44","82785860"
"chr5","84152626","84152937","KN297452v1","2322212","2322521","42","81830414"
"chr5","84216966","84217274","KN294650v1","71353","71664","57","84145613"
"chr5","84355331","84355642","KN296643v1","460007","460312","46","83895324"
"chr5","84356224","84356538","KN296406v1","250415","250727","38","84105809"
"chr5","84373729","84374026","KN296964v1","1560625","1560925","37","82813104"
"chr5","84388218","84388516","KN295923v1","1097156","1097449","42","83291062"
"chr5","84457858","84458164","KN296062v1","707939","708222","54","83749919"
"chr5","84628728","84629002","KN294404v1","404187","404462","41","84224541"
"chr5","84690304","84690584","KN295689v1","283574","283864","36","84406730"
"chr5","84760331","84760634","KN295689v1","218862","219174","36","84541469"
"chr5","84926754","84926968","KN294539v1","2433808","2434022","37","82492946"
"chr5","84970111","84970406","KN294592v1","1036828","1037126","51","83933283"
"chr5","85016769","85017051","KN294326v1","619990","620278","52","84396779"
"chr5","85043497","85043782","KN296880v1","290573","290861","43","84752924"
"chr5","85258579","85258876","KN295550v1","659146","659435","52","84599433"
"chr5","85491608","85491896","KN296201v1","2682128","2682412","46","82809480"
"chr5","85522597","85522899","KN295564v1","408804","409105","41","85113793"
"chr5","85549889","85550190","KN294224v1","583802","584104","43","84966087"
"chr5","85622778","85623077","KN297050v1","181609","181918","49","85441169"
"chr5","85657214","85657512","KN297410v1","9005","9311","53","85648209"
"chr5","85683055","85683363","KN296730v1","20820","21130","37","85662235"
"chr5","85694331","85694654","KN296119v1","1015834","1016146","54","84678497"
"chr5","85808812","85809103","KN294790v1","3602597","3602891","55","82206215"
"chr5","85837978","85838274","KN296201v1","2702586","2702886","36","83135392"
"chr5","85841625","85841936","KN294790v1","163386","163690","48","85678239"
"chr5","85847972","85848280","KN295346v1","1455068","1455378","43","84392904"
"chr5","85862103","85862390","KN296253v1","1545214","1545503","33","84316889"
"chr5","85885521","85885810","KN296442v1","203645","203932","40","85681876"
"chr5","85943619","85943922","KN294790v1","163386","163690","40","85780233"
"chr5","86009702","86010005","KN296167v1","450049","450355","32","85559653"
"chr5","86114352","86114657","KN295085v1","1044700","1045000","39","85069652"
"chr5","86119679","86119979","KN296964v1","1011528","1011825","41","85108151"
"chr5","86172628","86172941","KN295085v1","990646","990959","31","85181982"
"chr5","86199557","86199848","KN294245v1","511576","511887","55","85687981"
"chr5","86383478","86383789","KN296484v1","351750","352061","41","86031728"
"chr5","86397512","86397825","KN295085v1","767207","767494","51","85630305"
"chr5","86473547","86473843","KN295893v1","5868753","5869051","37","80604794"
"chr5","86540112","86540399","KN296484v1","805624","805911","35","85734488"
"chr5","86544576","86544861","KN295085v1","593503","593788","33","85951073"
"chr5","86893207","86893489","KN294172v1","615079","615365","49","86278128"
"chr5","86942936","86943232","KN295085v1","171059","171346","38","86771877"
"chr5","86963154","86963455","KN295085v1","151693","152002","42","86811461"
"chr5","87027592","87027896","KN295085v1","86656","86954","41","86940936"
"chr5","87343632","87343869","KN297154v1","1616670","1616919","39","85726962"
"chr5","87345695","87345915","KN294874v1","126189","126410","40","87219506"
"chr5","87377234","87377455","KN296315v1","1938166","1938391","38","85439068"
"chr5","87467031","87467293","KN297263v1","804232","804492","39","86662799"
"chr5","87504230","87504522","KN294501v1","38531","38824","33","87465699"
"chr5","87515676","87516017","KN295055v1","225285","225614","58","87290391"
"chr5","87525408","87525712","KN296921v1","2918407","2918707","37","84607001"
"chr5","87597894","87598172","KN294244v1","56461","56743","41","87541433"
"chr5","87682879","87683184","KN296682v1","2779515","2779813","44","84903364"
"chr5","87741710","87741990","KN294499v1","2011390","2011673","53","85730320"
"chr5","87795597","87795779","KN296036v1","766932","767116","21","87028665"
"chr5","87812863","87813118","KN295820v1","851444","851701","39","86961419"
"chr5","88096073","88096355","KN297008v1","4981764","4982047","45","83114309"
"chr5","88135362","88135614","KN295835v1","199186","199432","43","87936176"
"chr5","88309879","88310198","KN294662v1","146480","146789","48","88163399"
"chr5","88325494","88325787","KN294175v1","11397","11693","48","88314097"
"chr5","88359885","88360187","KN296847v1","940151","940452","46","87419734"
"chr5","88368555","88368838","KN296681v1","744495","744775","43","87624060"
"chr5","88381697","88381957","KN295984v1","480731","481001","48","87900966"
"chr5","88442614","88442915","KN294509v1","384110","384414","32","88058504"
"chr5","88593516","88593784","KN294705v1","281500","281763","58","88312016"
"chr5","88631079","88631372","KN295736v1","842860","843158","43","87788219"
"chr5","88647815","88648090","KN294291v1","614702","614977","39","88033113"
"chr5","88649187","88649490","KN295633v1","323295","323596","45","88325892"
"chr5","88675225","88675521","KN294470v1","2136945","2137241","43","86538280"
"chr5","88884891","88885157","KN295090v1","1280470","1280737","39","87604421"
"chr5","88954475","88954775","KN295983v1","1395918","1396216","52","87558557"
"chr5","89099412","89099723","KN295596v1","1518532","1518841","38","87580880"
"chr5","89115324","89115591","KN296153v1","2637317","2637585","45","86478007"
"chr5","89147737","89148032","KN295871v1","542479","542775","35","88605258"
"chr5","89155207","89155501","KN295983v1","653692","653984","38","88501515"
"chr5","89228985","89229287","KN294470v1","1496938","1497237","42","87732047"
"chr5","89300961","89301261","KN295236v1","5875675","5875976","43","83425286"
"chr5","89323485","89323796","KN294662v1","146480","146789","44","89177005"
"chr5","89325911","89326205","KN295729v1","1349755","1350051","49","87976156"
"chr5","89352039","89352348","KN295814v1","87028","87339","46","89265011"
"chr5","89438124","89438453","KN296620v1","376927","377237","50","89061197"
"chr5","89576438","89576743","KN294526v1","334958","335253","50","89241480"
"chr5","89852645","89852817","KN294957v1","73265","73439","36","89779380"
"chr5","89908491","89908785","KN295893v1","5868753","5869051","34","84039738"
"chr5","89995799","89996062","KN294946v1","220472","220746","50","89775327"
"chr5","90031439","90031741","KN297133v1","950328","950631","46","89081111"
"chr5","90078398","90078654","KN294172v1","1540690","1540957","40","88537708"
"chr5","90103451","90103753","KN297245v1","1416081","1416379","46","88687370"
"chr5","90196058","90196356","KN295596v1","2518640","2518934","44","87677418"
"chr5","90199673","90199979","KN296244v1","661876","662181","42","89537797"
"chr5","90220144","90220460","KN294181v1","1317427","1317732","53","88902717"
"chr5","90347777","90347977","KN296938v1","739389","739574","40","89608388"
"chr5","90365221","90365530","KN296153v1","2873301","2873603","43","87491920"
"chr5","90386272","90386568","KN297190v1","4549021","4549317","37","85837251"
"chr5","90387688","90387970","KN295459v1","361703","361982","38","90025985"
"chr5","90392109","90392429","KN296406v1","250415","250727","50","90141694"
"chr5","90439192","90439436","KN297207v1","101750","101994","40","90337442"
"chr5","90440888","90441196","KN294181v1","1579076","1579376","41","88861812"
"chr5","90468026","90468334","KN296732v1","3252506","3252815","39","87215520"
"chr5","90476036","90476355","KN294957v1","62097","62408","59","90413939"
"chr5","90538551","90538844","KN295057v1","926762","927058","47","89611789"
"chr5","90617223","90617550","KN296311v1","3556438","3556761","64","87060785"
"chr5","90789193","90789490","KN294809v1","1033430","1033730","43","89755763"
"chr5","90824321","90824633","KN295666v1","1276773","1277085","56","89547548"
"chr5","90878014","90878312","KN295198v1","274974","275272","41","90603040"
"chr5","90904292","90904558","KN295474v1","1438594","1438859","42","89465698"
"chr5","90952745","90953026","KN295601v1","2149937","2150218","38","88802808"
"chr5","90998156","90998454","KN294456v1","1143112","1143404","37","89855044"
"chr5","91052375","91052658","KN295802v1","89042","89324","34","90963333"
"chr5","91157260","91157540","KN296322v1","1312799","1313095","44","89844461"
"chr5","91368552","91368818","KN294863v1","436560","436834","43","90931992"
"chr5","91445169","91445476","KN294856v1","158144","158448","53","91287025"
"chr5","91583524","91583766","KN295405v1","757351","757593","49","90826173"
"chr5","91586831","91587073","KN295405v1","757351","757593","49","90829480"
"chr5","91645399","91645711","KN296635v1","3876048","3876352","37","87769351"
"chr5","91782069","91782371","KN295893v1","19473","19772","42","91762596"
"chr5","91813247","91813541","KN296759v1","520385","520667","58","91292862"
"chr5","91858785","91859054","KN294404v1","404187","404462","49","91454598"
"chr5","91880880","91881189","KN297274v1","325539","325849","41","91555341"
"chr5","92001883","92002176","KN296096v1","2520576","2520875","37","89481307"
"chr5","92025944","92026102","KN296311v1","4401552","4401703","28","87624392"
"chr5","92177758","92178077","KN296503v1","58212","58521","56","92119546"
"chr5","92191069","92191386","KN295487v1","52973","53281","55","92138096"
"chr5","92229369","92229664","KN295523v1","3030953","3031248","36","89198416"
"chr5","92264624","92264906","KN295459v1","1101140","1101421","34","91163484"
"chr5","92381238","92381567","KN294790v1","5868297","5868622","48","86512941"
"chr5","92418842","92419147","KN296321v1","230167","230477","35","92188675"
"chr5","92438908","92439211","KN296829v1","581505","581808","34","91857403"
"chr5","92457318","92457625","KN294604v1","502155","502458","42","91955163"
"chr5","92478116","92478417","KN296743v1","323605","323904","36","92154511"
"chr5","92521468","92521780","KN296321v1","336882","337194","30","92184586"
"chr5","92594611","92594921","KN297046v1","1613554","1613860","40","90981057"
"chr5","92766258","92766550","KN297245v1","1416081","1416379","43","91350177"
"chr5","92823361","92823619","KN296579v1","427850","428100","28","92395511"
"chr5","92837236","92837565","KN296579v1","408384","408725","33","92428852"
"chr5","92873537","92873819","KN295717v1","115326","115611","49","92758211"
"chr5","92880960","92881131","KN297274v1","2040111","2040283","28","90840849"
"chr5","92896552","92896838","KN296579v1","344728","345016","25","92551824"
"chr5","92933704","92934007","KN296357v1","359759","360056","44","92573945"
"chr5","92972302","92972607","KN294446v1","240983","241287","41","92731319"
"chr5","92980116","92980421","KN296579v1","262844","263152","30","92717272"
"chr5","92997592","92997862","KN296495v1","2905220","2905481","44","90092372"
"chr5","93022885","93023162","KN295236v1","3266686","3266967","44","89756199"
"chr5","93030094","93030394","KN296404v1","1150048","1150343","34","91880046"
"chr5","93098885","93099162","KN296620v1","971945","972224","39","92126940"
"chr5","93148317","93148624","KN295366v1","78980","79290","36","93069337"
"chr5","93252899","93253207","KN296036v1","590882","591191","43","92662017"
"chr5","93353291","93353589","KN296430v1","1105044","1105344","33","92248247"
"chr5","93373399","93373692","KN295729v1","826689","826980","38","92546710"
"chr5","93523913","93524222","KN296303v1","514845","515157","36","93009068"
"chr5","93561049","93561338","KN295198v1","490822","491112","43","93070227"
"chr5","93586108","93586372","KN294172v1","4940663","4940925","40","88645445"
"chr5","93593569","93593833","KN296311v1","1217958","1218221","39","92375611"
"chr5","93613911","93614191","KN296138v1","3145","3429","43","93610766"
"chr5","93622439","93622750","KN296682v1","4855759","4856070","45","88766680"
"chr5","93628691","93628979","KN294302v1","756229","756509","49","92872462"
"chr5","93634613","93634918","KN295236v1","35793","36099","51","93598820"
"chr5","93676343","93676638","KN294539v1","1287945","1288241","35","92388398"
"chr5","93756486","93756791","KN295984v1","2540291","2540591","47","91216195"
"chr5","93773057","93773317","KN295243v1","1473974","1474238","39","92299083"
"chr5","93867005","93867310","KN296847v1","940151","940452","41","92926854"
"chr5","93909428","93909720","KN296201v1","2745254","2745554","28","91164174"
"chr5","93924399","93924708","KN295523v1","3762030","3762344","47","90162369"
"chr5","93928455","93928742","KN295729v1","826689","826980","41","93101766"
"chr5","93934018","93934322","KN296201v1","2795813","2796123","26","91138205"
"chr5","93939220","93939515","KN296201v1","2802138","2802433","36","91137082"
"chr5","93940558","93940786","KN295405v1","757351","757593","47","93183207"
"chr5","93944397","93944560","KN297154v1","1091936","1092094","34","92852461"
"chr5","93944567","93944855","KN296119v1","2469328","2469620","45","91475239"
"chr5","93996052","93996361","KN294987v1","33928","34233","42","93962124"
"chr5","94006776","94007071","KN296153v1","3041230","3041525","38","90965546"
"chr5","94116594","94116851","KN295490v1","43581","43843","56","94073013"
"chr5","94334985","94335262","KN295257v1","48334","48606","51","94286651"
"chr5","94371878","94372168","KN294526v1","334958","335253","39","94036920"
"chr5","94492135","94492352","KN295977v1","1276894","1277103","50","93215241"
"chr5","94605549","94605847","KN294499v1","2005615","2005910","45","92599934"
"chr5","94606467","94606746","KN295987v1","1241626","1241902","41","93364841"
"chr5","94623313","94623593","KN295059v1","242847","243129","37","94380466"
"chr5","94641222","94641536","KN294790v1","4895221","4895507","63","89746001"
"chr5","94674467","94674757","KN296948v1","1329163","1329455","52","93345304"
"chr5","94764094","94764421","KN296460v1","119303","119632","40","94644791"
"chr5","94801392","94801696","KN294456v1","592934","593237","51","94208458"
"chr5","94814720","94815016","KN296311v1","1117474","1117774","51","93697246"
"chr5","94842435","94842736","KN295633v1","323295","323596","36","94519140"
"chr5","94843097","94843390","KN296484v1","733487","733776","44","94109610"
"chr5","94850028","94850321","KN295871v1","681623","681917","41","94168405"
"chr5","94885952","94886254","KN294453v1","25081","25376","48","94860871"
"chr5","94909610","94909783","KN294421v1","227963","228138","32","94681647"
"chr5","94937414","94937731","KN295835v1","34183","34494","59","94903231"
"chr5","94952831","94953097","KN295366v1","126266","126539","45","94826565"
"chr5","94968473","94968781","KN297322v1","1224244","1224547","44","93744229"
"chr5","94976582","94976894","KN294630v1","349899","350210","42","94626683"
"chr5","94983953","94984256","KN296495v1","550769","551079","36","94433184"
"chr5","94998564","94998861","KN294451v1","1017011","1017306","38","93981553"
"chr5","95046952","95047247","KN294224v1","760394","760694","37","94286558"
"chr5","95062681","95062991","KN294921v1","240348","240658","41","94822333"
"chr5","95113495","95113791","KN294218v1","822144","822439","39","94291351"
"chr5","95155682","95155983","KN295198v1","508434","508741","48","94647248"
"chr5","95186665","95186975","KN295974v1","1466462","1466774","41","93720203"
"chr5","95238411","95238668","KN295820v1","851444","851701","46","94386967"
"chr5","95264257","95264541","KN294170v1","257913","258202","45","95006344"
"chr5","95275876","95276205","KN297197v1","1055815","1056127","57","94220061"
"chr5","95298495","95298804","KN296916v1","467050","467353","46","94831445"
"chr5","95392892","95393180","KN297046v1","3086033","3086321","46","92306859"
"chr5","95430999","95431293","KN297094v1","311049","311330","55","95119950"
"chr5","95434821","95435122","KN296775v1","1262022","1262319","38","94172799"
"chr5","95451250","95451559","KN294453v1","23988","24299","45","95427262"
"chr5","95456132","95456427","KN297320v1","271981","272275","31","95184151"
"chr5","95464745","95464965","KN294874v1","126189","126410","26","95338556"
"chr5","95590415","95590718","KN294790v1","163386","163690","36","95427029"
"chr5","95592402","95592739","KN296825v1","1012135","1012463","46","94580267"
"chr5","95634307","95634589","KN297112v1","2725693","2725979","39","92908614"
"chr5","95646454","95646753","KN295671v1","310148","310439","37","95336306"
"chr5","95648526","95648811","KN295059v1","242847","243129","40","95405679"
"chr5","95878499","95878806","KN294603v1","111945","112247","40","95766554"
"chr5","95919193","95919480","KN295729v1","826689","826980","38","95092504"
"chr5","95960947","95961115","KN296495v1","1414803","1414975","31","94546144"
"chr5","96154559","96154859","KN296325v1","646004","646290","41","95508555"
"chr5","96197645","96197943","KN296325v1","587352","587661","38","95610293"
"chr5","96223939","96224245","KN296325v1","562281","562588","35","95661658"
"chr5","96361843","96362086","KN296325v1","416607","416855","29","95945236"
"chr5","96535979","96536281","KN296325v1","217381","217680","32","96318598"
"chr5","96554280","96554556","KN294457v1","205085","205362","40","96349195"
"chr5","96683918","96684227","KN294251v1","1527189","1527497","37","95156729"
"chr5","96750435","96750736","KN296325v1","6944","7240","28","96743491"
"chr5","96827636","96827927","KN295719v1","189138","189434","50","96638498"
"chr5","96871046","96871342","KN296290v1","541019","541316","31","96330027"
"chr5","96907791","96908085","KN295708v1","2784035","2784327","35","94123756"
"chr5","97033945","97034223","KN295450v1","63211","63502","41","96970734"
"chr5","97108922","97109220","KN294456v1","1098138","1098439","40","96010784"
"chr5","97111103","97111393","KN294257v1","417336","417629","51","96693767"
"chr5","97119911","97120205","KN296588v1","2103887","2104184","43","95016024"
"chr5","97120688","97121006","KN295319v1","42222","42534","43","97078466"
"chr5","97127111","97127450","KN294790v1","163386","163690","59","96963725"
"chr5","97127999","97128292","KN295090v1","2638275","2638571","31","94489724"
"chr5","97139648","97139882","KN295586v1","3146006","3146235","37","93993642"
"chr5","97153638","97153939","KN294578v1","470517","470814","57","96683121"
"chr5","97181478","97181787","KN294705v1","623696","624002","44","96557782"
"chr5","97196466","97196758","KN295607v1","4406348","4406645","39","92790118"
"chr5","97281824","97282134","KN294375v1","866092","866404","46","96415732"
"chr5","97356018","97356310","KN294578v1","240199","240493","51","97115819"
"chr5","97392017","97392330","KN296846v1","970105","970414","39","96421912"
"chr5","97432822","97433109","KN297112v1","5763457","5763755","47","91669365"
"chr5","97680255","97680478","KN295441v1","1457453","1457675","25","96222802"
"chr5","97740539","97740853","KN296158v1","835176","835486","41","96905363"
"chr5","97795874","97796163","KN297023v1","480259","480560","47","97315615"
"chr5","98144684","98144974","KN295486v1","156125","156417","33","97988559"
"chr5","98308945","98309248","KN294346v1","477117","477424","44","97831828"
"chr5","98605281","98605589","KN295548v1","17538","17846","37","98587743"
"chr5","98731004","98731296","KN295486v1","693279","693586","36","98037725"
"chr5","98736154","98736448","KN294613v1","562013","562309","37","98174141"
"chr5","98741198","98741470","KN295486v1","706194","706467","24","98035004"
"chr5","98751212","98751520","KN296153v1","1503672","1503980","47","97247540"
"chr5","98797074","98797366","KN295486v1","767991","768280","36","98029083"
"chr5","98904577","98904879","KN296731v1","1167793","1168104","53","97736784"
"chr5","98997681","98997973","KN296846v1","819340","819635","46","98178341"
"chr5","99006857","99007166","KN294995v1","15599","15901","40","98991258"
"chr5","99028319","99028620","KN295428v1","336118","336420","33","98692201"
"chr5","99118110","99118372","KN296831v1","296379","296643","49","98821731"
"chr5","99171238","99171514","KN295428v1","179440","179716","22","98991798"
"chr5","99175639","99175923","KN295428v1","175084","175366","25","99000555"
"chr5","99234194","99234491","KN296594v1","1013501","1013792","40","98220693"
"chr5","99300666","99300972","KN295428v1","51183","51483","30","99249483"
"chr5","99302153","99302476","KN295428v1","49673","50000","16","99252480"
"chr5","99309790","99310094","KN295428v1","42004","42286","50","99267786"
"chr5","99313379","99313663","KN295428v1","37544","37827","20","99275835"
"chr5","99333410","99333711","KN297274v1","1207904","1208213","36","98125506"
"chr5","99334215","99334512","KN295428v1","25464","25765","34","99308751"
"chr5","99413063","99413323","KN295243v1","1473974","1474238","36","97939089"
"chr5","99525928","99526146","KN294977v1","1","212","38","99525927"
"chr5","99551587","99551883","KN294917v1","401690","401984","37","99149897"
"chr5","99574565","99574869","KN296322v1","894001","894303","43","98680564"
"chr5","99666916","99667210","KN294539v1","1287945","1288241","39","98378971"
"chr5","99738371","99738647","KN294269v1","931859","932137","50","98806512"
"chr5","99786751","99787049","KN296201v1","2702586","2702886","28","97084165"
"chr5","99792254","99792571","KN296167v1","450049","450355","47","99342205"
"chr5","100215460","100215689","KN295820v1","956662","956899","38","99258798"
"chr5","100327314","100327631","KN297197v1","3370009","3370322","48","96957305"
"chr5","100332799","100333093","KN296201v1","2702586","2702886","34","97630213"
"chr5","100347923","100348213","KN296201v1","2745254","2745554","35","97602669"
"chr5","100606452","100606707","KN295984v1","2913126","2913389","47","97693326"
"chr5","100677099","100677416","KN296167v1","450049","450355","44","100227050"
"chr5","100682617","100682914","KN296201v1","2702586","2702886","35","97980031"
"chr5","100765466","100765767","KN296620v1","349918","350214","61","100415548"
"chr5","100886973","100887172","KN295205v1","978428","978619","30","99908545"
"chr5","101094330","101094634","KN294879v1","76546","76849","40","101017784"
"chr5","101149291","101149610","KN296513v1","1075844","1076158","52","100073447"
"chr5","101230997","101231292","KN296743v1","351651","351945","54","100879346"
"chr5","101241669","101241962","KN294303v1","289860","290155","41","100951809"
"chr5","101250128","101250421","KN294303v1","289860","290155","41","100960268"
"chr5","101321654","101321955","KN296290v1","436882","437182","44","100884772"
"chr5","101382387","101382695","KN294548v1","1161001","1161308","46","100221386"
"chr5","101405944","101406232","KN296496v1","947149","947437","43","100458795"
"chr5","101423803","101424101","KN296557v1","18517","18814","34","101405286"
"chr5","101440922","101441226","KN297274v1","902241","902551","46","100538681"
"chr5","101780499","101780783","KN294172v1","5481536","5481820","46","96298963"
"chr5","101797717","101797941","KN297112v1","2758116","2758343","44","99039601"
"chr5","101929334","101929590","KN297046v1","3203067","3203324","42","98726267"
"chr5","101975616","101975909","KN294470v1","2136945","2137241","44","99838671"
"chr5","101990401","101990707","KN297046v1","1709438","1709741","44","100280963"
"chr5","102010556","102010868","KN295883v1","314740","315051","42","101695816"
"chr5","102019846","102020154","KN296096v1","2698005","2698314","38","99321841"
"chr5","102250254","102250562","KN296731v1","1167793","1168104","38","101082461"
"chr5","102312368","102312660","KN294650v1","27151","27445","47","102285217"
"chr5","102413654","102413952","KN297032v1","184087","184386","34","102229567"
"chr5","102507216","102507513","KN296322v1","2692700","2693002","44","99814516"
"chr5","102513103","102513410","KN294172v1","2069489","2069792","46","100443614"
"chr5","102557009","102557292","KN296311v1","3240773","3241062","47","99316236"
"chr5","102593243","102593524","KN295633v1","2239642","2239927","37","100353601"
"chr5","102609057","102609366","KN296714v1","277101","277409","34","102331956"
"chr5","102628227","102628532","KN296495v1","962835","963136","37","101665392"
"chr5","102662036","102662346","KN294456v1","612494","612802","39","102049542"
"chr5","102827110","102827399","KN295729v1","826689","826980","32","102000421"
"chr5","102864802","102865115","KN296402v1","647176","647486","43","102217626"
"chr5","102895596","102895880","KN294991v1","1838724","1839016","51","101056872"
"chr5","102923671","102923978","KN295995v1","238559","238862","54","102685112"
"chr5","103300418","103300684","KN296885v1","3018330","3018598","25","100282088"
"chr5","103317128","103317430","KN296153v1","3041230","3041525","33","100275898"
"chr5","103320207","103320514","KN294710v1","68748","69053","40","103251459"
"chr5","103406164","103406469","KN297290v1","188223","188514","57","103217941"
"chr5","103455372","103455655","KN296885v1","2878924","2879216","38","100576448"
"chr5","103549417","103549726","KN297327v1","217601","217906","35","103331816"
"chr5","103571218","103571511","KN296885v1","2770865","2771156","25","100800353"
"chr5","103633988","103634293","KN296885v1","2709394","2709704","32","100924594"
"chr5","103672214","103672529","KN296090v1","89328","89638","45","103582886"
"chr5","103723005","103723311","KN296885v1","2628664","2628969","32","101094341"
"chr5","103841049","103841331","KN297046v1","989225","989505","34","102851824"
"chr5","103845166","103845415","KN296885v1","2505994","2506243","29","101339172"
"chr5","103945802","103946115","KN296311v1","497102","497413","32","103448700"
"chr5","103967457","103967765","KN296643v1","852402","852709","35","103115055"
"chr5","103992999","103993307","KN294470v1","546565","546872","39","103446434"
"chr5","104034364","104034671","KN296036v1","1044138","1044445","39","102990226"
"chr5","104041290","104041595","KN296885v1","2302498","2302804","31","101738792"
"chr5","104132589","104132897","KN295433v1","250702","251008","42","103881887"
"chr5","104139146","104139329","KN296311v1","3241063","3241249","37","100898083"
"chr5","104158706","104158982","KN295922v1","98919","99195","44","104059787"
"chr5","104290794","104291091","KN297245v1","1416081","1416379","30","102874713"
"chr5","104469832","104470134","KN294446v1","240983","241287","51","104228849"
"chr5","104474255","104474542","KN296885v1","1862544","1862811","42","102611711"
"chr5","104498203","104498493","KN296885v1","1833316","1833604","28","102664887"
"chr5","104498975","104499280","KN295523v1","229977","230278","59","104268998"
"chr5","104514823","104515119","KN294501v1","4140225","4140518","46","100374598"
"chr5","104523403","104523678","KN295930v1","464123","464398","39","104059280"
"chr5","104554303","104554601","KN296430v1","1105044","1105344","36","103449259"
"chr5","104685803","104686106","KN295666v1","163031","163330","39","104522772"
"chr5","104837406","104837700","KN295236v1","424743","425039","34","104412663"
"chr5","104845275","104845581","KN296311v1","2283043","2283345","43","102562232"
"chr5","104854235","104854548","KN295825v1","3168701","3169018","49","101685534"
"chr5","104929333","104929633","KN294470v1","2136945","2137241","38","102792388"
"chr5","105025745","105026064","KN296885v1","1306181","1306499","43","103719564"
"chr5","105046592","105046873","KN297165v1","2779028","2779304","41","102267564"
"chr5","105050009","105050301","KN296885v1","1276843","1277134","34","103773166"
"chr5","105054307","105054619","KN296809v1","935062","935374","38","104119245"
"chr5","105069773","105070068","KN296435v1","2744592","2744883","54","102325181"
"chr5","105224366","105224668","KN296916v1","318615","318913","47","104905751"
"chr5","105248462","105248694","KN296775v1","627278","627511","30","104621184"
"chr5","105254497","105254789","KN294911v1","2646845","2647138","28","102607652"
"chr5","105284785","105285049","KN296485v1","182659","182931","49","105102126"
"chr5","105302429","105302736","KN296885v1","1023724","1024025","38","104278705"
"chr5","105323188","105323439","KN296580v1","1072261","1072523","50","104250927"
"chr5","105451804","105452129","KN296153v1","1983292","1983622","42","103468512"
"chr5","105511070","105511358","KN294457v1","827198","827482","34","104683872"
"chr5","105610482","105610781","KN294790v1","163386","163690","40","105447096"
"chr5","105914317","105914633","KN295922v1","130002","130315","39","105784315"
"chr5","106024115","106024429","KN296885v1","308467","308767","40","105715648"
"chr5","106067149","106067440","KN296885v1","259570","259866","32","105807579"
"chr5","106108568","106108864","KN294790v1","163386","163690","30","105945182"
"chr5","106152137","106152413","KN294326v1","619990","620278","43","105532147"
"chr5","106157881","106158203","KN296378v1","496638","496943","49","105661243"
"chr5","106206862","106207169","KN297320v1","848283","848595","55","105358579"
"chr5","106307887","106308203","KN296885v1","30089","30396","43","106277798"
"chr5","106324787","106325091","KN294172v1","4248021","4248323","40","102076766"
"chr5","106338204","106338518","KN297341v1","284994","285312","26","106053210"
"chr5","106366388","106366695","KN296225v1","790874","791179","47","105575514"
"chr5","106412116","106412414","KN295846v1","24517","24819","42","106387599"
"chr5","106427757","106428068","KN294705v1","623696","624002","42","105804061"
"chr5","106494167","106494472","KN297341v1","122146","122451","33","106372021"
"chr5","106554755","106555036","KN295350v1","663485","663764","34","105891270"
"chr5","106677311","106677602","KN296153v1","1115266","1115561","34","105562045"
"chr5","107098123","107098433","KN295995v1","1497578","1497888","39","105600545"
"chr5","107110273","107110586","KN295923v1","1984146","1984457","47","105126127"
"chr5","107112392","107112694","KN296153v1","1090111","1090408","40","106022281"
"chr5","107158918","107159202","KN296311v1","948862","949170","60","106210056"
"chr5","107225306","107225593","KN295038v1","1347316","1347610","49","105877990"
"chr5","107226333","107226560","KN294224v1","648985","649212","35","106577348"
"chr5","107441094","107441383","KN296322v1","1336890","1337174","44","106104204"
"chr5","107472047","107472236","KN296426v1","64367","64561","38","107407680"
"chr5","107493735","107493927","KN295236v1","3402541","3402725","35","104091194"
"chr5","107497214","107497505","KN297322v1","1091414","1091712","49","106405800"
"chr5","107508952","107509249","KN294470v1","2136945","2137241","33","105372007"
"chr5","107672576","107672853","KN296964v1","1001501","1001775","44","106671075"
"chr5","107696408","107696712","KN295433v1","250702","251008","39","107445706"
"chr5","107755183","107755495","KN296484v1","351750","352061","51","107403433"
"chr5","107782564","107782856","KN295729v1","826689","826980","38","106955875"
"chr5","107905229","107905515","KN294161v1","367500","367791","37","107537729"
"chr5","108004312","108004597","KN294987v1","469303","469594","39","107535009"
"chr5","108099020","108099328","KN295439v1","102691","103000","46","107996329"
"chr5","108464192","108464470","KN297205v1","468295","468583","50","107995897"
"chr5","108586665","108586962","KN294470v1","764276","764573","38","107822389"
"chr5","108638696","108638988","KN294470v1","333509","333804","40","108305187"
"chr5","108650953","108651246","KN294917v1","63860","64154","36","108587093"
"chr5","108803874","108804168","KN295708v1","1431107","1431415","44","107372767"
"chr5","108866968","108867211","KN294996v1","303995","304245","28","108562973"
"chr5","108999496","108999810","KN294996v1","188701","189024","38","108810795"
"chr5","109016547","109016846","KN295601v1","1256036","1256332","38","107760511"
"chr5","109074629","109074934","KN296749v1","559144","559448","36","108515485"
"chr5","109096885","109097167","KN297219v1","2378405","2378683","41","106718480"
"chr5","109145069","109145364","KN294996v1","36825","37132","35","109108244"
"chr5","109146860","109147169","KN295607v1","4377455","4377758","44","104769405"
"chr5","109149208","109149517","KN294996v1","33626","33931","36","109115582"
"chr5","109177126","109177428","KN294539v1","1287945","1288241","39","107889181"
"chr5","109189502","109189809","KN295352v1","583476","583785","38","108606026"
"chr5","109235138","109235392","KN297038v1","273358","273615","46","108961780"
"chr5","109258484","109258802","KN294548v1","1161001","1161308","49","108097483"
"chr5","109293504","109293788","KN295497v1","712713","712997","37","108580791"
"chr5","109326160","109326462","KN296513v1","2047464","2047766","38","107278696"
"chr5","109383431","109383737","KN295301v1","761923","762233","42","108621508"
"chr5","109474458","109474776","KN297274v1","1207904","1208213","43","108266554"
"chr5","109605415","109605713","KN297276v1","143691","143993","35","109461724"
"chr5","109656554","109656735","KN295869v1","1173650","1173831","28","108482904"
"chr5","109779856","109780152","KN295835v1","84846","85139","35","109695010"
"chr5","109785606","109785892","KN297186v1","1381942","1382225","34","108403664"
"chr5","109816244","109816550","KN294269v1","585380","585685","46","109230864"
"chr5","109819759","109820025","KN297190v1","313919","314190","48","109505840"
"chr5","109964124","109964426","KN294790v1","163386","163690","39","109800738"
"chr5","110008894","110009188","KN296620v1","349918","350214","49","109658976"
"chr5","110102997","110103261","KN295343v1","293265","293528","54","109809732"
"chr5","110159485","110159811","KN295361v1","932292","932599","57","109227193"
"chr5","110188150","110188443","KN295362v1","1094500","1094792","37","109093650"
"chr5","110262849","110263138","KN296322v1","1949837","1950121","43","108313012"
"chr5","110495439","110495735","KN295523v1","1513923","1514207","53","108981516"
"chr5","110710475","110710655","KN295075v1","627217","627394","34","110083258"
"chr5","110947454","110947759","KN294378v1","1504358","1504668","41","109443096"
"chr5","111068650","111068946","KN294842v1","192762","193057","35","110875888"
"chr5","111125389","111125669","KN296921v1","541331","541611","39","110584058"
"chr5","111126679","111126972","KN295708v1","2784035","2784327","45","108342644"
"chr5","111207538","111207802","KN295633v1","1133330","1133601","40","110074208"
"chr5","111332348","111332647","KN294790v1","6262944","6263232","61","105069404"
"chr5","111466549","111466841","KN294172v1","3092609","3092901","41","108373940"
"chr5","111520143","111520426","KN297190v1","313919","314190","49","111206224"
"chr5","111610346","111610647","KN295984v1","2915677","2915979","43","108694669"
"chr5","111856086","111856383","KN294172v1","1568325","1568618","35","110287761"
"chr5","111922265","111922586","KN295092v1","1059549","1059862","45","110862716"
"chr5","111970677","111970988","KN295092v1","1011963","1012265","27","110958714"
"chr5","112057655","112057960","KN295092v1","928613","928925","37","111129042"
"chr5","112111223","112111522","KN295092v1","867866","868138","40","111243357"
"chr5","112347060","112347354","KN295092v1","624842","625132","33","111722218"
"chr5","112463081","112463384","KN294287v1","666419","666724","58","111796662"
"chr5","112596137","112596444","KN295748v1","161587","161896","38","112434550"
"chr5","112640976","112641264","KN294647v1","185532","185822","44","112455444"
"chr5","112676175","112676442","KN295092v1","289189","289451","21","112386986"
"chr5","112678905","112679194","KN295092v1","286497","286788","21","112392408"
"chr5","112701808","112702117","KN294911v1","2389002","2389309","38","110312806"
"chr5","112722635","112722952","KN296484v1","351750","352061","34","112370885"
"chr5","112739034","112739322","KN294456v1","1206812","1207100","41","111532222"
"chr5","112739550","112739861","KN295092v1","222101","222415","35","112517449"
"chr5","112829106","112829383","KN297242v1","2046546","2046825","36","110782560"
"chr5","112935813","112936112","KN295092v1","46090","46400","34","112889723"
"chr5","113049836","113050128","KN296864v1","1335822","1336116","61","111714014"
"chr5","113116308","113116593","KN296915v1","112834","113118","28","113003474"
"chr5","113180596","113180900","KN297050v1","134646","134948","32","113045950"
"chr5","113181401","113181682","KN295729v1","826689","826980","38","112354712"
"chr5","113195846","113196148","KN296915v1","192113","192420","29","113003733"
"chr5","113232473","113232703","KN296915v1","241420","241652","18","112991053"
"chr5","113237367","113237664","KN297078v1","853124","853423","41","112384243"
"chr5","113259898","113260198","KN295523v1","3729294","3729596","38","109530604"
"chr5","113263804","113264103","KN296915v1","272701","272988","33","112991103"
"chr5","113300624","113300917","KN294218v1","2833833","2834132","40","110466791"
"chr5","113302392","113302711","KN295090v1","2152830","2153135","53","111149562"
"chr5","113317283","113317558","KN294172v1","1540690","1540957","35","111776593"
"chr5","113338153","113338445","KN296702v1","1007161","1007454","32","112330992"
"chr5","113361908","113362195","KN295096v1","2965990","2966278","33","110395918"
"chr5","113365086","113365397","KN294739v1","646825","647125","43","112718261"
"chr5","113370619","113370818","KN296635v1","1860167","1860363","31","111510452"
"chr5","113408792","113409106","KN295605v1","466771","467082","47","112942021"
"chr5","113411272","113411549","KN295459v1","1101140","1101421","34","112310132"
"chr5","113424778","113425084","KN296225v1","571832","572130","40","112852946"
"chr5","113444786","113445082","KN297023v1","480259","480560","42","112964527"
"chr5","113465487","113465784","KN294407v1","1465772","1466071","38","111999715"
"chr5","113498682","113498991","KN295301v1","761923","762233","42","112736759"
"chr5","113692197","113692484","KN296577v1","39869","40161","53","113652328"
"chr5","113743709","113743878","KN296620v1","725178","725346","21","113018531"
"chr5","113769821","113770105","KN295832v1","217196","217478","40","113552625"
"chr5","113798049","113798351","KN296310v1","786811","787114","40","113011238"
"chr5","113800971","113801272","KN296357v1","436962","437262","33","113364009"
"chr5","113867868","113868174","KN294592v1","1321409","1321720","39","112546459"
"chr5","113889435","113889719","KN294407v1","598111","598399","41","113291324"
"chr5","113906099","113906413","KN295433v1","250702","251008","42","113655397"
"chr5","113987782","113988096","KN296916v1","402051","402359","39","113585731"
"chr5","113994099","113994264","KN294187v1","1050526","1050693","27","112943573"
"chr5","114030757","114031061","KN294613v1","457862","458173","37","113572895"
"chr5","114036614","114036909","KN296187v1","2245612","2245911","45","111791002"
"chr5","114097875","114098218","KN296157v1","4308262","4308584","64","109789613"
"chr5","114169775","114170086","KN296303v1","514845","515157","36","113654930"
"chr5","114208974","114209272","KN295236v1","6086609","6086908","42","108122365"
"chr5","114329769","114330082","KN295883v1","314740","315051","42","114015029"
"chr5","114392014","114392323","KN294501v1","546967","547271","40","113845047"
"chr5","114454872","114455154","KN296938v1","771728","772008","37","113683144"
"chr5","114540327","114540634","KN296847v1","940151","940452","40","113600176"
"chr5","114560122","114560428","KN296926v1","198353","198662","42","114361769"
"chr5","114902539","114902854","KN296643v1","852402","852709","41","114050137"
"chr5","114910587","114910824","KN296187v1","781642","781886","36","114128945"
"chr5","115359292","115359601","KN294705v1","186396","186702","33","115172896"
"chr5","115473115","115473334","KN296426v1","64367","64561","46","115408748"
"chr5","115479717","115480009","KN295633v1","597106","597398","39","114882611"
"chr5","115495483","115495774","KN296404v1","1150048","1150343","37","114345435"
"chr5","115511158","115511432","KN297276v1","475868","476140","39","115035290"
"chr5","115518217","115518524","KN294326v1","309006","309309","35","115209211"
"chr5","115581311","115581581","KN296864v1","2415861","2416134","32","113165450"
"chr5","115708069","115708369","KN294603v1","111945","112247","40","115596124"
"chr5","115774196","115774507","KN296145v1","3430721","3431032","42","112343475"
"chr5","116367032","116367337","KN295439v1","66534","66843","36","116300498"
"chr5","116736036","116736261","KN295441v1","1457453","1457675","36","115278583"
"chr5","116739745","116740057","KN294957v1","62097","62408","39","116677648"
"chr5","116815207","116815511","KN294345v1","1360179","1360481","43","115455028"
"chr5","116870578","116870861","KN294591v1","423646","423931","43","116446932"
"chr5","116970321","116970626","KN295671v1","201221","201525","38","116769100"
"chr5","116987980","116988282","KN294345v1","1360179","1360481","42","115627801"
"chr5","117095737","117096034","KN294665v1","133847","134138","44","116961890"
"chr5","117113266","117113573","KN296635v1","2387021","2387331","47","114726245"
"chr5","117183701","117183975","KN294172v1","5009418","5009710","57","112174283"
"chr5","117194865","117195165","KN294633v1","56373","56674","39","117138492"
"chr5","117265274","117265584","KN294372v1","299717","300027","38","116965557"
"chr5","117269320","117269637","KN295705v1","546559","546863","38","116722761"
"chr5","117287554","117287864","KN294421v1","376479","376787","43","116911075"
"chr5","117299751","117300047","KN294470v1","2033373","2033668","41","115266378"
"chr5","117315521","117315793","KN297227v1","1370272","1370552","50","115945249"
"chr5","117328116","117328262","KN296577v1","160285","160428","29","117167831"
"chr5","117328675","117328716","KN295605v1","731068","731107","15","116597607"
"chr5","117328721","117328846","KN295748v1","322755","322876","24","117005966"
"chr5","117332100","117332402","KN296460v1","1279548","1279848","32","116052552"
"chr5","117337752","117338056","KN295061v1","4554","4858","37","117333198"
"chr5","117346778","117346828","KN294970v1","297704","297750","15","117049074"
"chr5","117349532","117349817","KN294181v1","1424178","1424469","40","115925354"
"chr5","117353159","117353460","KN296305v1","652930","653232","31","116700229"
"chr5","117356254","117356559","KN296296v1","49220","49523","31","117307034"
"chr5","117391165","117391453","KN296036v1","1000292","1000580","37","116390873"
"chr5","117496060","117496360","KN296486v1","693865","694162","53","116802195"
"chr5","117524377","117524662","KN295352v1","439845","440138","43","117084532"
"chr5","117536804","117537115","KN295407v1","51616","51926","41","117485188"
"chr5","117579794","117580083","KN296138v1","547660","547948","40","117032134"
"chr5","117682663","117682967","KN294978v1","1476399","1476706","46","116206264"
"chr5","117800766","117801064","KN295548v1","19626","19938","42","117781140"
"chr5","117939468","117939751","KN294407v1","598111","598399","44","117341357"
"chr5","118009253","118009540","KN296040v1","349832","350124","39","117659421"
"chr5","118082422","118082738","KN294199v1","636506","636815","42","117445916"
"chr5","118094745","118095022","KN295459v1","1101140","1101421","40","116993605"
"chr5","118122558","118122863","KN297047v1","3987588","3987889","50","114134970"
"chr5","118124554","118124832","KN294470v1","2790684","2790970","53","115333870"
"chr5","118141137","118141422","KN297259v1","1604747","1605031","31","116536390"
"chr5","118147261","118147571","KN294911v1","2389002","2389309","35","115758259"
"chr5","118157009","118157322","KN294484v1","21508","21819","46","118135501"
"chr5","118237450","118237670","KN297008v1","3139544","3139758","33","115097906"
"chr5","118246028","118246332","KN295480v1","1302107","1302401","45","116943921"
"chr5","118305415","118305695","KN295893v1","729257","729542","40","117576158"
"chr5","118317053","118317354","KN294444v1","175883","176184","48","118141170"
"chr5","118317622","118317792","KN296406v1","277136","277307","29","118040486"
"chr5","118318192","118318263","KN294844v1","136960","137032","12","118181232"
"chr5","118415171","118415492","KN294378v1","1238113","1238424","46","117177058"
"chr5","118465886","118466180","KN295987v1","133153","133451","44","118332733"
"chr5","118496967","118497253","KN294501v1","173182","173470","37","118323785"
"chr5","118586367","118586662","KN296145v1","2823022","2823312","40","115763345"
"chr5","118610224","118610521","KN296620v1","349918","350214","32","118260306"
"chr5","118618579","118618870","KN295107v1","1024078","1024366","37","117594501"
"chr5","118693380","118693650","KN294458v1","1171290","1171562","43","117522090"
"chr5","118763984","118764298","KN296404v1","2534470","2534781","43","116229514"
"chr5","118891597","118891896","KN296731v1","716438","716731","41","118175159"
"chr5","118907189","118907481","KN296157v1","965043","965337","43","117942146"
"chr5","119039682","119039992","KN295748v1","161587","161896","48","118878095"
"chr5","119146354","119146672","KN296303v1","514845","515157","40","118631509"
"chr5","119214240","119214549","KN295433v1","250702","251008","41","118963538"
"chr5","119305171","119305478","KN294879v1","76546","76849","45","119228625"
"chr5","119447755","119448053","KN294879v1","1371008","1371310","37","118076747"
"chr5","119495606","119495941","KN296609v1","478253","478589","47","119017353"
"chr5","119505516","119505814","KN296495v1","962835","963136","39","118542681"
"chr5","119536459","119536747","KN294937v1","266","558","33","119536193"
"chr5","119543580","119543875","KN294244v1","25030","25331","25","119518550"
"chr5","119559093","119559402","KN294244v1","42205","42512","27","119516888"
"chr5","119565663","119565970","KN296167v1","450049","450355","35","119115614"
"chr5","119575377","119575684","KN294957v1","62097","62408","38","119513280"
"chr5","119585337","119585650","KN296019v1","548590","548901","38","119036747"
"chr5","119587757","119588064","KN296682v1","4688204","4688514","35","114899553"
"chr5","119591590","119591903","KN297274v1","902241","902551","34","118689349"
"chr5","119603603","119603897","KN297112v1","3719703","3720010","49","115883900"
"chr5","119618790","119619059","KN294458v1","1171290","1171562","40","118447500"
"chr5","119626493","119626795","KN296594v1","581543","581844","37","119044950"
"chr5","119670640","119670941","KN294521v1","287495","287788","47","119383145"
"chr5","119676931","119677242","KN294957v1","62097","62408","41","119614834"
"chr5","119685314","119685598","KN297190v1","4412117","4412402","44","115273197"
"chr5","119744924","119745223","KN295735v1","408713","409014","30","119336211"
"chr5","119754997","119755267","KN297227v1","1195805","1196078","40","118559192"
"chr5","119815036","119815322","KN294172v1","822922","823215","41","118992114"
"chr5","119869118","119869258","KN296615v1","123600","123740","30","119745518"
"chr5","119877192","119877398","KN294713v1","896268","896483","41","118980924"
"chr5","119880798","119881101","KN294790v1","163386","163690","31","119717412"
"chr5","119920628","119920943","KN295922v1","130002","130315","40","119790626"
"chr5","119924804","119925115","KN296404v1","2968202","2968511","39","116956602"
"chr5","119937514","119937711","KN294509v1","178587","178797","36","119758927"
"chr5","119948152","119948416","KN296357v1","698911","699185","47","119249241"
"chr5","120020142","120020439","KN296263v1","970564","970862","43","119049578"
"chr5","120025852","120026133","KN297008v1","4227232","4227512","41","115798620"
"chr5","120047042","120047353","KN296883v1","727103","727412","44","119319939"
"chr5","120072519","120072790","KN295633v1","1133330","1133601","43","118939189"
"chr5","120132658","120132969","KN297058v1","337663","337969","45","119794995"
"chr5","120174454","120174760","KN294181v1","1370167","1370478","43","118804287"
"chr5","120214675","120214978","KN295459v1","673095","673397","45","119541580"
"chr5","120538283","120538575","KN295371v1","924903","925198","33","119613380"
"chr5","120576694","120576990","KN294526v1","334958","335253","37","120241736"
"chr5","120627083","120627359","KN297112v1","5628371","5628661","53","114998712"
"chr5","120658263","120658573","KN297133v1","605665","605974","43","120052598"
"chr5","120675579","120675879","KN297159v1","1903024","1903325","33","118772555"
"chr5","120688197","120688499","KN294466v1","12634","12944","40","120675563"
"chr5","120945815","120946115","KN297354v1","1031005","1031302","53","119914810"
"chr5","120959190","120959502","KN296153v1","2873301","2873603","50","118085889"
"chr5","120987356","120987586","KN296754v1","219855","220085","28","120767501"
"chr5","121012821","121013011","KN295744v1","539159","539342","26","120473662"
"chr5","121023381","121023686","KN296810v1","26632","26932","52","120996749"
"chr5","121067312","121067616","KN296849v1","602649","602946","46","120464663"
"chr5","121098169","121098450","KN294302v1","756229","756509","39","120341940"
"chr5","121222111","121222409","KN296311v1","1117474","1117774","44","120104637"
"chr5","121242967","121243272","KN296187v1","2358249","2358558","43","118884718"
"chr5","121293421","121293726","KN294199v1","636506","636815","44","120656915"
"chr5","121322613","121322926","KN297259v1","998866","999166","57","120323747"
"chr5","121362964","121363268","KN297008v1","178445","178753","38","121184519"
"chr5","121390533","121390835","KN296682v1","1930392","1930690","45","119460141"
"chr5","121433596","121433871","KN296153v1","1922869","1923153","49","119510727"
"chr5","121447113","121447340","KN294420v1","86252","86488","44","121360861"
"chr5","121479154","121479291","KN296608v1","202002","202121","68","121277152"
"chr5","121479292","121479494","KN296426v1","64367","64561","41","121414925"
"chr5","121511460","121511745","KN294456v1","1143112","1143404","40","120368348"
"chr5","121593234","121593530","KN294879v1","66636","66931","36","121526598"
"chr5","121694424","121694709","KN294257v1","2744602","2744887","39","118949822"
"chr5","121737666","121737858","KN294181v1","1518476","1518675","40","120219190"
"chr5","121857607","121857867","KN295820v1","851444","851701","45","121006163"
"chr5","121893353","121893636","KN295371v1","448057","448341","31","121445296"
"chr5","121931971","121932272","KN296925v1","151660","151957","34","121780311"
"chr5","121944750","121945050","KN294218v1","2833833","2834132","41","119110917"
"chr5","121967408","121967617","KN296263v1","107832","108045","31","121859576"
"chr5","121968132","121968226","KN297320v1","557227","557321","16","121410905"
"chr5","122053597","122053890","KN294410v1","283647","283942","38","121769950"
"chr5","122127245","122127555","KN295433v1","250702","251008","40","121876543"
"chr5","122180498","122180667","KN296119v1","5564342","5564501","29","116616156"
"chr5","122569237","122569540","KN296732v1","1130033","1130326","48","121439204"
"chr5","122614916","122615214","KN295607v1","466299","466596","40","122148617"
"chr5","122620299","122620585","KN296455v1","454462","454742","40","122165837"
"chr5","122667468","122667806","KN297105v1","1151702","1152014","67","121515766"
"chr5","122681849","122682170","KN295345v1","1373085","1373408","54","121308764"
"chr5","122724774","122725009","KN296040v1","470315","470549","29","122254459"
"chr5","122756392","122756688","KN294995v1","15599","15901","43","122740793"
"chr5","123078720","123079055","KN294790v1","5868297","5868622","44","117210423"
"chr5","123167968","123168258","KN296516v1","73243","73530","35","123094725"
"chr5","123214224","123214519","KN295209v1","722368","722664","32","122491856"
"chr5","123285430","123285746","KN295209v1","657371","657686","31","122628059"
"chr5","123305705","123306001","KN295057v1","262113","262411","44","123043592"
"chr5","123307210","123307530","KN296795v1","719583","719894","48","122587627"
"chr5","123329757","123330049","KN295209v1","610296","610592","28","122719461"
"chr5","123333235","123333543","KN295244v1","750952","751263","42","122582283"
"chr5","123341299","123341609","KN295209v1","598490","598799","23","122742809"
"chr5","123371552","123371864","KN295929v1","457065","457374","43","122914487"
"chr5","123371867","123372162","KN295820v1","787086","787379","35","122584781"
"chr5","123382688","123382978","KN294790v1","4872632","4872923","36","118510056"
"chr5","123392737","123393032","KN295209v1","553920","554219","24","122838817"
"chr5","123441700","123442007","KN295209v1","502970","503281","32","122938730"
"chr5","123449796","123450089","KN295209v1","494966","495258","26","122954830"
"chr5","123484892","123485196","KN295209v1","453996","454308","39","123030896"
"chr5","123488184","123488473","KN295209v1","448778","449077","37","123039406"
"chr5","123536653","123536966","KN295209v1","393129","393434","19","123143524"
"chr5","123549748","123550059","KN295366v1","78980","79290","39","123470768"
"chr5","123588220","123588498","KN295209v1","342295","342588","37","123245925"
"chr5","123639616","123639936","KN295209v1","290104","290404","40","123349512"
"chr5","123646942","123647209","KN295209v1","282543","282803","18","123364399"
"chr5","123655407","123655719","KN295883v1","173429","173738","38","123481978"
"chr5","123707541","123707814","KN294187v1","1190160","1190432","54","122517381"
"chr5","123803394","123803610","KN295977v1","1276894","1277103","51","122526500"
"chr5","123891898","123892182","KN294257v1","2744602","2744887","49","121147296"
"chr5","123907717","123908027","KN295209v1","25347","25657","35","123882370"
"chr5","123934085","123934368","KN296162v1","616557","616842","25","123317528"
"chr5","124053341","124053643","KN296162v1","497031","497344","36","123556310"
"chr5","124064379","124064681","KN295450v1","63211","63502","47","124001168"
"chr5","124081586","124081901","KN296682v1","3127385","3127697","42","120954201"
"chr5","124170621","124170917","KN296162v1","385364","385658","21","123785257"
"chr5","124251970","124252249","KN294705v1","2048841","2049122","39","122203129"
"chr5","124277514","124277817","KN294987v1","913011","913316","43","123364503"
"chr5","124299487","124299772","KN296508v1","1079358","1079640","32","123220129"
"chr5","124396375","124396680","KN296162v1","166883","167187","32","124229492"
"chr5","124481036","124481321","KN296162v1","80985","81274","32","124400051"
"chr5","124491400","124491691","KN296162v1","71200","71492","16","124420200"
"chr5","124544299","124544610","KN296162v1","10535","10840","29","124533764"
"chr5","124568759","124569042","KN296702v1","20731","21021","28","124548028"
"chr5","124703351","124703642","KN295096v1","2965990","2966278","38","121737361"
"chr5","124835157","124835440","KN295459v1","1101140","1101421","42","123734017"
"chr5","124966969","124967261","KN296357v1","559775","560070","35","124407194"
"chr5","125073636","125073928","KN296702v1","521064","521365","47","124552572"
"chr5","125082804","125083099","KN296702v1","530620","530930","35","124552184"
"chr5","125086350","125086656","KN296311v1","854862","855163","37","124231488"
"chr5","125196269","125196581","KN296303v1","514845","515157","34","124681424"
"chr5","125201266","125201557","KN297190v1","4200135","4200423","28","121001131"
"chr5","125204243","125204549","KN295974v1","2516789","2517093","35","122687454"
"chr5","125207242","125207540","KN296702v1","646088","646381","26","124561154"
"chr5","125243669","125243967","KN296702v1","681895","682197","25","124561774"
"chr5","125282088","125282403","KN296635v1","4969030","4969343","38","120313058"
"chr5","125318111","125318419","KN296702v1","759112","759416","40","124558999"
"chr5","125323741","125324049","KN296702v1","763941","764245","34","124559800"
"chr5","125325465","125325748","KN296702v1","765637","765920","19","124559828"
"chr5","125333623","125333909","KN296138v1","3145","3429","34","125330478"
"chr5","125358403","125358708","KN296702v1","798645","798959","40","124559758"
"chr5","125365064","125365355","KN297259v1","1695445","1695737","38","123669619"
"chr5","125372220","125372494","KN296075v1","197659","197934","40","125174561"
"chr5","125380266","125380554","KN296495v1","417794","418082","37","124962472"
"chr5","125387871","125388181","KN296503v1","58212","58521","42","125329659"
"chr5","125428996","125429185","KN295930v1","759567","759739","36","124669429"
"chr5","125519589","125519885","KN295480v1","1302107","1302401","37","124217482"
"chr5","125527914","125528181","KN296702v1","971557","971824","19","124556357"
"chr5","125546222","125546508","KN296702v1","990675","990965","29","124555547"
"chr5","125548185","125548349","KN296311v1","4991977","4992161","44","120556208"
"chr5","125562977","125563260","KN296702v1","1007161","1007454","23","124555816"
"chr5","125598218","125598390","KN294957v1","73265","73439","34","125524953"
"chr5","125618630","125618940","KN295301v1","761923","762233","32","124856707"
"chr5","125637154","125637447","KN295573v1","192599","192895","32","125444555"
"chr5","125639214","125639530","KN296306v1","1908527","1908848","54","123730687"
"chr5","125665713","125666017","KN296702v1","1115878","1116176","32","124549835"
"chr5","125700863","125701165","KN296702v1","1148549","1148841","30","124552314"
"chr5","125713135","125713442","KN296702v1","1161007","1161315","38","124552128"
"chr5","126144904","126145207","KN295708v1","2506254","2506554","42","123638650"
"chr5","126176920","126177223","KN296453v1","1991588","1991889","37","124185332"
"chr5","126361368","126361672","KN295362v1","1043462","1043763","39","125317906"
"chr5","126416709","126417014","KN297133v1","950328","950631","46","125466381"
"chr5","126493785","126494110","KN296498v1","95172","95471","56","126398613"
"chr5","126501169","126501461","KN296063v1","561446","561741","41","125939723"
"chr5","126627773","126628096","KN294879v1","1371008","1371310","66","125256765"
"chr5","126659171","126659465","KN296588v1","1345792","1346088","37","125313379"
"chr5","126659470","126659759","KN297219v1","2719644","2719934","35","123939826"
"chr5","126704531","126704822","KN295601v1","2149937","2150218","50","124554594"
"chr5","126812958","126813242","KN296153v1","2393235","2393519","39","124419723"
"chr5","126867540","126867837","KN297095v1","584794","585091","34","126282746"
"chr5","127064226","127064538","KN296303v1","514845","515157","32","126549381"
"chr5","127091809","127092106","KN296588v1","369136","369431","36","126722673"
"chr5","127114873","127115184","KN296311v1","3194235","3194543","38","123920638"
"chr5","127120349","127120654","KN295433v1","250702","251008","37","126869647"
"chr5","127123509","127123786","KN296290v1","1260354","1260624","47","125863155"
"chr5","127131206","127131491","KN296743v1","202352","202637","36","126928854"
"chr5","127142048","127142349","KN295814v1","1261993","1262292","37","125880055"
"chr5","127156674","127156935","KN296311v1","40699","40981","89","127115975"
"chr5","127168369","127168656","KN294181v1","1437190","1437488","51","125731179"
"chr5","127175890","127176193","KN296096v1","838711","839001","39","126337179"
"chr5","127180802","127181097","KN294526v1","334958","335253","37","126845844"
"chr5","127181860","127182170","KN294466v1","12634","12944","40","127169226"
"chr5","127195847","127196142","KN295523v1","3166167","3166457","37","124029680"
"chr5","127202939","127203237","KN296820v1","1142893","1143187","39","126060046"
"chr5","127211620","127211898","KN297038v1","866772","867047","41","126344848"
"chr5","127228378","127228673","KN295107v1","300735","301027","38","126927643"
"chr5","127236749","127237046","KN296036v1","769191","769486","46","126467558"
"chr5","127246292","127246593","KN295198v1","274974","275272","42","126971318"
"chr5","127258411","127258568","KN295977v1","1047465","1047630","24","126210946"
"chr5","127259678","127259973","KN297133v1","1612844","1613144","45","125646834"
"chr5","127271306","127271618","KN295974v1","1466462","1466774","37","125804844"
"chr5","127288978","127289286","KN294326v1","309006","309309","35","126979972"
"chr5","127306356","127306650","KN296731v1","716438","716731","38","126589918"
"chr5","127315419","127315725","KN295828v1","930975","931278","34","126384444"
"chr5","127317993","127318212","KN295441v1","1457453","1457675","37","125860540"
"chr5","127323086","127323397","KN296303v1","514845","515157","37","126808241"
"chr5","127331158","127331437","KN295090v1","1294441","1294725","39","126036717"
"chr5","127333244","127333537","KN295820v1","787086","787379","40","126546158"
"chr5","127343202","127343500","KN297095v1","1435979","1436278","37","125907223"
"chr5","127355661","127355963","KN294269v1","869518","869821","41","126486143"
"chr5","127360634","127360942","KN294446v1","358726","359033","38","127001908"
"chr5","127362878","127363188","KN294790v1","2771318","2771623","42","124591560"
"chr5","127376164","127376467","KN294172v1","3550057","3550360","41","123826107"
"chr5","127389971","127390267","KN295572v1","133245","133544","42","127256726"
"chr5","127393751","127394046","KN296588v1","369136","369431","39","127024615"
"chr5","127398725","127399022","KN294470v1","2878982","2879283","40","124519743"
"chr5","127404050","127404308","KN297038v1","314696","314959","43","127089354"
"chr5","127408744","127409020","KN294161v1","894750","895027","34","126513994"
"chr5","127417081","127417374","KN295107v1","1336619","1336911","33","126080462"
"chr5","127433378","127433672","KN295633v1","248096","248390","34","127185282"
"chr5","127442740","127443044","KN295977v1","1015289","1015595","30","126427451"
"chr5","127444990","127445292","KN295059v1","88638","88936","42","127356352"
"chr5","127483445","127483751","KN294385v1","131924","132234","38","127351521"
"chr5","127486979","127487278","KN296513v1","2913549","2913849","40","124573430"
"chr5","127490582","127490869","KN294501v1","173182","173470","39","127317400"
"chr5","127524866","127525172","KN294387v1","2013543","2013846","44","125511323"
"chr5","127564131","127564438","KN296682v1","4961231","4961540","41","122602900"
"chr5","127566702","127566978","KN296311v1","2097854","2098122","44","125468848"
"chr5","127582193","127582508","KN294964v1","2102865","2103176","52","125479328"
"chr5","127630898","127631203","KN294705v1","430220","430521","34","127200678"
"chr5","127713565","127713842","KN294187v1","1190160","1190432","36","126523405"
"chr5","127756324","127756638","KN296167v1","450049","450355","37","127306275"
"chr5","127838268","127838563","KN295886v1","13086","13392","24","127825182"
"chr5","127839348","127839653","KN295607v1","4377455","4377758","32","123461893"
"chr5","127930205","127930517","KN295886v1","103611","103926","34","127826594"
"chr5","127944663","127944960","KN294229v1","110402","110697","35","127834261"
"chr5","128005353","128005657","KN294954v1","40922","41229","25","127964431"
"chr5","128007414","128007726","KN294172v1","2552899","2553211","37","125454515"
"chr5","128049061","128049359","KN294954v1","83737","84039","34","127965324"
"chr5","128116625","128116949","KN294954v1","155466","155786","29","127961159"
"chr5","128131748","128132042","KN294954v1","171478","171769","28","127960270"
"chr5","128150125","128150421","KN294954v1","189750","190054","29","127960375"
"chr5","128154595","128154906","KN294884v1","66822","67131","37","128087773"
"chr5","128219652","128219963","KN297008v1","1419999","1420309","40","126799653"
"chr5","128290592","128290895","KN294911v1","628968","629266","48","127661624"
"chr5","128330227","128330536","KN294705v1","623696","624002","36","127706531"
"chr5","128421820","128421988","KN294571v1","155556","155724","20","128266264"
"chr5","128474807","128474950","KN295605v1","636726","636920","67","127838081"
"chr5","128476275","128476583","KN294899v1","85313","85616","40","128390962"
"chr5","128478014","128478296","KN294172v1","6899580","6899857","36","121578434"
"chr5","128489324","128489583","KN297263v1","909858","910125","44","127579466"
"chr5","128496518","128496676","KN295284v1","109927","110084","49","128386591"
"chr5","128506661","128506958","KN294899v1","114626","114918","25","128392035"
"chr5","128514613","128514916","KN294451v1","1139913","1140218","33","127374700"
"chr5","128520133","128520426","KN294899v1","129196","129487","28","128390937"
"chr5","128534967","128535276","KN295586v1","1244707","1245017","38","127290260"
"chr5","128551260","128551566","KN297219v1","2098768","2099078","40","126452492"
"chr5","128558725","128559002","KN296296v1","282324","282612","51","128276401"
"chr5","128559552","128559842","KN294526v1","334958","335253","32","128224594"
"chr5","128605464","128605762","KN294899v1","219419","219711","36","128386045"
"chr5","128639613","128639912","KN294899v1","252004","252306","33","128387609"
"chr5","128773599","128773909","KN294899v1","380746","381057","23","128392853"
"chr5","128775727","128776034","KN294899v1","382862","383174","35","128392865"
"chr5","128883884","128884131","KN295893v1","6183890","6184146","54","122699994"
"chr5","128892042","128892338","KN294899v1","498013","498307","31","128394029"
"chr5","128908674","128908971","KN294899v1","513283","513586","29","128395391"
"chr5","128931859","128932120","KN294899v1","537119","537380","20","128394740"
"chr5","128985271","128985444","KN294957v1","73265","73439","36","128912006"
"chr5","128988883","128989166","KN294647v1","185532","185822","42","128803351"
"chr5","129120105","129120321","KN296992v1","30661","30858","53","129089444"
"chr5","129216856","129217164","KN295433v1","250702","251008","35","128966154"
"chr5","129363868","129364174","KN294899v1","977673","977985","40","128386195"
"chr5","129429644","129429950","KN295326v1","236266","236568","35","129193378"
"chr5","129431904","129432189","KN294899v1","1047155","1047445","27","128384749"
"chr5","129510209","129510505","KN295846v1","24517","24819","43","129485692"
"chr5","129570716","129571027","KN294713v1","260537","260843","45","129310179"
"chr5","129594599","129594885","KN294899v1","1208698","1208983","21","128385901"
"chr5","129618497","129618802","KN294848v1","1225846","1226141","43","128392651"
"chr5","129624615","129624927","KN294899v1","1227873","1228183","34","128396742"
"chr5","129625235","129625546","KN296303v1","514845","515157","37","129110390"
"chr5","129652165","129652452","KN294899v1","1257785","1258082","34","128394380"
"chr5","129723550","129723796","KN295967v1","625826","626071","53","129097724"
"chr5","129752406","129752716","KN296357v1","431311","431620","39","129321095"
"chr5","129763781","129764092","KN295424v1","609391","609702","43","129154390"
"chr5","129770166","129770454","KN296075v1","541010","541298","47","129229156"
"chr5","129872934","129873251","KN295477v1","23872","24183","43","129849062"
"chr5","129921848","129922157","KN296682v1","4855759","4856070","43","125066089"
"chr5","130001065","130001359","KN295729v1","826689","826980","34","129174376"
"chr5","130012299","130012624","KN296883v1","1692661","1692974","49","128319638"
"chr5","130111861","130112150","KN297197v1","197080","197368","39","129914781"
"chr5","130119316","130119609","KN295744v1","419470","419767","41","129699846"
"chr5","130129832","130130156","KN295459v1","1030536","1030859","50","129099296"
"chr5","130147792","130148075","KN296877v1","20778","21069","46","130127014"
"chr5","130237557","130237858","KN294407v1","3007171","3007473","44","127230386"
"chr5","130252365","130252673","KN296311v1","768493","768797","39","129483872"
"chr5","130282055","130282358","KN295923v1","1097156","1097449","47","129184899"
"chr5","130283729","130284037","KN296311v1","854862","855163","42","129428867"
"chr5","130323093","130323389","KN294147v1","1603851","1604147","38","128719242"
"chr5","130367601","130367887","KN294739v1","1116459","1116753","45","129251142"
"chr5","130398687","130398982","KN294245v1","1061416","1061713","39","129337271"
"chr5","130413862","130414170","KN296311v1","7497898","7498207","37","122915964"
"chr5","130482100","130482393","KN295977v1","562051","562345","48","129920049"
"chr5","130599697","130599993","KN295480v1","1302107","1302401","32","129297590"
"chr5","130666007","130666312","KN295439v1","83349","83650","44","130582658"
"chr5","130669742","130670036","KN296435v1","2744592","2744883","40","127925150"
"chr5","130774185","130774482","KN296466v1","55523","55818","46","130718662"
"chr5","131022650","131022960","KN296731v1","1167793","1168104","35","129854857"
"chr5","131042610","131042910","KN295102v1","297014","297299","44","130745596"
"chr5","131057596","131057827","KN295236v1","80023","80248","39","130977573"
"chr5","131084184","131084481","KN294470v1","2136945","2137241","34","128947239"
"chr5","131147002","131147299","KN295729v1","826689","826980","34","130320313"
"chr5","131256181","131256475","KN294187v1","158362","158655","39","131097819"
"chr5","131338676","131338969","KN295835v1","84846","85139","41","131253830"
"chr5","131429636","131429930","KN294933v1","554050","554346","42","130875586"
"chr5","131464887","131465195","KN295883v1","173429","173738","51","131291458"
"chr5","131733343","131733632","KN295835v1","84846","85139","35","131648497"
"chr5","131760527","131760649","KN294445v1","855366","855529","58","130905161"
"chr5","131770415","131770707","KN294172v1","6714431","6714730","59","125055984"
"chr5","131782953","131783264","KN295962v1","2329043","2329352","37","129453910"
"chr5","131800493","131800795","KN294761v1","363307","363610","29","131437186"
"chr5","131826497","131826784","KN294262v1","1563960","1564257","38","130262537"
"chr5","131830733","131831031","KN295430v1","1217885","1218183","44","130612848"
"chr5","131835141","131835431","KN295893v1","5868091","5868383","38","125967050"
"chr5","131839022","131839312","KN294949v1","1309263","1309554","32","130529759"
"chr5","131854167","131854484","KN295459v1","1473731","1474040","40","130380436"
"chr5","131871406","131871712","KN294856v1","158144","158448","38","131713262"
"chr5","131880192","131880477","KN296138v1","452937","453216","45","131427255"
"chr5","131913766","131914082","KN296682v1","3127385","3127697","43","128786381"
"chr5","131920616","131920912","KN296153v1","1090111","1090408","33","130830505"
"chr5","131928433","131928732","KN295977v1","1131033","1131330","36","130797400"
"chr5","131932231","131932554","KN296036v1","2062557","2062868","48","129869674"
"chr5","131933381","131933646","KN294172v1","5280504","5280773","44","126652877"
"chr5","131935325","131935618","KN294187v1","158362","158655","41","131776963"
"chr5","131950248","131950550","KN295430v1","1217885","1218183","35","130732363"
"chr5","131982894","131983175","KN295323v1","163803","164084","43","131819091"
"chr5","132002700","132002980","KN295523v1","4217121","4217407","43","127785579"
"chr5","132006147","132006366","KN295977v1","1276894","1277103","48","130729253"
"chr5","132020961","132021260","KN296743v1","2255912","2256204","43","129765049"
"chr5","132055374","132055661","KN295096v1","2965990","2966278","34","129089384"
"chr5","132083712","132084006","KN296513v1","2367758","2368048","39","129715954"
"chr5","132097108","132097398","KN294470v1","2136945","2137241","35","129960163"
"chr5","132167468","132167776","KN295607v1","4377455","4377758","40","127790013"
"chr5","132170969","132171273","KN294187v1","1109661","1109959","37","131061308"
"chr5","132197291","132197583","KN294193v1","425211","425504","39","131772080"
"chr5","132238034","132238335","KN294790v1","163386","163690","39","132074648"
"chr5","132281928","132282239","KN294346v1","333538","333846","41","131948390"
"chr5","132325417","132325704","KN295480v1","703338","703638","51","131622079"
"chr5","132331383","132331689","KN294326v1","309006","309309","38","132022377"
"chr5","132345401","132345697","KN296011v1","48434","48734","41","132296967"
"chr5","132348425","132348730","KN294911v1","628968","629266","45","131719457"
"chr5","132420709","132421008","KN296872v1","100856","101154","26","132319853"
"chr5","132441252","132441548","KN296872v1","80006","80298","25","132361246"
"chr5","132449964","132450264","KN296872v1","70474","70765","34","132379490"
"chr5","132476286","132476540","KN296872v1","37090","37341","24","132439196"
"chr5","132587030","132587313","KN294911v1","4976334","4976616","30","127610696"
"chr5","132589802","132590112","KN294603v1","63949","64255","34","132525853"
"chr5","132626225","132626478","KN297343v1","1947137","1947379","49","130679088"
"chr5","132630239","132630538","KN294911v1","4933321","4933626","26","127696918"
"chr5","132681427","132681685","KN294728v1","684677","684939","48","131996750"
"chr5","132816342","132816646","KN294911v1","4745770","4746062","36","128070572"
"chr5","132830147","132830463","KN295748v1","161587","161896","32","132668560"
"chr5","132834762","132835072","KN294911v1","4725596","4725904","38","128109166"
"chr5","132861965","132862274","KN294911v1","4693112","4693413","33","128168853"
"chr5","132905331","132905637","KN295666v1","873327","873629","33","132032004"
"chr5","132947868","132948121","KN295287v1","19993","20233","51","132927875"
"chr5","132969153","132969448","KN297008v1","4491141","4491442","39","128478012"
"chr5","132983793","132984012","KN296153v1","3458034","3458253","37","129525759"
"chr5","133022271","133022579","KN294911v1","4535093","4535392","28","128487178"
"chr5","133052373","133052681","KN294911v1","4506249","4506555","32","128546124"
"chr5","133100462","133100764","KN294269v1","550588","550887","32","132549874"
"chr5","133114551","133114861","KN294251v1","1186841","1187150","33","131927710"
"chr5","133161557","133161857","KN294809v1","1033430","1033730","35","132128127"
"chr5","133174903","133175200","KN294911v1","4382054","4382362","37","128792849"
"chr5","133208356","133208674","KN294991v1","1692556","1692877","45","131515800"
"chr5","133262835","133263092","KN296075v1","244693","244958","41","133018142"
"chr5","133287539","133287799","KN294911v1","4267384","4267672","46","129020155"
"chr5","133292742","133293048","KN294911v1","4263402","4263701","31","129029340"
"chr5","133333087","133333381","KN294911v1","4220583","4220876","22","129112504"
"chr5","133348005","133348311","KN294911v1","4205828","4206126","21","129142177"
"chr5","133358922","133359154","KN294372v1","1679287","1679512","48","131679635"
"chr5","133380543","133380824","KN294181v1","1475354","1475632","44","131905189"
"chr5","133396216","133396512","KN295198v1","274974","275272","39","133121242"
"chr5","133444343","133444652","KN295257v1","1201375","1201685","36","132242968"
"chr5","133451482","133451775","KN294911v1","4104099","4104390","32","129347383"
"chr5","133455539","133455849","KN294911v1","4099854","4100160","40","129355685"
"chr5","133493511","133493815","KN296430v1","1105044","1105344","36","132388467"
"chr5","133505131","133505426","KN294501v1","4140225","4140518","43","129364906"
"chr5","133507731","133508027","KN297274v1","1023468","1023763","43","132484263"
"chr5","133508352","133508656","KN294911v1","4045549","4045853","24","129462803"
"chr5","133560335","133560645","KN294911v1","3992607","3992918","28","129567728"
"chr5","133563896","133564201","KN294911v1","3988641","3988942","20","129575255"
"chr5","133579467","133579748","KN296859v1","1598124","1598411","45","131981343"
"chr5","133581122","133581429","KN297159v1","2899658","2899964","38","130681464"
"chr5","133585982","133586292","KN294879v1","76546","76849","34","133509436"
"chr5","133591904","133592199","KN296079v1","686222","686522","47","132905682"
"chr5","133592750","133593049","KN294911v1","3955936","3956235","42","129636814"
"chr5","133596567","133596852","KN294911v1","3952150","3952416","40","129644417"
"chr5","133601164","133601468","KN295430v1","1217885","1218183","36","132383279"
"chr5","133607251","133607555","KN294613v1","327601","327901","39","133279650"
"chr5","133612171","133612476","KN296153v1","1336190","1336496","35","132275981"
"chr5","133612878","133613187","KN294911v1","3931980","3932292","29","129680898"
"chr5","133624100","133624303","KN295548v1","42658","42863","36","133581442"
"chr5","133628485","133628780","KN294911v1","3915269","3915565","33","129713216"
"chr5","133633175","133633471","KN294911v1","3910314","3910611","19","129722861"
"chr5","133645887","133646116","KN296754v1","219855","220085","33","133426032"
"chr5","133647540","133647848","KN295112v1","477640","477949","35","133169900"
"chr5","133650427","133650738","KN294911v1","3904036","3904337","28","129746391"
"chr5","133658538","133658834","KN294911v1","3892273","3892568","32","129766265"
"chr5","133661803","133662064","KN297190v1","2997534","2997797","44","130664269"
"chr5","133667681","133667998","KN296682v1","2875657","2875966","56","130792024"
"chr5","133677631","133677926","KN294911v1","3871107","3871402","16","129806524"
"chr5","133680446","133680743","KN294991v1","293673","293971","37","133386773"
"chr5","133684200","133684493","KN294911v1","3864014","3864306","25","129820186"
"chr5","133696720","133697031","KN294145v1","141700","142013","42","133555020"
"chr5","133699183","133699482","KN294571v1","1575904","1576204","38","132123279"
"chr5","133711587","133711868","KN294911v1","3836976","3837256","26","129874611"
"chr5","133734162","133734459","KN294911v1","3811988","3812279","28","129922174"
"chr5","133738661","133738963","KN294172v1","832863","833165","32","132905798"
"chr5","133748633","133748946","KN294302v1","375312","375628","52","133373321"
"chr5","133750858","133751141","KN294911v1","3794111","3794398","32","129956747"
"chr5","133754951","133755242","KN294911v1","3789712","3790011","40","129965239"
"chr5","133769232","133769522","KN294911v1","3777097","3777392","22","129992135"
"chr5","133782476","133782779","KN294911v1","3763985","3764286","22","130018491"
"chr5","133795482","133795779","KN296541v1","177294","177595","45","133618188"
"chr5","133812092","133812392","KN294911v1","628968","629266","34","133183124"
"chr5","133813706","133813988","KN294911v1","3733107","3733403","43","130080599"
"chr5","133816495","133816783","KN294911v1","3726108","3726399","31","130090387"
"chr5","133831383","133831692","KN294911v1","3714107","3714411","32","130117276"
"chr5","133875899","133876218","KN294172v1","500973","501272","55","133374926"
"chr5","133894799","133895128","KN294911v1","3653940","3654262","42","130240859"
"chr5","134016584","134016843","KN294911v1","3531203","3531465","34","130485381"
"chr5","134035099","134035365","KN294911v1","3512853","3513121","24","130522246"
"chr5","134096005","134096310","KN294911v1","3448680","3448986","36","130647325"
"chr5","134104791","134105082","KN294539v1","1287945","1288241","42","132816846"
"chr5","134106175","134106486","KN294251v1","1186841","1187150","35","132919334"
"chr5","134146917","134147204","KN294911v1","3399481","3399768","22","130747436"
"chr5","134176215","134176510","KN295267v1","826922","827217","37","133349293"
"chr5","134260159","134260453","KN294911v1","3289362","3289650","29","130970797"
"chr5","134357306","134357615","KN294911v1","3186228","3186537","28","131171078"
"chr5","134496018","134496302","KN297320v1","508448","508730","39","133987570"
"chr5","134560218","134560526","KN294911v1","2979140","2979444","34","131581078"
"chr5","134581499","134581803","KN294911v1","2958184","2958494","38","131623315"
"chr5","134603403","134603705","KN294911v1","2936088","2936390","27","131667315"
"chr5","134612304","134612620","KN294911v1","2927096","2927423","34","131685208"
"chr5","134632685","134632995","KN294911v1","2905244","2905540","29","131727441"
"chr5","134634794","134635098","KN294911v1","2902814","2903114","22","131731980"
"chr5","134645913","134646220","KN294911v1","2892929","2893232","27","131752984"
"chr5","134657268","134657437","KN296635v1","5301797","5301962","31","129355471"
"chr5","134671074","134671373","KN294911v1","2865028","2865329","28","131806046"
"chr5","134673100","134673380","KN296454v1","102542","102816","29","134570558"
"chr5","134683954","134684260","KN294911v1","2850664","2850960","25","131833290"
"chr5","134690139","134690456","KN295236v1","1047734","1048038","44","133642405"
"chr5","134691213","134691522","KN296303v1","514845","515157","34","134176368"
"chr5","134711710","134712008","KN294911v1","2824496","2824796","34","131887214"
"chr5","134714482","134714793","KN294176v1","294222","294532","41","134420260"
"chr5","134717906","134718201","KN294790v1","163386","163690","54","134554520"
"chr5","134722629","134722939","KN294911v1","2814088","2814404","34","131908541"
"chr5","134724288","134724605","KN294456v1","1098138","1098439","50","133626150"
"chr5","134730479","134730792","KN294911v1","2806975","2807285","43","131923504"
"chr5","134744274","134744578","KN296809v1","604063","604366","35","134140211"
"chr5","134753615","134753790","KN296153v1","1178114","1178285","25","133575501"
"chr5","134759307","134759620","KN296019v1","412819","413103","59","134346488"
"chr5","134799073","134799385","KN294911v1","2739073","2739387","26","132060000"
"chr5","134827701","134827968","KN295433v1","1270322","1270591","38","133557379"
"chr5","134828276","134828558","KN296635v1","4410840","4411133","44","130417436"
"chr5","134842208","134842516","KN294911v1","2698048","2698349","39","132144160"
"chr5","134845454","134845748","KN297133v1","1373163","1373453","35","133472291"
"chr5","134847871","134848155","KN296187v1","1469617","1469900","35","133378254"
"chr5","134867986","134868295","KN294911v1","2670391","2670699","20","132197595"
"chr5","134874466","134874749","KN295090v1","1274641","1274928","39","133599825"
"chr5","134884341","134884633","KN295893v1","4652018","4652311","38","130232323"
"chr5","134890705","134891014","KN296167v1","450049","450355","32","134440656"
"chr5","134892578","134892876","KN294911v1","2644972","2645275","24","132247606"
"chr5","134894209","134894507","KN294911v1","2643650","2643948","22","132250559"
"chr5","134898343","134898529","KN296426v1","64367","64561","36","134833976"
"chr5","134906672","134906977","KN297276v1","143691","143993","31","134762981"
"chr5","134922136","134922429","KN295667v1","341240","341529","37","134580896"
"chr5","134926944","134927186","KN295284v1","16952","17196","40","134909992"
"chr5","134935988","134936301","KN294911v1","2599289","2599601","29","132336699"
"chr5","134943542","134943812","KN295480v1","1166666","1166940","53","133776876"
"chr5","134961891","134962202","KN296315v1","644632","644941","46","134317259"
"chr5","134970441","134970762","KN294685v1","814328","814640","48","134156113"
"chr5","134986735","134987046","KN294911v1","2549045","2549348","49","132437690"
"chr5","134988704","134989012","KN294911v1","2547386","2547691","37","132441318"
"chr5","135006555","135006862","KN295459v1","673095","673397","40","134333460"
"chr5","135024075","135024384","KN294739v1","646825","647125","52","134377250"
"chr5","135025039","135025197","KN295633v1","2201470","2201628","22","132823569"
"chr5","135030856","135031024","KN294571v1","210473","210635","27","134820383"
"chr5","135046114","135046280","KN294292v1","211892","212059","24","134834222"
"chr5","135048987","135049280","KN294911v1","2486120","2486407","24","132562867"
"chr5","135063004","135063288","KN294244v1","56461","56743","32","135006543"
"chr5","135084197","135084488","KN295394v1","556635","556929","40","134527562"
"chr5","135093256","135093341","KN297259v1","482371","482451","41","134610885"
"chr5","135095405","135095699","KN294172v1","6311128","6311420","30","128784277"
"chr5","135102682","135102992","KN294911v1","2436160","2436469","25","132666522"
"chr5","135110648","135110932","KN296508v1","1892477","1892760","47","133218171"
"chr5","135115591","135115908","KN294911v1","2425497","2425828","34","132690094"
"chr5","135127120","135127415","KN295731v1","46961","47258","39","135080159"
"chr5","135145070","135145366","KN296557v1","13515","13811","37","135131555"
"chr5","135154213","135154492","KN294911v1","2386323","2386604","19","132767890"
"chr5","135159639","135159964","KN294378v1","1504358","1504668","46","133655281"
"chr5","135181612","135181908","KN296620v1","349918","350214","35","134831694"
"chr5","135192983","135193274","KN294187v1","1918381","1918666","43","133274602"
"chr5","135194627","135194821","KN295995v1","278598","278793","27","134916029"
"chr5","135209977","135210271","KN297203v1","1695631","1695927","42","133514346"
"chr5","135228281","135228577","KN294911v1","2312849","2313141","18","132915432"
"chr5","135239548","135239852","KN294911v1","2301007","2301289","36","132938541"
"chr5","135294427","135294713","KN295075v1","143230","143522","40","135151197"
"chr5","135303273","135303546","KN295366v1","126266","126539","38","135177007"
"chr5","135313868","135314167","KN294911v1","2223431","2223737","26","133090437"
"chr5","135315146","135315511","KN294470v1","2190064","2190422","79","133125082"
"chr5","135317691","135317999","KN294911v1","2216965","2217267","32","133100726"
"chr5","135325294","135325591","KN296884v1","80185","80481","36","135245109"
"chr5","135328090","135328376","KN295735v1","822355","822644","33","134505735"
"chr5","135354041","135354347","KN294911v1","2183740","2184046","17","133170301"
"chr5","135358296","135358590","KN294911v1","2178237","2178520","32","133180059"
"chr5","135362196","135362418","KN294526v1","430681","430908","28","134931515"
"chr5","135363038","135363328","KN294911v1","2173530","2173819","37","133189508"
"chr5","135368693","135368989","KN294911v1","2164342","2164634","27","133204351"
"chr5","135386268","135386567","KN294911v1","2147006","2147307","26","133239262"
"chr5","135411797","135412088","KN296726v1","606731","607020","33","134805066"
"chr5","135430778","135431076","KN296485v1","541954","542254","36","134888824"
"chr5","135433784","135434068","KN294911v1","2106969","2107263","28","133326815"
"chr5","135456143","135456451","KN296311v1","768493","768797","46","134687650"
"chr5","135460462","135460735","KN294911v1","2077859","2078146","43","133382603"
"chr5","135464199","135464519","KN294911v1","2073810","2074131","31","133390389"
"chr5","135464846","135465140","KN294911v1","2073177","2073456","36","133391669"
"chr5","135465957","135466233","KN294911v1","2072578","2072854","19","133393379"
"chr5","135473662","135473961","KN294911v1","2065186","2065490","27","133408476"
"chr5","135478661","135478956","KN294911v1","2059537","2059831","25","133419124"
"chr5","135479733","135480017","KN294520v1","1707344","1707630","50","133772389"
"chr5","135498504","135498815","KN294911v1","2039128","2039438","34","133459376"
"chr5","135499839","135500000","KN295352v1","144267","144422","30","135355572"
"chr5","135500439","135500712","KN294911v1","2037233","2037506","22","133463206"
"chr5","135518156","135518432","KN295633v1","344698","344962","46","135173458"
"chr5","135521323","135521655","KN294911v1","2018781","2019104","54","133502542"
"chr5","135526880","135527148","KN294911v1","2013568","2013836","24","133513312"
"chr5","135536218","135536515","KN294501v1","4140225","4140518","54","131395993"
"chr5","135544876","135545184","KN295345v1","1118463","1118770","42","134426413"
"chr5","135548514","135548743","KN295820v1","956662","956899","40","134591852"
"chr5","135552301","135552597","KN294911v1","1987513","1987808","25","133564788"
"chr5","135563936","135564238","KN294456v1","1098138","1098439","32","134465798"
"chr5","135568713","135569015","KN294501v1","4140225","4140518","38","131428488"
"chr5","135570187","135570489","KN295923v1","1040491","1040795","39","134529696"
"chr5","135570490","135570789","KN294911v1","1968425","1968723","30","133602065"
"chr5","135573724","135574030","KN294911v1","1965512","1965809","24","133608212"
"chr5","135584259","135584552","KN294911v1","1954556","1954852","22","133629703"
"chr5","135604721","135605028","KN294911v1","1935854","1936152","29","133668867"
"chr5","135607156","135607452","KN294911v1","1933406","1933698","34","133673750"
"chr5","135663500","135663717","KN295977v1","1276894","1277103","51","134386606"
"chr5","135674418","135674723","KN297320v1","1223277","1223582","37","134451141"
"chr5","135675819","135676116","KN294911v1","1860297","1860603","27","133815522"
"chr5","135745180","135745487","KN294378v1","1504358","1504668","41","134240822"
"chr5","135810789","135811084","KN296859v1","1348182","1348474","37","134462607"
"chr5","135873667","135873975","KN294911v1","1672005","1672301","29","134201662"
"chr5","135960312","135960642","KN295441v1","1659662","1659986","42","134300650"
"chr5","136124862","136125140","KN294911v1","1421931","1422208","26","134702931"
"chr5","136145368","136145679","KN296635v1","2387021","2387331","36","133758347"
"chr5","136197073","136197378","KN294911v1","1346804","1347116","35","134850269"
"chr5","136210766","136211073","KN295825v1","237107","237411","33","135973659"
"chr5","136244003","136244279","KN294457v1","205085","205362","38","136038918"
"chr5","136247756","136248059","KN296907v1","352815","353110","43","135894941"
"chr5","136248117","136248420","KN294911v1","1291533","1291842","31","134956584"
"chr5","136282519","136282814","KN295596v1","141388","141684","37","136141131"
"chr5","136323588","136323891","KN294911v1","1215917","1216213","25","135107671"
"chr5","136415778","136416072","KN294911v1","1118327","1118614","29","135297451"
"chr5","136422537","136422839","KN294911v1","1111554","1111848","40","135310983"
"chr5","136435770","136436026","KN295717v1","1445363","1445625","40","134990407"
"chr5","136437626","136437900","KN294911v1","1091260","1091536","24","135346366"
"chr5","136441191","136441419","KN297186v1","50383","50628","49","136390808"
"chr5","136677212","136677530","KN294911v1","866084","866403","40","135811128"
"chr5","136748973","136749273","KN297322v1","1224244","1224547","35","135524729"
"chr5","136750072","136750388","KN294911v1","797068","797349","50","135953004"
"chr5","136791556","136791837","KN294911v1","755213","755494","22","136036343"
"chr5","136799294","136799554","KN294911v1","747843","748104","22","136051451"
"chr5","136816099","136816403","KN296557v1","13515","13811","44","136802584"
"chr5","136836044","136836251","KN294911v1","711277","711487","26","136124767"
"chr5","136836554","136836839","KN294911v1","710688","710960","37","136125866"
"chr5","136863919","136864234","KN294987v1","1477069","1477366","49","135386850"
"chr5","136867517","136867798","KN296795v1","813243","813524","40","136054274"
"chr5","136897834","136898132","KN294911v1","649998","650296","24","136247836"
"chr5","136984664","136984948","KN294991v1","1558026","1558298","49","135426638"
"chr5","137022813","137023109","KN294911v1","533025","533313","39","136489788"
"chr5","137045933","137046237","KN294842v1","1466394","1466697","41","135579539"
"chr5","137077772","137078082","KN294911v1","480180","480483","28","136597592"
"chr5","137194391","137194702","KN294911v1","357136","357430","34","136837255"
"chr5","137209893","137210190","KN294911v1","341815","342113","33","136868078"
"chr5","137254858","137255160","KN294911v1","309061","309360","30","136945797"
"chr5","137362997","137363303","KN294911v1","201002","201307","31","137161995"
"chr5","137388649","137388928","KN294911v1","176544","176830","30","137212105"
"chr5","137423335","137423633","KN294911v1","144485","144783","24","137278850"
"chr5","137589558","137589864","KN296647v1","34686","34974","39","137554872"
"chr5","137696872","137697145","KN296466v1","11081","11357","48","137685791"
"chr5","137756763","137757064","KN297190v1","4549021","4549317","41","133207742"
"chr5","137793620","137793907","KN294917v1","401690","401984","46","137391930"
"chr5","137943157","137943454","KN294991v1","1444231","1444521","34","136498926"
"chr5","138181811","138182103","KN295241v1","75672","75962","43","138106139"
"chr5","138268082","138268379","KN295962v1","1884512","1884811","33","136383570"
"chr5","138275167","138275453","KN296119v1","4799219","4799502","38","133475948"
"chr5","138277445","138277731","KN296004v1","21122","21405","39","138256323"
"chr5","138286286","138286597","KN295735v1","1160753","1161064","37","137125533"
"chr5","138350156","138350458","KN295075v1","99513","99808","33","138250643"
"chr5","138376811","138377125","KN296119v1","4498335","4498651","44","133878476"
"chr5","138383272","138383572","KN294457v1","7277","7572","34","138375995"
"chr5","138402396","138402696","KN295814v1","1261993","1262292","35","137140403"
"chr5","138416975","138417243","KN295820v1","851444","851701","44","137565531"
"chr5","138475759","138476065","KN297190v1","503063","503352","52","137972696"
"chr5","138566990","138567295","KN297320v1","1223277","1223582","36","137343713"
"chr5","138579765","138580074","KN295459v1","1612551","1612858","39","136967214"
"chr5","138598658","138598910","KN294372v1","2202437","2202693","42","136396221"
"chr5","138661950","138662258","KN295666v1","789945","790254","40","137872005"
"chr5","138708706","138709006","KN295302v1","245316","245611","49","138463390"
"chr5","138720159","138720455","KN296119v1","2885918","2886213","42","135834241"
"chr5","138737689","138737989","KN294385v1","293709","294012","47","138443980"
"chr5","138738349","138738643","KN297245v1","1416081","1416379","43","137322268"
"chr5","138769188","138769483","KN295623v1","474716","475007","42","138294472"
"chr5","138770364","138770673","KN294705v1","1537713","1538021","42","137232651"
"chr5","138771829","138772044","KN295406v1","275159","275372","38","138496670"
"chr5","138775898","138776206","KN297008v1","178445","178753","37","138597453"
"chr5","138782354","138782639","KN294172v1","6586763","6587048","37","132195591"
"chr5","138789166","138789471","KN297019v1","866059","866361","36","137923107"
"chr5","138804254","138804545","KN294457v1","947372","947669","42","137856882"
"chr5","138837106","138837417","KN296486v1","1726381","1726674","42","137110725"
"chr5","138839612","138839913","KN297023v1","480259","480560","32","138359353"
"chr5","138858087","138858381","KN296466v1","55523","55818","29","138802564"
"chr5","138873251","138873565","KN296726v1","429654","429962","48","138443597"
"chr5","138880554","138880850","KN294705v1","867156","867449","35","138013398"
"chr5","138886548","138886847","KN294850v1","174854","175153","38","138711694"
"chr5","138896367","138896636","KN294613v1","527135","527410","44","138369232"
"chr5","138901944","138902238","KN297046v1","2972429","2972729","35","135929515"
"chr5","138903699","138903992","KN295596v1","141388","141684","36","138762311"
"chr5","138908762","138909077","KN294269v1","674791","675103","47","138233971"
"chr5","138910125","138910423","KN296496v1","988332","988629","38","137921793"
"chr5","138914457","138914747","KN294172v1","2063875","2064162","50","136850582"
"chr5","138944066","138944360","KN296620v1","349918","350214","42","138594148"
"chr5","138945514","138945815","KN296153v1","1336190","1336496","33","137609324"
"chr5","138955944","138956240","KN296557v1","13515","13811","35","138942429"
"chr5","138962395","138962692","KN294193v1","285283","285581","41","138677112"
"chr5","138969428","138969740","KN294378v1","1504358","1504668","37","137465070"
"chr5","138973137","138973440","KN294911v1","3438668","3438956","52","135534469"
"chr5","138975023","138975316","KN297133v1","666077","666368","42","138308946"
"chr5","138991351","138991637","KN296244v1","158721","159009","44","138832630"
"chr5","138995889","138996227","KN297274v1","902241","902551","82","138093648"
"chr5","139006764","139007067","KN296303v1","662776","663079","28","138343988"
"chr5","139018306","139018594","KN297165v1","655293","655575","35","138363013"
"chr5","139022561","139022844","KN297165v1","2779028","2779304","42","136243533"
"chr5","139022880","139023181","KN295596v1","2667202","2667503","42","136355678"
"chr5","139023516","139023815","KN296281v1","97420","97720","54","138926096"
"chr5","139032567","139032877","KN294269v1","173326","173630","43","138859241"
"chr5","139034448","139034744","KN296062v1","126120","126418","32","138908328"
"chr5","139038300","139038626","KN294536v1","1867889","1868199","58","137170411"
"chr5","139040690","139040994","KN296311v1","3427286","3427594","39","135613404"
"chr5","139044903","139045200","KN294456v1","1098138","1098439","35","137946765"
"chr5","139054205","139054517","KN296430v1","96066","96377","38","138958139"
"chr5","139071540","139071857","KN295439v1","83349","83650","53","138988191"
"chr5","139074862","139075177","KN296743v1","1756759","1757068","46","137318103"
"chr5","139094168","139094479","KN295962v1","1362265","1362566","39","137731903"
"chr5","139111629","139111836","KN297320v1","557669","557875","28","138553960"
"chr5","139124729","139124939","KN297219v1","2668252","2668464","34","136456477"
"chr5","139137303","139137603","KN294629v1","9039","9337","55","139128264"
"chr5","139139403","139139680","KN294561v1","703643","703925","51","138435760"
"chr5","139140977","139141300","KN296828v1","101861","102178","46","139039116"
"chr5","139164270","139164441","KN294187v1","1212835","1213011","31","137951435"
"chr5","139185394","139185703","KN297165v1","1243608","1243917","35","137941786"
"chr5","139191747","139192056","KN294957v1","62097","62408","42","139129650"
"chr5","139195654","139195972","KN294181v1","1370167","1370478","39","137825487"
"chr5","139214379","139214687","KN295731v1","5418","5724","38","139208961"
"chr5","139219121","139219410","KN295553v1","296733","297033","42","138922388"
"chr5","139232744","139233059","KN294957v1","62097","62408","56","139170647"
"chr5","139245023","139245316","KN294874v1","309420","309712","42","138935603"
"chr5","139250181","139250479","KN296547v1","396597","396892","27","138853584"
"chr5","139268030","139268329","KN296145v1","740136","740436","41","138527894"
"chr5","139279214","139279525","KN295362v1","1115763","1116072","39","138163451"
"chr5","139285640","139285921","KN294257v1","1033740","1034031","31","138251900"
"chr5","139293851","139294167","KN294266v1","846299","846613","58","138447552"
"chr5","139306564","139306854","KN295729v1","826689","826980","35","138479875"
"chr5","139307670","139307965","KN294147v1","1603851","1604147","32","137703819"
"chr5","139309095","139309405","KN295034v1","280827","281133","44","139028268"
"chr5","139345728","139346022","KN296096v1","838711","839001","33","138507017"
"chr5","139350126","139350410","KN296009v1","1337267","1337548","46","138012859"
"chr5","139357919","139358212","KN294949v1","1309263","1309554","46","138048656"
"chr5","139380185","139380471","KN296743v1","202352","202637","36","139177833"
"chr5","139383444","139383729","KN295832v1","217196","217478","40","139166248"
"chr5","139427662","139427968","KN296485v1","541954","542254","36","138885708"
"chr5","139428033","139428228","KN295995v1","278598","278793","58","139149435"
"chr5","139434725","139435001","KN294946v1","220472","220746","44","139214253"
"chr5","139444924","139445220","KN294581v1","619147","619445","33","138825777"
"chr5","139446035","139446263","KN296315v1","1938166","1938391","36","137507869"
"chr5","139447970","139448280","KN295441v1","1531182","1531494","46","137916788"
"chr5","139452372","139452685","KN295362v1","1043462","1043763","42","138408910"
"chr5","139462380","139462679","KN297095v1","2035124","2035423","36","137427256"
"chr5","139482156","139482455","KN294571v1","1575904","1576204","29","137906252"
"chr5","139494099","139494390","KN297259v1","1695445","1695737","38","137798654"
"chr5","139509139","139509437","KN296263v1","786828","787126","30","138722311"
"chr5","139522163","139522457","KN297327v1","811573","811871","37","138710590"
"chr5","139554168","139554454","KN294561v1","1887166","1887450","37","137667002"
"chr5","139560896","139561192","KN297245v1","1416081","1416379","37","138144815"
"chr5","139573590","139573902","KN295112v1","477640","477949","38","139095950"
"chr5","139603050","139603349","KN296201v1","2654662","2654949","51","136948388"
"chr5","139605988","139606281","KN294741v1","1603555","1603852","41","138002433"
"chr5","139606846","139607159","KN294470v1","3204708","3205017","49","136402138"
"chr5","139608442","139608736","KN294526v1","334958","335253","31","139273484"
"chr5","139622385","139622667","KN294561v1","851573","851857","47","138770812"
"chr5","139647460","139647598","KN297008v1","1669427","1669569","25","137978033"
"chr5","139670904","139671198","KN294539v1","1287945","1288241","34","138382959"
"chr5","139705747","139706023","KN295523v1","4217121","4217407","52","135488626"
"chr5","139761380","139761684","KN296486v1","1266538","1266834","38","138494842"
"chr5","139764632","139764907","KN294662v1","218243","218524","42","139546389"
"chr5","139809808","139810110","KN294790v1","163386","163690","36","139646422"
"chr5","139812154","139812457","KN296503v1","539763","540066","35","139272391"
"chr5","139853907","139854206","KN294705v1","430220","430521","33","139423687"
"chr5","139858458","139858751","KN294539v1","1287945","1288241","33","138570513"
"chr5","139866206","139866500","KN296138v1","226711","227010","46","139639495"
"chr5","139878226","139878541","KN294287v1","369071","369381","51","139509155"
"chr5","139903948","139904241","KN296315v1","421210","421508","43","139482738"
"chr5","139914323","139914622","KN294526v1","334958","335253","37","139579365"
"chr5","139935526","139935819","KN295459v1","1342241","1342537","36","138593285"
"chr5","139940123","139940424","KN294777v1","371314","371618","37","139568809"
"chr5","139950248","139950546","KN297133v1","832328","832627","39","139117920"
"chr5","139969602","139969913","KN296635v1","2387021","2387331","34","137582581"
"chr5","139975373","139975667","KN295198v1","274974","275272","37","139700399"
"chr5","139976117","139976423","KN294170v1","5505","5809","44","139970612"
"chr5","140008471","140008748","KN294734v1","653049","653321","51","139355422"
"chr5","140030299","140030602","KN296311v1","832074","832375","38","139198225"
"chr5","140036440","140036740","KN296145v1","740136","740436","36","139296304"
"chr5","140040852","140041155","KN294758v1","2273856","2274158","43","137766996"
"chr5","140046884","140047170","KN296093v1","179133","179423","41","139867751"
"chr5","140061804","140062103","KN297023v1","480259","480560","39","139581545"
"chr5","140070158","140070418","KN295075v1","40195","40452","33","140029963"
"chr5","140070421","140070694","KN295561v1","109790","110077","46","139960631"
"chr5","140081038","140081207","KN296096v1","2363438","2363604","25","137717600"
"chr5","140086058","140086284","KN294879v1","1145474","1145712","41","138940584"
"chr5","140086354","140086641","KN294429v1","37988","38273","38","140048366"
"chr5","140092411","140092718","KN294446v1","240983","241287","46","139851428"
"chr5","140103178","140103468","KN297023v1","480259","480560","34","139622919"
"chr5","140113631","140113933","KN295835v1","181014","181322","33","139932617"
"chr5","140121397","140121698","KN296357v1","559775","560070","31","139561622"
"chr5","140122208","140122520","KN297180v1","731201","731513","45","139391007"
"chr5","140125315","140125613","KN295171v1","1467060","1467358","39","138658255"
"chr5","140141509","140141807","KN294470v1","2136945","2137241","34","138004564"
"chr5","140183620","140183853","KN297186v1","50383","50628","42","140133237"
"chr5","140196878","140197174","KN294837v1","236309","236605","45","139960569"
"chr5","140197184","140197472","KN295267v1","1083529","1083813","57","139113655"
"chr5","140197726","140198012","KN297274v1","2047238","2047526","40","138150488"
"chr5","140209206","140209405","KN294456v1","895531","895730","35","139313675"
"chr5","140237461","140237747","KN296982v1","570703","570990","41","139666758"
"chr5","140248126","140248302","KN297190v1","4622642","4622819","28","135625484"
"chr5","140265764","140266072","KN296503v1","539763","540066","34","139726001"
"chr5","140276902","140277198","KN296486v1","1726381","1726674","36","138550521"
"chr5","140278468","140278768","KN294864v1","530955","531265","45","139747513"
"chr5","140287352","140287650","KN294269v1","550588","550887","37","139736764"
"chr5","140297967","140298261","KN295607v1","4653398","4653689","34","135644569"
"chr5","140304700","140304926","KN295441v1","1457453","1457675","33","138847247"
"chr5","140306359","140306674","KN297274v1","325539","325849","43","139980820"
"chr5","140316756","140317064","KN294372v1","299717","300027","43","140017039"
"chr5","140328583","140328859","KN294662v1","218243","218524","45","140110340"
"chr5","140330608","140330909","KN295459v1","673095","673397","35","139657513"
"chr5","140420108","140420418","KN296507v1","582388","582694","44","139837720"
"chr5","140433155","140433449","KN295871v1","542479","542775","34","139890676"
"chr5","140436443","140436752","KN294911v1","2389002","2389309","37","138047441"
"chr5","140443484","140443781","KN296495v1","550769","551079","45","139892715"
"chr5","140447471","140447772","KN297023v1","480259","480560","29","139967212"
"chr5","140454389","140454702","KN297165v1","708082","708397","40","139746307"
"chr5","140488211","140488488","KN296820v1","1306714","1306983","50","139181497"
"chr5","140518802","140519100","KN295596v1","2518640","2518934","33","138000162"
"chr5","140533613","140533915","KN296833v1","30824","31126","33","140502789"
"chr5","140704819","140705121","KN295091v1","2259731","2260040","53","138445088"
"chr5","140727788","140728086","KN297219v1","1863442","1863740","40","138864346"
"chr5","140735289","140735529","KN295405v1","757351","757593","48","139977938"
"chr5","140766593","140766873","KN295671v1","149104","149384","48","140617489"
"chr5","140770452","140770748","KN294571v1","1678829","1679123","43","139091623"
"chr5","140804029","140804325","KN295236v1","1670278","1670574","36","139133751"
"chr5","140855518","140855745","KN296921v1","438156","438387","28","140417362"
"chr5","140955995","140956300","KN294407v1","3027269","3027567","41","137928726"
"chr5","140996072","140996361","KN295039v1","495472","495775","56","140500600"
"chr5","141007604","141007914","KN294911v1","2691899","2692205","41","138315705"
"chr5","141008086","141008364","KN295666v1","356173","356452","45","140651913"
"chr5","141010148","141010435","KN294462v1","423337","423623","39","140586811"
"chr5","141025850","141026146","KN294446v1","240983","241287","39","140784867"
"chr5","141051809","141052103","KN295835v1","84846","85139","33","140966963"
"chr5","141060021","141060330","KN296484v1","351750","352061","39","140708271"
"chr5","141063500","141063812","KN295433v1","250702","251008","34","140812798"
"chr5","141074407","141074705","KN296062v1","2267975","2268268","39","138806432"
"chr5","141093381","141093691","KN297159v1","2910513","2910824","37","138182868"
"chr5","141109707","141109990","KN294633v1","106169","106453","41","141003538"
"chr5","141112392","141112711","KN296303v1","514845","515157","44","140597547"
"chr5","141114171","141114465","KN294526v1","334958","335253","36","140779213"
"chr5","141120264","141120440","KN294336v1","39333","39510","23","141080931"
"chr5","141128925","141129231","KN294957v1","62097","62408","52","141066828"
"chr5","141130199","141130478","KN297242v1","2401441","2401726","39","138728758"
"chr5","141132597","141132900","KN294603v1","111945","112247","38","141020652"
"chr5","141136216","141136539","KN294172v1","365590","365904","41","140770626"
"chr5","141142918","141143218","KN294457v1","990718","991014","37","140152200"
"chr5","141158349","141158647","KN297274v1","1023468","1023763","47","140134881"
"chr5","141168226","141168514","KN296153v1","2393235","2393519","38","138774991"
"chr5","141172377","141172667","KN295729v1","826689","826980","34","140345688"
"chr5","141223362","141223668","KN296508v1","1895245","1895542","38","139328117"
"chr5","141256160","141256443","KN294526v1","334958","335253","47","140921202"
"chr5","141259442","141259714","KN294470v1","2130181","2130453","35","139129261"
"chr5","141268458","141268753","KN297406v1","906","1197","39","141267552"
"chr5","141298141","141298447","KN295077v1","487498","487802","35","140810643"
"chr5","141301009","141301308","KN294745v1","229351","229647","43","141071658"
"chr5","141308786","141309078","KN294539v1","1287945","1288241","26","140020841"
"chr5","141311755","141312062","KN296311v1","832074","832375","33","140479681"
"chr5","141323735","141324037","KN294571v1","890748","891049","45","140432987"
"chr5","141328460","141328766","KN295477v1","67921","68217","45","141260539"
"chr5","141353594","141353761","KN294499v1","1272651","1272818","23","140080943"
"chr5","141360959","141361254","KN297133v1","950328","950631","39","140410631"
"chr5","141372934","141373241","KN294964v1","1489560","1489864","31","139883374"
"chr5","141378122","141378405","KN296117v1","475705","475996","40","140902417"
"chr5","141385297","141385609","KN297159v1","1746938","1747242","37","139638359"
"chr5","141411788","141411947","KN294187v1","1105095","1105248","20","140306693"
"chr5","141418389","141418687","KN294879v1","76546","76849","37","141341843"
"chr5","141436275","141436568","KN294172v1","5273992","5274291","47","136162283"
"chr5","141442294","141442598","KN294193v1","774395","774701","30","140667899"
"chr5","141444813","141445102","KN296743v1","202352","202637","39","141242461"
"chr5","141449897","141450197","KN297023v1","480259","480560","35","140969638"
"chr5","141451713","141452001","KN297186v1","1381942","1382225","40","140069771"
"chr5","141460770","141461118","KN297190v1","3853891","3854237","73","137606879"
"chr5","141521536","141521837","KN295729v1","826689","826980","41","140694847"
"chr5","141530220","141530536","KN296138v1","447898","448214","49","141082322"
"chr5","141570295","141570587","KN296180v1","823639","823931","57","140746656"
"chr5","141670015","141670310","KN294917v1","405138","405434","35","141264877"
"chr5","141677093","141677383","KN296357v1","621170","621460","34","141055923"
"chr5","141710823","141711131","KN295835v1","181014","181322","40","141529809"
"chr5","141715933","141716233","KN296138v1","98488","98788","36","141617445"
"chr5","141721568","141721876","KN295571v1","1155767","1156067","35","140565801"
"chr5","141805698","141805987","KN295708v1","2784035","2784327","39","139021663"
"chr5","141815007","141815308","KN294456v1","1098138","1098439","31","140716869"
"chr5","141817779","141818080","KN296096v1","2477063","2477364","36","139340716"
"chr5","141898022","141898323","KN295267v1","826922","827217","38","141071100"
"chr5","141901554","141901849","KN294172v1","6311128","6311420","32","135590426"
"chr5","141927333","141927636","KN296138v1","98488","98788","36","141828845"
"chr5","141949103","141949409","KN295459v1","673095","673397","38","141276008"
"chr5","141951290","141951583","KN295394v1","556635","556929","39","141394655"
"chr5","142002851","142003131","KN296795v1","813243","813524","38","141189608"
"chr5","142009964","142010261","KN295596v1","141388","141684","33","141868576"
"chr5","142043559","142043861","KN294571v1","890748","891049","33","141152811"
"chr5","142049569","142049868","KN294372v1","2629158","2629456","29","139420411"
"chr5","142060232","142060531","KN294457v1","990718","991014","37","141069514"
"chr5","142060858","142061168","KN297276v1","143691","143993","40","141917167"
"chr5","142063507","142063800","KN296732v1","1479099","1479390","39","140584408"
"chr5","142094914","142095218","KN295243v1","881854","882160","40","141213060"
"chr5","142096499","142096762","KN297319v1","16503","16767","47","142079996"
"chr5","142185843","142186129","KN295907v1","1866654","1866935","38","140319189"
"chr5","142186221","142186367","KN294187v1","1105095","1105248","25","141081126"
"chr5","142198196","142198458","KN295984v1","2913126","2913389","35","139285070"
"chr5","142207578","142207730","KN295940v1","104364","104519","19","142103214"
"chr5","142219105","142219404","KN297023v1","480259","480560","33","141738846"
"chr5","142230848","142231139","KN295405v1","60868","61156","39","142169980"
"chr5","142245282","142245521","KN295405v1","757351","757593","39","141487931"
"chr5","142253331","142253546","KN294172v1","4404089","4404307","31","137849242"
"chr5","142287829","142288052","KN295977v1","1276894","1277103","48","141010935"
"chr5","142319073","142319382","KN294269v1","674791","675103","37","141644282"
"chr5","142324340","142324647","KN294790v1","163386","163690","34","142160954"
"chr5","142348530","142348637","KN294385v1","1550091","1550189","35","140798439"
"chr5","142382437","142382729","KN294193v1","425211","425504","35","141957226"
"chr5","142411716","142412004","KN295573v1","192599","192895","43","142219117"
"chr5","142414165","142414467","KN295820v1","787086","787379","37","141627079"
"chr5","142426891","142427192","KN297023v1","480259","480560","37","141946632"
"chr5","142427502","142427722","KN295405v1","757351","757593","55","141670151"
"chr5","142442998","142443222","KN296079v1","2860738","2860978","43","139582260"
"chr5","142444389","142444699","KN294987v1","484757","485066","41","141959632"
"chr5","142551130","142551436","KN296153v1","3041230","3041525","41","139509900"
"chr5","142569888","142570198","KN294592v1","1321409","1321720","37","141248479"
"chr5","142596478","142596789","KN294446v1","240983","241287","32","142355495"
"chr5","142655356","142655664","KN296643v1","460007","460312","36","142195349"
"chr5","142661215","142661526","KN295962v1","193370","193681","36","142467845"
"chr5","142662916","142663206","KN294181v1","1424178","1424469","33","141238738"
"chr5","142680328","142680621","KN296620v1","349918","350214","32","142330410"
"chr5","142691097","142691408","KN296484v1","351750","352061","39","142339347"
"chr5","142722926","142723254","KN296311v1","3556438","3556761","48","139166488"
"chr5","142736889","142737196","KN296880v1","254087","254393","39","142482802"
"chr5","142739327","142739632","KN296322v1","2692700","2693002","37","140046627"
"chr5","142744187","142744478","KN296577v1","39869","40161","35","142704318"
"chr5","142752070","142752383","KN296306v1","147554","147864","37","142604516"
"chr5","142762570","142762879","KN295898v1","504448","504758","40","142258122"
"chr5","142771014","142771306","KN294470v1","2136945","2137241","36","140634069"
"chr5","142775519","142775818","KN296743v1","323605","323904","33","142451914"
"chr5","142820120","142820306","KN294790v1","6048085","6048269","32","136772035"
"chr5","142824363","142824648","KN294693v1","226048","226336","37","142598315"
"chr5","142836218","142836503","KN296513v1","2367758","2368048","43","140468460"
"chr5","142836561","142836869","KN294443v1","441739","442042","39","142394822"
"chr5","142854885","142855177","KN296430v1","1105044","1105344","40","141749841"
"chr5","142859216","142859523","KN295533v1","1626996","1627305","45","141232220"
"chr5","142875194","142875475","KN294874v1","309420","309712","45","142565774"
"chr5","142941326","142941624","KN294456v1","1098138","1098439","31","141843188"
"chr5","142948307","142948614","KN296311v1","3427286","3427594","50","139521021"
"chr5","142954467","142954773","KN294879v1","76546","76849","41","142877921"
"chr5","142978457","142978743","KN296311v1","692724","693002","39","142285733"
"chr5","142984354","142984661","KN294372v1","299717","300027","35","142684637"
"chr5","142987423","142987641","KN297008v1","3139544","3139758","29","139847879"
"chr5","143010207","143010500","KN296682v1","5144925","5145221","40","137865282"
"chr5","143012287","143012600","KN297046v1","1883248","1883553","32","141129039"
"chr5","143033342","143033652","KN296266v1","31062","31371","39","143002280"
"chr5","143043453","143043755","KN296977v1","47525","47825","46","142995928"
"chr5","143051322","143051620","KN296311v1","854862","855163","33","142196460"
"chr5","143056327","143056664","KN296244v1","263775","264122","68","142792552"
"chr5","143076665","143076983","KN295319v1","42222","42534","41","143034443"
"chr5","143096574","143096875","KN296147v1","165591","165892","32","142930983"
"chr5","143107068","143107369","KN294526v1","334958","335253","45","142772110"
"chr5","143110570","143110855","KN296036v1","903873","904167","39","142206697"
"chr5","143112874","143113194","KN297322v1","996648","996952","47","142116226"
"chr5","143129672","143129982","KN295748v1","161587","161896","33","142968085"
"chr5","143142698","143142987","KN296138v1","3145","3429","40","143139553"
"chr5","143143327","143143617","KN294251v1","3310780","3311069","41","139832547"
"chr5","143144377","143144678","KN294526v1","334958","335253","43","142809419"
"chr5","143148905","143149153","KN295967v1","625826","626071","44","142523079"
"chr5","143158473","143158761","KN294172v1","6334053","6334345","36","136824420"
"chr5","143189308","143189615","KN295361v1","932292","932599","39","142257016"
"chr5","143194230","143194522","KN295729v1","826689","826980","35","142367541"
"chr5","143211866","143212153","KN294172v1","6311128","6311420","42","136900738"
"chr5","143242171","143242488","KN294539v1","2252949","2253263","40","140989222"
"chr5","143254420","143254733","KN296508v1","297583","297883","51","142956837"
"chr5","143258235","143258548","KN295112v1","477640","477949","36","142780595"
"chr5","143301222","143301534","KN295236v1","5138852","5139163","42","138162370"
"chr5","143450782","143451099","KN295961v1","20434","20745","37","143430348"
"chr5","143454851","143455169","KN294269v1","674791","675103","43","142780060"
"chr5","143459606","143459902","KN297023v1","480259","480560","38","142979347"
"chr5","143466641","143466973","KN297108v1","221091","221393","62","143245550"
"chr5","143486979","143487289","KN296119v1","640145","640454","39","142846834"
"chr5","143512148","143512453","KN295607v1","4361636","4361944","36","139150512"
"chr5","143521119","143521390","KN295601v1","2452657","2452929","59","141068462"
"chr5","143597838","143598135","KN296430v1","1105044","1105344","37","142492794"
"chr5","143603914","143604206","KN296404v1","1150048","1150343","34","142453866"
"chr5","143604441","143604739","KN295038v1","1347316","1347610","47","142257125"
"chr5","143679573","143679877","KN296011v1","34273","34572","47","143645300"
"chr5","143708676","143708978","KN296495v1","846641","846944","40","142862035"
"chr5","143740290","143740600","KN294363v1","153262","153570","45","143587028"
"chr5","143752913","143753219","KN294456v1","592934","593237","35","143159979"
"chr5","143781836","143782102","KN294733v1","634511","634774","32","143147325"
"chr5","143786895","143787209","KN297274v1","902241","902551","48","142884654"
"chr5","143795386","143795692","KN296774v1","572475","572782","35","143222911"
"chr5","143798925","143799230","KN294521v1","509491","509791","45","143289434"
"chr5","143830823","143831132","KN294456v1","592934","593237","41","143237889"
"chr5","143855828","143856090","KN294462v1","230102","230368","45","143625726"
"chr5","143939117","143939408","KN296682v1","2052676","2052972","37","141886441"
"chr5","143970017","143970312","KN294526v1","334958","335253","34","143635059"
"chr5","144104573","144104856","KN295459v1","361703","361982","38","143742870"
"chr5","144189163","144189476","KN294884v1","66822","67131","37","144122341"
"chr5","144197740","144198045","KN294790v1","163386","163690","39","144034354"
"chr5","144215559","144215862","KN296093v1","33319","33627","36","144182240"
"chr5","144239553","144239820","KN295984v1","391023","391296","43","143848530"
"chr5","144255706","144255998","KN294257v1","1009032","1009326","36","143246674"
"chr5","144350851","144351156","KN295929v1","457065","457374","41","143893786"
"chr5","144385366","144385540","KN297133v1","1345706","1345883","28","143039660"
"chr5","144401045","144401331","KN296247v1","663871","664154","36","143737174"
"chr5","144517315","144517621","KN297159v1","1746938","1747242","38","142770377"
"chr5","144520169","144520471","KN294874v1","105877","106179","41","144414292"
"chr5","144540250","144540541","KN295045v1","1063580","1063876","44","143476670"
"chr5","144802246","144802573","KN296311v1","3556438","3556761","52","141245808"
"chr5","144888996","144889294","KN297245v1","1416081","1416379","35","143472915"
"chr5","144977472","144977779","KN294603v1","63949","64255","45","144913523"
"chr5","144980101","144980409","KN296153v1","1336190","1336496","48","143643911"
"chr5","144980410","144980724","KN294662v1","146480","146789","44","144833930"
"chr5","145124224","145124496","KN296508v1","1079358","1079640","43","144044866"
"chr5","145234920","145235230","KN295893v1","1553612","1553914","46","143681308"
"chr5","145374526","145374786","KN296296v1","148650","148925","50","145225876"
"chr5","145427673","145427993","KN296661v1","2149774","2150085","46","143277899"
"chr5","145437507","145437820","KN297046v1","2427282","2427586","45","143010225"
"chr5","145476365","145476665","KN296406v1","281155","281453","43","145195210"
"chr5","145479750","145480050","KN296406v1","281155","281453","43","145198595"
"chr5","145480513","145480824","KN295362v1","1118563","1118868","46","144361950"
"chr5","145619378","145619664","KN295371v1","448057","448341","39","145171321"
"chr5","145647253","145647551","KN297197v1","699015","699311","45","144948238"
"chr5","145825920","145826214","KN295623v1","474716","475007","44","145351204"
"chr5","145893190","145893457","KN294172v1","1540690","1540957","38","144352500"
"chr5","145974903","145975213","KN296153v1","1336190","1336496","33","144638713"
"chr5","146088489","146088785","KN295893v1","2430995","2431307","48","143657494"
"chr5","146088788","146088955","KN294957v1","73265","73439","30","146015523"
"chr5","146125259","146125594","KN294790v1","5868297","5868622","56","140256962"
"chr5","146411685","146411984","KN296625v1","536780","537089","32","145874905"
"chr5","146443336","146443629","KN295480v1","1302107","1302401","41","145141229"
"chr5","146597065","146597335","KN296096v1","1665443","1665719","41","144931622"
"chr5","146718757","146719062","KN296625v1","242029","242333","36","146476728"
"chr5","146737760","146738053","KN295480v1","1302107","1302401","39","145435653"
"chr5","146765460","146765756","KN295708v1","2271788","2272099","47","144493672"
"chr5","146884849","146885079","KN295405v1","757351","757593","49","146127498"
"chr5","146926595","146926904","KN294957v1","62097","62408","37","146864498"
"chr5","146943125","146943432","KN294957v1","62097","62408","39","146881028"
"chr5","146951299","146951605","KN296625v1","22024","22326","34","146929275"
"chr5","146975268","146975581","KN295459v1","1480864","1481174","44","145494404"
"chr5","146980938","146981244","KN295637v1","795675","795978","32","146185263"
"chr5","146987657","146987848","KN294741v1","1596077","1596264","38","145391580"
"chr5","147000643","147000942","KN296305v1","827789","828091","38","146172854"
"chr5","147007411","147007704","KN294650v1","27151","27445","43","146980260"
"chr5","147014875","147015163","KN294874v1","309420","309712","39","146705455"
"chr5","147024246","147024560","KN295586v1","48393","48703","41","146975853"
"chr5","147053446","147053739","KN295735v1","822355","822644","31","146231091"
"chr5","147062331","147062624","KN294172v1","4008978","4009266","52","143053353"
"chr5","147086259","147086565","KN294407v1","2317315","2317623","38","144768944"
"chr5","147100373","147100684","KN295961v1","20434","20745","39","147079939"
"chr5","147113532","147113856","KN294728v1","748340","748672","45","146365192"
"chr5","147116885","147117176","KN294848v1","1418842","1419130","45","145698043"
"chr5","147131243","147131521","KN295366v1","326836","327114","37","146804407"
"chr5","147135820","147136123","KN297032v1","184087","184386","32","146951733"
"chr5","147148934","147149242","KN294630v1","230862","231169","43","146918072"
"chr5","147150344","147150654","KN295610v1","501770","502075","36","146648574"
"chr5","147153056","147153305","KN295708v1","1461702","1461958","56","145691354"
"chr5","147154381","147154674","KN295729v1","826689","826980","40","146327692"
"chr5","147160187","147160481","KN296108v1","681079","681372","46","146479108"
"chr5","147185339","147185649","KN295922v1","130002","130315","37","147055337"
"chr5","147189047","147189197","KN295090v1","1387837","1387969","41","145801210"
"chr5","147191544","147191822","KN296153v1","2393235","2393519","46","144798309"
"chr5","147216163","147216451","KN295241v1","9462","9752","39","147206701"
"chr5","147256884","147257180","KN294470v1","2540799","2541095","31","144716085"
"chr5","147260596","147260898","KN297158v1","517648","517947","54","146742948"
"chr5","147283414","147283719","KN294407v1","1766141","1766447","52","145517273"
"chr5","147296037","147296346","KN296588v1","289027","289334","36","147007010"
"chr5","147296352","147296677","KN296019v1","59951","60268","43","147236401"
"chr5","147296680","147296975","KN294571v1","457321","457617","32","146839359"
"chr5","147335575","147335878","KN296485v1","271099","271406","47","147064476"
"chr5","147335883","147336158","KN294581v1","422718","422995","66","146913165"
"chr5","147358734","147358995","KN294172v1","4940663","4940925","51","142418071"
"chr5","147371319","147371615","KN296311v1","854862","855163","39","146516457"
"chr5","147452656","147452899","KN296119v1","1837299","1837523","67","145615357"
"chr5","147482686","147482995","KN295671v1","201221","201525","46","147281465"
"chr5","147655958","147656246","KN294911v1","3438668","3438956","42","144217290"
"chr5","147662445","147662745","KN296635v1","3876048","3876352","34","143786397"
"chr5","147669516","147669803","KN296314v1","667959","668246","44","147001557"
"chr5","147729268","147729573","KN296484v1","163574","163880","38","147565694"
"chr5","147804005","147804310","KN296833v1","30824","31126","33","147773181"
"chr5","147884878","147885051","KN294911v1","3846799","3846969","27","144038079"
"chr5","147941053","147941352","KN295573v1","192599","192895","38","147748454"
"chr5","147942050","147942349","KN294526v1","584075","584376","44","147357975"
"chr5","147989072","147989384","KN295301v1","761923","762233","34","147227149"
"chr5","148092378","148092666","KN297023v1","480259","480560","44","147612119"
"chr5","148193319","148193634","KN295586v1","1244707","1245017","39","146948612"
"chr5","148273265","148273590","KN294806v1","260010","260325","48","148013255"
"chr5","148309012","148309302","KN294937v1","266","558","36","148308746"
"chr5","148338980","148339199","KN295406v1","275159","275372","45","148063821"
"chr5","148349064","148349361","KN294269v1","550588","550887","33","147798476"
"chr5","148358472","148358766","KN295731v1","46961","47258","29","148311511"
"chr5","148383168","148383451","KN294516v1","20451","20725","43","148362717"
"chr5","148397799","148398109","KN297442v1","1612430","1612738","40","146785369"
"chr5","148420301","148420589","KN295831v1","133866","134154","37","148286435"
"chr5","148482294","148482572","KN294991v1","1558026","1558298","39","146924268"
"chr5","148507581","148507888","KN296588v1","289027","289334","36","148218554"
"chr5","148654281","148654590","KN295477v1","23872","24183","43","148630409"
"chr5","148672958","148673230","KN295735v1","1437947","1438221","44","147235011"
"chr5","148779915","148780207","KN296108v1","873553","873854","33","147906362"
"chr5","148858084","148858350","KN294705v1","419097","419370","46","148438987"
"chr5","148956972","148957269","KN294879v1","76546","76849","35","148880426"
"chr5","149034482","149034786","KN296643v1","47618","47923","32","148986864"
"chr5","149039949","149040193","KN296000v1","1033139","1033400","36","148006810"
"chr5","149206923","149207166","KN295744v1","305279","305523","41","148901644"
"chr5","149266807","149266955","KN295236v1","2986258","2986408","23","146280549"
"chr5","149266956","149267257","KN297133v1","950328","950631","31","148316628"
"chr5","149311085","149311380","KN295114v1","157283","157573","37","149153802"
"chr5","149397363","149397674","KN296306v1","3686137","3686439","36","145711226"
"chr5","149646575","149646875","KN295430v1","2554896","2555197","39","147091679"
"chr5","149700138","149700443","KN294378v1","1174635","1174937","36","148525503"
"chr5","149769423","149769718","KN295967v1","606893","607186","46","149162530"
"chr5","149865477","149865740","KN295988v1","875799","876060","35","148989678"
"chr5","149955879","149955987","KN296495v1","654005","654098","43","149301874"
"chr5","150113623","150113927","KN297245v1","1416081","1416379","34","148697542"
"chr5","150151805","150152095","KN297026v1","1627177","1627468","33","148524628"
"chr5","150166252","150166550","KN295523v1","1146569","1146873","49","149019683"
"chr5","150173328","150173631","KN295480v1","1302107","1302401","36","148871221"
"chr5","150194545","150194838","KN294378v1","1310611","1310912","44","148883934"
"chr5","150235801","150236101","KN294842v1","1466394","1466697","48","148769407"
"chr5","150242017","150242321","KN296153v1","1336190","1336496","46","148905827"
"chr5","150242785","150243070","KN295729v1","826689","826980","38","149416096"
"chr5","150260884","150261182","KN296158v1","1175251","1175559","45","149085633"
"chr5","150270811","150271108","KN295236v1","4428540","4428837","30","145842271"
"chr5","150280876","150281184","KN296714v1","115572","115882","30","150165304"
"chr5","150299505","150299811","KN296847v1","511055","511365","38","149788450"
"chr5","150306811","150307111","KN296487v1","131647","131949","32","150175164"
"chr5","150313386","150313691","KN296378v1","666310","666607","57","149647076"
"chr5","150319858","150320145","KN295831v1","133866","134154","38","150185992"
"chr5","150321926","150322234","KN294407v1","281227","281531","42","150040699"
"chr5","150324328","150324636","KN295112v1","279609","279916","46","150044719"
"chr5","150327144","150327439","KN296063v1","1388665","1388960","38","148938479"
"chr5","150329627","150329934","KN294172v1","5828976","5829275","42","144500651"
"chr5","150337758","150338038","KN294410v1","227794","228082","46","150109964"
"chr5","150366154","150366448","KN297008v1","6862644","6862935","48","143503510"
"chr5","150367591","150367885","KN294444v1","166708","167002","39","150200883"
"chr5","150371681","150371976","KN296743v1","1826867","1827160","37","148544814"
"chr5","150375234","150375537","KN295722v1","630702","631007","38","149744532"
"chr5","150376123","150376400","KN296225v1","526436","526699","54","149849687"
"chr5","150381631","150381933","KN296430v1","1105044","1105344","32","149276587"
"chr5","150385942","150386241","KN295075v1","236772","237067","42","150149170"
"chr5","150402808","150403117","KN297276v1","143691","143993","45","150259117"
"chr5","150411101","150411385","KN295746v1","181005","181288","32","150230096"
"chr5","150424775","150425062","KN295090v1","1294441","1294725","38","149130334"
"chr5","150437990","150438301","KN294521v1","404396","404704","40","150033594"
"chr5","150442483","150442764","KN294790v1","4715265","4715553","37","145727218"
"chr5","150448174","150448469","KN295708v1","2784035","2784327","27","147664139"
"chr5","150450178","150450489","KN295922v1","130002","130315","34","150320176"
"chr5","150452146","150452460","KN294451v1","1139913","1140218","43","149312233"
"chr5","150485454","150485741","KN294790v1","3853980","3854267","39","146631474"
"chr5","150514850","150515154","KN296934v1","477615","477917","42","150037235"
"chr5","150539060","150539358","KN295893v1","5868753","5869051","39","144670307"
"chr5","150550122","150550424","KN297133v1","1416725","1417022","41","149133397"
"chr5","150563627","150563923","KN296743v1","376473","376771","36","150187154"
"chr5","150591005","150591308","KN295282v1","105605","105903","34","150485400"
"chr5","150592529","150592829","KN294790v1","163386","163690","32","150429143"
"chr5","150601889","150602170","KN295459v1","1101140","1101421","33","149500749"
"chr5","150603730","150604019","KN296743v1","2392400","2392688","33","148211330"
"chr5","150606172","150606464","KN294257v1","1922409","1922700","51","148683763"
"chr5","150618678","150618871","KN296426v1","64367","64561","25","150554311"
"chr5","150630904","150631211","KN295977v1","588884","589193","34","150042020"
"chr5","150680741","150681038","KN294790v1","5279993","5280291","31","145400748"
"chr5","150706832","150707135","KN296357v1","431311","431620","39","150275521"
"chr5","150730148","150730477","KN296290v1","1114336","1114666","48","149615812"
"chr5","150731914","150732189","KN295735v1","695987","696249","50","150035927"
"chr5","150733882","150734190","KN295074v1","343353","343661","38","150390529"
"chr5","150752087","150752383","KN294961v1","78899","79194","28","150673188"
"chr5","150759372","150759682","KN296287v1","68923","69230","36","150690449"
"chr5","150771851","150772144","KN294961v1","53315","53608","33","150718536"
"chr5","150845769","150846026","KN297153v1","21493","21753","29","150824276"
"chr5","150940861","150941163","KN297153v1","114442","114737","33","150826419"
"chr5","150949763","150950062","KN297153v1","123339","123638","33","150826424"
"chr5","150958294","150958591","KN297153v1","131932","132228","29","150826362"
"chr5","150960705","150960898","KN297153v1","134365","134560","22","150826340"
"chr5","150961885","150962015","KN297153v1","134846","134982","18","150827039"
"chr5","151058827","151059129","KN296933v1","33780","34078","31","151025047"
"chr5","151065853","151066125","KN297153v1","237724","237996","26","150828129"
"chr5","151085169","151085450","KN295573v1","502898","503186","34","150582271"
"chr5","151085497","151085775","KN297153v1","257193","257466","30","150828304"
"chr5","151096862","151097174","KN297153v1","268640","268950","30","150828222"
"chr5","151120133","151120444","KN294264v1","87223","87534","33","151032910"
"chr5","151126315","151126618","KN297153v1","300233","300536","24","150826082"
"chr5","151174448","151174763","KN296551v1","34304","34618","47","151140144"
"chr5","151178556","151178834","KN297153v1","351234","351537","46","150827322"
"chr5","151242281","151242586","KN296442v1","417977","418281","38","150824304"
"chr5","151250214","151250494","KN297153v1","423475","423770","32","150826739"
"chr5","151256209","151256507","KN294439v1","237310","237608","37","151018899"
"chr5","151267291","151267601","KN294957v1","62097","62408","40","151205194"
"chr5","151270762","151271060","KN295571v1","203398","203695","31","151067364"
"chr5","151282344","151282656","KN294407v1","2317315","2317623","45","148965029"
"chr5","151288317","151288619","KN297153v1","458407","458706","27","150829910"
"chr5","151295709","151296028","KN297105v1","1151702","1152014","46","150144007"
"chr5","151296989","151297280","KN295236v1","4141001","4141296","32","147155988"
"chr5","151315830","151316116","KN297153v1","485075","485367","27","150830755"
"chr5","151324877","151325130","KN294407v1","626672","626935","39","150698205"
"chr5","151327595","151327898","KN294558v1","533117","533418","44","150794478"
"chr5","151329958","151330255","KN294251v1","1932520","1932819","27","149397438"
"chr5","151345991","151346293","KN297153v1","517914","518216","29","150828077"
"chr5","151357840","151358133","KN297153v1","526972","527265","24","150830868"
"chr5","151377412","151377688","KN295835v1","59285","59564","53","151318127"
"chr5","151379081","151379256","KN294336v1","39333","39510","28","151339748"
"chr5","151381351","151381634","KN297153v1","550521","550809","33","150830830"
"chr5","151481365","151481665","KN297153v1","651889","652188","27","150829476"
"chr5","151484954","151485255","KN297153v1","655477","655785","38","150829477"
"chr5","151553185","151553480","KN297153v1","724161","724455","22","150829024"
"chr5","151585759","151586048","KN294172v1","5090236","5090525","33","146495523"
"chr5","151607072","151607360","KN297153v1","777922","778205","26","150829150"
"chr5","151645302","151645606","KN297153v1","807422","807732","32","150837880"
"chr5","151667065","151667366","KN296244v1","22101","22403","49","151644964"
"chr5","151668776","151669073","KN296109v1","911694","911979","47","150757082"
"chr5","151674938","151675110","KN296743v1","1950123","1950289","27","149724815"
"chr5","151867838","151868139","KN297153v1","974273","974575","21","150893565"
"chr5","151937348","151937646","KN296138v1","98488","98788","40","151838860"
"chr5","151979582","151979886","KN294592v1","366424","366728","38","151613158"
"chr5","152008379","152008684","KN297153v1","1112934","1113241","20","150895445"
"chr5","152026688","152026986","KN297153v1","1131945","1132242","28","150894743"
"chr5","152030228","152030528","KN296153v1","355717","356018","33","151674511"
"chr5","152057489","152057787","KN297023v1","480259","480560","37","151577230"
"chr5","152062549","152062813","KN297452v1","2486437","2486699","38","149576112"
"chr5","152108226","152108430","KN294613v1","200472","200677","45","151907754"
"chr5","152112918","152113217","KN297023v1","480259","480560","41","151632659"
"chr5","152113486","152113772","KN297153v1","1217159","1217437","43","150896327"
"chr5","152129540","152129838","KN297153v1","1233135","1233442","39","150896405"
"chr5","152148263","152148561","KN297153v1","1253412","1253708","26","150894851"
"chr5","152156892","152157167","KN297153v1","1262379","1262655","16","150894513"
"chr5","152159943","152160264","KN296406v1","250415","250727","37","151909528"
"chr5","152175034","152175334","KN294803v1","119274","119577","35","152055760"
"chr5","152183326","152183631","KN294809v1","1033430","1033730","35","151149896"
"chr5","152185151","152185459","KN297153v1","1288595","1288901","31","150896556"
"chr5","152238344","152238646","KN296926v1","1049515","1049816","42","151188829"
"chr5","152248920","152249223","KN296311v1","1191509","1191814","34","151057411"
"chr5","152279146","152279458","KN297153v1","1383953","1384256","39","150895193"
"chr5","152317355","152317650","KN294911v1","1933406","1933698","45","150383949"
"chr5","152368301","152368592","KN297046v1","2894900","2895195","40","149473401"
"chr5","152369042","152369334","KN295729v1","826689","826980","32","151542353"
"chr5","152422639","152422942","KN296138v1","98488","98788","38","152324151"
"chr5","152432261","152432559","KN297320v1","271981","272275","39","152160280"
"chr5","152484385","152484530","KN296161v1","469722","469869","27","152014663"
"chr5","152491851","152492139","KN294172v1","6899580","6899857","50","145592271"
"chr5","152515915","152516232","KN296484v1","351750","352061","47","152164165"
"chr5","152521743","152522055","KN295922v1","130002","130315","39","152391741"
"chr5","152566610","152566911","KN297023v1","480259","480560","34","152086351"
"chr5","152574093","152574404","KN294598v1","342532","342842","40","152231561"
"chr5","152578962","152579234","KN296292v1","58796","59062","44","152520166"
"chr5","152589587","152589882","KN294420v1","822079","822371","45","151767508"
"chr5","152592302","152592596","KN295692v1","1195541","1195822","49","151396761"
"chr5","152620781","152620996","KN295406v1","275159","275372","43","152345622"
"chr5","152629091","152629228","KN297008v1","5203223","5203363","20","147425868"
"chr5","152654286","152654587","KN294266v1","905320","905619","52","151748966"
"chr5","152669209","152669519","KN296502v1","1403084","1403395","43","151266125"
"chr5","152736587","152736819","KN294520v1","1950192","1950426","36","150786395"
"chr5","152737352","152737659","KN294421v1","274187","274491","43","152463165"
"chr5","152835046","152835356","KN294790v1","2655470","2655781","39","150179576"
"chr5","152859273","152859505","KN296513v1","1780539","1780776","29","151078734"
"chr5","152905277","152905568","KN294499v1","2005615","2005910","41","150899662"
"chr5","152909578","152909891","KN294181v1","1370167","1370478","39","151539411"
"chr5","152983653","152983945","KN296577v1","930993","931288","40","152052660"
"chr5","153172516","153172825","KN296484v1","351750","352061","33","152820766"
"chr5","153364658","153364964","KN294790v1","163386","163690","34","153201272"
"chr5","153374368","153374669","KN294446v1","240983","241287","32","153133385"
"chr5","153376379","153376684","KN296520v1","474691","474989","37","152901688"
"chr5","153414685","153414980","KN296145v1","3072127","3072422","39","150342558"
"chr5","153442585","153442895","KN296378v1","496638","496943","46","152945947"
"chr5","153534490","153534769","KN296406v1","158505","158783","37","153375985"
"chr5","153541539","153541820","KN295320v1","1610501","1610783","55","151931038"
"chr5","153727679","153727975","KN294603v1","111945","112247","46","153615734"
"chr5","153967172","153967471","KN295090v1","1353031","1353323","40","152614141"
"chr5","154038733","154039028","KN296486v1","1266538","1266834","49","152772195"
"chr5","154047285","154047609","KN294335v1","553358","553676","58","153493927"
"chr5","154061470","154061795","KN296929v1","19644","19960","59","154041826"
"chr5","154077356","154077666","KN296484v1","351750","352061","34","153725606"
"chr5","154101184","154101493","KN295961v1","20434","20745","36","154080750"
"chr5","154294256","154294558","KN294879v1","76546","76849","48","154217710"
"chr5","154296833","154297121","KN295571v1","360092","360383","50","153936741"
"chr5","154392472","154392767","KN294187v1","1992587","1992884","35","152399885"
"chr5","154423747","154424055","KN294458v1","307599","307910","36","154116148"
"chr5","154543283","154543611","KN296486v1","67047","67367","47","154476236"
"chr5","154748665","154748971","KN296062v1","1257821","1258128","35","153490844"
"chr5","154785127","154785418","KN296138v1","525278","525569","49","154259849"
"chr5","154814264","154814566","KN296495v1","1038011","1038312","34","153776253"
"chr5","154911094","154911382","KN295022v1","188923","189214","19","154722171"
"chr5","154914860","154915165","KN295022v1","192645","192933","38","154722215"
"chr5","154921822","154922114","KN296702v1","1007161","1007454","32","153914661"
"chr5","154937354","154937531","KN294336v1","39333","39510","32","154898021"
"chr5","154950654","154950958","KN295962v1","2077688","2077974","60","152872966"
"chr5","154993543","154993856","KN295022v1","273396","273709","36","154720147"
"chr5","154995746","154996035","KN295022v1","275634","275926","34","154720112"
"chr5","155157110","155157345","KN296079v1","2860738","2860978","44","152296372"
"chr5","155234719","155235017","KN295022v1","513245","513547","45","154721474"
"chr5","155243737","155244028","KN296880v1","290573","290861","33","154953164"
"chr5","155272549","155272850","KN296306v1","3804505","3804803","36","151468044"
"chr5","155279911","155280218","KN295022v1","560670","560978","21","154719241"
"chr5","155287141","155287441","KN296926v1","1143380","1143688","41","154143761"
"chr5","155302093","155302388","KN295022v1","583410","583707","37","154718683"
"chr5","155339265","155339565","KN295022v1","618204","618506","38","154721061"
"chr5","155378561","155378860","KN297023v1","480259","480560","28","154898302"
"chr5","155383119","155383455","KN295022v1","658500","658810","44","154724619"
"chr5","155384577","155384888","KN295439v1","102691","103000","43","155281886"
"chr5","155409596","155409899","KN295022v1","686960","687249","30","154722636"
"chr5","155416829","155417076","KN295441v1","1457453","1457675","50","153959376"
"chr5","155428448","155428775","KN295022v1","705765","706076","49","154722683"
"chr5","155434961","155435264","KN295022v1","712867","713163","39","154722094"
"chr5","155449381","155449690","KN294949v1","422173","422484","41","155027208"
"chr5","155453305","155453587","KN297233v1","1175420","1175710","37","154277885"
"chr5","155497458","155497755","KN297304v1","54786","55087","32","155442672"
"chr5","155504332","155504636","KN295022v1","772334","772634","26","154731998"
"chr5","155505030","155505338","KN295022v1","772908","773216","39","154732122"
"chr5","155506498","155506810","KN295022v1","774378","774690","30","154732120"
"chr5","155510823","155511148","KN294932v1","170897","171223","51","155339926"
"chr5","155516719","155517014","KN296063v1","1388665","1388960","39","154128054"
"chr5","155538975","155539267","KN295022v1","808176","808483","35","154730799"
"chr5","155554514","155554811","KN295022v1","821775","822080","26","154732739"
"chr5","155556473","155556754","KN295022v1","824503","824786","19","154731970"
"chr5","155565357","155565650","KN294457v1","990718","991014","36","154574639"
"chr5","155566587","155566885","KN295022v1","834723","835021","26","154731864"
"chr5","155576325","155576631","KN295022v1","844960","845263","38","154731365"
"chr5","155584024","155584335","KN295022v1","853386","853688","35","154730638"
"chr5","155594749","155595051","KN296311v1","6057843","6058145","41","149536906"
"chr5","155603421","155603707","KN295022v1","871279","871574","28","154732142"
"chr5","155631127","155631439","KN295022v1","896713","897011","42","154734414"
"chr5","155643475","155643775","KN295022v1","908464","908769","29","154735011"
"chr5","155645490","155645761","KN296806v1","64610","64882","38","155580880"
"chr5","155681576","155681883","KN296349v1","45344","45654","34","155636232"
"chr5","155691178","155691484","KN295022v1","954816","955112","41","154736362"
"chr5","155691935","155692265","KN294470v1","1367271","1367600","61","154324664"
"chr5","155697169","155697473","KN295022v1","959877","960180","24","154737292"
"chr5","155700354","155700651","KN295022v1","962576","962870","26","154737778"
"chr5","155705413","155705716","KN295022v1","967812","968117","26","154737601"
"chr5","155709187","155709496","KN295022v1","971919","972234","63","154737268"
"chr5","155710707","155711009","KN295022v1","973431","973734","29","154737276"
"chr5","155723360","155723666","KN295022v1","986079","986381","37","154737281"
"chr5","155728072","155728368","KN296547v1","396597","396892","30","155331475"
"chr5","155729537","155729853","KN294407v1","2157068","2157379","36","153572469"
"chr5","155810474","155810701","KN295022v1","1071525","1071752","27","154738949"
"chr5","155824348","155824641","KN295022v1","1086273","1086572","32","154738075"
"chr5","155836080","155836371","KN295022v1","1097873","1098166","22","154738207"
"chr5","155853330","155853609","KN296406v1","158505","158783","32","155694825"
"chr5","155853931","155854235","KN296485v1","241889","242192","39","155612042"
"chr5","155859916","155860223","KN295459v1","673095","673397","36","155186821"
"chr5","155890304","155890609","KN295022v1","1147059","1147365","25","154743245"
"chr5","155891666","155891981","KN296635v1","2387021","2387331","45","153504645"
"chr5","155913636","155913938","KN295022v1","1176305","1176609","27","154737331"
"chr5","155961388","155961687","KN295022v1","1220718","1221026","34","154740670"
"chr5","155965078","155965341","KN295022v1","1224445","1224706","22","154740633"
"chr5","156009839","156010148","KN296731v1","1167793","1168104","38","154842046"
"chr5","156218959","156219268","KN295257v1","4702","5013","40","156214257"
"chr5","156259415","156259729","KN294453v1","23988","24299","43","156235427"
"chr5","156435629","156435967","KN296035v1","538928","539258","56","155896701"
"chr5","156569313","156569622","KN294456v1","592934","593237","44","155976379"
"chr5","156641156","156641466","KN295241v1","325917","326226","41","156315239"
"chr5","156684830","156685116","KN296508v1","1887999","1888284","35","154796831"
"chr5","156694026","156694324","KN297044v1","561559","561858","28","156132467"
"chr5","156696156","156696463","KN294407v1","2317315","2317623","40","154378841"
"chr5","156785005","156785313","KN296643v1","47618","47923","44","156737387"
"chr5","156806565","156806863","KN295361v1","824524","824814","45","155982041"
"chr5","156833371","156833646","KN296404v1","3824512","3824802","44","153008859"
"chr5","156989283","156989567","KN295459v1","1101140","1101421","38","155888143"
"chr5","157042722","157043021","KN295091v1","2692987","2693285","42","154349735"
"chr5","157079989","157080299","KN296922v1","556312","556617","42","156523677"
"chr5","157103655","157103955","KN295091v1","2692987","2693285","32","154410668"
"chr5","157207628","157207920","KN296096v1","838711","839001","33","156368917"
"chr5","157378205","157378497","KN296205v1","647390","647681","42","156730815"
"chr5","157496461","157496754","KN294470v1","2136945","2137241","37","155359516"
"chr5","157556737","157557039","KN295708v1","2570337","2570640","36","154986400"
"chr5","157609913","157610213","KN294964v1","1171001","1171302","34","156438912"
"chr5","157619234","157619535","KN296732v1","3297760","3298052","39","154321474"
"chr5","157660197","157660472","KN296775v1","509887","510167","42","157150310"
"chr5","157710333","157710620","KN294303v1","100118","100410","39","157610215"
"chr5","157753985","157754296","KN296303v1","514845","515157","37","157239140"
"chr5","157765152","157765462","KN297159v1","2899658","2899964","40","154865494"
"chr5","157779274","157779571","KN296810v1","82391","82687","32","157696883"
"chr5","157780475","157780788","KN295090v1","2486557","2486869","38","155293918"
"chr5","157789055","157789365","KN294470v1","2388260","2388567","47","155400795"
"chr5","157806546","157806851","KN295526v1","172764","173068","37","157633782"
"chr5","157823748","157824035","KN294407v1","598111","598399","42","157225637"
"chr5","157831172","157831482","KN296635v1","2387021","2387331","34","155444151"
"chr5","157831930","157832247","KN296635v1","2387021","2387331","52","155444909"
"chr5","157833674","157833965","KN297197v1","197080","197368","36","157636594"
"chr5","157843432","157843720","KN294671v1","415020","415308","40","157428412"
"chr5","157876039","157876323","KN297160v1","4592","4879","43","157871447"
"chr5","157885183","157885485","KN297047v1","1316088","1316386","47","156569095"
"chr5","157889557","157889870","KN297133v1","605665","605974","38","157283892"
"chr5","157912414","157912682","KN295260v1","1627450","1627717","37","156284964"
"chr5","157937289","157937600","KN295526v1","1092074","1092378","33","156845215"
"chr5","157949775","157950059","KN295526v1","1079710","1079997","24","156870065"
"chr5","157992413","157992711","KN295526v1","1041141","1041445","32","156951272"
"chr5","157999389","157999687","KN295666v1","163031","163330","38","157836358"
"chr5","158026222","158026506","KN295526v1","1004323","1004600","32","157021899"
"chr5","158083951","158084250","KN297154v1","1039874","1040175","39","157044077"
"chr5","158100828","158101117","KN295869v1","1094726","1095011","37","157006102"
"chr5","158112425","158112724","KN294911v1","2842843","2843153","45","155269582"
"chr5","158170898","158171181","KN295526v1","859130","859410","33","157311768"
"chr5","158205587","158205879","KN295526v1","825866","826163","29","157379721"
"chr5","158238734","158239036","KN295526v1","795319","795630","29","157443415"
"chr5","158262135","158262276","KN297050v1","132814","132953","14","158129321"
"chr5","158262571","158262745","KN296244v1","728807","728972","30","157533764"
"chr5","158265855","158266159","KN295526v1","764551","764853","28","157501304"
"chr5","158295254","158295554","KN296153v1","3041230","3041525","42","155254024"
"chr5","158334418","158334698","KN295526v1","696406","696684","40","157638012"
"chr5","158353408","158353596","KN296036v1","766932","767116","31","157586476"
"chr5","158360926","158361232","KN295922v1","130002","130315","35","158230924"
"chr5","158373128","158373427","KN297038v1","307332","307630","33","158065796"
"chr5","158400693","158400989","KN294991v1","1444231","1444521","37","156956462"
"chr5","158412362","158412659","KN295729v1","1034423","1034726","54","157377939"
"chr5","158443255","158443544","KN294187v1","1109661","1109959","40","157333594"
"chr5","158486830","158487131","KN295526v1","547847","548135","39","157938983"
"chr5","158495443","158495654","KN295893v1","131005","131226","41","158364438"
"chr5","158507234","158507532","KN296495v1","846641","846944","34","157660593"
"chr5","158513742","158514047","KN296635v1","3876048","3876352","34","154637694"
"chr5","158545833","158546121","KN295526v1","462663","462958","34","158083170"
"chr5","158551430","158551740","KN294429v1","165602","165913","48","158385828"
"chr5","158558341","158558618","KN295907v1","1743146","1743420","41","156815195"
"chr5","158561126","158561376","KN295405v1","757351","757593","51","157803775"
"chr5","158579070","158579370","KN294421v1","1642258","1642561","47","156936812"
"chr5","158587645","158587935","KN295526v1","431317","431617","32","158156328"
"chr5","158607834","158608130","KN295526v1","408561","408856","27","158199273"
"chr5","158641333","158641630","KN296371v1","42169","42466","42","158599164"
"chr5","158685745","158685948","KN296426v1","64367","64561","39","158621378"
"chr5","158686093","158686387","KN296153v1","3041230","3041525","35","155644863"
"chr5","158722475","158722776","KN295526v1","292220","292522","25","158430255"
"chr5","158733073","158733374","KN296153v1","2672649","2672955","50","156060424"
"chr5","158733967","158734249","KN295526v1","282024","282312","41","158451943"
"chr5","158734529","158734815","KN294224v1","1080394","1080681","39","157654135"
"chr5","158755036","158755329","KN295666v1","1009745","1010038","35","157745291"
"chr5","158755999","158756285","KN295526v1","260232","260527","33","158495767"
"chr5","158763480","158763790","KN295375v1","1113306","1113616","54","157650174"
"chr5","158782703","158783005","KN295526v1","246205","246517","34","158536498"
"chr5","158785130","158785451","KN295526v1","243770","244072","40","158541360"
"chr5","158793476","158793770","KN295526v1","234174","234459","27","158559302"
"chr5","158809108","158809419","KN294378v1","1504358","1504668","39","157304750"
"chr5","158819343","158819519","KN294548v1","1253956","1254133","28","157565387"
"chr5","158819972","158820106","KN294571v1","156050","156184","16","158663922"
"chr5","158829051","158829348","KN295526v1","196946","197247","31","158632105"
"chr5","158838759","158839049","KN296964v1","1801449","1801744","49","157037310"
"chr5","158842143","158842352","KN295846v1","295072","295286","45","158547071"
"chr5","158842785","158843096","KN295748v1","161587","161896","27","158681198"
"chr5","158851071","158851369","KN295526v1","174195","174496","30","158676876"
"chr5","158852481","158852788","KN295526v1","172764","173068","25","158679717"
"chr5","158852965","158853274","KN294957v1","62097","62408","44","158790868"
"chr5","158858758","158859066","KN295526v1","164303","164609","21","158694455"
"chr5","158887057","158887347","KN295526v1","137072","137362","30","158749985"
"chr5","158889229","158889535","KN296167v1","450049","450355","38","158439180"
"chr5","158890273","158890575","KN295962v1","1884512","1884811","30","157005761"
"chr5","158900260","158900552","KN296253v1","1545214","1545503","45","157355046"
"chr5","158914817","158914987","KN297327v1","314594","314763","22","158600223"
"chr5","158937946","158938257","KN294181v1","1384136","1384459","58","157553810"
"chr5","158944139","158944440","KN295526v1","93421","93715","32","158850718"
"chr5","158987495","158987782","KN295729v1","826689","826980","29","158160806"
"chr5","159007677","159007976","KN295526v1","28476","28768","23","158979201"
"chr5","159027407","159027712","KN296406v1","250415","250727","40","158776992"
"chr5","159079391","159079679","KN296980v1","46784","47070","24","159032607"
"chr5","159123356","159123664","KN297245v1","1416081","1416379","37","157707275"
"chr5","159169487","159169789","KN295814v1","1261993","1262292","39","157907494"
"chr5","159235576","159235824","KN294404v1","299325","299579","36","158936251"
"chr5","159286747","159287020","KN296980v1","253428","253704","28","159033319"
"chr5","159379191","159379507","KN296980v1","334312","334621","35","159044879"
"chr5","159381642","159381937","KN294842v1","192762","193057","35","159188880"
"chr5","159452665","159452986","KN296980v1","406853","407151","36","159045812"
"chr5","159758361","159758643","KN294193v1","400597","400883","46","159357764"
"chr5","159909793","159910098","KN296980v1","888037","888340","23","159021756"
"chr5","160026181","160026466","KN295962v1","1184367","1184651","44","158841814"
"chr5","160042448","160042738","KN295923v1","880754","881043","30","159161694"
"chr5","160043064","160043380","KN296402v1","647176","647486","44","159395888"
"chr5","160099027","160099201","KN294957v1","73265","73439","30","160025762"
"chr5","160121438","160121732","KN296980v1","1106186","1106489","32","159015252"
"chr5","160125618","160125925","KN296980v1","1110391","1110697","33","159015227"
"chr5","160129643","160129944","KN296980v1","1114444","1114739","29","159015199"
"chr5","160170163","160170340","KN294957v1","73265","73439","27","160096898"
"chr5","160309384","160309686","KN294251v1","1707208","1707507","37","158602176"
"chr5","160364755","160365066","KN296873v1","152284","152597","25","160212471"
"chr5","160500584","160500886","KN296873v1","21310","21624","36","160479274"
"chr5","160568408","160568716","KN295929v1","457065","457374","39","160111343"
"chr5","160609950","160610296","KN296507v1","82168","82506","41","160527782"
"chr5","160629154","160629454","KN296507v1","100834","101142","32","160528320"
"chr5","160663244","160663540","KN294917v1","405138","405434","41","160258106"
"chr5","160685441","160685714","KN295936v1","537600","537874","38","160147841"
"chr5","160774582","160774887","KN294592v1","1321409","1321720","40","159453173"
"chr5","160791219","160791532","KN295236v1","844452","844758","46","159946767"
"chr5","160837973","160838259","KN294193v1","568677","568960","36","160269296"
"chr5","160845884","160846182","KN296507v1","323138","323456","41","160522746"
"chr5","160858373","160858679","KN296507v1","335397","335708","30","160522976"
"chr5","160901632","160901939","KN296507v1","380067","380370","33","160521565"
"chr5","160905562","160905864","KN296507v1","384148","384451","22","160521414"
"chr5","160908315","160908607","KN296507v1","386868","387158","32","160521447"
"chr5","160909071","160909365","KN296507v1","387633","387928","35","160521438"
"chr5","160932362","160932634","KN296507v1","411949","412218","31","160520413"
"chr5","160932811","160932861","KN296743v1","1948518","1948571","13","158984293"
"chr5","160937471","160937779","KN296507v1","416678","416989","22","160520793"
"chr5","160954334","160954631","KN296507v1","433107","433399","40","160521227"
"chr5","160980668","160980951","KN296507v1","460277","460565","34","160520391"
"chr5","160997381","160997580","KN296495v1","510488","510677","33","160486893"
"chr5","160997615","160997656","KN296096v1","2690101","2690141","8","158307514"
"chr5","160998184","160998485","KN294879v1","76546","76849","39","160921638"
"chr5","161014532","161014821","KN294326v1","309006","309309","41","160705526"
"chr5","161016925","161017234","KN296829v1","581505","581808","35","160435420"
"chr5","161027820","161028124","KN296507v1","514654","514954","33","160513166"
"chr5","161037230","161037529","KN296507v1","520996","521293","14","160516234"
"chr5","161037561","161037865","KN296138v1","98488","98788","37","160939073"
"chr5","161038253","161038564","KN295102v1","81555","81863","35","160956698"
"chr5","161043677","161043893","KN295977v1","1276894","1277103","47","159766783"
"chr5","161049000","161049301","KN294917v1","405138","405434","35","160643862"
"chr5","161049359","161049653","KN296507v1","530763","531061","34","160518596"
"chr5","161049819","161050125","KN296541v1","177294","177595","37","160872525"
"chr5","161052601","161052907","KN294439v1","59249","59564","34","160993352"
"chr5","161059275","161059574","KN296507v1","539383","539690","25","160519892"
"chr5","161071742","161072056","KN296507v1","551667","551980","29","160520075"
"chr5","161074251","161074538","KN295480v1","1302107","1302401","34","159772144"
"chr5","161075261","161075551","KN294181v1","145618","145914","40","160929643"
"chr5","161081609","161081919","KN296507v1","559252","559564","23","160522357"
"chr5","161083975","161084274","KN296484v1","351750","352061","44","160732225"
"chr5","161095443","161095727","KN294571v1","671930","672216","35","160423513"
"chr5","161096681","161096987","KN296507v1","573042","573342","20","160523639"
"chr5","161107881","161108182","KN296507v1","582388","582694","26","160525493"
"chr5","161131402","161131609","KN295564v1","135143","135357","31","160996259"
"chr5","161133719","161134017","KN296507v1","609192","609481","39","160524527"
"chr5","161135243","161135553","KN296138v1","98488","98788","34","161036755"
"chr5","161138766","161139059","KN296507v1","614473","614768","25","160524293"
"chr5","161140137","161140420","KN294499v1","1180158","1180439","48","159959979"
"chr5","161144266","161144547","KN296508v1","2153339","2153621","50","158990927"
"chr5","161148872","161149167","KN296609v1","1101899","1102195","36","160046973"
"chr5","161183307","161183601","KN295907v1","2384098","2384392","37","158799209"
"chr5","161186796","161187100","KN296507v1","661623","661931","25","160525173"
"chr5","161203359","161203670","KN294199v1","68751","69060","40","161134608"
"chr5","161254072","161254372","KN296507v1","727068","727371","22","160527004"
"chr5","161256683","161256976","KN296507v1","729656","729963","34","160527027"
"chr5","161257963","161258272","KN297190v1","4007204","4007504","46","157250759"
"chr5","161259138","161259438","KN296507v1","732432","732729","37","160526706"
"chr5","161261102","161261398","KN294539v1","1287945","1288241","44","159973157"
"chr5","161306859","161307167","KN294443v1","441739","442042","40","160865120"
"chr5","161328095","161328363","KN297444v1","222642","222927","47","161105453"
"chr5","161332727","161333025","KN296507v1","802400","802698","44","160530327"
"chr5","161363018","161363328","KN296507v1","839977","840288","34","160523041"
"chr5","161374858","161375118","KN295601v1","886709","886972","38","160488149"
"chr5","161378666","161378977","KN295319v1","42222","42534","33","161336444"
"chr5","161382337","161382627","KN296507v1","859277","859572","27","160523060"
"chr5","161397304","161397600","KN296507v1","872794","873085","25","160524510"
"chr5","161406848","161407136","KN296507v1","882069","882350","26","160524779"
"chr5","161408638","161408939","KN294790v1","163386","163690","34","161245252"
"chr5","161447977","161448271","KN295692v1","1389864","1390157","27","160058113"
"chr5","161596500","161596789","KN296311v1","3811104","3811394","50","157785396"
"chr5","161598866","161599169","KN294644v1","168562","168865","26","161430304"
"chr5","161622976","161623270","KN294644v1","192988","193289","28","161429988"
"chr5","161633801","161634112","KN294644v1","204131","204439","32","161429670"
"chr5","161667946","161668256","KN294644v1","239110","239410","33","161428836"
"chr5","161839065","161839362","KN296557v1","13515","13811","27","161825550"
"chr5","161910038","161910337","KN294644v1","482867","483166","23","161427171"
"chr5","161945770","161946083","KN294644v1","521055","521358","25","161424715"
"chr5","162035065","162035358","KN294644v1","607513","607804","30","161427552"
"chr5","162035615","162035900","KN295729v1","826689","826980","41","161208926"
"chr5","162046823","162047124","KN295735v1","994649","994952","38","161052174"
"chr5","162049174","162049471","KN294644v1","627982","628290","34","161421192"
"chr5","162119204","162119507","KN294172v1","6171688","6171991","35","155947516"
"chr5","162135761","162136046","KN294644v1","709504","709785","26","161426257"
"chr5","162179309","162179608","KN294644v1","747379","747675","34","161431930"
"chr5","162247970","162248259","KN294644v1","814137","814422","27","161433833"
"chr5","162254423","162254716","KN294193v1","425211","425504","35","161829212"
"chr5","162297739","162298043","KN294644v1","864393","864706","41","161433346"
"chr5","162522370","162522672","KN294790v1","163386","163690","38","162358984"
"chr5","162554794","162555109","KN296495v1","2743766","2744077","46","159811028"
"chr5","162582269","162582543","KN294644v1","1142378","1142643","35","161439891"
"chr5","162650294","162650599","KN294193v1","425211","425504","58","162225083"
"chr5","162658826","162659123","KN294644v1","1237162","1237463","29","161421664"
"chr5","162669740","162670036","KN294644v1","1237162","1237463","30","161432578"
"chr5","162731784","162732143","KN297165v1","2928771","2929112","71","159803013"
"chr5","162859281","162859588","KN294644v1","1432741","1433040","31","161426540"
"chr5","162906292","162906569","KN295705v1","1094323","1094605","45","161811969"
"chr5","162997605","162997895","KN297452v1","1982310","1982603","43","161015295"
"chr5","163121195","163121499","KN296154v1","36277","36576","49","163084918"
"chr5","163282422","163282699","KN296154v1","209920","210216","37","163072502"
"chr5","163338420","163338722","KN295430v1","1217885","1218183","43","162120535"
"chr5","163344450","163344752","KN294644v1","168562","168865","40","163175888"
"chr5","163347858","163348166","KN296357v1","216217","216522","36","163131641"
"chr5","163387817","163388148","KN295352v1","318998","319315","45","163068819"
"chr5","163388660","163388956","KN294539v1","1287945","1288241","48","162100715"
"chr5","163422333","163422623","KN296154v1","352680","352970","37","163069653"
"chr5","163443255","163443551","KN297245v1","1416081","1416379","36","162027174"
"chr5","163481685","163481990","KN296588v1","289027","289334","33","163192658"
"chr5","163507724","163508034","KN294540v1","619381","619684","46","162888343"
"chr5","163522281","163522590","KN295090v1","126321","126630","37","163395960"
"chr5","163645151","163645423","KN296154v1","547992","548262","22","163097159"
"chr5","163700466","163700798","KN296154v1","586933","587243","50","163113533"
"chr5","163764366","163764663","KN297008v1","1825305","1825608","44","161939061"
"chr5","163850833","163851072","KN294728v1","743296","743544","52","163107537"
"chr5","163868342","163868645","KN296154v1","740348","740645","42","163127994"
"chr5","164019072","164019370","KN295090v1","2638275","2638571","38","161380797"
"chr5","164060649","164060952","KN297023v1","480259","480560","34","163580390"
"chr5","164094981","164095313","KN296732v1","1959943","1960274","53","162135038"
"chr5","164193973","164194294","KN295996v1","318075","318386","44","163875898"
"chr5","164249315","164249606","KN296732v1","3681611","3681906","38","160567704"
"chr5","164258047","164258348","KN296154v1","1108734","1109037","23","163149313"
"chr5","164265860","164266172","KN296154v1","1116873","1117177","41","163148987"
"chr5","164320488","164320766","KN296154v1","1173649","1173932","28","163146839"
"chr5","164375345","164375647","KN296154v1","1223617","1223917","24","163151728"
"chr5","164431388","164431685","KN295343v1","729289","729587","34","163702099"
"chr5","164476882","164477177","KN296154v1","1319939","1320209","43","163156943"
"chr5","164497247","164497539","KN294444v1","166708","167002","32","164330539"
"chr5","164515296","164515584","KN296743v1","202352","202637","39","164312944"
"chr5","164521834","164522139","KN296154v1","1366903","1367207","27","163154931"
"chr5","164527776","164528078","KN295236v1","5356462","5356765","33","159171314"
"chr5","164541565","164541852","KN296502v1","1277202","1277498","46","163264363"
"chr5","164545449","164545664","KN296154v1","1391088","1391308","20","163154361"
"chr5","164559049","164559340","KN294630v1","447646","447940","39","164111403"
"chr5","164601233","164601526","KN296154v1","1441906","1442198","20","163159327"
"chr5","164667224","164667531","KN296781v1","107129","107429","41","164560095"
"chr5","164717550","164717843","KN295988v1","704187","704482","35","164013363"
"chr5","164717850","164718148","KN294470v1","2136945","2137241","38","162580905"
"chr5","164752410","164752694","KN296153v1","2393235","2393519","37","162359175"
"chr5","164836372","164836667","KN296153v1","1115266","1115561","32","163721106"
"chr5","164916012","164916313","KN295198v1","274974","275272","36","164641038"
"chr5","164981800","164982081","KN296154v1","1830112","1830394","23","163151688"
"chr5","165010383","165010687","KN295236v1","5130020","5130321","36","159880363"
"chr5","165074139","165074443","KN296726v1","1134319","1134621","33","163939820"
"chr5","165136695","165137004","KN294964v1","1593524","1593833","37","163543171"
"chr5","165230889","165231175","KN296154v1","2104931","2105230","35","163125958"
"chr5","165283856","165284141","KN296154v1","2166001","2166287","26","163117855"
"chr5","165324271","165324569","KN296154v1","2201934","2202236","32","163122337"
"chr5","165350046","165350350","KN296154v1","2226078","2226378","39","163123968"
"chr5","165415459","165415712","KN295572v1","150131","150384","43","165265328"
"chr5","165483921","165484214","KN296154v1","2352196","2352494","38","163131725"
"chr5","165508330","165508618","KN294647v1","185532","185822","31","165322798"
"chr5","165514764","165515075","KN296635v1","4969030","4969343","42","160545734"
"chr5","165575362","165575674","KN295735v1","1160753","1161064","40","164414609"
"chr5","165582300","165582606","KN296154v1","2441912","2442207","29","163140388"
"chr5","165620144","165620442","KN295633v1","25154","25450","44","165594990"
"chr5","165628568","165628839","KN295117v1","350609","350880","43","165277959"
"chr5","165664362","165664657","KN294210v1","1472464","1472760","48","164191898"
"chr5","165672047","165672349","KN294372v1","2629158","2629456","34","163042889"
"chr5","165725267","165725549","KN296154v1","2587717","2588017","40","163137550"
"chr5","165732255","165732550","KN294470v1","2136945","2137241","38","163595310"
"chr5","165743425","165743721","KN296154v1","2608666","2608964","28","163134759"
"chr5","165763545","165763848","KN295361v1","368724","369034","53","165394821"
"chr5","165768554","165768847","KN296154v1","2641324","2641613","35","163127230"
"chr5","165789786","165790068","KN296154v1","2662099","2662400","45","163127687"
"chr5","165801268","165801579","KN296345v1","121659","121957","51","165679609"
"chr5","165803567","165803886","KN295090v1","2719195","2719504","59","163084372"
"chr5","165817974","165818279","KN296503v1","58212","58521","35","165759762"
"chr5","165976018","165976326","KN295748v1","161587","161896","39","165814431"
"chr5","165982967","165983251","KN296154v1","2845958","2846238","30","163137009"
"chr5","165985601","165985903","KN296154v1","2848721","2849017","31","163136880"
"chr5","166004511","166004729","KN297008v1","3139544","3139758","25","162864967"
"chr5","166036043","166036334","KN294964v1","620845","621131","55","165415198"
"chr5","166077764","166078066","KN294181v1","1637460","1637759","34","164440304"
"chr5","166086449","166086729","KN295729v1","1450021","1450300","47","164636428"
"chr5","166123352","166123658","KN295301v1","716124","716425","47","165407228"
"chr5","166144000","166144299","KN295586v1","5220291","5220588","36","160923709"
"chr5","166146703","166147009","KN295922v1","130002","130315","52","166016701"
"chr5","166199408","166199693","KN295371v1","448057","448341","35","165751351"
"chr5","166309197","166309481","KN295114v1","45102","45395","41","166264095"
"chr5","166331569","166331883","KN294193v1","765791","766099","41","165565778"
"chr5","166374526","166374832","KN294364v1","38082","38387","33","166336444"
"chr5","166420739","166421050","KN296635v1","2387021","2387331","47","164033718"
"chr5","166483579","166483884","KN294991v1","523003","523313","36","165960576"
"chr5","166509735","166509931","KN296495v1","510488","510677","38","165999247"
"chr5","166582514","166582824","KN296643v1","852402","852709","38","165730112"
"chr5","166603228","166603537","KN296154v1","3462676","3462985","38","163140552"
"chr5","166659352","166659655","KN296154v1","3525283","3525573","31","163134069"
"chr5","166727092","166727394","KN296495v1","846641","846944","45","165880451"
"chr5","166728262","166728591","KN295735v1","713634","713968","44","166014628"
"chr5","166782131","166782429","KN296154v1","3646195","3646486","32","163135936"
"chr5","166783817","166784108","KN296154v1","3647838","3648139","32","163135979"
"chr5","166804625","166804871","KN297445v1","964072","964317","47","165840553"
"chr5","166805526","166805711","KN296426v1","64367","64561","43","166741159"
"chr5","166914053","166914334","KN296311v1","4040395","4040669","58","162873658"
"chr5","166949909","166950208","KN296154v1","3817108","3817400","36","163132801"
"chr5","167012597","167012906","KN296833v1","30824","31126","40","166981773"
"chr5","167019249","167019554","KN297008v1","2754056","2754362","40","164265193"
"chr5","167036786","167037086","KN296538v1","1421523","1421815","39","165615263"
"chr5","167096160","167096439","KN296743v1","202352","202637","40","166893808"
"chr5","167109546","167109859","KN295758v1","1193982","1194290","44","165915564"
"chr5","167147714","167148052","KN296062v1","2484249","2484587","47","164663465"
"chr5","167197028","167197328","KN295057v1","262113","262411","43","166934915"
"chr5","167209820","167210122","KN295735v1","1160753","1161064","47","166049067"
"chr5","167231376","167231680","KN296011v1","34273","34572","44","167197103"
"chr5","167288730","167288904","KN296732v1","3499833","3499999","26","163788897"
"chr5","167313128","167313438","KN296507v1","582388","582694","41","166730740"
"chr5","167380884","167381166","KN294407v1","3162557","3162840","40","164218327"
"chr5","167385762","167386081","KN296503v1","58212","58521","40","167327550"
"chr5","167395311","167395618","KN295835v1","181014","181322","41","167214297"
"chr5","167400081","167400380","KN294809v1","1033430","1033730","42","166366651"
"chr5","167430196","167430521","KN296035v1","538928","539258","58","166891268"
"chr5","167446120","167446422","KN295814v1","1261993","1262292","41","166184127"
"chr5","167446747","167447045","KN297320v1","271981","272275","40","167174766"
"chr5","167465863","167466165","KN294407v1","3027269","3027567","40","164438594"
"chr5","167508659","167508981","KN296934v1","764547","764871","46","166744112"
"chr5","167527704","167527997","KN294991v1","523632","523926","46","167004072"
"chr5","167533060","167533229","KN294613v1","71009","71176","25","167462051"
"chr5","167584153","167584485","KN295090v1","631852","632162","59","166952301"
"chr5","167613742","167614040","KN296743v1","323605","323904","39","167290137"
"chr5","167622607","167622913","KN295607v1","4377455","4377758","44","163245152"
"chr5","167665218","167665505","KN296767v1","259308","259597","40","167405910"
"chr5","167675680","167675978","KN296404v1","1301704","1302007","42","166373976"
"chr5","167715417","167715707","KN294172v1","5752952","5753241","46","161962465"
"chr5","167742565","167742868","KN294790v1","163386","163690","40","167579179"
"chr5","167809647","167809967","KN295869v1","1483001","1483321","39","166326646"
"chr5","167828450","167828749","KN294470v1","2136945","2137241","28","165691505"
"chr5","167859499","167859789","KN294181v1","1209683","1209978","44","166649816"
"chr5","167873650","167873957","KN294466v1","12634","12944","55","167861016"
"chr5","167879231","167879541","KN294685v1","814328","814640","43","167064903"
"chr5","167879552","167879850","KN295633v1","1064133","1064438","43","166815419"
"chr5","167895864","167896166","KN296311v1","3957005","3957309","35","163938859"
"chr5","167901932","167902233","KN295666v1","535897","536196","49","167366035"
"chr5","167915072","167915389","KN294439v1","59249","59564","44","167855823"
"chr5","167922398","167922705","KN296520v1","306139","306450","42","167616259"
"chr5","167930566","167930846","KN294193v1","568677","568960","37","167361889"
"chr5","167989580","167989831","KN294224v1","35405","35653","33","167954175"
"chr5","168014843","168015140","KN294458v1","1049177","1049481","50","166965666"
"chr5","168029453","168029755","KN296743v1","1714111","1714409","41","166315342"
"chr5","168076337","168076638","KN295998v1","154789","155089","54","167921548"
"chr5","168082389","168082700","KN295929v1","457065","457374","47","167625324"
"chr5","168116641","168116974","KN295717v1","1397887","1398198","63","166718754"
"chr5","168206889","168207177","KN295198v1","274974","275272","36","167931915"
"chr5","168218129","168218423","KN297197v1","699015","699311","35","167519114"
"chr5","168311762","168312055","KN294917v1","401690","401984","40","167910072"
"chr5","168353527","168353847","KN295893v1","2430995","2431307","37","165922532"
"chr5","168427713","168427997","KN294739v1","502771","503052","45","167924942"
"chr5","168434043","168434327","KN296395v1","146709","147001","48","168287334"
"chr5","168473504","168473805","KN294292v1","12015","12314","37","168461489"
"chr5","168513791","168514093","KN295441v1","405739","406027","45","168108052"
"chr5","168535838","168536136","KN294410v1","419478","419771","36","168116360"
"chr5","168599213","168599512","KN296424v1","16376","16679","42","168582837"
"chr5","168626999","168627305","KN297322v1","1224244","1224547","38","167402755"
"chr5","168647972","168648267","KN294987v1","1477069","1477366","36","167170903"
"chr5","168753671","168753993","KN297158v1","734613","734927","41","168019058"
"chr5","168762241","168762523","KN294457v1","827198","827482","31","167935043"
"chr5","168841839","168842130","KN296036v1","1526867","1527157","40","167314972"
"chr5","169007279","169007592","KN294957v1","62097","62408","37","168945182"
"chr5","169034422","169034711","KN297274v1","1863027","1863315","40","167171395"
"chr5","169115977","169116270","KN294526v1","334958","335253","32","168781019"
"chr5","169155131","169155450","KN294884v1","66822","67131","52","169088309"
"chr5","169158834","169159083","KN296153v1","3797521","3797770","41","165361313"
"chr5","169179627","169179962","KN294996v1","5806","6131","63","169173821"
"chr5","169202336","169202644","KN295962v1","2329043","2329352","34","166873293"
"chr5","169255818","169256128","KN295722v1","1373842","1374147","41","167881976"
"chr5","169258204","169258497","KN294457v1","990718","991014","35","168267486"
"chr5","169259480","169259668","KN297026v1","110289","110476","40","169149191"
"chr5","169268807","169269035","KN295405v1","757351","757593","48","168511456"
"chr5","169271951","169272247","KN296406v1","55784","56073","46","169216167"
"chr5","169275856","169276159","KN295073v1","1289046","1289348","39","167986810"
"chr5","169277223","169277495","KN296864v1","1076694","1076968","38","168200529"
"chr5","169278746","169279036","KN296138v1","554126","554418","34","168724620"
"chr5","169286661","169286971","KN294571v1","1575904","1576204","41","167710757"
"chr5","169290039","169290300","KN294893v1","189509","189766","46","169100530"
"chr5","169316792","169317102","KN294644v1","168562","168865","42","169148230"
"chr5","169318133","169318289","KN295667v1","1026814","1026972","25","168291319"
"chr5","169318388","169318694","KN296484v1","351750","352061","41","168966638"
"chr5","169324251","169324550","KN294325v1","1015803","1016101","39","168308448"
"chr5","169325147","169325448","KN294539v1","1287945","1288241","38","168037202"
"chr5","169334964","169335264","KN295708v1","2829202","2829506","36","166505762"
"chr5","169341438","169341744","KN294548v1","1161001","1161308","36","168180437"
"chr5","169357950","169358246","KN296750v1","659202","659498","34","168698748"
"chr5","169359411","169359722","KN295090v1","631852","632162","38","168727559"
"chr5","169368649","169368939","KN295096v1","2965990","2966278","37","166402659"
"chr5","169372192","169372477","KN297038v1","252214","252490","38","169119978"
"chr5","169375291","169375593","KN296877v1","351011","351311","41","169024280"
"chr5","169382337","169382645","KN296484v1","351750","352061","38","169030587"
"chr5","169389374","169389686","KN296311v1","3427286","3427594","35","165962088"
"chr5","169391603","169391903","KN295607v1","466299","466596","39","168925304"
"chr5","169403126","169403423","KN294571v1","1575904","1576204","35","167827222"
"chr5","169405824","169406124","KN295301v1","716124","716425","44","168689700"
"chr5","169431603","169431894","KN296732v1","3297760","3298052","36","166133843"
"chr5","169442264","169442552","KN296538v1","1540443","1540738","46","167901821"
"chr5","169451263","169451574","KN295586v1","811691","812002","41","168639572"
"chr5","169454129","169454430","KN294790v1","163386","163690","33","169290743"
"chr5","169460608","169460904","KN296557v1","13515","13811","35","169447093"
"chr5","169486430","169486724","KN296062v1","2267975","2268268","37","167218455"
"chr5","169530209","169530513","KN294456v1","1098138","1098439","40","168432071"
"chr5","169543261","169543525","KN297320v1","1855532","1855813","58","167687729"
"chr5","169545422","169545728","KN295198v1","274974","275272","41","169270448"
"chr5","169553905","169554171","KN294172v1","1540690","1540957","41","168013215"
"chr5","169576926","169577210","KN295415v1","436","718","38","169576490"
"chr5","169595652","169595870","KN295977v1","1276894","1277103","54","168318758"
"chr5","169614913","169615214","KN295607v1","4377455","4377758","35","165237458"
"chr5","169621471","169621649","KN295930v1","759567","759739","25","168861904"
"chr5","169636685","169636995","KN294429v1","49911","50221","40","169586774"
"chr5","169650668","169650881","KN297452v1","726033","726249","27","168924635"
"chr5","169676892","169677079","KN297184v1","1200676","1200870","39","168476216"
"chr5","169685563","169685868","KN295607v1","4377455","4377758","35","165308108"
"chr5","169702760","169703060","KN294539v1","1287945","1288241","31","168414815"
"chr5","169746742","169747043","KN295883v1","173429","173738","43","169573313"
"chr5","169757911","169758208","KN295596v1","141388","141684","41","169616523"
"chr5","169834349","169834648","KN294187v1","1109661","1109959","33","168724688"
"chr5","169843964","169844261","KN295107v1","300735","301027","31","169543229"
"chr5","169898560","169898852","KN297133v1","1411856","1412156","40","168486704"
"chr5","169962432","169962730","KN294210v1","1180112","1180411","36","168782320"
"chr5","170006126","170006419","KN296921v1","2918407","2918707","33","167087719"
"chr5","170032880","170033190","KN294603v1","63949","64255","37","169968931"
"chr5","170141719","170142011","KN295729v1","826689","826980","35","169315030"
"chr5","170147542","170147850","KN297451v1","62485","62782","40","170085057"
"chr5","170270809","170271124","KN294416v1","540317","540623","47","169730492"
"chr5","170324197","170324505","KN294462v1","663264","663573","35","169660933"
"chr5","170366279","170366576","KN294181v1","145618","145914","35","170220661"
"chr5","170367606","170367896","KN295633v1","1341340","1341633","45","169026266"
"chr5","170505173","170505477","KN297038v1","1496054","1496368","41","169009119"
"chr5","170589183","170589485","KN295343v1","729289","729587","38","169859894"
"chr5","170677539","170677853","KN296306v1","3682608","3682916","37","166994931"
"chr5","170686671","170686981","KN295477v1","23872","24183","36","170662799"
"chr5","170723442","170723752","KN294630v1","2203","2515","36","170721239"
"chr5","170762001","170762306","KN296040v1","575673","575981","39","170186328"
"chr5","170807942","170808289","KN294470v1","1728861","1729181","72","169079081"
"chr5","170863566","170863858","KN295832v1","963792","964070","36","169899774"
"chr5","170883341","170883645","KN295832v1","944280","944575","28","169939061"
"chr5","170913108","170913413","KN296484v1","351750","352061","37","170561358"
"chr5","170918006","170918168","KN296732v1","3499833","3499999","27","167418173"
"chr5","170927963","170928248","KN295832v1","898832","899116","30","170029131"
"chr5","170970314","170970619","KN296311v1","768493","768797","27","170201821"
"chr5","170977823","170978129","KN295832v1","849209","849515","31","170128614"
"chr5","171128206","171128504","KN296096v1","980883","981184","40","170147323"
"chr5","171159092","171159344","KN295832v1","671552","671799","23","170487540"
"chr5","171212225","171212512","KN297159v1","1746938","1747242","52","169465287"
"chr5","171287494","171287790","KN294470v1","2136945","2137241","35","169150549"
"chr5","171303934","171304250","KN294387v1","2762043","2762353","63","168541891"
"chr5","171343473","171343770","KN294470v1","2136945","2137241","38","169206528"
"chr5","171395127","171395429","KN295571v1","1155767","1156067","47","170239360"
"chr5","171436939","171437249","KN295832v1","393417","393727","21","171043522"
"chr5","171508023","171508328","KN295832v1","325185","325490","26","171182838"
"chr5","171531306","171531607","KN294539v1","1287945","1288241","34","170243361"
"chr5","171572482","171572810","KN295257v1","275513","275841","57","171296969"
"chr5","171574950","171575258","KN297274v1","902241","902551","45","170672709"
"chr5","171593556","171593858","KN296442v1","417977","418281","41","171175579"
"chr5","171600885","171601186","KN294879v1","76546","76849","34","171524339"
"chr5","171616210","171616495","KN295832v1","217196","217478","35","171399014"
"chr5","171622645","171622954","KN295832v1","212168","212477","25","171410477"
"chr5","171643978","171644287","KN294172v1","5026474","5026788","48","166617504"
"chr5","171758023","171758335","KN295832v1","73769","74073","41","171684254"
"chr5","171783657","171783748","KN294224v1","1216733","1216821","14","170566924"
"chr5","171784218","171784437","KN296529v1","93451","93672","32","171690767"
"chr5","171822819","171823128","KN295433v1","250702","251008","37","171572117"
"chr5","171831542","171831850","KN295832v1","7020","7320","44","171824522"
"chr5","171837116","171837424","KN294873v1","1602078","1602381","38","170235038"
"chr5","171846004","171846316","KN296731v1","1167793","1168104","39","170678211"
"chr5","171863079","171863370","KN295910v1","140053","140343","45","171723026"
"chr5","171880420","171880712","KN295350v1","962885","963179","32","170917535"
"chr5","171906027","171906324","KN297095v1","57865","58149","35","171848162"
"chr5","171971420","171971595","KN294957v1","73265","73439","32","171898155"
"chr5","172078104","172078404","KN296378v1","660680","660977","39","171417424"
"chr5","172090363","172090694","KN297095v1","231337","231662","27","171859026"
"chr5","172131176","172131481","KN294790v1","5187140","5187441","41","166944036"
"chr5","172160624","172160924","KN297095v1","306676","306972","26","171853948"
"chr5","172240638","172240936","KN297154v1","1039874","1040175","32","171200764"
"chr5","172241719","172242013","KN294446v1","359036","359333","34","171882683"
"chr5","172271237","172271547","KN297203v1","1243976","1244285","43","171027261"
"chr5","172271551","172271851","KN296649v1","502099","502397","28","171769452"
"chr5","172310054","172310351","KN294251v1","1707208","1707507","37","170602846"
"chr5","172331795","172332104","KN297095v1","475918","476228","31","171855877"
"chr5","172345619","172345916","KN294470v1","2136945","2137241","26","170208674"
"chr5","172356242","172356530","KN294239v1","344639","344929","37","172011603"
"chr5","172373279","172373579","KN297008v1","730603","730901","37","171642676"
"chr5","172377897","172378195","KN294911v1","628968","629266","38","171748929"
"chr5","172381573","172381902","KN295315v1","857241","857578","67","171524332"
"chr5","172385201","172385524","KN297431v1","923648","923972","71","171461553"
"chr5","172393282","172393586","KN297023v1","480259","480560","43","171913023"
"chr5","172395672","172395968","KN297095v1","535643","535938","20","171860029"
"chr5","172397132","172397449","KN297095v1","534377","534692","25","171862755"
"chr5","172398381","172398675","KN297095v1","535643","535938","33","171862738"
"chr5","172412194","172412478","KN297245v1","1416081","1416379","47","170996113"
"chr5","172413184","172413471","KN297095v1","554852","555141","37","171858332"
"chr5","172449102","172449418","KN295967v1","606413","606726","37","171842689"
"chr5","172479050","172479346","KN295573v1","192599","192895","40","172286451"
"chr5","172479703","172480044","KN295922v1","130002","130315","59","172349701"
"chr5","172483902","172484180","KN294458v1","176914","177205","49","172306988"
"chr5","172501977","172502279","KN295943v1","398250","398552","40","172103727"
"chr5","172508171","172508472","KN295573v1","316385","316688","41","172191786"
"chr5","172512003","172512328","KN295236v1","5356462","5356765","59","167155541"
"chr5","172512680","172512871","KN297050v1","108848","109038","27","172403832"
"chr5","172554568","172554873","KN297095v1","704093","704391","22","171850475"
"chr5","172561159","172561475","KN296588v1","289027","289334","42","172272132"
"chr5","172564420","172564728","KN297095v1","714440","714749","28","171849980"
"chr5","172569749","172570046","KN295343v1","729289","729587","36","171840460"
"chr5","172596140","172596463","KN297095v1","742669","742979","39","171853471"
"chr5","172617852","172618151","KN294470v1","764276","764573","33","171853576"
"chr5","172637573","172637841","KN297095v1","788005","788272","25","171849568"
"chr5","172655344","172655671","KN297095v1","804786","805130","45","171850558"
"chr5","172690733","172691043","KN297095v1","839444","839748","28","171851289"
"chr5","172749952","172750230","KN297095v1","897163","897444","25","171852789"
"chr5","172750754","172751049","KN297095v1","897935","898232","24","171852819"
"chr5","172778686","172779009","KN297095v1","924853","925177","21","171853833"
"chr5","172785746","172786041","KN297095v1","931909","932201","27","171853837"
"chr5","172796478","172796762","KN297095v1","942645","942933","37","171853833"
"chr5","172816959","172817263","KN297095v1","965185","965478","38","171851774"
"chr5","172848062","172848371","KN295995v1","655021","655332","44","172193041"
"chr5","172852297","172852532","KN297095v1","1000617","1000857","25","171851680"
"chr5","172888583","172888870","KN297095v1","1036434","1036717","25","171852149"
"chr5","172894615","172894927","KN297095v1","1045691","1046006","24","171848924"
"chr5","172895537","172895836","KN297095v1","1046604","1046901","23","171848933"
"chr5","172920502","172920797","KN295988v1","704187","704482","39","172216315"
"chr5","172943288","172943594","KN297095v1","1089993","1090301","30","171853295"
"chr5","172956018","172956317","KN294571v1","890748","891049","30","172065270"
"chr5","172962096","172962404","KN296486v1","82397","82708","35","172879699"
"chr5","172971342","172971638","KN297095v1","1116446","1116728","32","171854896"
"chr5","172982210","172982505","KN297095v1","1127320","1127613","24","171854890"
"chr5","172997122","172997428","KN297095v1","1142800","1143110","34","171854322"
"chr5","172998243","172998533","KN297095v1","1143908","1144201","27","171854335"
"chr5","173034796","173035069","KN295692v1","1651967","1652256","52","171382829"
"chr5","173050833","173051132","KN296743v1","323605","323904","34","172727228"
"chr5","173055487","173055766","KN297095v1","1183510","1183793","27","171871977"
"chr5","173062284","173062584","KN295841v1","494485","494787","38","172567799"
"chr5","173068346","173068451","KN294385v1","1550091","1550189","39","171518255"
"chr5","173081415","173081715","KN296498v1","95172","95471","29","172986243"
"chr5","173119219","173119525","KN294603v1","63949","64255","42","173055270"
"chr5","173135562","173135863","KN297095v1","1263323","1263625","27","171872239"
"chr5","173142027","173142329","KN297095v1","1271851","1272149","26","171870176"
"chr5","173142948","173143263","KN294536v1","268068","268359","59","172874880"
"chr5","173146967","173147269","KN294790v1","163386","163690","40","172983581"
"chr5","173153487","173153793","KN297159v1","381844","382147","31","172771643"
"chr5","173176079","173176345","KN297008v1","1219236","1219504","35","171956843"
"chr5","173179755","173180066","KN296036v1","2062557","2062868","44","171117198"
"chr5","173198411","173198703","KN295326v1","100464","100755","33","173097947"
"chr5","173199705","173199964","KN297095v1","1332577","1332835","22","171867128"
"chr5","173212861","173213155","KN297095v1","1356531","1356825","37","171856330"
"chr5","173231106","173231415","KN297095v1","1374989","1375296","26","171856117"
"chr5","173235575","173235887","KN297023v1","480259","480560","45","172755316"
"chr5","173244392","173244567","KN296538v1","164215","164386","36","173080177"
"chr5","173279462","173279753","KN295198v1","315599","315891","37","172963863"
"chr5","173299853","173300161","KN297095v1","1442953","1443253","32","171856900"
"chr5","173310560","173310862","KN297095v1","1453654","1453960","26","171856906"
"chr5","173331586","173331890","KN297322v1","1224244","1224547","28","172107342"
"chr5","173332505","173332802","KN297095v1","1476233","1476533","27","171856272"
"chr5","173333197","173333502","KN297323v1","749714","750019","46","172583483"
"chr5","173345640","173345935","KN295729v1","826689","826980","34","172518951"
"chr5","173352461","173352756","KN296406v1","327419","327719","32","173025042"
"chr5","173363283","173363584","KN294571v1","890748","891049","39","172472535"
"chr5","173364074","173364374","KN294539v1","1287945","1288241","34","172076129"
"chr5","173394805","173395115","KN297095v1","1540088","1540398","25","171854717"
"chr5","173395756","173396053","KN297095v1","1541349","1541637","28","171854407"
"chr5","173412216","173412547","KN296486v1","67047","67367","49","173345169"
"chr5","173450848","173451155","KN297095v1","1592592","1592911","26","171858256"
"chr5","173451873","173452189","KN297095v1","1593612","1593904","42","171858261"
"chr5","173478249","173478544","KN295708v1","2765379","2765688","43","170712870"
"chr5","173483971","173484267","KN294991v1","293673","293971","36","173190298"
"chr5","173488100","173488401","KN294501v1","19038","19338","36","173469062"
"chr5","173496740","173496977","KN295284v1","16952","17196","41","173479788"
"chr5","173497898","173498193","KN296635v1","2181073","2181379","37","171316825"
"chr5","173505714","173506011","KN295607v1","4406348","4406645","33","169099366"
"chr5","173516853","173517169","KN297095v1","1659878","1660209","38","171856975"
"chr5","173530347","173530649","KN297095v1","1674687","1674994","34","171855660"
"chr5","173555117","173555431","KN295523v1","2925262","2925570","41","170629855"
"chr5","173585093","173585446","KN296311v1","5462052","5462406","71","168123041"
"chr5","173627342","173627641","KN297095v1","1768967","1769279","39","171858375"
"chr5","173639927","173640236","KN295748v1","161587","161896","42","173478340"
"chr5","173643736","173644036","KN297154v1","1028437","1028736","37","172615299"
"chr5","173650838","173651118","KN296646v1","922061","922342","36","172728777"
"chr5","173657364","173657664","KN297095v1","1800217","1800516","24","171857147"
"chr5","173661492","173661790","KN297095v1","1804464","1804771","41","171857028"
"chr5","173665060","173665368","KN297095v1","1808051","1808345","37","171857009"
"chr5","173674890","173675183","KN294561v1","1084406","1084703","30","172590484"
"chr5","173686687","173686985","KN297095v1","1828502","1828813","40","171858185"
"chr5","173689529","173689831","KN294456v1","1098138","1098439","29","172591391"
"chr5","173700970","173701273","KN297095v1","1841987","1842290","31","171858983"
"chr5","173701998","173702281","KN297095v1","1842952","1843235","24","171859046"
"chr5","173725324","173725617","KN297095v1","1866778","1867060","37","171858546"
"chr5","173729403","173729722","KN297095v1","1870880","1871183","38","171858523"
"chr5","173762939","173763240","KN297095v1","1904178","1904470","26","171858761"
"chr5","173785695","173785999","KN297095v1","1925418","1925720","37","171860277"
"chr5","173786039","173786339","KN297095v1","1925770","1926069","25","171860269"
"chr5","173790305","173790607","KN296833v1","30824","31126","34","173759481"
"chr5","173806790","173807096","KN294387v1","2064434","2064739","39","171742356"
"chr5","173809782","173810083","KN297095v1","1949522","1949810","31","171860260"
"chr5","173810798","173811107","KN294873v1","878342","878649","35","172932456"
"chr5","173893645","173893954","KN296157v1","885718","886029","33","173007927"
"chr5","173909015","173909278","KN296146v1","313831","314086","43","173595184"
"chr5","173920445","173920738","KN297095v1","2068771","2069064","24","171851674"
"chr5","173925438","173925728","KN297095v1","2073322","2073623","32","171852116"
"chr5","173926524","173926834","KN297095v1","2074413","2074710","35","171852111"
"chr5","173942849","173943160","KN297095v1","2089710","2090021","37","171853139"
"chr5","173944043","173944348","KN297095v1","2090896","2091207","42","171853147"
"chr5","173954871","173955180","KN297095v1","2101695","2102005","21","171853176"
"chr5","173957511","173957763","KN294991v1","995507","995758","30","172962004"
"chr5","173961884","173962190","KN294603v1","63949","64255","28","173897935"
"chr5","173967139","173967425","KN294911v1","1933406","1933698","46","172033733"
"chr5","173967880","173968191","KN296635v1","2153242","2153553","42","171814638"
"chr5","173975075","173975384","KN297095v1","2122946","2123255","19","171852129"
"chr5","173982545","173982857","KN296731v1","1167793","1168104","36","172814752"
"chr5","174010887","174011200","KN297095v1","2155638","2155954","42","171855249"
"chr5","174017054","174017353","KN297095v1","2160620","2160917","29","171856434"
"chr5","174044017","174044338","KN297095v1","2187052","2187369","30","171856965"
"chr5","174096464","174096760","KN295729v1","1349755","1350051","39","172746709"
"chr5","174109195","174109494","KN297095v1","2249541","2249839","32","171859654"
"chr5","174119387","174119655","KN295257v1","48334","48606","45","174071053"
"chr5","174129839","174130132","KN297095v1","2273621","2273918","26","171856218"
"chr5","174133051","174133352","KN297095v1","2276766","2277068","34","171856285"
"chr5","174154008","174154311","KN296833v1","30824","31126","40","174123184"
"chr5","174157585","174157889","KN297095v1","2301382","2301679","23","171856203"
"chr5","174158403","174158663","KN294991v1","995507","995758","38","173162896"
"chr5","174187345","174187642","KN295962v1","1884512","1884811","40","172302833"
"chr5","174219045","174219351","KN296507v1","661623","661931","34","173557422"
"chr5","174230185","174230485","KN297095v1","2369159","2369453","28","171861026"
"chr5","174247039","174247321","KN294378v1","851045","851335","37","173395994"
"chr5","174300476","174300783","KN297046v1","2441561","2441865","34","171858915"
"chr5","174306546","174306848","KN296311v1","2283043","2283345","35","172023503"
"chr5","174330407","174330706","KN297095v1","2468897","2469199","28","171861510"
"chr5","174413907","174414206","KN297095v1","2548983","2549281","20","171864924"
"chr5","174512541","174512853","KN296643v1","47618","47923","40","174464923"
"chr5","174562393","174562693","KN296643v1","47618","47923","34","174514775"
"chr5","174579098","174579381","KN295260v1","1913083","1913369","30","172666015"
"chr5","174636559","174636853","KN297095v1","2765237","2765538","30","171871322"
"chr5","174683550","174683836","KN295096v1","2965990","2966278","39","171717560"
"chr5","174693351","174693651","KN295735v1","173165","173463","37","174520186"
"chr5","174890531","174890814","KN297095v1","3016823","3017097","40","171873708"
"chr5","174898308","174898606","KN297095v1","3024522","3024826","34","171873786"
"chr5","174905593","174905899","KN297095v1","3032184","3032494","30","171873409"
"chr5","174929783","174930086","KN296311v1","768493","768797","27","174161290"
"chr5","174945158","174945452","KN294181v1","145618","145914","39","174799540"
"chr5","174948624","174948920","KN297095v1","3075095","3075399","22","171873529"
"chr5","174962280","174962582","KN294218v1","2833833","2834132","32","172128447"
"chr5","174972429","174972765","KN296847v1","940151","940452","57","174032278"
"chr5","175015212","175015502","KN297095v1","3146391","3146687","24","171868821"
"chr5","175028082","175028396","KN297259v1","1684022","1684333","43","173344060"
"chr5","175077552","175077862","KN297133v1","1603609","1603918","36","173473943"
"chr5","175138162","175138461","KN294911v1","2698048","2698349","47","172440114"
"chr5","175139341","175139678","KN296833v1","30824","31126","57","175108517"
"chr5","175164153","175164446","KN294539v1","1287945","1288241","37","173876208"
"chr5","175230696","175231005","KN297095v1","3357319","3357630","35","171873377"
"chr5","175278709","175279019","KN297095v1","3413117","3413433","32","171865592"
"chr5","175293733","175293989","KN294991v1","995507","995758","32","174298226"
"chr5","175373507","175373812","KN296643v1","47618","47923","31","175325889"
"chr5","175416002","175416288","KN295633v1","1341340","1341633","43","174074662"
"chr5","175442329","175442484","KN294172v1","5951147","5951297","30","169491182"
"chr5","175449692","175450004","KN297095v1","3585647","3585953","42","171864045"
"chr5","175476121","175476437","KN297095v1","3611456","3611752","45","171864665"
"chr5","175504649","175504957","KN297095v1","3643303","3643612","26","171861346"
"chr5","175510872","175511167","KN297095v1","3649423","3649717","34","171861449"
"chr5","175520905","175521179","KN295922v1","98919","99195","35","175421986"
"chr5","175521916","175522231","KN296750v1","571903","572208","35","174950013"
"chr5","175554739","175555031","KN294571v1","1678829","1679123","36","173875910"
"chr5","175567053","175567355","KN295996v1","495798","496097","40","175071255"
"chr5","175596057","175596373","KN295362v1","1115763","1116072","39","174480294"
"chr5","175599151","175599453","KN297038v1","1285540","1285851","45","174313611"
"chr5","175623886","175624067","KN296308v1","1030166","1030340","26","174593720"
"chr5","175625873","175626182","KN297095v1","3759204","3759502","37","171866669"
"chr5","175630395","175630682","KN294991v1","1974815","1975107","44","173655580"
"chr5","175637669","175637968","KN294917v1","401690","401984","28","175235979"
"chr5","175658869","175659153","KN294271v1","412692","412969","39","175246177"
"chr5","175667566","175667865","KN297095v1","3798722","3799023","20","171868844"
"chr5","175684747","175685042","KN296557v1","13515","13811","35","175671232"
"chr5","175701347","175701658","KN297095v1","3834744","3835052","31","171866603"
"chr5","175716612","175716914","KN297095v1","3850672","3850978","23","171865940"
"chr5","175728578","175728868","KN296743v1","2255912","2256204","44","173472666"
"chr5","175737316","175737597","KN294539v1","1287945","1288241","46","174449371"
"chr5","175765940","175766239","KN297095v1","3896866","3897174","41","171869074"
"chr5","175813910","175814189","KN294809v1","476825","477100","39","175337085"
"chr5","175814936","175815236","KN297095v1","3943194","3943492","25","171871742"
"chr5","175815441","175815729","KN297095v1","3943683","3943987","37","171871758"
"chr5","175925346","175925423","KN296948v1","866449","866522","18","175058897"
"chr5","175925925","175926166","KN296921v1","438156","438387","36","175487769"
"chr5","175968366","175968675","KN296153v1","2365186","2365493","40","173603180"
"chr5","175969793","175970093","KN296322v1","2709076","2709373","31","173260717"
"chr5","176022710","176023010","KN297023v1","480259","480560","27","175542451"
"chr5","176074313","176074620","KN297304v1","54786","55087","30","176019527"
"chr5","176125544","176125842","KN295523v1","3030953","3031248","35","173094591"
"chr5","176135003","176135289","KN297190v1","726166","726449","39","175408837"
"chr5","176142918","176143226","KN297304v1","116707","117023","35","176026211"
"chr5","176248950","176249264","KN297304v1","217578","217893","26","176031372"
"chr5","176258805","176259098","KN297008v1","6400543","6400833","36","169858262"
"chr5","176327845","176328168","KN294192v1","519188","519502","42","175808657"
"chr5","176440410","176440723","KN297304v1","419545","419849","34","176020865"
"chr5","176500318","176500613","KN297304v1","474719","475013","44","176025599"
"chr5","176516302","176516596","KN296620v1","349918","350214","37","176166384"
"chr5","176568992","176569284","KN297028v1","505218","505510","39","176063774"
"chr5","176618421","176618718","KN294539v1","1287945","1288241","34","175330476"
"chr5","176639484","176639652","KN296424v1","448941","449106","27","176190543"
"chr5","176663938","176664232","KN294536v1","1634850","1635148","51","175029088"
"chr5","176668966","176669270","KN295441v1","93777","94077","38","176575189"
"chr5","176675050","176675337","KN294526v1","334958","335253","37","176340092"
"chr5","176678158","176678442","KN296743v1","202352","202637","31","176475806"
"chr5","176693472","176693773","KN294475v1","169623","169921","39","176523849"
"chr5","176712846","176713150","KN296311v1","854862","855163","34","175857984"
"chr5","176754755","176755060","KN297133v1","950328","950631","42","175804427"
"chr5","176800047","176800355","KN295236v1","4249040","4249346","40","172551007"
"chr5","176878086","176878394","KN295198v1","508434","508741","37","176369652"
"chr5","176888926","176889238","KN294598v1","342532","342842","44","176546394"
"chr5","177001433","177001707","KN295405v1","702859","703132","42","176298574"
"chr5","177009222","177009507","KN296486v1","1789008","1789293","37","175220214"
"chr5","177010785","177011081","KN294917v1","405138","405434","38","176605647"
"chr5","177022994","177023277","KN295930v1","518904","519188","41","176504090"
"chr5","177061834","177062126","KN294501v1","38531","38824","39","177023303"
"chr5","177066761","177067064","KN294739v1","1143797","1144099","41","175922964"
"chr5","177067680","177067979","KN295343v1","729289","729587","36","176338391"
"chr5","177085942","177086243","KN294193v1","425211","425504","37","176660731"
"chr5","177087790","177087924","KN295708v1","1589585","1589715","35","175498205"
"chr5","177088117","177088418","KN296495v1","3286172","3286471","33","173801945"
"chr5","177100475","177100696","KN295441v1","1457453","1457675","36","175643022"
"chr5","177115435","177115613","KN295820v1","817355","817531","38","176298080"
"chr5","177142733","177142911","KN295988v1","1508216","1508386","42","175634517"
"chr5","177158507","177158685","KN295988v1","1508216","1508386","41","175650291"
"chr5","177195932","177196130","KN296225v1","685783","685976","43","176510149"
"chr5","177275139","177275423","KN295907v1","794065","794348","35","176481074"
"chr5","177301845","177302133","KN294172v1","2063875","2064162","36","175237970"
"chr5","177322475","177322737","KN296311v1","1217958","1218221","41","176104517"
"chr5","177334641","177334926","KN295326v1","100464","100755","34","177234177"
"chr5","177355651","177355952","KN295090v1","1353031","1353323","39","176002620"
"chr5","177372627","177372925","KN296557v1","18517","18814","33","177354110"
"chr5","177391729","177391927","KN296426v1","64367","64561","33","177327362"
"chr5","177392012","177392202","KN295930v1","759567","759739","70","176632445"
"chr5","177392484","177392751","KN294172v1","1540690","1540957","35","175851794"
"chr5","177392823","177393123","KN297133v1","1352390","1352685","36","176040433"
"chr5","177395694","177395899","KN296426v1","64367","64561","40","177331327"
"chr5","177401580","177401879","KN294419v1","200675","200969","37","177200905"
"chr5","177407888","177408191","KN296883v1","878376","878679","35","176529512"
"chr5","177419110","177419398","KN296513v1","2367758","2368048","40","175051352"
"chr5","177421585","177421886","KN294571v1","1575904","1576204","32","175845681"
"chr5","177424064","177424333","KN294976v1","415425","415700","48","177008639"
"chr5","177428038","177428332","KN294193v1","425211","425504","41","177002827"
"chr5","177462485","177462790","KN297047v1","2893582","2893893","41","174568903"
"chr5","177463510","177463815","KN296829v1","581505","581808","29","176882005"
"chr5","177467782","177468069","KN295667v1","341240","341529","35","177126542"
"chr5","177490569","177490872","KN295294v1","164851","165153","38","177325718"
"chr5","177495663","177495955","KN294571v1","1678829","1679123","39","175816834"
"chr5","177503225","177503497","KN296864v1","2415861","2416134","39","175087364"
"chr5","177505764","177506047","KN294613v1","74049","74332","45","177431715"
"chr5","177516911","177517211","KN294187v1","158362","158655","37","177358549"
"chr5","177520310","177520541","KN295835v1","199186","199432","38","177321124"
"chr5","177527524","177527822","KN296096v1","3032967","3033265","41","174494557"
"chr5","177528639","177528925","KN295923v1","1076581","1076859","47","176452058"
"chr5","177547740","177548028","KN296547v1","1900356","1900651","45","175647384"
"chr5","177553774","177554075","KN294790v1","163386","163690","35","177390388"
"chr5","177567693","177567990","KN294444v1","166708","167002","38","177400985"
"chr5","177584887","177585162","KN295533v1","1228289","1228566","28","176356598"
"chr5","177586823","177587123","KN295871v1","79890","80195","32","177506933"
"chr5","177601898","177602106","KN295375v1","445479","445687","33","177156419"
"chr5","177634273","177634575","KN294218v1","2061001","2061302","33","175573272"
"chr5","177635397","177635695","KN295871v1","615076","615373","35","177020321"
"chr5","177644949","177645251","KN294874v1","1336918","1337220","40","176308031"
"chr5","177727447","177727773","KN294434v1","711034","711345","56","177016413"
"chr5","177736531","177736836","KN294761v1","1564747","1565053","50","176171784"
"chr5","177767762","177768073","KN295501v1","1126742","1127053","37","176641020"
"chr5","177812383","177812746","KN296378v1","282345","282663","78","177530038"
"chr5","177842224","177842528","KN296682v1","4419181","4419484","38","173423043"
"chr5","177857380","177857411","KN294571v1","521300","521332","16","177336080"
"chr5","177857424","177857657","KN296852v1","1141017","1141261","48","176716407"
"chr5","177905360","177905573","KN295977v1","1276894","1277103","42","176628466"
"chr5","177976589","177976893","KN295301v1","716124","716425","34","177260465"
"chr5","177988238","177988538","KN295719v1","76563","76855","34","177911675"
"chr5","178014894","178015147","KN296036v1","300943","301205","40","177713951"
"chr5","178031939","178032245","KN295571v1","1155767","1156067","33","176876172"
"chr5","178035967","178036270","KN296153v1","1115266","1115561","37","176920701"
"chr5","178036429","178036723","KN296036v1","1895044","1895337","32","176141385"
"chr5","178041136","178041445","KN296833v1","30824","31126","41","178010312"
"chr5","178076699","178077008","KN297008v1","178445","178753","50","177898254"
"chr5","178081670","178081979","KN295501v1","1126742","1127053","41","176954928"
"chr5","178085325","178085627","KN294758v1","2738831","2739137","41","175346494"
"chr5","178089864","178090165","KN295077v1","613765","614075","41","177476099"
"chr5","178092728","178093017","KN295729v1","826689","826980","34","177266039"
"chr5","178107493","178107791","KN294539v1","1287945","1288241","38","176819548"
"chr5","178115044","178115341","KN297023v1","480259","480560","42","177634785"
"chr5","178122716","178123020","KN295257v1","1225806","1226107","38","176896910"
"chr5","178136977","178137281","KN294630v1","17109","17415","37","178119868"
"chr5","178142942","178143247","KN297176v1","251276","251581","44","177891666"
"chr5","178144582","178144886","KN294375v1","493338","493642","39","177651244"
"chr5","178145687","178145985","KN297245v1","1416081","1416379","26","176729606"
"chr5","178150920","178151232","KN295987v1","133153","133451","58","178017767"
"chr5","178170282","178170579","KN294470v1","333509","333804","41","177836773"
"chr5","178179024","178179331","KN297154v1","1039874","1040175","39","177139150"
"chr5","178209941","178210238","KN294172v1","1112560","1112858","46","177097381"
"chr5","178210438","178210743","KN296595v1","42365","42662","36","178168073"
"chr5","178219623","178219932","KN296036v1","2062557","2062868","47","176157066"
"chr5","178220600","178220783","KN296577v1","160723","160900","40","178059877"
"chr5","178224327","178224636","KN295022v1","560670","560978","35","177663657"
"chr5","178225309","178225648","KN296682v1","4855759","4856070","69","173369550"
"chr5","178228799","178229107","KN296883v1","2779002","2779313","40","175449797"
"chr5","178229533","178229687","KN295236v1","2986258","2986408","31","175243275"
"chr5","178234619","178234892","KN295996v1","639252","639528","30","177595367"
"chr5","178244645","178244957","KN296661v1","2149774","2150085","37","176094871"
"chr5","178246693","178246884","KN296426v1","64367","64561","37","178182326"
"chr5","178248274","178248465","KN296426v1","64367","64561","43","178183907"
"chr5","178255382","178255687","KN294848v1","795308","795610","40","177460074"
"chr5","178263907","178264197","KN295729v1","826689","826980","43","177437218"
"chr5","178281084","178281352","KN294172v1","6899580","6899857","54","171381504"
"chr5","178281605","178281917","KN294378v1","1504358","1504668","35","176777247"
"chr5","178296222","178296516","KN294539v1","1287945","1288241","40","177008277"
"chr5","178307341","178307646","KN296442v1","417977","418281","42","177889364"
"chr5","178328038","178328316","KN294662v1","218243","218524","49","178109795"
"chr5","178328573","178328852","KN297008v1","4981764","4982047","55","173346809"
"chr5","178331890","178332182","KN294378v1","1110132","1110432","54","177221758"
"chr5","178333369","178333674","KN296306v1","1271791","1272093","38","177061578"
"chr5","178334107","178334398","KN294831v1","314802","315071","67","178019305"
"chr5","178335620","178335819","KN296426v1","64367","64561","35","178271253"
"chr5","178348600","178348848","KN295301v1","1183296","1183537","41","177165304"
"chr5","178357652","178357952","KN296620v1","349918","350214","33","178007734"
"chr5","178360604","178360860","KN295433v1","64243","64511","46","178296361"
"chr5","178362058","178362364","KN296682v1","4855759","4856070","43","173506299"
"chr5","178365092","178365257","KN294571v1","155556","155724","27","178209536"
"chr5","178365552","178365668","KN296036v1","767154","767271","13","177598398"
"chr5","178383675","178383979","KN296731v1","694955","695263","41","177688720"
"chr5","178389041","178389340","KN297327v1","606661","606961","33","177782380"
"chr5","178420297","178420493","KN296426v1","64367","64561","31","178355930"
"chr5","178421044","178421095","KN294187v1","1105507","1105554","9","177315537"
"chr5","178421915","178422229","KN294251v1","1186841","1187150","39","177235074"
"chr5","178429039","178429350","KN295096v1","323672","323982","44","178105367"
"chr5","178453610","178453945","KN295701v1","663489","663797","59","177790121"
"chr5","178495355","178495666","KN296818v1","116637","116947","38","178378718"
"chr5","178496616","178496905","KN295523v1","2757271","2757558","40","175739345"
"chr5","178513867","178514178","KN295439v1","102691","103000","36","178411176"
"chr5","178542076","178542286","KN295977v1","1276894","1277103","42","177265182"
"chr5","178556011","178556304","KN295671v1","310148","310439","32","178245863"
"chr5","178566628","178566926","KN295871v1","542479","542775","33","178024149"
"chr5","178585006","178585096","KN295406v1","274781","274866","28","178310225"
"chr5","178585397","178585613","KN295977v1","1276894","1277103","48","177308503"
"chr5","178601395","178601696","KN295550v1","659146","659435","43","177942249"
"chr5","178623742","178624038","KN294457v1","1440141","1440438","39","177183601"
"chr5","178642232","178642526","KN294526v1","334958","335253","29","178307274"
"chr5","178645493","178645801","KN295607v1","4377455","4377758","32","174268038"
"chr5","178653406","178653713","KN295022v1","990860","991167","39","177662546"
"chr5","178662604","178662916","KN295814v1","1589520","1589831","43","177073084"
"chr5","178673221","178673529","KN295319v1","542223","542534","37","178130998"
"chr5","178716519","178716816","KN295090v1","1353031","1353323","38","177363488"
"chr5","178728957","178729242","KN296486v1","1726381","1726674","37","177002576"
"chr5","178747233","178747496","KN295962v1","2031081","2031349","44","176716152"
"chr5","178763594","178763884","KN294218v1","992906","993205","40","177770688"
"chr5","179075964","179076260","KN296119v1","2885918","2886213","39","176190046"
"chr5","179081865","179082163","KN297245v1","1416081","1416379","33","177665784"
"chr5","179092647","179092958","KN295366v1","78980","79290","37","179013667"
"chr5","179133013","179133191","KN295988v1","1508216","1508386","41","177624797"
"chr5","179171456","179171681","KN294456v1","1564751","1564982","28","177606705"
"chr5","179173586","179173887","KN295284v1","20123","20427","41","179153463"
"chr5","179177668","179177963","KN295284v1","23265","23572","36","179154403"
"chr5","179178561","179178855","KN294571v1","1575904","1576204","36","177602657"
"chr5","179199972","179200250","KN295284v1","62892","63165","30","179137080"
"chr5","179200752","179201040","KN296595v1","29704","29995","36","179171048"
"chr5","179230688","179231007","KN294287v1","369071","369381","43","178861617"
"chr5","179232616","179232928","KN296430v1","96066","96377","46","179136550"
"chr5","179235125","179235426","KN294991v1","293673","293971","35","178941452"
"chr5","179241952","179242185","KN296311v1","5785911","5786144","46","173456041"
"chr5","179259608","179259894","KN295284v1","123166","123447","40","179136442"
"chr5","179270908","179271217","KN295284v1","131398","131699","34","179139510"
"chr5","179278259","179278570","KN295090v1","2486557","2486869","34","176791702"
"chr5","179283117","179283403","KN296752v1","463929","464221","45","178819188"
"chr5","179284704","179285005","KN294446v1","240983","241287","39","179043721"
"chr5","179285049","179285347","KN295596v1","141388","141684","37","179143661"
"chr5","179290817","179291128","KN295284v1","141418","141729","29","179149399"
"chr5","179297733","179298044","KN296484v1","351750","352061","35","178945983"
"chr5","179306093","179306402","KN295284v1","157748","158053","33","179148345"
"chr5","179339768","179340053","KN294181v1","1475354","1475632","35","177864414"
"chr5","179342790","179343086","KN295284v1","192987","193291","34","179149803"
"chr5","179377983","179378282","KN295284v1","223511","223812","30","179154472"
"chr5","179410494","179410797","KN295284v1","255225","255529","27","179155269"
"chr5","179417560","179417856","KN295284v1","262074","262373","26","179155486"
"chr5","179440423","179440729","KN295284v1","281233","281539","37","179159190"
"chr5","179468120","179468456","KN296460v1","119303","119632","53","179348817"
"chr5","179495449","179495754","KN296635v1","3876048","3876352","39","175619401"
"chr5","179497739","179497988","KN296435v1","295165","295409","35","179202574"
"chr5","179520838","179521125","KN295284v1","364683","364978","33","179156155"
"chr5","179564128","179564439","KN295284v1","408276","408577","30","179155852"
"chr5","179572035","179572332","KN295284v1","416240","416537","21","179155795"
"chr5","179577863","179578167","KN295814v1","1059254","1059558","34","178518609"
"chr5","179613083","179613371","KN294407v1","598111","598399","29","179014972"
"chr5","179623036","179623331","KN296495v1","500005","500299","44","179123031"
"chr5","179683376","179683543","KN294172v1","4369191","4369359","31","175314185"
"chr5","179692429","179692736","KN295284v1","534662","534974","27","179157767"
"chr5","179695233","179695533","KN297095v1","3943194","3943492","38","175752039"
"chr5","179721421","179721733","KN295523v1","2925262","2925570","34","176796159"
"chr5","179723967","179724263","KN295284v1","568266","568563","32","179155701"
"chr5","179731796","179732098","KN295284v1","574151","574449","27","179157645"
"chr5","179737505","179737802","KN295059v1","89625","89927","46","179647880"
"chr5","179778530","179778830","KN294571v1","1575904","1576204","34","178202626"
"chr5","179783177","179783486","KN294873v1","365754","366066","38","179417423"
"chr5","179795908","179796209","KN294407v1","2010454","2010756","36","177785454"
"chr5","179805144","179805424","KN295284v1","649986","650279","30","179155158"
"chr5","179814786","179815085","KN296263v1","677274","677576","37","179137512"
"chr5","179835050","179835335","KN296557v1","13515","13811","30","179821535"
"chr5","179838006","179838329","KN296547v1","627587","627905","50","179210419"
"chr5","179850376","179850677","KN296507v1","661623","661931","47","179188753"
"chr5","179864275","179864573","KN295886v1","14180","14474","36","179850095"
"chr5","179865353","179865648","KN295886v1","13086","13392","34","179852267"
"chr5","179872757","179873053","KN294873v1","1602078","1602381","52","178270679"
"chr5","179882636","179882932","KN294917v1","405138","405434","30","179477498"
"chr5","179919446","179919736","KN294662v1","141288","141581","44","179778158"
"chr5","179925922","179926134","KN295977v1","1276894","1277103","43","178649028"
"chr5","179931584","179931878","KN294862v1","95756","96058","48","179835828"
"chr5","179988546","179988826","KN295315v1","1104683","1104964","46","178883863"
"chr5","179989135","179989425","KN295607v1","466299","466596","39","179522836"
"chr5","179991748","179992052","KN296322v1","919384","919686","38","179072364"
"chr5","180012766","180013066","KN296311v1","1117474","1117774","41","178895292"
"chr5","180014986","180015284","KN296528v1","1412689","1412985","37","178602297"
"chr5","180028231","180028509","KN295722v1","1923061","1923345","48","178105170"
"chr5","180033575","180033868","KN297245v1","1416081","1416379","39","178617494"
"chr5","180064228","180064536","KN295748v1","161587","161896","44","179902641"
"chr5","180076446","180076750","KN295735v1","951378","951675","34","179125068"
"chr5","180083640","180083953","KN294535v1","554288","554597","45","179529352"
"chr5","180114883","180115193","KN294372v1","299717","300027","31","179815166"
"chr5","180116068","180116369","KN297276v1","143691","143993","40","179972377"
"chr5","180121525","180121830","KN295906v1","685564","685866","34","179435961"
"chr5","180213308","180213600","KN296200v1","558100","558392","42","179655208"
"chr5","180228855","180229161","KN296157v1","1352158","1352467","37","178876697"
"chr5","180237945","180238258","KN295366v1","78980","79290","40","180158965"
"chr5","180262835","180263126","KN295326v1","100464","100755","34","180162371"
"chr5","180265984","180266301","KN295922v1","130002","130315","34","180135982"
"chr5","180272330","180272637","KN295352v1","490330","490634","37","179782000"
"chr5","180288613","180288907","KN296117v1","475705","475996","38","179812908"
"chr5","180303010","180303319","KN294592v1","1321409","1321720","38","178981601"
"chr5","180313038","180313345","KN295319v1","42222","42534","37","180270816"
"chr5","180358329","180358634","KN296877v1","351011","351311","53","180007318"
"chr5","180362628","180362914","KN295729v1","826689","826980","35","179535939"
"chr5","180421083","180421391","KN295236v1","276395","276697","42","180144688"
"chr5","180461149","180461460","KN295748v1","161587","161896","45","180299562"
"chr5","180526532","180526768","KN295405v1","757351","757593","42","179769181"
"chr5","180536834","180537070","KN295405v1","757351","757593","40","179779483"
"chr5","180629394","180629696","KN294790v1","163386","163690","37","180466008"
"chr5","180660158","180660456","KN296649v1","502099","502397","39","180158059"
"chr5","180664174","180664419","KN295405v1","757351","757593","42","179906823"
"chr5","180676185","180676496","KN294957v1","62097","62408","36","180614088"
"chr5","180681442","180681738","KN295855v1","83587","83886","46","180597855"
"chr5","180681798","180682079","KN296435v1","2744592","2744883","47","177937206"
"chr5","180683589","180683887","KN296877v1","351011","351311","51","180332578"
"chr5","180690905","180691197","KN297320v1","577012","577307","37","180113893"
"chr5","180705383","180705676","KN297197v1","197080","197368","42","180508303"
"chr5","180714559","180714865","KN294633v1","56373","56674","35","180658186"
"chr5","180715995","180716303","KN295998v1","154789","155089","42","180561206"
"chr5","180720937","180721223","KN294444v1","166708","167002","36","180554229"
"chr5","180738989","180739302","KN296503v1","58212","58521","41","180680777"
"chr5","180742523","180742829","KN295405v1","6155","6444","41","180736368"
"chr5","180751590","180751869","KN297159v1","1732072","1732352","58","179019518"
"chr5","180766095","180766374","KN296009v1","1337267","1337548","46","179428828"
"chr5","180808997","180809305","KN296682v1","4855759","4856070","40","175953238"
"chr5","180813225","180813523","KN296138v1","98488","98788","42","180714737"
"chr5","180814294","180814593","KN296749v1","655381","655678","45","180158913"
"chr5","180821237","180821532","KN296620v1","349918","350214","33","180471319"
"chr5","180827304","180827609","KN297274v1","2090991","2091298","76","178736313"
"chr5","180829345","180829647","KN297245v1","1416081","1416379","40","179413264"
"chr5","180835637","180835917","KN295533v1","1986434","1986726","44","178849203"
"chr5","180839712","180840007","KN296322v1","919384","919686","43","179920328"
"chr5","180842530","180842832","KN295096v1","2192570","2192873","37","178649960"
"chr5","180849745","180850043","KN294456v1","592934","593237","35","180256811"
"chr5","180850056","180850353","KN295459v1","754455","754748","41","180095601"
"chr5","180874653","180874962","KN295671v1","201221","201525","38","180673432"
"chr5","180883881","180884178","KN294937v1","266","558","37","180883615"
"chr5","180885759","180886047","KN295346v1","1878783","1879071","40","179006976"
"chr5","180893169","180893470","KN296635v1","2522536","2522835","34","178370633"
"chr5","180926224","180926525","KN294443v1","441739","442042","34","180484485"
"chr5","180933762","180934051","KN297314v1","616778","617057","50","180316984"
"chr5","180953372","180953602","KN296122v1","76643","76877","35","180876729"
"chr5","180964147","180964451","KN294161v1","938143","938445","35","180026004"
"chr5","180973155","180973456","KN295977v1","1131033","1131330","36","179842122"
"chr5","181001465","181001624","KN294172v1","4368748","4368892","28","176632717"
"chr5","181007505","181007771","KN294499v1","1824581","1824845","44","179182924"
"chr5","181032831","181033129","KN295637v1","795675","795978","39","180237156"
"chr5","181056462","181056757","KN295820v1","787086","787379","37","180269376"
"chr5","181073430","181073726","KN296253v1","1315417","1315709","41","179758013"
"chr5","181075273","181075586","KN295523v1","3762030","3762344","33","177313243"
"chr5","181089138","181089454","KN296287v1","119329","119630","50","180969809"
"chr5","181097350","181097661","KN296495v1","1038011","1038312","38","180059339"
"chr5","181106099","181106406","KN294193v1","656123","656428","40","180449976"
"chr5","181117034","181117343","KN295117v1","90178","90487","34","181026856"
"chr5","181148590","181148893","KN296158v1","1175251","1175559","45","179973339"
"chr5","181154561","181154848","KN296495v1","1951647","1951933","39","179202914"
"chr5","181167680","181167990","KN295922v1","130002","130315","36","181037678"
"chr5","181189987","181190256","KN297242v1","1698853","1699127","42","179491134"
"chr5","181195815","181196108","KN296145v1","770354","770651","34","180425461"
"chr5","181207166","181207469","KN295439v1","66534","66843","43","181140632"
"chr5","181238629","181238948","KN295045v1","181971","182282","44","181056658"
"chr5","181318886","181319103","KN296921v1","438156","438387","40","180880730"
"chr5","181372012","181372312","KN294803v1","119274","119577","35","181252738"
"chr5","181380443","181380755","KN295929v1","457065","457374","48","180923378"
"chr5","181435000","181435309","KN294777v1","371314","371618","40","181063686"
"chr5","181470673","181470963","KN294470v1","2136945","2137241","47","179333728"
"chr5","181490055","181490352","KN296270v1","708719","709013","34","180781336"
"chr5","181492812","181493130","KN294957v1","62097","62408","37","181430715"
"chr5","181513297","181513609","KN296503v1","58212","58521","43","181455085"
"chr5","181542210","181542521","KN297293v1","534427","534746","39","181007783"
"chr5","181578333","181578643","KN296495v1","550769","551079","40","181027564"
"chr5","181595266","181595567","KN297293v1","484618","484917","33","181110648"
"chr5","181596078","181596387","KN294527v1","159347","159649","36","181436731"
"chr5","181605146","181605304","KN296096v1","2408850","2409010","25","179196296"
"chr5","181605634","181605943","KN295477v1","23872","24183","40","181581762"
"chr5","181609032","181609313","KN297154v1","550534","550818","34","181058498"
"chr5","181636627","181636924","KN297293v1","448486","448789","29","181188141"
"chr5","181656446","181656730","KN297293v1","431985","432289","38","181224461"
"chr5","181665102","181665385","KN295871v1","681623","681917","41","180983479"
"chr5","181667788","181668032","KN295075v1","40195","40452","39","181627593"
"chr5","181682093","181682379","KN296322v1","897862","898144","42","180784231"
"chr5","181694039","181694330","KN294650v1","771350","771643","40","180922689"
"chr5","181704048","181704349","KN297058v1","312303","312607","49","181391745"
"chr5","181732205","181732477","KN296075v1","197659","197934","38","181534546"
"chr5","181739594","181739892","KN297293v1","345954","346261","38","181393640"
"chr5","181744563","181744847","KN294665v1","133847","134138","41","181610716"
"chr5","181851773","181852073","KN297133v1","1352390","1352685","42","180499383"
"chr5","181852942","181853256","KN296588v1","289027","289334","41","181563915"
"chr5","181861611","181861838","KN296643v1","363205","363447","48","181498406"
"chr5","181872652","181872963","KN296484v1","351750","352061","47","181520902"
"chr5","181904840","181905126","KN296145v1","2451188","2451482","35","179453652"
"chr5","181910829","181911086","KN295490v1","43581","43843","56","181867248"
"chr5","181965858","181966160","KN297293v1","153208","153513","26","181812650"
"chr5","181992872","181993164","KN297293v1","127547","127843","28","181865325"
"chr5","182013512","182013815","KN295459v1","673095","673397","36","181340417"
"chr5","182015381","182015686","KN295459v1","673095","673397","35","181342286"
"chr5","182104710","182105003","KN297293v1","15524","15826","33","182089186"
"chr5","182138101","182138406","KN295073v1","1289046","1289348","46","180849055"
"chr5","182142053","182142349","KN296682v1","4864316","4864610","34","177277737"
"chr5","182151030","182151321","KN297153v1","485075","485367","30","181665955"
"chr5","182229255","182229551","KN294457v1","7277","7572","41","182221978"
"chr5","182277860","182278158","KN296175v1","228274","228571","40","182049586"
"chr5","182336071","182336335","KN295995v1","709517","709777","53","181626554"
"chr5","182362860","182363136","KN296122v1","387098","387375","38","181975762"
"chr5","182378976","182379278","KN295893v1","1980169","1980473","40","180398807"
"chr5","182381534","182381832","KN296732v1","3482334","3482632","37","178899200"
"chr5","182391892","182392199","KN296913v1","1678185","1678494","38","180713707"
"chr5","182395963","182396250","KN296486v1","1530958","1531240","42","180865005"
"chr5","182397886","182398181","KN296495v1","417794","418082","47","181980092"
"chr5","182425959","182426266","KN295077v1","487498","487802","37","181938461"
"chr6","34602830","34603155","KN294187v1","1620692","1621011","61","32982138"
"chr6","57671426","57671718","KN295607v1","4297742","4298030","38","53373684"
"chr6","15073108","15073417","KN296404v1","1518963","1519272","36","13554145"
"chr6","24641449","24641745","KN294257v1","2328099","2328376","38","22313350"
"chr6","28835597","28835890","KN296096v1","838711","839001","40","27996886"
"chr6","53739265","53739566","KN295090v1","1590934","1591232","33","52148331"
"chr6","114687791","114688081","KN296726v1","606731","607020","36","114081060"
"chr6","130547421","130547731","KN295319v1","93746","94048","43","130453675"
"chr6","136052607","136052927","KN294375v1","918462","918749","46","135134145"
"chr6","163053451","163053672","KN295441v1","1457453","1457675","30","161595998"
"chr6","132269","132562","KN295729v1","826689","826980","28","694420"
"chr6","161420","161615","KN296356v1","591090","591283","43","429670"
"chr6","170790","171090","KN294581v1","619147","619445","34","448357"
"chr6","192154","192446","KN295835v1","84846","85139","28","107308"
"chr6","230348","230650","KN297186v1","112322","112624","25","118026"
"chr6","346681","346958","KN297186v1","224896","225190","35","121785"
"chr6","509401","509686","KN297186v1","377702","377989","31","131699"
"chr6","571861","571986","KN296153v1","491994","492125","28","79867"
"chr6","582536","582829","KN294407v1","598111","598399","34","15575"
"chr6","607255","607567","KN295045v1","181971","182282","56","425284"
"chr6","697128","697352","KN295705v1","623338","623563","44","73790"
"chr6","725380","725670","KN294269v1","677834","678123","35","47546"
"chr6","851137","851441","KN296187v1","98158","98459","39","752979"
"chr6","945999","946294","KN296311v1","3354626","3354926","33","2408627"
"chr6","969019","969243","KN295490v1","64965","65192","34","904054"
"chr6","1024414","1024724","KN297186v1","893992","894299","34","130422"
"chr6","1035052","1035353","KN294456v1","1098138","1098439","40","63086"
"chr6","1046803","1047100","KN297186v1","920954","921247","33","125849"
"chr6","1053024","1053327","KN297186v1","926834","927134","23","126190"
"chr6","1141752","1141972","KN296263v1","107832","108045","33","1033920"
"chr6","1221702","1222001","KN294470v1","2136945","2137241","40","915243"
"chr6","1367493","1367695","KN296426v1","64367","64561","35","1303126"
"chr6","1367996","1368049","KN296877v1","326417","326471","22","1041579"
"chr6","1379726","1380035","KN296158v1","1175251","1175559","39","204475"
"chr6","1404436","1404720","KN297186v1","1264984","1265258","42","139452"
"chr6","1405250","1405559","KN296303v1","514845","515157","40","890405"
"chr6","1425656","1425953","KN297276v1","74967","75265","34","1350689"
"chr6","1430420","1430711","KN295923v1","1282097","1282380","58","148323"
"chr6","1468733","1469038","KN295607v1","4377455","4377758","40","2908722"
"chr6","1503298","1503610","KN296406v1","250415","250727","37","1252883"
"chr6","1508182","1508492","KN296406v1","250415","250727","35","1257767"
"chr6","1550733","1551038","KN296643v1","47618","47923","29","1503115"
"chr6","1624060","1624342","KN296498v1","39342","39625","40","1584718"
"chr6","1637733","1638043","KN295974v1","2516789","2517093","37","879056"
"chr6","1756077","1756306","KN295441v1","1457453","1457675","33","298624"
"chr6","1791882","1792185","KN295257v1","2004971","2005269","25","213089"
"chr6","1867536","1867839","KN294592v1","1321409","1321720","40","546127"
"chr6","1874572","1874875","KN295090v1","242110","242415","39","1632462"
"chr6","1892402","1892691","KN296244v1","36757","37045","33","1855645"
"chr6","1938035","1938319","KN296498v1","39342","39625","39","1898693"
"chr6","1955976","1956288","KN296865v1","1854354","1854666","32","101622"
"chr6","1963245","1963473","KN295405v1","757351","757593","54","1205894"
"chr6","2001667","2001918","KN296732v1","662408","662663","45","1339259"
"chr6","2038454","2038758","KN295301v1","761923","762233","45","1276531"
"chr6","2078957","2079243","KN295257v1","1728209","1728494","41","350748"
"chr6","2087452","2087751","KN295343v1","729289","729587","35","1358163"
"chr6","2129499","2129819","KN294192v1","519188","519502","36","1610311"
"chr6","2137178","2137334","KN296244v1","252221","252362","36","1884957"
"chr6","2153552","2153860","KN295487v1","52973","53281","52","2100579"
"chr6","2218386","2218696","KN296404v1","2379696","2380001","43","161310"
"chr6","2222353","2222649","KN295257v1","1585679","1585977","31","636674"
"chr6","2236287","2236572","KN295257v1","1569889","1570174","23","666398"
"chr6","2262357","2262658","KN295633v1","2352774","2353077","38","90417"
"chr6","2351954","2352263","KN296139v1","40652","40962","32","2311302"
"chr6","2391073","2391372","KN295257v1","1420439","1420741","24","970634"
"chr6","2393670","2393966","KN295257v1","1417866","1418162","28","975804"
"chr6","2435782","2436074","KN295257v1","1375797","1376084","31","1059985"
"chr6","2448220","2448491","KN294946v1","220472","220746","42","2227748"
"chr6","2512999","2513304","KN295257v1","1300130","1300442","42","1212869"
"chr6","2525233","2525464","KN295820v1","956662","956899","36","1568571"
"chr6","2532921","2533229","KN294287v1","369071","369381","39","2163850"
"chr6","2543803","2544094","KN295717v1","333192","333475","47","2210611"
"chr6","2582183","2582476","KN295257v1","1229259","1229546","30","1352924"
"chr6","2585670","2585970","KN294598v1","342532","342842","38","2243138"
"chr6","2590343","2590649","KN295871v1","79890","80195","36","2510453"
"chr6","2604075","2604382","KN295257v1","1201375","1201685","25","1402700"
"chr6","2638533","2638840","KN297154v1","1039874","1040175","40","1598659"
"chr6","2658821","2659133","KN295257v1","1144787","1145097","21","1514034"
"chr6","2781278","2781574","KN295671v1","310148","310439","29","2471130"
"chr6","2839891","2840204","KN295077v1","613765","614075","45","2226126"
"chr6","2845110","2845422","KN296503v1","58212","58521","32","2786898"
"chr6","2897064","2897366","KN294456v1","1098138","1098439","31","1798926"
"chr6","2920259","2920565","KN295257v1","890708","891014","21","2029551"
"chr6","2980345","2980508","KN297154v1","189572","189735","22","2790773"
"chr6","2981319","2981620","KN294964v1","1171001","1171302","32","1810318"
"chr6","2996661","2996889","KN295045v1","921009","921237","31","2075652"
"chr6","3011598","3011907","KN295257v1","801246","801547","32","2210352"
"chr6","3013682","3013990","KN296404v1","1423465","1423767","40","1590217"
"chr6","3050868","3051159","KN295257v1","765263","765544","25","2285605"
"chr6","3071951","3072253","KN294571v1","1575904","1576204","40","1496047"
"chr6","3112656","3112952","KN296311v1","854862","855163","29","2257794"
"chr6","3122604","3122910","KN295257v1","697340","697633","51","2425264"
"chr6","3165652","3165940","KN294181v1","1424178","1424469","37","1741474"
"chr6","3176278","3176577","KN294407v1","794343","794648","41","2381935"
"chr6","3205395","3205694","KN295257v1","609790","610082","30","2595605"
"chr6","3238823","3239134","KN296036v1","2062557","2062868","36","1176266"
"chr6","3281392","3281686","KN294284v1","13409","13706","43","3267983"
"chr6","3303627","3303899","KN294592v1","855700","855974","47","2447927"
"chr6","3398952","3399236","KN294911v1","3438668","3438956","44","39716"
"chr6","3431542","3431819","KN295257v1","384036","384329","43","3047506"
"chr6","3441133","3441413","KN295729v1","826689","826980","42","2614444"
"chr6","3443801","3444100","KN295257v1","373156","373457","22","3070645"
"chr6","3537495","3537796","KN294269v1","550588","550887","38","2986907"
"chr6","3631498","3631798","KN296442v1","417977","418281","29","3213521"
"chr6","3648634","3648942","KN295571v1","513084","513393","32","3135550"
"chr6","3757094","3757388","KN295257v1","54225","54511","30","3702869"
"chr6","3762834","3763056","KN295257v1","49555","49756","40","3713279"
"chr6","3764353","3764612","KN295257v1","48334","48606","41","3716019"
"chr6","3770007","3770308","KN294603v1","111945","112247","31","3658062"
"chr6","3787646","3787898","KN297186v1","50383","50628","43","3737263"
"chr6","3810988","3811299","KN295257v1","4702","5013","32","3806286"
"chr6","3821452","3821753","KN296009v1","1466711","1467013","30","2354741"
"chr6","3849056","3849349","KN296349v1","48155","48443","34","3800901"
"chr6","3857572","3857866","KN296253v1","1545214","1545503","35","2312358"
"chr6","3902869","3903174","KN296009v1","1382848","1383156","26","2520021"
"chr6","3938479","3938780","KN297023v1","480259","480560","37","3458220"
"chr6","3966600","3966886","KN294224v1","1080394","1080681","44","2886206"
"chr6","3972430","3972737","KN294378v1","1504358","1504668","33","2468072"
"chr6","3976037","3976351","KN295907v1","257976","258287","42","3718061"
"chr6","3994928","3995219","KN296009v1","1275751","1276042","28","2719177"
"chr6","3995530","3995829","KN295607v1","4406348","4406645","35","410818"
"chr6","4007479","4007761","KN296009v1","1263016","1263289","31","2744463"
"chr6","4026129","4026436","KN296233v1","238393","238699","38","3787736"
"chr6","4029392","4029703","KN294987v1","176356","176665","40","3853036"
"chr6","4041106","4041393","KN296538v1","101344","101622","56","3939762"
"chr6","4049478","4049780","KN296009v1","1223548","1223845","23","2825930"
"chr6","4078556","4078869","KN296009v1","1193995","1194300","39","2884561"
"chr6","4083996","4084313","KN296009v1","1188954","1189271","26","2895042"
"chr6","4091753","4091929","KN296426v1","64367","64561","43","4027386"
"chr6","4096901","4097198","KN296009v1","1182063","1182361","31","2914838"
"chr6","4098885","4099118","KN295405v1","757351","757593","55","3341534"
"chr6","4109831","4110129","KN296430v1","1105044","1105344","36","3004787"
"chr6","4121334","4121631","KN296009v1","1149473","1149778","29","2971861"
"chr6","4122922","4123215","KN296009v1","1147876","1148169","23","2975046"
"chr6","4128061","4128331","KN296009v1","1142777","1143051","16","2985284"
"chr6","4136430","4136740","KN296009v1","1134029","1134328","33","3002401"
"chr6","4170773","4171076","KN296009v1","1096548","1096848","25","3074225"
"chr6","4180225","4180536","KN294957v1","62097","62408","34","4118128"
"chr6","4247626","4247934","KN296009v1","1023427","1023735","26","3224199"
"chr6","4262402","4262696","KN296009v1","1010686","1010976","35","3251716"
"chr6","4280669","4280970","KN297047v1","3987588","3987889","23","293081"
"chr6","4445334","4445645","KN295302v1","361165","361469","36","4084169"
"chr6","4568698","4568981","KN296009v1","696182","696473","41","3872516"
"chr6","4570010","4570310","KN296009v1","694840","695149","37","3875170"
"chr6","4595402","4595692","KN296009v1","671798","672087","23","3923604"
"chr6","4643657","4643971","KN296009v1","623658","623967","37","4019999"
"chr6","4648259","4648548","KN294284v1","134650","134946","49","4513609"
"chr6","4654611","4654914","KN294372v1","853211","853514","40","3801400"
"chr6","4662700","4662982","KN294946v1","220472","220746","50","4442228"
"chr6","4722464","4722760","KN296009v1","542778","543077","26","4179686"
"chr6","4764867","4765161","KN294747v1","724137","724433","39","4040730"
"chr6","4782888","4783196","KN297361v1","166730","167034","43","4616158"
"chr6","4842903","4843195","KN296009v1","420615","420911","27","4422288"
"chr6","4886987","4887292","KN295315v1","1178596","1178904","37","3708391"
"chr6","4999670","4999968","KN294172v1","5273992","5274291","32","274322"
"chr6","5035811","5036107","KN296825v1","1763842","1764136","45","3271969"
"chr6","5041151","5041459","KN296009v1","173783","174087","27","4867368"
"chr6","5046061","5046249","KN297442v1","1659397","1659581","29","3386664"
"chr6","5046578","5046704","KN296009v1","168758","168887","11","4877820"
"chr6","5143884","5144120","KN295405v1","757351","757593","44","4386533"
"chr6","5231840","5232133","KN296761v1","16855","17145","26","5214985"
"chr6","5247708","5248012","KN296424v1","51364","51665","33","5196344"
"chr6","5253747","5253920","KN294957v1","73265","73439","38","5180482"
"chr6","5258937","5259241","KN296761v1","44279","44579","29","5214658"
"chr6","5367337","5367646","KN296761v1","160894","161202","33","5206443"
"chr6","5372745","5373046","KN296761v1","166599","166902","32","5206146"
"chr6","5459324","5459610","KN296761v1","261504","261794","22","5197820"
"chr6","5609784","5610091","KN296761v1","408640","408932","31","5201144"
"chr6","5673179","5673463","KN295735v1","17468","17752","38","5655711"
"chr6","5746736","5747038","KN296761v1","543521","543818","36","5203215"
"chr6","5799959","5800253","KN295308v1","2364085","2364379","38","3435874"
"chr6","5833232","5833535","KN296761v1","631275","631578","17","5201957"
"chr6","5834306","5834528","KN295977v1","1276894","1277103","48","4557412"
"chr6","5869181","5869492","KN296761v1","662015","662324","28","5207166"
"chr6","5894720","5895020","KN296761v1","684651","684961","37","5210069"
"chr6","6047113","6047404","KN296761v1","829504","829808","35","5217609"
"chr6","6134743","6135047","KN295977v1","623355","623659","42","5511388"
"chr6","6197711","6198022","KN294592v1","1321409","1321720","32","4876302"
"chr6","6210258","6210575","KN297343v1","404192","404508","30","5806066"
"chr6","6211231","6211513","KN295236v1","2843682","2843961","42","3367549"
"chr6","6323275","6323505","KN296761v1","1099075","1099316","37","5224200"
"chr6","6346826","6347123","KN296761v1","1117015","1117318","42","5229811"
"chr6","6398488","6398790","KN296761v1","1160197","1160502","30","5238291"
"chr6","6433320","6433622","KN296761v1","1196504","1196813","36","5236816"
"chr6","6558288","6558587","KN296921v1","733110","733405","41","5825178"
"chr6","6645432","6645737","KN296306v1","272119","272430","45","6373313"
"chr6","6652728","6653034","KN294911v1","2389002","2389309","39","4263726"
"chr6","6662939","6663265","KN295487v1","52973","53281","48","6609966"
"chr6","6720595","6720877","KN295102v1","376622","376901","37","6343973"
"chr6","6778900","6779157","KN295820v1","227188","227454","37","6551712"
"chr6","6805749","6806061","KN297442v1","1612430","1612738","39","5193319"
"chr6","6844498","6844807","KN295236v1","35793","36099","41","6808705"
"chr6","6857612","6857903","KN296481v1","98456","98742","44","6759156"
"chr6","6883366","6883665","KN294372v1","2629158","2629456","31","4254208"
"chr6","6888977","6889313","KN294372v1","1402733","1403067","60","5486244"
"chr6","6897139","6897469","KN296040v1","379940","380262","53","6517199"
"chr6","6910558","6910860","KN294619v1","1535720","1536017","46","5374838"
"chr6","6928989","6929278","KN295729v1","826689","826980","44","6102300"
"chr6","6942870","6943164","KN294287v1","776926","777224","46","6165944"
"chr6","6986754","6987050","KN294516v1","17906","18200","50","6968848"
"chr6","7012670","7012977","KN297008v1","1232459","1232766","37","5780211"
"chr6","7018297","7018591","KN294187v1","1109661","1109959","41","5908636"
"chr6","7023976","7024274","KN294181v1","145618","145914","33","6878358"
"chr6","7038248","7038556","KN296244v1","22101","22403","58","7016147"
"chr6","7073644","7073949","KN296430v1","1105044","1105344","33","5968600"
"chr6","7085258","7085550","KN296242v1","694011","694308","35","6391247"
"chr6","7093610","7093915","KN295735v1","713972","714275","44","6379638"
"chr6","7094687","7094987","KN294262v1","1563960","1564257","32","5530727"
"chr6","7113194","7113492","KN297233v1","523000","523293","34","6590194"
"chr6","7132655","7132958","KN296357v1","653990","654295","40","6478665"
"chr6","7133252","7133530","KN295236v1","5470028","5470311","41","1663224"
"chr6","7134289","7134596","KN296635v1","2387021","2387331","36","4747268"
"chr6","7135125","7135437","KN295735v1","1160753","1161064","38","5974372"
"chr6","7136841","7137134","KN295343v1","659694","659984","28","6477147"
"chr6","7138003","7138292","KN295708v1","2784035","2784327","38","4353968"
"chr6","7147267","7147580","KN296404v1","2534470","2534781","36","4612797"
"chr6","7155383","7155612","KN294874v1","126189","126410","37","7029194"
"chr6","7155644","7155939","KN294451v1","1139913","1140218","43","6015731"
"chr6","7157382","7157666","KN294949v1","610081","610379","46","6547301"
"chr6","7172516","7172769","KN294378v1","921291","921538","53","6251225"
"chr6","7174217","7174524","KN294326v1","309006","309309","39","6865211"
"chr6","7182194","7182482","KN294239v1","1737680","1737968","37","5444514"
"chr6","7184133","7184428","KN296620v1","349918","350214","37","6834215"
"chr6","7242347","7242532","KN296311v1","4594945","4595141","37","2647402"
"chr6","7320493","7320797","KN297159v1","323398","323707","42","6997095"
"chr6","7331661","7331959","KN295480v1","1302107","1302401","38","6029554"
"chr6","7341923","7342228","KN294456v1","1098138","1098439","38","6243785"
"chr6","7355912","7356208","KN296153v1","1090111","1090408","27","6265801"
"chr6","7373732","7374036","KN294407v1","3027269","3027567","41","4346463"
"chr6","7389752","7390059","KN295439v1","66534","66843","33","7323218"
"chr6","7399784","7400011","KN295646v1","52556","52783","33","7347228"
"chr6","7419753","7420057","KN295343v1","729289","729587","45","6690464"
"chr6","7423391","7423687","KN296557v1","18517","18814","34","7404874"
"chr6","7426473","7426783","KN294957v1","62097","62408","36","7364376"
"chr6","7439787","7439989","KN295533v1","1763610","1763792","62","5676177"
"chr6","7444985","7445174","KN295579v1","1","192","33","7444984"
"chr6","7452495","7452797","KN295729v1","826689","826980","30","6625806"
"chr6","7466427","7466721","KN294378v1","829109","829402","40","6637318"
"chr6","7470741","7471038","KN294470v1","2136945","2137241","34","5333796"
"chr6","7478326","7478632","KN296926v1","198353","198662","35","7279973"
"chr6","7482142","7482440","KN297190v1","4791191","4791489","42","2690951"
"chr6","7516994","7517291","KN296263v1","810253","810550","29","6706741"
"chr6","7538656","7538939","KN297047v1","3701169","3701447","56","3837487"
"chr6","7540901","7541183","KN294470v1","3424829","3425113","36","4116072"
"chr6","7553675","7554007","KN297159v1","381844","382147","64","7171831"
"chr6","7557600","7557902","KN294378v1","1504358","1504668","38","6053242"
"chr6","7581180","7581480","KN296311v1","2283043","2283345","47","5298137"
"chr6","7587764","7588056","KN296682v1","3183854","3184144","31","4403910"
"chr6","7589652","7589944","KN296682v1","3183854","3184144","30","4405798"
"chr6","7595384","7595689","KN296484v1","351750","352061","40","7243634"
"chr6","7654669","7654967","KN294487v1","145594","145890","36","7509075"
"chr6","7675254","7675543","KN295729v1","826689","826980","33","6848565"
"chr6","7723929","7724198","KN294946v1","220472","220746","42","7503457"
"chr6","7726516","7726867","KN294470v1","2190064","2190422","60","5536452"
"chr6","7793104","7793409","KN295107v1","300735","301027","50","7492369"
"chr6","7804299","7804577","KN297304v1","99055","99344","46","7705244"
"chr6","7819734","7820042","KN294375v1","493338","493642","38","7326396"
"chr6","7820518","7820822","KN294172v1","6906285","6906584","37","914233"
"chr6","7821951","7822253","KN297327v1","811573","811871","35","7010378"
"chr6","7831790","7832097","KN294446v1","348865","349174","34","7482925"
"chr6","7833743","7834041","KN297008v1","4661765","4662062","37","3171978"
"chr6","7839751","7840059","KN296153v1","1090111","1090408","35","6749640"
"chr6","7957720","7958008","KN294705v1","867156","867449","41","7090564"
"chr6","7976941","7977241","KN294879v1","76546","76849","43","7900395"
"chr6","8016509","8016824","KN296495v1","550769","551079","37","7465740"
"chr6","8017507","8017795","KN295420v1","384089","384371","48","7633418"
"chr6","8024938","8025222","KN294627v1","318144","318428","34","7706794"
"chr6","8041243","8041535","KN295835v1","84846","85139","40","7956397"
"chr6","8042303","8042608","KN294446v1","240983","241287","40","7801320"
"chr6","8053935","8054239","KN295107v1","1095590","1095888","43","6958345"
"chr6","8082127","8082418","KN295257v1","801246","801547","44","7280881"
"chr6","8126879","8127185","KN296011v1","48434","48734","37","8078445"
"chr6","8160042","8160345","KN297032v1","184087","184386","42","7975955"
"chr6","8251787","8252065","KN294570v1","116175","116454","37","8135612"
"chr6","8272083","8272344","KN294218v1","2753577","2753834","42","5518506"
"chr6","8283513","8283795","KN295371v1","448057","448341","35","7835456"
"chr6","8294250","8294553","KN294705v1","1064459","1064762","33","7229791"
"chr6","8322786","8323069","KN296133v1","223062","223350","37","8099724"
"chr6","8340468","8340785","KN295236v1","4372708","4373024","51","3967760"
"chr6","8346888","8347200","KN295361v1","316260","316573","41","8030628"
"chr6","8429401","8429716","KN297038v1","1285540","1285851","42","7143861"
"chr6","8458719","8459017","KN296557v1","13515","13811","35","8445204"
"chr6","8501623","8501905","KN294767v1","565418","565701","36","7936205"
"chr6","8503145","8503426","KN295405v1","1822106","1822388","47","6681039"
"chr6","8505144","8505438","KN294444v1","166708","167002","32","8338436"
"chr6","8523703","8524006","KN296883v1","292931","293229","43","8230772"
"chr6","8530666","8530954","KN297095v1","57865","58149","38","8472801"
"chr6","8553664","8553986","KN295236v1","3504086","3504409","46","5049578"
"chr6","8555213","8555498","KN294571v1","1356955","1357237","39","7198258"
"chr6","8565485","8565792","KN294911v1","2389002","2389309","42","6176483"
"chr6","8692380","8692687","KN295748v1","161587","161896","37","8530793"
"chr6","8748339","8748620","KN294949v1","346555","346838","44","8401784"
"chr6","8771184","8771496","KN296948v1","1380864","1381173","35","7390320"
"chr6","8779189","8779455","KN296594v1","1040988","1041253","28","7738201"
"chr6","9017694","9017993","KN294592v1","1268208","1268509","35","7749486"
"chr6","9099713","9100012","KN294917v1","401690","401984","39","8698023"
"chr6","9130193","9130458","KN297445v1","45846","46111","18","9084347"
"chr6","9285241","9285547","KN294372v1","2427862","2428164","38","6857379"
"chr6","9375827","9375991","KN294172v1","5951147","5951297","33","3424680"
"chr6","9454825","9455048","KN295962v1","2390058","2390278","45","7064767"
"chr6","9572908","9573215","KN294499v1","2065657","2065964","35","7507251"
"chr6","9650040","9650306","KN297038v1","252214","252490","38","9397826"
"chr6","9695456","9695764","KN297445v1","608810","609109","32","9086646"
"chr6","9696265","9696578","KN295176v1","132490","132801","43","9563775"
"chr6","9719533","9719843","KN296557v1","13515","13811","48","9706018"
"chr6","9728798","9728945","KN294831v1","659142","659289","27","9069656"
"chr6","9765802","9766097","KN295692v1","1651967","1652256","45","8113835"
"chr6","9884021","9884327","KN297445v1","796764","797063","38","9087257"
"chr6","9983477","9983790","KN297445v1","881615","881919","45","9101862"
"chr6","10013165","10013471","KN296079v1","1077624","1077929","34","8935541"
"chr6","10017954","10018235","KN296153v1","3033016","3033295","33","6984938"
"chr6","10052160","10052463","KN294456v1","1098138","1098439","49","8954022"
"chr6","10069845","10070101","KN296296v1","108339","108596","36","9961506"
"chr6","10181948","10182270","KN297445v1","1076549","1076864","30","9105399"
"chr6","10196741","10196971","KN297112v1","5976265","5976494","31","4220476"
"chr6","10221395","10221701","KN296877v1","351011","351311","41","9870384"
"chr6","10227756","10228039","KN297320v1","271981","272275","38","9955775"
"chr6","10240753","10241091","KN295854v1","1642331","1642665","44","8598422"
"chr6","10284850","10285132","KN294287v1","774128","774424","44","9510722"
"chr6","10317578","10317875","KN297445v1","1220902","1221176","39","9096676"
"chr6","10378704","10379009","KN295571v1","513084","513393","34","9865620"
"chr6","10426591","10426900","KN295090v1","126321","126630","39","10300270"
"chr6","10432561","10432832","KN296938v1","974481","974751","48","9458080"
"chr6","10438710","10439018","KN294856v1","158144","158448","39","10280566"
"chr6","10465150","10465451","KN297023v1","480259","480560","35","9984891"
"chr6","10539322","10539633","KN295236v1","1874370","1874678","40","8664952"
"chr6","10567445","10567738","KN296577v1","39869","40161","35","10527576"
"chr6","10581952","10582263","KN297445v1","1509310","1509621","23","9072642"
"chr6","10586814","10587120","KN297445v1","1515040","1515340","31","9071774"
"chr6","10601687","10601995","KN295922v1","130002","130315","41","10471685"
"chr6","10602345","10602649","KN297445v1","1527180","1527479","25","9075165"
"chr6","10619963","10620174","KN295236v1","3506386","3506600","29","7113577"
"chr6","10627581","10627896","KN297445v1","1552119","1552442","41","9075462"
"chr6","10629297","10629605","KN295471v1","799950","800259","38","9829347"
"chr6","10630277","10630583","KN296442v1","417977","418281","33","10212300"
"chr6","10644047","10644342","KN297445v1","1569339","1569626","33","9074708"
"chr6","10663926","10664245","KN296484v1","351750","352061","42","10312176"
"chr6","10717971","10718195","KN295405v1","757351","757593","51","9960620"
"chr6","10723223","10723536","KN297445v1","1654988","1655301","33","9068235"
"chr6","10723971","10724257","KN296508v1","1892477","1892760","35","8831494"
"chr6","10725777","10726082","KN297445v1","1658143","1658449","22","9067634"
"chr6","10733805","10734123","KN296167v1","450049","450355","52","10283756"
"chr6","10744266","10744556","KN295480v1","1302107","1302401","30","9442159"
"chr6","10761959","10762014","KN296743v1","1948518","1948571","12","8813441"
"chr6","10762530","10762787","KN294991v1","995507","995758","43","9767023"
"chr6","10775253","10775440","KN294548v1","1253956","1254133","31","9521297"
"chr6","10783118","10783305","KN296426v1","64367","64561","38","10718751"
"chr6","10786627","10786902","KN295459v1","446023","446297","34","10340604"
"chr6","10800456","10800765","KN295366v1","78980","79290","37","10721476"
"chr6","10813751","10813975","KN296921v1","438156","438387","52","10375595"
"chr6","10813975","10814237","KN295692v1","1481043","1481302","53","9332932"
"chr6","10817008","10817320","KN295729v1","1216084","1216395","46","9600924"
"chr6","10825730","10826023","KN294842v1","192762","193057","48","10632968"
"chr6","10827017","10827321","KN295601v1","3238589","3238887","39","7588428"
"chr6","10830186","10830486","KN295045v1","451861","452165","35","10378325"
"chr6","10841681","10841993","KN295708v1","592356","592663","51","10249325"
"chr6","10870621","10870922","KN294172v1","883944","884246","34","9986677"
"chr6","10871125","10871404","KN295746v1","153313","153594","37","10717812"
"chr6","10871767","10872074","KN296357v1","431311","431620","32","10440456"
"chr6","10878044","10878337","KN295480v1","1302107","1302401","33","9575937"
"chr6","10884921","10885224","KN294181v1","1317427","1317732","45","9567494"
"chr6","10888161","10888475","KN294456v1","612494","612802","43","10275667"
"chr6","10893682","10893968","KN297259v1","1695445","1695737","42","9198237"
"chr6","10901487","10901787","KN295586v1","1834408","1834703","36","9067079"
"chr6","10936346","10936651","KN294761v1","363307","363610","39","10573039"
"chr6","10936652","10936941","KN295523v1","1146569","1146873","50","9790083"
"chr6","10937472","10937782","KN295735v1","15310","15617","40","10922162"
"chr6","10950360","10950648","KN295326v1","100464","100755","37","10849896"
"chr6","10951806","10952115","KN297259v1","1820010","1820317","37","9131796"
"chr6","10995450","10995745","KN294493v1","70687","70990","40","10924763"
"chr6","11002303","11002617","KN296460v1","1110973","1111278","38","9891330"
"chr6","11020372","11020674","KN294172v1","5273992","5274291","38","5746380"
"chr6","11023838","11024132","KN294964v1","1261773","1262065","39","9762065"
"chr6","11053397","11053704","KN294407v1","2317315","2317623","40","8736082"
"chr6","11091787","11092085","KN295090v1","2638275","2638571","32","8453512"
"chr6","11092876","11093187","KN295474v1","613777","614085","42","10479099"
"chr6","11142335","11142641","KN295977v1","1131033","1131330","45","10011302"
"chr6","11143945","11144243","KN294456v1","1098138","1098439","35","10045807"
"chr6","11159666","11159974","KN296859v1","993319","993622","39","10166347"
"chr6","11168110","11168404","KN296833v1","30824","31126","40","11137286"
"chr6","11226631","11226872","KN297008v1","1335443","1335680","30","9891188"
"chr6","11260552","11260849","KN295459v1","673095","673397","38","10587457"
"chr6","11263146","11263460","KN296635v1","2387021","2387331","35","8876125"
"chr6","11264888","11265197","KN295433v1","250702","251008","36","11014186"
"chr6","11313689","11313989","KN294790v1","163386","163690","34","11150303"
"chr6","11373695","11373996","KN294685v1","334392","334694","45","11039303"
"chr6","11411430","11411737","KN296404v1","2534470","2534781","37","8876960"
"chr6","11465602","11465879","KN295692v1","3066866","3067153","37","8398736"
"chr6","11496458","11496764","KN297442v1","1612430","1612738","37","9884028"
"chr6","11497632","11497931","KN294457v1","990718","991014","37","10506914"
"chr6","11573382","11573660","KN295241v1","197736","198025","45","11375646"
"chr6","11612634","11612936","KN296062v1","1530954","1531256","39","10081680"
"chr6","11617810","11618118","KN296466v1","158373","158662","48","11459437"
"chr6","11640064","11640358","KN295871v1","615076","615373","35","11024988"
"chr6","11676582","11676870","KN296138v1","3145","3429","40","11673437"
"chr6","11691536","11691847","KN296484v1","351750","352061","36","11339786"
"chr6","11757593","11757767","KN294245v1","79202","79375","31","11678391"
"chr6","11778326","11778656","KN294335v1","553358","553676","58","11224968"
"chr6","11887228","11887508","KN296759v1","520385","520667","37","11366843"
"chr6","11951575","11951842","KN295090v1","53317","53587","41","11898258"
"chr6","11958575","11958864","KN295729v1","826689","826980","34","11131886"
"chr6","11982089","11982387","KN297245v1","1416081","1416379","33","10566008"
"chr6","12004564","12004832","KN295117v1","109017","109294","47","11895547"
"chr6","12024670","12024957","KN296620v1","349918","350214","38","11674752"
"chr6","12029604","12029908","KN295459v1","673095","673397","39","11356509"
"chr6","12030692","12030936","KN296119v1","5465931","5466177","36","6564761"
"chr6","12047108","12047406","KN294893v1","152617","152913","34","11894491"
"chr6","12062750","12062922","KN296153v1","2423488","2423661","29","9639262"
"chr6","12062933","12063145","KN296426v1","64367","64561","46","11998566"
"chr6","12115766","12116071","KN294987v1","484757","485066","40","11631009"
"chr6","12137968","12138268","KN296921v1","2918407","2918707","36","9219561"
"chr6","12221680","12221979","KN295936v1","2116023","2116322","44","10105657"
"chr6","12228525","12228816","KN294571v1","890748","891049","43","11337777"
"chr6","12246706","12247006","KN297442v1","1029039","1029329","43","11217667"
"chr6","12248676","12248902","KN295967v1","625826","626071","48","11622850"
"chr6","12295456","12295760","KN296635v1","4572120","4572425","33","7723336"
"chr6","12304737","12305036","KN296496v1","988332","988629","32","11316405"
"chr6","12307097","12307403","KN296158v1","1175251","1175559","45","11131846"
"chr6","12310946","12311103","KN294911v1","3846799","3846969","37","8464147"
"chr6","12323430","12323615","KN294336v1","39333","39510","34","12284097"
"chr6","12329868","12330172","KN295814v1","1059254","1059558","39","11270614"
"chr6","12340950","12341251","KN294571v1","1418370","1418670","40","10922580"
"chr6","12432669","12432947","KN295102v1","108723","108998","33","12323946"
"chr6","12433347","12433641","KN296178v1","1038758","1039049","42","11394589"
"chr6","12483316","12483627","KN294998v1","39961","40266","48","12443355"
"chr6","12531724","12532022","KN295326v1","100464","100755","41","12431260"
"chr6","12552324","12552616","KN294229v1","67784","68074","36","12484540"
"chr6","12691873","12692176","KN297023v1","480259","480560","27","12211614"
"chr6","12719915","12720231","KN297343v1","838980","839296","39","11880935"
"chr6","12732307","12732611","KN294470v1","3504565","3504867","37","9227742"
"chr6","12762582","12762880","KN295343v1","729289","729587","36","12033293"
"chr6","12764304","12764605","KN296833v1","30824","31126","35","12733480"
"chr6","12812684","12813011","KN296460v1","119303","119632","46","12693381"
"chr6","12821748","12822053","KN294407v1","2157068","2157379","40","10664680"
"chr6","12873309","12873612","KN297276v1","143691","143993","31","12729618"
"chr6","12901525","12901835","KN295735v1","1160753","1161064","40","11740772"
"chr6","12925560","12925869","KN297442v1","1612430","1612738","47","11313130"
"chr6","12929143","12929453","KN295477v1","23872","24183","31","12905271"
"chr6","12979152","12979419","KN296732v1","2489188","2489459","67","10489964"
"chr6","12979765","12980068","KN296036v1","898092","898396","39","12081673"
"chr6","12982267","12982571","KN296311v1","2283043","2283345","37","10699224"
"chr6","12984240","12984547","KN295666v1","873327","873629","39","12110913"
"chr6","12997944","12998186","KN296795v1","2602648","2602889","36","10395296"
"chr6","13031321","13031626","KN295705v1","2074894","2075198","37","10956427"
"chr6","13041741","13042041","KN296485v1","541954","542254","39","12499787"
"chr6","13049098","13049406","KN294977v1","221765","222074","43","12827333"
"chr6","13073064","13073353","KN296311v1","2283043","2283345","45","10790021"
"chr6","13188523","13188814","KN294705v1","867156","867449","34","12321367"
"chr6","13252704","13252998","KN295835v1","84846","85139","40","13167858"
"chr6","13256275","13256583","KN295907v1","257976","258287","36","12998299"
"chr6","13349794","13350087","KN295573v1","192599","192895","31","13157195"
"chr6","13373183","13373496","KN294957v1","62097","62408","36","13311086"
"chr6","13412124","13412433","KN294705v1","237979","238279","45","13174145"
"chr6","13434941","13435249","KN296167v1","450049","450355","30","12984892"
"chr6","13444165","13444462","KN296153v1","1090111","1090408","32","12354054"
"chr6","13463241","13463531","KN295114v1","157283","157573","35","13305958"
"chr6","13487696","13487930","KN297112v1","5976265","5976494","37","7511431"
"chr6","13543729","13544041","KN294911v1","2842843","2843153","38","10700886"
"chr6","13597444","13597741","KN295729v1","826689","826980","38","12770755"
"chr6","13622817","13622986","KN295102v1","122392","122558","21","13500425"
"chr6","13623497","13623783","KN295731v1","21589","21872","44","13601908"
"chr6","13641088","13641373","KN296153v1","1411494","1411772","61","12229594"
"chr6","13651112","13651344","KN294539v1","456068","456297","35","13195044"
"chr6","13669230","13669511","KN295907v1","2229273","2229556","42","11439957"
"chr6","13669555","13669855","KN295352v1","545091","545395","41","13124464"
"chr6","13697534","13697834","KN296430v1","1105044","1105344","39","12592490"
"chr6","13795996","13796307","KN296551v1","263813","264121","37","13532183"
"chr6","13804408","13804618","KN295977v1","1276894","1277103","36","12527514"
"chr6","13807369","13807681","KN294257v1","1771672","1771973","44","12035697"
"chr6","13808955","13809252","KN294456v1","1098138","1098439","42","12710817"
"chr6","13827350","13827659","KN296714v1","277101","277409","43","13550249"
"chr6","13833297","13833515","KN296948v1","1264296","1264518","35","12569001"
"chr6","13841138","13841442","KN294181v1","1579076","1579376","36","12262062"
"chr6","13842433","13842725","KN294842v1","1338331","1338623","38","12504102"
"chr6","13872075","13872385","KN294957v1","62097","62408","42","13809978"
"chr6","13886392","13886702","KN296484v1","933737","934045","33","12952655"
"chr6","13892469","13892755","KN296547v1","396597","396892","41","13495872"
"chr6","13925510","13925816","KN296883v1","1095482","1095783","40","12830028"
"chr6","13933852","13934155","KN295480v1","1302107","1302401","52","12631745"
"chr6","13940689","13940985","KN294172v1","2607718","2608018","47","11332971"
"chr6","13945850","13946143","KN296153v1","1090111","1090408","42","12855739"
"chr6","13947513","13947816","KN295735v1","979548","979848","41","12967965"
"chr6","13953466","13953775","KN294199v1","636506","636815","38","13316960"
"chr6","13960103","13960408","KN295846v1","24517","24819","39","13935586"
"chr6","13965955","13966261","KN297133v1","1416725","1417022","47","12549230"
"chr6","13979696","13979952","KN296643v1","682501","682769","49","13297195"
"chr6","13988402","13988687","KN297312v1","264456","264751","39","13723946"
"chr6","13998794","13999072","KN295586v1","5255611","5255896","46","8743183"
"chr6","14004527","14004832","KN297154v1","1039874","1040175","35","12964653"
"chr6","14011487","14011784","KN295343v1","729289","729587","36","13282198"
"chr6","14017555","14017855","KN294539v1","1287945","1288241","35","12729610"
"chr6","14097344","14097637","KN294470v1","2136945","2137241","38","11960399"
"chr6","14129402","14129696","KN294526v1","334958","335253","33","13794444"
"chr6","14146344","14146634","KN295729v1","826689","826980","38","13319655"
"chr6","14174866","14175171","KN296311v1","2891003","2891305","33","11283863"
"chr6","14207434","14207749","KN294911v1","2788895","2789211","43","11418539"
"chr6","14216638","14216965","KN294257v1","2642468","2642800","61","11574170"
"chr6","14236433","14236735","KN296926v1","272677","272978","37","13963756"
"chr6","14385507","14385808","KN295301v1","716124","716425","36","13669383"
"chr6","14467990","14468315","KN296096v1","2503433","2503749","43","11964557"
"chr6","14472251","14472574","KN296406v1","331458","331754","64","14140793"
"chr6","14626933","14627241","KN295748v1","161587","161896","32","14465346"
"chr6","14628878","14629041","KN295102v1","122392","122558","27","14506486"
"chr6","14667858","14668130","KN295717v1","1736949","1737229","38","12930909"
"chr6","14783125","14783398","KN294458v1","1171290","1171562","39","13611835"
"chr6","14831631","14831942","KN294911v1","2389002","2389309","38","12442629"
"chr6","14849376","14849653","KN296732v1","3307334","3307612","38","11542042"
"chr6","14896451","14896757","KN297008v1","5122310","5122605","37","9774141"
"chr6","14905133","14905428","KN295708v1","478057","478353","35","14427076"
"chr6","14986820","14987123","KN294790v1","163386","163690","37","14823434"
"chr6","14990187","14990495","KN296847v1","318048","318359","38","14672139"
"chr6","14993913","14994208","KN296743v1","2255912","2256204","37","12738001"
"chr6","14998490","14998765","KN295977v1","193157","193443","53","14805333"
"chr6","15028554","15028856","KN297046v1","2972429","2972729","33","12056125"
"chr6","15031507","15031754","KN296307v1","88094","88346","45","14943413"
"chr6","15035832","15036140","KN295748v1","161587","161896","39","14874245"
"chr6","15045745","15046046","KN296743v1","323605","323904","36","14722140"
"chr6","15054812","15055109","KN296749v1","209142","209447","35","14845670"
"chr6","15077851","15078145","KN296781v1","21399","21688","30","15056452"
"chr6","15079969","15080276","KN297008v1","178445","178753","43","14901524"
"chr6","15095133","15095431","KN294561v1","1084406","1084703","55","14010727"
"chr6","15095506","15095804","KN296682v1","1930392","1930690","31","13165114"
"chr6","15157614","15157920","KN294217v1","718762","719064","43","14438852"
"chr6","15161529","15161838","KN295846v1","24517","24819","33","15137012"
"chr6","15168321","15168610","KN294172v1","2063875","2064162","39","13104446"
"chr6","15181265","15181576","KN296406v1","250415","250727","40","14930850"
"chr6","15183713","15183959","KN295717v1","1445363","1445625","49","13738350"
"chr6","15184680","15184971","KN294456v1","1143112","1143404","39","14041568"
"chr6","15205833","15206151","KN296620v1","376927","377237","48","14828906"
"chr6","15210180","15210479","KN296011v1","34273","34572","38","15175907"
"chr6","15211669","15211980","KN295586v1","1244707","1245017","39","13966962"
"chr6","15216637","15216947","KN295459v1","673095","673397","42","14543542"
"chr6","15217554","15217864","KN296635v1","2387021","2387331","32","12830533"
"chr6","15232268","15232567","KN296153v1","1090111","1090408","37","14142157"
"chr6","15235378","15235680","KN295257v1","1225806","1226107","37","14009572"
"chr6","15235684","15235858","KN296079v1","1027617","1027786","26","14208067"
"chr6","15243502","15243806","KN296311v1","2891003","2891305","43","12352499"
"chr6","15257466","15257769","KN296263v1","810253","810550","36","14447213"
"chr6","15263341","15263637","KN296153v1","3200799","3201096","37","12062542"
"chr6","15268410","15268704","KN294193v1","425211","425504","36","14843199"
"chr6","15279740","15279879","KN297032v1","281875","281994","43","14997865"
"chr6","15280609","15280779","KN294957v1","73265","73439","28","15207344"
"chr6","15282253","15282539","KN296588v1","943378","943667","35","14338875"
"chr6","15285633","15285924","KN297028v1","628758","629052","41","14656875"
"chr6","15287751","15288052","KN294995v1","15599","15901","37","15272152"
"chr6","15314559","15314855","KN295835v1","84846","85139","39","15229713"
"chr6","15316710","15317023","KN294526v1","376240","376554","47","14940470"
"chr6","15345328","15345616","KN297203v1","1038785","1039072","40","14306543"
"chr6","15347034","15347318","KN295923v1","1076581","1076859","47","14270453"
"chr6","15350158","15350336","KN297159v1","642561","642739","30","14707597"
"chr6","15351354","15351658","KN294364v1","38082","38387","26","15313272"
"chr6","15356003","15356173","KN296153v1","2706581","2706749","29","12649422"
"chr6","15356485","15356782","KN294470v1","2136945","2137241","38","13219540"
"chr6","15357292","15357595","KN294758v1","2273856","2274158","43","13083436"
"chr6","15367225","15367506","KN294271v1","412692","412969","42","14954533"
"chr6","15376330","15376619","KN294756v1","253","541","45","15376077"
"chr6","15376789","15377101","KN296442v1","240311","240625","44","15136478"
"chr6","15378684","15378974","KN294326v1","619990","620278","38","14758694"
"chr6","15381155","15381458","KN295984v1","587286","587590","31","14793869"
"chr6","15386083","15386376","KN295099v1","146922","147217","39","15239161"
"chr6","15389801","15390085","KN294302v1","756229","756509","47","14633572"
"chr6","15397229","15397523","KN294987v1","1477069","1477366","41","13920160"
"chr6","15413148","15413453","KN294591v1","219840","220143","50","15193308"
"chr6","15417192","15417423","KN295405v1","757351","757593","45","14659841"
"chr6","15426103","15426404","KN297133v1","950328","950631","33","14475775"
"chr6","15437212","15437509","KN295871v1","615076","615373","33","14822136"
"chr6","15455377","15455543","KN295365v1","746369","746530","28","14709008"
"chr6","15464813","15465104","KN296311v1","832074","832375","42","14632739"
"chr6","15478488","15478745","KN297047v1","2713675","2713939","46","12764813"
"chr6","15521627","15521911","KN296731v1","1842469","1842745","60","13679158"
"chr6","15598736","15599040","KN296311v1","854862","855163","42","14743874"
"chr6","15622839","15623120","KN295729v1","826689","826980","36","14796150"
"chr6","15685741","15686034","KN297046v1","1602395","1602689","39","14083346"
"chr6","15702240","15702541","KN296682v1","1930392","1930690","26","13771848"
"chr6","15734288","15734583","KN296643v1","110686","110980","42","15623602"
"chr6","15738495","15738784","KN295729v1","826689","826980","31","14911806"
"chr6","15751723","15752026","KN296833v1","30824","31126","37","15720899"
"chr6","15762094","15762391","KN296977v1","42110","42399","42","15719984"
"chr6","15765885","15766198","KN295735v1","1160753","1161064","37","14605132"
"chr6","15766962","15767265","KN295943v1","398250","398552","30","15368712"
"chr6","15778716","15779003","KN294747v1","993118","993403","50","14785598"
"chr6","15805989","15806291","KN296079v1","686222","686522","38","15119767"
"chr6","15838105","15838406","KN295893v1","201085","201389","32","15637020"
"chr6","15851302","15851600","KN295984v1","1179396","1179693","46","14671906"
"chr6","15853416","15853709","KN295729v1","826689","826980","33","15026727"
"chr6","15860960","15861252","KN295729v1","826689","826980","39","15034271"
"chr6","15891749","15891930","KN295667v1","981703","981884","29","14910046"
"chr6","15931072","15931390","KN297322v1","1922852","1923166","45","14008220"
"chr6","15938954","15939258","KN295034v1","280827","281133","50","15658127"
"chr6","15985265","15985564","KN295198v1","274974","275272","42","15710291"
"chr6","15987083","15987387","KN295362v1","1043462","1043763","37","14943621"
"chr6","15995232","15995541","KN296305v1","652930","653232","39","15342302"
"chr6","16011805","16012111","KN295294v1","555675","555978","43","15456130"
"chr6","16081920","16082226","KN294592v1","623157","623462","41","15458763"
"chr6","16085316","16085602","KN296538v1","938460","938756","44","15146856"
"chr6","16113348","16113645","KN296577v1","98091","98385","41","16015257"
"chr6","16149603","16149908","KN296386v1","377664","377967","45","15771939"
"chr6","16236390","16236679","KN294345v1","1119451","1119736","33","15116939"
"chr6","16241245","16241558","KN295352v1","545091","545395","45","15696154"
"chr6","16286078","16286378","KN296964v1","1011528","1011825","32","15274550"
"chr6","16287102","16287373","KN294161v1","894750","895027","37","15392352"
"chr6","16331940","16332226","KN297195v1","26376","26667","41","16305564"
"chr6","16344396","16344688","KN295983v1","653692","653984","35","15690704"
"chr6","16374615","16374904","KN296484v1","733487","733776","39","15641128"
"chr6","16385953","16386258","KN294535v1","120708","121012","35","16265245"
"chr6","16386593","16386902","KN296158v1","1175251","1175559","47","15211342"
"chr6","16427172","16427451","KN295459v1","1101140","1101421","36","15326032"
"chr6","16428232","16428537","KN294790v1","163386","163690","40","16264846"
"chr6","16429160","16429459","KN297023v1","480259","480560","33","15948901"
"chr6","16462268","16462573","KN294199v1","636506","636815","44","15825762"
"chr6","16478438","16478747","KN295667v1","446463","446767","40","16031975"
"chr6","16484725","16485026","KN294790v1","163386","163690","45","16321339"
"chr6","16487633","16487943","KN294193v1","765791","766099","38","15721842"
"chr6","16488493","16488796","KN295883v1","173429","173738","38","16315064"
"chr6","16496238","16496544","KN296062v1","1211174","1211481","53","15285064"
"chr6","16502928","16503217","KN294181v1","1424178","1424469","27","15078750"
"chr6","16513818","16514121","KN296635v1","3876048","3876352","44","12637770"
"chr6","16518045","16518317","KN296036v1","300943","301205","57","16217102"
"chr6","16529221","16529507","KN294224v1","1080394","1080681","31","15448827"
"chr6","16538471","16538781","KN295623v1","444203","444514","37","16094268"
"chr6","16564414","16564708","KN294592v1","1036828","1037126","41","15527586"
"chr6","16569145","16569416","KN296322v1","1075551","1075830","43","15493594"
"chr6","16587136","16587447","KN296406v1","250415","250727","38","16336721"
"chr6","16607974","16608277","KN296404v1","1150048","1150343","33","15457926"
"chr6","16619530","16619818","KN294911v1","2173530","2173819","42","14446000"
"chr6","16667993","16668295","KN295343v1","729289","729587","40","15938704"
"chr6","16710194","16710403","KN295977v1","1276894","1277103","44","15433300"
"chr6","16729387","16729694","KN295706v1","488396","488699","50","16240991"
"chr6","16815264","16815545","KN294917v1","868288","868575","46","15946976"
"chr6","16844814","16845125","KN296349v1","45344","45654","54","16799470"
"chr6","16846447","16846761","KN297023v1","480259","480560","50","16366188"
"chr6","16905099","16905396","KN296557v1","13515","13811","39","16891584"
"chr6","16923726","16924033","KN295722v1","1373842","1374147","35","15549884"
"chr6","16949710","16949995","KN295405v1","1103956","1104248","37","15845754"
"chr6","16980374","16980709","KN296180v1","1128018","1128327","63","15852356"
"chr6","17083702","17083994","KN296263v1","970564","970862","40","16113138"
"chr6","17088335","17088642","KN294548v1","1161001","1161308","48","15927334"
"chr6","17097591","17097869","KN295633v1","1133330","1133601","50","15964261"
"chr6","17123854","17124145","KN296484v1","733487","733776","40","16390367"
"chr6","17144732","17145027","KN295729v1","826689","826980","37","16318043"
"chr6","17154941","17155235","KN296153v1","3141084","3141383","33","14013857"
"chr6","17182545","17182854","KN295735v1","167742","168046","33","17014803"
"chr6","17203309","17203622","KN296731v1","694955","695263","40","16508354"
"chr6","17227501","17227804","KN296938v1","986427","986732","44","16241074"
"chr6","17274445","17274738","KN295102v1","311884","312184","41","16962561"
"chr6","17292094","17292392","KN295735v1","1380746","1381033","41","15911348"
"chr6","17347006","17347314","KN297070v1","379833","380141","36","16967173"
"chr6","17350073","17350383","KN295571v1","513084","513393","38","16836989"
"chr6","17376029","17376343","KN297442v1","1612430","1612738","44","15763599"
"chr6","17395287","17395588","KN296311v1","4718138","4718441","37","12677149"
"chr6","17434865","17435155","KN295205v1","647693","647976","52","16787172"
"chr6","17439647","17439942","KN294917v1","405138","405434","27","17034509"
"chr6","17473757","17474068","KN296357v1","507108","507414","40","16966649"
"chr6","17490248","17490557","KN296062v1","1211174","1211481","37","16279074"
"chr6","17512153","17512439","KN294172v1","2063875","2064162","48","15448278"
"chr6","17514085","17514379","KN294647v1","185532","185822","35","17328553"
"chr6","17534485","17534769","KN294224v1","916842","917130","44","16617643"
"chr6","17542286","17542579","KN294991v1","1838724","1839016","31","15703562"
"chr6","17564214","17564513","KN296430v1","1136125","1136422","36","16428089"
"chr6","17582428","17582712","KN297452v1","2019906","2020191","42","15562522"
"chr6","17586394","17586685","KN295096v1","2965990","2966278","33","14620404"
"chr6","17591073","17591371","KN294470v1","2033373","2033668","33","15557700"
"chr6","17596985","17597156","KN294790v1","931254","931420","25","16665731"
"chr6","17603996","17604300","KN295294v1","555675","555978","36","17048321"
"chr6","17625039","17625330","KN295480v1","1302107","1302401","34","16322932"
"chr6","17626302","17626594","KN296547v1","396597","396892","36","17229705"
"chr6","17629050","17629347","KN297245v1","1416081","1416379","32","16212969"
"chr6","17686693","17686972","KN295893v1","7273160","7273454","44","10413533"
"chr6","17690091","17690379","KN295573v1","502898","503186","33","17187193"
"chr6","17729109","17729414","KN295814v1","1059254","1059558","35","16669855"
"chr6","17729809","17730119","KN294251v1","1707208","1707507","50","16022601"
"chr6","17764789","17765044","KN296154v1","1387123","1387387","53","16377666"
"chr6","17809998","17810267","KN295352v1","1398770","1399044","41","16411228"
"chr6","17819517","17819816","KN294378v1","1310611","1310912","36","16508906"
"chr6","17828266","17828531","KN296594v1","1040988","1041253","34","16787278"
"chr6","17840584","17840879","KN297095v1","584794","585091","32","17255790"
"chr6","17900554","17900726","KN295533v1","1763610","1763792","39","16136944"
"chr6","17909901","17910191","KN295430v1","2554896","2555197","36","15355005"
"chr6","17919639","17919921","KN296498v1","39342","39625","44","17880297"
"chr6","17929057","17929360","KN296079v1","686222","686522","38","17242835"
"chr6","17939625","17939934","KN294911v1","2389002","2389309","37","15550623"
"chr6","17968742","17969050","KN296153v1","2365186","2365493","35","15603556"
"chr6","17982990","17983285","KN294539v1","1287945","1288241","35","16695045"
"chr6","18009477","18009636","KN294598v1","109238","109402","25","17900239"
"chr6","18016243","18016546","KN296732v1","2156832","2157132","34","15859411"
"chr6","18020317","18020608","KN295045v1","915452","915742","40","17104865"
"chr6","18021447","18021755","KN295301v1","716124","716425","40","17305323"
"chr6","18028692","18028886","KN296426v1","64367","64561","35","17964325"
"chr6","18036750","18037032","KN297046v1","1541933","1542216","37","16494817"
"chr6","18037142","18037443","KN294193v1","535425","535726","39","17501717"
"chr6","18042863","18043160","KN294172v1","3983440","3983739","36","14059423"
"chr6","18055269","18055557","KN296322v1","1392101","1392390","44","16663168"
"chr6","18133116","18133423","KN294790v1","163386","163690","46","17969730"
"chr6","18141456","18141746","KN294911v1","2646845","2647138","30","15494611"
"chr6","18149358","18149667","KN295205v1","662417","662724","48","17486941"
"chr6","18159534","18159777","KN295835v1","199186","199432","62","17960348"
"chr6","18181788","18182092","KN294790v1","163386","163690","38","18018402"
"chr6","18188783","18189079","KN296460v1","1526038","1526339","45","16662745"
"chr6","18197009","18197321","KN294453v1","23988","24299","40","18173021"
"chr6","18202281","18202583","KN295962v1","2135300","2135608","48","16066981"
"chr6","18228065","18228375","KN294193v1","774395","774701","39","17453670"
"chr6","18230687","18230987","KN296153v1","1090111","1090408","42","17140576"
"chr6","18240497","18240814","KN294378v1","1504358","1504668","47","16736139"
"chr6","18266262","18266550","KN297165v1","57634","57924","42","18208628"
"chr6","18268609","18268916","KN294548v1","1161001","1161308","42","17107608"
"chr6","18279511","18279824","KN294548v1","1161001","1161308","45","17118510"
"chr6","18283317","18283600","KN296955v1","778413","778706","42","17504904"
"chr6","18288903","18289160","KN294172v1","1540690","1540957","44","16748213"
"chr6","18293457","18293758","KN296926v1","1143380","1143688","46","17150077"
"chr6","18296267","18296563","KN296404v1","1550623","1550924","38","16745644"
"chr6","18300265","18300551","KN297190v1","4200135","4200423","34","14100130"
"chr6","18302380","18302677","KN297023v1","480259","480560","35","17822121"
"chr6","18307756","18308055","KN296795v1","1982384","1982684","46","16325372"
"chr6","18328084","18328372","KN294705v1","1468786","1469068","40","16859298"
"chr6","18345691","18345988","KN296893v1","171748","172044","38","18173943"
"chr6","18349181","18349495","KN294957v1","62097","62408","47","18287084"
"chr6","18361793","18362087","KN295075v1","236772","237067","33","18125021"
"chr6","18364267","18364561","KN294147v1","1191891","1192182","40","17172376"
"chr6","18368984","18369299","KN296649v1","502099","502397","58","17866885"
"chr6","18379148","18379459","KN295883v1","173429","173738","36","18205719"
"chr6","18395704","18396003","KN296520v1","474691","474989","31","17921013"
"chr6","18398386","18398700","KN296090v1","89328","89638","35","18309058"
"chr6","18404043","18404333","KN296094v1","132678","132976","41","18271365"
"chr6","18422532","18422832","KN296153v1","1115266","1115561","34","17307266"
"chr6","18458017","18458312","KN297190v1","4791191","4791489","45","13666826"
"chr6","18473694","18473982","KN294917v1","401690","401984","42","18072004"
"chr6","18476176","18476471","KN294421v1","675901","676197","37","17800275"
"chr6","18483098","18483406","KN294172v1","1521503","1521812","34","16961595"
"chr6","18486663","18486957","KN294457v1","990718","991014","34","17495945"
"chr6","18496230","18496542","KN296406v1","250415","250727","42","18245815"
"chr6","18523965","18524264","KN294345v1","1360179","1360481","36","17163786"
"chr6","18528608","18528899","KN296063v1","585291","585582","39","17943317"
"chr6","18532109","18532418","KN296357v1","653990","654295","37","17878119"
"chr6","18557122","18557357","KN295405v1","757351","757593","37","17799771"
"chr6","18580082","18580391","KN295077v1","634537","634842","48","17945545"
"chr6","18593719","18594030","KN294245v1","511576","511887","42","18082143"
"chr6","18596488","18596799","KN294245v1","511576","511887","42","18084912"
"chr6","18631843","18632150","KN297442v1","1612430","1612738","40","17019413"
"chr6","18641740","18642037","KN295420v1","208371","208668","29","18433369"
"chr6","18669467","18669769","KN295814v1","1059254","1059558","41","17610213"
"chr6","18691027","18691318","KN294516v1","17906","18200","32","18673121"
"chr6","18697397","18697695","KN297245v1","1416081","1416379","44","17281316"
"chr6","18701025","18701336","KN295441v1","638423","638727","36","18062602"
"chr6","18783779","18784088","KN296303v1","514845","515157","33","18268934"
"chr6","18931752","18932051","KN295319v1","93746","94048","40","18838006"
"chr6","18953950","18954233","KN297242v1","2046546","2046825","32","16907404"
"chr6","18954416","18954711","KN294571v1","1418370","1418670","36","17536046"
"chr6","18971396","18971711","KN294407v1","680296","680609","37","18291100"
"chr6","19127872","19128174","KN296357v1","507108","507414","43","18620764"
"chr6","19192140","19192440","KN297032v1","184087","184386","36","19008053"
"chr6","19217636","19217951","KN296795v1","2320523","2320832","44","16897113"
"chr6","19772886","19773164","KN294457v1","205085","205362","49","19567801"
"chr6","19839149","19839443","KN294991v1","1101335","1101628","33","18737814"
"chr6","19874727","19874947","KN295854v1","386318","386536","30","19488409"
"chr6","19875049","19875348","KN296263v1","810253","810550","34","19064796"
"chr6","19895581","19895891","KN294172v1","1466090","1466400","46","18429491"
"chr6","19897257","19897536","KN295236v1","3520334","3520624","50","16376923"
"chr6","19919886","19920189","KN296404v1","1150048","1150343","38","18769838"
"chr6","19949847","19950121","KN296453v1","1512197","1512470","33","18437650"
"chr6","19950625","19950960","KN297120v1","75979","76311","51","19874646"
"chr6","19966139","19966448","KN294592v1","144298","144605","35","19821841"
"chr6","20033472","20033785","KN295735v1","1160753","1161064","37","18872719"
"chr6","20058445","20058751","KN294187v1","783464","783769","42","19274981"
"chr6","20079519","20079762","KN296495v1","1323826","1324037","65","18755693"
"chr6","20111172","20111343","KN295075v1","425480","425656","28","19685692"
"chr6","20139501","20139792","KN294456v1","1143112","1143404","37","18996389"
"chr6","20151259","20151562","KN294421v1","210555","210857","46","19940704"
"chr6","20186860","20187174","KN296682v1","4961231","4961540","47","15225629"
"chr6","20284248","20284557","KN294685v1","199152","199463","41","20085096"
"chr6","20303593","20303902","KN295548v1","17538","17846","41","20286055"
"chr6","20305052","20305360","KN295735v1","1160753","1161064","33","19144299"
"chr6","20331906","20332200","KN294571v1","1677168","1677468","36","18654738"
"chr6","20337597","20337886","KN294644v1","85408","85699","50","20252189"
"chr6","20343665","20343972","KN294884v1","66822","67131","39","20276843"
"chr6","20363089","20363394","KN294603v1","111945","112247","39","20251144"
"chr6","20379669","20379981","KN295487v1","52973","53281","40","20326696"
"chr6","20387202","20387514","KN295294v1","144704","145013","40","20242498"
"chr6","20407912","20408197","KN296138v1","3145","3429","32","20404767"
"chr6","20408413","20408589","KN297026v1","295454","295621","36","20112959"
"chr6","20409101","20409185","KN296732v1","3294384","3294461","23","17114717"
"chr6","20411357","20411653","KN297095v1","2548983","2549281","37","17862374"
"chr6","20445490","20445694","KN296145v1","3101297","3101502","35","17344193"
"chr6","20462623","20462934","KN294957v1","62097","62408","37","20400526"
"chr6","20496301","20496602","KN296287v1","119329","119630","44","20376972"
"chr6","20518353","20518667","KN294987v1","390908","391223","39","20127445"
"chr6","20523668","20523842","KN296096v1","2363438","2363604","24","18160230"
"chr6","20542196","20542486","KN295350v1","61187","61477","34","20481009"
"chr6","20550402","20550681","KN294777v1","603434","603706","43","19946968"
"chr6","20586209","20586496","KN295236v1","2780747","2781033","28","17805462"
"chr6","20650381","20650686","KN296557v1","13515","13811","45","20636866"
"chr6","20653810","20654116","KN296311v1","4084587","4084892","36","16569223"
"chr6","20685668","20685977","KN295984v1","1078909","1079220","41","19606759"
"chr6","20688009","20688249","KN294548v1","358515","358762","37","20329494"
"chr6","20688293","20688598","KN296486v1","81083","81394","50","20607210"
"chr6","20712309","20712605","KN294539v1","1287945","1288241","34","19424364"
"chr6","20716408","20716717","KN296833v1","30824","31126","42","20685584"
"chr6","20718901","20719216","KN294630v1","349899","350210","35","20369002"
"chr6","20723319","20723623","KN295352v1","490330","490634","44","20232989"
"chr6","20756632","20756919","KN296357v1","559775","560070","52","20196857"
"chr6","20764957","20765232","KN294662v1","218243","218524","44","20546714"
"chr6","20799054","20799239","KN295243v1","1350824","1351010","30","19448230"
"chr6","20823823","20824132","KN294964v1","1171001","1171302","49","19652822"
"chr6","20831270","20831569","KN294193v1","425211","425504","35","20406059"
"chr6","20872291","20872568","KN296040v1","275719","276000","41","20596572"
"chr6","20950081","20950390","KN295735v1","1160753","1161064","33","19789328"
"chr6","20980568","20980878","KN295477v1","23872","24183","34","20956696"
"chr6","21014717","21014885","KN294957v1","73265","73439","38","20941452"
"chr6","21060403","21060625","KN295994v1","62983","63200","31","20997420"
"chr6","21075108","21075308","KN294172v1","5723758","5723953","44","15351350"
"chr6","21079310","21079611","KN295607v1","4406348","4406645","34","16672962"
"chr6","21162740","21163039","KN296322v1","2692700","2693002","37","18470040"
"chr6","21196474","21196776","KN294378v1","1299916","1300218","39","19896558"
"chr6","21199294","21199596","KN297442v1","1612430","1612738","40","19586864"
"chr6","21224288","21224435","KN297095v1","1363782","1363930","25","19860506"
"chr6","21268615","21268924","KN297190v1","4279665","4279973","32","16988950"
"chr6","21288620","21288932","KN294987v1","124415","124728","35","21164205"
"chr6","21295700","21296001","KN294789v1","107780","108080","41","21187920"
"chr6","21314375","21314689","KN297452v1","1012126","1012427","45","20302249"
"chr6","21334074","21334356","KN295459v1","1101140","1101421","36","20232934"
"chr6","21391074","21391368","KN295090v1","651971","652272","37","20739103"
"chr6","21436601","21436887","KN295601v1","2349686","2349969","53","19086915"
"chr6","21462284","21462523","KN294210v1","1049918","1050171","59","20412366"
"chr6","21482634","21482939","KN294926v1","35872","36173","38","21446762"
"chr6","21488868","21489176","KN294777v1","371314","371618","43","21117554"
"chr6","21523264","21523537","KN294558v1","51438","51702","49","21471826"
"chr6","21529674","21529969","KN295729v1","826689","826980","32","20702985"
"chr6","21535790","21536094","KN297276v1","143691","143993","34","21392099"
"chr6","21561315","21561632","KN297190v1","6595382","6595695","49","14965933"
"chr6","21607870","21608153","KN296322v1","1336890","1337174","42","20270980"
"chr6","21619428","21619699","KN295350v1","478679","478942","38","21140749"
"chr6","21639912","21640219","KN295607v1","4406348","4406645","44","17233564"
"chr6","21642080","21642260","KN296577v1","160723","160900","40","21481357"
"chr6","21665500","21665791","KN295977v1","1131033","1131330","41","20534467"
"chr6","21667328","21667631","KN296849v1","908487","908787","56","20758841"
"chr6","21672007","21672302","KN295637v1","795675","795978","44","20876332"
"chr6","21683187","21683469","KN294991v1","665172","665457","52","21018015"
"chr6","21690861","21691161","KN297047v1","3987588","3987889","37","17703273"
"chr6","21691467","21691770","KN295077v1","487498","487802","46","21203969"
"chr6","21697003","21697190","KN294741v1","1596077","1596264","30","20100926"
"chr6","21699670","21699962","KN294705v1","867156","867449","34","20832514"
"chr6","21710381","21710675","KN295729v1","826689","826980","35","20883692"
"chr6","21718328","21718625","KN296620v1","349918","350214","34","21368410"
"chr6","21720382","21720699","KN296404v1","2968202","2968511","48","18752180"
"chr6","21723529","21723825","KN295729v1","826689","826980","42","20896840"
"chr6","21753576","21753881","KN295034v1","280827","281133","39","21472749"
"chr6","21762595","21762791","KN296426v1","64367","64561","27","21698228"
"chr6","21762842","21763144","KN296063v1","599708","600007","38","21163134"
"chr6","21763743","21763982","KN296921v1","438156","438387","39","21325587"
"chr6","21780553","21780855","KN296322v1","894001","894303","38","20886552"
"chr6","21782341","21782655","KN295548v1","17538","17846","41","21764803"
"chr6","21783982","21784274","KN294470v1","2136945","2137241","38","19647037"
"chr6","21787727","21788019","KN296157v1","965043","965337","37","20822684"
"chr6","21789734","21790049","KN295319v1","42222","42534","48","21747512"
"chr6","21790153","21790449","KN296833v1","30824","31126","44","21759329"
"chr6","21794014","21794320","KN295236v1","35793","36099","36","21758221"
"chr6","21825264","21825584","KN295977v1","843677","843987","46","20981587"
"chr6","21834156","21834453","KN294456v1","1098138","1098439","36","20736018"
"chr6","21882459","21882758","KN295099v1","146922","147217","39","21735537"
"chr6","21888155","21888454","KN294501v1","590340","590639","33","21297815"
"chr6","21906354","21906641","KN295523v1","2581270","2581555","36","19325084"
"chr6","21914149","21914426","KN296119v1","4982493","4982773","36","16931656"
"chr6","21918039","21918307","KN296000v1","1287199","1287482","49","20630840"
"chr6","21928439","21928738","KN294287v1","530811","531116","34","21397628"
"chr6","21936901","21937185","KN296460v1","1089061","1089340","33","20847840"
"chr6","21943823","21944115","KN295260v1","1916794","1917085","33","20027029"
"chr6","21961251","21961545","KN294193v1","425211","425504","31","21536040"
"chr6","21967419","21967701","KN295706v1","62893","63174","31","21904526"
"chr6","21973255","21973555","KN296833v1","30824","31126","35","21942431"
"chr6","21985439","21985711","KN294540v1","1090842","1091120","36","20894597"
"chr6","22000543","22000845","KN296311v1","768493","768797","42","21232050"
"chr6","22005672","22006004","KN296825v1","1012135","1012463","51","20993537"
"chr6","22010141","22010439","KN295633v1","2352774","2353077","40","19657367"
"chr6","22017035","22017331","KN294693v1","725536","725835","32","21291499"
"chr6","22022131","22022433","KN297095v1","1263323","1263625","39","20758808"
"chr6","22026514","22026825","KN296507v1","661623","661931","55","21364891"
"chr6","22036956","22037264","KN295034v1","285242","285543","40","21751714"
"chr6","22040859","22041169","KN294269v1","243418","243728","35","21797441"
"chr6","22042302","22042598","KN296486v1","1726381","1726674","39","20315921"
"chr6","22060012","22060307","KN294172v1","3983440","3983739","27","18076572"
"chr6","22066099","22066389","KN296079v1","1466725","1467012","33","20599374"
"chr6","22071654","22071959","KN294873v1","1662558","1662861","38","20409096"
"chr6","22085550","22085847","KN294407v1","1465772","1466071","49","20619778"
"chr6","22101440","22101753","KN295667v1","1695804","1696115","43","20405636"
"chr6","22103561","22103817","KN295637v1","330898","331165","41","21772663"
"chr6","22108073","22108228","KN295284v1","109447","109602","25","21998626"
"chr6","22133927","22134164","KN294758v1","2046011","2046244","31","20087916"
"chr6","22134173","22134467","KN294181v1","1082259","1082554","37","21051914"
"chr6","22138682","22138985","KN295893v1","542773","543075","42","21595909"
"chr6","22147746","22148038","KN296743v1","1790254","1790543","50","20357492"
"chr6","22148098","22148410","KN294964v1","820008","820313","46","21328090"
"chr6","22225791","22226068","KN297158v1","702771","703050","40","21523020"
"chr6","22259500","22259802","KN294603v1","111945","112247","39","22147555"
"chr6","22321137","22321438","KN297190v1","509472","509773","35","21811665"
"chr6","22324161","22324454","KN296635v1","2242843","2243138","44","20081318"
"chr6","22339406","22339713","KN295350v1","645624","645933","40","21693782"
"chr6","22483736","22483984","KN296036v1","300943","301205","40","22182793"
"chr6","22502301","22502603","KN295607v1","4377455","4377758","39","18124846"
"chr6","22661152","22661456","KN294421v1","376479","376787","50","22284673"
"chr6","22730151","22730452","KN296311v1","854862","855163","32","21875289"
"chr6","22764550","22764845","KN295607v1","4682824","4683115","42","18081726"
"chr6","22832562","22832855","KN296557v1","13515","13811","40","22819047"
"chr6","22846457","22846755","KN294456v1","1098138","1098439","33","21748319"
"chr6","22909506","22909795","KN294949v1","1309263","1309554","38","21600243"
"chr6","23079768","23080077","KN294932v1","133209","133517","46","22946559"
"chr6","23087978","23088280","KN294790v1","2771318","2771623","40","20316660"
"chr6","23241592","23241885","KN295480v1","1302107","1302401","33","21939485"
"chr6","23391578","23391889","KN294957v1","62097","62408","34","23329481"
"chr6","23436037","23436333","KN295091v1","2692987","2693285","33","20743050"
"chr6","23446451","23446764","KN294407v1","2157068","2157379","41","21289383"
"chr6","23484142","23484438","KN294407v1","2157068","2157379","42","21327074"
"chr6","23591119","23591397","KN295459v1","265592","265874","42","23325527"
"chr6","23628829","23629138","KN294172v1","6453671","6453981","49","17175158"
"chr6","23634501","23634765","KN295243v1","1473974","1474238","41","22160527"
"chr6","23727542","23727816","KN296201v1","2901267","2901554","48","20826275"
"chr6","23817150","23817460","KN296635v1","3876048","3876352","40","19941102"
"chr6","23834249","23834549","KN295607v1","4377455","4377758","41","19456794"
"chr6","23886593","23886763","KN294957v1","73265","73439","29","23813328"
"chr6","23887665","23887930","KN296921v1","792849","793109","41","23094816"
"chr6","23998518","23998813","KN294257v1","2968559","2968862","40","21029959"
"chr6","24096107","24096400","KN294257v1","2881643","2881938","25","21214464"
"chr6","24107136","24107457","KN294257v1","2869986","2870307","40","21237150"
"chr6","24154957","24155272","KN294630v1","549363","549684","56","23605594"
"chr6","24182278","24182555","KN294257v1","2771443","2771723","28","21410835"
"chr6","24208992","24209285","KN294257v1","2744602","2744887","19","21464390"
"chr6","24214099","24214403","KN295923v1","1040491","1040795","31","23173608"
"chr6","24315079","24315378","KN294501v1","19038","19338","32","24296041"
"chr6","24329840","24330152","KN295929v1","457065","457374","36","23872775"
"chr6","24351733","24352035","KN294257v1","2617383","2617690","29","21734350"
"chr6","24353964","24354270","KN296205v1","1038770","1039076","42","23315194"
"chr6","24390887","24391188","KN294257v1","2580254","2580557","37","21810633"
"chr6","24397109","24397423","KN294245v1","9762","10075","53","24387347"
"chr6","24408938","24409221","KN297195v1","26376","26667","41","24382562"
"chr6","24432823","24433117","KN294257v1","2533909","2534201","23","21898914"
"chr6","24484469","24484780","KN296303v1","514845","515157","32","23969624"
"chr6","24520091","24520390","KN294271v1","1018357","1018657","41","23501734"
"chr6","24559676","24559957","KN295523v1","196160","196440","37","24363516"
"chr6","24586486","24586792","KN294257v1","2382498","2382803","30","22203988"
"chr6","24629939","24630240","KN296883v1","292931","293229","39","24337008"
"chr6","24630778","24631086","KN294921v1","240348","240658","41","24390430"
"chr6","24636852","24637167","KN294257v1","2332611","2332925","29","22304241"
"chr6","24644725","24645004","KN295940v1","341242","341499","63","24303483"
"chr6","24645017","24645063","KN296743v1","1948518","1948571","14","22696499"
"chr6","24661629","24661920","KN295096v1","2965990","2966278","32","21695639"
"chr6","24676905","24677212","KN295607v1","4377455","4377758","36","20299450"
"chr6","24698812","24699048","KN295967v1","625826","626071","45","24072986"
"chr6","24703114","24703406","KN294257v1","2275244","2275540","26","22427870"
"chr6","24726084","24726393","KN295961v1","20434","20745","38","24705650"
"chr6","24736299","24736594","KN294874v1","309420","309712","48","24426879"
"chr6","24750407","24750721","KN294257v1","2236229","2236539","30","22514178"
"chr6","24775987","24776281","KN297245v1","1416081","1416379","43","23359906"
"chr6","24780298","24780595","KN294257v1","2212743","2213041","37","22567555"
"chr6","24781592","24781905","KN294257v1","2211450","2211762","32","22570142"
"chr6","24793781","24794066","KN294790v1","4895221","4895507","35","19898560"
"chr6","24801306","24801601","KN294257v1","2193294","2193587","22","22608012"
"chr6","24813955","24814245","KN294175v1","69839","70134","33","24744116"
"chr6","24814802","24815110","KN296503v1","58212","58521","50","24756590"
"chr6","24825063","24825335","KN294257v1","2169841","2170113","19","22655222"
"chr6","24838374","24838671","KN294257v1","2156406","2156704","22","22681968"
"chr6","24852025","24852331","KN295977v1","623355","623659","39","24228670"
"chr6","24859362","24859660","KN295114v1","45102","45395","40","24814260"
"chr6","24864638","24864944","KN296311v1","854862","855163","44","24009776"
"chr6","24876265","24876561","KN294257v1","2119410","2119716","34","22756855"
"chr6","24896906","24897191","KN294257v1","2103182","2103462","34","22793724"
"chr6","24929309","24929594","KN296460v1","623030","623311","50","24306279"
"chr6","24938196","24938484","KN294181v1","1424178","1424469","43","23514018"
"chr6","24955137","24955446","KN295326v1","192748","193053","39","24762389"
"chr6","24977095","24977403","KN294257v1","2023889","2024198","28","22953206"
"chr6","24978345","24978642","KN294257v1","2022327","2022606","39","22956018"
"chr6","24989381","24989653","KN294257v1","2011908","2012172","28","22977473"
"chr6","25011655","25011960","KN296322v1","2692700","2693002","32","22318955"
"chr6","25016967","25017258","KN294526v1","592135","592427","38","24424832"
"chr6","25022447","25022730","KN294257v1","1978418","1978696","36","23044029"
"chr6","25025998","25026176","KN297259v1","1726981","1727167","44","23299017"
"chr6","25026696","25026996","KN295835v1","102943","103243","41","24923753"
"chr6","25030219","25030392","KN296538v1","164215","164386","38","24866004"
"chr6","25072037","25072324","KN294257v1","1922409","1922700","37","23149628"
"chr6","25074955","25075259","KN294257v1","1917750","1918054","28","23157205"
"chr6","25092581","25092875","KN294257v1","1900144","1900441","24","23192437"
"chr6","25108826","25109132","KN294790v1","4075384","4075690","36","21033442"
"chr6","25110561","25110857","KN294257v1","1881208","1881502","18","23229353"
"chr6","25117041","25117348","KN297046v1","3186193","3186495","41","21930848"
"chr6","25133152","25133449","KN294419v1","200675","200969","42","24932477"
"chr6","25168122","25168390","KN296424v1","141792","142058","40","25026330"
"chr6","25188817","25189131","KN295907v1","47293","47604","40","25141524"
"chr6","25209471","25209773","KN294650v1","114317","114618","33","25095154"
"chr6","25215385","25215676","KN296404v1","3824512","3824802","35","21390873"
"chr6","25237386","25237680","KN295871v1","681623","681917","29","24555763"
"chr6","25274893","25275204","KN294257v1","1710393","1710711","33","23564500"
"chr6","25333807","25334106","KN297047v1","3987588","3987889","36","21346219"
"chr6","25338148","25338457","KN296484v1","351750","352061","39","24986398"
"chr6","25345400","25345702","KN294257v1","1639535","1639841","24","23705865"
"chr6","25353646","25353936","KN295326v1","100464","100755","37","25253182"
"chr6","25398413","25398717","KN294257v1","1588821","1589115","27","23809592"
"chr6","25509227","25509520","KN295671v1","310148","310439","41","25199079"
"chr6","25519850","25520139","KN296557v1","13515","13811","41","25506335"
"chr6","25558036","25558269","KN296775v1","627278","627511","46","24930758"
"chr6","25569229","25569463","KN296096v1","1210187","1210432","40","24359042"
"chr6","25645018","25645279","KN294842v1","1908899","1909169","42","23736119"
"chr6","25645584","25645880","KN294257v1","1347478","1347781","26","24298106"
"chr6","25772936","25773249","KN294257v1","1215990","1216305","27","24556946"
"chr6","25790301","25790573","KN294257v1","1197817","1198090","30","24592484"
"chr6","25800123","25800425","KN294257v1","1187749","1188051","23","24612374"
"chr6","25805221","25805514","KN294257v1","1182571","1182858","29","24622650"
"chr6","25882437","25882694","KN294257v1","1110156","1110425","31","24772281"
"chr6","25960350","25960646","KN294257v1","1033740","1034031","26","24926610"
"chr6","25969796","25970075","KN294257v1","1024219","1024499","36","24945577"
"chr6","25984967","25985261","KN294257v1","1009032","1009326","23","24975935"
"chr6","26001119","26001430","KN294257v1","991638","991934","39","25009481"
"chr6","26032522","26032765","KN296145v1","3698769","3699013","56","22333753"
"chr6","26161816","26162127","KN296731v1","694955","695263","39","25466861"
"chr6","26167398","26167593","KN295637v1","856118","856312","29","25311280"
"chr6","26170486","26170785","KN296109v1","319876","320175","37","25850610"
"chr6","26180151","26180444","KN296435v1","1563458","1563750","40","24616693"
"chr6","26197901","26198180","KN295459v1","1433143","1433420","38","24764758"
"chr6","26202645","26202940","KN294470v1","2136945","2137241","40","24065700"
"chr6","26221728","26222024","KN294257v1","770330","770635","30","25451398"
"chr6","26272865","26273165","KN294257v1","719937","720242","19","25552928"
"chr6","26278573","26278865","KN294257v1","717166","717451","38","25561407"
"chr6","26285074","26285363","KN294257v1","710727","711006","53","25574347"
"chr6","26319617","26319912","KN294257v1","678586","678876","40","25641031"
"chr6","26349998","26350288","KN294470v1","1887626","1887921","35","24462372"
"chr6","26412882","26413185","KN297219v1","1549261","1549566","41","24863621"
"chr6","26470910","26471212","KN294257v1","521229","521526","37","25949681"
"chr6","26481779","26482086","KN294257v1","509312","509614","35","25972467"
"chr6","26485194","26485508","KN294257v1","505891","506199","33","25979303"
"chr6","26491516","26491716","KN294257v1","499808","499999","30","25991708"
"chr6","26507815","26508114","KN294378v1","778393","778681","66","25729422"
"chr6","26515167","26515389","KN294257v1","484683","484900","18","26030484"
"chr6","26530094","26530398","KN294257v1","469616","469911","33","26060478"
"chr6","26531268","26531567","KN294257v1","468426","468736","34","26062842"
"chr6","26564433","26564718","KN296508v1","1892477","1892760","32","24671956"
"chr6","26581328","26581600","KN296308v1","894405","894685","42","25686923"
"chr6","26613623","26613927","KN296311v1","714128","714427","36","25899495"
"chr6","26622159","26622442","KN294257v1","367434","367723","38","26254725"
"chr6","26667478","26667782","KN294257v1","297977","298281","36","26369501"
"chr6","26738077","26738361","KN294257v1","245232","245517","29","26492845"
"chr6","26760988","26761284","KN294539v1","1287945","1288241","37","25473043"
"chr6","26775430","26775718","KN294257v1","210213","210507","23","26565217"
"chr6","26799963","26800268","KN294879v1","76546","76849","37","26723417"
"chr6","26800891","26801194","KN294456v1","1098138","1098439","32","25702753"
"chr6","26815168","26815471","KN294257v1","169671","169987","28","26645497"
"chr6","26829309","26829528","KN294257v1","153732","153951","14","26675577"
"chr6","26835422","26835736","KN294257v1","143770","144083","41","26691652"
"chr6","26838058","26838345","KN294257v1","141226","141522","25","26696832"
"chr6","26841339","26841634","KN294257v1","137908","138199","32","26703431"
"chr6","26854662","26854996","KN295091v1","1104942","1105250","69","25749720"
"chr6","26857125","26857307","KN294957v1","73265","73439","41","26783860"
"chr6","26861827","26862133","KN296357v1","559775","560070","47","26302052"
"chr6","26869103","26869343","KN295405v1","757351","757593","42","26111752"
"chr6","26878127","26878436","KN294257v1","109868","110174","24","26768259"
"chr6","26944057","26944356","KN296643v1","62458","62764","40","26881599"
"chr6","26953194","26953487","KN294257v1","38114","38411","29","26915080"
"chr6","27083091","27083369","KN295059v1","242847","243129","40","26840244"
"chr6","27101661","27101975","KN294790v1","4895221","4895507","65","22206440"
"chr6","27125643","27125952","KN297023v1","662519","662830","39","26463124"
"chr6","27131241","27131552","KN296498v1","476459","476762","45","26654782"
"chr6","27135728","27136028","KN296201v1","2702586","2702886","32","24433142"
"chr6","27266060","27266337","KN295940v1","135883","136155","38","27130177"
"chr6","27287205","27287498","KN294443v1","16704","16999","39","27270501"
"chr6","27288085","27288377","KN294790v1","272636","272926","38","27015449"
"chr6","27311864","27312167","KN296154v1","2534372","2534678","39","24777492"
"chr6","27315228","27315540","KN294410v1","292751","293054","40","27022477"
"chr6","27365397","27365647","KN295835v1","199186","199432","47","27166211"
"chr6","27389393","27389707","KN294443v1","104412","104721","38","27284981"
"chr6","27403018","27403286","KN295319v1","123937","124200","40","27279081"
"chr6","27404100","27404380","KN294443v1","119307","119590","32","27284793"
"chr6","27412006","27412199","KN296495v1","510488","510677","40","26901518"
"chr6","27412759","27413043","KN294739v1","577041","577332","43","26835718"
"chr6","27463343","27463632","KN294443v1","175514","175811","29","27287829"
"chr6","27476630","27476808","KN296982v1","467827","468001","39","27008803"
"chr6","27476809","27477061","KN294842v1","84980","85244","42","27391829"
"chr6","27477682","27477807","KN294486v1","1724230","1724354","21","25753452"
"chr6","27480738","27481014","KN294443v1","193015","193293","31","27287723"
"chr6","27481469","27481771","KN294443v1","193761","194055","29","27287708"
"chr6","27482710","27483023","KN294443v1","194976","195290","35","27287734"
"chr6","27489070","27489332","KN296580v1","224007","224259","38","27265063"
"chr6","27492305","27492607","KN295352v1","545091","545395","45","26947214"
"chr6","27527417","27527699","KN296646v1","922061","922342","32","26605356"
"chr6","27537249","27537558","KN294911v1","3992607","3992918","38","23544642"
"chr6","27560876","27561091","KN296035v1","425956","426197","62","27134920"
"chr6","27588884","27589044","KN295236v1","3879317","3879476","35","23709567"
"chr6","27626513","27626819","KN294734v1","713341","713631","50","26913172"
"chr6","27744888","27745187","KN294443v1","441739","442042","29","27303149"
"chr6","27751193","27751503","KN295961v1","20434","20745","40","27730759"
"chr6","27783052","27783361","KN296158v1","1175251","1175559","39","26607801"
"chr6","27839839","27840145","KN294443v1","541127","541424","39","27298712"
"chr6","27843083","27843387","KN295977v1","1131033","1131330","47","26712050"
"chr6","27855727","27856034","KN294633v1","56373","56674","39","27799354"
"chr6","27864618","27864937","KN294443v1","571059","571359","46","27293559"
"chr6","27871236","27871547","KN294790v1","2260342","2260648","50","25610894"
"chr6","27876483","27876744","KN296825v1","610029","610286","45","27266454"
"chr6","27882903","27883228","KN295090v1","126321","126630","54","27756582"
"chr6","27896697","27896995","KN294443v1","599854","600155","31","27296843"
"chr6","27907920","27908232","KN294443v1","611164","611455","38","27296756"
"chr6","27927819","27928120","KN295352v1","439845","440138","50","27487974"
"chr6","27928350","27928632","KN294443v1","632011","632309","37","27296339"
"chr6","27929474","27929776","KN294443v1","632836","633140","29","27296638"
"chr6","27931359","27931650","KN294443v1","634687","634978","21","27296672"
"chr6","27932235","27932533","KN294443v1","635585","635886","28","27296650"
"chr6","27935473","27935778","KN294443v1","638773","639074","45","27296700"
"chr6","27936332","27936641","KN296470v1","173848","174153","43","27762484"
"chr6","27953151","27953453","KN294407v1","2317315","2317623","42","25635836"
"chr6","27954355","27954656","KN294443v1","659663","659970","37","27294692"
"chr6","27962515","27962823","KN294479v1","117355","117662","41","27845160"
"chr6","27980361","27980655","KN294443v1","687630","687923","16","27292731"
"chr6","28021421","28021720","KN294443v1","733494","733799","31","27287927"
"chr6","28059778","28060076","KN294443v1","773429","773717","36","27286349"
"chr6","28090595","28090881","KN295459v1","1621495","1621779","37","26469100"
"chr6","28124695","28124986","KN297320v1","271981","272275","30","27852714"
"chr6","28129433","28129734","KN296153v1","2873301","2873603","39","25256132"
"chr6","28208655","28208968","KN296386v1","821058","821369","45","27387597"
"chr6","28235963","28236243","KN296508v1","2445482","2445764","42","25790481"
"chr6","28268775","28269083","KN296345v1","595453","595763","41","27673322"
"chr6","28270237","28270533","KN294210v1","1472464","1472760","42","26797773"
"chr6","28317612","28317835","KN294443v1","952428","952662","27","27365184"
"chr6","28431846","28432143","KN294443v1","1082956","1083253","31","27348890"
"chr6","28435286","28435577","KN294443v1","1086380","1086674","29","27348906"
"chr6","28517277","28517572","KN296921v1","733110","733405","40","27784167"
"chr6","28600236","28600538","KN297227v1","294733","295032","42","28305503"
"chr6","28621944","28622208","KN294443v1","1294569","1294840","27","27327375"
"chr6","28633799","28634106","KN294516v1","3598","3906","36","28630201"
"chr6","28652160","28652456","KN294592v1","84860","85157","35","28567300"
"chr6","28662571","28662882","KN296503v1","58212","58521","31","28604359"
"chr6","28695739","28696045","KN294443v1","1378801","1379095","30","27316938"
"chr6","28722769","28723107","KN295940v1","574676","575006","59","28148093"
"chr6","28759608","28759903","KN294539v1","1287945","1288241","36","27471663"
"chr6","28820554","28820840","KN296833v1","94676","94959","40","28725878"
"chr6","28867044","28867338","KN296503v1","544133","544430","42","28322911"
"chr6","28874796","28875006","KN295406v1","275159","275372","52","28599637"
"chr6","28896511","28896812","KN294571v1","1575904","1576204","36","27320607"
"chr6","28905530","28905840","KN296743v1","969506","969817","33","27936024"
"chr6","28915141","28915445","KN294705v1","2116335","2116637","35","26798806"
"chr6","28918613","28918931","KN294739v1","768961","769264","47","28149652"
"chr6","28966526","28966836","KN294457v1","1128179","1128489","39","27838347"
"chr6","28982342","28982636","KN296486v1","1266538","1266834","43","27715804"
"chr6","28984644","28984923","KN294662v1","218243","218524","36","28766401"
"chr6","28996388","28996681","KN295154v1","52907","53218","46","28943481"
"chr6","29005491","29005786","KN295729v1","826689","826980","36","28178802"
"chr6","29008141","29008415","KN296454v1","102542","102816","36","28905599"
"chr6","29008443","29008751","KN296750v1","571903","572208","34","28436540"
"chr6","29029147","29029433","KN295706v1","133490","133776","39","28895657"
"chr6","29031452","29031762","KN296424v1","75588","75895","47","28955864"
"chr6","29060408","29060716","KN296153v1","1336190","1336496","37","27724218"
"chr6","29081917","29082226","KN295984v1","1998086","1998393","45","27083831"
"chr6","29096101","29096274","KN296281v1","205219","205386","23","28890882"
"chr6","29101321","29101483","KN295343v1","462329","462486","28","28638992"
"chr6","29115785","29116091","KN295923v1","548845","549146","39","28566940"
"chr6","29138024","29138322","KN297023v1","480259","480560","45","28657765"
"chr6","29156594","29156905","KN295433v1","250702","251008","32","28905892"
"chr6","29206326","29206598","KN296646v1","922061","922342","45","28284265"
"chr6","29213932","29214227","KN296153v1","3041230","3041525","30","26172702"
"chr6","29248324","29248634","KN295835v1","181014","181322","32","29067310"
"chr6","29428454","29428746","KN294407v1","598111","598399","37","28830343"
"chr6","29549010","29549320","KN295814v1","87028","87339","32","29461982"
"chr6","29573976","29574122","KN294187v1","1105095","1105248","31","28468881"
"chr6","29575414","29575697","KN295315v1","2683043","2683331","38","26892371"
"chr6","29671865","29672161","KN296145v1","2451188","2451482","46","27220677"
"chr6","29838005","29838301","KN294539v1","1287945","1288241","38","28550060"
"chr6","29846496","29846699","KN296311v1","1112366","1112556","48","28734130"
"chr6","29849932","29850233","KN297047v1","3987588","3987889","37","25862344"
"chr6","29869812","29870121","KN297467v1","609728","610036","46","29260084"
"chr6","29893157","29893495","KN295474v1","902581","902907","61","28990576"
"chr6","29896385","29896685","KN297290v1","188223","188514","58","29708162"
"chr6","29913200","29913497","KN297403v1","283981","284275","47","29629219"
"chr6","29951794","29952095","KN294172v1","741248","741550","46","29210546"
"chr6","30012445","30012743","KN296486v1","633470","633771","36","29378975"
"chr6","30058172","30058476","KN296357v1","653990","654295","36","29404182"
"chr6","30101773","30102071","KN295573v1","1785247","1785545","34","28316526"
"chr6","30197824","30198142","KN295735v1","713634","713968","55","29484190"
"chr6","30471669","30471971","KN296138v1","98488","98788","41","30373181"
"chr6","30486282","30486572","KN296588v1","792094","792381","48","29694188"
"chr6","30525627","30525935","KN295607v1","4377455","4377758","36","26148172"
"chr6","30549621","30549925","KN294856v1","158144","158448","43","30391477"
"chr6","30549928","30550209","KN295154v1","204198","204489","54","30345730"
"chr6","30596751","30597050","KN296308v1","362411","362701","39","30234340"
"chr6","30622015","30622190","KN294987v1","480021","480187","22","30141994"
"chr6","30720861","30721165","KN296308v1","497079","497388","26","30223782"
"chr6","30727807","30728045","KN295967v1","625826","626071","50","30101981"
"chr6","30803601","30803841","KN296308v1","632453","632696","16","30171148"
"chr6","30822278","30822578","KN296308v1","652705","653003","33","30169573"
"chr6","30852724","30853040","KN295260v1","2208269","2208579","44","28644455"
"chr6","30853260","30853570","KN295735v1","1160753","1161064","38","29692507"
"chr6","30862795","30863129","KN295487v1","58632","58957","67","30804163"
"chr6","30877550","30877842","KN295366v1","124181","124471","30","30753369"
"chr6","30879746","30880061","KN296308v1","707289","707591","32","30172457"
"chr6","30881652","30881950","KN296145v1","740136","740436","39","30141516"
"chr6","30906617","30906912","KN294407v1","3027269","3027567","28","27879348"
"chr6","30912318","30912617","KN295977v1","1131033","1131330","42","29781285"
"chr6","30912894","30913099","KN296426v1","64367","64561","38","30848527"
"chr6","30922407","30922698","KN296308v1","750949","751246","35","30171458"
"chr6","30966500","30966805","KN295361v1","932292","932599","38","30034208"
"chr6","30967046","30967345","KN296308v1","796400","796693","35","30170646"
"chr6","30975760","30976055","KN296810v1","82391","82687","37","30893369"
"chr6","30977431","30977693","KN296308v1","806658","806925","25","30170773"
"chr6","30982213","30982510","KN296308v1","812041","812340","32","30170172"
"chr6","30996577","30996877","KN294571v1","1575904","1576204","30","29420673"
"chr6","30997965","30998264","KN296308v1","827340","827635","29","30170625"
"chr6","31006005","31006308","KN296308v1","835350","835650","30","30170655"
"chr6","31025708","31026010","KN295459v1","673095","673397","38","30352613"
"chr6","31040693","31040986","KN296620v1","349918","350214","33","30690775"
"chr6","31045339","31045651","KN296308v1","874794","875103","26","30170545"
"chr6","31057386","31057689","KN296308v1","886893","887191","26","30170493"
"chr6","31058390","31058653","KN296308v1","888201","888482","42","30170189"
"chr6","31062645","31062939","KN294713v1","607294","607593","45","30455351"
"chr6","31063529","31063827","KN296308v1","894405","894685","41","30169124"
"chr6","31073966","31074261","KN294233v1","771875","772164","50","30302091"
"chr6","31078788","31079072","KN294561v1","1887166","1887450","48","29191622"
"chr6","31088389","31088623","KN295405v1","757351","757593","47","30331038"
"chr6","31119155","31119458","KN296308v1","947506","947814","27","30171649"
"chr6","31127125","31127428","KN296308v1","956101","956399","35","30171024"
"chr6","31136142","31136451","KN296503v1","58212","58521","41","31077930"
"chr6","31149880","31150182","KN296306v1","3686137","3686439","42","27463743"
"chr6","31151056","31151351","KN294539v1","1287945","1288241","47","29863111"
"chr6","31152440","31152752","KN295420v1","203403","203713","39","30949037"
"chr6","31161193","31161479","KN296726v1","606731","607020","42","30554462"
"chr6","31166383","31166674","KN297219v1","2719644","2719934","36","28446739"
"chr6","31171326","31171629","KN295487v1","52973","53281","34","31118353"
"chr6","31172518","31172693","KN294336v1","39333","39510","27","31133185"
"chr6","31173467","31173751","KN296308v1","1003598","1003892","31","30169869"
"chr6","31184237","31184531","KN296308v1","1014544","1014840","20","30169693"
"chr6","31193908","31194174","KN296075v1","244693","244958","43","30949215"
"chr6","31198957","31199270","KN295994v1","18011","18318","51","31180946"
"chr6","31219226","31219520","KN296308v1","1044417","1044700","32","30174809"
"chr6","31253714","31254018","KN296308v1","1074912","1075211","26","30178802"
"chr6","31260289","31260601","KN295586v1","34047","34353","39","31226242"
"chr6","31277365","31277671","KN296079v1","686222","686522","41","30591143"
"chr6","31283651","31283911","KN294897v1","486938","487207","42","30796713"
"chr6","31291597","31291908","KN296308v1","1110180","1110486","27","30181417"
"chr6","31294447","31294734","KN294526v1","334958","335253","41","30959489"
"chr6","31329906","31330184","KN296508v1","1079358","1079640","41","30250548"
"chr6","31330187","31330496","KN296096v1","376690","377001","39","30953497"
"chr6","31353405","31353706","KN296308v1","1172495","1172805","37","30180910"
"chr6","31356116","31356410","KN294717v1","139089","139380","54","31217027"
"chr6","31385715","31386026","KN296308v1","1198748","1199066","41","30186967"
"chr6","31423691","31423938","KN296308v1","1237247","1237520","47","30186444"
"chr6","31425751","31426051","KN296308v1","1239214","1239511","37","30186537"
"chr6","31429601","31429902","KN294987v1","1477069","1477366","37","29952532"
"chr6","31440183","31440463","KN294570v1","116175","116454","31","31324008"
"chr6","31443880","31444178","KN296308v1","1257705","1258004","37","30186175"
"chr6","31452614","31452930","KN296308v1","1266833","1267150","29","30185781"
"chr6","31454171","31454469","KN296308v1","1268383","1268670","32","30185788"
"chr6","31471311","31471623","KN296308v1","1285379","1285679","36","30185932"
"chr6","31476383","31476674","KN296964v1","1801449","1801744","35","29674934"
"chr6","31485655","31485958","KN295671v1","201221","201525","36","31284434"
"chr6","31496909","31497201","KN294501v1","173182","173470","50","31323727"
"chr6","31500391","31500699","KN296153v1","1090111","1090408","40","30410280"
"chr6","31503153","31503461","KN296153v1","1090111","1090408","39","30413042"
"chr6","31505593","31505868","KN296308v1","1317220","1317507","26","30188373"
"chr6","31520524","31520748","KN295405v1","757351","757593","52","30763173"
"chr6","31535999","31536305","KN294287v1","60735","61035","49","31475264"
"chr6","31549685","31549978","KN296308v1","1354186","1354464","39","30195499"
"chr6","31556832","31557130","KN294526v1","486831","487133","35","31070001"
"chr6","31558051","31558355","KN297320v1","271981","272275","45","31286070"
"chr6","31570332","31570556","KN295441v1","1457453","1457675","36","30112879"
"chr6","31579112","31579414","KN294790v1","163386","163690","36","31415726"
"chr6","31599646","31599877","KN296921v1","438156","438387","34","31161490"
"chr6","31604781","31605088","KN297047v1","3987588","3987889","42","27617193"
"chr6","31766481","31766743","KN295382v1","35958","36220","17","31730523"
"chr6","31796565","31796841","KN294739v1","903971","904241","40","30892594"
"chr6","31803851","31804165","KN296484v1","351750","352061","34","31452101"
"chr6","31805185","31805465","KN295382v1","68068","68344","23","31737117"
"chr6","31821315","31821591","KN295382v1","84245","84519","19","31737070"
"chr6","31830662","31830966","KN295382v1","93615","93923","26","31737047"
"chr6","31832008","31832304","KN294499v1","2005615","2005910","48","29826393"
"chr6","31870141","31870392","KN296119v1","2797130","2797396","51","29073011"
"chr6","31874849","31875160","KN295459v1","1416836","1417149","43","30458013"
"chr6","31879508","31879820","KN295382v1","145406","145720","36","31734102"
"chr6","31885513","31885807","KN296620v1","349918","350214","35","31535595"
"chr6","31886795","31887094","KN297227v1","294733","295032","36","31592062"
"chr6","31892684","31892991","KN294705v1","623696","624002","38","31268988"
"chr6","31948798","31949101","KN295382v1","214481","214790","30","31734317"
"chr6","31981633","31981939","KN296365v1","1544107","1544410","43","30437526"
"chr6","31990271","31990461","KN296426v1","64367","64561","40","31925904"
"chr6","32000342","32000603","KN295039v1","489324","489583","27","31511018"
"chr6","32011670","32011961","KN296880v1","290573","290861","37","31721097"
"chr6","32012911","32013090","KN294548v1","1253956","1254133","32","30758955"
"chr6","32022761","32023072","KN295319v1","42222","42534","47","31980539"
"chr6","32028718","32029012","KN294539v1","1287945","1288241","38","30740773"
"chr6","32035272","32035568","KN296153v1","1090111","1090408","33","30945161"
"chr6","32035682","32035995","KN296825v1","2046859","2047168","41","29988823"
"chr6","32050247","32050550","KN294407v1","3027269","3027567","43","29022978"
"chr6","32075682","32075984","KN296430v1","96066","96377","54","31979616"
"chr6","32078601","32078758","KN296153v1","4022611","4022768","26","28055990"
"chr6","32090042","32090346","KN295671v1","201221","201525","45","31888821"
"chr6","32116057","32116373","KN294264v1","87223","87534","42","32028834"
"chr6","32122043","32122332","KN294911v1","628968","629266","37","31493075"
"chr6","32132683","32132977","KN296732v1","1479099","1479390","42","30653584"
"chr6","32144800","32145112","KN295366v1","78980","79290","44","32065820"
"chr6","32148573","32148872","KN295708v1","592356","592663","35","31556217"
"chr6","32172279","32172574","KN295735v1","822355","822644","41","31349924"
"chr6","32184141","32184437","KN296743v1","1790254","1790543","32","30393887"
"chr6","32189157","32189462","KN294879v1","76546","76849","39","32112611"
"chr6","32191799","32192117","KN296907v1","1003477","1003789","42","31188322"
"chr6","32198306","32198612","KN294739v1","768961","769264","36","31429345"
"chr6","32199029","32199328","KN294571v1","1575904","1576204","32","30623125"
"chr6","32214587","32214858","KN294366v1","429818","430102","43","31784769"
"chr6","32216034","32216324","KN296063v1","1388665","1388960","39","30827369"
"chr6","32216829","32217137","KN296138v1","98488","98788","43","32118341"
"chr6","32223486","32223784","KN296138v1","98488","98788","34","32124998"
"chr6","32336642","32336927","KN295420v1","384089","384371","49","31952553"
"chr6","32341762","32342073","KN295607v1","4377455","4377758","32","27964307"
"chr6","32364334","32364622","KN294462v1","667866","668155","22","31696468"
"chr6","32365195","32365502","KN294462v1","666950","667247","27","31698245"
"chr6","32368249","32368561","KN294462v1","663861","664158","32","31704388"
"chr6","32368843","32369146","KN296442v1","417977","418281","34","31950866"
"chr6","32387728","32388039","KN294462v1","646852","647160","26","31740876"
"chr6","32398575","32398625","KN296743v1","1948518","1948571","16","30450057"
"chr6","32398671","32398927","KN294987v1","795982","796237","38","31602689"
"chr6","32399913","32400217","KN294462v1","634554","634859","27","31765359"
"chr6","32401804","32402102","KN295910v1","208403","208699","36","32193401"
"chr6","32429900","32430211","KN294462v1","607724","608036","33","31822176"
"chr6","32432949","32433262","KN296470v1","173848","174153","34","32259101"
"chr6","32473461","32473764","KN295722v1","2141646","2141948","39","30331815"
"chr6","32494162","32494446","KN294429v1","61766","62050","40","32432396"
"chr6","32502447","32502746","KN296495v1","3286172","3286471","35","29216275"
"chr6","32604441","32604723","KN294462v1","423337","423623","29","32181104"
"chr6","32680052","32680352","KN297259v1","998866","999166","38","31681186"
"chr6","32815664","32815930","KN294462v1","230102","230368","24","32585562"
"chr6","33028287","33028597","KN296732v1","194560","194867","42","32833727"
"chr6","33158906","33159195","KN294558v1","560208","560501","39","32598698"
"chr6","33182273","33182586","KN297274v1","902241","902551","43","32280032"
"chr6","33231593","33231893","KN294387v1","2164579","2164881","36","31067014"
"chr6","33250392","33250612","KN294257v1","484683","484900","33","32765709"
"chr6","33266084","33266382","KN297048v1","507619","507917","43","32758465"
"chr6","33341746","33342020","KN296371v1","121860","122133","22","33219886"
"chr6","33403761","33404078","KN296036v1","687150","687461","36","32716611"
"chr6","33409651","33409946","KN296371v1","42169","42466","27","33367482"
"chr6","33417487","33417797","KN296371v1","34405","34712","31","33383082"
"chr6","33503421","33503732","KN296404v1","1150048","1150343","57","32353373"
"chr6","33557272","33557563","KN295729v1","826689","826980","31","32730583"
"chr6","33574916","33575221","KN294521v1","509491","509791","49","33065425"
"chr6","33619945","33620131","KN295236v1","224307","224480","31","33395638"
"chr6","33651343","33651634","KN294181v1","1428862","1429153","44","32222481"
"chr6","33657337","33657650","KN294598v1","342532","342842","43","33314805"
"chr6","33658850","33659151","KN294326v1","309006","309309","31","33349844"
"chr6","33663104","33663415","KN295929v1","457065","457374","33","33206039"
"chr6","33665812","33666110","KN295731v1","46961","47258","39","33618851"
"chr6","33673803","33674105","KN295301v1","716124","716425","30","32957679"
"chr6","33683173","33683473","KN294487v1","145594","145890","42","33537579"
"chr6","33697252","33697545","KN294187v1","656436","656733","46","33040816"
"chr6","33708267","33708570","KN294995v1","15599","15901","42","33692668"
"chr6","33708571","33708855","KN296349v1","48155","48443","44","33660416"
"chr6","33725624","33725927","KN294571v1","890748","891049","38","32834876"
"chr6","33729494","33729803","KN295596v1","2016763","2017064","38","31712731"
"chr6","33729880","33730187","KN295708v1","242323","242631","39","33487557"
"chr6","33732699","33733001","KN297023v1","480259","480560","35","33252440"
"chr6","33749704","33749998","KN294210v1","1472464","1472760","43","32277240"
"chr6","33750001","33750299","KN296682v1","4871116","4871412","37","28878885"
"chr6","33751349","33751664","KN296809v1","763161","763473","49","32988188"
"chr6","33760276","33760575","KN296145v1","740136","740436","37","33020140"
"chr6","33764853","33765163","KN296635v1","1322969","1323277","35","32441884"
"chr6","33767306","33767579","KN294172v1","3669482","3669748","41","30097824"
"chr6","33776165","33776489","KN296487v1","171199","171512","44","33604966"
"chr6","33779697","33780003","KN296322v1","2709076","2709373","41","31070621"
"chr6","33798296","33798594","KN295758v1","468479","468777","33","33329817"
"chr6","33800442","33800723","KN296833v1","94676","94959","36","33705766"
"chr6","33806499","33806787","KN294365v1","2026807","2027091","37","31779692"
"chr6","33811155","33811450","KN295236v1","3520334","3520624","51","30290821"
"chr6","33816383","33816440","KN294970v1","297704","297750","19","33518679"
"chr6","33825337","33825655","KN294199v1","636506","636815","45","33188831"
"chr6","33888378","33888682","KN294837v1","447209","447508","32","33441169"
"chr6","33890941","33891226","KN294837v1","444660","444962","34","33446281"
"chr6","33901449","33901757","KN294837v1","434588","434893","27","33466861"
"chr6","33905884","33906174","KN294837v1","430220","430512","25","33475664"
"chr6","33912994","33913211","KN295977v1","1276894","1277103","51","32636100"
"chr6","33920511","33920749","KN294837v1","414762","415008","19","33505749"
"chr6","33930443","33930739","KN294837v1","404058","404357","32","33526385"
"chr6","33932746","33933036","KN296921v1","429139","429430","40","33503607"
"chr6","33939513","33939820","KN294837v1","394446","394741","33","33545067"
"chr6","33949598","33949899","KN294933v1","634680","634985","38","33314918"
"chr6","33954401","33954712","KN297159v1","1746938","1747242","41","32207463"
"chr6","33955896","33956200","KN294837v1","379751","380052","14","33576145"
"chr6","33965818","33966120","KN296349v1","2956","3254","40","33962862"
"chr6","33969339","33969416","KN296635v1","4416434","4416517","21","29552905"
"chr6","33970100","33970288","KN295977v1","1276894","1277103","56","32693206"
"chr6","33983084","33983373","KN294837v1","354668","354953","27","33628416"
"chr6","34026733","34027038","KN294443v1","441739","442042","38","33584994"
"chr6","34060415","34060728","KN296665v1","158306","158620","39","33902109"
"chr6","34070084","34070286","KN294613v1","200472","200677","34","33869612"
"chr6","34086528","34086831","KN296036v1","2111268","2111577","42","31975260"
"chr6","34107220","34107523","KN297154v1","831565","831869","29","33275655"
"chr6","34138789","34139087","KN294837v1","205232","205510","49","33933557"
"chr6","34163060","34163374","KN294837v1","182001","182307","30","33981059"
"chr6","34348725","34349031","KN297058v1","312303","312607","35","34036422"
"chr6","34371189","34371495","KN295893v1","7000895","7001206","38","27370294"
"chr6","34400851","34401166","KN297050v1","181609","181918","46","34219242"
"chr6","34439729","34440032","KN294446v1","240983","241287","32","34198746"
"chr6","34467497","34467797","KN295893v1","729257","729542","54","33738240"
"chr6","34479151","34479447","KN297095v1","584794","585091","33","33894357"
"chr6","34532437","34532744","KN295637v1","795675","795978","37","33736762"
"chr6","34546073","34546375","KN296442v1","420929","421232","39","34125144"
"chr6","34587960","34588253","KN295102v1","233594","233891","34","34354366"
"chr6","34606733","34606953","KN295406v1","275159","275372","47","34331574"
"chr6","34608610","34608901","KN296122v1","312850","313141","42","34295760"
"chr6","34616969","34617241","KN294539v1","1287945","1288241","46","33329024"
"chr6","34635054","34635351","KN294954v1","171478","171769","38","34463576"
"chr6","34640960","34641255","KN295523v1","1314489","1314785","33","33326471"
"chr6","34681581","34681872","KN295835v1","84846","85139","28","34596735"
"chr6","34701531","34701818","KN295666v1","1009745","1010038","48","33691786"
"chr6","34716295","34716443","KN295090v1","2173599","2173746","24","32542696"
"chr6","34719934","34720227","KN294172v1","6311128","6311420","29","28408806"
"chr6","34750940","34751229","KN294187v1","1334472","1334758","37","33416468"
"chr6","34760906","34761172","KN296609v1","1572698","1572971","44","33188208"
"chr6","34779559","34779840","KN294592v1","204469","204751","34","34575090"
"chr6","34785419","34785716","KN296096v1","2311662","2311965","37","32473757"
"chr6","34787689","34787881","KN296426v1","64367","64561","44","34723322"
"chr6","34788890","34789098","KN295571v1","126976","127187","31","34661914"
"chr6","34790284","34790594","KN294407v1","2317315","2317623","37","32472969"
"chr6","34804974","34805259","KN295967v1","606893","607186","38","34198081"
"chr6","34823476","34823712","KN297083v1","426859","427090","40","34396617"
"chr6","34824193","34824473","KN295459v1","1101140","1101421","35","33723053"
"chr6","34828523","34828822","KN294454v1","362731","363033","38","34465792"
"chr6","34830992","34831280","KN296357v1","621170","621460","37","34209822"
"chr6","34833507","34833799","KN294269v1","550588","550887","42","34282919"
"chr6","34833813","34834104","KN294429v1","61766","62050","42","34772047"
"chr6","34841058","34841364","KN296122v1","363693","364004","43","34477365"
"chr6","34848741","34849020","KN295107v1","805969","806258","45","34042772"
"chr6","34852890","34853197","KN296759v1","403167","403472","39","34449723"
"chr6","34897989","34898233","KN294181v1","556964","557208","33","34341025"
"chr6","34909114","34909425","KN294803v1","119274","119577","41","34789840"
"chr6","34925049","34925360","KN295459v1","1335733","1336041","45","33589316"
"chr6","34927619","34927932","KN296079v1","587166","587474","41","34340453"
"chr6","34971930","34972223","KN296877v1","351011","351311","41","34620919"
"chr6","34974940","34975244","KN296750v1","571903","572208","49","34403037"
"chr6","34987753","34988039","KN295729v1","826689","826980","36","34161064"
"chr6","34994578","34994881","KN297184v1","810837","811124","66","34183741"
"chr6","35038734","35039046","KN296847v1","511055","511365","41","34527679"
"chr6","35041506","35041803","KN295671v1","80114","80410","50","34961392"
"chr6","35058173","35058470","KN295596v1","2518640","2518934","37","32539533"
"chr6","35069921","35070217","KN294251v1","1392252","1392538","47","33677669"
"chr6","35077331","35077628","KN296486v1","1726381","1726674","37","33350950"
"chr6","35084723","35085060","KN294932v1","170897","171223","61","34913826"
"chr6","35087598","35087902","KN296682v1","4961231","4961540","49","30126367"
"chr6","35093199","35093492","KN296062v1","835898","836194","36","34257301"
"chr6","35109426","35109739","KN294873v1","1602078","1602381","51","33507348"
"chr6","35112423","35112721","KN294879v1","76546","76849","40","35035877"
"chr6","35115504","35115794","KN294172v1","6311128","6311420","37","28804376"
"chr6","35121112","35121425","KN294218v1","2833833","2834132","63","32287279"
"chr6","35128975","35129271","KN295032v1","307103","307398","35","34821872"
"chr6","35137812","35138110","KN296775v1","1038271","1038573","40","34099541"
"chr6","35141768","35142053","KN294627v1","318144","318428","33","34823624"
"chr6","35153147","35153337","KN297141v1","158733","158926","60","34994414"
"chr6","35156098","35156406","KN297023v1","480259","480560","43","34675839"
"chr6","35159293","35159584","KN295871v1","542479","542775","42","34616814"
"chr6","35162694","35162984","KN294239v1","173498","173785","39","34989196"
"chr6","35173291","35173620","KN295835v1","181014","181322","50","34992277"
"chr6","35174591","35174894","KN296000v1","1030238","1030539","29","34144353"
"chr6","35175683","35175977","KN295107v1","300735","301027","41","34874948"
"chr6","35176147","35176448","KN297154v1","1039874","1040175","33","34136273"
"chr6","35188473","35188734","KN294705v1","281500","281763","43","34906973"
"chr6","35194630","35194925","KN296682v1","4552635","4552930","34","30641995"
"chr6","35226727","35227025","KN295962v1","1974496","1974804","46","33252231"
"chr6","35236354","35236656","KN296495v1","962835","963136","40","34273519"
"chr6","35239776","35239998","KN296921v1","438156","438387","29","34801620"
"chr6","35243946","35244224","KN296921v1","541331","541611","39","34702615"
"chr6","35245024","35245304","KN295152v1","176671","176951","35","35068353"
"chr6","35249311","35249605","KN296175v1","228274","228571","34","35021037"
"chr6","35279372","35279570","KN295995v1","278598","278793","39","35000774"
"chr6","35284649","35284925","KN296153v1","2393235","2393519","40","32891414"
"chr6","35286825","35287129","KN296864v1","3164724","3165032","35","32122101"
"chr6","35303139","35303433","KN295586v1","2617191","2617488","41","32685948"
"chr6","35306890","35307200","KN295922v1","130002","130315","35","35176888"
"chr6","35308099","35308403","KN294251v1","3603036","3603341","47","31705063"
"chr6","35320124","35320435","KN294378v1","1504358","1504668","36","33815766"
"chr6","35327113","35327406","KN294407v1","1465772","1466071","36","33861341"
"chr6","35330755","35331054","KN294991v1","1014370","1014671","33","34316385"
"chr6","35351233","35351543","KN295477v1","23872","24183","39","35327361"
"chr6","35359556","35359863","KN297038v1","1285540","1285851","37","34074016"
"chr6","35373816","35374116","KN294172v1","2069489","2069792","36","33304327"
"chr6","35374845","35375094","KN294548v1","358515","358762","45","35016330"
"chr6","35393626","35393932","KN296306v1","3686137","3686439","33","31707489"
"chr6","35398770","35399081","KN294378v1","1504358","1504668","35","33894412"
"chr6","35409094","35409399","KN295735v1","994649","994952","41","34414445"
"chr6","35412998","35413318","KN296884v1","30338","30656","40","35382660"
"chr6","35443996","35444298","KN295984v1","1302517","1302824","34","34141479"
"chr6","35469577","35469885","KN294407v1","912040","912349","34","34557537"
"chr6","35516578","35516876","KN295735v1","167742","168046","38","35348836"
"chr6","35517905","35518216","KN296404v1","1944196","1944502","37","33573709"
"chr6","35539141","35539436","KN296620v1","349918","350214","36","35189223"
"chr6","35555357","35555663","KN295571v1","1155767","1156067","41","34399590"
"chr6","35586333","35586624","KN295729v1","826689","826980","30","34759644"
"chr6","35596132","35596454","KN294421v1","376479","376787","46","35219653"
"chr6","35601481","35601755","KN295371v1","448057","448341","39","35153424"
"chr6","35601816","35602100","KN296486v1","1726381","1726674","47","33875435"
"chr6","35634976","35635274","KN294172v1","4833507","4833808","41","30801469"
"chr6","35707001","35707303","KN294850v1","174854","175153","40","35532147"
"chr6","35712257","35712559","KN295841v1","494485","494787","32","35217772"
"chr6","35728018","35728320","KN296732v1","3243055","3243359","38","32484963"
"chr6","35745704","35746005","KN295449v1","767067","767372","31","34978637"
"chr6","35752523","35752836","KN295929v1","457065","457374","40","35295458"
"chr6","35773029","35773335","KN295301v1","761923","762233","40","35011106"
"chr6","35773454","35773764","KN294375v1","329066","329376","48","35444388"
"chr6","35780956","35781126","KN296620v1","725178","725346","26","35055778"
"chr6","35796812","35797103","KN294456v1","1098138","1098439","39","34698674"
"chr6","35814775","35815083","KN295744v1","595594","595902","38","35219181"
"chr6","35828805","35829113","KN294446v1","467101","467408","41","35361704"
"chr6","35841074","35841374","KN295820v1","997009","997317","39","34844065"
"chr6","35842417","35842718","KN295820v1","997009","997317","39","34845408"
"chr6","35875430","35875736","KN296883v1","878376","878679","38","34997054"
"chr6","35890148","35890441","KN296503v1","544133","544430","36","35346015"
"chr6","35904738","35905015","KN296040v1","275719","276000","40","35629019"
"chr6","35949254","35949555","KN295480v1","3240297","3240591","42","32708957"
"chr6","35964382","35964692","KN294848v1","512947","513252","40","35451435"
"chr6","35969910","35970206","KN296158v1","1420594","1420891","34","34549316"
"chr6","35971837","35972139","KN297452v1","1465726","1466024","30","34506111"
"chr6","35978133","35978438","KN294193v1","656123","656428","38","35322010"
"chr6","35979496","35979782","KN294224v1","1080394","1080681","36","34899102"
"chr6","35983056","35983360","KN295260v1","1431957","1432253","48","34551099"
"chr6","35983799","35983997","KN294470v1","2612994","2613192","48","33370805"
"chr6","35988258","35988556","KN296404v1","1150048","1150343","31","34838210"
"chr6","35989222","35989536","KN294705v1","623696","624002","35","35365526"
"chr6","35989687","35989987","KN294181v1","1437190","1437488","33","34552497"
"chr6","36026890","36027187","KN296884v1","231861","232159","34","35795029"
"chr6","36027599","36027905","KN296062v1","1017087","1017397","42","35010512"
"chr6","36038371","36038662","KN295729v1","826689","826980","38","35211682"
"chr6","36045345","36045629","KN296743v1","202352","202637","35","35842993"
"chr6","36056178","36056470","KN295708v1","478057","478353","36","35578121"
"chr6","36062421","36062733","KN296381v1","292622","292930","37","35769799"
"chr6","36091574","36091867","KN294705v1","623696","624002","39","35467878"
"chr6","36117304","36117499","KN296426v1","64367","64561","22","36052937"
"chr6","36117500","36117683","KN296036v1","766932","767116","32","35350568"
"chr6","36120175","36120481","KN296484v1","351750","352061","45","35768425"
"chr6","36148648","36148968","KN295480v1","651863","652176","54","35496785"
"chr6","36153839","36153979","KN294842v1","339036","339185","32","35814803"
"chr6","36161877","36162168","KN294501v1","4140225","4140518","39","32021652"
"chr6","36164859","36164966","KN295236v1","3489640","3489713","51","32675219"
"chr6","36172321","36172620","KN295459v1","673095","673397","37","35499226"
"chr6","36194464","36194766","KN297159v1","2899658","2899964","32","33294806"
"chr6","36201422","36201638","KN296749v1","413777","413994","28","35787645"
"chr6","36210230","36210536","KN295671v1","201221","201525","35","36009009"
"chr6","36217168","36217260","KN294385v1","1550091","1550189","22","34667077"
"chr6","36218126","36218366","KN295352v1","1092057","1092281","49","35126069"
"chr6","36218423","36218706","KN294407v1","2563292","2563571","44","33655131"
"chr6","36234861","36235180","KN296743v1","475589","475906","50","35759272"
"chr6","36247188","36247487","KN297023v1","480259","480560","34","35766929"
"chr6","36254537","36254773","KN296795v1","2602648","2602889","40","33651889"
"chr6","36277404","36277706","KN296743v1","857097","857399","40","35420307"
"chr6","36324593","36324891","KN295090v1","1338805","1339099","30","34985788"
"chr6","36337508","36337805","KN297245v1","1416081","1416379","36","34921427"
"chr6","36350020","36350181","KN294571v1","155556","155724","32","36194464"
"chr6","36351166","36351478","KN296062v1","1050819","1051130","42","35300347"
"chr6","36369225","36369538","KN295366v1","78980","79290","43","36290245"
"chr6","36412809","36413095","KN294911v1","1390696","1390976","42","35022113"
"chr6","36420767","36421043","KN297154v1","705314","705597","48","35715453"
"chr6","36427157","36427461","KN296311v1","2834706","2835009","40","33592451"
"chr6","36435275","36435567","KN294172v1","6311128","6311420","32","30124147"
"chr6","36442881","36443192","KN295586v1","1244707","1245017","41","35198174"
"chr6","36449084","36449380","KN295933v1","86787","87083","35","36362297"
"chr6","36486149","36486443","KN296649v1","502099","502397","36","35984050"
"chr6","36514111","36514415","KN294539v1","1287945","1288241","35","35226166"
"chr6","36579596","36579888","KN295315v1","850434","850734","61","35729162"
"chr6","36609434","36609530","KN295406v1","274781","274866","27","36334653"
"chr6","36609772","36609987","KN295977v1","1276894","1277103","46","35332878"
"chr6","36609998","36610296","KN295893v1","5868753","5869051","36","30741245"
"chr6","36622803","36623107","KN296513v1","2047464","2047766","38","34575339"
"chr6","36633085","36633360","KN297078v1","1507520","1507800","41","35125565"
"chr6","36634542","36634842","KN294421v1","274187","274491","44","36360355"
"chr6","36647967","36648274","KN296883v1","2032007","2032315","37","34615960"
"chr6","36674559","36674853","KN296138v1","98488","98788","38","36576071"
"chr6","36705643","36705930","KN297431v1","877152","877444","49","35828491"
"chr6","36735091","36735399","KN294451v1","1139913","1140218","38","35595178"
"chr6","36764017","36764287","KN296464v1","429673","429936","45","36334344"
"chr6","36789164","36789465","KN295523v1","4073633","4073934","43","32715531"
"chr6","36790387","36790719","KN294169v1","58561","58897","47","36731826"
"chr6","36797306","36797617","KN296287v1","68923","69230","35","36728383"
"chr6","36804358","36804656","KN295996v1","495798","496097","39","36308560"
"chr6","36805731","36806043","KN296665v1","158306","158620","53","36647425"
"chr6","36826546","36826847","KN295343v1","729289","729587","39","36097257"
"chr6","36831731","36831920","KN296153v1","3305899","3306083","33","33525832"
"chr6","36836147","36836442","KN296538v1","489193","489487","32","36346954"
"chr6","36847792","36848085","KN294269v1","1190734","1191020","39","35657058"
"chr6","36870011","36870329","KN294957v1","62097","62408","44","36807914"
"chr6","36879396","36879682","KN296767v1","183362","183646","31","36696034"
"chr6","36887846","36888153","KN294790v1","163386","163690","40","36724460"
"chr6","36896198","36896478","KN294224v1","1080394","1080681","45","35815804"
"chr6","36904358","36904536","KN294235v1","1076812","1076988","31","35827546"
"chr6","36906204","36906498","KN297245v1","1416081","1416379","32","35490123"
"chr6","36911132","36911364","KN295405v1","757351","757593","57","36153781"
"chr6","36914017","36914318","KN294790v1","163386","163690","32","36750631"
"chr6","36923680","36923987","KN296588v1","215877","216175","45","36707803"
"chr6","36924166","36924477","KN295091v1","1104942","1105250","31","35819224"
"chr6","36925340","36925628","KN295729v1","826689","826980","34","36098651"
"chr6","36929355","36929647","KN295729v1","826689","826980","42","36102666"
"chr6","36942094","36942257","KN294713v1","386007","386172","24","36556087"
"chr6","36944504","36944800","KN296036v1","903873","904167","32","36040631"
"chr6","36949465","36949765","KN294539v1","1287945","1288241","34","35661520"
"chr6","36959948","36960249","KN296153v1","355717","356018","27","36604231"
"chr6","36992721","36993031","KN294378v1","1504358","1504668","34","35488363"
"chr6","36996660","36996794","KN295045v1","1206613","1206748","14","35790047"
"chr6","36997562","36997733","KN296311v1","7665656","7665823","33","29331906"
"chr6","37000666","37000902","KN295405v1","757351","757593","53","36243315"
"chr6","37012343","37012656","KN297322v1","1922852","1923166","45","35089491"
"chr6","37013185","37013492","KN295735v1","825024","825326","34","36188161"
"chr6","37015527","37015837","KN296138v1","187826","188139","33","36827701"
"chr6","37034596","37034904","KN296486v1","408244","408551","37","36626352"
"chr6","37038837","37039135","KN295533v1","1608508","1608803","37","35430329"
"chr6","37044088","37044393","KN294181v1","1579076","1579376","42","35465012"
"chr6","37050150","37050462","KN296484v1","351750","352061","43","36698400"
"chr6","37055228","37055525","KN297403v1","208160","208454","32","36847068"
"chr6","37055527","37055817","KN294520v1","1707344","1707630","53","35348183"
"chr6","37059907","37060203","KN297403v1","208160","208454","35","36851747"
"chr6","37060205","37060496","KN294520v1","1707344","1707630","47","35352861"
"chr6","37060884","37061182","KN294407v1","2680328","2680631","45","34380556"
"chr6","37061187","37061457","KN296528v1","1208915","1209191","41","35852272"
"chr6","37069094","37069343","KN297186v1","50383","50628","36","37018711"
"chr6","37080982","37081276","KN297095v1","2301382","2301679","46","34779600"
"chr6","37087395","37087691","KN295977v1","1131033","1131330","38","35956362"
"chr6","37089691","37089991","KN294456v1","1098138","1098439","33","35991553"
"chr6","37090318","37090614","KN297038v1","46660","46959","40","37043658"
"chr6","37109108","37109407","KN297048v1","507619","507917","35","36601489"
"chr6","37111728","37111980","KN296580v1","224007","224259","36","36887721"
"chr6","37116764","37117052","KN295361v1","54507","54794","38","37062257"
"chr6","37120382","37120660","KN297112v1","4624230","4624516","46","32496152"
"chr6","37128636","37128931","KN295480v1","1302107","1302401","29","35826529"
"chr6","37140736","37141037","KN294790v1","163386","163690","40","36977350"
"chr6","37142059","37142361","KN296145v1","740136","740436","37","36401923"
"chr6","37149377","37149690","KN295420v1","203403","203713","44","36945974"
"chr6","37181795","37182049","KN296000v1","56742","57011","43","37125053"
"chr6","37182352","37182598","KN295405v1","757351","757593","45","36425001"
"chr6","37186487","37186771","KN294257v1","2022327","2022606","40","35164160"
"chr6","37188858","37189123","KN295243v1","1473974","1474238","38","35714884"
"chr6","37189509","37189802","KN295107v1","300735","301027","35","36888774"
"chr6","37240632","37240939","KN296833v1","30824","31126","32","37209808"
"chr6","37308308","37308617","KN295315v1","2572721","2573029","31","34735587"
"chr6","37310146","37310354","KN294977v1","1","212","32","37310145"
"chr6","37314285","37314593","KN296311v1","2283043","2283345","47","35031242"
"chr6","37321624","37321932","KN295236v1","461096","461405","31","36860528"
"chr6","37349137","37349441","KN297245v1","1416081","1416379","42","35933056"
"chr6","37362163","37362467","KN296079v1","686222","686522","48","36675941"
"chr6","37374312","37374599","KN296775v1","972150","972439","34","36402162"
"chr6","37390034","37390338","KN297154v1","1039874","1040175","35","36350160"
"chr6","37405506","37405814","KN295345v1","1118463","1118770","40","36287043"
"chr6","37414265","37414579","KN295977v1","620731","621041","48","36793534"
"chr6","37427353","37427657","KN294470v1","2136945","2137241","43","35290408"
"chr6","37432779","37433074","KN294187v1","45047","45343","34","37387732"
"chr6","37446678","37446971","KN294378v1","1504358","1504668","45","35942320"
"chr6","37474080","37474351","KN295059v1","242847","243129","38","37231233"
"chr6","37474565","37474874","KN296153v1","4221325","4221627","46","33253240"
"chr6","37478900","37479172","KN296577v1","302331","302604","38","37176569"
"chr6","37486811","37487060","KN297038v1","314696","314959","40","37172115"
"chr6","37491662","37491964","KN296311v1","768493","768797","30","36723169"
"chr6","37529732","37530027","KN296865v1","1636842","1637139","40","35892890"
"chr6","37548414","37548616","KN294613v1","200472","200677","38","37347942"
"chr6","37550804","37551082","KN295940v1","135883","136155","44","37414921"
"chr6","37551083","37551365","KN296732v1","3149657","3149940","43","34401426"
"chr6","37558995","37559306","KN297008v1","5344216","5344525","38","32214779"
"chr6","37559740","37560034","KN294790v1","163386","163690","37","37396354"
"chr6","37569906","37570208","KN295343v1","274590","274888","40","37295316"
"chr6","37581791","37582065","KN294420v1","105966","106241","39","37475825"
"chr6","37588947","37589190","KN295835v1","199186","199432","40","37389761"
"chr6","37599585","37599893","KN294960v1","1141","1447","44","37598444"
"chr6","37603253","37603552","KN294181v1","1579076","1579376","38","36024177"
"chr6","37613387","37613721","KN295596v1","1567069","1567403","45","36046318"
"chr6","37614894","37615198","KN296557v1","18517","18814","35","37596377"
"chr6","37639276","37639582","KN296643v1","852402","852709","33","36786874"
"chr6","37643468","37643775","KN295929v1","457065","457374","40","37186403"
"chr6","37643844","37644155","KN294172v1","1521503","1521812","45","36122341"
"chr6","37649752","37650068","KN294991v1","759152","759458","51","36890600"
"chr6","37650826","37651136","KN296484v1","351750","352061","39","37299076"
"chr6","37652813","37653114","KN294172v1","1602432","1602732","38","36050381"
"chr6","37665413","37665706","KN295459v1","51196","51505","49","37614217"
"chr6","37666533","37666815","KN295717v1","611535","611814","39","37054998"
"chr6","37667477","37667634","KN295365v1","746369","746530","21","36921108"
"chr6","37674072","37674365","KN294964v1","729437","729734","36","36944635"
"chr6","37678901","37679196","KN295729v1","826689","826980","35","36852212"
"chr6","37681833","37682134","KN295022v1","523834","524137","40","37157999"
"chr6","37685371","37685682","KN296303v1","514845","515157","37","37170526"
"chr6","37697361","37697653","KN295198v1","274974","275272","55","37422387"
"chr6","37698415","37698695","KN294172v1","4829276","4829553","51","32869139"
"chr6","37702669","37702969","KN295571v1","1155767","1156067","32","36546902"
"chr6","37707156","37707459","KN295893v1","5868753","5869051","44","31838403"
"chr6","37715031","37715307","KN294302v1","756229","756509","37","36958802"
"chr6","37759050","37759356","KN294761v1","363307","363610","36","37395743"
"chr6","37762475","37762782","KN294470v1","959975","960280","31","36802500"
"chr6","37763337","37763648","KN294705v1","630343","630650","42","37132994"
"chr6","37792614","37792910","KN294619v1","1564241","1564536","39","36228373"
"chr6","37828746","37829053","KN296306v1","3686137","3686439","37","34142609"
"chr6","37834126","37834414","KN294429v1","37988","38273","36","37796138"
"chr6","37860841","37861143","KN294536v1","1867889","1868199","52","35992952"
"chr6","37872439","37872732","KN297150v1","100231","100523","41","37772208"
"chr6","37897478","37897779","KN296392v1","293483","293777","42","37603995"
"chr6","37904651","37904939","KN294289v1","577200","577491","37","37327451"
"chr6","37940176","37940482","KN294761v1","363307","363610","35","37576869"
"chr6","37961052","37961224","KN294957v1","73265","73439","31","37887787"
"chr6","37964020","37964329","KN294911v1","2389002","2389309","34","35575018"
"chr6","37964939","37965237","KN295893v1","19473","19772","39","37945466"
"chr6","37997693","37997977","KN296138v1","3145","3429","62","37994548"
"chr6","38004724","38005028","KN295637v1","795675","795978","41","37209049"
"chr6","38020762","38021068","KN295241v1","325917","326226","35","37694845"
"chr6","38046174","38046469","KN295171v1","1467060","1467358","42","36579114"
"chr6","38049246","38049559","KN294630v1","706842","707149","45","37342404"
"chr6","38096690","38096879","KN295930v1","759567","759739","73","37337123"
"chr6","38099224","38099530","KN294957v1","62097","62408","37","38037127"
"chr6","38129728","38130037","KN294717v1","270152","270451","41","37859576"
"chr6","38145266","38145565","KN294842v1","983229","983521","46","37162037"
"chr6","38178507","38178817","KN295523v1","3762030","3762344","45","34416477"
"chr6","38186447","38186751","KN297023v1","480259","480560","42","37706188"
"chr6","38217870","38218182","KN294790v1","428668","428977","37","37789202"
"chr6","38242272","38242583","KN296153v1","2873301","2873603","48","35368971"
"chr6","38253667","38253978","KN296795v1","2320523","2320832","36","35933144"
"chr6","38270803","38271091","KN297233v1","903856","904144","33","37366947"
"chr6","38276950","38277254","KN297133v1","1028720","1029024","38","37248230"
"chr6","38284760","38284925","KN296481v1","376034","376200","19","37908726"
"chr6","38285517","38285556","KN295605v1","731068","731107","6","37554449"
"chr6","38286253","38286534","KN295157v1","133311","133587","46","38152942"
"chr6","38293715","38294018","KN294218v1","731628","731927","42","37562087"
"chr6","38302663","38302968","KN294470v1","2136945","2137241","39","36165718"
"chr6","38307510","38307807","KN295343v1","729289","729587","33","37578221"
"chr6","38310584","38310896","KN297008v1","5344216","5344525","37","32966368"
"chr6","38366109","38366429","KN295350v1","1142859","1143166","45","37223250"
"chr6","38371102","38371402","KN296079v1","686222","686522","38","37684880"
"chr6","38393014","38393317","KN294761v1","363307","363610","33","38029707"
"chr6","38432611","38432909","KN294407v1","3027269","3027567","32","35405342"
"chr6","38465433","38465729","KN295198v1","274974","275272","33","38190459"
"chr6","38481403","38481644","KN295405v1","757351","757593","54","37724052"
"chr6","38484587","38484900","KN294407v1","2317315","2317623","42","36167272"
"chr6","38485270","38485477","KN295205v1","978428","978619","42","37506842"
"chr6","38486048","38486200","KN295352v1","1","181","50","38486047"
"chr6","38496209","38496517","KN296507v1","582388","582694","39","37913821"
"chr6","38498666","38498933","KN296311v1","3480347","3480617","41","35018319"
"chr6","38517687","38517987","KN294456v1","1098138","1098439","28","37419549"
"chr6","38569728","38570012","KN295987v1","268979","269270","46","38300749"
"chr6","38596474","38596781","KN294647v1","86520","86810","46","38509954"
"chr6","38608886","38609145","KN295474v1","1438594","1438859","34","37170292"
"chr6","38689203","38689521","KN294991v1","686774","687084","48","38002429"
"chr6","38697695","38697998","KN295814v1","1261993","1262292","40","37435702"
"chr6","38764093","38764378","KN294633v1","106169","106453","31","38657924"
"chr6","38783377","38783657","KN296859v1","1598124","1598411","41","37185253"
"chr6","38845563","38845861","KN296810v1","82391","82687","33","38763172"
"chr6","38877824","38878117","KN294420v1","822079","822371","41","38055745"
"chr6","38888661","38888964","KN294446v1","240983","241287","37","38647678"
"chr6","38895264","38895561","KN294457v1","1440141","1440438","36","37455123"
"chr6","38920812","38921107","KN296145v1","2451188","2451482","39","36469624"
"chr6","38954028","38954338","KN294378v1","167133","167440","38","38786895"
"chr6","38957839","38958138","KN294470v1","2136945","2137241","36","36820894"
"chr6","38978997","38979305","KN296580v1","935582","935893","37","38043415"
"chr6","39063078","39063390","KN294957v1","62097","62408","38","39000981"
"chr6","39068934","39069174","KN294545v1","161119","161375","50","38907815"
"chr6","39073147","39073452","KN295326v1","192748","193053","41","38880399"
"chr6","39132777","39133031","KN296596v1","124252","124528","57","39008525"
"chr6","39229801","39230105","KN296761v1","474126","474436","34","38755675"
"chr6","39233882","39234173","KN295729v1","826689","826980","30","38407193"
"chr6","39261875","39262181","KN294226v1","236103","236407","42","39025772"
"chr6","39297566","39297857","KN294647v1","185532","185822","33","39112034"
"chr6","39314980","39315259","KN297171v1","2628817","2629092","40","36686163"
"chr6","39351271","39351557","KN294662v1","218243","218524","29","39133028"
"chr6","39354029","39354330","KN296495v1","1460438","1460733","43","37893591"
"chr6","39418609","39418906","KN295633v1","2434542","2434837","41","36984067"
"chr6","39422194","39422476","KN294193v1","568677","568960","40","38853517"
"chr6","39435236","39435527","KN294193v1","686578","686868","44","38748658"
"chr6","39493685","39493992","KN294169v1","74418","74723","36","39419267"
"chr6","39566098","39566407","KN295748v1","161587","161896","42","39404511"
"chr6","39670112","39670423","KN296253v1","47774","48082","47","39622338"
"chr6","39691016","39691311","KN294526v1","334958","335253","37","39356058"
"chr6","39703742","39704034","KN294346v1","422309","422602","36","39281433"
"chr6","39732081","39732373","KN296864v1","1057023","1057316","43","38675058"
"chr6","39785634","39785937","KN294603v1","111945","112247","31","39673689"
"chr6","39799721","39800016","KN294526v1","334958","335253","36","39464763"
"chr6","39800964","39801270","KN296829v1","581505","581808","34","39219459"
"chr6","39808515","39808815","KN295315v1","1175116","1175414","39","38633399"
"chr6","39812113","39812423","KN295814v1","1588364","1588671","32","38223749"
"chr6","39816386","39816547","KN295667v1","1026814","1026972","32","38789572"
"chr6","39827192","39827494","KN296311v1","768493","768797","37","39058699"
"chr6","39829914","39830228","KN294613v1","327601","327901","46","39502313"
"chr6","39879711","39880016","KN294790v1","3331659","3331967","41","36548052"
"chr6","39899735","39900040","KN294705v1","623696","624002","30","39276039"
"chr6","39933038","39933349","KN296503v1","58212","58521","31","39874826"
"chr6","40057975","40058285","KN295326v1","192748","193053","41","39865227"
"chr6","40063786","40064150","KN294458v1","1340421","1340747","77","38723365"
"chr6","40106863","40107175","KN294257v1","379317","379626","40","39727546"
"chr6","40159090","40159393","KN296430v1","1105044","1105344","40","39054046"
"chr6","40186005","40186311","KN297023v1","480259","480560","35","39705746"
"chr6","40186326","40186646","KN294991v1","293673","293971","50","39892653"
"chr6","40257225","40257567","KN294257v1","2642468","2642800","55","37614757"
"chr6","40289292","40289588","KN295729v1","826689","826980","42","39462603"
"chr6","40301253","40301560","KN297023v1","480259","480560","38","39820994"
"chr6","40459707","40460014","KN296635v1","4572120","4572425","40","35887587"
"chr6","40490712","40491000","KN297159v1","1126876","1127157","45","39363836"
"chr6","40617802","40618088","KN297146v1","129898","130192","41","40487904"
"chr6","40646813","40647112","KN295172v1","132103","132390","49","40514710"
"chr6","40652573","40652873","KN295172v1","132103","132390","48","40520470"
"chr6","40790036","40790331","KN297008v1","4069546","4069842","34","36720490"
"chr6","40810505","40810812","KN295548v1","17538","17846","44","40792967"
"chr6","40823062","40823364","KN294378v1","696718","697020","33","40126344"
"chr6","40851226","40851531","KN295319v1","42222","42534","35","40809004"
"chr6","41125906","41126218","KN295548v1","17538","17846","36","41108368"
"chr6","41154290","41154602","KN294539v1","3785902","3786209","41","37368388"
"chr6","41189770","41190061","KN295835v1","84846","85139","32","41104924"
"chr6","41235341","41235671","KN296442v1","795536","795858","47","40439805"
"chr6","41338578","41338841","KN294172v1","4940663","4940925","40","36397915"
"chr6","41363246","41363546","KN294561v1","1084406","1084703","32","40278840"
"chr6","41410433","41410732","KN294613v1","562013","562309","35","40848420"
"chr6","41512199","41512493","KN296991v1","875955","876250","32","40636244"
"chr6","41554987","41555279","KN294172v1","5009418","5009710","33","36545569"
"chr6","41605897","41606193","KN297458v1","476217","476510","40","41129680"
"chr6","41687460","41687753","KN294977v1","161882","162175","37","41525578"
"chr6","41900220","41900517","KN296290v1","541019","541316","37","41359201"
"chr6","41910118","41910419","KN296062v1","789180","789482","44","41120938"
"chr6","41911223","41911556","KN294387v1","3351311","3351643","39","38559912"
"chr6","41934376","41934672","KN294662v1","54879","55172","37","41879497"
"chr6","41940642","41940936","KN296547v1","396597","396892","29","41544045"
"chr6","41941311","41941612","KN294175v1","11397","11693","49","41929914"
"chr6","41950991","41951286","KN295394v1","556635","556929","36","41394356"
"chr6","42030222","42030531","KN294790v1","163386","163690","34","41866836"
"chr6","42102863","42103181","KN296495v1","32852","33166","34","42070011"
"chr6","42124290","42124592","KN296495v1","54606","54903","25","42069684"
"chr6","42134818","42135129","KN296495v1","65159","65461","28","42069659"
"chr6","42166229","42166520","KN294147v1","1191891","1192182","43","40974338"
"chr6","42168825","42169098","KN296075v1","244693","244958","41","41924132"
"chr6","42179969","42180171","KN296426v1","64367","64561","43","42115602"
"chr6","42187326","42187633","KN296040v1","575673","575981","37","41611653"
"chr6","42238366","42238667","KN296108v1","1080011","1080305","42","41158355"
"chr6","42323240","42323550","KN296495v1","249315","249628","30","42073925"
"chr6","42337624","42337921","KN296495v1","264475","264780","30","42073149"
"chr6","42338404","42338713","KN296495v1","265262","265575","26","42073142"
"chr6","42346146","42346458","KN296948v1","1380864","1381173","31","40965282"
"chr6","42370801","42371102","KN296495v1","298231","298532","17","42072570"
"chr6","42379909","42380201","KN295729v1","826689","826980","39","41553220"
"chr6","42381740","42382041","KN296495v1","310172","310473","25","42071568"
"chr6","42389970","42390136","KN296495v1","317395","317553","20","42072575"
"chr6","42394010","42394262","KN295236v1","1825213","1825477","44","40568797"
"chr6","42436610","42436925","KN296495v1","368314","368622","29","42068296"
"chr6","42443064","42443314","KN294193v1","349920","350165","46","42093144"
"chr6","42462361","42462643","KN296495v1","395885","396179","33","42066476"
"chr6","42472817","42473049","KN295586v1","3279755","3279994","49","39193062"
"chr6","42485183","42485481","KN296495v1","419609","419904","31","42065574"
"chr6","42493061","42493285","KN296495v1","427199","427420","33","42065862"
"chr6","42496559","42496869","KN294434v1","711034","711345","39","41785525"
"chr6","42548184","42548483","KN296495v1","490910","491206","25","42057274"
"chr6","42550954","42551259","KN296495v1","496997","497306","25","42053957"
"chr6","42552818","42553122","KN296303v1","263283","263585","38","42289535"
"chr6","42553928","42554216","KN296495v1","500005","500299","29","42053923"
"chr6","42561812","42562107","KN296495v1","509014","509304","36","42052798"
"chr6","42563280","42563590","KN295236v1","3914928","3915239","35","38648352"
"chr6","42584835","42585077","KN296495v1","522397","522645","26","42062438"
"chr6","42614354","42614663","KN296495v1","550769","551079","25","42063585"
"chr6","42625946","42626208","KN294842v1","84980","85244","45","42540966"
"chr6","42629190","42629494","KN296495v1","566271","566575","37","42062919"
"chr6","42630873","42631187","KN295523v1","3762030","3762344","36","38868843"
"chr6","42638603","42638884","KN296495v1","576598","576881","32","42062005"
"chr6","42648820","42649121","KN296495v1","586450","586753","33","42062370"
"chr6","42665185","42665485","KN296495v1","602770","603070","31","42062415"
"chr6","42668619","42668915","KN296153v1","1090111","1090408","33","41578508"
"chr6","42672054","42672353","KN296495v1","609810","610105","26","42062244"
"chr6","42677014","42677311","KN297154v1","1039874","1040175","54","41637140"
"chr6","42679123","42679425","KN296406v1","41462","41764","36","42637661"
"chr6","42698071","42698380","KN296495v1","633501","633812","20","42064570"
"chr6","42702404","42702705","KN296495v1","636696","637001","27","42065708"
"chr6","42703725","42703948","KN294269v1","1581391","1581631","72","41122334"
"chr6","42731576","42731887","KN296009v1","991975","992288","42","41739601"
"chr6","42740485","42740782","KN294501v1","4140225","4140518","41","38600260"
"chr6","42747434","42747712","KN297046v1","1893600","1893881","38","40853834"
"chr6","42759270","42759565","KN296495v1","699137","699436","33","42060133"
"chr6","42770259","42770562","KN295301v1","716124","716425","34","42054135"
"chr6","42798987","42799268","KN296119v1","5914350","5914624","49","36884637"
"chr6","42827748","42828044","KN294917v1","405138","405434","42","42422610"
"chr6","42883738","42883936","KN294181v1","478503","478694","41","42405235"
"chr6","42886204","42886510","KN295236v1","35793","36099","35","42850411"
"chr6","42903195","42903492","KN297245v1","1416081","1416379","33","41487114"
"chr6","42905223","42905522","KN296495v1","846041","846339","28","42059182"
"chr6","42905826","42906134","KN296495v1","846641","846944","29","42059185"
"chr6","42955135","42955416","KN296495v1","896226","896504","21","42058909"
"chr6","42957871","42958170","KN296460v1","1619773","1620070","30","41338098"
"chr6","43022908","43023205","KN296495v1","962835","963136","26","42060073"
"chr6","43028226","43028545","KN294199v1","636506","636815","44","42391720"
"chr6","43036518","43036828","KN296495v1","976070","976371","29","42060448"
"chr6","43038309","43038618","KN294741v1","1962834","1963142","31","41075475"
"chr6","43053116","43053367","KN294372v1","2024199","2024444","35","41028917"
"chr6","43056706","43056999","KN295729v1","826689","826980","43","42230017"
"chr6","43095782","43096091","KN296495v1","1038011","1038312","34","42057771"
"chr6","43119161","43119455","KN295962v1","1884512","1884811","32","41234649"
"chr6","43123991","43124294","KN296495v1","1065572","1065876","33","42058419"
"chr6","43128992","43129281","KN296357v1","483169","483462","33","42645823"
"chr6","43145596","43145854","KN296404v1","3483202","3483457","51","39662394"
"chr6","43147282","43147572","KN294978v1","3941067","3941363","39","39206215"
"chr6","43150076","43150402","KN296495v1","1092445","1092776","35","42057631"
"chr6","43165557","43165869","KN296495v1","1108349","1108658","27","42057208"
"chr6","43218214","43218515","KN296557v1","18517","18814","35","43199697"
"chr6","43224661","43224960","KN296263v1","970564","970862","36","42254097"
"chr6","43226583","43226878","KN296495v1","1167650","1167949","32","42058933"
"chr6","43230056","43230364","KN296495v1","1171465","1171769","34","42058591"
"chr6","43237065","43237369","KN296495v1","1178533","1178842","31","42058532"
"chr6","43245442","43245700","KN295243v1","1473974","1474238","45","41771468"
"chr6","43255088","43255349","KN296036v1","300943","301205","44","42954145"
"chr6","43258381","43258684","KN295459v1","673095","673397","35","42585286"
"chr6","43304354","43304655","KN296495v1","1239666","1239979","33","42064688"
"chr6","43317751","43318053","KN296430v1","1105044","1105344","30","42212707"
"chr6","43318446","43318751","KN296495v1","1252248","1252554","23","42066198"
"chr6","43330760","43331078","KN296495v1","1264926","1265257","29","42065834"
"chr6","43336875","43337172","KN296495v1","1270242","1270532","42","42066633"
"chr6","43338260","43338461","KN295995v1","278598","278793","35","43059662"
"chr6","43344099","43344390","KN296743v1","1826867","1827160","38","41517232"
"chr6","43349578","43349886","KN296495v1","1285640","1285955","47","42063938"
"chr6","43357545","43357847","KN296635v1","2119117","2119419","46","41238428"
"chr6","43358271","43358568","KN294385v1","186860","187159","36","43171411"
"chr6","43360600","43360907","KN294470v1","2878982","2879283","40","40481618"
"chr6","43379509","43379757","KN297038v1","273358","273615","47","43106151"
"chr6","43381856","43382153","KN296495v1","1317707","1318008","26","42064149"
"chr6","43382295","43382591","KN296495v1","1318150","1318446","31","42064145"
"chr6","43389520","43389794","KN294705v1","2048841","2049122","33","41340679"
"chr6","43405814","43406072","KN295243v1","1473974","1474238","44","41931840"
"chr6","43408349","43408644","KN294987v1","460377","460676","37","42947972"
"chr6","43423863","43424172","KN294964v1","1872225","1872534","41","41551638"
"chr6","43433035","43433305","KN296495v1","1372477","1372750","34","42060558"
"chr6","43434187","43434465","KN297171v1","2628817","2629092","45","40805370"
"chr6","43444463","43444735","KN297008v1","4187432","4187699","37","39257031"
"chr6","43446770","43447074","KN294199v1","636506","636815","35","42810264"
"chr6","43447622","43447889","KN295260v1","1627450","1627717","31","41820172"
"chr6","43458768","43459074","KN294790v1","428668","428977","37","43030100"
"chr6","43464884","43465172","KN296096v1","3249789","3250078","39","40215095"
"chr6","43466318","43466628","KN296495v1","1408678","1408968","39","42057640"
"chr6","43480082","43480395","KN296311v1","854862","855163","50","42625220"
"chr6","43482432","43482741","KN296495v1","1425450","1425751","36","42056982"
"chr6","43483769","43484080","KN296495v1","1426384","1426686","29","42057385"
"chr6","43514290","43514586","KN296495v1","1460438","1460733","27","42053852"
"chr6","43519502","43519811","KN294264v1","87223","87534","34","43432279"
"chr6","43524258","43524536","KN296495v1","1469033","1469325","38","42055225"
"chr6","43524657","43524951","KN297146v1","129898","130192","37","43394759"
"chr6","43544006","43544312","KN297008v1","1825305","1825608","38","41718701"
"chr6","43548628","43548940","KN297320v1","848283","848595","37","42700345"
"chr6","43558026","43558329","KN297408v1","249718","250021","39","43308308"
"chr6","43563247","43563438","KN297026v1","110289","110476","41","43452958"
"chr6","43567261","43567560","KN294535v1","120708","121012","39","43446553"
"chr6","43584026","43584321","KN296682v1","1930392","1930690","33","41653634"
"chr6","43594834","43595131","KN296495v1","1542200","1542483","35","42052634"
"chr6","43613221","43613525","KN296495v1","1559654","1559958","15","42053567"
"chr6","43616761","43617071","KN296495v1","1564157","1564471","26","42052604"
"chr6","43617648","43617946","KN296486v1","114465","114761","42","43503183"
"chr6","43618372","43618661","KN296345v1","121659","121957","43","43496713"
"chr6","43633528","43633819","KN296495v1","1581253","1581535","34","42052275"
"chr6","43640193","43640504","KN294429v1","15654","15953","30","43624539"
"chr6","43644843","43645137","KN296495v1","1584630","1584920","36","42060213"
"chr6","43656471","43656772","KN296731v1","694955","695263","36","42961516"
"chr6","43719725","43719985","KN296538v1","1555479","1555740","38","42164246"
"chr6","43724208","43724503","KN296495v1","1659921","1660214","25","42064287"
"chr6","43727728","43727852","KN296153v1","1077153","1077276","15","42650575"
"chr6","43727957","43728253","KN296495v1","1663876","1664177","28","42064081"
"chr6","43728254","43728444","KN294187v1","367609","367787","44","43360645"
"chr6","43741536","43741830","KN296495v1","1676362","1676657","24","42065174"
"chr6","43742681","43742996","KN296495v1","1677503","1677802","49","42065178"
"chr6","43744118","43744419","KN296495v1","1678921","1679222","33","42065197"
"chr6","43763498","43763811","KN295171v1","290518","290830","41","43472980"
"chr6","43780146","43780422","KN295433v1","2338051","2338323","43","41442095"
"chr6","43788333","43788643","KN297133v1","1030785","1031096","32","42757548"
"chr6","43792802","43793088","KN296495v1","1725841","1726131","28","42066961"
"chr6","43796020","43796332","KN296495v1","1729679","1729985","21","42066341"
"chr6","43816440","43816741","KN296495v1","1749962","1750262","15","42066478"
"chr6","43876220","43876517","KN296495v1","1808030","1808331","25","42068190"
"chr6","43878447","43878752","KN295257v1","1225806","1226107","34","42652641"
"chr6","43909136","43909439","KN295633v1","323295","323596","32","43585841"
"chr6","43941634","43941938","KN297023v1","480259","480560","32","43461375"
"chr6","43946014","43946310","KN296495v1","1881347","1881648","32","42064667"
"chr6","43975574","43975860","KN296495v1","1910938","1911226","41","42064636"
"chr6","43978687","43978974","KN295371v1","448057","448341","40","43530630"
"chr6","43994458","43994604","KN296311v1","4401552","4401703","27","39592906"
"chr6","44000641","44000947","KN296495v1","1936992","1937296","29","42063649"
"chr6","44001512","44001819","KN296495v1","1939369","1939669","32","42062143"
"chr6","44012623","44012911","KN296495v1","1951647","1951933","31","42060976"
"chr6","44025636","44025951","KN295735v1","994649","994952","50","43030987"
"chr6","44029216","44029513","KN296495v1","1977786","1978086","29","42051430"
"chr6","44038178","44038483","KN296495v1","1983797","1984091","29","42054381"
"chr6","44042181","44042484","KN295814v1","1261993","1262292","38","42780188"
"chr6","44058818","44059115","KN295607v1","4406348","4406645","36","39652470"
"chr6","44080209","44080510","KN296495v1","2025205","2025507","26","42055004"
"chr6","44114527","44114809","KN294570v1","116175","116454","33","43998352"
"chr6","44116137","44116439","KN297276v1","143691","143993","36","43972446"
"chr6","44166688","44166845","KN296747v1","128765","128916","25","44037923"
"chr6","44173728","44174051","KN296495v1","2110247","2110566","32","42063481"
"chr6","44174998","44175299","KN294182v1","371420","371717","50","43803578"
"chr6","44186198","44186498","KN296495v1","2123355","2123656","29","42062843"
"chr6","44190786","44191076","KN297452v1","2217950","2218238","34","41972836"
"chr6","44201938","44202235","KN294187v1","783464","783769","39","43418474"
"chr6","44223023","44223332","KN297259v1","1820010","1820317","38","42403013"
"chr6","44239955","44240255","KN296495v1","2172363","2172662","26","42067592"
"chr6","44242816","44243127","KN296495v1","2175847","2176152","23","42066969"
"chr6","44247751","44248041","KN296495v1","2180485","2180774","30","42067266"
"chr6","44250090","44250374","KN296495v1","2182034","2182325","35","42068056"
"chr6","44255926","44256237","KN295439v1","102691","103000","32","44153235"
"chr6","44260914","44261227","KN294199v1","636506","636815","40","43624408"
"chr6","44269927","44270099","KN296311v1","7665656","7665823","27","36604271"
"chr6","44283489","44283792","KN294434v1","417718","418021","34","43865771"
"chr6","44284370","44284540","KN296481v1","376034","376200","27","43908336"
"chr6","44289651","44289938","KN295523v1","4217121","4217407","36","40072530"
"chr6","44293521","44293833","KN296495v1","2222861","2223177","24","42070660"
"chr6","44306974","44307258","KN296495v1","2236413","2236694","24","42070561"
"chr6","44324098","44324395","KN296495v1","2256624","2256913","32","42067474"
"chr6","44326332","44326648","KN294172v1","5912433","5912743","38","38413899"
"chr6","44388864","44389172","KN295814v1","1059254","1059558","37","43329610"
"chr6","44390774","44391085","KN294486v1","1758447","1758757","48","42632327"
"chr6","44399392","44399697","KN295573v1","964658","964965","34","43434734"
"chr6","44476351","44476656","KN294911v1","1860297","1860603","42","42616054"
"chr6","44503465","44503752","KN295825v1","1095413","1095702","62","43408052"
"chr6","44681558","44681871","KN295459v1","1416836","1417149","45","43264722"
"chr6","44694658","44694968","KN294741v1","1962834","1963142","33","42731824"
"chr6","44770599","44770899","KN294917v1","405138","405434","39","44365461"
"chr6","44809972","44810279","KN296635v1","2387021","2387331","32","42422951"
"chr6","44812382","44812678","KN296495v1","2729399","2729698","27","42082983"
"chr6","44819885","44820177","KN296495v1","2736408","2736696","26","42083477"
"chr6","44824425","44824716","KN294172v1","5009418","5009710","43","39815007"
"chr6","44827247","44827545","KN296486v1","1726381","1726674","37","43100866"
"chr6","44847630","44847920","KN294756v1","253","541","46","44847377"
"chr6","44848940","44849242","KN297058v1","312303","312607","33","44536637"
"chr6","44852000","44852311","KN294911v1","2389002","2389309","37","42462998"
"chr6","44868271","44868584","KN296019v1","409159","409464","35","44459112"
"chr6","44894357","44894660","KN296495v1","2803497","2803801","20","42090860"
"chr6","44896181","44896475","KN294539v1","1287945","1288241","38","43608236"
"chr6","44946594","44946853","KN294848v1","603415","603675","39","44343179"
"chr6","44967627","44967936","KN295045v1","451861","452165","37","44515766"
"chr6","44979885","44980165","KN294471v1","391693","391979","41","44588192"
"chr6","45001928","45002242","KN296495v1","2897339","2897651","34","42104589"
"chr6","45009915","45010184","KN296495v1","2905220","2905481","33","42104695"
"chr6","45030667","45030909","KN295243v1","7102","7343","39","45023565"
"chr6","45060033","45060324","KN296495v1","2955545","2955852","27","42104488"
"chr6","45079388","45079547","KN295157v1","155053","155207","30","44924335"
"chr6","45129050","45129361","KN296495v1","3023903","3024212","33","42105147"
"chr6","45232353","45232524","KN296577v1","523500","523670","17","44708853"
"chr6","45306369","45306682","KN295607v1","4377455","4377758","36","40928914"
"chr6","45308833","45309136","KN296495v1","3190184","3190495","28","42118649"
"chr6","45316669","45316941","KN294372v1","1056997","1057262","45","44259672"
"chr6","45350931","45351217","KN296495v1","3232329","3232614","28","42118602"
"chr6","45356692","45356995","KN296495v1","3242045","3242356","28","42114647"
"chr6","45405054","45405370","KN296495v1","3286172","3286471","34","42118882"
"chr6","45466392","45466660","KN296495v1","3337243","3337506","25","42129149"
"chr6","45514067","45514364","KN296970v1","27842","28143","35","45486225"
"chr6","45528515","45528817","KN296970v1","42887","43193","30","45485628"
"chr6","45529526","45529844","KN296970v1","43904","44207","41","45485622"
"chr6","45568280","45568577","KN294526v1","334958","335253","38","45233322"
"chr6","45632684","45632930","KN296970v1","136569","136810","30","45496115"
"chr6","45634240","45634536","KN296970v1","138004","138310","29","45496236"
"chr6","45700164","45700467","KN294421v1","274187","274491","54","45425977"
"chr6","45834512","45834828","KN296970v1","347914","348230","25","45486598"
"chr6","45886491","45886768","KN296157v1","1899551","1899828","42","43986940"
"chr6","45951167","45951463","KN297159v1","1593109","1593399","61","44358058"
"chr6","46108232","46108532","KN296970v1","608900","609206","30","45499332"
"chr6","46277831","46278134","KN294456v1","592934","593237","32","45684897"
"chr6","46304833","46305131","KN296970v1","803933","804222","33","45500900"
"chr6","46362219","46362514","KN295933v1","86787","87083","32","46275432"
"chr6","46374499","46374808","KN295923v1","1040491","1040795","39","45334008"
"chr6","46633816","46634126","KN296970v1","1125648","1125954","32","45508168"
"chr6","46708536","46708847","KN296970v1","1197179","1197490","33","45511357"
"chr6","46766390","46766686","KN294539v1","1287945","1288241","37","45478445"
"chr6","46823185","46823477","KN294210v1","280795","281092","37","46542390"
"chr6","46841908","46842075","KN296244v1","728807","728972","21","46113101"
"chr6","46842089","46842373","KN294599v1","1100540","1100831","35","45741549"
"chr6","46999023","46999310","KN295096v1","2965990","2966278","31","44033033"
"chr6","47033521","47033876","KN296770v1","132839","133155","77","46900682"
"chr6","47080012","47080312","KN294407v1","3027269","3027567","39","44052743"
"chr6","47085351","47085688","KN295573v1","283057","283386","52","46802294"
"chr6","47224589","47224889","KN296310v1","934750","935050","38","46289839"
"chr6","47226662","47226980","KN296138v1","187826","188139","52","47038836"
"chr6","47303132","47303362","KN295967v1","625826","626071","54","46677306"
"chr6","47322707","47323014","KN294499v1","1117273","1117575","42","46205434"
"chr6","47389140","47389414","KN295984v1","1708186","1708466","49","45680954"
"chr6","47482313","47482611","KN294536v1","1634850","1635148","40","45847463"
"chr6","47534703","47535021","KN297307v1","348726","349046","49","47185977"
"chr6","47579713","47580011","KN296810v1","26632","26932","40","47553081"
"chr6","47582678","47582859","KN297026v1","110289","110476","45","47472389"
"chr6","47742225","47742527","KN294421v1","1629521","1629823","32","46112704"
"chr6","47762228","47762531","KN294443v1","441739","442042","38","47320489"
"chr6","47789608","47789902","KN294662v1","218243","218524","45","47571365"
"chr6","47798047","47798340","KN296781v1","107129","107429","44","47690918"
"chr6","47819387","47819672","KN295835v1","84846","85139","39","47734541"
"chr6","47902432","47902712","KN296138v1","452937","453216","38","47449495"
"chr6","48020802","48021076","KN294407v1","2563292","2563571","53","45457510"
"chr6","48025316","48025564","KN294978v1","1483052","1483295","51","46542264"
"chr6","48051873","48052171","KN296503v1","544133","544430","39","47507740"
"chr6","48106479","48106791","KN295573v1","234796","235095","52","47871683"
"chr6","48142401","48142700","KN295236v1","246388","246682","34","47896013"
"chr6","48175871","48176164","KN294226v1","539857","540155","42","47636014"
"chr6","48186016","48186307","KN295706v1","45460","45751","35","48140556"
"chr6","48243726","48244026","KN296498v1","95172","95471","40","48148554"
"chr6","48361802","48362092","KN294230v1","46281","46572","30","48315521"
"chr6","48560872","48561166","KN295261v1","651744","652041","33","47909128"
"chr6","48639658","48639961","KN295261v1","578690","578991","26","48060968"
"chr6","48687864","48688173","KN297259v1","1820010","1820317","50","46867854"
"chr6","48778329","48778637","KN296311v1","3194235","3194543","36","45584094"
"chr6","48780776","48780960","KN295236v1","3402541","3402725","42","45378235"
"chr6","48885387","48885503","KN294767v1","817992","818122","39","48067395"
"chr6","48926510","48926826","KN295667v1","1633840","1634152","48","47292670"
"chr6","49060481","49060759","KN296859v1","1581704","1581985","39","47478777"
"chr6","49248828","49249138","KN295717v1","435370","435679","44","48813458"
"chr6","49334503","49334767","KN297281v1","1471633","1471910","42","47862870"
"chr6","49349606","49349913","KN295984v1","2540291","2540591","51","46809315"
"chr6","49371084","49371332","KN296036v1","300943","301205","52","49070141"
"chr6","49421081","49421381","KN297281v1","1387879","1388178","33","48033202"
"chr6","49454559","49454814","KN297184v1","384164","384406","48","49070395"
"chr6","49503333","49503659","KN297281v1","1314513","1314836","27","48188820"
"chr6","49505987","49506281","KN297281v1","1311889","1312186","37","48194098"
"chr6","49858626","49858905","KN297281v1","989472","989752","24","48869154"
"chr6","49922071","49922348","KN294287v1","726396","726683","57","49195675"
"chr6","50048275","50048596","KN296460v1","119303","119632","50","49928972"
"chr6","50166178","50166470","KN297190v1","4200135","4200423","40","45966043"
"chr6","50193003","50193302","KN297281v1","673093","673372","43","49519910"
"chr6","50206954","50207225","KN296036v1","300943","301205","51","49906011"
"chr6","50300029","50300315","KN297281v1","580394","580680","33","49719635"
"chr6","50303387","50303697","KN296153v1","2873301","2873603","42","47430086"
"chr6","50679657","50679968","KN294911v1","2389002","2389309","40","48290655"
"chr6","50713625","50713921","KN295091v1","2692987","2693285","33","48020638"
"chr6","51090597","51090735","KN295930v1","759567","759739","50","50331030"
"chr6","51101464","51101770","KN295671v1","201221","201525","44","50900243"
"chr6","51125028","51125318","KN294251v1","4150416","4150705","19","46974612"
"chr6","51206441","51206720","KN295459v1","1101140","1101421","34","50105301"
"chr6","51300080","51300377","KN294633v1","56373","56674","36","51243707"
"chr6","51383250","51383524","KN295526v1","1089165","1089453","54","50294085"
"chr6","51396621","51396734","KN294240v1","21997","22116","20","51374624"
"chr6","51397365","51397551","KN296062v1","1571015","1571193","29","49826350"
"chr6","51549321","51549540","KN297306v1","10400","10616","47","51538921"
"chr6","51605868","51606161","KN294251v1","3668798","3669080","45","47937070"
"chr6","51676574","51676865","KN295573v1","502898","503186","37","51173676"
"chr6","51680457","51680739","KN294251v1","3599092","3599390","36","48081365"
"chr6","51698205","51698485","KN296538v1","101344","101622","39","51596861"
"chr6","51987547","51987855","KN294251v1","3310780","3311069","41","48676767"
"chr6","52174183","52174479","KN296153v1","1090111","1090408","35","51084072"
"chr6","52283108","52283419","KN294603v1","63949","64255","43","52219159"
"chr6","52283919","52284214","KN295260v1","1431957","1432253","37","50851962"
"chr6","52345222","52345511","KN294251v1","2931982","2932274","36","49413240"
"chr6","52397581","52397905","KN295159v1","11397","11709","55","52386184"
"chr6","52413427","52413722","KN294251v1","2866941","2867236","29","49546486"
"chr6","52498258","52498560","KN294251v1","2781278","2781579","39","49716980"
"chr6","52640840","52641122","KN296503v1","384696","384982","41","52256144"
"chr6","52686593","52686881","KN294949v1","1309263","1309554","38","51377330"
"chr6","52711331","52711628","KN295601v1","2362139","2362436","37","50349192"
"chr6","52859979","52860280","KN294251v1","2439801","2440101","23","50420178"
"chr6","52959864","52960154","KN294251v1","2342360","2342650","22","50617504"
"chr6","52966721","52966895","KN297008v1","5479899","5480078","36","47486822"
"chr6","52975967","52976256","KN294561v1","1887166","1887450","45","51088801"
"chr6","53040036","53040351","KN295923v1","2382615","2382923","51","50657421"
"chr6","53042264","53042567","KN294251v1","2262129","2262434","38","50780135"
"chr6","53061199","53061506","KN294251v1","2240296","2240606","28","50820903"
"chr6","53062116","53062417","KN294251v1","2239047","2239341","29","50823069"
"chr6","53074746","53075054","KN295236v1","35793","36099","43","53038953"
"chr6","53097501","53097808","KN294251v1","2202248","2202548","39","50895253"
"chr6","53116807","53117115","KN294251v1","2181480","2181771","34","50935327"
"chr6","53155135","53155435","KN294251v1","2139299","2139606","33","51015836"
"chr6","53174983","53175279","KN294251v1","2119100","2119398","22","51055883"
"chr6","53180954","53181088","KN295112v1","620701","620835","18","52560253"
"chr6","53181395","53181566","KN296036v1","766932","767116","31","52414463"
"chr6","53247665","53247974","KN294251v1","2040942","2041248","31","51206723"
"chr6","53290826","53291126","KN294251v1","1998904","1999209","35","51291922"
"chr6","53300504","53300781","KN294251v1","1988252","1988530","29","51312252"
"chr6","53358541","53358834","KN294251v1","1932520","1932819","26","51426021"
"chr6","53406511","53406812","KN295666v1","535897","536196","41","52870614"
"chr6","53429897","53430188","KN295573v1","502898","503186","36","52926999"
"chr6","53492144","53492442","KN296847v1","444572","444874","45","53047572"
"chr6","53527341","53527635","KN294251v1","1819151","1819444","29","51708190"
"chr6","53616155","53616454","KN294251v1","1740274","1740567","28","51875881"
"chr6","53627327","53627636","KN294378v1","1504358","1504668","46","52122969"
"chr6","53655350","53655655","KN294458v1","1049177","1049481","55","52606173"
"chr6","53713519","53713809","KN294644v1","85408","85699","37","53628111"
"chr6","53764235","53764535","KN295343v1","729289","729587","32","53034946"
"chr6","53800750","53801051","KN294251v1","1582946","1583245","35","52217804"
"chr6","53803182","53803342","KN296508v1","583731","583889","35","53219451"
"chr6","53803450","53803571","KN294629v1","121616","121735","24","53681834"
"chr6","53856285","53856594","KN294251v1","1527189","1527497","26","52329096"
"chr6","53857798","53858109","KN294251v1","1525685","1525986","37","52332113"
"chr6","53884956","53885257","KN294251v1","1497572","1497860","36","52387384"
"chr6","53895684","53895965","KN295459v1","1101140","1101421","36","52794544"
"chr6","53896634","53896943","KN295523v1","3762030","3762344","38","50134604"
"chr6","53898406","53898712","KN294251v1","1484409","1484707","27","52413997"
"chr6","53899779","53900089","KN296959v1","1610341","1610649","39","52289438"
"chr6","53911302","53911598","KN297008v1","4661765","4662062","27","49249537"
"chr6","53914383","53914663","KN294573v1","199597","199875","36","53714786"
"chr6","53914897","53915192","KN294229v1","314183","314477","31","53600714"
"chr6","53915536","53915846","KN295814v1","1589520","1589831","40","52326016"
"chr6","53926032","53926339","KN294251v1","1456676","1456983","40","52469356"
"chr6","53933104","53933395","KN294251v1","1449194","1449494","30","52483910"
"chr6","53938126","53938436","KN296311v1","497102","497413","34","53441024"
"chr6","53950611","53950908","KN294535v1","637291","637589","35","53313320"
"chr6","53959652","53959947","KN294251v1","1425773","1426067","18","52533879"
"chr6","53964007","53964316","KN294251v1","1420888","1421199","29","52543119"
"chr6","53983422","53983731","KN296732v1","3712291","3712592","36","50271131"
"chr6","53990406","53990694","KN294251v1","1392252","1392538","32","52598154"
"chr6","54152502","54152788","KN296752v1","463929","464221","39","53688573"
"chr6","54180218","54180516","KN296430v1","1105044","1105344","26","53075174"
"chr6","54274806","54275116","KN296730v1","20820","21130","32","54253986"
"chr6","54281897","54282196","KN294456v1","1098138","1098439","34","53183759"
"chr6","54291066","54291375","KN294251v1","1071212","1071522","21","53219854"
"chr6","54300102","54300399","KN294251v1","1061922","1062220","21","53238180"
"chr6","54302156","54302469","KN294251v1","1059858","1060179","37","53242298"
"chr6","54306135","54306442","KN295433v1","250702","251008","31","54055433"
"chr6","54312384","54312663","KN294161v1","591631","591918","42","53720753"
"chr6","54332412","54332624","KN297008v1","3139544","3139758","28","51192868"
"chr6","54422377","54422680","KN296404v1","1183469","1183770","37","53238908"
"chr6","54481669","54481957","KN294526v1","334958","335253","32","54146711"
"chr6","54496016","54496240","KN295490v1","64965","65192","33","54431051"
"chr6","54591512","54591808","KN297245v1","1416081","1416379","30","53175431"
"chr6","54643980","54644162","KN296825v1","515345","515532","29","54128635"
"chr6","54739524","54739732","KN296229v1","831486","831697","37","53908038"
"chr6","54744150","54744458","KN294964v1","1832698","1833002","40","52911452"
"chr6","54783424","54783718","KN294251v1","554633","554923","33","54228791"
"chr6","54807456","54807706","KN297452v1","2486437","2486699","45","52321019"
"chr6","54817927","54818239","KN295284v1","544658","544966","36","54273269"
"chr6","54895406","54895713","KN294251v1","447618","447925","32","54447788"
"chr6","54946987","54947295","KN294613v1","479555","479865","40","54467432"
"chr6","54953239","54953525","KN297023v1","480259","480560","40","54472980"
"chr6","55079282","55079590","KN295433v1","250702","251008","37","54828580"
"chr6","55127771","55128067","KN294526v1","334958","335253","41","54792813"
"chr6","55211145","55211366","KN295977v1","1276894","1277103","53","53934251"
"chr6","55279246","55279549","KN296518v1","109626","109935","43","55169620"
"chr6","55428858","55429160","KN297023v1","480259","480560","39","54948599"
"chr6","55447657","55447833","KN294445v1","855366","855529","26","54592291"
"chr6","55466613","55466911","KN294445v1","837413","837725","31","54629200"
"chr6","55467249","55467542","KN294588v1","939280","939572","38","54527969"
"chr6","55512864","55513174","KN294445v1","777513","777807","42","54735351"
"chr6","55521735","55522043","KN297390v1","166530","166837","39","55355205"
"chr6","55530304","55530607","KN294879v1","1371008","1371310","51","54159296"
"chr6","55548620","55548921","KN296287v1","119329","119630","46","55429291"
"chr6","55570240","55570534","KN294445v1","725715","726018","30","54844525"
"chr6","55611145","55611426","KN295459v1","1182376","1182658","34","54428769"
"chr6","55697196","55697491","KN294457v1","947372","947669","47","54749824"
"chr6","55778762","55779031","KN295736v1","1800874","1801153","52","53977888"
"chr6","55801921","55802208","KN294445v1","504220","504505","29","55297701"
"chr6","55992448","55992760","KN294445v1","330980","331283","37","55661468"
"chr6","56001289","56001588","KN295198v1","274974","275272","34","55726315"
"chr6","56099629","56099913","KN295371v1","448057","448341","43","55651572"
"chr6","56168852","56169151","KN295610v1","393529","393825","38","55775323"
"chr6","56678571","56678865","KN295933v1","86787","87083","46","56591784"
"chr6","56824334","56824637","KN294874v1","105877","106179","45","56718457"
"chr6","56865821","56866124","KN294705v1","1616729","1617032","35","55249092"
"chr6","56898643","56898946","KN294181v1","1579076","1579376","35","55319567"
"chr6","56936288","56936592","KN296926v1","198353","198662","42","56737935"
"chr6","57037820","57038129","KN295607v1","3855460","3855770","39","53182360"
"chr6","57093225","57093521","KN294407v1","3027269","3027567","45","54065956"
"chr6","57095877","57096173","KN294407v1","3027269","3027567","45","54068608"
"chr6","57269409","57269706","KN294181v1","938333","938630","49","56331076"
"chr6","57408691","57408992","KN295439v1","83349","83650","37","57325342"
"chr6","57418938","57419233","KN294193v1","425211","425504","42","56993727"
"chr6","57432526","57432825","KN296096v1","3032967","3033265","35","54399559"
"chr6","57435407","57435714","KN296430v1","733706","734013","39","56701701"
"chr6","57453809","57454107","KN297133v1","1352390","1352685","35","56101419"
"chr6","57463767","57464008","KN294856v1","266327","266581","53","57197440"
"chr6","57484658","57484970","KN295284v1","544658","544966","39","56940000"
"chr6","57570727","57571009","KN295090v1","1516878","1517168","43","56053849"
"chr6","57575724","57576013","KN296253v1","1315417","1315709","49","56260307"
"chr6","57611963","57612264","KN294170v1","48126","48421","46","57563837"
"chr6","57693249","57693538","KN294456v1","1143112","1143404","31","56550137"
"chr6","57732971","57733263","KN296119v1","2442035","2442323","28","55290936"
"chr6","57736978","57737276","KN296153v1","3180819","3181114","34","54556159"
"chr6","57798768","57799070","KN294218v1","2833833","2834132","40","54964935"
"chr6","57825816","57826113","KN296913v1","1306950","1307245","34","56518866"
"chr6","57835768","57836072","KN296495v1","550769","551079","36","57284999"
"chr6","57846591","57846889","KN296426v1","105920","106223","44","57740671"
"chr6","57861165","57861489","KN295301v1","761923","762233","51","57099242"
"chr6","57894450","57894746","KN295871v1","594374","594666","51","57300076"
"chr6","57940777","57941077","KN296290v1","1950076","1950376","49","55990701"
"chr6","57950330","57950604","KN295157v1","139606","139877","39","57810724"
"chr6","58029022","58029313","KN296062v1","2267975","2268268","43","55761047"
"chr6","58048072","58048376","KN296357v1","359759","360056","41","57688313"
"chr6","58054548","58054859","KN295722v1","2212365","2212673","52","55842183"
"chr6","58066591","58066907","KN295257v1","4702","5013","42","58061889"
"chr6","58108485","58108792","KN297242v1","955488","955797","38","57152997"
"chr6","58164610","58164932","KN295548v1","17538","17846","45","58147072"
"chr6","58176712","58177004","KN295814v1","1455942","1456249","48","56720770"
"chr6","58185570","58185886","KN296682v1","4855759","4856070","44","53329811"
"chr6","58194790","58195085","KN295758v1","468479","468777","36","57726311"
"chr6","58201796","58201958","KN294745v1","7967","8130","23","58193829"
"chr6","58206330","58206617","KN294571v1","1318150","1318439","39","56888180"
"chr6","58227381","58227620","KN295405v1","757351","757593","43","57470030"
"chr6","58249023","58249320","KN296345v1","121659","121957","35","58127364"
"chr6","58293148","58293460","KN296167v1","450049","450355","44","57843099"
"chr6","58297208","58297509","KN296833v1","30824","31126","37","58266384"
"chr6","58334676","58334974","KN297023v1","480259","480560","29","57854417"
"chr6","59077163","59077461","KN294257v1","38114","38411","33","59039049"
"chr6","59086254","59086548","KN294257v1","38114","38411","37","59048140"
"chr6","59101563","59101840","KN295059v1","242847","243129","39","58858716"
"chr6","59119470","59119773","KN294790v1","4895221","4895507","55","54224249"
"chr6","59140379","59140689","KN295346v1","1455068","1455378","41","57685311"
"chr6","59146154","59146449","KN295729v1","826689","826980","46","58319465"
"chr6","59149781","59150076","KN296201v1","2702586","2702886","32","56447195"
"chr6","59174511","59174739","KN295405v1","757351","757593","47","58417160"
"chr6","59178887","59179050","KN294292v1","211892","212059","36","58966995"
"chr6","59179057","59179345","KN296119v1","2469328","2469620","44","56709729"
"chr6","59199232","59199520","KN294790v1","272636","272926","45","58926596"
"chr6","59220994","59221303","KN294172v1","1521503","1521812","42","57699491"
"chr6","59229867","59230187","KN294613v1","327601","327901","52","58902266"
"chr6","59238098","59238409","KN295907v1","257976","258287","37","58980122"
"chr6","59310078","59310358","KN294396v1","277109","277392","43","59032969"
"chr6","59333102","59333419","KN297406v1","6371","6679","47","59326731"
"chr6","59466805","59467090","KN294891v1","135898","136190","53","59330907"
"chr6","59584112","59584395","KN295907v1","1120471","1120752","55","58463641"
"chr6","59612018","59612322","KN294421v1","1642258","1642561","43","57969760"
"chr6","63530057","63530337","KN296743v1","202352","202637","42","63327705"
"chr6","63882822","63883132","KN295701v1","205370","205671","30","63677452"
"chr6","63889360","63889666","KN296406v1","250415","250727","43","63638945"
"chr6","63895340","63895647","KN294181v1","145618","145914","48","63749722"
"chr6","63903211","63903501","KN296809v1","909370","909660","34","62993841"
"chr6","64019367","64019665","KN295701v1","63809","64113","50","63955558"
"chr6","64198242","64198522","KN295371v1","448057","448341","37","63750185"
"chr6","64209959","64210250","KN294647v1","185532","185822","44","64024427"
"chr6","64215847","64216024","KN295633v1","657709","657886","28","63558138"
"chr6","64531882","64532180","KN294571v1","2888893","2889190","44","61642989"
"chr6","64550334","64550621","KN295459v1","574121","574407","40","63976213"
"chr6","64597580","64597870","KN294665v1","133847","134138","51","64463733"
"chr6","64638356","64638649","KN294879v1","550447","550741","45","64087909"
"chr6","64664321","64664632","KN295433v1","250702","251008","42","64413619"
"chr6","64984088","64984314","KN295708v1","2850650","2850873","33","62133438"
"chr6","65006012","65006311","KN294420v1","822079","822371","45","64183933"
"chr6","65019801","65020116","KN295352v1","490330","490634","54","64529471"
"chr6","65166414","65166736","KN296040v1","379940","380262","54","64786474"
"chr6","65269293","65269625","KN296442v1","795536","795858","58","64473757"
"chr6","65401969","65402166","KN296311v1","4594945","4595141","35","60807024"
"chr6","65685644","65685937","KN295077v1","620237","620534","44","65065407"
"chr6","65736703","65736995","KN296726v1","606731","607020","36","65129972"
"chr6","65739067","65739375","KN297062v1","17142","17450","24","65721925"
"chr6","65901840","65902140","KN294470v1","2136945","2137241","42","63764895"
"chr6","65962034","65962338","KN297023v1","480259","480560","35","65481775"
"chr6","66274192","66274499","KN295931v1","227957","228258","30","66046235"
"chr6","66279198","66279486","KN295893v1","729257","729542","36","65549941"
"chr6","66518385","66518588","KN297058v1","529521","529714","45","65988864"
"chr6","66564757","66565073","KN296311v1","3556438","3556761","58","63008319"
"chr6","66774421","66774633","KN295977v1","1276894","1277103","48","65497527"
"chr6","66782640","66782937","KN295099v1","146922","147217","34","66635718"
"chr6","67040249","67040560","KN294499v1","799663","799970","37","66240586"
"chr6","67073744","67074036","KN295729v1","826689","826980","45","66247055"
"chr6","67084674","67084847","KN296481v1","376034","376200","40","66708640"
"chr6","67110362","67110680","KN296486v1","67047","67367","59","67043315"
"chr6","67160008","67160324","KN296319v1","748083","748392","48","66411925"
"chr6","67363338","67363634","KN294733v1","607498","607793","41","66755840"
"chr6","67611350","67611660","KN295666v1","789945","790254","55","66821405"
"chr6","67708179","67708482","KN294644v1","168562","168865","39","67539617"
"chr6","67783077","67783268","KN296810v1","153762","153963","38","67629315"
"chr6","67923725","67924037","KN294499v1","799663","799970","43","67124062"
"chr6","67979273","67979488","KN296430v1","655059","655273","52","67324214"
"chr6","68132285","68132534","KN295022v1","229194","229438","36","67903091"
"chr6","68337083","68337377","KN296557v1","18517","18814","35","68318566"
"chr6","68396397","68396707","KN296484v1","351750","352061","41","68044647"
"chr6","68405356","68405666","KN294987v1","176356","176665","36","68229000"
"chr6","68408831","68409125","KN295607v1","4441116","4441409","43","63967715"
"chr6","68700209","68700502","KN294470v1","2710800","2711112","57","65989409"
"chr6","68737341","68737623","KN295034v1","719858","720139","46","68017483"
"chr6","68745852","68746158","KN297141v1","164441","164748","44","68581411"
"chr6","68784931","68785242","KN296495v1","1120776","1121085","37","67664155"
"chr6","68892727","68893015","KN294387v1","4187928","4188217","27","64704799"
"chr6","68970545","68970856","KN296833v1","30824","31126","43","68939721"
"chr6","68990977","68991280","KN294269v1","585380","585685","35","68405597"
"chr6","69050405","69050697","KN294387v1","4021733","4022025","29","65028672"
"chr6","69114429","69114610","KN296426v1","64367","64561","41","69050062"
"chr6","69241560","69241863","KN294387v1","3841668","3841968","38","65399892"
"chr6","69575427","69575723","KN296253v1","1338968","1339267","44","68236459"
"chr6","69641568","69641885","KN294387v1","3444034","3444353","31","66197534"
"chr6","69728801","69729110","KN294407v1","566097","566407","36","69162704"
"chr6","69857885","69858170","KN294387v1","3241209","3241495","26","66616676"
"chr6","69941460","69941760","KN294387v1","3149809","3150119","38","66791651"
"chr6","69941906","69942211","KN295343v1","729289","729587","43","69212617"
"chr6","70040293","70040588","KN296040v1","349832","350124","35","69690461"
"chr6","70045067","70045375","KN294856v1","158144","158448","47","69886923"
"chr6","70053902","70054209","KN294387v1","3036034","3036343","31","67017868"
"chr6","70099406","70099724","KN295361v1","932292","932599","42","69167114"
"chr6","70110539","70110845","KN294387v1","2981055","2981352","35","67129484"
"chr6","70134105","70134396","KN294456v1","1098138","1098439","41","69035967"
"chr6","70160697","70160999","KN294387v1","2919997","2920308","34","67240700"
"chr6","70173872","70174169","KN296588v1","2103887","2104184","30","68069985"
"chr6","70231858","70232160","KN294387v1","2851807","2852113","32","67380051"
"chr6","70328873","70329176","KN295735v1","713972","714275","32","69614901"
"chr6","70346648","70346954","KN296138v1","98488","98788","43","70248160"
"chr6","70365349","70365656","KN296485v1","271099","271406","33","70094250"
"chr6","70439486","70439788","KN296726v1","431149","431458","40","70008337"
"chr6","70465158","70465449","KN294387v1","2628241","2628545","36","67836917"
"chr6","70485451","70485634","KN294983v1","137226","137415","32","70348225"
"chr6","70499701","70500000","KN294387v1","2596620","2596917","33","67903081"
"chr6","70539109","70539402","KN295362v1","1349887","1350179","35","69189222"
"chr6","70539521","70539823","KN294387v1","2556459","2556755","40","67983062"
"chr6","70589352","70589646","KN294539v1","1287945","1288241","35","69301407"
"chr6","70618834","70619144","KN294387v1","2485126","2485429","40","68133708"
"chr6","70643883","70644180","KN294387v1","2453125","2453424","38","68190758"
"chr6","70663817","70664109","KN294387v1","2435140","2435427","25","68228677"
"chr6","70677474","70677780","KN294387v1","2421603","2421899","23","68255871"
"chr6","70705190","70705473","KN294387v1","2392155","2392446","29","68313035"
"chr6","70724133","70724437","KN295846v1","24517","24819","33","70699616"
"chr6","70729200","70729501","KN294375v1","493338","493642","39","70235862"
"chr6","70729999","70730298","KN294407v1","3027269","3027567","33","67702730"
"chr6","70764444","70764740","KN294387v1","2340876","2341168","25","68423568"
"chr6","70787832","70788130","KN296153v1","1115266","1115561","34","69672566"
"chr6","70825407","70825569","KN294365v1","1970378","1970540","35","68855029"
"chr6","70850208","70850505","KN294345v1","1360179","1360481","36","69490029"
"chr6","70869184","70869491","KN294387v1","2225353","2225663","25","68643831"
"chr6","70869588","70869897","KN294387v1","2224860","2225167","31","68644728"
"chr6","70879068","70879362","KN294387v1","2214717","2215007","32","68664351"
"chr6","70886141","70886427","KN294387v1","2208604","2208898","44","68677537"
"chr6","70890685","70890956","KN296442v1","646732","647007","33","70243953"
"chr6","70894095","70894425","KN294387v1","2200633","2200956","37","68693462"
"chr6","70895073","70895384","KN297225v1","685670","685976","47","70209403"
"chr6","70900048","70900351","KN296311v1","8317826","8318133","35","62582222"
"chr6","70901945","70902203","KN295490v1","43581","43843","36","70858364"
"chr6","70910756","70911042","KN294387v1","2186143","2186443","33","68724613"
"chr6","70922368","70922677","KN296063v1","793948","794261","41","70128420"
"chr6","70931320","70931626","KN294387v1","2164579","2164881","20","68766741"
"chr6","70969132","70969356","KN294172v1","1513731","1513941","38","69455401"
"chr6","70979919","70980223","KN294387v1","2115552","2115863","33","68864367"
"chr6","71000796","71001083","KN295729v1","826689","826980","38","70174107"
"chr6","71002965","71003270","KN294387v1","2089864","2090170","32","68913101"
"chr6","71028532","71028779","KN296187v1","781642","781886","39","70246890"
"chr6","71028840","71029035","KN296426v1","64367","64561","32","70964473"
"chr6","71030553","71030839","KN296079v1","2257459","2257745","34","68773094"
"chr6","71193803","71194097","KN295315v1","2417770","2418063","35","68776033"
"chr6","71199530","71199705","KN297159v1","2152898","2153074","25","69046632"
"chr6","71452511","71452750","KN296294v1","892157","892419","53","70560354"
"chr6","71524587","71524885","KN296322v1","1926329","1926611","58","69598258"
"chr6","71587776","71588054","KN295102v1","376622","376901","37","71211154"
"chr6","71734747","71735055","KN294387v1","1398705","1399013","31","70336042"
"chr6","71757131","71757433","KN294387v1","1376452","1376756","22","70380679"
"chr6","71824406","71824685","KN295735v1","830036","830317","34","70994370"
"chr6","72037491","72037790","KN294235v1","657562","657860","32","71379929"
"chr6","72179832","72180136","KN294387v1","953086","953387","21","71226746"
"chr6","72214391","72214675","KN297112v1","5628371","5628661","54","66586020"
"chr6","72262150","72262445","KN295114v1","45102","45395","31","72217048"
"chr6","72276806","72277115","KN296484v1","351750","352061","40","71925056"
"chr6","72332131","72332438","KN295748v1","161587","161896","42","72170544"
"chr6","72387533","72387838","KN294387v1","753565","753885","34","71633968"
"chr6","72405948","72406247","KN294387v1","735773","736069","35","71670175"
"chr6","72415585","72415892","KN296880v1","33676","33980","40","72381909"
"chr6","72526955","72527250","KN295977v1","1131033","1131330","34","71395922"
"chr6","72691833","72692148","KN296255v1","572555","572856","49","72119278"
"chr6","72813971","72814248","KN295350v1","663485","663764","41","72150486"
"chr6","72847085","72847377","KN294493v1","696044","696351","49","72151041"
"chr6","72864335","72864621","KN294387v1","284105","284402","27","72580230"
"chr6","72933100","72933412","KN294387v1","221541","221854","25","72711559"
"chr6","72950534","72950852","KN296495v1","550769","551079","34","72399765"
"chr6","72974231","72974513","KN297070v1","144660","144940","30","72829571"
"chr6","73006187","73006421","KN295405v1","757351","757593","47","72248836"
"chr6","73053719","73054018","KN294419v1","34484","34783","45","73019235"
"chr6","73060869","73061179","KN294387v1","90915","91224","24","72969954"
"chr6","73105347","73105494","KN295346v1","1144051","1144198","27","71961296"
"chr6","73236316","73236594","KN296921v1","76489","76765","24","73159827"
"chr6","73239092","73239403","KN296921v1","79263","79574","26","73159829"
"chr6","73267862","73268177","KN295548v1","17538","17846","43","73250324"
"chr6","73343982","73344218","KN295405v1","757351","757593","43","72586631"
"chr6","73431878","73432201","KN296921v1","275500","275820","35","73156378"
"chr6","73470458","73470763","KN295487v1","52973","53281","35","73417485"
"chr6","73475663","73475980","KN296921v1","329424","329719","37","73146239"
"chr6","73477870","73478161","KN296311v1","3194235","3194543","44","70283635"
"chr6","73482832","73483130","KN296921v1","336322","336630","32","73146510"
"chr6","73515724","73516021","KN296921v1","370127","370441","40","73145597"
"chr6","73534387","73534671","KN295825v1","2320561","2320851","63","71213826"
"chr6","73537406","73537556","KN296312v1","159626","159790","38","73377780"
"chr6","73551123","73551430","KN295586v1","1244707","1245017","43","72306416"
"chr6","73569337","73569642","KN295034v1","280827","281133","34","73288510"
"chr6","73579122","73579359","KN296921v1","438156","438387","15","73140966"
"chr6","73581006","73581316","KN296921v1","440029","440333","30","73140977"
"chr6","73583398","73583710","KN296153v1","1336190","1336496","40","72247208"
"chr6","73596240","73596542","KN295548v1","961158","961465","34","72635082"
"chr6","73606298","73606585","KN295236v1","2334473","2334760","29","71271825"
"chr6","73608865","73609173","KN296921v1","475532","475832","25","73133333"
"chr6","73614357","73614658","KN296311v1","2283043","2283345","37","71331314"
"chr6","73615418","73615707","KN294224v1","1080394","1080681","44","72535024"
"chr6","73616129","73616415","KN296921v1","483765","484057","24","73132364"
"chr6","73638071","73638367","KN296577v1","367913","368209","36","73270158"
"chr6","73640194","73640497","KN294548v1","1161001","1161308","37","72479193"
"chr6","73640720","73641004","KN294245v1","651328","651607","48","72989392"
"chr6","73655404","73655694","KN296743v1","202352","202637","42","73453052"
"chr6","73658555","73658894","KN296921v1","525004","525329","40","73133551"
"chr6","73659440","73659747","KN296959v1","1610341","1610649","47","72049099"
"chr6","73659770","73660079","KN295820v1","997009","997317","36","72662761"
"chr6","73660559","73660787","KN295236v1","1206578","1206802","43","72453981"
"chr6","73665408","73665681","KN296921v1","531396","531686","49","73134012"
"chr6","73666075","73666345","KN294244v1","56461","56743","43","73609614"
"chr6","73676072","73676370","KN296921v1","540449","540738","35","73135623"
"chr6","73676749","73676918","KN296620v1","725178","725346","29","72951571"
"chr6","73676923","73677235","KN295405v1","1404748","1405060","34","72272175"
"chr6","73698155","73698449","KN296921v1","565954","566248","33","73132201"
"chr6","73698596","73698891","KN294526v1","334958","335253","34","73363638"
"chr6","73699227","73699530","KN296921v1","567030","567336","40","73132197"
"chr6","73733312","73733615","KN296921v1","602312","602614","20","73131000"
"chr6","73753028","73753323","KN296921v1","623000","623293","19","73130028"
"chr6","73762388","73762681","KN294790v1","272636","272926","32","73489752"
"chr6","73764816","73765103","KN296915v1","272701","272988","37","73492115"
"chr6","73765304","73765593","KN296921v1","640418","640709","24","73124886"
"chr6","73772176","73772479","KN296921v1","645855","646160","33","73126321"
"chr6","73774533","73774824","KN294685v1","932115","932411","51","72842418"
"chr6","73776525","73776820","KN296921v1","650251","650549","33","73126274"
"chr6","73784589","73784750","KN294172v1","5485947","5486112","18","68298642"
"chr6","73788519","73788798","KN297452v1","87216","87505","50","73701303"
"chr6","73807211","73807517","KN295433v1","250702","251008","43","73556509"
"chr6","73813568","73813873","KN296430v1","1105044","1105344","40","72708524"
"chr6","73816252","73816477","KN294499v1","1236020","1236264","56","72580232"
"chr6","73829878","73830184","KN296921v1","703827","704135","23","73126051"
"chr6","73835083","73835385","KN296921v1","708059","708368","33","73127024"
"chr6","73838349","73838646","KN296921v1","711655","711953","20","73126694"
"chr6","73841102","73841437","KN296921v1","717636","717947","39","73123466"
"chr6","73841961","73842271","KN297259v1","1820010","1820317","46","72021951"
"chr6","73845159","73845461","KN296921v1","720631","720931","31","73124528"
"chr6","73852302","73852605","KN296921v1","728418","728711","36","73123884"
"chr6","73854218","73854512","KN296921v1","730862","731159","23","73123356"
"chr6","73859464","73859764","KN296921v1","733110","733405","27","73126354"
"chr6","73862765","73862940","KN296153v1","1178114","1178285","23","72684651"
"chr6","73864326","73864627","KN296921v1","740296","740601","36","73124030"
"chr6","73866003","73866294","KN297259v1","1695445","1695737","35","72170558"
"chr6","73869795","73870075","KN294874v1","1354078","1354366","50","72515717"
"chr6","73871629","73871915","KN296921v1","747161","747442","27","73124468"
"chr6","73903819","73903967","KN294713v1","885804","885960","35","73018015"
"chr6","73905312","73905612","KN295748v1","161587","161896","50","73743725"
"chr6","73909614","73909931","KN295962v1","2329043","2329352","44","71580571"
"chr6","73923873","73924172","KN296921v1","795592","795890","30","73128281"
"chr6","73929325","73929610","KN295735v1","822355","822644","36","73106970"
"chr6","73930907","73931200","KN296921v1","801185","801477","23","73129722"
"chr6","73931764","73932046","KN296921v1","802036","802322","34","73129728"
"chr6","73969125","73969408","KN296921v1","833426","833711","25","73135699"
"chr6","73970221","73970398","KN294957v1","73265","73439","27","73896956"
"chr6","73979790","73980088","KN296682v1","4158882","4159181","41","69820908"
"chr6","73993374","73993670","KN296921v1","857187","857486","22","73136187"
"chr6","74010612","74010914","KN295459v1","1398303","1398606","34","72612309"
"chr6","74052966","74053267","KN296635v1","4572120","4572425","37","69480846"
"chr6","74069756","74070058","KN294613v1","327601","327901","41","73742155"
"chr6","74185356","74185663","KN296921v1","1055365","1055680","21","73129991"
"chr6","74534755","74534975","KN294899v1","83981","84197","32","74450774"
"chr6","74764201","74764500","KN294172v1","6113681","6113982","53","68650520"
"chr6","74903443","74903677","KN296921v1","1710096","1710358","46","73193347"
"chr6","75023764","75024015","KN296921v1","1816923","1817178","33","73206841"
"chr6","75114187","75114495","KN294429v1","165602","165913","49","74948585"
"chr6","75129523","75129827","KN296921v1","1915697","1916000","23","73213826"
"chr6","75251128","75251409","KN296921v1","2029702","2029987","27","73221426"
"chr6","75254789","75255095","KN295459v1","673095","673397","40","74581694"
"chr6","75449983","75450283","KN296921v1","2210706","2211011","18","73239277"
"chr6","75489232","75489538","KN296145v1","3430721","3431032","47","72058511"
"chr6","75637461","75637766","KN296921v1","2394845","2395144","31","73242616"
"chr6","75655142","75655450","KN295586v1","1244707","1245017","32","74410435"
"chr6","75659829","75660146","KN295356v1","133871","134183","40","75525958"
"chr6","75687743","75688035","KN295032v1","307103","307398","34","75380640"
"chr6","75703601","75703904","KN296732v1","3712291","3712592","42","71991310"
"chr6","75708343","75708634","KN296921v1","2468475","2468767","27","73239868"
"chr6","75744432","75744729","KN295343v1","729289","729587","35","75015143"
"chr6","75827388","75827688","KN296093v1","233036","233334","38","75594352"
"chr6","75894586","75894864","KN296921v1","2647734","2648009","27","73246852"
"chr6","75895537","75895829","KN294451v1","1423725","1424007","47","74471812"
"chr6","75902028","75902320","KN297158v1","112299","112595","30","75789729"
"chr6","75929168","75929441","KN296921v1","2682744","2683021","24","73246424"
"chr6","75930635","75930942","KN294420v1","822079","822371","51","75108556"
"chr6","75938572","75938864","KN295361v1","824524","824814","35","75114048"
"chr6","75949788","75950098","KN294960v1","36014","36325","41","75913774"
"chr6","75981340","75981645","KN296921v1","2731458","2731764","15","73249882"
"chr6","75984486","75984783","KN296921v1","2734626","2734919","30","73249860"
"chr6","75990065","75990232","KN296311v1","4991977","4992161","58","70998088"
"chr6","76016425","76016725","KN294456v1","1098138","1098439","40","74918287"
"chr6","76029035","76029336","KN294809v1","1033430","1033730","36","74995605"
"chr6","76037202","76037373","KN295315v1","627883","628047","36","75409319"
"chr6","76046434","76046757","KN296847v1","511055","511365","45","75535379"
"chr6","76048889","76049207","KN295294v1","1203096","1203409","51","74845793"
"chr6","76050639","76050950","KN296921v1","2801990","2802290","28","73248649"
"chr6","76088709","76088994","KN296921v1","2838650","2838921","28","73250059"
"chr6","76095554","76095856","KN294879v1","76546","76849","35","76019008"
"chr6","76109505","76109789","KN296921v1","2860747","2861019","34","73248758"
"chr6","76111757","76112050","KN297095v1","584794","585091","41","75526963"
"chr6","76113839","76114136","KN294456v1","1098138","1098439","30","75015701"
"chr6","76123475","76123780","KN296921v1","2875457","2875754","26","73248018"
"chr6","76125763","76126085","KN295319v1","42222","42534","45","76083541"
"chr6","76136621","76136913","KN294937v1","266","558","38","76136355"
"chr6","76143652","76143953","KN296921v1","2902090","2902399","35","73241562"
"chr6","76151540","76151832","KN296921v1","2909801","2910091","36","73241739"
"chr6","76155742","76156047","KN296921v1","2913671","2913978","22","73242071"
"chr6","76159872","76160164","KN296921v1","2918407","2918707","25","73241465"
"chr6","76168463","76168771","KN296921v1","2926157","2926478","45","73242306"
"chr6","76195745","76196055","KN296921v1","2953284","2953591","29","73242461"
"chr6","76197832","76198140","KN297322v1","1224244","1224547","37","74973588"
"chr6","76231984","76232274","KN294325v1","1316006","1316298","33","74915978"
"chr6","76236469","76236765","KN296921v1","2993368","2993666","31","73243101"
"chr6","76268267","76268578","KN294466v1","12634","12944","43","76255633"
"chr6","76307198","76307506","KN296921v1","3064039","3064349","27","73243159"
"chr6","76326250","76326558","KN295236v1","35793","36099","39","76290457"
"chr6","76379721","76380009","KN296921v1","3136293","3136587","40","73243428"
"chr6","76430424","76430724","KN296921v1","3185992","3186296","32","73244432"
"chr6","76436122","76436423","KN296921v1","3191716","3192017","25","73244406"
"chr6","76494922","76495224","KN294987v1","1477069","1477366","30","75017853"
"chr6","76583224","76583528","KN294287v1","530811","531116","29","76052413"
"chr6","76901072","76901300","KN295554v1","49843","50089","32","76851229"
"chr6","77036322","77036631","KN294498v1","70901","71214","37","76965421"
"chr6","77096311","77096596","KN296096v1","2977999","2978280","41","74118312"
"chr6","77503907","77504209","KN294498v1","536994","537295","35","76966913"
"chr6","77661883","77662160","KN294498v1","693833","694109","32","76968050"
"chr6","77763390","77763680","KN297028v1","505218","505510","41","77258172"
"chr6","77843600","77843911","KN296278v1","235139","235450","36","77608461"
"chr6","77922176","77922313","KN295350v1","132268","132390","43","77789908"
"chr6","77928441","77928734","KN295729v1","826689","826980","42","77101752"
"chr6","77982197","77982487","KN296153v1","337824","338119","48","77644373"
"chr6","78015167","78015511","KN296095v1","305616","305949","39","77709551"
"chr6","78071128","78071423","KN296095v1","357043","357337","29","77714085"
"chr6","78283246","78283541","KN295923v1","1362119","1362410","41","76921127"
"chr6","78310391","78310700","KN294443v1","635585","635886","41","77674806"
"chr6","78311246","78311559","KN294705v1","1537713","1538021","40","76773533"
"chr6","78395704","78396011","KN294172v1","6002092","6002400","41","72393612"
"chr6","78553469","78553773","KN296157v1","1204996","1205297","44","77348473"
"chr6","78716204","78716509","KN297320v1","1223277","1223582","40","77492927"
"chr6","78750839","78751135","KN296122v1","346873","347165","29","78403966"
"chr6","78758964","78759268","KN294856v1","158144","158448","44","78600820"
"chr6","78765906","78766199","KN294457v1","990718","991014","44","77775188"
"chr6","78787177","78787486","KN297112v1","2444483","2444789","53","76342694"
"chr6","78856018","78856342","KN294800v1","502955","503281","50","78353063"
"chr6","78856668","78856971","KN294493v1","70687","70990","37","78785981"
"chr6","78880150","78880456","KN294630v1","8504","8808","35","78871646"
"chr6","79046303","79046546","KN297227v1","932412","932647","37","78113891"
"chr6","79118657","79118952","KN296149v1","141007","141285","33","78977650"
"chr6","79155923","79156138","KN294345v1","881883","882096","37","78274040"
"chr6","79300896","79301196","KN295198v1","274974","275272","29","79025922"
"chr6","79313370","79313669","KN296515v1","76130","76428","24","79237240"
"chr6","79372807","79373117","KN296515v1","126899","127204","34","79245908"
"chr6","79384343","79384648","KN296311v1","768493","768797","34","78615850"
"chr6","79428206","79428453","KN295717v1","1445363","1445625","54","77982843"
"chr6","79473856","79474164","KN296515v1","227280","227590","32","79246576"
"chr6","79489521","79489801","KN295371v1","448057","448341","40","79041464"
"chr6","79506955","79507255","KN296515v1","260028","260323","33","79246927"
"chr6","80033911","80034208","KN296515v1","761919","762217","23","79271992"
"chr6","80037266","80037563","KN296515v1","765231","765521","31","79272035"
"chr6","80080811","80081185","KN294470v1","2190064","2190422","75","77890747"
"chr6","80091544","80091845","KN296515v1","820679","820979","22","79270865"
"chr6","80095263","80095573","KN294187v1","783464","783769","36","79311799"
"chr6","80129964","80130269","KN294172v1","2207703","2208004","32","77922261"
"chr6","80149741","80150040","KN296191v1","921557","921853","39","79228184"
"chr6","80293504","80293798","KN295983v1","338023","338318","48","79955481"
"chr6","80375776","80376065","KN294187v1","158362","158655","37","80217414"
"chr6","80391803","80392100","KN296795v1","2620003","2620285","48","77771800"
"chr6","80511311","80511616","KN297112v1","5916545","5916849","42","74594766"
"chr6","80554544","80554842","KN294456v1","1143112","1143404","34","79411432"
"chr6","80597570","80597878","KN294897v1","608563","608873","43","79989007"
"chr6","80651168","80651471","KN295586v1","2562750","2563045","34","78088418"
"chr6","80680157","80680448","KN294470v1","2136945","2137241","32","78543212"
"chr6","80711919","80712222","KN297452v1","1012126","1012427","37","79699793"
"chr6","80797498","80797823","KN294378v1","1504358","1504668","51","79293140"
"chr6","80827476","80827784","KN296833v1","30824","31126","33","80796652"
"chr6","80831774","80832081","KN296153v1","1336190","1336496","28","79495584"
"chr6","80862358","80862664","KN297008v1","4661765","4662062","46","76200593"
"chr6","80895427","80895724","KN296180v1","2476296","2476590","42","78419131"
"chr6","81007779","81008091","KN296326v1","21720","22024","32","80986059"
"chr6","81072560","81072870","KN295893v1","2638933","2639243","50","78433627"
"chr6","81091470","81091794","KN296326v1","97655","97983","34","80993815"
"chr6","81168453","81168762","KN296326v1","168327","168638","40","81000126"
"chr6","81186381","81186608","KN296732v1","2080278","2080492","48","79106103"
"chr6","81237008","81237298","KN295735v1","1380746","1381033","47","79856262"
"chr6","81294879","81295181","KN296326v1","287504","287789","43","81007375"
"chr6","81310824","81311135","KN296326v1","300526","300815","43","81010298"
"chr6","81314755","81315033","KN295523v1","196160","196440","37","81118595"
"chr6","81575775","81576077","KN296079v1","686222","686522","40","80889553"
"chr6","81796645","81796955","KN296406v1","250415","250727","37","81546230"
"chr6","81848780","81849101","KN295601v1","1384082","1384410","50","80464698"
"chr6","81850983","81851286","KN295705v1","1813723","1814029","62","80037260"
"chr6","82183535","82183845","KN296119v1","5128838","5129148","49","77054697"
"chr6","82282692","82282988","KN296508v1","281341","281639","20","82001351"
"chr6","82305766","82305905","KN297008v1","5203223","5203363","29","77102543"
"chr6","82492750","82493005","KN297038v1","314696","314959","54","82178054"
"chr6","82495356","82495626","KN296922v1","496220","496493","51","81999136"
"chr6","82603028","82603339","KN295523v1","3240586","3240897","53","79362442"
"chr6","82702608","82702896","KN296025v1","363096","363386","45","82339512"
"chr6","82722928","82723220","KN295484v1","112916","113213","39","82610012"
"chr6","82746105","82746389","KN294172v1","6311128","6311420","51","76434977"
"chr6","82747126","82747429","KN294172v1","2069489","2069792","44","80677637"
"chr6","82749618","82749916","KN295449v1","767067","767372","44","81982551"
"chr6","82755981","82756281","KN295282v1","105605","105903","39","82650376"
"chr6","82767815","82768136","KN297259v1","1820010","1820317","61","80947805"
"chr6","82794599","82794909","KN294199v1","636506","636815","38","82158093"
"chr6","82807259","82807558","KN295198v1","274974","275272","35","82532285"
"chr6","82812947","82813254","KN296036v1","2062557","2062868","44","80750390"
"chr6","82816648","82816958","KN296484v1","351750","352061","44","82464898"
"chr6","82834151","82834455","KN297154v1","831565","831869","39","82002586"
"chr6","82834489","82834775","KN294239v1","2204308","2204595","40","80630181"
"chr6","82844797","82845096","KN294911v1","628968","629266","34","82215829"
"chr6","82858813","82859106","KN297141v1","1594","1881","41","82857219"
"chr6","82864872","82865191","KN294287v1","489780","490095","46","82375092"
"chr6","82874051","82874391","KN294458v1","152391","152716","67","82721660"
"chr6","83001372","83001649","KN296122v1","387098","387375","36","82614274"
"chr6","83092779","83093078","KN296079v1","861903","862202","42","82230876"
"chr6","83211539","83211834","KN294470v1","764276","764573","35","82447263"
"chr6","83389208","83389508","KN296877v1","351011","351311","40","83038197"
"chr6","83399718","83400022","KN295996v1","133342","133652","49","83266376"
"chr6","83450152","83450469","KN295198v1","532430","532746","60","82917722"
"chr6","83458170","83458474","KN294571v1","1850429","1850731","47","81607741"
"chr6","83460456","83460752","KN294470v1","2136945","2137241","32","81323511"
"chr6","83484140","83484450","KN296138v1","98488","98788","60","83385652"
"chr6","83558191","83558494","KN294375v1","493338","493642","34","83064853"
"chr6","83561771","83562060","KN296964v1","1801449","1801744","36","81760322"
"chr6","83568378","83568675","KN294470v1","2136945","2137241","38","81431433"
"chr6","83636864","83637150","KN295729v1","826689","826980","44","82810175"
"chr6","83649302","83649602","KN296620v1","349918","350214","30","83299384"
"chr6","83673245","83673550","KN296153v1","1474106","1474410","44","82199139"
"chr6","83739363","83739607","KN295586v1","3146006","3146235","40","80593357"
"chr6","83758664","83758942","KN294399v1","58869","59146","44","83699795"
"chr6","83777826","83777935","KN294325v1","144183","144285","33","83633643"
"chr6","83778258","83778313","KN296495v1","1507938","1508003","23","82270320"
"chr6","83792060","83792360","KN297154v1","1039874","1040175","38","82752186"
"chr6","83792591","83792899","KN295735v1","994649","994952","32","82797942"
"chr6","83809376","83809690","KN296864v1","3167157","3167468","43","80642219"
"chr6","83829214","83829525","KN294592v1","1321409","1321720","29","82507805"
"chr6","83840303","83840612","KN295846v1","24517","24819","30","83815786"
"chr6","83842483","83842779","KN294539v1","1287945","1288241","41","82554538"
"chr6","83848980","83849291","KN294378v1","1504358","1504668","44","82344622"
"chr6","83868470","83868760","KN295241v1","75672","75962","35","83792798"
"chr6","83914720","83915013","KN296852v1","421402","421693","45","83493318"
"chr6","83937158","83937472","KN295835v1","126998","127305","57","83810160"
"chr6","83955492","83955799","KN296528v1","1455309","1455620","40","82500183"
"chr6","83981610","83981906","KN296608v1","232845","233141","38","83748765"
"chr6","83999281","83999581","KN295198v1","508434","508741","34","83490847"
"chr6","84051117","84051408","KN296040v1","349832","350124","35","83701285"
"chr6","84220929","84221217","KN296495v1","1951647","1951933","31","82269282"
"chr6","84245017","84245320","KN294911v1","2646845","2647138","37","81598172"
"chr6","84272902","84273200","KN296404v1","1150048","1150343","33","83122854"
"chr6","84287597","84287915","KN296809v1","763161","763473","47","83524436"
"chr6","84308884","84309178","KN295366v1","124181","124471","43","84184703"
"chr6","84365136","84365420","KN294365v1","1732094","1732379","42","82633042"
"chr6","84450040","84450340","KN296345v1","121659","121957","37","84328381"
"chr6","84513653","84513963","KN294161v1","311681","311990","34","84201972"
"chr6","84568198","84568490","KN295607v1","4377455","4377758","42","80190743"
"chr6","84654069","84654374","KN294761v1","363307","363610","34","84290762"
"chr6","84756837","84757135","KN295594v1","83721","84018","46","84673116"
"chr6","84773656","84773963","KN297133v1","950328","950631","34","83823328"
"chr6","84802458","84802761","KN295107v1","346964","347267","45","84455494"
"chr6","84807877","84808175","KN296743v1","857097","857399","36","83950780"
"chr6","84968965","84969254","KN294705v1","463569","463860","41","84505396"
"chr6","84999709","85000000","KN296263v1","325449","325745","40","84674260"
"chr6","85019932","85020212","KN296726v1","976648","976930","31","84043284"
"chr6","85081055","85081361","KN295366v1","78980","79290","44","85002075"
"chr6","85275994","85276304","KN295257v1","1849940","1850236","53","83426054"
"chr6","85637683","85637985","KN295366v1","78980","79290","45","85558703"
"chr6","85712196","85712505","KN295940v1","372715","373025","33","85339481"
"chr6","85921436","85921739","KN294571v1","1575904","1576204","34","84345532"
"chr6","86019699","86019992","KN296009v1","1354036","1354326","40","84665663"
"chr6","86022216","86022527","KN296167v1","450049","450355","37","85572167"
"chr6","86066234","86066558","KN294873v1","1282047","1282361","43","84784187"
"chr6","86096272","86096565","KN294172v1","6311128","6311420","37","79785144"
"chr6","86099949","86100251","KN296859v1","1709881","1710185","40","84390068"
"chr6","86104091","86104395","KN296145v1","740136","740436","34","85363955"
"chr6","86109968","86110278","KN294451v1","923267","923577","36","85186701"
"chr6","86117279","86117536","KN296948v1","1207763","1208006","52","84909516"
"chr6","86140118","86140421","KN296726v1","808997","809301","34","85331121"
"chr6","86206481","86206788","KN295671v1","201221","201525","40","86005260"
"chr6","86214968","86215280","KN295236v1","35793","36099","51","86179175"
"chr6","86225492","86225803","KN294630v1","315556","315849","54","85909936"
"chr6","86225809","86226113","KN297023v1","480259","480560","32","85745550"
"chr6","86238816","86239110","KN295315v1","2417770","2418063","42","83821046"
"chr6","86252035","86252286","KN294548v1","358515","358762","38","85893520"
"chr6","86252452","86252769","KN296762v1","309784","310094","48","85942668"
"chr6","86254105","86254393","KN295706v1","45460","45751","44","86208645"
"chr6","86271899","86272184","KN295405v1","340255","340547","36","85931644"
"chr6","86288099","86288413","KN296062v1","1026937","1027241","45","85261162"
"chr6","86321305","86321478","KN294957v1","73265","73439","38","86248040"
"chr6","86321576","86321765","KN295533v1","1763610","1763792","39","84557966"
"chr6","86365715","86366030","KN294790v1","7002859","7003171","49","79362856"
"chr6","86418274","86418569","KN294539v1","1287945","1288241","37","85130329"
"chr6","86471983","86472298","KN295828v1","930975","931278","56","85541008"
"chr6","86501562","86501834","KN294457v1","205085","205362","36","86296477"
"chr6","86599774","86600086","KN296153v1","2365186","2365493","50","84234588"
"chr6","86714840","86715164","KN294603v1","111945","112247","57","86602895"
"chr6","86748979","86749263","KN295708v1","56428","56726","49","86692551"
"chr6","86920561","86920859","KN296498v1","95172","95471","35","86825389"
"chr6","87004977","87005289","KN295439v1","102691","103000","42","86902286"
"chr6","87148696","87149001","KN294345v1","1427367","1427671","40","85721329"
"chr6","87419702","87419975","KN294604v1","515332","515604","30","86904370"
"chr6","87588573","87588882","KN294957v1","62097","62408","35","87526476"
"chr6","87651822","87652024","KN297259v1","1363077","1363271","49","86288745"
"chr6","87655974","87656170","KN294257v1","499808","499999","40","87156166"
"chr6","87656567","87656838","KN294429v1","61766","62050","46","87594801"
"chr6","87666699","87667012","KN295459v1","1416836","1417149","47","86249863"
"chr6","87681751","87682055","KN296311v1","854862","855163","32","86826889"
"chr6","87747711","87748020","KN294668v1","2064632","2064943","37","85683079"
"chr6","87748463","87748764","KN295090v1","786208","786506","36","86962255"
"chr6","87794971","87795253","KN294172v1","6434661","6434945","46","81360310"
"chr6","87869687","87869981","KN296557v1","13515","13811","37","87856172"
"chr6","87882053","87882349","KN296145v1","740136","740436","36","87141917"
"chr6","87949631","87949927","KN295988v1","704187","704482","37","87245444"
"chr6","87992443","87992742","KN294581v1","619147","619445","32","87373296"
"chr6","88022811","88023109","KN295814v1","1261993","1262292","30","86760818"
"chr6","88025097","88025401","KN294790v1","163386","163690","28","87861711"
"chr6","88032878","88033167","KN296311v1","832074","832375","42","87200804"
"chr6","88079350","88079650","KN294591v1","423646","423931","46","87655704"
"chr6","88102886","88103176","KN295814v1","1272018","1272310","46","86830868"
"chr6","88106537","88106762","KN296743v1","7396","7615","39","88099141"
"chr6","88181038","88181335","KN294539v1","1287945","1288241","34","86893093"
"chr6","88196127","88196426","KN294571v1","1575904","1576204","39","86620223"
"chr6","88203850","88204021","KN296577v1","160723","160900","40","88043127"
"chr6","88212686","88212988","KN296311v1","768493","768797","36","87444193"
"chr6","88213342","88213656","KN295430v1","2554896","2555197","52","85658446"
"chr6","88234734","88235023","KN296732v1","2551380","2551671","32","85683354"
"chr6","88235110","88235419","KN296442v1","420929","421232","44","87814181"
"chr6","88235812","88236047","KN295405v1","757351","757593","41","87478461"
"chr6","88259252","88259544","KN294705v1","867156","867449","32","87392096"
"chr6","88271652","88271946","KN294479v1","227241","227528","39","88044411"
"chr6","88294406","88294712","KN294884v1","66822","67131","39","88227584"
"chr6","88296411","88296712","KN297245v1","1416081","1416379","37","86880330"
"chr6","88300556","88300852","KN295405v1","1103956","1104248","45","87196600"
"chr6","88322227","88322521","KN294911v1","628968","629266","31","87693259"
"chr6","88325894","88326196","KN296247v1","901747","902047","35","87424147"
"chr6","88353276","88353459","KN296948v1","1402009","1402176","41","86951267"
"chr6","88355221","88355532","KN295667v1","1633840","1634152","40","86721381"
"chr6","88357828","88358109","KN296508v1","1079358","1079640","28","87278470"
"chr6","88360100","88360386","KN297274v1","1863027","1863315","37","86497073"
"chr6","88367883","88367994","KN296727v1","4405","4507","42","88363478"
"chr6","88368046","88368198","KN294385v1","36881","37030","33","88331165"
"chr6","88369488","88369789","KN294571v1","890748","891049","33","87478740"
"chr6","88374864","88375133","KN295722v1","1904349","1904617","36","86470515"
"chr6","88383342","88383647","KN297259v1","1820010","1820317","36","86563332"
"chr6","88384797","88385104","KN296311v1","8317826","8318133","39","80066971"
"chr6","88387604","88387918","KN297159v1","1154542","1154843","39","87233062"
"chr6","88397293","88397587","KN295871v1","542479","542775","40","87854814"
"chr6","88435083","88435381","KN296263v1","810253","810550","41","87624830"
"chr6","88443887","88444170","KN294790v1","2772195","2772478","34","85671692"
"chr6","88464633","88464938","KN295439v1","66534","66843","44","88398099"
"chr6","88509863","88510139","KN296508v1","1079358","1079640","40","87430505"
"chr6","88603196","88603508","KN294434v1","711034","711345","51","87892162"
"chr6","88655867","88656175","KN296955v1","781409","781718","36","87874458"
"chr6","88718129","88718433","KN295328v1","351731","352036","24","88366398"
"chr6","88914517","88914766","KN295328v1","165144","165391","28","88749373"
"chr6","88937514","88937823","KN297227v1","1125864","1126176","50","87811650"
"chr6","89000256","89000562","KN295328v1","90508","90802","36","88909748"
"chr6","89022316","89022614","KN295328v1","69107","69407","20","88953209"
"chr6","89048745","89049062","KN295328v1","57731","58033","42","88991014"
"chr6","89111551","89111852","KN295814v1","300223","300524","39","88811328"
"chr6","89112365","89112645","KN296247v1","461552","461844","45","88650813"
"chr6","89206186","89206478","KN296620v1","349918","350214","48","88856268"
"chr6","89317561","89317852","KN295667v1","1801623","1801910","34","87515938"
"chr6","89392189","89392495","KN295962v1","183230","183535","38","89208959"
"chr6","89458242","89458541","KN296119v1","2945186","2945485","44","86513056"
"chr6","89559461","89559739","KN294458v1","1171290","1171562","47","88388171"
"chr6","89590508","89590811","KN297046v1","2427282","2427586","41","87163226"
"chr6","89595411","89595711","KN294856v1","158144","158448","39","89437267"
"chr6","89596404","89596707","KN296158v1","1175251","1175559","47","88421153"
"chr6","89607965","89608276","KN295596v1","62986","63293","38","89544979"
"chr6","89622958","89623243","KN294501v1","173182","173470","43","89449776"
"chr6","89683867","89684104","KN295405v1","757351","757593","38","88926516"
"chr6","89701085","89701382","KN297242v1","1425565","1425861","36","88275520"
"chr6","89709933","89710222","KN295205v1","1351135","1351425","38","88358798"
"chr6","89711261","89711550","KN296852v1","421402","421693","31","89289859"
"chr6","89723117","89723401","KN294499v1","2011390","2011673","36","87711727"
"chr6","89730780","89731069","KN297458v1","476217","476510","41","89254563"
"chr6","89752391","89752695","KN294571v1","1575904","1576204","34","88176487"
"chr6","89762923","89763218","KN294172v1","1602432","1602732","45","88160491"
"chr6","89778486","89778802","KN294234v1","409215","409520","44","89369271"
"chr6","89795551","89795850","KN294539v1","1287945","1288241","33","88507606"
"chr6","89808694","89808991","KN294407v1","3027269","3027567","32","86781425"
"chr6","89812254","89812569","KN297154v1","1039874","1040175","43","88772380"
"chr6","89821526","89821824","KN297023v1","480259","480560","32","89341267"
"chr6","89891105","89891401","KN296036v1","769191","769486","33","89121914"
"chr6","89904853","89905149","KN294561v1","1084406","1084703","34","88820447"
"chr6","89936615","89936910","KN296345v1","648021","648320","35","89288594"
"chr6","89974777","89975080","KN295523v1","3729294","3729596","34","86245483"
"chr6","90020451","90020739","KN294326v1","619990","620278","36","89400461"
"chr6","90031131","90031426","KN294147v1","1327198","1327496","44","88703933"
"chr6","90037401","90037711","KN297442v1","1612430","1612738","39","88424971"
"chr6","90055507","90055819","KN295571v1","513084","513393","40","89542423"
"chr6","90068719","90069010","KN294879v1","341999","342291","39","89726720"
"chr6","90071225","90071520","KN294991v1","1896087","1896379","36","88175138"
"chr6","90080705","90080984","KN297038v1","252214","252490","43","89828491"
"chr6","90091061","90091350","KN297096v1","7624","7915","38","90083437"
"chr6","90094210","90094478","KN295274v1","35011","35276","35","90059199"
"chr6","90095765","90096059","KN294592v1","566962","567258","33","89528803"
"chr6","90101753","90102001","KN294991v1","995507","995758","39","89106246"
"chr6","90114887","90115164","KN296508v1","1892477","1892760","44","88222410"
"chr6","90127469","90127697","KN297154v1","726967","727198","35","89400502"
"chr6","90158681","90158998","KN295929v1","457065","457374","49","89701616"
"chr6","90182577","90182875","KN294470v1","2136945","2137241","40","88045632"
"chr6","90219467","90219776","KN296263v1","53396","53706","37","90166071"
"chr6","90252208","90252504","KN296153v1","3041230","3041525","32","87210978"
"chr6","90285020","90285339","KN296096v1","2503433","2503749","43","87781587"
"chr6","90285879","90286175","KN294842v1","664297","664599","47","89621582"
"chr6","90320674","90320974","KN294521v1","509491","509791","41","89811183"
"chr6","90337470","90337766","KN295075v1","99513","99808","40","90237957"
"chr6","90358844","90359138","KN294501v1","4140225","4140518","36","86218619"
"chr6","90363087","90363360","KN296145v1","109916","110193","47","90253171"
"chr6","90372226","90372526","KN297047v1","3987588","3987889","29","86384638"
"chr6","90401332","90401633","KN297008v1","4661765","4662062","40","85739567"
"chr6","90422905","90423192","KN294949v1","1309263","1309554","34","89113642"
"chr6","90425215","90425442","KN296391v1","178234","178452","46","90246981"
"chr6","90446206","90446516","KN296484v1","351750","352061","42","90094456"
"chr6","90447390","90447699","KN295487v1","52973","53281","39","90394417"
"chr6","90450503","90450811","KN295962v1","2135300","2135608","37","88315203"
"chr6","90453331","90453612","KN294570v1","116175","116454","34","90337156"
"chr6","90462136","90462417","KN296266v1","2875","3156","38","90459261"
"chr6","90476596","90476892","KN295045v1","1245901","1246196","44","89230695"
"chr6","90476988","90477298","KN294591v1","219840","220143","39","90257148"
"chr6","90484721","90485026","KN296247v1","901747","902047","38","89582974"
"chr6","90493747","90494054","KN295592v1","1587527","1587842","48","88906220"
"chr6","90496433","90496727","KN295480v1","1302107","1302401","32","89194326"
"chr6","90499068","90499349","KN296244v1","191950","192234","38","90307118"
"chr6","90516623","90516922","KN297190v1","1227871","1228167","38","89288752"
"chr6","90541070","90541349","KN296905v1","85048","85328","47","90456022"
"chr6","90553824","90554124","KN296311v1","1056866","1057165","39","89496958"
"chr6","90562695","90562930","KN295405v1","757351","757593","47","89805344"
"chr6","90692583","90692861","KN294372v1","1629572","1629847","38","89063011"
"chr6","90764583","90764878","KN294911v1","2646845","2647138","34","88117738"
"chr6","90773347","90773657","KN296732v1","3252506","3252815","42","87520841"
"chr6","90873705","90874005","KN294991v1","1014370","1014671","41","89859335"
"chr6","90889460","90889775","KN295366v1","78980","79290","35","90810480"
"chr6","90984073","90984371","KN294470v1","2136945","2137241","35","88847128"
"chr6","91028670","91028977","KN294571v1","1382955","1383261","47","89645715"
"chr6","91057133","91057420","KN295692v1","2501314","2501606","37","88555819"
"chr6","91060339","91060605","KN294842v1","61302","61569","38","90999037"
"chr6","91105921","91106224","KN294987v1","1477069","1477366","36","89628852"
"chr6","91109031","91109355","KN295601v1","1384082","1384410","43","89724949"
"chr6","91128049","91128343","KN294662v1","54879","55172","38","91073170"
"chr6","91247200","91247510","KN296404v1","2534470","2534781","34","88712730"
"chr6","91301221","91301534","KN295487v1","52973","53281","44","91248248"
"chr6","91308067","91308381","KN296036v1","1097462","1097757","48","90210605"
"chr6","91343780","91344061","KN296743v1","202352","202637","34","91141428"
"chr6","91345893","91346172","KN296004v1","21122","21405","36","91324771"
"chr6","91353309","91353609","KN297245v1","1416081","1416379","39","89937228"
"chr6","91390631","91390911","KN294429v1","48972","49253","31","91341659"
"chr6","91427950","91428239","KN294561v1","517718","518010","39","90910232"
"chr6","91438019","91438286","KN297106v1","1244125","1244401","35","90193894"
"chr6","91491763","91491885","KN294844v1","120441","120542","57","91371322"
"chr6","91494636","91494924","KN296508v1","659940","660226","36","90834696"
"chr6","91755814","91756082","KN296646v1","380629","380897","38","91375185"
"chr6","91804589","91804888","KN297106v1","877283","877583","22","90927306"
"chr6","91886052","91886324","KN294613v1","527135","527410","48","91358917"
"chr6","91961816","91962126","KN294187v1","1210574","1210883","47","90751242"
"chr6","91963329","91963622","KN297106v1","731078","731373","27","91232251"
"chr6","92019315","92019637","KN297106v1","673305","673623","43","91346010"
"chr6","92089000","92089303","KN294710v1","68748","69053","41","92020252"
"chr6","92190816","92191125","KN294172v1","2552899","2553211","41","89637917"
"chr6","92324895","92325193","KN297106v1","371833","372128","34","91953062"
"chr6","92570178","92570486","KN295735v1","15310","15617","41","92554868"
"chr6","92678900","92679196","KN295729v1","826689","826980","41","91852211"
"chr6","92872786","92873077","KN294970v1","193269","193561","35","92679517"
"chr6","92979557","92979886","KN294970v1","302010","302282","72","92677547"
"chr6","93097398","93097688","KN295692v1","1677659","1677953","39","91419739"
"chr6","93414961","93415240","KN294970v1","724183","724461","28","92690778"
"chr6","93415799","93416060","KN294970v1","725022","725284","27","92690777"
"chr6","93427305","93427598","KN294970v1","730877","731186","43","92696428"
"chr6","93455816","93456111","KN296153v1","3041230","3041525","36","90414586"
"chr6","93483596","93483897","KN297133v1","1612844","1613144","33","91870752"
"chr6","93651502","93651755","KN294970v1","958990","959242","29","92692512"
"chr6","93658881","93659187","KN294970v1","966081","966378","25","92692800"
"chr6","93737373","93737675","KN297159v1","1746938","1747242","36","91990435"
"chr6","93784449","93784743","KN294917v1","401690","401984","31","93382759"
"chr6","93876315","93876600","KN294224v1","1080394","1080681","47","92795921"
"chr6","94282730","94283031","KN296513v1","2047464","2047766","36","92235266"
"chr6","94412116","94412410","KN297320v1","271981","272275","40","94140135"
"chr6","94429495","94429800","KN296964v1","1652364","1652668","43","92777131"
"chr6","94555718","94556013","KN295308v1","2364085","2364379","40","92191633"
"chr6","94722308","94722603","KN295907v1","1983934","1984230","37","92738374"
"chr6","94876947","94877267","KN296153v1","2109780","2110089","55","92767167"
"chr6","94891727","94891993","KN294403v1","32290","32556","37","94859437"
"chr6","94923302","94923592","KN294287v1","139927","140217","41","94783375"
"chr6","95105596","95105888","KN295366v1","124181","124471","36","94981415"
"chr6","95228073","95228375","KN295236v1","6034181","6034484","44","89193892"
"chr6","95266186","95266489","KN295034v1","285242","285543","36","94980944"
"chr6","95314203","95314507","KN295666v1","873327","873629","45","94440876"
"chr6","95384852","95385031","KN295523v1","3040188","3040364","27","92344664"
"chr6","95411989","95412267","KN295722v1","1706526","1706805","42","93705463"
"chr6","95413530","95413808","KN295350v1","663485","663764","40","94750045"
"chr6","95514810","95515115","KN297448v1","4430","4735","24","95510380"
"chr6","95569425","95569728","KN295170v1","4644","4944","24","95564781"
"chr6","95599528","95599826","KN295170v1","35141","35443","34","95564387"
"chr6","95648824","95649138","KN296311v1","787049","787358","41","94861775"
"chr6","95674026","95674296","KN295610v1","467788","468050","37","95206238"
"chr6","96037765","96038058","KN296072v1","39765","40067","37","95998000"
"chr6","96142344","96142609","KN296831v1","296379","296643","35","95845965"
"chr6","96238728","96238894","KN297038v1","301948","302109","28","95936780"
"chr6","96437522","96437810","KN296684v1","207899","208200","35","96229623"
"chr6","96568285","96568584","KN296684v1","345804","346115","37","96222481"
"chr6","96814968","96815278","KN296225v1","343366","343677","48","96471602"
"chr6","96940637","96940949","KN294499v1","799663","799970","42","96140974"
"chr6","96993306","96993595","KN294647v1","185532","185822","43","96807774"
"chr6","97045520","97045819","KN296145v1","740136","740436","33","96305384"
"chr6","97099815","97100133","KN295962v1","2329043","2329352","41","94770772"
"chr6","97221241","97221529","KN294630v1","447646","447940","59","96773595"
"chr6","97246157","97246460","KN296426v1","778805","779103","45","96467352"
"chr6","97562480","97562778","KN295633v1","323295","323596","36","97239185"
"chr6","97711185","97711462","KN297242v1","2046546","2046825","44","95664639"
"chr6","97833925","97834228","KN294911v1","3763985","3764286","35","94069940"
"chr6","97972078","97972377","KN294705v1","282404","282706","50","97689674"
"chr6","98047491","98047786","KN294433v1","593042","593335","42","97454449"
"chr6","98123193","98123490","KN295692v1","1651967","1652256","44","96471226"
"chr6","98135496","98135782","KN296964v1","1011528","1011825","38","97123968"
"chr6","98168059","98168356","KN296430v1","1105044","1105344","45","97063015"
"chr6","98207701","98208004","KN296643v1","852402","852709","36","97355299"
"chr6","98212251","98212552","KN295748v1","161587","161896","30","98050664"
"chr6","98227149","98227361","KN294509v1","178587","178797","30","98048562"
"chr6","98426336","98426378","KN295605v1","731068","731107","23","97695268"
"chr6","98500794","98501099","KN296202v1","444323","444622","49","98056471"
"chr6","98587392","98587701","KN296314v1","587466","587769","39","97999926"
"chr6","98809230","98809533","KN296847v1","49279","49573","45","98759951"
"chr6","98868819","98869000","KN296538v1","164215","164386","47","98704604"
"chr6","99126902","99127197","KN294603v1","111945","112247","35","99014957"
"chr6","99324956","99325262","KN296244v1","448160","448468","50","98876796"
"chr6","99391781","99392088","KN295506v1","317810","318111","34","99073971"
"chr6","99504329","99504637","KN295319v1","93746","94048","44","99410583"
"chr6","99663160","99663464","KN295345v1","1295103","1295402","37","98368057"
"chr6","99686792","99687075","KN295633v1","1133330","1133601","45","98553462"
"chr6","99886541","99886842","KN296205v1","226004","226302","28","99660537"
"chr6","99904082","99904391","KN296303v1","514845","515157","41","99389237"
"chr6","99916631","99916940","KN296205v1","243120","243416","41","99673511"
"chr6","100144728","100145035","KN295090v1","242110","242415","39","99902618"
"chr6","100218482","100218749","KN296311v1","2097854","2098122","31","98120628"
"chr6","100253808","100254109","KN294446v1","240983","241287","32","100012825"
"chr6","100277329","100277630","KN296079v1","686222","686522","37","99591107"
"chr6","100281414","100281734","KN296205v1","597396","597712","27","99684018"
"chr6","100289651","100289896","KN296205v1","605905","606163","29","99683746"
"chr6","100294229","100294520","KN296205v1","610481","610775","21","99683748"
"chr6","100305218","100305469","KN296205v1","621602","621851","26","99683616"
"chr6","100308703","100308997","KN294662v1","54879","55172","41","100253824"
"chr6","100309722","100310012","KN296205v1","626074","626364","29","99683648"
"chr6","100318537","100318838","KN296205v1","634446","634747","33","99684091"
"chr6","100340408","100340710","KN296205v1","655980","656279","19","99684428"
"chr6","100350363","100350666","KN296205v1","666333","666643","23","99684030"
"chr6","100351738","100352047","KN296205v1","667712","668008","33","99684026"
"chr6","100357029","100357303","KN296205v1","674110","674383","20","99682919"
"chr6","100380341","100380636","KN296205v1","691747","692047","28","99688594"
"chr6","100391746","100392049","KN297320v1","271981","272275","40","100119765"
"chr6","100404622","100404934","KN296424v1","425557","425868","41","99979065"
"chr6","100419902","100420179","KN296205v1","731128","731416","28","99688774"
"chr6","100444576","100444865","KN295871v1","681623","681917","39","99762953"
"chr6","100455278","100455586","KN296205v1","767213","767529","29","99688065"
"chr6","100463463","100463782","KN294499v1","1858422","1858750","48","98605041"
"chr6","100474687","100474990","KN296205v1","786518","786811","22","99688169"
"chr6","100487231","100487512","KN296205v1","798656","798927","26","99688575"
"chr6","100574441","100574747","KN296205v1","875737","876038","38","99698704"
"chr6","100575099","100575381","KN296205v1","876398","876691","33","99698701"
"chr6","100626238","100626539","KN296205v1","917659","917969","36","99708579"
"chr6","100647907","100648211","KN296205v1","939344","939655","38","99708563"
"chr6","100707060","100707366","KN295073v1","1289046","1289348","34","99418014"
"chr6","100735602","100735898","KN294539v1","1287945","1288241","34","99447657"
"chr6","100920524","100920813","KN296261v1","620490","620771","40","100300034"
"chr6","100922684","100922944","KN297008v1","6293527","6293786","34","94629157"
"chr6","101214596","101214910","KN295101v1","17379","17687","37","101197217"
"chr6","101228314","101228602","KN296495v1","1951647","1951933","33","99276667"
"chr6","101327690","101327971","KN296306v1","2059682","2059963","38","99268008"
"chr6","101337560","101337851","KN297370v1","729604","729894","40","100607956"
"chr6","101486118","101486414","KN294977v1","223481","223777","41","101262637"
"chr6","101557489","101557796","KN294571v1","1575904","1576204","38","99981585"
"chr6","101650024","101650334","KN295571v1","513084","513393","38","101136940"
"chr6","101785870","101786184","KN296682v1","4688204","4688514","38","97097666"
"chr6","101794717","101795021","KN294539v1","1287945","1288241","50","100506772"
"chr6","102062588","102062891","KN295974v1","3088909","3089213","42","98973679"
"chr6","102114488","102114782","KN294705v1","867156","867449","37","101247332"
"chr6","102151065","102151380","KN294992v1","176419","176728","41","101974646"
"chr6","102181314","102181619","KN296487v1","131647","131949","48","102049667"
"chr6","102321921","102322216","KN294536v1","1033058","1033350","45","101288863"
"chr6","102418595","102418878","KN297112v1","2725693","2725979","39","99692902"
"chr6","102509095","102509409","KN294407v1","2317315","2317623","53","100191780"
"chr6","102607277","102607571","KN294893v1","152617","152913","37","102454660"
"chr6","102618619","102618917","KN294991v1","293673","293971","43","102324946"
"chr6","102682287","102682578","KN295831v1","133866","134154","38","102548421"
"chr6","102748017","102748315","KN295846v1","24517","24819","39","102723500"
"chr6","102769827","102770126","KN295722v1","1373842","1374147","44","101395985"
"chr6","102775766","102776059","KN294516v1","17906","18200","38","102757860"
"chr6","102788651","102788933","KN295977v1","19914","20198","39","102768737"
"chr6","102996058","102996329","KN296406v1","549452","549731","49","102446606"
"chr6","103143637","103143947","KN295922v1","130002","130315","43","103013635"
"chr6","103171943","103172234","KN295729v1","826689","826980","34","102345254"
"chr6","103176648","103176917","KN294837v1","377251","377522","46","102799397"
"chr6","103194626","103194922","KN294299v1","30522","30816","34","103164104"
"chr6","103429785","103430072","KN294299v1","291144","291432","31","103138641"
"chr6","103549788","103550081","KN296063v1","704087","704381","38","102845701"
"chr6","103701808","103702096","KN297135v1","181029","181317","45","103520779"
"chr6","103725555","103725776","KN295215v1","335293","335520","21","103390262"
"chr6","103780981","103781273","KN295215v1","268570","268862","26","103512411"
"chr6","103932044","103932338","KN294964v1","1261773","1262065","48","102670271"
"chr6","103935440","103935728","KN297274v1","1863027","1863315","38","102072413"
"chr6","104211928","104212225","KN295171v1","1467060","1467358","42","102744868"
"chr6","104283568","104283843","KN296453v1","1512197","1512470","46","102771371"
"chr6","104829527","104829830","KN295765v1","102513","102818","27","104727014"
"chr6","104868949","104869258","KN295765v1","145245","145546","36","104723704"
"chr6","104928831","104929148","KN296096v1","2698005","2698314","44","102230826"
"chr6","104962541","104962847","KN296959v1","1610341","1610649","32","103352200"
"chr6","105032162","105032385","KN297008v1","3139544","3139758","31","101892618"
"chr6","105118994","105119323","KN296062v1","1336503","1336839","58","103782491"
"chr6","105406526","105406837","KN295301v1","761923","762233","30","104644603"
"chr6","105688754","105688990","KN294945v1","607779","608012","56","105080975"
"chr6","105731107","105731415","KN297408v1","58299","58616","49","105672808"
"chr6","105757838","105758137","KN294456v1","1098138","1098439","39","104659700"
"chr6","105820984","105821274","KN294193v1","696612","696909","40","105124372"
"chr6","105880864","105881163","KN296011v1","34273","34572","42","105846591"
"chr6","105892514","105892820","KN294420v1","617544","617850","43","105274970"
"chr6","105899086","105899387","KN297154v1","1039874","1040175","35","104859212"
"chr6","105923799","105924106","KN294809v1","1033430","1033730","39","104890369"
"chr6","105933521","105933808","KN295735v1","822355","822644","37","105111166"
"chr6","105971662","105971958","KN294539v1","1287945","1288241","37","104683717"
"chr6","105986527","105986763","KN295243v1","7102","7343","34","105979425"
"chr6","105987763","105988072","KN294761v1","363307","363610","40","105624456"
"chr6","106007567","106007867","KN297276v1","143691","143993","39","105863876"
"chr6","106013461","106013770","KN294375v1","866092","866404","31","105147369"
"chr6","106121586","106121886","KN297276v1","74967","75265","44","106046619"
"chr6","106123608","106123915","KN296167v1","450049","450355","35","105673559"
"chr6","106134305","106134600","KN294592v1","1036828","1037126","33","105097477"
"chr6","106144913","106145226","KN295090v1","2719195","2719504","43","103425718"
"chr6","106149861","106150161","KN294456v1","1098138","1098439","28","105051723"
"chr6","106169793","106170097","KN296833v1","30824","31126","38","106138969"
"chr6","106186590","106186891","KN294613v1","327601","327901","42","105858989"
"chr6","106188395","106188698","KN297023v1","480259","480560","41","105708136"
"chr6","106195706","106195995","KN294172v1","4281730","4282021","42","101913976"
"chr6","106199381","106199663","KN296187v1","2254802","2255074","49","103944579"
"chr6","106201980","106202308","KN294630v1","549363","549684","55","105652617"
"chr6","106202691","106202985","KN294539v1","1287945","1288241","30","104914746"
"chr6","106270294","106270597","KN294842v1","1005503","1005813","38","105264791"
"chr6","106281916","106282215","KN296406v1","281155","281453","42","106000761"
"chr6","106320504","106320797","KN294229v1","110402","110697","40","106210102"
"chr6","106362626","106362849","KN297186v1","50383","50628","53","106312243"
"chr6","106369284","106369590","KN294710v1","68748","69053","31","106300536"
"chr6","106402423","106402734","KN296809v1","604063","604366","55","105798360"
"chr6","106414344","106414632","KN294224v1","1140521","1140815","40","105273823"
"chr6","106460278","106460567","KN295871v1","681623","681917","43","105778655"
"chr6","106510037","106510333","KN295835v1","84846","85139","38","106425191"
"chr6","106526638","106526886","KN295717v1","1445363","1445625","47","105081275"
"chr6","106531763","106532069","KN295433v1","250702","251008","42","106281061"
"chr6","106541679","106541941","KN295236v1","1825213","1825477","36","104716466"
"chr6","106564484","106564778","KN297227v1","969306","969606","40","105595178"
"chr6","106583543","106583846","KN295869v1","487414","487718","39","106096129"
"chr6","106594750","106594960","KN295977v1","1276894","1277103","41","105317856"
"chr6","106631960","106632269","KN294884v1","66822","67131","35","106565138"
"chr6","106845765","106846075","KN295548v1","17538","17846","30","106828227"
"chr6","106920421","106920732","KN296119v1","1028288","1028598","42","105892133"
"chr6","106945178","106945477","KN296404v1","1183469","1183770","41","105761709"
"chr6","107004355","107004657","KN294407v1","3027269","3027567","42","103977086"
"chr6","107040377","107040681","KN296311v1","497102","497413","45","106543275"
"chr6","107093288","107093582","KN294172v1","822922","823215","34","106270366"
"chr6","107095402","107095709","KN297442v1","240570","240874","40","106854832"
"chr6","107101280","107101567","KN296004v1","21122","21405","35","107080158"
"chr6","107167657","107167944","KN294539v1","1287945","1288241","37","105879712"
"chr6","107220629","107220921","KN294172v1","6311128","6311420","42","100909501"
"chr6","107266593","107266902","KN294821v1","65780","66084","41","107200813"
"chr6","107285323","107285609","KN296806v1","109370","109653","58","107175953"
"chr6","107314283","107314575","KN297008v1","4661765","4662062","33","102652518"
"chr6","107368157","107368449","KN297032v1","184087","184386","47","107184070"
"chr6","107385839","107386144","KN296062v1","1409584","1409882","47","105976255"
"chr6","107391376","107391692","KN296157v1","885718","886029","46","106505658"
"chr6","107405721","107406018","KN294911v1","2147006","2147307","48","105258715"
"chr6","107480532","107480848","KN296486v1","67047","67367","53","107413485"
"chr6","107489156","107489463","KN294193v1","774395","774701","45","106714761"
"chr6","107533697","107534015","KN296157v1","885718","886029","34","106647979"
"chr6","107541238","107541554","KN296157v1","885718","886029","37","106655520"
"chr6","107609843","107610014","KN294187v1","1212835","1213011","20","106397008"
"chr6","107623786","107624083","KN295236v1","4643150","4643445","34","102980636"
"chr6","107633176","107633482","KN294457v1","364574","364877","45","107268602"
"chr6","107638666","107638970","KN294790v1","163386","163690","41","107475280"
"chr6","107652018","107652311","KN296732v1","3297760","3298052","32","104354258"
"chr6","107654054","107654348","KN297028v1","628758","629052","32","107025296"
"chr6","107699722","107700020","KN296430v1","1105044","1105344","33","106594678"
"chr6","107708767","107709074","KN297159v1","1746938","1747242","39","105961829"
"chr6","107763659","107763947","KN297259v1","1379535","1379824","35","106384124"
"chr6","107774530","107774853","KN294378v1","244214","244534","53","107530316"
"chr6","107813021","107813321","KN294456v1","1098138","1098439","39","106714883"
"chr6","107818366","107818673","KN294433v1","594314","594613","37","107224052"
"chr6","107819379","107819686","KN294234v1","1901584","1901885","41","105917795"
"chr6","107870744","107871045","KN294526v1","334958","335253","34","107535786"
"chr6","107895040","107895348","KN297008v1","5344216","5344525","34","102550824"
"chr6","107904619","107904917","KN294147v1","1376898","1377195","38","106527721"
"chr6","107928420","107928715","KN294873v1","1221902","1222199","48","106706518"
"chr6","107930443","107930737","KN297144v1","518320","518605","47","107412123"
"chr6","107932994","107933278","KN294499v1","2011390","2011673","39","105921604"
"chr6","107942446","107942736","KN296201v1","2654662","2654949","46","105287784"
"chr6","107951489","107951821","KN296460v1","119303","119632","47","107832186"
"chr6","107978214","107978515","KN294879v1","76546","76849","31","107901668"
"chr6","107980508","107980806","KN294269v1","550588","550887","38","107429920"
"chr6","107981591","107981901","KN294571v1","890748","891049","42","107090843"
"chr6","107995674","107995846","KN296009v1","169201","169371","36","107826473"
"chr6","108000740","108001035","KN294172v1","822922","823215","35","107177818"
"chr6","108020227","108020526","KN297245v1","1416081","1416379","36","106604146"
"chr6","108031951","108032229","KN295601v1","747589","747868","30","107284362"
"chr6","108040445","108040749","KN295075v1","530977","531276","47","107509468"
"chr6","108050037","108050336","KN296311v1","854862","855163","45","107195175"
"chr6","108054479","108054771","KN296844v1","46055","46342","37","108008424"
"chr6","108054971","108055282","KN297070v1","379833","380141","43","107675138"
"chr6","108058566","108058874","KN297023v1","662519","662830","32","107396047"
"chr6","108073703","108073972","KN295459v1","1101140","1101421","46","106972563"
"chr6","108078597","108078850","KN295820v1","956662","956899","42","107121935"
"chr6","108085391","108085708","KN295586v1","1244707","1245017","46","106840684"
"chr6","108091480","108091696","KN295977v1","1276894","1277103","54","106814586"
"chr6","108101891","108102200","KN294705v1","1537713","1538021","39","106564178"
"chr6","108104835","108105140","KN296303v1","514845","515157","38","107589990"
"chr6","108107794","108108096","KN297023v1","480259","480560","42","107627535"
"chr6","108111968","108112207","KN295405v1","757351","757593","46","107354617"
"chr6","108137271","108137574","KN297133v1","686616","686918","33","107450655"
"chr6","108144916","108145193","KN295350v1","876412","876698","50","107268504"
"chr6","108146868","108147172","KN296732v1","3712291","3712592","42","104434577"
"chr6","108148008","108148303","KN294613v1","727452","727753","41","107420556"
"chr6","108167245","108167541","KN294251v1","1932520","1932819","43","106234725"
"chr6","108176132","108176445","KN295319v1","42222","42534","36","108133910"
"chr6","108178980","108179284","KN295744v1","367788","368092","47","107811192"
"chr6","108188039","108188335","KN295977v1","1131033","1131330","32","107057006"
"chr6","108206941","108207239","KN294187v1","544177","544478","36","107662764"
"chr6","108212791","108213095","KN295257v1","1225806","1226107","44","106986985"
"chr6","108215085","108215390","KN294456v1","1098138","1098439","39","107116947"
"chr6","108252594","108252889","KN295830v1","31128","31424","29","108221466"
"chr6","108253486","108253783","KN296153v1","1090111","1090408","32","107163375"
"chr6","108258700","108258979","KN295830v1","37885","38161","29","108220815"
"chr6","108286144","108286435","KN295830v1","66764","67061","34","108219380"
"chr6","108287565","108287875","KN295034v1","280827","281133","35","108006738"
"chr6","108314857","108315152","KN296926v1","1049515","1049816","43","107265342"
"chr6","108318197","108318488","KN295114v1","157283","157573","28","108160914"
"chr6","108321267","108321578","KN295830v1","105161","105473","28","108216106"
"chr6","108323087","108323376","KN295830v1","106760","107052","29","108216327"
"chr6","108337581","108337904","KN295830v1","121967","122273","48","108215614"
"chr6","108346275","108346586","KN295830v1","130621","130924","32","108215654"
"chr6","108348805","108349112","KN295430v1","2355601","2355902","37","105993204"
"chr6","108349688","108349999","KN295830v1","134400","134714","33","108215288"
"chr6","108357978","108358275","KN294470v1","2878982","2879283","36","105478996"
"chr6","108380086","108380380","KN294407v1","535845","536137","37","107844241"
"chr6","108397565","108397891","KN296538v1","1170609","1170920","56","107226956"
"chr6","108429838","108430159","KN297323v1","858648","858958","52","107571190"
"chr6","108440873","108441163","KN294214v1","603960","604254","43","107836913"
"chr6","108464306","108464597","KN297274v1","1382478","1382770","37","107081828"
"chr6","108474197","108474489","KN296977v1","42110","42399","32","108432087"
"chr6","108480448","108480762","KN295571v1","513084","513393","46","107967364"
"chr6","108514964","108515257","KN294172v1","2522917","2523215","43","105992047"
"chr6","108523494","108523792","KN294603v1","81298","81602","43","108442196"
"chr6","108570876","108571158","KN296864v1","1076694","1076968","36","107494182"
"chr6","108682035","108682341","KN296205v1","1038770","1039076","40","107643265"
"chr6","108772147","108772422","KN294911v1","1390696","1390976","57","107381451"
"chr6","108784703","108784927","KN295967v1","625826","626071","52","108158877"
"chr6","108798916","108799215","KN295731v1","46961","47258","39","108751955"
"chr6","108827270","108827580","KN296484v1","351750","352061","39","108475520"
"chr6","108838632","108838916","KN294399v1","58869","59146","48","108779763"
"chr6","108874557","108874845","KN294193v1","400597","400883","43","108473960"
"chr6","108878783","108879088","KN297304v1","54786","55087","42","108823997"
"chr6","108916445","108916707","KN295090v1","2882133","2882386","42","106034312"
"chr6","108923647","108923956","KN296138v1","98488","98788","45","108825159"
"chr6","108934529","108934705","KN296308v1","1030166","1030340","26","107904363"
"chr6","108967877","108968163","KN296859v1","1581704","1581985","49","107386173"
"chr6","108992890","108993181","KN297150v1","100231","100523","62","108892659"
"chr6","109005615","109005915","KN295666v1","163031","163330","41","108842584"
"chr6","109007208","109007462","KN295243v1","1473974","1474238","48","107533234"
"chr6","109013388","109013675","KN297154v1","705314","705597","37","108308074"
"chr6","109018735","109018888","KN294842v1","339036","339185","20","108679699"
"chr6","109029643","109029938","KN294172v1","4940663","4940925","60","104088980"
"chr6","109035598","109035897","KN294874v1","1336918","1337220","33","107698680"
"chr6","109050645","109050943","KN295362v1","1043462","1043763","43","108007183"
"chr6","109055433","109055740","KN294705v1","430220","430521","36","108625213"
"chr6","109062538","109062843","KN295943v1","398250","398552","36","108664288"
"chr6","109072005","109072298","KN294193v1","425211","425504","46","108646794"
"chr6","109076027","109076338","KN294662v1","146480","146789","35","108929547"
"chr6","109087598","109087900","KN296833v1","30824","31126","31","109056774"
"chr6","109137417","109137727","KN294407v1","912040","912349","35","108225377"
"chr6","109151346","109151654","KN297041v1","35311","35619","36","109116035"
"chr6","109160496","109160805","KN297133v1","706024","706330","38","108454472"
"chr6","109165480","109165807","KN295487v1","58632","58957","54","109106848"
"chr6","109248544","109248863","KN297154v1","1039874","1040175","51","108208670"
"chr6","109272672","109272963","KN295846v1","24517","24819","38","109248155"
"chr6","109275097","109275394","KN295974v1","839420","839712","33","108435677"
"chr6","109335041","109335347","KN296244v1","633132","633433","44","108701909"
"chr6","109345352","109345655","KN296933v1","33780","34078","37","109311572"
"chr6","109348819","109349130","KN295922v1","130002","130315","41","109218817"
"chr6","109349983","109350285","KN294456v1","1098138","1098439","34","108251845"
"chr6","109353660","109353955","KN294457v1","990718","991014","40","108362942"
"chr6","109357610","109357917","KN296635v1","3876048","3876352","44","105481562"
"chr6","109377400","109377687","KN294346v1","294284","294573","49","109083116"
"chr6","109378289","109378572","KN296322v1","1392101","1392390","35","107986188"
"chr6","109380904","109381205","KN294456v1","1098138","1098439","26","108282766"
"chr6","109384736","109385027","KN296119v1","911532","911825","29","108473204"
"chr6","109394665","109394952","KN296281v1","232661","232950","45","109162004"
"chr6","109405877","109406179","KN295722v1","1640139","1640445","40","107765738"
"chr6","109421199","109421495","KN296040v1","349832","350124","35","109071367"
"chr6","109431444","109431760","KN295301v1","761923","762233","48","108669521"
"chr6","109459862","109460154","KN295205v1","647693","647976","60","108812169"
"chr6","109468592","109468896","KN295666v1","873327","873629","38","108595265"
"chr6","109488435","109488736","KN295371v1","459489","459790","40","109028946"
"chr6","109489598","109489895","KN296547v1","396597","396892","31","109093001"
"chr6","109607543","109607852","KN296643v1","47618","47923","43","109559925"
"chr6","109652056","109652352","KN295735v1","994649","994952","41","108657407"
"chr6","109659970","109660275","KN296305v1","652930","653232","35","109007040"
"chr6","109753939","109754140","KN295995v1","278598","278793","32","109475341"
"chr6","109757518","109757822","KN296404v1","2379696","2380001","33","107377822"
"chr6","109766759","109767003","KN295045v1","921009","921237","37","108845750"
"chr6","109767004","109767167","KN295667v1","1026814","1026972","34","108740190"
"chr6","109784462","109784786","KN295642v1","81422","81745","56","109703040"
"chr6","109816762","109817019","KN297008v1","2475372","2475636","45","107341390"
"chr6","109819993","109820298","KN296508v1","1895245","1895542","39","107924748"
"chr6","109836623","109836926","KN294181v1","1317427","1317732","38","108519196"
"chr6","109880864","109881172","KN295922v1","130002","130315","47","109750862"
"chr6","109883388","109883693","KN294603v1","111945","112247","38","109771443"
"chr6","109952755","109953063","KN294453v1","23988","24299","34","109928767"
"chr6","109958476","109958796","KN297367v1","115077","115384","49","109843399"
"chr6","110036080","110036389","KN294521v1","404396","404704","38","109631684"
"chr6","110165901","110166208","KN295361v1","932292","932599","38","109233609"
"chr6","110183530","110183798","KN295722v1","1904349","1904617","36","108279181"
"chr6","110194427","110194728","KN295573v1","192599","192895","27","110001828"
"chr6","110205283","110205604","KN294199v1","68751","69060","48","110136532"
"chr6","110205901","110206063","KN294187v1","1105095","1105248","25","109100806"
"chr6","110216719","110216937","KN296682v1","3000428","3000645","31","107216291"
"chr6","110219070","110219378","KN295236v1","1631448","1631759","44","108587622"
"chr6","110232588","110232891","KN296828v1","319212","319523","30","109913376"
"chr6","110269088","110269374","KN295962v1","595042","595326","34","109674046"
"chr6","110278524","110278834","KN295301v1","761923","762233","37","109516601"
"chr6","110312152","110312448","KN294187v1","158362","158655","36","110153790"
"chr6","110327932","110328243","KN296828v1","230829","231142","40","110097103"
"chr6","110357621","110357927","KN296828v1","197961","198271","30","110159660"
"chr6","110411572","110411881","KN296828v1","148616","148929","18","110262956"
"chr6","110431302","110431555","KN295090v1","2882133","2882386","38","107549169"
"chr6","110431641","110431690","KN296743v1","1948518","1948571","14","108483123"
"chr6","110435268","110435560","KN295474v1","73006","73299","34","110362262"
"chr6","110444982","110445287","KN296828v1","114372","114681","29","110330610"
"chr6","110455793","110455992","KN295586v1","608897","609082","43","109846896"
"chr6","110456691","110456995","KN296828v1","101861","102178","30","110354830"
"chr6","110479134","110479432","KN296486v1","1726381","1726674","36","108752753"
"chr6","110486051","110486355","KN296828v1","68500","68804","28","110417551"
"chr6","110489898","110490201","KN296828v1","64637","64942","29","110425261"
"chr6","110495639","110495943","KN296828v1","58947","59255","27","110436692"
"chr6","110503241","110503541","KN296311v1","832074","832375","25","109671167"
"chr6","110508406","110508730","KN296714v1","115572","115882","44","110392834"
"chr6","110562188","110562408","KN296001v1","9787","10010","22","110552401"
"chr6","110738599","110738885","KN296732v1","3149657","3149940","49","107588942"
"chr6","110836111","110836416","KN296404v1","1423465","1423767","38","109412646"
"chr6","110876463","110876754","KN296001v1","298880","299164","26","110577583"
"chr6","110894560","110894864","KN296001v1","321488","321782","26","110573072"
"chr6","110978841","110979091","KN296000v1","56742","57011","42","110922099"
"chr6","111144586","111144746","KN294172v1","5485947","5486112","23","105658639"
"chr6","111308112","111308413","KN296000v1","371766","372062","31","110936346"
"chr6","111353990","111354276","KN295441v1","405739","406027","31","110948251"
"chr6","111401247","111401552","KN296000v1","460821","461129","31","110940426"
"chr6","111472962","111473246","KN295930v1","360476","360764","43","111112486"
"chr6","111551468","111551755","KN294991v1","293673","293971","46","111257795"
"chr6","111634122","111634430","KN296000v1","703728","704035","27","110930394"
"chr6","111647048","111647364","KN296000v1","716746","717053","37","110930302"
"chr6","111657078","111657396","KN295922v1","130002","130315","44","111527076"
"chr6","111670334","111670657","KN296000v1","757210","757528","31","110913124"
"chr6","111692110","111692411","KN296000v1","771255","771554","21","110920855"
"chr6","111713389","111713684","KN296000v1","795377","795673","28","110918012"
"chr6","111717314","111717612","KN295996v1","495798","496097","34","111221516"
"chr6","111759224","111759530","KN296322v1","1793698","1794004","32","109965526"
"chr6","111768611","111768842","KN294187v1","747125","747356","37","111021486"
"chr6","111770673","111770946","KN294251v1","1151512","1151787","38","110619161"
"chr6","111781897","111782199","KN296000v1","863073","863370","26","110918824"
"chr6","111783533","111783826","KN297047v1","1316088","1316386","40","110467445"
"chr6","111787511","111787815","KN296649v1","502099","502397","40","111285412"
"chr6","111796741","111797040","KN296000v1","878728","879034","32","110918013"
"chr6","111809780","111810073","KN296000v1","892425","892727","31","110917355"
"chr6","111825521","111825816","KN294571v1","1575904","1576204","32","110249617"
"chr6","111840439","111840743","KN296305v1","652930","653232","41","111187509"
"chr6","111842053","111842360","KN296000v1","931461","931775","28","110910592"
"chr6","111843576","111843883","KN294571v1","1575904","1576204","42","110267672"
"chr6","111866887","111867197","KN296000v1","953615","953925","20","110913272"
"chr6","111870659","111870959","KN296000v1","957229","957536","32","110913430"
"chr6","111910874","111911184","KN296000v1","998482","998782","28","110912392"
"chr6","111917664","111917870","KN294325v1","144579","144772","40","111773085"
"chr6","111933836","111934145","KN294978v1","1476399","1476706","33","110457437"
"chr6","111935641","111935952","KN294443v1","441739","442042","38","111493902"
"chr6","111938082","111938379","KN296000v1","1030238","1030539","30","110907844"
"chr6","111941437","111941693","KN296000v1","1033139","1033400","17","110908298"
"chr6","111944910","111945207","KN296732v1","3482334","3482632","34","108462576"
"chr6","111947292","111947603","KN294269v1","243418","243728","35","111703874"
"chr6","111963732","111964046","KN295913v1","55210","55520","50","111908522"
"chr6","111969673","111969874","KN296426v1","64367","64561","31","111905306"
"chr6","111970949","111971254","KN296000v1","1060344","1060649","31","110910605"
"chr6","112012786","112013077","KN294937v1","266","558","31","112012520"
"chr6","112025265","112025551","KN294445v1","504220","504505","33","111521045"
"chr6","112025905","112026197","KN294978v1","3941067","3941363","39","108084838"
"chr6","112026258","112026563","KN296138v1","98488","98788","35","111927770"
"chr6","112033672","112033964","KN296040v1","349832","350124","33","111683840"
"chr6","112039191","112039486","KN296119v1","665460","665754","33","111373731"
"chr6","112054852","112055011","KN295930v1","759567","759739","38","111295285"
"chr6","112059664","112059979","KN296311v1","8317826","8318133","38","103741838"
"chr6","112076324","112076639","KN296000v1","1176383","1176706","38","110899941"
"chr6","112081764","112081935","KN297259v1","446106","446265","34","111635658"
"chr6","112091142","112091449","KN295893v1","163322","163632","40","111927820"
"chr6","112105752","112105936","KN296090v1","19510","19685","39","112086242"
"chr6","112114961","112115271","KN294957v1","62097","62408","37","112052864"
"chr6","112117980","112118287","KN294957v1","62097","62408","35","112055883"
"chr6","112137661","112137965","KN295531v1","37069","37369","27","112100592"
"chr6","112158531","112158563","KN296096v1","2690101","2690141","16","109468430"
"chr6","112158564","112158773","KN294977v1","1","212","36","112158563"
"chr6","112159022","112159325","KN295531v1","59189","59497","22","112099833"
"chr6","112196814","112197109","KN297245v1","2632346","2632640","43","109564468"
"chr6","112255285","112255581","KN294470v1","2136945","2137241","35","110118340"
"chr6","112257749","112258045","KN296933v1","33780","34078","35","112223969"
"chr6","112269305","112269618","KN295531v1","166880","167193","33","112102425"
"chr6","112271777","112272072","KN295531v1","169392","169687","34","112102385"
"chr6","112283372","112283656","KN295531v1","180889","181174","13","112102483"
"chr6","112289901","112290195","KN296503v1","544133","544430","30","111745768"
"chr6","112317282","112317575","KN295708v1","2593512","2593809","47","109723770"
"chr6","112327661","112327946","KN296831v1","774362","774656","36","111553299"
"chr6","112334991","112335157","KN296357v1","404981","405140","21","111930010"
"chr6","112335610","112335894","KN296795v1","2620003","2620285","39","109715607"
"chr6","112349564","112349863","KN296831v1","757487","757787","25","111592077"
"chr6","112382156","112382460","KN297047v1","3987588","3987889","32","108394568"
"chr6","112384459","112384624","KN294987v1","480021","480187","30","111904438"
"chr6","112384637","112384826","KN295236v1","3580229","3580418","30","108804408"
"chr6","112392693","112392878","KN295571v1","463102","463285","28","111929591"
"chr6","112392889","112393202","KN296831v1","723936","724245","23","111668953"
"chr6","112418525","112418811","KN296831v1","696990","697268","35","111721535"
"chr6","112437016","112437318","KN296831v1","678870","679180","29","111758146"
"chr6","112445650","112445933","KN296831v1","673714","674003","31","111771936"
"chr6","112505167","112505478","KN297095v1","1435979","1436278","38","111069188"
"chr6","112505560","112505811","KN295243v1","1473974","1474238","50","111031586"
"chr6","112546668","112546976","KN296831v1","574957","575252","33","111971711"
"chr6","112595242","112595549","KN296153v1","3399388","3399691","37","109195854"
"chr6","112595929","112596216","KN296726v1","570098","570381","47","112025831"
"chr6","112606099","112606394","KN294842v1","664297","664599","29","111941802"
"chr6","112616272","112616561","KN296831v1","503659","503943","20","112112613"
"chr6","112655831","112656145","KN296167v1","450049","450355","50","112205782"
"chr6","112664144","112664448","KN296831v1","454793","455101","25","112209351"
"chr6","112665820","112666129","KN296831v1","453100","453411","28","112212720"
"chr6","112673055","112673364","KN296831v1","445602","445912","24","112227453"
"chr6","112675216","112675502","KN295930v1","360476","360764","48","112314740"
"chr6","112690853","112691150","KN297095v1","584794","585091","38","112106059"
"chr6","112692668","112692937","KN296831v1","425153","425441","44","112267515"
"chr6","112714807","112715066","KN296831v1","406151","406399","36","112308656"
"chr6","112719339","112719621","KN296831v1","402532","402808","21","112316807"
"chr6","112722712","112723023","KN297159v1","306554","306865","33","112416158"
"chr6","112725418","112725585","KN294987v1","480021","480187","16","112245397"
"chr6","112725696","112726009","KN296831v1","395823","396133","33","112329873"
"chr6","112727369","112727644","KN294604v1","515332","515604","38","112212037"
"chr6","112733703","112733992","KN296831v1","388107","388396","20","112345596"
"chr6","112775644","112775958","KN296831v1","348196","348506","32","112427448"
"chr6","112811521","112811818","KN296831v1","312841","313136","29","112498680"
"chr6","112828485","112828745","KN296831v1","296379","296643","25","112532106"
"chr6","112836226","112836527","KN296831v1","288449","288746","28","112547777"
"chr6","112910235","112910527","KN294147v1","1191891","1192182","35","111718344"
"chr6","113025489","113025794","KN296831v1","113326","113624","23","112912163"
"chr6","113042728","113043025","KN296831v1","96248","96543","19","112946480"
"chr6","113112531","113112844","KN296831v1","20911","21213","48","113091620"
"chr6","113152305","113152616","KN295244v1","667743","668054","44","112484562"
"chr6","113163404","113163714","KN296484v1","351750","352061","38","112811654"
"chr6","113220636","113220944","KN294493v1","70687","70990","43","113149949"
"chr6","113358226","113358534","KN297320v1","1223277","1223582","43","112134949"
"chr6","113363320","113363622","KN294900v1","1151102","1151400","34","112212218"
"chr6","113533401","113533706","KN294900v1","970154","970465","30","112563247"
"chr6","113646769","113646994","KN294831v1","465927","466152","32","113180842"
"chr6","113766786","113767080","KN296750v1","659202","659498","30","113107584"
"chr6","113782625","113782920","KN294900v1","718418","718718","44","113064207"
"chr6","113836914","113837221","KN294900v1","666721","667027","30","113170193"
"chr6","114184740","114185051","KN294900v1","326922","327234","41","113857818"
"chr6","114204810","114205085","KN294900v1","307186","307461","27","113897624"
"chr6","114247846","114248118","KN294900v1","263947","264218","14","113983899"
"chr6","114250049","114250268","KN294873v1","787664","787884","49","113462385"
"chr6","114326178","114326489","KN294900v1","185761","186081","39","114140417"
"chr6","114432026","114432328","KN294900v1","77370","77670","29","114354656"
"chr6","114565517","114565815","KN294457v1","990718","991014","42","113574799"
"chr6","114647148","114647452","KN295301v1","716124","716425","37","113931024"
"chr6","114666786","114667003","KN297207v1","101750","101994","54","114565036"
"chr6","114691619","114691874","KN296311v1","1217958","1218221","45","113473661"
"chr6","114711663","114711974","KN294407v1","2317315","2317623","35","112394348"
"chr6","114737344","114737623","KN294561v1","1887166","1887450","48","112850178"
"chr6","114758766","114759010","KN297227v1","968657","968899","39","113790109"
"chr6","114771092","114771389","KN294536v1","1033058","1033350","40","113738034"
"chr6","114808240","114808527","KN296496v1","988332","988629","41","113819908"
"chr6","114810338","114810647","KN295034v1","280827","281133","41","114529511"
"chr6","114814847","114815146","KN295236v1","5356462","5356765","43","109458385"
"chr6","114819527","114819822","KN295075v1","488811","489104","48","114330716"
"chr6","114833243","114833558","KN294940v1","567435","567744","40","114265808"
"chr6","114838848","114839159","KN296938v1","728913","729224","37","114109935"
"chr6","114841411","114841698","KN295241v1","197736","198025","44","114643675"
"chr6","114856969","114857265","KN296153v1","1115266","1115561","31","113741703"
"chr6","114861256","114861544","KN296864v1","2415861","2416134","62","112445395"
"chr6","114862506","114862803","KN296036v1","1895044","1895337","42","112967462"
"chr6","114864494","114864779","KN294172v1","615079","615365","42","114249415"
"chr6","114865918","114866233","KN295361v1","426092","426402","51","114439826"
"chr6","114867710","114868045","KN295368v1","1635251","1635580","47","113232459"
"chr6","114870162","114870472","KN295294v1","2546248","2546553","39","112323914"
"chr6","114877138","114877421","KN295102v1","408403","408684","33","114468735"
"chr6","114883610","114883896","KN294161v1","349957","350242","33","114533653"
"chr6","114903125","114903411","KN297112v1","2725693","2725979","46","112177432"
"chr6","115034789","115035088","KN297023v1","480259","480560","35","114554530"
"chr6","115080380","115080678","KN295198v1","274974","275272","42","114805406"
"chr6","115093050","115093349","KN295573v1","192599","192895","37","114900451"
"chr6","115093840","115094126","KN296138v1","3145","3429","38","115090695"
"chr6","115104248","115104540","KN294239v1","344639","344929","43","114759609"
"chr6","115116570","115116874","KN296225v1","407360","407662","40","114709210"
"chr6","115118732","115119039","KN295607v1","4377455","4377758","34","110741277"
"chr6","115130067","115130379","KN296119v1","5061582","5061891","41","110068485"
"chr6","115163606","115163894","KN296495v1","977859","978142","47","114185747"
"chr6","115270722","115271028","KN295301v1","716124","716425","36","114554598"
"chr6","115315127","115315436","KN297095v1","1453654","1453960","38","113861473"
"chr6","115459248","115459525","KN297171v1","2628817","2629092","40","112830431"
"chr6","115477548","115477781","KN295994v1","62983","63200","48","115414565"
"chr6","115572530","115572829","KN296322v1","2692700","2693002","37","112879830"
"chr6","115603115","115603424","KN294705v1","1537713","1538021","41","114065402"
"chr6","115715044","115715325","KN295893v1","729257","729542","35","114985787"
"chr6","115716186","115716483","KN296982v1","395160","395461","36","115321026"
"chr6","116004821","116005125","KN295998v1","765161","765456","36","115239660"
"chr6","116063890","116064192","KN295998v1","708308","708616","39","115355582"
"chr6","116518520","116518828","KN295607v1","4377455","4377758","37","112141065"
"chr6","116560438","116560724","KN295998v1","240385","240670","28","116320053"
"chr6","116587690","116587977","KN295998v1","213925","214209","38","116373765"
"chr6","116606842","116607148","KN294456v1","592934","593237","35","116013908"
"chr6","116621368","116621653","KN295998v1","174831","175111","28","116446537"
"chr6","116829593","116829909","KN296193v1","61828","62146","22","116767765"
"chr6","116843558","116843855","KN296193v1","82440","82715","41","116761118"
"chr6","116976824","116977147","KN294800v1","502955","503281","45","116473869"
"chr6","117090706","117091015","KN296187v1","1625604","1625911","34","115465102"
"chr6","117210034","117210311","KN294169v1","154815","155091","34","117055219"
"chr6","117370770","117371068","KN295430v1","2554896","2555197","30","114815874"
"chr6","117410073","117410350","KN296040v1","275719","276000","33","117134354"
"chr6","117457454","117457754","KN294800v1","22041","22337","31","117435413"
"chr6","117464967","117465273","KN294493v1","696044","696351","40","116768923"
"chr6","117524849","117525157","KN294662v1","146480","146789","38","117378369"
"chr6","117680984","117681270","KN297190v1","4412117","4412402","34","113268867"
"chr6","117745774","117746083","KN297077v1","270275","270575","33","117475499"
"chr6","117753172","117753471","KN297077v1","277708","278015","38","117475464"
"chr6","117779489","117779709","KN297077v1","299287","299499","20","117480202"
"chr6","117782469","117782780","KN295439v1","66534","66843","37","117715935"
"chr6","117796494","117796778","KN294509v1","346253","346540","39","117450241"
"chr6","117802410","117802731","KN297077v1","321229","321548","33","117481181"
"chr6","117816207","117816433","KN297008v1","1335443","1335680","41","116480764"
"chr6","117816771","117816958","KN296426v1","64367","64561","41","117752404"
"chr6","117837525","117837823","KN296306v1","1515860","1516160","42","116321665"
"chr6","117852218","117852531","KN295828v1","1773303","1773602","49","116078915"
"chr6","117901274","117901580","KN297077v1","404622","404930","29","117496652"
"chr6","117972439","117972747","KN297077v1","466173","466483","36","117506266"
"chr6","117994585","117994866","KN295459v1","361703","361982","43","117632882"
"chr6","118041965","118042262","KN297077v1","535858","536155","20","117506107"
"chr6","118177449","118177698","KN296580v1","224007","224259","35","117953442"
"chr6","118379789","118380060","KN297259v1","1306650","1306919","40","117073139"
"chr6","118587912","118588226","KN296303v1","514845","515157","34","118073067"
"chr6","118606830","118607041","KN295977v1","1276894","1277103","33","117329936"
"chr6","118720163","118720458","KN294592v1","1036828","1037126","31","117683335"
"chr6","118844959","118845234","KN294976v1","415425","415700","49","118429534"
"chr6","118884189","118884472","KN295729v1","826689","826980","47","118057500"
"chr6","118903397","118903701","KN296749v1","209142","209447","38","118694255"
"chr6","118996145","118996452","KN296187v1","2373914","2374222","47","116622231"
"chr6","119129913","119130186","KN296153v1","2393235","2393519","33","116736678"
"chr6","119333053","119333386","KN295869v1","1483001","1483321","51","117850052"
"chr6","119402776","119403087","KN296484v1","351750","352061","34","119051026"
"chr6","119408547","119408859","KN295893v1","7000895","7001206","47","112407652"
"chr6","119409483","119409599","KN294767v1","817992","818122","35","118591491"
"chr6","119426329","119426651","KN297105v1","2952369","2952682","39","116473960"
"chr6","119527527","119527792","KN294991v1","437174","437444","58","119090353"
"chr6","119537027","119537326","KN297023v1","480259","480560","35","119056768"
"chr6","119537727","119538038","KN294987v1","176356","176665","37","119361371"
"chr6","119558188","119558427","KN295967v1","625826","626071","59","118932362"
"chr6","119588813","119589119","KN294662v1","146480","146789","40","119442333"
"chr6","119602649","119602943","KN294949v1","1309263","1309554","35","118293386"
"chr6","119711799","119712106","KN294548v1","1161001","1161308","38","118550798"
"chr6","119714403","119714694","KN294456v1","1143112","1143404","44","118571291"
"chr6","119745935","119746217","KN297114v1","57040","57317","42","119688895"
"chr6","119772587","119772884","KN294911v1","628968","629266","38","119143619"
"chr6","119819335","119819626","KN294269v1","1190734","1191020","32","118628601"
"chr6","119852516","119852826","KN294630v1","2203","2515","41","119850313"
"chr6","119874317","119874626","KN295814v1","50104","50409","47","119824213"
"chr6","119877425","119877760","KN296732v1","1959943","1960274","57","117917482"
"chr6","119888495","119888805","KN296726v1","429654","429962","46","119458841"
"chr6","119889332","119889608","KN296682v1","695643","695915","37","119193689"
"chr6","119901897","119902196","KN295198v1","274974","275272","38","119626923"
"chr6","119905354","119905643","KN295405v1","60868","61156","42","119844486"
"chr6","119919642","119919932","KN295729v1","826689","826980","32","119092953"
"chr6","119959136","119959427","KN296484v1","733487","733776","36","119225649"
"chr6","119972023","119972260","KN295967v1","625826","626071","43","119346197"
"chr6","120116691","120116995","KN296809v1","763161","763473","38","119353530"
"chr6","120123066","120123364","KN294964v1","673814","674112","39","119449252"
"chr6","120124519","120124820","KN295893v1","1265746","1266047","42","118858773"
"chr6","120172027","120172331","KN294470v1","203562","203857","40","119968465"
"chr6","120247710","120248021","KN294372v1","299717","300027","46","119947993"
"chr6","120248631","120248802","KN295930v1","759567","759739","38","119489064"
"chr6","120278530","120278839","KN294466v1","12634","12944","41","120265896"
"chr6","120316964","120317264","KN296187v1","2317928","2318227","42","117999036"
"chr6","120342861","120343159","KN296580v1","657589","657884","33","119685272"
"chr6","120348014","120348313","KN296580v1","657589","657884","33","119690425"
"chr6","120350209","120350504","KN295962v1","2510770","2511074","52","117839439"
"chr6","120391903","120392201","KN297121v1","66798","67104","44","120325105"
"chr6","120437763","120438091","KN294957v1","62097","62408","54","120375666"
"chr6","120497955","120498252","KN297121v1","168661","168972","31","120329294"
"chr6","120584712","120584970","KN297121v1","256358","256619","25","120328354"
"chr6","120638655","120638936","KN297121v1","304402","304684","22","120334253"
"chr6","120809554","120809851","KN294499v1","2005615","2005910","35","118803939"
"chr6","121058372","121058682","KN297121v1","731685","731994","20","120326687"
"chr6","121258602","121258919","KN297158v1","734613","734927","54","120523989"
"chr6","121380020","121380219","KN296743v1","341802","341994","38","121038218"
"chr6","121486736","121487032","KN295735v1","951893","952189","32","120534843"
"chr6","121531623","121531938","KN296495v1","550769","551079","45","120980854"
"chr6","121557456","121557767","KN296157v1","4724901","4725194","52","116832555"
"chr6","121669053","121669340","KN297133v1","666077","666368","39","121002976"
"chr6","121681151","121681447","KN295091v1","2692987","2693285","41","118988164"
"chr6","121792878","121793164","KN297154v1","1109277","1109566","39","120683601"
"chr6","121796889","121797195","KN294325v1","402804","403101","54","121394085"
"chr6","121901168","121901448","KN296732v1","1382999","1383287","62","120518169"
"chr6","121906272","121906574","KN295350v1","392786","393093","49","121513486"
"chr6","121919509","121919816","KN294581v1","619147","619445","38","121300362"
"chr6","121992859","121993156","KN294172v1","822922","823215","44","121169937"
"chr6","122062687","122062993","KN295933v1","571354","571662","36","121491333"
"chr6","122092161","122092417","KN295667v1","2249522","2249779","41","119842639"
"chr6","122514953","122515240","KN295831v1","133866","134154","40","122381087"
"chr6","122578120","122578419","KN294470v1","135388","135691","35","122442732"
"chr6","122587410","122587699","KN295729v1","826689","826980","35","121760721"
"chr6","122594536","122594830","KN296270v1","708719","709013","36","121885817"
"chr6","122640157","122640477","KN297366v1","3023935","3024250","38","119616222"
"chr6","122648734","122649052","KN297366v1","3019249","3019566","37","119629485"
"chr6","122650829","122651133","KN296153v1","3649822","3650126","45","119001007"
"chr6","122653847","122654155","KN297366v1","3013511","3013821","26","119640336"
"chr6","122655491","122655812","KN297366v1","3011872","3012196","41","119643619"
"chr6","122673078","122673387","KN295301v1","761923","762233","43","121911155"
"chr6","122690662","122690973","KN297366v1","2978491","2978828","45","119712171"
"chr6","122706972","122707256","KN296833v1","94676","94959","31","122612296"
"chr6","122718428","122718736","KN294457v1","96806","97114","37","122621622"
"chr6","122730460","122730741","KN294879v1","1212125","1212410","37","121518335"
"chr6","122737231","122737532","KN297366v1","2927091","2927385","33","119810140"
"chr6","122751997","122752290","KN297366v1","2915120","2915417","28","119836877"
"chr6","122914015","122914326","KN297366v1","2751708","2752016","31","120162307"
"chr6","122925509","122925777","KN297366v1","2739087","2739344","36","120186422"
"chr6","123086300","123086594","KN297366v1","2576982","2577272","30","120509318"
"chr6","123163833","123164127","KN297366v1","2487040","2487334","28","120676793"
"chr6","123184587","123184883","KN297366v1","2468413","2468710","28","120716174"
"chr6","123242039","123242330","KN297366v1","2409142","2409437","35","120832897"
"chr6","123263415","123263714","KN295371v1","204420","204720","36","123058995"
"chr6","123292056","123292359","KN295236v1","6034181","6034484","39","117257875"
"chr6","123351225","123351385","KN295523v1","1797237","1797411","42","121553988"
"chr6","123355104","123355429","KN297366v1","2287422","2287723","49","121067682"
"chr6","123361466","123361768","KN297366v1","2287422","2287723","26","121074044"
"chr6","123551385","123551660","KN297366v1","2102075","2102349","26","121449310"
"chr6","123556541","123556849","KN297366v1","2097420","2097714","40","121459121"
"chr6","123642208","123642504","KN297366v1","2014304","2014612","36","121627904"
"chr6","123693337","123693607","KN297366v1","1966391","1966663","23","121726946"
"chr6","123725436","123725694","KN297366v1","1936124","1936383","21","121789312"
"chr6","124012634","124012944","KN297366v1","1663291","1663602","32","122349343"
"chr6","124017828","124018068","KN295405v1","757351","757593","58","123260477"
"chr6","124023385","124023686","KN297245v1","1416081","1416379","40","122607304"
"chr6","124060920","124061228","KN297366v1","1623896","1624191","36","122437024"
"chr6","124080858","124081163","KN297366v1","1603956","1604262","28","122476902"
"chr6","124391595","124391909","KN297442v1","1612430","1612738","39","122779165"
"chr6","124462444","124462744","KN294457v1","1013336","1013635","36","123449108"
"chr6","124549208","124549500","KN294187v1","11918","12217","43","124537290"
"chr6","124621239","124621543","KN294446v1","240983","241287","43","124380256"
"chr6","124626895","124627208","KN294662v1","146480","146789","47","124480415"
"chr6","124705825","124706119","KN296547v1","396597","396892","35","124309228"
"chr6","124710589","124710874","KN297366v1","972883","973171","37","123737706"
"chr6","124716806","124717005","KN297366v1","966760","966958","18","123750046"
"chr6","124819763","124819899","KN296153v1","1904308","1904443","20","122915455"
"chr6","124820106","124820190","KN296495v1","1507938","1508003","31","123312168"
"chr6","124895056","124895358","KN297366v1","790254","790555","30","124104802"
"chr6","124942686","124942992","KN297366v1","742416","742713","39","124200270"
"chr6","125075251","125075540","KN297366v1","612235","612529","29","124463016"
"chr6","125097417","125097681","KN296460v1","933308","933574","47","124164109"
"chr6","125133588","125133898","KN297366v1","548199","548507","28","124585389"
"chr6","125297168","125297476","KN297366v1","384216","384511","39","124912952"
"chr6","125438543","125438845","KN296635v1","3876048","3876352","29","121562495"
"chr6","125458434","125458740","KN296505v1","355465","355772","42","125102969"
"chr6","125571290","125571600","KN297366v1","117513","117804","42","125453777"
"chr6","125589523","125589838","KN295835v1","181014","181322","46","125408509"
"chr6","125741869","125742057","KN295814v1","793064","793255","46","124948805"
"chr6","125908180","125908477","KN295987v1","133153","133451","45","125775027"
"chr6","125909960","125910257","KN294239v1","344639","344929","46","125565321"
"chr6","126189776","126190093","KN296635v1","4969030","4969343","44","121220746"
"chr6","126247841","126248151","KN295961v1","20434","20745","42","126227407"
"chr6","126318151","126318431","KN295260v1","1913083","1913369","39","124405068"
"chr6","126349268","126349558","KN294292v1","12015","12314","42","126337253"
"chr6","126403548","126403815","KN296732v1","2489188","2489459","34","123914360"
"chr6","126421315","126421610","KN295362v1","1043462","1043763","41","125377853"
"chr6","126460309","126460574","KN296292v1","58796","59062","34","126401513"
"chr6","126514872","126515166","KN296145v1","740136","740436","36","125774736"
"chr6","126519314","126519625","KN295241v1","325917","326226","41","126193397"
"chr6","126607974","126608268","KN294526v1","334958","335253","36","126273016"
"chr6","126749622","126749891","KN294633v1","21601","21871","38","126728021"
"chr6","126834560","126834871","KN296635v1","2387021","2387331","36","124447539"
"chr6","126851129","126851427","KN294548v1","298072","298371","41","126553057"
"chr6","126851559","126851761","KN296263v1","107832","108045","32","126743727"
"chr6","126853796","126854099","KN294192v1","685274","685575","30","126168522"
"chr6","126858288","126858566","KN296202v1","445113","445395","38","126413175"
"chr6","126928435","126928732","KN296595v1","42365","42662","35","126886070"
"chr6","126931941","126932252","KN294592v1","1321409","1321720","42","125610532"
"chr6","127018186","127018439","KN297154v1","1616670","1616919","41","125401516"
"chr6","127035532","127035824","KN295075v1","236772","237067","29","126798760"
"chr6","127056647","127056944","KN296063v1","1388665","1388960","37","125667982"
"chr6","127087884","127088173","KN294192v1","466212","466487","28","126621672"
"chr6","127110057","127110292","KN296921v1","438156","438387","26","126671901"
"chr6","127136248","127136559","KN294269v1","550588","550887","44","126585660"
"chr6","127146841","127147112","KN294192v1","406367","406641","25","126740474"
"chr6","127184501","127184778","KN294470v1","2130181","2130453","40","125054320"
"chr6","127189336","127189639","KN294521v1","509491","509791","40","126679845"
"chr6","127215338","127215638","KN296404v1","1150048","1150343","37","126065290"
"chr6","127346985","127347276","KN294571v1","890748","891049","45","126456237"
"chr6","127355606","127355854","KN295869v1","969223","969467","39","126386383"
"chr6","127362840","127363134","KN296079v1","1006256","1006552","30","126356584"
"chr6","127396555","127396843","KN294192v1","150077","150366","32","127246478"
"chr6","127536863","127537176","KN294192v1","6724","7041","24","127530139"
"chr6","127568455","127568761","KN296485v1","541954","542254","40","127026501"
"chr6","127631653","127631969","KN295913v1","55210","55520","31","127576443"
"chr6","127782550","127782848","KN294582v1","760184","760481","23","127022366"
"chr6","127950977","127951269","KN294582v1","609191","609498","38","127341786"
"chr6","128054346","128054625","KN294251v1","1151512","1151787","47","126902834"
"chr6","128060441","128060735","KN294181v1","1579076","1579376","47","126481365"
"chr6","128069153","128069458","KN294582v1","489507","489803","44","127579646"
"chr6","128218380","128218690","KN294582v1","332593","332896","34","127885787"
"chr6","128267992","128268296","KN294582v1","278016","278311","38","127989976"
"chr6","128276186","128276493","KN294582v1","269399","269695","35","128006787"
"chr6","128324346","128324648","KN294582v1","214900","215199","23","128109446"
"chr6","128504171","128504428","KN296205v1","605905","606163","35","127898266"
"chr6","128530023","128530334","KN297274v1","1207904","1208213","40","127322119"
"chr6","128531060","128531352","KN295394v1","556635","556929","42","127974425"
"chr6","128571293","128571557","KN296311v1","6402776","6403039","32","122168517"
"chr6","128596442","128596734","KN296486v1","1726381","1726674","31","126870061"
"chr6","128598143","128598443","KN297154v1","1028437","1028736","34","127569706"
"chr6","128607514","128607810","KN297133v1","453124","453424","50","128154390"
"chr6","128628489","128628781","KN294326v1","619990","620278","37","128008499"
"chr6","128632632","128632914","KN295459v1","265592","265874","36","128367040"
"chr6","128635962","128636237","KN294911v1","1390696","1390976","51","127245266"
"chr6","128654224","128654508","KN295371v1","448057","448341","31","128206167"
"chr6","128672698","128673006","KN294809v1","14210","14514","30","128658488"
"chr6","128673158","128673385","KN294809v1","15821","16051","45","128657337"
"chr6","128691237","128691534","KN295523v1","3166167","3166457","32","125525070"
"chr6","128701983","128702290","KN294377v1","119949","120256","39","128582034"
"chr6","128710825","128711061","KN294809v1","52093","52329","37","128658732"
"chr6","128711185","128711497","KN294809v1","52455","52767","23","128658730"
"chr6","128814036","128814277","KN294262v1","1067417","1067656","41","127746619"
"chr6","128962978","128963261","KN297190v1","4412117","4412402","39","124550861"
"chr6","129141344","129141683","KN294257v1","2642468","2642800","43","126498876"
"chr6","129152114","129152402","KN294893v1","536090","536383","43","128616024"
"chr6","129171098","129171412","KN295301v1","761923","762233","46","128409175"
"chr6","129202291","129202585","KN296153v1","1115266","1115561","39","128087025"
"chr6","129309835","129310112","KN294809v1","640284","640556","38","128669551"
"chr6","129314684","129314953","KN294809v1","645155","645424","16","128669529"
"chr6","129379122","129379432","KN294879v1","533741","534047","51","128845381"
"chr6","129404068","129404348","KN297190v1","1120539","1120821","40","128283529"
"chr6","129478136","129478433","KN295893v1","5868753","5869051","38","123609383"
"chr6","129493437","129493760","KN294809v1","828564","828874","62","128664873"
"chr6","129576122","129576421","KN294809v1","911383","911683","37","128664739"
"chr6","129608126","129608306","KN296486v1","718646","718817","26","128889480"
"chr6","129699946","129700246","KN294571v1","324803","325104","33","129375143"
"chr6","129721291","129721601","KN294790v1","2480212","2480521","39","127241079"
"chr6","129861015","129861317","KN294809v1","1190830","1191128","35","128670185"
"chr6","129994455","129994746","KN294809v1","1331566","1331861","32","128662889"
"chr6","130030525","130030811","KN295729v1","826689","826980","36","129203836"
"chr6","130054573","130054857","KN294193v1","284552","284836","33","129770021"
"chr6","130278335","130278575","KN297186v1","50383","50628","46","130227952"
"chr6","130287840","130288129","KN295930v1","360476","360764","45","129927364"
"chr6","130295329","130295486","KN294693v1","121784","121934","27","130173545"
"chr6","130313650","130313962","KN294809v1","1637307","1637616","35","128676343"
"chr6","130318230","130318551","KN296306v1","1908527","1908848","45","128409703"
"chr6","130335903","130336183","KN295459v1","1101140","1101421","38","129234763"
"chr6","130342434","130342712","KN294809v1","1665361","1665639","22","128677073"
"chr6","130350931","130351218","KN296503v1","384696","384982","34","129966235"
"chr6","130456540","130456852","KN294278v1","138005","138315","52","130318535"
"chr6","130492501","130492780","KN295893v1","7231259","7231537","43","123261242"
"chr6","130628510","130628806","KN294569v1","507618","507921","39","130120892"
"chr6","130660967","130661279","KN296090v1","89328","89638","38","130571639"
"chr6","130697140","130697443","KN295091v1","2259731","2260040","30","128437409"
"chr6","130726425","130726724","KN294292v1","12015","12314","36","130714410"
"chr6","130822557","130822765","KN295977v1","1276894","1277103","44","129545663"
"chr6","130988039","130988332","KN294446v1","1094059","1094349","38","129893980"
"chr6","131007254","131007561","KN295034v1","280827","281133","48","130726427"
"chr6","131017226","131017505","KN297165v1","2779028","2779304","35","128238198"
"chr6","131135908","131136219","KN294879v1","533741","534047","42","130602167"
"chr6","131137275","131137556","KN295977v1","1361274","1361557","37","129776001"
"chr6","131156434","131156732","KN296357v1","559775","560070","40","130596659"
"chr6","131218165","131218461","KN296153v1","3200799","3201096","43","128017366"
"chr6","131219914","131220170","KN296349v1","65532","65784","42","131154382"
"chr6","131228003","131228286","KN295371v1","448057","448341","31","130779946"
"chr6","131270518","131270826","KN297442v1","1612430","1612738","38","129658088"
"chr6","131279325","131279618","KN294650v1","27151","27445","28","131252174"
"chr6","131281994","131282191","KN294957v1","73265","73439","54","131208729"
"chr6","131374131","131374421","KN295835v1","84846","85139","35","131289285"
"chr6","131449668","131449942","KN294863v1","436560","436834","33","131013108"
"chr6","131518555","131518852","KN295022v1","733211","733510","37","130785344"
"chr6","131537673","131537975","KN295977v1","1131033","1131330","31","130406640"
"chr6","131546050","131546347","KN295977v1","1404071","1404366","31","130141979"
"chr6","131554205","131554464","KN297184v1","925775","926049","44","130628430"
"chr6","131598381","131598662","KN297242v1","2046546","2046825","33","129551835"
"chr6","131599951","131600262","KN294451v1","1141978","1142279","52","130457973"
"chr6","131624843","131625140","KN294539v1","1287945","1288241","34","130336898"
"chr6","131653666","131653935","KN294429v1","8301","8569","40","131645365"
"chr6","131701831","131702070","KN295995v1","1116152","1116390","36","130585679"
"chr6","131728887","131729182","KN294470v1","2136945","2137241","29","129591942"
"chr6","131771224","131771533","KN294470v1","2136945","2137241","40","129634279"
"chr6","131772015","131772297","KN294790v1","3853980","3854267","29","127918035"
"chr6","131808035","131808334","KN294326v1","309006","309309","35","131499029"
"chr6","131808646","131808970","KN296306v1","1908527","1908848","45","129900119"
"chr6","131816919","131817216","KN295198v1","274974","275272","38","131541945"
"chr6","132051349","132051661","KN297190v1","4279665","4279973","41","127771684"
"chr6","132062405","132062658","KN297112v1","1049256","1049509","42","131013149"
"chr6","132128634","132128932","KN294187v1","1109661","1109959","29","131018973"
"chr6","132174898","132175204","KN295077v1","613765","614075","38","131561133"
"chr6","132182610","132182922","KN294957v1","62097","62408","40","132120513"
"chr6","132247725","132248033","KN294873v1","1371236","1371543","30","130876489"
"chr6","132273614","132273922","KN296244v1","448160","448468","47","131825454"
"chr6","132328400","132328669","KN296643v1","682501","682769","41","131645899"
"chr6","132372211","132372502","KN294599v1","1100540","1100831","32","131271671"
"chr6","132374083","132374387","KN296430v1","1105044","1105344","37","131269039"
"chr6","132400825","132400999","KN296281v1","205219","205386","24","132195606"
"chr6","132404528","132404818","KN294662v1","54879","55172","38","132349649"
"chr6","132437261","132437581","KN297184v1","1406279","1406594","40","131030982"
"chr6","132452303","132452600","KN294603v1","111945","112247","38","132340358"
"chr6","132502198","132502501","KN295302v1","361165","361469","34","132141033"
"chr6","132503962","132504241","KN296541v1","180995","181280","34","132322967"
"chr6","132504869","132505140","KN295303v1","23855","24124","45","132481014"
"chr6","132552387","132552669","KN295883v1","426000","426273","45","132126387"
"chr6","132568301","132568490","KN295236v1","3402541","3402725","35","129165760"
"chr6","132785313","132785625","KN295825v1","1283594","1283904","47","131501719"
"chr6","132808946","132809234","KN297197v1","197080","197368","38","132611866"
"chr6","132877590","132877890","KN294172v1","822922","823215","58","132054668"
"chr6","132879181","132879492","KN295366v1","78980","79290","35","132800201"
"chr6","132958228","132958535","KN297203v1","1243976","1244285","47","131714252"
"chr6","133005669","133005943","KN295814v1","158538","158819","42","132847131"
"chr6","133012572","133012896","KN294539v1","731457","731778","53","132281115"
"chr6","133015108","133015419","KN296157v1","885718","886029","35","132129390"
"chr6","133022037","133022333","KN296557v1","13515","13811","36","133008522"
"chr6","133039256","133039535","KN295371v1","448057","448341","43","132591199"
"chr6","133052889","133053154","KN294172v1","4940663","4940925","41","128112226"
"chr6","133056098","133056252","KN296210v1","200591","200747","26","132855507"
"chr6","133176522","133176852","KN295994v1","219265","219585","58","132957257"
"chr6","133188720","133189007","KN297274v1","1863027","1863315","39","131325693"
"chr6","133194868","133195165","KN295430v1","1217885","1218183","39","131976983"
"chr6","133217749","133218047","KN294172v1","6714431","6714730","42","126503318"
"chr6","133237680","133237975","KN295871v1","681623","681917","38","132556057"
"chr6","133415977","133416278","KN295090v1","2638275","2638571","37","130777702"
"chr6","133421861","133422145","KN295152v1","295143","295428","56","133126718"
"chr6","133496457","133496776","KN294302v1","375312","375628","44","133121145"
"chr6","133653011","133653303","KN296921v1","483765","484057","37","133169246"
"chr6","133688912","133689201","KN297146v1","129898","130192","35","133559014"
"chr6","133691064","133691354","KN295601v1","2349686","2349969","46","131341378"
"chr6","133705181","133705487","KN296167v1","450049","450355","41","133255132"
"chr6","133794549","133794859","KN294181v1","1370167","1370478","39","132424382"
"chr6","133855611","133855891","KN295294v1","914143","914426","37","132941468"
"chr6","133908409","133908717","KN294630v1","686727","687035","40","133221682"
"chr6","133997008","133997280","KN296864v1","1076694","1076968","44","132920314"
"chr6","134018161","134018465","KN295315v1","2398145","2398452","39","131620016"
"chr6","134024884","134025177","KN297171v1","2628817","2629092","58","131396067"
"chr6","134027276","134027603","KN295366v1","311764","312074","56","133715512"
"chr6","134048682","134048993","KN294630v1","230862","231169","45","133817820"
"chr6","134054045","134054351","KN295748v1","161587","161896","37","133892458"
"chr6","134070710","134070995","KN296138v1","3145","3429","34","134067565"
"chr6","134072914","134073221","KN294873v1","1663394","1663694","43","132409520"
"chr6","134086107","134086398","KN295923v1","880754","881043","41","133205353"
"chr6","134100384","134100684","KN294717v1","270152","270451","43","133830232"
"chr6","134120946","134121246","KN294603v1","111945","112247","33","134009001"
"chr6","134121278","134121331","KN296096v1","2690101","2690141","24","131431177"
"chr6","134122207","134122494","KN295352v1","439845","440138","38","133682362"
"chr6","134161276","134161575","KN295893v1","5639294","5639593","35","128521982"
"chr6","134163861","134164180","KN296404v1","905014","905324","62","133258847"
"chr6","134207737","134208033","KN296921v1","2918407","2918707","36","131289330"
"chr6","134213646","134213932","KN296201v1","2654662","2654949","44","131558984"
"chr6","134232787","134233073","KN294457v1","696610","696897","52","133536177"
"chr6","134245345","134245644","KN294539v1","1287945","1288241","37","132957400"
"chr6","134260231","134260522","KN296849v1","602649","602946","40","133657582"
"chr6","134319190","134319489","KN295077v1","691938","692244","39","133627252"
"chr6","134392363","134392674","KN296108v1","367713","368015","39","134024650"
"chr6","134445997","134446302","KN294187v1","783464","783769","45","133662533"
"chr6","134475630","134475940","KN294911v1","2842843","2843153","41","131632787"
"chr6","134489679","134489990","KN295198v1","580592","580899","49","133909087"
"chr6","134542669","134542969","KN294873v1","1602078","1602381","35","132940591"
"chr6","134559174","134559484","KN296167v1","450049","450355","34","134109125"
"chr6","134569098","134569396","KN294470v1","2136945","2137241","38","132432153"
"chr6","134576303","134576597","KN295729v1","826689","826980","30","133749614"
"chr6","134637771","134638068","KN296513v1","2047464","2047766","49","132590307"
"chr6","134692935","134693196","KN295983v1","1897732","1898001","32","132795203"
"chr6","134697803","134698100","KN296547v1","396597","396892","34","134301206"
"chr6","134699898","134700136","KN297227v1","22563","22795","45","134677335"
"chr6","134802636","134802933","KN294539v1","1287945","1288241","32","133514691"
"chr6","134867385","134867675","KN297144v1","518320","518605","48","134349065"
"chr6","135033232","135033526","KN295236v1","1479017","1479312","32","133554215"
"chr6","135114940","135115252","KN297445v1","1509310","1509621","36","133605630"
"chr6","135145958","135146265","KN296096v1","2698005","2698314","42","132447953"
"chr6","135148382","135148550","KN296153v1","1178114","1178285","26","133970268"
"chr6","135206190","135206396","KN296426v1","64367","64561","38","135141823"
"chr6","135219556","135219865","KN295825v1","875942","876247","39","134343614"
"chr6","135230103","135230381","KN296192v1","176651","176935","45","135053452"
"chr6","135269646","135269956","KN296404v1","1423465","1423767","40","133846181"
"chr6","135278886","135279179","KN294214v1","1840409","1840705","52","133438477"
"chr6","135347967","135348304","KN295533v1","2697844","2698176","57","132650123"
"chr6","135403697","135404000","KN296244v1","661876","662181","39","134741821"
"chr6","135424515","135424718","KN295236v1","3402541","3402725","46","132021974"
"chr6","135424719","135424981","KN295633v1","519840","520096","48","134904879"
"chr6","135440700","135440994","KN294172v1","6434661","6434945","48","129006039"
"chr6","135452302","135452594","KN296577v1","98091","98385","34","135354211"
"chr6","135463610","135463918","KN294790v1","4439160","4439467","39","131024450"
"chr6","135464069","135464371","KN294603v1","111945","112247","40","135352124"
"chr6","135472122","135472453","KN295835v1","84846","85139","78","135387276"
"chr6","135495839","135496154","KN295748v1","161587","161896","38","135334252"
"chr6","135496363","135496664","KN296635v1","2850039","2850337","40","132646324"
"chr6","135501598","135501906","KN294548v1","328774","329084","39","135172824"
"chr6","135512881","135513167","KN297095v1","57865","58149","37","135455016"
"chr6","135514599","135514909","KN295366v1","78980","79290","34","135435619"
"chr6","135531709","135532018","KN294758v1","1368085","1368391","42","134163624"
"chr6","135534242","135534536","KN297133v1","929740","930035","38","134604502"
"chr6","135540267","135540569","KN294208v1","576366","576666","38","134963901"
"chr6","135541082","135541395","KN295961v1","20434","20745","36","135520648"
"chr6","135544900","135545198","KN296682v1","1930392","1930690","30","133614508"
"chr6","135545767","135546068","KN295459v1","1398303","1398606","39","134147464"
"chr6","135553226","135553525","KN297032v1","184087","184386","37","135369139"
"chr6","135561561","135561845","KN294662v1","218243","218524","42","135343318"
"chr6","135573407","135573713","KN294856v1","158144","158448","42","135415263"
"chr6","135574341","135574604","KN294172v1","1540690","1540957","35","134033651"
"chr6","135589037","135589340","KN294842v1","1466394","1466697","34","134122643"
"chr6","135592142","135592377","KN296486v1","1376364","1376586","57","134215778"
"chr6","135607414","135607709","KN295871v1","615076","615373","34","134992338"
"chr6","135620724","135621041","KN296503v1","58212","58521","50","135562512"
"chr6","135626254","135626555","KN296311v1","2283043","2283345","37","133343211"
"chr6","135628430","135628729","KN296557v1","13515","13811","37","135614915"
"chr6","135641648","135641944","KN296153v1","1090111","1090408","31","134551537"
"chr6","135648637","135648871","KN297421v1","329708","329939","36","135318929"
"chr6","135664977","135665277","KN297442v1","1612430","1612738","43","134052547"
"chr6","135683126","135683405","KN296178v1","1038758","1039049","48","134644368"
"chr6","135683726","135683902","KN294245v1","79202","79375","27","135604524"
"chr6","135719327","135719641","KN296486v1","1103602","1103914","40","134615725"
"chr6","135741304","135741620","KN296732v1","505664","505970","37","135235640"
"chr6","135753654","135753959","KN296303v1","514845","515157","34","135238809"
"chr6","135761001","135761310","KN295034v1","280827","281133","37","135480174"
"chr6","135761390","135761671","KN296681v1","744495","744775","39","135016895"
"chr6","135763007","135763316","KN296303v1","514845","515157","32","135248162"
"chr6","135777345","135777628","KN296096v1","2977999","2978280","43","132799346"
"chr6","135805315","135805624","KN295315v1","838409","838715","43","134966906"
"chr6","135821745","135822051","KN295045v1","181971","182282","44","135639774"
"chr6","135848420","135848719","KN296487v1","131647","131949","32","135716773"
"chr6","135850836","135851149","KN297398v1","53396","53704","40","135797440"
"chr6","135919852","135920178","KN294278v1","138005","138315","56","135781847"
"chr6","135948033","135948211","KN294187v1","1212835","1213011","25","134735198"
"chr6","135970629","135970943","KN296486v1","235023","235326","52","135735606"
"chr6","135976900","135977199","KN296263v1","786828","787126","42","135190072"
"chr6","136003752","136004056","KN297154v1","940860","941162","36","135062892"
"chr6","136009061","136009377","KN295433v1","4537","4862","50","136004524"
"chr6","136011903","136012196","KN296435v1","210332","210630","34","135801571"
"chr6","136024176","136024487","KN296404v1","2534470","2534781","44","133489706"
"chr6","136047948","136048204","KN295490v1","43581","43843","46","136004367"
"chr6","136048632","136048906","KN294375v1","918462","918749","30","135130170"
"chr6","136053538","136053839","KN294571v1","1575904","1576204","37","134477634"
"chr6","136076464","136076777","KN297259v1","1820010","1820317","41","134256454"
"chr6","136079770","136080076","KN294375v1","891625","891917","40","135188145"
"chr6","136093713","136094012","KN294375v1","877360","877659","31","135216353"
"chr6","136095874","136096169","KN294182v1","794404","794699","35","135301470"
"chr6","136105049","136105361","KN294375v1","866092","866404","26","135238957"
"chr6","136132911","136133201","KN295090v1","1516878","1517168","38","134616033"
"chr6","136153652","136153953","KN294375v1","816760","817067","35","135336892"
"chr6","136198335","136198631","KN295607v1","4406348","4406645","30","131791987"
"chr6","136227230","136227519","KN294375v1","750877","751156","30","135476353"
"chr6","136236862","136237159","KN295977v1","1131033","1131330","32","135105829"
"chr6","136274109","136274405","KN294429v1","37988","38273","37","136236121"
"chr6","136358018","136358319","KN294375v1","618999","619297","31","135739019"
"chr6","136382534","136382840","KN294375v1","594180","594473","34","135788354"
"chr6","136401674","136401958","KN294470v1","2937062","2937338","51","133464612"
"chr6","136407417","136407719","KN294375v1","564379","564689","36","135843038"
"chr6","136449282","136449567","KN295371v1","448057","448341","41","136001225"
"chr6","136461790","136462094","KN295255v1","134233","134538","36","136327557"
"chr6","136473712","136474001","KN295059v1","242847","243129","31","136230865"
"chr6","136479020","136479326","KN294375v1","489480","489786","24","135989540"
"chr6","136483500","136483783","KN294375v1","485032","485319","31","135998468"
"chr6","136531866","136532177","KN295722v1","1373842","1374147","38","135158024"
"chr6","136552603","136552902","KN294375v1","416941","417255","39","136135662"
"chr6","136630692","136630977","KN294375v1","340621","340901","31","136290071"
"chr6","136633623","136633932","KN294375v1","337677","337981","24","136295946"
"chr6","136641637","136641955","KN294375v1","329066","329376","37","136312571"
"chr6","136667560","136667857","KN296153v1","355717","356018","35","136311843"
"chr6","136670781","136671072","KN294456v1","1143112","1143404","34","135527669"
"chr6","136672313","136672608","KN294375v1","296778","297073","26","136375535"
"chr6","136684655","136684838","KN297450v1","28864","29036","32","136655791"
"chr6","136728615","136728896","KN294375v1","229206","229487","26","136499409"
"chr6","136732548","136732843","KN295480v1","1302107","1302401","39","135430441"
"chr6","136801354","136801633","KN297154v1","1118620","1118907","42","135682734"
"chr6","136837679","136837944","KN295984v1","2913126","2913389","49","133924553"
"chr6","136920574","136920760","KN296426v1","64367","64561","34","136856207"
"chr6","136964822","136965129","KN295607v1","4377455","4377758","34","132587367"
"chr6","137026293","137026583","KN295671v1","310148","310439","38","136716145"
"chr6","137230445","137230745","KN296062v1","789180","789482","39","136441265"
"chr6","137230758","137231054","KN294790v1","163386","163690","34","137067372"
"chr6","137332210","137332515","KN294698v1","82925","83236","39","137249285"
"chr6","137420954","137421249","KN294172v1","4731014","4731305","37","132689940"
"chr6","137595284","137595575","KN295032v1","307103","307398","40","137288181"
"chr6","137635110","137635404","KN296153v1","1115266","1115561","32","136519844"
"chr6","137636168","137636444","KN296844v1","46055","46342","43","137590113"
"chr6","137644132","137644434","KN294457v1","3524859","3525158","44","134119273"
"chr6","137656669","137656934","KN297138v1","246453","246718","38","137410216"
"chr6","137675859","137676124","KN296538v1","1283628","1283880","40","136392231"
"chr6","137704451","137704739","KN296682v1","4766117","4766412","46","132938334"
"chr6","137778303","137778611","KN296357v1","431311","431620","35","137346992"
"chr6","137874138","137874426","KN294548v1","1288403","1288690","43","136585735"
"chr6","137932397","137932713","KN296311v1","767533","767832","60","137164864"
"chr6","137945817","137946091","KN295923v1","880754","881043","49","137065063"
"chr6","137950090","137950390","KN296311v1","7673201","7673504","42","130276889"
"chr6","137964577","137964873","KN294470v1","2397485","2397775","31","135567092"
"chr6","137980042","137980350","KN296502v1","1403084","1403395","33","136576958"
"chr6","138005310","138005624","KN296484v1","351750","352061","43","137653560"
"chr6","138041617","138041922","KN295607v1","4377455","4377758","39","133664162"
"chr6","138064020","138064320","KN295607v1","4377455","4377758","36","133686565"
"chr6","138080406","138080715","KN297023v1","662519","662830","45","137417887"
"chr6","138102807","138103105","KN296682v1","1930392","1930690","41","136172415"
"chr6","138107697","138107995","KN296062v1","2267975","2268268","46","135839722"
"chr6","138114312","138114635","KN294806v1","260010","260325","46","137854302"
"chr6","138117435","138117739","KN295586v1","2881880","2882183","41","135235555"
"chr6","138143901","138144203","KN296119v1","1735099","1735396","35","136408802"
"chr6","138158508","138158785","KN294777v1","603434","603706","35","137555074"
"chr6","138164213","138164496","KN294181v1","1462427","1462712","37","136701786"
"chr6","138169886","138170184","KN295988v1","704187","704482","33","137465699"
"chr6","138175549","138175844","KN295729v1","826689","826980","37","137348860"
"chr6","138192014","138192317","KN296588v1","1139291","1139597","46","137052723"
"chr6","138207562","138207860","KN296634v1","649654","649947","43","137557908"
"chr6","138221928","138222217","KN294210v1","1472464","1472760","36","136749464"
"chr6","138279989","138280297","KN294592v1","1321409","1321720","32","136958580"
"chr6","138329443","138329743","KN296153v1","1910495","1910790","34","136418948"
"chr6","138360615","138360825","KN296263v1","107832","108045","39","138252783"
"chr6","138370031","138370338","KN296955v1","218006","218312","38","138152025"
"chr6","138372285","138372584","KN296153v1","2873301","2873603","56","135498984"
"chr6","138374727","138375043","KN297050v1","181609","181918","44","138193118"
"chr6","138401015","138401294","KN297165v1","2779028","2779304","50","135621987"
"chr6","138441203","138441482","KN297186v1","1381942","1382225","38","137059261"
"chr6","138623758","138624044","KN294644v1","85408","85699","34","138538350"
"chr6","138671635","138671859","KN295236v1","80023","80248","58","138591612"
"chr6","138716392","138716693","KN294842v1","1466394","1466697","35","137249998"
"chr6","138796885","138797181","KN297274v1","2049011","2049306","48","136747874"
"chr6","138833633","138833913","KN295601v1","2149937","2150218","38","136683696"
"chr6","138903015","138903274","KN294218v1","2753577","2753834","35","136149438"
"chr6","138937928","138938237","KN296040v1","575673","575981","37","138362255"
"chr6","139069863","139070161","KN295198v1","274974","275272","26","138794889"
"chr6","139158999","139159312","KN297340v1","82618","82927","42","139076381"
"chr6","139165805","139166112","KN294790v1","163386","163690","48","139002419"
"chr6","139189999","139190298","KN294964v1","1171001","1171302","42","138018998"
"chr6","139211008","139211308","KN296312v1","48923","49212","46","139162085"
"chr6","139340542","139340783","KN295869v1","1570001","1570244","52","137770541"
"chr6","139365493","139365793","KN295459v1","673095","673397","42","138692398"
"chr6","139373935","139374231","KN296175v1","228274","228571","35","139145661"
"chr6","139471365","139471653","KN295814v1","158538","158819","50","139312827"
"chr6","139481644","139481940","KN296040v1","630892","631192","38","138850752"
"chr6","139515493","139515793","KN295855v1","83587","83886","41","139431906"
"chr6","139518395","139518694","KN295855v1","83587","83886","41","139434808"
"chr6","139551972","139552276","KN294269v1","585380","585685","45","138966592"
"chr6","139562700","139562990","KN294879v1","341999","342291","35","139220701"
"chr6","139564491","139564792","KN295883v1","173429","173738","37","139391062"
"chr6","139580084","139580377","KN294501v1","38531","38824","34","139541553"
"chr6","139599326","139599644","KN296311v1","3556438","3556761","51","136042888"
"chr6","139616345","139616652","KN295883v1","173429","173738","35","139442916"
"chr6","139625419","139625716","KN295107v1","300735","301027","47","139324684"
"chr6","139643425","139643730","KN294456v1","1098138","1098439","34","138545287"
"chr6","139653201","139653494","KN294234v1","389524","389825","50","139263677"
"chr6","139659787","139660084","KN295523v1","3030953","3031248","41","136628834"
"chr6","139711262","139711550","KN295198v1","274974","275272","49","139436288"
"chr6","139718837","139719134","KN295091v1","2692987","2693285","36","137025850"
"chr6","139732866","139733176","KN297403v1","161523","161831","40","139571343"
"chr6","139752160","139752454","KN295729v1","826689","826980","36","138925471"
"chr6","139783663","139783966","KN295605v1","462802","463102","36","139320861"
"chr6","139818854","139819154","KN294372v1","2629158","2629456","34","137189696"
"chr6","139838853","139839158","KN295241v1","239249","239550","35","139599604"
"chr6","139887428","139887735","KN295744v1","595594","595902","33","139291834"
"chr6","139899170","139899468","KN294571v1","1575904","1576204","33","138323266"
"chr6","139940199","139940508","KN295102v1","81555","81863","27","139858644"
"chr6","139961824","139962004","KN296577v1","160723","160900","30","139801101"
"chr6","139970993","139971211","KN297219v1","2668252","2668464","39","137302741"
"chr6","139977358","139977652","KN297197v1","699015","699311","43","139278343"
"chr6","139978405","139978700","KN295871v1","681623","681917","38","139296782"
"chr6","139981508","139981811","KN294456v1","592934","593237","43","139388574"
"chr6","139991002","139991300","KN297245v1","1416081","1416379","35","138574921"
"chr6","140023263","140023559","KN294239v1","344639","344929","45","139678624"
"chr6","140039657","140039966","KN294957v1","62097","62408","38","139977560"
"chr6","140044890","140045185","KN294937v1","266","558","36","140044624"
"chr6","140072383","140072643","KN294604v1","515332","515604","42","139557051"
"chr6","140076557","140076853","KN294457v1","990718","991014","28","139085839"
"chr6","140077768","140078065","KN296430v1","1105044","1105344","34","138972724"
"chr6","140094835","140095138","KN296750v1","177318","177624","38","139917517"
"chr6","140105839","140106133","KN295526v1","764551","764853","40","139341288"
"chr6","140116642","140116943","KN295394v1","556635","556929","50","139560007"
"chr6","140119058","140119277","KN295034v1","1046797","1047016","41","139072261"
"chr6","140120910","140121208","KN296153v1","2873301","2873603","45","137247609"
"chr6","140125792","140126103","KN296153v1","863239","863546","41","139262553"
"chr6","140133770","140134072","KN296503v1","539763","540066","32","139594007"
"chr6","140142526","140142812","KN297078v1","1507520","1507800","44","138635006"
"chr6","140172122","140172420","KN296732v1","2937672","2937976","39","137234450"
"chr6","140175654","140175964","KN295633v1","2352774","2353077","46","137822880"
"chr6","140188519","140188826","KN296303v1","514845","515157","35","139673674"
"chr6","140201735","140201914","KN296620v1","725178","725346","29","139476557"
"chr6","140205335","140205646","KN297442v1","1612430","1612738","38","138592905"
"chr6","140237547","140237856","KN295814v1","1059254","1059558","36","139178293"
"chr6","140251385","140251689","KN295722v1","630702","631007","40","139620683"
"chr6","140266833","140267138","KN294548v1","1161001","1161308","28","139105832"
"chr6","140271797","140272103","KN294239v1","278186","278496","44","139993611"
"chr6","140334526","140334835","KN295319v1","93746","94048","40","140240780"
"chr6","140357747","140358000","KN296311v1","2691088","2691346","38","137666659"
"chr6","140376136","140376316","KN294187v1","1212835","1213011","26","139163301"
"chr6","140415473","140415769","KN297274v1","1730486","1730783","35","138684987"
"chr6","140417302","140417613","KN294453v1","23988","24299","38","140393314"
"chr6","140443968","140444279","KN296484v1","351750","352061","37","140092218"
"chr6","140474353","140474627","KN294604v1","515332","515604","35","139959021"
"chr6","140476261","140476573","KN296877v1","37303","37614","45","140438958"
"chr6","140482777","140483059","KN295977v1","1404071","1404366","41","139078706"
"chr6","140484567","140484831","KN295308v1","2111450","2111713","28","138373117"
"chr6","140524341","140524632","KN295729v1","826689","826980","36","139697652"
"chr6","140621645","140621944","KN295057v1","262113","262411","39","140359532"
"chr6","140643433","140643738","KN294837v1","182001","182307","45","140461432"
"chr6","140673233","140673527","KN297008v1","6066461","6066760","44","134606772"
"chr6","140676204","140676497","KN294539v1","1287945","1288241","39","139388259"
"chr6","140693740","140694030","KN295366v1","124181","124471","32","140569559"
"chr6","140725858","140726151","KN294987v1","1477069","1477366","36","139248789"
"chr6","140772849","140773153","KN296821v1","378397","378698","37","140394452"
"chr6","140784093","140784424","KN295596v1","1567069","1567403","42","139217024"
"chr6","140814087","140814333","KN295869v1","1570001","1570244","39","139244086"
"chr6","140827504","140827733","KN296921v1","438156","438387","28","140389348"
"chr6","140831648","140831893","KN295869v1","969223","969467","34","139862425"
"chr6","140846411","140846697","KN295166v1","236276","236563","41","140610135"
"chr6","140849523","140849828","KN294630v1","686727","687035","41","140162796"
"chr6","140853365","140853679","KN294176v1","294222","294532","36","140559143"
"chr6","140871022","140871324","KN297190v1","6035586","6035888","38","134835436"
"chr6","140941686","140941986","KN297219v1","2267303","2267604","33","138674383"
"chr6","140943994","140944287","KN294229v1","110402","110697","37","140833592"
"chr6","140946659","140946957","KN295497v1","461211","461511","37","140485448"
"chr6","140984368","140984674","KN294964v1","1228028","1228337","42","139756340"
"chr6","140992624","140992931","KN297154v1","88894","89201","40","140903730"
"chr6","140996682","140996997","KN296484v1","351750","352061","40","140644932"
"chr6","141124025","141124334","KN294790v1","163386","163690","42","140960639"
"chr6","141130270","141130514","KN294269v1","1140120","1140374","41","139990150"
"chr6","141187500","141187792","KN297044v1","869110","869403","39","140318390"
"chr6","141399688","141399983","KN294539v1","1287945","1288241","33","140111743"
"chr6","141487792","141488113","KN294472v1","193981","194295","43","141293811"
"chr6","141534097","141534408","KN296682v1","4855759","4856070","36","136678338"
"chr6","141552893","141553187","KN296726v1","608259","608551","42","140944634"
"chr6","141606566","141606852","KN295729v1","826689","826980","30","140779877"
"chr6","141676985","141677272","KN294172v1","6693401","6693683","43","134983584"
"chr6","141839512","141839827","KN294592v1","1381893","1382209","37","140457619"
"chr6","141858108","141858426","KN296731v1","1167793","1168104","44","140690315"
"chr6","141913817","141914134","KN296507v1","380067","380370","54","141533750"
"chr6","141990433","141990744","KN294326v1","309006","309309","40","141681427"
"chr6","142004582","142004880","KN296153v1","145968","146263","40","141858614"
"chr6","142078432","142078733","KN294457v1","990718","991014","37","141087714"
"chr6","142079386","142079660","KN296833v1","94676","94959","44","141984710"
"chr6","142102145","142102459","KN295962v1","1686641","1686938","55","140415504"
"chr6","142211676","142211981","KN294790v1","163386","163690","42","142048290"
"chr6","142239233","142239542","KN296484v1","351750","352061","35","141887483"
"chr6","142247628","142247896","KN294470v1","2065718","2065977","51","140181910"
"chr6","142289785","142290091","KN296244v1","633132","633433","39","141656653"
"chr6","142413771","142414057","KN295923v1","880754","881043","37","141533017"
"chr6","142543751","142544041","KN295256v1","271571","271865","35","142272180"
"chr6","142564499","142564634","KN297133v1","1710713","1710844","47","140853786"
"chr6","142599345","142599615","KN294644v1","1142378","1142643","47","141456967"
"chr6","142683329","142683491","KN296119v1","5564342","5564501","27","137118987"
"chr6","142781055","142781358","KN295534v1","464719","465025","31","142316336"
"chr6","142786725","142787014","KN295172v1","132103","132390","42","142654622"
"chr6","142856836","142857144","KN295534v1","378028","378336","24","142478808"
"chr6","142893181","142893484","KN296311v1","2891003","2891305","37","140002178"
"chr6","142957254","142957566","KN295534v1","280096","280406","30","142677158"
"chr6","143103818","143104103","KN295534v1","94164","94459","38","143009654"
"chr6","143200391","143200668","KN295534v1","1","263","37","143200390"
"chr6","143280027","143280336","KN295893v1","2430995","2431307","41","140849032"
"chr6","143324373","143324665","KN294434v1","711034","711345","59","142613339"
"chr6","143670923","143671210","KN294193v1","568677","568960","38","143102246"
"chr6","143676342","143676643","KN294456v1","1098138","1098439","44","142578204"
"chr6","143731982","143732271","KN294242v1","83923","84209","47","143648059"
"chr6","143734108","143734401","KN294501v1","38531","38824","36","143695577"
"chr6","143920055","143920350","KN296547v1","396597","396892","36","143523458"
"chr6","143935187","143935397","KN297008v1","3139544","3139758","42","140795643"
"chr6","144007865","144008172","KN296849v1","735480","735791","43","143272385"
"chr6","144090656","144090956","KN297386v1","325741","326039","34","143764915"
"chr6","144095447","144095760","KN296486v1","1318978","1319291","47","142776469"
"chr6","144096425","144096742","KN295685v1","981186","981498","49","143115239"
"chr6","144135141","144135436","KN295090v1","1338805","1339099","34","142796336"
"chr6","144236833","144237120","KN296508v1","659940","660226","34","143576893"
"chr6","144257978","144258282","KN294790v1","163386","163690","35","144094592"
"chr6","144420916","144421227","KN295984v1","1302517","1302824","42","143118399"
"chr6","144423465","144423742","KN296096v1","2977999","2978280","37","141445466"
"chr6","144442415","144442742","KN297159v1","3075943","3076251","65","141366472"
"chr6","144469689","144470000","KN297044v1","173447","173756","27","144296242"
"chr6","144523680","144523974","KN294226v1","1079288","1079592","27","143444392"
"chr6","144546354","144546650","KN294226v1","1059307","1059609","25","143487047"
"chr6","144676575","144676884","KN294226v1","930708","931023","34","143745867"
"chr6","144680585","144680873","KN294226v1","926713","927009","34","143753872"
"chr6","144700989","144701300","KN296682v1","4855759","4856070","36","139845230"
"chr6","144741062","144741372","KN294226v1","863815","864126","23","143877247"
"chr6","144747866","144748124","KN294172v1","1540690","1540957","46","143207176"
"chr6","144909306","144909619","KN294226v1","703726","704036","38","144205580"
"chr6","144966098","144966344","KN294172v1","1540690","1540957","45","143425408"
"chr6","145071117","145071417","KN295301v1","716124","716425","44","144354993"
"chr6","145071888","145072209","KN294226v1","539857","540155","39","144532031"
"chr6","145132327","145132637","KN294226v1","479235","479540","37","144653092"
"chr6","145153864","145154157","KN296025v1","234668","234961","39","144919196"
"chr6","145173568","145173731","KN294571v1","155556","155724","28","145018012"
"chr6","145231589","145231890","KN295459v1","673095","673397","32","144558494"
"chr6","145244338","145244613","KN294226v1","365871","366139","28","144878467"
"chr6","145310603","145310901","KN295893v1","5639294","5639593","43","139671309"
"chr6","145374454","145374751","KN294226v1","236103","236407","33","145138351"
"chr6","145374840","145375180","KN294257v1","2642468","2642800","44","142732372"
"chr6","145382881","145383035","KN294226v1","228321","228468","11","145154560"
"chr6","145384370","145384679","KN294226v1","226692","226985","36","145157678"
"chr6","145451251","145451588","KN294226v1","162102","162437","30","145289149"
"chr6","145545130","145545442","KN297008v1","2754056","2754362","38","142791074"
"chr6","145550328","145550637","KN294226v1","63175","63487","22","145487153"
"chr6","145565685","145565985","KN297008v1","1825305","1825608","37","143740380"
"chr6","145631497","145631803","KN294952v1","18792","19090","27","145612705"
"chr6","145640241","145640541","KN294952v1","27505","27803","25","145612736"
"chr6","145642348","145642657","KN294952v1","29499","29808","29","145612849"
"chr6","145722315","145722614","KN295633v1","323295","323596","28","145399020"
"chr6","145733401","145733710","KN294407v1","566097","566407","37","145167304"
"chr6","145752760","145753073","KN296381v1","164762","165073","34","145587998"
"chr6","145780995","145781296","KN294229v1","85719","86027","50","145695276"
"chr6","145797400","145797696","KN294407v1","3027269","3027567","40","142770131"
"chr6","145798285","145798460","KN295034v1","690203","690373","29","145108082"
"chr6","145801762","145802040","KN294485v1","122736","123016","32","145679026"
"chr6","145813205","145813516","KN294485v1","133909","134221","23","145679296"
"chr6","145826797","145827088","KN294485v1","147619","147913","24","145679178"
"chr6","145840820","145841125","KN295236v1","4175917","4176226","51","141664903"
"chr6","145870710","145871013","KN294485v1","193440","193736","31","145677270"
"chr6","145902282","145902510","KN296305v1","689826","690059","33","145212456"
"chr6","145925426","145925731","KN294873v1","1602078","1602381","37","144323348"
"chr6","145926135","145926412","KN294485v1","251507","251784","25","145674628"
"chr6","145964258","145964487","KN295405v1","757351","757593","52","145206907"
"chr6","145997337","145997609","KN297307v1","13662","13928","33","145983675"
"chr6","146009225","146009506","KN295692v1","2428705","2428988","41","143580520"
"chr6","146034388","146034626","KN297186v1","50383","50628","40","145984005"
"chr6","146056826","146057137","KN295459v1","1416836","1417149","43","144639990"
"chr6","146168612","146168916","KN294446v1","240983","241287","33","145927629"
"chr6","146195572","146195880","KN297307v1","228172","228470","39","145967400"
"chr6","146202143","146202453","KN296484v1","351750","352061","34","145850393"
"chr6","146212305","146212612","KN295633v1","323295","323596","45","145889010"
"chr6","146230830","146231129","KN295352v1","1345858","1346165","39","144884972"
"chr6","146256015","146256309","KN297307v1","290165","290449","36","145965850"
"chr6","146256602","146256886","KN295375v1","1350305","1350607","45","144906297"
"chr6","146267472","146267778","KN295907v1","257976","258287","36","146009496"
"chr6","146317663","146317971","KN297159v1","3075943","3076251","32","143241720"
"chr6","146380152","146380433","KN295241v1","197736","198025","34","146182416"
"chr6","146391677","146391977","KN297307v1","422673","422971","29","145969004"
"chr6","146461021","146461314","KN297227v1","294733","295032","37","146166288"
"chr6","146515049","146515332","KN297307v1","554520","554828","44","145960529"
"chr6","146622790","146623085","KN294685v1","778082","778373","30","145844708"
"chr6","146682350","146682654","KN294378v1","1310611","1310912","36","145371739"
"chr6","146685012","146685314","KN297327v1","811573","811871","36","145873439"
"chr6","146779835","146780140","KN294187v1","783464","783769","38","145996371"
"chr6","146803923","146804204","KN297364v1","129580","129868","36","146674343"
"chr6","146866990","146867296","KN296096v1","2698005","2698314","48","144168985"
"chr6","146894720","146895013","KN295846v1","24517","24819","44","146870203"
"chr6","146931081","146931371","KN294375v1","891625","891917","41","146039456"
"chr6","146936210","146936511","KN295480v1","1302107","1302401","35","145634103"
"chr6","146960881","146961175","KN295771v1","49241","49531","30","146911640"
"chr6","146962733","146963030","KN295771v1","51067","51366","32","146911666"
"chr6","146980009","146980291","KN295983v1","653692","653984","37","146326317"
"chr6","147140218","147140497","KN295532v1","49086","49370","45","147091132"
"chr6","147435530","147435825","KN295430v1","2554896","2555197","39","144880634"
"chr6","147592091","147592383","KN295893v1","7262549","7262839","40","140329542"
"chr6","147765649","147765886","KN294945v1","607779","608012","52","147157870"
"chr6","147791638","147791941","KN296580v1","642283","642584","43","147149355"
"chr6","147808357","147808665","KN294407v1","3027269","3027567","38","144781088"
"chr6","147822276","147822582","KN295607v1","4377455","4377758","39","143444821"
"chr6","148254585","148254878","KN296247v1","461552","461844","38","147793033"
"chr6","148341226","148341537","KN295586v1","1244707","1245017","41","147096519"
"chr6","148440832","148440994","KN295667v1","1026814","1026972","33","147414018"
"chr6","148441475","148441790","KN297133v1","950328","950631","47","147491147"
"chr6","148465376","148465678","KN294966v1","57136","57441","34","148408240"
"chr6","148622986","148623275","KN297146v1","129898","130192","40","148493088"
"chr6","148654420","148654733","KN296153v1","863239","863546","48","147791181"
"chr6","148684397","148684698","KN294599v1","747115","747417","20","147937282"
"chr6","148716292","148716611","KN294218v1","50344","50648","53","148665948"
"chr6","148726691","148726999","KN296153v1","4052438","4052745","43","144674253"
"chr6","148729688","148729996","KN296153v1","2365186","2365493","39","146364502"
"chr6","148738908","148739173","KN294599v1","688123","688391","28","148050785"
"chr6","148757642","148757948","KN294599v1","669278","669584","27","148088364"
"chr6","148786417","148786590","KN295236v1","224307","224480","27","148562110"
"chr6","148789426","148789721","KN294599v1","636096","636397","34","148153330"
"chr6","148888485","148888775","KN294325v1","1316006","1316298","40","147572479"
"chr6","148942250","148942537","KN295260v1","1913083","1913369","35","147029167"
"chr6","148956015","148956298","KN294539v1","1287945","1288241","42","147668070"
"chr6","148966936","148967233","KN295998v1","154789","155089","40","148812147"
"chr6","148979832","148980057","KN295405v1","757351","757593","51","148222481"
"chr6","149013384","149013677","KN295241v1","75672","75962","54","148937712"
"chr6","149058106","149058414","KN295883v1","173429","173738","44","148884677"
"chr6","149059493","149059806","KN294599v1","377514","377815","37","148681979"
"chr6","149079015","149079325","KN294630v1","349899","350210","37","148729116"
"chr6","149085922","149086218","KN294599v1","349283","349586","34","148736639"
"chr6","149114920","149115231","KN296404v1","2027749","2028051","43","147087171"
"chr6","149167233","149167533","KN294599v1","266517","266812","32","148900716"
"chr6","149175835","149176143","KN294599v1","254562","254870","27","148921273"
"chr6","149182917","149183226","KN297158v1","212439","212742","43","148970478"
"chr6","149187554","149187853","KN294372v1","2670408","2670710","39","146517146"
"chr6","149266330","149266621","KN294599v1","168204","168510","34","149098126"
"chr6","149269641","149269932","KN294599v1","164864","165152","28","149104777"
"chr6","149279009","149279318","KN297154v1","1039874","1040175","31","148239135"
"chr6","149281336","149281645","KN294599v1","151320","151622","37","149130016"
"chr6","149292717","149292949","KN294599v1","139986","140218","30","149152731"
"chr6","149301038","149301335","KN294599v1","134596","134897","27","149166442"
"chr6","149338041","149338344","KN294599v1","97913","98207","34","149240128"
"chr6","149356543","149356845","KN294879v1","66636","66931","46","149289907"
"chr6","149359728","149360009","KN294599v1","76205","76492","33","149283523"
"chr6","149397247","149397552","KN294599v1","40798","41104","24","149356449"
"chr6","149409192","149409507","KN297038v1","1285540","1285851","36","148123652"
"chr6","149417143","149417432","KN294599v1","20175","20468","24","149396968"
"chr6","149435424","149435731","KN295995v1","1865361","1865672","39","147570063"
"chr6","149517366","149517681","KN296406v1","250415","250727","38","149266951"
"chr6","149542419","149542715","KN297431v1","109242","109538","35","149433177"
"chr6","149603278","149603565","KN297431v1","173150","173455","31","149430128"
"chr6","149610555","149610863","KN297431v1","180781","181091","23","149429774"
"chr6","149670086","149670389","KN295962v1","1884512","1884811","33","147785574"
"chr6","149705737","149706009","KN295835v1","122825","123111","58","149582912"
"chr6","149709231","149709534","KN294535v1","120708","121012","33","149588523"
"chr6","149713344","149713622","KN296406v1","158505","158783","34","149554839"
"chr6","149720339","149720649","KN295883v1","173429","173738","39","149546910"
"chr6","149721739","149722046","KN294181v1","1317427","1317732","42","148404312"
"chr6","149747909","149748218","KN294548v1","1161001","1161308","30","148586908"
"chr6","149767858","149768118","KN295717v1","599155","599421","39","149168703"
"chr6","149776457","149776755","KN297431v1","362106","362404","24","149414351"
"chr6","149777720","149778016","KN297431v1","363347","363639","35","149414373"
"chr6","149785023","149785307","KN294193v1","284552","284836","38","149500471"
"chr6","149794371","149794649","KN294739v1","903971","904241","40","148890400"
"chr6","149803050","149803343","KN297431v1","388569","388860","24","149414481"
"chr6","149814915","149815207","KN297431v1","400758","401053","23","149414157"
"chr6","149831661","149831965","KN294842v1","664297","664599","37","149167364"
"chr6","149852561","149852875","KN297431v1","438409","438712","33","149414152"
"chr6","149857269","149857576","KN297431v1","443238","443542","23","149414031"
"chr6","149885931","149886183","KN295835v1","199186","199432","42","149686745"
"chr6","149887161","149887452","KN297431v1","475725","476010","25","149411436"
"chr6","149887746","149888068","KN295758v1","519572","519892","58","149368174"
"chr6","149898286","149898590","KN296247v1","901747","902047","37","148996539"
"chr6","149905608","149905920","KN296484v1","351750","352061","42","149553858"
"chr6","149909582","149909865","KN296178v1","192117","192397","34","149717465"
"chr6","149918114","149918411","KN294790v1","5279993","5280291","38","144638121"
"chr6","149920651","149920857","KN296426v1","64367","64561","39","149856284"
"chr6","149930264","149930569","KN296682v1","4688204","4688514","49","145242060"
"chr6","149931512","149931820","KN297431v1","524020","524324","23","149407492"
"chr6","149934727","149935034","KN297431v1","527341","527647","31","149407386"
"chr6","149935081","149935373","KN295814v1","1074498","1074794","36","148860583"
"chr6","149942116","149942425","KN297431v1","534284","534595","30","149407832"
"chr6","149950364","149950617","KN296872v1","37090","37341","43","149913274"
"chr6","149954655","149954947","KN294187v1","45047","45343","47","149909608"
"chr6","149965322","149965599","KN296406v1","158505","158783","31","149806817"
"chr6","149981549","149981841","KN295096v1","2965990","2966278","36","147015559"
"chr6","149998438","149998724","KN296460v1","1094534","1094828","50","148903904"
"chr6","150015549","150015852","KN295096v1","457011","457322","41","149558538"
"chr6","150027127","150027433","KN297431v1","617465","617774","35","149409662"
"chr6","150047088","150047379","KN294578v1","240199","240493","33","149806889"
"chr6","150057192","150057502","KN297431v1","648019","648327","22","149409173"
"chr6","150061644","150061941","KN297431v1","652526","652825","24","149409118"
"chr6","150062991","150063291","KN297431v1","653869","654172","32","149409122"
"chr6","150090080","150090112","KN295605v1","731068","731107","12","149359012"
"chr6","150090525","150090773","KN296381v1","250531","250784","36","149839994"
"chr6","150258469","150258797","KN296547v1","627587","627905","41","149630882"
"chr6","150267171","150267479","KN297431v1","870058","870366","20","149397113"
"chr6","150273319","150273613","KN297431v1","877152","877444","24","149396167"
"chr6","150292803","150293091","KN297431v1","893676","893966","19","149399127"
"chr6","150318375","150318674","KN297431v1","924301","924601","21","149394074"
"chr6","150354548","150354847","KN295571v1","203398","203695","33","150151150"
"chr6","150357365","150357668","KN295671v1","56185","56480","45","150301180"
"chr6","150362539","150362832","KN297431v1","963357","963652","28","149399182"
"chr6","150369625","150369912","KN295729v1","826689","826980","40","149542936"
"chr6","150376816","150377116","KN294456v1","612494","612802","53","149764322"
"chr6","150401025","150401336","KN296303v1","514845","515157","26","149886180"
"chr6","150462035","150462344","KN297154v1","1039874","1040175","42","149422161"
"chr6","150486676","150486963","KN295729v1","826689","826980","41","149659987"
"chr6","150490055","150490283","KN295820v1","956662","956899","31","149533393"
"chr6","150519062","150519372","KN294456v1","670507","670817","38","149848555"
"chr6","150531410","150531693","KN296844v1","46055","46342","31","150485355"
"chr6","150579275","150579560","KN296809v1","909370","909660","35","149669905"
"chr6","150632200","150632482","KN294949v1","612975","613269","50","150019225"
"chr6","150678955","150679250","KN295107v1","1024078","1024366","42","149654877"
"chr6","150690937","150691242","KN295430v1","2355601","2355902","41","148335336"
"chr6","150754221","150754513","KN294539v1","1287945","1288241","36","149466276"
"chr6","150795893","150796189","KN297008v1","4661765","4662062","39","146134128"
"chr6","150810885","150811195","KN295366v1","78980","79290","41","150731905"
"chr6","150836725","150836997","KN296486v1","1167419","1167692","34","149669306"
"chr6","150850804","150851101","KN295343v1","729289","729587","30","150121515"
"chr6","150870442","150870598","KN294713v1","386007","386172","27","150484435"
"chr6","150875237","150875543","KN295236v1","6034181","6034484","43","144841056"
"chr6","150879977","150880287","KN294957v1","62097","62408","40","150817880"
"chr6","150908711","150908983","KN295633v1","1133330","1133601","38","149775381"
"chr6","150915187","150915450","KN295940v1","135883","136155","38","150779304"
"chr6","150939468","150939748","KN295930v1","518904","519188","32","150420564"
"chr6","150947213","150947515","KN297023v1","480259","480560","33","150466954"
"chr6","150984684","150984966","KN295102v1","408403","408684","37","150576281"
"chr6","151006037","151006341","KN296290v1","436882","437182","40","150569155"
"chr6","151022362","151022692","KN295117v1","313941","314268","56","150708421"
"chr6","151040115","151040373","KN296594v1","1014103","1014353","41","150026012"
"chr6","151060305","151060485","KN296225v1","431898","432075","35","150628407"
"chr6","151114996","151115290","KN297320v1","1929892","1930187","35","149185104"
"chr6","151120767","151121059","KN296498v1","39342","39625","35","151081425"
"chr6","151121613","151121916","KN297403v1","161523","161831","36","150960090"
"chr6","151129352","151129651","KN294527v1","283192","283491","42","150846160"
"chr6","151130362","151130672","KN295571v1","513084","513393","42","150617278"
"chr6","151132587","151132888","KN295450v1","216457","216756","39","150916130"
"chr6","151135902","151136188","KN296503v1","384696","384982","44","150751206"
"chr6","151149003","151149208","KN296225v1","404775","404977","43","150744228"
"chr6","151162631","151162839","KN296263v1","107832","108045","36","151054799"
"chr6","151164207","151164523","KN296167v1","450049","450355","39","150714158"
"chr6","151183908","151184191","KN296122v1","387098","387375","39","150796810"
"chr6","151210637","151210950","KN296809v1","763161","763473","47","150447476"
"chr6","151211931","151212222","KN296187v1","2317928","2318227","40","148894003"
"chr6","151213639","151213946","KN296502v1","1403084","1403395","39","149810555"
"chr6","151216934","151217226","KN294420v1","822079","822371","35","150394855"
"chr6","151221848","151222135","KN296495v1","1951647","1951933","38","149270201"
"chr6","151229115","151229407","KN296138v1","452937","453216","48","150776178"
"chr6","151229641","151229953","KN294199v1","636506","636815","44","150593135"
"chr6","151232282","151232574","KN297154v1","980045","980337","24","150252237"
"chr6","151234351","151234665","KN295441v1","1531182","1531494","37","149703169"
"chr6","151246218","151246516","KN294790v1","2771318","2771623","46","148474900"
"chr6","151247446","151247747","KN294539v1","1287945","1288241","43","149959501"
"chr6","151249994","151250286","KN296726v1","606731","607020","32","150643263"
"chr6","151259407","151259703","KN296378v1","660680","660977","34","150598727"
"chr6","151268179","151268488","KN294630v1","686727","687035","37","150581452"
"chr6","151269793","151270104","KN295883v1","173429","173738","36","151096364"
"chr6","151275628","151275933","KN294705v1","1537713","1538021","34","149737915"
"chr6","151287094","151287401","KN294548v1","1161001","1161308","38","150126093"
"chr6","151291437","151291746","KN296311v1","1117474","1117774","54","150173963"
"chr6","151296376","151296688","KN295825v1","237107","237411","36","151059269"
"chr6","151296689","151296982","KN295692v1","2914539","2914827","47","148382150"
"chr6","151304757","151304976","KN296139v1","203722","203935","32","151101035"
"chr6","151309823","151310122","KN297245v1","1416081","1416379","34","149893742"
"chr6","151310516","151310806","KN294420v1","822079","822371","40","150488437"
"chr6","151318894","151319179","KN295596v1","2518640","2518934","38","148800254"
"chr6","151325912","151326221","KN294466v1","12634","12944","33","151313278"
"chr6","151348891","151349189","KN294571v1","1575904","1576204","39","149772987"
"chr6","151382766","151383054","KN294937v1","266","558","36","151382500"
"chr6","151386123","151386380","KN294842v1","1491886","1492147","39","149894237"
"chr6","151395607","151395923","KN296201v1","2882175","2882483","43","148513432"
"chr6","151410342","151410634","KN294509v1","346253","346540","34","151064089"
"chr6","151412147","151412359","KN297141v1","158733","158926","57","151253414"
"chr6","151423423","151423587","KN295102v1","122392","122558","23","151301031"
"chr6","151495265","151495556","KN294747v1","841910","842203","47","150653355"
"chr6","151614372","151614669","KN295880v1","98749","99058","35","151515623"
"chr6","151614904","151615189","KN297242v1","2046546","2046825","49","149568358"
"chr6","151695915","151696225","KN294991v1","686774","687084","41","151009141"
"chr6","151696420","151696729","KN295974v1","1466462","1466774","50","150229958"
"chr6","151753960","151754245","KN296322v1","1392101","1392390","37","150361859"
"chr6","151757224","151757521","KN296485v1","541954","542254","36","151215270"
"chr6","151780100","151780411","KN294470v1","499145","499454","34","151280955"
"chr6","151796197","151796503","KN294521v1","509491","509791","41","151286706"
"chr6","151828962","151829222","KN295692v1","1481043","1481302","39","150347919"
"chr6","151867295","151867598","KN296442v1","417977","418281","34","151449318"
"chr6","151926538","151926825","KN294571v1","671930","672216","37","151254608"
"chr6","152061719","152062013","KN295988v1","1100806","1101100","43","150960913"
"chr6","152075051","152075382","KN295096v1","4349841","4350172","43","147725210"
"chr6","152085854","152086162","KN294911v1","2312849","2313141","51","149773005"
"chr6","152125434","152125726","KN295236v1","3615047","3615343","39","148510387"
"chr6","152138786","152139092","KN294957v1","62097","62408","36","152076689"
"chr6","152140895","152141204","KN295977v1","526778","527087","36","151614117"
"chr6","152156848","152157159","KN294548v1","1161001","1161308","33","150995847"
"chr6","152182824","152183135","KN294407v1","680296","680609","44","151502528"
"chr6","152187234","152187565","KN294592v1","1204654","1204970","48","150982580"
"chr6","152213116","152213440","KN295459v1","1030536","1030859","47","151182580"
"chr6","152218084","152218401","KN295257v1","1201375","1201685","46","151016709"
"chr6","152238454","152238750","KN295586v1","2267301","2267598","42","149971153"
"chr6","152239877","152240188","KN294592v1","1321409","1321720","36","150918468"
"chr6","152240673","152240988","KN295605v1","299780","300090","45","151940893"
"chr6","152283967","152284264","KN296063v1","1388665","1388960","35","150895302"
"chr6","152307033","152307311","KN294911v1","755213","755494","37","151551820"
"chr6","152326666","152326974","KN294710v1","68748","69053","41","152257918"
"chr6","152334051","152334348","KN294917v1","405138","405434","42","151928913"
"chr6","152357366","152357678","KN294378v1","1504358","1504668","34","150853008"
"chr6","152377923","152378227","KN294446v1","240983","241287","32","152136940"
"chr6","152381148","152381456","KN296311v1","7737651","7737955","41","144643497"
"chr6","152384155","152384452","KN295633v1","323295","323596","41","152060860"
"chr6","152389265","152389552","KN295801v1","99694","99998","48","152289571"
"chr6","152394453","152394761","KN297442v1","1612430","1612738","42","150782023"
"chr6","152405129","152405428","KN294187v1","1109661","1109959","40","151295468"
"chr6","152409403","152409695","KN294416v1","920977","921270","44","151488426"
"chr6","152410611","152410869","KN295735v1","695987","696249","43","151714624"
"chr6","152423294","152423585","KN294407v1","3027269","3027567","40","149396025"
"chr6","152424924","152425212","KN297112v1","2725693","2725979","41","149699231"
"chr6","152440043","152440344","KN295717v1","354856","355162","35","152085187"
"chr6","152440824","152441133","KN294571v1","1677168","1677468","45","150763656"
"chr6","152450604","152450907","KN297442v1","240570","240874","36","152210034"
"chr6","152452183","152452217","KN296096v1","2690101","2690141","11","149762082"
"chr6","152452992","152453261","KN296864v1","1076694","1076968","36","151376298"
"chr6","152457921","152458226","KN297023v1","480259","480560","44","151977662"
"chr6","152469522","152469833","KN296743v1","1756759","1757068","41","150712763"
"chr6","152470311","152470616","KN294603v1","111945","112247","38","152358366"
"chr6","152476109","152476407","KN296315v1","421210","421508","47","152054899"
"chr6","152513106","152513407","KN297046v1","1526555","1526860","38","150986551"
"chr6","152513446","152513748","KN295825v1","3057611","3057911","41","149455835"
"chr6","152525128","152525427","KN296244v1","94272","94575","38","152430856"
"chr6","152525466","152525767","KN295825v1","3057611","3057911","40","149467855"
"chr6","152561270","152561581","KN294933v1","115202","115507","46","152446068"
"chr6","152565170","152565437","KN294172v1","4940663","4940925","42","147624507"
"chr6","152579818","152580122","KN295236v1","5356462","5356765","35","147223356"
"chr6","152585946","152586251","KN296167v1","450049","450355","37","152135897"
"chr6","152588527","152588833","KN296167v1","450049","450355","36","152138478"
"chr6","152596446","152596761","KN294548v1","1161001","1161308","43","151435445"
"chr6","152602928","152603195","KN295243v1","1473974","1474238","33","151128954"
"chr6","152611420","152611731","KN296281v1","255772","256081","38","152355648"
"chr6","152617851","152618163","KN295497v1","271857","272164","41","152345994"
"chr6","152628334","152628510","KN296577v1","160723","160900","38","152467611"
"chr6","152683230","152683527","KN297245v1","1416081","1416379","36","151267149"
"chr6","152704129","152704430","KN294848v1","172686","172989","36","152531443"
"chr6","152707549","152707850","KN296495v1","3286172","3286471","36","149421377"
"chr6","152709767","152710067","KN296357v1","559775","560070","54","152149992"
"chr6","152727042","152727331","KN297452v1","87216","87505","43","152639826"
"chr6","152740756","152741047","KN295260v1","1916794","1917085","36","150823962"
"chr6","152742303","152742607","KN295459v1","673095","673397","45","152069208"
"chr6","152744623","152744922","KN295883v1","992651","992945","43","151751972"
"chr6","152750246","152750558","KN297044v1","173447","173756","41","152576799"
"chr6","152754641","152754937","KN294470v1","333509","333804","35","152421132"
"chr6","152773279","152773570","KN295405v1","340255","340547","39","152433024"
"chr6","152788612","152788910","KN294995v1","15599","15901","29","152773013"
"chr6","152791919","152792188","KN295474v1","1438594","1438859","37","151353325"
"chr6","152802906","152803203","KN294419v1","252196","252492","31","152550710"
"chr6","152818966","152819251","KN294420v1","822079","822371","40","151996887"
"chr6","152819739","152820018","KN294991v1","665172","665457","56","152154567"
"chr6","152820643","152820944","KN296244v1","840588","840887","47","151980055"
"chr6","152823325","152823657","KN295596v1","1567069","1567403","42","151256256"
"chr6","152824732","152825047","KN294287v1","530811","531116","47","152293921"
"chr6","152829112","152829421","KN297245v1","2602942","2603244","38","150226170"
"chr6","152834429","152834724","KN294987v1","1477069","1477366","39","151357360"
"chr6","152837876","152838172","KN296620v1","349918","350214","35","152487958"
"chr6","152846276","152846576","KN294187v1","1336441","1336715","56","151509835"
"chr6","152849337","152849637","KN296743v1","376473","376771","41","152472864"
"chr6","152857703","152858007","KN297144v1","784541","784841","36","152073162"
"chr6","152861200","152861516","KN296357v1","653990","654295","43","152207210"
"chr6","152868209","152868516","KN295601v1","3244423","3244731","43","149623786"
"chr6","152885520","152885780","KN296158v1","813784","814046","54","152071736"
"chr6","152918469","152918751","KN295893v1","7707075","7707356","36","145211394"
"chr6","152920463","152920764","KN297431v1","443238","443542","50","152477225"
"chr6","152920775","152921084","KN296528v1","1412689","1412985","62","151508086"
"chr6","152922928","152923232","KN297442v1","1612430","1612738","39","151310498"
"chr6","152923749","152924045","KN294456v1","1098138","1098439","36","151825611"
"chr6","152924227","152924523","KN294181v1","145618","145914","39","152778609"
"chr6","152937918","152938225","KN295605v1","46493","46797","42","152891425"
"chr6","152947943","152948248","KN295708v1","219821","220134","53","152728122"
"chr6","152968233","152968544","KN294199v1","68751","69060","43","152899482"
"chr6","152992992","152993267","KN297245v1","672006","672298","39","152320986"
"chr6","152997691","152997983","KN294571v1","1575904","1576204","45","151421787"
"chr6","152998536","152998831","KN294501v1","4140225","4140518","42","148858311"
"chr6","153002986","153003281","KN297023v1","480259","480560","47","152522727"
"chr6","153007994","153008299","KN295564v1","408804","409105","38","152599190"
"chr6","153009039","153009329","KN294420v1","822079","822371","42","152186960"
"chr6","153030342","153030649","KN294375v1","866092","866404","35","152164250"
"chr6","153035389","153035695","KN294372v1","853211","853514","40","152182178"
"chr6","153052578","153052889","KN294957v1","62097","62408","40","152990481"
"chr6","153067756","153068055","KN294470v1","2136945","2137241","37","150930811"
"chr6","153072824","153073118","KN295893v1","7273160","7273454","38","145799664"
"chr6","153097131","153097433","KN294561v1","1084406","1084703","45","152012725"
"chr6","153122126","153122431","KN295996v1","495798","496097","39","152626328"
"chr6","153132773","153133100","KN297112v1","6478463","6478766","55","146654310"
"chr6","153140109","153140406","KN297047v1","1316088","1316386","34","151824021"
"chr6","153151447","153151750","KN295735v1","825024","825326","43","152326423"
"chr6","153163381","153163656","KN296982v1","12688","12983","59","153150693"
"chr6","153166507","153166807","KN294470v1","1496938","1497237","34","151669569"
"chr6","153171536","153171831","KN294613v1","562013","562309","32","152609523"
"chr6","153187302","153187606","KN294809v1","1033430","1033730","33","152153872"
"chr6","153216145","153216437","KN295893v1","5868753","5869051","38","147347392"
"chr6","153222300","153222599","KN294790v1","163386","163690","39","153058914"
"chr6","153231597","153231885","KN294419v1","200675","200969","37","153030922"
"chr6","153262345","153262644","KN296557v1","18517","18814","31","153243828"
"chr6","153293754","153294051","KN295410v1","198921","199203","55","153094833"
"chr6","153321039","153321334","KN294917v1","401690","401984","31","152919349"
"chr6","153333818","153334116","KN294790v1","163386","163690","44","153170432"
"chr6","153351790","153352073","KN297165v1","541249","541532","32","152810541"
"chr6","153360236","153360505","KN295667v1","761203","761468","46","152599033"
"chr6","153384707","153385031","KN296303v1","662776","663079","48","152721931"
"chr6","153437037","153437345","KN296108v1","796899","797207","38","152640138"
"chr6","153439893","153440195","KN295748v1","161587","161896","33","153278306"
"chr6","153459724","153460035","KN296153v1","1336190","1336496","36","152123534"
"chr6","153536708","153537003","KN296072v1","39765","40067","31","153496943"
"chr6","153542682","153542982","KN296513v1","2047464","2047766","43","151495218"
"chr6","153568037","153568310","KN296538v1","76350","76614","45","153491687"
"chr6","153571951","153572254","KN296495v1","686416","686720","50","152885535"
"chr6","153582533","153582697","KN294446v1","938573","938737","24","152643960"
"chr6","153663213","153663497","KN294949v1","864636","864923","39","152798577"
"chr6","153775764","153776052","KN295241v1","197736","198025","36","153578028"
"chr6","153831127","153831431","KN295045v1","451861","452165","34","153379266"
"chr6","153842219","153842512","KN295596v1","2518640","2518934","37","151323579"
"chr6","153843145","153843440","KN294456v1","1098138","1098439","39","152745007"
"chr6","153868727","153869002","KN294193v1","425211","425504","48","153443516"
"chr6","153887462","153887772","KN296036v1","687150","687461","39","153200312"
"chr6","153950512","153950808","KN294251v1","3599092","3599390","42","150351420"
"chr6","153962847","153963170","KN294470v1","1728861","1729181","47","152233986"
"chr6","153975791","153976082","KN295708v1","2784035","2784327","32","151191756"
"chr6","154010009","154010285","KN295375v1","1624857","1625131","47","152385152"
"chr6","154015134","154015446","KN295420v1","65655","65963","42","153949479"
"chr6","154028780","154029119","KN294257v1","2642468","2642800","55","151386312"
"chr6","154033346","154033657","KN297274v1","902241","902551","44","153131105"
"chr6","154060749","154061058","KN294603v1","111945","112247","43","153948804"
"chr6","154063147","154063450","KN295708v1","1623951","1624256","33","152439196"
"chr6","154070406","154070705","KN297320v1","271981","272275","35","153798425"
"chr6","154081586","154081896","KN296303v1","514845","515157","28","153566741"
"chr6","154087209","154087516","KN295962v1","2329043","2329352","40","151758166"
"chr6","154099633","154099937","KN294172v1","3550057","3550360","40","150549576"
"chr6","154168032","154168317","KN295459v1","1101140","1101421","39","153066892"
"chr6","154224622","154224917","KN295708v1","2784035","2784327","43","151440587"
"chr6","154235988","154236277","KN294193v1","400597","400883","41","153835391"
"chr6","154432810","154433062","KN296879v1","469391","469648","58","153963419"
"chr6","154559765","154560080","KN296484v1","351750","352061","46","154208015"
"chr6","154601621","154601911","KN295172v1","132103","132390","38","154469518"
"chr6","154611978","154612260","KN295474v1","1165520","1165802","36","153446458"
"chr6","154619769","154620065","KN295967v1","606893","607186","36","154012876"
"chr6","154703151","154703433","KN296119v1","588950","589232","36","154114201"
"chr6","154718048","154718335","KN295371v1","448057","448341","38","154269991"
"chr6","154750338","154750642","KN296883v1","878376","878679","43","153871962"
"chr6","154773805","154774102","KN294571v1","1382955","1383261","41","153390850"
"chr6","154838694","154838998","KN296620v1","376927","377237","44","154461767"
"chr6","154930458","154930751","KN296955v1","778413","778706","41","154152045"
"chr6","155071920","155072221","KN295722v1","1373842","1374147","43","153698078"
"chr6","155072566","155072873","KN297276v1","143691","143993","39","154928875"
"chr6","155081904","155082215","KN294503v1","33353","33656","46","155048551"
"chr6","155150089","155150390","KN297038v1","152320","152617","44","154997769"
"chr6","155315393","155315685","KN294419v1","200675","200969","32","155114718"
"chr6","155334364","155334575","KN297141v1","158733","158926","41","155175631"
"chr6","155435279","155435576","KN297444v1","593764","594059","41","154841515"
"chr6","155445756","155446051","KN294187v1","158362","158655","38","155287394"
"chr6","155448638","155448937","KN294911v1","628968","629266","34","154819670"
"chr6","155479510","155479829","KN295592v1","1811056","1811365","45","153668454"
"chr6","155552625","155552900","KN296849v1","959281","959553","37","154593344"
"chr6","155554701","155555031","KN295433v1","250702","251008","64","155303999"
"chr6","155597460","155597773","KN296187v1","1449091","1449391","53","154148369"
"chr6","155650815","155651124","KN295362v1","1115763","1116072","38","154535052"
"chr6","155662564","155662841","KN297165v1","2779028","2779304","40","152883536"
"chr6","155687973","155688263","KN295075v1","143230","143522","37","155544743"
"chr6","155696132","155696378","KN295633v1","1133330","1133601","53","154562802"
"chr6","155806228","155806489","KN297452v1","1481603","1481877","57","154324625"
"chr6","155855101","155855390","KN295241v1","197736","198025","33","155657365"
"chr6","155867023","155867324","KN295526v1","764551","764853","40","155102472"
"chr6","155874291","155874603","KN295301v1","761923","762233","39","155112368"
"chr6","155914330","155914603","KN296864v1","2415861","2416134","31","153498469"
"chr6","155948116","155948425","KN296167v1","450049","450355","48","155498067"
"chr6","155950614","155950934","KN294269v1","674791","675103","40","155275823"
"chr6","155999125","155999427","KN294987v1","1477069","1477366","35","154522056"
"chr6","156036300","156036612","KN294466v1","12634","12944","40","156023666"
"chr6","156044691","156044992","KN296303v1","662776","663079","41","155381915"
"chr6","156047766","156048063","KN296620v1","349918","350214","35","155697848"
"chr6","156077552","156077854","KN296682v1","4855759","4856070","46","151221793"
"chr6","156082012","156082187","KN294501v1","904201","904380","30","155177811"
"chr6","156086267","156086576","KN297375v1","321482","321790","37","155764785"
"chr6","156101976","156102278","KN294644v1","482867","483166","55","155619109"
"chr6","156105063","156105350","KN296349v1","48155","48443","39","156056908"
"chr6","156117191","156117497","KN297159v1","3075943","3076251","35","153041248"
"chr6","156127468","156127701","KN295045v1","921009","921237","29","155206459"
"chr6","156128604","156128909","KN296864v1","3164724","3165032","33","152963880"
"chr6","156135404","156135692","KN294842v1","983229","983521","43","155152175"
"chr6","156146102","156146396","KN295198v1","274974","275272","45","155871128"
"chr6","156161105","156161403","KN295571v1","203398","203695","38","155957707"
"chr6","156179178","156179375","KN296426v1","64367","64561","26","156114811"
"chr6","156210359","156210667","KN295077v1","613765","614075","36","155596594"
"chr6","156233659","156233952","KN296263v1","810253","810550","39","155423406"
"chr6","156255527","156255829","KN294964v1","1832698","1833002","38","154422829"
"chr6","156256682","156256986","KN297445v1","1504441","1504746","38","154752241"
"chr6","156276094","156276405","KN297133v1","1603609","1603918","41","154672485"
"chr6","156278391","156278683","KN294456v1","1143112","1143404","37","155135279"
"chr6","156349106","156349414","KN294879v1","124236","124543","40","156224870"
"chr6","156357986","156358302","KN294181v1","1370167","1370478","48","154987819"
"chr6","156360248","156360568","KN294181v1","1370167","1370478","48","154990081"
"chr6","156363797","156364088","KN294456v1","1143112","1143404","32","155220685"
"chr6","156370596","156370900","KN297154v1","831565","831869","44","155539031"
"chr6","156373929","156374232","KN294446v1","240983","241287","39","156132946"
"chr6","156393398","156393692","KN296157v1","1252313","1252609","34","155141085"
"chr6","156395415","156395727","KN294172v1","1521503","1521812","45","154873912"
"chr6","156416320","156416622","KN294809v1","1033430","1033730","39","155382890"
"chr6","156420532","156420727","KN296426v1","64367","64561","28","156356165"
"chr6","156426036","156426347","KN294790v1","163386","163690","44","156262650"
"chr6","156428876","156429182","KN296731v1","1167793","1168104","40","155261083"
"chr6","156432212","156432505","KN294917v1","401690","401984","33","156030522"
"chr6","156439789","156440090","KN296311v1","2450978","2451280","40","153988811"
"chr6","156443460","156443774","KN295883v1","173429","173738","41","156270031"
"chr6","156480628","156480801","KN294446v1","938573","938737","34","155542055"
"chr6","156489172","156489448","KN294991v1","1558026","1558298","50","154931146"
"chr6","156500650","156500954","KN294571v1","890748","891049","40","155609902"
"chr6","156527215","156527519","KN294911v1","2389002","2389309","45","154138213"
"chr6","156528015","156528321","KN294837v1","182001","182307","44","156346014"
"chr6","156582280","156582547","KN296311v1","1012950","1013205","55","155569330"
"chr6","156640493","156640801","KN295477v1","23872","24183","35","156616621"
"chr6","156646775","156647062","KN297190v1","4200135","4200423","46","152446640"
"chr6","156665764","156666044","KN294303v1","228452","228734","36","156437312"
"chr6","156667819","156668144","KN296460v1","119303","119632","49","156548516"
"chr6","156672017","156672333","KN295366v1","78980","79290","44","156593037"
"chr6","156673489","156673831","KN294458v1","152391","152716","68","156521098"
"chr6","156685317","156685615","KN295748v1","161587","161896","43","156523730"
"chr6","156707757","156708057","KN294180v1","5181","5476","39","156702576"
"chr6","156729789","156730069","KN295371v1","448057","448341","30","156281732"
"chr6","156733236","156733557","KN295487v1","58632","58957","51","156674604"
"chr6","156735880","156736162","KN295523v1","196160","196440","31","156539720"
"chr6","156737647","156737941","KN294987v1","1477069","1477366","37","155260578"
"chr6","156741774","156742056","KN294705v1","2048841","2049122","33","154692933"
"chr6","156748121","156748419","KN297133v1","1028720","1029024","35","155719401"
"chr6","156751232","156751535","KN295284v1","131398","131699","37","156619834"
"chr6","156754444","156754681","KN296508v1","384264","384499","32","156370180"
"chr6","156754684","156754991","KN295326v1","192748","193053","39","156561936"
"chr6","156768227","156768528","KN297023v1","480259","480560","32","156287968"
"chr6","156769928","156770236","KN295526v1","764551","764853","42","156005377"
"chr6","156789954","156790256","KN294995v1","43965","44270","49","156745989"
"chr6","156792201","156792499","KN295814v1","1261993","1262292","30","155530208"
"chr6","156802016","156802286","KN295102v1","376622","376901","47","156425394"
"chr6","156803201","156803481","KN294457v1","205085","205362","40","156598116"
"chr6","156804896","156805193","KN295433v1","1270322","1270591","53","155534574"
"chr6","156806370","156806670","KN295586v1","1244707","1245017","47","155561663"
"chr6","156808638","156808938","KN296538v1","1170609","1170920","42","155638029"
"chr6","156810917","156811221","KN296406v1","250415","250727","45","156560502"
"chr6","156815858","156816162","KN294644v1","168562","168865","33","156647296"
"chr6","156824275","156824586","KN296266v1","151893","152201","33","156672382"
"chr6","156845739","156846043","KN294172v1","5273992","5274291","38","151571747"
"chr6","156849208","156849499","KN295561v1","109790","110077","43","156739418"
"chr6","156850604","156850877","KN296178v1","192117","192397","36","156658487"
"chr6","156855035","156855348","KN295607v1","3855460","3855770","43","152999575"
"chr6","156855652","156855950","KN297245v1","1416081","1416379","34","155439571"
"chr6","156861688","156861976","KN296557v1","13515","13811","39","156848173"
"chr6","156867806","156868098","KN294739v1","1126043","1126341","47","155741763"
"chr6","156876391","156876701","KN295301v1","761923","762233","38","156114468"
"chr6","156883433","156883740","KN294470v1","3144373","3144668","51","153739060"
"chr6","156886468","156886763","KN294172v1","2207703","2208004","34","154678765"
"chr6","156890459","156890757","KN297245v1","1416081","1416379","35","155474378"
"chr6","156901455","156901740","KN297112v1","5628371","5628661","59","151273084"
"chr6","156973962","156974264","KN294964v1","1832698","1833002","29","155141264"
"chr6","156979989","156980277","KN295091v1","1863027","1863311","34","155116962"
"chr6","156984550","156984848","KN296153v1","1115266","1115561","33","155869284"
"chr6","157018689","157018997","KN294592v1","1321409","1321720","29","155697280"
"chr6","157069827","157070132","KN294169v1","74418","74723","42","156995409"
"chr6","157239642","157239928","KN296508v1","659940","660226","38","156579702"
"chr6","157244105","157244411","KN295601v1","3238589","3238887","43","154005516"
"chr6","157271223","157271518","KN294911v1","4220583","4220876","40","153050640"
"chr6","157368267","157368569","KN295732v1","112168","112473","26","157256099"
"chr6","157412191","157412499","KN295748v1","161587","161896","45","157250604"
"chr6","157455747","157456045","KN295732v1","198500","198785","34","157257247"
"chr6","157477657","157477958","KN295732v1","221255","221562","34","157256402"
"chr6","157570490","157570806","KN295732v1","334171","334480","36","157236319"
"chr6","157572766","157573053","KN295732v1","336484","336777","33","157236282"
"chr6","157684987","157685294","KN296635v1","2387021","2387331","43","155297966"
"chr6","157693899","157694196","KN295107v1","300735","301027","40","157393164"
"chr6","157806776","157807083","KN294506v1","286100","286400","58","157520676"
"chr6","157889030","157889341","KN295345v1","1051618","1051926","35","156837412"
"chr6","157939806","157939998","KN296426v1","64367","64561","24","157875439"
"chr6","157978631","157978940","KN295748v1","161587","161896","46","157817044"
"chr6","157980769","157981071","KN295607v1","4377455","4377758","38","153603314"
"chr6","157987250","157987548","KN295236v1","1050427","1050723","38","156936823"
"chr6","158084332","158084636","KN294456v1","1098138","1098439","32","156986194"
"chr6","158206769","158207052","KN297186v1","1381942","1382225","41","156824827"
"chr6","158210955","158211258","KN295607v1","4377455","4377758","40","153833500"
"chr6","158216109","158216407","KN296096v1","3114506","3114803","36","155101603"
"chr6","158234820","158235123","KN294613v1","327601","327901","41","157907219"
"chr6","158278430","158278723","KN294217v1","803782","804074","38","157474648"
"chr6","158297849","158298144","KN296225v1","464140","464438","34","157833709"
"chr6","158329028","158329240","KN295039v1","511135","511350","34","157817893"
"chr6","158349364","158349674","KN296119v1","5879574","5879882","41","152469790"
"chr6","158349985","158350283","KN296247v1","901747","902047","45","157448238"
"chr6","158383479","158383769","KN297008v1","189289","189586","45","158194190"
"chr6","158413753","158414035","KN296513v1","2367758","2368048","37","156045995"
"chr6","158443709","158444015","KN296635v1","2153242","2153553","39","156290467"
"chr6","158446790","158447086","KN297245v1","1416081","1416379","35","157030709"
"chr6","158453912","158454209","KN296934v1","840937","841246","49","157612975"
"chr6","158456893","158457215","KN297023v1","480259","480560","59","157976634"
"chr6","158460071","158460368","KN295871v1","615076","615373","34","157844995"
"chr6","158471521","158471799","KN296921v1","541331","541611","41","157930190"
"chr6","158474253","158474556","KN294790v1","163386","163690","39","158310867"
"chr6","158482313","158482626","KN295607v1","4377455","4377758","42","154104858"
"chr6","158541684","158541993","KN297095v1","1841987","1842290","45","156699697"
"chr6","158567111","158567373","KN295243v1","1473974","1474238","42","157093137"
"chr6","158567919","158568229","KN295090v1","242110","242415","41","158325809"
"chr6","158713606","158713916","KN296520v1","306139","306450","31","158407467"
"chr6","158735085","158735396","KN295439v1","66534","66843","34","158668551"
"chr6","158736907","158737210","KN294521v1","404396","404704","38","158332511"
"chr6","158770380","158770676","KN294501v1","38531","38824","38","158731849"
"chr6","158793963","158794265","KN296311v1","854862","855163","36","157939101"
"chr6","158798177","158798459","KN296759v1","520385","520667","40","158277792"
"chr6","158844013","158844298","KN295893v1","5801253","5801538","50","153042760"
"chr6","158884853","158885154","KN295090v1","786208","786506","42","158098645"
"chr6","158922752","158923052","KN295301v1","716124","716425","27","158206628"
"chr6","158941983","158942276","KN296145v1","2451188","2451482","35","156490795"
"chr6","158945875","158946166","KN294470v1","3170467","3170767","40","155775408"
"chr6","159067712","159068001","KN294987v1","393669","393953","32","158674043"
"chr6","159109685","159109967","KN295633v1","1377460","1377744","38","157732225"
"chr6","159110958","159111269","KN294264v1","87223","87534","41","159023735"
"chr6","159168068","159168362","KN297320v1","271981","272275","33","158896087"
"chr6","159213371","159213674","KN294526v1","486831","487133","40","158726540"
"chr6","159214337","159214646","KN294363v1","153262","153570","53","159061075"
"chr6","159220786","159221097","KN297312v1","655567","655878","42","158565219"
"chr6","159249968","159250276","KN295571v1","513084","513393","41","158736884"
"chr6","159364855","159365159","KN296108v1","1644650","1644954","39","157720205"
"chr6","159368421","159368721","KN297023v1","480259","480560","36","158888162"
"chr6","159405667","159405979","KN296484v1","351750","352061","39","159053917"
"chr6","159445560","159445849","KN296484v1","733487","733776","42","158712073"
"chr6","159457285","159457568","KN297190v1","1120539","1120821","35","158336746"
"chr6","159469575","159469869","KN295871v1","615076","615373","30","158854499"
"chr6","159475687","159476004","KN295319v1","42222","42534","37","159433465"
"chr6","159516377","159516693","KN297133v1","1603609","1603918","39","157912768"
"chr6","159519683","159519982","KN297154v1","294220","294518","46","159225463"
"chr6","159592721","159593033","KN296306v1","1205782","1206092","40","158386939"
"chr6","159624099","159624390","KN295096v1","2965990","2966278","37","156658109"
"chr6","159638987","159639295","KN294378v1","1504358","1504668","32","158134629"
"chr6","159642775","159643085","KN296486v1","1318978","1319291","34","158323797"
"chr6","159689013","159689320","KN294233v1","666712","667026","39","159022301"
"chr6","159702097","159702388","KN294407v1","598111","598399","36","159103986"
"chr6","159704912","159705209","KN297133v1","591852","592149","39","159113060"
"chr6","159705451","159705753","KN297089v1","13608","13907","42","159691843"
"chr6","159713080","159713390","KN295962v1","2329043","2329352","36","157384037"
"chr6","159715297","159715606","KN294978v1","3753692","3754000","38","155961605"
"chr6","159722695","159723001","KN295366v1","78980","79290","41","159643715"
"chr6","159742007","159742286","KN295236v1","3520334","3520624","44","156221673"
"chr6","159779779","159780097","KN296200v1","152896","153211","42","159626883"
"chr6","159795952","159796259","KN295814v1","1588364","1588671","36","158207588"
"chr6","159796781","159797094","KN296153v1","2365186","2365493","44","157431595"
"chr6","159798346","159798639","KN295719v1","76563","76855","44","159721783"
"chr6","159823137","159823441","KN294790v1","163386","163690","35","159659751"
"chr6","159846954","159847254","KN295607v1","4406348","4406645","28","155440606"
"chr6","159859270","159859580","KN294264v1","87223","87534","46","159772047"
"chr6","159877134","159877428","KN295032v1","307103","307398","36","159570031"
"chr6","159889064","159889372","KN294856v1","158144","158448","37","159730920"
"chr6","159898773","159899058","KN294193v1","568677","568960","39","159330096"
"chr6","159902236","159902536","KN295343v1","729289","729587","33","159172947"
"chr6","159906034","159906336","KN295459v1","673095","673397","40","159232939"
"chr6","159910769","159911049","KN297159v1","1662639","1662921","35","158248130"
"chr6","159923060","159923340","KN295102v1","408403","408684","39","159514657"
"chr6","159930429","159930726","KN294181v1","1437190","1437488","34","158493239"
"chr6","159961159","159961466","KN296726v1","808997","809301","40","159152162"
"chr6","159964365","159964647","KN296795v1","813243","813524","33","159151122"
"chr6","159968681","159968967","KN294842v1","79861","80151","40","159888820"
"chr6","159970474","159970714","KN295301v1","1183296","1183537","50","158787178"
"chr6","159981081","159981317","KN295405v1","757351","757593","47","159223730"
"chr6","159985838","159986021","KN294458v1","670426","670609","40","159315412"
"chr6","160009143","160009436","KN296187v1","1209536","1209835","44","158799607"
"chr6","160010172","160010485","KN295433v1","250702","251008","39","159759470"
"chr6","160019262","160019565","KN295112v1","477640","477949","36","159541622"
"chr6","160026329","160026630","KN295835v1","102943","103243","34","159923386"
"chr6","160029453","160029762","KN296682v1","2875657","2875966","36","157153796"
"chr6","160049573","160049885","KN295090v1","631852","632162","40","159417721"
"chr6","160062958","160063224","KN296153v1","2637317","2637585","40","157425641"
"chr6","160074269","160074572","KN296726v1","808997","809301","40","159265272"
"chr6","160126903","160127200","KN294187v1","1109661","1109959","34","159017242"
"chr6","160178913","160179223","KN295573v1","1028299","1028621","67","159150614"
"chr6","160184135","160184424","KN295744v1","293613","293902","33","159890522"
"chr6","160241607","160241920","KN294378v1","1504358","1504668","39","158737249"
"chr6","160313522","160313784","KN294375v1","735728","735990","47","159577794"
"chr6","160314268","160314560","KN296547v1","396597","396892","41","159917671"
"chr6","160338236","160338522","KN295729v1","826689","826980","38","159511547"
"chr6","160347761","160348015","KN295708v1","995633","995874","52","159352128"
"chr6","160360273","160360432","KN294187v1","1105095","1105248","25","159255178"
"chr6","160396595","160396903","KN294407v1","2317315","2317623","33","158079280"
"chr6","160406297","160406607","KN294302v1","375312","375628","45","160030985"
"chr6","160407536","160407866","KN296460v1","119303","119632","38","160288233"
"chr6","160419886","160420193","KN297133v1","1603609","1603918","36","158816277"
"chr6","160461067","160461342","KN294831v1","254179","254464","47","160206888"
"chr6","160466178","160466474","KN295586v1","956717","957016","35","159509461"
"chr6","160474894","160475187","KN296557v1","18517","18814","43","160456377"
"chr6","160479276","160479578","KN295929v1","368547","368851","43","160110729"
"chr6","160499761","160499996","KN295045v1","921009","921237","33","159578752"
"chr6","160509195","160509484","KN294181v1","1424178","1424469","36","159085017"
"chr6","160512256","160512563","KN295820v1","997009","997317","41","159515247"
"chr6","160515367","160515658","KN294172v1","5180023","5180314","39","155335344"
"chr6","160544958","160545184","KN296036v1","1704299","1704530","34","158840659"
"chr6","160552232","160552523","KN294372v1","2122355","2122648","45","158429877"
"chr6","160606337","160606662","KN295667v1","1695804","1696115","51","158910533"
"chr6","160611747","160611917","KN296311v1","7188511","7188676","28","153423236"
"chr6","160612911","160613218","KN296982v1","675778","676081","48","159937133"
"chr6","160631232","160631541","KN295871v1","123168","123465","45","160508064"
"chr6","160632519","160632836","KN296635v1","3876048","3876352","41","156756471"
"chr6","160642072","160642356","KN296119v1","2442035","2442323","38","158200037"
"chr6","160643019","160643238","KN295977v1","1276894","1277103","48","159366125"
"chr6","160646741","160647039","KN294539v1","1287945","1288241","53","159358796"
"chr6","160647972","160648140","KN295623v1","399728","399891","23","160248244"
"chr6","160670180","160670484","KN295256v1","326036","326344","46","160344144"
"chr6","160674995","160675294","KN297023v1","480259","480560","33","160194736"
"chr6","160678205","160678516","KN294245v1","511576","511887","33","160166629"
"chr6","160688269","160688564","KN296311v1","2635536","2635829","39","158052733"
"chr6","160733532","160733825","KN297046v1","1159621","1159923","38","159573911"
"chr6","160742415","160742710","KN295974v1","3009668","3009967","38","157732747"
"chr6","160788211","160788524","KN295974v1","3088909","3089213","39","157699302"
"chr6","160791358","160791669","KN296849v1","735480","735791","34","160055878"
"chr6","160792572","160792865","KN297047v1","1316088","1316386","43","159476484"
"chr6","160833605","160833859","KN294233v1","540939","541197","47","160292666"
"chr6","160847731","160848024","KN294193v1","425211","425504","31","160422520"
"chr6","160881530","160881829","KN296557v1","13515","13811","31","160868015"
"chr6","160937178","160937485","KN295326v1","192748","193053","46","160744430"
"chr6","160946734","160947047","KN294957v1","62097","62408","35","160884637"
"chr6","160977077","160977371","KN294172v1","6311128","6311420","40","154665949"
"chr6","161087803","161088088","KN296000v1","1536719","1537002","27","159551084"
"chr6","161105760","161106070","KN296484v1","351750","352061","35","160754010"
"chr6","161319153","161319453","KN294790v1","163386","163690","37","161155767"
"chr6","161331036","161331333","KN294303v1","100118","100410","39","161230918"
"chr6","161353060","161353366","KN296287v1","68923","69230","43","161284137"
"chr6","161383158","161383463","KN296000v1","1232106","1232400","36","160151052"
"chr6","161392166","161392475","KN296000v1","1229078","1229386","47","160163088"
"chr6","161399343","161399655","KN295531v1","23443","23751","30","161375900"
"chr6","161442539","161442817","KN294705v1","2048841","2049122","34","159393698"
"chr6","161478727","161479046","KN294630v1","52277","52573","60","161426450"
"chr6","161492579","161492835","KN296403v1","285927","286194","41","161206652"
"chr6","161526706","161527016","KN295405v1","1404748","1405060","35","160121958"
"chr6","161565000","161565209","KN296319v1","699667","699885","29","160865333"
"chr6","161567231","161567513","KN296319v1","696989","697290","39","160870242"
"chr6","161571018","161571322","KN295526v1","243770","244072","33","161327248"
"chr6","161632349","161632578","KN297259v1","153964","154184","33","161478385"
"chr6","161678975","161679270","KN294180v1","5181","5476","28","161673794"
"chr6","161715892","161716191","KN296319v1","542619","542916","27","161173273"
"chr6","161904747","161905034","KN295236v1","3520334","3520624","42","158384413"
"chr6","161914085","161914326","KN296294v1","892157","892419","54","161021928"
"chr6","161940532","161940844","KN294346v1","333538","333846","41","161606994"
"chr6","161944758","161944937","KN295586v1","608897","609082","44","161335861"
"chr6","161957732","161958023","KN296319v1","305843","306144","42","161651889"
"chr6","162010858","162011160","KN294644v1","168562","168865","40","161842296"
"chr6","162018994","162019297","KN296319v1","240322","240624","31","161778672"
"chr6","162031912","162032193","KN296319v1","227394","227680","31","161804518"
"chr6","162071038","162071329","KN296319v1","184761","185061","32","161886277"
"chr6","162114940","162115226","KN296319v1","140370","140677","46","161974570"
"chr6","162301775","162302077","KN295523v1","1146569","1146873","38","161155206"
"chr6","162365988","162366270","KN296153v1","3033016","3033295","42","159332972"
"chr6","162622975","162623246","KN295814v1","1737462","1737729","39","160885513"
"chr6","162663603","162663897","KN295241v1","9462","9752","44","162654141"
"chr6","162896858","162897132","KN295667v1","721290","721564","38","162175568"
"chr6","162925787","162926074","KN297047v1","4335196","4335479","22","158590591"
"chr6","162933469","162933793","KN297233v1","515818","516142","45","162417651"
"chr6","162943961","162944265","KN297112v1","5628371","5628661","45","157315590"
"chr6","162971848","162972126","KN295352v1","1398770","1399044","42","161573078"
"chr6","162976472","162976782","KN296484v1","351750","352061","33","162624722"
"chr6","163005248","163005549","KN297047v1","4257978","4258283","25","158747270"
"chr6","163021170","163021481","KN295420v1","208371","208668","42","162812799"
"chr6","163043109","163043406","KN296754v1","126538","126836","37","162916571"
"chr6","163048981","163049279","KN297047v1","4219719","4220031","35","158829262"
"chr6","163073390","163073588","KN295034v1","848549","848755","40","162224841"
"chr6","163092680","163092967","KN297047v1","4173086","4173377","37","158919594"
"chr6","163112383","163112656","KN294271v1","412692","412969","39","162699691"
"chr6","163135246","163135549","KN297047v1","4136586","4136886","31","158998660"
"chr6","163146706","163147023","KN297047v1","4126518","4126849","43","159020188"
"chr6","163176063","163176381","KN295586v1","1172482","1172791","40","162003581"
"chr6","163177819","163177999","KN294741v1","1596077","1596264","28","161581742"
"chr6","163207839","163208137","KN297047v1","4058507","4058813","26","159149332"
"chr6","163217217","163217528","KN294407v1","912040","912349","37","162305177"
"chr6","163229798","163230100","KN294592v1","1268208","1268509","33","161961590"
"chr6","163280427","163280723","KN294180v1","5181","5476","32","163275246"
"chr6","163305239","163305570","KN297047v1","3961166","3961489","47","159344073"
"chr6","163309273","163309574","KN297047v1","3957485","3957780","29","159351788"
"chr6","163376695","163377008","KN297047v1","3890169","3890473","41","159486526"
"chr6","163444378","163444677","KN295708v1","819478","819779","50","162624900"
"chr6","163451007","163451306","KN297047v1","3817666","3817961","38","159633341"
"chr6","163461761","163462039","KN296921v1","541331","541611","35","162920430"
"chr6","163470155","163470446","KN295366v1","124181","124471","38","163345974"
"chr6","163512814","163513109","KN296928v1","78552","78846","36","163434262"
"chr6","163572386","163572680","KN294407v1","3027269","3027567","33","160545117"
"chr6","163588716","163589027","KN295090v1","1458766","1459074","43","162129950"
"chr6","163622154","163622435","KN297047v1","3650312","3650604","36","159971842"
"chr6","163637007","163637296","KN296915v1","272701","272988","47","163364306"
"chr6","163645027","163645319","KN294911v1","628968","629266","48","163016059"
"chr6","163648012","163648337","KN294806v1","260010","260325","53","163388002"
"chr6","163651020","163651313","KN297047v1","3622370","3622654","33","160028650"
"chr6","163677323","163677634","KN296726v1","39061","39373","35","163638262"
"chr6","163697122","163697399","KN296138v1","452937","453216","42","163244185"
"chr6","163702331","163702615","KN295371v1","448057","448341","40","163254274"
"chr6","163704776","163705076","KN297047v1","3574165","3574462","30","160130611"
"chr6","163706419","163706718","KN297245v1","1416081","1416379","35","162290338"
"chr6","163736533","163736819","KN294949v1","864636","864923","36","162871897"
"chr6","163744209","163744528","KN295961v1","20434","20745","37","163723775"
"chr6","163745258","163745544","KN296702v1","1007161","1007454","39","162738097"
"chr6","163746634","163746946","KN294558v1","708067","708372","50","163038567"
"chr6","163771621","163771911","KN297047v1","3505402","3505695","28","160266219"
"chr6","163852795","163853103","KN297047v1","3424024","3424331","25","160428771"
"chr6","163877091","163877304","KN296153v1","3458034","3458253","39","160419057"
"chr6","163886184","163886486","KN294539v1","1287945","1288241","46","162598239"
"chr6","163894539","163894825","KN296322v1","1392101","1392390","45","162502438"
"chr6","163904742","163905045","KN297133v1","950328","950631","37","162954414"
"chr6","163963306","163963615","KN295256v1","326036","326344","41","163637270"
"chr6","164034439","164034730","KN294172v1","6311128","6311420","43","157723311"
"chr6","164048683","164048986","KN297047v1","3223880","3224179","37","160824803"
"chr6","164052977","164053281","KN296167v1","1233012","1233319","47","162819965"
"chr6","164080267","164080571","KN297190v1","726166","726449","47","163354101"
"chr6","164090633","164090923","KN297047v1","3175184","3175469","28","160915449"
"chr6","164114607","164114902","KN295523v1","3166167","3166457","45","160948440"
"chr6","164116665","164116935","KN297047v1","3157282","3157551","17","160959383"
"chr6","164176914","164177218","KN297047v1","3110795","3111098","28","161066119"
"chr6","164204550","164204839","KN295828v1","1278471","1278759","43","162926079"
"chr6","164207988","164208297","KN294911v1","2389002","2389309","38","161818986"
"chr6","164214769","164215069","KN294527v1","283192","283491","35","163931577"
"chr6","164228756","164229056","KN297047v1","3049594","3049890","30","161179162"
"chr6","164252360","164252667","KN296158v1","1175251","1175559","34","163077109"
"chr6","164264416","164264688","KN297047v1","3014032","3014307","27","161250384"
"chr6","164278677","164278972","KN297086v1","17124","17407","60","164261553"
"chr6","164287098","164287406","KN297343v1","1478690","1479001","34","162808408"
"chr6","164316305","164316614","KN294372v1","1513976","1514282","36","162802329"
"chr6","164319269","164319597","KN296019v1","59951","60268","49","164259318"
"chr6","164329322","164329627","KN296138v1","226711","227010","43","164102611"
"chr6","164344127","164344437","KN296485v1","497656","497953","47","163846471"
"chr6","164349366","164349666","KN296649v1","502099","502397","40","163847267"
"chr6","164356024","164356320","KN296754v1","126538","126836","39","164229486"
"chr6","164369840","164370012","KN296761v1","5714","5885","31","164364126"
"chr6","164373671","164373977","KN294698v1","82925","83236","41","164290746"
"chr6","164387185","164387493","KN294964v1","1872225","1872534","41","162514960"
"chr6","164394154","164394441","KN294879v1","341999","342291","35","164052155"
"chr6","164435739","164436026","KN297047v1","2851703","2851995","29","161584036"
"chr6","164445409","164445703","KN294181v1","1209683","1209978","42","163235726"
"chr6","164452016","164452318","KN296442v1","420929","421232","33","164031087"
"chr6","164476920","164477219","KN297047v1","2809420","2809719","25","161667500"
"chr6","164494860","164495158","KN294470v1","2136945","2137241","38","162357915"
"chr6","164496846","164497148","KN297044v1","561559","561858","37","163935287"
"chr6","164497199","164497476","KN296738v1","198257","198532","44","164298942"
"chr6","164573951","164574262","KN294451v1","1139913","1140218","38","163434038"
"chr6","164703731","164704062","KN294806v1","681476","681761","73","164022255"
"chr6","164795464","164795756","KN296096v1","838711","839001","28","163956753"
"chr6","164855281","164855570","KN294346v1","422309","422602","47","164432972"
"chr6","164929397","164929693","KN296153v1","3041230","3041525","34","161888167"
"chr6","164975229","164975541","KN297047v1","2310591","2310895","36","162664638"
"chr6","164980160","164980476","KN297047v1","2305654","2305969","23","162674506"
"chr6","165037537","165037778","KN296311v1","3738423","3738665","33","161299114"
"chr6","165039286","165039595","KN295405v1","1404748","1405060","40","163634538"
"chr6","165118182","165118494","KN294335v1","553358","553676","47","164564824"
"chr6","165131898","165132207","KN296849v1","378265","378572","36","164753633"
"chr6","165158271","165158574","KN295607v1","4377455","4377758","32","160780816"
"chr6","165159670","165159980","KN297047v1","2131633","2131947","36","163028037"
"chr6","165177664","165177976","KN294466v1","12634","12944","49","165165030"
"chr6","165205634","165205909","KN297165v1","2779028","2779304","47","162426606"
"chr6","165214967","165215269","KN297047v1","2076059","2076348","35","163138908"
"chr6","165218664","165218955","KN297047v1","2072404","2072689","30","163146260"
"chr6","165237509","165237805","KN294456v1","1098138","1098439","41","164139371"
"chr6","165255042","165255359","KN296865v1","1009161","1009476","51","164245881"
"chr6","165265704","165265995","KN295107v1","300735","301027","37","164964969"
"chr6","165321433","165321723","KN297047v1","1971902","1972216","45","163349531"
"chr6","165327625","165327903","KN297047v1","1966841","1967122","25","163360784"
"chr6","165356392","165356692","KN296620v1","349918","350214","32","165006474"
"chr6","165379108","165379416","KN295090v1","383890","384198","44","164995218"
"chr6","165446333","165446622","KN295814v1","1028953","1029241","40","164417380"
"chr6","165588526","165588723","KN296426v1","64367","64561","37","165524159"
"chr6","165629862","165630162","KN297047v1","1663162","1663462","11","163966700"
"chr6","165692025","165692314","KN294205v1","1149698","1149987","37","164542327"
"chr6","165696947","165697237","KN297047v1","1594989","1595279","19","164101958"
"chr6","165733013","165733314","KN294964v1","673814","674112","36","165059199"
"chr6","165777182","165777492","KN295045v1","638784","639093","41","165138398"
"chr6","165797402","165797697","KN297047v1","1493075","1493373","28","164304327"
"chr6","165807261","165807558","KN295102v1","311884","312184","45","165495377"
"chr6","165824317","165824599","KN295977v1","1361274","1361557","42","164463043"
"chr6","165865711","165865832","KN296731v1","905591","905681","54","164960120"
"chr6","165886297","165886473","KN294911v1","3846799","3846969","31","162039498"
"chr6","165967280","165967590","KN295929v1","457065","457374","45","165510215"
"chr6","165969479","165969779","KN297023v1","480259","480560","24","165489220"
"chr6","165977865","165978169","KN297047v1","1316088","1316386","36","164661777"
"chr6","166044875","166045161","KN297047v1","1248967","1249256","27","164795908"
"chr6","166206334","166206627","KN295666v1","1009745","1010038","42","165196589"
"chr6","166296455","166296766","KN297047v1","999485","999796","25","165296970"
"chr6","166301476","166301786","KN297047v1","994359","994668","36","165307117"
"chr6","166618172","166618354","KN294957v1","73265","73439","44","166544907"
"chr6","166702507","166702790","KN297112v1","2725693","2725979","39","163976814"
"chr6","166793677","166793967","KN297047v1","512400","512696","27","166281277"
"chr6","166831075","166831382","KN295609v1","72321","72630","47","166758754"
"chr6","166851920","166852228","KN294192v1","519188","519502","39","166332732"
"chr6","166951105","166951400","KN295326v1","100464","100755","49","166850641"
"chr6","167119470","167119767","KN296732v1","3826486","3826780","39","163292984"
"chr6","167147894","167148187","KN295114v1","45102","45395","39","167102792"
"chr6","167155821","167156106","KN296138v1","3145","3429","34","167152676"
"chr6","167192778","167193065","KN297047v1","106566","106855","20","167086212"
"chr6","167460948","167461238","KN296036v1","769191","769486","41","166691757"
"chr6","167471794","167472066","KN296836v1","167952","168232","30","167303842"
"chr6","167529386","167529663","KN296836v1","231802","232079","17","167297584"
"chr6","167542099","167542402","KN295607v1","4377455","4377758","33","163164644"
"chr6","167606848","167607136","KN294378v1","1108033","1108325","35","166498815"
"chr6","167614389","167614687","KN296836v1","320032","320340","32","167294357"
"chr6","167678141","167678473","KN296495v1","1264926","1265257","52","166413215"
"chr6","167740177","167740480","KN296836v1","439006","439287","43","167301171"
"chr6","167758172","167758478","KN296836v1","451423","451733","41","167306749"
"chr6","167828749","167829038","KN296836v1","528466","528758","27","167300283"
"chr6","167920315","167920619","KN296836v1","620309","620607","44","167300006"
"chr6","167943541","167943818","KN295459v1","361703","361982","37","167581838"
"chr6","167968703","167968993","KN295671v1","149104","149384","46","167819599"
"chr6","167972815","167973108","KN294561v1","1887166","1887450","48","166085649"
"chr6","168029230","168029527","KN296836v1","721580","721874","29","167307650"
"chr6","168047279","168047552","KN294570v1","116175","116454","40","167931104"
"chr6","168047563","168047758","KN294598v1","85512","85712","36","167962051"
"chr6","168051200","168051473","KN295474v1","1438594","1438859","35","166612606"
"chr6","168053966","168054271","KN297469v1","31333","31641","39","168022633"
"chr6","168059385","168059689","KN294407v1","3027269","3027567","38","165032116"
"chr6","168109431","168109730","KN296836v1","790262","790559","33","167319169"
"chr6","168126190","168126489","KN296620v1","349918","350214","39","167776272"
"chr6","168139577","168139878","KN294571v1","1575904","1576204","32","166563673"
"chr6","168182260","168182466","KN295977v1","1276894","1277103","43","166905366"
"chr6","168182785","168182874","KN296635v1","4416434","4416517","20","163766351"
"chr6","168204131","168204420","KN294509v1","346253","346540","35","167857878"
"chr6","168222195","168222528","KN296836v1","897097","897398","46","167325098"
"chr6","168255968","168256263","KN296836v1","934575","934894","37","167321393"
"chr6","168282679","168282988","KN296643v1","47618","47923","39","168235061"
"chr6","168283315","168283611","KN294539v1","1287945","1288241","30","166995370"
"chr6","168364435","168364733","KN297153v1","651889","652188","45","167712546"
"chr6","168379449","168379755","KN296486v1","82397","82708","50","168297052"
"chr6","168544755","168545057","KN296508v1","1988194","1988500","43","166556561"
"chr6","168558248","168558544","KN294416v1","920977","921270","36","167637271"
"chr6","168562758","168563045","KN295102v1","376622","376901","39","168186136"
"chr6","168626241","168626553","KN294456v1","1098138","1098439","42","167528103"
"chr6","168658830","168659136","KN295533v1","2086668","2086969","42","166572162"
"chr6","168698754","168699052","KN296557v1","13515","13811","36","168685239"
"chr6","168758374","168758607","KN295405v1","757351","757593","42","168001023"
"chr6","168808893","168809191","KN294458v1","1049177","1049481","47","167759716"
"chr6","168847900","168848186","KN295171v1","1277362","1277647","36","167570538"
"chr6","168849375","168849682","KN296620v1","376927","377237","32","168472448"
"chr6","168864240","168864512","KN294499v1","2011390","2011673","47","166852850"
"chr6","168867929","168868233","KN294193v1","774395","774701","34","168093534"
"chr6","168869340","168869647","KN294790v1","163386","163690","33","168705954"
"chr6","168932915","168933215","KN294977v1","79605","79908","39","168853310"
"chr6","168946944","168947253","KN295096v1","100842","101151","47","168846102"
"chr6","168961297","168961465","KN294172v1","4369191","4369359","26","164592106"
"chr6","169033717","169034025","KN296153v1","1336190","1336496","35","167697527"
"chr6","169111747","169112035","KN294385v1","504391","504674","48","168607356"
"chr6","169159740","169160044","KN295666v1","873327","873629","32","168286413"
"chr6","169229403","169229709","KN296263v1","970564","970862","41","168258839"
"chr6","169235442","169235743","KN294790v1","2480212","2480521","43","166755230"
"chr6","169339533","169339737","KN297190v1","1431018","1431229","31","167908515"
"chr6","169375548","169375833","KN296110v1","270879","271162","34","169104669"
"chr6","169398999","169399305","KN295198v1","532430","532746","54","168866569"
"chr6","169402464","169402759","KN294419v1","200675","200969","36","169201789"
"chr6","169506463","169506757","KN294147v1","1191891","1192182","40","168314572"
"chr6","169516849","169517003","KN295236v1","2986258","2986408","23","166530591"
"chr6","169627517","169627823","KN295929v1","457065","457374","34","169170452"
"chr6","169664623","169664784","KN294172v1","5951147","5951297","49","163713476"
"chr6","169665296","169665595","KN296145v1","2451188","2451482","34","167214108"
"chr6","169677748","169678042","KN295596v1","141388","141684","34","169536360"
"chr6","169702215","169702419","KN297068v1","176341","176555","30","169525874"
"chr6","169721686","169721986","KN296682v1","1930392","1930690","43","167791294"
"chr6","169741091","169741391","KN294879v1","76546","76849","35","169664545"
"chr6","169770250","169770546","KN295243v1","1344630","1344931","40","168425620"
"chr6","169800372","169800680","KN296404v1","1183469","1183770","29","168616903"
"chr6","169815308","169815585","KN297047v1","4090175","4090454","41","165725133"
"chr6","169867466","169867769","KN294446v1","240983","241287","41","169626483"
"chr6","169931224","169931527","KN296062v1","190239","190541","31","169740985"
"chr6","170083636","170083929","KN296982v1","446150","446444","38","169637486"
"chr6","170085919","170086233","KN295586v1","1244707","1245017","40","168841212"
"chr6","170086243","170086545","KN295165v1","435905","436205","37","169650338"
"chr6","170107406","170107691","KN295326v1","100464","100755","35","170006942"
"chr6","170166128","170166431","KN297095v1","584794","585091","39","169581334"
"chr6","170183610","170183899","KN294193v1","686578","686868","38","169497032"
"chr6","170196287","170196590","KN296743v1","323605","323904","38","169872682"
"chr6","170260501","170260770","KN294739v1","903971","904241","47","169356530"
"chr6","170294845","170295136","KN294539v1","1287945","1288241","43","169006900"
"chr6","170314217","170314505","KN296732v1","1479099","1479390","44","168835118"
"chr6","170342976","170343149","KN296311v1","4991977","4992161","63","165350999"
"chr6","170348023","170348318","KN296153v1","3041230","3041525","32","167306793"
"chr6","170377616","170377924","KN294407v1","2157068","2157379","39","168220548"
"chr6","170385347","170385655","KN294761v1","363307","363610","36","170022040"
"chr6","170457221","170457515","KN294561v1","1084406","1084703","35","169372815"
"chr6","170489009","170489322","KN296495v1","550769","551079","41","169938240"
"chr6","170491001","170491307","KN296732v1","2210853","2211154","32","168280148"
"chr6","170522934","170523229","KN296926v1","1049515","1049816","52","169473419"
"chr6","170567417","170567715","KN294421v1","274187","274491","40","170293230"
"chr6","170576396","170576713","KN294873v1","1659261","1659572","48","168917135"
"chr6","170597841","170598093","KN296311v1","1217958","1218221","42","169379883"
"chr6","170600414","170600705","KN296928v1","78552","78846","34","170521862"
"chr6","170610529","170610784","KN296119v1","5465931","5466177","45","165144598"
"chr6","170640987","170641300","KN295361v1","932292","932599","40","169708695"
"chr6","170642047","170642334","KN297133v1","649428","649718","47","169992619"
"chr6","170716165","170716468","KN294650v1","1786602","1786898","36","168929563"
"chr6","170741681","170741903","KN296609v1","1485995","1486214","35","169255686"
"chr6","170815514","170815812","KN294535v1","637291","637589","36","170178223"
"chr6","170819065","170819383","KN296311v1","3194235","3194543","45","167624830"
"chr6","170870554","170870799","KN297095v1","2693235","2693487","48","168177319"
"chr6","170909883","170910184","KN295814v1","300223","300524","36","170609660"
"chr6","170925006","170925305","KN296877v1","225819","226117","44","170699187"
"chr6","171007059","171007364","KN297327v1","217601","217906","34","170789458"
"chr6","171038335","171038645","KN296290v1","1360508","1360816","43","169677827"
"chr6","171173128","171173423","KN294613v1","562013","562309","33","170611115"
"chr6","171298132","171298398","KN295633v1","1133330","1133601","45","170164802"
"chr6","171314789","171315075","KN295371v1","448057","448341","41","170866732"
"chr6","171368205","171368508","KN294407v1","2317315","2317623","37","169050890"
"chr6","171420521","171420822","KN296000v1","1030238","1030539","32","170390283"
"chr6","171426686","171426988","KN294571v1","890748","891049","33","170535938"
"chr6","171433055","171433356","KN295553v1","300819","301120","34","171132236"
"chr6","171443186","171443497","KN296303v1","514845","515157","37","170928341"
"chr6","171555559","171555860","KN295301v1","716124","716425","30","170839435"
"chr6","171557618","171557840","KN296557v1","249190","249420","37","171308428"
"chr6","171585210","171585506","KN295301v1","716124","716425","40","170869086"
"chr6","171614979","171615263","KN296643v1","17488","17770","27","171597491"
"chr6","171708012","171708277","KN297008v1","4187432","4187699","40","167520580"
"chr6","172066463","172066761","KN296322v1","919384","919686","43","171147079"
"chr6","172113099","172113359","KN296292v1","58796","59062","37","172054303"
"chr6","172203609","172203895","KN294245v1","294908","295200","43","171908701"
"chr6","172362839","172363132","KN296153v1","1090111","1090408","32","171272728"
"chr6","172379685","172379979","KN294172v1","6311128","6311420","34","166068557"
"chr6","172431620","172431832","KN296145v1","3101297","3101502","35","169330323"
"chr6","172459172","172459489","KN295708v1","1431107","1431415","52","171028065"
"chr6","172525634","172525937","KN294977v1","13264","13560","44","172512370"
"chr6","172532239","172532544","KN297008v1","2754056","2754362","33","169778183"
"chr6","172542000","172542249","KN296187v1","781642","781886","45","171760358"
"chr6","172543564","172543863","KN294850v1","198361","198654","42","172345203"
"chr6","172555169","172555464","KN295871v1","615076","615373","33","171940093"
"chr7","74448802","74449100","KN294399v1","61198","61501","20","74387604"
"chr7","6815510","6815816","KN295963v1","468885","469189","33","6346625"
"chr7","15335269","15335565","KN296153v1","1090111","1090408","31","14245158"
"chr7","21757839","21758138","KN294790v1","163386","163690","35","21594453"
"chr7","42204965","42205225","KN295692v1","1461760","1462034","31","40743205"
"chr7","43253665","43253960","KN295112v1","589341","589636","54","42664324"
"chr7","50069336","50069633","KN295343v1","729289","729587","44","49340047"
"chr7","50462585","50462884","KN294911v1","628968","629266","27","49833617"
"chr7","67763976","67764288","KN294630v1","349899","350210","44","67414077"
"chr7","74842066","74842383","KN296108v1","36408","36727","52","74805658"
"chr7","86114134","86114422","KN297148v1","215675","215955","43","85898459"
"chr7","98435061","98435364","KN294884v1","66822","67131","40","98368239"
"chr7","142081863","142082174","KN294879v1","183930","184242","29","141897933"
"chr7","152305369","152305670","KN297023v1","480259","480560","29","151825110"
"chr7","154926992","154927294","KN296306v1","454172","454476","27","154472820"
"chr7","124702","125008","KN294199v1","636506","636815","30","511804"
"chr7","186068","186360","KN296153v1","2393235","2393519","36","2207167"
"chr7","208327","208625","KN294193v1","425211","425504","33","216884"
"chr7","211578","211866","KN296096v1","1016274","1016574","26","804696"
"chr7","231289","231600","KN296682v1","4855759","4856070","35","4624470"
"chr7","237671","237982","KN296096v1","983823","984135","25","746152"
"chr7","241219","241521","KN296096v1","980883","981184","32","739664"
"chr7","269082","269371","KN296096v1","952455","952750","46","683373"
"chr7","301225","301518","KN295480v1","1302107","1302401","37","1000882"
"chr7","306289","306583","KN295236v1","3589165","3589460","40","3282876"
"chr7","317425","317700","KN294172v1","6899580","6899857","51","6582155"
"chr7","323856","324165","KN294957v1","62097","62408","36","261759"
"chr7","343554","343853","KN295729v1","826689","826980","34","483135"
"chr7","343854","344015","KN297259v1","63501","63656","24","280353"
"chr7","348394","348695","KN296404v1","1183469","1183770","35","835075"
"chr7","354863","355173","KN295352v1","1345858","1346165","33","990995"
"chr7","363990","364245","KN297154v1","1616670","1616919","36","1252680"
"chr7","374905","375207","KN294456v1","1098138","1098439","32","723233"
"chr7","391868","392174","KN295198v1","172367","172673","34","219501"
"chr7","401776","402075","KN296404v1","1150048","1150343","38","748272"
"chr7","411175","411479","KN294456v1","1098138","1098439","44","686963"
"chr7","412439","412750","KN294251v1","1186841","1187150","38","774402"
"chr7","431489","431800","KN297452v1","434374","434681","35","2885"
"chr7","440196","440497","KN295102v1","315516","315811","35","124680"
"chr7","440880","441194","KN295571v1","513084","513393","44","72204"
"chr7","447456","447752","KN297038v1","842680","842969","37","395224"
"chr7","450944","451248","KN296096v1","1817216","1817509","38","1366272"
"chr7","461427","461731","KN296877v1","351011","351311","36","110416"
"chr7","464441","464739","KN294193v1","489652","489963","43","25211"
"chr7","466067","466367","KN296865v1","1608885","1609185","37","1142818"
"chr7","478558","478850","KN295523v1","3015511","3015803","25","2536953"
"chr7","481528","481821","KN295241v1","75672","75962","32","405856"
"chr7","522947","523225","KN296646v1","922061","922342","30","399114"
"chr7","607929","608233","KN296096v1","1968507","1968805","31","1360578"
"chr7","642597","642873","KN295708v1","853452","853731","34","210855"
"chr7","720911","721217","KN296096v1","2067808","2068122","31","1346897"
"chr7","723089","723400","KN295571v1","513084","513393","34","210005"
"chr7","755341","755662","KN296731v1","1167793","1168104","39","412452"
"chr7","761475","761794","KN296096v1","2106770","2107079","37","1345295"
"chr7","814537","814839","KN294603v1","111945","112247","34","702592"
"chr7","864157","864320","KN296244v1","728807","728972","28","135350"
"chr7","874256","874555","KN297245v1","1416081","1416379","27","541825"
"chr7","885145","885452","KN296096v1","2222207","2222514","24","1337062"
"chr7","898355","898661","KN294790v1","163386","163690","46","734969"
"chr7","966821","967111","KN294420v1","822079","822371","31","144742"
"chr7","969548","969846","KN296096v1","2311662","2311965","29","1342114"
"chr7","980291","980589","KN296096v1","2322221","2322526","32","1341930"
"chr7","999456","999625","KN294957v1","73265","73439","34","926191"
"chr7","1007810","1008124","KN296096v1","2349554","2349864","32","1341744"
"chr7","1011234","1011524","KN296096v1","2353338","2353635","28","1342104"
"chr7","1016189","1016498","KN296096v1","2358592","2358885","35","1342403"
"chr7","1025410","1025712","KN296096v1","2366825","2367118","31","1341415"
"chr7","1025719","1026027","KN296096v1","2367126","2367430","32","1341407"
"chr7","1032659","1032964","KN294387v1","3225357","3225659","37","2192698"
"chr7","1033430","1033739","KN295605v1","232110","232423","38","801320"
"chr7","1038434","1038648","KN296096v1","2381959","2382180","22","1343525"
"chr7","1045403","1045680","KN296040v1","275719","276000","36","769684"
"chr7","1047364","1047658","KN294539v1","1287945","1288241","36","240581"
"chr7","1048953","1049258","KN294378v1","1310611","1310912","38","261658"
"chr7","1050778","1051068","KN295729v1","826689","826980","41","224089"
"chr7","1054204","1054497","KN295350v1","61187","61477","40","993017"
"chr7","1062094","1062392","KN296311v1","854862","855163","43","207232"
"chr7","1069449","1069756","KN294789v1","107780","108080","45","961669"
"chr7","1071568","1071883","KN294964v1","1228028","1228337","44","156460"
"chr7","1073505","1073812","KN295315v1","2572721","2573029","37","1499216"
"chr7","1086489","1086754","KN295243v1","1473974","1474238","31","387485"
"chr7","1090919","1091221","KN296153v1","3041230","3041525","35","1950311"
"chr7","1093923","1094221","KN294713v1","618006","618303","37","475917"
"chr7","1098756","1099062","KN295633v1","1318464","1318763","44","219708"
"chr7","1100742","1101049","KN296303v1","662776","663079","38","437966"
"chr7","1102170","1102472","KN296096v1","2477063","2477364","25","1374893"
"chr7","1108180","1108477","KN295480v1","1514936","1515236","43","406756"
"chr7","1112024","1112319","KN294803v1","119274","119577","41","992750"
"chr7","1114261","1114558","KN297023v1","480259","480560","25","634002"
"chr7","1125463","1125767","KN296643v1","852402","852709","31","273061"
"chr7","1127235","1127545","KN294326v1","309006","309309","44","818229"
"chr7","1128916","1129081","KN296743v1","1950123","1950289","20","821207"
"chr7","1129086","1129111","KN295984v1","2423822","2423847","3","1294736"
"chr7","1130049","1130164","KN296812v1","528391","528503","16","601658"
"chr7","1131094","1131408","KN296096v1","2503433","2503749","24","1372339"
"chr7","1143724","1143893","KN296167v1","467129","467292","22","676595"
"chr7","1144669","1144966","KN296096v1","2517267","2517562","26","1372598"
"chr7","1149374","1149691","KN296096v1","2522039","2522349","40","1372665"
"chr7","1151442","1151734","KN296809v1","909370","909660","37","242072"
"chr7","1158297","1158597","KN294385v1","510756","511057","38","647541"
"chr7","1158955","1159275","KN296873v1","152284","152597","51","1006671"
"chr7","1164252","1164520","KN295362v1","1334626","1334886","63","170374"
"chr7","1165311","1165628","KN296096v1","2535760","2536069","30","1370449"
"chr7","1169353","1169662","KN296311v1","3194235","3194543","38","2024882"
"chr7","1172171","1172466","KN296303v1","662776","663079","37","509395"
"chr7","1187167","1187474","KN294603v1","63949","64255","39","1123218"
"chr7","1189725","1190028","KN296096v1","2558810","2559107","30","1369085"
"chr7","1234217","1234521","KN297144v1","286975","287279","41","947242"
"chr7","1234533","1234827","KN295032v1","307103","307398","37","927430"
"chr7","1244186","1244488","KN294456v1","592934","593237","38","651252"
"chr7","1245154","1245463","KN296096v1","2733576","2733868","36","1488422"
"chr7","1279485","1279794","KN296096v1","2698005","2698314","26","1418520"
"chr7","1286745","1287040","KN294790v1","163386","163690","42","1123359"
"chr7","1292225","1292526","KN296907v1","1091770","1092067","37","200455"
"chr7","1297379","1297675","KN296096v1","2679535","2679834","28","1382156"
"chr7","1329788","1330078","KN297157v1","47278","47567","31","1282510"
"chr7","1367196","1367486","KN296096v1","2607437","2607727","36","1240241"
"chr7","1368303","1368586","KN294591v1","338372","338661","45","1029931"
"chr7","1370190","1370500","KN296096v1","2604750","2605059","38","1234560"
"chr7","1371365","1371673","KN296096v1","2603605","2603913","24","1232240"
"chr7","1376646","1376937","KN296096v1","2747731","2748016","36","1371085"
"chr7","1376949","1377249","KN295315v1","976019","976321","41","400930"
"chr7","1384865","1385158","KN295923v1","1097156","1097449","34","287709"
"chr7","1395291","1395592","KN296485v1","241889","242192","41","1153402"
"chr7","1396175","1396485","KN296096v1","2771945","2772251","33","1375770"
"chr7","1397846","1398138","KN296096v1","2773586","2773879","22","1375740"
"chr7","1411408","1411701","KN294991v1","1444231","1444521","44","32823"
"chr7","1420014","1420312","KN296096v1","2796623","2796926","30","1376609"
"chr7","1456701","1457002","KN296096v1","2828856","2829163","40","1372155"
"chr7","1464209","1464504","KN296153v1","1090111","1090408","29","374098"
"chr7","1468825","1469135","KN297154v1","831565","831869","41","637260"
"chr7","1471120","1471163","KN296096v1","2690101","2690141","6","1218981"
"chr7","1471164","1471376","KN296263v1","107832","108045","29","1363332"
"chr7","1481379","1481699","KN295929v1","457065","457374","43","1024314"
"chr7","1485555","1485851","KN296096v1","2863046","2863342","27","1377491"
"chr7","1490919","1491225","KN296505v1","339186","339495","43","1151733"
"chr7","1503514","1503802","KN296096v1","2881517","2881792","31","1378003"
"chr7","1515801","1516097","KN296557v1","13515","13811","41","1502286"
"chr7","1536918","1537211","KN296096v1","2914087","2914367","36","1377169"
"chr7","1556944","1557247","KN296883v1","878376","878679","45","678568"
"chr7","1557656","1557935","KN296096v1","2936123","2936417","38","1378467"
"chr7","1563258","1563475","KN294372v1","1679287","1679512","48","116029"
"chr7","1574527","1574835","KN296096v1","2954013","2954314","30","1379486"
"chr7","1579000","1579299","KN296096v1","2959157","2959449","35","1380157"
"chr7","1583025","1583333","KN296096v1","2962890","2963195","26","1379865"
"chr7","1590631","1590936","KN295410v1","554975","555277","40","1035656"
"chr7","1605201","1605502","KN296096v1","2986881","2987190","29","1381680"
"chr7","1606285","1606596","KN294199v1","636506","636815","41","969779"
"chr7","1613930","1614223","KN296096v1","2995301","2995598","27","1381371"
"chr7","1615820","1616114","KN296096v1","2997207","2997498","27","1381387"
"chr7","1629273","1629576","KN296157v1","1204996","1205297","30","424277"
"chr7","1649310","1649618","KN295433v1","250702","251008","34","1398608"
"chr7","1655142","1655434","KN294790v1","4507928","4508220","36","2852786"
"chr7","1674364","1674520","KN296153v1","2464611","2464772","25","790247"
"chr7","1684754","1684867","KN294385v1","1550091","1550189","45","134663"
"chr7","1687443","1687735","KN296682v1","1930392","1930690","35","242949"
"chr7","1711146","1711441","KN296406v1","281155","281453","36","1429991"
"chr7","1716528","1716699","KN296577v1","160723","160900","28","1555805"
"chr7","1724117","1724414","KN296096v1","3110260","3110552","27","1386143"
"chr7","1727737","1728042","KN296096v1","3114506","3114803","26","1386769"
"chr7","1736031","1736341","KN296096v1","3123169","3123480","39","1387138"
"chr7","1737319","1737598","KN297327v1","811573","811871","45","925746"
"chr7","1745006","1745287","KN296119v1","4799219","4799502","35","3054213"
"chr7","1756662","1756964","KN294561v1","1084406","1084703","35","672256"
"chr7","1758187","1758445","KN296505v1","1919830","1920084","54","161643"
"chr7","1784540","1784839","KN294526v1","334958","335253","33","1449582"
"chr7","1830029","1830246","KN295994v1","62983","63200","35","1767046"
"chr7","1838948","1839251","KN296406v1","41462","41764","40","1797486"
"chr7","1846184","1846478","KN296096v1","3227472","3227765","31","1381288"
"chr7","1859168","1859449","KN296096v1","3240520","3240801","27","1381352"
"chr7","1859970","1860281","KN296266v1","31062","31371","33","1828908"
"chr7","1864344","1864531","KN295236v1","3402541","3402725","28","1538197"
"chr7","1867847","1868161","KN296096v1","3249789","3250078","67","1381942"
"chr7","1878916","1879229","KN296158v1","1175251","1175559","38","703665"
"chr7","1905956","1906257","KN296096v1","3292462","3292769","27","1386506"
"chr7","1911222","1911537","KN294264v1","87223","87534","36","1823999"
"chr7","1942658","1942954","KN296096v1","3330402","3330699","29","1387744"
"chr7","1943835","1944132","KN294539v1","1287945","1288241","34","655890"
"chr7","1950979","1951297","KN294790v1","5868297","5868622","39","3917318"
"chr7","1976398","1976571","KN297026v1","295454","295621","30","1680944"
"chr7","1976830","1976961","KN294470v1","1918836","1918970","18","57994"
"chr7","1991836","1992142","KN294372v1","1633439","1633742","41","358397"
"chr7","2106772","2107067","KN296096v1","3496963","3497242","48","1390191"
"chr7","2201644","2201956","KN294172v1","1768063","1768374","41","433581"
"chr7","2233174","2233471","KN296846v1","819340","819635","44","1413834"
"chr7","2352300","2352611","KN297259v1","1820010","1820317","43","532290"
"chr7","2358141","2358434","KN294187v1","158362","158655","34","2199779"
"chr7","2376368","2376679","KN297190v1","52673","52973","59","2323695"
"chr7","2516398","2516701","KN296096v1","3907559","3907858","35","1391161"
"chr7","2529994","2530296","KN296096v1","3922064","3922372","32","1392070"
"chr7","2532458","2532753","KN295405v1","1103956","1104248","40","1428502"
"chr7","2557647","2557951","KN296096v1","3949091","3949402","31","1391444"
"chr7","2579136","2579404","KN296096v1","3971080","3971358","40","1391944"
"chr7","2626356","2626653","KN296096v1","4022827","4023122","32","1396471"
"chr7","2629060","2629306","KN296495v1","1769952","1770200","43","859108"
"chr7","2743142","2743418","KN296139v1","296788","297069","38","2446354"
"chr7","2764882","2765190","KN296643v1","872144","872446","33","1892738"
"chr7","2783650","2783953","KN294705v1","885102","885400","46","1898548"
"chr7","2785010","2785318","KN294987v1","457869","458177","32","2327141"
"chr7","2798870","2799150","KN296270v1","614650","614923","49","2184220"
"chr7","2806731","2807017","KN296643v1","828529","828822","24","1978202"
"chr7","2827705","2828017","KN296484v1","351750","352061","40","2475955"
"chr7","2886323","2886498","KN294862v1","85463","85642","32","2800860"
"chr7","2909387","2909691","KN295198v1","274974","275272","31","2634413"
"chr7","2925705","2926003","KN296643v1","712152","712452","35","2213553"
"chr7","2965248","2965570","KN296157v1","2746426","2746742","49","218822"
"chr7","2988916","2989213","KN295356v1","1258737","1259038","40","1730179"
"chr7","2992191","2992503","KN296643v1","640113","640419","29","2352078"
"chr7","3026996","3027294","KN294879v1","1371008","1371310","36","1655988"
"chr7","3036115","3036393","KN294303v1","359330","359616","45","2676785"
"chr7","3055217","3055515","KN294539v1","1287945","1288241","41","1767272"
"chr7","3074947","3075243","KN296643v1","553071","553364","29","2521876"
"chr7","3104615","3104925","KN295343v1","398675","398988","39","2705940"
"chr7","3143109","3143410","KN295708v1","1536667","1536965","30","1606442"
"chr7","3149493","3149816","KN295487v1","52973","53281","48","3096520"
"chr7","3163779","3164086","KN294790v1","163386","163690","40","3000393"
"chr7","3164225","3164537","KN294592v1","1321409","1321720","32","1842816"
"chr7","3166986","3167295","KN295923v1","1406075","1406384","42","1760911"
"chr7","3168612","3168916","KN297112v1","747946","748252","40","2420666"
"chr7","3169590","3169897","KN296430v1","1105044","1105344","43","2064546"
"chr7","3187850","3188152","KN296487v1","131647","131949","39","3056203"
"chr7","3197038","3197342","KN296643v1","422314","422622","32","2774724"
"chr7","3209682","3209988","KN295077v1","613765","614075","36","2595917"
"chr7","3225243","3225555","KN294705v1","1537713","1538021","43","1687530"
"chr7","3234015","3234326","KN296643v1","392962","393272","24","2841053"
"chr7","3235084","3235384","KN295814v1","212324","212621","34","3022760"
"chr7","3250638","3250951","KN295995v1","269118","269423","41","2981520"
"chr7","3259592","3259895","KN294790v1","163386","163690","35","3096206"
"chr7","3261477","3261785","KN294199v1","636506","636815","39","2624971"
"chr7","3262057","3262338","KN297026v1","1745069","1745350","42","1516988"
"chr7","3268087","3268385","KN296643v1","352249","352544","32","2915838"
"chr7","3280606","3280909","KN296643v1","334234","334541","34","2946372"
"chr7","3282770","3283073","KN296643v1","332080","332379","28","2950690"
"chr7","3286908","3287218","KN295929v1","368547","368851","46","2918361"
"chr7","3296684","3296947","KN296643v1","320865","321133","28","2975819"
"chr7","3299801","3300089","KN295361v1","824524","824814","32","2475277"
"chr7","3304151","3304450","KN294526v1","486831","487133","28","2817320"
"chr7","3311634","3311935","KN296643v1","306034","306334","28","3005600"
"chr7","3327077","3327376","KN296643v1","287724","288021","31","3039353"
"chr7","3329026","3329335","KN294536v1","1867889","1868199","38","1461137"
"chr7","3331530","3331844","KN296643v1","282919","283223","38","3048611"
"chr7","3337262","3337540","KN296643v1","277038","277316","18","3060224"
"chr7","3339166","3339465","KN295735v1","708643","708952","49","2630523"
"chr7","3341526","3341818","KN297141v1","488816","489110","35","2852710"
"chr7","3344750","3345031","KN295987v1","1241626","1241902","45","2103124"
"chr7","3355983","3356259","KN294251v1","1151512","1151787","35","2204471"
"chr7","3363988","3364277","KN295319v1","761863","762157","35","2602125"
"chr7","3372185","3372479","KN296643v1","242523","242824","29","3129662"
"chr7","3374783","3375098","KN296643v1","239904","240225","28","3134879"
"chr7","3389034","3389340","KN296795v1","2305051","2305360","39","1083983"
"chr7","3394556","3394869","KN296430v1","96066","96377","41","3298490"
"chr7","3406201","3406496","KN296643v1","209452","209753","32","3196749"
"chr7","3421047","3421355","KN296643v1","194614","194921","31","3226433"
"chr7","3425509","3425817","KN296303v1","662776","663079","36","2762733"
"chr7","3434068","3434365","KN296643v1","179778","180066","28","3254290"
"chr7","3441000","3441315","KN296303v1","514845","515157","41","2926155"
"chr7","3441942","3442231","KN296308v1","1246998","1247287","36","2194944"
"chr7","3451382","3451679","KN297197v1","699015","699311","34","2752367"
"chr7","3460413","3460733","KN294911v1","2389002","2389309","50","1071411"
"chr7","3462680","3462966","KN294182v1","463025","463315","44","2999655"
"chr7","3469831","3470131","KN295430v1","2355601","2355902","34","1114230"
"chr7","3474733","3475035","KN294977v1","13264","13560","51","3461469"
"chr7","3488193","3488406","KN295977v1","1276894","1277103","41","2211299"
"chr7","3492154","3492443","KN296643v1","126250","126549","27","3365904"
"chr7","3508812","3509105","KN296643v1","110686","110980","21","3398126"
"chr7","3519585","3519894","KN295366v1","78980","79290","33","3440605"
"chr7","3534019","3534324","KN296036v1","769191","769486","41","2764828"
"chr7","3535607","3535920","KN295405v1","1831511","1831824","37","1704096"
"chr7","3546573","3546876","KN295666v1","248322","248617","34","3298251"
"chr7","3550071","3550374","KN296643v1","71396","71702","30","3478675"
"chr7","3552311","3552599","KN295450v1","63211","63502","37","3489100"
"chr7","3557706","3558012","KN296643v1","62458","62764","33","3495248"
"chr7","3560468","3560768","KN297320v1","271981","272275","38","3288487"
"chr7","3562236","3562547","KN296643v1","58917","59222","35","3503319"
"chr7","3563122","3563428","KN296643v1","57707","58008","29","3505415"
"chr7","3566070","3566329","KN295667v1","216653","216917","48","3349417"
"chr7","3569024","3569315","KN295893v1","5868091","5868383","35","2299067"
"chr7","3576612","3576927","KN295755v1","100229","100547","38","3476383"
"chr7","3582342","3582645","KN295755v1","92108","92398","31","3490234"
"chr7","3590851","3591151","KN295755v1","82782","83076","31","3508069"
"chr7","3595459","3595753","KN296357v1","559775","560070","37","3035684"
"chr7","3596774","3597087","KN295755v1","76690","77003","37","3520084"
"chr7","3599882","3600173","KN295731v1","46961","47258","41","3552921"
"chr7","3604870","3605177","KN297361v1","166730","167034","41","3438140"
"chr7","3621631","3621934","KN295755v1","52026","52329","22","3569605"
"chr7","3632775","3633062","KN296025v1","245563","245849","47","3387212"
"chr7","3636557","3636893","KN295755v1","33421","33764","40","3603136"
"chr7","3639097","3639397","KN294456v1","1098138","1098439","38","2540959"
"chr7","3651709","3652006","KN295755v1","16621","16917","29","3635088"
"chr7","3667169","3667478","KN294172v1","5912433","5912743","36","2245264"
"chr7","3671913","3672209","KN295430v1","1257302","1257603","39","2414611"
"chr7","3672541","3672835","KN294917v1","401690","401984","33","3270851"
"chr7","3683500","3683801","KN294456v1","592934","593237","40","3090566"
"chr7","3684435","3684733","KN296225v1","873075","873377","31","2811360"
"chr7","3695990","3696281","KN296127v1","1172","1469","42","3694818"
"chr7","3704236","3704566","KN295758v1","519572","519892","60","3184664"
"chr7","3709234","3709542","KN295477v1","23872","24183","39","3685362"
"chr7","3720090","3720373","KN296646v1","922061","922342","32","2798029"
"chr7","3746840","3747144","KN294873v1","878342","878649","44","2868498"
"chr7","3747911","3748207","KN295198v1","274974","275272","33","3472937"
"chr7","3758686","3758960","KN297171v1","2628817","2629092","30","1129869"
"chr7","3759305","3759607","KN294456v1","1098138","1098439","33","2661167"
"chr7","3770864","3771164","KN295735v1","825024","825326","33","2945840"
"chr7","3772670","3772981","KN295929v1","457065","457374","39","3315605"
"chr7","3786055","3786349","KN296635v1","4858334","4858623","45","1072279"
"chr7","3786419","3786720","KN295350v1","93538","93840","40","3692881"
"chr7","3788167","3788460","KN295421v1","1437","1730","30","3786730"
"chr7","3792399","3792698","KN297327v1","811573","811871","38","2980826"
"chr7","3793876","3794174","KN295287v1","5810","6107","36","3788066"
"chr7","3801397","3801640","KN295835v1","199186","199432","39","3602211"
"chr7","3803498","3803803","KN294172v1","2522038","2522336","37","1281460"
"chr7","3806251","3806534","KN294728v1","1012145","1012432","51","2794106"
"chr7","3807258","3807550","KN296577v1","930993","931288","38","2876265"
"chr7","3817949","3818243","KN297431v1","557004","557300","40","3260945"
"chr7","3818713","3819020","KN294879v1","76546","76849","49","3742167"
"chr7","3820198","3820490","KN295236v1","3589165","3589460","37","231033"
"chr7","3823018","3823324","KN294257v1","1771672","1771973","42","2051346"
"chr7","3827598","3827760","KN296635v1","5301797","5301962","30","1474199"
"chr7","3835380","3835691","KN294407v1","2317315","2317623","41","1518065"
"chr7","3835713","3836004","KN295287v1","44341","44630","35","3791372"
"chr7","3840447","3840739","KN296122v1","1068","1374","42","3839379"
"chr7","3849878","3850176","KN297023v1","480259","480560","31","3369619"
"chr7","3850923","3851232","KN294949v1","1160614","1160927","36","2690309"
"chr7","3853196","3853510","KN296926v1","198353","198662","40","3654843"
"chr7","3855986","3856287","KN296322v1","1312799","1313095","39","2543187"
"chr7","3864110","3864417","KN295439v1","102691","103000","38","3761419"
"chr7","3865588","3865880","KN294516v1","17906","18200","39","3847682"
"chr7","3877277","3877589","KN296167v1","450049","450355","52","3427228"
"chr7","3883574","3883832","KN296122v1","45358","45619","27","3838216"
"chr7","3902480","3902764","KN296178v1","1038758","1039049","41","2863722"
"chr7","3908251","3908556","KN294592v1","1321409","1321720","39","2586842"
"chr7","3911416","3911727","KN294630v1","349899","350210","40","3561517"
"chr7","3920945","3921245","KN296122v1","87626","87931","39","3833319"
"chr7","3921291","3921584","KN295586v1","1834408","1834703","33","2086883"
"chr7","3922562","3922879","KN294592v1","1321409","1321720","44","2601153"
"chr7","3924190","3924499","KN296406v1","250415","250727","38","3673775"
"chr7","3928510","3928786","KN296122v1","95010","95286","25","3833500"
"chr7","3934590","3934890","KN295198v1","274974","275272","42","3659616"
"chr7","3939693","3939991","KN296153v1","1115266","1115561","35","2824427"
"chr7","3943257","3943567","KN296122v1","111552","111855","32","3831705"
"chr7","3945627","3945904","KN296122v1","114260","114545","37","3831367"
"chr7","3959012","3959315","KN294790v1","2771318","2771623","35","1187694"
"chr7","3968325","3968619","KN296122v1","137210","137507","30","3831115"
"chr7","3984245","3984542","KN296122v1","153227","153528","31","3831018"
"chr7","3985899","3986197","KN296122v1","154948","155243","26","3830951"
"chr7","3995428","3995738","KN295433v1","250702","251008","47","3744726"
"chr7","3995811","3996100","KN294911v1","2646845","2647138","33","1348966"
"chr7","3996460","3996610","KN294831v1","658690","658843","34","3337770"
"chr7","3997063","3997361","KN296122v1","166978","167275","28","3830085"
"chr7","4001406","4001715","KN294705v1","623696","624002","39","3377710"
"chr7","4005644","4005954","KN296122v1","176144","176445","42","3829500"
"chr7","4006869","4007162","KN296122v1","177387","177693","32","3829482"
"chr7","4019670","4019995","KN296122v1","190435","190768","40","3829235"
"chr7","4024936","4025235","KN294571v1","1677168","1677468","34","2347768"
"chr7","4048080","4048397","KN296122v1","221363","221671","38","3826717"
"chr7","4051603","4051902","KN296311v1","1117474","1117774","39","2934129"
"chr7","4057225","4057520","KN296122v1","231917","232210","28","3825308"
"chr7","4061937","4062269","KN295893v1","1759983","1760317","61","2301954"
"chr7","4068490","4068787","KN296122v1","346873","347165","26","3721617"
"chr7","4072481","4072791","KN294940v1","567435","567744","35","3505046"
"chr7","4077639","4077956","KN295929v1","457065","457374","41","3620574"
"chr7","4079291","4079582","KN296122v1","255089","255383","28","3824202"
"chr7","4081002","4081314","KN296122v1","256142","256451","41","3824860"
"chr7","4081460","4081761","KN296122v1","256592","256895","35","3824868"
"chr7","4097604","4097903","KN296122v1","272729","273027","24","3824875"
"chr7","4099633","4099879","KN295835v1","199186","199432","29","3900447"
"chr7","4110544","4110843","KN296122v1","290010","290295","38","3820534"
"chr7","4127704","4128011","KN296122v1","307872","308183","31","3819832"
"chr7","4132093","4132392","KN296122v1","312850","313141","27","3819243"
"chr7","4142622","4142796","KN294292v1","211892","212059","24","3930730"
"chr7","4144894","4145192","KN296122v1","321380","321685","28","3823514"
"chr7","4150571","4150868","KN296122v1","327024","327326","29","3823547"
"chr7","4152068","4152369","KN296122v1","328173","328482","35","3823895"
"chr7","4163383","4163695","KN294710v1","68748","69053","36","4094635"
"chr7","4165028","4165325","KN296122v1","341627","341935","38","3823401"
"chr7","4168996","4169296","KN294446v1","240983","241287","36","3928013"
"chr7","4172187","4172502","KN296122v1","349266","349569","42","3822921"
"chr7","4175973","4176274","KN296261v1","471107","471412","32","3704866"
"chr7","4180652","4180936","KN297105v1","2901519","2901804","52","1279133"
"chr7","4188950","4189176","KN294172v1","1513731","1513941","46","2675219"
"chr7","4205376","4205670","KN297233v1","523000","523293","32","3682376"
"chr7","4214628","4214937","KN294161v1","311681","311990","40","3902947"
"chr7","4229233","4229537","KN296122v1","408273","408574","34","3820960"
"chr7","4230201","4230513","KN296122v1","409239","409548","39","3820962"
"chr7","4241076","4241374","KN296310v1","934750","935050","37","3306326"
"chr7","4242531","4242836","KN294172v1","2207703","2208004","52","2034828"
"chr7","4248859","4249167","KN296122v1","428771","429081","37","3820088"
"chr7","4251985","4252277","KN295596v1","141388","141684","44","4110597"
"chr7","4270062","4270357","KN295350v1","710666","710958","31","3559396"
"chr7","4286522","4286812","KN295729v1","826689","826980","35","3459833"
"chr7","4287365","4287660","KN296122v1","467559","467860","29","3819806"
"chr7","4288656","4288948","KN296122v1","468880","469172","38","3819776"
"chr7","4311897","4312206","KN296122v1","495756","496057","40","3816141"
"chr7","4315232","4315534","KN295828v1","930975","931278","41","3384257"
"chr7","4318744","4319053","KN296122v1","501780","502077","43","3816964"
"chr7","4324067","4324369","KN295923v1","1040491","1040795","43","3283576"
"chr7","4325004","4325291","KN294671v1","6362","6632","51","4318642"
"chr7","4325661","4325937","KN296122v1","508927","509210","32","3816734"
"chr7","4341978","4342271","KN294520v1","782243","782539","34","3559735"
"chr7","4350178","4350481","KN296122v1","536387","536682","42","3813791"
"chr7","4397023","4397329","KN295748v1","161587","161896","47","4235436"
"chr7","4425307","4425458","KN294445v1","855366","855529","47","3569941"
"chr7","4432200","4432424","KN295405v1","757351","757593","51","3674849"
"chr7","4434044","4434348","KN295607v1","4377455","4377758","52","56589"
"chr7","4444485","4444785","KN294456v1","1098138","1098439","39","3346347"
"chr7","4449363","4449653","KN295735v1","296549","296827","49","4152814"
"chr7","4450984","4451270","KN294633v1","106169","106453","37","4344815"
"chr7","4453335","4453524","KN297442v1","1659397","1659581","33","2793938"
"chr7","4453558","4453862","KN296921v1","541331","541611","55","3912227"
"chr7","4460317","4460599","KN296138v1","3145","3429","48","4457172"
"chr7","4462053","4462358","KN295755v1","41244","41542","33","4420809"
"chr7","4464466","4464784","KN295236v1","5138852","5139163","55","674386"
"chr7","4467631","4467926","KN294937v1","266","558","40","4467365"
"chr7","4473290","4473460","KN295605v1","235354","235521","27","4237936"
"chr7","4477656","4477957","KN296682v1","4102737","4103045","46","374919"
"chr7","4480234","4480524","KN296040v1","433742","434031","36","4046492"
"chr7","4482444","4482743","KN296698v1","82655","82954","39","4399789"
"chr7","4489693","4489947","KN295287v1","19993","20233","34","4469700"
"chr7","4491366","4491662","KN295343v1","729289","729587","36","3762077"
"chr7","4491939","4492232","KN294181v1","1317427","1317732","45","3174512"
"chr7","4493742","4494048","KN295287v1","17189","17485","27","4476553"
"chr7","4498062","4498357","KN295198v1","274974","275272","35","4223088"
"chr7","4498480","4498771","KN295287v1","10239","10512","40","4488241"
"chr7","4505852","4506160","KN296306v1","3682608","3682916","35","823244"
"chr7","4507975","4508280","KN294470v1","2136945","2137241","33","2371030"
"chr7","4526745","4527044","KN295601v1","3238589","3238887","38","1288156"
"chr7","4534518","4534816","KN295893v1","5868753","5869051","43","1334235"
"chr7","4539374","4539673","KN295315v1","849474","849768","51","3689900"
"chr7","4543300","4543608","KN294326v1","309006","309309","39","4234294"
"chr7","4544744","4545040","KN295350v1","1391135","1391435","38","3153609"
"chr7","4547241","4547548","KN296225v1","1319","1604","42","4545922"
"chr7","4563909","4564221","KN295326v1","236266","236568","46","4327643"
"chr7","4585356","4585653","KN296225v1","38657","38945","31","4546699"
"chr7","4595670","4595967","KN295637v1","803620","803915","38","3792050"
"chr7","4596896","4597196","KN296187v1","232705","233008","37","4364191"
"chr7","4600400","4600695","KN294444v1","166708","167002","37","4433692"
"chr7","4606992","4607291","KN294911v1","628968","629266","36","3978024"
"chr7","4608720","4609035","KN296308v1","982618","982927","45","3626102"
"chr7","4609717","4610071","KN296311v1","5462052","5462406","66","852335"
"chr7","4612883","4613200","KN296507v1","661623","661931","43","3951260"
"chr7","4614472","4614778","KN294375v1","493338","493642","42","4121134"
"chr7","4618079","4618378","KN297044v1","561559","561858","31","4056520"
"chr7","4621446","4621735","KN296225v1","75242","75536","37","4546204"
"chr7","4626364","4626629","KN296225v1","85313","85579","26","4541051"
"chr7","4636237","4636506","KN294443v1","592780","593059","44","4043457"
"chr7","4645393","4645689","KN294180v1","5181","5476","38","4640212"
"chr7","4649194","4649525","KN295735v1","713634","713968","40","3935560"
"chr7","4660004","4660301","KN295114v1","69156","69454","40","4590848"
"chr7","4664666","4664966","KN294571v1","890748","891049","51","3773918"
"chr7","4673092","4673394","KN296127v1","1172","1469","38","4671920"
"chr7","4681348","4681669","KN296484v1","351750","352061","44","4329598"
"chr7","4681779","4682071","KN296225v1","861361","861684","57","3820418"
"chr7","4691862","4692170","KN296864v1","3164724","3165032","33","1527138"
"chr7","4710346","4710632","KN296225v1","826972","827283","43","3883374"
"chr7","4721096","4721399","KN296743v1","462365","462656","42","4258731"
"chr7","4751099","4751401","KN296225v1","790874","791179","22","3960225"
"chr7","4752363","4752664","KN297023v1","480259","480560","37","4272104"
"chr7","4756021","4756331","KN296225v1","786378","786689","25","3969643"
"chr7","4763940","4763987","KN296096v1","2690101","2690141","14","2073839"
"chr7","4764607","4764812","KN296496v1","262769","262982","29","4501838"
"chr7","4774380","4774678","KN297245v1","1416081","1416379","28","3358299"
"chr7","4777935","4778246","KN296225v1","761499","761805","29","4016436"
"chr7","4778654","4778961","KN296225v1","760784","761091","24","4017870"
"chr7","4781983","4782293","KN296225v1","757196","757509","34","4024787"
"chr7","4785420","4785714","KN295871v1","615076","615373","34","4170344"
"chr7","4810508","4810807","KN296225v1","723708","724013","28","4086800"
"chr7","4818159","4818370","KN296426v1","64367","64561","41","4753792"
"chr7","4818433","4818731","KN297245v1","1416081","1416379","34","3402352"
"chr7","4823030","4823316","KN296225v1","710666","710954","28","4112364"
"chr7","4824254","4824553","KN296225v1","709458","709759","25","4114796"
"chr7","4828206","4828505","KN296225v1","702028","702339","31","4126178"
"chr7","4831170","4831475","KN296225v1","698754","699063","24","4132416"
"chr7","4835497","4835798","KN296225v1","693565","693872","32","4141932"
"chr7","4840466","4840762","KN297233v1","1175420","1175710","35","3665046"
"chr7","4843080","4843401","KN294257v1","1781237","1781560","49","3061843"
"chr7","4865979","4866277","KN294790v1","163386","163690","42","4702593"
"chr7","4878206","4878518","KN295735v1","713972","714275","54","4164234"
"chr7","4882492","4882805","KN296225v1","643109","643403","32","4239383"
"chr7","4888606","4888911","KN296225v1","636969","637261","27","4251637"
"chr7","4891951","4892237","KN294662v1","218243","218524","43","4673708"
"chr7","4900785","4901069","KN296775v1","972150","972439","33","3928635"
"chr7","4916405","4916702","KN295198v1","274974","275272","31","4641431"
"chr7","4922678","4922971","KN296225v1","571832","572130","29","4350846"
"chr7","4925457","4925768","KN296225v1","574631","574958","49","4350826"
"chr7","4928757","4929050","KN295735v1","822355","822644","39","4106402"
"chr7","4931618","4931929","KN295366v1","311764","312074","37","4619854"
"chr7","4947085","4947392","KN296225v1","596678","596984","32","4350407"
"chr7","4957627","4957913","KN296495v1","1951647","1951933","37","3005980"
"chr7","4961154","4961302","KN296258v1","151999","152147","25","4809155"
"chr7","4965173","4965357","KN295090v1","209666","209854","52","4755507"
"chr7","4967909","4968209","KN294991v1","1014370","1014671","36","3953539"
"chr7","4972259","4972551","KN296225v1","552599","552889","40","4419660"
"chr7","4983162","4983439","KN296643v1","320291","320573","39","4662871"
"chr7","4997674","4997991","KN294548v1","1161001","1161308","43","3836673"
"chr7","5002207","5002501","KN296225v1","521325","521623","37","4480882"
"chr7","5005375","5005672","KN296225v1","518203","518493","23","4487172"
"chr7","5011347","5011637","KN296225v1","510786","511076","41","4500561"
"chr7","5014794","5015093","KN295480v1","1302107","1302401","35","3712687"
"chr7","5017195","5017501","KN294457v1","96806","97114","43","4920389"
"chr7","5027262","5027561","KN296225v1","492697","492996","36","4534565"
"chr7","5031259","5031570","KN296357v1","431311","431620","34","4599948"
"chr7","5036696","5036995","KN296225v1","481151","481454","31","4555545"
"chr7","5046060","5046367","KN296225v1","472404","472704","29","4573656"
"chr7","5048952","5049108","KN295633v1","2201470","2201628","22","2847482"
"chr7","5050986","5051294","KN295319v1","42222","42534","42","5008764"
"chr7","5052043","5052216","KN294987v1","480021","480187","32","4572022"
"chr7","5059590","5059845","KN297112v1","1049256","1049509","36","4010334"
"chr7","5074681","5074968","KN295198v1","668572","668856","37","4406109"
"chr7","5079546","5079855","KN296019v1","408064","408375","33","4671482"
"chr7","5080029","5080340","KN296495v1","550769","551079","37","4529260"
"chr7","5083578","5083894","KN296225v1","426428","426729","41","4657150"
"chr7","5087148","5087442","KN297008v1","1825305","1825608","30","3261843"
"chr7","5089608","5089888","KN296225v1","419055","419335","35","4670553"
"chr7","5099967","5100266","KN296225v1","408327","408631","24","4691640"
"chr7","5101246","5101546","KN296225v1","407360","407662","27","4693886"
"chr7","5103285","5103590","KN297112v1","747946","748252","45","4355339"
"chr7","5107790","5108086","KN294187v1","1109661","1109959","30","3998129"
"chr7","5143580","5143873","KN296498v1","366791","367090","45","4776789"
"chr7","5154037","5154341","KN296225v1","352085","352384","29","4801952"
"chr7","5163092","5163384","KN295480v1","1302107","1302401","41","3860985"
"chr7","5190926","5191224","KN296225v1","313444","313758","37","4877482"
"chr7","5208432","5208735","KN294705v1","623696","624002","37","4584736"
"chr7","5231012","5231329","KN296225v1","274189","274493","41","4956823"
"chr7","5254745","5255051","KN295748v1","161587","161896","38","5093158"
"chr7","5284358","5284655","KN296225v1","220312","220620","34","5064046"
"chr7","5291882","5292164","KN297186v1","1381942","1382225","35","3909940"
"chr7","5295759","5296059","KN294668v1","2149994","2150293","39","3145765"
"chr7","5323447","5323711","KN294187v1","276844","277111","40","5046603"
"chr7","5326877","5327176","KN294571v1","1575904","1576204","50","3750973"
"chr7","5333659","5333954","KN295343v1","729289","729587","27","4604370"
"chr7","5338891","5339188","KN294147v1","1603851","1604147","36","3735040"
"chr7","5349187","5349488","KN296225v1","148694","148994","23","5200493"
"chr7","5364098","5364405","KN296225v1","132349","132654","26","5231749"
"chr7","5368066","5368369","KN294790v1","163386","163690","40","5204680"
"chr7","5368775","5369062","KN295987v1","138341","138634","50","5230434"
"chr7","5373480","5373785","KN294705v1","623696","624002","39","4749784"
"chr7","5374248","5374511","KN296492v1","281214","281480","35","5093034"
"chr7","5376135","5376431","KN295430v1","1217885","1218183","41","4158250"
"chr7","5385082","5385378","KN295571v1","203398","203695","37","5181684"
"chr7","5390650","5390939","KN294345v1","1119451","1119736","43","4271199"
"chr7","5396857","5397130","KN294443v1","592780","593059","43","4804077"
"chr7","5400959","5401259","KN294172v1","5068589","5068889","35","332370"
"chr7","5406647","5406912","KN296225v1","85313","85579","24","5321334"
"chr7","5411526","5411815","KN296225v1","75242","75536","39","5336284"
"chr7","5414890","5415189","KN297044v1","561559","561858","34","4853331"
"chr7","5418489","5418795","KN294375v1","493338","493642","39","4925151"
"chr7","5420067","5420384","KN296294v1","182721","183030","43","5237346"
"chr7","5423051","5423406","KN296311v1","5462052","5462406","66","39001"
"chr7","5423787","5424093","KN296702v1","1007161","1007454","45","4416626"
"chr7","5424096","5424409","KN296308v1","982618","982927","47","4441478"
"chr7","5425838","5426137","KN294911v1","628968","629266","38","4796870"
"chr7","5432420","5432718","KN294444v1","166708","167002","39","5265712"
"chr7","5435912","5436212","KN296187v1","232705","233008","35","5203207"
"chr7","5437142","5437439","KN295637v1","803620","803915","38","4633522"
"chr7","5447503","5447800","KN296225v1","38657","38945","31","5408846"
"chr7","5468853","5469165","KN295326v1","236266","236568","47","5232587"
"chr7","5485572","5485873","KN296225v1","1319","1604","40","5484253"
"chr7","5495097","5495315","KN295977v1","1276894","1277103","60","4218203"
"chr7","5507219","5507502","KN296062v1","608058","608345","27","4899161"
"chr7","5575305","5575606","KN295533v1","216144","216441","40","5359161"
"chr7","5579929","5580219","KN295102v1","222669","222960","34","5357260"
"chr7","5583146","5583454","KN294378v1","1504358","1504668","41","4078788"
"chr7","5588580","5588864","KN296119v1","4282142","4282432","50","1306438"
"chr7","5593200","5593497","KN297044v1","281000","281294","31","5312200"
"chr7","5602788","5603095","KN297159v1","1746938","1747242","48","3855850"
"chr7","5738396","5738690","KN295814v1","158538","158819","39","5579858"
"chr7","5765995","5766300","KN294470v1","2878982","2879283","38","2887013"
"chr7","5784322","5784620","KN296812v1","653792","654089","23","5130530"
"chr7","5837312","5837611","KN296812v1","722073","722359","34","5115239"
"chr7","6056196","6056497","KN297023v1","480259","480560","34","5575937"
"chr7","6082976","6083282","KN296008v1","217357","217656","39","5865619"
"chr7","6098671","6098957","KN296367v1","648064","648354","35","5450607"
"chr7","6205940","6206223","KN296577v1","39869","40161","49","6166071"
"chr7","6237063","6237321","KN294218v1","2753577","2753834","41","3483486"
"chr7","6245207","6245506","KN294456v1","1098138","1098439","44","5147069"
"chr7","6260839","6261150","KN295301v1","761923","762233","37","5498916"
"chr7","6266561","6266855","KN294733v1","607498","607793","36","5659063"
"chr7","6445704","6446015","KN295907v1","257976","258287","36","6187728"
"chr7","6528619","6528918","KN297245v1","1416081","1416379","44","5112538"
"chr7","6554275","6554489","KN295835v1","199186","199432","62","6355089"
"chr7","6609442","6609699","KN296153v1","28951","29209","34","6580491"
"chr7","6619480","6619792","KN295459v1","673095","673397","52","5946385"
"chr7","6625175","6625487","KN296311v1","8317826","8318133","41","1692651"
"chr7","6650922","6651218","KN294181v1","1437190","1437488","36","5213732"
"chr7","6667262","6667540","KN296859v1","1581704","1581985","38","5085558"
"chr7","6721632","6721930","KN294456v1","1098138","1098439","43","5623494"
"chr7","6730792","6731089","KN296557v1","13515","13811","35","6717277"
"chr7","6746975","6747273","KN294187v1","1509130","1509430","36","5237845"
"chr7","6769632","6769926","KN295523v1","3435976","3436268","36","3333656"
"chr7","6909944","6910252","KN295963v1","374426","374734","26","6535518"
"chr7","7209319","7209583","KN295963v1","58080","58346","26","7151239"
"chr7","7622726","7623021","KN296356v1","447025","447316","36","7175701"
"chr7","7646104","7646385","KN296356v1","472734","473017","23","7173370"
"chr7","7717714","7718004","KN294630v1","347871","348153","50","7369843"
"chr7","7798378","7798700","KN295459v1","1030536","1030859","45","6767842"
"chr7","7881222","7881540","KN296357v1","43886","44175","64","7837336"
"chr7","7915543","7915862","KN296356v1","796242","796539","45","7119301"
"chr7","7925604","7925898","KN295430v1","2355601","2355902","36","5570003"
"chr7","8309906","8310191","KN296849v1","723536","723825","41","7586370"
"chr7","8345193","8345352","KN297154v1","189572","189735","32","8155621"
"chr7","8449986","8450205","KN294378v1","1356879","1357083","37","7093107"
"chr7","8554520","8554823","KN294995v1","15599","15901","44","8538921"
"chr7","8651634","8651940","KN294856v1","158144","158448","37","8493490"
"chr7","8668661","8668857","KN295623v1","489153","489342","29","8179508"
"chr7","8708544","8708839","KN295337v1","232498","232794","37","8476046"
"chr7","8862702","8862905","KN295571v1","126976","127187","39","8735726"
"chr7","8876753","8877056","KN296460v1","110035","110338","45","8766718"
"chr7","8947568","8947871","KN294991v1","724427","724724","48","8223141"
"chr7","9038534","9038831","KN297401v1","45117","45410","34","8993417"
"chr7","9100720","9101017","KN297401v1","45117","45410","35","9055603"
"chr7","9176690","9176972","KN297401v1","110387","110695","49","9066303"
"chr7","9329548","9329853","KN295605v1","271923","272227","41","9057625"
"chr7","9378344","9378637","KN295962v1","1250571","1250864","48","8127773"
"chr7","9385557","9385873","KN295433v1","250702","251008","39","9134855"
"chr7","9504024","9504315","KN295871v1","681623","681917","47","8822401"
"chr7","9519933","9520222","KN295523v1","4041378","4041676","42","5478555"
"chr7","9534305","9534605","KN294187v1","158362","158655","52","9375943"
"chr7","9540126","9540416","KN297146v1","129898","130192","35","9410228"
"chr7","9554515","9554815","KN294527v1","283192","283491","38","9271323"
"chr7","9572589","9572872","KN294570v1","116175","116454","43","9456414"
"chr7","9650014","9650290","KN295601v1","2985194","2985471","49","6664820"
"chr7","9760479","9760786","KN296404v1","2534470","2534781","40","7226009"
"chr7","9782101","9782410","KN295487v1","52973","53281","36","9729128"
"chr7","9792549","9792879","KN297386v1","2180183","2180511","41","7612366"
"chr7","9885526","9885825","KN296884v1","80185","80481","38","9805341"
"chr7","9915670","9915976","KN296322v1","1793698","1794004","43","8121972"
"chr7","9949868","9950194","KN294991v1","1692556","1692877","46","8257312"
"chr7","10715711","10716020","KN296775v1","880111","880413","39","9835600"
"chr7","10873257","10873532","KN294777v1","603434","603706","37","10269823"
"chr7","10966263","10966551","KN296795v1","1228994","1229286","36","9737269"
"chr7","11143153","11143452","KN296153v1","1090111","1090408","36","10053042"
"chr7","11275831","11276121","KN294407v1","157922","158207","36","11117909"
"chr7","11285258","11285541","KN296775v1","1088446","1088732","42","10196812"
"chr7","11325234","11325534","KN294470v1","518751","519054","34","10806483"
"chr7","11379366","11379678","KN296096v1","2698005","2698314","42","8681361"
"chr7","11387890","11388202","KN294181v1","1370167","1370478","43","10017723"
"chr7","11463918","11464228","KN297023v1","480259","480560","32","10983659"
"chr7","11627725","11628029","KN294705v1","237979","238279","42","11389746"
"chr7","11669110","11669386","KN295996v1","639252","639528","36","11029858"
"chr7","11680305","11680602","KN295394v1","556635","556929","48","11123670"
"chr7","11714346","11714658","KN295487v1","52973","53281","41","11661373"
"chr7","11788082","11788407","KN294147v1","395582","395901","46","11392500"
"chr7","11863692","11863989","KN294539v1","1287945","1288241","31","10575747"
"chr7","12071217","12071533","KN296108v1","36408","36727","48","12034809"
"chr7","12081627","12081934","KN294604v1","502155","502458","32","11579472"
"chr7","12101751","12102053","KN295315v1","1178596","1178904","45","10923155"
"chr7","12114854","12115148","KN295871v1","542479","542775","35","11572375"
"chr7","12218564","12218865","KN294199v1","636506","636815","47","11582058"
"chr7","12302465","12302771","KN295343v1","729289","729587","47","11573176"
"chr7","12383143","12383453","KN295708v1","2271788","2272099","40","10111355"
"chr7","12509512","12509811","KN295855v1","83587","83886","32","12425925"
"chr7","12524147","12524435","KN295828v1","1278471","1278759","39","11245676"
"chr7","12535624","12535934","KN296563v1","140297","140600","32","12395327"
"chr7","12683697","12683991","KN294917v1","381012","381307","35","12302685"
"chr7","12755513","12755807","KN295323v1","187913","188204","49","12567600"
"chr7","12811058","12811364","KN295294v1","919323","919630","34","11891735"
"chr7","13028376","13028673","KN294377v1","1820830","1821125","37","11207546"
"chr7","13067765","13068059","KN294181v1","1637460","1637759","37","11430305"
"chr7","13205223","13205471","KN297112v1","1049256","1049509","48","12155967"
"chr7","13264276","13264567","KN294377v1","1598051","1598341","28","11666225"
"chr7","13293605","13293907","KN295708v1","2570337","2570640","36","10723268"
"chr7","13313980","13314296","KN296391v1","166744","167065","46","13147236"
"chr7","13645136","13645449","KN295497v1","271857","272164","44","13373279"
"chr7","13733728","13734041","KN297408v1","734557","734864","51","12999171"
"chr7","13761819","13762129","KN296036v1","687150","687461","42","13074669"
"chr7","13812624","13812938","KN295708v1","1431107","1431415","50","12381517"
"chr7","13867075","13867375","KN294172v1","5769715","5770020","51","8097360"
"chr7","13946481","13946801","KN294302v1","375312","375628","50","13571169"
"chr7","13977524","13977828","KN296365v1","603405","603707","40","13374119"
"chr7","13982560","13982851","KN294705v1","867156","867449","38","13115404"
"chr7","14074280","14074577","KN294377v1","763285","763564","42","13310995"
"chr7","14116543","14116855","KN294229v1","314183","314477","61","13802360"
"chr7","14148457","14148755","KN296682v1","4864316","4864610","40","9284141"
"chr7","14208425","14208718","KN294377v1","631666","631974","51","13576759"
"chr7","14245875","14246164","KN294377v1","593666","593953","29","13652209"
"chr7","14253621","14253930","KN295996v1","133342","133652","40","14120279"
"chr7","14261730","14262024","KN294377v1","577648","577945","28","13684082"
"chr7","14292000","14292307","KN294407v1","2157068","2157379","40","12134932"
"chr7","14326721","14326987","KN294377v1","508691","508956","25","13818030"
"chr7","14341520","14341811","KN294439v1","225059","225346","48","14116461"
"chr7","14388851","14389130","KN297008v1","6417285","6417564","43","7971566"
"chr7","14397485","14397785","KN295731v1","46961","47258","32","14350524"
"chr7","14430252","14430557","KN294377v1","395241","395545","32","14035011"
"chr7","14448237","14448549","KN294387v1","2556874","2557184","42","11891363"
"chr7","14460162","14460445","KN295371v1","448057","448341","32","14012105"
"chr7","14505921","14506234","KN297158v1","780384","780692","40","13725537"
"chr7","14626365","14626695","KN295315v1","857241","857578","61","13769124"
"chr7","14675818","14676132","KN294377v1","158276","158579","30","14517542"
"chr7","14735181","14735487","KN294377v1","94701","95007","38","14640480"
"chr7","14793491","14793787","KN294377v1","29672","29975","28","14763819"
"chr7","14798732","14799026","KN294377v1","24418","24738","50","14774314"
"chr7","14823093","14823395","KN294457v1","515692","515995","41","14307401"
"chr7","14850930","14851235","KN294548v1","1161001","1161308","41","13689929"
"chr7","14991102","14991390","KN294407v1","598111","598399","45","14392991"
"chr7","14993038","14993329","KN294326v1","619990","620278","41","14373048"
"chr7","15063957","15064266","KN295038v1","1353081","1353390","41","13710876"
"chr7","15065120","15065411","KN294147v1","1191891","1192182","40","13873229"
"chr7","15081206","15081515","KN294486v1","1758447","1758757","32","13322759"
"chr7","15090794","15091097","KN294378v1","1504358","1504668","48","13586436"
"chr7","15095478","15095806","KN296200v1","152896","153211","50","14942582"
"chr7","15150926","15151222","KN294592v1","1225948","1226246","42","13924978"
"chr7","15155227","15155521","KN294172v1","6311128","6311420","40","8844099"
"chr7","15158077","15158369","KN295729v1","826689","826980","35","14331388"
"chr7","15161178","15161470","KN295474v1","1438594","1438859","49","13722584"
"chr7","15163310","15163609","KN296290v1","436882","437182","38","14726428"
"chr7","15179617","15179925","KN294761v1","363307","363610","45","14816310"
"chr7","15196506","15196711","KN295441v1","1457453","1457675","40","13739053"
"chr7","15211890","15212183","KN295729v1","826689","826980","31","14385201"
"chr7","15214246","15214550","KN295487v1","52973","53281","32","15161273"
"chr7","15258498","15258795","KN296263v1","810253","810550","40","14448245"
"chr7","15264476","15264773","KN294470v1","2136945","2137241","39","13127531"
"chr7","15308361","15308655","KN294911v1","2646845","2647138","42","12661516"
"chr7","15319616","15319917","KN296430v1","1105044","1105344","41","14214572"
"chr7","15353873","15354183","KN295607v1","153133","153443","45","15200740"
"chr7","15378475","15378768","KN295893v1","5868091","5868383","35","9510384"
"chr7","15444904","15445206","KN296498v1","95172","95471","32","15349732"
"chr7","15503123","15503421","KN296921v1","2918407","2918707","42","12584716"
"chr7","15511329","15511637","KN295974v1","2516789","2517093","37","12994540"
"chr7","15723772","15724082","KN294630v1","298864","299170","39","15424908"
"chr7","15739010","15739301","KN294665v1","193730","194019","46","15545280"
"chr7","15822893","15823202","KN295410v1","554975","555277","57","15267918"
"chr7","15842971","15843277","KN294879v1","533741","534047","35","15309230"
"chr7","15866364","15866652","KN295977v1","899017","899304","37","14967347"
"chr7","15964811","15965094","KN297112v1","2725693","2725979","38","13239118"
"chr7","16085130","16085441","KN294266v1","214101","214406","43","15871029"
"chr7","16089306","16089595","KN295605v1","301110","301399","37","15788196"
"chr7","16099249","16099527","KN295987v1","1241626","1241902","42","14857623"
"chr7","16120903","16121201","KN295735v1","951893","952189","40","15169010"
"chr7","16248556","16248860","KN295352v1","1345858","1346165","42","14902698"
"chr7","16436284","16436580","KN294761v1","363307","363610","44","16072977"
"chr7","16441658","16441938","KN297038v1","252214","252490","48","16189444"
"chr7","16496551","16496849","KN295573v1","502898","503186","39","15993653"
"chr7","16556831","16556988","KN296747v1","128765","128916","26","16428066"
"chr7","16566135","16566438","KN294879v1","76546","76849","40","16489589"
"chr7","16570597","16570895","KN297141v1","867074","867363","46","15703523"
"chr7","16574390","16574678","KN296311v1","4164279","4164567","35","12410111"
"chr7","16586196","16586497","KN296247v1","901747","902047","40","15684449"
"chr7","16607790","16608094","KN296322v1","2692700","2693002","55","13915090"
"chr7","16620300","16620541","KN295835v1","199186","199432","41","16421114"
"chr7","16630043","16630285","KN295835v1","199186","199432","41","16430857"
"chr7","16644954","16645270","KN296311v1","3556438","3556761","52","13088516"
"chr7","16665649","16665838","KN296096v1","3378902","3379084","35","13286747"
"chr7","16683483","16683795","KN294987v1","477233","477538","41","16206250"
"chr7","16939500","16939661","KN295977v1","1047465","1047630","23","15892035"
"chr7","17263577","17263835","KN295735v1","695987","696249","40","16567590"
"chr7","17368058","17368354","KN295236v1","1479017","1479312","38","15889041"
"chr7","17377309","17377605","KN297046v1","1131170","1131467","42","16246139"
"chr7","17485856","17486166","KN294421v1","274187","274491","44","17211669"
"chr7","17767880","17768173","KN296322v1","999480","999773","43","16768400"
"chr7","17895046","17895323","KN297242v1","2046546","2046825","40","15848500"
"chr7","17896750","17897059","KN294421v1","1642258","1642561","38","16254492"
"chr7","18018367","18018664","KN295607v1","4406348","4406645","32","13612019"
"chr7","18138666","18138968","KN294790v1","163386","163690","44","17975280"
"chr7","18178823","18178986","KN295940v1","104364","104519","27","18074459"
"chr7","18291688","18292010","KN296460v1","119303","119632","43","18172385"
"chr7","18386808","18387084","KN297274v1","1376580","1376857","44","17010228"
"chr7","18459328","18459641","KN294842v1","1045125","1045428","42","17414203"
"chr7","18462337","18462487","KN297259v1","63501","63656","22","18398836"
"chr7","18470665","18470950","KN296019v1","412819","413103","41","18057846"
"chr7","18517885","18518188","KN295090v1","1849079","1849376","42","16668806"
"chr7","18710606","18710890","KN295003v1","167988","168273","38","18542618"
"chr7","18787911","18788208","KN294407v1","3027269","3027567","40","15760642"
"chr7","18795558","18795816","KN296922v1","408403","408659","42","18387155"
"chr7","18807703","18808012","KN295366v1","78980","79290","41","18728723"
"chr7","18869208","18869515","KN296643v1","852402","852709","33","18016806"
"chr7","18891926","18892214","KN297233v1","1175420","1175710","44","17716506"
"chr7","18928594","18928882","KN295735v1","822355","822644","38","18106239"
"chr7","18966223","18966519","KN296357v1","483169","483462","35","18483054"
"chr7","18996776","18997062","KN294571v1","671930","672216","42","18324846"
"chr7","19058984","19059286","KN296261v1","261747","262047","38","18797237"
"chr7","19116648","19116944","KN296109v1","3026","3314","25","19113622"
"chr7","19132387","19132700","KN294207v1","235432","235740","42","18896955"
"chr7","19220424","19220742","KN296109v1","94984","95293","40","19125440"
"chr7","19229739","19230038","KN296109v1","104729","105032","34","19125010"
"chr7","19250199","19250502","KN296109v1","125803","126104","25","19124396"
"chr7","19321894","19322176","KN296109v1","197864","198143","31","19124030"
"chr7","19327116","19327415","KN296109v1","203197","203496","27","19123919"
"chr7","19327781","19328079","KN297219v1","1863442","1863740","37","17464339"
"chr7","19334442","19334709","KN295633v1","1133330","1133601","39","18201112"
"chr7","19340329","19340620","KN296109v1","216415","216706","22","19123914"
"chr7","19352715","19353013","KN294218v1","382271","382572","42","18970444"
"chr7","19368374","19368668","KN294705v1","867156","867449","33","18501218"
"chr7","19424635","19424918","KN296109v1","299657","299946","29","19124978"
"chr7","19440461","19440764","KN296109v1","319876","320175","24","19120585"
"chr7","19452996","19453294","KN294879v1","66636","66931","33","19386360"
"chr7","19492468","19492762","KN294470v1","2136945","2137241","33","17355523"
"chr7","19512673","19512973","KN296109v1","391398","391686","31","19121275"
"chr7","19653501","19653789","KN296109v1","529909","530212","35","19123592"
"chr7","19654443","19654733","KN295941v1","2120496","2120783","42","17533947"
"chr7","19719092","19719399","KN294407v1","2157068","2157379","47","17562024"
"chr7","19770108","19770399","KN296109v1","645009","645302","39","19125099"
"chr7","19805624","19805902","KN294251v1","1151512","1151787","39","18654112"
"chr7","19833216","19833525","KN296109v1","703024","703328","37","19130192"
"chr7","19880962","19881237","KN296109v1","746578","746844","27","19134384"
"chr7","19955783","19955989","KN296153v1","2232187","2232391","35","17723596"
"chr7","19956192","19956287","KN296528v1","1266098","1266193","14","18690094"
"chr7","19977528","19977832","KN296109v1","847535","847852","26","19129993"
"chr7","19988842","19989137","KN296109v1","858854","859153","29","19129988"
"chr7","20035523","20035817","KN294187v1","1334472","1334758","43","18701051"
"chr7","20040700","20041010","KN296138v1","127357","127668","38","19913343"
"chr7","20062037","20062323","KN296109v1","932976","933267","31","19129061"
"chr7","20062716","20063018","KN294803v1","119274","119577","37","19943442"
"chr7","20078188","20078460","KN296109v1","949129","949404","37","19129059"
"chr7","20097547","20097830","KN295708v1","853452","853731","36","19244095"
"chr7","20132883","20133187","KN295326v1","192748","193053","32","19940135"
"chr7","20336227","20336524","KN296109v1","1186671","1186976","33","19149556"
"chr7","20347910","20348214","KN294451v1","1139913","1140218","30","19207997"
"chr7","20431989","20432275","KN294407v1","3027269","3027567","44","17404720"
"chr7","20445659","20445947","KN294475v1","890291","890578","25","19555368"
"chr7","20452591","20452886","KN296557v1","18517","18814","29","20434074"
"chr7","20472912","20473209","KN294475v1","860976","861285","36","19611936"
"chr7","20479880","20480178","KN294475v1","853097","853407","38","19626783"
"chr7","20531904","20532212","KN294662v1","146480","146789","35","20385424"
"chr7","20581479","20581789","KN294475v1","753767","754078","47","19827712"
"chr7","20613443","20613748","KN294208v1","576366","576666","45","20037077"
"chr7","20621220","20621521","KN294475v1","710514","710817","29","19910706"
"chr7","20626542","20626836","KN294977v1","13264","13560","37","20613278"
"chr7","20643600","20643840","KN294475v1","686742","686984","21","19956858"
"chr7","20658832","20659124","KN296153v1","2750284","2750585","49","17908548"
"chr7","20751537","20751835","KN296643v1","57707","58008","37","20693830"
"chr7","20777093","20777395","KN294475v1","553142","553431","38","20223951"
"chr7","20803217","20803529","KN297190v1","4531063","4531368","48","16272154"
"chr7","20855150","20855458","KN294856v1","158144","158448","50","20697006"
"chr7","20866600","20866904","KN295371v1","763803","764104","36","20102797"
"chr7","20867047","20867351","KN294475v1","461951","462249","30","20405096"
"chr7","20869906","20870216","KN295893v1","2430995","2431307","39","18438911"
"chr7","20900044","20900355","KN294475v1","428927","429238","19","20471117"
"chr7","20976781","20977073","KN295090v1","2690691","2690984","35","18286090"
"chr7","20997596","20997907","KN296503v1","58212","58521","41","20939384"
"chr7","21088711","21089008","KN294475v1","234747","235042","22","20853964"
"chr7","21119494","21119802","KN296486v1","408244","408551","36","20711250"
"chr7","21146154","21146450","KN296557v1","18517","18814","42","21127637"
"chr7","21156345","21156645","KN296120v1","97267","97566","32","21059078"
"chr7","21175983","21176316","KN294728v1","748340","748672","49","20427643"
"chr7","21196183","21196486","KN294475v1","169623","169921","24","21026560"
"chr7","21211797","21212103","KN294475v1","154020","154312","34","21057777"
"chr7","21295699","21295999","KN294475v1","68171","68472","27","21227528"
"chr7","21309162","21309468","KN294475v1","54264","54571","24","21254898"
"chr7","21319940","21320118","KN295869v1","1173650","1173831","37","20146290"
"chr7","21422094","21422387","KN296964v1","1801449","1801744","30","19620645"
"chr7","21422978","21423275","KN294294v1","190102","190394","19","21232876"
"chr7","21426790","21427087","KN294294v1","186256","186557","32","21240534"
"chr7","21452765","21453082","KN297058v1","337663","337969","44","21115102"
"chr7","21460571","21460748","KN294187v1","367609","367787","24","21092962"
"chr7","21463798","21464020","KN295405v1","757351","757593","54","20706447"
"chr7","21472411","21472712","KN294294v1","142233","142532","25","21330178"
"chr7","21478083","21478388","KN294879v1","76546","76849","42","21401537"
"chr7","21499216","21499513","KN295893v1","1265746","1266047","37","20233470"
"chr7","21520152","21520446","KN295090v1","1516878","1517168","37","20003274"
"chr7","21523119","21523424","KN296743v1","1884493","1884790","46","19638626"
"chr7","21542433","21542614","KN295814v1","118840","119024","29","21423593"
"chr7","21575374","21575682","KN294294v1","54976","55286","30","21520398"
"chr7","21602927","21603241","KN294294v1","27959","28269","34","21574968"
"chr7","21649414","21649711","KN295529v1","49798","50110","34","21599616"
"chr7","21662573","21662873","KN295236v1","5356462","5356765","47","16306111"
"chr7","21662973","21663269","KN294456v1","1143112","1143404","33","20519861"
"chr7","21680072","21680373","KN294581v1","619147","619445","29","21060925"
"chr7","21712439","21712703","KN294991v1","995507","995758","49","20716932"
"chr7","21719597","21719904","KN294172v1","6150520","6150824","50","15569077"
"chr7","21758255","21758546","KN295708v1","2784035","2784327","35","18974220"
"chr7","21803674","21803955","KN296296v1","282324","282612","57","21521350"
"chr7","21806160","21806462","KN296588v1","938682","938981","38","20867478"
"chr7","21821923","21822207","KN295995v1","1026531","1026811","33","20795392"
"chr7","21830480","21830783","KN295439v1","102691","103000","39","21727789"
"chr7","21845339","21845661","KN295708v1","2271788","2272099","46","19573551"
"chr7","21857642","21857876","KN295424v1","586223","586460","47","21271419"
"chr7","21862767","21863071","KN296484v1","351750","352061","42","21511017"
"chr7","21892793","21893108","KN294421v1","376479","376787","40","21516314"
"chr7","21899427","21899724","KN296096v1","80587","80891","40","21818840"
"chr7","21904495","21904782","KN296153v1","2393235","2393519","33","19511260"
"chr7","21905587","21905845","KN296036v1","300943","301205","39","21604644"
"chr7","21910481","21910770","KN294561v1","1887166","1887450","44","20023315"
"chr7","21924338","21924613","KN297078v1","1507520","1507800","42","20416818"
"chr7","21936371","21936674","KN294446v1","359036","359333","48","21577335"
"chr7","21936724","21936967","KN295405v1","757351","757593","40","21179373"
"chr7","21962410","21962720","KN295983v1","1699675","1699986","35","20262735"
"chr7","21997788","21998079","KN295405v1","167029","167319","49","21830759"
"chr7","22008286","22008593","KN294603v1","63949","64255","39","21944337"
"chr7","22017205","22017510","KN294705v1","1537713","1538021","38","20479492"
"chr7","22023029","22023317","KN294633v1","106169","106453","41","21916860"
"chr7","22031392","22031713","KN294399v1","47743","48054","46","21983649"
"chr7","22034689","22034994","KN294224v1","1088971","1089270","43","20945718"
"chr7","22041017","22041313","KN294229v1","110402","110697","39","21930615"
"chr7","22050433","22050742","KN295439v1","66534","66843","36","21983899"
"chr7","22051821","22052125","KN294172v1","3983440","3983739","42","18068381"
"chr7","22053117","22053395","KN295705v1","2455563","2455854","47","19597554"
"chr7","22057372","22057689","KN294911v1","628968","629266","54","21428404"
"chr7","22059445","22059749","KN296357v1","759771","760073","39","21299674"
"chr7","22061265","22061566","KN294470v1","2136945","2137241","43","19924320"
"chr7","22061906","22062180","KN297171v1","2628817","2629092","38","19433089"
"chr7","22066649","22066935","KN296435v1","1563458","1563750","42","20503191"
"chr7","22103176","22103486","KN295112v1","477640","477949","41","21625536"
"chr7","22107686","22108000","KN296287v1","68923","69230","38","22038763"
"chr7","22115715","22116010","KN296498v1","95172","95471","37","22020543"
"chr7","22116055","22116351","KN297259v1","1695445","1695737","42","20420610"
"chr7","22117260","22117551","KN294705v1","867156","867449","40","21250104"
"chr7","22125616","22125857","KN295405v1","757351","757593","57","21368265"
"chr7","22130077","22130382","KN296306v1","3804505","3804803","40","18325572"
"chr7","22140423","22140721","KN296620v1","349918","350214","44","21790505"
"chr7","22145350","22145615","KN294592v1","90525","90788","39","22054825"
"chr7","22157269","22157561","KN295294v1","100097","100393","54","22057172"
"chr7","22162932","22163208","KN294251v1","1151512","1151787","33","21011420"
"chr7","22167709","22168007","KN294733v1","607498","607793","34","21560211"
"chr7","22169471","22169752","KN294536v1","1038630","1038907","45","21130841"
"chr7","22169871","22170173","KN295607v1","4377455","4377758","36","17792416"
"chr7","22171821","22172114","KN296557v1","13515","13811","39","22158306"
"chr7","22178642","22178934","KN294193v1","425211","425504","33","21753431"
"chr7","22207710","22207969","KN294991v1","995507","995758","41","21212203"
"chr7","22232372","22232691","KN294218v1","2148604","2148905","69","20083768"
"chr7","22252258","22252558","KN297276v1","74967","75265","37","22177291"
"chr7","22259596","22259894","KN294470v1","2299378","2299672","40","19960218"
"chr7","22351042","22351339","KN295343v1","729289","729587","35","21621753"
"chr7","22354339","22354625","KN296138v1","3145","3429","40","22351194"
"chr7","22366345","22366641","KN294526v1","334958","335253","37","22031387"
"chr7","22425751","22426040","KN294181v1","1424178","1424469","37","21001573"
"chr7","22435320","22435604","KN295523v1","196160","196440","34","22239160"
"chr7","22449061","22449348","KN294326v1","619990","620278","46","21829071"
"chr7","22462117","22462433","KN296145v1","3072127","3072422","55","19389990"
"chr7","22526873","22527172","KN295974v1","3009668","3009967","29","19517205"
"chr7","22558324","22558615","KN294470v1","2136945","2137241","33","20421379"
"chr7","22581928","22582214","KN296139v1","296788","297069","39","22285140"
"chr7","22683957","22684256","KN295701v1","683369","683675","43","22000588"
"chr7","22699317","22699591","KN294662v1","218243","218524","45","22481074"
"chr7","22868796","22869100","KN296335v1","76211","76503","34","22792585"
"chr7","22872695","22872999","KN294193v1","535425","535726","39","22337270"
"chr7","22882413","22882672","KN294172v1","4940663","4940925","39","17941750"
"chr7","22930740","22930981","KN296335v1","14873","15127","37","22915867"
"chr7","22943807","22944100","KN296921v1","2918407","2918707","35","20025400"
"chr7","22951616","22951885","KN294172v1","2969462","2969734","43","19982154"
"chr7","22959950","22960263","KN296153v1","863239","863546","44","22096711"
"chr7","22962474","22962769","KN295480v1","1302107","1302401","35","21660367"
"chr7","22989353","22989653","KN295480v1","1302107","1302401","45","21687246"
"chr7","23046065","23046365","KN296486v1","1266538","1266834","46","21779527"
"chr7","23053044","23053352","KN295748v1","161587","161896","39","22891457"
"chr7","23103920","23104215","KN295666v1","271667","271957","38","22832253"
"chr7","23121920","23122216","KN294375v1","891625","891917","38","22230295"
"chr7","23253984","23254269","KN296138v1","3145","3429","36","23250839"
"chr7","23286372","23286667","KN296475v1","161033","161325","42","23125339"
"chr7","23325493","23325772","KN297008v1","6862644","6862935","44","16462849"
"chr7","23363553","23363858","KN294399v1","47743","48054","43","23315810"
"chr7","23381392","23381682","KN294181v1","1424178","1424469","36","21957214"
"chr7","23389850","23390165","KN295177v1","214623","214931","42","23175227"
"chr7","23398915","23399111","KN296426v1","64367","64561","28","23334548"
"chr7","23426404","23426709","KN296643v1","47618","47923","40","23378786"
"chr7","23507834","23508050","KN295977v1","1276894","1277103","51","22230940"
"chr7","23519763","23520050","KN297190v1","726166","726449","36","22793597"
"chr7","23529580","23529883","KN294809v1","1033430","1033730","40","22496150"
"chr7","23584042","23584339","KN295301v1","716124","716425","41","22867918"
"chr7","23659585","23659895","KN296287v1","119329","119630","37","23540256"
"chr7","23666397","23666705","KN295433v1","250702","251008","40","23415695"
"chr7","23677264","23677575","KN296153v1","863239","863546","37","22814025"
"chr7","23678166","23678464","KN295343v1","729289","729587","28","22948877"
"chr7","23691219","23691530","KN295345v1","1051618","1051926","35","22639601"
"chr7","23696755","23697066","KN296809v1","763161","763473","33","22933594"
"chr7","23727408","23727700","KN294385v1","510756","511057","38","23216652"
"chr7","23754240","23754484","KN295405v1","757351","757593","41","22996889"
"chr7","23776398","23776675","KN297144v1","551355","551635","38","23225043"
"chr7","23796906","23797199","KN295996v1","495798","496097","42","23301108"
"chr7","23800567","23800861","KN296557v1","13515","13811","37","23787052"
"chr7","23806048","23806346","KN294470v1","2136945","2137241","40","21669103"
"chr7","23842071","23842357","KN295729v1","826689","826980","38","23015382"
"chr7","23939838","23940141","KN295090v1","632517","632822","43","23307321"
"chr7","24034114","24034425","KN297452v1","231523","231832","36","23802591"
"chr7","24067486","24067789","KN294571v1","1382955","1383261","38","22684531"
"chr7","24307560","24307862","KN294633v1","56373","56674","32","24251187"
"chr7","24397763","24398068","KN294960v1","1141","1447","50","24396622"
"chr7","24404076","24404395","KN295717v1","2349135","2349448","53","22054941"
"chr7","24499366","24499663","KN295090v1","1401971","1402267","38","23097395"
"chr7","24559121","24559410","KN297154v1","550534","550818","44","24008587"
"chr7","24565345","24565649","KN295487v1","52973","53281","36","24512372"
"chr7","24573784","24574070","KN294172v1","4320066","4320347","63","20253718"
"chr7","24601695","24602002","KN294911v1","2389002","2389309","35","22212693"
"chr7","24612532","24612822","KN295102v1","222669","222960","28","24389863"
"chr7","24633716","24634027","KN295748v1","161587","161896","35","24472129"
"chr7","24656468","24656786","KN295487v1","63299","63623","52","24593169"
"chr7","24669172","24669453","KN295371v1","448057","448341","42","24221115"
"chr7","24676533","24676843","KN297274v1","913488","913797","42","23763045"
"chr7","24682745","24683042","KN295977v1","1131033","1131330","29","23551712"
"chr7","24695661","24695960","KN295420v1","208371","208668","33","24487290"
"chr7","24707281","24707592","KN297229v1","501909","502213","40","24205372"
"chr7","24712160","24712455","KN296025v1","234668","234961","34","24477492"
"chr7","24722592","24722889","KN294613v1","327601","327901","36","24394991"
"chr7","24728873","24729174","KN296153v1","1090111","1090408","38","23638762"
"chr7","24750432","24750659","KN296315v1","1938166","1938391","34","22812266"
"chr7","24799577","24799876","KN296311v1","2283043","2283345","38","22516534"
"chr7","24810177","24810470","KN294911v1","628968","629266","39","24181209"
"chr7","24813084","24813377","KN295480v1","1302107","1302401","27","23510977"
"chr7","24822328","24822619","KN297112v1","4624230","4624516","39","20198098"
"chr7","24823337","24823642","KN295722v1","2673934","2674245","40","22149403"
"chr7","24846361","24846662","KN296153v1","1115266","1115561","43","23731095"
"chr7","24861878","24862041","KN294848v1","1183193","1183355","22","23678685"
"chr7","24866546","24866848","KN296495v1","686416","686720","40","24180130"
"chr7","24873019","24873323","KN296158v1","1175251","1175559","36","23697768"
"chr7","24888207","24888486","KN296495v1","1951647","1951933","38","22936560"
"chr7","24910204","24910493","KN295729v1","826689","826980","42","24083515"
"chr7","25054764","25055050","KN295923v1","880754","881043","37","24174010"
"chr7","25088833","25089127","KN296365v1","1595427","1595725","39","23493406"
"chr7","25161700","25162004","KN296829v1","581505","581808","35","24580195"
"chr7","25267018","25267319","KN294454v1","86482","86786","36","25180536"
"chr7","25291372","25291682","KN295045v1","77347","77661","47","25214025"
"chr7","25312310","25312638","KN296934v1","764547","764871","46","24547763"
"chr7","25411781","25412091","KN296303v1","514845","515157","33","24896936"
"chr7","25435345","25435661","KN296305v1","652930","653232","49","24782415"
"chr7","25438050","25438345","KN295871v1","542479","542775","36","24895571"
"chr7","25497092","25497398","KN294603v1","63949","64255","43","25433143"
"chr7","25502725","25503026","KN295984v1","2540291","2540591","48","22962434"
"chr7","25514078","25514360","KN296292v1","58796","59062","56","25455282"
"chr7","25527454","25527738","KN296513v1","2367758","2368048","41","23159696"
"chr7","25569985","25570293","KN294957v1","62097","62408","44","25507888"
"chr7","25609647","25609958","KN294182v1","650121","650430","36","24959526"
"chr7","25622084","25622388","KN296311v1","768493","768797","36","24853591"
"chr7","25627339","25627635","KN297322v1","1224244","1224547","34","24403095"
"chr7","25636073","25636387","KN295477v1","23872","24183","44","25612201"
"chr7","25644128","25644426","KN295814v1","1261993","1262292","47","24382135"
"chr7","25646223","25646521","KN295236v1","844452","844758","38","24801771"
"chr7","25658889","25659192","KN297023v1","480259","480560","33","25178630"
"chr7","25664111","25664403","KN296062v1","707939","708222","39","24956172"
"chr7","25667228","25667538","KN295301v1","761923","762233","34","24905305"
"chr7","25675993","25676291","KN295573v1","192599","192895","30","25483394"
"chr7","25822719","25823011","KN294456v1","1143112","1143404","41","24679607"
"chr7","25900668","25900964","KN297008v1","1825305","1825608","35","24075363"
"chr7","25951429","25951733","KN296311v1","768493","768797","32","25182936"
"chr7","25992960","25993254","KN294365v1","738785","739083","43","25254175"
"chr7","26002607","26002911","KN296158v1","1295346","1295657","42","24707261"
"chr7","26016188","26016487","KN294470v1","333509","333804","39","25682679"
"chr7","26026094","26026397","KN295430v1","2554896","2555197","35","23471198"
"chr7","26082776","26083088","KN294790v1","163386","163690","45","25919390"
"chr7","26097287","26097583","KN296955v1","778413","778706","45","25318874"
"chr7","26153836","26154140","KN296934v1","477615","477917","50","25676221"
"chr7","26207535","26207839","KN294456v1","1098138","1098439","34","25109397"
"chr7","26247810","26248114","KN294790v1","163386","163690","39","26084424"
"chr7","26263184","26263495","KN295735v1","1160753","1161064","37","25102431"
"chr7","26278947","26279169","KN296643v1","363205","363447","48","25915742"
"chr7","26283208","26283509","KN297133v1","453124","453424","27","25830084"
"chr7","26285335","26285626","KN295382v1","66750","67057","57","26218585"
"chr7","26289362","26289650","KN295735v1","822355","822644","35","25467007"
"chr7","26301185","26301485","KN294456v1","1098138","1098439","37","25203047"
"chr7","26306082","26306379","KN296495v1","1038011","1038312","36","25268071"
"chr7","26316318","26316613","KN294407v1","3027269","3027567","32","23289049"
"chr7","26343141","26343440","KN296781v1","107129","107429","35","26236012"
"chr7","26390497","26390785","KN294521v1","311390","311683","41","26079107"
"chr7","26432058","26432348","KN295361v1","824524","824814","38","25607534"
"chr7","26544447","26544744","KN295091v1","2692987","2693285","32","23851460"
"chr7","26585368","26585674","KN296847v1","318048","318359","43","26267320"
"chr7","26601815","26602116","KN294521v1","509491","509791","40","26092324"
"chr7","26602510","26602785","KN295667v1","583639","583913","44","26018871"
"chr7","26619801","26620109","KN296157v1","885718","886029","38","25734083"
"chr7","26633879","26634182","KN297245v1","1416081","1416379","41","25217798"
"chr7","26663800","26664104","KN294407v1","1559420","1559718","40","25104380"
"chr7","26724474","26724777","KN295705v1","256727","257031","34","26467747"
"chr7","26815659","26815961","KN294446v1","240983","241287","36","26574676"
"chr7","26845351","26845654","KN294387v1","2064434","2064739","41","24780917"
"chr7","26852179","26852479","KN294470v1","2878982","2879283","31","23973197"
"chr7","26879904","26880203","KN294527v1","283192","283491","35","26596712"
"chr7","26937452","26937674","KN295441v1","1457453","1457675","47","25479999"
"chr7","27013359","27013649","KN296096v1","838711","839001","41","26174648"
"chr7","27125690","27125987","KN294470v1","518751","519054","37","26606939"
"chr7","27136370","27136632","KN296083v1","31854","32130","45","27104516"
"chr7","27145872","27146166","KN294662v1","54879","55172","34","27090993"
"chr7","27206969","27207246","KN294181v1","575620","575897","38","26631349"
"chr7","27275261","27275561","KN295835v1","102943","103243","36","27172318"
"chr7","27297003","27297288","KN295091v1","1863027","1863311","39","25433976"
"chr7","27599477","27599766","KN296767v1","92633","92938","30","27506844"
"chr7","27627612","27627914","KN296767v1","123980","124281","30","27503632"
"chr7","27649983","27650282","KN296767v1","148429","148729","26","27501554"
"chr7","27679502","27679788","KN296767v1","177191","177487","40","27502311"
"chr7","27685858","27686140","KN296767v1","183362","183646","33","27502496"
"chr7","27706316","27706616","KN296767v1","204002","204302","26","27502314"
"chr7","27711548","27711848","KN296767v1","209221","209530","29","27502327"
"chr7","27735397","27735699","KN297276v1","143691","143993","41","27591706"
"chr7","27759357","27759656","KN297047v1","3064349","3064649","45","24695008"
"chr7","27837554","27837848","KN296767v1","336130","336426","28","27501424"
"chr7","27846549","27846841","KN296767v1","345106","345399","25","27501443"
"chr7","27851977","27852287","KN296767v1","350884","351191","34","27501093"
"chr7","27865104","27865419","KN295459v1","1416836","1417149","31","26448268"
"chr7","27881081","27881375","KN297245v1","1416081","1416379","32","26465000"
"chr7","27962135","27962437","KN296767v1","459588","459897","28","27502547"
"chr7","28083083","28083383","KN296767v1","581868","582172","21","27501215"
"chr7","28151971","28152305","KN294172v1","3988264","3988605","46","24163707"
"chr7","28175839","28176137","KN296305v1","652930","653232","35","27522909"
"chr7","28188804","28189107","KN295315v1","1175116","1175414","35","27013688"
"chr7","28201376","28201646","KN297165v1","2585975","2586244","37","25615401"
"chr7","28202006","28202300","KN295243v1","881854","882160","45","27320152"
"chr7","28208886","28209175","KN294244v1","56461","56743","38","28152425"
"chr7","28210703","28211014","KN294407v1","2317315","2317623","38","25893388"
"chr7","28310475","28310789","KN295922v1","130002","130315","47","28180473"
"chr7","28314304","28314599","KN294457v1","990718","991014","35","27323586"
"chr7","28315807","28316139","KN296460v1","119303","119632","44","28196504"
"chr7","28338716","28339022","KN294199v1","636506","636815","44","27702210"
"chr7","28400113","28400421","KN294548v1","1161001","1161308","39","27239112"
"chr7","28407615","28407916","KN294456v1","1098138","1098439","35","27309477"
"chr7","28534515","28534805","KN294269v1","677834","678123","35","27856681"
"chr7","28554289","28554590","KN294378v1","1504358","1504668","44","27049931"
"chr7","28586158","28586467","KN295692v1","1646491","1646801","39","26939667"
"chr7","28621402","28621712","KN295420v1","203403","203713","36","28417999"
"chr7","28629806","28630097","KN295198v1","274974","275272","39","28354832"
"chr7","28683126","28683421","KN294172v1","5828976","5829275","42","22854150"
"chr7","28693007","28693297","KN296153v1","3972642","3972935","35","24720365"
"chr7","28712849","28713153","KN296174v1","140767","141075","32","28572082"
"chr7","28776394","28776689","KN294172v1","3383762","3384054","54","25392632"
"chr7","28872545","28872841","KN295586v1","944291","944587","34","27928254"
"chr7","28911389","28911684","KN296153v1","1115266","1115561","31","27796123"
"chr7","28922224","28922538","KN294957v1","62097","62408","30","28860127"
"chr7","28938705","28938996","KN296739v1","383231","383529","41","28555474"
"chr7","28973986","28974272","KN296739v1","348420","348708","38","28625566"
"chr7","28985653","28985957","KN296739v1","334975","335281","32","28650678"
"chr7","29014473","29014766","KN296739v1","309632","309928","28","28704841"
"chr7","29024581","29024897","KN295922v1","130002","130315","39","28894579"
"chr7","29067407","29067710","KN297038v1","698451","698758","50","28368956"
"chr7","29068122","29068412","KN296739v1","260176","260472","27","28807946"
"chr7","29121403","29121707","KN294777v1","371314","371618","41","28750089"
"chr7","29151616","29151920","KN296739v1","143353","143654","31","29008263"
"chr7","29152647","29152940","KN296739v1","142345","142637","24","29010302"
"chr7","29198386","29198686","KN294527v1","104560","104866","38","29093826"
"chr7","29323002","29323315","KN295878v1","53791","54091","45","29269211"
"chr7","29511151","29511458","KN295878v1","253360","253662","33","29257791"
"chr7","29555344","29555664","KN295878v1","297031","297342","28","29258313"
"chr7","29649995","29650291","KN295878v1","400282","400572","36","29249713"
"chr7","29679814","29680110","KN296643v1","47618","47923","43","29632196"
"chr7","29684040","29684324","KN294287v1","156858","157153","46","29527182"
"chr7","29685929","29686211","KN295878v1","439102","439376","40","29246827"
"chr7","29686643","29686939","KN295878v1","439801","440102","39","29246842"
"chr7","29689519","29689824","KN294790v1","2771318","2771623","41","26918201"
"chr7","29709898","29710193","KN294693v1","1727","2003","39","29708171"
"chr7","29718716","29719020","KN295814v1","1261993","1262292","32","28456723"
"chr7","29720823","29721130","KN294693v1","12376","12684","30","29708447"
"chr7","29740386","29740677","KN294693v1","36278","36571","33","29704108"
"chr7","29790664","29790955","KN294693v1","90555","90840","37","29700109"
"chr7","29821260","29821570","KN295708v1","219821","220134","38","29601439"
"chr7","29824903","29825191","KN294693v1","125417","125705","32","29699486"
"chr7","29827318","29827610","KN294693v1","127922","128220","32","29699396"
"chr7","29928420","29928718","KN296188v1","339026","339326","32","29589394"
"chr7","29935441","29935725","KN296743v1","202352","202637","30","29733089"
"chr7","29946535","29946818","KN294693v1","246964","247250","21","29699571"
"chr7","30136419","30136715","KN294693v1","446691","446989","34","29689728"
"chr7","30152857","30153163","KN294693v1","461942","462249","20","29690915"
"chr7","30186827","30187138","KN295995v1","655021","655332","42","29531806"
"chr7","30254613","30254911","KN295731v1","46961","47258","40","30207652"
"chr7","30263832","30264134","KN294693v1","574406","574695","36","29689426"
"chr7","30282020","30282322","KN294693v1","592740","593042","30","29689280"
"chr7","30285807","30286109","KN295154v1","188282","188584","29","30097525"
"chr7","30304183","30304483","KN296153v1","3041230","3041525","46","27262953"
"chr7","30318884","30319144","KN294899v1","537119","537380","37","29781765"
"chr7","30402786","30403095","KN294693v1","725536","725835","33","29677250"
"chr7","30509481","30509781","KN295729v1","826689","826980","46","29682792"
"chr7","30554329","30554614","KN295977v1","1079098","1079386","39","29475231"
"chr7","30814170","30814470","KN297023v1","480259","480560","29","30333911"
"chr7","30824754","30825071","KN294693v1","1142279","1142594","19","29682475"
"chr7","30838673","30838981","KN295366v1","78980","79290","36","30759693"
"chr7","30957157","30957458","KN297158v1","594537","594837","35","30362620"
"chr7","30997290","30997601","KN294693v1","1309860","1310169","32","29687430"
"chr7","31058487","31058734","KN296187v1","781642","781886","34","30276845"
"chr7","31073389","31073667","KN295343v1","770844","771117","40","30302545"
"chr7","31082246","31082543","KN295047v1","9462","9771","35","31072784"
"chr7","31083884","31084176","KN295735v1","1380746","1381033","44","29703138"
"chr7","31105119","31105402","KN296907v1","108568","108850","25","30996551"
"chr7","31112109","31112415","KN296404v1","1944196","1944502","39","29167913"
"chr7","31116408","31116727","KN296306v1","3682608","3682916","40","27433800"
"chr7","31154190","31154451","KN295047v1","81828","82090","16","31072362"
"chr7","31157287","31157562","KN295047v1","84895","85170","12","31072392"
"chr7","31190629","31190908","KN295047v1","120071","120350","39","31070558"
"chr7","31286189","31286485","KN294991v1","1838724","1839016","37","29447465"
"chr7","31342800","31343073","KN296153v1","10624","10899","41","31332176"
"chr7","31443172","31443367","KN296426v1","64367","64561","28","31378805"
"chr7","31444284","31444592","KN297180v1","180600","180902","38","31263684"
"chr7","31448595","31448901","KN295433v1","250702","251008","47","31197893"
"chr7","31449584","31449879","KN295361v1","824524","824814","42","30625060"
"chr7","31453065","31453209","KN294187v1","1105095","1105248","29","30347970"
"chr7","31467327","31467629","KN294539v1","1287945","1288241","34","30179382"
"chr7","31516965","31517252","KN294181v1","1424178","1424469","30","30092787"
"chr7","31526349","31526660","KN294470v1","2552662","2552975","37","28973687"
"chr7","31530699","31530987","KN296311v1","1093395","1093684","38","30437304"
"chr7","31549186","31549487","KN294966v1","57136","57441","41","31492050"
"chr7","31563974","31564273","KN294372v1","251905","252204","37","31312069"
"chr7","31570331","31570640","KN296210v1","345214","345521","38","31225117"
"chr7","31572978","31573273","KN296314v1","107604","107901","40","31465374"
"chr7","31599287","31599585","KN294345v1","2004619","2004917","38","29594668"
"chr7","31605389","31605700","KN296795v1","1227158","1227464","41","30378231"
"chr7","31648347","31648642","KN296263v1","810253","810550","30","30838094"
"chr7","31656833","31657004","KN296244v1","728807","728972","25","30928026"
"chr7","31688240","31688511","KN296885v1","2671239","2671512","44","29017001"
"chr7","31690678","31690973","KN294193v1","425211","425504","44","31265467"
"chr7","31695536","31695785","KN295835v1","199186","199432","38","31496350"
"chr7","31724993","31725292","KN295057v1","262113","262411","37","31462880"
"chr7","31737615","31737919","KN294443v1","441739","442042","35","31295876"
"chr7","31754127","31754424","KN295633v1","323295","323596","31","31430832"
"chr7","31803357","31803652","KN294937v1","266","558","42","31803091"
"chr7","31883778","31884067","KN295573v1","502898","503186","43","31380880"
"chr7","31893674","31893964","KN294147v1","1191891","1192182","30","30701783"
"chr7","31992661","31992962","KN294147v1","1855903","1856206","40","30136758"
"chr7","32024114","32024396","KN294591v1","423646","423931","41","31600468"
"chr7","32295816","32296118","KN297274v1","1928683","1928986","47","30367133"
"chr7","32314752","32315053","KN295984v1","479696","480000","36","31835056"
"chr7","32318039","32318293","KN296609v1","54545","54805","47","32263494"
"chr7","32418438","32418582","KN296154v1","152685","152837","30","32265753"
"chr7","32489238","32489545","KN295607v1","4377455","4377758","36","28111783"
"chr7","32495692","32495991","KN294172v1","5273992","5274291","42","27221700"
"chr7","32640010","32640316","KN294407v1","2157068","2157379","36","30482942"
"chr7","32716633","32716915","KN294627v1","7730","8019","37","32708903"
"chr7","32829489","32829782","KN294627v1","117043","117324","32","32712446"
"chr7","32903735","32904038","KN294421v1","1642258","1642561","40","31261477"
"chr7","32904268","32904565","KN295236v1","4678981","4679277","49","28225287"
"chr7","32952671","32952913","KN296743v1","247696","247947","53","32704975"
"chr7","32967442","32967750","KN294627v1","249977","250287","20","32717465"
"chr7","33051606","33051904","KN294917v1","405138","405434","37","32646468"
"chr7","33174266","33174558","KN294627v1","429356","429655","33","32744910"
"chr7","33196000","33196311","KN294180v1","5181","5476","44","33190819"
"chr7","33231339","33231640","KN294627v1","484238","484540","36","32747101"
"chr7","33291745","33292047","KN294627v1","548054","548364","34","32743691"
"chr7","33351421","33351649","KN295405v1","757351","757593","47","32594070"
"chr7","33538775","33539040","KN295047v1","120071","120350","37","33418704"
"chr7","33629981","33630277","KN296557v1","13515","13811","36","33616466"
"chr7","33643892","33644204","KN295666v1","1472176","1472485","46","32171716"
"chr7","33673581","33673864","KN296336v1","39732","40014","30","33633849"
"chr7","33726075","33726317","KN295107v1","3251","3487","24","33722824"
"chr7","33800135","33800440","KN294536v1","1867889","1868199","36","31932246"
"chr7","33824896","33825197","KN294443v1","748247","748547","37","33076649"
"chr7","33878497","33878804","KN295107v1","156096","156410","33","33722401"
"chr7","33941445","33941732","KN296484v1","733487","733776","37","33207958"
"chr7","34020225","34020521","KN295107v1","300735","301027","23","33719490"
"chr7","34064716","34065015","KN295107v1","346964","347267","26","33717752"
"chr7","34164499","34164799","KN294326v1","309006","309309","38","33855493"
"chr7","34178759","34179024","KN295107v1","473302","473561","32","33705457"
"chr7","34188758","34188908","KN294226v1","228321","228468","33","33960437"
"chr7","34248159","34248462","KN295107v1","536489","536761","45","33711670"
"chr7","34267414","34267715","KN296153v1","2873301","2873603","35","31394113"
"chr7","34300093","34300400","KN295607v1","4377455","4377758","43","29922638"
"chr7","34326719","34327016","KN297023v1","480259","480560","33","33846460"
"chr7","34336610","34336911","KN295107v1","630047","630348","30","33706563"
"chr7","34337088","34337399","KN295107v1","630527","630836","36","33706561"
"chr7","34348495","34348802","KN295107v1","642151","642462","38","33706344"
"chr7","34352890","34353200","KN295107v1","646636","646928","41","33706254"
"chr7","34359796","34360084","KN295729v1","826689","826980","38","33533107"
"chr7","34480946","34481249","KN294790v1","163386","163690","37","34317560"
"chr7","34482875","34483182","KN296809v1","604063","604366","41","33878812"
"chr7","34486102","34486413","KN294548v1","328774","329084","37","34157328"
"chr7","34492544","34492851","KN294570v1","157097","157394","37","34335447"
"chr7","34494449","34494761","KN295433v1","250702","251008","43","34243747"
"chr7","34552041","34552343","KN295107v1","776362","776664","28","33775679"
"chr7","34573996","34574285","KN295107v1","805969","806258","27","33768027"
"chr7","34574763","34575061","KN294561v1","1084406","1084703","37","33490357"
"chr7","34603284","34603586","KN295553v1","296733","297033","42","34306551"
"chr7","34638839","34639125","KN295666v1","563824","564117","39","34075015"
"chr7","34779528","34779777","KN295586v1","4341470","4341720","31","30438058"
"chr7","34790535","34790840","KN295107v1","1035693","1036003","29","33754842"
"chr7","34799318","34799619","KN295410v1","554975","555277","47","34244343"
"chr7","34800791","34800959","KN296643v1","275158","275324","24","34525633"
"chr7","34800961","34801265","KN295107v1","1045960","1046266","34","33755001"
"chr7","34827670","34827952","KN295107v1","1073135","1073411","28","33754535"
"chr7","34848253","34848557","KN295107v1","1093566","1093871","36","33754687"
"chr7","34851510","34851811","KN295107v1","1095590","1095888","25","33755920"
"chr7","34863356","34863651","KN295107v1","1107793","1108087","30","33755563"
"chr7","34884235","34884531","KN295893v1","4652018","4652311","40","30232217"
"chr7","34891560","34891875","KN295107v1","1134539","1134848","29","33757021"
"chr7","34895604","34895929","KN295420v1","208371","208668","62","34687233"
"chr7","34897941","34898166","KN295107v1","1140899","1141112","25","33757042"
"chr7","34902509","34902815","KN297133v1","950328","950631","39","33952181"
"chr7","34908297","34908593","KN296864v1","2768426","2768724","43","32139871"
"chr7","34909234","34909540","KN296732v1","3252506","3252815","34","31656728"
"chr7","34937128","34937432","KN294548v1","1161001","1161308","35","33776127"
"chr7","34937755","34938056","KN295107v1","1181863","1182167","26","33755892"
"chr7","34959682","34959979","KN295107v1","1204324","1204603","40","33755358"
"chr7","34969410","34969708","KN296820v1","730474","730770","35","34238936"
"chr7","34999537","34999833","KN294147v1","1603851","1604147","34","33395686"
"chr7","35012525","35012611","KN295236v1","5822401","5822491","28","29190124"
"chr7","35022334","35022631","KN295107v1","1273125","1273426","31","33749209"
"chr7","35025189","35025496","KN295107v1","1274796","1275103","25","33750393"
"chr7","35027377","35027673","KN295107v1","1277018","1277318","28","33750359"
"chr7","35053095","35053406","KN295107v1","1304506","1304810","34","33748589"
"chr7","35091515","35091821","KN295107v1","1336619","1336911","28","33754896"
"chr7","35096756","35097063","KN295107v1","1341755","1342066","24","33755001"
"chr7","35121143","35121435","KN295107v1","1360035","1360324","24","33761108"
"chr7","35234880","35235189","KN295107v1","1463013","1463319","26","33771867"
"chr7","35256155","35256409","KN295107v1","1484276","1484545","32","33771879"
"chr7","35330332","35330625","KN295107v1","1554626","1554915","30","33775706"
"chr7","35361422","35361701","KN295027v1","147970","148255","40","35213452"
"chr7","35368509","35368816","KN296503v1","58212","58521","36","35310297"
"chr7","35420826","35421124","KN295814v1","1261993","1262292","36","34158833"
"chr7","35460838","35461125","KN294650v1","27151","27445","36","35433687"
"chr7","35525616","35525916","KN296557v1","18517","18814","34","35507099"
"chr7","35662211","35662508","KN295075v1","232708","233006","42","35429503"
"chr7","35674761","35675118","KN296402v1","563212","563552","83","35111549"
"chr7","35765654","35765956","KN294181v1","145618","145914","36","35620036"
"chr7","35782892","35783039","KN295090v1","1387837","1387969","33","34395055"
"chr7","35807110","35807373","KN295735v1","695987","696249","49","35111123"
"chr7","35837209","35837509","KN296311v1","3194235","3194543","36","32642974"
"chr7","35884593","35884895","KN295236v1","4049146","4049447","41","31835447"
"chr7","35894753","35894964","KN295977v1","1276894","1277103","55","34617859"
"chr7","35914807","35915099","KN295708v1","592356","592663","56","35322451"
"chr7","35962330","35962642","KN296635v1","4969030","4969343","42","30993300"
"chr7","35994556","35994863","KN296158v1","1175251","1175559","33","34819305"
"chr7","35997368","35997674","KN295930v1","770081","770393","41","35227287"
"chr7","36033552","36033832","KN294837v1","377251","377522","43","35656301"
"chr7","36086128","36086440","KN295748v1","161587","161896","40","35924541"
"chr7","36108626","36108920","KN296726v1","606731","607020","37","35501895"
"chr7","36293131","36293427","KN295430v1","1217885","1218183","34","35075246"
"chr7","36304103","36304438","KN294499v1","1858422","1858750","42","34445681"
"chr7","36433188","36433489","KN294456v1","1098138","1098439","32","35335050"
"chr7","36482163","36482468","KN295326v1","192748","193053","37","36289415"
"chr7","36665222","36665518","KN294172v1","6311128","6311420","40","30354094"
"chr7","36794557","36794860","KN295613v1","251491","251786","31","36543066"
"chr7","36797699","36797946","KN295613v1","254615","254862","32","36543084"
"chr7","36836962","36837290","KN295613v1","302595","302915","33","36534367"
"chr7","36906840","36907151","KN297442v1","1612430","1612738","39","35294410"
"chr7","36977652","36977946","KN297046v1","137572","137866","33","36840080"
"chr7","37089779","37090080","KN294181v1","1579076","1579376","37","35510703"
"chr7","37160879","37161177","KN296305v1","827789","828091","40","36333090"
"chr7","37259919","37260227","KN295692v1","266229","266537","35","36993690"
"chr7","37380982","37381279","KN294926v1","35872","36173","43","37345110"
"chr7","37383184","37383489","KN295692v1","392738","393042","36","36990446"
"chr7","37525673","37525988","KN295692v1","538320","538636","41","36987353"
"chr7","37641538","37641831","KN295692v1","643544","643834","22","36997994"
"chr7","37677277","37677571","KN296921v1","2918407","2918707","28","34758870"
"chr7","37717640","37717947","KN296167v1","450049","450355","28","37267591"
"chr7","37743824","37744114","KN297047v1","2960968","2961263","46","34782856"
"chr7","37794597","37794907","KN295692v1","789534","789844","27","37005063"
"chr7","37823943","37824091","KN296311v1","4401552","4401703","29","33422391"
"chr7","37847165","37847471","KN294803v1","119274","119577","49","37727891"
"chr7","37937683","37937983","KN294218v1","2833833","2834132","38","35103850"
"chr7","37957755","37958065","KN297442v1","1612430","1612738","36","36345325"
"chr7","37987815","37988124","KN295692v1","1001707","1002013","25","36986108"
"chr7","38041526","38041833","KN295692v1","1056004","1056308","24","36985522"
"chr7","38050976","38051287","KN296682v1","2875657","2875966","36","35175319"
"chr7","38061836","38062131","KN295692v1","1089979","1090268","35","36971857"
"chr7","38063523","38063807","KN296508v1","1887999","1888284","39","36175524"
"chr7","38098917","38099226","KN295692v1","1130855","1131170","30","36968062"
"chr7","38099394","38099667","KN296153v1","2637317","2637585","36","35462077"
"chr7","38109906","38110213","KN295692v1","1141399","1141709","32","36968507"
"chr7","38117087","38117344","KN295523v1","1634880","1635138","36","36482207"
"chr7","38131102","38131442","KN297094v1","263411","263725","70","37867691"
"chr7","38136386","38136682","KN294470v1","2136945","2137241","29","35999441"
"chr7","38161630","38161894","KN294172v1","1540690","1540957","43","36620940"
"chr7","38163653","38163950","KN296495v1","3286172","3286471","38","34877481"
"chr7","38165078","38165370","KN294991v1","724427","724724","33","37440651"
"chr7","38170126","38170422","KN295814v1","1261993","1262292","46","36908133"
"chr7","38198462","38198746","KN296127v1","1172","1469","49","38197290"
"chr7","38216047","38216355","KN296311v1","3427286","3427594","35","34788761"
"chr7","38223069","38223320","KN296879v1","469391","469648","44","37753678"
"chr7","38243224","38243519","KN295236v1","568528","568826","52","37674696"
"chr7","38247549","38247848","KN297227v1","97113","97413","25","38150436"
"chr7","38257454","38257753","KN297227v1","103659","103948","31","38153795"
"chr7","38283578","38283787","KN295977v1","1276894","1277103","45","37006684"
"chr7","38296855","38297149","KN297227v1","73026","73308","29","38223829"
"chr7","38313381","38313672","KN294644v1","85408","85699","34","38227973"
"chr7","38329925","38330189","KN297227v1","62020","62284","16","38267905"
"chr7","38342150","38342457","KN296731v1","694955","695263","40","37647195"
"chr7","38354235","38354533","KN296178v1","892526","892831","45","37461709"
"chr7","38355832","38355998","KN294571v1","155556","155724","26","38200276"
"chr7","38385566","38385873","KN296498v1","336587","336896","42","38048979"
"chr7","38387311","38387540","KN297227v1","22563","22795","22","38364748"
"chr7","38389769","38389990","KN297215v1","203660","203877","33","38186109"
"chr7","38394062","38394377","KN296119v1","1015834","1016146","42","37378228"
"chr7","38396079","38396385","KN294326v1","309006","309309","40","38087073"
"chr7","38398908","38399134","KN295405v1","757351","757593","59","37641557"
"chr7","38401395","38401691","KN296682v1","5144925","5145221","40","33256470"
"chr7","38404816","38405119","KN296404v1","1423465","1423767","38","36981351"
"chr7","38408163","38408476","KN295708v1","1796766","1797077","43","36611397"
"chr7","38410488","38410779","KN294180v1","5181","5476","33","38405307"
"chr7","38445708","38446025","KN294790v1","5868297","5868622","37","32577411"
"chr7","38449046","38449282","KN295405v1","757351","757593","54","37691695"
"chr7","38451961","38452257","KN295315v1","1175116","1175414","32","37276845"
"chr7","38452422","38452580","KN295666v1","773224","773378","25","37679198"
"chr7","38457452","38457759","KN295449v1","1173950","1174261","45","37283502"
"chr7","38484084","38484372","KN296079v1","437644","437936","37","38046440"
"chr7","38489309","38489605","KN294451v1","871190","871478","60","37618119"
"chr7","38512953","38513275","KN295045v1","77347","77661","54","38435606"
"chr7","38525592","38525890","KN294378v1","985099","985394","45","37540493"
"chr7","38575494","38575791","KN296311v1","4504450","4504747","32","34071044"
"chr7","38585051","38585345","KN294917v1","405138","405434","32","38179913"
"chr7","38610923","38611223","KN295301v1","716124","716425","31","37894799"
"chr7","38616063","38616332","KN294899v1","537119","537380","40","38078944"
"chr7","38670114","38670403","KN296349v1","48155","48443","35","38621959"
"chr7","38731430","38731734","KN295350v1","93538","93840","35","38637892"
"chr7","38733201","38733512","KN296093v1","181219","181518","47","38551982"
"chr7","38752201","38752354","KN296311v1","4401552","4401703","25","34350649"
"chr7","38783483","38783764","KN294229v1","110402","110697","45","38673081"
"chr7","38792106","38792419","KN294466v1","12634","12944","40","38779472"
"chr7","38813455","38813742","KN294419v1","149883","150169","40","38663572"
"chr7","38849513","38849806","KN295729v1","826689","826980","38","38022824"
"chr7","38870077","38870391","KN295345v1","1373085","1373408","61","37496992"
"chr7","38906905","38907217","KN297047v1","3987588","3987889","47","34919317"
"chr7","38938429","38938744","KN295405v1","1404748","1405060","42","37533681"
"chr7","38959862","38960163","KN294592v1","366424","366728","36","38593438"
"chr7","38973313","38973606","KN296263v1","810253","810550","39","38163060"
"chr7","38984917","38985174","KN294239v1","1589177","1589439","39","37395740"
"chr7","38986508","38986782","KN296486v1","1167419","1167692","51","37819089"
"chr7","38987097","38987165","KN297184v1","1201756","1201829","17","37785341"
"chr7","38987557","38987785","KN296495v1","511940","512172","35","38475617"
"chr7","38995279","38995563","KN295729v1","826689","826980","36","38168590"
"chr7","38996576","38996871","KN294181v1","1209683","1209978","32","37786893"
"chr7","39011955","39012256","KN295091v1","3073493","3073798","39","35938462"
"chr7","39023878","39024191","KN295352v1","1345858","1346165","46","37678020"
"chr7","39039566","39039841","KN297242v1","2046546","2046825","39","36993020"
"chr7","39086046","39086346","KN295433v1","250702","251008","47","38835344"
"chr7","39152155","39152446","KN294685v1","188159","188450","40","38963996"
"chr7","39182443","39182759","KN295459v1","1416836","1417149","47","37765607"
"chr7","39250683","39250933","KN296754v1","219855","220085","57","39030828"
"chr7","39304152","39304461","KN295112v1","477640","477949","36","38826512"
"chr7","39321621","39321926","KN297044v1","561559","561858","36","38760062"
"chr7","39640646","39640933","KN294790v1","3853980","3854267","43","35786666"
"chr7","39657043","39657323","KN294571v1","2460216","2460496","35","37196827"
"chr7","39822338","39822647","KN294434v1","417718","418021","47","39404620"
"chr7","39856955","39857265","KN295692v1","3875000","3875317","31","35981955"
"chr7","39961546","39961848","KN294407v1","1465772","1466071","42","38495774"
"chr7","40071959","40072263","KN295073v1","1289046","1289348","36","38782913"
"chr7","40074221","40074523","KN295692v1","3642647","3642945","29","36431574"
"chr7","40092662","40092968","KN295692v1","3624928","3625250","39","36467734"
"chr7","40102248","40102479","KN297133v1","912117","912343","31","39190131"
"chr7","40232954","40233266","KN294193v1","290850","291158","44","39942104"
"chr7","40243866","40244157","KN297233v1","523000","523293","39","39720866"
"chr7","40248279","40248578","KN295692v1","3448922","3449225","20","36799357"
"chr7","40341964","40342257","KN295241v1","239249","239550","40","40102715"
"chr7","40368142","40368450","KN295886v1","13086","13392","43","40355056"
"chr7","40504942","40505244","KN296153v1","1336190","1336496","36","39168752"
"chr7","40515360","40515673","KN295692v1","3167407","3167728","37","37347953"
"chr7","40522782","40523067","KN295692v1","3159754","3160052","38","37363028"
"chr7","40539150","40539447","KN295871v1","681623","681917","40","39857527"
"chr7","40550537","40550841","KN296311v1","1117474","1117774","42","39433063"
"chr7","40605559","40605861","KN296176v1","298966","299273","42","40306593"
"chr7","40614234","40614522","KN295692v1","3066866","3067153","20","37547368"
"chr7","40712846","40713147","KN296210v1","217696","217997","31","40495150"
"chr7","40715002","40715304","KN295692v1","2963192","2963501","33","37751810"
"chr7","40755606","40755927","KN295022v1","1122924","1123235","43","39632682"
"chr7","40763450","40763753","KN297023v1","480259","480560","41","40283191"
"chr7","40803875","40804184","KN294848v1","172686","172989","37","40631189"
"chr7","40813173","40813456","KN295692v1","2860075","2860345","32","37953098"
"chr7","40937231","40937549","KN295077v1","613765","614075","39","40323466"
"chr7","40993577","40993880","KN295692v1","2676374","2676674","31","38317203"
"chr7","41004977","41005268","KN295692v1","2665169","2665463","24","38339808"
"chr7","41104988","41105283","KN295692v1","2564963","2565258","33","38540025"
"chr7","41167847","41168127","KN296138v1","452937","453216","32","40714910"
"chr7","41249562","41249789","KN295967v1","625826","626071","62","40623736"
"chr7","41292826","41293126","KN295692v1","2390125","2390429","34","38902701"
"chr7","41423889","41424200","KN295301v1","716124","716425","39","40707765"
"chr7","41458506","41458808","KN295692v1","2220381","2220689","30","39238125"
"chr7","41466949","41467248","KN294292v1","84116","84416","43","41382833"
"chr7","41489410","41489700","KN295692v1","2182594","2182886","28","39306816"
"chr7","41539210","41539462","KN295490v1","43581","43843","44","41495629"
"chr7","41566337","41566634","KN295692v1","2105339","2105630","33","39460998"
"chr7","41573139","41573429","KN295871v1","615076","615373","42","40958063"
"chr7","41573903","41574191","KN296225v1","580810","581098","37","40993093"
"chr7","41615958","41616115","KN295814v1","1542535","1542695","25","40073423"
"chr7","41652237","41652575","KN294193v1","765791","766099","68","40886446"
"chr7","41694989","41695269","KN296864v1","2563628","2563908","34","39131361"
"chr7","41730645","41730962","KN295692v1","1934108","1934413","38","39796537"
"chr7","41766219","41766528","KN295692v1","1897054","1897349","38","39869165"
"chr7","41771782","41772062","KN295692v1","1890586","1890871","27","39881196"
"chr7","41801966","41802253","KN295350v1","36973","37268","43","41764993"
"chr7","41817628","41817921","KN294957v1","32521","32810","36","41785107"
"chr7","41836116","41836407","KN295692v1","1820301","1820574","33","40015815"
"chr7","41843808","41844099","KN295692v1","1813581","1813875","25","40030227"
"chr7","41883370","41883676","KN295692v1","1778086","1778393","34","40105284"
"chr7","41891866","41892152","KN295692v1","1765049","1765333","24","40126817"
"chr7","41902078","41902379","KN295692v1","1757734","1758033","23","40144344"
"chr7","41928794","41929019","KN297186v1","50383","50628","53","41878411"
"chr7","41930923","41931230","KN295893v1","2430995","2431307","41","39499928"
"chr7","41939025","41939319","KN294181v1","1424178","1424469","41","40514847"
"chr7","41941188","41941492","KN294561v1","1084406","1084703","36","40856782"
"chr7","41942352","41942655","KN295607v1","4377455","4377758","39","37564897"
"chr7","41950218","41950521","KN295692v1","1713251","1713559","34","40236967"
"chr7","41959213","41959523","KN294603v1","63949","64255","37","41895264"
"chr7","41963197","41963493","KN296430v1","1105044","1105344","39","40858153"
"chr7","41970077","41970379","KN294181v1","1317427","1317732","32","40652650"
"chr7","41975120","41975389","KN295692v1","1688704","1688979","43","40286416"
"chr7","41978838","41979111","KN295692v1","1686505","1686788","47","40292333"
"chr7","41990617","41990910","KN295692v1","1670939","1671235","31","40319678"
"chr7","41998550","41998721","KN294957v1","73265","73439","34","41925285"
"chr7","42003316","42003622","KN295692v1","1657906","1658210","24","40345410"
"chr7","42009642","42009932","KN295692v1","1651967","1652256","20","40357675"
"chr7","42014145","42014443","KN295692v1","1646491","1646801","31","40367654"
"chr7","42059414","42059716","KN294451v1","1139913","1140218","36","40919501"
"chr7","42062819","42063136","KN297274v1","1207904","1208213","42","40854915"
"chr7","42063704","42064000","KN295692v1","1604127","1604423","26","40459577"
"chr7","42064154","42064456","KN297219v1","1863442","1863740","49","40200712"
"chr7","42065729","42066001","KN295692v1","1602122","1602402","20","40463607"
"chr7","42069770","42070081","KN296349v1","45344","45654","39","42024426"
"chr7","42079505","42079731","KN295692v1","1585436","1585658","24","40494069"
"chr7","42093194","42093474","KN297408v1","30292","30568","35","42062902"
"chr7","42112935","42113239","KN296153v1","772858","773162","47","41340077"
"chr7","42117040","42117353","KN295692v1","1546800","1547106","33","40570240"
"chr7","42119932","42120234","KN294873v1","1602078","1602381","31","40517854"
"chr7","42128604","42128912","KN296682v1","4857514","4857822","36","37271090"
"chr7","42141667","42141822","KN295977v1","1438091","1438246","31","40703576"
"chr7","42144529","42144750","KN295692v1","1522424","1522649","17","40622105"
"chr7","42151693","42151982","KN294172v1","5009418","5009710","42","37142275"
"chr7","42168328","42168629","KN294287v1","337770","338074","35","41830558"
"chr7","42173579","42173876","KN295692v1","1492410","1492720","37","40681169"
"chr7","42180732","42180891","KN297205v1","523320","523480","21","41657412"
"chr7","42184244","42184512","KN295692v1","1481043","1481302","28","40703201"
"chr7","42192045","42192356","KN295692v1","1473575","1473892","26","40718470"
"chr7","42196159","42196491","KN296311v1","8094954","8095262","63","34101205"
"chr7","42220405","42220710","KN295692v1","1451497","1451798","37","40768908"
"chr7","42239898","42240202","KN296158v1","1175251","1175559","33","41064647"
"chr7","42248188","42248487","KN295692v1","1425529","1425832","31","40822659"
"chr7","42271472","42271778","KN295692v1","1406263","1406563","27","40865209"
"chr7","42278197","42278496","KN295343v1","729289","729587","35","41548908"
"chr7","42283807","42284106","KN295692v1","1389864","1390157","27","40893943"
"chr7","42316440","42316754","KN297274v1","1033494","1033807","40","41282946"
"chr7","42323092","42323394","KN297144v1","784541","784841","40","41538551"
"chr7","42329270","42329554","KN294429v1","37988","38273","41","42291282"
"chr7","42381940","42382162","KN296654v1","15718","15945","29","42366222"
"chr7","42385582","42385877","KN295459v1","502848","503143","42","41882734"
"chr7","42397299","42397592","KN296316v1","245389","245658","51","42151910"
"chr7","42418718","42418928","KN295405v1","757351","757593","62","41661367"
"chr7","42433406","42433696","KN295692v1","1347935","1348228","27","41085471"
"chr7","42460882","42461190","KN295692v1","1320677","1320976","29","41140205"
"chr7","42480832","42481153","KN295366v1","78980","79290","44","42401852"
"chr7","42502471","42502764","KN294501v1","38531","38824","41","42463940"
"chr7","42527246","42527554","KN295692v1","1253226","1253534","31","41274020"
"chr7","42582830","42583123","KN294470v1","2136945","2137241","32","40445885"
"chr7","42588069","42588409","KN297094v1","263411","263725","67","42324658"
"chr7","42604894","42605148","KN296538v1","846206","846465","36","41758688"
"chr7","42622612","42622907","KN295692v1","1153573","1153865","29","41469039"
"chr7","42633893","42634203","KN295692v1","1141399","1141709","30","41492494"
"chr7","42644254","42644565","KN295596v1","62986","63293","37","42581268"
"chr7","42654486","42654790","KN296225v1","571832","572130","34","42082654"
"chr7","42657993","42658294","KN296311v1","854862","855163","35","41803131"
"chr7","42665367","42665585","KN296952v1","107590","107814","35","42557777"
"chr7","42674780","42675094","KN296311v1","3427286","3427594","39","39247494"
"chr7","42678572","42678850","KN294570v1","116175","116454","43","42562397"
"chr7","42688535","42688840","KN296127v1","1172","1469","38","42687363"
"chr7","42699318","42699612","KN295735v1","1355168","1355465","32","41344150"
"chr7","42702396","42702667","KN294161v1","894750","895027","42","41807646"
"chr7","42708785","42709082","KN296138v1","98488","98788","36","42610297"
"chr7","42715053","42715364","KN295983v1","1699675","1699986","44","41015378"
"chr7","42716061","42716355","KN294269v1","550588","550887","35","42165473"
"chr7","42750094","42750404","KN297153v1","974882","975190","43","41775212"
"chr7","42759170","42759375","KN296426v1","64367","64561","39","42694803"
"chr7","42791766","42792056","KN297227v1","244268","244565","36","42547498"
"chr7","42829072","42829356","KN294224v1","1080394","1080681","30","41748678"
"chr7","42841326","42841627","KN297227v1","294733","295032","22","42546593"
"chr7","42847650","42847805","KN296153v1","4022611","4022768","23","38825039"
"chr7","42858219","42858519","KN294372v1","2629158","2629456","35","40229061"
"chr7","42999814","43000000","KN294957v1","73265","73439","34","42926549"
"chr7","43000485","43000765","KN295102v1","376622","376901","36","42623863"
"chr7","43007995","43008293","KN294407v1","3027269","3027567","29","39980726"
"chr7","43009800","43010080","KN297227v1","460489","460763","30","42549311"
"chr7","43023173","43023478","KN297227v1","474816","475118","34","42548357"
"chr7","43158513","43158792","KN296158v1","512983","513270","41","42645530"
"chr7","43171167","43171471","KN295708v1","2784035","2784327","53","40387132"
"chr7","43174708","43175007","KN297227v1","628501","628812","29","42546207"
"chr7","43191043","43191342","KN294429v1","49911","50221","49","43141132"
"chr7","43199383","43199673","KN297227v1","652787","653080","37","42546596"
"chr7","43229127","43229429","KN296486v1","82397","82708","41","43146730"
"chr7","43230362","43230653","KN296119v1","4282142","4282432","36","38948220"
"chr7","43243908","43244198","KN297227v1","692142","692435","23","42551766"
"chr7","43260307","43260614","KN297227v1","708412","708715","20","42551895"
"chr7","43261089","43261395","KN297133v1","485276","485576","41","42775813"
"chr7","43261413","43261748","KN297227v1","709487","709827","35","42551926"
"chr7","43261900","43262199","KN297227v1","709967","710264","34","42551933"
"chr7","43265145","43265447","KN297227v1","713257","713561","24","42551888"
"chr7","43284133","43284408","KN295533v1","1228289","1228566","40","42055844"
"chr7","43353968","43354277","KN295294v1","2138489","2138797","33","41215479"
"chr7","43381569","43381797","KN295405v1","757351","757593","46","42624218"
"chr7","43383683","43383988","KN295523v1","2925262","2925570","43","40458421"
"chr7","43391075","43391354","KN297227v1","837717","837997","17","42553358"
"chr7","43393873","43394172","KN297227v1","840525","840820","32","42553348"
"chr7","43395194","43395483","KN297227v1","841880","842179","27","42553314"
"chr7","43395634","43395931","KN294245v1","583030","583326","38","42812604"
"chr7","43400404","43400694","KN294372v1","2427862","2428164","45","40972542"
"chr7","43410478","43410784","KN297227v1","855382","855687","19","42555096"
"chr7","43455943","43456246","KN297227v1","898305","898609","24","42557638"
"chr7","43459070","43459363","KN297227v1","900831","901124","21","42558239"
"chr7","43475390","43475676","KN294470v1","2136945","2137241","48","41338445"
"chr7","43479562","43479861","KN297227v1","922218","922519","21","42557344"
"chr7","43480736","43481051","KN297227v1","923377","923687","27","42557359"
"chr7","43482839","43483034","KN296036v1","766932","767116","32","42715907"
"chr7","43483848","43484145","KN297227v1","926981","927279","17","42556867"
"chr7","43484343","43484652","KN294630v1","349899","350210","33","43134444"
"chr7","43498065","43498244","KN294842v1","178656","178828","27","43319409"
"chr7","43506789","43507090","KN297227v1","950828","951122","31","42555961"
"chr7","43516593","43516900","KN294879v1","76546","76849","38","43440047"
"chr7","43522676","43522984","KN294911v1","2389002","2389309","36","41133674"
"chr7","43524477","43524768","KN295729v1","826689","826980","35","42697788"
"chr7","43525369","43525672","KN294521v1","509491","509791","35","43015878"
"chr7","43526527","43526834","KN296503v1","539763","540066","40","42986764"
"chr7","43528768","43529065","KN294470v1","2136945","2137241","35","41391823"
"chr7","43529166","43529459","KN295573v1","502898","503186","34","43026268"
"chr7","43530236","43530546","KN297227v1","973813","974126","31","42556423"
"chr7","43553347","43553637","KN295406v1","630437","630730","36","42922910"
"chr7","43583338","43583648","KN294957v1","62097","62408","39","43521241"
"chr7","43584542","43584820","KN297095v1","1116446","1116728","43","42468096"
"chr7","43591199","43591509","KN297227v1","1046176","1046474","21","42545023"
"chr7","43593620","43593919","KN294521v1","509491","509791","35","43084129"
"chr7","43595062","43595348","KN297227v1","1050368","1050671","35","42544694"
"chr7","43601543","43601819","KN297227v1","1056905","1057180","23","42544638"
"chr7","43641847","43642151","KN297227v1","1095857","1096152","36","42545990"
"chr7","43656437","43656742","KN297227v1","1115778","1116078","19","42540659"
"chr7","43661523","43661815","KN295967v1","606893","607186","33","43054630"
"chr7","43667607","43667903","KN295315v1","1175116","1175414","31","42492491"
"chr7","43671450","43671748","KN297227v1","1129118","1129421","26","42542332"
"chr7","43684583","43684857","KN294470v1","1342873","1343145","32","42341710"
"chr7","43703669","43703934","KN296349v1","65532","65784","59","43638137"
"chr7","43741408","43741692","KN297227v1","1195805","1196078","35","42545603"
"chr7","43746185","43746472","KN296019v1","412819","413103","38","43333366"
"chr7","43778774","43779069","KN297227v1","1235832","1236124","22","42542942"
"chr7","43790531","43790824","KN295735v1","162732","163028","31","43627799"
"chr7","43815511","43815814","KN297227v1","1266969","1267270","27","42548542"
"chr7","43853559","43853830","KN297227v1","1315329","1315608","30","42538230"
"chr7","43901674","43901969","KN297227v1","1361572","1361875","26","42540102"
"chr7","43911329","43911620","KN297227v1","1370272","1370552","39","42541057"
"chr7","43929811","43930116","KN297227v1","1388975","1389274","27","42540836"
"chr7","43932019","43932323","KN295343v1","729289","729587","37","43202730"
"chr7","43933708","43933998","KN295573v1","192599","192895","42","43741109"
"chr7","44023623","44023929","KN297227v1","1474608","1474911","26","42549015"
"chr7","44044557","44044855","KN295405v1","389811","390107","61","43654746"
"chr7","44080174","44080467","KN297227v1","1528967","1529265","32","42551207"
"chr7","44122051","44122360","KN297227v1","1565590","1565896","23","42556461"
"chr7","44151567","44151773","KN295375v1","445479","445687","28","43706088"
"chr7","44178893","44179192","KN297227v1","1624964","1625269","33","42553929"
"chr7","44205673","44205961","KN297227v1","1652339","1652627","28","42553334"
"chr7","44366614","44366924","KN297219v1","1549261","1549566","38","42817353"
"chr7","44425004","44425284","KN295459v1","1621495","1621779","37","42803509"
"chr7","44426026","44426329","KN296316v1","265694","265986","35","44160332"
"chr7","44431691","44431914","KN295405v1","757351","757593","47","43674340"
"chr7","44456962","44457278","KN294378v1","1504358","1504668","41","42952604"
"chr7","44458882","44459192","KN294570v1","157097","157394","39","44301785"
"chr7","44465317","44465564","KN295405v1","757351","757593","40","43707966"
"chr7","44468474","44468773","KN296036v1","1895044","1895337","42","42573430"
"chr7","44470188","44470461","KN294848v1","680094","680368","45","43790094"
"chr7","44470915","44471206","KN294420v1","822079","822371","34","43648836"
"chr7","44498024","44498323","KN295198v1","274974","275272","34","44223050"
"chr7","44578626","44578932","KN296635v1","3876048","3876352","45","40702578"
"chr7","44671906","44672203","KN294251v1","1932520","1932819","38","42739386"
"chr7","44692143","44692472","KN296306v1","1908527","1908848","39","42783616"
"chr7","44789642","44789940","KN296360v1","1534854","1535148","36","43254788"
"chr7","44835256","44835357","KN295045v1","1002947","1003036","32","43832309"
"chr7","44903761","44904043","KN296153v1","2790936","2791215","53","42112825"
"chr7","44909872","44910163","KN297133v1","1238036","1238320","46","43671836"
"chr7","44967070","44967374","KN296682v1","4969389","4969694","34","39997681"
"chr7","45083498","45083791","KN295236v1","4818873","4819150","52","40264625"
"chr7","45092833","45093118","KN294790v1","3853980","3854267","39","41238853"
"chr7","45105548","45105841","KN294539v1","1287945","1288241","40","43817603"
"chr7","45133358","45133656","KN297203v1","89813","90124","44","45043545"
"chr7","45313051","45313358","KN296178v1","8073","8382","38","45304978"
"chr7","45485409","45485703","KN297197v1","699015","699311","36","44786394"
"chr7","45510481","45510763","KN297203v1","476066","476346","29","45034415"
"chr7","45555734","45556029","KN297203v1","522786","523084","39","45032948"
"chr7","45638448","45638753","KN297203v1","616262","616568","32","45022186"
"chr7","45657618","45657926","KN297293v1","407349","407660","64","45250269"
"chr7","45699880","45700181","KN297203v1","672646","672942","30","45027234"
"chr7","45828436","45828750","KN297203v1","815412","815725","31","45013024"
"chr7","45842750","45843057","KN297390v1","166530","166837","41","45676220"
"chr7","45844133","45844441","KN297203v1","830463","830772","29","45013670"
"chr7","45989537","45989848","KN297203v1","974629","974939","27","45014908"
"chr7","46013424","46013699","KN297203v1","1001173","1001472","40","45012251"
"chr7","46026073","46026354","KN296921v1","541331","541611","37","45484742"
"chr7","46049459","46049752","KN295729v1","826689","826980","35","45222770"
"chr7","46050574","46050875","KN297203v1","1038785","1039072","26","45011789"
"chr7","46070664","46070964","KN297203v1","1058652","1058947","32","45012012"
"chr7","46134638","46134943","KN294705v1","186396","186702","38","45948242"
"chr7","46154760","46155059","KN296063v1","599708","600007","30","45555052"
"chr7","46169881","46170164","KN294630v1","425839","426122","37","45744042"
"chr7","46170194","46170482","KN297203v1","1170573","1170867","32","44999621"
"chr7","46189710","46190013","KN297197v1","767513","767826","42","45422197"
"chr7","46206805","46207096","KN297276v1","143691","143993","46","46063114"
"chr7","46207956","46208256","KN295607v1","4377455","4377758","39","41830501"
"chr7","46208964","46209263","KN295430v1","1940853","1941150","41","44268111"
"chr7","46210395","46210698","KN295913v1","55210","55520","53","46155185"
"chr7","46218834","46219124","KN297203v1","1218796","1219085","24","45000038"
"chr7","46242759","46243064","KN297203v1","1242027","1242333","34","45000732"
"chr7","46273759","46274062","KN295523v1","4038193","4038498","44","42235566"
"chr7","46280117","46280411","KN294501v1","4140225","4140518","45","42139892"
"chr7","46286390","46286683","KN297233v1","523000","523293","38","45763390"
"chr7","46295686","46295978","KN294539v1","1287945","1288241","37","45007741"
"chr7","46297186","46297484","KN296153v1","3041230","3041525","45","43255956"
"chr7","46336024","46336330","KN297203v1","1338169","1338479","33","44997855"
"chr7","46349305","46349604","KN297203v1","1349515","1349825","30","44999790"
"chr7","46356109","46356404","KN297233v1","523000","523293","35","45833109"
"chr7","46356892","46357185","KN295394v1","556635","556929","35","45800257"
"chr7","46363285","46363575","KN297203v1","1363429","1363729","36","44999856"
"chr7","46388843","46389146","KN297203v1","1392795","1393091","30","44996048"
"chr7","46424791","46425089","KN297203v1","1429057","1429364","30","44995734"
"chr7","46479471","46479691","KN294685v1","55717","55932","28","46423754"
"chr7","46482037","46482343","KN296833v1","30824","31126","42","46451213"
"chr7","46581354","46581648","KN294346v1","422309","422602","37","46159045"
"chr7","46670534","46670838","KN297203v1","1694166","1694474","24","44976368"
"chr7","46672494","46672800","KN294630v1","686727","687035","39","45985767"
"chr7","46679262","46679556","KN297026v1","1665759","1666054","33","45013503"
"chr7","46680915","46681183","KN294604v1","515332","515604","44","46165583"
"chr7","46696370","46696572","KN295977v1","1276894","1277103","68","45419476"
"chr7","46702985","46703278","KN294325v1","1015803","1016101","42","45687182"
"chr7","46736753","46737062","KN295308v1","2157705","2158010","38","44579048"
"chr7","46740760","46741042","KN294662v1","218243","218524","39","46522517"
"chr7","46840929","46841229","KN297203v1","1811443","1811739","35","45029486"
"chr7","46889423","46889726","KN297203v1","1828730","1829049","36","45060693"
"chr7","46913136","46913438","KN297323v1","822647","822955","35","46090489"
"chr7","47093601","47093896","KN296311v1","2508945","2509241","34","44584656"
"chr7","47126671","47126952","KN297203v1","2112227","2112514","34","45014444"
"chr7","47127540","47127851","KN297203v1","2113485","2113783","39","45014055"
"chr7","47137885","47138144","KN297203v1","2125123","2125384","22","45012762"
"chr7","47188438","47188748","KN297203v1","2177962","2178271","31","45010476"
"chr7","47195359","47195667","KN295893v1","3487599","3487901","44","43707760"
"chr7","47214609","47214887","KN297105v1","148933","149213","52","47065676"
"chr7","47253006","47253310","KN297203v1","2248921","2249223","24","45004085"
"chr7","47258344","47258647","KN297203v1","2259970","2260273","27","44998374"
"chr7","47419989","47420271","KN297046v1","1893600","1893881","38","45526389"
"chr7","47483782","47483960","KN295523v1","3040188","3040364","25","44443594"
"chr7","47497347","47497650","KN296305v1","827789","828091","37","46669558"
"chr7","47562307","47562606","KN295090v1","1849079","1849376","39","45713228"
"chr7","47606371","47606634","KN294581v1","221384","221653","48","47384987"
"chr7","47798392","47798645","KN294987v1","795982","796237","46","47002410"
"chr7","47912264","47912578","KN294548v1","1161001","1161308","49","46751263"
"chr7","47955520","47955822","KN295115v1","305147","305456","39","47650373"
"chr7","48182913","48183223","KN295115v1","68037","68344","24","48114876"
"chr7","48332905","48333184","KN295459v1","574121","574407","35","47758784"
"chr7","48389590","48389898","KN295906v1","883324","883637","50","47506266"
"chr7","48450046","48450321","KN297190v1","313919","314190","39","48136127"
"chr7","48470071","48470346","KN296406v1","165981","166261","49","48304090"
"chr7","48484007","48484331","KN296635v1","4299479","4299786","59","44184528"
"chr7","48573649","48573930","KN296261v1","620490","620771","31","47953159"
"chr7","48764920","48765219","KN295430v1","2554896","2555197","40","46210024"
"chr7","48771829","48772135","KN295988v1","437750","438058","40","48334079"
"chr7","48774978","48775250","KN295205v1","1144902","1145175","33","47630076"
"chr7","48795405","48795704","KN295459v1","673095","673397","38","48122310"
"chr7","48802448","48802734","KN297044v1","67196","67485","29","48735252"
"chr7","48834220","48834531","KN295301v1","761923","762233","40","48072297"
"chr7","48875140","48875442","KN295439v1","66534","66843","47","48808606"
"chr7","48885481","48885776","KN294539v1","1287945","1288241","43","47597536"
"chr7","49104047","49104345","KN295586v1","857947","858237","34","48246100"
"chr7","49119976","49120252","KN294372v1","1629572","1629847","36","47490404"
"chr7","49137022","49137332","KN295352v1","583476","583785","39","48553546"
"chr7","49162739","49163038","KN294571v1","1575904","1576204","34","47586835"
"chr7","49221436","49221734","KN296726v1","608259","608551","45","48613177"
"chr7","49250063","49250361","KN296775v1","1237428","1237724","39","48012635"
"chr7","49489966","49490235","KN295722v1","1071257","1071521","43","48418709"
"chr7","49501206","49501516","KN294193v1","765791","766099","40","48735415"
"chr7","49504876","49505177","KN294571v1","890748","891049","34","48614128"
"chr7","49604598","49604914","KN295995v1","655021","655332","47","48949577"
"chr7","49658770","49659079","KN294761v1","363307","363610","47","49295463"
"chr7","49681699","49682009","KN295090v1","1793240","1793552","39","47888459"
"chr7","49751115","49751422","KN296266v1","31062","31371","35","49720053"
"chr7","49774165","49774338","KN295102v1","122392","122558","30","49651773"
"chr7","49777167","49777464","KN294420v1","822079","822371","39","48955088"
"chr7","49832930","49833231","KN294407v1","2157068","2157379","36","47675862"
"chr7","49837517","49837838","KN294170v1","5505","5809","57","49832012"
"chr7","49865395","49865720","KN295893v1","7329610","7329934","41","42535785"
"chr7","49866524","49866807","KN295533v1","1979200","1979489","44","47887324"
"chr7","49870493","49870791","KN296883v1","878376","878679","37","48992117"
"chr7","49912072","49912338","KN296833v1","357200","357461","56","49554872"
"chr7","49940409","49940718","KN295077v1","613765","614075","45","49326644"
"chr7","49946463","49946762","KN294633v1","56373","56674","34","49890090"
"chr7","49955024","49955323","KN296322v1","2709076","2709373","39","47245948"
"chr7","49975574","49975874","KN297276v1","143691","143993","36","49831883"
"chr7","49978900","49979190","KN295729v1","826689","826980","35","49152211"
"chr7","49979299","49979577","KN294987v1","191902","192180","48","49787397"
"chr7","49982430","49982727","KN295573v1","192599","192895","39","49789831"
"chr7","49984805","49985109","KN295523v1","2641149","2641450","36","47343656"
"chr7","49987565","49987872","KN295257v1","1225806","1226107","35","48761759"
"chr7","50007325","50007621","KN294407v1","261292","261587","38","49746033"
"chr7","50009059","50009370","KN296714v1","277101","277409","42","49731958"
"chr7","50010770","50011081","KN296430v1","96066","96377","39","49914704"
"chr7","50013795","50014101","KN295022v1","990860","991167","40","49022935"
"chr7","50027918","50028199","KN295350v1","663485","663764","36","49364433"
"chr7","50035348","50035635","KN294949v1","1309263","1309554","34","48726085"
"chr7","50035864","50036162","KN294581v1","619147","619445","41","49416717"
"chr7","50058414","50058717","KN297203v1","1243976","1244285","39","48814438"
"chr7","50083871","50084164","KN295241v1","75672","75962","54","50008199"
"chr7","50095877","50096173","KN296635v1","4669001","4669302","43","45426876"
"chr7","50115075","50115380","KN295828v1","930975","931278","33","49184100"
"chr7","50175428","50175738","KN295571v1","513084","513393","35","49662344"
"chr7","50219113","50219365","KN296145v1","262211","262456","37","49956902"
"chr7","50313961","50314274","KN296303v1","514845","515157","40","49799116"
"chr7","50634052","50634358","KN295523v1","2925262","2925570","34","47708790"
"chr7","50666594","50666909","KN294266v1","214101","214406","46","50452493"
"chr7","50684398","50684714","KN296486v1","152977","153278","62","50531421"
"chr7","50711100","50711400","KN294292v1","12015","12314","44","50699085"
"chr7","50832757","50833002","KN297038v1","314696","314959","40","50518061"
"chr7","50888303","50888598","KN294548v1","1161001","1161308","51","49727302"
"chr7","50888817","50889091","KN295596v1","3232807","3233095","61","47656010"
"chr7","50899087","50899390","KN296108v1","367713","368015","39","50531374"
"chr7","50914417","50914726","KN295637v1","795675","795978","39","50118742"
"chr7","50923827","50924130","KN296820v1","1256411","1256710","36","49667416"
"chr7","50946324","50946568","KN297207v1","101750","101994","34","50844574"
"chr7","50956919","50957159","KN295967v1","625826","626071","47","50331093"
"chr7","50957814","50957871","KN294187v1","1105507","1105554","21","49852307"
"chr7","50971377","50971679","KN296496v1","988332","988629","47","49983045"
"chr7","50983421","50983727","KN296158v1","833307","833603","47","50150114"
"chr7","51026790","51027094","KN294662v1","54879","55172","50","50971911"
"chr7","51069590","51069765","KN294187v1","367609","367787","25","50701981"
"chr7","51086146","51086412","KN295667v1","761203","761468","39","50324943"
"chr7","51111221","51111529","KN296496v1","910602","910902","48","50200619"
"chr7","51189878","51190188","KN295708v1","219821","220134","52","50970057"
"chr7","51384454","51384719","KN294239v1","1589177","1589439","43","49795277"
"chr7","51404787","51405023","KN295586v1","3146006","3146235","39","48258781"
"chr7","51406210","51406483","KN296982v1","311466","311748","45","51094744"
"chr7","51531215","51531517","KN294407v1","3027269","3027567","41","48503946"
"chr7","51549365","51549658","KN295835v1","84846","85139","39","51464519"
"chr7","51596965","51597248","KN296290v1","2071993","2072261","54","49524972"
"chr7","51617284","51617564","KN295729v1","826689","826980","53","50790595"
"chr7","51632921","51633229","KN296503v1","539763","540066","42","51093158"
"chr7","51650428","51650721","KN295430v1","2554896","2555197","45","49095532"
"chr7","51651697","51652006","KN296481v1","302234","302545","45","51349463"
"chr7","51653943","51654234","KN297050v1","64155","64449","44","51589788"
"chr7","51654556","51654859","KN296153v1","3399388","3399691","45","48255168"
"chr7","51676546","51676864","KN295352v1","1345858","1346165","49","50330688"
"chr7","51682307","51682596","KN294147v1","1191891","1192182","44","50490416"
"chr7","51731676","51731980","KN294539v1","1287945","1288241","44","50443731"
"chr7","51832656","51832952","KN294917v1","401690","401984","42","51430966"
"chr7","51858839","51859147","KN295814v1","1059254","1059558","43","50799585"
"chr7","51900368","51900665","KN294911v1","3904036","3904337","37","47996332"
"chr7","51919911","51920224","KN295477v1","23872","24183","50","51896039"
"chr7","51927288","51927590","KN294475v1","710514","710817","37","51216774"
"chr7","51966320","51966571","KN295601v1","1074382","1074645","52","50891938"
"chr7","52000390","52000695","KN294470v1","2002596","2002898","36","49997794"
"chr7","52057403","52057706","KN295814v1","1059254","1059558","43","50998149"
"chr7","52175430","52175694","KN294257v1","2022327","2022606","55","50153103"
"chr7","52336324","52336629","KN296287v1","119329","119630","38","52216995"
"chr7","52337056","52337360","KN294446v1","508370","508676","43","51828686"
"chr7","52371202","52371493","KN294175v1","69839","70134","38","52301363"
"chr7","52431730","52432022","KN296290v1","541019","541316","33","51890711"
"chr7","52439632","52439925","KN297245v1","1416081","1416379","33","51023551"
"chr7","52487332","52487641","KN295709v1","96121","96435","30","52391211"
"chr7","52498262","52498582","KN295748v1","161587","161896","47","52336675"
"chr7","52699053","52699369","KN294407v1","2157068","2157379","46","50541985"
"chr7","52766520","52766822","KN294172v1","5828976","5829275","36","46937544"
"chr7","52830671","52830857","KN294470v1","220971","221157","31","52609700"
"chr7","52831434","52831716","KN294733v1","571217","571489","44","52260217"
"chr7","52848704","52849009","KN296810v1","26632","26932","49","52822072"
"chr7","53065648","53065943","KN294257v1","2744602","2744887","55","50321046"
"chr7","53074234","53074539","KN294906v1","500271","500582","36","52573963"
"chr7","53167435","53167735","KN296430v1","1105044","1105344","28","52062391"
"chr7","53229588","53229881","KN294917v1","401690","401984","34","52827898"
"chr7","53260629","53260921","KN294172v1","4731014","4731305","42","48529615"
"chr7","53277148","53277459","KN295586v1","1244707","1245017","38","52032441"
"chr7","53298471","53298767","KN295394v1","556635","556929","37","52741836"
"chr7","53299406","53299715","KN295571v1","513084","513393","32","52786322"
"chr7","53328089","53328340","KN294991v1","995507","995758","35","52332582"
"chr7","53372705","53372995","KN296743v1","202352","202637","37","53170353"
"chr7","53414758","53415066","KN296743v1","1756759","1757068","31","51657999"
"chr7","53554325","53554623","KN296311v1","4947431","4947730","32","48606894"
"chr7","53600368","53600669","KN296404v1","1301704","1302007","39","52298664"
"chr7","53603778","53604086","KN295477v1","23872","24183","40","53579906"
"chr7","53665522","53665820","KN294187v1","1109661","1109959","38","52555861"
"chr7","53676370","53676596","KN295441v1","1457453","1457675","34","52218917"
"chr7","53811419","53811714","KN294705v1","430220","430521","36","53381199"
"chr7","53858866","53859152","KN296225v1","121896","122180","31","53736970"
"chr7","53868982","53869291","KN294516v1","3598","3906","44","53865384"
"chr7","53905189","53905511","KN297327v1","217601","217906","51","53687588"
"chr7","53962056","53962337","KN297290v1","188223","188514","41","53773833"
"chr7","53965430","53965679","KN295405v1","757351","757593","51","53208079"
"chr7","53987936","53988232","KN294499v1","2005615","2005910","35","51982321"
"chr7","54031637","54031930","KN294326v1","619990","620278","34","53411647"
"chr7","54043111","54043302","KN295236v1","258273","258460","45","53784838"
"chr7","54046012","54046319","KN294443v1","441739","442042","41","53604273"
"chr7","54055351","54055638","KN295706v1","45460","45751","36","54009891"
"chr7","54173537","54173831","KN296557v1","13515","13811","34","54160022"
"chr7","54208544","54208856","KN295996v1","133342","133652","39","54075202"
"chr7","54223707","54224009","KN295735v1","994649","994952","39","53229058"
"chr7","54236510","54236814","KN296311v1","8317826","8318133","34","45918684"
"chr7","54282188","54282470","KN294790v1","11412","11701","44","54270776"
"chr7","54324880","54325175","KN294548v1","1512349","1512641","36","52812531"
"chr7","54325910","54326211","KN294243v1","7390","7692","41","54318520"
"chr7","54339238","54339522","KN296795v1","1228994","1229286","57","53110244"
"chr7","54360481","54360791","KN294378v1","1504358","1504668","38","52856123"
"chr7","54366218","54366510","KN296926v1","865413","865713","42","53500805"
"chr7","54371097","54371393","KN294570v1","248934","249228","29","54122163"
"chr7","54373583","54373881","KN294470v1","2136945","2137241","40","52236638"
"chr7","54379586","54379879","KN294570v1","240552","240832","44","54139034"
"chr7","54387559","54387880","KN294570v1","233787","234101","25","54153772"
"chr7","54388851","54389145","KN296303v1","662776","663079","39","53726075"
"chr7","54400627","54400926","KN294266v1","905320","905619","51","53495307"
"chr7","54403897","54404200","KN294326v1","309006","309309","40","54094891"
"chr7","54405467","54405764","KN296750v1","659202","659498","38","53746265"
"chr7","54407063","54407245","KN296402v1","553571","553745","29","53853492"
"chr7","54417810","54418096","KN295152v1","176671","176951","48","54241139"
"chr7","54418338","54418636","KN294733v1","607498","607793","48","53810840"
"chr7","54418746","54419032","KN296186v1","55885","56175","27","54362861"
"chr7","54421606","54421911","KN294987v1","477233","477538","39","53944373"
"chr7","54422221","54422522","KN294345v1","1360179","1360481","26","53062042"
"chr7","54422594","54422889","KN294987v1","1160344","1160639","42","53262250"
"chr7","54426298","54426583","KN294949v1","346555","346838","42","54079743"
"chr7","54428176","54428454","KN295090v1","1944506","1944786","37","52483670"
"chr7","54430901","54431217","KN294592v1","1321409","1321720","46","53109492"
"chr7","54431262","54431570","KN295430v1","2554896","2555197","43","51876366"
"chr7","54437572","54437881","KN295034v1","280827","281133","41","54156745"
"chr7","54448041","54448186","KN296225v1","431453","431596","35","54016588"
"chr7","54448441","54448759","KN294548v1","1161001","1161308","42","53287440"
"chr7","54455213","54455509","KN297227v1","712178","712473","41","53743035"
"chr7","54459668","54459983","KN294790v1","2480212","2480521","37","51979456"
"chr7","54469079","54469367","KN294937v1","266","558","34","54468813"
"chr7","54483861","54484143","KN296316v1","217865","218149","30","54265996"
"chr7","54487664","54487957","KN297452v1","775968","776265","39","53711696"
"chr7","54492850","54493125","KN297276v1","475868","476140","31","54016982"
"chr7","54500955","54501254","KN296290v1","541019","541316","42","53959936"
"chr7","54508364","54508661","KN296743v1","1263277","1263568","33","53245087"
"chr7","54512845","54513152","KN294995v1","15599","15901","38","54497246"
"chr7","54519494","54519776","KN294172v1","6693401","6693683","43","47826093"
"chr7","54526788","54527083","KN294991v1","1444231","1444521","44","53082557"
"chr7","54537803","54538094","KN296495v1","560166","560460","38","53977637"
"chr7","54541009","54541312","KN294326v1","309006","309309","35","54232003"
"chr7","54543931","54544216","KN294662v1","54879","55172","35","54489052"
"chr7","54584677","54584971","KN294561v1","1084406","1084703","39","53500271"
"chr7","54605895","54606183","KN295828v1","1026333","1026620","31","53579562"
"chr7","54612746","54613033","KN296495v1","1951647","1951933","30","52661099"
"chr7","54615361","54615681","KN296665v1","158306","158620","50","54457055"
"chr7","54621195","54621504","KN295748v1","161587","161896","40","54459608"
"chr7","54628570","54628869","KN296921v1","711655","711953","43","53916915"
"chr7","54630285","54630580","KN294964v1","1171001","1171302","46","53459284"
"chr7","54640110","54640408","KN294733v1","607498","607793","40","54032612"
"chr7","54642756","54643056","KN294592v1","1036828","1037126","37","53605928"
"chr7","54652740","54653044","KN295045v1","51919","52221","39","54600821"
"chr7","54659130","54659416","KN294571v1","1134291","1134579","30","53524839"
"chr7","54662923","54663226","KN297245v1","1416081","1416379","46","53246842"
"chr7","54674485","54674792","KN296345v1","121659","121957","38","54552826"
"chr7","54675917","54676086","KN295171v1","872676","872843","24","53803241"
"chr7","54677532","54677845","KN296503v1","539763","540066","46","54137769"
"chr7","54684602","54684921","KN294957v1","62097","62408","46","54622505"
"chr7","54687231","54687528","KN294570v1","167445","167744","36","54519786"
"chr7","54689056","54689362","KN295571v1","513084","513393","38","54175972"
"chr7","54691330","54691646","KN295319v1","772235","772546","59","53919095"
"chr7","54695058","54695354","KN295114v1","45102","45395","31","54649956"
"chr7","54722753","54723070","KN296486v1","67047","67367","48","54655706"
"chr7","54724783","54725090","KN294372v1","299717","300027","41","54425066"
"chr7","54730591","54730898","KN296303v1","514845","515157","35","54215746"
"chr7","54735176","54735483","KN294548v1","1161001","1161308","32","53574175"
"chr7","54746242","54746563","KN296484v1","351750","352061","44","54394492"
"chr7","54747766","54748037","KN296096v1","1429416","1429683","38","53318350"
"chr7","54752314","54752619","KN295633v1","323295","323596","40","54429019"
"chr7","54757351","54757651","KN296167v1","450049","450355","38","54307302"
"chr7","54760569","54760878","KN296731v1","1167793","1168104","38","53592776"
"chr7","54761409","54761626","KN295977v1","1276894","1277103","44","53484515"
"chr7","54771220","54771514","KN295610v1","393529","393825","40","54377691"
"chr7","54772451","54772755","KN295326v1","192748","193053","39","54579703"
"chr7","54777707","54778011","KN295090v1","786208","786506","47","53991499"
"chr7","54778816","54779126","KN296316v1","273134","273441","52","54505682"
"chr7","54782789","54783089","KN294571v1","1575904","1576204","37","53206885"
"chr7","54891327","54891609","KN296775v1","630447","630731","43","54260880"
"chr7","54895101","54895413","KN297293v1","407349","407660","41","54487752"
"chr7","54904512","54904804","KN296547v1","396597","396892","42","54507915"
"chr7","54909136","54909445","KN294592v1","1321409","1321720","40","53587727"
"chr7","54915947","54916248","KN294644v1","85408","85699","42","54830539"
"chr7","54918810","54919117","KN295962v1","1586873","1587177","41","53331937"
"chr7","54924185","54924474","KN297458v1","476217","476510","44","54447968"
"chr7","54984916","54985213","KN294917v1","401690","401984","33","54583226"
"chr7","54985665","54985937","KN294848v1","680094","680368","41","54305571"
"chr7","54987379","54987670","KN294407v1","1559420","1559718","45","53427959"
"chr7","54990636","54990944","KN294548v1","328774","329084","39","54661862"
"chr7","54999679","54999986","KN294570v1","157097","157394","40","54842582"
"chr7","55001575","55001887","KN296847v1","318048","318359","36","54683527"
"chr7","55014538","55014851","KN295487v1","52973","53281","40","54961565"
"chr7","55042315","55042609","KN295090v1","1338805","1339099","54","53703510"
"chr7","55064019","55064229","KN296643v1","363205","363447","60","54700814"
"chr7","55069641","55069944","KN296316v1","265694","265986","28","54803947"
"chr7","55088049","55088351","KN296498v1","95172","95471","39","54992877"
"chr7","55094666","55094977","KN296210v1","25819","26126","41","55068847"
"chr7","55109127","55109427","KN294172v1","1112560","1112858","36","53996567"
"chr7","55116172","55116470","KN296263v1","325449","325745","44","54790723"
"chr7","55119210","55119495","KN297186v1","1381942","1382225","42","53737268"
"chr7","55120332","55120639","KN295748v1","161587","161896","47","54958745"
"chr7","55133901","55134201","KN297367v1","115077","115384","48","55018824"
"chr7","55142706","55143006","KN294539v1","1287945","1288241","42","53854761"
"chr7","55179791","55180096","KN296178v1","892526","892831","41","54287265"
"chr7","55189105","55189378","KN295633v1","1133330","1133601","48","54055775"
"chr7","55193750","55194042","KN296484v1","733487","733776","35","54460263"
"chr7","55204242","55204426","KN296311v1","4991977","4992161","55","50212265"
"chr7","55236802","55236973","KN295034v1","690203","690373","30","54546599"
"chr7","55249562","55249848","KN295371v1","448057","448341","36","54801505"
"chr7","55249962","55250255","KN295523v1","3015511","3015803","36","52234451"
"chr7","55289086","55289367","KN295350v1","962885","963179","46","54326201"
"chr7","55331180","55331356","KN294957v1","73265","73439","40","55257915"
"chr7","55361168","55361455","KN294147v1","1191891","1192182","43","54169277"
"chr7","55373497","55373801","KN295343v1","1048253","1048553","48","54325244"
"chr7","55378813","55379125","KN295633v1","323295","323596","49","55055518"
"chr7","55392613","55392903","KN294419v1","200675","200969","37","55191938"
"chr7","55403323","55403630","KN296785v1","16268","16570","45","55387055"
"chr7","55405373","55405668","KN294456v1","604635","604930","41","54800738"
"chr7","55406269","55406572","KN296096v1","3037212","3037521","42","52369057"
"chr7","55406611","55406859","KN295835v1","199186","199432","46","55207425"
"chr7","55408690","55409005","KN294451v1","1297714","1298020","46","54110976"
"chr7","55410789","55411092","KN295430v1","1217885","1218183","40","54192904"
"chr7","55437196","55437486","KN296588v1","1345792","1346088","43","54091404"
"chr7","55457075","55457376","KN296322v1","2692700","2693002","41","52764375"
"chr7","55463020","55463298","KN294167v1","511430","511711","37","54951590"
"chr7","55464304","55464622","KN297442v1","1612430","1612738","50","53851874"
"chr7","55467747","55468057","KN294618v1","86689","87001","20","55381058"
"chr7","55469267","55469574","KN294618v1","88202","88508","45","55381065"
"chr7","55469749","55470048","KN294618v1","88680","88967","38","55381069"
"chr7","55475149","55475436","KN296138v1","547660","547948","43","54927489"
"chr7","55477729","55478034","KN295074v1","343353","343661","37","55134376"
"chr7","55482027","55482328","KN297154v1","449271","449568","43","55032756"
"chr7","55486639","55486954","KN295077v1","473294","473605","45","55013345"
"chr7","55488191","55488491","KN296785v1","16268","16570","33","55471923"
"chr7","55493492","55493787","KN295814v1","1261993","1262292","34","54231499"
"chr7","55500001","55500213","KN295586v1","3146006","3146235","37","52353995"
"chr7","55500471","55500780","KN294873v1","942906","943208","44","54557565"
"chr7","55520197","55520507","KN294581v1","227308","227612","49","55292889"
"chr7","55527901","55528189","KN296880v1","290573","290861","33","55237328"
"chr7","55530072","55530376","KN295090v1","1590934","1591232","37","53939138"
"chr7","55543554","55543838","KN296122v1","114260","114545","29","55429294"
"chr7","55545920","55546223","KN296122v1","111552","111855","27","55434368"
"chr7","55561131","55561458","KN294790v1","4856353","4856655","72","50704778"
"chr7","55561798","55562039","KN295923v1","2248175","2248419","48","53313623"
"chr7","55564947","55565226","KN294570v1","18395","18684","37","55546552"
"chr7","55570127","55570406","KN294570v1","13265","13560","36","55556862"
"chr7","55586087","55586375","KN296133v1","223062","223350","37","55363025"
"chr7","55609047","55609322","KN296643v1","862165","862446","38","54746882"
"chr7","55639389","55639695","KN295313v1","48838","49130","54","55590551"
"chr7","55641211","55641511","KN296404v1","1423465","1423767","35","54217746"
"chr7","55641889","55642205","KN295477v1","23872","24183","44","55618017"
"chr7","55642983","55643235","KN296311v1","2097854","2098122","59","53545129"
"chr7","55648512","55648801","KN295313v1","92714","93003","33","55555798"
"chr7","55682202","55682460","KN296316v1","142921","143187","42","55539281"
"chr7","55689224","55689528","KN294548v1","1161001","1161308","36","54528223"
"chr7","55760241","55760541","KN297361v1","65405","65707","46","55694836"
"chr7","55762238","55762536","KN294899v1","219419","219711","45","55542819"
"chr7","55788085","55788364","KN294728v1","858176","858454","41","54929909"
"chr7","55789820","55790052","KN295405v1","757351","757593","53","55032469"
"chr7","55790155","55790216","KN295236v1","543829","543887","20","55246326"
"chr7","55791373","55791673","KN295315v1","851867","852166","37","54939506"
"chr7","55793959","55794010","KN294187v1","1105507","1105554","17","54688452"
"chr7","55794011","55794269","KN297038v1","314696","314959","41","55479315"
"chr7","55794533","55794810","KN296176v1","650821","651102","32","55143712"
"chr7","55795415","55795717","KN294187v1","1223434","1223736","53","54571981"
"chr7","55801487","55801790","KN296635v1","2119117","2119419","43","53682370"
"chr7","55802115","55802427","KN296311v1","8317826","8318133","38","47484289"
"chr7","55831040","55831214","KN295090v1","1414837","1415006","33","54416203"
"chr7","55831337","55831626","KN295241v1","9462","9752","35","55821875"
"chr7","55838860","55839173","KN296731v1","694955","695263","43","55143905"
"chr7","55844997","55845246","KN295869v1","1570001","1570244","38","54274996"
"chr7","55849508","55849791","KN295523v1","4041378","4041676","46","51808130"
"chr7","55860499","55860782","KN296153v1","3033016","3033295","44","52827483"
"chr7","55868014","55868308","KN294850v1","198361","198654","43","55669653"
"chr7","55878668","55878948","KN296743v1","202352","202637","46","55676316"
"chr7","55888986","55889293","KN295433v1","250702","251008","53","55638284"
"chr7","55901682","55901987","KN294570v1","43301","43603","36","55858381"
"chr7","55947688","55947984","KN296513v1","2047464","2047766","43","53900224"
"chr7","55948440","55948775","KN294996v1","5806","6131","62","55942634"
"chr7","55950050","55950336","KN296357v1","559775","560070","47","55390275"
"chr7","55952893","55953181","KN296316v1","43181","43468","30","55909712"
"chr7","55954564","55954881","KN296884v1","30338","30656","42","55924226"
"chr7","55955601","55955816","KN296316v1","41220","41433","30","55914381"
"chr7","56104598","56104892","KN294470v1","2153527","2153827","50","53951071"
"chr7","56116629","56116919","KN296825v1","1862077","1862371","37","54254552"
"chr7","56126270","56126480","KN296643v1","363205","363447","60","55763065"
"chr7","56131886","56132194","KN296316v1","265694","265986","34","55866192"
"chr7","56150299","56150599","KN296498v1","95172","95471","40","56055127"
"chr7","56156916","56157217","KN296557v1","13515","13811","38","56143401"
"chr7","56171329","56171629","KN294172v1","1112560","1112858","38","55058769"
"chr7","56178375","56178701","KN296460v1","119303","119632","54","56059072"
"chr7","56178782","56179076","KN296739v1","142345","142637","43","56036437"
"chr7","56181440","56181725","KN297186v1","1381942","1382225","42","54799498"
"chr7","56182549","56182856","KN295748v1","161587","161896","44","56020962"
"chr7","56196112","56196412","KN297367v1","115077","115384","50","56081035"
"chr7","56204906","56205206","KN294539v1","1287945","1288241","40","54916961"
"chr7","56242017","56242322","KN294629v1","9039","9337","43","56232978"
"chr7","56251370","56251610","KN296970v1","136569","136810","41","56114801"
"chr7","56255978","56256269","KN296484v1","733487","733776","35","55522491"
"chr7","56266475","56266659","KN296311v1","4991977","4992161","53","51274498"
"chr7","56298893","56299064","KN296062v1","1571015","1571193","32","54727878"
"chr7","56311655","56311941","KN295893v1","729257","729542","31","55582398"
"chr7","56312055","56312347","KN295523v1","3015511","3015803","35","53296544"
"chr7","56345075","56345354","KN297171v1","414954","415243","43","55930121"
"chr7","56387185","56387361","KN294957v1","73265","73439","40","56313920"
"chr7","56417183","56417470","KN294147v1","1191891","1192182","43","55225292"
"chr7","56429462","56429762","KN295090v1","1421269","1421567","47","55008193"
"chr7","56434789","56435105","KN296859v1","933436","933742","55","55501353"
"chr7","56448495","56448789","KN294419v1","200675","200969","41","56247820"
"chr7","56460691","56460989","KN296732v1","3482334","3482632","39","52978357"
"chr7","56461590","56461893","KN296096v1","3037212","3037521","41","53424378"
"chr7","56461932","56462180","KN295835v1","199186","199432","49","56262746"
"chr7","56464011","56464326","KN294451v1","1297714","1298020","45","55166297"
"chr7","56466120","56466423","KN295430v1","1217885","1218183","40","55248235"
"chr7","56492435","56492724","KN294419v1","200675","200969","43","56291760"
"chr7","56512309","56512621","KN296635v1","4969030","4969343","45","51543279"
"chr7","56518262","56518540","KN294207v1","761912","762189","38","55756350"
"chr7","56519535","56519851","KN294302v1","375312","375628","51","56144223"
"chr7","56522958","56523268","KN294618v1","86689","87001","21","56436269"
"chr7","56524455","56524760","KN294618v1","88202","88508","45","56436253"
"chr7","56524935","56525234","KN294618v1","88680","88967","39","56436255"
"chr7","56530907","56531190","KN296202v1","151568","151853","43","56379339"
"chr7","56533499","56533804","KN295074v1","343353","343661","36","56190146"
"chr7","56537724","56538026","KN295343v1","729289","729587","43","55808435"
"chr7","56541941","56542256","KN294705v1","1537713","1538021","45","55004228"
"chr7","56543495","56543795","KN296311v1","854862","855163","35","55688633"
"chr7","56555171","56555460","KN295962v1","1414316","1414609","53","55140855"
"chr7","56555718","56556023","KN296157v1","1204996","1205297","46","55350722"
"chr7","56575718","56576025","KN295586v1","5200042","5200338","45","51375676"
"chr7","56583414","56583703","KN296880v1","290573","290861","33","56292841"
"chr7","56585595","56585897","KN296244v1","661876","662181","37","55923719"
"chr7","56597920","56598206","KN296122v1","114260","114545","28","56483660"
"chr7","56600264","56600566","KN296122v1","111552","111855","24","56488712"
"chr7","56603855","56604153","KN294571v1","1575904","1576204","34","55027951"
"chr7","56616462","56616738","KN296122v1","95010","95286","23","56521452"
"chr7","56622347","56622666","KN294592v1","1321409","1321720","46","55300938"
"chr7","56623648","56623939","KN294978v1","4666719","4667007","31","51956929"
"chr7","56623985","56624282","KN295871v1","615076","615373","44","56008909"
"chr7","56633303","56633611","KN295708v1","592356","592663","48","56040947"
"chr7","56642786","56643084","KN296122v1","154948","155243","24","56487838"
"chr7","56644427","56644722","KN296122v1","153227","153528","35","56491200"
"chr7","56663463","56663714","KN296312v1","277559","277809","59","56385904"
"chr7","56667267","56667546","KN296176v1","650821","651102","38","56016446"
"chr7","56670967","56671260","KN294917v1","401690","401984","48","56269277"
"chr7","56673365","56673639","KN295352v1","56941","57215","45","56616424"
"chr7","56674008","56674181","KN294957v1","73265","73439","37","56600743"
"chr7","56674352","56674467","KN294325v1","144183","144285","26","56530169"
"chr7","56682739","56683050","KN295962v1","2329043","2329352","47","54353696"
"chr7","56683803","56684103","KN297154v1","1039874","1040175","55","55643929"
"chr7","56686160","56686465","KN295198v1","274974","275272","42","56411186"
"chr7","56694390","56694723","KN296322v1","2321948","2322270","66","54372442"
"chr7","56695064","56695305","KN295923v1","2248175","2248419","47","54446889"
"chr7","56698196","56698474","KN294570v1","18395","18684","36","56679801"
"chr7","56703345","56703622","KN294570v1","13265","13560","38","56690080"
"chr7","56743724","56743999","KN294251v1","1151512","1151787","37","55592212"
"chr7","56744158","56744433","KN294251v1","1151512","1151787","43","55592646"
"chr7","56780665","56780961","KN294571v1","1575904","1576204","44","55204761"
"chr7","56783157","56783449","KN294526v1","334958","335253","33","56448199"
"chr7","56784260","56784558","KN295313v1","45255","45559","33","56739005"
"chr7","56803596","56803838","KN296743v1","2390056","2390297","40","54413540"
"chr7","56807802","56808114","KN295424v1","314353","314666","46","56493449"
"chr7","56809395","56809681","KN296844v1","46055","46342","34","56763340"
"chr7","56822496","56822807","KN294257v1","2318966","2319262","58","54503530"
"chr7","56875925","56876236","KN294257v1","2318966","2319262","58","54556959"
"chr7","56889051","56889337","KN296844v1","46055","46342","34","56842996"
"chr7","56890618","56890930","KN295424v1","314353","314666","46","56576265"
"chr7","56894893","56895135","KN296743v1","2390056","2390297","40","54504837"
"chr7","56914176","56914474","KN295313v1","45255","45559","33","56868921"
"chr7","56915285","56915577","KN294526v1","334958","335253","33","56580327"
"chr7","56915955","56916263","KN296635v1","4572120","4572425","34","52343835"
"chr7","56917773","56918069","KN294571v1","1575904","1576204","44","55341869"
"chr7","56950252","56950527","KN297443v1","41716","41995","37","56908536"
"chr7","56993606","56993887","KN294570v1","13265","13560","34","56980341"
"chr7","56998890","56999171","KN296498v1","429127","429416","44","56569763"
"chr7","57008100","57008333","KN295835v1","199186","199432","50","56808914"
"chr7","57037383","57037669","KN296316v1","308772","309064","33","56728611"
"chr7","57042021","57042304","KN296316v1","217865","218149","36","56824156"
"chr7","57052705","57052997","KN295729v1","826689","826980","38","56226016"
"chr7","57060205","57060378","KN294613v1","71009","71176","24","56989196"
"chr7","57068870","57069174","KN296306v1","3686137","3686439","42","53382733"
"chr7","57072930","57073231","KN294991v1","293673","293971","37","56779257"
"chr7","57081239","57081535","KN294842v1","192762","193057","35","56888477"
"chr7","57105372","57105553","KN294957v1","73265","73439","33","57032107"
"chr7","57121228","57121524","KN296145v1","740136","740436","34","56381092"
"chr7","57122065","57122367","KN295962v1","2329043","2329352","48","54793022"
"chr7","57132402","57132703","KN294570v1","43301","43603","28","57089101"
"chr7","57142866","57143167","KN296486v1","114465","114761","41","57028401"
"chr7","57144109","57144392","KN294456v1","1143112","1143404","46","56000997"
"chr7","57145186","57145484","KN297133v1","929740","930035","49","56215446"
"chr7","57164064","57164379","KN297008v1","2646914","2647222","53","54517150"
"chr7","57184856","57185194","KN296002v1","155858","156191","52","57028998"
"chr7","57185818","57186123","KN297190v1","509472","509773","46","56676346"
"chr7","57332597","57332905","KN294911v1","2842843","2843153","43","54489754"
"chr7","57347905","57348216","KN294257v1","2318966","2319262","63","55028939"
"chr7","57361018","57361309","KN295573v1","502898","503186","36","56858120"
"chr7","57362580","57362900","KN295708v1","1431107","1431415","51","55931473"
"chr7","57366855","57367097","KN296743v1","2390056","2390297","39","54976799"
"chr7","57386111","57386409","KN295313v1","45255","45559","36","57340856"
"chr7","57387193","57387508","KN296158v1","1175251","1175559","47","56211942"
"chr7","57389694","57389990","KN294571v1","1575904","1576204","43","55813790"
"chr7","57421729","57422004","KN295750v1","151091","151370","42","57270638"
"chr7","57465303","57465582","KN294570v1","13265","13560","35","57452038"
"chr7","57470440","57470718","KN294570v1","18395","18684","30","57452045"
"chr7","57473615","57473856","KN295923v1","2248175","2248419","47","55225440"
"chr7","57474205","57474505","KN295439v1","83349","83650","36","57390856"
"chr7","57482321","57482619","KN294456v1","1098138","1098439","36","56384183"
"chr7","57498764","57499045","KN296153v1","1115266","1115561","44","56383498"
"chr7","57507881","57508114","KN295835v1","199186","199432","50","57308695"
"chr7","57524025","57524248","KN295977v1","1276894","1277103","53","56247131"
"chr7","57538195","57538502","KN296316v1","308772","309064","43","57229423"
"chr7","57542872","57543155","KN296316v1","217865","218149","35","57325007"
"chr7","57555147","57555438","KN294433v1","362882","363170","36","57192265"
"chr7","57562652","57562825","KN294613v1","71009","71176","25","57491643"
"chr7","57571416","57571720","KN296205v1","1038770","1039076","41","56532646"
"chr7","57575456","57575760","KN296646v1","892600","892902","38","56682856"
"chr7","57583766","57584059","KN294842v1","192762","193057","34","57391004"
"chr7","57607894","57608075","KN294957v1","73265","73439","34","57534629"
"chr7","57623704","57624000","KN296145v1","740136","740436","34","56883568"
"chr7","57625630","57625932","KN295962v1","2329043","2329352","49","55296587"
"chr7","57635969","57636270","KN294570v1","43301","43603","27","57592668"
"chr7","57646432","57646733","KN296486v1","114465","114761","40","57531967"
"chr7","57647676","57647959","KN294456v1","1143112","1143404","47","56504564"
"chr7","57647964","57648272","KN296036v1","2062557","2062868","50","55585407"
"chr7","57648753","57649051","KN297133v1","929740","930035","49","56719013"
"chr7","57667632","57667942","KN296290v1","1235584","1235889","51","56432048"
"chr7","57687949","57688258","KN294630v1","349899","350210","43","57338050"
"chr7","57688879","57689185","KN294548v1","1161001","1161308","46","56527878"
"chr7","61438671","61438983","KN295477v1","23872","24183","36","61414799"
"chr7","61521080","61521380","KN296960v1","663028","663318","39","60858052"
"chr7","61558423","61558688","KN294456v1","562074","562345","54","60996349"
"chr7","61561877","61562184","KN296158v1","1175251","1175559","31","60386626"
"chr7","61645948","61646247","KN296960v1","663028","663318","36","60982920"
"chr7","61725568","61725863","KN296732v1","3297760","3298052","35","58427808"
"chr7","61785883","61786193","KN294911v1","2389002","2389309","42","59396881"
"chr7","61866822","61867118","KN294407v1","3027269","3027567","34","58839553"
"chr7","61873670","61873965","KN295988v1","704187","704482","35","61169483"
"chr7","61898389","61898702","KN295301v1","761923","762233","33","61136466"
"chr7","61942176","61942472","KN294571v1","1575904","1576204","43","60366272"
"chr7","61944663","61944978","KN295573v1","964658","964965","47","60980005"
"chr7","61945765","61946063","KN295313v1","45255","45559","36","61900510"
"chr7","61965089","61965331","KN296743v1","2390056","2390297","40","59575033"
"chr7","61969288","61969606","KN295708v1","1431107","1431415","49","60538181"
"chr7","61970882","61971167","KN296844v1","46055","46342","34","61924827"
"chr7","61983973","61984284","KN294257v1","2318966","2319262","61","59665007"
"chr7","61999284","61999593","KN294911v1","2842843","2843153","42","59156441"
"chr7","62019190","62019478","KN294419v1","200675","200969","43","61818515"
"chr7","62045388","62045691","KN295430v1","1217885","1218183","41","60827503"
"chr7","62047484","62047799","KN295601v1","2130762","2131068","45","59916722"
"chr7","62049641","62049889","KN295835v1","199186","199432","48","61850455"
"chr7","62049928","62050231","KN296096v1","3037212","3037521","41","59012716"
"chr7","62050837","62051134","KN296926v1","326521","326825","44","61724316"
"chr7","62052897","62053195","KN294187v1","158362","158655","47","61894535"
"chr7","62063733","62064027","KN294419v1","200675","200969","41","61863058"
"chr7","62077271","62077584","KN295487v1","58632","58957","51","62018639"
"chr7","62082572","62082873","KN295343v1","1048253","1048553","45","61034319"
"chr7","62094921","62095217","KN295236v1","4428540","4428837","41","57666381"
"chr7","62106784","62107082","KN294991v1","1838724","1839016","48","60268060"
"chr7","62109938","62110233","KN295257v1","1849940","1850236","55","60259998"
"chr7","62116727","62117036","KN295814v1","1160421","1160723","34","60956306"
"chr7","62118138","62118427","KN296831v1","388107","388396","35","61730031"
"chr7","62120470","62120768","KN294710v1","68748","69053","46","62051722"
"chr7","62121510","62121813","KN294172v1","1602432","1602732","37","60519078"
"chr7","62135324","62135523","KN295406v1","275159","275372","52","61860165"
"chr7","62151478","62151779","KN294535v1","120708","121012","37","62030770"
"chr7","62165528","62165828","KN296316v1","113041","113341","32","62052487"
"chr7","62178373","62178680","KN296096v1","2349554","2349864","40","59828819"
"chr7","62179422","62179717","KN294172v1","5387980","5388281","52","56791442"
"chr7","62184475","62184783","KN296316v1","87143","87449","28","62097332"
"chr7","62221690","62221991","KN295735v1","596649","596954","41","61625041"
"chr7","62235092","62235386","KN295198v1","356188","356488","40","61878904"
"chr7","62264342","62264637","KN296316v1","30753","31050","26","62233589"
"chr7","62266647","62266950","KN295350v1","859964","860272","44","61406683"
"chr7","62267387","62267693","KN294446v1","240983","241287","42","62026404"
"chr7","62267741","62268017","KN295983v1","419144","419423","49","61848597"
"chr7","62301498","62301793","KN294420v1","822079","822371","35","61479419"
"chr7","62302480","62302773","KN295605v1","85375","85671","41","62217105"
"chr7","62360706","62360888","KN296783v1","1280102","1280283","27","61080604"
"chr7","62370809","62371092","KN296096v1","3249789","3250078","43","59121020"
"chr7","62384322","62384630","KN296833v1","30824","31126","36","62353498"
"chr7","62385556","62385752","KN296495v1","510488","510677","32","61875068"
"chr7","62394061","62394364","KN295571v1","203398","203695","37","62190663"
"chr7","62414194","62414480","KN294429v1","37988","38273","50","62376206"
"chr7","62430622","62430794","KN295090v1","1414837","1415006","33","61015785"
"chr7","62460658","62460966","KN295313v1","27435","27735","32","62433223"
"chr7","62464690","62464974","KN295962v1","1184367","1184651","34","61280323"
"chr7","62466071","62466364","KN295313v1","38542","38831","27","62427529"
"chr7","62488486","62488772","KN295313v1","92714","93003","21","62395772"
"chr7","62494055","62494340","KN294407v1","3162557","3162840","44","59331498"
"chr7","62495105","62495414","KN295313v1","99345","99656","31","62395760"
"chr7","62497617","62497907","KN295313v1","101866","102161","35","62395751"
"chr7","62500001","62500202","KN297141v1","158733","158926","36","62341268"
"chr7","62501232","62501536","KN294790v1","2412598","2412898","49","60088634"
"chr7","62502778","62503076","KN295871v1","681623","681917","37","61821155"
"chr7","62504858","62505078","KN297008v1","3139544","3139758","29","59365314"
"chr7","62525075","62525374","KN295313v1","126425","126716","34","62398650"
"chr7","62553877","62554185","KN295313v1","172567","172881","26","62381310"
"chr7","62554896","62555190","KN296649v1","502099","502397","46","62052797"
"chr7","62664233","62664524","KN294644v1","85408","85699","37","62578825"
"chr7","62665149","62665421","KN294325v1","1015154","1015416","54","61649995"
"chr7","62679279","62679578","KN295984v1","1719598","1719899","36","60959681"
"chr7","62691893","62692198","KN294224v1","953970","954275","43","61737923"
"chr7","62696081","62696269","KN295236v1","3580229","3580418","31","59115852"
"chr7","62714354","62714575","KN295405v1","757351","757593","47","61957003"
"chr7","62741086","62741368","KN296969v1","97502","97790","23","62643584"
"chr7","62786922","62787220","KN296969v1","144890","145192","31","62642032"
"chr7","62790787","62791070","KN296969v1","149606","149886","14","62641181"
"chr7","62800125","62800414","KN296969v1","158965","159256","23","62641160"
"chr7","62807478","62807783","KN296969v1","166854","167166","34","62640624"
"chr7","62808541","62808836","KN296406v1","281155","281453","40","62527386"
"chr7","62821631","62821939","KN296969v1","192604","192912","40","62629027"
"chr7","62823333","62823634","KN294526v1","486831","487133","32","62336502"
"chr7","62828997","62829290","KN296969v1","198215","198507","31","62630782"
"chr7","62842478","62842727","KN296019v1","313069","313308","48","62529409"
"chr7","62843227","62843283","KN296743v1","1948518","1948571","18","60894709"
"chr7","62848183","62848481","KN294705v1","1616729","1617032","38","61231454"
"chr7","62901770","62902081","KN294957v1","62097","62408","38","62839673"
"chr7","62911121","62911406","KN294573v1","2474","2770","37","62908647"
"chr7","62916941","62917237","KN294573v1","7861","8140","35","62909080"
"chr7","62947989","62948309","KN294573v1","33753","34046","41","62914236"
"chr7","62960103","62960418","KN294454v1","326029","326343","48","62634074"
"chr7","62966746","62967061","KN297133v1","1603609","1603918","44","61363137"
"chr7","62978590","62978877","KN294573v1","63231","63520","34","62915359"
"chr7","63003053","63003346","KN296036v1","1895044","1895337","45","61108009"
"chr7","63022999","63023290","KN295697v1","583879","584167","40","62439120"
"chr7","63025061","63025372","KN295433v1","250702","251008","33","62774359"
"chr7","63032745","63033039","KN294911v1","628968","629266","35","62403777"
"chr7","63033549","63033842","KN297444v1","429699","429990","38","62603850"
"chr7","63064555","63064857","KN294964v1","1872225","1872534","42","61192330"
"chr7","63085473","63085737","KN294573v1","175093","175365","20","62910380"
"chr7","63089051","63089281","KN297186v1","50383","50628","59","63038668"
"chr7","63103602","63103905","KN295731v1","46961","47258","33","63056641"
"chr7","63104150","63104455","KN294573v1","196434","196748","30","62907716"
"chr7","63107319","63107618","KN294470v1","2136945","2137241","36","60970374"
"chr7","63115517","63115796","KN296635v1","2012326","2012606","44","61103191"
"chr7","63116575","63116746","KN294957v1","73265","73439","34","63043310"
"chr7","63124020","63124306","KN294573v1","216507","216815","38","62907513"
"chr7","63127109","63127424","KN294573v1","220860","221167","46","62906249"
"chr7","63168929","63169181","KN297159v1","1175889","1176139","34","61993040"
"chr7","63200361","63200664","KN294911v1","628968","629266","29","62571393"
"chr7","63202162","63202460","KN294570v1","314832","315127","24","62887330"
"chr7","63203690","63203914","KN296079v1","1360906","1361148","52","61842784"
"chr7","63204000","63204297","KN294581v1","619147","619445","41","62584853"
"chr7","63204886","63205174","KN296153v1","2393235","2393519","37","60811651"
"chr7","63207408","63207720","KN294570v1","318826","319125","37","62888582"
"chr7","63212735","63213036","KN295633v1","1924321","1924623","42","61288414"
"chr7","63213580","63213890","KN294570v1","328531","328817","44","62885049"
"chr7","63217383","63217644","KN294570v1","332393","332659","20","62884990"
"chr7","63222104","63222412","KN294570v1","338960","339268","43","62883144"
"chr7","63228352","63228658","KN294570v1","342780","343084","31","62885572"
"chr7","63232670","63232967","KN294747v1","663093","663390","34","62569577"
"chr7","63274542","63274830","KN294570v1","227442","227734","26","63047100"
"chr7","63276037","63276337","KN294570v1","229272","229584","31","63046765"
"chr7","63279632","63279931","KN296557v1","13515","13811","40","63266117"
"chr7","63280896","63281208","KN294570v1","233787","234101","29","63047109"
"chr7","63288841","63289133","KN294570v1","240552","240832","38","63048289"
"chr7","63323448","63323741","KN296122v1","137210","137507","26","63186238"
"chr7","63331994","63332241","KN296312v1","277559","277809","58","63054435"
"chr7","63333107","63333416","KN296263v1","419566","419874","41","62913541"
"chr7","63335866","63336143","KN295174v1","758129","758406","38","62577737"
"chr7","63339582","63339886","KN296322v1","2441263","2441571","49","60898319"
"chr7","63342001","63342275","KN294705v1","281500","281763","44","63060501"
"chr7","63342643","63342820","KN296577v1","160723","160900","36","63181920"
"chr7","63342987","63343102","KN294325v1","144183","144285","26","63198804"
"chr7","63345354","63345665","KN295962v1","2329043","2329352","46","61016311"
"chr7","63346418","63346711","KN295433v1","76890","77188","56","63269528"
"chr7","63380150","63380461","KN294499v1","799663","799970","43","62580487"
"chr7","63380465","63380758","KN294383v1","111096","111388","41","63269369"
"chr7","63382449","63382751","KN294390v1","6031","6327","47","63376418"
"chr7","63383167","63383455","KN296743v1","2392400","2392688","41","60990767"
"chr7","63404421","63404721","KN296017v1","269177","269481","44","63135244"
"chr7","63404904","63405213","KN295667v1","1966915","1967223","44","61437989"
"chr7","63407604","63407908","KN294790v1","163386","163690","40","63244218"
"chr7","63418815","63419106","KN295729v1","826689","826980","33","62592126"
"chr7","63425228","63425512","KN296426v1","52638","52923","43","63372590"
"chr7","63426651","63426955","KN294603v1","63949","64255","42","63362702"
"chr7","63482192","63482436","KN295977v1","732251","732488","24","62749941"
"chr7","63484186","63484486","KN295977v1","733953","734259","32","62750233"
"chr7","63506386","63506716","KN294790v1","5868297","5868622","40","57638089"
"chr7","63514201","63514502","KN294570v1","178751","179055","29","63335450"
"chr7","63514992","63515289","KN294421v1","1629521","1629823","38","61885471"
"chr7","63526162","63526463","KN297023v1","480259","480560","37","63045903"
"chr7","63536653","63536943","KN296682v1","5144925","5145221","41","58391728"
"chr7","63537104","63537392","KN295154v1","204198","204489","49","63332906"
"chr7","63540754","63541061","KN297154v1","831565","831869","39","62709189"
"chr7","63542410","63542572","KN297274v1","669566","669731","30","62872844"
"chr7","63548556","63548860","KN296495v1","550769","551079","36","62997787"
"chr7","63550319","63550609","KN295361v1","824524","824814","36","62725795"
"chr7","63554823","63555109","KN295236v1","3487031","3487311","47","60067792"
"chr7","63557035","63557348","KN294387v1","90915","91224","35","63466120"
"chr7","63569063","63569371","KN296503v1","71512","71821","41","63497551"
"chr7","63579551","63579835","KN295236v1","1163106","1163388","35","62416445"
"chr7","63585215","63585519","KN295439v1","92441","92745","37","63492774"
"chr7","63590495","63590799","KN295077v1","613765","614075","40","62976730"
"chr7","63597475","63597775","KN296311v1","3427286","3427594","44","60170189"
"chr7","63612733","63613045","KN296731v1","1167793","1168104","41","62444940"
"chr7","63618441","63618742","KN294964v1","1832698","1833002","31","61785743"
"chr7","63619300","63619623","KN295487v1","52973","53281","53","63566327"
"chr7","63627314","63627609","KN295708v1","2784035","2784327","31","60843279"
"chr7","63633593","63633875","KN295706v1","62893","63174","41","63570700"
"chr7","63634895","63635196","KN294790v1","163386","163690","38","63471509"
"chr7","63649903","63650217","KN295154v1","52907","53218","39","63596996"
"chr7","63652247","63652542","KN296153v1","3041230","3041525","37","60611017"
"chr7","63657909","63658203","KN294147v1","1191891","1192182","44","62466018"
"chr7","63662095","63662424","KN294167v1","571580","571901","56","63090515"
"chr7","63664072","63664369","KN295814v1","1261993","1262292","32","62402079"
"chr7","63666525","63666801","KN295236v1","2410017","2410284","46","61256508"
"chr7","63667239","63667523","KN295198v1","293688","293968","40","63373551"
"chr7","63678368","63678609","KN295586v1","3279755","3279994","53","60398613"
"chr7","63688644","63688936","KN295729v1","826689","826980","27","62861955"
"chr7","63765441","63765747","KN296926v1","198353","198662","41","63567088"
"chr7","63774095","63774372","KN294458v1","1171290","1171562","44","62602805"
"chr7","63839405","63839697","KN294570v1","240552","240832","38","63598853"
"chr7","63847329","63847641","KN294570v1","233787","234101","29","63613542"
"chr7","63848606","63848906","KN296557v1","13515","13811","40","63835091"
"chr7","63852201","63852501","KN294570v1","229272","229584","31","63622929"
"chr7","63853708","63853995","KN294570v1","227442","227734","27","63626266"
"chr7","63895588","63895885","KN294747v1","663093","663390","35","63232495"
"chr7","63899897","63900203","KN294570v1","342780","343084","31","63557117"
"chr7","63906142","63906451","KN294570v1","338960","339268","43","63567182"
"chr7","63910905","63911166","KN294570v1","332393","332659","21","63578512"
"chr7","63914654","63914964","KN294592v1","1321409","1321720","43","62593245"
"chr7","63915512","63915813","KN295633v1","1924321","1924623","42","61991191"
"chr7","63920826","63921138","KN294570v1","318826","319125","37","63602000"
"chr7","63923372","63923660","KN296153v1","2393235","2393519","37","61530137"
"chr7","63924250","63924546","KN294581v1","619147","619445","41","63305103"
"chr7","63924632","63924856","KN296079v1","1360906","1361148","51","62563726"
"chr7","63926086","63926384","KN294570v1","314832","315127","24","63611254"
"chr7","63927880","63928183","KN294911v1","628968","629266","29","63298912"
"chr7","63953148","63953436","KN296743v1","2392400","2392688","41","61560748"
"chr7","63953852","63954154","KN294390v1","6031","6327","47","63947821"
"chr7","63955845","63956138","KN294383v1","111096","111388","41","63844749"
"chr7","63956142","63956453","KN294499v1","799663","799970","43","63156479"
"chr7","63989884","63990176","KN295433v1","76890","77188","57","63912994"
"chr7","63990929","63991239","KN295586v1","1244707","1245017","45","62746222"
"chr7","63993511","63993626","KN294325v1","144183","144285","26","63849328"
"chr7","63993793","63993970","KN296577v1","160723","160900","37","63833070"
"chr7","63994338","63994612","KN296577v1","302331","302604","44","63692007"
"chr7","63996721","63997019","KN296643v1","47618","47923","49","63949103"
"chr7","64000430","64000707","KN295174v1","758129","758406","38","63242301"
"chr7","64001594","64001893","KN295090v1","1849079","1849376","73","62152515"
"chr7","64010098","64010391","KN296122v1","137210","137507","26","63872888"
"chr7","64074394","64074713","KN296036v1","2111268","2111577","43","61963126"
"chr7","64096042","64096345","KN296623v1","294333","294614","55","63801709"
"chr7","64096400","64096708","KN294733v1","607498","607793","46","63488902"
"chr7","64120514","64120807","KN296122v1","137210","137507","26","63983304"
"chr7","64129012","64129058","KN295605v1","731068","731107","13","63397944"
"chr7","64129066","64129313","KN296312v1","277559","277809","58","63851507"
"chr7","64130179","64130488","KN296263v1","419566","419874","41","63710613"
"chr7","64132930","64133207","KN295174v1","758129","758406","38","63374801"
"chr7","64136634","64136938","KN296643v1","47618","47923","49","64089016"
"chr7","64139575","64139866","KN295729v1","826689","826980","34","63312886"
"chr7","64145977","64146261","KN296426v1","52638","52923","43","64093339"
"chr7","64147400","64147704","KN294603v1","63949","64255","42","64083451"
"chr7","64202875","64203118","KN295977v1","732251","732488","20","63470624"
"chr7","64204868","64205161","KN295480v1","1302107","1302401","34","62902761"
"chr7","64226903","64227214","KN295977v1","761208","761502","33","63465695"
"chr7","64234751","64235050","KN294570v1","178751","179055","32","64056000"
"chr7","64246302","64246601","KN295096v1","4693974","4694269","35","59552328"
"chr7","64257868","64258156","KN297233v1","903856","904144","35","63354012"
"chr7","64290318","64290604","KN294570v1","227442","227734","29","64062876"
"chr7","64291814","64292120","KN294570v1","229272","229584","28","64062542"
"chr7","64295390","64295683","KN296557v1","13515","13811","39","64281875"
"chr7","64296644","64296945","KN295323v1","46171","46472","33","64250473"
"chr7","64304693","64304985","KN294570v1","240552","240832","38","64064141"
"chr7","64310625","64310923","KN296096v1","3114506","3114803","44","61196119"
"chr7","64313124","64313393","KN294848v1","1123330","1123598","45","63189794"
"chr7","64318016","64318311","KN294571v1","890748","891049","36","63427268"
"chr7","64323774","64324077","KN294570v1","260705","261005","33","64063069"
"chr7","64345086","64345376","KN294526v1","334958","335253","40","64010128"
"chr7","64362603","64362906","KN297044v1","561559","561858","30","63801044"
"chr7","64364410","64364708","KN294570v1","314832","315127","24","64049578"
"chr7","64365974","64366195","KN296079v1","1360906","1361148","54","63005068"
"chr7","64366277","64366574","KN296831v1","388107","388396","39","63978170"
"chr7","64367160","64367447","KN296153v1","2393235","2393519","35","61973925"
"chr7","64369795","64370119","KN294790v1","5868297","5868622","43","58501498"
"chr7","64375096","64375397","KN295633v1","1924321","1924623","47","62450775"
"chr7","64375933","64376239","KN296311v1","768493","768797","40","63607440"
"chr7","64379728","64379989","KN294570v1","332393","332659","20","64047335"
"chr7","64383019","64383326","KN294570v1","338960","339268","35","64044059"
"chr7","64388044","64388354","KN294570v1","342780","343084","39","64045264"
"chr7","64392532","64392829","KN294747v1","663093","663390","33","63729439"
"chr7","64404705","64404902","KN296426v1","64367","64561","28","64340338"
"chr7","64406506","64406815","KN294570v1","361455","361765","36","64045051"
"chr7","64423886","64424178","KN296404v1","1150048","1150343","39","63273838"
"chr7","64434137","64434431","KN294705v1","11247","11546","45","64422890"
"chr7","64436656","64436954","KN297245v1","1416081","1416379","43","63020575"
"chr7","64437110","64437410","KN294570v1","393402","393697","21","64043708"
"chr7","64442963","64443254","KN294570v1","405441","405729","38","64037522"
"chr7","64447612","64447875","KN294458v1","1171290","1171562","51","63276322"
"chr7","64449157","64449465","KN294570v1","411590","411884","40","64037567"
"chr7","64449717","64450016","KN294570v1","412138","412445","38","64037579"
"chr7","64450064","64450361","KN294570v1","412493","412802","39","64037571"
"chr7","64464797","64465097","KN294570v1","426495","426799","39","64038302"
"chr7","64477267","64477571","KN295430v1","1257302","1257603","43","63219965"
"chr7","64483592","64483904","KN296611v1","34710","35023","34","64448882"
"chr7","64488809","64489120","KN294147v1","1855903","1856206","50","62632906"
"chr7","64490029","64490344","KN294884v1","66822","67131","40","64423207"
"chr7","64495990","64496301","KN295477v1","23872","24183","36","64472118"
"chr7","64499373","64499677","KN295943v1","398250","398552","38","64101123"
"chr7","64508347","64508642","KN297056v1","22273","22562","51","64486074"
"chr7","64508897","64509200","KN294570v1","412138","412445","42","64096759"
"chr7","64509248","64509547","KN294809v1","1033430","1033730","42","63475818"
"chr7","64523202","64523484","KN297195v1","26376","26667","42","64496826"
"chr7","64541499","64541795","KN297008v1","3699465","3699760","46","60842034"
"chr7","64545960","64546242","KN297219v1","894388","894671","34","63651572"
"chr7","64547613","64547846","KN295405v1","757351","757593","49","63790262"
"chr7","64551892","64552203","KN296484v1","351750","352061","39","64200142"
"chr7","64552264","64552574","KN294516v1","12758","13069","43","64539506"
"chr7","64566273","64566585","KN294181v1","1370167","1370478","44","63196106"
"chr7","64566773","64567072","KN294456v1","1098138","1098439","33","63468635"
"chr7","64574097","64574393","KN296879v1","175229","175527","54","64398868"
"chr7","64577148","64577442","KN296158v1","36018","36310","33","64541130"
"chr7","64578320","64578588","KN297165v1","2585975","2586244","48","61992345"
"chr7","64594628","64594929","KN295893v1","1980169","1980473","37","62614459"
"chr7","64596971","64597285","KN294516v1","2554","2863","38","64594417"
"chr7","64598400","64598709","KN294407v1","2317315","2317623","32","62281085"
"chr7","64609834","64610134","KN295708v1","2570337","2570640","44","62039497"
"chr7","64610469","64610702","KN295967v1","625826","626071","50","63984643"
"chr7","64611735","64612033","KN294790v1","163386","163690","29","64448349"
"chr7","64616718","64617019","KN295533v1","1966828","1967135","40","62649890"
"chr7","64655120","64655419","KN296000v1","1030238","1030539","36","63624882"
"chr7","64659238","64659533","KN294506v1","35530","35836","36","64623708"
"chr7","64659865","64660157","KN294470v1","2397485","2397775","35","62262380"
"chr7","64676525","64676801","KN294407v1","2563292","2563571","45","62113233"
"chr7","64683292","64683447","KN294213v1","33692","33846","23","64649600"
"chr7","64683448","64683754","KN294506v1","56298","56595","37","64627150"
"chr7","64691078","64691388","KN294698v1","82925","83236","37","64608153"
"chr7","64694842","64695153","KN296266v1","31062","31371","41","64663780"
"chr7","64695943","64696241","KN294378v1","1174635","1174937","37","63521308"
"chr7","64699474","64699777","KN294506v1","86192","86500","34","64613282"
"chr7","64701575","64701869","KN294506v1","87980","88269","29","64613595"
"chr7","64704477","64704689","KN295977v1","1276894","1277103","44","63427583"
"chr7","64708644","64708942","KN294506v1","94900","95197","36","64613744"
"chr7","64709175","64709454","KN297314v1","616778","617057","48","64092397"
"chr7","64712930","64713232","KN294506v1","98926","99228","24","64614004"
"chr7","64718375","64718669","KN296122v1","312850","313141","38","64405525"
"chr7","64753851","64754125","KN296536v1","371292","371569","53","64382559"
"chr7","64812460","64812767","KN294506v1","191342","191639","37","64621118"
"chr7","64819100","64819403","KN294506v1","196559","196859","19","64622541"
"chr7","64828907","64829211","KN294506v1","206785","207086","20","64622122"
"chr7","64835366","64835578","KN294506v1","213052","213264","16","64622314"
"chr7","64839749","64840046","KN294506v1","217441","217744","30","64622308"
"chr7","64859027","64859335","KN294506v1","236872","237159","43","64622155"
"chr7","64879197","64879470","KN297038v1","314696","314959","53","64564501"
"chr7","64895925","64896176","KN296883v1","3353450","3353703","52","61542475"
"chr7","64901712","64902016","KN294446v1","240983","241287","44","64660729"
"chr7","64906600","64906689","KN296732v1","3294384","3294461","34","61612216"
"chr7","64909641","64909943","KN295586v1","2562750","2563045","37","62346891"
"chr7","64919883","64920175","KN296726v1","606731","607020","39","64313152"
"chr7","64924915","64925266","KN294470v1","2190064","2190422","76","62734851"
"chr7","64949583","64949893","KN295748v1","161587","161896","47","64787996"
"chr7","64954830","64955127","KN295091v1","2692987","2693285","35","62261843"
"chr7","64987130","64987417","KN294506v1","299200","299491","27","64687930"
"chr7","64988683","64988983","KN294175v1","183455","183751","29","64805228"
"chr7","64993296","64993587","KN294175v1","181641","181933","21","64811655"
"chr7","65006236","65006525","KN296513v1","2367758","2368048","34","62638478"
"chr7","65007310","65007617","KN294175v1","168714","169020","23","64838596"
"chr7","65011386","65011690","KN294506v1","307101","307403","37","64704285"
"chr7","65016636","65016945","KN294506v1","312156","312457","33","64704480"
"chr7","65021946","65022240","KN294539v1","1287945","1288241","36","63734001"
"chr7","65024209","65024502","KN294790v1","272636","272926","39","64751573"
"chr7","65033153","65033453","KN294506v1","335345","335635","23","64697808"
"chr7","65034216","65034518","KN294506v1","336428","336730","35","64697788"
"chr7","65037191","65037487","KN294506v1","339671","339969","22","64697520"
"chr7","65040977","65041271","KN294506v1","343598","343889","40","64697379"
"chr7","65042013","65042316","KN296322v1","2692700","2693002","38","62349313"
"chr7","65042477","65042768","KN294506v1","345385","345676","41","64697092"
"chr7","65044352","65044653","KN294434v1","417718","418021","42","64626634"
"chr7","65045606","65045933","KN294506v1","348457","348762","47","64697149"
"chr7","65057071","65057378","KN295586v1","1244707","1245017","38","63812364"
"chr7","65076847","65077157","KN294506v1","393235","393544","36","64683612"
"chr7","65099961","65100257","KN294257v1","1771672","1771973","38","63328289"
"chr7","65104645","65104858","KN295977v1","1276894","1277103","46","63827751"
"chr7","65106766","65107081","KN296920v1","170719","171034","38","64936047"
"chr7","65113018","65113274","KN295667v1","1312338","1312595","46","63800680"
"chr7","65117163","65117463","KN294175v1","11397","11693","26","65105766"
"chr7","65122124","65122409","KN294175v1","14105","14392","26","65108019"
"chr7","65123213","65123525","KN294175v1","15238","15550","26","65107975"
"chr7","65136417","65136720","KN294175v1","28887","29181","33","65107530"
"chr7","65152264","65152552","KN296119v1","1735099","1735396","59","63417165"
"chr7","65182673","65182970","KN296311v1","4342472","4342765","51","60840201"
"chr7","65198050","65198347","KN294964v1","119234","119536","45","65078816"
"chr7","65198775","65199085","KN294603v1","63949","64255","38","65134826"
"chr7","65201746","65202048","KN294548v1","889557","889854","40","64312189"
"chr7","65232750","65233056","KN294193v1","774395","774701","42","64458355"
"chr7","65241687","65241993","KN295984v1","1104005","1104306","41","64137682"
"chr7","65264124","65264434","KN296261v1","471107","471412","48","64793017"
"chr7","65269349","65269650","KN294790v1","5279993","5280291","38","59989356"
"chr7","65299123","65299428","KN296233v1","238393","238699","40","65060730"
"chr7","65299698","65299848","KN295586v1","781501","781653","32","64518197"
"chr7","65305597","65305882","KN294175v1","147500","147790","31","65158097"
"chr7","65320504","65320799","KN294175v1","161040","161344","49","65159464"
"chr7","65323599","65323901","KN294161v1","311681","311990","46","65011918"
"chr7","65327347","65327642","KN294175v1","168714","169020","29","65158633"
"chr7","65328685","65328985","KN294456v1","592934","593237","43","64735751"
"chr7","65330185","65330470","KN295832v1","217196","217478","46","65112989"
"chr7","65332883","65333193","KN296864v1","3164724","3165032","57","62168159"
"chr7","65334244","65334533","KN294181v1","1424178","1424469","41","63910066"
"chr7","65335600","65335910","KN294842v1","1045125","1045428","38","64290475"
"chr7","65339382","65339671","KN294181v1","1424178","1424469","36","63915204"
"chr7","65342452","65342746","KN294224v1","1080394","1080681","36","64262058"
"chr7","65344096","65344396","KN294175v1","183455","183751","29","65160641"
"chr7","65349124","65349314","KN296495v1","510488","510677","37","64838636"
"chr7","65349360","65349424","KN296635v1","1888811","1888868","22","63460549"
"chr7","65355965","65356268","KN294470v1","2878982","2879283","42","62476983"
"chr7","65359932","65360247","KN296682v1","2453205","2453514","47","62906727"
"chr7","65375122","65375428","KN296486v1","1318978","1319291","43","64056144"
"chr7","65375469","65375757","KN294917v1","405138","405434","48","64970331"
"chr7","65379346","65379639","KN294470v1","2136945","2137241","40","63242401"
"chr7","65381524","65381810","KN294506v1","281874","282157","31","65099650"
"chr7","65417783","65418063","KN294302v1","756229","756509","47","64661554"
"chr7","65420008","65420308","KN294175v1","229651","229952","30","65190357"
"chr7","65424718","65425008","KN294175v1","234886","235181","38","65189832"
"chr7","65426009","65426296","KN295326v1","100464","100755","35","65325545"
"chr7","65436886","65437190","KN296263v1","677274","677576","37","64759612"
"chr7","65444158","65444456","KN294539v1","1287945","1288241","33","64156213"
"chr7","65447952","65448248","KN294987v1","1477069","1477366","37","63970883"
"chr7","65453747","65454043","KN295592v1","2099246","2099542","47","63354501"
"chr7","65461231","65461454","KN295315v1","248533","248757","33","65212698"
"chr7","65465028","65465333","KN294926v1","35872","36173","34","65429156"
"chr7","65465638","65465933","KN296308v1","982618","982927","49","64483020"
"chr7","65470478","65470780","KN296311v1","832074","832375","35","64638404"
"chr7","65474351","65474651","KN297023v1","25007","25303","43","65449344"
"chr7","65475190","65475521","KN294451v1","1497352","1497673","59","63977838"
"chr7","65482191","65482502","KN296484v1","351750","352061","40","65130441"
"chr7","65483056","65483351","KN297320v1","1929892","1930187","39","63553164"
"chr7","65483912","65484186","KN294172v1","1540690","1540957","38","63943222"
"chr7","65487405","65487701","KN294964v1","2029983","2030291","41","63457422"
"chr7","65497906","65498209","KN294733v1","607498","607793","47","64890408"
"chr7","65504633","65504928","KN294991v1","1838724","1839016","39","63665909"
"chr7","65505716","65506045","KN295735v1","713634","713968","43","64792082"
"chr7","65512334","65512634","KN294456v1","1098138","1098439","34","64414196"
"chr7","65517809","65518124","KN296505v1","74815","75124","53","65442994"
"chr7","65519726","65520022","KN295633v1","2520914","2521211","38","62998812"
"chr7","65523391","65523703","KN296484v1","351750","352061","35","65171641"
"chr7","65525462","65525761","KN295198v1","274974","275272","31","65250488"
"chr7","65529198","65529499","KN296322v1","2018384","2018683","35","63510814"
"chr7","65542718","65543007","KN295907v1","846168","846455","40","64696550"
"chr7","65545992","65546291","KN296926v1","865413","865713","45","64680579"
"chr7","65549315","65549609","KN294470v1","2136945","2137241","38","63412370"
"chr7","65552474","65552778","KN295366v1","78980","79290","37","65473494"
"chr7","65599813","65600108","KN294193v1","425211","425504","37","65174602"
"chr7","65604517","65604812","KN295729v1","826689","826980","32","64777828"
"chr7","65606116","65606417","KN296063v1","1388665","1388960","46","64217451"
"chr7","65616706","65617007","KN297058v1","312303","312607","39","65304403"
"chr7","65618926","65619229","KN296588v1","470940","471241","44","65147986"
"chr7","65635779","65636074","KN294520v1","782243","782539","36","64853536"
"chr7","65637184","65637471","KN296270v1","708719","709013","39","64928465"
"chr7","65641344","65641646","KN296153v1","1090111","1090408","38","64551233"
"chr7","65643869","65644170","KN295057v1","262113","262411","29","65381756"
"chr7","65662575","65662876","KN296829v1","581505","581808","36","65081070"
"chr7","65665880","65666167","KN295828v1","1026333","1026620","38","64639547"
"chr7","65686391","65686698","KN295883v1","173429","173738","36","65512962"
"chr7","65695821","65696045","KN296153v1","1527782","1528006","34","64168039"
"chr7","65717783","65718106","KN295605v1","342644","342954","54","65375139"
"chr7","65742255","65742550","KN295236v1","3589165","3589460","36","62153090"
"chr7","65742807","65743101","KN294457v1","1440141","1440438","43","64302666"
"chr7","65744052","65744337","KN296831v1","388107","388396","34","65355945"
"chr7","65744711","65745019","KN294933v1","634680","634985","42","65110031"
"chr7","65752472","65752738","KN295294v1","1584706","1584973","38","64167766"
"chr7","65768795","65769091","KN296485v1","541954","542254","36","65226841"
"chr7","65769363","65769658","KN294470v1","2136945","2137241","31","63632418"
"chr7","65773343","65773632","KN295480v1","1302107","1302401","46","64471236"
"chr7","65784630","65784954","KN296934v1","764547","764871","47","65020083"
"chr7","65786234","65786545","KN295962v1","2329043","2329352","33","63457191"
"chr7","65796593","65796857","KN295441v1","1677744","1678019","50","64118849"
"chr7","65797695","65798005","KN297008v1","1419999","1420309","39","64377696"
"chr7","65803174","65803479","KN296153v1","1336190","1336496","43","64466984"
"chr7","65804894","65805195","KN297023v1","480259","480560","33","65324635"
"chr7","65806799","65807107","KN296311v1","3427286","3427594","35","62379513"
"chr7","65810610","65810888","KN294570v1","116175","116454","42","65694435"
"chr7","65820481","65820785","KN296127v1","1172","1469","42","65819309"
"chr7","65829803","65830098","KN294603v1","111945","112247","32","65717858"
"chr7","65831733","65832009","KN296225v1","121896","122180","31","65709837"
"chr7","65832459","65832755","KN296486v1","1266538","1266834","37","64565921"
"chr7","65834291","65834583","KN295871v1","615076","615373","37","65219215"
"chr7","65845375","65845681","KN295366v1","78980","79290","45","65766395"
"chr7","65847432","65847734","KN297245v1","1416081","1416379","41","64431351"
"chr7","65849199","65849499","KN294685v1","814328","814640","48","65034871"
"chr7","65855756","65855974","KN294539v1","2433808","2434022","33","63421948"
"chr7","65872250","65872546","KN295962v1","2495065","2495374","32","63377185"
"chr7","65875041","65875344","KN295962v1","2480331","2480631","29","63394710"
"chr7","65875707","65876011","KN295962v1","2479664","2479973","33","63396043"
"chr7","65886132","65886443","KN295962v1","2470937","2471248","23","63415195"
"chr7","65890874","65891182","KN295523v1","3729294","3729596","40","62161580"
"chr7","65910007","65910302","KN294879v1","520786","521080","40","65389221"
"chr7","65917886","65918196","KN295962v1","2445122","2445423","34","63472764"
"chr7","65918728","65919026","KN295962v1","2444292","2444591","31","63474436"
"chr7","65924541","65924838","KN296306v1","3837197","3837501","33","62087344"
"chr7","65932486","65932801","KN295962v1","2430594","2430910","30","63501892"
"chr7","65940859","65941166","KN295962v1","2421547","2421849","35","63519312"
"chr7","65942212","65942366","KN296747v1","128765","128916","23","65813447"
"chr7","65942369","65942659","KN295523v1","2952598","2952892","44","62989771"
"chr7","65948979","65949290","KN295319v1","42222","42534","39","65906757"
"chr7","65964023","65964245","KN295962v1","2390058","2390278","11","63573965"
"chr7","65979500","65979810","KN295075v1","197535","197834","44","65781965"
"chr7","65983340","65983640","KN296810v1","26632","26932","41","65956708"
"chr7","65998922","65999233","KN295962v1","2348799","2349108","28","63650123"
"chr7","66012065","66012369","KN295962v1","2334241","2334543","28","63677824"
"chr7","66015120","66015413","KN295962v1","2330837","2331133","30","63684283"
"chr7","66016917","66017213","KN295962v1","2329043","2329352","35","63687874"
"chr7","66022580","66022867","KN295962v1","2323703","2323996","26","63698877"
"chr7","66025650","66025952","KN295962v1","2320822","2321113","31","63704828"
"chr7","66032893","66033187","KN295962v1","2313596","2313894","29","63719297"
"chr7","66035507","66035761","KN296386v1","628748","629001","39","65406759"
"chr7","66055587","66055887","KN295962v1","2291312","2291614","34","63764275"
"chr7","66057475","66057769","KN295962v1","2289645","2289936","20","63767830"
"chr7","66064895","66065199","KN294446v1","240983","241287","37","65823912"
"chr7","66069016","66069306","KN297259v1","1695445","1695737","36","64373571"
"chr7","66071394","66071690","KN294501v1","38531","38824","37","66032863"
"chr7","66085353","66085656","KN296119v1","213999","214295","43","65871354"
"chr7","66128085","66128378","KN295962v1","2216975","2217266","36","63911110"
"chr7","66131229","66131528","KN294172v1","5273992","5274291","35","60857237"
"chr7","66155486","66155783","KN296495v1","2276128","2276427","36","63879358"
"chr7","66156010","66156321","KN294208v1","347369","347678","53","65808641"
"chr7","66163703","66164024","KN296460v1","119303","119632","47","66044400"
"chr7","66165708","66166016","KN295962v1","2179641","2179962","36","63986067"
"chr7","66201488","66201750","KN296153v1","3797165","3797411","50","62404323"
"chr7","66206019","66206328","KN296158v1","1175251","1175559","45","65030768"
"chr7","66210603","66210914","KN296158v1","1175251","1175559","31","65035352"
"chr7","66220883","66221190","KN295962v1","2124123","2124425","30","64096760"
"chr7","66231126","66231449","KN295977v1","19914","20198","74","66211212"
"chr7","66250811","66251124","KN294548v1","328774","329084","42","65922037"
"chr7","66251881","66252196","KN297154v1","1610824","1611134","44","64641057"
"chr7","66258342","66258626","KN295302v1","245316","245611","51","66013026"
"chr7","66259079","66259371","KN294193v1","425211","425504","38","65833868"
"chr7","66262652","66262946","KN294987v1","1477069","1477366","39","64785583"
"chr7","66268205","66268486","KN295962v1","2077688","2077974","26","64190517"
"chr7","66271293","66271445","KN294187v1","1105095","1105248","24","65166198"
"chr7","66302672","66302929","KN294172v1","1540690","1540957","31","64761982"
"chr7","66310422","66310699","KN295962v1","2033588","2033866","32","64276834"
"chr7","66312784","66313052","KN295962v1","2031081","2031349","19","64281703"
"chr7","66326751","66327057","KN296138v1","98488","98788","43","66228263"
"chr7","66332115","66332427","KN294571v1","1149921","1150231","34","65182194"
"chr7","66333227","66333540","KN295195v1","489072","489381","39","65844155"
"chr7","66341251","66341552","KN294581v1","619147","619445","39","65722104"
"chr7","66343953","66344212","KN295962v1","1998205","1998452","32","64345748"
"chr7","66356934","66357235","KN295962v1","1984395","1984699","30","64372539"
"chr7","66362850","66363165","KN295962v1","1978892","1979194","44","64383958"
"chr7","66364752","66365039","KN296775v1","1088446","1088732","38","65276306"
"chr7","66367236","66367536","KN295962v1","1974496","1974804","30","64392740"
"chr7","66374746","66375048","KN295814v1","1261993","1262292","39","65112753"
"chr7","66376686","66376986","KN294456v1","1098138","1098439","31","65278548"
"chr7","66381241","66381553","KN295962v1","1958114","1958430","24","64423127"
"chr7","66391280","66391593","KN295256v1","326036","326344","41","66065244"
"chr7","66400953","66401156","KN297008v1","4473270","4473472","46","61927683"
"chr7","66410933","66411244","KN295962v1","1927748","1928054","32","64483185"
"chr7","66416868","66417178","KN295962v1","1920237","1920544","43","64496631"
"chr7","66420796","66421080","KN296883v1","2103204","2103492","41","64317592"
"chr7","66428332","66428643","KN295962v1","1909564","1909875","35","64518768"
"chr7","66451349","66451687","KN295735v1","713634","713968","48","65737715"
"chr7","66453150","66453428","KN294251v1","1151512","1151787","33","65301638"
"chr7","66454649","66454959","KN296158v1","1175251","1175559","42","65279398"
"chr7","66457651","66457953","KN295962v1","1884512","1884811","28","64573139"
"chr7","66458200","66458496","KN295962v1","1884006","1884268","65","64574194"
"chr7","66459785","66460088","KN294199v1","636506","636815","45","65823279"
"chr7","66474862","66475157","KN295962v1","1868071","1868372","38","64606791"
"chr7","66479701","66480010","KN296357v1","431311","431620","36","66048390"
"chr7","66486626","66486940","KN295571v1","513084","513393","36","65973542"
"chr7","66496180","66496482","KN295571v1","1155767","1156067","37","65340413"
"chr7","66502425","66502712","KN295962v1","1839231","1839532","39","64663194"
"chr7","66515086","66515395","KN296311v1","6293507","6293815","38","60221579"
"chr7","66515823","66516112","KN297290v1","188223","188514","46","66327600"
"chr7","66517431","66517764","KN294506v1","102635","102966","68","66414796"
"chr7","66518419","66518693","KN295962v1","1818999","1819279","21","64699420"
"chr7","66545091","66545414","KN294475v1","330843","331158","55","66214248"
"chr7","66548601","66548903","KN295433v1","155499","155801","35","66393102"
"chr7","66549139","66549426","KN295977v1","85955","86248","35","66463184"
"chr7","66573527","66573817","KN295962v1","1762346","1762634","34","64811181"
"chr7","66574276","66574584","KN295962v1","1761586","1761886","33","64812690"
"chr7","66581334","66581635","KN295962v1","1754512","1754816","36","64826822"
"chr7","66588298","66588467","KN296322v1","2325550","2325719","24","64262748"
"chr7","66590682","66590993","KN294172v1","1521503","1521812","41","65069179"
"chr7","66611255","66611566","KN296495v1","550769","551079","34","66060486"
"chr7","66619577","66619812","KN295623v1","210673","210917","43","66408904"
"chr7","66620072","66620393","KN296406v1","288541","288852","47","66331531"
"chr7","66630903","66631218","KN295962v1","1704886","1705203","34","64926017"
"chr7","66633479","66633783","KN296079v1","686222","686522","39","65947257"
"chr7","66634249","66634545","KN295406v1","143786","144080","39","66490463"
"chr7","66645652","66645945","KN296322v1","1949837","1950121","53","64695815"
"chr7","66648673","66648965","KN294570v1","18395","18684","41","66630278"
"chr7","66653788","66654077","KN294239v1","344639","344929","37","66309149"
"chr7","66662292","66662592","KN295962v1","1672225","1672524","32","64990067"
"chr7","66665829","66666086","KN295962v1","1668130","1668381","32","64997699"
"chr7","66680835","66681131","KN297112v1","940283","940580","31","65740552"
"chr7","66688063","66688361","KN295962v1","1646979","1647267","31","65041084"
"chr7","66703947","66704247","KN295962v1","1631169","1631461","35","65072778"
"chr7","66707935","66708206","KN294842v1","1908899","1909169","41","64799036"
"chr7","66711155","66711459","KN295962v1","1624232","1624529","31","65086923"
"chr7","66716648","66716949","KN296557v1","18517","18814","35","66698131"
"chr7","66724738","66724995","KN295835v1","199186","199432","56","66525552"
"chr7","66725442","66725728","KN295962v1","1608512","1608806","31","65116930"
"chr7","66730639","66730949","KN296096v1","3922064","3922372","37","62808575"
"chr7","66743404","66743696","KN296096v1","838711","839001","28","65904693"
"chr7","66747149","66747452","KN295962v1","1586873","1587177","34","65160276"
"chr7","66752343","66752626","KN295962v1","1581368","1581651","27","65170975"
"chr7","66793754","66794047","KN295962v1","1529900","1530181","39","65263854"
"chr7","66799083","66799378","KN295962v1","1524410","1524705","20","65274673"
"chr7","66831769","66832082","KN295236v1","35793","36099","40","66795976"
"chr7","66842972","66843191","KN297259v1","731799","731998","43","66111173"
"chr7","66860906","66861196","KN295962v1","1454737","1455029","28","65406169"
"chr7","66864518","66864825","KN294378v1","1174635","1174937","40","65689883"
"chr7","66876006","66876303","KN295962v1","1439893","1440188","39","65436113"
"chr7","66877672","66877968","KN295977v1","1342791","1343085","38","65534881"
"chr7","66887018","66887319","KN295962v1","1429399","1429699","33","65457619"
"chr7","66888052","66888358","KN296145v1","3430721","3431032","43","63457331"
"chr7","66902866","66903166","KN295962v1","1414316","1414609","23","65488550"
"chr7","66939999","66940300","KN296833v1","30824","31126","35","66909175"
"chr7","66947315","66947617","KN295962v1","1369768","1370074","31","65577547"
"chr7","66954789","66955116","KN295667v1","1690509","1690832","50","65264280"
"chr7","66986237","66986541","KN295962v1","1330332","1330635","22","65655905"
"chr7","66997215","66997336","KN297445v1","631972","632090","18","66365243"
"chr7","66997493","66997662","KN297176v1","303268","303437","25","66694225"
"chr7","67012597","67012901","KN296884v1","30338","30656","51","66982259"
"chr7","67028566","67028829","KN296119v1","5914350","5914624","46","61114216"
"chr7","67036457","67036771","KN297112v1","4830872","4831182","46","62205585"
"chr7","67061250","67061552","KN297023v1","480259","480560","32","66580991"
"chr7","67066247","67066525","KN294420v1","105966","106241","30","66960281"
"chr7","67088029","67088353","KN294193v1","875765","876087","40","66212264"
"chr7","67120856","67121151","KN295394v1","556635","556929","30","66564221"
"chr7","67151787","67152085","KN295962v1","1151000","1151309","40","66000787"
"chr7","67153611","67153922","KN295962v1","1149170","1149475","26","66004441"
"chr7","67159152","67159470","KN295962v1","1143554","1143872","32","66015598"
"chr7","67177339","67177636","KN297171v1","1658789","1659080","33","65518550"
"chr7","67179097","67179397","KN295962v1","1122126","1122427","36","66056971"
"chr7","67197777","67198079","KN295962v1","1103135","1103443","35","66094642"
"chr7","67199279","67199561","KN295962v1","1101677","1101945","36","66097602"
"chr7","67205579","67205897","KN295294v1","350312","350618","47","66855267"
"chr7","67208380","67208643","KN295962v1","1091798","1092059","31","66116582"
"chr7","67212906","67213194","KN295962v1","1087163","1087452","23","66125743"
"chr7","67225673","67225986","KN295962v1","1073644","1073956","39","66152029"
"chr7","67255942","67256240","KN294187v1","1992587","1992884","40","65263355"
"chr7","67260469","67260728","KN296580v1","224007","224259","42","67036462"
"chr7","67272894","67273198","KN295894v1","1811766","1812055","46","65461128"
"chr7","67276300","67276594","KN295962v1","1022971","1023262","37","66253329"
"chr7","67295301","67295564","KN295962v1","1001222","1001485","23","66294079"
"chr7","67302255","67302521","KN296311v1","2691088","2691346","48","64611167"
"chr7","67304421","67304731","KN295962v1","992312","992622","35","66312109"
"chr7","67306222","67306529","KN295962v1","990494","990801","35","66315728"
"chr7","67309582","67309885","KN295633v1","323295","323596","35","66986287"
"chr7","67310948","67311247","KN295962v1","986507","986810","33","66324441"
"chr7","67312935","67313230","KN295962v1","984538","984833","25","66328397"
"chr7","67317490","67317782","KN295962v1","981137","981442","32","66336353"
"chr7","67321179","67321490","KN296762v1","309784","310094","39","67011395"
"chr7","67343056","67343354","KN295962v1","955760","956060","32","66387296"
"chr7","67345210","67345523","KN294257v1","379317","379626","38","66965893"
"chr7","67353718","67354011","KN295962v1","940339","940632","32","66413379"
"chr7","67362286","67362504","KN295637v1","882908","883132","49","66479378"
"chr7","67368801","67369114","KN296263v1","409902","410214","43","66958899"
"chr7","67370677","67370981","KN297023v1","480259","480560","40","66890418"
"chr7","67371288","67371594","KN294842v1","1466394","1466697","43","65904894"
"chr7","67387772","67388066","KN295962v1","907725","908021","39","66480047"
"chr7","67396544","67396834","KN295198v1","274974","275272","42","67121570"
"chr7","67410823","67411128","KN294790v1","163386","163690","37","67247437"
"chr7","67432434","67432695","KN297133v1","1075587","1075851","34","66356847"
"chr7","67467419","67467710","KN294874v1","309420","309712","36","67157999"
"chr7","67468216","67468514","KN295962v1","824216","824513","36","66644000"
"chr7","67485664","67485962","KN295835v1","84846","85139","38","67400818"
"chr7","67495944","67496243","KN295962v1","795296","795601","35","66700648"
"chr7","67531318","67531604","KN294366v1","429818","430102","35","67101500"
"chr7","67533275","67533549","KN295962v1","757385","757657","30","66775890"
"chr7","67561252","67561553","KN296955v1","781409","781718","46","66779843"
"chr7","67575199","67575508","KN296732v1","3243055","3243359","41","64332144"
"chr7","67618251","67618559","KN294399v1","282177","282486","38","67336074"
"chr7","67650413","67650719","KN295962v1","626751","627053","31","67023662"
"chr7","67651232","67651505","KN295962v1","625871","626143","23","67025361"
"chr7","67674251","67674539","KN295962v1","602394","602682","36","67071857"
"chr7","67681079","67681385","KN294199v1","636506","636815","40","67044573"
"chr7","67701035","67701225","KN296726v1","73426","73612","35","67627609"
"chr7","67756213","67756512","KN295962v1","1884512","1884811","39","65871701"
"chr7","67759988","67760287","KN296682v1","1930392","1930690","33","65829596"
"chr7","67766465","67766776","KN296096v1","3922064","3922372","38","63844401"
"chr7","67783351","67783648","KN294893v1","152617","152913","34","67630734"
"chr7","67784202","67784510","KN295962v1","489721","490027","33","67294481"
"chr7","67801272","67801453","KN294470v1","220971","221157","26","67580301"
"chr7","67831586","67831882","KN294456v1","1098138","1098439","31","66733448"
"chr7","67833500","67833790","KN295729v1","826689","826980","35","67006811"
"chr7","67834686","67834988","KN295962v1","439767","440073","28","67394919"
"chr7","67837531","67837828","KN295962v1","436497","436793","23","67401034"
"chr7","67838851","67839149","KN294456v1","1098138","1098439","32","66740713"
"chr7","67840949","67841252","KN295962v1","433061","433370","35","67407888"
"chr7","67859454","67859760","KN297442v1","1612430","1612738","39","66247024"
"chr7","67860097","67860382","KN295962v1","404335","404624","40","67455762"
"chr7","67883584","67883886","KN294457v1","515692","515995","34","67367892"
"chr7","67885845","67886161","KN295962v1","378298","378609","34","67507547"
"chr7","67887951","67888261","KN295962v1","376189","376503","36","67511762"
"chr7","67904744","67905039","KN295962v1","358683","358985","37","67546061"
"chr7","67906292","67906583","KN295729v1","826689","826980","35","67079603"
"chr7","67942113","67942424","KN295962v1","322290","322597","32","67619823"
"chr7","67952132","67952428","KN294407v1","3027269","3027567","35","64924863"
"chr7","67958589","67958879","KN295962v1","305611","305898","32","67652978"
"chr7","67978612","67978929","KN295922v1","130002","130315","33","67848610"
"chr7","67985535","67985842","KN295962v1","278600","278905","33","67706935"
"chr7","67986409","67986705","KN294180v1","5181","5476","33","67981228"
"chr7","67990476","67990790","KN294335v1","553358","553676","39","67437118"
"chr7","67991602","67991887","KN295607v1","4676231","4676516","38","63315371"
"chr7","67997813","67998110","KN295114v1","45102","45395","36","67952711"
"chr7","68024580","68024861","KN296541v1","180995","181280","43","67843585"
"chr7","68038502","68038788","KN295962v1","225716","225998","34","67812786"
"chr7","68039659","68039949","KN297046v1","2894900","2895195","41","65144759"
"chr7","68052589","68052903","KN296303v1","514845","515157","34","67537744"
"chr7","68054916","68055224","KN294710v1","68748","69053","35","67986168"
"chr7","68058650","68058950","KN296508v1","1895245","1895542","40","66163405"
"chr7","68060157","68060445","KN294790v1","3853980","3854267","38","64206177"
"chr7","68063185","68063478","KN295962v1","205323","205608","31","67857862"
"chr7","68065534","68065834","KN295962v1","202815","203106","34","67862719"
"chr7","68068929","68069238","KN295962v1","199363","199671","33","67869566"
"chr7","68075321","68075611","KN294419v1","200675","200969","35","67874646"
"chr7","68076865","68077173","KN296731v1","1167793","1168104","44","66909072"
"chr7","68077627","68077936","KN295962v1","190843","191145","23","67886784"
"chr7","68103543","68103836","KN295962v1","166072","166370","39","67937471"
"chr7","68116431","68116737","KN295962v1","151266","151571","26","67965165"
"chr7","68145726","68146016","KN295962v1","122615","122904","28","68023111"
"chr7","68229961","68230242","KN295962v1","36804","37095","35","68193157"
"chr7","68362967","68363260","KN295523v1","3030953","3031248","36","65332014"
"chr7","68381969","68382287","KN296426v1","105920","106223","48","68276049"
"chr7","68454338","68454550","KN294911v1","711277","711487","24","67743061"
"chr7","68503280","68503430","KN296244v1","252221","252362","35","68251059"
"chr7","68561462","68561747","KN296201v1","2682128","2682412","49","65879334"
"chr7","68572040","68572313","KN294172v1","579262","579537","40","67992778"
"chr7","68602096","68602255","KN295236v1","6126937","6127097","32","62475159"
"chr7","68604010","68604319","KN295346v1","1322373","1322676","47","67281637"
"chr7","68608076","68608369","KN294644v1","85408","85699","32","68522668"
"chr7","68609064","68609364","KN294339v1","145124","145428","34","68463940"
"chr7","68700344","68700632","KN295871v1","681623","681917","39","68018721"
"chr7","68708417","68708703","KN295361v1","824524","824814","36","67883893"
"chr7","68713585","68713782","KN296426v1","64367","64561","37","68649218"
"chr7","68715931","68716238","KN296883v1","3416441","3416748","45","65299490"
"chr7","68764826","68765147","KN295871v1","617396","617699","59","68147430"
"chr7","68778926","68779194","KN294739v1","903971","904241","38","67874955"
"chr7","68793097","68793405","KN294503v1","33353","33656","42","68759744"
"chr7","68814694","68815005","KN295610v1","685560","685865","42","68129134"
"chr7","68843495","68843802","KN297320v1","1223277","1223582","39","67620218"
"chr7","68868269","68868579","KN294264v1","87223","87534","42","68781046"
"chr7","68928536","68928825","KN296062v1","2291832","2292114","46","66636704"
"chr7","68979002","68979299","KN294937v1","266","558","37","68978736"
"chr7","68985986","68986268","KN297186v1","1381942","1382225","38","67604044"
"chr7","69008060","69008346","KN297112v1","2725693","2725979","32","66282367"
"chr7","69019445","69019739","KN295871v1","681623","681917","35","68337822"
"chr7","69026252","69026556","KN296726v1","1134319","1134621","34","67891933"
"chr7","69029566","69029877","KN296036v1","2062557","2062868","36","66967009"
"chr7","69054094","69054385","KN295729v1","826689","826980","29","68227405"
"chr7","69056770","69057065","KN294842v1","192762","193057","39","68864008"
"chr7","69061750","69062070","KN294917v1","401690","401984","62","68660060"
"chr7","69129829","69130103","KN296153v1","3558047","3558322","39","65571782"
"chr7","69150864","69151171","KN296158v1","1175251","1175559","43","67975613"
"chr7","69155015","69155306","KN297245v1","1416081","1416379","35","67738934"
"chr7","69208156","69208458","KN296096v1","80587","80891","47","69127569"
"chr7","69245644","69245918","KN295735v1","188066","188348","38","69057578"
"chr7","69247585","69247776","KN296538v1","164215","164386","43","69083370"
"chr7","69250165","69250476","KN295893v1","163322","163632","39","69086843"
"chr7","69255316","69255604","KN295096v1","2965990","2966278","36","66289326"
"chr7","69267868","69268174","KN294761v1","363307","363610","37","68904561"
"chr7","69269191","69269504","KN297367v1","115077","115384","48","69154114"
"chr7","69277024","69277317","KN295241v1","75672","75962","41","69201352"
"chr7","69302781","69303084","KN294571v1","1575904","1576204","39","67726877"
"chr7","69317037","69317325","KN295977v1","19914","20198","32","69297123"
"chr7","69340397","69340696","KN295090v1","1338805","1339099","31","68001592"
"chr7","69343578","69343865","KN297144v1","518320","518605","50","68825258"
"chr7","69349811","69350107","KN294457v1","7277","7572","39","69342534"
"chr7","69354005","69354312","KN295326v1","192748","193053","31","69161257"
"chr7","69355189","69355418","KN295405v1","757351","757593","46","68597838"
"chr7","69373466","69373776","KN296503v1","58212","58521","38","69315254"
"chr7","69390057","69390366","KN296595v1","42365","42662","47","69347692"
"chr7","69393782","69394075","KN295107v1","300735","301027","38","69093047"
"chr7","69398128","69398434","KN295637v1","795675","795978","43","68602453"
"chr7","69405549","69405715","KN294571v1","155556","155724","28","69249993"
"chr7","69424380","69424681","KN296964v1","1801449","1801744","45","67622931"
"chr7","69447221","69447507","KN295059v1","242847","243129","34","69204374"
"chr7","69459778","69460059","KN296090v1","98353","98633","45","69361425"
"chr7","69464253","69464562","KN294439v1","59249","59564","42","69405004"
"chr7","69532627","69532907","KN295027v1","147970","148255","37","69384657"
"chr7","69533299","69533612","KN295929v1","457065","457374","34","69076234"
"chr7","69539339","69539621","KN294747v1","841910","842203","45","68697429"
"chr7","69543461","69543756","KN296153v1","1115266","1115561","35","68428195"
"chr7","69597674","69597993","KN295045v1","181971","182282","47","69415703"
"chr7","69600298","69600594","KN294193v1","425211","425504","50","69175087"
"chr7","69640367","69640681","KN295433v1","250702","251008","48","69389665"
"chr7","69646595","69646893","KN296357v1","431311","431620","45","69215284"
"chr7","69649831","69650134","KN294848v1","512947","513252","48","69136884"
"chr7","69659149","69659439","KN295361v1","824524","824814","43","68834625"
"chr7","69661347","69661656","KN294451v1","1139913","1140218","40","68521434"
"chr7","69662366","69662665","KN294456v1","1098138","1098439","39","68564228"
"chr7","69665763","69666060","KN297274v1","1054718","1055016","48","68611045"
"chr7","69668328","69668625","KN295045v1","704827","705123","44","68963501"
"chr7","69676266","69676560","KN294458v1","918868","919155","43","68757398"
"chr7","69720481","69720774","KN295729v1","826689","826980","34","68893792"
"chr7","69727273","69727556","KN296138v1","452937","453216","39","69274336"
"chr7","69732461","69732741","KN295667v1","721290","721564","41","69011171"
"chr7","69740683","69740869","KN294790v1","6048085","6048269","34","63692598"
"chr7","69744896","69745155","KN295350v1","478679","478942","45","69266217"
"chr7","69756808","69757104","KN294561v1","1084406","1084703","43","68672402"
"chr7","69758447","69758750","KN296305v1","827789","828091","39","68930658"
"chr7","69768774","69769081","KN294571v1","890748","891049","38","68878026"
"chr7","69799400","69799703","KN296513v1","2047464","2047766","34","67751936"
"chr7","69819004","69819293","KN294987v1","1477069","1477366","35","68341935"
"chr7","69822441","69822749","KN295835v1","84846","85139","48","69737595"
"chr7","69829466","69829773","KN295294v1","3248646","3248950","35","66580820"
"chr7","69870764","69871044","KN296153v1","2393235","2393519","42","67477529"
"chr7","69878260","69878558","KN296365v1","1595427","1595725","42","68282833"
"chr7","69878711","69878978","KN295977v1","1283432","1283701","39","68595279"
"chr7","69882325","69882570","KN296864v1","3345475","3345722","32","66536850"
"chr7","69884691","69884997","KN294325v1","1015803","1016101","39","68868888"
"chr7","69894888","69895198","KN294790v1","428668","428977","42","69466220"
"chr7","69911267","69911568","KN294571v1","1575904","1576204","27","68335363"
"chr7","69923821","69924133","KN296096v1","2349554","2349864","38","67574267"
"chr7","69935092","69935299","KN294540v1","1367439","1367646","42","68567653"
"chr7","69935481","69935792","KN296311v1","737628","737939","51","69197853"
"chr7","69952485","69952772","KN295114v1","157283","157573","42","69795202"
"chr7","69980092","69980339","KN295977v1","1276894","1277103","68","68703198"
"chr7","69992063","69992375","KN295045v1","181971","182282","47","69810092"
"chr7","69993585","69993889","KN295301v1","716124","716425","46","69277461"
"chr7","70005785","70006084","KN294503v1","33353","33656","39","69972432"
"chr7","70006838","70007132","KN297263v1","1219642","1219940","41","68787196"
"chr7","70052286","70052569","KN296743v1","202352","202637","35","69849934"
"chr7","70063808","70064118","KN295633v1","1924321","1924623","42","68139487"
"chr7","70065023","70065286","KN296846v1","890553","890815","43","69174470"
"chr7","70070893","70071166","KN296322v1","1926329","1926611","42","68144564"
"chr7","70081528","70081829","KN296036v1","2174459","2174759","38","67907069"
"chr7","70087998","70088310","KN294957v1","62097","62408","34","70025901"
"chr7","70088712","70089005","KN294501v1","4140225","4140518","38","65948487"
"chr7","70109714","70110013","KN294446v1","240983","241287","36","69868731"
"chr7","70115134","70115443","KN294224v1","1088971","1089270","38","69026163"
"chr7","70141541","70141848","KN296731v1","694955","695263","44","69446586"
"chr7","70158090","70158400","KN296365v1","594805","595112","35","69563285"
"chr7","70158547","70158836","KN297406v1","906","1197","30","70157641"
"chr7","70166808","70167104","KN297245v1","1416081","1416379","34","68750727"
"chr7","70170696","70171019","KN294470v1","1728861","1729181","53","68441835"
"chr7","70178046","70178362","KN296262v1","104634","104947","42","70073412"
"chr7","70195026","70195325","KN296907v1","1091770","1092067","47","69103256"
"chr7","70204547","70204858","KN294879v1","533741","534047","40","69670806"
"chr7","70206371","70206677","KN297320v1","1223277","1223582","32","68983094"
"chr7","70208593","70208897","KN295257v1","1225806","1226107","33","68982787"
"chr7","70215314","70215609","KN295154v1","204198","204489","41","70011116"
"chr7","70223776","70224077","KN296442v1","417977","418281","35","69805799"
"chr7","70239837","70240137","KN294685v1","814328","814640","47","69425509"
"chr7","70241603","70241905","KN297245v1","1416081","1416379","41","68825522"
"chr7","70243656","70243962","KN295366v1","78980","79290","45","70164676"
"chr7","70254752","70255044","KN295871v1","615076","615373","37","69639676"
"chr7","70256579","70256873","KN296486v1","1266538","1266834","37","68990041"
"chr7","70257326","70257602","KN296225v1","121896","122180","29","70135430"
"chr7","70259240","70259535","KN296357v1","483169","483462","32","69776071"
"chr7","70268358","70268663","KN296127v1","1172","1469","41","70267186"
"chr7","70278253","70278531","KN294570v1","116175","116454","41","70162078"
"chr7","70282042","70282349","KN296311v1","3427286","3427594","36","66854756"
"chr7","70283946","70284254","KN294957v1","62097","62408","35","70221849"
"chr7","70285657","70285961","KN296153v1","1336190","1336496","43","68949467"
"chr7","70292288","70292597","KN297008v1","1419999","1420309","40","68872289"
"chr7","70293431","70293695","KN295441v1","1677744","1678019","52","68615687"
"chr7","70303746","70304057","KN295962v1","2329043","2329352","32","67974703"
"chr7","70305333","70305657","KN296934v1","764547","764871","47","69540786"
"chr7","70308925","70309233","KN295294v1","919323","919630","28","69389602"
"chr7","70316671","70316960","KN295480v1","1302107","1302401","45","69014564"
"chr7","70320646","70320945","KN294470v1","2136945","2137241","29","68183701"
"chr7","70334696","70334962","KN295294v1","1584706","1584973","38","68749990"
"chr7","70342427","70342723","KN294345v1","1184842","1185136","37","69157585"
"chr7","70343097","70343382","KN294592v1","204469","204751","36","70138628"
"chr7","70344328","70344624","KN294457v1","1440141","1440438","42","68904187"
"chr7","70344871","70345166","KN295236v1","3589165","3589460","36","66755706"
"chr7","70391376","70391596","KN296153v1","1527782","1528006","33","68863594"
"chr7","70400711","70401020","KN295883v1","173429","173738","35","70227282"
"chr7","70413431","70413715","KN294513v1","177250","177540","41","70236181"
"chr7","70420209","70420508","KN295236v1","4631168","4631466","45","65789041"
"chr7","70422749","70423065","KN294957v1","62097","62408","39","70360652"
"chr7","70423122","70423421","KN294172v1","1667579","1667885","39","68755543"
"chr7","70423629","70423838","KN294509v1","178587","178797","39","70245042"
"chr7","70424476","70424796","KN296484v1","351750","352061","44","70072726"
"chr7","70426654","70426955","KN295459v1","673095","673397","36","69753559"
"chr7","70428042","70428337","KN295962v1","1884512","1884811","32","68543530"
"chr7","70437377","70437681","KN296127v1","1172","1469","37","70436205"
"chr7","70447330","70447608","KN294570v1","116175","116454","41","70331155"
"chr7","70452739","70453046","KN294503v1","33353","33656","40","70419386"
"chr7","70465991","70466241","KN296879v1","469391","469648","43","69996600"
"chr7","70467679","70467975","KN294187v1","45047","45343","50","70422632"
"chr7","70469487","70469758","KN294161v1","894750","895027","41","69574737"
"chr7","70472515","70472808","KN295708v1","2784035","2784327","33","67688480"
"chr7","70475812","70476117","KN296357v1","653990","654295","35","69821822"
"chr7","70477845","70478142","KN294456v1","1143112","1143404","31","69334733"
"chr7","70480071","70480374","KN297274v1","1207904","1208213","38","69272167"
"chr7","70482529","70482825","KN296557v1","13515","13811","25","70469014"
"chr7","70484657","70484965","KN297320v1","1223277","1223582","36","69261380"
"chr7","70487148","70487399","KN296879v1","469391","469648","44","70017757"
"chr7","70573048","70573359","KN294842v1","894662","894971","47","69678386"
"chr7","70627085","70627364","KN296588v1","792094","792381","57","69834991"
"chr7","70634913","70635219","KN295607v1","4377455","4377758","38","66257458"
"chr7","70637198","70637489","KN294407v1","3027269","3027567","34","67609929"
"chr7","70652152","70652423","KN295922v1","98919","99195","45","70553233"
"chr7","70659109","70659408","KN296311v1","8317826","8318133","36","62341283"
"chr7","70663050","70663342","KN296743v1","1826867","1827160","42","68836183"
"chr7","70673126","70673361","KN295405v1","757351","757593","40","69915775"
"chr7","70675998","70676289","KN294917v1","868288","868575","44","69807710"
"chr7","70681705","70682017","KN296859v1","993319","993622","41","69688386"
"chr7","70685601","70685902","KN295303v1","39698","40008","48","70645903"
"chr7","70691491","70691793","KN297276v1","143691","143993","38","70547800"
"chr7","70707098","70707396","KN297038v1","223861","224161","35","70483237"
"chr7","70710027","70710340","KN294957v1","62097","62408","41","70647930"
"chr7","70718033","70718344","KN295352v1","545091","545395","38","70172942"
"chr7","70722356","70722647","KN294326v1","619990","620278","38","70102366"
"chr7","70723328","70723638","KN294458v1","307599","307910","38","70415729"
"chr7","70731722","70732037","KN296406v1","288541","288852","37","70443181"
"chr7","70737328","70737636","KN296635v1","4572120","4572425","45","66165208"
"chr7","70738500","70738791","KN296357v1","483169","483462","34","70255331"
"chr7","70747907","70748211","KN296127v1","1172","1469","36","70746735"
"chr7","70756314","70756640","KN297095v1","4095381","4095702","50","66660933"
"chr7","70757864","70758142","KN294570v1","116175","116454","41","70641689"
"chr7","70762497","70762798","KN297259v1","585914","586212","41","70176583"
"chr7","70773187","70773490","KN296513v1","2047464","2047766","39","68725723"
"chr7","70785499","70785804","KN295477v1","23872","24183","35","70761627"
"chr7","70785971","70786278","KN296470v1","173848","174153","43","70612123"
"chr7","70796964","70797237","KN295343v1","770844","771117","35","70026120"
"chr7","70801935","70802224","KN294444v1","166708","167002","50","70635227"
"chr7","70804012","70804311","KN294470v1","2878982","2879283","41","67925030"
"chr7","70813866","70814161","KN295343v1","729289","729587","31","70084577"
"chr7","70817989","70818289","KN294456v1","1098138","1098439","41","69719851"
"chr7","70841568","70841862","KN297171v1","1721581","1721880","48","69119987"
"chr7","70862222","70862521","KN294444v1","166708","167002","33","70695514"
"chr7","70867205","70867499","KN294251v1","1932520","1932819","23","68934685"
"chr7","70867502","70867798","KN295450v1","63211","63502","49","70804291"
"chr7","70872500","70872806","KN294705v1","430220","430521","36","70442280"
"chr7","70875178","70875480","KN296404v1","1944196","1944502","38","68930982"
"chr7","70875968","70876272","KN296093v1","218036","218338","33","70657932"
"chr7","70881228","70881509","KN296063v1","1305022","1305305","45","69576206"
"chr7","70886351","70886655","KN296926v1","198353","198662","32","70687998"
"chr7","70893127","70893437","KN294147v1","1624323","1624634","44","69268804"
"chr7","70896135","70896435","KN294873v1","942906","943208","37","69953229"
"chr7","70896890","70897172","KN296225v1","121896","122180","33","70774994"
"chr7","70899130","70899440","KN296090v1","89328","89638","43","70809802"
"chr7","70915097","70915395","KN296620v1","349918","350214","43","70565179"
"chr7","70920347","70920657","KN295526v1","526750","527059","38","70393597"
"chr7","70930980","70931287","KN296127v1","1172","1469","44","70929808"
"chr7","70941171","70941469","KN296620v1","349918","350214","43","70591253"
"chr7","70946695","70947005","KN295526v1","526750","527059","39","70419945"
"chr7","70963768","70964075","KN296127v1","1172","1469","43","70962596"
"chr7","70978364","70978662","KN296620v1","349918","350214","41","70628446"
"chr7","70983891","70984201","KN295526v1","526750","527059","39","70457141"
"chr7","70994442","70994749","KN296127v1","1172","1469","44","70993270"
"chr7","70996722","70997023","KN295303v1","39698","40008","48","70957024"
"chr7","71002608","71002910","KN297276v1","143691","143993","38","70858917"
"chr7","71018213","71018511","KN296595v1","42365","42662","35","70975848"
"chr7","71021153","71021463","KN296096v1","80587","80891","40","70940566"
"chr7","71029145","71029452","KN294378v1","1504358","1504668","37","69524787"
"chr7","71033472","71033763","KN294326v1","619990","620278","38","70413482"
"chr7","71034452","71034762","KN294458v1","307599","307910","39","70726853"
"chr7","71042834","71043137","KN295735v1","173165","173463","36","70869669"
"chr7","71048430","71048738","KN296635v1","4572120","4572425","43","66476310"
"chr7","71049602","71049893","KN296357v1","483169","483462","32","70566433"
"chr7","71059048","71059352","KN296127v1","1172","1469","37","71057876"
"chr7","71069012","71069290","KN294570v1","116175","116454","42","70952837"
"chr7","71074393","71074720","KN294991v1","1692556","1692877","48","69381837"
"chr7","71087633","71087882","KN296883v1","3353450","3353703","42","67734183"
"chr7","71089319","71089613","KN294187v1","45047","45343","49","71044272"
"chr7","71091125","71091396","KN294161v1","894750","895027","41","70196375"
"chr7","71095128","71095431","KN295477v1","23872","24183","35","71071256"
"chr7","71095585","71095895","KN294848v1","512947","513252","51","70582638"
"chr7","71413524","71413743","KN296153v1","1527782","1528006","34","69885742"
"chr7","71422867","71423174","KN294790v1","428668","428977","39","70994199"
"chr7","71435831","71436115","KN294513v1","177250","177540","42","71258581"
"chr7","71442599","71442905","KN297274v1","1207904","1208213","40","70234695"
"chr7","71445157","71445473","KN294957v1","62097","62408","41","71383060"
"chr7","71445537","71445816","KN296138v1","3145","3429","40","71442392"
"chr7","71446026","71446232","KN294509v1","178587","178797","38","71267439"
"chr7","71446934","71447217","KN295459v1","1101140","1101421","40","70345794"
"chr7","71449072","71449373","KN294790v1","163386","163690","35","71285686"
"chr7","71450459","71450761","KN294603v1","111945","112247","33","71338514"
"chr7","71459780","71460085","KN296127v1","1172","1469","38","71458608"
"chr7","71468252","71468525","KN295274v1","35011","35276","38","71433241"
"chr7","71469769","71470047","KN294570v1","116175","116454","41","71353594"
"chr7","71474433","71474739","KN294458v1","1049177","1049481","38","70425256"
"chr7","71480823","71481129","KN294193v1","535425","535726","33","70945398"
"chr7","71483037","71483332","KN294172v1","1412456","1412754","33","70070581"
"chr7","71485048","71485275","KN295405v1","757351","757593","52","70727697"
"chr7","71514979","71515265","KN295725v1","1641380","1641672","43","69873599"
"chr7","71537902","71538209","KN294630v1","349899","350210","40","71188003"
"chr7","71539213","71539535","KN296460v1","119303","119632","48","71419910"
"chr7","71547382","71547684","KN295420v1","208371","208668","42","71339011"
"chr7","71557639","71557926","KN295729v1","826689","826980","32","70730950"
"chr7","71564980","71565302","KN294991v1","1692556","1692877","38","69872424"
"chr7","71585071","71585367","KN296378v1","660680","660977","36","70924391"
"chr7","71588367","71588668","KN295814v1","997007","997309","36","70591360"
"chr7","71608852","71609154","KN296487v1","131647","131949","27","71477205"
"chr7","71611438","71611738","KN296153v1","1090111","1090408","31","70521327"
"chr7","71615609","71615896","KN295607v1","4676231","4676516","34","66939378"
"chr7","71617006","71617275","KN296261v1","620490","620771","40","70996516"
"chr7","71633876","71634182","KN297203v1","1349515","1349825","44","70284361"
"chr7","71636101","71636402","KN297058v1","312303","312607","39","71323798"
"chr7","71649563","71649864","KN296063v1","1388665","1388960","46","70260898"
"chr7","71651167","71651462","KN295729v1","826689","826980","32","70824478"
"chr7","71655872","71656180","KN294187v1","783464","783769","40","70872408"
"chr7","71943219","71943437","KN296153v1","1527782","1528006","35","70415437"
"chr7","71952596","71952903","KN294790v1","428668","428977","38","71523928"
"chr7","71965728","71966012","KN294513v1","177250","177540","42","71788478"
"chr7","71972496","71972806","KN297274v1","1207904","1208213","41","70764592"
"chr7","71975053","71975369","KN294957v1","62097","62408","41","71912956"
"chr7","71975433","71975714","KN296138v1","3145","3429","39","71972288"
"chr7","71975928","71976134","KN294509v1","178587","178797","38","71797341"
"chr7","71976771","71977089","KN295177v1","214623","214931","44","71762148"
"chr7","71978944","71979245","KN294790v1","163386","163690","34","71815558"
"chr7","71980331","71980633","KN294603v1","111945","112247","33","71868386"
"chr7","71989670","71989975","KN296127v1","1172","1469","39","71988498"
"chr7","72006256","72006563","KN296127v1","1172","1469","44","72005084"
"chr7","72014911","72015219","KN294172v1","4680332","4680644","44","67334579"
"chr7","72021426","72021733","KN296127v1","1172","1469","43","72020254"
"chr7","72032065","72032375","KN295526v1","526750","527059","38","71505315"
"chr7","72037619","72037917","KN296620v1","349918","350214","43","71687701"
"chr7","72051486","72051796","KN295526v1","526750","527059","38","71524736"
"chr7","72062124","72062431","KN296127v1","1172","1469","44","72060952"
"chr7","72070773","72071070","KN296620v1","349918","350214","42","71720855"
"chr7","72076288","72076598","KN295526v1","526750","527059","37","71549538"
"chr7","72078221","72078511","KN295729v1","826689","826980","37","71251532"
"chr7","72087123","72087410","KN297023v1","480259","480560","42","71606864"
"chr7","72090738","72091047","KN296311v1","854862","855163","45","71235876"
"chr7","72091960","72092270","KN295477v1","23872","24183","42","72068088"
"chr7","72100980","72101283","KN297390v1","166530","166837","40","71934450"
"chr7","72109163","72109470","KN295564v1","408804","409105","37","71700359"
"chr7","72115785","72116078","KN297312v1","264456","264751","41","71851329"
"chr7","72119032","72119314","KN294457v1","205085","205362","41","71913947"
"chr7","72120592","72120888","KN297245v1","1416081","1416379","39","70704511"
"chr7","72126151","72126448","KN294457v1","696610","696897","60","71429541"
"chr7","72134055","72134352","KN295421v1","2091","2386","44","72131964"
"chr7","72136400","72136583","KN295533v1","1763610","1763792","30","70372790"
"chr7","72150192","72150491","KN294458v1","1049177","1049481","38","71101015"
"chr7","72151209","72151374","KN295102v1","122392","122558","28","72028817"
"chr7","72153636","72153941","KN296513v1","1542157","1542459","40","70611479"
"chr7","72156506","72156808","KN296495v1","962835","963136","36","71193671"
"chr7","72159778","72160077","KN297320v1","577012","577307","36","71582766"
"chr7","72167509","72167782","KN297159v1","1496468","1496749","41","70671041"
"chr7","72167904","72168202","KN296153v1","1090111","1090408","36","71077793"
"chr7","72168887","72169172","KN295722v1","1923061","1923345","42","70245826"
"chr7","72171993","72172298","KN294187v1","783464","783769","34","71388529"
"chr7","72173879","72174164","KN294457v1","205085","205362","42","71968794"
"chr7","72178821","72179111","KN297320v1","271981","272275","35","71906840"
"chr7","72192406","72192680","KN294790v1","7045320","7045608","47","65147086"
"chr7","72204223","72204504","KN295022v1","824503","824786","32","71379720"
"chr7","72206843","72207083","KN296145v1","1243868","1244114","54","70962975"
"chr7","72208008","72208288","KN296158v1","512983","513270","38","71695025"
"chr7","72228643","72228952","KN294911v1","1860297","1860603","48","70368346"
"chr7","72230290","72230597","KN296138v1","435197","435501","43","71795093"
"chr7","72230755","72231056","KN295362v1","1043462","1043763","33","71187293"
"chr7","72232367","72232675","KN294456v1","1098138","1098439","47","71134229"
"chr7","72233416","72233713","KN296732v1","3482334","3482632","39","68751082"
"chr7","72244381","72244693","KN294996v1","5806","6131","60","72238575"
"chr7","72245646","72245945","KN294345v1","1184842","1185136","41","71060804"
"chr7","72246039","72246347","KN294957v1","62097","62408","40","72183942"
"chr7","72248053","72248366","KN294884v1","66822","67131","41","72181231"
"chr7","72270158","72270468","KN296303v1","662776","663079","40","71607382"
"chr7","72271286","72271569","KN294193v1","425211","425504","46","71846075"
"chr7","72274745","72275035","KN297112v1","2725693","2725979","37","69549052"
"chr7","72276323","72276500","KN294187v1","1212835","1213011","28","71063488"
"chr7","72276501","72276799","KN294561v1","1084406","1084703","29","71192095"
"chr7","72277024","72277322","KN295814v1","715541","715839","36","71561483"
"chr7","72278674","72278941","KN296831v1","296379","296643","40","71982295"
"chr7","72280075","72280383","KN296187v1","1449091","1449391","36","70830984"
"chr7","72284385","72284599","KN295835v1","199186","199432","62","72085199"
"chr7","72288604","72288909","KN294470v1","2136945","2137241","40","70151659"
"chr7","72290919","72291230","KN294456v1","1098138","1098439","43","71192781"
"chr7","72294706","72294986","KN297008v1","552141","552418","45","71742565"
"chr7","72297279","72297573","KN295198v1","274974","275272","42","72022305"
"chr7","72299359","72299655","KN296079v1","699098","699399","39","71600261"
"chr7","72302666","72302945","KN295459v1","1101140","1101421","35","71201526"
"chr7","72305182","72305484","KN296311v1","3354626","3354926","45","68950556"
"chr7","72310332","72310627","KN295666v1","535897","536196","51","71774435"
"chr7","72313947","72314248","KN297154v1","1039874","1040175","35","71274073"
"chr7","72316769","72317060","KN296481v1","305221","305517","36","72011548"
"chr7","72319650","72319949","KN296225v1","571832","572130","33","71747818"
"chr7","72330112","72330409","KN297404v1","317889","318194","37","72012223"
"chr7","72331302","72331608","KN297442v1","1612430","1612738","36","70718872"
"chr7","72335889","72336187","KN296865v1","1608885","1609185","38","70727004"
"chr7","72337552","72337862","KN296484v1","351750","352061","35","71985802"
"chr7","72344876","72345104","KN296749v1","413777","413994","36","71931099"
"chr7","72346055","72346347","KN296119v1","4282142","4282432","36","68063913"
"chr7","72347248","72347547","KN296496v1","988332","988629","38","71358916"
"chr7","72350378","72350676","KN295825v1","237107","237411","54","72113271"
"chr7","72350916","72351158","KN296702v1","1065526","1065775","38","71285390"
"chr7","72357795","72358084","KN294644v1","85408","85699","39","72272387"
"chr7","72360682","72360980","KN294470v1","764276","764573","36","71596406"
"chr7","72362030","72362314","KN297112v1","5628371","5628661","55","66733659"
"chr7","72365455","72365704","KN294372v1","2024199","2024444","38","70341256"
"chr7","72369699","72369996","KN296122v1","346873","347165","33","72022826"
"chr7","72376522","72376831","KN297327v1","217601","217906","31","72158921"
"chr7","72377771","72378074","KN297304v1","54786","55087","32","72322985"
"chr7","72381428","72381719","KN294172v1","3510551","3510848","40","68870877"
"chr7","72382656","72382967","KN295090v1","1423965","1424274","37","70958691"
"chr7","72387545","72387835","KN294470v1","2136945","2137241","35","70250600"
"chr7","72408780","72409071","KN296557v1","18517","18814","29","72390263"
"chr7","72412866","72413178","KN295592v1","1811056","1811365","40","70601810"
"chr7","72415656","72415955","KN294251v1","1932520","1932819","32","70483136"
"chr7","72424035","72424328","KN295032v1","243252","243547","44","72180783"
"chr7","72426625","72426884","KN297121v1","256358","256619","40","72170267"
"chr7","72428543","72428844","KN294539v1","1287945","1288241","44","71140598"
"chr7","72430942","72431252","KN296635v1","2387021","2387331","40","70043921"
"chr7","72433007","72433296","KN294193v1","425211","425504","37","72007796"
"chr7","72435290","72435601","KN296311v1","3194235","3194543","40","69241055"
"chr7","72436331","72436644","KN294957v1","62097","62408","34","72374234"
"chr7","72437220","72437512","KN294539v1","1287945","1288241","33","71149275"
"chr7","72448631","72448815","KN296495v1","510488","510677","43","71938143"
"chr7","72455501","72455809","KN294884v1","66822","67131","46","72388679"
"chr7","72466353","72466658","KN295459v1","673095","673397","34","71793258"
"chr7","72471288","72471583","KN297320v1","577012","577307","32","71894276"
"chr7","72473832","72474128","KN296557v1","13515","13811","53","72460317"
"chr7","72478563","72478866","KN297154v1","1039874","1040175","42","71438689"
"chr7","72485824","72486136","KN295407v1","51616","51926","43","72434208"
"chr7","72490920","72491241","KN297095v1","924853","925177","46","71566067"
"chr7","72491370","72491684","KN295209v1","25347","25657","52","72466023"
"chr7","72494638","72494936","KN294456v1","1098138","1098439","34","71396500"
"chr7","72501519","72501829","KN294506v1","362474","362775","35","72139045"
"chr7","72503198","72503506","KN296595v1","42365","42662","49","72460833"
"chr7","72504784","72505112","KN296290v1","1114336","1114666","41","71390448"
"chr7","72509400","72509703","KN297095v1","2719947","2720245","33","69789453"
"chr7","72514483","72514791","KN294326v1","309006","309309","43","72205477"
"chr7","72516583","72516900","KN295352v1","490330","490634","48","72026253"
"chr7","72519792","72520099","KN295984v1","1560693","1561001","36","70959099"
"chr7","72520262","72520551","KN296153v1","3376391","3376680","33","69143871"
"chr7","72521906","72522206","KN294506v1","343598","343889","34","72178308"
"chr7","72526238","72526547","KN294506v1","339671","339969","33","72186567"
"chr7","72527613","72527916","KN294506v1","338299","338601","26","72189314"
"chr7","72544719","72545022","KN294790v1","163386","163690","37","72381333"
"chr7","72548453","72548741","KN294506v1","318586","318875","31","72229867"
"chr7","72559872","72560175","KN294506v1","307101","307403","34","72252771"
"chr7","72568207","72568511","KN294269v1","585380","585685","42","71982827"
"chr7","72572289","72572565","KN296948v1","1368275","1368552","50","71204014"
"chr7","72573523","72573799","KN295967v1","490584","490860","41","72082939"
"chr7","72590707","72591003","KN295571v1","203398","203695","27","72387309"
"chr7","72599386","72599659","KN297259v1","1231291","1231569","41","71368095"
"chr7","72600858","72601158","KN296588v1","2103887","2104184","36","70496971"
"chr7","72602098","72602395","KN297047v1","1316088","1316386","29","71286010"
"chr7","72609458","72609764","KN296743v1","1756759","1757068","38","70852699"
"chr7","72610706","72610975","KN296495v1","672876","673147","41","71937830"
"chr7","72612517","72612812","KN294879v1","520786","521080","41","72091731"
"chr7","72623231","72623500","KN297276v1","475868","476140","28","72147363"
"chr7","72625379","72625674","KN294987v1","1477069","1477366","33","71148310"
"chr7","72627201","72627499","KN296311v1","832074","832375","41","71795127"
"chr7","72628314","72628535","KN297343v1","616706","616946","49","72011608"
"chr7","72629753","72630050","KN297227v1","294733","295032","38","72335020"
"chr7","72640268","72640577","KN295410v1","554975","555277","42","72085293"
"chr7","72642524","72642825","KN296244v1","661876","662181","44","71980648"
"chr7","72646647","72646906","KN295157v1","168363","168619","39","72478284"
"chr7","72647343","72647643","KN296825v1","735764","736064","41","71911579"
"chr7","72648519","72648817","KN294603v1","111945","112247","29","72536574"
"chr7","72649837","72650152","KN294303v1","309033","309343","47","72340804"
"chr7","72662627","72662939","KN294499v1","799663","799970","44","71862964"
"chr7","72668614","72668920","KN294790v1","163386","163690","36","72505228"
"chr7","72683614","72683941","KN296306v1","1908527","1908848","52","70775087"
"chr7","72690219","72690522","KN294456v1","592934","593237","33","72097285"
"chr7","72697109","72697391","KN296926v1","728665","728961","41","71968444"
"chr7","72700061","72700370","KN295735v1","1160753","1161064","35","71539308"
"chr7","72703720","72703991","KN294713v1","866445","866715","53","71837275"
"chr7","72720184","72720474","KN294728v1","1012145","1012432","43","71708039"
"chr7","72725916","72726227","KN296738v1","83115","83424","38","72642801"
"chr7","72727120","72727416","KN296225v1","608926","609229","44","72118194"
"chr7","72733492","72733673","KN294911v1","3846799","3846969","32","68886693"
"chr7","72733678","72733982","KN294603v1","111945","112247","31","72621733"
"chr7","72742170","72742473","KN295034v1","280827","281133","40","72461343"
"chr7","72744559","72744869","KN297058v1","337663","337969","35","72406896"
"chr7","72745417","72745698","KN295459v1","1182376","1182658","34","71563041"
"chr7","72747037","72747336","KN295814v1","1059254","1059558","40","71687783"
"chr7","72751805","72752104","KN297023v1","480259","480560","31","72271546"
"chr7","72758828","72759123","KN295198v1","274974","275272","35","72483854"
"chr7","72760509","72760819","KN294911v1","2389002","2389309","43","70371507"
"chr7","72761978","72762269","KN297197v1","699015","699311","33","72062963"
"chr7","72764132","72764415","KN295090v1","1401971","1402267","40","71362161"
"chr7","72774399","72774678","KN294561v1","1887166","1887450","47","70887233"
"chr7","72775082","72775395","KN295433v1","250702","251008","35","72524380"
"chr7","72778801","72779101","KN296145v1","3072127","3072422","34","69706674"
"chr7","72780395","72780711","KN294245v1","511576","511887","40","72268819"
"chr7","72787962","72788263","KN294257v1","1967456","1967764","46","70820506"
"chr7","72788528","72788834","KN295706v1","306495","306800","35","72482033"
"chr7","72789645","72789892","KN296078v1","286869","287121","48","72502776"
"chr7","72794064","72794314","KN296153v1","2969948","2970196","53","69824116"
"chr7","72796347","72796659","KN297133v1","61948","62256","38","72734399"
"chr7","72796916","72797224","KN296036v1","2062557","2062868","39","70734359"
"chr7","72797706","72798010","KN297133v1","1028720","1029024","45","71768986"
"chr7","72798023","72798320","KN294809v1","1033430","1033730","44","71764593"
"chr7","72799955","72800257","KN294378v1","773991","774289","44","72025964"
"chr7","72807682","72807966","KN294345v1","1089962","1090249","34","71717720"
"chr7","72810211","72810522","KN297133v1","982461","982772","41","71827750"
"chr7","72828664","72828964","KN296322v1","2692700","2693002","34","70135964"
"chr7","72829625","72829933","KN294957v1","62097","62408","36","72767528"
"chr7","72833860","72834123","KN296312v1","484920","485182","43","72348940"
"chr7","72839899","72840202","KN294873v1","1662558","1662861","44","71177341"
"chr7","72841649","72841821","KN296406v1","277136","277307","24","72564513"
"chr7","72841937","72842246","KN295236v1","3914928","3915239","39","68927009"
"chr7","72846894","72847205","KN295362v1","1115763","1116072","36","71731131"
"chr7","72850658","72850835","KN296620v1","725178","725346","27","72125480"
"chr7","72861808","72862111","KN296503v1","539763","540066","39","72322045"
"chr7","72876043","72876342","KN295998v1","154789","155089","27","72721254"
"chr7","72879566","72879866","KN297023v1","480259","480560","34","72399307"
"chr7","72888030","72888326","KN294407v1","3027269","3027567","38","69860761"
"chr7","72890567","72890859","KN295326v1","100464","100755","31","72790103"
"chr7","72895730","72896041","KN295345v1","1051618","1051926","41","71844112"
"chr7","72896523","72896827","KN295820v1","755002","755309","46","72141521"
"chr7","72903219","72903522","KN297058v1","312303","312607","32","72590916"
"chr7","72904101","72904416","KN297047v1","4058507","4058813","41","68845594"
"chr7","72906075","72906362","KN296833v1","94676","94959","47","72811399"
"chr7","72906804","72907103","KN296430v1","1105044","1105344","35","71801760"
"chr7","72911401","72911680","KN295045v1","1225616","1225896","54","71685785"
"chr7","72914263","72914543","KN295371v1","448057","448341","45","72466206"
"chr7","72932707","72933008","KN294269v1","550588","550887","40","72382119"
"chr7","72940831","72941134","KN294995v1","43965","44270","41","72896866"
"chr7","72942530","72942831","KN295236v1","1479017","1479312","33","71463513"
"chr7","72946229","72946539","KN297146v1","129898","130192","52","72816331"
"chr7","72952828","72953121","KN294172v1","5009418","5009710","40","67943410"
"chr7","72959426","72959725","KN297023v1","480259","480560","35","72479167"
"chr7","72960194","72960504","KN294466v1","12634","12944","30","72947560"
"chr7","72965541","72965851","KN295586v1","1244707","1245017","36","71720834"
"chr7","72980201","72980508","KN295352v1","545091","545395","44","72435110"
"chr7","72982596","72982884","KN296682v1","4864316","4864610","34","68118280"
"chr7","72985301","72985597","KN294193v1","425211","425504","39","72560090"
"chr7","72994520","72994814","KN294571v1","1678829","1679123","36","71315691"
"chr7","72994962","72995255","KN294446v1","1094059","1094349","29","71900903"
"chr7","72995670","72995963","KN295692v1","1897054","1897349","51","71098616"
"chr7","72998969","72999266","KN296442v1","420929","421232","36","72578040"
"chr7","73000148","73000436","KN294470v1","593219","593512","44","72406929"
"chr7","73003247","73003449","KN296426v1","64367","64561","34","72938880"
"chr7","73005726","73006039","KN295433v1","250702","251008","41","72755024"
"chr7","73007634","73007925","KN295241v1","75672","75962","34","72931962"
"chr7","73009148","73009437","KN294937v1","266","558","39","73008882"
"chr7","73016715","73017007","KN296357v1","621170","621460","37","72395545"
"chr7","73024045","73024337","KN296153v1","1115266","1115561","34","71908779"
"chr7","73034586","73034891","KN294326v1","309006","309309","36","72725580"
"chr7","73040410","73040716","KN296311v1","714128","714427","40","72326282"
"chr7","73048831","73049135","KN296311v1","854862","855163","36","72193969"
"chr7","73050336","73050648","KN295345v1","1051618","1051926","50","71998718"
"chr7","73051634","73051947","KN294372v1","299717","300027","38","72751917"
"chr7","73052811","73053117","KN296153v1","2365186","2365493","40","70687625"
"chr7","73057266","73057566","KN296732v1","3681611","3681906","40","69375655"
"chr7","73058447","73058743","KN294539v1","1287945","1288241","29","71770502"
"chr7","73088708","73088998","KN294741v1","1614181","1614472","37","71474527"
"chr7","73094644","73094967","KN296040v1","252247","252558","42","72842397"
"chr7","73096713","73097024","KN296836v1","855548","855859","38","72241165"
"chr7","73101066","73101374","KN295523v1","3729294","3729596","39","69371772"
"chr7","73108582","73108892","KN294705v1","1537713","1538021","42","71570869"
"chr7","73112057","73112360","KN295984v1","2804050","2804348","52","70308007"
"chr7","73114351","73114647","KN294172v1","6311128","6311420","34","66803223"
"chr7","73122806","73123098","KN295729v1","826689","826980","36","72296117"
"chr7","73126529","73126844","KN296959v1","1350845","1351154","41","71775684"
"chr7","73133587","73133880","KN295692v1","1497978","1498272","48","71635609"
"chr7","73144717","73145025","KN294630v1","349899","350210","36","72794818"
"chr7","73163808","73164088","KN294257v1","2022327","2022606","42","71141481"
"chr7","73198480","73198780","KN295430v1","1257302","1257603","40","71941178"
"chr7","73203273","73203582","KN297274v1","325539","325849","38","72877734"
"chr7","73209758","73210068","KN296167v1","450049","450355","47","72759709"
"chr7","73210499","73210795","KN294470v1","2136945","2137241","39","71073554"
"chr7","73213641","73213939","KN295573v1","192599","192895","35","73021042"
"chr7","73217168","73217468","KN296646v1","892600","892902","35","72324568"
"chr7","73218403","73218692","KN296732v1","3500265","3500553","39","69718138"
"chr7","73226597","73226904","KN295725v1","157009","157314","30","73069588"
"chr7","73245620","73245919","KN296865v1","780864","781161","32","72464756"
"chr7","73257688","73257993","KN294287v1","289657","289957","43","72968031"
"chr7","73269476","73269780","KN296731v1","1757762","1758060","40","71511714"
"chr7","73273055","73273360","KN295735v1","994649","994952","38","72278406"
"chr7","73275052","73275363","KN294790v1","163386","163690","42","73111666"
"chr7","73277531","73277832","KN294208v1","576366","576666","37","72701165"
"chr7","73292088","73292391","KN294911v1","2389002","2389309","36","70903086"
"chr7","73294700","73295008","KN296096v1","2349554","2349864","43","70945146"
"chr7","73295215","73295532","KN294287v1","369071","369381","41","72926144"
"chr7","73296360","73296652","KN294539v1","322294","322589","33","72974066"
"chr7","73298112","73298342","KN295586v1","3146006","3146235","32","70152106"
"chr7","73301988","73302293","KN295607v1","4377455","4377758","41","68924533"
"chr7","73305082","73305355","KN295967v1","490584","490860","47","72814498"
"chr7","73330163","73330462","KN294571v1","1575904","1576204","30","71754259"
"chr7","73347366","73347583","KN297008v1","3139544","3139758","34","70207822"
"chr7","73352000","73352225","KN297186v1","50383","50628","55","73301617"
"chr7","73353039","73353335","KN296620v1","349918","350214","31","73003121"
"chr7","73356008","73356309","KN296404v1","1944196","1944502","34","71411812"
"chr7","73372347","73372639","KN295871v1","681623","681917","43","72690724"
"chr7","73379881","73380184","KN294444v1","134960","135263","42","73244921"
"chr7","73383822","73384121","KN294603v1","111945","112247","45","73271877"
"chr7","73386675","73386956","KN295523v1","196160","196440","39","73190515"
"chr7","73391514","73391813","KN296357v1","559775","560070","31","72831739"
"chr7","73398271","73398566","KN294561v1","1084406","1084703","31","72313865"
"chr7","73427739","73428038","KN297274v1","1842027","1842323","41","71585712"
"chr7","73434810","73435107","KN294457v1","7277","7572","32","73427533"
"chr7","73445967","73446249","KN294539v1","3176003","3176290","59","70269964"
"chr7","73456179","73456495","KN296357v1","431311","431620","40","73024868"
"chr7","73457866","73458156","KN296982v1","570703","570990","53","72887163"
"chr7","73468184","73468485","KN294172v1","822922","823215","45","72645262"
"chr7","73473763","73474057","KN297133v1","453124","453424","46","73020639"
"chr7","73479751","73480059","KN295160v1","3488","3782","42","73476263"
"chr7","73492291","73492600","KN295984v1","1302517","1302824","36","72189774"
"chr7","73493248","73493544","KN294987v1","913011","913316","40","72580237"
"chr7","73496800","73497103","KN295744v1","367788","368092","32","73129012"
"chr7","73507765","73508072","KN297276v1","143691","143993","37","73364074"
"chr7","73510142","73510440","KN297064v1","128282","128582","44","73381860"
"chr7","73521329","73521595","KN295474v1","1438594","1438859","33","72082735"
"chr7","73561757","73562069","KN296926v1","198353","198662","40","73363404"
"chr7","73562793","73563094","KN295637v1","795675","795978","34","72767118"
"chr7","73575449","73575750","KN295394v1","556635","556929","41","73018814"
"chr7","73577344","73577634","KN294937v1","266","558","40","73577078"
"chr7","73596207","73596510","KN295846v1","24517","24819","37","73571690"
"chr7","73596595","73596880","KN294467v1","50328","50617","40","73546267"
"chr7","73639926","73640223","KN294644v1","85408","85699","48","73554518"
"chr7","73645809","73646114","KN296138v1","98488","98788","41","73547321"
"chr7","73666800","73667056","KN294592v1","758921","759181","53","72907879"
"chr7","73675571","73675869","KN295487v1","52973","53281","50","73622598"
"chr7","73692691","73692991","KN295984v1","739554","739854","37","72953137"
"chr7","73693382","73693686","KN296926v1","198353","198662","34","73495029"
"chr7","73694512","73694820","KN297245v1","1416081","1416379","40","72278431"
"chr7","73700376","73700653","KN296158v1","1645816","1646099","39","72054560"
"chr7","73706468","73706783","KN296484v1","351750","352061","40","73354718"
"chr7","73709157","73709460","KN294705v1","430220","430521","36","73278937"
"chr7","73710867","73711187","KN295576v1","134584","134894","45","73576283"
"chr7","73714531","73714822","KN295394v1","556635","556929","31","73157896"
"chr7","73721119","73721428","KN294521v1","509491","509791","37","73211628"
"chr7","73722749","73723056","KN295996v1","133342","133652","37","73589407"
"chr7","73726832","73727119","KN295907v1","2108229","2108514","34","71618603"
"chr7","73731122","73731426","KN296378v1","1234671","1234976","38","72496451"
"chr7","73732299","73732616","KN297304v1","4458","4766","42","73727841"
"chr7","73738393","73738691","KN297320v1","271981","272275","33","73466412"
"chr7","73740492","73740795","KN296145v1","740136","740436","37","73000356"
"chr7","73741657","73741969","KN295573v1","1785247","1785545","57","71956410"
"chr7","73747199","73747505","KN297133v1","950328","950631","36","72796871"
"chr7","73753369","73753642","KN297133v1","1075587","1075851","42","72677782"
"chr7","73758854","73759159","KN294456v1","1098138","1098439","41","72660716"
"chr7","73776530","73776834","KN295708v1","1623951","1624256","37","72152579"
"chr7","73778121","73778422","KN294613v1","327601","327901","32","73450520"
"chr7","73778829","73779140","KN294217v1","1307438","1307748","41","72471391"
"chr7","73783165","73783467","KN297023v1","480259","480560","38","73302906"
"chr7","73798772","73799075","KN296138v1","98488","98788","40","73700284"
"chr7","73806056","73806355","KN294539v1","1287945","1288241","42","72518111"
"chr7","73809547","73809830","KN295090v1","1516878","1517168","41","72292669"
"chr7","73827004","73827310","KN297023v1","480259","480560","38","73346745"
"chr7","73829520","73829817","KN294493v1","70687","70990","40","73758833"
"chr7","73833672","73833967","KN296145v1","740136","740436","35","73093536"
"chr7","73845183","73845477","KN294172v1","2063875","2064162","46","71781308"
"chr7","73849857","73850149","KN297144v1","798722","799018","45","73051135"
"chr7","73861835","73862143","KN295257v1","4702","5013","46","73857133"
"chr7","73862296","73862600","KN296406v1","250415","250727","36","73611881"
"chr7","73874249","73874553","KN294503v1","33353","33656","38","73840896"
"chr7","73883338","73883640","KN294458v1","1049177","1049481","38","72834161"
"chr7","73888010","73888307","KN296062v1","2174335","2174631","42","71713675"
"chr7","73889518","73889791","KN295274v1","35011","35276","37","73854507"
"chr7","73897835","73898138","KN296127v1","1172","1469","44","73896663"
"chr7","73901687","73901986","KN294561v1","1084406","1084703","38","72817281"
"chr7","73902993","73903297","KN294345v1","1360179","1360481","35","72542814"
"chr7","73903721","73904031","KN295375v1","17217","17528","39","73886504"
"chr7","73905098","73905403","KN295940v1","430401","430699","38","73474697"
"chr7","73913625","73913914","KN295102v1","297014","297299","38","73616611"
"chr7","73914474","73914805","KN295623v1","83946","84264","63","73830528"
"chr7","73919170","73919463","KN294172v1","6311128","6311420","43","67608042"
"chr7","73920017","73920347","KN294705v1","343629","343945","59","73576388"
"chr7","73920917","73921190","KN294172v1","1540690","1540957","40","72380227"
"chr7","73933681","73933985","KN294733v1","607498","607793","47","73326183"
"chr7","73939413","73939714","KN295523v1","2775761","2776059","38","71163652"
"chr7","73945404","73945695","KN295096v1","2965990","2966278","38","70979414"
"chr7","73952708","73953009","KN295154v1","333615","333911","34","73619093"
"chr7","73958200","73958517","KN296063v1","783797","784104","54","73174403"
"chr7","73960116","73960412","KN296620v1","989183","989477","37","72970933"
"chr7","73963589","73963889","KN295708v1","274420","274717","34","73689169"
"chr7","73964810","73965105","KN296926v1","272677","272978","35","73692133"
"chr7","73969679","73969978","KN295198v1","274974","275272","28","73694705"
"chr7","73972775","73973073","KN294977v1","13264","13560","35","73959511"
"chr7","73989593","73989892","KN296926v1","865413","865713","45","73124180"
"chr7","73992875","73993169","KN294470v1","2136945","2137241","40","71855930"
"chr7","73996018","73996318","KN294548v1","1161001","1161308","37","72835017"
"chr7","74004471","74004779","KN296311v1","3957005","3957309","38","70047466"
"chr7","74022802","74023106","KN294446v1","240983","241287","39","73781819"
"chr7","74055881","74056189","KN296643v1","852402","852709","40","73203479"
"chr7","74060619","74060916","KN295729v1","826689","826980","34","73233930"
"chr7","74062229","74062533","KN294592v1","366424","366728","45","73695805"
"chr7","74072801","74073102","KN294375v1","337677","337981","40","73735124"
"chr7","74075016","74075305","KN294911v1","1390696","1390976","46","72684320"
"chr7","74091907","74092177","KN296261v1","620490","620771","40","73471417"
"chr7","74093287","74093574","KN295607v1","4676231","4676516","34","69417056"
"chr7","74097448","74097748","KN296153v1","1090111","1090408","31","73007337"
"chr7","74100037","74100339","KN296487v1","131647","131949","27","73968390"
"chr7","74120555","74120856","KN295814v1","997007","997309","36","73123548"
"chr7","74123872","74124168","KN296378v1","660680","660977","36","73463192"
"chr7","74143805","74144119","KN296498v1","336587","336896","42","73807218"
"chr7","74147886","74148174","KN294161v1","349957","350242","37","73797929"
"chr7","74151188","74151477","KN295366v1","124181","124471","31","74027007"
"chr7","74161459","74161768","KN297245v1","2090572","2090875","42","72070887"
"chr7","74169534","74169837","KN296508v1","1895245","1895542","44","72274289"
"chr7","74184768","74185073","KN295943v1","398250","398552","36","73786518"
"chr7","74193535","74193814","KN296406v1","549452","549731","41","73644083"
"chr7","74223266","74223493","KN295405v1","757351","757593","52","73465915"
"chr7","74225216","74225516","KN294172v1","1412456","1412754","37","72812760"
"chr7","74227496","74227795","KN296496v1","988332","988629","33","73239164"
"chr7","74231102","74231404","KN294911v1","628968","629266","38","73602134"
"chr7","74239513","74239825","KN296157v1","885718","886029","41","73353795"
"chr7","74241704","74242003","KN294561v1","1084406","1084703","40","73157298"
"chr7","74243007","74243311","KN294345v1","1360179","1360481","37","72882828"
"chr7","74243736","74244045","KN295433v1","250702","251008","38","73993034"
"chr7","74263622","74263912","KN294647v1","185532","185822","37","74078090"
"chr7","74265893","74266194","KN296883v1","878376","878679","37","73387517"
"chr7","74268529","74268807","KN294571v1","2460216","2460496","41","71808313"
"chr7","74277000","74277292","KN294539v1","1287945","1288241","38","72989055"
"chr7","74279441","74279730","KN295096v1","2965990","2966278","34","71313451"
"chr7","74291018","74291286","KN296311v1","2097854","2098122","37","72193164"
"chr7","74295106","74295417","KN296306v1","1205782","1206092","33","73089324"
"chr7","74304777","74305076","KN295477v1","67921","68217","35","74236856"
"chr7","74305918","74306217","KN294457v1","990718","991014","43","73315200"
"chr7","74311998","74312271","KN296538v1","101344","101622","37","74210654"
"chr7","74315284","74315612","KN294873v1","878342","878649","59","73436942"
"chr7","74318074","74318384","KN295433v1","250702","251008","37","74067372"
"chr7","74344043","74344338","KN296852v1","128578","128879","48","74215465"
"chr7","74348478","74348762","KN296743v1","202352","202637","30","74146126"
"chr7","74378068","74378237","KN295667v1","1026814","1026972","39","73351254"
"chr7","74382369","74382700","KN296732v1","1959943","1960274","59","72422426"
"chr7","74388335","74388640","KN295571v1","513084","513393","39","73875251"
"chr7","74402933","74403246","KN294399v1","14275","14583","30","74388658"
"chr7","74408395","74408705","KN296484v1","351750","352061","31","74056645"
"chr7","74418539","74418854","KN294790v1","163386","163690","46","74255153"
"chr7","74423335","74423624","KN295623v1","251278","251566","32","74172057"
"chr7","74426376","74426680","KN296496v1","785984","786287","38","73640392"
"chr7","74429400","74429685","KN294399v1","41079","41365","28","74388321"
"chr7","74430725","74431027","KN294410v1","292751","293054","39","74137974"
"chr7","74435958","74436269","KN294399v1","47743","48054","28","74388215"
"chr7","74446418","74446725","KN296503v1","58212","58521","38","74388206"
"chr7","74447474","74447781","KN294399v1","59892","60196","33","74387582"
"chr7","74451592","74451882","KN295831v1","133866","134154","43","74317726"
"chr7","74463264","74463569","KN294399v1","75752","76032","46","74387512"
"chr7","74464720","74465006","KN294917v1","405138","405434","48","74059582"
"chr7","74468469","74468780","KN294932v1","133209","133517","37","74335260"
"chr7","74476322","74476625","KN294399v1","88444","88757","37","74387878"
"chr7","74497151","74497455","KN294407v1","3027269","3027567","36","71469882"
"chr7","74508205","74508500","KN294399v1","117347","117645","27","74390858"
"chr7","74524561","74524871","KN296404v1","2534470","2534781","46","71990091"
"chr7","74524891","74525193","KN295667v1","541820","542118","53","73983071"
"chr7","74526263","74526554","KN295096v1","2965990","2966278","42","71560273"
"chr7","74530340","74530648","KN295077v1","613765","614075","37","73916575"
"chr7","74547338","74547638","KN294385v1","510756","511057","40","74036582"
"chr7","74552525","74552834","KN294399v1","161146","161460","29","74391379"
"chr7","74559290","74559615","KN294399v1","167983","168291","42","74391307"
"chr7","74581014","74581298","KN294399v1","191586","191874","28","74389428"
"chr7","74599115","74599423","KN294399v1","209483","209791","46","74389632"
"chr7","74610250","74610567","KN294399v1","220470","220787","24","74389780"
"chr7","74612614","74612921","KN295571v1","513084","513393","50","74099530"
"chr7","74622006","74622308","KN294399v1","231081","231379","27","74390925"
"chr7","74629623","74629930","KN295748v1","161587","161896","42","74468036"
"chr7","74630267","74630489","KN295406v1","275159","275372","49","74355108"
"chr7","74630827","74631137","KN296108v1","796899","797207","47","73833928"
"chr7","74631383","74631684","KN295319v1","93746","94048","38","74537637"
"chr7","74644251","74644544","KN294399v1","245028","245320","32","74399223"
"chr7","74662344","74662654","KN296153v1","1336190","1336496","35","73326154"
"chr7","74668216","74668524","KN294456v1","612494","612802","40","74055722"
"chr7","74682217","74682524","KN294399v1","282177","282486","27","74400040"
"chr7","74695598","74695831","KN295424v1","586223","586460","51","74109375"
"chr7","74697710","74697997","KN294399v1","298718","299006","15","74398992"
"chr7","74701976","74702282","KN296178v1","892526","892831","34","73809450"
"chr7","74703079","74703386","KN294181v1","1370167","1370478","46","73332912"
"chr7","74707317","74707614","KN294456v1","1098138","1098439","33","73609179"
"chr7","74713255","74713558","KN296588v1","938682","938981","45","73774573"
"chr7","74723418","74723715","KN294470v1","2136945","2137241","33","72586473"
"chr7","74728745","74729044","KN296732v1","3482334","3482632","35","71246411"
"chr7","74735333","74735635","KN295984v1","1431006","1431310","34","73304327"
"chr7","74736049","74736355","KN296167v1","450049","450355","32","74286000"
"chr7","74749987","74750300","KN295883v1","173429","173738","40","74576558"
"chr7","74753975","74754260","KN296643v1","320291","320573","38","74433684"
"chr7","74755092","74755384","KN294365v1","978412","978705","37","73776680"
"chr7","74765385","74765686","KN295962v1","183230","183535","34","74582155"
"chr7","74774141","74774446","KN295666v1","248322","248617","48","74525819"
"chr7","74787256","74787562","KN296138v1","98488","98788","35","74688768"
"chr7","74790288","74790593","KN294434v1","417718","418021","41","74372570"
"chr7","74803801","74804105","KN296809v1","758955","759265","35","74044846"
"chr7","74821526","74821797","KN296513v1","1168528","1168799","49","73652998"
"chr7","74824656","74824968","KN296157v1","885718","886029","43","73938938"
"chr7","74833716","74834020","KN294378v1","1504358","1504668","41","73329358"
"chr7","74834374","74834680","KN297274v1","2108120","2108418","44","72726254"
"chr7","74840292","74840588","KN294644v1","85408","85699","33","74754884"
"chr7","74855642","74855803","KN296153v1","4022611","4022768","24","70833031"
"chr7","74876444","74876752","KN296144v1","30645","30951","43","74845799"
"chr7","74907392","74907691","KN296153v1","1921924","1922225","39","72985468"
"chr7","74908376","74908677","KN296682v1","1930392","1930690","41","72977984"
"chr7","74913033","74913302","KN296864v1","1076694","1076968","42","73836339"
"chr7","74927336","74927636","KN295633v1","323295","323596","36","74604041"
"chr7","74945027","74945327","KN295943v1","398250","398552","37","74546777"
"chr7","74951286","74951586","KN296750v1","214079","214376","33","74737207"
"chr7","74955863","74956179","KN294957v1","62097","62408","44","74893766"
"chr7","74977370","74977624","KN297404v1","219675","219926","38","74757695"
"chr7","74979081","74979378","KN296485v1","662709","663006","40","74316372"
"chr7","74995619","74995931","KN296153v1","2750284","2750585","46","72245335"
"chr7","75004203","75004516","KN296036v1","1044138","1044445","35","73960065"
"chr7","75030115","75030423","KN295526v1","182934","183242","32","74847181"
"chr7","75063388","75063695","KN294957v1","62097","62408","40","75001291"
"chr7","75065136","75065360","KN296119v1","5050188","5050411","29","70014948"
"chr7","75079274","75079574","KN296442v1","417977","418281","36","74661297"
"chr7","75093802","75094029","KN295405v1","757351","757593","53","74336451"
"chr7","75095745","75096045","KN294172v1","1412456","1412754","34","73683289"
"chr7","75097957","75098263","KN294193v1","535425","535726","34","74562532"
"chr7","75101604","75101911","KN296303v1","662776","663079","33","74438828"
"chr7","75105681","75105984","KN296635v1","2261636","2261940","39","72844045"
"chr7","75110346","75110624","KN294570v1","116175","116454","41","74994171"
"chr7","75111828","75112148","KN297095v1","4095381","4095702","45","71016447"
"chr7","75120252","75120557","KN296127v1","1172","1469","40","75119080"
"chr7","75129642","75129937","KN296357v1","483169","483462","32","74646473"
"chr7","75131023","75131324","KN294668v1","2005932","2006233","36","73125091"
"chr7","75133159","75133472","KN294193v1","765791","766099","38","74367368"
"chr7","75134115","75134323","KN294509v1","178587","178797","39","74955528"
"chr7","75134531","75134829","KN294172v1","1667579","1667885","40","73466952"
"chr7","75134888","75135204","KN294957v1","62097","62408","42","75072791"
"chr7","75144037","75144323","KN294513v1","177250","177540","39","74966787"
"chr7","75156369","75156676","KN294856v1","158144","158448","38","74998225"
"chr7","75162823","75163120","KN295480v1","1302107","1302401","35","73860716"
"chr7","75163495","75163801","KN297023v1","480259","480560","38","74683236"
"chr7","75171585","75171889","KN295034v1","280827","281133","35","74890758"
"chr7","75172125","75172422","KN294457v1","1440141","1440438","44","73731984"
"chr7","75173373","75173658","KN294806v1","681476","681761","35","74491897"
"chr7","75174032","75174338","KN297023v1","480259","480560","36","74693773"
"chr7","75181815","75182081","KN295294v1","1584706","1584973","39","73597109"
"chr7","75198133","75198429","KN296485v1","541954","542254","36","74656179"
"chr7","75198694","75198999","KN297154v1","831565","831869","33","74367129"
"chr7","75202695","75202989","KN296682v1","1930392","1930690","48","73272303"
"chr7","75210421","75210723","KN294378v1","696718","697020","27","74513703"
"chr7","75214008","75214327","KN297044v1","714907","715220","46","74499101"
"chr7","75215596","75215903","KN296158v1","1175251","1175559","34","74040345"
"chr7","75226271","75226535","KN295441v1","1677744","1678019","54","73548527"
"chr7","75227369","75227678","KN297008v1","1419999","1420309","37","73807370"
"chr7","75232873","75233175","KN296153v1","1336190","1336496","46","73896683"
"chr7","75234585","75234892","KN294957v1","62097","62408","36","75172488"
"chr7","75236483","75236797","KN296311v1","3427286","3427594","35","71809197"
"chr7","75240145","75240423","KN294570v1","116175","116454","42","75123970"
"chr7","75241661","75241934","KN295274v1","35011","35276","38","75206650"
"chr7","75250133","75250442","KN296127v1","1172","1469","44","75248961"
"chr7","75259489","75259774","KN294269v1","1190734","1191020","36","74068755"
"chr7","75260860","75261161","KN294668v1","2005932","2006233","35","73254928"
"chr7","75262999","75263312","KN294193v1","765791","766099","38","74497208"
"chr7","75263958","75264167","KN294257v1","484683","484900","40","74779275"
"chr7","75264375","75264670","KN294407v1","3027269","3027567","40","72237106"
"chr7","75264729","75265045","KN294957v1","62097","62408","42","75202632"
"chr7","75273873","75274160","KN294513v1","177250","177540","38","75096623"
"chr7","75288360","75288654","KN294193v1","425211","425504","32","74863149"
"chr7","75302729","75302951","KN296153v1","1527782","1528006","36","73774947"
"chr7","75307499","75307789","KN294147v1","1191891","1192182","35","74115608"
"chr7","75540297","75540605","KN295257v1","4702","5013","46","75535595"
"chr7","75540757","75541065","KN295477v1","23872","24183","30","75516885"
"chr7","75544794","75545065","KN294161v1","894750","895027","41","74650044"
"chr7","75546577","75546868","KN297369v1","1619029","1619315","48","73927548"
"chr7","75548319","75548567","KN296883v1","3353450","3353703","42","72194869"
"chr7","75561505","75561820","KN296040v1","925345","925654","41","74636160"
"chr7","75566911","75567189","KN294570v1","116175","116454","43","75450736"
"chr7","75568432","75568705","KN295274v1","35011","35276","38","75533421"
"chr7","75576839","75577143","KN296127v1","1172","1469","38","75575667"
"chr7","75586342","75586633","KN296357v1","483169","483462","32","75103173"
"chr7","75587497","75587804","KN296635v1","4572120","4572425","41","71015377"
"chr7","75593100","75593403","KN294790v1","163386","163690","37","75429714"
"chr7","75601493","75601803","KN294458v1","307599","307910","39","75293894"
"chr7","75602498","75602789","KN294326v1","619990","620278","40","74982508"
"chr7","75606788","75607099","KN294378v1","1504358","1504668","37","74102430"
"chr7","75614796","75615109","KN294957v1","62097","62408","40","75552699"
"chr7","75617743","75618041","KN297038v1","223861","224161","37","75393882"
"chr7","75633344","75633645","KN297276v1","143691","143993","38","75489653"
"chr7","75639227","75639528","KN295303v1","39698","40008","48","75599529"
"chr7","75643117","75643429","KN296859v1","993319","993622","41","74649798"
"chr7","75648851","75649136","KN294917v1","868288","868575","51","74780563"
"chr7","75651777","75652012","KN295405v1","757351","757593","42","74894426"
"chr7","75661878","75662178","KN294521v1","509491","509791","42","75152387"
"chr7","75665820","75666119","KN297023v1","480259","480560","35","75185561"
"chr7","75673099","75673370","KN295922v1","98919","99195","45","75574180"
"chr7","75688067","75688359","KN294665v1","133847","134138","36","75554220"
"chr7","75690327","75690628","KN294520v1","782243","782539","38","74908084"
"chr7","75698167","75698441","KN295893v1","7483206","7483473","57","68214961"
"chr7","75708638","75708814","KN296153v1","1178114","1178285","25","74530524"
"chr7","75716863","75717176","KN295592v1","1811056","1811365","41","73905807"
"chr7","75719249","75719549","KN294172v1","6311128","6311420","38","69408121"
"chr7","75725029","75725187","KN295102v1","122392","122558","22","75602637"
"chr7","75726758","75726930","KN295930v1","759567","759739","37","74967191"
"chr7","75731281","75731565","KN294366v1","429818","430102","43","75301463"
"chr7","75742992","75743288","KN296311v1","767533","767832","36","74975459"
"chr7","75746211","75746486","KN295922v1","98919","99195","40","75647292"
"chr7","75750529","75750827","KN295607v1","4377455","4377758","39","71373074"
"chr7","75751546","75751855","KN294372v1","299717","300027","34","75451829"
"chr7","75753281","75753560","KN296759v1","520385","520667","40","75232896"
"chr7","75778084","75778367","KN294207v1","618181","618464","47","75159903"
"chr7","75779374","75779686","KN296864v1","3164724","3165032","43","72614650"
"chr7","75787291","75787603","KN295433v1","250702","251008","37","75536589"
"chr7","75789506","75789814","KN294372v1","2633596","2633905","41","73155910"
"chr7","75791967","75792276","KN297190v1","4407451","4407761","36","71384516"
"chr7","75792914","75793200","KN296486v1","174295","174586","40","75618619"
"chr7","75796061","75796353","KN295596v1","2518640","2518934","37","73277421"
"chr7","75814606","75814783","KN296538v1","164215","164386","34","75650391"
"chr7","75814784","75815125","KN296460v1","119303","119632","43","75695481"
"chr7","75821799","75822109","KN296247v1","361131","361442","40","75460668"
"chr7","75830881","75831178","KN294705v1","867156","867449","31","74963725"
"chr7","75835849","75836156","KN295236v1","764998","765304","43","75070851"
"chr7","75837521","75837822","KN296404v1","1150048","1150343","41","74687473"
"chr7","75844209","75844526","KN296864v1","3164724","3165032","45","72679485"
"chr7","75845094","75845303","KN296682v1","3000428","3000645","32","72844666"
"chr7","75864534","75864845","KN297312v1","655567","655878","39","75208967"
"chr7","75872599","75872895","KN297245v1","1416081","1416379","41","74456518"
"chr7","75893957","75894261","KN296158v1","1175251","1175559","38","74718706"
"chr7","75895314","75895596","KN297242v1","2046546","2046825","34","73848768"
"chr7","75896095","75896332","KN296513v1","1780539","1780776","33","74115556"
"chr7","75897976","75898278","KN295022v1","523834","524137","44","75374142"
"chr7","75899519","75899819","KN297023v1","480259","480560","29","75419260"
"chr7","75900373","75900677","KN295610v1","501770","502075","37","75398603"
"chr7","75918234","75918502","KN294172v1","1540690","1540957","35","74377544"
"chr7","75922805","75923104","KN296000v1","1030238","1030539","44","74892567"
"chr7","75924808","75925147","KN297154v1","88894","89201","59","75835914"
"chr7","75937099","75937399","KN295893v1","165765","166062","42","75771334"
"chr7","75939291","75939586","KN295601v1","2938864","2939158","40","73000427"
"chr7","75950882","75951182","KN295198v1","274974","275272","40","75675908"
"chr7","75953373","75953671","KN296306v1","3274335","3274632","33","72679038"
"chr7","75957551","75957845","KN294193v1","425211","425504","41","75532340"
"chr7","75959555","75959850","KN294571v1","2001473","2001760","51","73958082"
"chr7","75967188","75967479","KN295933v1","344337","344615","59","75622851"
"chr7","75967717","75968010","KN294733v1","607498","607793","38","75360219"
"chr7","75975431","75975731","KN296000v1","1030238","1030539","37","74945193"
"chr7","75979882","75980173","KN296404v1","3824512","3824802","37","72155370"
"chr7","75983813","75983980","KN296486v1","718646","718817","49","75265167"
"chr7","75993929","75994191","KN294991v1","995507","995758","34","74998422"
"chr7","75997602","75997924","KN296880v1","293276","293589","49","75704326"
"chr7","76017329","76017639","KN297442v1","1612430","1612738","39","74404899"
"chr7","76020156","76020461","KN294287v1","337770","338074","38","75682386"
"chr7","76024909","76025208","KN296635v1","2247280","2247575","47","73777629"
"chr7","76029425","76029736","KN296311v1","3427286","3427594","34","72602139"
"chr7","76043002","76043315","KN296311v1","3194235","3194543","41","72848767"
"chr7","76048561","76048828","KN295708v1","1056841","1057106","38","74991720"
"chr7","76058475","76058776","KN295573v1","316385","316688","35","75742090"
"chr7","76091619","76091927","KN296158v1","1175251","1175559","45","74916368"
"chr7","76097518","76097814","KN294470v1","2136945","2137241","29","73960573"
"chr7","76102185","76102489","KN296311v1","854862","855163","38","75247323"
"chr7","76109233","76109543","KN294848v1","172686","172989","43","75936547"
"chr7","76145896","76146188","KN294506v1","255271","255560","27","75890625"
"chr7","76160654","76160905","KN296883v1","3353450","3353703","55","72807204"
"chr7","76166230","76166479","KN295022v1","229194","229438","40","75937036"
"chr7","76170464","76170617","KN295117v1","249441","249580","33","75921023"
"chr7","76177064","76177356","KN294911v1","1933406","1933698","49","74243658"
"chr7","76207145","76207451","KN295433v1","250702","251008","33","75956443"
"chr7","76231379","76231465","KN294372v1","1446947","1447025","33","74784432"
"chr7","76231494","76231676","KN294569v1","786615","786806","40","75444879"
"chr7","76239973","76240263","KN294647v1","185532","185822","30","76054441"
"chr7","76244160","76244443","KN296139v1","296788","297069","38","75947372"
"chr7","76245249","76245551","KN294175v1","168714","169020","27","76076535"
"chr7","76250829","76251123","KN295107v1","300735","301027","34","75950094"
"chr7","76255392","76255699","KN296505v1","355465","355772","38","75899927"
"chr7","76257370","76257686","KN294592v1","1321409","1321720","36","74935961"
"chr7","76258885","76259169","KN295719v1","67106","67390","33","76191779"
"chr7","76263806","76264133","KN294630v1","549363","549684","52","75714443"
"chr7","76264957","76265249","KN295893v1","5868091","5868383","43","70396866"
"chr7","76276275","76276586","KN295667v1","1695804","1696115","48","74580471"
"chr7","76280185","76280494","KN295929v1","457065","457374","35","75823120"
"chr7","76280725","76281028","KN296404v1","1183469","1183770","34","75097256"
"chr7","76288767","76289066","KN296503v1","544133","544430","43","75744634"
"chr7","76290319","76290626","KN296311v1","737628","737939","48","75552691"
"chr7","76298277","76298585","KN294513v1","764764","765066","38","75533513"
"chr7","76299790","76300078","KN296557v1","13515","13811","37","76286275"
"chr7","76311735","76312033","KN294527v1","283192","283491","35","76028543"
"chr7","76313777","76314089","KN295962v1","2329043","2329352","34","73984734"
"chr7","76315186","76315488","KN296357v1","653990","654295","46","75661196"
"chr7","76320434","76320720","KN294193v1","568677","568960","40","75751757"
"chr7","76326281","76326613","KN294761v1","1355956","1356293","81","74970325"
"chr7","76330031","76330329","KN294239v1","382966","383276","49","75947065"
"chr7","76345855","76346165","KN297154v1","831565","831869","33","75514290"
"chr7","76346623","76346930","KN295236v1","1479017","1479312","46","74867606"
"chr7","76355552","76355862","KN296357v1","653990","654295","36","75701562"
"chr7","76367486","76367793","KN294790v1","163386","163690","49","76204100"
"chr7","76369168","76369469","KN296430v1","1105044","1105344","28","75264124"
"chr7","76374432","76374658","KN296513v1","1780539","1780776","37","74593893"
"chr7","76379429","76379741","KN294454v1","86482","86786","39","76292947"
"chr7","76380234","76380532","KN295236v1","276395","276697","42","76103839"
"chr7","76382594","76382890","KN294346v1","339338","339633","39","76043256"
"chr7","76392876","76393171","KN296247v1","273218","273514","40","76119658"
"chr7","76393644","76393938","KN294407v1","3027269","3027567","37","73366375"
"chr7","76403815","76404113","KN296371v1","42169","42466","33","76361646"
"chr7","76404894","76405205","KN294264v1","87223","87534","40","76317671"
"chr7","76410213","76410503","KN294456v1","1143112","1143404","36","75267101"
"chr7","76417093","76417327","KN294978v1","3916108","3916347","39","72500985"
"chr7","76421565","76421887","KN297259v1","1684022","1684333","43","74737543"
"chr7","76438432","76438673","KN295405v1","757351","757593","37","75681081"
"chr7","76451284","76451592","KN296959v1","1610341","1610649","39","74840943"
"chr7","76452170","76452483","KN296682v1","4855759","4856070","40","71596411"
"chr7","76462038","76462359","KN296200v1","152896","153211","63","76309142"
"chr7","76466611","76466923","KN296809v1","763161","763473","31","75703450"
"chr7","76470965","76471266","KN294761v1","363307","363610","33","76107658"
"chr7","76473579","76473880","KN295984v1","2669149","2669452","38","73804430"
"chr7","76478303","76478611","KN297154v1","1019865","1020178","32","75458438"
"chr7","76492737","76493048","KN296119v1","5362418","5362727","33","71130319"
"chr7","76493071","76493381","KN295315v1","133371","133680","39","76359700"
"chr7","76504917","76505201","KN296484v1","805624","805911","38","75699293"
"chr7","76505555","76505860","KN295607v1","4377455","4377758","39","72128100"
"chr7","76506450","76506662","KN295977v1","1276894","1277103","43","75229556"
"chr7","76508649","76508936","KN296520v1","1316759","1317053","45","75191890"
"chr7","76509745","76510028","KN295671v1","149104","149384","52","76360641"
"chr7","76511339","76511627","KN296187v1","663374","663662","38","75847965"
"chr7","76515139","76515439","KN295607v1","4377455","4377758","39","72137684"
"chr7","76522483","76522775","KN296322v1","1312799","1313095","35","75209684"
"chr7","76527335","76527550","KN295356v1","703824","704044","31","75823511"
"chr7","76537084","76537393","KN295883v1","173429","173738","38","76363655"
"chr7","76539963","76540260","KN294911v1","628968","629266","31","75910995"
"chr7","76552685","76552987","KN294842v1","664297","664599","37","75888388"
"chr7","76560111","76560404","KN294193v1","425211","425504","33","76134900"
"chr7","76574327","76574610","KN294513v1","177250","177540","43","76397077"
"chr7","76580180","76580480","KN297245v1","1416081","1416379","34","75164099"
"chr7","76587883","76588194","KN296119v1","1028288","1028598","42","75559595"
"chr7","76590442","76590757","KN294957v1","62097","62408","41","76528345"
"chr7","76590814","76591108","KN294407v1","3027269","3027567","40","73563545"
"chr7","76591316","76591617","KN296263v1","1017001","1017303","44","75574315"
"chr7","76591641","76591948","KN294193v1","765791","766099","37","75825850"
"chr7","76593809","76594110","KN294790v1","163386","163690","35","76430423"
"chr7","76595197","76595492","KN295962v1","1884512","1884811","33","74710685"
"chr7","76603709","76604030","KN296127v1","1172","1469","55","76602537"
"chr7","76612198","76612471","KN295274v1","35011","35276","37","76577187"
"chr7","76613707","76613985","KN294570v1","116175","116454","41","76497532"
"chr7","76618353","76618646","KN296426v1","838030","838324","42","75780323"
"chr7","76627491","76627815","KN295319v1","42222","42534","45","76585269"
"chr7","76681200","76681498","KN295607v1","4377455","4377758","42","72303745"
"chr7","76685010","76685298","KN296187v1","663374","663662","39","76021636"
"chr7","76686608","76686884","KN297314v1","616778","617057","51","76069830"
"chr7","76687686","76687984","KN295315v1","1044372","1044679","42","75643314"
"chr7","76689968","76690180","KN295977v1","1276894","1277103","43","75413074"
"chr7","76690771","76691084","KN296484v1","351750","352061","40","76339021"
"chr7","76691438","76691722","KN295719v1","67106","67390","36","76624332"
"chr7","76694510","76694724","KN295356v1","703824","704044","32","75990686"
"chr7","76698103","76698401","KN297023v1","480259","480560","33","76217844"
"chr7","76706560","76706868","KN296609v1","2150736","2151041","40","74555824"
"chr7","76707443","76707742","KN294470v1","2878982","2879283","40","73828461"
"chr7","76709595","76709884","KN296008v1","232588","232880","52","76477007"
"chr7","76714580","76714853","KN295343v1","770844","771117","34","75943736"
"chr7","76925889","76926179","KN294147v1","1191891","1192182","35","75733998"
"chr7","76930740","76930960","KN296153v1","1527782","1528006","34","75402958"
"chr7","76947469","76947763","KN294193v1","425211","425504","32","76522258"
"chr7","76961970","76962258","KN294513v1","177250","177540","38","76784720"
"chr7","76971085","76971401","KN294957v1","62097","62408","42","76908988"
"chr7","76971460","76971756","KN296833v1","30824","31126","39","76940636"
"chr7","76971964","76972172","KN294509v1","178587","178797","39","76793377"
"chr7","76972815","76973128","KN294193v1","765791","766099","39","76207024"
"chr7","76974966","76975267","KN294668v1","2005932","2006233","35","74969034"
"chr7","76976353","76976648","KN296357v1","483169","483462","32","76493184"
"chr7","76985730","76986035","KN296127v1","1172","1469","40","76984558"
"chr7","76994135","76994454","KN295757v1","4004","4314","47","76990131"
"chr7","76995658","76995936","KN294570v1","116175","116454","41","76879483"
"chr7","77000297","77000599","KN296635v1","2261636","2261940","39","74738661"
"chr7","77004364","77004671","KN296303v1","662776","663079","32","76341588"
"chr7","77008012","77008319","KN294193v1","535425","535726","34","76472587"
"chr7","77010231","77010531","KN294172v1","1412456","1412754","34","75597775"
"chr7","77012246","77012473","KN295405v1","757351","757593","53","76254895"
"chr7","77131780","77132068","KN295923v1","1094781","1095073","34","76036999"
"chr7","77133094","77133314","KN295356v1","703824","704044","37","76429270"
"chr7","77142425","77142734","KN295883v1","173429","173738","35","76968996"
"chr7","77145303","77145609","KN296079v1","308996","309302","30","76836307"
"chr7","77158016","77158310","KN294539v1","1287945","1288241","35","75870071"
"chr7","77174772","77175059","KN294513v1","177250","177540","41","76997522"
"chr7","77183883","77184199","KN294957v1","62097","62408","39","77121786"
"chr7","77184257","77184559","KN296138v1","98488","98788","41","77085769"
"chr7","77184763","77184968","KN294509v1","178587","178797","39","77006176"
"chr7","77185606","77185918","KN294193v1","765791","766099","35","76419815"
"chr7","77187761","77188062","KN295459v1","673095","673397","34","76514666"
"chr7","77189145","77189435","KN296357v1","483169","483462","32","76705976"
"chr7","77198816","77199121","KN296127v1","1172","1469","37","77197644"
"chr7","77207210","77207483","KN295274v1","35011","35276","38","77172199"
"chr7","77208692","77208991","KN296062v1","2174335","2174631","44","75034357"
"chr7","77212485","77212796","KN296311v1","3427286","3427594","35","73785199"
"chr7","77214396","77214701","KN295923v1","733115","733420","34","76481281"
"chr7","77216110","77216416","KN296153v1","1336190","1336496","41","75879920"
"chr7","77221600","77221910","KN297008v1","1419999","1420309","39","75801601"
"chr7","77222736","77223000","KN295236v1","3487031","3487311","54","73735705"
"chr7","77233055","77233358","KN295459v1","673095","673397","32","76559960"
"chr7","77234636","77234962","KN296311v1","3556438","3556761","52","73678198"
"chr7","77238233","77238537","KN294378v1","696718","697020","27","76541515"
"chr7","77245955","77246249","KN295605v1","542099","542399","45","76703856"
"chr7","77249944","77250250","KN297154v1","831565","831869","31","76418379"
"chr7","77250523","77250819","KN296485v1","541954","542254","40","76708569"
"chr7","77266893","77267159","KN295294v1","1584706","1584973","42","75682187"
"chr7","77274630","77274935","KN297023v1","480259","480560","38","76794371"
"chr7","77275310","77275607","KN296187v1","498467","498762","35","76776843"
"chr7","77276533","77276830","KN294457v1","1440141","1440438","43","75836392"
"chr7","77283102","77283396","KN296225v1","127347","127638","34","77155755"
"chr7","77285932","77286240","KN296225v1","125221","125526","34","77160711"
"chr7","77292927","77293228","KN296127v1","1172","1469","34","77291755"
"chr7","77301363","77301636","KN294404v1","404187","404462","38","76897176"
"chr7","77302840","77303142","KN294571v1","890748","891049","44","76412092"
"chr7","77306643","77306950","KN296311v1","3427286","3427594","35","73879357"
"chr7","77308556","77308859","KN295923v1","733115","733420","33","76575441"
"chr7","77312656","77312962","KN295236v1","4175917","4176226","41","73136739"
"chr7","77320536","77320835","KN295607v1","4377455","4377758","34","72943081"
"chr7","77324860","77325165","KN295835v1","181014","181322","43","77143846"
"chr7","77360017","77360288","KN296484v1","825821","826105","51","76534196"
"chr7","77493513","77493801","KN295923v1","1094781","1095073","33","76398732"
"chr7","77494826","77495045","KN295356v1","703824","704044","36","76791002"
"chr7","77504158","77504467","KN295883v1","173429","173738","36","77330729"
"chr7","77507036","77507340","KN294345v1","1360179","1360481","31","76146857"
"chr7","77519741","77520044","KN295607v1","3831101","3831405","40","73688640"
"chr7","77534946","77535232","KN294513v1","177250","177540","42","77357696"
"chr7","77544067","77544383","KN294957v1","62097","62408","41","77481970"
"chr7","77544441","77544744","KN294172v1","1667579","1667885","42","75876862"
"chr7","77544948","77545153","KN294509v1","178587","178797","39","77366361"
"chr7","77545791","77546103","KN294193v1","765791","766099","35","76780000"
"chr7","77547945","77548246","KN295459v1","673095","673397","34","76874850"
"chr7","77549329","77549619","KN296357v1","483169","483462","32","77066160"
"chr7","77558989","77559294","KN296127v1","1172","1469","37","77557817"
"chr7","77567360","77567633","KN295274v1","35011","35276","38","77532349"
"chr7","77568837","77569139","KN297046v1","2427282","2427586","44","75141555"
"chr7","77572638","77572945","KN296311v1","3427286","3427594","35","74145352"
"chr7","77574557","77574860","KN295923v1","733115","733420","33","76841442"
"chr7","77578655","77578961","KN295814v1","1589520","1589831","41","75989135"
"chr7","77586535","77586834","KN295607v1","4377455","4377758","34","73209080"
"chr7","77590864","77591169","KN295825v1","237107","237411","43","77353757"
"chr7","77626021","77626292","KN296484v1","825821","826105","51","76800200"
"chr7","77640299","77640613","KN294486v1","1758447","1758757","46","75881852"
"chr7","77658326","77658627","KN295301v1","716124","716425","45","76942202"
"chr7","77759621","77759908","KN294385v1","149567","149857","40","77610054"
"chr7","77765437","77765741","KN295835v1","102943","103243","34","77662494"
"chr7","77775267","77775563","KN295075v1","236772","237067","29","77538495"
"chr7","77784164","77784459","KN296926v1","728665","728961","32","77055499"
"chr7","77785030","77785337","KN294187v1","783464","783769","35","77001566"
"chr7","77789067","77789369","KN296311v1","3427286","3427594","46","74361781"
"chr7","77844678","77844982","KN294527v1","283192","283491","33","77561486"
"chr7","77858643","77858950","KN294266v1","905320","905619","51","76953323"
"chr7","77883790","77884095","KN296225v1","343366","343677","42","77540424"
"chr7","77897531","77897753","KN295350v1","715338","715554","37","77182193"
"chr7","77900509","77900810","KN296311v1","832074","832375","37","77068435"
"chr7","77971988","77972271","KN294229v1","110402","110697","43","77861586"
"chr7","77998528","77998790","KN297141v1","1421406","1421668","37","76577122"
"chr7","78004029","78004303","KN295548v1","1284141","1284415","35","76719888"
"chr7","78015141","78015396","KN296580v1","224007","224259","38","77791134"
"chr7","78037996","78038305","KN295923v1","728509","728817","41","77309487"
"chr7","78062147","78062458","KN294466v1","12634","12944","35","78049513"
"chr7","78080468","78080721","KN297154v1","1616670","1616919","43","76463798"
"chr7","78081523","78081825","KN295977v1","593113","593417","38","77488410"
"chr7","78087770","78087933","KN296580v1","567614","567775","31","77520156"
"chr7","78095593","78095888","KN294548v1","343881","344161","53","77751712"
"chr7","78112475","78112780","KN297408v1","73718","74022","41","78038757"
"chr7","78116004","78116300","KN295449v1","852942","853247","42","77263062"
"chr7","78120215","78120519","KN296167v1","450049","450355","36","77670166"
"chr7","78128479","78128754","KN295984v1","391023","391296","41","77737456"
"chr7","78139786","78140088","KN296119v1","4793855","4794163","41","73345931"
"chr7","78147311","78147597","KN296964v1","1001501","1001775","49","77145810"
"chr7","78151604","78151906","KN296244v1","112737","113042","33","78038867"
"chr7","78159418","78159716","KN295350v1","937655","937945","50","77221763"
"chr7","78160144","78160448","KN296404v1","2016101","2016407","38","76144043"
"chr7","78166450","78166744","KN297038v1","236475","236775","37","77929975"
"chr7","78167480","78167765","KN295692v1","1497978","1498272","34","76669502"
"chr7","78168081","78168254","KN296153v1","2423488","2423661","28","75744593"
"chr7","78183620","78183921","KN297008v1","4661765","4662062","34","73521855"
"chr7","78184033","78184328","KN295729v1","826689","826980","40","77357344"
"chr7","78184629","78184940","KN295433v1","250702","251008","43","77933927"
"chr7","78186472","78186769","KN294917v1","405138","405434","34","77781334"
"chr7","78196241","78196429","KN295405v1","412070","412259","23","77784171"
"chr7","78210626","78210935","KN296661v1","2149774","2150085","37","76060852"
"chr7","78216436","78216743","KN294234v1","409215","409520","37","77807221"
"chr7","78217746","78218050","KN296167v1","450049","450355","44","77767697"
"chr7","78245837","78246142","KN295814v1","1261993","1262292","37","76983844"
"chr7","78251220","78251529","KN296157v1","885718","886029","46","77365502"
"chr7","78252152","78252450","KN294257v1","379317","379626","42","77872835"
"chr7","78257976","78258212","KN297118v1","197557","197792","45","78060419"
"chr7","78268848","78269156","KN294790v1","163386","163690","39","78105462"
"chr7","78304228","78304524","KN296145v1","2451188","2451482","35","75853040"
"chr7","78320067","78320376","KN295883v1","173429","173738","42","78146638"
"chr7","78391925","78392232","KN294410v1","292751","293054","41","78099174"
"chr7","78392757","78393048","KN296357v1","43886","44175","32","78348871"
"chr7","78405370","78405608","KN295405v1","757351","757593","46","77648019"
"chr7","78420691","78420991","KN295846v1","24517","24819","38","78396174"
"chr7","78434438","78434734","KN295987v1","138341","138634","40","78296097"
"chr7","78439478","78439677","KN296495v1","510488","510677","37","77928990"
"chr7","78442209","78442517","KN295936v1","2017050","2017357","58","76425159"
"chr7","78451285","78451544","KN295936v1","2255373","2255648","46","76195912"
"chr7","78486330","78486629","KN294187v1","45047","45343","43","78441283"
"chr7","78499528","78499841","KN296253v1","477182","477487","40","78022346"
"chr7","78509661","78509959","KN297008v1","1825305","1825608","46","76684356"
"chr7","78551637","78551955","KN297467v1","321468","321785","49","78230169"
"chr7","78710422","78710718","KN296311v1","4726766","4727059","45","73983656"
"chr7","78945344","78945640","KN295667v1","1610629","1610924","47","77334715"
"chr7","79267574","79267871","KN296110v1","150477","150781","45","79117097"
"chr7","79296534","79296829","KN295835v1","84846","85139","37","79211688"
"chr7","79310911","79311219","KN295045v1","181971","182282","41","79128940"
"chr7","79361600","79361810","KN294685v1","55717","55932","44","79305883"
"chr7","79445499","79445794","KN294187v1","787177","787472","41","78658322"
"chr7","79463452","79463763","KN296933v1","110528","110834","34","79352924"
"chr7","79507088","79507386","KN296311v1","2891003","2891305","39","76616085"
"chr7","79541954","79542253","KN294287v1","60735","61035","35","79481219"
"chr7","79563811","79564093","KN294345v1","1119451","1119736","37","78444360"
"chr7","79632814","79632989","KN294949v1","1356633","1356831","53","78276181"
"chr7","79670577","79670862","KN294806v1","681476","681761","41","78989101"
"chr7","79705870","79706163","KN296874v1","133591","133882","32","79572279"
"chr7","79814115","79814278","KN296481v1","376034","376200","24","79438081"
"chr7","79873265","79873579","KN295936v1","2179342","2179661","40","77693923"
"chr7","79950556","79950813","KN295243v1","1473974","1474238","42","78476582"
"chr7","79970859","79971179","KN296588v1","1614677","1614989","48","78356182"
"chr7","80055740","80056051","KN294458v1","1049177","1049481","49","79006563"
"chr7","80062292","80062619","KN296934v1","764547","764871","52","79297745"
"chr7","80103097","80103283","KN294172v1","5723758","5723953","30","74379339"
"chr7","80109382","80109687","KN296635v1","3441717","3442018","30","76667665"
"chr7","80253601","80253865","KN294158v1","267242","267499","49","79986359"
"chr7","80320435","80320744","KN295074v1","343353","343661","44","79977082"
"chr7","80423770","80424078","KN296167v1","450049","450355","40","79973721"
"chr7","80432655","80432932","KN297370v1","631828","632105","49","79800827"
"chr7","80511689","80511989","KN294521v1","509491","509791","40","80002198"
"chr7","80514518","80514814","KN294470v1","2136945","2137241","44","78377573"
"chr7","80533138","80533432","KN297274v1","1023468","1023763","43","79509670"
"chr7","80561626","80561939","KN294407v1","2157068","2157379","40","78404558"
"chr7","80569110","80569412","KN294446v1","240983","241287","39","80328127"
"chr7","80615579","80615872","KN294181v1","186822","187113","44","80428757"
"chr7","80620974","80621275","KN296833v1","30824","31126","37","80590150"
"chr7","80676932","80677224","KN296682v1","4619248","4619542","37","76057684"
"chr7","80815144","80815453","KN296635v1","2387021","2387331","48","78428123"
"chr7","80853447","80853745","KN294407v1","3027269","3027567","42","77826178"
"chr7","80863778","80864088","KN296157v1","885718","886029","44","79978060"
"chr7","80878434","80878719","KN295893v1","729257","729542","38","80149177"
"chr7","80892840","80893150","KN296261v1","471107","471412","37","80421733"
"chr7","80895658","80895969","KN294378v1","707058","707368","48","80188600"
"chr7","80915122","80915427","KN294948v1","26529","26824","35","80888593"
"chr7","80920510","80920802","KN294948v1","31892","32184","24","80888618"
"chr7","80988176","80988513","KN296460v1","119303","119632","50","80868873"
"chr7","81023083","81023397","KN294193v1","435179","435486","57","80587904"
"chr7","81113126","81113429","KN295601v1","3100975","3101277","43","78012151"
"chr7","81250412","81250723","KN294269v1","440138","440438","59","80810274"
"chr7","81265205","81265502","KN294262v1","1563960","1564257","46","79701245"
"chr7","81332012","81332315","KN294345v1","1360179","1360481","35","79971833"
"chr7","81361363","81361672","KN294326v1","309006","309309","49","81052357"
"chr7","81370698","81370978","KN294739v1","903971","904241","45","80466727"
"chr7","81376482","81376781","KN295198v1","274974","275272","38","81101508"
"chr7","81514767","81514964","KN294668v1","1588557","1588731","40","79926210"
"chr7","81529696","81530053","KN296885v1","123514","123873","87","81406182"
"chr7","81543008","81543318","KN296210v1","345214","345521","38","81197794"
"chr7","81547142","81547409","KN294457v1","205085","205362","38","81342057"
"chr7","81580924","81581225","KN295671v1","201221","201525","42","81379703"
"chr7","81709128","81709433","KN297154v1","294220","294518","40","81414908"
"chr7","81888714","81889006","KN296726v1","606731","607020","40","81281983"
"chr7","81975612","81975915","KN296404v1","2027749","2028051","36","79947863"
"chr7","81978989","81979295","KN295090v1","2719195","2719504","42","79259794"
"chr7","82154900","82155199","KN294521v1","509491","509791","57","81645409"
"chr7","82186659","82186959","KN294193v1","774395","774701","42","81412264"
"chr7","82362509","82362790","KN297190v1","4412117","4412402","37","77950392"
"chr7","82498694","82498997","KN295449v1","852942","853247","42","81645752"
"chr7","82577879","82578174","KN294180v1","5181","5476","40","82572698"
"chr7","82606346","82606621","KN295832v1","618657","618926","40","81987689"
"chr7","82716070","82716372","KN297019v1","588883","589187","35","82127187"
"chr7","82724617","82724915","KN297023v1","480259","480560","41","82244358"
"chr7","82759296","82759601","KN296880v1","290573","290861","56","82468723"
"chr7","82764261","82764559","KN296496v1","988332","988629","35","81775929"
"chr7","82802029","82802331","KN295362v1","1043462","1043763","37","81758567"
"chr7","82802626","82802923","KN294345v1","1360179","1360481","35","81442447"
"chr7","82805021","82805302","KN295077v1","570550","570831","31","82234471"
"chr7","82835563","82835852","KN294175v1","69839","70134","42","82765724"
"chr7","82889057","82889365","KN296322v1","1779050","1779359","41","81110007"
"chr7","82902582","82902847","KN296292v1","58796","59062","42","82843786"
"chr7","82911402","82911708","KN295326v1","192748","193053","38","82718654"
"chr7","82919331","82919612","KN296588v1","954862","955144","42","81964469"
"chr7","82931314","82931608","KN297028v1","628758","629052","38","82302556"
"chr7","82949293","82949628","KN294728v1","748340","748672","48","82200953"
"chr7","83074443","83074746","KN296518v1","109626","109935","49","82964817"
"chr7","83108021","83108331","KN295366v1","78980","79290","39","83029041"
"chr7","83121976","83122243","KN294172v1","1540690","1540957","36","81581286"
"chr7","83292123","83292411","KN296959v1","246994","247281","35","83045129"
"chr7","83352721","83353016","KN296609v1","388861","389154","38","82963860"
"chr7","83368033","83368344","KN295260v1","2208269","2208579","36","81159764"
"chr7","83386943","83387248","KN296153v1","863239","863546","44","82523704"
"chr7","83433231","83433511","KN294513v1","378269","378555","52","83054962"
"chr7","83448707","83448987","KN294161v1","188155","188445","50","83260552"
"chr7","83478981","83479225","KN295405v1","757351","757593","46","82721630"
"chr7","83547261","83547506","KN295835v1","199186","199432","41","83348075"
"chr7","83581417","83581705","KN294949v1","1430308","1430600","37","82151109"
"chr7","83617276","83617585","KN296486v1","1452664","1452976","38","82164612"
"chr7","83627504","83627813","KN296119v1","5902444","5902754","42","77725060"
"chr7","83809460","83809752","KN294257v1","2744602","2744887","40","81064858"
"chr7","83900903","83901203","KN295315v1","1175116","1175414","53","82725787"
"chr7","83956862","83957131","KN297190v1","313919","314190","45","83642943"
"chr7","84019192","84019476","KN294193v1","568677","568960","40","83450515"
"chr7","84036676","84037015","KN296119v1","5626781","5627116","54","78409895"
"chr7","84081294","84081555","KN295075v1","40195","40452","44","84041099"
"chr7","84108267","84108566","KN296290v1","541019","541316","35","83567248"
"chr7","84190207","84190512","KN294995v1","15599","15901","39","84174608"
"chr7","84195838","84196123","KN296743v1","202352","202637","35","83993486"
"chr7","84257907","84258196","KN297197v1","197080","197368","34","84060827"
"chr7","84264874","84265218","KN296390v1","87170","87503","59","84177704"
"chr7","84351606","84351898","KN294181v1","186822","187113","37","84164784"
"chr7","84367842","84368124","KN295236v1","3487031","3487311","40","80880811"
"chr7","84474057","84474365","KN296158v1","1175251","1175559","41","83298806"
"chr7","84475390","84475696","KN296495v1","1120776","1121085","37","83354614"
"chr7","84520294","84520575","KN295326v1","100464","100755","43","84419830"
"chr7","84531554","84531855","KN296311v1","3523817","3524116","42","81007737"
"chr7","84631235","84631352","KN297165v1","3893450","3893542","54","80737785"
"chr7","84743904","84744197","KN294325v1","869926","870221","39","83873978"
"chr7","84788921","84789210","KN295410v1","439471","439763","39","84349450"
"chr7","84881307","84881612","KN295257v1","1225806","1226107","36","83655501"
"chr7","84888023","84888320","KN294172v1","3816837","3817135","45","81071186"
"chr7","84950236","84950533","KN295198v1","274974","275272","38","84675262"
"chr7","85121081","85121391","KN296623v1","435025","435328","55","84686056"
"chr7","85246951","85247232","KN295257v1","711528","711811","55","84535423"
"chr7","85339906","85340210","KN296505v1","1015013","1015320","37","84324893"
"chr7","85361003","85361281","KN294161v1","894750","895027","35","84466253"
"chr7","85409614","85409929","KN295586v1","1244707","1245017","46","84164907"
"chr7","85471405","85471699","KN296153v1","3041230","3041525","41","82430175"
"chr7","85545127","85545422","KN294470v1","2136945","2137241","38","83408182"
"chr7","85624097","85624392","KN294571v1","457321","457617","37","85166776"
"chr7","85649944","85650232","KN294287v1","482991","483280","35","85166953"
"chr7","85781736","85782106","KN296062v1","1336503","1336839","90","84445233"
"chr7","85812925","85813099","KN296404v1","1612472","1612644","27","84200453"
"chr7","85823642","85823938","KN295943v1","445406","445705","58","85378236"
"chr7","85948328","85948628","KN297148v1","36420","36720","26","85911908"
"chr7","86121531","86121822","KN294911v1","2646845","2647138","41","83474686"
"chr7","86131961","86132237","KN294591v1","324938","325222","60","85807023"
"chr7","86314591","86314891","KN295459v1","673095","673397","39","85641496"
"chr7","86343580","86343891","KN297148v1","507604","507907","36","85835976"
"chr7","86351090","86351372","KN296743v1","202352","202637","39","86148738"
"chr7","86460108","86460381","KN295633v1","1133330","1133601","36","85326778"
"chr7","86500499","86500792","KN296357v1","94452","94745","40","86406047"
"chr7","86818569","86818864","KN296726v1","608259","608551","41","86210310"
"chr7","86878367","86878675","KN294407v1","1559420","1559718","40","85318947"
"chr7","86977892","86978203","KN296634v1","11696","12006","34","86966196"
"chr7","87112579","87112880","KN296634v1","151954","152258","27","86960625"
"chr7","87166036","87166345","KN296620v1","376927","377237","43","86789109"
"chr7","87526909","87527211","KN296634v1","598879","599194","60","86928030"
"chr7","87613762","87614055","KN294509v1","346253","346540","37","87267509"
"chr7","87659898","87660196","KN296849v1","963124","963419","36","86696774"
"chr7","87813080","87813371","KN296634v1","855613","855921","41","86957467"
"chr7","87838904","87839184","KN297112v1","4420923","4421204","40","83417981"
"chr7","87880161","87880445","KN296634v1","939050","939332","26","86941111"
"chr7","87906900","87907197","KN296153v1","1115266","1115561","36","86791634"
"chr7","88156597","88156907","KN294378v1","1504358","1504668","55","86652239"
"chr7","88262596","88262907","KN295586v1","1244707","1245017","35","87017889"
"chr7","88321763","88322067","KN296634v1","1376857","1377177","47","86944906"
"chr7","88338522","88338828","KN296820v1","573805","574112","39","87764717"
"chr7","88353423","88353729","KN296505v1","355465","355772","37","87997958"
"chr7","88440761","88441058","KN296634v1","1520224","1520511","38","86920537"
"chr7","88464530","88464841","KN296634v1","1545608","1545905","36","86918922"
"chr7","88466234","88466519","KN296634v1","1547296","1547589","33","86918938"
"chr7","88541158","88541339","KN295930v1","759567","759739","33","87781591"
"chr7","88545867","88546169","KN296634v1","1612721","1613031","30","86933146"
"chr7","88566499","88566806","KN296634v1","1633309","1633622","38","86933190"
"chr7","88587184","88587476","KN294172v1","6311128","6311420","30","82276056"
"chr7","88635068","88635375","KN296634v1","1700344","1700660","36","86934724"
"chr7","88637185","88637218","KN295605v1","731068","731107","10","87906117"
"chr7","88637335","88637516","KN294336v1","39333","39510","33","88598002"
"chr7","88637517","88637782","KN296311v1","6402776","6403039","25","82234741"
"chr7","88662079","88662365","KN296634v1","1735828","1736101","40","86926251"
"chr7","88666236","88666558","KN296547v1","627587","627905","41","88038649"
"chr7","88760746","88761061","KN294434v1","162720","163025","51","88598026"
"chr7","88764268","88764559","KN296634v1","1836599","1836892","37","86927669"
"chr7","88766426","88766716","KN296634v1","1838643","1838933","26","86927783"
"chr7","88767782","88767989","KN294172v1","2161343","2161535","46","86606439"
"chr7","88828456","88828754","KN296486v1","1266538","1266834","38","87561918"
"chr7","88831161","88831395","KN295967v1","625826","626071","44","88205335"
"chr7","88842219","88842507","KN295405v1","60868","61156","33","88781351"
"chr7","88927380","88927662","KN295371v1","448057","448341","34","88479323"
"chr7","88934157","88934466","KN295487v1","52973","53281","40","88881184"
"chr7","88968575","88968872","KN294917v1","401690","401984","36","88566885"
"chr7","89054833","89055127","KN296926v1","728665","728961","36","88326168"
"chr7","89165761","89166075","KN296665v1","158306","158620","51","89007455"
"chr7","89216434","89216719","KN295977v1","899017","899304","41","88317417"
"chr7","89405408","89405710","KN295601v1","1120662","1120967","57","88284746"
"chr7","89434149","89434454","KN296158v1","1175251","1175559","44","88258898"
"chr7","89445783","89446073","KN294407v1","598111","598399","35","88847672"
"chr7","89785463","89785765","KN294269v1","550588","550887","38","89234875"
"chr7","89790556","89790833","KN297095v1","1116446","1116728","56","88674110"
"chr7","89848463","89848739","KN294172v1","3443475","3443755","42","86404988"
"chr7","89927923","89928175","KN294991v1","995507","995758","32","88932416"
"chr7","90091640","90091951","KN294453v1","23988","24299","41","90067652"
"chr7","90123293","90123588","KN296743v1","323605","323904","33","89799688"
"chr7","90150849","90151160","KN294479v1","115841","116151","58","90035008"
"chr7","90186663","90186957","KN296775v1","1237428","1237724","41","88949235"
"chr7","90280222","90280543","KN296306v1","1841504","1841824","43","88438718"
"chr7","90299414","90299700","KN296880v1","290573","290861","39","90008841"
"chr7","90308752","90308974","KN294501v1","2433548","2433769","34","87875204"
"chr7","90314397","90314693","KN296153v1","1115266","1115561","39","89199131"
"chr7","90403885","90404160","KN296454v1","102542","102816","32","90301343"
"chr7","90414072","90414232","KN295284v1","109927","110084","31","90304145"
"chr7","90548013","90548327","KN296311v1","3556438","3556761","50","86991575"
"chr7","90620309","90620609","KN296487v1","131647","131949","38","90488662"
"chr7","90636133","90636436","KN295459v1","673095","673397","25","89963038"
"chr7","90670559","90670855","KN296557v1","13515","13811","38","90657044"
"chr7","90708771","90709075","KN296079v1","699098","699399","36","90009673"
"chr7","90750890","90751186","KN296306v1","1095724","1096024","47","89655166"
"chr7","90788453","90788752","KN295350v1","93538","93840","37","90694915"
"chr7","90831344","90831632","KN295102v1","376622","376901","50","90454722"
"chr7","91054165","91054476","KN294407v1","2157068","2157379","38","88897097"
"chr7","91105368","91105679","KN297008v1","5344216","5344525","36","85761152"
"chr7","91130071","91130382","KN295586v1","2188815","2189126","38","88941256"
"chr7","91151393","91151697","KN295893v1","201085","201389","35","90950308"
"chr7","91152056","91152362","KN296404v1","1132324","1132633","31","90019732"
"chr7","91152996","91153281","KN296609v1","427443","427749","49","90725553"
"chr7","91376394","91376572","KN295523v1","3040188","3040364","28","88336206"
"chr7","91686456","91686733","KN295027v1","125761","126040","36","91560695"
"chr7","91772808","91773102","KN294539v1","1287945","1288241","34","90484863"
"chr7","91887532","91887837","KN296036v1","1044138","1044445","42","90843394"
"chr7","92036918","92037235","KN295623v1","444203","444514","47","91592715"
"chr7","92350199","92350497","KN296682v1","1930392","1930690","37","90419807"
"chr7","92393429","92393718","KN294147v1","1191891","1192182","35","91201538"
"chr7","92429818","92430141","KN295236v1","4118266","4118574","49","88311552"
"chr7","92453881","92454178","KN297390v1","73530","73833","52","92380351"
"chr7","92482489","92482732","KN295835v1","199186","199432","46","92283303"
"chr7","92487979","92488289","KN294516v1","17906","18200","54","92470073"
"chr7","92519165","92519468","KN297276v1","143691","143993","28","92375474"
"chr7","92526024","92526226","KN294598v1","85512","85712","37","92440512"
"chr7","92534066","92534276","KN295236v1","2682481","2682694","46","89851585"
"chr7","92573626","92573930","KN295090v1","1590934","1591232","40","90982692"
"chr7","92604356","92604660","KN297023v1","480259","480560","37","92124097"
"chr7","92612206","92612499","KN296096v1","3298011","3298301","42","89314195"
"chr7","92620203","92620516","KN295420v1","203403","203713","38","92416800"
"chr7","92628239","92628546","KN295459v1","673095","673397","37","91955144"
"chr7","92634179","92634350","KN297190v1","3837254","3837423","22","88796925"
"chr7","92664390","92664693","KN294181v1","1637460","1637759","36","91026930"
"chr7","92679865","92680163","KN295835v1","181014","181322","50","92498851"
"chr7","92680178","92680454","KN294604v1","515332","515604","38","92164846"
"chr7","92685936","92686232","KN297047v1","1316088","1316386","41","91369848"
"chr7","92727199","92727491","KN295459v1","1617101","1617401","39","91110098"
"chr7","92758755","92759055","KN296311v1","768493","768797","43","91990262"
"chr7","92775704","92776015","KN297398v1","53396","53704","41","92722308"
"chr7","92779216","92779419","KN296229v1","831486","831697","32","91947730"
"chr7","92828436","92828733","KN294662v1","16666","16963","30","92811770"
"chr7","92844725","92845014","KN294662v1","33337","33625","29","92811388"
"chr7","92850739","92851026","KN294662v1","39359","39643","26","92811380"
"chr7","92865119","92865428","KN296303v1","514845","515157","22","92350274"
"chr7","92878180","92878487","KN294662v1","68580","68877","38","92809600"
"chr7","92894918","92895215","KN294662v1","86281","86585","31","92808637"
"chr7","92913839","92914128","KN294662v1","94690","94982","36","92819149"
"chr7","92955256","92955557","KN294662v1","136372","136665","33","92818884"
"chr7","92960231","92960533","KN296682v1","1930392","1930690","33","91029839"
"chr7","92971606","92971874","KN295236v1","3639129","3639401","36","89332477"
"chr7","92973305","92973610","KN294991v1","1014370","1014671","48","91958935"
"chr7","92990141","92990427","KN297245v1","1719222","1719509","44","91270919"
"chr7","93034433","93034731","KN295962v1","1884512","1884811","29","91149921"
"chr7","93050992","93051286","KN297095v1","584794","585091","34","92466198"
"chr7","93066158","93066440","KN295735v1","822355","822644","39","92243803"
"chr7","93070834","93071122","KN294662v1","268778","269065","18","92802056"
"chr7","93077943","93078223","KN294662v1","274527","274821","41","92803416"
"chr7","93082307","93082608","KN294662v1","278473","278776","28","92803834"
"chr7","93110914","93111220","KN294378v1","1504358","1504668","34","91606556"
"chr7","93117775","93118085","KN294662v1","316081","316379","26","92801694"
"chr7","93124575","93124874","KN294662v1","322790","323081","34","92801785"
"chr7","93173478","93173789","KN294662v1","374591","374898","22","92798887"
"chr7","93410652","93410951","KN294407v1","3027269","3027567","38","90383383"
"chr7","93458692","93458993","KN296578v1","15270","15578","25","93443422"
"chr7","93701495","93701766","KN294407v1","395909","396171","40","93305586"
"chr7","93811740","93812058","KN296036v1","2062557","2062868","49","91749183"
"chr7","93865511","93865814","KN294705v1","430220","430521","42","93435291"
"chr7","93917428","93917730","KN294378v1","1504358","1504668","53","92413070"
"chr7","94079399","94079657","KN296311v1","281666","281927","43","93797733"
"chr7","94300222","94300524","KN294879v1","76546","76849","45","94223676"
"chr7","94418927","94419238","KN294987v1","484757","485066","38","93934170"
"chr7","94494378","94494674","KN294470v1","2136945","2137241","35","92357433"
"chr7","94510685","94510843","KN295362v1","1310288","1310436","35","93200397"
"chr7","94522606","94522894","KN295241v1","75672","75962","34","94446934"
"chr7","94748099","94748393","KN297133v1","1416725","1417022","46","93331374"
"chr7","94908790","94909027","KN297245v1","2538439","2538679","44","92370351"
"chr7","94919573","94919864","KN295729v1","826689","826980","39","94092884"
"chr7","95037545","95037834","KN294978v1","4666719","4667007","47","90370826"
"chr7","95041795","95042022","KN295405v1","757351","757593","47","94284444"
"chr7","95087583","95087868","KN295096v1","2965990","2966278","35","92121593"
"chr7","95110926","95111203","KN294470v1","2130181","2130453","43","92980745"
"chr7","95134586","95134888","KN294458v1","1049177","1049481","41","94085409"
"chr7","95202681","95202975","KN296119v1","665460","665754","40","94537221"
"chr7","95231872","95232182","KN294462v1","663264","663573","37","94568608"
"chr7","95269007","95269321","KN295045v1","77347","77661","50","95191660"
"chr7","95338495","95338801","KN297105v1","1151702","1152014","48","94186793"
"chr7","95348306","95348584","KN295480v1","3270400","3270681","37","92077906"
"chr7","95348767","95349030","KN295968v1","185095","185372","33","95163672"
"chr7","95363833","95364144","KN294378v1","1504358","1504668","41","93859475"
"chr7","95370743","95371063","KN295301v1","761923","762233","50","94608820"
"chr7","95377726","95378027","KN296503v1","544133","544430","35","94833593"
"chr7","95411572","95411877","KN296153v1","863239","863546","40","94548333"
"chr7","95465234","95465533","KN295045v1","1063580","1063876","41","94401654"
"chr7","95477455","95477745","KN295968v1","48657","48931","35","95428798"
"chr7","95534440","95534764","KN294790v1","5868297","5868622","49","89666143"
"chr7","95553821","95554087","KN296643v1","277038","277316","48","95276783"
"chr7","95589217","95589522","KN296424v1","425557","425868","44","95163660"
"chr7","95608905","95609190","KN294269v1","1190734","1191020","38","94418171"
"chr7","95635215","95635501","KN296825v1","1575304","1575590","43","94059911"
"chr7","95658405","95658702","KN296864v1","1553049","1553343","39","94105356"
"chr7","95689990","95690301","KN295037v1","219032","219336","46","95470958"
"chr7","95700854","95701170","KN297190v1","4279665","4279973","43","91421189"
"chr7","95720604","95720904","KN294181v1","145618","145914","38","95574986"
"chr7","95798630","95798929","KN296635v1","4572120","4572425","33","91226510"
"chr7","95990360","95990658","KN294269v1","595762","596054","39","95394598"
"chr7","96080835","96081136","KN297452v1","775968","776265","33","95304867"
"chr7","96178424","96178635","KN295994v1","62983","63200","33","96115441"
"chr7","96187340","96187622","KN295102v1","376622","376901","33","95810718"
"chr7","96216599","96216891","KN294420v1","822079","822371","33","95394520"
"chr7","96385838","96386119","KN296844v1","46055","46342","41","96339783"
"chr7","96636818","96637122","KN296311v1","854862","855163","43","95781956"
"chr7","96641411","96641720","KN296518v1","109626","109935","41","96531785"
"chr7","96680731","96681039","KN294378v1","1612482","1612788","40","95068249"
"chr7","96701222","96701517","KN296040v1","349832","350124","35","96351390"
"chr7","96730228","96730532","KN296188v1","339026","339326","36","96391202"
"chr7","96799243","96799546","KN296079v1","686222","686522","38","96113021"
"chr7","96800833","96801162","KN296828v1","101861","102178","47","96698972"
"chr7","96867786","96868074","KN294182v1","571951","572239","35","96295835"
"chr7","96879339","96879641","KN295433v1","250702","251008","42","96628637"
"chr7","96975355","96975686","KN295601v1","1384082","1384410","49","95591273"
"chr7","96991242","96991548","KN294603v1","111945","112247","37","96879297"
"chr7","97145164","97145481","KN295433v1","250702","251008","45","96894462"
"chr7","97258701","97259038","KN294257v1","2642468","2642800","41","94616233"
"chr7","97384382","97384685","KN295490v1","491593","491892","28","96892789"
"chr7","97396534","97396833","KN295671v1","201221","201525","36","97195313"
"chr7","97448564","97448872","KN296167v1","450049","450355","40","96998515"
"chr7","97467449","97467727","KN295974v1","950781","951061","47","96516668"
"chr7","97484469","97484769","KN294456v1","1098138","1098439","42","96386331"
"chr7","97552332","97552611","KN295303v1","5789","6068","41","97546543"
"chr7","97622425","97622731","KN295490v1","241208","241510","33","97381217"
"chr7","97651827","97652098","KN294767v1","53661","53928","37","97598166"
"chr7","97654343","97654538","KN296063v1","421279","421489","42","97233064"
"chr7","97658726","97659011","KN295490v1","210376","210669","30","97448350"
"chr7","97682584","97682877","KN295490v1","183038","183337","20","97499546"
"chr7","97754750","97755018","KN295490v1","99275","99554","30","97655475"
"chr7","97811426","97811736","KN294172v1","3842374","3842683","35","93969052"
"chr7","97818494","97818795","KN295490v1","36262","36567","37","97782232"
"chr7","97845804","97846107","KN295490v1","14320","14624","26","97831484"
"chr7","97865659","97865875","KN295405v1","757351","757593","65","97108308"
"chr7","97921508","97921793","KN295667v1","530786","531055","53","97390722"
"chr7","97955399","97955693","KN296812v1","99152","99447","37","97856247"
"chr7","97995438","97995749","KN296812v1","143099","143421","26","97852339"
"chr7","98051279","98051575","KN294581v1","619147","619445","32","97432132"
"chr7","98051713","98051875","KN294571v1","210473","210635","24","97841240"
"chr7","98145359","98145670","KN295236v1","5356462","5356765","32","92788897"
"chr7","98157528","98157827","KN294991v1","724427","724724","36","97433101"
"chr7","98251807","98252090","KN296812v1","372051","372334","25","97879756"
"chr7","98345926","98346235","KN295471v1","799950","800259","39","97545976"
"chr7","98407749","98408028","KN296812v1","479628","479888","37","97928121"
"chr7","98415547","98415846","KN295825v1","888474","888776","40","97527073"
"chr7","98439609","98439920","KN296404v1","2534470","2534781","38","95905139"
"chr7","98463066","98463369","KN296785v1","16268","16570","33","98446798"
"chr7","98471681","98472001","KN296884v1","30338","30656","51","98441343"
"chr7","98512845","98513151","KN296225v1","1319","1604","44","98511526"
"chr7","98515345","98515650","KN296820v1","573805","574112","35","97941540"
"chr7","98516779","98517085","KN294326v1","309006","309309","42","98207773"
"chr7","98517440","98517749","KN294884v1","66822","67131","38","98450618"
"chr7","98520722","98521021","KN296557v1","13515","13811","51","98507207"
"chr7","98532943","98533232","KN294995v1","8397","8681","38","98524546"
"chr7","98534071","98534369","KN297410v1","9005","9311","35","98525066"
"chr7","98552990","98553285","KN294536v1","1673482","1673773","33","96879508"
"chr7","98558173","98558476","KN294630v1","759027","759318","30","97799146"
"chr7","98575975","98576274","KN294630v1","736408","736705","28","97839567"
"chr7","98577080","98577382","KN294630v1","735288","735590","12","97841792"
"chr7","98583664","98583958","KN294456v1","1143112","1143404","34","97440552"
"chr7","98599092","98599398","KN295459v1","673095","673397","34","97925997"
"chr7","98603161","98603468","KN294790v1","163386","163690","44","98439775"
"chr7","98605608","98605910","KN295032v1","307103","307398","35","98298505"
"chr7","98613391","98613704","KN295294v1","3788852","3789160","47","94824539"
"chr7","98617693","98618005","KN294630v1","694653","694960","35","97923040"
"chr7","98625365","98625670","KN294630v1","686727","687035","20","97938638"
"chr7","98632573","98632870","KN295729v1","826689","826980","28","97805884"
"chr7","98635461","98635749","KN297229v1","394579","394862","41","98240882"
"chr7","98643946","98644202","KN294470v1","2065718","2065977","51","96578228"
"chr7","98644531","98644836","KN294630v1","668366","668663","28","97976165"
"chr7","98649784","98650087","KN294630v1","663021","663332","30","97986763"
"chr7","98756776","98757078","KN294879v1","1371008","1371310","36","97385768"
"chr7","98765474","98765770","KN294147v1","1191891","1192182","41","97573583"
"chr7","98767740","98768050","KN294630v1","538793","539106","32","98228947"
"chr7","98777512","98777684","KN296096v1","2363438","2363604","23","96414074"
"chr7","98805086","98805378","KN294407v1","3027269","3027567","42","95777817"
"chr7","98813508","98813819","KN294407v1","2157068","2157379","39","96656440"
"chr7","98813866","98814170","KN295243v1","1475188","1475485","41","97338678"
"chr7","98814892","98815182","KN295459v1","673095","673397","44","98141797"
"chr7","98819957","98820264","KN294592v1","1321409","1321720","38","97498548"
"chr7","98832424","98832610","KN295605v1","636726","636920","60","98195698"
"chr7","98847104","98847399","KN294630v1","456078","456383","31","98391026"
"chr7","98858555","98858838","KN294630v1","444782","445074","29","98413773"
"chr7","98875014","98875328","KN294199v1","636506","636815","42","98238508"
"chr7","98876251","98876546","KN294172v1","2666506","2666800","39","96209745"
"chr7","98878033","98878337","KN297023v1","480259","480560","36","98397774"
"chr7","98882507","98882691","KN295236v1","3402541","3402725","37","95479966"
"chr7","98887172","98887429","KN296036v1","300943","301205","37","98586229"
"chr7","98894108","98894409","KN294630v1","408003","408311","35","98486105"
"chr7","98905056","98905361","KN296833v1","30824","31126","31","98874232"
"chr7","98911671","98911977","KN294630v1","390395","390704","36","98521276"
"chr7","98914139","98914440","KN294630v1","387556","387858","38","98526583"
"chr7","98914747","98915056","KN294630v1","386657","386962","37","98528090"
"chr7","98920865","98921204","KN297274v1","200867","201199","71","98719998"
"chr7","98926758","98927053","KN296138v1","98488","98788","45","98828270"
"chr7","98927093","98927384","KN294630v1","374490","374775","19","98552603"
"chr7","98931388","98931672","KN294630v1","371079","371375","37","98560309"
"chr7","98934866","98935033","KN296311v1","7665656","7665823","29","91269210"
"chr7","98935226","98935361","KN295045v1","1206613","1206748","13","97728613"
"chr7","98936841","98937150","KN294499v1","799663","799970","40","98137178"
"chr7","98945859","98946164","KN294630v1","357067","357373","34","98588792"
"chr7","98951130","98951430","KN294630v1","349899","350210","22","98601231"
"chr7","98952859","98953172","KN295835v1","181014","181322","38","98771845"
"chr7","98958924","98959228","KN294630v1","342231","342533","27","98616693"
"chr7","98970008","98970299","KN294287v1","139927","140217","31","98830081"
"chr7","98970903","98971085","KN296062v1","1571015","1571193","35","97399888"
"chr7","98975369","98975669","KN294603v1","63949","64255","39","98911420"
"chr7","98977264","98977554","KN294630v1","320166","320454","45","98657098"
"chr7","98978733","98978950","KN294630v1","318762","318992","32","98659971"
"chr7","98981667","98981978","KN294879v1","124236","124543","34","98857431"
"chr7","98984010","98984319","KN296726v1","39061","39373","38","98944949"
"chr7","98988322","98988635","KN294630v1","306586","306886","38","98681736"
"chr7","98997894","98998192","KN294630v1","298864","299170","37","98699030"
"chr7","99007383","99007668","KN296157v1","1028954","1029241","38","97978429"
"chr7","99019206","99019516","KN294964v1","820008","820313","35","98199198"
"chr7","99023503","99023806","KN294995v1","15599","15901","33","99007904"
"chr7","99028560","99028869","KN294630v1","267341","267648","31","98761219"
"chr7","99042690","99043003","KN294217v1","801086","801394","43","98241604"
"chr7","99045831","99046124","KN294630v1","249210","249502","31","98796621"
"chr7","99046897","99047202","KN295459v1","673095","673397","38","98373802"
"chr7","99073088","99073388","KN294630v1","222101","222410","33","98850987"
"chr7","99074144","99074454","KN295586v1","1244707","1245017","32","97829437"
"chr7","99089071","99089380","KN296486v1","82397","82708","33","99006674"
"chr7","99089598","99089903","KN295326v1","192748","193053","40","98896850"
"chr7","99116163","99116460","KN294842v1","602506","602801","35","98513657"
"chr7","99120943","99121246","KN294911v1","2389002","2389309","43","96731941"
"chr7","99123568","99123879","KN296484v1","351750","352061","34","98771818"
"chr7","99125810","99126116","KN296609v1","427443","427749","33","98698367"
"chr7","99126189","99126498","KN296795v1","1227158","1227464","41","97899031"
"chr7","99130616","99130920","KN296244v1","112737","113042","38","99017879"
"chr7","99140137","99140432","KN296062v1","2267975","2268268","39","96872162"
"chr7","99189565","99189833","KN294630v1","98716","98984","18","99090849"
"chr7","99191888","99192187","KN294571v1","1575904","1576204","29","97615984"
"chr7","99195223","99195520","KN294630v1","92591","92880","31","99102632"
"chr7","99200241","99200549","KN295459v1","1335733","1336041","44","97864508"
"chr7","99209801","99210116","KN294630v1","77861","78170","22","99131940"
"chr7","99210630","99210932","KN295729v1","826689","826980","50","98383941"
"chr7","99212574","99212875","KN296290v1","541019","541316","48","98671555"
"chr7","99216749","99217046","KN294539v1","1287945","1288241","33","97928804"
"chr7","99221148","99221451","KN294630v1","66398","66703","35","99154750"
"chr7","99234183","99234460","KN296926v1","763828","764107","42","98470355"
"chr7","99235617","99235929","KN294630v1","52277","52573","43","99183340"
"chr7","99236295","99236473","KN294187v1","1212835","1213011","26","98023460"
"chr7","99237746","99238056","KN295586v1","1244707","1245017","33","97993039"
"chr7","99241747","99242049","KN296643v1","47618","47923","33","99194129"
"chr7","99251624","99251921","KN296009v1","420615","420911","32","98831009"
"chr7","99252765","99253075","KN294630v1","32194","32501","35","99220571"
"chr7","99256439","99256746","KN294187v1","783464","783769","37","98472975"
"chr7","99264848","99265123","KN295371v1","448057","448341","38","98816791"
"chr7","99270353","99270655","KN294446v1","240983","241287","36","99029370"
"chr7","99272651","99272961","KN294630v1","17109","17415","37","99255542"
"chr7","99276078","99276389","KN296635v1","4969030","4969343","33","94307048"
"chr7","99276898","99277188","KN294630v1","21127","21419","30","99255771"
"chr7","99279936","99280234","KN294630v1","24381","24681","25","99255555"
"chr7","99281811","99282121","KN294630v1","2203","2515","27","99279608"
"chr7","99289573","99289872","KN294842v1","914467","914765","38","98375106"
"chr7","99316259","99316478","KN296426v1","64367","64561","52","99251892"
"chr7","99323475","99323769","KN296153v1","3041230","3041525","37","96282245"
"chr7","99333609","99333883","KN295974v1","2307679","2307955","41","97025930"
"chr7","99339220","99339387","KN296079v1","1254016","1254184","28","98085204"
"chr7","99340801","99341016","KN296225v1","685783","685976","49","98655018"
"chr7","99355661","99355948","KN294571v1","2174823","2175106","37","97180838"
"chr7","99362239","99362549","KN297304v1","4458","4766","34","99357781"
"chr7","99366033","99366357","KN296311v1","3798795","3799104","49","95567238"
"chr7","99366882","99367174","KN296948v1","1402413","1402701","45","97964469"
"chr7","99388625","99388919","KN296244v1","918086","918381","38","98470539"
"chr7","99389504","99389791","KN296145v1","1818938","1819217","49","97570566"
"chr7","99400950","99401258","KN294407v1","2317315","2317623","42","97083635"
"chr7","99407360","99407659","KN294571v1","890748","891049","31","98516612"
"chr7","99410007","99410310","KN294172v1","3510551","3510848","46","95899456"
"chr7","99412936","99413259","KN295345v1","1373085","1373408","56","98039851"
"chr7","99414074","99414283","KN296849v1","267728","267951","66","99146346"
"chr7","99415611","99415910","KN296322v1","894001","894303","32","98521610"
"chr7","99443402","99443599","KN296426v1","64367","64561","38","99379035"
"chr7","99468015","99468286","KN296885v1","2510104","2510360","48","96957911"
"chr7","99470846","99471147","KN294257v1","1771672","1771973","47","97699174"
"chr7","99481114","99481427","KN296484v1","351750","352061","43","99129364"
"chr7","99481430","99481685","KN296948v1","1008770","1009024","39","98472660"
"chr7","99486058","99486355","KN296739v1","299526","299826","40","99186532"
"chr7","99488700","99489006","KN295748v1","161587","161896","38","99327113"
"chr7","99505065","99505357","KN294937v1","266","558","30","99504799"
"chr7","99518511","99518801","KN295729v1","826689","826980","31","98691822"
"chr7","99578199","99578490","KN295729v1","826689","826980","30","98751510"
"chr7","99582061","99582358","KN294147v1","1603851","1604147","36","97978210"
"chr7","99587391","99587689","KN294571v1","1575904","1576204","34","98011487"
"chr7","99589038","99589330","KN297327v1","228846","229136","33","99360192"
"chr7","99589741","99590045","KN294761v1","363307","363610","37","99226434"
"chr7","99596628","99596924","KN294499v1","2005615","2005910","40","97591013"
"chr7","99599874","99600158","KN295893v1","5381577","5381866","40","94218297"
"chr7","99608324","99608600","KN297197v1","1825827","1826104","37","97782497"
"chr7","99618658","99618921","KN296063v1","815219","815484","35","98803439"
"chr7","99622282","99622578","KN296743v1","1826867","1827160","28","97795415"
"chr7","99628564","99628873","KN295735v1","713972","714275","32","98914592"
"chr7","99640846","99641156","KN295260v1","2208269","2208579","44","97432577"
"chr7","99657880","99658188","KN297154v1","1610824","1611134","32","98047056"
"chr7","99662875","99663173","KN294456v1","1098138","1098439","30","98564737"
"chr7","99685726","99686011","KN296743v1","202352","202637","38","99483374"
"chr7","99692706","99692880","KN294245v1","79202","79375","32","99613504"
"chr7","99694623","99694915","KN294470v1","2136945","2137241","36","97557678"
"chr7","99711364","99711642","KN294470v1","2937062","2937338","51","96774302"
"chr7","99715213","99715509","KN295523v1","3030953","3031248","34","96684260"
"chr7","99718670","99718958","KN294420v1","806786","807075","36","98911884"
"chr7","99727689","99727990","KN294444v1","175883","176184","39","99551806"
"chr7","99729197","99729506","KN296731v1","1167793","1168104","39","98561404"
"chr7","99729990","99730288","KN296577v1","23755","24043","42","99706235"
"chr7","99747512","99747802","KN296588v1","1649437","1649732","44","98098075"
"chr7","99750207","99750506","KN294516v1","17906","18200","42","99732301"
"chr7","99750793","99751042","KN295157v1","168363","168619","33","99582430"
"chr7","99767955","99768256","KN296290v1","436882","437182","34","99331073"
"chr7","99772021","99772335","KN297274v1","1207904","1208213","43","98564117"
"chr7","99773193","99773499","KN296620v1","349918","350214","41","99423275"
"chr7","99777847","99778135","KN295284v1","422565","422857","45","99355282"
"chr7","99800735","99801044","KN295607v1","4099051","4099359","39","95701684"
"chr7","99801758","99802073","KN296306v1","357971","358279","46","99443787"
"chr7","99807571","99807879","KN296484v1","351750","352061","40","99455821"
"chr7","99821481","99821779","KN294539v1","1287945","1288241","38","98533536"
"chr7","99822545","99822835","KN294147v1","1191891","1192182","36","98630654"
"chr7","99840579","99840878","KN296294v1","66586","66886","37","99773993"
"chr7","99842626","99842933","KN295929v1","368547","368851","36","99474079"
"chr7","99846380","99846684","KN295319v1","93746","94048","34","99752634"
"chr7","99851694","99851982","KN294326v1","619990","620278","30","99231704"
"chr7","99865705","99866005","KN294789v1","107780","108080","45","99757925"
"chr7","99875851","99876159","KN296158v1","1175251","1175559","34","98700600"
"chr7","99886561","99886857","KN294172v1","6311128","6311420","33","93575433"
"chr7","99904482","99904775","KN294539v1","1287945","1288241","37","98616537"
"chr7","99907330","99907635","KN294527v1","72841","73143","40","99834489"
"chr7","99913141","99913300","KN294917v1","1265141","1265310","29","98648000"
"chr7","99921927","99922235","KN294182v1","463883","464191","39","99458044"
"chr7","99922962","99923269","KN294911v1","2389002","2389309","49","97533960"
"chr7","99931347","99931657","KN295433v1","250702","251008","35","99680645"
"chr7","99932831","99933134","KN296036v1","720594","720902","40","99212237"
"chr7","99937142","99937415","KN294429v1","61766","62050","46","99875376"
"chr7","99961793","99962087","KN294937v1","266","558","39","99961527"
"chr7","99962450","99962740","KN294539v1","1287945","1288241","33","98674505"
"chr7","99973359","99973637","KN296743v1","202352","202637","36","99771007"
"chr7","99975693","99976009","KN294957v1","62097","62408","36","99913596"
"chr7","100012605","100012902","KN294172v1","900684","900994","56","99111921"
"chr7","100014057","100014356","KN297133v1","950328","950631","41","99063729"
"chr7","100015856","100016167","KN296442v1","417977","418281","38","99597879"
"chr7","100016623","100016890","KN296649v1","238136","238402","43","99778487"
"chr7","100030740","100031027","KN295729v1","826689","826980","29","99204051"
"chr7","100034531","100034719","KN296036v1","766932","767116","33","99267599"
"chr7","100040650","100041010","KN296268v1","149774","150119","90","99890876"
"chr7","100058375","100058669","KN294271v1","301154","301449","45","99757221"
"chr7","100060535","100060841","KN295667v1","1901392","1901695","38","98159143"
"chr7","100062682","100062847","KN295102v1","122392","122558","17","99940290"
"chr7","100065708","100065889","KN294957v1","73265","73439","39","99992443"
"chr7","100067470","100067786","KN297117v1","519003","519314","52","99548467"
"chr7","100074151","100074455","KN294790v1","163386","163690","37","99910765"
"chr7","100075050","100075359","KN295366v1","78980","79290","31","99996070"
"chr7","100081093","100081198","KN294385v1","1550091","1550189","24","98531002"
"chr7","100081283","100081505","KN295962v1","2390058","2390278","43","97691225"
"chr7","100081873","100082175","KN296833v1","30824","31126","35","100051049"
"chr7","100083964","100084263","KN297197v1","699015","699311","36","99384949"
"chr7","100087054","100087357","KN296503v1","540894","541196","36","99546160"
"chr7","100096226","100096529","KN296864v1","3164724","3165032","50","96931502"
"chr7","100100958","100101264","KN295090v1","126321","126630","44","99974637"
"chr7","100122396","100122703","KN294790v1","163386","163690","36","99959010"
"chr7","100124212","100124492","KN294657v1","74724","75007","30","100049488"
"chr7","100406793","100407099","KN295725v1","1352101","1352405","48","99054692"
"chr7","100426690","100427002","KN296505v1","155021","155330","49","100271669"
"chr7","100448656","100448921","KN294650v1","27651","27917","37","100421005"
"chr7","100465174","100465446","KN294790v1","3080480","3080755","49","97384694"
"chr7","100501928","100502238","KN296153v1","2873301","2873603","49","97628627"
"chr7","100513729","100514034","KN294251v1","870860","871169","46","99642869"
"chr7","100523739","100524047","KN296743v1","1756759","1757068","36","98766980"
"chr7","100554502","100554820","KN294378v1","1504358","1504668","35","99050144"
"chr7","100563040","100563397","KN295893v1","855904","856232","70","99707136"
"chr7","100564430","100564724","KN294470v1","2136945","2137241","40","98427485"
"chr7","100594866","100595176","KN295433v1","250702","251008","47","100344164"
"chr7","100596955","100597265","KN294884v1","66822","67131","37","100530133"
"chr7","100601911","100602196","KN294172v1","827364","827652","41","99774547"
"chr7","100607019","100607322","KN296158v1","1728375","1728675","43","98878644"
"chr7","100608753","100609050","KN296009v1","420615","420911","31","100188138"
"chr7","100609842","100610141","KN294548v1","1161001","1161308","39","99448841"
"chr7","100619484","100619782","KN296011v1","48434","48734","37","100571050"
"chr7","100631574","100631887","KN294995v1","15599","15901","43","100615975"
"chr7","100646885","100647194","KN296153v1","1336190","1336496","35","99310695"
"chr7","100649478","100649785","KN295477v1","23872","24183","32","100625606"
"chr7","100652494","100652800","KN295748v1","161587","161896","31","100490907"
"chr7","100664105","100664300","KN296922v1","586233","586425","36","100077872"
"chr7","100664465","100664569","KN294456v1","895120","895228","20","99769345"
"chr7","100664823","100665110","KN297197v1","197080","197368","36","100467743"
"chr7","100667031","100667325","KN294917v1","401690","401984","38","100265341"
"chr7","100673174","100673455","KN294513v1","177250","177540","52","100495924"
"chr7","100675710","100676006","KN296290v1","436882","437182","44","100238828"
"chr7","100678967","100679225","KN296311v1","1012950","1013205","41","99666017"
"chr7","100687425","100687717","KN294457v1","947372","947669","49","99740053"
"chr7","100691179","100691417","KN295967v1","625826","626071","47","100065353"
"chr7","100692938","100693238","KN294571v1","1575904","1576204","36","99117034"
"chr7","100694763","100695052","KN296921v1","541331","541611","40","100153432"
"chr7","100698220","100698532","KN294269v1","243418","243728","37","100454802"
"chr7","100713143","100713434","KN296153v1","205526","205810","44","100507617"
"chr7","100715623","100715919","KN296484v1","351750","352061","41","100363873"
"chr7","100728806","100729101","KN296508v1","633411","633703","49","100095395"
"chr7","100746033","100746345","KN294199v1","636506","636815","38","100109527"
"chr7","100804155","100804458","KN294407v1","2159138","2159448","45","98645017"
"chr7","100806497","100806669","KN295102v1","122392","122558","26","100684105"
"chr7","100807121","100807248","KN297281v1","577041","577162","31","100230080"
"chr7","100837036","100837330","KN297197v1","699015","699311","34","100138021"
"chr7","100842291","100842490","KN296743v1","341802","341994","30","100500489"
"chr7","100844203","100844491","KN294937v1","266","558","32","100843937"
"chr7","100847270","100847568","KN296174v1","21007","21304","38","100826263"
"chr7","100848216","100848505","KN294571v1","1318150","1318439","40","99530066"
"chr7","100848635","100848923","KN296138v1","98488","98788","43","100750147"
"chr7","100856973","100857276","KN295998v1","154789","155089","34","100702184"
"chr7","100859238","100859538","KN296991v1","777821","778121","39","100081417"
"chr7","100860844","100861133","KN295090v1","1516878","1517168","33","99343966"
"chr7","100865189","100865356","KN296153v1","1178114","1178285","23","99687075"
"chr7","100866072","100866374","KN294458v1","1049177","1049481","34","99816895"
"chr7","100867244","100867556","KN295487v1","52973","53281","61","100814271"
"chr7","100880950","100881140","KN294172v1","2161343","2161535","31","98719607"
"chr7","100886256","100886516","KN295667v1","1312338","1312595","39","99573918"
"chr7","100888162","100888444","KN294457v1","205085","205362","43","100683077"
"chr7","100891365","100891652","KN295092v1","286497","286788","35","100604868"
"chr7","100903267","100903425","KN294831v1","658690","658843","28","100244577"
"chr7","100904527","100904837","KN294964v1","1103450","1103760","43","99801077"
"chr7","100905749","100906049","KN295102v1","311884","312184","47","100593865"
"chr7","100909681","100909962","KN297314v1","616778","617057","56","100292903"
"chr7","100919919","100920212","KN296122v1","346873","347165","40","100573046"
"chr7","100921827","100922137","KN295962v1","2135300","2135608","37","98786527"
"chr7","100927346","100927657","KN294172v1","4680332","4680644","44","96247014"
"chr7","100935999","100936306","KN296127v1","1172","1469","42","100934827"
"chr7","100945059","100945369","KN296090v1","89328","89638","43","100855731"
"chr7","100947306","100947588","KN296225v1","121896","122180","32","100825410"
"chr7","100948043","100948342","KN294873v1","942906","943208","37","100005137"
"chr7","100951001","100951311","KN296158v1","1175251","1175559","43","99775750"
"chr7","100974698","100974998","KN295633v1","1346042","1346339","41","99628656"
"chr7","100978828","100979127","KN295198v1","274974","275272","54","100703854"
"chr7","100989791","100990068","KN294581v1","422718","422995","48","100567073"
"chr7","100996918","100997224","KN294705v1","186396","186702","40","100810522"
"chr7","101000485","101000776","KN294172v1","6334053","6334345","34","94666432"
"chr7","101009331","101009630","KN294470v1","2136945","2137241","36","98872386"
"chr7","101031989","101032296","KN294957v1","62097","62408","45","100969892"
"chr7","101039255","101039388","KN294592v1","1288384","1288492","33","99750871"
"chr7","101040617","101040918","KN294790v1","2771318","2771623","41","98269299"
"chr7","101050968","101051258","KN294917v1","405138","405434","47","100645830"
"chr7","101062728","101063038","KN294987v1","1186898","1187209","38","99875830"
"chr7","101064974","101065275","KN294995v1","15599","15901","30","101049375"
"chr7","101073518","101073826","KN294603v1","111945","112247","47","100961573"
"chr7","101081818","101082107","KN294790v1","3145998","3146287","33","97935820"
"chr7","101088275","101088552","KN296992v1","218939","219212","43","100869336"
"chr7","101095026","101095326","KN295301v1","716124","716425","40","100378902"
"chr7","101100709","101101015","KN297245v1","1416081","1416379","41","99684628"
"chr7","101108326","101108637","KN297274v1","1207904","1208213","48","99900422"
"chr7","101110775","101111078","KN294446v1","240983","241287","32","100869792"
"chr7","101111555","101111866","KN295236v1","3390010","3390314","44","97721545"
"chr7","101113811","101114104","KN294592v1","884515","884808","39","100229296"
"chr7","101115781","101116071","KN294443v1","193761","194055","41","100922020"
"chr7","101117949","101118252","KN295667v1","1258018","1258319","41","99859931"
"chr7","101130787","101131091","KN294387v1","3841668","3841968","42","97289119"
"chr7","101138190","101138495","KN294571v1","890748","891049","40","100247442"
"chr7","101152776","101153077","KN294199v1","214153","214459","48","100938623"
"chr7","101168197","101168495","KN294619v1","1564241","1564536","35","99603956"
"chr7","101198548","101198857","KN295205v1","1316747","1317058","19","99881801"
"chr7","101205935","101206219","KN295371v1","448057","448341","40","100757878"
"chr7","101208656","101208961","KN297159v1","192155","192464","36","101016501"
"chr7","101210559","101210859","KN297038v1","1285540","1285851","47","99925019"
"chr7","101220210","101220513","KN296635v1","2242843","2243138","42","98977367"
"chr7","101227044","101227379","KN295994v1","219265","219585","62","101007779"
"chr7","101229331","101229631","KN294234v1","1395297","1395601","48","99834034"
"chr7","101232406","101232714","KN294848v1","172686","172989","36","101059720"
"chr7","101239905","101240211","KN296167v1","450049","450355","34","100789856"
"chr7","101246073","101246385","KN294264v1","87223","87534","49","101158850"
"chr7","101265711","101266003","KN295523v1","3435976","3436268","44","97829735"
"chr7","101284012","101284328","KN295366v1","78980","79290","40","101205032"
"chr7","101302233","101302532","KN297245v1","1416081","1416379","30","99886152"
"chr7","101310332","101310653","KN295962v1","2329043","2329352","47","98981289"
"chr7","101312674","101312972","KN297154v1","1039874","1040175","46","100272800"
"chr7","101320536","101320836","KN294790v1","163386","163690","41","101157150"
"chr7","101323691","101323989","KN296357v1","559775","560070","36","100763916"
"chr7","101337304","101337582","KN294503v1","22757","23037","36","101314547"
"chr7","101353930","101354218","KN297133v1","1373163","1373453","34","99980767"
"chr7","101367301","101367610","KN295893v1","2389963","2390272","37","98977338"
"chr7","101372282","101372578","KN296643v1","57707","58008","37","101314575"
"chr7","101374423","101374610","KN294470v1","220971","221157","30","101153452"
"chr7","101378968","101379273","KN294571v1","1850429","1850731","34","99528539"
"chr7","101381471","101381780","KN294668v1","1380340","1380645","41","100001131"
"chr7","101386705","101387011","KN297023v1","662519","662830","43","100724186"
"chr7","101388425","101388727","KN297023v1","480259","480560","46","100908166"
"chr7","101388728","101388898","KN296079v1","1027617","1027786","23","100361111"
"chr7","101388903","101389065","KN295441v1","1720743","1720900","33","99668160"
"chr7","101392662","101392952","KN295729v1","826689","826980","37","100565973"
"chr7","101406728","101407021","KN295308v1","2052835","2053129","32","99353893"
"chr7","101416248","101416568","KN294705v1","623696","624002","45","100792552"
"chr7","101423622","101423927","KN295323v1","46171","46472","40","101377451"
"chr7","101427839","101428143","KN296453v1","1226073","1226367","61","100201766"
"chr7","101459673","101459969","KN294269v1","550588","550887","44","100909085"
"chr7","101460122","101460414","KN294193v1","425211","425504","36","101034911"
"chr7","101468360","101468669","KN294407v1","2317315","2317623","39","99151045"
"chr7","101475252","101475554","KN296495v1","846641","846944","43","100628611"
"chr7","101486443","101486731","KN294239v1","344639","344929","43","101141804"
"chr7","101489349","101489626","KN294161v1","894750","895027","38","100594599"
"chr7","101508734","101509028","KN295977v1","1404071","1404366","40","100104663"
"chr7","101512229","101512517","KN295402v1","871818","872105","44","100640411"
"chr7","101514632","101514934","KN297276v1","74967","75265","38","101439665"
"chr7","101517147","101517452","KN295820v1","997009","997317","41","100520138"
"chr7","101517606","101517908","KN294172v1","2419941","2420232","43","99097665"
"chr7","101517962","101518271","KN295523v1","3762030","3762344","36","97755932"
"chr7","101518732","101519023","KN297233v1","523000","523293","40","100995732"
"chr7","101519792","101520079","KN295744v1","547120","547412","34","100972672"
"chr7","101520080","101520393","KN295433v1","250702","251008","38","101269378"
"chr7","101522443","101522746","KN296404v1","1183469","1183770","32","100338974"
"chr7","101530611","101530913","KN295871v1","615076","615373","44","100915535"
"chr7","101546223","101546424","KN296225v1","685783","685976","69","100860440"
"chr7","101546804","101547086","KN296726v1","976648","976930","38","100570156"
"chr7","101547580","101547881","KN296311v1","3194235","3194543","45","98353345"
"chr7","101559972","101560219","KN295090v1","2882133","2882386","39","98677839"
"chr7","101568029","101568329","KN296486v1","1266538","1266834","49","100301491"
"chr7","101589189","101589480","KN294147v1","1191891","1192182","34","100397298"
"chr7","101590454","101590759","KN295236v1","5356462","5356765","39","96233992"
"chr7","101591580","101591881","KN295533v1","2511717","2512017","37","99079863"
"chr7","101592195","101592484","KN294456v1","1098138","1098439","40","100494057"
"chr7","101596703","101597011","KN295497v1","271857","272164","34","101324846"
"chr7","101607435","101607732","KN294181v1","1437190","1437488","39","100170245"
"chr7","101620176","101620464","KN294229v1","67784","68074","37","101552392"
"chr7","101624181","101624500","KN296503v1","539763","540066","56","101084418"
"chr7","101656530","101656838","KN296153v1","1336190","1336496","39","100320340"
"chr7","101675345","101675643","KN296153v1","3041230","3041525","39","98634115"
"chr7","101684623","101684912","KN296750v1","214079","214376","34","101470544"
"chr7","101685880","101685937","KN294187v1","1105507","1105554","18","100580373"
"chr7","101686254","101686510","KN295490v1","43581","43843","39","101642673"
"chr7","101686816","101687047","KN294545v1","161119","161375","56","101525697"
"chr7","101687997","101688298","KN294326v1","619990","620278","43","101068007"
"chr7","101708915","101709209","KN295198v1","274974","275272","40","101433941"
"chr7","101712392","101712709","KN295929v1","457065","457374","44","101255327"
"chr7","101713313","101713605","KN296119v1","5034656","5034955","38","96678657"
"chr7","101714648","101714959","KN295571v1","513084","513393","37","101201564"
"chr7","101718380","101718689","KN294506v1","217441","217744","38","101500939"
"chr7","101739870","101740182","KN294856v1","158144","158448","43","101581726"
"chr7","101740447","101740751","KN294809v1","1033430","1033730","36","100707017"
"chr7","101746755","101747040","KN294269v1","1190734","1191020","33","100556021"
"chr7","101752983","101753274","KN294893v1","152617","152913","33","101600366"
"chr7","101756476","101756764","KN295735v1","1437947","1438221","53","100318529"
"chr7","101756835","101757144","KN294741v1","1962834","1963142","50","99794001"
"chr7","101783726","101783998","KN295633v1","1133330","1133601","46","100650396"
"chr7","101794292","101794634","KN295586v1","2562750","2563045","87","99231542"
"chr7","101800336","101800552","KN296682v1","3000428","3000645","31","98799908"
"chr7","101801651","101801956","KN294705v1","1537713","1538021","41","100263938"
"chr7","101804829","101805103","KN296495v1","672876","673147","45","101131953"
"chr7","101805861","101806168","KN297023v1","480259","480560","37","101325602"
"chr7","101808099","101808389","KN297190v1","726166","726449","37","101081933"
"chr7","101815258","101815578","KN295922v1","130002","130315","45","101685256"
"chr7","101819159","101819469","KN295571v1","513084","513393","37","101306075"
"chr7","101822416","101822715","KN295871v1","615076","615373","37","101207340"
"chr7","101831364","101831659","KN294571v1","1318150","1318439","40","100513214"
"chr7","101832700","101832999","KN297044v1","869110","869403","44","100963590"
"chr7","101833763","101834057","KN297274v1","1023468","1023763","33","100810295"
"chr7","101834595","101834906","KN296303v1","514845","515157","34","101319750"
"chr7","101837079","101837392","KN296158v1","1175251","1175559","41","100661828"
"chr7","101841908","101842204","KN296934v1","477615","477917","47","101364293"
"chr7","101851592","101851894","KN296311v1","768493","768797","35","101083099"
"chr7","101854890","101855192","KN294539v1","1287945","1288241","38","100566945"
"chr7","101868251","101868557","KN296303v1","514845","515157","42","101353406"
"chr7","101872418","101872727","KN295107v1","1229552","1229858","46","100642866"
"chr7","101876753","101877044","KN295260v1","1913083","1913369","40","99963670"
"chr7","101877528","101877829","KN297023v1","480259","480560","45","101397269"
"chr7","101879073","101879382","KN295607v1","4377455","4377758","37","97501618"
"chr7","101880477","101880786","KN296096v1","2698005","2698314","41","99182472"
"chr7","101891047","101891221","KN294187v1","1212835","1213011","27","100678212"
"chr7","101892171","101892475","KN294172v1","6113681","6113982","38","95778490"
"chr7","101900143","101900435","KN294539v1","1287945","1288241","33","100612198"
"chr7","101900951","101901244","KN296557v1","13515","13811","36","101887436"
"chr7","101902251","101902536","KN294662v1","218243","218524","43","101684008"
"chr7","101904184","101904499","KN294444v1","166708","167002","54","101737476"
"chr7","101904615","101904925","KN294630v1","686727","687035","43","101217888"
"chr7","101913531","101913842","KN295350v1","1391135","1391435","44","100522396"
"chr7","101924344","101924540","KN296635v1","1860167","1860363","40","100064177"
"chr7","101926064","101926420","KN295523v1","2651938","2652265","81","99274126"
"chr7","101941020","101941322","KN294991v1","1014370","1014671","41","100926650"
"chr7","101943301","101943602","KN297133v1","1612844","1613144","37","100330457"
"chr7","101943644","101943899","KN295243v1","1473974","1474238","40","100469670"
"chr7","101952021","101952322","KN296311v1","2283043","2283345","29","99668978"
"chr7","101954345","101954636","KN294181v1","186822","187113","34","101767523"
"chr7","101955063","101955354","KN296062v1","2291832","2292114","56","99663231"
"chr7","101958669","101958982","KN296503v1","58212","58521","32","101900457"
"chr7","101959342","101959647","KN297180v1","731201","731513","41","101228141"
"chr7","101961941","101962240","KN295198v1","274974","275272","39","101686967"
"chr7","101963951","101964302","KN295869v1","768820","769171","78","101195131"
"chr7","101965194","101965508","KN296096v1","2503433","2503749","47","99461761"
"chr7","101967704","101967961","KN295987v1","28598","28855","44","101939106"
"chr7","101977826","101978114","KN296880v1","290573","290861","39","101687253"
"chr7","101980430","101980724","KN294456v1","1143112","1143404","42","100837318"
"chr7","101982499","101982808","KN294291v1","415854","416159","39","101566645"
"chr7","101989884","101990176","KN296833v1","30824","31126","43","101959060"
"chr7","101991029","101991311","KN297154v1","550534","550818","34","101440495"
"chr7","101997983","101998280","KN297112v1","2814015","2814312","35","99183968"
"chr7","102000430","102000732","KN294326v1","309006","309309","43","101691424"
"chr7","102002025","102002316","KN296435v1","2744592","2744883","33","99257433"
"chr7","102005901","102006092","KN295236v1","3580229","3580418","31","98425672"
"chr7","102009309","102009575","KN295243v1","1473974","1474238","37","100535335"
"chr7","102019966","102020241","KN296406v1","158505","158783","36","101861461"
"chr7","102020667","102020964","KN295090v1","1353031","1353323","39","100667636"
"chr7","102026881","102027139","KN295490v1","43581","43843","37","101983300"
"chr7","102028477","102028788","KN296496v1","61760","62071","42","101966717"
"chr7","102034462","102034771","KN295433v1","250702","251008","34","101783760"
"chr7","102036330","102036636","KN296153v1","2873301","2873603","40","99163029"
"chr7","102040679","102040971","KN294561v1","1084406","1084703","43","100956273"
"chr7","102050467","102050781","KN295477v1","23872","24183","36","102026595"
"chr7","102055172","102055470","KN295236v1","4010958","4011255","41","98044214"
"chr7","102057012","102057321","KN294960v1","36014","36325","45","102020998"
"chr7","102058087","102058363","KN294790v1","2381570","2381852","45","99676517"
"chr7","102059573","102059877","KN296303v1","514845","515157","36","101544728"
"chr7","102063202","102063498","KN297165v1","608973","609269","44","101454229"
"chr7","102080221","102080515","KN294571v1","1678829","1679123","37","100401392"
"chr7","102091165","102091459","KN296959v1","1919487","1919779","37","100171678"
"chr7","102093264","102093573","KN294911v1","2547386","2547691","51","99545878"
"chr7","102093665","102093951","KN295366v1","124181","124471","36","101969484"
"chr7","102095856","102096126","KN294662v1","218243","218524","40","101877613"
"chr7","102105616","102105934","KN294172v1","365590","365904","53","101740026"
"chr7","102114205","102114515","KN295748v1","161587","161896","41","101952618"
"chr7","102119116","102119424","KN295607v1","4377455","4377758","37","97741661"
"chr7","102129044","102129342","KN294713v1","607294","607593","36","101521750"
"chr7","102149554","102149852","KN296153v1","1115266","1115561","39","101034288"
"chr7","102167231","102167531","KN296577v1","133303","133600","44","102033928"
"chr7","102186910","102187210","KN294451v1","1139913","1140218","32","101046997"
"chr7","102197638","102197941","KN294526v1","486831","487133","39","101710807"
"chr7","102205991","102206294","KN296158v1","1175251","1175559","35","101030740"
"chr7","102225953","102226260","KN295708v1","2506254","2506554","50","99719699"
"chr7","102226689","102226995","KN295361v1","932292","932599","38","101294397"
"chr7","102232915","102233225","KN296665v1","158306","158620","54","102074609"
"chr7","102238998","102239296","KN295057v1","581519","581818","40","101657479"
"chr7","102245461","102245774","KN295708v1","219821","220134","38","102025640"
"chr7","102247560","102247856","KN296153v1","3616825","3617121","37","98630735"
"chr7","102259195","102259506","KN295748v1","161587","161896","37","102097608"
"chr7","102261963","102262254","KN294842v1","983229","983521","49","101278734"
"chr7","102291655","102291938","KN297038v1","1132153","1132435","46","101159502"
"chr7","102296992","102297168","KN296308v1","1030166","1030340","24","101266826"
"chr7","102299848","102300145","KN295998v1","154789","155089","33","102145059"
"chr7","102300879","102301170","KN297458v1","476217","476510","32","101824662"
"chr7","102302583","102302877","KN296322v1","919384","919686","39","101383199"
"chr7","102311348","102311659","KN296036v1","590882","591191","43","101720466"
"chr7","102313182","102313472","KN294592v1","1321409","1321720","47","100991773"
"chr7","102313997","102314302","KN294911v1","2389002","2389309","43","99924995"
"chr7","102318293","102318596","KN296079v1","686222","686522","41","101632071"
"chr7","102319048","102319328","KN294592v1","204469","204751","35","102114579"
"chr7","102319975","102320277","KN295257v1","1225806","1226107","33","101094169"
"chr7","102327450","102327757","KN295217v1","829151","829445","40","101498299"
"chr7","102334245","102334537","KN294345v1","1033409","1033702","43","101300836"
"chr7","102334753","102335052","KN294790v1","2412598","2412898","40","99922155"
"chr7","102337991","102338301","KN294790v1","163386","163690","38","102174605"
"chr7","102342247","102342556","KN295605v1","299780","300090","50","102042467"
"chr7","102348657","102348950","KN294536v1","268068","268359","43","102080589"
"chr7","102353669","102353980","KN296518v1","109626","109935","43","102244043"
"chr7","102360567","102360866","KN294187v1","1109661","1109959","41","101250906"
"chr7","102362365","102362657","KN296093v1","179133","179423","40","102183232"
"chr7","102365773","102366079","KN295430v1","2355601","2355902","38","100010172"
"chr7","102371684","102372007","KN295198v1","172367","172673","49","102199317"
"chr7","102374990","102375257","KN294949v1","346555","346838","49","102028435"
"chr7","102378397","102378690","KN294592v1","785702","785995","47","101592695"
"chr7","102385411","102385630","KN295977v1","1276894","1277103","52","101108517"
"chr7","102403274","102403533","KN295923v1","1033724","1033983","33","101369550"
"chr7","102409679","102409968","KN296879v1","1277634","1277929","36","101132045"
"chr7","102415356","102415659","KN294613v1","327601","327901","41","102087755"
"chr7","102434744","102435036","KN295343v1","729289","729587","47","101705455"
"chr7","102440940","102441244","KN295571v1","1155767","1156067","30","101285173"
"chr7","102444854","102445152","KN295735v1","951893","952189","36","101492961"
"chr7","102451337","102451643","KN294761v1","363307","363610","39","102088030"
"chr7","102454509","102454804","KN295523v1","316380","316680","38","102138129"
"chr7","102465360","102465628","KN295633v1","1133330","1133601","40","101332030"
"chr7","102468541","102468818","KN296825v1","502539","502818","34","101966002"
"chr7","102478804","102479107","KN297023v1","480259","480560","35","101998545"
"chr7","102484088","102484388","KN294499v1","2005615","2005910","36","100478473"
"chr7","102500942","102501255","KN294911v1","2739073","2739387","38","99761869"
"chr7","102511225","102511524","KN297245v1","1416081","1416379","24","101095144"
"chr7","102521149","102521451","KN296357v1","706645","706943","37","101814504"
"chr7","102525417","102525729","KN295729v1","826689","826980","52","101698728"
"chr7","102549481","102549794","KN295301v1","761923","762233","34","101787558"
"chr7","102556410","102556701","KN296119v1","4282142","4282432","36","98274268"
"chr7","102563854","102564172","KN295523v1","3762030","3762344","40","98801824"
"chr7","102568011","102568308","KN294603v1","111945","112247","39","102456066"
"chr7","102570485","102570783","KN296503v1","544133","544430","39","102026352"
"chr7","102573399","102573705","KN294257v1","379317","379626","38","102194082"
"chr7","102581359","102581660","KN294433v1","594314","594613","43","101987045"
"chr7","102582248","102582536","KN294429v1","37988","38273","43","102544260"
"chr7","102586035","102586340","KN296948v1","1380864","1381173","33","101205171"
"chr7","102596785","102597047","KN296594v1","1040988","1041253","33","101555797"
"chr7","102599429","102599734","KN295487v1","52973","53281","41","102546456"
"chr7","102607690","102607993","KN295430v1","2554896","2555197","34","100052794"
"chr7","102609244","102609548","KN295077v1","613765","614075","34","101995479"
"chr7","102616510","102616813","KN297023v1","480259","480560","34","102136251"
"chr7","102623419","102623715","KN296743v1","2255912","2256204","33","100367507"
"chr7","102632955","102633253","KN296726v1","808997","809301","36","101823958"
"chr7","102640277","102640584","KN294790v1","163386","163690","38","102476891"
"chr7","102642272","102642368","KN297026v1","110520","110609","21","102531752"
"chr7","102642483","102642650","KN296948v1","1402009","1402176","31","101240474"
"chr7","102658347","102658653","KN296153v1","2750284","2750585","39","99908063"
"chr7","102665775","102666084","KN294957v1","62097","62408","31","102603678"
"chr7","102667305","102667618","KN294761v1","363307","363610","41","102303998"
"chr7","102669218","102669513","KN296557v1","13515","13811","33","102655703"
"chr7","102669775","102670084","KN296153v1","863239","863546","39","101806536"
"chr7","102675873","102676160","KN295893v1","4985408","4985699","36","97690465"
"chr7","102679570","102679876","KN296225v1","761499","761805","33","101918071"
"chr7","102682507","102682814","KN294470v1","2136945","2137241","50","100545562"
"chr7","102688029","102688320","KN294874v1","1336918","1337220","45","101351111"
"chr7","102688639","102688919","KN294147v1","1191891","1192182","38","101496748"
"chr7","102690306","102690565","KN295610v1","467788","468050","47","102222518"
"chr7","102715223","102715486","KN294705v1","281500","281763","46","102433723"
"chr7","102727794","102728094","KN294182v1","144418","144710","46","102583376"
"chr7","102735883","102736174","KN294456v1","1143112","1143404","33","101592771"
"chr7","102736880","102737171","KN296588v1","943378","943667","36","101793502"
"chr7","102739106","102739406","KN295962v1","2329043","2329352","40","100410063"
"chr7","102740480","102740782","KN297008v1","1825305","1825608","43","100915175"
"chr7","102752311","102752611","KN294911v1","628968","629266","30","102123343"
"chr7","102765963","102766263","KN296287v1","119329","119630","49","102646634"
"chr7","102773372","102773683","KN297442v1","1612430","1612738","33","101160942"
"chr7","102793151","102793444","KN296682v1","1930392","1930690","37","100862759"
"chr7","102809350","102809606","KN295692v1","1481043","1481302","41","101328307"
"chr7","102813000","102813297","KN295523v1","3030953","3031248","32","99782047"
"chr7","102813841","102814136","KN295871v1","681623","681917","35","102132218"
"chr7","102816486","102816797","KN297038v1","1285540","1285851","42","101530946"
"chr7","102830481","102830751","KN295294v1","547346","547608","45","102283135"
"chr7","102834286","102834606","KN295315v1","133371","133680","54","102700915"
"chr7","102835640","102835953","KN297154v1","831565","831869","46","102004075"
"chr7","102835954","102836256","KN296643v1","601680","601977","46","102234274"
"chr7","102839845","102840152","KN294879v1","76546","76849","36","102763299"
"chr7","102848576","102848881","KN295368v1","2528636","2528940","40","100319940"
"chr7","102852930","102853230","KN296698v1","82655","82954","39","102770275"
"chr7","102865601","102865908","KN295459v1","673095","673397","32","102192506"
"chr7","102867192","102867518","KN296311v1","3556438","3556761","48","99310754"
"chr7","102870790","102871096","KN294378v1","696718","697020","27","102174072"
"chr7","102878532","102878826","KN295605v1","542099","542399","45","102336433"
"chr7","102882512","102882812","KN294470v1","2136945","2137241","32","100745567"
"chr7","102883085","102883381","KN296485v1","541954","542254","36","102341131"
"chr7","102908305","102908571","KN296681v1","1520824","1521092","40","101387481"
"chr7","102916060","102916370","KN294269v1","674791","675103","42","102241269"
"chr7","102916744","102917027","KN296831v1","388107","388396","35","102528637"
"chr7","102917968","102918265","KN294540v1","616260","616553","41","102301708"
"chr7","102918507","102918806","KN297047v1","3987588","3987889","33","98930919"
"chr7","102932626","102932929","KN296495v1","846641","846944","32","102085985"
"chr7","102937260","102937554","KN296225v1","127347","127638","35","102809913"
"chr7","102940211","102940521","KN295366v1","78980","79290","37","102861231"
"chr7","102942336","102942612","KN296225v1","121896","122180","33","102820440"
"chr7","102944244","102944539","KN295962v1","1884512","1884811","34","101059732"
"chr7","102953638","102953941","KN296127v1","1172","1469","37","102952466"
"chr7","102962080","102962353","KN294650v1","27651","27917","39","102934429"
"chr7","102963583","102963860","KN294570v1","116175","116454","42","102847408"
"chr7","102968199","102968507","KN294458v1","1049177","1049481","39","101919022"
"chr7","102979074","102979393","KN294991v1","1692556","1692877","43","101286518"
"chr7","102992628","102992920","KN296225v1","127872","128161","26","102864756"
"chr7","102998884","102999183","KN294239v1","344639","344929","42","102654245"
"chr7","102999835","102999999","KN294957v1","73265","73439","29","102926570"
"chr7","103008631","103008830","KN294456v1","895531","895730","37","102113100"
"chr7","103011385","103011671","KN296322v1","1392101","1392390","46","101619284"
"chr7","103013429","103013726","KN296557v1","13515","13811","32","102999914"
"chr7","103023748","103024032","KN297190v1","4200135","4200423","39","98823613"
"chr7","103027933","103028222","KN295241v1","75672","75962","36","102952261"
"chr7","103028689","103028931","KN296153v1","1908659","1908897","52","101120030"
"chr7","103044383","103044669","KN295090v1","1516878","1517168","44","101527505"
"chr7","103045446","103045673","KN295441v1","1457453","1457675","30","101587993"
"chr7","103046813","103047108","KN295315v1","2038679","2038975","48","101008134"
"chr7","103047240","103047540","KN295356v1","1258737","1259038","42","101788503"
"chr7","103048545","103048834","KN295405v1","340255","340547","42","102708290"
"chr7","103050009","103050308","KN296311v1","3194235","3194543","36","99855774"
"chr7","103052429","103052708","KN294372v1","1629572","1629847","33","101422857"
"chr7","103053411","103053717","KN296635v1","2153242","2153553","38","100900169"
"chr7","103054677","103054991","KN296877v1","351011","351311","44","102703666"
"chr7","103057175","103057480","KN294949v1","1278231","1278524","35","101778944"
"chr7","103058184","103058490","KN295526v1","764551","764853","45","102293633"
"chr7","103062483","103062775","KN294193v1","425211","425504","36","102637272"
"chr7","103067633","103067939","KN295977v1","526778","527087","39","102540855"
"chr7","103068647","103068950","KN294456v1","1098138","1098439","33","101970509"
"chr7","103075171","103075475","KN294375v1","493338","493642","43","102581833"
"chr7","103092651","103092946","KN295814v1","1261993","1262292","47","101830658"
"chr7","103101119","103101415","KN294457v1","990718","991014","32","102110401"
"chr7","103104170","103104441","KN294161v1","894750","895027","41","102209420"
"chr7","103105952","103106252","KN295236v1","568528","568826","51","102537424"
"chr7","103107684","103107932","KN296883v1","3353450","3353703","41","99754234"
"chr7","103110121","103110429","KN297320v1","1223277","1223582","37","101886844"
"chr7","103112260","103112554","KN296557v1","13515","13811","27","103098745"
"chr7","103114703","103115008","KN294521v1","404396","404704","38","102710307"
"chr7","103116932","103117231","KN294456v1","1143112","1143404","35","101973820"
"chr7","103118958","103119263","KN294991v1","1014370","1014671","38","102104588"
"chr7","103127183","103127489","KN296153v1","1336190","1336496","41","101790993"
"chr7","103132802","103133104","KN296153v1","2358191","2358502","46","100774611"
"chr7","103135479","103135740","KN296922v1","408403","408659","37","102727076"
"chr7","103138359","103138663","KN296225v1","571832","572130","34","102566527"
"chr7","103142167","103142472","KN294957v1","62097","62408","37","103080070"
"chr7","103149463","103149686","KN296952v1","107590","107814","28","103041873"
"chr7","103158870","103159182","KN296503v1","58212","58521","40","103100658"
"chr7","103162661","103162939","KN294570v1","116175","116454","42","103046486"
"chr7","103164170","103164443","KN295274v1","35011","35276","39","103129159"
"chr7","103172620","103172920","KN296127v1","1172","1469","37","103171448"
"chr7","103186569","103186864","KN295814v1","1261993","1262292","46","101924576"
"chr7","103194426","103194725","KN296153v1","355717","356018","31","102838709"
"chr7","103197476","103197747","KN294161v1","894750","895027","42","102302726"
"chr7","103227700","103228000","KN295301v1","716124","716425","43","102511576"
"chr7","103333215","103333502","KN295722v1","2298165","2298449","25","101035050"
"chr7","103380682","103380969","KN295722v1","2298165","2298449","26","101082517"
"chr7","103384702","103384973","KN295835v1","199186","199432","61","103185516"
"chr7","103403335","103403642","KN296153v1","1336190","1336496","35","102067145"
"chr7","103421109","103421248","KN294957v1","72833","72964","38","103348276"
"chr7","103421746","103421782","KN294716v1","82430","82461","19","103339316"
"chr7","103421784","103421913","KN294862v1","74303","74437","22","103347481"
"chr7","103444788","103445099","KN294251v1","1527189","1527497","41","101917599"
"chr7","103460945","103461152","KN294713v1","896268","896483","36","102564677"
"chr7","103490814","103491078","KN295243v1","1473974","1474238","55","102016840"
"chr7","103494812","103495099","KN295722v1","2298165","2298449","26","101196647"
"chr7","103712086","103712373","KN295722v1","2298165","2298449","24","101413921"
"chr7","103716104","103716367","KN295835v1","199186","199432","57","103516918"
"chr7","103734747","103735054","KN295474v1","1195383","1195693","36","102539364"
"chr7","103773553","103773760","KN294713v1","896268","896483","35","102877285"
"chr7","103789622","103789934","KN294251v1","1527189","1527497","45","102262433"
"chr7","103802674","103802982","KN295474v1","1195383","1195693","36","102607291"
"chr7","103841495","103841702","KN294713v1","896268","896483","35","102945227"
"chr7","103857534","103857845","KN294251v1","1527189","1527497","44","102330345"
"chr7","103887659","103887946","KN295722v1","2298165","2298449","27","101589494"
"chr7","103891682","103891946","KN295835v1","199186","199432","56","103692496"
"chr7","103910295","103910594","KN295601v1","2736318","2736620","35","101173977"
"chr7","103948967","103949174","KN296229v1","831486","831697","35","103117481"
"chr7","103964957","103965266","KN294604v1","502155","502458","44","103462802"
"chr7","104105667","104105874","KN294713v1","896268","896483","36","103209399"
"chr7","104121696","104122030","KN296926v1","897778","898110","48","103223918"
"chr7","104203473","104203736","KN295835v1","199186","199432","53","104004287"
"chr7","104225663","104225934","KN296484v1","825821","826105","53","103399842"
"chr7","104260856","104261161","KN297415v1","880017","880322","39","103380839"
"chr7","104265171","104265469","KN297023v1","480259","480560","37","103784912"
"chr7","104273043","104273347","KN296608v1","300861","301165","37","103972182"
"chr7","104286784","104287087","KN295459v1","673095","673397","33","103613689"
"chr7","104298454","104298748","KN295987v1","1189696","1189991","41","103108758"
"chr7","104311955","104312007","KN294187v1","1105507","1105554","19","103206448"
"chr7","104313003","104313240","KN295405v1","757351","757593","48","103555652"
"chr7","104316989","104317294","KN297046v1","2972429","2972729","38","101344560"
"chr7","104334911","104335211","KN294372v1","2629158","2629456","36","101705753"
"chr7","104354403","104354696","KN294456v1","1098138","1098439","38","103256265"
"chr7","104380198","104380424","KN295441v1","1457453","1457675","31","102922745"
"chr7","104389213","104389519","KN295361v1","995296","995598","36","103393917"
"chr7","104394112","104394399","KN295729v1","826689","826980","34","103567423"
"chr7","104394632","104394942","KN294407v1","912040","912349","33","103482592"
"chr7","104395145","104395457","KN296484v1","351750","352061","44","104043395"
"chr7","104398891","104399197","KN295544v1","254905","255209","37","104143986"
"chr7","104410992","104411296","KN295708v1","1536667","1536965","39","102874325"
"chr7","104440149","104440439","KN294420v1","822079","822371","35","103618070"
"chr7","104443009","104443308","KN294911v1","628968","629266","33","103814041"
"chr7","104459144","104459446","KN296036v1","1044138","1044445","45","103415006"
"chr7","104523068","104523369","KN294407v1","3027269","3027567","43","101495799"
"chr7","104528511","104528829","KN296635v1","4969030","4969343","36","99559481"
"chr7","104547570","104547855","KN295441v1","405739","406027","31","104141831"
"chr7","104552241","104552547","KN296406v1","250415","250727","35","104301826"
"chr7","104557118","104557386","KN294650v1","27651","27917","45","104529467"
"chr7","104561327","104561633","KN295487v1","52973","53281","41","104508354"
"chr7","104581431","104581718","KN295112v1","589341","589636","46","103992090"
"chr7","104589378","104589667","KN294429v1","37988","38273","44","104551390"
"chr7","104595579","104595867","KN296157v1","674705","674992","42","103920874"
"chr7","104620021","104620287","KN294552v1","260961","261228","34","104359060"
"chr7","104629178","104629459","KN296119v1","1735099","1735396","49","102894079"
"chr7","104658274","104658587","KN295962v1","1218515","1218823","47","103439759"
"chr7","104741965","104742208","KN295107v1","3251","3487","27","104738714"
"chr7","104778124","104778437","KN294421v1","1629521","1629823","48","103148603"
"chr7","104797732","104798022","KN295835v1","84846","85139","38","104712886"
"chr7","104803781","104804095","KN294407v1","2157068","2157379","49","102646713"
"chr7","104807706","104808007","KN295735v1","622051","622346","44","104185655"
"chr7","104814542","104814844","KN295571v1","513084","513393","41","104301458"
"chr7","104822113","104822417","KN294598v1","342532","342842","46","104479581"
"chr7","104827920","104828212","KN294501v1","4140225","4140518","31","100687695"
"chr7","104831235","104831554","KN294506v1","312156","312457","58","104519079"
"chr7","104846413","104846709","KN294842v1","932932","933229","34","103913481"
"chr7","104853954","104854256","KN294372v1","210408","210709","36","104643546"
"chr7","104856708","104857005","KN295236v1","4141001","4141296","36","100715707"
"chr7","104863712","104863939","KN295236v1","1206578","1206802","35","103657134"
"chr7","104909065","104909374","KN296062v1","1211174","1211481","39","103697891"
"chr7","104924390","104924692","KN294456v1","1098138","1098439","32","103826252"
"chr7","104962638","104962883","KN295474v1","611603","611867","50","104351035"
"chr7","104963350","104963604","KN296484v1","94683","94939","44","104868667"
"chr7","105046867","105047169","KN294603v1","111945","112247","32","104934922"
"chr7","105049107","105049406","KN295405v1","1658681","1658979","28","103390426"
"chr7","105258205","105258497","KN296122v1","346873","347165","38","104911332"
"chr7","105279164","105279466","KN295326v1","192748","193053","40","105086416"
"chr7","105343922","105344220","KN296557v1","13515","13811","54","105330407"
"chr7","105446044","105446338","KN294499v1","192832","193117","38","105253212"
"chr7","105456465","105456771","KN294218v1","2833833","2834132","47","102622632"
"chr7","105461447","105461744","KN294499v1","208477","208773","20","105252970"
"chr7","105473481","105473787","KN294499v1","220435","220736","37","105253046"
"chr7","105522924","105523191","KN294499v1","267559","267826","23","105255365"
"chr7","105603643","105603991","KN296460v1","119303","119632","59","105484340"
"chr7","105829589","105829890","KN294499v1","555502","555797","24","105274087"
"chr7","105966311","105966609","KN296557v1","13515","13811","36","105952796"
"chr7","105977037","105977331","KN294499v1","717122","717412","32","105259915"
"chr7","105995876","105996159","KN296485v1","94705","94981","45","105901171"
"chr7","106068729","106069031","KN294326v1","309006","309309","36","105759723"
"chr7","106218202","106218509","KN296484v1","351750","352061","34","105866452"
"chr7","106240936","106241242","KN297047v1","4058507","4058813","39","102182429"
"chr7","106254176","106254490","KN294499v1","994219","994531","37","105259957"
"chr7","106265179","106265467","KN294499v1","1005212","1005493","29","105259967"
"chr7","106302609","106302911","KN294499v1","1043633","1043926","27","105258976"
"chr7","106334956","106335255","KN294499v1","1076089","1076398","36","105258867"
"chr7","106349183","106349485","KN294499v1","1093952","1094260","28","105255231"
"chr7","106389590","106389884","KN296859v1","993319","993622","34","105396271"
"chr7","106391324","106391616","KN294790v1","272636","272926","39","106118688"
"chr7","106395047","106395345","KN296108v1","532376","532674","35","105862671"
"chr7","106415418","106415716","KN294499v1","1160772","1161070","25","105254646"
"chr7","106419764","106420071","KN294499v1","1165447","1165753","30","105254317"
"chr7","106436119","106436428","KN296732v1","3243055","3243359","26","103193064"
"chr7","106438296","106438605","KN294499v1","1182318","1182619","26","105255978"
"chr7","106451898","106452188","KN295326v1","100464","100755","38","106351434"
"chr7","106452961","106453266","KN294499v1","1196345","1196649","37","105256616"
"chr7","106457886","106458188","KN297304v1","54786","55087","41","106403100"
"chr7","106466461","106466758","KN294499v1","1210453","1210745","36","105256008"
"chr7","106484050","106484205","KN294416v1","249743","249935","55","106234307"
"chr7","106488483","106488786","KN294499v1","1234546","1234844","32","105253937"
"chr7","106489638","106489883","KN294499v1","1236020","1236264","16","105253618"
"chr7","106499252","106499527","KN294499v1","1245847","1246146","50","105253405"
"chr7","106510573","106510877","KN294499v1","1257174","1257491","29","105253399"
"chr7","106573476","106573771","KN294499v1","1322712","1323010","26","105250764"
"chr7","106578426","106578710","KN296158v1","512983","513270","46","106065443"
"chr7","106625019","106625317","KN295198v1","274974","275272","29","106350045"
"chr7","106633495","106633796","KN296311v1","768493","768797","43","105865002"
"chr7","106634083","106634388","KN294181v1","1637460","1637759","41","104996623"
"chr7","106650061","106650326","KN294499v1","1401588","1401845","27","105248473"
"chr7","106658448","106658751","KN294499v1","1410246","1410555","21","105248202"
"chr7","106661272","106661582","KN294456v1","1098138","1098439","43","105563134"
"chr7","106747002","106747302","KN294499v1","1504942","1505248","36","105242060"
"chr7","106765607","106765899","KN294874v1","309420","309712","40","106456187"
"chr7","106766221","106766511","KN295236v1","4141001","4141296","45","102625220"
"chr7","106784229","106784451","KN295406v1","275159","275372","54","106509070"
"chr7","106790322","106790624","KN294571v1","890748","891049","40","105899574"
"chr7","106795874","106796157","KN294499v1","1552054","1552336","46","105243820"
"chr7","106818314","106818602","KN296596v1","124252","124528","49","106694062"
"chr7","106822789","106823091","KN294499v1","1579139","1579433","39","105243650"
"chr7","106823411","106823538","KN294365v1","1970568","1970695","31","104852843"
"chr7","106823940","106824116","KN294172v1","7074620","7074785","34","99749320"
"chr7","106827105","106827409","KN294499v1","1583490","1583791","31","105243615"
"chr7","106831429","106831719","KN294499v1","1587657","1587955","37","105243772"
"chr7","106831946","106832242","KN295350v1","962885","963179","34","105869061"
"chr7","106843021","106843330","KN295090v1","126321","126630","40","106716700"
"chr7","106887510","106887833","KN294499v1","1640892","1641213","39","105246618"
"chr7","106892165","106892465","KN294499v1","1644078","1644378","26","105248087"
"chr7","106894963","106895237","KN294499v1","1647156","1647435","24","105247807"
"chr7","106897315","106897325","KN297245v1","2484628","2484638","1","104412687"
"chr7","106897799","106898029","KN297340v1","99936","100189","69","106797863"
"chr7","106901210","106901513","KN295480v1","1315380","1315681","36","105585830"
"chr7","106905208","106905497","KN297095v1","57865","58149","45","106847343"
"chr7","106912260","106912547","KN296538v1","827306","827593","38","106084954"
"chr7","106913571","106913863","KN294499v1","1677072","1677365","20","105236499"
"chr7","106919560","106919852","KN294175v1","69839","70134","39","106849721"
"chr7","106921444","106921741","KN294325v1","869926","870221","39","106051518"
"chr7","106936821","106937139","KN294499v1","1696405","1696710","49","105240416"
"chr7","106938095","106938393","KN294346v1","422309","422602","49","106515786"
"chr7","106939555","106939855","KN296138v1","98488","98788","39","106841067"
"chr7","106942635","106942906","KN294499v1","1702445","1702699","47","105240190"
"chr7","106943015","106943316","KN294499v1","1702808","1703112","29","105240207"
"chr7","106944677","106944965","KN294456v1","1143112","1143404","39","105801565"
"chr7","106946040","106946340","KN295633v1","323295","323596","41","106622745"
"chr7","106954405","106954699","KN294499v1","1715466","1715762","34","105238939"
"chr7","106955573","106955867","KN294499v1","1716360","1716642","37","105239213"
"chr7","106965238","106965529","KN294499v1","1726302","1726600","28","105238936"
"chr7","106981784","106982098","KN295571v1","513084","513393","44","106468700"
"chr7","107002951","107003236","KN294499v1","1768548","1768834","27","105234403"
"chr7","107003993","107004295","KN294499v1","1769739","1770044","31","105234254"
"chr7","107023513","107023822","KN294499v1","1787970","1788273","34","105235543"
"chr7","107024333","107024640","KN294499v1","1788775","1789069","28","105235558"
"chr7","107029595","107029885","KN295671v1","310148","310439","43","106719447"
"chr7","107041033","107041287","KN295607v1","3328678","3328930","42","103712355"
"chr7","107041308","107041622","KN294172v1","1568325","1568618","57","105472983"
"chr7","107054825","107055136","KN294662v1","146480","146789","35","106908345"
"chr7","107070949","107071111","KN295623v1","399728","399891","26","106671221"
"chr7","107093876","107094100","KN296096v1","3211185","3211408","38","103882691"
"chr7","107124895","107125194","KN294499v1","1889210","1889521","35","105235685"
"chr7","107128821","107129129","KN294499v1","1893964","1894271","26","105234857"
"chr7","107141785","107142085","KN294499v1","1907313","1907604","26","105234472"
"chr7","107151934","107152238","KN294499v1","1918138","1918439","32","105233796"
"chr7","107189922","107190120","KN295034v1","848549","848755","35","106341373"
"chr7","107209488","107209748","KN294218v1","2753577","2753834","39","104455911"
"chr7","107220279","107220580","KN294991v1","1014370","1014671","42","106205909"
"chr7","107226483","107226797","KN295523v1","1107000","1107309","44","106119483"
"chr7","107239192","107239505","KN295236v1","4118266","4118574","29","103120926"
"chr7","107245001","107245278","KN294499v1","2011390","2011673","25","105233611"
"chr7","107258275","107258587","KN294499v1","2024753","2025058","36","105233522"
"chr7","107279647","107279951","KN294499v1","2047243","2047541","33","105232404"
"chr7","107335416","107335716","KN295343v1","729289","729587","34","106606127"
"chr7","107343798","107344110","KN295633v1","1318464","1318763","44","106025334"
"chr7","107344116","107344297","KN294470v1","220971","221157","27","107123145"
"chr7","107373112","107373411","KN294407v1","3027269","3027567","33","104345843"
"chr7","107379777","107380069","KN294499v1","2151423","2151717","35","105228354"
"chr7","107456133","107456306","KN296620v1","725178","725346","27","106730955"
"chr7","107459160","107459469","KN294499v1","2227717","2228024","27","105231443"
"chr7","107507986","107508265","KN297112v1","2462095","2462371","39","105045891"
"chr7","107524134","107524430","KN294499v1","2292718","2292997","40","105231416"
"chr7","107546755","107547024","KN294842v1","618664","618929","37","106928091"
"chr7","107547064","107547360","KN294499v1","2315595","2315890","26","105231469"
"chr7","107565927","107566229","KN294456v1","592934","593237","32","106972993"
"chr7","107571879","107572187","KN295198v1","172367","172673","43","107399512"
"chr7","107577750","107578031","KN294499v1","2346826","2347108","19","105230924"
"chr7","107585985","107586284","KN294499v1","2355668","2355966","21","105230317"
"chr7","107592738","107593038","KN294499v1","2362608","2362916","29","105230130"
"chr7","107596907","107597205","KN294180v1","5181","5476","29","107591726"
"chr7","107611668","107611967","KN294499v1","2381420","2381719","20","105230248"
"chr7","107670884","107671181","KN296775v1","1237428","1237724","40","106433456"
"chr7","107712015","107712290","KN295274v1","89940","90213","43","107622075"
"chr7","107714332","107714629","KN294499v1","2493444","2493746","32","105220888"
"chr7","107938683","107938982","KN296859v1","1716312","1716616","46","106222371"
"chr7","108005373","108005671","KN297008v1","4661765","4662062","31","103343608"
"chr7","108021282","108021586","KN297274v1","145767","146071","41","107875515"
"chr7","108302256","108302548","KN296859v1","1611248","1611550","44","106691008"
"chr7","108331170","108331473","KN294407v1","3027269","3027567","37","105303901"
"chr7","108340738","108341038","KN296485v1","541954","542254","40","107798784"
"chr7","108394874","108395163","KN296635v1","37942","38232","35","108356932"
"chr7","108410398","108410667","KN294705v1","1289063","1289321","52","107121335"
"chr7","108427236","108427546","KN297227v1","1125864","1126176","38","107301372"
"chr7","108430894","108431205","KN295571v1","513084","513393","38","107917810"
"chr7","108454283","108454582","KN295736v1","842860","843158","39","107611423"
"chr7","108459299","108459588","KN297245v1","1416081","1416379","40","107043218"
"chr7","108469759","108470052","KN295607v1","4653398","4653689","38","103816361"
"chr7","108471674","108471972","KN295480v1","1302107","1302401","33","107169567"
"chr7","108511564","108511856","KN296646v1","379026","379315","37","108132538"
"chr7","108520021","108520321","KN294287v1","615531","615827","41","107904490"
"chr7","108536187","108536483","KN294444v1","166708","167002","38","108369479"
"chr7","108552943","108553239","KN296609v1","617365","617660","34","107935578"
"chr7","108558610","108558921","KN295907v1","2336646","2336958","50","106221964"
"chr7","108587076","108587375","KN295607v1","4406348","4406645","36","104180728"
"chr7","108591463","108591756","KN294705v1","867156","867449","30","107724307"
"chr7","108628314","108628613","KN294837v1","394446","394741","41","108233868"
"chr7","108707700","108707997","KN297159v1","1154542","1154843","38","107553158"
"chr7","108727079","108727387","KN294790v1","163386","163690","39","108563693"
"chr7","108770866","108771165","KN294378v1","1310611","1310912","34","107460255"
"chr7","108818480","108818796","KN295433v1","250702","251008","46","108567778"
"chr7","108829056","108829363","KN297046v1","1490505","1490809","39","107338551"
"chr7","108906128","108906401","KN295692v1","1195541","1195822","50","107710587"
"chr7","108921942","108922243","KN297159v1","1154542","1154843","38","107767400"
"chr7","109028818","109029125","KN297008v1","2646914","2647222","43","106381904"
"chr7","109031624","109031935","KN294957v1","62097","62408","45","108969527"
"chr7","109044443","109044730","KN296926v1","763828","764107","39","108280615"
"chr7","109058692","109058982","KN294470v1","2136945","2137241","39","106921747"
"chr7","109065223","109065517","KN294224v1","1140521","1140815","42","107924702"
"chr7","109201386","109201695","KN296247v1","448732","449034","45","108752654"
"chr7","109286462","109286777","KN296609v1","427443","427749","40","108859019"
"chr7","109303779","109304091","KN296635v1","3876048","3876352","34","105427731"
"chr7","109305720","109306045","KN296496v1","367784","368097","50","108937936"
"chr7","109333331","109333641","KN295708v1","219821","220134","38","109113510"
"chr7","109340356","109340655","KN297095v1","57865","58149","52","109282491"
"chr7","109380697","109380999","KN294407v1","3027269","3027567","39","106353428"
"chr7","109410494","109410779","KN294539v1","1287945","1288241","42","108122549"
"chr7","109442276","109442578","KN296508v1","1344163","1344463","36","108098113"
"chr7","109459430","109459725","KN294147v1","1191891","1192182","41","108267539"
"chr7","109518780","109519074","KN294257v1","210213","210507","28","109308567"
"chr7","109523752","109524047","KN294539v1","1287945","1288241","41","108235807"
"chr7","109551589","109551894","KN296306v1","3686137","3686439","37","105865452"
"chr7","109565814","109566109","KN294613v1","562013","562309","29","109003801"
"chr7","109588347","109588589","KN294978v1","3916108","3916347","34","105672239"
"chr7","109633529","109633825","KN296775v1","788507","788808","47","108845022"
"chr7","109655933","109656244","KN296357v1","653990","654295","34","109001943"
"chr7","109684955","109685242","KN297184v1","1472238","1472516","50","108212717"
"chr7","109697623","109697939","KN295984v1","587286","587590","47","109110337"
"chr7","109731563","109731838","KN294946v1","520457","520746","39","109211106"
"chr7","109810442","109810751","KN295284v1","503683","503995","39","109306759"
"chr7","109925605","109925907","KN296096v1","3032967","3033265","42","106892638"
"chr7","109942767","109943058","KN294946v1","312433","312738","36","109630334"
"chr7","109946979","109947289","KN294946v1","307674","307975","38","109639305"
"chr7","109984291","109984582","KN294809v1","1033430","1033730","44","108950861"
"chr7","109997500","109997794","KN294419v1","200675","200969","40","109796825"
"chr7","109998124","109998429","KN295523v1","650150","650455","37","109347974"
"chr7","110005101","110005409","KN294603v1","63949","64255","32","109941152"
"chr7","110025504","110025798","KN294269v1","550588","550887","37","109474916"
"chr7","110026889","110027200","KN296303v1","514845","515157","27","109512044"
"chr7","110039825","110040138","KN295439v1","102691","103000","40","109937134"
"chr7","110060970","110061255","KN294946v1","202079","202364","15","109858891"
"chr7","110072831","110073138","KN294946v1","190208","190525","41","109882623"
"chr7","110103297","110103601","KN295301v1","716124","716425","38","109387173"
"chr7","110123958","110124252","KN294526v1","334958","335253","36","109789000"
"chr7","110141471","110141781","KN294946v1","120377","120687","27","110021094"
"chr7","110364024","110364321","KN295073v1","1289046","1289348","34","109074978"
"chr7","110544802","110545019","KN294509v1","178587","178797","31","110366215"
"chr7","110803173","110803478","KN294879v1","76546","76849","41","110726627"
"chr7","110952325","110952623","KN294739v1","646825","647125","46","110305500"
"chr7","110983394","110983701","KN295073v1","635949","636258","29","110347445"
"chr7","111227675","111227981","KN295073v1","391817","392131","34","110835858"
"chr7","111347134","111347444","KN295301v1","761923","762233","40","110585211"
"chr7","111351133","111351412","KN295059v1","242847","243129","39","111108286"
"chr7","111366312","111366496","KN295930v1","759567","759739","41","110606745"
"chr7","111367852","111368155","KN295073v1","262915","263211","37","111104937"
"chr7","111386627","111386918","KN295729v1","826689","826980","33","110559938"
"chr7","111591273","111591582","KN295735v1","225416","225727","43","111365857"
"chr7","111600255","111600565","KN295073v1","20634","20941","36","111579621"
"chr7","111648578","111648883","KN296732v1","3331322","3331633","66","108317256"
"chr7","111976674","111976947","KN296153v1","2393235","2393519","42","109583439"
"chr7","112113601","112113921","KN294911v1","2927096","2927423","49","109186505"
"chr7","112195491","112195791","KN295301v1","716124","716425","38","111479367"
"chr7","112207576","112207872","KN295825v1","2496732","2497036","46","109710844"
"chr7","112432735","112433021","KN296138v1","3145","3429","40","112429590"
"chr7","112493287","112493584","KN295326v1","192748","193053","47","112300539"
"chr7","112513756","112514059","KN296406v1","281155","281453","37","112232601"
"chr7","112524698","112524993","KN296486v1","1726381","1726674","45","110798317"
"chr7","112606443","112606755","KN296266v1","31062","31371","47","112575381"
"chr7","112651236","112651532","KN295236v1","3390010","3390314","43","109261226"
"chr7","112706577","112706894","KN295523v1","570920","571230","42","112135657"
"chr7","112750682","112750991","KN294558v1","721959","722270","53","112028723"
"chr7","112765180","112765461","KN296139v1","296788","297069","38","112468392"
"chr7","112790513","112790822","KN297219v1","1549261","1549566","40","111241252"
"chr7","112851181","112851485","KN296158v1","1175251","1175559","40","111675930"
"chr7","112856554","112856848","KN294193v1","425211","425504","34","112431343"
"chr7","112926377","112926692","KN294705v1","1537713","1538021","45","111388664"
"chr7","113074774","113074947","KN294713v1","386007","386172","27","112688767"
"chr7","113075424","113075701","KN296054v1","119530","119808","25","112955894"
"chr7","113119706","113120016","KN295256v1","326036","326344","42","112793670"
"chr7","113143714","113143957","KN296096v1","1210187","1210432","49","111933527"
"chr7","113152089","113152379","KN296054v1","35610","35899","27","113116479"
"chr7","113170960","113171252","KN296054v1","15839","16136","35","113155121"
"chr7","113181756","113182053","KN296054v1","4714","5015","24","113177042"
"chr7","113190492","113190803","KN295045v1","181971","182282","43","113008521"
"chr7","113200271","113200564","KN296921v1","483765","484057","36","112716506"
"chr7","113208708","113208996","KN296588v1","943378","943667","28","112265330"
"chr7","113222177","113222476","KN294578v1","240199","240493","38","112981978"
"chr7","113257726","113258032","KN296926v1","1143380","1143688","40","112114346"
"chr7","113290986","113291284","KN295983v1","653692","653984","38","112637294"
"chr7","113299183","113299418","KN296153v1","1908659","1908897","40","111390524"
"chr7","113306694","113306996","KN296864v1","2601213","2601519","30","110705481"
"chr7","113327496","113327794","KN296732v1","3482334","3482632","39","109845162"
"chr7","113335441","113335745","KN295814v1","1059254","1059558","41","112276187"
"chr7","113345933","113346239","KN295302v1","79478","79783","38","113266455"
"chr7","113383074","113383360","KN296859v1","1348182","1348474","43","112034892"
"chr7","113417970","113418273","KN294911v1","2389002","2389309","36","111028968"
"chr7","113485185","113485489","KN294193v1","774395","774701","36","112710790"
"chr7","113499414","113499726","KN295893v1","5868753","5869051","47","107630661"
"chr7","113513153","113513450","KN294239v1","697626","697925","38","112815527"
"chr7","113532144","113532442","KN296732v1","3826486","3826780","37","109705658"
"chr7","113670321","113670616","KN296180v1","2476296","2476590","36","111194025"
"chr7","113755986","113756281","KN295729v1","826689","826980","39","112929297"
"chr7","113758601","113758874","KN297008v1","5054129","5054406","41","108704472"
"chr7","113814514","113814801","KN294591v1","423646","423931","33","113390868"
"chr7","113820666","113820924","KN296435v1","295165","295409","42","113525501"
"chr7","113829231","113829534","KN294456v1","592934","593237","37","113236297"
"chr7","113829910","113830199","KN295893v1","729257","729542","30","113100653"
"chr7","113840918","113841196","KN295731v1","21589","21872","49","113819329"
"chr7","113979003","113979317","KN295319v1","42222","42534","36","113936781"
"chr7","113996921","113997227","KN295045v1","451861","452165","29","113545060"
"chr7","113998610","113998921","KN294218v1","325416","325726","39","113673194"
"chr7","114061771","114062074","KN294193v1","499587","499891","36","113562184"
"chr7","114082758","114083035","KN295205v1","1144902","1145175","47","112937856"
"chr7","114190686","114191006","KN296513v1","1646935","1647240","52","112543751"
"chr7","114259230","114259544","KN297230v1","1112482","1112793","32","113146748"
"chr7","114260718","114261012","KN297230v1","1113963","1114273","41","113146755"
"chr7","114332231","114332530","KN296486v1","1266538","1266834","36","113065693"
"chr7","114404783","114405070","KN295096v1","2965990","2966278","34","111438793"
"chr7","114441276","114441445","KN296009v1","169201","169371","31","114272075"
"chr7","114551627","114551939","KN297230v1","843713","844018","29","113707914"
"chr7","114656301","114656604","KN295814v1","1059254","1059558","36","113597047"
"chr7","114826354","114826652","KN294571v1","890748","891049","33","113935606"
"chr7","114869468","114869780","KN296145v1","3008774","3009085","37","111860694"
"chr7","114931465","114931760","KN296538v1","938460","938756","44","113993005"
"chr7","114972399","114972652","KN297230v1","468027","468273","33","114504372"
"chr7","115073166","115073468","KN297230v1","364606","364915","24","114708560"
"chr7","115139887","115140174","KN297230v1","291744","292042","42","114848143"
"chr7","115614573","115614864","KN294172v1","4008978","4009266","41","111605595"
"chr7","115712367","115712691","KN295225v1","267699","267992","50","115444668"
"chr7","115750713","115751005","KN296775v1","630447","630731","43","115120266"
"chr7","115752892","115753189","KN295225v1","301041","301338","28","115451851"
"chr7","115755622","115755925","KN294761v1","363307","363610","33","115392315"
"chr7","115769252","115769535","KN296743v1","202352","202637","36","115566900"
"chr7","115944613","115944925","KN297304v1","54786","55087","47","115889827"
"chr7","116089832","116090137","KN295225v1","632352","632658","30","115457480"
"chr7","116106283","116106579","KN295225v1","648805","649101","16","115457478"
"chr7","116144804","116145092","KN295225v1","693903","694197","34","115450901"
"chr7","116151461","116151708","KN295405v1","757351","757593","51","115394110"
"chr7","116171984","116172300","KN295225v1","721622","721937","36","115450362"
"chr7","116218362","116218651","KN294444v1","166708","167002","37","116051654"
"chr7","116250884","116251183","KN297245v1","1416081","1416379","47","114834803"
"chr7","116255242","116255544","KN295225v1","803796","804100","37","115451446"
"chr7","116293149","116293446","KN296485v1","541954","542254","47","115751195"
"chr7","116345552","116345829","KN295225v1","893809","894087","28","115451743"
"chr7","116464648","116464912","KN295225v1","1015596","1015857","28","115449052"
"chr7","116493795","116494096","KN295225v1","1039678","1039979","27","115454117"
"chr7","116733289","116733585","KN296825v1","1356655","1356956","55","115376634"
"chr7","116880559","116880861","KN297158v1","517648","517947","44","116362911"
"chr7","116947140","116947429","KN295225v1","1511499","1511788","26","115435641"
"chr7","117202118","117202438","KN296541v1","2026588","2026903","53","115175530"
"chr7","117280565","117280856","KN295225v1","1862588","1862872","34","115417977"
"chr7","117346274","117346554","KN295225v1","1933585","1933865","31","115412689"
"chr7","117635513","117635818","KN295225v1","1942340","1942650","37","115693173"
"chr7","117738878","117739170","KN297095v1","1470058","1470347","36","116268820"
"chr7","117797506","117797805","KN295225v1","2385037","2385346","32","115412469"
"chr7","117805135","117805439","KN296303v1","662776","663079","43","117142359"
"chr7","117813222","117813525","KN295225v1","2400455","2400759","22","115412767"
"chr7","117820586","117820889","KN296404v1","1183469","1183770","37","116637117"
"chr7","117849891","117850195","KN294571v1","890748","891049","37","116959143"
"chr7","117878955","117879229","KN297242v1","1698853","1699127","38","116180102"
"chr7","117887692","117887986","KN297159v1","1496468","1496749","47","116391224"
"chr7","117920681","117920976","KN297047v1","1316088","1316386","30","116604593"
"chr7","118058882","118059120","KN295405v1","757351","757593","38","117301531"
"chr7","118084760","118085072","KN294911v1","2842843","2843153","43","115241917"
"chr7","118091037","118091363","KN296357v1","245091","245396","70","117845946"
"chr7","118093321","118093621","KN294456v1","1098138","1098439","45","116995183"
"chr7","118134022","118134317","KN296520v1","474691","474989","44","117659331"
"chr7","118160206","118160502","KN294181v1","484229","484524","41","117675977"
"chr7","118188605","118188846","KN295835v1","199186","199432","47","117989419"
"chr7","118257400","118257683","KN296825v1","1575304","1575590","42","116682096"
"chr7","118267762","118268057","KN294937v1","266","558","29","118267496"
"chr7","118292968","118293272","KN295610v1","501770","502075","35","117791198"
"chr7","118296384","118296699","KN295487v1","52973","53281","35","118243411"
"chr7","118307276","118307585","KN295439v1","102691","103000","43","118204585"
"chr7","118326451","118326748","KN294571v1","1575904","1576204","33","116750547"
"chr7","118371648","118371950","KN294592v1","1268208","1268509","36","117103440"
"chr7","118371951","118372244","KN295633v1","375368","375661","45","117996583"
"chr7","118414776","118415032","KN297154v1","1647652","1647909","37","116767124"
"chr7","118415141","118415433","KN297458v1","476217","476510","38","117938924"
"chr7","118418051","118418348","KN294917v1","405138","405434","46","118012913"
"chr7","118425257","118425554","KN295405v1","1658681","1658979","35","116766576"
"chr7","118430016","118430295","KN296977v1","42110","42399","40","118387906"
"chr7","118454796","118455099","KN296682v1","5144925","5145221","37","113309871"
"chr7","118463785","118464076","KN296682v1","5144925","5145221","37","113318860"
"chr7","118464329","118464612","KN296122v1","387098","387375","37","118077231"
"chr7","118468391","118468697","KN294790v1","163386","163690","52","118305005"
"chr7","118476155","118476453","KN296225v1","765260","765548","40","117710895"
"chr7","118492883","118493132","KN297154v1","1616670","1616919","39","116876213"
"chr7","118521438","118521741","KN295607v1","466299","466596","40","118055139"
"chr7","118548825","118549120","KN295430v1","2554896","2555197","35","115993929"
"chr7","118583968","118584272","KN297046v1","2441561","2441865","35","116142407"
"chr7","118603250","118603551","KN296833v1","30824","31126","37","118572426"
"chr7","118647682","118648039","KN294257v1","2642468","2642800","76","116005214"
"chr7","118760550","118760841","KN296831v1","388107","388396","35","118372443"
"chr7","118773683","118773984","KN295607v1","4406348","4406645","33","114367335"
"chr7","118814379","118814669","KN296180v1","2431804","2432093","34","116382575"
"chr7","118914023","118914308","KN297190v1","1120539","1120821","52","117793484"
"chr7","118957916","118958246","KN294856v1","158144","158448","64","118799772"
"chr7","118994454","118994732","KN297242v1","2046546","2046825","38","116947908"
"chr7","119026132","119026426","KN297095v1","1116446","1116728","39","117909686"
"chr7","119055529","119055840","KN296404v1","2534470","2534781","36","116521059"
"chr7","119119443","119119743","KN294790v1","163386","163690","35","118956057"
"chr7","119142992","119143288","KN294561v1","1084406","1084703","37","118058586"
"chr7","119187783","119188067","KN295371v1","448057","448341","33","118739726"
"chr7","119230508","119230807","KN294539v1","1287945","1288241","40","117942563"
"chr7","119251311","119251625","KN295962v1","2135300","2135608","40","117116011"
"chr7","119367438","119367726","KN294739v1","792169","792464","51","118575269"
"chr7","119369260","119369566","KN295893v1","3487599","3487901","50","115881661"
"chr7","119516424","119516722","KN294193v1","686578","686868","48","118829846"
"chr7","119542851","119543150","KN294193v1","425211","425504","46","119117640"
"chr7","119552410","119552585","KN296153v1","1178114","1178285","23","118374296"
"chr7","119588690","119589001","KN294911v1","2389002","2389309","52","117199688"
"chr7","119720075","119720384","KN295922v1","130002","130315","36","119590073"
"chr7","119736119","119736428","KN296153v1","863239","863546","42","118872880"
"chr7","120064733","120065031","KN294790v1","163386","163690","42","119901347"
"chr7","120068713","120069014","KN294446v1","240983","241287","40","119827730"
"chr7","120274454","120274747","KN295366v1","124181","124471","32","120150273"
"chr7","120379702","120379982","KN294349v1","332823","333103","43","120046879"
"chr7","120492674","120492974","KN294456v1","1098138","1098439","37","119394536"
"chr7","120517490","120517742","KN295274v1","35011","35276","50","120482479"
"chr7","120544845","120545137","KN296595v1","42365","42662","45","120502480"
"chr7","120643142","120643454","KN294365v1","1975191","1975503","39","118667951"
"chr7","120795081","120795305","KN295977v1","1276894","1277103","56","119518187"
"chr7","120903612","120903861","KN294716v1","113806","114063","36","120789806"
"chr7","121156098","121156393","KN296557v1","13515","13811","42","121142583"
"chr7","121249688","121249939","KN294991v1","995507","995758","32","120254181"
"chr7","121349183","121349420","KN297227v1","932412","932647","32","120416771"
"chr7","121466160","121466451","KN297091v1","390538","390833","41","121075622"
"chr7","121622282","121622539","KN295671v1","190192","190451","42","121432090"
"chr7","121652963","121653261","KN296062v1","1409584","1409882","47","120243379"
"chr7","121703135","121703431","KN296557v1","13515","13811","30","121689620"
"chr7","121710047","121710373","KN295994v1","219265","219585","65","121490782"
"chr7","121780356","121780675","KN297091v1","54829","55135","38","121725527"
"chr7","121928945","121929252","KN296287v1","68923","69230","49","121860022"
"chr7","122027602","122027894","KN295361v1","824524","824814","37","121203078"
"chr7","122048479","122048796","KN295361v1","426092","426402","62","121622387"
"chr7","122133792","122134092","KN294172v1","6150520","6150824","55","115983272"
"chr7","122143573","122143870","KN296503v1","544133","544430","33","121599440"
"chr7","122190854","122191150","KN295459v1","673095","673397","42","121517759"
"chr7","122241610","122241916","KN296880v1","224650","224954","44","122016960"
"chr7","122285032","122285300","KN295294v1","1584706","1584973","38","120700326"
"chr7","122293595","122293895","KN296430v1","1105044","1105344","31","121188551"
"chr7","122399801","122400113","KN295301v1","761923","762233","37","121637878"
"chr7","122487260","122487558","KN295090v1","1516878","1517168","41","120970382"
"chr7","122568172","122568452","KN294561v1","1887166","1887450","48","120681006"
"chr7","122627538","122627842","KN294287v1","548150","548456","44","122079388"
"chr7","122731396","122731685","KN296495v1","1951647","1951933","36","120779749"
"chr7","122755300","122755573","KN295828v1","1498966","1499228","48","121256334"
"chr7","122783573","122783863","KN294193v1","425211","425504","37","122358362"
"chr7","123086950","123087241","KN295302v1","361165","361469","46","122725785"
"chr7","123168462","123168757","KN294433v1","594314","594613","39","122574148"
"chr7","123180501","123180816","KN296311v1","3556438","3556761","47","119624063"
"chr7","123448154","123448428","KN294187v1","1336441","1336715","48","122111713"
"chr7","123636542","123636830","KN295988v1","704187","704482","43","122932355"
"chr7","123656477","123656795","KN294176v1","294222","294532","40","123362255"
"chr7","123697907","123698204","KN295394v1","556635","556929","37","123141272"
"chr7","123750734","123750897","KN297038v1","301948","302109","33","123448786"
"chr7","123943686","123943978","KN294470v1","2136945","2137241","31","121806741"
"chr7","123950425","123950675","KN296307v1","88094","88346","28","123862331"
"chr7","123964939","123965250","KN294987v1","124730","125040","37","123840209"
"chr7","124009743","124010066","KN296178v1","892526","892831","52","123117217"
"chr7","124073998","124074300","KN297032v1","184087","184386","36","123889911"
"chr7","124109397","124109683","KN296803v1","224669","224962","33","123884728"
"chr7","124174655","124174962","KN296803v1","164662","164954","35","124009993"
"chr7","124269572","124269836","KN296803v1","72303","72574","26","124197269"
"chr7","124365263","124365615","KN296180v1","1077592","1077919","68","123287671"
"chr7","124395677","124395984","KN295607v1","3831101","3831405","40","120564576"
"chr7","124430454","124430757","KN296268v1","90924","91219","25","124339530"
"chr7","124431732","124432028","KN296268v1","92202","92503","35","124339530"
"chr7","124466814","124467116","KN294964v1","673814","674112","41","123793000"
"chr7","124485026","124485398","KN296268v1","149774","150119","49","124335252"
"chr7","124550337","124550633","KN296268v1","221204","221499","19","124329133"
"chr7","124575533","124575831","KN296268v1","246752","247046","41","124328781"
"chr7","124578464","124578782","KN297095v1","3657631","3657942","52","120920833"
"chr7","124595165","124595459","KN294848v1","554304","554596","38","124040861"
"chr7","124616490","124616777","KN296268v1","289924","290209","23","124326566"
"chr7","124682019","124682320","KN296268v1","375658","375960","23","124306361"
"chr7","124701552","124701818","KN296508v1","351218","351501","64","124350334"
"chr7","124758103","124758477","KN296268v1","451731","452072","65","124306372"
"chr7","124946482","124946748","KN296268v1","658233","658494","33","124288249"
"chr7","124967579","124967862","KN295371v1","448057","448341","29","124519522"
"chr7","124971350","124971651","KN296268v1","680616","680918","34","124290734"
"chr7","125048408","125048691","KN296485v1","492235","492517","35","124556173"
"chr7","125065419","125065721","KN296268v1","765647","765922","53","124299772"
"chr7","125122042","125122337","KN296268v1","846225","846520","24","124275817"
"chr7","125232968","125233310","KN296268v1","955901","956207","66","124277067"
"chr7","125238407","125238640","KN295405v1","757351","757593","63","124481056"
"chr7","125307431","125307722","KN296268v1","1027847","1028135","33","124279584"
"chr7","125322497","125322657","KN296096v1","1228527","1228687","26","124093970"
"chr7","125353446","125353745","KN296503v1","58212","58521","51","125295234"
"chr7","125365991","125366289","KN296268v1","1086355","1086636","33","124279636"
"chr7","125390763","125391065","KN294218v1","2833833","2834132","41","122556930"
"chr7","125467607","125467916","KN294630v1","686727","687035","39","124780880"
"chr7","125528057","125528359","KN296430v1","1105044","1105344","42","124423013"
"chr7","125557222","125557505","KN294302v1","756229","756509","43","124800993"
"chr7","125577983","125578164","KN294668v1","1588557","1588731","30","123989426"
"chr7","125578165","125578460","KN294937v1","266","558","32","125577899"
"chr7","125632584","125632869","KN294592v1","204469","204751","43","125428115"
"chr7","125656796","125657107","KN296345v1","595453","595763","38","125061343"
"chr7","126020610","126020917","KN295361v1","932292","932599","32","125088318"
"chr7","126027361","126027644","KN295371v1","448057","448341","49","125579304"
"chr7","126030815","126031120","KN295841v1","494485","494787","36","125536330"
"chr7","126120374","126120661","KN294848v1","1163682","1163967","45","124956692"
"chr7","126164051","126164340","KN296036v1","1895044","1895337","35","124269007"
"chr7","126208630","126208918","KN296145v1","109916","110193","57","126098714"
"chr7","126233785","126234094","KN297154v1","831565","831869","37","125402220"
"chr7","126236004","126236315","KN296484v1","351750","352061","41","125884254"
"chr7","126317106","126317419","KN295523v1","2925262","2925570","42","123391844"
"chr7","126365294","126365578","KN294396v1","277109","277392","35","126088185"
"chr7","126366463","126366764","KN295607v1","4377455","4377758","40","121989008"
"chr7","126485357","126485659","KN297095v1","3688420","3688721","35","122796937"
"chr7","126579415","126579726","KN295433v1","250702","251008","44","126328713"
"chr7","126610703","126610988","KN294193v1","568677","568960","37","126042026"
"chr7","126683507","126683811","KN297023v1","480259","480560","29","126203248"
"chr7","126789762","126790043","KN294470v1","2864797","2865078","31","123924965"
"chr7","126797922","126798213","KN294991v1","1838724","1839016","43","124959198"
"chr7","126898599","126898910","KN296404v1","2534470","2534781","43","124364129"
"chr7","126949960","126950226","KN297094v1","249212","249485","58","126700748"
"chr7","127020817","127021125","KN295810v1","910559","910851","45","126110258"
"chr7","127041319","127041614","KN295810v1","888193","888486","38","126153126"
"chr7","127084027","127084289","KN296154v1","1387123","1387387","53","125696904"
"chr7","127114160","127114429","KN296378v1","596986","597258","48","126517174"
"chr7","127219788","127220015","KN294172v1","648795","649032","54","126570993"
"chr7","127318124","127318381","KN294239v1","1589177","1589439","59","125728947"
"chr7","127347012","127347287","KN295202v1","1407634","1407910","39","125939378"
"chr7","127402803","127403107","KN295810v1","505063","505359","36","126897740"
"chr7","127414154","127414464","KN295810v1","493698","494005","30","126920456"
"chr7","127421818","127422122","KN295810v1","487051","487361","31","126934767"
"chr7","127425901","127426117","KN296139v1","203722","203935","27","127222179"
"chr7","127429860","127430079","KN295375v1","445479","445687","46","126984381"
"chr7","127508252","127508557","KN294175v1","11397","11693","44","127496855"
"chr7","127674007","127674310","KN295810v1","230469","230760","36","127443538"
"chr7","127746076","127746361","KN294539v1","1287945","1288241","39","126458131"
"chr7","127799631","127799896","KN295810v1","108220","108476","41","127691411"
"chr7","127842670","127842974","KN297023v1","480259","480560","41","127362411"
"chr7","127912329","127912640","KN296743v1","1756759","1757068","40","126155570"
"chr7","128062369","128062668","KN295198v1","274974","275272","42","127787395"
"chr7","128095251","128095548","KN296557v1","13515","13811","30","128081736"
"chr7","128214448","128214766","KN294911v1","2842843","2843153","49","125371605"
"chr7","128325069","128325372","KN294193v1","535425","535726","40","127789644"
"chr7","128415457","128415771","KN295977v1","526778","527087","48","127888679"
"chr7","128415828","128416111","KN294470v1","2130181","2130453","41","126285647"
"chr7","128437477","128437785","KN295091v1","2259731","2260040","39","126177746"
"chr7","128600554","128600865","KN297445v1","1504441","1504746","43","127096113"
"chr7","128616372","128616680","KN294603v1","63949","64255","40","128552423"
"chr7","128673392","128673679","KN297233v1","523000","523293","34","128150392"
"chr7","128815231","128815533","KN294451v1","1139913","1140218","37","127675318"
"chr7","129010720","129011014","KN294456v1","1143112","1143404","33","127867608"
"chr7","129098379","129098579","KN295930v1","759567","759739","60","128338812"
"chr7","129111436","129111738","KN294790v1","163386","163690","40","128948050"
"chr7","129140881","129141191","KN297245v1","1416081","1416379","42","127724800"
"chr7","129141720","129142014","KN297444v1","707518","707803","47","128434202"
"chr7","129144979","129145281","KN294603v1","63949","64255","41","129081030"
"chr7","129179756","129180068","KN295586v1","2796783","2797099","44","126382973"
"chr7","129207462","129207750","KN294147v1","1191891","1192182","37","128015571"
"chr7","129366857","129367129","KN294234v1","1480651","1480922","35","127886206"
"chr7","129368932","129369174","KN295405v1","757351","757593","35","128611581"
"chr7","129385878","129386192","KN296244v1","661876","662181","40","128724002"
"chr7","129400355","129400651","KN297032v1","184087","184386","39","129216268"
"chr7","129448988","129449304","KN296153v1","863239","863546","41","128585749"
"chr7","129456848","129457160","KN294378v1","1504358","1504668","59","127952490"
"chr7","129623182","129623489","KN297154v1","831565","831869","38","128791617"
"chr7","129653838","129654144","KN295154v1","52907","53218","36","129600931"
"chr7","129709984","129710275","KN295722v1","1532020","1532312","38","128177964"
"chr7","129717824","129718127","KN296357v1","653990","654295","32","129063834"
"chr7","129733972","129734237","KN296507v1","411949","412218","40","129322023"
"chr7","129821497","129821798","KN295605v1","85375","85671","37","129736122"
"chr7","129871485","129871756","KN294837v1","377251","377522","47","129494234"
"chr7","129880897","129881196","KN295343v1","729289","729587","37","129151608"
"chr7","129910204","129910487","KN294991v1","1868228","1868510","36","128041976"
"chr7","129924321","129924597","KN294980v1","299765","300038","44","129624556"
"chr7","129936060","129936358","KN296743v1","323605","323904","39","129612455"
"chr7","129952083","129952388","KN295352v1","490330","490634","42","129461753"
"chr7","129959437","129959733","KN296153v1","1115266","1115561","31","128844171"
"chr7","129960205","129960508","KN294705v1","2133551","2133857","45","127826654"
"chr7","129961153","129961402","KN295405v1","757351","757593","57","129203802"
"chr7","129963927","129964229","KN294326v1","309006","309309","36","129654921"
"chr7","129971355","129971517","KN294172v1","7074620","7074785","23","122896735"
"chr7","129979860","129980152","KN295835v1","84846","85139","24","129895014"
"chr7","129981666","129981977","KN294456v1","612494","612802","33","129369172"
"chr7","129983636","129983928","KN295480v1","1302107","1302401","32","128681529"
"chr7","129991908","129992208","KN296726v1","1134319","1134621","35","128857589"
"chr7","129996237","129996520","KN297112v1","5628371","5628661","52","124367866"
"chr7","130002227","130002524","KN295315v1","1175116","1175414","34","128827111"
"chr7","130008541","130008852","KN294842v1","1005503","1005813","40","129003038"
"chr7","130020858","130021161","KN294208v1","576366","576666","42","129444492"
"chr7","130023683","130023997","KN295326v1","192748","193053","50","129830935"
"chr7","130044838","130045144","KN294592v1","1321409","1321720","36","128723429"
"chr7","130058954","130059211","KN295090v1","2301101","2301348","38","127757853"
"chr7","130063991","130064291","KN294245v1","278878","279175","35","129785113"
"chr7","130068592","130068890","KN294470v1","764276","764573","45","129304316"
"chr7","130077883","130078195","KN295523v1","3762030","3762344","38","126315853"
"chr7","130078810","130079112","KN296852v1","128578","128879","50","129950232"
"chr7","130088565","130088860","KN294911v1","1933406","1933698","49","128155159"
"chr7","130098762","130099042","KN295459v1","1621495","1621779","36","128477267"
"chr7","130099789","130100084","KN296316v1","265694","265986","42","129834095"
"chr7","130105478","130105701","KN295405v1","757351","757593","50","129348127"
"chr7","130128009","130128302","KN296795v1","1228994","1229286","42","128899015"
"chr7","130139267","130139568","KN297008v1","1825305","1825608","44","128313962"
"chr7","130141281","130141580","KN295974v1","3009668","3009967","37","127131613"
"chr7","130150900","130151201","KN294407v1","3027269","3027567","42","127123631"
"chr7","130158371","130158660","KN294181v1","1424178","1424469","40","128734193"
"chr7","130173900","130174213","KN295962v1","2329043","2329352","35","127844857"
"chr7","130191610","130191921","KN294147v1","1624323","1624634","37","128567287"
"chr7","130197278","130197594","KN296145v1","3041503","3041815","42","127155775"
"chr7","130205224","130205513","KN294977v1","13264","13560","47","130191960"
"chr7","130264103","130264430","KN297038v1","1079540","1079856","41","129184563"
"chr7","130278606","130278893","KN295708v1","2784035","2784327","46","127494571"
"chr7","130342118","130342433","KN295922v1","130002","130315","35","130212116"
"chr7","130344356","130344660","KN295022v1","1147059","1147365","43","129197297"
"chr7","130400064","130400379","KN295605v1","466771","467082","39","129933293"
"chr7","130408735","130409032","KN295984v1","2382962","2383261","35","128025773"
"chr7","130424727","130425042","KN296000v1","208155","208467","41","130216572"
"chr7","130440943","130441237","KN296620v1","349918","350214","33","130091025"
"chr7","130441987","130442271","KN295962v1","1184367","1184651","30","129257620"
"chr7","130454764","130455066","KN294926v1","35872","36173","31","130418892"
"chr7","130459545","130459810","KN295601v1","1074382","1074645","40","129385163"
"chr7","130476545","130476840","KN294949v1","612975","613269","33","129863570"
"chr7","130501928","130502237","KN296547v1","922142","922450","31","129579786"
"chr7","130511849","130512172","KN295883v1","173429","173738","52","130338420"
"chr7","130516791","130517095","KN294367v1","7439","7744","41","130509352"
"chr7","130534226","130534398","KN297133v1","739701","739867","23","129794525"
"chr7","130553128","130553429","KN295893v1","201085","201389","35","130352043"
"chr7","130553675","130553982","KN297039v1","619271","619580","49","129934404"
"chr7","130562504","130562794","KN294269v1","1190734","1191020","34","129371770"
"chr7","130567159","130567470","KN294884v1","66822","67131","37","130500337"
"chr7","130576456","130576753","KN295114v1","157283","157573","38","130419173"
"chr7","130577128","130577426","KN295343v1","729289","729587","29","129847839"
"chr7","130591367","130591648","KN295371v1","448057","448341","43","130143310"
"chr7","130617610","130617902","KN294326v1","619990","620278","33","129997620"
"chr7","130640868","130641165","KN296557v1","13515","13811","40","130627353"
"chr7","130659551","130659847","KN294470v1","2136945","2137241","34","128522606"
"chr7","130674092","130674395","KN296345v1","121659","121957","43","130552433"
"chr7","130679286","130679571","KN294592v1","204469","204751","38","130474817"
"chr7","130679662","130679963","KN295487v1","52973","53281","36","130626689"
"chr7","130683116","130683398","KN294644v1","85408","85699","39","130597708"
"chr7","130688521","130688830","KN295936v1","2017050","2017357","40","128671471"
"chr7","130698574","130698880","KN294193v1","774395","774701","40","129924179"
"chr7","130713587","130713878","KN294385v1","1020800","1021091","45","129692787"
"chr7","130747497","130747795","KN294458v1","1049177","1049481","52","129698320"
"chr7","130749686","130750011","KN296643v1","47618","47923","49","130702068"
"chr7","130754763","130755065","KN297415v1","856410","856711","41","129898353"
"chr7","130762925","130763239","KN297190v1","4407451","4407761","45","126355474"
"chr7","130783588","130783886","KN294499v1","2005615","2005910","29","128777973"
"chr7","130796829","130797134","KN296507v1","384148","384451","34","130412681"
"chr7","130798580","130798903","KN296036v1","2314611","2314918","63","128483969"
"chr7","130800448","130800740","KN297403v1","283981","284275","53","130516467"
"chr7","130800982","130801284","KN295607v1","4377455","4377758","33","126423527"
"chr7","130819647","130819912","KN294733v1","634511","634774","28","130185136"
"chr7","130825453","130825775","KN294262v1","1962204","1962513","64","128863249"
"chr7","130838305","130838588","KN296119v1","5914350","5914624","43","124923955"
"chr7","130860972","130861266","KN297320v1","271981","272275","34","130588991"
"chr7","130876220","130876529","KN296852v1","90604","90913","33","130785616"
"chr7","130898060","130898360","KN294581v1","619147","619445","34","130278913"
"chr7","130959297","130959589","KN294644v1","85408","85699","36","130873889"
"chr7","130962962","130963255","KN295825v1","237107","237411","51","130725855"
"chr7","130980533","130980830","KN295871v1","615076","615373","33","130365457"
"chr7","130989396","130989707","KN295236v1","200846","201156","48","130788550"
"chr7","130991793","130992075","KN295750v1","151091","151370","36","130840702"
"chr7","130997434","130997726","KN294239v1","1737680","1737968","42","129259754"
"chr7","131008123","131008423","KN294879v1","76546","76849","39","130931577"
"chr7","131009313","131009610","KN296948v1","1329163","1329455","46","129680150"
"chr7","131024787","131025095","KN294470v1","2878982","2879283","39","128145805"
"chr7","131031510","131031818","KN294884v1","66822","67131","32","130964688"
"chr7","131056226","131056528","KN294456v1","592934","593237","37","130463292"
"chr7","131066813","131067102","KN296357v1","428161","428440","45","130638652"
"chr7","131081332","131081630","KN294446v1","399227","399517","39","130682105"
"chr7","131101579","131101889","KN296167v1","450049","450355","47","130651530"
"chr7","131135621","131135917","KN296430v1","1136125","1136422","38","129999496"
"chr7","131152886","131153179","KN294705v1","867156","867449","36","130285730"
"chr7","131158802","131159113","KN297133v1","1028720","1029024","37","130130082"
"chr7","131162661","131162960","KN296303v1","662776","663079","33","130499885"
"chr7","131164844","131165129","KN296732v1","3500265","3500553","47","127664579"
"chr7","131166285","131166583","KN294292v1","12015","12314","29","131154270"
"chr7","131178440","131178768","KN295202v1","965952","966266","57","130212488"
"chr7","131195630","131195926","KN295666v1","163031","163330","39","131032599"
"chr7","131211878","131212093","KN296921v1","1382942","1383157","29","129828936"
"chr7","131236390","131236693","KN297023v1","480259","480560","25","130756131"
"chr7","131245454","131245753","KN294456v1","1098138","1098439","33","130147316"
"chr7","131269649","131269936","KN294470v1","2846731","2847026","45","128422918"
"chr7","131272464","131272633","KN296357v1","29492","29658","26","131242972"
"chr7","131276020","131276330","KN296178v1","1018648","1018960","38","130257372"
"chr7","131285053","131285352","KN296290v1","2835133","2835429","39","128449920"
"chr7","131288942","131289249","KN295459v1","1335733","1336041","36","129953209"
"chr7","131301170","131301467","KN297233v1","523000","523293","34","130778170"
"chr7","131306313","131306621","KN295236v1","764998","765304","35","130541315"
"chr7","131309546","131309841","KN295308v1","2364085","2364379","39","128945461"
"chr7","131322244","131322551","KN297159v1","1746938","1747242","39","129575306"
"chr7","131327379","131327656","KN297112v1","2462095","2462371","33","128865284"
"chr7","131331812","131332118","KN294879v1","76546","76849","36","131255266"
"chr7","131361943","131362208","KN296820v1","1306714","1306983","41","130055229"
"chr7","131365260","131365573","KN297259v1","518293","518598","43","130846967"
"chr7","131370225","131370522","KN294842v1","192762","193057","33","131177463"
"chr7","131377839","131378143","KN296743v1","348267","348572","42","131029572"
"chr7","131384020","131384316","KN294180v1","5181","5476","36","131378839"
"chr7","131391852","131392155","KN296635v1","3876048","3876352","37","127515804"
"chr7","131392411","131392702","KN296948v1","1121460","1121747","42","130270951"
"chr7","131411494","131411786","KN297154v1","1028437","1028736","39","130383057"
"chr7","131416107","131416418","KN295366v1","78980","79290","35","131337127"
"chr7","131420513","131420811","KN294245v1","1061416","1061713","38","130359097"
"chr7","131425346","131425617","KN296158v1","1192523","1192804","45","130232823"
"chr7","131435397","131435692","KN294147v1","1191891","1192182","36","130243506"
"chr7","131443984","131444271","KN296261v1","620490","620771","36","130823494"
"chr7","131449688","131449888","KN296426v1","64367","64561","27","131385321"
"chr7","131452700","131452980","KN294592v1","1280151","1280446","44","130172549"
"chr7","131457199","131457502","KN296315v1","1469313","1469614","45","129987886"
"chr7","131458537","131458843","KN296205v1","1038770","1039076","38","130419767"
"chr7","131468264","131468559","KN296145v1","3072127","3072422","33","128396137"
"chr7","131471392","131471693","KN296635v1","3876048","3876352","36","127595344"
"chr7","131486582","131486886","KN294539v1","1287945","1288241","37","130198637"
"chr7","131494479","131494637","KN296580v1","567614","567775","30","130926865"
"chr7","131495033","131495323","KN294161v1","945982","946272","36","130549051"
"chr7","131500032","131500313","KN294172v1","6899580","6899857","39","124600452"
"chr7","131503482","131503793","KN296306v1","1908527","1908848","54","129594955"
"chr7","131506378","131506690","KN294592v1","144298","144605","44","131362080"
"chr7","131510816","131511101","KN295059v1","242847","243129","40","131267969"
"chr7","131512745","131513046","KN296187v1","1209536","1209835","39","130303209"
"chr7","131520239","131520584","KN296883v1","1027413","1027756","74","130492826"
"chr7","131529581","131529873","KN296253v1","1315417","1315709","37","130214164"
"chr7","131530286","131530578","KN296732v1","3297760","3298052","40","128232526"
"chr7","131537505","131537823","KN294705v1","623696","624002","44","130913809"
"chr7","131541558","131541863","KN294493v1","70687","70990","45","131470871"
"chr7","131546912","131547211","KN296803v1","224669","224962","46","131322243"
"chr7","131551737","131552002","KN296577v1","302331","302604","39","131249406"
"chr7","131552003","131552042","KN296096v1","2690101","2690141","10","128861902"
"chr7","131560577","131560881","KN294911v1","2389002","2389309","36","129171575"
"chr7","131562558","131562869","KN296096v1","2349554","2349864","43","129213004"
"chr7","131568774","131569062","KN294705v1","1733870","1734159","42","129834904"
"chr7","131572343","131572642","KN294540v1","1087160","1087463","42","130485183"
"chr7","131586184","131586495","KN296167v1","450049","450355","43","131136135"
"chr7","131593287","131593593","KN296864v1","3164724","3165032","39","128428563"
"chr7","131599090","131599378","KN294181v1","1424178","1424469","34","130174912"
"chr7","131603197","131603498","KN294378v1","1174635","1174937","28","130428562"
"chr7","131606806","131607095","KN296620v1","349918","350214","33","131256888"
"chr7","131608869","131609178","KN294446v1","240983","241287","39","131367886"
"chr7","131622237","131622540","KN294378v1","696718","697020","31","130925519"
"chr7","131629836","131630157","KN295705v1","1813723","1814029","62","129816113"
"chr7","131644416","131644708","KN294193v1","290850","291158","51","131353566"
"chr7","131651978","131652265","KN294741v1","2200445","2200752","58","129451533"
"chr7","131655780","131656077","KN294561v1","1084406","1084703","29","130571374"
"chr7","131673355","131673654","KN296682v1","1930392","1930690","28","129742963"
"chr7","131690236","131690535","KN296153v1","3180819","3181114","35","128509417"
"chr7","131709231","131709323","KN296247v1","989185","989276","14","130720046"
"chr7","131709680","131709857","KN296732v1","3433669","3433837","52","128276011"
"chr7","131724065","131724367","KN297190v1","1227871","1228167","45","130496194"
"chr7","131726634","131726849","KN295962v1","2390058","2390278","29","129336576"
"chr7","131775399","131775702","KN295835v1","102943","103243","30","131672456"
"chr7","131787500","131787802","KN295893v1","5868753","5869051","31","125918747"
"chr7","131824955","131825245","KN294193v1","425211","425504","32","131399744"
"chr7","131826748","131827053","KN295077v1","473294","473605","35","131353454"
"chr7","131849884","131850181","KN296831v1","574957","575252","37","131274927"
"chr7","131885048","131885361","KN294446v1","240983","241287","44","131644065"
"chr7","131891812","131892120","KN296495v1","550769","551079","31","131341043"
"chr7","131898539","131898805","KN296381v1","571093","571360","37","131327446"
"chr7","131913614","131913926","KN295366v1","78980","79290","41","131834634"
"chr7","131922207","131922520","KN296833v1","30824","31126","44","131891383"
"chr7","131931527","131931830","KN294407v1","2317315","2317623","42","129614212"
"chr7","131935355","131935654","KN296008v1","217357","217656","31","131717998"
"chr7","131937090","131937381","KN294937v1","266","558","31","131936824"
"chr7","131952667","131952978","KN294245v1","511576","511887","42","131441091"
"chr7","132007530","132007802","KN294172v1","5280504","5280773","41","126727026"
"chr7","132046710","132047015","KN295974v1","3088909","3089213","39","128957801"
"chr7","132101225","132101412","KN294548v1","1253956","1254133","27","130847269"
"chr7","132168939","132169234","KN296381v1","114561","114857","34","132054378"
"chr7","132198390","132198684","KN294172v1","822922","823215","33","131375468"
"chr7","132238638","132238949","KN294457v1","1128179","1128489","45","131110459"
"chr7","132244161","132244342","KN295744v1","169695","169873","29","132074466"
"chr7","132296710","132297033","KN294378v1","1504358","1504668","48","130792352"
"chr7","132324910","132325173","KN294172v1","1540690","1540957","40","130784220"
"chr7","132330951","132331248","KN296305v1","652930","653232","34","131678021"
"chr7","132331468","132331793","KN295257v1","1404223","1404534","63","130927245"
"chr7","132337415","132337750","KN294911v1","2425497","2425828","49","129911918"
"chr7","132351508","132351803","KN294470v1","521836","522129","40","131829672"
"chr7","132380845","132381145","KN295758v1","468479","468777","34","131912366"
"chr7","132386247","132386546","KN296481v1","227710","228012","46","132158537"
"chr7","132412904","132413193","KN297197v1","197080","197368","26","132215824"
"chr7","132414710","132415013","KN297276v1","74967","75265","35","132339743"
"chr7","132445909","132446203","KN295871v1","681623","681917","29","131764286"
"chr7","132450160","132450469","KN296303v1","514845","515157","32","131935315"
"chr7","132451795","132452096","KN294199v1","636506","636815","47","131815289"
"chr7","132452533","132452807","KN296864v1","1076694","1076968","35","131375839"
"chr7","132477056","132477358","KN295735v1","713972","714275","42","131763084"
"chr7","132507161","132507448","KN294879v1","520786","521080","43","131986375"
"chr7","132522217","132522522","KN294662v1","146480","146789","49","132375737"
"chr7","132538702","132538997","KN295601v1","3238589","3238887","30","129300113"
"chr7","132539638","132539935","KN294470v1","2136945","2137241","34","130402693"
"chr7","132548202","132548478","KN297227v1","1056905","1057180","46","131491297"
"chr7","132557436","132557725","KN296096v1","2690428","2690710","45","129867008"
"chr7","132590005","132590312","KN296153v1","1336190","1336496","48","131253815"
"chr7","132622122","132622422","KN296635v1","3876048","3876352","41","128746074"
"chr7","132634051","132634336","KN296588v1","943378","943667","50","131690673"
"chr7","132645182","132645466","KN294592v1","84860","85157","51","132560322"
"chr7","132667927","132668234","KN296406v1","250415","250727","30","132417512"
"chr7","132679182","132679496","KN296486v1","82397","82708","49","132596785"
"chr7","132688525","132688815","KN295923v1","1905116","1905403","38","130783409"
"chr7","132711943","132712252","KN295319v1","42222","42534","41","132669721"
"chr7","132732886","132733203","KN296205v1","1038770","1039076","46","131694116"
"chr7","132752378","132752675","KN295480v1","1302107","1302401","30","131450271"
"chr7","132853666","132853952","KN295059v1","242847","243129","32","132610819"
"chr7","132908481","132908774","KN294346v1","580047","580350","35","132328434"
"chr7","132920154","132920452","KN294346v1","568256","568555","36","132351898"
"chr7","133002018","133002218","KN295977v1","1276894","1277103","46","131725124"
"chr7","133005586","133005871","KN295241v1","197736","198025","36","132807850"
"chr7","133012360","133012653","KN294325v1","1015803","1016101","42","131996557"
"chr7","133018175","133018483","KN295929v1","457065","457374","41","132561110"
"chr7","133058271","133058576","KN294346v1","420207","420510","28","132638064"
"chr7","133061330","133061632","KN294346v1","416646","416954","24","132644684"
"chr7","133067052","133067348","KN294346v1","410894","411188","21","132656158"
"chr7","133068639","133068936","KN294346v1","409629","409925","20","132659010"
"chr7","133071017","133071320","KN294346v1","407250","407537","42","132663767"
"chr7","133071321","133071625","KN296062v1","1257821","1258128","26","131813500"
"chr7","133073698","133074012","KN295735v1","1160753","1161064","42","131912945"
"chr7","133076055","133076370","KN294346v1","402546","402856","35","132673509"
"chr7","133085249","133085559","KN294705v1","186396","186702","37","132898853"
"chr7","133117791","133118100","KN294856v1","158144","158448","44","132959647"
"chr7","133174271","133174549","KN294346v1","304921","305201","25","132869350"
"chr7","133183347","133183626","KN296864v1","1076694","1076968","45","132106653"
"chr7","133185802","133186110","KN297408v1","73718","74022","46","133112084"
"chr7","133186910","133187216","KN294548v1","1161001","1161308","46","132025909"
"chr7","133206466","133206765","KN294346v1","270651","270942","49","132935815"
"chr7","133231216","133231519","KN294346v1","245866","246174","42","132985350"
"chr7","133236208","133236490","KN295350v1","663485","663764","39","132572723"
"chr7","133254930","133255219","KN294346v1","220389","220686","32","133034541"
"chr7","133349157","133349455","KN294346v1","131052","131358","29","133218105"
"chr7","133450148","133450441","KN294346v1","26459","26748","29","133423689"
"chr7","133525923","133526183","KN294991v1","995507","995758","37","132530416"
"chr7","133568225","133568538","KN296252v1","107598","107910","30","133460627"
"chr7","133618173","133618482","KN294456v1","1098138","1098439","36","132520035"
"chr7","133761142","133761448","KN295405v1","50804","51115","42","133710338"
"chr7","133838980","133839288","KN294466v1","12634","12944","37","133826346"
"chr7","133952448","133952753","KN296252v1","490569","490870","28","133461879"
"chr7","134009990","134010300","KN296503v1","539763","540066","38","133470227"
"chr7","134079977","134080280","KN296011v1","48434","48734","44","134031543"
"chr7","134185338","134185643","KN296252v1","718080","718390","34","133467258"
"chr7","134215492","134215822","KN296825v1","1012135","1012463","52","133203357"
"chr7","134306109","134306417","KN295236v1","2242707","2243018","37","132063402"
"chr7","134337612","134337906","KN295405v1","1158904","1159199","45","133178708"
"chr7","134394359","134394663","KN295548v1","17538","17846","42","134376821"
"chr7","134408521","134408809","KN295692v1","1195541","1195822","51","133212980"
"chr7","134453150","134453461","KN295260v1","2208269","2208579","37","132244881"
"chr7","134501949","134502217","KN296495v1","672876","673147","47","133829073"
"chr7","134504252","134504554","KN294995v1","15599","15901","34","134488653"
"chr7","134581402","134581699","KN294917v1","401690","401984","42","134179712"
"chr7","134582626","134582920","KN296547v1","396597","396892","33","134186029"
"chr7","134598524","134598835","KN295236v1","3914928","3915239","38","130683596"
"chr7","134615734","134616026","KN295708v1","2784035","2784327","41","131831699"
"chr7","134618076","134618388","KN295962v1","795296","795601","56","133822780"
"chr7","134620583","134620871","KN296138v1","547660","547948","37","134072923"
"chr7","134623364","134623664","KN296311v1","768493","768797","39","133854871"
"chr7","134638536","134638822","KN295962v1","1184367","1184651","37","133454169"
"chr7","134642333","134642630","KN296468v1","19549","19847","32","134622784"
"chr7","134653911","134654207","KN296322v1","1679153","1679449","40","132974758"
"chr7","134654672","134654988","KN295605v1","466771","467082","46","134187901"
"chr7","134657032","134657342","KN296484v1","351750","352061","30","134305282"
"chr7","134661547","134661853","KN296153v1","1336190","1336496","32","133325357"
"chr7","134669082","134669412","KN295533v1","2697844","2698176","51","131971238"
"chr7","134699258","134699564","KN295607v1","4377455","4377758","35","130321803"
"chr7","134741497","134741797","KN296430v1","1105044","1105344","39","133636453"
"chr7","134775285","134775592","KN297130v1","42331","42642","48","134732954"
"chr7","134811308","134811593","KN295910v1","140053","140343","47","134671255"
"chr7","134868195","134868484","KN294407v1","598111","598399","36","134270084"
"chr7","134870074","134870388","KN294911v1","2389002","2389309","44","132481072"
"chr7","134977444","134977732","KN295828v1","1278471","1278759","36","133698973"
"chr7","135029827","135030126","KN295420v1","208371","208668","40","134821456"
"chr7","135049820","135050118","KN296682v1","1930392","1930690","39","133119428"
"chr7","135090425","135090708","KN296726v1","976648","976930","36","134113777"
"chr7","135164493","135164802","KN294172v1","2351727","2352031","42","132812766"
"chr7","135281321","135281611","KN294172v1","6311128","6311420","37","128970193"
"chr7","135354666","135354974","KN296505v1","355465","355772","39","134999201"
"chr7","135387891","135388182","KN294326v1","619990","620278","29","134767901"
"chr7","135394568","135394793","KN297186v1","50383","50628","52","135344185"
"chr7","135508199","135508484","KN294262v1","1853203","1853493","41","133654996"
"chr7","135589958","135590258","KN295601v1","3238589","3238887","41","132351369"
"chr7","135593336","135593644","KN294998v1","39961","40266","43","135553375"
"chr7","135629521","135629817","KN296153v1","1090111","1090408","37","134539410"
"chr7","135683703","135684000","KN294172v1","822922","823215","43","134860781"
"chr7","135746262","135746565","KN294539v1","1287945","1288241","43","134458317"
"chr7","135779013","135779307","KN294407v1","3027269","3027567","35","132751744"
"chr7","135813438","135813729","KN294790v1","163386","163690","43","135650052"
"chr7","135830243","135830533","KN294161v1","188155","188445","42","135642088"
"chr7","135876951","135877244","KN294470v1","2136945","2137241","33","133740006"
"chr7","135892232","135892473","KN295869v1","1570001","1570244","33","134322231"
"chr7","135912922","135913228","KN294879v1","124236","124543","35","135788686"
"chr7","135946331","135946619","KN296732v1","1479099","1479390","37","134467232"
"chr7","135972740","135973028","KN294439v1","225059","225346","35","135747681"
"chr7","135994964","135995264","KN295484v1","112916","113213","39","135882048"
"chr7","135998144","135998383","KN294809v1","52093","52329","44","135946051"
"chr7","136008965","136009229","KN294375v1","735728","735990","44","135273237"
"chr7","136044648","136044925","KN296253v1","1315417","1315709","52","134729231"
"chr7","136155233","136155542","KN296484v1","351750","352061","35","135803483"
"chr7","136170658","136170937","KN295459v1","361703","361982","33","135808955"
"chr7","136172910","136173221","KN296404v1","2968202","2968511","41","133204708"
"chr7","136197407","136197694","KN296948v1","1329163","1329455","41","134868244"
"chr7","136239882","136240200","KN296167v1","450049","450355","45","135789833"
"chr7","136242160","136242466","KN295326v1","192748","193053","38","136049412"
"chr7","136294736","136294989","KN297038v1","314696","314959","35","135980040"
"chr7","136323279","136323577","KN295586v1","1834408","1834703","38","134488871"
"chr7","136352215","136352521","KN295236v1","3724232","3724537","37","132627983"
"chr7","136359911","136360197","KN296782v1","150740","151021","32","136209171"
"chr7","136366089","136366389","KN296782v1","141855","142159","33","136224234"
"chr7","136377762","136378069","KN296782v1","130432","130737","32","136247330"
"chr7","136385767","136385872","KN294844v1","120441","120542","36","136265326"
"chr7","136409337","136409589","KN295243v1","1473974","1474238","46","134935363"
"chr7","136446199","136446495","KN296782v1","57075","57374","27","136389124"
"chr7","136567310","136567613","KN294987v1","337087","337390","43","136230223"
"chr7","136592744","136593047","KN294446v1","240983","241287","34","136351761"
"chr7","136650992","136651295","KN295315v1","1178596","1178904","33","135472396"
"chr7","136672595","136672840","KN295405v1","757351","757593","38","135915244"
"chr7","136678999","136679303","KN294172v1","6342004","6342313","39","130336995"
"chr7","136704562","136704836","KN294187v1","1336441","1336715","34","135368121"
"chr7","136731735","136732053","KN296036v1","1044138","1044445","47","135687597"
"chr7","136762797","136763103","KN295736v1","462563","462871","39","136300234"
"chr7","136795700","136795969","KN296063v1","94566","94836","38","136701134"
"chr7","136797197","136797508","KN294668v1","2184920","2185228","41","134612277"
"chr7","136846517","136846855","KN295735v1","713634","713968","44","136132883"
"chr7","136956241","136956549","KN297233v1","1268950","1269257","30","135687291"
"chr7","136971730","136972027","KN294457v1","827198","827482","47","136144532"
"chr7","136977209","136977518","KN297233v1","1246804","1247112","24","135730405"
"chr7","137009945","137010240","KN297233v1","1217623","1217919","25","135792322"
"chr7","137018508","137018767","KN295667v1","530786","531055","52","136487722"
"chr7","137028183","137028495","KN294434v1","711034","711345","46","136317149"
"chr7","137029594","137029905","KN296167v1","450049","450355","41","136579545"
"chr7","137043241","137043552","KN297233v1","1181116","1181427","21","135862125"
"chr7","137048600","137048913","KN295433v1","250702","251008","33","136797898"
"chr7","137049738","137050017","KN297233v1","1174324","1174618","39","135875414"
"chr7","137061116","137061386","KN294251v1","1151512","1151787","47","135909604"
"chr7","137074083","137074371","KN297233v1","1152938","1153232","44","135921145"
"chr7","137078632","137078943","KN296036v1","2062557","2062868","38","135016075"
"chr7","137099526","137099828","KN294911v1","3904036","3904337","45","133195490"
"chr7","137144827","137145132","KN297233v1","1081328","1081614","42","136063499"
"chr7","137149173","137149470","KN296620v1","349918","350214","33","136799255"
"chr7","137158247","137158557","KN297233v1","1068906","1069205","37","136089341"
"chr7","137179027","137179326","KN297047v1","3987588","3987889","32","133191439"
"chr7","137189064","137189371","KN296948v1","753494","753805","38","136435570"
"chr7","137189380","137189672","KN297233v1","1037453","1037737","32","136151927"
"chr7","137193411","137193721","KN297233v1","1033390","1033700","25","136160021"
"chr7","137226049","137226362","KN297233v1","1000527","1000823","38","136225522"
"chr7","137228463","137228774","KN296349v1","45344","45654","44","137183119"
"chr7","137266686","137266989","KN297233v1","959464","959750","43","136307222"
"chr7","137273130","137273438","KN295725v1","1491760","1492071","44","135781370"
"chr7","137321277","137321567","KN297233v1","903856","904144","27","136417421"
"chr7","137326463","137326701","KN295820v1","956662","956899","35","136369801"
"chr7","137330435","137330739","KN297233v1","894822","895123","26","136435613"
"chr7","137386361","137386517","KN297404v1","166788","166945","28","137219573"
"chr7","137396327","137396632","KN297233v1","829597","829899","31","136566730"
"chr7","137411938","137412246","KN296486v1","1608152","1608458","31","135803786"
"chr7","137424765","137425062","KN297233v1","804308","804610","30","136620457"
"chr7","137472930","137473199","KN297171v1","2628817","2629092","33","134844113"
"chr7","137480520","137480793","KN296732v1","2489188","2489459","31","134991332"
"chr7","137489922","137490233","KN297233v1","732919","733230","32","136757003"
"chr7","137536722","137537011","KN296833v1","94676","94959","41","137442046"
"chr7","137545717","137546042","KN294650v1","1168100","1168417","46","136377617"
"chr7","137571632","137571905","KN295459v1","446023","446297","35","137125609"
"chr7","137593772","137594055","KN297233v1","632223","632509","38","136961549"
"chr7","137671093","137671397","KN294995v1","15599","15901","34","137655494"
"chr7","137690467","137690777","KN297233v1","531932","532241","43","137158535"
"chr7","137698954","137699259","KN294879v1","533741","534047","32","137165213"
"chr7","137705795","137706078","KN297133v1","1050067","1050361","31","136655728"
"chr7","137744932","137745230","KN294917v1","405138","405434","33","137339794"
"chr7","137782739","137782938","KN294619v1","857264","857467","37","136925475"
"chr7","137792240","137792470","KN296754v1","219855","220085","31","137572385"
"chr7","137793414","137793724","KN297233v1","422813","423114","38","137370601"
"chr7","137886940","137887237","KN297233v1","329187","329473","43","137557753"
"chr7","137913887","137914174","KN295561v1","109790","110077","36","137804097"
"chr7","138003721","138004014","KN294457v1","143891","144185","40","137859830"
"chr7","138046254","138046534","KN297233v1","159613","159886","29","137886641"
"chr7","138109049","138109350","KN296743v1","857097","857399","46","137251952"
"chr7","138144252","138144541","KN296859v1","1581704","1581985","41","136562548"
"chr7","138233545","138233847","KN294391v1","15147","15447","32","138218398"
"chr7","138339821","138340091","KN296538v1","846206","846465","39","137493615"
"chr7","138344859","138345146","KN295371v1","448057","448341","39","137896802"
"chr7","138440431","138440739","KN294957v1","62097","62408","44","138378334"
"chr7","138450946","138451266","KN294831v1","636694","637019","48","137814252"
"chr7","138479615","138479925","KN294539v1","2257374","2257680","38","136222241"
"chr7","138644920","138645220","KN295719v1","189138","189434","40","138455782"
"chr7","138676938","138677249","KN295883v1","173429","173738","43","138503509"
"chr7","138682604","138682926","KN296311v1","497102","497413","40","138185502"
"chr7","138795752","138796057","KN295430v1","2554896","2555197","44","136240856"
"chr7","138901976","138902287","KN296880v1","293276","293589","45","138608700"
"chr7","139035150","139035466","KN296498v1","487017","487330","48","138548133"
"chr7","139108567","139108884","KN296322v1","761697","762008","50","138346870"
"chr7","139163038","139163336","KN294187v1","358912","359207","33","138804126"
"chr7","139163821","139164124","KN294713v1","618006","618303","44","138545815"
"chr7","139241563","139241874","KN294536v1","1867889","1868199","41","137373674"
"chr7","139279056","139279351","KN296495v1","1362607","1362899","33","137916449"
"chr7","139380250","139380522","KN295633v1","1370340","1370621","44","138009910"
"chr7","139435277","139435576","KN296311v1","1144973","1145263","46","138290304"
"chr7","139543891","139544190","KN296287v1","119329","119630","37","139424562"
"chr7","139575263","139575573","KN294456v1","612494","612802","37","138962769"
"chr7","139580177","139580482","KN294326v1","309006","309309","36","139271171"
"chr7","139588124","139588428","KN296442v1","420929","421232","35","139167195"
"chr7","139635123","139635426","KN296153v1","1139735","1140034","49","138495388"
"chr7","139641176","139641478","KN295984v1","2382962","2383261","34","137258214"
"chr7","139655420","139655706","KN295933v1","86787","87083","50","139568633"
"chr7","139667145","139667432","KN297458v1","476217","476510","35","139190928"
"chr7","139681499","139681571","KN295667v1","611175","611238","28","139070324"
"chr7","139702507","139702812","KN294873v1","1602078","1602381","36","138100429"
"chr7","139721433","139721740","KN294407v1","2157068","2157379","39","137564365"
"chr7","139729828","139730136","KN296153v1","1336190","1336496","33","138393638"
"chr7","139730137","139730231","KN296557v1","250189","250273","33","139479948"
"chr7","139737063","139737376","KN295922v1","130002","130315","41","139607061"
"chr7","139768687","139768999","KN294257v1","379317","379626","37","139389370"
"chr7","139775112","139775405","KN297431v1","400758","401053","37","139374354"
"chr7","139797908","139798209","KN296000v1","1030238","1030539","36","138767670"
"chr7","139830453","139830741","KN297319v1","275327","275616","39","139555126"
"chr7","139840853","139841072","KN296386v1","459648","459872","37","139381205"
"chr7","139841410","139841498","KN296982v1","410288","410373","15","139431122"
"chr7","139850517","139850827","KN295748v1","161587","161896","35","139688930"
"chr7","139868436","139868733","KN294501v1","19038","19338","52","139849398"
"chr7","139872075","139872369","KN294161v1","311681","311990","44","139560394"
"chr7","139873794","139874080","KN294806v1","681476","681761","32","139192318"
"chr7","139878409","139878709","KN295923v1","1690183","1690476","50","138188226"
"chr7","139880637","139880932","KN296595v1","42365","42662","30","139838272"
"chr7","139888042","139888352","KN295301v1","761923","762233","40","139126119"
"chr7","139895498","139895808","KN295243v1","53573","53883","33","139841925"
"chr7","139904196","139904498","KN294456v1","612494","612802","51","139291702"
"chr7","139905015","139905309","KN296357v1","559775","560070","34","139345240"
"chr7","139914203","139914487","KN296162v1","616557","616842","33","139297646"
"chr7","139942832","139943147","KN295667v1","1695804","1696115","41","138247028"
"chr7","139943255","139943584","KN295708v1","219821","220134","54","139723434"
"chr7","139944481","139944781","KN295301v1","716124","716425","35","139228357"
"chr7","139989658","139989963","KN296502v1","1403084","1403395","48","138586574"
"chr7","139990485","139990792","KN295315v1","1178596","1178904","43","138811889"
"chr7","140019297","140019567","KN294172v1","4940663","4940925","44","135078634"
"chr7","140061261","140061568","KN295366v1","78980","79290","34","139982281"
"chr7","140062835","140063147","KN296484v1","351750","352061","42","139711085"
"chr7","140097574","140097877","KN295633v1","323295","323596","43","139774279"
"chr7","140102910","140103185","KN294192v1","466212","466487","49","139636698"
"chr7","140104860","140105171","KN295090v1","1832957","1833265","41","138271903"
"chr7","140109962","140110167","KN296775v1","236834","237034","31","139873128"
"chr7","140111354","140111652","KN294407v1","3027269","3027567","42","137084085"
"chr7","140112760","140113034","KN296122v1","387098","387375","37","139725662"
"chr7","140117714","140118007","KN295204v1","3993","4290","40","140113721"
"chr7","140123130","140123438","KN295814v1","1261993","1262292","40","138861137"
"chr7","140130404","140130713","KN296306v1","3682608","3682916","38","136447796"
"chr7","140131582","140131892","KN295326v1","192748","193053","34","139938834"
"chr7","140133247","140133547","KN294837v1","444660","444962","39","139688587"
"chr7","140135290","140135598","KN294375v1","493338","493642","41","139641952"
"chr7","140146145","140146416","KN297276v1","475868","476140","37","139670277"
"chr7","140153261","140153563","KN295814v1","715541","715839","43","139437720"
"chr7","140171812","140172128","KN297133v1","1603609","1603918","42","138568203"
"chr7","140172712","140172932","KN295977v1","1276894","1277103","52","138895818"
"chr7","140174232","140174516","KN296847v1","889254","889548","50","139284978"
"chr7","140178148","140178457","KN296528v1","1455309","1455620","38","138722839"
"chr7","140179725","140179974","KN296520v1","405603","405840","45","139774122"
"chr7","140180194","140180501","KN296430v1","1105044","1105344","36","139075150"
"chr7","140184913","140185197","KN294244v1","56461","56743","41","140128452"
"chr7","140188290","140188581","KN294193v1","425211","425504","27","139763079"
"chr7","140198451","140198768","KN295315v1","133371","133680","50","140065080"
"chr7","140199773","140200065","KN295731v1","46961","47258","41","140152812"
"chr7","140202914","140203209","KN294269v1","550588","550887","41","139652326"
"chr7","140209252","140209554","KN295459v1","673095","673397","50","139536157"
"chr7","140213910","140214211","KN294561v1","1084406","1084703","38","139129504"
"chr7","140214811","140215103","KN294444v1","166708","167002","32","140048103"
"chr7","140215425","140215721","KN295420v1","208371","208668","40","140007054"
"chr7","140217684","140217997","KN294378v1","1504358","1504668","44","138713326"
"chr7","140222394","140222700","KN296187v1","887246","887553","46","139335148"
"chr7","140225776","140226063","KN296508v1","1887999","1888284","34","138337777"
"chr7","140227725","140228032","KN296119v1","1028288","1028598","37","139199437"
"chr7","140228691","140228959","KN295633v1","1133330","1133601","39","139095361"
"chr7","140230762","140231070","KN294558v1","721959","722270","35","139508803"
"chr7","140238910","140239214","KN295257v1","1225806","1226107","38","139013104"
"chr7","140240714","140241009","KN294470v1","2136945","2137241","38","138103769"
"chr7","140242618","140242928","KN296731v1","1167793","1168104","41","139074825"
"chr7","140248828","140249142","KN296096v1","3007843","3008147","47","137240985"
"chr7","140266773","140267073","KN294581v1","534640","534938","31","139732133"
"chr7","140270531","140270828","KN295077v1","882412","882709","34","139388119"
"chr7","140275263","140275553","KN297452v1","2510191","2510483","33","137765072"
"chr7","140281636","140281938","KN296781v1","107129","107429","32","140174507"
"chr7","140298715","140299008","KN295729v1","826689","826980","44","139472026"
"chr7","140311432","140311730","KN294407v1","3027269","3027567","36","137284163"
"chr7","140314457","140314752","KN296247v1","273218","273514","32","140041239"
"chr7","140333319","140333629","KN295533v1","2511717","2512017","44","137821602"
"chr7","140361730","140362035","KN297154v1","1039874","1040175","38","139321856"
"chr7","140400952","140401254","KN297442v1","240570","240874","40","140160382"
"chr7","140417592","140417899","KN295205v1","662417","662724","48","139755175"
"chr7","140422791","140423095","KN296829v1","581505","581808","32","139841286"
"chr7","140425005","140425314","KN294761v1","363307","363610","44","140061698"
"chr7","140450235","140450520","KN295995v1","822193","822479","45","139628042"
"chr7","140451632","140451951","KN296847v1","511055","511365","39","139940577"
"chr7","140462326","140462632","KN297314v1","426038","426339","43","140036288"
"chr7","140463944","140464225","KN294251v1","1619538","1619825","51","138844406"
"chr7","140465546","140465853","KN296682v1","3992864","3993170","52","136472682"
"chr7","140519528","140519834","KN296153v1","1090111","1090408","43","139429417"
"chr7","140531031","140531327","KN295984v1","2023334","2023631","50","138507697"
"chr7","140531516","140531798","KN295441v1","405739","406027","44","140125777"
"chr7","140533407","140533716","KN295090v1","2486557","2486869","39","138046850"
"chr7","140563737","140564058","KN294407v1","2317315","2317623","44","138246422"
"chr7","140566866","140567177","KN296233v1","238393","238699","45","140328473"
"chr7","140572237","140572544","KN295855v1","83587","83886","40","140488650"
"chr7","140579008","140579301","KN296357v1","483169","483462","26","140095839"
"chr7","140587023","140587345","KN295814v1","957811","958111","67","139629212"
"chr7","140594577","140594894","KN294526v1","376240","376554","47","140218337"
"chr7","140657760","140658069","KN294499v1","994219","994531","35","139663541"
"chr7","140663376","140663674","KN294456v1","1098138","1098439","32","139565238"
"chr7","140665917","140666212","KN295038v1","1347316","1347610","34","139318601"
"chr7","140701915","140702214","KN295601v1","3238589","3238887","31","137463326"
"chr7","140743049","140743345","KN295893v1","3487599","3487901","40","137255450"
"chr7","140749844","140750143","KN296404v1","1183469","1183770","38","139566375"
"chr7","140797226","140797538","KN294269v1","550588","550887","42","140246638"
"chr7","140799754","140800049","KN297047v1","1316088","1316386","31","139483666"
"chr7","140800158","140800453","KN294570v1","13265","13560","36","140786893"
"chr7","140804249","140804538","KN296726v1","606731","607020","33","140197518"
"chr7","140804820","140805127","KN294372v1","1389085","1389396","39","139415735"
"chr7","140832411","140832694","KN295814v1","1139631","1139915","36","139692780"
"chr7","140833330","140833631","KN295671v1","201221","201525","40","140632109"
"chr7","140838193","140838479","KN294172v1","1568325","1568618","40","139269868"
"chr7","140843485","140843740","KN296864v1","3345475","3345722","39","137498010"
"chr7","140847958","140848264","KN294710v1","68748","69053","34","140779210"
"chr7","140859805","140860115","KN295371v1","459489","459790","46","140400316"
"chr7","140863685","140864012","KN296213v1","830131","830450","52","140033554"
"chr7","140865967","140866260","KN294937v1","266","558","38","140865701"
"chr7","140873397","140873676","KN296096v1","1665443","1665719","48","139207954"
"chr7","140880130","140880431","KN294407v1","3027269","3027567","40","137852861"
"chr7","140893415","140893715","KN294539v1","1287945","1288241","36","139605470"
"chr7","140909604","140909906","KN295814v1","1261993","1262292","35","139647611"
"chr7","140912503","140912808","KN296079v1","686222","686522","37","140226281"
"chr7","140914068","140914358","KN294647v1","185532","185822","33","140728536"
"chr7","140916029","140916327","KN296266v1","29852","30146","39","140886177"
"chr7","140923191","140923361","KN294957v1","73265","73439","30","140849926"
"chr7","140923957","140924249","KN294257v1","2744602","2744887","48","138179355"
"chr7","140926307","140926607","KN294539v1","1287945","1288241","33","139638362"
"chr7","140928031","140928320","KN294172v1","6311128","6311420","39","134616903"
"chr7","140928938","140929112","KN296153v1","1178114","1178285","21","139750824"
"chr7","140930115","140930404","KN295729v1","826689","826980","38","140103426"
"chr7","140935234","140935533","KN295523v1","316380","316680","48","140618854"
"chr7","140939560","140939862","KN295910v1","208403","208699","46","140731157"
"chr7","140939866","140940155","KN296253v1","1315417","1315709","46","139624449"
"chr7","140949690","140949996","KN296485v1","116854","117160","45","140832836"
"chr7","140950231","140950530","KN296743v1","316140","316437","38","140634091"
"chr7","140959606","140959898","KN294446v1","1094059","1094349","32","139865547"
"chr7","140969663","140969917","KN297207v1","101750","101994","38","140867913"
"chr7","140976409","140976725","KN296079v1","587166","587474","45","140389243"
"chr7","140983859","140984170","KN295301v1","761923","762233","39","140221936"
"chr7","140995763","140996073","KN295571v1","513084","513393","48","140482679"
"chr7","140996541","140996847","KN295571v1","1155767","1156067","36","139840774"
"chr7","140997499","140997809","KN295996v1","133342","133652","40","140864157"
"chr7","141007340","141007650","KN297242v1","698229","698539","34","140309111"
"chr7","141008443","141008754","KN295748v1","161587","161896","30","140846856"
"chr7","141013533","141013829","KN294917v1","401690","401984","30","140611843"
"chr7","141028149","141028446","KN296263v1","810253","810550","43","140217896"
"chr7","141063947","141064254","KN296311v1","8317826","8318133","41","132746121"
"chr7","141111382","141111687","KN295667v1","1510401","1510706","33","139600981"
"chr7","141130420","141130719","KN295998v1","154789","155089","32","140975631"
"chr7","141143456","141143769","KN296495v1","550769","551079","43","140592687"
"chr7","141217317","141217596","KN296311v1","1334808","1335094","38","139882509"
"chr7","141241292","141241586","KN295607v1","4653398","4653689","34","136587894"
"chr7","141265241","141265548","KN296516v1","239296","239606","39","141025945"
"chr7","141288358","141288695","KN296926v1","897778","898110","50","140390580"
"chr7","141299189","141299526","KN295854v1","1642331","1642665","51","139656858"
"chr7","141306067","141306361","KN295667v1","587053","587347","36","140719014"
"chr7","141351824","141352135","KN296643v1","482849","483159","41","140868975"
"chr7","141385164","141385462","KN294911v1","628968","629266","36","140756196"
"chr7","141409658","141409947","KN294407v1","598111","598399","37","140811547"
"chr7","141413916","141414224","KN294879v1","76546","76849","43","141337370"
"chr7","141424854","141425166","KN294987v1","390908","391223","42","141033946"
"chr7","141474031","141474341","KN296484v1","351750","352061","34","141122281"
"chr7","141476265","141476528","KN295243v1","1473974","1474238","41","140002291"
"chr7","141479983","141480285","KN294571v1","890748","891049","39","140589235"
"chr7","141483256","141483566","KN294592v1","1321409","1321720","38","140161847"
"chr7","141486011","141486318","KN296864v1","3164724","3165032","38","138321287"
"chr7","141495717","141496031","KN294957v1","62097","62408","36","141433620"
"chr7","141539158","141539456","KN296430v1","1105044","1105344","37","140434114"
"chr7","141546729","141547038","KN296381v1","292622","292930","43","141254107"
"chr7","141569079","141569383","KN295814v1","1059254","1059558","42","140509825"
"chr7","141652401","141652710","KN297008v1","178445","178753","36","141473956"
"chr7","141658100","141658395","KN294226v1","539857","540155","45","141118243"
"chr7","141660944","141661249","KN296970v1","1125648","1125954","41","140535296"
"chr7","141663123","141663412","KN294937v1","266","558","35","141662857"
"chr7","141667963","141668257","KN296153v1","3041230","3041525","35","138626733"
"chr7","141679146","141679448","KN294456v1","1098138","1098439","38","140581008"
"chr7","141695489","141695791","KN295987v1","1241626","1241902","63","140453863"
"chr7","141705836","141706127","KN294457v1","143891","144185","42","141561945"
"chr7","141710684","141710954","KN297163v1","14308","14583","37","141696376"
"chr7","141718145","141718434","KN294407v1","157922","158207","37","141560223"
"chr7","141719441","141719737","KN294842v1","192762","193057","44","141526679"
"chr7","141736365","141736681","KN295366v1","78980","79290","42","141657385"
"chr7","141765366","141765665","KN297133v1","61948","62256","43","141703418"
"chr7","141770059","141770362","KN296926v1","326521","326825","40","141443538"
"chr7","141774581","141774885","KN294548v1","328774","329084","31","141445807"
"chr7","141780756","141781060","KN297047v1","3987588","3987889","35","137793168"
"chr7","141783328","141783606","KN295343v1","770844","771117","34","141012484"
"chr7","141784077","141784372","KN295523v1","876147","876440","39","140907930"
"chr7","141791434","141791742","KN294842v1","1178098","1178408","34","140613336"
"chr7","141798285","141798588","KN296174v1","384113","384409","55","141414172"
"chr7","141803177","141803487","KN294172v1","1602432","1602732","40","140200745"
"chr7","141804866","141805165","KN296620v1","349918","350214","35","141454948"
"chr7","141807490","141807781","KN294501v1","4140225","4140518","40","137667265"
"chr7","141814795","141815103","KN295487v1","52973","53281","35","141761822"
"chr7","141816742","141817001","KN296290v1","736540","736807","42","141080202"
"chr7","141817230","141817531","KN297023v1","480259","480560","26","141336971"
"chr7","141833910","141834212","KN297154v1","1039874","1040175","37","140794036"
"chr7","141848316","141848607","KN294407v1","3027269","3027567","40","138821047"
"chr7","141861423","141861734","KN294603v1","63949","64255","39","141797474"
"chr7","141871116","141871427","KN294536v1","1867889","1868199","39","140003227"
"chr7","141880491","141880788","KN295117v1","90178","90487","39","141790313"
"chr7","141891139","141891431","KN296547v1","396597","396892","37","141494542"
"chr7","141892162","141892457","KN295984v1","1495655","1495953","43","140396507"
"chr7","141897257","141897567","KN294266v1","214101","214406","31","141683156"
"chr7","141897993","141898274","KN296062v1","2291832","2292114","41","139606161"
"chr7","141899186","141899480","KN295241v1","75672","75962","35","141823514"
"chr7","141912120","141912431","KN297023v1","480259","480560","48","141431861"
"chr7","141916151","141916447","KN294571v1","1575904","1576204","33","140340247"
"chr7","141919630","141919779","KN294842v1","339036","339185","23","141580594"
"chr7","141924878","141925183","KN294879v1","23897","24178","44","141900981"
"chr7","141935358","141935656","KN294217v1","699680","699967","47","141235678"
"chr7","141949365","141949671","KN295243v1","881854","882160","36","141067511"
"chr7","141958975","141959241","KN294879v1","52777","53063","40","141906198"
"chr7","141960956","141961238","KN294946v1","220472","220746","49","141740484"
"chr7","141974483","141974783","KN294879v1","66636","66931","30","141907847"
"chr7","141986095","141986392","KN294879v1","76546","76849","25","141909549"
"chr7","141988191","141988469","KN294879v1","79507","79790","40","141908684"
"chr7","141993636","141993924","KN294911v1","4220583","4220876","34","137773053"
"chr7","141995683","141995976","KN294879v1","89928","90221","13","141905755"
"chr7","141998218","141998520","KN294879v1","92376","92671","24","141905842"
"chr7","142005050","142005348","KN294879v1","102364","102667","39","141902686"
"chr7","142009737","142010023","KN294879v1","107318","107606","23","141902419"
"chr7","142011551","142011862","KN295487v1","52973","53281","38","141958578"
"chr7","142018410","142018719","KN294879v1","116928","117221","37","141901482"
"chr7","142019189","142019493","KN295564v1","408804","409105","38","141610385"
"chr7","142024061","142024368","KN294879v1","124236","124543","29","141899825"
"chr7","142028188","142028484","KN295405v1","1658681","1658979","37","140369507"
"chr7","142031523","142031696","KN295034v1","690203","690373","29","141341320"
"chr7","142033398","142033693","KN294879v1","132889","133186","26","141900509"
"chr7","142034637","142034937","KN294879v1","134467","134756","30","141900170"
"chr7","142038840","142039078","KN295405v1","757351","757593","40","141281489"
"chr7","142047452","142047748","KN294790v1","163386","163690","38","141884066"
"chr7","142051219","142051516","KN294879v1","151603","151900","20","141899616"
"chr7","142065220","142065523","KN296158v1","1175251","1175559","41","140889969"
"chr7","142088727","142089021","KN294407v1","3027269","3027567","40","139061458"
"chr7","142090092","142090378","KN295102v1","234967","235267","43","141855125"
"chr7","142092552","142092856","KN294879v1","193298","193601","15","141899254"
"chr7","142095732","142096011","KN294879v1","197011","197287","32","141898721"
"chr7","142102533","142102798","KN294879v1","203780","204033","35","141898753"
"chr7","142111767","142112077","KN294879v1","213707","214017","27","141898060"
"chr7","142115771","142116081","KN297046v1","1742979","1743284","47","140372792"
"chr7","142117653","142117865","KN295977v1","1276894","1277103","38","140840759"
"chr7","142121202","142121506","KN294790v1","163386","163690","29","141957816"
"chr7","142162035","142162328","KN296879v1","1277634","1277929","33","140884401"
"chr7","142163278","142163545","KN294734v1","653049","653321","39","141510229"
"chr7","142163981","142164292","KN295533v1","1966828","1967135","38","140197153"
"chr7","142179689","142179962","KN294848v1","680094","680368","37","141499595"
"chr7","142211281","142211575","KN295198v1","274974","275272","47","141936307"
"chr7","142240841","142241137","KN294879v1","330697","330996","29","141910144"
"chr7","142242410","142242718","KN295586v1","1244707","1245017","37","140997703"
"chr7","142252015","142252309","KN294879v1","341999","342291","23","141910016"
"chr7","142256429","142256736","KN294879v1","345721","346030","27","141910708"
"chr7","142262298","142262601","KN294879v1","352478","352779","24","141909820"
"chr7","142267547","142267844","KN296322v1","2692700","2693002","38","139574847"
"chr7","142281789","142282088","KN296311v1","6355927","6356228","45","135925862"
"chr7","142285897","142286184","KN294879v1","376708","376998","22","141909189"
"chr7","142315751","142316038","KN295835v1","84846","85139","40","142230905"
"chr7","142340455","142340758","KN294326v1","309006","309309","40","142031449"
"chr7","142346447","142346736","KN294879v1","437832","438117","29","141908615"
"chr7","142414865","142415171","KN297019v1","588883","589187","38","141825982"
"chr7","142415477","142415800","KN294879v1","508251","508578","23","141907226"
"chr7","142432402","142432674","KN294172v1","4940663","4940925","46","137491739"
"chr7","142435277","142435570","KN294879v1","520786","521080","17","141914491"
"chr7","142454490","142454781","KN294879v1","546230","546522","27","141908260"
"chr7","142458557","142458849","KN294879v1","550447","550741","21","141908110"
"chr7","142496053","142496346","KN294879v1","591388","591688","31","141904665"
"chr7","142508790","142509086","KN294879v1","598068","598361","32","141910722"
"chr7","142532618","142532916","KN294879v1","623786","624089","27","141908832"
"chr7","142549054","142549312","KN294346v1","291763","292041","62","142257291"
"chr7","142550064","142550345","KN297159v1","1126876","1127157","45","141423188"
"chr7","142550712","142551003","KN296322v1","2692700","2693002","51","139858012"
"chr7","142620136","142620432","KN294470v1","2136945","2137241","40","140483191"
"chr7","142644531","142644821","KN294879v1","735304","735599","44","141909227"
"chr7","142948596","142948906","KN294592v1","1321409","1321720","36","141627187"
"chr7","142996899","142997212","KN294598v1","342532","342842","35","142654367"
"chr7","142998521","142998827","KN296731v1","694955","695263","31","142303566"
"chr7","143010395","143010696","KN294879v1","1099668","1099968","14","141910727"
"chr7","143059576","143059886","KN295366v1","78980","79290","32","142980596"
"chr7","143080195","143080487","KN295729v1","826689","826980","36","142253506"
"chr7","143088961","143089126","KN294172v1","5485947","5486112","25","137603014"
"chr7","143137712","143137988","KN294404v1","404187","404462","35","142733525"
"chr7","143174836","143175122","KN294879v1","1263828","1264114","21","141911008"
"chr7","143260740","143261034","KN297197v1","699015","699311","34","142561725"
"chr7","143284925","143285227","KN294879v1","1371008","1371310","19","141913917"
"chr7","143420333","143420606","KN294879v1","1479545","1479833","26","141940788"
"chr7","143421512","143421791","KN295987v1","1241626","1241902","37","142179886"
"chr7","143451579","143451876","KN295571v1","203398","203695","38","143248181"
"chr7","143502269","143502568","KN294879v1","1552120","1552425","30","141950149"
"chr7","143566810","143567099","KN295326v1","100464","100755","35","143466346"
"chr7","143575322","143575632","KN294176v1","294222","294532","41","143281100"
"chr7","143582157","143582458","KN296453v1","1991588","1991889","38","141590569"
"chr7","143717253","143717553","KN296643v1","47618","47923","42","143669635"
"chr7","143719903","143720186","KN295729v1","826689","826980","38","142893214"
"chr7","143865763","143866069","KN296635v1","2181073","2181379","39","141684690"
"chr7","143920017","143920323","KN294535v1","637291","637589","47","143282726"
"chr7","144051829","144052134","KN294984v1","636","939","39","144051193"
"chr7","144059683","144059985","KN296495v1","962835","963136","36","143096848"
"chr7","144104802","144105113","KN296253v1","47774","48082","32","144057028"
"chr7","144116578","144116786","KN296019v1","174619","174828","43","143941959"
"chr7","144149350","144149646","KN297197v1","699015","699311","35","143450335"
"chr7","144151280","144151561","KN295371v1","448057","448341","42","143703223"
"chr7","144330551","144330881","KN294520v1","1620064","1620379","54","142710487"
"chr7","144357335","144357636","KN294326v1","309006","309309","36","144048329"
"chr7","144476905","144477213","KN294245v1","511576","511887","38","143965329"
"chr7","144487009","144487306","KN294181v1","1437190","1437488","38","143049819"
"chr7","144558045","144558334","KN295729v1","826689","826980","32","143731356"
"chr7","144596543","144596835","KN295666v1","163031","163330","38","144433512"
"chr7","144619730","144620011","KN295371v1","448057","448341","33","144171673"
"chr7","144671697","144672003","KN294630v1","686727","687035","38","143984970"
"chr7","144783710","144783990","KN295361v1","824524","824814","39","143959186"
"chr7","144791788","144792095","KN296349v1","45344","45654","36","144746444"
"chr7","144810215","144810511","KN294470v1","2136945","2137241","37","142673270"
"chr7","144826007","144826300","KN294644v1","51654","51945","49","144774353"
"chr7","144841753","144842060","KN297319v1","232033","232338","36","144609720"
"chr7","144860513","144860820","KN297039v1","120420","120728","44","144740093"
"chr7","144866147","144866445","KN297112v1","2135774","2136072","37","142730373"
"chr7","144885333","144885615","KN297154v1","705314","705597","42","144180019"
"chr7","144915366","144915677","KN296646v1","1163459","1163767","35","143751907"
"chr7","144918346","144918647","KN297023v1","480259","480560","28","144438087"
"chr7","144927528","144927831","KN296916v1","318615","318913","37","144608913"
"chr7","144963241","144963539","KN295996v1","495798","496097","33","144467443"
"chr7","144974308","144974604","KN294470v1","2136945","2137241","34","142837363"
"chr7","144978331","144978638","KN294470v1","1201848","1202151","43","143776483"
"chr7","145063994","145064302","KN294964v1","1228028","1228337","41","143835966"
"chr7","145223328","145223506","KN297259v1","1726981","1727167","32","143496347"
"chr7","145242628","145242937","KN296303v1","514845","515157","39","144727783"
"chr7","145273856","145273920","KN296743v1","1949782","1949825","30","143324074"
"chr7","145334391","145334691","KN294561v1","1084406","1084703","30","144249985"
"chr7","145350773","145351080","KN294535v1","120708","121012","34","145230065"
"chr7","145396577","145396864","KN294429v1","37988","38273","45","145358589"
"chr7","145429037","145429354","KN296406v1","250415","250727","33","145178622"
"chr7","145499628","145499930","KN294790v1","163386","163690","38","145336242"
"chr7","145508210","145508521","KN295708v1","1796766","1797077","41","143711444"
"chr7","145601696","145601991","KN295198v1","274974","275272","35","145326722"
"chr7","145621716","145622018","KN294470v1","2136945","2137241","37","143484771"
"chr7","145672897","145673198","KN294457v1","990718","991014","36","144682179"
"chr7","145817627","145817920","KN296122v1","312850","313141","34","145504777"
"chr7","145827227","145827508","KN295371v1","448057","448341","29","145379170"
"chr7","145971448","145971759","KN296486v1","377602","377909","44","145593846"
"chr7","146037488","146037765","KN294193v1","568677","568960","35","145468811"
"chr7","146087058","146087357","KN295236v1","64056","64355","34","146023002"
"chr7","146100073","146100369","KN295533v1","2511717","2512017","46","143588356"
"chr7","146112279","146112583","KN294325v1","1015803","1016101","38","145096476"
"chr7","146147632","146147907","KN296732v1","2489188","2489459","43","143658444"
"chr7","146155615","146155901","KN297112v1","2725693","2725979","47","143429922"
"chr7","146187358","146187586","KN296948v1","1264296","1264518","39","144923062"
"chr7","146233324","146233591","KN294172v1","1540690","1540957","38","144692634"
"chr7","146266280","146266474","KN296495v1","510488","510677","35","145755792"
"chr7","146279291","146279602","KN296138v1","69626","69934","40","146209665"
"chr7","146365327","146365639","KN297046v1","3093301","3093613","40","143272026"
"chr7","146372980","146373291","KN297442v1","1612430","1612738","47","144760550"
"chr7","146409822","146410129","KN296153v1","863239","863546","35","145546583"
"chr7","146426435","146426738","KN294217v1","1552662","1552966","40","144873773"
"chr7","146468074","146468374","KN294292v1","12015","12314","36","146456059"
"chr7","146473783","146474092","KN295284v1","544658","544966","39","145929125"
"chr7","146603229","146603457","KN295405v1","757351","757593","49","145845878"
"chr7","146704396","146704705","KN295922v1","130002","130315","38","146574394"
"chr7","146785280","146785546","KN294917v1","351306","351571","42","146433974"
"chr7","146908530","146908826","KN294172v1","6334053","6334345","46","140574477"
"chr7","147037880","147038170","KN296557v1","18517","18814","32","147019363"
"chr7","147061152","147061453","KN296311v1","7935032","7935336","35","139126120"
"chr7","147066489","147066787","KN295343v1","729289","729587","32","146337200"
"chr7","147320319","147320623","KN295459v1","673095","673397","38","146647224"
"chr7","147460355","147460641","KN295586v1","5255611","5255896","39","142204744"
"chr7","147467218","147467550","KN297259v1","998866","999166","89","146468352"
"chr7","147478399","147478702","KN297039v1","819137","819436","33","146659262"
"chr7","147535838","147536166","KN297039v1","761722","762039","37","146774116"
"chr7","147569123","147569440","KN297039v1","735331","735632","36","146833792"
"chr7","147614528","147614834","KN297133v1","950328","950631","43","146664200"
"chr7","147629155","147629321","KN295171v1","872676","872843","36","146756479"
"chr7","147643586","147643800","KN295977v1","1276894","1277103","37","146366692"
"chr7","147653226","147653520","KN297039v1","660975","661262","34","146992251"
"chr7","147660067","147660364","KN294527v1","283192","283491","44","147376875"
"chr7","147692007","147692296","KN295241v1","75672","75962","39","147616335"
"chr7","147695303","147695613","KN297039v1","619271","619580","26","147076032"
"chr7","147745224","147745524","KN296357v1","507108","507414","47","147238116"
"chr7","147750027","147750324","KN297039v1","564313","564618","35","147185714"
"chr7","147774794","147775112","KN295301v1","761923","762233","55","147012871"
"chr7","147785056","147785363","KN295929v1","457065","457374","42","147327991"
"chr7","147875541","147875865","KN295430v1","2554896","2555197","56","145320645"
"chr7","147967954","147968246","KN297039v1","333670","333970","36","147634284"
"chr7","147981963","147982259","KN297039v1","319343","319637","18","147662620"
"chr7","147989082","147989376","KN296743v1","323605","323904","39","147665477"
"chr7","148022690","148022945","KN295459v1","785698","785947","40","147236992"
"chr7","148029884","148030165","KN294570v1","116175","116454","38","147913709"
"chr7","148119126","148119424","KN295605v1","321136","321431","46","147797990"
"chr7","148142366","148142623","KN294733v1","634511","634774","45","147507855"
"chr7","148147942","148148245","KN297039v1","156655","156953","34","147991287"
"chr7","148160313","148160623","KN297039v1","144573","144862","39","148015740"
"chr7","148180539","148180876","KN295596v1","1567069","1567403","50","146613470"
"chr7","148183649","148183960","KN297039v1","120420","120728","25","148063229"
"chr7","148262922","148263219","KN295871v1","542479","542775","40","147720443"
"chr7","148278208","148278486","KN296634v1","649654","649947","56","147628554"
"chr7","148278671","148278977","KN296682v1","2903112","2903410","38","145375559"
"chr7","148397984","148398240","KN296879v1","469391","469648","52","147928593"
"chr7","148412779","148413091","KN294917v1","452700","453013","46","147960079"
"chr7","148501177","148501483","KN295685v1","46321","46631","44","148454856"
"chr7","148506226","148506507","KN294790v1","3079719","3080007","42","145426507"
"chr7","148523659","148523967","KN294457v1","1067970","1068280","45","147455689"
"chr7","148545776","148546088","KN294470v1","2136945","2137241","52","146408831"
"chr7","148717404","148717709","KN296079v1","308996","309302","48","148408408"
"chr7","148779749","148780061","KN295301v1","761923","762233","37","148017826"
"chr7","148781253","148781564","KN294592v1","1321409","1321720","38","147459844"
"chr7","148820011","148820343","KN297445v1","1495495","1495811","59","147324516"
"chr7","148821924","148822225","KN296470v1","173848","174153","34","148648076"
"chr7","148838326","148838613","KN294269v1","1190734","1191020","33","147647592"
"chr7","148860308","148860595","KN296913v1","1698348","1698629","40","147161960"
"chr7","148916953","148917253","KN294444v1","166708","167002","42","148750245"
"chr7","148958182","148958489","KN295787v1","106453","106762","38","148851729"
"chr7","149153561","149153856","KN296557v1","13515","13811","36","149140046"
"chr7","149155889","149156054","KN296743v1","1950123","1950289","24","147205766"
"chr7","149177205","149177484","KN296460v1","1727754","1728033","20","147449451"
"chr7","149201695","149201962","KN295293v1","149515","149786","47","149052180"
"chr7","149201977","149202255","KN295441v1","781300","781576","48","148420677"
"chr7","149229213","149229520","KN296460v1","1675791","1676094","30","147553422"
"chr7","149278481","149278787","KN296460v1","1621834","1622139","21","147656647"
"chr7","149319041","149319335","KN296303v1","236041","236336","47","149083000"
"chr7","149367967","149368248","KN296759v1","520385","520667","41","148847582"
"chr7","149369491","149369786","KN297095v1","584794","585091","33","148784697"
"chr7","149371189","149371479","KN296460v1","1524346","1524634","20","147846843"
"chr7","149371935","149372228","KN296460v1","1523515","1523804","26","147848420"
"chr7","149402342","149402649","KN296460v1","1493931","1494242","27","147908411"
"chr7","149432387","149432659","KN296290v1","1309363","1309638","40","148123024"
"chr7","149451310","149451607","KN296775v1","1237428","1237724","36","148213882"
"chr7","149564792","149565098","KN294387v1","2064434","2064739","33","147500358"
"chr7","149578054","149578362","KN296460v1","1319235","1319536","33","148258819"
"chr7","149600183","149600481","KN295607v1","4377455","4377758","45","145222728"
"chr7","149621871","149622163","KN296460v1","1279548","1279848","30","148342323"
"chr7","149644594","149644902","KN296643v1","47618","47923","33","149596976"
"chr7","149670829","149671132","KN294571v1","890748","891049","39","148780081"
"chr7","149683222","149683492","KN297083v1","1008256","1008538","49","148674966"
"chr7","149707587","149707866","KN296460v1","1190641","1190905","38","148516946"
"chr7","149718969","149719301","KN296108v1","36408","36727","56","149682561"
"chr7","149731913","149732224","KN295883v1","314740","315051","41","149417173"
"chr7","149738809","149739102","KN296460v1","1157208","1157506","32","148581601"
"chr7","149750284","149750594","KN295974v1","1466462","1466774","34","148283822"
"chr7","149752091","149752391","KN294790v1","163386","163690","33","149588705"
"chr7","149763108","149763319","KN295564v1","135143","135357","33","149627965"
"chr7","149785465","149785777","KN296460v1","1110973","1111278","31","148674492"
"chr7","149794718","149795001","KN296322v1","1336890","1337174","30","148457828"
"chr7","149800536","149800815","KN296460v1","1094534","1094828","34","148706002"
"chr7","149805762","149806057","KN294456v1","1143112","1143404","28","148662650"
"chr7","149873365","149873665","KN296460v1","1023322","1023624","26","148850043"
"chr7","149892464","149892770","KN296460v1","1003878","1004176","29","148888586"
"chr7","149895306","149895607","KN296460v1","1001237","1001537","20","148894069"
"chr7","149899250","149899561","KN295366v1","78980","79290","40","149820270"
"chr7","149901726","149902014","KN296460v1","994960","995247","18","148906766"
"chr7","149913973","149914275","KN296495v1","612893","613199","40","149301080"
"chr7","149914433","149914735","KN294991v1","724427","724724","37","149190006"
"chr7","149921822","149922117","KN296460v1","973365","973671","36","148948457"
"chr7","149929460","149929771","KN294630v1","349899","350210","36","149579561"
"chr7","149934339","149934624","KN296460v1","958005","958286","33","148976334"
"chr7","149939954","149940254","KN296460v1","952351","952649","30","148987603"
"chr7","149940264","149940568","KN296311v1","768493","768797","37","149171771"
"chr7","149957909","149958206","KN296460v1","934228","934532","36","149023681"
"chr7","149958872","149959164","KN294539v1","1287945","1288241","34","148670927"
"chr7","149960371","149960686","KN296460v1","931782","932092","39","149028589"
"chr7","149977573","149977876","KN296460v1","914705","914997","39","149062868"
"chr7","149984603","149984893","KN296460v1","907703","907986","30","149076900"
"chr7","149988852","149989148","KN294172v1","6693401","6693683","50","143295451"
"chr7","149990460","149990759","KN296460v1","901658","901950","30","149088802"
"chr7","150016332","150016636","KN294147v1","1419979","1420289","46","148596353"
"chr7","150042801","150043084","KN296460v1","848470","848755","25","149194331"
"chr7","150050422","150050716","KN296460v1","839959","840259","37","149210463"
"chr7","150062023","150062326","KN295420v1","208371","208668","36","149853652"
"chr7","150067518","150067826","KN297398v1","53396","53704","41","150014122"
"chr7","150071281","150071584","KN296460v1","819227","819516","32","149252054"
"chr7","150079764","150080066","KN296153v1","3399388","3399691","42","146680376"
"chr7","150151422","150151719","KN294147v1","1191891","1192182","35","148959531"
"chr7","150163109","150163394","KN294790v1","272636","272926","39","149890473"
"chr7","150174222","150174507","KN294747v1","746231","746516","60","149427991"
"chr7","150190159","150190461","KN296460v1","702927","703225","32","149487232"
"chr7","150195820","150196103","KN296460v1","695488","695777","27","149500332"
"chr7","150208587","150208898","KN296278v1","235139","235450","34","149973448"
"chr7","150213560","150213853","KN296009v1","1204600","1204902","43","149008960"
"chr7","150216073","150216240","KN295096v1","1909852","1910012","37","148306221"
"chr7","150221158","150221466","KN296460v1","668118","668423","32","149553040"
"chr7","150233216","150233508","KN294911v1","4220583","4220876","29","146012633"
"chr7","150242164","150242448","KN297138v1","381239","381525","36","149860925"
"chr7","150246165","150246470","KN294879v1","76546","76849","36","150169619"
"chr7","150256350","150256650","KN296460v1","632559","632846","33","149623791"
"chr7","150262538","150262843","KN296311v1","7181279","7181585","44","143081259"
"chr7","150270020","150270316","KN295107v1","1024078","1024366","38","149245942"
"chr7","150279274","150279544","KN294470v1","1342873","1343145","38","148936401"
"chr7","150279574","150279885","KN294603v1","63949","64255","42","150215625"
"chr7","150291096","150291254","KN294831v1","658690","658843","27","149632406"
"chr7","150296442","150296740","KN297259v1","585914","586212","34","149710528"
"chr7","150310638","150310928","KN296460v1","576980","577270","31","149733658"
"chr7","150328008","150328308","KN296460v1","558891","559179","32","149769117"
"chr7","150330531","150330829","KN295717v1","1862487","1862785","38","148468044"
"chr7","150338008","150338299","KN294214v1","1840409","1840705","41","148497599"
"chr7","150340513","150340777","KN296460v1","542355","542629","32","149798158"
"chr7","150350082","150350412","KN296460v1","532690","533017","32","149817392"
"chr7","150351552","150351862","KN295236v1","35793","36099","43","150315759"
"chr7","150356535","150356842","KN296460v1","527412","527725","37","149829123"
"chr7","150359880","150360186","KN296460v1","523848","524146","35","149836032"
"chr7","150369135","150369437","KN296460v1","513070","513369","19","149856065"
"chr7","150381681","150381959","KN295984v1","2423503","2423782","37","147958178"
"chr7","150382173","150382467","KN296460v1","498981","499277","37","149883192"
"chr7","150383325","150383633","KN297008v1","178445","178753","37","150204880"
"chr7","150384652","150384948","KN296732v1","3482334","3482632","38","146902318"
"chr7","150389491","150389655","KN296096v1","2363438","2363604","24","148026053"
"chr7","150393724","150394046","KN296460v1","486713","487028","45","149907011"
"chr7","150401621","150401899","KN297319v1","275327","275616","44","150126294"
"chr7","150403548","150403637","KN295205v1","851374","851441","36","149552174"
"chr7","150405232","150405542","KN296460v1","476739","477041","37","149928493"
"chr7","150405652","150405952","KN295846v1","24517","24819","30","150381135"
"chr7","150407054","150407359","KN295362v1","1043462","1043763","35","149363592"
"chr7","150445669","150445948","KN296460v1","434211","434484","37","150011458"
"chr7","150457517","150457722","KN294451v1","1118011","1118243","67","149339506"
"chr7","150462805","150463105","KN296485v1","541954","542254","33","149920851"
"chr7","150470188","150470498","KN295996v1","133342","133652","39","150336846"
"chr7","150483335","150483608","KN294705v1","1468786","1469068","45","149014549"
"chr7","150489165","150489487","KN296547v1","627587","627905","41","149861578"
"chr7","150494530","150494834","KN296460v1","383335","383635","21","150111195"
"chr7","150497643","150497946","KN296460v1","380261","380566","28","150117382"
"chr7","150498522","150498820","KN296460v1","379387","379686","33","150119135"
"chr7","150515441","150515601","KN296577v1","523500","523670","31","149991941"
"chr7","150517026","150517319","KN296460v1","360689","360976","17","150156337"
"chr7","150525491","150525797","KN296460v1","352644","352943","30","150172847"
"chr7","150571055","150571364","KN296460v1","304199","304500","33","150266856"
"chr7","150576503","150576808","KN296406v1","327419","327719","43","150249084"
"chr7","150608054","150608357","KN296460v1","266358","266666","30","150341696"
"chr7","150614862","150615170","KN296460v1","257857","258158","27","150357005"
"chr7","150631051","150631355","KN296290v1","436882","437182","38","150194169"
"chr7","150692872","150693173","KN296442v1","420929","421232","35","150271943"
"chr7","150721517","150721827","KN296460v1","165337","165650","22","150556180"
"chr7","150739352","150739653","KN296682v1","1930392","1930690","39","148808960"
"chr7","150746724","150746995","KN296460v1","140061","140304","43","150606663"
"chr7","150747090","150747387","KN296460v1","139681","139976","18","150607409"
"chr7","150776864","150777159","KN294539v1","1287945","1288241","33","149488919"
"chr7","150815760","150816053","KN296486v1","1726381","1726674","33","149089379"
"chr7","150891281","150891589","KN296955v1","781409","781718","48","150109872"
"chr7","150914159","150914438","KN294269v1","1190734","1191020","40","149723425"
"chr7","150964589","150964897","KN295459v1","1416836","1417149","40","149547753"
"chr7","150971618","150971929","KN296310v1","786811","787114","41","150184807"
"chr7","150991126","150991424","KN296557v1","13515","13811","38","150977611"
"chr7","151023720","151024031","KN297293v1","407349","407660","45","150616371"
"chr7","151080410","151080742","KN296153v1","863239","863546","56","150217171"
"chr7","151166926","151167228","KN296643v1","47618","47923","32","151119308"
"chr7","151170929","151171212","KN295923v1","880754","881043","37","150290175"
"chr7","151184693","151185001","KN296306v1","832432","832744","31","150352261"
"chr7","151193210","151193447","KN295405v1","757351","757593","47","150435859"
"chr7","151207322","151207581","KN294842v1","1736531","1736794","32","149470791"
"chr7","151258932","151259220","KN296306v1","746178","746477","43","150512754"
"chr7","151328088","151328410","KN296306v1","670429","670735","44","150657659"
"chr7","151334261","151334562","KN296306v1","664468","664773","31","150669793"
"chr7","151351505","151351810","KN297094v1","146925","147235","49","151204580"
"chr7","151367258","151367557","KN296306v1","509222","509533","32","150858036"
"chr7","151419787","151420098","KN294378v1","1504358","1504668","39","149915429"
"chr7","151422389","151422691","KN296306v1","454172","454476","30","150968217"
"chr7","151513642","151513833","KN294741v1","1596077","1596264","31","149917565"
"chr7","151540071","151540384","KN294199v1","636506","636815","35","150903565"
"chr7","151556327","151556631","KN296311v1","832074","832375","36","150724253"
"chr7","151582246","151582540","KN294193v1","425211","425504","26","151157035"
"chr7","151586751","151587061","KN295996v1","133342","133652","41","151453409"
"chr7","151591290","151591582","KN294251v1","3769906","3770190","42","147821384"
"chr7","151614960","151615257","KN294571v1","890748","891049","32","150724212"
"chr7","151617761","151617929","KN295667v1","1026814","1026972","37","150590947"
"chr7","151696684","151696977","KN294470v1","2136945","2137241","41","149559739"
"chr7","151791749","151792033","KN294571v1","1318150","1318439","46","150473599"
"chr7","151942931","151943211","KN296025v1","245563","245849","35","151697368"
"chr7","151990227","151990400","KN296153v1","1178114","1178285","22","150812113"
"chr7","152019415","152019723","KN296357v1","653990","654295","34","151365425"
"chr7","152091001","152091295","KN294526v1","334958","335253","40","151756043"
"chr7","152164595","152164881","KN294756v1","253","541","35","152164342"
"chr7","152171159","152171273","KN297154v1","966807","966917","22","151204352"
"chr7","152171369","152171565","KN296426v1","64367","64561","36","152107002"
"chr7","152190346","152190644","KN295814v1","1261993","1262292","44","150928353"
"chr7","152224035","152224341","KN294456v1","1098138","1098439","33","151125897"
"chr7","152227428","152227721","KN296371v1","42169","42466","38","152185259"
"chr7","152244899","152245190","KN295729v1","826689","826980","32","151418210"
"chr7","152257898","152258194","KN294287v1","289657","289957","46","151968241"
"chr7","152330748","152331042","KN297403v1","208160","208454","31","152122588"
"chr7","152341515","152341815","KN294526v1","566964","567261","39","151774551"
"chr7","152342196","152342505","KN296847v1","511055","511365","33","151831141"
"chr7","152343481","152343791","KN294668v1","2064632","2064943","33","150278849"
"chr7","152376530","152376802","KN295967v1","490584","490860","52","151885946"
"chr7","152381179","152381472","KN294705v1","2183563","2183856","31","150197616"
"chr7","152415911","152416205","KN295480v1","1302107","1302401","30","151113804"
"chr7","152419072","152419370","KN295198v1","274974","275272","29","152144098"
"chr7","152424059","152424362","KN294790v1","163386","163690","29","152260673"
"chr7","152462810","152463120","KN297274v1","1207904","1208213","40","151254906"
"chr7","152475554","152475856","KN297023v1","480259","480560","35","151995295"
"chr7","152497737","152498030","KN295596v1","1192030","1192323","37","151305707"
"chr7","152503458","152503757","KN296588v1","1174036","1174337","53","151329422"
"chr7","152522931","152523250","KN297442v1","240570","240874","47","152282361"
"chr7","152523673","152523965","KN294911v1","2106969","2107263","36","150416704"
"chr7","152529237","152529531","KN296153v1","337824","338119","43","152191413"
"chr7","152567947","152568256","KN295439v1","102691","103000","34","152465256"
"chr7","152583469","152583619","KN296153v1","3878718","3878873","29","148704751"
"chr7","152592330","152592585","KN296213v1","24277","24539","43","152568053"
"chr7","152602211","152602523","KN296153v1","863239","863546","36","151738972"
"chr7","152607612","152607908","KN296153v1","740540","740823","45","151867072"
"chr7","152633992","152634291","KN296244v1","858193","858494","40","151775799"
"chr7","152651288","152651583","KN294499v1","2005615","2005910","37","150645673"
"chr7","152652168","152652472","KN294879v1","76546","76849","44","152575622"
"chr7","152671526","152671819","KN296311v1","3523817","3524116","44","149147709"
"chr7","152687194","152687505","KN296090v1","89328","89638","36","152597866"
"chr7","152693900","152694203","KN295637v1","795675","795978","35","151898225"
"chr7","152704589","152704889","KN295430v1","2554896","2555197","37","150149693"
"chr7","152708683","152708990","KN296119v1","1928558","1928870","41","150780125"
"chr7","152713976","152714270","KN296496v1","988332","988629","28","151725644"
"chr7","152731771","152732064","KN294662v1","54879","55172","35","152676892"
"chr7","152732739","152733030","KN295729v1","826689","826980","33","151906050"
"chr7","152747324","152747617","KN295977v1","1131033","1131330","40","151616291"
"chr7","152752171","152752453","KN297008v1","6417285","6417564","44","146334886"
"chr7","152769531","152769856","KN294220v1","47297","47607","56","152722234"
"chr7","152772298","152772593","KN294456v1","1098138","1098439","39","151674160"
"chr7","152777562","152777864","KN294842v1","1868437","1868737","42","150909125"
"chr7","152808175","152808477","KN296306v1","1271791","1272093","34","151536384"
"chr7","152810374","152810677","KN295198v1","274974","275272","33","152535400"
"chr7","152812529","152812824","KN294407v1","3027269","3027567","40","149785260"
"chr7","152815807","152816097","KN294644v1","85408","85699","34","152730399"
"chr7","152832815","152833121","KN294710v1","68748","69053","38","152764067"
"chr7","152907354","152907657","KN297445v1","1543824","1544129","40","151363530"
"chr7","152927357","152927656","KN295586v1","2267301","2267598","41","150660056"
"chr7","152934453","152934762","KN294991v1","686774","687084","35","152247679"
"chr7","152957880","152958182","KN296158v1","1175251","1175559","42","151782629"
"chr7","152963624","152963843","KN294874v1","126189","126410","27","152837435"
"chr7","152965805","152966081","KN296630v1","171376","171651","40","152794429"
"chr7","152985164","152985460","KN296620v1","349918","350214","36","152635246"
"chr7","152986401","152986701","KN296311v1","1117474","1117774","31","151868927"
"chr7","152987448","152987759","KN297158v1","780384","780692","37","152207064"
"chr7","153052544","153052843","KN295735v1","173165","173463","41","152879379"
"chr7","153058368","153058681","KN295667v1","1840349","1840660","54","151218019"
"chr7","153067942","153068249","KN296877v1","435229","435526","50","152632713"
"chr7","153082394","153082689","KN294501v1","4140225","4140518","37","148942169"
"chr7","153093130","153093422","KN296311v1","768493","768797","41","152324637"
"chr7","153122440","153122747","KN296311v1","8317826","8318133","40","144804614"
"chr7","153150955","153151233","KN296646v1","922061","922342","36","152228894"
"chr7","153158355","153158653","KN296145v1","740136","740436","39","152418219"
"chr7","153160769","153161076","KN296138v1","98488","98788","37","153062281"
"chr7","153161907","153162166","KN296158v1","1300156","1300415","35","151861751"
"chr7","153190532","153190833","KN294825v1","396445","396749","40","152794087"
"chr7","153210370","153210675","KN296635v1","3876048","3876352","41","149334322"
"chr7","153246930","153247232","KN294879v1","76546","76849","43","153170384"
"chr7","153249935","153250233","KN296145v1","3072127","3072422","36","150177808"
"chr7","153265750","153266057","KN296643v1","852402","852709","43","152413348"
"chr7","153366067","153366371","KN294842v1","192762","193057","38","153173305"
"chr7","153371466","153371776","KN295533v1","1939754","1940065","41","151431712"
"chr7","153411887","153412168","KN295459v1","361703","361982","36","153050184"
"chr7","153434674","153434984","KN294705v1","1537713","1538021","33","151896961"
"chr7","153449309","153449610","KN295301v1","716124","716425","41","152733185"
"chr7","153462482","153462786","KN296487v1","131647","131949","36","153330835"
"chr7","153470816","153471115","KN294257v1","1771672","1771973","39","151699144"
"chr7","153484619","153484935","KN295326v1","192748","193053","43","153291871"
"chr7","153501409","153501716","KN294271v1","903432","903745","44","152597977"
"chr7","153521090","153521380","KN296743v1","2392400","2392688","40","151128690"
"chr7","153528004","153528298","KN295729v1","826689","826980","37","152701315"
"chr7","153531224","153531514","KN294509v1","346253","346540","32","153184971"
"chr7","153535133","153535404","KN295586v1","1486932","1487207","36","152048201"
"chr7","153547365","153547679","KN297038v1","1285540","1285851","53","152261825"
"chr7","153551623","153551886","KN295814v1","1737462","1737729","37","151814161"
"chr7","153568237","153568524","KN294647v1","185532","185822","35","153382705"
"chr7","153570743","153570914","KN294957v1","73265","73439","34","153497478"
"chr7","153573323","153573553","KN295405v1","757351","757593","41","152815972"
"chr7","153595322","153595609","KN297197v1","197080","197368","40","153398242"
"chr7","153598713","153599028","KN297154v1","1422834","1423117","61","152175879"
"chr7","153603332","153603644","KN295484v1","510951","511262","44","153092381"
"chr7","153605860","153606080","KN295236v1","3580229","3580418","53","150025631"
"chr7","153606929","153607233","KN294479v1","230648","230951","40","153376281"
"chr7","153614219","153614486","KN295566v1","76007","76275","31","153538212"
"chr7","153617599","153617905","KN294558v1","708067","708372","32","152909532"
"chr7","153618850","153619134","KN295596v1","13275","13555","42","153605575"
"chr7","153623007","153623142","KN295471v1","188588","188721","36","153434419"
"chr7","153626385","153626665","KN297159v1","3004281","3004566","45","150622104"
"chr7","153628560","153628845","KN296096v1","3298011","3298301","59","150330549"
"chr7","153631016","153631326","KN296311v1","768493","768797","45","152862523"
"chr7","153637221","153637526","KN296079v1","686222","686522","35","152950999"
"chr7","153646049","153646206","KN294592v1","109015","109167","33","153537034"
"chr7","153648648","153648829","KN295605v1","636726","636920","45","153011922"
"chr7","153651684","153651955","KN294239v1","1173497","1173772","46","152478187"
"chr7","153654759","153655094","KN295345v1","1367223","1367533","64","152287536"
"chr7","153656864","153657111","KN294548v1","358515","358762","40","153298349"
"chr7","153659999","153660155","KN295236v1","2986258","2986408","26","150673741"
"chr7","153672157","153672463","KN295708v1","1431107","1431415","36","152241050"
"chr7","153672579","153672890","KN294957v1","62097","62408","39","153610482"
"chr7","153686148","153686462","KN294598v1","342532","342842","41","153343616"
"chr7","153689136","153689420","KN295671v1","149104","149384","45","153540032"
"chr7","153690928","153691238","KN296303v1","514845","515157","43","153176083"
"chr7","153691878","153692187","KN297154v1","294220","294518","40","153397658"
"chr7","153693810","153694100","KN294949v1","1309263","1309554","33","152384547"
"chr7","153695364","153695696","KN296926v1","897778","898110","61","152797586"
"chr7","153695754","153696057","KN294466v1","12634","12944","51","153683120"
"chr7","153698703","153699001","KN294475v1","234747","235042","32","153463956"
"chr7","153706568","153706865","KN294210v1","1472464","1472760","40","152234104"
"chr7","153711183","153711484","KN294470v1","181279","181579","40","153529904"
"chr7","153717142","153717439","KN296682v1","1930392","1930690","31","151786750"
"chr7","153717934","153718150","KN296426v1","64367","64561","43","153653567"
"chr7","153720425","153720735","KN295361v1","368724","369034","32","153351701"
"chr7","153722157","153722459","KN294790v1","163386","163690","39","153558771"
"chr7","153738989","153739219","KN296775v1","627278","627511","32","153111711"
"chr7","153748254","153748565","KN294790v1","163386","163690","46","153584868"
"chr7","153749924","153750225","KN295607v1","4377455","4377758","33","149372469"
"chr7","153752913","153753207","KN294665v1","133847","134138","42","153619066"
"chr7","153762087","153762395","KN294172v1","6342004","6342313","33","147420083"
"chr7","153764809","153765101","KN295883v1","939003","939299","38","152825806"
"chr7","153767938","153768238","KN296503v1","544133","544430","36","153223805"
"chr7","153768365","153768670","KN296557v1","18517","18814","43","153749848"
"chr7","153769187","153769494","KN297026v1","794632","794919","57","152974555"
"chr7","153771861","153772131","KN296406v1","549452","549731","48","153222409"
"chr7","153773587","153773875","KN297190v1","4200135","4200423","41","149573452"
"chr7","153775955","153776240","KN297138v1","381239","381525","35","153394716"
"chr7","153787391","153787683","KN294539v1","1287945","1288241","33","152499446"
"chr7","153805448","153805759","KN295929v1","457065","457374","43","153348383"
"chr7","153808191","153808489","KN294239v1","344639","344929","40","153463552"
"chr7","153817372","153817646","KN294193v1","516850","517127","36","153300522"
"chr7","153818196","153818509","KN294705v1","2112450","2112755","40","151705746"
"chr7","153822099","153822397","KN295343v1","729289","729587","39","153092810"
"chr7","153827512","153827801","KN295735v1","1380746","1381033","36","152446766"
"chr7","153829185","153829457","KN297171v1","2628817","2629092","34","151200368"
"chr7","153832949","153833220","KN294630v1","98716","98984","50","153734233"
"chr7","153838699","153839000","KN294456v1","1098138","1098439","38","152740561"
"chr7","153840660","153840949","KN294182v1","571951","572239","38","153268709"
"chr7","153842044","153842355","KN296311v1","8317826","8318133","35","145524218"
"chr7","153855201","153855497","KN296557v1","13515","13811","31","153841686"
"chr7","153864149","153864433","KN296019v1","412819","413103","35","153451330"
"chr7","153871137","153871427","KN296547v1","396597","396892","37","153474540"
"chr7","153874740","153875035","KN296210v1","596068","596367","35","153278672"
"chr7","153881758","153882066","KN294879v1","76546","76849","39","153805212"
"chr7","153885605","153885914","KN296303v1","514845","515157","39","153370760"
"chr7","153891403","153891666","KN294650v1","27651","27917","36","153863752"
"chr7","153900092","153900369","KN297008v1","6417285","6417564","33","147482807"
"chr7","153908327","153908622","KN296153v1","1115266","1115561","33","152793061"
"chr7","153910462","153910653","KN297058v1","529521","529714","31","153380941"
"chr7","153912585","153912891","KN294873v1","1659261","1659572","41","152253324"
"chr7","153931092","153931387","KN294193v1","425211","425504","39","153505881"
"chr7","153933205","153933499","KN295526v1","764551","764853","39","153168654"
"chr7","153935567","153935870","KN297023v1","480259","480560","35","153455308"
"chr7","153948373","153948684","KN296775v1","215095","215405","37","153733278"
"chr7","153954013","153954296","KN295923v1","880754","881043","35","153073259"
"chr7","153957970","153958272","KN294326v1","309006","309309","35","153648964"
"chr7","154015953","154016260","KN296982v1","675778","676081","44","153340175"
"chr7","154028074","154028372","KN294710v1","68748","69053","41","153959326"
"chr7","154052779","154053074","KN295032v1","307103","307398","35","153745676"
"chr7","154140068","154140379","KN294539v1","2257374","2257680","38","151882694"
"chr7","154144208","154144502","KN296036v1","1895044","1895337","39","152249164"
"chr7","154158972","154159274","KN297023v1","480259","480560","34","153678713"
"chr7","154218948","154219229","KN294613v1","527135","527410","39","153691813"
"chr7","154222069","154222337","KN295350v1","478679","478942","37","153743390"
"chr7","154272490","154272800","KN296406v1","250415","250727","38","154022075"
"chr7","154339867","154340162","KN294470v1","2397485","2397775","38","151942382"
"chr7","154355537","154355844","KN294790v1","428668","428977","36","153926869"
"chr7","154380685","154380997","KN294234v1","409215","409520","44","153971470"
"chr7","154387417","154387731","KN297190v1","4407451","4407761","41","149979966"
"chr7","154442246","154442536","KN294879v1","1212125","1212410","37","153230121"
"chr7","154491109","154491388","KN294456v1","411152","411436","43","154079957"
"chr7","154546299","154546559","KN296205v1","605905","606163","36","153940394"
"chr7","154567272","154567534","KN294991v1","995507","995758","47","153571765"
"chr7","154575523","154575772","KN297343v1","616706","616946","44","153958817"
"chr7","154583995","154584291","KN294539v1","1287945","1288241","40","153296050"
"chr7","154640684","154640989","KN294234v1","389524","389825","38","154251160"
"chr7","154661032","154661335","KN296306v1","176676","176989","32","154484356"
"chr7","154674504","154674800","KN296322v1","2709076","2709373","32","151965428"
"chr7","154680612","154680922","KN296948v1","1380864","1381173","36","153299748"
"chr7","154691720","154692035","KN294978v1","1476399","1476706","36","153215321"
"chr7","154695800","154696129","KN296306v1","204033","204379","45","154491767"
"chr7","154696658","154696907","KN297154v1","1616670","1616919","43","153079988"
"chr7","154697715","154698026","KN296306v1","205970","206279","27","154491745"
"chr7","154754537","154754843","KN296306v1","268867","269173","38","154485670"
"chr7","154778246","154778521","KN294662v1","218243","218524","40","154560003"
"chr7","154805334","154805623","KN296520v1","1316759","1317053","42","153488575"
"chr7","154815127","154815428","KN296306v1","329676","329971","29","154485451"
"chr7","154843085","154843389","KN296306v1","357971","358279","32","154485114"
"chr7","154875920","154876233","KN294187v1","783464","783769","49","154092456"
"chr7","154910275","154910587","KN296682v1","4855759","4856070","39","150054516"
"chr7","154929585","154929895","KN294378v1","1504358","1504668","41","153425227"
"chr7","154982703","154983009","KN296306v1","509222","509533","31","154473481"
"chr7","154998487","154998788","KN296864v1","3164724","3165032","47","151833763"
"chr7","155025456","155025740","KN296557v1","13515","13811","47","155011941"
"chr7","155029126","155029432","KN296306v1","548913","549194","51","154480213"
"chr7","155054309","155054598","KN297095v1","57865","58149","39","154996444"
"chr7","155074549","155074838","KN296495v1","560166","560460","34","154514383"
"chr7","155106296","155106571","KN297281v1","1408552","1408830","35","153697744"
"chr7","155127721","155128023","KN296306v1","643289","643585","35","154484432"
"chr7","155145759","155146048","KN294571v1","671930","672216","33","154473829"
"chr7","155148192","155148494","KN296306v1","664468","664773","27","154483724"
"chr7","155154305","155154623","KN296306v1","670429","670735","43","154483876"
"chr7","155225949","155226255","KN296306v1","746178","746477","28","154479771"
"chr7","155295889","155296199","KN296306v1","832432","832744","32","154463457"
"chr7","155351030","155351324","KN295480v1","1302107","1302401","33","154048923"
"chr7","155360174","155360435","KN296225v1","526436","526699","38","154833738"
"chr7","155404024","155404327","KN296306v1","943850","944159","35","154460174"
"chr7","155405577","155405881","KN296306v1","945397","945698","27","154460180"
"chr7","155446102","155446420","KN296119v1","2575075","2575382","48","152871027"
"chr7","155527874","155528177","KN296306v1","1074696","1075002","24","154453178"
"chr7","155540281","155540578","KN296306v1","1086835","1087140","35","154453446"
"chr7","155551541","155551840","KN296513v1","2047464","2047766","38","153504077"
"chr7","155552651","155552963","KN296864v1","3164724","3165032","37","152387927"
"chr7","155619204","155619511","KN296306v1","1160530","1160839","36","154458674"
"chr7","155628465","155628751","KN296306v1","1171853","1172132","32","154456612"
"chr7","155650848","155651147","KN296306v1","1195452","1195746","35","154455396"
"chr7","155677222","155677524","KN294917v1","405138","405434","39","155272084"
"chr7","155695660","155695959","KN296306v1","1241158","1241448","38","154454502"
"chr7","155725223","155725519","KN296306v1","1271791","1272093","26","154453432"
"chr7","155737899","155738194","KN296306v1","1283841","1284136","28","154454058"
"chr7","155749766","155749942","KN296844v1","857997","858175","27","154891769"
"chr7","155874513","155874808","KN296306v1","1323858","1324155","22","154550655"
"chr7","155907619","155907923","KN296306v1","1362973","1363280","41","154544646"
"chr7","155916588","155916890","KN296306v1","1375813","1376116","31","154540775"
"chr7","155939895","155940190","KN296547v1","396597","396892","43","155543298"
"chr7","155975378","155975676","KN296306v1","1431648","1431953","33","154543730"
"chr7","156023520","156023840","KN296486v1","1907235","1907556","49","154116285"
"chr7","156032967","156033261","KN297233v1","523000","523293","36","155509967"
"chr7","156035187","156035482","KN296964v1","1801449","1801744","29","154233738"
"chr7","156054913","156055194","KN296306v1","1508221","1508504","35","154546692"
"chr7","156062057","156062352","KN294911v1","1111554","1111848","35","154950503"
"chr7","156063107","156063417","KN294548v1","1161001","1161308","41","154902106"
"chr7","156079403","156079705","KN294456v1","1098138","1098439","40","154981265"
"chr7","156195083","156195384","KN294987v1","1477069","1477366","37","154718014"
"chr7","156232076","156232378","KN295729v1","826689","826980","45","155405387"
"chr7","156254467","156254756","KN296306v1","1713339","1713628","19","154541128"
"chr7","156299423","156299726","KN296040v1","870399","870708","43","155429024"
"chr7","156301048","156301351","KN296306v1","1760008","1760307","23","154541040"
"chr7","156302062","156302364","KN294571v1","890748","891049","32","155411314"
"chr7","156318783","156319091","KN295034v1","285242","285543","44","156033541"
"chr7","156328347","156328652","KN296306v1","1792811","1793114","33","154535536"
"chr7","156373940","156374226","KN294456v1","1143112","1143404","32","155230828"
"chr7","156395694","156395994","KN296306v1","1867839","1868138","25","154527855"
"chr7","156403039","156403330","KN294456v1","411672","411963","50","155991367"
"chr7","156476952","156477233","KN294539v1","1385687","1385967","33","155091265"
"chr7","156527630","156527931","KN294470v1","2136945","2137241","37","154390685"
"chr7","156552377","156552677","KN296833v1","30824","31126","33","156521553"
"chr7","156586892","156587205","KN296847v1","511055","511365","43","156075837"
"chr7","156600505","156600759","KN296306v1","2045928","2046193","36","154554577"
"chr7","156830783","156831095","KN295074v1","343353","343661","41","156487430"
"chr7","156838689","156838980","KN295366v1","124181","124471","23","156714508"
"chr7","156879127","156879338","KN295236v1","3506386","3506600","32","153372741"
"chr7","156881861","156882172","KN296306v1","2267279","2267590","28","154614582"
"chr7","156905011","156905314","KN296036v1","151683","151994","42","156753328"
"chr7","156913940","156914188","KN295835v1","199186","199432","49","156714754"
"chr7","156917454","156917757","KN295045v1","51919","52221","36","156865535"
"chr7","156926731","156927005","KN295343v1","770844","771117","28","156155887"
"chr7","156963238","156963529","KN296306v1","2347623","2347919","27","154615615"
"chr7","156985360","156985619","KN296306v1","2366885","2367157","31","154618475"
"chr7","157031984","157032281","KN296096v1","3330402","3330699","39","153701582"
"chr7","157074369","157074652","KN296306v1","2452640","2452920","38","154621729"
"chr7","157140449","157140759","KN294199v1","636506","636815","36","156503943"
"chr7","157184574","157184883","KN296306v1","2565160","2565468","29","154619414"
"chr7","157198218","157198505","KN296311v1","1093395","1093684","38","156104823"
"chr7","157284405","157284703","KN296620v1","349918","350214","31","156934487"
"chr7","157297008","157297305","KN296498v1","95172","95471","33","157201836"
"chr7","157328613","157328908","KN297245v1","1416081","1416379","32","155912532"
"chr7","157371775","157372091","KN296306v1","2754500","2754814","32","154617275"
"chr7","157418539","157418835","KN297203v1","1038785","1039072","47","156379754"
"chr7","157448298","157448581","KN296306v1","2830345","2830628","33","154617953"
"chr7","157448638","157448930","KN294217v1","699680","699967","50","156748958"
"chr7","157477330","157477639","KN296153v1","1336190","1336496","37","156141140"
"chr7","157500047","157500335","KN294842v1","192762","193057","32","157307285"
"chr7","157538294","157538597","KN294536v1","268068","268359","45","157270226"
"chr7","157555280","157555599","KN296306v1","2937115","2937421","35","154618165"
"chr7","157664646","157664953","KN296306v1","3048995","3049292","35","154615651"
"chr7","157700035","157700346","KN296303v1","514845","515157","38","157185190"
"chr7","157701317","157701600","KN296306v1","3086421","3086686","51","154614896"
"chr7","157724061","157724351","KN294911v1","2389002","2389309","38","155335059"
"chr7","157741887","157742170","KN296386v1","849017","849305","37","156892870"
"chr7","157745858","157746144","KN296306v1","3130332","3130622","19","154615526"
"chr7","157811960","157812236","KN295719v1","67106","67390","42","157744854"
"chr7","157892961","157893243","KN296306v1","3291137","3291420","23","154601824"
"chr7","157913608","157913914","KN294218v1","2833833","2834132","42","155079775"
"chr7","157915076","157915379","KN295814v1","1167733","1168035","35","156747343"
"chr7","157936676","157936986","KN297154v1","1039874","1040175","33","156896802"
"chr7","157951949","157952190","KN295405v1","757351","757593","54","157194598"
"chr7","157961940","157962241","KN297023v1","480259","480560","32","157481681"
"chr7","157977351","157977640","KN296306v1","3377691","3377979","24","154599660"
"chr7","157981088","157981362","KN294207v1","761912","762189","35","157219176"
"chr7","157990532","157990856","KN296460v1","119303","119632","48","157871229"
"chr7","158014900","158015199","KN296306v1","3423546","3423840","32","154591354"
"chr7","158072406","158072717","KN296306v1","3492142","3492454","36","154580264"
"chr7","158102512","158102797","KN296306v1","3523066","3523349","26","154579446"
"chr7","158125406","158125672","KN295257v1","1021577","1021841","43","157103829"
"chr7","158127397","158127686","KN295586v1","4033744","4034032","31","154093653"
"chr7","158140954","158141252","KN296306v1","3563095","3563396","26","154577859"
"chr7","158141946","158142226","KN295735v1","830036","830317","33","157311910"
"chr7","158201453","158201762","KN296306v1","3624352","3624656","36","154577101"
"chr7","158206455","158206757","KN296306v1","3629380","3629673","33","154577075"
"chr7","158237291","158237588","KN296306v1","3654409","3654703","22","154582882"
"chr7","158237813","158238113","KN294181v1","1424178","1424469","38","156813635"
"chr7","158256359","158256591","KN295967v1","625826","626071","55","157630533"
"chr7","158270490","158270800","KN296306v1","3682608","3682916","33","154587882"
"chr7","158274533","158274847","KN296306v1","3684785","3685086","35","154589748"
"chr7","158275178","158275479","KN296036v1","898092","898396","32","157377086"
"chr7","158284083","158284392","KN295236v1","4118266","4118574","36","154165817"
"chr7","158285296","158285604","KN296306v1","3696704","3697010","28","154588592"
"chr7","158301748","158301991","KN295185v1","52454","52694","47","158249294"
"chr7","158323814","158324115","KN295729v1","1070751","1071060","39","157253063"
"chr7","158336048","158336350","KN294879v1","76546","76849","38","158259502"
"chr7","158342694","158342991","KN297095v1","2301382","2301679","36","156041312"
"chr7","158388272","158388575","KN296306v1","3800421","3800726","29","154587851"
"chr7","158392372","158392677","KN297154v1","831565","831869","35","157560807"
"chr7","158398397","158398677","KN295152v1","176671","176951","34","158221726"
"chr7","158411377","158411631","KN295490v1","43581","43843","35","158367796"
"chr7","158418785","158419050","KN296306v1","3821793","3822060","24","154596992"
"chr7","158433730","158434034","KN296306v1","3837197","3837501","26","154596533"
"chr7","158435764","158436049","KN296306v1","3839235","3839525","22","154596529"
"chr7","158448436","158448737","KN295573v1","192599","192895","42","158255837"
"chr7","158454489","158454796","KN295601v1","3238589","3238887","41","155215900"
"chr7","158455763","158456041","KN295102v1","376622","376901","37","158079141"
"chr7","158471761","158472060","KN296306v1","3872680","3872982","25","154599081"
"chr7","158473861","158474172","KN296430v1","1105044","1105344","39","157368817"
"chr7","158497979","158498291","KN297361v1","166730","167034","48","158331249"
"chr7","158502658","158502960","KN297343v1","2123339","2123640","32","156379319"
"chr7","158536411","158536700","KN297343v1","2084710","2084992","21","156451701"
"chr7","158540085","158540367","KN296743v1","202352","202637","36","158337733"
"chr7","158549760","158550072","KN294911v1","2389002","2389309","37","156160758"
"chr7","158551346","158551633","KN297343v1","2069094","2069396","37","156482252"
"chr7","158586998","158587298","KN297023v1","480259","480560","31","158106739"
"chr7","158597690","158597984","KN297095v1","2298311","2298601","35","156299379"
"chr7","158613992","158614276","KN296732v1","3064831","3065121","46","155549161"
"chr7","158636023","158636325","KN297343v1","1980916","1981219","25","156655107"
"chr7","158636825","158637122","KN296588v1","369136","369431","39","158267689"
"chr7","158643552","158643855","KN294501v1","19038","19338","41","158624514"
"chr7","158645875","158646135","KN296062v1","191808","192071","36","158454067"
"chr7","158647235","158647543","KN295424v1","314353","314666","35","158332882"
"chr7","158660527","158660800","KN295343v1","770844","771117","37","157889683"
"chr7","158667524","158667789","KN295243v1","1473974","1474238","34","157193550"
"chr7","158672318","158672611","KN297343v1","1942771","1943049","48","156729547"
"chr7","158690589","158690858","KN295157v1","312263","312532","44","158378326"
"chr7","158691409","158691705","KN296682v1","1930392","1930690","42","156761017"
"chr7","158696352","158696650","KN294521v1","509491","509791","32","158186861"
"chr7","158698945","158699116","KN297046v1","2783193","2783362","30","155915752"
"chr7","158722529","158722813","KN295459v1","1101140","1101421","36","157621389"
"chr7","158725776","158726060","KN296138v1","452937","453216","40","158272839"
"chr7","158749297","158749607","KN294790v1","3331659","3331967","45","155417638"
"chr7","158790477","158790787","KN297343v1","262042","262345","43","158528435"
"chr7","158880260","158880557","KN294571v1","1575904","1576204","29","157304356"
"chr7","159060696","159061002","KN294790v1","163386","163690","34","158897310"
"chr7","159063579","159063878","KN297047v1","3987588","3987889","41","155075991"
"chr7","159149912","159150217","KN294234v1","2627946","2628250","32","156521966"
"chr7","159182269","159182579","KN294991v1","1180582","1180885","41","158001687"
"chr7","159192201","159192481","KN296122v1","387098","387375","39","158805103"
"chr7","159193224","159193526","KN296316v1","265694","265986","30","158927530"
"chr7","159198945","159199168","KN295405v1","757351","757593","48","158441594"
"chr7","159226451","159226756","KN294234v1","2627946","2628250","32","156598505"
"chr7","159397593","159397875","KN295371v1","448057","448341","34","158949536"
"chr7","159437755","159438051","KN295586v1","2562750","2563045","44","156875005"
"chr7","159438643","159438947","KN294571v1","1575904","1576204","38","157862739"
"chr7","159451703","159451985","KN295474v1","1165520","1165802","37","158286183"
"chr7","159454194","159454506","KN296682v1","4595682","4595990","34","154858512"
"chr7","159457572","159457886","KN296167v1","450049","450355","34","159007523"
"chr7","159463038","159463344","KN294790v1","2771318","2771623","42","156691720"
"chr7","159503686","159503990","KN296547v1","922142","922450","36","158581544"
"chr7","159504023","159504323","KN295301v1","716124","716425","42","158787899"
"chr7","159578879","159579198","KN294980v1","84972","85282","44","159493907"
"chr7","159655590","159655882","KN294647v1","185532","185822","35","159470058"
"chr7","159678364","159678671","KN294987v1","1477069","1477366","44","158201295"
"chr7","159753123","159753398","KN294536v1","268068","268359","40","159485055"
"chr7","159772435","159772754","KN294980v1","84972","85282","45","159687463"
"chr7","159849695","159849987","KN295977v1","19914","20198","34","159829781"
"chr7","159874615","159874920","KN294987v1","1477069","1477366","42","158397546"
"chr7","160289995","160290152","KN294591v1","449528","449680","34","159840467"
"chr7","160291741","160292042","KN297023v1","480259","480560","43","159811482"
"chr7","160354465","160354762","KN294527v1","184998","185281","68","160169467"
"chr7","160374910","160375112","KN296426v1","64367","64561","46","160310543"
"chr7","160380325","160380623","KN295633v1","1318464","1318763","53","159061861"
"chr7","160951872","160952029","KN294591v1","449528","449680","35","160502344"
"chr7","160953608","160953909","KN297023v1","480259","480560","41","160473349"
"chr7","161016302","161016598","KN296349v1","48155","48443","68","160968147"
"chr7","161280608","161280765","KN294591v1","449528","449680","35","160831080"
"chr7","161282352","161282653","KN297023v1","480259","480560","41","160802093"
"chr8","26738493","26738808","KN294365v1","1975191","1975503","43","24763302"
"chr8","31194849","31195151","KN294456v1","592934","593237","52","30601915"
"chr8","37617386","37617692","KN296732v1","505664","505970","31","37111722"
"chr8","38928330","38928638","KN294378v1","1504358","1504668","37","37423972"
"chr8","63438819","63439114","KN295708v1","2784035","2784327","42","60654784"
"chr8","67239648","67239947","KN294181v1","1579076","1579376","35","65660572"
"chr8","95944664","95944964","KN296495v1","550769","551079","44","95393895"
"chr8","123469668","123469951","KN294457v1","205085","205362","49","123264583"
"chr8","136576945","136577250","KN294790v1","163386","163690","43","136413559"
"chr8","135414","135698","KN294234v1","2786461","2786740","34","2651047"
"chr8","143982","144268","KN295361v1","824524","824814","44","680542"
"chr8","269890","270065","KN294548v1","1253956","1254133","34","984066"
"chr8","321411","321705","KN294501v1","173182","173470","38","148229"
"chr8","346621","346926","KN294234v1","2627946","2628250","32","2281325"
"chr8","457235","457545","KN294234v1","2519714","2520022","37","2062479"
"chr8","464601","464913","KN294266v1","214101","214406","39","250500"
"chr8","612600","612909","KN294372v1","299717","300027","38","312883"
"chr8","835036","835322","KN296312v1","48923","49212","37","786113"
"chr8","884389","884659","KN294650v1","27651","27917","37","856738"
"chr8","885508","885773","KN294234v1","2125042","2125313","25","1239534"
"chr8","922834","923142","KN294172v1","2506064","2506374","44","1583230"
"chr8","1013530","1013816","KN295003v1","167988","168273","39","845542"
"chr8","1195413","1195679","KN294234v1","1857025","1857299","37","661612"
"chr8","1236949","1237215","KN294234v1","1817051","1817316","39","580102"
"chr8","1237777","1237954","KN296620v1","725178","725346","27","512599"
"chr8","1251050","1251346","KN295523v1","1314489","1314785","37","63439"
"chr8","1330573","1330881","KN296153v1","3952987","3953296","41","2622414"
"chr8","1404472","1404761","KN294234v1","1665465","1665753","40","260993"
"chr8","1479081","1479394","KN294234v1","1591630","1591937","26","112549"
"chr8","1511541","1511754","KN294234v1","1553858","1554082","33","42317"
"chr8","1581633","1581944","KN297320v1","1223277","1223582","40","358356"
"chr8","1597287","1597582","KN295941v1","1255749","1256046","38","341538"
"chr8","1640464","1640743","KN294193v1","568677","568960","43","1071787"
"chr8","1649589","1649896","KN296090v1","89328","89638","32","1560261"
"chr8","1653403","1653727","KN296920v1","170719","171034","46","1482684"
"chr8","1655065","1655361","KN297290v1","167380","167674","37","1487685"
"chr8","1662786","1663096","KN294234v1","1420648","1420958","33","242138"
"chr8","1667996","1668194","KN295995v1","278598","278793","42","1389398"
"chr8","1737335","1737645","KN294991v1","829599","829902","57","907736"
"chr8","1764237","1764536","KN294234v1","1327535","1327832","36","436702"
"chr8","1795334","1795639","KN294234v1","1298445","1298755","34","496889"
"chr8","1870729","1870980","KN294218v1","2753577","2753834","46","882848"
"chr8","1893961","1894258","KN294446v1","753640","753932","52","1140321"
"chr8","1932006","1932293","KN294234v1","1164258","1164568","44","767748"
"chr8","1932858","1933011","KN295930v1","759567","759739","49","1173291"
"chr8","2018179","2018493","KN295236v1","5138852","5139163","40","3120673"
"chr8","2021534","2021851","KN294234v1","1073014","1073332","31","948520"
"chr8","2067896","2068196","KN294470v1","2878982","2879283","32","811086"
"chr8","2072726","2073036","KN294234v1","1024945","1025260","32","1047781"
"chr8","2075171","2075488","KN294234v1","1022318","1022622","46","1052853"
"chr8","2075665","2075922","KN294874v1","1378226","1378486","39","697439"
"chr8","2077025","2077288","KN294234v1","1020421","1020689","32","1056604"
"chr8","2078302","2078594","KN294234v1","1019130","1019415","32","1059172"
"chr8","2083461","2083740","KN297118v1","278013","278290","39","1805448"
"chr8","2123862","2124165","KN297327v1","811573","811871","44","1312289"
"chr8","2126260","2126550","KN294234v1","974415","974703","35","1151845"
"chr8","2141508","2141817","KN296303v1","514845","515157","29","1626663"
"chr8","2156694","2156983","KN294234v1","944729","945016","38","1211965"
"chr8","2170394","2170595","KN295198v1","537432","537627","38","1632962"
"chr8","2189102","2189400","KN296145v1","740136","740436","40","1448966"
"chr8","2219712","2220009","KN294234v1","891000","891299","32","1328712"
"chr8","2229201","2229510","KN297095v1","3657631","3657942","50","1428430"
"chr8","2249356","2249664","KN294234v1","863802","864112","31","1385554"
"chr8","2251167","2251480","KN296119v1","3257639","3257949","42","1006472"
"chr8","2269730","2270045","KN294234v1","847421","847748","35","1422309"
"chr8","2309186","2309487","KN294539v1","1287945","1288241","32","1021241"
"chr8","2311750","2312057","KN294234v1","823300","823619","42","1488450"
"chr8","2350636","2350929","KN294705v1","171511","171799","52","2179125"
"chr8","2358031","2358343","KN295607v1","4377455","4377758","38","2019424"
"chr8","2363763","2364039","KN294234v1","787310","787579","33","1576453"
"chr8","2382241","2382521","KN295236v1","6175968","6176242","45","3793727"
"chr8","2417740","2418040","KN294234v1","614032","614330","37","1803708"
"chr8","2453052","2453337","KN296357v1","347546","347831","54","2105506"
"chr8","2460295","2460576","KN294234v1","488317","488616","51","1971978"
"chr8","2520513","2520806","KN294234v1","430101","430398","26","2090412"
"chr8","2520888","2521198","KN295748v1","161587","161896","46","2359301"
"chr8","2535133","2535447","KN294234v1","414075","414363","52","2121058"
"chr8","2539781","2540085","KN296430v1","1105044","1105344","38","1434737"
"chr8","2543482","2543773","KN294234v1","405282","405557","47","2138200"
"chr8","2559440","2559751","KN294957v1","62097","62408","40","2497343"
"chr8","2569664","2569788","KN294365v1","1970568","1970695","28","599096"
"chr8","2570713","2570901","KN296062v1","1571015","1571193","32","999698"
"chr8","2588470","2588767","KN294234v1","340286","340571","36","2248184"
"chr8","2715963","2716269","KN294603v1","111945","112247","53","2604018"
"chr8","2831946","2832250","KN294326v1","309006","309309","30","2522940"
"chr8","2870460","2870765","KN295323v1","46171","46472","25","2824289"
"chr8","2904079","2904378","KN295323v1","76467","76765","30","2827612"
"chr8","2909535","2909833","KN295323v1","81774","82052","39","2827761"
"chr8","2921627","2921942","KN295198v1","274974","275272","52","2646653"
"chr8","2938395","2938695","KN294705v1","1537713","1538021","52","1400682"
"chr8","2986306","2986634","KN295735v1","713634","713968","55","2272672"
"chr8","2994021","2994304","KN295323v1","163803","164084","24","2830218"
"chr8","3001293","3001601","KN295830v1","134400","134714","44","2866893"
"chr8","3018096","3018391","KN294470v1","2136945","2137241","34","881151"
"chr8","3023868","3024162","KN295323v1","193668","193964","25","2830200"
"chr8","3028419","3028740","KN297304v1","4458","4766","51","3023961"
"chr8","3029962","3030256","KN295323v1","199931","200231","32","2830031"
"chr8","3031901","3032212","KN295323v1","201830","202128","31","2830071"
"chr8","3046419","3046714","KN295323v1","216351","216646","28","2830068"
"chr8","3053780","3054093","KN296732v1","505664","505970","38","2548116"
"chr8","3073670","3073983","KN295323v1","244684","245012","45","2828986"
"chr8","3094904","3095198","KN296820v1","730474","730770","39","2364430"
"chr8","3100768","3101069","KN294375v1","866092","866404","54","2234676"
"chr8","3120746","3121046","KN295605v1","462802","463102","47","2657944"
"chr8","3140702","3140987","KN294698v1","181917","182196","44","2958785"
"chr8","3157833","3158137","KN295323v1","325062","325363","33","2832771"
"chr8","3158152","3158320","KN296311v1","6198781","6198949","24","3040629"
"chr8","3214907","3215214","KN295573v1","260075","260386","32","2954832"
"chr8","3224754","3225040","KN297190v1","4200135","4200423","37","975381"
"chr8","3270772","3271027","KN297186v1","50383","50628","38","3220389"
"chr8","3278711","3279016","KN294710v1","68748","69053","33","3209963"
"chr8","3292690","3292927","KN295323v1","452283","452527","23","2840407"
"chr8","3318767","3319066","KN295323v1","478707","479017","35","2840060"
"chr8","3327038","3327356","KN295090v1","242110","242415","43","3084928"
"chr8","3355710","3356024","KN295323v1","510239","510537","43","2845471"
"chr8","3365969","3366266","KN295323v1","519934","520235","39","2846035"
"chr8","3401598","3401878","KN294429v1","48972","49253","47","3352626"
"chr8","3423322","3423630","KN295323v1","573603","573916","36","2849719"
"chr8","3461199","3461502","KN295323v1","616964","617281","42","2844235"
"chr8","3466778","3467084","KN295323v1","622752","623062","38","2844026"
"chr8","3507259","3507535","KN294946v1","220472","220746","42","3286787"
"chr8","3537789","3538099","KN295319v1","42222","42534","45","3495567"
"chr8","3547821","3548120","KN296079v1","686222","686522","50","2861599"
"chr8","3548801","3549104","KN294717v1","134314","134619","42","3414487"
"chr8","3553184","3553507","KN295609v1","72321","72630","65","3480863"
"chr8","3580584","3580892","KN294548v1","1161001","1161308","44","2419583"
"chr8","3603746","3604084","KN294509v1","964036","964370","78","2639710"
"chr8","3604859","3605167","KN295323v1","753523","753822","36","2851336"
"chr8","3610167","3610458","KN296367v1","648064","648354","41","2962103"
"chr8","3611400","3611661","KN295433v1","64243","64511","49","3547157"
"chr8","3623680","3623976","KN294372v1","2629158","2629456","41","994522"
"chr8","3647798","3648085","KN297197v1","197080","197368","36","3450718"
"chr8","3649508","3649828","KN295441v1","1659662","1659986","57","1989846"
"chr8","3654624","3654932","KN295433v1","250702","251008","46","3403922"
"chr8","3681226","3681513","KN295323v1","836630","836912","44","2844596"
"chr8","3712306","3712540","KN295405v1","757351","757593","51","2954955"
"chr8","3727332","3727655","KN294407v1","912040","912349","63","2815292"
"chr8","3729551","3729875","KN294407v1","912040","912349","61","2817511"
"chr8","3735539","3735860","KN294571v1","1092873","1093161","66","2642666"
"chr8","3738700","3738998","KN296253v1","1315417","1315709","53","2423283"
"chr8","3751915","3752216","KN294761v1","363307","363610","40","3388608"
"chr8","3763230","3763536","KN296153v1","1726800","1727112","46","2036430"
"chr8","3786740","3787027","KN295923v1","880754","881043","39","2905986"
"chr8","3849317","3849596","KN297038v1","136058","136331","45","3713259"
"chr8","4001764","4002073","KN296153v1","3205197","3205508","44","796567"
"chr8","4004537","4004848","KN294407v1","2568075","2568385","50","1436462"
"chr8","4033150","4033444","KN296726v1","608259","608551","44","3424891"
"chr8","4080382","4080682","KN297245v1","1416081","1416379","44","2664301"
"chr8","4100344","4100632","KN295284v1","44573","44859","44","4055771"
"chr8","4147325","4147634","KN295096v1","1919145","1919460","46","2228180"
"chr8","4227984","4228279","KN297263v1","1480625","1480920","29","2747359"
"chr8","4246710","4247007","KN297263v1","1459932","1460219","43","2786778"
"chr8","4300684","4300957","KN296594v1","1040988","1041253","42","3259696"
"chr8","4357533","4357825","KN296122v1","312850","313141","43","4044683"
"chr8","4437478","4437775","KN294705v1","867156","867449","44","3570322"
"chr8","4454829","4455122","KN294378v1","1108033","1108325","39","3346796"
"chr8","4466065","4466376","KN296404v1","2534470","2534781","40","1931595"
"chr8","4508815","4509101","KN297263v1","1186058","1186342","37","3322757"
"chr8","4550081","4550385","KN297263v1","1140201","1140504","22","3409880"
"chr8","4631719","4631932","KN294713v1","896268","896483","37","3735451"
"chr8","4632230","4632475","KN295869v1","969223","969467","37","3663007"
"chr8","4692173","4692473","KN294809v1","1033430","1033730","46","3658743"
"chr8","4766612","4766903","KN294790v1","1802070","1802361","45","2964542"
"chr8","4786369","4786643","KN297263v1","909858","910125","29","3876511"
"chr8","4833368","4833663","KN296201v1","2901267","2901554","51","1932101"
"chr8","4900884","4901152","KN294842v1","61302","61569","36","4839582"
"chr8","5037588","5037899","KN296503v1","58212","58521","36","4979376"
"chr8","5059355","5059621","KN297263v1","644839","645092","32","4414516"
"chr8","5080952","5081268","KN297263v1","617319","617627","37","4463633"
"chr8","5083834","5084133","KN297245v1","1416081","1416379","41","3667753"
"chr8","5107831","5108137","KN294446v1","240983","241287","43","4866848"
"chr8","5110870","5111175","KN297286v1","129018","129322","43","4981852"
"chr8","5130973","5131243","KN297263v1","570675","570946","26","4560298"
"chr8","5171017","5171348","KN296992v1","67464","67775","61","5103553"
"chr8","5195119","5195427","KN297263v1","499526","499835","52","4695593"
"chr8","5217909","5218196","KN297058v1","268737","269023","39","4949172"
"chr8","5320027","5320323","KN294561v1","1084406","1084703","26","4235621"
"chr8","5329995","5330279","KN297263v1","397512","397797","30","4932483"
"chr8","5332918","5333230","KN297274v1","325539","325849","56","5007379"
"chr8","5351641","5351918","KN297263v1","374848","375118","38","4976793"
"chr8","5371511","5371796","KN297263v1","353943","354206","43","5017568"
"chr8","5397156","5397445","KN297263v1","328268","328563","38","5068888"
"chr8","5412210","5412500","KN294964v1","1031533","1031831","55","4380677"
"chr8","5440342","5440632","KN296062v1","1409584","1409882","49","4030758"
"chr8","5449082","5449363","KN296119v1","5914350","5914624","51","465268"
"chr8","5610322","5610628","KN297263v1","115184","115487","33","5495138"
"chr8","5716296","5716598","KN296406v1","281155","281453","41","5435141"
"chr8","5802747","5803047","KN295666v1","873327","873629","40","4929420"
"chr8","5810972","5811284","KN294453v1","23988","24299","39","5786984"
"chr8","5867199","5867488","KN296174v1","397696","397991","40","5469503"
"chr8","5900248","5900525","KN296406v1","158505","158783","38","5741743"
"chr8","5912204","5912498","KN296062v1","1520843","1521142","41","4391361"
"chr8","5913137","5913421","KN294372v1","1372891","1373173","40","4540246"
"chr8","5948616","5948933","KN296174v1","316484","316808","45","5632132"
"chr8","6033027","6033329","KN294790v1","163386","163690","31","5869641"
"chr8","6062001","6062278","KN294451v1","1431692","1431984","56","4630309"
"chr8","6070394","6070704","KN295257v1","1225806","1226107","35","4844588"
"chr8","6092829","6093126","KN296174v1","187901","188206","47","5904928"
"chr8","6095251","6095553","KN296174v1","186415","186710","28","5908836"
"chr8","6169784","6170086","KN296174v1","110139","110439","42","6059645"
"chr8","6174531","6174823","KN296119v1","911532","911825","32","5262999"
"chr8","6183315","6183623","KN296311v1","3194235","3194543","40","2989080"
"chr8","6193582","6193893","KN294470v1","546565","546872","37","5647017"
"chr8","6210794","6211097","KN296174v1","76413","76718","36","6134381"
"chr8","6212052","6212309","KN295022v1","1224445","1224706","49","4987607"
"chr8","6251875","6252185","KN296174v1","38902","39200","42","6212973"
"chr8","6254180","6254476","KN296174v1","36269","36566","25","6217911"
"chr8","6271803","6272097","KN296357v1","483169","483462","34","5788634"
"chr8","6278978","6279178","KN296174v1","5970","6160","29","6273008"
"chr8","6288258","6288553","KN294269v1","550588","550887","36","5737670"
"chr8","6294733","6295036","KN297259v1","1820010","1820317","40","4474723"
"chr8","6303296","6303605","KN296311v1","768493","768797","35","5534803"
"chr8","6306905","6307184","KN296261v1","620490","620771","39","5686415"
"chr8","6312979","6313306","KN295045v1","503482","503801","60","5809497"
"chr8","6317044","6317200","KN296580v1","567614","567775","28","5749430"
"chr8","6330210","6330519","KN296484v1","351750","352061","35","5978460"
"chr8","6333978","6334268","KN294187v1","1334472","1334758","41","4999506"
"chr8","6335044","6335187","KN295708v1","1589585","1589715","30","4745459"
"chr8","6400673","6400839","KN297274v1","669566","669731","27","5731107"
"chr8","6444838","6445168","KN294147v1","944827","945153","70","5500011"
"chr8","6446184","6446513","KN295573v1","1028299","1028621","56","5417885"
"chr8","6457819","6458125","KN296306v1","3686137","3686439","39","2771682"
"chr8","6460006","6460313","KN295075v1","197535","197834","39","6262471"
"chr8","6487922","6488199","KN295633v1","1133330","1133601","47","5354592"
"chr8","6490655","6490967","KN294466v1","12634","12944","34","6478021"
"chr8","6496771","6497086","KN295439v1","102691","103000","45","6394080"
"chr8","6497373","6497659","KN296859v1","1348182","1348474","48","5149191"
"chr8","6509707","6509958","KN296247v1","441710","441975","48","6067997"
"chr8","6520446","6520760","KN297442v1","1612430","1612738","36","4908016"
"chr8","6567412","6567741","KN296852v1","128578","128879","72","6438834"
"chr8","6608815","6609105","KN294977v1","13264","13560","45","6595551"
"chr8","6614386","6614691","KN294535v1","120708","121012","41","6493678"
"chr8","6618693","6618995","KN294911v1","3763985","3764286","48","2854708"
"chr8","6680158","6680453","KN295988v1","704187","704482","37","5975971"
"chr8","6762825","6763125","KN295241v1","239249","239550","40","6523576"
"chr8","6777455","6777739","KN295459v1","361703","361982","32","6415752"
"chr8","6786124","6786422","KN294147v1","1191891","1192182","37","5594233"
"chr8","6792213","6792539","KN297165v1","708082","708397","53","6084131"
"chr8","6831240","6831545","KN294193v1","535425","535726","34","6295815"
"chr8","6854766","6855059","KN295523v1","3030953","3031248","43","3823813"
"chr8","6863462","6863763","KN294561v1","1084406","1084703","40","5779056"
"chr8","6870013","6870304","KN296743v1","2255912","2256204","38","4614101"
"chr8","6913777","6914078","KN295987v1","133153","133451","51","6780624"
"chr8","6971842","6972141","KN296345v1","121659","121957","45","6850183"
"chr8","6995170","6995469","KN296345v1","121659","121957","45","6873511"
"chr8","7010670","7010970","KN296345v1","121659","121957","45","6889011"
"chr8","7059404","7059725","KN294214v1","1726493","1726809","58","5332911"
"chr8","7081604","7081907","KN294470v1","2136945","2137241","37","4944659"
"chr8","7105635","7105944","KN295205v1","398856","399167","40","6706779"
"chr8","7117991","7118297","KN295361v1","932292","932599","42","6185699"
"chr8","7160779","7161082","KN294911v1","2389002","2389309","46","4771777"
"chr8","7173193","7173491","KN294733v1","607498","607793","42","6565695"
"chr8","7187159","7187441","KN296665v1","102216","102498","36","7084943"
"chr8","7194355","7194660","KN295433v1","250702","251008","39","6943653"
"chr8","7206202","7206509","KN297047v1","4058507","4058813","39","3147695"
"chr8","7397231","7397542","KN296485v1","271099","271406","43","7126132"
"chr8","7410600","7410911","KN296404v1","2470734","2471040","33","4939866"
"chr8","7430610","7430925","KN296718v1","83077","83385","50","7347533"
"chr8","7485427","7485720","KN295366v1","124181","124471","35","7361246"
"chr8","7552011","7552231","KN295406v1","275159","275372","63","7276852"
"chr8","7575872","7576095","KN295705v1","623338","623563","64","6952534"
"chr8","7578139","7578363","KN295705v1","623338","623563","63","6954801"
"chr8","7608717","7609014","KN296138v1","98488","98788","42","7510229"
"chr8","7635256","7635561","KN294571v1","1283266","1283571","40","6351990"
"chr8","7647991","7648287","KN294372v1","2427862","2428164","38","5220129"
"chr8","7667503","7667809","KN297047v1","4058507","4058813","42","3608996"
"chr8","7679203","7679498","KN296345v1","121659","121957","44","7557544"
"chr8","7689333","7689613","KN296377v1","143927","144209","38","7545406"
"chr8","7696665","7696975","KN294536v1","1871459","1871764","52","5825206"
"chr8","7752715","7753023","KN295315v1","2180029","2180338","44","5572686"
"chr8","7768145","7768444","KN295719v1","189138","189434","54","7579007"
"chr8","7768736","7769027","KN294287v1","139927","140217","42","7628809"
"chr8","7786938","7787221","KN294470v1","2160791","2161075","33","5626147"
"chr8","7791550","7791832","KN294539v1","1989","2279","53","7789561"
"chr8","7910493","7910784","KN295910v1","140053","140343","43","7770440"
"chr8","7913335","7913628","KN295910v1","140053","140343","42","7773282"
"chr8","7939338","7939562","KN295705v1","623338","623563","63","7316000"
"chr8","7983285","7983592","KN297323v1","822647","822955","44","7160638"
"chr8","8008045","8008351","KN297323v1","822647","822955","43","7185398"
"chr8","8023536","8023838","KN294470v1","2136945","2137241","45","5886591"
"chr8","8045431","8045730","KN296062v1","126120","126418","38","7919311"
"chr8","8069053","8069348","KN296157v1","1204996","1205297","41","6864057"
"chr8","8079203","8079472","KN296277v1","109033","109297","44","7970170"
"chr8","8080928","8081234","KN294911v1","2389002","2389309","47","5691926"
"chr8","8123395","8123692","KN295667v1","1258018","1258319","42","6865377"
"chr8","8137431","8137732","KN295719v1","189138","189434","59","7948293"
"chr8","8138024","8138333","KN295102v1","81555","81863","40","8056469"
"chr8","8147368","8147667","KN295995v1","1906745","1907046","28","6240623"
"chr8","8154924","8155065","KN296244v1","252221","252362","28","7902703"
"chr8","8158891","8159189","KN296062v1","126120","126418","40","8032771"
"chr8","8176886","8177214","KN295995v1","1872958","1873245","64","6303928"
"chr8","8180239","8180527","KN295995v1","1869340","1869628","28","6310899"
"chr8","8180829","8181129","KN295075v1","197535","197834","46","7983294"
"chr8","8181950","8182258","KN295995v1","1867572","1867863","36","6314378"
"chr8","8183502","8183776","KN294161v1","894750","895027","43","7288752"
"chr8","8183808","8184112","KN295995v1","1865361","1865672","26","6318447"
"chr8","8193462","8193687","KN295705v1","623338","623563","60","7570124"
"chr8","8262120","8262407","KN294172v1","4731014","4731305","38","3531106"
"chr8","8309918","8310137","KN295406v1","275159","275372","62","8034759"
"chr8","8336333","8336555","KN295977v1","1276894","1277103","68","7059439"
"chr8","8351123","8351423","KN295586v1","723709","724010","52","7627414"
"chr8","8359427","8359730","KN296785v1","16268","16570","40","8343159"
"chr8","8375073","8375241","KN297274v1","669566","669731","40","7705507"
"chr8","8394971","8395277","KN297323v1","822647","822955","43","7572324"
"chr8","8403506","8403804","KN296785v1","16268","16570","38","8387238"
"chr8","8418391","8418559","KN294831v1","658690","658843","40","7759701"
"chr8","8430920","8431225","KN297323v1","822647","822955","54","7608273"
"chr8","8440705","8441009","KN297322v1","1224244","1224547","37","7216461"
"chr8","8459898","8460211","KN295893v1","1528764","1529075","39","6931134"
"chr8","8472901","8473199","KN296365v1","1595427","1595725","45","6877474"
"chr8","8500706","8501004","KN294991v1","293673","293971","41","8207033"
"chr8","8520600","8520903","KN296404v1","1301704","1302007","40","7218896"
"chr8","8533455","8533768","KN296430v1","96066","96377","36","8437389"
"chr8","8557833","8558136","KN294964v1","1171001","1171302","38","7386832"
"chr8","8572367","8572680","KN296495v1","3190184","3190495","48","5382183"
"chr8","8670984","8671298","KN295350v1","1142859","1143166","46","7528125"
"chr8","8683029","8683339","KN294728v1","1502663","1502971","43","7180366"
"chr8","8706677","8706997","KN296547v1","627587","627905","35","8079090"
"chr8","8740944","8741251","KN296306v1","3682608","3682916","46","5058336"
"chr8","8756141","8756418","KN294662v1","218243","218524","44","8537898"
"chr8","8782521","8782826","KN294451v1","1139913","1140218","36","7642608"
"chr8","8823861","8824171","KN297023v1","480259","480560","46","8343602"
"chr8","8871435","8871731","KN295758v1","468479","468777","47","8402956"
"chr8","8889023","8889325","KN295929v1","368547","368851","41","8520476"
"chr8","8917848","8918154","KN294443v1","441739","442042","50","8476109"
"chr8","8954627","8954940","KN296682v1","4855759","4856070","40","4098868"
"chr8","8999616","8999899","KN296775v1","1088446","1088732","34","7911170"
"chr8","9011407","9011712","KN294421v1","274187","274491","42","8737220"
"chr8","9013435","9013732","KN296036v1","2111268","2111577","49","6902167"
"chr8","9027925","9028224","KN296859v1","1611248","1611550","40","7416677"
"chr8","9031216","9031516","KN294172v1","4360229","4360523","59","4670987"
"chr8","9124655","9124951","KN294977v1","13264","13560","39","9111391"
"chr8","9141257","9141562","KN294456v1","1098138","1098439","36","8043119"
"chr8","9156310","9156621","KN296682v1","4961231","4961540","39","4195079"
"chr8","9174649","9174846","KN296992v1","30661","30858","28","9143988"
"chr8","9175360","9175599","KN295405v1","757351","757593","56","8418009"
"chr8","9183417","9183736","KN294372v1","299717","300027","44","8883700"
"chr8","9196293","9196604","KN294470v1","2878982","2879283","37","6317311"
"chr8","9219054","9219357","KN297023v1","480259","480560","39","8738795"
"chr8","9244849","9245144","KN296833v1","94676","94959","56","9150173"
"chr8","9252624","9252926","KN295526v1","764551","764853","32","8488073"
"chr8","9258029","9258343","KN296404v1","1132324","1132633","47","8125705"
"chr8","9265157","9265458","KN295744v1","419470","419767","45","8845687"
"chr8","9268289","9268588","KN294685v1","932115","932411","36","8336174"
"chr8","9369846","9370147","KN294705v1","1537713","1538021","39","7832133"
"chr8","9445188","9445459","KN295722v1","1904349","1904617","39","7540839"
"chr8","9452339","9452636","KN296062v1","2267975","2268268","41","7184364"
"chr8","9477716","9478021","KN295607v1","1790329","1790640","41","7687387"
"chr8","9479141","9479459","KN294842v1","614363","614680","44","8864778"
"chr8","9603577","9603869","KN295450v1","63211","63502","39","9540366"
"chr8","9629119","9629374","KN296158v1","1300156","1300415","38","8328963"
"chr8","9646956","9647252","KN296079v1","674043","674348","50","8972913"
"chr8","9702790","9703091","KN294571v1","1575904","1576204","41","8126886"
"chr8","9763404","9763715","KN295474v1","1195383","1195693","42","8568021"
"chr8","9857101","9857403","KN295526v1","764551","764853","44","9092550"
"chr8","9885866","9886167","KN297023v1","480259","480560","38","9405607"
"chr8","9958573","9958872","KN296424v1","147470","147763","41","9811103"
"chr8","10027450","10027645","KN296153v1","3305899","3306083","40","6721551"
"chr8","10101776","10102085","KN296158v1","1175251","1175559","37","8926525"
"chr8","10131362","10131664","KN297074v1","157857","158150","36","9973505"
"chr8","10155245","10155525","KN297047v1","4090175","4090454","41","6065070"
"chr8","10217096","10217394","KN297074v1","242963","243264","42","9974133"
"chr8","10230543","10230760","KN295977v1","1276894","1277103","52","8953649"
"chr8","10248991","10249282","KN297074v1","270465","270749","30","9978526"
"chr8","10281557","10281821","KN297074v1","306984","307244","30","9974573"
"chr8","10420204","10420513","KN295091v1","2754188","2754498","37","7666016"
"chr8","10427778","10428088","KN297442v1","1612430","1612738","36","8815348"
"chr8","10565583","10565856","KN295265v1","135411","135685","27","10430172"
"chr8","10660499","10660681","KN296311v1","3241063","3241249","38","7419436"
"chr8","10668601","10668908","KN295265v1","36939","37250","29","10631662"
"chr8","10676275","10676574","KN295265v1","28217","28509","28","10648058"
"chr8","10702241","10702551","KN296484v1","351750","352061","42","10350491"
"chr8","10760316","10760579","KN295705v1","627977","628208","63","10132339"
"chr8","10769640","10769936","KN296145v1","3072127","3072422","38","7697513"
"chr8","10779257","10779562","KN297073v1","197460","197798","59","10581797"
"chr8","10909923","10910199","KN296322v1","1949837","1950121","49","8960086"
"chr8","10959803","10960094","KN295107v1","300735","301027","39","10659068"
"chr8","10992108","10992406","KN296153v1","1090111","1090408","40","9901997"
"chr8","11097682","11097906","KN296682v1","3000428","3000645","30","8097254"
"chr8","11114693","11114997","KN296802v1","395331","395633","41","10719362"
"chr8","11116674","11116979","KN297274v1","1207904","1208213","38","9908770"
"chr8","11220112","11220415","KN297094v1","108687","108989","49","11111425"
"chr8","11246774","11247068","KN294526v1","334958","335253","34","10911816"
"chr8","11261769","11262048","KN294685v1","215434","215711","46","11046335"
"chr8","11278959","11279263","KN294446v1","723628","723933","34","10555331"
"chr8","11301804","11302112","KN295236v1","4118266","4118574","34","7183538"
"chr8","11316343","11316651","KN294378v1","1310611","1310912","43","10005732"
"chr8","11333301","11333372","KN294257v1","153208","153270","21","11180093"
"chr8","11334131","11334372","KN295405v1","757351","757593","37","10576780"
"chr8","11369254","11369550","KN295983v1","653692","653984","41","10715562"
"chr8","11392885","11393177","KN295480v1","1302107","1302401","41","10090778"
"chr8","11532311","11532603","KN296732v1","3297760","3298052","43","8234551"
"chr8","11534572","11534860","KN294229v1","67784","68074","40","11466788"
"chr8","11550223","11550527","KN294387v1","953086","953387","47","10597137"
"chr8","11553966","11554271","KN296847v1","511055","511365","46","11042911"
"chr8","11559116","11559425","KN295929v1","457065","457374","35","11102051"
"chr8","11591376","11591547","KN297176v1","303268","303437","34","11288108"
"chr8","11593745","11594034","KN296948v1","1329163","1329455","44","10264582"
"chr8","11598237","11598526","KN295366v1","124181","124471","42","11474056"
"chr8","11801016","11801308","KN296153v1","3041230","3041525","43","8759786"
"chr8","11807431","11807716","KN297154v1","705314","705597","39","11102117"
"chr8","11855296","11855593","KN294619v1","1535720","1536017","50","10319576"
"chr8","11877165","11877470","KN294879v1","533741","534047","35","11343424"
"chr8","11976517","11976820","KN296829v1","581505","581808","37","11395012"
"chr8","12025344","12025654","KN296726v1","808997","809301","47","11216347"
"chr8","12031264","12031496","KN295405v1","757351","757593","44","11273913"
"chr8","12082649","12082707","KN294548v1","1254163","1254215","26","10828486"
"chr8","12082836","12083066","KN295977v1","1276894","1277103","56","10805942"
"chr8","12162458","12162731","KN294457v1","205085","205362","40","11957373"
"chr8","12201252","12201557","KN294326v1","309006","309309","34","11892246"
"chr8","12202166","12202443","KN296119v1","2797130","2797396","39","9405036"
"chr8","12221008","12221294","KN294457v1","696610","696897","49","11524398"
"chr8","12270397","12270485","KN296225v1","120191","120272","24","12150206"
"chr8","12270514","12270749","KN296921v1","438156","438387","34","11832358"
"chr8","12619846","12620139","KN296486v1","1726381","1726674","42","10893465"
"chr8","12649239","12649497","KN295257v1","1021577","1021841","34","11627662"
"chr8","12737467","12737782","KN295433v1","250702","251008","45","12486765"
"chr8","12738647","12738857","KN294713v1","896268","896483","36","11842379"
"chr8","12797390","12797688","KN294842v1","192762","193057","35","12604628"
"chr8","12865092","12865386","KN296781v1","107129","107429","43","12757963"
"chr8","12868113","12868410","KN294613v1","327601","327901","44","12540512"
"chr8","12872890","12873194","KN295601v1","3244423","3244731","46","9628467"
"chr8","12898600","12898900","KN294591v1","506850","507149","40","12391750"
"chr8","12906222","12906541","KN296682v1","4961231","4961540","43","7944991"
"chr8","12979020","12979310","KN295326v1","100464","100755","27","12878556"
"chr8","13040453","13040739","KN297320v1","624972","625260","41","12415481"
"chr8","13059411","13059714","KN296381v1","365759","366066","45","12693652"
"chr8","13105455","13105736","KN296743v1","202352","202637","45","12903103"
"chr8","13145349","13145656","KN297215v1","31348","31649","38","13114001"
"chr8","13220083","13220386","KN297215v1","105050","105356","23","13115033"
"chr8","13223349","13223642","KN297215v1","108931","109209","38","13114418"
"chr8","13244425","13244724","KN296349v1","45344","45654","44","13199081"
"chr8","13278076","13278374","KN295748v1","161587","161896","42","13116489"
"chr8","13312248","13312466","KN297215v1","203660","203877","21","13108588"
"chr8","13416666","13416967","KN297215v1","305206","305515","41","13111460"
"chr8","13428042","13428353","KN296847v1","376638","376939","46","13051404"
"chr8","13436217","13436529","KN297215v1","325117","325440","38","13111100"
"chr8","13453066","13453371","KN294493v1","1445352","1445664","39","12007714"
"chr8","13453374","13453542","KN295090v1","1414837","1415006","28","12038537"
"chr8","13495047","13495338","KN297215v1","390295","390588","32","13104752"
"chr8","13502025","13502317","KN296955v1","465432","465722","47","13036593"
"chr8","13531827","13532133","KN297215v1","423544","423839","38","13108283"
"chr8","13536474","13536783","KN294964v1","1228028","1228337","42","12308446"
"chr8","13586280","13586576","KN297320v1","271981","272275","40","13314299"
"chr8","13588116","13588427","KN297215v1","480735","481043","30","13107381"
"chr8","13601319","13601616","KN297215v1","493887","494192","45","13107432"
"chr8","13602175","13602480","KN294367v1","7439","7744","46","13594736"
"chr8","13602815","13603103","KN297215v1","495382","495670","29","13107433"
"chr8","13623667","13623971","KN294790v1","163386","163690","45","13460281"
"chr8","13629747","13630037","KN297215v1","521142","521430","24","13108605"
"chr8","13630405","13630659","KN294650v1","27651","27917","45","13602754"
"chr8","13638020","13638308","KN297215v1","528812","529087","32","13109208"
"chr8","13639538","13639831","KN296536v1","707686","707977","42","12931852"
"chr8","13687276","13687575","KN294147v1","1191891","1192182","46","12495385"
"chr8","13711685","13711977","KN297215v1","598886","599177","36","13112799"
"chr8","13749947","13750205","KN297215v1","637291","637553","32","13112656"
"chr8","13757072","13757375","KN294457v1","638392","638695","37","13118680"
"chr8","13783149","13783456","KN297215v1","676148","676460","36","13107001"
"chr8","13795281","13795592","KN297215v1","688608","688920","25","13106673"
"chr8","13831533","13831841","KN297215v1","723885","724193","31","13107648"
"chr8","13834417","13834718","KN297215v1","727328","727620","38","13107089"
"chr8","13838027","13838337","KN294378v1","1504358","1504668","40","12333669"
"chr8","13841388","13841669","KN297215v1","734178","734457","32","13107210"
"chr8","13892673","13892942","KN297215v1","783902","784171","15","13108771"
"chr8","13898251","13898506","KN294650v1","27651","27917","33","13870600"
"chr8","13898515","13898818","KN294803v1","119274","119577","39","13779241"
"chr8","13905122","13905411","KN297320v1","1666972","1667261","42","12238150"
"chr8","13908322","13908581","KN294325v1","1015154","1015416","40","12893168"
"chr8","13921428","13921739","KN297215v1","812774","813084","40","13108654"
"chr8","13941229","13941527","KN297215v1","832309","832609","26","13108920"
"chr8","13943968","13944170","KN296426v1","64367","64561","34","13879601"
"chr8","13945252","13945561","KN297215v1","837002","837303","35","13108250"
"chr8","13952283","13952575","KN295605v1","248078","248377","40","13704205"
"chr8","13999795","14000000","KN297141v1","158733","158926","43","13841062"
"chr8","14004753","14005031","KN297215v1","896995","897282","37","13107758"
"chr8","14039293","14039599","KN294446v1","240983","241287","42","13798310"
"chr8","14067345","14067642","KN296153v1","1090111","1090408","41","12977234"
"chr8","14105303","14105570","KN296187v1","2254802","2255074","51","11850501"
"chr8","14143792","14144105","KN294199v1","636506","636815","43","13507286"
"chr8","14150920","14151194","KN296244v1","149389","149669","39","14001531"
"chr8","14153246","14153536","KN295708v1","2784035","2784327","38","11369211"
"chr8","14156410","14156709","KN294685v1","932115","932411","41","13224295"
"chr8","14174289","14174584","KN295977v1","1342791","1343085","40","12831498"
"chr8","14193259","14193567","KN296303v1","514845","515157","34","13678414"
"chr8","14209133","14209428","KN294172v1","1430070","1430366","43","12779063"
"chr8","14213732","14214023","KN295705v1","2028263","2028557","47","12185469"
"chr8","14221358","14221664","KN295361v1","824524","824814","44","13396834"
"chr8","14225653","14225864","KN296426v1","64367","64561","41","14161286"
"chr8","14228498","14228806","KN295375v1","1350305","1350607","40","12878193"
"chr8","14233625","14233931","KN294378v1","696718","697020","39","13536907"
"chr8","14262861","14263159","KN295523v1","3992827","3993120","42","10270034"
"chr8","14300268","14300559","KN295573v1","234796","235095","36","14065472"
"chr8","14342406","14342724","KN296682v1","2875657","2875966","43","11466749"
"chr8","14383067","14383371","KN297095v1","2482335","2482643","41","11900732"
"chr8","14426228","14426517","KN294499v1","1180158","1180439","41","13246070"
"chr8","14430729","14431007","KN297314v1","616778","617057","40","13813951"
"chr8","14475288","14475586","KN296557v1","13515","13811","42","14461773"
"chr8","14524744","14525025","KN297467v1","328624","328919","47","14196120"
"chr8","14565819","14566120","KN295708v1","2829202","2829506","45","11736617"
"chr8","14604907","14605064","KN295284v1","109927","110084","31","14494980"
"chr8","14610456","14610742","KN294187v1","1918381","1918666","37","12692075"
"chr8","14658436","14658730","KN295548v1","1423951","1424245","23","13234485"
"chr8","14682779","14683054","KN295548v1","1400268","1400545","38","13282511"
"chr8","14800803","14801106","KN294526v1","334958","335253","40","14465845"
"chr8","14823762","14824073","KN294879v1","124236","124543","39","14699526"
"chr8","14868492","14868777","KN295548v1","1218027","1218312","34","13650465"
"chr8","14871572","14871874","KN296580v1","642283","642584","43","14229289"
"chr8","14882377","14882659","KN294911v1","4937689","4937973","57","9944688"
"chr8","14915483","14915743","KN295548v1","1170655","1170917","34","13744828"
"chr8","14931921","14932230","KN295548v1","1153512","1153817","40","13778409"
"chr8","14945431","14945740","KN296849v1","735480","735791","40","14209951"
"chr8","15061502","15061813","KN295548v1","1025049","1025358","46","14036453"
"chr8","15068333","15068643","KN295548v1","1018261","1018565","34","14050072"
"chr8","15076877","15077148","KN294239v1","160860","161129","39","14916017"
"chr8","15086610","15086910","KN294603v1","111945","112247","40","14974665"
"chr8","15125800","15126111","KN295548v1","961158","961465","27","14164642"
"chr8","15175688","15175879","KN295090v1","209666","209854","41","14966022"
"chr8","15194605","15194898","KN295548v1","893280","893573","35","14301325"
"chr8","15201572","15201882","KN295548v1","886123","886434","26","14315449"
"chr8","15211622","15211895","KN296036v1","1526867","1527157","48","13684755"
"chr8","15233287","15233589","KN295814v1","1005137","1005439","40","14228150"
"chr8","15256784","15257093","KN295352v1","1345858","1346165","32","13910926"
"chr8","15297854","15298147","KN295548v1","791758","792051","20","14506096"
"chr8","15312175","15312389","KN295548v1","777340","777551","27","14534835"
"chr8","15360443","15360729","KN295548v1","730967","731251","23","14629476"
"chr8","15369299","15369604","KN297354v1","1031005","1031302","47","14338294"
"chr8","15444345","15444653","KN295548v1","642611","642921","27","14801734"
"chr8","15471980","15472197","KN295977v1","1276894","1277103","44","14195086"
"chr8","15473969","15474253","KN295548v1","612075","612360","25","14861894"
"chr8","15499277","15499569","KN295548v1","586088","586404","47","14913189"
"chr8","15503204","15503498","KN295548v1","577949","578262","45","14925255"
"chr8","15540783","15541074","KN296009v1","1147876","1148169","41","14392907"
"chr8","15579740","15580041","KN295548v1","501856","502150","30","15077884"
"chr8","15593199","15593498","KN294269v1","550588","550887","38","15042611"
"chr8","15649661","15649970","KN295548v1","423948","424254","48","15225713"
"chr8","15656486","15656780","KN294325v1","197862","198159","45","15458624"
"chr8","15707570","15707865","KN295548v1","365503","365786","37","15342067"
"chr8","15712131","15712430","KN294571v1","890748","891049","36","14821383"
"chr8","15726670","15726881","KN295854v1","1669858","1670063","33","14056812"
"chr8","15731567","15731773","KN294713v1","896268","896483","38","14835299"
"chr8","15739811","15740113","KN295548v1","333102","333407","39","15406709"
"chr8","15790814","15791148","KN297376v1","10774","11101","62","15780040"
"chr8","15795315","15795601","KN294662v1","218243","218524","48","15577072"
"chr8","15799219","15799423","KN296263v1","107832","108045","39","15691387"
"chr8","15801577","15801854","KN296303v1","619965","620237","38","15181612"
"chr8","15840437","15840735","KN294501v1","173182","173470","48","15667255"
"chr8","15871001","15871296","KN296557v1","13515","13811","36","15857486"
"chr8","15882712","15883007","KN295548v1","191548","191852","39","15691164"
"chr8","15885731","15886020","KN295548v1","188509","188800","38","15697222"
"chr8","15891480","15891785","KN294761v1","363307","363610","37","15528173"
"chr8","15930299","15930588","KN297146v1","129898","130192","49","15800401"
"chr8","15942283","15942488","KN296426v1","64367","64561","45","15877916"
"chr8","15951190","15951490","KN294446v1","240983","241287","39","15710207"
"chr8","15960030","15960320","KN295548v1","120975","121274","38","15839055"
"chr8","16057945","16058235","KN294756v1","253","541","55","16057692"
"chr8","16078271","16078564","KN295548v1","28118","28412","35","16050153"
"chr8","16086864","16087162","KN295548v1","19626","19938","34","16067238"
"chr8","16088610","16088903","KN294229v1","110402","110697","37","15978208"
"chr8","16093331","16093638","KN295548v1","12962","13267","31","16080369"
"chr8","16146924","16147255","KN295117v1","313941","314268","46","15832983"
"chr8","16190663","16190977","KN297408v1","734557","734864","52","15456106"
"chr8","16194354","16194584","KN295967v1","625826","626071","47","15568528"
"chr8","16219386","16219683","KN295605v1","248078","248377","52","15971308"
"chr8","16226050","16226203","KN294385v1","36881","37030","41","16189169"
"chr8","16226710","16226866","KN295114v1","268858","269004","46","15957852"
"chr8","16252386","16252680","KN294180v1","5181","5476","36","16247205"
"chr8","16322816","16323127","KN296484v1","351750","352061","36","15971066"
"chr8","16327938","16328219","KN294172v1","2119545","2119833","45","14208393"
"chr8","16381152","16381422","KN295459v1","1101140","1101421","38","15280012"
"chr8","16386121","16386399","KN295459v1","1101140","1101421","38","15284981"
"chr8","16410564","16410865","KN296781v1","107129","107429","34","16303435"
"chr8","16436225","16436527","KN296577v1","170382","170683","36","16265843"
"chr8","16457217","16457530","KN295433v1","250702","251008","37","16206515"
"chr8","16459187","16459485","KN296153v1","1115266","1115561","42","15343921"
"chr8","16502017","16502304","KN295586v1","5255611","5255896","46","11246406"
"chr8","16574887","16575167","KN296096v1","1142091","1142364","44","15432796"
"chr8","16593621","16593836","KN295564v1","135143","135357","39","16458478"
"chr8","16606108","16606412","KN295267v1","826922","827217","50","15779186"
"chr8","16621609","16621903","KN296588v1","1649437","1649732","38","14972172"
"chr8","16647093","16647402","KN296306v1","3686137","3686439","39","12960956"
"chr8","16674432","16674733","KN296430v1","1105044","1105344","39","15569388"
"chr8","16870067","16870360","KN295236v1","3615047","3615343","33","13255020"
"chr8","16871844","16872155","KN295366v1","78980","79290","33","16792864"
"chr8","16939693","16940003","KN296157v1","2252362","2252671","44","14687331"
"chr8","17005770","17006067","KN296620v1","349918","350214","39","16655852"
"chr8","17053321","17053629","KN295907v1","230774","231075","28","16822547"
"chr8","17056752","17057069","KN295907v1","234195","234502","34","16822557"
"chr8","17080639","17080948","KN295907v1","257976","258287","24","16822663"
"chr8","17177776","17178078","KN294598v1","342532","342842","47","16835244"
"chr8","17231095","17231377","KN295907v1","409965","410261","40","16821130"
"chr8","17241049","17241356","KN294911v1","2389002","2389309","36","14852047"
"chr8","17261475","17261760","KN295692v1","3622902","3623187","38","13638573"
"chr8","17267336","17267606","KN295907v1","448612","448881","31","16818724"
"chr8","17271181","17271485","KN294456v1","1576578","1576888","50","15694603"
"chr8","17274176","17274482","KN295907v1","455236","455529","38","16818940"
"chr8","17378295","17378600","KN295523v1","2775761","2776059","42","14602534"
"chr8","17408783","17409093","KN296849v1","735480","735791","50","16673303"
"chr8","17413903","17414198","KN294470v1","3037715","3038012","41","14376188"
"chr8","17433486","17433773","KN294326v1","619990","620278","46","16813496"
"chr8","17449086","17449404","KN295907v1","621833","622148","31","16827253"
"chr8","17464781","17465067","KN295907v1","634986","635271","22","16829795"
"chr8","17476140","17476337","KN296495v1","510488","510677","40","16965652"
"chr8","17492848","17493148","KN295907v1","660870","661173","30","16831978"
"chr8","17599087","17599394","KN294728v1","279854","280157","49","17319233"
"chr8","17620330","17620611","KN295907v1","794065","794348","22","16826265"
"chr8","17633901","17634124","KN295045v1","1089100","1089319","37","16544801"
"chr8","17679205","17679453","KN297186v1","50383","50628","47","17628822"
"chr8","17685695","17685989","KN294487v1","145594","145890","35","17540101"
"chr8","17812724","17813022","KN294187v1","1109661","1109959","34","16703063"
"chr8","17864936","17865199","KN294650v1","27651","27917","44","17837285"
"chr8","17938156","17938457","KN295907v1","1097750","1098046","41","16840406"
"chr8","17987861","17988174","KN294446v1","240983","241287","46","17746878"
"chr8","18012978","18013268","KN295907v1","1163392","1163682","29","16849586"
"chr8","18057547","18057824","KN295907v1","1200158","1200436","27","16857389"
"chr8","18064245","18064587","KN295893v1","291048","291374","68","17773197"
"chr8","18076413","18076719","KN296620v1","376927","377237","41","17699486"
"chr8","18078585","18078786","KN296225v1","404775","404977","36","17673810"
"chr8","18094285","18094516","KN295907v1","1240500","1240727","25","16853785"
"chr8","18113272","18113597","KN295907v1","1259235","1259529","47","16854037"
"chr8","18127614","18127905","KN295907v1","1274391","1274680","28","16853223"
"chr8","18211982","18212293","KN295907v1","1362349","1362660","25","16849633"
"chr8","18212850","18213145","KN295907v1","1363221","1363519","27","16849629"
"chr8","18264822","18264985","KN295236v1","6126937","6127097","30","12137885"
"chr8","18300542","18300829","KN295705v1","2765771","2766065","50","15534771"
"chr8","18308074","18308374","KN297259v1","998866","999166","43","17309208"
"chr8","18310221","18310536","KN295907v1","1457810","1458128","37","16852411"
"chr8","18386398","18386712","KN296093v1","33319","33627","40","18353079"
"chr8","18389992","18390302","KN295907v1","1539583","1539880","28","16850409"
"chr8","18404999","18405309","KN296090v1","89328","89638","35","18315671"
"chr8","18431968","18432275","KN295352v1","1345858","1346165","44","17086110"
"chr8","18436436","18436733","KN295907v1","1586314","1586613","23","16850122"
"chr8","18454438","18454745","KN297023v1","480259","480560","36","17974179"
"chr8","18458117","18458413","KN294456v1","1098138","1098439","34","17359979"
"chr8","18464181","18464480","KN295907v1","1612440","1612730","25","16851741"
"chr8","18468977","18469279","KN297023v1","480259","480560","36","17988718"
"chr8","18478538","18478829","KN294326v1","619990","620278","36","17858548"
"chr8","18489857","18490012","KN295236v1","2986258","2986408","26","15503599"
"chr8","18498744","18499046","KN295907v1","1664015","1664315","44","16834729"
"chr8","18522577","18522866","KN295907v1","1690318","1690613","31","16832259"
"chr8","18529058","18529368","KN295907v1","1696874","1697183","34","16832184"
"chr8","18532947","18533256","KN296635v1","4969030","4969343","36","13563917"
"chr8","18546858","18547161","KN294456v1","1098138","1098439","37","17448720"
"chr8","18547351","18547637","KN295371v1","448057","448341","39","18099294"
"chr8","18564404","18564700","KN295907v1","1736451","1736753","31","16827953"
"chr8","18583818","18584118","KN295907v1","1753493","1753787","24","16830325"
"chr8","18601698","18601992","KN296649v1","502099","502397","34","18099599"
"chr8","18604854","18605154","KN295907v1","1774460","1774756","33","16830394"
"chr8","18605790","18606007","KN295977v1","1276894","1277103","49","17328896"
"chr8","18639211","18639513","KN295284v1","262074","262373","45","18377137"
"chr8","18643924","18644223","KN295907v1","1815137","1815434","24","16828787"
"chr8","18669521","18669822","KN295907v1","1839150","1839447","35","16830371"
"chr8","18678617","18678910","KN295907v1","1849894","1850192","34","16828723"
"chr8","18680946","18681176","KN297112v1","5976265","5976494","31","12704681"
"chr8","18681889","18682182","KN296153v1","1090111","1090408","37","17591778"
"chr8","18688229","18688534","KN296833v1","30824","31126","31","18657405"
"chr8","18698590","18698893","KN295112v1","477640","477949","33","18220950"
"chr8","18717616","18717918","KN294458v1","1049177","1049481","47","17668439"
"chr8","18733217","18733427","KN294977v1","1","212","46","18733216"
"chr8","18736499","18736788","KN295907v1","1906406","1906695","23","16830093"
"chr8","18786433","18786729","KN295405v1","1103956","1104248","35","17682477"
"chr8","18795029","18795339","KN294592v1","1321409","1321720","44","17473620"
"chr8","18806152","18806318","KN296244v1","728807","728972","22","18077345"
"chr8","18809728","18810032","KN295907v1","1983934","1984230","30","16825794"
"chr8","18815987","18816252","KN295907v1","1989259","1989530","33","16826728"
"chr8","18907703","18908007","KN295907v1","2078203","2078506","27","16829500"
"chr8","18913367","18913674","KN295907v1","2083494","2083805","31","16829873"
"chr8","18931101","18931404","KN295907v1","2100156","2100461","35","16830945"
"chr8","18940006","18940316","KN295366v1","78980","79290","35","18861026"
"chr8","18958351","18958652","KN295907v1","2126090","2126395","26","16832261"
"chr8","19002352","19002663","KN296635v1","2387021","2387331","40","16615331"
"chr8","19045581","19045879","KN295607v1","4406348","4406645","38","14639233"
"chr8","19061398","19061704","KN296167v1","450049","450355","38","18611349"
"chr8","19102512","19102819","KN295907v1","2268423","2268723","37","16834089"
"chr8","19104751","19105040","KN295729v1","826689","826980","34","18278062"
"chr8","19137481","19137780","KN294668v1","1380340","1380645","42","17757141"
"chr8","19139999","19140295","KN295907v1","2306420","2306712","18","16833579"
"chr8","19170510","19170831","KN295907v1","2336646","2336958","31","16833864"
"chr8","19217726","19218051","KN295907v1","2384098","2384392","55","16833628"
"chr8","19223207","19223503","KN295907v1","2389521","2389812","35","16833686"
"chr8","19227209","19227507","KN296310v1","934750","935050","34","18292459"
"chr8","19257112","19257387","KN296290v1","1309363","1309638","42","17947749"
"chr8","19333189","19333494","KN294995v1","15599","15901","40","19317590"
"chr8","19341623","19341928","KN295907v1","2509970","2510270","30","16831653"
"chr8","19368523","19368813","KN295907v1","2536007","2536301","41","16832516"
"chr8","19388231","19388521","KN295907v1","2536007","2536301","41","16852224"
"chr8","19419310","19419601","KN295907v1","2536007","2536301","40","16883303"
"chr8","19428180","19428475","KN296495v1","262106","262403","51","19166074"
"chr8","19446336","19446631","KN295090v1","2638275","2638571","35","16808061"
"chr8","19447310","19447618","KN295907v1","2555299","2555607","20","16892011"
"chr8","19476557","19476843","KN295977v1","899017","899304","36","18577540"
"chr8","19489279","19489487","KN294509v1","178587","178797","33","19310692"
"chr8","19491496","19491798","KN295907v1","2598014","2598322","20","16893482"
"chr8","19528806","19529102","KN295907v1","2634659","2634970","40","16894147"
"chr8","19537908","19538220","KN295907v1","2643460","2643760","31","16894448"
"chr8","19538447","19538742","KN295907v1","2643997","2644302","40","16894450"
"chr8","19598264","19598491","KN295405v1","757351","757593","51","18840913"
"chr8","19598963","19599272","KN296303v1","514845","515157","42","19084118"
"chr8","19672115","19672420","KN294378v1","1174635","1174937","38","18497480"
"chr8","19678422","19678591","KN295623v1","399728","399891","23","19278694"
"chr8","19724230","19724540","KN295962v1","2329043","2329352","38","17395187"
"chr8","19731763","19732056","KN294911v1","1933406","1933698","47","17798357"
"chr8","19736781","19737071","KN295366v1","124181","124471","35","19612600"
"chr8","19766307","19766635","KN295459v1","1030536","1030859","42","18735771"
"chr8","19767040","19767345","KN296635v1","2387021","2387331","40","17380019"
"chr8","19784183","19784466","KN295633v1","198930","199215","30","19585253"
"chr8","19786065","19786231","KN295075v1","296878","297040","32","19489187"
"chr8","19800523","19800834","KN295356v1","1508980","1509291","29","18291543"
"chr8","19837464","19837771","KN296484v1","351750","352061","36","19485714"
"chr8","19939338","19939642","KN296311v1","7737651","7737955","35","12201687"
"chr8","19984998","19985275","KN296484v1","718830","719108","46","19266168"
"chr8","19985763","19986055","KN295719v1","189138","189434","47","19796625"
"chr8","19997906","19998235","KN294842v1","614363","614680","52","19383543"
"chr8","20002040","20002352","KN294235v1","657562","657860","50","19344478"
"chr8","20012737","20013029","KN296079v1","686222","686522","41","19326515"
"chr8","20049495","20049786","KN295405v1","1103956","1104248","35","18945539"
"chr8","20056642","20056936","KN296538v1","938460","938756","30","19118182"
"chr8","20103881","20104068","KN296096v1","1222373","1222559","32","18881508"
"chr8","20112544","20112852","KN294964v1","1872225","1872534","37","18240319"
"chr8","20137501","20137803","KN296883v1","878376","878679","45","19259125"
"chr8","20158784","20159060","KN294234v1","2125042","2125313","51","18033742"
"chr8","20190121","20190428","KN295350v1","1142859","1143166","45","19047262"
"chr8","20251276","20251581","KN294187v1","1109661","1109959","30","19141615"
"chr8","20273436","20273722","KN297154v1","705314","705597","45","19568122"
"chr8","20302567","20302858","KN296435v1","2744592","2744883","34","17557975"
"chr8","20307708","20308012","KN297245v1","1416081","1416379","39","18891627"
"chr8","20337584","20337881","KN295294v1","164851","165153","38","20172733"
"chr8","20358369","20358674","KN297058v1","337663","337969","52","20020706"
"chr8","20566013","20566325","KN295652v1","285560","285859","33","20280453"
"chr8","20586016","20586293","KN295652v1","265651","265927","23","20320365"
"chr8","20697877","20698173","KN295652v1","150791","151085","24","20547086"
"chr8","20732772","20733034","KN295652v1","121234","121496","34","20611538"
"chr8","20793763","20794047","KN294705v1","1468786","1469068","35","19324977"
"chr8","20865515","20865812","KN296153v1","3041230","3041525","36","17824285"
"chr8","20916072","20916382","KN294630v1","686727","687035","36","20229345"
"chr8","20995288","20995586","KN296557v1","18517","18814","37","20976771"
"chr8","21019890","21020141","KN295022v1","229194","229438","40","20790696"
"chr8","21059459","21059620","KN296732v1","3499833","3499999","27","17559626"
"chr8","21199218","21199514","KN297274v1","216725","217021","36","20982493"
"chr8","21219679","21219964","KN295906v1","490445","490734","45","20729234"
"chr8","21220224","21220513","KN297274v1","1437579","1437862","53","19782645"
"chr8","21256388","21256685","KN295607v1","4406348","4406645","37","16850040"
"chr8","21259524","21259818","KN294419v1","200675","200969","40","21058849"
"chr8","21268425","21268736","KN294458v1","1693957","1694267","32","19574468"
"chr8","21377445","21377752","KN296588v1","289027","289334","42","21088418"
"chr8","21418063","21418372","KN294456v1","612494","612802","37","20805569"
"chr8","21456767","21457072","KN297442v1","1612430","1612738","39","19844337"
"chr8","21483491","21483801","KN294705v1","623696","624002","39","20859795"
"chr8","21503748","21504047","KN296557v1","446832","447122","47","21056916"
"chr8","21512366","21512656","KN294147v1","1191891","1192182","42","20320475"
"chr8","21529394","21529693","KN296153v1","1115266","1115561","41","20414128"
"chr8","21559720","21560030","KN295034v1","280827","281133","40","21278893"
"chr8","21581324","21581607","KN294187v1","158362","158655","41","21422962"
"chr8","21595141","21595445","KN295326v1","293510","293816","45","21301631"
"chr8","21645754","21646064","KN294987v1","176356","176665","35","21469398"
"chr8","21649723","21650036","KN296479v1","42519","42826","50","21607204"
"chr8","21654591","21654885","KN296859v1","1348182","1348474","42","20306409"
"chr8","21685297","21685600","KN295430v1","1217885","1218183","46","20467412"
"chr8","21689821","21690124","KN296378v1","660680","660977","39","21029141"
"chr8","21695007","21695308","KN294456v1","1098138","1098439","40","20596869"
"chr8","21751068","21751363","KN297046v1","3418804","3419102","37","18332264"
"chr8","21761414","21761721","KN297227v1","458735","459038","39","21302679"
"chr8","21765721","21766024","KN296311v1","768493","768797","37","20997228"
"chr8","21774899","21775197","KN294181v1","1424178","1424469","45","20350721"
"chr8","21787688","21787996","KN294569v1","658756","659066","44","21128932"
"chr8","21820639","21820946","KN295637v1","795675","795978","38","21024964"
"chr8","21827620","21827875","KN295566v1","219700","219958","38","21607920"
"chr8","21843533","21843847","KN296847v1","940151","940452","48","20903382"
"chr8","21885231","21885541","KN296484v1","351750","352061","44","21533481"
"chr8","21983293","21983594","KN294911v1","2389002","2389309","41","19594291"
"chr8","22028706","22029013","KN296485v1","271099","271406","38","21757607"
"chr8","22038929","22039170","KN295405v1","757351","757593","50","21281578"
"chr8","22056040","22056328","KN295573v1","513254","513548","36","21542786"
"chr8","22091256","22091419","KN296635v1","5301797","5301962","35","16789459"
"chr8","22091883","22092016","KN295112v1","620701","620835","18","21471182"
"chr8","22105763","22106049","KN295003v1","167988","168273","37","21937775"
"chr8","22107461","22107753","KN297032v1","184087","184386","44","21923374"
"chr8","22154494","22154787","KN296682v1","4552635","4552930","68","17601859"
"chr8","22181102","22181395","KN295573v1","234796","235095","38","21946306"
"chr8","22182794","22183093","KN294446v1","240983","241287","45","21941811"
"chr8","22248744","22249032","KN296698v1","1546","1832","29","22247198"
"chr8","22271029","22271312","KN296739v1","142345","142637","44","22128684"
"chr8","22281680","22281888","KN294509v1","178587","178797","41","22103093"
"chr8","22365446","22365756","KN295301v1","761923","762233","39","21603523"
"chr8","22374180","22374471","KN295893v1","5712792","5713083","39","16661388"
"chr8","22394150","22394441","KN294470v1","521836","522129","41","21872314"
"chr8","22400670","22400974","KN295045v1","381705","382005","42","22018965"
"chr8","22403617","22403917","KN295236v1","4141001","4141296","34","18262616"
"chr8","22480205","22480506","KN296486v1","1266538","1266834","37","21213667"
"chr8","22503601","22503900","KN295459v1","673095","673397","37","21830506"
"chr8","22527645","22527943","KN297245v1","1416081","1416379","33","21111564"
"chr8","22530398","22530698","KN294326v1","572833","573126","40","21957565"
"chr8","22532295","22532600","KN295929v1","457065","457374","39","22075230"
"chr8","22551936","22552240","KN297032v1","184087","184386","40","22367849"
"chr8","22678333","22678673","KN294172v1","6311128","6311420","98","16367205"
"chr8","22678910","22679207","KN294456v1","1143112","1143404","35","21535798"
"chr8","22693496","22693790","KN295096v1","2965990","2966278","39","19727506"
"chr8","22708352","22708649","KN294181v1","1579076","1579376","44","21129276"
"chr8","22731204","22731511","KN295835v1","181014","181322","36","22550190"
"chr8","22734308","22734611","KN294287v1","337770","338074","38","22396538"
"chr8","22758755","22759037","KN296315v1","180047","180329","42","22578708"
"chr8","22778536","22778846","KN295366v1","78980","79290","40","22699556"
"chr8","22839561","22839852","KN295260v1","1916794","1917085","38","20922767"
"chr8","22860804","22861100","KN295420v1","208371","208668","40","22652433"
"chr8","22870409","22870705","KN297320v1","271981","272275","33","22598428"
"chr8","22909033","22909279","KN297008v1","867320","867563","33","22041713"
"chr8","22922853","22923171","KN294705v1","343629","343945","52","22579224"
"chr8","22925324","22925636","KN297431v1","534284","534595","43","22391040"
"chr8","22955182","22955504","KN295405v1","50804","51115","56","22904378"
"chr8","22962989","22963263","KN295205v1","1144902","1145175","36","21818087"
"chr8","23005992","23006291","KN297048v1","507619","507917","40","22498373"
"chr8","23023444","23023728","KN294407v1","598111","598399","28","22425333"
"chr8","23033234","23033531","KN294470v1","2136945","2137241","37","20896289"
"chr8","23140421","23140625","KN296426v1","64367","64561","36","23076054"
"chr8","23141083","23141393","KN294187v1","783464","783769","41","22357619"
"chr8","23191541","23191852","KN296484v1","351750","352061","46","22839791"
"chr8","23197095","23197391","KN294439v1","237310","237608","39","22959785"
"chr8","23211716","23212044","KN295923v1","2436395","2436701","64","20775321"
"chr8","23241813","23242122","KN295722v1","1373842","1374147","35","21867971"
"chr8","23330995","23331351","KN295090v1","1140507","1140865","67","22190488"
"chr8","23426190","23426504","KN294842v1","614363","614680","39","22811827"
"chr8","23430880","23431191","KN294987v1","176356","176665","32","23254524"
"chr8","23466312","23466613","KN297259v1","1820010","1820317","46","21646302"
"chr8","23493088","23493382","KN295361v1","824524","824814","37","22668564"
"chr8","23513995","23514303","KN296311v1","4084587","4084892","51","19429408"
"chr8","23623856","23624178","KN296453v1","1991588","1991889","68","21632268"
"chr8","23629541","23629835","KN294325v1","153376","153668","40","23476165"
"chr8","23637287","23637562","KN296630v1","171376","171651","41","23465911"
"chr8","23661809","23662097","KN294407v1","3027269","3027567","39","20634540"
"chr8","23678049","23678355","KN294470v1","959975","960280","36","22718074"
"chr8","23824215","23824512","KN296959v1","1069226","1069524","41","22754989"
"chr8","23830656","23830949","KN296311v1","767533","767832","45","23063123"
"chr8","23851803","23852100","KN294837v1","394446","394741","36","23457357"
"chr8","23889378","23889661","KN295059v1","242847","243129","42","23646531"
"chr8","23975742","23975841","KN294385v1","1550091","1550189","16","22425651"
"chr8","23976060","23976104","KN294199v1","608636","608669","20","23367424"
"chr8","23996638","23996907","KN296206v1","9966","10236","43","23986672"
"chr8","24026995","24027302","KN296643v1","47618","47923","41","23979377"
"chr8","24062578","24062883","KN296187v1","1449091","1449391","41","22613487"
"chr8","24073490","24073751","KN296877v1","57012","57288","53","24016478"
"chr8","24084873","24085171","KN296096v1","2986881","2987190","48","21097992"
"chr8","24085584","24085838","KN296484v1","94683","94939","41","23990901"
"chr8","24250620","24250921","KN294218v1","2833833","2834132","48","21416787"
"chr8","24278935","24279240","KN296303v1","662776","663079","38","23616159"
"chr8","24285601","24285851","KN295236v1","1825213","1825477","46","22460388"
"chr8","24287093","24287398","KN296775v1","1038271","1038573","42","23248822"
"chr8","24362173","24362477","KN296682v1","5251089","5251391","38","19111084"
"chr8","24365823","24366126","KN296726v1","808997","809301","32","23556826"
"chr8","24367630","24367930","KN294571v1","890748","891049","34","23476882"
"chr8","24382563","24382858","KN297197v1","699015","699311","36","23683548"
"chr8","24387841","24388154","KN296682v1","5224716","5225030","32","19163125"
"chr8","24392264","24392572","KN296682v1","5220262","5220565","36","19172002"
"chr8","24403103","24403419","KN296682v1","5212692","5212991","38","19190411"
"chr8","24410899","24411208","KN296682v1","5204518","5204823","32","19206381"
"chr8","24429079","24429373","KN294917v1","401690","401984","31","24027389"
"chr8","24456102","24456402","KN296263v1","810253","810550","33","23645849"
"chr8","24463006","24463303","KN296682v1","5144925","5145221","21","19318081"
"chr8","24493228","24493485","KN295075v1","40195","40452","36","24453033"
"chr8","24500364","24500647","KN297118v1","485864","486164","43","24014500"
"chr8","24557305","24557603","KN296682v1","5063611","5063914","24","19493694"
"chr8","24561075","24561277","KN296496v1","262769","262982","35","24298306"
"chr8","24583194","24583490","KN294407v1","3027269","3027567","38","21555925"
"chr8","24645863","24646178","KN296682v1","4969389","4969694","27","19676474"
"chr8","24653682","24653981","KN296682v1","4961231","4961540","31","19692451"
"chr8","24692402","24692704","KN295894v1","871932","872232","38","23820470"
"chr8","24700525","24700720","KN294147v1","1651981","1652179","35","23048544"
"chr8","24720407","24720717","KN296682v1","4892608","4892913","30","19827799"
"chr8","24723155","24723443","KN296682v1","4889559","4889844","26","19833596"
"chr8","24739036","24739345","KN296682v1","4874975","4875264","37","19864061"
"chr8","24745804","24746108","KN295090v1","2719195","2719504","46","22026609"
"chr8","24750263","24750564","KN296682v1","4864316","4864610","32","19885947"
"chr8","24750914","24751219","KN296167v1","450049","450355","26","24300865"
"chr8","24752079","24752385","KN296682v1","4864316","4864610","37","19887763"
"chr8","24752726","24753031","KN297133v1","950328","950631","27","23802398"
"chr8","24760675","24760986","KN296682v1","4857514","4857822","27","19903161"
"chr8","24762424","24762724","KN296682v1","4855759","4856070","29","19906665"
"chr8","24771159","24771455","KN296620v1","349918","350214","35","24421241"
"chr8","24780071","24780382","KN297274v1","1730486","1730783","40","23049585"
"chr8","24807548","24807845","KN296682v1","4810977","4811265","30","19996571"
"chr8","24814186","24814480","KN296682v1","4804573","4804868","20","20009613"
"chr8","24841194","24841484","KN296682v1","4778576","4778866","26","20062618"
"chr8","24853216","24853525","KN295096v1","457011","457322","36","24396205"
"chr8","24870702","24870977","KN296682v1","4749077","4749359","25","20121625"
"chr8","24871142","24871440","KN296682v1","4748610","4748912","26","20122532"
"chr8","24873855","24874159","KN294685v1","334392","334694","39","24539463"
"chr8","24878205","24878501","KN294644v1","747379","747675","32","24130826"
"chr8","24880845","24881156","KN296153v1","4052438","4052745","42","20828407"
"chr8","24926587","24926876","KN294457v1","143891","144185","31","24782696"
"chr8","24943280","24943576","KN294539v1","1287945","1288241","44","23655335"
"chr8","24975173","24975473","KN296682v1","4643873","4644184","27","20331300"
"chr8","24989682","24989991","KN296682v1","4629634","4629930","37","20360048"
"chr8","24991344","24991625","KN296682v1","4628022","4628294","28","20363322"
"chr8","24994329","24994643","KN295722v1","2106181","2106490","41","22888148"
"chr8","24999649","24999955","KN294345v1","1360179","1360481","51","23639470"
"chr8","25002907","25003218","KN295361v1","67118","67429","40","24935789"
"chr8","25014714","25015010","KN296682v1","4607926","4608231","26","20406788"
"chr8","25020598","25020907","KN296682v1","4601408","4601720","25","20419190"
"chr8","25027937","25028236","KN294527v1","283192","283491","37","24744745"
"chr8","25061627","25061933","KN296682v1","4559575","4559888","31","20502052"
"chr8","25067486","25067789","KN295998v1","154789","155089","46","24912697"
"chr8","25068579","25068882","KN294571v1","890748","891049","32","24177831"
"chr8","25109392","25109662","KN296682v1","4512781","4513045","34","20596611"
"chr8","25130672","25130841","KN294292v1","211892","212059","19","24918780"
"chr8","25171797","25172090","KN294917v1","657878","658176","40","24513919"
"chr8","25184643","25184925","KN294172v1","5009418","5009710","37","20175225"
"chr8","25202134","25202436","KN295871v1","542479","542775","38","24659655"
"chr8","25205152","25205467","KN296682v1","4419181","4419484","27","20785971"
"chr8","25220127","25220390","KN294899v1","537119","537380","42","24683008"
"chr8","25246139","25246425","KN296682v1","4376502","4376792","26","20869637"
"chr8","25250913","25251195","KN296682v1","4371750","4372045","34","20879163"
"chr8","25280059","25280360","KN295977v1","1131033","1131330","41","24149026"
"chr8","25286508","25286819","KN296484v1","351750","352061","29","24934758"
"chr8","25287163","25287441","KN296138v1","3145","3429","39","25284018"
"chr8","25293107","25293391","KN296682v1","4330759","4331044","32","20962348"
"chr8","25296533","25296839","KN296682v1","4327313","4327609","36","20969220"
"chr8","25324134","25324438","KN296306v1","3686137","3686439","38","21637997"
"chr8","25342786","25343093","KN296682v1","4272819","4273113","31","21069967"
"chr8","25431052","25431355","KN296311v1","6192361","6192665","45","19238691"
"chr8","25436774","25437079","KN295433v1","250702","251008","39","25186072"
"chr8","25443159","25443466","KN294987v1","82692","82994","36","25360467"
"chr8","25445492","25445791","KN296743v1","323605","323904","33","25121887"
"chr8","25452835","25453133","KN296682v1","4158882","4159181","27","21293953"
"chr8","25488330","25488613","KN297445v1","1653826","1654111","36","23834504"
"chr8","25507945","25508252","KN296682v1","4102737","4103045","49","21405208"
"chr8","25534143","25534436","KN296682v1","4076726","4077024","30","21457417"
"chr8","25541932","25542236","KN296682v1","4068387","4068697","35","21473545"
"chr8","25548970","25549248","KN296682v1","4061365","4061643","22","21487605"
"chr8","25560347","25560673","KN296682v1","4049995","4050320","39","21510352"
"chr8","25563008","25563297","KN296682v1","4047357","4047648","25","21515651"
"chr8","25588516","25588827","KN296682v1","4024164","4024474","26","21564352"
"chr8","25591934","25592235","KN296743v1","323605","323904","41","25268329"
"chr8","25599840","25600040","KN294598v1","85512","85712","34","25514328"
"chr8","25616304","25616618","KN296682v1","3996391","3996693","36","21619913"
"chr8","25620823","25621136","KN296682v1","3993223","3993538","30","21627600"
"chr8","25621310","25621618","KN296682v1","3992417","3992725","33","21628893"
"chr8","25622185","25622468","KN295705v1","1297636","1297921","41","24324549"
"chr8","25622819","25623059","KN295405v1","757351","757593","49","24865468"
"chr8","25630510","25630816","KN296290v1","515195","515496","40","25115315"
"chr8","25632558","25632869","KN296682v1","3981197","3981509","30","21651361"
"chr8","25637120","25637414","KN296682v1","3975799","3976100","33","21661321"
"chr8","25642813","25643126","KN295523v1","3762030","3762344","44","21880783"
"chr8","25718280","25718562","KN296682v1","3906307","3906602","33","21811973"
"chr8","25740391","25740684","KN296682v1","3887363","3887658","25","21853028"
"chr8","25741308","25741618","KN297445v1","1504441","1504746","43","24236867"
"chr8","25750991","25751267","KN296682v1","3875368","3875649","35","21875623"
"chr8","25785887","25786178","KN297320v1","1666972","1667261","37","24118915"
"chr8","25794157","25794458","KN296682v1","3834133","3834433","31","21960024"
"chr8","25836277","25836581","KN296311v1","7737651","7737955","38","18098626"
"chr8","25856013","25856311","KN295666v1","535897","536196","50","25320116"
"chr8","25888493","25888823","KN294957v1","62097","62408","44","25826396"
"chr8","25968292","25968581","KN294790v1","11412","11701","40","25956880"
"chr8","26068041","26068335","KN296588v1","2103887","2104184","43","23964154"
"chr8","26095388","26095631","KN296682v1","3539426","3539683","39","22555962"
"chr8","26115045","26115344","KN295282v1","105605","105903","37","26009440"
"chr8","26149800","26150053","KN296682v1","3482878","3483136","22","22666922"
"chr8","26258568","26258885","KN296484v1","351750","352061","48","25906818"
"chr8","26264730","26265034","KN296682v1","3368460","3368764","29","22896270"
"chr8","26265980","26266280","KN297023v1","480259","480560","32","25785721"
"chr8","26293472","26293763","KN296682v1","3343038","3343337","44","22950434"
"chr8","26307306","26307608","KN296682v1","3322433","3322738","30","22984873"
"chr8","26315152","26315459","KN296682v1","3312898","3313204","30","23002254"
"chr8","26349041","26349345","KN294873v1","1602078","1602381","40","24746963"
"chr8","26353020","26353315","KN296682v1","3276721","3277015","18","23076299"
"chr8","26374365","26374595","KN297186v1","50383","50628","52","26323982"
"chr8","26378533","26378822","KN296682v1","3254740","3255026","28","23123793"
"chr8","26417487","26417571","KN295705v1","624174","624261","22","25793313"
"chr8","26418190","26418400","KN296426v1","64367","64561","52","26353823"
"chr8","26423053","26423324","KN294552v1","260961","261228","39","26162092"
"chr8","26431361","26431665","KN296682v1","3207946","3208258","29","23223415"
"chr8","26434712","26435023","KN296682v1","3205083","3205393","30","23229629"
"chr8","26441995","26442293","KN296682v1","3191762","3192050","29","23250233"
"chr8","26444898","26445205","KN296157v1","885718","886029","31","25559180"
"chr8","26447188","26447491","KN294809v1","1033430","1033730","33","25413758"
"chr8","26454078","26454378","KN296682v1","3176999","3177301","26","23277079"
"chr8","26456005","26456312","KN294456v1","1098138","1098439","45","25357867"
"chr8","26475987","26476181","KN294741v1","1596077","1596264","41","24879910"
"chr8","26500972","26501279","KN296682v1","3134062","3134366","26","23366910"
"chr8","26504732","26505024","KN295814v1","140635","140929","39","26364097"
"chr8","26507938","26508250","KN296682v1","3127385","3127697","27","23380553"
"chr8","26517473","26517781","KN295045v1","1173524","1173838","48","25343949"
"chr8","26526734","26527084","KN295498v1","194932","195286","75","26331802"
"chr8","26528054","26528367","KN295735v1","1160753","1161064","44","25367301"
"chr8","26556971","26557266","KN296682v1","3078828","3079120","22","23478143"
"chr8","26557719","26558012","KN296682v1","3078078","3078377","26","23479641"
"chr8","26574221","26574511","KN296682v1","3061362","3061645","26","23512859"
"chr8","26576698","26576991","KN296682v1","3057676","3057980","33","23519022"
"chr8","26611939","26612208","KN297190v1","4529437","4529714","42","22082502"
"chr8","26613330","26613640","KN296682v1","3027035","3027348","40","23586295"
"chr8","26620332","26620611","KN294790v1","3913711","3913996","42","22706621"
"chr8","26624514","26624808","KN296682v1","3015909","3016210","35","23608605"
"chr8","26624886","26625185","KN296453v1","1991588","1991889","40","24633298"
"chr8","26635916","26636149","KN296643v1","363205","363447","53","26272711"
"chr8","26640632","26640855","KN296682v1","3000428","3000645","23","23640204"
"chr8","26659655","26659976","KN296682v1","2980986","2981299","39","23678669"
"chr8","26661700","26662001","KN296682v1","2978999","2979300","24","23682701"
"chr8","26666525","26666829","KN296157v1","1204996","1205297","35","25461529"
"chr8","26675509","26675799","KN294592v1","884515","884808","39","25790994"
"chr8","26703896","26704190","KN296682v1","2935786","2936094","34","23768110"
"chr8","26724103","26724412","KN296682v1","2914000","2914303","30","23810103"
"chr8","26731563","26731882","KN296119v1","948178","948496","47","25783385"
"chr8","26739732","26740037","KN296682v1","2894618","2894920","23","23845114"
"chr8","26752238","26752522","KN294991v1","1014370","1014671","49","25737868"
"chr8","26756570","26756867","KN296682v1","2879977","2880261","36","23876593"
"chr8","26756873","26757157","KN296682v1","2879692","2879976","25","23877181"
"chr8","26761003","26761313","KN296682v1","2875657","2875966","33","23885346"
"chr8","26768574","26768736","KN296577v1","160723","160900","62","26607851"
"chr8","26771974","26772271","KN295943v1","398250","398552","36","26373724"
"chr8","26790196","26790488","KN294561v1","1084406","1084703","37","25705790"
"chr8","26791016","26791320","KN296682v1","2844110","2844412","36","23946906"
"chr8","26799146","26799443","KN296682v1","2836799","2837098","37","23962347"
"chr8","26813000","26813299","KN296682v1","2822857","2823146","31","23990143"
"chr8","26825349","26825658","KN296096v1","80587","80891","47","26744762"
"chr8","26840789","26841100","KN295366v1","78980","79290","43","26761809"
"chr8","26846239","26846550","KN294698v1","82925","83236","38","26763314"
"chr8","26852574","26852866","KN294172v1","6311128","6311420","40","20541446"
"chr8","26855642","26855939","KN294937v1","266","558","40","26855376"
"chr8","26856730","26857041","KN296303v1","514845","515157","36","26341885"
"chr8","26860267","26860559","KN296682v1","2774927","2775219","16","24085340"
"chr8","26876609","26876842","KN296682v1","2757852","2758081","37","24118757"
"chr8","26908833","26909137","KN296682v1","2725340","2725627","38","24183493"
"chr8","26930661","26930954","KN296682v1","2704071","2704369","30","24226590"
"chr8","26954301","26954612","KN296682v1","2680112","2680419","29","24274189"
"chr8","26975336","26975647","KN296833v1","30824","31126","38","26944512"
"chr8","26979843","26980142","KN295940v1","430401","430699","36","26549442"
"chr8","27001577","27001655","KN294844v1","136960","137032","17","26864617"
"chr8","27001949","27002194","KN297207v1","101750","101994","35","26900199"
"chr8","27033655","27033916","KN296682v1","2597061","2597328","31","24436594"
"chr8","27054525","27054822","KN296682v1","2573153","2573450","27","24481372"
"chr8","27065116","27065420","KN296682v1","2564310","2564616","25","24500806"
"chr8","27073659","27073966","KN296682v1","2552918","2553227","41","24520741"
"chr8","27075477","27075764","KN296702v1","963163","963454","39","26112314"
"chr8","27092177","27092479","KN296682v1","2536435","2536740","16","24555742"
"chr8","27097469","27097773","KN295929v1","457065","457374","39","26640404"
"chr8","27099173","27099480","KN295974v1","2516789","2517093","45","24582384"
"chr8","27099706","27100011","KN296167v1","450049","450355","35","26649657"
"chr8","27105986","27106266","KN294711v1","802497","802778","51","26303489"
"chr8","27108524","27108811","KN296682v1","2520695","2520982","20","24587829"
"chr8","27117752","27118058","KN296682v1","2509976","2510280","26","24607776"
"chr8","27125753","27126061","KN296484v1","351750","352061","36","26774003"
"chr8","27153660","27153958","KN294991v1","293673","293971","36","26859987"
"chr8","27163004","27163299","KN296682v1","2469357","2469648","32","24693647"
"chr8","27167185","27167482","KN296682v1","2465777","2466080","33","24701408"
"chr8","27170844","27171130","KN295561v1","109790","110077","36","27061054"
"chr8","27172704","27172861","KN296495v1","1617892","1618047","24","25554812"
"chr8","27172862","27173164","KN296682v1","2460646","2460940","28","24712216"
"chr8","27180504","27180802","KN295459v1","673095","673397","32","26507409"
"chr8","27188844","27189121","KN296682v1","2445185","2445474","36","24743659"
"chr8","27229937","27230225","KN296682v1","2405315","2405595","22","24824622"
"chr8","27240916","27241218","KN297259v1","1820010","1820317","34","25420906"
"chr8","27248668","27248958","KN296682v1","2384456","2384747","30","24864212"
"chr8","27250044","27250340","KN296557v1","13515","13811","31","27236529"
"chr8","27259457","27259735","KN294842v1","1858308","1858587","43","25401149"
"chr8","27265944","27266240","KN295430v1","1217885","1218183","37","26048059"
"chr8","27290297","27290593","KN294407v1","3027269","3027567","41","24263028"
"chr8","27319813","27320107","KN296682v1","2308451","2308750","30","25011362"
"chr8","27364083","27364390","KN296682v1","2263540","2263862","39","25100543"
"chr8","27365520","27365824","KN294378v1","1174635","1174937","43","26190885"
"chr8","27372860","27373011","KN297259v1","446106","446265","36","26926754"
"chr8","27375252","27375543","KN296588v1","938682","938981","37","26436570"
"chr8","27378503","27378804","KN296430v1","1105044","1105344","37","26273459"
"chr8","27383963","27384279","KN296536v1","35315","35626","43","27348648"
"chr8","27416579","27416884","KN296682v1","2213285","2213590","24","25203294"
"chr8","27418516","27418795","KN296682v1","2211200","2211496","38","25207316"
"chr8","27433383","27433685","KN296682v1","2196103","2196399","43","25237280"
"chr8","27486607","27486898","KN296682v1","2143763","2144048","34","25342844"
"chr8","27500510","27500691","KN296036v1","766932","767116","31","26733578"
"chr8","27562523","27562819","KN295032v1","243252","243547","36","27319271"
"chr8","27580444","27580751","KN296311v1","3194235","3194543","33","24386209"
"chr8","27616406","27616718","KN296682v1","2012562","2012871","37","25603844"
"chr8","27641238","27641549","KN296310v1","958636","958949","38","26682602"
"chr8","27644625","27644906","KN294458v1","1171290","1171562","42","26473335"
"chr8","27666414","27666718","KN296682v1","1971726","1972034","32","25694688"
"chr8","27667808","27668108","KN296187v1","1209536","1209835","42","26458272"
"chr8","27696762","27697057","KN296682v1","1930392","1930690","27","25766370"
"chr8","27725084","27725385","KN294733v1","607498","607793","45","27117586"
"chr8","27757544","27757857","KN296036v1","151683","151994","63","27605861"
"chr8","27760749","27761049","KN296430v1","1105044","1105344","42","26655705"
"chr8","27778030","27778329","KN294470v1","2136945","2137241","39","25641085"
"chr8","27864045","27864345","KN294456v1","1098138","1098439","34","26765907"
"chr8","28116874","28117186","KN294365v1","1975191","1975503","47","26141683"
"chr8","28274407","28274692","KN296174v1","186784","187070","50","28087623"
"chr8","28463582","28463898","KN296682v1","1161010","1161328","41","27302572"
"chr8","28542280","28542583","KN296682v1","1082156","1082448","33","27460124"
"chr8","28570051","28570353","KN294345v1","1184842","1185136","59","27385209"
"chr8","28621988","28622278","KN296682v1","1009307","1009593","27","27612681"
"chr8","28627836","28628138","KN296743v1","323605","323904","36","28304231"
"chr8","28629040","28629362","KN295439v1","102691","103000","46","28526349"
"chr8","28673423","28673733","KN296959v1","1610341","1610649","38","27063082"
"chr8","28712391","28712700","KN294181v1","1370167","1370478","46","27342224"
"chr8","28717937","28718250","KN294571v1","1414924","1415238","40","27303013"
"chr8","28724958","28725266","KN296682v1","905214","905518","38","27819744"
"chr8","28743924","28744203","KN296682v1","886263","886548","30","27857661"
"chr8","28767700","28768001","KN296682v1","860801","861107","32","27906899"
"chr8","28785161","28785465","KN294790v1","163386","163690","37","28621775"
"chr8","28801617","28801921","KN297046v1","1742979","1743284","35","27058638"
"chr8","28829358","28829662","KN296682v1","799751","800049","35","28029607"
"chr8","28830364","28830660","KN294539v1","1287945","1288241","52","27542419"
"chr8","28901425","28901731","KN294456v1","443399","443700","41","28458026"
"chr8","28904130","28904423","KN295871v1","542479","542775","38","28361651"
"chr8","28911146","28911447","KN296682v1","713385","713687","32","28197761"
"chr8","28929137","28929434","KN295459v1","673095","673397","35","28256042"
"chr8","28963628","28963937","KN296643v1","601680","601977","51","28361948"
"chr8","28998876","28999171","KN296596v1","295533","295823","35","28703343"
"chr8","29042992","29043310","KN296682v1","585619","585913","56","28457373"
"chr8","29101394","29101688","KN296682v1","527092","527391","32","28574302"
"chr8","29170262","29170564","KN296682v1","454602","454898","32","28715660"
"chr8","29222647","29222960","KN296306v1","272119","272430","37","28950528"
"chr8","29225801","29226102","KN296682v1","395345","395646","19","28830456"
"chr8","29243819","29244103","KN296322v1","1926329","1926611","35","27317490"
"chr8","29313409","29313706","KN296682v1","302173","302475","32","29011236"
"chr8","29331317","29331625","KN296682v1","283385","283694","30","29047932"
"chr8","29357379","29357650","KN296682v1","258848","259106","37","29098531"
"chr8","29491553","29491846","KN294172v1","5009418","5009710","43","24482135"
"chr8","29502821","29503127","KN296833v1","30824","31126","39","29471997"
"chr8","29522009","29522301","KN296682v1","91828","92120","35","29430181"
"chr8","29628032","29628340","KN296916v1","14976","15281","32","29613056"
"chr8","29757498","29757821","KN296825v1","1012135","1012463","42","28745363"
"chr8","29786993","29787267","KN297112v1","6447609","6447884","39","23339384"
"chr8","29789495","29789790","KN296916v1","170739","171044","42","29618756"
"chr8","29811651","29811948","KN296916v1","190714","191018","29","29620937"
"chr8","29816443","29816764","KN296916v1","195538","195861","38","29620905"
"chr8","29826171","29826471","KN294372v1","2629158","2629456","37","27197013"
"chr8","29827234","29827437","KN296426v1","64367","64561","33","29762867"
"chr8","29874594","29874894","KN296916v1","260532","260834","28","29614062"
"chr8","29894402","29894708","KN294603v1","63949","64255","43","29830453"
"chr8","29903733","29904040","KN296486v1","377602","377909","32","29526131"
"chr8","29905214","29905503","KN296916v1","292275","292576","36","29612939"
"chr8","29906171","29906484","KN296916v1","293594","293880","48","29612577"
"chr8","29912282","29912582","KN296009v1","420615","420911","32","29491667"
"chr8","29913418","29913729","KN296916v1","301111","301411","27","29612307"
"chr8","29921241","29921549","KN295301v1","761923","762233","45","29159318"
"chr8","29925203","29925495","KN295107v1","300735","301027","34","29624468"
"chr8","29926506","29926809","KN296926v1","1049515","1049816","41","28876991"
"chr8","29928809","29929094","KN294420v1","822079","822371","37","29106730"
"chr8","29932832","29933125","KN296916v1","318615","318913","32","29614217"
"chr8","29956857","29957146","KN295729v1","826689","826980","34","29130168"
"chr8","29962679","29962975","KN294539v1","1287945","1288241","39","28674734"
"chr8","29968144","29968442","KN296916v1","353903","354202","31","29614241"
"chr8","29990126","29990372","KN295835v1","199186","199432","43","29790940"
"chr8","30009148","30009412","KN294650v1","27651","27917","44","29981497"
"chr8","30019564","30019863","KN296916v1","402051","402359","35","29617513"
"chr8","30024545","30024853","KN296916v1","405668","405968","28","29618877"
"chr8","30043504","30043805","KN295607v1","4377455","4377758","29","25666049"
"chr8","30045236","30045538","KN296643v1","47618","47923","39","29997618"
"chr8","30046522","30046815","KN296916v1","424548","424840","32","29621974"
"chr8","30051095","30051414","KN296916v1","429116","429431","28","29621979"
"chr8","30051934","30052244","KN296916v1","429950","430261","26","29621984"
"chr8","30063207","30063505","KN296916v1","443514","443818","31","29619693"
"chr8","30064424","30064729","KN296916v1","444751","445058","30","29619673"
"chr8","30079829","30080086","KN294964v1","837958","838213","43","29241871"
"chr8","30086797","30087102","KN296210v1","345214","345521","42","29741583"
"chr8","30087683","30087984","KN296430v1","1105044","1105344","33","28982639"
"chr8","30088294","30088599","KN296916v1","469907","470200","33","29618387"
"chr8","30123986","30124281","KN295835v1","84846","85139","36","30039140"
"chr8","30129301","30129611","KN296484v1","351750","352061","33","29777551"
"chr8","30137632","30137923","KN296394v1","178739","179033","45","29958893"
"chr8","30165030","30165357","KN296916v1","540671","540988","42","29624359"
"chr8","30166879","30167183","KN296916v1","541627","541941","30","29625252"
"chr8","30193485","30193781","KN296916v1","574108","574404","25","29619377"
"chr8","30197764","30198055","KN296138v1","3145","3429","47","30194619"
"chr8","30211129","30211419","KN296916v1","592112","592415","28","29619017"
"chr8","30223697","30223987","KN296916v1","604947","605233","16","29618750"
"chr8","30224899","30225189","KN294181v1","1424178","1424469","31","28800721"
"chr8","30243378","30243688","KN296916v1","624872","625182","25","29618506"
"chr8","30244174","30244484","KN296916v1","625668","625973","27","29618506"
"chr8","30246098","30246372","KN295202v1","1407634","1407910","33","28838464"
"chr8","30247642","30247949","KN296916v1","629113","629411","29","29618529"
"chr8","30278387","30278692","KN296916v1","661670","661968","30","29616717"
"chr8","30282319","30282616","KN296916v1","671715","672013","33","29610604"
"chr8","30295147","30295425","KN296916v1","685203","685505","43","29609944"
"chr8","30445806","30446121","KN294966v1","57136","57441","46","30388670"
"chr8","30471906","30472217","KN296916v1","848413","848718","30","29623493"
"chr8","30606527","30606830","KN296209v1","549904","550214","38","30056623"
"chr8","30792522","30792818","KN294456v1","1098138","1098439","36","29694384"
"chr8","30797328","30797625","KN296209v1","358963","359265","29","30438365"
"chr8","30863692","30864008","KN296665v1","158306","158620","46","30705386"
"chr8","30951390","30951694","KN296829v1","581505","581808","41","30369885"
"chr8","31135882","31136192","KN294399v1","47743","48054","45","31088139"
"chr8","31155961","31156275","KN295319v1","42222","42534","49","31113739"
"chr8","31168462","31168722","KN295243v1","1473974","1474238","54","29694488"
"chr8","31198673","31198912","KN295586v1","3146006","3146235","45","28052667"
"chr8","31225547","31225845","KN296620v1","349918","350214","35","30875629"
"chr8","31273683","31274002","KN294613v1","171779","172088","54","31101904"
"chr8","31296518","31296832","KN295225v1","721622","721937","55","30574896"
"chr8","31313027","31313323","KN297047v1","1316088","1316386","29","29996939"
"chr8","31318268","31318567","KN294396v1","480362","480665","40","30837906"
"chr8","31340715","31341031","KN294790v1","163386","163690","48","31177329"
"chr8","31406854","31407159","KN297112v1","5613081","5613386","41","25793773"
"chr8","31434093","31434381","KN294251v1","1449194","1449494","48","29984899"
"chr8","31453723","31454017","KN296079v1","674043","674348","49","30779680"
"chr8","31455339","31455637","KN294873v1","1221902","1222199","49","30233437"
"chr8","31475892","31476188","KN296643v1","57707","58008","43","31418185"
"chr8","31494411","31494707","KN296541v1","177294","177595","29","31317117"
"chr8","31534222","31534521","KN296775v1","1038271","1038573","42","30495951"
"chr8","31568819","31569119","KN296643v1","47618","47923","40","31521201"
"chr8","31570914","31571210","KN294539v1","1287945","1288241","38","30282969"
"chr8","31599001","31599309","KN294539v1","1287945","1288241","46","30311056"
"chr8","31642675","31642951","KN297408v1","30292","30568","43","31612383"
"chr8","31728587","31728870","KN296795v1","813243","813524","37","30915344"
"chr8","31744517","31744815","KN295708v1","1536667","1536965","32","30207850"
"chr8","31760374","31760661","KN295977v1","1361274","1361557","42","30399100"
"chr8","31887901","31888103","KN295930v1","759567","759739","48","31128334"
"chr8","31947112","31947418","KN294513v1","764764","765066","38","31182348"
"chr8","32112794","32113080","KN296495v1","2325532","2325816","38","29787262"
"chr8","32133066","32133364","KN294373v1","1532532","1532841","37","30600534"
"chr8","32196748","32197052","KN294373v1","1468812","1469118","28","30727936"
"chr8","32220278","32220581","KN294373v1","1443426","1443720","24","30776852"
"chr8","32235643","32235882","KN296883v1","3353450","3353703","73","28882193"
"chr8","32245496","32245808","KN294373v1","1417796","1418111","33","30827700"
"chr8","32299468","32299762","KN294373v1","1363627","1363917","29","30935841"
"chr8","32384271","32384565","KN294373v1","1272288","1272581","43","31111983"
"chr8","32399110","32399417","KN295722v1","2212365","2212673","53","30186745"
"chr8","32510025","32510327","KN296865v1","1608885","1609185","41","30901140"
"chr8","32592520","32592817","KN294373v1","1065678","1065982","27","31526842"
"chr8","32619988","32620297","KN294373v1","1042764","1043075","29","31577224"
"chr8","32656678","32656994","KN296306v1","272119","272430","50","32384559"
"chr8","32672441","32672740","KN294444v1","166708","167002","41","32505733"
"chr8","32732925","32733198","KN294373v1","929424","929690","24","31803501"
"chr8","32751557","32751858","KN294373v1","910333","910631","31","31841224"
"chr8","32769536","32769841","KN297159v1","192155","192464","41","32577381"
"chr8","32776431","32776738","KN294373v1","881895","882196","39","31894536"
"chr8","32836747","32837010","KN294842v1","1514850","1515120","32","31321897"
"chr8","32872060","32872287","KN295586v1","3146006","3146235","40","29726054"
"chr8","32920419","32920711","KN295114v1","157283","157573","43","32763136"
"chr8","32989665","32989960","KN294373v1","689375","689672","37","32300290"
"chr8","33117921","33118210","KN294373v1","548117","548407","26","32569804"
"chr8","33128047","33128382","KN297274v1","1207904","1208213","59","31920143"
"chr8","33132038","33132348","KN296311v1","948862","949170","43","32183176"
"chr8","33188624","33188926","KN297105v1","1529158","1529459","36","31659466"
"chr8","33190883","33191182","KN294373v1","467830","468121","30","32723053"
"chr8","33260643","33260744","KN297259v1","482371","482451","41","32778272"
"chr8","33275934","33276231","KN295480v1","1302107","1302401","34","31973827"
"chr8","33301372","33301624","KN294373v1","359375","359636","39","32941997"
"chr8","33307610","33307911","KN294373v1","353031","353329","27","32954579"
"chr8","33310564","33310843","KN296485v1","94705","94981","50","33215859"
"chr8","33322080","33322386","KN295962v1","1884512","1884811","35","31437568"
"chr8","33353518","33353828","KN294957v1","62097","62408","39","33291421"
"chr8","33381109","33381410","KN297245v1","1416081","1416379","49","31965028"
"chr8","33381411","33381654","KN294373v1","278485","278724","27","33102926"
"chr8","33438861","33439163","KN296934v1","677788","678082","58","32761073"
"chr8","33472572","33472854","KN295601v1","747589","747868","31","32724983"
"chr8","33500230","33500533","KN294373v1","148840","149154","43","33351390"
"chr8","33502466","33502755","KN294373v1","146600","146889","31","33355866"
"chr8","33551051","33551367","KN296424v1","425557","425868","44","33125494"
"chr8","33592922","33593199","KN294257v1","2131357","2131645","46","31461565"
"chr8","33645333","33645643","KN294373v1","2518","2816","42","33642815"
"chr8","33713522","33713820","KN297023v1","480259","480560","37","33233263"
"chr8","33803875","33804116","KN295430v1","2480754","2480992","37","31323121"
"chr8","33823081","33823391","KN294407v1","2317315","2317623","47","31505766"
"chr8","33847820","33848120","KN294571v1","890748","891049","37","32957072"
"chr8","33909563","33909828","KN294650v1","27651","27917","32","33881912"
"chr8","33916340","33916650","KN296062v1","1211174","1211481","43","32705166"
"chr8","34010852","34011153","KN294187v1","544177","544478","38","33466675"
"chr8","34021512","34021804","KN295666v1","193919","194208","46","33827593"
"chr8","34085939","34086251","KN295692v1","1497978","1498272","49","32587961"
"chr8","34087899","34088192","KN296467v1","78665","78960","42","34009234"
"chr8","34097335","34097642","KN295352v1","1345858","1346165","38","32751477"
"chr8","34126167","34126473","KN294454v1","362731","363033","52","33763436"
"chr8","34144734","34145038","KN297276v1","143691","143993","36","34001043"
"chr8","34147458","34147663","KN294831v1","678063","678264","38","33469395"
"chr8","34184900","34185196","KN296926v1","728665","728961","40","33456235"
"chr8","34186936","34187236","KN296062v1","2506182","2506489","42","31680754"
"chr8","34211349","34211644","KN296040v1","349832","350124","30","33861517"
"chr8","34278406","34278695","KN295708v1","2784035","2784327","38","31494371"
"chr8","34286795","34287077","KN297408v1","30292","30568","42","34256503"
"chr8","34303275","34303572","KN294269v1","550588","550887","37","33752687"
"chr8","34310847","34311141","KN295090v1","331823","332119","37","33979024"
"chr8","34317585","34317890","KN295705v1","47231","47537","37","34270354"
"chr8","34318511","34318817","KN294470v1","2136945","2137241","36","32181566"
"chr8","34321476","34321792","KN295366v1","78980","79290","45","34242496"
"chr8","34336228","34336452","KN296643v1","363205","363447","48","33973023"
"chr8","34351133","34351426","KN296726v1","606731","607020","42","33744402"
"chr8","34378342","34378653","KN295366v1","78980","79290","38","34299362"
"chr8","34384081","34384391","KN295439v1","102691","103000","33","34281390"
"chr8","34391831","34392134","KN294446v1","240983","241287","34","34150848"
"chr8","34405547","34405854","KN296682v1","1930392","1930690","40","32475155"
"chr8","34414648","34414934","KN296992v1","326159","326447","32","34088489"
"chr8","34417678","34417960","KN295564v1","402039","402325","45","34015639"
"chr8","34423872","34424168","KN295523v1","3015511","3015803","32","31408361"
"chr8","34437479","34437777","KN296649v1","502099","502397","36","33935380"
"chr8","34438264","34438569","KN294446v1","240983","241287","34","34197281"
"chr8","34447057","34447352","KN294470v1","2136945","2137241","31","32310112"
"chr8","34449609","34449907","KN295553v1","392380","392667","48","34057229"
"chr8","34458163","34458464","KN294469v1","95044","95338","38","34363119"
"chr8","34465998","34466295","KN294257v1","417336","417629","49","34048662"
"chr8","34472485","34472786","KN294456v1","1098138","1098439","40","33374347"
"chr8","34479345","34479646","KN296442v1","420929","421232","40","34058416"
"chr8","34481768","34482063","KN294581v1","619147","619445","29","33862621"
"chr8","34489035","34489286","KN295835v1","199186","199432","31","34289849"
"chr8","34490526","34490792","KN295633v1","1133330","1133601","33","33357196"
"chr8","34505467","34505746","KN294187v1","1109661","1109959","51","33395806"
"chr8","34519205","34519507","KN296305v1","652930","653232","34","33866275"
"chr8","34523944","34524253","KN296495v1","704486","704792","39","33819458"
"chr8","34531304","34531615","KN295107v1","156096","156410","39","34375208"
"chr8","34535732","34536046","KN294548v1","1161001","1161308","44","33374731"
"chr8","34555261","34555548","KN295828v1","1278471","1278759","36","33276790"
"chr8","34559283","34559583","KN295666v1","873327","873629","41","33685956"
"chr8","34578025","34578337","KN297133v1","1603609","1603918","39","32974416"
"chr8","34579717","34580017","KN297276v1","74967","75265","42","34504750"
"chr8","34582846","34583142","KN296620v1","349918","350214","37","34232928"
"chr8","34593057","34593352","KN296153v1","1090111","1090408","37","33502946"
"chr8","34595852","34596167","KN295922v1","130002","130315","38","34465850"
"chr8","34601796","34602088","KN294613v1","90521","90812","41","34511275"
"chr8","34607398","34607703","KN294407v1","637394","637683","48","33970004"
"chr8","34613032","34613309","KN294172v1","3443475","3443755","39","31169557"
"chr8","34617764","34618064","KN297245v1","1416081","1416379","29","33201683"
"chr8","34642129","34642426","KN294571v1","1575904","1576204","43","33066225"
"chr8","34644557","34644869","KN295471v1","441873","442185","37","34202684"
"chr8","34655834","34656129","KN294539v1","1287945","1288241","29","33367889"
"chr8","34663944","34664248","KN294879v1","1348527","1348831","42","33315417"
"chr8","34665186","34665473","KN294147v1","1191891","1192182","37","33473295"
"chr8","34668316","34668591","KN296158v1","512983","513270","44","34155333"
"chr8","34689453","34689780","KN295869v1","1483001","1483321","42","33206452"
"chr8","34697114","34697276","KN294987v1","480021","480187","19","34217093"
"chr8","34710333","34710377","KN295605v1","731068","731107","11","33979265"
"chr8","34710517","34710739","KN297306v1","10400","10616","38","34700117"
"chr8","34711404","34711715","KN296726v1","808997","809301","46","33902407"
"chr8","34713827","34714112","KN297259v1","1604747","1605031","41","33109080"
"chr8","34717455","34717765","KN295487v1","52973","53281","42","34664482"
"chr8","34718462","34718761","KN295236v1","844452","844758","46","33874010"
"chr8","34728331","34728617","KN294185v1","146786","147087","47","34581545"
"chr8","34730143","34730440","KN295523v1","3030953","3031248","31","31699190"
"chr8","34732509","34732812","KN294571v1","890748","891049","36","33841761"
"chr8","34739665","34739958","KN295032v1","243252","243547","44","34496413"
"chr8","34776193","34776362","KN294571v1","155556","155724","19","34620637"
"chr8","34778222","34778495","KN294470v1","1342873","1343145","39","33435349"
"chr8","34836387","34836685","KN294571v1","1575904","1576204","36","33260483"
"chr8","34879271","34879574","KN297095v1","1783401","1783704","41","33095870"
"chr8","34886975","34887276","KN296495v1","846641","846944","41","34040334"
"chr8","34894622","34894816","KN296810v1","153762","153963","39","34740860"
"chr8","34908760","34909025","KN294837v1","377251","377522","44","34531509"
"chr8","34915803","34916111","KN297133v1","950328","950631","37","33965475"
"chr8","34916174","34916398","KN295637v1","882908","883132","35","34033266"
"chr8","34931934","34932241","KN296557v1","13515","13811","40","34918419"
"chr8","34932302","34932477","KN296948v1","1402009","1402176","33","33530293"
"chr8","34940085","34940376","KN294917v1","401690","401984","37","34538395"
"chr8","34941742","34941901","KN294848v1","1183193","1183355","23","33758549"
"chr8","34950759","34951073","KN295301v1","761923","762233","37","34188836"
"chr8","34967775","34968058","KN295967v1","319624","319901","48","34648151"
"chr8","34971740","34972039","KN295758v1","468479","468777","42","34503261"
"chr8","34988888","34989200","KN295998v1","154789","155089","57","34834099"
"chr8","34990053","34990347","KN296096v1","838711","839001","50","34151342"
"chr8","34990717","34991010","KN294728v1","1011812","1012114","46","33978905"
"chr8","34991978","34992275","KN294848v1","1252619","1252915","42","33739359"
"chr8","34993329","34993613","KN294571v1","671930","672216","34","34321399"
"chr8","35027695","35027975","KN296623v1","294333","294614","32","34733362"
"chr8","35035108","35035396","KN296880v1","290573","290861","40","34744535"
"chr8","35060478","35060769","KN296252v1","157434","157731","36","34903044"
"chr8","35077978","35078283","KN295974v1","1466462","1466774","41","33611516"
"chr8","35079414","35079704","KN295523v1","1314489","1314785","47","33764925"
"chr8","35081985","35082278","KN295096v1","2965990","2966278","25","32115995"
"chr8","35092111","35092395","KN296404v1","1043973","1044260","40","34048138"
"chr8","35144900","35145189","KN295995v1","633923","634217","42","34510977"
"chr8","35146924","35147227","KN296809v1","763161","763473","40","34383763"
"chr8","35156614","35156897","KN296508v1","1079358","1079640","40","34077256"
"chr8","35174892","35175191","KN296322v1","919384","919686","37","34255508"
"chr8","35175401","35175708","KN296153v1","3567705","3568014","36","31607696"
"chr8","35177187","35177498","KN294592v1","1321409","1321720","49","33855778"
"chr8","35249412","35249716","KN294761v1","363307","363610","41","34886105"
"chr8","35256072","35256342","KN296424v1","570628","570891","86","34685444"
"chr8","35274967","35275269","KN294456v1","1098138","1098439","33","34176829"
"chr8","35277184","35277490","KN295923v1","1040491","1040795","36","34236693"
"chr8","35279419","35279730","KN295758v1","916522","916832","37","34362897"
"chr8","35281761","35282063","KN295343v1","729289","729587","39","34552472"
"chr8","35288727","35289028","KN294407v1","3027269","3027567","37","32261458"
"chr8","35310793","35311090","KN297023v1","480259","480560","28","34830534"
"chr8","35311663","35311956","KN294526v1","334958","335253","34","34976705"
"chr8","35331025","35331324","KN296311v1","2891003","2891305","35","32440022"
"chr8","35331895","35332183","KN294499v1","2005615","2005910","40","33326280"
"chr8","35393701","35394000","KN294434v1","417718","418021","37","34975983"
"chr8","35408378","35408662","KN295893v1","5868091","5868383","43","29540287"
"chr8","35420277","35420588","KN297083v1","696271","696573","47","34724006"
"chr8","35424845","35425124","KN296145v1","1818938","1819217","57","33605907"
"chr8","35428235","35428531","KN297245v1","1416081","1416379","42","34012154"
"chr8","35429531","35429839","KN295708v1","1848952","1849264","41","33580579"
"chr8","35434203","35434505","KN294964v1","1832698","1833002","36","33601505"
"chr8","35434889","35435187","KN296119v1","1735099","1735396","36","33699790"
"chr8","35435930","35436231","KN295045v1","769575","769875","43","34666355"
"chr8","35499810","35500000","KN294172v1","2161343","2161535","32","33338467"
"chr8","35527919","35528208","KN294181v1","1424178","1424469","33","34103741"
"chr8","35529700","35529995","KN297403v1","208160","208454","29","35321540"
"chr8","35532854","35533153","KN294245v1","583030","583326","39","34949824"
"chr8","35562659","35562950","KN295871v1","615076","615373","41","34947583"
"chr8","35575391","35575679","KN294172v1","951274","951558","47","34624117"
"chr8","35632951","35633239","KN294539v1","1287945","1288241","47","34345006"
"chr8","35663422","35663711","KN294571v1","1678829","1679123","37","33984593"
"chr8","35673779","35674081","KN296406v1","42376","42676","32","35631403"
"chr8","35683257","35683510","KN295090v1","2882133","2882386","40","32801124"
"chr8","35702345","35702641","KN294147v1","1376898","1377195","30","34325447"
"chr8","35718496","35718787","KN296825v1","3010579","3010879","40","32707917"
"chr8","35862146","35862449","KN296153v1","2715746","2716054","35","33146400"
"chr8","35875821","35876115","KN295596v1","2518640","2518934","35","33357181"
"chr8","35895939","35896255","KN295708v1","141057","141345","67","35754882"
"chr8","35938384","35938698","KN295708v1","2271788","2272099","42","33666596"
"chr8","36040331","36040630","KN295984v1","739554","739854","43","35300777"
"chr8","36099589","36099903","KN294172v1","6353144","6353444","55","29746445"
"chr8","36188832","36189142","KN296157v1","885718","886029","36","35303114"
"chr8","36210525","36210830","KN294181v1","1579076","1579376","36","34631449"
"chr8","36236273","36236553","KN295236v1","4818873","4819150","47","31417400"
"chr8","36288830","36289077","KN295869v1","969223","969467","42","35319607"
"chr8","36291946","36292248","KN294604v1","502155","502458","32","35789791"
"chr8","36309346","36309646","KN294591v1","238553","238855","45","36070793"
"chr8","36313816","36314121","KN296244v1","661876","662181","34","35651940"
"chr8","36336883","36337186","KN294446v1","240983","241287","40","36095900"
"chr8","36338302","36338605","KN294911v1","2389002","2389309","43","33949300"
"chr8","36339601","36339900","KN294451v1","1139913","1140218","44","35199688"
"chr8","36345422","36345694","KN297276v1","475868","476140","46","35869554"
"chr8","36363177","36363461","KN295371v1","448057","448341","30","35915120"
"chr8","36368926","36369235","KN294603v1","63949","64255","34","36304977"
"chr8","36371506","36371811","KN296266v1","77086","77387","37","36294420"
"chr8","36373971","36374274","KN294499v1","1588182","1588488","44","34785789"
"chr8","36378764","36379076","KN295439v1","102691","103000","40","36276073"
"chr8","36379352","36379653","KN296557v1","18517","18814","42","36360835"
"chr8","36380738","36381042","KN294466v1","12634","12944","46","36368104"
"chr8","36386876","36387163","KN297154v1","449271","449568","38","35937605"
"chr8","36388845","36389137","KN295154v1","204198","204489","41","36184647"
"chr8","36390261","36390556","KN296435v1","210332","210630","46","36179929"
"chr8","36399545","36399802","KN296307v1","88094","88346","42","36311451"
"chr8","36404171","36404331","KN294571v1","210473","210635","23","36193698"
"chr8","36416279","36416599","KN296122v1","363693","364004","49","36052586"
"chr8","36418245","36418546","KN295090v1","242110","242415","51","36176135"
"chr8","36419641","36419949","KN294613v1","457862","458173","46","35961779"
"chr8","36425265","36425560","KN295484v1","348127","348423","41","36077138"
"chr8","36430100","36430413","KN297050v1","181609","181918","44","36248491"
"chr8","36430858","36431136","KN295371v1","448057","448341","33","35982801"
"chr8","36431747","36432035","KN295729v1","826689","826980","34","35605058"
"chr8","36446327","36446625","KN297112v1","6478463","6478766","35","29967864"
"chr8","36453738","36454048","KN294668v1","1380340","1380645","44","35073398"
"chr8","36455135","36455441","KN296311v1","8317826","8318133","36","28137309"
"chr8","36456104","36456406","KN297158v1","212439","212742","40","36243665"
"chr8","36469732","36469801","KN294257v1","153208","153270","22","36316524"
"chr8","36469934","36470151","KN295977v1","1276894","1277103","49","35193040"
"chr8","36496218","36496515","KN296503v1","58212","58521","44","36438006"
"chr8","36527472","36527700","KN295405v1","757351","757593","43","35770121"
"chr8","36547848","36548178","KN294193v1","503681","504009","52","36044167"
"chr8","36550648","36550952","KN296484v1","351750","352061","40","36198898"
"chr8","36583505","36583805","KN294991v1","1562285","1562586","45","35021220"
"chr8","36630582","36630880","KN294705v1","186396","186702","41","36444186"
"chr8","36632333","36632627","KN295102v1","222669","222960","43","36409664"
"chr8","36671405","36671726","KN297452v1","1084916","1085234","48","35586489"
"chr8","36794114","36794413","KN295091v1","2692987","2693285","38","34101127"
"chr8","36795635","36795897","KN297154v1","1017436","1017681","46","35778199"
"chr8","36799474","36799665","KN295236v1","3580229","3580418","33","33219245"
"chr8","36838117","36838414","KN295548v1","17538","17846","44","36820579"
"chr8","36859728","36860030","KN294287v1","530811","531116","40","36328917"
"chr8","36902278","36902547","KN295157v1","139606","139877","39","36762672"
"chr8","36928216","36928481","KN294897v1","486938","487207","37","36441278"
"chr8","36944800","36945099","KN296884v1","80185","80481","37","36864615"
"chr8","37060164","37060476","KN295708v1","219821","220134","52","36840343"
"chr8","37169560","37169863","KN296138v1","98488","98788","37","37071072"
"chr8","37170952","37171258","KN296153v1","1336190","1336496","35","35834762"
"chr8","37258587","37258888","KN296503v1","544133","544430","40","36714454"
"chr8","37306058","37306362","KN294536v1","1929748","1930054","43","35376310"
"chr8","37342380","37342688","KN294456v1","1098138","1098439","43","36244242"
"chr8","37363020","37363327","KN295497v1","271857","272164","42","37091163"
"chr8","37372456","37372763","KN296484v1","351750","352061","33","37020706"
"chr8","37413493","37413785","KN296698v1","82309","82605","38","37331184"
"chr8","37414898","37415178","KN296825v1","1575304","1575590","38","35839594"
"chr8","37444256","37444542","KN294446v1","399227","399517","39","37045029"
"chr8","37487276","37487570","KN297320v1","271981","272275","31","37215295"
"chr8","37499377","37499687","KN295637v1","335749","336059","35","37163628"
"chr8","37529417","37529757","KN295735v1","713634","713968","52","36815783"
"chr8","37530832","37531127","KN294456v1","1143112","1143404","35","36387720"
"chr8","37549896","37550161","KN297197v1","2936362","2936627","39","34613534"
"chr8","37550585","37550892","KN295748v1","161587","161896","44","37388998"
"chr8","37553331","37553585","KN294991v1","995507","995758","37","36557824"
"chr8","37560369","37560675","KN295571v1","513084","513393","36","37047285"
"chr8","37578564","37578871","KN295755v1","76690","77003","59","37501874"
"chr8","37590205","37590509","KN294548v1","1161001","1161308","43","36429204"
"chr8","37629865","37630168","KN296404v1","1183469","1183770","38","36446396"
"chr8","37631558","37631840","KN297038v1","252214","252490","50","37379344"
"chr8","37692446","37692758","KN296731v1","1167793","1168104","38","36524653"
"chr8","37708180","37708479","KN297023v1","480259","480560","37","37227921"
"chr8","37721834","37722146","KN294548v1","1161001","1161308","40","36560833"
"chr8","37733875","37734147","KN296864v1","1076694","1076968","32","36657181"
"chr8","37751955","37752234","KN295736v1","1800874","1801153","39","35951081"
"chr8","37765361","37765655","KN294526v1","334958","335253","35","37430403"
"chr8","37767847","37768125","KN294662v1","218243","218524","38","37549604"
"chr8","37786112","37786420","KN294378v1","1504358","1504668","37","36281754"
"chr8","37819830","37820138","KN294407v1","2157068","2157379","41","35662762"
"chr8","37849166","37849396","KN295405v1","757351","757593","45","37091815"
"chr8","37849938","37850241","KN294172v1","1602432","1602732","34","36247506"
"chr8","37854862","37855176","KN296424v1","425557","425868","55","37429305"
"chr8","37857798","37858100","KN295607v1","4377455","4377758","34","33480343"
"chr8","37866798","37866931","KN294172v1","7075083","7075217","14","30791715"
"chr8","37867028","37867198","KN297026v1","295454","295621","27","37571574"
"chr8","37892826","37893136","KN295090v1","2719195","2719504","40","35173631"
"chr8","37900087","37900394","KN294499v1","1117273","1117575","47","36782814"
"chr8","37902479","37902768","KN295573v1","502898","503186","28","37399581"
"chr8","37922770","37923074","KN294446v1","240983","241287","49","37681787"
"chr8","37923281","37923505","KN296305v1","689826","690059","34","37233455"
"chr8","37926234","37926559","KN294217v1","801086","801394","55","37125148"
"chr8","37930986","37931317","KN296879v1","725992","726311","57","37204994"
"chr8","37939154","37939454","KN297327v1","811573","811871","32","37127581"
"chr8","37948585","37948957","KN297444v1","136042","136391","94","37812543"
"chr8","37964280","37964582","KN295075v1","197535","197834","38","37766745"
"chr8","37989294","37989604","KN297023v1","480259","480560","35","37509035"
"chr8","37990885","37991183","KN295236v1","4141001","4141296","41","33849884"
"chr8","38008728","38009026","KN296404v1","1150048","1150343","32","36858680"
"chr8","38009712","38010001","KN294747v1","841910","842203","47","37167802"
"chr8","38010051","38010343","KN294665v1","133847","134138","37","37876204"
"chr8","38017758","38018067","KN297274v1","902241","902551","41","37115517"
"chr8","38022000","38022310","KN295846v1","24517","24819","33","37997483"
"chr8","38037716","38037799","KN296495v1","1507938","1508003","35","36529778"
"chr8","38043555","38043863","KN294396v1","12866","13165","37","38030689"
"chr8","38044427","38044717","KN294396v1","13731","14039","39","38030696"
"chr8","38053726","38054029","KN294396v1","23003","23298","35","38030723"
"chr8","38085161","38085456","KN296145v1","2451188","2451482","33","35633973"
"chr8","38087333","38087616","KN294396v1","53323","53617","34","38034010"
"chr8","38091262","38091550","KN297274v1","1863027","1863315","37","36228235"
"chr8","38106151","38106446","KN294396v1","70575","70871","33","38035576"
"chr8","38109240","38109524","KN297458v1","476217","476510","39","37633023"
"chr8","38110280","38110583","KN294396v1","74363","74660","28","38035917"
"chr8","38113270","38113581","KN297133v1","1030785","1031096","33","37082485"
"chr8","38114462","38114762","KN294396v1","78615","78914","31","38035847"
"chr8","38137234","38137534","KN294506v1","312156","312457","39","37825078"
"chr8","38207057","38207372","KN294879v1","76546","76849","41","38130511"
"chr8","38227176","38227477","KN294396v1","192332","192636","27","38034844"
"chr8","38265230","38265404","KN297190v1","4446458","4446660","55","33818772"
"chr8","38284279","38284584","KN294396v1","248147","248451","23","38036132"
"chr8","38310602","38310909","KN294396v1","274671","274963","36","38035931"
"chr8","38313034","38313330","KN294693v1","725536","725835","33","37587498"
"chr8","38325555","38325753","KN294147v1","1651981","1652179","39","36673574"
"chr8","38355704","38356021","KN296682v1","4643873","4644184","39","33711831"
"chr8","38385586","38385897","KN294396v1","348957","349266","48","38036629"
"chr8","38397536","38397840","KN295642v1","42233","42537","50","38355303"
"chr8","38421968","38422188","KN296263v1","107832","108045","27","38314136"
"chr8","38422189","38422223","KN296096v1","2690101","2690141","11","35732088"
"chr8","38463225","38463526","KN294396v1","431586","431888","23","38031639"
"chr8","38476719","38477029","KN294396v1","448526","448832","32","38028193"
"chr8","38507030","38507355","KN294407v1","2157068","2157379","59","36349962"
"chr8","38508099","38508376","KN294946v1","220472","220746","38","38287627"
"chr8","38509836","38510130","KN294535v1","637291","637589","35","37872545"
"chr8","38513228","38513524","KN294396v1","485025","485317","31","38028203"
"chr8","38521018","38521314","KN294396v1","492454","492744","25","38028564"
"chr8","38529910","38530206","KN294396v1","501007","501305","25","38028903"
"chr8","38553328","38553644","KN295705v1","104167","104478","40","38449161"
"chr8","38556001","38556303","KN294571v1","890748","891049","27","37665253"
"chr8","38557910","38558218","KN295366v1","78980","79290","41","38478930"
"chr8","38563250","38563547","KN296698v1","187020","187330","35","38376230"
"chr8","38566812","38567116","KN296698v1","183502","183802","38","38383310"
"chr8","38568299","38568605","KN296698v1","182331","182636","26","38385968"
"chr8","38580910","38581198","KN296698v1","170268","170554","39","38410642"
"chr8","38584057","38584376","KN296486v1","67047","67367","43","38517010"
"chr8","38584472","38584672","KN295090v1","1414837","1415006","46","37169635"
"chr8","38597745","38598046","KN296311v1","7181279","7181585","47","31416466"
"chr8","38599542","38599653","KN295708v1","1589585","1589715","40","37009957"
"chr8","38605321","38605619","KN296698v1","145138","145437","34","38460183"
"chr8","38612412","38612708","KN296698v1","136975","137282","38","38475437"
"chr8","38616598","38616913","KN296108v1","36408","36727","48","38580190"
"chr8","38624529","38624819","KN296698v1","124957","125263","38","38499572"
"chr8","38627625","38627927","KN296698v1","121671","121971","28","38505954"
"chr8","38649958","38650273","KN295983v1","362159","362478","64","38287799"
"chr8","38663110","38663407","KN294987v1","460377","460676","36","38202733"
"chr8","38664031","38664319","KN296698v1","86307","86604","31","38577724"
"chr8","38668092","38668372","KN295977v1","19914","20198","42","38648178"
"chr8","38668858","38669016","KN296665v1","175822","175973","26","38493036"
"chr8","38677313","38677597","KN294181v1","1424178","1424469","39","37253135"
"chr8","38683568","38683852","KN296698v1","67946","68221","41","38615622"
"chr8","38694892","38695181","KN296698v1","55716","56013","30","38639176"
"chr8","38701681","38701995","KN295301v1","761923","762233","48","37939758"
"chr8","38708195","38708492","KN296698v1","41038","41323","28","38667157"
"chr8","38713810","38714115","KN295977v1","561282","561583","51","38152528"
"chr8","38715047","38715256","KN296698v1","32734","32939","20","38682313"
"chr8","38716284","38716587","KN296698v1","31257","31555","26","38685027"
"chr8","38727789","38728080","KN297320v1","1223277","1223582","45","37504512"
"chr8","38730148","38730295","KN295034v1","690684","690818","29","38039464"
"chr8","38730842","38731037","KN295637v1","856118","856312","39","37874724"
"chr8","38739515","38739820","KN296698v1","6200","6500","18","38733315"
"chr8","38744399","38744674","KN296698v1","1546","1832","26","38742853"
"chr8","38748393","38748686","KN296145v1","2451188","2451482","35","36297205"
"chr8","38757033","38757321","KN294187v1","1072146","1072440","41","37684887"
"chr8","38764660","38764967","KN295352v1","1345858","1346165","38","37418802"
"chr8","38771389","38771683","KN296281v1","405901","406193","26","38365488"
"chr8","38834911","38835163","KN294218v1","2464393","2464655","34","36370518"
"chr8","38835456","38835501","KN294187v1","1105507","1105554","11","37729949"
"chr8","38848870","38849174","KN296281v1","331870","332171","31","38517000"
"chr8","38861959","38862257","KN296281v1","318320","318613","30","38543639"
"chr8","38871342","38871636","KN296281v1","306961","307255","30","38564381"
"chr8","38884758","38885046","KN294407v1","157922","158207","42","38726836"
"chr8","38889806","38890059","KN296594v1","1040988","1041253","44","37848818"
"chr8","38892062","38892359","KN296682v1","918535","918827","47","37973527"
"chr8","38896363","38896536","KN294292v1","211892","212059","31","38684471"
"chr8","38904400","38904693","KN294407v1","3027269","3027567","31","35877131"
"chr8","38922665","38922923","KN297038v1","314696","314959","41","38607969"
"chr8","38924374","38924664","KN294848v1","1339237","1339527","40","37585137"
"chr8","38927234","38927540","KN296281v1","255772","256081","31","38671462"
"chr8","38931821","38932126","KN296281v1","250820","251101","43","38681001"
"chr8","38939038","38939331","KN296153v1","3041230","3041525","37","35897808"
"chr8","38944525","38944833","KN296281v1","240886","241194","30","38703639"
"chr8","38961811","38962115","KN295633v1","323295","323596","39","38638516"
"chr8","38963344","38963640","KN296281v1","221659","221963","19","38741685"
"chr8","38977613","38977906","KN295977v1","1131033","1131330","31","37846580"
"chr8","38998224","38998532","KN296158v1","1175251","1175559","26","37822973"
"chr8","39009870","39010168","KN295236v1","4141001","4141296","32","34868869"
"chr8","39012277","39012566","KN296281v1","176936","177226","20","38835341"
"chr8","39019586","39019885","KN296281v1","167459","167760","22","38852127"
"chr8","39025924","39026219","KN296281v1","161001","161294","32","38864923"
"chr8","39034918","39035210","KN297153v1","485075","485367","40","38549843"
"chr8","39059527","39059823","KN296281v1","128030","128326","37","38931497"
"chr8","39066252","39066563","KN294998v1","39961","40266","40","39026291"
"chr8","39083706","39084012","KN296281v1","99893","100200","36","38983813"
"chr8","39097546","39097864","KN296281v1","85527","85841","31","39012019"
"chr8","39099348","39099646","KN296281v1","83726","84033","33","39015622"
"chr8","39105659","39105968","KN295883v1","173429","173738","41","38932230"
"chr8","39110485","39110779","KN296281v1","71455","71765","42","39039030"
"chr8","39125733","39126014","KN296281v1","55178","55457","30","39070555"
"chr8","39126964","39127263","KN296281v1","53538","53842","24","39073426"
"chr8","39136622","39136919","KN294991v1","293673","293971","26","38842949"
"chr8","39138151","39138455","KN296281v1","42304","42605","23","39095847"
"chr8","39145774","39146056","KN296281v1","35016","35311","26","39110758"
"chr8","39147074","39147374","KN296281v1","33690","33990","25","39113384"
"chr8","39153179","39153453","KN295701v1","611698","611962","46","38541481"
"chr8","39175329","39175648","KN295967v1","606413","606726","43","38568916"
"chr8","39176810","39177117","KN296281v1","1725","2028","34","39175085"
"chr8","39187009","39187213","KN294378v1","1356879","1357083","39","37830130"
"chr8","39190536","39190813","KN294745v1","251397","251663","40","38939139"
"chr8","39192278","39192585","KN295607v1","4673412","4673717","32","34518866"
"chr8","39195798","39196102","KN296948v1","1380864","1381173","39","37814934"
"chr8","39211584","39211884","KN294745v1","229351","229647","19","38982233"
"chr8","39219850","39220155","KN295998v1","154789","155089","34","39065061"
"chr8","39222053","39222360","KN294745v1","223452","223749","53","38998601"
"chr8","39226492","39226794","KN295302v1","361165","361469","38","38865327"
"chr8","39231291","39231599","KN294745v1","216608","216902","35","39014683"
"chr8","39231980","39232199","KN295977v1","1276894","1277103","47","37955086"
"chr8","39240776","39241075","KN294526v1","334958","335253","39","38905818"
"chr8","39246702","39246928","KN297186v1","50383","50628","46","39196319"
"chr8","39254496","39254799","KN294745v1","187687","187985","39","39066809"
"chr8","39255757","39256056","KN296404v1","1183469","1183770","37","38072288"
"chr8","39257059","39257359","KN295607v1","4377455","4377758","39","34879604"
"chr8","39271549","39271847","KN294470v1","2540799","2541095","36","36730750"
"chr8","39280833","39281122","KN296311v1","686598","686894","49","38594235"
"chr8","39307553","39307850","KN294303v1","289860","290155","52","39017693"
"chr8","39308360","39308541","KN296322v1","2325550","2325719","32","36982810"
"chr8","39309146","39309442","KN294987v1","1477069","1477366","32","37832077"
"chr8","39318373","39318613","KN294745v1","127817","128047","26","39190556"
"chr8","39322949","39323128","KN296577v1","160723","160900","32","39162226"
"chr8","39345753","39346048","KN294745v1","100672","100973","28","39245081"
"chr8","39351566","39351880","KN294745v1","94803","95111","35","39256763"
"chr8","39387643","39387879","KN295835v1","199186","199432","49","39188457"
"chr8","39419650","39419912","KN294325v1","1269746","1270001","43","38149904"
"chr8","39427951","39428254","KN294745v1","9834","10147","48","39418117"
"chr8","39430448","39430742","KN294745v1","7357","7660","22","39423091"
"chr8","39443881","39444204","KN294739v1","15978","16281","62","39427903"
"chr8","39462824","39463124","KN295735v1","994649","994952","33","38468175"
"chr8","39467921","39468226","KN296714v1","28077","28381","30","39439844"
"chr8","39474652","39474967","KN294470v1","2878982","2879283","38","36595670"
"chr8","39485007","39485310","KN294375v1","493338","493642","32","38991669"
"chr8","39485379","39485678","KN294181v1","1437190","1437488","32","38048189"
"chr8","39510593","39510856","KN294172v1","2969462","2969734","49","36541131"
"chr8","39518473","39518772","KN296714v1","79572","79862","29","39438901"
"chr8","39526173","39526477","KN296311v1","2891003","2891305","33","36635170"
"chr8","39526719","39526988","KN296036v1","300943","301205","45","39225776"
"chr8","39542738","39543040","KN296714v1","102551","102857","27","39440187"
"chr8","39546598","39546908","KN296714v1","105680","105983","40","39440918"
"chr8","39556711","39557009","KN296714v1","115572","115882","27","39441139"
"chr8","39581684","39581993","KN294199v1","636506","636815","40","38945178"
"chr8","39592074","39592364","KN296495v1","1951647","1951933","42","37640427"
"chr8","39592677","39592988","KN296484v1","351750","352061","35","39240927"
"chr8","39596300","39596601","KN295719v1","189138","189434","43","39407162"
"chr8","39596848","39597146","KN294456v1","1098138","1098439","54","38498710"
"chr8","39600294","39600518","KN296714v1","164535","164762","16","39435759"
"chr8","39610417","39610711","KN295666v1","535897","536196","45","39074520"
"chr8","39628663","39628872","KN295571v1","126976","127187","36","39501687"
"chr8","39653669","39653982","KN295366v1","78980","79290","42","39574689"
"chr8","39656862","39657156","KN296714v1","234902","235195","20","39421960"
"chr8","39661155","39661332","KN294790v1","931254","931420","33","38729901"
"chr8","39667754","39668028","KN295243v1","1473974","1474238","58","38193780"
"chr8","39706222","39706523","KN294193v1","765791","766099","49","38940431"
"chr8","39713851","39714153","KN296714v1","277101","277409","21","39436750"
"chr8","39730655","39730951","KN295526v1","408561","408856","41","39322094"
"chr8","39737433","39737741","KN295722v1","630702","631007","34","39106731"
"chr8","39743668","39743956","KN296620v1","349918","350214","42","39393750"
"chr8","39832703","39832993","KN294501v1","38531","38824","45","39794172"
"chr8","39853965","39854272","KN296042v1","398650","398952","42","39455315"
"chr8","39869588","39869901","KN297008v1","5344216","5344525","49","34525372"
"chr8","39935931","39936228","KN295433v1","791869","792167","34","39144062"
"chr8","43821811","43822113","KN295236v1","2215816","2216118","52","41605995"
"chr8","43833183","43833478","KN297259v1","1695445","1695737","42","42137738"
"chr8","44202809","44203101","KN294470v1","3400394","3400682","54","40802415"
"chr8","44254980","44255246","KN296812v1","479628","479888","43","43775352"
"chr8","44307317","44307540","KN295705v1","623338","623563","51","43683979"
"chr8","44311133","44311446","KN294287v1","369071","369381","49","43942062"
"chr8","44338732","44339029","KN294581v1","619147","619445","45","43719585"
"chr8","44345953","44346188","KN296187v1","781642","781886","41","43564311"
"chr8","44398243","44398522","KN296508v1","1079358","1079640","47","43318885"
"chr8","44534259","44534389","KN294235v1","1077350","1077478","17","43456909"
"chr8","44534688","44534716","KN294842v1","155990","156010","16","44378698"
"chr8","44534717","44534748","KN295544v1","73766","73790","16","44460951"
"chr8","44552794","44553064","KN294351v1","125823","126087","24","44426971"
"chr8","44570632","44570913","KN294351v1","108767","109046","20","44461865"
"chr8","44587118","44587414","KN294351v1","92457","92768","37","44494661"
"chr8","44600902","44601188","KN294351v1","63948","64229","23","44536954"
"chr8","44702389","44702688","KN296142v1","468224","468532","29","44234165"
"chr8","44704646","44704946","KN296142v1","465970","466282","38","44238676"
"chr8","44768349","44768660","KN295090v1","1832957","1833265","35","42935392"
"chr8","44791759","44792056","KN297249v1","478720","479015","35","44313039"
"chr8","44794444","44794738","KN296142v1","355058","355348","26","44439386"
"chr8","44799802","44800110","KN296142v1","349576","349879","31","44450226"
"chr8","44807282","44807577","KN296142v1","342105","342396","18","44465177"
"chr8","44908439","44908756","KN296142v1","299517","299832","33","44608922"
"chr8","44925168","44925475","KN296635v1","3876048","3876352","39","41049120"
"chr8","44947158","44947330","KN294957v1","73265","73439","32","44873893"
"chr8","45017583","45017857","KN294842v1","1858308","1858587","41","43159275"
"chr8","45037886","45038187","KN294407v1","3027269","3027567","39","42010617"
"chr8","45053017","45053328","KN296142v1","146687","146992","32","44906330"
"chr8","45113296","45113598","KN296142v1","87670","87971","30","45025626"
"chr8","45122113","45122420","KN296142v1","79127","79433","28","45042986"
"chr8","45160554","45160818","KN296142v1","57826","58090","21","45102728"
"chr8","45165644","45165963","KN295501v1","1126742","1127053","45","44038902"
"chr8","45182454","45182748","KN296142v1","32821","33116","27","45149633"
"chr8","45183038","45183349","KN296142v1","32140","32453","24","45150898"
"chr8","45185085","45185358","KN295236v1","4514266","4514534","42","40670819"
"chr8","45192517","45192822","KN296142v1","24114","24420","25","45168403"
"chr8","45215053","45215295","KN295705v1","623338","623563","73","44591715"
"chr8","45222706","45223004","KN294991v1","1838724","1839016","32","43383982"
"chr8","45230629","45230929","KN294446v1","24200","24495","43","45206429"
"chr8","45234810","45235118","KN294630v1","549363","549684","54","44685447"
"chr8","45262829","45263053","KN294539v1","1824704","1824946","46","43438125"
"chr8","45351837","45352141","KN294842v1","664297","664599","36","44687540"
"chr8","45364621","45364919","KN297023v1","480259","480560","37","44884362"
"chr8","45383945","45384256","KN295301v1","761923","762233","36","44622022"
"chr8","45385286","45385597","KN295301v1","761923","762233","36","44623363"
"chr8","45389950","45390229","KN296201v1","2654662","2654949","40","42735288"
"chr8","45406328","45406646","KN297159v1","306554","306865","43","45099774"
"chr8","45413817","45414131","KN296153v1","3034985","3035291","52","42378832"
"chr8","45425772","45426080","KN296406v1","250415","250727","41","45175357"
"chr8","45441337","45441641","KN295241v1","239249","239550","46","45202088"
"chr8","45458974","45459256","KN296426v1","306527","306807","39","45152447"
"chr8","45525827","45526138","KN294291v1","415854","416159","41","45109973"
"chr8","45537830","45538128","KN294172v1","6113681","6113982","48","39424149"
"chr8","45547205","45547512","KN295090v1","242110","242415","40","45305095"
"chr8","45552381","45552647","KN295719v1","105132","105413","51","45447249"
"chr8","45553231","45553464","KN297112v1","2758116","2758343","35","42795115"
"chr8","45579960","45580256","KN294262v1","1563960","1564257","45","44016000"
"chr8","45586935","45587229","KN297227v1","972359","972663","49","44614576"
"chr8","45605455","45605746","KN296040v1","349832","350124","37","45255623"
"chr8","45619871","45620172","KN294229v1","110402","110697","51","45509469"
"chr8","45625423","45625706","KN297233v1","903856","904144","48","44721567"
"chr8","45627781","45628041","KN297154v1","1616670","1616919","45","44011111"
"chr8","45662928","45663211","KN295236v1","4141001","4141296","53","41521927"
"chr8","45677432","45677592","KN295365v1","746369","746530","18","44931063"
"chr8","45697176","45697475","KN294470v1","2878982","2879283","37","42818194"
"chr8","45706857","45707168","KN294421v1","1642258","1642561","35","44064599"
"chr8","45730948","45731223","KN296864v1","1076694","1076968","33","44654254"
"chr8","45735841","45736131","KN296547v1","396597","396892","42","45339244"
"chr8","45740398","45740674","KN296726v1","854306","854581","39","44886092"
"chr8","45743494","45743800","KN294964v1","1872225","1872534","38","43871269"
"chr8","45748257","45748566","KN296311v1","3194235","3194543","37","42554022"
"chr8","45760173","45760351","KN295171v1","374429","374605","27","45385744"
"chr8","45773876","45774173","KN294470v1","2136945","2137241","42","43636931"
"chr8","45815709","45816001","KN295596v1","13275","13555","54","45802434"
"chr8","45834829","45835096","KN297259v1","223439","223716","43","45611390"
"chr8","45879059","45879368","KN294378v1","1504358","1504668","35","44374701"
"chr8","46048710","46049015","KN294172v1","2480693","2480995","44","43568017"
"chr8","46138483","46138791","KN295057v1","581519","581818","51","45556964"
"chr8","46151948","46152291","KN295195v1","498294","498629","77","45653654"
"chr8","46181142","46181464","KN297108v1","173482","173801","48","46007660"
"chr8","46185304","46185597","KN296496v1","785984","786287","45","45399320"
"chr8","46197921","46198158","KN296513v1","1780539","1780776","31","44417382"
"chr8","46285246","46285532","KN296153v1","2393235","2393519","42","43892011"
"chr8","46400409","46400706","KN296263v1","970564","970862","40","45429845"
"chr8","46400824","46401132","KN295236v1","4422965","4423270","44","41977859"
"chr8","46459751","46460056","KN294372v1","2427862","2428164","40","44031889"
"chr8","46470447","46470729","KN296442v1","203645","203932","31","46266802"
"chr8","46522194","46522486","KN294470v1","764276","764573","38","45757918"
"chr8","46552740","46553040","KN296654v1","28688","28988","34","46524052"
"chr8","46633316","46633593","KN296138v1","3145","3429","46","46630171"
"chr8","46651389","46651677","KN296253v1","1315417","1315709","50","45335972"
"chr8","46788174","46788476","KN296496v1","910602","910902","34","45877572"
"chr8","46790832","46791112","KN295459v1","1101140","1101421","33","45689692"
"chr8","46842559","46842874","KN295601v1","1167780","1168083","60","45674779"
"chr8","46849612","46849876","KN295343v1","293265","293528","52","46556347"
"chr8","46959166","46959408","KN296885v1","2510104","2510360","43","44449062"
"chr8","47175718","47176026","KN296635v1","2387021","2387331","39","44788697"
"chr8","47184235","47184521","KN294172v1","1802792","1803070","57","45381443"
"chr8","47298105","47298398","KN294407v1","3027269","3027567","37","44270836"
"chr8","47318808","47319109","KN294407v1","3027269","3027567","36","44291539"
"chr8","47415284","47415592","KN295236v1","4118266","4118574","39","43297018"
"chr8","47492204","47492506","KN294262v1","1563960","1564257","46","45928244"
"chr8","47567864","47568174","KN297320v1","848283","848595","39","46719581"
"chr8","47573442","47573762","KN297203v1","1243976","1244285","50","46329466"
"chr8","47618095","47618409","KN294453v1","23988","24299","44","47594107"
"chr8","47630910","47631221","KN295090v1","1832957","1833265","44","45797953"
"chr8","47649050","47649337","KN294326v1","619990","620278","40","47029060"
"chr8","47652036","47652340","KN297008v1","5344216","5344525","37","42307820"
"chr8","47678504","47678823","KN297408v1","58299","58616","40","47620205"
"chr8","47784977","47785234","KN296213v1","24277","24539","38","47760700"
"chr8","47794815","47795113","KN294995v1","15599","15901","36","47779216"
"chr8","47823950","47824239","KN297008v1","4921580","4921868","45","42902370"
"chr8","47981363","47981591","KN296754v1","219855","220085","30","47761508"
"chr8","48013468","48013693","KN297186v1","50383","50628","53","47963085"
"chr8","48126067","48126380","KN294978v1","1476399","1476706","52","46649668"
"chr8","48160577","48160855","KN295102v1","376622","376901","34","47783955"
"chr8","48211916","48212199","KN296096v1","2398375","2398656","52","45813541"
"chr8","48224258","48224532","KN294251v1","1151512","1151787","40","47072746"
"chr8","48327858","48328164","KN294716v1","57733","58040","34","48270125"
"chr8","48329678","48329961","KN295474v1","206808","207092","41","48122870"
"chr8","48497505","48497805","KN296495v1","2729399","2729698","43","45768106"
"chr8","48623272","48623584","KN294462v1","663264","663573","40","47960008"
"chr8","48726318","48726624","KN296495v1","846641","846944","36","47879677"
"chr8","48840904","48841208","KN296453v1","2063602","2063910","33","46777302"
"chr8","48899713","48900021","KN296453v1","1991588","1991889","34","46908125"
"chr8","48943975","48944259","KN295708v1","2890312","2890611","52","46053663"
"chr8","48971852","48972158","KN294421v1","1642258","1642561","41","47329594"
"chr8","49010664","49010962","KN296453v1","1892930","1893236","32","47117734"
"chr8","49022045","49022342","KN295326v1","192748","193053","45","48829297"
"chr8","49022354","49022667","KN295090v1","242110","242415","40","48780244"
"chr8","49046150","49046437","KN296453v1","1852575","1852862","27","47193575"
"chr8","49055070","49055345","KN296261v1","620490","620771","40","48434580"
"chr8","49056825","49057136","KN296453v1","1841469","1841766","38","47215356"
"chr8","49105597","49105891","KN294558v1","560208","560501","38","48545389"
"chr8","49167007","49167298","KN296732v1","3826486","3826780","38","45340521"
"chr8","49347309","49347639","KN295735v1","713634","713968","40","48633675"
"chr8","49418743","49418943","KN296426v1","64367","64561","45","49354376"
"chr8","49428328","49428621","KN295236v1","4645662","4645954","36","44782666"
"chr8","49440248","49440542","KN296453v1","1463092","1463398","38","47977156"
"chr8","49465752","49466048","KN296453v1","1439880","1440174","33","48025872"
"chr8","49517536","49517734","KN296810v1","153762","153963","39","49363774"
"chr8","49585694","49586003","KN294806v1","688387","688698","36","48897307"
"chr8","49597759","49598018","KN296453v1","1303857","1304135","33","48293902"
"chr8","49599850","49600109","KN296453v1","1303857","1304135","33","48295993"
"chr8","49662770","49663081","KN296453v1","1234691","1235002","29","48428079"
"chr8","49671616","49671911","KN296453v1","1226073","1226367","20","48445543"
"chr8","49673382","49673677","KN296404v1","1150048","1150343","32","48523334"
"chr8","49678016","49678316","KN296453v1","1219169","1219475","38","48458847"
"chr8","49688129","49688438","KN296453v1","1202308","1202619","38","48485821"
"chr8","49743020","49743327","KN296453v1","1159539","1159847","32","48583481"
"chr8","49836116","49836394","KN297274v1","1863027","1863315","39","47973089"
"chr8","49976631","49976889","KN295490v1","43581","43843","37","49933050"
"chr8","50030319","50030635","KN296453v1","869004","869315","38","49161315"
"chr8","50067074","50067367","KN296253v1","1315417","1315709","40","48751657"
"chr8","50088556","50088825","KN296453v1","813085","813352","24","49275471"
"chr8","50126544","50126854","KN294193v1","774395","774701","43","49352149"
"chr8","50304472","50304775","KN296453v1","609602","609909","30","49694870"
"chr8","50323775","50324067","KN295114v1","157283","157573","34","50166492"
"chr8","50349532","50349831","KN296453v1","566416","566711","28","49783116"
"chr8","50370190","50370496","KN297023v1","480259","480560","37","49889931"
"chr8","50382633","50382901","KN296453v1","537158","537426","40","49845475"
"chr8","50410540","50410819","KN295405v1","1822106","1822388","49","48588434"
"chr8","50413629","50413926","KN294613v1","562013","562309","30","49851616"
"chr8","50437662","50437957","KN294224v1","1140521","1140815","32","49297141"
"chr8","50448727","50449030","KN296453v1","470099","470412","34","49978628"
"chr8","50454313","50454626","KN294685v1","199152","199463","40","50255161"
"chr8","50456526","50456834","KN296635v1","2153242","2153553","42","48303284"
"chr8","50465438","50465728","KN296453v1","453635","453918","36","50011803"
"chr8","50492538","50492839","KN295666v1","163031","163330","38","50329507"
"chr8","50497355","50497536","KN296577v1","160723","160900","39","50336632"
"chr8","50501867","50502181","KN294378v1","1504358","1504668","43","48997509"
"chr8","50525307","50525616","KN296096v1","2349554","2349864","49","48175753"
"chr8","50544445","50544766","KN294957v1","62097","62408","42","50482348"
"chr8","50549005","50549309","KN296453v1","380483","380789","25","50168522"
"chr8","50575925","50576232","KN296453v1","352072","352374","27","50223853"
"chr8","50588323","50588596","KN297314v1","616778","617057","49","49971545"
"chr8","50597297","50597586","KN296453v1","321110","321391","42","50276187"
"chr8","50661022","50661312","KN296453v1","253016","253312","30","50408006"
"chr8","50680994","50681282","KN296453v1","246290","246576","25","50434704"
"chr8","50692641","50692947","KN296453v1","233905","234218","50","50458736"
"chr8","50704127","50704426","KN296453v1","222366","222670","31","50481761"
"chr8","50709271","50709575","KN297327v1","217601","217906","37","50491670"
"chr8","50725586","50725885","KN294501v1","4140225","4140518","51","46585361"
"chr8","50728046","50728321","KN296453v1","193785","194079","37","50534261"
"chr8","51079570","51079787","KN296218v1","178839","179052","20","50900731"
"chr8","51124195","51124505","KN296218v1","211009","211320","23","50913186"
"chr8","51159243","51159557","KN296646v1","361526","361837","44","50797717"
"chr8","51197802","51198098","KN296218v1","295421","295720","31","50902381"
"chr8","51275770","51276081","KN294172v1","1466090","1466400","37","49809680"
"chr8","51277750","51278051","KN294741v1","820027","820325","46","50457723"
"chr8","51301057","51301350","KN295257v1","1225806","1226107","38","50075251"
"chr8","51313342","51313643","KN295708v1","2506254","2506554","38","48807088"
"chr8","51363870","51364184","KN294644v1","168562","168865","50","51195308"
"chr8","51425074","51425367","KN296122v1","154948","155243","38","51270126"
"chr8","51443407","51443717","KN296505v1","355465","355772","41","51087942"
"chr8","51480284","51480471","KN296036v1","766932","767116","28","50713352"
"chr8","51488389","51488691","KN295430v1","2355601","2355902","37","49132788"
"chr8","51490028","51490302","KN296153v1","2393235","2393519","37","49096793"
"chr8","51556060","51556370","KN297361v1","65405","65707","50","51490655"
"chr8","51556505","51556809","KN297190v1","4460728","4461031","34","47095777"
"chr8","51568879","51569169","KN294429v1","37988","38273","35","51530891"
"chr8","51586957","51587273","KN297133v1","1603609","1603918","46","49983348"
"chr8","51594933","51595225","KN294790v1","6262944","6263232","45","45331989"
"chr8","51597166","51597459","KN294937v1","266","558","36","51596900"
"chr8","51600186","51600496","KN296495v1","303473","303778","43","51296713"
"chr8","51602181","51602411","KN297369v1","2251031","2251244","52","49351150"
"chr8","51626939","51627251","KN294399v1","47743","48054","45","51579196"
"chr8","51632383","51632686","KN296079v1","686222","686522","37","50946161"
"chr8","51634065","51634361","KN295729v1","826689","826980","37","50807376"
"chr8","51635466","51635770","KN295757v1","38021","38317","43","51597445"
"chr8","51644317","51644616","KN297276v1","143691","143993","30","51500626"
"chr8","51658321","51658629","KN294446v1","240983","241287","38","51417338"
"chr8","51683902","51684199","KN294456v1","1098138","1098439","36","50585764"
"chr8","51686504","51686811","KN294345v1","1360179","1360481","37","50326325"
"chr8","51690023","51690289","KN296569v1","479237","479499","47","51210786"
"chr8","51690761","51691060","KN296609v1","1094323","1094632","49","50596438"
"chr8","51699418","51699727","KN296090v1","89328","89638","31","51610090"
"chr8","51704818","51705109","KN295667v1","919962","920250","38","50784856"
"chr8","51707376","51707605","KN295405v1","757351","757593","48","50950025"
"chr8","51719026","51719295","KN294613v1","87432","87702","42","51631594"
"chr8","51742149","51742426","KN296484v1","733487","733776","51","51008662"
"chr8","51747603","51747908","KN296810v1","26632","26932","39","51720971"
"chr8","51760462","51760768","KN296495v1","846641","846944","41","50913821"
"chr8","51760896","51761212","KN295045v1","77347","77661","42","51683549"
"chr8","51769443","51769752","KN294176v1","294222","294532","41","51475221"
"chr8","51775925","51776224","KN296726v1","808997","809301","37","50966928"
"chr8","51800541","51800850","KN295045v1","769575","769875","41","51030966"
"chr8","51816608","51816898","KN296322v1","1392101","1392390","53","50424507"
"chr8","51821167","51821430","KN294650v1","27651","27917","40","51793516"
"chr8","51845482","51845765","KN297146v1","129898","130192","38","51715584"
"chr8","51851073","51851373","KN295984v1","2540291","2540591","38","49310782"
"chr8","51865425","51865728","KN296138v1","98488","98788","48","51766937"
"chr8","51867832","51868131","KN295361v1","824524","824814","46","51043308"
"chr8","51870098","51870387","KN297184v1","810837","811124","43","51059261"
"chr8","51873811","51874104","KN294346v1","410894","411188","38","51462917"
"chr8","51875166","51875334","KN295350v1","342412","342579","28","51532754"
"chr8","51878161","51878464","KN295236v1","1631448","1631759","35","50246713"
"chr8","51879395","51879692","KN295077v1","600179","600474","44","51279216"
"chr8","51880803","51881108","KN295708v1","1536667","1536965","48","50344136"
"chr8","51885966","51886242","KN296311v1","3240773","3241062","53","48645193"
"chr8","51891001","51891296","KN296119v1","3332816","3333111","33","48558185"
"chr8","51893146","51893444","KN296743v1","376473","376771","39","51516673"
"chr8","51894220","51894530","KN295319v1","93746","94048","40","51800474"
"chr8","51905642","51905941","KN296145v1","740136","740436","36","51165506"
"chr8","51911030","51911331","KN296311v1","2450978","2451280","45","49460052"
"chr8","51919979","51920286","KN294387v1","2115552","2115863","46","49804427"
"chr8","51924699","51924988","KN297133v1","950328","950631","52","50974371"
"chr8","51948275","51948576","KN296093v1","233036","233334","44","51715239"
"chr8","51953714","51954028","KN295459v1","1335733","1336041","39","50617981"
"chr8","51968896","51969180","KN295371v1","448057","448341","34","51520839"
"chr8","51971483","51971816","KN294169v1","74418","74723","60","51897065"
"chr8","51972716","51973009","KN295236v1","3589165","3589460","31","48383551"
"chr8","51982685","51982979","KN294561v1","1084406","1084703","41","50898279"
"chr8","51995086","51995390","KN296322v1","2692700","2693002","37","49302386"
"chr8","51999853","51999999","KN294444v1","72417","72567","19","51927436"
"chr8","52000997","52001281","KN296481v1","98456","98742","34","51902541"
"chr8","52001609","52001897","KN296096v1","838711","839001","35","51162898"
"chr8","52022030","52022337","KN295893v1","7273160","7273454","45","44748870"
"chr8","52029781","52030088","KN296180v1","1128018","1128327","42","50901763"
"chr8","52034196","52034495","KN294911v1","2389002","2389309","40","49645194"
"chr8","52047639","52047942","KN296829v1","581505","581808","41","51466134"
"chr8","52054122","52054435","KN296306v1","3686137","3686439","44","48367985"
"chr8","52083819","52084126","KN295886v1","13086","13392","33","52070733"
"chr8","52086617","52086926","KN294790v1","2480212","2480521","38","49606405"
"chr8","52092060","52092357","KN296153v1","1115266","1115561","34","50976794"
"chr8","52093150","52093458","KN296157v1","1204996","1205297","44","50888154"
"chr8","52131131","52131429","KN295198v1","274974","275272","35","51856157"
"chr8","52150134","52150441","KN295883v1","173429","173738","40","51976705"
"chr8","52150955","52151232","KN296588v1","792094","792381","49","51358861"
"chr8","52164650","52164952","KN296306v1","3686137","3686439","34","48478513"
"chr8","52168540","52168719","KN294372v1","1531212","1531392","33","50637328"
"chr8","52179159","52179461","KN296311v1","768493","768797","41","51410666"
"chr8","52183133","52183428","KN294850v1","174854","175153","36","52008279"
"chr8","52186470","52186633","KN295315v1","627883","628047","21","51558587"
"chr8","52210486","52210792","KN294558v1","708067","708372","44","51502419"
"chr8","52214254","52214483","KN294462v1","634323","634552","35","51579931"
"chr8","52224083","52224359","KN296406v1","158505","158783","37","52065578"
"chr8","52290966","52291275","KN296253v1","47774","48082","41","52243192"
"chr8","52293893","52294201","KN296503v1","539763","540066","40","51754130"
"chr8","52392569","52392869","KN295825v1","888474","888776","40","51504095"
"chr8","52397440","52397693","KN297154v1","1616670","1616919","36","50780770"
"chr8","52474983","52475201","KN295977v1","1276894","1277103","48","51198089"
"chr8","52593787","52594033","KN295869v1","969223","969467","32","51624564"
"chr8","52613639","52613948","KN296743v1","1756759","1757068","40","50856880"
"chr8","52619462","52619755","KN294874v1","309420","309712","41","52310042"
"chr8","52701490","52701775","KN297245v1","1416081","1416379","47","51285409"
"chr8","52734519","52734826","KN297442v1","1612430","1612738","45","51122089"
"chr8","52783405","52783701","KN294561v1","1887166","1887450","57","50896239"
"chr8","52844938","52845248","KN294257v1","379317","379626","46","52465621"
"chr8","52851770","52852016","KN296213v1","24277","24539","54","52827493"
"chr8","52855075","52855378","KN297023v1","480259","480560","30","52374816"
"chr8","52900954","52901237","KN296153v1","1922869","1923153","46","50978085"
"chr8","52919763","52920077","KN296322v1","1273369","1273680","45","51646394"
"chr8","52936715","52937013","KN296557v1","13515","13811","32","52923200"
"chr8","52955733","52956030","KN295729v1","826689","826980","38","52129044"
"chr8","53044780","53045090","KN294911v1","2739073","2739387","43","50305707"
"chr8","53045533","53045815","KN296138v1","3145","3429","43","53042388"
"chr8","53101482","53101793","KN297095v1","454968","455280","41","52646514"
"chr8","53120017","53120313","KN294456v1","1098138","1098439","43","52021879"
"chr8","53181980","53182270","KN296795v1","1228994","1229286","32","51952986"
"chr8","53319746","53320045","KN296635v1","3876048","3876352","34","49443698"
"chr8","53322346","53322650","KN296495v1","846641","846944","33","52475705"
"chr8","53332829","53333144","KN296731v1","1167793","1168104","45","52165036"
"chr8","53350972","53351272","KN296349v1","2956","3254","36","53348016"
"chr8","53439188","53439489","KN295257v1","1225806","1226107","37","52213382"
"chr8","53445579","53445887","KN295366v1","78980","79290","52","53366599"
"chr8","53449052","53449355","KN296503v1","539763","540066","38","52909289"
"chr8","53516014","53516314","KN295362v1","1396530","1396815","55","52119484"
"chr8","53517292","53517594","KN295090v1","1849079","1849376","43","51668213"
"chr8","53546744","53547025","KN295362v1","1363329","1363610","19","52183415"
"chr8","53560168","53560462","KN295362v1","1349887","1350179","31","52210281"
"chr8","53564746","53565041","KN294385v1","186860","187159","38","53377886"
"chr8","53572306","53572618","KN294592v1","1321409","1321720","36","52250897"
"chr8","53576065","53576332","KN295362v1","1334626","1334886","23","52241439"
"chr8","53599753","53600063","KN295708v1","1431107","1431415","42","52168646"
"chr8","53600100","53600408","KN296019v1","409159","409464","34","53190941"
"chr8","53610161","53610457","KN296145v1","2451188","2451482","41","51158973"
"chr8","53639508","53639742","KN295405v1","757351","757593","44","52882157"
"chr8","53657638","53657824","KN294172v1","5723758","5723953","42","47933880"
"chr8","53662907","53663206","KN295362v1","1252165","1252461","24","52410742"
"chr8","53665109","53665431","KN294790v1","5868297","5868622","43","47796812"
"chr8","53677667","53677989","KN295362v1","1239828","1240134","45","52437839"
"chr8","53679547","53679855","KN295362v1","1237975","1238274","42","52441572"
"chr8","53682176","53682353","KN295236v1","3402541","3402725","31","50279635"
"chr8","53682549","53682673","KN295449v1","1325110","1325236","19","52357439"
"chr8","53695128","53695377","KN297159v1","1175889","1176139","35","52519239"
"chr8","53699125","53699431","KN295362v1","1217596","1217878","36","52481529"
"chr8","53707383","53707694","KN295362v1","1208780","1209093","27","52498603"
"chr8","53708254","53708559","KN295362v1","1207904","1208209","20","52500350"
"chr8","53715675","53715976","KN295362v1","1043462","1043763","32","52672213"
"chr8","53739857","53740154","KN295362v1","1176514","1176807","30","52563343"
"chr8","53740382","53740680","KN296557v1","18517","18814","38","53721865"
"chr8","53742279","53742568","KN294193v1","400597","400883","36","53341682"
"chr8","53761136","53761426","KN294172v1","5828976","5829275","51","47932160"
"chr8","53761429","53761717","KN295362v1","1148502","1148775","36","52612927"
"chr8","53763967","53764267","KN295362v1","1145996","1146295","21","52617971"
"chr8","53782199","53782511","KN294747v1","1266403","1266714","37","52515796"
"chr8","53795009","53795307","KN295362v1","1118563","1118868","31","52676446"
"chr8","53797789","53798085","KN295057v1","262113","262411","38","53535676"
"chr8","53799787","53800088","KN295362v1","1113308","1113612","31","52686479"
"chr8","53804455","53804749","KN295362v1","1108978","1109281","34","52695477"
"chr8","53817063","53817372","KN295362v1","1096947","1097245","37","52720116"
"chr8","53825152","53825450","KN294172v1","5273992","5274291","28","48551160"
"chr8","53835129","53835438","KN295362v1","1079600","1079908","29","52755529"
"chr8","53844424","53844704","KN295362v1","1070781","1071047","39","52773643"
"chr8","53850387","53850694","KN295362v1","1064864","1065167","30","52785523"
"chr8","53854549","53854834","KN295236v1","5478328","5478616","39","48376221"
"chr8","53855059","53855269","KN296426v1","64367","64561","39","53790692"
"chr8","53861783","53862077","KN294662v1","54879","55172","36","53806904"
"chr8","53866792","53867088","KN295362v1","1048484","1048778","33","52818308"
"chr8","53871718","53872010","KN295362v1","1043462","1043763","30","52828256"
"chr8","53959843","53960189","KN295501v1","781207","781518","75","53178636"
"chr8","53969721","53969908","KN297153v1","134365","134560","54","53835356"
"chr8","53995403","53995688","KN294470v1","521836","522129","43","53473567"
"chr8","54007009","54007208","KN297259v1","1363077","1363271","34","52643932"
"chr8","54007209","54007367","KN296153v1","4022611","4022768","20","49984598"
"chr8","54009697","54009855","KN296153v1","4022611","4022768","20","49987086"
"chr8","54101707","54102013","KN295362v1","814243","814533","33","53287464"
"chr8","54111466","54111769","KN295362v1","805329","805639","36","53306137"
"chr8","54120253","54120545","KN296093v1","179133","179423","38","53941120"
"chr8","54135603","54135889","KN295362v1","754786","755069","29","53380817"
"chr8","54150701","54151014","KN296096v1","2698005","2698314","37","51452696"
"chr8","54182934","54183169","KN295405v1","757351","757593","37","53425583"
"chr8","54230040","54230338","KN295362v1","675934","676233","20","53554106"
"chr8","54296761","54297047","KN295362v1","610481","610767","25","53686280"
"chr8","54366643","54366924","KN296311v1","40699","40981","38","54325944"
"chr8","54414419","54414713","KN295362v1","490911","491170","57","53923508"
"chr8","54437495","54437801","KN295362v1","467172","467478","24","53970323"
"chr8","54474798","54475089","KN294456v1","1098138","1098439","45","53376660"
"chr8","54491756","54492065","KN296484v1","412958","413269","34","54078798"
"chr8","54647424","54647737","KN294181v1","1317427","1317732","47","53329997"
"chr8","54720828","54721091","KN295362v1","188111","188379","25","54532717"
"chr8","54795848","54796129","KN295362v1","108656","108954","40","54687192"
"chr8","54839122","54839418","KN294172v1","2419941","2420232","35","52419181"
"chr8","54859756","54860061","KN294548v1","1161001","1161308","32","53698755"
"chr8","54946116","54946424","KN294539v1","2083944","2084246","43","52862172"
"chr8","54951864","54952179","KN296849v1","735480","735791","42","54216384"
"chr8","55017699","55017988","KN295096v1","2965990","2966278","33","52051709"
"chr8","55075600","55075894","KN294407v1","3027269","3027567","50","52048331"
"chr8","55114770","55115071","KN296079v1","686222","686522","38","54428548"
"chr8","55149407","55149704","KN294373v1","470306","470609","52","54679101"
"chr8","55173229","55173486","KN296580v1","1072261","1072523","49","54100968"
"chr8","55275202","55275495","KN296496v1","988332","988629","34","54286870"
"chr8","55411895","55412220","KN296303v1","514845","515157","52","54897050"
"chr8","55412376","55412677","KN296732v1","3482334","3482632","35","51930042"
"chr8","55429088","55429391","KN296306v1","3686137","3686439","47","51742951"
"chr8","55567105","55567417","KN296484v1","351750","352061","49","55215355"
"chr8","55593053","55593351","KN295708v1","2784035","2784327","37","52809018"
"chr8","55672084","55672411","KN294991v1","1692556","1692877","45","53979528"
"chr8","55681028","55681297","KN294728v1","684677","684939","44","54996351"
"chr8","55687513","55687816","KN296311v1","768493","768797","45","54919020"
"chr8","55828468","55828763","KN296732v1","3482334","3482632","44","52346134"
"chr8","55880919","55881195","KN295987v1","1241626","1241902","39","54639293"
"chr8","55908903","55909181","KN295984v1","391023","391296","40","55517880"
"chr8","55983229","55983510","KN295236v1","4090758","4091040","38","51892471"
"chr8","56184945","56185252","KN295526v1","764551","764853","47","55420394"
"chr8","56232383","56232672","KN296349v1","48155","48443","34","56184228"
"chr8","56267046","56267330","KN295596v1","2579007","2579293","42","53688039"
"chr8","56300916","56301221","KN296176v1","650821","651102","61","55650095"
"chr8","56324505","56324807","KN296096v1","3922064","3922372","33","52402441"
"chr8","56330637","56330932","KN295102v1","315516","315811","38","56015121"
"chr8","56394906","56395211","KN296643v1","852402","852709","37","55542504"
"chr8","56411806","56412102","KN296682v1","1930392","1930690","33","54481414"
"chr8","56431434","56431734","KN296883v1","878376","878679","44","55553058"
"chr8","56454889","56455179","KN294181v1","186822","187113","37","56268067"
"chr8","56488041","56488328","KN296865v1","1608885","1609185","42","54879156"
"chr8","56489874","56490171","KN295154v1","333615","333911","40","56156259"
"chr8","56600703","56600999","KN294964v1","932603","932898","36","55668100"
"chr8","56629481","56629770","KN296508v1","1887999","1888284","33","54741482"
"chr8","56629777","56630060","KN296743v1","202352","202637","33","56427425"
"chr8","56644606","56644900","KN296153v1","3041230","3041525","34","53603376"
"chr8","56690154","56690442","KN296314v1","715461","715754","48","55974693"
"chr8","56763295","56763557","KN296394v1","18702","18964","47","56744593"
"chr8","56822006","56822292","KN295744v1","301745","302032","35","56520261"
"chr8","56927312","56927587","KN294287v1","844434","844710","40","56082878"
"chr8","56953916","56954213","KN294325v1","869926","870221","40","56083990"
"chr8","57013293","57013586","KN294193v1","425211","425504","37","56588082"
"chr8","57101622","57101929","KN294957v1","62097","62408","43","57039525"
"chr8","57112260","57112562","KN297008v1","2646914","2647222","42","54465346"
"chr8","57416423","57416711","KN294647v1","185532","185822","41","57230891"
"chr8","57427505","57427758","KN295717v1","1445363","1445625","42","55982142"
"chr8","57437084","57437389","KN294710v1","68748","69053","35","57368336"
"chr8","57518801","57519106","KN294978v1","373437","373746","27","57145364"
"chr8","57622148","57622452","KN295091v1","2692987","2693285","38","54929161"
"chr8","57847583","57847781","KN296153v1","130363","130562","33","57717220"
"chr8","58009946","58010158","KN295977v1","1276894","1277103","50","56733052"
"chr8","58021184","58021489","KN296484v1","351750","352061","42","57669434"
"chr8","58048329","58048623","KN295350v1","93538","93840","39","57954791"
"chr8","58058210","58058540","KN296311v1","3194235","3194543","55","54863975"
"chr8","58058658","58058965","KN294592v1","1321409","1321720","37","56737249"
"chr8","58097920","58098228","KN295607v1","4099051","4099359","41","53998869"
"chr8","58137003","58137297","KN294527v1","104560","104866","47","58032443"
"chr8","58137983","58138282","KN294978v1","984187","984495","32","57153796"
"chr8","58156516","58156810","KN294978v1","1002089","1002376","26","57154427"
"chr8","58211544","58211873","KN295601v1","1384082","1384410","44","56827462"
"chr8","58232024","58232333","KN294978v1","1090375","1090685","26","57141649"
"chr8","58249540","58249762","KN296035v1","425956","426197","54","57823584"
"chr8","58264802","58265074","KN295722v1","1706526","1706805","43","56558276"
"chr8","58274853","58275159","KN296833v1","30824","31126","34","58244029"
"chr8","58318481","58318782","KN295607v1","4377455","4377758","35","53941026"
"chr8","58352769","58353076","KN294978v1","1215158","1215468","37","57137611"
"chr8","58365613","58365922","KN294978v1","1227828","1228132","31","57137785"
"chr8","58365937","58366257","KN294434v1","711034","711345","49","57654903"
"chr8","58446182","58446477","KN294978v1","1311422","1311710","34","57134760"
"chr8","58449062","58449359","KN295236v1","6034181","6034484","36","52414881"
"chr8","58478597","58478891","KN295692v1","2914539","2914827","39","55564058"
"chr8","58485116","58485434","KN294978v1","1350419","1350725","37","57134697"
"chr8","58607495","58607786","KN296308v1","1003598","1003892","36","57603897"
"chr8","58611285","58611589","KN294978v1","1471267","1471573","28","57140018"
"chr8","58618619","58618923","KN294978v1","1478877","1479187","33","57139742"
"chr8","58626271","58626570","KN296145v1","3385863","3386166","42","55240408"
"chr8","58648013","58648324","KN296153v1","2365186","2365493","36","56282827"
"chr8","58700909","58701205","KN294978v1","1555651","1555952","35","57145258"
"chr8","58728815","58729115","KN294978v1","1582889","1583186","32","57145926"
"chr8","58797739","58798003","KN294978v1","1650438","1650715","37","57147301"
"chr8","58802860","58803156","KN294917v1","401690","401984","34","58401170"
"chr8","58842438","58842748","KN294978v1","1696981","1697283","27","57145457"
"chr8","58877841","58878060","KN296225v1","685783","685976","51","58192058"
"chr8","58888942","58889230","KN294978v1","1741657","1741925","39","57147285"
"chr8","58899236","58899545","KN294978v1","1751676","1751993","32","57147560"
"chr8","58930840","58931127","KN296484v1","733487","733776","40","58197353"
"chr8","58968034","58968320","KN294917v1","405138","405434","45","58562896"
"chr8","58984577","58984868","KN294978v1","1826270","1826561","31","57158307"
"chr8","59114189","59114487","KN296036v1","769191","769486","40","58344998"
"chr8","59126026","59126336","KN295893v1","2430995","2431307","37","56695031"
"chr8","59163436","59163729","KN296486v1","1266538","1266834","36","57896898"
"chr8","59178309","59178519","KN294978v1","2020572","2020783","19","57157737"
"chr8","59207037","59207353","KN294978v1","2052563","2052880","51","57154474"
"chr8","59233972","59234272","KN296921v1","799636","799936","39","58434336"
"chr8","59282230","59282514","KN294978v1","2118939","2119223","21","57163291"
"chr8","59308295","59308584","KN294456v1","1143112","1143404","35","58165183"
"chr8","59429942","59430211","KN297105v1","2888851","2889119","39","56541091"
"chr8","59488876","59489187","KN294978v1","2337468","2337775","35","57151408"
"chr8","59564358","59564660","KN294978v1","2414362","2414672","37","57149996"
"chr8","59564854","59565153","KN295045v1","1100424","1100715","43","58464430"
"chr8","59575322","59575634","KN296484v1","351750","352061","36","59223572"
"chr8","59650902","59651209","KN294558v1","533117","533418","54","59117785"
"chr8","59665460","59665746","KN295003v1","167988","168273","30","59497472"
"chr8","59694731","59695026","KN294978v1","2542458","2542747","45","57152273"
"chr8","59703818","59704137","KN296460v1","119303","119632","41","59584515"
"chr8","59747430","59747719","KN296726v1","606731","607020","32","59140699"
"chr8","59907757","59908049","KN294978v1","2700187","2700467","29","57207570"
"chr8","60214061","60214351","KN296702v1","1007161","1007454","40","59206900"
"chr8","60227769","60228091","KN297023v1","688990","689298","69","59538779"
"chr8","60368532","60368830","KN294292v1","12015","12314","36","60356517"
"chr8","60431920","60432229","KN295241v1","325917","326226","42","60106003"
"chr8","60695909","60696203","KN296157v1","965043","965337","45","59730866"
"chr8","60840174","60840443","KN296311v1","3480347","3480617","41","57359827"
"chr8","60926457","60926748","KN294978v1","3723956","3724247","22","57202501"
"chr8","60930292","60930580","KN294978v1","3727515","3727796","32","57202777"
"chr8","60951138","60951441","KN294470v1","1887626","1887921","47","59063512"
"chr8","60963367","60963681","KN294978v1","3761518","3761825","31","57201849"
"chr8","60964360","60964672","KN294978v1","3762482","3762803","38","57201878"
"chr8","60966688","60966979","KN294978v1","3764540","3764839","32","57202148"
"chr8","60999543","60999850","KN294446v1","240983","241287","40","60758560"
"chr8","61039195","61039493","KN297133v1","666077","666368","44","60373118"
"chr8","61056024","61056324","KN294978v1","3851573","3851883","34","57204451"
"chr8","61057112","61057417","KN295607v1","4377455","4377758","33","56679657"
"chr8","61072029","61072329","KN294705v1","1372919","1373215","46","59699110"
"chr8","61077196","61077394","KN296201v1","2838026","2838226","42","58239170"
"chr8","61100811","61101110","KN294456v1","1098138","1098439","34","60002673"
"chr8","61121045","61121320","KN294240v1","16351","16621","37","61104694"
"chr8","61140158","61140454","KN294978v1","3941067","3941363","28","57199091"
"chr8","61145695","61146008","KN296825v1","2159390","2159700","39","58986305"
"chr8","61149237","61149544","KN294446v1","240983","241287","38","60908254"
"chr8","61154237","61154503","KN294172v1","1540690","1540957","38","59613547"
"chr8","61185185","61185507","KN296609v1","478253","478589","60","60706932"
"chr8","61289479","61289772","KN294172v1","5481536","5481820","45","55807943"
"chr8","61475073","61475384","KN294978v1","4283494","4283795","34","57191579"
"chr8","61706377","61706655","KN294978v1","4521766","4522031","41","57184611"
"chr8","61759863","61760163","KN294419v1","252196","252492","39","61507667"
"chr8","61824189","61824464","KN294984v1","47268","47548","37","61776921"
"chr8","61837237","61837542","KN296732v1","3243055","3243359","35","58594182"
"chr8","61905500","61905820","KN294790v1","5868297","5868622","40","56037203"
"chr8","61945912","61946195","KN294193v1","400597","400883","33","61545315"
"chr8","61952925","61953240","KN296263v1","53396","53706","48","61899529"
"chr8","62026952","62027263","KN294446v1","240983","241287","46","61785969"
"chr8","62227073","62227386","KN294561v1","1084406","1084703","55","61142667"
"chr8","62325939","62326248","KN295326v1","192748","193053","36","62133191"
"chr8","62354701","62355012","KN294848v1","408874","409181","46","61945827"
"chr8","62408646","62408943","KN296311v1","1117474","1117774","41","61291172"
"chr8","62531421","62531723","KN296250v1","217179","217477","36","62314242"
"chr8","62570457","62570681","KN294874v1","126189","126410","32","62444268"
"chr8","62649964","62650239","KN295343v1","770844","771117","41","61879120"
"chr8","62769507","62769804","KN294470v1","2136945","2137241","36","60632562"
"chr8","62871666","62871965","KN294470v1","2136945","2137241","37","60734721"
"chr8","62873635","62873945","KN295984v1","587286","587590","47","62286349"
"chr8","62929874","62930090","KN294995v1","38985","39200","42","62890889"
"chr8","63040458","63040756","KN296620v1","349918","350214","31","62690540"
"chr8","63040757","63041070","KN296825v1","94589","94892","34","62946168"
"chr8","63157164","63157470","KN296825v1","211019","211314","35","62946145"
"chr8","63206094","63206362","KN294739v1","903971","904241","42","62302123"
"chr8","63260707","63261036","KN296825v1","316034","316357","34","62944673"
"chr8","63273646","63273943","KN296825v1","329073","329363","33","62944573"
"chr8","63280000","63280306","KN294662v1","146480","146789","34","63133520"
"chr8","63337557","63337862","KN296825v1","392093","392399","30","62945464"
"chr8","63350851","63351156","KN296825v1","406412","406714","29","62944439"
"chr8","63354166","63354461","KN296825v1","409660","409952","34","62944506"
"chr8","63354801","63355104","KN294456v1","1098138","1098439","34","62256663"
"chr8","63366800","63367088","KN297190v1","4200135","4200423","41","59166665"
"chr8","63370079","63370348","KN296096v1","1429416","1429683","43","61940663"
"chr8","63406170","63406477","KN294790v1","163386","163690","49","63242784"
"chr8","63422753","63423027","KN296086v1","519864","520141","41","62902889"
"chr8","63430661","63430938","KN296825v1","482599","482866","35","62948062"
"chr8","63443097","63443388","KN296825v1","490067","490361","27","62953030"
"chr8","63443691","63443984","KN294456v1","1098138","1098439","37","62345553"
"chr8","63446783","63447097","KN295601v1","1129939","1130251","44","62316844"
"chr8","63452447","63452748","KN294224v1","953970","954275","39","62498477"
"chr8","63453458","63453762","KN296138v1","435197","435501","35","63018261"
"chr8","63454177","63454454","KN295319v1","278051","278328","35","63176126"
"chr8","63458095","63458405","KN297008v1","2646914","2647222","44","60811181"
"chr8","63458544","63458660","KN295832v1","259352","259469","13","63199192"
"chr8","63459272","63459458","KN296825v1","509299","509491","25","62949973"
"chr8","63463100","63463412","KN297133v1","61948","62256","43","63401152"
"chr8","63465651","63465982","KN295433v1","4537","4862","57","63461114"
"chr8","63473035","63473334","KN296825v1","522471","522769","30","62950564"
"chr8","63480029","63480324","KN295294v1","3271097","3271393","37","60208932"
"chr8","63490490","63490792","KN296825v1","539800","540101","25","62950690"
"chr8","63498492","63498795","KN296825v1","547587","547888","20","62950905"
"chr8","63508336","63508649","KN296825v1","559429","559723","38","62948907"
"chr8","63508688","63508984","KN296825v1","559762","560062","40","62948926"
"chr8","63510312","63510612","KN296322v1","2709076","2709373","37","60801236"
"chr8","63510995","63511296","KN296825v1","561708","562013","23","62949287"
"chr8","63513793","63513947","KN295441v1","1720743","1720900","29","61793050"
"chr8","63517484","63517790","KN295236v1","5392257","5392557","48","58125227"
"chr8","63519123","63519418","KN296825v1","570267","570564","22","62948856"
"chr8","63524442","63524705","KN296825v1","575489","575754","16","62948953"
"chr8","63525574","63525872","KN296825v1","576665","576960","22","62948909"
"chr8","63539455","63539578","KN296263v1","259360","259482","26","63280095"
"chr8","63540416","63540602","KN296096v1","1209379","1209552","48","62331037"
"chr8","63554156","63554453","KN296825v1","607531","607832","30","62946625"
"chr8","63556600","63556878","KN295533v1","1228289","1228566","39","62328311"
"chr8","63560224","63560511","KN296825v1","613624","613919","23","62946600"
"chr8","63585736","63586012","KN297190v1","1120539","1120821","38","62465197"
"chr8","63591386","63591682","KN294407v1","3027269","3027567","33","60564117"
"chr8","63594395","63594702","KN294446v1","508370","508676","31","63086025"
"chr8","63597025","63597339","KN294421v1","274187","274491","40","63322838"
"chr8","63639934","63640204","KN296825v1","694173","694444","23","62945761"
"chr8","63683106","63683410","KN296825v1","735764","736064","26","62947342"
"chr8","63748943","63749232","KN296825v1","794118","794410","27","62954825"
"chr8","63749558","63749783","KN296386v1","459648","459872","37","63289910"
"chr8","63787601","63787908","KN296825v1","842850","843159","28","62944751"
"chr8","63798153","63798448","KN296825v1","853647","853941","20","62944506"
"chr8","63859117","63859410","KN296138v1","98488","98788","41","63760629"
"chr8","63872292","63872579","KN295637v1","803620","803915","42","63068672"
"chr8","63956901","63957219","KN296825v1","1012135","1012463","42","62944766"
"chr8","63978118","63978429","KN296825v1","1034478","1034789","36","62943640"
"chr8","63980025","63980315","KN294501v1","4140225","4140518","35","59839800"
"chr8","64076158","64076451","KN296825v1","1127788","1128082","27","62948370"
"chr8","64109796","64110100","KN296743v1","348267","348572","39","63761529"
"chr8","64192801","64193094","KN296825v1","1252148","1252449","27","62940653"
"chr8","64259307","64259608","KN296825v1","1310349","1310652","26","62948958"
"chr8","64266924","64267234","KN296825v1","1317712","1318009","31","62949212"
"chr8","64280159","64280451","KN295090v1","1795125","1795417","34","62485034"
"chr8","64301684","64301971","KN297112v1","5628371","5628661","42","58673313"
"chr8","64337188","64337506","KN296825v1","1392308","1392620","32","62944880"
"chr8","64339861","64340162","KN296825v1","1393809","1394123","32","62946052"
"chr8","64341662","64341959","KN294456v1","387509","387807","44","63954153"
"chr8","64353589","64353888","KN296825v1","1407958","1408262","33","62945631"
"chr8","64359720","64360019","KN295198v1","274974","275272","36","64084746"
"chr8","64368839","64369154","KN296825v1","1422767","1423066","38","62946072"
"chr8","64369830","64370135","KN294217v1","718762","719064","35","63651068"
"chr8","64407644","64407948","KN296825v1","1467178","1467478","48","62940466"
"chr8","64411985","64412300","KN294172v1","5273992","5274291","48","59137993"
"chr8","64419281","64419576","KN296825v1","1476047","1476348","24","62943234"
"chr8","64420762","64421033","KN296825v1","1477546","1477806","29","62943216"
"chr8","64445397","64445683","KN296825v1","1502257","1502538","31","62943140"
"chr8","64446649","64446958","KN296825v1","1503531","1503834","36","62943118"
"chr8","64467568","64467763","KN294378v1","1482294","1482491","34","62985274"
"chr8","64478917","64479160","KN296825v1","1539438","1539710","50","62939479"
"chr8","64514214","64514511","KN296825v1","1575304","1575590","38","62938910"
"chr8","64517194","64517500","KN294378v1","1504358","1504668","43","63012836"
"chr8","64545109","64545361","KN295835v1","199186","199432","43","64345923"
"chr8","64558299","64558598","KN296825v1","1619344","1619644","19","62938955"
"chr8","64564583","64564884","KN295637v1","335749","336059","43","64228834"
"chr8","64570965","64571268","KN296825v1","1632432","1632720","41","62938533"
"chr8","64581772","64582066","KN297320v1","271981","272275","42","64309791"
"chr8","64599195","64599487","KN294470v1","2136945","2137241","36","62462250"
"chr8","64599639","64599936","KN296547v1","396597","396892","34","64203042"
"chr8","64601622","64601901","KN297180v1","1907134","1907416","45","62694488"
"chr8","64666798","64667097","KN296825v1","1720737","1721032","26","62946061"
"chr8","64670865","64671164","KN296825v1","1724725","1725029","33","62946140"
"chr8","64674087","64674375","KN296825v1","1727931","1728222","34","62946156"
"chr8","64708874","64709174","KN296825v1","1762762","1763062","27","62946112"
"chr8","64710771","64711062","KN295729v1","826689","826980","27","63884082"
"chr8","64719813","64720103","KN294842v1","1650987","1651281","33","63068826"
"chr8","64724365","64724660","KN294561v1","1084406","1084703","35","63639959"
"chr8","64732299","64732617","KN294630v1","549363","549684","51","64182936"
"chr8","64756668","64756972","KN296825v1","1810979","1811275","38","62945689"
"chr8","64770860","64771140","KN296825v1","1822780","1823046","45","62948080"
"chr8","64775517","64775816","KN294809v1","1033430","1033730","33","63742087"
"chr8","64776725","64777031","KN296825v1","1826950","1827260","28","62949775"
"chr8","64778221","64778507","KN296883v1","2103204","2103492","42","62675017"
"chr8","64783172","64783483","KN296825v1","1833602","1833914","44","62949570"
"chr8","64783844","64784151","KN294192v1","519188","519502","29","64264656"
"chr8","64787299","64787601","KN295433v1","155499","155801","40","64631800"
"chr8","64791919","64792201","KN296825v1","1840414","1840713","36","62951505"
"chr8","64819110","64819400","KN296825v1","1862077","1862371","26","62957033"
"chr8","64827560","64827860","KN296825v1","1870515","1870814","26","62957045"
"chr8","64855726","64856023","KN296825v1","1900993","1901298","27","62954733"
"chr8","64894949","64895247","KN297233v1","1175420","1175710","31","63719529"
"chr8","64902298","64902583","KN296825v1","1940239","1940513","29","62962059"
"chr8","64903575","64903821","KN296825v1","1940928","1941183","33","62962647"
"chr8","64933168","64933459","KN296825v1","1971248","1971538","24","62961920"
"chr8","64934363","64934661","KN296119v1","3241709","3242010","30","61692654"
"chr8","64945481","64945646","KN294848v1","1183193","1183355","25","63762288"
"chr8","64966994","64967287","KN296825v1","2002913","2003207","25","62964081"
"chr8","64987041","64987321","KN295893v1","7483206","7483473","60","57503835"
"chr8","65012411","65012582","KN295623v1","399728","399891","27","64612683"
"chr8","65020699","65020999","KN294458v1","1049177","1049481","34","63971522"
"chr8","65044254","65044527","KN295987v1","1241626","1241902","42","63802628"
"chr8","65061895","65062187","KN296287v1","119329","119630","39","64942566"
"chr8","65070083","65070375","KN296825v1","2105867","2106160","21","62964216"
"chr8","65096248","65096450","KN296426v1","64367","64561","37","65031881"
"chr8","65111843","65112139","KN296825v1","2145845","2146145","23","62965998"
"chr8","65125681","65125980","KN296825v1","2159390","2159700","27","62966291"
"chr8","65151641","65151952","KN296154v1","2201934","2202236","51","62949707"
"chr8","65159630","65159942","KN296825v1","2194759","2195059","29","62964871"
"chr8","65171114","65171423","KN294378v1","1504358","1504668","41","63666756"
"chr8","65171846","65172151","KN296825v1","2206402","2206697","45","62965444"
"chr8","65210462","65210771","KN295929v1","457065","457374","40","64753397"
"chr8","65232202","65232485","KN294756v1","253","541","38","65231949"
"chr8","65234465","65234764","KN294848v1","1252619","1252915","36","63981846"
"chr8","65237406","65237691","KN294578v1","105400","105689","42","65132006"
"chr8","65249563","65249883","KN296825v1","2286037","2286348","33","62963526"
"chr8","65282375","65282655","KN294976v1","415425","415700","48","64866950"
"chr8","65290159","65290439","KN297133v1","1628202","1628484","35","63661957"
"chr8","65297057","65297342","KN296825v1","2328466","2328746","28","62968591"
"chr8","65310668","65310971","KN296290v1","541019","541316","36","64769649"
"chr8","65319379","65319753","KN294705v1","263025","263396","89","65056354"
"chr8","65330569","65330859","KN296825v1","2366908","2367209","35","62963661"
"chr8","65435086","65435382","KN296825v1","2463975","2464261","42","62971111"
"chr8","65436382","65436669","KN296825v1","2465256","2465539","27","62971126"
"chr8","65438877","65439180","KN296825v1","2467466","2467766","26","62971411"
"chr8","65501072","65501367","KN294470v1","2136945","2137241","33","63364127"
"chr8","65574458","65574768","KN296825v1","2609608","2609914","30","62964850"
"chr8","65657594","65657883","KN296825v1","2692003","2692304","26","62965591"
"chr8","65685664","65685955","KN296825v1","1575304","1575590","42","64110360"
"chr8","65785333","65785640","KN296825v1","2815750","2816050","30","62969583"
"chr8","65805608","65805908","KN294172v1","6113681","6113982","41","59691927"
"chr8","65817237","65817522","KN294385v1","504391","504674","37","65312846"
"chr8","65824951","65825258","KN296825v1","2854646","2854957","24","62970305"
"chr8","65854445","65854755","KN296825v1","2885316","2885628","21","62969129"
"chr8","65857345","65857654","KN295441v1","1216617","1216921","43","64640728"
"chr8","65977873","65978157","KN295361v1","54507","54794","32","65923366"
"chr8","66160003","66160307","KN294790v1","163386","163690","41","65996617"
"chr8","66258828","66259117","KN295523v1","2952598","2952892","49","63306230"
"chr8","66268366","66268636","KN295977v1","580100","580369","41","65688266"
"chr8","66308677","66308969","KN294991v1","293673","293971","41","66015004"
"chr8","66360888","66361173","KN295059v1","242847","243129","34","66118041"
"chr8","66371063","66371359","KN295607v1","466299","466596","32","65904764"
"chr8","66427587","66427891","KN295430v1","1217885","1218183","44","65209702"
"chr8","66495376","66495647","KN294370v1","12490","12765","46","66482886"
"chr8","66597578","66597855","KN295984v1","391023","391296","41","66206555"
"chr8","66619622","66619943","KN296486v1","26851","27160","56","66592771"
"chr8","66798483","66798783","KN294470v1","2136945","2137241","36","64661538"
"chr8","66808566","66808772","KN295854v1","1669858","1670063","33","65138708"
"chr8","66863368","66863695","KN294790v1","163386","163690","59","66699982"
"chr8","66880727","66881020","KN295490v1","210376","210669","34","66670351"
"chr8","67051347","67051643","KN296063v1","930275","930576","55","66121072"
"chr8","67149814","67150103","KN296635v1","37942","38232","33","67111872"
"chr8","67223782","67224091","KN297312v1","103066","103371","36","67120716"
"chr8","67273968","67274258","KN297312v1","153482","153771","23","67120486"
"chr8","67356901","67357208","KN296731v1","1167793","1168104","36","66189108"
"chr8","67362414","67362724","KN294378v1","1504358","1504668","37","65858056"
"chr8","67430145","67430440","KN296557v1","13515","13811","37","67416630"
"chr8","67461972","67462259","KN297312v1","342271","342558","23","67119701"
"chr8","67509388","67509555","KN294713v1","386007","386172","27","67123381"
"chr8","67513959","67514268","KN294407v1","912040","912349","36","66601919"
"chr8","67537678","67537979","KN295027v1","719477","719776","48","66818201"
"chr8","67558162","67558469","KN297312v1","434269","434572","23","67123893"
"chr8","67612740","67613050","KN297312v1","489110","489411","45","67123630"
"chr8","67614941","67615252","KN296484v1","351750","352061","41","67263191"
"chr8","67617136","67617432","KN297312v1","493708","494005","28","67123428"
"chr8","67619554","67619836","KN294976v1","415425","415700","46","67204129"
"chr8","67631014","67631317","KN296959v1","1610341","1610649","28","66020673"
"chr8","67652953","67653254","KN297023v1","480259","480560","30","67172694"
"chr8","67657866","67658164","KN297245v1","1416081","1416379","25","66241785"
"chr8","67690653","67690957","KN297312v1","558896","559203","27","67131757"
"chr8","67692814","67693123","KN297312v1","560746","561057","36","67132068"
"chr8","67724603","67724896","KN297312v1","580274","580567","25","67144329"
"chr8","67740142","67740460","KN295907v1","257976","258287","45","67482166"
"chr8","67742001","67742268","KN297312v1","597550","597819","20","67144451"
"chr8","67774117","67774423","KN296062v1","1257821","1258128","36","66516296"
"chr8","67774428","67774724","KN295523v1","1314489","1314785","43","66459939"
"chr8","67792739","67792935","KN295526v1","202836","203020","39","67589903"
"chr8","67801362","67801652","KN297028v1","505218","505510","35","67296144"
"chr8","67803046","67803346","KN295308v1","2157705","2158010","44","65645341"
"chr8","67808825","67809105","KN294147v1","1801412","1801699","53","66007413"
"chr8","67809312","67809605","KN294592v1","1036828","1037126","42","66772484"
"chr8","67812106","67812417","KN297312v1","666655","666958","37","67145451"
"chr8","67832966","67833254","KN297312v1","690902","691197","37","67142064"
"chr8","67836216","67836528","KN294548v1","1161001","1161308","46","66675215"
"chr8","67836779","67836996","KN296225v1","685783","685976","48","67150996"
"chr8","67839551","67839873","KN296096v1","2698005","2698314","55","65141546"
"chr8","67858970","67859283","KN297312v1","715195","715507","32","67143775"
"chr8","67859811","67860104","KN295605v1","321136","321431","36","67538675"
"chr8","67861947","67862245","KN297312v1","717076","717375","25","67144871"
"chr8","67864334","67864629","KN297312v1","720281","720567","32","67144053"
"chr8","67873209","67873414","KN296426v1","64367","64561","32","67808842"
"chr8","67883187","67883498","KN296153v1","2365186","2365493","37","65518001"
"chr8","67887432","67887722","KN294569v1","846001","846291","30","67041431"
"chr8","67899076","67899303","KN294456v1","1564751","1564982","41","66334325"
"chr8","67906267","67906574","KN294603v1","63949","64255","38","67842318"
"chr8","67909821","67910145","KN294548v1","183783","184100","42","67726038"
"chr8","67915126","67915420","KN294407v1","3027269","3027567","29","64887857"
"chr8","67917155","67917455","KN295362v1","1043462","1043763","36","66873693"
"chr8","67925923","67926216","KN294407v1","3027269","3027567","34","64898654"
"chr8","67938065","67938358","KN294569v1","792077","792376","28","67145988"
"chr8","67941933","67942158","KN295406v1","275159","275372","54","67666774"
"chr8","67957385","67957652","KN294569v1","772275","772542","19","67185110"
"chr8","67958208","67958447","KN296153v1","1131264","1131489","40","66826944"
"chr8","68016622","68016926","KN295828v1","930975","931278","31","67085647"
"chr8","68023178","68023324","KN297008v1","1669427","1669569","24","66353751"
"chr8","68066694","68066988","KN295371v1","966183","966471","50","67100511"
"chr8","68067868","68068180","KN294569v1","658756","659066","18","67409112"
"chr8","68075261","68075569","KN294879v1","76546","76849","35","67998715"
"chr8","68083682","68083990","KN294569v1","645773","646072","35","67437909"
"chr8","68088860","68089170","KN294569v1","640635","640934","27","67448225"
"chr8","68172146","68172440","KN294569v1","556259","556553","21","67615887"
"chr8","68223399","68223698","KN294569v1","507618","507921","28","67715781"
"chr8","68227119","68227423","KN294569v1","503963","504263","34","67723156"
"chr8","68338087","68338273","KN294741v1","1596077","1596264","30","66742010"
"chr8","68346070","68346368","KN296263v1","970564","970862","47","67375506"
"chr8","68407838","68408131","KN295405v1","666934","667230","41","67740904"
"chr8","68434303","68434607","KN295102v1","311884","312184","37","68122419"
"chr8","68434611","68434917","KN296096v1","3037212","3037521","34","65397399"
"chr8","68456504","68456794","KN294569v1","273518","273812","32","68182986"
"chr8","68484076","68484362","KN294345v1","1089962","1090249","38","67394114"
"chr8","68499260","68499550","KN294964v1","392178","392468","36","68107082"
"chr8","68523798","68524076","KN294569v1","208735","209017","19","68315063"
"chr8","68524496","68524758","KN295294v1","3683898","3684161","40","64840598"
"chr8","68528510","68528805","KN296187v1","498467","498762","27","68030043"
"chr8","68556049","68556314","KN294193v1","526062","526325","44","68029987"
"chr8","68608437","68608743","KN295814v1","1261993","1262292","38","67346444"
"chr8","68626862","68627123","KN294372v1","1056997","1057262","45","67569865"
"chr8","68633935","68634221","KN294569v1","112163","112449","27","68521772"
"chr8","68683866","68684155","KN294569v1","70383","70669","23","68613483"
"chr8","68719870","68720169","KN296430v1","1105044","1105344","31","67614826"
"chr8","68799891","68800201","KN295198v1","116812","117121","44","68683079"
"chr8","68850612","68850923","KN297130v1","42331","42642","33","68808281"
"chr8","68897463","68897719","KN295832v1","671552","671799","54","68225911"
"chr8","68932900","68933189","KN294147v1","1191891","1192182","34","67741009"
"chr8","68967302","68967521","KN295977v1","1276894","1277103","46","67690408"
"chr8","69053733","69054023","KN295080v1","296937","297227","19","68756796"
"chr8","69446326","69446621","KN294269v1","754822","755126","46","68691504"
"chr8","69605218","69605514","KN295154v1","333615","333911","39","69271603"
"chr8","69917771","69918073","KN294187v1","783464","783769","36","69134307"
"chr8","70035399","70035670","KN295294v1","2893115","2893389","49","67142284"
"chr8","70082277","70082586","KN295433v1","250702","251008","44","69831575"
"chr8","70268165","70268475","KN294873v1","1282047","1282361","38","68986118"
"chr8","70363043","70363346","KN294419v1","34484","34783","56","70328559"
"chr8","70396684","70396975","KN295450v1","63211","63502","36","70333473"
"chr8","70595748","70596024","KN295564v1","963582","963862","24","69632166"
"chr8","70647261","70647560","KN295564v1","906373","906674","15","69740888"
"chr8","70763886","70764199","KN295564v1","791776","792086","29","69972110"
"chr8","70893381","70893690","KN296682v1","3127385","3127697","36","67765996"
"chr8","70928032","70928361","KN295564v1","621368","621693","35","70306664"
"chr8","70932015","70932323","KN295449v1","852942","853247","34","70079073"
"chr8","70934563","70934868","KN295564v1","614619","614929","31","70319944"
"chr8","71017177","71017314","KN295708v1","1589585","1589715","37","69427592"
"chr8","71024001","71024305","KN295564v1","524546","524848","27","70499455"
"chr8","71044034","71044325","KN296743v1","202352","202637","34","70841682"
"chr8","71102887","71103187","KN295564v1","447351","447661","41","70655536"
"chr8","71119974","71120271","KN296825v1","409660","409952","44","70710314"
"chr8","71131042","71131342","KN295480v1","1302107","1302401","43","69828935"
"chr8","71168059","71168354","KN295564v1","402039","402325","22","70766020"
"chr8","71315025","71315336","KN295814v1","87028","87339","40","71227997"
"chr8","71320190","71320489","KN295564v1","241296","241593","51","71078894"
"chr8","71320568","71320721","KN296244v1","299135","299298","26","71021433"
"chr8","71325220","71325504","KN295564v1","236265","236549","27","71088955"
"chr8","71357320","71357611","KN295564v1","205372","205661","40","71151948"
"chr8","71505940","71506244","KN296386v1","864946","865245","42","70640994"
"chr8","71512816","71513123","KN295045v1","287071","287385","52","71225745"
"chr8","71550500","71550804","KN295564v1","11536","11826","42","71538964"
"chr8","71600853","71601145","KN295996v1","45868","46160","26","71554985"
"chr8","71638294","71638603","KN295319v1","42222","42534","44","71596072"
"chr8","71683109","71683402","KN295996v1","132138","132442","31","71550971"
"chr8","71694960","71695267","KN295996v1","143924","144228","23","71551036"
"chr8","71698455","71698768","KN295996v1","147441","147754","35","71551014"
"chr8","71726057","71726347","KN296542v1","4000","4291","44","71722057"
"chr8","71740455","71740741","KN294573v1","209840","210124","35","71530615"
"chr8","71754712","71754976","KN294445v1","504220","504505","49","71250492"
"chr8","71833603","71833895","KN297403v1","208160","208454","43","71625443"
"chr8","71845864","71846169","KN295996v1","277786","278086","34","71568078"
"chr8","71852415","71852613","KN294741v1","1596077","1596264","40","70256338"
"chr8","71857216","71857527","KN295988v1","960887","961200","42","70896329"
"chr8","71883181","71883360","KN296079v1","1027617","1027786","31","70855564"
"chr8","71884419","71884730","KN295996v1","318075","318386","28","71566344"
"chr8","71885514","71885766","KN294705v1","281500","281763","44","71604014"
"chr8","71886711","71886994","KN296315v1","180047","180329","42","71706664"
"chr8","71887073","71887361","KN295996v1","321367","321654","27","71565706"
"chr8","71887484","71887655","KN296620v1","725178","725346","28","71162306"
"chr8","71894049","71894355","KN295883v1","173429","173738","35","71720620"
"chr8","71895653","71895945","KN295996v1","330054","330351","31","71565599"
"chr8","71911264","71911569","KN294456v1","1178901","1179202","46","70732363"
"chr8","71922721","71922982","KN295996v1","357003","357259","33","71565718"
"chr8","71925317","71925618","KN296153v1","1090111","1090408","38","70835206"
"chr8","71925887","71926182","KN294269v1","550588","550887","32","71375299"
"chr8","71932078","71932337","KN295996v1","365964","366226","25","71566114"
"chr8","71952939","71953104","KN296153v1","2706581","2706749","34","69246358"
"chr8","71957688","71957989","KN295996v1","394683","394979","27","71563005"
"chr8","71959044","71959351","KN295996v1","396030","396337","20","71563014"
"chr8","71969173","71969464","KN294172v1","2666506","2666800","39","69302667"
"chr8","71975933","71976227","KN295996v1","412600","412895","34","71563333"
"chr8","71977489","71977785","KN295996v1","414163","414460","28","71563326"
"chr8","71997174","71997482","KN295996v1","431887","432184","31","71565287"
"chr8","71997534","71997844","KN295996v1","432255","432558","26","71565279"
"chr8","72001467","72001763","KN295996v1","436206","436492","26","71565261"
"chr8","72022023","72022318","KN295984v1","3382689","3382984","45","68639334"
"chr8","72041525","72041819","KN295996v1","479245","479553","38","71562280"
"chr8","72045893","72046201","KN295996v1","483383","483695","24","71562510"
"chr8","72056691","72056987","KN295996v1","495798","496097","25","71560893"
"chr8","72094036","72094339","KN295996v1","532166","532478","35","71561870"
"chr8","72100759","72100959","KN297259v1","1363077","1363271","36","70737682"
"chr8","72101846","72102125","KN294251v1","1151512","1151787","37","70950334"
"chr8","72206987","72207254","KN295996v1","639252","639528","24","71567735"
"chr8","72284389","72284680","KN295996v1","712328","712619","28","71572061"
"chr8","72359517","72359813","KN297276v1","74967","75265","34","72284550"
"chr8","72543524","72543810","KN295996v1","962651","962937","25","71580873"
"chr8","72593091","72593388","KN295996v1","1003450","1003733","39","71589641"
"chr8","72639034","72639335","KN294957v1","62097","62408","42","72576937"
"chr8","72731908","72732207","KN295301v1","716124","716425","35","72015784"
"chr8","72844607","72844890","KN294503v1","22757","23037","50","72821850"
"chr8","72847123","72847435","KN294614v1","215341","215653","42","72631782"
"chr8","72904663","72905002","KN294614v1","277449","277772","52","72627214"
"chr8","72917229","72917530","KN295523v1","3353533","3353835","45","69563696"
"chr8","72923811","72924121","KN294614v1","297377","297685","34","72626434"
"chr8","72960703","72961011","KN297327v1","1011369","1011677","36","71949334"
"chr8","73008983","73009276","KN294911v1","628968","629266","38","72380015"
"chr8","73311093","73311403","KN294614v1","666113","666425","34","72644980"
"chr8","73337458","73337770","KN294614v1","691681","691991","39","72645777"
"chr8","73371003","73371314","KN295651v1","1721962","1722273","38","71649041"
"chr8","73371769","73371908","KN296948v1","1402009","1402176","47","71969760"
"chr8","73373400","73373591","KN296992v1","30661","30858","33","73342739"
"chr8","73386386","73386676","KN294614v1","745868","746170","38","72640518"
"chr8","73386703","73386980","KN295371v1","376044","376315","43","73010659"
"chr8","73409912","73410205","KN294614v1","769437","769735","37","72640475"
"chr8","73421390","73421708","KN294378v1","1504358","1504668","56","71917032"
"chr8","73473331","73473634","KN294614v1","833679","833985","48","72639652"
"chr8","73552045","73552348","KN294614v1","921018","921320","34","72631027"
"chr8","73634261","73634546","KN294571v1","1134291","1134579","39","72499970"
"chr8","73682593","73682898","KN295671v1","201221","201525","36","73481372"
"chr8","73744196","73744508","KN294614v1","1121534","1121836","37","72622662"
"chr8","73899681","73899972","KN296406v1","281155","281453","39","73618526"
"chr8","73982714","73983018","KN296391v1","93865","94170","56","73888849"
"chr8","74189743","74190034","KN297112v1","4624230","4624516","38","69565513"
"chr8","74314841","74315141","KN296310v1","934750","935050","39","73380091"
"chr8","74367223","74367533","KN294264v1","87223","87534","35","74280000"
"chr8","74381924","74382230","KN294638v1","18387","18694","41","74363537"
"chr8","74385384","74385690","KN294638v1","18387","18694","41","74366997"
"chr8","74446026","74446320","KN295729v1","826689","826980","34","73619337"
"chr8","74451201","74451494","KN295729v1","826689","826980","33","73624512"
"chr8","74478003","74478280","KN294638v1","101837","102101","37","74376166"
"chr8","74521379","74521699","KN294638v1","125071","125390","44","74396308"
"chr8","74734407","74734709","KN294193v1","656123","656428","40","74078284"
"chr8","74752342","74752651","KN296495v1","550769","551079","33","74201573"
"chr8","74822451","74822752","KN294571v1","890748","891049","32","73931703"
"chr8","74895649","74895905","KN295936v1","190669","190924","39","74704980"
"chr8","74916724","74917014","KN295729v1","826689","826980","48","74090035"
"chr8","74929086","74929377","KN295977v1","85955","86248","35","74843131"
"chr8","74930927","74931218","KN295977v1","85955","86248","35","74844972"
"chr8","75041805","75042110","KN296062v1","1257821","1258128","30","73783984"
"chr8","75082402","75082705","KN296229v1","1909277","1909569","44","73173125"
"chr8","75165539","75165832","KN295744v1","509830","510116","47","74655709"
"chr8","75213935","75214240","KN296229v1","1781687","1781992","28","73432248"
"chr8","75239267","75239497","KN297186v1","50383","50628","48","75188884"
"chr8","75277584","75277879","KN294456v1","1098138","1098439","50","74179446"
"chr8","75292763","75293069","KN294978v1","1476399","1476706","39","73816364"
"chr8","75310051","75310330","KN296229v1","1680584","1680870","30","73629467"
"chr8","75364651","75364907","KN294239v1","1589177","1589439","34","73775474"
"chr8","75370007","75370296","KN296229v1","1620787","1621071","27","73749220"
"chr8","75379654","75379965","KN295337v1","102644","102955","53","75277010"
"chr8","75613582","75613876","KN294470v1","2033373","2033668","43","73580209"
"chr8","75788610","75788768","KN295930v1","759567","759739","37","75029043"
"chr8","76034248","76034544","KN297259v1","998866","999166","42","75035382"
"chr8","76076054","76076348","KN294407v1","1465772","1466071","43","74610282"
"chr8","76101212","76101415","KN296426v1","64367","64561","30","76036845"
"chr8","76150814","76151025","KN296229v1","831486","831697","24","75319328"
"chr8","76171851","76172162","KN295936v1","1476200","1476510","36","74695651"
"chr8","76300788","76301085","KN296229v1","668737","669028","34","75632051"
"chr8","76325432","76325724","KN295573v1","502898","503186","41","75822534"
"chr8","76381773","76382067","KN294747v1","841910","842203","35","75539863"
"chr8","76498566","76498848","KN294526v1","334958","335253","44","76163608"
"chr8","76656334","76656597","KN296495v1","2905220","2905481","34","73751114"
"chr8","76843862","76844172","KN295424v1","314353","314666","43","76529509"
"chr8","76998429","76998739","KN295177v1","214623","214931","30","76783806"
"chr8","77013464","77013774","KN295177v1","200730","201039","34","76812734"
"chr8","77111771","77112078","KN294879v1","76546","76849","35","77035225"
"chr8","77116994","77117295","KN294181v1","1424178","1424469","38","75692816"
"chr8","77127459","77127744","KN295177v1","98762","99047","36","77028697"
"chr8","77135630","77135960","KN296643v1","482849","483159","50","76652781"
"chr8","77180905","77181204","KN295177v1","39696","40004","32","77141209"
"chr8","77424667","77424994","KN296460v1","119303","119632","43","77305364"
"chr8","77623115","77623399","KN295717v1","333192","333475","42","77289923"
"chr8","77626088","77626397","KN297184v1","671058","671369","45","76955030"
"chr8","77695673","77695974","KN297008v1","4491141","4491442","32","73204532"
"chr8","77699260","77699573","KN295929v1","457065","457374","44","77242195"
"chr8","77734831","77734997","KN295075v1","296878","297040","27","77437953"
"chr8","77748643","77748944","KN296508v1","297583","297883","39","77451060"
"chr8","77775806","77776097","KN294372v1","2122355","2122648","45","75653451"
"chr8","77810831","77811054","KN295835v1","199186","199432","58","77611645"
"chr8","77839235","77839525","KN297141v1","288219","288523","48","77551016"
"chr8","77860553","77860851","KN296485v1","541954","542254","38","77318599"
"chr8","77866828","77867138","KN294685v1","932115","932411","60","76934713"
"chr8","77888431","77888728","KN295607v1","4406348","4406645","32","73482083"
"chr8","77906712","77906940","KN295405v1","757351","757593","53","77149361"
"chr8","77912400","77912685","KN295729v1","826689","826980","42","77085711"
"chr8","77926828","77927113","KN295596v1","141388","141684","44","77785440"
"chr8","77967900","77968184","KN294257v1","2744602","2744887","42","75223298"
"chr8","77970684","77970864","KN296486v1","718646","718817","28","77252038"
"chr8","77992450","77992761","KN294644v1","168562","168865","46","77823888"
"chr8","78037171","78037453","KN296883v1","3721594","3721879","50","74315577"
"chr8","78041598","78041904","KN295301v1","716124","716425","39","77325474"
"chr8","78049506","78049811","KN295441v1","591625","591929","49","77457881"
"chr8","78122996","78123277","KN296138v1","452937","453216","41","77670059"
"chr8","78164995","78165200","KN296263v1","107832","108045","30","78057163"
"chr8","78239629","78239929","KN295323v1","46171","46472","38","78193458"
"chr8","78244029","78244333","KN295045v1","1116382","1116686","33","77127647"
"chr8","78257577","78257875","KN294378v1","696718","697020","38","77560859"
"chr8","78272825","78273126","KN295910v1","140053","140343","47","78132772"
"chr8","78282116","78282426","KN295977v1","1323243","1323554","45","76958873"
"chr8","78285265","78285570","KN294172v1","2480693","2480995","37","75804572"
"chr8","78286279","78286574","KN295835v1","84846","85139","45","78201433"
"chr8","78298521","78298814","KN295366v1","124181","124471","38","78174340"
"chr8","78305866","78306176","KN296682v1","2875657","2875966","39","75430209"
"chr8","78307710","78308010","KN294187v1","1671365","1671666","42","76636345"
"chr8","78312333","78312658","KN295735v1","713634","713968","40","77598699"
"chr8","78323332","78323582","KN295459v1","785698","785947","36","77537634"
"chr8","78326274","78326354","KN296557v1","250189","250273","24","78076085"
"chr8","78327166","78327343","KN296062v1","1571015","1571193","27","76756151"
"chr8","78327490","78327791","KN294434v1","417718","418021","33","77909772"
"chr8","78348361","78348437","KN295705v1","624174","624261","31","77724187"
"chr8","78348585","78348833","KN297186v1","50383","50628","44","78298202"
"chr8","78366320","78366590","KN296290v1","1309363","1309638","37","77056957"
"chr8","78366738","78367035","KN297276v1","143691","143993","41","78223047"
"chr8","78368043","78368355","KN294181v1","1370167","1370478","46","76997876"
"chr8","78385115","78385427","KN295832v1","217196","217478","65","78167919"
"chr8","78399130","78399432","KN295814v1","1261993","1262292","38","77137137"
"chr8","78399906","78400186","KN297114v1","57040","57317","37","78342866"
"chr8","78417759","78418057","KN294470v1","992685","992984","37","77425074"
"chr8","78419602","78419905","KN295368v1","2528636","2528940","38","75890966"
"chr8","78420500","78420777","KN296040v1","275719","276000","33","78144781"
"chr8","78432006","78432271","KN294650v1","27651","27917","40","78404355"
"chr8","78464230","78464386","KN296698v1","132836","132992","20","78331394"
"chr8","78481817","78482126","KN294957v1","62097","62408","35","78419720"
"chr8","78487475","78487764","KN295871v1","137619","137912","42","78349856"
"chr8","78490058","78490353","KN295571v1","203398","203695","40","78286660"
"chr8","78491612","78491918","KN297159v1","381844","382147","34","78109768"
"chr8","78496928","78497221","KN295032v1","243252","243547","33","78253676"
"chr8","78519744","78519896","KN294187v1","1105095","1105248","23","77414649"
"chr8","78545130","78545323","KN296495v1","510488","510677","32","78034642"
"chr8","78556182","78556448","KN297327v1","575949","576201","45","77980233"
"chr8","78601902","78602216","KN296157v1","885718","886029","35","77716184"
"chr8","78604005","78604293","KN296698v1","1546","1832","37","78602459"
"chr8","78604553","78604858","KN294407v1","3027269","3027567","43","75577284"
"chr8","78612654","78612886","KN295967v1","625826","626071","46","77986828"
"chr8","78616782","78617072","KN296036v1","1526867","1527157","35","77089915"
"chr8","78640160","78640379","KN294848v1","1405225","1405440","37","77234935"
"chr8","78664145","78664431","KN294539v1","1287945","1288241","37","77376200"
"chr8","78665077","78665351","KN297038v1","252214","252490","42","78412863"
"chr8","78689750","78690049","KN297095v1","584794","585091","43","78104956"
"chr8","78819280","78819573","KN296311v1","854862","855163","41","77964418"
"chr8","78841670","78841981","KN295241v1","325917","326226","44","78515753"
"chr8","78945673","78945976","KN294539v1","1287945","1288241","36","77657728"
"chr8","79072363","79072692","KN296119v1","4498335","4498651","45","74574028"
"chr8","79078619","79078908","KN294172v1","6311128","6311420","36","72767491"
"chr8","79210517","79210815","KN296649v1","502099","502397","35","78708418"
"chr8","79223889","79224045","KN295284v1","109927","110084","33","79113962"
"chr8","79224168","79224304","KN294444v1","72417","72567","25","79151751"
"chr8","79285894","79286198","KN296430v1","1105044","1105344","39","78180850"
"chr8","79309119","79309429","KN294933v1","634680","634985","43","78674439"
"chr8","79385303","79385613","KN296750v1","571903","572208","35","78813400"
"chr8","79388486","79388796","KN296762v1","309784","310094","38","79078702"
"chr8","79410159","79410454","KN295102v1","233594","233891","43","79176565"
"chr8","79569363","79569672","KN295171v1","290518","290830","47","79278845"
"chr8","79602153","79602439","KN295666v1","271667","271957","49","79330486"
"chr8","79707948","79708252","KN294421v1","1629521","1629823","38","78078427"
"chr8","79716567","79716866","KN297320v1","1113980","1114278","38","78602587"
"chr8","79751356","79751652","KN295571v1","203398","203695","39","79547958"
"chr8","79763555","79763823","KN295869v1","969223","969467","54","78794332"
"chr8","79772830","79773101","KN296453v1","1512197","1512470","32","78260633"
"chr8","79801824","79802101","KN296806v1","64610","64882","41","79737214"
"chr8","79805152","79805451","KN295439v1","83349","83650","32","79721803"
"chr8","79835495","79835786","KN295995v1","468203","468493","42","79367292"
"chr8","79855802","79856110","KN294199v1","636506","636815","45","79219296"
"chr8","79909838","79910134","KN295236v1","4141001","4141296","41","75768837"
"chr8","79956574","79956877","KN296495v1","846641","846944","36","79109933"
"chr8","79999620","79999907","KN294244v1","56461","56743","33","79943159"
"chr8","80030018","80030345","KN296547v1","627587","627905","47","79402431"
"chr8","80070449","80070621","KN295708v1","1389058","1389229","31","78681391"
"chr8","80070746","80070831","KN294181v1","1483913","1484007","21","78586833"
"chr8","80107191","80107497","KN297105v1","3846416","3846725","34","76260775"
"chr8","80127964","80128263","KN294539v1","1287945","1288241","55","78840019"
"chr8","80198415","80198705","KN295729v1","826689","826980","36","79371726"
"chr8","80427460","80427661","KN295983v1","489748","489951","31","79937712"
"chr8","80431551","80431854","KN294739v1","351827","352130","38","80079724"
"chr8","80511962","80512278","KN296484v1","351750","352061","57","80160212"
"chr8","80628456","80628757","KN295607v1","4377455","4377758","41","76251001"
"chr8","80935865","80936150","KN295371v1","448057","448341","33","80487808"
"chr8","81000001","81000242","KN297186v1","50383","50628","53","80949618"
"chr8","81019550","81019844","KN294234v1","2380017","2380308","40","78639533"
"chr8","81059381","81059658","KN296378v1","639397","639683","53","80419984"
"chr8","81101283","81101587","KN296732v1","2210853","2211154","30","78890430"
"chr8","81128633","81128966","KN295548v1","488261","488590","48","80640372"
"chr8","81162353","81162643","KN294571v1","1318150","1318439","41","79844203"
"chr8","81172344","81172635","KN296964v1","1406732","1407024","39","79765612"
"chr8","81180621","81180908","KN297112v1","2725693","2725979","41","78454928"
"chr8","81231234","81231561","KN294561v1","827264","827583","62","80403970"
"chr8","81298737","81299019","KN295059v1","242847","243129","42","81055890"
"chr8","81427772","81428087","KN296042v1","87295","87605","31","81340477"
"chr8","81430388","81430703","KN296042v1","87295","87605","31","81343093"
"chr8","81441346","81441642","KN296430v1","1105044","1105344","39","80336302"
"chr8","81552310","81552559","KN296119v1","5012034","5012300","47","76540276"
"chr8","81616619","81616824","KN295564v1","135143","135357","38","81481476"
"chr8","81735095","81735371","KN296042v1","399627","399905","28","81335468"
"chr8","81820129","81820437","KN296303v1","514845","515157","40","81305284"
"chr8","81832110","81832397","KN296042v1","503984","504266","38","81328126"
"chr8","81890743","81891062","KN294284v1","109440","109745","59","81781303"
"chr8","81937213","81937508","KN296042v1","613068","613346","45","81324145"
"chr8","82065411","82065717","KN296153v1","3649822","3650126","54","78415589"
"chr8","82070169","82070463","KN294224v1","1140521","1140815","39","80929648"
"chr8","82240385","82240717","KN294911v1","2425497","2425828","56","79814888"
"chr8","82241973","82242279","KN297452v1","434374","434681","40","81807599"
"chr8","82279561","82279867","KN296311v1","8317826","8318133","39","73961735"
"chr8","82321247","82321555","KN294345v1","1360179","1360481","39","80961068"
"chr8","82418623","82418861","KN295667v1","489644","489869","54","81928979"
"chr8","82475396","82475721","KN297323v1","853179","853494","62","81622217"
"chr8","82811717","82811995","KN295719v1","67106","67390","35","82744611"
"chr8","82817360","82817666","KN295430v1","1217885","1218183","46","81599475"
"chr8","82817869","82818181","KN296311v1","4084587","4084892","43","78733282"
"chr8","82885642","82885931","KN296062v1","2291832","2292114","47","80593810"
"chr8","82891166","82891479","KN295814v1","1059254","1059558","45","81831912"
"chr8","82970253","82970560","KN295439v1","102691","103000","36","82867562"
"chr8","83005044","83005330","KN294591v1","423646","423931","34","82581398"
"chr8","83008628","83008927","KN295091v1","2692987","2693285","41","80315641"
"chr8","83011806","83012116","KN297184v1","684945","685253","39","82326861"
"chr8","83060029","83060328","KN297141v1","1594","1881","43","83058435"
"chr8","83195306","83195607","KN295343v1","729289","729587","42","82466017"
"chr8","83205224","83205517","KN296959v1","940138","940432","37","82265086"
"chr8","83218638","83218934","KN296682v1","4552635","4552930","34","78666003"
"chr8","83293759","83294052","KN294187v1","158362","158655","42","83135397"
"chr8","83314897","83315208","KN296062v1","1050819","1051130","38","82264078"
"chr8","83317611","83317876","KN294172v1","1540690","1540957","32","81776921"
"chr8","83337279","83337326","KN294187v1","1105507","1105554","16","82231772"
"chr8","83337342","83337603","KN295717v1","1445363","1445625","32","81891979"
"chr8","83343936","83344230","KN296588v1","792094","792381","49","82551842"
"chr8","83359284","83359574","KN296484v1","733487","733776","40","82625797"
"chr8","83366328","83366632","KN296635v1","4572120","4572425","46","78794208"
"chr8","83447807","83448101","KN295480v1","1302107","1302401","35","82145700"
"chr8","83489151","83489424","KN295750v1","151091","151370","53","83338060"
"chr8","83516018","83516324","KN294539v1","1287945","1288241","48","82228073"
"chr8","83639564","83639865","KN296266v1","31062","31371","42","83608502"
"chr8","83644908","83645201","KN295090v1","1516878","1517168","42","82128030"
"chr8","83654976","83655270","KN295828v1","930975","931278","48","82724001"
"chr8","83698490","83698802","KN294326v1","458297","458606","41","83240193"
"chr8","83734473","83734758","KN296743v1","202352","202637","40","83532121"
"chr8","83765942","83766234","KN294193v1","425211","425504","33","83340731"
"chr8","84087466","84087711","KN294193v1","349920","350165","41","83737546"
"chr8","84137611","84137915","KN297361v1","166730","167034","21","83970881"
"chr8","84196899","84197212","KN295523v1","2952121","2952432","47","81244778"
"chr8","84207093","84207291","KN297259v1","1363077","1363271","35","82844016"
"chr8","84286634","84286943","KN297361v1","20569","20880","34","84266065"
"chr8","84351816","84352211","KN295828v1","275031","275404","100","84076785"
"chr8","84372434","84372734","KN294803v1","81288","81578","37","84291146"
"chr8","84387567","84387877","KN294803v1","96612","96919","35","84290955"
"chr8","84395620","84395900","KN294571v1","1083023","1083302","42","83312597"
"chr8","84428769","84429042","KN297190v1","3741408","3741680","52","80687361"
"chr8","84471602","84471943","KN296934v1","764547","764871","71","83707055"
"chr8","84472598","84472881","KN294662v1","218243","218524","41","84254355"
"chr8","84503214","84503510","KN295729v1","826689","826980","34","83676525"
"chr8","84585864","84586160","KN297245v1","1416081","1416379","35","83169783"
"chr8","84596125","84596406","KN295893v1","2425585","2425866","49","82170540"
"chr8","84626422","84626723","KN296698v1","82655","82954","33","84543767"
"chr8","84669695","84669878","KN295586v1","608897","609082","32","84060798"
"chr8","84674212","84674521","KN295236v1","4118266","4118574","43","80555946"
"chr8","84700317","84700642","KN296547v1","627587","627905","53","84072730"
"chr8","84737632","84737932","KN294516v1","17906","18200","39","84719726"
"chr8","84777339","84777599","KN297404v1","219675","219926","47","84557664"
"chr8","84781885","84782196","KN295708v1","1796766","1797077","40","82985119"
"chr8","84931686","84931987","KN296649v1","502099","502397","37","84429587"
"chr8","85022811","85023121","KN295922v1","130002","130315","37","84892809"
"chr8","85032136","85032306","KN294842v1","1201767","1201937","27","83830369"
"chr8","85041072","85041223","KN296661v1","241569","241686","52","84799503"
"chr8","85067844","85068146","KN296484v1","351750","352061","43","84716094"
"chr8","85070116","85070421","KN296158v1","965583","965888","37","84104533"
"chr8","85132923","85133213","KN296682v1","3548023","3548306","41","81584900"
"chr8","85136800","85137091","KN295729v1","826689","826980","32","84310111"
"chr8","85218378","85218673","KN296153v1","3041230","3041525","35","82177148"
"chr8","85233591","85233897","KN295748v1","161587","161896","54","85072004"
"chr8","85314043","85314396","KN295596v1","1482496","1482823","75","83831547"
"chr8","85327206","85327376","KN296036v1","766932","767116","35","84560274"
"chr8","85456813","85457114","KN295735v1","713972","714275","43","84742841"
"chr8","85489591","85489894","KN294710v1","68748","69053","45","85420843"
"chr8","85779540","85779837","KN295198v1","274974","275272","35","85504566"
"chr8","85899704","85900004","KN296846v1","970105","970414","30","84929599"
"chr8","85973281","85973534","KN296846v1","890553","890815","32","85082728"
"chr8","86018371","86018672","KN294571v1","1575904","1576204","34","84442467"
"chr8","86031849","86032158","KN296846v1","836761","837073","30","85195088"
"chr8","86052307","86052599","KN296846v1","819340","819635","26","85232967"
"chr8","86099959","86100269","KN294234v1","409215","409520","41","85690744"
"chr8","86165853","86166135","KN296846v1","708256","708548","33","85457597"
"chr8","86167952","86168261","KN296846v1","706141","706446","35","85461811"
"chr8","86184282","86184582","KN296846v1","689484","689785","26","85494798"
"chr8","86201226","86201499","KN296191v1","660330","660604","39","85540896"
"chr8","86204319","86204638","KN295907v1","257976","258287","48","85946343"
"chr8","86223170","86223455","KN296846v1","650805","651090","31","85572365"
"chr8","86241803","86242111","KN294326v1","309006","309309","44","85932797"
"chr8","86253545","86253859","KN296096v1","2698005","2698314","39","83555540"
"chr8","86339319","86339601","KN295361v1","824524","824814","44","85514795"
"chr8","86576737","86577043","KN296846v1","290235","290543","37","86286502"
"chr8","86585039","86585356","KN295075v1","236772","237067","55","86348267"
"chr8","86669559","86669865","KN294911v1","3763985","3764286","40","82905574"
"chr8","86697669","86697977","KN294416v1","540317","540623","47","86157352"
"chr8","86932076","86932380","KN296322v1","2692700","2693002","36","84239376"
"chr8","87012487","87012800","KN296503v1","58212","58521","38","86954275"
"chr8","87130105","87130386","KN296231v1","293603","293881","26","86836502"
"chr8","87285081","87285381","KN296608v1","232845","233141","52","87052236"
"chr8","87331403","87331705","KN295474v1","1195383","1195693","48","86136020"
"chr8","87333045","87333331","KN294879v1","1212125","1212410","33","86120920"
"chr8","87404756","87405051","KN297143v1","191411","191708","47","87213345"
"chr8","87562854","87563151","KN294187v1","158362","158655","35","87404492"
"chr8","87596605","87596907","KN294451v1","923267","923577","43","86673338"
"chr8","87610202","87610491","KN295708v1","2784035","2784327","38","84826167"
"chr8","87666253","87666499","KN295814v1","136350","136614","48","87529903"
"chr8","87689975","87690261","KN294269v1","1190734","1191020","36","86499241"
"chr8","87758464","87758646","KN294470v1","220971","221157","31","87537493"
"chr8","87771157","87771466","KN295736v1","1202147","1202458","36","86569010"
"chr8","87816057","87816348","KN294446v1","1094059","1094349","35","86721998"
"chr8","87921994","87922286","KN296453v1","566416","566711","51","87355578"
"chr8","87977832","87978121","KN294444v1","166708","167002","41","87811124"
"chr8","87989551","87989854","KN294790v1","163386","163690","37","87826165"
"chr8","87997399","87997718","KN294630v1","298864","299170","42","87698535"
"chr8","88022517","88022815","KN296486v1","114465","114761","37","87908052"
"chr8","88030944","88031217","KN295319v1","617575","617852","40","87413369"
"chr8","88042862","88043172","KN296484v1","351750","352061","32","87691112"
"chr8","88055444","88055744","KN296547v1","1216688","1216989","35","86838756"
"chr8","88065404","88065722","KN294453v1","23988","24299","45","88041416"
"chr8","88071211","88071511","KN297023v1","480259","480560","39","87590952"
"chr8","88162532","88162837","KN296306v1","3686137","3686439","28","84476395"
"chr8","88329279","88329483","KN295977v1","1276894","1277103","42","87052385"
"chr8","88419828","88420127","KN297245v1","1416081","1416379","31","87003747"
"chr8","88428746","88429052","KN296513v1","2047464","2047766","36","86381282"
"chr8","88703643","88703949","KN294911v1","2389002","2389309","41","86314641"
"chr8","88743328","88743633","KN295846v1","24517","24819","39","88718811"
"chr8","88775995","88776297","KN294710v1","68748","69053","48","88707247"
"chr8","88833520","88833802","KN295371v1","448057","448341","37","88385463"
"chr8","88858380","88858677","KN296732v1","3482334","3482632","39","85376046"
"chr8","88864727","88865025","KN295692v1","1497978","1498272","41","87366749"
"chr8","88931956","88932267","KN296311v1","3194235","3194543","40","85737721"
"chr8","89098179","89098477","KN295814v1","1261993","1262292","38","87836186"
"chr8","89099652","89099956","KN294911v1","2389002","2389309","33","86710650"
"chr8","89211919","89212228","KN294326v1","309006","309309","38","88902913"
"chr8","89287302","89287588","KN297186v1","1381942","1382225","30","87905360"
"chr8","89310356","89310665","KN294207v1","235432","235740","40","89074924"
"chr8","89381310","89381621","KN296167v1","450049","450355","41","88931261"
"chr8","89382768","89383076","KN295713v1","427091","427386","33","88955677"
"chr8","89604142","89604439","KN295713v1","192495","192788","30","89411647"
"chr8","89660584","89660888","KN295984v1","739554","739854","36","88921030"
"chr8","89821064","89821355","KN296153v1","1115266","1115561","37","88705798"
"chr8","89910400","89910706","KN296153v1","1336190","1336496","40","88574210"
"chr8","90207251","90207524","KN295038v1","1659546","1659815","54","88547705"
"chr8","90313092","90313419","KN296311v1","3556438","3556761","47","86756654"
"chr8","90359710","90360010","KN294662v1","54879","55172","38","90304831"
"chr8","90464006","90464308","KN294457v1","515692","515995","39","89948314"
"chr8","90598000","90598288","KN297144v1","518320","518605","45","90079680"
"chr8","90715354","90715671","KN294713v1","953129","953438","48","89762225"
"chr8","90751201","90751485","KN295667v1","1346336","1346616","47","89404865"
"chr8","90952288","90952622","KN294339v1","89527","89848","69","90862761"
"chr8","90974355","90974623","KN294172v1","1540690","1540957","35","89433665"
"chr8","90976386","90976694","KN296096v1","2698005","2698314","42","88278381"
"chr8","91116698","91117017","KN296820v1","573805","574112","51","90542893"
"chr8","91118344","91118636","KN296726v1","30978","31275","50","91087366"
"chr8","91142982","91143286","KN295433v1","250702","251008","35","90892280"
"chr8","91185490","91185792","KN296495v1","1038011","1038312","37","90147479"
"chr8","91257097","91257378","KN295415v1","436","718","44","91256661"
"chr8","91371413","91371706","KN294911v1","4220583","4220876","38","87150830"
"chr8","91399130","91399434","KN294326v1","309006","309309","50","91090124"
"chr8","91407259","91407531","KN295633v1","1133330","1133601","44","90273929"
"chr8","91424770","91425080","KN296247v1","401713","402020","38","91023057"
"chr8","91570125","91570365","KN295633v1","170056","170300","44","91400069"
"chr8","91580331","91580637","KN294446v1","240983","241287","39","91339348"
"chr8","91621103","91621413","KN294446v1","240983","241287","39","91380120"
"chr8","91632202","91632507","KN297046v1","1526555","1526860","42","90105647"
"chr8","91634811","91635098","KN295744v1","547120","547412","40","91087691"
"chr8","91749023","91749315","KN294937v1","266","558","32","91748757"
"chr8","91778831","91779134","KN294790v1","163386","163690","33","91615445"
"chr8","91799598","91799875","KN296726v1","976648","976930","35","90822950"
"chr8","91808518","91808786","KN295984v1","391023","391296","50","91417495"
"chr8","91820014","91820242","KN297186v1","50383","50628","56","91769631"
"chr8","91859556","91859855","KN295055v1","143622","143920","37","91715934"
"chr8","91889858","91890150","KN295729v1","826689","826980","37","91063169"
"chr8","91890954","91891265","KN294187v1","783464","783769","41","91107490"
"chr8","91961426","91961717","KN295257v1","1849940","1850236","50","90111486"
"chr8","91971516","91971821","KN294539v1","2729075","2729383","45","89242441"
"chr8","91976582","91976869","KN296557v1","13515","13811","39","91963067"
"chr8","91985766","91986053","KN297197v1","197080","197368","31","91788686"
"chr8","92040855","92041157","KN295607v1","4377455","4377758","36","87663400"
"chr8","92044671","92044957","KN296377v1","75148","75435","46","91969523"
"chr8","92045576","92045877","KN297050v1","160579","160880","42","91884997"
"chr8","92046761","92047076","KN294172v1","365590","365904","45","91681171"
"chr8","92089921","92090216","KN296991v1","875955","876250","31","91213966"
"chr8","92114526","92114826","KN296588v1","289027","289334","38","91825499"
"chr8","92149355","92149663","KN294592v1","144298","144605","40","92005057"
"chr8","92199772","92200053","KN296934v1","841344","841627","44","91358428"
"chr8","92205422","92205713","KN295744v1","220101","220394","33","91985321"
"chr8","92229872","92230182","KN295607v1","4377455","4377758","41","87852417"
"chr8","92248564","92248863","KN296188v1","339026","339326","34","91909538"
"chr8","92289509","92289805","KN296487v1","131647","131949","43","92157862"
"chr8","92306573","92306848","KN295236v1","162312","162594","47","92144261"
"chr8","92326924","92327221","KN294187v1","544177","544478","31","91782747"
"chr8","92331036","92331352","KN297322v1","1224244","1224547","48","91106792"
"chr8","92375259","92375528","KN295814v1","1680004","1680283","51","90695255"
"chr8","92390922","92391231","KN294539v1","1287945","1288241","47","91102977"
"chr8","92391473","92391783","KN294964v1","1593524","1593833","37","90797949"
"chr8","92449844","92450138","KN296036v1","769191","769486","46","91680653"
"chr8","92490103","92490402","KN296357v1","616846","617142","41","91873257"
"chr8","92552711","92553016","KN296829v1","581505","581808","34","91971206"
"chr8","92586972","92587279","KN294446v1","240983","241287","35","92345989"
"chr8","92605520","92605816","KN297023v1","480259","480560","31","92125261"
"chr8","92610730","92611026","KN294217v1","548170","548467","37","92062560"
"chr8","92634143","92634449","KN294879v1","76546","76849","38","92557597"
"chr8","92638084","92638383","KN296145v1","637108","637408","41","92000976"
"chr8","92648022","92648332","KN296158v1","1175251","1175559","48","91472771"
"chr8","92664293","92664547","KN294372v1","1659636","1659897","40","91004657"
"chr8","92667509","92667820","KN295319v1","42222","42534","38","92625287"
"chr8","92670546","92670811","KN294650v1","27651","27917","38","92642895"
"chr8","92683211","92683495","KN296588v1","792094","792381","42","91891117"
"chr8","92684590","92684892","KN295091v1","2692987","2693285","38","89991603"
"chr8","92710065","92710375","KN296145v1","3041503","3041815","35","89668562"
"chr8","92713717","92714027","KN295319v1","42222","42534","50","92671495"
"chr8","92715383","92715694","KN294978v1","3753692","3754000","29","88961691"
"chr8","92749633","92749845","KN294539v1","2433808","2434022","26","90315825"
"chr8","92770271","92770549","KN296311v1","6402776","6403039","57","86367495"
"chr8","92774903","92775060","KN296153v1","3878718","3878873","20","88896185"
"chr8","92783970","92784285","KN294790v1","5868297","5868622","42","86915673"
"chr8","92793466","92793763","KN294917v1","405138","405434","42","92388328"
"chr8","92794231","92794554","KN294372v1","1509345","1509659","61","91284886"
"chr8","92795761","92796069","KN296732v1","3243055","3243359","41","89552706"
"chr8","92807821","92808119","KN297245v1","1416081","1416379","35","91391740"
"chr8","92812935","92813248","KN296714v1","277101","277409","39","92535834"
"chr8","92819205","92819500","KN294193v1","1004756","1005052","39","91814449"
"chr8","92837626","92837937","KN294548v1","328774","329084","45","92508852"
"chr8","92839748","92840040","KN297158v1","212439","212742","49","92627309"
"chr8","92842233","92842526","KN297008v1","4661765","4662062","38","88180468"
"chr8","92846096","92846386","KN294874v1","309420","309712","39","92536676"
"chr8","92857051","92857332","KN296062v1","707939","708222","40","92149112"
"chr8","92860818","92861115","KN294457v1","990718","991014","34","91870100"
"chr8","92873994","92874280","KN296266v1","57399","57703","62","92816595"
"chr8","92891275","92891343","KN296495v1","1507938","1508003","22","91383337"
"chr8","92900238","92900520","KN296270v1","145615","145897","32","92754623"
"chr8","92904232","92904530","KN294911v1","628968","629266","40","92275264"
"chr8","92905262","92905413","KN295930v1","759567","759739","41","92145695"
"chr8","92921321","92921619","KN297190v1","4434746","4435054","65","88486575"
"chr8","92922053","92922357","KN296253v1","1402144","1402449","33","91519909"
"chr8","92935772","92936072","KN294662v1","16666","16963","40","92919106"
"chr8","92938106","92938402","KN295343v1","729289","729587","36","92208817"
"chr8","92949428","92949725","KN294193v1","696612","696909","40","92252816"
"chr8","92956807","92957097","KN294848v1","1339237","1339527","47","91617570"
"chr8","92965004","92965300","KN294499v1","2005615","2005910","39","90959389"
"chr8","92976519","92976674","KN295708v1","1589585","1589715","52","91386934"
"chr8","92976677","92976806","KN295708v1","1589585","1589715","23","91387092"
"chr8","92976845","92977157","KN295835v1","181014","181322","37","92795831"
"chr8","92992644","92992951","KN295523v1","4073633","4073934","39","88919011"
"chr8","92996770","92997079","KN296762v1","309784","310094","35","92686986"
"chr8","93008134","93008444","KN295039v1","518693","519005","33","92489441"
"chr8","93013122","93013436","KN295039v1","513104","513409","34","92500018"
"chr8","93014884","93015106","KN295039v1","511135","511350","29","92503749"
"chr8","93017784","93018066","KN295039v1","508421","508697","34","92509363"
"chr8","93040325","93040627","KN295039v1","486334","486637","38","92553991"
"chr8","93045248","93045538","KN295708v1","2784035","2784327","37","90261213"
"chr8","93050388","93050689","KN295039v1","476033","476326","36","92574355"
"chr8","93064708","93065011","KN296153v1","2873301","2873603","42","90191407"
"chr8","93065759","93066054","KN295039v1","461495","461793","32","92604264"
"chr8","93081187","93081485","KN297023v1","480259","480560","34","92600928"
"chr8","93084554","93084855","KN295039v1","443085","443381","24","92641469"
"chr8","93132031","93132322","KN295039v1","406546","406822","46","92725485"
"chr8","93158586","93158897","KN294446v1","240983","241287","38","92917603"
"chr8","93174345","93174663","KN296502v1","1403084","1403395","58","91771261"
"chr8","93188140","93188380","KN295405v1","757351","757593","38","92430789"
"chr8","93255135","93255439","KN296833v1","30824","31126","33","93224311"
"chr8","93288747","93289050","KN295039v1","240798","241095","34","93047949"
"chr8","93290953","93291266","KN294287v1","369071","369381","43","92921882"
"chr8","93295517","93295820","KN295039v1","234823","235130","26","93060694"
"chr8","93311631","93311790","KN294571v1","815022","815181","26","92496609"
"chr8","93324765","93325046","KN294991v1","437174","437444","55","92887591"
"chr8","93359402","93359686","KN295032v1","307103","307398","38","93052299"
"chr8","93397770","93398072","KN295039v1","133919","134211","31","93263851"
"chr8","93423712","93424019","KN295039v1","106830","107134","24","93316882"
"chr8","93522255","93522567","KN294540v1","1203920","1204230","38","92318335"
"chr8","93569737","93570022","KN295605v1","301110","301399","35","93268627"
"chr8","93597055","93597363","KN295523v1","2472373","2472677","61","91124682"
"chr8","93617128","93617427","KN295294v1","555675","555978","36","93061453"
"chr8","93653451","93653759","KN295922v1","130002","130315","31","93523449"
"chr8","93729150","93729447","KN295610v1","393529","393825","37","93335621"
"chr8","93798359","93798670","KN295637v1","795675","795978","49","93002684"
"chr8","93807583","93807874","KN297008v1","3515647","3515942","41","90291936"
"chr8","93886857","93887141","KN294172v1","5481536","5481820","43","88405321"
"chr8","93925894","93926197","KN295301v1","716124","716425","42","93209770"
"chr8","94067307","94067602","KN297320v1","271981","272275","35","93795326"
"chr8","94110224","94110501","KN296833v1","94676","94959","36","94015548"
"chr8","94121939","94122233","KN294873v1","1602078","1602381","45","92519861"
"chr8","94153519","94153819","KN297314v1","72616","72916","30","94080903"
"chr8","94261187","94261478","KN297314v1","181109","181399","22","94080078"
"chr8","94269031","94269332","KN297314v1","188958","189255","33","94080073"
"chr8","94299647","94299927","KN297314v1","211818","212105","31","94087829"
"chr8","94357652","94357967","KN297314v1","262383","262697","25","94095269"
"chr8","94392564","94392846","KN296536v1","707686","707977","41","93684878"
"chr8","94416062","94416361","KN297314v1","320233","320529","33","94095829"
"chr8","94433835","94434118","KN297314v1","337357","337639","24","94096478"
"chr8","94463468","94463758","KN297314v1","367345","367633","24","94096123"
"chr8","94509594","94509885","KN297314v1","411833","412131","25","94097761"
"chr8","94510199","94510484","KN297314v1","412445","412745","33","94097754"
"chr8","94524220","94524479","KN296311v1","281666","281927","46","94242554"
"chr8","94539621","94539909","KN294239v1","344639","344929","40","94194982"
"chr8","94553371","94553657","KN294396v1","277109","277392","35","94276262"
"chr8","94558833","94559134","KN297245v1","1416081","1416379","42","93142752"
"chr8","94562918","94563211","KN297314v1","462635","462934","24","94100283"
"chr8","94572371","94572676","KN295846v1","24517","24819","32","94547854"
"chr8","94609812","94610121","KN297314v1","510258","510564","34","94099554"
"chr8","94624293","94624572","KN297314v1","522274","522552","29","94102019"
"chr8","94633461","94633771","KN297314v1","531168","531482","37","94102293"
"chr8","94636571","94636882","KN296849v1","735480","735791","38","93901091"
"chr8","94673722","94673999","KN297259v1","1231291","1231569","58","93442431"
"chr8","94682525","94682832","KN297314v1","576080","576392","45","94106445"
"chr8","94691526","94691836","KN297314v1","585277","585585","31","94106249"
"chr8","94702364","94702670","KN294571v1","1318150","1318439","57","93384214"
"chr8","94714048","94714354","KN295666v1","873327","873629","44","93840721"
"chr8","94725029","94725336","KN295352v1","1345858","1346165","35","93379171"
"chr8","94755327","94755631","KN297314v1","652041","652345","26","94103286"
"chr8","94790408","94790707","KN297314v1","686499","686801","27","94103909"
"chr8","94810462","94810767","KN297314v1","707006","707312","15","94103456"
"chr8","94812927","94813254","KN296357v1","507108","507414","53","94305819"
"chr8","94839499","94839792","KN297314v1","736662","736960","33","94102837"
"chr8","94851902","94852191","KN297314v1","749096","749383","23","94102806"
"chr8","95154315","95154616","KN296442v1","417977","418281","39","94736338"
"chr8","95242424","95242568","KN297008v1","5203223","5203363","25","90039201"
"chr8","95303618","95303870","KN294650v1","27651","27917","40","95275967"
"chr8","95359200","95359499","KN294470v1","2136945","2137241","35","93222255"
"chr8","95363768","95364019","KN295243v1","7102","7343","42","95356666"
"chr8","95368171","95368475","KN294991v1","686774","687084","33","94681397"
"chr8","95442224","95442530","KN295983v1","561537","561841","39","94880687"
"chr8","95508953","95509250","KN294470v1","2136945","2137241","37","93372008"
"chr8","95515445","95515627","KN296036v1","766932","767116","35","94748513"
"chr8","95532478","95532798","KN296404v1","1890977","1891292","51","93641501"
"chr8","95533006","95533315","KN295566v1","63121","63431","43","95469885"
"chr8","95593248","95593549","KN296145v1","740136","740436","37","94853112"
"chr8","95742958","95743261","KN295607v1","4377455","4377758","36","91365503"
"chr8","95819225","95819524","KN294470v1","2388260","2388567","36","93430965"
"chr8","95852376","95852684","KN295637v1","795675","795978","42","95056701"
"chr8","95855921","95856214","KN295671v1","310148","310439","34","95545773"
"chr8","95862291","95862582","KN295984v1","2382962","2383261","49","93479329"
"chr8","95870416","95870728","KN294378v1","1504358","1504668","50","94366058"
"chr8","95882062","95882366","KN295154v1","188282","188584","45","95693780"
"chr8","95917845","95918144","KN294705v1","1064459","1064762","38","94853386"
"chr8","95922083","95922352","KN294172v1","1540690","1540957","43","94381393"
"chr8","95933321","95933617","KN296153v1","1115266","1115561","29","94818055"
"chr8","95935790","95936053","KN294172v1","1540690","1540957","31","94395100"
"chr8","95936190","95936375","KN296036v1","766932","767116","29","95169258"
"chr8","95958747","95959058","KN295366v1","78980","79290","41","95879767"
"chr8","95959570","95959861","KN295441v1","405739","406027","45","95553831"
"chr8","95970642","95970942","KN294521v1","509491","509791","39","95461151"
"chr8","95978998","95979280","KN295814v1","1155399","1155690","43","94823599"
"chr8","95983254","95983547","KN296635v1","2522536","2522835","32","93460718"
"chr8","95986388","95986669","KN294592v1","204469","204751","36","95781919"
"chr8","95987491","95987795","KN296205v1","1038770","1039076","36","94948721"
"chr8","95994220","95994523","KN296726v1","808997","809301","44","95185223"
"chr8","95994528","95994842","KN295501v1","781207","781518","85","95213321"
"chr8","95994867","95995110","KN294536v1","1440867","1441107","31","94554000"
"chr8","95999275","95999531","KN296404v1","3483202","3483457","39","92516073"
"chr8","96007080","96007129","KN294187v1","1105507","1105554","13","94901573"
"chr8","96007869","96007920","KN295366v1","262614","262652","29","95745255"
"chr8","96010139","96010309","KN295893v1","7122703","7122872","25","88887436"
"chr8","96022209","96022519","KN296982v1","567624","567930","34","95454585"
"chr8","96026107","96026396","KN294444v1","161336","161624","39","95864771"
"chr8","96042027","96042208","KN297442v1","1659397","1659581","32","94382630"
"chr8","96042612","96042748","KN296268v1","34244","34380","19","96008368"
"chr8","96046765","96047073","KN296484v1","351750","352061","41","95695015"
"chr8","96048172","96048472","KN294561v1","1084406","1084703","40","94963766"
"chr8","96048892","96049199","KN295420v1","203403","203713","35","95845489"
"chr8","96050886","96051179","KN294911v1","4220583","4220876","35","91830303"
"chr8","96057508","96057802","KN296247v1","273218","273514","46","95784290"
"chr8","96072069","96072381","KN295929v1","457065","457374","48","95615004"
"chr8","96081659","96081946","KN297165v1","964526","964815","44","95117133"
"chr8","96120170","96120466","KN295923v1","1306063","1306355","50","94814107"
"chr8","96148346","96148637","KN296357v1","559775","560070","35","95588571"
"chr8","96161858","96162158","KN295439v1","83349","83650","40","96078509"
"chr8","96174142","96174394","KN295490v1","43581","43843","41","96130561"
"chr8","96178429","96178717","KN295735v1","822355","822644","42","95356074"
"chr8","96192414","96192703","KN296108v1","29022","29314","43","96163392"
"chr8","96193701","96193994","KN295107v1","77036","77324","44","96116665"
"chr8","96232569","96232857","KN296311v1","2635536","2635829","37","93597033"
"chr8","96246336","96246635","KN295430v1","1217885","1218183","38","95028451"
"chr8","96263571","96263701","KN295708v1","1589585","1589715","30","94673986"
"chr8","96287428","96287726","KN294407v1","3027269","3027567","32","93260159"
"chr8","96289612","96289929","KN296167v1","136532","136839","43","96153080"
"chr8","96294818","96295106","KN296682v1","1930392","1930690","44","94364426"
"chr8","96320769","96321062","KN295729v1","826689","826980","32","95494080"
"chr8","96393499","96393794","KN294964v1","673814","674112","41","95719685"
"chr8","96396270","96396571","KN295998v1","154789","155089","42","96241481"
"chr8","96401285","96401586","KN295988v1","704187","704482","42","95697098"
"chr8","96412992","96413272","KN295729v1","826689","826980","36","95586303"
"chr8","96431871","96432167","KN296682v1","1930392","1930690","32","94501479"
"chr8","96451648","96451956","KN295814v1","23403","23706","41","96428245"
"chr8","96475622","96475937","KN294592v1","1321409","1321720","42","95154213"
"chr8","96614453","96614751","KN294911v1","628968","629266","35","95985485"
"chr8","96622899","96623200","KN295607v1","4406348","4406645","39","92216551"
"chr8","96627344","96627658","KN296138v1","187826","188139","41","96439518"
"chr8","96687103","96687405","KN297023v1","480259","480560","36","96206844"
"chr8","96689537","96689849","KN295319v1","772235","772546","41","95917302"
"chr8","96720863","96721162","KN296253v1","1402144","1402449","37","95318719"
"chr8","96747474","96747754","KN296378v1","474783","475063","35","96272691"
"chr8","96870451","96870757","KN294279v1","693226","693531","44","96177225"
"chr8","96873914","96874117","KN296426v1","64367","64561","38","96809547"
"chr8","97002467","97002770","KN297008v1","5122310","5122605","39","91880157"
"chr8","97023110","97023303","KN294831v1","678063","678264","38","96345047"
"chr8","97029595","97029854","KN296036v1","300943","301205","43","96728652"
"chr8","97079547","97079843","KN295871v1","542479","542775","39","96537068"
"chr8","97095024","97095334","KN294199v1","636506","636815","40","96458518"
"chr8","97102700","97102995","KN295459v1","1123541","1123829","36","95979159"
"chr8","97126085","97126401","KN295471v1","799950","800259","40","96326135"
"chr8","97127829","97128129","KN297023v1","480259","480560","35","96647570"
"chr8","97175007","97175301","KN296726v1","606731","607020","35","96568276"
"chr8","97190969","97191282","KN295571v1","513084","513393","37","96677885"
"chr8","97229134","97229430","KN296096v1","3114506","3114803","38","94114628"
"chr8","97238691","97238983","KN296865v1","1886374","1886671","42","95352317"
"chr8","97245731","97246044","KN295366v1","78980","79290","32","97166751"
"chr8","97264671","97264972","KN294539v1","1287945","1288241","36","95976726"
"chr8","97301297","97301577","KN296646v1","922061","922342","39","96379236"
"chr8","97305873","97306169","KN297458v1","476217","476510","32","96829656"
"chr8","97327080","97327405","KN296406v1","250415","250727","50","97076665"
"chr8","97331009","97331307","KN297047v1","3987588","3987889","41","93343421"
"chr8","97376637","97376921","KN294193v1","568677","568960","35","96807960"
"chr8","97377673","97377973","KN296502v1","129484","129778","35","97248189"
"chr8","97399636","97399936","KN294571v1","890748","891049","39","96508888"
"chr8","97418726","97419014","KN297095v1","1116446","1116728","40","96302280"
"chr8","97454210","97454518","KN295637v1","795675","795978","50","96658535"
"chr8","97483367","97483678","KN294187v1","783464","783769","40","96699903"
"chr8","97525560","97525864","KN297026v1","208588","208873","54","97316972"
"chr8","97671521","97671821","KN296649v1","502099","502397","39","97169422"
"chr8","97701912","97702214","KN295735v1","173165","173463","39","97528747"
"chr8","97705313","97705620","KN294181v1","1370167","1370478","42","96335146"
"chr8","97729011","97729317","KN296167v1","450049","450355","47","97278962"
"chr8","97807375","97807674","KN294571v1","1575904","1576204","33","96231471"
"chr8","97839323","97839610","KN295561v1","109790","110077","44","97729533"
"chr8","97925179","97925492","KN295198v1","274974","275272","52","97650205"
"chr8","97990307","97990606","KN296430v1","1105044","1105344","37","96885263"
"chr8","98040137","98040448","KN295301v1","761923","762233","34","97278214"
"chr8","98051373","98051675","KN294991v1","293673","293971","44","97757700"
"chr8","98126624","98126934","KN297094v1","146925","147235","33","97979699"
"chr8","98198482","98198797","KN297023v1","730267","730576","43","97468215"
"chr8","98201950","98202249","KN295236v1","4141001","4141296","39","94060949"
"chr8","98243297","98243591","KN295708v1","1536667","1536965","34","96706630"
"chr8","98312730","98313034","KN297184v1","53253","53559","30","98259477"
"chr8","98337488","98337786","KN296191v1","921557","921853","27","97415931"
"chr8","98405834","98406137","KN297184v1","151735","152029","29","98254099"
"chr8","98417763","98418078","KN297008v1","1419999","1420309","47","96997764"
"chr8","98420880","98421162","KN297184v1","167632","167915","19","98253248"
"chr8","98431282","98431584","KN297008v1","1825305","1825608","34","96605977"
"chr8","98438409","98438712","KN296079v1","686222","686522","37","97752187"
"chr8","98450345","98450655","KN297184v1","199056","199363","25","98251289"
"chr8","98453077","98453362","KN294193v1","400597","400883","35","98052480"
"chr8","98463729","98464014","KN297184v1","212200","212485","15","98251529"
"chr8","98485392","98485686","KN296357v1","559775","560070","36","97925617"
"chr8","98495298","98495589","KN297184v1","246287","246575","29","98249011"
"chr8","98500496","98500785","KN294193v1","425211","425504","44","98075285"
"chr8","98550304","98550593","KN297184v1","298502","298792","15","98251802"
"chr8","98581461","98581728","KN297184v1","331150","331412","24","98250311"
"chr8","98601461","98601761","KN297184v1","349318","349608","29","98252143"
"chr8","98614258","98614550","KN295241v1","75672","75962","41","98538586"
"chr8","98637510","98637770","KN297184v1","384164","384406","38","98253346"
"chr8","98720861","98721229","KN297184v1","469452","469818","21","98251409"
"chr8","98729840","98730117","KN297184v1","478266","478554","36","98251574"
"chr8","98754995","98755303","KN297184v1","504754","505063","19","98250241"
"chr8","98864067","98864370","KN297047v1","4058507","4058813","42","94805560"
"chr8","98866890","98867184","KN297184v1","618435","618744","39","98248455"
"chr8","98871268","98871389","KN296153v1","1077153","1077276","24","97794115"
"chr8","98871453","98871740","KN297184v1","622982","623266","11","98248471"
"chr8","98872308","98872471","KN294399v1","223166","223335","27","98649142"
"chr8","98902358","98902703","KN295090v1","2730418","2730742","66","96171940"
"chr8","98912378","98912654","KN297184v1","658861","659137","21","98253517"
"chr8","98924431","98924751","KN297184v1","671058","671369","25","98253373"
"chr8","98937917","98938224","KN297184v1","684945","685253","17","98252972"
"chr8","98940620","98940933","KN297184v1","689408","689723","39","98251212"
"chr8","98944876","98945178","KN297184v1","693471","693773","35","98251405"
"chr8","98972336","98972634","KN294571v1","890748","891049","36","98081588"
"chr8","98979973","98980258","KN297184v1","731543","731835","31","98248430"
"chr8","98986878","98987187","KN294287v1","337770","338074","44","98649108"
"chr8","98991705","98992029","KN297184v1","741829","742137","39","98249876"
"chr8","98993843","98994095","KN295835v1","199186","199432","42","98794657"
"chr8","99013287","99013498","KN295854v1","1669858","1670063","30","97343429"
"chr8","99030574","99030854","KN295633v1","1133330","1133601","42","97897244"
"chr8","99044999","99045231","KN294539v1","456068","456297","26","98588931"
"chr8","99055016","99055302","KN297184v1","810837","811124","25","98244179"
"chr8","99076036","99076343","KN297184v1","833137","833434","34","98242899"
"chr8","99096494","99096805","KN297184v1","849989","850300","27","98246505"
"chr8","99098661","99098959","KN294539v1","1287945","1288241","42","97810716"
"chr8","99114721","99115051","KN297184v1","868974","869298","47","98245747"
"chr8","99115054","99115336","KN296921v1","541331","541611","39","98573723"
"chr8","99120648","99120957","KN297184v1","875156","875455","41","98245492"
"chr8","99126015","99126316","KN297154v1","294220","294518","31","98831795"
"chr8","99130160","99130460","KN297079v1","7258","7550","36","99122902"
"chr8","99170486","99170788","KN295433v1","791869","792167","34","98378617"
"chr8","99199981","99200288","KN296096v1","2349554","2349864","38","96850427"
"chr8","99208283","99208562","KN295236v1","4241376","4241668","56","94966907"
"chr8","99216510","99216786","KN297184v1","975073","975363","37","98241437"
"chr8","99218619","99218911","KN297184v1","977210","977514","40","98241409"
"chr8","99223602","99223916","KN295735v1","225416","225727","37","98998186"
"chr8","99253850","99254146","KN297184v1","1010893","1011189","17","98242957"
"chr8","99254690","99254990","KN296119v1","5734244","5734539","36","93520446"
"chr8","99267760","99268068","KN294761v1","363307","363610","40","98904453"
"chr8","99284738","99285042","KN294387v1","2013543","2013846","46","97271195"
"chr8","99335809","99336097","KN297184v1","1095756","1096044","19","98240053"
"chr8","99364160","99364466","KN297184v1","1120964","1121264","32","98243196"
"chr8","99391306","99391609","KN296487v1","131647","131949","31","99259659"
"chr8","99442558","99442843","KN294758v1","1867644","1867922","45","97574914"
"chr8","99463212","99463525","KN297184v1","1223874","1224187","24","98239338"
"chr8","99467528","99467834","KN296321v1","230167","230477","48","99237361"
"chr8","99469459","99469755","KN297184v1","1228818","1229114","38","98240641"
"chr8","99505834","99506144","KN297184v1","1259846","1260148","29","98245988"
"chr8","99506705","99507011","KN297184v1","1260708","1261009","43","98245997"
"chr8","99595618","99595924","KN296718v1","83077","83385","40","99512541"
"chr8","99636492","99636806","KN294790v1","163386","163690","49","99473106"
"chr8","99673287","99673598","KN297184v1","1424614","1424928","44","98248673"
"chr8","99707958","99708261","KN297259v1","306622","306928","43","99401336"
"chr8","99730933","99731228","KN294561v1","1084406","1084703","34","98646527"
"chr8","99748275","99748565","KN296577v1","648964","649254","26","99099311"
"chr8","99752720","99753029","KN294739v1","768961","769264","40","98983759"
"chr8","99754131","99754424","KN297184v1","1495886","1496164","36","98258245"
"chr8","99755687","99755999","KN294873v1","878342","878649","45","98877345"
"chr8","99767120","99767413","KN297184v1","1509463","1509758","29","98257657"
"chr8","99770068","99770383","KN295571v1","513084","513393","37","99256984"
"chr8","99806259","99806563","KN297184v1","1549493","1549809","31","98256766"
"chr8","99869372","99869668","KN296357v1","559775","560070","42","99309597"
"chr8","99879324","99879631","KN294377v1","1568587","1568898","34","98310737"
"chr8","99880173","99880464","KN297184v1","1627497","1627801","31","98252676"
"chr8","99995833","99996003","KN295940v1","104364","104519","37","99891469"
"chr8","100219339","100219628","KN295922v1","98919","99195","46","100120420"
"chr8","100308763","100309047","KN296201v1","2654662","2654949","45","97654101"
"chr8","100383395","100383686","KN294650v1","771350","771643","38","99612045"
"chr8","100514435","100514742","KN294911v1","2389002","2389309","37","98125433"
"chr8","100531067","100531374","KN294291v1","415854","416159","44","100115213"
"chr8","100537244","100537534","KN297442v1","2787194","2787487","37","97750050"
"chr8","100543127","100543414","KN295984v1","76148","76434","38","100466979"
"chr8","100551500","100551797","KN297041v1","107495","107791","34","100444005"
"chr8","100559354","100559649","KN297046v1","137572","137866","41","100421782"
"chr8","100584800","100585109","KN297452v1","2322212","2322521","40","98262588"
"chr8","100587762","100588058","KN296153v1","1090111","1090408","37","99497651"
"chr8","100588089","100588406","KN294287v1","548150","548456","45","100039939"
"chr8","100592360","100592567","KN295667v1","889265","889472","30","99703095"
"chr8","100656182","100656478","KN294987v1","643423","643716","56","100012759"
"chr8","100656489","100656685","KN296426v1","64367","64561","36","100592122"
"chr8","100656711","100657012","KN296833v1","30824","31126","35","100625887"
"chr8","100665882","100666182","KN294407v1","3027269","3027567","38","97638613"
"chr8","100670005","100670288","KN295294v1","3629932","3630214","33","97040073"
"chr8","100676703","100676993","KN294251v1","1707208","1707507","42","98969495"
"chr8","100685423","100685724","KN296153v1","1115266","1115561","40","99570157"
"chr8","100704064","100704239","KN294957v1","73265","73439","30","100630799"
"chr8","100713880","100714118","KN295405v1","757351","757593","55","99956529"
"chr8","100733228","100733380","KN296747v1","128765","128916","34","100604463"
"chr8","100735609","100735893","KN294539v1","1287945","1288241","36","99447664"
"chr8","100742207","100742503","KN294420v1","822079","822371","44","99920128"
"chr8","100751619","100751914","KN295893v1","125516","125813","35","100626103"
"chr8","100753769","100754071","KN294911v1","4220583","4220876","54","96533186"
"chr8","100755609","100755904","KN295090v1","2916268","2916560","44","97839341"
"chr8","100756069","100756320","KN297154v1","1017436","1017681","41","99738633"
"chr8","100758475","100758761","KN295832v1","217196","217478","42","100541279"
"chr8","100761244","100761493","KN295243v1","7102","7343","39","100754142"
"chr8","100773785","100774095","KN296743v1","348267","348572","42","100425518"
"chr8","100775663","100775971","KN295922v1","130002","130315","32","100645661"
"chr8","100778951","100779131","KN294187v1","1212835","1213011","32","99566116"
"chr8","100795532","100795845","KN295607v1","1790329","1790640","38","99005203"
"chr8","100805753","100806060","KN295352v1","545091","545395","44","100260662"
"chr8","100818031","100818318","KN295294v1","3629932","3630214","38","97188099"
"chr8","100833301","100833466","KN294685v1","1346353","1346519","31","99486948"
"chr8","100833472","100833780","KN294957v1","62097","62408","32","100771375"
"chr8","100836754","100837051","KN294429v1","15654","15953","48","100821100"
"chr8","100839652","100839959","KN295929v1","457065","457374","34","100382587"
"chr8","100873683","100873985","KN295114v1","45102","45395","42","100828581"
"chr8","100933824","100934091","KN295038v1","1659546","1659815","31","99274278"
"chr8","100938791","100939086","KN295605v1","248078","248377","31","100690713"
"chr8","100940921","100941214","KN296036v1","1895044","1895337","38","99045877"
"chr8","100943457","100943728","KN294458v1","1171290","1171562","35","99772167"
"chr8","100947403","100947680","KN294172v1","1611538","1611818","45","99335865"
"chr8","100966072","100966349","KN294698v1","181917","182196","36","100784155"
"chr8","100981283","100981581","KN295091v1","2692987","2693285","27","98288296"
"chr8","100984955","100985258","KN294170v1","5505","5809","39","100979450"
"chr8","100996782","100997079","KN294456v1","1143112","1143404","42","99853670"
"chr8","101047537","101047772","KN295967v1","625826","626071","42","100421711"
"chr8","101064299","101064603","KN296311v1","768493","768797","36","100295806"
"chr8","101071690","101072011","KN296153v1","1336190","1336496","50","99735500"
"chr8","101072019","101072327","KN295735v1","1160753","1161064","31","99911266"
"chr8","101097362","101097664","KN295533v1","2511717","2512017","36","98585645"
"chr8","101110487","101110752","KN295092v1","289189","289451","51","100821298"
"chr8","101113638","101113946","KN296732v1","3243055","3243359","39","97870583"
"chr8","101136162","101136434","KN296004v1","475641","475912","41","100660521"
"chr8","101140091","101140386","KN297444v1","593764","594059","31","100546327"
"chr8","101165776","101166073","KN296063v1","1388665","1388960","30","99777111"
"chr8","101177636","101177847","KN295406v1","275159","275372","46","100902477"
"chr8","101178407","101178474","KN296879v1","55397","55454","28","101123010"
"chr8","101214587","101214874","KN296743v1","202352","202637","37","101012235"
"chr8","101238854","101239152","KN297263v1","1219642","1219940","42","100019212"
"chr8","101271471","101271766","KN294758v1","689747","690041","39","100581724"
"chr8","101288428","101288715","KN294873v1","1075998","1076281","53","100212430"
"chr8","101289120","101289426","KN294375v1","337677","337981","40","100951443"
"chr8","101298603","101298903","KN297023v1","480259","480560","29","100818344"
"chr8","101310397","101310720","KN294193v1","875765","876087","51","100434632"
"chr8","101318346","101318641","KN294470v1","2136945","2137241","39","99181401"
"chr8","101322177","101322484","KN295708v1","1431107","1431415","50","99891070"
"chr8","101323446","101323745","KN295198v1","274974","275272","36","101048472"
"chr8","101345018","101345331","KN296306v1","147554","147864","51","101197464"
"chr8","101368400","101368682","KN296062v1","1803579","1803857","33","99564821"
"chr8","101370687","101370981","KN295091v1","2692987","2693285","42","98677700"
"chr8","101427675","101427953","KN295633v1","1133330","1133601","40","100294345"
"chr8","101504154","101504454","KN294269v1","595762","596054","43","100908392"
"chr8","101613088","101613382","KN294446v1","399227","399517","42","101213861"
"chr8","101656032","101656329","KN297276v1","74967","75265","35","101581065"
"chr8","101668929","101669155","KN294874v1","126189","126410","30","101542740"
"chr8","101672018","101672326","KN294470v1","959975","960280","45","100712043"
"chr8","101790125","101790428","KN295241v1","239249","239550","38","101550876"
"chr8","101808084","101808387","KN295090v1","2388547","2388856","38","99419537"
"chr8","101830176","101830475","KN296520v1","474691","474989","48","101355485"
"chr8","101830486","101830794","KN296167v1","450049","450355","31","101380437"
"chr8","101950873","101951164","KN295706v1","45460","45751","35","101905413"
"chr8","102003372","102003682","KN294193v1","656123","656428","40","101347249"
"chr8","102038019","102038312","KN295302v1","159187","159468","59","101878832"
"chr8","102132136","102132426","KN294711v1","1317088","1317373","29","100815048"
"chr8","102190890","102191162","KN294711v1","1253770","1254044","22","100937120"
"chr8","102264846","102265128","KN294711v1","1168273","1168565","27","101096573"
"chr8","102270444","102270755","KN294711v1","1162430","1162733","36","101108014"
"chr8","102346742","102347052","KN295172v1","246310","246613","44","102100432"
"chr8","102410215","102410520","KN294698v1","82925","83236","36","102327290"
"chr8","102484739","102485034","KN296153v1","3041230","3041525","38","99443509"
"chr8","102528695","102528993","KN294711v1","897909","898207","37","101630786"
"chr8","102536100","102536402","KN295735v1","979548","979848","37","101556552"
"chr8","102542266","102542554","KN294711v1","887706","887991","23","101654560"
"chr8","102558195","102558498","KN294711v1","871696","871993","32","101686499"
"chr8","102604299","102604567","KN294711v1","820906","821186","31","101783393"
"chr8","102682538","102682862","KN294711v1","744853","745182","31","101937685"
"chr8","102702985","102703279","KN294711v1","723423","723716","23","101979562"
"chr8","102762887","102763177","KN294711v1","664273","664552","28","102098614"
"chr8","102767116","102767354","KN294711v1","660105","660341","20","102107011"
"chr8","102782899","102783203","KN294581v1","619147","619445","31","102163752"
"chr8","102935603","102935895","KN295244v1","411038","411330","45","102524565"
"chr8","103016230","103016531","KN296119v1","4356853","4357155","38","98659377"
"chr8","103077841","103078146","KN294446v1","240983","241287","36","102836858"
"chr8","103115294","103115603","KN294711v1","328210","328519","22","102787084"
"chr8","103122888","103123183","KN294711v1","325312","325598","35","102797576"
"chr8","103583066","103583335","KN294842v1","61302","61569","39","103521764"
"chr8","103606266","103606572","KN294284v1","109440","109745","46","103496826"
"chr8","103612122","103612424","KN296311v1","3934215","3934513","42","99677907"
"chr8","103625953","103626161","KN296176v1","564374","564594","36","103061579"
"chr8","103637286","103637582","KN294257v1","1647160","1647441","65","101990126"
"chr8","103756669","103756963","KN295586v1","5220291","5220588","42","98536378"
"chr8","103757050","103757344","KN295667v1","914483","914772","43","102842567"
"chr8","103765748","103766048","KN295801v1","99694","99998","44","103666054"
"chr8","103777812","103778118","KN296635v1","3876048","3876352","30","99901764"
"chr8","103818122","103818415","KN296825v1","1862077","1862371","37","101956045"
"chr8","103836784","103837093","KN294630v1","728468","728776","40","103108316"
"chr8","103849610","103849908","KN297274v1","728612","728910","41","103120998"
"chr8","103853137","103853397","KN295243v1","1473974","1474238","56","102379163"
"chr8","103899669","103899986","KN295225v1","1942340","1942650","43","101957329"
"chr8","103988630","103988802","KN295236v1","224307","224480","26","103764323"
"chr8","103994461","103994772","KN294613v1","735586","735894","40","103258875"
"chr8","104193372","104193676","KN295459v1","673095","673397","35","103520277"
"chr8","104216291","104216600","KN294957v1","62097","62408","35","104154194"
"chr8","104235014","104235322","KN296481v1","302234","302545","42","103932780"
"chr8","104409055","104409334","KN295717v1","611535","611814","37","103797520"
"chr8","104462741","104463040","KN295548v1","961158","961465","40","103501583"
"chr8","104481760","104482056","KN296547v1","396597","396892","37","104085163"
"chr8","104518984","104519284","KN296380v1","212686","212986","33","104306298"
"chr8","104571289","104571577","KN296380v1","163483","163765","39","104407806"
"chr8","104613238","104613517","KN296926v1","763828","764107","43","103849410"
"chr8","104716396","104716670","KN294863v1","436560","436834","38","104279836"
"chr8","104722764","104723098","KN294257v1","2642468","2642800","49","102080296"
"chr8","104772807","104773097","KN295666v1","836831","837120","38","103935976"
"chr8","104796706","104797003","KN295671v1","310148","310439","48","104486558"
"chr8","104957843","104958018","KN294421v1","227963","228138","23","104729880"
"chr8","104962407","104962717","KN296661v1","2386593","2386903","37","102575814"
"chr8","105070534","105070820","KN296661v1","2274114","2274401","29","102796420"
"chr8","105088772","105089072","KN296661v1","2257275","2257576","20","102831497"
"chr8","105167479","105167772","KN294937v1","266","558","35","105167213"
"chr8","105191492","105191784","KN297233v1","523000","523293","31","104668492"
"chr8","105252783","105253082","KN294292v1","12015","12314","41","105240768"
"chr8","105295818","105296086","KN296661v1","2034601","2034869","45","103261217"
"chr8","105325454","105325751","KN296661v1","2001750","2002039","32","103323704"
"chr8","105578975","105579273","KN296661v1","1750416","1750721","38","103828559"
"chr8","105651575","105651890","KN297227v1","1125864","1126176","37","104525711"
"chr8","105757873","105758176","KN294873v1","1659261","1659572","55","104098612"
"chr8","105767275","105767445","KN296484v1","135940","136114","29","105631335"
"chr8","105787106","105787408","KN294571v1","890748","891049","45","104896358"
"chr8","105789247","105789552","KN296661v1","1535290","1535584","41","104253957"
"chr8","105796286","105796588","KN296661v1","1528241","1528552","36","104268045"
"chr8","105916256","105916563","KN296661v1","1408138","1408446","25","104508118"
"chr8","105918185","105918488","KN295257v1","1225806","1226107","44","104692379"
"chr8","106038442","106038750","KN296311v1","3194235","3194543","38","102844207"
"chr8","106087365","106087650","KN294269v1","1190734","1191020","31","104896631"
"chr8","106138919","106139223","KN295717v1","354856","355162","49","105784063"
"chr8","106198740","106199022","KN294591v1","423646","423931","37","105775094"
"chr8","106208893","106209204","KN295294v1","919323","919630","44","105289570"
"chr8","106223284","106223572","KN295736v1","223440","223741","51","105999844"
"chr8","106372907","106373208","KN296661v1","981067","981372","25","105391840"
"chr8","106428426","106428716","KN294647v1","185532","185822","33","106242894"
"chr8","106578080","106578373","KN296661v1","786060","786353","26","105792020"
"chr8","106623663","106623964","KN296661v1","735678","735988","30","105887985"
"chr8","106641120","106641422","KN295459v1","673095","673397","31","105968025"
"chr8","106682116","106682347","KN295405v1","757351","757593","45","105924765"
"chr8","106682455","106682550","KN295705v1","624174","624261","32","106058281"
"chr8","106734166","106734457","KN294964v1","1000012","1000306","45","105734154"
"chr8","106866760","106867056","KN294499v1","2005615","2005910","36","104861145"
"chr8","106908249","106908553","KN296809v1","604063","604366","31","106304186"
"chr8","106909320","106909632","KN294372v1","299717","300027","43","106609603"
"chr8","106923254","106923533","KN294458v1","1171290","1171562","43","105751964"
"chr8","106944823","106945130","KN296157v1","4370579","4370884","35","102574244"
"chr8","106991890","106992191","KN296430v1","1105044","1105344","34","105886846"
"chr8","107022895","107023167","KN296661v1","320805","321078","20","106702090"
"chr8","107092025","107092291","KN294501v1","3439246","3439503","46","103652779"
"chr8","107134741","107135021","KN297190v1","1120539","1120821","36","106014202"
"chr8","107190167","107190456","KN296661v1","139824","140107","38","107050343"
"chr8","107222186","107222496","KN295301v1","761923","762233","32","106460263"
"chr8","107344566","107344768","KN296750v1","1447693","1447904","41","105896873"
"chr8","107367248","107367556","KN295448v1","12482","12789","33","107354766"
"chr8","107418980","107419243","KN295601v1","886709","886972","39","106532271"
"chr8","107571797","107572087","KN295923v1","2059943","2060235","43","105511854"
"chr8","107733785","107734081","KN295448v1","401464","401761","23","107332321"
"chr8","107753381","107753554","KN294668v1","1588557","1588731","29","106164824"
"chr8","107864417","107864711","KN296620v1","349918","350214","38","107514499"
"chr8","107936568","107936874","KN295448v1","588602","588894","40","107347966"
"chr8","107979424","107979721","KN294470v1","764276","764573","38","107215148"
"chr8","108017425","108017709","KN297283v1","202677","202954","51","107814748"
"chr8","108022463","108022773","KN295448v1","669087","669398","23","107353376"
"chr8","108046554","108046864","KN295236v1","1631448","1631759","37","106415106"
"chr8","108133994","108134269","KN295448v1","775924","776197","24","107358070"
"chr8","108167522","108167859","KN294856v1","365831","366161","69","107801691"
"chr8","108311877","108312169","KN294629v1","9039","9337","51","108302838"
"chr8","108348103","108348410","KN296097v1","237814","238121","19","108110289"
"chr8","108362666","108362970","KN296097v1","222464","222773","31","108140202"
"chr8","108440452","108440744","KN294147v1","1191891","1192182","35","107248561"
"chr8","108491434","108491744","KN295236v1","844452","844758","39","107646982"
"chr8","108536913","108537209","KN296097v1","31810","32109","27","108505103"
"chr8","108550671","108550982","KN295477v1","23872","24183","35","108526799"
"chr8","108666926","108667081","KN294831v1","658690","658843","32","108008236"
"chr8","108729814","108730120","KN295960v1","349902","350207","25","108379912"
"chr8","108735722","108736012","KN295960v1","344048","344330","37","108391674"
"chr8","108743298","108743425","KN297032v1","281875","281994","32","108461423"
"chr8","108743655","108743849","KN294957v1","73265","73439","49","108670390"
"chr8","108783452","108783757","KN295960v1","302849","303158","32","108480603"
"chr8","108921372","108921690","KN297047v1","4058507","4058813","55","104862865"
"chr8","108923587","108923860","KN295633v1","1133330","1133601","43","107790257"
"chr8","108927813","108928086","KN295633v1","1133330","1133601","42","107794483"
"chr8","109069881","109070190","KN295960v1","13237","13541","49","109056644"
"chr8","109226088","109226284","KN296686v1","161165","161361","20","109064923"
"chr8","109265955","109266248","KN294407v1","3027269","3027567","38","106238686"
"chr8","109345214","109345509","KN296686v1","293568","293859","37","109051646"
"chr8","109463195","109463501","KN294571v1","245427","245722","61","109217768"
"chr8","109483466","109483765","KN294456v1","1098138","1098439","50","108385328"
"chr8","109555728","109555984","KN296948v1","1008770","1009024","52","108546958"
"chr8","109581685","109581898","KN296139v1","203722","203935","34","109377963"
"chr8","109624446","109624751","KN294187v1","783464","783769","45","108840982"
"chr8","109762446","109762753","KN296349v1","45344","45654","42","109717102"
"chr8","109838985","109839213","KN296921v1","792849","793109","59","109046136"
"chr8","109953312","109953612","KN296487v1","131647","131949","37","109821665"
"chr8","109983425","109983720","KN297023v1","480259","480560","38","109503166"
"chr8","110350628","110350906","KN296646v1","922061","922342","37","109428567"
"chr8","110492114","110492368","KN297264v1","702977","703229","42","109789137"
"chr8","110580078","110580373","KN294526v1","334958","335253","36","110245120"
"chr8","110602246","110602545","KN294269v1","440138","440438","72","110162108"
"chr8","110606696","110606979","KN296726v1","976648","976930","43","109630048"
"chr8","110625205","110625508","KN294825v1","396445","396749","38","110228760"
"chr8","110775056","110775376","KN296921v1","1055365","1055680","54","109719691"
"chr8","110824790","110825092","KN296810v1","26632","26932","37","110798158"
"chr8","110926943","110927201","KN295243v1","1473974","1474238","37","109452969"
"chr8","110943284","110943590","KN296311v1","768493","768797","39","110174791"
"chr8","110960839","110961148","KN296406v1","41462","41764","47","110919377"
"chr8","110962546","110962855","KN296406v1","41462","41764","48","110921084"
"chr8","111050210","111050490","KN296062v1","2291832","2292114","50","108758378"
"chr8","111216486","111216759","KN294633v1","21601","21871","39","111194885"
"chr8","111348737","111349048","KN295433v1","250702","251008","44","111098035"
"chr8","111359750","111360061","KN294790v1","163386","163690","44","111196364"
"chr8","111432850","111433146","KN296682v1","2052676","2052972","40","109380174"
"chr8","111545153","111545419","KN296492v1","281214","281480","36","111263939"
"chr8","111608095","111608389","KN296926v1","728665","728961","40","110879430"
"chr8","111697970","111698262","KN296357v1","559775","560070","42","111138195"
"chr8","111703586","111703893","KN295352v1","545091","545395","47","111158495"
"chr8","111813255","111813548","KN294917v1","401690","401984","43","111411565"
"chr8","111912873","111913179","KN295301v1","761923","762233","43","111150950"
"chr8","111914425","111914709","KN297038v1","252214","252490","54","111662211"
"chr8","112051507","112051803","KN296820v1","573805","574112","38","111477702"
"chr8","112107331","112107638","KN294372v1","1513976","1514282","44","110593355"
"chr8","112261614","112261831","KN296743v1","7396","7615","39","112254218"
"chr8","112304396","112304678","KN295459v1","1101140","1101421","41","111203256"
"chr8","112354828","112355149","KN295869v1","1483001","1483321","50","110871827"
"chr8","112507451","112507763","KN295439v1","102691","103000","39","112404760"
"chr8","112537426","112537662","KN295405v1","757351","757593","40","111780075"
"chr8","112606547","112606848","KN295940v1","222653","222956","38","112383894"
"chr8","112641015","112641176","KN296948v1","1402009","1402176","31","111239006"
"chr8","112742259","112742584","KN297452v1","1990130","1990430","67","110752129"
"chr8","112793559","112793858","KN296109v1","319876","320175","43","112473683"
"chr8","112905916","112906203","KN296225v1","765260","765548","42","112140656"
"chr8","113062347","113062638","KN295729v1","826689","826980","37","112235658"
"chr8","113142979","113143277","KN294407v1","3027269","3027567","42","110115710"
"chr8","113177999","113178309","KN294399v1","47743","48054","52","113130256"
"chr8","113210555","113210875","KN295717v1","1397887","1398198","61","111812668"
"chr8","113224276","113224588","KN297259v1","1820010","1820317","42","111404266"
"chr8","113227705","113228014","KN296153v1","863239","863546","39","112364466"
"chr8","113336458","113336747","KN294172v1","2419941","2420232","46","110916517"
"chr8","113431143","113431442","KN297046v1","1490505","1490809","50","111940638"
"chr8","113437579","113437890","KN295090v1","126321","126630","38","113311258"
"chr8","113589308","113589617","KN295883v1","173429","173738","32","113415879"
"chr8","113688243","113688547","KN295610v1","501770","502075","34","113186473"
"chr8","113815285","113815555","KN294172v1","4940663","4940925","54","108874622"
"chr8","113890637","113890917","KN294991v1","1558026","1558298","45","112332611"
"chr8","113933528","113933824","KN297442v1","2787194","2787487","35","111146334"
"chr8","113961594","113961891","KN295758v1","913990","914287","39","113047604"
"chr8","114008660","114008993","KN295666v1","760901","761215","62","113247759"
"chr8","114017362","114017653","KN296036v1","1895044","1895337","33","112122318"
"chr8","114087853","114088090","KN294456v1","635402","635626","44","113452451"
"chr8","114089428","114089716","KN294172v1","4731014","4731305","37","109358414"
"chr8","114129271","114129582","KN294964v1","2029983","2030291","39","112099288"
"chr8","114150286","114150589","KN296859v1","993319","993622","30","113156967"
"chr8","114176087","114176398","KN297026v1","63661","63972","44","114112426"
"chr8","114223584","114223895","KN294499v1","994219","994531","45","113229365"
"chr8","114262994","114263168","KN294245v1","79202","79375","31","114183792"
"chr8","114275532","114275814","KN296040v1","275719","276000","38","113999813"
"chr8","114414984","114415283","KN294647v1","185532","185822","59","114229452"
"chr8","114533924","114534229","KN296138v1","98488","98788","39","114435436"
"chr8","114638047","114638370","KN296154v1","2595703","2596015","41","112042344"
"chr8","114668622","114668878","KN295362v1","1334626","1334886","56","113333996"
"chr8","114721349","114721650","KN294539v1","1287945","1288241","40","113433404"
"chr8","114730690","114730976","KN295571v1","1202179","1202466","34","113528511"
"chr8","114742281","114742585","KN294856v1","158144","158448","44","114584137"
"chr8","114753339","114753613","KN294251v1","1151512","1151787","39","113601827"
"chr8","114765937","114766239","KN296303v1","662776","663079","28","114103161"
"chr8","114824548","114824858","KN295096v1","457011","457322","36","114367537"
"chr8","115068410","115068694","KN297038v1","252214","252490","43","114816196"
"chr8","115083221","115083529","KN296167v1","450049","450355","36","114633172"
"chr8","115091151","115091455","KN294790v1","163386","163690","36","114927765"
"chr8","115112631","115112921","KN295729v1","826689","826980","35","114285942"
"chr8","115135893","115136178","KN295236v1","532264","532563","44","114603629"
"chr8","115165509","115165799","KN295667v1","349246","349534","48","114816263"
"chr8","115170092","115170282","KN295579v1","1","192","30","115170091"
"chr8","115181683","115181988","KN296261v1","261747","262047","43","114919936"
"chr8","115203681","115204002","KN296864v1","1337406","1337722","47","113866275"
"chr8","115220247","115220556","KN296157v1","885718","886029","36","114334529"
"chr8","115291208","115291523","KN296153v1","3870788","3871099","43","111420420"
"chr8","115300828","115301124","KN294269v1","668715","669012","36","114632113"
"chr8","115313633","115313934","KN297023v1","480259","480560","35","114833374"
"chr8","115317136","115317423","KN294244v1","56461","56743","35","115260675"
"chr8","115337692","115337945","KN294991v1","995507","995758","32","114342185"
"chr8","115338396","115338704","KN297442v1","1612430","1612738","33","113725966"
"chr8","115348356","115348654","KN295198v1","274974","275272","29","115073382"
"chr8","115359382","115359688","KN294172v1","741248","741550","40","114618134"
"chr8","115377053","115377340","KN295284v1","44573","44859","43","115332480"
"chr8","115378460","115378757","KN295308v1","1595211","1595505","38","113783249"
"chr8","115478405","115478622","KN295667v1","489644","489869","36","114988761"
"chr8","115568654","115568966","KN296213v1","830131","830450","49","114738523"
"chr8","115581705","115581997","KN294456v1","1098138","1098439","40","114483567"
"chr8","115631533","115631832","KN295236v1","4631168","4631466","47","111000365"
"chr8","115870561","115870882","KN296508v1","2153955","2154277","41","113716606"
"chr8","115918412","115918708","KN295394v1","556635","556929","31","115361777"
"chr8","116115184","116115439","KN294790v1","3142924","3143189","49","112972260"
"chr8","116132485","116132782","KN296345v1","121659","121957","40","116010826"
"chr8","116155497","116155806","KN295607v1","4377455","4377758","40","111778042"
"chr8","116164285","116164579","KN295967v1","606893","607186","38","115557392"
"chr8","116190802","116191114","KN296242v1","694011","694308","52","115496791"
"chr8","116252589","116252901","KN295748v1","161587","161896","39","116091002"
"chr8","116252902","116253077","KN294991v1","236473","236645","26","116016429"
"chr8","116270379","116270676","KN294644v1","168562","168865","46","116101817"
"chr8","116278501","116278794","KN295814v1","1160421","1160723","45","115118080"
"chr8","116287319","116287602","KN296646v1","887435","887718","39","115399884"
"chr8","116320862","116321172","KN295433v1","250702","251008","45","116070160"
"chr8","116358150","116358447","KN294987v1","1160344","1160639","35","115197806"
"chr8","116433336","116433634","KN294172v1","6311128","6311420","36","110122208"
"chr8","116437366","116437667","KN295430v1","2355601","2355902","34","114081765"
"chr8","116455580","116455880","KN294516v1","17906","18200","46","116437674"
"chr8","116458178","116458477","KN294705v1","1064459","1064762","30","115393719"
"chr8","116460278","116460589","KN294911v1","2691899","2692205","40","113768379"
"chr8","116503014","116503313","KN294325v1","1015803","1016101","44","115487211"
"chr8","116509819","116510112","KN294470v1","992685","992984","41","115517134"
"chr8","116518198","116518480","KN294592v1","665178","665463","46","115853020"
"chr8","116524149","116524441","KN294571v1","324803","325104","53","116199346"
"chr8","116525535","116525836","KN297322v1","1224244","1224547","41","115301291"
"chr8","116539976","116540263","KN294456v1","1143112","1143404","33","115396864"
"chr8","116556713","116557010","KN294501v1","4140225","4140518","38","112416488"
"chr8","116563748","116564069","KN295566v1","63121","63431","49","116500627"
"chr8","116592953","116593228","KN296167v1","49","328","40","116592904"
"chr8","116639696","116640004","KN295236v1","6034181","6034484","36","110605515"
"chr8","116646852","116647154","KN294456v1","592934","593237","34","116053918"
"chr8","116665711","116665976","KN295243v1","1473974","1474238","37","115191737"
"chr8","116672456","116672760","KN296303v1","662776","663079","37","116009680"
"chr8","116683842","116684146","KN296153v1","2344318","2344623","39","114339524"
"chr8","116696132","116696439","KN295637v1","795675","795978","46","115900457"
"chr8","116704940","116705242","KN297327v1","811573","811871","39","115893367"
"chr8","116748308","116748618","KN295893v1","163322","163632","43","116584986"
"chr8","116767283","116767587","KN295236v1","4175917","4176226","42","112591366"
"chr8","116817252","116817523","KN296079v1","815091","815363","40","116002161"
"chr8","116850883","116851189","KN294874v1","1336918","1337220","41","115513965"
"chr8","116924858","116925155","KN294539v1","1287945","1288241","36","115636913"
"chr8","116990393","116990704","KN296809v1","763161","763473","38","116227232"
"chr8","117013773","117014081","KN296090v1","89328","89638","43","116924445"
"chr8","117043516","117043807","KN296153v1","4098692","4098984","36","112944824"
"chr8","117060515","117060821","KN294466v1","12634","12944","40","117047881"
"chr8","117084245","117084532","KN295974v1","4119355","4119643","41","112964890"
"chr8","117111678","117111972","KN296404v1","3824512","3824802","37","113287166"
"chr8","117224169","117224472","KN296557v1","18517","18814","38","117205652"
"chr8","117225023","117225323","KN295974v1","3009668","3009967","37","114215355"
"chr8","117257304","117257606","KN294850v1","174854","175153","38","117082450"
"chr8","117516692","117516968","KN294251v1","1151512","1151787","38","116365180"
"chr8","117587902","117588185","KN296187v1","1469617","1469900","31","116118285"
"chr8","117726216","117726510","KN295729v1","826689","826980","28","116899527"
"chr8","117727857","117728147","KN294949v1","1309263","1309554","36","116418594"
"chr8","117794834","117795146","KN295564v1","791776","792086","41","117003058"
"chr8","117798981","117799273","KN294592v1","566962","567258","39","117232019"
"chr8","117999038","117999332","KN295430v1","1217885","1218183","37","116781153"
"chr8","118104091","118104401","KN296785v1","16268","16570","41","118087823"
"chr8","118144715","118145014","KN295962v1","1884512","1884811","39","116260203"
"chr8","118179282","118179585","KN294705v1","237979","238279","38","117941303"
"chr8","118208931","118209231","KN296096v1","3330402","3330699","39","114878529"
"chr8","118222315","118222623","KN296864v1","3164724","3165032","42","115057591"
"chr8","118226284","118226570","KN295671v1","310148","310439","41","117916136"
"chr8","118232601","118232878","KN296178v1","192117","192397","32","118040484"
"chr8","118269640","118269954","KN294987v1","414712","415022","44","117854928"
"chr8","118274271","118274578","KN297038v1","1277652","1277962","47","116996619"
"chr8","118278521","118278820","KN296934v1","477615","477917","46","117800906"
"chr8","118288223","118288532","KN296153v1","1336190","1336496","34","116952033"
"chr8","118302443","118302740","KN296938v1","986427","986732","49","117316016"
"chr8","118309758","118310048","KN294977v1","94979","95269","38","118214779"
"chr8","118319048","118319223","KN296281v1","205219","205386","33","118113829"
"chr8","118331010","118331310","KN294998v1","39961","40266","37","118291049"
"chr8","118363617","118363900","KN297133v1","1628202","1628484","36","116735415"
"chr8","118366689","118367001","KN294187v1","1334472","1334758","62","117032217"
"chr8","118381559","118381850","KN294345v1","1089962","1090249","46","117291597"
"chr8","118386794","118387080","KN296191v1","1484873","1485161","38","116901921"
"chr8","118392296","118392603","KN295962v1","2329043","2329352","40","116063253"
"chr8","118406599","118406907","KN295748v1","161587","161896","42","118245012"
"chr8","118441306","118441592","KN295729v1","826689","826980","36","117614617"
"chr8","118441987","118442270","KN297219v1","894388","894671","34","117547599"
"chr8","118458569","118458861","KN294172v1","4281730","4282021","40","114176839"
"chr8","118462840","118463154","KN295571v1","513084","513393","35","117949756"
"chr8","118465183","118465467","KN295236v1","4818873","4819150","38","113646310"
"chr8","118466799","118467094","KN295729v1","826689","826980","35","117640110"
"chr8","118471318","118471558","KN295835v1","199186","199432","45","118272132"
"chr8","118489959","118490241","KN294365v1","2026807","2027091","29","116463152"
"chr8","118502818","118503103","KN295828v1","1026333","1026620","30","117476485"
"chr8","118503823","118504114","KN296062v1","27519","27810","38","118476304"
"chr8","118512587","118512899","KN295607v1","1790329","1790640","41","116722258"
"chr8","118513718","118514018","KN294257v1","1771672","1771973","45","116742046"
"chr8","118514123","118514406","KN297095v1","1116446","1116728","35","117397677"
"chr8","118533354","118533560","KN295977v1","1276894","1277103","52","117256460"
"chr8","118536857","118537143","KN295923v1","880754","881043","36","117656103"
"chr8","118549347","118549512","KN295075v1","296878","297040","29","118252469"
"chr8","118555229","118555538","KN295962v1","1218515","1218823","36","117336714"
"chr8","118556325","118556606","KN294571v1","1062413","1062696","38","117493912"
"chr8","118558151","118558474","KN294172v1","365590","365904","50","118192561"
"chr8","118570154","118570360","KN296311v1","4494592","4494796","25","114075562"
"chr8","118585082","118585389","KN297133v1","962541","962849","38","117622541"
"chr8","118595518","118595807","KN297219v1","2378405","2378683","49","116217113"
"chr8","118596942","118597253","KN295893v1","1528764","1529075","38","117068178"
"chr8","118606936","118607117","KN296036v1","766932","767116","37","117840004"
"chr8","118617178","118617473","KN294456v1","1098138","1098439","46","117519040"
"chr8","118632926","118633232","KN296658v1","4592","4905","31","118628334"
"chr8","118636651","118636959","KN296658v1","851","1149","37","118635800"
"chr8","118639292","118639602","KN294257v1","379317","379626","38","118259975"
"chr8","118642364","118642686","KN294520v1","2853","3161","43","118639511"
"chr8","118681118","118681430","KN294520v1","39328","39638","32","118641790"
"chr8","118713268","118713551","KN294987v1","763070","763353","46","117950198"
"chr8","118727245","118727526","KN294570v1","116175","116454","37","118611070"
"chr8","118737007","118737197","KN296426v1","64367","64561","36","118672640"
"chr8","118780389","118780691","KN294520v1","140361","140670","37","118640028"
"chr8","118798330","118798624","KN294520v1","162151","162445","26","118636179"
"chr8","118816995","118817300","KN297219v1","2267303","2267604","37","116549692"
"chr8","118924693","118924984","KN294520v1","289486","289784","35","118635207"
"chr8","118949975","118950292","KN294520v1","314696","315004","32","118635279"
"chr8","119081169","119081466","KN294520v1","450542","450839","20","118630627"
"chr8","119090036","119090275","KN294520v1","465246","465504","35","118624790"
"chr8","119121279","119121560","KN295907v1","1866654","1866935","32","117254625"
"chr8","119145611","119145914","KN296255v1","572555","572856","32","118573056"
"chr8","119172556","119172872","KN297038v1","1285540","1285851","40","117887016"
"chr8","119181319","119181620","KN297008v1","1825305","1825608","38","117356014"
"chr8","119191389","119191708","KN294520v1","566893","567198","42","118624496"
"chr8","119195707","119196000","KN296153v1","3033016","3033295","49","116162691"
"chr8","119196638","119196932","KN294850v1","174854","175153","37","119021784"
"chr8","119238307","119238579","KN294604v1","515332","515604","34","118722975"
"chr8","119250632","119250934","KN295077v1","620237","620534","37","118630395"
"chr8","119302253","119302551","KN296588v1","938682","938981","29","118363571"
"chr8","119351946","119352243","KN294520v1","730570","730871","33","118621376"
"chr8","119359096","119359416","KN294520v1","737670","737962","54","118621426"
"chr8","119382696","119383004","KN294287v1","337770","338074","49","119044926"
"chr8","119401626","119401933","KN294520v1","782243","782539","27","118619383"
"chr8","119432300","119432604","KN294520v1","813843","814148","33","118618457"
"chr8","119537062","119537373","KN296145v1","740136","740436","36","118796926"
"chr8","119540257","119540562","KN296145v1","740136","740436","36","118800121"
"chr8","119586726","119586947","KN295923v1","2248175","2248419","49","117338551"
"chr8","119614499","119614784","KN294269v1","1190734","1191020","33","118423765"
"chr8","119627566","119627849","KN294633v1","106169","106453","39","119521397"
"chr8","119638655","119638931","KN296153v1","3033016","3033295","39","116605639"
"chr8","119755298","119755594","KN295326v1","192748","193053","44","119562550"
"chr8","119876394","119876644","KN295869v1","1570001","1570244","43","118306393"
"chr8","119983701","119983995","KN294911v1","628968","629266","40","119354733"
"chr8","119991645","119991946","KN295729v1","826689","826980","43","119164956"
"chr8","120048584","120048899","KN297112v1","2451274","2451581","48","117597310"
"chr8","120083431","120083718","KN294520v1","1440385","1440654","43","118643046"
"chr8","120093207","120093506","KN294520v1","1450428","1450722","27","118642779"
"chr8","120107235","120107528","KN294790v1","272636","272926","37","119834599"
"chr8","120143963","120144256","KN294520v1","1501200","1501503","30","118642763"
"chr8","120159346","120159575","KN294713v1","896268","896483","52","119263078"
"chr8","120223580","120223884","KN294520v1","1588492","1588796","32","118635088"
"chr8","120248150","120248456","KN294520v1","1611583","1611873","39","118636567"
"chr8","120256597","120256885","KN294501v1","4140225","4140518","44","116116372"
"chr8","120286655","120286946","KN294520v1","1650226","1650504","35","118636429"
"chr8","120319300","120319599","KN294520v1","1682089","1682396","41","118637211"
"chr8","120345621","120345897","KN296864v1","2415861","2416134","33","117929760"
"chr8","120400710","120401011","KN294520v1","1769414","1769709","31","118631296"
"chr8","120450573","120450867","KN294630v1","92591","92880","43","120357982"
"chr8","120478342","120478636","KN294520v1","1845601","1845896","27","118632741"
"chr8","120516468","120516764","KN296620v1","349918","350214","32","120166550"
"chr8","120521692","120521971","KN294520v1","1893737","1893995","42","118627955"
"chr8","120532204","120532505","KN296349v1","2956","3254","32","120529248"
"chr8","120577427","120577659","KN294520v1","1950192","1950426","23","118627235"
"chr8","120595117","120595427","KN294520v1","1969032","1969338","28","118626085"
"chr8","120693850","120694165","KN295090v1","2719195","2719504","47","117974655"
"chr8","120737639","120737936","KN294520v1","2122007","2122306","20","118615632"
"chr8","120762283","120762562","KN295722v1","1706526","1706805","41","119055757"
"chr8","120812148","120812466","KN294520v1","2208920","2209223","38","118603228"
"chr8","120827197","120827511","KN294520v1","2221942","2222248","33","118605255"
"chr8","120880799","120880910","KN294372v1","2065587","2065703","24","118815212"
"chr8","120881327","120881487","KN297274v1","669566","669731","35","120211761"
"chr8","120912453","120912763","KN295929v1","457065","457374","37","120455388"
"chr8","120973281","120973503","KN295601v1","117027","117250","22","120856254"
"chr8","121123890","121124190","KN294372v1","1098012","1098310","34","120025878"
"chr8","121169856","121170141","KN294571v1","1575904","1576204","49","119593952"
"chr8","121189923","121190227","KN296505v1","355465","355772","42","120834458"
"chr8","121192939","121193192","KN295601v1","341082","341345","33","120851857"
"chr8","121246220","121246526","KN295601v1","394769","395075","32","120851451"
"chr8","121257111","121257409","KN295601v1","408333","408633","24","120848778"
"chr8","121293007","121293310","KN295601v1","449108","449412","29","120843899"
"chr8","121330647","121330941","KN295601v1","484695","484990","27","120845952"
"chr8","121348901","121349201","KN295601v1","502655","502956","20","120846246"
"chr8","121361054","121361314","KN296036v1","300943","301205","39","121060111"
"chr8","121393973","121394287","KN295601v1","552260","552566","39","120841713"
"chr8","121460248","121460545","KN295526v1","764551","764853","32","120695697"
"chr8","121473685","121474003","KN294548v1","183783","184100","50","121289902"
"chr8","121529036","121529355","KN295236v1","4372708","4373024","49","117156328"
"chr8","121532568","121532881","KN295601v1","696519","696844","39","120836049"
"chr8","121549665","121549978","KN295601v1","713260","713584","34","120836405"
"chr8","121581057","121581353","KN295601v1","744168","744466","23","120836889"
"chr8","121584421","121584735","KN296158v1","1175251","1175559","44","120409170"
"chr8","121593930","121594134","KN294957v1","73265","73439","58","121520665"
"chr8","121600935","121601233","KN295601v1","764515","764809","23","120836420"
"chr8","121653404","121653688","KN295059v1","242847","243129","34","121410557"
"chr8","121693768","121694077","KN295601v1","849186","849493","22","120844582"
"chr8","121710307","121710627","KN294172v1","2552899","2553211","52","119157408"
"chr8","121715839","121716133","KN296496v1","785984","786287","39","120929855"
"chr8","121721544","121721834","KN295729v1","826689","826980","31","120894855"
"chr8","121722682","121722964","KN295601v1","877001","877291","34","120845681"
"chr8","121732302","121732565","KN295601v1","886709","886972","19","120845593"
"chr8","121760150","121760457","KN296311v1","497102","497413","40","121263048"
"chr8","121775620","121775886","KN295601v1","930054","930315","32","120845566"
"chr8","121780135","121780367","KN295980v1","874502","874730","46","120905633"
"chr8","121786611","121786908","KN295601v1","943915","944212","38","120842696"
"chr8","121790423","121790734","KN295601v1","946462","946775","34","120843961"
"chr8","121793040","121793349","KN297008v1","5344216","5344525","34","116448824"
"chr8","121796831","121797130","KN296036v1","769191","769486","33","121027640"
"chr8","121798137","121798428","KN295601v1","954839","955126","23","120843298"
"chr8","121802207","121802491","KN296378v1","199560","199845","36","121602647"
"chr8","121828848","121829149","KN295735v1","713972","714275","35","121114876"
"chr8","121838585","121838880","KN295601v1","991863","992161","26","120846722"
"chr8","121841796","121842096","KN297200v1","429736","430036","36","121412060"
"chr8","121855086","121855377","KN295601v1","1008257","1008548","17","120846829"
"chr8","121863417","121863720","KN295601v1","1017970","1018268","21","120845447"
"chr8","121864951","121865245","KN295601v1","1019478","1019772","26","120845473"
"chr8","121866806","121867082","KN296454v1","102542","102816","37","121764264"
"chr8","121869635","121869920","KN295236v1","4141001","4141296","38","117728634"
"chr8","121880530","121880808","KN295239v1","17356","17653","46","121863174"
"chr8","121894504","121894784","KN295601v1","1049545","1049828","23","120844959"
"chr8","121904700","121905011","KN297442v1","1612430","1612738","36","120292270"
"chr8","121918271","121918554","KN294235v1","307834","308121","37","121610437"
"chr8","121927995","121928215","KN296682v1","3000428","3000645","31","118927567"
"chr8","121928354","121928647","KN295601v1","1084418","1084719","28","120843936"
"chr8","121932163","121932457","KN294647v1","185532","185822","35","121746631"
"chr8","121934991","121935286","KN295601v1","1091469","1091772","30","120843522"
"chr8","121947700","121948001","KN295601v1","1104132","1104426","30","120843568"
"chr8","121964500","121964804","KN295601v1","1120662","1120967","26","120843838"
"chr8","121974645","121974951","KN295601v1","1129939","1130251","31","120844706"
"chr8","122012602","122012870","KN294325v1","1015154","1015416","50","120997448"
"chr8","122037902","122038211","KN295601v1","1198047","1198353","39","120839855"
"chr8","122038905","122039168","KN295601v1","1199062","1199338","35","120839843"
"chr8","122050798","122051096","KN294634v1","512217","512518","33","121538581"
"chr8","122091290","122091571","KN294733v1","524906","525190","41","121566384"
"chr8","122097042","122097332","KN295601v1","1256036","1256332","30","120841006"
"chr8","122100527","122100852","KN295601v1","1258377","1258698","39","120842150"
"chr8","122104917","122105203","KN295601v1","1261198","1261485","42","120843719"
"chr8","122108306","122108598","KN295601v1","1264388","1264687","26","120843918"
"chr8","122112860","122113157","KN295601v1","1268862","1269156","34","120843998"
"chr8","122115028","122115327","KN295607v1","4377455","4377758","48","117737573"
"chr8","122125518","122125818","KN294995v1","15599","15901","43","122109919"
"chr8","122155035","122155338","KN296810v1","26632","26932","59","122128403"
"chr8","122160891","122161202","KN295601v1","1314871","1315175","37","120846020"
"chr8","122170528","122170828","KN295893v1","1553612","1553914","39","120616916"
"chr8","122195121","122195415","KN295601v1","1347256","1347550","29","120847865"
"chr8","122197534","122197831","KN295601v1","1349993","1350296","29","120847541"
"chr8","122205940","122206234","KN294571v1","890748","891049","37","121315192"
"chr8","122209421","122209706","KN296643v1","320291","320573","36","121889130"
"chr8","122252680","122252982","KN295601v1","1404435","1404740","28","120848245"
"chr8","122381238","122381522","KN295601v1","1534155","1534449","35","120847083"
"chr8","122451963","122452265","KN295487v1","52973","53281","42","122398990"
"chr8","122457751","122458059","KN295601v1","1612319","1612631","26","120845432"
"chr8","122468171","122468468","KN295601v1","1625065","1625361","27","120843106"
"chr8","122481097","122481401","KN294470v1","181279","181579","41","122299818"
"chr8","122524232","122524554","KN296551v1","34304","34618","45","122489928"
"chr8","122596734","122597013","KN295601v1","1746740","1747019","19","120849994"
"chr8","122627841","122627983","KN297008v1","1669427","1669569","19","120958414"
"chr8","122765311","122765617","KN295601v1","1925977","1926283","30","120839334"
"chr8","122768709","122769013","KN297008v1","1825305","1825608","29","120943404"
"chr8","122799566","122799874","KN295601v1","1964241","1964535","31","120835325"
"chr8","122813020","122813313","KN295601v1","1978092","1978388","25","120834928"
"chr8","122848228","122848538","KN295601v1","2021340","2021640","34","120826888"
"chr8","122862774","122863072","KN295091v1","2692987","2693285","36","120169787"
"chr8","122863903","122864196","KN295601v1","2037792","2038078","31","120826111"
"chr8","122882486","122882759","KN295034v1","195596","195852","55","122686890"
"chr8","122887875","122888210","KN295601v1","2064169","2064479","42","120823706"
"chr8","122889797","122890099","KN295601v1","2066085","2066377","27","120823712"
"chr8","122898042","122898352","KN295601v1","2072914","2073216","32","120825128"
"chr8","122913124","122913433","KN295735v1","1160753","1161064","38","121752371"
"chr8","122925067","122925378","KN295735v1","1160753","1161064","38","121764314"
"chr8","122947651","122947953","KN295601v1","2127814","2128126","34","120819837"
"chr8","122950587","122950897","KN295601v1","2130762","2131068","31","120819825"
"chr8","122956781","122957085","KN294199v1","636506","636815","39","122320275"
"chr8","122961387","122961670","KN295371v1","448057","448341","33","122513330"
"chr8","122966503","122966767","KN295315v1","1906739","1907007","46","121059764"
"chr8","122968737","122969022","KN295601v1","2151103","2151385","20","120817634"
"chr8","122992306","122992611","KN294911v1","2389002","2389309","31","120603304"
"chr8","123052597","123052899","KN295601v1","2242948","2243246","28","120809649"
"chr8","123104699","123104996","KN294458v1","1049177","1049481","48","122055522"
"chr8","123109171","123109475","KN295607v1","4406348","4406645","39","118702823"
"chr8","123125610","123125873","KN296569v1","479237","479499","32","122646373"
"chr8","123127786","123128080","KN295601v1","2322283","2322584","29","120805503"
"chr8","123155572","123155854","KN295601v1","2349686","2349969","20","120805886"
"chr8","123160723","123161027","KN296507v1","582388","582694","46","122578335"
"chr8","123161842","123162175","KN295601v1","2355307","2355615","60","120806535"
"chr8","123168399","123168708","KN295601v1","2362139","2362436","31","120806260"
"chr8","123183739","123184040","KN296649v1","502099","502397","34","122681640"
"chr8","123184509","123184802","KN295601v1","2377283","2377586","35","120807226"
"chr8","123191436","123191735","KN296404v1","1150048","1150343","33","122041388"
"chr8","123197450","123197752","KN295601v1","2389218","2389517","24","120808232"
"chr8","123202113","123202411","KN295601v1","2394173","2394476","28","120807940"
"chr8","123237475","123237783","KN295601v1","2427249","2427558","34","120810226"
"chr8","123252119","123252359","KN297186v1","50383","50628","45","123201736"
"chr8","123259034","123259320","KN294147v1","1191891","1192182","36","122067143"
"chr8","123262767","123263073","KN294269v1","243418","243728","41","123019349"
"chr8","123272941","123273239","KN296311v1","854862","855163","29","122418079"
"chr8","123274808","123275100","KN295601v1","2465359","2465661","35","120809449"
"chr8","123326358","123326604","KN295601v1","2518156","2518403","32","120808202"
"chr8","123346956","123347121","KN294713v1","386007","386172","21","122960949"
"chr8","123365214","123365510","KN294181v1","1437190","1437488","37","121928024"
"chr8","123365727","123365995","KN295601v1","2559814","2560085","18","120805913"
"chr8","123369703","123369994","KN295601v1","2563793","2564089","30","120805910"
"chr8","123407145","123407447","KN295090v1","786208","786506","40","122620937"
"chr8","123432585","123432876","KN295601v1","2628239","2628534","26","120804346"
"chr8","123434070","123434377","KN295601v1","2629724","2630033","17","120804346"
"chr8","123438529","123438700","KN296926v1","1252061","1252246","30","122186468"
"chr8","123449625","123449921","KN294470v1","2986559","2986857","43","120463066"
"chr8","123467751","123468051","KN294470v1","2153527","2153827","42","121314224"
"chr8","123479003","123479304","KN295601v1","2675082","2675391","36","120803921"
"chr8","123513758","123514027","KN295601v1","2706433","2706709","35","120807325"
"chr8","123519094","123519396","KN295366v1","78980","79290","49","123440114"
"chr8","123543065","123543351","KN294172v1","6693401","6693683","41","116849664"
"chr8","123545943","123546246","KN295601v1","2739384","2739681","31","120806559"
"chr8","123547376","123547588","KN295406v1","275159","275372","38","123272217"
"chr8","123563410","123563702","KN295601v1","2756878","2757170","26","120806532"
"chr8","123708763","123709060","KN295601v1","2910991","2911295","40","120797772"
"chr8","123718863","123719148","KN296153v1","2393235","2393519","42","121325628"
"chr8","123724881","123725167","KN294407v1","157922","158207","37","123566959"
"chr8","123727021","123727285","KN295601v1","2928538","2928810","23","120798483"
"chr8","123737653","123737958","KN295601v1","2938864","2939158","38","120798789"
"chr8","123758680","123758975","KN295601v1","2960042","2960335","30","120798638"
"chr8","123765593","123765885","KN294257v1","1588821","1589115","36","122176772"
"chr8","123778071","123778372","KN295601v1","2980988","2981285","34","120797083"
"chr8","123782270","123782542","KN295601v1","2985194","2985471","28","120797076"
"chr8","123784233","123784536","KN294470v1","518751","519054","45","123265482"
"chr8","123790120","123790408","KN295601v1","2996101","2996392","44","120794019"
"chr8","123802430","123802721","KN295601v1","3005781","3006050","49","120796649"
"chr8","123803743","123804040","KN295719v1","189138","189434","45","123614605"
"chr8","123818006","123818284","KN295601v1","3021332","3021620","34","120796674"
"chr8","123873565","123873858","KN296557v1","13515","13811","41","123860050"
"chr8","123925400","123925699","KN296496v1","988332","988629","35","122937068"
"chr8","123926162","123926430","KN295236v1","5823425","5823703","44","118102737"
"chr8","123951198","123951503","KN295601v1","3151934","3152236","27","120799264"
"chr8","123967351","123967654","KN295601v1","3167275","3167581","31","120800076"
"chr8","123968095","123968397","KN295601v1","3167990","3168297","22","120800105"
"chr8","123982697","123983007","KN296487v1","131647","131949","46","123851050"
"chr8","124008883","124009178","KN296311v1","4510248","4510545","45","119498635"
"chr8","124033070","124033359","KN295601v1","3232292","3232583","23","120800778"
"chr8","124039132","124039426","KN295601v1","3238589","3238887","18","120800543"
"chr8","124047265","124047553","KN295096v1","2965990","2966278","27","121081275"
"chr8","124055458","124055756","KN295601v1","3254616","3254901","33","120800842"
"chr8","124057285","124057533","KN295601v1","3256681","3256942","32","120800604"
"chr8","124061170","124061465","KN296153v1","1090111","1090408","32","122971059"
"chr8","124065238","124065528","KN295366v1","124181","124471","34","123941057"
"chr8","124068683","124068981","KN296743v1","348267","348572","38","123720416"
"chr8","124072527","124072844","KN294987v1","124415","124728","46","123948112"
"chr8","124077539","124077853","KN296153v1","863239","863546","34","123214300"
"chr8","124096038","124096257","KN296426v1","64367","64561","54","124031671"
"chr8","124097393","124097510","KN295708v1","1589585","1589715","39","122507808"
"chr8","124124224","124124524","KN296365v1","1595427","1595725","41","122528797"
"chr8","124125804","124126097","KN296063v1","1388665","1388960","43","122737139"
"chr8","124140204","124140512","KN295748v1","161587","161896","41","123978617"
"chr8","124142600","124142926","KN296731v1","1440905","1441210","54","122701695"
"chr8","124144183","124144463","KN295371v1","1078869","1079149","40","123065314"
"chr8","124150218","124150409","KN296426v1","64367","64561","35","124085851"
"chr8","124158282","124158583","KN296158v1","1175251","1175559","45","122983031"
"chr8","124162245","124162533","KN294375v1","891625","891917","39","123270620"
"chr8","124178328","124178617","KN296145v1","1818938","1819217","48","122359390"
"chr8","124188233","124188507","KN294911v1","4607907","4608180","52","119580326"
"chr8","124190589","124190884","KN297276v1","143691","143993","37","124046898"
"chr8","124233296","124233594","KN295708v1","2570337","2570640","41","121662959"
"chr8","124235140","124235448","KN297133v1","61948","62256","31","124173192"
"chr8","124236938","124237251","KN296484v1","351750","352061","44","123885188"
"chr8","124295080","124295359","KN297274v1","2008716","2008997","38","122286364"
"chr8","124342869","124343179","KN295592v1","2038165","2038468","45","122304704"
"chr8","124343945","124344211","KN294172v1","1540690","1540957","41","122803255"
"chr8","124373205","124373441","KN295405v1","757351","757593","49","123615854"
"chr8","124395007","124395246","KN295835v1","199186","199432","55","124195821"
"chr8","124558405","124558668","KN295075v1","40195","40452","42","124518210"
"chr8","124580375","124580676","KN295368v1","726480","726784","37","123853895"
"chr8","124634549","124634850","KN294539v1","1287945","1288241","36","123346604"
"chr8","124766810","124767136","KN294335v1","553358","553676","52","124213452"
"chr8","124933651","124933965","KN294803v1","119274","119577","46","124814377"
"chr8","125037190","125037474","KN296019v1","412819","413103","39","124624371"
"chr8","125078176","125078469","KN294269v1","421951","422243","35","124656225"
"chr8","125085090","125085305","KN295977v1","1276894","1277103","57","123808196"
"chr8","125097358","125097633","KN297242v1","525320","525591","49","124572038"
"chr8","125107463","125107779","KN296157v1","885718","886029","47","124221745"
"chr8","125111968","125112268","KN296153v1","1090111","1090408","44","124021857"
"chr8","125124630","125124931","KN294790v1","163386","163690","36","124961244"
"chr8","125161758","125162061","KN296883v1","878376","878679","47","124283382"
"chr8","125171291","125171611","KN295607v1","4377455","4377758","44","120793836"
"chr8","125187854","125188142","KN296620v1","349918","350214","45","124837936"
"chr8","125190217","125190513","KN296153v1","1115266","1115561","36","124074951"
"chr8","125198947","125199238","KN295995v1","1745087","1745385","46","123453860"
"chr8","125215821","125216132","KN296311v1","854862","855163","42","124360959"
"chr8","125217879","125218190","KN296682v1","4688204","4688514","35","120529675"
"chr8","125221104","125221408","KN296303v1","662776","663079","40","124558328"
"chr8","125222462","125222763","KN294345v1","1184842","1185136","37","124037620"
"chr8","125223051","125223349","KN297227v1","1000875","1001175","46","124222176"
"chr8","125224944","125225246","KN295722v1","1373842","1374147","42","123851102"
"chr8","125225736","125226012","KN297159v1","1732072","1732352","56","123493664"
"chr8","125233154","125233425","KN294172v1","650854","651126","36","124582300"
"chr8","125249391","125249668","KN295984v1","391023","391296","41","124858368"
"chr8","125276364","125276663","KN295107v1","300735","301027","40","124975629"
"chr8","125279556","125279867","KN294245v1","511576","511887","40","124767980"
"chr8","125282278","125282568","KN295260v1","1916794","1917085","46","123365484"
"chr8","125301074","125301232","KN295365v1","746369","746530","21","124554705"
"chr8","125396866","125397153","KN294647v1","185532","185822","35","125211334"
"chr8","125410406","125410708","KN294509v1","1199456","1199754","45","124210950"
"chr8","125412256","125412534","KN295166v1","240894","241172","44","125171362"
"chr8","125515199","125515494","KN296096v1","3114506","3114803","38","122400693"
"chr8","125537959","125538260","KN296508v1","297583","297883","38","125240376"
"chr8","125562449","125562753","KN295835v1","102943","103243","38","125459506"
"chr8","125587541","125587859","KN295666v1","381909","382219","45","125205632"
"chr8","125774896","125775175","KN295708v1","853452","853731","38","124921444"
"chr8","125800341","125800626","KN296526v1","176500","176785","39","125623841"
"chr8","125962068","125962405","KN295854v1","1642331","1642665","50","124319737"
"chr8","125988273","125988558","KN294548v1","1329635","1329920","41","124658638"
"chr8","125996750","125996906","KN297404v1","166788","166945","29","125829962"
"chr8","126029358","126029658","KN296495v1","633501","633812","51","125395857"
"chr8","126065995","126066295","KN295343v1","729289","729587","33","125336706"
"chr8","126090216","126090516","KN294569v1","507618","507921","37","125582598"
"chr8","126149610","126149912","KN296261v1","261747","262047","45","125887863"
"chr8","126156558","126156869","KN296879v1","985767","986076","42","125170791"
"chr8","126185841","126186153","KN297203v1","1243976","1244285","55","124941865"
"chr8","126301888","126302198","KN294407v1","2157068","2157379","42","124144820"
"chr8","126370754","126371067","KN296303v1","263283","263585","53","126107471"
"chr8","126394293","126394586","KN294407v1","598111","598399","44","125796182"
"chr8","126434257","126434547","KN296153v1","2393235","2393519","46","124041022"
"chr8","126435939","126436232","KN294526v1","373503","373786","48","126062436"
"chr8","126439630","126439925","KN295075v1","102368","102662","36","126337262"
"chr8","126466769","126467076","KN296244v1","448160","448468","38","126018609"
"chr8","126469810","126470112","KN296507v1","573042","573342","41","125896768"
"chr8","126473565","126473852","KN296536v1","707686","707977","44","125765879"
"chr8","126484720","126485044","KN295459v1","1030536","1030859","44","125454184"
"chr8","126492118","126492429","KN294462v1","663264","663573","36","125828854"
"chr8","126500002","126500122","KN296727v1","4405","4507","31","126495597"
"chr8","126521829","126522102","KN296096v1","2734524","2734798","43","123787305"
"chr8","126534458","126534754","KN294457v1","947372","947669","47","125587086"
"chr8","126537224","126537513","KN294287v1","331549","331839","53","126205675"
"chr8","126541078","126541362","KN295977v1","19914","20198","39","126521164"
"chr8","126542244","126542579","KN295459v1","1416836","1417149","55","125125408"
"chr8","126546251","126546544","KN294193v1","425211","425504","33","126121040"
"chr8","126553879","126554181","KN294856v1","158144","158448","42","126395735"
"chr8","126556214","126556511","KN294705v1","186396","186702","45","126369818"
"chr8","126571865","126572176","KN296310v1","934750","935050","45","125637115"
"chr8","126596924","126597214","KN296484v1","733487","733776","38","125863437"
"chr8","126663752","126664059","KN295480v1","1514936","1515236","49","125148816"
"chr8","126789345","126789631","KN296119v1","213999","214295","44","126575346"
"chr8","126792292","126792589","KN294378v1","1504358","1504668","46","125287934"
"chr8","126841588","126841877","KN296508v1","659940","660226","31","126181648"
"chr8","126854849","126855140","KN296596v1","295533","295823","40","126559316"
"chr8","126898219","126898442","KN296315v1","1938166","1938391","31","124960053"
"chr8","126911429","126911739","KN296503v1","58212","58521","36","126853217"
"chr8","126937673","126937981","KN297322v1","1224244","1224547","37","125713429"
"chr8","126985694","126986008","KN296503v1","58212","58521","51","126927482"
"chr8","126990411","126990729","KN294456v1","612494","612802","39","126377917"
"chr8","127091314","127091545","KN297154v1","516244","516481","55","126575070"
"chr8","127118011","127118312","KN295791v1","50627","50944","42","127067384"
"chr8","127157363","127157672","KN295791v1","90531","90843","27","127066832"
"chr8","127160587","127160882","KN295791v1","93598","93893","26","127066989"
"chr8","127371340","127371632","KN295074v1","1355803","1356093","42","126015537"
"chr8","127450500","127450789","KN297038v1","657887","658176","41","126792613"
"chr8","127523484","127523756","KN296311v1","5260065","5260338","46","122263419"
"chr8","127550715","127551030","KN296959v1","539775","540084","46","127010940"
"chr8","127551882","127552187","KN294269v1","173326","173630","41","127378556"
"chr8","127552562","127552783","KN295406v1","275159","275372","53","127277403"
"chr8","127587216","127587512","KN294561v1","1084406","1084703","39","126502810"
"chr8","127835906","127836204","KN294964v1","1832698","1833002","36","126003208"
"chr8","127933409","127933709","KN296486v1","633470","633771","32","127299939"
"chr8","127990391","127990697","KN296934v1","477615","477917","36","127512776"
"chr8","127996242","127996530","KN296319v1","542619","542916","38","127453623"
"chr8","127997221","127997516","KN295523v1","3030953","3031248","34","124966268"
"chr8","128056462","128056763","KN297023v1","480259","480560","38","127576203"
"chr8","128178097","128178395","KN296907v1","91025","91308","38","128087072"
"chr8","128195527","128195807","KN296907v1","108568","108850","16","128086959"
"chr8","128225303","128225612","KN296907v1","135138","135448","29","128090165"
"chr8","128437190","128437487","KN296907v1","352815","353110","26","128084375"
"chr8","128496866","128497162","KN296153v1","1090111","1090408","31","127406755"
"chr8","128549036","128549334","KN294456v1","1098138","1098439","33","127450898"
"chr8","128613503","128613806","KN294998v1","39961","40266","46","128573542"
"chr8","128617160","128617465","KN296907v1","537621","537915","30","128079539"
"chr8","128623794","128624100","KN296907v1","543922","544222","25","128079872"
"chr8","128654412","128654715","KN296157v1","1204996","1205297","40","127449416"
"chr8","128656968","128657264","KN296907v1","575546","575838","24","128081422"
"chr8","128671760","128672056","KN294644v1","85408","85699","34","128586352"
"chr8","128686597","128686878","KN294911v1","4607907","4608180","61","124078690"
"chr8","128689503","128689802","KN296907v1","607995","608298","30","128081508"
"chr8","128692296","128692575","KN296907v1","610813","611093","29","128081483"
"chr8","128694608","128694906","KN294181v1","145618","145914","32","128548990"
"chr8","128695999","128696288","KN295090v1","1516878","1517168","38","127179121"
"chr8","128699929","128700236","KN296907v1","618094","618400","21","128081835"
"chr8","128751939","128752235","KN294991v1","724427","724724","45","128027512"
"chr8","128773741","128774028","KN296907v1","694576","694861","32","128079165"
"chr8","128793274","128793567","KN296496v1","500371","500668","38","128292903"
"chr8","128835828","128836087","KN296907v1","759494","759752","28","128076334"
"chr8","128848997","128849279","KN296907v1","773471","773764","29","128075526"
"chr8","128863772","128863974","KN296907v1","788683","788862","35","128075089"
"chr8","128919065","128919382","KN294199v1","636506","636815","51","128282559"
"chr8","128972311","128972624","KN296907v1","900013","900301","53","128072298"
"chr8","129052448","129052684","KN296907v1","980616","980853","15","128071832"
"chr8","129064047","129064341","KN294193v1","617208","617502","33","128446839"
"chr8","129069840","129070062","KN296643v1","363205","363447","53","128706635"
"chr8","129077777","129078074","KN294917v1","405138","405434","31","128672639"
"chr8","129079659","129079955","KN294180v1","5181","5476","37","129074478"
"chr8","129095187","129095472","KN296907v1","1019780","1020065","19","128075407"
"chr8","129115921","129116215","KN296620v1","349918","350214","37","128766003"
"chr8","129121559","129121870","KN296907v1","1047555","1047873","32","128074004"
"chr8","129150236","129150543","KN296907v1","1077849","1078161","35","128072387"
"chr8","129156665","129156982","KN294592v1","1381893","1382209","45","127774772"
"chr8","129178587","129178898","KN294199v1","636506","636815","39","128542081"
"chr8","129210162","129210472","KN296907v1","1138450","1138756","34","128071712"
"chr8","129234742","129235051","KN296907v1","1157952","1158261","17","128076790"
"chr8","129303138","129303443","KN296311v1","3194235","3194543","41","126108903"
"chr8","129320124","129320435","KN294387v1","2506653","2506963","40","126813471"
"chr8","129482087","129482374","KN294978v1","1002089","1002376","44","128479998"
"chr8","129640699","129640993","KN294457v1","143891","144185","40","129496808"
"chr8","129964176","129964477","KN296588v1","289027","289334","39","129675149"
"chr8","130071844","130072153","KN294957v1","62097","62408","36","130009747"
"chr8","130077675","130077978","KN297442v1","240570","240874","36","129837105"
"chr8","130273272","130273505","KN294917v1","319222","319486","64","129954050"
"chr8","130316805","130317069","KN297184v1","925775","926049","45","129391030"
"chr8","130329985","130330291","KN295236v1","4249040","4249346","39","126080945"
"chr8","130448489","130448698","KN295405v1","757351","757593","65","129691138"
"chr8","130456924","130457221","KN295984v1","2669149","2669452","48","127787775"
"chr8","130502601","130502902","KN295984v1","2669149","2669452","44","127833452"
"chr8","130762623","130762886","KN296682v1","3482878","3483136","46","127279745"
"chr8","130796831","130797122","KN296145v1","2823022","2823312","33","127973809"
"chr8","130814675","130814988","KN294269v1","674791","675103","37","130139884"
"chr8","130818142","130818453","KN294957v1","62097","62408","37","130756045"
"chr8","130887611","130887908","KN294446v1","240983","241287","41","130646628"
"chr8","130908452","130908724","KN294604v1","515332","515604","45","130393120"
"chr8","130923781","130924072","KN294592v1","1268208","1268509","35","129655573"
"chr8","130966661","130966952","KN294161v1","945982","946272","42","130020679"
"chr8","131105109","131105402","KN295090v1","2916268","2916560","43","128188841"
"chr8","131152421","131152607","KN295930v1","759567","759739","34","130392854"
"chr8","131201696","131201965","KN296187v1","2254802","2255074","45","128946894"
"chr8","131237336","131237632","KN297159v1","2738831","2739124","39","128498505"
"chr8","131452928","131453208","KN294234v1","359060","359337","41","131093868"
"chr8","131497975","131498274","KN294456v1","1098138","1098439","37","130399837"
"chr8","131623887","131624184","KN295586v1","1834408","1834703","38","129789479"
"chr8","131733000","131733299","KN294911v1","628968","629266","37","131104032"
"chr8","131761610","131761897","KN294879v1","1212125","1212410","43","130549485"
"chr8","131763789","131764131","KN294619v1","1176489","1176829","55","130587300"
"chr8","131853683","131853985","KN295607v1","4377455","4377758","43","127476228"
"chr8","131897414","131897726","KN294421v1","376479","376787","47","131520935"
"chr8","131964379","131964701","KN294147v1","944827","945153","57","131019552"
"chr8","131966905","131967216","KN294536v1","1867889","1868199","37","130099016"
"chr8","132016072","132016336","KN294172v1","1540690","1540957","36","130475382"
"chr8","132032213","132032515","KN297245v1","1416081","1416379","36","130616132"
"chr8","132083411","132083729","KN295096v1","4349841","4350172","49","127733570"
"chr8","132085433","132085733","KN296175v1","228274","228571","54","131857159"
"chr8","132138344","132138629","KN294193v1","568677","568960","49","131569667"
"chr8","132187944","132188252","KN295405v1","1404748","1405060","35","130783196"
"chr8","132192578","132192881","KN296303v1","662776","663079","37","131529802"
"chr8","132202364","132202678","KN296864v1","1439405","1439716","35","130762959"
"chr8","132220801","132221087","KN296820v1","1306714","1306983","53","130914087"
"chr8","132242042","132242358","KN297008v1","1419999","1420309","35","130822043"
"chr8","132272284","132272577","KN296096v1","2267406","2267701","35","130004878"
"chr8","132287028","132287331","KN296825v1","1845358","1845659","45","130441670"
"chr8","132289268","132289540","KN294570v1","116175","116454","44","132173093"
"chr8","132295356","132295631","KN295666v1","408172","408441","43","131887184"
"chr8","132336514","132336818","KN295708v1","219821","220134","44","132116693"
"chr8","132351897","132352187","KN296928v1","78552","78846","43","132273345"
"chr8","132356384","132356659","KN295319v1","617575","617852","41","131738809"
"chr8","132374697","132374999","KN295814v1","1005137","1005439","34","131369560"
"chr8","132385066","132385362","KN297094v1","108687","108989","30","132276379"
"chr8","132417364","132417715","KN295523v1","4016869","4017218","63","128400495"
"chr8","132526904","132527202","KN294262v1","1563960","1564257","28","130962944"
"chr8","132638910","132639121","KN296357v1","36224","36429","43","132602686"
"chr8","132641625","132641902","KN295708v1","853452","853731","45","131788173"
"chr8","132686643","132686942","KN295449v1","767067","767372","41","131919576"
"chr8","132693111","132693419","KN297044v1","173447","173756","41","132519664"
"chr8","132719025","132719327","KN295045v1","381705","382005","39","132337320"
"chr8","132720257","132720552","KN296205v1","876398","876691","42","131843859"
"chr8","132785354","132785649","KN295038v1","1479503","1479796","40","131305851"
"chr8","132802410","132802719","KN294205v1","468827","469136","47","132333583"
"chr8","132873993","132874291","KN296495v1","1038011","1038312","44","131835982"
"chr8","133028890","133029183","KN296884v1","1685516","1685808","51","131343374"
"chr8","133087126","133087407","KN294345v1","1119451","1119736","52","131967675"
"chr8","133123277","133123574","KN294433v1","594314","594613","42","132528963"
"chr8","133131992","133132284","KN294325v1","869926","870221","39","132262066"
"chr8","133401792","133401955","KN295102v1","122392","122558","26","133279400"
"chr8","133402740","133403052","KN295301v1","761923","762233","40","132640817"
"chr8","133448073","133448385","KN296303v1","514845","515157","33","132933228"
"chr8","133449151","133449453","KN296386v1","377664","377967","36","133071487"
"chr8","133464580","133464879","KN296926v1","1049515","1049816","41","132415065"
"chr8","133518418","133518704","KN294172v1","5481536","5481820","43","128036882"
"chr8","133534385","133534688","KN295459v1","673095","673397","32","132861290"
"chr8","133545728","133546015","KN296153v1","1115266","1115561","38","132430462"
"chr8","133601960","133602246","KN296406v1","55784","56073","50","133546176"
"chr8","133725768","133726079","KN295736v1","4053099","4053415","33","129672669"
"chr8","133729000","133729305","KN295736v1","4049854","4050159","27","129679146"
"chr8","133832272","133832583","KN295736v1","3946324","3946635","37","129885948"
"chr8","133955798","133956093","KN296481v1","198734","199033","31","133757064"
"chr8","134114617","134114914","KN295091v1","2692987","2693285","36","131421630"
"chr8","134140560","134140787","KN295940v1","602089","602311","56","133538471"
"chr8","134190189","134190496","KN295736v1","3624012","3624316","35","130566177"
"chr8","134277405","134277707","KN295736v1","3052281","3052585","31","131225124"
"chr8","134289976","134290284","KN294326v1","309006","309309","40","133980970"
"chr8","134411761","134412068","KN295736v1","3416258","3416573","41","130995503"
"chr8","134415930","134416237","KN295736v1","3416258","3416573","41","130999672"
"chr8","134475768","134476089","KN295368v1","2528636","2528940","47","131947132"
"chr8","134575163","134575423","KN295736v1","3265408","3265681","32","131309755"
"chr8","134586170","134586456","KN294172v1","5828976","5829275","47","128757194"
"chr8","134648379","134648674","KN295736v1","3195249","3195545","31","131453130"
"chr8","134902987","134903283","KN295736v1","2953698","2953989","32","131949289"
"chr8","134944017","134944325","KN296303v1","514845","515157","41","134429172"
"chr8","134954461","134954764","KN294911v1","628968","629266","46","134325493"
"chr8","135008647","135008951","KN295736v1","2833535","2833840","23","132175112"
"chr8","135035918","135036195","KN295736v1","2806159","2806444","29","132229759"
"chr8","135133947","135134244","KN295736v1","2711691","2712005","41","132422256"
"chr8","135177624","135177899","KN296270v1","202883","203165","53","134974741"
"chr8","135185622","135185918","KN297197v1","699015","699311","33","134486607"
"chr8","135187650","135187946","KN297112v1","5763457","5763755","38","129424193"
"chr8","135207836","135208090","KN295736v1","2633010","2633266","24","132574826"
"chr8","135239335","135239647","KN294205v1","122676","122974","45","135116659"
"chr8","135269712","135270007","KN295736v1","2565560","2565852","29","132704152"
"chr8","135286366","135286671","KN296306v1","3686137","3686439","39","131600229"
"chr8","135468875","135469175","KN295282v1","105605","105903","40","135363270"
"chr8","135526321","135526644","KN296484v1","351750","352061","49","135174571"
"chr8","135845191","135845519","KN295736v1","1964206","1964510","46","133880985"
"chr8","135994290","135994536","KN297327v1","575949","576201","45","135418341"
"chr8","135995768","135996027","KN296580v1","1072261","1072523","43","134923507"
"chr8","136010210","136010481","KN295736v1","1800874","1801153","30","134209336"
"chr8","136036544","136036786","KN297038v1","1165191","1165418","53","134871353"
"chr8","136143942","136144216","KN294187v1","1086115","1086390","39","135057827"
"chr8","136223830","136224140","KN295736v1","1603980","1604285","34","134619850"
"chr8","136289531","136289843","KN297445v1","1504441","1504746","41","134785090"
"chr8","136353514","136353785","KN294470v1","1342873","1343145","32","135010641"
"chr8","136519381","136519681","KN296036v1","769191","769486","37","135750190"
"chr8","136524610","136524914","KN295736v1","1298948","1299252","33","135225662"
"chr8","136528653","136528945","KN294630v1","347871","348153","52","136180782"
"chr8","136574474","136574757","KN294407v1","637394","637683","41","135937080"
"chr8","136608322","136608623","KN295736v1","1234536","1234832","40","135373786"
"chr8","136648250","136648558","KN295736v1","1190280","1190589","34","135457970"
"chr8","136737434","136737756","KN295736v1","1100745","1101051","41","135636689"
"chr8","136779816","136780131","KN295736v1","1063775","1064101","46","135716041"
"chr8","136813656","136813958","KN296833v1","30824","31126","38","136782832"
"chr8","136813985","136814271","KN297056v1","22273","22562","48","136791712"
"chr8","136891384","136891697","KN295736v1","958678","958982","35","135932706"
"chr8","136931495","136931782","KN295736v1","919665","919966","41","136011830"
"chr8","136961356","136961667","KN295736v1","889789","890096","29","136071567"
"chr8","137010777","137011083","KN295736v1","842860","843158","25","136167917"
"chr8","137035985","137036272","KN296086v1","519864","520141","47","136516121"
"chr8","137039249","137039544","KN295736v1","813419","813713","30","136225830"
"chr8","137090626","137090914","KN294407v1","598111","598399","44","136492515"
"chr8","137105943","137106248","KN295736v1","748568","748876","32","136357375"
"chr8","137111263","137111567","KN295736v1","743026","743330","25","136368237"
"chr8","137183550","137183851","KN296011v1","48434","48734","51","137135116"
"chr8","137213610","137213910","KN297047v1","1316088","1316386","35","135897522"
"chr8","137342469","137342766","KN296503v1","544133","544430","40","136798336"
"chr8","137398055","137398357","KN296322v1","2692700","2693002","32","134705355"
"chr8","137491117","137491416","KN294548v1","1161001","1161308","44","136330116"
"chr8","137508959","137509040","KN294372v1","1446947","1447025","26","136062012"
"chr8","137557753","137558098","KN296036v1","2271433","2271760","68","135286320"
"chr8","137564349","137564656","KN295736v1","291271","291571","40","137273078"
"chr8","137593702","137594008","KN294172v1","4001304","4001611","32","133592398"
"chr8","137622454","137622753","KN295814v1","1261993","1262292","41","136360461"
"chr8","137627130","137627438","KN295736v1","228665","228976","42","137398465"
"chr8","137644764","137645100","KN295736v1","212164","212475","62","137432600"
"chr8","137648454","137648757","KN295736v1","208864","209162","23","137439590"
"chr8","137658544","137658854","KN295736v1","197189","197498","27","137461355"
"chr8","137671723","137672041","KN296244v1","14307","14626","41","137657416"
"chr8","137683592","137683905","KN296019v1","548590","548901","42","137135002"
"chr8","137715728","137716027","KN294665v1","133847","134138","35","137581881"
"chr8","137736611","137736918","KN297023v1","345742","346042","46","137390869"
"chr8","137797947","137798253","KN296157v1","885718","886029","41","136912229"
"chr8","138022975","138023156","KN294957v1","73265","73439","36","137949710"
"chr8","138045860","138046156","KN295302v1","216801","217098","39","137829059"
"chr8","138059735","138060031","KN295459v1","1487785","1488081","42","136571950"
"chr8","138136054","138136370","KN295236v1","1631448","1631759","49","136504606"
"chr8","138155736","138156017","KN294396v1","277109","277392","37","137878627"
"chr8","138167480","138167781","KN294251v1","1707208","1707507","38","136460272"
"chr8","138264352","138264628","KN295708v1","2842235","2842508","41","135422117"
"chr8","138481468","138481774","KN295814v1","1059254","1059558","40","137422214"
"chr8","138536093","138536389","KN295692v1","1389864","1390157","34","137146229"
"chr8","138547236","138547531","KN296153v1","1115266","1115561","40","137431970"
"chr8","138586223","138586524","KN294451v1","1139913","1140218","42","137446310"
"chr8","138619123","138619352","KN295405v1","757351","757593","47","137861772"
"chr8","138620296","138620596","KN296485v1","541954","542254","37","138078342"
"chr8","138639219","138639520","KN296063v1","1388665","1388960","30","137250554"
"chr8","138681690","138682001","KN295362v1","1115763","1116072","31","137565927"
"chr8","138702164","138702463","KN294879v1","76546","76849","37","138625618"
"chr8","138764848","138765151","KN295091v1","2692987","2693285","40","136071861"
"chr8","138765453","138765743","KN296620v1","349918","350214","28","138415535"
"chr8","138835266","138835548","KN294604v1","515332","515604","38","138319934"
"chr8","138836968","138837268","KN294172v1","2207703","2208004","34","136629265"
"chr8","138891434","138891656","KN296426v1","64367","64561","52","138827067"
"chr8","138936831","138937133","KN296852v1","128578","128879","54","138808253"
"chr8","138941784","138942060","KN295601v1","1074382","1074645","40","137867402"
"chr8","138946228","138946517","KN296743v1","2392400","2392688","38","136553828"
"chr8","138948654","138948938","KN296119v1","2442035","2442323","39","136506619"
"chr8","138969404","138969715","KN295091v1","2259731","2260040","45","136709673"
"chr8","138984335","138984632","KN294470v1","3170467","3170767","35","135813868"
"chr8","139026888","139027164","KN295474v1","491754","492032","40","138535134"
"chr8","139040269","139040567","KN295198v1","274974","275272","33","138765295"
"chr8","139086285","139086574","KN294911v1","2173530","2173819","39","136912755"
"chr8","139094052","139094356","KN294790v1","163386","163690","43","138930666"
"chr8","139130146","139130446","KN296311v1","854862","855163","31","138275284"
"chr8","139138986","139139288","KN295362v1","1043462","1043763","42","138095524"
"chr8","139148612","139148926","KN294245v1","468467","468778","46","138680145"
"chr8","139166220","139166534","KN294747v1","663093","663390","60","138503127"
"chr8","139188852","139189146","KN294193v1","425211","425504","37","138763641"
"chr8","139190162","139190455","KN296386v1","329660","329960","36","138860502"
"chr8","139192297","139192578","KN296266v1","2875","3156","41","139189422"
"chr8","139229668","139229911","KN295835v1","199186","199432","49","139030482"
"chr8","139231126","139231435","KN296495v1","430669","430968","44","138800457"
"chr8","139233130","139233409","KN294172v1","1742292","1742571","36","137490838"
"chr8","139242120","139242417","KN296036v1","769191","769486","42","138472929"
"chr8","139247574","139247871","KN295480v1","1302107","1302401","33","137945467"
"chr8","139254636","139254922","KN296959v1","246994","247281","39","139007642"
"chr8","139265851","139266152","KN296311v1","854862","855163","38","138410989"
"chr8","139268233","139268529","KN296959v1","869393","869688","36","138398840"
"chr8","139270645","139270856","KN294345v1","881883","882096","37","138388762"
"chr8","139271635","139271937","KN294571v1","1575904","1576204","38","137695731"
"chr8","139277093","139277386","KN294287v1","289657","289957","49","138987436"
"chr8","139280928","139281239","KN296495v1","3286172","3286471","49","135994756"
"chr8","139300997","139301311","KN294662v1","146480","146789","41","139154517"
"chr8","139328894","139329033","KN296430v1","238023","238158","18","139090871"
"chr8","139329713","139329904","KN295236v1","3580229","3580418","32","135749484"
"chr8","139340442","139340747","KN296487v1","131647","131949","44","139208795"
"chr8","139348011","139348308","KN296825v1","1845358","1845659","43","137502653"
"chr8","139366138","139366432","KN295107v1","1024078","1024366","51","138342060"
"chr8","139376500","139376737","KN295405v1","757351","757593","42","138619149"
"chr8","139377534","139377830","KN296290v1","541019","541316","29","138836515"
"chr8","139381286","139381586","KN297276v1","143691","143993","42","139237595"
"chr8","139384511","139384800","KN295361v1","824524","824814","39","138559987"
"chr8","139385572","139385721","KN294571v1","1577567","1577717","36","137808005"
"chr8","139391388","139391601","KN294281v1","1154168","1154397","53","138237220"
"chr8","139416483","139416775","KN297008v1","1825305","1825608","42","137591178"
"chr8","139419699","139419991","KN296036v1","1895044","1895337","39","137524655"
"chr8","139421158","139421245","KN296557v1","250189","250273","15","139170969"
"chr8","139421442","139421556","KN296732v1","3294384","3294461","55","136127058"
"chr8","139444722","139445002","KN297133v1","1402944","1403223","36","138041778"
"chr8","139481494","139481797","KN296153v1","1336190","1336496","33","138145304"
"chr8","139482131","139482422","KN294187v1","1109661","1109959","38","138372470"
"chr8","139542687","139542968","KN295459v1","1101140","1101421","45","138441547"
"chr8","139555087","139555376","KN295729v1","826689","826980","39","138728398"
"chr8","139597336","139597645","KN297008v1","178445","178753","38","139418891"
"chr8","139607245","139607537","KN294269v1","677834","678123","42","138929411"
"chr8","139643198","139643496","KN294571v1","1575904","1576204","32","138067294"
"chr8","139646755","139647055","KN296311v1","854862","855163","34","138791893"
"chr8","139751639","139751932","KN294457v1","1108273","1108573","42","138643366"
"chr8","139755727","139756013","KN294208v1","420284","420568","39","139335443"
"chr8","139774590","139774897","KN296864v1","3164724","3165032","37","136609866"
"chr8","139783876","139784190","KN295366v1","78980","79290","39","139704896"
"chr8","139792508","139792800","KN295667v1","341240","341529","38","139451268"
"chr8","139794262","139794556","KN296682v1","2052676","2052972","41","137741586"
"chr8","139817626","139817946","KN296547v1","354536","354848","44","139463090"
"chr8","139818187","139818471","KN295091v1","1863027","1863311","32","137955160"
"chr8","139834909","139835213","KN294172v1","3212707","3213008","53","136622202"
"chr8","139835964","139836246","KN295591v1","911549","911828","47","138924415"
"chr8","139853432","139853691","KN296394v1","18702","18964","40","139834730"
"chr8","139855239","139855545","KN296062v1","1211174","1211481","35","138644065"
"chr8","139866969","139867267","KN296311v1","3957005","3957309","35","135909964"
"chr8","139869195","139869487","KN294429v1","37988","38273","47","139831207"
"chr8","139872414","139872655","KN295708v1","995633","995874","30","138876781"
"chr8","139874291","139874577","KN296495v1","1951647","1951933","37","137922644"
"chr8","139883011","139883154","KN294445v1","855366","855529","53","139027645"
"chr8","139883813","139884101","KN297197v1","197080","197368","30","139686733"
"chr8","139888539","139888847","KN296503v1","58212","58521","40","139830327"
"chr8","139912713","139913008","KN294470v1","2136945","2137241","25","137775768"
"chr8","139932080","139932384","KN294713v1","260882","261187","38","139671198"
"chr8","139936085","139936389","KN294172v1","6906285","6906584","42","133029800"
"chr8","139936938","139937215","KN294777v1","603434","603706","41","139333504"
"chr8","139955851","139956011","KN296495v1","1485128","1485290","24","138470723"
"chr8","139978355","139978650","KN294454v1","362731","363033","50","139615624"
"chr8","139987366","139987652","KN295430v1","2554896","2555197","43","137432470"
"chr8","140030978","140031288","KN296495v1","550769","551079","40","139480209"
"chr8","140057088","140057383","KN296119v1","665460","665754","31","139391628"
"chr8","140067465","140067729","KN295601v1","886709","886972","33","139180756"
"chr8","140099836","140100144","KN296154v1","1049543","1049848","38","139050293"
"chr8","140111009","140111298","KN295441v1","405739","406027","36","139705270"
"chr8","140136065","140136268","KN296139v1","203722","203935","49","139932343"
"chr8","140153971","140154266","KN296153v1","1115266","1115561","31","139038705"
"chr8","140184089","140184336","KN294917v1","563420","563668","29","139620669"
"chr8","140185461","140185768","KN295977v1","526778","527087","38","139658683"
"chr8","140316238","140316508","KN294172v1","1540690","1540957","36","138775548"
"chr8","140526406","140526713","KN295315v1","1175116","1175414","47","139351290"
"chr8","140537116","140537414","KN294571v1","1575904","1576204","33","138961212"
"chr8","140611045","140611359","KN294493v1","696044","696351","43","139915001"
"chr8","140613178","140613479","KN295825v1","237107","237411","51","140376071"
"chr8","140681700","140682015","KN296278v1","235139","235450","39","140446561"
"chr8","140685227","140685534","KN296865v1","1608885","1609185","45","139076342"
"chr8","140691259","140691560","KN295198v1","581913","582216","42","140109346"
"chr8","140752644","140752944","KN294790v1","163386","163690","37","140589258"
"chr8","140821376","140821655","KN295922v1","98919","99195","47","140722457"
"chr8","140823198","140823476","KN297038v1","866772","867047","48","139956426"
"chr8","140867501","140867796","KN296495v1","1070805","1071101","37","139796696"
"chr8","141101950","141102258","KN294588v1","3169815","3170122","45","137932135"
"chr8","141105163","141105473","KN294375v1","493338","493642","37","140611825"
"chr8","141438823","141439119","KN296357v1","559775","560070","31","140879048"
"chr8","141584453","141584767","KN295257v1","1404223","1404534","48","140180230"
"chr8","141631673","141631982","KN297118v1","325716","326026","40","141305957"
"chr8","141735034","141735336","KN296319v1","240322","240624","44","141494712"
"chr8","141879002","141879321","KN296547v1","627587","627905","56","141251415"
"chr8","141883706","141884012","KN296657v1","392228","392531","38","141491478"
"chr8","141895217","141895518","KN294470v1","2878982","2879283","34","139016235"
"chr8","141930296","141930598","KN294407v1","2157068","2157379","38","139773228"
"chr8","141947925","141948222","KN296430v1","1105044","1105344","36","140842881"
"chr8","141949955","141950254","KN296153v1","2873301","2873603","42","139076654"
"chr8","141969361","141969662","KN295995v1","655021","655332","48","141314340"
"chr8","141985795","141985934","KN297008v1","5203223","5203363","30","136782572"
"chr8","141992383","141992683","KN297044v1","869110","869403","40","141123273"
"chr8","141997920","141998235","KN294879v1","533741","534047","37","141464179"
"chr8","142007057","142007361","KN296795v1","1227158","1227464","41","140779899"
"chr8","142015558","142015866","KN296225v1","760784","761091","42","141254774"
"chr8","142038789","142039091","KN295548v1","17538","17846","36","142021251"
"chr8","142121668","142121986","KN295748v1","161587","161896","41","141960081"
"chr8","142122706","142123009","KN295459v1","673095","673397","37","141449611"
"chr8","142130782","142131078","KN294592v1","1036828","1037126","37","141093954"
"chr8","142158189","142158498","KN296484v1","351750","352061","42","141806439"
"chr8","142197006","142197312","KN295487v1","52973","53281","37","142144033"
"chr8","142206185","142206496","KN295666v1","873327","873629","41","141332858"
"chr8","142206923","142207224","KN297442v1","1612430","1612738","42","140594493"
"chr8","142213151","142213353","KN296495v1","510488","510677","48","141702663"
"chr8","142244037","142244345","KN294630v1","686727","687035","37","141557310"
"chr8","142247427","142247704","KN294976v1","415425","415700","33","141832002"
"chr8","142310355","142310581","KN295717v1","2405506","2405754","62","139904849"
"chr8","142387060","142387349","KN296498v1","39342","39625","36","142347718"
"chr8","142397206","142397510","KN294917v1","405138","405434","48","141992068"
"chr8","142432225","142432525","KN297274v1","913488","913797","43","141518737"
"chr8","142444476","142444629","KN296290v1","1087851","1088006","24","141356625"
"chr8","142495453","142495752","KN294539v1","1287945","1288241","33","141207508"
"chr8","142502247","142502551","KN296426v1","105920","106223","36","142396327"
"chr8","142520657","142520953","KN295394v1","556635","556929","36","141964022"
"chr8","142522733","142523029","KN295596v1","2518640","2518934","37","140004093"
"chr8","142527880","142528172","KN294571v1","1678829","1679123","34","140849051"
"chr8","142528301","142528594","KN294214v1","603960","604254","32","141924341"
"chr8","142533399","142533689","KN295725v1","1439834","1440127","33","141093565"
"chr8","142533903","142534213","KN294372v1","299717","300027","44","142234186"
"chr8","142542064","142542399","KN296287v1","68923","69230","59","142473141"
"chr8","142578475","142578786","KN296303v1","514845","515157","36","142063630"
"chr8","142584737","142585029","KN296062v1","835898","836194","37","141748839"
"chr8","142601346","142601512","KN294685v1","1346353","1346519","25","141254993"
"chr8","142606959","142607238","KN296139v1","296788","297069","40","142310171"
"chr8","142617824","142618128","KN295637v1","795675","795978","35","141822149"
"chr8","142655414","142655676","KN295962v1","2031081","2031349","48","140624333"
"chr8","142657658","142657950","KN294456v1","1168357","1168659","34","141489301"
"chr8","142658296","142658541","KN294548v1","358515","358762","44","142299781"
"chr8","142658867","142659177","KN296090v1","89328","89638","32","142569539"
"chr8","142660367","142660667","KN294790v1","163386","163690","38","142496981"
"chr8","142662282","142662586","KN296019v1","117153","117453","35","142545129"
"chr8","142670380","142670688","KN294456v1","1098138","1098439","41","141572242"
"chr8","142673783","142674095","KN295983v1","3300352","3300655","42","139373431"
"chr8","142684742","142685060","KN295922v1","130002","130315","43","142554740"
"chr8","142685417","142685711","KN297323v1","1280984","1281284","34","141404433"
"chr8","142705979","142706132","KN294187v1","1105095","1105248","17","141600884"
"chr8","142736207","142736513","KN297323v1","1232115","1232403","36","141504092"
"chr8","142801617","142801916","KN294172v1","1602432","1602732","37","141199185"
"chr8","142802584","142802881","KN295433v1","76890","77188","54","142725694"
"chr8","142805292","142805574","KN296139v1","296788","297069","33","142508504"
"chr8","142863454","142863764","KN294378v1","1504358","1504668","35","141359096"
"chr8","142871471","142871710","KN295586v1","5205217","5205451","56","137666254"
"chr8","142897071","142897368","KN296759v1","229944","230240","50","142667127"
"chr8","142901256","142901549","KN297323v1","1049847","1050139","25","141851409"
"chr8","142923207","142923488","KN295371v1","448057","448341","35","142475150"
"chr8","142959814","142960116","KN297320v1","577012","577307","38","142382802"
"chr8","142962305","142962523","KN295977v1","1276894","1277103","52","141685411"
"chr8","142967366","142967662","KN297323v1","981338","981637","28","141986028"
"chr8","142971352","142971535","KN296308v1","1030166","1030340","39","141941186"
"chr8","142976115","142976354","KN297323v1","972900","973121","33","142003215"
"chr8","142976387","142976543","KN295666v1","773224","773378","22","142203163"
"chr8","143028908","143029217","KN297442v1","1612430","1612738","44","141416478"
"chr8","143049548","143049857","KN294741v1","1962834","1963142","38","141086714"
"chr8","143054254","143054558","KN297323v1","902565","902861","30","142151689"
"chr8","143062170","143062480","KN297323v1","895192","895489","36","142166978"
"chr8","143063586","143063821","KN295835v1","199186","199432","39","142864400"
"chr8","143064221","143064518","KN297323v1","892793","893089","34","142171428"
"chr8","143064990","143065287","KN297323v1","891723","892020","15","142173267"
"chr8","143069178","143069482","KN295893v1","2638933","2639243","41","140430245"
"chr8","143090905","143091201","KN297323v1","863326","863611","28","142227579"
"chr8","143105855","143106101","KN295835v1","199186","199432","35","142906669"
"chr8","143133289","143133607","KN294638v1","125071","125390","48","143008218"
"chr8","143135242","143135543","KN294372v1","2629158","2629456","31","140506084"
"chr8","143182756","143183068","KN296406v1","250415","250727","39","142932341"
"chr8","143186637","143186940","KN294187v1","1109661","1109959","36","142076976"
"chr8","143188730","143189020","KN297323v1","762993","763284","25","142425737"
"chr8","143198494","143198783","KN294539v1","322294","322589","42","142876200"
"chr8","143201231","143201517","KN295236v1","1185032","1185322","61","142016199"
"chr8","143204287","143204597","KN295366v1","78980","79290","35","143125307"
"chr8","143241210","143241510","KN294917v1","405138","405434","37","142836072"
"chr8","143247186","143247490","KN295929v1","457065","457374","45","142790121"
"chr8","143265151","143265446","KN295729v1","826689","826980","30","142438462"
"chr8","143272526","143272833","KN295236v1","35793","36099","39","143236733"
"chr8","143289330","143289639","KN296096v1","2492674","2492976","45","140796656"
"chr8","143309300","143309590","KN297323v1","652886","653171","37","142656414"
"chr8","143313833","143314131","KN296926v1","865413","865713","36","142448420"
"chr8","143321645","143321960","KN295576v1","134584","134894","56","143187061"
"chr8","143322227","143322485","KN294991v1","1558026","1558298","46","141764201"
"chr8","143322507","143322820","KN297323v1","638981","639293","50","142683526"
"chr8","143360279","143360581","KN294396v1","274671","274963","43","143085608"
"chr8","143365721","143366011","KN297323v1","598239","598527","30","142767482"
"chr8","143395624","143395924","KN297323v1","566041","566340","33","142829583"
"chr8","143449466","143449745","KN295592v1","1986950","1987223","39","141462516"
"chr8","143466463","143466775","KN297323v1","501145","501464","33","142965318"
"chr8","143475601","143475902","KN297046v1","3186193","3186495","46","140289408"
"chr8","143486219","143486532","KN295477v1","23872","24183","38","143462347"
"chr8","143495486","143495798","KN294172v1","5679229","5679533","45","137816257"
"chr8","143520236","143520547","KN296303v1","514845","515157","32","143005391"
"chr8","143611655","143611934","KN296311v1","2689198","2689478","48","140922457"
"chr8","143644939","143645220","KN297323v1","321645","321937","31","143323294"
"chr8","143648436","143648736","KN297323v1","318461","318755","34","143329975"
"chr8","143651136","143651441","KN296833v1","30824","31126","37","143620312"
"chr8","143658841","143659148","KN295893v1","1528764","1529075","39","142130077"
"chr8","143664410","143664591","KN294372v1","1531212","1531392","26","142133198"
"chr8","143687317","143687617","KN297323v1","284430","284730","26","143402887"
"chr8","143726007","143726307","KN297323v1","244180","244478","39","143481827"
"chr8","143738678","143738988","KN297323v1","234790","235100","16","143503888"
"chr8","143749724","143750012","KN297323v1","223823","224111","29","143525901"
"chr8","143776303","143776599","KN295032v1","307103","307398","32","143469200"
"chr8","143818654","143818952","KN297323v1","162081","162379","29","143656573"
"chr8","143819127","143819420","KN297323v1","161613","161906","20","143657514"
"chr8","143834496","143834716","KN296643v1","363205","363447","53","143471291"
"chr8","143840578","143840889","KN295096v1","323672","323982","41","143516906"
"chr8","143845389","143845685","KN296557v1","13515","13811","33","143831874"
"chr8","143869217","143869515","KN297323v1","116276","116569","26","143752941"
"chr8","143897698","143897997","KN297323v1","93696","93991","38","143804002"
"chr8","143898786","143899070","KN297323v1","92336","92621","25","143806450"
"chr8","143905460","143905771","KN297323v1","77560","77891","39","143827900"
"chr8","143946197","143946495","KN294407v1","3027269","3027567","43","140918928"
"chr8","143973876","143974171","KN294917v1","401690","401984","32","143572186"
"chr9","36568881","36569170","KN294539v1","1989","2279","34","36566892"
"chr9","76808047","76808353","KN295725v1","1352101","1352405","26","75455946"
"chr9","91488090","91488392","KN297320v1","479806","480104","27","91008284"
"chr9","95158200","95158508","KN294911v1","2389002","2389309","32","92769198"
"chr9","109182822","109183114","KN295893v1","4652018","4652311","33","104530804"
"chr9","121372631","121372940","KN294257v1","379317","379626","33","120993314"
"chr9","132906819","132907019","KN296426v1","64367","64561","39","132842452"
"chr9","137494376","137494681","KN296311v1","2891003","2891305","36","134603373"
"chr9","155082","155388","KN295722v1","2212365","2212673","36","2057283"
"chr9","205237","205546","KN295722v1","2141646","2141948","22","1936409"
"chr9","235279","235596","KN296682v1","4969389","4969694","44","4734110"
"chr9","249024","249325","KN296303v1","662776","663079","36","413752"
"chr9","295235","295528","KN295722v1","2062967","2063263","30","1767732"
"chr9","328025","328321","KN297259v1","1695445","1695737","40","1367420"
"chr9","337316","337621","KN296731v1","1440905","1441210","38","1103589"
"chr9","356422","356731","KN296306v1","1271791","1272093","41","915369"
"chr9","370217","370521","KN295722v1","1986821","1987121","30","1616604"
"chr9","407898","408189","KN295722v1","1950524","1950812","33","1542626"
"chr9","416732","417007","KN295984v1","391023","391296","46","25709"
"chr9","436905","437210","KN296484v1","351750","352061","37","85155"
"chr9","455170","455413","KN294539v1","1824704","1824946","43","1369534"
"chr9","464074","464340","KN296153v1","913592","913861","50","449518"
"chr9","505747","506053","KN295459v1","673095","673397","37","167348"
"chr9","511795","512098","KN295722v1","1840200","1840495","29","1328405"
"chr9","516249","516549","KN295722v1","1835871","1836164","28","1319622"
"chr9","523794","524082","KN295366v1","124181","124471","42","399613"
"chr9","580531","580811","KN294172v1","3443475","3443755","44","2862944"
"chr9","608873","609160","KN294185v1","388226","388509","49","220647"
"chr9","617212","617523","KN296635v1","4969030","4969343","37","4351818"
"chr9","619056","619361","KN295708v1","2829202","2829506","35","2210146"
"chr9","628847","629141","KN295722v1","1728943","1729229","37","1100096"
"chr9","632181","632485","KN295722v1","1725943","1726240","34","1093762"
"chr9","633644","633938","KN295722v1","1724494","1724787","29","1090850"
"chr9","634079","634369","KN296495v1","1951647","1951933","33","1317568"
"chr9","651541","651837","KN294733v1","607498","607793","29","44043"
"chr9","671890","672189","KN296122v1","346873","347165","34","325017"
"chr9","678178","678463","KN295722v1","1678543","1678834","38","1000365"
"chr9","679855","680174","KN295722v1","1676843","1677156","34","996988"
"chr9","716875","717169","KN294647v1","185532","185822","40","531343"
"chr9","756757","757026","KN295722v1","1604111","1604377","34","847354"
"chr9","766766","767050","KN295722v1","1594209","1594500","39","827443"
"chr9","776531","776812","KN295361v1","806110","806391","34","29579"
"chr9","798974","799283","KN297452v1","2322212","2322521","37","1523238"
"chr9","809201","809511","KN295977v1","526778","527087","41","282423"
"chr9","814249","814543","KN295571v1","1202179","1202466","49","387930"
"chr9","830298","830545","KN297038v1","314696","314959","47","515602"
"chr9","833139","833439","KN295722v1","1532981","1533291","39","699842"
"chr9","834088","834379","KN295722v1","1532020","1532312","17","697932"
"chr9","844492","844804","KN295722v1","1521423","1521722","33","676931"
"chr9","853166","853455","KN297233v1","523000","523293","29","330166"
"chr9","861472","861767","KN295722v1","1508309","1508616","35","646837"
"chr9","863166","863466","KN295722v1","1506614","1506908","34","643448"
"chr9","880167","880474","KN295722v1","1489507","1489809","25","609340"
"chr9","884449","884628","KN295893v1","5530656","5530819","35","4646207"
"chr9","892176","892463","KN295107v1","805969","806258","35","86207"
"chr9","898700","899009","KN294181v1","1370167","1370478","33","471467"
"chr9","909814","910120","KN296153v1","863239","863546","40","46575"
"chr9","937524","937830","KN295722v1","1431823","1432128","30","494299"
"chr9","960896","961198","KN295637v1","795675","795978","41","165221"
"chr9","996696","996993","KN295814v1","1261993","1262292","35","265297"
"chr9","1015222","1015511","KN294937v1","266","558","30","1014956"
"chr9","1024795","1025093","KN295722v1","1344480","1344771","24","319685"
"chr9","1029873","1030170","KN295722v1","1339067","1339358","33","309194"
"chr9","1064793","1065085","KN296620v1","349918","350214","35","714875"
"chr9","1146234","1146544","KN294410v1","462673","462979","46","683561"
"chr9","1200827","1201147","KN296484v1","351750","352061","39","849077"
"chr9","1228195","1228501","KN295722v1","1147815","1148108","38","80380"
"chr9","1297720","1298002","KN297112v1","2725693","2725979","38","1427973"
"chr9","1298492","1298797","KN295722v1","1070430","1070741","30","228062"
"chr9","1411412","1411575","KN294571v1","815022","815181","22","596390"
"chr9","1435935","1436238","KN295533v1","2511717","2512017","43","1075782"
"chr9","1438226","1438530","KN295607v1","3831101","3831405","37","2392875"
"chr9","1567839","1568119","KN295722v1","792295","792591","32","775544"
"chr9","1584160","1584463","KN295722v1","785917","786209","40","798243"
"chr9","1607004","1607306","KN295571v1","1155767","1156067","46","451237"
"chr9","1680040","1680351","KN295722v1","701832","702141","32","978208"
"chr9","1747291","1747602","KN295685v1","46321","46631","34","1700970"
"chr9","1841783","1842065","KN295430v1","2560586","2560862","34","718803"
"chr9","1932708","1932839","KN294445v1","855366","855529","44","1077342"
"chr9","1950579","1950888","KN296036v1","687150","687461","39","1263429"
"chr9","2019812","2020113","KN295722v1","364629","364927","30","1655183"
"chr9","2153631","2153923","KN294172v1","6311128","6311420","37","4157497"
"chr9","2155300","2155607","KN296244v1","633132","633433","41","1522168"
"chr9","2189166","2189476","KN295722v1","188833","189143","33","2000333"
"chr9","2222130","2222426","KN297452v1","2510191","2510483","36","288061"
"chr9","2263108","2263327","KN295977v1","1276894","1277103","60","986214"
"chr9","2317519","2317812","KN296485v1","132178","132470","40","2185341"
"chr9","2369911","2370075","KN295623v1","399728","399891","33","1970183"
"chr9","2414947","2415241","KN294634v1","43384","43672","30","2371563"
"chr9","2444744","2445036","KN294634v1","73347","73638","28","2371397"
"chr9","2453838","2454080","KN294634v1","82441","82688","23","2371397"
"chr9","2539227","2539529","KN296306v1","3686137","3686439","35","1146910"
"chr9","2623387","2623681","KN296153v1","1115266","1115561","31","1508121"
"chr9","2717828","2718122","KN294634v1","353845","354139","26","2363983"
"chr9","2726114","2726271","KN296747v1","128765","128916","31","2597349"
"chr9","2727254","2727494","KN295405v1","757351","757593","48","1969903"
"chr9","2776413","2776714","KN294634v1","413365","413666","30","2363048"
"chr9","2811439","2811722","KN294662v1","218243","218524","43","2593196"
"chr9","2871953","2872264","KN295366v1","78980","79290","38","2792973"
"chr9","2938354","2938646","KN294634v1","575851","576135","34","2362503"
"chr9","2950411","2950666","KN294634v1","587803","588066","26","2362608"
"chr9","2988834","2989132","KN294650v1","2022753","2023053","19","966081"
"chr9","3054658","3054936","KN294650v1","1956848","1957127","23","1097810"
"chr9","3072909","3073220","KN294650v1","1941245","1941555","22","1131664"
"chr9","3145015","3145337","KN294932v1","170897","171223","51","2974118"
"chr9","3147603","3147884","KN294650v1","1865057","1865319","37","1282546"
"chr9","3224193","3224489","KN294650v1","1786602","1786898","20","1437591"
"chr9","3301910","3302226","KN296167v1","450049","450355","49","2851861"
"chr9","3322378","3322658","KN294650v1","1681931","1682208","27","1640447"
"chr9","3333220","3333517","KN294650v1","1676742","1677038","25","1656478"
"chr9","3335440","3335753","KN296847v1","511055","511365","40","2824385"
"chr9","3384791","3385112","KN294650v1","1618541","1618877","37","1766250"
"chr9","3424250","3424525","KN294650v1","1576113","1576397","27","1848137"
"chr9","3431113","3431417","KN294650v1","1569809","1570120","31","1861304"
"chr9","3559188","3559459","KN294650v1","1443420","1443691","28","2115768"
"chr9","3645180","3645486","KN295586v1","5045132","5045417","52","1399952"
"chr9","3649389","3649680","KN294470v1","2136945","2137241","30","1512444"
"chr9","3702330","3702638","KN294650v1","1245711","1246019","23","2456619"
"chr9","3721344","3721652","KN295719v1","189138","189434","52","3532206"
"chr9","3722278","3722582","KN297276v1","143691","143993","31","3578587"
"chr9","3771041","3771340","KN294650v1","1172097","1172403","28","2598944"
"chr9","3775026","3775330","KN294650v1","1168100","1168417","46","2606926"
"chr9","3860439","3860733","KN294592v1","84860","85157","43","3775579"
"chr9","4051593","4051888","KN295480v1","1302107","1302401","37","2749486"
"chr9","4180870","4181175","KN296153v1","1336190","1336496","27","2844680"
"chr9","4182564","4182869","KN296153v1","1336190","1336496","27","2846374"
"chr9","4249469","4249756","KN294650v1","716352","716640","33","3533117"
"chr9","4299240","4299548","KN296357v1","216217","216522","34","4083023"
"chr9","4328698","4329005","KN294650v1","633091","633393","24","3695607"
"chr9","4452791","4453110","KN295361v1","932292","932599","61","3520499"
"chr9","4472299","4472517","KN294650v1","479094","479312","23","3993205"
"chr9","4486565","4486771","KN296426v1","64367","64561","48","4422198"
"chr9","4519220","4519533","KN296484v1","351750","352061","36","4167470"
"chr9","4528776","4528992","KN297369v1","2251031","2251244","32","2277745"
"chr9","4533842","4534131","KN295114v1","157283","157573","44","4376559"
"chr9","4543594","4543896","KN294603v1","111945","112247","41","4431649"
"chr9","4549610","4549719","KN296732v1","3294384","3294461","49","1255226"
"chr9","4561579","4561870","KN294650v1","392602","392889","24","4168977"
"chr9","4562829","4563131","KN294650v1","391328","391631","24","4171501"
"chr9","4568346","4568627","KN295735v1","821807","822085","45","3746539"
"chr9","4633889","4634222","KN295735v1","713634","713968","43","3920255"
"chr9","4681191","4681487","KN294172v1","1412456","1412754","38","3268735"
"chr9","4686494","4686787","KN294650v1","268813","269114","30","4417681"
"chr9","4705612","4705899","KN296820v1","1142893","1143187","42","3562719"
"chr9","4706329","4706636","KN294650v1","248693","249003","27","4457636"
"chr9","4709885","4710193","KN294848v1","172686","172989","39","4537199"
"chr9","4720615","4720873","KN294650v1","233485","233736","29","4487130"
"chr9","4734034","4734337","KN296305v1","652930","653232","36","4081104"
"chr9","4757739","4758020","KN295814v1","158538","158819","38","4599201"
"chr9","4782362","4782638","KN296075v1","197659","197934","38","4584703"
"chr9","4783720","4784019","KN294650v1","171590","171892","25","4612130"
"chr9","4785373","4785690","KN294650v1","169926","170236","42","4615447"
"chr9","4797929","4798207","KN294161v1","478001","478289","52","4319928"
"chr9","4801853","4802139","KN294650v1","152176","152466","30","4649677"
"chr9","4805836","4806119","KN294650v1","147830","148135","36","4658006"
"chr9","4816142","4816451","KN296349v1","45344","45654","38","4770798"
"chr9","4823944","4824248","KN296036v1","753129","753430","36","4070815"
"chr9","4828139","4828434","KN297047v1","1316088","1316386","28","3512051"
"chr9","4837461","4837762","KN294650v1","114317","114618","21","4723144"
"chr9","4840328","4840513","KN297026v1","110289","110476","40","4730039"
"chr9","4858512","4858815","KN294650v1","97343","97651","30","4761169"
"chr9","4863638","4863944","KN294650v1","92330","92640","34","4771308"
"chr9","4888458","4888760","KN296498v1","95172","95471","50","4793286"
"chr9","4934844","4935134","KN295102v1","222669","222960","40","4712175"
"chr9","4941034","4941343","KN294650v1","20655","20966","27","4920379"
"chr9","5070808","5071101","KN295814v1","738051","738339","38","4332757"
"chr9","5097574","5097858","KN294831v1","254179","254464","49","4843395"
"chr9","5224733","5225030","KN294501v1","4140225","4140518","33","1084508"
"chr9","5268711","5268998","KN296189v1","186771","187052","22","5081940"
"chr9","5397447","5397736","KN296138v1","403701","403991","39","4993746"
"chr9","5453188","5453491","KN296453v1","1991588","1991889","37","3461600"
"chr9","5471447","5471736","KN295692v1","2914539","2914827","39","2556908"
"chr9","5507491","5507801","KN294378v1","1504358","1504668","29","4003133"
"chr9","5558082","5558379","KN295883v1","286575","286872","18","5271507"
"chr9","5583779","5584080","KN295883v1","311965","312264","35","5271814"
"chr9","5586537","5586843","KN295883v1","314740","315051","24","5271797"
"chr9","5649073","5649369","KN294917v1","405138","405434","38","5243935"
"chr9","5661987","5662264","KN295883v1","386829","387107","30","5275158"
"chr9","5674881","5675144","KN295936v1","537600","537874","45","5137281"
"chr9","5689715","5690007","KN295883v1","406821","407111","22","5282894"
"chr9","5717889","5718197","KN295883v1","434388","434696","28","5283501"
"chr9","5733855","5734157","KN295883v1","457165","457451","38","5276690"
"chr9","5823858","5824138","KN295883v1","527163","527445","26","5296695"
"chr9","5872945","5873245","KN295883v1","592844","593144","21","5280101"
"chr9","5889773","5890064","KN295326v1","100464","100755","29","5789309"
"chr9","5943443","5943739","KN295883v1","665774","666068","31","5277669"
"chr9","5995097","5995404","KN295096v1","457011","457322","38","5538086"
"chr9","6004360","6004673","KN295883v1","732593","732904","27","5271767"
"chr9","6037164","6037467","KN297200v1","436529","436829","32","5600635"
"chr9","6112091","6112393","KN295814v1","1059254","1059558","44","5052837"
"chr9","6147214","6147509","KN296682v1","1930392","1930690","37","4216822"
"chr9","6230504","6230814","KN295883v1","984197","984497","33","5246307"
"chr9","6238937","6239245","KN295883v1","992651","992945","33","5246286"
"chr9","6262492","6262783","KN295883v1","1023720","1024011","24","5238772"
"chr9","6333538","6333823","KN297219v1","894388","894671","40","5439150"
"chr9","6359399","6359710","KN294387v1","3036034","3036343","38","3323365"
"chr9","6372729","6373012","KN294685v1","407085","407372","37","5965644"
"chr9","6374970","6375286","KN294453v1","23988","24299","41","6350982"
"chr9","6435475","6435768","KN297245v1","1416081","1416379","42","5019394"
"chr9","6469729","6470029","KN294581v1","619147","619445","37","5850582"
"chr9","6486974","6487278","KN294571v1","1575904","1576204","38","4911070"
"chr9","6502609","6502912","KN294705v1","1537713","1538021","39","4964896"
"chr9","6504705","6505001","KN297233v1","523000","523293","37","5981705"
"chr9","6513056","6513363","KN294326v1","309006","309309","39","6204050"
"chr9","6517832","6518102","KN295459v1","446023","446297","41","6071809"
"chr9","6554005","6554267","KN295075v1","40195","40452","41","6513810"
"chr9","6579968","6580280","KN295984v1","1302517","1302824","50","5277451"
"chr9","6604500","6604818","KN296921v1","636343","636655","48","5968157"
"chr9","6619034","6619330","KN297112v1","4624230","4624516","50","1994804"
"chr9","6622486","6622735","KN295157v1","168363","168619","46","6454123"
"chr9","6623721","6624013","KN296732v1","3826486","3826780","37","2797235"
"chr9","6624754","6625038","KN295236v1","5470028","5470311","38","1154726"
"chr9","6634619","6634931","KN295433v1","250702","251008","41","6383917"
"chr9","6652304","6652574","KN294407v1","395909","396171","40","6256395"
"chr9","6653135","6653317","KN294991v1","236473","236645","31","6416662"
"chr9","6673355","6673662","KN296158v1","1175251","1175559","37","5498104"
"chr9","6676868","6677177","KN295883v1","173429","173738","33","6503439"
"chr9","6689962","6690258","KN294539v1","1287945","1288241","46","5402017"
"chr9","6693807","6694087","KN295371v1","448057","448341","32","6245750"
"chr9","6703938","6704190","KN296922v1","408403","408659","33","6295535"
"chr9","6710927","6711201","KN295592v1","1986950","1987223","30","4723977"
"chr9","6726830","6727125","KN294180v1","5181","5476","27","6721649"
"chr9","6727227","6727523","KN294592v1","1036828","1037126","36","5690399"
"chr9","6734847","6735139","KN297452v1","775968","776265","34","5958879"
"chr9","6738135","6738301","KN295667v1","1026814","1026972","41","5711321"
"chr9","6742553","6742843","KN294644v1","85408","85699","39","6657145"
"chr9","6744582","6744882","KN296682v1","1930392","1930690","33","4814190"
"chr9","6745976","6746271","KN295430v1","2517746","2518041","38","4228230"
"chr9","6747653","6747920","KN297133v1","629854","630126","44","6117799"
"chr9","6751709","6752002","KN295735v1","173165","173463","36","6578544"
"chr9","6758547","6758855","KN296643v1","47618","47923","46","6710929"
"chr9","6759943","6760250","KN296620v1","349918","350214","36","6410025"
"chr9","6764980","6765284","KN296153v1","992049","992353","35","5772931"
"chr9","6766346","6766656","KN295433v1","250702","251008","34","6515644"
"chr9","6769153","6769484","KN295592v1","1587527","1587842","59","5181626"
"chr9","6770607","6770903","KN296620v1","349918","350214","39","6420689"
"chr9","6776637","6776928","KN294949v1","232170","232456","46","6544467"
"chr9","6792577","6792885","KN295198v1","172367","172673","41","6620210"
"chr9","6793733","6794042","KN295922v1","130002","130315","33","6663731"
"chr9","6795539","6795821","KN295352v1","439845","440138","47","6355694"
"chr9","6798827","6799129","KN296040v1","349832","350124","49","6448995"
"chr9","6802385","6802683","KN297249v1","478720","479015","38","6323665"
"chr9","6803800","6804102","KN294224v1","583802","584104","38","6219998"
"chr9","6809444","6809653","KN295034v1","848549","848755","41","5960895"
"chr9","6818438","6818716","KN294633v1","106169","106453","39","6712269"
"chr9","6835087","6835374","KN294269v1","1190734","1191020","31","5644353"
"chr9","6838322","6838612","KN294470v1","2878982","2879283","48","3959340"
"chr9","6839653","6839959","KN294172v1","5828976","5829275","48","1010677"
"chr9","6846091","6846407","KN294147v1","944827","945153","60","5901264"
"chr9","6847409","6847717","KN295487v1","52973","53281","36","6794436"
"chr9","6850789","6851004","KN296139v1","203722","203935","25","6647067"
"chr9","6856736","6857024","KN295735v1","1380746","1381033","40","5475990"
"chr9","6864367","6864672","KN295319v1","42222","42534","33","6822145"
"chr9","6872466","6872661","KN295540v1","40849","41043","36","6831617"
"chr9","6876482","6876686","KN295406v1","275159","275372","58","6601323"
"chr9","6881539","6881828","KN295692v1","1195541","1195822","51","5685998"
"chr9","6882762","6883048","KN294193v1","425211","425504","47","6457551"
"chr9","6906998","6907300","KN294987v1","507405","507706","34","6399593"
"chr9","6975426","6975723","KN296011v1","48434","48734","36","6926992"
"chr9","6991853","6992073","KN296529v1","93451","93672","35","6898402"
"chr9","7023994","7024282","KN297197v1","197080","197368","36","6826914"
"chr9","7038696","7038985","KN296096v1","3114506","3114803","36","3924190"
"chr9","7075443","7075732","KN294182v1","571951","572239","47","6503492"
"chr9","7088982","7089278","KN295236v1","1669051","1669348","40","5419931"
"chr9","7171871","7172170","KN294581v1","619147","619445","35","6552724"
"chr9","7269724","7270031","KN296063v1","783797","784104","39","6485927"
"chr9","7320531","7320841","KN296009v1","991975","992288","42","6328556"
"chr9","7330343","7330640","KN296682v1","1930392","1930690","37","5399951"
"chr9","7379117","7379401","KN296153v1","2393235","2393519","35","4985882"
"chr9","7512528","7512803","KN297227v1","43395","43675","38","7469133"
"chr9","7518559","7518739","KN297159v1","642561","642739","29","6875998"
"chr9","7843848","7844152","KN295607v1","4377455","4377758","29","3466393"
"chr9","8066470","8066778","KN295077v1","691938","692244","39","7374532"
"chr9","8147288","8147571","KN294193v1","686578","686868","46","7460710"
"chr9","8311581","8311891","KN294571v1","1149921","1150231","45","7161660"
"chr9","8491518","8491820","KN294571v1","457321","457617","39","8034197"
"chr9","8605647","8605931","KN294185v1","569491","569796","42","8036156"
"chr9","8633319","8633612","KN295596v1","2518640","2518934","48","6114679"
"chr9","8646300","8646610","KN294987v1","124415","124728","42","8521885"
"chr9","8757872","8758181","KN296732v1","194560","194867","45","8563312"
"chr9","8791835","8792137","KN294613v1","327601","327901","38","8464234"
"chr9","8797877","8797975","KN296557v1","250189","250273","37","8547688"
"chr9","8821267","8821554","KN294193v1","425211","425504","45","8396056"
"chr9","8827695","8827996","KN294185v1","352613","352908","32","8475082"
"chr9","8842318","8842617","KN296982v1","446150","446444","38","8396168"
"chr9","8849571","8849857","KN296406v1","55784","56073","37","8793787"
"chr9","8879017","8879335","KN295961v1","20434","20745","46","8858583"
"chr9","8884119","8884434","KN295090v1","126321","126630","49","8757798"
"chr9","8940820","8941117","KN294185v1","243246","243543","25","8697574"
"chr9","8982552","8982847","KN294185v1","203024","203321","31","8779528"
"chr9","9005447","9005758","KN294245v1","511576","511887","45","8493871"
"chr9","9017105","9017418","KN296138v1","187826","188139","58","8829279"
"chr9","9020045","9020330","KN296513v1","2367758","2368048","48","6652287"
"chr9","9023275","9023543","KN294733v1","374703","374972","35","8648572"
"chr9","9040885","9041204","KN294185v1","146786","147087","40","8894099"
"chr9","9049409","9049698","KN294185v1","137276","137580","37","8912133"
"chr9","9195222","9195525","KN295368v1","1750140","1750439","38","7445082"
"chr9","9235548","9235839","KN296831v1","388107","388396","30","8847441"
"chr9","9241072","9241363","KN296831v1","388107","388396","32","8852965"
"chr9","9262175","9262466","KN294911v1","2250721","2251019","46","7011454"
"chr9","9359451","9359736","KN296508v1","1079358","1079640","40","8280093"
"chr9","9579357","9579664","KN295922v1","130002","130315","44","9449355"
"chr9","9660362","9660586","KN296244v1","684998","685223","43","8975364"
"chr9","9693415","9693711","KN294917v1","401690","401984","32","9291725"
"chr9","9751443","9751756","KN296311v1","7181279","7181585","44","2570164"
"chr9","9773253","9773545","KN294451v1","1017011","1017306","42","8756242"
"chr9","9855965","9856260","KN294407v1","3027269","3027567","49","6828696"
"chr9","9905369","9905597","KN294451v1","1061523","1061753","46","8843846"
"chr9","9987005","9987322","KN296484v1","351750","352061","41","9635255"
"chr9","10065027","10065315","KN294420v1","822079","822371","42","9242948"
"chr9","10276806","10277127","KN296508v1","2153955","2154277","42","8122851"
"chr9","10282318","10282631","KN296036v1","2062557","2062868","44","8219761"
"chr9","10412066","10412381","KN294172v1","900684","900994","45","9511382"
"chr9","10497566","10497869","KN294790v1","163386","163690","39","10334180"
"chr9","10513783","10514046","KN296263v1","542623","542891","44","9971160"
"chr9","10680045","10680341","KN297320v1","271981","272275","41","10408064"
"chr9","10915494","10915802","KN294790v1","163386","163690","44","10752108"
"chr9","11098057","11098340","KN295701v1","980603","980886","26","10117454"
"chr9","11171161","11171470","KN295459v1","1480864","1481174","36","9690297"
"chr9","11271686","11271983","KN296865v1","1608885","1609185","41","9662801"
"chr9","11357277","11357589","KN295459v1","673095","673397","48","10684182"
"chr9","11364630","11364925","KN294911v1","2646845","2647138","43","8717785"
"chr9","11404450","11404756","KN295366v1","78980","79290","42","11325470"
"chr9","11453044","11453348","KN295637v1","795675","795978","41","10657369"
"chr9","11520385","11520692","KN294790v1","163386","163690","43","11356999"
"chr9","11546867","11547140","KN294685v1","865341","865623","39","10681526"
"chr9","11579224","11579527","KN295571v1","513084","513393","29","11066140"
"chr9","11763365","11763675","KN295301v1","761923","762233","38","11001442"
"chr9","11779060","11779240","KN295171v1","374429","374605","25","11404631"
"chr9","11839189","11839415","KN295405v1","757351","757593","54","11081838"
"chr9","11962757","11963049","KN295708v1","2784035","2784327","36","9178722"
"chr9","11967278","11967478","KN296311v1","4494592","4494796","30","7472686"
"chr9","11994735","11994900","KN295930v1","759567","759739","53","11235168"
"chr9","12087346","12087624","KN295236v1","3450343","3450624","39","8637003"
"chr9","12156260","12156553","KN295729v1","826689","826980","42","11329571"
"chr9","12201491","12201794","KN295607v1","4377455","4377758","34","7824036"
"chr9","12229561","12229642","KN294372v1","1446947","1447025","16","10782614"
"chr9","12229678","12229914","KN295586v1","3146006","3146235","36","9083672"
"chr9","12477991","12478304","KN296958v1","483963","484281","42","11994028"
"chr9","12580564","12580870","KN296958v1","373914","374211","36","12206650"
"chr9","12684334","12684649","KN296958v1","262986","263296","34","12421348"
"chr9","12700300","12700610","KN295236v1","35793","36099","42","12664507"
"chr9","12718336","12718623","KN297274v1","2047238","2047526","40","10671098"
"chr9","12908328","12908637","KN296958v1","24041","24351","34","12884287"
"chr9","12917239","12917523","KN294456v1","411152","411436","46","12506087"
"chr9","12936626","12936874","KN295970v1","49893","50138","45","12886733"
"chr9","13020704","13020976","KN297171v1","2628817","2629092","43","10391887"
"chr9","13142642","13142932","KN296079v1","1173356","1173636","54","11969286"
"chr9","13147820","13148121","KN295735v1","994649","994952","37","12153171"
"chr9","13177230","13177532","KN296153v1","1090111","1090408","32","12087119"
"chr9","13208892","13209197","KN295983v1","1699675","1699986","38","11509217"
"chr9","13229430","13229723","KN295480v1","1302107","1302401","39","11927323"
"chr9","13230921","13231209","KN295059v1","242847","243129","50","12988074"
"chr9","13239010","13239309","KN294172v1","3212707","3213008","44","10026303"
"chr9","13262586","13262894","KN295708v1","1796766","1797077","42","11465820"
"chr9","13267655","13267960","KN294842v1","1045125","1045428","46","12222530"
"chr9","13480309","13480605","KN294181v1","1356541","1356845","43","12123768"
"chr9","13602874","13603184","KN295523v1","2651938","2652265","68","10950936"
"chr9","13624369","13624673","KN294705v1","161390","161692","47","13462979"
"chr9","13672773","13673113","KN295735v1","713634","713968","48","12959139"
"chr9","13758023","13758306","KN295091v1","1863027","1863311","41","11894996"
"chr9","13802564","13802853","KN295096v1","2965990","2966278","39","10836574"
"chr9","13823438","13823751","KN296079v1","587166","587474","37","13236272"
"chr9","13842018","13842322","KN294561v1","1084406","1084703","41","12757612"
"chr9","13850391","13850709","KN295022v1","755609","755918","61","13094782"
"chr9","13921399","13921671","KN295633v1","1133330","1133601","42","12788069"
"chr9","13954370","13954413","KN295605v1","731068","731107","7","13223302"
"chr9","13954414","13954624","KN296263v1","107832","108045","31","13846582"
"chr9","13995361","13995521","KN296747v1","128765","128916","34","13866596"
"chr9","14280269","14280613","KN295523v1","2688545","2688864","67","11591724"
"chr9","14364140","14364430","KN294470v1","2136945","2137241","43","12227195"
"chr9","14435485","14435792","KN295091v1","2729189","2729493","58","11706296"
"chr9","14502487","14502789","KN296486v1","633470","633771","41","13869017"
"chr9","14504637","14504951","KN296036v1","1044138","1044445","39","13460499"
"chr9","14506050","14506342","KN294147v1","1191891","1192182","33","13314159"
"chr9","14512859","14513132","KN295533v1","1644449","1644719","37","12868410"
"chr9","14617360","14617641","KN295366v1","124181","124471","45","14493179"
"chr9","14734925","14735231","KN294879v1","533741","534047","39","14201184"
"chr9","14936636","14936935","KN297245v1","1416081","1416379","31","13520555"
"chr9","14974813","14975119","KN294657v1","336306","336612","29","14638507"
"chr9","14986856","14987157","KN297023v1","480259","480560","35","14506597"
"chr9","15005378","15005668","KN294193v1","425211","425504","37","14580167"
"chr9","15075220","15075523","KN294657v1","231642","231933","39","14843578"
"chr9","15094441","15094749","KN294657v1","212726","213034","25","14881715"
"chr9","15110975","15111276","KN294657v1","197530","197841","27","14913445"
"chr9","15128695","15128996","KN296682v1","1930392","1930690","38","13198303"
"chr9","15132268","15132572","KN296743v1","1756759","1757068","39","13375509"
"chr9","15133794","15134079","KN296406v1","165981","166261","42","14967813"
"chr9","15148262","15148562","KN294657v1","166344","166644","22","14981918"
"chr9","15164990","15165296","KN296311v1","832074","832375","36","14332916"
"chr9","15231316","15231602","KN294657v1","74724","75007","19","15156592"
"chr9","15370873","15371184","KN296292v1","261892","262195","34","15108981"
"chr9","15376044","15376332","KN295967v1","606893","607186","36","14769151"
"chr9","15393864","15394164","KN296292v1","243000","243299","28","15150864"
"chr9","15398596","15398903","KN296809v1","763161","763473","35","14635435"
"chr9","15408045","15408338","KN296292v1","228649","228938","38","15179396"
"chr9","15452428","15452670","KN295405v1","757351","757593","57","14695077"
"chr9","15488591","15488893","KN295893v1","165765","166062","40","15322826"
"chr9","15511636","15511929","KN296620v1","349918","350214","33","15161718"
"chr9","15547797","15548112","KN296292v1","82067","82368","42","15465730"
"chr9","15549237","15549530","KN295561v1","109790","110077","39","15439447"
"chr9","15569033","15569355","KN296311v1","5486572","5486885","67","10082461"
"chr9","15580065","15580336","KN296292v1","58796","59062","24","15521269"
"chr9","15601052","15601352","KN295343v1","729289","729587","36","14871763"
"chr9","15623806","15624053","KN295835v1","199186","199432","45","15424620"
"chr9","15650168","15650480","KN294879v1","533741","534047","37","15116427"
"chr9","15669204","15669509","KN295735v1","225416","225727","39","15443788"
"chr9","15677113","15677374","KN294172v1","5362938","5363195","50","10314175"
"chr9","15687169","15687465","KN295855v1","83587","83886","40","15603582"
"chr9","15690196","15690484","KN295326v1","100464","100755","39","15589732"
"chr9","15692500","15692792","KN295729v1","826689","826980","36","14865811"
"chr9","15708260","15708553","KN294410v1","283647","283942","37","15424613"
"chr9","15758943","15759244","KN296122v1","327024","327326","39","15431919"
"chr9","15771271","15771582","KN296306v1","147554","147864","44","15623717"
"chr9","15865314","15865618","KN295352v1","490330","490634","28","15374984"
"chr9","15906493","15906808","KN296762v1","309784","310094","40","15596709"
"chr9","15917755","15917873","KN295893v1","7315178","7315311","48","8602577"
"chr9","15919994","15920275","KN295523v1","196160","196440","43","15723834"
"chr9","15924668","15924964","KN296485v1","541954","542254","34","15382714"
"chr9","15966306","15966587","KN295415v1","436","718","36","15965870"
"chr9","15984351","15984651","KN295032v1","307103","307398","32","15677248"
"chr9","16033130","16033428","KN294470v1","2136945","2137241","40","13896185"
"chr9","16037572","16037873","KN294147v1","1327198","1327496","41","14710374"
"chr9","16038574","16038863","KN296096v1","838711","839001","34","15199863"
"chr9","16040633","16040915","KN295243v1","1220902","1221192","45","14819731"
"chr9","16056647","16056927","KN296133v1","236569","236849","37","15820078"
"chr9","16228049","16228339","KN294439v1","224743","225030","36","16003306"
"chr9","16231825","16232121","KN296486v1","1266538","1266834","41","14965287"
"chr9","16408891","16409173","KN295281v1","326451","326732","43","16082440"
"chr9","16474850","16475151","KN295075v1","197535","197834","39","16277315"
"chr9","16574720","16575029","KN296303v1","514845","515157","36","16059875"
"chr9","16709734","16709959","KN295406v1","275159","275372","53","16434575"
"chr9","16719498","16719766","KN295586v1","775111","775377","41","15944387"
"chr9","16731361","16731461","KN295236v1","3489640","3489713","48","13241721"
"chr9","16731870","16732176","KN294462v1","663264","663573","45","16068606"
"chr9","16764339","16764644","KN294407v1","3007171","3007473","41","13757168"
"chr9","16771301","16771514","KN296263v1","107832","108045","32","16663469"
"chr9","16783376","16783662","KN294172v1","5752952","5753241","44","11030424"
"chr9","16809326","16809637","KN294264v1","87223","87534","41","16722103"
"chr9","16869326","16869645","KN297408v1","58299","58616","50","16811027"
"chr9","16871358","16871684","KN294172v1","5193915","5194221","62","11677443"
"chr9","16956627","16956926","KN294987v1","82692","82994","32","16873935"
"chr9","16957666","16957955","KN294874v1","309420","309712","38","16648246"
"chr9","16966478","16966772","KN297079v1","17893","18203","49","16948585"
"chr9","17016567","17016860","KN294456v1","1098138","1098439","46","15918429"
"chr9","17019738","17020022","KN297112v1","2725693","2725979","35","14294045"
"chr9","17022545","17022845","KN296311v1","854862","855163","35","16167683"
"chr9","17035977","17036279","KN294470v1","2136945","2137241","39","14899032"
"chr9","17042016","17042297","KN296731v1","1424234","1424515","41","15617782"
"chr9","17067880","17068153","KN296292v1","58796","59062","43","17009084"
"chr9","17068517","17068824","KN296153v1","1336190","1336496","37","15732327"
"chr9","17088792","17089092","KN294457v1","364574","364877","37","16724218"
"chr9","17126179","17126485","KN294251v1","1527189","1527497","47","15598990"
"chr9","17142490","17142788","KN294571v1","1575904","1576204","34","15566586"
"chr9","17148365","17148680","KN294456v1","612494","612802","46","16535871"
"chr9","17166089","17166389","KN295893v1","69765","70062","40","17096324"
"chr9","17166594","17166905","KN295394v1","874778","875084","41","16291816"
"chr9","17172888","17173174","KN296743v1","202352","202637","37","16970536"
"chr9","17177086","17177364","KN295241v1","197736","198025","38","16979350"
"chr9","17202066","17202360","KN294911v1","628968","629266","25","16573098"
"chr9","17231654","17231953","KN296460v1","406524","406819","42","16825130"
"chr9","17254488","17254793","KN294456v1","592934","593237","39","16661554"
"chr9","17320568","17320883","KN297159v1","432130","432436","46","16888438"
"chr9","17330391","17330687","KN296290v1","436882","437182","36","16893509"
"chr9","17333725","17334032","KN296357v1","653990","654295","37","16679735"
"chr9","17342845","17343153","KN296404v1","2027749","2028051","39","15315096"
"chr9","17353241","17353512","KN297165v1","2779028","2779304","37","14574213"
"chr9","17361388","17361683","KN297304v1","54786","55087","29","17306602"
"chr9","17449587","17449896","KN297452v1","231523","231832","36","17218064"
"chr9","17470777","17471085","KN297445v1","1509310","1509621","38","15961467"
"chr9","17606337","17606655","KN296879v1","942640","942952","54","16663697"
"chr9","17678728","17679038","KN295996v1","133342","133652","32","17545386"
"chr9","17704365","17704664","KN297023v1","480259","480560","27","17224106"
"chr9","17786609","17786901","KN296119v1","911532","911825","34","16875077"
"chr9","17846839","17847142","KN294199v1","870315","870610","49","16976524"
"chr9","17925049","17925353","KN296036v1","769191","769486","34","17155858"
"chr9","17940504","17940806","KN295198v1","274974","275272","32","17665530"
"chr9","18219381","18219689","KN295967v1","1786134","1786431","43","16433247"
"chr9","18328207","18328523","KN297259v1","1684022","1684333","34","16644185"
"chr9","18645890","18646158","KN295967v1","1395119","1395388","23","17250771"
"chr9","18687447","18687722","KN295967v1","1356118","1356401","40","17331329"
"chr9","18761839","18762011","KN294957v1","73265","73439","29","18688574"
"chr9","18774658","18774958","KN295967v1","1273600","1273901","36","17501058"
"chr9","18788603","18788904","KN294456v1","1098138","1098439","44","17690465"
"chr9","18808457","18808737","KN295967v1","1234553","1234833","29","17573904"
"chr9","18857755","18858048","KN295967v1","1181621","1181923","28","17676134"
"chr9","18868556","18868815","KN295967v1","1168988","1169258","37","17699568"
"chr9","18914087","18914389","KN297154v1","1039874","1040175","37","17874213"
"chr9","18933336","18933626","KN295967v1","1110251","1110540","31","17823085"
"chr9","18982129","18982418","KN295967v1","1069377","1069670","29","17912752"
"chr9","19037465","19037691","KN295350v1","715338","715554","44","18322127"
"chr9","19103206","19103511","KN295967v1","946438","946747","28","18156768"
"chr9","19247390","19247680","KN295967v1","815207","815488","34","18432183"
"chr9","19321815","19322107","KN295967v1","734037","734334","29","18587778"
"chr9","19336716","19337002","KN295967v1","720328","720623","29","18616388"
"chr9","19339409","19339717","KN295967v1","717901","718207","29","18621508"
"chr9","19340690","19340984","KN295967v1","716640","716935","26","18624050"
"chr9","19358074","19358350","KN297163v1","14308","14583","36","19343766"
"chr9","19358455","19358755","KN295967v1","698306","698609","26","18660149"
"chr9","19369659","19369946","KN295967v1","685673","685960","29","18683986"
"chr9","19382595","19382906","KN295967v1","673738","674053","33","18708857"
"chr9","19385696","19385982","KN295967v1","670670","670960","31","18715026"
"chr9","19390311","19390609","KN294456v1","1098138","1098439","40","18292173"
"chr9","19400659","19400834","KN295930v1","759567","759739","29","18641092"
"chr9","19402533","19402818","KN294747v1","993118","993403","42","18409415"
"chr9","19419642","19419930","KN296495v1","560166","560460","38","18859476"
"chr9","19425494","19425789","KN297245v1","1416081","1416379","28","18009413"
"chr9","19434040","19434351","KN295967v1","615741","616053","24","18818299"
"chr9","19435209","19435511","KN295967v1","614570","614868","28","18820639"
"chr9","19444559","19444870","KN295967v1","605880","606185","32","18838679"
"chr9","19451419","19451708","KN295967v1","599531","599820","28","18851888"
"chr9","19452070","19452260","KN295533v1","1763610","1763792","41","17688460"
"chr9","19469331","19469645","KN297367v1","115077","115384","53","19354254"
"chr9","19484677","19484959","KN295967v1","558704","558996","33","18925973"
"chr9","19489150","19489437","KN294591v1","423646","423931","37","19065504"
"chr9","19512268","19512561","KN295967v1","532721","533015","23","18979547"
"chr9","19517951","19518240","KN296244v1","36757","37045","45","19481194"
"chr9","19524663","19524985","KN295967v1","521261","521584","49","19003402"
"chr9","19531796","19532062","KN294630v1","422834","423101","41","19108962"
"chr9","19555551","19555852","KN294325v1","869926","870221","42","18685625"
"chr9","19566240","19566528","KN295967v1","490584","490860","34","19075656"
"chr9","19566716","19567023","KN295967v1","490113","490419","27","19076603"
"chr9","19573922","19574235","KN295301v1","761923","762233","47","18811999"
"chr9","19598892","19599196","KN295459v1","673095","673397","29","18925797"
"chr9","19614564","19614853","KN295633v1","1341340","1341633","41","18273224"
"chr9","19616618","19616809","KN294548v1","1253956","1254133","33","18362662"
"chr9","19654584","19654886","KN294603v1","111945","112247","42","19542639"
"chr9","19657218","19657531","KN295967v1","394806","395118","37","19262412"
"chr9","19673138","19673444","KN295967v1","378943","379229","54","19294195"
"chr9","19679719","19680029","KN297154v1","1610824","1611134","40","18068895"
"chr9","19682462","19682743","KN295967v1","368560","368830","30","19313902"
"chr9","19700606","19700901","KN296263v1","979225","979526","48","18721381"
"chr9","19713706","19714012","KN294790v1","163386","163690","50","19550320"
"chr9","19717641","19717958","KN295967v1","328370","328679","36","19389271"
"chr9","19724826","19725130","KN295362v1","1115763","1116072","36","18609063"
"chr9","19728089","19728265","KN294407v1","1792826","1793012","32","17935263"
"chr9","19742093","19742408","KN295236v1","35793","36099","34","19706300"
"chr9","19769101","19769412","KN295962v1","2329043","2329352","47","17440058"
"chr9","19779490","19779800","KN296948v1","1303070","1303379","31","18476420"
"chr9","19800467","19800763","KN295967v1","250436","250731","20","19550031"
"chr9","19817412","19817701","KN295735v1","822355","822644","35","18995057"
"chr9","19823700","19823973","KN294458v1","1171290","1171562","42","18652410"
"chr9","19847184","19847471","KN295967v1","206634","206924","27","19640550"
"chr9","19852470","19852758","KN296281v1","122676","122961","40","19729794"
"chr9","19927784","19928097","KN295586v1","1244707","1245017","43","18683077"
"chr9","20173713","20173937","KN296952v1","107590","107814","23","20066123"
"chr9","20245369","20245677","KN294705v1","186396","186702","40","20058973"
"chr9","20294185","20294479","KN295366v1","124181","124471","39","20170004"
"chr9","20354659","20354969","KN295301v1","761923","762233","34","19592736"
"chr9","20356084","20356393","KN295820v1","997009","997317","45","19359075"
"chr9","20423061","20423371","KN295361v1","458553","458859","38","19964508"
"chr9","20443705","20443979","KN296314v1","126968","127243","29","20316737"
"chr9","20444486","20444796","KN296484v1","351750","352061","41","20092736"
"chr9","20502626","20502949","KN296314v1","191953","192258","47","20310673"
"chr9","20554179","20554485","KN296314v1","235367","235673","37","20318812"
"chr9","20636687","20637012","KN296314v1","318500","318811","42","20318187"
"chr9","20646399","20646685","KN297154v1","1109277","1109566","34","19537122"
"chr9","20764827","20765129","KN296635v1","5408495","5408792","40","15356332"
"chr9","20793884","20794195","KN296357v1","431311","431620","38","20362573"
"chr9","20881611","20881899","KN296314v1","564805","565092","25","20316806"
"chr9","20901063","20901359","KN296314v1","587466","587769","28","20313597"
"chr9","20972684","20972849","KN296311v1","7665656","7665823","33","13307028"
"chr9","20979320","20979606","KN294224v1","1080394","1080681","35","19898926"
"chr9","21187026","21187251","KN296314v1","883401","883630","26","20303625"
"chr9","21279341","21279648","KN296314v1","980126","980438","30","20299215"
"chr9","21296385","21296672","KN297127v1","205636","205925","30","21090749"
"chr9","21324944","21325247","KN297127v1","177149","177453","28","21147795"
"chr9","21354343","21354633","KN295729v1","826689","826980","29","20527654"
"chr9","21384949","21385248","KN297127v1","115691","115976","42","21269258"
"chr9","21415446","21415739","KN297127v1","84466","84745","40","21330980"
"chr9","21694274","21694557","KN295717v1","355973","356268","48","21338301"
"chr9","21701059","21701362","KN297120v1","86916","87222","40","21614143"
"chr9","21735277","21735589","KN295319v1","42222","42534","33","21693055"
"chr9","21779483","21779637","KN294445v1","855366","855529","45","20924117"
"chr9","21781260","21781564","KN297120v1","21441","21743","27","21759819"
"chr9","21826563","21826866","KN294995v1","43965","44270","38","21782598"
"chr9","21950894","21951201","KN295236v1","35793","36099","45","21915101"
"chr9","22039165","22039439","KN294407v1","522223","522494","54","21516942"
"chr9","22185219","22185518","KN295090v1","632517","632822","35","21552702"
"chr9","22186488","22186774","KN296508v1","659940","660226","44","21526548"
"chr9","22231819","22232104","KN296495v1","1951647","1951933","36","20280172"
"chr9","22272311","22272528","KN294509v1","178587","178797","29","22093724"
"chr9","22290167","22290481","KN295735v1","851231","851541","47","21438936"
"chr9","22335208","22335418","KN296079v1","2860738","2860978","54","19474470"
"chr9","22335531","22335825","KN294407v1","3027269","3027567","38","19308262"
"chr9","22371954","22372218","KN294728v1","684677","684939","38","21687277"
"chr9","22395951","22396228","KN295592v1","1986950","1987223","43","20409001"
"chr9","22676669","22676956","KN297274v1","2047238","2047526","42","20629431"
"chr9","22710393","22710704","KN295302v1","147528","147841","38","22562865"
"chr9","22864652","22864931","KN296079v1","526093","526371","55","22338559"
"chr9","23158654","23158962","KN294407v1","912040","912349","47","22246614"
"chr9","23256046","23256198","KN295800v1","365549","365705","30","22890497"
"chr9","23256234","23256366","KN294571v1","156050","156184","15","23100184"
"chr9","23312710","23313023","KN295869v1","896857","897165","47","22415853"
"chr9","23402665","23402830","KN296281v1","205219","205386","24","23197446"
"chr9","23549756","23549937","KN294501v1","904201","904380","26","22645555"
"chr9","23581147","23581433","KN294407v1","598111","598399","43","22983036"
"chr9","23656038","23656236","KN295983v1","489748","489951","35","23166290"
"chr9","23727491","23727646","KN294837v1","372964","373119","36","23354527"
"chr9","24066671","24066955","KN294182v1","463025","463315","46","23603646"
"chr9","24098977","24099266","KN296536v1","707686","707977","35","23391291"
"chr9","24238303","24238614","KN295607v1","4377455","4377758","52","19860848"
"chr9","24456165","24456474","KN294456v1","1098138","1098439","39","23358027"
"chr9","24483298","24483609","KN297197v1","767513","767826","37","23715785"
"chr9","24541278","24541573","KN295480v1","1302107","1302401","33","23239171"
"chr9","24611338","24611625","KN297452v1","2217950","2218238","35","22393388"
"chr9","24786440","24786732","KN294218v1","2409972","2410267","40","22376468"
"chr9","24807860","24808154","KN295943v1","294858","295148","42","24513002"
"chr9","24847181","24847493","KN297105v1","2952369","2952682","43","21894812"
"chr9","25004334","25004564","KN297186v1","50383","50628","47","24953951"
"chr9","25036922","25037213","KN295090v1","1516878","1517168","39","23520044"
"chr9","25159278","25159589","KN295586v1","1244707","1245017","52","23914571"
"chr9","25195030","25195343","KN295592v1","1811056","1811365","42","23383974"
"chr9","25326821","25327120","KN294561v1","1084406","1084703","37","24242415"
"chr9","25486459","25486755","KN295022v1","188923","189214","50","25297536"
"chr9","25679380","25679692","KN297133v1","753757","754060","63","24925623"
"chr9","25691782","25692067","KN295350v1","710666","710958","47","24981116"
"chr9","25737084","25737381","KN294172v1","3550057","3550360","49","22187027"
"chr9","25754725","25755010","KN296090v1","167051","167332","44","25587674"
"chr9","25954329","25954618","KN295523v1","3037410","3037701","41","22916919"
"chr9","26176919","26177179","KN295667v1","216653","216917","44","25960266"
"chr9","26200984","26201254","KN294404v1","404187","404462","37","25796797"
"chr9","26204969","26205265","KN295983v1","653692","653984","50","25551277"
"chr9","26503801","26504098","KN294456v1","1004114","1004413","36","25499687"
"chr9","26667989","26668297","KN296167v1","136532","136839","36","26531457"
"chr9","26668592","26668846","KN297263v1","804232","804492","41","25864360"
"chr9","26926369","26926677","KN295996v1","133342","133652","37","26793027"
"chr9","26936784","26937081","KN295090v1","711355","711650","29","26225429"
"chr9","27054700","27055010","KN297095v1","1301964","1302274","40","25752736"
"chr9","27147808","27148132","KN296825v1","1012135","1012463","43","26135673"
"chr9","27173824","27174126","KN296865v1","1608885","1609185","36","25564939"
"chr9","27183414","27183592","KN296430v1","238460","238637","27","26944954"
"chr9","27241165","27241461","KN294172v1","2666506","2666800","42","24574659"
"chr9","27255473","27255762","KN296795v1","2097898","2098181","44","25157575"
"chr9","27293193","27293500","KN295301v1","716124","716425","37","26577069"
"chr9","27315394","27315643","KN294193v1","349920","350165","38","26965474"
"chr9","27376348","27376650","KN295294v1","2546248","2546553","36","24830100"
"chr9","27382709","27383003","KN295607v1","4441116","4441409","39","22941593"
"chr9","27387260","27387558","KN295439v1","101248","101549","35","27286012"
"chr9","27389835","27390150","KN296157v1","885718","886029","38","26504117"
"chr9","27465094","27465398","KN294717v1","134314","134619","43","27330780"
"chr9","27501681","27501950","KN295343v1","770844","771117","39","26730837"
"chr9","27509137","27509438","KN294193v1","535425","535726","47","26973712"
"chr9","27656623","27656901","KN296831v1","388107","388396","42","27268516"
"chr9","27678950","27679240","KN295729v1","1450021","1450300","41","26228929"
"chr9","27692958","27693251","KN296620v1","349918","350214","36","27343040"
"chr9","27694977","27695278","KN295459v1","673095","673397","45","27021882"
"chr9","27842650","27842957","KN295319v1","93746","94048","43","27748904"
"chr9","27963786","27964092","KN296404v1","1944196","1944502","39","26019590"
"chr9","28026327","28026627","KN294471v1","43683","43990","46","27982644"
"chr9","28120675","28120993","KN296296v1","116079","116392","42","28004596"
"chr9","28370880","28371192","KN294809v1","1033430","1033730","54","27337450"
"chr9","28393298","28393567","KN297008v1","4187432","4187699","47","24205866"
"chr9","28644917","28645228","KN294187v1","783464","783769","34","27861453"
"chr9","28984524","28984834","KN297190v1","4407451","4407761","45","24577073"
"chr9","29013661","29013935","KN296424v1","373652","373924","42","28640009"
"chr9","29024557","29024849","KN296303v1","236041","236336","33","28788516"
"chr9","29179838","29180141","KN294571v1","1575904","1576204","44","27603934"
"chr9","29223880","29224190","KN295174v1","216080","216389","55","29007800"
"chr9","29363844","29364135","KN294949v1","1309263","1309554","46","28054581"
"chr9","29407697","29407977","KN294592v1","204469","204751","35","29203228"
"chr9","29416145","29416441","KN296682v1","1930392","1930690","52","27485753"
"chr9","29439985","29440174","KN296225v1","685783","685976","36","28754202"
"chr9","29449295","29449605","KN294245v1","511576","511887","42","28937719"
"chr9","29513292","29513548","KN295350v1","478679","478942","39","29034613"
"chr9","29515645","29515944","KN295091v1","2692987","2693285","41","26822658"
"chr9","29573575","29573869","KN295260v1","1431957","1432253","38","28141618"
"chr9","29603490","29603659","KN296481v1","376034","376200","21","29227456"
"chr9","29861411","29861702","KN296926v1","728665","728961","35","29132746"
"chr9","29892196","29892509","KN296682v1","4961231","4961540","39","24930965"
"chr9","29919697","29919973","KN295459v1","446023","446297","36","29473674"
"chr9","29925301","29925593","KN294548v1","889557","889854","54","29035744"
"chr9","30032248","30032541","KN295523v1","3030953","3031248","38","27001295"
"chr9","30388679","30388991","KN296809v1","763161","763473","48","29625518"
"chr9","30409797","30410096","KN294526v1","334958","335253","44","30074839"
"chr9","30428647","30428931","KN295371v1","448057","448341","35","29980590"
"chr9","30458861","30459168","KN297008v1","5344216","5344525","40","25114645"
"chr9","30689154","30689471","KN297190v1","106500","106813","42","30582654"
"chr9","30861731","30862016","KN295371v1","448057","448341","39","30413674"
"chr9","30915393","30915670","KN296153v1","3558047","3558322","43","27357346"
"chr9","30965656","30965949","KN295114v1","157283","157573","45","30808373"
"chr9","31039022","31039291","KN296485v1","182659","182931","50","30856363"
"chr9","31176359","31176665","KN294630v1","686727","687035","41","30489632"
"chr9","31208472","31208776","KN295366v1","78980","79290","38","31129492"
"chr9","31330849","31331164","KN296484v1","351750","352061","41","30979099"
"chr9","31365040","31365326","KN295345v1","1375941","1376236","62","29989099"
"chr9","31451481","31451784","KN296296v1","49220","49523","41","31402261"
"chr9","31581724","31582016","KN295433v1","76890","77188","47","31504834"
"chr9","31596215","31596513","KN295666v1","163031","163330","41","31433184"
"chr9","31699892","31700180","KN297195v1","26376","26667","42","31673516"
"chr9","31776620","31776906","KN295571v1","1202179","1202466","35","30574441"
"chr9","31903654","31903955","KN295666v1","248322","248617","35","31655332"
"chr9","31959612","31959851","KN296311v1","4870434","4870674","43","27089178"
"chr9","32030178","32030485","KN296167v1","450049","450355","33","31580129"
"chr9","32191562","32191865","KN296404v1","2379696","2380001","42","29811866"
"chr9","32257403","32257699","KN294470v1","2852199","2852501","38","29405204"
"chr9","32368829","32369001","KN296481v1","376034","376200","26","31992795"
"chr9","32395047","32395360","KN297105v1","1151702","1152014","45","31243345"
"chr9","32421306","32421599","KN297245v1","1416081","1416379","54","31005225"
"chr9","32502024","32502292","KN294172v1","3669482","3669748","36","28832542"
"chr9","32748662","32748947","KN295091v1","2692987","2693285","41","30055675"
"chr9","32758544","32758809","KN295667v1","721290","721564","48","32037254"
"chr9","32775480","32775788","KN294451v1","1139913","1140218","37","31635567"
"chr9","32838501","32838798","KN295260v1","1431957","1432253","40","31406544"
"chr9","32861267","32861573","KN296167v1","450049","450355","37","32411218"
"chr9","32883212","32883507","KN296404v1","1150048","1150343","35","31733164"
"chr9","32888257","32888532","KN296453v1","1512197","1512470","31","31376060"
"chr9","32908930","32909234","KN294728v1","1354965","1355268","30","31553965"
"chr9","32919669","32919969","KN296485v1","541954","542254","41","32377715"
"chr9","32946001","32946303","KN294790v1","163386","163690","35","32782615"
"chr9","32990055","32990367","KN297046v1","1490505","1490809","38","31499550"
"chr9","32990427","32990748","KN294790v1","5868297","5868622","47","27122130"
"chr9","33000001","33000144","KN297141v1","137314","137457","24","32862687"
"chr9","33027177","33027486","KN297259v1","998866","999166","53","32028311"
"chr9","33057889","33058199","KN296270v1","656153","656454","38","32401736"
"chr9","33058779","33059086","KN294172v1","2981302","2981610","42","30077477"
"chr9","33075690","33075971","KN295869v1","1094726","1095011","41","31980964"
"chr9","33163738","33164041","KN296810v1","26632","26932","45","33137106"
"chr9","33176746","33177050","KN295533v1","2511717","2512017","40","30665029"
"chr9","33267046","33267331","KN295274v1","89940","90213","34","33177106"
"chr9","33289786","33290083","KN295274v1","68143","68446","28","33221643"
"chr9","33299353","33299641","KN296349v1","48155","48443","34","33251198"
"chr9","33307795","33308107","KN295274v1","39096","39404","33","33268699"
"chr9","33319543","33319822","KN295274v1","27686","27967","23","33291857"
"chr9","33358615","33358771","KN296747v1","128765","128916","29","33229850"
"chr9","33364142","33364416","KN295303v1","62367","62645","41","33301775"
"chr9","33375589","33375871","KN296864v1","3255953","3256226","49","30119636"
"chr9","33379532","33379844","KN294175v1","236138","236449","39","33143394"
"chr9","33428168","33428478","KN297259v1","394809","395116","51","33033359"
"chr9","33467397","33467565","KN295623v1","399728","399891","31","33067669"
"chr9","33513282","33513581","KN294571v1","890748","891049","36","32622534"
"chr9","33517426","33517726","KN294803v1","119274","119577","35","33398152"
"chr9","33527391","33527696","KN295045v1","181971","182282","34","33345420"
"chr9","33541730","33542030","KN297023v1","480259","480560","46","33061471"
"chr9","33546557","33546830","KN296158v1","512983","513270","41","33033574"
"chr9","33583903","33584207","KN294991v1","1014370","1014671","46","32569533"
"chr9","33606584","33606876","KN295729v1","826689","826980","39","32779895"
"chr9","33611404","33611702","KN297274v1","1023468","1023763","31","32587936"
"chr9","33621726","33621999","KN296484v1","718830","719108","42","32902896"
"chr9","33625741","33626043","KN294733v1","607498","607793","41","33018243"
"chr9","33646428","33646736","KN295717v1","1397887","1398198","40","32248541"
"chr9","33659151","33659460","KN296187v1","1905371","1905671","39","31753780"
"chr9","33674455","33674764","KN296635v1","2387021","2387331","32","31287434"
"chr9","33689537","33689804","KN296453v1","1512197","1512470","36","32177340"
"chr9","33697287","33697577","KN295996v1","495798","496097","42","33201489"
"chr9","33716171","33716451","KN296266v1","2875","3156","38","33713296"
"chr9","33721748","33722061","KN294245v1","511576","511887","37","33210172"
"chr9","33734658","33734958","KN295633v1","323295","323596","35","33411363"
"chr9","33738663","33738892","KN295967v1","625826","626071","42","33112837"
"chr9","33739954","33740260","KN295571v1","513084","513393","37","33226870"
"chr9","33743721","33744001","KN295274v1","35011","35276","37","33708710"
"chr9","33746783","33747094","KN296503v1","58212","58521","33","33688571"
"chr9","33747098","33747392","KN296225v1","765260","765548","33","32981838"
"chr9","33761207","33761501","KN297233v1","523000","523293","37","33238207"
"chr9","33770569","33770865","KN297245v1","1677988","1678285","35","32092581"
"chr9","33804802","33805112","KN295102v1","81555","81863","38","33723247"
"chr9","33810136","33810358","KN294345v1","881883","882096","31","32928253"
"chr9","33811400","33811695","KN295032v1","307103","307398","39","33504297"
"chr9","33811700","33812011","KN296310v1","958636","958949","39","32853064"
"chr9","33831775","33832065","KN294193v1","686578","686868","43","33145197"
"chr9","33834837","33835129","KN294147v1","1191891","1192182","42","32642946"
"chr9","33845880","33846191","KN294957v1","62097","62408","38","33783783"
"chr9","33859455","33859725","KN295257v1","1250659","1250919","49","32608796"
"chr9","33903735","33904038","KN294513v1","764764","765066","43","33138971"
"chr9","33938599","33938895","KN294470v1","2136945","2137241","31","31801654"
"chr9","33940046","33940333","KN297320v1","271981","272275","39","33668065"
"chr9","33971371","33971537","KN294957v1","73265","73439","34","33898106"
"chr9","34026547","34026835","KN297133v1","1373163","1373453","40","32653384"
"chr9","34028805","34029108","KN295294v1","2546248","2546553","44","31482557"
"chr9","34171867","34172179","KN294747v1","658716","659016","39","33513151"
"chr9","34172755","34173051","KN294747v1","659236","659539","28","33513519"
"chr9","34176578","34176883","KN294747v1","663093","663390","31","33513485"
"chr9","34245495","34245644","KN294226v1","228321","228468","29","34017174"
"chr9","34271299","34271596","KN295480v1","1302107","1302401","34","32969192"
"chr9","34277933","34278229","KN295236v1","4141001","4141296","41","30136932"
"chr9","34278983","34279281","KN294874v1","105877","106179","36","34173106"
"chr9","34282554","34282742","KN296426v1","64367","64561","33","34218187"
"chr9","34295710","34295988","KN294911v1","755213","755494","30","33540497"
"chr9","34315805","34316110","KN295096v1","2192570","2192873","38","32123235"
"chr9","34318584","34318877","KN296649v1","502099","502397","38","33816485"
"chr9","34321683","34321961","KN294705v1","2048841","2049122","36","32272842"
"chr9","34344518","34344821","KN297023v1","480259","480560","27","33864259"
"chr9","34355581","34355861","KN296859v1","1581704","1581985","36","32773877"
"chr9","34378747","34379023","KN295415v1","436","718","43","34378311"
"chr9","34410442","34410770","KN295893v1","2972903","2973217","74","31437539"
"chr9","34425560","34425857","KN296805v1","1487","1784","43","34424073"
"chr9","34426556","34426855","KN295729v1","826689","826980","38","33599867"
"chr9","34432780","34433084","KN297276v1","143691","143993","39","34289089"
"chr9","34439907","34440210","KN295459v1","673095","673397","33","33766812"
"chr9","34444009","34444306","KN294581v1","619147","619445","32","33824862"
"chr9","34445490","34445779","KN294446v1","1094059","1094349","29","33351431"
"chr9","34451785","34452019","KN296119v1","5656183","5656409","37","28795602"
"chr9","34452030","34452325","KN297028v1","628758","629052","40","33823272"
"chr9","34454881","34455178","KN296557v1","13515","13811","38","34441366"
"chr9","34461537","34461840","KN295343v1","729289","729587","36","33732248"
"chr9","34474361","34474658","KN295433v1","791869","792167","43","33682492"
"chr9","34479103","34479415","KN294911v1","2389002","2389309","41","32090101"
"chr9","34488932","34489238","KN296261v1","261747","262047","49","34227185"
"chr9","34495666","34495956","KN295977v1","85955","86248","27","34409711"
"chr9","34500518","34500805","KN295729v1","826689","826980","38","33673829"
"chr9","34501114","34501403","KN295459v1","574121","574407","39","33926993"
"chr9","34507275","34507483","KN295923v1","609165","609364","46","33898110"
"chr9","34509865","34510079","KN294509v1","178587","178797","32","34331278"
"chr9","34515730","34516034","KN296305v1","652930","653232","34","33862800"
"chr9","34516104","34516367","KN295294v1","3683898","3684161","40","30832206"
"chr9","34522999","34523305","KN295995v1","269118","269423","34","34253881"
"chr9","34527400","34527710","KN294790v1","5868297","5868622","57","28659103"
"chr9","34528024","34528307","KN295633v1","1377460","1377744","41","33150564"
"chr9","34543675","34543936","KN297259v1","223439","223716","50","34320236"
"chr9","34548094","34548374","KN295366v1","326836","327114","36","34221258"
"chr9","34549106","34549415","KN295459v1","673095","673397","36","33876011"
"chr9","34551695","34551872","KN296883v1","914176","914354","29","33637519"
"chr9","34554791","34555100","KN296646v1","1163459","1163767","42","33391332"
"chr9","34555414","34555706","KN296263v1","325449","325745","39","34229965"
"chr9","34559878","34560178","KN296732v1","3297760","3298052","47","31262118"
"chr9","34587358","34587666","KN294548v1","1161001","1161308","42","33426357"
"chr9","34592246","34592555","KN296036v1","2062557","2062868","41","32529689"
"chr9","34596167","34596465","KN295523v1","3003643","3003941","40","31592524"
"chr9","34600885","34601183","KN294193v1","425211","425504","40","34175674"
"chr9","34626169","34626474","KN295717v1","2362828","2363125","37","32263341"
"chr9","34680314","34680597","KN295361v1","824524","824814","46","33855790"
"chr9","34693379","34693685","KN294650v1","633091","633393","38","34060288"
"chr9","34698420","34698727","KN295523v1","2925262","2925570","30","31773158"
"chr9","34711575","34711868","KN296948v1","1329163","1329455","42","33382412"
"chr9","34712758","34713051","KN296883v1","2944943","2945240","39","31767815"
"chr9","34720681","34720978","KN296381v1","114561","114857","32","34606120"
"chr9","34753065","34753276","KN295977v1","1276894","1277103","40","33476171"
"chr9","34754553","34754848","KN295350v1","962885","963179","38","33791668"
"chr9","34760328","34760606","KN296833v1","94676","94959","43","34665652"
"chr9","34766965","34767249","KN295371v1","448057","448341","27","34318908"
"chr9","34844604","34844895","KN296538v1","54923","55215","37","34789681"
"chr9","34866123","34866422","KN296682v1","2052676","2052972","42","32813447"
"chr9","34883844","34884126","KN295371v1","448057","448341","37","34435787"
"chr9","34946308","34946618","KN294287v1","369071","369381","43","34577237"
"chr9","34960698","34961006","KN295154v1","52907","53218","34","34907791"
"chr9","35009971","35010293","KN296157v1","885718","886029","44","34124253"
"chr9","35042914","35043218","KN295633v1","1397379","1397672","44","33645535"
"chr9","35053030","35053340","KN294705v1","623696","624002","45","34429334"
"chr9","35057188","35057486","KN294964v1","673814","674112","36","34383374"
"chr9","35093270","35093579","KN294269v1","674791","675103","36","34418479"
"chr9","35105646","35105957","KN295366v1","78980","79290","42","35026666"
"chr9","35116042","35116328","KN296880v1","290573","290861","35","34825469"
"chr9","35124410","35124617","KN296263v1","107832","108045","32","35016578"
"chr9","35170719","35171023","KN294957v1","62097","62408","40","35108622"
"chr9","35184104","35184397","KN294193v1","568677","568960","40","34615427"
"chr9","35189490","35189790","KN295633v1","323295","323596","42","34866195"
"chr9","35221404","35221708","KN296426v1","105920","106223","38","35115484"
"chr9","35285577","35285891","KN296244v1","426613","426924","46","34858964"
"chr9","35320103","35320403","KN294456v1","1098138","1098439","33","34221965"
"chr9","35454496","35454806","KN295548v1","17538","17846","44","35436958"
"chr9","35460313","35460558","KN295835v1","199186","199432","43","35261127"
"chr9","35488593","35488839","KN295735v1","493338","493578","46","34995255"
"chr9","35518828","35519100","KN296306v1","3710976","3711242","46","31807852"
"chr9","35520117","35520413","KN294487v1","145594","145890","40","35374523"
"chr9","35545116","35545409","KN294539v1","1287945","1288241","41","34257171"
"chr9","35545424","35545726","KN294571v1","890748","891049","35","34654676"
"chr9","35549489","35549769","KN296732v1","3307334","3307612","37","32242155"
"chr9","35574666","35574903","KN295405v1","757351","757593","50","34817315"
"chr9","35593786","35594088","KN295356v1","1258737","1259038","37","34335049"
"chr9","35594739","35595029","KN295633v1","2440408","2440698","31","33154331"
"chr9","35597059","35597354","KN294977v1","13264","13560","39","35583795"
"chr9","35613549","35613845","KN297219v1","2516731","2517031","42","33096818"
"chr9","35676734","35677026","KN294874v1","309420","309712","42","35367314"
"chr9","35697836","35698147","KN295366v1","78980","79290","37","35618856"
"chr9","35701211","35701490","KN296859v1","1581704","1581985","43","34119507"
"chr9","35711957","35712220","KN296292v1","58796","59062","34","35653161"
"chr9","35712850","35713159","KN297159v1","306554","306865","38","35406296"
"chr9","35715423","35715716","KN295893v1","7273160","7273454","37","28442263"
"chr9","35720036","35720330","KN294592v1","467998","468291","35","35252038"
"chr9","35759447","35759748","KN294378v1","1174635","1174937","35","34584812"
"chr9","35760238","35760544","KN295301v1","716124","716425","34","35044114"
"chr9","35785347","35785648","KN295667v1","877297","877589","40","34908050"
"chr9","35803897","35804194","KN294456v1","1098138","1098439","46","34705759"
"chr9","35807288","35807592","KN297023v1","480259","480560","31","35327029"
"chr9","35812853","35813157","KN294790v1","163386","163690","39","35649467"
"chr9","35855271","35855566","KN295883v1","939003","939299","41","34916268"
"chr9","35902600","35902895","KN297227v1","294733","295032","33","35607867"
"chr9","35909900","35910162","KN296386v1","344396","344658","43","35565504"
"chr9","35912284","35912475","KN294957v1","73265","73439","59","35839019"
"chr9","35929487","35929776","KN294454v1","523056","523341","25","35406431"
"chr9","36028870","36029024","KN296096v1","2362985","2363130","38","33665885"
"chr9","36033379","36033656","KN294454v1","416620","416897","20","35616759"
"chr9","36066715","36067021","KN294454v1","386895","387210","30","35679820"
"chr9","36087516","36087821","KN296244v1","112737","113042","35","35974779"
"chr9","36089580","36089752","KN294842v1","178656","178828","29","35910924"
"chr9","36089753","36090049","KN294454v1","367171","367470","30","35722582"
"chr9","36093952","36094247","KN294454v1","362731","363033","29","35731221"
"chr9","36105153","36105457","KN294454v1","350610","350916","31","35754543"
"chr9","36106227","36106510","KN295984v1","391023","391296","43","35715204"
"chr9","36127647","36127956","KN296424v1","51364","51665","39","36076283"
"chr9","36203244","36203511","KN294454v1","250928","251195","23","35952316"
"chr9","36211663","36211969","KN294995v1","15599","15901","41","36196064"
"chr9","36222628","36222918","KN294758v1","2934831","2935123","37","33287797"
"chr9","36223676","36223984","KN294454v1","234316","234624","30","35989360"
"chr9","36224415","36224712","KN294454v1","233596","233893","32","35990819"
"chr9","36258072","36258390","KN295362v1","1079600","1079908","69","35178472"
"chr9","36262207","36262485","KN295368v1","1720430","1720713","36","34541777"
"chr9","36262582","36262887","KN297442v1","1612430","1612738","42","34650152"
"chr9","36332050","36332353","KN297008v1","2216162","2216466","40","34115888"
"chr9","36388351","36388655","KN296128v1","201621","201927","39","36186730"
"chr9","36394144","36394298","KN294444v1","72417","72567","31","36321727"
"chr9","36394386","36394690","KN296128v1","201621","201927","38","36192765"
"chr9","36416901","36417223","KN294454v1","60176","60492","32","36356725"
"chr9","36431183","36431477","KN294454v1","45801","46092","28","36385382"
"chr9","36490160","36490461","KN296508v1","46160","46457","37","36444000"
"chr9","36535589","36535842","KN296594v1","1014103","1014353","35","35521486"
"chr9","36565001","36565316","KN296508v1","121392","121709","42","36443609"
"chr9","36569666","36569973","KN296508v1","126072","126385","35","36443594"
"chr9","36577136","36577426","KN297245v1","2422300","2422591","37","34154836"
"chr9","36603532","36603828","KN296620v1","349918","350214","43","36253614"
"chr9","36610066","36610366","KN296508v1","159882","160191","41","36450184"
"chr9","36632424","36632775","KN296508v1","184361","184668","62","36448063"
"chr9","36660825","36661105","KN296508v1","212465","212738","29","36448360"
"chr9","36670798","36671087","KN295828v1","1026333","1026620","33","35644465"
"chr9","36700733","36701028","KN296508v1","252372","252666","20","36448361"
"chr9","36703761","36704071","KN296508v1","254789","255099","23","36448972"
"chr9","36713795","36714088","KN296508v1","264502","264790","20","36449293"
"chr9","36734408","36734714","KN295735v1","1160753","1161064","35","35573655"
"chr9","36735091","36735294","KN297141v1","158733","158926","45","36576358"
"chr9","36745576","36745879","KN296096v1","3032967","3033265","35","33712609"
"chr9","36748305","36748566","KN294172v1","1540690","1540957","34","35207615"
"chr9","36749982","36750283","KN296508v1","297583","297883","25","36452399"
"chr9","36762089","36762390","KN296508v1","309738","310033","35","36452351"
"chr9","36769745","36770031","KN296508v1","318323","318613","33","36451422"
"chr9","36780678","36780867","KN296311v1","3241063","3241249","52","33539615"
"chr9","36783720","36784017","KN295893v1","7757910","7758207","44","29025810"
"chr9","36786459","36786709","KN297154v1","1647652","1647909","51","35138807"
"chr9","36787863","36788167","KN296508v1","334066","334369","13","36453797"
"chr9","36792395","36792703","KN295045v1","3714","4020","35","36788681"
"chr9","36802509","36802809","KN295073v1","1289046","1289348","34","35513463"
"chr9","36804148","36804370","KN295441v1","1457453","1457675","27","35346695"
"chr9","36807034","36807345","KN297133v1","1603609","1603918","38","35203425"
"chr9","36822539","36822829","KN296508v1","367508","367798","26","36455031"
"chr9","36828378","36828639","KN296594v1","1066366","1066628","42","35762012"
"chr9","36832525","36832799","KN296609v1","99904","100179","49","36732621"
"chr9","36843416","36843650","KN295835v1","199186","199432","47","36644230"
"chr9","36887819","36887994","KN296982v1","467827","468001","27","36419992"
"chr9","36889060","36889368","KN296508v1","435189","435485","31","36453871"
"chr9","36914238","36914485","KN295301v1","1183296","1183537","54","35730942"
"chr9","36928392","36928697","KN296508v1","470769","471080","43","36457623"
"chr9","36936048","36936350","KN296188v1","339026","339326","42","36597022"
"chr9","36939924","36940154","KN297118v1","197557","197792","43","36742367"
"chr9","36958848","36959135","KN296508v1","502279","502566","26","36456569"
"chr9","36988674","36988972","KN295633v1","323295","323596","30","36665379"
"chr9","36992966","36993255","KN294893v1","78835","79128","42","36914131"
"chr9","36999750","36999998","KN296187v1","781642","781886","38","36218108"
"chr9","37003908","37004205","KN295061v1","9585","9891","41","36994323"
"chr9","37007625","37007772","KN295708v1","1589585","1589715","42","35418040"
"chr9","37015737","37016025","KN295352v1","439845","440138","43","36575892"
"chr9","37036133","37036435","KN294446v1","240983","241287","42","36795150"
"chr9","37038152","37038443","KN295893v1","6631191","6631477","50","30406961"
"chr9","37040140","37040331","KN297050v1","108848","109038","36","36931292"
"chr9","37041693","37041990","KN296547v1","396597","396892","46","36645096"
"chr9","37047434","37047719","KN296508v1","597168","597449","36","36450266"
"chr9","37084444","37084737","KN296508v1","633411","633703","21","36451033"
"chr9","37089545","37089834","KN296508v1","637057","637348","22","36452488"
"chr9","37098007","37098302","KN294539v1","1287945","1288241","36","35810062"
"chr9","37098610","37098903","KN295394v1","556635","556929","40","36541975"
"chr9","37100866","37101029","KN296281v1","205219","205386","30","36895647"
"chr9","37103154","37103356","KN296225v1","404775","404977","33","36698379"
"chr9","37112684","37112980","KN296508v1","659940","660226","28","36452744"
"chr9","37125192","37125500","KN296508v1","673333","673622","42","36451859"
"chr9","37130260","37130573","KN296508v1","680324","680635","29","36449936"
"chr9","37141273","37141576","KN294326v1","309006","309309","43","36832267"
"chr9","37146765","37147064","KN296508v1","696169","696474","30","36450596"
"chr9","37151666","37151974","KN295564v1","408804","409105","41","36742862"
"chr9","37177837","37178134","KN296557v1","13515","13811","37","37164322"
"chr9","37194011","37194314","KN294470v1","2878982","2879283","32","34315029"
"chr9","37212681","37212975","KN294378v1","985099","985394","35","36227582"
"chr9","37421810","37422105","KN296508v1","966354","966666","36","36455456"
"chr9","37461680","37461986","KN296508v1","1005909","1006220","32","36455771"
"chr9","37540627","37540924","KN294475v1","459086","459381","40","37081541"
"chr9","37541424","37541732","KN296484v1","351750","352061","26","37189674"
"chr9","37558903","37559216","KN296495v1","550769","551079","39","37008134"
"chr9","37583062","37583263","KN296357v1","36224","36429","29","37546838"
"chr9","37603098","37603402","KN296508v1","1150261","1150556","33","36452837"
"chr9","37618122","37618420","KN294809v1","1033430","1033730","34","36584692"
"chr9","37641976","37642261","KN296508v1","1191232","1191525","35","36450744"
"chr9","37719003","37719300","KN295708v1","807379","807677","39","36911624"
"chr9","37724015","37724340","KN296508v1","1274764","1275076","41","36449251"
"chr9","37740819","37741123","KN296508v1","1290392","1290686","34","36450427"
"chr9","37797848","37798157","KN296508v1","1344163","1344463","33","36453685"
"chr9","37811423","37811725","KN296508v1","1355590","1355894","25","36455833"
"chr9","37831408","37831696","KN297133v1","1238036","1238320","42","36593372"
"chr9","37842200","37842497","KN294539v1","1287945","1288241","29","36554255"
"chr9","37876893","37877202","KN296508v1","1415418","1415729","37","36461475"
"chr9","37882925","37883211","KN296955v1","201548","201832","35","37681377"
"chr9","37916304","37916620","KN295022v1","990860","991167","44","36925444"
"chr9","37925085","37925387","KN295607v1","4377455","4377758","44","33547630"
"chr9","37965838","37966135","KN295729v1","826689","826980","40","37139149"
"chr9","37975351","37975638","KN295898v1","509932","510216","42","37465419"
"chr9","37999637","37999941","KN296096v1","80587","80891","36","37919050"
"chr9","38013797","38014090","KN296508v1","1552993","1553293","28","36460804"
"chr9","38032402","38032698","KN295607v1","3396840","3397141","35","34635562"
"chr9","38034493","38034793","KN296062v1","126120","126418","42","37908373"
"chr9","38049437","38049750","KN296508v1","1591667","1591973","33","36457770"
"chr9","38067837","38068114","KN294193v1","568677","568960","42","37499160"
"chr9","38091597","38091829","KN296508v1","1637115","1637350","17","36454482"
"chr9","38117409","38117719","KN296682v1","4961231","4961540","41","33156178"
"chr9","38121085","38121386","KN296508v1","1667129","1667434","31","36453956"
"chr9","38134692","38134999","KN296508v1","1681244","1681558","37","36453448"
"chr9","38173603","38173899","KN296508v1","1718463","1718769","38","36455140"
"chr9","38215176","38215465","KN295869v1","1430554","1430846","37","36784622"
"chr9","38244382","38244685","KN296577v1","170382","170683","40","38074000"
"chr9","38249938","38250226","KN295996v1","436206","436492","40","37813732"
"chr9","38265971","38266255","KN295368v1","1720430","1720713","38","36545541"
"chr9","38323661","38323941","KN295090v1","1516878","1517168","49","36806783"
"chr9","38339877","38339949","KN296495v1","1507938","1508003","16","36831939"
"chr9","38343120","38343420","KN296311v1","768493","768797","34","37574627"
"chr9","38346439","38346667","KN295835v1","199186","199432","55","38147253"
"chr9","38352188","38352497","KN294509v1","384110","384414","37","37968078"
"chr9","38354341","38354567","KN297154v1","516244","516481","47","37838097"
"chr9","38356500","38356803","KN296495v1","846641","846944","29","37509859"
"chr9","38359838","38360116","KN294873v1","1241640","1241927","37","37118198"
"chr9","38372636","38372951","KN296508v1","1907996","1908308","25","36464640"
"chr9","38382750","38383048","KN296508v1","1918762","1919059","26","36463988"
"chr9","38388393","38388677","KN294848v1","1163682","1163967","46","37224711"
"chr9","38402821","38403128","KN296508v1","1935872","1936183","29","36466949"
"chr9","38418355","38418662","KN295748v1","161587","161896","37","38256768"
"chr9","38419332","38419601","KN296096v1","1429416","1429683","37","36989916"
"chr9","38421357","38421642","KN296921v1","483765","484057","36","37937592"
"chr9","38421655","38421965","KN294182v1","650121","650430","35","37771534"
"chr9","38457601","38457902","KN296508v1","1988194","1988500","30","36469407"
"chr9","38474074","38474253","KN294741v1","1596077","1596264","31","36877997"
"chr9","38474519","38474637","KN296311v1","8143256","8143376","17","30331263"
"chr9","38487895","38488053","KN294831v1","658690","658843","35","37829205"
"chr9","38586756","38587048","KN296508v1","2115488","2115769","38","36471268"
"chr9","38588989","38589288","KN296609v1","2956382","2956679","53","35632607"
"chr9","38602512","38602797","KN296508v1","2132082","2132369","26","36470430"
"chr9","38624854","38625153","KN296508v1","2155950","2156253","38","36468904"
"chr9","38630923","38631230","KN296743v1","348267","348572","37","38282656"
"chr9","38631601","38631894","KN296040v1","431461","431761","38","38200140"
"chr9","38638648","38638936","KN295241v1","9462","9752","36","38629186"
"chr9","38642406","38642690","KN296508v1","2174218","2174505","19","36468188"
"chr9","38700708","38701019","KN297197v1","767513","767826","44","37933195"
"chr9","38714626","38714881","KN295243v1","1473974","1474238","40","37240652"
"chr9","38722281","38722585","KN296303v1","514845","515157","41","38207436"
"chr9","38731328","38731606","KN295729v1","826689","826980","41","37904639"
"chr9","38768111","38768414","KN295637v1","795675","795978","38","37972436"
"chr9","38774160","38774452","KN296508v1","2310992","2311283","32","36463168"
"chr9","38779958","38780258","KN296508v1","2315620","2315910","38","36464338"
"chr9","38824918","38825213","KN294509v1","190073","190368","52","38634845"
"chr9","38906788","38907091","KN295057v1","841850","842154","35","38064938"
"chr9","38952371","38952679","KN294446v1","240983","241287","34","38711388"
"chr9","39005375","39005656","KN294446v1","1094059","1094349","47","37911316"
"chr9","39014505","39014793","KN295350v1","61187","61477","34","38953318"
"chr9","39025894","39026193","KN294995v1","15599","15901","29","39010295"
"chr9","39077816","39077983","KN294957v1","73265","73439","31","39004551"
"chr9","39108983","39109269","KN294172v1","4731014","4731305","39","34377969"
"chr9","39110418","39110714","KN294470v1","2136945","2137241","30","36973473"
"chr9","39253491","39253796","KN296178v1","892526","892831","34","38360965"
"chr9","39363652","39363954","KN296062v1","1530954","1531256","45","37832698"
"chr9","39369513","39369723","KN295995v1","278598","278793","52","39090915"
"chr9","39385636","39385938","KN294668v1","2005932","2006233","38","37379704"
"chr9","39432888","39433195","KN294921v1","734354","734656","37","38698534"
"chr9","39475932","39476111","KN296577v1","160723","160900","38","39315209"
"chr9","39512779","39513025","KN295459v1","334970","335224","49","39177809"
"chr9","39529749","39530060","KN294466v1","12634","12944","43","39517115"
"chr9","41527452","41527735","KN294365v1","1732094","1732379","41","39795358"
"chr9","41539972","41540194","KN295705v1","623338","623563","52","40916634"
"chr9","41562712","41563005","KN295708v1","2784035","2784327","45","38778677"
"chr9","41580576","41580905","KN295735v1","713634","713968","34","40866942"
"chr9","41781575","41781830","KN294991v1","995507","995758","35","40786068"
"chr9","42245367","42245675","KN296880v1","293276","293589","38","41952091"
"chr9","42402135","42402355","KN295967v1","625826","626071","57","41776309"
"chr9","42421337","42421623","KN294172v1","536302","536588","40","41885035"
"chr9","42443748","42443973","KN295705v1","623338","623563","52","41820410"
"chr9","42456233","42456516","KN294365v1","1732094","1732379","42","40724139"
"chr9","42518240","42518561","KN296138v1","435197","435501","47","42083043"
"chr9","42544024","42544173","KN294213v1","33692","33846","32","42510332"
"chr9","42544174","42544463","KN296117v1","475705","475996","47","42068469"
"chr9","42577088","42577382","KN294917v1","401690","401984","38","42175398"
"chr9","42671277","42671499","KN295705v1","623338","623563","52","42047939"
"chr9","43709537","43709841","KN294991v1","293673","293971","47","43415864"
"chr9","43719835","43720141","KN296484v1","351750","352061","48","43368085"
"chr9","43866472","43866720","KN295586v1","1320738","1320988","43","42545734"
"chr9","44534466","44534767","KN296745v1","43506","43812","33","44490960"
"chr9","44647942","44648235","KN295729v1","826689","826980","41","43821253"
"chr9","44696392","44696653","KN295828v1","1498966","1499228","43","43197426"
"chr9","44699188","44699480","KN296879v1","103807","104115","48","44595381"
"chr9","63187992","63188162","KN294240v1","22146","22317","29","63165846"
"chr9","63203513","63203612","KN296732v1","3294384","3294461","40","59909129"
"chr9","64181744","64182049","KN297041v1","122577","122883","44","64059167"
"chr9","64191185","64191496","KN294991v1","293673","293971","57","63897512"
"chr9","65014908","65015062","KN295930v1","759567","759739","63","64255341"
"chr9","65282606","65282898","KN294419v1","200675","200969","38","65081931"
"chr9","65560069","65560370","KN296745v1","43506","43812","31","65516563"
"chr9","66351952","66352118","KN296743v1","1950123","1950289","28","64401829"
"chr9","66368627","66368927","KN294210v1","987866","988162","48","65380761"
"chr9","66886102","66886389","KN295722v1","2298165","2298449","25","64587937"
"chr9","66976804","66977096","KN295722v1","2389889","2390182","18","64586915"
"chr9","66978225","66978534","KN295523v1","3240586","3240897","34","63737639"
"chr9","66978711","66978987","KN294172v1","6434661","6434945","42","60544050"
"chr9","67000779","67001086","KN295722v1","2413540","2413841","33","64587239"
"chr9","67014972","67015281","KN297032v1","7189","7497","36","67007783"
"chr9","67019463","67019747","KN295722v1","2432502","2432793","37","64586961"
"chr9","67050169","67050482","KN295430v1","3114647","3114946","41","63935522"
"chr9","67061850","67062140","KN295294v1","3477512","3477803","42","63584338"
"chr9","67123627","67123928","KN295430v1","3038342","3038646","37","64085285"
"chr9","67126429","67126726","KN295430v1","3035555","3035848","40","64090874"
"chr9","67128958","67129268","KN295430v1","3033015","3033308","41","64095943"
"chr9","67169249","67169525","KN294499v1","1184413","1184693","42","65984836"
"chr9","67171236","67171529","KN295430v1","2994355","2994646","25","64176881"
"chr9","67195582","67195878","KN294257v1","1723532","1723826","41","65472050"
"chr9","67227784","67228093","KN295430v1","2932216","2932525","19","64295568"
"chr9","67270579","67270896","KN295430v1","2883930","2884237","38","64386649"
"chr9","67465150","67465447","KN295855v1","83587","83886","35","67381563"
"chr9","67470766","67471072","KN295430v1","2676427","2676732","26","64794339"
"chr9","67483805","67484112","KN296306v1","1515860","1516160","35","65967945"
"chr9","67493781","67494076","KN295430v1","2649629","2649914","38","64844152"
"chr9","67536625","67536925","KN297245v1","1416081","1416379","29","66120544"
"chr9","67563284","67563515","KN296775v1","627278","627511","30","66936006"
"chr9","67570975","67571284","KN296484v1","351750","352061","35","67219225"
"chr9","67581329","67581633","KN296153v1","2873301","2873603","30","64708028"
"chr9","67585531","67585808","KN295430v1","2560586","2560862","26","65024945"
"chr9","67590736","67590963","KN296079v1","1360906","1361148","48","66229830"
"chr9","67598009","67598302","KN295430v1","2548359","2548672","37","65049650"
"chr9","67607119","67607418","KN294325v1","1015803","1016101","44","66591316"
"chr9","67609868","67610151","KN295430v1","2535775","2536073","40","65074093"
"chr9","67622230","67622517","KN295430v1","2522639","2522926","26","65099591"
"chr9","67627052","67627335","KN296406v1","158505","158783","33","67468547"
"chr9","67632760","67633064","KN295430v1","2510530","2510836","28","65122230"
"chr9","67647110","67647423","KN295430v1","2494766","2495061","40","65152344"
"chr9","67651258","67651434","KN294668v1","1588557","1588731","30","66062701"
"chr9","67655569","67655869","KN295075v1","197535","197834","36","67458034"
"chr9","67664572","67664876","KN296138v1","98488","98788","37","67566084"
"chr9","67665185","67665491","KN295430v1","2471636","2471945","29","65193549"
"chr9","67693420","67693705","KN294571v1","1318150","1318439","36","66375270"
"chr9","67715939","67716237","KN295430v1","2417151","2417445","34","65298788"
"chr9","67767577","67767888","KN295430v1","2364392","2364680","41","65403185"
"chr9","67772126","67772426","KN295430v1","2359617","2359924","43","65412509"
"chr9","67772749","67773043","KN295430v1","2358968","2359272","35","65413781"
"chr9","67773366","67773666","KN296430v1","1105044","1105344","40","66668322"
"chr9","67774968","67775270","KN295430v1","2355601","2355902","16","65419367"
"chr9","67790106","67790409","KN294487v1","145594","145890","38","67644512"
"chr9","67829772","67830030","KN296158v1","1574418","1574672","49","66255354"
"chr9","67855620","67855928","KN294991v1","688885","689191","41","67166735"
"chr9","67905739","67906048","KN295735v1","1160753","1161064","33","66744986"
"chr9","67947734","67948043","KN297245v1","1416081","1416379","38","66531653"
"chr9","67970932","67971238","KN296646v1","1163459","1163767","41","66807473"
"chr9","68033431","68033722","KN294964v1","1171001","1171302","37","66862430"
"chr9","68129660","68129970","KN296311v1","8317826","8318133","40","59811834"
"chr9","68218079","68218381","KN295430v1","1940853","1941150","24","66277226"
"chr9","68271010","68271314","KN295430v1","1890673","1890968","30","66380337"
"chr9","68315681","68315993","KN295430v1","1843089","1843401","33","66472592"
"chr9","68331173","68331463","KN294705v1","1468786","1469068","39","66862387"
"chr9","68417722","68418032","KN295430v1","1730562","1730872","22","66687160"
"chr9","68480443","68480733","KN295430v1","1674817","1675111","21","66805626"
"chr9","68510520","68510826","KN296442v1","417977","418281","39","68092543"
"chr9","68512545","68512836","KN295729v1","826689","826980","42","67685856"
"chr9","68604597","68604870","KN295430v1","1543896","1544162","23","67060701"
"chr9","68610051","68610368","KN296609v1","427443","427749","48","68182608"
"chr9","68634982","68635291","KN295362v1","1118563","1118868","48","67516419"
"chr9","68641260","68641548","KN297190v1","4200135","4200423","30","64441125"
"chr9","68656668","68656938","KN295430v1","1496010","1496290","30","67160658"
"chr9","68709592","68709878","KN295430v1","1439827","1440112","27","67269765"
"chr9","68716120","68716419","KN295430v1","1433325","1433637","36","67282795"
"chr9","68809120","68809429","KN295430v1","1344546","1344843","39","67464574"
"chr9","68843602","68843908","KN295717v1","2167378","2167682","45","66676224"
"chr9","68862278","68862576","KN296306v1","3804505","3804803","38","65057773"
"chr9","68889125","68889423","KN295430v1","1257302","1257603","21","67631823"
"chr9","68907913","68908134","KN296812v1","527877","528085","46","68380036"
"chr9","68909301","68909520","KN295586v1","3146006","3146235","39","65763295"
"chr9","68909797","68910095","KN295735v1","713972","714275","42","68195825"
"chr9","68911131","68911423","KN294613v1","697259","697547","47","68213872"
"chr9","68918782","68919075","KN295430v1","1237236","1237532","27","67681546"
"chr9","68939346","68939640","KN295430v1","1217885","1218183","21","67721461"
"chr9","68942258","68942566","KN295430v1","1214759","1215068","33","67727499"
"chr9","68967685","68967977","KN295430v1","1188128","1188413","38","67779557"
"chr9","68973685","68974000","KN297448v1","114343","114653","50","68859342"
"chr9","68977443","68977749","KN296145v1","2453373","2453679","33","66524070"
"chr9","68983710","68984017","KN295430v1","1166130","1166426","33","67817580"
"chr9","69005168","69005438","KN295430v1","1145995","1146268","31","67859173"
"chr9","69016388","69016691","KN296322v1","894001","894303","33","68122387"
"chr9","69056167","69056480","KN294399v1","47743","48054","38","69008424"
"chr9","69089435","69089746","KN295430v1","1063585","1063884","37","68025850"
"chr9","69139735","69140018","KN295430v1","1012452","1012720","40","68127283"
"chr9","69149230","69149525","KN294456v1","1098138","1098439","38","68051092"
"chr9","69267545","69267873","KN297095v1","3881419","3881729","65","65386126"
"chr9","69279250","69279546","KN295430v1","860468","860758","28","68418782"
"chr9","69330302","69330600","KN294287v1","289657","289957","51","69040645"
"chr9","69457299","69457593","KN294662v1","54879","55172","38","69402420"
"chr9","69471842","69472157","KN296404v1","2066509","2066814","56","67405333"
"chr9","69503352","69503656","KN295430v1","633727","634027","34","68869625"
"chr9","69537086","69537373","KN296495v1","163630","163918","36","69373456"
"chr9","69558861","69559163","KN294571v1","1575904","1576204","42","67982957"
"chr9","69666854","69667150","KN294571v1","1575904","1576204","42","68090950"
"chr9","69703447","69703748","KN296833v1","30824","31126","37","69672623"
"chr9","69759211","69759500","KN295430v1","383314","383603","26","69375897"
"chr9","69770306","69770600","KN296547v1","396597","396892","36","69373709"
"chr9","69776592","69776840","KN297207v1","101750","101994","41","69674842"
"chr9","69792381","69792661","KN295988v1","1593942","1594224","38","68198439"
"chr9","69806993","69807307","KN296926v1","949018","949326","47","68857975"
"chr9","69889781","69890069","KN295430v1","255873","256165","45","69633908"
"chr9","70155710","70156004","KN296609v1","388861","389154","41","69766849"
"chr9","70171100","70171380","KN296743v1","2392400","2392688","52","67778700"
"chr9","70206001","70206311","KN294539v1","76460","76766","43","70129541"
"chr9","70230469","70230780","KN294217v1","1552662","1552966","40","68677807"
"chr9","70239295","70239604","KN295974v1","3009668","3009967","40","67229627"
"chr9","70267105","70267398","KN295729v1","826689","826980","35","69440416"
"chr9","70276307","70276601","KN295735v1","822355","822644","28","69453952"
"chr9","70279936","70280230","KN295735v1","822355","822644","28","69457581"
"chr9","70344495","70344786","KN296702v1","1007161","1007454","43","69337334"
"chr9","70362805","70363116","KN295433v1","250702","251008","36","70112103"
"chr9","70367882","70368168","KN295573v1","192599","192895","40","70175283"
"chr9","70368209","70368511","KN294790v1","2412598","2412898","34","67955611"
"chr9","70373447","70373729","KN296040v1","275719","276000","43","70097728"
"chr9","70379233","70379532","KN296682v1","1930392","1930690","37","68448841"
"chr9","70404710","70404999","KN294326v1","619990","620278","33","69784720"
"chr9","70458174","70458390","KN294378v1","1547107","1547322","32","68911067"
"chr9","70465651","70465948","KN294571v1","1575904","1576204","47","68889747"
"chr9","70470931","70471203","KN295633v1","2562201","2562470","34","67908730"
"chr9","70487498","70487757","KN296172v1","5868","6125","42","70481630"
"chr9","70531212","70531499","KN294407v1","598111","598399","41","69933101"
"chr9","70553675","70553963","KN294407v1","598111","598399","37","69955564"
"chr9","70555239","70555485","KN297327v1","575949","576201","49","69979290"
"chr9","70560303","70560598","KN295735v1","951378","951675","35","69608925"
"chr9","70562160","70562457","KN295666v1","425149","425444","43","70137011"
"chr9","70574467","70574734","KN296424v1","570628","570891","37","70003839"
"chr9","70611255","70611550","KN297274v1","1023468","1023763","40","69587787"
"chr9","70612631","70612905","KN295523v1","3369914","3370187","37","67242717"
"chr9","70663429","70663602","KN294245v1","79202","79375","22","70584227"
"chr9","70664074","70664385","KN296484v1","351750","352061","35","70312324"
"chr9","70665376","70665685","KN294407v1","2317315","2317623","41","68348061"
"chr9","70679686","70679997","KN295983v1","1699675","1699986","37","68980011"
"chr9","70688861","70689039","KN294957v1","73265","73439","35","70615596"
"chr9","70697748","70698033","KN295893v1","729257","729542","44","69968491"
"chr9","70714988","70715246","KN295490v1","43581","43843","54","70671407"
"chr9","70719994","70720299","KN294995v1","15599","15901","33","70704395"
"chr9","70734498","70734796","KN296538v1","489193","489487","38","70245305"
"chr9","70744539","70744846","KN294873v1","1663394","1663694","38","69081145"
"chr9","70759925","70760207","KN296646v1","922061","922342","32","69837864"
"chr9","70767837","70768147","KN294516v1","3598","3906","38","70764239"
"chr9","70771011","70771333","KN296508v1","2153955","2154277","52","68617056"
"chr9","70781742","70782032","KN297458v1","476217","476510","37","70305525"
"chr9","70783365","70783645","KN295096v1","2965990","2966278","51","67817375"
"chr9","70790113","70790289","KN296577v1","160723","160900","39","70629390"
"chr9","70838984","70839280","KN297293v1","15524","15826","57","70823460"
"chr9","70855597","70855896","KN297245v1","1416081","1416379","37","69439516"
"chr9","70857064","70857285","KN295977v1","1276894","1277103","51","69580170"
"chr9","70870619","70870897","KN295459v1","1101140","1101421","34","69769479"
"chr9","70888890","70889197","KN296096v1","3922064","3922372","48","66966826"
"chr9","70897438","70897687","KN296311v1","281666","281927","38","70615772"
"chr9","70921580","70921874","KN295893v1","7273160","7273454","41","63648420"
"chr9","70923700","70923879","KN294842v1","178656","178828","39","70745044"
"chr9","70924764","70925060","KN294378v1","696718","697020","34","70228046"
"chr9","70932388","70932680","KN297133v1","666077","666368","38","70266311"
"chr9","70934547","70934855","KN294705v1","186396","186702","37","70748151"
"chr9","70937848","70938152","KN297023v1","480259","480560","29","70457589"
"chr9","70945926","70946239","KN295984v1","3327479","3327789","53","67618447"
"chr9","70958187","70958500","KN295022v1","990860","991167","38","69967327"
"chr9","70976471","70976782","KN294548v1","42935","43239","30","70933536"
"chr9","70979664","70979970","KN294470v1","1201848","1202151","39","69777816"
"chr9","71001495","71001792","KN297112v1","2135774","2136072","34","68865721"
"chr9","71001796","71002100","KN294325v1","1015803","1016101","38","69985993"
"chr9","71011119","71011409","KN295735v1","1380746","1381033","33","69630373"
"chr9","71048812","71049117","KN294193v1","765791","766099","41","70283021"
"chr9","71053040","71053360","KN297343v1","1478690","1479001","41","69574350"
"chr9","71055134","71055419","KN294251v1","1468909","1469201","36","69586225"
"chr9","71059797","71060088","KN294891v1","135898","136190","37","70923899"
"chr9","71073168","71073471","KN295898v1","504448","504758","37","70568720"
"chr9","71077678","71077949","KN295633v1","1133330","1133601","38","69944348"
"chr9","71089980","71090169","KN296743v1","341802","341994","36","70748178"
"chr9","71094441","71094733","KN296153v1","3033016","3033295","46","68061425"
"chr9","71099479","71099688","KN295977v1","1276894","1277103","39","69822585"
"chr9","71101509","71101804","KN296810v1","82391","82687","38","71019118"
"chr9","71106597","71106870","KN297171v1","2628817","2629092","38","68477780"
"chr9","71129053","71129364","KN294303v1","100118","100410","48","71028935"
"chr9","71132176","71132476","KN294873v1","942906","943208","32","70189270"
"chr9","71158307","71158621","KN294372v1","299717","300027","40","70858590"
"chr9","71171617","71171908","KN295835v1","84846","85139","50","71086771"
"chr9","71172671","71172971","KN296303v1","662776","663079","50","70509895"
"chr9","71174069","71174376","KN294911v1","3763985","3764286","42","67410084"
"chr9","71174928","71175226","KN294790v1","163386","163690","40","71011542"
"chr9","71179661","71179969","KN295605v1","466771","467082","34","70712890"
"chr9","71186758","71187059","KN297023v1","480259","480560","35","70706499"
"chr9","71193317","71193631","KN297245v1","2090572","2090875","43","69102745"
"chr9","71205968","71206276","KN294629v1","9039","9337","39","71196929"
"chr9","71228658","71228848","KN294790v1","6048085","6048269","41","65180573"
"chr9","71244789","71245089","KN296682v1","1930392","1930690","37","69314397"
"chr9","71259097","71259402","KN295350v1","179980","180284","39","71079117"
"chr9","71408564","71408887","KN295922v1","130002","130315","50","71278562"
"chr9","71416349","71416603","KN295490v1","43581","43843","36","71372768"
"chr9","71523124","71523425","KN296503v1","539763","540066","52","70983361"
"chr9","71571781","71572082","KN294761v1","363307","363610","45","71208474"
"chr9","71581632","71581937","KN297125v1","26030","26330","50","71555602"
"chr9","71620580","71620864","KN294591v1","423646","423931","37","71196934"
"chr9","71688946","71689236","KN294569v1","202171","202464","48","71486775"
"chr9","71712785","71713089","KN295523v1","1547918","1548219","38","70164867"
"chr9","71726286","71726621","KN296460v1","119303","119632","45","71606983"
"chr9","71736801","71737130","KN296460v1","119303","119632","45","71617498"
"chr9","71777543","71777818","KN294458v1","1171290","1171562","48","70606253"
"chr9","71817772","71818083","KN295301v1","761923","762233","41","71055849"
"chr9","71851713","71852022","KN295571v1","513084","513393","38","71338629"
"chr9","71905682","71905967","KN296743v1","202352","202637","41","71703330"
"chr9","72089081","72089338","KN296680v1","181878","182137","15","71907203"
"chr9","72126751","72127061","KN296306v1","3682608","3682916","44","68444143"
"chr9","72262548","72262876","KN296680v1","357322","357627","46","71905226"
"chr9","72414914","72415161","KN296680v1","528211","528456","34","71886703"
"chr9","72492798","72493105","KN296680v1","596126","596434","34","71896672"
"chr9","72507032","72507329","KN296680v1","611082","611373","25","71895950"
"chr9","72602329","72602632","KN296680v1","693429","693739","43","71908900"
"chr9","72684036","72684346","KN294592v1","1321409","1321720","37","71362627"
"chr9","72714592","72714762","KN297259v1","446106","446265","32","72268486"
"chr9","72814591","72814878","KN294193v1","425211","425504","42","72389380"
"chr9","72852246","72852548","KN294526v1","584075","584376","46","72268171"
"chr9","72917624","72917910","KN296311v1","2198976","2199262","39","70718648"
"chr9","72924057","72924364","KN294287v1","337770","338074","42","72586287"
"chr9","72934395","72934705","KN294378v1","1504358","1504668","37","71430037"
"chr9","73066384","73066640","KN296831v1","296379","296643","53","72770005"
"chr9","73067823","73068110","KN297190v1","726166","726449","42","72341657"
"chr9","73123774","73124077","KN296311v1","3194235","3194543","39","69929539"
"chr9","73233394","73233696","KN294825v1","396445","396749","41","72836949"
"chr9","73254426","73254733","KN295319v1","42222","42534","46","73212204"
"chr9","73281209","73281508","KN296153v1","3041230","3041525","48","70239979"
"chr9","73333203","73333507","KN294407v1","2317315","2317623","42","71015888"
"chr9","73339443","73339715","KN296588v1","792094","792381","48","72547349"
"chr9","73356891","73357203","KN294548v1","328774","329084","35","73028117"
"chr9","73362687","73362996","KN294446v1","240983","241287","32","73121704"
"chr9","73389453","73389748","KN294987v1","1160344","1160639","38","72229109"
"chr9","73400594","73400893","KN294526v1","334958","335253","41","73065636"
"chr9","73408542","73408838","KN294378v1","1108033","1108325","31","72300509"
"chr9","73427241","73427527","KN295415v1","436","718","40","73426805"
"chr9","73435606","73435910","KN294761v1","363307","363610","36","73072299"
"chr9","73478060","73478344","KN296921v1","541331","541611","45","72936729"
"chr9","73486906","73487209","KN294991v1","1180582","1180885","37","72306324"
"chr9","73502184","73502473","KN297095v1","584794","585091","38","72917390"
"chr9","73507403","73507706","KN294172v1","6919586","6919894","50","66587817"
"chr9","73519762","73520040","KN296040v1","275719","276000","37","73244043"
"chr9","73563335","73563643","KN296864v1","3164724","3165032","44","70398611"
"chr9","73563666","73563972","KN296158v1","1175251","1175559","41","72388415"
"chr9","73572218","73572513","KN296311v1","714128","714427","45","72858090"
"chr9","73594110","73594410","KN295962v1","1884512","1884811","30","71709598"
"chr9","73601366","73601502","KN294767v1","817992","818122","32","72783374"
"chr9","73636270","73636565","KN295586v1","2617191","2617488","42","71019079"
"chr9","73639457","73639761","KN295571v1","1155767","1156067","42","72483690"
"chr9","73665258","73665548","KN295623v1","474716","475007","38","73190542"
"chr9","73687320","73687614","KN296880v1","290573","290861","40","73396747"
"chr9","73696763","73697059","KN296119v1","1991504","1991802","48","71705259"
"chr9","73701173","73701399","KN296315v1","1938166","1938391","42","71763007"
"chr9","73736961","73737279","KN297408v1","58299","58616","40","73678662"
"chr9","73746372","73746683","KN294705v1","623696","624002","40","73122676"
"chr9","73747566","73747862","KN294193v1","425211","425504","33","73322355"
"chr9","73750083","73750376","KN294705v1","1468786","1469068","41","72281297"
"chr9","73762558","73762852","KN294917v1","405138","405434","37","73357420"
"chr9","73769779","73770072","KN294470v1","521836","522129","39","73247943"
"chr9","73831284","73831588","KN297023v1","480259","480560","37","73351025"
"chr9","73893045","73893339","KN294457v1","700995","701286","51","73192050"
"chr9","74078224","74078473","KN294917v1","563420","563668","35","73514804"
"chr9","74250631","74250923","KN294470v1","3131470","3131765","42","71119161"
"chr9","74318601","74318901","KN295523v1","4073633","4073934","37","70244968"
"chr9","74447468","74447777","KN295352v1","1345858","1346165","32","73101610"
"chr9","74451830","74452137","KN294458v1","1049177","1049481","41","73402653"
"chr9","74482567","74482872","KN294713v1","979131","979432","43","73503436"
"chr9","74500227","74500532","KN296122v1","112304","112609","36","74387923"
"chr9","74535423","74535725","KN295319v1","93746","94048","37","74441677"
"chr9","74541121","74541430","KN295708v1","242323","242631","34","74298798"
"chr9","74577808","74578102","KN294172v1","822922","823215","30","73754886"
"chr9","74673303","74673584","KN294987v1","1523967","1524245","31","73149336"
"chr9","74771308","74771601","KN295586v1","886793","887085","40","73884515"
"chr9","74817728","74818033","KN294407v1","2157068","2157379","37","72660660"
"chr9","74825462","74825790","KN294717v1","32485","32778","76","74792977"
"chr9","74838652","74838958","KN296430v1","1105044","1105344","31","73733608"
"chr9","74900916","74901212","KN294937v1","266","558","34","74900650"
"chr9","74910255","74910536","KN296484v1","6399","6684","49","74903856"
"chr9","74920955","74921255","KN294345v1","1360179","1360481","38","73560776"
"chr9","74926297","74926602","KN297046v1","2441561","2441865","37","72484736"
"chr9","74931533","74931834","KN294987v1","233072","233371","46","74698461"
"chr9","74937084","74937376","KN295564v1","408804","409105","30","74528280"
"chr9","74952695","74953003","KN296311v1","3194235","3194543","36","71758460"
"chr9","74965484","74965782","KN297245v1","1416081","1416379","41","73549403"
"chr9","74978112","74978407","KN295236v1","1479017","1479312","35","73499095"
"chr9","74994095","74994382","KN294571v1","671930","672216","41","74322165"
"chr9","75013849","75014140","KN294509v1","346253","346540","32","74667596"
"chr9","75029173","75029479","KN294540v1","860857","861160","53","74168316"
"chr9","75039262","75039512","KN296825v1","2835383","2835646","48","72203879"
"chr9","75040462","75040761","KN297276v1","74967","75265","32","74965495"
"chr9","75050543","75050861","KN296880v1","293276","293589","37","74757267"
"chr9","75060215","75060507","KN295573v1","502898","503186","37","74557317"
"chr9","75070552","75070708","KN296747v1","128765","128916","27","74941787"
"chr9","75072104","75072411","KN294856v1","158144","158448","44","74913960"
"chr9","75074300","75074437","KN295077v1","304214","304343","27","74770086"
"chr9","75118231","75118533","KN294911v1","2979140","2979444","37","72139091"
"chr9","75126966","75127269","KN294446v1","240983","241287","43","74885983"
"chr9","75146582","75146886","KN294187v1","783464","783769","39","74363118"
"chr9","75175565","75175868","KN294917v1","405138","405434","33","74770427"
"chr9","75189687","75189996","KN296486v1","1318978","1319291","40","73870709"
"chr9","75262612","75262875","KN294650v1","27651","27917","31","75234961"
"chr9","75279418","75279716","KN295910v1","140053","140343","47","75139365"
"chr9","75305137","75305420","KN296743v1","202352","202637","36","75102785"
"chr9","75373967","75374268","KN294539v1","1287945","1288241","35","74086022"
"chr9","75377007","75377318","KN295548v1","17538","17846","45","75359469"
"chr9","75414020","75414299","KN295371v1","448057","448341","37","74965963"
"chr9","75422711","75423015","KN296322v1","2692700","2693002","34","72730011"
"chr9","75428918","75429214","KN294172v1","822922","823215","36","74605996"
"chr9","75430542","75430852","KN294346v1","416646","416954","44","75013896"
"chr9","75448178","75448484","KN297442v1","2169057","2169358","32","73279121"
"chr9","75457039","75457345","KN294964v1","820008","820313","35","74637031"
"chr9","75477490","75477760","KN295371v1","448057","448341","49","75029433"
"chr9","75520578","75520873","KN297112v1","4954077","4954370","51","70566501"
"chr9","75526412","75526699","KN294633v1","106169","106453","31","75420243"
"chr9","75529151","75529442","KN297245v1","1416081","1416379","30","74113070"
"chr9","75538890","75539189","KN296810v1","26632","26932","44","75512258"
"chr9","75553934","75554211","KN295601v1","2985194","2985471","43","72568740"
"chr9","75571354","75571641","KN297259v1","1604747","1605031","35","73966607"
"chr9","75571818","75572104","KN294326v1","619990","620278","42","74951828"
"chr9","75574359","75574662","KN297008v1","2270115","2270405","48","73304244"
"chr9","75578348","75578665","KN295090v1","2719195","2719504","39","72859153"
"chr9","75592612","75592908","KN296040v1","431461","431761","44","75161151"
"chr9","75626540","75626844","KN294710v1","68748","69053","33","75557792"
"chr9","75643228","75643522","KN294685v1","407085","407372","38","75236143"
"chr9","75649813","75650125","KN296311v1","3194235","3194543","33","72455578"
"chr9","75669678","75669984","KN295571v1","508469","508768","45","75161209"
"chr9","75675071","75675376","KN295352v1","490330","490634","42","75184741"
"chr9","75680807","75681119","KN294548v1","1161001","1161308","34","74519806"
"chr9","75699120","75699418","KN297219v1","1852725","1853024","44","73846395"
"chr9","75748264","75748561","KN295729v1","826689","826980","34","74921575"
"chr9","75752624","75752884","KN295490v1","43581","43843","51","75709043"
"chr9","75760458","75760769","KN295405v1","1289667","1289978","34","74470791"
"chr9","75764693","75764998","KN296743v1","316140","316437","40","75448553"
"chr9","75788646","75788954","KN294790v1","163386","163690","42","75625260"
"chr9","75790907","75791208","KN295430v1","2355601","2355902","42","73435306"
"chr9","75799923","75800216","KN295729v1","826689","826980","36","74973234"
"chr9","75802031","75802331","KN296406v1","41462","41764","36","75760569"
"chr9","75812188","75812475","KN295735v1","822355","822644","32","74989833"
"chr9","75846451","75846676","KN295977v1","1276894","1277103","53","74569557"
"chr9","75853967","75854247","KN297451v1","42098","42380","27","75811869"
"chr9","75875021","75875323","KN297451v1","62485","62782","27","75812536"
"chr9","75967512","75967819","KN296635v1","2153242","2153553","33","73814270"
"chr9","75973699","75974005","KN295725v1","2147803","2148097","30","73825896"
"chr9","76002968","76003265","KN295725v1","2120671","2120979","34","73882297"
"chr9","76047263","76047562","KN295241v1","75672","75962","45","75971591"
"chr9","76049701","76050008","KN295725v1","2075992","2076294","36","73973709"
"chr9","76103028","76103338","KN296609v1","427443","427749","34","75675585"
"chr9","76105387","76105694","KN296609v1","427443","427749","32","75677944"
"chr9","76120533","76120839","KN297190v1","4200135","4200423","61","71920398"
"chr9","76123172","76123348","KN296009v1","169201","169371","34","75953971"
"chr9","76131839","76132148","KN295725v1","2004342","2004649","41","74127497"
"chr9","76158996","76159263","KN295725v1","1975946","1976214","29","74183050"
"chr9","76168969","76169265","KN295725v1","1964945","1965251","30","74204024"
"chr9","76186304","76186606","KN295725v1","1947532","1947830","23","74238772"
"chr9","76256964","76257273","KN297184v1","684945","685253","40","75572019"
"chr9","76269817","76270127","KN296386v1","329660","329960","33","75940157"
"chr9","76277536","76277844","KN296547v1","390372","390680","37","75887164"
"chr9","76316259","76316547","KN294647v1","185532","185822","36","76130727"
"chr9","76322509","76322797","KN294647v1","185532","185822","36","76136977"
"chr9","76343134","76343443","KN295725v1","1808155","1808450","38","74534979"
"chr9","76353428","76353706","KN295725v1","1796183","1796464","28","74557245"
"chr9","76415055","76415358","KN295725v1","1729770","1730068","32","74685285"
"chr9","76484460","76484692","KN295835v1","199186","199432","46","76285274"
"chr9","76497523","76497820","KN295725v1","1648318","1648615","22","74849205"
"chr9","76500123","76500437","KN297058v1","312303","312607","47","76187820"
"chr9","76640395","76640705","KN295883v1","173429","173738","29","76466966"
"chr9","76672158","76672456","KN295725v1","1459389","1459696","36","75212769"
"chr9","76691961","76692268","KN294346v1","333538","333846","40","76358423"
"chr9","76736515","76736835","KN295573v1","316385","316688","64","76420130"
"chr9","76759174","76759495","KN295725v1","1385248","1385553","35","75373926"
"chr9","76793190","76793510","KN295725v1","1355116","1355414","39","75438074"
"chr9","76794151","76794452","KN295725v1","1352101","1352405","31","75442050"
"chr9","76806951","76807155","KN295034v1","848549","848755","46","75958402"
"chr9","76923641","76923951","KN295487v1","52973","53281","46","76870668"
"chr9","76941919","76942225","KN295725v1","1223675","1223983","23","75718244"
"chr9","76967948","76968240","KN296119v1","1534854","1535154","34","75433094"
"chr9","77115015","77115319","KN295308v1","2157705","2158010","37","74957310"
"chr9","77172424","77172731","KN294991v1","1180582","1180885","46","75991842"
"chr9","77209682","77209967","KN296119v1","5391491","5391772","35","71818191"
"chr9","77265396","77265698","KN295725v1","902733","903031","34","76362663"
"chr9","77282522","77282833","KN297304v1","4458","4766","37","77278064"
"chr9","77287306","77287584","KN294570v1","116175","116454","43","77171131"
"chr9","77332100","77332379","KN295371v1","448057","448341","39","76884043"
"chr9","77348754","77349065","KN296682v1","4961231","4961540","40","72387523"
"chr9","77421589","77421899","KN295725v1","747139","747446","37","76674450"
"chr9","77433719","77434028","KN295725v1","734762","735059","33","76698957"
"chr9","77435942","77436204","KN294668v1","2354688","2354950","53","75081254"
"chr9","77513220","77513519","KN294603v1","111945","112247","37","77401275"
"chr9","77669738","77670029","KN295032v1","307103","307398","35","77362635"
"chr9","77776264","77776569","KN294234v1","389524","389825","40","77386740"
"chr9","77810133","77810423","KN294175v1","69839","70134","43","77740294"
"chr9","77817859","77818174","KN297340v1","82618","82927","42","77735241"
"chr9","77929693","77929933","KN295820v1","956662","956899","36","76973031"
"chr9","77982813","77983123","KN295725v1","174978","175279","26","77807835"
"chr9","77993361","77993663","KN295725v1","157009","157314","28","77836352"
"chr9","78102571","78102870","KN295729v1","1349755","1350051","41","76752816"
"chr9","78166775","78167072","KN295236v1","3224730","3225029","30","74942045"
"chr9","78394782","78394961","KN296577v1","160723","160900","32","78234059"
"chr9","78403447","78403755","KN297163v1","233528","233830","34","78169919"
"chr9","78441867","78442165","KN294458v1","1049177","1049481","34","77392690"
"chr9","78444431","78444727","KN296063v1","1388665","1388960","45","77055766"
"chr9","78482220","78482511","KN297163v1","314478","314759","34","78167742"
"chr9","78548117","78548418","KN297163v1","385473","385775","35","78162644"
"chr9","78584194","78584445","KN296635v1","3060139","3060392","37","75524055"
"chr9","78910214","78910513","KN295236v1","4631168","4631466","43","74279046"
"chr9","79013557","79013840","KN295995v1","315573","315859","55","78697984"
"chr9","79222909","79223219","KN297163v1","1077973","1078272","36","78144936"
