"chr1","53477272","53477570","chr20","79891255","79891554","25","26413983","GGGCACGGTGGCTCACCCCTGTAATCCTAGCACTTTGGGAGGCCAAGGCGGGTGGGTCACTTGAGGTCAGGAGTTCAAGACCAGCCTGACCAACATGGTGAAACCCTGTCTCTACTAAAAATACAAAAATTAGCCTGGCGTGGTGGTGGGTGCCTGTAATCCCAGCTACTCAGGAGGCAGAGGAACAAGAATCACTTGAACCTGGGAGGTGAAGGTTGCAGTGACCCAAGATCATACCACTGCACTCCAGCCTGGGCGACAGAGCAAGACACTGTCTCAGAACAAAACAAAACAAAAAA","GGGCGTGGTGGCTCACCCCTATAATCCCAGCACTTTGGGAGGCCAAGGCGGGTGGATCACTTGAGGTCAGGAGTTCAAGACCAGCCTAGTCAACATGGTGAAACTCTGTCTCTACTAAAAATACAAAAATTAGACTGGCATGGTGGTGGGCGCCTGTAATCCCAGCTACTCAGGAGGCAGAGGCACGAGAATTGTATGAACCTGGGAGGTGAAGGTTGCAGTGAGCCAAGATGGTACCACTGCACTCCAGCCTTGGCGACAGAGCAAGACCCTGTCTCAAAACAAAACAAAACAACAAAA"
"chr1","214957934","214958221","chr6","50066742","50067036","36","164891192","GGCGCGGTGGCTCATGCTTGTAATCCCAGCACTTTGGGAGGGCGAGGTAGGCGGATCACTTGAGATCAGGAGTTAGAGACCAGCCTGGCCTACATGATGAAACCCCGTCTCTACTAAAAATACAAAAATTAGCAAGGCATGGTGGTAGGCGCCTGTAGTCCCAGCTACTTGGGAGGCTGAGGCAGGATAATTGCTTGAACCTGGGAGGCAGAGGTTGCAGTGACTGAGATTTTGACACTGCACTCCAGCCTGGGCAACAGAGCGAGACTCCGTCTCAAAAAAGAAAAA","GCAGGGCACGGTGGCTCACGCCTGTAATCCCAGCACTTTGGGAGGCCGAGGTGGGCGGATCACCTGAGGTCAGGAGTTCAAGACCAGCCTGACCAATATGGTGAAACCTATCTCTACTAAAAATACAAAAATTAGCTGGGCGTGGTGGTGGGTGCCTGTAATCCCAGCTACTTGGGAGGCTGAGGCAGGAGAATTGCTTGAACCTGGGAGGCAGAGGTTGCAGTGAGCCGAGATTGTGAAACTGCACTCCAGTCTGGGCGACAGAGCGAGACTCCGTCTCAAAAAAAGAAAAAAA"
"chr1","1572574","1572871","chrX","61960439","61960734","35","60387865","GGTCGGGCATGGTGGCTCACGCCTGTAATCCCAGCACTTTGGGAGGCTGAGGCAGGTGATTCACCTGAGGTCAGGAGTTCCAGACCAGCCTGACCAACAAGGTGAAAGCTCGTCTCTACTAAAAATATAAAAATTAGCCGAGTGTGGTGGCAGGTGCCTGTAGTCCCAGGTACTCGGGAGGCTGAGACAGGAGAACTGCTTGAACACAGGAGGCAGAGGTGGCAGTTAGCTGAGATCATGCCACTGCACTCCAGCCTGGGCAATGGAGCAAGACTCTGTCTCAAAAACAAACAAAAAA","GGCCGGGCACGGTGGCTCATGCCTGTAATCCCAGCACTTTGTGAGGCCAAGGCAGTTGGATCACCTGAGGTCAGGAGTTCGAGACCAGCCTGACCAACAAGATGAAACCCCATCTCTACTAAAAATATAAAAATTAGCCGGGTGTGGTGGTAGGCACCTGTAGTCCCAGCTACTCGGGAGGCTGAGAGAGGAGAATTGCTTGAACCCGGGAGGCGGAGGTTGCAGCGAGCTGAGATCGCACCACAGCACTCCAGCCTGGGCAACAGAGCAAGACTCTGTCTCAAAAAAAAAAAAAA"
"chr1","1703591","1703962","chr10","127801642","127801983","99","126098051","CTGGGCACGGTGGCTCACATCTGTAATCCCGACACTTTGGGAGGCTGAGGTGGGCGCATCACCTGAGGTCAAGAGTTCGAGACCAGTCTGGCCAACGTGGCGAACTAAAAATTAAACGTTTTTAATTTTAATGTGTTTTAAGAACACATTATGTTCTTGGCAGCGAACTAAAAAAAAAACGTTTCTACTAAAAATTAAAAAAATTAGCCAGGCGTGATGGCAGGCACCTGTAACCCCAGCTACCTGGGAGGCAGAGGCAGGAGAATCACTTGAACCCAGAAGGTGGAGGTCGTAGTGAGTGGAGATCACGCCACTACACTTCAGCCTGGGTGATAGAGCAAGACACCGTCTCGAAAAGAAAAAAAAAAAAAA","GGCCGGGCGCAATGGCTTACGCCTGTAATCCCAGTACTTTGGGAGGCTGAGCCGGGTGGATCACCTGAGGTCAGGAGTTCGAGACCAGCCTGGCCAACGTGGTGAAACCTAAAATACTAGGTGAAACCTAAAATACTAGGTGAAACCTAAAATACCGCCTCTACTAAAACTAAAAAAAATTAACTGAGCATGGTGGCAGGCACCTGTAATCCCAGCTACTTGGGAGGCTGAGGCAAGAGAATCGCTTGAACCCAGGAGGCAGAGGTTGCAGTGAGCCGAGATCGTGCCACTGCCCTCCAGCCTGGGTAACAGAGCGAGACTCCATCTCAAAAAAAAAAAAAA"
"chr1","8257274","8257593","chr19","10206444","10206765","42","1949170","GGCCGGGCGTGGTGACTCATGCCTGTAATCCCACTATTTTGGGAGGCCTAGGTGGGTAGATCACCTAAGGTCAGGAGTTCGAGACCAGTCTGGCCAACATGGTGAAACCCCATCTCTACTAAAAATACAAAAACAAAAAAAAATTAGCCAGGTGTGGTGGCGGGCGCCTGTAGTCCCGGCTACTCGGGAGGCTGAGGCAGGAGAATCGCTTGAACCCGGGAGGCAGAGGTTGCAGGGAGCCAAGATCGCACCACTGTACTCCAGCTTGGCGACAGAGTGAGAATCTGTCTCAAAAATAAATAAACAAATAAGAAAAAAAA","GGCCTGGTGTGGTGGCTTATGCCTGTAATCCCAGCATTTTGGGAGGCCTAGGTGGGCATATCTCCTGAGGTCAGGAGTTCGAGACCAGCCTGGCCAACATGGTGAAACCCCATCTCTACTGAAAATACCAAAAAAAAAAAAAAAATAGCTGAGTGTGGGGTGGGCACCCATAATCCCAGCTACTCGGGAGGCTGAGGCAGGAGGATCACTTGAACCTGGGAGGCAGAGGCTGCAGTGAGCCAAGATTGTACCACTGCACTCCAGCCTGGGCGACAGAGTGAGAGTCTGTCTCAAAAAAAAAAAAAAAAAAAAAAAAAAAAAA"
"chr1","9174916","9175162","chr16","31906139","31906391","42","22731223","GGCCGAGTGCAGTGGCTCATTCCTGTAATCCCAGTGCTTTGGGAGGCCGAGGTGGGCGGATCACCTGAGGTCAGGAGTTTGAGTCCAGCCTGGTCAACATGGCAAAGCCCCGTCTCTACTAAAAATACAAAAATTAGCTGGGCATGGTGGCGGGTGCCTGTAATCCCAGCTACTCGGGAGGCTGAGGCAGGAGAATCACTTGAACCCCCAAGGCAGAGGTTGCAGTGAGCCGAGATGGAACCACTAC","GGTTGGGTGCAGTGGCTCGTGCCTGTAATCTCAGCAGTTTGGGAGGCTGAGGCGGGGGAATCACCTGAGGTCAGGAGTTCAAGACCAGCCTGGCCAACATGGTGAAACCCCATCTCTACTAAAAATACAAAAATCAGCTGGGTGTTGTGGCAGGTGCCTGTAATCCCAGCTCCTCGGGAGGCTGAGGCAGGAGAATCGCTTGAACCCAGGAGGCAGAGGTTGCAGTGAGCTGAGATTGCAGCCTGGGTGACAG"
"chr1","11010020","11010329","chr3","37312315","37312619","37","26302295","GGCCAGGCCCAGTGGCTCACACCTGTAATCCCAGCACTTCGGGAGGCCGAGGCAGGAGGATCTTTTGAGGTCAGGAGTTCAAGACCAGCCTGGCCAACATGGTGAATCCCCGCCTCTACTAAAAATACAAAAAATTAGCCAGGCATGGTGGCAGGCACCTGTAGTCCCAGCTACTCAGGAGGCTGAGGTGGGAGAATCACTTGAACATGGGAGGCAGAGGTTGCAGGGAGCCGAGATCGTACCATTGCACTCCAGCCTGGGTGACAGAGCGAGACTTCGTCTCAAAAAAAAAAAAAAAAGAAAAAAGAAA","GGCCAGGCTCAGTGGCTCACACCTGTAATCCCAGCACTTTGGGAGCCTGAGGCAGGTGGATCACGAGGTCAGGAGTTCAAGACCAGCCTGACCAATATGGTGAAACCCCATCTCTACTAAAAATACAAAAATTAGCCAGGCATGGTGGCAGGTGCCTGTAATCCCAGCTATTCAGGAGGCTGAGGCAGGAGAATCGCTTGAACCTGGGCGGCAGAGGTTGCAGTGAGCCAAGATCGTGCCACTGCACTCTAGCCTGGGTGACAGAGTGAGATTCTCTCAAAAAAAATGAAAAAATAAAAATAAAA"
"chr1","14548904","14549216","chr20","117818826","117819128","32","103269922","GGCTGGGCGCAGTGGCTCATGCCTGTAATCCCAACACTTTCGGAGGCCGAAGCGGGTGGATCACCTGAGGTCAAGAGTTCGAGACCAACCTGGCCAACATGGTGAAACCCCGTCTCTACTAAAAATACAAAAAATTAGCCAGGCGTGGTGGCAGGCACCTGTAATCCCAGCTACTCAGGAGGCTGAGACAGGAGAATTGCATGAAACCAGGAGGCAGAGGTTGCAGTGAGTGGAGATTATGCCATTGCACTCCAGCCTGGGACACAGAACAAGACTCCACCTCAAAAAAACAAACAAAAAACAACAACAACAA","GGCTGGTCGCAGTGACTCACGCTTGTAATCCCAGCACTTTGGGAGGCCGAGACAGGTGGATCACCTGAGGTCAAGAGTTCGAGACCAGCCTGGCCAACGTGGTGAAACCCCGTCTCTACTAAAAATACAAAAAATTAACCAGGCGTGGTGGTGGGCACCTGTAATCCCAGCTACTCAGGAGGCTGAGACAGGAGAACTGCATGAAACCAGGAGGCAGAGGTTGCAGTGAGCTAAGATTGTGCCATTGCACTCCAGCCTGGGACACAGAATGAGACTCCACCTCAAAACAAATAAACAACAAAA"
"chr1","19398366","19398671","chrX","38416664","38416967","36","19018298","GGCCAGGCATGGTGGCTCACGCCTATAAACCCAGCACTTTGGGAGGCCGAGGCGGGCAGATCACTGGAGATTAGGAGTTCGATACCAGCCTGGCCAACGTGGTGAGACCCCGTCTCTACTAAAAATACAAAAATTAGCTGGGTGTGGTGGCAGGTGCCTGTAGTCCCAGCTGCTTGGGAGGCTGAGGCAAGAGAATCACTTGAACCTGGGAGGTGGAGGTTGCAGTGAGCCAGGATTGCGCCACTTCACTCCAGCCTGGGCAACAGAGTGAGATTCCATCTCAAAAATAAAAATAAAATACAAAAA","GCTGGGCATGGTGGCTCATGCCTATAATTCCAGCACTTTGGGAGGCCAAGGCAGGCGGATCACTTGAGGTCAGGAGTTCAAGACCAGCCTGGCCAACATGGTGAAATCCTGTCTCTACTAAAAATACAAAAATTAGCAGGGCGTTGTGGCAGGTGCCTGTAATCCCAGCTACTTGGGAGGCTGAGGCAGGAAAATCACTTAAACCTGGGAGGTGGAGGTTGCAGTGAGCCAAGATCGCACCACTGCACTCCAGCCTGGGCAACAGAGTGAGACTCCATCTCAAAAACAAACAAACAAACAAAAA"
"chr1","20053841","20054020","chr7","24332915","24333099","27","4279074","CCCATCTCTACTGAAAATACAAAACTTTAGCCGGGTGTGGTGGCAGGCGCCTGTAATCTCAGCTACTCGGGAGGCTGAGGCAGGAGAATCACTTGAACCTGGCAGGTGGAGGTTGCAGTGAGCCGAGATGGTGCCACTGCACTCCAGCCTGGCGACAGAGTGAGACAAAAAAAAAAAGAA","CCCACTCTCTACTAAAAATACAAAAATTAGCCAGGCATGATGGCAGATACCTGTAATCCCAGCTACTCAGGAGGCTGAGGCAGAAGAATCGCTTGAACCTGGGAGGTGGAGGTTGCAGTGAGCCGAGATTGTGCCACTGCACTCCAGCCTGGGCAACAGAGCTTCCGTCTCAAAAAAAAAAAAAA"
"chr1","27787031","27787342","chr20","105014789","105015095","45","77227758","GACTGGGCGAGGTGTCTCACGCCTGTAATCCCAGCACTTTGGGAGGCCGAGGCGATCGGATCACCTGAGGTCAGGCATTCGAGACCAGCCTGGCCAACATGGCGAAACTCTGCCTCTACTAAAAATCAAAAAGTAAGCCGGGTGTGATGGCAGGCGACTGTAGTCCTAGCTGCTCGGGAGGCTGAGGTAGGAGAATCGCCTGAACTGGGGAGGTGCAGGTTGCAGTAAACCAAGACCAAGATCGCTCCACTGCACTCCAGCCTGGGCAACAGAGCGAGATTCCGTCTCAGGAAAAAAAAAAAAAAAAAAGAA","GGCCAGGCGCGGTGTCTCATGCCTGTAATCCCAGCACTTTGGGAGGCCGAGGCAGTCCGATCACCTGAGGTCAGGCATTCGAGACCGGCCTGGCCAACATGGCAAAACCCCGCCTCTACTAAAAATCAAAAGGTTAGCCGGGCGTGATGGTGGGCGCCTGTAGTCCCAGCTACCCGGGAGGCCCAGGCAGGAGAATTGCTTGAACCGGAGAGGCAGAGGTTGCAGTGAGCCAAGACCAAGATTGCTCTACTGCACTCCAGCCTGGGCGACAGAGTGAGATTCCATCTCAGAAAAAAACAAAACAAAA"
"chr1","39059207","39059506","chr20","94065696","94066000","29","55006489","GGACAGGCGTGGTGGCTTCTCACCTGTAATCCCAGCACTTTGGGGGGCCTAGGCGGGTGGATCACTTGAGGTCTGGAGTTGGAGATCAGCCTGGCCACCATGGTGAAACCCCGTCTCTACTAAAAATACAAAAATTAGCCAGGCATGGTGGCGGGCACCTGTAATCCCAGCTACTTGGGAGGCTGAGCCAGGAGAATAGCTTGAACCCAGGAGGCGGAGGTCGCAGTGAGCCGAGATTGTGCCATTGCACTCTAGCCTGGGTGACAGAGTGAGACTCTGCTTAAAAAAAAAAAAAAAAAA","GGCCAGGTGCGGTGGTTTCTTACCTGTAATCCCAGCACTTTGGGAGGCCTAGGTGGATGGATCACTTGAGGTCTGGAGTTGGAGATCAGCCTGGCCAACATGGTGAAACTTTGTCTCTACTAAAAATACAAAAAATGAGCCAGGCACAGTGGCGGGCACCTGTAATCCCAGCTACTTGGGAGGCTGAGCCAGGAGAATAGCTTGAACCCAGGAGGCGGAGGTTGCAGTGAGCCAAGATCATGCCATTGCACTGCAGCCTGGGTGACAGAGCAAGACTGTGCTTCAAAAAAAAAGAAAAAGAAAAA"
"chr1","43122459","43122749","chr20","90131503","90131789","36","47009044","GGCCGGGCACGGTGGCTCGTGCCTGTAATTCCAGCACTTTGGGAGGCTGAGGTGGGCGGATCACTTGAGATCAGGAGTTTGAGACCAGCCTGACCAACATAGTGAAACCCTATATCTATTAAAAATACAAAAATTAGTCAGGTGTGGTGGCGGGCACCTGTAATCCCAGCTGCTCACGAGGCTGAGGCAGGAGAATTTCTTGAACCCAGGAGGCAGTGCTGAGATAGCACCACTGCACTCTAGCCTGAGTGACAGAGCAAGACTCCATCTCAAAAAAAAAAAAAAAAAAAA","GGTCGGGCACAGTGGCTCACGCCTGTAATCCCAGCACTTTGGGAGGTTGAAGTGGGCGGATCACTTGAGGTCAGGAGTTCGAGACCAGCCTGACCAACATAGTGAAACCCTATCTCTATCTAAAATACAAAAATTAATCAGGCGTGGTGGCGGGTGCCTGTAATCCTAGCTGCTCGTGAGGCTGAGGCAGGAGAATTGCTTGAACGCAGAAGGCAGAGCCGAGATAGTGCCACTGCACTCTAGCCTGGGTGACAGAGCAAGACTCTGTCTCATTTAAAAAAAAAAAA"
"chr1","57016288","57016594","chr20","76460189","76460503","33","19443901","GGTCAGGTGCAGTGGCTCACGCCTAAAATCCCAGCACTTTGGGAGGCCGAGGCAGGTGGATCATCTGAGGTCAGGAGTTAGAGACCAGCCTGGCCAACATGGTGAAACCCCCTCTCTACAAAAGTACAAAAATTAGGTGGGCATGATGGTGGGTGCCTATAATCCCAGCTACTCGGGAGGCTGAGGCGGAAGAATCACTTGGACCTGGGAGGCGGAGGTTTCAGTGAGCCAAGATGGTGCCATTGCACTCCAGCCTGGGCGAGACAGCGAGACTCTGTCTCAGACAAAAAAAAAAAAAAAAAAAAAA","GGTCGGGCATGGTGGCTCAAGCCTATAATCCCAGCACTTTGGGAGGCTGAGGCAGGTGGATCACATGAGGTCAGGAGTTCGAGACCAGCCTGGCCAACATGGTGAAACCCCCCCCCCGCAAAAGTACAAAAATTAGGTGGCTATGATGGCGGGTGCCTGTAACGCCAGCTACTCGGGAGGCTGAGGCAGAAGAATCACTTGAACCTGGGAGGTGGAGGTTTCAGTGAGCCAAGATGGTGCCATCGCACTCCAGCCTGGGCGAGAGAGCGAGACTCTCTGTCTCAGACCAAAAAAAAATAAAATAAAAAATAAAAA"
"chr1","85589783","85590085","chr10","18732808","18733113","36","66856975","CCAGGTGTGGTGGCTCACGCCTATAATTCTAGCACTTTGGGAGGCCGAGGCGGGCGGATCACTTGAGGTCAGGAGTTTGAGACCATCCTGGCCAACATGGTGAAACCCCGTCTCTACTAAAAATACAAAAATTAGCTGGGTTTGATGGTAGGCACCTGTAATTCCAGCTACTCAGGAGGCTGAGGCAGGAGAATTGGTTGAGCCCAGGAGGTGGAGGTTGCAGTGAGCCAAGATGGCGCCCCTGCACTCCAGCCTGGGTGACAGTGAGACTCCGTATCAAAAAAAAAAAAAAAAAAAAAAAAA","GGCCGGGTGTGGTGGCTCACATCTGTAATCCCAGCACTTTGGGAGTCCGAGGCGGGCAGATCACTTGAGGTCAGGAGTTTGAGACCAGTCTGGCCAATATGGTGAAACCACGTTCCTACTAAAAATACAAAAATTAGCTGGTGTGGTGGCGGGCACCTGTAATCCCAGCTACTTGGGAGGCTGAGGCAGGAGAATCGGTTGAACCCTGGAGGTGGAGGTTGCAGTGAGCCAAGATTGTGCCATTGCACTCCAGCCTGGATGACAGAGCAAGACTCCGTCTCAAAAAAAAAAAAAAAAAAAAAAAAA"
"chr1","88211296","88211603","chr20","45981785","45982072","38","42229511","GGCCAGTTTTGGTGGCTCACACTTATAATTCCAACACTTTGGGATGCCAAGGCAGGAGGATCACTTGAGGCCAGAAGTTCAAGACCAACCTGGCCAACATGGTGAAACTCTGTTTCTACTAAAAATACAAAAATTAGCCAGGCGTAGTGGTGGGCACCTGTAATCCCAGCTACTCAGGAGGCTGAGGCAGGAGGATTGCATGAACCCAGGAGGCAGAGGTTGCAGTGAGCCAAGATCATACCACTGCACTCTAGCCTGAGTGACAGAGTAAGAGACTCTGTCTCAAGAAAAAAAAAAAAAAACAGAAA","GGCCAGTTACGGTGGCTCACACCTATAATCCCAACACTTTGGGAGGCCAAGGCAGGCGGATCACTTGAAGCCAGGAGTTCAAGACCAACCAGGCCAACATGGTGAAACTTTGTTTCTACTAAAAATACAAAAATTAGCCAGGTGTAGTGGTAGGCACCTGTAATCCCAGCAACTCAGGAGGCTGAGGCAGGAGGATTGCATGAACCCAGGAGGCAGAGGTTGCAGTGAGCCACTGCACTCCAGTCTGAGTGACAGAGTAAGAGAATCCGTCTCAAGGAAAAAAAAAAA"
"chr1","122814433","122814724","chr20","19708420","19708711","25","103106013","GGCCAGCGCAGTGGCTCACGCCTGTAATCCCAGTACTTTGGGAAGCCAAGGTGAGTGGATTGCTTGAGGTCACGAGTTTGAGAACAGCCTGGTCAACACGGTGAAACTCCATCTCTACTAAAAATACAAAAATTAGCTGGGCATGGTGGCGGGCAGCTGTAATCCCAACTACTCAGAGGCTGAGGCAAGAGAATTACTTAAACTTGGGAGGCATAAGTTGCAATGAGTTGAGATCTGCCACTGCACTCCAGCCTGGGCGACAGAGCGAGACTACATCTCAACAAAAGAAAAA","GGCCAGCGCAGTGGCTCAAGCCTGTAATCCCAGCACTTTTGGAGGCCAAGGTGAGTGGACTGCTTGAGGTCAGGAGTTCAAGAACAGCCTGGTCAACATGGTGAAACTCATCTCTACTAAAAATACAAAAATTAGCTGGGCATGATGGCAGGCGGCTGTAATCCCAACTACTTGGAGGCTGAGGCAGGAGAATTACTTAAACTCGGGAGGCGTAAGTTGCAGTGAGTTGAGATCGTGCCACTGCACTCCATCCTGGGCAACAGAGCAAGACTCCGTCTCAACAAAAGAAAAA"
"chr1","132644625","132644931","chr8","10801167","10801476","39","121843458","GGCTGGGCAAGGTGGCTCATGCTTGTAATCCCACCATTTTGGGAGGCCAAGGTGGGCAGATCACTTGAGGCTGGGAGTTCGAGACCAGCCTGGCCAACATGGTGAAAACTTGTCTACTCAAAATACAAAAATTACCCAGGCATGGTGGTGGGCACCTGTAATCCCAGTTACTTAGGATGCTGAGGCAGGAGAATTGCTTGAACCCAGGAAGCGGAGGTTGCAGTGAACCGAGATCACACCACTGCACTCCAGCCTGGGCGACAGAGCAAGACTCTGTCTCAAAAAAACAAAACAAAACAAAAGACAA","GGCCAGGCACAGTGGCTCACGCCTGTAATCCCAGCACTTTGGGAGGCCAAGGTGGGTGGATCACCTGAGGTCAGGAGTTCGAGACCAGCCTGGCCAACATGGTGAAACCCTGTCTCTACTAAAAATACAAAAATTAGCCAGGCGTGGTGGCAGGTGCCTGTAATCCCAGCTACTTGGGAGGCTGAGGCAGGAGAATTGCTTGAACCCAGGAGGCGGAGGTTGCAGTGAGCCGAGATCATGACACTGCATTCCAGCCTGGGCGACCAGAGCAAGACTCCGTCTCAAAAAAAACAAAACAAAACAAAAAAAA"
"chr1","133824255","133824531","chr14","33604329","33604604","44","100219926","CCTTGGGAGGCCGAGGCAGGTGGAACATTTGAGGTCAGGAGTTCAAGACCAGCCTGACCAACATGCTGAAACCCCGGCTCTACTAAAATACAAAACTTAGCTGGGTATGGTGGTGGGTGCCTGGAATCTCAGCTACTCAGGAGGCTGAGGCAGGAGGAGAATCACTTGAACCTGGGAGATGCAGGTTGCAGTGAGCCAAGACTGCACCACTGCATTCTAGCCTGGGCAACACAGTGAGACTCCTTCTCAAAAAAAAAAAAAAAAAGAAAAAGAAAAA","ACTTTGGGAGGCCGAGGTGGATGGATCACCTGAGGTCAGGAGTTCAAGAGCAGCCTGGCCAACATGGTGAAACCACATCTCTACTAAAATACAAAAATTAGCTGGGTGTGGTGGTGGGCACCTGTAATCCCAGCTACTCAGGAGGCTGAGGCAGAAAAATCACTTGAACCCGGGAGGTGGAGGTTGCAGTGAGCCAAGACTGCGCCACTGTACTCCAGCTTGGGTGACAGAGTGAGACTCTGTCTTAAAAAGATTTAAAAAAAAAAAAAAAAAAAA"
"chr1","139198444","139198728","chr20","3109378","3109661","38","136089066","GGCTGGGAGTGGTGGCTCATGCCAGAACTTTGGGAGGCTGAGACGGGTGGATTACTTGAGGTCAGGAGTTCAAGACCAGCCTGGCCAATATGGCAAAACCCTGTCTCTACTAAAAATACAAAAAAAAAAAAAAAAAAAAAAATAGCTGGGGGTGGTGGCAGGCACCTGTAGTCCCAGTTACTCATGAGGCTGAGACAGGAGAATCACTTGAACCTGGGAGGCAGAGATTGCAGTGAGCCGAGATCATGCCACTGCACACCAGTCTGGGTGACAGAGCGAGACTCC","GGCTGGGAGTGGTGGCTCACGCCAGCACTTTGGGAGGCTGAGGAGGGTGGATTACTTGAGGTCAGGAGTTCAACACCAGCCTGGCCAATACAGCAAAACCCTGTCTCTACTTAAAAAAAAAAAAAAAAAAAAAATTAGTTGGGGCTGGTGGCAGGTACCTGTATTACCAGTTACTCATGAAGCTGAGACAGGAGGATCACTTGAACGAGGGAGGCAGAGGTTGCATTGAGCCGAGATTGCACCACTGCACTCCAGTCTGGGTGACAGAGAGAGACTCCGTCTAA"
"chr1","139722494","139722785","chr8","21298424","21298717","43","118424070","GGCCGGGCGTGGTGACTCATACATGTAATCCCAGCACTTTGGAAGGCCAAGGGGGGCGGGTCACCTGAGGTCAGGAGTTCGAGATCAGTCTGGCCAACATGGTGAAACCCCGTCTCTACTAAAAATACAAAAATTAGCCCACCACCACAGTGGGCCCTGTAATCCCAGTTACTTGGAAGGCTGAGGCAGGAGAATGGCTTGAGCCCGGGACACAGAGGTTGCAGTGAGCCAAGATCTCACAACTGCACTCCAGCCTGGGCAACAGAGCAAGACTCTATAAAAAAAAAAAAAA","GGCCTGGCGCGGTGGCTCATACCTGTAATCCCAGCACGTTGGAAGGCCGAGGCGGGGGGGATTACCTGAGGTCGGGAGTTGGAGACCCGCCTGGCCAACTTGGTGAAACCCCGTCTGTACTAAAAATACGAAAATTAGCCAGACATGGTGGCAGGCGCCTGTAATCCCAGCTACTTGGGAGGCTGAGACAGTAGAATTGCTTGAACCCGGGAGGCAGAGGTTGCAGTGAGCCGAGATTGCACCAATGCACTCCAGCCTGGGCAACAGAGCAAGACTGTACAAAAAAAAAAAAAA"
"chr1","179961607","179961919","chr4","50814975","50815277","41","129146632","GGCCAAGCACAGTGGCTCATGCCTGTAATCCCAGCACTTTGGGAGGCCGAGGCAGGTGGATCACCGGAGGTCAGGAGTTCGAGACCAGCCTGGCCAACGTGGTGAAACCCTGTCTCAACTAAAAGTACAAAAATTAGCCAGGCATGGTGGTAAACGCGTGTAATCCCAGCTACTCAGGAGGCTGAGGCAGGAGAATTGCTTGAACCCGGGAGGCAGATGTTGCAGTGAGGTGAGATTGTGCCACTGTACTCCAGCCTACACGATGGAGCAAGACTCCAGTCCATCTCAAAAATATAAAAATAAAAATAAGAGA","GGCCAGGCACAGTGACTCATGCCTGTAATCCCAGCACTTTGGGAGGCCGAGGCGGGTGGATCACCTGAGGTCAGAAGTTCGAGATCAGCCTGGCCAACATGGTGAAACACCGTCTCTACTAAAAATACAAAAATTAGCCAGGTGTGGTGGTGAGTGCCTGTAATCCCAGCTACTCGGGAGGCTGAAGCAGGATAATCGCTTGAACCCAGGAGGCAGATGTTGCAGTGAGCTGAGATTGTGCCACTGCACTCCAGCCAGGGCGATAGAGCAAGACTCCATCTCAAAATAATAATAATAATAAAA"
"chr1","212467582","212467900","chr25","70530245","70530548","37","141937337","GGCTGGGCGCAAAGGCTCAAACCTGTAATCCCAGCACTTTGGGAGGCTGAGGCAGGCGAATCAACTGAGGTCAGGAGTTCAAAACCAGCCTGGCCAACATGGTGAAACCCTGTCTGTACTAAAAATACAAAAATTAGCTGGGCGTGATGATGGGTGCCTGTAATCCCAGCTACTCTGGAGGCTGAGGCAGGAGAATTGCTTGAACCTGGGAGGCAAAGGTTGCAGTGAGCTGAGATCGTGCCACTGCACTCCAGCCTGGGCAACAGTGCGAGACTCTGTCTCAAAAACAAACAAACAAACCAAACCAAAACAAAAAAAA","GGCTGGGCACAAAGGCTCAAACTTGTAATCCCAGCATTTGGGAGGCTGAGGCAGGCGAATCACCTGAGGTCAGGAGTTCAAGACCAGCCTGGCCAACATGGTGAAATCCTGTCTCTACTAAAAATGCAAAAATTAGCTGGGCGAGGTGGTGGGTGCCTGTAATCCCAGCTACTCTGGAGGCTGAGGCAGGAGAATTGCTTGAACCTGGGAGGCAAAGGTTGCAGTGAACTGAGATTGCGCAACTGCACACCAGCCTGGGCAACGGAGTGAGATTCCATCTCAAAAACAAACAAATAAACAAAAA"
"chr1","214171491","214171793","chr15","16738396","16738699","32","197433095","GGCTGGGTACGGCGGCTCACACTTGTAATCCCAGCACTTTGGGAGGCAGAGGCAGGCAGATCATAAGGTCGGGAGATCGAGACCAGCCTAACCAACATGGTGAAACCCCGTCTCTACTAAAAATACAAAAATTAGCTGGGTGTGGTGGCGGGTGCCTGTAATCCCAGCTACTTGGGAGGCTGAGGCAGGAGAATCACTTGAACCCGGGAGGCAGAGCTTGCAGTGAGCCGAGATCACACCACTGTACTCCAGCCTGGGCAACAGAGCGAGACTCCATCTCAAAAAAAAAAAAAAAAAAAAGAA","GGCCGGGTGCAGTGGCTCACGCTTGTAATCCCAGCACTTTGGGAGGCTGAGGCAGGTGTATCACCTGAGATCAGGAGTTCGAGACCAGCCTGGCCAACATGGTGAAACCCTATCTCTACTAAAAATACAAAAATTAGCCGGGCGTGGTGGCGGGTGCCTGTAATCCCAGCTACTTGGAAGGCTGAGGTAGGAGAATCGCTTGAACCCGGGAGGCGGAGCTTGCAGTGAGCCGAGATCACGCCACTTTACTCCAACCTGGGTGACAGAGTGAGACTCCATCTCAAAAAAAAAAAAAAAAAAAAAA"
"chr1","219283376","219283658","chr1","50725288","50725575","32","168558088","GGCAAGGTGTGATGGCTCATGCCTATAATCCCAGCACTTTAGGAGGCCAAGGCAGGAGGATCACCTGAGGTCAGGAGTTCAAGACCAGCCTGGCCAACATAGTGAAACCCTGTCTCTACTAAAAATACAAAAATTAGCCATGCATGGTGGTGGGCAGCTGTAATCCTAGCTACTCAGGAGGCTGAGGTGGGAGAATTGCTTGAACCTGGGAGGCGGAAGTTGCAGTGAACCAAGATTGTGCCACTGCACTCCAGCCTGGGTGACAGAGCAAGACTCCATCTTA","GGCCAGGTGTGGTGGCTCACGCCTGTAATCCCAGCACTTTGGGAGGCCAAGGCAGGTGGATCACTTGAGGTCAGGAGTTCAAGACCGATCTGGCCAACATGGTGAAACCCTGTCTCTATTAAAAATACAAAAATTAGCCAGGCATGGTGGCGGGCACCTGTAATCCCAGCTACTCAGGAGGCTGAAGCAGGAGAATCACTTGAACCTGGGAGGCAGAGGTTGCAGTGAGCTGAGATTGTGCCACTGCACTCCAGCCTGGGTGACAGAGCGAGTGAGAACTCCATCTCA"
"chr1","219676530","219676809","chr25","77459227","77459496","32","142217303","GTAATCGCAGCACTTTGGGAGGCCAAAGCAGGTGGATCACCTGAGGTCAGGAGTTCAAGAACACCCTGGCCAATGTGATGAAACCCCCTGTCTACTAAAAATACAAAAATTAACAGGGCATGGTGGCGGGCGCCTGTAATCCCAGCTACTCGGGAGGCCAAGGCACAAGAATCGCTTGAACCGGGAGATGGAGGTTGCAGTGAGCCAAGATCGTGCCACTGCACTCCAGCCTGGGCAACAGAGCAAGACTTTGTCTGAAAAAAAATTTTAAAAAAACAAA","GTAATCTCAGCACTTTGGGAGGCCAAAGCAGGTGGATCACCTGAGGTCAGGAGTTCAACAACAGCCTGGCCAACATGATGAACCCCTGTCTCTACTAAAAATACAAAATTAACAGGGCGTGGTGGTAGGCGCCTGTAATCCCAGCTACTTGGGAGGCCGAGGCACAAGAACCGCTTGAACTGGCAGATGGAGGTTGCAGTGAGCTGAGATCGCACCACTGCACTCCAGCCTGGGCAACAGAGCAAGACTTTGTCTCAAAAAAAATAAAAA"
"chr1","155737","155976","chr9","61704066","61704306","48","61548329","CCAAGTGCAGTGACACACCCATAATCCCAAGCACTTTGGGAGGCTGAGGCAGGTGAATCTCCTGAAGTCAGGAGTTCAAGGCCAGCCTGGCCAACATGGTGAAACCCCAACTCTACTACAAATACAAAAATTAGGCAGGCGTGGTGGCAGAGGCCTGTAATCCCAGCTACTTAGGAGGCTGAGGCAGGGAGAATTGCTTGAACCCAGGAGGTGAGCTTGCCATGAGCTGAGATCATACCA","GGCCGGGCGCAGTGGCTCATGCCTGTAATCCCAGCACTTTGGGAGGCTGAGGTGAGTGGATCACTTGAGGTCAGAAGTTTGAGACCAGCCTGGCCACCATGGTGAAATCCCATCTCTACTAAAAATACAAAAATTAGCCAGGCGTGGTGGTGGGCACCTTTAATCTCAGCTATCCAGGAGGCTGAGGCAGGAGAATTGCTTGAACCCAGGAGGAGGAGGTTGTGGTGAGCTGAGATCATGC"
"chr1","857193","857475","chr2","37120976","37121261","35","36263783","GCCAGGCGCGGTGGCTCACGCCTGTAATCCCAGCACTTTGGGAGGCTGAGGCAGGTGGATCACCTGAGGTCAGGAGTTCAAGACCAGCCTGGCCAACGTGGCAAAACCCCATCTCTACTAAAATACCAAAATTAGCTGGGTGTGGTGGTGGGCGCCTGTAAACCCAGCTCCTTGGGAGGCTGAGGCTGGAGAATCGCTTGAGCCCAGGAGATGGAGATTGCAGTAAGCCGAGATCGCACCATTGCACTCCAGCCTGAGCAACACAGCGAGACTCCATCTCAAA","GACCAAGCGCGGTGGCTCATGCCTATATTCCCAGCACTTTGGGAGGCTGAGGCAGGCAGATCACCTGAGGTCAGGAGTTCAAGACCAGCCTGGTCAACATGGTAAAACCCCGTCTCTACTAAAAATACAAAAATTAGCGAGGTGTGGTGGTGGGCGCCTGTAATCCCAGCTACTCAGGAGGCTGAGGCAGGAGAATCGCTTGAATCCAGGAGGTGGAGGTTGCAGTGAGCCGAGATCGCGCCACTGCACTCCAGCCTAGGCTATACAGTGAGACTTCGTCTCAAAA"
"chr1","897986","898282","chr20","130447038","130447339","32","129549052","CACAGTGGCTCACACCTGTAATCCTAGCACTTTGGGAGGCCGAGGCAGGCAGATCACTTGAGGTCAGGAGTTTGAGACCAGCCTGGCCAACATGGTAAAACCCCGTCCCTACTAAAAATACAAAAATTAGCCAGGTGTGGTGTCAGGCACCTGTAATCCCAGCTACTCGGGAAGCTGAGGTGGAACAATCACTTGAACCCGGGGGGTGGAGGTTGCAGTGAGCCAAGATCTCACCGCTTCATTCCAGCCTGGGCAACAGAGTGAGGCTCTGTCTCAAATAAAATAAAATGGACAAAA","GGCCAGCCACAGTGGCTCACACCTGTAATCCCAGCACTTTGGGAAGCCAAGGCAGGCAGATCACTTGAGGTCAGGAGTTTGAGACCAACTTGGCCAATATGGTGAAACCCCGTCCCTACTAAAAATACAAAATTTGGCCAGGTGTGGTGTCAGGCACCTGTAATCCCAGCTACTCGGGAGGCTGAGGTGGGAGAATCACTTGAACCCAGAGGGTGGAAGTTGCAATGAGCCAAGATCTCATCACTTTACTCCAGCCTGGGCAACAGAGCGAGACTGGCTCAAATAAAATAAAATGGACAAAA"
"chr1","899071","899375","chr27","9542497","9542797","39","8643426","GACTGGGCGCGGCGGCTCAGGCCTGTAATCCCAGCACTTTGGGAGGCTGAGGTGGGCGGATCACCTGAGGTCAGGAGTTCGAGACCAATCTGGCCAACATGGTGAAACTCCATCTTTACCAAAAATACAAAAATTATCCGGGTGTGTTCATGGGTGCCTGTAGTCTCAGCTACTCAGAAGGCTGAGGCAGGAGAATCACTTGAACCCGGGAGGCGGAGGTTGCAGTGAGCTGAGATCATGCCACTGCACTCCAGCCTGGGCAACGGAGCAAGACACCATCTCAAAAAAAGACAAGAAAAGACAAA","GGCCGGGTGCTGTGGCTCACGCCTGTAATCCCAGCACTTTGGGAGGCCGAGGTGGGCGGATCACCTGAGGTCAGGAGTTCAAGACCAACCTGGCCAACATGGTGAAACCCCGTCTCTACTGAAAATACAAAAATTATCTGGGTGTGGTGTCAGGTGCCTGTAATCCCAGCTACTGGGGAGGCTGAGGCAGGAGAATCGCTTGAACCCGGGAGGTGGAGGTTGCAGTGAGCTGAGATCATTCCATTGCACTCCAACCTGGGCGACAGAGCGAGACTCCGTCTCAAAGAAAGAAAAAAAGAAA"
"chr1","913466","913744","chr8","11403434","11403717","38","10489968","GGCACAGTGGCTTGCACCTGCCATCCCAGCCCTTTGGGAGGCCAGGGTGGGTGGATCACCTGAGGTCAGGAGTTGGAGACCAGCCTGGCCAACATGGTGAAACCCCGTCTCTACTGAAAATACAAAGATTAGCTGGGTGTGGTGGTGAGCATCTGTAATCCCAGCTACTCAGGAGGCTGAGGCAGGAGAATCACTTGAACCCGGGAGGCAGAGGTTGCAGTGAGCCGAGGTTGCACAACTGCACTCCAGGCTGGCAACAGAGCAAGACTCCGTCTCAAA","GGCCCAGTGCAGTGGCTTATGCCTGTAATCCCAGCACTTTGGGAGGCCAAAGTGGGTGGATCACCTGAGGTCAGGAGTTTGAGACCAGCCTGATCAACATGGTGAAACCCCATCTCTACTAAAAATACAAAAATTAGCTGGGTGTGGTGGCGGGCGCCTGTAATCCCAGCTACTCAGAAGGCTGAGGCAGGAGAATTGCTTGAACCCGGGAGGCAGAGGTTGCAGTGAGCCGAGATCGTGCCATTGCACTCCAGCCTGGGTGACAGAGCAAGATTCCGTCTCAA"
"chr1","924448","924754","chr11","3827344","3827653","41","2902896","GGCCGGGTGCGGGGGCTCACACTTGTAACCCTAGCACTTTGGAAGGCTGAAGCGGGCGGATCATGAGGTCAGGAATTCGAGACCAGCCTGGCCAATACAGTGAAACGCTGTCTCTGCTAAAAACACAAAAAAAAGTTAGCTGGGCGAGGTGGTGGGCACCATTAATCCCAACTACTCGGGAGGCTGAGGCAGGAGAATCGCTTGAACCCGGGAGGCGGAGGTTGCAGTGAGCCGAGATGGCGCCACTGCACTCCAGCCTGAGCGACAGAGTGAGACTCTATCTCAAAAAAAAAAAAAAAAAAAAAAA","GGCCAGGTGCAGTGGCTCACGCCTGTAATCCCAGCACTTTGGGAGGCTGAGGTGGGCGGATCACTTGAGGTCAGGAGTTCAAGACCAGCCTGGCCAACATGGTGAAACTCTGTCTCTACTAAAAATACAAAAAAAAATTTAGCTGTGTGTGGTGGCGGGCACCTGTAATCCCAGCTACTCGGGAGGCTGAGGCAGGAGAATCACTTGAACCCGGGAGGTGGAGGTTTCAGTGAGTCGAGATCGCGCCACTGTACTCCAGCCTGGTGACAGAGCAAGACTCCATCTCAAAAAAAAAAAAAAAAAAAAAAAA"
"chr1","962523","962827","chr20","70650206","70650512","35","69687683","GGCCAGGTGCACTGGCTCACACCTGTAATCTTAGCACTTTGGGAGGCCGAGGCGGGTGGATCACCTGAGGTCAGGAGTTCAAGACGAGCCTGGCCAACATGGTGAAACCCTGTCTCTCCTAAAATACAAAAACTGGCTGGGCATGATGGTGGGTGCCTGTAGTCCCAGCTACTCCGGAGGCTGAGACGGAAGAATTGCTTGAACCCAGGAGACGGTGGTTGCAGTGAGCCGAGATCACGCCATTGCACTCCAGCCTCAGTGGCTGAACGAGACTCCGTCTCAAAAAAAAAAAAGAAAAAAGAAAA","GGCCAGGCGCAGTGGCTCACACCTGTAATCCTAGCACTTTGGGAGGCCAAGGCAGGCGGATCACCTGAGGTCAGGAGTTCAAGACCAGGCTGGCCAACTTGGTGAAACTCTGTCTCTACTAAAATACAAAAATTAGCTGGGCATGATGGTGGGTGCCTGTAATCCCAGCTACTCGGGAGGCTGAAACAGGAGAATCGCTTGAACCCAGGAGATGGTGGTTGCAGTGAGCCGAGATCGCACCACTGGACTCCAGCCTGGGTGGCTGAGTGAAACTCCGTCTCAAAAAACAACAACAACAACAATAAAA"
"chr1","962860","963160","chr2","58987877","58988180","40","58025017","GGCTGGGCACATTGGCTCATGCCTATAATCCCAGCACTTTGGGAGGCTGAGGCAGGCGGATCACCTGAGGTCAGGAGTTCAACACCAGACTGGCCAACATGGTGAAACCCTGTATCTACTAAAAACACAAACATCTGGGCGTGGTGGCAGGTATCTGTAATCCCAATTACTCGGGAGGCTGAGGCACGAGAATCGCTTGAACCCGGGAGGCGGAGGTTGCAGTGAGCCGCGATTGCACCACCGCACTCCAGCGTGGGCGACAGAGCGCGACTCCGTTTCAAAAAAAAAATGAAAAAGAAAA","GGCCGGGCGCAGTGGCTCACGCCTGTAATCCGAGCATTTTGGGAGGCCGAGGCAGCCAGACCACCTGAGGTCAGGAGTTCAAGACCAGCCTGGCCAACATGGCAAAACCCTGTCTCTACTAAAAATACAAAAATTAGCCGGGCATGGTGGCAGGTGTCTGTAATCCCAGCTACTCGGGAGGCTGAGGCAGGAGAATCGCTTGAACCCGGGAGGCGGAGGTTGCAGTGAGCCGAGATCGCACCATGGCACTCCAGCCTGGGCAACAGAGGGGGACTCTGTCTCAAAAAAAAAAAAAAAAAAAAAA"
"chr1","1013365","1013628","chr4","38864971","38865258","57","37851606","GGCCAAGCACAGTGGCTCATGCCTGTAATCCCAGCACCTTGAGAGGCTGAGGTAGGTGGCTCACCTGAGGTCAGTTCAAGACAAGCCTGGCCAACATAGCGAAACCCTGTCTCTACTAAAAAAAAAAAAAAAAAAAAAAAATTGCCAGGCGTAGTGGTGGGCGCCTGTAGTCCCAGCTACTCAGGAGGCTGAGGCAGGAAAATCACTTGAACCTGGGAGGCAGAAGTTGCCGTGAGACGAGATCTTGCCACTGAACTCCACCCT","GGCTGGGCACAGTGGGTCATGCCTGTAATCCCAGCACTGTGGGAGGCTGAGGCAGGTGAATCACCTGAGATCAGGAGTTCAAGACCAGCCTGGCCAACATGGTGAAACTCCATCTCTACTAAAAATAAAAAATAAAAATTAAAAAATTAAAAATTAGCCAGGCTTGGTGGCATGGCAGGTGCCTGTAATCCCAGCTACTCAAGAGGCTGAGGCAGGAGAATCGCTTGAATCTGGGAGGCAGAGGTTGCAGTGAGCCGAGATCGCACCACTGTACTCCAGCCTGGGTGA"
"chr1","1013921","1014193","chr8","121253617","121253882","44","120239696","GGCTGGGGGTGGTGGCTCACGCCTGTAATCCCAGCACTTTGGGAGGCTGAGGTAGGTGGATCACCTGCGGTCAGGAGTTCAAGACAAGCCTGACCAACATGGTGAAACCCTGTCTCTACTAAAAATACAAACAGCAACAACAAAAATTTAGCAGGGCTTGGTGGTGGGCTCCTGTAATCCCAGCTACTCAGGAGGCTGAGGCAAAGAATCACTTGAGCCCAGGAGGCAGAGGCTGCAGTGAGCCCAGATCATGCCACTGCACTCCAGCCTGGG","GGCTGGGTGTGGTGGCTTATGCCTGTAATCCCAGCACTTTGGGAGGCCGAGGCAGGTGGATCACCTGAGGTCAGGAGTTCGAGACCAGCCTGGCCAACATGGGGAAAACCCCATCTCTATTAAAAATACAAAAAAATTAGCTGGGCATGGTGGCAGGCACCTGTAATTCCAGCTACTCAGGAGGCTGAGGCAAGAGAATCACTTGAACCCAGAAGGTGGAGGTTGTAGTGAGCTGAGATCATGCCACTGCACTCCAGCCTGGGCGA"
"chr1","1024129","1024429","chr16","3292492","3292796","37","2268363","GGGTGCGGTGGCTCACGCCTGTGATCCCAGCACTTTGGGAGGCTGAGGTGGGCGGATCATCTAAGGCTGGGGGTTCGAGACCAGCCTGACCAAAATGCAGAAACCCCTTCTCTACTAAAATACAAAAAATTAGCCGGTCGTGGTGGCAGGCACCTGTAGTCCCAGCTACTCGGGAGGCTGAGGCAGGAGAATGACGTGAACCCGGGAGGCAGAGCTTGCAGTGAGCCGAGATTGTGCCACTGCACTCCAGCCTGGGCGACAGAGACAGACTCCGTCTCAAAAAAAAAAAAAAAAAAAAAAA","GGCTGGGTGCGGTGGCTCACGCCTGTCATCCCAGGACTTTGGGAGGCCGAGGCGGGTGGATCACCTGAGGTCGGGAGTTCGAGACCAGCCTGACTAACATGCTGAAACCCTGTCTCTACTAGAAATACAAAAATTAGCCGGGCGTGGTGGCGGGCACCTGTAGTCCCAGCAACTTGGGAGGCTGAGACAGGAGAATTACTTGAACCCGGGAGGCAGAGGTTTCAGTGAACCAAGATTGCGCCACTGCACTCCAGCCTGGGTGACAGAGTGAGACTCCGTCTCAAAAAAAAGAAAAAAAAAAAAAA"
"chr1","1031528","1031834","chr20","118932140","118932439","45","117900612","GGCCTGGCGCAGTAACTCACACCTGTAATCCCAGAACTTTGGGAGGCTAAGACAGGTGGATTCCTTGAGATCAGGAGTTTGAGACCAGCCTGCTGATCATGGCAAAACCTCCTCTCCACCAAAAATCCAAAAATTAGCCAGGTGTGGTGGCAGGCGCCTGCAATTCCAGCTACTTGTGAAGCTGAGGCAGGATAATTGCTTGAACCCAGGAGGTAGAGGTTGCAGTGAGCAGAGATCATGCCACTACACTCCAGCCTGGGTGACAGAGCGAGACTCTGTATTTAAAAAAAAAAAAGAGAAAAAATAA","GCCCAGCACAGTAACTCACAACTGTAATCTCAGAACTTTGGGAGGCTGAGACTGGTGGATTAGTTGAGGTCAGGAGTTTGAGACCAGTCTGGCGATCATGCCAAAACACTGTCTCTACTAAAAATGCAAAAATTAGCTATGTGTGGTGGTGGGCACCTGCAATTCCAGCTACTTGGGAGGCTGAGGCAGGAGAATTGCTTGAACCCAGGAGATGGAGGTTACAGTGAGCAGACATCCTGCCACTACACTCCAGCCTGGGTGACAGAGCGAGGCTCTGTATCAAAAAAATAAAAATAGAAA"
"chr1","1033825","1034100","chr23","12869279","12869555","44","11835454","GGCCAGGCACGGTGGCTCACAATGTAATCCCAGCACATTGGGAGGCTGAGGTCAAGAGTTGGAGGCCAGCCTATCCAACATGGCAAACCCCAACTCTACTAAAAATACTAAAATTAGCTGGGCATGGTGGTGGGTTCCTGTAATCCCAGCTACTTGTGAGGTTGAGGCAGGAGAATAATTTGAACCCGGGAAGCAGAGGTTGCAGTGAGGTGACATCACACCACTGCACTCCAGCCTGGGCGACAGAGGGAGACTTGGTCTCAAAAAAAAAAAAAA","GGCCCAGCACGGTGGCTCACTCCTGTAATCCCAGCACTTTGGGAGGCTGAGGTCAAGAGTTTGAGACCAGTCTGGCCAACATGGTGAAACCCCGTCTCTACTGAAAATACAAAAATTAGCCGCACGTGGTGGCGGGCACCTGTGATCCCAGCTATTTGGGAGGTTGAGGCATGAGAATTGCTTGAACCTGTGAAGCAGAGGTTGCAGTGAGCTGAGATCGTGCCACTGCACTCCAGCCTGGGCGACAGAATAAGACTGTCTCAAAAAAAAACAAAAA"
"chr1","1074413","1074722","chr20","94945371","94945678","36","93870958","GGCTGGACGCGTTGGCTCATGCCTGTAATCCCAGCACTTTGGGAGGCCGAGGCGGGAGAATCACCTGAGGTCAGGAGTTTGAGACCATCCTGGCCAACATGGTGAAACCTTGTCTCTACTAAAAATGCAAAAATTAGCCAGATGTGGTGGCAGGCACCTGTAATCCCAGCTTCTCAGGAGGCTGAGGCAGAAGAATCACTTGGACCCAGGAGGCGGAGGTTGCAGTGAGCCGAGATTGCACCGCTGCACTCCAACCTGGGTGACAGAGCCAGACTCTGTCAAAAAAAAAAAAAGAAAAAGAAGGAAGGAA","GGCCAGGCGCGTTGGCTCATACCTGTAATCCCAGCACTTTTGGAGGCCGAGGCAGGCAGATCACTTGAGGTCAGGAGTTCGAGACCAACCTGGCCAACATGGAGAAACCCTGTCTCTACTAAAAATACAAATATTACCCGGGTGTGGTGGCGGGCACCTGTAATCCCAGCTATTTGGGAGGCTGAGGCAGGAGAATCACTTGGACCCAGGAGGCGGAGGTTGCAGTGAGCCGAGATTGCACCATTGCACTCCAGCCTAGGTGACAGAGTGAGACTCTGTCTCAAAAAAAAAAAAGAAGAAGAAGAGAA"
"chr1","1093053","1093162","chr1","10174863","10174971","8","9081810","GGCCAGGCGCAGTGACTCACGCCTGTAATCCCAGCACTTTGGGAGGCCGAGGCGGGCGGATCACCTGAGGTCAGGAGTTCGAGAGCAGCCTGGCCAACATGATGAAACCC","GGCCAGGCGCGGTGGCTCACGCCTGTAATCCCAGCACTTTGGGGGCCAAGGCGGGCAGATCACCTGAGGTCAGGAGCTCAAGAGCAGCCTGGCCAACATGGTGAAACCC"
"chr1","1093293","1093456","chr21","109488914","109489073","23","108395621","GCTGGGCACTGTGGCGGGCACCTGTAATCCCAGCTACTCGGGAGGCTGAGGCAGGAGAATTGCTTGATCCTGGGAGGCGGCAGTTGCAGTGAGCCGAGACCGTACCATTGCACTCCAGCCTGGGCAAAAGAGTGAGACTCCGTATACTGAAAAAAAAAAAGAGA","GCCGGGCATGGTGGCCAGCACCTGTAATCCCAGCTACTCGGGAGGCTGAGGCAGGAGAATCGCTTGAACCTGGGAGGTGGAGGTTGCAGTGAGCCGAGATCGCGCCATTGCACTCCAGCCTGGGCAACAGAGCAAGACTCCATCTCAAAAAGAAAAAAAA"
"chr1","1107164","1107470","chr11","111918427","111918734","39","110811263","GCCAGGTGCGGTGACTCACGCCTGTAATCCCAGCACTTTGGGAGGCCATGGTTGGTAGACCACCTGAGGTCAGGAGTTCAAGACCAGCCTGACCAATATGGTGAAACCCCATCTCTACTAAAAATATGAAAATTAGCCAGGCATGGTGGTGGGTGCTTGTAGTCTCAGCTACTTGGGAGGCTGAGAGAGAAGAATTGCTTGAACCCGGGAGGTGGAGGTAGCTGTGAGCCAAGATCGTGCCATTGCACTCTAGCCTGGGCAACAGAGCAAGACTCCATCTCAAAAAATAAAAATAAAAAAATAAAAA","GCCGGGCACAGTGGCTCATGCCTGTAATCCCAGCACTTTGGGAGGCCAAGGTGGGTGGACCACCTGAGGTCAGGAGTTCGAGACCAGCCTGGGCAACATGGTGAAACCCCGTCTCTACTAAAAATACAAAAGTTAGCCAGGCATGGTGGTGGGTGCCTGTAATCCCAGCTACTTGGGAGGCTGAGACAGGATAATTGCTTGAACCCAGAAGGTGGAGGTTGCAGTGAGCCGAGATCATGCCACTGCACTCCAGCCTGGGCAACAGAGCAAGACTTCATCTCAAATAAACAAATAAACAAACAAATAAA"
"chr1","1108228","1108524","chr1","62642176","62642473","34","61533948","GGCTGGGTGCGGTGGCTCACACCTGTAATCCCAGCACTTTGAGACGCTGAGGTGGGCAGATCGCCTGAGGTCAGGAGTTCAAGATCAGCCTGGCCAACACAGTGAAACCTGGTCTCTGCTAAAAATACAAAAATTAGCCGAGTGTGGTGGTGGGTGCCTGTAATCCCATCTACTAGGGAGGCTGAGGCAGGAGAATCACTTGAACCTGGGAGGCGAGGCTGCAGTGAGCCGAGATTGCCCCACTGCACTCCAGCCTGGGCAACAGAACGAGACTCTGTCTCAAAAAAAAAAAAAAAA","GGCCAGGCGCAGTGGCTCACGCCTGTAATCCCAGCACTTTGAGAGGCTGAGGTGGGCGGATCACCTGAGGTCAGGAGTTCAAGAACAGCCTGGCCAACATGATGAAACCCTGTCTCTACTAAAAATACAAAAATTAGCTGGGTCTGGTGGTGGGCGCCTGTAATCCCAGCTACTTGGGAGGCTGAGGCAGGAGAATCACTTGAACCTGGGAGGCGGAAGTTGCAGTGAGCCGAGATCGTGCCACTGCACTCCAGCCTGGGTGACAGAGCGAAACTCCCTCTGAAAAAAAAAAAAAAAA"
"chr1","1134977","1135277","chrX_KE148109v1_random","2263653","2263954","40","1128676","GGCCAGGCGTGGTGGCTCACACCTGGAATCCCAGTACTCCAGGGCGCCGAGGCAGGTGGATCACTTGAGGTCAGGAGTTCAAGACCAGCTTAGCCAACGTGGTGAAACCCTGTCTCTAATAAAATACAAAAATTAGCCGGGTGTGGTGCTGGGCGCCTGTAGTCCCAGCTACTTGGGAGGCTGAGGCAGGAGAATGGCATGAACCCGGGAGGCAGAGGTTGGTGAGCTGAGATCACGCCACTGTACTCCAGCCTCGGTGACAGAGCAAGACTCCGGCAAAAAAAAAAGAAAGAAAAAACAA","GGTCGGGCGTGTGGCTCACGCCTGTAATCCCAGCACTTTGGGAGGCCGAGGTGGGTGGATCACTTGAGGTCAGGAGTTCAAGACCAGCCTGGCCAACGTGGTGAAACCCCATCTCTACTAAAAATACAAAAATTAGCCAGGTGTGGTGGTGGGCGCCTGTAATCCCAGCTACTTGGGAGGCTGAGGCAGGAGAATCGCTTGAACCCAGGAGGCAGAGGTTGCAGTGAACTGAGATCACGCCACTGTACTCCAGCCAGGGTGACAGAGCAAGACTCCATCTCAAAAATAAAAAAAATTAAAAA"
"chr1","1139771","1140067","chr2","56917707","56918005","35","55777936","GGCCAGGCACGGTGGCTCCCGCCTGTAATCCCAGCACTTTGGGAGGCCAAGGCGGGTGGATCACCTGAGGTCAGGAGTTCAAGACCAGTCTGGCCAACATGGCGAAATCCCGTCTCTACTAAAACTACAAAAATTATTCGGGCGTGGTGGCGGGCGCCGGTAATCCCAGCTAGTCGGGAGGCTGAGGTAGCAGAATCACTCGAACCCAGGAGACAGAGGTTGCAAAGCAGAGATCGTGCCACTGCACTCCAGCCTGGGCGACAAAGCGAGACTCCATCTCAAAAAAAAAAAAAAAGA","GGCCAGGCGCAGTGGCTCACACCTGTAATTCCAGCACTTTGGGAGGCCAAGGTGGTTGGATCACCTGAGGTTGGGAGTTCAGGACCAGCCTGGCCAACATGGTGAAATCCGGTCTCTACTAAAAATACAAAAATTAGCCAGGCGTGGTGGCAGCCGCCTGTAATCCCAGCTACTCAGGAAGCTGAGGCAGGAGAATCGCTTGAACCCGGGAGACAGAGGTTGCAATGAGCTGAGATCGTGCCACTGCACTCCAGCCTGGGTGGCAGAGCGAGACTCCATCTCAAAAAAAAAAAAAAAAA"
"chr1","1156129","1156425","chr20","130214526","130214811","37","129058397","GGCCGGGTGCATGGCTCACGCCTATAGTCCCAGCACTTTGGGAGGCCGAGGCAGGAGGATCACTTCAGGTCAGGAGTTAGAGACCAGCCTGGCCAACATGGCAAAACCCCATCTCTACTAAAAATACAGATTAGTGGAGAGTGGAGGTGGGTGCCTGTAATCTGAGCTAACTGGGAGGCCGAGGCAGGAGAATCACTTGAACCTGGGAGGTGGAGGTTGCAGTGAGCCGAGACTGCACCACTGCACTCCAGCCTGGGCGACAGAGTGAGACTCTGTCTCGGAAAAAAAAAAAAAAAA","GGCCGGGTGTGTGGCTCACGCCTGTAGTCCCAACACTTTGAGAGGCCAAGGCAGGAGAATCACTTGAGGTCAGGAGTTCGAGGCCAGCCTGGCCAACATGGTGAAACCCTATCTCTACTAAAAATACAGAAATTAATGGAGCGTGGTGGCGGGCGCCTGTAATCCCAGCTAACTGGGAGGCCGAGGCAGAATCACTTGAACCTGGGAGGTGGAGGTTGCAGTGAGCCGAGACTGCACCATTGCACTCCAGCCTGGGCGACAGAGTGAGACTCTCTCTCAAAAAAAA"
"chr1","1225857","1226052","chr25","72060311","72060505","24","70834454","CCCCGTCTCTACTAAAAATACAAAATTAGCCAGATGTGGTGGTGGGCGCCTGTAATCCCAGCTACTCGGGAGGCTGAGGCAGGAGAACTGCTTGAACCCGGGAGGCGGAGGTTGCAGTGAGCCGAGATCGCGCCACTGCACTCCAGCCTGGGCGACAGAGCGAGACTGTGTCTCAAAAATAAATAAATAAATAAAA","CTCCGTCCCTACTAAAAATACAAAAATTAGCTGGGCGTGGTGGCGGGGGCCTGTAATCCCAGCTACTCAGGAGGCTGAGGCAGCAGAATTGCTTGAACCTGGGAGGCGGAGGTTTCAGTGAGCTGAGATCGCACCACTGCACTCCAGCGTGGGCGACAGAGTGAGACTCCGTCTCAAAAAAAAAAAAAAAAAAAA"
"chr1","1270605","1270910","chr20","130091690","130091990","26","128821085","GCCAGGCAAGATGGTTCACGCCTGTAATCCCAGCACTTTGGGAGGCCAAGGTGGGCAGATCACCTGAGGTCAGGAGTTCAAGACCATCCTGGCCAACATGGTGAAACCCTGTCTCTACTAAAAATACAAAAAATTAGCCAGGCGTGGTGGCAGGTGCCTGTAGTCCCAGCTACTTGGGAGGCTGAGGCAAGAGAATTACTTGAACCCGGGAGGTGGAGGTTGCAGTGAGCCGAGATCGTGCCGTTGCATTCCAGCCTGGGAAACAGAGTGAGACTCCATCTCAAAAAAAAAAAAAAAAAAAAAAAA","GCCAGGCGAGGTGGCTCACGCCTGTAATCCCAGCACTTCGGGAGGCTGAGGTGGGCAGATCACCTGAGGTCAGGAGTTCAAGACGGTCCTGGTCAACATAGTGAAACCCTGTCTCTACTAAAAATACAAAAAATTAGCCAGGCGTGGTGGTGGGTGCCTGTAATCCCAGCTACTTGGGAGGCTGAGGCAAGAGAATTACTTGAACCCGGGAGGTGGAGGTTGCAGTGAGTCGAGATCATGCCATTGCACTCCAGCCTGGGAAACAGAGTGAGACTCCGTCTCAAAAAAATAAAAATAAAGA"
"chr1","1280959","1281252","chr20","130077089","130077379","30","128796130","GCCGGGCGCAGGGGCTCACGCCTGTAATCGCAGCACTTTGGGAGGCCGAGGCAGACAGATCACTTGAGGTCAGGAAATCGAGACCATCCTGGCCAACATGGTGAAACCCTGTCTGTAACAAAAATACAAAAATTAGCCGGGCTTGGTGGCGGGCACCTGTAATCCCAGCTATTCAGGAGGCTGAGGCAGGACAATCACTGGAACCTGGGAGGGAGAGGTTGCAGTGAGCTGAGATCGCACCACTGCACTCCAGCCTGGGTGATGGAATGGGACTCTTCCTCAAAAAAAAAAAAA","GCCGGGCGCAGTGGCTCACGCCTGTAATCCCAGCACTTTGGGAGGCCAAGGCAGGCAGATCACTTGAGGTCAGGAGATCAAGACCATCCTGATCAACATGGTGAAACCCCATCTCTAATAAAAATAACAAAAATTAGCCAGGCGTGGTGGCGGGCACCTGTAATCCCAGCTATTCAGGAGGCTGAGGCAGGAGAATCACTTGAACCTGGGAGGGAGAGGCTGCAGTGAGCTGAGACCTCACCACTGCACTCCAGCCTGGGTGATGAAATGAGACTCTGTCTCAAACACAAA"
"chr1","1283949","1284249","chr2","58338718","58339014","36","57054769","GGCTGGGCGCGGTGGCTCAGGCCTGTAATCCCAGCACTTTGAGAGGCCGAGGCTGGTGGATCACCTGAGGTCAGGAGTTCGAGACCAGCATGGCCAACATGGTGAAACCCCGTCTCTACTAAAACTACAAAAATTAGCCTAGCGTGGTGGCAGGCGCCTGTAATCCCAGCTACTCGGGAGGCTGAGGCAAGAGAGTCGCCTGCGCCCAGGAGGCAGAGGTTGCGGTGAGCCGAGATCGCACCACTGCACTCCAGTCTGGGTGACATAGATCCTGTCTCAAAAATAAATAAATAAAATAAAA","GGCTGGGTGCAGTGGCTCATGCCTGTAATCCCAGCACTTTGGGAGGCTGAGGCAGGTGGATCACATGAGTTCAGGAGTTCAAGACCAGCCTGGCCAACATGGTGAGACCTCGTCTCTACTAAAAATACAAAAATTAGCTGGGCATGGTGGCAGGCACCTGTAATCCCAGCTACTCGGGAGGCTGAGGCAGGAGAATCGCTTGAACCCAGGAGGCAGAGGTTGCAGTGAGCCAAGATTGCACCACTGCACTCCAGCCTGGGTGACAAAGCGTCTCAAAAAAAAAAAAAAAAAAAAAAA"
"chr1","1297780","1297956","chr20","130062992","130063163","19","128765212","ACACACAAATTACCTGAGCGTGGTGGTGGGCGCCTGTAATCCCAGCTACTTGGGAGGGTGAGGCACAAGAATCACCAGCATCTGGTAGGCGGAGCTTGCAGTGATCCCAGATAGCGCCACTGCACTCCAGGCTGGGCAACAGAGTAAGACTCCGTCTCAGAAAAAAAAAAAAAAAAA","ACACACAAATTACCTGAGCGTGGTGGTGGGCGCCTGTAATCCCAGCTACTTGGGAGGGTGAGGCACAAGAATCACTAGAACCTGGGAGGCAGAGGTTGTAGTGATCCCAGATAGTGCCAGTGCACTCTAAGCTGAGGAACAGAGTAAGACTCCGTCTCAAAAAAAAAAGAAA"
"chr1","1312655","1312943","chr14","543320","543610","55","769335","GGCTGGGTGCGGTGGCTCACACTTGTAATCCCAGTATGTTGAGAGGCAGAGGCGGGCTGATCACCTGACGTCAGGAGTTCGACACCAGCCTGGCCAATGTGGTAAAACTCTGTCTCTTCAAAATACAAAATTAGCCAGGCGTGGTGGTGGCATGCGCCTGTATGCTACTCGGGAGGCTGAGGCAGGAGATTGGCTTGAATCCAGAAGGCAGAAGTTGCAGTGGGCTGAGATCACACCAGTGTACTCCAGCCTGGGCGAGTGTGTGACTGTGTCTCAACAACAACAAAAA","GCTGGGTGCGGTGGCTCACGCCTGTAATCCCAGCACGTTGGGAGGCTGAGGCAGGTGGATCACCTGAGGTCAGGAGTTTGAGACCAGCCTGGCCAACATGGTTAAACTCCGTCTCTACTAAAAATACAAAATTTAGCTGGGCTTAGTGGCGGGTGCCTGTAATCCCAGCTACTCGGGAGGCTGAGGCAGGAGAATCGCTTGAACCCAGGAGGCAGAGGTTGCATGGAGCTGAGATCACACCACTGCACTCCAGCCTGGGCAACAGATGAGACGCTGTCTTAAAAAAAAAAA"
"chr1","1315916","1316204","chr14","543320","543610","59","772596","GGCTGGGTGCGGTGGCTCACACTTGTAATCCCAGTATGTTGAGAGGCAGAGGCGGGCTAATCACCTGACGTCAGGAGTTCGACACCAGCCCTGCCAATGTGGTAAAACTCTCTCTCTTCAAAATACAAAATTAGCCAGGCGTGGTGGTGGCATGCGCCTGTATGCTACTCGGGAGGCTGAGGCAGGAGATTGGCTTGAATCCAGAAGGCAGAAGTTGCAGTGGGCTGAGATCACACCAGTGTACTCCAGCCTGGGCGAGTGTGTGACTGTGTCTCAACAACAACAAAAA","GCTGGGTGCGGTGGCTCACGCCTGTAATCCCAGCACGTTGGGAGGCTGAGGCAGGTGGATCACCTGAGGTCAGGAGTTTGAGACCAGCCTGGCCAACATGGTTAAACTCCGTCTCTACTAAAAATACAAAATTTAGCTGGGCTTAGTGGCGGGTGCCTGTAATCCCAGCTACTCGGGAGGCTGAGGCAGGAGAATCGCTTGAACCCAGGAGGCAGAGGTTGCATGGAGCTGAGATCACACCACTGCACTCCAGCCTGGGCAACAGATGAGACGCTGTCTTAAAAAAAAAAA"
"chr1","1317077","1317361","chr12","92705717","92706002","44","91388640","GGCTGGGCAGGGTGGCTCACGCCAGTGATCCCAGCACTTTGGGAGGCTGAGGTGGGCAGGAGATGGAGACTAGCCTGGCCAACGTGGCGAAACCCTGTCTCTACTAAAAATACAAAAATTAGCCAGGCGTGGTGGCGGGCACCTAGAATTCCAGCTACTCTGGAGGCTGAGGCAGCAGAATTGCTTGAATTTGGGAGGCAGAGGCTGCAGTGAGCCGAGATCATGCCACTGCACTCCAGCCTGGGCAACAGAGCAAGACTCCATCTCTAAAAGTAAGTAAATAAA","GCTGGGAGTGGTGGCTCACGCCTGTAATCCCAGCACTTTGGGAGGCTGAGGCCACCTGAGGCCAGGAGTTCAAGACCAGCCTGGCCAACATGGTGAAACCCCATCTCTACTAAAAATACAAAAATTAGCCAGGCACGATGGTGGGTACCCATAATCCCAGCTACTCTGGAGGCTGAGGCAGGAAAATTGCTTGAACCTGGGAGGCAGAGGTTGCAGTGAGCCGAGATCGTGCCACTGCACTCCAGCCTGGGTGACAGAGTGAGACTCCATCTCAAAAAAAAAAAAA"
"chr1","1320998","1321276","chr20","42491385","42491658","53","41170387","GGCCGGGTGCAGTGGCTCTGCACAACACTTTGGGAGGCCGAGGCAGGTGGATCACCTGAGGTCAGAAATCCGAGACCAGCCTGGCCAACATGGTGGAACCCCATCTCTACTAAAAATGCAAGAAGTAGCCGGGCGTGGTGGCGGGCCCCAGTAATCCCAGCTGAGGTGGGAGAATTGCTTGAACCCGGGAGGCCAAGGCTGCAGTGAGCCAAGATCGCACCACTGCACTCTAGCCTGGGTGACAGATCAAGACCTTGTCTCAAAAAACAAGAAGAAAAA","GCTCACGCCTGTAATCCCAGCACTTTGGGAGGCTGAGGCGGGTAGATCACCTGAGGTCAGGAGTTCGAGACCAGCCTGGCCAACATGGTGAAACTCCATCTCTACTAAAAATACAAAAATTAGCTGGGCATGGTGGCAGGCACCGGTAATCCCAGGCTGAGGCATAAGCATCGTTTGAACCTGGGAGGCGAAGGTTGCAATGAGCCAAGATCACACCACTGCACTCCAGCCTGGAGGATACAGCAAGACTTGTCTCAAAAAAAAAAAAAAAAAA"
"chr1","1322827","1323007","chr28","20091858","20092040","37","18769031","GGCCGGGCGCAGTGGCTCACGCCTGTAATCCCAGCACTTTGGGAGGCCAAGGCAGGCGGATCACCTGAGGTTAGGAGTTCAAGACCACCCTTGGCAACATGGTGAAACCCATCTCTACTAAAAAACAAAAATTCCTAGGTGTGTGGCAGGCGCCTGTATCCCAGCTACTCCGAAGGCTGAG","GGCCAGGCGCGGTGGCTCACGCCTGTAATCACAGCACTTTGGGAGGTCAAGGTGGGTGGATCACCTGAGGTCAGGAGTTCAAGACCAGCCTGGCCAACATGGTGAAACCCCATCTCTACTAAAAATATAAAAATTAGCCGGGTGTGGCTGAACATGGTGGCCACCACGTAATCTCAGTGCTGA"
"chr1","1357469","1357771","chr1","103586917","103587220","32","102229448","GGCCGGGCTCTGTGGCTCACACCTGTAATCCCTGCACTCTGGGAGGCTGAGGCGAGTGGATCACCTGAGGTCAGGAGTTCGAGAGCAGCCTGGCCAACATGGTGAAACCCCGTCTCTACTAAAAATACAAAAATTAGCTGGCCGTAGTGGCGAGCACCTGTAATCCCAACTACTCAGCATGCTGAGGCAGGAGAATTGCTTAAACTCAGGAGGTGGAGGTTGCAGTGAGCCGAGATCACGCCATTGTACTCCAGCCTGGGTGACAGAGTAAGACTCCGTGTCAAAAAATAAAAAATAAAAAAA","GGCCGGGCACAGTGGCTCATGCCTGTAATCCCAGCACTTTGGGAGGCTGAGGCGGGTGGATCACCTGAGGTCAGGAGTTCGAGACCAGCCTGGCCAACATGGTGAAACCCCATCTCTACTAAAAATACAAAAATTAGCTGGGTGTGGTGGCGGGCGCCTGTAATCCCAGCTACTCAGCAGGCTGAGGCAGGAAAATCATCGCTTGAACCCAGGAGGCGGAGGTTGCAGTGAGCCAAGATCACGCCACTGTACTCCAGCCTGGGTGAACAGAGCAAAACTCCGTCTCAAAAAAAAAAAAAAAAAA"
"chr1","1362276","1362577","chr26","21323693","21323990","37","19961417","GGCAGGGCACCGTGGCTCACACCTGTAATCCCAGCACTTTGGGAGGCCGACACAGGTGATCACTTGAGGTCAGGAGTTCAAAACTAGCCTGGCCAACATGGTGAAACCCCGTCTCTAATAAAAATACAAAAATTAGCTGAGTATGGTGGTGGGTGCCTGTAATCCCAGCCACTTGGGAGGCTGAGGCAGGAGAATGGCTTGAACCCAGGAGGCAGAGGTTGCGGTGAGCTGAGATCGCACCATTGCACTCCAGCCTGGGCAACAGAGTGAGACTCCGTTTCAAAATAAATAAAATTTAAAAA","GGCCGGGCACAGTGGCTCACACCTGTAATCCCAGCACTTTGGGAAGCCGAGGTGGGTAGATTGCCTGAGGTCAGGAGTTCGAGACCAGCCTGGCCAACATGGTGAAACCCCGTCTCTACTAAAAGTACAAAAATTAGCTGGATATGGTGGTTGGTGCCTGTAATCCCAGCTACTTGAGAGGCTGAGGCAGGAGAATCACTTGAACCCAGGAGGCGGAGGTGGCAGTGAGCCGAGATCGCACCACTGCACTCCAGCCTGGGCAACAGAGTGAGACTCCATCTCAAAAACAAAAACAAAA"
"chr1","1377821","1378102","chr16","26499436","26499719","44","25121615","GCTGGGCACAGTGGCTCACGCCTGTAATCCCAGCACTTTGGGAAGCTGAGGTGGGTGGATTGCCTGAGGTCAGGAGTTCAAGACCAGCCTGGCCAACATGGTGAAACCCCGTCTCTACTAAAAATACAAAAAATTAGCCTGGGTGTGGTGGCGGGTGCCTGTACTCCCATCTACTCAAGTGGCTGAGGCAAGAGAATGGCGTGAACCCGGGAGGTGGAGGTTGCAGTGAGCCGAGATGCCTGGGTGACAGAAGGAGATGTCATCTCATAAAAAAAAAAAAAA","CTGGACGTGGTGGCTCACGCCTGTAATCCCAGCAATTTGGGAGGCCGAGGTGGGTGGATCACTTGAGGTCAGAAGTTTGAGACCAGCCTGGCCAACATGGTGAAACCCTGTCTCTACTAAAAGTACAAAAATTAGCCAGGCGTGATGGCGGGCGCCTGTAGTCCCAGCTACTCAGGAGGCTGAGGCAGGAGAATCACTTGAACCCGGAAGGTGGAGGTTGCAGTGAGCTGAGACAGCCTGGGTGACAGAGCAAGATAACATCTCAAAAAAAAAAAAAAAAAAAA"
"chr1","1390519","1390818","chr16","1258733","1259033","46","131786","GGCCATGAGCAGCGGCTCACGCCTGTCATCCCAGCGCTTTGGGAGGCCGAGGTGGGCGAATCACCTGAGGCCAGAATTCAAGACCAGCCTAAACAACATGGTGAAACCTCGTCTCTAGTAAAAAAACACAAAAATTAGCCAGGTGTGCTGGCGGGCGCCTGTGATCCCAGCTACTCGGGAGGCTGAGGCAGGAGAATCGCTTGAACCCCAAAGGCAAAGGTTGCAGTGAGCAGAGATGATGCCACTGCATTCCAGCCTGGGCGGCAGAGCCAGACTCCGTCTCAAAAACACACAGAAAAA","GGCCGAGCACAGCAGCTCACACTTGTCATCCCAGCACTTTGGGAGGCCGAGGTGGGTGGATCACCTGAGGTCAGGAGTTCAAGACCAGCCTGGCCAACATGGTAAAAACCTGTCTCTACTAAAAATACAAAAAATTAGCTAGGTGTGGTGGTGGGCGCCTGTGGTCCCAGCTACTCGGGAGGCTGAGACAGGAGAATTGCTTGAACCCAGGAGGCGGAGCTTGCAGTGAGCTGAGATGGCGCCACTGCACTCCAGCCTGGGCGACAGAGCGAGACTCTGTCTCAAAAAGAAAAAAAAAAAA"
"chr1","1393989","1394214","chr6","11557988","11558218","40","10163999","TGAGGTCAGGAGTTCAAGACCAACCTGGACAACATGCTGAACCCCCTTCTCTACTAAAAATACAAAAATTCGCCAGATGTGGTGGCAGGCTCCTGTAGTCCCAGCTGCTCGGAAGGCTGAGGCAGGAGGTTGAACCCGGGAGGTGGAGGTTGCAGTGAGCCGAGATCAAACCATTGCACGCCAGACTGGGGGACAGAGTGACACTCTGTCTCAAAATAAAATAAAA","TGAGGTCAGGAGTTTGAGAGCAGCCTGGCCGACATGGTGAAATCCCATCTCTACTAAAAATATAAAAATTAGCCAGGTGTGGTGGCGGGCACCTGTAATCCCAGCTACTCGGGAGGCTGAGGCAGGAGAATCGCTTGAATCCAGGAGGCAGAGGTTGCAGTGAGCCGAGATTGCACCACTGCACTCCAGCCTAGGTGACAGAGTGAGACTCCATCTCAAAAAAAAAAAAAA"
"chr1","1397109","1397411","chr7","31774584","31774884","38","30377475","GGCAGAACACAGAGGCTCACGCCTGTAATCCCAGCACTGTGGAAGGCCAAGGCAGGCGGATAATGAGATCAAGAAGTTCAAGACCAGCCTGGCCAACACAGTGAAACCCTGTCTCTACTGAAGATACAAAAAAATTAGCTGGGCGTGGTGGTGGGCGCCTATAATCCCAGCTACTCGGGAGGCTGAGGCAGGAGAATTGCTTAAACCTGGGAGGCAGAGGTTGCAGTGAGCTGAGATTGTGCTATTGCACTCCAGCCTGGGTGACAGAGCGAGACTCCGTCTCAAAAAAAAAAAAAAAAAAGA","GGCTGGGCACAGTGGCTCACGCTTGTAATCCCAGCACTTTGGGAGGCCAAGGTGGGCAGATCATGAGGTCAGGAGTTCAAGACCAGCCTGGCCAACATAGTGAAACCCCGTCTCTACTAAAACTACAAAAATTAGCTGGGCGTGGTGGTGGGTGCCTGTAATGCCAGCTACTCGGGAGGCTGATGCAGGAGAATTGCTTGAACCCGGAAGGTGGAGGTTGCAGTGAGCCGAGACTGTGCTACTGCACTCCAGCCTGGGTGACAAAGCTAGACTCCATCTCAAAAAAAAAAAAAAAAAAAAA"
"chr1","1409194","1409492","chr25","22156325","22156622","39","20747131","GCCCGGTGGCTCACTCCTGTAATCCCAGCATGTTGGGAGGCCAAGGAGAGAAGATCACTTGAGGTCAGGAGTTCAAGACCAGCCTGGCCAACATGGTGAAACCTCATCTCTATTAAAAATACAAAAATTATCCGGGCACAGTGGCAGGCACCTGTAATACCAGCTACTCAGGAGGTTGAGGCCGGAGAATTGCTTGAACTCAGAGGGTGGAGGTTGCAGTGAGCCGAGATTGCACCACTGCACTCCAACCTGGGTGACAGAGTGAGACTCCATCTCAAAAAAAAAAAAAAAAAAAAAAA","GGCATGGTGGCTCACGCTTGTAATCTCAGCACTTTGGGAGGCCAAGGCGGGCAGATCACCTGAGGCCAGGAGTTCGAGACCAGCCTGGCCAACATGGTGAAACCCGTCTCTACTAAAAATACAAAAATTAGCTGGGCGTGGTGGCAGGCACCTGTAATCCTAGCTAGTTGGGAGGCTGAGGCAGGAGAATCACTTGAACCCAGAAGGTGGAGGTTGCAGTGAGCCAAGATTGCACCACTGCACTCCAGCCTGGGTGACAAAGCGGGACTCCATCTCAAAAAAAAAAAAAAAAAAAAAA"
"chr1","1409796","1409952","chr16","24496388","24496550","24","23086592","TTAACCGGGTGTGGTAGCAGGCACCTGTAATCCCAGCTGCTCGGGAGGCTGAGTCAGGAGAATTGCTGGAACTCAGGAGGCAGAGGTTGCAGTGAGCTAAGATCACGCCACAGCACTCCAGTCTGGGCGACAGAGCGAAACTGTCTCAAAATATAAA","TTAGCCGGGTGTGGTTGCAGGCGCCTGTAATCCCAGCTACTCGGGAGGCTGAGGCAGGAGAATTGCTTGAACCCGGGAGGCGGAGGTTGCAGTGAGCCGAGATCATGCCACTGCACTCCAGTCTGGGCGACAGAGCAAGACTCCGTCCCAAATAAAAAAAAAA"
"chr1","1431561","1431843","chr7","66206623","66206910","49","64775062","GGCTGGGCGCGGTGGCTCACTACTGTACTCCCAGCACTTTGAGAGGCTGAGACGGGTGGATCACTTGAGTCCAGGAGTTAGAGACCGGCCTGACCAATGTGGTGAAACCCCATCTCTACTAAATATACAAAAATTAGCTGGGCGCAGTGGCGGACGCCTGTAATCCCAGCTACTCTGAGGCTGAGGTGGGAGGATGGCTTGAACCCCGGAGGCAGAGGCTGCAGTGAACCCAGATCGCACCGCTGCACTCCAGCTAGACACAGAGAGACTTAAAAAATAAAAA","GGCCGGGCGCAGTGGCTCACGTCTGTAATCCCAGCACTTTGGGAGGCCGAGGTGGGTGGATCACTTGAGGTCAGGAGTTCCAGACCAGCCTGGCCAACATGGTGAAACCCCGTCTCTACTAAAAATACAAAAAATTAGCTGGGCCTGATGGCAGGCACCTGTAATCCCAGCTACTTGGGAGGCTGAGGCAGGAGAATTGCTTGAACCCGGGAAGCAGAGGTTGCAGTGAGCTGAGATCGCACCATTGCACTCCAGCCTGAAAGACAGAGCGAGACTCAAAAAAAAAAA"
"chr1","1432833","1433138","chr20","129982728","129983029","23","128549895","CAGGCACAGTGGCACAAGCCTGTAATCCCAGCACTTTGGGAGGCCGAGGCAGGTGGATCACTTGAAGTCAGGAGTTCGAGACCAGGCTGGCCAACGTGGTGAAACCCCGACTCTACTAAAAATATAAAAATTAGCCAGGTGTGGTGGCGGGTGCCTGTAATCCCAGCTATTCAGGAGGCTGAGGCAGGAGAATTGCTTGAACCCAGGAGCGGAGGTTGCAGTGAGCCCAGATGGCACCCCAGAACTCCAGCCTGGGAAACAGAGACTCCGTTTCAAAATAAATAAATAAAACGAAATAAAACAAAA","GGGCACAGTGGCACATGCCTGTAATCCCAGCACTTTGGGAGGCCGAGGCAGGTGGATCACTTGAAGTCAGGAGTTCGAGACCAGCCTGGCCAACATGGTGAAACCCTGTCTCTACTAAAAATATAAAAAGTAGCCAGGTGTGGTGGCGGGTGCCTTTAATCCCAGCTATTCAGGAGGCTGAGAGAGGAGAATTGTTTGAACCCAGGAGGCGGAGGTTGCAGTGAGCCCAGAAGGCACCACAGAACTCCAGCCTGGGAAACAGACTCCGTTTCAACATAAATAAATAAAATAAAACAAAAAAA"
"chr1","1433141","1433440","chr20","129982425","129982714","41","128549284","GACCGGGTGCGACGGCTCTCGCCTATAATCCCAGCACTTTGGGAGGCCAAAGTGGGTGGATCAACTGAGGTTAGTAGTTCGAGACCAGCCTGAACAACATGGTGAAACCCCATCTCTACTAAAAATACAAAAATTAGCCAGATGTGGTGGCGGGCTCTTGTAGTCCCAGCTCCTCGGAGGCTGAGGAAAGAGGTTGAACCCGGGAGGTGGAGGTTGTGGTGAGCTGAGATCACGCCACTGCACACCAGCCTGGAAGACAGACTAAGACTCTGTCTATAAAAAAATAATAATATGAAACAA","GGCCGGGCGTCATGGCTCCAGCCTACAATCCCAGCGCTTTGTGAGGTCAAAGTGGGTGGATCACCTGAGGTCAGGAATTAGAGACCAACCTGGACAACATGGTGAAACCCCATCTCTACTAATATAAAAATCAGCCAGTTGTGGTGGCGGGCTCTTGTAGTCCCAGCTGCTCAGAGGCTGAGGAAGGAGATTGAACCCAGGAGGTGGAGGTTGCAGTGAGCCGAGATCACGCCACTACACGCCAGCCTGGAAGACAGACTAAGACTCTGTCTATAAAAAAATAAAAATAA"
"chr1","1435640","1435941","chr9","53844257","53844558","38","52408617","GGCAGAACACAGAGGCTCACGCCTGTAATCCCAGCACTGTGGAAGGCCAAGGCAGGCGGATAATGAGATCAAGAAGTTCAAGACCAGCCTGGCCAACATAGTGAAACCCTGTCTGTACTAAAGATACAAAAAAATTAGCTGGGCATGGTGGTGGGCGCCTATAATCCCAGCTACTCGGGAGGCTGAGGCAGGAGAATTGCTTAAACCTGGGAGGCAGAGGTTGCAGTGAGCTGAGATTGTGCTATTGCACTCCAGCCTGGGTGACAGAGCGAGACTCCGTCTCAAAAAAAAAAAAAAAAAGA","GGCCAGACACAGTGGCTCACGCCTGTAATCCCAGCACTGTGGGAGGCCAAGGCGGGCAGATCACCTGAGGTGAGGAGTTGGAGACCAGCCTTGCCAACATAGTGAAACCCCGTCTCTACTAAAAATACAAAAATTAGCGGGGCATGGTGTGGGCGCCTGTAGTCCCAGCTACTCAGGAGACTGAGGCAGGAGAACTGCTTGAACCTGGGAGGTAGAGGTTGCAGTGAGCCGAGATTATGCCACTGCACTCCAGCCTGGGTGACAGAGCGAGACTCTGTCTCAAAAAAAAAAAAAAAAAAAAA"
"chr1","1496322","1496601","chr9","957737","958015","43","538585","GGCCGGGTGTGGTGGCTCACAGCTTTGGGAGTCCAAGGCTGGTGGATCACCTGACGTTAGGAGTTTGAAACCAGCCTGACCAAGATGGTGAAACCTTGTCTCTACTAAAAATACAAAAATTAGCCAGGCGTGGTCATGGGTGCCTGTAATCCCAGCTACTTGAGAGGACAAGGCAGGAGAATTGCTTGAACCCGGGAGGCAGAGGTTGCAGTGAGCTGAGATCGCACCACTGCGCTCCAGCCTGGGTGACAGAGCAAGACTCCATCTCAAAAAAAAAAAA","GGCTGGGTGTGGTGGCTCACGCCTTTGGGAGGCCAAGGCAGGCGGATCACCTGAGGTTGGGAGTTTGAGACCAGCCTGGCCAACATGGTGAAACCTTGTCTCAATTAAAAATACAAAAATTAGCCAGGCATGGTGGCAGGCACCTGTAATCCCAGCTACATGGGAGGCTGAGGCAGGAGAATCGCTTGAACCTGGGAGGTGGAGGTTGCAGTGAGCCAAGGTCGTGCCACTGCACTTCAGCCTGGGCAACAGAGCAAGACCCCGGCTTAAAAAAAAAAA"
"chr1","1497991","1498265","chr22","13221526","13221804","37","11723535","GACCGGTCATGGTGGATCACACCTGTAATCCCAGCACTTTGGAAGGCCAAGGCAGGCAGATCACCTAAAGTCAGGAGTTCAAGACCAGCCTGGCCAACATGGCAAAACCCTGTCTCTACTAAAAATACAAAAATTAGCTGGGCGTGGAGGCGGGCACCTGTAATCCCAGCCACTTGGGAGGCTGAGGTGGGAGAATCACTTGAACCCAGGAAACGGAGGTTGCAGTGAGCTAAGATCAAGCCACTGCACTCCAGCCTGGGCAACAGGTGAGACTC","GGCCGGGCTTGGTGGGTCATGCCTGTAATCCCAGCACTTTGAGAGGCCAAGGTGGGCAGATCACCTGAGGTCAGGAGTTTGAGACCAGCCTGGCCAACATGGCAATACCCTGTCTCTACTAAAAATACAAAAATTAGCCGGGAGTGGTAGCAGGCGCCTGTAATCCCAGCTACTTGGGAGGCTGAAACAGGAGAATCACTTGAACCCAGGAGGTGGAGGTTGCAGTGAGCCAAGATCACACCACTGCACTCCAGCCTGGGCAACAGAGTAAGACTCCAT"
"chr1","1504312","1504604","chrX","22852905","22853198","29","21348593","GGCCAGGCGTGGTGGCTCACGCCTGTCATCCCAGCACTTTGGGAGGTCAAGGCGGGTGAATCACCTGAGGTCAGGAGTTCGAGACCAGCCTGGTCAACATGGTGAAACCGTGTCTCTACTAAAAATACCAAAATTAGCTGGGCGTGGTGGTGGCTGCCTGTAATCCCAGCTACTCGGGAGACTGAGGCAGGAGAATCCCTTGAACCTGGGAGGCGGAGGTTGCAGTGAGCGGAGATCGTGACACTGCACTACAGCCTGGGTGATAGAGCGAGACTCCATCTCAAAAAAAAAGA","GGCCGGGCGCGGTGGCTCACGCCTGTAATCCCAGCACTTTGGGAGGCCTAGGCGGGTGGATCACCTGAGGTCAGGAGTTCGAGACCAGCCTGGCCAACATGGTGAAACCCTGTCTCTACTAAAAATACAAAAATTAGCTGGGCGTGGTGGTGGGCACCTGTAATCCCAGCTACTCGGGAGACTGAGGCAGGAGAATCACTTGAACCCGGGAGGAGGAGGCTGCAGTGAGCTGAGATCACGCCACTGCTCTCCAGCCTGAGCGACAGAGCAAGACTTCATCTCAAAAAAAAAAAA"
"chr1","1522627","1522927","chr10","122705703","122706007","31","121183076","GGCCGGGCGCGGTGGCTCACGCCTGTAATCCCAGCACTTTGGGAGGCTGAGGTGGGCGGATCATCTGAGGTCAGGAGTTCAAGACCAGCCTGGCTAACATGGTGAAACCCCGTCTCTACTACAAATACAAAATTAGCCAGGCGTGGTGGCAGGCACCTGTAATCCCAGCTACTTGGGAGGCTGAGGCAGGAGAATCACTTGAATCCAGGAGGCGGAGGCTGTAGTGAGCCGAGATCACGCCATTGCACTCCAGTCTAGGCAACAGAGTGAGACTCTCAAAAAAAAAAAAAAAAAAAGGAAA","GGCCGGGTGCAGTGGCTCATGCCTGTAATCCCAGCACTTTAGGAGGCTGAGGCGGGTGGATCACTTGAGGTCAGGAGTTTGAGACCAGCCTGGCCAACATGGTTAAAACCCCGTCTCCACTAAAAATACAAAAACTAGCCAGGCGTGGTGCCAGGCACCTGTAATCCCAGCTACTTGGGAGGCTGAGGCAGGAGAATCACTTGAACCCAGGAGGCGGAGGTTGTAGTGAGCCAACATCATGCCATTGCACTCTAGCCTGGGCAACAGAGTAAGACTGTCTCAAAAAAAAAAAAAAAAAAAAAAAA"
"chr1","1575916","1576224","chrUn_KE147541v1","563683","563994","43","1012233","GGCCGGGCGCGGTGGCTCACGCCTGTCATCCCAGCACTTTGGGAGGACGAAGCGGGCGGATCACTTGAGGTCAGGAGTTCGAGACCAGCCTGGCCAATATGGCGAAACCCCGTCTCTACCAAAAATATAAAAATTAGCCGGGCGTGGTGGCGGGGGCCTGTGGTTCCAGCTACTCGGGAGGCTGAGGCAGGAAAATTCCCTGAACCCGGGAGGAGGCTGCAGTGAGCCAAGACCACGCCACTGCACTCCAACCTGGGCGGCAGAGCAAGGCGCCGACTCAAAAGTAAATACATGAATAAATAAAATAAA","GGCCGGGCGTGGTGGCTCACACCTGTCATCCCAGCACTTTGGGAGGCCGAGGCGGGCGGATCACCTGAGGTCAGGAGTTCAAGACCAGCCTGACCAACATGGTGAAACCCCGTCTCTACTAAAAATACAAAAATTAGCCGGGCGAGGTGGCGGGTGCCTGTAGTCCCAGCTACTCGGGAGGCTGAGGCAGGAGAATGGCGTGAACCCGGGAGATGGAGGTTGCAGTGAGCCGAGATCGCACCACTGCACTCCAGCCTGGGCCACAGAGTGAGACTCTGTCTCAAAAAATATAAATAAATAAAAAGAAATAAA"
"chr1","1584466","1584771","chr20","129836847","129837145","38","128252381","GGCTGGGCCCAGTGGCTCATGCCTGTAATCCCAGCACTTGAGAGGACAAGGCAAGTGGATCACTTGAGGTCAGGAGTTCAAGACCAGCCTGGCCAACATGGTGAAACCCCATCTCTACTAAAAATACAAAAATTAGCCGGGTGTGATGCTGGGCATCTGTAATCCCAGCTACTCGGGAGGCTGAGGCAGGAGAATCACTTGAACCCGGGAGCCGGAGGTTACAGTGAGTCGAGATCTCACCACTGCACTCCAGCCTGAGGGATGGGAGTGAGAGTCCTTCTCAAAAACAAAAAAACAAATGAGAAA","GGCCGAGCCCAGTGGCTCACGCCTGTAATCCCAGCACTTGGGAGGACAAGGCAAGTGGATCATTTGAGGTCAGGAGTTCAGACTAGCCTGGTCAACATGGGGAAACCCTGTCTCTACTAAAAATACAAAAAAGTAGCCAGGTGTGGTGGTGCACCTGTAATCCCAGCTACTCGGGAGGCTGAGGCAGGAGAATCACTTGAACCCGGGAGCTGGAGGTTACAGTGAGCTGAGATCACGCCACTGCACCCCAGCCTGCATGATGAGAGCGAGACTCCATCTCAAAAAAAAACACAAAGAAA"
"chr1","1585403","1585623","chr6","36368840","36369061","33","34783437","CGTGGCCAGTCTGGCCAACACGGTGAAACCTCGTCTCTACTAAAAACATAAAAACTAGCCAGGCATGGTGGCGGACGCCTGTAATCCCAGCTACTCGGGAGGCTGAGGCAGGACAATCACTTAAACCCGGGAGGCGGAGGTTGCAGTGAGCTGAGATCGCACCACTGCACTCCAGCCTGGGCGACAGAGTGAAATATCATCTCCAAAAAAAAAAAAAAAAA","GAGTTTGGACCAGTCTGGCCAACATGGTGAAACTCATCTCTACTAAAAATACAAAAATTAGCCAGGTGTGGTGGCGGGCGCCTGTAATCCCAGCTACTCAGGAGGTTGAGGCAGGAGAATCTCTTGAACCCAGGAGGTAGAGGTTGCAGTGAGCTGAGATCGTACCACTGTACTCCAGCCTGGGCGACAGAGTGACACTCTTGTCTACCAAAAAAAAAAAAA"
"chr1","1586886","1587039","chr6","36183990","36184138","22","34597104","GGGCGTGGTGGCTCACACTTGTAATCCCAGCACTTTGGGAGGCTGAGGCGGGTGGATCACTTGAGGTCAGGAGTTGGAGACCAGCCTGGCCAACACGGTGAAACCCCATCTCTACTAAAAATACAAAAAGTAGCCAGGCGTGGTGGCGGGCACC","GGTGTGGTGGCTCACACCTGTAGTCCCAGCACTTTGGGAGGCTGAGGAGGGCGGATCACCTGAGGTCAGGAGTTCGAGACCAGCCTGGCCAACACGGCAAAACCCCATCTTTACTAAAAATACAAAAATTAGCTGGGCGTAGCCAACCC"
"chr1","1593550","1593851","chr20","92192486","92192788","34","90598936","GGCCGGGCACGGTGGCTCACACCTGTAATCCCAGCACTTTGGGAGGCCGAGGCAGGTGGATCACCTTAGGTCAGGAGTTCGAGACCACCCTGGCCAACATGATGAAACCCCGTCTCTACTAAAAATATAAAAACTAGCAGGGCATGGTGGCCGGCGCCTGTAATCCCAGCTACTCGGGAGGCTGAGGCAGAAGAATTGCTTGAACCCAGGAGACGGAGGTTGCAGTGAGCCAACATGATACCACTGCACTCCTGCCTCAGCGACAGAGTGAGACTCTGTCTCAAGAAAAGAAAAAAAGAAAA","GGCCAGGTGCAGTGGCTCACACCTGTAATCCCAGCACTTTGGGAGGCCGAGGCAGGAGGATCACCTGAGGTCAGGAGTTCAAGACCAGCCTGGCCAACATGGTGAAACCCCATCTCTACTAAAAATATAAAAATTAGCCAGGCATGGTGGCAGATGCCTGTAATCCCAGCTACTCGGGAGGCTAAGGCATGAGAATCGCTTGAACCCAGGAGGTGGAGGTTGCAGTGAACCAAGATCATACCACTGCACTCCAGCCTGGGAGACAGAGCGAGACTCTGTCTCAAAAAAAAAAAAAAAAAAAAA"
"chr1","1596149","1596459","chr6","34028273","34028585","45","32432124","GGCCAGGCGCGGTGGCTCACACCTGGAATCCCAGCACTTTGGGAGGCCAAGGTGGGCGGATCACCTGAGCTCAGGAGTTCATGACCAGCCTGGCAAACACAGCAAAACCTCGTCTCTACTAAAAATACAAAAAAAAAAAAAAAAAAATCAGCCGGGCGTGGTAGCTGGCACCTGTAATCCCAGCTACTCGGGAGGCTGAGGCAGGAGAATCACTTGAACCTGGGAGGCAGAGCTTGCAGTGAGCTGAGATCGTGCCATCGCACCCCAGCCTGAGCGACAGAGCGAGACTCCCGTCAAAAAAAAAAAAAAAA","GGCCGGGCACGGTGGCTCATGCCTGTAATCTCAGCATTTTTGGAGGCCAAGGTGGGCGGGTCACTTGAGGTCAGGAGTTCAAGACCAGCCTGGCCAACACGGTGAAACCCTGTCTCTACTAAAAACACAGGGGGGAAAAAAAAAAAAATTAGCCGGGCATGGTGGCAGGCACCTGTAGTCCCAGCTACTCAGGAGGTTGAGGCAGGAGAATCGTTTGAACCTGGGAGGCAGAGCTTGCAGTGAGCCGAGATCGTGCCACTGCACTCCAGCCTGGCAACAGAGCAAGACTCCATCTCAAAAAAAAAAAAAAAAA"
"chr1","1598362","1598679","chr5","70301102","70301414","48","68702740","GGCCAGGCGCGGTGGCTCACACTTGGAATCCCAGCACTTTGGGAGGCCAAGGTGGGCGGATCACCTGAGCTCAGGAGTTCATGACCAGCCTGGCAAACACAGCAAAACCTCGTCTCTACTAAAAATACAAAAAAAAAAAAAAAAAAAATCAGCCGGGCGTGGTAGCTGGCACCTGTAATCCCAGCTACTCGGGAGGCTGAGGCAGGAGAATCACTTGAACCTGGGAGGCAGAGCTTGCAGTGAGCTGAGATCGTGCCATCGCACCCCAGCCTGAGCGACACAGCGAGACTCCCGTCAAAAAAAAAAAAAAAAAAAAAA","GGCTGGGCACGGTGGCTCACACCTGTAATCCCAGCACTTTGGGAGCCTGAGGTGGGCGGATCACTTGAGGTCAGGAATTCGAGACCAGCCTGGCTAACATGGTGAAACCTCATCTCTACTAAACATATCAAAAAAAAAAAAAAAAAATTAGCCAGGTGTGGTGGCAGGTGCCTGTAATTCCAGCTACTTGGGAGGCTGAGGCAGAAGAATCACTTGAACCCAGGAGGCAGAGGTTGCAGTGAGCTGAGATCGCGCCACTGCACCCCAGCCTCAGCGACAGAGGGAGCTCCATAAAAAAAAAAAAAAGAAAAAA"
"chr1","1601059","1601362","chr20","129818202","129818504","35","128217143","GGCTGGGCTTGGTGGCTCACGCCTGTAATCCCAGCACTTTGGAGGCAGGTGGATCACTTGAGGTCAGGAGTTCGAGACCAATCTGGCCAACAAGGTGAAACCCCGTCTCTACTAAAAATATAAAAATTAGCCAGGTGTGGTTGTGGGCACTGTAATCCCACCTACTCAAGAGGTTGAGGCAGGAGAATTGCTTGAACCCTGGAGGTGGAAATCGCAGTGAGCCGACATCGAGACATTGCACTCCAGCCTGGGGGACAGAGCGAGACTCTGTCTCCAAAAACAAACAAATAAATAAACAAGCAAA","GGCCGACTGCAGTGGCTCACGCCTGTCATCCCAGCACTTTGGAGGCAGGTGATCACTTGAGGTCAGGAGTTCGAGACCAGCCTGGCCAACATGGTGAAACCCTGTCTCTACTAAAAATACAAAAATTAGCCGGGTGTGGCTGTGGGCGCCCGTAATCCCAGCTACTCAGAGGTTGAGGCAAGAGAATCGCTTGAACCCGGGAGGCGGAGATTGCAGTGAGCACATATTGAGACATTGCACTCCAGCCTGGGGGATAGAGTGAGACTCTGTGTCCAAAAACAAACAAATAAATAAACAAATAAA"
"chr1","1608696","1608998","chr25","79773947","79774251","37","78165251","GGCGGGGCATGGTGGCTCATGCTTGTAATCCCAGCACTTTGGGAGGCCAAGGCGGGCAGATCACCTGAGGTCAGGAGTTCGAGACCAGCCTGGCCAACATGATGAAACCCCGTCTCTACCAAAAATACGAAAATTAGCCAGGCGTGGTGGCAGGCGCCTGTAATCCCAGCCACGCAGGAGGCTGAGGCAGCAGAATCACTTGAACCTGGGAGGCGGAGGTTGCCGTGAGCTGAGACTGCGCCTGCTCCAGCCTGGGTGACACAGCAAGACTCCGTCTCAAAAAGAATAGAAAAAAAAAAAAAA","GGCCAGGCGCAGTGGCTCATGTCTGTAATCCCAGCACTTTGGGAGGCTAAGGCGGGCAGATCACCTGAGGTCAGGAGTTCGAGACCAGCCTAGCCAACATGCTGAAACCCCGCCTCTACTAAAAATACAAAAATTAGTCGGGCGTGGTGGCGGGCGCCTGTAATCCCAGCTGCTTGGGAGGCTGAGGCAGGAGAATCACTTGAACCTGGGAGGCGGAGGTTGCAGAGAGCTGAAATTGCGCCGTTGCACTCTAGCCTGGGCGACAGAGCAAGACTTCGTCTCAAGAAAAAGAAAAAAAAAAAAAA"
"chr1","1633394","1633630","chr1","11954888","11955140","72","10321494","GGCTGGGTGCGGNGNNTCACNCCTNNNNTCCCNNCNCTTTNNNAGGCCNANGCNGGGGGATCNCCTGAGGCCTGGAGTTGGAGACCAGCCTGGGCAACATAGCGAGACCCCGCCTCTACTGAATATACAAAAAGTAGCGATGATGTGCGATCTGGCGGCTGTAATCCCAGCTACTCAGCAGGCTGATGCAGGAGAATTGCTTGAACCCTGGAGGCAGATGTTGCACTGAGCCAAGAT","GGCTGGGCGCAGTGGCTCACACCTGTAATCCCAGCTCTTTGGGAGGCAGAGCGGGTGGATCACTTGAGGTCAGGAGTTAAAAAGACCAGCCTGGGCAACATGGTGAAACCCCGTCCCTACTAAAAATACAAAAATTAGCCGGGTGTGGTTGTAGGCGCCTGTAATCCCAGCTACTCGGCAGGCTGAGGCAGGAGAATCACTTGAACCAGGGAGGCAGAGATCACACCACTGCACTCCAGCCTGGGCGACAGAG"
"chr1","1655801","1655909","chr9","84870085","84870205","40","83214284","ACATGATGACTGGTCTCTACTAAAAATACAAAAATTAAGCGTGGTGGCGGGCACCTGTAATCCCAGCTACTCAGGAGGGTGAGGCAGGAGAATCATTTGAACCCGGCAG","CCAGCCTGGCCAACGTGGTGAAACCCTGTCTCTACTAAAAATACAAAAATTAGCCAGTTGTGGTGGCAGATGCCTGTAGTTCCAGCTACTCAGGTGGCTGGGGCAGGAGAATCTTTGTGGG"
"chr1","1657068","1657357","chr11","3085165","3085445","44","1428097","GGCTGGACGCGGTGGCTCATGACTGTCATCCCAGCACTTGGGGAGGCTGAGGTCAGGAGTTTGAGACCAGCCTGGCCAACATGGTGAAACCCCGTCTCTACTAAAAATATAAAAATTAGCCAGCTGTGGTGGTGGGTGCTGGGTCTGTAATCCCAGCTACTCGAGAGGCTGAGGCAGGAGAATTGCTTGAACCCAGGAGGCAGAGGTTGCAGTGAGCTGAGTTCACACCGGTGCACTCCAGCCTGGGCAACAGAGTGAGACTCTGCCTAAAAAAAACAAAAAACAAAAAA","GCTGGGCGCAGTGGCTCACACCTGTAATCCCAGCACTTTGGGAAGCTGAGGTCAGGAGTTCAAGACCAGCCTGGCCAACATGGTGAAACCCAGTCTCTACTAAAAATACAAAAATTAGCCAAATGTGGTGGCGGGCACCTATAATCCCAGCTACTCGGGAGGCTAAGGCAGGAGAATTGCTTGAACTCAGGAGGCGGAGGTTGCAGTAAGTTGAGATCACACCACTGCACTCCAGCCTGGGCGACAGAGCAAGTCTCTGTCTCAAGAAAAAAAAAAAAGAA"
"chr1","1659096","1659392","chr22","46244347","46244641","36","44585251","GGCTGGGCGCGGTGGCTCATGCCTGTAATCCCAGCACTTTGGGAGGCTTAGGCAGGTGGATCACCTGATGTTAGGAGTGCAAGACCAGCCTGCCAACGTGGCAAAACCCCATCTCTACTAAAAATACAAAAATTAGCTGGATGTGGTGGCAGGTGCCTGTAGTCCCAGCTACATGGGAGGCTGAAGCAGGAGAAGTGCTGAACCAGGGTGGCAGAGGTTGCAGTGAGCAGAGACCGCACCACTGCACTCCAGCCTGGGTGGCAGAGCGAGACTCCATCTCAAAAAAAAAAAAAGGAA","GGCTGGGCACGGTGGCTCAGGCTTGTAATCCCAGCACTTTGGGAGGCTGAGGCAGGTGGATAACCTGAGGTTAGGAGTTCAAGACCAGCCTGGCCAACATGGTGAAACCCCATCTCTACAAAAATACAAAAATTAGCCTGGCATGATGGCAGGTGCCTGTAATCCCAGCTACTTGGGAGGCTGAGGCAGGAGAATTGCTTGAACCAGGGAGGCAGAGGTTGCCGTGAGCTGAGATGTGCCATTGCACTCCAGCCCGGGCGACAGAGCGAGACTCCGTCTCAAAAAAAAAAAAAAA"
"chr1","1672560","1672864","chr20","129735775","129736077","27","128063215","GGCCAGGCACCGTGGTTCACGCCTATAATCCCAGCACTTTGGGAGGCTAAGGCGGGTGGATCACCTGAGGTCAGGAGTTTGAGACCAGCCTGCCCAATATGGTGAAACCCTGTCTCTGCCAAAAATACAAAAGTTAACTAGGCTTCGTGGTGGGTGCCTGTAATCCCAGCTACTCAGGAGGCTGAGGCAGGATAATCGCTTGAACCCAGGAGGCAGAGGTTGCAGTGAGCCAAGATTGCACCACTGCACTCCAACCTGGGTGACAGAGTGAGACTCTGTCTCAAAAAAACAAACAAAAAAGAAAA","GGCCAGGCACCGTGGTTCACGCCTGTAATCCCAGCACTTTGGGAGACTGAGGCGAGTGGATCACCTGAGGTCAGGAGTTTGAGACCAGCCTGGCCAACGTGGTAAAACCCCGTCTCTACCAAAAGTACAAAAGTTAACCGGGTTGGTGGTGGGCACCTGTAATCCCAACTACTCAGGAGGCTGAGGCAGGAGAATCGCTTGAATCCAGGAGGCAGAGGTTGCAGTGAGCCAAGATTGCACCACTGCACTCCAGCCTGGGTGACAGAGTGAGGCTCTGTCTCAAAAAAAAGCAAACAAAAAAAA"
"chr1","1683096","1683405","chr20","129725708","129726005","28","128042612","GGTCAGGCGCAGTGGCTCATGCCTGTAATCCCAACACCTTAGGCGGCTGAGGTGGGTGGATCACCTGAGGTCAGGAGTTCAAGACAAGCCTGGCCAACATGGTGAAACCCCATCCCTACTAAAAACACAAAAATTAACCAGGCATGGTGGCTGGCACCTGTAATCGTAACTATTCCGGGAGGCTGAGGCAGGAGAATCGCTTGAACCCGGGAGGCAGAGGTTGCAGTGAGCTGAGATCACACCACTGTACTCCAGCCCGGGCGACAGAGCGAGACTCTGTTTTAAAAAAAAAAAAAAAAAAAAAAGGAAA","GGTCAGGCGCAGTGGCTTATGCCTGTATTCCCAACACTTTAGGGGGCCGAGGTGGATGGATCACCTGAGGTCAGGAGTTCAAGCCTGGCCAACATGGTGAAACCCCATCCCTACTAAAAATACAAAAATTAACCAGGCATCGTGGCTGGCACCTGTAATCGTAGCTATTCGGGGAGGCTGAGGCAGGAGAATCACTTGAACCCGGGAGGCGGAGGTTGCAGTGAGCTGAGATCACACCATTGTACTCCAGCCCGGGTGACAGAGCCAGACTCTGTTTCAAAAAAAAAAAAAAAGGAAA"
"chr1","1701632","1701931","chr19","30057411","30057704","54","28355779","GACCAGGAGCGGNGGCCCACACCAGTAATCCCNACAGCANNGGGAGACCGACACAGGGAGGATCACAAGAGGACAGGAGAAAGAGACCACCCCGCCCAACANGGNGAAACCCCGTCTCCACTAAAAATACAAAAATTAGCTGGGTGTGGTGGTGAGCGCCTGTAATCCCAGCTAATTGGGAGGCTGAGACAGGAGAATGGCTTGAACCTGGGAGGGGGAGGTTGCAGAGAGCTGAGACTGCACCACTGCACTTCGGCCTGGGCAACAGAGCAAGACTCTGTCTCAAAAGAAAAAAAAGAA","GCCGGATGTGGTGGCTCACACCTGTAATCCCAGCACTTTGGGAGGCCACGGCGGGTGGATCACCTGAGGTGAGGAGTTCAAGACCAGCCTGGCCAACATGGTGAAACCCCGTCTCCACTAAAAATACAAAAATTAGCCTGGTGTGGTGGCGGGCACCTGTGATCCCAGCTACTTGGGAGGCTGAGGCAGGAGAATCGCTTGAACCTGGGAGGCGGAGGTTGCAGTGAGCCGAGATCGCACCACTGCACTCCAGCCTGGGTGACAGAGCGAGACTCTGTCTCAAAAAAAAAAAAA"
"chr1","1709997","1710282","chr12","101135853","101136140","42","99425856","GCCGGGCGCAGTGGCTCATGTCTGTAATCTCAGCAGTTTGGGAGGCCAAGGCAGGCGGATCACCTAAGCTCAGGAGTTCGAAACCAGCCAGGCCAACGTGGTGAAACTCCATCTTTGCTAAAAACGAAAAAATTAGCCAGGCGTGGTGGCTGGCACCTGTAATCCCAGCTACTCAGGAGGCTGAGGCAGGAGGATCGCTTGAACCCAGGAGACGGAGGTTGCAGTGAGCAGAGATCATGCCACTGCACTCCAGACTGTGAGACAAAGTGAGACTCCCATCTCAAAA","GGCCAGGCTCAGTGGCTCACGCCTGTAATCCTTGCGTGATTTGGGAAGCCAAGGCGGGCGGATCACCTGAGGTCAGGAGTTCGAGACCAGCCTGGCCAACATGGTGAAACTCCGTCTCTACTAAAAATGCAAACATTTGCCAGGCATGGTGGTGGGCACTTGTAATCCTAGCTACTCAGGGGACTGAGGCAGGATAATTGCTTGAACCCAGGAGACGGAGGTTGCAGTGAGCTGAGATCACGCCACTGCACTCCAGCCTGGGTGACAGAGTGAGACTCCATCTCAAAA"
"chr1","1713677","1713834","chr9","95494159","95494320","23","93780482","TTAGCTGGGTGTGGTGGCGGGCACCTGTAATCCCAGCTACTCAGGCTGAGGCAGGACAATCGCTTGAACCTGGGAGGCGGAGATTGCAGTGAGCTGAGATTGTGCCGTTGTACTTCAGCCTATGTACAGAGCGAGACTCCATCTCAAACAAAAAAAAA","ATTAGCCGGGTGTGGTGGTGGGCGCCTGTAATCCCAGCTACTCAGGAGACTGAGGAAGGAGAATCGCTTGAACCTGGGAGGTGGAGGTTGCAGTGAGCTGAGATTGCGCCACTGCACTCCAGCCTGGGCGACAGAGTGAGACTCCATCTTAAAAAAAAAAAA"
"chr1","1733211","1733509","chr20","129676537","129676830","36","127943326","GGCCTGGTGCGGTGGCTCACGCCTGTAATCCTAGCACTTTGGGAGGCCATGGCGGGCAGATCACTTGAGGTCAAGAGATCGAGACCAGCCTGGCCAATATGGTGAAACCCTGTCTCTACTAAAAACAAAAATTAGCTGAGCATGGTGGCGGGTGCCTGTAATCCCAGCTACTCAGGAGGCTAAGGCAGGAGAATCTCTTGAACCCAGGAGGTGGAGGTTGCAGTGAGCCTAGATTGTACCACTACACTCCAGCCTGGGTGATGGAGTGAGATGTTGTCTCAAGAAAAAAAAAGAAAAGA","GGCCGGTGCGGTGGCTCATACCTGTAATGTAGCACTTTGGAAGGCCAAGGCGGGCAGATCACTTGAGGTCAAGAGTTCGAGACCAGCCTGGCCAACATGGTGAAAACCCTTCTCTACTAAAAACAAAAATTAGCTGAGCGTGGTGACAGGCGCCTATAATTCCAGCTACTCGGGAGGCTGAGGCCGGAGAATCTCTTGAACCCAGGAGGTGGAGGTTGCAGTGAATCTAGATTGTACCACTACACTCTAGCCTGGGCGACACAGTGAGACACTCTCACCAAAAAAAAAAAAAAA"
"chr1","1734668","1734955","chr20","129675101","129675390","28","127940433","GACTGGGTGCGGTGTCTCATGCTTGTAATCCCAGCACTTTGGGAGGCCGAGGCGGGTGGATCGCTTGAGGCGAGGAGTTTGAGACCAGCCTGGCCAACATGGTGAAATTCCATCTCTACTAAAAGTACAAAAAGTAGCCAGGTGTGATGGCGGGCGCCTGTAATCCCAGCTACTCGGGAGGCTGAGGCAGGAGAATCACTTAAACTCGGGAGGGGGAGGTTGCAGTGAGCCAAGATTGTGCCACTGCATTCCAGCCTGGGCAATAGAGCAAGACTCTGTCTCAAAAAA","GACCAGGTGAGGTGTCTCATGCTTGTATCCCAGCACTTCGGGAGGCCGAGGCAGGTGGATCGCTTGAGGCCAGGAGTTTGAGACCAGCCTGGCTAACATGGTGAAATCCCATCTCTACTAAAAATACAAAAATTAGCTGAGTGTGATGGCGGACACCTGTAATCCCAACTACTCGGGAGGCTGAGGCAGGAGAATCGCTTAAACTTGGGAGGTGGAGATTTCAGTGAGCCAAGGTTGTGCCACTGCACTCCAGCCTGGGCGATAGAGCAAGACTCTGTCTCAAAAAAGAA"
"chr1","1753263","1753560","chr20","129659987","129660286","35","127906724","GGCAGGGCACGGTGGCTCACGCCTGTAATCCCAGAACTTTGGGAGGCTCAGACAGGCAGATCACCGGAGGTCAGGAGTTCAAGACCAGCCTGGCCAACATGGTGAAACCCCATCTCTACTANAAATAAAATTTTAAAAAATTATCCGGGCATGACAGCGGGTGCCTATAATCCCAGCTACTCGGGAGGCTGAGACTGGAGAATCACTTGAACCCGTGAGATGGTGGTTGCAGTGAGCCGAGATTGCGCCACTGCACTCCAGACTGGGTGGCTGAGTGGGACTCTGTCTCAAAAAAAAA","GGCAGGATGCAGTGGTTCACACCTGTAATCCTAGCACTTTGGGAGGCTGAGACGGGTGGATCACCTGAGGTCAGGAGTTCAAGACCAGCCTGGTCAACATGGTGAAACCCTGTCCCTACTAAAATAAATTTTTAAAAAATTATCTGGGCTTGACAGTGGGTGCCTGTAATCCCAGCTACTCGGGAGGCTGAGACTGGAGAATCACCTGAACCTGGGAGACGGTGGTTGCAGTGAGCCGAGACTGCGCCACTACACTCCAGCCTGGGTGGCTGAGAGAGACTCTGTCTCAAAACAAAAAAA"
"chr1","1778203","1778503","chr16","1283822","1284122","23","494381","GGCCGCGCGCGGTGGCTCACGCCTGTAATCCCAGCACTTTGGGAGGCCGAGGCGGGCGGATCACCTGAGGTCAGGAGTTGGAGACCAGCCTGGCCAACATGGTGAAACCCCGTCTCTACCGAAAGTACAAAAATTAGCCGGGCGTGGTGGCGGGCGCCTGTAATCCCAGCTACTCGGGAGGCTGAGGCAGGAGAATCGCTTGAACTCGGGAGGCGGAGGTTGCCGTGAGCTGAGATCGCGCCACTGCACTCCAGCCTGGGCGACAGAGCAAGACTCTGTCTCGGAAAAAAAAAAAAAAAAA","GGCCGGGCGTGGTGGCTCACGCCTGTCATCCCGGCACTTTGGGAGGCCGAGGTGGGCGGATCACCTGAGGTCAGGAGATCGAGACCAGCCTGGCCAACATGGAGAAACCCCATCTGTACTAAAAATACAAAAATTAGCCGGGCGTGGTGGCGGGCGCCTGTAATCCCAGCTACTCTGGAGGCTGAGGCAGGAGAATCGCTTGAACGTGGGAGGCAGAGGTTGCAGTGAGCCGAGATCGCGCTACTGCACTCCAGCCTGGGCAACAGAGCAAGACTTTGTCTCAGAAAAAAAAAAAAAAAAA"
"chr1","1800648","1800966","chr7","96864259","96864574","37","95063611","GGCTGGGCACGGTGACTCACGCCTATAATCCCAGCACTTTGGGAGACCGAGGCGGGTGGATTACCTGAGGTCAGGAGTTCAAGACCAGCCTGGCCAACACGGTGAAACCCAATCTCTACTGAAAAAAATGCAAAAATTAGCTGGGCGTGGTGGCCGGTGCCTGTAATCCCAGCTACTTGGGAGGCCGAGGCAGGAGAATTGCTTGAACCTAGGAGGTAGAGGTTGCAGTGAGCCGAGATCGCCCCACTGCACTCCAGTCTGGGTGACAGAGTGAGACTCTCGTCTCAAAAAAAAAAAAAAAAAAAAAAACTTAGAAAAA","GGCCCGGTGCGGTGGCTCACACCTGTAATCCCAGCACTTTGGGAGGCCGAGGCGGGTGGATTACCTGAGGTCAGGAGTTCGAGACCAGCCTGCCCAACATGGTGAAACCCTGTCTCTATTAAAAATACAAAAATTAGCCGGGCATGGTGGCAGGTCCCTGTAATCCCAGCTACTTGGGAGGCTGAGGCAGGAGAATTGCTTGAACCTGGGAGGCAGAGGTTGCAGTGAGCCGAGATCACCCCATTGTACTCCAGCCTGGGTGACACAGTGAAACTCCGTCTCGAAATTAAAAAAAAAAAAAAAAAAATTAAAAAAA"
"chr1","1815290","1815579","chr20","129606841","129607132","30","127791551","GGCCGGGCGCAGTGGCTCACGCCTGTAATCCCTGCACTTTGGGAGGCCGAGGTGGGTGGATCCCTGAGGTCAGGAGTTCAAGACCATCCTGGCCAACGTGGCAAAACCCCATCTCTACTAAAAATACAAAAATTAGCCTGGCATGGTGGCGGGCGCCTGTAACCCCAGCTACTTGGGAGGCCGAGGCAGGAGAATGGCTTGAACGCGGGAGGCAGAGGTTGCAGTGAGCCGAGATCACACCATTGCACTCCAGCCTGGGCGACAGAGCGAGACTCCGTCTCAAAAAAAAA","GGCTGGACGCAGTGGCTGATGCCTGTAATCCCTGCACTTTGGGAGACTGAGGTGGGTGGGTCCCTGAGGTCAGGAGTTTGAGACCAGCCTGGCCAACGTGGCGAAACCCCGTCTTTACTAAAAATACAAACATTAGCCTGGCATGGTGGCGGGTGCCTTTAATCCCAGCTACTAGGGAGGCTGAGGCAGGAGAATTGCTTGAACACGGGAGGCGGAGGTTGCAGTGAGCAGAGATCGCACCACTGCACTCCAGCCTGGGTGACAGGGTGAGACTCCGTCTCAAAGAAAAGAA"
"chr1","1822436","1822667","chr9","61704066","61704306","44","59881630","GGTCGGGCCCAGTGGCTCACGCCTGTAATCCCAGCACTTTGGGAGGCCGAGGCGGGTGGATCACCTGAGGTCAGGAGTTTGAGACCACCCAGGGCAACAAGGTGAAACCCCATCTCTACTGAAAATACAAAAAATGAGCCAGGAATGGTGGCAGGCGCCTGTAGTCTCAGCTACTCCGGAGGCTGAGACAGGAGAATCTCTTGAAGCGGGGAGGCGGAGGTTGCAGTGAGCC","GGCCGGGCGCAGTGGCTCATGCCTGTAATCCCAGCACTTTGGGAGGCTGAGGTGAGTGGATCACTTGAGGTCAGAAGTTTGAGACCAGCCTGGCCACCATGGTGAAATCCCATCTCTACTAAAAATACAAAAATTAGCCAGGCGTGGTGGTGGGCACCTTTAATCTCAGCTATCCAGGAGGCTGAGGCAGGAGAATTGCTTGAACCCAGGAGGAGGAGGTTGTGGTGAGCTGAGATCATGC"
"chr1","1864417","1864728","chr5","73915732","73916043","36","72051315","GGCCGGGTGCGGGCGCTCATGTCTGTGATCTCAGCACTTTTGGAGGCCGAGGCGGGTGGATCCCTTGAGGTCCGGAGTTCGAGACCAGCCTGACCAACATGGTGAAACCCCGTCTCTACTAAAAATACAAAAATTAGCTGGGTGTGGTGGCAGGCACCTGTCATCCCAGCTACTCAGGAGGCTGAGGCAGGAGAATCGCTTAAACTCAGGAGGTGGAGGCTGCAGTGAGCCAAGATCATGCCACTGCACTCCAGCCTGGGTGACAGAGGAAGACTCTGTCTCAAAAAAATAAAAAGAAAAAAAAAAGAAGAA","GCCGGGTGCGGTGCTCGTGCCTGTAATGCCAGCACTGTGGGAGGCCAAGGCAGGTGGATCACCTGAGGTCAGGAGTTCGAGACCAGCCTGACCAACGTGGTGAAACCCTGTCTCTACTTAAAATACAAAAATTAGCCGGGCGTGGTGGCAGGCTCCTGGAATCCCAGCTACTTGGGAGGCTGAGGCAGGAGAATCACTTGAACCTGGGAGGTGGAGGTTGCAGTGAGCCAAGATCATGCCACTGCACTCCAGCCTGGGTGACAGAGGAAGACTCTGTCTCAAAAAAAAAAAAAAAAAAAAAAAAAAAGAAAA"
"chr1","1865905","1866201","chr8","101592110","101592406","27","99726205","GGCCGGGCGTGGTGGCTCATGCCTATAATCCCAGCACTTTGGGAGGCTGAGGCGGGTGGATCACCTGAGGTCAGGAGTTCGAGACCTGCCTGGCCAATATGGTAAAACCTCATCTCTACTAAAAATACAAAAATTAGCCGAGTGTGGTGGCGGGCACCTGTAATCCCAGCTACTTCGGAGGCTGAGGCAGAAGAATCACTTGAATCTGGGAGGCAGAGGTTGCAGTGAGCCGAGATCGTGCCATTGCACTCCAGCCTGGGTGATAGAGTGAGACTTCATCTCAAAAAAAACAAGAAA","GGCTGGGCGTGGTGGCTCATGCCTGTAATCCCAGCACTTTGGGAGGCCAAGGCGGGTGGATCACCTGAGGTCAGGAGTTCGAGACCAGCCTGGCCAACATGGCGAAACCTGGTCTCTACTAAAAATACAAAAATTAGCTGGGCATGGTGGCGGGCACCTGTAGTCCCAGCTACTTGGGAGGCTGGGGCAGAAGAATCACTTGAACCTGGGAGGCAGAGGTTGCAGTGAGCCGAGATCATGCCATTGTACTCCAGCCTGGGTGATGGAGCAAGAATCCATCTCAAAAAAAAAAAAAAA"
"chr1","1872141","1872445","chr8","52693668","52693972","37","50821527","GGCTGGGCGCGGTGGCTCACACCTGTAATCCCAACAATTTAGGAGGCCGAGGTGGACGGATCACTTGTGGTCAGGAGTTCGAGACCAGCTTCGCCAACATGGTGAAACCTCGTCTCTTCTAAATATACAAAAATTAGCGGGGCGTGGTGGCAGCTGCCTGTAATCCCAGCTACTCAGGAGGCTGAGGCAGGAGAATCGCTTGAACCCAGGAGGAGGAGGTTGCAGTGAGCCAAGATCGCACCACTGCACTCCAGCCTGGATGACAGAGTGAGACTCCGGCTCAAAAAAAAAAAAAAAAAAAAAGA","GGCCGGGCACGGTGGCTCATGCCTGTAATCCCAGCACTTTAGGAGGCCGAGGTGGGTGGATCATAAGGTCAGGAGTTCTAGACCAGCCTGGCCAACACGGTGAAACCCCATCTCTACTAAAAATACAAAAATTAGCCGGGCGTGGTGGCGGGCTCCTGTAATCCCAGCTACTCAGGAGGCTGAGGCAGGAGAATCACTTGAACCCGGGAGGCAGAGGTTGCAGTGAGCCAAGATTGCACCACTGCACTCCAGCCTGGGCGACAGAGCAAGAATCCGACTCAAAAAAAAAAAAAAAAAAAAGAGAA"
"chr1","1875652","1875960","chr6","30393310","30393612","39","28517658","GGCCGTGCGCAGTAGCTCACACCTGTAATCCCAGCACTTTGCAGGGCCAAGGTGGATGGATCACTTGAGGTCAGGAGATCGAGACCAACCTGACCAACATGGTAAAACCCCGTCTCTACTAAAAATACAAAAATTAGCTGGGCGTGGTGGTGGGCACCTGTAATCCCAGCTACTCGGGAGGCTGAGGCAGGAAAATCACTTGAACCCGGGAGGCGGAGGTTGCAGTGAGCCTAGATTGTACCACTGTACTCTAGCCTGGGCAACAGTGCAAAAACTCTGTCTCAAAAAAAAAAATTAAATCAAATAAAA","GGCCGGGCACAGTGGCTCATGCCTGTAATCCCAGCACTTTGGGAAGCAGAGGAAGGTGGATCACTTGAGCTCAGGAGTTTGAGACCAGCCTGGCCAACATGGTGAAACCCCGTCTCTACTAAAAATACAAAAATTAGCTGGGTGTGGTGGTGGGCACCTGTAATCCCAGTTACTTGGGAGGCTGAGGCAGGAGAATCTCTTGAACCTGGGAGGCGGAGGTTGCAGTGAGCCGAGATTGTACCACTGCACTCTAGCCTGGGTGACAGAGCAAGACTTTGTCTCAAAAAAAAAAAAAAAAAAAAA"
"chr1","1907730","1907957","chr9","61704066","61704306","48","59796336","GGCTGGGCGCGGTGGCTCAAGTCTGTAATCCCAACACTTTGGGAAGCTGAGGCGGGGGGATCACCTGAGGTCAGGAGTTCGAGACCAGCCTGGCCAACATAATGAAACACTGTATCTACTGAAAATACAAAAATTAGCTAGGTATGGTGGCAGGCACCTGTAATCCCAGCTACTCCAGAGGCTGAGGCACGAGAATCACTTGAACCCAGGAGGTGGAGGTTGCAGTGA","GGCCGGGCGCAGTGGCTCATGCCTGTAATCCCAGCACTTTGGGAGGCTGAGGTGAGTGGATCACTTGAGGTCAGAAGTTTGAGACCAGCCTGGCCACCATGGTGAAATCCCATCTCTACTAAAAATACAAAAATTAGCCAGGCGTGGTGGTGGGCACCTTTAATCTCAGCTATCCAGGAGGCTGAGGCAGGAGAATTGCTTGAACCCAGGAGGAGGAGGTTGTGGTGAGCTGAGATCATGC"
"chr1","1932866","1933172","chr20","51916057","51916364","38","49983191","GCCAGGCACGGCAGCTCACGCCTATAATCCCAGCATTTTGGGAGGCCGAGGTGGGTGGATCACTTGAGGTCAGGAGTTCAAGACTAACCTGGCCAACATGGTGAAACCCCCAACTCTACTAAAAATACAAAAACTAGCTGGACATGGTGGCAGGTGCCTGTAATCCCAGCTACTCAGGAGGCTGAGACAGGAGAATCATTTGAATCTGGGAGGCGGAGATTGCAGTGAGCCGTGATCGTGCCACTGCACTCCAACCTGGGCAACAGACCAAGACTCCAACTCAAAAAAAAAAAAAAAAAAAAAGAAA","GCCAGTCACGGTGACTCATGCCTGTAATCCCAGCACTTTGGGAGGCCAAGGTGGGTGGATCACCTGAGGTCAGGAGTTCGAGACCAGCCTGGCCAACATGGCAAAACTCCATCTCTACTAAAACTACAAAAATTAGCTGGACATGGTGGCAGGCACCTGTAATCCCAGCTACTCAGGAGGCTGAGGCAGGAGAATCACTTGAACATGGGAGGCGGAGGTTGCAGTGAGCTGAGATCGTGCCACTGCACTCCAGCCTGGGCAACAGAGTGAGACTCCATCTCAAAAAAGAAAAACAAAACAAAACAAAA"
"chr1","1952640","1952948","chr20","129475808","129476102","39","127523168","GGCCGGGCGCGGTGGCTCACGCCTGTAGTCCCAGCACTTTGGGAGACCGAAGCGGGCAGATCACTGGAGGTCAGGAGTTCGAGACCAGCCTGGCCAATGTGATGAAACCCCATCTCTACTAAAAATACAAAAATTAGCCGGGCATGCGTGGTGGCGGATGCCTGTAATTAATCCTAGCTACTCGGGAGGCTGAGGCACGAGAATCACTTGGACCTGGGAGGCGGAGGTTGCGGTGAGCCAAGATTGCACCACTGCACTCCAGCCTGGGCGAGAGAGCGAAACTCTGTCTCAAACAGCAACAACAAAAAA","GGCCGGGCGCGGTGGCTCACGCCTGTAATCCCAACACTTTGGGAGACTGAGGCAGGCAGATCACTTGAGGTCAGGAGTTCAAGACCAGCCTGGCCAACATGATGAAACCCTGTCTCTACTAAAAATACAAAAATTAGCCGGGCGTGGTGGCAGGTGCCTGTAATCCCAGCTACTCGGGAGGCTGAGGCACGAGAATCACTTGGACCTGGGAGGCAGAGGTTACAGTGAGCCAAGATGATGCTACTGCACTCCAGCCTGGGTGACAGAGCGAAACTGCCTCAAACAACAACAAAAA"
"chr1","1954634","1954925","chr20","129473990","129474286","33","127519356","GGAGGCTCACACCTGTAATCCCAGCACTTAGGGAGGCTGAGGCAAGAGGATCGCTTGAGGCCAGGAGTTCAAGATCAGCCTGGGCAAAATGGAGAAATCCTGTCTCTATCAAAACACAAAAATTAGCTGGGCGTGGGGCCAGGAGCCTGTAGTCCCAGCTACTTGGGAGGCTGAGGTGGGAGAATCACCTAAACCTGGGAGGCAGAGGTTGCAGTGAGCCGAGATTGCACCACTGCACTCCAGCCTGGGCGACAGAGCAAGACTCTGTCTCAATTTAAAAAAAAAAAAAAAA","GGCCAGGCATGGAGGCTGACAACTGTAATCCCAGCACGTAGGGAGGCTGAGGCAGGAGGATCGCTTGAGGCCAGGAGTTCAAGATCAGCTGGGCAAAATGGATAAACCCTGTCTCTATCAAAATACAAAAATTAGCCAGGCATGGTGGTGGGAGCCTGTAGTCCCAGCTACGTGGGAGGCTGAGGTGGGAGAATCACTTAAACCTGGGAGGCGGAGGTTGCAGTGAGCCGAGATTGCACCACTGCACTCCAGCCTGGGTGACAGAGCAAGACTCCGTCTCAATTTAAAAAAAAAAAA"
"chr1","1955652","1955955","chr20","129473036","129473331","37","127517384","GGCCGGGCGCAACAGCTCACACCTATAATCTCTCAGCACTTTGGGAGGCCCAGGTGGGTGGATCCCTTGAGGTCAGGAGTTCGAGACCAGCCTGGCCAACATGGTGACACCCCGTCTCTACTAAAAACACAAAAATTAGCCGGGTGTGGTGGTGGGTGCCTGTAATCCCAGCTACTCAGGAGGCTGAGGTGGGATAATCAATTGAACCCGGGAGGCAGTGGTTACAGTGAGCTGAGATTGCACCACTGCACTCCAGCCTGGGTGACAGAGCAAGATTCTGTCTCAAAAAAAATAAATAAAAGAA","GGCCGGGCGCAAGGGCTCACGCCTGTAATCCCAGCACTTTGGGAGGCCGAGGCGGGTGTATCCCTTGAGGTTAGGAGTTCAAGACCAGCCTGGCCAACATGGTGAAACCCCGACTCTACTAAAAACACAAAAATTAGGCGGGTGTGGTGGTGGGTACCTGTAATCCTAGCTACTCAGGAGGCTGAGGTGGGAGAATCAACTGAACCCGGGAGGCCGCGGTTATAGTGAGCTAAGATTTTGTCACTGCACTCCAGCCTCGGTGAAACAGCAAGACTCCGTCTCAAAAAAAAAAAAAA"
"chr1","1974284","1974580","chr20","129454144","129454441","28","127479860","GGCCAGGAGTGGCAGCTCATGCCTGTAATCCCAGCACTTTGGGAGGCTGAGGTGGGTGGACCACTTGAGGTCAGGAGTTTGAGACCGGCCTGGCCAACATGGTGAAACCCCGTCTCTACTAAAAATACAAAAATTAGCTGCGCATAGTGGCAGGTGCCTGTAATCCCAGCTACTCGGGAGGCCGAGGCAAGAGAATCGCTTGAATCCGGGAGGCGAAGGTTGCAGTGAGCTGAGATCACGCCACTGCACTCCAGCCCGGGCAAAAGAGTGAGACTGTCTCAAAAAATAAATAAATAA","GGCCAGGAGTGGCAGCTCGCGCCTGTAATCCCAGCACTTTGGGAGGCTGAGGTGGTAGGACCACTTGAGGTCAGGAGTTTGAGACCACCCTGGCCAACGTGGTGAAACCCCATCTCTACTAAAAATACAAAAATTAGCCGGGTGTGGTGGCGGGCACCTGCAATCCCAGCCACTGGGGAGGCCGAGGCAAGAGAATCGCTTGAACCCAGAAGGCGAAGGTTGCAGTGAGCTGAGATCGCGCCACCGCACTCCAGCCTGGGCGACAGAGTGAGACTGTCTCAAAAAATAAATAAATAAA"
"chr1","1981918","1982223","chr26","2668803","2669103","36","686885","GGCCGGGCGCGGTGGCTCAAGCCTGTAATCCCAGCACTTTGGGAGGCCAAGGCAGGCGGATCACCTGAGGTCAGGAGTTCGAGACCAGCCTGGCCAACACGGTGAAACCCCGCCTCTACCAAATATACAAAAAAAATAGTCAGACATGGTGGCGAGCTCCTGTAGTTCCAGCTATTTGGGAGGCTGAGGCAGGAAAATCCCTTGAACCCAGGAGGTGGAGGTTACAGTGAGCCGAGATCACGCCACTGCACTCCAGCCTGGGTGACAACAGCAAGACTCTGTCTCAAAAAAAAAAAAAAAAAACAA","GGCCGGGCGCCGTAGCTCATGCCTGTAATCCCAGCACTTTGGGAGGCCGAGGCAGGCGGATCACCTGAGGTCAGGAGTTCGTGACCAACCTGGCCAACATGGTGAAACTCCGTCTTTACTAAAAATACAAAAATTAGCCAGGCATGGTGACGGGTGCCTGTAATCCCAGCTACTTGGGAGGCTGAGGCAGGAGAATCACTTGAACCCGGGAGGCGGAAGTTGCAGTGAGCCGAGATCACGCCACTGCACTCCAGCCTGGTGACAGAGTGAGACTCTGTCTCAAAAAAAAAAAAAAAAAAAA"
"chr1","2008998","2009301","chr15","41560987","41561288","39","39551989","GGCCGGGCGCGGTAGCTCACGCATGTAATCCCAGCACTTTGGGAGGCCGAGGCAGGCGGATTGCCTGAGGTCAGGAGTTCGAGACCAGCCTGGTCAATAGAGTGAAACCCTGTCTCTACTAAAAATACAACAAAAATTTAGCCGGGCGTGGTGGTGGGTGCCTGTAATCCCAGCTACTCTGTAGGCTGAGGCAGGGGAATGGCTTGAACCAGGGAGCTGGAGGTTTCAGTGAGCTGAGAACATGCCACTGTACTCCAGCTTGGGTGACAGAGTGAGATTCCATCTCAAAAAAAAAGAAAGAAAA","GGCCAGGCACGGTGGCTCACGCCTATAATCCCAGCACTTTGGGAGGCTGAGGTGGGTGAATTGCCTGAGGTCAGGAGTTTGAGACCAGTCTGGCCAACATGGTGAAACCCTGCCTCTACTAAAAATACAAAAAAATTAGCTAGGCATGGTGGCAGGTGCCTGTAATCCCAGCTACTCAGGAGGCTGAGGCAGGGGAATTGCTTGAACCAGGGAGATGGAGGTTGCAGTGAGCTGAGATCATACCACTGCACTCCAGCCTGGGCGACAGAGTGAGACTCCCTCTCAAAAAAAAAAAAAAAGAA"
"chr1","2009314","2009588","chr14","12194537","12194813","38","10185223","GGCGAGGTGCAGTAGCTCACACCTGTAATCCCAGCACTTTGGGAGGCTGGAGCAGGCAGATCACCTGAGGTCAGGGGTTCAAGACGAGCCTGGCCAACATGGCGAAACTTTGTCTCTACTAAAAATAAAAAATCAGCCGGATGTGGTGGCAGGTGCCTATAATCCCAGCTACTCAGGAGGCTGAGACAGGAGAATCGCTTGAACCCAGGAGGCGGAGGCTGCAGTGAGCCAAGATCGTACCACTGCACTCCAGCCTGGGGAACAGAGCGAGGCTC","GCTGAACATAGTAGCTCACACCTGTAATCCCAGCACTTTGGGAGGCCAAGGCAGGCAGATCACTTGAGGTCAGGAGTTCAAGACCAGCCTGGCCAACATGGTGAAACCCTGTCTCTATTAAAAATACAAAAATTAGCTGGATGTGGTGGCGGGTGCCTCTAATCCCAGCTACTCAGGAAGCTGAGGCAGGAGAATCACTTGAACCCAAGAGGCAGAGGTTACAGTGAGCCAAGATTGTACCTCTGTACTCCAGCCTGGGCAACAGAGTGAGACTCTG"
"chr1","2025512","2025811","chr20","129397746","129398064","53","127372234","GGCGGGGCTCAGTCACTCATGCCTGTAATCCCAACACTTTGGGAGGCTGCAGAGGGCAGATGGCTTGAGGTCAGGAGTTCGAGACCCGCCTGGCCAACAAAGAGTACTAAAAATACAAAAATTAGCCAGGTGTGGTGGCAGGTGCTTGTAATCCCAGCTACTCAGGAGGCTGAGGCAGGAGAATTGTTTAACCCAGGAGGTGGTGACTGCAGTGAGCCAAGATGTTGCCACTGCACTCCAGCCTGGGTAATAGAGCGAGACTCCATCTCAAAAACAAGAAAAGCACATTTAAAAAGAAAA","GGCTGGGCACTGTGGCTCACGCCTGTAATCCCAGCCCTTTGGGAGACTGCAGAGGGCTGATGGCTTGAGGTCAGGAGTTCAAGACCTGCCTGGCTAACACAGTGAAACCTCTGTTGCTACTAAAAATACAAAAATTAGCCAGGTATGGTGGCAGGTGCCTGTAATCCCAGCTACTTGGGAGGCTGAGGCAGGAGAATCACGTGAAGCCAGGAGGCGGTGACTGCAGTGAGCCGAGATGGTGCCACTGCACTCTAGCCTGGGTGATAGAGTGAGACTCCATCTCAGAAACAAGAAGAACACATTAAAAAAAAAAAAAAAA"
"chr1","2030510","2030814","chr1","103586917","103587220","42","101556407","GGCCAGGCCCAGTGGCTTACACCTGTAATCCCAGCACTTTGGGAGGCCCAGGCAGGTGGATCACTTGAGGTTGGGAGTTTGAGACCAGCCTGGCCAACAGGGTGAAACCCCGTCTCTACTGAAAATACAAAGATTAGCTGGGTGTGGTGGCAGGGGCCTGTATTCCCAGCTACTCGGGGGGTTGAGGCATGAGAATTCCTTGAACCCAGGGGGCGGAGGTTGCAGTGAGCCAAGATTGCGCCACTGCACTCCGGCCTGGGTGACAGAGCAAGACCCCTTCTCAAAGAAAAGAAAAGAAAAGAAAA","GGCCGGGCACAGTGGCTCATGCCTGTAATCCCAGCACTTTGGGAGGCTGAGGCGGGTGGATCACCTGAGGTCAGGAGTTCGAGACCAGCCTGGCCAACATGGTGAAACCCCATCTCTACTAAAAATACAAAAATTAGCTGGGTGTGGTGGCGGGCGCCTGTAATCCCAGCTACTCAGCAGGCTGAGGCAGGAAAATCATCGCTTGAACCCAGGAGGCGGAGGTTGCAGTGAGCCAAGATCACGCCACTGTACTCCAGCCTGGGTGAACAGAGCAAAACTCCGTCTCAAAAAAAAAAAAAAAAAA"
"chr1","2058491","2058801","chr25","27069351","27069659","29","25010860","GGCCGGGCGCGGTAGCTCACGCCTGTAATCCCAGAACTTTGGGAGGCTGAGGCAGGTGGATCACCTGAGGTCAGGAGTTCAAGACCAGCCTGGCAAACATGGTGAAACCCCGTCTCTACTAAAAATACAAAAATTAGCCGGGCGTGGGGCAGGTGCCTGTAATCCCAGCTACTGGGGAGGCTGAGGCAGGAGAATCGCTTAAACCCGGGAGGTGGAGGTTGCAGTGAGCCGAGATCTCACCACTGCACTCCAGCCTGGGCTACAGAGCAATACTCTGTCTCAAAAAAAAAAAAAAAAGAAAGAAAAAAAAA","GCTGGGCACAGTGGCTCACGCCTGTAATCCCAGAACTTTGGGAGGCTGAGGCGGGTGGATCACCTGAGGTCAGGAGTTCAAGACCAGCCTGGTCAACACGGTGAAACCCCGTCTCTACTAAAAATACAAAAATTAGCTGGGCGTGGTGGCGGGTGGCTGTAATCCCAGCTACTCCGGAGGCTGAGGCAGGAGAATCGCTTGAACCCGGGAGGCAGAGGTTGCAGTGAGCCGAGATTGCTCCATTGCACTCCAGCCTGGGTGACAGAGCAAGACTGTCTCAAAAAAAAAAAAAAAGAAAGAAAGAAAAAA"
"chr1","2071138","2071446","chr20","129352016","129352328","37","127280878","CCGGGCGCAGTGTCTCACGCCTGCAATCCCAGCACTTTGGGAGGCCGAGGCGGGCAGATCACTTGAGGTCAGGAGTTCTAGACCAGCCTGGCCAACATAGTGAAACCCCGTCTCTACTAAAAAATACAAAAATTAGCTGGGTGTGATGACAGGCACCTGTAGTCTCAGCTACTCGGGAGGCTGAGGCAGGAGAATCGCTTGAACCCAGAAGGCAGAGGTTGCAGTGAGCCAAGATTGTGCCATTTTACTCCAGCCTGGGCAACAGAGCAAGACTCCGTCTCAAAAAAAGAGAGAGAAAGAAAAGGAAAA","GGCCAGGTGCAATATCTCACGCCTGCAATCCCAGCACTTTGGGAAGCCGAGGCGGGCAGACCACTTGAGGTCAGGAGTTCAAGACCAGCCTGGCCAACATAGTGAAACCCCGTCTCTACTAAAAACTACAAAAATTAGCCGGGTGTGATGATGGGTGCCTGTAGTCTCAGTTACTTGGGAAGCTGAGGCAGGAGAATCGCTTGAACCCGGAAGGCAGAGGTTGCAGTAAGCTGAGATTGAGCCACTGCACTCCAGCCTGGGCAACAGAGCAAGACGCCATCTCAAAAAAAAAAAAAAGAGAGAGAGAAAGAAA"
"chr1","2091573","2091879","chr20","129332239","129332542","35","127240666","GGCCAGGCGAGGTGGCTCACACCTGTAATCCCAGCACTTTGGGAGGCCGAGGCAGGTGGATCACCTGAGGTCAGGCGTTTGAGACCAACCTGGCCAACATGTCAAAACCCCATCTCTACTAAAAAAATACAAAAATTAGCTGGGCATGATGACGGGTGCTTGTAATCCCAGCTACTCAGGAGGCTGAGGCAGGAGAATCGCTTGAACCCGACAGGCAGAGTTTACACAGAGCCGAGATTGCGCCACTGCACTCCAGCCTGGGTGACACAACAAGACTCTGTCTCAAAAAAAAAAAAAAAAAAAAAAA","GGCCGGGTGTGGTGGTTCACACCTGTAATCCCAGCACTTTGGGAGGCTGAGGCAGGTGGATCACCTGAGGTCTGGAGTTTGAGACCAACCTGGCCAACATGGCGAAACCCCATCTCTACTAAAAAAAAATACAAAAATTAGCCGGGCATGTTGGCGGGCGCTTGTAATCTCAGCTGCTCAGGAGGCTGAGGCAGGAGAATCACTTGAACCCGAGAGACAGAGTTTGCAGAGAGCCAAGATCATGCCACTGCACTCCAGCCTGGGTAACAGAACAAGAGTCTGTCCCAAAAAAAAAAAAAAAAAA"
"chr1","2121853","2122148","chrX","60005704","60005996","34","57883851","GGCCAGGTGCGATGGCTCATGCCTGTAATCCCAGCACTTTGGGAGGCCAAGGCGGCTGCATCACTTGAGGTCAGGAGTTCGAGACTAGCTTGGCCAACATGGTGAAACCCCGTCTCTACTAAAAATACAAATATTAGCCGGGCGTGGTGGGCGGGCGCCTGTAATCCCAGCTATTCGGGAGGCTGAGGCAGGAGAATCACTTGAATCCAGGAGGTGGAGGTTGCAGTGAGCCAAGATCACACCACTGCACTCCAGCCTGGGAGACAGAGTGACACTGTATCAAAAAAAAAAAAAAA","GGCCAGGTACAGTGGCTCACACCTGTAATCCCAGCACTTTGGGAGGCCAAGGCAGGCAGATCACTTGAGGTCAGGAGTTCGAGACCAGCGTGGCCAACGTGGTGAAACCCCATCTCTACTAAAAATACAAAAATTAGCCAAGTGTGGTGGCAGGCACCTGTAACCCCAGCTACTCGGGACACTGAGGCAGGAGTATCACTTGAACCCAGAAGGTGGAGGTTGCAGTGAGCCAAGATCACACCACTGCACTCCAGCCTGGGAGACAGAGTAAGACTGTCTCAACAACAACAAAA"
"chr1","2136159","2136462","chr6","30393310","30393612","37","28257151","GGCCAAACACAGTGGCACATGCCTGTAATCCCAGCACTTTGGGAGGCCGAGGCAGACAGATCACTTGAGGTCAGGAGTTCGGGACCAGCCTGGCCAACATGGTGAAACCCCGTCTCTACTGAAAATACAAAAAACTAGCTGGGTGTGGCGGTGGACACCTGTTATCCCAGCAACTTAGGAGGCTGAGGCAGGAGAATCATTTGAACCTGGGAGGCGGGGGTTACAGTGAGCCGAGATAGCGCCCTTGCACTCCAGCCTGGGTGCAGAGCAAGACTCGGTCTCAAAAACAAAAAAAAAAAACAAA","GGCCGGGCACAGTGGCTCATGCCTGTAATCCCAGCACTTTGGGAAGCAGAGGAAGGTGGATCACTTGAGCTCAGGAGTTTGAGACCAGCCTGGCCAACATGGTGAAACCCCGTCTCTACTAAAAATACAAAAATTAGCTGGGTGTGGTGGTGGGCACCTGTAATCCCAGTTACTTGGGAGGCTGAGGCAGGAGAATCTCTTGAACCTGGGAGGCGGAGGTTGCAGTGAGCCGAGATTGTACCACTGCACTCTAGCCTGGGTGACAGAGCAAGACTTTGTCTCAAAAAAAAAAAAAAAAAAAAA"
"chr1","2138180","2138490","chr6","7583070","7583380","38","5444890","GTCGGGCGCCGTGGCTCACTCCTGTAATCCCAGCACTTTGGCAGGCCAAGGCAGGTGGATCACCTGAGATCAGGAGTTCGAGACCAGCCTGGCCAACACGGAGAAACCCCGTCTCTACTAAAAATACAAAAAATTAGCCAGGCGTGGTGGCGGGTGCCTGTAATCCCAGGTACGCGGGAGGCTGAGGCATGAGAATAGCTTGAACCCGGAGGCAGAGGTTGCAGTGAGCTGAGATCGTCCCACTGCACTTCAGCCTGGGTGACAGAGTGAGATTCTGTCTCAAAAAAACAAAGGAAAGAAAGAAAAAAAGA","GGCCGGGTGCGGTGGCTCACGCCTGTAGTCCCAGCACTTTGGGAGGCCAAGGGAGGTGGATCACCTGAGGTCAGGAGTTCAAGACCAGCCTGGCCAACATGGAGAAACCCCATCTCTACTAAAAATACAAAAATTAGCCAGGCGTGGTGGCGGGCACCTGTAATCCCAGCTACTTGGGAGGCTGAGGCAGGAGGATCTCTTGAACCTGGGAGGCAGAGGTTGCAGTGAGCTGAGATTGTGCCACTGCACTCCAGCCTGGGTAACAGAGCCAGACTCTGTCTCAAAAAAAAAAAAAAAAAAAGAGAGAGAGA"
"chr1","2153919","2154233","chr1","46667200","46667505","51","44513281","GGCTGGGTGTGGTGGCTCACGCCTGTAATCCCAGCACTTTTGGGAGGCCGAGGCAGGCGGCTCATGAGGTCAGGAGTTAAAGACTAGCCTGGCTGATATGGTGAAACCACGTCTCTACTAAAAAAAAAAAAAAAAAAAAAAAATACAAAAATTAGCCGGCATTGTGGCAGGTGCCTGTAGTCCCCAGCTACTTGGGAGGGCGAGGCAGGAGAATCGCTTGAACCCGGGAGGCAGAGGTTGCAGTGAGCTGAGATGGCACCACTGCACTCCAGCCTGAGTGACAGAGCAAGAGTCTGTCTCAAAAAAAAAAAAAAA","GGCTAGGCACGGTGGCTCACACTTGTAATCCCAGCACTTTGGGAGGCCAAGGCAGCAGATCATCTGAGGTCAGGAGTTCAAGACCAGCCTGACCGACATAGTGAAACCCCGTCTCTACTAAAAATACAAAAAAAAAAAAAAAATTAACTGGGCATGGTGGTGGGTGCCTGTAGTCCCAGCTACTTGGGAGGATGAAGCAGGAGAATCACTTGAACCCGGGAGGTGGAGGTTGCAGTGAGCTGAGATTGCACCACTGCTCTCCAGCCTGGGCCACACAGCGAGACTCTGTTAAAAAAAAAAAAAAAA"
"chr1","2159702","2159997","chr23","22208898","22209200","45","20049196","GGTCGGGTGCACTGGCTCACTCCTGTCATTCCAGTGCTTTGGGAGGACAAGGTGGGCAGATCACTTGAGCCCAGGAGACCAGCCTGGGCAACATGGAGAAACCCCATCTCTACAAAAATACAAAAATTAGCTGGGNTGTGGTGGTGGATGCCTGTAGTCCCAGCTACTCGGGAGGCTGAGGCAGGGGAATGGCGTGAACCCGGGAGGCAGAGCTTGCAGTGAGCCGAGATCGTGCCACTGTGCTCCAGCCTGGGCAACAGAGTGAGACTCAGTTTAAAAAAAAAAAAAAAAAAAAA","GCCGGGCGCGGTGGCTCACACCTGTAATCCCAGCACTTTCGGAGGCCAAGGCGGGCAGATCACCTGAGGTCAGGAGTTCGAGACCAGCCTCAACATGGCGAAACCCCATCTCTACTAAAAATACAAAAAAAATTAGCTGGGTGTGGTGGTGGGCGCCTGTAGTCCCAGCTACTCGGGAGGCTGAGGCAGGAGAATGGCGTGAACCCGGGAGGCGGAGCTTGCAGTGAGCCGAGATCGTGCCACTGCACTCCAGCCTGAGCGACAGAGCAAGACTCCGTCTAAAAAAAAGAAAACAAAACAAAA"
"chr1","2224412","2224716","chr5","26410686","26410992","41","24186274","GGGTGCGGTGGCTCACGCCTGTAATCCCAGCACTTTGGGAGGTCAAGGCGGGTGGATCACCTGAGGTCAGGAAATCAAGACCAGCCTGGGCAACATGGCAAAACCCCATCCCTACTAAAAATACAAAAATTAGCCAGGTGTGGTGGCGGGCGCCTGTAATCCCAGCTACTCAGGAGGCTGAGGCAGAAGCTTGAACCAGGGAGTCGGAGGTTGCAGTGAGCTGAGAACACACCACGGCACTCCATCCTGGGCGACAGAGCGAGACTTTGTCTCAAAAAATAAAAGAAATATAAAATCAAAATAAA","GGCCAGGCATGGTGGCTTAAGCCTGTAATCCCAGCACTTTGGGAGGCCGAGGCGGGTGATCACCTGAGGTCAGGAGTTCAAGACCAGCCTGGCCAACATGGCAAAACCCCATCTCTACTAAAAATACAAAAATTAGCCAGGTGTGGTGGCGGGTGCCTGTAGTCCCAGCTACTCAGGAGGCTGAGGCAGGAGAATCACTTGAACCCAGGAGGCGGAGGTTGCAGTGAGCTGAGATTACACAACTGCACTCCAGCCTGGGTGACAGAGCGAGACTCCGTCTCAAAAAAAAAAAAAAAAAAAAAAAAAA"
"chr1","2241665","2241904","chr6","38726815","38727053","26","36485150","CACCTGAGGTCAGGAGTTTGAGACCAACCTGGCCTACATGGCAAAACCCTGTCTCTACTAAAAATCCAAAAAAAATTAGCTGGGCATGGTGGCGGGCGCCTGTAATCCCAGCTACTCGGGAGGCTGAGGCAGGAGAATTGCTTGAACCTGGGAGGCAGAGGTTGCAGTGAGCCGAGATCGCGCCATTGCACTCCAGCCTGGGTGACAGAGCAGAACTCCATCTCAAAAAAAAAACTAAAA","CACTTGAGGTCAGGAGTTCAAGACCAGCCTGGCCAACATGGTGAAACCCCATCTCTACTAAAAACACAAAAATTAACTGGGCGTGGTGGCGGGCGCCTGTAATCCCAGCTACTCGGGAGGCTGAGGCAGGAGAATTGCTTGAACCCGGGAGGCGGAGGTTGCAGTGAGTCGAGATCGCGCCATTGCACTCCAGCCTGGGTGACAGAGCGACACTCTGTCTCAAAAAAATAAATAAATAA"
"chr1","2245815","2246099","chr17","1665366","1665649","38","580449","GGCCAGGCACGGTGGCTCACGCCTGTAATCCCAGCACTTTGAGAGGCCAAGGCAGGCGGATCACCTGAGGTCAGGAGTTCAAGACCAGCCTGGCCAACGTGGCAAAACCCTGTCACTACTAAAAAATACAAAAACTAGCTGGGCATAGTGGCAGGTGCCTGTAGTCCCAGCTACTTGAGAGGCTGAGGCAGGGAGAATTTCTTGAACCCAGGAGGCAGACAGAGGTTGCAGTGAGCCGAGATCATGCCACTGCACCCCAGAGCAAGACTCCATCTCAAAAAAAAA","GGCCAGGCATGGTGGCTCATGCCTGTAATCCCAGCACTTTGGGAGGCCAAGGCAGGTGGATCGCTTGAGGTCAGGAGTTCGAGACCAGCCTGGCCAACATGGTGAAACCCTGTCTCTACTAAAAATACAAAAATTAGCCAGGCATGGTGGTGGGTGCCTGTAATCCCAGCTACTCAGGAGGCTGAGGCAGGAGAATTGCTTGAATCCGGGAGGCGGAGGTTGCGGTGAGCCGAGATCATGCCATTGCACTCCTGACAGAGTAAGACTCCATCTCAAAAAAAAAA"
"chr1","2301677","2301982","chr20","129141584","129141890","34","126839907","GGCCAGGCGCAGTGGCTCACGCCTGTAATCCCAGCACTTTGGGAGGCTGAAGGAGGAGGATCACCTGAGGCCAGGAGTTTGAGACCGTCCTGGCCAACATGGAAACCATGTCTCTACTAAAAATACAAAAATTAGCCGGGCATGGTGGCAGGTGCCTGTAATCTTAGCTACTCGGGAGGCTGAGGCAGGAGAATCGTTTGAACCCAGGAGGTGGAAGTTGCAGTGAGCCGAGATCGCGCCAGTGCACTCCAGCCTGGAGGACAGTGCAAGACTCCACCTCAAAAAACAAACAAACAAACAAACAAA","GGCTGGATACAGTGGCTCACGCCTGTAATCCCAGCACTTTGGAAGGCTGAGGCAGGAGGATCACCTGAGGCCAGGACTTTGAGACCATCCTGGCCAACATGGAAACCATGTCTCTACTAAAAATACAAAAATTAGCCGGGCGAGGTGGCAGGTGCCTGTAATCTTAGCTACTTGGGAAGCTGAGGCAGGAGAATGGCGTGAATCTGGGAGGCGGAGCTTGCAGTGAGCCGAGATCGTGCCACTGCACTCCAGCCTGGGCGACAGAGTGAGACTCCATCTCAAAAAACAAACAAACCAACCAAAAAAA"
"chr1","2328591","2328881","chr19","27030398","27030683","36","24701807","GGCCAGTCACTGTGGCTCATGCCTGTAATCCCAGCACTTTGGGAGGCTGAGGTGGGTGGATCACCTGAGATTAGGAGTTCGAGACCAGCCTGGGCAACATGGTGAAACCCTGTCTCTACTCAAAATACAAAAATTTATCTGTGTGTGGTGGCAAGCACCTGCAATCCCAGCTACTTGGGAGGCTGAGGCAGGAGAATCGCTTGAACCTGGGAGGTGGCAGAAGTTGCAGTGAGCTGAGATGGTGCCACTGCACTCCAGCCTGGGTGACATAGTGAGACGCTGTCTCAACAA","GCCAGGCGCTGCGGCTCACGTCTGTAATCCCAGCACTTTGGGAGGCTGAGGTGAGTGGATCACCTGAGGTCAGGAGTTCAAGACCAGCCTGGCCAACCTGGTGAAACCCTGTCTCTACTAAAAATACAAAAATTAGCCAGGTGTGGTGGTGGGCACCTGTAATCCCAGCTACTCGGGAGGGTGAGGCAGGAGAATCGCTTGAACCCGAGAGGGGGAGGTTGCAGTGAGCTGAGATCGTGCCATTGCATTCCAGCCTGGGTGACAGAGTGAGACTCTGTCTCAATAA"
"chr1","2433032","2433258","chr11","124263168","124263380","55","121830136","GGCCGAGCATGGTGGCTCACGCCTGTAATCCCAGCACTTTGGGAGGTGGAGGCGTGCGGATCATCTGAGATCAGGAGTTTGAGACCATCCTGAGTAACATGGTGAAACCCCGTCTCTAGGAAGAATACAAAAATTAACTGGGCATGGTGTCAGGTGCCTTGTAATCCCAGCTACTCGGGAGGCTGAGGCGGGAGAATCGCTTGAACCTGGGTGGCAGAGGTTGCAGT","CCAGGTGTGGTGACTCACGCCTGTAATCCCTGCACTTTGGGAGGCCCGAGGCAGGTGGATCACTTGAGGTCAGGAGTTCGAGACCAGCCTGGCCAACATGGTGAAACCCCCATCTCTATTAAAACTACAAAAATTAGCCAGGCATGATGGTGGGTGCCTGTAATTCCAGCTACTTGGGAGGCTGAGGCAGGAGAATCACTTTAACCAGCAGGT"
"chr1","2449334","2449629","chr5","71206043","71206343","38","68756709","GGCAGGGCGAGGTGGCTCACGCCTGTAATCCCCACACTTTGGGAGGCCGAAGCGGGCAGATCATTTGAAGTCAGAAGTTTGAGACCAGCCTGGCCAACATGGTGAAACCCGGCCTCTACTAAAAATACAAAAACTAGCTGGGCATGGTGGCGGGTGCCTGTAATCCCAGCTACTCGGGAGGCTGAGGCAGGAGAATCGCTAGAACCCAGGAGGCAGAGGTTGCAGTGAGCTGAGATCCCACCACCGCATTCCAGCCTGGGCAAGTGAGCGAGACTCCATCTCAAAAAATAAAAGAA","GGCCGGGCGCGGTGGCTCACGCCTGTAATCCCAACACTTCGGGAGGCCGAGGCAGGCGGATCACCTGAGGTCGGGAGTTTGAGACCATTCTGACCAACATGGTGAAACCCCGTCTCTACTAAAAATACAAAAATTAGCCGGGCATGGTGGCGGGCACGTGTAATCCCAGCTACTCGGGAGGCTGAGGCAATAGAATCGCTTGAACCCAGGAGGCAGAGGTTGCAGTGAGCCGAGATCCCGCCACTGCACTCCAGCCTGGGCAACAGAGCAAGACTCCATCTCAAAGAAAAAAAAAAAAGAA"
"chr1","2461757","2462048","chr9","96420210","96420502","35","93958453","GGCCAGGCATGGTGGCTCACGCCTGTAATCCCAGCACTTTGGAAGGCGGAGGTGTGCGGATCATCTGAGATCAGGAGTTTGAGACCATCCTGAGTAACATGGTGAAACCCCATCTCTATGAAAAATACAAAAATTAACTGGGTGTGGTGTTGGGCACCTGTAATCCCAGCTACTTGGGAGACTGAGGCAGGAGAATCACTTGAACCTGGGAGGCAGAGGTTGCAGTGAGCTGAGACCGCGCCACTGCACTCCAGACTGGGCGATGAGCAAAACTCCATCTAAAAAAAAAAAA","GGCCGGGCATGGTGGCTCACACCTGTAATCCCAGCACTTTGGAAGGCTGAGGTGGGCAGATCACCTGAGGTCAGGAGTTTGAGACCAGCCTGGACAACATAACAAAACCCCATCTCTACTAAAAAATACAAAAATGAGCTGGGTGTGGTGGCAGACACCTGTAATCCCAGCTGCTCGGGAGGCTGAGGCAGGAGAATCACTTGAATCTGGGAGGCAGAGGTTGCAATGAGCTGAGATTGCGCCACTGCACTCCAGCCTTGGCGATGAGCGAAAGTCCATCTCAAAAAAAAAAA"
"chr1","2463849","2464144","chrX_KE148108v1_random","1144851","1145146","26","1318998","GGCCGGGCACGGTGGCTCATGCCTGTAATCCCAGCACTTTGGGAGGCCAAGGTGTGTGGATCACCTGAGGTCAGGAGTTCAAGACCAGCCTGGCCAACATGGTGAAACCCCGTCTCTACTAAAAATACAAAATTAGCGGGGCATGGTGGCAGGTGCCTGTAGTCCCAGCTACTCGGGAGGCTGAGGCAAGAGAATGCCTTGAACCCGGGAGGCAGAGGTTGCAATGAGCCAAGATCTCGCCACTGCACTCCAGCCTGGGCGACAGAGCAGGACTCTGTCTCAAAAAAAAAAAAAAA","GGCCGGGCGCGATGGCTCATGCCTGTAATCCCAGCACTTTGGGGGGCCAAGGCGGGTGGATCATGAGGTCAGGAGTTCAAGACCAGCCTGGCCAACATGGTGAAACCCCATCTCTACTAAAAATACAAAAATTGGCTGGGCATGGTGGCAGATGCCTGTAGTCCCAGCTATTCGGGAGGCTGAGGCAGGAGAATGGCGTGAACCCAGGAGGCAGAGGTTGCAGTGAGCCGGGATCACGCCACTGCACTCCAGGCTGGGCGACAGAGTGAGACTCTGTCTCAAAAAAAAAAAAAAAA"
"chr1","2505793","2506104","chr20","128931910","128932217","25","126426117","GGCCAGGTGTGGTGGCTCATGCCTGTAATCCTAGCACTTTGGGAGGCCAAGGTGGGCAGATCACTTGAGGTCAGGAGTTTGAGACCAGCCTGGCCAACATGGTGAAACCCCGTCTCTACTAAAATTACAAAAATTAGCCAGGCATGGTGGTGGACACCTGTAATCCCAGCTTCTCAGGAGGCTGAGGCATGAGAATCACTTGAATCCAGGAGGCAGAGGTTGCATGGATCCGAGATCGCGCCACTGCATTCCAGCCTGGGCGACAGAGTGAGACTCTATCAAAAAAAAAAAAAAAAAAAAAAAAAAAAAAAA","GGCTAGGTGTGGTGGCTCATGCCTATACTCCTAGCACTTTGGGAGGCCAAGGCGGGCAGATCACTTGAGGTCAGGAGTTTGAGACCAGCCTGGCCAACATGGTGAAACCCCATCTCTACTAAAAGTACAAAAATTAGCCAGGCGTGGTGGTGGGCGCCTATAATCCCAGCTTCTCAGGAGGCTGAGGCATGAGAATCACTTGAATTCAGGAGACAGACGTTGCAGTGATCTGAGATTGTGCCACTGCACTCCAGCCTGGGCGACAGAGTGAGACTCTATCAAAAAAAAAAAAAAAAAAAAAGCAAAAA"
"chr1","2509401","2509694","chr14","59457433","59457727","39","56948032","GGCCGGGCGCGGTGGCTCACGTCTGCAATCTCAGCACTTTGGGAAGCCAAGGCGGGTGGATCACCTGAGGTCAGGAGTTTGAGACCAGCCTGGCCAACATGGCAAAATCCCATCTCTACTAAAAATACAAAAATTATTTGGGCGTGGTGGTGGTCACCAGTAATCCCAGCTACTTGGGAGGCTGAGGCAGGAGAATCGCTTGAATCTGGGGGCGAAGGTTGCAGTGAGCCAAAATAGTGTCACTTCGCTCCAGCCTGGGTGAAAGAGTGAAACTCTGTCTCAAAAAAAAAAAAA","GGTTGGGCGTGGAGGCTCACACCTGTAATCCCAGCACTTTGGGAGGCCAAGGTGGGTGGATCACCTGAGGTCAGGAGTTCGAGACCAGCCTGGCCAACATGGCAAAACCCCATCTCTACTAAAAATACGAAAATTAGCTGGGCATGGTGGTGGGCACCTATAATCCCAGCTACTCAGGAGGCTGAGGCAGGAGAATTGCTTAAACCCGGGGAGTGGAGGTTGCAGTGAATCAAGACTGCGCCACTTCACTCCAGCCTGGGTGAAAGAGCGAAACTCCGTTTCAAAAAAAAAAAAA"
"chr1","2607714","2608024","chr19","9514256","9514567","33","6906542","GGCTGGGCACGGTGGCTCATGCCTGTAATCCCAGCACTTTGGGAGGCCAAGGCGGGTGGATCACTTGAGGTCAGGAGTTTTAAACCAGCCTGGCCAATATGGTGAAACCCTGTCTCTACTAAAAATGCAAAAATTAGCCAGGTGTGGTGGTGGGCACCTGTAATCCCAGCTACTAGGGAGGCTGAGGCAGGAGAATCACTTGAACCCAGGCAGCGGAGGTTGCAGTGAGCCGAGATTGCACCACTGCATGCCAGCCTGGGCAACAGAGCGAGACTCCATTTTAATTAAATAAAAAAGAAGGAAAGAAAAGA","GGCTGGGCGCAGTGGCTCATGCCTGTAATCCCAGCACTTTGGGAGGCCGAGGCAGGTGGATCACCTGAGGTCAGGAGTTCGAGACCAGCCTGGCCAACATGGTGAAACCCTGTCTCTACTAAAAATACAAAAATTAGCCAGGTGTGGTGGCGGGCACCTGTAATCCCAGCTACTCGGGAGGCTGAGGCAGGAGAATCACTTGAACCCAGGAGGTGGAGGTTGCAGTGAGCCGAGATCGTGCCACTGCATTCCGGCCTGGGCAACACAGTGAGACTCCATCAAAAAAAAAAAAAAAAAAAAGAAGAAGAAAAA"
"chr1","2669408","2669713","chr20","128780775","128781081","27","126111367","GGCCTGGTGCCATGGCTCACACCTGTAATCCTAACACTCTGGGAGGCTAAAATGTGTGGATCATTTGAAGTCAAGAGTTTGAGACCAGCCTGGCCAACAAGATGAAACCCCATCTCTACTAAAAATACAAAAATTAGCCGGGTGTGGTGGTGGGTGCCTGTAATCCCAGCTACTCAGGAGGCTGAGGCAGGAGAATCCCTTGAACCCAGGAGGCAGAGGTTGCAGTGAGCTGAGATTGCATCATTGCACTCCAGCCTGGGCGACAGAGAAAGACTCCGTTCCCCCCTGCAAAACAAACAAACAAAA","GGCTGGGTGCCATGGCTCACACCTGTAATCCCAACATTGTGGGAGGCTGAAGTGTGTGGATCATTGGAGGTCAAGAGTTTGAGACCAGCCTGACCAACAAGGTGAAACCCCATCGCTACTAAAAATACAAAAATTAATGGGGTGTGGTGGTGGGTGCCTGTAATCCCAGCTACTCAGGAGGCTGAGGCAGGAGAATCCCTTGAACCCAGGAGGCAGAGATTGCAGTGAGCTGAGATTGCACCATTGCACTCCAGCCTGGCCAACAGAGCAAGAGTCCATTCCCCACTGCAAAAAAAAAAAAAAAAGA"
"chr1","2820658","2820959","chr1","105149514","105149819","45","102328856","GGTGGCTTACACCTGTAATCCCAGAACTTTGGGAAGCCTAGGACGGTGGATCATTTGAGGTCAGGAGTTCAAGACCAGCCTGACCAACATGGTGAAACCCTGTTTCTGCTAAAAATACAAAAAAGTTAGCCAGGTGTGGTGGCGGGTGCGTGTAGTCCCAGCTACTCGGGAGGCTGAGGCAGGAGAATCACTTGAACCCAGGAGAAGGAGGCTGCAGTGAGCCGAGATCACACCACTGCAACAGCCTGGGTGAGAGAGCGAAACTCTGTCTGAAAAAAAAAAAAAAAAGAAAAGAAAAGAAA","GTGGCTCACACCTGTAATCCCAGCACTTTGGGAAGTCAAGGCAGGTGCATCACTTGAGGTCAGGAGTTCAAGACCAGCCTGGCCAACATGGTGCAAACCCATCTCTACTAAAATACAAAAAAATTAGCCAGGCGTGGTGGTGGGTGCCTGTAGTCCCAGCTACTTGGGAGGCTGAGGCAGGAGAATCACTTGAACCCAGAAAGCAGAGACTGCAGTGAACCGAGATCTCGCCACTGCACTACAGCCTGGGCGACAGAGCAAGAGAGACTCCACCTCAAAAAGAAAAAAAAAAAAGAAAAAAAAAAA"
"chr1","2890119","2890331","chr20","128571347","128571556","24","125681228","CAGCCTGACCAACATGATGAAACCCTGTCTCTACTAAAAAAAAAAAATACAAAAATACAAAAATTAGCTGGGCGTAGTGGTGGACACCTATAATCCCAGCTACTCAGGAGGCTGAGGTATGAGAATTGCTTGAACCTGGGAGGTGGAGGTTGCAGTGAGCCAAGATTGCACCACTGCACTCCAGCCTGGGTGACAGAGGAAGACTCCATCTCA","CAGCCTGGTCAACATGGTGAACGCCTCTCTCTACTAAAAAAAAAAAAAAATAAAAAAATTAGCTGGGCATAGTGGTGGACACCTATAATCCCAGTTACTCCAGGAGGCTGAGGTACGAAAATTGCTTGAACCTGGGAGGCGGAGGTTGCAGTGAGCCAAGACTGCACCACTGCACTCCGGCCTGGGTGATAGAGCAAGGCTCCATCTCAA"
"chr1","2944357","2944669","chr8","10801167","10801476","37","7856810","GGCCTGGCATGGTGGCCACACCTGCAATCCCAGCATTTGGGAGGCCAAGGCGGGTGGATCACCTGAGGTCAGGAGTTCGAGACCAGCCTGGCCAACATGGGGGAAACCCCGTCTCTACTAAAAACTACAAAACTTAGCCAGATGTGGTGGCAGGCGCCTGTAGTTCCAGCTACTCGGGAGGCTGGGGCAGGGAGAATTGCTTGAACCCAGGAGGCGGGGGTTGCAGTGAGCTGAGATCAGGCCACTGTACTCCAGCCTGGGCAACAGAGCAAGACTCTGTCTCAAAAAAAAAAAAAAAGAAGGAAAGAAAAGA","GGCCAGGCACAGTGGCTCACGCCTGTAATCCCAGCACTTTGGGAGGCCAAGGTGGGTGGATCACCTGAGGTCAGGAGTTCGAGACCAGCCTGGCCAACATGGTGAAACCCTGTCTCTACTAAAAATACAAAAATTAGCCAGGCGTGGTGGCAGGTGCCTGTAATCCCAGCTACTTGGGAGGCTGAGGCAGGAGAATTGCTTGAACCCAGGAGGCGGAGGTTGCAGTGAGCCGAGATCATGACACTGCATTCCAGCCTGGGCGACCAGAGCAAGACTCCGTCTCAAAAAAAACAAAACAAAACAAAAAAAA"
"chr1","3087434","3087732","chr20","128386774","128387070","30","125299340","GGCCGGGCGCAGTGGTTCGCACCTGCAATCCCACCGTTTTTGGAGGCTGAGGTGGGTGGATCACCTGAGGTCAGGAGTTTGAGACCAGCCTAGCCAACATGGCAAAACCCTGTCTCTACTAAAAATACAAAAATTAGCCATGTGTGGTGGCTAGCACCTGAGGTCCCAGCTACTCAGGAGGCTAAGGTAGGAGAATCGCTTAAACCCGGGAGGTGGAGGTTGCAGCGAGCCAAGATCGCGCCATTGCACTCCAGCCTGGGTGACAGAGCGAGATTCTGTCAAAAAAAAAAAAAAAAAAA","GGCCGGGCGCGGTGGTTCACACTTGTAATCCCACCATTTTGGGAGGCTGAGGTGGGTGGATCACCTGAGGTCAGGAGTTTGAAACCAGCCTGGCCAACATGGCAAAATCCTGTCTCTACTAAAAGTACAAAAATTAGCCTGGCATGGTGGCAGGTGCCTGAGGTCCCAGCTACTCAGGAGGCTAAGGCAGGAGAATCGCTTAAACCCAGGAGGTGGAGGTTGCAGTGAGTCAAGATCATGCCATTGCACTCCAACCTGGGTGACAGAGAGAGATTCTGTCTCAAAAAAAAAAAAAAA"
"chr1","3327504","3327804","chr20","128158078","128158380","29","124830574","GGCTGGGCATGGTGGCTCATGCCTGTAATCTCGGCACTTTGGGAGGCCAAGGCGGGCGGATCACCTGAGGTCAGGAGTTTGAGACCAGCCTGGCCAACATGGCAAAACCCTATCTCTATTAAAAATACAAAAATTAGCCGGGCGTGGTGGTGGGTACCTATAATCCCAGCTACTAAGGAGGCTGAGGCAGGGAGAACCGCTTGAACCCGGGAGGCGGAGGTTGCAATGAGCTGAGGTTGCACCATTGCACTCCAGCCTGGGCGACAGAGCGAGACTGTCTCAAAAAAAAAAAAACAAAAAA","GGCTGGGCGCGGTGGCTCATGCCTGTAATCCCAGCACTTTGGGAAGCCAAGTCTGGGGGATCACCTGAGGTCAGGAGTTTGAGACCAGCCTGGCCAACATGGTGAAACCCTGTCTCTATTAAAAATACAAAAATTAGCCGGGCGTGGTAGCGGGTGCCTGTAATCCCAGCTACTTGGGAGGCTGAGGCAGGGAGAACCGCTTGAACCCAGGAAGTGGAGGTTGCAGTGAGCTGAGGCCGTGCCATTGCACTCCAGCCTGGGCGACAGAGCAAGACTCTGTCTCAAAAAAAAAAAAAAAAAAAA"
"chr1","3378477","3378789","chr27","42312860","42313171","47","38934383","GCCAGGCATGGTGGCTCACACCTGTAATCCCAGTCCTTTGGGAGGCCAAGGCACGTGTATCACTTCAGCTCAGGAGTTCGAGACCAGCCTGAGCAACATAGTGAAACCCCATTTCTACCAAAAATACAAAAATTAGCCAGGCGTGGTGGCGGGCACCTCTAATTCCAGCTACCGAGGAGGCTGAGGCAGGAGGATTGATTGAACCTGGGAGGTGGAGGTTGCAGTGAGCCAAGATTGCGCCACTGGACTCCAGCCTAGCTGACAGAGCAAGACCCTGTCTCAATAGATAAATAAGTAAATAAATAAATAAATA","GGCCAGGTGCGGTGACTCACACCTGTAATCCCAGCACTTTGGGAGGCCGAGGCAGGCAAATCACCTGAGGTCAGGAGTTCGAGACCAGCCTGGCCAACATGGTGAAACCCCGTCTCTACTAAAAATACAAAAATTAGCCGGGCTTGGTGGTGGGCACCTGTAATCCCAGCTACTCAGGAGGATGAGGCAGGAGAATCGCTTGAACCTGGGAGGCAGAGGTTACAGTCAGTCAAGATTGCGCCACTGCACTCCAGCCTGGGTGACAGAGCAAGACTCTGTCTCAATGAATAAATAAGTAAATAATTTAAAAAA"
"chr1","3458827","3459137","chr20","128033615","128033912","27","124574788","GGCTGGGCACGGTAGCTCACGCCTGTCATCCCTCACAGCCTTTGGGAGGCCGAGGTGGGTGGATCACCTGAGGTCAGGAGTTCGAGACCAGCCTGGCCAACATGGTGAAACCCAGTCTCTACTTAAAATACAAAAATTAGCTGGGCATGGTGGCAGGCACCTGTACTCCCAGCTACTCGGGAGGCTGAGGCACAAGAATTGCTTGAACCTGGGATGGAGAGGTTGCAGCGAGCTGCTATCATGCCACTGCACTCCAGCCTGGGCAACAGAGCAAGACTCTGTCTCAAAAAATAAGATAAAATAAGATAAAA","GGCTGGGCACAGTGGCTCACGCCTGTCATCCCTGCACTTTGGGAGGCTGAGGTGGGTTGATCACCTGAGGTCAGGAGTTCGAGACTAGCCTGGCCAACATGGTGAAACCCAGTCTCTACTTAAAATACAAAAATTAGCTGAGTGTGGTGGCAGGCACCTGTACTCCCAGCTACTCAGGAGGCTGAGGCACAAGAATTGCTTGAACCTGGGATGGAGAGGTTGCAACGAGCTGATACCACGCCACTGCACTCCAGCCTGGGCAACAGAGCAAGACTCTGTCTCAAAAAATAAGATAAAA"
"chr1","3460044","3460343","chr14","39640700","39640995","40","36180656","GGCCAGGCACCGTGGCCCACGCCTGTAATCTCAGCCCTTTGGGAGGCCGAGGTGGGTGGATCACTTGAGATCAGGAGTTCAAGACCAGCCTGGGCAAAATGGTGAAATCTTGTCCCCACCAAAAATACAAAAATTAGCCGGGGGTGGTGTCTGGTGCCTGTAGTCTCAGCTACTCAGGAGGCTGAGGCAGGAGAATTGCTTGAACTTGGGAGGCAGAGGTTGCAGTGAGCCAAGATCACCCCACTGCACTCCAGCCCGGGCAACAGAGCGAGACTCTGTCTCAAAAAAACACACAAAAAA","GGCCAGGTGCAGTGGCTCACACCTGTAATCTCAGCACTTTGAGAGGCTGAGGTGGGTGGATCATGAGGTCAGGAGTTCAAGACTAGCCTGACCAACATGGTGAAACCCTGTCTCTACTAAAAATACAAAAATTAGCCGGGTGTGGTGACGGGTGCCTGTAATCCCAGCTACTCAGGAGGCTGAGGCGGGAGAGTCACTTGAACCCGGGAGGCAGAGGTTGCAGTGAGCCAAGATCACGCCACTGCACTCCAGCCTGGGCGACAGAGCGAGACTCCATCTAAAAAAAAAAAAAAAAA"
"chr1","3505437","3505742","chr25","78856788","78857085","40","75351351","GGCCAGGCGTGGTGGCTCATGCCTGTCATCCCAGCAATTTGGGAGGACGAGGCAGGCGGATCACCTGAGGTCCGGAGTTCAAGACTGGCCTAGCCAATATGGTGAAACCCCGTCTCTACTAAAACTACAAAAACAAATTAGCTGGGCGTGGTGGTGGGCACCTGTAATCCCAGCTACTTGGGAGGATGAGCAAGGAGAATTGCTTGAACCCGGGAGGCAGAGGTTGCAGTGAGCTGAGATCACGCCACAGCACTCCGGCCTGGGTGACAGAGCAAGACTCTGTCTCGAAAAAAACCAAAAAAGAAA","GGCCAGGTGTGGTGGCTCATGCCTGTAATCCCAGCACTTTGGGAGGCCAAGGCAGGTGGATCACTTGAGGTCAGGAGTTGAGATCAGCCTGGCCAACATGGTGAAACCCCGTCTCTACTAAAAATACAAAAATTAGCTGGGTGTGGTGGTGGGCACCTGTAATCCCAGCTACTTGGGAGGCTGAGGCAGGAGAATTGCTTGAACCCGGGAGGCAGAGGTTGCAGTGAGCTGAGATGGCACCACTGCACTCCAGCCTGGGGGACACAGTGAGACTCTGCAAAAAAAAAAAAAAAAAAAA"
"chr1","3595337","3595641","chr22","26077612","26077918","39","22482275","GGTGCGGTGGCTCACACCTGTAATCCCAGCACTTCAGGAGGCCGAGGTAGGTGCATCACCTGAGGTCAGGAGTTTGAGACCAGCCTGGACAACATGGTGAAAGCACATCTCTACCGAAAACACAAAAATTAGCCAGGCGTGGTGGCGAGCACCTTTAATCCCAGCTACTGGGGAGGCCGAGGAAGGAGAATCACTTGAACCTGGGAGGTGGAGGTTGCAGTGAGCCAAGATTGCACCACCGCATTCCAGCCTGGGTGACACAGCAAGACTCCATCTCAAAAAAAAAAAAAAAAAAAAAAGGAAAA","GGTGCAGTGGCTCACGCCTGTAATCCCAGCACTTTGGGAGACTGAGGCAGGTGGATCACCTGAGGTCAGGAGTTTGAGACCAGTCTTGCCAACAGGTTGAAACCCCATCTCTACTAAAACTACAAAAATTAGCCAAGCGTGATGGCGGGCACCTGTAATCCCAGCTACTCAGGAGGCTGAGGTAGGAGAATCACTTGAACCTGGGAGGCAGAGGTTGCAGTGAGCCAAGATTGCACTGCTGCATTCCAGCCTGGATGACAGAGTAAAACTCCATCTCAAAAAAAAAAAAAAAAAAAAAAAAAAAGAA"
"chr1","3595693","3595984","chr20","127890564","127890860","33","124294871","GGCCAGGTGTGGTGGCTGACACCCGTAATCCCCACACTTTGGGAGGCCAAGGCAGGTGGACTGCTTGAGGTCAGGAGTTCAAGACCAACCTGGCCAACATGGTGAAACCTCGTCTCTTTTAAAAATACAAAAACATTAGCCAGACATGATGGTGGGCACCTGTAATGCCAGCTACTCAGCAGGCTGAGGCAGGAGAATCACTTGAACCCAGGAGGCGGACGCTACAGTGAGATTAGACTGTGCCACTGTACTCCAGCCTGGGAGACAAAGCGAGACTCCTTAAAAAAAAAAA","GGCCAGGTGTGGTGGCTCACGCCCATAATCCCCACACTTTGGGAGGCTGAGGCGAGTGGACTCCTTGAGGTCAGGAGTTCAAGACCAACCTGGCCAACATGGTGAAACCCTATCTCTTTTAAAAATACAAAAAAATTACCCGGACATGATAGCGGGCGCCTGTAATGTCAGCTACTCAGGAGGCTGAGGCAGGAGAATCACTTGAACCCGGGAGGCAGAGGCTGCAGTGAGATTAGACTGTGCCACTGCACTCCAGCAGTGGAGACAAAGCGAGACTCCTGGGAAAAAAAAAAAAAA"
"chr1","3608342","3608643","chr20","127878983","127879284","28","124270641","GGCCAGGTGTGGTGGCTCATGGCTGTAATCCCAGCACTTTGAGAGGCCATGGCGGGTGGATCACTTGAGGTCAGGAGTTCGAGACCAGCCTGACCAACATGGTGAAAACCCATCCCTACTAAAAATACAAAAATTAGCTGGGCGTGGTGGCGGGCGCCTGTAATCCAAGCTACTTGGGAGGCTGAGGCAGGAGAATTGCTTAAACCTAGGAGGCGGAGGTTGCAGTGAGCCAAGATTGCACCACTGCATTCCAGCCTGGGCGACAGAGCGAGACTCCATCTCAAAATAACAACAAAAAAAGA","GGCCAGGCCAGTGGCTCATGCCTGTAATCCCATCACTTTGGGAGGCCGAGGCGGGTGGATCACTTGAGGTCAGGAGTTTGAGACCAGCCTGACCAACATGATGAAAACCCGTCCCTACTAAAAATATAAAAATTAGCTGGGCGTGGTGGTGGGCGCCTGTAATCCAAGCTACTCAGGAGGCTGAGGCAGGAGAATCGCTTAAACCCAGGAGGCGGAGGTTGCAGTGGGCCAGGATTGCACGACTGCATTCCAGCCTGGGTGACAGAGCGAGACTCCATTTCAAAAAAAAAAAAAAAAAAAAA"
"chr1","3608924","3609230","chr23","74217020","74217331","39","70608096","GGCCGGGCGTGGTGGCTCACTCCTGTAATCCCAACACTTTGGGAGGCTGAGGCAGGCGGATCACCTGAGGTCAGGAGTTCGAGACCAGCCTAGCCAACATGGTGAAACCCCGTCTTAACTAAAAATACAAAAATTAGCCAGGTGGGGGTGGTGGGCGCCCGTAATCCCAGCTACTTGGAGGCTAGGGCAGGAGCTTCAACCCAGGAGGCAGAAGTTGCACTGAGCTGAGATTGCACCATTACACTCCAGCCTGGGCAACAGAGGGAGGCTCCATCTCAAAAAAAAAAAAAAAAAAAAAAAAAAAAAA","GGCCAGGCGCAGTGGCTCACGCCTGTAATCCCAGCACGCCGGGAGGCTGAGGCAGGCGGATCACCTGAGGTCAGGAGTTCGAGACTAGCCTGGCCAACATGGTGAAACCCCGTCTCTACTAAAAATACAAAAATTAGCCAGGTGTGGTGGCGAGCGCCTGTAGTCCCAGCTACTTGGGAGGCTGAGGCAGGAGAATTGCTTGAACCCTGGAGGCAGAGGTTGCAGTGAGCTGAGATTGTGCCACCACACTCCAGCCTGGGCAACAGAGTGAGACTCCATCTCAAAACAAAAAAAAACAAAAAAAACAAAAAA"
"chr1","3618105","3618395","chr20","127872712","127873003","20","124254607","GGCCAGGCGTGGTGGCTTACACCTGTAATCCCAGCACTTTGGGAGGCCAAGGCAGGCAGATTACTTGAGGTCAGGAGTTCGAGACCAGCCTAGGCAACATGGTGAAACCCTGTCTCTAGTAAAAATACAAAAATCAGTCAGGTGTGGTGGCAGGTGTCAGTAATCCCAGCTAGTTGGAGGCTGAGGCAGAAGAATTGCTTGAACCCAGGAGGCGGAGGTTGCAACGAGCCAGGATTGCGCCACTAAACTCCAGCCTGGATGACAGAGTGAGACTCCATCTCAAAAAAAAAA","GGCCAGGCGTGGTGGCTCACGCCTGTAATCCCAGCACTTTGGGAGGCCAAGGCAGGCAGATTACTTGAGGTCAGGAGTTCAAGACCAGTCTGGGCAACATGGTGAAACCCTGTCTCTACTAAAAATACAAAAATTAGTTGGGTGTGGTGGTGGGTGTCAGTAATCCCAGCTAGTTGGAGGCTGAGGCAGGAGAATCACTTGAACCCAGGAGGCGGAGGTTGCAATGAGCCGGGATTGCGCCACTGCACTCCAGCCTGGATGACAGAGCGAGACTCCATCTCAAAAAAGAAAA"
"chr1","3620448","3620743","chr15","64630867","64631162","28","61010419","GGCTGGGCGTAGTGGCTCACGCCTGTAATCCCAGCACTTTGGGAAGCCGAGGTGGGTGGATCACCTGAGGTTGGGAGTTTGAGACCAGCCTGGCCAATATGGTAAAACCCTGTCTCTACTAAAATTACAAAAATTAGCCAGGTGTGGTGGCAGGTGCCTGTAGTCCCAGCTACTTGGGAGGCTGAGGCAGGAGAATCCCTTGAACCCGGGAGGTGGAGGTTGCAGTGAGCCGAGATTGCACCACTGCACTCCAGCCTGGGTGACAGAGTGAGACTCCGTCTCAAAAAAAAAAAAAA","GGCCAGGCGTGGTGGCTCACACCTGTAATCCCAGCACTTTGGGAGGATGAAGTGGGTGGATCACCTGAGGTCAGGAGTTCGAGACCAGCCTGGCCAACATGGTGAAACTCCATCTCTACTAAAAATACAAAAATTAGCCAGGAGTGGTGGCAGGTGCCTGTAATCCCAGCTACTTGGGAGGCTGAGGCAGGAGAATCACTTGAACCTGGGAGGCAGAGGTTGCAGTGAGCCAAGATCACACCACTGCACTCCAGCCTGGGCGACAGAGTGAAACTCCGTCTCAAAAAAAAAAAAAA"
"chr1","3625952","3626233","chr20","127864980","127865251","32","124239028","GGCCAGGCACAGTGGCTCACGCCTATAATCCCAGCACTTTGGGGGCTAAGGCAGGCAGATCACTTGAGGTCAGGAGTTCGAGATCAGCCTGGCCAACATGGTGAAACCCTATAAAAAATTGGCCGGGCACAGTGGCAGGCACCTATAGTCCAGCTACTCAGGAGGCTGAAGCAGGAGAATTGCTTGAACCCGGGAGGTGGAGGTTGTGGTGAGCCAATATTGCGCCACTGCCCTCCAGCCTGGGTGACAGAGTGAGATTCTGTCTCAACAAAAAAAAAAGAA","GGCCAGGCACGGTGGCTCACACCTATAATCCCAGCACTTTGGGAGCCAAGCCAGGCAGATCACTTGAGGTCAAGAGTTCGAGACCAGCCTCGTCAGCATGGTGAAACCCTATAAAAAATTGGCCGGGCACAGTGGCGGGCACCCAGCTACTCAGGAGGCTGAAGCAGGAGAATTGCTTGAACCCAGGAGGTGAAGGTTGTGGTGAGCCAGTATGGCACCACTGCCCCCCAGCCTGGATGACAGAGTAAGACTCTGTCTCAAAAAAAAGGAAA"
"chr1","3674928","3675231","chr6","15626071","15626376","31","11951143","GGCCAGGTGCAGTGGCTTACACCTGTAATCCCAGCACTTTGGGAGGCCGAGGTGGGTGGATCACCTGAGATCAGGAGTTCAAGACCAGCCTGGGCAACATGGTGAAACCCCGTCTCTACTAAAAATACAAAAATTAGCTGGGCATGGTGGCGGGCGCTTGTAATCTCGCTATTCGGGAGGCTGAGGCAGGAGAATCGCTTGAGCCCAGGAGGTGGAGGTTGCAGTGAGCTGAGATTGTGCCATTGCACTCTAGCCTGGGTGACAGGCTGAGACTCTGTCTCAAAAAAAAAAAAAAAAAAAAGAA","GGCCAGGTGCCGTGGCTTACGCATGTAATCCCAGCACTTTGGGAGGCCGAGGCGGGCAGATCACCTGAGGTCAGGAGTTCAAGACCAACCTGGTCAACATGGTGAAACCCTGTCTCTACTAAAAATACAAAAATTAGCTGGGCATGGTGGCAGGCGCCTGTAGTCCCACCTACTCGGGAAGCTGAGGCAGGAGAATCGCTTGAATGCGGGAGGTGGAGGGTGCAGTGAGCTGAGATCGTGCCACTGCACTCCAGCCTGGGTGACAGAGCAAGACTCTGTCTCAAAAAAGAAAAAAAAAAAAAAAAA"
"chr1","3676927","3677147","chr11","124263168","124263380","38","120586241","GGCCGGGCACGGTGGCTCACGCCTGTAATCCCAGCACTTTGGGAGGCCGAGACGGGCAGATCACTTGAGGTCAGGAGTTGAGACCAGCCTGGCCAACATGGTGAAACCCCGTCTCTACTAAAAATACAAAAATTAGCCGGGCGTGGTGGCAGGCGCCTGTAATTCCAGCTACTCAGGAGGCTGAGGCAGGAGAATTGCTTGAACCCGGGAGGCAGAGGCTG","CCAGGTGTGGTGACTCACGCCTGTAATCCCTGCACTTTGGGAGGCCCGAGGCAGGTGGATCACTTGAGGTCAGGAGTTCGAGACCAGCCTGGCCAACATGGTGAAACCCCCATCTCTATTAAAACTACAAAAATTAGCCAGGCATGATGGTGGGTGCCTGTAATTCCAGCTACTTGGGAGGCTGAGGCAGGAGAATCACTTTAACCAGCAGGT"
"chr1","3685100","3685403","chr15","7566081","7566387","27","3880981","GGCCGGGCACGGTGACTCATGCCTGGAATCCCAGCACTTTGGGAGGTCAATGTGGGTGGATCACCTGAGGTCAGGAGTTCCAGACCAGCCTGGCCAATATGGTGAAACCCCATCTCTACTAAAAATACAAAAATTAGCCGGGCATGGTGGCGGGCGCCTGTAATCCCAGCTACTTGGGAGGCTGAGGCAGGAGAATCACTTGAACCTGGGAGGCAGAGGTTGCAGTGAGCCGAGATCGCACCACTGCATTCCAGCTTGGTGACAGAGCAAGACTCGTCTCAAAAAAAAAAAAAAAAAAAAAAAA","GGCCGGGTGCGGTGGCTCATGCCTGTAATCCCAGCACTTTGGGAGGCCAAGGCGGGTGGATCACCTGAGGTCAGGAGTTCCAGACCAGCCTGGCCAATCTGGTGAAACCCCGTCTCTATTAAAAATACAAAAAGTAGCCGGGCGTGGTGGCAGGCACCTGTAATCCCAGCTACTTGGGAAGCTGAGGCAGGAGAACCACTTGAACCTGGGAGGCGGAGGTTGCAGTGAGCCGAGATCGCACCACTGCACTCCAGCCTGGTCAACAGAGCAAGACTCCGTCTCAAAACAAATAAACAAACAAACAAAA"
"chr1","3699927","3700231","chrX","92145102","92145407","34","88445175","GGTCAGGCGCAGTGGCTCATGCCTGTAATCCCAGCACTTTGGGAGGCCGAGGTGGGCAGATCACCTGAGGTCAGGAGTTCGAGAACAGCCTGGCCAACATGGTGAAACCCCGTTTCTACTAAACATACAAAAATTAGCTGGCCGTGGTGGTAGGTGCCTGTAATCCCAGCTACTTGGGAGGCTGAGGCAGGAGAATCACTTTAACCTGAGAGGCGGAGGTTGCAGTGAGCCAAGATTGCATCACTGCACTCCAGCCTGAGTGACAGAGTGAGACCCTGTCTCAAACAAACAAACAAACAAACAAA","GGCCGGGCTCGGTGGCTTATGCCTGTAATCCCAGCACTTTGGGAGGCCGAGGTGGGCAGATCACCTGAGGTCAGGAGTTTGAGACCAGCCTGGCCAATGTGGTGAAACCCTGTCTCTACTAAAAATACAAAATTAGCCAAGTGTGGTGGTGGGTGCCTGTAATCCCAGCTACTTGGGAGGCTGAGGCAGGAGAATCACTTGAACCTGGGAGGTGGAGGTTGCAGTGAGCTGAGACTGCGCCATTGCATTCCAGCCTGGGTGACAGAGTGAGGCTCTGTCTCAAAACAAACAAACAAACAAACAAAA"
"chr1","3702995","3703292","chr6","41738554","41738850","35","38035559","GCCGGGCACAGTGGCTCACGCCTATAATCCCAACGCTTTGGGAGGCTGAGGCAGGCAGATCACTTGAGGTCAGGAGTTCGAGAATAGCCTGGCCAACATAGTGAAACCCCGTCTCCACTAAAAATACAAAAATTAGCCGGGCGTGGTGGTGGGCGCCTATAATCCCAGCTACCTGGGAGGCTAAGGCAGGGGAATCACTTGAACCCAGGAAGCCGAGGTTGCAGTGAGCTGAGATCACGCCATTGCACTCCAGCCTGGGCAACAGAGCGAGACTCTGCCTCTAAAATAAATAAATAAA","GGCCGGGCACAGTGGCTCAGGCCTGTAATCCCAGCACTTTGGGAGGCTGAGGCAGGCGGATCACTTGAGGTCAGGAGTTCGAGACCAGCCTCGCCAACATGGTGAAACCCTGTCTCTACAAAAAATACAAAAATTAGCCGGGCGTGGTGGCGGGCGCCTGTAATCCCAGCTACTTGGGAGGCTGAGGCACAAGAATTGCTTGAACCCAGGAGGTGGAAGTTGCAGTGAGCTGAGATCGCACCATTGCACTCCAGCCTGGGCAACAGAGCGAGACTCCGTCTCAAAAAACAAAAAAAA"
"chr1","3715513","3715794","chr2","13896413","13896695","40","10180900","GGCTGGGCATGGTGGCTCATGCCTGTAATCCCACCACTTTGGGAGGCTGAGGCAGTGATCACCTGAGGTCAGGAGTTTTAGACCAGCCTGGCCAACATGGTGAAAACCTGTCTCCAGTAAAAACACAAAAATTAGCCGGGCGTAGTGGCAGGCTCCTGTAATCCCAGCCATTCCAGAGGCTGAGGCGAGAATCACTTGAACCCGGGAGGCAGAGGTTGCAGTGGGCCGAGATCACATCTCTGCACTCCAGCCTGGGCAACAGAGTGAGACTCTGGTCTCAAA","GGCTGGCCGTAGTGGCTCATGCCGGTAATCCCAGCACTTTGGGAGGCTGAGGCAGGTGGATCACCTGAGGTCAGGAGTTCAAGACCAGCCTGGCCAACATGGCGAAACCCTGTTTCTACTAAAAATACAAAAATTAGCCGGGCATGGTGGCAGGCACCTGTAATCCCAGCTACTCGGGAGGCTGAGGCAGGAGAATCGCTTGAACCTGGGAGGCGTAGGTTGCAGTGAGCCGGGATAGTGCTATTGCACTCCAGCCTGGGCGACAGAGTGAGACTCTGTCTCA"
"chr1","3837797","3838107","chr2","34268790","34269101","37","30430993","GGCCGGGCACGGTGACTCATGCCTGAATCCCAGCACTTTGGGAGGCCGAGGCGGGCGGATCACTTGAGGTCAGTTGTTAGAGACCAGCCTGGCCAACATGGTGAAACCCCATATCTACTAAAAATATAACAGTCAGCTGGGTGTGATGGTGGGTGCCTGTAATCTCAGCTACTCAAGAGGCTGAGGCAGGAGAATTGCTTAAACCTGGGAGGTGGAGGTTGCAGTGAGCCAAGATTATGCCACTGCACTCCAGCCTTGGCAACAGAGCGAGACTCCATCTCAAAAAAAGAAAAAAAAAAAAAAAAAAGAAA","GGCTGGGCACAGTGGCTCACACCTGTAATCCCAGCACTTTGGGAGGCCAGGGCGGGTGGATCACTTGAGGTCAGGAGTTTTAGACCAGCCTGGCCAACATGGTGAAACCCCATCTCTACTAAAAATAGAAAAATTAGCTGGGCGTGGTGGTGGGTGCCTGTAATCCTAGCTACTCAGGAGGCTGAGGCATGAGAATTGCTTGAACCTGGGAGGCGGAGATTGCAGTGAGCCAAGATCACGCCACTGCACTCTAGCCCGGGCAACAGAGTGAGACTCAGTCTCAAAAAAAAAAAAAAAAAAAAAAGAAAGAAA"
"chr1","4003270","4003508","chr9","61704066","61704306","52","57700796","GGCCAGGCGCAGTGGCTCATGCCTGTCATCTCAGCACTTTGGGAGGCCGAGGTGGGTGGATCAGTTGAGGTCAGGAGTTCGAGCCCAGCCTGGGCAACATGGTGAAACCCTGTCGCTACTAAAAATACAAAAATCAGCCTCATCTCATAGCGGGCACCTGTAATCCCAGCTGCTTGGGAGGCTAAGGCATGAGAATACACTTGAGCCTGGGAGACGTGGAGGTTGCAGTGAGTCAAGAT","GGCCGGGCGCAGTGGCTCATGCCTGTAATCCCAGCACTTTGGGAGGCTGAGGTGAGTGGATCACTTGAGGTCAGAAGTTTGAGACCAGCCTGGCCACCATGGTGAAATCCCATCTCTACTAAAAATACAAAAATTAGCCAGGCGTGGTGGTGGGCACCTTTAATCTCAGCTATCCAGGAGGCTGAGGCAGGAGAATTGCTTGAACCCAGGAGGAGGAGGTTGTGGTGAGCTGAGATCATGC"
"chr1","4029726","4030047","chr10","108205516","108205836","42","104175790","GGCTGGGCACAGTGGCTTATGCCTGTAATCCCAGAACTTTGGGAGGCTGAGGTGGGCGGATCGCCTGAGGTCAGGAGTTTGAGACTAGCCTGGCCAACATGGTGAAACCCCGTCTCTACTAAAAATACAAAAATTAGCCGGGTGTGGTGGTGGTTGCCTGTAGTCCCAGCTACTTGGGAGGCTGAGGCAGGAGAATCACTTGAACCTGGGAGGCGGAGGTTGCAGTAAGCAGAGATGACATCACTGTACTCCAGCCTGGGTGATAGAGCGAGATTCCATCTCAAAAACAAACAAACAAACAAACAAACAAACAAACAAACAA","GGCTGGGTGCGGTGGCTCACGCCTGTAATCCCAGCACTTTGGGAGGCTGAGGAGGTCGGATCACTTGAGATCAGGAGGTTGAGACCAGCCTGGCCAACACGGTGAAATCCCATTTCTACTAAAAATACAAAAATTAGCCAGGCGTGGTGGCAGGTGCCTGTAGTCCCAGCTACTTGGGAGGCTGAGGCAGGAGAATTGTTTGAACCTGGGAGGCAGAGGTTGCAGTGAGCCAAGATCACGCCACTGCACTCCAGCCTGGGCAACAGAATGAGACTCCATCTCAAAAACAAACAAACAAACAAAAACAAACAAACAAACAAA"
"chr1","4041273","4041568","chr23","77125538","77125834","31","73084265","GGCTGGGCGTGGTGGCTCACGCCTGTAATCCCAGCATTTTGGGAGGCCGAGGCGGGTGGATCATTGGAGGTCAGGAGTTTGAGACCAGCCTGACCAACATGGTGAAACCCTGTCTCTACTAAAAGTACAAAAATTACCTGGGCATGGTGGTGGGTGCCTGTAATCCCAGCTGCTTGGGAGGCTGAAGCAGGAGAATCACTTGAACCTGGGGGGTGGAGGTTGCAGTGAGCTGAGATTGTGCCATTGCACTCCAGACTGGGTGACAGAGTGAGACTTCATCTTAAAAAAAAAAAAGA","GGCTGGGCATGGTGGCTCATGCCTGTAATCCCAGCACTTTGGGAGGCCGAGGCGGGTGGATCACCTGAGGTCAGGAGTTTGAGACCAGCCTGACCAACATGATGAAACCCCGTCTCTACTAAAAATACAAAAATTAGCCAGCCATGGTGGTGGGTGCCTGTAATCCCAACTACTCAGGAGGCTGAGGCAGGAGAATCACTTGAACCTGGGAGACGGAGGTTGCAGTGAACTGAGATCATTCCATTGTACTCCAGCCTGGGTGACAGAGCGAGACTCCATCTTAAAAAAAAAAAAAAA"
"chr1","4042407","4042691","chrX","50195890","50196181","53","46153483","GCCGGGGGCCGTGGCTCACACCTGTAATCCCAGCACTTAGGGAGAAGGGGCGAGTGGATCACTTGAGGCCAGCAGTTTGAGACCTGCCTGGGCAATGTGGTAAAACCCCATCTGTACTAAAAATGAAAAATTATCCAGGTGTGGTGGTGGATGCCTGCAGTCCTAGCTACTCGGGAGGGTGAGGCAGGAGAATCGCTTAAACCCGGGAGGTTGCAGTGAGCTGAGATCTTGCCACTGTACTCCAGCCTGGGCTATAAAGGGAGACTCTGTCTCAAAAAATGAAAA","GGCTGGGCGCGGTGGCTCACGCCTGTAATCCTAGCACTTTGGGAGTCCAAGGTGGGTGGATCACTTGAGGTCAGGAGTTCGAGACCAGCCTGGCCAAGGTGGTGAAACCCTGTCTCTACTAAAAAATACAAAAATTAACCAGGTGTGGTGGTGGGCGCCTGTAATCCCAGCTACTCGGGAAGCTGAGGCAGGAGAATCGCTTGAACCCAGGAGACAGAGGTTGCAGTGAGCCGAGATCACGCCACTGCACTCCAGCCTGGGCAACAGAGTGAGACTCTGTCTCAGAAAAAAA"
"chr1","4105321","4105640","chr20","127478777","127479080","35","123373456","GGCCAGGTGTGGTGGCTCACACCTGTAATCCCAGGACTATGGGAGGCCAAGGCTGGGGGATCACTTGAGGCCAGAAGTTCAAGACCAGCCTTGCCAACATGGCAAAACCCCATCTCTACAAAAAAAAAAAAAAATTACAAAAATTAGCCAGGCGTTGTGATGGCCACCTGTAGTCCCAGCTACTCAGGGGGCTAAGGTGGGAGAATCACTTGAACCCAGGAGGTGGAGGTTGCAGTGAGCAGAGATAGAACCCCTGCACTCCAGCCTGGATAACAGAGTGAAACTCCCTCCATCTAAAAAACAAAAAAAAAAAAGAAGAA","GGCGGGGTGTGGTAGCTCACACTTGTAATCCAGCACTTTGGGAGGCCAAGGCTGGGGGATCACTTGAGGCCAGAAATTCAAGACCAGCCTGGCCAACATGGCAAAACCCCATCTCTACAAAAATTTTTAAAATTAGCCGGACGTTGTGATGGCCACCTGTAGTCCCAGCTACTCAGGGGGCTAAGGTGGGAGAATCACTTGAACCCAGGAGGTGGAGGTTGCAGTGAGCAGAGATAGAACTCCTGCACTCCTGGACAACAGAGTGAGACTCCCTCCATCAAAAAAAAAAAAAAAAAAAAAAAAA"
"chr1","4192285","4192561","chr20","127400653","127400929","29","123208368","GCCTGTAATCCCAGCACTTCGGGAGGCCGAGATGGGCAGATCACTTGAGGTCAGGAGTTTGAGACCAACCTGGCCAATACAGTGAAACCCTGTCTCTACTAAAAATAGAAAAAGTGAGTCAGGTGTAGTGGCGGGCACCTGCAATCCCAGCTATTTAGGAGGCTGAGGCAGGAGAATCGCTTGAGCCAAGGAGGCGGAGGTTGCAGCAAGCTGAGATCACGCCACTGCACTCCAGCCTGGGCAACAGAGAGACTCTGTCTCAAAAAATAAAAAATAA","GCCTGTAACCCCAGCATTTCAGGAGGCCGAAGTGGGTGGATCACTTGAGGACAGGAGTTTGAGACCAGCCTGGCCAACACAGTGAAACCCCATCTCTACTAAAAATAGAAAAAGTGAGTCAGGTGTGGTGGCGGGCACCTGCAATCCCAGCTACTTAGGAGGCTGAGGTAGGAGAATCGCCTGAGCCAAGGAGGCGGGGGTGGCAGTGAGCTGAGATCACACCACTGCACTCCAGCCTGGGCGACAGAGAGATTCTGCCTCAAAATAAATAAGTAAA"
"chr1","4310517","4310820","chr20","127284536","127284836","32","122974019","GGCCAGGCGTGATGGCTCACGCATGTAATCCCAGCACTTTGGGAAGCCGAGGTGGACAGATCGCCTGAGGTCAGGAGTTCAAGACCAGCCTGGCCAACATGGTGAAAACCTGTCTCTACTAAAAAATACAAAAATTAGCTGGGCATGGTGGTGGGCGCTTGTAATCCCAGCTACTTGGGAGACTGAGGCAGGAGAATCAACTTGAACCTGGGAGGCGGAGGTTGCAGTGAGCCAAGATGGCGCCACTGCACTCCAGCTTGGGTGAAGTGAGGCTCTGTCTTAAAAAAAAAAAAAAAAAAAAAAA","GGCCGGGTGCGATGGCTCACGCAGGTAATCCCAGCACTTTGGGATGCCGAGGCAGGCAGATCACCTGACGTCAGGCGTTCAAGAGCAGCCTGGCCAACATGGTGAAAACCCATCTTTACCAAAAAATACAAAAATTAGCTGGGCATGGTGGTGGGCACTTGTAATCCCAGCTACTTGGGAGACTGAGGCAGGAGAATCACTTGAATCTGGGAGGCGGAGGTTGCAGTGAGCCAAGATGGCGCCACTGCACTCCAGCCTGGGTGACAGAGAGAGACTCTGTCTAAAAAAAAGAAAGAAAGAA"
"chr1","4375857","4376149","chr11","30862869","30863158","35","26487012","GGCCATGCATGGTGGCTCACGCCTATAATCCCAGCACTTTGGGAGGCCAAAGCGGGTGGATCACCTGAGGCCGGGAGTTTGAGACCAGCCTGGCCAAATGATGAAACCCCGTCTCTACTAAAAATACAAAAATTAGCTGGGCGTGGTGGCAGACACCTGTGATCCCAGCTACTCGGAAGGCTGAGGCAGGGAGAATAACTTGAACCCGGGAGACAGAGGTTGCAGTGAGCCATGATCACACCATTGCACTCCAGCCTGGGCAACAGAGTGAGACTCTGTTTCCAAAAAAAAAA","GGCCAGGCGTGGTGGCTCACGCCTGTAATCCCAGCACTTTGGGAAGCCAAGGCGGGCAGATTACCTGAGGTCAGGAGTTCGAGACCAGCCTAGCCAGCATGGTGAAACCCCGTCTCTACTAAAAATACAACAATTAGCTGGGCGTGGTGGCAGGCACCTGTAATCCCAGCTACTTGGGCTGAGGCAGGAGAATTGCTTGAACCCAGGAGGCAGAGGTTGCGGTGAGCCAAGATCACACCATTGCACTCCAGCCTGGGCAACAGAGTGAGACTCTAAAACAAACAAAAAAA"
"chr1","4414521","4414853","chr20","127174643","127174966","44","122760122","GGCCAGGCACCGTGGCTCACGCCTATAATCCTGGCACTTTGGGATGCTGAGGCAGGTGGATCACCTGAGGTCAGGAGGAGTTTGAGACCAGCCTGGCCAACAGGGAGAAACCCCATCTCTACTAAAAATAAAAAAAAAATAAAAAAAAAAAAAATTAGCCGGGCATAGTGGTGAGCACCTATAGTCTGAGCTACTCAGGAGGCTGAGGCATGAGAACTGCTTGAACCTGGGCAGCAGAGGTTGCAGTGACTTGAGATCGTGCCACTGCACTCCAGCCTCGGCGACAGAGTGAGGCTCCGTCTCAATAAAAAATAAATAAATAAACAAAATAAA","GGCCAGGCAGTGTGGCTCATGCCTGTAATCCTAGCACTTTGGGAGGCTGAGGCAGGTGGATCACCGGAGGTCAGGAGTTTGAGACCAGCCCGGCCAACATGGAGAAACCCCGTCTCTACTAAAAATACAAATAATAATAATAATAATAACCGGGCATAGTGGTAAGCATCTATGTAGTCTGAGCTACTCAGGAGGCTGAGGCACGAGAACTGCTTGAACCTGGGCAGAAGAGGTTGCACTGAGTTGAGATCGTGCCACTGCACTCCAGCCTCAGTGACAGAGTGAGATTCCATCGCAGAATAAATAAATAAATAAACAAACAAA"
"chr1","4417805","4418079","chrX","5858418","5858691","37","1440613","GGCCGGATGGGGTGACTCGCGCCTGTAATCCCAGCACTTTGGGAGGCTGACGGGGTCGGATCATTTGAGGTCAGGAGTTCTCGAGACCAGCCTGGTGAACATGGTGAAACCTCATCTCTACTAAAAATACAAAAATTAGCTGAGCGTGGTCGTGGGCGCCTGTAATCCCAGCTACTCAGGAGGCTGAGGCACGAGAATCTCTTGAACCTGGGAAGCAGAGGTTGCAGTGAGCCAAAATCGCACCACTGCACTCCAGCCTGGGTGACAGAGTGAGA","GGCTGGGTGCGGTGGCTCGCGCCTGTAATCCCAGCACTTTGGGAGGCCACGGTGGGTGGACTTGAGGTCAGGAGTTTGTGACCAGCCTGGCCAACATGGTGAAACCCCGTCTCTACTAAAAATACAAAAACTTAGCTGAGCGTGGTGGTGGGCGCCTGTAATCCCAGCTACTCAGGAGGCTGAGACAGGAGAATTGCTTGAACCCGGGAGGCAGAGGCTGCAGTGAGCAGAGATCACGCCACTGCACTCCAGCCTGGGCGACAGAGTGAGACTC"
"chr1","4523887","4524196","chrX","27030043","27030357","47","22506156","GGCCGGGTGCGGTGGCTCACACCTGTAATCCCTGCACTTTGGGAGGCGAGGTGGGTGGATCACCTGAGGTCAGGAGTTCAAGGCCAGCCTGGCCAACATGACGAAACCCTGTCTCTACTAAAAAAAAAAGAAAAAGAAAAAATTAGCCAGACGTGGTGGCGGGTGCCAGTAATCCCAGCTACTTGGGAGGCTGAGGCAGGAGAATTGCTTAAACCCCGGTAGGCAGAAGTTGCAGCGAGCCGAGATCACACCACTGCACTCCAGCCTGGGTGAAACGCTCTCTCAAAAAAAAAAAAAAAAAAAAAAAAAA","GGCCGGGCGCGGTGGCTCATGCTTGTAATCCCAGCACTTTGGGAGGCCGAGGCGGGCGGATCACCTGAGGTCAGGAGTTCGAGACCAGCCTGACTAACATGGTGAAACCCCGTCTCTACTAAAAATACAAAAAAATAAAAAATTAGCCAGGTGTAGCGGTGGGCGCCTGTAATCCCAGCTACTTGGGAGGCTGAGGCAGGAGAATCACTTGAACCCGGGAAGCAGAGGTTGCAGTGAGCTGAGATCACACCATTGCACTCCAGCCTGGGTGACACAGCGAGACTCTGTCTCAAAAAAAAAACAAAAAAAAGAAAA"
"chr1","4556059","4556359","chr20","127043524","127043826","26","122487465","GGCCAGGCACGGTAGCTCATGCCTGTAGTCCCAGCTCTTTGGGAGGCCGAGTTGGGAAGATCACTTGAGGTCAGAAGTTCAAGACCAGCCTGGCCAACATGGTAAAACCCTGTCTCTACTAAAAATGCAAAAAATAGCGGGGCATGGTGGCAGGCGCCTGCAATCCCAGCTACTAGGGAGGCTGAGGCAGGAGAATTGTTTGGACCTGGGAGGAGGAGGTTGCAATGAGCTGAGATTGTGCCACTGCACTCCAGCCTGGGCAACAGAGCGAGACTCTGCCTCCAAAAAAAAAAAAAAAGAA","GGCCAGGTGTGGTAACTCATGCCTGTAGTCTCAGTTCTTTGGGAGGCCGAGGTGGGAAGATCACTTGAGGTCAGAAGTTCGAGACCAGCTTGGCTAACATGGTAAAACCCCGTCTCTACTAAAAATGCAAACAATAGCCGGGCATGGTGGCAGGCGCCTGCAATCCCAGCTACTAGGGAGGCTGAGGCAGGAGAATTGTTTGGACCCGGGAGGCGGAAGTTGCAATGAGCTGAGATTGCACCACTGCACTCCAGCTTGGGCAACAGAGTGAGACTCTATCTCAAAAAAAAATTAAAAAAATAA"
"chr1","4824279","4824604","chr20","126789734","126790062","33","121965455","GGCTGGGCCTGGTGGCTCATGCCTGTAATCCCAGCACTTTGAGAGGCTGAGGCGGGCAGATCACCTGAAGTCAGGAGTCCGAGACTAGCCTGGCCAACTTGGTGATACCTCGTCTCTACTAAAAATACAAATATATATATATATGCCGGGTGTGGTGGCTGGGTATGATGGCAGGCGCCTGTAGTCCTAGCTATTTGGGAGGCTGAGGCAGGAGAATCACTTGAACCTGGCAGGCGGAGGTTAGAGTGAGCCAAGATCATGCCACTGCACTCCAGCCTGGGAGACAGAGCGAGACTCCATCTCAAAAAACAAACAAACAAACAAAC","GGCTAGGCCTGGTGGCTCATGCCTGTAATCCCAGCACTTTGAGAGGCTGAGGCGGGGAGATCACTGGAAGTCAGGAGTTTGAGACTAGCCTGGCCAACTTGGTGAGACCTCGTCTCTATTAAAAATACAAATATATATATATATATATATATGCTGGGTGTGGTGGCTGGGTGTGATGGCAGGTGCCTGTAATCCCAGCACTTTGAGAGGCTGAGGCGGGGAGATCACTTGAACCTGGGAGGCGGAGGTTAGAGTGAGCCAAGATCATGCCACTGCACTCCAGCCTGGGAGACAGAGCGAGACTCCATCTCAAAAAACAAACAAACAAA"
"chr1","4890278","4890574","chr1","17699624","17699919","34","12809346","GCCTGGCATGGTGGTTCACACCTGTAATGCTAGTACTTTGGGAGGCCAAGGTGGGCAGATCACCTGAGGTCAGGAGTTCGAGACCAGCCTGACCAACACGATGAAACCCTGTCTCTACTAAAAATACAGAAAATTAGCTGGACATGGTGGTGGGCACCTGTAATTTCAGCTACTCTGGAGGCTGAGGCAGGAGAATCGCTTGAACCTGGGAGATGGAGGTTGCAGCGAGCCGAGATCACACCACTGCACTCCAGCCTGGGTGACAGAGCGAGACTCTGTCTCACAAAAAAAGTAAAA","GGCCAGGCATGGTGGCTCACACCTGTAATCTCACCACTTTGGGAGGCCGAGGCAGGCAGATCACCTGAGGTCAGGAGTTTGAGACCAGCCTGACTAACATGGTGAAACCCTGTCTCTACTAAAAATACAAAAATTAGCCAGGCGTAGTGGTGGGCGCCTGTAATCCCAGCTACTCGGGAGGCTGAGGCAGGAGAATCGCTTGAACCTGGGAGGTGGAGGTTGCAGTGAGCCGAGATTGCGCCATTGCACTCCAGCCTGGGTGACAGAGCGAGCCTCTGTCTCAAAAAAAAAAAAAA"
"chr1","4994135","4994428","chr20","126626017","126626322","26","121631882","GGCTGGGTGCAGTGGCTCACACTTGTAATGCCAGCACTTTGGGAGGCCAAGGCAGACAGGTCACCTGAGGTCAGGAGCTCGAGAGCAGCCTGGCCAACATGGTGAAACCCTGTCTCTACTAAAAATACAAAAATTAGCTGGGTATGGTGCTGGGCACCTGTAATCCCAGCTTCTCAGGAGGCTGAGGCAGGCAAATCACTTGAACCCGAGAGGTGGAGTTTGCAGTGAGCCAAGACTGTGCTACTGCATTCCAACCTGGGCAGCATAGTGAGACTCCATCTCAAAAAAAAAAAA","GGCTGGGTGCAGTGGCTCACACTTGTAATGCCAGCACTTTGGAAGGCCAAGGCAGGTGAGTCACCTGAGGTCAGGAGCTCGAGAGCAGCCTGGCCAGCATGGTGAAATCCTGTCTTTACTAAAAATACAAAAATTAGCTGGGTGTGGTGCTGGGCACCTGTAATCCCAGCTTCTCAGGAGGCTGAGGCAGGAGAATCACTTGAACCCAAGAGGTGGAGTTTGCAGTGAGCCAAGATTGTGCTACTGCATTCCAACCTGGGCAACATAGTGAGACTCCATCTCAAAAAAACAAACAAACAAACAAAA"
"chr1","5011984","5012299","chr19","13805333","13805644","42","8793349","GGCCTGGGCACAGTGGCTCACGCCTGTAATCCCAGCACTTTGGGAGGCTGAGGTGGGCAGATCACCTGAGGTCAGGAGTTCGAGACCAGCCTGGTCAACATGGTGAAGCCTCATCTCTACTAAAAATACAAAAATTAGCCAGGCATCATGGTGGACACCTGTAATTCCAGTTACTTGGGGGGCTGATGCAGGAGAATCACTTTAACTCAGGAGATGGAGGTTGCAGTGAGCCAAGACTGTACCACTGTACTCCAGCCTGGGTGACAGATTGAGACTCTGTCTCAAAAATAATAATATAAAAAATAAAAAATAAAAA","GGCCAGGCACAGTGGCTCTTGCCTGTAATCCCAGCACTTTGGGAGGCTGAGGCAGGCAGATCACTTGAGGTCAGGAGTTCGAGACCAGCCTGGCCAACATGGTGAAACCCCATCTCTACTAAAAATACAAAAATTAACTAGGCATGGTGGTGGGCACCTGTAATCCCAGCTATTTGAGAGGCTGAGGCAGGAGAATCACTTGAACCTGGGAGGTGGAGGTTGCAGTAAGCCAAGATGGCACCACTGCATTCCAGCCTGGGCAACAGAGTGAGACTCTGTCTCAAAAAAATAAAAATAAATAAATAAAATAAA"
"chr1","5060945","5061250","chr20","126560440","126560735","39","121499495","GGCCGGGCTCGGTGGCTCACGCCTGTAATCCCAGCACTTTGGCAGGCTGAGGTGGGCAGATTATGAGGTCAGGAGTTCAAGACCAGCCTGGCCAATATGGGGAAACCACATCTGTACTAAAAATACAAAAATTAGCTGGGCATGGTGGCAGTTGCCTTTAATCCCAGCTACTCGGGAGGCTGAGGCAGGTGAATCACTTGAACCTGGGAGGAAGAGGTTGCAGTGAGCTGAGATCACACCATTGAACTCCAGCCTGGGTGACAGGGTGAGACTGTATCTCAAAAAGAGAAAAAAAAAAAGAATAAA","GGCCGGGTGCAGTGGCTCATGCCTGTAATCCCAGCACTTTGGGAGGCTGAGGTGGGTGGATTATTAGGTCAGGAGTTTGAGACCATCCTGGCCAACATGGTGAAACCCTGTCTCTACTAAAAATACAAAAATTAGCTGGGCATGGTGGCGGGCGCCTTTAATCCCAGCTACTCGGGAGGCTGAGGCAGGAGAATCGCTTAAACCCGGGAGGTGGAGGTTGCAGTGAGCTGAGATCGCACCATTGAACTCCAGCCTGGGTGACAGGGTGAGACTCTGTCTCAAAAAAAAAGAATAAA"
"chr1","5067657","5067961","chr5","24815818","24816124","32","19748161","GGCCAGGTGCAGTGGCTCATGCCTGTAATCCCAGCACCTTGGGAGGCTGAGGTGGGTGGATCATGCAGTCAGGAGTTCGAGACCAGCCTGGCCAACATGTTGAAACCCCATCTCTACTAAAAATACAAAAATTAGCCAGGTGTGGTGGCGGGTGCCTATTATCCCAACTACTCAGGAGGCTGAGGCAGGAGAATCACTTGAATCCGGGAGGTGGAAGTTGCAGTGAGCTGAGATTGCACCACTGCACTCCAGCCTAGGCAACAGAGTGAGACTCCATCTCAAAAAAAAAAAAAGAAAGAAAGAAA","GGCCAAGTGCAGTGGCTCATGGCTGTAATCCCAGCACTTTGGGAGGCCTACGTGGATGGATCACTTGAGTCAGGAGTTCAAGACCAGCCTCGCCAACATAGTGAAACCCCATCTCCACTAAAAATACAAAAATTAGCCAGGTGTGGTGGCGGGTGCCTGTAGCTCCAGCTACTCAGGAGGCTGAGGCAGGAGAATCACTTGAACCCGGGAGGTGGAGGTTGCAGTGAGCTGAGATCATGCCACTGCACTCCAGCCTGGGCAACAGAGTGAGACTTCATCTCAAAAAAAAAAAAAAAAAAAAAAAAAA"
"chr1","5073971","5074261","chr9","32433526","32433823","51","27359555","GGCTTATGCCTATAATCCCAGCACTCTGGGAGGCCAAGGCAGGTGGATCAGTTGAGGTCAGGGGTCTGAAACCAGGCTGGCCAACATAGCGAAACCTCACCTCTACTAAAAATACAAAAATTATTCAGGTGTGGTGGCAGATGCCTATAATCCCGGCTACTCAGGAGGCTGAGACATGAGAATTGCTTGAACCCAGGGGTGGAGGTTTCAGTGAGCCGAGATCATGCCATTGCACTATAGCCTGGGTGACAGAGTAAGATTTTCAAAAAAAAAAAAAAAAAAAAGACAAAA","GCTTATGCCTGTAATCCCAGCACTTTGGGAGGCCGAGGCGGATGGATCACTTAAGGTCAGGAGTTTGAGACCAGCCTGACCAGCATGGCAAAACCCCAACTCTACTAAAAATACAAAAATTAGCCAGGCATGGTGGCAGGTGCCTGCAATCCCAGCTACTTAGGAGGCTGAGGCAGGAGAATCACTTGAACCCTGGAGGTGGAGGTTGCGGTGAGTCAAGATCATGTCACTGCACTCCAGCCTGGGTGACAGAGTGAGACTCCATATCAAAAAAAAAAAAAAAGAAAAAAGAAAAGAA"
"chr1","5112587","5112880","chr20","126509938","126510232","29","121397351","GCTGGGTGCCATGGCTCACGCCTGTAATCCCAGCACTTTGGGAGGCCAAGGTGATTGGATCAATTGAGCTCAGGAGTTGGAGACCAGGCTGGGCAACATGACAAAACCCCATCTCTACTAAAAAATACAAAAATTAGCCAGGCGTCGTGGCAGGAGCCTGTAGTACCAACTACTCGGGAAGCTGAGGTAAGAGAATTGCTTGAACCAGAGGCAGAGGTTGCAGTGAGCTGAGGATCTTGCCACTGCACTCCAGCCTGGGTGACAGGGCAAGACTTCATTTCAAAGAAAAAAAAA","GGCTGAGTGCCATGGTTCACACCTGTAATTCCAGCACTTTGGGAGGCTGAACTGATTGGATCACTTGAGCACAGGAGTTGGAGAACAGCCTGGGCAACATGATAAAACCCCATCTCTATTAAAAAATACAAAAATTAGCCAGGCGTGGTGGCAGGAGCCTGTAGTCCCAACTACTTGGAAGCTGAGGCAGGAGAATTGCTTGAACTGGAGGTAGAGGTTGCAGTGAGCCAAGGATCTTGCCACTGCACTCCAGCCTGGGCGACAGGGCAAGACTCCATTTCAAAGAAAAAAAAAA"
"chr1","5200051","5200368","chr11","61015955","61016272","53","55815904","GGCTGGGTGGGTGGCTCACACTTGTAATCCCAGCACTTTGGAAGGCTAAGGCGGGTGGATCACCTGACATTAAGAGTTTGGGACCAGCCTGGCCAACATGGTGAAACGCTATCTCTACTCTAAATACAAAAATTAGCCAGGCGTGGTGGTGGGCATCTGTAATCCCAGCTACTCAGGAGGCTGAGGCAGGAGGCAGGAGAATCGCTTGTACCCTGGAAGCAGAGGCTGCAGTGAGCTGAGATCACACCACTGTACTCTAGCCTGGAAGACAGCGAGACTCCGTCCCCCCAACCAAAAAAAAAAAAAAAAAAAGAAAAA","GGCTGGGTGCAGTGGCTCACGCCTGTAATCCCAGCCCTTTGGGAGGCCGAGGCGGGCAGATCACCTGAGGTCAGGGGTTTGAGACCAACCTGGCCATCATGTCGAAACCCGATCTTTACCAAAAATACAAAAATTAGCCAGGTGTGGTGGTGGGCGTCTGTAATCCCAGCTACTCTGGAGGCTGAGGCTAAGGCAGGAGAATCGCTTGAATCTGAAATGCAGAGGTTGCAGTGAGCTGAGATCACACCACTGGACTCCAGCCTGGGTGACAGAGCGAGACTCCATCTCAAAAAAAAAAAAAAAAAAAGAAAGAAAGAA"
"chr1","5403511","5403783","chrX","105293235","105293508","37","99889724","GGCCGTGCATGGTGGCTCACTCCTGTAATCCCAGCACTTTGGGAGGCTGAGGCGGGCAGATCATGAGGTCAGGAGTTTGAGACCAGCCTGGGCAACATGGAGAAACCCCATCTCCACTAAAAATACAAAAAGTAGATGGGCGTGGTGGCAGGTGACTGTAATCACCCCTGCTCAGGAGGCTGAGGCAGGAGAATCCTTTGAACCCAGGAGGCTGAGGTTGCAGTGAGCCAAGATTTTGCCATTGCACTCCAGCCTGGGCGACAGGGCAAGACT","GGCCAGGTGCAGTGGCTCATGCCTGTAATCCCAGCACTTTGGGAGGCCGAGGCGGGCAGATCACCTAAGGTCAGGAGTTTGAGACCAGCCTAGCTAACATGGCGAAACCCCCTCTCTACTAAAAATACAAAAATTAGCCCGGTGTGATGGCAGGTGCCTGTAATCTCAACTACTCAGGAGGCTGAGGCAGGAGAATCCCTTGAACCCAGGAGGCGGAGGTTGCAGTGAGCCAAGATCACACCATTGCATTCCAGCCTCGGCGACAGAGCAAGAC"
"chr1","5540989","5541298","chr5","26410686","26410992","32","20869697","GGCCGGGCATGGTGGCTCACACCTGTAATACCAGCAGTTTGGGAGGCTGAGGTGGGGGGGTCGCTTGAGGTCAGGAGTTCAAGACCAGCCTGGCCAACATGCAGAAACCCCATCTCTACTAAAAATACAAAAATTAGCCAGGTGTGGTGGTGGGTGCCTGTAATCCCAGCTACTTGGGAGGCTGAGGCAAGAGAATCACTTGAACCCAGGAGGTGGAGGTTGCAGTGAGCTGAGATCATGCCACTGCACTCCAGCCTGGGTGACAGAGCAAGACTGTCTCAAAAAAACAAAAACAAAAACAAAAAACAAA","GGCCAGGCATGGTGGCTTAAGCCTGTAATCCCAGCACTTTGGGAGGCCGAGGCGGGTGATCACCTGAGGTCAGGAGTTCAAGACCAGCCTGGCCAACATGGCAAAACCCCATCTCTACTAAAAATACAAAAATTAGCCAGGTGTGGTGGCGGGTGCCTGTAGTCCCAGCTACTCAGGAGGCTGAGGCAGGAGAATCACTTGAACCCAGGAGGCGGAGGTTGCAGTGAGCTGAGATTACACAACTGCACTCCAGCCTGGGTGACAGAGCGAGACTCCGTCTCAAAAAAAAAAAAAAAAAAAAAAAAAA"
"chr1","5553209","5553498","chr15","66593575","66593867","38","61040366","GGCCAGGTGCAGTGGCTCAAGCCTGGAATCCCAGCATTTTGGGAGGCTGAGGTGGGCAGATCACCTTAGGTCAGGAGTTTGAGACCAGCTGGCCAACATGGTGAAACCGTCTCTACTAAAAACACAAAAATTAGCTGGACATGGTGGCAGGCGTCTCTAATCCCAGCTGCTCCGGAGGCTGAGGCAGGAGAATTGCTTGAACCTGGGAGTTGGAGTTTGCAGTGAGCCGAGATGGTACCACAGCACTCCAGCCTGGGTGACAGAGTGAGACTCCATCTAAAATAAATAAA","GGCCAGGAGCGGTGGCTCACGCCGGTAATCCCAGCACTTTGGGAGGCCGAGGCGGGTGGATCACCTGAGGTCAGGAGTTTGAGACCAGCCTGGCCAACACGGTGAAACCTTGTCTCTACTAAAAATACAAAAATTAGCTGGGCATGGTGGCAGGCCCCTGTAATCCCAGCTACTCAGGAGGCTGAGGCAGGAGGATTGCTTGAACCCAGGAGGTGGAGGTTACAGTGAGCCAAGATTGTGCCACTGCACTTCAGCCTGGGTGACAGAGTAAGACTCCATCTCAAAAAAGAAAG"
"chr1","5573246","5573551","chr1","108065343","108065645","36","102492097","GGCTGGGCGCAGTGCCTCAGGCCTGTAATCTCAGCACTTTGGGAGGCTGAGGTGGTGAATCGCTTGAGGTCAGGAGTTCGAGACCAGCCTGGCCAACATGGGGAAACCCCATCTCTACTAAAAATACAAAAATTAGCCAGGCGTGGTTGTGGGTGCCTGTAATCCCAGCTACTTGGGAGGCTGAGGTAGGAGAATCCCTTGAACCCAGGAGGTGGAGGTTGCAGTGAGCCGATATGGCCCCATTGCACTCCAGCCTGGGCGACAGAGCAAGACTTTGTCTCAAAAACAAACGAACAAAAACAAAAA","GGCTGGGCGCAGTGGCTCATGCCTATAACCCCAGCAGTTTGGGAGGCTGAGGTCGGGGAATCACTTGAGGTCAGGAGTTCGAGACCAGCCTGGCCAACATGGTGAAACCCCGTCTCTACTAAAAATACAAAAATTAGCCGGGTATGGTGGTGGGTGCCTGTAATCCCAGCTACTCAGGAGGCTGAGCCAGGAGAATGCCTTGAACCCAGGAGGTGGAGGTTGCAGTGAGCCGAGATCATGTCATTGCACTCCAGCCTAGGCCACAGAACGAGACTCTGTCTCAAAAAAACAAACAAACAAAAA"
"chr1","5671136","5671432","chr20","126031775","126032069","29","120360639","GGCCAGGTGCAGTGGTTCACACCTGTAATCCCAGCACTTCAGGACCCAGAGGCGGGCGGATCACTTGAGGTCAGGAGTTCAAGACCAGCCTGTCCAACATAGCGAAACCCCATCTCTACTAAAAATATACAGAATTACCCAGGCGTGGTGGTGGGCACCTGTAATCCCAGCTACTCCGGAGGCTGAGGCAGGAGAATCGCTTGAACCCAGGAGGAGGAGGTTGCAGTGAGCCAAGATTGTGCCACTGCACTCCAGCCTGGGCATCGGAGTGACAGCCTGTCTCAAAAAAAAAAAAAA","GGCCAGGTGTGGTGGCTCACACCTGTAATCCCAGCACTTCGGGACCCAGAGGCGTGCGGATCACTTGATGTCAGGAGTTCAAGACCTCCCTGTCCAATTATGGCGAAACCCCGTCTCTACTAAAAACATAAAAAATTACCCAGGCATAGTTGTGGGCACCTGTAATCCCAGCTACTCTGGGGGCTGAGGCAGGAGAATCGCTTGAACCCAGGAGGCAGAGATTGCAGTGAGCCAAGATTGTGCCACTGCACTTCAGCCTGGGCATCGGAGTGAGAGCTTGTCTCAAAAAAAAAAA"
"chr1","5743579","5743878","chr20","125960204","125960508","38","120216625","GGCTGGGCGCGGTGGCTCACACCTTTAATCCCAGCACTTTGGGAGGCCAAGGCAGGTGGATCACCTGATGTCAGGAGTTCAAGACCAGCCCAGCCAATATGTGAAACCCCGTCTCTACTAAAAATACAAAAATTAGCTGGGCATGGTGGCAGGCACCTATAATCCCTACACAGGAGGCTGAGGCAGGAGAATCACTTGAACCTGGGAGGCAGAAGTTTCAGAGAGCCGAGATCGCACCACTGCAGTCTACCCTGGGCAACAGGGTGAGACTCGCATCTCAAATAAATAAATAAATAAATA","GGCTGGGCACGGTGGCTCACACCTGTAATCCCAGCACTTTGGGAGGCCGAGGCGGGTGGATCACCTGAGGTCAGGAGTTCAAGACCAGCCTGGCCAATATGGTGAAACCCCGTCTGTCTCTACTAAAAATACAAAAATTAGCTGGGCATGGTGGCACCTATAATCCCTACTCAGGAGGCTGAGGCAGGAGAATCACTTGAACCCGGGAGGCGGAGATTGCAGTGAGCTGAGATCGAAACACTGCACTCCAGCCTGGGCAACAGGGTGAGACTCGCATCTCAAAAAACAACAAAAACAAAAATAAA"
"chr1","5755593","5755755","chr20","125948653","125948819","11","120193060","GCTGGGTGTGGTATCAGGTGCCTATAATCCCAGCTACCCAGGAGGCTGAAGCAGGGGAATCACTTGAACCTGGGAGGCAGAGGTTGCAGAGAGCTAAGATTGTGCCACTGAACTCCAGCCTGGGTGACAGAGCAAGACTCCATCTCAAAAATAAATAAATAAA","GCTGGGTGTGGTAGCAGGTGCCTATAATCCCAGCTACCCAGGAGGCTGAAGCAGGAGAATCACTTGAACCTGGGAGGCAGAGGTTGCAGTGAGCCAAGATTGTGCCACTGAACTCCAACCTAGGTGACAGAGGCGAGACTCCATCTCAAAAATAAATAAATATAAAA"
"chr1","5793421","5793633","chr9","61704066","61704306","64","55910645","GGCTGGGTGTGGTGGCTCACACCTGTAATCCCAGCACTTTGGGAGGCCGAGGTGGGTGAGTCACCTGAGGTCAGGAGTTTGAGACCCTGTCTCTACTAAAAATACAAAAATTAGCCAGGTGTTGTAGCAGGCGCCTGTGGTCCCAGCTACTTGGGAGGCTGAGACAGCAGAATCACTTGAACCCAGGAGGCAGAGGTTGCAGTGAGCCAAGAT","GGCCGGGCGCAGTGGCTCATGCCTGTAATCCCAGCACTTTGGGAGGCTGAGGTGAGTGGATCACTTGAGGTCAGAAGTTTGAGACCAGCCTGGCCACCATGGTGAAATCCCATCTCTACTAAAAATACAAAAATTAGCCAGGCGTGGTGGTGGGCACCTTTAATCTCAGCTATCCAGGAGGCTGAGGCAGGAGAATTGCTTGAACCCAGGAGGAGGAGGTTGTGGTGAGCTGAGATCATGC"
"chr1","5816150","5816453","chr2","58987877","58988180","33","53171727","GGCTGGGCACGGTGGCTCACGACTGTGATCCCAGCACTTTGGGAGGCCAAGGTAGGCAGTTCACCTGAGGTCAGGAGGTCGAGACCAGCCTGGCCAACATGGTGAAACCCCATCTCTATTAAAAACACAAAAATTAACCAGGCATGGTGGCAGGTGCCTGTAATCCCAGCTACTCAGGAGGCTGAGGCAGGAGAATCGCTTGAGCCCGGGAGGTGGAGGTTGCAGTGAGCCGAGATCGCACCACTGCACTCCAGCCTGGGCAACAGAGCGAGAATCTGTCTGGAAAAAAAAAAAAAAAAAAAAA","GGCCGGGCGCAGTGGCTCACGCCTGTAATCCGAGCATTTTGGGAGGCCGAGGCAGCCAGACCACCTGAGGTCAGGAGTTCAAGACCAGCCTGGCCAACATGGCAAAACCCTGTCTCTACTAAAAATACAAAAATTAGCCGGGCATGGTGGCAGGTGTCTGTAATCCCAGCTACTCGGGAGGCTGAGGCAGGAGAATCGCTTGAACCCGGGAGGCGGAGGTTGCAGTGAGCCGAGATCGCACCATGGCACTCCAGCCTGGGCAACAGAGGGGGACTCTGTCTCAAAAAAAAAAAAAAAAAAAAAA"
"chr1","5906314","5906612","chr20","125808615","125808900","32","119902301","GGCCGGGTGCAGTGACTCACATCTGCAATCCCAGCACTTTGAGAGGCACACAGATCACCTAAGGTCAGGAGTTCAAGAGCAGCCTGGCCAACATGATGAAACCCCATCTCTACTAAAAATATAAAAATTAGCCAGGCATGGTGGTGGGCACCTATAATCCCAGCTACTTGGGAGGCTGAGCCAGAAGAATCGCTTGAACCTGGGAGATGGAGGTTGCAGTGAGCTGAGACTGCACCACTGCACTCCAGCCTGGGTTACAGAGCAGGACTTCATCTCAAAAAAAAAAAAAAAAAAAAAAA","GGCCGGGTGCAGTGACTCACATCTGCAATCCCAGCACTTCGAGAGGCACGCAGATCACCTAAGGTCAGGAGTTCAAGACCAGCCTGGCCAACATGATGAAACCCCATCTCTACTAAAAATATAAAAATTAGCCGGGTGTGGTGGCGGGCACCTGTAATCCTAGCTACTTGGGAGGCTGAGCCAGAAGAATTGCTTGAACCCAGGAGACGGAGATTGCAGTGAGTTGAGACTGCGCCACTTCACTCCAGCCTGGGTTACAGAGTAGGACTTAAAAAAAAAAAAAGAA"
"chr1","5914198","5914491","chr20","125800803","125801099","24","119886605","GCCAGGCACAGTGGCTCACGCCTGTAATCCCAGCACTTTGGGAGGTCGAGGCGGGTGGATCACCTGAGGTCAGGAGTTCAAGACCACCCTGGCTGACATGGTGAAACCCCATCTTTAGTAAAAATACAAAAATCAGCTGGGCATGGTTGCAGGCACCTGTAATCCCAGCTACTCGGGAGGCTGAGGCAGGAGAATCGCTTGAACCTAGAAGGTGGAGGTTGCAGGGAGCCAAGATCACACCACTGCACTCCAGCCTGGGCGACAGAGTGAGACTCCATCTCAACAACAAAAAAA","GCCAGGCGCAGTGGCTCACGCCTGTAATCCCAGCACTTTGGCAGGCCGAGGCGGGTGGATCACCTGAGGTCAGGAGTTCAAGACCACCCTGGCTGACATGGGGAAATCCCATTCTCTACTAAAAATACAAAAATCAGCTGGGCATGGTGGCCGGCACCTGTAATCCCAGCTACTCGGGAGGCTGAGGCAGGAGAATCGCTTGAACCTAGAAGGTGAAGGTTGCAGGGAGCCGAGATCACACCACCGCACTCCAGCTTGGGCGATAGTGAGATTCGGTCTCAACAACAACAAAAAAAA"
"chr1","5944795","5945092","chr20","125777966","125778259","37","119833171","GGCCAGGCGCCATGGCTCACACCTGTAATCCCAGCATTTTGGGAGGCCGAGGTAGGTGGATCACCTGAGGTCAGGAGTTCGAGACCTGCCTGGCCAACGTGGTGAAACCCCGTCTCTACTGAAAATACAAAAATTAGCTGGGCATGGTCGTGAACACTTGTAATCCCAGCTACTCGGGAGGCTGAGGGAGGAGGATCACTTGAACCCAGAAGGCGGAGGTTGTAGTGAGCCAAGATTGTGCCACTTCACTCTTGCCTGGGTGACAGAGCAAGACTGTCTCAAAAAAAAAAAAAAAAAA","GGCCAGGCACCATGCCTCATGCCTATAATCCCAGCACTTTGGGAGGCCGAGGTGGGTGGATCACCTGAGGTCAGGAGTTCAAGACCAGCCTGGCCAACGTGGTCAAACCCCATCTCTACTAAAAATACAAAAATTAGCCGGAAATGGTGGCTAACACGTGTAATCCCAGCTACTTGGGAGGCTGAGGGAGGAGGATCGCTTGAACCTGGAAGGCAGAGGCTGTAGTGAGCTGAGATTGTGCCACTGCACTCCTGCCAGGGCAACAGAGCAAGACTGTCTCAAAAAAAGAAAAAA"
"chr1","5950027","5950336","chr8","10801167","10801476","33","4851140","GGCCAGGAGCGGTGGCTCACGCCTGTAATCCCAGCACTTTGGGAGGCCAAGGCAGGCAGATCACCTGAGATCAGGAGTTCGAGACCAGCCTGGTCAACATGGTGAAACCCTGTCTCTACTAAAAACACAAAAATTAGCCAGGTGTGAGGGCAGGTGCCTGTAATCCTAGCAACTGGGGAGGCTGAGGCAGGAGAATTGCTTGAACTCGGGAGGCGGAGGTTGCAGTGAGCCGAGATCATGCCACTGCACTGCAGCCTGGGTGACAGCAAGATTCTGTCTCAAAAAAAAAAAAAAAAAAAAAAAAAGAAAA","GGCCAGGCACAGTGGCTCACGCCTGTAATCCCAGCACTTTGGGAGGCCAAGGTGGGTGGATCACCTGAGGTCAGGAGTTCGAGACCAGCCTGGCCAACATGGTGAAACCCTGTCTCTACTAAAAATACAAAAATTAGCCAGGCGTGGTGGCAGGTGCCTGTAATCCCAGCTACTTGGGAGGCTGAGGCAGGAGAATTGCTTGAACCCAGGAGGCGGAGGTTGCAGTGAGCCGAGATCATGACACTGCATTCCAGCCTGGGCGACCAGAGCAAGACTCCGTCTCAAAAAAAACAAAACAAAACAAAAAAAA"
"chr1","5998790","5999098","chr8","97853087","97853398","39","91854297","GCCAGGCACAGGGGCTCACGCCTGTAATCTCAGCACTTTGGGAGGCCGAGGTGGGTGGATCACCGGAGGTCAAGAGTTCGAAATCAGCCTGGCCAACATGATGAAACCGTCTCTACTAAAAATACAAAAAGTAGCTGGGCATGGTGGCGGGCACCTGTAGTCCTGGCTACTTGGTAGGCTGAGGCAGGAGAATCACTTGAACCTGGGAGGTGGAAGTTGTGGTGAGCTGAGATCCCGCCACTGCACTCCAGCCTGGGTGACAGAGTGAGACTCCATCTCAAAAAACAAAAAACAAAAAACAAAAAAAAA","GACCAGGCATGGTGGCTCGCACCTGAAATCACAGCAATTTGGGAGGCCGAGGTGGGTGGATCACTTGAGGTCAAGAGTTTGAGACCAGCCTGGCCAACATGGTGAAAACCCATCTCTACTAAAAATACAAAAATTAGTGAGGCATGATGGTGGGCACCTGTAATCCCTGCTACTTGGGAGGCTGAGACAGGAGAATCACTTGAACCTGGGAGGTGGAAGTTGCAGTGAGCTGAGATCATCCCACTGCACTCCAGCCTTGGTGACAGGGTGAGACTCCATCTCAAAAAAGAAAAGAAAAAAAAAAAAAAAAAA"
"chr1","6001281","6001560","chr20","125720049","125720333","28","119718768","GGTGGCTCACACCTGTAATCCCAGCACTTTGGGAGGCCGAGGCAGGCAGATCACTTGAGGTCAGGAGTTCGAGACCATCTTGGCCAACATAGTGAAACCCCATTGTAAAAAATACAAAAATTAGCCGGGCATGGTGGCAGGTGCCTGCAATCCCAGCTACTCGAGAGGCTGAGGCAGGAGAATTGCTTGAACCTGGGAGGCGGAGGTTGCAGTGAGCCAAGATAGCGCCTCTGCACTGCAGCCTGGGCGTCAGAGCAAGACTGTCTCAAAAAAAAAAAAA","GGTGGCTCACACCTGTAATTCCAGCACTTTGGGAGGCCAACGCAGGCAGATCACTTGAAGTCAGGAGTTGAAGACCATCTTGGCCAACATGGTGAAACCCCGTTGTAAAAATACAAAAATTAGCTGGGCATGGTGGCAGGTGCCTGTAATCCCACCTACTCGAGAGACTCAGGCTGGAGAATTACTTGAACCTGGGAGGTGGAGGTTGCAGTGAGCCAAGATCGCGCCACTGCACTGCAGGCTGGGTGTCAGAGCAAGATTCTTTCTCAAAAAAAAAAAAAAAAA"
"chr1","6004771","6005056","chr20_KE148057v1_random","2791","3077","17","6001980","CATGCCTGTAATCCCAACACTTTGGGAGGCCGAGGCGGGCAGATCACCTGAGGTCAGGAGTTCGAGACCAGCCTGGCCAACATGGTGAAACCCCATCTCTACACAAAAATTAGCCAGGCATGGTGGTGGGCACTTGTAATCCCAGCTACTCAGGAGGCTGAAGCAAGAGAATCACTTGAATCCAGGAGGCAGAGGTTGCAGCGAGCCGAGATCGCACTATTGCACTCCAGCCTGGGTGACAGAGCGAGACTCCGTCTCAAAAATAAATAAATAATAAAAATAGAAA","CATGCCTGTAATCCCAACACTTTGGGAGGCTGAGGCGGGCAGATCACCTGAGGTCAGGAATTCGAGACCAGCCTGGTCAACATGGTGAAACCCCATCTCTACACAAAAATTAGCCGGGCATGTTGCTGGGCGCCTGTAATCCCAGCTACTCAGGAGGCTGAGGCAAGAGAATGACTTCAACCCAGGAGGCAGAGGTTGCAGTGAGCCGAGATCGCACCATTGCACTCCAGCCCGGGTGACAGAGCGAGACTCCGTCTCAAAAATAAATAAATAATAAAAAGAGAAAA"
"chr1","6007429","6007737","chr20","125714467","125714774","38","119707038","GGCTGAACATGGTGGCTCATGTCTGTAATCCCAGCACTTTGGGAGGCCAAGGCAGGCAGATCACTTGAGGTCAGGAGTTCAAGACCAGCCTGGCCAACATGGGGAAACCCTGTTTTTATTAAAAATACAAAATTAGCTGGGTGTCATGGCAGGCACCTGTAATCCCAGCTGTTCAGGAGGTTGAGGCATGAGAATCACTTGAACCCAGGAGGCAGGGGTTGCAGTGAGCCAAGATCGCGCCACTGCACTCCAGCCTGGGTGACAGGGAGACCCTTTTTCAAAAAAAAAAAAAAAAAAAAAAAAAGATAA","GGCTGAACACGGTGGCTCACGCCTGTAATCCCAGCACTTTGGGAGGCTGATGCGGGCAGATCGCCTGAGGTCAAGAGTTCGAGACCAGTCTGGCCAACATGGCGAAACCCCATCTCTACTAAAAATACAAAATTAGCTGGGTGTCATGGCAGGCACCTGTAATCCCAGCTGCTCAGGAGGCTGAGGCATGACAATCACTTGAACCCAGGAGGCAGGGGTTGCAGTGAGCCAAGATCGTGCCACTGCACTCCAGCCTGGGTGACAGAGCGAGACTCTGTCTAAAAAAAAAGAGAGAGAGATAAGCAAAA"
"chr1","6038646","6038880","chr9","61704066","61704306","48","55665420","GCCGGGTGAGGTGGCTCACGCCCGTAATCCCAACAGTTTGGGAGGCCAAGACGGGTGGGTTACATGAGGCCAGGAGTTCGAGAGCAGCCTGGGCAACATGGCAAAAGCCTGTCTCTACTAAAAATACAAAAATTAACCAGTCGTGGTGGCGGGCACCTGTAGTCCCAGCTATTCAGGAGGCTGAGGCAGGAGAATCACTTGAACCTGGGAGGCGGAGGTTGCAGTGAGCCAAGAT","GGCCGGGCGCAGTGGCTCATGCCTGTAATCCCAGCACTTTGGGAGGCTGAGGTGAGTGGATCACTTGAGGTCAGAAGTTTGAGACCAGCCTGGCCACCATGGTGAAATCCCATCTCTACTAAAAATACAAAAATTAGCCAGGCGTGGTGGTGGGCACCTTTAATCTCAGCTATCCAGGAGGCTGAGGCAGGAGAATTGCTTGAACCCAGGAGGAGGAGGTTGTGGTGAGCTGAGATCATGC"
"chr1","6059094","6059390","chr20","125662825","125663131","35","119603731","GGCCGGGTGCGGTGACTCACACCTGTAATCCCAGCACTTTGGAAGGCTGGGGCGGGCGGATCACCTGAGGTCAGGAGTTCCAGCCTGGCCAACATGGTGAAACCCCATGTCTACTAAAAATACAAAAATTAGCTGGGCGTGGTGGGGGCGCCTGTAATCCCAGCTACTCAGGAGGCTGAGGCAGGAGAATTGCTTGAACCCAGAAGGGGGAGGTTGCAGTGAGCCGAGATCATATCACTGCACTCCAGCCTAGGCCATAGAGTAAGACTCTGTCTCAAAAAAAAAAAAAAAAGACAA","GGTCAGGTGCGTTGACTCACACCTGTAATTCCAGCACTTTGGAAGGCTGGGGCGGGCGGATCACCTGAGGTCAGGAGTTCGAGACCAGCCTGGCAAACATGGTGAAACCCCATGTCTACTAAAAATACAAAAATTAGCTGGATGTAGTGGCAGGTGCCTGTAATCCCAGCTACTCAAGAGGCTAAGGCAGGCGAACTGCTTGAACCCAGAAGGAGGAGGTTGCAGTGAGCTGAGATCATATCACTGCACTCTAGCCTGGGCAACAAAGTAAGACTGTCTTTCAACAAAAAAAAAAAAAAAAAAAAGA"
"chr1","6099680","6099927","chr20","125621828","125622089","24","119522148","GTGGGCGGATCACTTGAGGTCAGGAGTTTGAGACCAGCCTGACCAACATGGTGAAATCCTGTCTCTACTAAAAATACAAAAATTAGGCAGGTGTGGTGGCAGGTGCCTGTAATCCCAGCTACTCAGGAGGCTGAGGCAGGAGAATCACTTGAACCCGGGAAGCAGAGGCTACAGTGAGCCGAGATTGCACCACTGCACTCCAGCCTGGGTGACAGAGCGAGACTCCATCTCAAAAAAAAAAAAAAAAA","GTGGGCGGATCACTTGAGGTCAGCAGTTCGAGACCAGCCTGAACAACATGGTGAAATCCTGTCTCTACTAAAAATACAAAAATTAGCCAGGCGTGGTGGCAGGTGCCTGTAATCCCAGCTATTCAGGAGGCTGAGGCAGGAGAATCAGTTGAACCCGGGAAGCAGAGGCTATAGTGAGCCGAGATCACACCACTGCACTCCAGCCTGGGTGACAGAGCGAGACTCCATCTCAAAAAAAAAAAAAAAAAAAAAAAAAAAAAAA"
"chr1","6122860","6123161","chr8","50302365","50302662","41","44179505","GGCCAGGCACAGTGGCTCCCGCCTATAATCCCTGCACTTTGGGAGGCTAAGGTGGAAGGATCCCTTGAGGCTAGGAGTTGGAGACCAGCCTGGCCAACATAGCGAAACCCCATCTCTACTAAAAAATACAAAAATCAGCCAGGCGTGTTGGTGGACATCTGTAGTCCCAGCTACTCAGGAGGCTGAGGCGGGAGAATCACTTGAACCCAGAAGGCAGAGGTTGCAGTGAGCCGAGATCACACCATTGCACTCCAGCCTGGGTGACAGAGTGAGTCTCTGTCTCCAAAAAAAAAGCAAGCAAA","GGCCAGGCACGGTGGCTCACGCCTGAAATCCCAGCACTTTGGGAGGCCGAGGAGGGTGGATCACCTGAGGCCAGGAGTTTGAGACCAGCCTGGCCAACATGGCCAAACCCTCTCTCTACTAAAAATACAAAAATCAGCTGGGCGTGGTGGCGGGCACCTGTAATCCCAGCTACTCAGGAGACTGAGGCAGGAGAATCACTTGAACCCAGGAGGCAGAGGTTGCAGTGAGTCGAGATTGTGCCATTGCACTCCAGCCTAGGTGACAGAGTGAGACTCTGTCTCAAAAAAAAATAAAAAA"
"chr1","6155868","6156176","chr23","81704135","81704446","40","75548267","GCCAGGCACAGTGGCTCACGCCTGTAATCCCAACACTTTGGGAGGCTGAGGCGAGCAGATAACCAGAGGCCAGGAGTCTGAGACCAGCCTGGCCAACACGATGAAACCCCGTCTCTACTAAAAATACAAAAATTAGCTGGGCGTGGTGGTGGGCGCCTGTAATTCCAACTATTCGGGAGGCTGAGGCTGGAGAATCGCTCAAACCCAGGAGGTGGAGGTTGCAGTGAGCTGGGATCGCACAACTGCCCTCCAGCCTGGGCAACAGAGTGAGACTCCGTCAAAAAAAAAAAAAAAAAAGAGAGAGAGAGA","GGCCGGGCACGGTGGCTCACGCCTGTAATCCCAGCACTTTGGGAGGCTGAGGCGGGCAGATCACCTGAGGTCAGGAGTTCGAGACCAGCCTGGCCAACATGACGAAACCCCATCTCTACTAAAAATACAAAAATTAGCGGGGTGTGGTGGTGGGTGTCTGTAATCCCAGCTACTCGGGAGGCTGAGGCAGGAGAATTGCTTGAACCCAGGAGGTGGAGCTTGCAGTGAGCTGAGATTGCACCACTGCACTGCAGCCTGGGTGACAGAGCGAGACTCTGATTCAAAAAAAAAAAAAAGAAAGAAAGAAAGAAA"
"chr1","6170279","6170586","chr8","7114217","7114516","37","943938","GGCTGGGTGCAGTGGCTCACACTTGTAATCCCAGAACTTTGGGATGCCGAGGCGGGCAGATCACGGATCACCTGAGGTCAGGAGTTCGAGACCAGCCTGGCCAACATGGAGAAACCCCATCTCTACTAAAAATACAAAAATTAGCCGGGCGTGGTGGTGGGCGCCTGTAATCCCAGCTACTCGGGCGAGTGAGGCAGGAGATTCGCTTCAACCCAGGAGGCAGAGGTTGCAGTGAGCCAAGATTGCGCCACTGCACTCCAGCCTGGGTGACAGAGCGAGACTGTCTCAAAAATAGAAAAAAAAAAAAA","GGCCGGATGCAGTGGCTCACAACTGTAATCCCAACACTTTGGGAGGCCAAGGCGGGTGGATCACCTGAGGTCAGGAGTTCAAGACCAGCCTGGCCAACATGGCAAAACCCTGTCTCTACTAAAAATACAAAAATTAGCCAGGCATGGTGGTGGGTGCCTGTAATCCCAGCTACTCGGGAGGCTGAGGCAGGAGAATCGCTTGAACCCAGGAGGCAGAGGTTGCAGTGAGCCGAGATTGCGCCACTGCACTCCAGCCTGGGCGACAAAGCGAGACTCCATCTCAAAAAAAAAAAAAAAAAA"
"chr1","6180417","6180713","chr20","125546506","125546801","22","119366089","GGCTGGGCATGGTGGCTCAGGCCTATAATCCCAGCACTTTGGGAAGCCAAGGCGGGTGGATCACTTGAGGGGAGGAATTTGAGAGCAGCCTGGCCAACATGGTGAAACCCCCGTTTCTACTAAAAATACAAAAATTATCCAGGCATGGTGGCAGGTGCCTGTAGTCTCAGCTACTCAGGAGGCTGAGGCAGGACAACTGCTTGAACCCAGGAGGCGGAGGCTGCAGTGAGCCGAGATCGCGCCATTGCACAACAGCCTGGGCGATGGAGTGAGACTCCAGCTCAAAAAAAAATAAAA","GGCCGGGCATGGTGGCTCAGGCCTGTAATCCCAGCACTTTGGGAGGCCAAGGCAGGTGGATCACTTGAGGGGAGGAGTTTGAGAGCAGCCTGGCCAACATGGTGAAACCCCAGTCTCTACTAAAAATACAAAAATTAGCTGGGCGTGGTGGCAGGTGCCTGTAATCTCAGCTACTCAGGAGGCTGAGGCAGGACAACTGCTTGAACCCAGGTGGCAGAGGTTGCAGTGAAACGAGATCGCGCCACTGCACAACAGCCTGGGCAACGGAGTGAGACTCCAGCACAAAAAAAAAAAAA"
"chr1","6196721","6197002","chr17","41737008","41737295","42","35540287","GGCCGGGCGCGGTGGCTCACGCCTGTAATCCCAACAATTTGGGAGGCCGAGGCGGGCGGATCACCTGAGGTCAGGAGCTGGCCAACATGGCGAAACGCTGTCTCTAATAAAAATACAAAAATTAGCTGGGCATGGTGGCGGGCGCCTGGAGTCCCAGCTCCTCGGGAGGCTGAGGCAGAAGAATCACTTGAACCCGGGAGGCAGAGGTTGCTGTGAGTCAAGTTGGCGCCACTGCACTCCAGCCTGGGCGATAAAGCAAGAATCCGTCTCAAAAAAAAAAAA","GGCCGGGCGCGGTGGATCACGCCTGTAATCCCAACACTTTGGGAGGCCAAAGTGGGCAGATCACCTGAGGTCAGAGCTCGAGACCATGGTGAAACCCCGTCTCTACTAAAAATACAAAAATTAGCCAGGCATGGTGGTGGGCGCCTGTAATCCCAGCTGCTCCGGAGGCTGAGGCAGGAGAATCGCTTGAACCCGGGAGGCAGAGGTTACAGTGAGCCAAGATAGCACCACTGTACTCCAGCCTGGATGACAAAGCAAGATTCCGTCTCAAAAAAAAAAAAAAAAAAA"
"chr1","6207029","6207332","chrX","43907476","43907773","31","37700447","GGCCAGGCACGGTGACTCACCCCTGTAATCTCAGCACTTTGGGAGGCTGAGGCAGGTGGATCACCTGAGGTCTGGAGTTTGAGACCAGCCTGGCCAACATGGTGAAACCCCATCTCTACTAAAAATACAAAAAATTAGTGGGGCGTGGTGTCAGGCGCCTGTAATCCCAGCTACTCGGGAGGCTGAGGCAGGAGAATCGCTTGAACCCAGGAGGCAGAGGTTGCAGTGAGCCGAGATCGCACCATTACACTCCAGCCTGGGCAACAGAGCGAAACTCCATCTCAAAAGTAAAAAATAAAAAAAA","GGCCAGGCACGGTGACTCACACCTGTAATCCCAGCACTTTGGGAGGCCGAGGTGGGCGGATCACCTGAGGTCAGAGTTGGAGACCAGCCTGGCCAACATGGCGAAACCCTAGCTCTACTAAAAATACAAAAACATTAGCCGGGCATGGTGGCAGGCGCCTGTAATCCCAGCTACTCAGGAGGCTGAGGCAGGAGAATCGCTTGAACCCAGGAGGCAGAGGTTGTAGTGAGCTGAGATCGCACCACTGCACTCCAGCCTGGGCAACAGAGTGAGACTCCGTCTCAAAAAAAAAAAAAAA"
"chr1","6213670","6213965","chr20","125513819","125514126","38","119300149","GGCCAGGTACGGTGGCTCATGTCTGTTAATTGCAGTACTCTGGGAGGCCGAGGAGGGCAGATCACCTGAGGTCAGGAGCTTGAGACAAGCTTGGCCAACATGGCGAATCCCCGTCTCTACCAAAAATAGAAAAATTAGCTGGGCGTAGTGGTGGGAGCCTGTAATCCCAGCTACTTGGGAGGCTGAGGCAGGACAATTGCTTGAACCCAGGAGGCAGAGGTTGCAGTGAGCTGAGATCGCCACTGCATTCCAGCCTGGGCGACAGAGCGAAACTCCCTCTCAAAAAAAACAAAGAA","GGCCAGGTGCAGTGGCTCACGTCTGTTAACTGCAGTACTTTGGGAGGCCAAGGCAGGCAGATCACCTGAGGTCAGGAGTTTGAGACAAGCTTGGCCAACATGGTAAAACCCCGTCTCTATCAAAAACAGAAAAATTAGCCAGACGTAGTGGTGGAAGCCTGTAATCCCAGCTACTGGGGAGGCTGAGGCAGGAGAATTGCTTGAACCCAGGAGGCAGAGGTTGCAGTGAGCTAAGATCGCCATTGCATTCCAGCCTGGTCAACAGAGTGAAACTCCCTCTCAAGAAAAAAAAAAAAAAAAAAAAAGAA"
"chr1","6279704","6280014","chr20","125448765","125449068","29","119169061","GGCTGGGCGTGGTGGCTCACTCCTGTAATCCCAGCACTTTGGGAGGCCGAAGCAGTCTGATCACCTGAGGTCAGGAGTTTGAGACCAGCCTGGCCAACATGGTGAAACCCCGTCTCTACTAAAAATACAAAAATTAGCCGGGCGTGGGGGCAGGCGCCTGTAATCCCAGCTACTCGGGGGGCTGAGGTAGGAGAATCGCTTGAACCTGAGAGGCAGATGTTGCAGTGAGCCGAGATCGTGTCACTGCACTCCAGCCGGGGCGACACAGCGAGACTCCGTCTCAAAAAAAATAAAATAAAATAACCAGAAAA","GGCTGGGCCTGGTGGCTCACATCTGTAATCCCAGCACTTTGGGAGGCCGAGGCAGTCTGATCACCTGAGGTCAGGAGTTTGAAACCAGCCTGACCAACATGGTGAAACCCCGTCTCTACTAAAAATACAAAAATTAGCCGGGTGTGGTGGCGGGTGCCTGTAATCCCAGCTACTTGGGGGCTGAGATAGGAGAATCGCTTGAACCCAGGAGGCAGACGTTGCAGTGAGCCGAGATGGTGTCACTTCACTCCAGCCTGGGCGACAGAGCCAGACTCCGTCTCAAAAAAAAAAAAAAACCAAAAAA"
"chr1","6288779","6289076","chr7","87488219","87488517","39","81199440","GCTGGGCGCAGTAGCTCACACCTGTAATCCCAGCACTTTGGGAGACCAAGGCAGGTGGATCACTTGAAGTCAGGAGTTTGAGACCAGCCTGGTCAACATGGCGAAACCCTGACTCCACTAACAATACAAAAATTAGCTGGGCATGGTGACGGGCTCCTGTAATCCCAGCTACTTAGGAGGCTGACACAGGAGAATCGCTTGAACCCGGGAGGCAGAGGTTGCAGTGAGCCGAGGTTGCACCACTGCACTCCAGCCTGGGTGACAGAGAGAGACTCTTTCTCAAAAAGAAAAAGAAAGA","GGCCGGGCGTGGTGGGTCACACCTGTAATCCCAGCACTTTGGGAGACCAAGGCAGGTGAATCACCTGAGGTCAGGAGTTCGAGACCAGCCTGGCCAACATGATCAAACCCTGTCTCTACTAAAAATACAAAAAAATTAGCTGCTCATGGTGGCAGGCACCTGTAATCCCACTTACTCAGGAGGCTGAGGCAGGAGAATCACTTGAACCCGGGAGGCAGAGGTTACAGTGAGCCGAGATGGCACCATTGCACTCCAGCCTGGGTGACAGAGCGAGACTCTGTCTCAAAAAAAAAAAAAAA"
"chr1","6299465","6299780","chr20","125428438","125428740","26","119128973","GGCTGGACGTGGTGGCTCACACCTGTAATCCCAGCACTTTGGGAGGCCAAGGCAGGTGGATAACTTGAGGTCAGGAGTTCAAGACCAGCCTGGCCATCATGATGAAATCTCGTCTCTACTAAAAATACAAAAATTAGCCAGGTGTAGTGGCAGGTACCTGTAATCCCAGCTACTTGGGAGGCTGAGGCAGGATAATCACTTGAACCTGGGAGGTGGAGGTTACAGTGAGCCAAGATCACACCACTGCACTCCATCCAGCCTGGGCGACAGAACAAGACTCTGTCTCAAAAAGCAACAACAACAACAACAAAACAAA","GGCTGGACGCAGTGGCTCACACCTGTAATTGCAGCACTTTGGGAGGCCAAGGCAGGTGGATAACTTGAGGTCAGGAGTTCGAGACCAGCCTGGCCATCATGATGAAATCTTGTCTCTACTAAAAATACAAAAATTAGCCAGGTGTAGTGGCAGGCACCTGTAATCCCAGCTACTTGGGAGGCTGAGGCAGGAGAATCACTTGAACCTGGGAGGTAGAGGTTACAGTGAGCCAAGATCACGCCACTGCACTCCATCCAGCCTGGGCGACAGCGCAAGACCCTGTCTCAACAACAACAACAAAAA"
"chr1","6301189","6301499","chr2","9435379","9435682","40","3134190","GGCCAGGTGCGGTGGCTCACGCCTGTAATCCCAGCACTTTGGGAGGCCAAGGTGGGTGGATCACTTGAGGTCAGGAGTTTGAGACCAGCCTGGCCAACATGGTAAAACCCTGTCTCTACTAAAAATACAAAAATTAGTTGGGTGTGATGGCGGGTGCCTGTAATCCCAGCTGCTTGGGAGGCAGAGGCAGGAGAATCACTTGTGCCCAGGAGGGAGGGGTTACAGTGAGCCAAGATCATGCCACTCCAATCCAGCCAGCCTGGGTGACAGAGCGAGACTCTGCCTCGAAATAAAGAAATAAAGAAAGAAAA","GCCAGGCGTGGTGGCTCACACCTGTAATCCCAGCACTTTGGGAGGCTGAGGTGGGCGGATCACTTAAGGTCAGGAGTTTGAGACCAGCCTGGCCAACATGGTGAAACCTTGTCTCTACTAAAAATACAAAAATTAGCTGGGCGTGGTGGCAGGTGCCTATAATCCCAGCTACTTGGGAGGCTGAGACAGGAGAATCACTTGAATCCGGGAGGCAGGGGTTGCAGTGAGCCAAGATCACACCACTGCACTCCAGACTGGGCGACAGAGCAAGACTCTGTCTCAATAAAAAAATAAAAAAATAAAA"
"chr1","6306366","6306676","chr5","26410686","26410992","30","20104320","GGCTGGACACCATAGGTCACGCCTGTAATCCCAGCACTTTGGGAGGCCGAGGTGGGTGGATCACCTGAGGTCAGGAGTTCAAGACCGGCCTGGCCAACATGGCAAAACCCCATCTTTACTAGAAATACAAAAATTAGCCAGGTGTGGTGGCGGGCGCCTGTAGTCCCAGCTACTCGGGAGGCTGAGGCAAGAGAATCACTTGAACCTGGGAGGCGGAGGTTGCAGTGAGCTGAGATCGTGCCACTGCACTCCAGCCTGGGCGACAGAGTGAGACTCCGTCTCAAGAAAAAAAAAAAAAAAAAAAAGAAAGA","GGCCAGGCATGGTGGCTTAAGCCTGTAATCCCAGCACTTTGGGAGGCCGAGGCGGGTGATCACCTGAGGTCAGGAGTTCAAGACCAGCCTGGCCAACATGGCAAAACCCCATCTCTACTAAAAATACAAAAATTAGCCAGGTGTGGTGGCGGGTGCCTGTAGTCCCAGCTACTCAGGAGGCTGAGGCAGGAGAATCACTTGAACCCAGGAGGCGGAGGTTGCAGTGAGCTGAGATTACACAACTGCACTCCAGCCTGGGTGACAGAGCGAGACTCCGTCTCAAAAAAAAAAAAAAAAAAAAAAAAAA"
"chr1","6307842","6308124","chr20","125419812","125420106","36","119111970","GGCTGGGCAAGGTGGTTCACGCCTGTAATCCTAACACTTTGGGAGGCTGAGGCGGGTGGATCACTTGAGGTCAGGAGTTCAAGACCAGCCTGGCCAATATGGTGAAACCCTGTCTCTACTAAAAACACAAAAATTAGCCAGGTGTGGTGGCAGATGCCTGTAATCCCAGCTACTCGGGAGGCTGAGGCACAAGAATTGCTTGGACCCAGGAGGCGGAGGCTACAGTGAGCTGAGATTGTGCCACTGCACTTCAACCTGGGCTTTGTCTCAAGAAAAAAAGAAA","GGCTGGGCACAGTGGCTCACGCCTGTAATCCTAACACTCTGGGAGGCTGAGGCGGGCGGATCACTTGACGTCAGGAGTTCGAGACCAGCCTGGCCAACATGGTGAAACCCTGTCTCTACTGAAAATACAAAAACTAGCTGGACATGGTGGCGGGTGCCTGTAATCCCAGCTACTCGGGAGGCTGAGGCACGAGAATTGTTTGGACCCAGGAGGCGGAGGCTTCAGTGAGCTGAGATTGCGCCACTGCACTTCAACCTAGTCGATAGAGCGAGGCTTTGTCTCAAAAAAAAAGAAA"
"chr1","6316930","6317254","chr20","125410434","125410729","50","119093504","GGCCGGGCATGGTGGCTCGTGCCTGTAATCCCAGCAATTTGGGAGGCTGAGGCGGGTGGATCACTTGAGGTCAGGAGTTCGAGACTAGCCTGGCCAACATGGTGAAACCCCTGGCCAACATGGTGAAACCCCGCCTCTACTAAAAATACCAAAATTAGCCAGGGGTGGTGGTGGGCACCTGTAGTCTTAGCCACTCGGGAGGCTGAGGCAAGGGAATCGCTTGAATCCGGGAGATGGAGGTTGCAGTGAGCCGAGATTGCGCCACTGCACTCCAGCCTGGGCGACAGAGCGAGACTACGTCTAAAAAAATAAATAAATAAATAAA","GGCCGGGCATGGTGGCTCGCGCCTGTAATCCCAGCAATTTGGGAGGCTGAGGCAGGTGGATCACTTGAGGTCAGGAGTTCGAGACTCCTGGCCACATGGTGAAACCCTGTCTCTACTAAAAATACCAAAATTAGCCAGGTATGGTGGTGGGTAGTCTTAGCTATTCGGGAGGCTGAGGCAAGGGAATCGCTTGAACCCAGGAGGTGGAGGTTGCAGCCAGCCAAGATCGCGCCACTGCACTCCAGCCTGGGCGACAGAGCGGGACTCCATCTAAAAAGATAAAATAAAATAAAAAA"
"chr1","6345122","6345421","chr18","45603895","45604198","33","39258773","GGCCGAGCGCAGTGGCTCACACCTGTAATCCCAGCACTTTGGGAGGCCGAGGCGGGCGGAGCATGAGGTCAGGAGTTTGAGACCAGGCTGGCCAACATGGTGAAACCTCGTCTCTACTAAAAATACAAAAAAAATAGCTGGGTGTGGTGGCAGGCTCCTATAATCCCAGCTACTTGGGAGGCTGAGGCAGGAGAATTGTTTGAACCCAGGAGGCGGAGGTTGCAGTGAGCCGAGATCATGCCATTGCACTCCAGCCTGGGCCACAGGGTGAGACTGTGTCTCAAAAAAAAAAAAAAAAGA","GGCCGGGCACGGTGGCTCACGTCTGTCATCCCAGCACTTTGGGAGGCCGAGGCGGGTGGATCACCTGAGGTCAGGAGTTCGAGATCAGCCTGGCCAACATGGTGAAACCCCGTCTCTACTAAAAACACACAAAAAAATTAGCTGGGTGTGGTGGCGGGTTCCTGTAATCCCAGCTACTCGGGAGGCTGAGGCAAGAGAATCGTTTGAACCCAGGAGGCAGAGGTTGCAGTGAGCCGAGATCGCACCATTGCATTCCAGCCCGGGCGACAGAGTGAGACTCTGTCTCAAAAAAAAAAAAAAAAAA"
"chr1","6350634","6350935","chr1","68742662","68742962","29","62392028","GGCTGGGCACGGTGGCTCACGCCTGTAATCCCAGCACTTTGGGAGGCCAAGGCGGGCGGATCACCTGAGGTCAGGAGTTTGAGACCAGCCTGGCCAACATGGCAAAACTCTGTCTCTACTAAAACTACAAAAATTAGCCGGGCGTGGTGGTGGGCGCCTGTAATGCCAGCTACTTGGGAGGCTAAGGCAAGAGAATCGCTTGAACCCAGGAGGCAGAGGTTGCAGTGGGCCGAGATTGTGCCATTGCACTCCAGCCTGTGTGACAGAGTGAAACTCCGTCTCAAAAAAAAGAAAAAAAAAAA","GCCGGGCACGGTGGCTCACGCCTGTAATCCCAGCACTTTGGGAGGCCGACACGGGTGGATCACCTGAGGTCAGGAGTTCGAGATCAGCCTGGCCAACATGGCAAAACCCTGTCTCTACTAAAAATACAAAAATTAGCTGGGCGTGGTGGCGGGCGCCTGTAATCCCAGCTACTCGGGAGGCTGAGGCAGGAGAATCGCTTGAACCCAGGAGGCAGAGGTTGCAGTGAGCCGAGATTGCACCATTGCACTCCAGTCTGGGTGACAGAGCAAGAATCCATCCCAAAAAAAAAAAAAAAAAGAA"
"chr1","6358643","6358926","chr10","29076920","29077203","39","22718277","GCCTGTAATCCTAACACTTTGGGAGGCTGAGGCAGGTGGATTGCCTTTGTTCAGGAGTTTGAGACTAGCCTGGGCAACATGTTGAAATCCTGTCTCTACAAAAAATACAAAAAATTAGCCAGGTGTGGTGGCGGGCACCTGTAGTCCAAGATACTTGGGAGGCTGAGGCAGGAGAATGGCATGAACCTGGAAGGCGGAGCTTGCAGTGAGCTGAGATCGTGCCACTGCACTCCAGCCTGGGCGATACAGCGAGACTCCATCTCCAAAAAAAAAAAAAAAAGAAA","GCCTGTAATCCTAGCACTTTGGGAGGCCGACGAGAGTGGATTGTCTGAGTTCAGGAGTTTGAGAACAGCCTGGGTAACATGGTGAAACCCTGTCTCTACTAAAATACAAAAAATTAGCTGGGCGTGGTGGCAGGCGCCTGTAGTCCCAGCTACTTGGTAGGCTGAGGCAGGAGAATTGCTTGAACCCGGGAGGCGGAGGTTGCAGTGAGCCAAAATTGTGCCACTGCACTCCAGACTGGGCGACAAAGCGAGACTCCATCTCAAAAAAAAAGAAAAAGAAAAAA"
"chr1","6379631","6379852","chr20","125349812","125350042","30","118970181","GACCAGCCTGACCAACATGGTGAAACTCCATCTCTACTAAAAAAATACAAAAAAATTAGCTGGGCGTGGTGGCGGGCGTGTGTAATCCCAACTACTCAGGAGGCTGAGGCAGGAGAATCACTAGAACCTCGAAGGCAGAGGTTGCAGTGAGCCGAGATGGCATCTAGCCTGGGGGACAGGGCAAGACTCCATCTCAAAAAAAAAAAAAGAAAAGAAAAAAAA","GTTCGTAACCAGCCTGACCAACATGGCGAAACCCCATCTGTACTGAAAAAATACAAAAACATTAGCTGGGCATGGTGGCAGGTGTGTGTAATCCCAGCTACTCAGGAGGCTGAGGCAGAAGAATCACTAGAACCCTGGAGGCGGAGGTTGCAGTGAGTCAAGATGGCATCTAGCCTGGGGGACAGGGCAAGACTCTGTCTCAAAAAAAAAACAAAATAAACAAACAAAAAA"
"chr1","6380711","6381010","chr26","32063269","32063569","33","25682558","GGCCAGGCGCAGTGGCTCACGCCTGTAATCCCAGCACTCTGGGAGGCCGAGGCGGGCAGATCACCTGAGGTCAGGAGTTCAAGACCAGCCTGGCCAACATGGTGAAACCCCGTCTCTACTAAAAATACAAAAATTAGCCAGACATGATGGCGGGTACCTATAATCCCAGCAACTCAGGAGGCTGAGGTGGAAGAATCGCTTGAACCCAGGAGGCAGAGGTTGCAGTGAGCTGAGATTGTGCCATTGCATTCCAGTCTGGGTGACAGAGCGAGACTGTCTCAAAAACAAACAAACAAAAAA","GGCCAGGCACAGTGGCTCACGCCTGTAATCCCAGCACTTTGGGAGGCTGAGGCGGGGTGATCACTTGAGGTCAGGAGTTCAAGACCAGCCAGGCCAACATGGTGAAATCCTGTCTCTACTAAAAATACAAAAATTAGCTAGGCATGGTGGCGGGTACCTATAATCCCAGTTACTCAGGAGACTGAGGCAGAAGAATCACTTGAACCCAGGAGGCAGAGGTTGCAGTGAGCCGACATCATACCACTGCACTCCAGCCTGGGGGACAGAGTGAGACTCTATCTCAAAACAAACAAACGAAAAA"
"chr1","6389109","6389413","chr20","123428247","123428546","37","117039138","GGCTCGGTGCGGTGGCTCACGCCTGTAATCCCAGCACTTTGGGAGGCCAAGGCGGACAGATCACCTGAGATCGCGAGTTCAAGACCAGCCTGGCCAACATGGTGAAACCCTGTCTCTACTAAAAATACAAAAATTAGCTGAGTGTGGTGGTGGGCGCCTGTAATTCCAGCTACTCTGGAGGCTGGAGCACGACAGTCTCTTGAACCCGGGTGGCAGAGGTTGCAGTGAGCCGAGATCGCGCCACTGCACTCCAGCCTGGGCAGCAGAGAGAGACTTTGTCTCAAAAAAATAAAAATAACAATAAA","GGCTGGGTGTGGTGGCTCACGCCTGTAATCCCAGCACTTTGGGAGGCCAAGGTGGGCGGATCACTTGAGACCGGGAGTTCAAGACCAGCCTGGCCAACATGGTGAAACCCTGTCTCTACTAAAAATACAAAATTAGCTGGGCGTGGTGGCGGGCGCCTGTAGTCCCAGCTACTCGGGAGGCTGAAGCAGGAGAATCCTTTGAACCTGGGAGGTGGAGGTTGCAGTGAGCCGAGATCATGCCTCTGCACTCCAGCCTGGGCAACAGAGCAAGACTCTGTCTCCAAAAAAAAAAAAAAAAAA"
"chr1","6397642","6397955","chr20","125335624","125335951","29","118937982","GGCAGGGTATGGTGGCTCATGCCTGTAATCCCAGCACTTTGGGAGGTTGAGGCAAGCAGATCACTTGAGGTCAGGGGTTTGAGACCACCCTGGCCAACATGGTGAAACCCCATGTTCAACAAAAAAATACAAAAAATACAAAAATTAGCCAGGCATGATTGGGGGTGCCTGTAATCCCAGCTACTCGGGAGGCTGAGGCAGGAGAATCATTTGAACCTGGGAGGTGGAGGTTGCAGTGAGCCAAGATTGTGCCACTGCACTCCAGCCTGGGCCACTGAGTGAGACTCTGTCTCCAAAAAAAAAAAAAGAAAGAA","GGCAGGGTATGGTGGCTCATGCCTGTAATCCCAGCACTTTGGGAGGTTGAGGCAATCAGATCACTTGAGGTCAGGGGTTCGAGACCAGCCTGGCCAACATGGTGAAACCTCATAGTGAAACCCCATGTTCAACAAAAAAATACAAAAAATACAAAAATTAGCCAGGCACGATTGCAGGTGCCTGTAATCCCAGTTACTCAGGAGGCTGAGGCAGGAGAATCATTTGAACCTGGGAGGCAGAGGTTGCAGTGAGCCAAGATTATGCCACTGCACTCCAGCCTAGGCCACTGAGTGAGACTCTGTCTCCAAAAAAAAGAAATGAGAGAAA"
"chr1","6404631","6404920","chr20","125332342","125332631","21","118927711","GCATGGTGGCTCACACCTGTAATCCCAGCACTTTGGGAGGTCGAGACAGCCAGATCACTTGACGCCAGGAGTTTGAGGCCAGCCTGGTCAACATGGCGAAATCCCAGCTGTACCAAAAATACAAAAATTAGCTGGACATGGTGGTGGGTGTCCGTAGTCCCAGCTATTTGGGAGGCTGAGGCAGGAGAATTGCTTGAACCCAGAGGTAGAGGTTGCGGTGAGCCAAGATCACGCCACTACACTCCCGCCTGGGCAACAGAGTGAGACTCTGTCTCACACACACAAAAAAA","GGGCAAGGGGGCTCACACCTGTAATCCCAGCACTTTGGGAGGCCGAGACAGCCAGATCACTTGAGGCCAGGAGTTTGAGGCCAGCCTGGTCAACATGGCGAAATCCGAGTTGTACCAAAAATACAAAAATTAGTCAGACATGGTGGTGGGTGTCTGTAGTCCCAGCTGTTTGGGAGGCTGAGGCAGGAGAATCACTTGAACCCAGAGGTAGAGGTTACAGTGAGCCAAGATCACGTCACTACACTCCAGCCTGGGCAACAGAGTGAGACTCTGTCTCACACACAAAAAAA"
"chr1","6406933","6407233","chr29","19796485","19796789","36","13389552","GGCCGGGCGCAGTGGCTCACGCCTGTAATGCCAGCACTTTGGGAGACCAAGGTGGGCGGATCACCTGAGGTCAGGAGTTCAAGACCAGCCTGACCAACATGGTGAAACCCCGTCTCTACAAAAATGTGGAAATTAGCTGGGCATGACGGCGGGTGCCTGTAACCCCAGCTACTTGGGAGGCTGAGGAGGGATAATCAGTTGAACCCAGGAGGTGGAGGTTGCAGTGAGCCGAGATCGCACCACTGCACTCCAGCCTGGGTGACAGAGCAAGACTCCATCTCAAAAACAAACAAACAAAAAA","GGCCGGGCACCGTGGCTCACGCCTGTAATCCCAGCACTTTCGGAGGCCGAGGTGGGCAGATCACCTGAGGTCAAGAGTTCAAGACCAGCCTGGCCAACATGGTGAAACCCCATCTCTACTAAAAATACAAAAATTAGCTGGGCATGGTGGCAGGCACCTGTAATCCCAGCTACTTGGGAGGCTGAGGCAGGAGAATCGCTTGAACCCAGGAGGTGGAGGTTGCAGTGAGCCGAGATTGTGCCACTGCACTCCAGCGTGGTGACAGAGCAAGACTTCATCTCAAAAAACAAACAAACAAACAAAAA"
"chr1","6445777","6446006","chr1","8514483","8514712","28","2068706","CCAGCCCTGGCCAACATGGTGAAACCCCGTCTCTAATAAAAATACAAAAAAATTAGCTGGGCGTGGTGGCAGGCGCCTGTAATCCCAGCTACCTGGGAGGCTGAGGCAGGAGAATCATTTGAACCTGGGAGGCGAAGGTTGCAGTGAGTCGAGATCGCACCACTGCACTCCAGCCTGGGTGACAGAGCAAGACTCTGTCTCAAGAAAAGAAAAAAAAAAAAAGAAAGAAA","CCAGCCTGGCCAACATGTTGAAACACTGTCTCTACTAAAAATACAAAAATCAGCCGGGTGTGGTGGCAGGCGCCTGTAGTACCAGCTACTTGGGAGGCTGAGGCAGGAGAATCACTTGAACCTGGGAGGCGGAGGTTGCAGTGAGCCGAGATGGCGCCACTGCACTCCAGCCTGGGTGACAGAGCGAGACTCTTATCTACAAAAAAAAAAAAAAAAAAGAAGAAGAAGAA"
"chr1","6446472","6446782","chrUn_KE147541v1","563683","563994","35","5882789","GGCCAGGCGTGGTGGCTCACGCCTGTAATCCCAGCACTTTGGGAGGCCGAGGCAGGCGGATCACTTGAGGCCAGGAGTTCGAGACCGGCCTGGCCAACATGGTGAAACCCCATCTCTACTAAGAATACAAAAATTAGCCGGGCATTGTTGGCGGGCATCTGTAGTCCCAGCTACTCGGGAGGCTGAGGCGGGAGAATCGCTTGAACCCAGGAGGTGGAGGTTGCAGTGAGTCGAGATCGCACCACCGTACTCCAGCCTCAGTAACAGAGTGAGACCCTGTCTCAAAAAAATAAATAAAAAATAAAAATAAA","GGCCGGGCGTGGTGGCTCACACCTGTCATCCCAGCACTTTGGGAGGCCGAGGCGGGCGGATCACCTGAGGTCAGGAGTTCAAGACCAGCCTGACCAACATGGTGAAACCCCGTCTCTACTAAAAATACAAAAATTAGCCGGGCGAGGTGGCGGGTGCCTGTAGTCCCAGCTACTCGGGAGGCTGAGGCAGGAGAATGGCGTGAACCCGGGAGATGGAGGTTGCAGTGAGCCGAGATCGCACCACTGCACTCCAGCCTGGGCCACAGAGTGAGACTCTGTCTCAAAAAATATAAATAAATAAAAAGAAATAAA"
"chr1","6481748","6482056","chr20","125254594","125254895","35","118772846","GGCCGGGTGTGGTGGCTCATGCCTGTAATCTCAGCACTTTGGGAGGCCAAGGTGGGGGTGGATCACTTGAGATCAGGAGTTAGTGACCAGCCTGGTCAACATGGCGAAACCCCATCTCTACTAAAATACAAAAATTAGCTGGGTGTAGTGGCGGGCGCCTGTAATCCCAGCTACTGGGGAGGCTGAGGCAGAAGAATCACTTGAACCTGGGAGGTGGAGGTCGTAGTGAGCTGGGATCATGCCACTGCACTCCAACGTGAGTGACAGAGCAAGATTCCGTCTCAAAAACAAACAAACAAAAAACAAAAA","GGCTGGGTACGATGGCTCTGCCTGAATCGCAGCACTTTGGGAGGCCAGGGTGGGGGTGGATCGCTTGAGATCAGGAGTTAGTGACCAACCTGGTCAACATGGCGAAACCCTGTCTCTACTGAAATACAAAAATTAGCTGGATGTAGCGGCAGGTGCCTGTAATCCCAGCTACTCGGGAGGCTGAGGCAGGAGAATTGCTTGAACCTGGGAGGTGGAGGTTGTAGTGAGCTGGGATCATGCCACTGCACTCCAGCCTGGGCAACAGAGCAAGATTCTGTCTCAGAAAAACAAAAAACAAAAAA"
"chr1","6505553","6505851","chr20","115245212","115245514","40","108739659","GGCTGGGCACAGTGGCTCATGCCTACAATCCCAGCACTTTGGGAGGCCAAGGCGGGCGGGGATCACTTGAGGTCAGGAGTTCGAGACTAGCCTGGCCAACATGATGATATCCCATCTCTACTAAAAATACAAAAATTAGCCAAGTGTGGTGGCAGGTGCCCGTAATCTCAGCTACTCAGGAGGCTGAGGCAGGAGAGTCGCTTGAACCTGGGAGGCAGAAGTTGTAGTGAGCCGAGATCGCACCACTGCACTCCAGCCTCAGCGACCGAGTGAAACTGTGTCAAAAAAAAAAAAAAAAA","GGCTGGGCACAGTGGCTCATACCTGTAATCCCAGCACTTTGGGAGGCCGAGGCGGGTGGATCACCTGAGGTCAGGAGTTTGAGACCAGCCTGGCCAACATGGTGAAACCCCATCTCTACTAAAAATACAAAAATTAGCCAAGCGTAGTGGCGAGTGCCTATAATCCCAGCGACTCAGGAGGCTGAGGCAGGAGAATCGCTTGAACCTGGGAGGGAGAGGTTGCAGTGAGCCAAGATCGCACCACTGCACTCCAGCCTGGGTGAAAGAGCGAAACTCCATCTCAAAAAAAAAAAAGAAAGAAAA"
"chr1","6511128","6511429","chr7","131848095","131848393","32","125336967","GGCCAGGCGCAGTGACTCATGCCTGCAATCCCAACACTTTGGAGGCCGAGGAGGGTGGATCACCTGAGGTCAGGAGTTCCAGACTAGCCTGGCCAACATGGTGAAACCCCATCTCTACTAAAAATACAAAAATTAGCTGGGTGTGGTGGCGGGCATCTGTAATCCCAGCTACTGGGGAGGCTGAGGCAGGAGAACTGCTAGAACCCGGGAGGTGGGGGTTGCAGTGAGCCGAGATCACACCACTGCACTCCAGCCTGGGCAACACAGTGAGACTCTGTCTCAAAAAAATATAAAATAAAAGA","GGCTGGCTGCGGTGGCTCACACCTGTAATCCCAGCACTTTGGAAGGCCGAGGTGGGTGGATCACCTGAGGTCAGGAGTTCGAGACCAGCCTGGCCAACACGGTGAAACCCCATCTCTACTAAAACTACAAAAATTAGCTGGGTGTGGTGGCGGGCACCTGTAATCCCAGCTACTCGGGTGGCTAAGGTAGGAGAATCGCTTGAACCCAGGAGGTGGAGGTTGCAGTGAGCCGAGATCACACCACTGCACTCCAGCCTGGGTGACAAAGTGAGACTCTGTCTCAAAAAAAAAAAAAAAAA"
"chr1","6516964","6517266","chr20","125218934","125219234","41","118701970","CCAGGCACAGTGGCTTATGCCTGTAATCCCAACACCTTGGGAGGCCAAGGCAGGCGGATCCCCTGAGGTTGGAAGTTCGAGACCAGCCTGACCAATAAAGTGAAACGCCATCTCTACTAAAAATACAAAAATTAGCCGGGTGTGGTGGCAGGCGCCTGTAATCCCAGCTACTTGGGAGGCTGAAGCAGGAGAATCGCTTGAACCCAGGAGGCAGAGGTTGCAGTGACCTGAGATCAGGCCACTGCACTCCAGCCTTGGCAACAGAGTCCGTCGCAAAAGAAAAAAACAAACAAAAAAAAAAAA","CCAGGTGCAGTGGCTCATGCCTGTAATCCCAACACTTTGGGAGGCTGAGGCAAGCAGATCCCCTGAGGTTGGGAGTTCAAGACCAGCCTGACCAGTAAAAACGCCGTCTCTACTAAAAATACAAAAATTAGCCCGGTGTGGTGGCAGGAGCCTGTAATCCCAGCCACGTGGGAGGCTGAGGCAGAAAATCCCTTGAACCCGGGAGGCACAGGTTGCAGTGACCTGAGATCAGGCCACTGCATTCCAGCCTTGGCGACAGAGTGAGAGTCCGTTGCAAAAAAAAAAAAACCAAAACCAAAAA"
"chr1","6521668","6521971","chr16","62764099","62764400","37","56242431","GGCCAGGTGCAGTGGCTCACGCCTGTAATCCCAGCACTCTGGGAGGCCGAGGCGGGTGGACTACCTGAGATCAGGAGTTCCAGACCAGCTTGGGCAACACAGTGAAACCCTGTCTCTACTAACAATACAAAAAATTAGCCGGGCGTAGTGGTGGGCGCCTGTAGTCCCAGCTACTCGGGAGGCCAAGACAGGAGAATAGCTTGAACCCGGGAGGTGGAGCTTGCAGTGAGCCGAGATGGCGCCACTGTACTCCAGCCTGGGTGACAGAGTGAGACTGTCTCAAAAAAAAAAAAAAATACAAAGA","GGCCAGGCACTGTGGCTCACGCCTGTAATCCAAGCATTTTGGGAGGCCGAGGCAGGCGGATCACCTGAGGTCAGGAGTTCAAGACCAGCCTGGGCAACATGGTGAAACCCCGTCTCTACTAAAAATACAAAAATTAGCCGGGCGTGGTGGCGGGCGCCTGTAATCCCAGCTACTCTGGAGGCTGAGGCAGGAGAATCACTTGAACCCGGGAGGCGGAGGTTGCAGTGAGCCAAGATGGCGCCACTGCACTCCAGCCTGGGTGACAGAGTGAGAATCTGTCTTAAAAAAAAAAAAAAAAAAGA"
"chr1","6533133","6533407","chr6","3463657","3463944","42","3069476","GACCGGATGCCGTGGCTCACGCCTGTAATCCAGGCACTTTAGGAGGCCAAGCAGGTGGATCACCTGAGGTCAGGAGTTCGAGACCAGCCTGGCCAACATGGTGAAACCCCATCTCTACTAAAAATACAAAAATTAGCTGGGCATGGTGGCGGGCATCCATAATCCCAGCTACTCGGGAGGCTGAGGCAGGAGAATCGCTTGAACCCGGGAAGCGGAGGTTGCAGTGAACTGAGATCACACTACTTCACTCCAGCCTCGGCACTCCGTCTCAAAAA","GGCCAGATGCGGTGGCTCACACCTGTAATCCCAGCACTTTGGGAGGCCAAGGCGGGTGGATCACCTGGAGGTCAGGAGTTTGAGACCAGCCTGGCCAACATGGTGAAACCCCATCTCTACTAAAAATACAAAAATTAGCCGGGTGTGTTGGAGGGCGTCTATAATTCCAGCTACTTGGGAGGCTGAGGCAGGAGAATCGCTTGAACCCGGGAGGCAGAGGTTGCAGTGAGCCGAGATCGCACCGCTGCACTCCCGCCCCAGCGACAAAGTGAGACTCCATCTCAAAAA"
"chr1","6554297","6554506","chr11","124263168","124263380","39","117708871","GGCCGAACGTGGTGGTTCATGCCTGTCATCCCAGCACTTTGGGAGGCCAAGGGAGGCAGATCACTTGAGGTTGGGAGTTCCAGACCAGCCTGGCCAACATGGTGAAACCCCGCCTCTACTAAAAATACAAAAATTAGCCAGGCTTAGTGGCTGGTGCCTGTAATCCTGGCTACTTGGGAGGCTGAGGCACAAGAATCACTTGAACCGGGG","CCAGGTGTGGTGACTCACGCCTGTAATCCCTGCACTTTGGGAGGCCCGAGGCAGGTGGATCACTTGAGGTCAGGAGTTCGAGACCAGCCTGGCCAACATGGTGAAACCCCCATCTCTATTAAAACTACAAAAATTAGCCAGGCATGATGGTGGGTGCCTGTAATTCCAGCTACTTGGGAGGCTGAGGCAGGAGAATCACTTTAACCAGCAGGT"
"chr1","6555453","6555736","chr11","96978397","96978692","41","90422944","GTGACTCACGCCTGTAATCCAAGCACTTTGGGAGGCTGAGGCGGGTGGATTGCCTGAGCTCAGCAGTTCGAGACCAGCCTGGGCAACACAGTGAAACCCTGTCTCTACTAAAATACAAAAAAATTACCTGGGCGTGGTGGTAGGCGCCTGTAATCCCAGTTACTTGGGAGGCTGAGGAAGGATAATTGCTTGAACCTTGGAGGTGGAGGTTGCAGTGAGCAGAAATCACACCATTGCACTCCAGCCTGGGCGACAGAGCGAGACTCCCTCTCAAAAAAAAAAAA","GCCGGGCATGGTGGCTCACGCCTGTAATCCCAGCACTTTGGGAGGCCGAGGTGGGTGGATCACCTGAGGTCAGGAGTTCGAGACCAGCCTGGCCAACATGGTGAAACCCCATCTCTACTAAAAATACACAAAATTAGCTGGGCGTGGTGGTGGGCGCCTGTAATCCCGGCTACTTGGGAGGCTGAGGCAGGAGAATTGCTTGGACCTGGGAGGTGGAGGTTGCAGTGAGCCGAGATCACGCCATTGCACTCCAGCCTGGGTGACAGAGCGAGACTCCATCTCAAAAAAAAAAAAAA"
"chr1","6600984","6601277","chr25","73523511","73523804","51","66922527","GGGTGCTGTGGCTCACGCCTGTAATCACAGAACACTGGGAGGCCAAGGGAGATGGATCATTTGAGGTCAGGAGTTGGAGACTAGCCTGGCCAACATGGCAAAACCACATCTCTACAAAAAAAATACAAAAATTAGCCAGGCATGGTGACAGGTGCCTGTAATCCCACCTACTCTCCTGAGGCAGGAGAATGGCTTGAACACGGGAGGTGGAGGTTGCAGTGAGCCGAGATCATGCTACTGCACTCCAGCCTGGGGAATAGAGCAAGACTCTGTTTCAAAAAAAAAAGATAATAA","GGCCCGGTGCAGTGGCTCACGCCTGTAATCCCAGCACTTTGGGAGGCCAAGGCAGGCAGATCACCTGAGGTCAGGAGTTCGAGACTAGCCTGGCCCACATGGCAAAACCACATCTCTACTAAAAATACAAAAATTAGCCAGGCATGGTGGCGGGCGCCTGTAAACCCAGCTACTTGGGAGGCTGAGGCAGGAGAATTGCTTGAGCCCGGGGGGTGGAGGCTGCAGTGAGCTGAGATGATGCCACTGCACTCCAGCCTGGGCAACAGAGTGAGACTCTGTTGCAAAAAAAAAAAA"
"chr1","6613723","6614014","chr20","125128276","125128578","31","118514553","GGCCAAACGCAGTGGCTCACGCCTGTAATCCTAGCACTTTGGGAAGCCAAGGCAGGTGGGTCACCTGAGGCCAGGAGTTTGACACCAACCTGGGCAACATGGCGAAACCTTGTATCTACTAAAAATACAAAAATTAGGTGGGTGTGGTGGTGGGCCTGTAGTCCCAGCTACTTGGAAGGCTGAGGTGGGAGGATCACTTCAGCACAGGAGAAAGAGGCTGCAGTGAGCCAAGATTGTGCCACTGCACTCCAGCCTGGGCAACAGAGCAAGACCTGTCGCAAAAAAAAAAAAA","GGCCAAACACAGTGGCTCACGCCTGTAATCCCAGCACTTTGGGAAACCAAGGCAGGTGGGTCACTTGAGGCCAGGAGTTTGAGACCAACCTGGTCAACATGGCGAAACCCTGTATCTACTAAAAATACAAAAATTAGGTGGGTGTGGTAGTAGGCCTGTACTCCCAGCTACTTGGAAGGCTGAGGTGGGAGGATCACTTCAGTGCAGCAGAAAGAGGTTGCAGTGGGCCAAGATCATGCCACTGCACTCGAGCCTGGGCAACAGAGCAAGACCTGTCTTAAAAAAAAAAAAAAAAAAAAAAAA"
"chr1","6614216","6614529","chr20","125127780","125128095","31","118513564","GGCTGGGTGCGGTGGCTCACACCTGTAATCCCAGCACTTTGGGAGGCTGAGGCGGGTAGATCACCTGAGGTCAGGAGTTTGACACCAGCCTGGCCAACATGGTGAAACCCCCCTCTCTACCAAAAATACAAAAAAATTAGCTGGGCATGATGGCTGACACCTGTAATCCCAGCTACTTGGGAGGCTGAAGCAGGGAGAATTGCTTGAACCCAGGAGGCAGAAGTTGCAGTGAGCTGAGATCGCACCACCACACTCCAGCCTGAGCCACAGAGCAAGACTCCGTCTCAAAAAAAGAAAAAAAGAAAGAAAAGAAA","GGCTGGGTGTGGTGGCCCACGCCTGTAATCCCAGCACTTTGGACTGAGGCGGGTGGATCACCTGAGATCAGGAGTTCAAGACCAGCCTGGCCAACATGGTGAAACCCCCTCTCTACTAAAAATACAAAAAAAATTAGCTGGGCATGATGGCGGACGCCTATAATCCCACCTACTTGGGAGGCTGAGGCAGGGAGAATTGCTTGAACCCAGGAAGCAGACAGAGGTTGCAGTGAGCTGAGATCGCACCACTGCACGCCAGCCTGAGCCACAGAGCAAGACTCCGTCTCAAAAAAAAACAAAAAAAGAAAAAAAGAAA"
"chr1","6624531","6624768","chr9","61704066","61704306","43","55079535","GGCTGGGTGTGGTGGCTCACGTCTGTAATCCCAGCACTTTGGGAGGCAGAGGTGGGTGGATCACCTGAGGTCAGGAATTCGATACCAGCCCAGCCAACATGTTGAAACCCCATTTCTACTAAAAATACAAAAATCAGCTGGGTGTGTTGGTGGGCACCTGTAATCCCAGCTACTTGGGAGGCTGAAGCAGGAGAATCGCTTGAACCGGGAGGCAGAGGTTGCAGTGAGCCAAGCTTGC","GGCCGGGCGCAGTGGCTCATGCCTGTAATCCCAGCACTTTGGGAGGCTGAGGTGAGTGGATCACTTGAGGTCAGAAGTTTGAGACCAGCCTGGCCACCATGGTGAAATCCCATCTCTACTAAAAATACAAAAATTAGCCAGGCGTGGTGGTGGGCACCTTTAATCTCAGCTATCCAGGAGGCTGAGGCAGGAGAATTGCTTGAACCCAGGAGGAGGAGGTTGTGGTGAGCTGAGATCATGC"
"chr1","6626187","6626491","chr21","73499256","73499565","44","66873069","GGCCAGGCGCGGTGGCTCACACCTATAATCCCAGCACTTTGTGAGGCAGAGAACTCCTGAGGTCAGGAGTTCGAGACCAGCCTGGCCAACGTGGTAAAACCCCGTCTCTATTTAAAAATACAAAAATTAGCCGGGCGTGGTAGCGAGCATCTGTAATCCCAGCTACTCGGGAGGCTGAGGCAAGAGAATCACTTGAACCTGGAAGGAAGAGGTTGCGGTGCGCCGAGATCACGCCACTGCACTCCAGACTGGGTGACAGAGCGAGATTCAGTCTCAAAAAAAAAAAAAAAGAAAAGAAAAGAAAA","GGCCAGGCACAGTGGCTCACACCTGTAATCCCTGCACTTTGGGAGGCTGAGGCGGGCGGATCACCTGAGGTCAGGACTTCGAGACCAGCCTGGCCAACATGGTGAAACCCTGTCTCTATTAAAAATAAAAAAATTAGCCAGTGTGGTGGCGGGCATCTGTAATCCTAGCTACTCGGGAGGCTGAGGCACGAGAATCACTTGAACCTGGGAGGCGGAGGTTGCAGTGAGCCGAGATCACACCACTGCACTCCAGCCTGGGTGACAGAGTGAGACTCCATCTCAAAAAAAAAAAAAAAAAGAAAAAGAAAAA"
"chr1","6627235","6627502","chr1","78992774","78993044","56","72365539","GGCTGGGCCTGGTGGCTCACACCTGTAATCCTAGCACTTTGGCAGGCTGCGGCAGGTGGATTGCCTGAGGTCAGGAGTTCGAGACCAGCCTGGCGAAACCCCGTCTCTACTAAAAATACAAAAATTTAGCTGGGCATGGTGGTGGGTGCCTATAATCCCAGCTACTCTGGAGGAGAATCACTTGAACCCAGCGGGTGGAGGTTGCAGATCGCACCACTTCACTCCAGCCTGGGTGAAAGAGTGAAACTCCATCTCAAGAAAAAAAAAA","GGCTGGGCACGGTGGCTCACGCCTGTGATCCTAGCACTTTGGGAGGCTGAGGCAGGTAGATCACCTGAGGTCAGGAATTTGAGACTAGCCTGGCCAACATGACAAAACCCCGTCTCTACTAAAAATACAAAAAATTAGCTGGGTGTGGTGGTGGGCACCTGTAATCTCAGCTACTTGGGAGACTAAGGCAGGAGAGATTGCAGCGAACCGAGATTGCACCACTTCACTCCACCCTGGGTGAAAGAGCGAGACTCCATCTCAAAGAAAAAAA"
"chr1","6644178","6644476","chr19","12293991","12294287","28","5649813","GGTCAGGTGCGGTGGCTCACTCCTGTAATCCCAACACTTTGGGAGGCCAAGGCAGGCGGGTCGCCTGAGGTCAGGAGTTCAAGACAAGCCTGGCCAACATGGTGAAACCCTGTCTCTACTAAAAATACAAAAATTAGCCAGGCGTGGTGGTGGGCACCTGTAATTCCAGCTACTTGGGAGGCTGAGGCAGGAGAATTGCTTGAACCCGGGAGGCAGAGGTTGCAGTGAGCCAAGATCGTGCCACCGCACTCCAGCCTGGGCGACAGAGCCGAGACTCTGTCTCAAAAAAAAGAAAAAAA","GGCCGGGCGCGGTGGCTCACTTGTAATCCCAGCACTTTGGGAGGCCAAGGTGGGCGGATCACCTGAGGTCAGGAGTTCAAGACCAGACTGGCCAACATGGTGAAACCCTGTCTCTACTAAAAATTCAAAAATTAGCCGGGCGTGGTGACGGGCACCTGTAATCCTAGCTACTTGGGAGGCTGAGGCAGAAGAATCGCTTGAACCCGGGAGGCAGAGATTGCAGTGAGCCAAGATCGTGTCACTGCACTCCAGCCTGGGCAACAGAGCGAGACTCTGTCTCAAAAATAATAAAATAAA"
"chr1","6664468","6664772","chr20","125076059","125076368","27","118411591","GGCCTCGCGCGGTGGCTCACGCCTGTAATCCCAGCACTTTGGGAGGCAGAGGTGAGGGGATCACCTCAGGTCAGGAGTTCAAGACCAACCTGGCCAACATGGCGAAACGCCATCTCTACTAAAAATACAAAAATTAGTCAGATGTGGTGGCAGGTGCCTGTAATCCCAGCTACTTGGGAGGCTGAGGCAGGAAAATTGCTTGAACCCAGGAGGTGAAGGTTGCAGTGAGCTGAGATCATGCCACTGCACTCCAACCTGGGTAACAGAGCAAGACTCTCTCTTAAAAAAAAAAAGAAAAAGAAAAA","GGCCTGGCGCGGTGGCTCACACCTGTAATCCCAGCACTTTGGGAGGCCGAGGTGAGCGGATCACTTCAGTTCAGGAGTTAGAGACCAACCTGGCCAACATAGTGAAACCCCATCTCTACTAAAAATACAAAAATTAGCCAGGTGTGGTGGCAGGTGCCTGTAATCCCAGCTACTTGGGAGGCTGAGGCAGGAAAATTGCTTGAACCCAGGAGGTGGAGGCTGCAGTGAACTGAGATCATGCCACTGCACTCCAGCCTGGGCAACAGAGCAAGACTCTGTCTCAGAAAAAAAGGAAAAAAAAAAAAGAAAA"
"chr1","6668861","6669142","chr16","32763882","32764149","49","26095021","TGAGCGGCCAGGTGCAGGGGCTCACCTGAGGTCAGGTGTTTGAGACCAGCCTGGCCAACATGGCAAAACCCTGTCTCTACTAAAAATACAAAATTTTGCTGGGCGTGGTGGCGGGCGCCCATAATCCCAGCTACTCGGGAGGCTGAGGCAGGAGAATTGCTTGAACCTAGGAGGCAGAGGAGGCAGAGGTTGCCGTGAACGGAGATCGTGCCACTTCACTCCAGCCTGGGTGAAAGAGCGAAACTCAATCTCAAAAAAAAAAAAAAAAAAAAAAAAGGAAAA","TGGGAGGCCAAGGTGAGTGGATCACCTGAGGTCAGGAGTTCGAGACCAGCCTGGCCAACATGGTGAAACCCCTTCTCTACTAAAAATACAAAAATTAGCTGGGCATGGTGGCGGGGGCCTGTAATCCCAGCTACTCAAGAGGCTGAGACAGGAGAATCGCTTGAACCTGGGAGGCGGAGATTGCAGTGAGCCGAGATTGTGCCACTGCACTCCAGCCTGGGTGACAGAGTGAGACTCTGCCTCAAAAAAAAAAAAAAAAAGAAAAGAA"
"chr1","6688840","6689147","chr6","3744288","3744591","46","2944552","GGTTGGGTGTGGTGGCTCACGCCTTATAGTCCCAACACTTTGGGAGGCGGAGGCGGGCAGATCACCTGAGGTCAGGAGTTTGAGACCAGCCTTATTAACATGGCGAAAGCCTGTCTGTACTAAAAATACGAAAAAAAAAAAATTAGCCGGGTGTGGTGATGGTCGCCTGTAATCCCAGCTACTTGGGAGGCTGAGACAGGAGAATTGCTCAAACCCAGGAGGCGGAGGTTGCAGTGAGCCGAGATTGTGCCGCTGTACTCCAGCCTGGGCAACAGAGCAAGACTCTGTCAAAGAAAAAAAAAAAAAAA","GGCTGGGTGCAGTGGCTCACGCCTGTAATCCCAGAACTTTGGGAGGCCAAGGCAGGCAGATCACCTGAGGTCGGGAGTTCAAGACCAGCCTACTCAACATGGAGAAAACCTGTCTTTACTAAAAATTAAAAAAAAAAAAAATTAGCCGGGCGTGGTGGTGAACGCCTGAAATCCCAGCTACTTGGGAGGCTGAGTCAGGAGAACCGCTTGAACCCGAGAGGCGGAGGTTGCAGTGAGCCGAGATCAGGCCACTGCACTCCAGCCTGGGCGACAGAGCAAGACTCTGTCTCAAAAAAAAAAAAAA"
"chr1","6689778","6690075","chr20","125051304","125051592","31","118361526","GGCTGGGCATGGTAGCTCATGCCTGTGAATCCCAGCACTTTGGGAGGCTGAGGCCAGCGGATCACTTGAGGTCAGGAGTTCAAGACCCACCTGGCCAGCATGGTGAAACCCCATCTCTACTAAAAATACAAAACTTAGCCAGACTTGATGGCAGGCACCTGTAATCCCAGCTACTCATAAGGCTGAAGCAGGAGAATCTCTGCTGGGAGGTGGAGGTTGCCGTGAGCAGAGATCGCACCACTGTGCTCCAGCCTGGGCAACAGAGTGAGACTCTGTCTCCAAAAAAAAAAAAAAAAAA","GGCCGGGCATGGTGGCTCACGCCTGTAATCCCAGCACTTTGGGAGACCGAGGCCGGCAGATCACTTGAGGTCAGGAGTTCAAGACCCGCCTGGCCAGCATGGTGAAACCCCATCTCTACTAAAAATACAAAACTTAGCCGGACTTGATGGCAGGCGCCTGTAATCCCAGTTAGGAGGCTGAGGCAGGAGAATCTCTGCTGGGAGGTGGAGGTTGCAGTGAGCAGAGATCGCGCCACTGCGTTCCAGCCTGAGCAACAGAATGAGACTCCGTCTCAAAAAAAAAGAATAA"
"chr1","6703661","6703963","chr20","92192486","92192788","34","85488825","GGCTGGGCGCAGTGGCTCACACCTGTAATCCCAGCAATTTGGGAGGCCAAGGCAGGCAGATCACCAGAGGTAAGGAGTTCAACACCAGCCTGGCCAATGTGGTGAAACCCCGTCTCTACTAAAACTACAAAAATTAGCCAGGCATGGTGGCAGACGCCTGTAATCCCAGCTACTCGGGAGGCTGATGCAGGAGAATTGCTTGAATCAGGAGGTAGAGGTTACAGTGAGCCAAGATCGCACCACTGCACTCCAGCCTGGGTGACAGAGCGAGACTCTGCCTCAAAAACAACAACAACAAGAAAA","GGCCAGGTGCAGTGGCTCACACCTGTAATCCCAGCACTTTGGGAGGCCGAGGCAGGAGGATCACCTGAGGTCAGGAGTTCAAGACCAGCCTGGCCAACATGGTGAAACCCCATCTCTACTAAAAATATAAAAATTAGCCAGGCATGGTGGCAGATGCCTGTAATCCCAGCTACTCGGGAGGCTAAGGCATGAGAATCGCTTGAACCCAGGAGGTGGAGGTTGCAGTGAACCAAGATCATACCACTGCACTCCAGCCTGGGAGACAGAGCGAGACTCTGTCTCAAAAAAAAAAAAAAAAAAAAA"
"chr1","6704622","6704926","chr20","92192486","92192788","39","85487864","GCCGGGTGCAGTGGCTCACGCCTGTAATCCCAGCATTTTGGGGGGCCAAGGCAGGTGGATCATTTGAGGTCAGTAGTTTGAGACCAGCCTGGCCAACATGCTGAAACCCCGTCTCTACTAAAAATACAAAAATTAGCTGGGCATGGTGGGGGGTGTTTGTAATCCCAGCTACTCGGGAGGCTGAGGGATGAGAATCACTTGAACCCAGGAGGCGGAGGTTGCAGTGAGCTGACATCATACCACCGCACTCTAGCCTTGGTGATGGAGCGAGACTCTGTCTCAAAAAAAGAAAAAGAAAAACAAAA","GGCCAGGTGCAGTGGCTCACACCTGTAATCCCAGCACTTTGGGAGGCCGAGGCAGGAGGATCACCTGAGGTCAGGAGTTCAAGACCAGCCTGGCCAACATGGTGAAACCCCATCTCTACTAAAAATATAAAAATTAGCCAGGCATGGTGGCAGATGCCTGTAATCCCAGCTACTCGGGAGGCTAAGGCATGAGAATCGCTTGAACCCAGGAGGTGGAGGTTGCAGTGAACCAAGATCATACCACTGCACTCCAGCCTGGGAGACAGAGCGAGACTCTGTCTCAAAAAAAAAAAAAAAAAAAAA"
"chr1","6706374","6706653","chr17","36481914","36482195","34","29775540","GGCTGGGCGCAGTGGCTCACACCTGTAATCCCAGCAATTTGGGAGGCCAAGGCAGGCAGATCACCAGAGGTAAGGAGTTCAACACCAGCCTGGCCAATGTGGTGAAACCCCGTCTCTACTAAAACTACAAAAATTAGCCAGGCATGGTGGCAGACGCCTGTAATCCCAGCTACTCAGGAGGCTGATGCAGGAGAATTGCTTGAATCAGGAGGTAGAGGTTACAGTGAGCCAAGATCGCACCACTGCACTCCAGCCTGGGTGACAGAGCGAGACTCTGCCT","GGCTGGGCACGGTGGCTCACGCCTATAATCCCAACACTTTGGGAGGCCAAGGCAGGCGGATCACCCGAGGTCAGGAGTTCAAGACCAGCCTGGCCAACATGGTGAAACCCTGTCTCTACAAAAACACAAAAATTAGCCAGGCATGGTGGCAGGTGCCTGTAATCCCAGCTACTCGGGAGGCTGAGGCAGGAGAATTGCTTGAACTCAGGAGGCGGAGATTGCAGTGAGCTGAGATCGCAACATTGCACTCCAGCCTGGGCAACAGAGGGAGACTCTTGTCTC"
"chr1","6708082","6708390","chr20","125032123","125032432","19","118324041","GACCGGGCGTGGTGGCTCACACCTGTAATCCCAGCACTTTGGAAGGCTAAGGTGGTGGATCACCTGAGGTCAGGAGTTTGTGACCAGCCTGGCCAACATGGCGAAACCCCATCTCTACTAAAAATACAAAAATTACCCAGGCATGTTGGCGGGCGCCTGTAATCCCAGCTACTTGGGAGGCTGAGGCAGGAGAATTGCTTGAACCTGGGAGGCAGAGGCTGCAGTGAGCTGAGATTGCGCCACTGTACTCCAGCCAGAGACAAAGTGAGAACTTGTCTCAAAAAAACAAAAACAAAAACAAACAAAAAA","GGCCAGGCATGGTGGCTCACACCTGTAATCCCAGCACTTTGGGAGACCAAGGTGGGTGGATCACCTGAGGTCAGGAGTTTGTGACCAGTCTGGCCAACATGGCGGAACCCCAACTCCACTAAAAATACAAAAATTATTCAGGCATGTTGGCGGGTGCCTGTAATCCCAGCTACTTGAGAGGCTGAGGCAGGAGAATTGCTTGAACCTGGGAGGCAGAGGCTGCAGTGAGCCGAGATTGCGCCACTGCACTCCAGCCAGAGACAAAGTGAGAACTTGTCTCAAAAAAACAAAAACAGAAACAAACGAAAAA"
"chr1","6718322","6718617","chr20","77903993","77904291","36","71185671","GCTGGGCGTGATGGCTCACGCCTGTAATCCCAGCACTTTGAGGGGCCGAGGCGGGTAGATCACCTGAGGTCAGGAGTTCGAGACCAGCCTGGCTAACATGGTGAAACCCCCATCTCTACAAAAATACAAATATTAGCCAGGCCTGGTGGCGGGCGCCTGTAGTCCCAGCTACTTGAGAGGCTGAGGCGGGAGAATCAGTTCAACCCAGGAGACAGAGGTTGCAGTGAGCCAAGATCACACCACTGTGCTCCAGCCTGCGTGACAGAGCGAGACTCCATCTAAAAAAATAAAATAAA","GGCTGGGCGTGGTGGCTCATGCCTGTAATCCCAGCACTTTAGGAGGCCGAGGTGGGCGGATCACCTGAGGTCAGGAGTTCGAGACCAGCCTGGCCAACATGGTGAAACCCCATCTCTACTAAAAATACAAAAATTAGCCAGGCATGGTGGTGGGTGCCTGTAATCCCAGCTACTTGGGAGGCTGAGGCAGGAGAATCACTTGAACCCAGGAGGTGGAGGTTGCAGTGAGCCGAGATTATGCCACTGCACTCCAACCTGGGTGACACAGCGAGACTCCATCTGAAAAATAAATAAATAAA"
"chr1","6720000","6720308","chr20","125020721","125021024","33","118300721","GCCAGGCATGGTGGCTCACACGTGTAATTCTAGCACTTTGGGAGGCTGAGGCAGGTGGATCACCTGAGGTCAGGAGTTCAAGACCAGCCTGGTCAACATGGCGAAACCCCGTCTCTACTAAAAATACGAAATTAGCCAGGCGTGGTGGCGGACGCCTGTAATCCCAGCTACTCAGGAGGCTGAAGCAGGAGAATCGCTTGAACCTGGGAGGCAGAGCTTGCAGTGAGCCGAGATCATGCCACTACACTCCAGCCTTGGTGACAGAGTGAGACTCCATCTCAAAAAACAACAACAAAATAAATAAATAAA","GGCCAGGCATGGTGGCTCACACCTGTAATCCTAGCTCTTTGGGAGGCCGAGGCAGGTGGATCACCTGAGGTCAGGAGTTCAAGACCAGCCTGGTCAACATGGCGAAATACCATCTCTACTAATAATACAAAATTAGCCGGGCGTGGTGTCGGGCGCCTGTGATCCCAGCTACTCGGGTGGCTGAAGCAGGAGAATCGCTTGAACCTGGGAGGCAGAGGTTGCAGTAAGCCCAGATTGTGTCACTGCACACCAGCCTGGGTGACAGAGTGAGACTCGTCTCAAAAAAAATAAATAAATAAATAAA"
"chr1","6733451","6733724","chr20","125005732","125006019","31","118272281","CAGTGGCTCACACCTGTAATCCCAGCACTTTGGGAGGTCGAGGTGGGTGGATCACTTGAGGCCAGGAGTTCAAGACCAGCCTGGGCCGACATAGGGAAACCCCATCTCTACTAAAAATACAAACATCAGCCAGACTTGGTGGCGGGCACCTATAATCCCAGCTACTCAGAAGGCTGAGGCAGGAGAATCACTTGAACCCAGGAGGCAGAGGTTGCAATGAGTTGAGATGGTACCACTGCACTCCAGCCTCGGCTCTGTCTCAAAATAATAAAAA","GCAGTGGCTCACACCTGTAATCCCATCACTTTGGGAGGTCGAGGTGGGTGGATCACTTGAGGTCAGGAGTTTAAGACCAGCCTGGGCCAACATGGTGAAACCCCATCTCTACTAAAAATACAAAAATTAGCCAGACTTGGTGGCGGGCACCTATAATCCCAGCTACTCAGAAGGCTGAGGCAGGAGAATCACCTGAACCCAGGAGGGGAAGGGTTGCAGTGAGCTAAGATGGTGCCACTGCACTCCAGCCTGGGCTCTGTCTCAAAAATAATAATAATAATAATGAAA"
"chr1","6756738","6757042","chr9","119963544","119963848","31","113206806","GGCTGGGCGTGGTGGCTCAGCCTGTAATCTCAGAACTTTGGGAGGCTGAGGTGGGCGGATTACCTGAGGTCAGGAGTTCGAGACCAGCCTGGCCAACATGGTGAAACCCTGTCTCTACCAAAAACACAAAAATTAGCCAGGTGTGATGGTGGGCGTCTGTAATCCCAGCTACTTGGGAGGCTGAAGCAGGAGAATTGCTTGAACCTGGGAGGTGGAGGTTGCAGTGATCTGAGATGGCTCCACTGCACTCTAGCCTGGGCGACAGAGCAAGACTCCATCTCAAAAAAAAAAAAAAAAAAAAAAAA","GGCCAGGTGCGGTGGCTCACGCCTGTAATCCCAGCACTTTGGGAGGCTGAGGCAGGTGGATCACCTGAGGTCAGGAGTTCAAGACCAGCCTGGCCAACATGGTGAGACCCTGTCTCTACTAAAAACACAAAAATTAGCCAGGTGTGGTGGTGGGTGCCTGTAATCCCAGCTACTTGGGAGTCTGAGGCAGAAGAATTGCTTGAACCTGGGAGGTGGAGGTTGTAGCGAGCTGAGATTGCACCACCGCACTCCAGCCTGGGCGACAGAGCAAGATTCTGTCTCAAAAAAAAAAAAAAAAAAAAAAA"
"chr1","6764082","6764380","chr20","124977393","124977680","40","118213311","GGCCGGGTACGGTGGCTCACATCTGTAATCCCAGCACTTTGGGAGGCCGAGGCAGGCGGATCACCTGAGTTCAAGACCAGCCTGGCCAACATAGTGAAACCCCTTCTCTACTTAAAATACAAAACAATTAGCCAGGCGTAGTGGTGGTCGCCTGTAATCCCAGCCACTCGGGAGGCTGAGGCAAGAGAATTGCTTGAACCCAGGAGTTGGAGGTTGCAGTGAGCCGAGATCGCACCATTGCACTCCAGCCTGGGCAACAGAGAGGGACTCCATCTCAGAAAAAAAAAAAAAAAAAAAAA","GGCTGGGTGCGGTGGCTCACATCTGTAATCCCAGCACTTTGGGAGGCCAAGGCAGATAGATCACCTGAGCTCGAGACCAGCCTGGCCAACATAGTGAAACCCCTTCTCCACTAAAAATACAAAACAATTAGCCAGGCGTGGTGGCGGTCGCCTGCAATGCCAGGTACTCAGGAGGCTGAGGCAAGAGAAGTGCTTGAACTCAGGAACTGGAGGTTACAATGAGCCGAGATCACACCATTGCACTCCAGGCTGGGCGACAGAGCAGACTCCATCTCAAAAAATAAAAAA"
"chr1","6769963","6770202","chr16","31906139","31906391","42","25136176","GCTGGGTGCAGTGGCTCACGCCTGTAATCCCAGCACTTTGGGAGGCTGAGGCGGGTGGATCACCTGAGGTCAGGAGTTCGAGACCAGCCTGGCCAACATGGTGAAACCCCGTCTCCACTAAAATACAAAAAGTAGCCAGTGTGGTGGCGGGTGCCTGTAATCCCAGCTATTCTGGAGGCTGACGCACTAGGATCACTTGAACCTGGGAGGCAGAGGTTACAGTGAGCCAAGACTGTGCCA","GGTTGGGTGCAGTGGCTCGTGCCTGTAATCTCAGCAGTTTGGGAGGCTGAGGCGGGGGAATCACCTGAGGTCAGGAGTTCAAGACCAGCCTGGCCAACATGGTGAAACCCCATCTCTACTAAAAATACAAAAATCAGCTGGGTGTTGTGGCAGGTGCCTGTAATCCCAGCTCCTCGGGAGGCTGAGGCAGGAGAATCGCTTGAACCCAGGAGGCAGAGGTTGCAGTGAGCTGAGATTGCAGCCTGGGTGACAG"
"chr1","6774447","6774759","chr20","124966696","124966995","28","118192249","GGCCGGGCACGGTGGCTTATGCCTGTAATTCCAACACTTTGAGAGGTCAAGGCGGGCGGATCACCTGAGGTCAGGAGTTTGAGACCAGCCTGGCCAACATAGTGAAACCCCGCCTCTACTAAAAATACAAAAAATTAGCCGGGTGTGGTGGCAAGCACCTGTAATCCCAGTGACTCAGGAAGCTGAGGCAGGAGAATCGCTTGAACCCAGGAGGCGGAGGTTGCAGTGAGCTGAGATCGTGCTGCTGCACTCCAGCCTGGGTGACAGAGCGAGACTCCACCTCAAAACAAAAAAAACAAAACAAACAAACAAA","GGCTGGGCATGGTGGCTTATGTCTGGAATTCCAACACTTTGAGAGTCAAGGCGTGCGGATCACCTGAGGTCAGGAGTTTGAGACCATCCTGGCCAACACAGTGAAACCCTGTCTCTACTAAAAAGACAAAAAATTAGCCGGGTGTGGTGGTAAGCACCTGTAATCCCAGTGACTCAGGAAGCTGAGGCAGCAGAATCGCTTGAACCCAGGAGGCAGAGGTTGCAGTGAGCTGAGATCGTGCTGCTGCACTCCAGCCTGGGTAACAGAGCGAGACTCCATCTAAAAAAAAAAACAAAAAAA"
"chr1","6816437","6816740","chr14","78747061","78747366","34","71930624","CAGGCGCGGTGGGTCACGCCTGTAATTCCAGCATTTTGGGAGGCCGAGGCTGGCAGATCATTTGAGGTCAGGAGTTCGAGACCAGCCTGGCCAATATGGTGAAACCCCATCTCTACTAAAAATACACAAATTAGCCAGGCGTGGTGGCGGACACCTGTAATCCCAGCTACTCAGGAGGCTGAGGCAGGAGAATCACTTGAACCTGGGAGGCAGAGGTTGCACTGAGCTGAGATCCCACCACTACACTCCAGTCTGGGCAACAGAGTGAGACTCCGTCTCAAAACAAACAAACAAACAAACAAAC","GGCTGGGCGCGGTGGGTCACGCCTGTAATCCCAGCACTTTGGGAGGCCGAGGCAGGCGGATCTCCTGAGGTCAGGAATTCGAGACCAGCCTGGCCAATATGGTGAAACCCCATCTCTATTAAAAATACAAAAATTAGCCAGGCGTGGTGGCGGTTGCCTGTAATCCCAGCTACTCAGGAGGCTGAGACAGGAGAATTGGTTGAACCCGGGAGGCAGAGGTTGCAGTGAGCTGAGGTTGCACCACTGCACTCAAGCCTGGGCGATAGAGCAAGACTCCGTCTCAAAACAAACAAACAAACAAACAAA"
"chr1","6859266","6859576","chr20","124877563","124877855","37","118018297","GGCTGGGCGCGGTGGCTCACGCCTGCAATCCTAGCACTTTGGGAGGCCGAGGCAGGTGGAACACCTGAAGTCAGGAGTTTGAGACCAGCCTGGCCAACCATGGCCAACATGGTGAAATCCTGTCTCTACTAAAAATATAAAAAGTAGCCAGGCATTGTGGCAGAAGCCTGTAATCCCAGCTACTCAGGAGGCTGAGGCAGGAGAATCGCTTGAACCCGGGAGGCAGGGGTTGCAGTGAGCCAAGATTGCACCACTGCACTCCAGCCTGGGTGACAGAGTAAGACTCCATCTCAAAAAAAAAAAAAGACAAA","GGCCGGGCACAGTGGCTCATGTCTGCAATTCTAGCACTTTGGGAGGCCGAGGTGGGTGGATCACCCGAAGTCAGGAGTTTGAGACCAGCCTGGCCAACCATGGCCAATATGGTGAAACCCTGTGTCTACTAAAAATATAAAAAGTAGCCAGGTATGGTGGCAGACGCCTGTAATCCCAGCTACTCAAGAGGCTGAGGCAGGAGAATCGCCTGAACCCGGGAGGCAGGGGTTGCAGTGAGCCAAGATCGCACCACTGCACCTGGGTGACAGAGTAAGACTCCATCTAAAAAAAA"
"chr1","6947808","6948115","chr20","124788146","124788438","29","117840338","GGCCAGGTGTGTCTCATGCCTGTAATCCCAGCACTTTGGGAAGCTGAGGCAGGTGTATCACTTGAGGTCAGGAGTTGGAGACCAGCCTGGCCAACATGGCGAAACCCTGTCTCTACTAAAAAATACAAAAATTAGCCAGGTGTGGTGGCGGGCATCTGTAATCCCAGCTACTAGGGAGGCTGAGGCAGGGGAATGGCTTGAATCCAGGAGGCGGAGGTAGCAGTGAGCCGAGATAACGCCACTGTACTCCAGCCTGGGCGACAAAGCAAGACTCCATCTCAAAAAATAAAAAACAAAAATAAAAACAA","TGGCCATGCCTGTAATCCCAGCACTTTGGGAGGCTGAGGCAGGTGGATCACTTGAGGTCAGGAGTTTGAGACCAGCCTGGCCAACATGGCAAAACCCTGTCTCTACTAAAAATACCAAAATTAGCCGGGTGTGGTGGCGGGCATCTGTAATCCCAGCTACTAGAGAGGCTGAGGCAGGGGAATCGCTTGAATCCAGGAGGTGGAGGTAGCAGTGAACCGAGATAGCGCCACTGTACTCCAGCCTGGGCGACAGAGGAAGACTCCGTCTCAAAAAATAACAAAAATAAAAACAA"
"chr1","6974474","6974666","chr28","6753335","6753528","26","221139","TGGTGAAACTCTGTCTCTATTAAAAATACAAAAATTAGCTGGGCGTGGTGGCAGGTGCCTATAATCCCAGCTACTCGAGAGGCTGAGGCAGGAGAATCACTTGAACCCAGGAGTCGGAGGTTGCAGTGAGCTGAGATTGCGCCACTGCACTCCAGCCTGGGCAACAAAGCGAGACTCCATCTCAAAAAAAAAA","TGGTGAAACTCCATCTCTACTAAAAACACAAAAATCAACTGGGCCTGTTGTCGGGCGCCTGTAATCCCAGCCACTCAGGAGGCTGAGGCAGGAGAATCACTTGAACCCGGGAGGAAGAGGTTGCAGTGAGCCGAGATTGCGCCATTGCACTCCAGCCTGGGTGACAGAGCAAGACTCCATCTCAAAAAAAAAAA"
"chr1","7014246","7014552","chr20","124721676","124721966","36","117707430","GCTGGGCGTGGTGGCTCATGCCTGTAATCCCAGCACTTGGGGAAGCCAAGGCGGGTAGATCACTTGAGGTCAGGGATTCAAGACCAGCCTGGCTAACATGGGGAAACCCCATCTCTACCAACAATACAAAAAATTAGCCTTGCGTGGTGGCAGACACCTGTAATCCCAGCTTCATGGGAGGCTGAGACAGGAGAATCACTTGAACCCAGGAGGTTGGACGTTGCAGTGAGCTGAGATTGCACCACTGCACTCCAGCCTGGGTGACAGAGCGAGCCTGTCTCAAAAGAAAAAGAAAAAGAAAAAAAAA","GCTGGCCACGGTGGCTCATGCTTGTAATCCCAGCACTTTGGGAAGCCAAGGCGGATGGATCACTTGAGGTCAGGGATTCAAGACCAGCCTGGCCAACATGGGGAAACTCCATCTCTACCAACAATACAAAAAATTAGCCATGCGTAGTGGCAGGCACCTGTAATCCCAGCTACATGGGAGACAGGAGAATCACTTGAACCCAGGAGGTTGGAGATTGCAGTGAGCTGAGACTGCACTCCAGCCTGGGTGACAGAGCAAGACTCTGTCTCAAAAGAAAAAAAAAGAAAAAAA"
"chr1","7021436","7021746","chr25","25629089","25629399","30","18607653","GGCCAGGTGCGGTGGCTCACGCCTGTAATCCTAGCACTTTGGGAGGCTGAGGTGGGCAGATCACTTGAGGTCAGGAGTTTGAGACCAGCCTGACCAACATGGTGAAACCCTGTCTCTACTAAAAATACAAAAATTAGCCGGGCATGGTGGCGGGCGCCTGTAATCCCAGCTACTCAGGAGGCTGAGGCAGGAGAATTGCTTGAATCTGGGGGGCGGAGCTTGCAGTGAGCCAAGATTGCGCCACGGCACTGCAGCCTGGGGGACAGAGCGAGACTCTGTCTCAAAAAAAAAAAAAAAAAAAAAAAAAGAAA","GCCAGGTGCAGTGGCTCACGCCTGTAATCCCAGCACTTTGGGAGGCTGAGGTGGGCGGATCACCTGAGGTCAGGAGTTCAAGACCAGCCTGGCCAACATGGTGAAACCCTGTCTCTACTAAGAATACAAAAATTAGCCAGGCGTGGTGGCGGGCGCCTGTAGTCCCAGCTACTCAGGAGGCTGAGGCAGGAGAATCACTTGAACTCAGGAGGCGGAGGTTGCAGTGAGCCGAGATTGCGCCACTGCACTCCAGCCTGGGTGACAGAGCAAGACTCTGTCTCCAAAAATAAAAACAAAAAATAAAAAAATAA"
"chr1","7029612","7029932","chr8","65425245","65425561","49","58395633","GGCCGGGTGCAGTGGCTCACGCCTATAATCCCAGCACTCTGGGAGGCCGAGGCAGGTGGATTTCTTGAGGTCAGGAGTTCAAGGCCAGCCTTGTCAAATGGTGAAACCCTGTCTCTACTAAAAATGCAAAAATTAGCTAGACATGGTGGTGGGTGCCTGTAATACCAGCTACTCAGGAGGCTGAGGGAGGAAAATTTCTTGAACCCGGGAGATGCAGGTTGCAGTGAGCCAAGATCATGCCACTGCACTTCAGCCCAGGCAACAGAGCAGGACTCCATCTCAAAAATAAATAAATAAATAAATAAATAAATAAATAAATAA","GGCTGGGCACAGTGGCTCATGCCTATAATCCTAGCACTCTGGAAGGCCGAGGTGGGCAGATCACCTGAGGTCAGGAGTTCAAGACCAGCCTGGCCAACATGGTGAAACCCTGTCTCTACTAAAAATACAAAAATTAGCTGGGCATGGTGGCAGGTGCCTGTAATCCCAGCTACTCAGGAGGGGAGGAAGGAGAATTGTTTGAACCCAGGAGATGGAGGTTGCAGTGAGCCAAGATCGTGCCTCTGCACTCCAGCTTGGGAGACAGAGCAAAACTCTATCTCAAAAATAAAAATAAAAATAAAAAATAAAAATAAAAA"
"chr1","7036410","7036721","chr20","124699462","124699772","30","117663052","GGCTGGGCGTGGTGGCTCACGCCTGTAATCCCAGCACTTTGGGAGGCCGAGGTGGGCAGATCACTTGAGGTCAGGAGTTCGAGACCAGTCTGGCCAACATGGTGAAACCCTGTCTCTACTAAAAATACAAAAATTAGCCGGTCATGATGGCAGGTGCCTGTAATCCCAGCTACTCAGGAGACTGAGGCAGGAGAATTGTTTGAACCTGGGAGGTGGAGGTTGCAGTGAGCCGAGATCCCGCCACTGTACTCCAGCCTGGGTGACAGAGAAAGACTCTGTCTCAAAAATAAAAAATAAAATAAAATAAATAAA","GGCTGGGCGCAGTGGCTTATGCCTGTAATCCCAGCACTTTGGGAGGCTGAGATGGGCAGATCACTTGAGGTCAGGAGTTCGAGACCAGTCTGGCCAACATGGTGAAACCCCGTCTCTACCAAAAATACAAAAGTTAGCCAGGCGTGGCGGCAGATGCCTGTAATCCCAGCTACTCAGGAGGCTGAGACGGGACAATTGCCTGAACTTGGGAGGTAGAGGTTGCAGTGAGCCGAGATCATGCCACTGCACTCCAGCCTGGGTGACAGAGCGAGACTCTGTCTCAAAAATAAAAAATAAAATTAAATAAATAA"
"chr1","7047606","7047887","chr18","32066046","32066321","40","25018440","ATCCCAGCACTTTGGGAGGCCAAGGCGGGTGGATCCACCTGAGGTCAAGAGTTCGAGACCAGCCTAGCCACCATGATGAAACCTCATCTCTAGTAAAAATACAAAAATTAGCTGGGTGTGGTGGTGGGCCCCTATAATCCCAGCTACTCAGGAGGCTGAGTCAGAAGAATCGCTTGAACCCGGGAGGCAGAGGTTGCAGTTAGTAGAGATTGTGCCACTATAGTCCAGCCTGGGCAACAGAGCAGGACTCCATCTCAAAACAAAAAAACAAACAAACAAAAA","CCCAGCACTTTGGGAGGCCGAGGTGGGTGGATCACTTGAGGTCAGGAGTTCAAGACCAGCTGGTCAACATGGCGAAACCCCGTCTCTACTAAAAATACAAAAATTAGCTGGGCGTGGTGGCGGGCGCCTGTAATCCCAGCTACTCAGGAGGCTGAGGCAGGAGAATCACTTGAGCCCGGGGGGTAGAGGTTGCAATGAGCAGAGATTGCGCCACTGTACTCCAGCCTGGGCAACAGAGCAAGACTCCATCTCAAAATAAATAAATAAATAAACAAA"
"chr1","7078281","7078498","chr6","41425696","41425908","30","34347415","ACCAGCCTGGCCAACATGGTGAAACCCCATCTCTATTAAAAATACAAAAATTAGCCTGGCATGGTGGTGGTCACCTGTAATCCCAGCTATTTGGGAGGCTGAGGCAGGAGAATCGCTTGAACCTGGAAGGCAGAGGTTGCAGTGAGCCAAGATCGTGCCATTACACTCCAGCCTGAGTGGCAGAGCAAAACTCTGTCTCAAATAATAATAATAATAAA","ATCAGCCTGGCCAACATGGTGAAACCCCGTCTCTACTAATAGTATAAAAATTAGCCGGGTGTGGTGGTGGGCACCTGTAATCCCAGCTACTTGGGAGGCTGAGGAGAGAGAATCGCTTGAACCCGGGAGGCAGAGGTTGCAGTGAGCCAAGGTCATGCCACTGCACTCCAGCCAGGGTGACAGAGTGAGACTCTGTCTCAAAAAAAAAAAAAA"
"chr1","7079903","7080186","chr20","124655356","124655639","19","117575453","GCCAGCCGTGGTGGCTCACGCCTGTAACCCCAGCACTTTGGGAGGCTGAGGTGGGCGGATCTCTTGAGGTCAGGAGTTTGAGGCCAGCCTGACAAACATGGTGAAACCCCATCTCTACTAAAAATACAAAAATTAGCTGGACATTGTGGTAGGCACCTGTAATCCCAGCTACTCAGGAGGCTGAAGCAGGAGAATCTCTTGAACCTACGAGGCAGAGGTTGCAGTGAGCCAAGATCATGCCGCTGCCTTCCAGCCCAGGTGACGGAGCAAGACTGCATCTCGAA","GCCAGCCATGGTGGCTCATGCCTGTAACCCCAGCACTTTGGGAGGCTGAGGTGGGTGGATCACTTGAGGTCAGGAGTTTGAGACCAGCCTGACAAACATGGTGAAACCCCATCTCTACTAAAAATACAAAAATTAGCTGGACATTGTGGTGGGCACCTGTAATCCAAGCTACTCAGGAGGCTGAAGCAGGAGAGTCTCTTGAACCCGCGAGGCAGAGATTGCAGTGAGCCAACATTGCGCCACTGCCCTCCAGCCCAGGTGACAGAGGAAGACTGCATCTCGAA"
"chr1","7160280","7160577","chr11","62772368","62772667","38","55612088","CCGGGCACAGTGGCTCATACCTGTAATCCCAGCACTTTGGGAGGCCGAGGCAGGCGGATCACCTGAGGTCAGGAGTTTGAGAACAGTCTGGCCAACATGGTGAAACCCCATCTCTACTAAAAATACAAAAATTAGCCGGGCGGGGTGGCGGGTACCTGTAATCTCAGATACTCAGCAGGCTGAGGTAAGAGAATCACTTGAACCCACAAGGTGGAGGTTTCAGTGAGCCAAGATCGCACCACTGCGCTCCAGCTTGGGCAACAGAGTGAGACTCCATCTCAATTAAAAAAAAAACAAA","GGCCGGGCACAGTGGCTCATGCTGTAATCCCAGCACTTTGGGAGGCCGAGGCAGGCGGATCACTTGAGGCCAGGAGTTTGAGACCAGCCTAGCCAACATGGTGAATCCCCATCTCTACTAAAAATACAAAAATTAGCCGGGCATGATGGCAGGCACCTGTAATCCCAGCTACACAGGAGGCTGAGGCAGAAGAATTACTTGAACCCAAGAGGTGGAGGTTGTAGTGAGCCAAGATCGCACCACTGCATTCCAGCCTGGGCGGCAGAGTGAGACTCTGTCTCCAAGAAAAAAAAAAAAAAA"
"chr1","7165642","7165936","chr26","26624296","26624592","33","19458654","GACCAGGCGCAGTGGCTCATGCCTGTAATCCCGGACCTTTGGGAGGCCGAGGTGGGCAGATCACTTGAGCTCAGGAGTCCAAGACCAGTCTGGCCAACATGGTGAAACCCTGTCTCTACTAAAAATACAAAACTTAGCTGGGCGTGGTGGCAGGCACCTGTAATCCCAGCTACTCAGGAGGCTGAGGCAGGAGAATCGCTTGAGCCCAGGAGGCAGAGGTTGCAGTGAGGCAAGATAGCGCCACTGCACTCCAGCCTGGGCAACAGCAAGACTCCATCTCAAAAAAAAAAGAGAA","GGCCGGGCACAGTGGCTTGTGCCTGAAATCCCAGCACTTTGGGAGGCCGAGGCGGGCAGATCACTTGAGGTCAGGAGTTCAAGACCAGCTTGGCCAACACGGTGAAACCCTGTCTCTACTAAAAGTACAAAAATTAGCTGGGCATGGTGGCGGGCACCTGTAATCCCAGCTACTCGGGAGGCTGAGGCAGGAGAATCGCTTGAACCCAGGAGGCAGAGGTTACAGTGAGCCTAGATTGCACCACTGCACTCCAGCCTGGGTGACAGAGCAAGACTCCGTCTCAAAAAAAAAAAAAAA"
"chr1","7186296","7186592","chrX","22428011","22428306","32","15241715","GGCCAGGCATGGTGGCTCACACCTGTAATCCCAGCACTTTGGAAGGCCAAGGCGGGAGGATCACCTGAGGTCAGGAGTTCGAGACCAGCCTGGCCAACATGGTGAGACCCCATCTCAACTGAAAAATAAAAAAATTAGCAGGGTATGGTGGCAGGCGTCTGTAATCCCAGCTACTCGGGAGCCTGAGGCAGGGAGAATTGCTTGAACCAGGAGGTGGAGGCTGCAGTGAGCCGAGATCGCACCACTGTACTCCAGCCTGGGCGACAGAGTCAGACTCTGTCTCAAAAAAAAAAAAAA","GGCCAGGCATGGTGGCTCACACCTGTAATCCCAGCACTTTGAGAGGCCAAGGCAGGTGGATTACCTGAGGTCAGGAGTTTGAGACCAGCCTGGCCAACATGGTGAAACCCCGTCTCTACTAAAAATACAAAAATTAGCCTGGTGTGGTGGCGGGCGCCTGTAATCCCAGCTACTTGGGAGGCTGAGGCAGGAGAATCGCTTGAACACTGGAGGCAGAGGTTGCAGTGAGCCGAGATCGCACCATTGCATTCCAGCCTGGGCGACAGAGTGAGACTTGGTCTAAAAAAAAAAAAAAA"
"chr1","7225194","7225490","chr20","124507157","124507451","33","117281963","GCCGGGTGCAGTGTCTTACACCTGTAATCCCAGCATTTTGGGAGGCTGTGATGAGTGGATCACCTGAGGTCAGAAGTTCAAGACCAGCCTGACCAACATGGTGAAACCCCGCCTCCACCAAAAATACAAAAATTAGCCAGGCATGGTGGTGGGCACCTGTAATCCCAGCTACTTGGGAGACTGAGACAGGAGAATTGCTTGAACCTGGGAGGCAGAGGTTGCAGTGAGCCAAGACGAGATCATGCCACTGCACTCCAGCCTGGGCGACAGAGCGAGACTCTTTCAAAAAAAATAAAA","GGCTGGGCGCAGTGTCTCACACCTGTAATCCCAGCACTTCAGGAGGCCAAGATGGGTGGATCACCTGAGGTCAGAAGTTCAAGACCAGCCTGACCAATATGGTGAAAGCCCATCTCCACCAAAAATACAAAAATTAGCCAGCCATGGTGGTGGGCACCTGTAATCCCAGCTACTCAGGAGGCTGACAGGAGAATTGCTTGAACCTGGGAGGCAGAGGTTGCAGTGAGCCGAGATCATGCCACTGCACTCCAGCCTGGGCAACAGAGTGAGACTCTTTCAAAAAATAAACAAAAAA"
"chr1","7228609","7228907","chr20","120483502","120483799","32","113254893","GGCTGGGCATGGTGGCTCACGCCTGTAATCCCAGCACTTTGGGAGGCTGAGGCAGGAGGATCACCTGAGGTCAGGAGTTCGAGACCAGCCTGACCAACATGGTGAAACCCCATCTCTACTAAAAATACAAAAATTAGCCAGGCGTGGTGGCAGGCGCTTTTAATCCCAGCTACTCATGAGGCTGAGGTGCAAGAATCGCTTGAACCTGGGAAGTGGAGGTTGCAGTGAGCTATGATCACACCACCGCACTCCAGCCTGGGTGACAAAGTGAGACTCTATCTAAAAAAAAAAAAAAAAAA","GGCTTGGCATGGTGGCTCATGCCTGTAATCCCAGCACTTTGAGAGGCCGAGGCTGGTGGATCACTTGAGGTCAGGAGTTTGAGACCAGCCTGGCCAACATGGTGAAACCCTGTCTTACTAAAAATACAAAAATTAGCCAGGCATGGTGGTAGGCGCCTGTAATCCCAGCTACTCAGGAGGCTGAGGCACAAGAATCGCTTGAACCCAGGAGACAGAGGTTGCAGTGAGCCAAGATCACACCACTGCACTCCAGCCTGGGTGATAGAGGGAGACTCTGTCTAAAAAAAAAAAAAAAAAA"
"chr1","7229166","7229476","chr20","124503188","124503501","35","117274022","GGCCGGCCGCATGGCTCACCCCTGTAATCCAGCACTTTGAGAGGCTGAGGCGGGTGGATCATTTGAGGCCAGGAGTTTGAAACCAGCCTGGCCAACACGGCGAAACCCCTGTGTCTACTAAAAATACAAAAATTAGCTGGGCGTGTTTGGTGGGCGCCTGTTGTCTCACTTACTTGGGAGGGTGAGTCAGGAGAATTGCTTGAGCCCAAGAGGTGGAGGTTGCAGTGAGCAGAGATCATGCCACAGTACTCCACCCTGGGTGACAAAGCGAGACAGTGTCTCCAAAAAAAAAAAAAAAAAGAAAAGAAAAA","GGCCGGGCGCAGTGGCTCACCTCTGTAATCCCAGCATTTTGGGAGGCTGAGGCAGGTGGATCATTTGAGGCCAGGAGTTCGAAACTAGCCTGGCCAACACGGTGAAACCCCCATCTCTACTAAAAATACAAAAATTAGCCGGGCGTGTTTGGTGGGTGGCTGTTGTCCCAGCTACTCGGGAGGGTGAGGCAGGAGAATTACTTGAGCCCAAGAGGCGGAGGTTGCAGTGAGCAGAGATCACGCCATTGCACTCCAGCCTGGGTGACAAAGCGAGACCCCATCTCCAAAAAAAAAAAATAAAAAAAAAAGGAAAA"
"chr1","7240556","7240828","chr20","124493198","124493475","30","117252642","CCCAGTACTTTGGGAGGCCGAGGCAGGTGGATCACTTGAGGACAGGAGTTTGGAACCAGCCTGGCCAACATGGTGAAACCCCTTCTCTACTAAAAATACAAAAAATTAGCCTGGCATGGTGGCAGGCACCTGTAATTCCAGCTACTCGGGAGGCTGAGGCAGGAGAATCTTTTGAACCTGGGAGGCAGAGGTTGCAGTGAGCTGAGATCGTGCCACGGCACTCCGGCCTGGGGGACAAAGCATCTCAAAAAAAAAAAAAAGAAAAAAAAAAAA","CCCAGCACTTTTGGAGGCCGAGGTGCGTGGATCACTTGAGGACAGGAGTTTGGGACCAGCCTGGCCAACATGGTGAAACCCCATCTCTACTAAAAATGCAAAAAATTAGCTGGGCATGGTGGCAGGTGCCCGTAATTCCAGCTACTCGGGAGGCTGAGGCAGGAGATTCTCTTGAACCCGGGAGGCAGAGGTTGCAGTGAGCTGAGATCGTGCACTGCACTCCAGCCTGGGCGACAGAGCAAGATTCCATCTCAAAAAAAAAAAAAAAAAAAAAAAAA"
"chr1","7259160","7259467","chr27","45661645","45661945","38","38402485","GGCCAGGTGCAGTGGCTCACACCTGTAATCCCAGCACTGTAGGAGGCCAAGGTGGGCAGATCACTTGAGGTCAGGAGTTCGAGACCAGCCTGGCCAACATGGCGAAACCCTGTCTCTACTAAAAATACAAAAATTAGCCAGGCATAGTGGCAGGTGCCTGTAATCCCAGTTACTTAAGAGGCTGAGGCAGGAGAATCACTTGAACCCGGGAAGCAGAGGTTGCAGTGAGCTGAGATAGTGCTACTACATTCCAACCTCGGAGACAGAGTGAGATGAGACTCTGTCTCAAAAAAAAAAAAAATTAAAAA","GGCCAGGCGCAGTGGCTCACGCCTGTAATCCAAGCACTTTGGGAGGCCGAGGTGGGCTGATCACCTGAGGTCAGGAGTTCGAGTCCAGCCTGACCAACAAGGTGAAACCCTGTCTCTACTAAAAATACAAAAATTAGCCAGGCATGGTGGCAGGTGCCTGTAATCCCAGCTACTCAGGAGGCTGAGGCAGGAGAATCACTTGAACCCGGGAGGTGGAGGTTGCAGTGAGCCGAGATTGAGCCACTGCACTCCAGCCTGGTGACAGAGCGAGAGACTCTATCTTTAAAAAAAAAAAAAAAAA"
"chr1","7268815","7269121","chr25","78856788","78857085","40","71587973","GGCTCAGTGTGGTGGCTCATGGATGTAATCTCAGCACTTTGGGAGGCCAAAGCAGGCAAATCACTTGAAGTCAGGAGTTCGAGACCAGCCTGGCCAACATGGTGAAACCCCATCTCTACTAAGAATACAAAGATTAGCTGGGCGTGGTGGTGGGTGCCTGTAATCCCAGCTACTTGTGAGGCTGAGACAGGAGAATTGCTCGAACCCAGGAGGCGGAGGTTGCAGTGAGCCGAGATCGCAACACTGCACTCCTGCCTGGGCAGGGAGACAGAGTGAGATTCCATCTCAAAAAAAAAAAGAAAGAAAA","GGCCAGGTGTGGTGGCTCATGCCTGTAATCCCAGCACTTTGGGAGGCCAAGGCAGGTGGATCACTTGAGGTCAGGAGTTGAGATCAGCCTGGCCAACATGGTGAAACCCCGTCTCTACTAAAAATACAAAAATTAGCTGGGTGTGGTGGTGGGCACCTGTAATCCCAGCTACTTGGGAGGCTGAGGCAGGAGAATTGCTTGAACCCGGGAGGCAGAGGTTGCAGTGAGCTGAGATGGCACCACTGCACTCCAGCCTGGGGGACACAGTGAGACTCTGCAAAAAAAAAAAAAAAAAAAA"
"chr1","7271589","7271854","chr7","127919522","127919779","59","120647933","CCAACGCAGGTCAAATCACTTGTAGTCACGATTTTCGAGACCAGACTGGGCCTAGCATGGATAAACCCCATCTATACTCAGAATACAAAGATTAGCCTGGGCGCGGTGGTGGGTGCCTGTAATCCCAGATACTGGTGAGGCTGAGACAGGAGAATTGCTCGAACCCAGGAGGTGGAGGTTGCAGTGAGCCGAGATCGCAACATTGCATTCTTGCCTGGGCAGGGAGACAGAGTGCGATTCCATCTCAAAAAAAAAAAGAAAGAAAA","GAGGCAGGCAAGTCACCTGAGGTCAGGAGTTCGAGACCAGCCTGGCCAACATGGTGAAACCCCATCTCTACTAAAAACACAAAAAATCAGCCAGGTATGGTGGCGGGTGCCTGTAAGCCCAGCTACTGGGGAGGCTGAGGCAGGAGAATCGCTTGAACCCACGAGGCGGAGGTTGCAGTGAGCCAAGATTGTACCACTGCACTGTAGCCTGGGCAACAGAGTGAGACTCCATCTCAAAAAAAATAAATAAATAAAAAA"
"chr1","7321048","7321258","chr20","124415167","124415386","22","117094119","CATCCTGGCCGACGTGGTGAACCCCCATCTCTACTAAAAATACAAAAATTAGCCAGGCGTGGTGGCAGGTGCCTATAATCCCAGCTACTAGGAGGCTGAGGCAGGAGAATCACTTGAACCTGGGAGGTGGAGGTTGCAGTGACCCGAGATCGTGCCACTGCACTCCAGCCTGGGTGATAGAGGGAGACTCCATCTCAAAAAAAAAAAAAAA","CATCCTGGCCAACATGGTGAAACCCCGTCTCTACTAAAAATACAAAAATTAGCCGGGCGTGGTGGCAGGCGCCTATAATCCCAGCTACTGGGAGGCTGAGGCAGGAGAATCGCTTGAACCTGGGAGGTGGAGGTTGCAGTAACCTGAGATCCTGCCACTGCACTCCAGCCTGGGTGACAGAGCGAGACTCCATCTCAAAAAAAAAAAAAAAAAAAAAAAA"
"chr1","7327723","7328014","chr11","52407170","52407465","36","45079447","GTCGAGTACAGTGGCTCATGCCTGTAATCAGCACTTTGGGAGGCCGAGGCGGGTGGATCACCTGAGGTCAGGAGTTCAAGAGCAGCCTGGCCAACATGGCAAAACCCCGTCTCTACTAAAAATACAAAAATTAGCTGGGAGTGATGGCAGGCACCTGTAATCCCAGCTACTCGGAGGCTGAGGTAGGAGAATTGCTTGAACCTGAGAGGCAGAGGTTGTGGTGAGCCAAGATCATGCCATTGCACTCCAGTCTGGGCAACAAAGCGAGACTCCACCAAAAAACAAAACAAAA","GGCCACACGCAGTGACTCACACCTGTAATCCCAGCACTGTGGGAGGCCGAGGCGGGTGGATCACTTGAGGTCAGGAGTTCAAGACCAGCCTGGCCAACATGGTAAAACCCCATCTCTACTAAAAATACAAAAATTAGCCGGGCGTGGTGGCAGGCACCTGTAATCCCAGCTACTTGGGAGGCTGAGGCAGGAGAATCGCTTGAACCTGGGAGGCAGAGGTTGCAATGAGCCAAGATCAGGCCATTGCACTCCAGCCTGGGAGACAGAGCGAGACTCCATCTCAAAACAAAAAAAAA"
"chr1","7352125","7352440","chr11","4422956","4423267","35","2929169","GGCTGGGTTCAGTGGCTCACACCTGTAATTCCAGCACTTAGGAAGGCTGAGGGGGGTGGATTGATTGCTTGAGCTCAGAAGTTTGAGACCAGCCTGGCCAACATGGTGAAACCCTGTCTCTACTAAAAATACAAAAATTATCCAGGCATGGTGGCGGGTGCCTGTAATCCCAGCTACTTGGGATGCTAAGGCAGGAGAATCGCTTGAATCTGGGAGGTGGAGTTTGCAGTGAGCCGAGATCACACCACTGCACTCCAGCCTGGGTGACAGAGCAAAACTCCGTCTCAAAAAAAAAAAAAAAAAGAAAAAGAAAAAA","GGCTGGGCGCAGTGGCTCACGCCTGTAATCCCAGCACTTTGGGAGGCCGAGGCAGGTGGATCACCTGAGGTCAGAAGTTTGAGACCAGCCTGGCCAACATGGTGAAACCCTGTCTATACTAAAAATACAAAAATTAGCCAGGTGTGGTGGCGGGTGCCTGTAGTCCCAGCTACTTGGGAGGCTGAGGCAGGAGAATGGCGTGAACCCGGGAGGCGGAGCTTGCAGTGAGCCGAGATCGCGCCACTGCACTCCAGCCTGGGTGACAGAGCAAGACTCCATCTCAAAAAAAAAAAAAAAAAAAAAAAGAAAGAA"
"chr1","7368494","7368801","chr29","19796485","19796789","31","12427991","GGCTGGGCATGGTGGCTCACGCCTGTAATCCCAGCACTTTGGGAGGCCGAGGTGGGCAGATCACCTGAGGTCAGGAGTTTGAGATCAGCCTGGCCAACATGATGAAACCCCATCTCTACTAAAAATGCAAAAAAATTAGCCAGGCATGGTGGCAGGCGCCTGTAATCCCAGCTACTTGGGAGGCTGAGGCAAGATAATCACTTGAACCCAGGAGGTGGAGGTTGCAGTGAGCCGAGATCACGCCACTGCACTCCAGGCTGGGTGACAAAGCAGGACTCCATCTCGAAACAAACAAACAAACAAACAAA","GGCCGGGCACCGTGGCTCACGCCTGTAATCCCAGCACTTTCGGAGGCCGAGGTGGGCAGATCACCTGAGGTCAAGAGTTCAAGACCAGCCTGGCCAACATGGTGAAACCCCATCTCTACTAAAAATACAAAAATTAGCTGGGCATGGTGGCAGGCACCTGTAATCCCAGCTACTTGGGAGGCTGAGGCAGGAGAATCGCTTGAACCCAGGAGGTGGAGGTTGCAGTGAGCCGAGATTGTGCCACTGCACTCCAGCGTGGTGACAGAGCAAGACTTCATCTCAAAAAACAAACAAACAAACAAAAA"
"chr1","7418511","7418814","chr13","66725191","66725490","35","59306680","GCCAGGCACAGTGGCTCATGCCTGTAATCCAAGCACTTTGGGAGGCCAAGGTGGGCGGATCACCTGAGGTCAAGAGTTCGAGACAAGCCTGGGCAACATGGCGAAATCCTGTCTCTACTAAAAATACAAAAATTAGTCAGGCACATTGGTGGTGGGCACCTGTAATCCCAGCTATTTGGGAGGCTGAGGCAGAAGAATCACTTGAACCTGGGAGGTGGAGGTTGCAGTGAGCCGAGATTGCACCACTGCACTCCAGCTCAGGTGACAGAGTAAGACTCCATCTCAGTAACAACAACAAAAAGAA","GGCCAGGCACAGTGGCTCATGCCTGTAATCCTAGCACTTTGGGAGGCCGAGGCGGGGCAGATCACCTGAGGTTAGGAGTTCGAGACCAGCCTGGCCAACATGGTGAAACCCTGTCTCTACTAAAAATACAAAAATTAGCCAGGCATGGTGGTGGGCACCTGTAGTCCCAGCTACTGGGGAGGCTGAGGCAGGAGAATCACTTGAACCCAGGAGGTGGAGGTTGCAGGGAGCCGAGATTGCACCACTGCACTCCAGCCTGGCGACAGAGCGAGACTCCATCTCAAAAGAAAAAAAAACAAA"
"chr1","7582818","7583125","chr20","124170977","124171288","28","116588159","GGCTGGGCGCGGTGGCTCACGCTTCTAATCCCAGCACTTGGGGAAGCCGAGGCTGGTGGATTGCTTGAGGTCAGGAGTTCGAGACCAGCCTGACCAACATGGTGAAACCCCATCTCTACTGAAAATACAAAAATTAGCCGGGCATGGTGGTGGGCGTCTGTAGTGCCAGCTACTCAGGAGGCTGAGGTGAGGGAATCACTTGAACCTGTGAGGCGGAGGTTGCAGTGAGCCGAGATTGTGCCACTGCACTTCAGCCTGGGTGACAGAGACTCCATCTCAAAAAAAAAAAAAAAAAAAAAAAAAAAAGA","GACTGGGCGCGGTGGCTCATACCTGTAATCCCAGCACTTTGGGAGGCCGAGGCTGGTGGATTGCTTGAGGTCAGGAGTTCAAGACCAGCCTGACCAACATGGTGAAACCCTGTCTCTACTAAAAATACAAAAATTAGCCGGGCATGGTGGTGGGCGCCTGTAGTGCCAGCTACTCAGGGGGCTGTGGTGAGGGAATCACTTGAACCTGTGAGGTGGAGGTTGCAGTGAGCCGAGATCGCGCCACTGCACTTCAGTCTGGGTGACAGAGTGAGACTCCATCTCAAAAAAAAAAAAAAAAGGAAAGGAAAAGAA"
"chr1","7652365","7652671","chr7","12624075","12624378","43","4971710","GGCTGGACATGGTGGCTGACACCTGTAATCCTAGCACTTCAGGAGGCTGAGGCAGGTAGATCACCTGAGGTCAGGAGTTTGAGACCAGCCTGACCATGTGGTGAAACCTGTTTCTACTGAAAATACAAAAATTAGCTAGGCATGGTGGCAGGTGCCTGTAATCACAACTACTTGGTAGGCTGAGGCAGGAGAATCACTTGAACCCAGTAGGTGGAGGTTGCAGTGAGCCAAGATCGTGCCATTGTGCTCCAGCCTGGGCAACAGAGTGAGACTCCACCTCAAAAAAAAAAAAAAAAGAGAGAGAGAA","GGCCGGACGTGGTGGCTCACGCCTGTAATCCCAGCACTTCAGGAGGCTGAGGCGGGTGGATCACCTGAGGTCAGGTGTTTGAGACCAGCCTGGCCAACATGGTGAAACCCTGTCTCTACTAAAAATACAAAAATTAGCCGGGCATGGTGGCAGGCACCTGTAATCCCAGCTACTCGGAAGGCTGAGGCAGAAGTGCTTGAACCCAGGAGGTGGAGGTTGCAGTGAGCCAAGATCGTGCCACTGTGCTCCAGCCTGGGTGACAGGGCAAGACTCTGTCTCAAAAAAAAAAAAAAAAAAAAAAAAA"
"chr1","7722594","7722896","chrX","731639","731937","36","6990955","GGCCTGGTGGCTCACGCCTGTAATCCCAGCACTTTAGGAGGCTGAGGCAGGCAGATCACTTGAGGTCAGGAGTTTGAGACCAGCCTGGCCAATGTGGTGAACCCCGTCTCTACTAAAAATACAAAATTTAGCCAGGCATGGTGGTAGGTGCCTGTAGTCCTAGCCACTCAGGAGGCTGAGGCAGGAGAATTGCTTGAACCTGGGAGAGGGAGGTTGCAATGAGCTGAGATTGCACCACTGCATTCCAGCCTGGGCGACAAAGTGAGACTCTGCCTCAAAAACAAAACAAAACAAACAAACAAA","GGCGTGGTGGCTCACGCCTGTAATCCCAACACTTTGGGAGGCCGAGGCAGGAGGATCACCAGAGGTCAGGAGTTCAAGACCAGCCTGGCCAACATGGTGAAACCCCATCTCTACTAAAAACACAAAAATTAGCCAGACATGGTGGTGGGTGCTTGTAATCCCAGCTACTCAGGAGGCTGAGGCAGGAGTATTGCTTGAACCTGGGAGAAGGAGGTTGCAGTGAGCTGAGATTGCACCACTGCACTCCAGCCTAGGCGACAGAGCTAGACTCTGTCTCAAAAAAAAAAAAAAAAAAAAAA"
"chr1","7726045","7726343","chr20","124030816","124031113","24","116304771","GGCCGGGCGCAGTGGCTCACACCTGTAATCCCAGCACTTTGGGAGGCTGAGGCCGGTGGATTACCTGAGGTCAGGAATTTGAGACTAGCCTGGCCAACATGGTGAAACCCATCTCTACTAAAAATACAAAAATTAGCCGGGCGTGGTGGTGGGCACCTGTAATCCCAGCTACTTGGGAGATTGAGGCAGGAGAGTTACTTGAACCCAGGAGGCAGAGGTTGCAGTAAGCTGAGATCACACCACTGAACTCCAGCCTGCCAGTCTGGGTGACAGAGTGAAACTCCATCTCCAAAAAAAAA","GGCCGGGCGCGGTGGCTCACACCTGCAATCCCAGCACTTTGGGAGGCCGAGGCGGGTGGATCACCTTAAGTCAGGAGTTTGAGACTAGCCTGGCCAACATGGTGAAACCTGTCTCTACTAAAAACACAAAAATTAGCTGGGCGTGGTGTTGGGCACCTGTAATCCCAGCTACTCGGGAGGTTGAGGCAGGAGAGTTGCTTGAACCCAGGAGGCAGAGGTTGCAGTGAGCCAAGATCACACTACTGAACTCCAGCCTGCCAGCCTGGGTGACAGAGTGAAACTCTGTCTCAAAAAAAAA"
"chr1","7738574","7738882","chr18","44723685","44723990","47","36985111","GGCTGGGCACAGTGGCTCATGCCTGAAATCCCAGCACTTTGGGAGGCTGAGGCGGGCAGATCTCTTGTGGTCAGGAGTTCGAGACCAGCCTGGCCAACCCTAACCCTAACTCCATCTCTACTAAAAATACAAAAATTAGCCAGGCGTGGTGGTGGGTGCCTGTAATCCCAGCTACTCGGGAGGCTGAGGTGGGAAGATCACCTGAGCCTGGAGAGGTTGAGGCTACAGTGAGCTGTGATCGCGCCACTGCATTCCAGCCTGGGTGACAGAGCAAGACCTTGTCTCAAAAAACAACAACAACAAAAAAAA","CTGGGCACAGTGGCTAATGCCTGTAATCCCAGAACTTTGGGAGGCCAAGGCAGGCAGATCACTTGAGGCCAGGAGTTCGAGACCAGCCTGGCCAACACAATGAAACCTCATCTCTACTAAAAATACAAAAATTAGCCAGGCATGGTGACAGGTGCCTGTAATTCCAGCTACTCGGGAGGCTGAGGCAGGAGAATCACTTGAACCTGGGAGGCAGAGGTTGCAATGAGCTAAGATTGCGCCACTGCACTCCAGCCTGAGTGACAGAGCAAGACCCTGTCTCAAACAAAAACAAAAACAAAAAACAAA"
"chr1","7744526","7744765","chr9","61704066","61704306","47","53959540","GGACAGGTGCGGTGGCTCATGCCTGTATTCTTAGCATTTTGGGAGGCCAAGGTGGGAGGATCACCTGAGTTCAGGAGTTCAAGACCAGCCTGGCCAACATGGTGAAACTCCGTCTCTACTAAAAATACAAAAATTAGCCAGGTGTGTTGGCGGGTGCCTGTAATCCCAGCTACTCGGGAGGCTGAGGCACAAGAATTGCTTGAACCTGGGAGGTGGAGGTTTCGCTGTGTTAGCCAGGAT","GGCCGGGCGCAGTGGCTCATGCCTGTAATCCCAGCACTTTGGGAGGCTGAGGTGAGTGGATCACTTGAGGTCAGAAGTTTGAGACCAGCCTGGCCACCATGGTGAAATCCCATCTCTACTAAAAATACAAAAATTAGCCAGGCGTGGTGGTGGGCACCTTTAATCTCAGCTATCCAGGAGGCTGAGGCAGGAGAATTGCTTGAACCCAGGAGGAGGAGGTTGTGGTGAGCTGAGATCATGC"
"chr1","7748252","7748550","chr11","12599158","12599456","35","4850906","GCTGGACGCGGTGGCTCATGCCTGTAATCCCAGCACTTTTGGGAGGCCAAGGCGGGTGGATCACCTGAGGTCAGGAGTTTGAGACCAGCCTGGCCAACATGGTAAAACCCCGTCTCTACTAAAAATACAAAGTTAGCCGGGCATGGTGATAGGCGCCTGTAATCCCAGCTACTTGGGAGGCTGAGGCAGGAGAATTGCTTGAACCCAAGAGGCGGAGGTTACAATCAGCTGAGATTGAGCCACTGCACCCCAGTCTGCGCAACAGAGCAAGATTCTGTCTCAAAAAAAAAAAAAAAAAA","GGCTGGGCGCAGTGGCTCACGCCTGTAATCCCAGCACTTTGGGAGGCCGAAGCAGGTGGATCACCTGAGGTCAGGTGTTTGAGACCAGCTTGGCCAACATGGTGAAACCCCGTCTCTACTAAAAATGCAAAAATTAGCCGGGTGTAGTGGTAGGCACCTGTAATCCCAGCTACTTGGGAGGCTGAGGCAGGAGAATTGCTTGAACCTGGGAGGCGGAGGTTTCAATGAGCCGAGAGCGCCACTGCACTCCAGCCGGGGCAACAGAGCAAGACTCCGTCTCAAAAAAAAAAAAAAGAAAA"
"chr1","7778883","7779192","chr20","123979486","123979799","21","116200603","GGCCAGGTGCGGTGGCTCATGCCTATATTCCCAGCACTTTGGGAGGCCCAGGCAGGTGGATCACCTGAGATCAGGAGTTTGAGACCAGCCTGACCAAAATGGTGAACCACTGTCTCTACTAAAAATACAAAAAATTAGCCGGGCAAGGTGGCAGGCGCCTGTAATCCCAGCTACTCTGGGGGCTGAGGCAGGAGAATCACTTGAACCTGGGGCTTGGAGGCTGCAGTGAGCTGAGATTGCACCACTGCACTCCAGCCTCGGCGACAGAGCAAAACTCCGTCTCAAAAAAAATAAAAAAAAATAAAAAAAA","GGCCAGGTGCGGTGGCTCATGCCTATATTCCCAGCACTTTGGGAGCCCCAAGCAGGTGGATCACCTGAGATCAGGAGTTAGAGACCAGCCTGACCAACATGGTGAACCACTGTCTCTACTAAAAATACAAAAAATTAGCTGGGCAAGGTGGTGGGCGCCTGTAATTCCAGCTACTCTGGGGGCTGAGGCAGGAGAATCACTTGAACCTGGGGCTTGGAGGCTGCAGTGAGCTGAGACTGCACCACTGCACTCCAGCCTGGGTGACAAAGCAAGACTCTTGTCTCAAAAAAAAAAAAAAGATAAAAATTAAAAAA"
"chr1","7780361","7780651","chr20","123978024","123978314","32","116197663","GGCCAGGTGCGGTGGCTCACGCCTGTAATCCTAGCACTTTGGGAGGCCGAGGTGGGTGGATCACCTGTGGTCAGGAGTTCGAGACCAACCTGGCCAACATGAGGCAACTCTCTCAGTACTACAAACATAAGAAAATCAGCCGGGAGGGGTGCTGGGCGCTTGTAATCCCAACTACTCAGGAGGCTGAGGCAGGAGACTCGCTTGAACCCAGGAGGAGGAGGTTGCAGTGAGGTGAGATTGCACCACTGCACTTCAACCTGGGCGACAGAGTGAGACTCCGTCTCAAAAAAA","GGCCAGGTATGGTGGCTCACGCCTGTAATCCCAGCACTTTGGAAAGCCGAGGTGGGTGGATCACCTGTGGTCAGGAGTTCGAGACCAACCTGGCCAACAAGGTGAAACCCTGTCTCAGTACTAAGAGTATAAGAAAATTAGCCGGGCGTGGTGCTGGGTGCTTGTAATCCCAACTATTCAGGAGGCTAAGACAGGAGACTCACTTGAACCCAGAGGGTGGAGGTTGCAGTGGGTGAGATTGCGCCATTGCACTTCGACCTGGGCGACAGAGTGAGACTCCGTCTCAAAAAA"
"chr1","7804389","7804667","chr20","123954655","123954945","37","116150266","GCCGGGCTCGGTGGCTCACGCATGTAATCCCAGCACTTTGGGAGGCCGATCACTTGAGGTCAGGAATTTGAGACGAGCTTGGCCAACATGATAAAACCCTGTCTCTACTAAAAATACAAAAATTAGCAGGGTGGGGTGGTGGGTGCCTGTAATCCCAGGTACTCGGGAGGCTGAAGCATGAGAATTGCTTGAACCCAGGAGGTGGAGGTTGCAGTGAGCCGAGATCGTGCCACTGCACTCCAGCCTGGGTAACAGAGCGAGACTCAAGAAAAAAAAAAA","GGCCAGGCTTGGTGGCTCATGCCTGTAATCTCAGCACTTTGGGAGGCCAAGGCAGGCTGATCACTTGAGGTCAGGAATTTGAGAGCAGCCTGGCCAACATGGTAAAACCCTGTCTCTACTAAAAATACAAAAATTAGCAGGGTGTGGTGGTGGGCACCTATAATCCCAGCTACTGGGGAGGCTGAAGCATGAAAATTGCTTGAACCTGGGAGGTGGAGGTTGCAGTGAACCGAGATCGCGCCACTGCGCTCCAGCCTGAGCAACAGAACAAGACTCAAGAAAAAAAAAAAA"
"chr1","7804851","7805025","chr20","123954304","123954472","15","116149453","AGCCAGGTGTGGTGGCAGGCGCCTGTAATCCCAGCTACTTGGGAGGCTGAGGCATGAGAATCGCTTGAACCTGGGAGGCGGAGGTTGCAGTGAGCCGAGATCATGCCACTGCACTCCAACCTGGGGGATAGAGCGAGACTCTGTCTCCAAAAAAAAAAAAAAAAAAAAGAGAAAA","AGCCAGGTGTGGTGGCAGGTGCCTGTAATCCCAGCTACTTGGGAGGCTGAGTCATGAGAATCACTTGAACCTGGGAGGCGGAGGTTGCAATGAGCCGAGATCGTGCCACTGTACTCCAACCTGGGGGACAGAGCGAGACTGTCTCCAAAAAAAAAAAACAGAGAGAAAA"
"chr1","7826409","7826701","chr12","96498677","96498972","29","88672268","GGCTGGGCGCTGTGGCTCATGCCTGTAATCCCAGCACTTTGGGAGGCCAAGGTGGGCGGATCACCTGAGGTCAGGAGTTCCAGACCAGCCTGGCCAACATGGTGATACTGTCTCTACTAAAAATACAAAAATTAGCTGGGCATGGTGGCGGGGCCTGTAATCCCAGCTATTTGGGAGGCTGAGGCAGGAGAATCGCTTGAATCCGGGAGGTGGAGGCTGTAGTGAGCTGAGATCGCACCACTGCACACCAGCCTGGGTGACAGAGCAAGACTCCTTCTCAAAAAAAAAAAAAA","GGCTGGACGCAGTGGCTCATGCCTGTAATCCCAGCACTTTGGGAGGCCGAGGTGGGTGAATTACCTGAGGTCAGGAGTTTAAGACCAGCCTGGCTAACATAGTGAAACCCTGTCTCTACTAAAAATACAAAAATTAGCTGGGCATGGTGGTGGGTGCCTGTAATCCCAGCTACTTGGGAGGCTGAGGCAGGAGAATAGCTTGAACCAGGGAGGCGGAGGTTGCGGTGAGCCGAGATCGCACCACTGTCCTCCAGCCTGGGTGACAGAGCAAGACTCCATCTCAAAATAAAAAAAAA"
"chr1","7855178","7855474","chr17","61357230","61357525","34","53502052","GCTGGGTGCAGTGGCTCACACCTGTAATCCCAGCACTTTGGGAGGCTGAGGTGGGTGGATCACTTGAAGTCAGGAGTTTAGGACCAGCCTGGCCAACATGGTGAAAACCCATCTCGACTAAAAATACAAATATCAGCCGGGCATGGTGGCGGGCACCTGTAATCCTAGCTACTAGGGAGGCTGAGGCAGGAGAATTGCTTGAACCCAGGAGGCGGAGGTTGTGGTGAGCCAAGATCTCACCACCGCACTCCAGCCTGGGCAACAGAGCAAGACTCTGTCTCAAAAAAAAAAAAAAAA","GGCTGGGCACAGTGGCTCACACATGTAATCCTAGCACTTTGGAAGGCCGAGGTGGGTGGATCACCTGAGTTCAGGAGTTCGAGACCAGCCTGGCCAACATGGCGAAACCCCATCTCTACTAAAAATACAAAAATTAGCTGGACATGGTGGCGGGCACCTGTAATCCCAGCTACTCGGGAGGCTGAGACAGGAGAATTGCTTGAACCCAGAAGGCGGAGGTTGCAGTGAGCCGAGATGGCACCACTGCACTCCAGCATGGGCAACAGAGCAAGACTCTGTCTAAAAAAAAAAAAGAA"
"chr1","7860511","7860770","chr5","60403345","60403611","40","52542834","GGCGCGGTGGCTCACGCCTATAATCCCAGCATTTTGGGAGGCTGAGGCGGGCAGATCACCTGAGGTCAAGAGTTTGAGACAAGCCTGGCCAACATGGTGAAACCCTGTCTCTACAGAAAATAAAAGAATTAGCCAGGCGTGGTGGCGGGCACCTGTAGTCACAGCTACTCCGGAGGCTGAGGCAGGAGGATAGCTTCAACCTGGGAGGCGGAGGTTGCAGTGAGCTGAGATCATGCTGCTGTATTCCAGCCTGGGCGATA","GGCCGGGCACGGTGGCTCATGCCTGTAATCCCAGCACTTTGGGAGGCTAAGGCGGGCAGATCACCTGAGGTCAGGAGTTCAAGACCAGCCTGGCCAACATGGTGAAACCTCGTCTCTACTAAAAATACAAAAATTAGCCAGGCGAGGTGGTGGGCACCTGTAATCCCAGCTACTCGAGAGGCTGAGGCAGGAGAATTGCTTGAACCTGGGAGGTGGAGGTTGCAGTGAGCCAAGATCACGCCACTGCATTCCAGCCTGAGTGGTAGA"
"chr1","7862044","7862321","chr2","14870988","14871265","34","7008944","GCCAGGCATGGTGGCTCACACTTGTAAGCCCAGCACTTTGGGGGGCCGAGGCAGGTGCATCACCTGAGGCCAGGCGTTTGAGACCAGCCTGGCCAATATGGTGAAACCCCATCTCTACTAAAAATACAAAAATTAGCCGGGAGTAGTGGTGGGCGCCTATAATCCCAGCTACTTGGGAGGCTAAGGCAGGAGAATTGCTTGAACCCAGGAGGTGGGGGTTGCAGTGAGCCGAGATCGTGCCATTGCACTCCAGCCTGGGCCACAAAGGAAGACTCTGT","GCCAGGTGTGGTGGCTCACGCCTGTAATCCCACCACTTTGGGAGGCTGAGGTGGGTGGATCACCTGAGGTCAGGAGTTTGAGACTAGCCTGGCCAACATGGTGAAACCCCATCTCTACTAAAAATACAAAAATTAGCCAGGCATGGTGGTGGGCGCCCGTAATCCCAGCTACTCGGGAGGCTGAGGCAGGAGAATCACTTGAACCCGGGAGATGGAGGCTGCAGTGAGCCGAGATCGTGCCATTGCACTCCAGCCTGGACAACAAAGCAAGACTCCAT"
"chr1","7866026","7866325","chr20","123894058","123894368","34","116028032","GGCTGGGCCTGGTGGCTTACACCTGTAATCCCAGCACTTTGGGAGGCCAAGGCAGGAGGATCACTTGAGATCAGGAGTTCGAGACCAGCCTGGCCAACATGGTGAAACTTTGACTAAAAATACGAAAACTAGCTGGGCATGGTGGTGGACACCTGGAATTCCAGCTACTCGGGAGGCTGAGGTATGAGAATTGCTTGAACCTGTGAGGCAGAAGTTGCACTGAGCCGAGATCACACTACTGCACTCTAGCCTGGGTGACAGAGCAAGGCCTTATTTCAAAAAAAAAAAAAAAAAAAAAAA","GGCTGGGCCTAGTGGCTCACACCTGTAATCCCAGCACTTTGGGAGGCCAAGGCAGAAAGATCACTTGAGATCAGGAGTTCGAGACCAGCCTGGCCAACATGGTGAAACCCTGTCTCACTAAAAATATAAAAAGTAGCTGGGCATGGTGGTGGACACCTGTAATCCCAGCTCCTCGGGAGGCTGAGGCATGAGAATTGCTTGAACCGGGGAGGCAGAGGTTGCAGTGAGCCAAGATCGTGCTACTGCACTCTAGCCTGGGTGACAAAGCAAGGCCTTGTCTCAAAAAATAAATAAATAAATAATAAATAAAA"
"chr1","7867180","7867487","chr20","123892902","123893199","36","116025722","GGCAGGGCGCGGTGGCTCACACCTGTAATCCCAGCACTTTGGGAGGCCGAAGTTGCGGGGGCGGGGGGGAATCACCTGAGGTCAGGAGTTCGAGACCAGCCTGGCCAACATGGTGCAATCCCATCTCTACTAAAAATACAAGAATTAGCCGGGCGTGGTGGGCAGCGCCTGTAATCCCAGCTACTTAGGAGACTGAGGCAGGAGAATCGCTTGAACCAGGGGCATGGAGGTTGCAGTGAGCCGAGATTGTGCCACTGCACTCCAGCCTGGTAACAGAGTGAGACTCCATCTCAGGAAAAAAAAAAAAA","GGCAGGGTGTGGTGGCTCACACCTGTAATCCCAGCACTTTGGGAGGCCGAGGTGGGTGGATCACCTGAGGTCAGGAGTTCGAGACCAGCCTGGCTAACATGGTGAAATCCCATCTCTACTAAAAATACAAGAATTAGCCAGGTGTGATGGCGGGCGCCTGTCATCCCAGCTACTCAGGAGGCTGAGGCAGGAGAATCGCTTGAACCCAGGGCACGGAGATTATAGTGAACCGAGATTGTGCCATTGCACTCCAGCCTGGTAACAGAGTGAGACTCCATCTCAGAAAAAAAAAAAAAAA"
"chr1","7872615","7872920","chr6","41738554","41738850","36","33865939","GACCGGGCACAGTGGCTCACGCCTGTAATCCCAGCACTTTGGGAGGCTGAGGCGAGTGGTCCCTTGAGGTCAGGAGTTCGAGACCAGCCTGGCCAACATGGTGAAACTCTGTCTCTACTAAAAATACAAAAATTAGCCTGGTGTGGTGGTGGGCGCCTGTAATCCCAGCTACTTGGGAGGCTGAGGCAGGAGAATTGCTTGAACCCGGGAGGTGGAAGTTGTAGTGAGGTGAGATGGCACAATTGTCCTCCAGCCTGGGCAACGGAGCAAGACTCAGTCTCAAAAATAAATAAATAAATAAATAAA","GGCCGGGCACAGTGGCTCAGGCCTGTAATCCCAGCACTTTGGGAGGCTGAGGCAGGCGGATCACTTGAGGTCAGGAGTTCGAGACCAGCCTCGCCAACATGGTGAAACCCTGTCTCTACAAAAAATACAAAAATTAGCCGGGCGTGGTGGCGGGCGCCTGTAATCCCAGCTACTTGGGAGGCTGAGGCACAAGAATTGCTTGAACCCAGGAGGTGGAAGTTGCAGTGAGCTGAGATCGCACCATTGCACTCCAGCCTGGGCAACAGAGCGAGACTCCGTCTCAAAAAACAAAAAAAA"
"chr1","7898380","7898645","chr20","123865794","123866041","34","115967414","GCTGGGAGGGCCGGATCACCTGAGGTCAGGAGTTCCAGACCAGCCTGGCCAACATGGTGAAACCCCGTCTCTACTAAAAATACAAAAATTAGCCGGGCGTGGTGGTGGGCGCTTGTAATCCCAGCTACTTGGGAGGCTGAGGCAGGAGAATCCCTTGAACCGGGGAGGCTGAGGCTACGATGAGCTGAGATTGCACCTCTGAACTCCAGCCTGGGTGACAAAGCCAGACTCGATCTCAAAAAAAAAAAAAAAAAGAAAGAAAGAAA","GCTGAGAGGGCCAGATCACCTGAGGTCAGGAGTTCGAGACCAGCCTGGTCAACATGGTGAAACCCCGTCTCTACTAAAAATACAAAAATTAGTTGGGCGTGGTGGTGGGCGCCTGTAATCCCAGCTACTTGGGAGGCTGAGGCAGAAGAATCACTTGATCCGGGGAGGCTGAGGCTACAGTGAGCTGAGATCGCACCTCTGAACTCCAGCTTGGGTGACAAAGCCAGAGTCCATCAAAAAAAAAAAAA"
"chr1","7899530","7899844","chr20","123864538","123864857","29","115965008","GGCTGGGCGAGGTGGCTCACAGCTGTAATCCCAGCACTTTGGGAGACCGAGGCCGCTGAATTGCTTGAGTTCAGGAGTTTGAGACCGGTCTGGGCAACATGGCAATATCCCGCCTCCCCGCCTCTACTAAAAATACAAAAATTAGCCAGGCGTGGTGGCAGGGTGCCCGTAATCCCAGCTACTCAGGAGGCTGAGGCAGGAGAATCACTTGAACCTTGGAGGTGGAGGTTCCAGTGAGCTGAGATTGCGCCACTGCACTCTCCAGCCTGGATGACAGAGTGACACTCCGTCTCAAAAAAAAAAAAAAAAAAAAAA","GGCTGGATGAGGTGGCTCACGCCTGTAATCCCAGCACTTTGGGAGACCGAGGCAGGTGAATTGCTTGAGTTCAGGAGTTTGAGACCAGTCTGGGCAACATGGCAATACCCCGCCTCCCTGCCTCTACTGAAAATACAAAAATTAGCCAGGCGTGGTGGCAGGTGCCTGTAATCCCAGCAACTCAGGAGGCTGAGGCAGGAGAATCACTTGAACCTTGGAGGTGGAGGTTCCAGTGAGCCAAGATCGAGCCACTGCACTCCAGCCTGGATGACAGAGTGAGACTCCGTTTCGAAAAACAAAAACAAAAACAAAAAAACAAA"
"chr1","7902140","7902436","chr8","40178073","40178373","34","32275933","GGCCTGGCATGGTGGCTCACACCTGTGATCCCAGAACTTTGGAAGGCTGAAGTGGGTGGATCACTTGAGGCCAGGAGTTTGAGACTAGCTTGGCCAACATGGGGAAACCCTGTCTCTACTAAAAATACAAAAATTAGCCGGGCATGGTGGTGGGCATCTGTAATCCCAGCTACTCAGGAGGCTGAGGCAGGAGAATCCCTTGAACCCGGGAGGCAGAGGTTGCAGTGAGCTGAGATTGAGCCACTGCACTCCAGCCTGGGTGATAACAGCGAGACTCCATCTCAAAAAAAAAAAAAA","GGCCAGACATGGTGGCTCACACCTGTAATCCCAGCACTTTGGGAGGCTGAGGTGGGCGGATCACTTGAGGTCAGGAGTTTGGAGACTAGCCTGGCCAACATGGTGAAACCCTGTCTCTACTAAAAATACAAAAATTAGCCAGGCATGGTGGCAGGTGCCTGTAATCCCAGCTACTCAGGAGGCTGAGGCAGGAGAATCGCTTGAATGCAGGAAGTGGAGGTTGCAGTGAGCTGAGATTGCACCACTGCACTCCAGCCTGGGCGACAAAGCAAGACTCCATCTCAAAATAAAATAAAATAAA"
"chr1","7907563","7907851","chr7","111815549","111815836","49","103907986","GGTGGCTCACGCCAGTAATTTCAATCCTTTGGGAGGCCAAGCCAGGTGGATTACCTTATGTCAGGAGTTCGAGACTGGCATGGCCAACACGGCAAAAACCCCATCTATACTAAAAATACAACAATTAGCCAGCACAGTGGTGGCCGGCGCCTGTAATCCCAGCTACTCGGGAGGCTGAGGCAGGAGAATTGCTTGAACCAGGGAAGTGGAGGTTGCAATGAGCTCAGATCATGCTACTGCACTCCAACCTGGGCTACAGAGCGAGATTCCATCTCCAAAAAAAAAAAAA","GTGGTGGCTCACGCCTGTAATTCCAGCACTTTGGGAGACCGAGGTGGGTGGATTACCTAAGGTCGGGATTTCGAGACCAGCCTGGCCAACATGGCGAAACCCCATCTCTACTAAAAATACAAAAATTAGCCGGGCGTGGTGGCGGGCGCCTGTAATCCCAGCTACTTGGGAGGCTGAGGCAGGAGAATCGCTTGAACCCAGGAGGCAGAGGTTGTAGTGAGCTGAGATCACGCCACTGCACTCCAGCCTGGGCGACAGAGCAAGACTCTGTCTCAAAAAAAAGAAAAA"
"chr1","7910155","7910438","chr13","14617984","14618268","47","6707829","GGCCGGACGTGGTGGCTCATGCCTGTAATCCCAGCACTTTGAGAGGCCGACGTGGGAGGATCGCTTGAGTCCAGGAGTTCGAGACCAGCCTGGCCGACATGGTGAAACCCTGTTTCTACCAAAAATACAAAAATTAGCCAGGGTTGGTGGCGGGAACTTGTAATCCCAGCTACTACTCCAGAGGTTGGGGCAAGAAAATGGCTTGAACCCGGGAAAGGGAGGTTGCAGTGAGCTGAGATTGCGCCATTGCACTGCAGCCTAGGCGACAGAGCGAGATTGTCTCA","GGCCAGGCATGGTGACTCATACCTGTAATCCCAGCACTTTGGGAGGCCGAGGCGGGTGGATCACTTGAGGTCAGGAGTTCGAGACCAGCCTGGCCAACATGGTGAAACCCCGTCTCTACCAAAAATACAAAAAAATTAGCCAGGTGTGGTGGCAGGCACCTGTAATCCCAGCTACTTGGGAGGCTGAGGCAGAAGAATTGCTTGAACCTGGGAGGCGGAGGTTGTAGTGAGCTGAGACTGTGCCACTGTACTCCAGCCTGGGTGACAGAGCAAGACTCTGTCTCA"
"chr1","7911367","7911668","chr16","42416102","42416402","33","34504735","GGCTGGGAGCGGTGGCTCACGCCTATAATCCCAGCACTTTGGGAGGATGAGGCAGGCAGATCACCTGAGGTCATGAGTTCAAGACCAGCCTGGCCAACATGGTGAAACCCTGTCTCTACTAAAAATATAAAAATTAGCCGGGCGTGGTGGTGGGCGCCTGTAAACCCAGCTAATTGGAAGACTGAGGCAGGAGAATCGCTTGAACCCGGGAGGCAGAGGTTAGAGTAAGCCTAGATCGTGCCACTGGACTCCAGCTTGGGTGACAGAGTGAGACTCTGTCTCAAAAAAAAAAAAAAAAAAAA","GGCTGGGCGCGGTGGCTCACGCCTGTAATCCCAGCACTTCGGGAGGCCGAGGCAGGCAGATCACCTGAGCTCAGGAGTTCGAGACCAGCCTGGCCAATATGGCGAAACCCCGTCTCTACTAAAAATACAAAAATTAGCCGGGCGTGGTGGCGGGCGCCTGTAATCGCAGCTATTCTGGAAGCTGAGGCAGGAGAATCGCTTGAACCCGGGAGGCAGAGGTTGCAGTGAGCTGTGATTGTGACACTGCACTCCAGCCTGGGGGACAGAGTGAGATTCTATCTCAAAAAAAAAAAGAAAAAAA"
"chr1","7918183","7918480","chr16","62764099","62764400","27","54845916","GGCCAGGCACAGTGGCTCACCCCTGTCATCCCAGCACTTTGGGAGGCCTAGGCAGTGGATCACCTGAGGTCAGGAGTTCGAGACCAGCCTGGCCAACATGGCGAAACCCCATCTCTACTAAAAATACAACAATTAGCGGGAGTGGTGGCAGGTGCCTGTAATCCCAGCTACTCGGGAGGCTGAGGCAGGAGAACCGCTTGAACCCAGGAGGCGGAGGTTGCAGCGAGCCAAGATCGCGCCACTGCACTCCAGCCTGGGTGACAGAGTGAGACTCTGTCTCAAAAAAAAAAAAAAAAAA","GGCCAGGCACTGTGGCTCACGCCTGTAATCCAAGCATTTTGGGAGGCCGAGGCAGGCGGATCACCTGAGGTCAGGAGTTCAAGACCAGCCTGGGCAACATGGTGAAACCCCGTCTCTACTAAAAATACAAAAATTAGCCGGGCGTGGTGGCGGGCGCCTGTAATCCCAGCTACTCTGGAGGCTGAGGCAGGAGAATCACTTGAACCCGGGAGGCGGAGGTTGCAGTGAGCCAAGATGGCGCCACTGCACTCCAGCCTGGGTGACAGAGTGAGAATCTGTCTTAAAAAAAAAAAAAAAAAAGA"
"chr1","7930840","7931131","chr16","16352697","16352989","32","8421857","GGCCGGGTGTGGTGGCTCACGCCTGTAATCCCAGCACTTTGGGAGGCCCAGATGGGCGGATCATAAGGTCAGGAGTTTGAGACCAGCCTGGCCAATATGGTGAAACCCCATCTCTACTAAAAACACAAAAATTAGCCGGGCCTGGTGGCGGGCACCTGTAGTCCCAGCTACTCAGGAGACTGAGGCAAGAGAACCACTTGAACCCGAGAGGCGGAGGTTGCAGTGAGCTGAGATCGCGCCATTGCACTCCAGCCTGGGCAACAGAGTGAGACTCCTTCTCAAAAAAAAAAAA","GGCCAGGTGCAGTGGCTCACGCCTATAATTCCAGCACTTTGGGAGGCTGAGGCAGGCGGATCATGAGGTCAGGAGTTTGAGACCAGCCTGGCCAACATGGTGAAACCCCATCTCTACTAAAAATACAAAAATTAGCTGGGCGTGGGGGCGGGCGCCTGTAATCCCTGCTACTCGGGAGACTGAGGCAGGAGAATCTCTTGAACCTGGGAGGCGGAGGTTGCAGTGAGCCGAGATTGCACCACTGCACTCCAGCCTGGGCAACAGAGTAAGACTCCGTCTCAAAAGAAAAAAAA"
"chr1","7932970","7933255","chr16","70284377","70284671","39","62351407","GGCTGGGTGCGGTGGCTCATGCCTGTAATCCCAGCACTTTGGGAGGCCGAGGTGGGCAGATTACCGGAGCTCAGGAGTTCGAGACCAGCCTAGCCAACATGGTGAAACCCCATCTCTAATACAAAAATTAGCCAGGCGTGGTGGCAGCTGCCTGTAGTCCCAGCTACTTGGGGGGCTGAGGCAGGAGAATCACTTGAACCTGGGAGGTGCAGGCTGCAGTGAGCCAAGATCTTGCCACTGCATTCCAGCCTGGGCAGCAAGACCCTGCCTCAAAAAAAAAAAAAAA","GGCTGGGCATGGTGGTTCACACCTGTAATCCCAGCATTTTGGGAGGCCAAGGTGGGCAGATCATCTGAGGTCAGGAGTTCCAGACCAGCCTGGCCAACATGGTGAAACCCCATCTCTACTAAAAATACAAAAAATTAGCTGGGCGTGGTGGCAGCTGCCTGTAGTCCCAGCTACTTGGGAGGCTGAGGCAGGAGAATCACTTGAACCCGGGAGGTGGAGGCTGCAGTGAGCCGAGATCATGCCACTGCACTCCAGCCTGGGTGACAGAGCAAGACTCTGTCTCAAAAAAAAAAAA"
"chr1","7941409","7941677","chr20","123826323","123826591","20","115884914","GGCCAGACATGGTGGCTCACGCCTGTAATCCCAACACTTTGGAAGGCCGAGGCAGGAGGATCACTTAGAGTCAGGAGTTCAAGACCAGCCTGGCCAACATAGTGGTGGCAGGAACTTGTAATCCCAGCTACTTGGCAGGATGAGGCAGGAGAATGGCTTGAACCCGGGAGGCGGAGGTTGCAGTGAGCTAAGATGGTGCCACTGCACTCCAACCTGGGCAACAGAGTGAGACTCCATCTCAAAAAAAAAAAAAAGAAAGAAAAGAAAAA","GGCAAGACATGGTGGCTCACGCCTGTAATCCCAATACTTTGGAAGGCCGAAGCAGGAGGATCACTTACAGTCAGGAGTTCAAGACCAGCCTGGCCAACACAGTGGTGGCAGGCACTTGTAGTCCCAGCTACTTGGGAGGCTGAGGCAGGAAAACTGCTTGAACCCGGGAGGCGGAGTTTGCGGTGAGCTGAGATGGCGCCACCGCACTCCAACCTGGGCAACAGAGCGAGACTCCATCTCAAAAAAAAAAAAAAGAAAAGAAAAAAAAA"
"chr1","7941690","7941995","chr11","96978397","96978692","37","89036707","GGCCGGGAGCGGTGGCTCACACCTGTAATCCTAGCACATTGGGAGGCCAAGGTGGGCAGATCACCTGAGGTCAAGAGTTTGAAACCAGCCTGGCCAACATGGAGAAACTCCATCTCTACTAAAAATACAAAAATTAGCTGGGTGCCGTGGTGGGCGCCTGTAATCCCAGCTACTCGGGAGGCTGAGTCAGGAGAATTGCTTGAACCTGGGAGGTGGAGGTTGCAGTGAGCCGAGATCGCGCCATTGCACTCCAGCCTGGGTGACAGAGAGAGACTCTGTTCCCCCCCTCCAAAAAAATAAAAGAAA","GCCGGGCATGGTGGCTCACGCCTGTAATCCCAGCACTTTGGGAGGCCGAGGTGGGTGGATCACCTGAGGTCAGGAGTTCGAGACCAGCCTGGCCAACATGGTGAAACCCCATCTCTACTAAAAATACACAAAATTAGCTGGGCGTGGTGGTGGGCGCCTGTAATCCCGGCTACTTGGGAGGCTGAGGCAGGAGAATTGCTTGGACCTGGGAGGTGGAGGTTGCAGTGAGCCGAGATCACGCCATTGCACTCCAGCCTGGGTGACAGAGCGAGACTCCATCTCAAAAAAAAAAAAAA"
"chr1","7958253","7958567","chr20","104310028","104310339","36","96351775","GGCCGGGTGCAGTGGCTCCCACCTGTAATCCCAGCACTTTGAGAGGCCGAGGTGTGCGGATCACCTGAGGTCAGGAGTTCCAGACCAGCCTGGCCAACAAGGTGAAACCCCATCTCTACTAAAAATACAAAAATTAGCCGGGCATGATGGCAGGTGCCTGTGATCCCAGCTACTCGGGAGGCTGAGGTGGGAGAATCGCTTGAACCCAGGAGGCGGAGGTTGCAATGAGCCGAGATGGTGCCACTGCACTCCAGCCTGGGTGACAGAGCAAGACTCCATCTCAAAAATAAATAAAAATTTAAAAATTAAAAACAA","GCCAGGTGCAGTGGCTCACACCTGTAATCCCAGCACTTTGGGAGGCCGAGGCGGGTGGATCACCTGAGGTCAGGAGTTCGAGACCAGCCTGGCCAACATGGTGAAACCCCGTCTCTACTAAAAATACAAAAAATTAGCCGGGTGTGGTGGCGGGTGCCTGTAGTCCCAGCTACTCGGGAGGCTGAGGCAGGAGAATGGCGTGAACCTGGGAGGCGGAGCTTGAAGTGAGCCAAGATAGTGCCACTGCACTCCAGCCTGGGTGACAGAGCAAGACTCCATCTCAAAAAAAAATAAGTAAATAAAAATTAAAAA"
"chr1","7965139","7965450","chr20","123802322","123802630","19","115837183","GGCCAGGAGCTGTGGCTCACACGTGTAATCCCAGCACTGTGGGAGGCCGAGGTGGGCAGATCACTTGAGGTCAGGAGTTTGAGACTAGCCTGACCAACATGGTGAAAGCTCATCTCTACTAAAAATACAAAAATTAGCCAGGCATGATGGCAGGTGCCTGCAATCCCAGCTACTCTAGAGGCTGAGGTGGGAGAATTGCTTGAACCTGGGAGGCGGAGGTTGCAATGAGCTGAGATTGCACCATTGCACTCCAGCCTGGGCAACAGAGCGAGACTCTGTCTCAAAAAGAAAAAAAAAAAGAAAAGAAAAGAA","GGCCAGGTGCTGTGGCTCATACCTGTAATCCCAGCACTGTGGGAGGCTGAGGTGGGCAGATCACTTGAGGTCAGGAGTTTGAGACTAGCCTGGCCAACATGGTGAAACCTCATCTCTACTAAAAATACAAAAATTAGCCAGGCATGATGGCGGGTGCCTGCAATCCCAGCTACTCCAGAGGCTGAGGTGGGATAATTACTTGAACCTGGGAGGTGGAGGTTGCAGTGAGCTGAGATTGCACCATTGCACTCCAGCCTGGGCGACAGAGCGAGACTCTGTCTCAAAAAAAAAAAGAAAAAAGAAAAGAAA"
"chr1","7965477","7965786","chr20","123801994","123802299","26","115836517","GGCCAGGCGCGGTGGCTCACACCTGTAATCCCAGCACTTTGGGAGGCTGAGGCAAGTGGATCACCTGAGGTTAGGAGTTCGAGACCAGCCTGGCCTACATGGTGAATCCCTGTCTGGACTAAAATACAAAAATTAGACAGGCATGATGGAGGGTGCCTGTAATCCCAGATACTCGGGAGGCTGAGACAGAGAATCGCTTGAACCCAGGAGACAGTGGTTGCAGTGAGCCAAGATTGTGCCACTGCACTCCAGCCTAGGCGGCTGAGCGAGACTCCATCTCAAAAAAAAAAAAAAAAAGAAAAGAAAAGAA","GGCCAGGCGCCATGGCTCACGCCTGTAATCCCAGCACTTCGGGAGGCTGAGGCAGGTGGATCACCTGAGGTCAGGAGTTTGAGACCAGCGTGGCCAACGTGGTGAATCGCTGTCTCTACTAAAATATAAAAATTAGACAGGCATGATGGAAGGTGCCTGTAATCCCAGATACTCAGGAGTCTGAGACAGAGAATTGCTTGAACCCAGGAGACAGTGGTTGCAGTGAGCCAAGATTGCGCCACTGCACTCAAGCCTAGGCAGCTGAGCGAGACTCCATCTCAGAAAAAAAAAAAAAAAAAAAAAGAA"
"chr1","7969937","7970236","chr20","123797507","123797817","42","115827570","GGCCGGGCATGGTGGCTCCCGCCTGTAATCCCAGCACTGTAAAAGGCTAAGGCGGGCGGGTCACTTGAAGCCAGGAGTTCGAGACCAACCTGGCCAACATGGTGAAACCCCATCTGTACTAAAAATACAATTAGCCAGGCGTGGTGGCGGACACCTGTAATCCCAGCTGAGGGTGAGGCAGGAGAATCTCTGGAACCCGGGAGGCAGAGGTTGCAGCGAGCAGAGCACACCACTGCGCTCCAGGCTGAGCGACACAGAGAGACACCATCTCAAAAAAAAAAAAAAAAAAGAAAAAAGAAA","GGCCGGGCATGGTGGCTCACGCTTATAATCATGGCACTGTAAAAGGCTGAGGCAGGCGGGTCACTTGAAGCCAGGAGTTCGAGACCAACATGGTCAACATGGTGAAACCCCATCTGTACTAAAAATACAAAAATTAGCTGGATGTGGTGGTGGACACCTGTAAACCCAGCTACTCAAGAGGCTGAGGCAGCAGAATCTGTTGAACCTGGGAGGTAGAGGTCGCAGTGAGCAGAGATCACACCACTGCAGTCCAGGCTGGGTGACACAGTGAGACACCATCTCAAAAAAAAAAAAAAAAAAAAAAAAGGAAA"
"chr1","7988429","7988745","chr4","31876349","31876651","51","23887920","GCCGGATGCAGTAGCTCATGCCTGTAATTCCAACACTCTGGGACGCCAAGGCAGGTGGATCACCTGAGGTCAGGATTTCAAGACCAGCCTGACCAACATGGTGAAACCCCGCCTCTACTAAAAAAAAAAAAAAAAAAAAATACAAAAATTAGCTGGGCCTGGCGGCCGGTACCTGTAATCCCAGCTACTCAGGAGGCTGAGACAGGAGAATCATTTGAACCCGGGAGGCGGAGGTTGCAGTGAGCCGAGAGGCGTCACTGCACTTCAGCCTGGGTGAGAGAGCAAGACTCCGTCTCAAAAAAAAAAAAAAAAAAAAA","GGCCGGCTGCAGTGGCTCATACCTGTAATCGGAGCACTTTGGGAGGCCAAGGCAGGTGGATCACTTGAGGTCAGGAGTTCAAGACCAGCCTGGCCAACATGGTGAAACCCCATCTCTACTAAAAATACAAAAATTAGCTGGGCATGGTGGCTGGCACCTGTAATCCCAGCTACTCAGGAGGCTGAGACAGGAGAATTGCTTGAACCTGGGAGGCGGAAGTTGCAGTGAGCCAAGATCACGCCACTGCACTCCAGCCTGGGCAACAGAGCTAGACTCCATCTCAAAAAAAAAAAAAAAAAAAAA"
"chr1","7995008","7995302","chr20","3467120","3467419","42","4527888","GGGCGCAGTGGCTAACGCATGAAATCCCAGCACTTTGGGAGGCCGAGGCAGGTGGATCACTAGAGTCCAGGAGTTAGACCCCCCCCGGCCCAACAGGNAAACCCTGTCTCTACTAAAAACTACAAAAATTAGCCGGGCGTGATGGCGGATGCCTGTAATCCCAGCTACTTGGGAGGCTGAGGCAGGAGAATCGCTTGAACCCGGGCAGCAGAGTTTGCAGTGAGCCAAGATCACAGCACTGCACTCCAGCCTGGGCAACAGAGTGAGATTCTGTCTCAAAAAAAAAGAACAAAAA","GGGCAGATGCAGTGGCTCACACCTGTAATCCCAGCACTTTGGGAGGCCGAGGCAGGTGGATCACTTGAGGTCAGGAGTTTGAGACCAGCCTGGCCAACATGGTGAAACCCTGTCTCTACTAAAAATACAAAAATTAGCCGGGTGTGATGGCAGGCTCCTGTAATCCCAGGTACTCAGGAGGCTGAGGCAGGAGAATCGCTTGAAACTGGGAGGCAGAGGTTGCAGTGAGCCAAGATCATGCCACTGCACTCCAGCCTGGGCAACAGAGTGAGACTCTGTCTAAAAAAATAAAAATAAAAA"
"chr1","7999184","7999422","chr9","61704066","61704306","54","53704882","GGCCGAGCACAGTGGCTCATGCCTGTAATCCCAGCACCTTGGGAAGCCGAGGTAGGTGGATCACCTGAGGTAAGGAGTTCGAGACCAGCCTGGCCAACATGGTGAAACCGCATCTCTACTAAAAAAAAAAAAAATACAAAAATTAGCTGGGCCTGGCGTCCGGCGCCTATAAGCCCAGCTACTCGGGAGGCTAAGACAGGAGAATCGCTTGAACCCGGGAGGCGGAGGTTGCAGTGAGC","GGCCGGGCGCAGTGGCTCATGCCTGTAATCCCAGCACTTTGGGAGGCTGAGGTGAGTGGATCACTTGAGGTCAGAAGTTTGAGACCAGCCTGGCCACCATGGTGAAATCCCATCTCTACTAAAAATACAAAAATTAGCCAGGCGTGGTGGTGGGCACCTTTAATCTCAGCTATCCAGGAGGCTGAGGCAGGAGAATTGCTTGAACCCAGGAGGAGGAGGTTGTGGTGAGCTGAGATCATGC"
"chr1","8004964","8005244","chr11","24737261","24737543","32","16732297","GGCCAGGTGAGGTAGCTCACACCTGTAATCCCAGCTCTTTGGGAGGCCGAGGTGGGTGGATCTCCTGAGATCAGGAGTTCGAGACCAACCTGGCCAACATGGCGAAACCTTGTCTCTACTAAAAATACAAAAATTAGCAAGGCGCGGTGGCAGGTGCCTGTAATCCCAGCTACTCGGGAGGCTGAGGCAGGAGAATTGCTTGAACCTGGGAGGTGGAGGTTGCAATGAGTCAGGATTGCACCACTGCACTCCAGCCTGGATGACAGAGTGAGACTCCGTCT","GGCCGGGCATGGTGGCTCATGCCTGTAATCCCAGCACTTTGGGAGGCCGAGGTGGGTGGATCACCTGAGATCAGGAGTTCGAGACCATCCTGGCCAACATGGTGAAACCCTGTCTCTACTAAAAATACAAAAATTAGCCGGGCGTGGTGGCGGGTGCCTGTAATCCTAGCTACTTGAGAGGCTGAGGCAGTAGAATTGTTTGAACCTGGGAGGCGGAGGTTGCAGTGAGCCACGATAGTGCCACTGCACTCCAGCCTGGGTGACAGAGTGAGACTCCAGCTCA"
"chr1","8015030","8015326","chr18","23103753","23104043","35","15088723","GGCTGGGCACAGTGGCCCACGCCTATAATCCCAGCACTTTGGGAGGCTGAGGTGGGTGGATCACCTAAGGTTAGGAGTTCGAGACCAGCCTGGCCAACATGGTGAACCCTCGTCTCTACTAAAAATACAAAAATTAGCCGGGCATGGTGGCGGGTGCCTGTAATCCCAGTTGATCGGAAGGCTGAGGCAGGAGAATCGCTAGAACCCTGGAGGCAGAGGTTGCAGTGAGCCCAGATGGTGCCACTGCACTCCAGCCTGGGTGACGAAGACTTTGCCTCAAAACAAAAAAACGAAAAA","GGCTGGACGCAGTGGCTCATGCCTGTAATCCCAACACTTTGGGAGGCCGAGGCGGATGGATCACCTCAGGTCAAGAGTTCGAGACCAGCCTGGCCAACATGGTGAAACCTTGTCTCTACTAAAAATACAAAAATTAGCCGGGCATGGTGGCGGGTGCCTGTAATCTCAGCTACTGGGGAGGCTGAGGCAGGAGAATGGCTTGAACCCTGGAGGCGGAGGTTGCAGTGAGCCGAGATCGTGCCACTGCACTCCAGCCTGAGTGACTCTGCCTCAAAACAAACAAACAAAAAA"
"chr1","8039962","8040262","chr20","123730217","123730498","38","115690255","GGCCAGGTGTGGTGGTTCACACCTGTAATCCCAGTACTTTGGGAGACCGAGGTGGGCAGATCACTTGAGGTCAGGAGTTCAAGACCACTCCGGCCAACATGGTGAAACCCCATCTTTACTAAAAATACAAAAATTAGCTGGGCACGGTCGTGGGTGCCTGTAATTCCAGCTACTCAGGAAGCTAAGGCAGAAGAATTGCTTGAACCCAGGAGGTGGAGGTTGCAGTGAGCCAAGATGGTCCTACTGCACTCCAACCTGGGCAACAGAGCAAGACTCCATCTACAATAAATAAATAAATAAA","GGCCAGGTGCGGTGGTTCACACCTGTAATCCCAGTACTTTGGGAGACCGAGGTGGGTGGATCACTTGAGGTCACGAGTTTGAGACCAGTCCGGCCAACATGGTGAAACCCCATCTCTGCTAAAAATACAAAAATTAGCTGGGCACGGTCGTGGGTGCCTGTAATTCCAGCTACTTGGGAAGCTAAGGCAGGAGAATCGCTTAAACCCAGGAGGCAGAGGTTGCAGTGAGCCAAGATTGTGCTACTGCACTCCAACCTGAGCAACAGAGCAAGACTCCATCTA"
"chr1","8043830","8044131","chr20","123726314","123726602","33","115682484","GGCTGGGCGCGGTGGCTCAAGCCTGTAATCCCAGCACTTTGGGAGGCTGAAGCAGGTGGATCACTTGAAGTAAGGAATTGGAGACCAGCCTGGCCAACATGGTGAAACCCTGTCTCTACTGAAAATACAAACATTAGCCAATTGTGGTGGTGGGCGCTTGTAGTCCCAGCTACTCGGGAGGCTGAGGCATGAGAATCACTTGAACCCAGGCAGCAGAGGTTGCAGTCAGCTGAAATTGCCGCTGCACTCCAGCCTGGGCGACAGAGCAAGGCTCTATCTCAAAAAAAAAAAAAAAAAAAAAA","GCGGTGGCTCAAGCCTGTAATCCCAGCATTTTGGGAGGCTGAAGCAGGTGGATCACTTGAAGTCAGGAATTGGAGACCAGCCTGGCCAACATGGTGAAACTCCGTCTCTACTAAAAATACAAACATTAACCAGTTGCGGTGGCGGGCGCTTGTAGTCCCAGCTACTTGGGAGGCTGAGGCACAAGAATAGCTTGAACCCAGGCAGCAGAGGTTGCAGTGAGCTGAAATTGCTGCTGCATTCCAGCCTGGGCAATAGAGCAAGACTCTATCTCAAAAAAAAAAAAAAAAA"
"chr1","8045365","8045551","chr7","15845768","15845962","33","7800403","GGCCAGGCGCAGTGGTTCACACCTATAATTCCAGCACTTTGGGAGGCCAAGGCAGGTGGATCACCTAAGGTCAGGAGTTTGAGACCAGCCTGGCCAACATGGTGAAACCCCGTCTCTATTAAAAGTACAAAAAATTGCCCAGGCATGGTGGTGAGCACCTGTAATTCCAGCTACTCAGGAGGCTGAG","GACTGGGCGCGGTGGCTCACACCTGTAATTCTAGCACTTTGGGAGGCCAAGGCAGGTGGATCAGTTGAGGTCAGGAGTTTGAGACCAGCCTGGCCAGCATGGTGAAACCCCATCTCTAGTAAAAATACAAAAATTAGCTGGGCATGGTGGCGGGTGCCTGTAATCCCAGCTACTCAGGAGGCTGAGGCAGGAGAA"
"chr1","8052501","8052809","chr29","19796485","19796789","39","11743984","GGCAGGGCAAGGTGGCTCACGCCTATAACCCCAGCAATTTGGGAGGCCGAGGTGGGAGGACCACCTGAGGTCAGGAGTTCAAGACCCGCCCAGCCAACATGGCGAAACCCCATCTCTACTAAAAATACAAAAATTAGCTGTGCATGGTGGGGGCATGCCTGTAATCCCAGCTGCCTGGGAGGCTGAGGCAGTAGAATCGCTTGAACCCAGGAGGCAGAGGTTGCAGTGAGTCGAAATTGTGCCACTGCACTCCAGCCTGGCCGACAGAGCAAGGTTCCATCTCAAAAAAAAAAAAAAAAAAAAAAAAAA","GGCCGGGCACCGTGGCTCACGCCTGTAATCCCAGCACTTTCGGAGGCCGAGGTGGGCAGATCACCTGAGGTCAAGAGTTCAAGACCAGCCTGGCCAACATGGTGAAACCCCATCTCTACTAAAAATACAAAAATTAGCTGGGCATGGTGGCAGGCACCTGTAATCCCAGCTACTTGGGAGGCTGAGGCAGGAGAATCGCTTGAACCCAGGAGGTGGAGGTTGCAGTGAGCCGAGATTGTGCCACTGCACTCCAGCGTGGTGACAGAGCAAGACTTCATCTCAAAAAACAAACAAACAAACAAAAA"
"chr1","8054119","8054414","chr20","123710833","123711123","35","115656714","GGCCGGCGCGGTGGCTCATGCCTGTAATCCTGGCACTTTGGGAGGCCAAGGCAGGTGGATCACCTGAGGTCAGGAGTTCGAGACCAGCCTGGGCAACATGGTGAAAACCTGTCTTTACTAAAAATACAAAAATTAGCTGGGCATGGTGGCGTGGTGGCGGGTGCCTGTAATCCCAGCTACTCAGGAGGCTGAGGCAGGAGAATTGCTTGAACTTGGGAGGTGGAGGTTGCAGTAAGCCAAGATAGCGCCACCGCACTCCAGACTGGGTGACAGAGTGAGACTCCGTCTCAAAAAAA","GGCCGGCATGGTGGCTCACGCCTGTAATCTCAGCACTTTCGGAGGCCAAGGCAGGTGGATCCCCTGAGGCCAGGAGTTCGAGACCAGCCTGGGCAACATGGTGAAACCCTGTCTTTACCAAAAATACAAAAATTAGCAGGGTGTGGTAGCGGGCGCCTGTAATCCCAGCTACTCATGAGGCTGAGGCGTGAGAATTGCTTGAACCTAGGAGGTGGAGGTTGCAGTGAGTCAAGATAGCGCCACTGCACTCCAGACTGGGTGACAGAGTGAGACTCCATCTTAAAAAGAAAA"
"chr1","8054598","8054892","chr6","50066742","50067036","32","42012144","GGCCGGGTGCGGTGGCTCACGCCTGAATCCCAGCACTTTGGGAGGCTGAGGTGGGTGGATCACCTGAGGTCAGGAGTTTGAGACCAGCCTGACCAATATGGTGAAACCACATCTCTATTAAAAATACAAAAATTAGCCGGGCCTGGTGGCCAGTGCCTGTAGTCCCAGCTACACCAGAGTCTGAGACAGGAGAATTGCTTGAACCTGGAAGGCAGAGGTTGCAATGAGCCAAGATCGTGCCACTGCACTCCAGCCTGGGCGACAGAGCGAGACTCCGTCTCAAAAAAAAAAAAAA","GCAGGGCACGGTGGCTCACGCCTGTAATCCCAGCACTTTGGGAGGCCGAGGTGGGCGGATCACCTGAGGTCAGGAGTTCAAGACCAGCCTGACCAATATGGTGAAACCTATCTCTACTAAAAATACAAAAATTAGCTGGGCGTGGTGGTGGGTGCCTGTAATCCCAGCTACTTGGGAGGCTGAGGCAGGAGAATTGCTTGAACCTGGGAGGCAGAGGTTGCAGTGAGCCGAGATTGTGAAACTGCACTCCAGTCTGGGCGACAGAGCGAGACTCCGTCTCAAAAAAAGAAAAAAA"
"chr1","8058112","8058419","chr20","123707404","123707710","31","115649292","GGTCGGGCACGGTGGCTCACACCTGTAATCCCAGCACTTTGGGAGGCCGAGGCAGGATCACTTGAGGTCCGGAGTTCGAGACCAGCCTGGCAACATGGTGAAACCCCATCTCTACTAAAAATACAAAAATTAGCCAGGTGTGGTAGCGGGCGCCTATAGTCCCAGCTACTCCGGAGGGTGAAGCATGAGAATCTCTTCAGTCTGGGAGGCACAGGTTGCAGTGAGCCAAGATCATGTCACTGCACTCCAGCCTGGGCAACAGAGTGAGACTCCATCTCAAAAAAAAAAAAAAAAAAAAGAAAAGAAAA","GGGCACGGTGGCTCACACCTGTAATCCCAGCACTTTGGGAGGCTGAGGCAGGTGGGTCTCTTGAGGTCCGGAGTTTGAGACCAGCCTGGCAACATGGCGAAACCCCATCTCTACTAAAAATACAAACATTAGCCGGGTATGGTAGCGGGTGCCTGTAGTCCCAGCTACTCCGGAGGGTGAGGCAGGAGAATCTCTTCAGTCTGGGAGGCGGAGGCTGCAGTGAGCCAAGCTCATGCCACTGCACTCCAGCCTGGGCAACAGAGCAAGACTCTGTCTCAAAAAAAAAAAAAAAAAAAAAGGAAAAAAA"
"chr1","8067514","8067826","chr20","123698041","123698347","30","115630527","GGCCGGGCACAGTGGCTCACGCCTTGTAATCCCAGCAGTTTGGGAGGCCAAGGTGGGTGGATCACTTGAGGTCTGGAGTTCCAGACCAGCCTGGCCAACAAGGTGAAACCCTATCTCTACTGAAAATACAAAACTTACCTGGTTGTGGTGGTGGGCGCCTGTAATTCCAGCTCCCCGGGAAGCTGAGGCAGGGGAATTGCTTGAGCCCAAGAGGCAGAGGTTGCAGTGAGCTGAGATCGCACCACTGCACTCCAGCCTGGGTGACAGAGTGATACTCCATCTCAAAAAACAAAACAAAACAAACAAACAAAAA","GGCCAGGCACAGTGGCTCATGCCTGTAATCCCAGCACTTTGGGAGGCCGAGGCGGGTGGATCACTTGAGGTCTGGAGTTCGAGACCAGCTTGGCTAACAAGGTGAAATCCCATCTCTACTAAAAATACAAAACTTCTGGTTGTGATGGTGGGCGCCTGTAATTCCAGCTCTTGGGAGTCTGAGGCAGGGGAATTGCTTGAGCCCAGGAGGCATAGGTTGCAGTGAGCTGAGATCGCACCACTGCACTCCAACTTGGGCGACAGAGTGAGATTTCATCTCAAAAAACAAAACAAAACAAACAAACAAA"
"chr1","8089601","8089906","chr5","26410686","26410992","44","18321085","GGCCCAGCATGGTGACTCATGCCTGTAATGCCAGCACTTTGGGAGGCCGAGATGGACAGATCACCTGAGGTCAGGAGTTCAGGACCAGCCTGGACAACATGGCAAAATCCCATCTCTACTAAAAATACAAAAATTAGTCAGGCATCGTGGTGGCAGGCACCTATAATTCCAGCTGCTCAGTAGGCTGAGGCAGGAGAATTGCTTGAACCCAGGAGGTGGAGGTTGCAGTGAGCCAAGATGGAATCACTGCACTCCAGCCTGGGAGACAGAGCAAGACTCTGAAAAAAAAAAAAAAAAAAAAAAAAA","GGCCAGGCATGGTGGCTTAAGCCTGTAATCCCAGCACTTTGGGAGGCCGAGGCGGGTGATCACCTGAGGTCAGGAGTTCAAGACCAGCCTGGCCAACATGGCAAAACCCCATCTCTACTAAAAATACAAAAATTAGCCAGGTGTGGTGGCGGGTGCCTGTAGTCCCAGCTACTCAGGAGGCTGAGGCAGGAGAATCACTTGAACCCAGGAGGCGGAGGTTGCAGTGAGCTGAGATTACACAACTGCACTCCAGCCTGGGTGACAGAGCGAGACTCCGTCTCAAAAAAAAAAAAAAAAAAAAAAAAAA"
"chr1","8103625","8103922","chr20","123661550","123661844","30","115557925","GGCAGGGCGCTGTGATTCATGCCTGTAATCCCAGCACTTTGGGAGGCCGAGGTGGGCAGATCACTTGAGGCCAGGAGTTCGAGACCAGCCTGACCAACATGGCGAAACCCCATCTCTACTAAAAATACAAAACTTAGCTGCGCGTGGTGGCGGGCACCTGTAATCCAGGCTACTCCAGAGGCTGAGACAGGAGAATCAATTGAACCCAGAAGGTGGAGGTTGCAGTGAGCCCCGATTGCACCACTGCACTCCAGCCTGGGTGACAGAGTGAGACTCTGCCTCAAAAAAAAACAACAAA","GGCCGGGCACGGTGGCTCACACCTGTAATCCCAGCACTTTGGGAGGCTGAGGCGGGCAGATCACTTGAGGCCAGGAGTTCGAGACCAGCCTGACCAACATGGTGAAACCCCGTTTCTACTAAAAATACAAAAATTAGCCATGCGTGGTGGCGGGCGCCTGTAATCTAGGCTGCTCCAGAGGCTGAGACAGGAGAATCAATTGAACCCAGGATGTGGAGGTTGCAGTGACCCCAGATCGCACCACTGCACTCCAGCCTGGGTGACAGAGTGAGATTCTATCTCAAAAAAAAAAAAA"
"chr1","8104543","8104821","chr20","123660654","123660938","36","115556111","GCCAGGTGCGGTGGCTCACATCTGTAATTCCAGCTCTTTGGGAGGCCAAGGAGGGCTGATCATTTGAAGTCAGGAGTTTGAGACCAGCCTGGCCAATGTGGTGGAACCCCATCTCTAATAAAAATACAAAAATTATCTGGGTGTGGTGGCAGGCATCTGTAATCCCAGCTACTAGGGAGGCTGAGGCAGAAGAATCACTTGAAGCTGGAAGGCAGAGGTTGCAGTGAGCTGAGATCCCACCACTGAACTCCAGCCTGGGCAACAGAGTGAGACTCCATC","GTCAGGTGTGGTGGTTCACACCTGTAATTCCAGCTCTTTGGGAGGCCAAGGCAGGCTGATCATTGAAGTCAGGAGTTTGAGACCAGCCTGGCCAGTGTGATGGAACTCCATCTTACTAAAAATACAAAAATTAGCTGGGTGAGGTGGGAGGCGTCTGTAATCCCAGCTACTAGGGAGGCTGAAGTAGGAGAATCGCTTGAAGCCAGAAGGCAGAAGTTGCAGTGAACTGAGATCCCACCACTGAACCCCAGCCTGGGCTACACAATGAGACTCCATCAAACACAA"
"chr1","8106797","8107087","chr1","120923387","120923676","36","112816590","GGCTGGGTGTGGTGGCTCACGTCTGTAATCCCACCACTTTGGGAGGCCAAGGCAGATGGATCACCTGAGGTCAGGAGTTCGAGACCAGCCTGGCCAACATGGTGAAACCCTGTCTCTACTAAAAATACACAAATTAATCGGGCGTGGTGATGGATGCCTGTAATCCCAGCTACTTGGGAGGCTGAGGCAGGAGAATCGCTTGAACACGGGAGGTGGAGGTTGCAGTGAGCTGAGATCGTGTCGCCACTCTCCAGCCTGGATAACAGAGTGAGACTCTGTCTCAAAAAAAAA","GGCAGGGTGTGGTGGCTCACACCTGTAATCCCAGCACTTTGGGAGGCCGAGGCGGGTGGATCACCTGAGGTCAGGAGTTCGAGAAGAGCCTAGCCAACAGGTGAAACCCTGTCTCTACTAAAAATACAAAAACTAGCCGGGTGTGGTGGCAGGTGCCTGTAATGCCAGCTACTCGGGAGGCTGAGGCAGGAGAATCGCTTGAACTGGGGAGGCGGAGGTTGTAGTGAGCCGAGATCGTGCCACTGCACTCCAGCCTGTGCAACAGAGTGAAACTCTGTCTCAAAAAAAAA"
"chr1","8109244","8109544","chr1","17699624","17699919","37","9590380","GGCTGGGCACGGTGGCTCACACCTGTAATCTCAGCACTTCGGGAGGCCGAGGTGGGCGGATCACCTGAGGTCAGGAGTTTGAGACCAGCCTGGCCAACATGGTGAAACCCTGTCTCTAATAAAAATACAAAAATTAGCCAGGTGTGGTGGTGGGCACCTGTAATCCAAGCCACTTGGGAGGCTGAGGCAGAAGAATTGCTTGAACCCGGGGGTCGGAGGTTGCAGTGAGCAGAGATTGCATCACTGTACTCTATCTAGTCTGGGTGACAGAATGAGACTCCGTCTCAAAAAAAAAAAAAAA","GGCCAGGCATGGTGGCTCACACCTGTAATCTCACCACTTTGGGAGGCCGAGGCAGGCAGATCACCTGAGGTCAGGAGTTTGAGACCAGCCTGACTAACATGGTGAAACCCTGTCTCTACTAAAAATACAAAAATTAGCCAGGCGTAGTGGTGGGCGCCTGTAATCCCAGCTACTCGGGAGGCTGAGGCAGGAGAATCGCTTGAACCTGGGAGGTGGAGGTTGCAGTGAGCCGAGATTGCGCCATTGCACTCCAGCCTGGGTGACAGAGCGAGCCTCTGTCTCAAAAAAAAAAAAAA"
"chr1","8131433","8131733","chr20","123631441","123631736","28","115500008","GGCCGGGTGTGCTGGCTCATGCCTGTAATCCCAACACTTTGGTAGGCCGAGGCGGGTGGATCACCTGAGGTCAGGAGTTCGAGACCAGTCTGGCCAACATGGTGAAACCCTGGCTCTACTAAAAATACAAAAATTAGCCAGGCATAGTGGTGGGCACCTGTAATCCCAGCTACTCAAGAGGCTGAGGCAGGAGAATTGCTTGAACCCAGGAGGCAAAGGTTGAAGTGAGCCAAGATCACACCACTGCGCTCCACCTTGGGTGACAGACTGTCTCAAAAATAAAATAAAATAAAAATAAAAA","GGCCGGGCATGGTGGCTCACGCCTGTAATCCCAACACTTTGGTAGGCCAAGGCAGGTGGATCACCTGAGGTCAGGAGTTCGAGCCTGACCAACATGGTGAAACCCTGACTCTACTAAAAATACAAAAATTAGCTGGGCATGGTTGTGGGCACCTGTAATCCCAGCTACTCAGGAGGCTGAGGCAGGAGAATTGCTTGAACTCAAGAGGCAGAGGTTGAAGTGAGCCAAGATAGCACCACTGCACTCCACCCTGGGCAGCAGACTGTCTCAAAAATAAAATAAAATAAAAATAAAAA"
"chr1","8159749","8160053","chr3","9026672","9026974","29","866923","GGCCAGGCACAGTGGCTCATGCCTGTAATCCCAGAACTTTGGGAGGCTGAGGTGGGTGGATCACTTGAGGCCAGGAGTTCGAGACCAGCCTGGCCAACATGGCAAAACCCCATCTCTACTAAAAATACAAAAATTAGCTGTGCGTGGTGGCGGGCGCCTGTAATCCCAGCTACTCCAGAGGCTGAGGCAGGAGAATCACTTGAACCCGGGAGGCGGAGGTTGCAGTGAGCCAAGATCTCACCACCGCACTCCAGCCTGGACGACAGAGCAAGACTTCGTCTCAGAAAAAAACAAAAAACAAAAAA","GGCTGGGCGCAGTGGCTCATGCCTGTAATCCCAGCACTTTGGGAGGCTGAGGTGGGTGGATCACCTGAGGTCAGGAATTGGAAACCAGCCTGGCCAACATGGCGAAACCCCGTCTCTACTAAAAATACAAAAATTAGCTGGGTGTGGTGGCAGGCGCCTGTAATCCCAGCTACTCGGGAGGCTGAGGCAGGAGAATCGCTCGAGCCCGGGAGGCGGAGGTTGCAGTGAGCCGAGATCGCGCCACTGCACTCCAGCCTGGGCGACAGAGCAAGATTGTCTCAAAAAAAAAAAAAAAAAAAAAAA"
"chr1","8170569","8170862","chr20","93820241","93820534","39","85649672","GTGGTGGCTCACGCCTGTAATCTCAGCACTTTGGGAGGCCGAGGTGGGTGGATTGCCTGAGGTCAGGCGTTTGAGACCAGCCTGGCCAACATGGTGAAAGCTCGTCTCTACTAAAAATAGAAAAATTAGCTGGGCGTGGTGGCAGACACCTGTAGTCCCAGATACTCAGGAGGCTGAGGCGGGAGAATCACTTGAACCTGGGAGGTGGAGGCTTCAGTGAACCCCGATGGTACCACTGCACTCCAGCCTGGGTGACACAGTGAGACTCTGTCTAAAAAAAAAAAAAAGACAGAA","GGTGGCTCACGCCTGTCATCCCAGCACTTTCGGAGGCTGAGGTGGGTGGATCACCTGAGGTCAGGAGTTTGAGACCAGCCTGGCCAACATTGTGAAACTCCGTCTCTACTAAAAATACAAAACTTAGCTGGGCGTGGTGGCTAGAGCCTATAATCCCAGCTACTCAGGAGGCTGAAGCAGGAGAATCACTTGAACCCGGGAGATAGAAGTTTCAGTGAGCTGAGATTGTGCCACTGCACTCCAGCCTGGGTGACAGAGTGAGACTCTGTCTCAAAAAAAAAAAAAAAAAAAAAA"
"chr1","8172076","8172249","chr16","39692631","39692802","32","31520555","GGCCGGGCATGGTGGCTCATGCCTGTAATCCCAGCACTTTGGGAGGCCGAGGCAGGAGGATCACTTGAGGTCAAGAGTTTGACACCAGCCTAGCCAACATGGTAAAACCCCACCTCTACTAAAAATACAAAAATTAGCTGGACATGGTAGCAGGCGTCTGTAATCCTAGCTACT","GGCTGGGTATGGTGGCTCATGCCTGTAATTTCAGTACTTTGGGAGACCGAGGTAGGTGGATCACCTCAGGTCAGGAGTTCAAGACCAGCCTGACCAAAATGGGGAAATCCCATCTCTACAAAAATACAAAAATTAGCCGAGCATGATGTCAGGTGCCTGTAATCCCAGCTAT"
"chr1","8172508","8172608","chr7","94203111","94203235","44","86030603","GTCTGTATCTAGTTCTCCAGAGGTAGGCAGGACATCACTGACCTGGAGTGAAGTGCAGCTAGCGGAGATCGCGCACTGCACTCCAGCTGCGCGCACACAGC","TGGTGATTGGCACTTGTAATCCCAGCTACTCAGGAGGCTGAGGCAGGAGATTCACTTGACCTCAGGAGGCAGAGGTTGCAGTGAGCCGAGATCATACCATTGCACTCCAGCCTGGGTGACGGAGC"
"chr1","8174016","8174221","chr4","60377559","60377772","38","52203543","AAGAGTTTGAGACCAGCCTGGCCAACATGGTGAAACCCTGTCTCTACTAAAAATACAAAAATTAGCTGGGCGTGGTGTTGGTCACCTGTAATCCCAGCTACTCGGGAGGCTGAGGCAGGAGAATCACATGAACCTGAGAGGCAGAGATTGCAGTGAACCATTGCACTCCAGCCTGGGCTACAGAGCAAGACTCCAACTCAAAAAAA","GTTCGAGACCAGCCTGACCAACATGGTGAAACCCCATCTCTACTAAAAAATACAAAAATTAGCCAGGCATGGTGGCAGGAGCCTATAATCCCAGCTACTTGGGAGGCTGAGGCAGGAGAATCACTTGAACCTGGGAGGTGGAGGTTGCAGTGAGCAAAGATCACGCCATTGCACTCCAGCCTGGGCGACAGAGCAAGACTCCATCTCAAAAAAA"
"chr1","8174529","8174618","chr11","108469502","108469588","14","100294973","GGCCGGGCGCAGTGGCTCACACCGGTAATCCCAGCACTTTGGGAAGCCGAGGTGGGTGGATCACCCGAGGTCAAGAGTTTGAGACCAGCC","GGTCAGGCACGGTGGCTCACGCCTGTAATCCCAGCACTTTGGGAGGCCGAGGCGGGTGGATCACCTGAGGTCAAGAGTTCAAGACCA"
"chr1","8194110","8194419","chr16","64557374","64557683","39","56363264","GCTGGGCATGGTGGCTGACGTCTGTGATCCCAGCACTTTGGGAGGCTGAGGCAGGAGGATCACTTGAAGTCAGGAGTTCAAGACCAGCCTGGCCAACATGGTGAAACCCCGTTTCTACTAAAAATACAAAAATTAGCCGTGCGTGGTGGCAGGCGCCCGTAATCCCAGCTACTTGGGAGGCTGAGGCAGGAGAATCGCTTGAACCCGGGAGGTGGAGATTGCAGTGAGCCAAGATCAGGCTGCTGCACTCCAGCCTGGGAGACAGAGTCTCACGAGACTGTCTCAAAAAATAAATAAATAAATAAATAAA","GGCCGGGCGCGGTGGCTCACGCCTGTAATCCCAGCACTTTGGGAGGCTGAGGCAGGCGGATCACTTGAGGTCAGGAGTTCGAGACCAGCCTGACCAACATGGTGAACCCCCGTCTCTACTAAAAATACAAAAATTTGCCAGGCGTGGTGGTGGGCGCCTGTAATGCCAGCTACTCAGGAGGCTGAAGCAGGAGAATCGCTTGAACCCGGGAGGCAGAGGTTGCAGTGAGCCAAGATCATGCCACTGTACTCCAGCCTGGGAGACAGAGTGAGACAATATCTCAAAAAATAAATAAATAAATAAAAATAAA"
"chr1","8232116","8232432","chr6","8918236","8918539","42","686120","GGCTGGGCATGGTGGCTCAAACCTGTAATCCCAGGACTTTGGGAGGTCAAGGTGGGTGGCCCACCTGAGGTCAGGAGTTCAAGACCAGCCTAGCCAACATGGTGAAACCCCATCTCTACAAAAATGCAGAAATTAGCCGGGCATGATGGCGGGTGCCTGTAATCCCAGCTACTTGGGAGGCTGAGGCGGGAGAATCACTTGAGAATCACTTGAACCCTGGAGGCAGAGGTTGCAGTGAGCCAAGATTGCGCCATTGCACTCCAGCCTGGGTGACAGAGCAAGACTCCGTCTCAAAAAACAAAACAAAACAAAAAGAA","GGCTGGGCATCGTGGCTCACACCTGTAATCCCAGCACTTTGGGAGGCCAAGGCGGGAGGATCACCTGAGCTCAGGAGTTCAAGACCAGCCTGGCCAACATGGTAAAACCCTGTCTCTACAAAAAATACAAAAATTAGCTGAGCATGGTGGAGGGAGCCTGTAATCCCAGCTACTCAGGAGGCTGAGGCAGGAGAAAGGCATGAACCCAGGAGGCAGAGCTTGCAGTGAGCCAAGATTGCGCCACTGCACTCCAGCCTGGGTGACAGAGCAAGACTCCGTCTCAAAAAAAAAAAAAAAAAAAAAA"
"chr1","8234517","8234815","chr24","10629028","10629331","36","2394511","GGGCGCGGTGGCTCACGCCTGTAATCCCAGCACTTTGGGAGACCAAGGCGGGCGGATCACCTGAGGTCAGGAGTTCGAGACCAGCCTGGCCAACATGGTGAAACGCTGTCTCTACTAAAAATACAAAAATTAGCCAGGCATGGAGGCAGGCTCCTGTAATCCCAGCTCCTCAGGAGGCTGAGGCAGGAGAATCGCTTGAACCCGGGAGGCAGAGGTTGTAGTGAGCCAAGATTGTGCCACCGCACCCCAGCATGGCGACAGAGTGAGACTCTGTCTTAACAAACAAACAAACAAACAAA","GGCCAGGCGTGGTGGCTCACGCCTGTAATCCCAGTACTTTGGGAGGCCGAGGTGGGTAGATCACCTGAGGTCAGGAATTCGAGACCAGCCTGACCAACATGGTGAAACCCCGTCTCTACTAAAAATACAAAAATTAGCCAGGCGTGGTGGCGGGCACCTGTAATCCCAGCTACTCAGGAGGCTGAGGCAGGAGAATCACTTGAACCCGGGAGGCAGAGGTTACAGTGAGCTGAGATAGCGCCACTGCACTCCAGCCTGGGCCACAGAGTGAGACTCTGTCTCAATAAATAAATAAACAAACAAA"
"chr1","8237430","8237734","chr20","123531562","123531864","45","115294132","TGGCTCACACTTGTAATCCCAGCACTTTGGGAGGCCAAGGCAGGCAGATCTCTTGAGGTCGGGAGTTAGAGACCAGCCTGGCCAACATGGTTAGTAGAAACCCTGTCTTTAAGAATAACACAAAAATTAGCCAGGCATGGTGGCAGGTGCATGTAATCCCAGCTACTGGGGAGGCTGAGGCAGGAGAATCCCTTGAACCTGGAAGGCGGAGGTTGCAGTGAGCCGAGATTGTGTCACTGCACTCCAGCCTGGGCAACAGAGTGAGACTCCATCTCAAAAAAAGAAAGAAAGAAGGAAAGAAAGAA","CCAGGCTCTGTGGCTCACACTTGTAATCCCAGCACTTTGGGAGGCCAAGGCAGGCAGATCACTTGAGGTCAGGAGTTCGAGACCAGCCTGGCCAACATGGTTAGTAGAAACCCCATCTCTACTAATAACACAAAAATTAGCCAGGTGTGGTGGTGGGTGCCTGTAATCCCAGCTACTGGGGAGGCTGAGGCAGGAGATTCCCTTGAACCTGGGAGGCAGAGATTGCAGTGAGCCAAGACTGTGCCACTGCACTCCAGCCTGGGTGACAGAGTGAGAGTCCATCTCAAAAAAGAAAGAAAGAAA"
"chr1","8241806","8242115","chr8","50048160","50048466","33","41806354","GGCTGGGCACGGTGGCTCACGCCTGTAATCCCAGCACTTTGGGAAGCCGAGGGGGGTGGCTCACCTGAGGTCAGGAGTTCAAGACCAGCCTGACCAACATGGCGAAACCCTGTTTCTACTAAAAATACAAATATTAGCTGGGCATGGTGGTGGGTGCCTGTAATCCCAGCTACTCGGGAGGGTGAGGCAGGAGAATTGCTTGAACCTGGGAGGCAGAGGTTGCAGTGAGCCGAGTTGTGCCACTGCACTCCAGCCTTGGTGACAGAGCGAGACTCTGTCTCAAATAAATACATAAATAAATAAAAAAATA","GGCTGGGCATGGTGGCTCATGCCTGTAATCCCAGCACTTTGGGAGGCCGAGGGGGGTGGATCACCTGAGGTCAGGAGTTCGAGACCAGCCTGACCAACATGGTGAAACCCCGTTTCTACTAAAAAATGCAAAAATTAGCTGGGCATAGTGGTGGGCGCCTGTAATCCTAGCTACTTGGGAGGCTGAGACAGGAGAATAGCTTGAACCTGGGAGGCACAGGTTGCAGTGAGCTGAGATTGCACCACTGCACTCCAGCCTGGGCGACAGAGCAAGACTCCGTCTCAAAAAAATAAGTAAATAAAATAAA"
"chr1","8244370","8244643","chr11","3090886","3091160","41","5153484","GCCAGGTGCGGTGGTGGCTCACGCCTATAATCCCAGCACTTTGGGAGGCCGAGGTGGAAGGATCACTTGAGCCAGGAGTTCGAGACCAGCCTGGGCAACATAATGAAACCCCATCTCTACTAAAAATACAAAATTAGCCAGGCATGGTGGTGGGCACCTGTATTCCCAGCTACTTGGGAGGCTGACGCAGGAGAATCGCTGGAATCCGAGAGGCAGAGGTTGCAGTGAGCCAAGATTGCGCCAGTGCACTCTGGTCTGGGCAACAAAGTGAGAC","GGCTGGGTGTGGTGGCTCACGCCTGTAAATCCCAGCACTTTGGGAGGCCAAGGCGGGAGGATCATTTGAGGTCAGGAGTTCGAGACCAGCCTGGCCAACATAGTGAAACCCCTCCCTCTACTAAAGATACAAAAATTAGCCAGGCGTGGTGGCGGGCGCCTGTAATCCCAGCTACTTGGGAGGCTGAGGCAGGAGAATCGCTTGAACAGGGAGGCAGAGGTTGCAGTGAGCCGAGATCACACCACTGCATTCCAGCCTGGGCAACACAGCAAGAC"
"chr1","8253722","8254023","chr29","8958149","8958452","34","704427","GGCCAGGGACAGTGGCTCACACCTGTAATCCCAGCACTTTGGGAGGCCGAGGTGGGTGGTTCACCTGAGGTCAGGATTTCAAGACCAGCCTGGCCAACATGGCGAAACCTCATCTGTACTAAAAATACAAAAATTAGCCAGGTGGTGGCGGGCGCCTGTAATCCCAGCTACACAGGAGGCTGAGGCAAGAGAATTGCTTGAACCCAGGTAGCGGAGGCTGTAGTGAGCCAAGGTTGCACCACTGCCCTCCAGCCTGGGCGACAGAGCGAGACTCTGCCTCAAAAAAAAAAAAAAAGAATAAA","GGCTGGGCACAGTGGCTCACACCTGTAATCCCAGCACTTTGGGAGGCCGAGGCAGGTGGATCACCTGAGGTCAGGAGTTCAAGACCAACCTGGCCAACATGGCGAAACCTCATCTCTACTAAAAATACAAAAATTAGCCAGGCATGGTGGCAGGCTCCTGTAGTCCCAGCTACTCAGAGGCTGAGGCAGGAGAATCACTTGAACCAGGGAGGCGGAGGGTGCAGTGAGCCAAGATTGCACCACTACACTCAAGGCTGGGCGACAGAGCAAGACTCTGCCTCAAAAAGAAAAGAAAAGAAAAGAA"
"chr1","8275429","8275727","chr15","64630867","64631162","36","56355438","GGCCAGGCGCGGTGGCTTACACCTGTAATCCCAGCACTGTGGGAGGCTGAGTTGGGTGGATCACCTGAGGTCAGGAGTTAGAGACCACCCTGGCCAACATGGCAACATCCCGTCTCTACTAAAAGTACAAAAATTAGCCAGGAGTGGTGGCAGGTGCCTGTAATCCCATCCACTTGGGAGGCTGAGGCAGGAGAATAACTTGAACCCAGGAGGTGGAGGTTGCAGTGAGTTGAGATCGTGCCACTACACTCCAGCCTGGGCGACAGAGCGAGACTCTGCCTCAAACAAAAAATAAAAAA","GGCCAGGCGTGGTGGCTCACACCTGTAATCCCAGCACTTTGGGAGGATGAAGTGGGTGGATCACCTGAGGTCAGGAGTTCGAGACCAGCCTGGCCAACATGGTGAAACTCCATCTCTACTAAAAATACAAAAATTAGCCAGGAGTGGTGGCAGGTGCCTGTAATCCCAGCTACTTGGGAGGCTGAGGCAGGAGAATCACTTGAACCTGGGAGGCAGAGGTTGCAGTGAGCCAAGATCACACCACTGCACTCCAGCCTGGGCGACAGAGTGAAACTCCGTCTCAAAAAAAAAAAAAA"
"chr1","8288833","8289131","chr6","9472259","9472556","32","1183426","GGCCGGGCCCAGTGACTCATGCCTGTAATCCCAGCACTTTGGGAGGCTGAGGGAGGCAGATCACCTGAGGTCAGGAGTTCAAGACCAGCCTGGCCAACATGGTGAAATCCCATCTCTACTAAAAATACAAAAATTAGGCGGGTGTGGTGGTGGGCTCTTGTAATCTCAGCTACTTGGGAGGCTGAGGCAGTAGAATTGCTTGAACCCAGGAGGCGGAGGTTGCAGTGAGCCGAGATTGCGCCACTGCACTCCAGCCTGGGCAACAGAGCAAGACTCCAGCTCAACAAAAAAAAACAAAA","GCCAGGCACAGTGGCTCATGCCTGTAATCCCAGCACTTTGGGAAGCCGAGGCAGGCAGATCACTTGAGGTCAGGAGTTCGAGACCAGCCTGGCCAACATGAGGAAACCCCATCTCTACTAAAAATACAAAAATTAGCCAGGCGTGGTGGCGGGGCGCTTGTAATCCCAGCTACTTGGGAGTCTGAGGCAGAAGAATTGCTTGAACCCAGGAGGTGGAGATTGCAGTGAGCCGAGATCGCACCACTGCACTCCAGCCTGGGCGACAGAGTGAGACTCCATCTCAAGAAAGAAAAAAAAA"
"chr1","8296848","8297154","chr1","66050440","66050743","35","57753592","GGCTGGGCATGGTGGCTCACGCCTGTAATCCCAGCACTTTGGGAGGCTGAGGCAGGCAGATCATGGGGTTAGGGGTTTGAGACCAGCCTGACCAACATGGTGAAACCCCGTCTCTACTAAAAACACAAAAATTAGCCGGGTATGGTGGCAGGCACCTGTAATCTCAGCTACTCAGGAGGCTGAGGCAGGAGAATCGCTTGAACCTGGGAGGTGGAGGTTGCAGTGAGCCAAAATCATGCCATCGTACTCCAGCCTGAGCAACAGAGTGAGACTCCGTCTCAAAAAAAAAAATTAGAAAAAAAAAGAA","GCCGGGCATGGTGGCTCACACCTGTAATCCCAGCACTTTGGGAGGCTGAGGCGGGCAGATCACTTGAGATCAGGAGTTCAAGACCAGCCTGGCCAACATGGTGAAACCCTGTCTCTACCAAAAATACAAAAATTAGCCGGGTGTGGTGGTGGGCACCTGTAATCTCAGCTACTCAGGAGGCTAAGGCAGGAGAATCACTTGAACCAGGGAGGCAGAGGTTGCAGTGTGCCAGGATCGTGCCACTGTACTCCAGCCTGGGCAACAGAGTGAGACTCCGTCTCAAAAAAAAAAAAAAAAAAAAAAA"
"chr1","8310599","8310896","chr5","22726786","22727081","32","14416187","GGCTGGGTGTGGTGGCTCACACCTGTAATCCCAACACTTTGGGAGGCCGAGGCAGGCAGATCACCTGAAGTCAGGAGTTCGAGACCAGCCTAGCCAACATGGTGAAACCCCGTTTCTACTAAAAATACAAAAATCAGCCAGGTGTGGTTGTGGGCACCTGTAATCCCAGCTACTCTGGAGGCTGAGGCAGGAGAATAGCTTGAACCCAGGAGACGGCGGTTGCAGTGAGCTGAGATCATGCCACTGCACTCCAGCCTGGGCAACAGAGCAAGATTCTATCTCAAAAAAAAAAAAAAAA","GGCTGGACGCAATGGCTCACGCCTGTAATCCCAACACTTTGGGAGGCCAAGGCGGGTGGATCACCTGAGGTCAGGAGTTGGAGACCAGCCTGACCAATATGGTAAAACCCCATTTCTACTAAAAATACAAAAATTAGCCAGGTGTGGTGGTGGGCAACTGTAATCCCAGCTACTCGGGAGGCTGAGGCAGGAGAATCTCTTGAACCCAGGAGACGGAGGTTGCAGTGAGCCGAGATCATACCACTGCACTCCAGCCTGGGGAACAGAGCGAGACTCCATCTCAAAAAAAAAAAAAA"
"chr1","8318326","8318633","chr20","123454266","123454568","35","115135940","GGCCAGGTGTGGTGGCTCATGCCTGTAATTCCAGCCCTTTGGGAGGCCGAGGTGGGCAGATCACCTGAGGTCAGGAGTTCGAGACCAGCCTGGCCAATATGGTGAAACCCTGTCTCTACTAAAAATATAAAAATTAGCCCGGAGTAGTGGCAGATGCCTGTAATCCCAGCTACTTGGGAGACTGAGGCATGATAATCACTTGAACCTGGGAAATGGAGACTGCAGTGAGACAAGATCACACCACTGCACTCTAGCCTGAGCAGCAGAGTGAGATTCTGTCTCAAAAACAAAAACAAAAACAAAAAAAA","GGCCGGGTGTGATGGCTCACGCCTGTAATCCCAGCCCTTTGGGAGGCCGAGGTGGGTGGATCACCTGAGGTCAGGAGTTCGAGATCAGCCTGACCAATATGGTGAAACCCATCCCTACTAAAGACATAAAAATTAGCCCGGCATGGTGGCAGGTGCCTGCAGTCCCAGCTACTTGGGAGACTGAGGCACGAGAATCACTTGAACCTGGGAAGTGGAGGTTGCAGTGAGACAAGATGGTACCACTGCACTCCAGCCTGAGCAGCAGAGTGAGATTCTGTCTCAAAAAAACAAACAAAAAAAGAA"
"chr1","8348778","8349075","chr20","123428247","123428546","27","115079469","GGCCGGGTGTGGTTGCTCACATCTGTAATCCCAGCACTTTGGGAGGCCAAGGTGGGTGGATCACTTGAGGCCAGGAGTTCGAGACCAGCCTGGCCAACATGGTGAAACCCCGTCTCTACTAAAAATACAAAATTAGCCGGGCGTGGTGGTGGGTGCCCGTAGTCCCAGCTACTCAGGAGGCTGAAGCAGGAGAATCACTTGAACCCGGGAGGCAGAGGTTGCAGTGAGCCGAGATCGCATCACTGCACTCCAGCCTGGGCGACAGAGCAAGACTCTGTCTCAAAAAAAAAAAAAAAAA","GGCTGGGTGTGGTGGCTCACGCCTGTAATCCCAGCACTTTGGGAGGCCAAGGTGGGCGGATCACTTGAGACCGGGAGTTCAAGACCAGCCTGGCCAACATGGTGAAACCCTGTCTCTACTAAAAATACAAAATTAGCTGGGCGTGGTGGCGGGCGCCTGTAGTCCCAGCTACTCGGGAGGCTGAAGCAGGAGAATCCTTTGAACCTGGGAGGTGGAGGTTGCAGTGAGCCGAGATCATGCCTCTGCACTCCAGCCTGGGCAACAGAGCAAGACTCTGTCTCCAAAAAAAAAAAAAAAAAA"
"chr1","8357525","8357845","chr3","2061626","2061937","37","6295899","GGCCGGGTGCGGTGGCTCACGCCTGTAATCTCAGCACTTTGGGAGGCTGAGGCGGGCGGATTACCTGAGGTCAGGAGTTCAAGACCAGCCTGGCCAACATGGTGAAACCCCATCTCTACTAAAAATACAAAAATTAGCCAGGCGTGGTGGCGGACGCCTATAGTCCCAGCTACACGGGAGGCTGAGGCAGGAGAATGGCGTGAATCTGGGAGGCGGAGCTTGCAGTGAGCCAAGATCGCACCACTGCACTCCAGCCTGGGCAACAGAGCGAGACTCTGTCTCAAAAAAAAAGATAGTAATACTTCGAAAAAAAAAAAAAAA","GGCCAGGTGCGGTGGTTCACACCTGTAATCCCAGCACTTTGGGAGGCTGAGGTGGGTGGATCACCTGAGGTCAGGAGTTCGAGACCAGCCTCGCCAATATGGTGAAACCCCGTCTCTACTAAAAAGACAAAAATTAGCCAGGTGTGGTGGCGGTCACCTGTAGTCCCAGCTACTCGGGAGGCTGAGGCAGGAGAATGGCATGAACCCGGGAGGCGGAGCTTGCAGTGAGCCGAGATCGTGCCACTGCACTCCAGCCTGGGCGACAGAGCAAGACTCCGTCTCAAAAAAAAAAAGAAGAAAGAAAAGAAAAAA"
"chr1","8410352","8410644","chr10","121127216","121127502","45","112716864","GGCCGGGCATGGTGGCTCACGCCTGTAATTCCAGCACTTTGGAAGGCTGAGACAGGTGGATCGCCTGAGGTCAGGAGTCCACACCAGCCTGGCCAACTCTGTCTCTACTAAATAATATAAAAATTGGCTGGGCATGGTAGCAGGTGCCTGTGATACCAGCTACTCGGGAGGATGAGGCATGAGAATCGTTTGAACTTGGGAGGCAGAGGCTGCAGTGAGCCAAGATCGCGCTATTGCACTCCAGCCTGGACAGCAGAGTGAGACTCTGCCTCAGAAAAAATAAATAAATAAAA","GGCCAGGCATGGTGGCTCACGCCTGTAATCCCAGCACTTTGGGAGGCTGAGGCAGGTGAATCACCTGAGATCAGGAGTTCGAGACCAGCCAAACCCCATCTCTACTGAAAACACATAAATTAGCCGGGCATGGTGGCAGGTGCCTGTAATCCCAGTTACTCGGGAGGCTGAGGCAGGAGAATCGCTTGAACCTGGGAGGCAGAGGTTGCAGTGAGCAAAGATCGCGCCATTTCACTCCAGCCTGGCGACAGAGTGAGACTCTGTCTCAAAATGAATAAATAAATAAA"
"chr1","8421707","8421922","chr17","38823537","38823742","40","30401830","GGCTGGGGGCTGTGGCTCACGCTCGTAATCCCAGCACTTTGGGAGGCCAAGGCCGGAGGATCACTTGAGGTCAGGAGTTTGAGACTAGCCTGGCCAGCATGGTGAAACCCTGCCTCTACTAAAAATACAAAAATTAGCTGGGTGTGGTGGTGGGCGCCTATAATCCCAGCTATTCAGGAGGCTGAGACAGGAGAATCACTTGAACCCGAGAAGCAG","GCCAGGCGCAGTGGCTCACACTTGTAATCCCAGCACTGTGGGAGGCCATGGCAGGCAGATCATGAGGTCAGGAATTCGAGACCAGCCTGGCCAACACAGTGAAACCCCATCTCTACTAAAAAATACAAAAATTAGCTGGGTGTGGTGGCAGGCGCCTGTAATCCCAGCTAATTGGGAGGCTGAGGCAGGAAAATCACTTGAACCCG"
"chr1","8490663","8490963","chr5","26081463","26081770","39","17590800","GGCTGGGCGTGGTGACTCATGCCTGTAATCCCAGCACTTTGGAGGTGGGTGGATCACCTGAGGTCAGTTCAAGACCAGCCTGGCCAACTTGGCGAAACCCCATCTCTACTAAAAATACAAAAAATTAGCCGGGCGTGGTGGCGGGCGCTTGTAGTCCCAGCTACTCAGGAGGCTGAGGCAGGAGAATCACTTGAACTGGGAGGCGGAGGTTGCAGTGAGTCAAGATCACGCCACTGCACTCCAGCCTGGGCAACAGAGTGAGACTCCATCTCCAAAAAAAAAAAAGAAAGAAAGAAAGAAA","GGCTGGGCATGGTGGCTCACGCCTGTAATCCCAGCACTTTGGGAGGTGGGTGGATCACCTGAGGTCAGGAGTTCAAGACTGACCTGGCCAACATGGTGAAACCCCGTCTCTACTAAAAATACCAAAATTAGCAGGGCGTGGTGGCGGGTGCCTGTAATCCCAGCTACTCAGGAGGCTGAGGCAGGAGAATTGCTTGAACCGGGAGGCAGAGGTTGCAGTGAGCCAAGATCACACCACTGCCCTCCAGCCCTCTGGGCAACAGAGGGAGACTCCATCTCAAAAACAAATAAATAAATAAAATAAAAGAA"
"chr1","8524883","8525188","chr20","123258959","123259260","35","114734076","GCCAGGCACAATAGCTCATGCCTGTAATCCCAGCACTTTGGGAGGTTGAGGCGGGCAGATCACTTGAGGTCAGGAGTTCGAGACCAGCTTGGCCAACATGGCAAATCCCATTTCTACTAAAAATACAAAAATTAGCCGGGCGTGGTGGCAGGCGCCTATAATCCCAGCTTCTTGGGAGGCTGTGGCAGGAAAATCACTTGAACCCCGGAGGCGGAGGTTGCAGTGAGCCAAGACTGTGGCCACTGGACTCCAGTCTGGGCAACAGAGCAAGACTGTCTCAAAAAAAAAAAAAAAAAAAAGATAAAA","GCCAGACGCGATGGCTCATGCCTGTAGTCCCAGCACTTTGGGAGGTTGAGGCAGGCAGATCACTTGAGGTCAGGAGTTCGAGACCAGCCTGGCCAATATAGCAAATCCCATTTCTACTAAAAATACAAAAATTAGCTGGGCGTGGTGGCAGGTGCCTGTAATCTCAGCTTCTTGGGAGGCTGTGGCAGGAAAATCATTTGAACCCGAGAAGCGGAGGTTATAGTGAGCCGAGATCATGGCCACTGGACTGCAGCCTGGGCAAGAGAGCAAGACTTCGTCTCCAAAAAAAAAAAAAGATAAAA"
"chr1","8526072","8526395","chr12","106804194","106804486","63","98278122","GGCCAGGTGTGGTGGCTCGTGCTTGTAATCCCAGCACTTTGGGAAGCCGAGGCAGGCGGATCCCTTGAGAGTCAGGAGTTCGAGACCAGCCTGGCCGAACATGATGAAAACCCAAATTATTAAAATTACAAAATTTACTGAAATTTACTACTAAAATTACAAAAATTAGCCGGGCGTGGTGGTAGGCACCTGAAATCCTAGCTACTCTGGAGGCTGAGGCAGGAGAATCAATTGAACCCAAGAGGCGGAGGTTGCAGTGAGCCGAGATTGTGCCACTGCACTCCAGCCTGGGCGACAGAGTGAGACTCTGTCTCAAAAAAAGAA","GGCCAGGTGTGGTGGCTCATGCCTGTAATCCCAGCACTTTGGGAGGCCGAGGCAGGAGGATCACCTGAGGTCAGGAGTTCGAGACCAGCCTGGCCAACATGGTGAAACTCCGTCTCTACTAAAAATACAAAAATTAGCCAGGTGTGATGGTGGGCGCCTGTAATCCCAGCTACTCAGGAGGCTGAGGCAGGAGAATCACTTGAACACAAGAGGTGGAGGTTGCAGTGAGCCAAGATCATGCCACTGGACTCCAGCCTGGAGGACAAAGTGAGACTCTACCTACAAAAAAAAAA"
"chr1","8532181","8532447","chr11","37080516","37080783","48","28548335","GGCCGGGCGTGGTGGCTCACCTGAGGCAGGCAAGTCACCTGACGTCAGGAGTTCAAGACCAGCCTGGACAACATGGTGAAACCCCACACTACTAAAAATACAAAAATTAGCCGGGCGTGGTGGTAGGCGCCTGTAGTCCCAGCTACTCAGGAGGCTGAGGCAGGAGAATTGCTTGAGTCTGGGAGGCAGCGGTTGCAGTGAGCCAAGATCATGCTACTACACCCCAGCCTGAGTGACAGAGCAAGACTGTCTCAAAAAACAAACAAA","TCCTAGCTCTTTGGGACCCCGAGGCGAGCGGATCACCTGAGGTCAGGAGTTCAAGACCAGCCTGGCCAACATGGTGAAACCCCATCTCTACTAAAAGTACAAAAATTAGCCGGGCGTGGTGGTAGGCACCTGTAATCCCAGCTACTCAGGAGGCTAAGGCAGGAGAATTGCTTGAACCTGGGAGATGGAGTTTGCAGTGAGCTGAGATCACGCCATTGCACTTCAGTCTGGGTGACAGAGTGAGACTCTGTCTCAAAAAAAAAAAAAA"
"chr1","8532737","8533049","chr20","123250776","123251086","39","114718039","GGCCGGGTGCGGTGGCTCGTGCCTGTAATCCCAGCACTTTGGGAGGCCGAGGTGGGCAGGTTACCCGAGGTCAGGAGTTCCAAAACAGCCTGGCCAATATGGAGAAGCCCCACCCCTAAAAATACAAAATTAGCCAAGCGTGGTAGTGGGTGCAGTAGTGGGCGCCTATAATCCCGGCTACTTAAGATGCTGAGGCAGAAAAATTGCTCAAACCCAGGAGATTGAGGCTGCAGAGAGCCGAGATCCCGCCAGTGTACTCCAGCCTGGGGGACGGAGCAAGACTCTCTCAGAGGAAAAAAAAAAAAAAAAAAAA","GGCCGGGGTGCGGTGGCTCATGCCTGTAATCCCAGCACTTTGGGAGGCAGAGGTGGGTAGGTCACCTGAGGTCAGGAGTTCGAGACCAGCCTGGCCAATATGGAGAAGCTCTGCCCCTACTAAAAATACAAAATTAGCCAAGCGTGGCAGTGGGTGCAGTAGTGGGCGCCTATAATCCCGGCTACTCAAGAAGCTGAGGCAGAAGAATTGCTTAAACCCGGGACACAGAGGTTACAGTGAGCCGAGATCCCACCCAGTGTACTCCAGCCTGGGGGACAGAGCGAGACTATCTCAGAGAAAAAAAAAAAAAA"
"chr1","8564111","8564418","chr1","14106229","14106537","45","5542118","GGCCAGGTGTGGTGGCTTACACCTGTAATTCCAGCACTTTGGGAGGTCGAGGTGGGCAGATCACAAGAGGTCAGGAGTTCAAGACCAGCCTGGCCAACATAGTGAAACCTTGTCTCTACTAAAAATACAAAGATTAGCTGTGCATGGTGGTGGGCGTCTGTAATGCCAGCTACTTCGGAGGCTGAGGCAGGAGAATCGTTTGAACCTGGGAAGCAGAGGTTGCAGTGAGCCAAGATGGCGCCACTACAAGGATGGGCGACAGAGCAAGACCTCGTCTCCAAACAAAAAAAAACAAAAAAACAAAAAAA","GCCAGGCGCGGTGGCTCACGCCTGTAATCCCAGCACGTTGGGAGGTCAAGGTGGGTGGATGACCTGAGGTCAGGAGTTCAAGACCAGCCTGGCCAACATGGTGAAACCCTGACTTTACTAAAAATACAAAAATTAGCTGGGCATGGTGGTGGGCACCTGTAATCCCAGCTACTGGGGAGGCTGAGGTGGGAGAATCGCTTGAACCCAGGAGGCAGAGGTTGCAGTGAGCCAAGATGGTGCCACTGCACTCCAGCCTGGGCGACAGAGCAAGACTCCATCTCAAAAAAAAAAAAAAAAAAAAAAAAAAAA"
"chr1","8568093","8568390","chr20","123215051","123215350","26","114646958","GGCCAGGCACGGTGGCTCACGCCTGTATTCCCAGCACTTTGGGAGGCCAAGGTGGGCAGATCACCTGAGGTCAGGAGTTCAAGACCAGCCTGGCCAACATGGCAAAACCCCGTCTCTACTAAAAATACAAAAAATTAGCCGAGTGTGGTGGCTGGTGCCTGTAGTCCTAGGTACTAGGGAGACTGAGGCAGGAGAATCGCTTTAACCTGGGAGGCAGAGGTTGCAGTGAGCCAAGATTGTGCCACTGCACTCCAGCCTGGGTGACAGAGCGAGACTCCGTCTCAAAAAAAACAAAAAA","GGCAGGGCACGGTGGCTCACGCCTGTAATCCCAGCACTTTGGGAGGCCGAGGTGAGCAGATCACCTGAGGTCAGGAGTTCGAGACCAACCCGGCCAACATGGCAAAGCCCCGTCTCTACTAAAACTACAAAAAATTAGCCAAGTGTGGTGGCTGGTGCCTGTAGTCCCAGCTACTAGGGAGGCTGAGGCAGGAGAATCACTTTAACCTGGGAGGTGGCGGAGGTTGCAGTGAGCCGAGATTGTGCCACTGCACTTCCGCCTGGGTGTCGGAGCGAGACTCCGTCTCAAAAAAAGAAAAAA"
"chr1","8595685","8595977","chr5","2675892","2676181","40","5919793","GCCGGGTGCAGTGGCTCATGCCTTTAATCCCAGCACTTGGGAGGCCGAGATGGGCGGATCACCTGACGTCAGGAGTTTGAAACCAGCCTGGCCAACATGGCGAAACCCGGTCTCTACCAAAAATACAAAAAAGCCGGGTGCGGTGGCGGGCGCCTGTAGTCCCAGCTGCTCAGGAAGCTGAGGCAGGAGAATGGCTTGAACCTGGGAGGCAGAGGTTGCAGTGAGCCGAGTTTGCGCCATTGCACTCCAGCCTGGATGACAGAGCAGGACTCCGTCCGGGAAAGAAAAAAAAA","GGCTGGGCGCAGTGGCTCATGCCTGTAATCCCAGCACTTTGGGAGGCCGAGGCGGGCGGATCACCTGAGGTCAGAGTTTGAGACCGGCCTGGCCAACATGGTGAAACCCTGTCTCTAATAAAAATACAAAAATAGCTGGGTGAGGTGGCAGGCGCCTATAATCCCAGCTACTCAGGAGGCTGAGGCAGGAGAATCGCTTGAACCTGGGAGGCAGAGGTTGCAGTGAGCCGAGATTGCACCACTGCACTCCAGCCTGGGTGACAGAGCGAGACTGCGTCACACACACAAAA"
"chr1","8606680","8606985","chr20","123176080","123176379","32","114569400","GGCTGGGCACAGTGGCTCATGCCTGTAATCCCAGCACTTCAGGAAGCCAAGGCAGGCAGATCACTTGAGGTCAGGAGTTCAAGACCAGCCTGGCCAACATGGTGAAACCCCATCTCTACTAAAAATACAAACATCAGCTGGGTGTGGTGGCAGGCACCTGTAATCCCAGCTACTTGGGAGGATGAGGCAGGAGAATCACTTCAACTGGGGAGGCAGAGGTTGCAGTGAGCTGAGATGGTGCCACTACACTCCAGCCTGGGCAACTGAGCAGGACTCTGTCCCAAAAAACAAAGAAACAAACAAAAA","GGCCAGGCACAGTGGTTCATGCCTATAATCCAAGCACTTAGGGAGGCCAAGGCAGGCAGATCACTTGAGGTCAGGAGTTCAAGACCAGCCTGGCCAACATGGTAAAACCCCACCTATACCAAAAATACAAAAATTAGCTGGGTGTGGTGGTGGGCACGTGTAATCCCAGCTACTTGGGAGGATGAAGCAGGAGAATCACTCAAACTGGGGAGGCGGAGGCTGCAGTGAGCCGAGATGGTGCCACTACACTCCAGCCTAGGCAACTGAGCAAGACTGTCTCAAAAAACAAACAAACAAAAA"
"chr1","8625717","8626023","chr20","123157569","123157868","37","114531852","GGCTGGGTGTGGTGGCTTACACCTATAATCCCAGCGCTTTGGGAGGCCGAGGTGGGTGGATCACTTGAAGTCAGGAGTTCAAGGCCAACCTGGCCAACATGGCGACACCTTGTGTCTACTAAAAATACAAAAATTAGCCAGGCGTGGTGGCGGGTGCCTGTAATCTCAGTTACTTAGGAAGTTGAGGCAGGAGAATCGCTTGAACTCAGGAGGAAGAGGTTCCAGTGAGCCGAGATCACACCACTGCACTCAAGCCTGGGCAACAGAGCCAGACTCCTTTTCAAAAAAAAAAAAAAAAAAAAAAAAA","GGTTGAGTATGATGGCTCACACCTATAATCCCAGCGCTTTGCGGGGCTGAGGCGGGTGTATCACTTGAAGTCAGGAGTTCGAGGCCAGCCTGGCCAACATAGCGAAACCCTGTCTCTACTAAAAATACAAAAATTAGCCAGATGTGGCGGGTGCCTGTAATCCCAGCTACTTAGGAGGCTGAGGCAGGAGAATCGCTTGAACTCGGGAGGCAGAGGTTGCATTAAGCCGAGATGACACCACTGCATTCAAGCCTGGGCAACAGAGCCAGACTCCATCTCAAAAAAAAAAAAAAAAAAAAA"
"chr1","8677643","8677950","chr20","123106348","123106656","32","114428705","GGCCAGGGGCGGTGGCTCATGCCTGTCATCCCAGCACTTTGGGAGGCTGAAGCAGGCGGATCACCTGAGGTCAGGTGTTCGAAGCCATCCTGGCCAACATGGCGAAACCCTGTCTCTACTAAAAATACAAAAATTAGCTGGGTGCGGTGATGGGCGCCTGTAATCCCACCTACTCGGGAGGCTGAGGCAGGAGAATCGTTTGAACCCAGGAAGCGGAGGTTGCAATGAGCCAAGATTGTGCCATGGCACTCCAGCCTGGGAGACAAAGCGAGACTCCGTCTCAAAATAAAAAACAAAGAAACAAAAAA","GGCCGGGGGCGGTGGCTCATGCCTGTCATCCCAGAACTTTGGGAGGCCGAGGCGGGCAGACCACCTGAGGTCAGGAGTTCAAAGCCAGCCTGGCCAACACGGCAAAACTCTGTCTCTACTAAAAATACAAAAATTAACTGGGTGCGGTGGTGGGCGCCTGTAATCCCAGCTACTTGGGAGGCTGAGGCAGGAGAATCGTTTGAATCCAGGAAGTGGAGGTTGCAATGAACCGAGATCGCGCCATCGCATTCCAGCCTGGGAGACAGAGCGAGACTTCGTCTCAAAACAAAAATCAAACAACAAAAAAAA"
"chr1","8709822","8710123","chr28","14571183","14571484","41","5861361","GGCCGAATACGGTGGCTCATGCCTGTAATCCCAGCACTTTGGGAGGCCTAGACGGGCAGATCACTTGAGATCAGGAGTTAGAGACCAGCCTGTCCATTATAGTGAAACCCTGTCTCTACTAAAAATACAAAAATATTAGCCAGATGTGGTGGTAGGCGCCTCTAGTTGCAGCTACTCGGGAGTCTGGGGCGGAAGAATCGCTTGAACTGGGAGGCAGAAGTTGCAGTGAGCCGAGATCACACCACTGCACTCCAGCCTGGGTGACACAGTGAGACTCCATCTCAAAAAAAAAAAAAAAAAAA","GGCCAGGTACGGTGGCTCATGCCTGTAATCCCAGCACTTTGGGAGGCTGAGGAGGGCAGATCGCCTGAGGTCAGGAGTTCAAGACCAGCCTGGCCAACATGGTGAAACCCTGTCTCTACTAAAAATACAAAAATTAGCCAGGTGTGGTGGTGGGCACCTGTAATTCCAGCTACTTGGGAGGCAGAGGCTCAAGAATTGCTTGAACTCAGGAGGCAGAGGTTGCAGTGAGCCGAGATCACACCACTGCACTCCAGTCTGGGCGACAGAGTGAAACTCCCACTCAAAAAAAAAACAAAAAAAAA"
"chr1","8712957","8713259","chr20","123069516","123069819","29","114356559","GGCCGGGCATGGTAGCTCATGCCTGTAATCCCAGCATTTTGGGAGGCCCAGGGGAGCGGATCACCTGAGGTCAGCAGTTTGAGATCTGCCTGAACAACATGGTGAAGCTCCATTTCTACTAAAAAAAAAAAAAAAAAAAAAAAAAAGCCAGGCATGGTAGTGAGCGCCTGTAATCCCAGCTACTTGGGAGGCTGAGGCAGAGAATCACTTGAACCTGGGAGGTGGAGGTTGCAGCGAGCTGAGATCACGCCACTGCACTCCAGTCTGGGTAACAGGGTAAGACTCCAACTCAAAAAAACAAAA","GGCGGGGCATGGTAGCTCAGGCCTGCAATCCCAGCATTTTTGGGAGGCCCAGGGGGGCGGATCACCTGAGGTCAGGAGTTTGAGAGCTGCCTGAGCAACATGGTGAAGCTCCATCTCTACTTTAAAAAAAAAAAAAAAAAAAAATTAGCCAGGCATGGTGGTGGGTGCCTGTAATCCCAGCTATTTGGGAGGCTGAGGCAGAGAACTGCTTGAACCTTGGAGGCAGAGGTTGCAGTGAGGTGAGATCACGCCACTGCACTCCAATCTGGGTAACAGCGTGAGACTCCATCTCAAAAAAACAAAA"
"chr1","8714117","8714401","chrX","1052","1331","30","8713065","GGCTGGGCGCGGTGGCTCACACCTGTAATCCCAGCACTTTGGGAGGCCGAGGTGAGTGGATCACCTGAGGTCAGGAGTTCAAGACCAGCCTGGCCAACACGGTGAAACCCCATCTCTACTAAAAATACAAAAAAAAAATTAGCTGGGCGTGGTGGCAGGAGCCTGTAGTCCCAGCTACTCGGGAAGCTGAGGTAGGAGAATCGCTTGAACCCAGGAGGCAGAGGTTGCAGTGAGCCGAGATCGCACCACTGCACTCCAGCCTGGGCGACAGAGTGAGACTCTGTC","GCTGGACGCAGTGGCTCACACCTGTCATCCCAGCACTTTGGGAGGCTGAGGCGGGTGGATCACTTGAGGTCAGGAGTTCAAGACCAGCCTGACCAACATGGTGAAACCCCGTCTCTACTAAAAATACAAAAATTAGCTGGGCGTGGTGGTGGGCACCTGTAATCCCAGCTACTCGGGAGGCTGAGGCAGGAGAATCGCTTGAACCCGGGAGGCGGAGGTTGCAGTGAGCCGAGATCGCGCCACTGCACTCCAGCCTGGGCGACAGAGCGAGATTCCGTCT"
"chr1","8714818","8715121","chr20","123067329","123067632","27","114352511","GCCAGGCACAGTGGCTCATGCCAGTAATCCCAGCACTTTGGGAGGCTGAGGTGAGTGGATTACCTGAGGTCAGGAGGTCGAGACCAGCCTGGCCAACACGGTGAAACCCCATCTCTACTAAAAATACAAAAATTAGCAGGGCGTGGTGGCGGGCGCCTGTAGTCCCAGCTACTCAGGAGGCTGAGGCAGGAGTATAGCTTGAACCCAGGAGGCAGAGATTATAGAGAGCTGAGATTGCGCCACTGCACTCCAGCCTCGGCAACAGAGCAAGACTCCATCTCAAAAATAAAAAATAAAATAAAAA","GGCCAGGCACAGTGGCTCATGTCAATAATCCCAGCACTTTGAGAGGCTGAGGCGAGTGGATCACCTGAGGTCAGGAGTTCGAGACCAGACTGGCCAACATGGTGAAACCTCATCTCTACTAAAAATGCAAAAACTAGCAGGGTGTGGTGGCGGGTGCCTATAGTTCCAGCTACTCAGGAAGCTGAGGCAGGAGAATAGCTTGAACCCAGGAGGCAGAAGTTATAGTGGGCTGAGATTGCGCCACTGCACTCCAGCCTAAGAAACAGAGCAAGACTCCGTCTCAAAAATAAAAAATAAAATAAAA"
"chr1","8740609","8740900","chr16","59525991","59526277","38","50785382","GCCAGGCACGGTGGCTCACGTCTGTAATCCCGGCATTTTGGGAGGCTGAGGCAGGCAGATCCCCTGAGGTCAGGAGTTTGAGAATGGCCTGGCCAACATGGTGAAACCCTCTCTCTATTAAAAATAGAAAAAAATTAGCTGGGTGTGGTAGTGGGCACCTTCAGTCTCAGCTACTCGGGAGGCTGAGGCAGGAGAATTGCTTGAACCTAGGAGACGGAGGTTGCAGTGAGCCGAGGTTGGGCCACTGCACTCCAGCCTGGGCAACAGAGCGAGACTCCTTTCTAAAAAAAAA","CAGGCACGGTGGCTCACACCTGTAATCCCAGCACTTTGGGAGGCCAAGGCAGGCAGATCACCTGAGGTCAGGAGTTCGAGACCAGCCTGGCCAACATGGTGAAACCCTGTCTCTACTAAAAATATAAAAATTAGCTGGGCGTGGTGGTGGGCGCCTGTAATCCCAGCTACTCGGGAGGCTGAGACAGGAGAATTGCTTGAACCCAGGAGGCGGAGGTTGCAGTGAGCCGAGATGGAGCCACTACACTCCAGCCTGGGTAACAGAGCAAGACTCTGGCTCAAAAAAAA"
"chr1","8745387","8745680","chr11","49523007","49523297","34","40777620","GGCCGGATGCGGTGGCTCACGCCTGTAATCCCAGCACTTTGGGAGGCCAAGGTGGGCGGATCTCTTGAGGTCAGGAGTTTGAGACCAACCTGACCAACATAGTAAAACCCCGTTTCTACTTAAAATACAAAAATTATCCGGGCATGGTGGCGGGCGCCTGTAGTCCCAGCTACTCAGGAGGCTGAGGCAGGAGAATTGCTTGAACCCGGGAGGCAGAGGTTGCAGTGAGCCGACATCGTGCCACTGCACTCCAGCCTGAGCAACAGAGTGAAATTTTGTCTCAAAAAACAAAAA","GCTGGGCGCAGTGGCTCCTGCCTGTAATCCCAGCACTTTGGGAGCCCCAGGTGGGTGGATTACCTGAGGTCAGGAGTTTGAGACCAGCCTGGCCAACATGGTAAAACCCCGTCCCTACTAAAAATACAAAAATTAGCCGGGCGTGGTGGTGGGCGCCTGTAGTCCCAGCACTCAGGAGGCTGAGGCAGGAGAATCGCTTGAACCCGGGAGGCAGAGATTGCAGTGAGCCGAGATCGCGCCACTGCACTCCAGCCTGGGTGACAGAGTGAGACTTCGTCTCAAAAAAAAAAA"
"chr1","8754084","8754389","chr15","40139650","40139965","46","31385566","GGCTGGGCATGGTGGCTCATGCCTATAATCCCAGCACTGAGGCAGGCCGGATCACCTGAGGTCAGGAGTTCCAGACCAGCCTGGCCAACAGGGTGAAACCCCATCTCTACTAAAAGACACAAAAATTAGCCATGCATGGTGGTGGGTGCCTGTAATCCCAGCTACTCTACTCGGGAGGCTGATGCAGGAGAATTGCTTGAACCCAGGAGGTGGAGGTTGCAGTCAGCCGAAATCGTGCCACTGCACTCCAGTCTAGGCAAAAAGGTGAGACTCCGTCTCAAAAATTAAAATAAAATAAAATAAAAT","GGCTGGGCGCGGTGCCTCACATCTGTAATCCCAGCACTTTGGGAGGCTGAGGCGGGCCAGATCACCTGAGGTTAGGAGTTTAAGACCAGCCTGGCCAACATGGCGAAACCCCGTCTCTACTAAAAATACAAAAATTAGCCGGGCGTGGTGGCGGGTGCCTGTAGTCCCAGCTACTCTACTCAGGAGGCTGATGCAGGAGAATCGCTTGAAACCCGGAAGTGGAGGTTGCTGTGAGCCAAAATCGTGCCACTGCACTCCAGCCTAGGCAAAAAGGTGAGACTCTGTCTCAAAAAAAAAAATTAAAATAAAAATAAAA"
"chr1","8795333","8795644","chr20","122992275","122992583","23","114196942","GGCGGGACATGGTGGTTCACACCTGTAATCCCAGCACTTTGAAAGGCCACGGCAGGTGGATCACCTGAGATCAGGAGTTCAAGACTAGCCTAGCCAACATGGTGAAACCCCATCTCAACTAAAAATACAAAATAATTAGTTGGGCGTGGTGGCGGGCACCTGTAGTCCCAGCAGCTACTCAGGAGGCTGAGGCAGAAGAATCACTTGAACCCGGAAGGTAGAGGTTGCAGTAAGCTGAGATTGGCCACTGCACTCCAGCCTGGGCAACAGGCTGGGCAAGACTCGGTCTCAAAAAAAGAAAAGAAAAAGAAA","GGCCGAACATGGTGGCTCACACCTATAATCCCAGCACTTTTGAAAGGCCAAGGCAGGTGGATCACCTGAAATCAGGAGTTCAACACCAGCCTAGCCAACATGGTGAAACCCCATTTCAACCAAAACTACAAAATAATTAGTTGGGCATGGTGGTGGGCGCCTGTAGTCCCAGCAGCTACTCAGGAGGCTGAGGCAGAAGAATCACTTGAACCCGGAAGGTAGAGGTTGCAGTGAGCTGAGATTGGCCACTGCACTCCAGCCTGGGCGACACAGCAAGACTCAGTCTCAAAAAAAGAAAAGAAAAAGAAA"
"chr1","8802159","8802455","chr5","50489073","50489372","35","41686914","GGCTGGGCAAGGTGGCTCACACCTATAATCCCAGCACTTTGGGAGGCAAGGTGGGTGGATCACCTGAGGTCCAGGAGGTCGAGACCAGCCTTACCAACAAGGTGAAACCCCATTTCTACTAAAAATACAAAAATTAGCCGGGCATGGTGGCAGGTGCCTGTAGTCCTAGCTACTCAGGAGGCTGAGACAGCAGAATTGCTTGAACCCGGGAGGCGGAGGTTGCAATGAGCCGAGATCACGCCACTGCACTCCAGTCCGGGCGACAAAGCAAGACTGTCTCCAAAAAAAAAGAAAGAA","GGCTGGGCACGGTGGCTCACGCCTGTAATCCTAACACTTTGGGAGGCAGAGGTGGGTGGATCACTTGAGGTCAGGAGATCGAGACCAGCCTGGCCAACATGGTGAAACCCCATCTCTACTAAAAATACAAACATTAACCGGGCGTGGTGGTGGGCACCTGTAGTCCCAGCTACTCAGGAGGCTGAGGCAGGAGAATTGCTTGAACCCGGGAGGCGGAGGTTGCAGTGAGCCGAGATCGCCCACTGCACTCCAGCCTGGGCGACAGAGCAAGACTCTGTCTAACAAAAAAAAAAAAAAGAA"
"chr1","8805401","8805696","chr20","122982221","122982518","23","114176820","GGCCAGGTGCGGTGGCTCACACCTGTAATCCCAGCACTTTGGGAGGCCGAGGTGGGCAGATCACTTGAGGTCAGGAATTCGAGACCAGCCTGGCCAAAATGGTGAAATCCTGTCTCTACTAAAAACACAAAAATTAGCTGGATGTGGTAGCAGGCACCTGTAGTCTCAGCTACTCAGGAGGCCGAGGCAGGAGAATCACTTGAACCCGGGAGGTGGAGGGTGAAGTGAGCCAAGATTGCGCCACTACACTCCAGCCTGGGAGACACAGTGAGACTCCATCTTAAAAAACAAACAAA","GGCCAGGTGCGGGTGGCTCACGCCTGTAATCCCAGCACTTTGGGAGGCTGAGGTGGGCAGATCACTTGAGTTCAGGAATTCGAGACCAGCCTGGCCAACATGGTGAAACCCCGTCTCTACTAAAAATACAAAAATTAGCTGGGTATAGCGGCAGGCACCTGTAGTCTCAGCTACTCAGGAGGCCGAGGCAGGAGAATCACTTGAACCCGGGAAGCGGAGGTTGAAGTGAGCCAAGATTGCGCCACTGCACTCCAGCCTAGGCAACACAGTAAGACTCAATCTTAAGAAAACAAACAAA"
"chr1","8810319","8810624","chr8","10801167","10801476","35","1990848","GGCCAGGCACAGTGGCTCACACCTGTAATCCCAGCACTTTGGGGGAGGCCAAGGCAGGCGGATCACCTGAGGTCAGGAGTTCCAGACCACCCTGGCCAACATGGTGAAACCTCATCTCTACTAAAATTACAAAAATTAGCCAGGCGTGGTGGTGGGTGCCTGTAATCCCAGCTACTTGGGAGGCTGAGGCAGGAGAATGGCTTGAATACTGGTAGCAGAGGTTGCAGTGAGCCGAGATCATGACCCTGCACTTCAGCCAGGGCAACAGAGGAAGACTCTGCCTCAAAAAAAAAAAAAAAAAAAAAA","GGCCAGGCACAGTGGCTCACGCCTGTAATCCCAGCACTTTGGGAGGCCAAGGTGGGTGGATCACCTGAGGTCAGGAGTTCGAGACCAGCCTGGCCAACATGGTGAAACCCTGTCTCTACTAAAAATACAAAAATTAGCCAGGCGTGGTGGCAGGTGCCTGTAATCCCAGCTACTTGGGAGGCTGAGGCAGGAGAATTGCTTGAACCCAGGAGGCGGAGGTTGCAGTGAGCCGAGATCATGACACTGCATTCCAGCCTGGGCGACCAGAGCAAGACTCCGTCTCAAAAAAAACAAAACAAAACAAAAAAAA"
"chr1","8815747","8816056","chr20","122972195","122972503","21","114156448","GGCCGGGTGCAGTGGCTCACGCTTGTAATCCCAGAACTTTGGGAGGCCGAGGTGGGCGGATCACTTGAGGTCAGGAGTTCGAGACCAGCCTGGCCAACACGGTAAAACCCCGTTTCTACTACAAATACAAAAATTAGCTGGGCATGGTGGCGGGCGCCTGTAATCTCAGCTACTTTGGAGGCCGAGGCAGGAGAATTGCTAGAACCCAGGAGGCAGAGGTTGCAGTGAGCTGAGATCGCGCCACTGCACTCCAGCCTGGGAGACAGAATGAGACTCCATCTCCAAAAAAAAAAAAAAAAAAAGAAAGAAA","GGCCGGGTACAGTGGCTCACACTTGTAATCCCAGCACTTTGGGAGGCCGAGGTGGGTGGATCACTTGAGGTCAGGAGTTTGAGACCAGCCTGGCCAACATGGTGAAACCCCGTTTCTACTACAAATACAAAAATTAGCTGGGCATGGTGGTAGGCACCTGTCATCTCAGCTACTTGGGAGGCTGAGGCAGGAGAATCGCTAGAACCCGGGAGGCAGAGGTTGCAGTGAGCTGAGATCGCGCCACGGCACTCTAGCCTGGGAGACAGAATGAGACTCCATCTCAAAAAAAAGAAAAAAGAAAAGAAAGAA"
"chr1","8820964","8821279","chr20","122966992","122967291","37","114146028","GGCCGGATGCAGTGGCTCACGCCTGTAATCCTAGCACTTTGGGAGGCTGAGACAGGTGGATCACCTGAGATCAGGAGTTAGAGACAAGCCTGGCCAACAAGGCGAAACCTGGTCTCTATTAAAAATAGAAAAAAATTAGCCAGGCATGGTGGCGAGCACCTGTAATCCCAGCTACCTGGGAGGCTGAGGCAAGAGAATTGCTTGAACCTGGCTGGGGAACAGAGGTTGCAGTGAGCCAAGATCCTGCCCCTGCACAACAGCCTGAGTGACAGAGCAAGACTCCGTCTCAAAAAAAAATAAAAATAAAAATAAAAAA","GGCCGGGTGCAGTGGCTCACGCCTGTAATCCTAGCACTTTGGGAGGCTAAGGCAGGTGGATCACCTGAGGTCAGGAGTTAGAGACAAGCCTGGCCAACAGGGCGAAACCCAGTCTCTACTAAAAATACAAAAAAATTAGCCACGCATGGTGGCGAGCGCCTGTAATCCCAGCTACCCAGGAGGCTGAGGCAAGAGAACTGCTTGAACCCAGCTGGGGACAGAGATTGCAATGAGCCAAGATCCTGCCACTGCACAACAGCCTAAGTGACAGAGCAAGACTCTGTCTCAAAAAAAAAAAAA"
"chr1","8822646","8822962","chr20","122965310","122965611","39","114142664","GGCCAGGTGCGGTGGCTCACGCCTGTAATCTCAGCACTTTGGGAGGCCGAGGCGGGCAGATCACCTGAGGTCAGGAGTTCGAGACCAGTCTGGCCAACATGGTGAAACCTCATCTTTACTAAAAATACAAAAATTAGCTGGACGTGGTGGTGGGTTCCTGTAATCCCAACTACTTGGGAGGCTGAGGCAGGGAGAATTGCTTGAACTTGGGAGATGGAGGTTGTGGTGAGCGGAAATTGCCCCACTGCACTCCAGCCTGGGTGACAGAGCGAGACTCCATCTTAAAAAAAAGCAAAAAAACCAAAACCAAAACAAAA","GGCCAGGCGCGGTGGCTCACGCCTGTAATCCCAGCACTTTGGGAGGCTGAGGCGGGCAGATCACCTGAGGTCAGGAGTTCGAGACCAGTCGTCTGGCCAACATGGTGAAACCTCATCTTTACTAAAAATACAAAAATTGGCTGGACGTGGTGGCAGATTCCTGTAATCCCAACTACTTGGGGGGCTGAGGCAGGGAGAATTGCTTGAACTTGGGAGGTGGAGGTTGCAATGAGCCCAAATTGTGCCACTGCACTCCAGCCTGGGTGACAGAGCGAGACTCCGTCTTAAAAAAAAAGCAAAAA"
"chr1","8827862","8828030","chr12","103723836","103724011","26","94895974","TAGCTGGGCATGGTGGCGGGCATCTGTAATCCTAGCTACTCGGGATCCGGGACAATCGCTTGAACCTGGGAGGCTGAGGTTGCAGTGAGCCGAAATCACGCCACTGCACTCCAGCCTGGGTAACAGAGCAAGACTCTGTCTCAAAAAAAAAAAAAAAAAAAAAAAAAAA","GCTGGGCATGGTGGTGGACACCTGTAATCCCAGCTACTCGGAAGGCTGAGGCAGGAGAATCGCTTGAACCTGGGAGGCAGAGGTTTCAGTGAGCCAAGATCACGCCACTGCACTCCAGCCTGGGTGACACAGCAAGACTCCGTCTCAAAAAAAAAAAAAGAAAAGAAAAGAAAAAA"
"chr1","8829105","8829382","chr20","122958875","122959152","21","114129770","GGCCAGGCACAGTGGCTCACACCTATAATCCCCCAGCACTTTGGGAGGCAGAGGTGGGCGGATCACCGGAGGTCAGGAGTTCAAGACCTGCCTGGACAACATGGCAAAACCCCATCTCTACTAAAAATACAAAATTTAGCCAGGTGTGGTGGTGATCGCCTGTAACCCCAGCTCCTTGGGAGGCTGAGACAGCAGAATTGCTTCAGCCCAGGAGGCGGAGGTTGCAGTGAGCTGAGATCGTCCAGCTTGGTGACAGAGGGAGACTCCATCTCAAAAAA","GGCCAGGCGCAGTGGCTCACACCTATAATCCTCCAGCACTTTAGGAGGCAGAGGTGGGCGGATCACCGGAGGTCAGGAGATCAAGACCAGCCTGGCCAACATGGCAAAGCCCCGTCTCTACTAAAAATACAAAATTTAGCCAGGCATGGTGGTGATCGCCTGTAATCCCAGCTACTTGGGAGGCTGAGACAGGAGAATCGCTTCAGCCCGGGAGGCAGAGGTTGCAATGAGCCGAGATCATCCAGTCTGGTGACAGAGGGAGACTCCATCTCAAAAAA"
"chr1","8833847","8834136","chr9","97275254","97275549","41","88441407","GGCCAGGCGCGGTGGCTCACGCCTGTAATCCCAGCACTTTGGGAGGCCAAGGCGGATGGGTGACCTGAGGTCAGGAATTCAAGACCAGCCTGGCAAACATGGTGAAACTTTGTCTCTACAAAAATACATTAGCTGGGCACGATGGCGGGTACCTGTAATCCCAGTACTCGGAAGGCTGAGGTGGAAGAATCGCTTGAACCCGGGAGGTGGAGATTGCAGTGAACAGAGATCGTGCCATTGCACTCCAGCCTGGGGAACAGAGTGAGACTCTGTCTCAAAAAAAAAAAAAA","GGCCGGGCACGGTGGCTCATGCCTGTAATCCCAGCACTTTGGGAGGCAAAGGTGGGTGGATCACCTGAGGTCAGGAGGTCAAGACCAGCCTGGCCAAAACGGTGAAACCCGTCTCTACAAAAATACAAAAAATTAGCTGGGCCTGATGGCGGGTACCTGTAATCCCAGCTACTTGGGAGGCTGAGGCAGGAGAATTGCTTGAACCCGGGAGGCGGAGGTTGCAGTGAGCTGAGATCGTGCCACTGCACTACAGCCTGGGCAACAGAGCCAGACTCCGTCTACAAAAAAAAAAAAAA"
"chr1","8845100","8845409","chr20","122942551","122942863","24","114097451","GGCCGGGTGGGGTGACTCACACCTGTAATCCGAGCACTTTGGGAAGCCGAGGCGGGCGGATCACCAGAGGTCGGGAGTTCGAAACCAGCCTGACCAACATGACGAAAACTCACCTCTACTAAAAATACAAAAATTAGCCAGGCATGGTGGCAGGCGCCTGTAATTTCAGCTACTCGGGAGGCTGAGGCAGGAGAATCACTTGAGCCCAGGAAGCGGAGGTTGCAGTGAGCTGAGATCAAGCCACTGCACTCCAGCCTGGGCTACAGAGTAAGACTCTGTCTCAAAAAAAAAATAATAATAAATAATAAAA","GGCCGGGCGGGGTGACTCACACCTGTAATCCCAGCACTTTAGGAAGCCGAGGCGGGTGGATCACCTGAGATCGGGAGTTCAAAACCAGCCTGACCAACATGGCGAAAACCCACCTCTACTAAAAATACAAAAATTAGCTGGGCATGGTGGCAGGCACCTGTAATTTCAGCTACTCGGGAGGCTGAGGCAAGAGAATCACTTGAGCCCAGGAGGCGGAGATTGCAGTGAGCTGAGATCGAGCCACTGCACTCCAGCCTGGGCAATAGAGTTAAGACTCTGTCTCAAAAAAAGTAATAAATAATAAAATAAAAAA"
"chr1","8847633","8847937","chr15","3904633","3904938","36","4943000","GGCTGGGCACAGTGGCTCACGCCTGTAATCCCAGCACTTTGGGAGGCCAAGGCGGGTGGATCACCTGAGGTCAGGAGTTCGAGACCAGCCTGGCCAACATGGTGAAACCCCATCTCTACAAAAATTGAAAAATTAGCCGGGCATGGTGGTGGGCACCTGTAATCCCAGCTGTTCAGGAGCCTAAGGCAGGAGAATCGCTCGAACCCCGGAAGCAGAGGCTGCAGTGAGCTGAGATCATGCCACTGCACTCCATCCTGGGCCACAAAGCGAGACTCCATCTCAAAAAATAAATAAAATAAAATAAA","GGCCAGGCGCAGTGGCTCATGCCTGTAATCCCAGCACTTTAGCAGGTCAAAGCAGGTGGATCACCTGAGGTCAGGAGTTTGAGACCAGCCTGGCCAACATGGAGAAACCCCGTCTCTACTAAAAATACAAAAATTAGCTGGGCGTGGTGGCGGGCACCTGTAGTCCCAACTATTCAGGAGGCTGAGGCAGGAGAATCGCTTGAACCCGGGAGGCAGAGGTTGCAGTGAGCTGAGATTATGCCACTGCACTCCAGCCTGGGCAACAGAGTGAGACTCCATCTCAAAAAAAAAAAAAAAAAAAAGAAA"
"chr1","8852971","8853270","chr11","96978397","96978692","38","88125426","GCCGGGCACAGTGGCTTATGCCTGTAATCCCAGCACTTTGGCAGGCCGAGGTGGGTGGATCACCTGAGGTCAGGAGTTTGAGACCAGTCTGGCCAACGTGACGAAACCCCATCTCTACTAAAAATTCAAAAAACTAGCCAGGCATGGTGATGGGTACCTGTAACCCCAGCTACTTGGGAGGCTGAGGCAGGAGAATTGTTTGAACCTGGGAGGCAGAGGTTGCAGTGAGCCGAGACAAGATCGCACCATTGCACTCCAGCCTGGGTGACAGAGCGAGACTGTCTAAAAAAATAAAAAGAA","GCCGGGCATGGTGGCTCACGCCTGTAATCCCAGCACTTTGGGAGGCCGAGGTGGGTGGATCACCTGAGGTCAGGAGTTCGAGACCAGCCTGGCCAACATGGTGAAACCCCATCTCTACTAAAAATACACAAAATTAGCTGGGCGTGGTGGTGGGCGCCTGTAATCCCGGCTACTTGGGAGGCTGAGGCAGGAGAATTGCTTGGACCTGGGAGGTGGAGGTTGCAGTGAGCCGAGATCACGCCATTGCACTCCAGCCTGGGTGACAGAGCGAGACTCCATCTCAAAAAAAAAAAAAA"
"chr1","8861108","8861415","chr8","36997476","36997779","32","28136368","GACCAGGTGCGGTGGCTCACACCTGTAATCCCAGCACTTTGGGAGGCCAAAGTGGGCAGATCACTTGAAGTCAGGAGTTTGAGACCAGCCTGGCCAACATGGTGAAACCCCATCTCTACTAAAAATACAAAAATTAGCAGGGCGTGGTGGCGGGTGCCTGTAGTCCCAGCTACTCAGGAGGCTGAGGCAGGACAATCACTCAAACATGGGAGGCAGAGGTTGCAGTGAGCCGAGAATGTGCCTTCACTCCAGCCTGGGCAACAGAGCAAGACTCTGTCTCAAAAAAAAAAAAAAAAGAAAGAAAGAAA","GACTGGGCGTGGTGGCTCTCACCTGTAATCCCAGCACTTTGGGAGGCCAAGGTGGGCGGATCATGAGGTCAGGAGTTCGAGACCAGCCTGGCCAACATGGTGAAACCCCATCTCTACTAAAAATACAAAAATTAGCCGGGCGTGGTGGCGGGTACCTGTAATTCCACCTACTCAACAGGCTGAGGCAGGAGAATCACTTGAACCGGGAGGCAGAGGTTGCAGTGAGTCGAGATTGTGCCATTGCATTCCAGCCTGGGCAACAGAGTAAGACTCTGTCTCAAAAAAAAAAAAAAAAAAAAAAAAA"
"chr1","8866996","8867265","chr5","51929064","51929335","39","43062068","GTAATCCCAGCACTTTGGGAGGTCAAGGTAGGGGGGATCACTTGAGGCCAGGAGTTCAAGACCAGCCTGGCCAATATGGGGAAACTCTGTCTCTACTAAAAATACAAAACTTAGCCAGGCGTGGTGGCAGGTGCCTGTAATCCCAGCTACTCAGGAGGTGGAAGCAGGAAAATCACTTGAACCTGGAAGATGGAGGTTGAAGTGAGCTGAGACCACGTCACTGCATTCCAGCCTGGGTGACAGAGGGAAACTCTGTCTCAAAAAAAAAAA","CACCTGTAATCCCAACACTTTGGGAGGCCGAGGCAGGCGGATCACCTGAGGTCAGGAGTTCAAGACCAGACTGGCCAACCTGGTGAAACCCTGTCTCTACTAAAAATACAAAAATTAGCCAGGAGTGGTGGCAGGTGCCTGTAATCCCAGCTACTCAGGAGGCTGAGGCAGGAGAATCACTGGAACCTGGGAGGTGGAGGTTGCAGTGAGCTGACATCTCGCCACTGCACTCCAGCCTGGGTGAGAGAGTGAGACTCTGTCTCATAAAAAAA"
"chr1","8870771","8871070","chr9","33958924","33959219","37","25088153","GGCTAGACACAGTGGCTCACGTCTATAATCCCAGCTCTTTGGGAGGCTGAGTCGGGCGGATCACTTGAGGTCAGGAGTTCAAGACCAGCCTGGCCAACATGGTGAAACCCCATCTCTACTAAAAATACAAAAAAATTAGCTGGGCATGGTGGCAGGCACCTGTGATTCCAGCTATTCAGGAGGCTGAGACATGAGAATCACTTGAACCCAGGAGGTGGAGGTTGCAGTGAACCGAGATGACACCACTGCACTCCAGCCTGGGCAAAAGAGTGAGACTTTGTCTGCAAAAAAAAAAAAAAA","GGCCGGGCACTGTGGCTCACGCCTGTAATCCCAGCACTTTGGGAGGCTGAGGCAGGTGGATCACCTTAGGTCAGGAGTTCAAGACCAGCCTGGCCAACATGGTGAAACCCCGTCTCTACTAAAAATACAAAAATTAGCTGGTCGTGGTGGCGGGCGCCTGTAATCCCAGCTACTCAGGAGGCTGAGGCAGGAGAATTGCTTGAACCCAGGAGATGGAGGTTGCAGTCAGCCGAGATTGCACCACTGCACTCCAGCCTGGGCAACAGAGTAAAACTTTATCTCAAAAAAAAAAAAAA"
"chr1","8872336","8872645","chr20","109420728","109421036","36","100548392","GGCCGGGCGCGGTGGCTCACGCCTGTAATCCCAGCACTTTGGGAGGCCAAGGCGAGTGGATCACCTGAAGTCAGGAGTTCGAGACCAGCCTGGCCAACATGGTGAAACCCCGTCTCTACTAAAAATACAAAAATTAGCTGGGCATGATGGCAGGCACCTGTAATCCCAGCTACTCGGGAGGCTGAGGCAGGAGAGTCACCTGAATCCAGGATGTAAAGGTTGCAGTGTGCTGAGATCACGCCACTGCACTCCAGCCTGGGCGACAAAGCTAGACTCTGTCTCAACAACGACAACAAAAAAGAAATCAAAA","GGCCGGGAGCAGAGGCTCACGCCTGTAATCCCAGCACTGTGGGAGGCCAAGGCGGGTGGATTGCCTGAGGTCGGGAGTTCTAGACCAGCCTGGCCAACATGGTGAAACCCCATCTCTACTAAAAATACAAAAATTAGCTGGGCGTGGTGGAGGACACCTGTAATCCCAGCTACTCAGGAGGCTGAGGCAGGAGAATCACTTGAACCCGGGAGGTGGAGGTTGCAGTGAGCTGAGATCACGCCACTGCACTCCAGCCTGGGCAACAGAGCAAAACTCTGTCTCAAAAAAAAAAAAAAAAAAAAAAAAAAA"
"chr1","8874713","8875017","chr20","122913069","122913370","29","114038356","GGCTGGGTGCGGTGGCTCATGCCTATAACCCCAGTACTTTGGGAGGCCAAGGTGGGCAGATCACCTGAGGTCAGGAGTTCTTGACCAGCCTAGACAACATGGTGAAAGCCCATCTCTACTAAAAATACAAAAAATTAGCTGGGCGTGGTGGTGGGTGCCTGTAATCCCAGCTACTCGGGAGGCTGAGGCAGGAGAATTGCTTGAGCCCAGGAGGTGGAGGTTGCAGTGAGCCGAGATCGTGCCACTGCGCTCCAGCCTGGGTGACAGAGTAAGAATCTGTCTCAAAAAAAAAAAAAAAAAAAAAA","GGCTGGGTGTAGTGGCTCATGCCTGTAATCCCAGCACTTTGGGAGGCCAACGCGGGCAGATCACCTGAGGTCAGGGGTTCTTGACCAGCCAGGCCAAAATGGTGAAAGCCTGTCTCTACTAAAAATACAAAAAATTAGCTGGGCGTGGTGGTGGGCGCCTGTAATCCCAGCTACTCAGAAGGCTGAGGCAGGAGAATTGCTGGAGCCTGGGAGGTGGAGGTTGCAGTAAGCCGAGATCGTGCCACTGTGCTCCAGCCTGGGTGACAGAGTGAGACTCTGTCTCACAAAAAAAAGAAAAAAAA"
"chr1","8885830","8886084","chr20","122901806","122902060","31","114015976","CATTTTGGGGCCAGGCACAGTGGGAGGATCACCCGAGGTCAGCCGGACCAATATGGTGAAACCCCGTCTCTATTAAAAATACAAAACAATTAGCCAGGCATGGTGGTGGGCACCTGTAATCCCAGCTACTCGGGAGGCTCAGACAGGAGAATTGCTTGAATCTGGGAGGCAGAGGTTGCAGTGAGCCAAGATTGAGCCACTGCACTCCAGCCTGGGCGACAGAGTGAGATCCGTCTCAAAAAAATAAAAATAAAA","TTTGGGAGGCCAAGGTGGGAGGATCACCTGTGGTCAGCCTGACCAATATGGTGAAACCCCGTCTCTACTAAACGTTCAAAAAAGATTAGGCAGGCATGGTGGTGGGCACCTGTAATCCCAGCTACTTCGGAGGCTCAGACAGGAGAACTGCTTGAACCTGGGAGGCAGAGGTTGCAGTGAGCCAAGATTGCACCACTGCACTCCAGCCTGGGCGACACAGCGAGATCCGTCTCAAAAAAATAAAAATAAATAAAA"
"chr1","8910303","8910604","chr6","18896553","18896852","45","9986250","GGCTGAGCATGGAGGCTCACACCTATAATTCCAGCACTTTGGGAGGCTGAGGTGGGCAGATCACCTGAGATCGGGAGTTCGAGAGCAGCCTTACCACCAACATGGTGAAACCCCGTCTCTACGAAAAAAATAAAAATTAGCCGGGCGCGGTGGCAGGTGCCTGTAATTCCAGCTACTCAGGAGGCTGAGGCAGGACCACTTGAACCCAGGTGGTGGAGTTTGCAATGAGCTGAGATCATGCCAGTGCACTCCAGCCTGGGTGACAGAGCGAGACTCTGTCTCAAAACAAACAAACAAAAAAA","GGCTGGGCGTGGTGGCTCATGCCTGTAATCCCATCACTTTGGGAGGCTGAGGCGGGCTGATCACCTGAGGTCAGGAATTCGAGATCAGCCTGACCAACATGGTGAAATCCCATCTCTACTAAAAATAAAAAATTAGCCAGGTGCGGTGGCGAGTGCCTGTAGTCCCAGCTACTCAGGAGGCTGAGGCAGGAGCATTGCTTGAACCCGGGAGGTGGATGTTGCAATGAGCTGAGATCATGCCACTGCACTCCAGCCTGGGCAATAGAGTGAGACTCCATCTCAAACAAACAAACAAAAAAA"
"chr1","8923152","8923452","chr9","57801534","57801827","39","48878382","CAGGCTCAGTGGCTCATGCCTGTAATCCCAGCACTTTGGGAGGCCAAGGCAGGCAGATCACCTGGGGCCAGGAGTTTGAGACAAACCTGAGCAACATGGTGAAACCCCATCTCTACTAAAAATACAAAAATTAGCCAGGCGTGGTGGTGGGCACCTGTAGTAATCACAGCAGCTACTCGGGAGGCTGAGGCACAAAAATCACTGGAACCGGGGAGGCAGAGGTTGCAGTGAGCCAAGATAGCACCACTGCACTCCAGCCTGGGCAGCAGAGTGAGACTCTGTCTCAAAAAAAAAAGCAAAA","CCAGGCACGGTGGCTCATGCCTGTAATCCCAGCACTTTGGGAGGCCGAGGCAGGCAGATCACCTGAGGTCAGGAGTTCGAGACCAGCTTGACCAACATGGTGAAACCCTGTCTCTACTAAAAATACAAAAACTAGCCGGGAGTGTTGGTGGGCACCTGTAATTCCAACTACTCGGGAGGCTGAGGCAGGAGAATCGCTTGAACCTGGGAGGCAGAGGTTGCAGTGAGCCGAGATCACACCATTGCACTCCAGGCTGGGCAACAGAGTGAGAGTCTGTCTCAAAAAAAAAAAAAA"
"chr1","8929037","8929348","chr20","122855881","122856184","29","113926844","GGCCGGGCGCAGTGGCTCATGCCTGTAATACCAAGCACTTTAGGAGGCTGAGGTGGGTGGATCACTTGAGGTCAGGAGTTTGAGACCAGCCTGGCCAACATGGTGAAACGCTGTTTCTACTAAAAATACAAAAATTAGCTGGGGGTGGTGGCGGGTGCCTGTAATCCCAGCTACTCGAGAGGCTGAGGTGGGAGAATCACTTGAACCCAGGAGGTGAAGGTTGCAGTGAGCCTGGATCGTGGCACTGCACTCCAGCCTGGGCAACAGAACAAGACTCCGTCTCAAAAGAAGCAAGAAAGAAAAAGAAAGAAA","GGCCAGGCATAATGGCTCATGCCTGTAATCCCAGCACTTTGGGAGGCCAAGGTAGAAGGATCACTTGAGGTTAGGAGTTTGAGACCAGCCTGGCCAACATGGCAAAATGCTGTTTCTACTAAAAATACAAAAATTAGCTGGGCATGGTGGTGGGTGCCTGTAATCCCAGCTACTCGAGAGGCTGAGGTGGGAGAATCACTTGAACCCAGGAGGTGAAGGTTGCAGTGAGCCTGGATCGTGGCACTGCACTCCAGCCTAGGCAACAGAACAAGACTCCATCTCAAAAGAAGAAACAAAAAAAGAA"
"chr1","8929934","8930241","chr20","122854987","122855300","28","113925053","GGCCGGGCACAGTGGCTCATGCCAGTAATCCTAGCACTTTGGGAGGCCGAGGCTCATGGATCACTTGAGGTCAGGAGTTTGAGACCAGCCTGGCCAACATGTTAAAACCCTGTCTCTACTAAAAATACAAAAATTAGCCAGGCCTGGTGGTTGGCATCTGTAATCCCAGCTACTCAGGAGGCTGAGACAGGAGAATCGCTTGAATCCAGGAGGTGGAAGTTGCAGTGAGCTGAGATCACGCCATTGCACTCCAGCCTGGGCAACAGAGCAAGACTCCATCTCAAAAAAAAAAAAAAAGAAATCAAAAA","GGCCGGGCACGGTGGTTCACGCCTGTATTCCCAGCACTTTGGTAGGCCGAGGCTCGTGGATCACTTGAGGTCAGGAGTTCGAGAACAGTCTGGCCAACATGTTGAAACCCTGTCTCTACTAAAAATACAAAAATTAGCCTGGCATGGTGGTGGGCACCTGTAATCCCAGCTACTCAGGAGGCTGAGACAGGAGAATCACTTGAACCCAGGAGATGGAAGTTGCAGTGAGCTGAGATCACGCCACTGCACTCCAGCCTGGGCGACAGAGCAAGACTCCATCTCAAAAAAAAAAAAAAAAAAAAAAAAATCAAAAA"
"chr1","8949937","8950249","chr20","122823793","122824105","31","113873856","GGCCAGGTACGGTGGCTCATGCCTGTACTCCCAGCACTTTGGGAGGCCGAGGCAGGTGAATTACCTGAGGTCAGGAGTTCAAGGCCAGCCTGGCCAACATGGTGAAACCCCATCTCTACTAAACATACAAAAAATTCATCGGGCATGGTGGCGGGTGCCTATAATCCCAGCTACTTGGGAGGCTGAGGCAAGAGAATCACTTGAACTTGGGAGGTGGAGGTTGCAGTGAGCCAAGATCATGCCATTGCACTCCAGCCTGGGGGACAGAGGGAGACTCCATCTCAAAAAAATAAATAAATAAACATAAAATAAA","GGCAGAGCATGGTGGCTCTCACCTGTAATCCCACACTTCGGGAGGCCGAGGCAGGTTTATTACCTGAGGTCAAGAGTTCAAGACCAGCCTGGCCAACATGGTGAAACCCCGTCTCTACTAAAAATACAAAAAAATTTGCCAGGCATGGTGGCGGGTGCCTATGATCACAACTACTTGGGAGGCTGAGGCAAGAGAATCACTTGAACTTGGGAGGTGGAGGTTGCAGTGAGCTGAGATCGTGCCATTGCACTCCAGCCTGAGGTACAGAGGGAGACTCCATCTCAAAAAATAAATAAATAAACATAAAATAAAA"
"chr1","8966947","8967248","chr11","110240115","110240424","40","101273168","GGCCGGGCGCAATGGCTCGTGCCTGATATCCCAGCCCTTTGGGAGATGGGCAGATCACCTAAGGTCAGGAGTTCGAGACCAGCCTGGACAACATGGTGAAACCCTGTCTCTACTAAAAATACAAAAATTAGCCAGGCATGGTGGCAGGCACCTGTAATCCCAGGTACTCGGGAGGCTGAGGCAGGAGAATCACTTGAACCCGGGAGGCGGAGGTTGCAATGAGCCAACATCACACTACTGTACTCAAGCCTGGGCAACAGAGCAAGACTTTGTCTAAAAAAAAAAAAAAAGAAGAAGAAGAA","GGCAGGGCACAGTGGCTCATGCCTGTAATCCCAGCACTTTGGGAGGCCAAGGAGGGAGGATCACCTGAGGTCAGGAGTTCAAGACCAGCCTGGATAACATGGTGAAACCCTGTCTCTACCAAAAATACAAAAATTAGCCGGGCATGGTGGCAGGCGCCTGTAATCCCAGCTACCAGGGAGGCTGAGGCAGGAGAATCAGTTGAACCTGGAAGGCGGAAGTTGCAGTGAGCCAAGATCGCACCACTGCACTCCAGCCTGGGTGACAGAGCAAGACTCTGTCTAAAAGAAAAAAAAAAAAGAAGAAGAAAAA"
"chr1","8977242","8977551","chr20","122797684","122798000","32","113820442","GCTGGGCGTGGTGGCTCACGCCTGTAATCCCAACACTTTGGGAGGCTGAGGCAGGTGGATCACTTGAGGTCAGGAGTTCAAGACCAGTGTAACCAATATGGTGAAACACCGTCTCTACTAAAAATACAAAAATTAGCCAGGCATGGTGGCGGGCACCTGTAGTTCCAGCTACTCGGGAGGCTGAGGTGATAGGATCCCTTGAAGCCAGGAGTTGGAGGCTGCAGTGAGTTGCTGCAGGGAGTCATCATGGTGCCACTGCACTCCAGCCTGAGCAACAGAGTGAGCATGAAAAAAAACAAAGAAAAGAAAA","GCTGGGTGTGGTGGCTCATGCCTGGAATCCCAACACTTTGGGAGGCTGAGGCAGGTGGATCACTTGAGGTCAGGAATTCGAGACCAGCCTAACCAATATGGTGAAACCCCATCTCTACTAAAAATACAAAAATGAGCCAGGCGTGGTGGCGGGCACCTGTAGTCTCAGCTACTCGGGAGGCTGAGGTGGGAGGATCCCTTGAAGCCAGGAGTTGGAGGCTGCAGTGAGTTGCTCCAGTAAGTCATGATCGTGTCACTGCACTCCAGCCTAAGCAGCAGAGTGAGCCTGAAAAAAAAAAAAAAGAAAAGAAAAGAAAA"
"chr1","8978199","8978503","chr20","122796733","122797036","24","113818534","GGCCGGGCACTGTGGCTCACGCCTATAATCCCAGCACTTTGGGAGGCCAAGGCGGGTGGATCACCTGAAGTCAAGAGTTCGAGACCAGCCTGGCCAAAATGGTGAAACCCCGTCTCTACTAAAAATACAAAACTTAGTAGGGCATGGTGGCAGGTGCCTGTAATCCCATTTACTCGGGAGACTAAGGCAGGAGAATTGCTTGAACCCAGAAGGCGGAGGTTGCAGTGAGCTGAGATCGCGCCACTGCACTCCAGCCGGGGCAACAGAGCGAGACTCTGTCTCAAAATAAATAAATAAAAAGAAAA","GGCCGGCACTGTGGCTCACGCCTATAATCCCAGCGCTTTGGGAGGCCAAAGCCGGTGGATCATCTGAGGTCAGGAGTTCGAGACCAGCCTAACCAACATGGTGAAACTCCATCTCCACTAAAAATACAAAACTTAGTCGGGCATGGTGGTGGGTGCCTGTAATCCCATTTACTCAAGGGACTGAGGCAGGAGAATTGCTTGAACCCAGAAGGTGGAGGTTGCAGTGAGCTGAGATCATGCCACTGCACTCCAGCCGGGGCAACAGAGCGAGACTCTGTCTCAAAATAAATAAATAAAAAGGAAA"
"chr1","8983596","8983898","chr27","40567204","40567501","29","31583608","GACCAGGTGCGGTGGCTCACGCCTGTAATCCCAGCACTTTGGGAGGCCGAGGTGGGCCGATCACCTGAGGTCAGGAGTTCGAGACCCGCCTGGCCAACATGGTGAAACCCCGTCTCTACTAAAAATACAAAAAAATTAGCCAGGCGTGGTGGTGGGCACCTGTAATCCCAGCTACTCGGGAGGCTGAGGCAGGAGAATTGCTTGAACCCTGGAGGCAGAGGTTGCAGTGAGCCGAGATCGTGCCACTGCACTCCAGCCTGGGGAAGAGAGCAAGACTCTTAAAAAAAAAAAAAAAAACAACAA","GGCCAGGTGTGGTGGCTCACGCCTGTAATCCCAGCACTTTGGGAGGCCGAGGTGGGAGGATCACCTGAGGTCAGGAGTTCAAGACCAGCCTGGCCAACATGGTGAAACCCCCTCTACTAAAAATACAAAAATTAGCCAGGCGTGGTGGCGGGCGCCTATAATCCCAGCTACTCGGGAGGCTGAGGCAGGAGAATTGTTTGAACCCAGGAGACTGAGGTTGCAGTGAGCCGAGATCATGCCACTGCACTCCAGCCTGGGGACAGAGAGAGACTCCGTCTAAAAACAAAACAAAACGAAA"
"chr1","8987331","8987625","chr6","4844864","4845161","39","4142467","GGCTGGGCGAGGTGACTCACGCCTGTAATTCCAGTACTTTGGGAGGCCAAGGCTGGCAGAGCACTTGAGGTCAGGAGTTTGAGATCAGCCTGGCCAACATGGTGAAACCCCGTCCCTACTAAAAATACAAAATTAGCCAGGTGTTATGGAGGGTGCCTGTATTCTCAACTACTCAGGAGGCTGAGGCGGGAGAATCGCTTGAACCCGGGAGGCAGAGGTTGCAGTGAGCTGAGATTGTGCTACTGCACTCCAGTCTGGGTGACAGAGTGAGACTCTGCTTCAAAAAAAAAAAAAA","GGCTGGGCACGGTGGCTCACGCCTGTAATCCCAGCACTTTGGGAGGCCAAGGAGGGTGGATCACCTGAGGTCAGGAGTTCGAGACCAGCCTGGCCAACATGGTGAAACCCCGTCTCTACTAAAAATACAAAAATTAACCAGGCGTACTGGTGGGCGCCTGTAATCTCAGCTACTCAGGAGGCTGGGGCTGGAGAATCGCTAGAACCCAGGAGGTGGAGGTTGTAGTGAGTTGAGATTGTGCCACTGCACTCCAGCCTGGGTGACAGAGTTAGAACCCTGTCTCAAAAAAAAAAAAAAA"
"chr1","8987830","8988133","chr15","4736743","4737042","36","4251087","GGCCAGGTATGGTGGCTCACACCTGTAATCCTGGCACTTTGGGAGGCCGAGGTGGGTGGATCACCTGAGGTCAGGAGTTTGAGACCAGCCTGGCCAACATGATGAAACCCCGTCTCTACTAAAAATACAAAAATTAGCTGGGCATGGTGGCAGGTGCCTGTAATCCCAGCTACTCGGGAGGCTGAGGCAGGAGAAGCGCTTGAACTCGGGAGGCGGAGGTTGCAGTGAGCCGAGATCGAGGCACTGCACTCCCGCCCCAGCGAGACTCTGTCTCAAAAAACAAAAAAAATTAGAATTAAAAAAA","GGCCGGGCATGGTGGCTCACACCTGTGATCCCAGCACTCTGGGAGGCCGAGGTAGGTGGATCACCTGAGGTCAGGAGTTTGAGACCAGCCTGGCCAACATGGTGAAACCCCATCTCTACTAAAAGTACAAAAATTAGCTGGGCATGGTGGCAGGCGACTGTGATCCCAGCTACTCGGGAGGCTGAGGCAGGAGAATTGCTTGAACCCAGGAAGCGGAGGTTGCAATGAACAAAGATCATGCCACTGCACTCCAGCCTGGGCAAGACTCTGTCTCAAAAAAAAAAAAAAAAAAAAAAAAAA"
"chr1","8990470","8990770","chrX","110161002","110161297","42","101170532","GGCCAGTTGCGGTGTCTCACGCCTGTAATCCCAGTACTTTGGGAGGTCAAAGTGGGTGGATCACCTGAGGTCAGGAGTTTGAGATCAGCCTGGCCAACATGGTGCAACCCCGTCTCTACTAAAAGTACAAAAAATTAGCCAGTCGTGGTGGTGGGGCGCCTGTAATCCCAGCTACCCCAGAGGCTGAGGTGGAACAATCACTTGAACCTGGGACGTGGAGGTTGCAGTGAGCCAAGATTGCACTGCTGCACTCCAGCCTGGGCAACAGAACAAGACCCTGTCTCAAAAAAAAAAAAAAAAA","GACCAGGTGCGGTGGCTCATGCCTTTAATCCCAGCACTTTGGGAGGCCGAGGCGGGTGGATCACCTGAGGTCAGGAGTTCAAGACCAGCCTGGCCAACGGTGAAACCCCGTCTCTACTAAAAATACAAAAATTAGCCAGGCGTGGTGGTGGGTGACTGTAATCCCAGCTACTCGGGAAGCTGAGGCAAAAGAATCCCTTGAACCTGGGAGGTGGAGGTTGCAGTGAGCTGAGATCGCACCGCTGCACTCCAGCCTGGGCAATAGAGTGAGACTCTGTCTCAAAAAAAAAAAAAAAA"
"chr1","8991669","8991975","chr20","122783595","122783901","36","113791926","GGTCAGGTGAGGTGGTTCATACCTGTAATTTCAGCACTATGGGAGGCTGAGTGGGCGAATGGCCTGAGGAGTTGAGACCAGCCTGGCCCACATGGTGAAACCCCATCTTTACTAAAAATATAAAAATTATCTGGGCGTGTGGGTGGGTGCCTGTAGTCCCAGCTAGTCAGGAGGCTGAGGCAGGAGAGAATAACTTGAACCCGGGAGGTGGAGGTTGCAGTGAGCCGCGATCGCATCACTGCACTCCAGCCTGGCGACAGAGCGAGACTCCGGTCTCAAAAAAAAAAAAAAAAAAAAAAGAGGAAAA","GGCCAGGTGCGGTGGCTCACACCTGTAATTCCAGCACGACGGGAGACTGAGGAGGGCGAATGGCCTGAGGAGTTTGAGACCAGCCTGGCCAACATGGTGAAACCCCATCTCTACTAAAAATATAAAAATTATCTGGGTGTGGTGGCGGGTGCCTGTAGTCCCAGCTAGTCAGGAGGCTGAGGCAGGAGAGAATAACTTGAACCCGGGAGGTGGAAGTTGCAGTGAGTTGAGATTGTGTCACTGCACTCTAGCCTGGCGACAGAGCGAGACTCCATCTCAAAAACAAACAAACGAACAAACAAAAAAA"
"chr1","8993227","8993533","chr20","122781906","122782213","41","113788679","GGCCAGGCACAGTGGCTCCCGCCTGTAATCCCAGCACTTTGGGAGGCCGAGGTGGGCAGATCACTTGAGGTCAGGAGTTTGGGACCAGCCTGGCCAATATGGCAAAGCCCCATTTCAGTTAAAAAAAAAAAAAAAAAAAAAAATTAGCCGGGCGTGGTGGTAGGTGCCTGTAGTCCCAGCTACTGGGGAGGTTGAGGCAGGAGAATTGCTTGAACCCGGGAAGCCGAGGTTGTAGTGAGACGAGATTGCACCACTGCACTCCAGCCTGGGTGACAGAGTGAGACTCTGTCTCAAAAAAAAAAAAAAA","GGCCAGGTGCAGTGGCTCACACCTGTAATCCCAGGAGTTTGGGAGGCCGAGGTGGGCACATCACTTGAGGTCAGGAGTTTGAGACTAGCCTGGCCAACATGGAAAAACCCCATTTCTGTTAAAAAAAAAAAAAAAAAAAAGCTGGGTGTGGTGGCAGGTGCTTGTAATCCCAGCTACTGGGGAGGCTGAGGCAGGAGAATCACTTGAACCCAGGAGGCGGAGGTTGTAGTGAGACGAGATTGTACCACTGCACTCCGGTCTGGGTGACGGAGTGAGACTCTGTCTCAAAAAAAAAAAAAAAAAAAAAA"
"chr1","9015375","9015661","chr20","122763771","122764057","31","113748396","GGTCGGGCACGGTGGCTCACACCTGTAATCCTTGGGAGGCCAAGGCAGGTGGATCGCCTGAGCTCAGGAGTTTGAGACCAGCCTGGCCAACATGGTGAAACCCCGTTTCTACTAAAATACAAAAATTAGCTGGGCGTGGTGGCAGGTGCCTATAATCCCAGCTACTCAGGAGGCCGAGGCAGGAGAATCACTTTCACCTTGGAGGCTGAGGTTGCAGTGAGCTATCACACCACTACACTCCAGCCTGGGTGACAGAACAAGACTCTGTCTCCAAAAAACAGGAAAAA","GGTTGGGCACACTGGCTCACGCCTGTAATCCTTGGGGGGCCAAGGCAGGTGGATCGCCTGAGCTCAGGAGTTCGAGATCAGTCTGGCCAACATGGTGAAACCGTCTCTACTAAAATACCAAAATTAGCCGGGCGTAGTGGCAGGTGCCTATAATCCCAGCTACTCAGGAGGCTGAGGCAGGAGAATCAGTTTAACCTTGGAGGCTGAGGTTGCAGCCAGCTGAGATCCCACCACTACACTCCAGCCTGGGTGACAGAATGAGACTCTATCTTAAAAAAAAAAAAAAA"
"chr1","9016294","9016590","chr24","35596767","35597061","50","26580473","GGCTGGGCATCGTGGCTTACACCTGTCATCCCAACACTTTGGGAGGCCGAGGCAGGAGGATCAACTTGAGGTCAGGAGTTCGAGACCAGCCTGGGTAACATGGTGAAACCCTGTCTCTACAAAAAATACAAAAATTAGCTGGGCATGGTGCCTGGGCTGTGCCTGTAGTCCCAGCTACTCTGGAGCCTGAAGTGATTGAGCCTGGGAGGCGGAGGTTGCAATGAGCCGAGATCGTGCCATTTTACCCCAGCCTGGGTGACAGAGCCAAACTCCGTCTCAAAAAAAAAGAAAAAAAAA","GGCCAGGCACAGTAGCTCACACCTGTAATCCCAGCACATTGGGAGGCTGAGGCGGGTGGATCATTTGAGGTCAGGAGTTCGAGACCAGCCTGGTCAACATGGTGAAACCCCGTCTCTACTAAAAATACAAAAGTTAGCCGGGCATGGTGGTGGGCGCCTATAGTCCCAGCTACTCAGGAGGCTGAGGCAGAATTGCTTGAACCTGGGAGGCAGAGGCTGCAGTGAGCTGAGATTGTGCCATTGCACTCCAGCCTGGGTGACAGAGCGAGACTCTGTCTCAAAAAAAAAAAAAAAA"
"chr1","9020753","9021062","chr20","122756481","122756794","20","113735728","GGCCGGGCGTGGTGGCTCACACGTGTAATCCCAGCACTTTGGGAGGCTGAGGCAGGTCAATCACCTGAGGTCAGAAGTTCGAGACCAGCCTGGGCAACATGGTGAAACCCCATCTCTACTAAAAATGTAAAAAATAGCTGGGCGTGGTGTTGAGCCCCTGTACTCCCAGCTACTTGGGAGGCTGAGGTGGGAGAATCGCTTGAACCCAGGAGGCAGAGGCTGCAGTGAGCCGAGATCGTGCTACTGCACTCCAGCCTGGGTGATGGAGCAAGACTCCATCTCAAAACAAAACAAAACAAAACAAAACAAA","GGCCAGGTGTGGTGGCTCACGCCTGTAATCCCAGCACTTTGGGAGGCTGAGGCAGGTGAATCACCTGAGGTCAGGAGTTCGAGACCAGCCTGGGCAACATGGTGAAACCCCATCTCTACTAAAAATGTAAAAATTAGCTGGGCATGGTGGTGAGTCCCTGTAACCCCAGCTACTTGGGAGGCTGAGGTGGGGAGAATCGCTTGAACCCAGGAGGCAGAGGCTCCAGTGAGCCGAGATCGTGCTACTGCACTCCAGCTTGGGTGATGGAGCAAGACTTCCATCTCAAAACAAAACAAAACAAAAAGAAGAAGAAA"
"chr1","9024451","9024757","chr20","122753738","122754043","32","113729287","GGCCAGCCGTGGTGGCTTACACCTGTAATCCCAGCACTTTGGGAGGCCGAGGTAGGTGGATCACTTGAGGTCAGGAGTTCAAGACCATCCTGGCTAACATGGTGAAACCCTGTCTCTACTAAAAATACAAAAAATTAGCCTGGGGTGGTGGCGGGCGCCTGCAATCCCAGTTACTCAGGAGGCTGAGGCAGGAGAATTGCTTGAACCCAGGAGGTGGAGGTTGCAGTGAGCCGAGATCACACCACTGCACTCTAGCCTGGGCGACAGAGCAAGACTCCATCTCAAAATAAATAAATAAATAATAAAA","GACCGGGTGTGGTGGCTCATACCTATAATCTCAGCACTTTGGGAGGCCGAGGTGGGTGGATCATTGAGGTCAGGAGTTCAAGACCAGCCTGGCCAACATGGCGAAACTCTGTCTTTACTAAAAATACAAAAAATTAGCCTGGTGTGGTCATGGGCAACTGCAATCCCAGTTACTCAGAAGGCTGAGGCAGGAGAATTGCTTGAACCTGGGAGGTGGAGGTTGCAGTGAGCCGAGATCATACCATTGCGCTCTAACCTGGGCAACAGAGCAAGACTTCGTCTCAAAATAAATAAATAAATAAGAAAA"
"chr1","9032599","9032881","chr16","17013479","17013760","46","7980880","GGCCTGGCATGGTGGCTCATGCCTGTAATCCCAACATTTTGAGAGGTGGAGGCAGGCTGTTCACTTAAGGTCAGAAGTTCGAGACCAGCCTAGCCAACAAGGTGAAACTCCGTTTCTACTAAAAATGCAAAAATTAGCCAGGTGTGTTGGCGGTCGCCTGTAGTCCTAGCTACTCGGGAGGCTGAGGCAGGAGAATCACTTGAACCCAGAGGTTGCAGTAAGCCAAGATCCACCACTGCACTCCAGGCTGGACAAGAGAGCAAGACTCTGTCTAAAAAATAAA","GCTGGGCATGGTGGCTCATGCCTGTAATCCTAGCATTTTGGGAGGCTGAGGCAGGTGGATCACCTGAGGTCAGGAGTTTGAGACCAGCCTGGCCAACATGGTGAAACTCCGTTTCTACTAAAAATACAAAAAATTAGCCAGACATGGTGGTGGACACCTGCAATCCTAGCTACTCGGGAGGCTGAGGCAGGAGAATCACTTGAATCTAGGCGTTGCAGTGAGCCGAGACTGCGCCATTGCACTCCAGCCTGGGCGACAGAGCGAGACTCTGTTTAAAAATAA"
"chr1","9050701","9050983","chr16","2679156","2679431","39","6371545","GGCTGGGAGTGGTGGCTCACGCCTGCAATCCCAGCACTTTGGGAGGCTGAGGTGGGTGGATCACCTGATCACCTGAAATCAGGAGTTCAAGACCAGCCTGGCCAACATGGTGAAACCTCATCTCTACTAAAAATCCAAAAATTATCCGGGCATGGTGGCGGGTATCTGTAATTCCAGCTACTCGGGAGGCTGAGACAGGAGAATCACTTGAACCTGGGAGTCAGAGGTTGCAGTGAGCCAAGATCATGCCACTGCACTCCAGCCTGGGTGACAGAGTGAGACT","GCCGGGCACGGTGGCTCACACCTGTAATCCCAGCACTTTGGGAGGCCGAGGTGGGTGGATCACCTGAAGTCAGGAGTTCGAGATCAGCCTGACCAACACGGTGAAACCCCGTCTCTACTAAAAATACAAAAAATTAGCTGGGCCTGGTGGCGGGTGCCTGTAATCCCAGCTACTCGGGAGGCTGAGGCAGGAGAACCACTTGAACCTGCGAGGCAGAGGTTGCAGTGAGCCGAGATCGTGCCACTGCACTCCAGTCTGGGTGACAGAGCGAGACTC"
"chr1","9074825","9075136","chr20","122703522","122703833","14","113628697","GGCCAGGCATGGTGGCTCACGCCTGTAATCCCAGCACTTTGGGAGGCCGAGGTGGGCAGATCACTTGAGGTCAAGAGTTCAAGATCAGCCTGGCCAACATGGTAAAACCCTGTCTTTACTAAAAATACAAAAACTAGCTGGGCGTGGTGGCAGGTGCCTGTAATCCCAGCTACTCAGGAGGCTGAGGCACGAGAATTGCTTGAACCCAGGAAGTGGAGGTTGCCGTGAGCTGAGATCGTGCCACTGCACTCCAGCCTGGGTGACAGAGTGAGACTCCATCTCAAAAAATAAACAAATAAATAAGTAAACAAA","GGCCAGGCACAGTGGCTCATGCCTGTAATCCCAGCACTTTGGGAGGCCGAGGTGGACAGATCACTTGAGGTCAAGAGTTCGAGATCAGCCTGGCCAACATGGTAAAACCCTGTCTTTACTAAAAATACAAAAACTAGCTGGGCGTGGTGGCAGGTGCCTGTAATCCCAGCTACTCAGGAGGCTGAGGCACAAGAATTGCTTGAACCCAGGAAGTGGAGGTTGCAGTGAGCTGAGATCGTGCCACCGCACTCCAGCCTGAGTGACAGGGCGAGACTCCATCTCAAAAAATAAATAAATGAATAAATAAACAAA"
"chr1","9081286","9081593","chr12","81464993","81465297","36","72383707","GGCAGGGCACAGTGGCTTATGCCTGTAATTCCAGCACTTTGGGAGGCCAAGGCAGGCAGAACACTTGAGGTCAGGAGTTCAAGACCAGCCTGGCCAACATGGTGAAACCTCATCTCTACTAAAAATACTAAAATTGGCTGGACATGGTGGCAGGTGCCTGTAATCCCAGCTATTTGGGAGGCTGAGGCAATATAATCACTTGAACCTGGGAGGCAGAGGTTGCAGTGAGCCAAGACTGCGCTATTGCACTCCAGCCTGGGTGACAGAGCAAGACTCTGTCTCAAAAAAATAAAAAATAAAAATAAAAA","GCCGGGCATGGTGGCTCATGCTTGTAATCTCAGCACTTTGGGAGGCCAAGGCAGGAGGATCACTTGAGGTCAGGAGTTCAAGACCAGCCTGGCCAGCATGGTGAAACCCTGTCTCTACTAAAAATACAAAAATTAGCTGGGCATGGTGGCAGGTGCCTGTAATCCCAGCTATTTGGGAGGCTGAGACACAAGAATTGCTTGGACCTGGGAGGCGGAGGTTGCAGTGAGCCGAGATCGCGCCACTGCACTCCAGCCTGGGTGACAGAGCAAGACTCCATCTCAAAAAAAAAAAAAAAAAAAAAAAA"
"chr1","9096991","9097266","chr20","122681785","122682065","34","113584794","GGCCGGGCGCGGTGGCTCACGCCTGTAATCCCGGCACCTGGGGAAGCCAAGGTGGGTGGATCACCTGAGGTCAGGAGTTCGAGACCAGTCTGACCAACATGGTGAAACCCTGTCTTTACCGAAAATACAAAAATTAGCCAGGCATGGTGGCAGACGCCTGTAATCCCAGCTACTTGGGAGGCTGAGGCAGGAGAATAGCTGGAACCCGGGAGGCGGAGGTTGCAGTGCACCTAGATCACACCACTGCACTCCAGCCTGGGCGACAGAGCGAGACTC","GCCGGGCGTGGTGGCTCACGCCTGTAATCCCAGCACTTGGGGAGGCCGAGACGGGTGGATCACCTTAGGTCAGGAGTTCGAGACCAGCCTGACCAACATGGTGAAACCCCGTCTTTACTAAAACTACAAAAATTAGCTGGGAGTGGGGGCAGACACCTGTAATCCCAGCTATTTGGGAGGCTGAGGCAGGAGAATCGCTGGAACCCAGGAGGCGGAGGTTGCAGTGCACCGAGATCATGCCACTGTACTCCAGCCTAGGCGACAGAGCGAGACTCCATCTC"
"chr1","9099633","9099928","chr20","122679207","122679509","26","113579574","GGCCGGGCGCGGTGGCTCACGCCTGTAATCCCAGCACTTTGGGAGGCCAAGGCAGGCGGATTACAGGAATTCAAGACCAGACTGGCCAACATGGTGAAACCTGGTCTCTATTAAAAATACAAGAATTAGCCAGGCTTGGTGGCGGGAGCCCGTAACCCCAGGTACTCAGGAGGCTGAGGCGGGAGAATCGCTTCAACCCAGGTGGTGGAGGTTGCAGTGGGCTGAGATCAAGCCACTGCACTCCAGCCTGGGTGACAGCGCAAAACTCCATCTCCAAAAATTTAAAAAAAAAAAAA","GGCCGGGTGCGGTGGCTCACACCTGTAATCCCAGCACTTTGGGAGGCCAAGGCAGGCAGATTACAGGAGTTCAACACCAGACTGGCTAACATGGTGAAAACCGGTCTCTATTAAAAATACAAAACTTAGCCAGGCTTGGTGGCGGGAGCCTGTAACCCCAGCTACTCAGGAGGCTGAGGCAGGAGAATCGCTTGAACCCAGGTGGTGGAGGTGGCAGTGGGCTGAGATCGAGCCACTGCACTTCAGCCTGGGTGACAGCGCAAAACTCCATCTCCAAAAATAAAAAAAAATGAAAGAAAATAA"
"chr1","9128945","9129223","chrX","1052","1331","29","9127893","GGCCGGGCGCGGTGGCTCACACCTGTAATCCCAGCCCTTTGGGAGGCTGAGGTGGGCGGATCACTTGAGGTCAGGAGTTGAAGATCAGCCTGGCCAACATGGTGAAACCCTGTCTCTACTGAAAATACAAAAATTAGCTGGGCGTGGTGGTGGGCGCCTGTAGTCCCAGCGACACGGAGGCTGAGGCAGGAGAATCGCTTGAACCCAGGAGGCGGAAGTTGCAGTGAGCCGAGATCCCACCACTGCACTCCAACCTGGGTGACAAAGCCAGACTCTGTC","GCTGGACGCAGTGGCTCACACCTGTCATCCCAGCACTTTGGGAGGCTGAGGCGGGTGGATCACTTGAGGTCAGGAGTTCAAGACCAGCCTGACCAACATGGTGAAACCCCGTCTCTACTAAAAATACAAAAATTAGCTGGGCGTGGTGGTGGGCACCTGTAATCCCAGCTACTCGGGAGGCTGAGGCAGGAGAATCGCTTGAACCCGGGAGGCGGAGGTTGCAGTGAGCCGAGATCGCGCCACTGCACTCCAGCCTGGGCGACAGAGCGAGATTCCGTCT"
"chr1","9134061","9134363","chrUn_KE147541v1","90","391","27","9133971","GGCTGGGCATGGTGGCTCACACCTGTAATCCCAGCACTTTGGGAGGCCGAGGCAGGTAGATCACCTGAGGTCAGGAGTTCAAGACCAGCCTGGCCAACGTGGTGAAACCCCGTCTCTAATAAAAATACAAAAATTAGCCGGGCGTGGTGGCAGGTGCCTGGAATCCCAGCTACTGAGGAGGCTGAGGCAGGAGAATCACTTGAACCCGGGAGGCAGAGGTTGCAGTGAGCCGAGATTGCACCATTGTACTCTAGCCTGGGCCACAGAGCAAGACTCCATCTCAAAAAAAAAAAAAAAAAAAAA","GACCGGGCACGGTGGCTCACACCTGCAATCCCAGCACTTTGGGAGGCCGAGGAGGGCGGATCACCTGAGGTCAGGAGTTCGAGACCAGCCTGGCCAACGTGGAGAAACCCCATCTCTACTAAAAATACAAAATTAGCCAGGCGTGGTGGCAGGTGCCTGTCATCCCAGCTACTCGGGAGGCTGAGGTAGGAGAATCGCTTGAACCCGGGAGGCAGAGGTTGCAGTGAGCCGAGATCGTGTCATTGCACTCCAGCCTGGGCGACAGAGCAAGACTCCATCTCAAAAAAAAAAAAAAAAAAAAA"
"chr1","9142641","9142953","chr3","52310578","52310878","43","43167937","GCCGGGCACGGTGGCTCACACCTGCAATCCCAGCACTTTGGGAGGCTGAGGTGGTTAGATCACCTGAAGTCAGAAGTTTGAGACCAGCCTGGCCAACATGGCGAAACCCCATCTCTACTAAAAATACAAAAAAATTAGTCGGACGTGGTGATGGGCACCTGTAATCCCAGCTACTGGGGAGGCTGAGGCAGGAGAATCACTTGAACCAGGGAGATGGAGGTGGCAGTAAGCCGAGATCGCGCCACCGTACTCCAGCCTGGACAACAGAGTGGGACTCCGTCTCAAAAAAAAGCAAAACAAACAAACAAAAAAA","GCCGGGCATCGTGGCTCACACCTGTAATCCCAGCACTTTGGGAGGCCGAGGGGGGTGGATCACCTGAGGTCAGGAGTTCGAGACCAGCCTGGCCAACATAGAAACCCCATCTCTACTAAAAATACAAAAAATTAGCCAGACGTGGTGGTGGGCGCCTGTAATCCCAGCTACTTGGGAGGCTGAGGCAGAGAATTGCTTGAACCCGGGAGGTGGAGGTTGCAGTGAGCTGAGATCACGCCACTGCACTCCAGCCTGAGCGACAGGGAGACCCCGTCTCAAAAAAAAAAAAAAAAAAAAAAAA"
"chr1","9157300","9157611","chr20","122629364","122629675","39","113472064","GACCAGGTGTGGTGACTGACGCCTGTAATCCCAGCACTTTGAGAGGCCGAGGCGGGTGGATCACTCTAAGTCAGGAGTTTGTGACCAGCCTGATCAACATGGTGAAACCCCATCTCTACTAAAAACACAAAAATTAGCTGGGCGTGGTGGCTGGCGCCTATAATCCCAGCTACTTGGGAGGCTGAGGCAGGAGAATCGCTTGAACCCAAGAGGCAGAAGTCACAGTGAGCCAAGATCGCGCCATTGCACTCCAGCCAGGGTGACAGTGCGAGACTCAGTTTCAAAAAAAAAAAAAAAAAAAAAAAAAAAAAA","GGCCAGGTGTGGTGGCTCACACCTGTAATCCCAGCACTTTGAGAGGCTGAGGCGGGTGGATCACTTGAAGTCAGGGGTTTGTGACCAGCCTGATCAACACGGTGAAACCCCGTCTCTACTAAAAATACAAAAATTAGCTGCGTGTGGTGACTGGCGCCTGTAATTCCAGTTACTCAGGAGGCTGAGGCAGGAGAACTGCTTGAACCTGGGAGGTGGAGGTTGCAGTGAGCCGAGATCACGCCACTGCACTCCAGCCAGGGTGACGGTGTGAGACTCAGTCTGAAAAAAAAAAAAAAAAAGAAAGAAAAGAAA"
"chr1","9157977","9158273","chr20","122628390","122628685","37","113470413","GGGTGCGGTGGTTCATGCCTGTAATCCCAGCACTTTGGGAGGTCGAGGTGGGCAGATCACTTGAGATCAGGAGTTCGAAAACAGCCTGGGCAACATAGTGAATGAAACCCTGCCTCCACTAAAAATACAAAAATTAGCCAGGCATGGTAGCGGGCGCCTGTAGTCCCAGCTACTCGGGAGGCTGAGGCAGGAGAATCGCTTGAACCTGGGAAGCAGAGGTTGCAGTGGGCCAAGATCAAACCACTGCACTCCAGTCTGGGCAAGATAGTAAGACTCTCCCAAAAAAAGAAAAAACAA","GGGCATGGTGGCTCAAGCCTGTGATCCCAGCACTTTGGGAGGTTGAGGCGGGCAGATCACTTGAGGTCAGGAGTTCGAGAACAGCCTGAGCAACATAGTGAAACCCTGCCTCCACTAAAAATACAAAAATTAGCCAAGTGTGGTAGTGGGCACCTGTAGTCCCAGCTACTCGGGAGGTTGAGGCAGGAGAATCATTTGAACCTGGGAGGCGGAGGTTGCAGTGAGCTGAGATCAAACCATTGCACTCCAGTCTGGGCAACAGAGTGAGACTCCATCTCAAAAAAAAGAAAAAATAA"
"chr1","9165342","9165600","chr19","5663052","5663312","48","3502290","GGCCGAACACGGTGGCTCACAACTGTAGTCCCAGCACTTTGGGAGGGAAGGCAGGCAGATCATCTGAGGCCAGGGGTTCGAGACCAGCCTGGCCAACATGGCGAAACCCCGTCTCTACTAAAAATATAAAAAATTAGCCGGGCATGGTGATGGGTGCCTGTAATCACTGTGGGAGGTTACAGTGAGCCGAGATCACACCATTGCACACCAGCCTGGACGACAGAGTGAGACTCCATCTAAAAAAAAAAAAAGAAAGAAA","GGCCAGGCGTGGTGGCTCACGCCTGTAATCCCAGCACTTTGGGAGGCCAAGGCAGGCAGATCAATTGAGGCCAGGAATTTGAGACCAGCCTGGCCAATATAGTGAAACCCTGTCTCTACTAAAAATATAAAAATTAGTCGGGCGTGGTGGTGGGTGCCTGTAATCCCAGTTACTCAGGTTGCAGTGAGCCGAGATTGCACCACTGCACGTAGGCCTGGATGACAGAGTAAGACTTTGTCTCAAAAAAACAAACAAAAAAAA"
"chr1","9169274","9169583","chr11","35682164","35682469","33","26512890","GGCCGGGCCCGGTGGGTCAGGCCTGTAATCCCAGCACTTTGGGAGGCGAAGAAGGGCAGATCACCTGAGGTCAGGAGTTCAAGACCAGCCTGGTCAACATGGTGAAACCCCATCTCTACTAAAAATACAAAAATTAGCCGGGTGTGGTGATGGGCACCTGTTATCCTAGCTACTAGGGAGGCTGAGGCAGGAGAATCGCTTGAACCTGGGAGGCAGAGGTTGCAGTGAGCCAAGATTGCACCACTGCACTCCAGCCTGGGTGACAAAACGAGACTCCGTCTCAAAAAAAAAAAAAAAAAGAAAAAAGAAA","GCTGGGCATGGTGGTTCACGCCTGTAACCCCAACACTTTGGGAGGCCAAGAAGGGCAGATCACCTGAGGTCAGGAGTTCAAGACCAGCCTGGCCAACATGGTGAAACCCCTTCTCTACTAAAAATACAAAAATTAGCCAAGTGTGGTAGCGGGTGCCTGTAATCCCAGTTACTTGGGAGGCTGAGGCAGGAGAATCACTTGAACCCGGGAGGCAGAGGTTGCAGTGAGCCAAGATGGCACCACTGCACTCCAGCCTGGGTGACAGAGTGAGATCCATCTTAAAAAAAAAAAAAAAAAAAAAAAAAA"
"chr1","9182609","9182921","chr20","122607904","122608217","28","113425295","GGCCGGGTGCGGTGGCTCACACCGGTATATCCCACGGCTTTGGGAAGCTGAGGTGGGTGGATCACTTCAGGTCAGGAGTTTGAGACCAACCTGGGCAACATGGTGAAACCCCTGTCTCTACTAAAAACACAAAAACTAGCCGGGCATGGTGGCAGGTGCCTGTAATCCCAACTACTTGGGAGGCTGAGGCAGGAGGATTGTTTGAACCCATAAGGCGGAGGTTACAGTGAGCCGAGATGGTGTCACTGCACTCCAGACTGGGTAACAGAGGAAGACTCTGTCTCAAAAAAAAAAAAAAAAAAAAAAAAAAGAA","GGCCGGGTGCAGTGGCTCACGCCTGTATATCCCAGCACTTTGGAAGGCTGAGGTGGGCGAATCACTTGAGGTTAGGAGTTTGAGATCAACCTGGGCAACATGGTGAAACCCCTATCTCTGCTAAAAACACAAAAACTAGCAGGACATGGTGGCAGGTGCCTGTAATCCCAACTACTCGGGAGGCTGAGGCAGGAGGATTGTTTGAACCCGTAAGGCGGAGGTTACGGTGAGCCGAGATGGTGTCACTGCACCCCAGCCTGGGTAACAGAGTAAGACTCTGTCTCAAAAAAAAAAAAAAAAGAAGAAGAAGAAGA"
"chr1","9197280","9197570","chr20","122594096","122594386","17","113396816","GGCCGGGCACGGTGGCTCACGCCTGTAATCTCAGCACTTTGGGAGGCCGAGGTGGGTGGATCCCCTGAGGTCAGGAGTTCGAGACCAGCCTGACCAACATGGTGAAATCCCGTCTCTACTAAAAATACAAAAAATTAGCCATGCGTGGTGGCGGGTGCCTGTAATCCCAGCTACTCGGGAGGCTGAGGCAGGAGAATCACTTGAACCCAGGAGTGGAGATTGCTGTGAGCTGAGATCGTGCCACTGCACTCCAGCCTGGGTGACAGAGCAAGTCTCTGTTTTTAAAAAAAA","GGCCGGGCATGGTGGCTCACACCTGTAATCGCAGCACTTTGGGAGGCTGGGGTGGGTGGATCACCTGAGGTCAGGAGTTCGAGACCAGCCTGACCAACATGGTGAAACCCCATCTCTACTAAAAATACAAAAAATTAGCCACGCGTGGTGGTGGGTGCCTGTAATCCCAGCTACTCGGGAGGCTGAGGCAGGAGAATCACTTGAACCCAGGAGGTGGAGATTGCTGTGAGCTGAGATCGTGCATCTGCACTCCAGCCTGGGTGACACAGCAAGTCTCAGTTTCAAAAAAAA"
"chr1","9212911","9213201","chr12","100791254","100791544","34","91578343","GCAGGGCACGGTGGCTCACGCCTGTAATTCCAGCGCTTCGGGAGGCCGAGGTGGGTGGATCACTTGTGGTCAGGAGTTCGAGACCAGCCTGACCAACATGGTGAAACCCCATCTCTAGTAGAAATACAGAAATTAGCCAGGCATGGTGGCGGGCGCCTGTAGTCCCAGCTACTCAGGAGGCTGAGGCAGGAGAATCGCTTGAACGCAGGAGGCGGAGGTTGCAGTGAGCTGAGATCATGCCACTGCACTCCAGCCTGAGCGACGGAGACTCTGTCTCAAAAAAAAAAAAAA","CCTGGCACGGTGGCTTACGCCTGTAATCCCAGCACTTTGGGAGGCCAAGACAGGAAGATCATGAGGTCAGGAGTTTGAGACCAGCCTGACCAACATGGTGAAACCCCATCTCTACTAAAAACACAAAAATTAGCCAGCCATGGTGGCGGGCACCTGTAATCCCAGCTACTCAAGAGGCTGAGGCAGGAGAATCGCTTGAACCCAGGAGGCGGAGGTTGCAGTGAGCTGAGATCGTGTCACTGTACTCCAGCCTGGGTGACAGCGAGACTCTGTCTCAAAAAAAAAAAAAAA"
"chr1","9215141","9215310","chr20","122576393","122576567","24","113361252","TTAGCTGGGCCTGGTGGCGGGCACCTGTAATCCCAGCTACTCAGGAGGCTGAGGCAGGAGAATTGCTTGAACCCAGGAAGTGGAGGCTGTAGTGAGCAGCTGACCTCCAGCCTGGGTGACAGAGTGACACTCTGTCTCAAAGAAATTAAAAAAAAAAAAAAAAAGTAAAA","ACAAAAATTAGCTGGGTCTGGTGATGGGCACCTGTAATTCCAGCTACTCAGGAGGCTGAAGCAGGAGAATCGCTTGAACTCAGGAGGCGGAGGTTGTAGTGAGCTACTGCCCTCCAGCCTGGGTGACAGAGTGACGCTCTGTCTCAAAGAAATTAAAAAAAAAAAAAAAGAAAAA"
"chr1","9259273","9259569","chr20","122536250","122536550","36","113276977","GCCAGGTACGGTGGCTCACACCTGTAATCCCAGTACTTTGGGGACTGAGGCAGGTGGATAACCTGAGGTCAGGAGTTTGAGACCAGTCTGGCCAACATGGTGAAAACCTGCCTCTACTAAAAAAAAAAAAAAAAAAAAAAGCTAGGGATAGTGGCAGACGCCTGTAATCCCAGCGACTCGGGAGGCTGAGGCAGGAGAATTGCTTGAACACAGGAGGCAGAGGTTGCAGTGAGCCGAGATCTTGCCACTGCACTCCAGCCTGGGTGACAGAGCAAGACTGTCTCAAAAAAAAAAGAA","GGCCAGGCGCAGTGGCTCACACCTGCAATCCCAATACTTTGGGGGACTGAGGCAGGTGGATAACCTGAGGTCAGGAGTTTGAGAGCAGCCTGGCCAATATGGTAAAACCTTGCCTCTACTAAAAAAAAAATAAAATTAGCTGGGCACAGTGGCAGGTGCCTGTAATCCCAGCAACTTGGGAGGCTGAAGTAGGAGAATTGCTTGAACACGGGAGGCAGAGGTTGCAGTGAGCCGAGATCTCGCCACTGCACTCCAGCCTGGGTGACAGAGCAAGACTGTCTCAAAAAAAAAAAAAAAAGAA"
"chr1","9260479","9260773","chr6","12817354","12817649","36","3556875","GGCCCAGCGCAGTGGCTCATGCCTATAATCCCAGCACTTTGGGAGGCCGAGGCGGGCAGATCACCTGAGGTCAGGAGTTCGAGACCAGCCTGGCCAACACAGTGAAACCCCGTCTCTACTAAAAAATACAAAAATGAGCCAGGCGTGGTGGCAGGCGCCTGTAATCCCAGATACTCGGGAGGCTGAGGCAGGAAAATCACTTGAACCCAGGAGGCAGAGATTGCAGTGAGGATTGTACCACTGCACTCCAGCTTGGGCCACAGAGCGAGAGTCCGTCTCAAGAAAAAAATAAAAA","GGCCAGGCGCGGTGGCTCATGCCTATAATCCCAGCACTTTGGGAGGCTCAGGCGGGCAGATCACCTGAGGTCAGGAGTTTGAGGCCAGCCTGGCCAACATGGCGAAACCCCGTCTCTACTAAAAATACAAAAATGAGTGGGGTGTGGTGGCGGGCGCCTGTAATCCCAGCTACTTGGGAGGCTGAGGCAGGAGAATCACTTGAACCTGGGAGGCAGAGGTTGCAGTGAGCTGAGATTGCACCACTGCACTCCAGCCTGTGTGACAGAGCGAGACTCTGTCTCAAAACAAATAAAAA"
"chr1","9260870","9261164","chr9","86506894","86507191","38","77246024","CCAGGCTCAGTGGCTCGTGTCTGTAATCCCAGCACTTTGGGAAGCTGAGGTGGGTGGATCACTTGAGGTCAAGAGTTTAAAACCAGCCTGGCCAACATGGTGAAACCCCGTCTCTACTAAAAATACAAAAAAATTTGCCGGGCATGGTGGCGGGTGCCTGTAATCCCAGCTACTGGGAGGCTGAGGTAGGAGAACAGCTTGAACCCAGGAGGTGGAGGTTGCAGTGAGCCGAGATTGCACCAGTGCACTCCAGCCTGGGTGACAGCAAGAGACTCCACCACAAAAAAAAAAAAAA","GACTGGGCTCAATGGCTCATGCCTGTAATCCCAGCACTTTGGGAGGCGGAGGCAGGTGGATCACCTGAGGTCAGGAGTTTGAGACCAGCGTGGCCAACATGGTGAAACCCCGTCTCTACTAAAAATACAAAAAAATTAGCCGGGCGTGGTGGCAGGTGCCTGTAGTCCCAGCTACTAGGGAGGCTGAGGCAGGAGAATGGCGTGAACCCGGGAGGCGGAGTTTGCAGTGAGCCGAGATCGCGCCACTGCACTCCAGCTTGGGTGACAGAACAAGACTCCATCTCAAAAAAAAAGAAAA"
"chr1","9261717","9261970","chr16","7193790","7194053","41","2067927","GCCAGGCTTGGTGGCTCACACCTATAATCCCAGCACTTTGGGAGACCAAAGCGGGCAGATCACCTGAGGTTAGGAGTTTGAGACCAGCCTGACCAACATGGTGAAACCCCATCTGTACTAAAAAAACAAAAATAATCCAGGCGTGGTGGTGGGCACCTATAATCCCAGCTACTCGGGAGGCTGAGGCAGGAGAATTGCTTAAACCCAGGAGGCAGAGGTTGCAGTGAGCCAAGATTGTGCCACTGCTCTCCAGC","GGCCAGGCGTGGCGGCTCACGCCTGTAATCCCAGCACTTTGAGAGGCTGAGGCTGGCAGATCACCTGAGGTCAGGAGTTCGAGACTCGCCTGACCAACATGGCAAAACCCCATCTCTACTAAAAATACAAAAATCAGCCGGGCGTGGTGGCGGGCACCTGTAATCCCAGCTACTCGGGAGGCTGAGGCAGGAGAATCGCCTGAACCCAGGAGGCGGAGGTTGCAGTGAGCTGAGATTGCGCCACTGCACTCCAGCCTGGGTGAC"
"chr1","9277050","9277340","chr12","100791254","100791544","34","91514204","GCAGGGCACGGTGGCTCACGCCTGTAATTCCAGCGCTTCGGGAGGCCGAGGTGGGTGGATCACTTGTGGTCAGGAGTTCGAGACCAGCCTGACCAACATGGTGAAACCCCATCTCTAGTAGAAATACAGAAATTAGCCAGGCATGGTGGCGGGCGCCTGTAGTCCCAGCTACTCAGGAGGCTGAGGCAGGAGAATCGCTTGAACGCAGGAGGCGGAGGTTGCAGTGAGCTGAGATCATGCCACTGCACTCCAGCCTGAGCGACGGAGACTCTGTCTCAAAAAAAAAAAAAA","CCTGGCACGGTGGCTTACGCCTGTAATCCCAGCACTTTGGGAGGCCAAGACAGGAAGATCATGAGGTCAGGAGTTTGAGACCAGCCTGACCAACATGGTGAAACCCCATCTCTACTAAAAACACAAAAATTAGCCAGCCATGGTGGCGGGCACCTGTAATCCCAGCTACTCAAGAGGCTGAGGCAGGAGAATCGCTTGAACCCAGGAGGCGGAGGTTGCAGTGAGCTGAGATCGTGTCACTGTACTCCAGCCTGGGTGACAGCGAGACTCTGTCTCAAAAAAAAAAAAAAA"
"chr1","9279280","9279449","chr20","122576393","122576567","24","113297113","TTAGCTGGGCCTGGTGGCGGGCACCTGTAATCCCAGCTACTCAGGAGGCTGAGGCAGGAGAATTGCTTGAACCCAGGAAGTGGAGGCTGTAGTGAGCAGCTGACCTCCAGCCTGGGTGACAGAGTGACACTCTGTCTCAAAGAAATTAAAAAAAAAAAAAAAAAGTAAAA","ACAAAAATTAGCTGGGTCTGGTGATGGGCACCTGTAATTCCAGCTACTCAGGAGGCTGAAGCAGGAGAATCGCTTGAACTCAGGAGGCGGAGGTTGTAGTGAGCTACTGCCCTCCAGCCTGGGTGACAGAGTGACGCTCTGTCTCAAAGAAATTAAAAAAAAAAAAAAAGAAAAA"
"chr1","9320377","9320673","chr20","122536250","122536550","36","113215873","GCCAGGTACGGTGGCTCACACCTGTAATCCCAGTACTTTGGGGACTGAGGCAGGTGGATAACCTGAGGTCAGGAGTTTGAGACCAGTCTGGCCAACATGGTGAAAACCTGCCTCTACTAAAAAAAAAAAAAAAAAAAAAAGCTAGGGATAGTGGCAGACGCCTGTAATCCCAGCGACTCGGGAGGCTGAGGCAGGAGAATTGCTTGAACACAGGAGGCAGAGGTTGCAGTGAGCCGAGATCTTGCCACTGCACTCCAGCCTGGGTGACAGAGCAAGACTGTCTCAAAAAAAAAAGAA","GGCCAGGCGCAGTGGCTCACACCTGCAATCCCAATACTTTGGGGGACTGAGGCAGGTGGATAACCTGAGGTCAGGAGTTTGAGAGCAGCCTGGCCAATATGGTAAAACCTTGCCTCTACTAAAAAAAAAATAAAATTAGCTGGGCACAGTGGCAGGTGCCTGTAATCCCAGCAACTTGGGAGGCTGAAGTAGGAGAATTGCTTGAACACGGGAGGCAGAGGTTGCAGTGAGCCGAGATCTCGCCACTGCACTCCAGCCTGGGTGACAGAGCAAGACTGTCTCAAAAAAAAAAAAAAAAGAA"
"chr1","9321583","9321877","chr6","12817354","12817649","36","3495771","GGCCCAGCGCAGTGGCTCATGCCTATAATCCCAGCACTTTGGGAGGCCGAGGCGGGCAGATCACCTGAGGTCAGGAGTTCGAGACCAGCCTGGCCAACACAGTGAAACCCCGTCTCTACTAAAAAATACAAAAATGAGCCAGGCGTGGTGGCAGGCGCCTGTAATCCCAGATACTCGGGAGGCTGAGGCAGGAAAATCACTTGAACCCAGGAGGCAGAGATTGCAGTGAGGATTGTACCACTGCACTCCAGCTTGGGCCACAGAGCGAGAGTCCGTCTCAAGAAAAAAATAAAAA","GGCCAGGCGCGGTGGCTCATGCCTATAATCCCAGCACTTTGGGAGGCTCAGGCGGGCAGATCACCTGAGGTCAGGAGTTTGAGGCCAGCCTGGCCAACATGGCGAAACCCCGTCTCTACTAAAAATACAAAAATGAGTGGGGTGTGGTGGCGGGCGCCTGTAATCCCAGCTACTTGGGAGGCTGAGGCAGGAGAATCACTTGAACCTGGGAGGCAGAGGTTGCAGTGAGCTGAGATTGCACCACTGCACTCCAGCCTGTGTGACAGAGCGAGACTCTGTCTCAAAACAAATAAAAA"
"chr1","9321974","9322268","chr9","86506894","86507191","38","77184920","CCAGGCTCAGTGGCTCGTGTCTGTAATCCCAGCACTTTGGGAAGCTGAGGTGGGTGGATCACTTGAGGTCAAGAGTTTAAAACCAGCCTGGCCAACATGGTGAAACCCCGTCTCTACTAAAAATACAAAAAAATTTGCCGGGCATGGTGGCGGGTGCCTGTAATCCCAGCTACTGGGAGGCTGAGGTAGGAGAACAGCTTGAACCCAGGAGGTGGAGGTTGCAGTGAGCCGAGATTGCACCAGTGCACTCCAGCCTGGGTGACAGCAAGAGACTCCACCACAAAAAAAAAAAAAA","GACTGGGCTCAATGGCTCATGCCTGTAATCCCAGCACTTTGGGAGGCGGAGGCAGGTGGATCACCTGAGGTCAGGAGTTTGAGACCAGCGTGGCCAACATGGTGAAACCCCGTCTCTACTAAAAATACAAAAAAATTAGCCGGGCGTGGTGGCAGGTGCCTGTAGTCCCAGCTACTAGGGAGGCTGAGGCAGGAGAATGGCGTGAACCCGGGAGGCGGAGTTTGCAGTGAGCCGAGATCGCGCCACTGCACTCCAGCTTGGGTGACAGAACAAGACTCCATCTCAAAAAAAAAGAAAA"
"chr1","9322821","9323074","chr16","7193790","7194053","41","2129031","GCCAGGCTTGGTGGCTCACACCTATAATCCCAGCACTTTGGGAGACCAAAGCGGGCAGATCACCTGAGGTTAGGAGTTTGAGACCAGCCTGACCAACATGGTGAAACCCCATCTGTACTAAAAAAACAAAAATAATCCAGGCGTGGTGGTGGGCACCTATAATCCCAGCTACTCGGGAGGCTGAGGCAGGAGAATTGCTTAAACCCAGGAGGCAGAGGTTGCAGTGAGCCAAGATTGTGCCACTGCTCTCCAGC","GGCCAGGCGTGGCGGCTCACGCCTGTAATCCCAGCACTTTGAGAGGCTGAGGCTGGCAGATCACCTGAGGTCAGGAGTTCGAGACTCGCCTGACCAACATGGCAAAACCCCATCTCTACTAAAAATACAAAAATCAGCCGGGCGTGGTGGCGGGCACCTGTAATCCCAGCTACTCGGGAGGCTGAGGCAGGAGAATCGCCTGAACCCAGGAGGCGGAGGTTGCAGTGAGCTGAGATTGCGCCACTGCACTCCAGCCTGGGTGAC"
"chr1","9329775","9330063","chr20","122528537","122528840","34","113198762","GGCCAGGCGCAGTGGCTTACGCCTATAATCCCAGCACTTTGGGAGGCTGAGGCAGGAGGATCATTGGAGGTCGGGAGTTTAAAACCAGCCTGGCCAACATGGTGAAACCCCGTCTCTACTAACAATACAAAAATTAGCCAGGCGTGGTGGCAGGTGCCTGTAATCCCAGCTACTTGGGAGGCTGAGGGAGCAGAATCACTTGAACCTAGGAGGCGAACGTTGCAGTGAGCTGAGATCGCGCCCCTGGGCAACAGAGAAAGACTCCATCTCAAAAAAAAAAAAAAGAGAA","GGCCAGGCGTGGTAGCTCATGCCTATAATCCCGGCACTTTGGGAGGCTGAGGCAGGAAGATCACTGGAGGTCGGGAGTTTAAAACCAGCCTGGCCAACATGGTGAAACCCCGTCTCTACTAAAAATACAAAAATTAGCCAGGCGTGGTGGCAGGTGCCTATAATCCCAGCTATTTGGGAGACTGAGGGAGGAGAATCACTTGAACCCAGGAGGTGAAGGTTGCAGTGAGCTGAGATCGTGCCACTGCACTCCAGCCTGGGGAACAGAGCGAGACTCCATCTCAAAAAAAAAAAAAAAGAGAGAA"
"chr1","9331594","9331863","chr2","78507720","78507991","41","69176126","CCTGTAATCCCAGCACTTTGGGAGACTGAGACGGGAGGACTACTTGAGCCCAGGAGATTGAGACCAGCCTGGGCAACATGGCAAAAACCCGTTTCTACTAAAAATACAAAAGTTAGCTGGGTGTGGTGGCGGGTGCCTGTAATCCCAGCTACTTGGGAGGCTGAGGCAGAATAATTGCTTGAACCCAGGAGGCGGAGTTGCAGTGAGCAGAGATTGAACCACTGCACTCCAGCCTGGGTGACAGAGTAAGACTCCGTCTCAAAAAAAAAA","CCTGTAATCCCAGCACTTTGGGAGGCCGAAGCAGGTGGATCACTTGATGTCAGGAGTTTGAGACCAGCCTGGCCAACATGGTAAAACCCCATCTCTACTAAAAATACAAAAATAAGCCAGGCACGGTGGTGGGCACCTGTAGTCCCAGCTACTTGGGAGGCTGAGGCAGGAGAATCACTTGAACCCAGGAGGCGGAGGTTGCAGTGAGCCAAGATTGTGCCATTGCACTCCTGCCTGGGTGACAGAGTGAGACTCCGTCTCAAAAAAAAAAA"
"chr1","9358404","9358710","chr20","122501424","122501726","31","113143020","GGCTGGGCGCGGTGGCTCACGCCTGTAATCCCAGCACTTTGGGAGGCTGAGGTGGGTAGACTGCCTGAGCTCAGGAGTTCGAGACCAACCTGGGCAACATGGTGAAACCCTGCCTCTACTAAAACACAAAAATTAGACAGGCATGGTGGCCGGCGCCTGTAGTCGCAGCTACTCGGGAGGCTTAGGCACGAGAATTGCCTGAACCCGGGAGGCGGAGGTTGTAGTGAGCCAAGATCTCGCCACTGGGCTCCAGCCTGGGCGACAGAGACTCTGTCTCAAAAAAAAAAAAAAAAAAAAAAAAAAGAGA","GCTGGGTGTAGTGGCTCACGCCTATAATCCCAGAACTTTGGGAGGCTGAGGTGGGTAGACTCCCTGAGTTCAGGAGTTCGAGACCAGCCTGGGCAACATGGTGAAACCTTGTCTCTACTAAAATACAAAAATTAGGCAGGCGTGGTGGCCGGCGCCTATAGCACTAGCTACTCGGGAGGCTGAGGCACAAGAATTGCTTGAACCCGGGAGGTGGAGGTTGTAGTGAGCCAAGATCTCGCCACTGTGCTCCAGCCTGGGCGACAGAGAGACCGTCTAAAAAAAACAAAAAGAAAAAAAAAAAAA"
"chr1","9365815","9366106","chr15","4942661","4942952","37","4423154","GCCAGGTGCGGTGGCTCACGCCTGTAATCCCAACACTTTGGGAGACCGAGGCAGGCAGATTATCTGAGGTCAGGAGTTCGAGATTAGCCTGACCAACATGGCGAAACCTCGTCTCTACTAAAAATACAAAAATTAGCTGGGTGTGGTGGCAGATGCCTGTAATCCCAGCTGCTGGGGAGGCTGAGACAGGAGAATCGCTTGAACCCAGGAGGTGGGGGTTGCAATGAGCTCTAATCACGCCACTGCACTCCAGCCTGGGGGGACAGAGCGAGACTCTGTCTCAAAAAAAAAA","GGCCGGGCGCGGTGGCTCATGCCTGTAATCTCAACACTTTGGGAGCTGAGGCAGGTGGATCACCTGAGGTCAGGAGTTCAAGACCAGCCTGGCCAACATTGTGAAACCCCGTCTCTACTAAAAATACAAAAATTAGCTGAGTGTGGTGGCAGGCGCCTATAATCCCAGCTACTTGGGAGGCTGAGACAGGAGAATCGCTTGAACCCGGGAGGCAGAGGTTGCAGTGAGCCAAGATCACACCACTGCACTCCAGCCTGGGAGATAGAGCGAGACTCTGTCTCAAAAAAAAAAA"
"chr1","9379288","9379581","chr20","122478733","122479025","32","113099445","GACTGGGTGTGGTGGCTCACACCCGTAATCCCAACACTTTGGGAGGCTGAGGCAGGCAGATCACTTGAGCTCAGGGGTTCGAGACCAGCCTGGCCAACATGGTGAAACCCCATCTCTACTAAAAAATACAAAAATTAGCCAGGCATGGTGACGGGTGCCTGTAGCTCCAGCTACTAGGGAGGCTGAGGCAGGAGAATCCCTTGAACCTGGGAGGTGGAGGTTGCAGTGAGCCAAGATCATGCCACTACACTCTAGCCTGGTCAACAGAGTGAGACTCCCTCTGAGAAAAAAGAA","GACTGGGTGCGGTGGCTCACACTTGTAATCACATCACTTTAGGAGGCCCAGGCAGGCAGATCACGTGAGCTCCAGGAGTTTGAGACCAGCCTGGCCAACATGGTGAAACCCCATCTCTACTAAAAATACAAAATTAGCCAGGCGTGGTGGCGGGTGCCCCTAGCCCCAATTCCTAGGGAGGCTGAGGCAGGAGAATCGCTTGCACCCAGGAGATGGAGGTTGCAGTGAGCCAAGATCATGCCACTGCACTCTAGCCTGGGCAATAGAGGGAGACTCCATCTGAGAAAAAAGAA"
"chr1","9405763","9406072","chr20","122452751","122453045","31","113046988","GGCCAGGCGCTGTGGCTCACGCCTGTAATCCCAACATTTTGGGAGGCCTAGGCGGGCGGATCATTTGAGGTCAGGAGCTTGAGACCAGCCTGGCCAACATGGTGAAATCCCTTTTCCACTAAAAATACAAAAATTAGCCAGGTGTGGTGGCGGGCACTTGTTATCCCAGCTACCTGGGAGGCTGAGGCAGGAGAATTGCTTGAACCAAGGAGGCAGAGGTTGCAGTGAGCTGAGATCGCACTACTGCACTCCAGCCTGGGCAACAGATTGAGACTCTATCTCAAAAAAAAAAAAAAAAAAAAAAAAAAAA","GGCCGAGTGCGGTGGCTCATGCCTGTAATCCCAACATTTTGGGAGGCCTAGGTGGGCGGATCACTTGAGGTCAGGAGCTTGAGACCAGCCTGGCCAACATGGTGAAATCCCTTTTCCACTAAAAATACAAAAATTAGCCAGGTGTGGTGGCGGGCACTTGTTATCCCAGCTACCTGGGAGGCTGAGGCAGGAGAATTGCTTGAACCCGGGAGGCGGAGGTTGCAGTGAGCTGAGATCCCACCACTGCACTCCAACCTGGGCGACAGATTGAGACTCCATCTACAAAAAAAAAAAA"
"chr1","9425973","9426275","chr13","90170409","90170709","39","80744436","GACCAGGCACGGTGGCTCATGCCTGTAATCCCAGCACTTTTGACAGGTTGAGGCGGGCGGATCACCTGAGGTCAAGAGTTCGAGAGCAGCCTGGCCAACATGGTGAAATCCCATCTCTACTAAAAATACAAAAATTAGACAGGTGTGGTGGTGGGCGCCTGTAATCCCAGCTACTCGGGAGGCTGAGGCAGGAGAATTGCTTGAGCCCGGGAAGCGGAAGTTGCAACGAGCCGAGATCGCACCACCACACTCCAGCCTGGGCAACAGAACAAGACTCTGCCTCAAAGAATAAATAAAATAAAA","GGCCAGGCACGGTGGCTCGTGCCTGTAATCCCAGCACTTTGGGAGGCTGAGGCAGGTGGATCACCTGAGGTCAGGAGCTCGAGACCAGCCTGGCCAACATCGTGAAACCCCGTCTCTACTAAAAATACAAAAATTATTCAGGTGTGGTGGCAGGCACCTGTAATCCCAGCTACTCAGGAGGCTGAGGCAGGAGAATTGCCTGAACCCGGGAGGCGGAGGTTCCAGTGAACCGAGATTGTGCCACGGCACTCCAGCCTAGGCAACAGAGCAAGACTCTGTCTCAAAATAAATAAAAATAAAA"
"chr1","9441170","9441467","chr1","68469032","68469335","35","59027862","CGCGGTGGCTCACGCCTGTAATCCCAGCACTTTGAGAGGCCGAGGTGGGCAGATCACCTGAGGTCAGGAGTTTGAGACCAGTCTGGCCAACATAGTGAAACCCCATCTCTACTAAAAATACAAAAATAAGCTGGGCCTGGTGGTGAGCACCTGTAATCCCAGCTACTCGGGAGGCTGAGGCAGGAGAATCACTTGAACCCAGGAGGTGGAGGTTGCAGTGAGCCGAGATCGCACCACTGCACTCGAACCTGGGCGACAGTGCGAGATTCTGTTTAAAAAAAAAAAAAAAAAAAAAAAA","GGCCAGGCGTGGTGGCTCAAGCCTGTAATCCCAGCACTTTGGGAGGCCGAGGCAGGGAGATCACCTGAGGTCAGGAGTTCGAGACCAGCCTGGCCAACATAGTGAAACCCGTCTCTACTAAAAATACAATAATTAGCCGGGTGTGGTGGTGGGCACCTGTAATCCCAGCTACTTGGGAGGCTGAGGCAGGAGAATCACATGAACCCAGGAGGCGGAGGTTGCAGTGAACTGAGATGGCACCACTACACTCCAGCCTGGGTGACAGAGTAAGATTCTGTTTAAAAAAAAAAAAAAAAAAAAAAAA"
"chr1","9447939","9448203","chr12","11854690","11854958","30","2406751","CCAGCACTTTGGGAGGCCAAGCCGGGTGGATCACCTGAGGTCAGGAGTTCAAGACCAGCCTGGCCAACATGGTGAAACCCCGTCTCTACTAAAAATACAAAAATTAGCCAGGCATGGTGGTGGGTGCCTGTAATCGTAGCTACTCGGGAGGCTGAGGCAGGAGAATCACCTGAACCCAGGAGGTGGAGGTTGCAGTGAGCCAAGATCACGCCACTGCACTCCAGCCTGGGCGACAGAGCAAGACTGCGTCTCAAAAAAAAAAGAA","AATCCCAGCACTTTGGGAGGCCAAGGAGGGTGGATCACCTGAGGTCAGGAGTTCAAGACCAGCCTGGCCAACATGGAGAAACCCTGTCTCTACTAAAAATACAAAAATTAGCCGGGTGTGGTGGCAGGTGCCTGTAATCCCAGCTACTCAGGAGGCTGAGGCAAGGAGAATCACTTGAACCCAGGAGCTGGAGGTTGCAGTGAGCTGAGATCGTGCCACTGCACTGCAGCCTGGGCGACAGAGCAAGACTCCATCAAAAAAAAGAGAAA"
"chr1","9473379","9473667","chr26","8664125","8664411","51","809254","GCCAGGCATGTTGGCTCACACCTGTAATCCCAGCATTTTGGGAGACCAAGGCAAGTCGAGACCAGCCTGGCCAACAACATAGTGAAACCCCGTCTATACTAAAATACGAAAATTAGCTGGGCGTAGTGGCGGGTGCCTATAATCCCGCTACTCGGAAGGCTGAGGTAGAAGAATCGCTTGAACCCGGGAGGCAGAAGTTGCAGTGAGTGGAGATTGCGCCACTGCACTCCAGCCTGGGCGACAGGGCAAGACTACATCTCAAAAAAAAAAAGAAGAAGAAGAAGAAGAA","GCTGGGTGCGGTGGCTCATGCCTGTAATCCCAGCACTTTGGGAGGTCAAGAGATCAAGACCAGCCTGGCCAACATACTGAAACCCCGTCTCTACTAAAAATACAAAAATTAGCTGGGTGTGGTGGCGGGCACCTGTAGTCCCAGCTACTCGGGAGGCTGAGGCAGGAGAATCACTTGAACCTGGGAGGCAGAGGTTGCAGTGAGCTGAGATGGCAGCACTGCACTCCAGCCTAGGCGACAGATTAAGACTCCATCTCAAAAAAAAAAAAGAAAAGAAAAGAAAAGAA"
"chr1","9485417","9485705","chr2","18768386","18768675","40","9282969","CCAGGCACGGTAGCTCATGCCTGTAATCCCAGTACTTTGGGAGGCTGAGACAGTTGGATCACCTGAAGTCAAGACCAGCCTGGCCAACACGGTGAAACCCCGTCTCTACTAAATATACAAAAATTAGCCCAGCATGGTGGCAGGCACCTGTAATCCCAGCTATTTGGGAGGCCGAGGCAGGAGAATCGCTTGAACCTGGGAGTTGGAGTTTGCAGTGAGCAAAGATCTTGCCACTGCACTCCAGCCTGGGCAACAGAGCAAGACTCTGTCTCAAAAAAAAAAAAAAAAA","GCTGGGTGCAGTGGCTCACGCGTGTAATTCCAGCACTTTGGGAGGCCGAGCCAGATGGATCACCTGAGTTCGAGACCAGCCTGGCCAACATGGCGAAACCCCGTCTCTACTAAAAATACAAAAATTAGCCAGGTGTGGTGGCAGGCACCTGTAGTCCCAGCTACTCGGGAGGCTGAGGCAGGAGAATTGCTTGAAACTGGGAGGTAGAGGTTGCAGTGAGCCAAGATCGCGCCACTGCACTCCAGCCTGGGCAACAGAACAAGACTCCGTCTACAAAAAAAAAAAAAAAA"
"chr1","9493314","9493628","chr20","122367616","122367928","22","112874302","GGGCGTGGCAGCTCACATCTGTAATCTCAGCACTATGGGAGGCTGAGGTGGGCAGATCACCTGAGCTCAGGAGTTCGAGACCAGCCTGGCCAACATGGCGAAACCCCATCTCTACTAAAAATACAAAAATGAGCCAAGTGTGGTGGCGGGTGCCTGTAATCCCAGCTACTTGTAATCCCTTTAGGCTGTGGCAGGAGAATCGCTTGAACCTGGGAGGTGGAGGTTGCAGTGAGCCAAGATGGCGCCACCGCACTCCAGCCTGGGTGACAGAACAAGACTCTGTCTCAAAAATAAATAAATATAAAAATAAACAAA","GGGCACGGTGGCTCACACCTGTAATCTCAGCACTTTGGGAGGCTGAGGAGGGCAGATCACCTGAGCTCAGGAGTTCAAGACCAACCTGGCCAACATGGAGAAACCCCACTCTACTAAAAATACAGAAATTAGCCAAGTGTGCTGGTGGGTGCCTGTAATACCAGCTACTTGTAATCCCTTTAGGCTGTGGCAGGAGAATCGCTTGAACCTGGGAGGCAGAGGTTGCAGTGAGCCAAGTGGCGCCACTGCACTCCAGCCTGGGCGACCGAACAAGACTCTGTCTCAAAAATAAATAAATATAAAAATAAACAAA"
"chr1","9509840","9510072","chr9","61704066","61704306","44","52194226","GGTCGGGCACAGTGACTCATGCCTGTAATCCCAGCAGTTTGGGAGGCCGAGGCAGACAGATCACTTGAGGGAAGGAGTTCAAGACCAGCCTGGCCAACATGGCAAAACCCCATCTCTACTAAAAATACAAAAATTAGCAAGGCGAGGTGGCAGTCGCCTGTAATCCCAGCTACTCGGGAAGCTGAGGCAGGAGAATCGCTTGAACCCAGGAGGTGGAGGTTGCAGTGAGCCAA","GGCCGGGCGCAGTGGCTCATGCCTGTAATCCCAGCACTTTGGGAGGCTGAGGTGAGTGGATCACTTGAGGTCAGAAGTTTGAGACCAGCCTGGCCACCATGGTGAAATCCCATCTCTACTAAAAATACAAAAATTAGCCAGGCGTGGTGGTGGGCACCTTTAATCTCAGCTATCCAGGAGGCTGAGGCAGGAGAATTGCTTGAACCCAGGAGGAGGAGGTTGTGGTGAGCTGAGATCATGC"
"chr1","9510264","9510572","chr20","122348811","122349123","35","112838547","GGCTGGGCGCAGTGTCTCACACCTGTAATCCCAGCGCTTTGGGAGGCTGAGGCGGGCAGATCACCTAAGGACAGGAGTTTGAGACCAGCCTGGCCAACATGGTGAAACCCCGTCTCTACTAAAAATACAAAATTAGGTGGGCATGGTGGCTGGCGCCTGTAATCCCAGCTACTTGGGAGGCTGAGGCAGGAAAATCGCTTGAATCTGGGAGGCAGAGCTTGCAGTGAGCTGAGATTGGGCCACTGCACTCCAGCCTGGGTGACAGCAAGATTCCGTTTCAAAAACAAACAAACAAACAACAACAACAAA","GGCTGGGCGCGGTGTCTCACGCCTGTAATCCCAGCACTTTGTAATCCCAGCACTTTGAGGCAGGCAGATCACCTAGGGACAGGAGTTTGAGACCAGCCTGGCCAACATGGTGAAACCCCGTCTCTACTAAAAATACAAAATTAGGTGAGCATGGTGACTGGCACCTGTAATCCCAGCTACTTGGGAGGCTGATGCAGGAAAATTGCTTGAATCTGGGAGGCAGAGGTTGCCGTGAGCTGAGATTGGGCCACTGCACTCCAGCCTAGGCGACAGAGCAAGATTCCATTTTAAAAACAAACAAACAACAACAAAA"
"chr1","9522641","9522795","chr6","49269758","49269925","24","39747117","GGGTGCTTGCAGTCCCAGCTACTCGGGAGGCTGAGGCAGGAGAATTGCTTGAACCCGGGAGGCAGAGTTTGCAGTGAGCCGAGATCTCGCCATTGCACTCCAGCCTGGTTGACAGAGCAAGACTCTGTCTCAAAAAAAAAAAAAAAAAAAAAAAA","TGGTGGCGGGCGCCTGTAACCCCAGCTACTCGGGAGGCTGAGGCAGGAGAATTGCTTGAACCTGGGAGGCGGAGGTTGCAGTGAGCCGAGATCGCGCCACTGCACTCCAGCCTGGGCGACAGAGCAAGACTCTGTCTCAAAACAAAAACAAAAACAAAAACAAACAAA"
"chr1","9525593","9525876","chr20","122334044","122334341","40","112808451","AATCCCAGCACTTTGAGAGGCCAAAGCAGATGAACCACCTGAGACCAGGGGTTCAAGACCAGCCTGGCCAACATAGCAAAACCCCGTTTCTACTAAAAATACAAAAATTAGCCAGGTGTGGTGGTGGGCGCCTGTAGTCCCAGCTACTGGGGAGGCTGAGGCAGGAGAATCTCTTGAACCCGGGAGGCGGAGGTTGCAGTGAGCCCACATGGGGCCACTGCATTCCAGCCTAGGCCACAGGGTGAGACTCCATCTCAAAAAAAAAAAAAAAAAAAAAAAAAAAA","AATCCCAGCACTTTGAGAGGCCAAAGTGGGTGAACCACCTGAGGTCAGGAGTTCAAGACCAGCCTGGTTAACATAGCAAAACCCCGTTTCTATTAAAAATACAAAAATTAGCCAGGTGTGGTGGCGGGCGCCTATAGTCCCAGGCTACTCTTGGGAGGCTGAGGCAGGAGAATCACTTGAACCTGGGAGGCAGAGGTTGCAGTGAGCCGAGATGGGGCCGCTGCACTGTAGCCTGGGCCACAGAGCGAGGCTCTATCTCAAACAAACAAACAAACAAACAAACAAACAAACAAACCAA"
"chr1","9525877","9526137","chr20","122333723","122333986","41","112807846","CTTTGGGAAGCCGAGGCAAGTGGATCACCTGCGGTCAGGAGTTCGAGACCACCCTGGCCAATGTGGTGAAACCTTGTCTCTACTAAAAATACTAAAATTAACCGGGCGTGGTGGCGGGCACCTATAGTACCAGCTATCCAGGAGGCTGAGGCGGGAGAGTTGCTTGAACCTGGGAGGCAGAGGTTGCAGATCACACCACTGCACTCCAGCCTGGGCAACAGAACTAGATTCCGTCTCAAAAAAAAAAAAAAAAAAAAAAAA","CTTTGGGAAACTGAGGCAAGTGGATCACCTGAGGTCAGGAGTTTGAGACCACCCTGGCCAATGTGGTGAAACCCCATCTCTACTAAAAATACTAAAATTAGCCGAGCATGGTGGTGGGTACCTATAGTCCCAGCTACTCAGGAGGCTGAGGCAGGAGAATCGCTTGAACCTGGGAGGCGGAGGTGGCAGTGAGCTGAGATCACACCACTGCCCTGCAGCCTGGGCAACAGAGCGAGACTCCATCTCAAAAAAAAAAAAAGAAAA"
"chr1","9526140","9526174","chr25","27802723","27802760","8","18276583","GGCCAGGTGCGGTGGCTCACACCTGTAATCCCAGC","GACCAGGTGCAGTGACTCACATCTATAATCCCAGTACT"
"chr1","9527043","9527352","chr18","17039455","17039764","35","7512412","GGCCGAGCATGGTGGCTCACACCTGTAATCTCAGCACTTTGGGAGACTGAGGTGGGTGGATCACCTAAGGTCAGGAGTTCAAGACCAGCCTGGGCAACATGGTTGAAACCCCGTCTTTACTAAAAATACAAAAATTAGTTGGGGGTGGTGGCAGGCACCTGTAATCCCAGCTACTTGGGAGGCTGAGGCAGGAGAACCACTTGAACCTGGGAGATGGAGGTTGCAGTGAGCCAAGATCCCACCACTGCACTTTAGCCTAGGCAACAGAGTGAGACTCCGTTTCAAAAAAAAAAAAAAAAAAAAAAAAAAA","GGCTGGGTGTGGTGGCTCACACCTGTAATCCCAGCACTTTGGGAGGCCGAGGTGGGTGGATCACCTGAGGTCAGGAGTTCAAGACCAGCCTGACCAACATGGTGAAACCCCATCTCTACTAAACATACAAAAATTAGCTGGGCGTGGTGGCGGACACCTGTAATCCCAGCTACTCGGGAGGCTGAGGCAGGAGAATCGCTTGAACCTGGAAGGTGAAGGTTGCAGTGAGCCGAGATCAAGCCACTGCACTCTAGCCTGGGTGACAGAGTGAGACTCCGTCTCAAAAAAAAAAAAAAAAAAGAAAGAAAAA"
"chr1","9538352","9538646","chr9","114952603","114952897","31","105414251","GGTCGGGCGTGGGGGCTCACGCCTGTAATCCCAGCACTTTGGGAGGCCGAGGCAGGTGGATCACCTGAGGTTGGGAGTTCGAGACCAGCCTGACCAACATGGTGAAACCCCATCTCTACTAAAAATACAAAAATTAGCCAGGCATGGTGGCAGGCACCTGTAATCCCAGCTACTTGGGAGGCTGAGCCAGGAGAATCACTTGAACCCGGGAGGTAGCGGTTGCAGTGAGCTGAGATTGCACCACTGCACCCCAGCCTGGGTGACACATTGAGACTCCGTCTCAAAAAAAAAAAAA","GGCCGGGCGTGGTGCCTCACGCCTGTAATCTCAGCGCTTTGGGAGGCTGAGGCAGGGAGATCACTTGAGGTCAGGAGTTCGAGACCAGCCTGGCCAACATGGAGAAACCCCTTCTCTACTAAAAATACAAAAATTAGCCAGGCTTGGTGGTGGGCACCTGTAATCCCAGCTACTAGGGAGGCTGAGGCAGGAGAATCACTTGAACCCAGGAGGCGGAGGTTGCAGTGAGCTGAGATCACGTCACTGCACTCCAGCCTGGGTGACAGAGTGAGACTCTGTCTCAAAAAAAAAAAAA"
"chr1","9545566","9545866","chr6","33160928","33161229","39","23615362","GGCCAGGCACAGTGGCTCACACCTGTAATCCCAGCTCTTTGGGAGGCCGAGACAGGGGCATCACTTGAGCTCAGGAGTTCAAGACCAGCCTGGCCAACATGGCAAAACGCTGTCTCTCCTAAAATACAAAAATTAGCTAAGTGTGGTGGTGGGCGCCTGTAATCCCAGCTACTTGGGAGATTGAGGCAGGAGAATCACTTGAACCCAGGAGGTGGAGGTTGCAGTGAGCCAGGATCGAGCCACTATACTCCAGCCTAGGCGACAGAGTAAGACTCCATCTCAAAAAGAAAAGAAAAGAAAA","GGCTGGGCACAGTGGCTCACGCCTGTAATCCCAGCACTTTGGGAGGCCAAGGCGGACAGATCACCTGAGCTCAAGAATTCAAGACCAGCCTGGCCAACATGACAAAACCCTGTCTCTACTAAAATACAAAAATTAGCCGGGCATGGTGGTGGGTGCCTATAATCCCAGCTACTTGGGAGGCTGAGGCAGGAGAATCGCTTGAACCCAGGAGGCGGAGGTTGCAGTGAGCCGAGATCGTGCCATTGCACGCCAGCCTGGGCAACAGAGCAAGACTCCATCTCAAAAAAGAAAAGAAAAGAAAA"
"chr1","9553520","9553819","chr12","260610","260910","35","9292910","GGCTGAGTGTGGTGGCTCATGCCTGTAAACCCAGCACTTTGGGAGGGCGAGGTGGGAGGATCACCTGAGGTCAGGAGTTTGAGACCAGCCTGGCCAACATAGCAAAACCTTGTCTCTACTAAAAATACAAAAATTAGCTGGGCGTGGTGGCGGGTGCCTGTAATTCCAGCTACTTGGGAGGCTGAGGCAGGAGAATTGCTTGAACCTGGAAGGTGAAGGTTGCAGTGAGCAGAGATCACACCACTGCACACCAACCTGGGCAACAGAGAGAGAGTCTATCTCAAAAAAAAAAAAAAAAAA","GCCAGGTGCAGTGGCTCATGCCTGTAATCCCAGCACTTTGGGAGGCCAAGGTGGGCGGATCACCTGAGGTCAGGAGTTCGAGACCATCCTGGCCAACATAGTGAAACCCCGTCTCTACTACAAATACAAAAGTTAGCCAGGTGTGGTGGCGGGCGCCTGTAATCCCAGCTACTTGGGAAGCTGAGGCAGGAGAATTGCTTGAACCTGGAAGGTGGAGGTTGCAGTGAGCCGAGATCGCGCCACTGCACTCTAGCCTGGGCAACAGAGCGAGACTCTGTCTCAAAAAAAAAAAAAAAAAAAA"
"chr1","9559047","9559376","chr20","122302060","122302380","31","112743013","GGCCGGGCGCAGTGGCTCACGCCTGTAATTCCAGCACTTTGGGAGGCTAAGGTGGGCAGGTGACTTGAGGTCAGGAATTCGAGACCAGCCTGGCCAACATGGAGAAACCCCGTCTCTACTAAAAATACAAAAATTAGCCAGGCGTGCCTGTAATCCCAGCTACTTGGGTGCCTGTAATCCCAGCTACTCGGGTGGCTGAGGCGGGAGAATCGCTCAAACCCAAGGGGCAGAGGCTGTAGAGCCGAGATTGCGCCACTGCACTCCAGCCTGGGCGACAGAGCAAAACTCTGTCTCAAAAACAAACAAACAAACAAACAAACAAAAAACAAA","GGCCGGGCGCAGTGGCTCATGCCTGTAATTCCAGAACTTTGGGAGGCTGAGGTGGGCAGGTGACTTGAGGTCAGGAGTTTGAGACCACCCTGGCCAACATGGAGAAACCCCATCTCTACGGAAAATACAAAAATTAGCAAGGTGTGCCTGTAATCCCAGCTACTCGGGTGCCTGTAATTCCAGCTACTTGGGTGGCTGAGGCAGGAGAATTGCTCAAAACCAAGAGGCAGAGGCGGTAGAGCCGAGATTTCGCCATTGCACTCCAGCCTGGGCGACAGAGCAAAACTCTGTCTCAAAAACAGACAACAAACAAAAAACAAA"
"chr1","9563611","9563925","chr20","122297567","122297885","30","112733956","GGCCGGGTGCGGTGGCTCACGCCTGTAATCCCAGCACTTTGGGAGGCTGAGGCGGGTGGATCACCTTAGGTCAGGAGTTCTAGACCAACCTGGCCAACATGGTGAAACCCTATCTCTACTAAAAATACAAAAAAAAATTAGCTGGGCATGGTGGCAGTTGCCTGTAATCCCAGCTACTCAGGAGGCTGAGTCAGAAGAATCACTTGAACTTGGGAGGCTGTGGTTGTAGTGAGCAGAGATCATGCCACTGCACTCCAGCCTGGGCGACAGAATGAGACTCCTTCTCAAAAAAAAAAAAAAAAAGAAAGAAAGAAA","GGCCGGGTGCGGTAGCTCACACCTGTAATCCCAGCACTTTGGGATGCCAAGGCGGGTGGATCACCTGAGGTCAGGAGTTCTAGACCAGCCTGGCCAACATGGTGAAACCCCATCTCTACTAAAAATACACAAAAAATTAGCGGGGCATGATGGCAGTTGCCTGTAATCCCAGCTAGGCAGCTGGGAGGCTGAGGCAGAAGAATCGCTTGAACTTGGGAGGCGGCGGTTGTAGTGAGCAGAGATCATGCTACTGCACTCCAGCCTGGGCGACAAAGTGAGACTCTATCTCAAAAAAAGAGAAAAAAAAAGAAAGAAAGAA"
"chr1","9565633","9565934","chr20","122295610","122295908","32","112729977","GGCTGGGCGCAGTGGCTTGGCTTGTAATCCCAGCACTTAGGGAGGCTGAGGCAGGTGGATCACCTGAGATCAGGAGTTCAAGACCAGCCTGGCCAACACAGTGAAACCCCATCTCTACCAAAAATACAAAAATTAGCTGGGTGTGGAGGCAGGCACCTGTAATCCCAGCTACTTCGGAGGCTGAAGCAGGAGAATCGCTTGAACCCAGGAGGCAGAAGTTGCTGTGAGCCAAGATCGTGCCACTGCCCTCCAGCCTGGGCAGCTGAGCAAGACTCCATCTCAAATAAATAAATAAATAAGAA","GGCTGCGCACAGTGGCTTGCGCCTATAATCCCAGCACTTAGGGAGACTGAGGCAGGCAGACCACCTGAGGTCAAGAGTTCGAGACCAGCCTGGTCAACACAGTGAAACCCCATCTCTACTAAAAATACAAAAATTAGCTGGATGTGGAGGCTGTCACCTGTAATCCCAGCTACTTGGGAGGCTGAGGCAGGAGAATCACTTGAACCCAGGAGGCAAAAGTTGCTGTGAGCGGAGATCATGCCACTGCACTCCAGCCTGGGCAACTGAGCAAGACTCCAGCTCAAATAATAAATAAGAAA"
"chr1","9571966","9572278","chr20","122290251","122290560","27","112718285","GGCCTGGCATGGTGGCTCATGCCTGTAATTCCAGCACTTTGGGAGGCTGAGGTGGGCGGATCACTTGAGGTCAGGAGTTTGAGACCAGCCAGGCCAACATGGTGAAAGCCCTTCTCTACTAAATATACAAAAATTAGCTGGGTGTGGTGGCAGGCACCTGTGCTTCCAGCTACTTGGGAGGCTGAGGTAGGAGAATTCCTTGAACCTGGGAGGCAGAGGCTGCAGTAAGCCGAGATTGCACCACAGCACTCCAGCCTGGGTGACAAGGCGAGACTCCACCTCAAAAAAAAAAAAAAAAAAAAAACTAAAAAAA","GGCCTGGCACGGCGGCTCATGCCTGTAATTCCAGAAGTTTGGGAGGCTGAGGTGGGCGGATCCCTTGAGGTCAGGAGTTTCAGACCAGCCTGGCCAACATGGTGAAACCCCTTCTCTATTAAATATACAAAAATTATCTGGGCGTGATGGCAGGCACCTGTGGTCCCAGCTACTCAGGAGGCTGAGTTAGAAGAATTGCTTGAACCTGGGAGGCAGAGGCTGCAGTGAGCCGAGATTGCACCACTGAACTCCAGCCTGGGCGACAAAGCGAGACTCCACCTCAAAAAAAAAAAAAAAAAAAAAAAAAAAA"
"chr1","9576349","9576658","chr20","122286180","122286487","36","112709831","GCTGAATGTGGTGGCTCACACCTGTAATCCTACCATTTTGGGAGGCCAAGGGGGGTGGATCACCTGAGGTCAGGAGTTCAAGACCAGCCTGGCCAACATGGTGAAACTCCATTTTTACTAAAAATACAAAATTAGCCTGGTGTGGTGGCTGCTGCCTGTAATCCCAGCTACTTGGGAGGTTGAGGCAGGAGAATTACATGAACCTGGGAGACAGAGGTTGCCGTGAGCCGAGATTGCACCACTGCATTACGGCCTAAGCGACAGAGAGAGATTCTGTTTCAAAAAAAAAAAAAAAAAAAAAAAAAAAAAA","GCCGAGTGTGGTGGCTCACACCTGTAATCCCAGCACTTTGGGAGGCCAAGGCAGGAGGATCACCTGAGGTCAGGAGTTCAAGACCAACCTGGCCAACATGGTGAAACCCTGCCTCTACTAAATATACAAAATTAGCCAGGAGTGGTGGCGGCTGTCTGTAATCCCAGCTACTTGGGAGGCTGAGGCAGGAGAATTACATGAACCTGGGAGACAGAGGTTGACGTGAGCCGAGATTGCACTACTGCACTGCAGCCTGGGTGACAGAGAGCCTCTGTCTAACAAAAAAAAAAAAAAAAAAAAAAAAAAAA"
"chr1","9577450","9577716","chr10","121806970","121807233","36","112229520","GCTGGGTACGGTGGCTCATGCCTGTAATCCCAGCACTTTGGAAAGCCGAGGCAGGTAGATCATTTGAGGTCAGGAGTTTGGGACCAGCTTGGCCAACATGGTAAGACCCCATCTCTATTAAATATACAAAAATTAGCCAGGTGTGGTGGCAGGTGCCTGTAATCCCAGCTACTTGGAAGGCTGAGGCAAGAGAATCACTTGAACTCGGGAGGGGGAAGTTGCAGTGAGTTGAGATCGCGCCACTGCACTCCAGCATGGGTGACAGAG","GCCGGGTGTGGTGGCTCACACCTGTAATCCCAGCACTTTGGGAGGCCAAGGCAGGTAGATCACCTGAGGTCAGGAGTTCAAGTCCAGCCTGGCCAACATGGTGAAACCCCATCTCTAAAAATACAAAAATTAGCTGGGTGTGGTGGCGGATGCCTGTAATCCCAGCTACTTGGGAGGCTGAGGCAAGAGAATCACTTGAACTCGGGAGGCAGAGGTTGTAGTGAGCCAAGATTGCGCCACTGCACTCCAGCCTGGGCAACAGAG"
"chr1","9579453","9579770","chr25","9105985","9106295","45","473468","GGCCAGGTGTGGTGGCTTACACCTGTAATCCCAGCATTTTGGGATGCCAAGGTGGGCAGATCACTTGAGGTCAGGAGTTCGAGACCAGCCTGGCCAACATGGTGAAAACTCGTCTCCACTAAAGATACAAAAATTAGCTGGACATGGTGGTAGGTGCTTGTAATTCCAGCTACGCAGGGGGCTGAGGCAGGAGAAAGAGAATTGTTTGAATCTGGGAGGCGGAGATCGCAGTGAGCTGAGATCATGCCACTGCTCTCTAGCCTGGATGACAGAGTGAGACTCTGTCTCAAAAAAAAAAAAAAAAAAAAGAAAAAAGAA","GGCTGGGTGTAGTGGCTCACACCTGTAATCTCGGCATTTTGGGAGGCCCAGATGGGCAGATCACCTGAGGTCAGGAGCTCGAGACCAGCCTGGCCAACATGGAGAAACTCTGTCTCTACTAAAAATACAAAAATTAGCTGGGCGTCATGGCAGGTGCCTGTAATCCCAGCTACTCAGGAGGCTGAGGCAGGAAGAATTGCTTGAATCTGGGAGGCGGAGGTTGCAGTGAGCCGAGATCATGCCACTGTACTCCAGCCTGGGTGACAAAGTGAGACTCCATCTCAAAAAAAAAAAAAAAAAAAAGAGAGAAA"
"chr1","9581412","9581721","chr20","122281579","122281890","28","112700167","GGCCGGGCGCAGTGACTCACGCCTGTAATCCCAGCACATTGGGAGGCCAAGGCAGGTGGATCACCTGAGGTCAGGAGTTCAAAACCAGCCTAGCCAACATGGTGAAACCCCATCTCTACCAAAAATACAAAAATTAGCTGGGCATGGTGGCGGGCGCCTGTAATCCCAGCTACTCAGGAGGCTGAGGCAGGAGAATCGCTTGAACCCAGGAGGCAGAGGTTGCAATGAGTTGAGATCGCACCACTGCACTCCAGCGTGGGCGACAGAGTGAGACTCCATCTCAGAAAAAAAAAAAAAGGAAGAAGAGAAA","GGCCGGACATGGTGGCTCACGCCTGTAATCCCAGCACACTGGGAGGCCGAGGTTGGTGGATCACCTGAGGTCAGGAGTTCAAAACCAGCCTGGCCAACATGGTGAAACGCCGTCTCTACCAAAAGTACAAAAATTAGCTGGGCATGGTGGCAGGTGCCTGTAATCCCAGCTACTAAGGAGGCTGAGGCAGGAGAATCGCTTGAACCCAGGAGGCGGAGGTTGCAATAAGTTGAGATCATACCACTGTACTCCAGCCTGGGTGACAGAGTGAGACTCCATCTCAAAAAAAAAAAAAAAGAGAGAAAGAGAGAA"
"chr1","9589762","9590055","chr5","2671439","2671734","36","6918323","GACCAGGTGAAGTGGCTCATGCCTGTAATCCCAACACTTTGGGAGGCCAAAGCAGGCACATCATGAGGTCAGCAGTTTGAGACCAGCCTGACCAACATGGTGAAACCCTATCTCTACTAAAAATACAAAAATTAGCCAGGTGTGGTGGTGGACGCCTTTAATGCCAGCTACTCAGAAGGCTGAGGCAGGAGAACCACTTGAACCTGGGAGGCGGAGGTTGCAGTGAGCCAAGATCGCACCACTGCATTCCAGCCTGGGCAACAGAGTGAGACGCCATCTTAATAAATAAATAAA","GGCCGGGCGCAGTGGCTCATGCCTGTAATCCCAGCACTTTGGGAGGCCAAGGTGGACGGATCATGAGGTCAGGAGTTTGAGACCAGCCTGATCAACATGGTGAAACCCTGTCTCTACTAAAAATACAAAACTTAGCCGGGTGTGGTGGTGGATGCCTGTAATCCCAGCTACTCAGGAGGCTGAGGCAGGAGACTCACTTGAACCCAGGAGGCAGAGGTTGTGGTGAGCCCAGATCGCTCCACTGCATTCCAGCCTGGGCGACAGAGTGAGACTCCATCCTTAAAAAAAAAAAAAAA"
"chr1","9600617","9600911","chr20","122260261","122260562","28","112659644","GCCAGGTGCAGTGGCTCACACCTGTAATCCCAGCACTTTGGGAGGCCGCGGGTGGATCACCAGAGATCAGGAGGTTGAGACCTGCCTGGCTAACATGGTGAAACCCCATCTTTACTAAAAATACAAAAATTAGCATGATGGGGGGCGCCTGTAATCCCGGCTACTCAGGAGGCTGAGGCAGGAGAATCACTTGAACCCAGGAGGCAGAGGTTGTGGTGAGCCGAGATCACGCCATTGCACTCCAGCCTCAGCAACAGAGCGAAACTCCATCTCAAAAAAAAAAAGAGAAAATAAA","GCCAAGCACAGTGGCTCACACCTGTAATCCCAGCACTTTGGGAGGCCACAGGTGGATCACCGGAGATCAGGAGGTCGAGACCTGCCTGGCTAACATGGTGAAACCCCAACTCTACTAAAAATACAAAAATTAGCGTGGTGGGGGGCGCCTGTAATCCCAGCTACTCAGGAGGCTGAGGCAGGAGAATCACTTGAACCCGAGAGGCAGAGGTTGTGGCGAGCCGATATCGCGCCATTGCACTCCAGCCTGGGCAACAGAGCGAAAACTCCATCTCAAAAAAAAAAAAAAAAGAAAAGAAAAAA"
"chr1","9602287","9602571","chr25","24881359","24881647","35","15279072","GGGCGCAGTGGCTCACAACTATAATCCCAGCACTTTGGGAGGTCAAGGCGAGCAGATCACTTCAGGTCAGGAGTTTGAGACCAGTCTGGCCAACATGGTAAAACCTTGTCTCTACTAAAAATACAAAAATTAGCTGGGCATAGTGGCGGGTGCCTGTAATCCCAGCTACTTGGGAGGCTGAGGCAAGAGAATCGCTTGAACCGGAGAGGCAGAGGTTGCAGTGATCCGAGATCATGCCACTGCACTCCAGCCTGGGAGACAGAGTGAGACTCCATCTCAAAAAAA","GCCAGGGGCATTGGCTCACACCTGTAATCCCAGCACTTTGGGAGGCCAAAGTGGACAGATCACCTGAGGTCAGGAGTTCGAGACCAGCCTGGCCAATGTGGTGAAACCCCGTCTCTACTAAAAATACAAAAATTAGCTAGGCGTGGTGGCAGGTGCCTGTAATCCCAGCTACTTGGGAGGCTGAGGCAGGAGAATCTTTTGAACCCGGGAGGCAGAGGCTGCAGTGAGCCAAGATCATGCCACTGCACTCCAGCCTGGGCGACAGAGTGAGACTCCATCTCATAAAAAA"
"chr1","9607435","9607718","chr10","2932868","2933155","33","6674567","CACGGTGGCTCATGTCTGTAATCCCAGCACTTTGGGAGGCTGAGGTGGGTGGATCACTTGAGGTCAGGAGTTTGAGACCAGCCTGGCCAACATGGTGAAACCCTGTCTCTACTAAAAATACAAAAATAATCCAGGCGTGGTGGTGGGCGCCTGTAATCCTAGCTACTCCGGAGGCTGAAGCATGAGAATCCCTTGAACCCAGGAGGCAGAGGTTGCAGTGAGCTGAGATAGTGTCACTGCACTCCAGCCTGGGTGACAGAGCAAGATTCTGTCTCAAAAAAAAA","GGCACGGTGACTCACGCCTGTAATCCCAGCACTTTGGGAGGCTGAGGTGGGTGGATCACTTGAGGTCAGGAATTCAAGACCAGCCTGGCCAACATGGTGAAACCCTGTCTTTACTAAAGATACAAAAAATTAGCCAGGCGTGGTGGCAGGCGCCTATAATCCCGGTTACTTGGGAGGCTGAAGCAGGAAAATAGCTTGAACCCAGTAGGCAGAGGTTGTAGTGAGCTGAGACGGCGCCACTGCACTCCAGCCTGGGTGACAGAGCAAGACTCTGTCTCAAAAAGAAAA"
"chr1","9615371","9615668","chr20","122249210","122249515","37","112633839","GGCCAGGCATGGCGGCTCATGCTAGTAATCCCAGCACTTTGGGAGGCCAAGGTGGGTAGATCACCTGAGGTCAGGAGTTCGAGACCAGACTGGCCAACATGGTAAAACCCCATCTCTACTAAAAATACAAAAATTAGGCATGGTGGCGAGCACCTGTAATCCCAGCTACTCGAGGCTGAGACAGGAGAATCGCTTGAACCCGGGAGGTGGAGGTTGCAGTGATCCAAGATCGCCCCGCTGCACTCCAGCCTGGCGACAGAGAGAGACTCCGTCTCAAAAAAAAAAAAAAAGGAAGAAA","GGCCAGGCGTGGTGGCTCACGCAGGTAATCCCAGCACTTTGGGAGGCCGAGGTGGGTGGATCACCTGAGGTCAGGAATTTGAGACCAGCCTGACCAACATGGCAAAACCCCGTCTCTACTATAAATGCAAAAGTTAGGCATGGTGGTGAGCAGCTGTAATCCCAGCTACTTGGGAGACTGAGGCAGGAGAATCGCTTGAACCCAGGAGGTGGAGGTTGCAGTGACCCAAGATTGCCCTGCTGCACTACAGCCTGGGCGACAGAGCAAGACTCTGTCTCAAAAAAAAAAAAAAAAAAAGGAAGGAAA"
"chr1","9622200","9622469","chr20","107140656","107140921","48","97518456","CGCCGCAGCTCATGCCTGTAATCCCAGTACTTTGGGAGGCCAAGGACCAGCCTGGCCAACATGGCAAAACTCCATCTCTACTAAAAATACAAAAATTAGTCAGGCATGGTGGCAGGCGCCTGTAATCCCAGCTACTTGGGAGGCTGAGGCAGGATAATCTCTTGAACCTGGAAGGCGGAGGTTTCAATGAGCCAAGATCGTGCCACTGCACTCCAGCCTGGGCGACAGAGTGAGACTCTGTCTAAAAACTAAAAATTAAAAAAAAAAAAA","GGCTGGGCGTGGTAGCTCACACCTGTAATCCCAGCATTTTGGGAGGCCAAACCAGCTTGGCCAACATGGTGAAACTCCATCTCTACTAAAAATGCAAAAATTAGCCAGGTGTAGTGGTAGGCACCTGTAATCCCAGCTACTTGGGAGGCTGAGGCAGGAGAATTGCTTGAACCTGGGAGGCGGAGGTTGCAGTGAGCCAAGATAGAGCCATTGCACTCCAGCCAGGGCGACAGAGCAAGACTCCGTCTCAAAAAAAAAAAAGAAAA"
"chr1","9623618","9623902","chr20","122238011","122238303","36","112614393","GCTAAGCGCCGTGGATCATCCCTGCAATCCCAGCACTTTGGGAGGCCGAGGCGTGTGGATCATTTGAGGTCAGGGGTTCAAGACCTGTCTGGCCAACATTGCGAAACCCCGTCTCTACTAAAATTACAAAAATTAGCCGGGCATGGAAGCAGATGCCTGTAATCCCAGCTACTTGGGAGGCTGAGGCAGGAGAGAATCGCTTGAACCCAGGAGGCAGGGGTTGCATTGAGCTGAGATCGCACCATTGCACTGCACCCTGGGCAACGCAGTGAGATGCCATCTCAA","GGCCAAGCGCCATGGATCACTCCTGTAATGCCAGCACTTTGGGAGGCCGAGGCGTGTGGATCATTTGAGGTCAGGAGTTCAAGACCAGTCTGGCCAACATGGCGAAACCCTGTCTCTACTAAAAATACAAAAATTAGCTGGGCGTGGTAGCAGATGCCTGTAATGCCAGCTACTTGGGAGGCTGAGGCAGGAGAATCGCTTGAACCCGGGAGGCAGAGGTTGCAGTGAGCTGAGATCGCGCCATTGCACTCCACCTTGGGCAACGCAGTGAAACTCCATCTCAAAAAAAACAA"
"chr1","9625241","9625562","chr26","6289534","6289844","63","3335707","GGCTGGGAGCAGTGGCCGATGCCTGTAATCCCAGCACACTTTGGGAAGCTGAGGTAGGTGGATTGCTTGAGTTCAGGAATTTGAGACCAGCCTGGCCAACATGGTGAAACTCCATCTCTACAAAAAATACAAAAATTAGCCACACGTGGTGGCAGGTATGGGTGTCTGTAGTCCCAGCTACTTGGGAGGCTGAGGTAGGAGGATGATTTGAGCCCATGAGATGGAGGTGGCAGTGAGCCAAATTTGTGCCATTGCACCCCAGCCTGGGCAAGACAGCCAGATGCTCTCTCAAAAAAATAAATAACTAAAACTAAACATAAAA","GCCGGGTGCAGTGGCTCACACCTGTAATCCCAGCACTTTGGGAAACCGAGGTGGGTGGATTACCTGAGGTCAGGAGTTCGAGACCAGCCTGGCCAACATGATGAAACCCCATCTCTACTAAAAATACAAAAATTAGCTGGGTGTGGTGGCAGGTGCCTGTAATCCTAGCTACTCGGGAGGCTGAGGCAGGAGAATTGCTTGAGCCCAGGAGATGGAGGTTGCAGTGAGCCGACACGGTGCCATTGCACTCCAGCCTGGACAAGAGAGCAGGACTCTGTCTCAAAAAACAAACAAAACAAAACAAAACAAAA"
"chr1","9645258","9645558","chr2","9435379","9435682","38","209879","GGGCGTAGCGGCTCACACCTGTAATCCCAGCACTCTGGGAGGCTGAGGTGGGCAGATTACTTGAGATAAGGAGTTCTAGAGACCAGCCTGACCAACATGCTGAAACCCTGTCTCTACTAAAAATACAAAAATTAGCTGGGTGTGGTGGCAGGTGCCTGTAATCCCAGGTACTCAGGAGGCTGAGGCAGGAGAATCCCTTGAATCTGGGAGGCGGAGGTTACAGTGAGCCGATCTCGCACAACTGCACTCCAGCCTGAGCGACAGAGCAAGACTCTGTATCAAAAAAAAAAAAAAAAAAAAA","GCCAGGCGTGGTGGCTCACACCTGTAATCCCAGCACTTTGGGAGGCTGAGGTGGGCGGATCACTTAAGGTCAGGAGTTTGAGACCAGCCTGGCCAACATGGTGAAACCTTGTCTCTACTAAAAATACAAAAATTAGCTGGGCGTGGTGGCAGGTGCCTATAATCCCAGCTACTTGGGAGGCTGAGACAGGAGAATCACTTGAATCCGGGAGGCAGGGGTTGCAGTGAGCCAAGATCACACCACTGCACTCCAGACTGGGCGACAGAGCAAGACTCTGTCTCAATAAAAAAATAAAAAAATAAAA"
"chr1","9657989","9658076","chr5","696546","696633","29","8961443","GCAGGACGTGGTGGCTGTTGTCTATAATCTCATCTACTCAGGAGGCTGAGGCAGCAGAATTGCTTGAACCCAGGAGGCAGAGGTTGTA","GCCGGGCGTGGTGGCGGGCACCAGTAGTATCAGCTACTTGGGAGGCTGAGGCAGGAGAATTGCTTGAACNNNNNNNNNNAGGTCAGGA"
"chr1","9662657","9662838","chr15","53409661","53409837","23","43747004","AAAATTAGCTGGGTGTGGTGGTGAGTGCCTGTAATCCCAGCTACTTGGGAGGCTGAGGCAGGAGAATTGCTAGAACCCAGGAGGCAGAGGTTCCAGTGAGCCGAGATCATGTTACTGCACTCCAGCCTGGGCAACAGAGCGAGACTCCATCTCAAAAAAAAAAAAAAAAAAGAGAAAGAAAA","AATTAGCTGGGTGTGGTGGTGGGCACCTGTAATCCCAGCTGCTTGGGAGGCTGAGGCAGGAGAATCGCTTGAACCCAGGAGCAGAGGTTGCAGTAAGCCAAGATCACACCACTCCACTCCAGCCTGGGCAACAGTGCAAGACTCCGTCTCAAAAAAAAAAAAGAAAAGAAAAGAAAA"
"chr1","9663938","9664251","chr2","58486787","58487093","39","48822849","GGCCGGCTGTGGTGGCTCACCTGTGTAATCCCAGCACTTTGGGAGGCTGAGGCAGGTGGATCACCAGAGGTCAGGAATTGGAGACCAGCCTGGCCAACTTGGCGAAACCCCATCTCTACTAAAAATAAAAAATCAGCCAGGCATGGTGGCGGGCACCTGTAATCCCACCTACTCTGGAGGCTGAGGCAGGAGAATTGCTTGAACCCAGTGGGAGGCAGAGGTTGCAGTGAGCTGAGATCATGCCGCTTCACTCCAGCCTGGGTGAAAGAGTGAAACTCCATCTCAAAAAGAAAAAACAAAACAAAACAAAAAAA","GGCCAGGTGTGGTGGCTCACGCCTGTAATCCCAGCACTTTGAGAGGCTGAGGCAGGTGGATTACCTGAGGTTAGGAGTTTGAGACCAGCCTGGCCAACATGGCAAAACACCATCTCTACTAAAAATACAAAAATAAGCCAGGCATGGTGGTGGGCACCTGCAATCCCAGCTACTCAGGAGGCTGAGGCAGGAGAATTGCTTGAACCCGGGGAGGTAGAGGTTGCAGTGAGCTGAGATCATGCCATTGCACTCCAGCATGGGTGACAGAAGAAGACCCCATCTCCAAAAAACAAAACAAAACAAAAAA"
"chr1","9677423","9677703","chr20","122188387","122188660","26","112510964","CTGTAATCCCAGCACTTTGGGAGGCCAAGATGGGCACATCACCTGAGATTAGGAGCTCGAAACCAGGCTGGCCAACATGGCGAAACCCCGTCTCTACTAAAAATACAAAAATTAGCTGGGTGTGGTGGCAGGTGCCTGTAATCCCAGCTACTCAGGAGGCTGAGGCAGGAGAATCACTTGAACCCAGAAGGCAGAGGTTGCAGTGAGCCAAGATCGTACCAACTGCACTCCAGCCTGAGTAATAGAGTGAGACTCTGCCTCAAAAAAAAAAAAAAAAAAAA","CTGTAATCCCAGCACTTTGGGAGGCCAAGACGAGAACATCACCTGAGAAAAGGAGTTCGAAACCAGGCTGGCCAACATGGCGAAACCCCGTCTCTACTAAAAATACAAAAATTAGCCAGGCATGGTGGCGGGTGCTTGTAATCCCAGCTACTCAGGAGGCTGAGGCAGGAGAATCACTTGAACCAGGGAGGCAGAGGTTGCAGTGAGCCAAGATCGTACCCACTGCACTCCAGCCTGAGTGACAGAGTGAGACTCTGCCTCAAAAAAAAAATAA"
"chr1","9681834","9682116","chr4","13836335","13836622","38","4154501","GGTGGATAATGTCCGGTAATCCCAGCACTTTGGGAGGCCAAGGCAGGCAGATATTCTTGAGATCAGGAGTTTGAGACCAGCCTGGCCAAGAAGGTGAATCCCTGTCTCTACTAAAAATACAAAAATTAGCCAGGCGGGGTGGCGGGCACCTGTAATTCCAGATACTTGGGAGGCTGAGGCAGGAGAATCGCTTGAACCCAGGAGGTGGAGGTTGCAGTGAGCCGAGATCATGCCATTGCACTCCAGCCTGGGCCACAGAGCGAGACTCCATCTCAAAAAAAAA","GGTGGCTCACGCCTGTAATCCCAGCACTTTGGGAGGCCAAGGCGGGTGGATCACTTGAGGTCAGGAGTTTGAGACTAGCCTGGCCGACATGGTGAAACCCTGTCTCTACTAAAAATACAAAAATTAGCCAGGCATGGTGGCGGGCACCTGTAATTCCAGCTACTTGGGAGGCTGAGGCAGGAGAATCACTTGAACCTGGGAGGCGGAGGTTGCAGTGAGCCGAGATCATGCCACTGTACTCCAGCCTGGGCAGCAGAACAAGACTCCGTCTCAAAAAAAAAAAAAAAA"
"chr1","9682176","9682424","chr6","31235301","31235552","62","21553125","GGTGGCTAATGCCTGTAATCCCAGCACTTTGGGAGGCCAAGGCAGGCAGATAACTTGAGATCAGGAGTTTGAGACCAGCCTGGCCAATATGGTGAAACCCTGTCTCTACTAAAAATACAAAAATTAGCCAGGCGTGGTGGCGGGCACCTGTAAGGCTGAGGTGTGAGAAGCTGAGGAGCGTGGGCGGTTTGGGCCGCGGTGAGCCATGGGATTGTGCCACTCTACTCCAATCTGGACGGCACAGCAAGA","GGCTGGGCACGGTGACTCACGCCTGTAATCCCAGCACTTTGGGAGGCCGAGGTGGGCGGATCACTTGAGGTCAGGAGTTCGAGACCAGCCTGGCCAAGATGGCGAAACCCCGTCTCTACTAAAAATACAAAAATTAATCGGTGTGGTAGCAGGTGCCCAGGAGGCTGAGGCAGGAGAATCGCTGGAACCTGGGAGGTAGAGGCTGCAGTGAGCTGAGATCGTGCCACCGCACTCCAGTCGGGGCGACAGAAC"
"chr1","9696352","9696623","chr1","105162195","105162463","40","95465843","GGCTAGGCATGGTGGCTCACGCCTGTAATCCCAGCACTTTGGGAGGCCAAAGTGGGAGGATCACCTGAGGTCAGGAGTTCAAGACAAGTCTGGCCAACATGGTGAAACCCCATCTCTACAAAAATATAAAAATTAACTGGGCATGATGGCGGGTGCCTGTAATCCCAGCTACTCGAAAGGCTACCTGGGAGGCAAGGTTATAGTGAGCCGAGATCGTGCCACTGCACTCCAGCCTGGGTGACAGAGCAAGACTCTGTTTAAAAAAAAAAAAA","GGCCAGGCGTGGTGGCTCATGCCTGTAATCCCAGGACTTTGGGAGGCCGAGGCAGGCAGATCACCTGAGGTCAGGAGTTCAAGACCAGCCTGGCCAACATGGTAAAACCTCATCTCTATAAAAATACAAAAATTAGCTGGGCATGATGGTGGGTGCCTGTAATCCCAGCTACTTGGGGGGCTGAGGCAGAGGTTGTAGTGAGCCGTGATCGTGCCATTACACTCCAGCCTGAGCGACAGAGTGAGACTCTGTCTCAAAAAAAAAAAAAA"
"chr1","9698032","9698279","chr16","31906139","31906391","47","22208107","GGCTGGGCGCGGTGGCTCACACCTGTAATCCCAGCACTTTGGAAGGCCGAGGCTGGTGGATCACCTGTGGTCAGGAGTTCAAGACCAGCCTGGCCAACACGGTAAAACCCCATCTCTACAAAAAAAATACAAAATTAGCTGAGTGTGGTGGTGGGCGCCTGTAATCCCAGCTGCTGCGGAGACTGGGGCAGGAGAATCGCTTAAACCCAGGAGGAAGAGGTTGCAGTGAGCCAAAATAAGGTCACTAC","GGTTGGGTGCAGTGGCTCGTGCCTGTAATCTCAGCAGTTTGGGAGGCTGAGGCGGGGGAATCACCTGAGGTCAGGAGTTCAAGACCAGCCTGGCCAACATGGTGAAACCCCATCTCTACTAAAAATACAAAAATCAGCTGGGTGTTGTGGCAGGTGCCTGTAATCCCAGCTCCTCGGGAGGCTGAGGCAGGAGAATCGCTTGAACCCAGGAGGCAGAGGTTGCAGTGAGCTGAGATTGCAGCCTGGGTGACAG"
"chr1","9721485","9721680","chr20","122147519","122147712","35","112426034","AAAATTACCTGGGCATGGTGGCGGGCGCCTGTAATCCCAGCTACTCGGGAGGCTGAAGCAGGAGAATCGCTTGAACCCAGGAGACTGAGGTTGCAGTGAGCTGAGATCTTGTCACTCTACTCCAGCCTGGGTAACGGAGCAAGACTCCGTCTCAAAAACAAACAAACAAACAAAAACTAAACAAACAAAAAACAAA","AAGACACAGAAAATTAGCTGGGCATGGTGGTGGGTGCCTGTAATCCCAGCTACTTGGGAGGCTGAAACAAGAGAATCACTTGAACCCAGGAGACGGAGGTTGCAGTGAGCTGAGATCGTGCTACTCTACTCCAGCCTGGGTGACAGAGCAAGACTCTGTCTCAAAACAAAACAAAACAAAACAAACAAACAAAA"
"chr1","9725737","9726031","chr12","26084664","26084963","37","16358927","GCCAGGCGCGGTGGCTAATACCTGTAATCCCAGCACTTTGGGACGCCGAGATGGATGGATTACCTGAGGTCAGGAGTTCTAGACCAGCCTGGCCAACATGGCGAAACCCTGCCTCTACTAAAAATACAAAAATTAGCCAAGCATGGTGGTGGGCACCTGTAATCCCAGTTACTCAGGAGGCTGAGGCAGGGGAATGGCTCGAACCTGGGAGGGGGAGGTTGCAGTGATCCAAGATCACACCATTGCACTCCAGCCTGGGTGACAGAGTGAGACTCTGTTTAAAAGAAAAAAAAAA","GACCAGGCGTGGTGGCTCACACCTGTAATCCCAGCACTTTGGGAGGCCGAGACAGGTGGATCATCTGAGGTCAGCAGTTGGAGACGAGCCTGGCCAACATGGTGAAACCCTGTCTCTACTAAAAATACAAAAATTAGCCAGGCATGGTGGCAGGCACCTATAATCCCAGCTACTCAGGAGGCTGAGGCAGGAGAATTGCTTGAACCTGGGAGGTGGAGGTTGCAGTGAGCCAAGATCACACCACTGCACTCCAGCCTGGGCAACAGAGTGAGACTCCATCTCAAAAAAAAAAAAAAAAAA"
"chr1","9737538","9737830","chr24","54687725","54688017","34","44950187","GGCCGGGTGCAGTGGCTCATGCCAGTAATCCCAGCATTTTGGGAGGCCAAGGCAGGCAGATCACTTGAGGCCAGGAGTTCAAGACCAGCCTGGACAACATGGTGAAACCCCGTCTCTACTAAAAATACAAAAAAATATCTGGGCATGGTGGCAGATGCCTGTAATCCCAGCTACTCAGGAGGCTGAGGCAGGAGAATCGTTTGAACCCTGGATGCGGTGGTTGCAGTGAGCTGAGATGGCGCCACTGCACTCCAGCCTGGGTGACAGAGCAAGACTCCAACTCAGAAAAAAAA","GGCCGGGTGCGGTGGCTCACGCCTGTAATCCCAACACTTTGGGAGGCCAAGGCAGGAGGATCACCTGAGGTCAGGAGTTCAAGACCAGCCTGGCCAACATGGTGAAACCCCGCCTCTACTAAAAATACAAAAATTAGTTGGGCGTGGTGGCAGGCGCCTGTAATCCCAGCTACTCAGGAGGCTGAGGCAGGAGAATCATCTGAACCTGGGAGGTGGAGGTTGCAGTGAGCTGAGAGCGCCACTGCACTCCAGCCTGGGTGACAGAGCGAGACTCCGTCTCACAAACAAACAAA"
"chr1","9743021","9743293","chr20","122128978","122129258","28","112385957","GCCTGGTGAGGTGGCTCATGCCTGTAATCCCAGCACTTTGGGAGGCCAAGGTGGGTGGATCATTTGAGGCCAGGAGTTCAAGACCAGCCTGGCCAACATGGTGAAACCCTGTCTCTACTAAAAATACAAAAATTGTCCAGGTATGGTAGTGGGCACCTGTAATCCCAGCTACTGGGGAGGCTGAGGCATGAGAATTGCTTAAACCCAGGAGGTGGAGGCTGAAGTGAGACAAGATTGCACTGCTGCACTCCAGCCTGGGCAACAGAGTGAGAC","GCCCAGTGAGGTGGCTCATGCCTGTAATCCCAGCACTTTGGGAGGCCCAGGTAGGAGGATCATTTGAGGCCAGGAGTTCAAGACCAGCCAGGCCAACACGGTGAAACCCTGTCTCTACTAAAAATACAAAAATTAGCCAGGTATGGTAGCCGGCACCTGTAATCCCAGCTACTGGGGAGGCTGAAGCATGAGAATTGCTTAAACCCAGGAGGTGGAGGCTGAAGTGAGCCAAGGTTGCATCACTGCACACCAGCCTGAGCAACAGAGCGAGACCCTGCCCC"
"chr1","9744646","9744957","chr15","3485304","3485619","47","6259342","GGCCGGGCGCCATGGCTCCCAGCACTTTGGGAGGCCAAGGCAGGCGGATCACTTGAGGTCAGGACTTCGAGACCAGCCTGGCCAACATGGTGAAACCCTGTCTCTACTAAAAATACAAAAATAATTAGCCAGCCATGGTGGCAGGCGCCTGTAGTCCCAGCTACTCGGGAGGCAGAGGCAGGAGAATTGCTTGAACCCGGGAGGTAGAGGTTGCAGTGAGTTGAGACTGCGCCATTGTACTCCAGCCTGGGCAAAAGAGCGAGACTCTGTCTCAAAATAAATAAATAAATAAATAAATAAATGAAAAATAAA","GGCTGGGCACGGTGGTTCCAGCACTTTGGGAGGCCAAGGCAGGTGGATGGATCACTTGAGGTCAGGAGTTCGAGACCAGCCTGGCCAACATGGTGAAACCCCATCTCTACTAAAAAAATACAAAAATTAGCCAGGCGTGGTGGCAGGCACCTGTAATCCCAGCTACTCGGAAAGCTGAGGCAGGAGAATCTCTTGAACCCGGGAGGCAGGGGTTGCAGTTAGCCAAGATCGTGCCACTGTACTCCAGCATGGGCAATGGAGTGACACTTTGCCTCAAAAATAAATAAATAAATAAATAAATAAATAAATAAATAAA"
"chr1","9745968","9746241","chr5","18005488","18005762","57","8259520","GGCCGGAGGCGATGGCTCACGCGTGTAATCCCGACATTTTGGGAGGACAAGGTGGGCAGATGGCTTGAGCCCAGCCTGGGCAACATGGCAAAATCCCATCTCCACAAAAACTAGCAGGGCATGGTGGTGGGCACCTGTAGTCCCAGCTCCTCCTGAGGCTGAGGCGGGAGGATCACTTGAGCCCAGAAAGCAGAGGTTGCAGTGAGCCGAGATCACACCAAGGCACTCCAGCCTGGGCGACAGAGCAAGAGTGTCTCAAAAAAAAAAAAAAAAA","GGCCGGGCATGGTGGCTCACGCCTGTAATCCCAGCACTTAGGGAAGACGAGGGTGGCAGACTACTTGAGGTCAGGCCTGGCCAACATGGCAAAACCCCATCTCTACAAAAAATTAGCCAGGCATGGTGGCGGGCGCCTGTAATCCCAGCTACTCCGGAGGCTGAGGCAGAAGAATTGCTTGAATCTGGGAGGCAGAGGTTGCAGTGAGCTGAGATTGTGCCACTGCATCCAGCCTGGGCGACAGAGCCAGATTTCATCTCAAAAAAAAAAAAAAA"
"chr1","9746895","9747218","chr16","3924460","3924778","60","5822435","GGTCGGGCACGGTGGCTCCCACCTGTAATCCTAGCACTTTGGGAGGGTGAGGCAGGAGGATTGTCTAAACTGAGGAGTTCAAGACTAGCCTAGGAAACATAGTGAGCCCTCGTCTCCACTAAAAATAAAAACAAATTCAAAAAAATTAGCCAAGCATACTGGTGGGTGCCTGTAATCCCAGCTACTCGGGAGGCTGAGGCACAAGAATCGCTTGAACCCGGGAAGCAGAGGTTGCAGTGAGCCACGATCGCGCCCCTGCACTCCAGCCTGGATGACAGAGCGAGCCTCTGTCTCAAAGAAACAACAAACAAACAAACAAACAAA","GGCCGGGTGCAGTGGCTCACGCCTGTAATCCCAGCACTTTAGTTGGCTGAGGCAGGCAGATTGCCTGAGCTCAGGAGTTCAAGACCAGCCTGGGCAACATAGTGAAACTCCGTCTCTACTAAAAAAAAAATACAAAAAAATTAGCCAGGCCTGATGGTGGGCACTGGTAATCCCAGCTACTCGGGAGGCTGAGGCATGAGAATCGCTTGAACCCGGGAGGCAGAGGTTGCAGTAAGCCGAGATCACGCCACTGCACTCCAGCCTGGGCGACAGAGCAAGCCTTGGTCTCAAAAAAAGGAAAAAAAAAAAAAGAAAGAAA"
"chr1","9752173","9752475","chr20","122118652","122118960","31","112366479","GGAGTGGTGGCTCACGCCTGGAATCCCAGCACTTTGGGGGGCTTGAGTCAGGAGGATCACCTGAGGTCAGGAGTTTGAGACCAGCCTGGCCAACATGGTGAAACCCTGTCTCTACTAAAAATACAAAATTAGCTGGGCGTGGTGGCGGGCGCCTGTAGGTAGTCCCAGCTACTTGGGAGGCTGAGGCAGGAGAATCACTTGAACCCAGGAAGCGGAGGTTGCAGTGAGCCGAGATCTCATGACTGCATTCCAGCCTGGATGACGAGGAAGACTCCGTCTCAAATAAATAAATAAATAAATAAA","GGAGCGGTGGCTCACGCCTGGAATCCCAGCATTTTGGGAGGCTGACTCAGGCGGATCACCTGAGGTCAGGAGTTTGAGACCAGCCTGGCCAACATGGTGAAACCCTGTCTCTGCTAAAAATGCAAACTTAGCTGGGTGTGGTGGCAGGCGCCTGTAGGTAGTTACAGCTACTTGGGAGGCTGAGGCAGGAGAATTGCTTGAACCCAGGAAGTGGAGGTTGCAGTGAGCCGAGATCTCACCACTGCATTCCAGCCTGTGTGATGAGGAAGACTCCATCTCAAATAAACAAACAAACAAATAAATAAATAA"
"chr1","9779543","9779843","chr20","122092658","122092952","30","112313115","GGCCAGACGCGGTGGCTCACACCTGTAATCCCAGCACTTTGGGAGGTTGAGACGGGGAGATCACTTGAGGTAAGAAGTTCAAGACCAGCCTGGCCAACATGGTGAAACCCCATCTCTACCAAAAATACAAAAATTAGCTGGGTGTGGTGGTGGGTGCCTGTGGTCCCTGCTACTCGGGAGGCTGAGGCATGAGAATCGCTTGAACCAGGAAGGTGGAGGCTACAGCGAGCCAAGATCGCACCACTGCACTCCAGCCTCGGTGACAGAGCGAGACTCCATCTCAAAAAAAACCAAAAACAAA","GGCCAGACGCGGTGGGTCACACTTGTAATCCTAGAACTTTGGGAAGCTAAGATGGGCAGATCACTTGAGGTGAGAAGTTCGAGACCAGCCTGGCCAACATGGTGAAACCCCATCTCTACCAAAAATACAAAAATTAGCAGGGTGTGGTGGTGGGCACCTGTGGTCCCAGCTACTCGGGAGGCTGAGGCATGAGAATAGCTTGAACCAGGGAGGCAGAGGCTTCAGTGAGCCAAGATCGCACCACTGCACTCCAGCCTCGGTGACAGAGCAAGACTCCGTCTCAAAAATAAACAAA"
"chr1","9783186","9783510","chr16","71492061","71492369","43","61708875","GGCCGGGCGCGGTGGCTCATGCCTGTAATCCCAGCACTTTGGGAGGCCAAGGCGGGTAGATCACCTGAGGTCAGGAGTTCTAGACTGGTCAAGACCAGTCTGACCAATATGGTGAAACCTTGTCTCTACTACAAATACAAAAATTAGCCGGGTGTGGTGGTGGGTGTCTGTAATCCCAGCTACTCGGGAGGCTGAGGCAGGAGAATTGCTTGAATCAGAGAGGCGGAGGCTGCAGTGAGCTAAGATCGTGCCACTGCACCACTCCAGCCTGGGCGACAGAGCGAGACTCCGTCTCAAAAAAAAAAAAAAAAAAAAAAAGAGAAAA","GGCCGGGCGCGGTGGCTCATGCCTGTAATCCCAGCACTTCGGGAGGCCAAAGCGGGTAGATCACCTGAGGTCAGGAGTTCAAAACCAGCCTGGCCAACATGGTAAAACCCTGTCTCTACTAAAAATACAAAAATTAGCCGGGCGTGGTGGCAGGTGCCTGGAATCCCAGCTACTCGGGAGGCTGATGCAGGAGAATCGCTTGAACCTGGGAGGTGGAGGCTGCAGTGAGCCAAGATGGCGCCACTGCAACTCCAGCCTGGGTGACAGAGCAAGACTCTGTCTCGGAAAAAAAAAAAAAAAAAAAAAAAA"
"chr1","9793374","9793683","chr20","122083851","122084149","32","112290477","GGCTGGGCGCAGTGGCTCACGCCTGTAATCCCAGCACTTTGGGAGGCCAAGAGGGTGGATCACCTGGGGTCAGGAGTTCGAGACCAGCCTGGCCAACATGATGAAACCCCGTCTGTACTGAAAATACAAAAATTAGCCAGGCATGGTGGCAGGCCCCTGTAATCCCAGCTACTTGGGAGGCTGAGACAGGAGAATCGCTTGAACCTAAGAGGCCGAGGTTGCAGTGAGCTGAGATGGCGCCACTGTACTCCAGCCTGGGCGACAGAGAGAGACTCCGTCTCAAAAAAAAAAAAAAAAGAAAAAAGAAAGA","GGCCAGGCGCAGTGGCTCACATCTGTAATCCCAGCACTTTGGGAGGCCAAGGAGGGTGAATCACTTGGGGTCAGAAGTTCGAGACCAGCCTGGCCAACATGATGAAACCCAGTCTGTACTGAAAATACAAAAATTAGCCAGGCATGGTGGCGGGCCCCTGTAATCCCAGCTACTTGGCAGGCTGAGAGAGGACAATCGCTTGAAACCAAGAGGCTGAGGTTGCAGTGAGCTGAGATGGTGCCACTGCACTCCAGCCTGGGCGACAGAGACTCCGTCTCAAAAAAAAAATAAAATAAAGA"
"chr1","9811294","9811586","chrX","8693862","8694157","39","1117432","GCCGGGCGCGGTGGCTCACGCCTGTAATCCCAGCAGTTTGGGAGGCCGAGGCGGGCAGATCACCTGAGGTCAGGGGTTCAGGACCAGCCTGGCCAACATGGCAAAACCCTGTCTCTACTAAAAATACAAAAAATCAGCCAGGCACAGTGGCAGACACCTGTAATTCCACTTACGAGGCTGAGGCAGGAGAATCGCTTGAACCTGGGAGGCGGGGATTGCAGTGAGCGGAGATTGTGCCAGTGCACTCCAGCCTGGGCGACAGAGCAAGACTCTGTCTCAAAAAAAAAAAAAAA","CCAGGTGCAGTGGCTCATGCCTGTAATCCCAGCACTTTGGGAGGCCGAGGCAGGCAGATCACTTGAGGTCAGGAGTTTGAGACCAGCCTGGCCAACATGGCGAAACCCTGTCTCTACTAAAAAATACAAAAATGAGCCAGGCATGGTGGCAGGCACCTGTAATCCCAGTTACTCAGGAGGCTGAGGCAGAAGAATCACTTGAACCTGGGAGGCAGAGGTTACAGTGAGCTGAGATCGTGCCACTGCGCTCCAGCCTGGGCAACAGAGCGAGACTCCATCTCAAAAAAAAAAAAAAA"
"chr1","9819435","9819720","chr10","127520952","127521243","38","117701517","CGGGCCTGTGGCTCATTCCTGTCATCCCAGCACTTTGGGAGCCCAAGGCAGGTGGATCACTTGAGGTCAGGAGTTCGAGACCAACCTGGCCAACATGGTGAAACCCCCATCTCTACTAAAAATACAAAAATTAGCTGGACGTGGTGGCAGGCGCCTGTAATCCCAGCTACTCGGGAGGCTGAGGCAGGAGAATCGCTTGAGCCCAAGAGCTGAGATTGCACCACTGCACTCCAGCCTGGGCTACAGAGTAAGACTCTGTTTCAAAAAAACAAAACAAACCAACAAA","CTGGGCGCAGTGGCTCACACCTGTAATCCCAGCACTTTGGGAGGCCAAGGCAAGTGGATCACCTGAAGTCAGGAGTTCGAGACCAGCCTAGCCAACATGGTGAAACCCCATCTCTACTAAAAATACAAAAATTCGCTGGGCGTGGTGGCGGGCGCCTGTAGTCCCAGCTACTCGGGAGGCTGAGGCACGAGAATCGCTTGAACCCAGGAGGCCAAGATCGCACCACTGCACTCCAGCCTGGGCAACAGAGTGAGAGACTAGGTCTCAAAAAAATTTTAAAAAAAGAAAAAAA"
"chr1","9845734","9846030","chr2","58438463","58438758","31","48592729","GGCTGGGCGCAGTGGCTCACGCCTGTAATCCCAGCACTTTGGGAGGCCAAGACGGGTGGATCACCTGAGGTCAGGAGTTTGAGACCAGCCTGGCCAACAGGGTGAAAGCCCGTCTCTACTAAAAATACAAAAATTAACCGGGCGTTGTGGCAGGTCCCTGTAATCCCAGCTATTTGGGAGGCTGAGGCAGGAGAATCACTTGAACTCAGGAGGTGGAGGCTGCAGTGAGCCAAGATGATACCATTGCACTCCAGCCTGGGCGACAGAGTGAGACTCCATCTCAAAAAAAAAAAAAAA","GGCCAGGCGCAGTGGCTCATGCCTGTAATCCCGGCACTTTGGGAGGCCAAGGAGGGTGGATCACCTGAGGTCAGGAGTTTGAGACCATCCTGGCCAACATGGTGAAACCCCATCTCTACTAAAAATATAAAAATAGCCGGGCGTGATGGTGGGCACCTGTAATCCAGCTATTTGGGAGACTGAGGCAGGAGAATCACTTGAGCTCAGGAGGTGGAGGTTGCAGTGAGCCAAGATCATGCCACTGCACTCCAGCCTAGGTGACAGAGTGAGACTCCATCTCAAATAAATAAATAAAA"
"chr1","9858720","9859012","chr20","122020063","122020341","34","112161343","GCTAGACGTGGTGGCTTGCGCCTGTAATCCCAGAACTTTGAGAGGCTGAGGCGGGCAGATCAACTAAGGTCAAGAGTTCAAACCAGCCTGGCCAATATGGTGAAACTCTGTCTCTACAAAAATACAAAAATTAGCCAGGCATGATGGCAGATGCCTGTAATCTCAGCTACTTGGGAGGCTGAGGTGGGAGAATCACTTAAACACAGGAAGTGGAGGCTGCAGTGAGCCAAGATAGCACGACTGCATTCCAGCCTGGGCGACAGCGAGACTCTGTCTCAAAAGAAAAAAAAAAA","GGCTAGGCGTGGTGGCTTGCGCCTGTAATCCCAGAACTTTGGGAGGCTGAGGAGGGCAGATTGACTGAGGTCAAGAGTTCAAGACCAGCCTGCCAAGAAACTCTGTCGCTACAAAAATTAGCCAGGCATGATGGCAGATGCCTATAATTCCAGCTACTTGGGAGGCTGAGGTGGGAGAATCACTTTAACACGGGAAGTGGAGGTTGCAGTGAGCCAAGATAGCACCACTGCATTCCAGCCTGGGCGACAGCGAGACTCTGTCTAAAAAAAAAAAAGAAA"
"chr1","9859773","9860019","chr20","122019046","122019291","25","112159273","CAGATCACTTGAGGTCAGGGGTCTAAGACCAGCCTGATCAACATGATGAAACCCCCGCTCTACTAAAAATAAAAAATTAGCCAGGCCTGGTGCGAGGTGCCTATAATCTCAGCTACTTGGGAGGCTGAGGCAGGAGAATTGCTTGAACCCAGGAGGTTGCAGTGAGCCAAGAGTGTGCCACTACTCTCCAGCCTAGGTGACAAAGCTAGACTTCGTCTTAGAAAAAAAACAATAAATAAGAAGAAAA","CAGATCACTTGAGGTTAGGAGTTCAAGAGCAGCCTGATCAACATGATGAAACCCCGTCTCTAGTAAAAATACAAAACTTAGCCAGGCGTGGTGCCGGGTGCCTGTAATCCCAGCTACTCGGGAGGCTGAGGCAGGAGAATCACTTGAACCCAGGAGGTTGCAGTGAGCCAAGAGCGTGCCACTACTCTCCAGCCTAGGTGACAAAGCTAGACTTTGTCTTAGGAAAAAAAAAAAAAAAGAAAAAAA"
"chr1","9863062","9863390","chr20","122015718","122016041","37","112152656","GGCCAGGCGCGGTGGCTCACACATGTAATCCCAGCACTTTGGGAGGCCAAGGTGGGCGGATCACCTGAGGTCAGGAGTTCAAGACCAGTCTGGCCAACACGGTGAAACCCTATCTCTACTAAAAATACAAACAACAACAACAAAAAATTAGCTGGGCGTGGTGGTGGGCACCTGTAATCCCAGCTACTCGAGAGGCTATAAGGTAGGAGAATCACTTGAACCCGGGAGGCAGCGGTTGCAGTGAGCTGAGATCGCACCACTGTACTCCAGCCTGGGGAACAGAGTGAGAAACTGTCTCAAAAAAAACCCACAAAAACAAAAACAAAAAA","GGCCAGGCATGGTGGCTCACACATGTAATCCCAGCACTTTGGAAGGCCAAGGTGGGTGGATCACCTAAGGTCAGGACTTCAAGACCAGCCTGGCCAACATGGTGAAACCCCATCTCTACTAAAAATACAAAAAAAAAAAAAAAAGTTAGCTGGGTGTGGTGGCAGGCACCTGTAATCCCAGCTACTCGAGAGGCTGAGACAAGAGAATCACTTGAACCCAGGAGGCAGAGGTTGTAGTGAGCTGAGATTGTGCCACTGTACTCCCGCCTGGAGAACGTAGTGAGACTATGTCTCAAAAAAACCCACAAAAACAAAAACAAAAAA"
"chr1","9870612","9870913","chr2","13824542","13824843","34","3953930","GGCCGGGTGTGGTGACTCACGCCTGTAATCCCAGTACTTTGGGAGGCTGAGGCGGGCGGATCACTTGAGATCAGGAGTTCAAGACCATCCTGGCCAATATGGTGAAATCCCATCTCTACTAAAAATACAAAAATTAGCGAGGCTTGGTGGCAGGCGCCTGTAATCCCAGCTGCTTGGGAGGCTGAGGCATGAGAATCGCTTGAACCCAGAAAGTGGAGGTTGCAGTGAGCTGAGATGCTACCACTGTACTCCAGCCTGGGCAACAGAGTGAGACTCTGTCTCAAAAAAAGAAAAAGAAACAA","GGCCGGGTGCGGTGGCTCACACCTGTAATCCCAGCACTTTGGGAGGCCGAGGCGGGCGGATCACATGGTTAGGAGTTCAAGACCAGCCTGGCCAATATGGTGAAACCCCATCTCTACTAAAAATACAAAAATTAGCCGGGTGTGGTGGCAGGCGCCTATAATCCCAGCTACTTGGGAGGCTGAGGCAGGAGAATCGCTTGAACCTAGGAGGTGGAGGTTGCAGTGAGCCGAGATGGCACCACTGCACTCCAGCCTGGGTGATAGAGTGAGAATCTGTCTCAGAAAAAAAAAAAGAAAGAAAA"
"chr1","9874879","9875180","chr4","31876349","31876651","31","22001470","GGCCGGGTGTGGTGGCCCACACCTGTAATCCCAGCATTTTGGGAGGCCAAGGTGGGTGGATCATCTGAGGTCAGGAGTTCGAGACCAGCCTGGCCAACATGGTGAAACCCGTCTCGACTAAAAATACAAAAATTAGCTGGACGTGGTGGCAGGCACCTGTAATTCCAGCTACTCAGGAGGCTGAGGCATGAGAATCGCTTGAACCTGGGAGGCGGAAGTTGCAGTGAGCCGAGATCATGCCACTGCACTCCAGCCTGGGCGACAGAGTGAGACTCCATTTCAAAAAAAAAAAAAAGAGAAAA","GGCCGGCTGCAGTGGCTCATACCTGTAATCGGAGCACTTTGGGAGGCCAAGGCAGGTGGATCACTTGAGGTCAGGAGTTCAAGACCAGCCTGGCCAACATGGTGAAACCCCATCTCTACTAAAAATACAAAAATTAGCTGGGCATGGTGGCTGGCACCTGTAATCCCAGCTACTCAGGAGGCTGAGACAGGAGAATTGCTTGAACCTGGGAGGCGGAAGTTGCAGTGAGCCAAGATCACGCCACTGCACTCCAGCCTGGGCAACAGAGCTAGACTCCATCTCAAAAAAAAAAAAAAAAAAAAA"
"chr1","9878492","9878777","chr3","65777125","65777417","42","55898633","GGCCAGACGCCGTTGCTCCACCTGTAATCCCAGCACTCTGGGAGACTGAGGCAGGTGGATCACCTGAGGTCAGCAGTTTGCGGCCAGCCTGGCCAACAAAGCGAAACCCTCCCTCTACTAAAAATACAAAAATTAGCCGGGCGTGGTGGCGGCGGGCGCCTGTAATCCCAGCTACTCAGGAGGCTGAGGCAGGAGAATCGCTTGAACCTGGGAGGTTGCAGTGAGCCAAGATCGCACCACTGCACTCCAGCCTGGGCAACACAGCGAGACTGTCTCAAAAAAAAAA","GGCCAGATGCAGTGGCTCACGCCTGTAATCCCAGCATTTTGGGAGGCCGAGGTGGGTGGATCACTTGAGGTCAGGAGTTTGAGACCAGCCTGGCCAACATGGTGAAACCCCATCTCTACTAAAAACACAAAAATTAGCCGGGCGTGGTGGCGGGCACCTGTAATCCCAGCTACTCAGGAGCCTGAGGCAGGAGAATCGCTTGAACCTGGAAGGCGGAGGTTGCAGTGAGCCAAGATCGCGCCACTGTACTGTAGCCTGGGCAACAGATCGAGACTTGGTCTCAAAAAAAAAAA"
"chr1","9882254","9882571","chr20","9169732","9170041","44","712522","GGCTGGGTGTGGTGGCTCACGCCTATAATCCCAGCACTTCGGGAGGCCAAGGCAGGCGCATCACCTGGGGTCAGGAGTTCAAGACCAGCCTGGCCAACACGGTGAAACCCTGTTTCTAATAAAAATACAAAAATTAGCAGGGCATGGTGGCGGGCACCTGTAATCCCAGCTAATGGGAGGCTGAGGCAGGAGAATTGCTTGAATCTGGGAGGCGGAGGTTGCAGTGAGCCAAAATTGCACCACTGGACTCCAGCCTGGGCGACAAACTGAGACACCGTCTCAAAAATAAAACAAAATAAAATAAAATAAAATAAAATA","GGCCAGGCATGGTGGCTCACGCCTGTAATCCCAGCACTTTGGGAGGCCGAGGTGGGCGCAGCACCTGAGGTCAGGAGTCCAAGACCAGCCTGGCCAACATGGTGAAACCCTGTCTCTACAAAAATACAAAAATTAGCTGGGCATGATGGTGGGTACCTGTAATCCCAGCTACTTGGGAGGCTGAGGCAGGAGAATTGCTTGAACCCGGGAGGCAGAGGTTGCAGTGAGCCAAGATTGCGCCATGGCACTCCAGCCTGGGGGACAGAGCAAGACTCCATCTCAAAAAAAAAAAAAAAAAAAAAAAAAAAAA"
"chr1","9882881","9883175","chr3","78270252","78270545","33","68387371","GGACGGGCATGGTGGCTCAAGCCTGTAATCGCAGCACTTTGGGAGGCCAAGGCGGGTGGATCACATAGGTCAGGAGTTCAAGACCATCCTGGCCAATATGGTGAAACCCCATCTCTACTAAAAATACAAAAATTAGCGAGGCGTGGTGGCAGGCACCTGTAATCCCAGCTACTCGGGAGGCTGAGGCAGGAGAACTGCTTGAACCCGGGAGGCAGAGGTTGCAGTGAGCTGAGATTGCACCACTGCACTCCAGCCTGGGTGACAGAGCAAGACTGTTTCAGGAGAAAAAAAAAAA","GGCCGGGTGTGGTGGCTCACGCCTGTAATCCCAGCACTTTGGGAGGCCAAGACGGGTAGATCACCTGAGGTCAGGAGTTCGAGACCAGCCTGGCCAACATGGTGAAACCCCATCTCTACTAAAACTACAACAAATTAGCTGGGTGTGGTGGCAGGCACCTGTAATCCCAGCTAGTCTGGAGGCTGAGGCAGGAGAATTGCTTGAACCCAGGAGGCAGAGGTTGCAGTGAGCCGAGATTGCACCACTGCACTCCAGCCTGGGGGACAGGGCAAGACTCCATCTCAAAAAGAAAAA"
"chr1","9897906","9898215","chr1","93758090","93758391","39","83860184","GGCTGGGCGCGGTGGCTCACGTCTGTAATCCCAGCACTTTGGGAGGCCGAGGCAGGCAGATCACCTGAAGTCAGGAGTTCGAAACCAGCCTGGCCAACATGGCGAAACCCCCGTCTCTACTAAAAACACTAAAAATTAGCCAGGTGTGGTGGTGGGTGCCTGTAATCCCAGCTACTCAGGAGGCTGAGGCAGGAGAATTGCTTGAACCCGGGAGGTGGAGGTTGCAGTGAGCTGAAATTGATTGTGCTATTGCACTCCACTGCAGCCTGGCTGACAGAGTGAGACTCCGTCTCAAAAAAAAAAAAACAAA","GCTGGGTGCGGTGGCTCACGACTGTAATCCCAGCACTTTGGGAGGCCAAGGCAGGCAGATCACCGGAGGTCAAGAGTTCGAGACCAGCCTGGCCAACATGGCAAAACCCCATCTCTACTAAAAATACAAAAATTAGCCACGTGTGGTGGCGGGCGCCTGTAATCCCAGCCACTCAGGAGGCTGAGTCAGGGAGAATCGCTTGAACCCGGGAGGTGAAGGTTGCAGTGAGCTGAGATTGTGCCACTGAACTCCAGCCTGGGTGACAGAGGGAGACTCCATCTCAAGAAAAAAACAAAACAAAA"
"chr1","9903277","9903569","chr16","72650947","72651238","36","62747670","GGCTGCACGTGGTGGCTCACACCTGTAATCCCAGCACTTTGGGAGGCCGAGGCAGGCGGATCACTTAAGGTCAGGAGTTCAAGACCAGCAGCTTGGCCAACATGCTGAAACTCCATCTCTACTAAAAATACAAAAATTAGTGGGCATGGTGGTGGGCACCTGTAATCCCAACTACTCAGGAGGCTGAGGCAGGAGAATTGTTTGAACCCAGAAGGCGGAGGTTGCAGTGAGCTGAGGCTGTGCCACTGTGCTCCAGCCTGGGTGGCAGAGTGAGACTCCATCTCAAAAAAAAA","GGCCAGGCACGGTGGCTCACGCCTGTAATCTCAGCACTTTGGGAGGCCGAGGCAGGTGGATCACCTGAGGTCAGGAGTTCAAGACTAGCCTGGCCAACATGGTGAAACCCCATCTCTACTAAAAATACAAAAATTAGCTGGGCATGGTGGCGGGCACCTGTAATCCCAGCTACTCAGGAGGCTGAGGCAGGAGAATTGCTTGAACCCAGGAGGTGGAGGTTACAGTGAGCCGAGATCGCGCCACTGCACTCCAGCCTGGATGACAGAATGAGACTCTGTCTCAAAAAAATAA"
"chr1","9903603","9903952","chrX","22581294","22581621","70","12677691","GGCCAGGCCCAGTGGCTTATGCTTGTAATCCCAACACTTTGGGAGGCTGAGGCGGGTGGATCACCTGAGGTCAGGAGTTCCAGACCAGTCTGGCCAACATGGGGAAATCATGTCTCTACTAAAAATACAAAAATTAGCTGGGCATGGTGGCGGGTGCCTGTAATCCCAGCTACTCGGGAGGCTGGGGCAGGAGAATCATTTGCTACTCGGGAGGCTGGGGCAGGAGAATCATTTGAACCCGCGAGGTGAAGGCTGCAGTGAGCTGAGATCGGTCGTGCCACTGCACTCCAGCCTAGGCGACAGCGAGACTCCATTTCAGGGGGAAAAATAACAACAATAACAACAAAAAA","CCGGGCGTGGTGGCTCATGCCTGTAATCCCAGCACTTTGGGAGGCCGAGGCAGGCGGATCACCTGAGGTCAGGAGTTCGAGACCAGACTGGCCAATGTGGTGAAACCCCGTCTCTACTAAAACTACAAAAATTAGCAGGGCGTGGTGGCGGGCGCCTGTAATCGCAGCTACTCGGGAGACAGGAGAATCGCTTGAACCTAGGAGGCAGGAGAATCACTTGAACCTGGGAGGTGGAGGTTGCAGTGAGCCGAGATCATGCCACTGCACTCCAGCCTGGCGACGGACTGAGACTCCATCTCAAAAAAATAATAATAATAAAATAAAAAAA"
"chr1","9908180","9908486","chr1","57381049","57381356","43","47472869","GGTTGGGCATGGTGGCTGACGCCTCTAACAGCACTTTGGGAGGCCAAGGTGCCCGGATCACTTGAAGTCAGGAGTTTGAGACCAGCCTGGCCAACATGGTGAAACCCTGTCTCTACTAAACACAGAAAAATTAGCTGGGCGTGGTGGTGGGCACCTGTAATCCCAGCTACTCGGGGGGCTGAAGCAGGAGAACTGCTTGAACCTAGGAGGCAGAGGTTGCAGTGAGCTTAGATCATGCCACCGCACTCCAGCCTGGGCGACAGGGCAAGACTGTCTCCAAAAACAAAAACAAACAAACAAAAAAAAA","GGCTCGGCGCTGTGGCTCACGCCTGTAATCCCAGCACTTTGGGAGGCCGAGGCGGGTGGATCACCTGAGGTCAGGAGTTTGAGACCAGCCTGGTCAACATGGTGAAACCCTGTCTCTACTAAAAACACAAAAATTAGCTGGGTGTGGTGGTGGGTGCCTGTAGTCCCAGCTACTTGGGAGGCTGAGGCAGGAGAATCGCTTGAACCTGGGAGGCAGAGGTTGCAGTGAGCCGAGATTATGCCACTGCACTCCAGCCTGGGCGACAGAGCCAGACTCCCTCTCAAAAAACAAACAAACAAACAAAAAAA"
"chr1","9925221","9925519","chr20","121956179","121956474","21","112030958","GACCAGGTGAGGTAGCTCAGCCCATAATCCTAGCACTCTGGGAGGCTAAGGCGGGAGGATCACTTGAGGTCAGGAGCTCAGGACCAGCCTGGCCAACATGGTGAAACCCCGTCTCTACTAAAAATATAAAAATTAGCCAGGCATGGTGGCGGGTGCCTAGTAATCCCAGTTACTCAGGAGGCTGAGGCATGAGAATTGCTTGAACCCAGGAAGTGGAGGTTGCAGTGAGCCGAGAGTACACCACTGCACTCCAGCCTGGGTGACAGGGCAAGACTCTGTCTAAAAAACAAAAAGAAAAA","CCAGGTGAGGTAGCTCAGCCTGTAATCCCAGTACTCTGGGAGGCTGAGGCGGGAGGATCACTTGAGGTCAGGAGTTCAGGACCAGCCTGGCCAACATGGTGAAACCCCCTCTCTACTAAAAATACAAAAATTAGCCGGGCATGGTAGCGGGTGCCTAGTAATCCCAGTTACTCAGGAGGCTGAGGCATGAGAATTGCTTGAACCCAGGAGGTGGAGGTTGCAGTAAGCCAAGAATGCGCCACTGCACTCCAGCCTGGGTGACAGGGTGAGACTCTGTCTAAAAAACAAAAGAAAAA"
"chr1","9928009","9928297","chr20","121949465","121949756","26","112021456","GGCCGGGCATAGTGCTCACGCCTGTAATCCCGGCACTTTGGAAGGCCAAAGCAGCTGGATCACTTGAGGTCAGGAGTTGGAGACCAGCCTGGCCAACATGGTGAAACCCCGTCTCTACTAAAAATACAAAAATCAGCTGGGCATGGTGGCAGGCACCTGTAATCCCAGCTACTCGAGAGGCTGAGGCAGGAGAATCTCTTGAACCCAGGAGGTGGAGGCTGCAGTGAGCCAAGATAACATCACTGCACTCCAGCCTGGGCGACAGAGTGAGACTCTATCTCAAAAAAAA","GGCCGGGCATAGTGCTCATGCCTGTAATCCCAGCACTTTGGGAGGCCGAGGCAGGTGGATCACTTGAGGTCAGGAGTTGGAGACCAGCCTGGCCAACATGGTGAAACCTCGTCTCTACTAAAAATACAAAAACTAGCCAGGCATGGTGGCAGGCGCCTGTAATCCCAGCTACTCGGGAGGCTGAGGCAGGAGAATTTCTTGAACCCGGGAGACAAAGGCTGCAGTGAGCAAAGATCACATCACTGCACTCCAGCCTGGGCAACAGAGTGAGACTCCATCTCAAAAAAAAAAA"
"chr1","9933496","9933785","chr20","121946939","121947228","23","112013443","GCTGGGTGCAGTGGCTTGCGCCTGTAATCCCAGCACTTTGGGAGGCCGAGGCCAGCGGATCACCTGAGGTCAGGAGTTCGAGACCAGCCTGGCCCACATGGTGAAACCCCATCTCTACTAACTATATAAAAATTAGCTGGGTGTACTGGTGGGCGCCTGTAATTCCAGCTACTTGGGAGGCTGAGGCAGGAGAATTGCTTGAACCCAGGAGGCGGAGGTTGCAGTGAGCCGAGATTGCGCCACTGCACTCCAGCCTGGGTGACAAAGCAAGACTCCATCTTAAAAACAAA","GCTGGGCGCAGTGGCTAACACCTGTAATCCCAGCACTTTGGGAGGCTGAGGCTGGCAGATCACCTGAGGTCAGAAGTTCGAGACCAGCCTGGTCAACATGGTGACACCCCGTCTCTATTAAAAATATAAAAATTAGCTGGGTGTGCTGGTGGGTGCCTGTAATCCCAGCTACTTGGGAGGCTGAGGCAGGAGAATTGCTTGAATCCAGGAGGCGGAGGTTGCAGTGAGCCGAGATTGCACCACTGCACTCCAGCCTGGGTGACAAAGCAAGACTCTGTCTTAAAAACAAA"
"chr1","9939494","9939795","chr20","121940903","121941199","27","112001409","GGCCAGGCACAGTGGCTCATGCCTGTAATCCCAGCACTTTGGGAGGCTGAGGCGGGCAGACCACTTGAGGCCAGGAGTTTGAGACCAGGCTGGCCATCGTGGCAAAACTTTGTCTCTACTAAAAATACAAACATCAGCCAAGCATGGTGGCAGGTGCCTGTAATCCCAGCTACTTGGGAGGCTGAGGCAGGAGAATCACTTGAACCTGGGAGGCAGAAGTTGCAGTGAGCCAAGATGGCGCCACTGCATTGAAGCTTGGGTTGACAGAGCAAGACTCCAACTCAAAAAAAAAAAAAAAAAAA","GGCCAGGCACAGTGGCTCATGCCTATAATCCCAGCACTTTGGGAGGCTGAGGTGGGCAGACCATTTGAGGCCAGGAGTTTGAGACCAGCCTCGCCAACATGGCAAAACTCTGTCTCTACTAAAAATACAAAAATCAGCCAGGCGTGGTGGCGGGCACCTGTAATCCCAGCTACTTGGGAGGCTGAGGCAGGAGAATCACTTGAACCTGGGAGGCAGAAGTTGCGGTGAGCCAAGATGGTGCCACTGCACTGAAGCCTGGGTGACAGAGCAAGACTCCACTCAAAAAGCAAAACAAGA"
"chr1","9942111","9942411","chr20","121940903","121941199","26","111998792","GGCCAGGCACAGTGGCTCATGCCTGTAATCCCAGCACTTTGGGAGGCTGAGGCGGGCAGACCACCTGAGGCCAGGAGTTTGAGACCAGCCTGGCCATCGTGGCAAAACTTTGTCTCTACTAAAAATACAAACATCAGCCAAGCATGGTGGCAGGTGCCTGTAATCGCAGCTACTTGGGAGGCTGAGGCAGGAGAATCACTTGAACCTGGGAGGCAGAAGTTGCAGTGAGCCAAGATGGCGCCACTGCACTGAAGCTTGGGTTGACAGAGCAAGACTCCAACTCAAAAAAAAAAAAAAAAAA","GGCCAGGCACAGTGGCTCATGCCTATAATCCCAGCACTTTGGGAGGCTGAGGTGGGCAGACCATTTGAGGCCAGGAGTTTGAGACCAGCCTCGCCAACATGGCAAAACTCTGTCTCTACTAAAAATACAAAAATCAGCCAGGCGTGGTGGCGGGCACCTGTAATCCCAGCTACTTGGGAGGCTGAGGCAGGAGAATCACTTGAACCTGGGAGGCAGAAGTTGCGGTGAGCCAAGATGGTGCCACTGCACTGAAGCCTGGGTGACAGAGCAAGACTCCACTCAAAAAGCAAAACAAGA"
"chr1","9943412","9943682","chr8","35991745","35992005","45","26048333","AGGCCAAAGTGGGCAGATCACCAGAGGTCAGGAGTGTGAGACCAGCGTGGCCAACTTGGCAAAACTCCAAGTTTAGTCTCTACTAAAAATACAAAAATTAACTGGGTGTGGTGGCGGGCACCTGTAGTCCCAGCTACTACTTGGGAGGCTGAGGCAGGAGACTCACTTGAACCCCGGGAGGCAGAGGTTGCAGTGAGCCAAGATCGCACCACTGCACTCCATCCTGGGCAACAGAGCGAGACTCCATCTCAAAAAAAAAAAAAAAAAAAAA","GAGGCCGAGGTTGGCAGATCACCTGAGGTCAGGAGTTCGAGACCAGCCTGGCCAACATGGCAAAACCCCATCTCTACTAAAAATACAAAAAGTAGCCATGCATGGTGGTAGGGGCCTGTAATCCCACCTACTCGGGAGGCTGAGGCAGGGAGAATGCTTGAACCCGGGAGGCAGAGGTTGCAGTGAGCCAAGATCGCACCACTGTACTCCAGCATGGGCGACAGAGTGAGACTCCATTTCAAAAAAAAAAAGAAAAAAAAA"
"chr1","9948237","9948549","chr20","121935275","121935592","32","111987038","GGGCACAGTGGCCATGCCTGTAATCCCAGCACTTTGGGAGGCTGAGACGGGCGGCCACCGGAGGTCAGGAGTTTGAGACCAGCCTGGCCACCCATGGTCAATATGGTGAAACCCCATCTCTATTAAAAATACAAAAATTAGCCGGGAGTAGTGGCGGGCACCTGTAATCCCAGCTACTTGGGAGGCTGAGGCAGGAGCATGGCTTGAACCCGGGAGGCAGAGGTTGCAGTGAGCTGAGATTGCGCCACTGCACTCCAGCCTAGGTGACTGTGGGAGACTCTGTCTCAGAAAAAAAAAAAAAGAAAGAAAGAAA","GCTGGGCATGGTGGCCATGCCTGTAATCCCAGCACTTTGGGAGGCTGAGGCAGGTGGATCACCTGAGGTCAGGAGTTTGAGAGCAGCCTGGCGAACCATGGCCAATATGGTGAAACCCTATCTCTACTAAAAATACAAAAATTAGCCGGAGCAGTGGCAGGCACCTGTAATCCCAGCTACTTGGGAGGCTGAGGCAGGAGAATGGCTTGAACCTGGGAGGCAGAGGTTGCAGTGAGCCGAGATCACGTCACTGCACTCCAGCCTGGGTGACAGTGGGAGACTCCGTCTCAGAAAAAAGAAAGAAAGAAAGAAAGAAAA"
"chr1","9949420","9949709","chr20","121934112","121934401","19","111984692","GGCCAGGCACAGTGGCTCACACCTGTAATTCCAGCACTTTGGGAGGCAGAGGTGGGTGGATCACTTTAGGCCAGGAGTTCAAGACCAGCTTGGCCAACATGGTGAAACCCCACCTCTACTAAAAAGACAAAAATTAGCCAGGTGTGGTGGCAGGCGCCTGTAGTCCCAGCTACTAGAGAGGCTGAGGCAGGAGAATCACTTGAGCCTGGGAGGCAGAGGTTGCAGTGAGCCAAAATTATGCCACTGCACTCCAGCCTGGATGACACAGCGAGACTCCATCTCAGAAAAAA","GACCGGGCGCAGTGGCTCACACCTGTAATCCCAGCACTTTGGGAGGCAGAGGCTGGTGGACCACTTGAGGCCAGGAGTTCAAGACCAGCTTGGCCAACATGGTGAAACCCCATCTCTACTAAAAAGACAAAAATTAGCTGGGTGTGGTGGCAGGTGCCTGTAATCCCAGCTACTAGGGAGGCTGAAGCAGGAGAATCACTTGAGCCTGGGAGGCAGAGGTTGCAGTGAGCCAAAATTACGCCACTGCACTCCAGCCTGGATGACAGAGCGAGACTCCATCTCAAAAATAA"
"chr1","9981583","9981868","chr20","121903333","121903621","36","111921750","GGCTGGGCATGGTGGCTCCCGCCTGTAATCCCAGCACTTTGGGAGGCCAAGGTGTATGGATCACCTGAAGTCAGGAGTTTGAGACCAGCCCGGGCAACATGGTGAAACCCCGTCTCTAATTAGCTGGGTGTGGTGGCGGGAGCCTGTAACCCCAGCTACTCGGGAGGCTGAGGCAGGAGAATTGCTTGAACTGGGAAGGTGGGGGCTGCAGTGAGCCGAGATCGCGCCACTGCACTCCAGCCTGGGTGACAGAACAAAACTCCTTCTCAAAAAAAAAAAAAAAAAA","GGTCAGGCATGGCAGCTCCTGCCTATAATCCCAGCACTTTGGGAGGCCAAAGTGTGTGGATCATCGGAGGTCAGGAGTTTGAAACCAGCCCGGGCAACATGGTGAAACTCCATCTCTAATTCACTGAGTATGGTGGTGGGCGCCTGTAACCCCAGCTACTCGAGAGGCTGAGGCAGAAGAATCACTTGAACTGGGAAGGTGGAGGGCGCAGTGAGCTGAGATTCCGCCACTGCACTCCAGCCTGGGCGACAGAGCAAAACGCCTTCTCAAAAAAAAAAAAAAAAAAAAA"
"chr1","9983798","9984107","chr4","60667016","60667311","45","50683218","GCTGGGCGTGGTGGTTCATGCCTGTAATCCCAGCACTTTGGGAGGCCAAGGTGGGCAGATCACCTGAGGCCAGGAGTTCAAGACCAGCCTGGCCAACATGGCAACATCCTGTCTCTACTAAAAATACAAAAATTAGCTGAGCATGGTGGCAGGTGCCAGTAGTCCCAGCTACCCAGCTACTTGGGAGATTAAGGCAGGAGAACTGCTTGAATCTGGGAGGCGGAGCTTGCGGTGAGCCAAGATCACACCACTTTACTCCAGCCTGGGCAACAGAGCTAGACTCTGTCTCAAAAAAAAAAAATAATAATAA","GCTGGGCAGGGTGGCTCATGCCTGTAATCCCAGTACTTTGGGAGGCCAAGGTGGGCAGATCACTTGAGGTCAGGAGTTCGAGACCAGCCTGGCCAACATGGTAAAACCCCGTCTCTACTAAAAATACACAAATTAGCTGGGCATGGTAGCAGGTGCCTGTAATCCCAGCTACTTGGGAGGCTGAGGCAGGAGAATCGCTTGAACCTGGGAGACAAAGATTGCAGTGAGCCAAGATCACACCACTGCACTCCAGCCTGGGCAACAGAGTGAGACTCTGTCTCAAAAAAGAAAAAAAA"
"chr1","9991500","9991811","chr20","121893744","121894042","39","111902244","GGCCAGGCACAATGGCTCATGCCTGTAATCCCAGCACTTTAGGAGGCCGAGGCAGGCAGATCACCTGAGGTTAAGAGTTTGAGACTAGCCTGGCCAACATGGTGAAACCCAGTCTCTATAAAAAGTACAAAAAATTAGCTGGGCGAGGTGGCGGACACCTGTAATCCCAGCTACTCGGAGACCGAGGCAGGAGAGTCGCTTGAACCTGGGAGGCGGCAGTTGCCTGGAGCCAAGATCATGCCACTGCACTCCAACCTGAGCGACAGAGTGAGACTCCATTTCAAAAAACAAAAACAATAAAACAGAAAAGAA","GGCCAGGCACAGTGGCTCACGCCTGTAATCCTAGCACTTTGGGAGGCCGAGGCGGGCACATCACCTGAGGTTAAGAGTATGAGACTAGCCTGGCCAATATGGTGAAATCCAGTCTCTACAAAAAATTAGCTGGGCATGGTGGCAGGCGCCTGTAATCCCAGCTACTCGGAGGCTGAGGCAGGAGAATCGCTTGAACCTGGGAGGTGGCAGTTGCCTGGAGCCAAGATGATGCCATTGCCCTCCAGCCTGAGCGACAGAGTCAGACTCCGTCTCAAAAAACAAAAACAAAAACAATAAAA"
"chr1","10010641","10010932","chr20","121873309","121873599","28","111862668","GGCTAGGCGTGGTGGCTCACGCCTGTAATCCCAGCACTTTGGGAGGCTGAGGCGGGCGGATCACGTGAAGTCAGGAGTTCAAGACCAGCCTGCCCAACATGGCAAAACCCCATCTCAACTGCAATACAAAAATTAGCTGGGCATGGTGGTGGGTGCCTATAATCCCAGCTACTTGGGAGGCTGAGGTGGGAGAATCGCTGGAACCCAGGAGGCGGAGGTTGCAGTGAGTTGCAATTGTGCCATTACATTCCAGCGTGGGTGACAGAGTAAGACTGTCTCAAAAACAAAACAA","GGCTGGGTGTGGTGGCTCACACCTGTAATCCCAGCACTTTGGGAGACTGAGGCAGGCAGATCACCTGAGGTCAGGAGTTCAAAACCAGCCTGCCCAACATGGCAAAACCCCATCTCTACTGAAATACAAAAGTTAGCTGGGCATGGTGGTGGGTGCCTGTAATCCCATCTACTTGGGAGGCTGAGGCGGGAGAATTGCTGGAACCCAGTAGGCAGAGGTTGCAGTGAGCTGCAATTGTGCCACTATACTCCAGCCTGGGTGACAGAGTAAGACTCTGTCTCAAAAACAAAA"
"chr1","10013108","10013272","chr23","68532882","68533042","27","58519774","GCCAAGCGTGGTGGCAGGCACCTGTAATCCCAGTGACTCAGGTGGCTGAGGCAGGAGAATCACTTGAAGCTGGAAGGTGGAGGTTGCAGTGAGCTGAGATCGTGCCACTGTATTCCAGCCTGTGTGAAGAGTGAGACTCCGTCTCAAAAAATAAAAGAAATAAAA","GTGGTGGCAGGCACCTGGAATCCCAGCCACTCAGGAGGCTGAGGCAGGAGAATCACTTGAACCCGAGAGGTGGAGGCTGCAGTGAGCTGAGATTGTGCCACTGTTCTCCAGCCTGAGTGACAGAGCGAGACTCTGTCTCAAAAATAAATAAATAAATAAAA"
"chr1","10022615","10022917","chr2","47505197","47505502","36","37482582","GGCCAGGTGCAGTGGCTCACCCCTGTATATGCCAACATTTTAGGAGGCCAAGGCGGGCGGATCACCTGAGGTCAGGAGCTCAAGACCAGCCTGGGCAACATGGTGAAAACCCGTCTCTACTAAAAATACAAAAATCAGCTGGGCATGATGGCGAGTGCCTGTAATCCCAGCGACTTGGGAGGCTGAGGCAGGAGAATCGCTTGAACCAGGGAGGTGGAGGTTGCAGTGAGCCAAGATCATGCCACTGCACTCCAGCCTGGGCGACGGAGGAAGACTCCGTCTCAAAAACAAAAAACAAAAAAA","GGTCAGGTGCAGTGGCTCACACCTGTAATCCCAGCACTTTGGGAGGCCGAGGCGGGCAGATCACCTGAGGTCAGGAGTTCAAGACCAGCCTGGCCAACATGGTGAAACCCTGTCTCTACTAAAAATACAAAAAATTAGTTGTGCATGGTGGTGGTCGCCTGTCATCCCACCTACTTGGGAGGCTGAGGCAGGAGAATTGCTTGAACCCGGGAAGTGGAGGTTGCAGTGAGCCAAGATCATGCCACTGCACTCCAGCCTGGGTGACAGAGCAAGACTCTGTCTCAAAAAAACAAAACAAAACAAAAA"
"chr1","10029694","10029986","chr20","121858350","121858653","23","111828656","GCATGGTGGCTCACAGCTGTAGTCCCAGCACTTTGGGAGGCTGAGGCCAACAGATCACTTGAGGTCAGGAGTTCGAGACCAGCCTGGCCAACATGGTGAAACCCCGTCTCTACTAAAAATACAAAAAATTAGCTGGGCATGGTGGCGGGTGCCTGTAATCCCAGCTACTCAGGAGGCTGAGCAGGAGAATCACTTGAATCCAGGAGGTGGAGGTTTCAGTGAGCCAAGATTGCACCACTGTGCTCCAGCCTGGGCAACAGACTGAGACCCCATCTCAAAAAAAAGAAAAAAAA","GGCCGGCATGCTGGCTCACAGCTGTAGTCCCAGCACTTTGGGAGGCTGAGGCCAACAGATCACTTGAGGTCAGGAGTTCAAGACCAGCCTGGCCAACATGGTGAAACCCCGTCTCTACTAAAAATACAAAAAAATTAGCTGGGCATGGTGGCGGGTGCCTATAATCCCAGCTACTCAGGAGGATGAGGCAGGATAATCACTTGAATCCAGAAGGTGGAAGTTGCAGTGAGCCAAGATTGCACCACTGCGCTCCAGCCTGGGCAACAGAGGGAGACCCCATCTCAAAAAAAGAAAAAAAAGATAA"
"chr1","10030625","10030928","chr20","121857416","121857714","33","111826791","GTCGGGTGCGGTGGCACATGCCTGTAATCCCAGCAGTTCAGGAGGCCGAGGCGGGTGGATCACCTGAGGTCAAAAGTTTAAGACCATCCTGGCTGGTAGAGACAGTGAAACCCTGTCTCTACTAAAAATACAAAAATTAGCCAGGCATGGTGGTGGGCGCCTGTAATCCCAGCTACTCGGGAGGCTGAGACAGAAGAATCGCTTGAATCCGGGAGGCAGAGGTTGCAGTGAGCTGAGATCATGCCACTGCACTCTAGCCTGGGTGACAGAGCAAGACTTTGTCTCAAAAAAAAAAAAAAAAAAA","GTCGGGTGCGGTGGCTCATGCCTGTAATCCCAGCACTTTGGGAGGCCGAGGCAGGTGGATCACCTGAGGTCAAAAGTTTGAGACCAGCCTGGTGAACATAGTGAAACCCTGTCTCTACTAAAATACAAAAATTAGCCAGGCATGGTGGTGGGTGCCTGTAATCCCAGCTACTCAGGAGGCTGAGACAGGAGGATCGCTTGAACTTAGGATGCGGAGGTTGCAGTGAGCCAAGATCGTGCCACTGCACTGTAGCCTGGCTGACAGAGCAAAACTCTGTCTTTAAAAAAAAAAAAAAAAAA"
"chr1","10034144","10034455","chr8","35854442","35854754","34","25820298","GGCCGGGCATGGTGGCTCACACCTATAAATCCCAGCACTTTGGGAGGCTGAGGCGGGCAGACACTTGAGGTCAGGAGCTCAAGACCAGCCTGGCCAATATGGTGAAACCCTGTCTCTATGAAAAATACAAAAATTAGCCAGGTGTGGTGGCGGCCACCTGTAATCCCAGCTACTCAGGAGGCTGAGGCAGGAGAATCACTTGAACCTGGGAGGCAGAGGTTGCAGTGAGCTGAGATTGTGCCATTGCACTCCAGCCTGGGTGAGAGAGCAAGACTCCATCTCAAAAAAAATAAATAAAAATAAAAAATAAAA","GGCCAGGCGTGGTGGCTCACACCTGTAATCCCAGCACTTTGGGAGGCCGAGGCCAGCGGATCACCTGAGGTCAGGAGTTCGAGACCAGCCTGGCCAACATGGTGAAACCCTCTCTCTACTAAAAATACAAAAATTAGCCAGGCGTGGTGGTGGGTGCCTGTAATCCCAGCTATTCAGGAGGCTGAGGCAGGGAGAATTGCTTGAACCTGGGAGGCAGAGGTTGCAGTGAGCTGAGATTGTGCCATTGTACTCCAGCCTGGGCGACAGAGCAAGACTCCATCTCTAAATAAATAAATAAATAAATAAAAATAAA"
"chr1","10040064","10040354","chr20","121853885","121854169","33","111813821","GGCCAGGTGCGGTGGCTCATGCCTGTGATCCCAGCACTTTGGGAGGCTGACGCAGGCTGATCACCTAAAGTCAGGAGTTCGAGATCAGCCTGGCCAACATGGCAAAACCCTGTCTGTACTGAAACCACAAAAATTAGCTGGGCGTGGCAGCAGGTGCCTGTAATCCCAGCTACTCAGGAGGCTGAGGCAGGGAGAATCACTTGATCCTGGGAGACGGAGGTTGCAGTGAGCCAAGATCGCACCTCAGCGACAGGGCAAGATTCCGTCTCAAAAACAATAAAATAAATAAAA","GGCCAGGTGCAGTGGCTCACTCCTGTAATCCCAGGACTTTGGAAGACTGATGTAGGCTGATCACCTGAGGTCAGGAGTTCGAGATCAGCCTGGCCAACATGGCAAAACCCTGTCTCTACTAAAAATACAAAAATTAGCTGGGCGTGGTGGCAGGTGCCTGTAATCCCAGCTACTCAGGAAGCTGAGGCAGGGAGAATCACTTGATCCCACGAGATGGAGGTTGCAGTGAGCCAGCATCACACCTCAGCGACAGGGCAAGACTCCATCTCAAAAACAATAAAATAA"
"chr1","10060680","10060970","chrX","20283825","20284115","42","10223145","GGCTGGGCACGATAGCTTACACCTGTAATCCCAGCATTTTGGGAGGCTGAGGCGGGCGGATCACCTGAGGTCAGGAGTTTGAGACCAGCCTGGCCAACATGGTGAAACCTCATCTCTACTAAAAGTACAAAAATCAGCTGAGCGTGGTGGCGGGCACCTACATTCCCAGCTACTCGGGAGACCGAGGCAGGAGAGTCACTTGAACCCAGGAGGCAGAGGTTGCAGTGAACCAAGATCATGCCACTGCACTCCACCTGGGTGACGGTGAGACGCCATCAAAAAAAAGAGAAA","GGCTGGGCGCAGTGGCTCACACCTGTAATCCCAGCACTTTGGGAGGCCGAGGCGGGTGGATCACCTGAGGTCAGGAGTTCGAGACCAGATTGGCCAAAATGGTGAAACCTTGTCTCTACTAAAAATACAAAAATTAGTCGAGTGTGGTGGCAGGCGCCTGTAATCCCAGCTACTCGGGAGCCAAAGCAGGAGAATCGCTTGAACCCGGGAGGCAGAGGTTGCAGTGAGCCAAGATTGTGCCACTGCACTCCCGCCTGGGTGACAGAGTGAGACTCCGTCAAAAAAAATAAA"
"chr1","10069035","10069279","chr8","4805245","4805508","48","5263790","GGCCAGACACAGTGGCTGACGCCTGTAATCCCAGCATTTTGGGAGGCCAGGTGGGTGAATCACCTGAGGTCAGGTGTTCGAGAGCAGCCTGGCCAACATAGTGAAACCCCATCTCTACTAAAAATACAAAAATTAGCCGGGCATGGTGGCAGGCACCTGTAATCCCAGCTACGTGGGAGGCTGAGGCAGAATCGCTTGAACCCGGGAGGCGGAGATTTCCGTGAGCCGAAATCACACCACTGCAC","GGCCAGACACAGTGGCTCACGGCTGTAATCCCAGTACTTCGGGAGGCCCAGGGGAGTGTATCACTTGAGGTCAGTAGTTCAAGACCAGCCTGGCCAACATGGTGAAACCTCATCTCTACTAAAAATACAAAAATTAGCTGTGCATGGTGGCAGGTGCCTGTAATCCCAGCTACTTGGGAGGCTGAGGCAGGAGAAGCTCTTGAACCCGGGAGGTGGAGGTTGCAGTGAGCCAAGATTGTGCCACTCCAGCGGGAGTGACAGAGC"
"chr1","10069321","10069627","chr23","75121731","75122042","34","65052410","GGCTGGCCACGGTGGCTCACGCCTGTAATCCCAGCACTTTGGGAGGCCGAGGCAGGTGGATCACCTGAGGTCAGGTGTTCGAGAGCAGCCTGGCCAACATAGTGAAACCCCATCTCTACTAAAAATACAAAAATTAGCCGGGCATGGTGGCAGGCACCTGTAATCCCAGCTACGTGGGAGGCTGAGGCAGAATCGCTTGAACCCGGGAGGCGGAGATTTCAGTGAGCCGAAATCACACCACTGCACTCCGGCCTGGGCAACAGACCAGGACTCTGTCTCAAAAAAAAAAAAAAAAAGAAAGACAAAA","GGCCGGGCATGGTGGCTCACGCCTGTAATCCCAACACTTTGGGAGGCCGAGGCAGGTGGATCACCTGAGGTCAGGAGTTCGAAACCAGCCTGGCCAACATGGTGAAACCCCATCTCTACTAAAAATACAAAAATTAGCTGGGCGTGGTGGCAGGCACCTGTAATCCCAGCTACTGGGGAGGCTGAAGCAAGGAGAATCGCTTGAACCTGGGAGGCAGAGGTTGCAGTGAGCTGAGATCACACCATTGCACTCCAGCCTGGGGAACAGAGCGAGACTCCATCTCAAAAAAGAAAAAAAAAAGAAAGAAAGAAA"
"chr1","10070433","10070731","chr20","121819015","121819313","31","111748582","GCCAGGCGTGGTGGTTCATGCCTATAATCTCAACACTTTGGGAGGCCAAGGCGGGCGGATCACTTGAGGTCAGGAGTTCGAGATCAGCCTGACCAACATGTCAAAACCCTGTCACTACTAAAAATACAAAAATTAGCCGGGCATGGTTGCAGGTGCCTGTAATCCCACCTACTTGGGAAGCTGAGGCAGGAGAATCACTTGAACCCGGGAGGCAGAGGTTGTAGTGAGCCGAGATTGCGTCACTGCCCTCCAGCCTGGGTGACAGAGCGAGACTCTGTCTCAAAAGAAAGAAAAAGAAA","GCCAGGCACAGTGGCTCATGCCTATAATCTCAGCACTTTGGGAGGCCAAGGCGGGCGGATCACTCGAGGTCCAGAGTTCGAGATCAGCCTGATCAATATGTCGAAACCCTGTCTCTACTAAAAATACAAAAATTAGCGGGGTGTGGTTGCAGGCACCTGTAATCCCAGCTACTTGGGAGGCTGAGGCAGGAGAATCACTTGAACCCGGGAGGCGGCAGTTGAAGTGAGCTGAGATCGCGTCACCACTCTCCAGACTGGATGACAGAGCGAGACTCTGTCTCAAAAGAAAAAAAAAGAAA"
"chr1","10085942","10086233","chr20","121804962","121805259","33","111719020","GACCGGACGCGATGGCTCACGCCTGTAATCCCAACACTGTGGGAGGCTGAGGCAGGCAGATCACCTGAGGTCAGGAGTTCAAGACCAGCCTAGCCAACATGGTGAAACCCCATCTCTACTAAAAATACAAAAATTAGCTGGGCATGGTGGCAGGCACCTGTATTCTTAGCTACTCAGGAGGCTGAGGCAGGAGAATCGCTTGAACCCAGGAGATGGAAATTGCAGTGAGCCAAGATTTTGCCACTGCACTCCAGCCTGAGCAGCAGAGTGAGACTTAGTCTCAAATATAAAA","GGCTGAGCGTTGTGACTCACACCTATAATCCCAACACTTTGGGAGGCTGAGGGAGGCGGATCACCTGAGGTCAGGAGTTCAAGACCAGCCTAGCCGACATGGTGAAACCGCATCTCTACTAAAAATACAAAAATTAGCTGGGCATGGTGGCAGGCGCATGTGATCTTAGCTACTCAGGAGGCTAAGGCAGGAGAATCTCTTGAACCCAGGAAATGGAAATTGTAGTGAGCCAAGATTTTGCCACTGCACTCCAGCCTGGGCAATAGAGTGAGACTTAGTCTCAAAAAAAAAGAGAAAA"
"chr1","10086553","10086827","chr11","47097187","47097462","41","37010634","GGCTGGGCACAGTGGCTCGAGCCTGTAATCCCAACACTTTAAAAGGCCATGGCGGGCAGATCACCTGAGGTCAGGAGTTCAAGACCAACCTGGCCAAAGTGGTGAAACCCTGTGTCTACTAAAAATACAAAAATCAGCTGGGCATGTTGGCAGGCATCTATAATCCCAGCTACTCAGGAGGGTGAGGCAGGAGAATTGCTTAAACCTGGGAGGCAGAGGTTGCAGTGAGCCAAGATCTTTCCACTGCACTCCAGCCTGGGCGACAGAGTGAAACT","GCTGGACGCAGTGGCTCACACCTGTAATCACAGCACTTTGGGAGGCCAAGGTGGGCAGATCACCTGAGGTCAGGAGTTTGAGACCAGCCTGGCCAACTTGGTGAAACCCTGTCTCTACTAAAATTAGAAAAATTAGCTGGGCATGGTGGCAGGCACCTGTAATCCCAGCTACTTGGGAGGCTGAGGCAGGAGAATTGCTTGAACCCAGGAGGCAGAGGTTGCAGTGAGCTGAGATCGTGCCACTGCACTCCAGCCTGGGTGACAGAGGGAGACGCC"
"chr1","10104690","10104985","chr20","121788122","121788413","30","111683432","GGCTGGGTGCAGTGGCTCATGCCTGTAATCCCAGCACTTTGGAAGGCCGAGGTGGGCAGATCACCTGAGGTCAGGAGTTCAAGACCAGCCTGTCTAACATGGCGAAACCCCATCTCTACTAAAAATACAAAATTAGCCGGACATGGTAGTGGGTGCCTGTAATCCCAGCTACTCAGCAGGCTGAGGCAGGAGAATTGCTTGAACCCGGGAGGCGGAGGTTGCAGTGAGCGGAGATCGCACCACTGCACTCCAGGCTGGGAGACAGAGTGAGACTCCATCTCAAAAACAAAAAACAA","GGCTGGGTGCAGGGGCTCACGCCTGTAATCCCAGCACTTTGGGAGGCCAAGGTGGGTAGATCACCTGAGGTCAGGAGTTCAAGATTAGCCTGTCTAACATGGCAAAGCCTCATCTCTACTAAAAATACAAAATTAGCCGGACATGGTAGTGGGCGCCTGTAATCCCGGCTACTTGGGAGGCTGAGGCAGGAGAATTGCTTGAACCTGGGAGGTGGAGGTTGCAGTGAGCCAAGATGGTGCCACTGCACTCCAGCCTCACAGAGTGAGATTCCATCTCAGAAACAAAAAACAA"
"chr1","10110307","10110578","chr20","121782785","121783047","33","111672478","GCCTGTAACCCTAGCACTTTTGGAGGCCAGGGCGGGCAGATCACTTGAGGTCAGGAGTTCAAGACCAGCCTGGCCAACATGGCGAAACCCCACCTGTACTAAAAATACAAAAATTAGCCAGGCATGGTGGCGGGCGCCTGTAATCCCAGCTACTCAGGAGGCTGAGGCACGAGAATCACTTCAACCCAGGAGGTGGAGGTTGCACTGAGCCAAGATCGCGCCACTACACTCCAGCCTAGGTGATAGAGCGAAACTCAGTCTAAAAAAAAAAA","GCCTGTAACCCTAGCACTTTTGGAGGCCAAGGCGGCAGATCACTTGAGGTCAGGAGTTCAAGACCAGCCTGGCTAACGTGGTGAAACCCCACCTATACTAAAAATACGAAAATTAGCTGGACATGGTGGCGGATGCCTGTAATCCCAGCCACTCAGGAGGCTGAGGCACGAGAATCACTTGAACCCAAGAGGCAGAGGTTGCACTGAGCCAAGATCACACGACTGCACGCCAGCCTAGGTGATAGAGCAAGACTCAGTCTCAA"
"chr1","10116850","10117160","chr20","121776161","121776471","26","111659311","CTGGGCGTGGTGGCTCATGCCTGTAATTCCAGCACTTTGGGAAGCTTAGGTGGGTGGATCTTTTAAGGTTGGGAGTTCGAGACCTACCTGGCCAACATGGTGAAACTCCACCTCTTCTAAAATATATAAAAATTAGCCAGGCATGGTGGCAGGTACCTGTAATCCCAGCTACTCAGGAGGCTGAGGCAGGAGAGTTGCTTGAACCCAAGAGGCAGAGGTTGCAGTGAGCCAAGATTGCGCCATTGCACTCCAGCCTAGGCGACAGAGTGAGATTCTGTCTCAAAAAATAAAATAGAATAAAATAAAATAAA","GGCTGAGCGTGGTGGCTCATGCCTGTAATTCCAGCACTTTGGGAAGCTTACGTGGGTGGATCTTTTAAGGTTGGGAGTTCGAGACCAGCCTGGCCAACATGGTGAAACTCCACCTCTACTAGAAAATATGAAAATTAGCCAGGCATGGTGGCAGGTATCTGTAATCCCAGCTACTCAGGAGGCTGAGGCAAGAGAGTTGCTTGAACCCAAGAGGCAGAGGTTGCAATGAGCCAAGATCACACCATTGTACTCCAACCTGGGCGACAGAGTAAGACTCTGTCTCAAAAAATAAAATAAAAGAAAAAGAAAAA"
"chr1","10125516","10125821","chr20","121767714","121768020","17","111642198","GGCCAGGCGTGGTAGTTCACACCTGTAATCCTAACACTTTGGGAGGCTGAGGAGGGCAGATCACCTGAGGTCAGGAGTTCGAGACCAGCCTGGCCAACATGGCAAAACCCCATCTCTACTAAAAATACAAGAATTAGTCAGGCGTGGTGGGGGGTGCCTGTAATCCCAGCTACTCGGGAGGCTTAGGCAGGAGAATCTCTTGAACCCGGGAGGTGGAGGTTGCAGCAAGCTGAAATCTCGCTACTGCACTCCAGCCTAGGTGACAGAGCAAGAATCCATCTCAAAAAATAAATAAATAAAATAAAA","GGCTGGGCGTCGTAGTTCATGCCTGTAATTCTAACACTTTGGGAGGCTGAGGCGGGCAGATCAACTGAGGTCAGGAGTTCGAGACCAGCCTGGCCAACTTGGCAAAACCCCATCTCTACTAAAAATACAAGAATTAGTAAGGCGTGGTGGGGGGATGCCTGTAATCCCAGCTACTCTGGAGGCTTAGGCAGAAGAATCTCTTGAACCCAGGAGGTGGAGGTTGCAGCGAGCTGAAATCTCGCTACTGCACTCCAGCTTAGGCGACAGAGCAAGAATCCATCTCAAAAAATAAATAAATAAAATAAAA"
"chr1","10129523","10129829","chr11","35570300","35570602","44","25440777","GCCAGGTGCGGTGGATTATGCCTGTAATCCTAACACTTTGGGAGGCCAACGCAGGCGGATCACCTGAGGTCAGTAGTTTGAGACCAGCCTGGGCAACACAGCAAAACCCTGTCTCTCCAAAAGAATTCAAAAAGTAGGCGGGCGTGCTGGCAGGAGCCTGTAATCCCAGCTACTTAGGAGGCTGAGGCAGGAGAATCACTTGAACCCGGGAGGTGGAGGTTGGTTGCAGTAAGCCAAGATCGTGCCACTGCACTCCAGCCTGGGTGACAGAGCGGGACTCCATCTCAAAAAAAAAAAAAAAAAAAAA","GGCTGGGTGCGGTGGCTTATGCCTGTAATCCCAGCACTTTGGGAGGCCAAGGCGGGCAGACCACCTGAGGCCAGGAGTTTGAGACCAGCCTGGCCAACATGGTGAAACCCTGTCTCTACTAAAAATACAAAAATTAGCTGATGTGGTGGCAGGTGCCTGTAATCCCAACTACTTAGGAGGCTGAGGCAGGAGAATCGCTTGAACCTGGGAGGGGGAGGTTGCAGTGAGCTGAGATCGTGCCACTGCTCTCCAGCCTGGGTGACAGAGCAAGAATCCATCTCAAGAAAAAAAAAAAAAAAAAAA"
"chr1","10135342","10135641","chr7","25556195","25556495","31","15420853","GGCTGGGTGCGGTGGCTCATGCCTGTAATCCCAGCACTTTGGGAGGCTGAAGGGGGTGGATCACCTGAGGTCAGGAATTTGAGACCAGCCTGACCAGCATGGTGAAACCCTGTCTGTACTAAAAATATAAAAATTAGCTGGGCATGGTAGCGGGCACCTGTAATCCCAGCTACTTGGGAGGCTGAGGCAGGAGAATCACTTGAACCCAGGAGGAGGAGGTTGCCGTGAGCTGAGATCAAGCTACTGCACTCCAGGATGGGCGACAGAGTGAGACTCTGTCTGGAAAAAAAAAAAAAAAAA","GGCTGGGTGCAGTGGCTCATGCCTGTAATCCCAGCACTTTGGGAGGCTGAGGCAGGCGGATCACTTGAGGTTAGGAATTTGAGACCAGCCTGGCCAACATGGCAAAACCCTGTCTCTACTAAAAATAGAAAAATTAGCCGGGCATGGTGGTGGGCACCTGTAATCCCAGCTACTCGGGATGCTGAGGCAGGAGAATTGCTTGAACCCAGGAGGCAGAGGTTGCAGTGAGTTGAGATCATGCTACTGCACTCCAGCTTGGGCAACAGAGTGAGACTCTGTCTCACAAAAAAAAAAAAAAAAA"
"chr1","10143863","10144131","chr5","16939137","16939401","35","6795274","AGGCCAAGGTGGGCAGATCACCTGAGGTCAGGAGTTCGAGACCAGCCTGGCCAACATGGTGAAACCCCCTCTCTACTCAAAATGCAAAAATTAGCTGGGCATGGTGGCAAGTGCCTGTAATCCCAGCTACTTGGGAGGCTGAGGCAGGGGAATCACTTGAACCCAGGAGACAGAGGTTGCAGTGAGCTGAGATTGTGCCACTCCACTCCACCCTGGGTGACAGAAAGAGACTCTGTCTCAAACAGAAATAGAAAAAAAAGAAAAAGAAA","AGGCCGAGGTGGGCAGATCACCTGAGGTCAGGAGTTTGAGACCAGCCTGGCCAACATGGTGAAACCCCGTCTCTACCAAAAATACAAAAATTAGCCAGGCATGGTGGCGGGCGCCTGTAATCCCAGTTACTTAGGAGGCTGACGCAGGAGAATCACTGGAACCCAGGAGGCAGAGGTTGCGGTGAGCCAAGGTTACACCACTGCACTCCAGCCTGGGCAACAGAGTGAGACTCTGTCTCAAAAAAAAAAAAAAAAGAAAAAAAAA"
"chr1","10144509","10144569","chr19","21716674","21716744","25","11572165","GGCCAGGTGCAGCGGCTCATACCTATAATCTCAGGACTTTGGGAGGCCGAGGCAGACGGAT","CGGGCACAGTGGCTCATGCCTGTAATCCCAGCACTTTGGGAGGCCGAGGCAGGTGGATCATCTGAGGTCAG"
"chr1","10145143","10145361","chrX","889549","889767","32","9255594","AGGAGTTGAGATCAGCCTGGGCAACATGGTAAAACCCCATCTCTACTAAAAATACAAAAATTAGCCAGGTGTGGTGGCGGGCGCCTGTAATCCCAGCTACTTGGGAGGCTGAGGCACAAGAATCCCTTGAACCCTGGAGGCGGAGGTTGCAGTGAGCCAAGATTGCACCACTGCACTTCAGCCTGGGTGACGGAGCGAAACTCCATTACAAAAAAAAAA","CAGGAGTTCGAGACCAGCCTGGTCAACATGGTGAAACCCCGTCTCTACTAAAAATACAAAATTAGCTGGGTGTGGTGGTGGGCGCCTGTAATCCCACCTACTTGGGAGGCTAAGGCAGAAGAATCACTTGAACCCCAGAGGTAGAGGTTGCAGTGAGCCGAGATCGTGCCACTGCACTCCAGCCTGGATGACACAGGGAGACTATTTCAAAAAAAAAAA"
"chr1","10164355","10164473","chrX","50736978","50737108","34","40572623","GCTGGGCCTGGCGGCGGGCGCCTGTAATCCCAGATACTCGAGGGGCTGACCCAGGAGAATCGCTTGAATTCAGGAGTCAGAGGTTGTAGTGAGCCAAGATAGCACCACTGCACTCCAGC","CTGGGCATGGTAGTGGGTGCCTGTAATCCCAGTTACTCGGGAGGCTGAGGCAGGAGAATCGCTTGAACCCGGGAGGCAGAGATTGCAGTGAGCTAAGATCGTGCCACTGCACTCCAGCCTGGGCAACAGAG"
"chr1","10187236","10187537","chr20","121713090","121713385","28","111525854","GGCCAGGCACGGTGGCTCACACCTTTAATCCCAGCACTTTGGGAGGCCAGGCGGGTGGATCACTTGAGGTCAGGAGTTCAAGACCAGTCTGGTCAACATGGTGAAACCTCACCTCTATCAAAAATACAAAAATTAGCTGGGCATGGCAGCGGGCACCTGTAACCCCAGCTACTCAGGAGGCTGAGGCAGGAGAATTGCTTGAACCCGGGAGGTGGAGGCTGCAGTGAGCAGAGATTGCACCATTGCACTCCAGCCTGGGCAACACAGTGAGACTCTATCTAAAAAAAAAAAAAAAAAAAAAA","GGCCAGGCGCGGTGGCTCATGCCTTTAATCCCAGCACTTTGGGAGGCCGGGCGGGTGGATAACTTGAGGTCAGGAGTTCAAGACCAGCCTGGTCAACATGGTGAAACCCCACCTCTATTAAAAATACAAAAATTAGCTGGGCATGGTAGCGGGCACCTGTAATCCCAGCTACTTAGGAGGCTGAGGCAGGAGAATCGCTTGAACCTGGGAGGCGGAGGTTGCAGTGAGCAGAGATCACGCCACTGCACTCCAACCTGGGCAACATAGTGAGACTCTTTCAAAAAAAAAAAAAAAAA"
"chr1","10189110","10189399","chr6","33908236","33908526","30","23719126","GGCCAGGCGGGTGGCTCACGCTTGTAATCCCAGCACTTTGGGAGGCTGAGGCAGGTAGATAACCTGAGGTCAGGAGTTTGAGACCAGCCTGACCAACAAGGTGAAACCTCGACTCTACTAAAAATACAAAAGTTAGCCAGGCATTTTGGTAGGCGCCTGTAGTCCCAGCTACTCGGGAGGCTGAGACAGGAGAATGGCATGAACCCGGGAGGCAGAGGTTGCAGTGAGCCAAGATCACGCCACCGCACTCCAACCTGGGTGACAGAGCAAGACTCCGTCTCAAAAAAAAA","GGCTGGGCACGGTGGCTCATGCCTGTAATCCCAGCACTTTGGGAGGCTGAGGCAGGTGGATCACCTGAGGTCAGGAGTTTGAGACCAGCCTGGCCAACATGGTGAAACCCCGTATCTACTAAAAATACAAAAATTAGCTGGGAGTGGTGGCAGGCGCCTGTAGTCCCAGCTACTCGGGAGGCTGAGGCAGGAGAATGGCATGAACCCGGGAGGCGGAGGTTACAGTGAGCCAAGATCATGCCACTGCACTCCAGCCTGGGCGACAGAGCGAGACTCTGTCTCAAAAAAAAA"
"chr1","10190525","10190825","chr26","18344490","18344794","35","8153965","GCCAGGTGCAGTGGCTCATGCTCGTAATCCCAGCATTTTGGGAGGCCAAGGTAGGTGGGATCACTTCATGTCAGGAGTTCGAGACCAGCCTGGCCAGCATACTGAAACCTCATCTCTACTAAAAATACAAAAATTAGCCAGGTGTGGTGGTAGGCACCTGTAATCCCAGGTACTTGGGAGGCTGAGGCAGGAGAATCACTTGAACCCAGGAGGCGGAGGTTGCAGTGAGCCAAGATTGTGCCACTGCACTCCAACCTGGGCAACAGAGCAAGACTCCATCTTAAAAAAAAAAAACAAAAAA","GGCCGGGCATGGTGGCTCATGCTTGTAATCCCAGCACTTTGGGAGGCCAAGGTGGGTGGATCACCTGAGGTCAGGAGTTCGAGACCAGCCTGGCCAACATGGTGAAACCCCGTCTCTACTAAAAATACAAAAATTAGCTGGGAGTGGTGGCAGGCACCTGTAATCCCAGCTACTTGGGAGGCTGAGGCAGGAGAATCGCTTGAACCCAGGAGGCAGAGGTTGCAGTGAGCCAAGATCATGCCACTGCACTCCAGCCTGGCCAACAGAGCAAGCCTCCATCTCAAAAAATAAATAAATAAATAAAA"
"chr1","10199243","10199551","chr20","121701209","121701517","26","111501966","GGCCAGGCGTGGTAGCTCACGTGTGTAATCTCAGCACTTTGGGAGGCCGAGGCAGGTGGATCACCTGAGGTCAGGAGTTCGAGACCAGCCTGGCCAACATGGCAAAACCCCATCTCTACTAAAAATACAAAAATTAGCTAGGCATGGTGGTGGGCACCTGTAATCCAGCTACTTAGGAGGCTGAGGCAGGAGAGTTGCTTAAAACCAGGAGACAAAGGTTACAGTGAGCCAAGATCACGTCATTGCACTCCAGCCTAGGCAACAGAGTGAGACTGTCTCAAAAAAAAAAAAAAAAAAAGAAAAGAAAAA","GGCCAGGTGTGGTGGCTCATGTGTGTAATCTCAGCACTTTGGGAGGCCAAGGCAGGCAGATCACCTGAGGTCAGGAGTTCGAGACCAGTCTGGCCAACATGGCGAAAGCCCATCTCTACTAAAAATACAAAAATTAGCGAGGCATGGTGGTGGGCACCTGTAATCCAGCTACTTAGGAGGCTGAGGCAGGAGAGTTGATTGAACCCAGGAGGCAAATGTTGCAGTGAGCCAAGATCGTGTCATTGCACTCCAGCTTAGGCAACAGAGCGTGACTGTATCTCAAAAAAAAAAAAAAAGAAGAAAAGAAAA"
"chr1","10207703","10208019","chr20","121692319","121692630","36","111484616","GGCCGGGTACAGTGGCTCATGCCTGTAATCCTAACACTTTGGGAGGCTGAGGCAGGGGGATCGCTAGGCCCCAGGAGTCTGAGACCAGCATCACCAACATGGTGAAACCCTGTCTCAACTAAAAATACAAAAAAAAAAAATTAGCCAGGAATGGTGGCGGGCGCTTGTAATCCCAGCTACTCGGGAGGCTTAGGCAGTAGAATTGCTTGAACCTGGGAGGTGGAGGCTACAGTGAGCCAAGATCGTGCCACTGCACTCCAGCCTGGGGGACTGAGCAAGACGACATCTCAAAAAAAAAAAAAAAAAAGAAAAGAAAA","GGCCGGGTACAGTGGCTCATGCCTGTAATCCTAACGCTTTGGGAGGCCAAGGTAGGGGGATCGCTTGACCCGAGGAGTCTGCAACCAGCATCACCAACATGGTGAAACCTCATCTCTACTAAAAATACAAAAAAAATTAGCCAGGCATGGTGGCAGGCGCCTATAATTCCAGCTACTCAGGAGGCTGAAGCAGTAGAATTGCTTGAACCTGGGAGGTGGAGGCTACAGTGAGCCAAGATTACGCCACTGCACTCCCGCCTGGGCGACTGAGCAAGACGATGTCTCAAAACAAAAAGAAAGAAAAAAAGAAAA"
"chr1","10211388","10211689","chr2","60500472","60500783","42","50289084","GGTCAGGCGTGGTGGCTCACACCTGTAATCCCAACACTTTGGGAGGACAAGGCAGGTGGATCAGCTGAGGAGTTCAAGACCAACCTGGCCAACATGGTGAAACCCCGTCTCTACTAAAAATACAAAAATTAGCTGGGCATGGTGGCGGGCACCTGTGATCCCAGCTACTCAGGAGGCTGAGGCAGGAGAATTGCTTGAACCCGGGAGGCGGAAGTTGCAGTGAGATTGCGCCACTGCACGCCAGCCTGGGCAACAGAGTGAGACTCTGTCTCAAAAAAATAAAATAAAATAAATTTAAAAAA","GGCCGGGCGCGGTGGCTCACGCCTGTAATCCCAGCACTTCGGGAGGCCAAGGCGGGTGGATCACCTGAGGTCAGGAGTTAGAGACCAGCCTGGCCAACATGGTGAAACCCCGTCTCTGCTAAAAATACAAAAATTAGCTGGGCCTGGTGGCGGGCACCTGTAATCCCAGCTACTTAGGAGGCTGAGGCAAGAGAATCGCTTGAACCTGGGAGGCGGAGGTTGCAGTGAGCCCAGATTGCACCATTGCACTCCAGCCTGGGCAACAGAGTGGGACTCTGTCTCAAAAAACCAAACCAAAACAAAACAAAAAAA"
"chr1","10214633","10214929","chr24","80919794","80920091","41","70705161","CCGGGCGCAGTGGCTCACACCTGTAATCTCAGCACTTTTCAGAGGCCAAGACGGGTGGATCACTTGAGGTCAGGAGTTCGAGACCAGCCTGACCAACATAGTGAAACCCTGTTTCTACTAAAATACAAAAATTAGCCTGGCGCAGAGGCGGGAGCCTGTAATCCCAGCTACTAGGGAGGCTGAGTCAGAAGAATCGTTTGAACCCAGGTGGTGGAAGTTGCAGTGGGCCAAGATCGCACCACTGCACTGCAGCCTGGGTGACACAGCAATACTCCATCTTAAAAAAAAAAAAAAAAA","GCCGGGCACGGTGGCTCACACCTGTAATCCCAGCACTTTGGGAGGCCAAGGCGGGTAGATCACTTGAGGTCAGGAGTTCGAGACCAGCCTGGCCAATATGGTGAAACCCTGCCTCTACTAAAAACACGAAAATTAGCCGGGCACGGTGGCGGGTGCCTGTAATCCCAGCTACTCCGGAGGCTGAGGCAGGAGAATCGCTTGAACCCAGGAGGTGGAAGTTGCAGTGAGCCAAGATCATGCTACTGCACTCCAGCCTGGGGGACGGAGCAAGACTCTGTCTTAAAAAAAAAAAGAAAAA"
"chr1","10219485","10219767","chr20","121686583","121686866","21","111467098","CCGGGCTCGATGGCTCATGCCTGTAATCCTAGCACTTTGGGAGGCCGAGGCAGGTGGATCACTTGAGGTCAGAAGTTCAAGACCAACCTGGAAACCCTGTCGCTACTAAAAATACAAAAACTTAGCTGGGCCTGGTGGCAGGCGCCTGTAATCTCAGCTACTGGGGAGGCTGAGGCAGGAGAATCACTTGAACCCAGGAGGTGGAGGTTGCAGTGAACCAAGATTGTGCCACTGCACTCCAGCCTGGCCGATAGAGTGAGACTCCATCTCAAAAAAAGAAAAA","CCGGGCTTGATGGCTCATGCCTGTAATTCTAGCACTTTGGGAGGCCGAGGCAGGCAGATCACTTGAGGTCAGAAGTTCAAGACCAACCTGGAAACCCTATCTCTACTCAAAATACAAGAAATTAACTGGGCCTGGTGACGGGCACCTGTAATCCCAGCTACTGGGGAGGCCAAGGCAGGAGAATCACTTGAACCCAGGAGGTGGAGGTTGCAGTGAATCGAGATTGTGCCACTGCACTCCAGCCTGGCCAATAGAGTGAGACTCCATCTCAAAAAAAAAAAAAA"
"chr1","10225378","10225689","chr26","20248626","20248937","41","10023248","GGCCAGGCGTGGTGGCTCACACCTGTAATCCCAGGACTCTGGAAGGCCGAGGCCAGTGGATCACCTGAGGTCAGGAGCTCAAGACCAGCCTGGCCAACATGGTGAAACCCTGTCTCTACTAAAAATACAAAAATTAGCCAGGCGCGGTTGCGGGCCTGGCTACTCGGAGCTACTTGGGAGGCTGAGGCAGGAGAATCGCTTGAACCCAGGAGGCGGAGGTTGTGGTGAACCAAGATCGCGCCATTGCACTCCAGCCTGGGCAACAGAGTGAGGCCCTGTCTCAAAAAAAAAAAAAAAAAAAAAAAAAAAAAA","GGCCAGGTGTGGTGGCTCACGCCTGTAATCTCAGCACTTTGGGAGGCTGAGGCAGGAGGATCACCTGAGGTCAGGAGTTCAAGAACAGCCTGGCCAACATGGTGAAACCCCGTCTCTACTAAAAATACAAAAAATTAGCCAGGTGTGGTGGCAGGCGCCTGTAATCCCAGCTACTCAGGAGGCTGAGGCAGGAGAATTGCTTGAACCCAGGAGACGGAGGTTGTGGTGAGCCAAGATCGCGCCACTGCACTCTAGCCTGGGCAACAGAAAAGACTCTGTCTAAAAAAAAAAAAAAAAGAAGAAGAAGAAAAA"
"chr1","10244765","10245066","chr20","121660885","121661186","42","111416120","GGCCAGGCGTGGTGGCTTACATCTGTAATCCCAGCACTATGGGAGGCCAAGGCAGGTGGATCACCTGAGGTCAGGAGTTTGGGACCAACATGGTGAAACCCCATCTCTACTAAAAATACAAAAATTAGCCAGGCGTGGTGGCAGGCGCCTGTAGTCCCAGCTACTTGGGAGGCTGAGCAGGAGAATCACTTGAACCCGGGAGGCGGAGGTTGCAGTGAGCCGAAATTGCGCCACCATACTCCAGCCTGGGCAACAGAGCGAGACTCCATCTCTAAAAAACAACAAACAACAACAACAAAAAA","GGCCAGGTGTGGGGGCTCATACCTGTAATCCCAGCACTTTGGGAGGCCGAGGCAGGTGGATCACCTGAGGTCAGGAGTTTGGGACGAACACAGTGAAACCCCTTCTCTACTAAAAATACAAAAATTAGCTGGGTGTGGTGGCGGGCACCTGTAGCAGCTACTCAGGAGGCTGAGGCAGGAGAATTGCTTGAACCTGGGAGGTGGAGGTTGCAGTGAGCTGAGATCACGCCACTGCACTGCAGCCTGGGCAGCAGAGCGAGACTCTGTCTCTTAATAAAAACAAACAACAACAACAACAAAAA"
"chr1","10246836","10247130","chr28","19188684","19188984","29","8941848","GGCCGGGCGCAGTGGCTCACGCCTGTAATCTCAACACTTTGGGAGGCTGAGGCGGATGGATCACCTGAGGTCAGGAGTTCGAGACCAGCCTGGCCAACGTGGTGAAACCCGGTCTCTACTAAAAATGCAAAAATTAACTGGGTGTGGTGACGGGTGCCTGTAATCCCAGCTACTTGGGAGGCTGAGGTAGGAGAATTGCTTGAACCAAGGAGACGAGGTTGCAGTGAGCCGAGATTACACCACTGCACTCCAGCCTGGGTGACAGAGCAAGACTGTCTCAAAAAAAAAAAAAAAA","GGCCGGGCTCGGTGGCTCACGCCTGTAATCCCAGCACTTTGGGAGGCTGAGGCGGGTGGATCACCTGAGGTCAGGAGTTCGAGACCAGCCTGGCCAACATGGTGAAACCCTGTCTCTACTAAAAATACAAAAATTAGCTGGGTGTGGTGGCGGGTGCCTGTGATCCCAGCTACTCGGGAGGCTGAGGCAGAAGAATCACTTGAATCCAGGAGGCAGAGGTTGCAGTGAGCCGAGATCGCACCATTGCACTCCAGCCTGGGCGACAGAGCAAGACTGTCTCAAAAAAAAAAAAAAAAAAAAA"
"chr1","10267368","10267656","chr3","75495727","75496020","45","65228359","GGCTGGGCACGTGGCTCACACCTGTAATCCCATCACTTTGGGAGGCCAAGGCAGGTGGATCATTTGAGGTCAGAAGTTTGAGATCAGCCTGGCCAACATGTTGAAACCCCATCTCTACTAAAAATATAAGTTAGCCAGGCCTGGTGGCAGGTGTCTATAATTCCAGCTTCTTGGGAGGCTGCAGCAGGAGAATCGCTTCAATCCGGGAGTCAGAGGTTGCAGTGAGCCAGATGATGCCACTTTACTCCAGCCTGGGCAGTAGAGCAAGACTCAGTCTAAAAAAAAAAAA","GCCGGGCACAGTGGCTCACGCCTGTAATTCCAGCACTTTGGGAGGCCGAGGCAGGTGGATCACTTGAGGTCAGGAGTTCGAGATCAGCCTGGCCAACATGGTGAAACCCTGTCTCTACTAAAAATACAAAAATTAGCCAGGCATGGTAGTGGGTGTCTGTAATCCCAGGTAATCGAGAGGCTGAGGCAGGAGAATCGCTTGAACCCAGGAGGCGCAGGTTGCAGTGAGCCAAGATCATGCCACTTCACTCCAGTGTGGGCAATAGAGCGAGACTCAGTCTTAAAAAAAAAAAAA"
"chr1","10271465","10271762","chr20","121633745","121634045","26","111362280","GGCACAGTGGTTCACGCCTGTAATCCCAGCACTTTGGGGGAGGCTGAGGCAGATGGATAACTTGAGGTCAGGAGTTCAAGACCAGCCTGGCCAACATGGCGAAACCGTGTCTCTACTAAAAATACAAAAATTAGCCGGGCTTGGTGGCAGATGCCTGTAGTCATAGCTACTCAGGAGGCTGAGGCATGAGAATCGTTTGAACCCAGGAGGCGGAGGTTGCAGTGAGCCGAGATCATGCTACTGCACTCCAGCCTGGGCGACAGAGCGAGACTCTGTCCCCACCCAAAAAAAAAGAGAA","GGCAAGGCGTGGTGGCTCACGCCTATAATCCCAGCACTTTGGGAGGCTGAGGCGGATGGATAACTTGAGGTCAGAAGTTCAAGACCAGCCTGGCCAACATGGCGAAACCCTGTCTCTACTAAAAATACAAAAATTAACCGGGCTTGGTGGCAGATGCCTGTAGTCACACTACTCAGGAGGCTGAGACATGAGAATTGTTTGAACCCGGGAGGCGGAGGTTGCAGTGAGCCAAGACCGTGCTACTGCACTCCAGCCTGGGCAACAGAGCAAGACTCTGTCCCCAACCAAAAAAAAAAGAGAA"
"chr1","10272599","10272910","chr10","112309013","112309326","31","102036414","GGCTGGGCGTGGTGGCTCACGTCTGTAATCCCAGTACTTTGGAAGGCTGAGGCAGGTGGATCACTTGAGGTCAGGAGTTCGAGACCATCCTGGCCAACGTGGTGAGACCCCGTCTCTACTAAAAATACAAAAATTAGCCAGGTGTGGTGGTGGGCGCCTGTAATCCCAGCTACTCGGGAGGCTGAGGCACAAGAATTGCTTGAACCCAGGAGGCAGAGGTTGCAGTGAGCCGAGATCACGCCACTGTACTCCAGCCTGGGTGACAGGGTGAGACTCTGTCTCAAAAAAAAAAAAAAAAAAAAATCAAGAAAA","GGCCGGGCTTGGTGGCTCACACCTGTAATCCCAACACTTTGGGAGGCTGCGGCAGGTGGATCACCTGAGGTCAGGAGTTCAAGACCAGCCTGGCCAACATGGTGAAACCCTGTCTCTACTAAAAATACAAAAATTAGCCAGGCGTGGTGTTGGGCGCCTGTAATCCCAGCTACTCGGGAAGCTGAGGCAGGAGAATTGCTTGAACCCAGGAGGCAGAGGTTTCAGTGAGCTGATATCACGTCACTGCACTCCAGCCTGGGTGACAGAGAGCAAGACTCTGTCTCAAAAAAAAAAAAAAAAAAAAAAAAAGAGAA"
"chr1","10276759","10277059","chr4","58663187","58663485","40","48386428","GGCCAGGTGCGGTGGCTCACACCTGTAATCCCAGCACTTTGGGAGGCCGAGGCGGGTGGATCACCTGAGATCAGGAATTTGTGACCAGCCTGGCCAACATGGAGAAACCCCGTCTCTACTAAAAATACAAAAATTAGCTGGGCGTGGTGGGCGGCGCCTGTCATCCCAGCTACTCAGGAGGCCGAGGCACGAGAATCGAGTGAACCTAGGAGGCAGAGGTTGCATTGAACTGAGATCACACCAGTGTGCTCCAGCCTAGGAGAAAGGGCAAGACTCCGTCTCAAAAAAGAAAAAAAAAAAA","GGCCAGGTGCGGTGGCTCACGCCTTTAATCCCAGCACTTTGGGAGGCCGAGGCGGGTGGATCACCTGGGGTCAGGAGTTCGAGGCCAGCCTCGCCAACATGGAGAAACCCTGTCTCTACTAAAAATACAAAAACTTAGCTGGGCATGGTGACAGGCGCCTGTAATCCCAGCTACTCAGGAGGCTGAGGCAGGAGAATCGCTTGACCTTGGGAGGCAGAGGTTGCAGTGAGCCAAGATCACGCCATTGCACTCCAGCCTGGGCGACAGAGTGAGACTGTCTCAAAAAAAAAAAAAAAAAA"
"chr1","10279974","10280285","chr20","121608992","121609291","31","111329018","GGCTGGGCGTGGTGGCTCACGCCTGTAATCCTAGCACTTTGGGAGTCCGAGACAGGTGAATCACTTGAGGCCAGGAGTTCGAGACCAGCCTGGCCAACATGGCGAAACCCTGTCTCTACTAAAAATACAAAAGATTATCCAGGTGTGGTGGTGGGGGCCTGTAATGCCAGCTACTTGGGAGGCTGAGGCTGGGGAATTGCTTGAACCGGGACCTGGGAGGTGGAGGTCGCAGTGAGCCAAGATCTTGCCACTGTACTCCAGCCTGGGCTACAGAGTGAGACTCCATCTCAAAAAAAAAAAAAAAAGAAAGAA","GGCTGGGCGCGGTGGCTCACACCTGTAATCCTAGCACTTTGGGAGTCTGAGATGAGTGAATCACTTGACGCCAGGAGTTAGAGACCAGCCTGGCCAACATGGTGAAACCCCGTCTCTACTAAAAATACAGAAGATTATCTGGGTGTGGTGGCAGGGACCTGTAATGCCAGCTACTTGGGAGGCTGAGGCAGGGGAATTGCTTGAACCAGGACCTGGGAGGTGGAGGTTGCAGTGAGCCAAGATCTTGCCACTGTACTCCAGCCTGGGCTACAGAGACTCCATCTCAAAAAAAAAAAAGAA"
"chr1","10288680","10288878","chr7","13022142","13022335","39","2733462","TCTACTAAAAATACAAACGCTAGCCAGCCATGGTGGCAGGTGCCTGTAATCCCAGCTATTTGGAAGGCTGAGGTGGGAGAATCACTTGAACCCAGGAGGCAGAGGTTGCAGTGAGCTGATACCATGCCACTACATTTCACATTTCAGCCTGGGCAACAGAGCGAGACTCCGTCTCAGAAAAGAAAAAAAAAGAAAGAAA","TCTCTACTAAAAATACAAAAATTAGCTGGACATGGTGGTAAGTGCCTGTAATCCCAGCTACTTGGGAGGCTAAGACAGGAGAATTACGTGAACCCAGGAGGGAGAGCTTGCAGTGAGCCGAGATCATGCCACTGCACTCCAGCCTGGGGGACAGAGTGAGACTCCGTCTCAAAAAAAAAAAAAAAAAAAAAAAA"
"chr1","10310821","10311119","chr10","124515532","124515831","35","114204711","GCTGGGTGCAGTGGCTCACGCCTGCAATCCTAGCACTTTGGGAGACCAAGGTGGGTGGATCACCTGAGGGCAGGAGTTCGAGACCAGCCTGGCCAACATGGTGAAACCCCGTCTCTACTAAAAATACAAAAATTAGCTGGGCATGGTGGCGGGCTTCTGTAATCCCAGCTGCTTGGGAGGCTGAGGCACAAGAATCACTTGAACCCGGGAGGCGGAGGTTGCAGTGAGCTGAGATCGGGCCACTGTACTCCAGCCTGGGCTACAAAGTGAGACTCTGTCTAAACAAACAAACAAAAAAA","GGCCGGGCGCGGTGGCTCATGCCTGTAATTCCAGCACTTTGGGAGGCCAAGGCGGGTGGATCACCTGAGGTCAGGAGTTTGAGACCAGCCTGGCCAACATGATGAAACCCCGTCTCTACTAAAAATACAAAAATTAGCTGGGCATGGTGGCGGGCACCTGTAATACCAGCTACGTGGGAGGCTGAGGCACAAGAATCATTTGAACCCAGGAGGCAGAGGTTGCAGTGAGCCAAGATCATGCCACTGCACTCCAGCCTGGGCAACAGAGCAAGACTCTGTCTCAAAAAAAAGAAAAAAAAA"
"chr1","10321343","10321652","chr20","121575953","121576245","47","111254610","GGCCAGGCATGGTGGCTTACACCTGTAATCCCAGCACTTTTGGAGGCCAAAGCGGGCATATCACTTGAGATTGAGACCAGCCTGACCAACATGGTGAAACCCCATCTCTACTAAACCCCATCTCTGACTAATACAAAAATTAGTCAGGTGTGGTGGCAGGTGCCTGTAGTCCCAGCTACTAGGGAGGCTGGGAGGCTGAGGCACGAGAATCGCTTGAACCTGGGAGGTGGAAGTTGCAGTGAGCAGAGATTGCGCCACTGCACTCCAGCTTGGGCGACAGAGCCAGACACAGTCTCAAAGAAAAAAAAAA","GGCCAGGCATGGTGGCTCACACCTGTAATCCCAGCACTTTTAGAGGCCAAAGCAGGTGTATCACTGAGGTTTAGATCAGCCTGACCAACATGGTGAAACTCCATCTCTACTAAAAGAAATAAGAAAAATTAGTCAGGCGTGGTGGCAGGTGCCTGTAATCCCAGCTACTAGGGAGGCTAAGGCACGAGAATCGCTTGAACCCGGGAGGCAGAAGTTGCAGTGAACCAAGACTGTGCCACTGCACTCCAACCTGGGCGACAGAGCCAGACTCAGTCTCAGAGAAAAAAAAAAAA"
"chr1","10324184","10324470","chr20","121573280","121573569","32","111249096","GGCCAGGTGTGGTGGTTCACGCCTGTAATCCCAGCACTTTGGGAGGCCGAAGCAGGCAGATCACCTCAGGTCAGGAGTTCGAGACCAGCCTGGCCAACACAGTGAAACCCCGTGTCTACTAAAAACACGAAAATTAGCTGGGCATGGCGGTGGGCACCTGTAATCCCAGATACTTGGGAGGCTGAGACAGGAGAATCGCTCCGCTTGAACCTGGGGGGCAGAGGTTGCAGTGAGCCGAGATCGAGTCACTGCACTCCAGCCTGGGTGAGAAGGGGAGACTCTGTCTC","GGCTGGGCGTGGTGGTTCACGCCTGTAATCCCAGCACTTTGGGAGGTCCAAGGGGTTGGATCACCTCAGGTGAGGAGTTCGAGACCAGCCTGGCCAACACGGTGAAACCCCGTGTCCACTAAAAACACAAAAATTAGCTGGGCATGGTGGTGGGCACCTGTAATCCCAGCTACTTGGGAGGCTGAGACAGGAGAATTGCTCCGTTGAACCCGGGAGGCAAAGGTTGCAGTGAGTCGAGATTGAACCATTGCACTCCAGCCTGGGTGAGAAAGGGAGATTCTGTCTCTAAA"
"chr1","10327428","10327723","chr20","121568922","121569219","29","111241494","GGCCGGGCGCGGTGGCTCATTCCTGTAATCCCAGCACTTTGAGAGGCTGAGACAGGTGGATCACCTGAGGTCAGGAGTTCAACACCAACCTGACCAACATAGTGAAACACCGTCTCTACTAAAAATACAAAAATTAGCCGGGCGTGGTGGCAGGCACCTGTAATCCCAGCTACTCGGGAGGCTGAGGCAGGAGAATCGCTTGAACCTGGGAGGCGGAGGTTGCAGAGATTTGACATCGTGCCACTGAGCTCAGCCTGGGCGAGAGTAAAACTCTGTCTCAAAACAAAACAAAAAAA","GGCTGGGCGAGGTGTCTCATGCCTGTAATCCCAGCACTTTGGGAGGCTGAGACGGGTGGATCACCTGAGGTCAGGAGTTCAAGATCAACCTGACCAACATGGTGAAACCCTGTTTCTACGAAAAATACAAAAATTAGCCAGGCGTGGTGGCGGATGCCTGTAATCCCAGCTACTCAGGAGGCTGAGGCAGGAGAATCGCTTGAACCCAGGAGGCGGAGGTTGCAGTGATTTGAGATCGTGCCACTGCGCTCAGCCAGGGTGAGAGTAAAACTCCGTCTCAAAACAAAACAAAACAAAA"
"chr1","10335848","10336044","chr1","98656672","98656879","56","88320824","GCCAACATGGGGAAACACTGTCTTTTATTAAAAATACAAAATTAGCTGGGCTGGGGGGGGGGGGGCATATATTCCCAGCTGTTCAGGAGGCGGAGGCAGGAGAATTGCTGAACCCCAGGGGATTGTGCTTCTGCACCCCAGCTTGGGAGACACAGCAAGATTGTCTCAAAAAAAAGAAAAAAAAAGAAAAAGAAAGA","CCAATATGGTGAAACCCCATCTTTATTAAAAATATAAAAATTAGCTGGGTGTGGTGGTGGGCACCCCTAATCTCAGCTACTAGGGAGGCTGAGGCAGGAGAATCACTTGAACCCGGGAGGTGAGATTGAGATCGCACCATTTCACTCTAGCCTGGGCAACAGAGCAAGACCCCGTCTCAAAAAAAAAAAAAAAAAAAAAAAAAAAAAA"
"chr1","10336055","10336327","chr10","88097750","88098024","40","77761695","GCTGGGTGCGGTGGCTCACGCCTGTAACCTCAGCACTCTGGGAGGCTGAGGCAGGTGGATCACCTGAGGCCAGAAGTTCAAGACCAGCCTGGCCAACATGGTGAAACACCGTCTCTACTAAAAATACAAAATTAGCTGGGCTTGGTGGTGGGTGCCTATAATCCCAGCTGCTCAGGAGGCCGAGGCAGGAGAATTGCTTGAACCCAGGAGACTGTGCCTCTGCACCCCAGCCTGGGAGACACAGCAAGACTGTCTCAAAAAAAAAAAAAAAAA","GGCCGGGTGCGGTGGCTCAAGCCTGTAATCCCAGCACTTTGGGAGGCTAAGGCGGGTGGATCACCTGAGGTCAGGAGTTCGAGACCAGCCTGGCCAACATGGTGAAACCCTGTCTCTACCAAGAATACAAAAATTAGCCGGGCGTGGTGGCGGGTGCCTGTAATCCCAGCTACTCGGGAGGCTGAGGCAGGAGAATCACTTGAACCTGGGAATGGTGCCATTGCACTCCAGCCTGGGTGACAGAGCCAGACTCCGTCTCAAAAAAAAAAGAAAAA"
