"KN294145v1","98348","98642","JH378151","8381511","8381803","30","8283163","GGCCAGATGCAGTGGCTCACACCTGTAATCCCAGCACTTTGGGGGGCCAAGGAAGGTGAATTACCTGAGGTCAGGAGTTTGAGACCAGCCTGACCAACATGGAGAAACCCCATCCCTACTAAAAATACAAAATTAGCCAGGCATGGTGGTGCATGCCTGTAATCCCACCTACTTGGGAGGCTGAGGCAGGAGAATCACTTCAACCCGGGAGGTGGAGGTTGCAGTGAGCCGAGATTGCACCACTGCACTCCAGCCTGGGCAACAAGAGTGAAACTCCACTTCTTAAAAAAAAAAA","GCCAGGCGCAGTGGCTCACACCTGTAATCCCAGCACTTTGGGAGGCTGAGGCAGGTGGATCACCTGAGGTCAGGAGTTCAAGACCAGCCTGACCAACATGGAGAAACCCTATCTCTACTAAAAATACAAAATTAGCCAAGCGTGGTGGCGCATGCCTGTAATCCCAGCTACTCGGGAGGCTGAGGCAGGAGAATTGCTTGAACCTGGGAGGCGGAGGTTGCAGTGAGCCGAGATCTCACCACTGCACTCCAGTCTGGGCAACAAGAGTGAAACTCCATTTCAAAAAAATAAAA"
"KN294145v1","114853","115161","JH378152","15994237","15994545","42","15879384","CGGGTGTAGTGGCTTATGCTTGTAATCCCAGCACTTTGGGAGGCTGAAGCGGGCAGATCACCTGAGATCAGGAGTTCGAGACCGGCCTGACCAACATGGAGAAACCCTGTCTCTACTAAAAATACAAAATTAGCCGGGCATGGTGGTGCATGTTTGTAATCCCAGCTACTTGGGAGGATGAGGCAGGAGAATCACTTGAACCCAGGTGGAGGAGGTTGTGGTGAGCCGAGATTGCACCATTGCACTTCAGCCTGGGCAACAAAAGTGAAACTCCGTATGAAAACAAAACAAAACAAAACAAAAAGAGAA","CTGGGCGTGGTGGCTCATGCCTGTAGTCCCAGCACTTTGGGAGGCTGAGGCGGGCAGATCACCTCAAGTCGGGAGTTTGAGACCAGCCTGACCAACATGGAGAAATCCTGTCTCTACCAAAAATACAAAATTAGCCAGGTGTGGTGGCACATGCCTGTAATCCCAGCTACTCAGGAGGCTGAGGCAGGAGAATCACTTGAACCCAGGAGGCGGAGGTTGAGGTGAGCCGAGATCACACCATTGCACTCCAGCCTGGGCAACAAGAGCAAAACTCCATCTCAAAAAAAACAAAAAAAAAAAAGAAAGAAA"
"KN294145v1","140472","140750","JH378279","102782","103056","32","37690","GGCTGGGCACGGTGGCTCACGTCTGTAATCCCAGCACTTTGGGAGGCTGAGGCAAGGGGATCACCTGAGGTCGGGAGATCGAGACCTGCCTGACCAACATGGAGAAACCCCATCTCTACTAAAAATTCAAAATTAGCTGGGTATGGTGGCACATGCCTGTAATCCCAGCTACTCAGGAGGCCAAGGCAGGAGAGTCACTTGAACCCAGGAGGCAGAGGTTGGGGTGAGCTGAGATTGTGCCATTGCACTCCAGCCTGGGCAATAAGAGTGAAACACCAT","GGCTGGGCGGTGGCTCACACGGGTAATCCCAGCACTTTGGGAGGCTGAGGTGGGTGGATCACCTGAGGTCGGGAGTTCAAGACCAGCCTGACCAACATGGAGAAACCCCATCTCTACTAAAAATACGAAATTAGCCAGGTGTGGTGGCACACGCCTGTAATCCCAGCTACTCGGGAAGCTGAGGCAGGAGAATTGCTTGAACCCAGGAGGCAGAGGTTGCAGTGAGCTGAGATTGTGCCATTGCACTCCAGCCTGGGCAACAAGAGTGAAACTCC"
"KN294147v1","55335","55643","JH378135","17495792","17496088","40","17440457","GGCTGGGCGTGGTGGCTCACACCTGTAATCTCAACACTTTGGGAGGCCGAGGCGGACCAATCACCTGAGGACAGGAGTTCGAGACCAGCCTGACCAACATGGAGAAACCACCGTCTCTACTAAAAATACAAAAGTATACAAAATTAGCCAGGCATGGTGGCACATGCCTGTAATCCCAGCTACTCAGGAGACTGAGGCAGGAGAATTGCTTGAACCCGGGAGGCAGAGGTTGTGGTGAGCCAAGATCATGCCATTGTGCTCCAGCCTGGGCAACAAAAGCAAAACTCCATCTCAGAAAAAAAAAAAAAA","GCTGGGCGTGGTGGCTCACGCCTGTAATCCCAGCACTTTGGGAGGCCAAGGTGGGCCGATCACCTGAGATCGGGAGTTTGAGACCAACCTGACCAACATGGAGAAACCCCGTCTCTACTAAAAATACAAAAAAAATTAGCCAGGTGTGGCACATGCCTATAATCCCAGCTACTAGGGAGGCTGAGGCAGGAGAATCGCTTGAACCTGGGAGGCAGAGGTTGCAGTGAGCTGAAATCACACCATTGTATCCAGCCTGGGCAACAAGAGCAAAACTCCATCTCAAAAAAAAAAAAAAAA"
"KN294147v1","135235","135531","JH378116","32209502","32209801","47","32074267","GGCTGGGTGCAGTGGGTCATGCTTATAATCCCAGCACTTTGGGGGGCCGAGAGGGATGGATCACTTGAGGTCAGGGGTTCGAGCCCAGCCTGCCCAACATGGTGAAACCCTGTCTCTACTAAAGAAATACAAAATTAGCCGGGCATGGTGGCATACATCTGTAATCCCAGCTATTTGGGAGGCTGAGACAGGGGAATCGCTTGAACCCAGGAAGCGGAGGTTGCAGTGGGATGAGATCACACCATTGCACTCCAGCCTGCAAAACAAGAGTGAAACTCTGTAAAAAAAAAAAAAAAA","GGCCAGGTGCAGTGGCTCATGCCTGTAATCCCAGCACTTTGGGAGGCCAAGGCAGGTGGATCACCTGAGGTCAGGAGTTTGAGACCAGCCTGTCCAACATGGAGAAACCCTGTCTCTACTAGAAAAATACAAAATTAGCCGGGCGTAATGGCACATGCCTGTAATCTCAGCTACTCAGGAGGCAGAGGCAGGAGAATCACTTGAACCCAGGAGGCAAGGTTGCAGTGAGCTGAGATCACACCATTGCACTCCAGCCTGGGCAACAAGAGTGAAACTCTGTCTGAAAAAAAGAAAAGAAAA"
"KN294147v1","173693","173975","JH378114","29675067","29675349","35","29501374","GACTGGGCGTGGTGGCTCATGCCTGTAATTCCAGCTCTTTGCAGGGCCGAGGCAGGTGGATCACCTGAGGTCGGGAGTGTGAGACCAGGCTGACGAACACGGAGAAACCCCGTCTCTACTAAAAATACAAAATTAGCTGGGCGTGGTGACACATGCCTGTAATCTCAGCTACTAGAGAGGCTGAGGCAGGAGAATCGCTTGAACCCGGGAGGCGGAGGTTGCAGTGAGCCAAGATCACGCCATTGCACTCCAGCCTGGGCAACAAGAGTGAAACTCCGTCTCA","GGCTGGGCATGGTGGCTCATGCCTGTAATCCCAGCACTTTGGGAGGCTGAGGCAGGAGGATCACCTGAGGTTGGGAGTTCGACACCAGCCTGACCAACATGGAGAAACCCCATCTCTACTAAAAATACAAAATTAGCTAGGTGTGATGGTGCATGCCTGTAATCCCAGCTACTCAGGAGACTGGGGCAGGAGAATAGCTTGAACCCGGGAGGCAGAAGTTGCAGTGAGACTAGATCACGCCATTGTACTCCAGCCTGGGCAACAGGAGTGAAACTCCGTCTCA"
"KN294147v1","193424","193719","JH378213","59070","59361","39","134354","GGTGGCTCACGCCTGTAATCCCAGCACTTTGGGAGGCTGAGGCAGGTGGATCACCTGAGATCGAGAGTTTGAGACCAGCCTGACCAATATGGAGAAACCTCGTCTCTACTTTAAAAAAAGTACAAAATTAGCTGGTCATGGTGGCACATGCCTGTAATCCCAGCTACTCCGGCGGCTGAGGCAGAAGAATCACTTGAACCTGGGAGGCGGAGGTTGTGGTGAGCCGAGATAGCGCCATTGCATTCCAGCCTGGGCAACAAGAGCTAAACCCGTCTCAAAAAAAAACAAAAAAAAAA","GTGGCTCACGCCTGTAATCCCAGCACTTTGGGAGGCCGAGGCCGGTGGATCACCTGAGGTCAGGAGTTCGAGACCAGCCTGACCAACATGGAGAAACCTGTCTCTACTGATAATACAAAAATTACCTAGGCATGGTGGCACATGCCTGTAATCCCAGCTACTTGGGAGGCTGAGGCATGGGAATCGCTTGAACCCAGGAGGCGGAGGTTGCGGTGAGCTGAGATCGCGCCATCGCACTCCAGCCTGGGCAAGAAGAGCCAAACTCCGTCTCAAAAAAAAAAAAAAAAAAAAA"
"KN294147v1","217021","217320","JH378197","1421270","1421558","42","1204249","GGCCGGGCGCAGTGGCTCACGCCTGTAATCCCAGTACTTTGGGAGGCCAAGGTGGGTGGGTCACCTGCGGTCAGGAGTTTGAGACCAGCCTGACCAACATGGAAAAACCTCGTCTCTACTAAAAATACAAAAAAAATTAGCCGGGCGTGACCTGTAATCCCAGCTACTCGGGAGGCTGAGGCAGGAAAATCGCTTGAACCCGGGAGGCAGAGGTTGCGGTAAGCCGAGATCGTGCCATTGCAGTATAAACCTGGGCAACAAGAGCAAAACTCTGTCTCAAAAAAAAAAAAAAAAAAAAAA","GGCCAGGCGTGGTGGCTCACGCCTGTAATCCCAGCACTTTGGGAGGCCGAGGCTGGCAGATCACCTGAGGTAGGGAGTTCGAGACCAGCCTGACCAACATGGTGAAACCCGGTCTCTACTAAAAATACAAAATTAGCGAGGCTTATAATCCCAGCTACTCGGGAGGCTGAGGCAGGAGAATCGCTTGAACCCGGGAGGCAGAGGTTGCGGTGATCCAAGATCATGCCATTGCACTCTAGCCTGGGCAACAAGAGCAAAACCCCGTCTCAAAAAAAAAAAAAAAAAAAAA"
"KN294147v1","221392","221700","JH378282","663203","663511","29","441811","CCGGGCACCGTGGATCACGCCTGTAATCCCAGCACTTTGGGAGGCCGAGGTGAGCAGATCACCTGAGGTCAGGAGGTCAAGACCAGCCTGACCAACATGGAGAAACCCTGTCTCTACTAAAAATACAAAATTAGCTAGGCATGGTGGCACATGCCTGTAATCCCAGCTACTCAGGAGGCTGAGGCAGGAGAATTGCTTGAACCTGGGAGGCAGAGGTTGCGGTGACCCTAGATCACACCATTGCACCCAGCCTGGGCAACAAGAGCAAAACTCCGTCTCAAAAAAAAAAAAAAAAAAGAAAAAGAAAAA","CTGGGCACAGTGGCCCATGCCTGTAATCCCAGCACTTTGGGAGGCTGAGGCGGGCAGATCACCTGAGGTCAGGAGTTCAAGACCAGCCTGAACAACATGGAGAAACCCTGTCTCTACTAAAAATACAAAATTAGCTAGGCATGGAAGCACATGCCTGTAATCCCAGCTACTCAGGAGGCTGAGGCAGGAGACTTGCTTGAACCCAGGAGGCAGAGGTTGTAGTGAGCCGAGATTGCACAATTGCACTCCAGCCAGGGCAACAAGAGCGAAACTCCGTCTCAAAAAAAAAAAAAAAAAAAAAGAAAGAAA"
"KN294147v1","222673","222962","JH378123","9356550","9356843","40","9133877","GACCAGGCGTGGTGACTCACGCCTGTAATCCCAGCACTTTGGGAGGCCAAGATGGGTGGATCACCTGAGGTAGGGAGTTCAAGAGTAGCCTGATCCCATCTCTACTAAAAATACAAAATTAGCTGGGCGTGGTGGCACATGCCTGTAATCCTAGCTACTAAGGAGGTTGAGGCAGAAGAATCACTTGAACCCAGGAGGTAGAGGTTGTAGTGAGCCGAGATCGTGCCATTGCACTCCAGCCTGGGTAACAAGAGCGAAACTCCGTCTCAAAAAAAAAAAAAAAAAAAAAA","GGCCGGGCGCGGTGGCTCAAGCCTGTAATCCCAGCACTTTGGGAGGCGGAGGCGGGTGGATCACGAGGTCAGGAGTCCAAGCCCAGCCTGGCCAAGCTCATGTCTACTAAAAATACAAAAAAATTAGCTGGGCATGGTGGCACATGCCTGTAATCCCAGCTACTCAGGAGGCTGAGGCAGGAGAATTGCCTGAACCCAGGAGGTGGAGGTTGCGGTGAGCCGAGATCGCGCCATTGCACTCCAGCCTGGGTAACAAGAGCGAAACTCCGTCTCAAAAAAAAAAAAAAAAAAAAA"
"KN294147v1","323754","324055","JH378124","15582898","15583197","30","15259144","GGCCGGGCGTGGTGGCTCACGCCTGTAATCCCAGCACTTTGGGAGGCTGAGGCGGGCAGATCACCTGAGGTCAGGAGTTTGAGACCAGCCTGACCAACATGGAGAAACCCCGTGTCTACCCAAAATACAAAATTAGCCGGGCATGGTGGCACATGCCTGTAATCCCAGCTACTCGAGAGGCTGAGGCAGGAGAATCGCTTGAACCAGGGAGGTGGAGGTTGCAGTGAGCTGAGATCCCACCATTGCACTCCAGCCTGGGCAAGAAGAGGGAAACTCTATCTCAAAAAAAAAAAAAAAAAGAA","GGCCGGGCATGGTGGCTCACGCCTGTAATCCCAGCACTTTGGGAGGCTGAGGCAGGTGGATCACCTGAGGTTGGGAGTTCAAGACCAGCCTGACCAACATGGAGAAACACCATCTCTACTAAAAATACAAAATTAGCCGGGCATGGTAGCACATACCTGTAATCCCAGCTACTTGGGAGGCTGAGGCAGGAAAATCGCTTGAACCCAGGAGGTGGAGGTTGCAGTGAGCTGAGATCTTGCCATTGCACTCCAGCCTGGGCAACAAGAGCAAAATTCTGTCTCAAAAAAAAAAAAAAAAAA"
"KN294147v1","424235","424433","JH378109","49252682","49252877","34","48828447","GATCAGCCTGACCAACATGGAGAAACCCCGTCTCTACTAAAAATACAGAATTAGTCAGGTGTGGTGGTGCATGCCTGTAATCCCAGTTCCTCGGGAGGCTGAGGCAGGAGAATCACTTGAACGCATGAGGCAGAGGTTGAGGTGAGCTGAGATAGCGCCATTGCACTCCAGCCTGTGCAGCAAGACCAAAACTCTCTCT","CAGCCTGACCAACATGGAGGAACCCCGTCTTTACTAAAAATACAAAATTAGTCAGGTGTGGTGGCACATGCCTGTAATTCCAGCTACTTGCAAGGCTAAGGCAGGAGAATTGCTTGAACCCCAGAGGCAGAGGTTGCAGTGAGCCAAGATCACGCCATTGCACTCTAGTCTAGGCAACAAGAGCAAAACTCTGTTT"
"KN294147v1","446700","446997","JH378206","5150556","5150850","64","4703856","CTGTAATGCCAGCACTTTGGGAGTCAGAGGTGGGCAGATCACCTGCGGTCGGGAGTTCGAGACCAGCCTGACTAACATGGAGAAAACTAAAAGTAAAAAATTAGCTGGGTGTGGTGGTGCACACCTGTAATCACAGCTACTTGGGAGGCTGAAGCAGGAGAATTACTTGAAACCGGGAAGTGGAGGTTGCGGTGAGCCAAGATCGTGCCATTGCACTCTAGCCTGGGCAACAAGAGCAAAACTCTGTCACAAAACAAAATGAAACAAAAATCAAAATGAAACAAAACAAAAAAAAGAA","CTGTAGACCCAGCACTTTGGGAGACCAAGGTGGGTGGATCACCTGAGGTCGGGAGTTCGAGACCAGGCTGACCAACATGGAGAAACCCTGCCTCTACTAAAAAACAAAATTAGCTGGGCATGGTGGTGCATGCCTGTAATTCCAAGCTACTCGGGAGGCTGAGGCAGGAGAATCACTTGAACCTGGGAGGTAGAGATTGTGATGAGCTGAGATCATGCCATTGCATTCCAGCCTGGGCAACAAGAGTGAAACTCTGTCTCAAAAAAAAGAAAAAAAACAACAACAACCAAAAAAA"
"KN294147v1","486977","487278","JH378144","7014110","7014412","30","6527133","GGCCAGGCAGGGTGGCTCACGCCTATGATCCCAGCACTTTGGGAGGCGAAGGCAGGTGGATCACCTGAGGTCGGGAGTTCGAGACCAGCCTGACCAACATGGAGAAACCCCATCTCTACTAAAAATACAAAATTAGCCAGGTGTGGTGGTGCATGCCTGTAATCCCAGCTACTCGGGAGGCTGAGGCAGGAGACTTGCTTGAACCCAGGCGGCGAAAGTTGCGGTGAGCCAAGATCACGCCATTGCACTCCAGCCTGGGCAACAAGAGCGAAACTCTGTCTCAAAATAAATAAACAAATAAA","GGCCAGGCATGGTGGTTCACGCCTATAATCCCAGCACTTTGGGAGGCCAGGGCAGGCAGATCACCTGAGGTTGGAGTTCGAGACCAGCCTGACCAACATGAAGAAACCCCATCTCTACTAAAAATACAAACATTAGCCAGGCGTGGTGGCACACGCCAGTAATCCCAGCTACTTGGGAGGCTGAGGCAGGAAAATTGCTTGAACCCGGGAGGCAGAGGTTGCGGTGAGCCAAGATCCCGCCATTGCACTCCAGCCTGGGCAACAAGAGTGAAACTCTGTCTCAAAACAAACAAACAAACAAAA"
"KN294147v1","577577","577843","AGCE01150524","1065","1327","32","576512","GGCTGGGCGCGGTGGCTCACGCCTGTAATCCCAGCACATTGGGAAGCCGAGGAAGGCAGATCACCTAAGGTCGGGAGTTCCAAGACCAGCCTGACCAATATGGAGAAACCCCATCGATACTAAAAATACAAAAACTTAGCCGGGCGTGGTAGCACATGCCTGTAATCTCAGCTACTTGGGAGGCTGAGGCAGGAGAATCGCTTGAACCCAGGAGGCGGAGGTTGTGGTGAACCAAGATCACGCCATTGCACTCCAGCCTGGACAACA","GGGTGTGGTGGCTCACGCCTGTAATCCCAGCACTTTGGGAGGCTAAGGCGGGCAGATCACCTGAGGTTGGGAGTTCGAGACCATCCTGACCAACATGGAGAAACCTCCGTCTCTACTAAAAATACAAAAACTTAGCTGGGCATGGTGGCGCATGCCTGTAATCTCAGCTACTTGGGAGGCTGAGGCAGGAGAATTGCTTTAACCCGGGAGGCAGAGGTTGTGGTGAGCCAAGATCACGCCATTGCACTCCAGCCTGGGCAACA"
"KN294147v1","677142","677427","JH378216","5614489","5614775","33","4937347","GGCTGGGATCAATGGCTTACACCTGAAATCCCAGCACTTTGGGAGGCTGAGGCGGGCGGATCACCGGAGGTCGGGAGTTCAAGACCAGCCTGACCAACATGGAGAAACCTCGGCTCTACTAAAAATACAAAATTAGCTGAGCGTGGTGGCACATGCCTGTAATCCCAGCTACTCGGGAGGCTGAGGCAGGAGAGTCACTTGAACCTGGGAGGCAGAGGTCGCAATGAGCCGAGGTTGTACCATTGCACTCCAGTCTGGGGAACAAGAGCAAAACTCCATCTCAAAA","GGCTGGGAGCAGTAGCTCACACCTGTAATCCCAGCACTTTGGGAGGCAGAGGCAGGCGGATCACCTAAGGTCAGGAGTTCAAGATGAGCCTGACCAACATGGAGAAACCCCATCTCTACTAAAAATACAAAATTAGCCGGGTGTGGTGGCATATGCCTGTAATCCTAGCTACTCAGGAGGCTGAGGTAGGAGAATCACTTGAACCTGGGAGGCAGAGGTTGCAGTGAGCTGAGATTGCGCCATTGCACTCCAGCCTGGGCAATAAGAGCAAAACTCCATCTCAAAAA"
"KN294147v1","991009","991315","JH378114","31670723","31671027","37","30679714","GACTGGGCATGGTGGCTTTTGCCTGTAATCCCAGCACTTTGGGAGGCCGAGGCGGGTGGATCACCTGAGGTCAGGAGTTTGTGACCAGCCTGACTAACATGGTGAAACCCCCGTCTCTACAAAATACAAAAAAAATTAGCCAGGCGTGGTGGCACATGCCTGTAATTCAAGCTACTTGGGAGGCTGAGACAGGAGAATCGCTTGTATGTGGGAGACAGAGGTTGCAGTGAGCCAAGATCACGCCATTGCACTCCAGCCTGGGCAACAAGAGTGAAATTCCATCTCAAAAAAAAAAAAAAAAAAAAAA","GGCCCGGCATGGTGGCTCATGCCTGTAATCTGAGCACTTTGGGAGGCCGAGGTGGGTGGATCACTTGAGGTCAGGAGTTTGAGACCAGCCTGACGAACATGGAGAAACCCCATCTCTACTAAAAATACAAAATTAGCTGGGTGTGGTGGCACAAGCCTGTAATCCCAGCTACTTGGAGGCTGAGGCAGGAGAATCGCTTGAACCTGGGAGGCAGAAGTTGCAGTGAGCCAAGATCATGCCATTGCACTCCAGCCTGGGTAAAAAGAGTGAAATTCCATCTCAAAAAAAAAAAAAAAAAAAAAAAA"
"KN294147v1","1122857","1123159","JH378119","6124403","6124708","40","5001546","CCGGGCGCGGCTCACACCTGTAATCCCAGCACTTTGGGAGGCTGAGGTGTGCAGATCACCTGAGGTTGGGAATTTGAGACCAGCCTGACCAACATGGAGAAACTCCATCTCTACTAAAAATACAAAATTATCTGGGCATGGTGGTGCATGCCTGTAATCTCAGCTACTTGGGAGGCTGAGGCAGGAGAATTGCTTGAACCCCAGAGGTTGCAGTGAGCCGAGATCGCACCATTGCCCTCCAGCCTGGGCAACAAGAGTGAAACTCCATCTCAAAAGAAAAAAAAAACAAAATCAAAAACAAAA","GCTGGACATGGTGGCTCACACCTGTAATCCCAGCACTTTGGGAGGCGGAGGTGGGCAGATCACCTGAGGTCAGGAGTTCAAGACCAGCCTGACCAACATGGAGAAATTCCGTCTCTACTAAAAATACAAAATTAGCTGGGCATGATGGCGCATGCCTATAATCCCAGCTACTCAGGAGGCTGAGGCAGGAGAATTGCTTGAACCCAGGAGGCAGAGGTTGTAGTGAGCCGAGATCGCACCATTGCACTCCAGCCTGGGCAACAAGAGCAAAACTCCATCTCAAAAAAAAAAAAAAAAAAAAAAAAA"
"KN294147v1","1154947","1155259","JH378167","5351158","5351469","29","4196211","GGCCGAGTGCAGTGGCTCATGCTTGTAATCCCAGGACTTTGGGAGGCAGAGGCAAGCGGATCACCTGAGGTTGGGAGTTCGAGACCAGCCTGACCAACATGGAGAAACCCCATCTCTAACAAAAATACAAAATTAGCCAGGTGTGGTGGTACATGCCTGTAATCCCAGCTACTTGGGAGGCTGAGGCAGGAGAATCGCTTGAACCTGGGAGGTGGAAGTTGCGGTGAGCCAAGATCGTGCCATTGCACTCCAGCCTGGGCAACAAGAGCAGAACTCCATCTCAAAAAAAAAAAAAAAAAAAAAAAAAAAAAAA","GGCCCAGCGCGGTGGCTCACGCCTGTAATCCCAGCACTTTGGGAGGCTGAGGCGGGAGGATCACCTGAGGTTGGGAGTTCGAGACCAGCCTGACCAACATGGAGAAACCCCGTCTCTACTAAAAATACAGAATTAGCCGGGTATGGTGGTGCACGCCTGTAATCCCAGCTACTCGGGAGGCTGAGGCTGGAGAATCGCTTGAACCTGGGAGGTGGAGGTTGCAGTGAGCTGAGATTGTGCTATTGCACTCCAGCCTGGGCAACAAGAGCGAAACTCCATCTCAAAAAAAAAAAAAAAAAAAAAAAAAAAAAA"
"KN294147v1","1156246","1156371","JH378137","7416799","7416925","20","6260553","GGCTGGGCGCAGTGGGTCACACCTGTAATCCAAGCACTTTGGGAGGCCGAGGCGGGCTGAGGTCGGGAGTTTGAGACCAGCCTGACCAACATGGCAAAACCCTATCTCTACTAAAAATACAAAAAT","GGCTGGGTGTGGTGGTTCATGCCTGTAATCCCAGCACTTTGGGAGGCCGAGGTGGGCGGAGGTTGGGAGTTTGAGACCAGCCTGACCAATATAGAGAAACCCTGTCTCTACTAAAAGAAATACAAAA"
"KN294147v1","1206641","1206936","JH378139","19252318","19252611","30","18045677","GGCTGGGCATGGTGGTTCACGCCTATAATCCCAGCACTTTGGGAGGCCGAGGCGGGGGGATCACCTGAGGTTGGGAGTTCAAGACCAGTCTGACCAACATGGAGAAACTCCATCTCTACTAAAAATACAAAATTAGCTGGGTGTGGTGTTGCATGCCTGTAATCCCAGCTATTTGGGAGGCTGAGGCAGGAGAATCGCTTGAACCCGGGAGGCGGAGGTCGCGGTGAGTCGAGATCGCACCATTGCACTCCAGCCTGGGCAACAAGAGCGAAACTCTGTCTCAAAAAAAGAAAAAA","GGCTGGGCATGGTGGCTCACGCCTGTAATCCTAGCACTTTGGGAGGCTAAGGCAGGCGGATCACTTGAGGTTGGGAGTTCAAGACCAGCCTGACCAACATAGAGAAACCCCATCTCTACTAAAAATACAAAATTAACCGGGCGTGGTGGTGCGTGCCTGTAATCCCAGCTACTTGGGAGGCTGAGGCAGGAGAATCGCTTGAACCCAGGAGGCGGAGGTTGTGGTGAGCCGAGATGTCACCATTGCACTCCAGCCTGGGTAACAAGAGTGAAACTCCATCTCAAGAAAAAAAAA"
"KN294147v1","1239571","1239872","JH378170","4783494","4783792","37","3543923","GGTTGGGCGTGGTGACTCACACCTGTAATCCCAGCATTTTGGGAGGCTGAGGTGGGTGGATCACCTGAGGTCAGGAGTTCGAAACCAGCCTGACAACATGGAGAAACGCTGTCTCTACTTAAAATATAAAATTAGCTGGGCATGGTGGCACACGCCTGCATTCCCAGCCAGTCGGGAGGCTGAGGCAGGAGAATTACCTGAACCCAGGAGGCAGAGGTTGCAGTGAGCTGAGATTGCATCATTGCACTCCAGCCTGGGCAACAAGAGTGAAACTCCGTCTCAAAAAACAGAAAACAAAAAAA","GCTGGGTGCAGTGGCTCACACCTGTAATCCCAGCACTTTGGGAGGCTGAGGCGGGCGGATCACCTGAGGTTGGGAGTTCGAGACCAGCCCTGACCAACATGGAGAAACCCCGTCTCTACTAAAAATACAAAATTAGCTGGGTGTGGTGGCACACGCCTGTAATCCCAGCTACTCAGGAGGCTGAGGCAGGAGAATTGCCTGAACCCAGGAGGCGGAGGTTGCGGTGAGCTGAGATCGCGCCATTGCACTCCAGCCTGGGTAACAAGAGCGAAACTCCGTCTCAAAAAAAAAAAAAAAAA"
"KN294147v1","1252186","1252372","JH378276","2333052","2333236","17","1080866","ATACAAAATTAGGCAGGCATGGTGGCGCATGCCTGTAATCCCAGCTACTCGGGAGGCTGAGGCAGGAGAATCGCTTGAACCCAGGAGCCAGAGGTGGCGGTGAGCCAAGATCGCACCATTGCACTCCAGCCTGGGCAACAAGAGCAAACTCTGTCTCAAAAAAAAAAAAAAAAAAAAAAAAAAAAAA","AAAAATTAGCTGGGCATGGTGGCGCATGCCTGTAATCCCAGCTACTCAGGAGGCTGAGGCAGGAGAATTGCCTGAACCCAGGAGGCGGAGGTTGCGGTGAGCCGAGATCGCGCCATTGCACTCCAGCCTGGGTAACAAGAGCGAAACTCCGTCTCAAAAAAAAAAAAAAAAAAAAAAAAAAAAAA"
"KN294147v1","1258512","1258749","JH378193","7906466","7906718","44","6647954","GGCTGGGTGCGGTGGCTCACGCCCGTAATCCCAGCACTTTGGGAGGCGGAGGCGGGTGAATCAACCGAGGTTGGGAATTCAAGACCAGCCTGACCAACATGGAGAAACCCCATCTCTACTAAAAATACAAAATTAGCCGGGTGTGGTGGCACAGCTACTTGGGAGGCTGAGGCAGGAGAATCGCTTGAACCCAGAAGGTGGAGGTTGTGGTGAACCGAGATGGCACCCTTGCACTCCA","GGCCGGGTGCAGTGGCTCATGCCTGTAATCCCAGCACTTTGGGAGGCCGAGGTGGGCAGATCACCTGAGGTGGGAAGTTCGAGACCAGCCTGACCAACATGAAGAAACCCCATCTCTACTAAAAATACAAAATTAGCCAGGCATGGTGGCACATGCCTGTAATCCCAGCTACTCGGGAGACTGAGGCAGGAGAATTGCTTGAACCCTGGAGGTGGAGGTGGAAGTGAGCTGAGATTGCACCATTGCACTCCAG"
"KN294147v1","1276134","1276398","JH378108","33895459","33895719","48","32619325","GGCCGAGGCAGGTGGATCACCTAAGGTCAGGAGTTCAAGACCAGCCTGCCCAATATGGCGAAAACCCTGTCTCTACTAATAATACAAAACAATTATCCAGGTGTGGTGATGCACGCCTCTAATCCCAGCTACTCGGAGAGCTGAGGCAGGAGCATAGCTTGAACCCTGGAGGCAGAAGTTGCAGTGAGCCGAAATCACCCCAATGCACTCCAGCCTGGGCGACAAGAGTGAAACTCTTGTCTCAAGAAAAAAAAAAAAAAGAAAA","CGAGGTGAGTGGATCACCTGAGGTCAGGAGTTTGAGACCAGCCTGACCAACATGGAGAAACCCCATCTCTACTAAAAACACAAAAATTAGCCGGGAGTGGTGGTGCATCCCAGTAATCCCAGCTACTCAGGAGGCTGAGGCAGGAGATTAGCTTGAACCCAGGAGGCAGAGGTTGCAGTGAGCCGAAGGCACGCCATTGCACTCCAGCCTGGGTAGCAAGAGTGAAACTCCGTCTCAAAAAAAAAGAAAGAAAGAAAGAAA"
"KN294147v1","1293013","1293305","JH378139","16259084","16259375","39","14966071","GCCAGGTGCAGTGGCTCATACCTGTAATCCCAGCACTTTGGAAGGCCGAGACAGGTAGATCACCTGAGATAAGGAGTTCGAGATCAGCCTGACCAACATGGTGACACCACGTCTCCACAAAAAATATAAAAATTAGCCAGCCATGGTGGCACATGCCTGTAATTCCAACTACTGGGGAGGCTGAGGCATGAGAATTGCTTGAACCCAGGAGGCGGAGGTTGCAGTGAGCCAAGATTGCGCCATTGCACTCCAGCCTGAGCTACAAGAGCAAAACTCTGTATCAAAAAAAAAAA","GGCCAGGTGCAGTGGCTCACGCCTGTAATCCCAGCACTTTGGGAGGCCAAGGCAGGCGGATCACCTGAGGTTGGGAGTTTGAGACCAGCCTGACCAACATGGTGAAACCCCGTCTCCACTAAAAATACAAAAATTAGCTGGGCATGGTGGCGCGCGCCTGTAATCCCAGCTACTCAGGAGGCTGAGGCAGGAGAATTGCCTGAACCCAGGAGGCGGAGGTTGCGGTGAGCCGAGATCGCGCCATTGCACTCCAGCCTGGGCAACAAGAGCGAAACTCCGTCTCAAAAAAAAA"
"KN294147v1","1310936","1311245","JH378106","70986080","70986388","38","69675144","GCCGGGTGCAGTGGCTCACACCTGTAATGCCAGTACTTTGGGAGGCCGAGGTGGGCAGATCACCTGAGGTCAGGAGTTTGAGACCAGCCTGACCAACATGGAGAAAAACCGTCTCTACTAAAAAAATACAAAATTAGCTAGGCGTGGTGGCACATCCCTGTAATCCCAGCTACTTGGGAGGCTGAGCCAGGAGAATCTCTTGAACCCAGGGGGTAGAGGTTGCAGGGAGCCGAGATTGTGCTATTGCGCTCCAGCCTGGGCAACAAGAGTGAAACTCCATCTCAAACAAACAAACAAACAAACAAACAAA","GCCGGGCACAGTGGCTCATGCCTGTAATCCCAGCACTTTGGGAGACCGACGTGGGCAGATCACCTGAGGTCGGGAGTCCGAGACCAGCCTGACCAACATGGAGAAACCCCATCTCTACTAAAAATACAAAATTAGCCAGGCGTGGTGGTGCATGCCTGTAATCCCAGCTACTCGGGAGGCTGAGGCAGGAGAATCGCTTGAACCCAGGAGATGGAGGTTGCAGTAAGCCAAGATTGTGCCATTGCACTCCAGCCTGGGCAACAAGAGCGAAACTCCATCTCAAAACACAAACAGACAAAGAAACAACAA"
"KN294147v1","1315100","1315375","JH378192","8239736","8240009","29","6924636","GACTGGGCACAGTGGCTCACGCCTGTAATCCCAGCACTTTGGGAGGCTGAGGCAGGCAGATCACCTGAGGTCAGGAGTTCGAGACCAGCCTGATCAACATGGAGAAATCCCGTCTCTACTAAAAATACAAAATTAGCTGGGTGTGGTGGCACATGCCTGTAACCCCAGCTACTTGGGAGGCTGAGGCAGGAGAATCGCTTGAATCTGGGAGGCGGAGGTTGCAGTGAGCCAAGATTGCACCATTGCACTCCAGCCTGGGCAACAAAAGTAAAACTC","GCTGGGCACAGTGGCTCATGCCTGTAATCCCAGCACTTTGGGAGGCTGAGGTGGGTGGATCACCTGAGGTCAGGAGTTGAAGACCAGCCTTACCAACATGGAGAAACCCCATCTCTACTAAAAATACAAAATTAGCTGGGAGGGGTAGCGCATGCCTATAATCCCAGCTACTTGGGAGGCTGAGGCAGGAGAATTGCTTGAACCTGGGAGGTGGAGGTTGCAGTGAGCCGAGATTGTGCCATTGCACTCCAACCTGGGTAACAAGAGCAAAACT"
"KN294147v1","1316242","1316538","JH378172","10004830","10005125","41","8688588","GGCTGGGTGCAGTGGCTCACACCTGTAATCCCAGCACTTTGGAAGGCTGAGGCGGGAGGATCACCTAAGATCAGGAGTTTGAGACCAGCCTGACTAACATGGTGAAACCCTGTCTCTACTAAAAATACAAAAATTAGCTGGGCACAGTGGCATGTGCCTGTAAGCCCAGCTATGTGGGAGGCTGAGGCAGGAGAATCACTTGAACCTGGCACGCGGAAGTTTCAGTGAGCCAAGATTGTGCCAGTGCACTCCAATCTGGGCAATAAAAGCGAAACATTATCTCAAAAAAAAAAAAAA","GGCCGGGTGCAGTGGCTCACACTTGTAATCCCAGCACTTTGGGAGGCTGAGGTGGGCAGATAACCTGAGGTCAGGAGTTTGAGACCAGCCTGACCAACATGGAGAAACCCTGCCTCTACTAAAAATGCAAAATTAGCTGGGCGTGGTGGCAGGTGCCTGTAATCCCAGCTACTTGGGAGGCTGAGGCAGGAGAATCACTTGAACTCAGGGAGGGGAGGCTGCAGTGAGCCAAGATTGTGCCATTGCACTCCAGCCTGGGCAACAAGAGTGAAACTCCATCTTAAAAAAAAAGAGAA"
"KN294147v1","1317583","1317903","JH378167","5351158","5351469","45","4033575","CTGGGTGCAGTGGCTCACGCCTGTAATCCCAGCACTTTGGGAGACCGAGGCGGGTGGATCATCTGAGGTTGGGAGTTCGAGACCAGCCTGACCAATATGGAGAAACCCGTCTCTACTAAAAATACAAAATTAGCCGGGCATGGCGGCCATGCCTGTAATCCCAGCTACTGGAGGAGGGCGGGGTCCGGGCTGAGGCAGGAGAATCGCTTGAACCTGGTAGTTGGAGGTTGCAGTGAGCCGAGATAGCACCATGGCACTCCAGCCTGGGCAACAAGAGCGAAACTCCGTCTCAAAAAAAAAAAAAAAAAAAAGAAAAGAAAA","GGCCCAGCGCGGTGGCTCACGCCTGTAATCCCAGCACTTTGGGAGGCTGAGGCGGGAGGATCACCTGAGGTTGGGAGTTCGAGACCAGCCTGACCAACATGGAGAAACCCCGTCTCTACTAAAAATACAGAATTAGCCGGGTATGGTGGTGCACGCCTGTAATCCCAGCTACTCGGGAGGCTGAGGCTGGAGAATCGCTTGAACCTGGGAGGTGGAGGTTGCAGTGAGCTGAGATTGTGCTATTGCACTCCAGCCTGGGCAACAAGAGCGAAACTCCATCTCAAAAAAAAAAAAAAAAAAAAAAAAAAAAAA"
"KN294147v1","1322238","1322483","JH378186","402687","402936","43","919551","CGGGCAAATCACTTGAGGTCAGGAGTTCAAGACTAGCCTGATCAACATGGTGAAACCCTGACTCTACTAAAAATACAAAATTAGTCATGCATGGTGGGCATGCCTGTAATCACAGCTACTTGGGAAGCTGAGGCAGAATTGGTTGAACCTAGGAGACGGAGGTTGTAGTGAGCCAAGATCATGCCATTGCACTCCAGTCTGGGTTATAAGAGCAAAACGCTGTCTCAAAAAAAAAAAAAAAAAAAA","CGGGCAGATCACCTGAGGTCCAGAGTTCGAGACCAGCCTGACCAACATGGTGAAACCCTGTCTCTACTAAAAATACAAAATTATCTGGGTGTGGTGGCACATGCCTGTAATCCCAGCTACTTGGGAGACTGAGGCAGGAGAATCACTTGAACCCAGGAGGCAGAGGTTGCAGTGAGCTGAGAACACGCCATTGCACTCCAGTCTGGGCAACAAGAGCGAAACACTGTCTCTAATAATAATAATAAAAAAA"
"KN294147v1","1347701","1347954","JH378167","9228054","9228310","33","7880353","GCTAGGCGCAGTGGCTCATGCCTGTAATCCCAGCACTCTGGGAGGCTGAGGCAGGTGGATCACCTGAGGTCGGGAGTTCGAGACCTGCCTGGCCAACACGGAGAAACCCTGTCTCTACTAAAAATACAGAATTAGCTGGGCATGGTGGCGCATGCCTGTAATCCCAGCTACTCGGGAGGCTGAGGCAGAGAATCACTTGAACCCAGGAAGCGGAAGTTGCGGTGAGCCGATATTGCCCCATTGCACTCCAGCCT","GGCTGGGTGCAATGGCTCAAGTCTGTAATCCCAGCACTTTGGGAGGCTGAGGCGGGAGGATCACCTGAGGTCAGGAGTTGGAGACCAGCCTGACCAACACAGAGAAACCCCGTCTCTACTAAAAATAAAAAAATTAGCCAGGTGTGGTGGCGCATGCCTGTAATCCCAGCTACTCAGGAGGCTGAGGCAGGAGAATCGCTTGAACCCAGGAGGCGGAGGTTGCAGTGAGCTGAGATTGCGCCGTGGCACTCCAGCCT"
"KN294147v1","1348210","1348316","JH378105","9022617","9022716","33","7674407","GGCAAGGTGTGGTGGCTCATCCCTGTAACCTTTGGGAGGCTGAGGAAGAAGGATCACCTGAGGAGTTCAAGACCTTCCTGGCCAACATAGACCCAACTCTGCCAAAA","GGCTGGGTGTGGTGGCTTATGCCTAGCACTTTGGGGTGCTGAGGTGGTTGGATCACCTGAGGTCAAGAGTTCAAGACCAGCCTGCCCAGCATGGAGAAAC"
"KN294147v1","1369599","1369888","JH378124","5726096","5726391","34","4356497","GGCCAGGTGTGGTGGCTCACGCCTGTAATCCCAGCACTTTGGGAGGCCGAGGTGGGTGGATCATCTGAGGTCAGGAGTTTGAGACCAGCCTGACCAACATGGAGAAACCCCATTTTCTACTAAAAATATAAAATTAGCTGGGCCTGGTGACACACGCCTGTAATCCCAGCTACTTGGGAGGCTGAGGCAGGAGAATTGCTTGAACCCGGGAGGTGGAGGTTGCAGTGAGCTGAGATTGTGCCATTGCCTGGGCAACAAAAGTGAAACTCTGTCTTAAAAAAAAAAAAAAA","GGCCATGCGTGGTGACTCACGCCTGTAATCCCAGCACTTTGGGAGGCCGAGGTGGGTGGATCACCTGAGGTCAGGAGTTTGAGACTAGCCTGACCAACATAGAGAAACCCCATTTCTACTAAAAATACAAAATTAGCCAGGCATGGTGAGACATGCCTGTAATCCCAGCTACTCGGGAGGCTGAGGCTGGAGAACTGCTTGAACCTGGGAGGTGGAGGTTGCAGTGAGCCGAGATTGCTCCATTGTATTCCAGCCTGGGCAACAAGAGCAAAACTCTGCCTCAAAAAAAAAAAAAA"
"KN294147v1","1390580","1390882","JH378243","4648971","4649267","36","3258391","GACCGAGCGTGGTGGCTCACAGATGTAATCCCAGCACTTTGGGAGGCCAAGGCGGGTGGATCACCTGAGGTCCAGGAGTTTGAGACCAGCCTGACCAGCATGGTGAAACCCCGTCTCTACTAAAAATACAAAACGTAGCCAGGTATGGTGGCGCATGCCTGTAATCCCAGCTACACTGGAGGCTGAGGCAGGGGAATCACTTGAACTTGGGAGGTGGAGGTTGCAGTGAGCTGAGATTGTGCTATTGCATTCCAGCCTGGGCAACAAGAGCAAAACTCCATCTCAAATTAAAAAAAAAAAAAA","GCCAGGCGTGGTGGCTCACACCTGTAATCCCAGCACTTTGGGAGGTCAAGGCAGGTGGATCAACTGAGGTTGGGAGTTCGAGACCAGCCTGACCAACATGGAGAAACCCCATCTCTACGAAAAATACGAAATTAGCCAGGTGTAGTGGTACATGCCTGTAATCCCAGCTACACAGGAGGCTGAGGCAGGAGAATTACTTGAACTCGGGAGGTGGAGGTTGCAGTGAGCTGAGATGGTGCCGTTGCACTCCAGCCTGGGCAACAAGAGCAAAACTCTGTCTCAAAAAAAAAAAAAAAA"
"KN294147v1","1393441","1393775","JH378105","41152511","41152836","61","39759070","GGCTGGGCGCGTTGGCTCACACCTGTAATCCCAGCACTTTGGGAGGCCGAGGTGGGTGGATCATCTGAGGTTGGGAGTCCAAGCCAGCCTGACCAACATGGAGAAATCCCGTCTTTACTAAAAATATAAAACTAGCTGGGCGTGGTGGCGCATCCCTGTAATCCCAGCTACTCGGGAGACTGAGGCAGGAGAATTCTACTCGGGAGGCTGAGGCAGGAGAATCGCTTGAACCTGGGAGGTGGAGGTTGCAGTGAGCTGAGACTGTGCCATTGCACTCCAGTCTGGGTGACAGGTGACAGAGCAAGACTCCGTCTCACAAAAAAAAAAAAAAAAAA","GCCGGGTGCGGTGGCTCAAGCCTGTAATCCCAGCACTTTGGGAGGCCGAGGCGGGTGGATCACGAGGTTGAGAGATCGAGACCATCCTGGTCAACATGGTGAAACCCCGTCTCTACTAAAAATACAAAAAAATTAGGTGGGCATGGTGGCACGTGCCTGTAATCCCAGCTACTCAGGAGGCTGAGGCAGGAGAATTGAGGAGGCTGAGGCAGGAGAACTGCCTGAACCCAGGAGGCGGAGGTTGCGGTGAGCCGAGATCGCGCCATTGCACTCCAGCCTGGGTAACAAGAGCGAAACTCCGTCTCAAAAAAAAAAAAAAAAAAAAA"
"KN294147v1","1402790","1402953","JH378118","14815054","14815222","28","13412264","TAGCCAGTCGTGGTGCTGCACGTCTTTGGTCCCAGCTATTCGTGTGGCTGAGGCAGGAGAATTGCTTGAACCCAGGCGGAGGTTGCAGTGAGCCAAGATCACATCATTGCACTCCAGAATGGGCAACAAGAGCCAAATTCCATCTCAAAAAAAAAAAAAAAAAA","TAGCCGGGCATGGTGGTGCACACCTGTAGTCCCAGCTACTCGGGAGGCTGAGGCAGGAGAATTGCTTGAACCCAGGAGGCGGAGGTTGCGGTGAGCCAAGATCGCGCCATTGCACTCCAGCCTGGGTAACAACAGTGAAACTCCGTCTCAAAAAAAAAAAAAAAAAGAA"
"KN294147v1","1407186","1407479","JH378206","2358566","2358861","38","951380","GCCTGGCGCAGTGGCTCATGCTTGTAATCCCTGCACTTTGGGAGGCCGAAGCAGGCGGATCACCTGAGGTCAGGAGTTCGAGACCAGCCTGACTAACATGGAGAAATCCCATCTCTACTAAAAATACAAAATTAGCCAGGCGTGGTGGTTCATCCCTGTAATCCTCAGTCAGGAAACTGAGGCAGGAGAACCAGTTGAACCCAGGAGGCGGAGGTTGCGGTGAGCTGAGATCGTGCCATTGCACTCCAACTTGGGCAACAAGAGCGAAACTCTGTCTCAAAAAAAAAAAAAAAA","GCCAGGCGCGGTGGCTCATGCCTGTAATCCCAGCACTTTGAGAGGCCAAGGCAGGCTGATCACCTGAGGTCAGGAGTTCGAGAACCAGCCTGACCAACATGGAGAAACCCGATCTCTACTAAAAATACAAAATTAGCCAGGTGTGATGGCGCATGTCTGTAATCCCAGCTACTCAGGAGGCTGAGGCAGGAGAACCACTTGAACCCAGGAGGCGGAGGTTGCGGTGAGCTGAGATTGCAACCATTGCACTCCAGCCTGGGAAACAAGAACGAAACTCTGTATCAAAAAAAAAAAAA"
"KN294147v1","1414976","1415276","JH378125","15893280","15893581","31","14478304","GGCTGGATGCAGTGGCTCACGCCTATATTCCCAGCACTTTGGGAGGCCGAGGAGGGTGGATCACCTGAGGTCGGGAGTTTGAGACCAGCCTGACCAACATGGAGAAACCCCCGTCTCTACTAAAAATGTAAAATTAGCTAGGTGTGGTGACACACGCCTATAATCCCAGCTACTTGGGAGGCTGAGGCAGGAGAATCGATTGAACCTGGGAGGCGGAGGTTGCAGTGAGCCGAGATCGTGCCATTGCACTCCAGCCTGGGCAACAAGAGTGAAACTCTGTCTCAAAAAAAAAAAAAAAAAA","GGCTGGGTACAGTGGCTCACGCCTGTAATCCCAACACTTTGGGAGGCTGAGGCAGGCGGATCACCTGAGGTTGGGAGTTCGAGACCAGCCTGACCAACATGGAGAAACCCCATCTCTACTAAAAATACAAAATTAGCTGGGCAGGGTGGAACATGCCTGTAATCCCAGCTACTTGGGAGGATGAGGCAGGAGAATCGCTTGAACCTGGTAGGCAGAGGTTGCAGTGAGCCGAGATCGTGCCATTGCACTCCAGACTGGGCAACAAGAGTGAAACTCTGTCTCAAAAAAAAAAAGAAGAAGAA"
"KN294147v1","1420962","1421232","JH378112","25153419","25153694","38","23732457","GGCTGGGTGCAGTGGCTCACACCTGTAATCCCAGCACTTTGGGAGGCCGAGGTAGGAGGATCGCCTGAGGTCAGGCCAACATGGAGAAACCCCATCTCTACTAAAAGTACAAAATTAGCCGGGCGTGGTGGTGCATGCCTGTAATCCCAGCTACTTCGGAGGCTAAGGTAGGAGAATTGCCTGAACCCAGGAGGTAGAGGTTGCAGTAAGCTGAGATCACACCATTGTACCTAGCCTGGGCAACAAGAGCAAAACTCCATCTCAAAAAAAA","GGCCAGGCGCAGTGGCTCATGCCTGTAATCCCAGCACTTTGGGAGGCAGAGGTGGGTGGATCACCTGAGGTCAGCCTGACCAACACGGAGAAACCCCAGCTCTACTAAAAATACAAAATTAGCCGGGTGTGGTGGTGTATATCTTTAATCCCAGCTACTCGAGAGGCTAAGGCAGGAGAATTGCTTGAACCCAGAAGGCAGAGTTTGCAGTGAGCTGAGATCATGCCATTGAACTCCATCCTGGGCAACAAGAGCAAAATTCTGTCTCAAAAAAAA"
"KN294147v1","1430139","1430437","JH378113","14455819","14456118","33","13025680","GGCCGGGCACAGTGGCTCACGCTTGTAACCCCAACACTTTGGGAGGCCAAGACGGGTAGATCACCTGAGGTTGGGAGTTCAAGACCAGTCTGACTAACGTGGAGAAACCCCATCTCTACTAAAAATACAAAATTAGCCAGGTGTGGTGGCGCATGCCTGTAATCCCAGCTACTCAGAAGGCTGAGGCAGGAGAATCGCTTGAACCCGGGAGGCGGAGATTGCAGTGAACCAATTGAGCCATTGCACTCCAGCCTGGGCAACAAGAGCGAAATTCCATCTCAAAAAAAAAAAAAAAAAAA","GGCCGGGCGCAGTGGCTCACGCCTGTAATCCCAGCACTTTGGGAGGCCGAGGCAGGTGGATCACCTGAGGTCGGGAGTTCAAGACCAGCCTGACCAACATGGAGAAACCACTTCTCTACTAAAAATACAAAATTAGCCAGGTGTGGTGGTGCATGCCTGTAATCCCAGCTACTCAGGAGGCCAAGGCAGGAGAATCGCTTGAACCTGGGAGGTGGAGGTTGCAGTGAGCTGAGATTGCACCATTGCACTCCAGGCTGGGCAACAAGAGTGAAATTTCATCTCAAAAAAACAAAAAAATAA"
"KN294147v1","1451989","1452300","JH378224","2769148","2769454","44","1317159","GACTGGGCACGGTGGCTAATGCCTGTAGTCCCAGCACTTTGGGAGGCCGAGGCAGGCAGATCACCTGAGGTTGGGAGTTCAAGACCAGCCTGACGAACATGGAGAAACTCTGTCTGTACTAAAAATACAAAATTAGCCAGACATGGTGGCACACACCTGTAATCCCAGCTACTCGCAAGGCTGAGGCGGAAGAATCACTTAAAGCCAGGAAGTGGAGGTTGCAGTAAGCTGAGATTGTACCATTGTACTCCAGCCTGGGTGACAAGAGCAAAACTCCGTCTCAAAGAAAAAAAAGAAAAAGAAAGAAAGAAA","GGCTGGGCGTGGTGGCTCATGCCTGTAATCCCAGCACTTTGGGAGGCCGAGGCGGGCAGATCATCTGAGGTCGGGAGTTCAAGGCCAGACTGACCAACATGGAGAAACCCTGTCTCTACTAAAAATACAAAATTATCCGGGCGTGGTGGCACATGCTGTAATCCCAGGTACTCGGGAGGCTGAGACAGGAGAATCACTTGAACCCAGGAGGCAGAGGTTGCAGTGAGCCGAGATTGTGCCATTGCACTCCAGCCTGGGCAACAAGAACGAAACTCCATCTCAAAAAAAAAAAAAAGAAAGAAAGAAA"
"KN294147v1","1461866","1462175","JH378185","2174597","2174903","36","712731","GGCCAGGCCCAGTGGCTAACCCCTGTAATCCCAGCACTTTGGGAGGCCGAGGTGGGCAGATCACCTGAGGTTGGGAGTTCAAGACCAGCCTGGCCAACGTGGAGAAACCTTGTCTCTACTAAAAATACAAAAAATTAGCCAGGCGTGGTGGTGCACTCCTGTAATCCCCACTGCTCGGGAGGCTGAGGCAGGAGAATCGCTTGAACCTGGGAGGTGGAGGTTGCGGTGAGCCGAGATCACGCCATTGCACTCTAGCCTGGGCAACAAGAGTGAAACTCCGTCTCAAAAACAACAACAACAACAACAAAAA","GGCCGGGCACCGTGGCTCACGCCTGTAATCCCAGCACTTTGGGAGGCCAAGGTGGGCGGATCACCTGAGGTTGGGAGTTTGAGACCAACCTGACCAACATGGAGAAACCTCGTCTCTACTAAATATACAAAAATTAGCCAGGCGTGGTGGTGCATGCCTGTAATCCCAGCTGCTCGGGAGGCTGAGGCAGGAGAATCACTTGAACCTGGAAAGTGGAGGTTTCAGTGAGCCGAGATCTCACCATTGCACTCCAGACTGGGCAACAAGAGTGAAACTTTGTCTCAAAAAAAAAAAAAAAAAAAAAAAA"
"KN294147v1","1513978","1514272","JH378139","19252318","19252611","38","17738340","GGCTGGGTGCGGTGGCTCACGCCTGTAATCCTAGCACTTTGGGAGGCTGAGGCGGGTAGATAACCTGAGGTTGGGAGTTCGAGACCAGCCTGACCAATATGGAGAAACCCCGTCTCTAGTAAAAATACAAAATTAGCCAGGCATGGTGGCTGGCGCATGCCTGTAATCCCAACTACTTGGGAGCCTGAGGCAGGAGAATCACTTGAACCCAGGAGGTGGAGGTTGTGGTGAACCAAAATTGCACAGTTGCACTCCAGCCTGGGCAACAAGAGGGAAACTCCATTTAAAAAAAAAA","GGCTGGGCATGGTGGCTCACGCCTGTAATCCTAGCACTTTGGGAGGCTAAGGCAGGCGGATCACTTGAGGTTGGGAGTTCAAGACCAGCCTGACCAACATAGAGAAACCCCATCTCTACTAAAAATACAAAATTAACCGGGCGTGGTGGTGCGTGCCTGTAATCCCAGCTACTTGGGAGGCTGAGGCAGGAGAATCGCTTGAACCCAGGAGGCGGAGGTTGTGGTGAGCCGAGATGTCACCATTGCACTCCAGCCTGGGTAACAAGAGTGAAACTCCATCTCAAGAAAAAAAAA"
"KN294147v1","1516512","1516814","JH378105","54150095","54150392","36","52633583","GGCTGGGCGCGGTGACTCATGCCTGTAATTCCAGCACTTTGGGAGGCCGAGGCGGGCAGATCACCTGAGGTTGGGAGTTCGAAACCAGCCTGACCAACGTGGAGAAACCCTGTTTCTATTAAAAATACAAAAAATTAGCCATGCATGGTGGCTCATGCCTGTAATCCCAGTCACTCGGAAGGCTGAGGCAGGAGAATCACTTGAACCTGGAAGTTGGAGGTTGTGGTGAGCCAAGATTGCGCCATTGCACTCCAGTCTGGGCAACAAGAGTGAAACTCCATCTCAAAAAAAAAAAAAAGGAAA","GCTGGATATGGTGGCTCATGCCTGTAATCCCAGCACTTTGGGAGGCTGAGGCGGGCAGATCACCTGAGGTTGGGAGTTCGAGACCAGCCTGATCAACATAGAGAAACCCTGTCTCTACTAAAAATACAAAAAATGAGCCAGGCATGGTGGCACATGCCTGTAATCCCAGCTGCTCAGGAAGCTGAGGCAGGAGAATCGCTTGAACCAGGGAGGCGGAGGTTGTAGTGAGCCGAGATGGTGCCATTGCACTCCAGCCTGGGCAACAAGAGTGAAACTCCATCTCAAAAAAAAAAAAAAA"
"KN294147v1","1549818","1550115","JH378187","2995901","2996199","44","1446083","GGCTGGGCACAGTGGCTCACGCCTGTAATCCCAGCACTTTGGGAGGCTGAGGCAGGCGGATCACCTGAGGTTGGGAGTTCGAGATCAGCCTGATCAACATGGAGAAACCCCGTCTCTACTAAAAATACAAAATAAGCCAGGGGTGGTGGCACATGCCTGTAAACCCAGCTGCTTTGGAGGCCGAGATAGGCGAATCGCTTGAACCCGGGAGGTGGAGGTTGTGGTGAGCCAAGATCGCACCATTGCAACAAGAACAAAACTCCGTTTCCAAAAAAAAAAAGAAAGAAAGAAAAAGAAA","GGCCAGCTGCAGTGGCTCATGCCTGTAATCCCAGCACTTTGGGAGGCTGAGGGGGCCGGATCACCTGAGATTGGGAGTTCGAGACCAGCCTGAACAACATGGAGAAACCCCGTCTCTGCTAAAAATACAAAATTAGCCGGGTGTGTGGTGGCACATACCTGTAATCCCAGCTAATCAGGAGGCTGAGGCAGGAGAATCACTTGAACTCAGGAGGTGGAGGTTGTGGTGAGCCGAGATTGTGCTATTGCAACAAGAGCAAAACTTTGTCTCAAAAAAAAAAAAAAAAAAAAAAAAAAAAA"
"KN294147v1","1588046","1588349","JH378296","1500608","1500907","47","87438","GGCCGGGCACAGTGGCTCACACCCGTAATCCCAGCACTTTGGGAGGCCAAGGTGGGCAGATCACTTTAAGTCAGGAGTTCGAGACCAGCCTGGCCAACATGATGGAAACCCCATCTCTACTAATAACAAAAATCAGCCAGGCATGGTGGTGTATGCCCGAAATCCCTGCTACTTGGCAGGCTGAAGCAGGAGAATCACTTGAGCCTAAGAGGCAGAGGTTATAGTGAGGTGGGATTGTGCTATTGCACTCCGGCCTGGCCAACAAGAGCGAAACTCCAACTCAAACAAAACAAAACAAAAAGAA","GGCCGGGCACACTGGCTCACACCTGTAATCCCAGCACTTTGAGAGGCCGAGGCAGGCAGATCACCTGAGGTCAGGACTTCAAGACCAGCCTGACCAACATGGAGAAACCCCATCTCTAATAAAAATACAAAATTAGCCAGGCATGGTGGTGCATGCCTGTAATCCCAGCTACTTGGGAGGCTGAGGCAGGAGAATCACTTGAACCTGGGAGGCAGAGGTTGCAGTGAGCTAAAATCACGCCATTGCACTCCAGCCTGGACAACAAGAGCGAAACTCCATCTTAAAAAAAAAAAAAAAAAA"
"KN294147v1","1609874","1610196","JH378113","28428906","28429220","55","26819032","CTGAGCACTGTGGCTCACGCCTGTAATCCCAGCACTTTGGGAAGCTGAGGCAGGTGGATTGCCTGAGGTCCAGAGTTCAAGACCAGCCTGACCAATATGGAGAAACCCCATCTCTACTAAAAATACAAAAAAATTAGGTGGGCATGGTGGTGCATGCCTGTAATCCCAGCTACTTGGGAGGCTGAGGCAGGAGAATCACTTGAACCTGGCAGGTGAAGGTTATGGTGAGACGAGATCGCGCCATTGTACTCCAGCCTGGGCAACAAGAGCAAAACTATACAAGAGCGAAACTCCATCTCAACAACAACAACAACAAAAAAGAA","GGCTGGGCGCAGTGGCTCACGCCTGTAATCCCAGCCCTTTGGGAGGCTGAGGTGGGTGGATCACCTGAGGCCCGGAGTTCAAGACCAGCTTGACCAACATGGAGAAACCCTGTCTCTACTAAAAATACAAAAAAATTAGCTGGGCATGGTGGCACATGCCTGTAATCCCAGCTACTCAGGAGGCTGAGGCAGGAGAATTGCCTGAACCCAGGAGGTGGAGGTTGCGGTGAGCCGAGATCGCGCCATTGCACTCCAGCCTGGGTAACAAGAGCGAAACTCCGTCTCAAAAAAACAAAAAACAAAAAACAAAAAAAA"
"KN294147v1","1616088","1616345","JH378117","19416964","19417229","45","17800876","CACTTTGGGAGGCCGAGGTGTGGGAATCACCTGAGGTCGGGAGTTCGAGACCAGCCTAACCAACATGAAGAAACCCCATCTCTACAAAAAATACAAAATTAGCCTGGCGTGGTGGCATACGCCACTTGGGAGGCTAAGGCTGGAGAATCACTTGAACTCAGGGAGCGGAGGTTGCAGTGAGCCGAGATTGCGCCATTGCACTCCAGCCTGGGGAACAAGAGCGAAACTCCATCTCAAAAAAAGAAAATAAGAGAAAAA","ACTTTGGGAGGCCAAGGCAAGGGGATCATCTGAGGTCAGGAGTTCGAGACCAGCCTGACCAACATGAAGAAACCCTGTCTCTACCAAAAATACAAAATTAGCCAGGCATGGTGGAACATATCTGTAATACCAGCTACTTGGGAGGCTGAGGCAGGAGAATCGCTGGAACCCAGGAGGTGGAGGTTGCAGTGAGCCAAGATTGCACCTTTGCACTCCTGCCTGGGCAACAAGAGTGAAACTCCATCTCAAAAAAAAAAAAAAAAAAA"
"KN294147v1","1622260","1622564","JH378114","36976328","36976626","51","35354068","GGCCAGGTGATGGCTCATGCCTGTAATCCTAGCACTTTGGAAGGCCAAGGTGGGCGGATCACTTGAGGTCAGGAGTTCGAGACCAGCCTGGCCAACATGGTCCACATTGGTCCTCATCTCTACTAAAAATACACAAATCAGCCGGGCGTGGTGGCACGCACCTGTAATCCCAGCCATTCGGGAGCCTGGTGGATGAGAATCGCTTGAACCCGGGAGGCGGAGGTTGAGGTGAGCTAAGACCGCACCATTGCACTCCAGCCTGGGCAGCAAGAGCAAGACTCCGTCTCAAAAAAAAAAAAAAAAAA","GGCCAAGCACAGTGGCTCACACCTGTAATCCCAGCACTTCGGGAGGCCAAGGTGGGTGGATCACCTGAGGTCAGGAGTTCGAGACCAGCGTGACCAACATGGAGAAACCCCATCTCTACTAAAAATACAAAATTAGCCGGGCATGGTGGCGCGTGCCTGTAATCCCAGCAGCTTGGGAGGCTGAGGCAGGAGAATCACTTGAACCCGAGAGGCGGAGGTTGCGGTCAGCCCAGATCGCACCATTGCACTCCAGCCTGGGCAACAAGAGCGAAACTCCTTCTCAAAAAAAAAAAAAAAAA"
"KN294147v1","1739406","1739689","JH378198","1177753","1178038","43","561653","GCCGGGCACAGTGGCTCATGCCTGTAATCACAGCACTTTGGGAGGTTGAGGTGGGCAAATTAGATATCAGGAGTTCGAGACCAGCCTGACCAACGTGGAGAAACCCCATCTCTAGTAAAAATACAAAAAATTAGCCAGACATGGTTACGCAGGCCTGTAATTCCAGCTACTCAGGAGGCTGAGGCAGGAGAATCGCTTGAACCCAGGAGGTGGAGGTTGTGGTGAGCTGATACCATGCCATTGCACTCCAGCCTGGGCAACAAAAGTAAAACTCCGTCTCCAAA","GGCTGGGCACAGTAGCTCACCCCTGTAATCCCAGCACTTTGGGAGGCCGAGGCAGGCGGACTACCTGAGGTCAGGAGTTTGAGACCAGCCTGACCAACATGGAGAAACTTCATCTCTACTAAAAATACAAAATTAGTCAGGCGTGGTGGCACATGCCTGTAATCCCAGCTACTCAGGAGGCTGAGGCAGGAGAATCACGTGAACCCAGGAGGTGGAGGTTGTGGTAAGCTGACATCGTGCCATTGCACTCCAGCCTGGGCAACAAGAGCAAAATTCTGTCTCCAAA"
"KN294147v1","1740406","1740699","JH378196","3809099","3809391","37","2068693","GGCCAGGCACGGTGGCTCACACCTGTAATCCCAGCACTTTGGGAGGCTGAGGTGGGTGGATCACCTACAGTCAGGAGTTCAAGACCAGCCTGACCAACATAGTGAAACCCCATCTCTACTAAAAATACAAAATTATCTGGACATGGTGGCACACGCCTGTAATCCCAGCTGCTCCAGAGGCTGAGGAAGGAGAATCGCTTGAACCCCAGAGGCAGAGGTTGCAGTGAGACAAGATTGCACCATTGCACTCCAGCCTGGGCAAAAATTGAAACTCCATCTCAAAAAAAAAAGAAA","GCCAGGCACAGTGGCTCATGCCTGTAATCCCAGCACTTTGGGAGGCTGAGGTGGGTGGATCACTTAAAGTCAGGAGTTTGAGACCAGTCTGACCAACATGGAGAAACCCTATCTACTAAAAGTACAAAATTAGCTGGGCATGGTGGCACACGCCTATAATCCCAGCTACTAGAGGGCTGAGGCAGGAGAATCGCTTGAACCCGAGAGGCAGAGGTTGTGGTGAGCTGAGATCGCACCATTGCACTCCAGACTGGGCAACAAGAGCAAAACTCCATCTCAAAAAAAGAAAGAAA"
"KN294147v1","1758566","1758860","JH378108","54286740","54287031","47","52528174","GGCTGGACACAGTGGCTCATGCCTATAATCCCAGCACTCTGGGAGGCTGAGGGGGGTGGATCACCTGAGGTTGGGAGTTTGAGACCAGCCTGACCAACATGGAGAGGAAACCCCGTCTCTACTAAAAATACAAAATTAGCTGAGTGTGGTGGCACATGCCTGTAATCCCAGCTACTCCGGAGGCTGAGGCAGGAGGCAGAGGTTGCAGTGAGCCAAGATCGCGCCACCACACTCCAGCTTGGGCAACAAGAGTGAAACTCTGTCTTGGGAAAAACAAAAAACAAAAAACAAAAAA","GGCGGGGCACGGTGGCTCCTGCCTATAATCTCAACACTTTGGGAGGCTGAGGGAGGTGGATCACCTGCGGTTGGGAGTTCAAGACCAGGCTAGCCAACATGGAGAAACCCCGTCTCTACTAAAAATACAAAAATACTAGCTGAGTGTGGTGGTACACACCTGTAATCCTCGCTACTCGGGAGGCTTGAACTGAGGAGGCAGAGGCTGCAGTGAGCCAAGATCTCTCCATCGCACTCCAGCTTGAGCAACAAGAGCAAAACTCCGTCTCAAAAAAAAAAAAAAAAAAAAAAAA"
"KN294147v1","1782992","1783287","JH378120","21671957","21672253","38","19888965","GGCCAGGTGCGGTGGCTCACGCCTGTAATCCCAGCACTTTGGGAGGCCCAGGTGGGCGGGAGTTTGAAATCAGCCTGACCAATATGGTGAAACCCCATCTCTACTAAAAATGCAAAATTAGCTGGGCATGGTGGCACACGCCGGTAATCCCAGCTACTCGGGAGGCTGAGGCAGGAGAATTGCTTGAACCCGGGAGGTGGAGGTTGCAGTGAGCCGAGATCGCACCATCACACTCCAGCCTGGTAACAAGAGCACAACTCTGTCTCAAAAAAAAAAAAAAGAAAAAAGAAAAAAAA","GCCGGGCGCGGTGGCTCCAGCCTGTAATCCCAGCACTTTGGGAGGCCGAGGTGGTGAAGAGTTCAAGACCAGCCTGGCCAACATGGCGAAACCCCATCTCTACTAAAAATACAAAAACTAGCTGGGCGTGGTGGCACGTGCCTGTAATCCCAGCTACTCAGGAGGCTGAGGCAGGAGAATTGCCTGAACCCAGGAGGCGGAGGTTGCGGTGAGCCGAGATCGCACCATTGCACTCCAGCCTGGGTAACAAGAGTGAAACTCCGTCTCAAAAAAAAAAAAAAAAAAAAAAAAAAAAAA"
"KN294147v1","1814768","1815054","JH378111","19524517","19524801","31","17709749","GGCCATGCGTGGTGGCTCACACCTGTAATCCCAAGACTTTGGGAGGCCGAGGCTGGCAGATCACTTGAGGTCGGGAGTTCAAGACCAGCCTGATCAACATGGAGAAACCCCATCTCTACTAAAAATACAAAATTAGCAGGGCATGGTGGTGCATGCCTGTAATCCCAGCTATCGGGGGGCTGAGGCAGGAGAATCGCTTGAACCTGGGAGGCAGAGGTTGCGGTGAGCCAAGATTGCACCATTGCACTCCAGCCTGGGCAACAGGAGTCAAACTCCTTCTCAAAAAA","GGCCAGGCGCGGTGGCTGACGCCTGTAATCCCAGCACTTTGGGAGGCCGAAGTGGGTGGATCACTTGAGGTCAGGAGTTCAAAACCAGCCTGTCCAACATGGCGAAACCCCATCTTTACTTAAAATACAAAATTAGCCGGGCATGGTGGTGCATGCCTGTAATCCCAGCTACTCGGGAGGCTGAGGCAGGAGAATCGCTTGAACCTGGGAGGCAGAGGTTGTAGTGAGCCAAGATTGCGCCATTGCACTCCAGCCTGGGCAACAAGAGCTAAACTCCATCTCAAA"
"KN294147v1","1858347","1858650","JH378111","42284643","42284945","40","40426296","GGCCAGGTGCGGTGGCTCATGCCTGTAATCCCAGCACTTTGGGAGGCCGAGGTGGGCGGATCATCCGAGGTCGGAAGTTTGAGACCAGCCTGACCAGCCTGGAGAAACCCCATCTGTACTAAAAATACAAAATTAGCCCGGCATGGTGGCGCATGCCTATAATCCGAGCTACTCGGGAGGCCGAGGTAGGAGAATCGCTTGAACCTGTGAGGCGGAGGTTGCCCTGAGCCGAGATCGCACCATTGCATTCCAGCCTGGGCAAGGAGAGCAAAGCTCCATCTTCAAAAAAAAAAAAAAAAAAAAA","GGCCGGGCGCGGTGGCTCACGCCTGTAATCCCAGTACCTTGGGAGGCCGAGGTGGGCGGATCATCTGACGTCAGGAGTTTGAAACCAGCCTGACCAACCTGGAGAAACCCCATCTCCACTAAAAATACAAAATTAGCCCGGCATAGTGGCACACGCCTGTAATCCGAGCTACTCAGGAGGCTGAGGCAAGAGAATCACTTGAACCTGGGAGGCGGAGGTTGTGGTGAGCCAAAATCACACCATTGCACTCCAGCTGGGTAACAAAAGCGAAACTCCATCTCAAAAAAAAAAAAAGAAAGAAAA"
"KN294147v1","1989545","1989824","JH378281","2119219","2119496","42","129674","GGCCAGGCGTGGTGGCTTGTGCCTGTAATCTCAGCACTTTGGGAGGCTGAGGCGGGTGGATCACCTAAGGTCAGGAGTTCGATATCAGCCTGACCAACATGGAGAAATCCCGTTTCTACTAAAAAATTCAAAATTAGCTGGGTGTGGTGGCACATGTCTAATCCCAGCTACTTGGGAGGCTGAGGCAGGAGAATCACTTGAACCCTGGAGGCAGAGGTAGAAGTGAGCCAAGATCGCAGCATTGCACTCCAGCCTGGGAAACGAGTGAAATTCCATCTCA","GGCCAGGCGCGGTGGCTCATGCCTGTAATCTCAGCACTTTGGGAGGCCGAAGTGGGTAGATCACCTGAGGTCAGGAGTTCGAGACCAGCCTGACCAACATGGAGAAACCCCGTCTCTACTAAAAATACAAAATTAGCTGGGCGTGGTGGTGCATGCCTGTAATCCTTGGTACTTTGGAGGCTGAGGAAGGAGAATCACTTGAACCCAGGAGGTGGAGGTTGCAGTGAGTCGAGATTGAGCCATTGCACTACAGCCTGGGCAAAGAGTGAAACTCCATC"
"KN294152v1","38386","38640","JH378106","6367529","6367784","39","6329143","GAGATTGAGGCAGGTGGATCACCTGAGGTCAGGAGTTCGAGACCAACCTGACCAGTATGATGAAACCCTGTCTCTACTAAAAATACAAAAATTAGCTGGGTGTAGTGGCATGTGCCTGTAATCCCAGCTACTTAGGAGGCTGAGACAGGAGAATCGCTTGAACCCAGGGGCAGAGGTTGCAGTGAGCCGAGATCGTGCCATTGAGCTCCAACCTGGGAAACGAGTGAAATTCCATCTCAAAAAGAAAAAAAAAAA","AGGCCGAGGCAGGTGGATCACAAGGTCGAGAGATCGAGACCAACCTGGTCAACATGGTGAAACCCCGTCTCTACTAAAAATACAAAAAATTAGCTGGGCATGGTGGCGTGTGCCTGTAATCCCAGCTACTCAGGAGGCTGAGGCAGGAGAATTGCCTGAACCCAGGAGGCGGAGGTTGCGGTGAGCCGAGATCGTGCCATTGCACTCCAGCCTGGGTAACAAGAGCGAAACTCCGTCTCAAAAAAAAAAAAAGAAA"
"KN294158v1","14450","14758","JH378127","19048485","19048788","37","19034035","GGCTGGGCACGGTGGCTCATTCCTGTAATCCCAGCACTTTGGGAGGCCCAGGCGGGTGGATCACCTGAGGTCAGGAGCTTGAGACCAGCCTGGCCAACATGGCAAAACCCCATCTCTAGTGAAAATACAAAAGTTAGCCAGGTGTGGTGGTGCATGCCTGTAATCCCAGCTACTCGGGAGGCTGAGGCAGGAGAATCACTTGAACCTGGGAGGTGGAGGTTGCGGTGAGCCAAGATCGCGTGATTGAACTCTAGCCTGGGCAACAACAGTGAAACGCTGTCTCAAAAAATAAAAAATAAAATAAGAAAA","GGCCAGGCGCAGTGGCTGAGACCTGTAATCCCAGCACTTTGGGAGGCCGAGGCAGGCGGATCACCTGAAGTCAGGAGTTTGAGACCAGCCTGGCCAACATGGGGAAACCCCGTCTCTACTAAAAATACAAAATTAGCCAGGTGTGGTGGTGCATGCCTGTAATCCCAGCTACTCAGGAGGCTGAAGCAAGAGAATCACTTGAACCTGGGAGGCGGAGGTTGCAGTGAGCCAAGATTGGGCCATTGCACTCCAGCCTGGGCAACAAGAGTGAAACTCTGTCACAAAAAAAAAAAAAAAAAGAGAA"
"KN294158v1","117637","117926","JH378135","6856506","6856797","34","6738869","GGCCAGGCACTGTGGCTCACGCCTGTAATCCCAGCACTTTGGGAGGCCGAGGTGGGCGGATAACTTGAGGTCAGGAGTTCAAGACCAGCCTGACCAACATGGTGAAACCCTGTCTCTACTAAAAATACAAAATTAGCCAGGTGTGGTGGTACACACCTATAATCCCAGCTACTTGGGAGGCTGAGGCAGGAGAATCACTTGAACCCAGGAGACAGAGGTTGCAGTGAGCCAAGATCACGCCATTGCACTCTAGCCTGGGCAACAAGAATGAAACTCAAAAAAAAAAAAAA","GGCCAGGCGTGGTGGCTCATACCTGTAATCCCAGCACTTTGGGAGGCCGAGGCAAGCAGATCACCTGAGGTCAGGAGTTCAAGACCAGCTTGACCAACATGGAGAAACCCTGTCTCTACTAAAAATATAAAATTAGCAGGGTATGGAGGCACATATCTGTAATCCCAGCAACTTGGGAGGCTGAGGCAGGAGAATCGCTTGAACCCAGGAGACAGAGGTTGCAGTGAGCCAAGATTGAGCCATTGCACTCTAACCTGGGCAACAAGAGTGAAACTCCATCTCAAAAAAAAAA"
"KN294158v1","269663","269951","JH378144","4377250","4377537","34","4107587","GGCTGGGCATGGTGGCACACACCTGTAATCCCAGCACTTTGGGAGGCTGAGGCAGGGGGATCACCTCAGGTTGGGGGTTCAAGACCAGCCTGACCAACATGAAGAAACCCTGTCTCTACTGCAAATATAAAATTAGTCAGGCATAGTGGCACATGCCTGTAATCCCAGATACTTGGGAGGCTGAGGCAGGAGAATCACTTGAACCTGGGAGGTGGAGGTTGCAGTGAGCTGAGATCATACCATTGCACTTCAGCCTGGGCAACAAAAGCGAAACTTCATCTCATAAAAA","GCTGGGTGTGGTGGCTCACACCTGTAACCCCAGCACTTTGGGAGGCCAAGGCAGGTGGATCTCCTGAGGTTAGGAGTCCAAGACTAGCCTGACCAACATGGAGAAACCCTGTCTCTACTAAAAATACAAAATTAGCTGGGCGTGGTGACACATGCCTGTAATCCCAGGTACTTGGGAGGCAGAGGCAGGAGAATCACTTGAACCCGGGAGGCGGAGGTTGCAGTGAGCTAAGATCGTACCATTGCACTCCAGCCTGGGCAACAAGAGCGAAACTCCATCTCAAAAAAA"
"KN294158v1","314451","314750","JH378127","18566293","18566586","35","18251842","GCTGGGCATGGTGGCTCACACCTGTAATCCCAGCACTTTGGGAGGCCGAGGCAAGTGGATCACCTGAGGTCAGGAGTTCGAGACCAGCCTGACCAATATAGAGAAACCCCATCCCTCCTAAAAATACAAAATAAGCTGGGCATGGTGGCACATGCTTGTAATCCCAGCTACTCAGGAGGTTGAGGCAGGAGAATTGCTTGAACCTGGGAGGCGGAGGTTGCGGCAAACAGAGATCATGCCATTGCATTCCAACCTGGGCAACAGAGCAAAACTCCATCTCAAACAAACAAAAAAACAAAA","GCCGGGCACAGTGGCTCATGCCTGTAATCCCAGCACTTTGGGAGGCCGAGGCAGGTGGATCACCTGAGGTCAGGAGTTAGAGACCAGCCTGACCAACATGGAGAAACCCAATCCCTATGAAAAACACAAAATTAGCTGGGCATGGTGGCACATGCCTGTAATCCCAGCTACTCGGGAGGCTGAGGCAGAAGAATTGCTTGAACCTGGGAGGCGGAGGTTGCGGTGAACTGAGATCCTGCCATTGCACTCCAGCCTGGGCAACAAGAGTGAAACTCCATCTCAAAAAAAAAAAAA"
"KN294158v1","401890","402179","JH378137","7745755","7746044","37","7343865","GGCCGGGCATGGTGGCTCATGACTGTAATCCCATCACTTTGGGAGGCCGAGGTGGGCAGATCACCCAAGGTCAGGAGTTAGAGACCAGTCTGACCAACATGGAGAAACCCCACCTCTACTAAAAATACAAAATTAGCCGGGTGTGGTGGTGCATGCCTACTAATTCCAGCTACTTGGGATGCTGAGGCAGGAGAATTGCTTCATCCCAGGAGGCAGAGGTTAAGGTGAGTCGAGATCATGCCATTGTACTCCAGCCTGGGCAACAAGAGCGAAACTCCATTAAAAAAAAA","GGCCGGGCACGGTGGCTCATGCCTGTAATCCCAGCACTTTGGGAGGCCGAGATGGGCAGATCACCTGAGGTCAGGAGTTCAAGACCAGTCTGACAAACATGGAGAAACCCTGTCTCTACTAAAAATACAAAATTAGCCAGGTGTCATGGTGCATGCCTGTAATCCCAGCTACTCGGGAGGCTGAGGCAGGAGAATCGCTTGAACCAGGGAGGCAGAGGTTGCGGTGAGCAGAGACTATACCATTGCACTCCAGCCTGGGCAACAAGAGCGAAACTCAGTCTCAAAAAAAA"
"KN294158v1","409915","410226","JH378140","7338564","7338875","37","6928649","GGCCGGACACAGTGGCTCACGCCTTTAATCCCAGCACTTTGGGAGGCCGAGGCGGGCGGATCACCTGAGGTTGGAAGTTCAAGACCAGCCTGACCAACATGGAGAGACCCTGTCTCTACTAAAAATACAAAATTAGCCAGGTGTGGTGGTGCATGCCTGTAATCCCAGCTACTCAGAAGGCTGAGGCAGGAGAATCACTTCAACCTGGGAGGCGGAGGGTGCAGTGAGCTGAGATCGCGCCATTGCATTTCAACTCTGGTCGATAACAGTGAGACTCCATCTAAAAAACAAAACAAAACAAGAAAAAAAAAA","GGCCGGGCGCGGTGGCTCATGCCCATAATTCCAGCACTTTGGGAGGCCAAGGCCGGCGGATCACCTGAGGTTGGGAATTCAAGACCAGCCTGACCAACATGGAGAGACCCTGTCTCTACTAAAAATACAAAATTAGCTGGGTGTGGTGGCACATGCCTGTAATCCCAGCTACTCAGGAGGCTGAGGCAGGAGAATCACTGGAACCTGGGAGGCAGAGGTTGCGGTGAGCTGAGATCGCGCCATTGCACTCCAGCCTGGACAACAAGAGCAAAACTCCATCTCAAAAAAAAAAAAAAAAAAAAAAAAAAAAAA"
"KN294158v1","583300","583605","JH378138","5380451","5380753","34","4797151","GACCGGGCACGGTGGCTCACACCTGTAACCCCAGCATTTTGGGAGACTGAGGTGGGTGGATCACCTGAGGTTGGGAGTTCGAGACCAGTCTGACCAACATGGAGAAACCTCATCTCTACTAAAAATACAAAATTAGCCAGGTGTGGTGGTGCATGCCTGTAATCCCAGCTACTCGGGAGGCTGAGGCAAGAGAATCACTTGAACCTGGGAGGAGAAGGTTGTGGGGAGCCAAGATTGTGCCATTACACTCCAGCCTGGGCAACAAGAGCGAAACTCCATCTCAGAAAAAAGAAAAAAACAAAGAAA","GGCCAGGCATGGTGGCTCACACCTGTAATCACAGCACTTTGGGAGGCTGAGGCGGGCGGATCACCTGAGGTTGGGAGTTTGAGACCAGCCTGAACAACATGGAGAAACCCCATCTCTACTAAAAATACAAAATTAGCTGGGCATGGTGGTGCATGCCTGTAATCCCAGCTACTCGGGAGGCTGAAGCAGGAGAATCGCTTGAACCTGGGAGGTTGAGGTTGTGGTGAGCCGAGGTGGTGCCATTGCACTCCAGCCTGGGCAACAAGAGTGAAACTCCAACTCAAAAAAAAAAAAAAAAAAAAA"
"KN294158v1","643421","643719","JH378228","5509057","5509356","28","4865636","GGCTGGGCATGGTGGCTCACGCCTGTAATCCCAGCACTTTGGGAGGCTGAGGCGGGTGGATCACCTGAGGCTGGGAGTTCGAGACCAGCCTGACCAACATGGAGAAACCCCGTCTCTACTAAAAATACAAAATTAGCTGGGCGTGGTGGCACATGCCTATAATCCCAGCTACCAGGGAGGCTGAGGCAGGAGAATCACTTGAACCTGGGAGGCAGAGGTTGTGGTGATCCAAGATCATGCCATTGTACTCCAGCCTGGGCAACAAGAGTGAAATTCCGTGTCAAAAAAAAAAAAAAAAA","GACCGGGCACAATGGCTCACGCCTGTAATCCCAGCACTTTGGGAGGCTGAGGCAGGCAGATCACCTGAGGTCGGGAGTTCGAGACCAGCCTGACCAACATGGAGAAACCCCATATCTACTAAAAATACAAAATTAGCCGGGTGTGGTGGCACATGCCTGTAATCCCAGCTACTCGGGAGGCTGAGGCAGGAGAATCACTTGAACCCGGGAAGCAGAGGTTGTGGTGAGCCAAGATTACGCCATTGCACTCCAGCCTGGGCAACAAAGAGCGAAACTCCATCTCAAAAAAAAAAAAAAAAA"
"KN294161v1","61686","61858","JH378135","5246792","5246960","30","5185106","TAACCAGGCATGGTGGCACATGCCGGTGGTCCCAGCTACTCAGGAGGCTGAGGTGGGAGGATCACTTGAGTCTGAGAGGCAGAGGTTGCAGTAAGCCAAGATCACACCATTGCACTCCAGCCTGGGCAACAGCGGAACACTGTCTCAAAAAAAAAAAAAAAAAAAAAAAAAAA","GGGCATGGTGGCACGTGCCTGTAATCCCAGCTACTCAGGAGGCTGAGGCAGGAGAATTGCCTGAATCCAGGAGGCGGAGGTTGCGGTGAGCCAAGATCCCGCCATTGCACTCCAGCCTGGGTAACAAGAGCGAAACTGTCTCAAAAAAAAAAAAAAAAAAAAAAAAAAA"
"KN294161v1","126245","126540","JH378117","24258354","24258650","34","24132109","GGCTGGGTGCTGTGGCTCATGTCTGTAATCCCAACACTTGGGGAGGCTGAGGCGGGCGGCTCACCTGAGGTCGGAAGTTCGAGACCAGCCTGACCAACATGGAGAAACCCTATCTCTATTAAAAATACAAAATTAACCGGGTGTGGTGGCACATGCCTGTAATCCCAGCTACTCAGGAGGCTGAAGCAGGAGAATCGCTTGAATCGGGAGGCAGAGGTTGCGATGAGCCGAGATCCCATGATTGCACTCCAGCCTGGGCAACAAGAGCGAAACTCTGTCTCAAAAAAAAAAACAAA","GGCTGGGTGCAGTGGCTCATGCCTGTAATCCCAACACTTTGGGAGGCCGAGGCGGGCGGATCACCTGAGGTCGGGAATTTGAGATCAGCCTGACCAACATGGAGAAACCCCATCTCTACTAAAAATATAAAATTAGCGGGGCGTGGTGGCACATGCCTGTAATCCCAGCTACTGGGGAGGCTGAGGCAGAAGAATCACTTAAACCCAGGAGGCAGAGGTTGCAGTGAGCCATGATCGTGTCATTGCACTCCAGCCTGGGCAACAAGAGCAAAACTCTGTCTCAAAAAAAAAAAAAAA"
"KN294161v1","254748","255057","JH378119","6124403","6124708","38","5869655","GCTGGGTGGGGAGGCTCACACCTGTAATCTCGGAATTTTGGGAGGCCGAGGTGGGCAGATCACCTGAGGTTGGGAGTTCGAGACCAGCCTGACCAACATGGAGAAATGCCGTCTCTACTAAAAACACAAAATTAACCAGGTGTGGTGGCGCATGCCTGTAATCCCAGCTACTCCGGAAGCTGAGGCAGGAGAATCGCTTGAACCCAGGAGGTGGAGGTTGTAATGAGCCGAGATCGTGCCATTGCTCTCCAGCCCAGGCAACAAGAGCAAAACTCCATCTCAAAAAAATAAATAAAATTAAAATAAAAAA","GCTGGACATGGTGGCTCACACCTGTAATCCCAGCACTTTGGGAGGCGGAGGTGGGCAGATCACCTGAGGTCAGGAGTTCAAGACCAGCCTGACCAACATGGAGAAATTCCGTCTCTACTAAAAATACAAAATTAGCTGGGCATGATGGCGCATGCCTATAATCCCAGCTACTCAGGAGGCTGAGGCAGGAGAATTGCTTGAACCCAGGAGGCAGAGGTTGTAGTGAGCCGAGATCGCACCATTGCACTCCAGCCTGGGCAACAAGAGCAAAACTCCATCTCAAAAAAAAAAAAAAAAAAAAAAAAA"
"KN294161v1","318468","318778","JH378112","12377707","12378014","47","12059239","GGCTGGGCATTGTGGTGCACACCTGTAATTCCAGCACTTTGGGAGGCTGAGGCAGGTGGATTACCTGAGGTCAGGTGTTCACGACCAGCCTGACTAACATGGTGAAACCCTGTCCCCACTAAATACAAAAAAATTAGCCGGGCACGGTGGCACATGACTGTAATCAAGCTACTTGGGAGGCTGAGACAGAAGAATCGCTTGTACCTGGGAGGCGCAGGTTGCAGTGAGCCGAGATCGTGCCATTGCATTCCAGCCTGGGCAACAAGAGTAAAACTCCATCTCAAAAAAAAACAAAAAACAAAACAAACAAA","GACTGGGCGCTGTGGCTCACACCTGTTATCCCAGCACTTTTGGAGGCTGAGGCAGGTGGATCACCTGAGGTCAGGAGTTCAAGACCAGCCTGACTAACATGGAGAAACCCCATCTCTACTAAAAATACAAAAATTAGTTGGGCACGGTGGCATGCACGTGTAATCCCAGCTACTTGAGAGGCTGAGGCAGAAGAATCGCTTGAACCCAGGAGGTGGAGGTTGCAGTGAGCCGAGATCGTGCCATTGCACTCCAGCCTCAGCAACAAGAGCAAAACTCCACCTAAAAAACAAAAACAGAAACAGAAAAA"
"KN294161v1","376539","376867","JH378118","32503415","32503740","46","32126876","GGCCAGGCCTGGTGGCTCACGCCTGTAATCCCAGCACTTTGGGAGGCCGAGGTGGGTGGGTCACCTGAGGTCAGGAGTTCAAGACCAGCCTGATTAACATGGTGAAACCCCGTTTCTACTAAAAATACAAAAAATTAGCCGGGAGTAGTGGTGTACCCCTGTAATTCCAGCTACTCAGGAAGCTGAGGCAGGAGAATTGCTTGAACCTGGGAGGCGGAGGTTGCAGTGACCTGAGATCACGCCATTGCACTCCAGTTTGGGCAATATGAGTGAAACTCTGTCTCAAACAAACAAACAAACAAACAAACAAAACCTCAAAACAATAAAAA","GGCCGGGCGCGGTGGCTCAAGCCTGTAATCCCAGCACTTTGGGAGGCCGAGGCGGGTGGATCACGAGGTCGAGAGATCGAGACCAACCTGGTCAACATGGTGAAACCCCGTCTCTACTAAAAATACAAAAAATTAGCTGGGCATGGTGGCGCATGCCTGTAATCCCAGCTACTCAGGAGGCTGAGGCAGGAGAATTGCCTGAACCCAGGAGGCGGAGGTTGCGGTGAGCCGAGATCGCGCCATTGCACTCCAGCCTGGGTAACAAGAGCGAAACTCCGTCTCAAACAAACAAACAAACAAACAAACAAAAAAAACAAACAAAAAAA"
"KN294161v1","390934","391241","JH378148","17201496","17201806","38","16810562","CTGGGCGCAGTGGCTCACCCCTGTAATCCCAGCACTTTGGGAGGCTGAGGTGGGCACATCACCTGAGGCTGGGAGTTTGAGACCAGCCTGACCCACATGGAGAAACCTCATCTCTACTAAAAATACAAAACCAGCTGGGCGTGGTGGAACATGCCTGTAATCCCAGCTACTTGGGAGACTGAAGAAGGAGAATTGCTTGAACATGGGAGGCGGATGTTGCAGTGAGCTGAGATCGTGCCATTGCACTCCAGCCTGGGCAACAAGAGTGAAACTCTGTTTCAAAAATAAATAAATAAATAAAATAAAAA","GGCCGGGCACAGTGGCTCACACCTGTAATCCCAGGACTTTGGGAGGCTGAGGCAGGCAGATCACCTGAGGTCGGGAGTTCGAGACCAGCCTGACCAACATGGAGAAACCTCGTCTCTACTAAAAATACAAAATTAGCTGGGTGTGGTGGTGTATGCCTGCAATCCCAGCTACTTGGAAGGCTGAGGCAGGAGAATTGCTTGAACCTGGGAGGTGAAGGTTGCAGTGAGCTGAGGTTGCACCATTGCACTCCAGCCTGGGCAACAAGAGTGAAACTCCGTCTCAAAATAATAAATAAATAAATAAATAAAAA"
"KN294161v1","395969","396234","JH378114","19830788","19831053","33","19434819","GGCCAGGCGCAGTGGCTCATGCCTGTAATCCCAGCACTTTGGGAGGCCGAGGCTGGCAGATCACCTGAGGTCGGTGTTTGAGACCAGCCTGACCAACATGGAGAAACCCCATCTCTACTAAAAATACAAAATTAGCCAGGTGTGATGGCACATGCGTATATTCCCAGCTACTCCAGAGGCTGAGGCAGAGGTTGCAGTGAGCCAAGATCACACCATCGCACTCTAGCCTGGGCAACAAGAGCAAAACTCCATCTCAAAGAAAAAAA","GGCCAGGCGCAGTGGCTCACACCCGTAATCCCAGCACTTTGGGAGGCCGAGGCGAGCAGATCATCTGAGGTCAGGAGTTTGAGAACAGACTGACCAACGTGGAGAAACCCTATCTCTACTAAAAATACAAAATTAGCCAGGTGTGGTGGCACGTGCCTATAATCCCAGCTACTCGGTAGACTGAAGCAGAAGTTGCAGTGAGCCTAGATCGCACCATTGCACTCCAGCCTGGGCAACAAAAGCGAAAATCTATTAAAAAAAAAAAA"
"KN294161v1","404626","404909","JH378137","8662035","8662316","38","8257409","GCCGGGCACGGTGGCTCATGCCCATAATCCCAGCACTTTGGGAGGCCAAGACCTGAGGTCGGGAGTTCGAGACCAGCCTGACCAACATGGAGAAACCCCGTCTCTACTAAAAATACAAAATTAGCTAGGCGTGGTGGTGCATGCCTGTAATCCCAGTCACTCAGGAGGCTGAGGCAGGAGAATCACTTGAACCCGGAAGGTGGAGGTTGCAGTGAGCCGAGATTGTGTCATTGCACTCCAGCCTGGGTGATAAGAGTGAAACTCCGTCTCAAAAAACAGAAAAA","GGCCAGGTGTGGTGGCTCATGCCTGTAATCCCTGCACTTTGGGAGGCCAATCCTGAGGTCGGGAGTTCAAGACCAGCCTGTCCAACATGAAGAAACCCGTCTCTACTAAAAATACAAAAATTAGCCGGGCGTGGTGGCACATGCCTGTAATCCCAGCTACTCGGGAGGCTGAAGCAGGAGAATCACTTGAACCCAGGAGGCAGAGGTTGCGGTGAGCCGAGATCTTGCCATTGCACTCCAGCCTGGGCAACAAGAGCGAAACTCAGTCTCAAAAACAAAAAA"
"KN294161v1","461239","461489","JH378154","9245265","9245494","45","8784026","GGCTGGGCACAATGGCTCATGCCTGTAATCCCAGCACTTTGGGAGGCCGAGGTTGGCAGATCACCTGAGGTCGGGAGTTCGAGACCAGCCTGACCAACATGGAGAAACCCCATCTCTTTTAGAAATACAAAATTAGCTGGCCATGGTGGCGCATGCCTATAATCCCAGCTACTCGGGATTACAGTAGCTGAGGCAGGAGGCTGAGGCAGGAGAATTGCTTGAACCTGGGAGATGGAGCTTGTGGTGAGCCG","GGCCGGGTATGGTGGCTCATGCCTGTAATCCCAGCACTTTGGGAGGCTGAGGCAGGCAGATGACCTGAGGTCGGGAGTTTGAGACCAGCCTGACCAACATGAAGAAACGCCATCTCTATTAAAAATACAAAATCAGCTGGGCGTGGTGGCACATACCTGTAATCTCAGCTACTCAGAAGGCTGAGGCAGGAGAACCGCTTGAACCTGGGAGATGGAGGTTGTGGTGAGCC"
"KN294161v1","462183","462476","JH378106","44399035","44399331","37","43936852","GGCTGGGTGTGGTGGCTCATGCCTGGAATCCCAGCACTTTGGGAGGCAGAGGCAGGCAGATCACCTGAGGTCGGGAGTTTGAGACCAGCCTGACCAACATGGTGAAACCCCATCTCCACTAAAAATACAAAATTAGCCAGGTGTGGTGGCACATGCCTATAATCCCAGCTACTTTGGAGGCCGAGACAGGAGAATGGCTTGAACCCAGGAAATGGAGGTTGCAGTAAGCTGAGACCACGCCATTACACTCCAGCCTGGGAAACAAGAGCAAAACTCTGTCTCAGAGAAAAAAAA","GGCTGGGTGTGGTGGCTCATGCCTGTAATCCCAGCACTTTGGGAGGCCGAGGTGGGCAGATTACCTGAGATCAGGAGTTTGAGACCAGCCTGACCAACATGGAGAAACCCTCATCTGTACTAAAAATACAAAATTAGCCAGTCATGGTGGCACATGCCTGTAATTCCAGCTACTTGGGAGGTTGAGGCAGGAGAATTGCTTGAACCCAGGAGGTGGAGGTTGTGGTGAGCCGAGATGGCGCCATTGCACTCCAGCCTGGGCAACAAGAGTGAAACTCTGTCTCAAAAGAAAAAAAAA"
"KN294161v1","670456","670761","JH378149","3565481","3565785","30","2895025","GGCTGGGCGTGGTAACTCACGCCTGTAATCCCAGCACTTTGGGAGGCCAAGGTAGGTGGATCACCTGAGGTCGGGAGTTCAAGACCAGCCTGACCAACATGGAGAAACCCCGTCTCTACTAAAAATACAAAATTAGCCAGGCATGGTGGTGCACGCCTGTAATCCCAGCTACTCGGGAGGCTGAGGCAGGAGAATTGCTTAAACCTGGGAGGCGGAGGTTGCGGTGAGCCAAGATTGCGCCATGGCACTCCAGCCTGGGCAACAAGAGCGAAACTCCATCTTAAAAAAATAAAAGAGAAAAGAAAA","GGCCGGGCGAGGTAGCTCACACCTGTGATCCCAGCACTTTGGGAGGCCAAGGTGGGCGGATCACCTGAGGTCGGGAGTTCGAGACCAGCCTGACCAACATGGAGAAATCCCGTCTCTACTAAAAATACAAAACTAGCCAGGCATGGTGGCACATGCCTGTATTCCCAGCTACTTGGGAGGCTGAGGCAGGAGAATCGCTTGAACCCGGGGCGGCGGAGGTTGCGGTGAGCCAAGATTGCGCCATTGCACTCCAGCCTGGGCAATAAGAGCAAAACTTCATCTCAAAAAAAAAAAAAAAAAAAAGA"
"KN294161v1","902562","902739","JH378108","31323486","31323660","29","30420924","GGGCATGGTTGCTCACGCCTGTAATCCCAGCTACTTGGGAAGCTGAGGCAAGAGAATCACTTGAGCCCAGGAGGCTGAGGTTACAGTGAGCTGAGATCATGCCATTGCACTCCAACCTGGGCAACAAGATAAAAACTCCTTCTCCACCAAAAAAAAAAAAAAAGAAAGAAAGAAAGAA","GGCGTGGGGTGGTTCATGCCTGTAATCCCAACTACTTGGGAGCATGAGGCAGGAGAATCACTTAAACCCAGAAGGCAGAGGTTGCGGTGAGCCGAGATCACGCCATTGCACTCCAGCCTGGGCAACAAGAGCAAAACTCCGTCTCAAAAAAAAAAAAAAGAAAAAGAAAAAAGAA"
"KN294161v1","920852","921153","JH378207","3169344","3169645","34","2248492","GGCTGGGAACAGTGATTCACACCTGTAATCCCAGCACCTTGCAAGGCTGAGGCAGGAGGATCACCTGAGGTCGGGAGTCTGAGACCAGCCTGACCAACATGGATAAACCTGTTACTACTAAAAATACAAAAATGAGCCAGGCATGGTGGCACATACCTGTAATCCCAGCTACTCAGGAGGCTGAGGCAAGATAATCGCTTGAACCTGGGAGGAAGAGGTTGCGGTGAGCCGAGATCACGCCATTGCACTCCAGCCTGGGCAACAAGAGTGAAATTCTGTCTCAAAAAAAAAAAAAAAAAAAA","GGCTGGGCATGGTGGCTCATACCTGTAATCCCAGCACTTTGGGAGGCTGAGGTAGATGGATCACCTGAGGTCAGGAGTTTGAGACCAGCCTGACCAACATGGAGAAACCTTGTCTCTACTAAAAATACAAAATAAGCCAGGCATGGTGGCACATGCCTGTAATCCCAGATACTCTGGAGGCTGAGGCAGGATAATCACTTGAACCTGGAAGGCGGAGGTTGCAGTGAGCCAAGATCACGCCATTGCACTCCAGCCTGGGCAACAAGAGTGAAACTCTATCTCAGAAAAAAAAAAAAGAAAAA"
"KN294161v1","926480","926785","JH378129","10311525","10311828","38","9385045","GGCCAGGCACGGTGGCTTATGCCTGTAATCCCAGCACTTTGGGAGGCCGAGGCGGGTGGATCACCTAAGGTCGGGAGTTCGAGACCAGCCTGACCAACGTGGAGAAACCCTATCTCTACTTAAAAAAAAAAAAAATACAAAATTAGCCAGGTGTGGTGGCCCCTGCCTGTAATCCCAGCCACTCAGGAGGCTGAAGCAGGAGAATTGCTTGAACCCAGGAGGCGGAGGTTGCGGTGAGCCGAGATCACACCATTGCACTCCAGCCTGGGCAACGAGCAAAACTCTGTCTCAAAAAAAAAAAAAAAA","GGCCGGGCACGGTGGCTCAAGCCTATAATCCCAGCACTTTGGGAGGCCGAGGCGGGTGGATCACGAGGTCGAGAGATTGAGACCATCCTGGTCAACATGGTGAAACCCCATCTCTACTAAAAAAAAATACAAAAAATTAGCTGGGCGTGGTGGCGCGTGCCTGTAATCCCAGCTACTTGGGAGGCTGAGGCAGGAGAATTGCCTGAACCCAGGAGGCGGAGGTTGCGGTGAGCCGAGATCACACCATTGCACTCCAGCCTGGGTAACAAGAGCAAAACTCCGTCTCAAAAAAAAAAAAAAAGAA"
"KN294161v1","937516","937811","JH378113","14455819","14456118","30","13518303","GGCTGGGTGCAGTGGCTCATGCCTGTAATCCCAGCACTTCGGGAGGCTGAGGCAGGCGGGTCTCCTGAGGTCGGGAGTTCAAGACCAGCCTGACCAACATGGAGAAACCCTGTCTCTATTAAAATACAAAATTAGCCAGATGTGGTGGTGCATGCCTGTAATCCCAGCTACTTGGGAGACTGAGGCAGGAGAATCGCTTGAACCCGGGAGGTGGAGGTTGCAGTGAGCCGAGATCGTGCCATTGCTCTCCAGGCTGGGCAACAAGAGTGAGACTCCATCTCAAAAAAAAAAAAAAA","GGCCGGGCGCAGTGGCTCACGCCTGTAATCCCAGCACTTTGGGAGGCCGAGGCAGGTGGATCACCTGAGGTCGGGAGTTCAAGACCAGCCTGACCAACATGGAGAAACCACTTCTCTACTAAAAATACAAAATTAGCCAGGTGTGGTGGTGCATGCCTGTAATCCCAGCTACTCAGGAGGCCAAGGCAGGAGAATCGCTTGAACCTGGGAGGTGGAGGTTGCAGTGAGCTGAGATTGCACCATTGCACTCCAGGCTGGGCAACAAGAGTGAAATTTCATCTCAAAAAAACAAAAAAATAA"
"KN294161v1","1002012","1002319","JH378106","10129130","10129437","35","9127118","GGCCAGATGCGGTGGCTCAAGCCTATAATCCCAGCACTTTGGAAGGCCGAAGCGGGTGGATCACTTAAGGTCAGGAGTTCAAGACCAGCCTGACCAACATGGAGAAACCCCGTCTCTACTAAAAACACAAAATTAGCCGGGTGTGGTGGCACATGCCTGTAATCCCAGCTACTCGGGAGGCTGACACAGGAGAATCACTTGAACCCAGGAGGTGGAGGCTGCAGTTAGCCGAGATCACACCATTGCACTCCAGCCTGGGCAACAAGAACGCAACTCCATCTCAAAAAAAAAAAAAAAAAAAAAAAAAA","GGCCGGGCGCGGTGGCTCATGCCTGTAATCCCAGCACTTTGGGAGGCTGAGGCGGGTGGATCACCTGAGGTTGGGAGTTCAAGACCAGCCTGACCAACATGGAGAAACCCCATCTCTACTAAAAATACAAAATTAGCCGGGCGTCGTGGTGTATACCTATAATCCCAGATACTCAGGAGGCTGAGGCAGGAGAATCACTTGAACCCAGGAGGTGGAGGTTGCAATGAGCCAAGATCACACCATTGTACTCCAGCCTGGACAACAAAAGCGAAACTCCACCTCAAAAAAAAAAAAAAAAAAAAAAAAAA"
"KN294161v1","1055375","1055602","JH378123","12419622","12419859","62","11364247","CACTTTGGGAGGCAAAGGCGGGTGGATCTTTTGAGGTCAGGAGTTCGAGATCAGCCTGACCAACATGATGAAATCATCTCTACTTAAAAAAAAAAAAAAAAGGCGTATTGGTGCACACCTATAACCCCAGCTACCTGGGAGGCTGAGGCAGGAGAATCCACTTAAGGCAGAGGTTGCATTAGCCGAGATCACTCCAGCCCTGGGCAACAAGAGAAACTCCGTCTCAAA","TTTGGGAGGCCGAGGTGGGTGGATCACCTGAGGTTGGGAGTTCAAGACCAGCCTGACCAACATGGAGCAGCCCCATCTCTACTAAAAATACAAAATTAGCCAGGAGTGGTGGGACATGCCTCTAAACCCAGCTACTCCGGAGGCTGAGGTAGGAGAATCACTTCTGGGAGGCGGAGGTTGCAATGATTGCCCCATTGCACTCCAGACTGGGCAACAAGAGTGAAACTCTGTCTCAAAA"
"KN294161v1","1210238","1210534","JH378216","6814492","6814786","42","5604254","GGCCGGGCATGGTGGCTCACGCCTGTAATCCCAGCACTTTAGGGGGCCAAGGCGGGCAGATCACCTGAGGTCAGGAGTTCCAGACCAGCCTGACCAACATGGAGAAACCCCATCCGTACTGAAAAAAAAATACAAAATTAGCCGGGGCATGGTGGCGCATGCCTATAATCCCAGCTATTCAGGAGGCTGAGTTAGAAGCGTCACTTGAACCCCGGAGACAGGGGTTGTGGTTAGCTGAGATCACATCATTGCACTCTAGCCTGGACAACAAGCGCAAAACTCATCTCAAAAAAAAAA","GGCTGGGCATGGTGGCTCACGCCTGTAATCCAAGCACTTTGGGAGGACAAGGCGGGCAGATCACCTGAGGTCAGGAGTTCAAGACCAGCCTGACCAACATGGAGAAACCCCATCTCTACTAAAAATACAAAATTAGCCGGGCATGGTAGCGCATGCCTGTAATCCCAGTGACTCAGGAGGCTGACGCAGGAGAATCACTTGAACCCAGGAGGTGGAGGTTGTGGTGAGCCAAGATCACGCCATTGCACTCCAGCCTGGGCAACAAGAGCAAAACTCCATCTCAAAAAAAAAAAAA"
"KN294166v1","147462","147775","JH378125","7708676","7708984","35","7561214","GGCCGGGTGCGGTGGCTCACGCCTGTAATCCCAGCACTTTGGGAGGCCAAGGTGGGCAGATCTCCTGAGGTCGGGAGTTCGAGATCAGCCTGACCAACATGGAGAAACCCCGTCTCTACTAAAAATACAAAATTAGCTGGGCGTGATGGCGCATGCCTATAATCCCAGCTACTCAGGAGGCTGAGGCAGGAGAATTGTTTGAACCCGGGAGGTGGAGGTTGCCGTGAACTGAGATTGTGCCATTGCACTCCAGTCTAGGCAACAAGAGCAAAACTCCGTCTAAAAATTAAAAAATAAAAAAAAAAAGAGAGAAA","GGCCACGTGTGGTGGCTCATGCCTGTAATCCCAGCACTTTGGGAGGCCAAGATGGGCAGATTACCTGAGGTTGGAAGTTCGAGACCAGCCTGACCAACATGGAGAACCCGTCTCTACCAAAAATACAAAATTACCCGGGCGTAGTGGCGCATGCCTATAATCCCAGCTACTCGGGAGGCTAAGGCAGGAGAATTGCTTGAACCCAGGAGGTGGAGGTTGCAGTGAGCTGAGATGATGCCATTGCACTGCAGTCTGGGCAACAAGAGTAAAACTCCATCTCAAAAAAAAAAAAAAAAAGAAAGAAAGAAA"
"KN294167v1","183061","183359","JH378113","6692573","6692881","35","6509512","GCCAGGTGCGGTGGCTCATGCCTATAATCCCAGCACTTTGGGAGGCCGAGGCAGGTGGATAACCTGAGGTCAGGAGACCAGCCTGACCAACATGGAGAAACCCCATCTCTACTAAAAATACAAAATTAGCTGGGCGTGGTGTTGCAAGCCTGTAATCCCAGCTACTCCGGAGGCTGAGGCAGGAGAATCACTTGAACCCTGGAAGCAGAGGTTGCAGTGAGCCAAGATTGCACCATTGCACTCCAGCCTGGGCAACAAGAACAAAACTCCATCTCAAAAAATAAATAAATTAAATAAAA","GGCCAGGCACAGTGGCTCATACCTGTAATCCCAGCACTTTGGGAGGCCGAGGCAGGTGGATCACCTGAGGTTGGGAGTTTGAGACCAGCCTGACCAACATGGAGAAACCCCATCTCTACTAAAAATACAAAATTAGCTGGTGTGGTGATGCATACCTATAATCCCAGCTACTCAGGAGGCTGAGGCAGGAGAATCACTTGAACCTGGGAGGCAGAGGTTGCAGTGAGCCAAGATTGCGCCATAGCACTCCAGCCTGGGCAACAAGAGCGAAACTCCGTCTCAAAAATAAATAAAATAAAATAAGTAAAA"
"KN294167v1","186538","186796","JH378217","230851","231102","44","44313","GGAGGCCGAAGCAGGCAGATCACTTGAGGCCAGGAGTTTGAGACCAGCCTGGCCAACATGGAGAAACCCCATCTCTACTAATAATACAAAAATTAGCCGGGTGTGGTGGCGTGCGCCTGTAATCCCAGCCACTTGGGAGGCTGAAGCAGGAGAATCACTTGCACCTGGGAGGCAGAGGTTACAGTGAGCTGAGATGGTGCCACTGCCCTCCAGCCTGAGCGACAAGCGTGAAACTGTGTCTCAAAAAGAAAAGAAAAAA","GGCGGAGGGGGATCACCTGAGGTCAGGAGTTCGAGACCAGCCTGTCCAACATGGAGAAACCCCATCTCTACTAAAAATACAAAATTAGCTGGGTGTGGTGGCACATGCCTGTAATCCCAGCTACTTGGGAGGCTGAGGCAGGAGAATTGCTTGGGCCCAAGAGGCAGAGGTTTTGGTGAGCTGAGATCATGCCACTGCCCTCCAGCCTGGGCAATAAGAGTGAAACCCAGTCTCAAAAAAAAAAAAAAAAAA"
"KN294167v1","201524","201825","JH378110","35718840","35719141","33","35517316","GGCCAGGCGTGGTGGCTCACACCTGTAATCCCAACACTTTGGGAGGCCGAGGCGGGTGGATAACCTGAGGTCGGGGGTTCAAGACCAGCCTGACCAACACGGAGAAACCTCGTCTCTACTAAAAATACAAAATTAGCTGGGCGTGGTGGCATACGCCTGTAATCCCAGCTACTGGGGAGGCTGAGGCAGGAGAATCACTTGAACCCGGGAGGCAGAGGTTGCGGTGAACCAAGATCGTGCCACTGCACTCCAGCCTGGGCAATAAGAGTGAAACTCCGTCTCAAAAAAAAAAAAGAGAGAAA","GGCCGGGTGCAGTGGCTCATGCCTGTAATCCTAACACTTTGGGAGGCTGAGGTGGGCGCATCACCTGAGGTCCAGAGTTCAAGACCAGCCCGACCAATACGGAGAAACACTGTCTCTACTAAAAATACAAAATTAGCTGGGCATGGTGGCACACGCCTGTAATCCCAGCTACTTGGGAAGCTGAGGCAGGAGAATCACTTGAACCCGGGAGGCAGAGGTTGTGGTGAGCCAAGATCACGCCACTGCACTCCAGCCTGGGCAACAAGAGCGAAACTCCGTCTCAAAAAAAAAAAGAAAAAAAA"
"KN294167v1","257547","257598","JH378107","49865593","49865646","14","49608046","ATCCCAGCACTTTGGGAGGACAAGGTGGGTGGATCATCTGAGCTCAGGAGTT","GTAATCCCAGCACTTTGGGAGGCCGAGATGAGCAGATCACCTGAAGTCGGGAGT"
"KN294167v1","281428","281725","JH378108","20625679","20625975","38","20344251","GGCTGGCTGTGGTGGCTCACACCCCTAATCCCAGCACTTTGGGAGGCTGAGGCAGGTGGATCACTTGAGGTCAGGAGTTAGAGACCAGCCTGACCAATGTGGTGAAACCCCCTCTCTACTAAAAGTACAAAATTAGCCAGGTGTGGTGGCGCGTGCCTGTAATCCCAGCTACTTGGTAGGCTGAGGCAGGAGAATCACTTGAACCTGGTAGGCAGGGGTTGCAGTGAGCCAAGATTGCACCGTTGCACTCCAGCCTGCTCAACAAGAGCGAAACTCCGTCTTAAAAAAAAAAAAAAAA","GGCTGGGCATGGTGGCTCACGCCTGTAATCCCAGCACTTTGGGAGGCTGAGGCAGGTGGATCATGAGGTCAGGAGTTCGAGACCAGCCTGACCAACATGGTGAAACCCCATCTCTACTAAAAATACAAACATTAGCCTGTTGTGGTGGTGCATGCCTGTAATCCCAGCTACTGGGGAGGCTGAGGCAGGAGAATCACTTGAACTTAGAAGGCAGAGGTTGTGGTGAGCTGAGATCATACCATTGCACACCAGCCTGGGCAACAAAAGTGAAACTCCGTCTCAAAAAAAAAAAAAAAA"
"KN294167v1","284332","284458","JH378153","13895787","13895919","29","13611455","GGCTAAGAGCAGTGGCTCCATGCCTATAAACCTAGCACTTCGGGAGGCTGAGGCGGGAGGATCACCTGAGGCCAGGAGTTCAAGACCAGAATGGTCTTGAGAATGGTCTCTATTAAAATTTAAAAAA","GGCCAGGGGCAGTGGCTCATGCCTATAATCCCAGCACTTTGGGAGGCTGAGGTGGGCGGATCAACCTGAGGTCGGGAGTTCAAGACCAGCCTGACCAACATGGAGAAACCCCGTCTCTACTAAAATTACAAAA"
"KN294167v1","319194","319483","JH378194","2390312","2390602","31","2071118","GGCCAGGCATGGTGCCTCACACCTGTAATAACAGCACTTTGGAGGCTAAGGCAGGCAGATCACCTGAGGTCGGGAGTTTGAGACCAGCCTGACCAACATGGAGAAACCCCATCCCTACTAAAAATACAAAATTAGCTGGGTGTGGTGGCACATGCCTGTAAACCCAGCTACTAGGGAGGCTGAGGCAGGAAAATCGCTTGAACCTGGGAGGCGGAGGTTGCGGTGAGCCGAGATCATGCCATTGCACTCCAGCCTGGGCAACAAGAGTGACTCCGTCTCAAAAAACAAAA","GGCCAGGCGCAGTGGCTCACACCTGTAATACCAACACTTTGGGAGGCTGAGGCGGGCAGATCACCTGAGGTCGGGAGTTCAAGACCAGCCTGACCAACATGGAGAAACCCTGTCTCTACTAAAAATACACAATTAGCTAGGCGTGGTGGCACATGCCTGTAATCCCAGCTTCTCAGGAGGCTGAGGCAGGAGAATCGCTTGAACCTGAGAGGTGGAGGTTGCAGTTAGCCGAGATCATGCCATTGCACTCCAGCCTGGGCAACAAGAGTGAAACTCTGTCTCAAAAAAAAA"
"KN294167v1","354490","354805","JH378185","9926703","9927012","38","9572213","GCTGGGCGCTGTGGCTCACACCTGTAATCCCAACACTTTGGGAGGCCTAGGTGGGTGGATCACCTGAGGTCGGGAGTTCAAGACCAGCCTGACCAACATGGAGAAACGCCGTCTCTACTAAAAATACGAAATTAGCTGGGTGTGGTGATGCATACCTGTAATCCCAGCTACTCAGGAGGCTGAGGCAGGAGAATCGCTTGAACCCGGGAGGTGGAGGCTGCAGTGAGTCGAGATGGCGCCACTGCACTCCAGCCTGGGCAACAAAAGTGAAACTTCATCTCAAAAAAAAAAAAAAAGAAAAGAAAAGAAAAGAAAA","CCGGACGCGGTGGCTCACGCCTGTAATCCCAACACTTTGGGAGGCCAAGGTGGTTGGATCACCTGAGGTTGGAAGTTCCAGACCAGCCTGACCAACCTGGAGAAACTCCCTCTCTACTAAAAATACAAAATTAGCTGAGTGTGGTGGTGTATGCCTGTCATCCCAGCTAGTCAGAAGGCTGAGGCAGGAGAATCGCTTGAACCTGGGAGGTGGAGGTTGCAGTGAGCCAAGATCGAGCCATTGCTCTCCAGCCTGGGCAACAAGAGCGAAACTCCGTCTCAAAAAAAAAAAAAAAAAAAAAAAAAAAAAA"
"KN294167v1","398534","398830","JH378111","10296327","10296627","42","9897793","GGGCAGGGACAGTGGCTCATGCCTAAAATCCCTGCACTTTGGGAGGCCAAGGTGGATGGATCACCTGAGGTCAGGAGTTGAGACCAGCCTGGCCAACATGAAGAAACCCCATCTCTACTAAAAATACAAAAAATTAGCTGGGCGTGGTGGTGTGCACCTGTAATCCCAGCTACTTAGGAAGCTGAGGCAGGAGAATCACTTGAACCCGGGAGGTGGAGGTTGCCGTGAGCCAAGATGGCACCACTGCACTCCAGGCAACAAGAGCAAAACTCCATCTCAAAAAAAAAAAACAAAAAA","GGCCAGGCACGGTGGCTCAGGCCTGTAATCTCAGCACTTTGGGAGGCCAAGGTGGATGGATCACCTGAAGTCGGGAGTTCGAGACCAGCCTGGCCAACATGGAGAAACCCCATCTCTATTAAAAAATCAAAATTAGCTGGGAGTGGTGGTGCATGCCTGTAATCCCAGCTACGCGGGAGGCTGAGGCAGGAGAACCACTTGAACCCGGGAGGTGGAGGTTGCAGTGAGCCGAGATGGAGCCATTTGCACTCCAGCCTGGGCAACAAGAGTGAAACTCCGTCTCAAAAAAAAAAAAAAAAAA"
"KN294167v1","421038","421332","JH378153","12029258","12029552","38","11608220","GGCTGGGCGCAGTGGCTTATGCCTGTAATCCCAGCACTTTGGGATGCCAGAGTGAGTGGATCACCTGAGGTCCGGAGTTCGAGACCAGCCTGACCAACATGGAGAAACCTCATCTCTACTAAAAATACAAAATTAGCCGGGCATGGTGGTGCATGCCTGTAATCTCAGCTACTCAGGAGACAGAGGCAGGATAATTGCTTGAACCCAGGAGGCGGAGGTTGCAGTGAGACGAGACCGCCCCATTGCACTACTCCAGCCCAGGCAACAAGAGTGAAACTCTGTCGAAAAAAAAAAA","GGCCGGGCGCAGTGGCTCATGCCTGTAATCCCAGCACTTTGGGAGGCCAAAGTGTGCGGATCACCTGAGGTTGGGAGTTCGAGACCAGCCTGACCAACATGGAGAAACCCCATCTCTACTAAAAATACAAAATTAGCCAGGTGCGGTGGTGGTGCACGCCTGTAATCCCAGCTACTCGGAAAGCTGAGGCAGGAGAATCTCTTGAACCAGGAGGCGGAGGTTGCACTGAGCTGAGATTGTGCCACTGCACTTCCACCTGGGCAACAAGAGTGAAACTCTGTCTCAAAAAAAAAAA"
"KN294167v1","437863","438163","JH378288","1088673","1088973","35","650810","GGCCAGGCGCAGTGGCTCATGCCTGTAATCCCAGCAATTTGGGAGGCCGAGGAAGGTGGATCACCTGAGGTCGGGAATTCAAGACCAGTCTGATCAACGTGGAGAAACTCCATCTCTACTAAAAATACAAAATTAGCCTGGCATGGTGGCACATGCCTGTAATCCCAGCTACTCAGAAGGCTGAGGAAGGAGAATCGCTTGAATCCAGGGGGCAGAGGTTGCAGTGAGCCGAGATCATGCCACTGCACTCTAGCCTGGGCAACAAGAGCGAAACTCCGTCTGAAAAAAATAATAATAATAA","GGCCAGGCGCGGTGGCTCATGCCTGTAATCCCAGCACTTTGGGATGCCGAGGCAGGTGGATCACCTGAGGTCGGGAGTTCAAGACCAGCCTGACCAACATGGAGAAATCTCATCTCTACTAAAAATACAAAATTAGCCAGGTATGGTGGCGCATGCCTGTAATCCCAGCTACTTGGGAGGCTGAGGCAGGAGAATTGCTTGAACCTGGGAGGTAGAAGTTGCAGTGAGCCAAGATCACACCATTGCACTCCAGCCTGGGCAACAAGAGTGAAACTCCATCTCAAAAAAAAAAAAAAAAAAA"
"KN294167v1","443049","443355","JH378197","7145768","7146073","35","6702719","GCCGGGCATGGTGGCTCACGCCTGTAATCCCAGCACTTTGGGAGGCCAAGGTGGGTGGATCACCTGAGGTCGGGAGTTTGAGACCAGCTTGACCGACATGGAGAAACCCCACTTCTACTAAAAATACAAAATTAGTCGGGTGTGGTAGTGCATGCCTGTTACCCCAGCTACTTGGGAGGCTGAGACAGGAGAATTGCTTGAACCCAGGAGGCAGAGGTTGCGGTACGCCAAGATCACGCCATTGCACTCCAGCCTGGACAACAAGAGTGAAACTCTGTCTCAAAAAAAGAAAAGAAAGAAAAGAAAA","GCCGGGCATGGTGGCTCACGCCTGTAATCCCAGCACTTTGGGAGGCCGAGGCGGGCTGGATCACCTGAGGTCGGGAGTTCGAGACCAGCCTGACCAACATGGAGAAACCCCGTCTCTACTAAAAATACAAAATTAGCCAGACGTGGTGGCACGTGCCTATAATCCCAGCTACTTGGGAGGCTGAGGCAGGAGAATTGCTTGAACCCAGGAGGTGGAGGTTGCGGTGAGCCAAGATCGCGCCACTGCACTCCAGCCTGGGTAACAAGAGCGAAACTCCGTCTCAAAAAAAAAAAAAGAAAAAGAAAA"
"KN294167v1","482253","482548","JH378115","28712376","28712673","33","28230123","GGCCAGGCGCGGTGGCTCACGCCTGTAATCCCAGCACTTTGGAAGGCCGAGGCGGGCGGATCACCTGAGGTCGGGAGTTCAAGGCCAGCCTGACTAACATGGAAAAACCCATCTCTACTAAAAATAAAAAATTAGCTGAGCGTGGTGGCGCATGCCTGTGATCCCAGCTACTCAGGAGGCTGAGACAGGAGAATCGCTTGAAACCGGGAGGCGGAGGTTATGGCGAGCCGAGATCGCGCCATTGCACTCCAGCCTGGGAGTCAAGAGCGAAACTCCGTCTCAAAAAAAAAAAAAAA","GGCTGGGCATGGTGGCTCACGCCTGTAATCCCAGCACTTTGGGAGGCCGAGGCAGGCAGATCACCTGAGGTCAGGAGTTCGAGACCAGCCTGATCAACATGGAGAAACCCCATCTCTACTAAAAATACAAAATTAGCTGGGTGTAGTGGCGCATGCCTGTAATTCCAGCTACTCAGGAGGCTGAGGCAGGAGAATCGCTTGAACCCAGGAGGTGGAGGCTGTGGTGAGCCGAGATGGCGCCATTGCACTCCAGCCTGGGTAACAAGAGAGAAACTCCGTCTCAAAAAAAAAAAAAAAA"
"KN294167v1","484271","484472","JH378128","3764810","3765009","21","3280539","GGCCAGGCGTGGTGGCTCATGCCTGTAATGCCAGCACTTTGGGAGGCCAAGGCGGGCGGATCACCTGAGGTCAGAAGTTCAAGACCAGCCTGACCAACATGGAGAAACCCCGTCTCTACTAAAAATACAAAATTAGCTGGGCGTGGTGGCACATGCCTGTAATCCCAGCTACTCTGGAGGTTGAGGCAGAAGAATCGCTTGA","GGCCAGGCGCGGTGGCTCACGCCTGTAATCCCAGCACTTTGGGAGGCCAAGGCGGGCGGATCATCTGAGGTCAGAAGTTTGAGATCAGCCTGACCAACATGGAGAAACTCCTTCTCTACTAAAAAATTCAAAATTAGCCGGGCATGGTGGCACATGCCTGTAATCCCAGCCACTCGGGAGGCTGAGGCAGGAGAATTGCT"
"KN294167v1","500001","500232","JH378106","63127227","63127458","33","62627226","GGCCAGGCGCAGTGGCTCACGCCTATAATCCCAGCACTTTGGGAGGTCGAAGCAGGCTGATCACCTGAGGTCGGGAGTTCAGGACCATCCTGACCAACATGGAGAAGCCTAGTCTGTACTAAAAATACAAAATTAGCTGGGCATAGTGGTGCATGCCTGTAATCCCAGCTACTCAGGAGACTGAGGCAGGAGAATCGCTTGAACCTGGGAGATGGAGGTTTTGGTGAGCCGA","GGCCAGGCACAGTGGCTCACACCTGTAATCCCAGCACTTTGGGAGGCCGAGGCAGGTAGATCACCTGAGGTCAGGAGTTCAAGACCAGCCTGACTAACGTGGAGACACCCCATCTCTACTAAAAACACAAAATTAGCTGGGAGTGGTGGCGCATGCCTGTAATCCCAGATACTTAGGAGGCTGAGGCAGGAGAATTGCTTGAACCCAGGAGGTGGAGGTTGCAGTGAGCTGA"
"KN294167v1","512103","512404","JH378105","6199598","6199901","38","5687495","GGTTGGGCACGGTGGCTAATGCCTGTAATCCCAGCACTTTGGGAGGCCGAGGCGGGCAGATCACCTGAGGTCAGGAGTTCGAGACCAGCCTGGCCAACATGGTGAAACCTCGTCTGTACTGAAAATACAAAAAATTAGTTGCATGTGATGGCACATGTCTGTAATCTCAGCTACTTGGGAGGCTGAAGCAGGAGAATTGCATGAACTCGGGAGGTGAAGGTTGTGGTGAGCTGAGATCGCGCCATTGCACTCTAGCCTGGGCAACAAGAGCAAACTCCATCTCAAAAAAAAAAAAAAAAAAA","GGCCGGGCACGGTGGCTCAAGCCTGTAATCCCAGCACTTTGGGAGGCCGAGGTGGGTGGATCATGAGGTCGGGAGATCGAGACCAACCTGGTCAACATGGTGAAACCCCGTCTCTACTAAAAATACAAAAAATTAGCTGGGCATGGTGGCGCATGCCTGTAATCCCAGCTACTCAGGAGGCTGAGGCAGGAGAATTGCCTGAACCCAGGAGGCGGAGGTTGTGGTGAGCTGAGATCGCGCCATTGCACTCCAGCCTGGGTAACAAGAGCGAAACTCCATCTCAAAAAAAAAAAAAAAAAAAAAA"
"KN294167v1","534432","534723","JH378204","2935067","2935361","32","2400635","GCCAGGCACAGTGACTTATGCCTGTAATCCCGGCACTTTGGGAAGCTGAGGCAGGTGGATCACCTGAGTTCAGGAGTTTGAGACCAGCCTGACAAACATGGAGAAACTCTGTCTCTACTAAAAATACAAAATTAGCTGAGTGTGGTGGCATGTGCCTGTAATCCCAGCTACTTGGGAGGCTGAGGCAGGAGAATCGCTTGAACCCAGGAGGTGGAGGTTGTGGTGAGTCGAGATTGCGCCATTGCACTCCAGCCTTGGCAACAAGAGGTAAACTCCATCTAAAAAAAAGAAA","GGCCAGGCACAGTGACTCATGCCTGTAATCCCAGCACTTTGGGAGGCTGAGGCAGGCGGATCCCCTGAGGTCAGGAGTTCAAGATCAGCCTGACCAACATGGAGAAACGCTGTCTCTACTAAAAATACAAAATTAGCTGGGTGTGGTAGCACATGCCTGTAGTCCCAGCTACTCAGGAGGCTGAGGCAGGAGAATCGCTTGAGCCCAGGAGGCGGAGGTTGTGGTGAGCCGAGATCATGCCATTGCACTCCAGCCTGGGCAACAAGAGTGAAACTCCGTCTCAAAAAAAAAAAAA"
"KN294167v1","544961","545239","JH378146","9718543","9718830","38","9173582","GGCTGGGCATGGTGGTTCACACCTGTAATCCTAGCACTTTAGGAGGCCGAGGCAGGTGGATCACCTGATCGAGAGTTCGAGACCAGACTGACCAAAGGGCTGTATTTTGTAAAAACACAAAATTAGCTGGGCATGGTGGCACATGCCTGTAATCCCAGCTACTTGGGAGGCTGAGGCAGGAGAATCGCTTGAACCCGGGAGGTGGAGGTTGCGGTGAGCCGAGATCGTGCCATTGCACTCCAGCCTGGGTAACAAGAGTGAAACTCCGTCTCAAAAAAA","GGCCGGGCGCGGTGGCTCAAGCCTGTAATCCCAGCACTTTGGGAGGCAGAGGTGGGTGGATCACGAGGTCGAGAGATCGAGACCATCCTGGTCAACATGGTGAAACCCTGTCTCTACTAAAAATACAAAAATTAGCTGGGCATGGTGGCACGTGCCTGTAATCCCAGCTACTTGGGAGGCTGAGGCAGGAGAATTGCTTGAACCCAGGAGGCGGAGGTTGCGGTGAGCCGAGATCGTGCCATTGCACTCCAGCCTGGGTAACAAGAGTGAAACTCTGTCTCAAAAAAA"
"KN294167v1","555858","556151","JH378173","5370117","5370412","36","4814259","GGCCAGGAGCGGTGGCTCATGCCTGTAAGCCCAGAATTTTGGGAGGCTGAGGCGGACAGATCACCTGAGGTCAGGAGTTCCAGACCAGCCTGACCCACATGGAGAAAGCCTGTCTCTACTAAAAATGAAAAATAAGCCAGGCCTGGTGGCGCATGCCTATAATCCCAGCTACTCAGGAGGCAGAGGCAGGAGAATCGCTTGAACCCAGGAGGTGGAGGTTACGGTGAGCTGAGATCGCGCCATTGCACTCCAGCCTGGGCAACAAAAGCGAGACTCCATCTCAAAAAAAAAAAA","GGCCAGGTGCGGTGGCTGATGCCTGTAATCCCAGCACTTTGGGAGGCTTAGGCGGGCAGATCACCTGAGGTCGAGAGTTCAAGACCAACCTGACTAACATGGAGAAACCTCGTCTCTACTAAAAATACAAAAAATTAGCTGGGCATGGTGGTGCGTGCCTGTAATCCCAGCTACTCAGGAGGCTGAGGCAGGAGAATTGCTTGAACCCGGGAGGTGGAGGTTGCGGTGAGCTGAGATCGCGCCATTGCACTCCAGCCTGGGTAACAAGAGCGAAACTCAGTCTCAAGAGAAAAAAA"
"KN294167v1","563659","563960","JH378116","11181268","11181574","36","10617609","GGCTGGGCGCAGTGGCTCATGCCTGTAACCCCAGCACGTTGGAAGGCTGAGGCAGACAGATCACCTAAGGTCAGGAGTTTGAGACCAGTCTGACCAACATGGAGAAACCCCATCTCTACTAAAAATAAAAAATTAGCCAGTCGTGGTGGTGCATGCTTATAATCCCAGCTACTTGGGAGGCTGCGGCAGGAGTATCGCTTGAACCCAGCAGCGGAGGTTGCGGTGAGCTGAGATCACGCCATTGCACTCCAGCCTGGGCAACAAGGAGAAACTCTGTCTCAAAAAAGTAAAAAAAAAAAAAA","GGCTGGGCGCAGTGGCTCACACCTGTAATCCCAGCACTTTGGGAAGCAGAGACAGGCAGATCACCTGAGGTCAGGAGTTTGAGACCAGCCTGACCAACATGGAGAAATCCCATCTCTACTAAAAATAAAAAATTAGCCAGGCATGGTGACACATGCCTGTAATTCCAGCTACTTGGGAGGCTGAGGCAGGAGAATTGCTTGAACCCAAGAGTTGGAGGTTGCGGTGAGCTGAGATCGCGCCATTGCACTCCAGCCTGGGCAACAAGAGCAAAACTCTGTCTCAAAAAAAAAAAAAAAAAAAAAAAAA"
"KN294167v1","565438","565734","JH378201","7813523","7813820","41","7248085","GCCAGGCGTGGTGGTTCACGTCTATAATCCCAGCACATTGGGAGGCCGAGGTGGGCTGATCACCTGAAGTCAGGAGTTTGAGACCAGCCTGATCAACATGGAGAAACCCTGTCTCTACTAAAAATACAAAATCAGCCAGTGTAGAGACACATGCTGTAATCCCAGCTACTTAGGAAGCTGAGGCAGGAGAATCGCTTGAACCTGGGAGGTGGAGGTTGCAGTGAGCCGAGATTGCACCACTGCACGCCAGACTGGGCAACAAAAGCAAAACTCCGTCTCAAAATAATAATAAATAAA","GGCCGGGCGCGGTGGCTCACGTCTGTACTCCCAGCACTTTGGGAGGCCGAGGCGGGTGGATCACCTGAAGTCGGGAGTTCAAGACCAGCCTGACCAACATGGAGAAACCCTGTCTTTATTAAAAATACAAAATTAGCTGAGTGTCGTGGTGCATGGTGTAATCCCAGCCACTTGAGAGGCTGAGGCAGGAGAATCACTTGAACCTGGGAGGCGGAGGTTGCAGTGAGCCGAGTTTGCACCATTGCACTCCAGCCTGGGCAACGAAAGCAAAACTCCGTCTCAAACAACAACAAAAAAA"
"KN294167v1","577817","578071","JH378119","28597739","28597991","31","28019922","GGCTAGGTGCGGTGGCTCACACCTGTAATCCCAGCATTTTGGGAGACTGAGGCAGGTGGATCACCTGAGGTCAGGAGTTCGAGACCAGCCTGACCAACATGGAGAAACCCCATCCGTACTAAAAATATAGAAATTAGCCAGATGTGGCGGTGCACACCTATGATCCCAGCTACTCAGGAGGCTGAGGCAGGAGAATCACTTGAACCCAGGAGGCAGAGGTTGCAGTGAGCCGAGATCGTGCCACTGCACTCCAGC","GCCGGGCGCGATGGCTCACACCTGTAATCCCAGCACTTTGGGAGGCCAAGGCAGGTGGATCACCTGAGGTTGGGAGTTCGAGACCAGCCTGACCAACACAGAGAAACCCAATCTCTACTAAAAATACAAAATTAGCTGGGTGTGGTGGTGCATGCCTATAATCCTAGCTACTCAGGAGGCTGAGGCAGGAGAATTGCTTGAACCCAGGAGGCAGAGGTTGCAGTGAGCCAAGATCGCGCCATTGCACTCCAGC"
"KN294167v1","578990","579282","JH378216","53719","54020","45","525271","GTGGTGGCTCACGCCTGTATCCCAGCACCTTGGGAGGCCAAGGCAGGCAGATCACCTGAGCTCAGGAGTTCGAGACCAGCCTGAACAACATGGAGAAACCCCATCTCTACTAAAAATACAAAAAACTAGCCAGGTGTGGTGGCACAGGCTTGTAATCCTGGCTACTTGGGAGGCTGAGAAGGAGAATCGCTTTAACCTGGGAAATAGAGGTTGCGGTTAGCCAAGACCATGCCATGGTACTCCAGACTGGGCAACAAGAGTGAAACTGTCTCAAAAAAAAAAAAAAAAAAGAA","GCTGGGCAAGGTGGCTCACGCCTGTAATTCCAGCACTTTGGGAGGCCGAGGTGGATAGATCACCTGAGGTCAAGAGTTCAAGACCAGCCTGACCAACATGGAAAAACCCCATCTCTACAAAAATACAGAAAAACTAGCCAGATGTGGTGGCACATGCTTGTAATCCTAGCTACTTGGGAGGCTGAGGCAGGAGAATCACTTGAACCTGGGAAGTGGAGGTTGGGGTGAGCCAAGATTGCACCATTGCACTCCAGCCTGGGCAACAAGAGTGAAACTCTGTCTCAAAAAAAAAAAAAAAAAAA"
"KN294169v1","61042","61092","JH378107","3373557","3373604","14","3312515","CATTTTGGGAGGCTGAGGTGGGAGGATCACCTGAGGTCAGAGAACAACCTG","CTTTTGGAGGCCAAGGCGGGCGGATCACCTGAGGTCGGGAGTTCAAGA"
"KN294169v1","77280","77575","JH378139","18955642","18955939","31","18878362","GTCAGGCGCGGTGGCTCATGCCTGTAATCCCAGCATTCTGGGAGGCCAAGGCGGGCAGATCACCTGAGGTCAGGAGTTCGAGATCAGCCTGACCGACATAGAGAAACCCCATCTCTACTAAAAATACAAAATTAGACAGGCATGGTGGCGCATGCCTGTAATCACAGCTACTCAAGAGGCTGAGGCAAGAGAATCACTTGAACCCAGGAGGTGCAGGTTGCGGTGAGCCGAGATCACGCCACTGCACTCCAGCCTGGGCAACAAGAGAGAAACTCCGTCTCAAAAAAAAAAAAAAA","GGTCGGGCGCAGTGGCTTATGCCTATAATCCCAGCACTTTGGGAGGCCAAGGTGGGCAGATCACCTGAGGTTGGGAGTTCGAGATCAGCCTAACCAACATGGAGAAACCCCATCTCTACTAAAAATAAAAAATTAGCCAGGCATGGTGGCACATGCCTGTAATCCCAGCTACTCAGGAGGCTGAGGCAGGAGAATCGCTTGAACCCAGGAGGTGGAGGTTGCAGTGAGCTGAGATGGCACCATTGCACTCCAGCCTGGGCAACAAGAGCAAAACTCCATCTCAAAAAAAAAAAAAAAA"
"KN294169v1","204100","204385","JH378107","6777979","6778263","29","6573879","GGCCAGGCACAGTGGCTCATGCCTGTAATCCCATCACTTTGGGAGGCTGAGGCGGGCGGATCACCTGAGGTCGGGAGTTTGAGACCAGCCTGACCAACATGGAGAAATCCTATCTCTACTAAAAATACAAAATTAGCTGGGCGTGGCGATGCATGCCTGAAATTCCAGCTACTCAGGAGGCTGAGGCAGAAGAATCTCTTGAACCCGGGAGACAGAGGTTGCAGTGAGCTGAGATCATGCCATTGCACTCCAGCCTGGGCAACAACAGTGAAACTCTGTCTCAAAA","GGCCGGGCACAGTGGCTCACACCTGTAATCCCAGCACTTTGAGAGGTTGAGGTGGGCGGATCACTTGAGGTCGGGAATTTGAGACCAGTCTGACCAACATGGAGAAATCCTGTCTCTACTAAAAATACAAAATTAGCTGGGCATGGTGGTGCATGCCTGTAGTCTCAACTACTCAGGGGGCTGAGGCAAGAGAATCGCTTGAACCCGGGAGGCAGAGTTTGCAGTGAGCTGAGATCATGCCATTGCACTCCAGCCTGGGCAACAAGAGTGAAGCCCTGTCTCAAA"
"KN294170v1","5186","5493","JH378108","50841323","50841633","43","50836137","GCTGGGCATCGGGGCTCACGCTTGTAATCCCAGAACTTTGGGAGGCCGAGCTGGGTGGATCATCTGAGGTCAGGAGTTCACGATCAGCCTGACCAACATGGAGAAACCCCGTCTCTACTAAAAATACAAAAGCTGGGCGTGGTGGCGCATGCCTGTAATCCCAGCTACTCAGGAGGCTGAGGCAGGAGAATTGCTTGAACCTGAGAGGCGGAGGTTGCGGTGAGCCAAGATCACAACATCGTACTCCAGTCTGGGCGACATAAGTGAAACTCTGTCTCAAAACAACAACAAACAACAACAACAACAAA","GACCGGGCACAGTGGCTCATGCCTGTAATCTCAGCACTTTGGGAGGCCGAGGTGGGTGGATCACCAGAGGTCAGGAGTTTAAGACCAGCCTGATCAACATGGAGAAACCCCGTCTCTACTAAAAATACAAAATTCGCTGGGCGTGGTGGCCTATGGCTGTAATCCCAGCTACTTGGGAGGCTGAGGCAGGAGAATTGCTTGAACTTGGGAGGCGGAGGTTGCGGTGAACTGAGATCGCACCATTGTACTCCAGCCTAGGCAACAAGAGCAAAACTCCATCTCAAAACAACAAGAAACAACAACAACAAAAA"
"KN294170v1","7210","7500","JH378109","14635205","14635505","34","14627995","GCAATGGCTCACACCTGTAATCCAGCACTTTGGGAGGCCGAGGCAGGTGGATCACCTGAGGTCGGAGTTTGAGACCAGCCTGACCAACATAGAGAAACCCCATCTCTACTAAAAATAATAAAAATTAGCTGGGCGTGGTGGTGCATGCCTGTAATCCCAGCTACTTGGGAGGCTGAGGCAGGAGAATTGCTTGAACCTGGAAGGCGGAGGTTGTGGTGAGCCAAGATCACGCCATTGCACTCCAGCCTAGGCAACAACAGCAAAACTCTGTCTCAAAAAAATAAAATAAAA","GGTCAGGCGCGGTGGCTCACCCCTGTAATTCCAGCACTTTGGGAGGCTAAGGCGGGTGGATCACGAGGTCAGGAGTTTGAGACTAGCCTGACCAACATAGAGAAACCCCGTCTCTACTAAAAATACAAAAAATTAGCTGGGCGTAGTGGTGCATGCCTGTAATCCCAGCTACTTGGGAGGCTGAGACAGGAGAATCACTTGAACCTGGAAGGCGGAGGTTGTGGTGAGCTGAGATCGTGCCATTGCACTCCAGCCTGGCAACAAGAGCAAAACTCTGTCTCAAAAAAATAAATAAATAAAA"
"KN294170v1","8712","9006","JH378167","7049842","7050119","58","7041130","GGCCAGGCACCGTGGCTGATGCCTGTAATCCCAGCACTTTGGGAGGCCGAGGCAGCCTGACCAACATGGAGAAACCCCATCTCTACTAAAAATACAAAATTAGCTGGATGTGGTGGCAGATGCCTGTAATCCCAGCTACTCGGAAGGCTGAGGCTGGAGAATCGCTTGACGCTTGAACCCGGGAGGCAGAGGTTGGGGTGAGCTGAGATAGTGGTGAGCTGAGATCACGCCATTGCACTCCAGCCTGGGCAACAAGAGTGAATCATAGTCTCCAAAAAAAAAAAAAAAAAAAAAA","GGCCAGGTGACGTGGCTCATGCCTGTAAATCCCAGCACTTTGGGAGGCCAAGGCAGCCTGACCAACATGGAGAAACCCCGTCTCTACTAAAAATACAAAATTAGCCGAGTGTGGTGGCACGTGCCTGTAATCCCAGCTATTTGGGAGGCTGAGGCAGGAGAATCACTTGAACCTGGGAGGCAGAGATTGCAGCGAGCCAAGATTGTGCCACTGCACTCCAGCCTGGCCAATAAGAGTGAAATTCTGTCTCAAAAAAAAAAAAAGAAGAAAAAAAGAAA"
"KN294170v1","17661","17973","JH378186","3771716","3772027","41","3754055","GACCAGGTATGGGGGCTCACACCTATAATCACAGCCCTTTGAGAGGCCGAGGCAGGTGGATCACCTGAGGTCAAGAGTTTGAGACCAGCCTGACCAATATGGCAAAACCCTGTCTCTACTAAAAATACAAAAACCAGCCAGGCGTGGTGGTGCATGCCTGTAATCCCAGCTACTTGGGAGGCTGAGGCAGGAGAATCACTTGAACCCGGGAGGTGGAAGTTGCAGTGAGCCAAGATCATGCCGTTGCACTCTAGCCTGGGTGACAAGAGTGAAACTCCGACTCAAAAAAAGAAAAAAAAACGGAAAAAAAAAA","GACCAGGTGTGGTGGCTCACACCTGTAATCCCAGCACTTTGGGAGGCCAAGGCTGGTGGATCACCTGAGGTTGGGAGTTCAAGACCAGCCTGACCAATGTGAAGAAACCCTGTCTCTACTAAAAATACAAAATTAGCCAGGCATGGTGGTGCATGCCTGTAATCCCAGCTACTCAGGAGGTTGAGGCAGGAGAATCGCTTGAACCCAGGAGGTGGAGGTTGCAGTAAGCCAAGATCACGCCATTGCACTCTAGCCTGGGAAACAAGAGCAAAGCTCAGTCTCAAAAAAAAAAAAAAAAAAAAAAAAAAAAAA"
"KN294170v1","52790","53085","JH378199","7593197","7593494","34","7540407","GGCCGGGCAAGGTGGCTCATGCCTGTAAACCCAGCACTTTGGGAGGCCTAGGTGGGTGGATCACCTGAGGTTGGGAGTTCAAGATCAGCCTGACCAACATGGTGAAACCCCGTCTCTACTAAAAATACAAAAATTAGCCAGGTGTGGTGGGCGCATGCCTGTAATCCCAGCTACTCGGGAGCTGAGGCAGGAGAATCACTTGAACCCAGAAGGCAGAGGTTGCAGTAAGCCGAGATCGTGCCATTGTGCTCCAGCCTGGGCAACGAGAGCAAAACTTCATCTCAAAAAAAAAAAAA","GGCCGGGCACGGTGGCTCATGCCTGTAATCCCAGCACTTTTGGAGGCTGAGGTGGGCGGATCACCTGAGGTTGGGAGTTCAAGACCAGCCTAACCAACATGGAGAAATCCGGTCTCTACTAAAAATACAAAAAATTAGCCAGGCGTGGTGGTGCATGCCTGTAATCCCAGCTACTCGGGAGGCTGAGACAGGAGAATTGCTTGAACCTAGGAGGCAGAGGTTGCAGTGAGCCAAGATCACGCCATTGCACTCCAGCCTGGGCAAGAGGAGCTAAATTCTGTCTCAAAAAAAAAAAAAA"
"KN294170v1","66134","66445","JH378135","1042676","1042987","38","976542","GGCCGGGTGCAGTGGCTCAGGCCTATAATTCCAGCACTTTGGAAAGCCGAGGCAGGCAGATCATCTGAAGTCGGGAGTTTGAAACCAGCCTGACCAACATGGAGAAACTCCATCTCTACTAAAAATACAAAATTAGCTGGGCGTGGTGGTGGGTGCCTGTAATCCTAGCTACTTGGGAGGCTGAGGCAGGAGGATTGCTTGAACTCGAGAGGCAGAGGTTACGTTGAGCCAAGATCACGCCATTGCACTCCAGCCTAGGCAACGAGAGCAAAACTCCGTCTCAAAAAAAAAAAAAAAAAAAAAAAAAAAGAA","GCTGGGTGCGGTGACTCACACCTGTAATCGCAGCACTTTGGGAGGCTGAGGTAGGCAGATCATCTGAGGTCGGGAGTTCAAGACCAGCCTGACCAACATGGAGAAACCCCCATCTCTACTAAAAATACAAAATTAGCTGGGTATGGTGGTGCATGCCTGTAATCCCAGCTAGTTGGGAGGCTGAGGCAGGAGAATCGCTTGAATCTGGGAGGCAGAGGTTGCAGTGAGCCGAGATCAAGCCATTGCACTCCAGCCTAGGCAACAAGAGCAAAACTCTGTCTCAAAAAAAAAAAAAAAAAAAAAAAAAAAAAA"
"KN294170v1","105603","105914","JH378167","5351158","5351469","30","5245555","GGCCAGGCACAGTGGCTAACGCCTGTAACCCCAGCACTTTGGGAGGCTGAGGTGGGTGGATCACCTGAGGTTGGGAGTTCGAGACCAGACTGACCAACATGGAGAAACCCTGTCTCTACTAAAAATACAAAATTAGCCAGGCGTGGTGGTGCACGCCCGTAATCCCAGCTACTCGGGAGGCTGAGGCAGGAGAATTGCTTGAACCCAGGAGGTGGAGGCTGCAGTGAGCCGAGATCGTGCCATTGCACTCCAGCCTGGGCAACAAGAGCGAAATTCCATCTCAAAAAGAAAGAAAGAAAGAAAGAAAAGAAA","GGCCCAGCGCGGTGGCTCACGCCTGTAATCCCAGCACTTTGGGAGGCTGAGGCGGGAGGATCACCTGAGGTTGGGAGTTCGAGACCAGCCTGACCAACATGGAGAAACCCCGTCTCTACTAAAAATACAGAATTAGCCGGGTATGGTGGTGCACGCCTGTAATCCCAGCTACTCGGGAGGCTGAGGCTGGAGAATCGCTTGAACCTGGGAGGTGGAGGTTGCAGTGAGCTGAGATTGTGCTATTGCACTCCAGCCTGGGCAACAAGAGCGAAACTCCATCTCAAAAAAAAAAAAAAAAAAAAAAAAAAAAAA"
"KN294170v1","199998","200273","JH378221","1928467","1928741","38","1728469","CTGGGCACAGTGGCTCACGCCTGTAATCCCAACACTTTGGGAAGCCGAGGTGGGTGAATCACTTGAGGTCAGGAGTTCAAGACCAGCCTGTCCAACATGGTGAAACTCCATCTCTACTAAGAATACAAAATTAGCCGGGCATGGTGGCACATGCCTGTAATCCCAGCTACTCGGGAGGCTGAGGCAGGAGAATCGCTTGAACCCGGGAGGTGGAAGTTGCAGTGAGTGGAGATCAAGCCATTGCCCTCCAGCCTAGGCAACAAAAGTGAAACTCTG","GCTGGGCACATTGGTTCACACCTGTAATCCCAACACTTTGGGAGGCCGAGGCAGGTGGATCACCTGAGGTCAGGAGTTCAAGACCAGCCTGACCAACATGAAGAAACTTTGTCTCTACTAAAAATACAAAAATTAGCGGGACATGGTGCGCATGCCTGTAATCCCAGCTACTCGGGAGGCTGAGGTGGGAGAATCACTTGAACCCAGGAGGCAGAGGTTGCAGTGAGCCGAGATCATGCCATTGCACTCCAGCCTGGACAACAAGAGTGAGACTC"
"KN294170v1","200585","200606","JH378149","1403733","1403749","7","1203148","TATTTCAAACAAACAGACAAAA","TAATTAAATAAAAGAAA"
"KN294170v1","250681","250994","JH378172","9566909","9567221","38","9316228","GGCCAGGCGCAGTGGCTCACGCCTGTAATCCCAGCACTTTGGGAGGCCAAGGAGGGTAGATCACTTGAGGTCAGGAGTTGGAGACCAGCCTAACCAACATGGTGAAACCCCGTCTCTACTAAAAATACAAAATTAGCCATGTGTGGTGGTGCACACCTGTAATCCCAGCTACCTGGGAGGCTGAGACAGGAGAATCACCTAAACCTGGGAGGTAGAGGTTGCAGTGAGCCGAGATTACACCAACTGCACTCCAGCCTGGGCAACAAGAATGAACCTCTGTCTCAAAAAAAAAAAAAAAAAAAAAAAAAAAAAAA","GGCCAGGTGCAGTGGCTCACACCTGTAATCCTAGCACTTTGGGAGGTCAAGGCAGGTGGATCACCTGAGGTCGGCAGTTCGAGACCAGCCTGACCAACATGGAGAAACCCCATCTCTACTAAAAATACAAAATTAGCCAGGTGTGGTGGCACATGCCTGTAATCCCAGCTACTCGGGAGGCTGAAGCAGGAGAATCATGTGAACCCAGGAGGCAGAGGTTGCAGTGAGCCGAGATTGCACCATTGCACTCCAGCCTGGGCAACAAGAATGAAAACTCTGTCTCAAAAAAAAAAAAAAAAAGAAAGAAAGAAAA"
"KN294170v1","371000","371298","JH378170","4783494","4783792","50","4412494","CCGGGCACGATGGCTTACACCTGTAATCCCAGCACTTTGGTAGGCCAAGGCGGGTGGATCACCTGAGGTTGGGAATTCGAGAACAGCCTGACCAACATGGAGAAACCCGGTCTCTCCAAAAATAAAAATACAAAATTAGCGGAGCGTGGTGGCACATACCTTTAATGCCAACTACCCAGGAGGCTGAGGCAGGACAATTGCTTGAATCCGGGAGGCGGAGGTTGTGGTGTGCCGCGATGGCGTACTGCATTCCAGCCTGGGCAACAAAAGCAAAACTCTGTCTCAAAAAAATAAAAAAA","GCTGGGTGCAGTGGCTCACACCTGTAATCCCAGCACTTTGGGAGGCTGAGGCGGGCGGATCACCTGAGGTTGGGAGTTCGAGACCAGCCCTGACCAACATGGAGAAACCCCGTCTCTACTAAAAATACAAAATTAGCTGGGTGTGGTGGCACACGCCTGTAATCCCAGCTACTCAGGAGGCTGAGGCAGGAGAATTGCCTGAACCCAGGAGGCGGAGGTTGCGGTGAGCTGAGATCGCGCCATTGCACTCCAGCCTGGGTAACAAGAGCGAAACTCCGTCTCAAAAAAAAAAAAAAAAA"
"KN294170v1","438098","438384","JH378139","16259084","16259375","44","15820986","GGCCAGGTGCGGTGGCTCACGTCTGTAATCCCAGTACTCTGGGAGGCCAAGGCGGGCGGATCACCTGAGGTCGGGAGTTCAAGACCAGCCTGGCCATGGTGAAACCCCGTCTCTACTAAAATTACAGAAAAATTAGCTAGGGGTGGTGGTGTGCACCTATAATCCCAGCTACTTGGGAAGCTGAGGCAGGAGACTCGCTTGAATCCAGGAGGCTGAGATTGTTGTGAGCCGAGATCACGCCGTTGCACTCCCGTCTGGGCAACAAGAATGAAACTCCGTAAAAAAAA","GGCCAGGTGCAGTGGCTCACGCCTGTAATCCCAGCACTTTGGGAGGCCAAGGCAGGCGGATCACCTGAGGTTGGGAGTTTGAGACCAGCCTGACCAACATGGTGAAACCCCGTCTCCACTAAAAATACAAAAATTAGCTGGGCATGGTGGCGCGCGCCTGTAATCCCAGCTACTCAGGAGGCTGAGGCAGGAGAATTGCCTGAACCCAGGAGGCGGAGGTTGCGGTGAGCCGAGATCGCGCCATTGCACTCCAGCCTGGGCAACAAGAGCGAAACTCCGTCTCAAAAAAAAA"
"KN294170v1","462529","462822","JH378171","6181069","6181379","43","5718540","GGCCAGGCGCGGTGGCTCATGCCTGTAATCCCAGCATTTTGGGAGGCCGAGGCAGGTGGATCACCTGAGGTCTGCAGTTGGTGACCAGCCTGACCAACATGGAGAAACCCTGTCTCTACTAAAAATACAAAATTAGTCAGGCGTGGTGGCATGACTAATCCCAGTTACTCGGGAGGCTGAGGCAGGAGAATCACTTGAACTCAGGAGGCAGAGGTTGCGGTGAGCCATGATCGTGCCACTGCACTCCAGCCTGGGCAACACTCCGTCTCAAAAAACAAAAACAAAAACAAAAAA","GGCCAGGTGCAGTGGCTCACACCTGTAATCCCAGCACTTTGGGAGGCTGAGGCTGGTGGATCATCTGAGGTCAGGAGTTTGAGACCAGCCTGCCCAACATGGAGAAACCCTGTCTCTATTAAAAATACAAAATTAGCTAGGCATGGTGGCACATGCCTGTAATCCCAGCTACTCGGGAGGCTGAGGCAGGAGAATCACTTGAACCCGGGAGGCAGAGTTTGTGGTGAGCCAAGATCGTGCCATTGCACTCCAGCCTGGGCAACAAGAGCAAAACTCCCTCTCAAAAAAACAAAAACAAAAACAAAAACAAA"
"KN294172v1","23313","23393","JH378146","15669724","15669803","12","15646411","GAACCCAGCAGATGGAGGTTGCGGTGAGCCAAGATCGCATCATTGCACTCCAGCCTGGGCAACAAGAGTGAAATCCGTCTC","AACCCAGGAGGCGGAGGTTGCGGTGAGCCAAGATCGCACCATAGCACTCCAGCTTGGGTAACAAGAGCGAAACTCCATCT"
"KN294172v1","103136","103418","JH378134","19139846","19140132","37","19036710","GCCGGGCACGGTGGCTCATGCCTATAATCCCAGCACTTTAGGAGGCCGAGGTGGGCGGACTGAGGTTAGGAGTTCAAGACCAGCCTGACAAATACGGTGAAACCCCATCTCTACTAAAAATACAAAAATTAGCCGAGTGTGGTGGCGCGTGCCTGTAATCCCAGCTGCTTGGGAGGCTGAGGCAGGATAATTGCTTGAACCCAGGGGGCGGAGGTTGCAGTGAGCCGAGATTGTGCATTGCACTCCAGCCTGGGCAACAAGAGTGAAACTCCATCTCAAAAAA","GGCCAGGCGCGGTGGCTCACGCCTGTAATCCCAGCACTTTGGGAGGCCGAGGTGGGTGGATCACGAGGTCAAGAGATCGAGACCATCCTGATCAACATGGTGAAACCCCATCTCTACCAAAAATACAAAAAATAGTTGGGTATGGTGGAGCATGCCTGTAATCCCAGCTACTTGGGAGGCTGAGGCAGGAGAATTGCCTGAACCCAGGAGGCGGAGGTTGCGGTGAGCCGAGATCGTGCCATTGCACTCCAGCCTGGGTAACAAGAGCGAAACTCCGTCTCAAAAAA"
"KN294172v1","123259","123569","JH378139","18632207","18632516","34","18508948","GGCCAGGCGCGGTGGCTTACGCCTGTAATCCCACCACTTTGGGAGGCCAAGGTGGGCAGATCACCTGAGGTCAGGAGTTCGAGACCAGCCTGACCAACATAGAGAAACCCCATCTCTACTAAAAATACAAAACTAGCCAGGTGCGGTGGTGCTGCCTGTAATCCCAGCTACTCCGGAGGCTGATGCAGGAGAATGGCTTGAACCCGGGAGGTGGAGGTTGCTGTGAGCCGAGATCACGCCATGGCACTCCAGCCTGGGCAACAAGAGTGAAAATCTGTCTCAAAAAAAATAAATAAAATAAAAATAAAAAA","GGCCAGGTGCGGTGGCTCACGCCTGTAATCTCAACACTTTGGGAGGCCAAGGCAGGCAGATCACCTGAGGTCGGGAGTTCAAGACCAGCCTGACCAACATGGAGAAAACTCGTCTCTACTAAAAATACAAAATTAGCTGGCGTGGTGGTGCATGCCTGTAATCCCAGCTAGTCAGGAGGCTGAGGCAGGAGAATTGCTTGAACCTGAGAGGTGGAGGTTGCAGTGAGCCGAGATCATACCATTGCACTCCAGCCTGGGCAACAAGAGTGAAACTCTGTCTCAAAAAAAAAAAAAAAAAAAAAAAAAAGAA"
"KN294172v1","254403","254704","JH378113","14455819","14456118","38","14201416","GGCCAGGTGCTGTGGCTCACGCCTCCAATCCCAGCACTTTGGGAGGCCGAGGCGGGTGGATCACCTGAGGTCGGGAGTTCGAGACCAGCCTGACCAACGTGGAGAAAACTCATCTCTACTAAAAATACAAAATTAGCCGGGCGTTGTGGTGCACGCCTGTAATCCCAGCTACTCAGGAGGCTGAGGCAGGAGAATCGCTTGAATCCGGGAAGTGGAGATTGCAGTGAGCTGAGATTGTGCCACCACACTCCAGCGTGGGCAATGAGAGTAAAACTCTATCTCAAAAAAAAAAAAAAAAGAAA","GGCCGGGCGCAGTGGCTCACGCCTGTAATCCCAGCACTTTGGGAGGCCGAGGCAGGTGGATCACCTGAGGTCGGGAGTTCAAGACCAGCCTGACCAACATGGAGAAACCACTTCTCTACTAAAAATACAAAATTAGCCAGGTGTGGTGGTGCATGCCTGTAATCCCAGCTACTCAGGAGGCCAAGGCAGGAGAATCGCTTGAACCTGGGAGGTGGAGGTTGCAGTGAGCTGAGATTGCACCATTGCACTCCAGGCTGGGCAACAAGAGTGAAATTTCATCTCAAAAAAACAAAAAAATAA"
"KN294172v1","270346","270651","JH378141","11866240","11866547","35","11595894","GGCAGGGTGCGGCGGCTCACGCCTGTAATCCCAGCACTTTGGGAGGCCGAGGTGGGCAGATCACCTAAGGTCAGGAGTTTGAGATCAGCCTAACCAACATGGAGAAACCTGGTCTCTACTAAAAATACAAAATTAGCTGGGCACGGTGGCACATGCCTGTAATCCCAGCTATTCGGGAGGCCGAGGCAGGAGAATCGCTTGAACCTGGGAGGTGGAGGTTGCAGTGAGCCAAGATTGTTCCATTGCACCCCATCCTGGGTAACAAGAGTGAAACTCTGTCTCAAAAAAAAAAAAAAAAAAAGGAAA","GGCCAGGTGCGGTGGCTCACGCCTGTAATCCCAGCACTTTGGGAGGTTAAGCCAGGCAGATCACCTGAGGTCAGGAGTTTGAGACCAGCCTGACCAACATGGAGAAACCTTGTCTCTACTAAAAATACAAAATTAGCTGGATATGGTGGGGCGTACCTGTAATCTCAGCTACTCGGGAGGCTGAGGCAGGAGAATCGCTTGAACCTGGGAAGTGGAGGTTGCAGTGAGCTGAGATTGTACCATTGCACTCCATCCTGGACAACAAGAGTGAAACTCTGTCTCAAAAAAAAAAAAGGAAAAAGAAAAAA"
"KN294172v1","445104","445400","JH378105","51661095","51661389","35","51215991","GCTGGGCACGGTGGCTCATGCCTGCAATCCCAGCACTTTGGGAGGCCAAGTCAGGTGGATCACCTGAGGCCGGGAGTTTGAGACCAGCCTAACCAACATGGAGAAACCCCATCTCTACTAAAAATACAGAATTACCTGGGCGTTGTGGTGCGTGCCTATAATCCCAGCTACTTGGGAGGCTGAGGCAGGAGAATCACCTGAACCTGGCAGGTGGAGGTTGCAATAAGCTGCGATCGCACCATTGCACTCCAGCCTGGGTAACAAGAGCGAAACTCCATCTCAAAAAAAAAAAAAAGA","GCCGGGGGCAGTGGCTCATGCCTGTAATCCCAGCACTTTGGGAGGCCAAGGCAGGAGGATCACCTGAGGTCGGGAGTTTGAGAGCAGCCTGGGCAACATAGAGAAACCCCATCTCTACTAAAAATACAAAATTAGCTGGGCGTGGTGGTGCATGCCTATAATCCCAGCTACTTGGGAGGCTGAGGCAGTAGAATCACTTGAACGTGGGAGGTGGAGGTTGCAGTGAGCTGAGATTGTGCCATTGCACTGCAGCCTGGGCAACAAGAGTGAAACTCCAGTCTCAAAAAACAAAAAA"
"KN294172v1","447641","447943","JH378149","13456174","13456477","35","13008533","GTGCGGTGGCTCACACCTATAATCCCAGCACTTTGGGAGGCCAAGGCAGGTGGATCACCTGAGATCGTGAATTTGAGACCAGCCTGACCAACATGGTGAAATCCCGTCTCTACTAAAAATACAAAATTAGCCAGGCATGGTGGTGCACGCCTGTAATCCCAGCTAGTCAGGAGGCTGAGGCAGGAGAATCACTTGAACCTGGGAGGCAGAGGTTGCAGTGAGTTGAGATCATGCCATTGCACTCCAGCCTGGGCAACAAGAGCGAAACTCCATCTCAAAAAAAAAAAAGAAGAGAGAGAGAAA","CAGGTGTAGTGGCTCACACCTGTAATCCCAGCACTTTGGGAGGCCAAGGCAGGTGGATCACCTGAGGTCAGGAGTTCGAAACCAGCCTGACCAACATGGAGAAACCCCGTCTCTACTAAAAATACAAAATTAGCTGGGCATGGTGGTGCATGCCTGTTAATTCCAGCTACTTGGGAGGCTGAGGCAGGAGAATCTCTTGAACCTGGGAGGCAGAGGCTGCAGTGAGCTAAGATCGTGCCATTGCACTCCAGCCTGGGCAACAAGAACGAAACTCTGTCTCAAAAAAAAAAAAAAAAGAAAAAAA"
"KN294172v1","449878","450184","JH378170","4783494","4783792","40","4333616","CGGGCGCAGTGGCTCCCACCTGTAATCCCAGCACTTTGGGAGTCTGAGGCGGGCGGATCACCTGAGGTCGGGAATTCGAGACCAGCCTGACCAACATGGAGAAGCCCCTGCGTTTACTAAAAATACAAAAAATTAGCCGGGTGTGTTGACACATGTCTGTCATCCCAGCTACTCTGGAGGCTGAGGCAGGAGAATTGCTTGAACCTGGGAGGCGGAGGTTGTGGTGAGCTGAGATCTCTCCATTGCAGTCCAGCCTGGGCAACAAGAGCGAAACTACATCTCAAAAAAAAAAAGAGAGAAAAGAAAA","GCTGGGTGCAGTGGCTCACACCTGTAATCCCAGCACTTTGGGAGGCTGAGGCGGGCGGATCACCTGAGGTTGGGAGTTCGAGACCAGCCCTGACCAACATGGAGAAACCCCGTCTCTACTAAAAATACAAAATTAGCTGGGTGTGGTGGCACACGCCTGTAATCCCAGCTACTCAGGAGGCTGAGGCAGGAGAATTGCCTGAACCCAGGAGGCGGAGGTTGCGGTGAGCTGAGATCGCGCCATTGCACTCCAGCCTGGGTAACAAGAGCGAAACTCCGTCTCAAAAAAAAAAAAAAAAA"
"KN294172v1","465911","466208","JH378220","2784017","2784313","34","2318106","GCCAGGCGCAGTGGCTCACACCTGTAATCCCAGCACTTTGGGAGACTGAGGCGGGCAGATCACCTGAGGTCAGGAGTTCAAGACCAGTCTGACCAACATGGAGAAACCCTGTCTCTACTAAACATACAAAATTAGCCAGGCTGGGTGGTGCATGCCTGTAATCCCGGCTACTCGGGAGGCTGAGGCAGGAGAATCACTTGAACCCGGAAGGCAGAGGTTGCGGTAAGCCGAGATCATGCCGTTGCATGCCAGCCTGGGCGACAAGAGCGAAACTCCATCTCAAAAAGAAAAGAAAAGA","GGCCAGGCGCAGTGGCTCACACCTGTAATCCCAGCACTTTGGGAGGCCGAGGCAGGCGGATCACCTGAGGTCGGGAGTTCGAGACCAGCCTGACCAAAATGGAGAAACCCCGTCTCTACTTAAAAACAAAATTAGCAGGGCTTGGTGGTGCATGCCTGTAATCCCAGCTATCTGGGAGGCTGAGGCAGGAGAATCACTTGAACCTGGGAGGCAGAGGTTGCAGTGAGCCGAGATCATGCCATTGCACTCCAGCCTGGGCAACAAGAGCAAAACTCTGTCTCAAAAAAATAAAAAAAA"
"KN294172v1","473885","474191","JH378355","264810","265118","29","209075","GCCAGGTGTGGTGGCTCATGCCTGTAATCCCAGCACTTTGGGAGGCCGAGGCAGGCAGATCACCTGAGGTTGGGAGTTTGAGACCAGCCTGACCAACATGGAGAAACCCCATCTCTGCTAAAAATACAAAATTAGCTGGGAGTGGTGGTGCATGCCTGTAATCCCAGCTACTTGGGAGGCTGAGGCAGGTGAATCACTTGAACCCAGGAGGCAGAGGTTGCAGTGAGCCAAGATCGTGCCATTGCACTCCAGCCTGGGCAACGAGAGCGAAACTCTGTCTCAAAAACAAACAAACAAAAACAAAAAA","GGCAGGGTGCAGTGGCTCATGCCTGTAATCCCAGCACTTTGGGAGGCTGAGGAAGGCAGATCACCTGAGGTTGGGAGTTCGAGGCCAGCCTGACAAACATGGAGAAACCCCATCTCTACTAACAATACAAAATTAGCAGGGCGTGGTGGCGCATGCCTGTAATCCCAGCTACTCGCGAGGCTGAGGCAGGAGAATCGCTTGAACCTGGGAGGCAGAGTTTGCTGTGAGCCAAGATCGCGCCATTGCACACCAGCCTGGGCAACAAGAGCAAAACTCTGTCTCAAAAAACAAACAAACAAAAAAACAAAA"
"KN294172v1","486543","486642","JH378327","684777","684875","21","198234","AAAAGAAGACCAAGAATGGTAGCACGTGCCTATAATCCCAGCTACAAGGCAGGCTAAGGCAGGAGAATCGCTTGAACCCGGGAAGCAGTAGTTGCAGGGA","AAAATTAGCTGGGCATGGTGGCGCGTGCCTGTAATCCCAGCTACTCAGGAGGCTGAGGCAGGAGAATTGCCTGAACCCGGGAGGCGGAGGTTGCGGGGA"
"KN294172v1","486735","487027","JH378173","2364985","2365279","45","1878250","CGCAGTGGCTCATGCCTGTAATCCTAGTGCTTTGGGAGGCTGAGGCAGGTGGATCACCTGAGGTCAGGAGTTTGAGACTGGCCTGACCAATATGGAGACACACTGTCTCTACTAAAAATACAAAAAATTAGCTGGGCGGGATGGAGCATGCCTGTAATCTCAACTACTCAGGAGGCTGAGGCAGGAGAATCGCTTGAACTCGGGAGTTGGAGGTTGTGGTGAGCCAAGATCATACCATTGCATTCCAGCCTGGGTGACAAGAGTGAAACTCTGTCTCAAAAATAAATAAATAA","GGCCGGGCACGGTGGCTCATGCCTATAATCCAGCACTTTGGGAGGCCGAGGCAGGCGGATCACCTGAGGTCAGGAGTTTGAGACCAGCCTGAGCAACATGGAGAAACCCTGTCTCTACTAAAAATACAAAATTAGCCTGGGGTGGTTGCACATGCCTGTAATCTCAACTACTCAGGAGGCGGAGGCAGAGAATCACTTGAACTCAGGAGGTGGAGGTTGCGGTGAGCCGAGGTCACACCATTGCACTCCAGCCTGGGCAACGAGAGTGAAACTCTACCTCAAAAAAAAAAAAAAA"
"KN294172v1","503629","503921","JH378163","13372336","13372629","33","12868707","GACCAGCCACGGTGGCTCATGCCTATAATCCCAACACTTTGGGAGGCCAAAGCGGGTGGATCACCTGAGGTCGGGAGTTCAAGACCAGCCTGATCAACATGGAGAAACCCCATCTCTACCAAAAATACAAAATTAGCTGGGCGTGTTGGCGCATGCCTGTCATCTCAGCTACTCAGGAGGCTCAGGCAGGAGAATCACTTGAACTCGGGGGACAGAGGTTGCAGTGAGCTGAGATCGCGCCATTGCACTCCAGCCTGGGCAACAAGAGTGAAACTCCGTCTCAAAAAAAAAAA","GCTGGGTGCAGTGGCTCATGCCTGTAATCCCAGCACTTTGGGAGGCCGAGGTGGGTGGATCACCTGAGGTTGGGAGTTCAAGACCAGCCTGAGCAACATGGAGAAACCTCGTCACTACTAAAAATACAAAATTAGCTGGGCGTGGTGGCGCATGCCTGTAATCCCAGCTACTCAGGAGGCTGAGGCAGGAGAATCACTTGAACCCGGGAGATGGAGGTTGCTGTGAGCCGAGATGGCGCCATTGCACTCCAGCCTGGGCAAGAAGAGTGAAACTCTGTCTCAAAAAAAAAAAAA"
"KN294172v1","526645","526942","JH378109","49263876","49264175","43","48737231","GGCCAGGCGTGGCGGCTCATGTTTGTAATCCCAGCACTTTGGGAGGCTGAGGTGGGGCGGATCACCTGAGGTCAGGAGCCTGGCCAACATGGGGAAACCCGTCTCTACTAAAAATACAAAAATTAGCCGGGCGTGGTGGCGTGTGCCTGTTGTCTCAGCTACTCAGGAGGCTGAGGTAGGAGAATCGCTTGAACCCAGGAGGCGGAGGATGCAGTGAGCTGAGACTGCGCCACTGCACTCCAGCCTGGGCAACAAGACTGAAACTGCGTCTCCAAAAAAAAAAAAAAAACAAATAAAA","GCCGGGCGCGGTGGCTCAAGCCTGTAATCCCAGCACTTTGGGAGGCCGAGGCGGGTGGATCACGAGGTCGAGAGATCGTCCTGGCCAACATGGTGAAACCCCGTCTCTACTAAAAATACAAAAAATTAGCTGGGCATGGTGGCGCGTGCCTGTAATCCCAGCTACTTAGGAGGCTGAGGCAGGAGAATTGCCTGAACCCAGGAGGCGGAGGTTGCGGTGAGCCGAGACCGCGCCATTGCACTCCAGCCTGGGTAACAAGAGCGAAACTCCGTCTCAAAAAAAAAAAAAAAAAAAAAAAAA"
"KN294172v1","534640","534936","JH378151","3515305","3515602","35","2980665","GGCCAGGTGCAGTGGCTCATGCCTGTAATCCCAGCACTTTGGGAGGCCAAGGTGGGTGTACAGCCTGAGGTCAGGAGTTGGAGACCAGCCTGACCAACATGGAGAAACCCCATATCTAATAAAAATACAAAATTATCTGGGTGTGGTGGCGCATGCCTGTAGTCCCAGCTACTTGGGAGGCTGAGGCAGGACAATTGCTTGAACCCAGGAGGTGGAGGTTGCAAAGAGCCGAGATCGTGCCATTGCACTCCAGCCAGGGCAACAAGAGCGAAAGTCTGTCTCGAAAAGAAAAAAAGA","GGCTGGGTGTGGTGGCTCATGCCTGTAATCCCAGCACTTTGGGAGGCTGAGGTGGGTGGATCACCTGAGGTTGGGAGTTCGAGACCAGCCTGACTGACATGGAGAAACCCCATCTCTATTAAAAATACAAAAATTAGCTGGGTGTGGTGGCTCATGCCTGTAATCCCAGCTACTTGGGAGGCTGAGGCAGGATAATTGCTTGAACCCAGGAGGTGGAGGTTGCGGTGAGCTGAGATCGCGCCATTGCACTCCAGCCTGGGCAACAAGAGTGAAACTCCATCTCAAAAAAGAAAGAAAA"
"KN294172v1","592891","593192","JH378107","5031906","5032210","44","4439015","CACGGTGGCTCACACCTGTAATCCCAGCACTTGGGGAGGCCGAGGCAGGCGGATCACCTGAGGTCAGGAGTTCAAGACTAGCCTGACCAACATGGTGAAACCCCATCTCTACTAAAAATACAAAAAGTAGCTGGATGTGGTGGCACATGCCTGAAATCCCAGCTACTCGGGAGGCTGAGGCAGAATTGCTTGAACCCAGAGAGCGGAGGCTGCAGTGAGCCGAGATGGCACCACTGCACTCCAGCCTGGGCAACAAGAGTGACACTTATCTTAAACAAACAACAACAAGAAGAAAAAAAAGA","GCAGTGGCTCACACCTTTAATCCCAGCACTTTGGGAGGCCGAGGCAGGCGGATCACCTGAGGTCGGGAGTTCAAGGCAAACCTGACCAACATGGAAAAACCCCATCTCTACTAAAAGTACAAAAAATGAGCTGGGTGTGGTGGCACATGCCTGCAATCCCAGCTGCGTGGGAGGCTGAGGCAGGAGAATCGCTTGAGCCCAGGAGGCAGAGGTTGCAGTGAGCCAAGATCACACCATTGCACTCCAGCCTGGGCAACAAGAGCGAAACTCTGTCTCAAAAAAAAAAAAAAAAGAAAAAGAAAAAA"
"KN294172v1","634290","634435","JH378177","3700960","3701106","22","3066670","GGCCAGGCACAGTGGCTCTTGGATGTAATCCCACTATTTTGGGAGGCCAAGGCAGGTGGATCACCTGAGGTCAGGAGTTCAAGACCAGCCTGGCCGTCATGGAGAAACCTCGTTTCTACTAAAAATACAAAAATTAGCCAGGTGTG","GGCCGGGCACAGTGGCTCATGCCTGTAATCCCAGTACTTTGGGAGGCTGAGGCGGGCAGATCACCTGAGGTCAGGAGTTCAAGGCCAGGCTGACCAACATGGGGAAACCCCATCTCTACTTAAAAATACAAAAATTAGCCAGGCGTG"
"KN294172v1","636221","636535","JH378141","11866240","11866547","43","11230019","GGCCAGGTGCAGTGGCTCATGCGTGTAATCCCAGCACTTTGGGAGGCCAAGGCAGGCAGATCACCTGGGGTCAGGAGTTTGAGACCAACCTGACCAACATGGAGAAGCCCCGTCTCTACTAAAAATATAAACAAATTAGCTGGGTGTGGTAGTGGGCGCCTGTAATCCCAGCTACTCGGGAGGCTGAGGCAGGAGAATCACTTGAACCTGGGAGGTGGAGTTTACAGTGAGCTGAGATTGTGCCATTGCACTACAGCCCGGGCAACAGGAATGGAACTCTGTCTCACAACAAACAAAAACAAACACACACAAAAA","GGCCAGGTGCGGTGGCTCACGCCTGTAATCCCAGCACTTTGGGAGGTTAAGCCAGGCAGATCACCTGAGGTCAGGAGTTTGAGACCAGCCTGACCAACATGGAGAAACCTTGTCTCTACTAAAAATACAAAATTAGCTGGATATGGTGGGGCGTACCTGTAATCTCAGCTACTCGGGAGGCTGAGGCAGGAGAATCGCTTGAACCTGGGAAGTGGAGGTTGCAGTGAGCTGAGATTGTACCATTGCACTCCATCCTGGACAACAAGAGTGAAACTCTGTCTCAAAAAAAAAAAAGGAAAAAGAAAAAA"
"KN294172v1","736249","736542","JH378206","4776878","4777171","42","4040629","GGGCGGGCACGGTGGCTCACACCTGTAATCCCAGCACTTTGGGAGGCTGAGGCAGGCAGATCACCTGAGGTCAGGAGTTCGAGACCTGCCTGACTAATAGGATGAAACCCTGTCTCTACTAAAAATACAAAAATTAGCCAGGCATGGTGGCATGCGCCTGTAATCCCAGCTACTCGGGAGGCTGAGACAGAACTGCTTGAACCGGAGAGGCAGAGGATGCAGTGAGCCAAGATCGCACCATTGCACTCCAGCCTGGGCAACAAGACCAGAACTCTCAGAAGAAAAAAAAAAAAA","GGCCGGACACGGTGGCTCACACCTGTAATCCCAGCACTTTGGGAGGCTGAGGCCCACAGATCACCTGAGGTCGGGAGTTCCAGACCAGCCTGACCAATATGGAGAAACCCTGTCTCTACTAAAAATACAAAATTAGCCGGGCGTGGTGGTGCATGCCTGTAATTCCAGCTACTGGGGAGGCTGAGCCAGGAGAATCACTTGAACCCGGGAGGCAGAGGTTGCAGTGAGCCGAGATCGCACCATTGTACTCCAGCCTGGGCAACAAGAGTGAAACTCTCTTTTAAAAAAACAAAA"
"KN294172v1","786082","786390","JH378235","3053133","3053438","35","2267051","GGCCAGGCACGGTGGCTCACGGCTGTAATCCCAGCACTTTGGGAGGCTGAGGCGGGCAGATCACCTGAGGTTGGGAGTTTGAGACCAGCCTGACCAACATAGAGAAACTCCATCTCTACTAAAAATACAAAATTATCCAGGCATGGTGGTGCATGCCTGTAATCCCAGCTACTCGGGAGGCTGAGGCGGAAGAATCGCTTGAACCCAGGAAGTGGAGGTTGCAGTGAGTCAAGATCACGCCATTGCACTCCAGCCTGGGCAACAAGAATGAAACTGTCTCAAAAAAAAGAAAAAAAAAATCAAAAACAA","GGCCAGGAGCGGTGGCTCACGCCTGTAATCCCAGCACTTTGGGAGGCTGAGGCAGGCAGATTACCTGAGGTTGGGAGTTCGAGACCAGCCAGACCAACATAGAGAAACTCCGTTTCTACTAAAAATATAATATTAGCTGGGCATGGTGGTGCATGACTGTAATCCCAGCTACTCAGGAGGCTGAGGCAGGAGAATCACTTGAACCCAGGAGGTGGAGGTTGCAGTGAGCTGAGATCACACCACTGCACTCCAGCCTGGGCAACAAGAGTGAAACTCCATCTCAAAAAAAAACAAAAAACAAAAAAA"
"KN294172v1","786496","786796","JH378125","15156999","15157299","32","14370503","GGCCGGGCGCGGTGGCTCAAGCCTGTAATCCCAGCACTTTGGGAGGCTGAGGCGGGCAGATCACCTGAGGTTGGGAGTTTGAGACCAGCCTGACCAACATAGAGAAACTCCATCTCTACTAAAAATACAAAATTATCCAGGCATGGTGGTGCATGCCTGTAATCCCAGCTACTCGGGAGGCTGAGGCGGAAGAATCGCTTGAACCCAGGAAGTGGAGGTTGCAGTGAGTCAAGATCACGCCATTGCACTCCAGCCTGGGCAACAAGAATGAAACTGTCTCAAAAAAAAGAAAAAAAAAAAA","GCTGGGCGCAGTGGCTCACGCCTGTAATCCCAGCACTTTGAGAGGCCAAGGTGGGCCGATCACCTGAGGTCAGGAGTTCGAAACCAGCCTGACCAACATGGAGAAACCCCATCTCTACTAAAAATACAAAATGAGCCAGGCATGGTGGTGCATGCCTGTAATCCCAGCTACTCGGGAGGCTGAGGCAGGAGAATCACTTGAATCCGGGAGGTGGAGGTTGCTGTGAGCCAAGATCACGCCATTGCACTCCAGCCTGGGAAACAGAAGTGAAACTCCTCCTCAAAAAAAAGAAAAAAAAAAA"
"KN294172v1","821083","821392","JH378124","11115297","11115604","32","10294214","GGCCGGGCGCAGTGGCTCACCCCTGTAATCCCAGCACTTTGGGAGGCTGAGGTGGGCAGATTACCTGAGGTCAGGAGTTCGACACCAGCCTGACCAACATGGTGTAACCCTGTCTCTACTAAAAATACAAAATTAACTGGGCGTGGTGGCGCATGCCTGTAATCCCAGCTACTCAGGAGGCTGAGGCAGGAGAATCGCTTGAACCCGGGAGGCGGAGGTCACAGTGAGCCGAGATTGTGTCATTGCACTCCAGCCTGGGCAACAAGAGCAAAACTCCATCTCAAAAAAAAAGAAAAGAAAAGAAAAGAAA","GGCCAGACGCGGTGGCTCACACCTGTAATCCCAACACTTTGGGAGGCTGAGGCCAGCAGATCACCTGAGGTCAGGAGTTCAAGACCAGCCTGACCAACATGGAGAAACCCCATCTCTACTAAAAATACAAAATTAGATGGGCGTGGTGGCGCATGCCTGTAATCCCAGCTACTTAGGAGGCTGAGGCAGGAGAATCGCTTGAACCTGGGAGGCAGAGGTTACAGTGAGCCGAGATTGCGCCATTGCACTCCAGTCTGGGTAACAAGAGGAAAACTCCATCTCAAAAAAATAAAATAAAATAAAATAAA"
"KN294172v1","825902","826207","JH378119","6124403","6124708","34","5298501","GGCTGGGCATGGTGGCTCATGCCTGTAATCCCAGCACTTTGGGAGGCCGAGGTGGGTGGATCACCTGAGGTCAGGAGTTCGAGACCAGCCTCAACATGAAGAAATTCCGTCTCTACTAAAAACACAAAATTAGCTGGGCATGGTGGTGCATGCCTGTGGTCCCAGCTACTTGGGAGGCTGAGGCAGGAGAATTGCTTGAACTTGGGAGGTCGAGGTTATGGTGAGCCAAGATTGCACCACTGCACTCCAGCCTGGGCAACAAGAGCAAAACTCCATCTCAAAAAAAATAAAATAAAATAAATAAAA","GCTGGACATGGTGGCTCACACCTGTAATCCCAGCACTTTGGGAGGCGGAGGTGGGCAGATCACCTGAGGTCAGGAGTTCAAGACCAGCCTGACCAACATGGAGAAATTCCGTCTCTACTAAAAATACAAAATTAGCTGGGCATGATGGCGCATGCCTATAATCCCAGCTACTCAGGAGGCTGAGGCAGGAGAATTGCTTGAACCCAGGAGGCAGAGGTTGTAGTGAGCCGAGATCGCACCATTGCACTCCAGCCTGGGCAACAAGAGCAAAACTCCATCTCAAAAAAAAAAAAAAAAAAAAAAAAA"
"KN294172v1","841174","841197","JH378222","6581835","6581856","8","5740661","AAACCACAAAAAAACAAAAAACAA","CTTTGAAAAAAAAAAAAAAAAA"
"KN294172v1","841235","841471","JH378176","5671270","5671515","40","4830035","GAGGCTGAGGTGGGCAGATCATCTGAGGTCAGGAGTTCGAGACCAGCCTGACCAACATGGAGAAACCCCACCTGTACTAAAAATACCAAGTTAGCCAGGCATGGTGGCATGTGCCTGTAATCCCAGCTACTAGGGAAGCTGAGGCAAGAGAATCACTTGAACCCGGGAGGCGGAGGTTGCGGGGAGCCGAGATCACACCACTCCAGCCTGGGCATCAAGAGCAAAACTCCATCTCAA","TTGGGAGGCCGAGGTGGGCCAATCACCTAAGGTCAGGAGTTCAAGACTAGCCTGACCAACATGGAGAAGCCCTATCTCTACTAAAAATACATAATTAGCCAGGCATGGTGGTGCATGCCTGTAATCCCAGCTACTCAGGAGGCTGAGGCAGGAGAATTGCTTGAACCTGGGAGGCTGAGGTTGCAGTGAGCCGAGATCGGGCCATTGCACTCCAGCCTGGGCAACAAGAGCAAAACTCCATCTCAA"
"KN294172v1","912924","913200","JH378111","19524517","19524801","41","18611593","GGCTGGGCATGGGGGGCCTGTAATACCAGCAATTTGGGAGGCCGAGGTGAGTGGATCACCTGAGGTCAGGAGTTCAAGACCAGCCTGACCAACATGGTAAAGCCCGTCTCTACTAAATACAAAAAAGTAACTGGGTGTGGTGGTGCATGCCTGTAATCCCAGCTACTTGGGAGGCTGAGGCAGAATTGCTTGAACCCTGGAGGCAGAGGTTGCAGTGAGCCAAGATTGCGCCATTGCACTCCAGCCTGGGCAACAAGAGCGAGACTCCATCTCAAAA","GGCCAGGCGCGGTGGCTGACGCCTGTAATCCCAGCACTTTGGGAGGCCGAAGTGGGTGGATCACTTGAGGTCAGGAGTTCAAAACCAGCCTGTCCAACATGGCGAAACCCCATCTTTACTTAAAATACAAAATTAGCCGGGCATGGTGGTGCATGCCTGTAATCCCAGCTACTCGGGAGGCTGAGGCAGGAGAATCGCTTGAACCTGGGAGGCAGAGGTTGTAGTGAGCCAAGATTGCGCCATTGCACTCCAGCCTGGGCAACAAGAGCTAAACTCCATCTCAAA"
"KN294172v1","1016278","1016537","JH378152","16208515","16208770","38","15192237","AGGCTGAGGCGGGCGGACTACCTGAGGTCGGGAGTTTGAGACTAGCCTGGCCAACATGGAGAAACCCTGTCTCTACTAAAAATACAAAAATTAGCCAGGCTTGGTGGCGGGCGCCTGTAATCCCAGCTACTCGGAAGGCTGAGGCAGAAGAATTGCTTAAACTCGGGAGGTAGAGGTTGCAGTGAGCCAAGATCGTGCCATTACACTCCAGCCTGGGCAATAAGAGTGAAACTCTATCTAAAAAAAAAAAAAAAAAACAA","GGCCAGGCGGGCAGATCACCTGAGATCGGGAGTTCGAGACCAGCCTGACCAACACGGAGAAACCCTGTCTCTACTAAAAATACAAAATTAGCCAGGCATGGCGGTGCATACCTGTAATCCCAGCTACTCAGGAGGCTGAGGCAGGAGAATTGCCTGAGCCCAGGAGGCGGAGGTTGCGGTGAGCCGAGATCGTGCCATTGCACTCCAGCCTGGGTAACAAGAGTGAAACTTCATCTCAAAAAAAAAAAAAAAAAAA"
"KN294172v1","1019649","1019950","JH378106","70986080","70986388","37","69966431","GCCGGGCACAGTGGCTCACGCCTGTAATCCAGCACTTTGGGAGGCCAACGGGGACGGATCACCTGAGGTCAGGAATTCGAGACCAGCCTGACCAACATGGAGAAACCCCGTCTCCACTAAAAATACAAAATTAGCCTGGTGTGGTGGCGCATGCCTGTAATCCCAGCTTCTCCGGGAGGCTGAGGCAGAGAATCGCTTGAACCCAGGAGGTGGAGATTGCAGTGAGCCAAGATTGCTCCGTTGCACTCCAGCTTGGGCAACAAGAACGAAACTCTGTCTCAAACAAACAAACAAACCAAAAA","GCCGGGCACAGTGGCTCATGCCTGTAATCCCAGCACTTTGGGAGACCGACGTGGGCAGATCACCTGAGGTCGGGAGTCCGAGACCAGCCTGACCAACATGGAGAAACCCCATCTCTACTAAAAATACAAAATTAGCCAGGCGTGGTGGTGCATGCCTGTAATCCCAGCTACTCGGGAGGCTGAGGCAGGAGAATCGCTTGAACCCAGGAGATGGAGGTTGCAGTAAGCCAAGATTGTGCCATTGCACTCCAGCCTGGGCAACAAGAGCGAAACTCCATCTCAAAACACAAACAGACAAAGAAACAACAA"
"KN294172v1","1036673","1036977","JH378228","5419153","5419462","45","4382480","GGCCAGGCGCGGTGGCTCACGCCTGTAATCCCAGTACTTTGGGCGGCTAAGGCGGATGGTTCACTTGAGGCCAGGAGTTCGAGACCAGCCTGACCAACATGCTGAAACCCCGTAAAAAATACAAAATTAGCCGAGCGTGGTATCACATGCCTGTAATCGCAGCTACTTGGGAGGCTGAGGCAGGAGAATCACTTGAACCGGGGAGACGGAGGTTGCGGTGAGTCGAGATTGCGATACTGCACTCCAGCCTGGGGGACAAGAGCGAAACTCTCTCTCAAAAAAAAAAAAAAAAAAAGAAAAGAAAA","GGCCAGGCGCAGTGGCTCACACCTGTAACCCCAGCACTTTGGGAGGCTGAGGTGGACGGATCACCTGAGGCGGGGAGTTCCAGACCAGCCTGACCAACATGGAGAAACCCTGTTTCTACTAAAAATACAAAATTAGCCGGGAGTGGTAGCACATGCCTGTAATCCCAGCTACTGGGGAGGCTGAGACAGGAGAATCGCTTGAACCTGGGAGGCGGAAGTTGCAGTGAGCCGAGATTGCACCATTGCACTCCAGCCTGGGCAACAAGAGTGAAACTCTGTCTCAAAAAAAAAAAAAGAAAAAAAAAAGAAA"
"KN294172v1","1069575","1069883","JH378153","13313825","13314130","39","12244250","GGCCGGGCGCGGTGGCTCACGCCTGTAATCCCAGCACTTTGGGAAGCCCAGGCGGGCAGATCACCTGAGGTCGGGAGTTCAAGACCAGCCTGACCAACATGGTCTTTAGTAGAGACCAGTCTCTACTAAAAATACAAGATTAGCTGGGCATAGTGGAACATGCCTGTAATCACAGCTACCTGGGAGTCTGAGGCAGGAGAATCGCTTGAACCAGGGAGGCAGAGGTTGCAGTGAGCTGAGATGGCACCACTGCGCTCCAGCCTGGGCAACAAGAGCAAAACTCCGTCTCAAAAAAAGAAAAAAAACAAA","GCCAGGCGTGGTGGCTCACGCTTGTAATCCCAGCACTTTGGGAGGCCGAGGCAGGCAGATCACCTGAGGTTGGGAGTTCAAGACCAGCCTGACCAACATGGAGAAAGAAACCCCATCTCTACTAAAAATACAAAATTAGCCAGGCATGGTGGTGCATGCCTGTAATCCCAGCTACTTGGGAAGTTGAGGCAGGAGAATCACTTGAACCTGGGAGGTGGAGGTTGCAGTGAGCTGAGATTGCACCACTGCACTCCGGCCTGGGCAACAAGAGCAAAACTTCGTCTCAAAAAAAAAAAAAAAAAAAAA"
"KN294172v1","1175893","1176189","JH378124","15258437","15258737","38","14082544","GGCTGGGCACAGTGGCTCACACTTGTCATCCCAGCACTCTGGGAGGCCGAGGCAGGTGGATCACCTGATGTCAGGAGTTTGAGACCAGCCTGACCAACATGGAGAAACCTCATCTCTACTAAAACTACAAAATTAGCCGGGCGTGATGGCGGGCCCCTGTAATCCTGGCTGCTCGGGAGGCTGAGGCAGGAGAATCACTTGAACCCGGGAGGTGGAGGTTGCAGTGAGCTGAGATCGCACCACTGCGCTCCAGCCTGGGCAACAAGAGCGAAACTCTGTCTCAAACAAACAAACAAA","GGCTGGACACAGTGGCTCACACCTGTAATCCCAGCACTTTGGGAGGCCAAGGCAAGAGGTGGATCACCTGAGGTCAGGAGTTTGAGACCAGCCTGATCAACATGGAGAAACCCCATCTCTACTAAAAATACAAAATTAGCCAAGCGTGGTGGCGCATGCTTGTAATCTCAGCTACTCAGGAGGCCAAAGCAGGAGAATTGCTTGAACTCAGGAGGCAGAGGTTGCAGTGAGCTGAGATCGCACCATTGCGCTCCAGCCTGGGCAACAAGAGTGAAACTCTGTCTCAAACAAAAAAACAAAA"
"KN294172v1","1304268","1304549","JH378106","14208005","14208299","52","12903737","GGCCGGACGCGGTGAGTCACACCTGTGATCCCAGCACTTTGGGAGGCCGAGGTAGGCGGATCACCTGAGGGTGGGAGTTTGAGACCACCGGGGAAACTCCATCTCTACTAAAAATACAAAAATTAGCTGGGCATGGTGGTGGTGCATGCCTGTAATCCCAGCTACTCAGGAGGCTGAGGCAGGAGAATCGCTTGAACCTGAGAGGCAGAGGTTGCATCGATATGGCGCCACTGAGCTCCAGCATTGGCAACAAGAGCAAAACTCCGTAAAAAAAAAAAAAAA","GGCTGGGCACAGTGGCTCACGCTTGTAATCCCAGCACTTTGGGAGGCTGAGGCAGGCGGATCACCTGAGGTTGGGAGTTTGAGACCAGCCTAACATGGAGAAACCCCATCTCTACTAAAGATACAAAATTAGCCAGGCATGGTGGTACATGCCTGTAATCCCAGCTACTCAGGAGGCTGAGGCAGGAGAATCGTTTGAACCTGAGAGGCAGAGGTTGTGGTGAGCTGAGATTGCGCCATTGCACTCCAGCCTGGGCAATGAGAGCAAAACTCTGTCTCAAAAAAGAAAAAAGAAA"
"KN294172v1","1385082","1385390","JH378159","5493568","5493869","40","4108486","GCTGGGCACGGTGGCTTATGCCTGTAATCCCAGCACTTTGGGAGGTCGCGGCAGGCGGATCACCTGAGGTCAGGAGTTTCAGACCAGCCTGACCAACATGGAGAAACCCCATCTCTATTAAAAATACAAAATTAGCCACGTGCAGTGGCGCATGCCTGTAATCCCAGCTACTCAGGAAACTGAGGCAAGTGACTCACTTGAACCCGGGAGGCAAAGATTGCAGTGAGTCGAGATCGCGCCATTGCACTCCAACCTGGGTAACAAGAGCGAAACTCTGTCTCAAAAAAAAAAAAATTAAAAATTAAAAAA","GCTGGGCACGGTGGCTCATGCCTGTAATCCCAGCACTTTGGGAGGCTGAGGCAGGCGGATCACCTGAGGTTAGGAGTTTGAGACCAGCCTGACCAACATGGAGAAACCCCATCTCTACTAAAAATACAAAATTAGCCAGGTGTAGTGGTTCATGCCTGTAGTCCCAGCTACTCAGGAGGCTGAGGCAGGAGAATTGCTTGAACCTGGGAGGCAGAGGTTGGGGTGAGCCGAGATTGCACCATTGCACTCCAGCCTGGGTAACAAGAGTAAAACTCCATCTCAAAAAAAAAAAGAAAAAAAAA"
"KN294172v1","1424756","1425038","JH378144","7596090","7596371","41","6171334","GCCGGGCACGGTGGCTCACACTTGTAGTTCCAGCACTTTGGAAGGCTGAGGTGGGTGGGCCACCTGAAGTCGGGAGTTTAAGACCAGCCTGAACAACATAGAGAAACCCTGTCTCTAATAAAAATACAAAATTAGTCGGGAGTGGTGGCGCATGCCTATAATCCCAGCTACTCGGGAGGCTGAGGCATGAGAATCACGTGAGCCTGGGAGGCGGAGGTTGAGGTGAACAGAGATTGCGCCACTGCACTCCAGCCTGGGCAACAAGAGTGAAACTCCATCGCAA","GGCCAGGCACAGTGGTTCACACTTGTAATCCCAGCACTTTGGGAGGCTGGGGTGGGCGGATCAGCTGAGGTCGGGAGTTTAAGACCAGCCTGACCAACATGGAGAAACCCCATCTCTACTAAAAATACAAAATTAGCCAGGTGTGGTGGCCCATACCTGTAATCCCAGCTACTGGGGAGGCTGAGGCAGGAGAATCGCTCGAACCTGGGAGGCAGAGGTTGTGGTGAGCCGAGATCTCGCCATTGCACTCCAGCCTGGGCAACAAGAGTGAAACTCCGTCTC"
"KN294172v1","1429413","1429711","JH378212","2149089","2149386","32","719676","GCTGGGTGCGGTGACTCACACCTGTAATCCCAGCACTTTGGGAGGCCGAGGCGGGTGGATCACCTGAGGTCAGGAGTTCGAGACCAGCCTGACCAACGTGGAGAAACCCCCATCTCTACTAAAAATACAAAAAATCAGCCAGGCATGGTGGTGCATGCCTGTAATCCCAGCTATTCAGAAGGCTGAGGCAGGAGAATCGCTTGAATCCGGGAGATGGAGGTTGTGGTGAGCCGAGATCATGCCATTGCACTCCAGCCTGGGCAACAAGAGCGAAACTCTGTCTCAAAAAAAAGAGAGAA","GGCTGGGTGCAGTGGCTCATGCCTGTAATCCCAGCACTTTGGGAGGCCGAGGTGGGTGGATCACCTGATGTTGGGAGTTTGAGACCAGCCTGACCAACATGGAGAAACCCTGTCTCTGCTAAAAAAACAAAAAATCAGCCGGGCATGGTGGTGCATGCCTGTAATCCCAGCTACTCAGGAGGCTGAGGCAGGAGAATCACTTGAACTCGGGAGGTAGAGGTTGTGGTGAGCCGAGATCTTGCCATTGCACTCCAGCCTGGACAACAAGAGTGAAACTCCATCTCAAAGAAAAAAGAAA"
"KN294172v1","1439260","1439560","JH378137","17138846","17139141","39","15699586","GGCTGGGCACGGTGGTTCATGCCTGTAATCCCAGCACTTTGGGAGGCCGAGGCGGGTGGATCACCTGAAGTCAGGAGTTCGAGACCAGCCTGACCAACATGGAGAAACTCCATCTCTACTAAAAATACAAAATTGGCCAGGTGTGGTGGCACATGCCTGTAATCCCAGCTAACCAGGAAGCTGAGGCAGGAGAATCGCTTGAACTCAACAGGTGGAGGTTGGAGGTGGCAGTGAGCCAAGATCATGCCATTGCATCCAACCTGGGCAACAAGAGCAAAACTCTATCTAAAAAAAAGAAAAA","GGCTGGGCAAGGTGGCTCACGTCTGTAATCCCAGCACTTTGGGAGGCCGAGGCCAGCGGATCACCTGAAGTCAGGAGTTCGAGACCAGCTTGACCAACATGCAGAAACCCCATCTCTACTAAAAATACAAAATTAGCTGGGCATGGTGGCGCATGACTGTAATCCCAGCTACTCGGGAGGCTGAGGCAGGAGAATCTCTTGAACCCAGGAGGAGGAGGTTGCAGTGAGCCAAGATAGTGCCACTGCACTCCAGCCTGGGCAACAAGAGCAAAACTCCATCTCAAAAAAAAAAAAAA"
"KN294172v1","1458891","1459195","JH378216","3712123","3712429","38","2253232","GGCCAGGTACGGTGGCTCATGTCTGTAATCCCAGCACTTTGGGAGGCCAAAGCGGGTGGTTCACCTGAAGTCAGGAGTTTGAGACTAGCCTGACCAACATGCAGAAACCCTGTCTCTACTAAAAATACAAAATTAGCCAGGCATGGTGGTGCATGCCTGTAATCCCAGCTTCTCGGGAGACTGAGGCAGGAGAATGGCTTGAACTCAGGAGGTGGCAGTTGCGGTGAGCCGAGATTGCGCCACTGCACTCCAGCCTGGGCAAGAAGAGTGAAACTCCGTCGGAAAAACAAAACAAAACAAAAAAA","GGCCAGGGATGGTGGCTCAGGCCTGTAATCCCAGCACTTTCGGAGGCCGAAGTGGGCAGATCACCTGAGGTCGGGAGTTTGAGACCAGCCTGACCAACATGGAGAAACTCTGTCCCTGCTAAAAATACAAAATTAGCCAGGCATGGTGGTACATTCCTGTAATCCCAGCTACTCGGGAGGCTGAGGCAGGAGAATTGCTTGAACCCGGGAGGTGAAGGTTGCCGTGAGCCGAGATCATGCCGCTGCACTCCAGCCTGGGCAACAAGAGTGAAACTCGGTCTCAAAAACAAAAACAAAAACAAAAAAA"
"KN294172v1","1484625","1484899","JH378235","4473329","4473603","38","2988704","GGCCGGGCACGGTGGCTCGTGCCTGTAATCCCAACACTTTGGGAGGCCAAGGCAGATGGGTCACCTGAGGTCAGGAGTTCAAGACCAGCCCGACCAACGTGGTGAAACCCCATCTCTACTAAATACAAAAAATTAGCCAGGCATGATGGTACATGCCGGTAATCCCAGTTACTTGGGAGGCTGAGGCAGGAGAATTGCTTGAACCCGGGAGGTGGAGGTTGCGGTGAGCCAAGATTGCGCCGTTGTACTCCAGCCCGGGCAACAAGAGTTAAACT","GGCCGGGCGCAGTGGCTCACGCCTGTAATCCCAACACTTTGGGAGGCCGAGGGGGATGGATCACCTGAGGTCGGGAGTTTAAGACCAGCCTGACCAACATGAAGAACCCCATCTGTACTGAAAATACAACATTAGCTGGGCATGGTGGTACATGCCTGTAATCCCAGCTGCTTGGGAGGCTGAGGCAGGAGAATTGCTTGAACCCAGGAGGTAGAGGTTTCAGTGAGCCAAGATTATGCCATTGCACTCCAGCCTGGGCAACAAGAGTGAAACTC"
"KN294172v1","1547535","1547746","JH378137","15929211","15929430","46","14381676","GAGGCAGGAGGATCACCTGAGGTTGGGAGTTTGAGACCAGCCTGACCAACATGGAGAAACCCTGTCTCTACTAAAAATACAAAATGAGCCAGGCGTGGTGACGTATGCCTGTAATCCCAGCTACTCGGGAGGCTGAGGTTGCAGTGAGCTGAGATCGTGCCATTGCACTCCAGCCTGGACAACAAGAGCAAAAGTCTGTCTCAAAAAAAAAA","CAGATCACCTGAGGTCAGGAGTTTGAGACCAGCCTGACCAACATGGAGAAACCCCATCTCTACTAAAAATACAAAATTAGCCGGGCATGGTGGCACATGCCTGTAATACCAGCTACTCAGGAGTCTGAGGCAGGAGGTTGTGGTGAGCTGAGATTGTGCCATTGCATTCTAGCCTGGGCAACAAGAGCAAAACTCCACTAAAAAACACAAAAACAAAAAA"
"KN294172v1","1558036","1558341","JH378124","15582898","15583197","36","14024862","GGCCGGGCACGGTGACTCACGCCTGTAATCTCAGCACTTTGGGAGGACGAGACGGGTGGATCACCTGAGGCTGGGAGTTCAAGACCAGCCTGACCAACATGGAGAAACCCCATCTCTACTAAAATACAAAATTAGTCGGGTGTGGTAGTGCATGCCTGTAGTACCAGCTACTTGGGAGGCTGAGGCAGGAGAATCACTTGAACCTAGGAGGTGGAGGTTGCAGTGGGCTGAGATCTTGCCACTGCACTCCAGCCTGGGCAAGAAGAACAAAACACCATCTCCAAAAAATAAAAAAAATAAAAAAAA","GGCCGGGCATGGTGGCTCACGCCTGTAATCCCAGCACTTTGGGAGGCTGAGGCAGGTGGATCACCTGAGGTTGGGAGTTCAAGACCAGCCTGACCAACATGGAGAAACACCATCTCTACTAAAAATACAAAATTAGCCGGGCATGGTAGCACATACCTGTAATCCCAGCTACTTGGGAGGCTGAGGCAGGAAAATCGCTTGAACCCAGGAGGTGGAGGTTGCAGTGAGCTGAGATCTTGCCATTGCACTCCAGCCTGGGCAACAAGAGCAAAATTCTGTCTCAAAAAAAAAAAAAAAAAA"
"KN294172v1","1562111","1562404","JH378166","7314454","7314747","33","5752343","GCCGGGTGAGCTGGCTCACGCCTGTAATTCCAGCACTTTAGGAGGCCGAGGCGGGTGGATAACCTGAGATCACGAGTTCAAGACCAGCCTGGCCAACATGGTGAAACCCCGTTTCTACTAAAAATACAAAAATTAGCTGGGCGTGGTGGCGCACACCTGTAATCCCAGCTACTCGGGAGGCTGAGGCAGGAGAATCGCTTGAACCTAGAAGGTGGCGGTTGTGGTGAGCTGAGATCGCACCATTGCACTCCAGCCTGGGCAACAAGAGCGAAACTCCATCTCAAAAAAAAAAAA","GGCCGGGCGCGGTGGCTCAAGCCTGTAATCCCAGCACTTTGGGAGGCCGAGGCGGGTGGATCACGAGGTCGAGAGATCGAGACCATCCTGGTCAACATGGTGAAACCCCATCTCTACTAAAAATACAAAAAATTAGCTGGGCGTGGTGGCGCATGCCTGTAATCCCAGCTACTCAGGAGGCTGAGGCAGGAGAATTGCCTGAACCCAGGAGGCGGAGGTTGCGGTGAGCCGAGATCGCGCCATTGCACTCCAGCCTGGGTAACAAGAGCGAAACTCCATCTCAAAAAAAAAAAA"
"KN294172v1","1581812","1582124","JH378197","7145768","7146073","38","5563956","GGCCAGGCATGGTGGTTCACGCCTGTAACCCCAGAACTTTGGAAGGCCAAGGCAAGCGGATCACCTGAGGTTGGGAGTTCGAGATCAGCCTCACCAACATGGAGAAAACCCGTCTCCACTAAAAATACAATATTAGCCGGACGTGGTGGTACATGCCTGTAATCTCAGCTACTCGGGAGGCTGAGGCAAAAGAATCACTTGAACCCGGGAGGTGGAGGTTGCGGTGAGCCAAGATCGCGCCACTGCACTCCAGCCTGGGCAACAAAGAGCGAAACTCCATCTCAAAAAAATGAAAAAAAACAAAACAAAAAAA","GCCGGGCATGGTGGCTCACGCCTGTAATCCCAGCACTTTGGGAGGCCGAGGCGGGCTGGATCACCTGAGGTCGGGAGTTCGAGACCAGCCTGACCAACATGGAGAAACCCCGTCTCTACTAAAAATACAAAATTAGCCAGACGTGGTGGCACGTGCCTATAATCCCAGCTACTTGGGAGGCTGAGGCAGGAGAATTGCTTGAACCCAGGAGGTGGAGGTTGCGGTGAGCCAAGATCGCGCCACTGCACTCCAGCCTGGGTAACAAGAGCGAAACTCCGTCTCAAAAAAAAAAAAAGAAAAAGAAAA"
"KN294172v1","1605655","1605958","JH378115","28712376","28712673","28","27106721","GGCCAGGCACGATGGCTCACGCCTGTAATCCCAGCACTTTGGGAGGCCGAGGCGGGCAGATCACCTGAGGTCAGGAGTTCGAGACCAGCCTGACCAACATGGAGAAACCCCATCTCTACTAAAAATACAAAATTAGCTGGGTGTGGTGGAGCATGCCTGTAATTCCAGCCACTCAGGAGGCTGAGACAGGAGAATTGCTTGAACCCAGGAGGCGGAGGTTGTGGTAAGCTGAGATTGTACCATTGCACTCCAACCTGGGCAACAAGAGCGAAACTCCATCTCAAAAAAAAAGAAAAAAGAAAAA","GGCTGGGCATGGTGGCTCACGCCTGTAATCCCAGCACTTTGGGAGGCCGAGGCAGGCAGATCACCTGAGGTCAGGAGTTCGAGACCAGCCTGATCAACATGGAGAAACCCCATCTCTACTAAAAATACAAAATTAGCTGGGTGTAGTGGCGCATGCCTGTAATTCCAGCTACTCAGGAGGCTGAGGCAGGAGAATCGCTTGAACCCAGGAGGTGGAGGCTGTGGTGAGCCGAGATGGCGCCATTGCACTCCAGCCTGGGTAACAAGAGAGAAACTCCGTCTCAAAAAAAAAAAAAAAA"
"KN294172v1","1652876","1653175","JH378207","3169344","3169645","28","1516468","GGCCAGGCATGGTGGCTCATGCCTGTAATCCCTGCACTTTGGGAGGCTGAGGCGGGTGGATCACCTGAGGTCGGGAGTTTGAGACCAGCCTGACCAACATGGAGAAACCCTGTCTCCACTAAAAATACAAAATTAGCCAGGCATGGTGGCGCATGCCTGTAATCCCAGCTACTCAGGAGGCTGACGCAGGAGAATCACTTGAACCCAGAAGGCGGAGGTTGCAGTGAGCCAAGACCACACCATTGCACTCCAACGTGGGCAACAAGAGTGAAACTCCGTCTCAAAAACAAACAAAAAAAA","GGCTGGGCATGGTGGCTCATACCTGTAATCCCAGCACTTTGGGAGGCTGAGGTAGATGGATCACCTGAGGTCAGGAGTTTGAGACCAGCCTGACCAACATGGAGAAACCTTGTCTCTACTAAAAATACAAAATAAGCCAGGCATGGTGGCACATGCCTGTAATCCCAGATACTCTGGAGGCTGAGGCAGGATAATCACTTGAACCTGGAAGGCGGAGGTTGCAGTGAGCCAAGATCACGCCATTGCACTCCAGCCTGGGCAACAAGAGTGAAACTCTATCTCAGAAAAAAAAAAAAGAAAAA"
"KN294172v1","1656120","1656404","JH378111","19524517","19524801","34","17868397","GGCCCAGCACGGTGGCTCAGGCCTGTAATCCCAGCACTGTGCAAGGCTGAAGCAGGCAGATCACCTGAGGTCAGGAGTTCAAGACCAGTTTGACCAACATGGAGAAACCCCGTCTTTACTAAAAATACAAAATTAGCCGGGCATGGTGGTGCATGCCTGTAATCCCAGCTACTCAGGAGGCTGAGACAGGAGAATCGCTTGAACCTGGGAGGTGGAGGTTGTAGTGAGCTGAGATGGCGTCATTGCACTCTAGTCTGGGCAACAAGACCGAAACTCCATATCAAA","GGCCAGGCGCGGTGGCTGACGCCTGTAATCCCAGCACTTTGGGAGGCCGAAGTGGGTGGATCACTTGAGGTCAGGAGTTCAAAACCAGCCTGTCCAACATGGCGAAACCCCATCTTTACTTAAAATACAAAATTAGCCGGGCATGGTGGTGCATGCCTGTAATCCCAGCTACTCGGGAGGCTGAGGCAGGAGAATCGCTTGAACCTGGGAGGCAGAGGTTGTAGTGAGCCAAGATTGCGCCATTGCACTCCAGCCTGGGCAACAAGAGCTAAACTCCATCTCAAA"
"KN294172v1","1669489","1669786","JH378228","5509057","5509356","23","3839568","GGCCAGGCACAGTGGCTCACAACTGTAATCCCAGCACTTTGGGAGGCCCAGGCAGGCAGATCACCTGAGGTCGGGAGTTCAAGACCAGCCTGACCAACATGGAGAAACCCCATCTCTACTAAAAATACAAAATTAGCTGGGCATGGTGGCACATGCCTGTAATCCCAGCTACTCAGGAGGCTGAGGCAGGAGAATCACTTGAACCCGGGAGGCGGAGGTTGTAGTGAGCCGAGATCACGCCATGGCACTCCAGCCTGGGCAACAAGAGAGAAACTCCATCTAAAAAAGAAAAAAAAAA","GACCGGGCACAATGGCTCACGCCTGTAATCCCAGCACTTTGGGAGGCTGAGGCAGGCAGATCACCTGAGGTCGGGAGTTCGAGACCAGCCTGACCAACATGGAGAAACCCCATATCTACTAAAAATACAAAATTAGCCGGGTGTGGTGGCACATGCCTGTAATCCCAGCTACTCGGGAGGCTGAGGCAGGAGAATCACTTGAACCCGGGAAGCAGAGGTTGTGGTGAGCCAAGATTACGCCATTGCACTCCAGCCTGGGCAACAAAGAGCGAAACTCCATCTCAAAAAAAAAAAAAAAAA"
"KN294172v1","1693018","1693327","JH378256","1646089","1646394","28","46929","GGCCAGGTGCGGTGGCTCACGCCTATAATCCCAGCACTTTGGGAGGCTGAGGCGGGGGGATCACCTGAGGTTGGGAGTTCAAGACCAGCCTGACCAACATGGAGAAACCCCATCTCTACTAAAAATACAAAAAAAATTAGCCAGGCATGGTGGCACATGCCTGTAATCCCAGCTACTCGGGAGGCTGAGGCAGGAGAATTGCTTGAACCCAGGAGGCGGAGGTTGCAGTGAGCCGAGATCGTGCCATTGCACTCCAGCCTGGGCAAAAAGAGCAAAACTCCGTCTCAAAAAAAAAAAAAAAAAGAAAAAA","GCCGGGCGCGGTGGCTCAAGCCTGTAATCCCAGCACTTTGGGAGGCTGAGGCGGGTGGATCACGAGGTCGAGAGATCAAGACCATCCTGGTCAACATGGTGAAACCCCGTCTCTACTAAAAATACAAAAAAAATTAGCTGGGCATGGTGGTGCATGCCTGTAATCCCAGCTACTCAGGAGGCTGAGGCAGGAGAATTGCCTGAACCCAGGAGGCGGAGGTTGCGGTGAGCCGAGATCGCGCCATTGCACTCCAGCCTGGGTAACAAGAGCGAAACTCCGTCTCAAAAAAAAAAAAAAAAAAAAAAA"
"KN294172v1","1716801","1717078","JH378110","40503050","40503329","43","38786249","GCCAGGTGCAGCGGCTCACGCCTGAAATCCCAGCACTTCAGGAGGGCGAGACCAGCCTGACCAGCATGGTGAAACCCCGTCTCTACTAAAAATACAAAATTAACCAGGCGTGGTGGCACATGCCTGTAATCCCAGCTACTCGGGAGGCTGAGGCAGGAGAATCCCTTGAACACAGGAGGTGGAGGTTGTGGTGAGCCAAGATGGCGCACTGCACCCCAGCCTGGGCAACAAGAGCGAGACTCCGTCTCAAAAAAAAAAAAAAAAAAAAAAAAAAAAAA","GCCGGGCGCGGTGGCTCAAGCCTGTAATCCCAGCACTCTGGGAGGCTGAGACCATCCTGGTCAACATGGTGAAACCCCGTCTCTACTAAAAATACAAAAAACTAGCTGGGCGTGGTGACGCATGCCTGTAATCCCAGCTACTCAGGGGGCTGAGGCAGGAGAATTGCCTGAACCCAGGAGGCGGAGGTTGCGGTGAGCCAAGATCGCGCCATTGCACTCCAGCCTGGGTAGCAAGAGCGAAACTCCATCTCAAAAAAAATAAAAAATAAAAAATAAAAAA"
"KN294172v1","1733524","1733825","JH378123","48357","48656","39","1685167","GTCGGGCACAGTGACTCACACCTGTAATCCTAGCACTTTGGGAGGCTGAGGTAGGTGGATCGCTTGAGGTCAGGAGTTCGAGACCAGCCTCTGACCAACATGGTGAAACCTGTCTCTACTAAAAAACCACAAACTTATCCAGGCGTGGTGGCACATGCCTGTACTCCCAGCTACTTGGAAGGCTGAGGCAGGAGAATTGCTTGAACCTGGGAGGTGGAGGTTGCAGTGAGCTGAGATTGCGCCATTGCACTCTAGCCTGGACAACAAGAGTGAAACTCCGTCTCAAAAAAAAAAAAAAAAGA","GGCCAGGCACTGTGGCTCATACCTGTAATCCCAGCACTTTGGGAGGCTGAGGCAGGTGGATCATGTGAGGTCAGGAGTTCAAGACCAGCCTGACCAACATGGAGAAACCCTGTCTCTACTAAAAATACAGAAATTAGCCAGGCGTGGTGGCACATGCCTGTAATCCCAGCTACTTGGGAGGCTGAGGCAGGAGAATTGCTTGAACCTAGGAGGCAGAGGTTGCAGTGAGCTGAGATCACACCATTGCACTCCAGCCTGGGCAACGAAAGTGAAACTCTTGTCTCAAAAAAAAAGAGAAAA"
"KN294172v1","1758833","1759030","AGCE01150289","1213","1405","33","1757620","TCAAAAAAAAAAAAAAAAAATACAAAATTAGCCAGGCGTGGTGGCGCATGCCTGTAATCCCAGCTACTCGGGAGACTGAGGCAGGAGAATCTCTTGAACCCGGGAGGCGGAGGTTGCAGTGAGCGGAGATCGTGCCATTGCACTCCAGCCTGGGCGACAAGAACAAAACTCTGTGTCAAAAAACAAACAAACAAACAA","TCTCTACTAAAAATACAAAAAATTAGCTGGGCATGGTGGCGCATGCCTGTAATCCCAGCTACGCAGGAGGCTGAGGCAGGAGAATTGCCTGAACTCAGGAGGCGGAGGTTGCAGTGAGCCGAGATCGTGCCATTGCACTCCAGCCTGGGTAACAAGAGCAAAACTCCGTCTCAAAAAAAACAACAAAAAAAAA"
"KN294172v1","1759244","1759379","JH378123","86614","86749","18","1672630","GGCTGGGTGCAGTGGCTCATGCCTGTAATCCCCGCACTTTGGGAGTCTGAGGTGGGTGGATCGCCTGAGGTCAGGAGTACAAGACCAGCCTGACCAACACGATGAAACCCTGTCTCTACTAAAAAATACAAAATTA","GGCTGGGCCTGGTGGCTCATACCTGTAATCCCAGCACTTTGGGAGGCTGAGGTGGGTGGATCACATGAGATCAGGAGTTTGAGACCAGCCTGACCAACATGGAGAAACCCTGTCTCTACTAAAAATACAAAATTAG"
"KN294172v1","1768810","1769088","JH378238","696451","696731","29","1072359","GGCCAGGTGCGGGGGCTCATGCCTGTAAGCCCAGCACTTTGGGAGGCCGAGGCAGGCGGATCACCTGAGGTTGGGAGTTTGAGACCAGCCTGACCAACATGGAGAAACCCTGTCTTTACTAAAAGTACAAAATTAGCCAGGCATGGTGACGCATGCCTGTAATCCCAACTACTCGGGAGACTGAGGCAGGAGAATCTCTTGAACCCAGGAGGCGGAGGTTGTGGTGAGCCAAGATTGCACCATTGCACTCCAGCCTGGGCAACAAGAGCGAAACTCCGT","GGCCAGGTGTGGTGGCTCATGCCTGTAATCCCAGCACTTTGGGAGGCCGAGGCAGGCAGATCATCTGAGGTTGGGAGTTTGAGACCAGCCTGACCAACATGGAGAAACCCCGTCTCTACTAAAAATACAAAATTAGCTGGGCTTGGTGATGCATGCCTGTAATCCCAGCTACTCAGGAGGCTGAGGCAGGAGAATCACTTGAACAGGGGAGGCGGAGGTTGTGATGAGCCAAGATCGTGCCAATGTACTACAGCCTGGGCAACAAGAGCGAAACTCCATCT"
"KN294172v1","1782207","1782519","JH378176","8157064","8157374","39","6374857","GGCCAGGCATGGTGGCTCACACCTGTAATCCCAGCACTTGGGGAGGCTGAGGCAGGCGGATCACCTGAGCTTGGGAGTTGGAGACCAGCCTGGTCAACATGGAGAAACCCCATTTCTACTAAAAAATACAAAATTATCCAAGTGTGGTGGTGCATGCTTGTAATCCCAGCTACTCAGGAGGCTGAGGCAGGAGAATCGTTTGAACCCAGAAGGCGGAGGTTGAGGTGAGCCGAGATCGCGCCATTGCACTCCAGCCTGGGCAACGACAGCGAAACTCCATCTCAAAAAAAAGAAAGAGAGAGAGAGAGAGAAA","GGCCGGGCATGGTGGCTCATGCCTGTAATCCTAGCACTTTGGGAGGCTGAGGCAGGTGGATCACCTGAGGTCAGGAGTTTGAGACCAGCCTGACCAACATGGAGAAACCCCATCTCTACTAAAAATACAAAATTAGCCAGGTGTGGTGGCACATGCTTGTAATCTCAGCTGCTCAGGAGGCTGAGGCAGGAGAATCACTTGAACCCAGGAGGCAGAGGTTACAGTGAGCTGAGATCGCGCCATTGTACCCCAGCCTGGGCAACAAGAGCAAAACTCCATCTCAAAAAAAAAAAAAAAAAGAAAGAAAGAAA"
"KN294172v1","1789536","1789827","JH378106","1596997","1597295","36","192539","GCCAGGCGCAGTGGCTGACACCTGTAATCTCAGCAGTTTGGGAGGGTGAGGCGGGTGGATCACCTGAGTTCGGGAGTTCAAGACCAGCCTGGCCAACATGGAGAAATCCCATGTCTACTAAAAATACAAAATTAGCTGGGCGTGGTGGTGCATGCCTGTAATCCCAGCTACTTGGGAGACTGAGGCAGGAGAATCGCTTGAACCTGGGAGACGGAGGTTGCGATGAGCCAAGATCATGCCATTGCACTCTAGCCTAGGCAACAAGAACGATACTCCGTCTCAAAAAAAAAGA","GACCGGGTGAGGTGGCTCACACCTGTAATCCCAGCACTTTGGGAGGCTGAGGTGGGTGGATCACCTGAGGTCGGGAGTTCAAAACCAGCCTGACCAACATGGCGAAACCCCATCTCTTCTAAAAATACAAAATTAGCTGGGCATGGTGGTGCACGCCTGTAATCCCAGCTACTTGGGAGTCTGAGGCAGGAGAATCTCTTGAACCCGGGAGGCGGAGTTTGCGGTGAGCCAAGATCATGCCATTGCACTCCAGCCTGGGCAACAAGAACGAAACTCTGACTCAAAAAAAAAAAGTAAAA"
"KN294172v1","1811728","1811993","JH378151","7414817","7415082","34","5603089","AGCACTTTGGGAGGCCAAGGCGGGTGGATCACCTGAGGTTGGGAGTTTGGGACTAGCCTGACCAACATAGAGAAACCCCATCTCTACTAAAAAAAATACAAAATTAGCTGGGCATGGTGGTGCATGACTGTAATGCTACTTGGGAGGCTGAGGCAGGAGAATCGCTTGAACCCAGGGGGCAGAGGTTGTGGTGAGCCGAGATCGCGCCATTGCACTCCAGCCTGGGCAACAAGAGCAAAACTCCGTCTCAAAAAAAAAGAAAAAAA","CACTTTGGGAGGTCAAGGCAGGCGGATCACCTGAGATGAGGAGTTTGAGACCAGCCAGACCAACATGGAGAAACTCCATCTCTACTAAAATTACAAAATTAGCCAGGTGTGGTGGCGCATGCCTGTAATCCCAGCTACTTGGGAGGCTGAGGCAGGAGAATCGCTTGAACCCAGGAGGTAGAGGTTGGGGTGAGCCGAGATCGTGCCATTGCACTCCAGCCTGGGCAACAAGAGCAAAACTCCGTCTCAAAAAAAATAAAAAATAA"
"KN294172v1","1812335","1812489","JH378112","12521541","12521691","23","10709206","TAGCCGAGTGTGGTGGCACATGCCTGTAATCCCAGCTACTTGGGAGGCTGAGGCAAGAGAATCCCTTGAACCCAGGAGGTGGAGGTTGTGGTGAGCCGAGATCGCACCATTGTACACCAGCCTAGGCAACAAGAGCCAAACTCTGTCTCAAAAAA","TAGCTGGGTGTAGTGGCACATGCCTGTAATCCCAGCTACTTGTGAGGCTGAGGCAGGAGAATTGCTTGAACCCAGGAGGTGGAGGTTGCAGTAAGCCGAGATCACGGCTTTGCTCTCCAGCCTGGGCAACAAGAGCGAAACTCTGTCTCAA"
"KN294172v1","1832708","1833004","JH378139","15235758","15236059","32","13403050","GGCTGGGCGCGGTGGCTCACGCCTGTAACCCCAGCTCTTTGGGAGGCTGAGGCGGGTGGATCACCTGAGGTCAGGAGTTCAAGACCAGCCTCAACATGGAGAAACCCTGTCTCTACTAAAAATGCAAAATTAGCCAGGTGTGGTGCTGCATGCCTGTCATCCCAGCTACTCTGGAGGCTGAGGCAGGAGAATTGCTTGAACCTGGGAGGTGGAGGTTGCGGTGAGCCGAGATCATGCCATTGCACTCCAGCCTGGGGAACAAGAGCGAAACTGCGTCTCAAAAAAAAAAAAAAAAAA","GGCTCGGCGCGGTGGCCCATGCCTGTAATCCCAGCACTTTGGGAGGCCGAGGCGGGCAGATCACCTGAGGTTAGGAGTTCGAGACCAGCCTGACCAACATGGAGAAACCCTGTCTCTACTAAAAAATACAAAATTAGTCAGGTGTGGTGACACATGCCTGTAATCCCAGCTACTCAGGAGGCTGAGGCAGGAGAATCACTTGAACCTGGGAGGTGGAGGCTGCGGTGAGCTGAGATCGTGCCATTGCACTCCAGCCTGGGCAACGAGAGCGAAAGTCCATCTCAAAAAAAAAAAAAAAAAAA"
"KN294172v1","1938208","1938506","JH378199","7593197","7593494","39","5654989","GGCTGGGCACAGTGGCTCACGCCTGTAATCCAAGCACTTTGGGCAGCTGAGGCGGGTGGATCACTGAGGTCGGGAGTTCAAACCAGCCTGACAAACATGGAGAAATACCATCTCTTCTAAAAATACAAAAAATTAGCCAGGTGTGGTGGTGCATGCCTATAATCCCAGCTACTCGGGAGGTTAAGTTAGGAGAATTGCTTGAACCTGGGAGGCGGGCGGAGGTTGCAGTGAGCCAAGATCACGCCATCGGACTCCAACCTGGGCAACAAGAGCAAAACTCCGTCTCAAAAAAAAAAAAA","GGCCGGGCACGGTGGCTCATGCCTGTAATCCCAGCACTTTTGGAGGCTGAGGTGGGCGGATCACCTGAGGTTGGGAGTTCAAGACCAGCCTAACCAACATGGAGAAATCCGGTCTCTACTAAAAATACAAAAAATTAGCCAGGCGTGGTGGTGCATGCCTGTAATCCCAGCTACTCGGGAGGCTGAGACAGGAGAATTGCTTGAACCTAGGAGGCAGAGGTTGCAGTGAGCCAAGATCACGCCATTGCACTCCAGCCTGGGCAAGAGGAGCTAAATTCTGTCTCAAAAAAAAAAAAAA"
"KN294172v1","1940081","1940331","JH378232","3707999","3708249","34","1767918","GGCCAAGGCAGGTGGATCACCTGAGGTTAGGAGTTCAAGACCAGCCTGGCCAACACGGAGAAACCCCGTCTCTACTAAAAATACAAAAGTTAGTCAGGTGTGGTGGTGCATGCCTGTAATCCCAGCTACTCGGGACACTGGGGCAGGAGAATCGCTTGAACCTGGGAGGCAGAGGTTGCAGTAAGCCAAGATTAGGCCATTGCACTCCAGCCTGGGCAACAAGAGCAAAACTCTCTCTCAAAAAATAAAAA","AGGGCAAGGCGGGCGGATCACCTGAGGTCAGGAGTTTGAGACCAGCCTGACCAACCCGGAGAAACCCCGTCTCTACTAAAAATACAAAATCAGCCGGGTGTGGTGGCACATGCCTGTAATCCCAGCTACTCAGGAGACTGAGGCAGGAGAATCGCTTGAACCTGGGAGGCAGAGTTGCTGTGAGACAAGATCATGCCACTGCACTCCAGCCCAGGCGATACGAGCAAAACTCTGTCTCAACCAAACAAAAA"
"KN294172v1","1948265","1948572","JH378129","992657","992958","39","955608","GGCCAGGCACGGTGGCGCACGCCTGTAATCCCAGCACTTTGGGAGGCCGAGGCAGGCGGATCACCTGAGGTTGGGAGTTCGAGACCAGCCTGACCAACATGGAAAAACCCCATCTCTACTAAAAATACAGAATTAGCTGGGTGTGGTGGCGCACATCTGTCTGTAGTCCCAGCTACTCGAGAGGCTGAGGCAGAAGAATTGCTTGAAACCAGGAGGTGGAGTTTGCAGTGAGCCAAGATTGCACCATTGCATGTGAGCCTGGGCAACAAGAGTGAAATTCCGTCTCAAAAAAAAAAAAAGAAAAAAAA","GGCCAGGCGCGGTAGCTCACGCTCGTAATCCCAGCATTTTGGGAGGCCGAGGCGGGCGGATCACCTGAAGTTGGGAGTTTGAGACCAGCCTGACCAACATGGAGAAACCCTATCTCCATTAAAAATACAAAATTAGCTGGGCGAGGTGGCGCATGCCTATAGTCCCAGCTACTCAGGAGGCTGAGGCAGGAGAATTGCTTGAACCCGGGAGGGAGAGGTTGCAGTGAGCCAAGATCGCGCCATTGCACTTTAGCCTGGGCAACAAGAGTGAAACTCTGTCTCAAAAAAAAAAAAAAAAAAAA"
"KN294172v1","1960771","1960921","JH378182","1258842","1258997","28","701929","AAAAATAAAAAAAATTAGCCAAGTGTGGTGGTGTGAGTTATCTCAGCTACTCAGGAGACTGAGGCAGGAGAATCGCTTGAACCCAGGAGGTGAAGGTTGAAGTGAGCTGAGACTATGCCATTGCACTCCAGCCTGGGCTACAAGAGTGAAA","AAAAATACAAAAATTAGCCAGGCGTGGTGGCATGCACCTGTAATCCCAGTTACTTGGGAGGCTGAGGCAGGAGAATCTCTTGAACCCAGGAGGCGCAGGTTGTAGTGAGTTGAGATTACCCCATTGCACTCCAGCCTGGGCAACAAGAGGGAAACT"
"KN294172v1","1961041","1961350","JH378114","12126932","12127241","42","10165891","GCCGGGCGTGGTGGCTTATGCCTATAATCCCAGCACTTTGGGAGGCTGAGATGGGCAGATCATCTGAGGTCGGAAGTTCGAGACCAGTCTGACAAACATGGAGAAACCCCATCTCTGCTAAAAATACAAAAGTAGCTGGGCATGGTGGCGCATGCCTGTAATCCCAGCTACTCAGGAAGGCTAAGGCAAAAGAATCGCTTAAACCCGGGAGGTGGAGGTTGCGGTGAGCTGAGATCATGCCACTGTGCTCTAGCCTGGGCAACAAGAGCGAAACTCAGCCTCAAAAAAAAAAAAAAAAAAAAAAAAAAGA","GGCTGGGCGTGGTGGCTCACACCTATAATCCCAGCACTTTGGGAGGCTGAGGTGGGCAGATCACCTGAGGTTGGAAGTTCGAGATCAGCCTGACCAACATGGAGAAACCCCATTTCTACTAAAAGTAGAAAATTAGCCGGGCATGGTGGCATGTGCCTGTAATCCCAGCTACTCGGGAGGCTGAGGCAGGAGAATCACTTGAACCAAGGAGGTAGAGGTTGCAGTGAGCCAAGATCATGCCATTGTACTCTAGCCTGGGCAACAAGAGTGAAACTCAGTCTCAAAAAAACAAAAACAAAGAAACAAAAAA"
"KN294172v1","1997646","1997945","JH378252","3252636","3252937","50","1254990","GGCCAGGCACGGTGGCTCACGCCTGTAATCCCAGCAGTTTGGGAAGCCGAGGAGGGCAGAACACCTGAGATTGGGAGTTTGAGATCAGCCTGAGCAACATGGAGAAACCTCATCTCTACTAAAAATACAAAAATTAGCTGGTCATGGTGGTGTGTGCCTATAATCCCAGCTACTTAGGAGGCTAAGGCGGGAGAATCGCTTGAACCCGGGGGGAGGAGTCTGCAGTGAGCTGAGATCACGCCATTGGGCTCAACAAGGCAAAACTCTGTCTCAAATAAATAAATAAAAAAAAGATAATAA","GGCCAGGCCTGGTGGCTCACGTCTGTAATCCCAGCACTTTGGGAGACCGAGGCAGGCAGATCACCTGAGTCGGGAGTTCAAGATCAGCCTGACCAACATGGAGAAACCCCATCTCTACCAAAAATACAAAATTAGCCGGTGTGGTGGTACATGCCTGTAATCCCAGTTACTTGGGAGGCTGAGGCAGGAGAATCACTTGAACCCAGGCGGCAGAGGTTGCAGTGAGCCGAGATCACGTCATTGCACTGAGCAACAAGAGCAAAACTCTGTCTCAAAAAAAAAAAAAAAAAAAAAAAAAAAAA"
"KN294172v1","2020502","2020805","JH378111","42112707","42113007","34","40092205","GGCCCGGCACAGTGGCTCATGCCTGTAATCCCAGCACTTTGGGAAGCTGAGGCAGGCAGATCACCCGAGGTCAGAAGTTCAAGACCAGCCTGACCAACATGGAGAAACCCCGTCTCTACTAAAAATACAAAATTGGCCGGGCGTGGTGGCACATGCCTGTAATCCCAGTTACTCAGGAGGCCGACGCAGGATAATTGCTTGAACCCAGAAGGCAGAGGTTGCAGCGAGCTGAGATTGTGCCATTGCATTCCAGCCTGGGCAACAAGAGCAAAACTCCATCTCAAAAAAAAAAAAGAGAGAGAGA","GGCTGGGCACAGTGGCTCATACCTGTAATCCCAGCACTTGGGGAGGCTGAGGCAGGCAGATCACCTGAGGTCAGGGGTTCGAGACCTGCCTGACCAACATGGAGAAACCCCGTCTCTACTAAAAATAGAAAATTAGCTGGGCATGGTGGCACATGCCTGTAATCCCAGCTACTCAGGAGGCTGAGGCAGGAGAATTGCTTGAACTCAGGAGGCAGAGGTTGCAGTGAGCTCTGATCGTGCCATTGCACTCCAGCCTGGGCAACAAGAGTGAAAATCTGTCTCAAAAAAAAAAAAAAAGAAA"
"KN294172v1","2088878","2089168","JH378145","55618","55906","33","2033260","GACTGGGCGCAGTGGCTCACACCTGTAATCCCAGCACTTTGGGAGGCTGAGGTGGGCAGATCACCTGAGGTCGGGAGTTCAAGCCCAGCCTGACCAAATGGAGAAACCCCGTCTCTACTAAAAGTACAAAAAATTAGCCAGGCATGATAGCACACACCTGTAGTCCCAGCTACTCAGGAGGCTGAGGCAGGAGAATTGCTCGAACCCAGGAGGCGGAGGCTGCAGTGAGCCGAGATTGCACCATTGCACTCCAGCCTGGGCAACAAGAGTGAAACTCCATCTCAAAAAAAA","GGCTGGGTGCAGTGGCTCACGCCTATAATTCCAGCACTTTGGAAGGCTGAGGTGGGCGGATCACCTGAGGTCGAGAGTTCAAGACTAGCCTGACCAATATGGAGAACCCCATCTCTTCTAAAAATAAAAAATTAGCCAGGCATGGTAGCACATGCCTGTAACCCCAGCTACTTGGGAGGCTGAGGCAGGAGAATTGCTTGAACCCAGGAGGTGGAGCTTGTGGTGAGCTGAGATTGCACCATTGCACTCCAGCCTGGGCAACAAGAGTCAAACTCCGTCTCAAAAAAAA"
"KN294172v1","2098023","2098334","JH378112","33214699","33215012","32","31116676","GGCCGGGCACGGTGGCTCACGCTTGTAATCCCAGCACTTTGGGAGGCCGAGGCAGGCAGATCACCTGAAGTTGGGAGTTCAAGACCAGCCTAGCCAACATGGTGAAACCTCGTCTCTACTAAAAATACAAAATTAGCTGGGCGTGGTGGTGCACGCCTGTAATCCCAGCTACTCGGGAGGCTGAGGCAGGAGAACTGCTTGAACCCGGGAGGCGGAGGTTGTGGTGAGCTGAGATTGTGTCATTGCACTCCAGCCTGGGCAACAAGAGCGAAATTCTGTCTCAAAAAAAAAAAAAAAAAGAAAGAAAAGAAA","GGCCGGGCGCGGTGGCTCAAGCCTGTAATCCCAGCACTTTGGGAGGCCGAGGCGGGTGGATCACTTGAGGTCAGGAGTTCAAGACCAGCCTGGCCAACATGGTGAAACCCCGTCTCTACTAAAAATACAAAAAATTAGCTGGGCATGGTGGTGCGTGCCTGTAATCCCAGCTACTCAGGAGGCTGGGGCAGGAGAATTGCTTGAACCCAGGAGGCGGAGGTTGCGGTGAGCCGAGATAGCGCCATTGCACTCCAGCCTGGGTAACAAGAGCGAAACTCCGTCTCAAAAAAAAAAAAAAAAAAAAAAAAAAAAAA"
"KN294172v1","2126296","2126606","JH378175","7061237","7061546","35","4934941","GGCCAGGCTCAGCGGCTCACGCCTGTAATCCCAGCACTATGGGAGACGGAGGTGGGCAGATCACCTGAGGTCGGGAGTTCAAGACCAGGCTGATTGACATGGAGAAACCCCATCTCTACTAAAAATACAAAATTAGCCGGGCGTGATGGCGCATGCCTGTAATCCCAGCTACTCAGGAGGCTGAGGCAGGAGAATCGCTTGAATCTGGGAGGCAGAGGTTGCGGTGAGCTGAGATCACACCATTGCACTCCAGCCTGGGCAACAAGAGCAAAACTCTGTCTCAAAAAAAAAAAAAAAAAAACACACAAAAA","GCCAGGCACAGTGGCTCATGACTGTAATCCCAGCACTTTGGGAGGCTGAGGTGGGCAGATCACCTGAGGTCGGGAGTTTAAGACCAGCCTGACCAACATGGAGAAATCCCATCTCTACTAAAAATACAAAATTAGCTGGGTGTGGTGGTGCGTGCCTGTAATCCCAGCTACTCAGGAGGCTGAGGCAGGAGTATCGCTTGAACCTGGGAGGTGGACGTTGTGGTGAGCCAAGATCACACCATTGCACTCCAGCCTGGGCAACAAGAGCAAAACTCCGTCTCAAAAAAAGAAAAAAAGAGAGAGAGAGAAA"
"KN294172v1","2161536","2161840","JH378255","1560098","1560402","30","601438","GGCTGGGTGCTGTGGCTCACGCCTGTAATCCCAGCACCTTGGGAGGCCGAAGCAGGCGGATCACCTGAGGTCGGGAGTTCGAGACCAGCCTGACCAACATGGAGAAACTCTGTCTCTACTAAAAATACAAAATTAGCCGGGTATGATGGTGAACGTCTGTAATCCCAGCTACTCGGGAGGCTGAGGCAGGAGAATCACTTGAACCCGGGAGGCGGAGATTGCGGTGACCTGAGATCGTGCCACTGCACTCCAACCTGGGTAACAAAAGTGAAACTCTGCCTCAAAAAAAAACAAAAAAAAAGAAA","GGCTGGGTGCAGTGGCTCATGCCTATAATCCCAGCACTTTGGGAGGCTGAGGCAGGCGGATCACTTGAGGTCGGGAGTTCAAGACCAGCCTGACCAACATGGAGAAACCCCGTCTCTACTAAAAATACAAAATTAGCCAGGTGTGGTAGCGCACGCCTGTAATCCCAGCTACTTGGGAGGCTGACGCAGGAGAATCGCTTGAACCCGGGAGGCGGAGGTTGCGGTGAGCTGAGATTGTCCCACTGCACTCCAGCCTGGGCAACAAGAGTGAAACTCTGTCTCAAAAAAAAAGAAAAAAAAAAAAA"
"KN294172v1","2183414","2183611","JH378184","9694135","9694330","28","7510721","AAACCCCATCTCTACCAAAAATACAAAAAAATTAGCCAAGTGTGGTAGCACGTGCCTGTAATCACAGCTACTCAGGAAGCTGAAGTAGGAGAATCGCTTGAACCTAGGAGGCGGAGGTTGCAGTGAGCTGAGATCATGCCATTGCACTCCAGCCTAGGCAATAAGAGTGAAACTCCATCTTAAAAAAAAAAAAGAAAA","AAACCCCGTCTCTACTAAAAATACAAAAAATTAGCTGGGCGTGGTGGCGCGTGCCTGTAATCCCAGCTACTCAGGAGGCTGAGGTGGGAGAATTGCCTGAACCCAGGAGGCGGAGGTTGCAGTCAGCCGAGATCGCGCCATTGCACTCCAGCCTGGGTAACAAGAGTGAAACTCGGTCTCAAAAAAAAAAAAAGAA"
"KN294172v1","2200994","2201284","JH378122","7536361","7536659","46","5335367","GCCAGGTGCAGTGGCTCACACCTATAATCCCAACACTATGGGAGGCCGAGGTAGGTGGATCACTTGAGGTCAGGAGTTCGAGACCAGCCTGACCCAACATGGTGAAACCCTCTTTACTTAAAAAAAAAAAAAAGCCAGGGGTGGTGGCACACACCTGTAATCCCAGCTACCTGGGAGGCCAAAGCAGGAGAATTGCTTGAACTCGGAAGACAGGTTGCAGTGAGCCGAGATGGTGCCATTGCACTCCAGCCTGGGCAGCAAGAGCAAAATTCCATCTCAAAAAAAAAAAAA","GGCCAGGCGCGGTGGCTCACGCCTGTAATCCCAGCACTTTGGGAGGCCGAGGCAGGTGGATCACCTGAGGTCAGGAGTTTGAGACCAGCCTGACCAACATAGAGAAACCCCATCTCTACTAAAAACACAAAAAATTAGCCGGGAATGGTGGCACATGCCTGTAATCCCAGCTACCCGGGAGGCCAAAGCAGGAGAATGGCTTGAATCCGGGAGGCGGAGGTTGCGGTGAGCCAAGATCACGCCATTGCACTACAGCCTGGGCAACAAGAGCAAAACTCTGTCTCAAAAAAGAAAAAAAA"
"KN294172v1","2202348","2202651","JH378126","23919556","23919859","34","21717208","GGCTGGTCGTGGTGGCTCACACCTATAATTCCAGCACTTTGGGAGGCTGAGGTGGGTGAATCACCTGAGGTCAGGAGTTTGAGACCAGCCTGACCAACATGGAGAAACCTCATCTCTACTACAAACACAAAATTAGCTGGGTGTGGTGGTACAAGCCTGTAATCCCAGCTACTCGGGAGGCTGAGGCAAGAGAGTCATTTGAACCCCGGAGGCAGAGGTTGCACCGAGCCGAGACTGCACCGCTGCACTCCAGCCTGGGTAACAAGAGCAAAACTCCATCTCAAAAAAAAAAAAAAAAAAAAAA","GGCTTGGTGTGGTGGCTCACACCTGTAATCCCAGCACTTTAGGAGGCTGAGGCGTGTGGATCACCTGAGGTCAGGAGTTTGAAACCAGCCAGACCAACATGGAGAAACCCTGTCTCTACTAAAAATACAAAATTAGCCAGGCATGGTGGCACATGCCTGTAATCCCAGCTACTCAGGAGGCTGAGGCAGGAGAATCGCTTGAACCCGGGAGGCAGAGGTTGCAGTGAGCCGAGATTGCACCACTGCACTCCAGCCTAGGCAACAAGAGCAAACCTCCATCTCAAAAAAAAAAAAAAAAAAAAAA"
"KN294172v1","2205854","2206159","JH378197","1499696","1500000","37","706158","GGCCAGGTGTGGTGGCTCACTCCTGTAATCCCAGCACTTTGGGAGACCGAGGTGGGTGGATCACCTGAGGTCAGGAGTTCGAGACCAGCCTGACCAACATGGAGAAATCCCATCTCTACTAAAAACACAACAATTAGCCAAGCGTGGTGGCACACACCTATAATCCCAGCTATTCAGGAGGCTGAGGCAGGAGAATCGCTTGAAACCCGGGAGGCGGAGGTTGCAGTGAGCCGAGATCTCGCCATTGCACTCTAGCCTGGGCAACAGCGAGACTCTGTGTCAAAAAAAAAGAAAAAAGAAAAGAAA","GGCCGGGCGTGGTAGCTCACGTCTGTAATCCTAGCACTTTGGGAGGCCGAGGTGGGTGGATCACCTGAGGTCAGGAGTTCGAGACCAGCCTGACCAACATGGAGAAACCCCATCTCTACTAAAAATACAAAATTAGACAGGCGTGGTGGCACATGCCTGTAATCCCAGCTACTTGGGAGGCTGAAGCAGGAGAATCCCTTGAACCCAGGAGGCGGAGGTTGCGATGAGCTGAGCTCACGCCATTGCACTCCAGCCTGGGTAACAAGATCGAAACTCTGTCTCAAAAAAAAAAAAAAAAAAAAAAA"
"KN294172v1","2210062","2210223","JH378107","35393480","35393644","20","33183418","CCAGGTGCCGGGGCTCACGCCTGTTATCCCAGCATTTTGGGAGGCTGAGGCAGGAGAATTGCTTGAACCTGGGAGGCAGAGGTTGCGGTGAGCCGAGATCGCACCATTGCAGTCCAGCCTGGGCAACAAGAGCGAAACCCCGTCTCAAAAAAAAAAAAAAAA","GCCAGGTGCTGTGGCTCATGCCTGTAATCCCAGCATTTTGGGAGGCTGAGGCAGGAGAATTGTTTGAACCTGGGAGGCAGAGGTTGCAGTGAGCCAAGGTTGTGCCATTGTGTGCCAGCCTGGGCAACAAGAGTGAAACTCTGTCTCAAAGGAAAAAAAAAAAAA"
"KN294172v1","2266699","2266994","JH378173","5370117","5370412","40","3103418","GGCCAGGTGTGGTGGCTCATGCCTGTAAATCCCAGCCTTTGGAAGGCTGAGGCGGGCAGATCACCTGAGGTCAGGAGTTCGAGACCAGCCTGACTAACATGGGAATCCCTGTTTCTACTAAAAATACAAAAAATTAGCCGGGTGTGGTGGCACGCACATGTAATCCCAGCTACTCAGGAGGCTGAGGCAGGAGAATCGCTTGAACCTGGGAGGCGGAGGTTGCAGTGAGCTGAGATCGCACCATTGCACTTTGGCTTGGGCAACAAGAGTGAAACTGCATCTCAAAAATAAACAAA","GGCCAGGTGCGGTGGCTGATGCCTGTAATCCCAGCACTTTGGGAGGCTTAGGCGGGCAGATCACCTGAGGTCGAGAGTTCAAGACCAACCTGACTAACATGGAGAAACCTCGTCTCTACTAAAAATACAAAAAATTAGCTGGGCATGGTGGTGCGTGCCTGTAATCCCAGCTACTCAGGAGGCTGAGGCAGGAGAATTGCTTGAACCCGGGAGGTGGAGGTTGCGGTGAGCTGAGATCGCGCCATTGCACTCCAGCCTGGGTAACAAGAGCGAAACTCAGTCTCAAGAGAAAAAAA"
"KN294172v1","2266997","2267311","JH378115","25041145","25041450","34","22774148","GACTGGGCACGGTGGCTCATGCCTGTAATCCCAGCACTTTGGGAGGCCAAGGTGGGTGGATCACCTGAGGTTGAGAGTTTGAGACCAGCCTGACCAACATGGAGAAACCCCATCTCTACTAAAAATACAAAAGTAGCCAGGTGTGGTGGCGCATGCCTGTAATCCCAGCCACTTGGGAGGCTGAGGCAGGAGAATCACTTGAACCTGGGAGGCGGGGTTTGTGGTGAGCCAAGATCGTACCATTGCACTCCAGCCTGGGCAACAAGAGTGAAACTCTGTCTCAAATAAATAAATAAATAATAAAAATTTAAAAAA","GGCTGGGCATGGTGGCTCATGTCTGTAATCCCAGCACTTTGGGAGGCCAAGGTGGGTGGATCACCTGAGGTTGGGAGTTTGAGACCAGCCTGACCAACATGGAGAAACCCCATCTCTACTAAAAATACAAAATTAGCCAGGTGTGGTGGCGCATACCTGTAATCCCAGCTACTCAGGAGGCTGAGGCAGGAGAATCGCTTGAACCCGGGAGGCGGATGTTGCGGTGAACCGAGATCGCACCATTGCACTCCAGCCTGGGCATCAAGAGCGAAACTCCATCTCAAAACAAAAACAAAAACAAAAAAA"
"KN294172v1","2287262","2287558","JH378125","19027324","19027621","45","16740062","GCCAGGCACAGGGGCTCACGCCTGTAATCCCAGCACTCTGGGACGCCCAGGCGGGCAGATCACCTGAGGTCAGGAGTTTGAGACCAGCATGGTCAACATGGCAAAACCTTGTCTCTACTAAAAATATAAAATGAGCCAGGCGTGGTGGTGCATGCCCACAATCCCAGTTACTTGGGAGGCTGAGGCAGGAGAATCGCTTGAACCTGGGAGGCAGAGGTAGTGGTGAGCCGAGGTCGGGCCACTGCACTCCAGCCTGGGCAATAAGAGCGAAACTCTGTCTCAAAACAACAATAACAA","GCCGGGCATGTTGGCTCACGCCTGTAATCCCAGCACTTTGGGAGGCTGAGGCGGGCGGATCTCCTGAGGTCGGAGTTTGAGACCAGCCTGACCAACATGGAGAAACCTCATCTCTACTAAAAATACAAAATTAGCTGGGCATGGTGGTGCATGCCTGTAATCCCAGCTACTCGGGAGGCTGAGGCAGGAGAATCGCTTGAACCTGGGAGGCAGAGATTGCGGTGAGCCAAGATCGTGCCATTGCACTCCAGCCTGGGCAGTGAGAGCAAAACTCTGTCTCAAAAAAAGAAAAAGAAAA"
"KN294172v1","2293587","2293892","JH378119","6124403","6124708","30","3830816","GGCTGGGCGCAGTGGCTCACGCCTGTAATCCCAGCACTTTGGGAGGCCCAGGAGGGCACATAACCTGAGGTCGGGAGTTGGAGACCAGCCTAACCAACATGGAGAAACCCCGTCTCTACCAAAAATACAAAATTAGCTGGGCGTGGTGGCGCATGCCTGTAATCCCAGCTACTTGGGAGACTGAGGCAGGAGAATTGCTTGAACCCGGGAGGCAGAGGTTGTAGTGAGCCGAGATCACACCATTGCACTCCAGCCTGGGCAACAAGAGCGAAACTCTGTCTCAAAAAAAAAAAAAAAAAAAAAAAA","GCTGGACATGGTGGCTCACACCTGTAATCCCAGCACTTTGGGAGGCGGAGGTGGGCAGATCACCTGAGGTCAGGAGTTCAAGACCAGCCTGACCAACATGGAGAAATTCCGTCTCTACTAAAAATACAAAATTAGCTGGGCATGATGGCGCATGCCTATAATCCCAGCTACTCAGGAGGCTGAGGCAGGAGAATTGCTTGAACCCAGGAGGCAGAGGTTGTAGTGAGCCGAGATCGCACCATTGCACTCCAGCCTGGGCAACAAGAGCAAAACTCCATCTCAAAAAAAAAAAAAAAAAAAAAAAAA"
"KN294172v1","2314987","2315296","JH378250","835187","835498","32","1479800","GGCCGGGCGCGGTGGCTCACACCTGTAATCCCAGCACTTCGGGAGGCTGAGGCGGGAAGGTCACCTGAGGTCAGGAGTTCGAGACCAGCCTGACCAACATGGAGAAACCCCATCTCTACTAAAAATACAAAATTAGCCAGGTGTGGTGGCACATGCCTGTAATCCCAGCTACTCAGGAGGCTGAGGCAGGAAAATCGCTTCAACCTGGGAGGCGGAGGTGGCGGTGAGCAGAGATCACACCACTACACTCCAGCCTGGTCAACAAGAGCAAAACTTTGTCTCAAAAAAAAAAAAAAAAAAGAAGAAGAAA","GGCCGGTCGCAGTGGCTCACGTCTGTAATCCCAGCACTTCGGGAGGCTAAGGAGGGTGAATCACCTGAGGTCAGGAGTTTGAGACCAGCCTGACCAACATGGAGAAACCCCATCTCTACTAAAAATACAAAATTAGCCAGGTGTGGTGGCACATTCCTGTAATCCCAGCTACTCAGCAGATTGAGGCAGGTGAATCGCTTGAACCTGGGAGGCGGAGGTCACGGTGAGCCAAGATCGCACCATTGTACTCCAGCCTGGGCAACAAGAGCAAAACTTTGTCTCAGAAAAAAAAAAAAAAGAAAAGAAAAAGAA"
"KN294172v1","2318623","2318933","JH378225","6457829","6458137","36","4139206","GCCAGGCACGGTGGCTCACACCTGTCATCCCAGCACTTTGGGAGGCCAAAGCAGGCAGATCACCTGAGGTCGGGAGTTCGAGACCAGCCTGGCCAACATGGAGAAACCCTGTCTGTACTAAAAAATACAAAATTAGCCATGCGTGATGGTGCATGCCTGTAATCCCAGCTACTTGGGAGGTTGAGGCAGGAGAATCACTTGAACCCGGGAGGCAGAGGTTGTGGTGAGCCGAGATCGCGCTATTGCACTCCAGCCTGGGCAAAAAGAGCAAAACTCTGTGTCAAAAAAATAAAAATAAATAAAATAAAAAA","GGCCGGCGCGGTGGCTCACACGTGTAATCCCAACACTTTGGGAGGCCAAGGCAGGTGGATCACCTGAGGTCAGGAGTTCGAGACCAGCCTGACCAACATGGAGAAACCCTGTCTCTCCTAAAAGTAAAAAATTAGCCAGGCATGGTGGCACATGCCTGTAATCCCAGCTACTCAGGAGGCTGAGGCAGGAGAATTGCTTGAACTCGGGAGGCAGAGGTTGCGGTGAGCCGAGATCGCGCCATTGCACTCCAGCCTGGGTAACAAGAGCAAAACTCTGTCTCAAAAAATAAAAAAATAAAAAAATAAAAA"
"KN294172v1","2325657","2325972","JH378111","20603266","20603567","44","18277609","GGCCAGATGCAATGGCTCACACCTGTAATCCCAGCACTTTGGGAGGCCGAGGCGAGTGGATCACCTGAGGTCGGGAGTTCAAGATCAGCCTGACCAACATGAAGAAACCCTGTCTCTGTCTCTACTAAAAATACAAAATTAGCCGGGCATCATGGTGCATGCCTGTAATCCCAGCTACTCGGGAAGCCGAGGCAGGAGAATCCCTTGAACACGGGAGGCGGAGGTTGTGGTGAGCCGAGATCACGCCATTGCACTCTAGCCTGGGCGATAAGAGTGAAACTCTGTCTCAAAAAATAAATAAATAAATAAAATAAAA","GGCCAGGCGCAGTGGCTCACACCTGTAATCCCAGCACTTTGGGAGGACAAGGCAGGTGGATCACCTGAGTTGGGAGTTCAAGACCAGCCTGACCAACATAGAGAAACCCTGTCTCTACTAAGAATACAAAATTAGCCAGGCATGGTAGTGCTTGCCTGTAATCCCAGCTACTCAGGAAGCCGAGGCAGGAGAATCACTTGAACCCGGGAGGTGGAGGTTGCGGTGAGACGAGATTGCGCCATTGCACTGCAGCCTGGGCAACAAGAGTGAAACTCTGTCTCAAAAAAAAAAAAAAAAAGAAA"
"KN294172v1","2342653","2342953","JH378110","29407125","29407428","38","27064472","GTGGTGGCTCATGCCTGTAATCCCAGCACTTTGGGAGGCCGAGGTGGGAGGATCACCTGGGGTCAGGAGTTCATGACCAGCTGGGTCAACATGGAGAAACCTCGTCTCTACAAAAAATACAAAAATTAGCCGGGCGTGGTGGCGCATGCCCATAATCCCAGCTACTCAGGAGGCTGAGGCAGGAGAATCACTTGAACCTGGGAGGCGGAGGTTGCGGAGAGCTGAGATTGCGCCATTGCCCTCCAGCCTGGGCAACAAGAGCAAAACTCCGTCTCAAAAAATAATAAAAATAAAAATAAAA","GGCTGGGCGTGGTGGCTGACGCCTGTAATCCCAGCACTTTGGGAGGCCGAGGTGGGTGGATCACCTGAGGTCAGGAGTTTGAGACCAGCCTGGCCAACATGGAGAAACCTCATCTCTAAAAAAATAACAAAATTAGCCGGGCGTGGTGGCGTATGCCTGTAATCCCAGCTACTCAGGAGGCTGAGGCAGGAGAATCACTTGAACCTGGGAAGCGGAGGTTGTGGTAAGCTGAGATTGCACCATTGCACTACAGCCTGGGCAACAAGAGCGAAACTCTGTCTCAAAAATAATAAAAATAAAAAAA"
"KN294172v1","2365391","2365691","JH378125","16439402","16439702","41","14074011","GGCCGGGAGCGGGGGCTCACGCCTGTCATCCCAGCACCTTGGGAGGCCGAGGCGGGTGGATCACCTGAGGTCAGGAGTTCGACACCAGCCTGACCAACATGGGGAAACCCCATCTCTACTAAAAATACAAAAAAAAAAAATAGCTAGGCATGGTGGCACATGCCTGTAATCCCAGCTACTCAGGAGGCTGAGGGAGGAAAAGCGCTTGAACCCAGGAGGTGGAGGTTGCAGTGAGCCGAGCTCGCCCTATTGCCGCCTAGGCAACAAGGGCGAAACTCTCTCTCAAAAAAAAAAAAAAAGA","GCCGGGCGCGGTGGCTCAAGCCTGTAATCCCAGCACTTTGGGAGGCCGAGGCGGGTGGATCACGAGGTCGAGAGATCGAGACCATCCTGGTCAACATGGTGAAACCCCGTCTCTACTAAAAATACAAAAAAAAATTAGCTGGGCATGGTGGCACATGCCTGTAATCCCAGCTACTCAGGAGGCTGAGGCAGGAGAATTGCTTGAACCCAGGAGGCGGAGGTTGCGGTGAGCCGAGATCGCGCCATTGCACTCCAGCCTGGGTAACAAGAGCGAAACTCCGTCTCAAAAAAAAAAAAAAAAA"
"KN294172v1","2382434","2382742","JH378167","5351158","5351469","31","2968724","GCCAGGTGCGGTGGCTCGCACCTGTAATCCCAGCACTTCAGGAGGCTGAGGCAGGTGGTTCACCTGAGGTTGGGAGTTCGAGACCAGCCTGAGCAACATAGAGAAACCCTGTCTCTACTAAAAATACAAAATTACATGGGTGTGTTGGTGCATGCCTGTGATCCCAGCTACTTGGGAGGCTGAGGCAGGAGAATCGCTTGAACCCGGGAGGCGGAGGTTGCAGTGAGCTGAGATTGCGCCATTCACTCCAGCCTGGGCAACAAGAGCAAAACTCCATCTCAAAAAAAAAAAAAAAAAAAAAAAAAAAAA","GGCCCAGCGCGGTGGCTCACGCCTGTAATCCCAGCACTTTGGGAGGCTGAGGCGGGAGGATCACCTGAGGTTGGGAGTTCGAGACCAGCCTGACCAACATGGAGAAACCCCGTCTCTACTAAAAATACAGAATTAGCCGGGTATGGTGGTGCACGCCTGTAATCCCAGCTACTCGGGAGGCTGAGGCTGGAGAATCGCTTGAACCTGGGAGGTGGAGGTTGCAGTGAGCTGAGATTGTGCTATTGCACTCCAGCCTGGGCAACAAGAGCGAAACTCCATCTCAAAAAAAAAAAAAAAAAAAAAAAAAAAAAA"
"KN294172v1","2415907","2416210","JH378115","28712376","28712673","38","26296469","GGTTGGGCACGGTGGCTCATGGCTGTAATCCCAGCACCTTGGGAGGCCGAGGCAGGCGGATCACCTGAGGTCAGGAGTTTGAGACCAGCCTGACCGATATGGAGAAACTCTGTCTCTACTAAAAATACAAAATTAGATGGGCGTAGCGCTGCACACATGTAATCCCAGCTACTCGGGAGGCTGAGGCAGGAGAATCGCTTGAACCCAGGAGGCGGAGGTTGTGGTGAGCCAAGATCACGCCATTGCACTCCAGCCTGGGCAACATGAGTGAAACTCTGTCTCAAAAAAATGAAAGGAAAGGAAA","GGCTGGGCATGGTGGCTCACGCCTGTAATCCCAGCACTTTGGGAGGCCGAGGCAGGCAGATCACCTGAGGTCAGGAGTTCGAGACCAGCCTGATCAACATGGAGAAACCCCATCTCTACTAAAAATACAAAATTAGCTGGGTGTAGTGGCGCATGCCTGTAATTCCAGCTACTCAGGAGGCTGAGGCAGGAGAATCGCTTGAACCCAGGAGGTGGAGGCTGTGGTGAGCCGAGATGGCGCCATTGCACTCCAGCCTGGGTAACAAGAGAGAAACTCCGTCTCAAAAAAAAAAAAAAAA"
"KN294172v1","2425130","2425440","JH378166","9829459","9829758","46","7404329","GGCCAGGCGCAGTGGCTCACACCTGCAATCCCCAGCACTTTGAGAGGCCAAGGGGGGTGGATCACCTGATGTCAGGAATTTGAGACCAGCCTGACCAACATAGAGAAACCCTGTCTCTACTAAAAATACAAAATGTTTTTAGTAGAACCGGGCGTGGTGGCTCATGCCTGTAATCCCAGCTACTGAGGAGGCTGAGGCAGGAGAATGTCTTGAACACGGGAGGCGGAGGTTGAGATGAGCTGAGCTCCCATCATTGCACTCCAGCCTGGGCAACAAGAGGGAAATTCCATCTCAAAAAAAAAAAAAAAAGA","GGCCAGGTGCAGTGGCTCACATCTGCAATCCCAGCACTTTGGGAGGCTGAGGTGGGCGGATCACCTGACCTCAGGAATTCAAGACCAGCCTGACCAACATGGAGAAGCCCTGTCTCTACTAAAAATACAAAATTAGCCAGGCGTGGTGGCATATACCTGTAATCCCAGCTACTTGAGAGGCTGAGGCAGGAGAATCGCTTGAACCCGGGAGGTGGAGGTTGTGGTGAGCCGAGATTGCACCATTGCACTCCAGCCTGGGCAACAAGAGCGACACTCCATCTCCAAAAAAAAAAAAAAAAA"
"KN294172v1","2431136","2431440","JH378221","1422660","1422963","36","1008476","GACCGGGCGCGGTGGCTCACACCTGTAATCCCAGCACTTTAGGAGGCCCAGGCAGGTGAATCACCTGAGGTCAGGAGTTCAAGACTAGCCTGACCAACATGGAGAAACCCCGTCTCTACTAAAAATATAAAATTAGCTGGGTGTGGCGGCACATGCCAGTAATCCCAGCTACTCAGGAGACTGAGGCAGGAGAATAGCTTGAATGCGGGAGGCAGAGGCTGCAGTGAGCCAAGATAGCGCCATTGCACTCCAGCCTGGGCAACAAGAGCGAAACTCTGTCTCAAAAAATAATAATAATAAATAAA","GGCCGGGCGCGGTGGCTCACACCTGTACTCCCAACACTTTGGGAGGCCAAGGTGAGTGGATCACCTGAGGTCAGGAGTTCAAGACCAGCCTGACCAACATGGAGAAAGCCCGTCTCTACTAAAAATACAAAATTAGCCGGGCGTGGTGGTGCATGCCTGTAATCCCAGCTGCTCTGGAGGCTGAGGCAGAAGAATCCCTTGAATCCGGAAGGCAGAGGTTGCAGTGAGCCGAGATCGCGCCATTACACACCAGCCTGGGCAACAAGAGCGAAACTCTGTCTCAAAAAAAAGAAAAATACAAAAA"
"KN294172v1","2441149","2441430","JH378110","35445538","35445820","33","33004389","GGCCAGGCACAGTGGCTCACGGCTGTAATCCCAGCACTTTGGGAGGCCAAGGTGGGCAGATCACCTGAGGTTGGGAATTTGAGACCAGCCTGGCCAACATGGAGAAACCCTTTCTCTACTAAAAACACAAAATTAGCCAGGCATGGTGGCTCATGCCTGTAATCCCAGCTACTTGGGAGGCTGAGACAGGAGAATCACTTGAACCCCAGAGGCAGAGGTTGCAGTGAGCCAAGATCATGCCATTGCAATCCAACCTGGGCAACAAGAGGGAAACTCCATGTC","GGCCGGGCATGGTAGCTCATGCCTGTAATCCCAGCACTTTGGGAGGCTGAGGTGGGCAGATCACCTTAGGTTGGGAGTTTGAGACCAGCCTGATCAACATGAAGAAACCCTGTCTCTACTGAAAATACAAAATTAGCCGGGCGTGGTGGCACATGCCTGTTATCCCAGCTACTTGGGAGGCTGAGGCAAGAGAATCACTTGAACCCAGGAGACGGAGGTTGTGGTGAGCCAAGATCGTGCCATTGCACTCCAACCTGGGCAACAAGAGCGAAACTCCATCTCA"
"KN294172v1","2458453","2458618","JH378243","3795285","3795447","26","1336832","TGGCCAGACACGGTGGCTTACGCCTGTAATCCCAGCTACTTGGGAGGCTTAGGCAGGAGAATCGCTCGAACCAGGGAGGCAGAGATTGCAGTGAGCCGAGATGGCACTGTTGCACTCCACCCTGGGCAACAAGAGCAAAACTCCATTTCCAAAAAAAAAAAAAAAA","AGCCAGGCGCGGTGGCTCAAGCCTGTAATCCCAGCTACTCGGGAGGCTGAGGCAGGAGAATTGCTCGAACCCAGGAGGCGGAGGTTGTGGTGAGCCGAGATCGTGCCATTGCACTCCAGCCTGGGTAACAAGAGCAAAACTCCGTCTCAAAAAAAAAAAAAAA"
"KN294172v1","2596141","2596451","JH378189","6374622","6374933","39","3778481","GGCCGGCTCAGTGGTTCACGCCTGTAATCCCAACACTTTGGGAGGCCGAGGTGGGTGGATTGCCTGAGGTCAGGAGTTCAAGACCAGCCTGGTCAACATGGCAAAACCCCGTTTCTACTAAAAATATAAAAATTAGCCGGGCATAGTGGCACATGCCTGCAATCCCAGCTACTCAGGAGACTGAGGCAGGAGAATCGCTTGAACCCGGAAGGTGGAAATTGCAGCGAGCCAAGATCACACCATTGCACTACAGCCTGGGCAACAAGAGTGAAACTCCGTCTCAAAAAAAAAAAAAAAAGAAAAAGAAAAAA","GGCCGGGTGCAGTGGCTCACGCCTGTAATCCCAGCACTTTGGGAGGCCGAGGCGGGTGGATCATGAGGTCAAGAGATCGAGACCATCCTGGTCAACATGGCGAAACCCCGTCTCTACTAAAAATATAAAAAATTAGCTGGGCATGGTGGCGCATGCCTGTAATCCCAGCTACTCAGGAGGCTGAGGCAGGAGAATTGCCTGAACCCAGGAGGCAGAGGTTGTGGTGAGCCGAGATCGCACCATTGCACTCCAGCCTGGGTAACAAGAGCGAAACTCCGTCTCAAAAAGAAAAAAAAAAAAGAAAAAGAAAAA"
"KN294172v1","2619441","2619730","JH378206","895500","895790","37","1723941","GGCCAGGCACGGTGGCTCATGCCTGTAATCCCAGCACGTTGGGAGGCCGAATGGGCAGATCACTCGGTTGGGAGTTCGTGACCTGCCTGACCAACATGGAGAAACCCAGTCTCTACTAAAAGTACAAAATCAGCCAGGTGTGGTGGCACACGCCTGTAATCCCAGCTATTCGGGAGGCTGAGGCAGGAGAAGCACTTGAATCCGGGAGGCAGAGGTTGCAGTGAGCCAAGATCGAGCCACTGCACTCCAGCCTCGGCAACAAAAGCAAAACTCCATCTCAAAAAAAAAAA","GGCCAGGCACGGTGGCTCATGCCTGTAATCCCAGCACTTTGGGAGGCCAAGGTGGGCGGATCACCTGAGGTCAGGAGTTCGAAACCAGCCTGATCAACATGGAGAAACCCTGTCTCTACTAAAAATACAAAATCAGCCAGGTGTGGTGGTGCATGCTTGTAATCCCAGCTATTGAGGAGGCTGAGGCAGGAGAATCACTTGAATCTGGGAGGCGGAGGTAGCAGTGAGCCGAGATTGTGCCACTACACTCCAGCCTGGACAACAAGAGCGAAACTCCATTTCAAAAAAAAA"
"KN294172v1","2728448","2728744","JH378176","9743171","9743468","30","7014723","GCTGGGTGCAGTGGCTCACGCCTGTAATCCCAGCACTTTGGGAGGCCGAGGCGAGTGGATCACCTGAGGTCAGGAGTTCGACACCAGCCTGACTAATATGGAGAAACCCTGTCTCTACTAAAAACACAAAATTAGCCAGGCGTGGTGGCGCATGCCTGTAATCCCAGCTACTTGGGAGGCTGAGGCAGGGCACTCGCTTGAACCCGGGAGGTGGAGGTTGCAGTGAGCCGAGATGGTGCCATTGCACTCCAGCCTGGGGAACAAGAGGGAAACTCCATCTCAAAAAAAAAAAAAAAA","GCTAGGTGCAGTGGCTCATGCCTGTAATCCCAGCACTTTGGGAGGCCAAGGCGGACAGATCACCTGAGATCAGGAGTTCAAGACCAGCCTGACCAACATGGAGAAACCCTGTCTCTACAAAAAATACAAAATTAGCCAGGCCTGTGGTGGCACATGCTTGTAATCCCAGCTACTTGGGAGGCCGAGGCAGGAGAATCGTTTGAACCCAGGAGGTGGAGGTTGCAGTGAGCCGAGATTGTGCCATTGCACTCCAGCCTGGGGAACAAGAGCAAAACTCTGTCTCAAAAAAAAAAAAAAA"
"KN294172v1","2760134","2760427","JH378184","4776481","4776779","42","2016347","GGCCGAGCACGGTGGCTCACACCTGTAATCCCAGCATTTTGGGAGGCCTAGGCGGGCGGATCAACAGGTCAGGAGTTCAAAACCTGACCAACATGGTGAAAACCCATCTCTACCAAAAACAAAAATAAGCCGGGCGTGGTGGCGTGCACCTGTAATCCCAGCTACTCGGGAGGCTGAGGCAGGAGAATTGCTTGAATCCAGGAGGTGGAGGTTGCGGTGAGCTGAGATCATGCCATTGCACTCCAGCCTGGGCAGCAAGAATGAAACTCTGTCTCTAAATAAATAAATACAAAA","GGCCGAGCGCGGTGGCTCACGCCTGTAATCCCAGCACTTTGGGAGGCCGAGGCGGGTGGATCACGAGGTCGAGATATCCAGACCATCCTGGTCAACATGGTGAAACCCCGTCTCTATTAAAAATACAAAAATTAGCTGGGCATGGTGGCGCACGCCTGTAATCCCAGCTACTCGGGAGGCTGAGGCAGGAGAATTGCTTGAATCCAGGAGGTGGAGGTTGCGGTGAGCCGAGATCGCGCCATTGCACTCCAGCCTGGGTAACAAGAGTGAAACTCTGTCTCAAAAAAAAAAAAAAGAAA"
"KN294172v1","2783764","2783907","JH378400","27183","27334","24","2756581","GGTGGCGCATACCCATAATCCCAGCTACTCAAGAGGCTGAGGCAGGAGAATCACTTGAACCCAGGAGGCAGAGGTTGCGGTGAGCTGCGTTGCACTCCAGCCTGGGCAACAAAAGCGAAACTCCATCTCAAATGAAAGCAGAAA","GGTGGCGCGTGCCTGTAATCCCAGCTACTCAGGAGGCTGAGGCAGGAGAATTGCCTGAACCCAGGAGGCGGAGGTTGCGGTGAGCCGAGATGGCGCCATTGCACTCCAGCCTGGGTAACAAGAGCGAAACTCCGTCTCAAAAAAAAGAGAAA"
"KN294172v1","2784575","2784847","JH378252","3797717","3797993","45","1013142","TGTAATCCCAGCAGTTTGGAAGGCTGAGGCAGGCGGATCACTTCAGGTCATGAGTTTGAGACCAGCCTGACCAACATGGAGAAACCCTATCTCTACTAAAAATAAAAAATTAGCCAGGGGTGGTGGTGCACGCCTGTAATCCCAGCTACTCGGGAGGCTGAGGCAGGAGAATCACTTGAACCCGGGAGGCAGAGGTTGCTGTGAGGCACATTGCACTTCAGCCTGGGGAACAATAGTGAAGCTCCAGCTCAAAAAATATAAAATAAAATAAAA","AATCCCAGCACTTTGGGAGGCTGAGGCAGGCGGATTACCTGAGGTCAGGAGTTCAAGACCAGCCTGACAAACATGGAGAAACCCCGTCTCTACTAAAAATACAAAATTAGCTGGGCATGGTGGTACATGCCTGTAATCCCAGCTACTCAGGAGGCTGAGGCAGGAGAATCACTTGAACCCAGGAGGTAGAGGTTGTGGTGAGCTGAGATGGCGCCATTGCACTCCAGCTGGGAACAAGAGTGAAACTCCATCTCAAAAAAAAAAAAAGAAAAGAAAA"
"KN294172v1","2795448","2795706","JH378149","2836824","2837076","36","41376","CAGATCACCTGAGGTTGGGGAGTTTGAGACCAGCCTGACCAACATGGAGAAACTCCGCCTCTACTAAAAATATACAAAATTAGCCAGGCATGGTGGCGCACACCTGTAATCCCAGCTACTCAGGAGGCTGAAACAGGAGAATCGCTTGAACCTGGGAGGCAGAGGTTTTGGTGAGCCGAGATGGTGCCACTGCACTCCAGCCTGGGCAACAAGAGCAAAACTCCGTCTCAAAAAAAAAAAAAAAAAGAAAGAAAAAGAA","ATCACCTGAGTTTGGGAGTTCGAGACCAGCCTGACCAACATGGTGAAACCCCATCTCTACTAAAAATACAAAAGAATTAGCCAGGCAGGGTGGTGCATGCCTGTAATCCCAGCTACTCGGGAGGCTGAGGCAGGAGAATCTCTTGAACCCAGGAGGTGGAGGTTGTAGTGAGCCGAGATCACGCCATTGCACTTCAGCCTGGGCAACAAGAGCAAAACTCCATCTCAAAAAAAAAAAAAAAAAAAAAAAAAAA"
"KN294172v1","2870799","2871105","JH378216","6474633","6474943","37","3603834","GGCTGGGTGCGGTGGCTTACGCTTGTAATTTCAGCACTTTGGGAGGCCAAGGTGGGCAGATCACCTAAGGTCTGGAGTTCGAGACTAACCTGACCAACATGGAGAAACCCCATTTCTACTAAAAATACAAAATTAGCCGGGCTTGGTGACAAGGGCCTGTAATCCCAGCTACTTGGGAGGCTGAGGCAGGAGAATCGCTTGAACCGGGGAGGAGAAGGTTGCAGTGAGTTGAGATTGCGTCATTGCACTCCAGCCTGGGCAACAAGAGCGAAACTCTGTCTCAAAAAAAAAAAAAAAAAAAAAAAAA","GGCCAGATGCGATGGCTCATGCCTGTAATCCCAGCACTTTGGGAGGCCGAGGTGGGCAGATCATCTGAGGTTGGGAGTTCGAGACTAGCCTGACCAACATGGAGAAACCCCATCTCTACTAAAAATACAAAATTAGCTGGACGTGGTGGCACATGCCTGTGATCCCAGCTACTAGGGAGGCTGAGGCAGAAGAATCGCTTGAACCCGGGAGGTGGAGGTTGCAGTGAGCTGAGATTGCACCATTGCACTCCAGCCTGGGCAACAAGAGTGAAACTCTGTCTCAAAAAAAATAAAAATAAAAAAGAAAGAAA"
"KN294172v1","2892062","2892333","JH378279","102782","103056","41","2789280","GGCATGGTGGCTCACACCTGTAATCCCAGCACTTTGGAAGGCTGAGGTGGGCAGATCACTTGACGTCGGGAATTCGAGACCAGCCTAATCAACATGGCAAAACCCCGCCTCTACTAAAAATACGAAAATTACCTGGGCATGGTGGCGCACACCTGTAATCCCAGCTAGTCGGGAGGCTGAGGCAGGAGCATCGCTTGAACCTGGGAGGCGGAGGTTGCAGTGTGCTGAGATGGTGCCATTGCACTCCAGCCTGGGTGACGAGAGTGAAACTC","GGCTGGGCGGTGGCTCACACGGGTAATCCCAGCACTTTGGGAGGCTGAGGTGGGTGGATCACCTGAGGTCGGGAGTTCAAGACCAGCCTGACCAACATGGAGAAACCCCATCTCTACTAAAAATACGAAATTAGCCAGGTGTGGTGGCACACGCCTGTAATCCCAGCTACTCGGGAAGCTGAGGCAGGAGAATTGCTTGAACCCAGGAGGCAGAGGTTGCAGTGAGCTGAGATTGTGCCATTGCACTCCAGCCTGGGCAACAAGAGTGAAACTCC"
"KN294172v1","2965902","2966210","JH378142","12979191","12979481","42","10013289","GGCCGGGCGTGGTGGCTCACACCTGTAATCCCAGCACTTTGGGAGGCTGAGGCAGGAGCAGGAGGCTGAGGCAGGAGCATCACCTGAAGTCAGGAGTTTGAGACCAGCCTGACCAACATGGAGAAACCCCGTCTCTACCAAAAATACAAAATTAGCCAGGCGTGGTGGCACATGCCTGTAATCCCAGCTACTCGCGAGGCTGAGACAGGAAATTGCTTGAACCCAGGGGGCAGAGGTTGCGGTGAGCGGAGATTGCACCATTGCACTCCAGCCTGGGCAACAAGAGCAAAACTCAATCTCAAAAAAAAA","GGCCAGGCGCGGTGGCTCACACCTGTAATCCCAGCACTTTGGGAGACCGAGGTGGGCAGATCACCTGAGGTTAGGAGTTTGAGACCAGCCTGACCAACAGAGAGAAACCCCGTCTCTACTAAAAATACAAAATTAGCTGGTCGTGGTGGCGCGTGCCTGTAATCCCAGCTACTCCGGAGGCTGAGGCAGGAGAATTGCTTGAACCCGGGTGGCGGAGGTTGCGGTGAGCGGAGATCGCACCATTGCACTTCAGCCTGGGCAACAAGAGCAAAACTCCGTCTCAAAAAAAAA"
"KN294172v1","3000731","3001030","JH378184","115740","116043","34","2884991","GGCCAGGTGTGGTGGCTCACGCCTGTAATCCCAGCACTTTGGGAGGCTGAGGTGGGCGGATCACCAGAGGTCAGGAGTTTGAGACCAGCCTGGCCAACATGGAGAAACCCCATCTCTACTAAAAATACAAAATTAGCTGGACATGGCGGTGCACACCTGTAATCCCAGCAACTTGAGAGGCTGAGGCAAGAGAATCACTTGAACCCAGGAGGCAGAGGTTGTGGTGAGCTAAGACCCCCCAGCCTGGGCAATAAGAGTGAAACTCCATCTCAAAAAAAAAAAAAAAAAGAAACAAACAAA","GGCCAAGGACGGTGGCTCATGTCTGTAATCCCAGCACTTTGGGAGGCTGAGGTGGGTGGATCACCTGAGGTCAGGAGTTCGAGACCAGCCTGACCAACTTGGAGAAACCCCATCTCTACTAAAAATACAAAATTAGCTGGGCATGGTGGCGCATGCCTGTAATCCCAGCTATTTGGGAGGCTGAGGCAGGAGAATCACTTGAACCCAGGAGGTAGAGGTTGTGGTGAGCCGAGATCACTCTTGCAGCCTGGGCTACAAGAGTGAAACTCCATCTCAAAAAAAAAAAAAAAAAAAAAAAAAAAAA"
"KN294172v1","3016372","3016646","JH378134","16278207","16278478","38","13261835","ATCCCAGCACTTTGGGAGGCCGAGGTGGGAGGATCACCTGAGGTCAGGAGTTTGAGACAGCCTAACCAACATGGAAAAACCCAGTCTCTACTAAAAAAAATACAAAATTAGCTGGGCATGGTGATGCATGCCTGTAATCCCAGCTACTTGGGAGGCTGAAGCAGGAGAATCACTTAAACCTGGGAGGCAGAGGTTGCGGTGAACTGAGATTGTGCTATTACACTCCAGCCTAGGCAATAAGAGTGAATCTCCGTCTCAAAAAAAAACAAAAAAAA","ATCCCAGCACTTTGGGAGGCTGAGGTGGGCAGATCACCTGAGGTCAGGAGTTCAAGACCAGCCTGACCAACATGGAGAAACCCCATCTGTACTAAAAATACAAAAATTAGCTGGGTGTGGTGGTGTATGCCTGTAATCCCAGCTACTCGGGAGGCTGAGGCAGGAGAATCACTTGAACCAGGGAGGTGGAGGTTGCGATGAGCCAAGATTGTGCCACTGCACTCCAGCCTGGGCAATAAGAGCGAAACTCCATCTAAAAAAAAAAAAAAAAA"
"KN294172v1","3242561","3242860","JH378157","13574679","13574975","35","10332118","GGCTGCGCACGGTGGCTCACACCTGTAATCTCAGCACTTTGGGAGGCCGAGGCAGGCGGATCACCTGAGGTTGGGAGTTTGAGACCAGCCTGGCCAACATGGTAAAACCCCGTCTCTACTAAAAATACAAAATTAGCTGGGTGTGGTGGTGCATGCCTGTAATCCCAGCTACTCGGGAGGCTGAGGGAGGAGAATGGCTTGAACCTGGGAGGCGGAGGTGGTTGCAGTGAGCTTGGATCGCTCCATTGCACTCCAGCCTGGGCAAGAAGAGTGAACTCTGTCTCAGAAAAAAAAGAAAAA","GGCTGGGCACGGTGGCTCACGCCTGTAATCCCAGCACTTTGGGAGGCCAAGACAGGCGGATCTCCTGAGGTTGGGAGTTTGAGACCAGCCTGACCAATATGGAGAAACCCCGTCTCTACTGAAAATACAGTATTAGCTGGGTGTGGTGGCACATGCCTGTAATCCCAGCTACTCGGGAGGCTGAGGCAGGAGAATCACTTGAGCCCCGGAGGCGGAGGTTGCAGTAGCTGAGATCCTACCATTGCACTCCAGCCTGGGCAACAAGAGCAAAACTCTGTCTCAAAAAAAAAAAAAAAA"
"KN294172v1","3243775","3244087","JH378149","1546042","1546349","49","1697733","GGCTGGGTGCAGTGGCTCACGCCTGTAATCCCAGCACTTTGGGAGGCCAAGGCGGGCAGATCACCTGAGGTCAGGAGTTCGAGACCAGCCTGGCAACATGGTGAAACCCCCCCCCCCCATCTCTACTAAGAACACATAATGAGCCAGGCATGGTGGCCCACGCCTGTAATCCCAGCTACTCGGGAGGCTGAGGCAGGAGAATTGCTTGAACCTGGGAGGCGTGGGTTACGGTGAGCCAGCGCCATTGCGCTTCAGCCTGGGCAAGAAGAGTGAAACTCTGTCTCAAAATAAAAAAAAAACAAAGAAAAGAAAA","GGCTGGGTGCAGTGGCTCACGCCTGTAATCCCAGCACTTTGGGAAGCCGAGGCGGGCGGATCGCCTGAAGTCAGGAGTTCGAGATCAGCCTGACCAACATGGAGAAACCCCATCTCTACTAAAAACACAAAATTAGCTGGGCATGGTGGCCCATGCCTGTAATCCCAGATACTTGGGAGGCTGAGGCAGGATAATCGCTTGAACCTGGGAGGTGGAGGTTGCGGTGAGCTGAGATCACGCCATTGCACTTCAGCCTGGGCAGCGAGAGAAACTCTGTCCCAAAACAAAAACAAATAAACAAAAAAAAA"
"KN294172v1","3246339","3246641","JH378114","259789","260088","36","2986550","GGCTGGACACGGTGGCTCATGCCTGTAATGCCAGCACTTTGGGAATCCGAAGCGGGTGATCACCTGAGGTCTGGAGTTTGAGACCAGCCTGACCAACATGGAGGAACCCTGTCTCTACTAAAAATACAAAAAAATTAGCTGGGCATGGTGGCACATGCCTGTAATCCCAGCTACTCGGGAGGCTGAGGTGGGAGAATTGCTTGAACCTGGGAGGCGGAGGTTGTGGTGAGCCGAGATCATGCCACTGCACTCCAGCCTGGGCAACAAGAGCAAAACTCCATCTAAAAAAAAAAAAAAGAAAAA","GGCCGGGCGCGGTGGCTCAAGCCTGTAATCCCAGCACTTTGGGAGGCCGAGGCGGGTGGATCACGAGGTCGAGATCGAGACCATCCTGGTCAACATGGTGAAACCCCGTCTCTACTAAAAATACAAAAAATTAGCTGGGCATGGTGGCGTGTGCCTGTAATCCCAGCTACTCAGGAGGCTGAGGCAGGAGAATTGCCTGAACCCAGGAGGCGGAGGTTGCGGTGAGCCGAGATCACGCCATTGCACTCCAGCCTGGGCAACAAGAGCAAAACTCCATCTCAAAAAAAAAAAAAAAAAAAA"
"KN294172v1","3260138","3260435","JH378228","5509057","5509356","34","2248919","GCCGGGCGTGGTGGCTCACGCCTGTAATCCCAGCATTTTGGGAGACTGAGACAGGCAGATTACCTGAGGTCGGGAGTTGGAGACCAGCCTGACCAACATGGAGCAACCCCGTCTCTACTAAAAATACAGAATTAGCCGGGCGTGGTGGGGCATGCCTGTAATCCCAACTACTCAGGAGGCTGAGGCAGAAGCATCACTTGAACCTGGGAGGCAGAGGTTGCAGTGAGCCAAGATCACACCATTGCACTCCAGCCTGGGTGACAACAGCAAAACTCCATCTCAAACAAACAAAAAAAAA","GACCGGGCACAATGGCTCACGCCTGTAATCCCAGCACTTTGGGAGGCTGAGGCAGGCAGATCACCTGAGGTCGGGAGTTCGAGACCAGCCTGACCAACATGGAGAAACCCCATATCTACTAAAAATACAAAATTAGCCGGGTGTGGTGGCACATGCCTGTAATCCCAGCTACTCGGGAGGCTGAGGCAGGAGAATCACTTGAACCCGGGAAGCAGAGGTTGTGGTGAGCCAAGATTACGCCATTGCACTCCAGCCTGGGCAACAAAGAGCGAAACTCCATCTCAAAAAAAAAAAAAAAAA"
"KN294172v1","3260439","3260569","JH378249","3726059","3726189","15","465620","GCCGGGCGTGGTGGCTCACGCCTGTAATCCCAGCATTTTGGGAGACTGAGACAGGCAGATTACCTGAGGTCGGGAGTTGGAGACCAGCCTGACCAACATGGAGCAACCCCGTCTCTACTAAAAATACAGAA","GCTGGGCGTGGTGGCTCATGCCTGTAATCCCAGCACTTTGGGAGGCTGAGGCAGGAGAATCACCTGAGGTCGGGAGTTCGACACCAGCCTGACCAACATGGAGAAACCCCATCTCTATTAAAAATGCAAAA"
"KN294172v1","3291746","3292041","JH378111","20603266","20603567","38","17311520","GGCCAGGCGCAGTGGCTCACCCCTGTAATCCCAGCACTTTGGGAGGCCAAGACGGGTAGATCTTCGGGAGTTCAAGACCAGCCTGACCAACATGGAGAAACCCTGTCTCTACTAAAAATACAAAATTAGCTGGGCATGGTGGCACATGCCTGTAATCCCAGCTATGTGGGAGGCTGAGGCAGGAGAATCACTTGAACCCAGTAGGCGGAGGTTGCGGTGAGCGGAGATCGCGCCACTGCACTCCAGCTTGGGCAACAAGACGGAAACTCTGTCTCAAAAAAAAAAAAAAAAAAAAA","GGCCAGGCGCAGTGGCTCACACCTGTAATCCCAGCACTTTGGGAGGACAAGGCAGGTGGATCACCTGAGTTGGGAGTTCAAGACCAGCCTGACCAACATAGAGAAACCCTGTCTCTACTAAGAATACAAAATTAGCCAGGCATGGTAGTGCTTGCCTGTAATCCCAGCTACTCAGGAAGCCGAGGCAGGAGAATCACTTGAACCCGGGAGGTGGAGGTTGCGGTGAGACGAGATTGCGCCATTGCACTGCAGCCTGGGCAACAAGAGTGAAACTCTGTCTCAAAAAAAAAAAAAAAAAGAAA"
"KN294172v1","3343435","3343596","JH378149","17151869","17152029","23","13808434","TTAGGCTGGCATGGTGGCTCACGCCTGTAATCCCAGCTATTCGGGAGGCTGAGGCAGGAGAATCGCTTGAACCTGGGGTGCAGAGGTTTGCAATGAGCCAAGATCTCACCATTGCGCTCCAGCCTGGGCAACAAGAGCAAAACTTCGTCTCAAAAAAAAAAA","TTGGCTGCACATGGTGGTGCGTGCCTGTAATCCCAGCTACTCGGAGGCTGAGGCAGGAGAATTGCTTGAACCTGGGAGGCGGAGGTTGCAGTGAGCCGAGATCACACCATTGCACTCCAGCCTGGGGAACAAGAGCAAAACTCCTTCTCAACAACAAAAAA"
"KN294172v1","3357627","3357834","JH378183","3443354","3443567","32","85727","CATGGAGAAACCCCATCTCTACCAAAAATACAAACTTAAGCCGGGTGTGGTGGCACATGCCTGTAATCCCAGCTACTTGGGAGGCTGAGGCAGGAGAATCACTTGAACCTGGGAGGCAGAGGTTGCAGTGAGCCGAGATCGCCCCATTGCACTCCAGCCTGGGCAGCTAGAGCAGAACTCCGTCTCAAAACAGAAATCAAAAACAAAA","ATGAAGAAATCCCATCTCTACTAAAAATACAAAATTAGCCAGGCGTGGTGGCATATGCCTGTAATCCCAGCTACTTGGGAGGCTGAGGCAGGATAATCACTTGAACCTGGGAGGGGGAAGTTGCGGTGAGCCGAGATCGCACCATTGCACTCTAGCCTGGGCAACAAGAGCAAAACTCCGTCTCAAAAAAATAACAAAAAAAGAAAGAAGGAAA"
"KN294172v1","3371784","3372086","JH378115","25570507","25570808","38","22198723","GGCTGGGTGCGGTGGTGCACTCCTGTAATCCCAGCACTTTGGGAGGCTGAGGCGGGTGGATCACCTGAGGTCAGGAGTTTGATACCGGCCTGACCAACATGGTGAAACCCCTTCTCTACAAAAACACAAAATTAGCTGCGCTTGGTGGCGCATGCCTGTAATCCCAGCTACTCGGAGGCTGAGGCAGGAGAATTACTTGAACCCAGGAGGCGGAAGTTTGTAGTGAGCCGAGATCGCGGCCACTGCACTCCAGCCTGGGCAACAAGAGCAAAACTCCGTCTGAAAAAAAAAAGAAAAGAAAAA","GGCTGGGCACAGTGGCTCACGCCTGTAATCCCAGCACTTTGGGAGGCTGAGGCAGGCGGATCACCTGAGGTCAGGAGTTCGAGACCAGCCTGACCAACATAGAGAAAGCCTATCTCTACTAAAAATACAAAATTAGCTGGGCATGATGGTGCATGCCTGTAATCCCAGCTACTCAGGAGGCTGAGGCAGGAGAATCACTTGAACCCAGGAGACGGACATTGCAATGAGCCGAGATCGCGCCATTGCACTCCAGCCTGGGCAACAAGAGTGAAACTCTGTCTCAAAAAAAAAAAAAAAAAAAA"
"KN294172v1","3387176","3387456","JH378134","16278207","16278478","40","12891031","AATCCTAGCACTTTGGGAGGCTGAGGTGGGCAGATCACTTGAGGTCAGGAGTTCAAGACCAGCCTGATCAACATAGAGAAACCCTGTCTCTACTAAAAATACAAAATTAGCCGAGCATGGTGGTACATGGCACATGTCTGTAATCCCAGCTATTCAGAAGGCTGAGGCAGGAGAATCACTTGAACCCAGCAGGTGGAGGTTGTGGTGAGCCAAGATTGCGCCACTGCACTCTAGCCTGGGCAGCAACAGCGAAACTCCATCTGAAAAACAACAACAACAAA","ATCCCAGCACTTTGGGAGGCTGAGGTGGGCAGATCACCTGAGGTCAGGAGTTCAAGACCAGCCTGACCAACATGGAGAAACCCCATCTGTACTAAAAATACAAAAATTAGCTGGGTGTGGTGGTGTATGCCTGTAATCCCAGCTACTCGGGAGGCTGAGGCAGGAGAATCACTTGAACCAGGGAGGTGGAGGTTGCGATGAGCCAAGATTGTGCCACTGCACTCCAGCCTGGGCAATAAGAGCGAAACTCCATCTAAAAAAAAAAAAAAAAA"
"KN294172v1","3438684","3438969","JH378153","7392982","7393269","32","3954298","GCTGGGCGCAGTGGCTCATGCCTGCAATCCCAGCACTTTGGGAGGCCGAGGCAGGAGGATCACCTGAGGTCAGGAGTTTGAGACCAGCCTGACCAAAATGGAGAAACCCCGTCTCTGCTAAAAATACAAAAGTAGCCGGGCGTGGTGGTGCATGCCTTAATCCCAGCTACTCGGGAGGCTGAGGCAGGAGAATTGCTTGAACCTGGGAGGCAGAGGTTGCAGAGAGCTGAGATTGTACCATGGCACTCCAGCCAGGGCAACAAGAGCGAAACTCCATCTCAAAAAA","GGCTGGGCACAGTGGCTCATGCCTGTAATCCCAGCACTTTGGGAGGCCAAGGCGGATGGATCACCTGAGGTCAGGAGTTCAAGACCAGCCTAACCAACATGGAGAAACCCCATCTCTACTAAAAATACAAAATTAGCCAGGTGTGGTGGCACATGCCTGTAATCCCAGCTACTCGGGAGGCTGAGGCAGGAGAATCGCTTGAACCCGGGAGGCGGAGGTTGCAGTGAGCCGAGATTGAACCACTGCATTCCAGCCTGGGCAGCAAGAGTGAAACTCTGTCTCAAAAAA"
"KN294172v1","3460321","3460618","JH378157","11471065","11471359","38","8010744","GTGCGGTGGCTCACGCCTGTAATCCCAGCACTTTGGGAGGCCGAGGCTGGTGGATCACCTGAGGTCAGGAGTTCAAGACCAGCCTGACCAACATGGAGAAACTCCATCTCTACTGAAAATACAAAAATTAGCCAGGCATGGCGGTGCATGCCTGTAATCCCAGCTACACGGGTGGCTGAGGCAGAAGAATCGCTTGAACCCAGGAGGCGGAGGTTGTGGTAAGCCAAGATCGCGCCATTGCTCTCCAATCTGGGTAACAAGAGTGAGAGTCTGCCTCAAAAAAGAAAGAAAAGAAAAA","GGTGCGGTGGCTCACACCTATAATCCCAGCACTTTGGGAGGCTGAGGTGGGTGTATCACCTGAGGTCAGGGGTTCAAGACCAGCCTGACCAACATGGAGAAACCCCATCTCTACTAAAAATACAAAATGAGCCAGGCGTGATGGCACATGCCTATAATCCCAGGTACTCGGGAGGCTGAGGCAGGAGAATCACTTGAACCCAGGAGGCGGAGGTTGTGGTGAGCCAGGATCGTGCCATTGCACTCCAGCCTGGGTAGCAAGAGTAACAGTCTGTCTCAAAAAACAAAAAACAAAA"
"KN294172v1","3578385","3578694","JH378118","16720416","16720725","36","13142031","GTCGGGCACAGTGGCTCATGCCTGTAATCCCAGCATTTTGGGAGGCCAAGGTGAGTGGATCACCTGAGGTTGGGAGTTCGAGACCAGCCTGACCAAAATGGAGAAACCCCATCTCTACTAAAAATACAAAATTAGCTGGGCATGGTGGCACATGCCTGTAATCCCAGCTACTCGAGAGGCTGAAGCAGGAGAATCGCCTGAGCCCGGGAGGCAGAGGTTGTGGTGAGCCGAGATGGCACCATTGCACTCCAGCCTAGGCAACAAGAACGAAACTCTGTCTCAAAAAAAAAAGAAAAGAAAGAAAAGAAAA","GGCCAGGCACGGTGGCTCACACCTGTAATCCCAGCACTTTGGAGGCCAAGGCAAGTGGATCACCTGAGGTCGGAAGTTCAAGACCAGCCTGACCAACATGGAGAAACCCCATCTCTACTAAAAATACAAAATTAACTGGGCATGGTGGCACATGCCTGTAATCCCAGCTACTCATGTGGCTGAGGCAGGAGAATCACTTGAACCCGAGAAGCAGAGGTTGTGGTGAGCCAAGACTGCACCATTGCACTCCAGCATGGGCAACAAGAGCGGAAACTCCGTCTCAAAAAAAAAAAAAAAAGAAAGAAAGAAA"
"KN294172v1","3643338","3643636","JH378127","20599184","20599483","43","16955846","GGCCGGGCACGGTGGCTCACGCCTGTAATCCCAGCACTTTGGGAGGCTGAGGCAGGTGGATCACCTGAAGTGAGGAGTTCGAGACCAGCCTGACTAACATGCTGAAACCCTGTCTCTACTAAATACAAAAAATTAGCTGGGCGTGGTGGCGTGCGCCTGTAATCCCAGCTACTTGGAAGACTGAGGCAGGAGAATCGCTTGAGCCAGGGAGGCAGAGGTTGCACTGAGCTGAGATAGTGCCATTGAACTCCAGCCTGGGCAACAAGAGCAAAATTCAAAAGAAAAATGAAAAGAAGGAA","GGCTTGGCACGGTGGCTCACGCCTGTAATTCCAGCACTTCGGGAGGCCGAGGCAGGTGGATCTCCTGAAGTCAGGCGTTCGAGACCAGCCTGACTAACATGGAGAAACCCTGTCTCTACCAAAAATACAAAAAAATTAGCTGGGCGTAGTGGTGCATGCCTGTAATCCCAGCTATTCAGGAGGCTGAGGCAGGAGAATCACTTGAACCCAGGAGGCAGAGGTTGCAGTGAGCTGAGATGGTGCCATTGTACTCCAGCCTGGGCAACAAGAGTGAAACTCCATCACAAAAAAAAAAAAAAA"
"KN294172v1","3649909","3650162","JH378149","1321922","1322177","32","2327987","GGCCAGGCGCAGTGGCTCATGCCTGTTATCCCAGCATTTTGGGAGATCGAGGTGGGCAGATCACCTGAGGTTGGGAGTTTGAGACCAGCCTGAACAACATGGAGAAACTCGGTCTCTACTAAAAATACAAAAAATTAGCCAAGTGTGATGGTGCACACCTGTAATCCCAGCTACTCAGGAGGCTGAGGCAGGAGAATCGCTTGAACCCAGGAGGTGGAGGTTGCAGTGAGCCGAGATCGTGCCATTGCAATCTA","GGCCAGGTGCAGTGGCTCATGCCTGTAATCCCAGCACTTTGGGAGGCCGAGGTGGGCAGATCAGCTGAGGTCGGGAGTTTGAGACCAGCCTGACCAACATGGAGAAACTTCGTCTCTCTTAAAAATACAAAAAATTAGCCAGGTGTGGTGATGTGCGCCTGTAATCCCAGCTACTTGGGAGACTGAGGCAGGAGGATCGCTTGAACCCAGGAGGCTGAGGTTGCAGTGAGTCGAGATTGCGCCATTGCGCTCCAAC"
"KN294172v1","3663094","3663387","JH378207","3169344","3169645","39","493750","GGCTGGGCACAGTGGCTCATACCTGTAATCCCAGAAGTGTGGGAGGCTGAGGCGGATGGATCACCTGAGGTCAGGAGTTCGAGACCAGCCTGACCGACATGGATTCTCTACAAGAAATACAAAATTAGCCAGGCGTGGTGGCACATGCCTGTAATCCCAGCACCTCGGGAGGCTGAGGCAGGAGAATCACTTGAACCTGAGAGGCGGGGGTTGCAGTGAGCCAAGATCATGCCACTGTACTCCAGCCTGGGCAAAAAGAGCAAAACTCCGTCTCAAAAAAAAAAAAAAAAAAAA","GGCTGGGCATGGTGGCTCATACCTGTAATCCCAGCACTTTGGGAGGCTGAGGTAGATGGATCACCTGAGGTCAGGAGTTTGAGACCAGCCTGACCAACATGGAGAAACCTTGTCTCTACTAAAAATACAAAATAAGCCAGGCATGGTGGCACATGCCTGTAATCCCAGATACTCTGGAGGCTGAGGCAGGATAATCACTTGAACCTGGAAGGCGGAGGTTGCAGTGAGCCAAGATCACGCCATTGCACTCCAGCCTGGGCAACAAGAGTGAAACTCTATCTCAGAAAAAAAAAAAAGAAAAA"
"KN294172v1","3666424","3666712","JH378153","7392982","7393269","34","3726558","GGCGGGGCATTGTGCCTCACCCCTATAATCCCAGGACTTTGGGAGACCAAGGCAGGTGGATCACCTGAGGTCAGGAGTTCAAGACCGGCCTGACCCACATGATGAAACCCCATCTCTACTAAAAATACAAAATTAGCCAGGCGTGGTGACGCATGCCTATAATCCCAGCTCCTCAGGAGGCTGAGGCAGGAGAATCGCTTGAACTCGGGAGGCGGAGGTTGCAATGAGCCGAGATTGCGCCACTGCACTCCAGCCTGGGCAATTAGAGAGAAACTCCGACTCAAAAAAA","GGCTGGGCACAGTGGCTCATGCCTGTAATCCCAGCACTTTGGGAGGCCAAGGCGGATGGATCACCTGAGGTCAGGAGTTCAAGACCAGCCTAACCAACATGGAGAAACCCCATCTCTACTAAAAATACAAAATTAGCCAGGTGTGGTGGCACATGCCTGTAATCCCAGCTACTCGGGAGGCTGAGGCAGGAGAATCGCTTGAACCCGGGAGGCGGAGGTTGCAGTGAGCCGAGATTGAACCACTGCATTCCAGCCTGGGCAGCAAGAGTGAAACTCTGTCTCAAAAAA"
"KN294172v1","3674181","3674464","JH378141","12410737","12411017","39","8736556","GACTGGATGTGGTGGTTCATACCTGTAATCCCAGCATTTTGGAAGGCCGAGGTGGGTGGATCACCTGAGGTCAGGAGTTCAAGACCAGCCTGACCAATATGGAGAAACTCTGTCTCTACTAAAAATACAAAATTAGCCAGGTGTGGTGGCGCATGCCTGTAATCGCAGCTACTCAGGAGGCTGAGATGGGAGAATTGTTTGAACCCGGAAGGCGGAGGTTACAGTGAGCCAAGATCGCACCATTGCACTCCAGCCTGGGCGACAACAAGAGTGAAACCCCGTCT","GGCTGGCTGTGGTGGCTCACACCTGTAATCCCAACACTTTGGGAGGCCGAGATGGGTGGATCACCTGAGGTCGGGAGTTTGAGACCAGCCTGACCAACATGGAGAAACTCCATCTCTACTAAAAATACAAAATTAGCCAGGTATGGTGGCATGCACCTGTAATCCCAGCTACTCAGGAAGTTGAGGCAGGAGAATCGCTTGAACCCAGGAGGTGGAGGTTGCAGTGAGCCAAGATCGCACCACTGCATTCCAGCCTGGGTGACAAGAGTGAAACTCCATCT"
"KN294172v1","3704971","3705148","JH378142","2923864","2924040","24","781107","TAGCCAGGCGTGGTGGCTTATGCCTGGAATTCCAGCTACTCAGGAGGCTGAGGCAGGAAAATCGCTTGAACCCGGGAGGCGGAGGTTGCAGTGAGCCGAGATTGCGCCACTACACTCCAGCCTGGGCAACAAGAGCGAAATTCCATCTCAAAAAAAATTATAATAAAAAAATAAAAAA","GCCGGGCGCGGTGGCTCAAGCCTGTAATCCCAGCTACTCAGGAGGCTGAGGCAGGAGAATTGCCTGAACCCAGGAGGCGGAGGTTGCAGTGAGCCGAGATCGCGCCATTGCACTCCAGCCTGGGTAACAAGAGCGAAACTCCGTCTCAAAAAAAAAAAAAAAAAAAAAAAAAAAAAA"
"KN294172v1","3711401","3711698","JH378234","3485864","3486157","41","225537","GGCCGGGCACGGTGGCTCGCACTTGTAATCCCAGCACTCTGGGAGGCCAAGGCGGGTGGATCACCTGAGGTCAGGAGTTCAAGACCAGCCTGACCAACATGGCAAAACCCTCTCTCTACTAAAACTGCAAAAATTAGCTGGGCACATACCTGTAATCCCAGCTACTTGGGAGGCTGAGGTAGGAGGATTGCTTGAACCTGGGAGGCGGAGGTTGCAGTGAGCCAAGATCACACCATTGCACTCCAGCCCGGGCGACAAGAGTGAAACTCCATCTCAAAAACAAACAAAAATAACAAGA","GGCCGGGCACGGTGGCTCACGCCTGTAATCCTGGCACTTTGGGAAGCCGAGGCAGGTGGATCACCTGAGGTTGGGAGTTCGAGACCAGCCTGACCAACATGGAGAAACCCCGTCTCTACTACAAATACAAAAAATTAGCTGGCACGTGCCTATAATCCCAGCTACTCAGGAGGCTGAGGCAGGAGAACTGCCTGAACCCAGGAGGCGGAGGTTGCAGTGAGCCAAGATCGTGCCATTGCACTCCAGCCCGGGCAACAAGAGTGAAACTCCATCTCAAAACAAACAAACAAAAAA"
"KN294172v1","3798764","3799048","JH378148","14010669","14010956","30","10211905","GGCCAGGCACGGTGGCTCATGCCTGTAATCCCAGCACTCTAGGAGGCCGAGGCAGGCGGATCGCCTGAGGTCGGGAGTTCGAGAGCAGCCTGGCCAACATGCAGAAACCCTGTCTCTACTAAAAATACAAAATTAGCCGTGTGTGGTGGCACATGCCTGTAGTCCCAGCTACCTGGAAGCTGAGGCAGGAGAATCGCTTGAACCCAGGAGGCAGAGGTTGCAGTGAGCCGAGATCGTGCCATTGCACTCCAACCTGGGCAACAAGAGTGAAACTCCATCTCAAAA","GGCCAGGAGTGGTGGCTCATGCCTGTAATCCCAGCACACTGGAAGGCTGAGGCAGGCAGATCACCTGAGTTCGGGAGTTTGAGACCAGCCTGACAAACATGGAGAAACCCTGTCTCTACTAAAAATACAAAATTAGCCAGGCGTGGTGGCACATGCCTGTAATCCCAGCTACTTGGGAGGCTGAGGCAGGAGAATTGCTTGAACCCAGGAGGCAGAGGTTGCAGTGAGCCGAGATCATGCCACTGCACTCCCACCTGGGCCACAAGAGCGAAACTCCATCTCGAAAAA"
"KN294172v1","3839666","3839974","JH378116","11181268","11181574","53","7341602","GGCCAGGAGCAGTGGTTGTAATCCCAGCATTTTGGGAAGCCAAGGAAGGCGAATCACCTGAGGTCAGGAGTTTGAGACCAGCCTGACCAACATGAGGAAATCGCATCTCCACTAAAAATACAAAAAAAAATTAACCAGGCGTGGTGGCATGCACCTGTAACCCCAGCTACTTGGGAGGCTGAGGCAGGAGAATTGCTTGAACCCAGAAGGAGGAGGTTGCAGTGAGCCAAGATCGCACCATTACACTCCAACCTGGGCAACAAGAGGGAAACTCCCTCTCAAAAAAAACAACCAAAAAAAAAAACAAAA","GGCTGGGCGCAGTGGCTCACACCTGTAATCCCAGCACTTTGGGAAGCAGAGACAGGCAGATCACCTGAGGTCAGGAGTTTGAGACCAGCCTGACCAACATGGAGAAATCCCATCTCTACTAAAAATAAAAAATTAGCCAGGCATGGTGACACATGCCTGTAATTCCAGCTACTTGGGAGGCTGAGGCAGGAGAATTGCTTGAACCCAAGAGTTGGAGGTTGCGGTGAGCTGAGATCGCGCCATTGCACTCCAGCCTGGGCAACAAGAGCAAAACTCTGTCTCAAAAAAAAAAAAAAAAAAAAAAAAA"
"KN294172v1","3845224","3845525","JH378252","2258209","2258513","47","1587015","GGCCAGGTGCAATGGCACATGCCTGTCATCCCAGCACTTTGGGAAGCCGAGGTGTGTGGATCACCTAAGGTCAGGAGTTTGAGACCAGCCTGACATGGTGAAACTCCATCTCTACTAAATACAAAAAATTAGCCAGGCATGGTGGCACACACCTGTAGCCCCAGCTACTTGGGAGGCTGAGGCAGGAGAATCACTTGAACCCAGGAGGCGGAGGTTGCAGTGAGCCGAGACTGCACCATTGCACTCCATCCCACCTGGGCAACAAGAGCAAAACTCCGTCTCTAAATAAATAAATAAATAAA","GGCCCAATGCAGTGGCTCATTCCTGTAATCTCAACACTTTGGGAGGCCAAGGTGGGTGGATCACCTGAGGTCAGGAGTTTGAGACCAGCCTGACCAACATGGAGAAACTGCATCTCTACTAAAAATACAAAAATTAGCCAGGTATGGTGGCACATGCCTGTAATCCCAGCTACTTGGGAGGCTGAGGCAGGAGAATCACTTGAACCCGGGAGGCAGAGGTTGCAGTGAGCAGAGATTGCACCTTGCACTTCAGCCTGGGCAACAAGAGCAAAACTCCATCTCAAAAACAACAGAAAAAGAAGAAA"
"KN294172v1","3891427","3891729","JH378320","58622","58932","43","3832805","GGGCCAGGTGGCTCATGCCTGTAATCCCAGCACTTTGGGAGGCCGAGGCGGGCGGATCACCTTGGGTCGAGAGTTCGAGACCAGCCTGACCAACATGGGGAAATCCGTTCCTACTAAAAATACAAAATTAGCCGGGCGTGGTGGCGCGTGCCTGTAATCCCAGCTACTCGGGAAGCTGAGAGAGGCAAATCAGTTGAACCCGGGAGGCGGAGGTTGCGGTGAGCCCAGATCTTGCTATTGCACTGCAGCCTGGGCAACAAGAGCGAAACGATCTCAAAAATTAAATAATAATAAAAAAGAAAA","GCCGGGCGCGGTGGCTCAAGCCTGTAATCCCAGCACTTTGGGAGGCCAAGGCGGGCGGATCACCTGAAGTCAGGAGTTCGAGACCAGCCTGACCAACATGGAGAAATCCCATTTCTACTAAACATACAAAATTAGCCGGGTGTGGTGGCGCGTGCCTGTAATCCCAGCTACTCAGGAGGCTGAGGCAGGAGAATCACTTGAACCCAGGAGGCGGAGGTTGCGGTGAGCCGAGATCCCGCCATTGCACTCCAGCCTGGGTAACAAGAGCGAAACTCCGTCTCAAAAAAAAAAAAAAAAAAGAAAAAAGAAAA"
"KN294172v1","3892227","3892384","JH378105","36101051","36101213","33","32208824","TTAGGCCAGTGCAGTGGCTCACGCCTGTAATCCTAGCACTTTGGGAGGCCAAGGTGGATGAACCTGGGAGGTGGAGGTTGCAGTGAGCCCAGATCGAGACACTGCACTCCAGCCTAGGCAACAAGAGCAAAACTCCGTCTCAAAAGAAAAAAAAAAAA","GCCAGGTGCAGTGGCTCATGCTTGTAATCCCAGCTACTTGGGAGGCTGAGGCAGGAGAATTGCTTGAAACTGGGAGGTGGAGGTTGCAGTGAGCTGAGATCATGACATTGCACTCCAGCCTAGGCAACAAGAGCAAAACTCCATCTTAAAACAAAACAAAAAA"
"KN294172v1","3927558","3927864","JH378149","2213704","2214010","32","1713854","GGCCAGGCACTGTGGCTCACACCTGTAATCCCAGCGCTTTGGGAGGCCGAGGCAGGCAGATCATCTGAGGTCAGGAGTTCGAGACCAGCCTGACCAACATGGAGAAACCTTGTCTCTACTAAAAATACAAAATTAGCTGGGCATGGTGGCGCATGCCTGTAATCCCAGCTACTAGGGAGGCTGAAGCAGGAGAATCACTTGAACCCGGGAGGCAGAGGTTGCCGGGAGCCAAGATTGCGCCATTGCACTCCAGCCTGGGCAACAAGAGTGAAACTCCGTCTCAAGGAAAAAAAAAAAAATTCAAAAA","GCCAAGCACGGTGGCTCACACCTGTAATCCCAGCACTTCAGGAAGCTGAGGCAGGTAGATCATCTGAGGTCAGGAGTTCAAGACCAGCCTGACCAACATGGAGAAACCCTGTCTCTGCTAAAAATACAAAATTAGCCAGGTGTGGTGGCGCATGCCTGTAATCCCGGCTACTCAGGAGGCTGAGGCAGGAGAATCACTTGAACCCGGGAGGCGGAGGTTTTGGTGAGCCAAGATTGTGCCATTGCACTCCAGCCTGGGCAACAAGAGTGAAACTCCGTCTCAAAAAAAAAAAAACAAAATAAATAAA"
"KN294172v1","3935575","3935844","JH378276","837127","837400","44","3098448","GCCAGGCGCGGTGGCGCACGCCTGTAATCCCAGCACTTGGGGAGGCCGAGGCAGGCAGATCACCTGAGGTTGGGAGGTCGAGACCAGCCTAACCAACATGGAGAAACCTCATGTCTACTAAAAACACAAAATTAGCTGGGTGTGGTGGCACATGCCTGTAGTCCCAACTACTTAGGAGCCTGAGGCAGGAGAATCACTTGTAGAGGTTGTGGTGAACTGAGGTCGCGCCATTGCACTCCAGCCTGGGAGACAAGAGCAAAACTCCGTCTC","GCCAGGCACGGTGGCTCACGCCTGTAATCCCAGCACTTTGGGGGGTTGAGGTGGGCAGATTACCTGAGGTTGGGAGTTCGAGACCAGCCTGGCCAACATGGAGAAACCCCATCTCTACTAAAAATACAAAAATTAGCTGCGCATGGTGGCACATGTCTGTAATCCCAGCTACTTGGGAGGTTGAGGCACTGGAACCCAGGAGGCGGAGGTTGCGGTGAACTGAGATCACGCCATTGCACTCCAGCCTGGGCAACAAGAGCAAAACTCAATCTCA"
"KN294172v1","3942132","3942432","JH378115","28712376","28712673","47","24770244","GGCTGGACGTAGTGGCTCACGCCTGTAATCCCAGCACCTTGGGAGGCCGAGGCAGGCGGAACACCTGAGGTCAGGAGTTGTCCACCAGCCTGATCAACATGGAGAAAACCCATCTGTATAAAAACACAAAATTAGCCAGGCGTAGTGGCGCATGCCTGTAATCCCGGCTACTCGGGAGACTGAGGCAGAATAATGCTTGAAGCCGGGAGGCAGAGGTTGCGGTGAGCCAAGATCAAGCCATTGCACTCCAACCTGGGCAACTTGGCAACAAGAGTGAAACTCCGTCTAAAAAAAAAAAAAA","GGCTGGGCATGGTGGCTCACGCCTGTAATCCCAGCACTTTGGGAGGCCGAGGCAGGCAGATCACCTGAGGTCAGGAGTTCGAGACCAGCCTGATCAACATGGAGAAACCCCATCTCTACTAAAAATACAAAATTAGCTGGGTGTAGTGGCGCATGCCTGTAATTCCAGCTACTCAGGAGGCTGAGGCAGGAGAATCGCTTGAACCCAGGAGGTGGAGGCTGTGGTGAGCCGAGATGGCGCCATTGCACTCCAGCCTGGGTAACAAGAGAGAAACTCCGTCTCAAAAAAAAAAAAAAAA"
"KN294172v1","3947184","3947478","JH378211","2223546","2223840","46","1723638","GGCTGGACAAGGTGGCTCACGCCTATAATCCCAGTACTTCAGGAGACTGCAGTGGGTGGATCACCTGAGGTCGGGAATTCGAGACCAGCCTGACCAACATGGAGAAACCCCGTCTCTACTTAAAAAAAAAAAATTGCTGGGCGTGATGGCAGGCGCTGTAATCCCAGCTACACGGGAGGCTGAGGCAGAAGAATCGCTTCAACCTGGCAGGTGGACGTTGCAGTGAGCTGAGATGGCACCACTGCACTCCAACCTGGGCAACAAGAGCAGAACTCCCTCTCAAAAAAACAAAAAA","GCAGGGCACAGTGGCTCACGCCTGTAATCTCAGTACTTTGGGAGGCTGAGGTGGGTGGATCACCTGAGGCTGGGAGTTGGAGACCAGCCTGACCAACATGGAGAAACCCCGTCTCTACTAAAAATACAAAATTAGCTGGGCGTGGTGACACATACCTGTAATCCCAGCTACTCGGGAGGCTGAGGCAGGAGAATCACTTTAACTCGGGAGGTGGATGTTGCAGTGAGCCGAGATTGCACCACTGCACTCCAGCCTGGGCAACAAGAGTGAAACTCTGTCTCGAAAGAAAAAAAAA"
"KN294172v1","3947603","3947884","JH378241","315032","315313","42","3632571","GGCAGGGTGCGGTGGCTTAAGCCTGTAATCCCAGCACTTTGGGAGGCTGTCGTGGGTGGATGACCTGAAGTCAGGAGTTGGAGAGCAGCCTGACCAACAAGGTGAAACCCTGTCTCTACTAAAAATACACAATTAGCCGGGTGTGATGGAGCATGCCTGTAATACCAGCTACTTGGAAGGTTGAGGCAGGAGAATCGCTTGAACCAGGGACTGGGAGGTTGCAGTGAGACAAGATCATGCCACTGCACTCCAGCCTGGGCAATAAGAGCAAAACTCCGTCTC","GGCTGGGTGTGGTGGCTCACGCCTGTAATCCCAGCACTTTGGGAGGCTGACGTGGGTGAATCACCTGAGGTCGGGAGTTCAAGACCAGCCTGACCAACACAGTGAAACCCTGTCTCTACTAAAAATACATAATTAGCCGGGCGTGGTGGTGCACGCCTGTAATCCCAGCTACTCGGGAGGCTGAGACAGGAAAATCGCTTGAACCCGGGAGGCAGAAGTTGTGGTGAGCCAAGATTGTGCCATTGCACTGCAGCCTGGGTAACAAGAGCAAACCTCTGTCTC"
"KN294172v1","3954292","3954460","JH378135","5000133","5000302","19","1045841","TTAGCTGGGCATGGTAGCGCATGCCTATAATGCCAGCTACTCGGGAGGCTGAGGTAGGAGAATTGCTTGAACCCAGGAGGCGGAGTCAGCAGTGAGCCAAGATCGCACCATTGCATCCCAGCCTGGGCAACAAGAGCAAACTCCATCTCAAAAACAACAACAACAAAAA","TTAGCTGGGCATGGTGGCGCGTGCCTGTAATCCCAGCTACTCAGGAGGCTGAGGCAGGAGAATTGCCTGAACCCAGGAGGCGGAGGTGCGGTGAGCCAAGATCGCGCCATTGCACTCCAGCCTGGGTAACAAGAGCAAAACTCCATCTCAAAAAAAAACAAAAACAAAAA"
"KN294172v1","3954765","3954895","JH378153","2127454","2127589","19","1827311","GGCCAAGCAGTGTGGCTCACACCTGTAATCCCAGCACTTTGGAAGGCCAAGACGGGTGGATCACCTGAGGTCAGGAGTTCGAGGTCAGCCGGACCAATGGAAACCCCGTCTCTACTAAAAATACAAAATTA","GGCCGGGCACGGTGGCTCACACCTGTAATCCCAGCACTTTGGGAGGCCAAGGTGGGCAGATCACCTGAGGTCGGGAGTTCCAGGCCAGCCTGACCAACATGGAGAAACCCCATCTCTACTAAAAATACAAAAATTA"
"KN294172v1","3982002","3982316","JH378137","4012884","4013190","39","30882","GGCTGGGCGTGGTGGCTCACGCCTGTAATCCCAGGACTTTGAGAGGCCAAGATGGACGGATCACTTGAGGTCAGGAGTTCGAGACCAGCCTGACCAACATGGAGAAACCCTGTCTCTACTAAAAATACAAAATTAGCCAGGCATGGTGGCTCATGCCTGTAATCCCAGCTACTCTGCAGGCTGAGGCGGAAGAATCGCTTAAACCCAGGAGGTAGAAGTTGTGGTGAGCCAAGATGGTGCCATTGCACTCCAGCCTGGGCAACAAGAGTGAAATTCCATCTCAAAAAACAAACAAACAAAAAACACACAAAAAAA","CTGGGCACGGTGGCTCATGCCTGTAATCCAGCACTTTGGGAGGCCGAGGCAGGTGAATCACTTGAGGTCAGGAGTTCAAGACCAGCCTGACCAACATGGAGAAACCTTGTCTCTACTAAAAATACAAAATTAGCCAGGCATGGTGGCGCATGCCTGTAATCCCAGCTACTCAGGAGGCTGAGGTGGAGAATCGCTTGAACCCAGGAGGCGGAGGTTGCAGTAAGCCAAGATTGCGCCATTGCACTCCAGCCTGGGCAACAAGAGTGAAACTCCATCTCAAAAACAAAACAAAACAAAACAAAAAAAA"
"KN294172v1","3991141","3991405","JH378197","5244832","5245109","34","1253691","CTTTGGGAGGCCGAGGCGGGCGGATCACCTGAGGTTGGGAGTTCGAGACCAGCCTGACCAACATGGAGAAACCCCATCTCTACTAAAAATACAAAATTAGCCGGGCGTGGTGGTGCATGCTTGTAATCCCAGCTACTCTGGAGGCAGTAGAATCGCTTGAACCCAGGAGGCAGAGGTTGCCGTGAGCCGAGATCGCGCCATTGTGCTCCAGCTTGGGCAATAAGAGCGAAACTCTGTCTCAAAAAAAAAAAAAAAAAAAAAAAAA","CACTTTGGGAGGCCGAGGCAGGTGGATCACCTGAGGTTGGGAGTTTGAGACCAGCCTGACTAACATGGAGAAACCCCATCTCTACTAAAAATACAAAATTAGCCGGGCATGGTGGTGCATGCTTGTAATCTTGGCTACTCGGGAGGCTGGGGTAGGAGAATTGCTTGAACCCGGGAGGCGGAGGTTGCAGTGAGCCGAGATCGCGCCATTGCATTCCAGCCTGGGCAACAAGAACCAAACTCTGTCTCAAAAAAAAAAAAAAAAAAAAAAAAAAAAAA"
"KN294172v1","4003523","4003822","JH378116","28869529","28869826","37","24866006","GGCTAGGTGCGACGGTTCATGCCTATAATCCCAACACTTTGGGAGGCCGAGGCGGGTGGATCACTTGAGGTTAGGAGTTCAAGAAGAGCCTGACCAAGATGGAGAAACCCCATCCGTCTCTACTAAAAATACAAAATTAGTCAGGCGTGGTGGCACATGCCTGTAATCCCAACTACTTGGGAGGCTGAGGCAGGAGAATCGCTTGAACCCGGGAGACAGAGGTTGTGGTGAACCAGGATCACACCATTGCACTCCAGCCTGGGCAACAAGAGCGAAACTCCGTCTAAAAAAAAAAAAAAA","GGCTGAGCATGGTGGCTCAGCCTGTAATCTCAGCACTTTGGGAGGCCGAGGCGGGTGGATCACCTGAGGTTGGGAGTTCAAGACCAGCCTGACCAACATGGAGAAATGCTGTCTCTACTAAAAATACAAAATTAGCCAGGCGTGGTGGCACATGCCTGAAATCCCAGCTACTCGGGAGGCTGAGGCAGGAGAATCGCTTGAACCTGGGAGGCAGAGGTTGTGGTGAGCTGAGATCACACCATTGCACTCCAGCCTGGGCAACAAGAGCAAAACTCCATCTCCAAAAAAAAAAAAGAAA"
"KN294172v1","4020855","4021153","JH378122","10686670","10686967","33","6665815","GGCTGGGCGTGGTGCCTCACGCCTGTAATCCCAGCACTTTGGGAGGCCGAGGTGGGCGGATCACCTGAGGTCAGGAGTTCGAGACCAGCCTGACCAACATGGAGAAACCCCATGTCTACTAAAAATGCAGAATTAGCCGGGCGTGGTGGTGCTCACACCTGTAATCCCAGCTACTCGGGAGGCTGAGGAAGGAGAATTGCTTGAAACCAGGAGGCGGAGGTTGTGGTGAGCCGAGATCGGGCTGTTGCACTCCAGCCTAGGCAACAAGAGCAAAACTCTGTCTCAAAAAAAAAAAAAAA","GGCCGGGCATGGTGGCTCATGCTTGTAATCCCAGCACTTTGAGAGGCCAAGGTGGGCGGATCACCTGAGGTCGGGAGTTCGAGACCGGCCTGACCAACATGGAGAAACCCCATCTCTACTAAAAATACAAAATTAGCTGAGTATGGTGGTGCATGCCTGTAATCCCAGCTACTCGGGAGGCTGAGGCAGGAGAATTGTTTGAACCGGGAGGTGGAGGTTGCGGTGAGCCAAGATCGCGCTATTGCACTCCAGCCTGGGCAACAAGAGTAAAACTCTGTCTCAAAAAAGAAAAGAAAAA"
"KN294172v1","4034528","4034825","JH378220","2784017","2784313","35","1250511","GACCAGGCACAGTGGCTCACGCCTGTAATCCCAGCACTTTGGGTGGCCGAGGCGGGCAGGTCATCTGAGGTCGTGAGTTCAAGACCAGCCTGACCAAGATGGAGAAACCCTGTCTCTACTAAAAATACAAAATTAGCCCAGCGTGGTGGTACATGCCTGTAATGCCAGCTACTTGGGAGGCTGAGGGAAGAGAAACGCTCGAATCTGGGAGGCAGAGGTTGCGGTGAGACAAGATCATGCCATTGCACTCCAGCCTGGGCAACAAGAGTGAAACTCCGTCTCAAAAAAAAAAAAAAAA","GGCCAGGCGCAGTGGCTCACACCTGTAATCCCAGCACTTTGGGAGGCCGAGGCAGGCGGATCACCTGAGGTCGGGAGTTCGAGACCAGCCTGACCAAAATGGAGAAACCCCGTCTCTACTTAAAAACAAAATTAGCAGGGCTTGGTGGTGCATGCCTGTAATCCCAGCTATCTGGGAGGCTGAGGCAGGAGAATCACTTGAACCTGGGAGGCAGAGGTTGCAGTGAGCCGAGATCATGCCATTGCACTCCAGCCTGGGCAACAAGAGCAAAACTCTGTCTCAAAAAAATAAAAAAAA"
"KN294172v1","4053015","4053291","JH378118","19174017","19174293","43","15121002","CCGAGGCGGGTGGATCACCTGAGATTGGGAGGTCAAGACCAGCCTGACCAACATGGAGAAACCCCGTCTCTACTAAAAATACAAAAATTAGCCAGGCACGGTGGCGCACGCCTGTAATCCCAGTTACTCGAGAGGCTGAGGCAGGAGAATCACTTGAACCTGGGAGGCGGAGGTTGCGGTGAGCTGAGATCGCACCATTGCACTCCAGCCTAGGCAAAAAGAGCGAAACTCCGTCTCAACAAAAAAAAAAAAAAAAAAAAAAAAAGAAAAGAAAAAA","GAGACAGATGAAACACCTGAGGTTGGGAGTTCAAGACCAGCGTGACCAACACAGAGAAACCCCGTCTCTATTAAAAATACAAAATTAGCCAGGTGTGGTGGCACATGCCTGTAATCCCAGTTATCTGAGAGGCTGAGGCAGGAGAATCAGTTGAACCCGGGAGGTGGAGGTTGCATTGAGCCGAGATCGCACCACTGCACTCTAGTCTAGGCAACAAGAGTGAAACTCTGTCTCAAAAATAAATAAATAAATAAATAAATAAATAAAAGAAAAAATA"
"KN294172v1","4107255","4107566","JH378225","6457829","6458137","38","2350574","GACTGAGCACGGTGGCTCACACCTGTAATCCCAGCACTTTGGGAGGCCAGGGCAAGCGAATCACCGGAGGTCAGGAGTTCGAGACCAGCCTGACCAACATGGTGAAACCCCGTCTCTACTAAAAATACAAAATTAGCCAGGCGTGGGGGCGCATGCCTGTAATCCCAGCTACTCAGGAGGTTGAGGCAGTAGAATTGCTTGAACCTGGGAGGCGGAGGTTGCAGTGAGCTGAGATCGCACCATTGCACTCCAGACTGGGCAACAAGAGCGAAATTCGGTCTCAAAAATAAATAAATAAATAATAAAATAAAA","GGCCGGCGCGGTGGCTCACACGTGTAATCCCAACACTTTGGGAGGCCAAGGCAGGTGGATCACCTGAGGTCAGGAGTTCGAGACCAGCCTGACCAACATGGAGAAACCCTGTCTCTCCTAAAAGTAAAAAATTAGCCAGGCATGGTGGCACATGCCTGTAATCCCAGCTACTCAGGAGGCTGAGGCAGGAGAATTGCTTGAACTCGGGAGGCAGAGGTTGCGGTGAGCCGAGATCGCGCCATTGCACTCCAGCCTGGGTAACAAGAGCAAAACTCTGTCTCAAAAAATAAAAAAATAAAAAAATAAAAA"
"KN294172v1","4121914","4122212","JH378118","1390919","1391217","37","2730995","GCCGGGCACAGTGGCTCGCGCCTGTAATCCCAGCACTTTGGGAGGCCAAGGCGGCCAGATCACCTGAGGTCAGGAGTTCGAGGCCAGCCTGACCAAGACAGAGAAATCCCGTCTCTACTAAAAATAAAATTAGCCAAGTGTGGTGGCGCATGCCTGTAATCCCAGCTACTAGGGAGGCTGAGGCAGGAGAATCGCTCGAACCCAGGAGGTGGAGGTTGCAGTGAGCCTAGATCATGCCATTGCATTCCAGCCTGGGCAACAAGAGCAAAACTCCATCTCAAAAAAAAAAGAGACAATAA","GCAGGGCACGGTGGCTCACGCCTGTAATCCCAGCACTTTGAGAGGCCAAGGCGGGCGGATCACCTGAGGTCAGGAGTTCAAGACCAGCCTGACCAACATGGAGAAACCTTGTCTCTACTAAAAATAAAAAATTAGCCGAGCGTGGTGGTGCATGCCTGTAATCCCAACTACTCGGGAGGCTGAGGCAGGAGAATCGCTTGAACCCAAGAGGCGGAGATTGCAGTGAGCGAGATCGCGCCATTGCACTCCAGCCTGGGCGACAAGAGCAAAACTCCATCTCAAAAAAAACCAAAAACAAA"
"KN294172v1","4146181","4146481","JH378116","28869529","28869826","33","24723348","GGCCAGGCACAGTGGCTCACGCCTGTAATCCCAGCACTTTGGGAGGCTGAGGTGGGCAGATCACCTGAGGTTGGAAGTTCAAGACCAGCCTCACCAACATGGAGAAACCCCGTCTCTACTAAAAATACAAAATTAGCCAGGCGTGGTGGCACATGTCTGTAATCCCAGCTACTTGGGAGGCTGAGGCAGGAGAATCACTTGAACCGAGGAGGCAGAGGTTGTGGTGAGCTGAGATCACACCATTGTACTCCAGCCTGGGCAATGAGAGCGAAATGCTGTCTCAAGAGAAAAAAAAAAGAAA","GGCTGAGCATGGTGGCTCAGCCTGTAATCTCAGCACTTTGGGAGGCCGAGGCGGGTGGATCACCTGAGGTTGGGAGTTCAAGACCAGCCTGACCAACATGGAGAAATGCTGTCTCTACTAAAAATACAAAATTAGCCAGGCGTGGTGGCACATGCCTGAAATCCCAGCTACTCGGGAGGCTGAGGCAGGAGAATCGCTTGAACCTGGGAGGCAGAGGTTGTGGTGAGCTGAGATCACACCATTGCACTCCAGCCTGGGCAACAAGAGCAAAACTCCATCTCCAAAAAAAAAAAAGAAA"
"KN294172v1","4202581","4202884","JH378126","21026752","21027059","37","16824171","GGCCGGACACGGTGGCTCACGCCTGTAATCACAGTACTTTGGGAGGCCAAGGTAGGTGGATCACCTAAGGTCAGGAGTTCAAGACCAATCTGACCAACATGGAGAAACCCTGTCTGCTAAAAATACAAAAATTAACCAGGCGTGGTGACACATGCCTGTTATCCCAGCTACTCGGGAGGCTGGGGCAAGAGAATCGCTTGAACTCAGGAGGTGGAGGTTGCAGTGAGCCAAGATCGTACCATTGCACTCCAGCCTGAGCAACAAGAGCAAAACTCCGTCTCAAAAAAAAAAAAAAAAAAAAAAA","GGCCGGGCGCGGTGGCTAACGCCTGTAATCCCAGCACTTTGGGAGGCCAAGGCAGGTGGATCACCTGAGGTCAGGAGTTCAAGACCAGCCTGACCAACATGGAGAAACCCCATCTCTACTAAAAATACAAAATTAGCCGGGCGTGGTGGCACATGCCTGTAATCCCAGCTACTCGGGAGGCTGAGGCAGGAGAATCGTTTGAACCTGGGAGGCAGAGGTTGAGATGAGCCAAGATCGTGCCATTGCACTCCAACCTGGGCAACAAGAGTGAAACTCCATCTCAAAAAAAAAAGAAAAAAAAAAAAAAA"
"KN294172v1","4211758","4212065","JH378171","5340113","5340423","33","1128355","GGCCGGGCACGGTGGCTCATGCCTATAATCCCAGCACTTTAGGAGGCTGAAGCTGGTGGATCACCTGAGGTCAGGAGTTCGAGACAAGCCTGACCAACATGGCGAAACCCCATCTCTACTAAAAACACAAAATTAGCCAGGTGTGGTGGCGCATGCCTATAATCCCAGCTACTCGGGAGGCTGAGGCAGGATAATCTCTTGAACCTGGGAGGCAGAGGTTGCAGTGAGCTGAGATCGTGCCACTGCACTCCAGCCTGGGCAGCAAGAGCAAAAACTCCGTCAAAAAAAAAAAAAAGAAAGAAAAGAAA","GCTGGGTGCAGTGGCTCACACCTATAATCCCAGCACTTTGGGAGGCTGAGGCTGGTGGATCACCTGAGGTCAGGAGTTCAAGACCAGCCTGACCAACATGGAGAAACCCTATCTCTACTAAAAACACAAAATTAGCCAGGTGTGGTGGCACATGCCTGTAAACCCAGCTGCTTGGGAGGCTGAGGCAGGATACTCGCTTGAACCTGGGAAGCAGAGGTTGCGGTGAGCCGAGATTGTGCCATTGCACTCCAGCCTGGGCAGCAAGAGCAAAACTCCGTCTCAGAAAAGAAAAAAAAAAAAAGAAAAAGGAA"
"KN294172v1","4218398","4218707","JH378112","33214699","33215012","36","28996301","GGCTGGGCGCGGTGGCTCACGCCTGTAATCCCAGCACTTTAGGAGGCCGAGGCGGGTGGATCACCTGAGGTCAGGAGTTCAAGACCAGCCTGACCAATATGGAGAAACGCCATCTCTACTAAAAATACAAAATTAACTGGGCATGGTGGTGCATGCCTGTAGTCCCAGCTACTCGAGAGGCTGAGGCAGGAGAATCGCTTGAACCCAGGAGGCGGAGGTTGCGGTGAGCCAAGATTGTGCCATTGCACTCCAGCTTGAGTAAAAATAAATAAATTCCGTCTCCAAAAGAAGGAAAAAAAAAAAAAAAGAA","GGCCGGGCGCGGTGGCTCAAGCCTGTAATCCCAGCACTTTGGGAGGCCGAGGCGGGTGGATCACTTGAGGTCAGGAGTTCAAGACCAGCCTGGCCAACATGGTGAAACCCCGTCTCTACTAAAAATACAAAAAATTAGCTGGGCATGGTGGTGCGTGCCTGTAATCCCAGCTACTCAGGAGGCTGGGGCAGGAGAATTGCTTGAACCCAGGAGGCGGAGGTTGCGGTGAGCCGAGATAGCGCCATTGCACTCCAGCCTGGGTAACAAGAGCGAAACTCCGTCTCAAAAAAAAAAAAAAAAAAAAAAAAAAAAAA"
"KN294172v1","4266022","4266297","JH378105","36059082","36059351","41","31793060","GCTGGGCGCAGTGGCTCACACCTGTAATCCCAGCACTTTGGGAGGCTGAGGTGGGTGGTGGATCACCTGAGGTCGGGAGTTCGAGACCAGCCTGACCAACATCAAAATTAGCTGGGTGTGGTGGCACATGCCTGTAATCCCAGCTACTCGGGAGGCTGAAGCAGGAGAATCGCTTGAACCCAGGAAACAGAGGTTGTGGTGAGCTGAAATCGTGCCACTGCACTCCAGCCTGGGCAACAAGAGTAAAATTCTGTCTCAAAAAAAAAAAAAAAAAAA","GGCTGGGTCTGGTGGCTCATGCCTGTAATCCCAGCACTTTGGGAGGCTGAGGTGGGCAGATCACCTGAGGTCAGGAGTTCAAGACCAGCCTGACCAACATGAAGAAACCATGTGTGGTGGTACATGCCTGTAATCCCAGCTACTCAGGAGGCTGAGGCAGGAGAATTGCTTGAACCCAGGAGGCAGAGGTTGCAGTGAGCTGAGATCACACCATTGCACTCCAGCCTGGGCAACAAGAGCAAAACTCCATCTCAAAAAAAAAAAAAAAAA"
"KN294172v1","4266339","4266634","JH378116","21362676","21362970","41","17096337","GGCCAGGCACGGTGGCTCACGCCTGTAATCCCAGCACTTTGGGAGGCCAAGGCGGGCAGATCACCTGAGAATGGGAGTTCGAGACCAGCCTAACCAACATGGTAAAAACCTCGTCTCTACTAAAAATACAAAAATTCATCAAGCGTGGTGGCAGGTGCCTGTAATCCCAGATACTTGGGCGGCTGAGGCAGAAGAATTGCTTGAATCCGGGAGGCAGAGGTTGTGGCGAGCTGAGATTGTGTTATTGCATTCTAGCGGGCAACAAGAGTGAAAACTCCGTCTCAAAAAAAAAAAAA","GGCCAGGCACAGTGGCTCACACCTGTAATCCCAACACTTTGGGAAGCCAAGGTGGGCAGATCACCTGAGGTTGGGAGTTTGAGACCAGCCTTACCAACATGGAGAAACCCTGTCTCTACTAAAAATACAAAATTAGCCAGATGTGGTGGCGCATGCCTGTCATCCCAGCTACTTGAGAGGCTGAGGCAGGAGAATTGCTTGAACCCAGGAGGCGGAGGTTGTGGTGAGCTGAGATTGCGTCATTGCACTCCAGTCTGGGCAATAAGAGGGAAACTCCATCTCAAAAAAAAAAAAA"
"KN294172v1","4269680","4269985","JH378126","21026752","21027059","38","16757072","GGTCGGGCGTGGTGGCTCATGCCTGTAATCCCAGCACTTTGGGAGGCCAAAGCGGTGGATCACCTGAGGTCAGGAGTTCGAGAACAGCCTCACCAACACGGAAAAACCCCATCTCTACTGAAAATACAAAATTAGCCAGGCATCGTGGCATATGCCTGTAATCCCAGCTACTTGGGAGGCTGAGGCAGGAGCATTGCCTGAACCCAGGAGGTGGAGGTTGCAATGAACCAAGGTTGTGCCATTGCACTCCAGCCTGGGCAACAAGAGGGAAACTCCGTTTTTTAAAAAAAAAAAAAAAAAAAAAAA","GGCCGGGCGCGGTGGCTAACGCCTGTAATCCCAGCACTTTGGGAGGCCAAGGCAGGTGGATCACCTGAGGTCAGGAGTTCAAGACCAGCCTGACCAACATGGAGAAACCCCATCTCTACTAAAAATACAAAATTAGCCGGGCGTGGTGGCACATGCCTGTAATCCCAGCTACTCGGGAGGCTGAGGCAGGAGAATCGTTTGAACCTGGGAGGCAGAGGTTGAGATGAGCCAAGATCGTGCCATTGCACTCCAACCTGGGCAACAAGAGTGAAACTCCATCTCAAAAAAAAAAGAAAAAAAAAAAAAAA"
"KN294172v1","4285585","4285884","JH378127","130762","131063","44","4154823","GACCAGGCGCAGTGGCTCACGTCTGTAATCCCAGCACTTTGGGAGGCCGAGGTGGGTGGATCATCTGAGGTCGGGAGTTTGAGACCAGCCTGACCAACAAGGAGAAACCCCGTCTCTAATAAAAATACAAAACTAGCCATGCTTGTGATCCCAGCTACTTGGGAGGCTGAGGCAAGAGAATCACTTGTACCCGGGAGGCGGAGGTTGCGGTGAGCCAACATCGTGCCATTGCACTCCACCCTGGGCAACAAGAATGAAACTCCGTCTCAAAAAAAAAAAAAAAAGATGAAGAAGAAGAAA","GACCAAGTGTGGTGGCTCACGCCTGTAATCCCAGAACTTTGGGAGGCCCAGGGAGGTGGATCATCTGAGGTCGAGAGTTCGAGACCAACCTGACCAACATGGAGAAACACACCTCTCTACTAAAAATACAAAAATTGGCCAGGCATGCCTGTAATCCCAGCTACTCGGGAGGCTGAGGCAGGAGAATCGCTTGAACCCGGGAGGCAGAGGTTGCGGTGAGCCGAGATCGTGCCATTGCACTCCAGCCTGGGCAAGAAAATCAAGACTCCGTCTCAAAAAAAAAAAAAAAGAAAGAAAGAAAA"
"KN294172v1","4292719","4293016","JH378199","4482107","4482408","37","189388","GGCTAGGCACAGTGGCTCACGCCTGTAATCCCAGCACTTTGGGAGGCCTAGGCAGATCACCTGAGGTTGGGAGTTCGAGACCAGCCTGACCAACATGAAGAAACCCATCTCTACTAAAAATACAAAATTAGCCAGGCGTGGTGGTACATGCCTGTAATCCCAGCTACCCGGGAGGCTGAGGCAGGAGAATCACTTGAACCCGCAAGGCAGAGGTTGCAGTGAGCCAAAATCATGCTATTGCACTCCAGCCTGGGCAAGAGCGAAACTCCATCTCAAAAGAAAGAAACAAAAACAAAAA","GGCCAGGCGCAATGGCTCATGCCTGTAATCCCAGCACTTTGGGAGGCCGAGGCAGGCAGATCACCTGAGTTTGGGAGTTCGAGACCAGCCTGACCAACATGGAGAAACCCCGTCTCTACTAAAAATATAAAATTAGCCGGGTGTAGTGGCACATGCCTGTAATTCCAGCTACTCAGAAGGCTGAGGCAGGAGAATCACTTGAACCGGGAGGCAGAGGTTGCAGTGAGTCAAAATCATGCCATTGCACTGCAGCCTGGGCAACAAGAGCAAAACTTCATCTCAAAAAAAAAAAAAAAAAAAAA"
"KN294172v1","4297218","4297375","JH378164","9341233","9341390","19","5044015","GGCCGGGTGCGGTGGCTCACGCCTGTAATACCAGCATTTTGGGAGGCCGAGGCGGGTGGATCACCTGAGGTCAGGAGTTCAAGACCAGCCTGGCCAACATGGAGAACCCTTGTCTCTACTACAAATACAAAATTAGCCGGGCATGGTGGCGCATGCCT","GGCTAGGTGTGGTGGCTCATGCCTGTAATCCCAGCACTTTGGGAGGATGAGGCAAGTGGATCACCTGAGGTTGGGAGTTCGAGACCAGCCTGACCAACATGGAGAAACCCTGTCTCTACTAAAAATACAAAATTAGCTGGGCATGGTGGCACATGCCT"
"KN294172v1","4307482","4307771","JH378124","15582898","15583197","41","11275416","GGCTGGGCATGGTGGCTCATGCCTGTAATCCCAGCACTTTGGGAGTCCAAGGCAGATGGATCAACTGAGGTCAGGAGTTCGAGACCAGCCTGACCAACATGGAGAAACCCCCATCTCTGCTAAAAATACAAAATTAGCCGGGCGTGGTGGCACATGCCTGTAATCCCAGCTACTAGGGAGGCTGAGGTTTGAACCTGGGAGGCGGAGGTTGCGGTGATCCGAAATCACGCCATTGTACTCCAGCCTGTGCAACAAGAGCAAAACTCCGTCTCAAAAAAAAAAAAAAAAAA","GGCCGGGCATGGTGGCTCACGCCTGTAATCCCAGCACTTTGGGAGGCTGAGGCAGGTGGATCACCTGAGGTTGGGAGTTCAAGACCAGCCTGACCAACATGGAGAAACACCATCTCTACTAAAAATACAAAATTAGCCGGGCATGGTAGCACATACCTGTAATCCCAGCTACTTGGGAGGCTGAGGCAGGAAAATCGCTTGAACCCAGGAGGTGGAGGTTGCAGTGAGCTGAGATCTTGCCATTGCACTCCAGCCTGGGCAACAAGAGCAAAATTCTGTCTCAAAAAAAAAAAAAAAAAA"
"KN294172v1","4316639","4316959","JH378114","17527220","17527528","62","13210581","GGCTGGGCGCGGTGGCTCACGCCTGTAATATTAGCACTTTGAGAGGCTGAGACGGGCAGATCGCCTGAGGTCGGGAGTTCGAGAGCAGCCTGACCAACATGCAGAAACCCCGTCTCTACTAAAAATTAACCAGGCGTGGTGGTGCATGCCTGTAATCCCAGCTACTTGGGAGGCTCAAGTTTATAATCCCAAGGAGGCAGGAGAATCGCTTGAACCCAGGAGGCAGAGGTTGCAGTGAGCCTAGATCACGCCATTACACTGCAGCCTGGGTGACAAGAGCGAAACTCCATCTCAAAAATAAAACAACAAAACAAAGCAAAA","GGCTGGGCCTGGTGGCTCACGCTTGTAATCTCAGCACTTAGGGAGGCTGAGGTGGGCTAATTACCTGAGGTCGGGAGTTCGAGACCAGCCTGACCAACATAGAGAAACCCCGTCTCTACTAAAAATACAAAATTAGCCAGGCGTGGTGGCACATGCCTATAATCCCAGCTACTTGGGAAGCTGAGGCAGGAAATCGCTTGAACCCAGGAGGCAGAGGTTGCAGTGAGCCGAGATCCCACCATTGCACTCCAGCCTGGGCAACAAGAGTGAAACTCCATCTCAAAAAAAAAAAAAAAAAAAAAAAAAGAA"
"KN294172v1","4329673","4329973","JH378173","4155896","4156193","35","173777","GGCCAGGTGCGGTGGCTCACGCCGGTAATCCCAGCACTTTGGGAGGCCGAGGCGAGCGGATCACCTGAGGTTGGGAGTTCAAGACCAGCCTGAGCAACATGGAGAAACCCTATCTCTACTAAAAACACAAAATCAGCTGGGTGTGGTGGCGCATGCCTGTAATCCCAGCTACTTGGGAGGCTGAGGCAGAAGAATCGCTTAAACCCGGGAGGCAGAGGTTGTGGTGCGCCGAGATTGTGCCATTGCACTCCAGTCTGGGCAGCGAGCAAAACTCTTGTCTCAAAAAAAAAAAATTAAAAAA","GCCAGGAGCGGTGGCTCAGGCCTGTAATCCCAGCACTTTGGGAGGCCGAGGAGGGCGGATCACCTGAGGTCGGAAGTTCAAGACCAGCCTGACCAGCATGGAGAAACCCCATCTCTACTAAAAATACAAAATTAGCTGGGCGTGGTGGCACATGCCTGTAATCCCAGCTACTAGGGAGGCTGAGGCAGGAGAATTGCCTGAACCCTGGAGGCAAAGGTTGTGGTGAGCCGAGATTGTGCCATTGCACTCCAGACTGGGCAACAAGAGCAAAACTCCATCTCAAAAAACAAACAAAAAA"
"KN294172v1","4337265","4337561","JH378149","1427296","1427590","36","2909969","GGCTGGGTGCGGTGGCTCACGCTTGTAATCCCAGCACTTTGGGAGGCTAAGCTGGGCAGATCACCTGAAGTCAGGAGTTCAAGACCAGCCTGACCAACATGGAGAAACCCCGTCTCTATTAAAAATACAAACTTAGCTGGGTGTGGTGGCGCATAACTGTAATCCCAGCTGCTTGGGAGGCTGAGGCAGGTGAATCGCTTGAACCCAGGACGCGGAGGTTGCAGTTAGCCGAGATCATGCCATTGCACTCTAGCCTGGGCAACAAAAGCTAAACTCCCTCTCAAAAAATAAAAAAAA","GGCTGGGTGTGGTGGCTCAGCCTGTAATCCCAGCACCTTGGGATGCTGAGGTGGGTGGATCACCTAAGGTCAGGAGTTTGAGACCAGCCTGACCAACATGGAGAAACCCCATCTCTACTAAAAATACAAAATTAGCTGGGTGTGATGGTGCATGCCTGTAATCCCAGCTACTCGGGAGGCTGAGGCAGGAGAATCAGTTGAACCAAGGAGGCGGAGGTTGCAGTGAGCCGAGATCATCCCATTGCACTCCAGCCTGGGCAACAAGAGAAAACTCTGTCTCAAAAAAAAAAAAAAA"
"KN294172v1","4348703","4348996","JH378255","3176048","3176340","37","1172655","GGCCAGGCACGATGGCTCACACCTGTAATCCCAGCACTTTGGGAGGCCAAGGCGGGTGGATCACTTGAGATCGGGAATTGGAGACCAGCCTGACCCACATGGAAAAGCCCTGTCTCTACTAAAAATACAAAATTAGCCGGGTGTGGTGGCGCATGCCTGTAATCCCAGCTACTCAGGAGGCTGAGGTAGGAGAATTGCTTGAACCCAGCAGGCGGAGGTTGTGGTGCACCGAAATCGTACCACTGCACTCCAGCCTGGACAACAAGAGCAAAACCTCGTCTCAAAAAAAAAAAA","GCCGGGAACAGTGGCTCACACCTGTAATCCCAGCGCTTTGGGAGGCCCAGGCAGGTGGGTCACCTGAGGTCGGGAGTTGGAGACCAGCCTGACCAACATGGCAAAACCCTGTCTCTACTAAAAATACAAAATTAGCTGGGCGTGGTAGCGCATGCCTGTAATCCCAGCTACTCAGGAGGCTGAGGCAAGAGAATCACTTGAACCCAGGAGGTGGAGGTTGTGGTCAGCTGAGATCGTGCCACTGCACTCCAGACTGGGCAACAAGAGCGAAATTCCATCTCAAAAAACAAAAA"
"KN294172v1","4355807","4356106","JH378213","6787569","6787866","42","2431762","CAGACGCGGTGGCTCATGCCTGTAATTCCAGAACTTTGGGAGGCCAAGGCGGGCAGATCACCTGAGGTCAGGAGTTTGAGATCAGCCTGACTGACCAACATGGAGAAACCCTGTCTCTACTAAAAATACAAAATTAGCTGGGTGTAGTGACGCACACCTGTAATTCCAGCTACTTCGGAGGCTGGGGCAGGAGAATCGCTCGAACCCGGGAGGCAGAGGTTGCGGTGAGCCGAGATCACTCCATTGCACTCCAGCCTGGACAACAAGAGTCAAACTCCACCTCAAAAAAAAAAAAAGAGA","GCTGGGTACAGTGGCTCACACCCATAATCCCAGCACTTTGGGAGGCCAAGGCGAGCAGATCACCTGAGGTCAGGAGTTCAAAACCAGCCTGATCAACACGGAGAAACCCTGTCTCTACTAAAAATATAAAATTAGCTGGGTGTGGTGGTGCATACCTGTAATCGCAGCTACTTGGGAGGCTGAGGCAGGAGAATAGCTTGAACCCAGGAGGCAGAGGTTGTGGTGAGCTGAGATCACACCATTGCACTCCAGCCTGGGCAACAAGAGTAAAACTCCATCTCAAAAAAAAAAAAAAAGA"
"KN294172v1","4377852","4378146","JH378162","5802153","5802447","32","1424301","GGCTGGGTATGGTGGCACACGCCTGTAATCCCAACACTTTGGGAGGCCGAGGCGGGTAGATCACCTGAGGTCAGGAGTTCAAGATCAGCCTGACCAACATAGTGAAACCCCATCTCTACTCAAAATACAAAATTAGCCGGATGTGGTGGTGCATGCCTGTAATCCCAGATACTCAGGAGGCTGAGGCAGGTGAACCGCTTGAACCCGGGAGGCAGAGGTTGTAGTGAGCTGAGATCGCGCCATTGCACTCCAGCCTGGGCAACAAGAGCTAAACTCTGTCTCAAAAAAAAAAAAA","GGCTGGGTATGGTGGCTCACGCCTGTAATCCCAACACTTTGGGAGGTGGAGGCGGGCAGATCACTTGAGGTTGGGAGTTCAAGACCAGCCTGACCAACATGGAGAAACCCTGTCTCTACTAAAAATAAAAAATTAGCTGGACATGGTGGTGCCGGCCTGTAATCCCAGCTACTCAGGAGGCTGAGGCAGGAGAATCGCTTGAACCTGGGAGGCAGAGGTGGCAGTGAACCAAGATCACGCCATTGCACTCCAGCCTGGGCAACAAGAGCAAAACTCTGGCTTAAAAAAAAAAAAA"
"KN294172v1","4381092","4381384","JH378124","23710197","23710477","45","19329105","GACCGGGCACAGTGGCACATACCTGTAATCCCAGCACTTTGGGAGGCTGAGGTGTGTGGATCACCTGAGGTCGGGAGTTCAAGACCAGCCTGACTACCATGGAGAAACCCTGTCTCTACTAAAAAAAAAAAAAAAAAAAAAATGAGCGGGGCAGGGTGGCACATGCCTGTAATCCCAGCTACTAGGGAGGCTGAGGCAGGAGAATCACTTGACCCTGGGAGGCGGAGGTTGTGGTGAGCCAAGATCGCACCATTGCGATCCAGCCTGGGCAACGAGAGTGAAACTCTGTCTCA","GGCTGGGCACAGTGGCTCATGCCTGTAATCCCAGCACTTTGGGAGGCAGAGGTGAATGGATCACCTGAGGTTGGGAGTTCGAGACCAGCCTGACCAACATGGAGAAACACAATTTCTACTAAAACAACAAAATTAGCTGGGCGTGTGGCACATGCCTGTAATCCCAGCTACTTCGGAGGCTGAGGCAGGAGAATCACTTGAACCGGGGAAGCAGAAGTTGCAGTGAGCCAAGATCACACCATTGCGCTCCAGCCTGGGCAACAAGAGTGAAACTCCGTCTC"
"KN294172v1","4384762","4385075","JH378264","2773729","2774039","36","1611033","GGCTGGACGAGGTGGCTCACACCTGTAATCCCAGCACTTTGGGAGGCCTAGGTGGGCAGATCACCTGAGGTCAGGAGTTCGAGACCAGCCTGGCCAACATGGGGAAACCCCATCTGTACTAAAAATACAAAAATTAGCTGGGCGTGGTGGCACATGCCTGTAATCCCAGTTAACTTGGGAGGCTGAGGCAGGAAAATCACTTGAACCCGGGAGGTAGAGGTTGCAGTGAGCCGAGATCACATCATTTCGCTCCAGCCTGGGCAACAAGAGCAAAACCCCATCTCAAAAAAAAAAAAAAAAAAAAAAAAAAGGAA","GCTGGGCGCAGTGGCTCACACCTGTAATCCCAGCACTTTGCGAGGCCAAGGTGGGTGGATCACCTGAGGTCAGGAGTTCGAGACCAGCCTGACCAACATGGAGAAACCCCATCTCTACTAAAAATACAAAATTAGCCAGGCATGGTGGCGCATGCCTATAATCCCAGCTACTTGGGAGACTGAGGCAGGAGAATCACTTCAACCCGGGAGGTGGAGGTTGCAGTGAGCCGAGATCACACCATTGCACTCCAGCCTGGGCCATAAGAGTGAAACTCTATCTCAAAAAAAAAAAAAAAGAAAGAAAGAAAGAA"
"KN294172v1","4391858","4392127","JH378167","9534568","9534835","39","5142710","GCCGAGGCGGGCGGATCACCTGAGATCAGGAGTTCTAGAACAGCCTGACCAACATGGAGAAACCCTGTCTCTACTAAAAATACAAAATTAGCTGGGTGTGGTGGCGCATGCTTGTAATCCCAGCTACTCGGGAGGCTGAGGCAGGAGAATCGCTTGAACCTGGGAAGCGGAGGCTGCGGTGAGCTGAGATCACACCATTGCACTCACTCCAGCCTGGGCAACAAGAGTGAAACTCCGTCTCAAAAAATATATATAATAATAATAAAATAA","GGCAGAGGTGGGTGGACCACTTGAGGTCAGGAATTCGAGACCAGCCTGACCAACATGGAGAAACCCTGTCTCTACTAAAAATACAAAATTAGCCAGGTGTGGTAGCACATGCCTGTAATCCCAGCTACTCGGGAGGCTGAGGCAGGAGAATCGCTTGAACCCGGGAGGTGGAGTTTGTGGTGAGCCGAGATCATGCCATTGCACTCCAGCCTGGGCAACAAGAGTGAAACTCTGTCTCAAAAAAAAAAAAAAGAAAAAGAAAAGAAAA"
"KN294172v1","4412013","4412313","JH378194","2929210","2929510","40","1482803","GGCCGGACGCGGTGGCTCATGCCTGTAATCCCAGCACTTTGGGAGGCTGAGGCGGGCGGATCACCTGAGGTCAAAGTTCGAGACCAGCCTGACCGACATGGAGAAACCCCGTCTCTACTAAAAATACAAAATTAGGCAGTGGTACATGCTTATAATCCCAGCCACCTGGGAGGCTGAGGCCTGAGAATCACTTGAACCTGGGAGGCTGAGGTTGCGGTGAGTCGAGATTGTGCCATTGCACTCCAGCGTGGGCAACAAGAGTGAAACTCCGTCTTAAAAAAAAAAAAAAAAAAAGGAACAA","GGCCGGGCGCGGTGGCTCATGCCTGTAATCCCAGCACTTTGGGAGGCTGAGGTGGGCGGGTCACCTGAGGTTGAGAGTTTGAGACCAGCCCGACCAACATCCAGAAACCCTGTCTTTACTAAAAATACAAAATTAGGCATGGTAGTGCACGCCTGTAATCCCAGCTACTTGGGAGGCCGAGGCAGGAGAATCATTTGAACCTGGGAGGCGGAAGTTTTGGTGAGCCGAGATTGCACCATTGCACTCCATCCTGGGCAACAAGAGTGAAACTCCTTCTAAAAAAAAAAAAAAAAAAAAAAAA"
"KN294172v1","4412774","4413070","JH378115","25570507","25570808","52","21157733","GGCTGGGCATGGTGGCCTGTAATCCCAGCACTTTGGGAGACCTCACCTGAGGTCAGGAGTTCGAGACCAGCCTGAACAACATGGAGAAACCCCATCTCTACTAAAACTACAAAATTAGCTGGGCGTGGTAGTGCATGCCTGTCATCCCAGCTACTCAGGAGGCTGAGGCACTTGAATCAAGAATCACTTGAATCCAGGAGGCAGAGGTCGCAGTGAGCCGAGATTGCGCCATTGCACTCCAGCCTGGGCAACAAGAGTGAAACTCAATCTCAAAAAAAAAAAAAAAAGGAATAGAAA","GGCTGGGCACAGTGGCTCACGCCTGTAATCCCAGCACTTTGGGAGGCTGAGGCAGGCGGATCACCTGAGGTCAGGAGTTCGAGACCAGCCTGACCAACATAGAGAAAGCCTATCTCTACTAAAAATACAAAATTAGCTGGGCATGATGGTGCATGCCTGTAATCCCAGCTACTCAGGAGGCTGAGGCAGGAGAATCACTTGAACCCAGGAGACGGACATTGCAATGAGCCGAGATCGCGCCATTGCACTCCAGCCTGGGCAACAAGAGTGAAACTCTGTCTCAAAAAAAAAAAAAAAAAAAA"
"KN294172v1","4436847","4437153","JH378193","5034246","5034548","40","597399","GCTGGGCGCACTAGCTCACACCTTTAATCCCAGTACTTTGGGAGGCCAAGGCGGGCAGATCACCTGAGGTCAGGAGTTTGAGACCAGCCTGACCAACACGATGAAACCCTGTCTCTACTAAAAATACAAAAAATTAGCCAGGCGTAGTGGTGCACACCTGTAGTCCCAGCTACTCAGGAAGCTGAGGCAGGAGAATCGCTTGAACCCAGGAGGCAGAGGTTTCGGTGAGCTGAGACTGCACCATTGTACTCCAGCCTGGGCAGCAAGAGCAAAACTCCATCTCAAAAATAAATAAAATAAAATAAGA","GGCTGGATGCAGTGGCTCATGCCTGTAATCCCAGCACTTTGGGAGGCCAAAGTGGGCAGATCGTCTGAGGTCAGGAGTTCGAGACCGGCCTGACCAACATGGGGAAACCCTGTCTCTACTAAAAATACAAAATTAACTAGGCATGGTGGTGCATACCTATAGTCCCAGCTACTCAGGAGGCTGAGGCAGGAGAATCACTTGAACCCAGGAGGCAGAGGTTGCAGTGAGCTGAGATTGCACCATTGCACTCCAGCCTGGGCACCAAGAGCAAAACTCTGTCTCAAAAAAAAAAAAAAAAAAAAA"
"KN294172v1","4446324","4446620","JH378122","7899624","7899919","31","3453300","GGCAGGGCGTGGTGGCTCACACCTGTAATCCCAGCACTTTGGGAGGCCAAGGCGGGCAGATTACCTGAAGTCAGGAGTTTGAGACCAGCCTGACCAACGTGAAGAAACCCCGTCTCTACTAAAAATACAAAATTAGCCAGGCATGGTGGTGCATGCCTGGAATCCCAGCTACTTGGGAGGCTGAGGCAGCAGAATCACTTGCACCCGGGAGGCGGAGGTTGTGGTGAGCTGAGATTGCGCCACTGCACTCCAGCTTGGGCAACAAGAGCGAAACTCCGTCTCAAAAAAACAAAAAAA","GGCTGGGCGTGGTGGCTCACGCCTGTAATCCCAGCACTTTGGGAGGCCAAGTCGGGCAGATCACCTGAGGTCGGTAGTTTGAGACCAGCCTGACCAACATGGAAAACCTTGTCTATACTAAAAATACAAAATTTGCCAGGTGTGGTGGTGCATGCCTGTAATCCCAGCTACTCGGAGAGCTGAAGCAGGAGAATCACTTGAATCCGGGAGGCGGAGGTTGGGGTGAGCCGAGATCGCGCCATTGCACTCCAGCCTGGGCAACAAGAGCGAAACTCCATCTCAAAAAAAAAAAAAAA"
"KN294172v1","4459025","4459319","JH378114","7122925","7123229","40","2663900","GGCTGGGCGTAGTGTCTCACGCCTGTAATCCCAGCACTTTGGGAGGCTGAGCCAGGAGAATCACCTGATTGGGAGTTCAAGACCAGCTTGACCAATATGAGGAAACTCCATCTCTACTTTGCAAAATTAGCCAGGCATGGTGGTACACGCCTGTAATCCCAGCTACTCGGGAGGCTGAGGCAGGAGAATCGCCTGAACCTGGGAGGTGGAGGTTGCCGTGAGCTGAGATCGTGCCACTGCTCTCCAGCCTGGGCAATAAGAGCGAAACTCCATCTCAAAAAAAAAGAAAGAAAAA","GGCCAGGCACGGTGGCTCAGGCCTGTAATCCCAGCACTTTGGGAGGCTGAGGCAGGCAGATCACCTGAGGTTGGGAGTTCGAGACCTGCCTGACCAACATGGAGAGAAACCCCATCTCTACTAAAAATACAAAATTAGCCAGGTGTGGTGGTACATGCCTGTAATCTCAGCTACTTGGGAGGCTGAGGCAGGAGAATCGCTTGAACCTGGGAGGTGGAGGTTGCAGTGAGCTGAGATCGTGCCATTGCACTCCAGCCTGGGCAACAAGAGCGAAATTCTGTCTCAAAACAAAAAGAAAAGAAAAA"
"KN294172v1","4485033","4485334","JH378107","7568037","7568336","38","3083004","GCTGGGCTTGATGGTGCATGCCTGTAATCCCAGGTACTTGGGAGGCCAAGGCAGGTGGATCACCTGAGGTCAGGAGTTCGAGACCAGCCTGAACAACATGGAGAAACCCCAATTCTACTAAAAATACAAAATTAGCTGGGCTTGATGGTGCATGCCTGTAATCCCAGGCACTTGGGAGGCTGAGGCAGGAGAATTGCTTAAACCCGGGAGGGGGAGGTTGCGGTGAGCTGAGATCACACCATTGCACTCCAGCCTGGGCAACGAGAGCGAAACTTCGTCTCAAAAAAGAAAAGAAAAGAAAA","GGCTGGGCACGGTGGCTCATGCCTGTAATCTCAGCACTTTGGGAGGCTGAGGCAGGTGGATTACCTGAGGTCAGGAGTTCGAGACCAGCCTGACCAACATGGAGAAACCCCATCTCTACTAAAAATGCAAAATTAGCTGGGCATGGTGGTGCATGCCTGTAACCCAGCTACTTGGGAGGCTGAGGCACGAGAATCGCTTGAACCCAGGAGGCAGAGGTTGTGGTGAGCTGAGATTGTGCCATTGCACTCCAGCCTGGGCAACAAGAGCGAAATTCTGTCTCAAAAAAGAAAAAAAAAAAA"
"KN294172v1","4485338","4485469","JH378134","17076939","17077071","13","12591601","GGCCGGGCGTGGTGGCTCATGCCTATAATCCCAGCATTTTGGGAGGCTGAGGTGGGCAAATCACCTGTGGTTGAGAGTTCGAGACCAGCCTGACCAACATGGAGAAACCCCATTTCTACTAAAAATACAAAA","GGCAGGGCGTGGTGGCTCACGCCTGTAATCCCAGCACTTTGGGAGGCTCAGGCGGGCAGATCACCTGAGGTTGAGAGTTTGAGCCCAGCCTGACCAACATGGAGAAACCTCATCTCTACTAAAAATACAAAAA"
"KN294172v1","4487119","4487421","JH378153","3414728","3415029","35","1072391","GGCCGGGCGTGATGGCTCATGCCTATAATCCCAGCATTTTGGGAGGCTGAGGTGGGCAAATCACCTGTGGTTGAGAGTTCGAGACCAGCCTGACCAACATGGAGAAACCCCATTTCTACTAAAAATACAAAATTAGCTGGGCTTGATGGTGCATGCCTGTAATCCCAGGTACTTGGGAGGCTGAGGCAGGAGAATTGCTTAAACCCGGGAGGTGGAGGTTGCGGTGAGCTGAGATCACACCATTGCACTCCAGCCTGGGCAACGAGAGCGAAACTTCGTCTCAAAAAAGAAAAGAAAAGAAAA","GGCCGGGCATGGTGGCTCATACCTATAATCCCAGCATTTTGGGAGGCTGAGGCAGGAGAATCACCTGAGGTCAGGAGTTCGAGACCAGCCTGACCAATATGGAGAAACCCTGTCTCTACTAAAAATACAAAATTAGCTGGGTGTAGTGGTGCATGCCGGTAATCCCAGCTACTTGGGAGGCTGAGGCAGGAGAATTGCTTGAACCCGGGAGGCAGAAGTTGCAGTGAGCCGAAATCACACCATTGCACTCCAGCCTGGGCAACGAGAGCAAAATTCCATCTCAAAAAAAAAAAAAAAGACAA"
"KN294172v1","4493546","4493845","JH378320","58322","58618","31","4435224","GGCCAGATGCGGTGGCTCATGCCTGTAATCCCAGCACTTTGGGAGGCCAAGGCGGGCGGATCACCTGAGGTCAGGAGTTCGAGACCAGCCTGACCAACATGGAGAAACCCCGTCTCTACTGAAAATACAAGATTAGCCAGGTGTGGTGGCGCATGACTGTAACCCCAGCTACTCGGGAGGCTAAGGCAGGAGAATCACTTGAACCCGGGAGGCGGAGGTTGTGGTGAGCTGAGATCGCGCCTTTGCACTCCAACCTGGGCAACAAGAGTGAAACTCCATCTCCAAAAAAGAAAAAAACAA","GGCCGGGCGCGGTGGCTCACACCTGCAATCCCAGCACTTTGGGAGGCCAAGGCGGGCGGATCACCTGAAGTCAGGAGTTCGAGACCAGCCTGACCAACATGGAGAAATCCCATTTCTACTAAACATACAAAATTAGCCGGGTGTGGTGGCGCGTGCCTGTAATCCCAGCTACTCAGGAGGCTGAGGCAGGAGAATCACTTGAACCCAGGAGGTGGAGGTTGGGGTGAGCTGAGATCCCGCCATTGCACTCCAGCCTGGGTGACAAGAGAGAAACTCCATCTCCAAAAGAAAAAAAAA"
"KN294172v1","4535373","4535675","JH378149","3565481","3565785","34","969892","GGCTGGGCGCAGTGGCTCACGCCTGTAATCCCAGCACTTTGGGAGGCCAAGGCGGGCAGATCACCTGAGATCCGGAGTTCAAGACCAGCCTGACCAACATGGTGAAACCCTGTCTCTACTAAAAATACAAAACTAGCCAGGCGTGGTGGTACATGACTGTAATTGCAGCTACTTGGGAGGCTGAGGCAGGAGAATCGCTTGAACCCGGGAGGCGGAGGTCACAGTGAGCTAAGATCGCACCACTGTACTCCAGCCTGGGCAACAAGGGCAAAACTCCATCTCAAAAAAAAAAAAAAAAAAAAA","GGCCGGGCGAGGTAGCTCACACCTGTGATCCCAGCACTTTGGGAGGCCAAGGTGGGCGGATCACCTGAGGTCGGGAGTTCGAGACCAGCCTGACCAACATGGAGAAATCCCGTCTCTACTAAAAATACAAAACTAGCCAGGCATGGTGGCACATGCCTGTATTCCCAGCTACTTGGGAGGCTGAGGCAGGAGAATCGCTTGAACCCGGGGCGGCGGAGGTTGCGGTGAGCCAAGATTGCGCCATTGCACTCCAGCCTGGGCAATAAGAGCAAAACTTCATCTCAAAAAAAAAAAAAAAAAAAAGA"
"KN294172v1","4551079","4551390","JH378120","16578880","16579191","38","12027801","GGCCGAGCACGGTGGCTCACACCTGTAATCCCAGCACTTTGGGAGGCTGAGGTGGGTGGATCACCTGAGGTCAGGAGTTTGAGACCAGCCTGACCAACATAGTGAAACCCCATCTCTACTAAAAATAGAAAATTAGCTGGGCGTGGTGGTGCATGCCTGTAATCCCAGCTACGTGGGAGGCTGAGGCAGAAGAATTGCTCAAACCTGGGAGGCAGAGGTTGCAGTGAGCTGAGATCACACCATTGCACATCAGCATGGGTAACAACAGTGAAACTCCATCTCAAAAAAAAAGGAAAAAAAAAAAAGAAAGAA","GGCTGGGCATGGTGGCTCACACCTGTAATCTCAGCACTTTGGGAGGCTGAGGTGGGTTGATCACCTGAAGTCAGGAGTTTGAGACCAACCTGACCAACATGGAGAAACTCCATCTCTACTAAAAATACAAAATTAGCTGGGCATGGTGGCGCATGCCTATAATCCCAGCTACTTGGAAGGCTGAGGCAGGAGAATTGCTTGAACCCAGGAGGCAGAGGTTGCAGTGAGCCAAGATAGCGCCATTGAACTCCAGCATGGGCAGTAAGAGTAAAACTCCATCTCAAAAAAAAAAAAAAAAAAAAAAAAAAAAAA"
"KN294172v1","4567248","4567451","JH378125","5641148","5641327","37","1073900","GGCTGGGCGCAGTGGCTCATGCCTGTAATCCCAGCACTTCGGGAGGCCAAGGCGGGTGGATCCCCTGAGGTCGGGAGTTCGTGACCAGCCTGACCAACATGGAGAAACCCCATCTCTACTAAAAATACAAAATTAGCAGGACACATGTGGAGGGTGAGCATGCGGGTGGGGGAGCCTGCCTGTAATCCCAGCTACTCGGGAGGC","GGCTGGGCACGGTGGCTCATGCCTGTAATCGCAGCACTTTGGGAGGCCAAGGCGGGCGAATGACCTGAGGTCGGGAGTTTGAGACCAGCTTGACCAACATGGAGAAACCCCATCTCTACTAAAAATACAAAATTAGCTAGGCGTGGTGGTGCATGCCTGTAATCCCAGCTACTCGGGAGG"
"KN294172v1","4568941","4569275","JH378115","4392826","4393140","48","176115","GGCTGGGCGCGGTGGCTCATGCCTGTAATCCCAGCACTTCGGGAGGCCGAGGCGGGCGGATCACCTGAGGTCGGGAGTTCGTGACCAGCCTGACCAACATGGAGAAACCCCATCTCTACTAAAAATACAAAATTAGCAGGGCGCATGTGGAGGGTGAACATGCAGGTGGGGGTGTCTACCTGTAATCCCAGCTACTCGGGAGGCTGAGGCAGGAGAATCGCTTGAACCCAGGGGGCGGAGGTTGCAGTGAGCCGAGATCATGCCATTGCACTTCAGCCTGGGCAACAAGAGTGAAACTCCGTCTCAAAAAAAAAAAAAAAAAAAGAGAGAAAAGA","GGCCGGGCGCGGTGGCTCAAGCCTGTAATCCCAGCACTTTGGGAGGCCGAGGTGGGTGGATCACCTGAGGTTGGGAGTTCGAGTCCAGCCTGACCAACATGGAGAAACCCTATCTCTATTAAAAGTTCAAAAAAAATTAGCTGAGCACGGTGGTGTATGCCTGTAGTCCCAGCTACTCGGGAGGCTGAGGCAGGAGAATTGCCTGAACCCAGGAGGCGGAGGTTGCGGTGAGCCGAGATCATGCCATTGCACTCCAGCCTGGGTAACAAGAGCGAAACTCCGTCTCAAAAAAAAAAAAAAAGAAAAAGAAAAAAA"
"KN294172v1","4576192","4576506","JH378126","21026752","21027059","38","16450560","GGACAGGCGCAGTGGCTCACGCATGTAATCCCAGCACTTTGGGAGGCTGAGGCGGGAGGATTACCTCAGGTCAGGAGTTCAAGACCAGCCTGGCCAGCATGGTGAAACCTCATCTCTACTAAAAATACAAAAATTAGCCGGGTGTGGTGGCACATGCCTGTAATCCCAGCTACTCTGGAGGCTGAGGCAGGAGAATCGCTTGAACTGGGGAGGCAGAGGTTGCGGTAAGCCAGGACCACACCATTGCACTCCAGCCTGGGCAACAAGAGTGAAACTCTATCTCAAAAAATTAAAAAAAGAAAAAAAAGAAAAGAA","GGCCGGGCGCGGTGGCTAACGCCTGTAATCCCAGCACTTTGGGAGGCCAAGGCAGGTGGATCACCTGAGGTCAGGAGTTCAAGACCAGCCTGACCAACATGGAGAAACCCCATCTCTACTAAAAATACAAAATTAGCCGGGCGTGGTGGCACATGCCTGTAATCCCAGCTACTCGGGAGGCTGAGGCAGGAGAATCGTTTGAACCTGGGAGGCAGAGGTTGAGATGAGCCAAGATCGTGCCATTGCACTCCAACCTGGGCAACAAGAGTGAAACTCCATCTCAAAAAAAAAAGAAAAAAAAAAAAAAA"
"KN294172v1","4576629","4576934","JH378107","7568037","7568336","39","2991408","GGCCGGGCACAGTGGCTCAATGCCTGTAATCCCAGCATTTTGGGAGGCCGAGGTGGGTGGATCACCTGAGGTTGGGAGTTCGAGACCAGCCTAACATGGAGAAACCCTGTCTCTACTAAAAATACAAAATTAGCTGGGCGTGGTGGTGCCTGCCTATAGTCCCAGCTATTTGGGAGGCTGAGGCAGGAGAATCGCTTGAACCTGGGAGGCGGAGGTTGTGGTGAGCCGAGATCCGAGATTGTGCCATTGCACTCCAGCCTGGGCAACAAGAGTGAAACTCTGTTTCAAAAAAGAAAAAGAAAAAAA","GGCTGGGCACGGTGGCTCATGCCTGTAATCTCAGCACTTTGGGAGGCTGAGGCAGGTGGATTACCTGAGGTCAGGAGTTCGAGACCAGCCTGACCAACATGGAGAAACCCCATCTCTACTAAAAATGCAAAATTAGCTGGGCATGGTGGTGCATGCCTGTAACCCAGCTACTTGGGAGGCTGAGGCACGAGAATCGCTTGAACCCAGGAGGCAGAGGTTGTGGTGAGCTGAGATTGTGCCATTGCACTCCAGCCTGGGCAACAAGAGCGAAATTCTGTCTCAAAAAAGAAAAAAAAAAAA"
"KN294172v1","4592497","4592722","JH378166","12690881","12691106","27","8098384","ACCTGCCTGACCAACATGGAGAAACCCCATCTCTACTAAAAATACAAAATTAGCCAGGCGTGGTGGCGCATGCCTGTAATCCCAGCTACTCGGGAGGCTGAGGCAGGAGAATCGCTTGAACCCGGGAGGCAGAGGTTGTGATGAGCTGAGGTCACGCCATTGCACTCCAGCCTGGGCAACAAGAGTGAAACTCCATCTCAAAAAAAAAAAAAAAAAAAAAAAAAAA","GACCAGCCTGACCAACATGGAGAAACCCCATCTCTACTAAAAATACAAAATTAGCCAGGAATGGTGGTGCATGCCTGTAATCCCAGCTACTCAGGAGACTAGGGCAGGAGAATCACTTGAACCCAGGAGGTGGAGGTTGCGGTGAGTCAAGATCGTGCCATTGCACTCCAGCCTGGGCAACAAGAGCGAAACTCACAAAAAAAAAAAAAAAAAAAAAAAAAAAAAA"
"KN294172v1","4595547","4595840","JH378116","28171410","28171706","37","23575863","GGCCAGGCGTGCTGGCTCACACCTGTAATCCCAGCACTTTGGAAGGCTGAGGCGGGCAGATCACCTGAGGTCAGGAGTTTGAGACCAGCCTGACCAACATGGAGAAGCACCGTCTCCACCAATTAAATACAAAATTAGCCAGGTATGGTCGTGCATGCCTGTAATCCCAGCTACTCAGGAGGCTGAAGCAGGAAAATCGCTTGAACCCGGGAGGCGGAGGTTGCGGTGAGCCATCGCGCTATTGCACTCCAGCCTGGGCAACAAGAGTGAAACTCTGTCTAAAAAAAAAAAAAA","GACCAGGCATGGTGGCTCACACCTGTAATCCCAGCACTTTGGGAGGCTGAGGCAGGCAGATCACCTAAGGTCAGGAGTTTAAGACCAGCCTGACCAACATGGAGAAACCCATTTCTACTAAAAATATAAAAGTATCCAGGTATGGTGGCACATGCCTGTAATCCCAGCTACTCAGGAAGCTGAAGCAGGAGAATCACTTGAACCCGGGAGGCGGAGGTTGCCATGAGCCGAGATCACGCCATTACACTCCAGCCTAGACAACAAGAGTGAAACTCTGTCTCAAAACAAAAACAAAAA"
"KN294172v1","4598897","4599207","JH378148","7441619","7441929","38","2842722","GGCTGGGCGCAGTGACTCACACCTGTAATCCCAGCACTTTGGGTGGTCGAGGCGGGTGGATCACGTGAGGTTGGGAGTTCAAGACCAGCCTGACCAACATGAAGAAATGCCATCTTTACTAAAAATACAAAATTAGCCGGGCATGGTGGTACATGCCTGTAGTCCCAGCTACTCGGGAGGCTGAGGCAGGAGAATCGCTTGAACCCGGGAGGCAGAGGTTGCAGTGAGCGGAGATCACACCATTGCACTCCAGCCTGGGCAACAAGAGTAAAATTCTGTCTCCCGAAAAAAAAAAGAAAAGAAAAAGCAAA","GGCTGGGCACAGTGGCTCACACTTGTAATCCCAGCACTTTGGGAGGACGAGTCGGGCGGATCACCTGAGGTTGGGAGTTCAAGACCAGCCTGACCCACATGGAGAAACCCCATCTCTACCTAAAATACAAAATTAGCCAGGCATGGTGGTGCATGCCTGTAATCCCAGCTACCCTGGAGGCTGGGGCAGGTGAATCACTTGAACCTGGGAGGCAGAGGTTGCAGTGAGCCAAGATCACATCATTGCACTCCAGCCTGGGCAACAAGAGTAAAGCTCTGTCTTGAAAGAAAAAAAAGAAAGAAAGAAAGAAA"
"KN294172v1","4640666","4640940","JH378176","2398991","2399260","39","2241675","CTTTGGGAGGCCAAGGCGGGTGGATCACCTGAGGTCGGGAGTTCAAGACCAGCCTGACGAACATGGAGAAGCCCCTCTCTACTAAAAATACAAAATAATTAGCTGGGCATGGTGGTGCATGCCTTTAAGCCCAGCTACTCAGGAGGTTGAGGCAGGATAATGCTTGAACCCGGGAGGCGGAGGTTGCGATGAACTAAGATTGCGCCACTGCACTCCAGCCTGGACAACAAGAGTGAAACTCCGTCTCAACAAATAAATAAATACACAAATAAAAA","CTTTGGGAGGCCGAGGTGGGTGGATCACGAGGTCGAGAGATCGAGACCAACCTGGTCAACATGGTGAAACCCCGTCTCTACTAAAAATACAAAAAATTAGCTGGGCATGGTGGTGCGTGCCTATAATCCCAGCTACTCAGGAGGCTGAGGCAGGAGAATTGCCTGAACCCAGGAGGTGGAGGTTGCGGTGAGCCGAGATTGTGCCATTGCACTCCAGCCTGGGTAACAAGAGTGAAACTCCGTCTCAAAAAAAAAAAAAAAAAATAGAAA"
"KN294172v1","4682975","4683258","JH378120","24608971","24609252","37","19925996","GGCCAGGCACAGTGGCTCGCACCTGTAATCCCAGCACTTGGGGAGGCCAAGGCAGGTGGATCACCTGAGGTCAGGAGTTTGAGACCAGCCTGACCAACCTCTGTCTCTACTAAAAATACAAAAATTAGCTGGGCATGGTGGCACATGCCTGTAATCCCAGCTACTAGGGAGGCTGAGGCAGGAGAATCACTTGAACCTGAGAGGCAGAGGTTGCAGTGAGCCAAGATTGCACCATTGCACTCCAGAATGGGTAACAAAAGTGAAACTCCATCTCAGGAAAAAAA","GGCCGGGTGCAGTGGCTTACGCCTGTAATCCCAGCACTTTGGGAGGCCGAGGCGGGCGGATCACCTGAGGTTGGGAGTTCAAGACCACCCTGACCAATCTTGTCTCTACTAAAAATACAAAATTAGCTGGGTATGGTGGCACATGCCTGTAATCCCAACTACTCTGGAGGCTGAGTCAGGAGAATCGCTTGAATCCGGGAGGCAGAGGTTGCTGTGAGCCGAGATTGTGCCATTGCACTCCAGACTGGGCAACAAGGGTGAAACTCCATCTCAAAAAAAAAA"
"KN294172v1","4710806","4711112","JH378114","17527220","17527528","41","12816414","GGCCGGGCACGGTGGATCACACCTGTAATCTCAACACTTTGGGAGGCTGTTTGGGCCACCTGAGGTCGGGAGTTTGAGACCAGCCTGACCAACATGGAGAAACCCCATCTCTACTAAAAATACAAAATTAGCCAGGCGTGGTGGCAGACGCCTGTAATTCCAGCTACTTGGGAGGCTGAGGCAGGATAATCCCTTGAACCTGGTAGGTAGAGGTTGTAGTGAGCTGAGATTGCGCCATTGCACTCCAGCCTGGGCAACAAGAGTGAAACTCCATCTCAAAAACAAAACAAAACAAAAAAAACGAAAA","GGCTGGGCCTGGTGGCTCACGCTTGTAATCTCAGCACTTAGGGAGGCTGAGGTGGGCTAATTACCTGAGGTCGGGAGTTCGAGACCAGCCTGACCAACATAGAGAAACCCCGTCTCTACTAAAAATACAAAATTAGCCAGGCGTGGTGGCACATGCCTATAATCCCAGCTACTTGGGAAGCTGAGGCAGGAAATCGCTTGAACCCAGGAGGCAGAGGTTGCAGTGAGCCGAGATCCCACCATTGCACTCCAGCCTGGGCAACAAGAGTGAAACTCCATCTCAAAAAAAAAAAAAAAAAAAAAAAAAGAA"
"KN294172v1","4767341","4767647","JH378197","7145768","7146073","39","2378427","GGCCGGGAGCAGTGGCTCACGCCTGTAATCCCAGCCCTTTGGGAGGCCGAGGCGGGCGGATCACCTGAGGTCGAGTTCAAGACCAGTCTGACCAACATGGAGAAATCCCATCTCTACTAAAAATACAAAATTAGCCAGGCGAGGTGGCGCATGCCTGTATTTCTAGCTACTCGGGAGGCTGAGGCAGGAGAATCACTTGAACCCAGGAGGTGGAGGTTGCAGTGAGCCAAGATCGCACCACTGCACTCCCGGCTAGGCAACAAGAGCTAGACTTCGTCTCAAAACAACAATAACAGAAAAAACAAAA","GCCGGGCATGGTGGCTCACGCCTGTAATCCCAGCACTTTGGGAGGCCGAGGCGGGCTGGATCACCTGAGGTCGGGAGTTCGAGACCAGCCTGACCAACATGGAGAAACCCCGTCTCTACTAAAAATACAAAATTAGCCAGACGTGGTGGCACGTGCCTATAATCCCAGCTACTTGGGAGGCTGAGGCAGGAGAATTGCTTGAACCCAGGAGGTGGAGGTTGCGGTGAGCCAAGATCGCGCCACTGCACTCCAGCCTGGGTAACAAGAGCGAAACTCCGTCTCAAAAAAAAAAAAAGAAAAAGAAAA"
"KN294172v1","4782566","4782856","JH378139","16259084","16259375","34","11476518","GGCCAGGCGTGGTGGCTCATGCCTGTAATCCCAGCACTTTGGGAGGCCAGGCGGGCGGATCACCTGAGGTCGGGAGTTTGAGACCAGCATGACCAATATGGAGAAACCCTGTCTCCACTAAAAATACAAAATAAGCAGGGCGTTGTGGTACATGCCTGTAATCCCAGCTACTTGGGAGGCTGACGCAGGAAAATCGCTTGAACCCAGGAGGTGGAAGTTGCGGTGAGCCGAGATCGTGCCATTGCTCTCCAGCCTGGGCAACAAGAGCAAAAACTCCCTTTCAAAAAAAAA","GGCCAGGTGCAGTGGCTCACGCCTGTAATCCCAGCACTTTGGGAGGCCAAGGCAGGCGGATCACCTGAGGTTGGGAGTTTGAGACCAGCCTGACCAACATGGTGAAACCCCGTCTCCACTAAAAATACAAAAATTAGCTGGGCATGGTGGCGCGCGCCTGTAATCCCAGCTACTCAGGAGGCTGAGGCAGGAGAATTGCCTGAACCCAGGAGGCGGAGGTTGCGGTGAGCCGAGATCGCGCCATTGCACTCCAGCCTGGGCAACAAGAGCGAAACTCCGTCTCAAAAAAAAA"
"KN294172v1","4795973","4796266","JH378121","29566176","29566469","37","24770203","GGTTGGGCGCGGTGGCTCACGCCTGTAATCCCAGCACTTTGGGAGGCCAAGGCAGGTGGATTGCCTGAGGTCAGGAGTTCGAGACCAGCCTGGCCAATACAGAAAAACTCCATCTCTACTAAAAATACAAAATTAGCAGGGCGTGGTGGTGCATGCCTGTAATCCCAGCTACTCGGGAGGCTGAGGCAGGAGAATCACTTGAACCAGGAGGCGGAGATTGCAGTGAGCCAAAATCACGCCATTGCACTCCAGCCTGGGGAACAAGAGCGAAAATTTATCTCAGGAAAAAAAAAA","GGCTGGGCGCAGTGGCTCATGCCTGTAATCCCAGCACTTTGGGAGGCCGAGGCAGGTGGATCACCTGAGGTTGGGAGTTCGAGACCAGCCTGACCAACATGGAGAAACCCCGTCTCTACTGAAAATACAAAATTAGAAGGGCATGGTGGCGCATGCCTGTAATCCCAGCTACTCTGGAGGCTGAGGCAGGAGAATCGCTTGAACCTGGGAGGCAGAGGTTACAGTGGGCCAAGATTACGCCATTGCACTCCAGCCTGGGCAACAAGAGCAAAACTCTGTCTCAAATAAAAAAAA"
"KN294172v1","4827499","4827807","JH378216","6474633","6474943","30","1647134","GGCCGGACGCGGTGGCTTAAGCCTGTAATCCCAGCACTTTGGGAGGCTAAGGTGGGCAGATCACCTGAGGTTAGGAGTTCGAGACCAGCCTGACCAACATGGAGAAACCCCATCTCTACTAAAAATACAAAATTAGCTGCACATGGTGGCACATGCCTGTAATCCCAGCTACTCGGGAGGCTGAGGCAGGAGAATCGCTTGCACCTGGGAGGCGGAGGTTGCAGTGAGCTGAGATTGCGCCACTGCATTCCAGCCTGGGCAACAAGAGCGAAACTCCATCTCAAAAAAGAAAAAAAAAAGAAAAACAAA","GGCCAGATGCGATGGCTCATGCCTGTAATCCCAGCACTTTGGGAGGCCGAGGTGGGCAGATCATCTGAGGTTGGGAGTTCGAGACTAGCCTGACCAACATGGAGAAACCCCATCTCTACTAAAAATACAAAATTAGCTGGACGTGGTGGCACATGCCTGTGATCCCAGCTACTAGGGAGGCTGAGGCAGAAGAATCGCTTGAACCCGGGAGGTGGAGGTTGCAGTGAGCTGAGATTGCACCATTGCACTCCAGCCTGGGCAACAAGAGTGAAACTCTGTCTCAAAAAAAATAAAAATAAAAAAGAAAGAAA"
"KN294172v1","4859915","4860217","JH378288","1088673","1088973","38","3771242","GGCTGGGCGCGGTGACTCATGTCTGTAATCCCAGCACTTTGGGAAGCTGAGGCAGGTGGATCACCTGAGGTCAGGAGTTTGAAACCAGCCTGGCCAACATGGCAAAACCCCGTCTCTACTAAAAATACAAAAATTAGCCAGGCATGGTGGCGCACGCCTGTAGTCCCAGCTACTCAGGAGGCTGAGGCAGGAGAATCGCTTGAATCTGGGAGGTAGAGGTTGCAGTGGGCTGAGATCATGCCATTGCATTCTAGCCTGGGCGACAAGAGCGAATCTTCATCTCAAAAAAAAAAAAGCAAAAAA","GGCCAGGCGCGGTGGCTCATGCCTGTAATCCCAGCACTTTGGGATGCCGAGGCAGGTGGATCACCTGAGGTCGGGAGTTCAAGACCAGCCTGACCAACATGGAGAAATCTCATCTCTACTAAAAATACAAAATTAGCCAGGTATGGTGGCGCATGCCTGTAATCCCAGCTACTTGGGAGGCTGAGGCAGGAGAATTGCTTGAACCTGGGAGGTAGAAGTTGCAGTGAGCCAAGATCACACCATTGCACTCCAGCCTGGGCAACAAGAGTGAAACTCCATCTCAAAAAAAAAAAAAAAAAAA"
"KN294172v1","4946110","4946403","JH378137","11398263","11398561","38","6452153","GGCTGGGCACAGTGACTCACGCCTGTAATCGCAGCACTCTGGGAGGCCGAGGTGGGTGGATCACCTGAGGTCGGGAGTTTGAGACCAACCTGACTAACATGGAGAACCCTGTCTACTAAAAATACAAAATTAGCCGGGCATGGTAGCGCATGCCTGTAATCCAAGCTACTCAGTAGGCTGAGGCAGGAGAATCGCTTGAACCTGGAAGGCAGAGGTTGCAGTGAGTCGAGATCATACCATTGCACTCCAGCCTGGGTAACGAGCGAAACTCCATCTCAAAAAACAAACAAAAAA","GGCTGGGCGTGGTGGCTCACCTGTAATCCCAGCACTTTGGGAGGCCAAGGTGGGTGGATCATCTGAGGTCGGGAGTTTGAGACCAGCCTGACCAACATGGAGAAATCCCATCTCTACTAAAAATACAAAAAATTAGCTGGGTGTGGTGGCGCATGCCTGTAATCCCAGCTACTCAGGAGGCTGAGGAAGGAGAATCACTTCAACCTGGGAGGCAGAGGTTGCAGTGAGCTGAGATCACACCATTGCACTCCAACCTGGGCAACAAGAGCGAGACTCCATCTCAAAAAAAAAAAAAAAAA"
"KN294172v1","4964593","4964886","JH378111","20547618","20547911","34","15583025","GGCCAGGTGTGGTGGCTCACACCTGTAATCCCAGCACTTTGGAAGGCCAAGGAGGGCAGATCACCTGAGGTCAGGAGTTCAAGACCAGCCTAACCAACATGGAGAAACCCCATCCCTACCAAAAATGCAAAATTAGCCAGGCGTGGTGGTGCACGCCTGTAATCTCAGCTACTTGGGAGGCTGAGGCAGGAGAATCACTTGAACCTGGGAGGCAGAGGTTGCGGCGAGATAAGATCATGCCATTGCACTCCAGCCTGGGCAACAAGAGCACAACTCTGTCTCTAAATAAATAAA","GCCAGGTGTGGTGGCTCACACCTCTAATCCCAGCACTTTGGGAGGCCAAGGTGGACGAATCACCGGAGGTCAGGAGTTCAAGACCAGCCTGACCAACATGGAGAAACCCCATCTCTACTAAAAATACAAAAATTAGCCGGGCGTGATGGTGTATGCCTATAGTCCCAGCTACTTGGGAGGCTGAGGCAGGAGAATCACTTGAACCTGGGAGGCAGAGGTTGCCGTGAGTTGAGATTTCGCCATTGCACTCCATCCTGGGCAACAAGAGCAAAACTCCGACTCAAAAAAAAAAAA"
"KN294172v1","5015555","5015843","JH378116","24890259","24890547","35","19874704","TGGGTCACGCCTGTAATCCCAGCACTTTGGGAGGCTGAGGCAGGTGGATCACCAGAGGTTGGGAGTTCGAGACCAGGCTGACCAACATGGAGAAACCACATCTCTACTAAAAATGCAAAATTAACTGGGCCTGGTGGCATGTGTCTGTAATCCCAGCTACTTGGGAGACTGAGGCAGGAGAATTGCTTGAACCTGGGAGGCAGAGGTTGCGGTGAGCCAAGATCTCGCCATTTCACTCCAGCCTGGGCAACAAGAGTGAAACTCCATCTCAAGGAAAAAAAAAAAAAAA","GGCTCATACCTATAATCCCAGCACTTTGGGAGGCTAGGGTGGGTGGATCACCTGAGGTCGGGAGTTCGAGACCAGCCTGACCAACATGGAAAAACCCCATCTCTACTAAAAATACAAAATTAGCTGGGTGTGGTGGCACATGCCTGTAATCCCAGCTACTTGGGAGGCTGAGGGAGGAGAATTGCTTGAACCCAGGAGGCAGAGGTTGCGGTAAGCCGAGATCATGCCATTGCACTCCAGCCTGGGCAACAAGAGCAAAACTCCATCTCAAAAAAAAAAAAAAAAAAAA"
"KN294172v1","5018779","5019097","JH378115","31115075","31115394","33","26096296","GGCCTGGCGCGGTGGCTCATGCCTGTAATCCCAGCACTTTGGGAGCCCGAGGGGAGCAGATCACCTGAGGCTGGGAGTTTGAGACCAGCCTGACCAACATGGAGAAACCCCATCTCTACTAAAAATACAAAATTAGCTGGGCATGGTGGCACATGCCTGTAATCCCAGCTACTCGGGAGGCTGAGGCAGGAGAATCACTTGAACCTGGGAGGCGGAGGTTGTGGTAAGCCGAGATTGTGCCATTGCACTCTAGCACTCTAGCCTGGGCAACAAGAGTGAAACTGCATCTCAGAAAAAAAAAAAAAAAAAAAAAAAAAAA","GGCCAGGCGCGGTGGCTCACACCTGTAATCCCAGCACTTTGGGAGGCTGAGGCAGGCGGATCACCTGAGGTTGGGAGTTTGAGACCAACCTGACCAGCATGGAGAAACCCCATCCCTACTAAAAACACAAAATTAGCCAGGTGTGGTGATGCATGCCTGTAATCCCAGCTACTCGGGAAGGCTGAGGCAGGAGAATCACTTGAACCTGGGAGGCCGAGGTTACGGTGAGCCGAGATTGTGCCATTGCACCACTGCACTCTAGCCTGGGCAACAAGAGTGAAACTATCCTCTCAAAAAAAAAAAAAAAAAAAAAAAAAAAA"
"KN294172v1","5019129","5019434","JH378211","2356763","2357069","40","2662366","GGCCTGGCGCGGTGGCTCATGCCTGTAATCCCAGCACTTTGGGAGCCCGAGGTGAGCAGATCACCTGAGGCTGGGAGTTTGAGACCAGCCTGACCAACATGGAGAAACCCCATCTCTACTAAAAATACAAAATTAGCTGGGCATGGTGGCACATGCCTGTAATCCCAGCTACTCGGGAGGCTGAGGCAGGAGAATCACTTGAACTCAGGAGGGGGAGGTTGCAGTGAGCCAAGAGAGCGCCGCTACAAACTCCAGTTTGGGCGACAGCGTCACTCTGTCTCAAAAAAAAAAAAAAAAGAAAAGAAA","GGCTGGGCACAGTGACTCATGCCTGTAATCCCAGCACTTTGGGAGGCCGAGGTGGGCAGATCACCTGAGGCTAGGAGTTTGAGACAAGCCTGACCAACATGGAGAAACCCCGTCTCTACTAAAAATACAAAATTAGCCGGGCACAGTGGTACATGCCTGTAACCCCAGCTACTTGGGAGGCTGAGGCAGGAGAATCGCTTGAACCCAGGAGGCGGAGGTTGCAGTGAGCCAAGATCGCACCATTGCACTCCAGCCTGGGCGACAAGAGCGAAACTCCGCCAAAAAAAAAAAAAAAAAAAAAAAAAAA"
"KN294172v1","5028859","5029172","JH378112","14548306","14548618","66","9519447","GTGGTGCACATCTGTAGTCCCACCTATTCGAGAGGCTGAGGTGGGAGGATTACTTGAGGCCAGGAGTTCAAGACCACACTGAGCAAAATACTGGGACCTCATCTCACAAAATAAAATTTAAAGAAAGAAAGAAAAAAGAAGCTATAGCCAGGCATGGTGGCACATGCCTGTAATCCCAGCTACTTGGGAGGCTGAGGCAGGAGAATCGCTTGAACCCAAGGAGGCAGAGGTTGCAGTGAGACAAGATCACACCATTGCACTCCAGCCTGGGCAACAAGAGTGAAACTCCATCCAAAAAAAAAAAAAAAAAAAAA","GGTGGTTCATGCCTGTGATCTCAACACTTTGGGAGGCAGAGGCAGGCAGATTACTTGAACCCAGGAGTTCAAGACCAGCCTGAGTAACATAGCAACACCCTATCTCTACAAAAAAAAAAAAAAAAAAAAAAAAAAAATTAGCTGGGCATGGTGGCACGTGCCTGTAATCCCAGCTACTTGAGAGGCTGAGGCAGGAGAATTGCCTGAACCCAGGAGGCAGAGGTTGCGGTGAGCCGAGATCGTGCCATTGCACTCCAGCCTGGGTAACAAGAGCAAAACTCCATCTCGAAAAAGAAAGAAAGAAAGAAAGAAA"
"KN294172v1","5050423","5050727","JH378111","11962960","11963262","34","6912537","GGCTGGGCGTGGTGGCTCACGCCTATAATTCCAGCACTTTGGGATGCTAAGGTGGGTGGATCACCTGAGGACAGGAGTTTGAGACTAGCCTGACCAACATGGTGAAACCCTGTCTCTATTAAAAATACAAAAAAATTAGCTGGGCATGGTGGCACATGCTTGTAATCCCAACTACTCAGGAGGCTGAGGCAGGAGAATCACTTGAAGCCCAGAGGCGGAGGTTGCAGTGAGCCAAGACCGTGCCATTGGACTCCAGCCTGGGCAACAAGAGTGAAACTCCGTCTCAAAAAAAAAAAAAAAAAAAA","GGCCGGGCGCGGTGGCTCAAGCCTGTAATCCCAGCACTTTGGGAGGCCGAGGTGGGTGGATCATGAGGTCGAGAGATCGAGACCATCCTGGTCAACATGGTGAAACCCCGTCTCTACTAAAAATACAAAAAAATTAGCTGGGCATGGTGGCACATGCCTGTAATCCCAGCTACTCAGGAGGCTGAGGCAGGAGAATTGCCTGAACCCAGGAGGCGGAGGTTGCGGTGAGCCGAGATCGTGCCATTGTACTCCAGCCTGGGTAACAAGAGCGAAACTCCGTCTCAAAAAAAAAAAAAAAAAAAA"
"KN294172v1","5051134","5051461","JH378121","16380436","16380774","49","11329302","GGCCGGGCATGGGGGCTCACGCCTGTAATCCCAGCACTTTGGGAGGCTAAGGCGGGCAGATCACCTGAGGTTGGGAGTTCAAGACCAGCCTGACCAACATGGAGAAATCTCATCTGTACTAAAAATACAAAATCAGCCAGGTGTGATGGTGCATGCCTATAATCCCAGCTACTTGGGAGACTGAAGCAGGAGAATTATTTGAACCCGGGAGGTGGAGGTTGCGGTGAGCTGAGATCGCACTATTGCACTCCAGCCTGGGCAACAAGAGTGAAACTCTGTCTCCAAAAAAAAAAAAAAAAAAAAAAAAAAACCAAAAAACAAAAAAAAA","GGCCGGGCATGGTGGTTCATGTCTGTAATCCCAGCACTTTGGGAGGCCAAGGTGGGTGGCTCACCTGAGGTTGGGAGTTCGAGACCAGCCTGACCAACATGGAGAAACCTCATCTTTACTAAAAATATAAAATTAGCCAAGCGTGATGGTGCATGTCTGTAATCCCAGCTACTTGGGAGGCTGAGGCAGGAGAATCGCTTGAACCTGGGAGGCAGAGATTGCAGTGAGCTGAGATCATGCCATTGCACTCCAGCCTGGGCAGCAAGAGTGAAACTCCATCTCAAAAATAAATAAATAAATAAATAAATAAATAAACAAACAAACAAATAAATAAATAAA"
"KN294172v1","5067488","5067781","JH378116","24890259","24890547","41","19822771","GTGGCTCATGCCTATAATCCCAGGACTTTGGGAGGCTGAGAAGGGTGGATCACTTGAGGTCAGAAGTTTGAGACCAGCCTAATCAACGTGGTGAAACCTTGCCTCCACTAAAAATACAAAATTAGTTGGGTGTGGTGGCCCACACCTGTAATCCCAGCTACTTGGGAGGCTAAGGCAGGAAAATTGCTTGAAACTGGCAGGCAGAGTTTGCAGTGAGTCGAGATCATGCCATTGCACTCCAGCCTGGGCAACAAGAACAAAACTCCATCTCAAAAAAAAAAAAAAAAAGGAAAA","GGCTCATACCTATAATCCCAGCACTTTGGGAGGCTAGGGTGGGTGGATCACCTGAGGTCGGGAGTTCGAGACCAGCCTGACCAACATGGAAAAACCCCATCTCTACTAAAAATACAAAATTAGCTGGGTGTGGTGGCACATGCCTGTAATCCCAGCTACTTGGGAGGCTGAGGGAGGAGAATTGCTTGAACCCAGGAGGCAGAGGTTGCGGTAAGCCGAGATCATGCCATTGCACTCCAGCCTGGGCAACAAGAGCAAAACTCCATCTCAAAAAAAAAAAAAAAAAAAA"
"KN294172v1","5071989","5072255","JH378174","4130472","4130753","50","941517","GGTTGGGTGCCATGGCTCACTCCTGGAATCCCAGCAGTTTGGGAGGCCACGGCGGGTGGACCACTTGAGGTCACGAGTTCAAGACCAGCCTAACATGGTGAAACCCTGTCTCTACTAAAAATGCAAAATTAGCTGACCATGGTGGCACGTGCCTGTAATCCCAGCTACTGGCAGGAGAATCGCTTGAACCCGGGAGGTAGAGGTTGCAGTGAGCCGAGATCGCGCATTGCACTCCAGCCTGGGCAACAAGAGTAAAACTCTGTCTCA","GGTCGGGCGCAGTGGCTCACGCCTGTAATCCCAGCACTTTGGGAGGCCGAGGCAGGTGGATCACGAGGTCAAGAGATCGAGACCATCCTGATCAACATGGTGAAACCCCGTCTCTACTAAAAATACAAAAAATTAGCTGGGCATGGTGGCGCATGCCTGTAATCCCAGCTACTCAGGAGGCTGAGGCAGGAGAATTGCCTGAACCCGGGAGGCAGAGGTTGCGGTGAGCCAAGATCGCGCCATTGCACTCCAGCCTGGGTAACAAGAGCAAAACTCCGTCTC"
"KN294172v1","5072484","5072767","JH378177","6664715","6664994","32","1592231","GGCCGGGCGCGCTGGCTCACGCCTGTAATCCCAGCACTTTGGGAGGCTGAGAAGGGTGGATTGCCTGAGGTCGGGAGTTCGAGACCAGGCTGACCAACGTGGAGAAACCCCCATCTCTACTAAAAATACAAAATTAGCTGGGCGTGGTGGCGCATGCCTGTAATCCCAGCTGCTTGGGAGGCTGAGGCAGGAGAATTGCTTAAACCCAGGAGGCGGAGGTTGCAGTGAGCTGAGATTGCACCATTGCATTCCAACCTGGGCAACAAGAGCAAAACTCTATCTCA","GGCCGGGTGTGGTGGCTCACGCCTGTAATCCCAGCACTTTGGGAGGCTGAGGCAGGTGGATCACCTGAGGTTGGGAGTTCGAGACCAGCCTGACCAACATGGAGAAACCCGGTTTCTACTAAAAATACAAAATTAGCTGGGCATGGTGGTGCATGCCTGTAATCCCAGCTACTCGGGAGGCTGAGGCAGGAGAATTGCTTGAATCTGTGAGGCGGAGGTTACAGTGAGCTGAGATTGCACCATTGCACTCCAGCTTGGGCAACAAGAGCAAAACTCCATC"
"KN294172v1","5077611","5077920","JH378126","21026752","21027059","40","15949141","GGCTGGACGTGGTGGCTCATGCCTGTAATCCCAGCACTTTGGGAGGCCAACGCAGGCAGGTCACCTGAGGTCAGGAGTTTAAGACCAGCCTGACCAACATGGTGAAACCCCGTCTCTACAAAAAGTACAAAATTAGCGGGGTGTGGTGGCCCATGCTTGTAATCCCAACTACTCGGCAGGCTGAGGCAGGAGAATTGCTTGAACCCAGGAGGCAGAGGTTACAGTGAGCCACGATTGTTTCATTGCACTCCAGCCTGGGCAACAAGAGTGAAACTCTGTCTCAAAAAAAGAAATAATTAAAATTAAAAAA","GGCCGGGCGCGGTGGCTAACGCCTGTAATCCCAGCACTTTGGGAGGCCAAGGCAGGTGGATCACCTGAGGTCAGGAGTTCAAGACCAGCCTGACCAACATGGAGAAACCCCATCTCTACTAAAAATACAAAATTAGCCGGGCGTGGTGGCACATGCCTGTAATCCCAGCTACTCGGGAGGCTGAGGCAGGAGAATCGTTTGAACCTGGGAGGCAGAGGTTGAGATGAGCCAAGATCGTGCCATTGCACTCCAACCTGGGCAACAAGAGTGAAACTCCATCTCAAAAAAAAAAGAAAAAAAAAAAAAAA"
"KN294172v1","5083814","5084125","JH378151","4318339","4318636","42","765475","GCGGGGCACAGTGGCTCACGCCTGTAATCCCAGCACTCAGCACTTTGGGAGGCCAAGGCAGGTGGATCACCTGAGGTCAGGAGTTCAAGACCAGCCTGACCAACATGGTGAAACCCCGTCTCCACTGAAAATACAAAATTAGCCAGGTGTGGTGGCGCATGCCTGCAATCCCAGCTACTTGGGAGGCTGAGGCAGCAGAATTGCTTGAACCTGGGAGGTGGAGGTTGCAATGAGCTGAGATTATGCCAATGTACTCTGGCCCAGGCAACAAGAGCAAAACTCCATCACAAAAACAAAAAACAAACAAACAAA","GCTGGGTGCAGTGGCTCATGCCTGTAATCCAAGCACTTTGGGAGGCCAAGGCAGGAGGATCACCTGAGGTCAGGAGTTCAAGACCAGCCTGACCAACATGGAGAAACCCCGTCTCTACTAAAAATACAAAATTAGCCAGGCATGGTGGCACATGCCTGTAATCCCAGCTACTTGGGAGGCTGAAGCAGGTGAATTGCTTAAACCCGGGAGGCAGAGGTTGCAGTGAGCTGAGATCATACCATTGCACTCCAGCCTAGGCAACAAGAGCAAAACTCCATCTCAAAAAAAAAAAAAAAAA"
"KN294172v1","5085005","5085303","JH378205","5080625","5080919","32","4380","GGCTGGGCACGGTGGTTCACGCCTGTAATCCTAGCATTTTGGGAGGCTGAGGCAGGCGGATCACCTGACATCAGGAGTTTAAGACCAGCCTGACCAGCATGGAGAAACCCCGTCAGTACTACTAAAAATACAAAATTAGCCAGACGTGGTGGTACATGCCTGTAATCCCAGCTACTCGGGAGGCTGTGGCAGGAGAATTGCTTGAACTCGGGAGGCAGAGGTTGCGGTGAGCTGAGATTGCACCATTGCACTCCAGCCTGGGCAACAAGAGCGAAACTCCATCTCAAAAATAATAATAA","GGCCGGGCATGATGGCTCATGCCTGTAATCCCAGCACTTTGGGAGGCTGAGGCAGGCGGATCACCTGAGGTCAGGAGTTCAAGACTAGCCTGACCAACATGGAGAAACCCTGTCTCTACTAAAAATACAAAATCAGCCAGACGTGGTGGTACATGCCTGTAATCCCAGCTACTCGGGAGGCTGAGGCAGGAGAATCACTTGAACCCGGGAGGCAGAGGTTGCGGTGAGCTGAGATCGTGCCATTGCACTCTAGTCTGGGCAACAAGAGCAAAACTCTGTCTCAAGAAAAATAAAA"
"KN294172v1","5099112","5099247","JH378213","515831","515961","22","4583281","GGCCAGCCGCAGTAACTCACGCCTATAATCCCAGCACTTTGGGAGGCCAAGGCTAGCGGATCATGTGAGGTCGGGAATTTGAGACCAGCCTGACCAATATGGTGAAACGCCACCTCTACTAAAAATACAAAAATCA","GGCCAGGCGCAGTGGCTCACGCCTGTAATCCCAGCATTTGGGAGGCCGAGGCCGGCGGATCACTTGAGTTCGGGAGTTTGAGACCAGCCTGACCAACATGGAGAAACCCTGTCTCTACTAAAAATACAAAA"
"KN294172v1","5114324","5114599","JH378176","1295936","1296216","41","3818388","GGGCACGGTTCTCACACCTGTCATCCCAGCACTGTGGGAGGCCAGGCAGGCGGATCGCCTGAGGTCAGAAGTTCGAGACCAGCCTGGCCAACATGGAGAAACCCTGTCCGTACTAAAAGTACAAAATCAGCAGGGTGTGGTGCCGCATGCCTGTAATCCCAGCTACTTAGGAGGCTGAGGCAGGAGAATCACTTGAACCCAGGAGGTGGAGGTTGCAGTGGGCCGAGATTGCACCACTGCACTCCAGCCTGGGCAACAAGAGTGAAACTCTGTCCC","GCCAGGCACAGTGGCTCACACCTGTAATCCCAACACTTTGAGAGGCCGAGGTGGGCAGATCACCTGAGGTCAAGAGTTCGAAACCAGCCTGACCAACATGGAGAAACCCGGTCTCTACTAAAAATACAAAATTAGCTGGGCGTGGTGGCGCATGCCTGTGATCCCAGCTACTCAGGAAGCTGAGGCAAGAGAATCGCTTGAACCCAGGAGGTGGATGTTGCAGTGAGCCAAGATTGTGCCATTGCACTCCAGCCTGGGCAACAAGAGTGAAACTCCATCTC"
"KN294172v1","5154347","5154657","JH378197","7145768","7146073","47","1991421","GGCTGGGCATGGTAGCTGGCTCATGCCTGTAGTCCCAGCACTTTGGGAGGCCAAGGCGGGTGGATCACCTGAGGTCAGGAGTTCGAGACCAGCCTGGCCAACATGGCAAAACCCTGTCTCTAGTAAAAATACAAAAATTAATCCAAGTGTGGTGGCACGTGCCTATAATCCCAGTTACTTGGGAGGCTAAGGCAAGAGAATCACTTGAACCCAAGAGGTGGAGGTTGTAGTGAGCCAAGATGGTACCACTGCATTCTAGCCTGGGCAGCAAGAGCAAAATTCCATCTCAAAAAGAAAGAAAAGGATAAAGA","GCCGGGCATGGTGGCTCACGCCTGTAATCCCAGCACTTTGGGAGGCCGAGGCGGGCTGGATCACCTGAGGTCGGGAGTTCGAGACCAGCCTGACCAACATGGAGAAACCCCGTCTCTACTAAAAATACAAAATTAGCCAGACGTGGTGGCACGTGCCTATAATCCCAGCTACTTGGGAGGCTGAGGCAGGAGAATTGCTTGAACCCAGGAGGTGGAGGTTGCGGTGAGCCAAGATCGCGCCACTGCACTCCAGCCTGGGTAACAAGAGCGAAACTCCGTCTCAAAAAAAAAAAAAGAAAAAGAAAA"
"KN294172v1","5163478","5163784","JH378152","15994237","15994545","34","10830759","CTGGGCGTGGTATCTCATGCTTGTAATCCCAGCACTTTGGGAGACTGAGGCGGGCAGATCACCTGAGGTCAGGAGTTCTAGACCAGCCTGACCAACATGGAGAAACCCTGTCTCTACTAAAAATACAAAATTAGCCAGGCGTGTTGGCACATGCCTGTAATCCCAGCTACTCCGGAGGCTGAGGCAGCAGAATCGCTTGAACCCCGGGAGGCAGAGTTTGCGGTGAGCCGAGATCGCACCATTGCATTCTAGCCTGAGCAACAAGAGCAAAACTCCGTCTCAAAAAAAAAAAAGGAAAGAAAATAAA","CTGGGCGTGGTGGCTCATGCCTGTAGTCCCAGCACTTTGGGAGGCTGAGGCGGGCAGATCACCTCAAGTCGGGAGTTTGAGACCAGCCTGACCAACATGGAGAAATCCTGTCTCTACCAAAAATACAAAATTAGCCAGGTGTGGTGGCACATGCCTGTAATCCCAGCTACTCAGGAGGCTGAGGCAGGAGAATCACTTGAACCCAGGAGGCGGAGGTTGAGGTGAGCCGAGATCACACCATTGCACTCCAGCCTGGGCAACAAGAGCAAAACTCCATCTCAAAAAAAACAAAAAAAAAAAAGAAAGAAA"
"KN294172v1","5200908","5201205","JH378124","15582898","15583197","30","10381990","CTGGACACGGTGGCTCATGCCTGTAATCCCAGCACTTTGGGAGGCCGAGGTGGGTGGATCGCCCGAGGTTGGGAGTTTAAGACCAGCCTGACCAACATGGAGAAACCCCATCTCTGCTAAAAATACAAAATTAGCCGCGTGTGGTGGTTCATGCCTGTAATCCCAGCTACTTGGGAGGCTGAGGCAGGAGAATTGCTTGAACCCAGGAGGCGGAGGTTGCAGTGAGCTGAGATCGCGCCATTGCATTCCAGCCTGGGCAACAAGAGCAAGACTCTGTCTCCAAAAAAAAAAAAAAAAA","GGCCGGGCATGGTGGCTCACGCCTGTAATCCCAGCACTTTGGGAGGCTGAGGCAGGTGGATCACCTGAGGTTGGGAGTTCAAGACCAGCCTGACCAACATGGAGAAACACCATCTCTACTAAAAATACAAAATTAGCCGGGCATGGTAGCACATACCTGTAATCCCAGCTACTTGGGAGGCTGAGGCAGGAAAATCGCTTGAACCCAGGAGGTGGAGGTTGCAGTGAGCTGAGATCTTGCCATTGCACTCCAGCCTGGGCAACAAGAGCAAAATTCTGTCTCAAAAAAAAAAAAAAAAAA"
"KN294172v1","5203349","5203648","JH378139","18955642","18955939","35","13752293","GCCAGGCGCAGTGGCTCATGCCTATAGTCCCAGCACTTTGGGAGGCCAAGGCAGGCAGATCACCTGAGGTTGGGAGTTCAAGACCAGCCTGATCAACATGGAGAAACCCTGTCTCTACTAAAAATACAAAATTAGCCAAGTATAGTGGCGCATGCCTGTAATCCCAGCTACTAGGGAGGCTGAGACAGGAGAATCGCTTGAACTCAGGAGGCGGAGGTTGAGGAGAGCTGAGATCGCACCATTGCACTCCAGCCTGGGTAGCAAGAGCGAAACTCCGTCACAAAAAAACAAACAAAAAAA","GGTCGGGCGCAGTGGCTTATGCCTATAATCCCAGCACTTTGGGAGGCCAAGGTGGGCAGATCACCTGAGGTTGGGAGTTCGAGATCAGCCTAACCAACATGGAGAAACCCCATCTCTACTAAAAATAAAAAATTAGCCAGGCATGGTGGCACATGCCTGTAATCCCAGCTACTCAGGAGGCTGAGGCAGGAGAATCGCTTGAACCCAGGAGGTGGAGGTTGCAGTGAGCTGAGATGGCACCATTGCACTCCAGCCTGGGCAACAAGAGCAAAACTCCATCTCAAAAAAAAAAAAAAAA"
"KN294172v1","5217581","5217715","JH378113","6264142","6264279","21","1046561","GCACCTGGAATCCCAGCTACTCAGGAGGCTGAGGCAGGAGAATCTCTTGAACCCAGGAGGCGGAGATTGTGGTGAGCCGGGATCACACCATTGTACTCCAGCCTGGGCAACGAGAGCAAAACTCCATCTTAAAAA","GTGCCTGTAATCCCAGCTACTCAGGAGGCTGAGGCAGGAGAATTGCCTGAACCCAGGAGGCGGAGGTTGCGGTGAGCCAAGATCGCGCCATTGTACCCCAGCCTGGGTAACAAGAGCGAAACTCCGTCTCAAAAAAAA"
"KN294172v1","5223132","5223423","JH378161","12412880","12413167","35","7189748","GGCCGGGCGTGGTAGCTCATGACCATAATCCCAGCACTTTGGGAGGCCAAGGCGGGTGGATCACCTGAGGTCAGGAGTTCGAGATCAGTCTGACCAATATGGTGAAACCCCGTCTCTACTAAAAATACAAAAAATTAGCCAGGCATGGTGGCACATGCCTGTAATCCTAGCTTTTCAGGAGTCTGAGGCAGGAGAATTGCTTGAACCCAGGAGGCAGAGGTTGCAGTGAGCTGAGATTGTGCCATTGCACTCCAGCCTGGGCAACGAGAGTGAAACTCCGTCTCAAAAATAA","GCCGGGCGCGGTGGCTCACGCCTGCAATCCCAGCACTTTGGGAGGCCAAGGCGGGTGGATCACGAGGTCAAGAGATCGAGACCATCCTGGTCAACATGGAGAAACCCCGTCTCTACTAAAAATACAAAAAATTAGCTGGGCATGGTGGCGCGTGCCTGTAATCCCAGCTACTCAGGAGGCTGAGGCAGGAGAATTGCTTGAACCCAGGAGGCAGAGGTTGCGGTGAGCCGAGATCGCGCCATTGCACTCCAGCCTGGGTAACAAGAGCGAAACTCCGTCTCAAAAAAA"
"KN294172v1","5229499","5229799","JH378112","32239035","32239334","36","27009536","GGTCAGGTGCGGTGGCTCACTTTTGTAATCCCAGCACTTTGGGAGGACAAGGCGGGCGGATCACCTGAGGTTGGGAGTTTGAGACCAGCCTGGTCAATATGGAGAAACCCCATCTCTACTAAAAATACAAAATTAGCTGGGCGTGGTGGCGCATGTCTGTAATCCCAACTACTCAGGAGGCTGAGGCAGGAGAATCGCTTGAACCTGGAAGGCAGAGGTTGCAGTGAGGCGAGATCGTGCCGTTGCACTCCAGCCTGGGCAATAAGAGTAAAACTCCATCTTAAAAAAAAAAAAAGAAAAA","GACCAGGTGCGGTGGCTCACACTTGTAATCCCAGCACTTTGGGAGACCAAGACGGGCGAATCACCTGAGATTGGGAGTTCAAGACCAGCCTGACCAACATGGAGAAACCCTGTCTCTACTAAAAATACAAAATTAGCTAGGCATTGGTGGCACATGCCTGTAACCCCAGCTACTCGGGAAGCTGAGGCAGGAGAATCACTTGAACCTGAAGACAGAGGTTGCAGTGAGCCGAGATTGTGCCATTGCACCCCAGCCTGGGCAACAAGAGCAAAACTCCATCTCAAAAAAAAAAAAAAAAAA"
"KN294172v1","5235754","5235957","JH378107","47366688","47366883","35","42130934","TTAATTAATTAATTTAATTTAATTAAATACAAAAATTAGCTGGGCATAGTGGCACATGCCTGTAATCCCAGCTACTAGGGAGACTGAGGCAGGAGAATTGTTTGAACCTGGTAGGTGGAGGTTGGGGTGAGCTGAGATCACACCATTGCACTCCAGCCTAGGCAACAAGAGCAAAACTCCATCTCAAAAAAAAAAAAAAAAAAA","ACCCCGTCTCTACTAAAAATACAAAAAATTAGCTGGGCATGGTGGCACGTGCCTGTAATCCCAGCTACTCAGGAGGCTGAGGCAGGAGAATTGCCTGAACCCAGGAGGCGGAGGTTGCGGTGAGCCGAGATCACGCCATTGCACTCCAGCCTGGGTAACAAGAGCAAAACTCCGTCTCAAAAAAAAAAAAAAAAAA"
"KN294172v1","5236247","5236391","JH378184","5372802","5372943","30","136555","GGCTGGGAGCAGTGATTCATGCCTGTAATCCCAGCACTTTGGGAGGCCAAGGAGGGAGTATCACTTGAGTCCAGAAGGTCGAGACCAGCCTGGGCAACATGGCAAAACCCTATCTCTACAAAACATACAAAAATTATCCGGGCAG","GGCTGGGTGCAGTGGCTCACACCTATAATCCCAACACTTTGGGAGGCCGAGGCAGGTGGATCACCTGAGGTCAGGAGTTCAAGACCAGCCTGACCAACATGGAGAAACCCTGTCTCTACTAAAAATACAAAAATTAGCCAGG"
"KN294172v1","5252980","5253274","JH378157","9676550","9676840","41","4423570","GGCCAGGGGGGGGGACTCATTCCTGTAATCCCAGCACTTTGGGAGGCTGAGGCGGGTGGATCACTGAGGTCAGGAGTTCGAGGCCAGCCTGACCAATATGAGGAAAGCCCATCTCTACTAAAAATACAAAAATCAGCTGCGTGTGGTGGCATGCATCTGTAATCCCAGCTACTCGGGAGGCTGAGACAGAAGAATCACTTGAACCTGGGAGGCAGAGGTTGCAGTGAGCCGAGATTGCACCATTCCACTCCAGCCTGGGCAACGAGAGTGAAACTCTGTCTCAAAAATAAATAAA","GGCTAGGTGCGGTGGCTCACACCTGTAATCCCAGCACTTTGGGAGGCCAAGGCAGGTGGATCACCTGAGGTCAGGAGTTCGAGACCAGCCTGACCAACATGGAGAAACCCCATCTCTACTAAAAATACAAAATTAGCTGGGCGTGGTGGCGCATGCCTGTAATCCCAGCTACTTGGGAGATTGAGACAGCAGAATTGCTTGAACCCAGGAGGCGGAGGTTGCAGTGAGCTGAGATTGCACCATTGCACTCCAGCCTGGGCAACAAGGTGAAACTCCGTCTCAAAAAAAAAA"
"KN294172v1","5254921","5255216","JH378234","804070","804364","32","4450851","GGCCGGGCACAGTGGCTCACGCCTGTAATCCCAGCACTTCGGGATGCCAAGGTGGGCAGATCACCTGAGGTCAGGAGTTCAAGACCAGCCTGACCAACTTGGAGAAATCCCATCTCTACTAAAAATACAAAATTAGCTGGGTGTGGTGGCGGATGCCTGTAATCCCAGCTACTCGGGAGGCTAAGGCAGGAGAATCGCTTGAACCCAGGAGGCTAAGGTTGTGGTGAGCCAAGATTGCACCACTGCACTCCAGCCTGGGCAACAAGGGCAAAACTTTGTCTCAAAAAATAAAATAA","GGTCGGGCGCAGTGGCTCACAACTGTAATCCCAGCAATTTGGGAGGCCAAGGCGGGCAGATAACCTGAGGTCAGGAGTTCAAGACCAGCCTGACCAACATGGGGAAACCCCATCTCTACTAAAAGTACAGAATTAGCTGGGTGTGGTGGCACATGACTGTAAACCCAGCTACTCAGGAGGCTGAGGCAGGAGAATTACTTGAACCCAGGAGGCAGAGTTGCAGTGAGCCAAGATTGAACCACTGCACTCCAGCCTGGGCAACAAGAGCAAAACTGTGTCTCAAAAAATTAAAAAA"
"KN294172v1","5266373","5266456","JH378128","11506241","11506323","12","6239868","GACTGGGTGCTGCAGCTCATGCCTGTAATCCTAGTACTTTGGGAGGCCGAGCCGGGTGAATCACCTGAGGTCAGGAGTTCAAGA","GGCCGGGTGCGGTGGCTCACGCCTGTAATCCTAGCACTTTGGGAGGCCGAGGTGGGTGGATCACCTGAGGTCCGGAGTTCAAG"
"KN294172v1","5268987","5269285","JH378235","4514528","4514824","30","754459","GGCAGGGCATGGTGGCTCACACCTGTAATCCCGGCACTTTAGGAGGCCAAGGCGGGTGGATCACCTGAGGTCAGGGTTCGAAACGAGCCTGACCAACATGGAGAAACTCCATCTCTACTAAAAATACAAAATTAGCTGGGCATGGTGGCACATGCCTGTAATCCCAGCTACTCAGGAGGCTGAGGCAGGAGAATCACTTGAACCCGGGAGGCAGAGATTGCAGTGAGCCGAGATCATGCCATTGCACTCCAGCATGGGCAACAAGAGCGAAACTCTGTCTCAAAAAAAAAAAAAAGAAA","GGCCAGGCGTGGTGGCTCACACCTGTAATTCCAGCACTTTGGGAGGCTGAGGCTGGTGGATCACCTAAGGTCAGGAGTTTGAGACCAGCCTGACCAACATGGAGAAACTCCATCTCTGCTAAAAATACAAAATTAGCTGGGTATGGTGGCACATGCCTGTAATCCCAGCTACTCGGGAGGCTGAGGCAGGAGAATCGCTTGAACCTGGGAGACGGAGGTTGCAGTGAGCCGAGATCAGGCCATTGCACTCCAGTCTGGGCAACAAGAGCAAAACTCTGTCTCAAAAACAAAAAAAAA"
"KN294172v1","5269365","5269670","JH378211","2356763","2357069","30","2912602","GGCTGGGCATGGGGGCTCATGCCTGTAATCCCAGCACTTTGGGAGGCCGAGGTGGGCAGATCACCTGAAGTCGGGAGCTTGAGACCAGCCTGGCCAACATGGGGAAACCCCGTCTCTACTAAAAATACAAAATTAGCAGGGCATATTGGCACATGCCTGTAATCCCAGCTACTTGGGAGGCTGAGGCAGGAGAATCGCTTGAACCCGGGAGGCGGAGGTTGCGGTGAGTCAAGATTGCGCCATTGCACTCCAGCCTGGGCAACAAGAGTGAAACTCTTTCTCAAAAAAAAAAAAAAAAAAAAAAAA","GGCTGGGCACAGTGACTCATGCCTGTAATCCCAGCACTTTGGGAGGCCGAGGTGGGCAGATCACCTGAGGCTAGGAGTTTGAGACAAGCCTGACCAACATGGAGAAACCCCGTCTCTACTAAAAATACAAAATTAGCCGGGCACAGTGGTACATGCCTGTAACCCCAGCTACTTGGGAGGCTGAGGCAGGAGAATCGCTTGAACCCAGGAGGCGGAGGTTGCAGTGAGCCAAGATCGCACCATTGCACTCCAGCCTGGGCGACAAGAGCGAAACTCCGCCAAAAAAAAAAAAAAAAAAAAAAAAAAA"
"KN294172v1","5276813","5276890","JH378112","8034581","8034656","9","2757768","GGCTGGGCACGGTGGCTCATGCTTATAATCCCAGCACTTTGGGAGGCTGAGGTGGGTGGATCACCTGAGGTCCAGAGT","GGCTGGGCGTGGTGGCTCATGCCTATAATCTCAGCACTTTGGGAGGCTGAGGTGGGTGGATCACCTGAGGTTGGGA"
"KN294172v1","5288126","5288379","JH378164","6445032","6445284","31","1156906","GGCCAGGCCACAGTGGCTCACACCTGTAATCCCAGCATTTTGGGAGGTCGAGGTGGGCGGATCACCTGAGGTCCGGAGTTCAATACCAACCTGACCAACATGTAGAAACTCTGTCTTTACTAAAAATACAAAATCAGCTGGGCATGGTGGCACATGCCTGTAATCCCAGCTACTCAGGAGGCTGAGGCAGGAGAATTGCTTGAACCTGGGAGGTGGAGGTTGCAGTGAGCCAAGATCGTGCCATTGCACTCTAG","GGACAGGCACAGTGGCTCACCCCTGTAATTCCAGCACTTTAGGAGGACGAGGCGGGCAGATCACCTGAGGTTGGGAGTTCGGGACCAGCCTGACCAATATGGTGAAACCCCATCTGTACTAAAAATACAAAATTAGCTGGGTATGGTGGCACAGGCCTGTAATCCCAGCTACTTGGGAGGCTGAGGCAGGAGAATTGCTTGAACCTGGGAGGCGGAGGTTGCAGTGAGCCAAGATCATGCTATTGCACTCCAG"
"KN294172v1","5306164","5306455","JH378173","3726868","3727155","37","1579296","GGCTGGGCACAGTGGCTCACACCTGTAATCCCATCACTTTGGGAGGCCAAGATGGGCAGATCACCCGAGGTCAGCAGTTCAAGATCAGCCTGACCAACATGGAGAAACCCCGTCTCTACCAAAAATACAAAATTAACTGGGTGTGGTGGCGCATGCCTGTAATCCCAGCTATTCAGGAGGCTGCAGCAGGAGAGAATCACTTGAACCCAGAAGACAGAGGTTGTGGTGAGCCAAGATTATGCCATTGCACTCCAGCCTGGGCAACAAGAGCAAAACTGTCTCAAAAAAAAAA","GGGTGCAGTGGCTCACACCTGTAATCTCAGCACTTTGGGAGGCCAAGGTGGGCGGATCACCTGAGGTCAGGAGCTCGAGACCAGCCTGACCAACATGAAGAAACCCCGTCTCTACTGAAAATACAAAATTAGCTGGATGTGGTGGCACATGCCTGTAACCCCAACTACTCAGGAGGCTCAGGCAGGAGAATCGCTTGAACCCAGGAGACGGAGGTTGTGGTGAGCCAAGATCGCGCCATTGCACTCCAGCCTGGGCAACAAGAGCAAAACTCCATCTCAAAAAAACAA"
"KN294172v1","5307526","5307835","JH378170","4783494","4783792","53","524032","GACCGGGTGCCGTGGCTTACGCCTACAATCCCAGTACTTCAGGAGGCCGAAGTGGGTGGATCACCTGAAGTTGGGAGTTTGAGACCAGCCTGGCCAACATGTAGTAGAAACCCCGTCTCTACTGAAAATATAAAAAATTAGCTGGATGTGGTGTCACACACCTGTAATCCCAGCTACTCAGGAGGCTGAGATAGGACAGTTGCTTGAACCTGGGAGGTGGAGGTTGCAATGAGTAGAGATCGCACCATTATACTCCAGCCTGGGCAACAGAGCGAAATTCTGTCTCAAAAAATAAAATTAAATAAATAAA","GCTGGGTGCAGTGGCTCACACCTGTAATCCCAGCACTTTGGGAGGCTGAGGCGGGCGGATCACCTGAGGTTGGGAGTTCGAGACCAGCCCTGACCAACATGGAGAAACCCCGTCTCTACTAAAAATACAAAATTAGCTGGGTGTGGTGGCACACGCCTGTAATCCCAGCTACTCAGGAGGCTGAGGCAGGAGAATTGCCTGAACCCAGGAGGCGGAGGTTGCGGTGAGCTGAGATCGCGCCATTGCACTCCAGCCTGGGTAACAAGAGCGAAACTCCGTCTCAAAAAAAAAAAAAAAAA"
"KN294172v1","5308613","5308906","JH378105","2418683","2418975","39","2889930","GCTGGGTGCGGTGACTCACGCCTGTAATCCCAGCACTTTGGGAGGTTGAGGCAGGTGAATCACCTGAGGTCACACATTCGAGACCAGCCTGGCCAACATGGTGAAACCCCGTCTCTAATAATAATACAAAAATTAGCCGGGCATGGTGGTGCACACCTGTAATCCCAGCTACTTGGGAGGCTGAGGCAGGAGAATCACTTGAACCCAGGAGGCACAGATTGTAGTGAGCTGAGATCGCACCATTACACTCCAGCCTAGGCAACAAGAGCAAAACTCCATCTCCAAAAAAAAAAA","GCTGAGCACGGTGGCTCACGCCTGTAATCCCTGCACTTTGGGAGGCCGAGGTGGGTGGATCACCTGAGGTGGAGAGTTTGAAACCAGCCTGACCAACATGGAGAAACCTCATCTCTGCTAAAAATACAAAATTAGCCGGGCATGATGGTGCACGCCTGTAATCCCAGCTACTCAGGAGACTGAGGCAGGAGAATCTCTTGAACCCAGGAGGCGCAGGTTGTGGTGAGCTGAGATTGCGCCATTGCACTCCAGCCTGGGCAACAAGAGCAAAACTCCATCTCAAAAAAAAAAAA"
"KN294172v1","5324074","5324369","JH378123","48357","48656","29","5275717","GGCCGGGTGCGGTGGCTCATACCTGTAATCCCAGCACTTTGGGAGGTTGTGGCTGGTGGATCACCTGAGGTCGGGAGATCGAGACCAGCCTAACCAACATGGAGAAACCCTGTCTCTACTAAAAATACAAAATTAGCCCGGCGTGGTGGCACATGCCTGTAATCCCAGCTACTCGGGAGGCTGAGGCAGGAGAATCGCTTGAACCCAGGAGGTAGAGGTTGCAGTGAGTCGAGATCGCACCATTGCACTCCAGCCTGGGCAACAAAAGCGAGACTCCGTCTCAAAAAAAAAGAGAA","GGCCAGGCACTGTGGCTCATACCTGTAATCCCAGCACTTTGGGAGGCTGAGGCAGGTGGATCATGTGAGGTCAGGAGTTCAAGACCAGCCTGACCAACATGGAGAAACCCTGTCTCTACTAAAAATACAGAAATTAGCCAGGCGTGGTGGCACATGCCTGTAATCCCAGCTACTTGGGAGGCTGAGGCAGGAGAATTGCTTGAACCTAGGAGGCAGAGGTTGCAGTGAGCTGAGATCACACCATTGCACTCCAGCCTGGGCAACGAAAGTGAAACTCTTGTCTCAAAAAAAAAGAGAAAA"
"KN294172v1","5327056","5327309","JH378140","6565539","6565787","40","1238483","GGCCGGGCACCGTGGCTCACACCTGTAATCCCAGCACTTTGGGAGGCTGAGGCAGCCGCATCACCTGAGATCAGGAATTCGAGACCAGCCTGACCAACATGGAGAAATCCTGTCTCTACTAGAAATACGAAATTAGCCGGGCATGCCTGTAATCCCAGCTACTCAGGAGGCTGAGGCAGGAGAATTGCTTGAACCCGGAAGGTGGAGGTTGCAGTGGGCTGAGATTGCGCCACTGCACTCCAGCATGGGCAACA","GGCTGGGCGCAGTGGCTCACACCTGTAATCCCAGCACTTTGGAAGGCCGAGGCAGGTGGATCACCTGAGGGTGGGAGTTCGAGACCAGCCTGACCAACATGGAGAAACCCTGTCTCTACTAAAAATACAAAATTAGCTCGTGCATGCCTGTAATCCCAGCTATTTAGGAGGTGGAGGCAGGAGAATCGCTTGAACCTGGGAGGCAGAGGTTGCAGTGAACCTAGATGGTGCCACTGCACTCCAGCCTGG"
"KN294172v1","5339561","5339871","JH378197","7145768","7146073","36","1806207","GGCTGGGCATGGTGGCTCAGGCCTGTAATCCCAACATTTTGGGAGGCCGAGGTGGGTGGATCACCTGAGGTTGGGAGTTCAAGACCAGCCTGACCAATGTGGAGAAACCCGGTCTCTACTAAAAGTACAAAATTAGCCGGGCGTGGTGGCACATGCCTATACCCCCAACTAATTGGGAGGCTGAGGCAGGAGAATCGCTTGAATCCAGGAGGGGAGGTTGTGGTGAGCAAAGATCGCACACCACTGCACTCCAGCCTGGACAACAAGAGCAAAACTCCGTCTAAAAAAAAAAGAAAGAAAGAAAAAGAAAA","GCCGGGCATGGTGGCTCACGCCTGTAATCCCAGCACTTTGGGAGGCCGAGGCGGGCTGGATCACCTGAGGTCGGGAGTTCGAGACCAGCCTGACCAACATGGAGAAACCCCGTCTCTACTAAAAATACAAAATTAGCCAGACGTGGTGGCACGTGCCTATAATCCCAGCTACTTGGGAGGCTGAGGCAGGAGAATTGCTTGAACCCAGGAGGTGGAGGTTGCGGTGAGCCAAGATCGCGCCACTGCACTCCAGCCTGGGTAACAAGAGCGAAACTCCGTCTCAAAAAAAAAAAAAGAAAAAGAAAA"
"KN294172v1","5341077","5341377","JH378126","21026752","21027059","41","15685675","GGCTGGGTGTGGTGGCTCACGTCGGTAATCCCAGCACTCTGGGAGGTCGAGGCAGGCAGATCACCTGAGGTTGCGAGTTCAAGACCAACCTGACCAACATGGAGAAACCTAATCTCTACTAAAAATACAAAATTAGCCGGGCGTGGTGGCGCATGCCTGTAATCCCAGCTACTTGAGAGGCTGAGGCATGAGAATCGCTTGAACCTGGGAGGCAGAAGTTGCAAGATCGCACAATTGCACTCCAGCCTGGGCAACAAGAGTGAAACTCCATCTCAAAAAAATAAATAAGTAAATAAATAAA","GGCCGGGCGCGGTGGCTAACGCCTGTAATCCCAGCACTTTGGGAGGCCAAGGCAGGTGGATCACCTGAGGTCAGGAGTTCAAGACCAGCCTGACCAACATGGAGAAACCCCATCTCTACTAAAAATACAAAATTAGCCGGGCGTGGTGGCACATGCCTGTAATCCCAGCTACTCGGGAGGCTGAGGCAGGAGAATCGTTTGAACCTGGGAGGCAGAGGTTGAGATGAGCCAAGATCGTGCCATTGCACTCCAACCTGGGCAACAAGAGTGAAACTCCATCTCAAAAAAAAAAGAAAAAAAAAAAAAAA"
"KN294172v1","5342538","5342829","JH378151","8381511","8381803","38","3038973","GCCAGGCACAGTGGCTCATGTCTGTAATCCCAGCACTTTGGGAGGCCGAGACGGGTGGATCACCTGAGGTCGGGAGTTCAAGACCAGCCTGACTAACATGGGGAAACCCTGTATCTACTAAAAATACAAAATTAGCCAGGCATAGTGACGCATGCCTGTAATCCCAGTACCCAAGAAGCTGAGGCAGGAGAATCGCTTGAACCCGGGAGGCAGAGGCTGCAGTGAGCAGAGATGGCGCCACTGCACTCCAGCCTGGGCTATAGAATGAAACTCCATCTCAAGACAAACAAAA","GCCAGGCGCAGTGGCTCACACCTGTAATCCCAGCACTTTGGGAGGCTGAGGCAGGTGGATCACCTGAGGTCAGGAGTTCAAGACCAGCCTGACCAACATGGAGAAACCCTATCTCTACTAAAAATACAAAATTAGCCAAGCGTGGTGGCGCATGCCTGTAATCCCAGCTACTCGGGAGGCTGAGGCAGGAGAATTGCTTGAACCTGGGAGGCGGAGGTTGCAGTGAGCCGAGATCTCACCACTGCACTCCAGTCTGGGCAACAAGAGTGAAACTCCATTTCAAAAAAATAAAA"
"KN294172v1","5351871","5352177","JH378159","5493568","5493869","34","141697","GGCCGGGAGCGGTGGCTCATTCCTATAATCCCAGCACTTTTGGAAGCCAAGGCAGGCGGATCACATGAGGATGGGAGTTTGAGACCAGCATGACTAACATGGAGAAACCTCATCTCTACTAAAAATACAAAATTAGCTGGGTGTGGTGGTGCATGCCTGTAATCCCAGCTACTCAGGAGGCTGAGGCAGGAGAATTGCTTGAACTTGGGAGGCGGAGGTTGAGGTAGGCCGAGATCGCACCATTGCACTCCAGCCTGGGCAACAAGAGCAAAACTCCATCTCAAAAAAAAAAAAAAAGAAAAGGAAA","GCTGGGCACGGTGGCTCATGCCTGTAATCCCAGCACTTTGGGAGGCTGAGGCAGGCGGATCACCTGAGGTTAGGAGTTTGAGACCAGCCTGACCAACATGGAGAAACCCCATCTCTACTAAAAATACAAAATTAGCCAGGTGTAGTGGTTCATGCCTGTAGTCCCAGCTACTCAGGAGGCTGAGGCAGGAGAATTGCTTGAACCTGGGAGGCAGAGGTTGGGGTGAGCCGAGATTGCACCATTGCACTCCAGCCTGGGTAACAAGAGTAAAACTCCATCTCAAAAAAAAAAAGAAAAAAAAA"
"KN294172v1","5353891","5354182","JH378121","29566176","29566469","37","24212285","GTCGGTCGCAGTGGCTTATGCCTGTAATCCTAGCACTTTGGGAGGCCGAGGCGGGCGGATCACTTGAGGACAAGAGTTCGAGACCAGCCTGACCAACACGGAGAAACCCCTGTCCTACTAAAAATACAAAATTAGCCGGGCGTGGTGGCGCATGCCTGGAATCCCAGCTACTCGGCAGGTTGAGGCGGGAAAATCGCTTGAACCTGGCAGGCGGAAGTTGCAGTGAGCAGAGATTGTGCCATTGCACTCCAGCCTGGGCAACAAGAGCAAAACTCGGTCTGAAAAAAAAAAA","GGCTGGGCGCAGTGGCTCATGCCTGTAATCCCAGCACTTTGGGAGGCCGAGGCAGGTGGATCACCTGAGGTTGGGAGTTCGAGACCAGCCTGACCAACATGGAGAAACCCCGTCTCTACTGAAAATACAAAATTAGAAGGGCATGGTGGCGCATGCCTGTAATCCCAGCTACTCTGGAGGCTGAGGCAGGAGAATCGCTTGAACCTGGGAGGCAGAGGTTACAGTGGGCCAAGATTACGCCATTGCACTCCAGCCTGGGCAACAAGAGCAAAACTCTGTCTCAAATAAAAAAAA"
"KN294172v1","5357006","5357314","JH378106","22448319","22448625","39","17091313","GGCTGGGTGCGGTGGCTCACGCCTGTAATCTCAGCACTTTGGGAGGCCGAGGTGGGCGGATCACAAGGTCAGGAGTTGCAGACCAGCCTGGCCAACACGGCAAAACCCTGTCTCTACTAATAATACAAAATTTAGCCTGGCATGGTGGCGCATGCCTGTAATCCCAGCTCCTCGGGACGCTGAGGCAGAAGAATCTCTTGAACCCGGGAGGCGGAACTTGTGGTGAGCTGAGATTGTGCCATTGCACTCCAGCCTGGGCAACAAGAGCGAAACTCCATCTCAAAAAATAAAAAATAAAATAAAATAAAA","GGCCGGGCGCGGTGGCTCAAGCCTGTAATCCCAGCACTTTGGGAGGCCGAGGTGGGTGGATCACAAGGTCAAGAGATCGAGACCATCCTGATCAACATAGTGAAACCCCGTCTCTACTAAAAATACAAAAAATTAGCTGGGCATGGTGGCGCATGCCTGTAATCTCAGCTACTCAGGAGGCTGAGGCAGGAGAATTGCCTGAACCCAGGAGGCGGAGGTTGTGGTGAGCCGAGATCGTGCCATTGCACTCCAGCCTGGGTAACAAGAGCGAAACTCCATCTCAAAAAATAAAATAAAATAAAATAAA"
"KN294172v1","5358134","5358442","JH378106","22448319","22448625","39","17090185","GGCTGGGTGCGGTGGCTCACGCCTGTAATCTCAGCACTTTGGGAGGCCGAGGTGGGCGGATCACAAGGTCAGGAGTTGCAGACCAGCCTGGCCAACACGGCAAAACCCTGTCTCTACTAATAATACAAAATTTAGCCTGGCATGGTGGCGCATGCCTGTAATCCCAGCTCCTCGGGACGCTGAGGCAGAAGAATCTCTTGAACCCGGGAGGCGGAACTTGTGGTGAGCTGAGATTGTGCCATTGCACTCCAGCCTGGGCAACAAGAGCGAAACTCCATCTCAAAAAATAAAAAATAAAATAAAATAAAA","GGCCGGGCGCGGTGGCTCAAGCCTGTAATCCCAGCACTTTGGGAGGCCGAGGTGGGTGGATCACAAGGTCAAGAGATCGAGACCATCCTGATCAACATAGTGAAACCCCGTCTCTACTAAAAATACAAAAAATTAGCTGGGCATGGTGGCGCATGCCTGTAATCTCAGCTACTCAGGAGGCTGAGGCAGGAGAATTGCCTGAACCCAGGAGGCGGAGGTTGTGGTGAGCCGAGATCGTGCCATTGCACTCCAGCCTGGGTAACAAGAGCGAAACTCCATCTCAAAAAATAAAATAAAATAAAATAAA"
"KN294172v1","5359160","5359468","JH378106","22448319","22448625","39","17089159","GGCTGGGTGCGGTGGCTCACGCCTGTAATCTCAGCACTTTGGGAGGCCGAGGTGGGCGGATCACAAGGTCAGGAGTTGCAGACCAGCCTGGCCAACACGGCAAAACCCTGTCTCTACTAATAATACAAAATTTAGCCTGGCATGGTGGCGCATGCCTGTAATCCCAGCTCCTCGGGACGCTGAGGCAGAAGAATCTCTTGAACCCGGGAGGCGGAACTTGTGGTGAGCTGAGATTGTGCCATTGCACTCCAGCCTGGGCAACAAGAGCGAAACTCCATCTCAAAAAATAAAAAATAAAATAAAATAAAA","GGCCGGGCGCGGTGGCTCAAGCCTGTAATCCCAGCACTTTGGGAGGCCGAGGTGGGTGGATCACAAGGTCAAGAGATCGAGACCATCCTGATCAACATAGTGAAACCCCGTCTCTACTAAAAATACAAAAAATTAGCTGGGCATGGTGGCGCATGCCTGTAATCTCAGCTACTCAGGAGGCTGAGGCAGGAGAATTGCCTGAACCCAGGAGGCGGAGGTTGTGGTGAGCCGAGATCGTGCCATTGCACTCCAGCCTGGGTAACAAGAGCGAAACTCCATCTCAAAAAATAAAATAAAATAAAATAAA"
"KN294172v1","5364886","5364951","JH378107","39061581","39061641","18","33696695","GCTCATGCCTATAATCACAGCACTCTGGGAGGCCGAGGCGGGTGAATCACCTGAAGTCAGGAGTCC","CGCCTGTAAGCTCAGCACTCTGGAAGGCTGAGGCGGGCAGATACCTGAGGTCGGGAGTTCG"
"KN294172v1","5366283","5366594","JH378320","58622","58932","46","5307661","GGCTGGACACAGTGTTTCACGCCTGTAATCCTAGCAGCACTTTGGGAGGCCAAGGCAGTGGATCACCTGAGGTTAGGAGTTCGAGACCAGGCAGACCAACATAGTGAAACCCCATTTCTACTAAAAATACAAAATTAGCCGGATGTGGTGGTGCATGCCTGTAATCCCAGCCACTTGGGAGACTGAGGCAGGGGAATCACTTGAACCCAGGAAGCGTAGGTTGCAGTGAGCTGAGATCCTGCCATTGCACTCCAGCCTGGGTAACAAGAGCGAAACTCTTAAATAAATAAATAAATAAAATTAAAAAAAAAA","GCCGGGCGCGGTGGCTCAAGCCTGTAATCCCAGCACTTTGGGAGGCCAAGGCGGGCGGATCACCTGAAGTCAGGAGTTCGAGACCAGCCTGACCAACATGGAGAAATCCCATTTCTACTAAACATACAAAATTAGCCGGGTGTGGTGGCGCGTGCCTGTAATCCCAGCTACTCAGGAGGCTGAGGCAGGAGAATCACTTGAACCCAGGAGGCGGAGGTTGCGGTGAGCCGAGATCCCGCCATTGCACTCCAGCCTGGGTAACAAGAGCGAAACTCCGTCTCAAAAAAAAAAAAAAAAAAGAAAAAAGAAAA"
"KN294172v1","5371578","5371876","JH378107","7568037","7568336","43","2196459","GGCCAGGCGTGGTGGCTCACACCTGTAATCTCAGTGCTTTGCGGGGCTGAGATGGGTGGATTACCTGATGTCAGGAGTTCAAGACCAGCCTAGTCAACATGGTGAAACCCCGTCTCTACTAAAAATACAAAATTTGCCGGGCGTGGTCGTGCATGCCTGTAATCCCAGCTACTTGGGAGGCTGAGGCAGGAGAATCACTTGAAGCCAGGAGGCAGAGGTTGCGGTGAGCTGAGATCATGCAATTGCACTCCAGCCTAGGCAACAAGAGTGAATCTCTTTCACAAAGAAGGAAAAAAAAA","GGCTGGGCACGGTGGCTCATGCCTGTAATCTCAGCACTTTGGGAGGCTGAGGCAGGTGGATTACCTGAGGTCAGGAGTTCGAGACCAGCCTGACCAACATGGAGAAACCCCATCTCTACTAAAAATGCAAAATTAGCTGGGCATGGTGGTGCATGCCTGTAACCCAGCTACTTGGGAGGCTGAGGCACGAGAATCGCTTGAACCCAGGAGGCAGAGGTTGTGGTGAGCTGAGATTGTGCCATTGCACTCCAGCCTGGGCAACAAGAGCGAAATTCTGTCTCAAAAAAGAAAAAAAAAAAA"
"KN294172v1","5381604","5381821","JH378156","15968010","15968238","47","10586406","GGCAGGTCACCTAAGGTCAAGACTTCCAGAGCAGCCTGGCTAACATGGAGAAACCCCGTCTCTACTAAAAATAAAAAACTAGCCGGGCGCAGTGGTGTGTGCCTGTAATCCCAGTACTGGGGAGGCTGAGGCAGGAGAATCGTGTGAACCCAGGAGGCAGATGTTGCAGGGAGCCAAGATTGTGCCACTGCACTCCAGCCTGGGCAACAAGAGCAAGA","GGGCGGATCACCTGAGGTCAGGAGTTCAAGATCAGCCTGACCAACATGGAGAAATCCCGTCTCCACCAAAAATAAAATATTAGCAGGGCATGGTGGTGCATGCCTGCAATCCCAGCTACTCGGGAGGCTGAGGCAGGAGAATCGCTTGAACCAGGAGGTGGAGGTTACAGCGAGCCAAGATCATGCCACTGCATTCCAGCCTGGGCAACAAGAGTGAAAATTCTGTCCC"
"KN294172v1","5381856","5381976","JH378136","14520855","14520973","16","9138999","GCAGGAGAATTGCTTGAATCTGGGAGGCGGAGGTTGTAGTGAGCCGAGATTGCGCCATTGCACTCCAGCCTGGGCAACACAGTGAAACTCTGTCTTTAAATAAATAAATAAATAAATAAAA","GCAGGAGAATTGCTTGAACCCAGGAGGCGGAGGTTGTGGTGAGCTGAGATCGCGCCATTGCACTCCAGCCTGGGTAACAACAGCGAAACTCTGTCTCAAAAAAAAAATAAAAATAAAAA"
"KN294172v1","5381977","5382032","JH378118","7486179","7486232","14","2104202","GGAGGTTGTAGTGAGCAGGAGAATCGCTTGAATCTGGGAGGCGGAGGTTGTAGTGA","GGAGGCTGAGGCAGGAGAATTGCCTGAACCCAGGAGGCGGAGGTTGCGGTGAGC"
"KN294172v1","5382017","5382074","JH378118","7486179","7486232","12","2104162","GGAGGTTGTAGTGAGCAGGAGAATCGCTTGAATCTGGGAGGCGGAGGTTGTAGTGAGC","GGAGGCTGAGGCAGGAGAATTGCCTGAACCCAGGAGGCGGAGGTTGCGGTGAGC"
"KN294172v1","5382059","5382116","JH378118","7486179","7486232","12","2104120","GGAGGTTGTAGTGAGCAGGAGAATCGCTTGAATCTGGGAGGCGGAGGTTGTAGTGAGC","GGAGGCTGAGGCAGGAGAATTGCCTGAACCCAGGAGGCGGAGGTTGCGGTGAGC"
"KN294172v1","5382101","5382158","JH378118","7486179","7486232","12","2104078","GGAGGTTGTAGTGAGCAGGAGAATCGCTTGAATCTGGGAGGCGGAGGTTGTAGTGAGC","GGAGGCTGAGGCAGGAGAATTGCCTGAACCCAGGAGGCGGAGGTTGCGGTGAGC"
"KN294172v1","5382143","5382184","JH378127","26245756","26245788","14","20863613","AGGAGAATCGCTTGAATCTGGGAGGCGGAGGTTGTAGTGAGC","AGAATCACTTGAACCCGGGAGGCAGAGGTTGCG"
"KN294172v1","5393633","5393940","JH378135","831110","831418","43","4562523","GGCTGGGCGCCGTGGCTCACGCCTGTAATCACAGTCCTTTGGGAGGCCAAGGTGGGCAGATCCCTGTGATCAGGAGTTTGAGACCATCCTGACCAACATGGCGAAACCCCGTCTCTACTAAAAGTACAAAAATTAGCTGGGTGTGGTGGCGCATACCTGTAATCCCAGCTATTCAGGAGGCTGAGGCAGGAGAACCACTTGAACCTGGGAGGCGAAGGTTGCAGCGAGCCGAGATTGTGCCACTGCACTCCAGTCTGGGCGACGAGAGTGAAACTCCATCTCAAAAAAAGGAAAAGAAAAAGAAAAAA","GGCCGAGCGCGGTGGCTCACACCTGTCATCCCAGTACTTTGGGAGGCCTAGGTGGGCAGATCACCTGAGGTCAGGAGTTTGAGACCAGCCTGACCAACATGGAGAAACCCCATCTCTACTAAAGATACAAAATTAGCCGGGCGTGGTGGCGCGTGCCTGTAATCCCAGCTACTCAGGAGGCTGAGGCAGGAGGATCACTTGAACCCAGGAGGCGGAGGTTTCGGTGAGCTGAGATCGCACCACTGCACTCCAGCCTGGGCGACAAGAGTGAAACTCCGTCTCAAAGAAAAGGAAAACAGAGAAAAGAAA"
"KN294172v1","5402757","5403045","JH378207","7640792","7641076","31","2238035","CTGGGCACAGTGGCTCACGCCTGTAATCCCAGCACTTTGGGAGGCCAAGGTGGGTGGATTATCTGAGGTCGGGAGTTCAAGACCAGCCTGACCAACATGGAGAAACCCCATCTCTACTAAAAATACAAAATGAGCTGGGTATGGTGGTGCATGCCTGTAATCCTAGTTACTCAGGAGGCTGAGGCAGGAGAATTGCTTGAACCTGGGAGGCAGAGGTTGTGGTGAGCTGAGATCACACCATTGCACTCCAGCCTGGGCAACAAGAGCATAACTCTGTCTCAGAATAAAA","GCTGGGTGCAGGGGCTCATGCCTGTAATCCCAGCACTTTGGGAGGCCAAAGTGGGTGGATCACCTGAGGTTGGGAGTTCAAGACCAGCCTGACCAACATGGAGAAACCCCATCTCTACTAAAAATACAAAATTAGCTGGGTGTGGTGGTGCATGCCTATAATCCCAGTTACTTGGGAGGCTGAGGCAGAAGAATTACTTGAACCCAGGAGGTGGAGGTTGTGGTGAGCAGAGATCACGCCATTGCACTCCAGCCTGGGCAACAGGAGCGAAACTCTGTCTCAAAA"
"KN294172v1","5404976","5405284","JH378137","4012884","4013190","35","1392092","GCTGGGCGCTGTGGCTCACGCCTGTAATCCTAGCACTTTGGGAGGCCAAGGCGGGCGGATCACCTGAGGTCAGGAGTTCAAGACCAGCCTGACCAACATGGAGAAACCTGTCTCTACTAAAAATACAAAATTAACCCGGCATGGTGGCAGGCAGCCTGTAATCTCAGCTACTCAGGAGGCTGAGGCAGGAGAATCACTTGAACCCAGGAGGCGGAGGTTGCAGTGAGTGAAGATCATGCCATTGCACTCCAGCCTGGGCAACAAGAGCAAAATTACATCTAAAAAAAAAAAAAACAAAAAAAAACAAAA","CTGGGCACGGTGGCTCATGCCTGTAATCCAGCACTTTGGGAGGCCGAGGCAGGTGAATCACTTGAGGTCAGGAGTTCAAGACCAGCCTGACCAACATGGAGAAACCTTGTCTCTACTAAAAATACAAAATTAGCCAGGCATGGTGGCGCATGCCTGTAATCCCAGCTACTCAGGAGGCTGAGGTGGAGAATCGCTTGAACCCAGGAGGCGGAGGTTGCAGTAAGCCAAGATTGCGCCATTGCACTCCAGCCTGGGCAACAAGAGTGAAACTCCATCTCAAAAACAAAACAAAACAAAACAAAAAAAA"
"KN294172v1","5409293","5409526","JH378118","36980824","36981068","55","31571531","CCGAGGCAGGTGGATCACCTGATGTCAAGAGTTCGAGACCAGCCTGGAACCGTCACTACTAAAAATATAAAATTAGTTCGGTGTGGTGGCACATGCCTGTAATCCTAGCTACTCGGGAGGCTGCAGGAGAACTGCTTGTATCCAGGAGGCAGAGGTTGGTTGCAGTGAGCCAAGATTGCGCCATTGCACTCCAGCCTGGACGACAAGAGCAAGACTTAAGACTCAAAAAAAAAA","GCCAAAGCGGGTGTATCACCTGAGGTCAGGAGTTCAAGATCAGCCTAACATGGAGAAAACTCATCTCTACTAAAAATACAAAAAATTAGCCAGGCATGGTGTCACATGCCTGTAATCCCAGCTACTCAGGAAGCTGAGGCAGGAGAATTGCTTGAACCTGGGAAGCAGAGGTTGTAGTGAGCCGAGATTGCACCATTGCACTCCAGCCTGGGCAACAAGAGCAAAACTCCGTCTCAAAAAAAAAA"
"KN294172v1","5435854","5436115","JH378118","27357527","27357790","39","21921673","CAGCACTTTGGGAGGCTGAGGCGGGTGGATCACTTGAGGTCAGGAGTTTGAGACCAGCCTGACCAACGTGGTGAAACCCAGTCTCTATTAAAAATACAAAAATTAGCTGGGCATGGTGGCACATGTCTGTAATCCCAGCTCCTTGGGAGGCTGAGGCAGGAGAAGTGCTTGAACCCAGGAGGCGGAGGTTGCTGAGCCGAGATCATGCCATTGCACTCTAGCCTGGGCAACAACAGTCATATTCTGTCTCAAAAAACAAAAA","CCCAGCACTTTGGGAGGCCGAGGCGGGTGGATCACGAGGTCGAGAGATCGAGACCATCCTGGTCAACATGGTGAAACCCCGTCTCTACTAAAAATACAAAAAAATTAGCTGGGCATGGTGGCGCATGCCTGTAATCCCAGCTACTCAGGAGGCTGAGGCAGGAGAATTGCCTGAACCCAGGAGGTGGAGGTTGCGGTGAGCCGAGATCGCGCCATTGCACTCCAGCCTGGGTAACAAGAGTGAAACTCCGTCTCAAAAAAAGAA"
"KN294172v1","5437940","5438239","JH378111","42112707","42113007","34","36674767","GGCCGGGTGCGGTGGCTCATGCCTGTAATCCCAGCACTTTGGGAGGCTGAGGCAAGCGGACCACCTGAGGTTAGGCATTCGAGACCAGCCTGACCAACATGAAGAAACCCTGTCTCTACTAAAAATACAAATTTGGCTGGGCATGGTGGCGCAAGCCTGTAATCCCAGATACTCGGGAGGCTGAGGCAGGAGAATTGCTTGAACCCAGGAGGCGGAGGTTGCAGTGAGCCAAGATTGTGCCATTACACTCCCGCCTGGGCAACAATAGTGAAACTCGTCTCAAAAAAAAAAAAAAAAAAA","GGCTGGGCACAGTGGCTCATACCTGTAATCCCAGCACTTGGGGAGGCTGAGGCAGGCAGATCACCTGAGGTCAGGGGTTCGAGACCTGCCTGACCAACATGGAGAAACCCCGTCTCTACTAAAAATAGAAAATTAGCTGGGCATGGTGGCACATGCCTGTAATCCCAGCTACTCAGGAGGCTGAGGCAGGAGAATTGCTTGAACTCAGGAGGCAGAGGTTGCAGTGAGCTCTGATCGTGCCATTGCACTCCAGCCTGGGCAACAAGAGTGAAAATCTGTCTCAAAAAAAAAAAAAAAGAAA"
"KN294172v1","5442589","5442877","JH378293","1241291","1241582","38","4201298","GGCCCGGTGTGGTGGCTCACACCTGTATTCCCAGTACTTTGGGAGGCTGAGGAGGGCGGATCAACTGAGGTCATGAGTTTGAGACCAACGTGGTCAACAACCCCGTTTCTATGAAAAATACAAAATTTGCCGGGCATGGTAGTGCATGCCTGTAGTCCCAGCTACTCAGGAAGCTGAGGCAGGAGAATTGCCTAAACCCAGGGGGCAGAGGTTGCAGTGAGCCGAGATTGCGCCATTGCACTCCAGCCTGGGCGACAAGAGCGAAACTCTGTCTCAAAAAAAAAAAAAA","GGCCAGGTGTGGTGGCTCATGCCTGTAATCCCAGCACTTTGAGAGGCCGAGGTGGGCGGATCAACTGAGGTCAGGAGTTCGAGACCAGCCTAACCAACGAAACCCAGTCTCTACTAAAAATACAAAAATTAGCTGGGCATGGTGGTGCGTGCCTGTAATCCCAGCTACTCAGAAGGCTGAGGCAGGAGAATTGCCTGAACCCAGGAGGCGGAGGTTGCGGTGAGTCGAGATCGCGCCATTGCACTCCAGCCTGGGTAACGAGAGCGAAACTCTGTCTCAAAAAAAAAAAAAA"
"KN294172v1","5460325","5460594","JH378157","7250539","7250813","41","1790214","GGTTGGGCCCGGTAACTCACGCTTGCATTCCCAGCACTTTGGGAGGCTGAGGCGGGCAGATCACCTGAGGTCAGGAGTTGGAGACCAGCCTGGCTAACATGATGAAACGCCATCTCTACTAAAAATATAAAATTAGCCGGGCGTGGTAGTGCATGCCTGTAATCCCAGCTACTCGGGAGGCAGAGGTTGTGGTAAGCTGAAATTGCACCACTGCACTCCAGCCTGGGCAATAAGAGCGAAACTCCATCTCAGAAAAAAAAAAAAAAAAAA","GGCTGGGCGCGGTGGCTCATGCCTGTAATCCCAGCACTTTGGGAGGCTGAGGCGGGTGGATCACCTGAGGTCAGGAGTTCCAGACCAGCCTGACCAACATGGAGAAACCCCATCTCTACTAAAAATACAAAATTAGCCGTGTGTGCTGGTGCGTGCCTGTAATCCCAGCTACTTGGGAGCGGAGGTTGCGGTGAGCTGAGATCGCGCCACTGCACTCCAGCCTGGGCAACAAGAGCGAAACTCCGTCGCAAAAAAAAAAAACCCAAAAGCAAAAA"
"KN294172v1","5461168","5461502","JH378118","33600547","33600879","54","28139379","GCCGGGCGCGGTGGCTCATGCCTGTAATCTCAGCAGTTTGGGAGGCCGAGGCGGGCAGATCACCTGAGGTCGCGAGTTCGAGACCAACCTGACCAACATGGAGAAACCCCGTCTCTACTAAAAATACAAAATTAGCCCGGCTTGGTGGTGCATGCCTGTAATCCCAGCTACTCAGGAGGCTGAGGCAGGAGAATCGCTTGATTCCAAAGAAGCCAGAGGTTGCTTTGAGCCGGGAAGCAGAGGTGGCGGTGAGCCAATATCGCGCCATTGCACTCCAGCCTGGGCAACAACAGTGAAACTCTGCCAAAAAAAAAAAAAAAGGAAAGAAAGAGAGA","GGCCGGGCGCGGTGGCTCAAGCCTGTAATCCCAGCACTTTGGGAGGCCGAGGCGGGTGGATCACGAGGTCGAGAGATCGAGACCATCCTGGTCAACATGGTGAAACCCCGTCTCTACTAAAAATACAAAACATTAGCTGGGCATGGTGGCGCGTGCCTGTAATCCCAGCTACTCAGGAGGCTGAGGCAGGAGAATTGCCTGAACCCAGGAGGCGGAGAATTGCCTGAACCCAGGAGGCGGAGGTTGCGGTGAGCCGAAATCGCGCCATTGCACTCCAGCCTGGGTAACAAGAGCGAAACTCCGTCTCAAAAAAAAAAAAAAAAGAAAAGAAAA"
"KN294172v1","5502451","5502746","JH378216","3074446","3074739","38","2428005","GGCCAGGCGTGTGGCTCAAACCTGTAATCCCAGTACTTTGGGAAGCCAAGGTGGGCGGATCACCTGAGGTCGAGAGTTCAAGACTAGCCTGACCAACATGGAGAAACTCAGTCTCTACTAAAAATACAAAATTACCCGGGCGTGGTGGCGCATTCCTGTAATCCCAGCTACGCGGGAAGGCTGAGGCAGGAGAATCGCTTGAACCTGGGAGCGGAGGTTCCGGTGAGCGGAGATCGCGCCATTGCACTCAAGCCTGGGCAACAATAGCGAAACTCCATCTCGAAAAAAAAAAAAAA","GACCAGGCACAGTGGCTCACCCCTGTAATCCCAGCACTTTGGGAAGCTGAGGTGGGCGGATCACCTGAGGTCAGGAGTTCAAGACCAGCCTGACCAACATGGAGAAAACCAGTCTCTACTAAAAATACAAAATTAGCCGGGCGTGGTGGCACATACCTGTAATCCCAGCTACTTGGGAGGCTGAGGCAGAAGAATCACTTGAACTTGGGAAGCGGAGGTTGCGGTGTCAGCTGAGATCGTGTCATTGCACTCCAGCCTGGGCAACAAGAGTGAAACTCCATCTCAAAAAAAAAA"
"KN294172v1","5558107","5558384","JH378216","3929753","3930050","43","1628354","GGTGTGGTGGCTCACGCCTGTAATCCCAGCACTTTGGGAGGCCGAGGCAGGCGGATCACTTGAGGTCAGGAGTTTGAGACCAGCCTGACCAACGTGGTGAAACCCATCTCTACTAAAAATACATTAGTGTACGTCCGTAATCCCAGCTACTCAGGAGGCTGAGGCAGGAGAATCGCTTGAACCCGGGAGATGGAGGTTGCAGTGAGCCGAGATTGTGCCATTGCACTCCAGCCTAGGCAACAAGAGTGAAACTCTGCCTAAAAAAAAAAGATACAAAA","GCTGGGTGCAGTGGCTCACGCCTGTAAGCCCAGCACTTTGGGAGGCCGAGGCGGGCGGATCACTTGAGGTCAGGAATTTGAGACCAGCCTGGCCAACATGGGGAAACCCCATCTCTACTAAAAATACAAAATTAGCTGGGAGAGACATGCCTGTAATCCCAGCTACTCAGGAGGCTGAGGCAGGAGAATGGCTTGAACCCAGGAGGCGGAGGTTGCGGTGAGCCGAGATAGCGCCATTGCACTCCAGCCTGGGCAACAGGAGTGAAACTTTGTCCAAAAAAAAAGAAGAAGAAGATAA"
"KN294172v1","5558821","5559034","JH378232","420548","420740","52","5138273","GGCCAGGTGCGGTGACTCACGCCTGTAATCCCAGCACTCGATCCGGAGGCCGAGGCAGGCGGATCATATGAAGTCAGGAGTTCAAGACCAGTCTGACCAACATGGCAAAACCTTGTCTCTACTAAAAATACAAAAATTAGCTACTCAGGAGGTGGAGACAAGAGAATTGCTTGAACCCTGAAGACACAGGTTGCAGTGAGCTGAGATCATGCCA","GGCCAGGTGTGGTGGCTCATGCCTGTAATCCCAGCACTTTGGGAGGCCGAGGCGGGTGGATCATCTGAGGTCAGGAGTTCGAGACCAGCCTGACCAACATGGAAAAACCCTGTCTCTACTAAAAATACAGAATTAGCCAGGTGTGGTGGCACATGCCTGTAATCCCAGCTACTTGGGAGGCTGAGGCAGGAGA"
"KN294172v1","5560043","5560340","JH378228","5509057","5509356","38","50986","GGCCGGGCACAGTTGCTCACGCCTGTAATCCCAACGCTTTGAGAGGCTGAGGCGGGCAGACCACCTGAGGTTGGCAGTTAAAGAGCAGCCTGACCAACGTGGTGAAACCCCATCTCTACTAAAAATACAAAATTAGCTGGGCGTGGTGGCACATGCCTGTAATCCCAGCTACTCGGGAGGCTGAGGCAGGAGACTTGCTTGAACCCGGGAGGCAGAGGTTACCGTGAACTGAGATCATGCCATTACACTCTAGCCTGGGCAACAAGAGCAAAACTTCATCTCAAAAGAAAAAAGAAAA","GACCGGGCACAATGGCTCACGCCTGTAATCCCAGCACTTTGGGAGGCTGAGGCAGGCAGATCACCTGAGGTCGGGAGTTCGAGACCAGCCTGACCAACATGGAGAAACCCCATATCTACTAAAAATACAAAATTAGCCGGGTGTGGTGGCACATGCCTGTAATCCCAGCTACTCGGGAGGCTGAGGCAGGAGAATCACTTGAACCCGGGAAGCAGAGGTTGTGGTGAGCCAAGATTACGCCATTGCACTCCAGCCTGGGCAACAAAGAGCGAAACTCCATCTCAAAAAAAAAAAAAAAAA"
"KN294172v1","5566124","5566349","JH378148","1689344","1689563","34","3876780","GGGAGGCCGAGGTGGGCGGATCACCTGAGGTCAGGAGTTCGAGACCAGCCTGACCCACACGGAGAAACCCCATCTCTACTAAAAATACAAAATTACCCAGGCTTGGTGGCACATGCCTATAATCCCAGGCACTTAGGAAGGCTGAGGCAGGAGAATCACTTGAACCTGGGAGGTGGAGGTTGCAGTGAGCCGAGATCACGCCATTGCACTCCAGCCTGGGCAACAA","GGGGCACAGGCAGGCAGATCACCTGAGATCAAGAGTTTGAGACCATCCTGACCAGCATGGAGAAACTCTGTCTCTACGAAAAATACAAAATTAGCCAGGCATGGTGGCACATGCCTGTAATCCCAGCTACTTGGGAGACTGAGGCAGGAGAATCGCTTGAACCTGGGAGGTGGAGATTGCGGTGAGCTGAGATCATGCCATTGCACTCCAGCCTGGGCAA"
"KN294172v1","5568968","5569245","JH378115","32601017","32601297","45","27032049","GGCTTGGCGCAGTGGCTCACTCCTATAATCCCAGCACTTTGGGAGGCTGAGGCAGGCAGATCACGTGAGGAGTTCAAGACCAGTCTGACCAACATGGAGAAACCCCATCTCTACTAAAAATACAAAGAATTAGCCGGTGTGATGGCGCATGCCTGTAATCCCAGCTACCAGGGAGGCTGAGACAGGAGAACTGCTTGAACCCGGGAGGCAGAGGTAGCGGTGAGCTGAGATTGAGCTATTGCGCTCTAGCCTAAGCAACTAGAGTGAAATTCCATCTC","GGCCAGACACCGTGGCTCACGCCTGTAATCCCAGCACTTTGGGAGGCTGAGGTAGGCAGATCACATGAGGTTGGGAGTTCAAGACCAGCCTGACCAACATGGAGAAACTCCATCTCTACTAAAAATACAAAAATTAGCTGGCGTGATGCATGCCTGTAATTCCAGCTACTTGGGAGGCTGAGGCAGGAGAATTGCTTGAACCTGGGAAGCAGAAGTTGCGGTGAGCTGAGATCATGCCATTGCATTCCAGCCTGGGCAACAAGAGTGAAATTCTGTCTCAA"
"KN294172v1","5569593","5569905","JH378110","19934311","19934616","46","14364718","GGCCAGGCGCAGTGGCTCACACCTGTAATCCCATTACTTCGGGAGGCCAAGGTGAGCAGATCACCTGAGGTCAAAAGTTCGAGACCAGCCATGACCAATGTGGTAAAACCCCATCTCTACTAAAAATACAAAATTAGCCAGGCACAGGGGCGCATGCCTGTAATCCCTGCTATTGGAGAGGCTGAGGCAGGAGAATCGCTTGAACTTGGGAGGCAGAGGTTGCAGTGAGCCAAGATCGTGCCATTGCACTCCAGCGTGGGCAACAAGAGGGAAACTCCATTTCAAAATATAAATAAATAAATACATAATAAAA","GGCCGGGCGTGGTGGCTCACACCTGTAATCCCAGCACTTTGGGAGGCCAAGGCGTGCGGATCACCTGAGATCAGGAGTTTGAGACCAGCCTGACCAACATGGAGAAACCCCATCTCTACTAAAAATACAAAATTAGCTGGGCATGGTGGCACATGCCTGTAATCTCAGCTACTTGGGAGGCTGAGGCGGGAGAATCGCTTGAACCCAGGAGGCGGAGGTTGCGGTGAGCCAAGATCGTGCTATTGCACTCCAGCCTGGGCAACAAGAGCAAAACTCCATCTCAAAAAATAATAATAATAAATAAAA"
"KN294172v1","5570503","5570780","JH378255","2945901","2946173","40","2624602","GGCCAGGCATGGTGGCTTGAGCCTGTAATCCCAGCACTTTGGGAGGCCGAGAAAGGCGGATCATCTGGGGTCGGGAGTTCGAGACCAGCCTGACCAACATGGAGAAACCCCGTCTGTACTAACAATACAAAAATTAGCCAGGTGTGGTGGCACATGCCTATAATCCCAGCTACTTGGGAGGCGGAGGTTGTGGTGAGCTGAGATTGTGCCATTGCACTCAGCCTGGGCAACAAGAGTGAAACTCCGTCTCAAAAAAAAAAAAAAAACAAAAAGACAAA","GGCCAGGTGCAGTGGTGCATGTCTGTAATCCCAGCACTTTGGGAGGCCAAGGCAGGCAGATCACCTGAGGTCGGGAGTTCAAGATCAGCCTGACCAACATGGAGAAACCCCGTCTCTACTAAAAATACAAAATTAGCCAGGCGTGGTGGTACATGCTTGTAATCCCAGCTACTCCAGACGCTGAGGTTGTGGTGAGCTGAGAGTGTGCCATTGCACTCCAGCCTGGACAACAACAGTGAAACTCTATCTCAAAAAAAGAAAAAAAAAAAGAAA"
"KN294172v1","5570912","5571220","JH378108","20305161","20305471","36","14734249","GACCAGGCACAGTGGTTCAAGGATCCCAGCACTTTGGGAGGCTGAAGTGGGTGGATCACCTGAGGTTGGGAGTTCAAGACCAGCCTGACCAACATGGAGAAACCCCGTCTCTACTAAAAATACAAAAAATTAGCGGAGTGTGGTGGCGCATGCCTATAATTCCAGCTACTCAGGAGGCTGAGGCAGGAGAATCACTCAAACCCAGGAGGTGGAGGTTGCAGTGAGCCGAGATCGCACCATTGCACTCCAGCCTGGGCAACAAGAGTGAAACTCCATCTCAAAAAAAAAAAAAAAAAAAAAAAAAAAAAA","GCCAGGCGCGGTGGCTCAAGCCTGTAATCCCAGCACTTTGGGAGGCTGAAGCGGGTGGATCACGAGGTCGAGAGATCGAGACCAACCTGGTCAACATGGTGAAACCCCGTCTCTACTAAAAATACAAAAAATTAGCTGGGCATGGTGGCGCGTGCCTATAATCCCAGCTACTCAGGAGGCTGAGGCAGGAGAATTGCCTGAACCCAGGAGGCGGAGGTTGCGGTGAGCCGAGATCGCACCATTGCACTCCAGCCTGGGTAACAAGAGCGAAACTCCGTCTCAAAAAAAAAAAAAAAAAAAAAAAAAAAAAA"
"KN294172v1","5581409","5581675","JH378193","3248833","3249099","44","2332576","GCCGGGTGTGGTGCCTCACGCCTGTAATCCCAGCACTTTGGGAGCCCAAGGCAGGTGGATCGTCTGAAGTCAGGAGTTTAAGACCAGCCTGACCAACGTGGTGAAACCCCATCTGTACTTAAAATACAAAATTAGGTGTGGTGGCGCATGCCTGTAATCTCAGCTACTTAGGAGGCTAAGACAGGAGAATCGTTTGAACCTGGGAGGTGGAGGTTGTAGTGAGTCAAGATTGTGCAATTGCACTCCAGCATGAATGAAACTCTGTCT","GCTGGGTGCAGTGGCTCACACCTGTAATCCCAGCACTTTGGGAGGCTGAGGCAGGTGGATCACCTGAGGTCAGGAGTTCAAGACCAGCTTGACCAACATGGAGAAACCTCATCTGTACTAAAAATACAAAATTAGCTGGGTGTGGTGGCGCATGCCTATAATCCCAGCTACTCAGGAGGCTGAGGCAGGAGAATCGCTTGAACTGGGAGGTGGAGGTTGCAGTGAGCCGAGATTGCGCCATTGCACTCCAGCCTGGGCAACAAGAGC"
"KN294172v1","5592544","5592849","JH378119","17145949","17146255","40","11553405","GGCCAGGCGCAGTGGCTCAGGCCTGTAATCCCAGCACTTTGGGAGACGCAAGGCGGGCGGATCACCTGAGGTTGGGAGTTGAGGCCAGCCTGAGCAACATGGAGAAACCCCGTCTCTACTAAAAATACAAAATGGGCTGGGCGCGGTGGCGCACGCCTGTAATCCCAGCTACTCGGGAGGCTGAGGCAGAATTGCTTGAACCCGGGAGGCGGAGGTTGCGGTGAGCCGAGACTGTGCCACTGCATTCCAGCCTGGGTAACAAGAGTGAACTCCGTCTCAAAAAATAAAAAATACATAAATAAATAA","GGCCAGGCGCAGTGGCTCACGCCTGTAATCCCAGCACTTTGGGAGGCCAAGGCGGGTGGATCACGAGGTCGAGAGATCGAGACCAACCTGGTCAACATGGTGAAACCCCGTCTCTACTAAAAATACAAAAATCAGCTGGGCATGGTGGTGCATGCCTGTAATCCCAGCTACTCAGGAGGCTGAGGCAGGAGAATTGCCTGAACCCAGGAGGCGGAGGTTGCGGTGAGCCGAGATCGTGCCATTGCACTCCAGCCTGGGTAACAAGAGTGAAACTCTGTCTCAAAAAAAAAAAAAAAAAAAAAAAGAA"
"KN294172v1","5595461","5595621","JH378112","15061032","15061189","23","9465571","CTGGGCATGGTGGCGTGTGCCTGTAATCCGAGCTACTTGGGAAGCTGAGGCAGGAGAATCGCTTGAACCTGGGAGGTGGAGGTTGTAGTGAGCCAAGATCATGCCATTGCACTCCAGCCTGGGCGACAAGAACAAAACTGCATCTCAAAAAACTAAAAAAA","CTGGGCATGGTGGCGCGTGCCTGTAATCCCAGCTACTCAGGAGGCTGAGGCAGGAGAATTGCCTGAACCCAGGAGGCGGAGGTTGTGGTGAGCCAAGATTGCACCATTGCACTCCACCCTGGGTAACAAGAGCAAAACTCCATCTCAAAAAAAAAAAA"
"KN294172v1","5595924","5596059","JH378249","1026561","1026698","16","4569363","GGCTGGGCGCGGTGGCTCATGGCTGTAATCCCAGCACTTTGGAAGGCCAAGGTGTGTAGATCACCTGAGGCCAGGAGCTTGAGACCAGGCTGACCAACATGGTGAAACCCCGTCTCTACTAAAGAAAGAAAAATTA","GGCTGGGCGCAGTGGCTCATGCCTGTAATCCCAGCACTTGGGAAGGCGGAAGTGGGTGGATCACCTGAGGTCAGGAGTTTGAGACCAGCCTGACCAACATGGAGAAACCCTGTCTCTACTAAAAATACAGAAAAATTA"
"KN294172v1","5600616","5600883","JH378128","2265599","2265864","55","3335017","GGCTGGGCACGGTGGCTCGCACCTGTATTCCTAGCAGGAGTTCAAGATCAGGGTGGCCAACATGGCGAAACTCCGTTGCTACTAAAAATACAAAAATTAGCCAGGTGTGGTGGCACACACCTGTAGTCCCAGCTACTTGTGAGGCTGAGACAAGAGAATTGCTTGAACCTAGGAGGCAGAAGTTGTGGTGAGCTTAAGATGATGCCATTGCACTCCAGCCTGGGCAGCAAGAGCAAAACTCTTATCTCAAAAAAAAAAAAAAAAAAAA","TTTGGGAGGCCGAGGCAGGCAGATACCTGAGGTCAGGAGTTCGAGACCATTTTGACCACCATGGAGAAACCCTGTCTCTACTAAAAATACAAAAATAACTGGGTGTGGTGGCACACGCCTGTAATCCCAGCTACTTGGGAGGCTGAGGAAAGACAATCGCTCAAACCCAGGTGGCAGAGGTTGTGGTGAGCTGAGATTATGCCATTGTACTCCAGCCTGGGCAGCAAGAGCAAAACTCCACCTCAAAAAAAAAAAAAAAAAAAAAA"
"KN294172v1","5603873","5604052","JH378220","6470411","6470593","28","866538","GGCCGGGCGTGGTGGTTCATGCTTGTAATCCCAGCACTTTGGGAGGCCGAGGCAGACAGATTATCTGAGGTCGGGAGTTCAAGATGAGCCTGACCAACATGGAGAAACCCCGTCTCTACTAAAATTTCAAAAATTAGCCTGGCATGGTGGTGCATGCCTGTAATCCCAGTACTTTGGGAG","GGCTGGGTATGGTGGCTCACACCTGTAATCCCAGCACTTTGGGAGGCCGAGGCAGGTGGATTACCTGAGGTCAGGAGTTCAAGAACAGCCTGACCAACATGGAGAAACCCCATCTCTACTAAAAATACAAAAATTAGCCAGGCGTGGTGGCACATGCCTGTAATCCCAGCTACTCAGGAGGCT"
"KN294172v1","5604373","5604496","JH378139","19327094","19327222","21","13722721","CAGATTATCTGAGGTCGGGAGTTCAAGATGAGCCTGACCAACATGGAGAAACCCCGTCTCTACTAAAATTACAAAAATTAGCCTGGCATGGTGGTGCATGCCTGTAATCCCAGTACTTTGGGAG","GGGCAGATCACCTGAGGTTGGGAGTTTGAGATCAGCCTGACCAGCATGGAGAAATCCCGTCTCTACTAAAAATACAAAGAATTAGCCGGGTGTGGTGATGCATGCCTGTAATCCCAGCTACTCGGGAGG"
"KN294172v1","5609147","5609445","JH378151","4318339","4318636","31","1290808","GGCTGGATGCGGTGGCTCACGCCTGTAATCCCAGTACTTTGGGAGGCCGAGGCAGGCAGATCACCTGAGGTCAGGAGCTTGAGACCAGCCTGACCAACATGGAGAAACACCGTCTCTACTAAAAGTACAAAATTAGCCAGGCATGGTGGCACATGCCTGTAATCCCAGCTACTAGGGAGGCTGAGGTAGGAGAATCGCTTGAACCTGGGAGGCAGAGGTTGCAGTTAGCTGAGATCACACCATTGAACTCCAGCCTGCGCAACAAGAGCGAAACTCCGTCTCAAAAAAATCCAAAAAAA","GCTGGGTGCAGTGGCTCATGCCTGTAATCCAAGCACTTTGGGAGGCCAAGGCAGGAGGATCACCTGAGGTCAGGAGTTCAAGACCAGCCTGACCAACATGGAGAAACCCCGTCTCTACTAAAAATACAAAATTAGCCAGGCATGGTGGCACATGCCTGTAATCCCAGCTACTTGGGAGGCTGAAGCAGGTGAATTGCTTAAACCCGGGAGGCAGAGGTTGCAGTGAGCTGAGATCATACCATTGCACTCCAGCCTAGGCAACAAGAGCAAAACTCCATCTCAAAAAAAAAAAAAAAAA"
"KN294172v1","5615945","5616244","JH378228","5509057","5509356","32","106888","GGCCAGGTGCTATGGCTCACGCCTGTAATCCCAACACTTTGGGAGGCTGAGGCGGGCAGCGGATCACCTGAGGTCGGGAGTTCGAGACCAGCCTGACCAACATGGAGAAAGCCCGTCTCTACTAAAAATACAAAATTAGCCGGGCGTGGTGGCGCATTCCTGTAATCCCAGTTGCTCGGGAGGCTGAGGCAGGAGAATCGCTTGAACCCGGGAGGCGGAGGTTGCAGTGAGCCGAGATCACGCCCCTGCACTCCAGCGTGGGCAACAAGAGTGAAACTCCATCTCAAAAAAAAAAAAAAA","GACCGGGCACAATGGCTCACGCCTGTAATCCCAGCACTTTGGGAGGCTGAGGCAGGCAGATCACCTGAGGTCGGGAGTTCGAGACCAGCCTGACCAACATGGAGAAACCCCATATCTACTAAAAATACAAAATTAGCCGGGTGTGGTGGCACATGCCTGTAATCCCAGCTACTCGGGAGGCTGAGGCAGGAGAATCACTTGAACCCGGGAAGCAGAGGTTGTGGTGAGCCAAGATTACGCCATTGCACTCCAGCCTGGGCAACAAAGAGCGAAACTCCATCTCAAAAAAAAAAAAAAAAA"
"KN294172v1","5620704","5621016","JH378152","11654622","11654934","28","6033918","GGCCGGGTGCAGTGGCTCACGCCTGTAATCCTAGCACTTTGGGAGGCCAAGGCGGGTGGATCACCTGAGGTCAGGAGTTTGAGACCAGCCTGACCAACATGGAGAAACCCTGTCTCTACTAAAAATACAAAAAATTAGCCAAGCGTGGTGGTGCATGCCTGTAATCCCAGCTACTCAGGAGGCTGAGGTAGGAGAATCGCTTGAACCCGGGAGGCGGAGGTTGCGGTGAGCCGAGATCGCGCCATTGCACTCCAGCCTGGGCGACAAGAGTGAAACTCCGTCTCAAAAAACAAAACAAAACAAAACAAAAAAA","GGCCGGGCGCGGTGGCTCAAGCCTGTAATCCCAGCACTTTGGGAGGCCGAGGCGGGTGGATCACCTGAGGTCAGGAGTTTGAGACGAGCCTGGCCAACATGATGAAACACTGTCTCTACTAAAAATACAAAAATTAGCTGGGTGTGGTGGAGCATGCCTGTAATCCCAGCTACTCAGGAGGCTGAGGCAGGAGAATCGCCTGAACCCAGGAGGCGGAGGTTGCGGTGAGCCGAGATCGCGCCATTGCACTCCAACCTGGGTAACAAGAGCGAAACTCCGTCTCAAAAAAAAAAAAAAAAAAAAAAAAAAGAAA"
"KN294172v1","5637137","5637433","JH378123","48357","48656","45","5588780","GGCCAGGTGCGGTGGCACACACCTGTAATCCCAGCACTTTGGGAGGATGAGGCAGGTGGAACACCTGAAGTCAGGAGTTCATGACCAGCCTGACTAACATGGTGAAACCCGGTCTCTATTAAGTACAGAAAAATTAGCCGGGCGTGGTAGCACATGCCTGTAATCCGAGCTACTTGGGAGGTTGAGGCAGGAGAATCACTTGTACCTGGAAGGTGGAGGTTGCAGTGAGCTGAGATCGCGCCATTTCACTCCAGCCTGGTCAACAAGAATAAGACTCTGTCTCGAAAGAAAAGAAAA","GGCCAGGCACTGTGGCTCATACCTGTAATCCCAGCACTTTGGGAGGCTGAGGCAGGTGGATCATGTGAGGTCAGGAGTTCAAGACCAGCCTGACCAACATGGAGAAACCCTGTCTCTACTAAAAATACAGAAATTAGCCAGGCGTGGTGGCACATGCCTGTAATCCCAGCTACTTGGGAGGCTGAGGCAGGAGAATTGCTTGAACCTAGGAGGCAGAGGTTGCAGTGAGCTGAGATCACACCATTGCACTCCAGCCTGGGCAACGAAAGTGAAACTCTTGTCTCAAAAAAAAAGAGAAAA"
"KN294172v1","5638087","5638374","JH378171","1296326","1296622","54","4341761","CCGGGTGCGGTGGCTTACATTGTAATGCCAGCACTTTGGGAGACTGAGGTGGACGGATCACCTGAGGTCAGGAGTTAGAGACTAGCCTGACCAACATGATGAAACCCTGAAAATCTACTAAAAATACAGAATGAGCCGGACATGGTGGCACATGCCTGTAATCCCAGGTACTTGGGAGGTTAAGGCAGTAGAATTGCTTGAACCTGGGAGGCAGAGGTTGCAGTGAGCACCATTACACTCCAGCCTGGACAATAAGAGCGAAAGTCTCAAAAAATAAAATAAATAAAA","GCCGGTCACGGTGGCGCACACCTGTAATCCCAGCACTTTGGGAGGCTGAGGTGGGTGGATCACCTGAGGTCAGGAGTTCGAGAACAGCCTGACCAACATGGAGAAACCCTGTCTCTACTAAAAATACAAAATTAGCTGGGCATGGTGGCACACGTCTGTAATCCCAGCTACTTGGGAGGCTGAGGCAGGAGAATTGCTTGAACCTGGAAGGTGGAGTTTGCAGTGAGCCAATATCGGGCCATTGACTCCAGCCTGGGCAATAAGAGCGAAACTCCGTCTCAAAAAATAAAATAAAAA"
"KN294172v1","5638932","5639244","JH378292","2579010","2579319","39","3059922","GGCTGGGTGCAGTGGCTCACGCCTGTAATCCCAGCACTTTGGGAGGTCGAGGTAGGCGGATCACCTGAGGTCAGGAGTTCGAGACCAGCCTGACCAACATGATGAAACCCCGTCTCTAGTAAAAATACAAAAATTTAGCCAGGCGTGGTGGCGCATGCCTGTAATCCCAGCTACTCGGGAGGCTAAGGCTGGAGAATCGCTTGAACCTGGGAGGTGGAGGTTGCGGTGAGCCCAGATGGTGTCATTGTACTCCAGCCTGGCCAACAGGAGCAAAACTGTTCTCAAAAAAAAAAAGAAAGAAAGAAAGAAAGAA","GGCTGGGTGCAGTGGCTCATGCCTGTAATCCCAGCACTTTGGGAGGCTGAGGTGGGAGGATTACCTGAGGTCAGGAGTTTGAGACCAGCCTGACCAACATGGAGAAACCCCGTCTCTACTAAAAATACAAAATTAGCCGGGTGCGGTGGTGCACGCCTGCAATCCCAGCTACTCGGGAAGTTGAGGCAGGAGAATCGCTTGAATCTGGGAGGAGGAGGTTGCGGTGAGCTGAGATTGTGTCATTGCACTCCAACTTGGGCAACAAGAGCAAAACTCCATCTCAAAAAAAAGAAAGAAAGAAAGAAAGAAA"
"KN294172v1","5640066","5640374","JH378115","25570507","25570808","33","19930441","GGCCGGGCACAGTGGCTCACACCTATAATCCCAGTACTTTGGGAGGCCGAGGCGGGTGGATCACCTGAGGTCGGGAGTTCGAGACCAGCCTAACCAACGCAGAGAAACCACATCTCTACTAAAAAATACAAAATTAGCTGGGCATGATGGTGCATGCCTCTAATCCCAGCTACTCAGGAGGCTGAGACAGGAGAATCTCTTGAACCCAGGAGGTAGAGGTTGCAGTGAGCGGAGATCGCACCATTGCACTCCAGCCTGGGCAACAAGAGTGAAACTCTATCTCAAAAAAAAAAAAAAAAAAAAAAAAAA","GGCTGGGCACAGTGGCTCACGCCTGTAATCCCAGCACTTTGGGAGGCTGAGGCAGGCGGATCACCTGAGGTCAGGAGTTCGAGACCAGCCTGACCAACATAGAGAAAGCCTATCTCTACTAAAAATACAAAATTAGCTGGGCATGATGGTGCATGCCTGTAATCCCAGCTACTCAGGAGGCTGAGGCAGGAGAATCACTTGAACCCAGGAGACGGACATTGCAATGAGCCGAGATCGCGCCATTGCACTCCAGCCTGGGCAACAAGAGTGAAACTCTGTCTCAAAAAAAAAAAAAAAAAAAA"
"KN294172v1","5656678","5656995","JH378193","5158553","5158843","60","498125","GGCCAGGTGCAGTGGCTCATGCCTGTAATCCCAGCACTTTGGGAGGCTAAGGCGGGGGGGCGGGGGGGATCACTTGAGGTTGGGAGTTCAAGACCAGCCTGACCAACATGGAGAAAGCCTGTCTCTACTAAAAAGATAAAAATGAGCTGGACATGGTGGCGCACGTCTGTAACCCCGGCTACTTGGGAGACTGAGGCAGGCAGGAGAATTGCTTGGGAGCTACTTGGGAGGCTGAGGCAGAGGTTGTGGTGAGCCAAGATCGGGCCATTGTACTTCAGCCTGGCCAAGAAGATTGAAACTCCATCTTTAAAAAAAAGA","GGCCAGGCGCGGTGGCTCATGCCTGTCATCCCAGCACTTTGGGAGGCCAAGGGGGATGGATCACTTGAGGTTAGGAGTTCAAGACCAGCCTGACCAACATGGAGAAACCCCGTCTCTACAAAAAATACAAAATTAGCTGGGCATGGTGGCACATGCCTGTAATCCCAGCTACTTGGGAGGCTGAGGCAGGAGAATTGCTTGAACTGGGGAGGTGGAAGTTATAGTAAGCCAAGTTCACGCCATTGCACTCCAGCCTGGGCAACAAGAGTGAAACTCCCTCTCAAAAAAAAA"
"KN294172v1","5658093","5658379","JH378125","5544940","5545235","36","113153","GCAGTGGCTCACACCTGCAATCCCAGCACTTTAGGAGGCCGAGGCAGGTGGATCACAAGGTCAGGAGTTCGAGACCAGCCTGACCAACATGGAGAAACTCTGTCTCTCCTAAAAATACAAAATTAGCCAGGCATGGTGACACATGCTTGTAATCCCAGCTACTCAGGAGGCAGAGGCAGGAGAATTACTTGAACTCAGGAGGCAGAGGTTGAGGTGAGCCAAGATCGTGCCATTGCACTCCAGCCTGGGCAACAAGAGCAAAACTCCATCTCAAAACAAAAAAAGAA","GCAGTGGCTCACACCTGTAATCCCAGCACTTTGGGAGGCCGAGGCAGGTGGATCACCTGAAGTTGGGAGTTCGACACCAGCCTGACCAACATGGAGAAACCCTGTCTCTACCAAAAATACAAAATTAGCCAGACATGGTGGCACATGCCTGTAATCCCAGCTACTCAAGAGGCTGAGGCAGGAGGATCACTTGAACCCAGCAGGCAGAGGTTGTGGTGAGCTGAGATCATGCCATTGCATTCCAGCCTGGGCAACAAAAGCAAAATTGCATCTCAAAACAAAAACAAAAAATGAAA"
"KN294172v1","5671251","5671352","JH378110","29778448","29778551","20","24107197","TCCCCACTTTGGGAGGCCAAGGTGGTCGATCACCTGAGGTCAAGAGTTTGAGACCAGTCTGACAAATATGGCAAAATCCCATCTCTACTAAAAATAAAAATT","ATCCCACCACTTTGGGAGGCTGAGGTGGGCGGATCACCTGAGGTCGGAGTTTGAGACCAGCCTGACCAACATGGAGAAACCACATCTCTACTAAAAGTACAAAA"
"KN294172v1","5674049","5674342","JH378159","837474","837769","37","4836575","GGCTAGGCGCAGTGGCTCACGCCTGTAATCCCAGCAGTTTGGGAGGCCGAGGCGGGTGGATCACCTGAGGTCGGGAGTTCGAGACCTGCCTGACCAACATGGAGAAACCTCGTCTCTACTAAAGCAAAATTAGCCAGGCGTGGTAGCGCATGCCTATAATCCCAGCTACTTGGGAGGCTGAGGAGGGAGAATCACTTGAACCCGGGAGGCAAAGGTCCTGGTGAGCTGAGACCGCGCCATTGCACTCCAGCCTGGACAATAAGAACGAAACTCTTTGTCTCAAAAAAAAAAAAA","GCCAGGCGCGGTGGCTCACGCCTGTAATCCCAGCACTCTGGGAGGCTGAGGCGGGTGGATCACCTGAGGTTGGGTGTTCGAAACCAGCCTGACCAACATGGAGAAACCACGTCTCTACTAAAAATGCAAAATTAGCCGGATGTGGTGGCACATGCCTGTAATCCCAGCTACTTGGGAGGCTGAGGCAGGAAAATCACTTGAACCCGGGAGGCGAAGGTTGCGATGAGCTGAGATCGCGCCATTGCACTCCAGCCTGGGCAACAAGAGCGAAACTCCGTCTCAAAAAAAAAAAAAAA"
"KN294172v1","5674369","5674666","JH378115","4382023","4382316","44","1292346","GCCATGTGCGGTGGCTCAAGCTTGTAAGCCTAGCACTTTGGGAGTTCGATGCGGGCGAATCACCTGAGGTCAGGAGTTTGAGACCAGTCTGACCAACATGGTGAAACCCCGTCTCTACTAAAAATATAAAAAATCAGCCAGGCACAGTAGTGCATGCCTGTAATCCCAGCTACTTGGGAGGCTGAGGCAGGAGAATCGCTTGAACCCGGGAGGCGGAGGTTTGCAGTGAGCCGAAACTGTACCACTACACTCCAGCCTGGGCAACAAGAGCCAAAGTCCATCTCAAAAGAAAAAAAAA","GGGCAAGGTGGCTCATGCCTGTAATCCCAGCACTTTGGGAGGCCGAGGCAGGCAGATCACCTGAAGTAGGGAGTTCGAGACCAGCCTGACCAACATGGAGAAACCCCGTCTTTACTAAAAATACAAAAAATTAGCCAGGTGTGGTAGCGCATGCCTGTAATCCCAGCTACTCGGGAGGCCGAGGCAGGAGAATCGCTTGAACCTGGGAGGTGGAGGTTACAGTGAGCTGAGACTGTACCATTGCACTCCAGCCTGGGCAACAAGAGCAAAACTCCATCTCAAAAAAAAAAAAAA"
"KN294172v1","5679051","5679228","JH378207","7045700","7045876","18","1366649","TTAGCCGGACGTGGTGATGCACGCCTGTAATCTCAGCTACTCAGGAGGCTGAGGCAGGAGAATCGCTTGAACCCAGGAGGCAGAGGTTACAGTGAGCCGAGATCGTGCCACTGCACTCCAGTCTGGGCAACAAGAGCAAACTCCGTCTCAAAAAAAAAAAAAAAAAGAAAAAAAGAAA","TTAGCTGGGCATGGTGGTGCGTGCCTGTAATCCCAGCTACTCAGGAGGCTGAGGCAGGAGAATTGCCTGAACCCAGGAGGCGGAGGTTGCAGTGAGCCGAGATCGTGCCATTGCACTCCAGCCTGGGTAACAAGAGCGAAACTCCGTCTCAAAAAAAAAAAAAAAAGAAAAGAAAAA"
"KN294172v1","5695025","5695317","JH378127","22219085","22219383","32","16524060","GCGCGGTGGCTCACGCCTGTAATCCCAGCACTTTGGGAGGCTGAGGTGGGTGGATTACCTGAGGTCAGGAGTTCGAGACCAGCCTGGCCAACATGGAGAAACCCGTCTCTACTCAAAATACAAAATTAGTCAGGCACAGTGGCGCATGCCTGTAATCCCAGCTACTCGGGAGGCTGAGGCAGGAGAATTGCTTGAACCTGGAGGTGGAGGTTGCAGTGAGCCGAGATCACGCCATTGCACTCCAGCCTGGGCAACAAGAGCAAAACTCCACCTCAAAAAAAAAAAAAAAAAAA","GCGCGGTGGCTCACGCCTGTAATCCCAGCACTTTGGGAGGCTGAGGCGGGTGGATCACCTGAGGTCGGGAGTTTGAGACCAGCCTGACCAACATGGCGAAACCTCGTCTCTACTAAAAATACAAAATCAGCTGGGCATGGTGGTGCGTGCCTGTAGTCCCAGCTACTCAGGAGGCTGAGGCAGGAGAATTGCTTGAACCTGGGAGGTGGAGGTTGTGGTGAGCCAAGATCACGCCATTGCAATCCAGCCTGGGCAACAAAAGGGAAACTCCATCTTAAAAAAAAAAAAAAAAAAAAAAA"
"KN294172v1","5696269","5696524","JH378173","6043976","6044232","40","347707","TTGGGAGGCCGAGGTGGGCGGATCACCTGAGGTCAGGAATTCTTGACCAGCCTGGCCAACATGGAGAAACCCTGTCTACCAAAAACACAAAAATTAGCTTAGTGTGGTGGCACATGCCTGTAATCCCAGCTACTTGGGAGGCTGAGGCAGGAGAATCACTTGAACCTGGGAGACGGAGCTTGCAGTGAGCCGAGATCACGTCAGTGCACTCCAGCCTGGGCGACAAGAGCAAGACTCCGTCTCAAAAAAAAAAAAA","GGGAGGCCAGGCGGGCGGATCACCTGAGGTCGAGAGTTTGAGACCAGCCTGACCAACATGGAGAAACCCTGTCTCTACTAAAAATACAAAATTAGCCAGGTGTGGTGGTGCATGCCTATAATCCCAGCTACTCAGGAGGCTGAGGCAGGAGAATCACTTGAACCTGGGAGCAGAGGTTGTGGTGAGCCGAGATCGTGCCATTGCACTCCAGCCTGGGCAAGAAGAGCAAAACTCCGTCTCAAAAAACAACAAAAAAA"
"KN294172v1","5715038","5715326","JH378141","18104473","18104759","32","12389435","GCCAGGCACACTGGCTCACGCCTGTAATCCCAGCACTTTGGGAGGCTGAGATGGGCAGATCACCTGAGGTCAGGAGTTTGAGACCAGCCTGACCAACATGGAGAAACTCTGTCTCTATTAAAAATACAAAATTAGCCAGGCATGGTGGTAGGTGCCTGTAATCCCAGCTACTCGGAGGCTGAGGCAGGAGAATCACCTGAACCCGGGAGGCGGAGGTTGCAGTGAGACGAGATCATGTCCGGCCTGGGCAACAAGAGCGAAACTCCATCTCAAAAAAAAAAAACAAAAA","GCCGGGCGCAGTGGCTCACACCTGTAATCCTAGCACTTTGGGAGGCCGAGGCGGGCAGATCGTCTGAGGTCAGGAGTTTGAGACCAGCCTGACCAACATGGAGAAACCCCATCGCTACTAAAAATACAAAATTAGCCAGGCGTGGTGGTGCGTGCCTGTAATCCCAGCTACTCAGGAGGCTGAGGCAGGAGAATTGCTTGAACCCGGGAGGTGGAGGTTGAGTGAGCCGAGATCACTCCAGCCTGGGCAACAAGAGTGAAACTTCGTCTCAAAAAAAAAAAAAAAAA"
"KN294172v1","5722941","5723234","JH378228","5509057","5509356","29","213884","GGCCGGGCGCGGATGCTCAAGCCTGTAATCCCAGCACTTTGGGAGGCCGAGGCGGGCAGATCACCTGAGGTTAGGAGTTTGAGACCAGCCTGACAAATATGGAGAAACCCCGTCTCTACTAAAAATACAAAATTAGCCAGGCGTGGTGGCACATGCCTATAATCCCAGCTACTAGGGAGGTTGAGGCAGGAGAATCACTTGAACCCGGGAAGCAGAGGTTGTGGTGAGCCAAGATCGAGCCATTGCACTCCAGCCTGGGCAACAAGAGCGAAACTCCATCTCAAAAAAAAAAAA","GACCGGGCACAATGGCTCACGCCTGTAATCCCAGCACTTTGGGAGGCTGAGGCAGGCAGATCACCTGAGGTCGGGAGTTCGAGACCAGCCTGACCAACATGGAGAAACCCCATATCTACTAAAAATACAAAATTAGCCGGGTGTGGTGGCACATGCCTGTAATCCCAGCTACTCGGGAGGCTGAGGCAGGAGAATCACTTGAACCCGGGAAGCAGAGGTTGTGGTGAGCCAAGATTACGCCATTGCACTCCAGCCTGGGCAACAAAGAGCGAAACTCCATCTCAAAAAAAAAAAAAAAAA"
"KN294172v1","5723954","5724255","JH378126","21026752","21027059","44","15302798","GGCTGGGTGTGGTGGCTCACGCCTGTAATCCCAGCACTTTGGGAGGCTGAGGCAGATGGATCACCTAAGGTCGGGAGTTCGAGACCAGCCTGACAAACATGGAGAAACCCTAAAATACAAACATTAGCCAGGCGTGGTGTCGCATGCCTGTAATCCCAGCTGCTCGGGAAGCTGAGGCAGGAGATTTGCTTGAACCCGGGAGGCAGAGGTTTCGATGAGCCAAGATCGCACCATTGCACTCCAGCCTGGGCAACAAGAGCAAAACTCCATCTCAAAATAAATAAATAAATAAAAATACAAAA","GGCCGGGCGCGGTGGCTAACGCCTGTAATCCCAGCACTTTGGGAGGCCAAGGCAGGTGGATCACCTGAGGTCAGGAGTTCAAGACCAGCCTGACCAACATGGAGAAACCCCATCTCTACTAAAAATACAAAATTAGCCGGGCGTGGTGGCACATGCCTGTAATCCCAGCTACTCGGGAGGCTGAGGCAGGAGAATCGTTTGAACCTGGGAGGCAGAGGTTGAGATGAGCCAAGATCGTGCCATTGCACTCCAACCTGGGCAACAAGAGTGAAACTCCATCTCAAAAAAAAAAGAAAAAAAAAAAAAAA"
"KN294172v1","5730124","5730420","JH378260","1370649","1370946","40","4359475","GGTGCCTCCCGCCTGTAATCCCAGCACTTTGGGAGGCTGAGACGGGCAGATCACCTGAGGTCAGGAGTTCGAGACCAGCCTGATCAATATGGAGAAACCCCGTCTCTACTAAAAATACAAAAATTAACCGGGCGTGGTGGCGCATGCCTGTAATCCCAGCTACCCTGGAGGCGGAGGCGGGAGAATCACTTGAACCCGGGGGACATAGGTTGTGGTGAGCCAAGATCGCGCCATTGCACTCCAGCCTGGGCAATAAGAGTGAAACTCCATCTCAAAAAAAAAAAAAAAGAGAGAGAA","GGTGGCTCATGCCTGTAATCCCAGCACTTTGGGAAGCTGAGGCAGGCAGATCACCTGAGGTTGGGAGTTCGAGACCAGCCTGAGCAACATGGAGAAACCCCATCTCTGCTGAAACTAAAAAATTAGCTGGGCGTGATGGCACATGCCTGTAATCCCAGCTACTCGGGAGGCTGAGGCAGGAGAATCACTTGAACCTGGGAGGGACAGGTTGTGGTGAGCCAAGATTGCACCATTGCACTCCAGCCTGGGCAATAAGAGTGAAACTACATATCAGAAAACAAACAAACAAACAAACAAA"
"KN294172v1","5767767","5768073","JH378123","491683","491985","37","5276084","GGCCGGGCGTGGTGGCTCGTGCCTGTAATCCCAGCACTTTGGGAGGCGAAGGCAGGTGGGTCATGAGGTCAGGAGTTTGAGACCAGCCTGACCAACATGGAGAAACCCCATCTCTACTAAAAATACAAAATTAGCCAGGCATGGTGGCACGTGCCTGTAATCCCAGCTACTCAGGAGGTTGAGGCAGGAGAATCACTTGAACCTGGAGGGTGGAGGTTGCAATGAGACAAGATCATGCCACTGCACTCCAGCCTGGGCAACAAGAGCGACACTCTGTCTGAAAAAAAGAAAAATAAACAAATGAAAA","CCGGGCGCAGTGGCTCATGCCTATAATCCCAGCACTTTGGGAGGCTGAGGCAGGTGGATCACCTGAGGTCGAGAGTTTGAGACCAACCTGACCAACATGGAGAAACCCCGTCTCTACTAAAAATACAAAATTAGCCGGGCATGGTGGCACATGCCTGTAATCCCAGCTACTCGGGAGGCTGAGGCAGGATAATCACTTGAACCCAGGAGGCGGAGGTTGCAGTGAGACAAGATCATGCCGTTGCACTCCAGCCTGGGCAACAAGAGCAAAACTCCGTCTCAAAAAAAAAAAAAAAAAAAAGAA"
"KN294172v1","5772395","5772694","JH378291","2435267","2435568","35","3337128","GGCTGGGCGCGGTGGCTCATGCCTGTAATCTCAGCACTTTGGGAGGCAGAGGCGGGCGGATAACCTGAGGTCAGGAGTTTGAGACCATCCTGACCAACATGGAGAAACCCGCCTCTACTAAAAATTCAAAATTAGCCGGGCATGGTGACGCATGCCTGGAATCCCAGCTACTCAGGAGGCTGAGGCAGGAGAATTGCTTGAACCTAGGAGGCAGAGGTTGCAGTGAGCCAAGATCGTGCCATTGCACTCCAGCCTGGGCAACAGAGCAAGACTCCGTCTCAAAATACATAAATGAATAAA","GGCTGGGTGCAGTGGCTCGTGCCTGTAATCACAGCACTTTGGGAGGCTGAGGTGGGCAGATCACCTGAGGTCAGGAGTTCGAGACCAGCCTGACCAACATGGAGAAAACCCATCTCTACTAAAAATACAAAATTGGCCGGGCATGGTGGCACATGCCTGTAATCCCAGCTACTCAGGAGGCTGAGGCAGGAGAAGTGCTTGAATTCAGGAGGGAGAGGTTGTGGTGAGCCGAGATCGTGCCTTTGCACTCCAGCCTGGGCAATAAGAGTGAAACTTCGTCTCAAAATAAATAAATAAATAAA"
"KN294172v1","5775797","5776089","JH378220","2537784","2538076","35","3238013","GCCAGGTGCGGTGGCTCACGCCTATAATCCCAGCATTTTGGGAGGCTGAGACGGGCAGATCACCTGAGGTCGGGAGTTCGAGACCAGCCTGTCCAACATGGTGAAACCCCGTCTCCACCAAAAATACAAAATTAACTGGGCGTGGTGGCACATGCCTGTAATCCCAGCTACTCAGGAGGCTGAGGCAGGAGAATCACTTGAACCCGGGAGGCAGATGTTGGGGCAAGCCGAGATCGTGGCATTGCACTCTAGCCTGAGCAACAAGAGTGAAACTCCGTCTCAAAAAAAAAGAA","GGCTGGATGTGGTGGCTCATGCCTGTAATCCCAGCACTTTGAGAGGCCGAGGTGGGCAGATCACCTGAGGTCGGGAGTTTGAGACCAGCCTGGCCAATATGGAGAAACCCCGTCTCTACTAAAAATACAAAATTAGCTGGGCATGGTGGTGCATGCCTATAATCCCAGCTACTCAGGAGGCTGAGGCAGGAGAATCTCTTGAACCTGGGAGGCAGAGGTTTTGGTGAACTGAGATCGTGCCATTGCACTCCAGCCTGGGCAACAAGAGTGAAACTCCGTCTCAAAAAAAAGAA"
"KN294172v1","5793910","5794209","JH378133","2770929","2771228","40","3022981","GACTGGGTGCGGTGGCTCACACCTGTAATCCCAGCACTTTTGGAGGCCGAGATGGGCAGATCACCTAAGGTCAGGGGTTTGAGACCAGCCTGACCAAAATGGAGAAATCCCGTCTCTACTAAAAATACAAAAGTTGCCAGGCATAGTGGCAGATGTCTGTAATCCCAGCTACGCTGGAAACTCAGGCAGGAGAATTACTTGAACCCGGGAGGCGGAGGTTGTGGTCAGCTGAGATCGCGCCACTGCACTCCAGCCTGGGCAACAAGAGCGAAACTCCATCTCAAAAAAAAAAAAAAGGAA","GGCTGGGTGCGGTGGCTCACATCTATAATCCCAGTGCTTTGGGAGGCCAAGATGGGCAGATTACCTGAGGTCAGGAGTTTGAGACCAGCCAGATCAACATGGAGAAACCCCATCTCTACTAAAAATATAAAATTACCAGGGCATGGTGGCACATACCTGTAATCCCAGCTACTCAGGATCCTGAGGCAAGAGAATTGCTCGGACCTGGGGGGCAGAGGTTGTGGTGAGCTGAGATCACACCACTGCACTCCAGCCTGGGCAACAAGAGCGAAACTCCATCTCAGAAAAAAAAAAAAAGAA"
"KN294172v1","5831934","5832230","JH378194","8675222","8675517","35","2843288","GGCTGGGCACAGTGGCTCACACCTGTAATCCCAGCACTTTGGGAGGCTGAGGCAGGTGGATCAACTGAGGTCAGGAGTTCGAGACCAGCCTGAGCAACATGGTGAAACCCCTTTTCTACTAAAAATACAAAAGTTAGCCAGGCATGGTGGCACGTGCCTGTAATCCCAGCTACTTGGGAGGCTGAGGCAGGAGAATTGGTTGAACCCAGGAGGCAGAGGTTGCAGTGAGCCGAGACGGCCATTGCACTCCATCCAGCCTGGGCAACAAGAGCGAAACTCCATCTCAGAAAATAAAAA","GGCTGGGCACAGTGGCTCACACCTGTAATCCCAGCACTTTGGGAGGCTGAAGCAGGCAGATCACCTGAGGTAGGAAGTTCGAGACCAGCCTGAGCAATATGGTGAAACCCCATCTCTACTAAAAATACAAAATTAGCCAGGCATGGTGGCACATGCCTGTAATCCCAGCTACTTGGGAGGCCAAGGCAGGAGAATCACTTGAACCCAGGAGGTGGAGGCTGCAGTGAGCTGAGATCACACCATTGCACTCCAGCCTGGGCAACAACAGCGAAAAATCTACCTCAAGAAAAAAAAAA"
"KN294172v1","5832815","5833109","JH378113","14455819","14456118","38","8623004","GGCTGGGTGCAGTGGCTCACGCCTGTAATCCCAGCACTTTGGGAGGCCCAGGCGGGCGGATCACCTGAGGTCGGGAGTTCAAGACCAGCCTGACCAACATGGAGAAACCTTGTCTCTACAAAAATACAAAATTAGCCAGGGATGGTGGTGCATGCCTGTAATCCCAGCTACTCCAGAGGCTGAGGCAGGAGAATCGCTTGAACCCAGGAGGTGGATATATCCTGGCGGTGAGCTGAGATTGCGCCATTGCACTCCAGCCTGGGCAACAGAGTTTTTCAAAAAAAAAAAAAAAAAA","GGCCGGGCGCAGTGGCTCACGCCTGTAATCCCAGCACTTTGGGAGGCCGAGGCAGGTGGATCACCTGAGGTCGGGAGTTCAAGACCAGCCTGACCAACATGGAGAAACCACTTCTCTACTAAAAATACAAAATTAGCCAGGTGTGGTGGTGCATGCCTGTAATCCCAGCTACTCAGGAGGCCAAGGCAGGAGAATCGCTTGAACCTGGGAGGTGGAGGTTGCAGTGAGCTGAGATTGCACCATTGCACTCCAGGCTGGGCAACAAGAGTGAAATTTCATCTCAAAAAAACAAAAAAATAA"
"KN294172v1","5833519","5833823","JH378185","2174597","2174903","44","3658922","CCAGACATGGAAGCTCACGCCTGTAATCCCAGCACTTTGGGAGGCCAAGGTGGGCGGATCACCTGAGGTCGAGTTTGAGACCAGCCTGGCTAACATGGTGAAACCCCGTTTCTACTAAAAATACAAAAGATTAGCCGGGTGTGGTGGTGCATGCCTGTAATCCCACTCGGGAGGCTGAGACAGGAGAATCGCTTGAACCTGGGAAGCGGAGGTTATTTTGCGGTGAGCCGAGGTCATGCCATTGCACTCCAGCTTGGGCAATAAGAGTGAAACTCCGTCTCAAAAAAAAAAAAAAAAAAAAAAAA","GGCCGGGCACCGTGGCTCACGCCTGTAATCCCAGCACTTTGGGAGGCCAAGGTGGGCGGATCACCTGAGGTTGGGAGTTTGAGACCAACCTGACCAACATGGAGAAACCTCGTCTCTACTAAATATACAAAAATTAGCCAGGCGTGGTGGTGCATGCCTGTAATCCCAGCTGCTCGGGAGGCTGAGGCAGGAGAATCACTTGAACCTGGAAAGTGGAGGTTTCAGTGAGCCGAGATCTCACCATTGCACTCCAGACTGGGCAACAAGAGTGAAACTTTGTCTCAAAAAAAAAAAAAAAAAAAAAAAA"
"KN294172v1","5848486","5848787","JH378138","5380451","5380753","35","468035","GGCCGGGCGCAGTGGCTCACACCTGTAGTCCCAGCACTCTGGGAGGCTCAGGTGGGCAGATCACCTGAGGTTGGGAGTTCGAGAGCAGCCTGACCAACATGGAGAAACCCCGTCTCTACTAAAAATACAAAATTAGCCAGGCGTGGTGGTGTGTGCCTGTAATCCCAGCTACTCGGGAGGCTGAGGCAGGAGAATCGCTTGAACCTGGGAGGGGGAGGTTGCTGTGAGCCGACAGTGCCATTGCACTCCAACTCTGGGCAACAAGAGTGAAACTCCATCTCAAAAAAATAAATGAAATAAAA","GGCCAGGCATGGTGGCTCACACCTGTAATCACAGCACTTTGGGAGGCTGAGGCGGGCGGATCACCTGAGGTTGGGAGTTTGAGACCAGCCTGAACAACATGGAGAAACCCCATCTCTACTAAAAATACAAAATTAGCTGGGCATGGTGGTGCATGCCTGTAATCCCAGCTACTCGGGAGGCTGAAGCAGGAGAATCGCTTGAACCTGGGAGGTTGAGGTTGTGGTGAGCCGAGGTGGTGCCATTGCACTCCAGCCTGGGCAACAAGAGTGAAACTCCAACTCAAAAAAAAAAAAAAAAAAAAA"
"KN294172v1","5863907","5864131","JH378225","6584859","6585056","55","720952","CCCAGGTGGGAGAATCACCTGAGGTCGGGAGTTCAAGACCAGCCTGACCAACATGAAGAAACCCTGTCTCTACTAAAAATACAACAACAACAAAAACAAAAACAAAAAAAATTAGCCAGGCGTGGTGGCGCATGCCTATAATCCTAGCTACTTGGGAGGCTGAGGCAGGAGAATTGCTTGAACCTGGGAGGTAGAGGTTGTGATGAGCTGAGATCGCACCACTGC","AAGTGGGCAAATCACCTGAGGTCAGGAATTCAAGACCAGCCTGACCAACATGGAGAAACCTCGTCTCTACTAAAAATAAAAAATTAGCTGGGTGTGGTGGCACATGCCTGTAAATCCTAGCTATTCAGGAGACTGAGGCAGGAGAATCATTTGAACCCGGGAGGCGGAGGTTGTGGTGAGCTGAGATTGCACCATTGC"
"KN294172v1","5866218","5866324","JH378151","4757254","4757361","12","1108964","TAATCCTAGCACTTTGGGAGGCCGAGGTGGGCAGATCACCTGAGGTCGGTAGTTCAAGACCAGACTGACCAACATGGAGAAAACCTGTCTCTACTAAAAATACAAAA","GTAATCCCAGCACTTTGGGAAGCCGAGGTGGGCAGATCTCCTGAGGTTGGGAGTTTGAGACCAGCCTGACCAACACGGAGAAACCCCGTCTCTACTAAAAATACAAAA"
"KN294172v1","5872677","5872991","JH378131","10655501","10655807","43","4782824","GCTGGGCGCGGTGGCTCACGCCTGTAATCCCAGCACTTTGGCAGGCCGTGGCAGGCGGATCACCTGAAGTCGGGAGTTCAAGGCCAGCCTGACCAACATGGAGAAACCCCGTCTCTACTAAAGGGAAAAAAAAAAAAAAAAATTAGCCCGGCGTGGTGGCGCATGCCTGTAATCCCAGCTACTTGGGAGGCTGAGGCAGGAGAATCATTTGAACCCAGGAGGTGGAGGTTGCAGTGAACCAAGACTGCACCATTGCACTCCAGCCTGGACAACAAGAGCATAACTCTGTCTCAAAAAAAAAAAAAAAAAAAAAAA","GCCAGACATGGTGGTTCACGCCTGTAATCCCAGCACTTTGGCAGGCTGAGGCAGGCAGATCACCTGAGGTCGGGGGTTCAAGACCAGCCTGACCTACATGGAGAAACCCCATCTCTACTAAAAATACAAAAAATAAAAATAGCCGGGCATGGTGGTGCATGCCTGTAATTCCAGCTACTCAGTAGGCTGAGGCAGGAGAATCATTTGAACCCAGGAGGTGGAGATTGTGGTGAGCCAAGATCTCACCATTGCACTCCAGCCTGGGCAACAAGAGCAAAACTCCATCTCAAAAAAAAAAAAAAAGAAA"
"KN294172v1","5884717","5884948","JH378109","13255134","13255363","33","7370417","GGCCAGGTGTGGTGGCTCACACCTGTAATCCCAGCACTTTGGGAGGCTGAGGTGCATAGATCACCGGAGGTCGGGAGTTCGAGACAGCCTGACCAACATGGAGAAACCCCATGTCCACTAAAAATACAAAAAATTAGCCCAGTGTGGTGGTGCATGCCTATAATTCCAGCTACTCGGGAGGCTGAGGTAGGACAATCGCTTGAACCTGGGAGATAGAGATTGCAGTGAGCCG","GGCCAGTTGTGGTGGCTCATGCCTGTAATCCCAGCACTTTGGGAGGCTGAGGAAGGCAGATCACCTGAGGTCAGGAGTTCGAGACCAGCCTGACCAACATGGAGAACCCCCATCTCTACTAAAAATACAAAATTAGCTGGGTGTGGTGGCGCATGCCCATAATCCCAGCTACTCTGGAGGCTGAGGCAGGAGAATCGTTTGAACCTGGGGAGATGGAGGTTGTGGTGAGC"
"KN294172v1","5890711","5891009","JH378151","8381511","8381803","30","2490800","GCCGGGCGCAGTGGCTCATGCCTGTAATCTCAGCACTTTGGGAGGCTGAGGCAGGCGGATCACCTGAGGCCAGGAGTTCGAGACCAGCCTGACCAACATGGAGAAATCCTGTCTCTACTAAAACTACAAAATTAGCCGGGTCAGGCGTGGTGGCACATGCCTGTAAATCCCAGGTACTAGGGAGGCTGAGGCAGGAGAATTGCTTGAACCTGGGAGGCGAAGGTTGTGGTGAGCCCAGATTGCACCATTGCACTCCAGCCTGGGCAACAAGAGTGAAACTCCATCTCAAAAAAAGAAAA","GCCAGGCGCAGTGGCTCACACCTGTAATCCCAGCACTTTGGGAGGCTGAGGCAGGTGGATCACCTGAGGTCAGGAGTTCAAGACCAGCCTGACCAACATGGAGAAACCCTATCTCTACTAAAAATACAAAATTAGCCAAGCGTGGTGGCGCATGCCTGTAATCCCAGCTACTCGGGAGGCTGAGGCAGGAGAATTGCTTGAACCTGGGAGGCGGAGGTTGCAGTGAGCCGAGATCTCACCACTGCACTCCAGTCTGGGCAACAAGAGTGAAACTCCATTTCAAAAAAATAAAA"
"KN294172v1","5900801","5901004","JH378106","15258524","15258723","32","9357723","GAAACCCCATCTCTACTAAAAAAAATTAGCCAGGTGTGGTGGCGCATGTCTGTAATCCCAGCTACTTGGGAGACTGAGAGACAGGAGAATTGCTTGAACCCGCTAAGCGGAGGTTGTGGTGAGCTGATATCCTGCCACTGCACTCTAGCCTGGGCAACAAGAGTGAAACTCCATCTCAAAACAAAACAAAACAAAAAAACAAAA","GAAACCCCGTCTCTACTATACAAAAAATTAGCTGGGTATGGTGGTGCGTGTCTGGAATCCCAGCTACTCAGGAGGCTGAGGCAGGAGAATTGCCTGGACCCAGGAGACGGAGGTTGTGGTGAGCCGAGATCATGCCATTGCACTCCAGCCTGGGTAACAAGAGCGAAACTCCATCTCAAAAAAAAAAAAAAAAAAAAAAA"
"KN294172v1","5918072","5918369","JH378116","24828904","24829200","35","18910832","GGCCGGGCGCAGTGGCTCACGCATATAATCCCAGCACTTTGGGAGGCCGAGGCGGGCGGATTATCTGAGGTTGGGAGTTTGAGACCAGACTGACCAACATGGAGAAACCCCATCTCTACTAAAAGTGTAAAATTAGTGGGGCATGGGGGCACATGCCTGTAATCCCAGCTACTTGGGAGGCTGAGGCAGGAGAATCGCTTGAACCTGGGAGGCGGAGGTTGTGGTGAGCCGAGATCGTGCCATTGCACTCCAGCCTGGGCAACAAGAACGAGACTCCGTCTCAGGAAAAAAGAAAAAA","GGCTGAGCGCAGAGGCTCATGCCTGTAATCCCAGCACTTTGGGAGGCCGAGGCGGGTGGATCACCTGAGGTTGGGAGTTTGAGACCCACCTGACCAACATGGAGAAACCCCATCTCTACTAAAAATACAAAATTAGCTGGGCATGGTAGCACATGCCTGTAATCCCAGCTTCTTGGGAGGCTGAGGCAGGAGAATTGCTTGAACCTGGGAGGCAGAGGTTATGGTGAGCCAAGATTGTGCCATTGCACCGTAGCCTAGGCAACAAGAATGAAACTCTGTCTCAAAAAAAAAAAAAAA"
"KN294172v1","5934806","5935101","JH378291","1333564","1333860","43","4601242","GGCCGGGCGTGGTGTCTCACACCTGTAACCCTAGCACTTTGGGAGGCCGAGGTGAGTGGACCACCTGAGGTCAGGAGTTCGAGATCAGTCTGACCAACATGGAGAAACCCTGTCTCTACTAAAAATACAAGGTTAGCCGCGCATGACAGCACATTCCTGTAACCCCAGCTACTCAGAAGCCTGAGGCAGGAGAACTGCTTCAACCCAGGAGGCGGAGGATGCAGTGAGCCGAGATCACACCACTGCACTCCAGCCTGGAAAACGAGCGAAACTCCGTCTCAAAAAAAAAAAAAAAA","GGCTGGGTGTGGTGGCTCACGCCTGTAATCCCAGCACTTTGGGAGGCTGAGGTGGGCAGATCACCTGAGGTCAGGAATTCGAGACCAGCCTGACCAACATGGAGAAACCCTGTCTCTACTAAAAATACAAAATAAGCAGGGTATGGTGGCACATGCCTGTAATCCCAGTTACTTAGGAGGCTGAGGCAGGAGAATTGCTTAAACCCAGGAGGCAGAGGTTGCAGTGAGCCAGTATCACTCCATTGCACTCCAGCCTGGACAACAAGAGCGAAGCTCCATCTCAAAAAAAAAAAAAAA"
"KN294172v1","5951368","5951612","JH378136","6731743","6731996","44","780375","TCACCTGAGGTCGGGAGTTCAAGACCAGCCTGAGGAGAAACGCTGTCTCTACCAAAAATACAAAATTTGTGGTACATGGTGGCACATGCCTGTAACCTCAGTTACTCAGGAGGCTGAGGCAGGAGAATCGCCTGAACTCGGGAGGTGGAGGCTGCAGTGAGCTGAGATAGTGCTACTGCACTACAGCCTGGGCGACAAGAGCAAAACTCTGTCTCAATAAAAAAAAAAGAAAAGAAAGAAAGAAA","GATCACCTAAGGTCAGGAGTTCAAGACCAGCCTGACCAACATGGAGAAACCCTGTCTCTACTAAAAATACAAAATTAGCCAGGCATAGTGGCATATTCCTGTAATCCCAGCTACTCAGGAGGCTGAGGCAGGAAAATCGCTTGAACCCAGGAGGCGGAGGTTGCAGTGAGCTGAGATCGTGCCATTGCACTCCAGCCCGGGCGACAGGAGCGAAACTCTGTCTCAAAAAAAAAAAAAAAAAACAAAAACAAAAA"
"KN294172v1","5955128","5955258","JH378307","234380","234508","17","5720748","GGCCAGGCGTGGTGGCTCACACCTGTAATCTCAGCACTTTGGGAGGCCGAGGCGAGCAATCACCTGAGGCCAGGAGTCCAAGACCAGCCTGCCTAACATGGAGAAACCCTGTGTCTAAGAAAAAAATACAA","GGCCAGGTGTGGTGGCTCACGCCTGTAATCTCAGCACTTTGGGAGGCCGAGGCAGGCGGATCACCTGAGGTCACGAGTTCAAGACCAGCCTGACTAACATAGGAAAACCCTGTCTTAAAAAAAATAAAA"
"KN294172v1","5955322","5955536","JH378205","5570290","5570515","39","385032","GGAGTCCAAGACCAGCCTGCCTAACATGGAGAAACCCTGTCTCTAAAAAAATACAAAATTAGCTGGGTGTGGTGGCCTGTAATCCCAGCTACTTAGGAGGCTGAGGCATGAGAATCGCTTGAACCCGGGAGGCAGAGGTTTAAGTAAGCTGCGACTGCGCCATTGCACTCCAGTTTGTGCAACAAGAGCGATACTCCAAATAAATAAAAAAAAAA","GAGTTCGAGACCAGCCTGACCAACATGGAGAAACCCTGTCTCTACTAAAAATACAAAATTAGCCGGGCATGGTGGCGCACGCCTGTAATCCCAGCTACTAGGGAGGCGGAGGCAGGAGAATCTCTTGAACCTGGAAGGCAGAGGTTGCAGTGAGCTGAGATTGTGCCACTGCACTTCCAGTCTGGGCAACAAGAGCGAAACTCCATCTCAAAAAAGAAAAAAAAAA"
"KN294172v1","5982390","5982702","JH378206","5713985","5714297","38","268405","GGCCGGGCGCAGTGGCCCATGCCTGTAATCCCCACACTTTGGGAGGCAGAGGCAGGCAGATCACCTGAGGTCGGGAGTTTGAGACCAGCCTGACCAACATGGAGAAACCCCGTCTCTACCAAAAATACCAAAAAATTAGCTGGGCGTCGTGGCACATGCCTGTAATCCCAGCTACTCAGGAGGCTGAGGCAGGAGAATCGCTTGAACCCGGGAGGCGGAGGTTGTGGTGATCCAAGATCACACCATTGCACTCCAGCCTGGGTAACAAGAGTGAAACCATGTCTCAAAAAACAACAACAACAACAACAACAAA","GGCTGGGCGCAGTGGCTCTTGCTTGTAATCCCAGCACTTTGGGAGGCCGAGGCAGGCGGATTGCCTGAGGTCAGGAGTTCGAGACCAGCCTGACCAACATGGAGAAACCCCGTCTCTTACCAAAAATACAAGATTAGCCGGGTGGAGTGGCACATGCCTGTAATCCCAACTACTCAGGAGGCTGAGGCAGGAGAATCGCTTGAACCCGGGAGGCGGAGGTTGCGGTGAGCCGAGATCGCACCAGTGCACTCCAGCCTGGGCAACAAGAGCGAAACTCCGTCTCAAAAAAACAAAACAAAAACAAAAACAGAAA"
"KN294172v1","5991055","5991354","JH378281","2963422","2963719","37","3027633","GGCCGGGTGCAGTGGCTCACGTCTGTAATCCCAGCACTTTGGGAGGCTGAGGTGGGTGGATCACCTGAGTTCGGGAGTTCGAGACCAACCTGACCAACATGGAGAAACTCTGTCTCTACTAAAAATATAAACATTAGCCGGGTATAGTGGTGGGCACCTATAGTCCCAGCTACTAAGGAGGCTGAGGAAGGAGAATTGCTTGAACCCAGGAGGCGGAGGTTGCGGTGAGCCAAGATCGCACCATTGCACTCCAGCCTGGGCAACAAAAGCAAAACTCAAAAAAAAAAAAAAAAAAAAAAA","GGCTGGGTGCAGTGGCTCATGCCTGTAATCCCAGCACTTTGGGAGGATGAGGCGGGTGGATCACCTGAGGTCTGGAGTTCGAGACCAGCCTGACCAACATGGAGAAACTCCGTCTCTACTAAAAATACAAAATTAGCTGGGCATAGTGGCACATGCCTATAATCCCAGCTACTCAGGAGGCTGAAGCAGGATAATTGCTTGAACCCAGGAGGTGGAGTTTGTGATGAGCCTGGATCATGCCATTGCACTCCAGCCTGGGCAACAAGAGCAAAACTCCAAAAAAAAAAGAAAAAAAAAA"
"KN294172v1","5992925","5993041","JH378128","1736109","1736225","16","4256816","GGCCAGGCACAGTGGCGCACGCCTGTAATCCCAGCACTTTGGGAGACCAAGGTGGGTGGATCACCTAAGATTGGGAGTTTGAGACCAGCCTGGCCAACATGAGGAAACCCTGTCTCT","GGCCAGGTATGGTGGCTCACGCCTGTAATCCCAGCACTTTGGGAGGCAGAAGCGGGCGGATCACCTGAGGTCGGGAGTTTGAGACCAGCCTGACCAACATGGAGAAACCCTGTCTCT"
"KN294172v1","6006511","6006803","JH378163","13372336","13372629","37","7365825","GTCGGGCACGGTGGCTCACGCCTGTAATCCCAGTACTTTGGAAGGCCGTGGCGGGCAGATAACCTGAAGTCGGGAGTTCAAGACCAGCCTGACCAACATGGAGAAACCTCGTCTCTATTAAAAATATAAAATTAGCAGGGTGTGGTGGTGCATGCCTGTAATCCCAGCTACATGGGAGGCTGAGGCAGGAGAATCACTTGAACCCAGGAGGTGGTGGTTGCGTTGAGCTGAGATGGTGCCATTGCACTACAGCCTGGGTAACAAGAGTGACACTCTGTCTCAAAAAAAAAAAA","GCTGGGTGCAGTGGCTCATGCCTGTAATCCCAGCACTTTGGGAGGCCGAGGTGGGTGGATCACCTGAGGTTGGGAGTTCAAGACCAGCCTGAGCAACATGGAGAAACCTCGTCACTACTAAAAATACAAAATTAGCTGGGCGTGGTGGCGCATGCCTGTAATCCCAGCTACTCAGGAGGCTGAGGCAGGAGAATCACTTGAACCCGGGAGATGGAGGTTGCTGTGAGCCGAGATGGCGCCATTGCACTCCAGCCTGGGCAAGAAGAGTGAAACTCTGTCTCAAAAAAAAAAAAA"
"KN294172v1","6007862","6008171","JH378119","6124403","6124708","49","116541","GCTGGACATGGTGGTGCACACCTGTAGTCCCAGCTACTTGGGAGGCTGAAGTGGGAAGATGGCAAGAGTCCAGGAGTTTGAGACCAGCCTGGACAACATGGTGAAACCCCACCTCTACTAAAAATACAAAAATTAGCCAGCATGGCGGTGCCCATGTGTAGTCCCAGCTACTTGGGAGGCTGAGGCAGGAGAATTGCTTGAACCTGGGAGGCAGAGGTTGTGGTGAGCGTGATTGCACCATTGCACTCCAGCCTGGGCAACAAGAGCAAAACTCCATCTCAAAAAAAAAAAAAAAAAATTGAAAAATAAA","GCTGGACATGGTGGCTCACACCTGTAATCCCAGCACTTTGGGAGGCGGAGGTGGGCAGATCACCTGAGGTCAGGAGTTCAAGACCAGCCTGACCAACATGGAGAAATTCCGTCTCTACTAAAAATACAAAATTAGCTGGGCATGATGGCGCATGCCTATAATCCCAGCTACTCAGGAGGCTGAGGCAGGAGAATTGCTTGAACCCAGGAGGCAGAGGTTGTAGTGAGCCGAGATCGCACCATTGCACTCCAGCCTGGGCAACAAGAGCAAAACTCCATCTCAAAAAAAAAAAAAAAAAAAAAAAAA"
"KN294172v1","6013276","6013594","JH378120","16327645","16327955","49","10314369","GACCGGGTGTGATGGCTCATCCCTGTAATCCCAACACTTTGGGAGGCCCAGGCAGGTGGATCACCTGAGGTCAGGAGTTCGAGACCAGTCTGACCGAGATGAAGAAAGTACAGACCCCGTCTGTACTAAAAATACAAAATTAGCTGAGTGTGGTGACGCATGCCTGTAATCCCATCTACTCGGGAGGCTGAGGCAGGAGAACCTCTTGAAAGTAGGAGGCGAAGGCTACAGTGAGCCGAGATTGTGCCATTGCACTCCAGCCTGGGCAACAAGAGTGAAACTCCATCTCAAAAATAAATAAATAAATAAAACAAAATAA","GGCCAGGCACGATGGCTCATGCCTGTAATCCCAGCACTTTGGGAGGCTGAGGCGGGTGGATCATCTGAGGTTAGGAGTTCGAGACCAGCCTGACCAACATGGAAAACCCCCGTTTCTACTAAAAACATAAAATTAGCCAGGTGTGGTGGCACATGCCTGTAATCCCAGCTACTCAGGAGGCTGAGGCAGGAGAATCGCTTGAACCTGGGAGGCAGAGGTTGCAGTGAGCTGAGATTGTGCCATTGCACTCCAGCCTGGGCAACAAGAGTGAAACTCCATCTCAAAAAAAAAAAAAAAAAAAAAAAAAAAAA"
"KN294172v1","6014309","6014559","JH378113","17557083","17557335","38","11542774","CTGAGACAGGCAGATCACATGAGGTTGGGAGTTCGAGACCAGCCTGACCAACATGGAGAAACCCCACCTCTACTAAAAATACAAAATTAGTTGGACATGGTGGCGCATGCCTGTAATCCCATCTACTCAGGAGGCTGAGGTGAGAGAATCACTTGAACCCGGGAAGCGGAGGTTGCAGTGAGCTGAGATTGCGCCATTGCACTCCAGCCTGAGCAACAAGAGCACAACTCCCCCTAAAAAAAAAAAAAAAA","GAGGCGGACAGATCATCTGAGGTCAGGAGTTCGAGACCAGCCTGACCAACATGGAGAAACCCCATCTCCACTAAAAACACAAAATTATCTGAGCATGGTGGCACATGCCTATAATCCCAGCTACTCAGGAGTCTAAGGCAGGAGAATCATTTGAACCCGGGAGGCAGAGGTTGCAGTGAGCTGAAATCGTGCCATTGCACTCCAGCCTGGGCAACGAGAGCAAAACTCCACCTCAAAAAAAAAAAAAAAAAAA"
"KN294172v1","6016427","6016505","JH378122","11115952","11116032","11","5099525","GGTCAGGTGTGGTGGCTCATGCCTGTAATCCTAGCACTTTGGGAGGCCAAGGCAGGTGGATTGCCTGAGCTCAGGAGTT","GGCCAGGTGTGGTGGCTCACGCCTGTAATCCAAGCACTTTGGAGGCCAAGGCAGGTGGATCACCTGAGGTCGGGAGTTCAA"
"KN294172v1","6020006","6020291","JH378140","18657229","18657520","57","12637223","GGCCAGGTGCGGTACCTCATGCCTGTAATCCCAGCACTTTGAGAGGCCGAGGCAGGCGGATTTCTTGAGTCTAGCAGTTTGAGACCAGCCTGGGCAGCGTGGTGACACCGCTTCTCTACAAAAATTACGAAAATTAGCTGAGCGTGGTGGGAGGCTGAGGTGGGAGGATCACTTGAACCCGGGAGGTGGAGGTTGTGGTGAGCCGAGATCACACCATTGCCCTCCAGCCTGGGCAACAAGAGTGAAATTCTGTCTCAAGAAAAAAAAGAAAAAAAAAAGAAAGAAA","GGCCAGGCGCGGTGGCTCACGCCTATAATCCCAGCACTTTGGGAAGCTGAGGTGGGCGGATTACCTGAGGTCGAGAGTTTGAGACCAGCCTGGCCAATATGGAGAAACCCTGTCTCTACTAAAAATACAAAAATTAGCCAGACGTAGTGACACATGCCTCGAGGCAGGAGAATCACTTGAACCTGGGAGGCAGAGGTTTCGGTGAGCCGAGATCGCACCATTGCACGCCAGCCTGGGCAACAAGAGTGAAACTCCATCTCAAAAAAAAAAAAAAAAGGCAAAAGAAAGAAAA"
"KN294172v1","6020536","6020758","JH378220","3501262","3501471","47","2519274","CTTGAGTCTAGCAGTTTGAGACCAGCCTGGGCAGCGTGGTGACACCGCTTCTCTACAAAAATTACGAAAATTAGCTGAGCGTGGTGGGAGGCTGAGGTGGGAGGATCACTTGAACCCGGGAGGTGGAGGTTGTGGTGAGCCGAGATCACACCATTGCCCTCCAGCCTGGGCAACAAGAGTGAAATTCTGTCTCAAGAAAAAAAAGAAAAAAAAAAGAAAGAAA","TGAGGTCGGGAGTTCGAGACCAGCCTGGCCAACATGGAGAAACTCCATCTCTACTAAAAATACAAAATTAGCCGGTCATGGGAGCTGAGGCAGGAGAATCACTTGAACCTGGGAGGCGGAGGTTGTGGCAAGCCGAGATCATGCCACTGCATTCCAGCCTGGGCAACAAGACTGAAACTCTGTCTCAAAAAACAGGAAAAAAAAAAAAAA"
"KN294172v1","6027268","6027579","JH378107","32189786","32190091","37","26162518","GGGCAGGTGCGGTGGCTCATGCCTGTAATCCCAGCACTTTGGGAGGCCGAGGTGGGCAGATCACCTGAAGTCGGGAGTTCAAGACCAGCCTGACCAACGTGGAGAAACCCCGTCTCTACTAAAAATACAAAATTAGCCGGGCGTGGTGGCGCATGCCTGTAATCCCAGCTACTCGGGAGGCTGAGGCAGGAGAATTGCTTGAAGCTGGGAGTTGAAGGTTGTGGTGAGCTGAGATCACGCCATTGCAAATCCAGCCTGGGCAACAGGAGTGAAACTCTGTCATGAAATGAAATGAAATGAAATAAAATAAAA","GACCAGGTGCAGTGGCTCATGCCTGTAATCCCAGCACTTTGGGAGGCCGAGGCAGGTAGATCACCTGAGGTTGGGAGTTCAGGACCAGCCTGATCAACGTGGAGAAACCCCGTCTCTACTAAAAATACAAAATTAGCTGGGTGTGGTGCCGCATGCCTGTAATCCAAGCTACTCAGGAGGCTGAGGCAGAAGAATCGCTTGAACCTGGGAGGTGGAGGTTGTGGTGGGCTGAGATCATGCCATTGCACTCCAGCCTGGGCAATAAGAGCGAAACTCCGTCTCAAAAAAAACTAAATAAAAATAAAA"
"KN294172v1","6029569","6029885","JH378245","2888977","2889288","47","3140592","GGCCAGGTGTGGTGGCGCCTGTAATCCCAGCACTTTGGGAGGCCGAGGTGGGCGGATCACGTGAGGTGGGAAATTCAAGACCAGCCTGACCAACATGGAGAAACCCCATCTATACTAAAAATACAAAATTAGCCAGGTGTGGTGGCACATGTCTGTAATCCCAGCTACTCAGGAGGCTGAGACAGGAGAATCACTTGAACCCAGGAGGCGGAGGTTGCGGTGAGCTGAGATTGCACCACTGCACTCCAGCAATGTTGCCTTGGGTGACAAGAGCGAAACCCCCTCTCAAAAAAGAAAGAAAGAAAGAAAGAAAAAAA","GGCCAGGTGTGGTGGCTCATGCCTGTAATCCCAGCACTTTGGGAGGCCAAGGTGGGCGGATCACTTGAGGTTGGGAGTTCGAGACCAGCCTGACCAACATGGAGAAACCCCATCTTTACTACAAATACAAAATTAGCCAGGCGTGGTGGCACATGCCTGTAATCTCAGCTACTTGGGAGGCTGAGGCAGGAGAATCACTTGAACCCAGGAGGCGGAGGTTGCGGTGAGTTGAGATCATGCCATTGCACTCCAGCCTGGGCAACGAGACGGAAACTCCATCTCAAAAAAAAAAAAAAAAAAAGGAAGAAAGAA"
"KN294172v1","6045950","6046247","JH378113","11419757","11420052","35","5373807","GGCCGGGTGTGAGCTCATGCCTGTAATCCCAGCACTTTGGGAGGCTGAGGCAGGCAGATCACCTGAGGTCAGGAGTTCAAGGCCAGACTGACCTCAACATGGAGAAACCCTGTCTCTACTAAAAATACAAAATTAACCTGGCATGGTGGTGCATGCCTGTAATCCCAGCTACTCGGGAAGCTGAGGCAGGAAAATCGCTTGAACCCAGTAGGTGGAGGTTGCGGTGAGCGAGATCACACCATTGCACTCCAGCCTGGGCATAAGAGCAAAACTCCGTCTCAAAGAAAAAAAAAAAGAA","CCAGGCGCGGTGGCTCATGCCTGTAATCCCAGCACTTTGGGAGGCCGAGGCAGGCAAATCACCTGAGGTCAGGAGTTCAAGACCAGCCTGACCAATATGGAGAAACCCTGTCTCTACTAAAAATACAAAATTAGCCAGGCATGGTGGCACATGCCTGTAATCCCAGCTACTCGAGAGGCTGAGGCAGAACAATCGCTTGAATCCAGGAGGTGGAAGTTGTGGTGAGCTGAGATTACACCATTGCACTCCAGCCTGGGCAATAAGAGTGAAATTCCGTCTCAAAGGAAAAAAAAAAA"
"KN294172v1","6048433","6048727","JH378139","16259084","16259375","40","10210651","GCCGGGCACGGTGGCTCACGCCTATAATCCCAGCACTTTGGGAGGCCGAGGCGGGCGGATCACCTGAGGTCAGGAGTTTGAGACCAGCCTGACCAATATGGAGAAATTCCTTCTAAACTAAAAATACAAAAAATTAGCCGGGCGTGGTGGCGGGCACCTGTAATTCCAGTTACTCAGGAAGCTGAGGCAGGAGAATTGCTCGAACCCAGGAGGCAGAGGTTGCAGTGAGCCGAGATCGCACCACTGCACTCCAGCCTGCACCACAAGAGCAAAATTCTGTCTCAAAATAAATAAA","GGCCAGGTGCAGTGGCTCACGCCTGTAATCCCAGCACTTTGGGAGGCCAAGGCAGGCGGATCACCTGAGGTTGGGAGTTTGAGACCAGCCTGACCAACATGGTGAAACCCCGTCTCCACTAAAAATACAAAAATTAGCTGGGCATGGTGGCGCGCGCCTGTAATCCCAGCTACTCAGGAGGCTGAGGCAGGAGAATTGCCTGAACCCAGGAGGCGGAGGTTGCGGTGAGCCGAGATCGCGCCATTGCACTCCAGCCTGGGCAACAAGAGCGAAACTCCGTCTCAAAAAAAAA"
"KN294172v1","6059174","6059478","JH378213","5393305","5393609","35","665869","GGCCGGGTGTGGTGGCTCACACGGCATCCCAGCACTTTGGGAGGCCGAGGAGGGCAGATCACCTGAGATTGGGAGTTTGAGACCTTCCTGACCAACATGGAGAAACCCTGTCTCTGCTAAAAATACAAAATTAGCCGGGTGTGGTGGCACATGCCTGTAATCCCTGCTACTCGGGAGGCTGAGGCAGGAGAATCACTTGAACCCGGGAGGTGGAGGTTGTGGTGAGCCAAGATTGGGCCACTGCACTCCAGCCTGGGTGACAAGAGTGAAACTCCATCTCAAAAATAAAAATAAATAAATAAAAA","GGCCAGGTGTGGTGGCTCACACCTGCAATCCCAGCACTTTGGGAGGCCGAGGTGGGCAGATCACCTGAGGTTGAGAGTTCGAGACCAGCCTGACCAACATGGAGAAACCCTGTCTCTACTAAAAATACAAAAGTAGCTGGGCATGGTGGCACACACCTGTAATCCCAGCTACTCAGGAGGCTAAGGCAGGAGAATCTCTTGAACCTGGGAGGCAGAGGTTGCGGTGAGCCAAGATGGCGCCATTGCACTCCAGCCTGGGCAACAAGAGTGAAACTCAATCTCAAAAAAAAAAAAAAAAAAAAAAA"
"KN294172v1","6065926","6066221","JH378172","3560988","3561286","32","2504938","GGCCTGGCACAGTGGTTCACGCCTATAATTCCAGCACTTTGGGAGGTTAAGGGGGCAGATCACCTGAGGTCAGGAGTTTGAGACCAGCCTGACCAACATGGAGAAATCCTATCTCTACTAAAAATACAAAAAATTAGCCAGGCATGGTGGCGCATGCCTGTAATCCCAGCTACTCGGGAGGCTGAGGTAGGAGAATCACTTGAACCCAAGGAGGCAGAGGTTGCGGTGAGCTGAGATCACGCCATTGCACTACAGCCTGGGCAACAAGAGTGAAACTCCATCTCAAAAAAAAAAAA","GGCCAGGTGCAGTGGCTCACGCCTGTAATCCCAACACTTTGGGAGGTCAAGGTGGGCAGATCACCTGAGGTCGGGAGTTGGAGACCAGCCTGACCAACATGGAGAAACCCTGTCTCTACTAAAAATACAAAATTAGCCAGGCATGGTGGCACATGCCTATAATCCCAGCTACTCAGGAGGCTGAGGCAGGAGAATCACTTGAACCCAGGAGGCAGAGGTTGCGGTGAGCTGAGATCTCACCATTGCACTCCAGCCTGGGTAACAAGAGTGAAAATACGTCTCAACAACAACAAAAAAAA"
"KN294172v1","6066764","6067076","JH378165","5178810","5179119","39","887954","CTGGGCGCCGTGGCTCATGCTTGTAATCCAGCACTTTGGGAGGCCAAGGGGGCGGGGAGAGCGGATCACCTGAGGTTGGGAGTTCGAGACCAGCCTGACCAACATGAAGAAACCCCATCTCTACTAAGAATACAAAATTAGCCAGGCGTGGTGGCACATGCCTGTAATCCCAGCTATTCGGGAGGCTAGCAGGAGAATCTCTTGAACCCGGGAGGCGGAGTTTGCGGTGAGCCGTGATTGCGCCATTGCACTCCAGCCTGGGCAACAAGAACAAAACTCCGTCTCAAAAAAAGAAAAAAAAAAAAAAAAAAAA","GCTGGGCGCAGTGGCTCATGCCTATAATCCCAGCACTTTGGGAGGCCGGGGTGGGCAGATCACCTGAGGTTGGGAGTTCAAGACCAGCCTGACCAACATGGAGAAACCCCGTCTCTACTAAGAATACAAAATTATCCAGGTATGGTGGCGCATGCCTGTAATCCCAGCTACTTGGGAGGCTGAGGCAGGAGAATCACTTGAACCCGGGAGGTGGAGGTTGCAGTGAGCCGAGGCTGCGCTATTGCACTCCAGCCTGGGCAACAAGAGCCAAACTCTGTCTCAAAAAAAAAAAAAAAAAAAAAAAAAAAAA"
"KN294172v1","6070407","6070541","JH378153","2127454","2127589","21","3942953","GGCCGGGCCTGGTGGCTCCCACCTGTAACCTCAGCACTTTGAGAGGCTGAGGTGGGCAGATTACCTGAGGTCAGGAGTTCAAGACCAGCCTGGACAATATAGACAAACCCCGACTCTATTAAAAATACAAAAATT","GGCCGGGCACGGTGGCTCACACCTGTAATCCCAGCACTTTGGGAGGCCAAGGTGGGCAGATCACCTGAGGTCGGGAGTTCCAGGCCAGCCTGACCAACATGGAGAAACCCCATCTCTACTAAAAATACAAAAATTA"
"KN294172v1","6072381","6072692","JH378106","1533545","1533849","39","4538836","CAGGCGAGGTGGCTCACAGGTGCTGTAATCCCAGCACTTTGAGAGGCCAAGGCGGGTGGATTACCTGAGGTCGGGAGTTCAAGACTCCAGCCTGACCAACATGGAGAAACCCTGTCTCTACTAAAAATACAAAAATTAGCCAGGCGTGGTGCCGCATGCCTGTAATCCCAGCTACTCAGGAGGTTGAGGCAGGAGAATCGCTTGAATCCAGGAGGCAAAGGTTGTGGTGAGCCGAGATCGCGCCATTGCACTCCAGGCTGGTCAACAAGAACAAAACTTCATCTCAAAAAAAAAAAAAAAAAAAAGAGATAA","GCCAGGCACTGTGGCTCACACCTGTAATCCCAGCACTTTGGGAGGCCAAGGTGGGTGGATCACCTGAGGTCGGGAGTTCAAGATCAGCTTGACCAATATGGAGAAACCCTGTCTCTACTAAAAATACAAAAAATTAGCCAGGCGTGGTGGCGCATGCCTGTAATCCCAGCTACTCAGGAGGCTGAGGCAGAAGAATTGCTTGAACCTGGGAGGCAGAGGTTGTGGTGAGCTGAGATCATGCTATTGTACTCCAGCCTGGCCAACAAGAGCAAAACTCCATCTCAAAAAAAAAAAAAAAAAAAAAA"
"KN294172v1","6099513","6099803","JH378137","7745755","7746044","36","1646242","GGCCGGGCACAGTGGTTCATGCCTGTAATCCTAGCACTTTGGGAGGCCGAGGCGGGCAGATCACCTGAGATTGGGTGTTCAAGACCAGCCTGGCCAACATGGAGAAACCCTGTCTCAACTAAAAATACAAAATTAGCTGGGCGTGGGGGTGCATGCCTGTAATCCTAGCTACTTAGGGGGCTGAGGCAGGAGAATCACTCGAATCCGGGAGGCAGAGGTTGCGGTGAGCTGAGATCGCGCCTTTGCACTCCAGCCTGGGCAACAAGAGCGAAACTCCGTCTCAAAAAACAA","GGCCGGGCACGGTGGCTCATGCCTGTAATCCCAGCACTTTGGGAGGCCGAGATGGGCAGATCACCTGAGGTCAGGAGTTCAAGACCAGTCTGACAAACATGGAGAAACCCTGTCTCTACTAAAAATACAAAATTAGCCAGGTGTCATGGTGCATGCCTGTAATCCCAGCTACTCGGGAGGCTGAGGCAGGAGAATCGCTTGAACCAGGGAGGCAGAGGTTGCGGTGAGCAGAGACTATACCATTGCACTCCAGCCTGGGCAACAAGAGCGAAACTCAGTCTCAAAAAAAA"
"KN294172v1","6105197","6105354","JH378151","9876229","9876382","23","3771032","GTTGTGGCATCCGCCTGTAATTCCAGCTACTTGGGAGGCTGAGACAGGAGAATCACTTGAACCCGGGAGGCGGAGGTTGCAGTGAGCCAAGATCGCTCTGTTGCACTCCAGCCTGGGCAACAAGAGGGAAACTCCCTCTCAAAAAAAAAAGGAAAAAA","TGGTGGCACATGCCTGTAATCCCAGCTACTCGGGAGGCTGAGACAGGAGAATCGCTTGAACCCAGGACGCGGAGATTGCGGTGAGCCGAGAATACGCCATTGCACTCCAGCCTGGGCAACAAGAGCGAAACTCCGTCTCAAAAAAAAAAAAAAA"
"KN294172v1","6127659","6127789","JH378134","11872818","11872946","15","5745159","CGGAAGGCTGAGGCAGGAGAATCGCTTGAACCCAAGAGGCAGAGGTTGCGGTGAGCTGAGATCCCGCCATTGCACTCCAGCCTGGGCAACAAGAACAAAACTCTGTCTCAAAACAACAACAACAACAAAAA","GAAGGCTGAGGCAGGAGAATTGCTTGAACCCAGGAGGCAGAGGTTGCGGTGAGCTGAGATCGCGCCATTGCACTCCAGCCTGGGTAACGAGAGCGAAACTCTGTCTCAAAAAAAAAAAAAAAGATAAAA"
"KN294172v1","6134160","6134452","JH378240","1304080","1304368","33","4830080","CTGGGCGCAGTGGCTCACGCCTGTAATCGCAGCACTTTGGGAGGCCAAGGCGGGCGGATCACCTGAGGTCGGGAGTTCAAGACCAGCCTGACCAACATGGAGAAACCCCGTCTCTACTAAAAATACAAAATTAGCCAGGCATGGCGATGCATGCCTGTAATCCCAGCTACTCGGGAGGCTGAGGCAGGAGAATCACTTGAACCCAGGAGGCAGAGGTTGCAGTGAGCCAAGACTGCACCATTGCAACCTAGCCTGGGCAACAGAGCGAGACTCCATTTCAAAAAAAAGAAAAA","CGGGTGTGGTGGCTAATGCCTGTAATCTCAGCACTTTGGGAGGCCAAAGTGGGCTGATCACCTGAGGTCGAGAGTTCGAGACCATCCTGACCAACATGGAGAAACCCTGTCTCTACTAAAAATACAAAATTAGCTGGGCATGGCAGTGCATGCCTGTAATCCCAGCTACTTGGGAGGCTGAGGCAGGAGAATCACTTGAACCCGGGAGGCGGAGGTTGTGGTGAGCCAAGATTGCACCATTGCACTCCAGCCCGGGCAACAGAGCAAGACTCCATCTAAAAAAAAAAAA"
"KN294172v1","6147940","6148240","JH378126","21026752","21027059","32","14878812","GGCCGGGCGTGGTAGCTCACGCCTGTAATCCCAACACTTTGGGAGGCCAAGGCGGATGGATCACCTGAGGTCAGAAGTTCGAGACCAGCCTGACCAACATGGAGAAACCCCATCTCTACTAAAAATACACAATTAGCTGGGCGTGGTGGTGCATGCCTGTAATCCCAGCTACTCGGGAAGCTGAGGCAAGAGAATCGCTTGAACCTGGGAGGCAGACGTTGCATTGAGCCGAGATTGCACCATTGCACTCCCACCTGGGCAACAAGAGTGAAACTCCATCTCAAAAAAAAAAAAAAAAGAA","GGCCGGGCGCGGTGGCTAACGCCTGTAATCCCAGCACTTTGGGAGGCCAAGGCAGGTGGATCACCTGAGGTCAGGAGTTCAAGACCAGCCTGACCAACATGGAGAAACCCCATCTCTACTAAAAATACAAAATTAGCCGGGCGTGGTGGCACATGCCTGTAATCCCAGCTACTCGGGAGGCTGAGGCAGGAGAATCGTTTGAACCTGGGAGGCAGAGGTTGAGATGAGCCAAGATCGTGCCATTGCACTCCAACCTGGGCAACAAGAGTGAAACTCCATCTCAAAAAAAAAAGAAAAAAAAAAAAAAA"
"KN294172v1","6155075","6155384","JH378112","36490375","36490686","43","30335300","GACCAAGTGCGATAGCTCATGCTTGTAATCCCTGCACTTTGGGTGGCCGAGGTGGGCAGATCACCTGAGGTCGGAAGTTCTAGACCATCCTGACCAACATGGAGAAATCCAATCTCTACTAAAAATACAAAATTAGCCAGGTGGGGTGGCAAGCACCTATAATCCCAGCTGCTCAGAGGCTGAGGCAGGAGAATCACTTGAACCTGGGAAGCGGAGGTTGTGGTGAGCCAAGATCATGCCATTGCACTCCAACCTGGGCAACAAGAGTGAAACTCCGCCTCAAAAAAAAAAAAAAAAAAAAAAAAAAAAA","GGCTGGGCTCAGTGGCTCACGCCTATAATCCCAGCACTTTGGGAGGCCAAGGTGAGCGGATCACCTGAGGTCCGGAGTTCAAGACCAGCCTGACCAACATGGAGAAACTCCATCTCTACTAAAAATACAAAATTAGCTGGGCGTGGTGGCATGCACCTGTAATCCCAGCTGCTCTGGAGGCTGAGGCAGGAGAATCACTTGAACCCGGGAGGCAGAGGTTGTGGTGAGCCAAGACTGTGCCATTGCATTCCAACCTGGGCAACAAGAGCGAAACTCTGTCTCAAAAAAAAAAAAAAGAAAAAAGAAAAAAAA"
"KN294172v1","6165936","6166241","JH378151","8381511","8381803","43","2215575","GGCCAGGCGCGGTGGCTCATGCCTGTAATCCCAGCACTTTGGGAGGCTGAGGCGGGGGGAGGGTGTGGATCACCTGAGGTTGGGAGTTCGAGACCAGCCTGACCAACATGGAGAAACCCCATCTCTACTAAATATATAAAAATTAGCCAGGCGTGGTGGCAGACACCTGTAGTCACAGCTACTTGGGAGGCTGAGGCAAGAGAATTGCTTGAACCTGGGAGGCGGAGGTTGCAGCGGGCCAAGATCAGGCCACTGCACTCCAGCTTGGCTGACAAGAGTGAAACTCCATCTCAAAAAAAAAAAAAA","GCCAGGCGCAGTGGCTCACACCTGTAATCCCAGCACTTTGGGAGGCTGAGGCAGGTGGATCACCTGAGGTCAGGAGTTCAAGACCAGCCTGACCAACATGGAGAAACCCTATCTCTACTAAAAATACAAAATTAGCCAAGCGTGGTGGCGCATGCCTGTAATCCCAGCTACTCGGGAGGCTGAGGCAGGAGAATTGCTTGAACCTGGGAGGCGGAGGTTGCAGTGAGCCGAGATCTCACCACTGCACTCCAGTCTGGGCAACAAGAGTGAAACTCCATTTCAAAAAAATAAAA"
"KN294172v1","6173373","6173682","JH378125","7338401","7338712","45","1165028","GCTGGACGTGGTGGCTCACACCTGTAATCCCAAAACTTTGGGAGGCCAGACAGGCGGATCACCTGAGGTTAGGAGTTCTAGATCAGCCTGACCAATATGGAGAAACCCCATCTCTACTACAAATACAAAATTAGCCGGGCGTAGTGGCTCATGCCTATAATACCAGCTACCTGGGAGGCAGAGGGAGGAGAATCACCTGAACCTGGGAGGTGGAGGTTGTGGGGAGCCGAGATTATGCCATTGCACTCTAGCCAGGGCAACAAGAGCGAAACTCCATCTCAAAACACAAAAAACAAAAAACAAAAAGAAA","GGCTGGGCGTGGTGGCTCACGCCTGTAATCCCAGCACTTCGGTGGGCCCAGGCAGGCGGATCACTTGAGGTTGGGAGTTCGAGATCAGCCTGACCAACATGGAGAAACCCTGTCTCTACTAACAAAACAAAATTAGCTGGGCGTGGTGGCACATGTCTACAATCCCAGCTACTTGGGAGGCTGAGGCAGGAGAATCGCTTGAACCTGGGAGGTGGAGGTTGCACTGGGCCGAGATTGTGCCATTGCACTCCAGCCTGGGCAACAAGAGTGAAACTCTGTCTCAAAAAAAAAAAAAAAAAAAAAAAAAAAAAA"
"KN294172v1","6173758","6174042","JH378132","7601085","7601367","40","1427327","GCTCACGTCTGTAATCCCAGCACTTTGAGAGGCCGAGGCAGGCGGATCACCTGAGGTTGGGAGTTTGAGACCAGCCTGACTGATACAGAGAAACCCAGTCTCTACTAAAAAGACAAAATTAGCCGGGCATGTTGGTGCATCCCTATAATCCCAGCTACTCAGGAGGCTGAGGCAGGAGAATCACCTGAACCCAGAAGGTGGAGGTTGCAGTCAGCAGAGATAGCACCATTGCACTCCAGCCTGGGCAATAAGAGTGAAACTCCATCTCAAAAAGAAAAAAAAAAA","TCACACCTGTAATCCCAGCACTTTGGGAGGCCGAGGTGGGTGGATCACCTAAGGTCGGGAGTTCAAGACCAGCCTGACCAATGTGGAGAAACCCCGTCTCTACTAAAAATACAAAACTAGCTGGGCATGGTGGCACATGCCTGTAATCCCAGCTATTCAAGAGGCTGAGGCAGGAGAATCGCTTGAACCCAGAAGGCAGAGTTTGCAGTGAGTGGAGATTGCACCATTGCACTCCAGCCTGGGCAAGAAGAGTGAAATTCCATCTCAAAAAAAAAAAAAAAAA"
"KN294172v1","6182530","6182828","JH378149","2816535","2816840","54","3365995","GCCAGGTGCGGTGGCTCACACCTATAATATCCTGGGAGGCTGAGGTGGGGGGGGGAGTGGATCGCCTGAGGTCAGGAGTTCGAGACCAGCCTGACTAACATGGTGAAACCTTGTCTCTACTAAAAAAACACAAAAATGAGCCAGGCGTGGTGGCGTGTGCCTGTAATCCCAGCTACACAGGAGGCTGGAGCAGAATTGCTTGAATCTGGGAGGCAGGAGTTGCAGTGAGCCGAGATCGCACCATTGCACTCCAGCCTGGGCAAGAGTAAAACTCTGTCTCAAGAAAAAAAAAAAAAAAA","GACCAGGCGCAGTGGCTCATACCTGTAATCTTAGAACTTTGGGAGGCTGAGGTGGGTGGATCACCTGAGGTCAGGAGTTCGAGACCAGCCTGACCAACATGGTGAAACCCCGTCTCTACTAAAAATACAAAAAAATCAGCTGGGCATGGTAGCGCGTGCCTGTAATCCCAGCTACTCAGGAGGCTGCTGAGGCAGAATTGCCTGAACCCAGGAGGCGGAGGTTGCGGTGAGCCGAGATCGTGCCATTGCACTCCAGCCTGGGTAACAAGAGCGAAACTCCGTCTCAAAAAAAAAAAAAAAAAAGAA"
"KN294172v1","6190504","6190806","JH378157","1008995","1009298","39","5181509","CTGGGTACAGTGGCCCACACCTGTAATCCAAGCACTTTGGGAGGCCGGGGCCGGTGGATCACCTGAGGTCAGGAGTTCAAGACCAACCTGACCAACATGGGGAAACCCCATCTCTACTAGAAATACAAAATTAGCCTGGTGTGGTGGTGCATTCCTGTAATCCCAGCTACTTGGGAGGCTGGGGCAGGAGAATCGCTTGAACCCGGGTGGCAGAGGTTGCAGTGAGCCGAGATTGTGCCATTGCACTCTGGCCTGGGCAATAAGGGTGAAGCTTTATCTCAAAAAAAAAAAAAAAAAAGAAAA","GCTGGGCACAGTGGCTCACACCTGTAATCTCAGCACTTTGGGAGGCCAAGGCAGGCAGATCACCTGAGGTCGAGAGTTCAAGACCAGCCTGACCAACATGGAGAAACCCTGTCTCTACTAAAAATACAAAATTAGCTGGGTGTGGTGGTGCATGCTTGTAATTCCAGCTACTTGGAAGACTGAGGCAGGAGAATTGCTTGAACCTGGGAGGCAGAGGTTGCGGTGAGCCGAGATCGTGCCATCGCACTGCAGCCTGGGCAACAAGAGTGAAACTATGTCTCAAAAAAAAAAAAAAAAAAGAAAA"
"KN294172v1","6201925","6202233","JH378288","1088673","1088973","34","5113252","GGCCAGGCGCGCTGGCTCACGCTTGTAATCCCAGCACTTTGGGAGGCCGAGGTGGATGGATCACCTGAGGTCGGGAGTTCGAGACCAGCCTGACCAACATAGAGAAACCCCATCTCTACTAAAAATATAAAATTAGCCGGGTACGGTGGTGCATGCCTGTAATCCCAGCTACTTGGGAGGCTGAGGCAGGAGAATGGCTTGAACCTGGGAGGTGAAGGTTGTGGTGAGCTGAGATCACACCATTGCTCTCCAGCCTGGGCAACGGGAGTGAAACTCGATCTCAAAAAAAAAAAAAGAAAGAAAAGAAAA","GGCCAGGCGCGGTGGCTCATGCCTGTAATCCCAGCACTTTGGGATGCCGAGGCAGGTGGATCACCTGAGGTCGGGAGTTCAAGACCAGCCTGACCAACATGGAGAAATCTCATCTCTACTAAAAATACAAAATTAGCCAGGTATGGTGGCGCATGCCTGTAATCCCAGCTACTTGGGAGGCTGAGGCAGGAGAATTGCTTGAACCTGGGAGGTAGAAGTTGCAGTGAGCCAAGATCACACCATTGCACTCCAGCCTGGGCAACAAGAGTGAAACTCCATCTCAAAAAAAAAAAAAAAAAAA"
"KN294172v1","6202819","6202953","JH378137","16178972","16179100","16","9976153","GGCTGGGCGCGGTGGCTCATGCCTGTAATCCCAGAACTTTGGGAGGCTGAGGCAGGGGGGTCACCTGAGGTCAGGAGTTCGAGATCAGCCTGACCAACATGGAGAAATTCCCTCTCTACTAAAAATACAAAATTA","GGCCGGGCGCGGTGGCTCACCCTGTAATCCCAGAACTTTGGGAGGCTGAGGTGGGTGGATCACCTGAGGTCAGGAGTTCGAGACCAGCCTGACCAACATGGAGAAACCCCATCTCTACTAAAAATACAA"
"KN294172v1","6203245","6203388","JH378132","18321139","18321287","23","12117894","CAAGGTGGTGCACGCCTGTAATCCCAGCTACTCAGGAGGCTGAGGCAGAAGAATGGCTTGAACCCAACAGGTAGAGGTTGTGGTGAGCCAAGATCCCACCATTGCACTCCAGCCTGGGCCGTAAGAGTGAAACTCCGCCTCAAA","GGGCATGGTGGTGCGTTCCTGTAATCCCAGCTACTCAGGAGGCTGAGGCAGGAGAACTGCTTGAACCCAGGAGGTGGAGGTTGTGGTGAGCCGAGATCACACCATTGCACTCCAGCCTGGGTAACAAGAGTGAAACTCCATCTCAAAAA"
"KN294172v1","6218822","6219118","JH378130","14313103","14313397","48","8094281","GGCCAGGCACAGCAGCTTACGCCTGTAATCCCAGCACGTTGGGAGGCTGAGATAGGCAGATCACCCGAGGTGGGGAGTTCGAGACCAGCCTGACCAGCATGGAGAAACCCTATCTCTACAAAATTAGCCAGGCGTGGTGGTGCATGCCTGTAATCCCAGCTACTTGGGAAGCTGAGGTAAGAGAATTGCTTGAACCTGGGAGGCAGAGGTTGCAGTGAGCCAACATGGCATCATTACACTTCAGCCTGGGCAACAAGAGTGAAACTCCGTCTCAAAAAACAAACAAACAAACAAAAA","GGCCAGGTGTGGTAGCTCATGCCTGTAATCCCATCACTTTGGGAGTCCGAGATGGGCAGATCACCTGAGGTCAGGAGTTCGAGACCAGCCTGACCAACATGAAGAAACAACGTTTCTACAAAATTAGCCAGGTGTGGTGGCGCATGCCTGTAATCCCAGCTACTTAGGAGGCTGGGGCAGGAGAATCACTTGAACCTGGGAGGTGGAGGTTGCGGTGAGCCAAAATCGTGCCACTGCACTCCAGCCTGGGCAACAAGAGTGAAACTCCATCTCAAAAAAAAAAAGGAAAGAAAAA"
"KN294172v1","6225094","6225380","JH378109","14372976","14373265","35","8147882","GGCCAGGCAGTGGCTCACACCTGTAATCCCAGCACTTTGGGAGGCTGAGGCAGGCGGACCACCTGAGGTCGGGAGTTCGAGACCAGCCTGACCAACATGAAGAAACCCCGTCTCTACTAAAAATACAAAATTAGCCGGGCGTGGTGGCACATGCCTGTAATTGCAGCTACTTGGGAGACTGAGGCAGAAGAATCGCTTGAACCTGGTATGCAGAGGTTGTGGTGAACCAAGATTGTGCCACCGCACTCCAACCTGGGCAACAAAAGCGAAACTCCATCTCAAAAAAA","GGCCGGGCCCAGTGGCTCATGCCTGTAATCCCAGCACTTTGGGAGGATGAGGCAGGCGGATCACTTGAGGTCCGGAGTTCAAGACCAGCCTGACCAACATGGAGAAACCCCGTCTCTACTAAAAATACAAAAAATTAGCTGGGCATGGTGGTACATGCCTGTAATCCCAGCTACTTGGGAGGCTGAGGCAGGAGAATCACTTGAACCAGGGAAGCAGAGGTTGTGGTGAGCCGAGATTGCACCACTGCACTCCATCCTGAGCAACAAGAGTGAAACTCCATCGAAAAAAA"
"KN294172v1","6235243","6235557","JH378225","426011","426317","62","5809232","GGCCAGGCGCAGTGGCTCACACCTGTAATCTCAGCACTTTGGGAGGCCGAGGCAGGTGAAGCACAAGAGGTCGGGGGTTCAAGACCAGCCTGACCAACATGGAGAAATCCCGAGACCAGTCTGACCAACAAGGAGAAACCTCGTCTCTACTAAAAATACAAAATTAGCCACGCATGGTGGCGCATGCCTGTAATCCCAGCTACTTGGGAGGCTGAGGCAGGAGAACTGCTTGAACCCGAGAGGTGGAGGTTGCAGTGAGCCAAGGTTGTGCCATTGCACTCCATCCTGTCTGGGCAACAAGAACGAAACTCTGTC","GGCCGGGCGAAGTGGCTCATGCCTGTAATCCCAACACTTTGGTAGGGCGAGGTGGGCAGTCACCTGAGGTAGGGAGTTCAAGACCAGCCTGACCAACATGGAGAAATCCTGCCTCCTGACCAAAGTGTAGAAATGCCATCTCTACTAAAAAAATACAAAATTAGCCGAATGTGGTGGCACATGGCTGTAATCCCAGCTACTCAGGAGGCTGAGGCAAGAGAATCACTTGAACCTGGGAGGTGGAGGTTGCAGTGAGCCAAGATCGTGCCACTGCACTCTAGCCTGGGCAACAAGAGCAAAAGTCTGT"
"KN294172v1","6253603","6253896","JH378106","66152627","66152921","33","59899024","GGCCGGGCGCGGTGGCTCACACCTGTAATCCCAGCACTTTGGGAGGCTGAGGCGGGCGGATCACGAGGTCAAGAGATTGAGACCATCCTGACCAACATGATGAAACCCCGTCTCTACTAAAGATACAAAAAGTAGCTGGGCGTGGTAGCGCGTGCCTATAATCCCAGCTACTCAGGAGGCTGCGGTAGGAAAATCACTTGAACCCCGCAGGTGGATGTTGCAGTGAGCCGAGATTGCGCCATTGCACTCCTGTCTGGGCCACAAGAGTGAAACTCCATCTCAAAAAAAAGAAAA","GGCCGGGCGCGGTGGCTCAAGCCTGTAATCCCAGCACTTTGGGAGGCCGAGGCGGGTGGATCACGAGGTCGAGAGATCGAGACCATCCTGGTCAACATGGTGAAACCCCGTCTCTACTAAAGATACAAAAAATTAGCTGGGCATGGTGGCGCGTGCCTGTAATCCCAGCTACTCAGGAGGCTGAGGCAGGAGAATTGCTTGAACCCAGGAGGTGGAGGTTGCGGTGAGCCGAGATCGCGCCATTGCACTCCAGCCTGGGTAACAACAGCGAAACTACGTCTCAAAAAAAAAAAAA"
"KN294172v1","6265563","6265847","JH378194","2390312","2390602","31","3875251","GCACAGTGGCTCACACCTGTAATCCTAGCACTCTGGGAGGCCGAGGCGGGCAGATCACTTGAGGTCGGGAGTTTGAGGCCAGCCTGACCAACATGGAGAAACCCCGTCTCTACTGAAAATACAAAATTAGCCAGGCGTAGTGGCGCATGCTTGTAATCCCAGCTACTCAGGAGGCTGAGGCAGGAGAATCACTTGAACCTGGGAGGTGGAGGTTGCAGTGAGCCGAGATTACGCCATTGCACTCCAGCCTGGGCAACAAGAGTGAAACTCCATCTCCAAAAAAAA","GGCCAGGCGCAGTGGCTCACACCTGTAATACCAACACTTTGGGAGGCTGAGGCGGGCAGATCACCTGAGGTCGGGAGTTCAAGACCAGCCTGACCAACATGGAGAAACCCTGTCTCTACTAAAAATACACAATTAGCTAGGCGTGGTGGCACATGCCTGTAATCCCAGCTTCTCAGGAGGCTGAGGCAGGAGAATCGCTTGAACCTGAGAGGTGGAGGTTGCAGTTAGCCGAGATCATGCCATTGCACTCCAGCCTGGGCAACAAGAGTGAAACTCTGTCTCAAAAAAAAA"
"KN294172v1","6284590","6284863","JH378149","5138581","5138857","31","1146009","CGCCTGTAATCCTAGCGTTTTGGGAGGCCAAGGCAGGCGGATCACCTGAGGTCAGGAGTTCGAGACAGCCTGACCAACATGGAGAAACCCCATCTCTACTAAAAATACAAAATTAGCTGGGCATGGTGGTGCATGCCTATAATCCCAGCTACTGTGGAGGCTGAGGCAGGAGAATCACTTGAACCTAGGAGGTGGAGGTTGCAGTGAGCCAAGATTGCGCCATTGTACGCCAGCCTGGGCAACAAGAGTGAAACTCAGTCTCAAAAAAAAAGAA","GCCTGTAATCCAAGCACTTTGGGAGGCCAAGGCAGGTGGATCACCTGAGGTTAGGAGTTCGAGACCAGCCTGACCAACATGGAGAAACCCCATCTCTACTAAAAATACAAAATTAGCTGGGCATGGTGGTACATGCCTGTAATTCTAGCTACTTGGGAGGCTGAGGCAGGAGAATCGCTTGAACCAGGGAGGTGGTGGTTGCAGTGAGCTGAGATCTCGCATTGCACTCCAGCCTGGGCAACAAGACTGAAACTCTGTCTCAAAACCAAACAAAAAA"
"KN294172v1","6310299","6310601","JH378255","1560098","1560402","30","4750201","GGCTGGGCGCGGTGGCTCACGCCTGTAATTCCAGCACTTTGGGAGGCCGAGGCGGGCAGATCACCTGTGGTTGGGAGTTCGAGACCAGCCTGACCAACATGGAGAAACCCCGTCTCTACTAAAAATACAAAATTAGCCGGGTGTGGTGGTGCATGCTTGTAATCCCAGCTACTGGGGAGGCTGAGGCAGGAGAATCGCTTGAACCCGGGAGGCGGAGGTTGATGAGCCGAGATTGTGCCATCGTACTCCAGCCTGGGCAACAAGGGTGAAACTCTGGCTCAAAAAAAAAAAAAAAAAAAAAAA","GGCTGGGTGCAGTGGCTCATGCCTATAATCCCAGCACTTTGGGAGGCTGAGGCAGGCGGATCACTTGAGGTCGGGAGTTCAAGACCAGCCTGACCAACATGGAGAAACCCCGTCTCTACTAAAAATACAAAATTAGCCAGGTGTGGTAGCGCACGCCTGTAATCCCAGCTACTTGGGAGGCTGACGCAGGAGAATCGCTTGAACCCGGGAGGCGGAGGTTGCGGTGAGCTGAGATTGTCCCACTGCACTCCAGCCTGGGCAACAAGAGTGAAACTCTGTCTCAAAAAAAAAGAAAAAAAAAAAAA"
"KN294172v1","6316570","6316859","JH378144","5748370","5748662","42","568200","GGCCAAGTGCAGTGGCTCATGCCTATAATCCCAGCACTTTGGGAGGCCAAGGCAGGTGGATTACTTGAGGTCAAGTGTTCGAGACCAGTCTGACCAACATGGTGAAACCACCTCCGTCGCTACTAAAAAAAATACAAAATTAGCTGGGCGTGGTGGCGCATGCCTGTAATCCCAGCTACTTGGGAGGCTGAGGCAGGAGAATTGCTTGAACTTGTGAGGCAGAGGATGCAGTAATCTGAGATTGCACCATTGCACTCCAGCCTGGGCAACAAGAACAAAACTCTGTCTCA","GGCCAGGTGCAGTGGCTCATGCCTGTAATCCCAGCACTTTAGGAGGCCAAGGCAGGTGGATGACCTGAGGTCAGGAGTTCGAGACCAGCCTGACCAACATGGAGAAACCCCATCTCTACTAAAAATACAAAATTAGCTGGGCGTGGTGGCGCATGCCTGTAATCCCAGCTACTCGGGAGGCTGAGGCAGGAGAATCCCTTGAACCTGGGAGGCAGAGGCTGTGGTGAGCTGAGAAGGCACCATTGCACTCCAGCCCGGGCAACAAGAGCAAAACTCTGTCTTAAAAAAAACAA"
"KN294172v1","6325954","6326258","JH378116","34449882","34450188","37","28123928","GGCCAGGTGTGGTGTCTCATGCCTGTGATCCCAGAACTTTGGGAAGCCGAGGAGGGCGGCTCACCTGAGGTCAAGAGTTTGAGATCAGCTTGAGCAACATGGATAAACCCCATCTCTATTAAAAATACAAAATTAGCCTGGGGTGGTGGCACATACCTGTAATCCCAGCTACTTGGGAGGCTGAGGCAGGAGAATCGCTTGAACCCAGGAGGCGGAGGTTGTGGTGAGCCAAGATTGCGCCATTGCACTCCAGCCTGGGCAACAAGAGGGAAACTCTATATAAAAAAAAAAAAAAAAAAAAAAAA","GGCCGGGTGTGGTGGCTCAGGCCTGTAATCCCAGCACTTTGGGAGGCTGAGGTGGGCAGATCACCTGAGGTCAGGAGTTTGAGACCAGCCTGACAAACATAGAGAAACCCCATCTCTACTAAAAATAAAACAAATTAGCTGGGTGTGGTGGCACATGCCTGTAATTCCAGCTACTTGGGAGGCTGAGGCAGGAGAATCGCTTGAACCCAGGAGGCGGAGGTTGCAGTGAGTCAAGATTGCACTATTGCACTCCAGCTTGGGCAACAAGAGTGAAACTCCATTTCAAAAAAAAAAAAAGAAAAAAGAA"
"KN294172v1","6345642","6345953","JH378239","3940828","3941139","39","2404814","GGCCGGGCGCGGTGACTCACGCCTGTAATCCCAGCACGTTGCGAGGCCGAGGCAGGCGGATCATCTGAGGTCAGGAGTTCGAGACCAGCCTGATCAACATGGAGAAACCCTGTCTCTACTAAAAATACAAAATTAGCGGGGCATGGTGGTGCATGCCATAATCCCAGCTACTCGGGAGGCTGAGGCAGGAGAATCGTTGAACCCGGGAAGCGGAGTTCCCAGTGAGCCGAGATCGCACCGTTACACTCTAGTCTGGGCATCAAGAGCAAAACTCCGTCTCAAAAAAAAAAAAAAAAAAAAAAAAAAAAAAAA","GGCAGGGCGCGGTGGCTCATGCCTGTAATCCCAGCACTTTGCGAGGCCAAGGCAGGTGGATCACCTTAGGTTGGGAGTTTGAGACCAGCCTGACCACCATGGCAAAACCCTGTCTCTACTAAAAATACAAAATTAGTCAGGCATGGTGGCACATGCCTATAATCCCAGCTACTTGGGAGGCTGAGGCAGGAGAATTGCTTGAACCTGGGAGGCGGAGGTTGCAGTGAGCTGAGATCGCACCATTGCACTCCAGCCTGGGCAACAAGAGCAAAACTCTGTCTTAAAAAAAAAAAAAAAAAAAAAAAAAAAAAA"
"KN294172v1","6347703","6348014","JH378115","18743471","18743779","48","12395768","GGCCGGCCACGGTGGCGTGTGCCTGTAATCCCAGCACTTTGGAAGGCCAAGGCAGGTAGATCACCTGAGGTTAGGAGTTTGAGACCAGCCTGACCAACATGGTGAAACCCCATCTCTACTAAATACAAAAAAAAAAAAAAAAATTAGCTGGGTATGGGGGTGCATGCCTGTAATCCCAGCTACTTGTGAGGCTGAGGCAGGAGAATTGTCTGAACCCAGGAGGCACAGGTTACGGTGAGCTTAGATCATGCCACTGCAATCCAGCCAGGGCAACAAGGGCAAAACTCAATCTCAAAAAAAAAAAAAAAAAAA","GGCCGGGCGCGGTGGCTCAAGCCTGTAATCCCAGCACTTTGGGAGGCCGAGGCGGGTGGATCACGAGGTCGAGAGATCGAGACCATCCTGGTCAACATGGTGAAACCCCGTCTCTACTAAAAAAAAAAAAATACAAAAAATTAGCTGGGCATGGTGGTTCGTGCCTGTAATCCCAGCTACTCAGGAGGCTGAGGCAGGAGAATTGCCTGAACCCAGGAGGCGGAGGTTGCGGTGAGCCGAGATCGCGCCATTGCACTCCAGCCTGGGTAACAAGAGCGAAACTCCGTCTCAAAAAAAAAAAAAAAAAAA"
"KN294172v1","6354764","6355066","JH378114","37036188","37036491","31","30681424","GCCAGGCGCGATGTCTCATGCCTGTAATCCCAGCACTTTGGGAGGCCAAGGCGGGTGGATCACGTGAGGTCGGGAGTTCGAGACCAGCCTGACCAACATGGAGAAACCCCATCTCTACTAAAAATACAAAATTAGTTGGGCATGGTGGTGCATGCCTGTAATCCCAGCTACTCAGGAGGCTGAGGCAGGAGAATCACTTGAACCTGGGAGGAGGAGGTTGCTGTGAGCCGAGATGGTGCCATTGCACTCCAGCCAGGGCAACAAGAGCAAAACTCCATCTAAAAAAAAAGAGAGAAAACAAAA","GCCAGGCACAGTGGCTCATGCCTGTAATCCCAGCATTTTGGGAGGCCGAGGTGGGTGGATCACCTGAGGTCGGGAGTTTGACACCAGCCTGACCAACATGGAGAAACCCCATCTCTACTAAAAATACAAAATCAGCTGGGCATGGTGGCGCATGCCTGTAATCCCAGCTACTTGGGAGGCTGAGGCAAGAGAATCGCTTGAACCCGGGAGGTGGAGGTTGTGGTGAGCCAAAATCATGCCATTGCACTCCAGCCTGGGCAACAAGAGCAAAACTCCATCTCAAAAAAAAGAAGAAGAAGAAGAA"
"KN294172v1","6368275","6368585","JH378111","8162796","8163099","37","1794521","GGCTGGGTGCAGTGGCTCACGCCTGTAATCCCAGCACTTTGGGAGGCCAAGGTGGGTGGATCACCTGAAGTTGGGAGTTCAAGACCAGCCTGGCCAACATGGTGAAACCTGGTCTCTACTAAAAACACAAAATTAGCTGGGTGTGGTGTTGCATGCCTGTAATCCCAGCTAGCTACTTGGGAGGCTGAGGCAGGAGAATTGCTTGAACCCGGGAGGCGGAAGTTGTGGTGAGCCAAGATCTCACCATTGCACTCCAGCCTGGGGAACAAGAGCGAAACTCCGTCTCAAAAAAAAAAAAAAGAAAAAAAGAA","CTGGGCGTGGTGGCTCACGCCTGTAATTCCAGCACTTTGGGAGGCTGAGGTGGGTGGATCATCTGAGGTTGGGAGTTCAAGACCAGCCTGACCAACATGGAGAAACCCTGTCTGTACTAAAAATACAAAATTAGCCGGGTGTGGTGGCGAATGCCTGTAATCCCAGCTACTTGGGCAGCTGAGGCAGGAGAATTGCTTGAACCCGGGAGGCAGAGGTTGTGGTGAGCCAATATTGAGCCATTGCACTCCAGCCTGGGTAACAAGGGCGAAACTCCGTCTCAAAAAAAAAAAAAAAAAAAGAAAA"
"KN294172v1","6390834","6391146","JH378167","5351158","5351469","36","1039676","GCCCGGCGCGGTGGCTCACGCCTGTAATCCCAGCACTTTGGGAAGTTGAGGCGGGCGGATCACCTGAGGTCGGGAGTTCAAGACCAGCCTGACCAACATGGAGAAACCCTGTCTCTACTAAAAATACAAAATTAGTCAGGTGTGGTGGCACACGCCTGTAGTCCTAGCTACTCAGGAGGCTGAGGCAGGAGAATTGCTTGAACTTGGGAGGCGGAAGTTGCATGAGCCGAGATTGTGCCATTGCACTCCAGCCTGGGTAACAAAAGTGAAACTCCTACTCAAAAAAAAGAAAAAAGTTAAAAAAAATACAAAA","GGCCCAGCGCGGTGGCTCACGCCTGTAATCCCAGCACTTTGGGAGGCTGAGGCGGGAGGATCACCTGAGGTTGGGAGTTCGAGACCAGCCTGACCAACATGGAGAAACCCCGTCTCTACTAAAAATACAGAATTAGCCGGGTATGGTGGTGCACGCCTGTAATCCCAGCTACTCGGGAGGCTGAGGCTGGAGAATCGCTTGAACCTGGGAGGTGGAGGTTGCAGTGAGCTGAGATTGTGCTATTGCACTCCAGCCTGGGCAACAAGAGCGAAACTCCATCTCAAAAAAAAAAAAAAAAAAAAAAAAAAAAAA"
"KN294172v1","6399988","6400290","JH378255","1560098","1560402","37","4839890","GGCCGGGCGCAGTGGCTCACGCCTGTAATCCCAGCACTTTGGGAGACTGAGGCGGGTGGATCACCTGAGGTCGGGAGTTTGAGACCAGCCTGGCTAACATGGAGAAACCCCGTCTCTACTAAAAAGACAAAATTAGCCGGGCGTGGTGGCGCATGCCTGTAATCCCATTAACTTGGGAGGTTGAGGCAGGAGAATCGCTTGAACCCAGAAGGTGGAGGTTGCGGTGAGCTCAGATTGTGCCATTGCACTCCAGCCTAGGTGACGAGTGAAACTCTGTCTCAAAAATAAATAAATAAAATAAAA","GGCTGGGTGCAGTGGCTCATGCCTATAATCCCAGCACTTTGGGAGGCTGAGGCAGGCGGATCACTTGAGGTCGGGAGTTCAAGACCAGCCTGACCAACATGGAGAAACCCCGTCTCTACTAAAAATACAAAATTAGCCAGGTGTGGTAGCGCACGCCTGTAATCCCAGCTACTTGGGAGGCTGACGCAGGAGAATCGCTTGAACCCGGGAGGCGGAGGTTGCGGTGAGCTGAGATTGTCCCACTGCACTCCAGCCTGGGCAACAAGAGTGAAACTCTGTCTCAAAAAAAAAGAAAAAAAAAAAAA"
"KN294172v1","6422999","6423303","JH378115","34859185","34859494","47","28436186","GGCCGAGAGCAGTGGCACATGTCTGTAATCCCAGCACTTTGAGAGGCCAAGGCGGGGGGAATCACCTGAGGTCAGGAGTTCAAGACCAGCCTGACCAACATGGTGAAACCCTGTCTCTTCTAAATACAGTTGGCTGTGCTGGCGCACACCTGTAATCCCAGCTACTTGGGAGGCTGAGGCAGGAGAATTGCTTGAATCTGGGAGGCAGAGGCTGCAGTGAGCCAAGATCAGGCCATTGCACTCCAGCCTGGGCAACAAGAGCAAAACTCCGTCTTAAAAAAAACAAAGAAACAACAACAACAAAA","GCCAGTCACGGTGGCTCACACCTGTAATCCCAGCACTTTGGGAGGCCAAGGCGGGTGAATCACCTGAGGTCAGGAGTTTGAGACCAGCCTGACCAACATGGAGAAACCCTGTCTCTGCTAAAAATACAAAATTAGCTGGGCATGGTGGCACATGCCTGTAATCCCAGCTACTTGGGAGGCTGAGGCAGGAGAATCGCTTGAATCTGGGAGGTGGAGGTTACGGTGAGCTGAGATCATGCCATTGCACTCCAGCCTGAGCAACAAGAGCGAAACTCCATCTCAAAAAAAAAAAAAAAAAACAAAACAACAA"
"KN294172v1","6443962","6444337","JH378245","3904253","3904620","79","2539709","GGCTGGGTGCAGTGGCTCATGCCTGTAATCCCAGCACTTTGGGAAGCCGAGCCTGGTGGATCACCTGAGGTCAGGAGTTCAAAACCAGCCTGGCCAATATGGTGAAACTCTGTCTCTACTAAAAATACAAAAAAAAAAAAAAAAAAACGGGAGTTCAAGACCAGCCTGACCAACATGGAGAAGCCCCGTCTTTACTAAAAATACAAAATTAGCCAGGCGTGGTGATACATGCCTGTAATCGCGGCTACTCGGGAGGCTGAGTAGGAGAATCGCTTGAACCCAGGAGGTGGAGGTTATGGTGAGACGAGATTGCGCCATTGCACTCCAGCCTGAGCAACAAGAGCGAAACTCTGTCTAAAAAAAAAAAAAACAAAGA","GCCAGGCACAGTGGCTCATGCCTGTAATCCCAGCACTTTGGGAGGCCGAGGTGGGCAGATCACCTGAGGTCAGGAGTTCGAGACAGCATGACCAACATGGAGAAACCCTGCCTCTACCAGAGTACAAAAATTAGCCAGGCATGGCAAAGTTTGAAACCTGACCAACATGGAGAAACCCTGTCTCTACTAGAATATAAAAATTAGCCGGGCATGGTGACACATGCCTGTAATCCCAGCTACTTGGAAGGCTGAGGAAGGAGAATCACTTGAACCTGGGAGGTGGAGGTTGCAGTGAGCCAAGACGGTGCCATTGCACTCCAGCCTGGGCAACAAAAGCAAACTCCATCTCAAAAAAGAAAAAAAAAAAA"
"KN294172v1","6449072","6449365","JH378207","3230665","3230964","42","3218407","TTACACCTGTAATCCCAGCACTTTGGGAGGCCGAGGCAGATGGATCACCTGAGGTCGGGAGTTTGAGACCAGCCTGAGCAAGATGGAGAAACCTTGTCTCTACTAAAAATGCAAAATTAGTCAGGCATGGTGGTGCATGCCAGTAATCCCAGCTACTTGGGAGGCTGAGGCAGGAGAATCGCTTGACCCCGGGATGTGGAGGTTGCAGTGAGCCGAGATCACGCCGTTGCAGTCCAGTCTGGTAACAAGAGCAAAACTCCATCTCAAAAAAAAAAAAAAAAAAAAAAGAAAAAA","TGTCTCATGCCTTTAATCCCAGCACTTTGGGAGGCTGAGGCAGGCGGATCACCTGAGGTCAGGAGTTCGAGACCAGCCTGACCAACATGGTGAAACCCTGTCACTACTAAAAATACAAAATTAGCTGGGCATGGTGGTGCATGCCTGTAGTCCCAGCTACTCAGGAAGCTGAGGCAGGAGAATCACTTGAACCCGGCAGGCAGAGGTTGTGGTGAGCCGAGATCACCCCATTGCACTCCAGCCTGGGCAACAAGAGCGAAACTCCATCTCAAAAAAAAAAAAAAAAAAAGAAAGAAAGAA"
"KN294172v1","6465667","6465964","JH378139","18955642","18955939","38","12489975","GCTGGGTGCAGTGGCTCCCACCTGTAACTCCAGAACTTTGGGGGTCCAGGGTGGGCTGATCACCTGAGGTCGGGAGTTTGAGACCAGCCTGGTCAACATGGAGAAACCCCATCTCTACTAAAAACAGAAAAATTAGCCGGGCATGGTGGTGCATGCCTGTAATCACAGCTACTCAGGAGGCTGAGGCAGGAGAATCGCTTGAACCCAGGAGGCAGAGGCTGCAGTGAGCCGAGATCGGACCATTGCACTCCAGCCTGGGCAACAAGAACGAAACTCCGTCTCAAATAAACAAAAAAAA","GGTCGGGCGCAGTGGCTTATGCCTATAATCCCAGCACTTTGGGAGGCCAAGGTGGGCAGATCACCTGAGGTTGGGAGTTCGAGATCAGCCTAACCAACATGGAGAAACCCCATCTCTACTAAAAATAAAAAATTAGCCAGGCATGGTGGCACATGCCTGTAATCCCAGCTACTCAGGAGGCTGAGGCAGGAGAATCGCTTGAACCCAGGAGGTGGAGGTTGCAGTGAGCTGAGATGGCACCATTGCACTCCAGCCTGGGCAACAAGAGCAAAACTCCATCTCAAAAAAAAAAAAAAAA"
"KN294172v1","6465965","6466262","JH378113","5430335","5430626","59","1035630","GGCCAGGCACAGTGGCTCACACCTGTAATCCAGTACTTTGGGAAGCTGAGGAGGGCGAATCACCTGAGGTCGGGAGTTCAGCCTAACCAACATGGAGAAACTCTGTCTCTACTAAAAAAAAAAAAAAAATTAGCCAGGTGTGGCGATACATGCCTATAATCCCAGCTACTTGGGAGGCTGAGGCAGGAGAATCACCTGAATCTGGGAGGCGGAGGTTGGAGGTTGCAGTGAGTCAAGATCGCACCATCGCACTCCAGCCTAGGCAACAAAAGGGAAAAAAAAAAAAACAAAAACAAAA","GACCGGGCACAGTGGCTTATGCCTGTAATCCTAGCACTTTGGGAGGCCGAGGCGGGCGGATCACCTGAGGTCAGGAGTTCGAGACCAGCCTGACCAACATGAAGAAACCCTGTCTCTACTAAAAAATACAAAATTAGCCAAGTGTGGTGACAAATGCCTATAATCCGAGCTACTTGGGAGGCTGAGGCAGGAGAATCGCTTGAACCTGGGAGGTGGAGGTTGCAGTGAGCCAAGATCACACCATTGCACTTCAGCCTGGACAACAAGAGTGAAACTCCATCTCAAAAAAAAA"
"KN294172v1","6481562","6481860","JH378153","6959025","6959323","35","477463","GCCAGGTGCAGTGGCTCACGCCTGTAATCCCAGCACTTTGGGAGGCTGAGATGGGAGGATCACCAGAGGTTGGGAGTTTGAGACCAGCCGGACCAACATGGAGAAACCCCGTCTCTACTAAAAATGCAAAATTAGCCGGGTGTGGTGGCGCACGCCTGTAATCCCAGCTACTTGGGAGGCTGAGGCAGGAGAATCACTTGCACCTGAGAGACGGAAGTTGTGGTGAGCCAAAATCGCACCGTTGCACTCCAACCTGGGCAACAAGCGCGAGACTCCATCTCAAAAAAAAAAAACAAAAA","GGCCAGGTGCAGTGGCTCACGCCTGTAATCCCAGCACTTTGGGAGGCTGAGTTGGGCAGATCACCTGAGGTTGGGAGTCAAGACCAGCCTGACCAACATGGAAAAACCTCGTCTCTACTAAAAAGACAAAATTAGCCGGGCGTGGTGGCACATGCCTATAATCCCAGCTACTCGGGAGGCTGAGGCAGGAGACTCTCTTGACCCTGGGAGACAGAGGTTGTGGTGAGCCAAAATCATGCCATTGCACTCTAGCCTGGGCAACAAGAGCGAAACTCCATCTCAAAAGAAAAAAAAAAAAA"
"KN294172v1","6489019","6489313","JH378144","7235841","7236134","33","746822","GGCTGGGCGTGGTGGTTCATGCCTGTAATTCCAGCACTTTGGGAGGCTGAGGCGGGCAAATCACGTGAGGTCAGGAGTTCGAGACCAGCCTGACCAACGTGGAGAAACCCCATCTCTACTAAAAATACAAAATTAGCCGTAAATGGTGGTGCATGCCTGTAATCCCAGCTACTCGGGAGGCTGAGGCAGGAGAATTGCTTGAACCTGGGAGGCAGAGATTGCAGTGAGCCGAGATTGCGCCATTGCACTCCAGCCTGGGCAATGAGAGCGAAACTCCATCTTAAAAAAAAAAAAA","GGCTGGGTGTGGTGGCTCATGCCTGTAATCCCAGCACTTTGAGAGGCTGAGGTGGGTGGATCACCTGAGGTCAGGAGTTCGAGACCAGCCTGACCAACGTGGAGAAACCCCATCTCTACTAAAAATAAAAAATTAGCTGAGTGTGGTGGTGCATGCCTATAATCCCAGCTACTTGGGAGGCCGAGGCAGGAGAATCGCTTGAACCCAGGAGGCAGAGGTTGTGGTGAGCTGAGATTGTGCCATTGCACTCCAGCCTGGGCGACAAGAGTGAAATTCCATCTCAAAAAAAAAAAA"
"KN294172v1","6512151","6512454","JH378190","8276191","8276493","34","1764040","GGCCAGGCACTGTGGCTTATGCCTGTAATCCCAGCACTTTGGGAGGCTGAGGCAGGCAGATCTCCTGCGGTCAGGAGTTTGAGACCAGCCTTACCAACATGGAGAAATCCCGTCTCTACTAAAAATACAAAATTAGCGGGGCATGGTGGCACATGCCTGTAATCCCAGCTAGTAGGGAGGCTGAGGCAGGAGAATCGCTTGAACCTGGAAGGTGGAGGTTGCGGTGAGCCGAGATCGCACCACTGCACTCCAGCCTGGGCAACAAGAGAAAAACTCCATCTCAGAAAAAAAAAAAAAGAAAAAA","GGCCAGGCGCAGTGGCTCATGCCTGTAATCCCAGCACTTTGGGAGGCCAAGGCAGGCAGATCACCTGAGGTCAGGAGTTTGAGACCAGCCTGACCAACATGGAGAAACCCTGTCTCTGCTAAAAATACAAAATTAGCCAGGCATGGTGGCACATGCCTGTAATCCCAGCTACTCGGAAGGCTGAGGCAGGAGAATCACTTGAACCCTGGAAGCGGAGGTTGTGATGAGCCGAGATCACACCATTGCGCGCTCCAGCCTAGGCAACAAGAGCAAAACTCTATCTCAAAAAAAAAAAAAAAAGAA"
"KN294172v1","6533003","6533305","JH378138","5380451","5380753","29","1152552","GGCCAGGTGCGGTGGCTCACACCTGTAATCCCAGCAGTTTGGGAGGCAGAGGCGGGAGGATCACCTGAGGTCAGGAGTTTGAGACCAGCCTGACCAACATGGAGAAACCCCATCTCTACTAAAAACACAAAATCAGTGGGGCATGGTGGTGCATGCCTGTAATCCCAGCTACTCAGGAGGCTGAGGCAGGAGAATCGCTTGAACCCGAGAGGTGGAGGTTGCGGTGAGCCCAGATCGCACCACTGCACTCCAGCCTGGACAGCAAGAGTGAAACTCCACCTCAAAAAAAAAAAAAAAAAAAAA","GGCCAGGCATGGTGGCTCACACCTGTAATCACAGCACTTTGGGAGGCTGAGGCGGGCGGATCACCTGAGGTTGGGAGTTTGAGACCAGCCTGAACAACATGGAGAAACCCCATCTCTACTAAAAATACAAAATTAGCTGGGCATGGTGGTGCATGCCTGTAATCCCAGCTACTCGGGAGGCTGAAGCAGGAGAATCGCTTGAACCTGGGAGGTTGAGGTTGTGGTGAGCCGAGGTGGTGCCATTGCACTCCAGCCTGGGCAACAAGAGTGAAACTCCAACTCAAAAAAAAAAAAAAAAAAAAA"
"KN294172v1","6668886","6669176","JH378151","8381511","8381803","39","1712625","CCAGGGGCGGTGGCTCACGCCTGTAATCCCAGCACTTTGGGAGGCTGAGATGGGCAGATCACCTGAGGTCAGGAATTCGAGACCAGCCTCAACATGGGGAAACCCTGTCTCTACTAAAAATATAAAATTAGCCGGGTGTGGTGCTGCATGCCTGTAATTCCAGCTACTCGGGAGGCTGACGCAGGAGAATTGCTTGAACCTGGGAGGCAGAGGTTGTGGTGAGCCGAGAATTGCGCCACTGCACTCCAGCCGGGGAACAAGAGCGAAACTCCATTTCAAAAACACAAAGAA","GCCAGGCGCAGTGGCTCACACCTGTAATCCCAGCACTTTGGGAGGCTGAGGCAGGTGGATCACCTGAGGTCAGGAGTTCAAGACCAGCCTGACCAACATGGAGAAACCCTATCTCTACTAAAAATACAAAATTAGCCAAGCGTGGTGGCGCATGCCTGTAATCCCAGCTACTCGGGAGGCTGAGGCAGGAGAATTGCTTGAACCTGGGAGGCGGAGGTTGCAGTGAGCCGAGATCTCACCACTGCACTCCAGTCTGGGCAACAAGAGTGAAACTCCATTTCAAAAAAATAAAA"
"KN294172v1","6699562","6699852","JH378151","8652626","8652916","32","1953064","GCAGGGCACCGTGGCTCAGGCCTGTAATCCCAGCACTTTGGGAGGCCAAGGAAGGCGGATCACCTGAGGTCGGGAGTTTAAGACCAGCCTGACCAACATGGAAAAACCCTGTCTCTACTAAAAATACAAAATTAGCCAGGCATAGTGGCGCATGCCTGTAATCCTAGCTACTCGGGAGACTAAGGCAGGAGAATCACTTGAACCCAGGAGGCGGAGGTTGCGGTGAGTCGAGATTGTGCCATTGCACTCCAGCCTGGATAACAAAAGTGAAACTCTGCGTCAAAAAAAAAA","GGCCAGGTGCAGTGGCTCATGCCTGTAATCCCAGCACTTTGGGACGCCAAGGCAGGTGGATCACCTGGGGTCGGGAGTTCAAGACCAGCCTGACCAACGTGGAGAAACCCCGTCTCTACTAAAAATACAAAATTAGCCAGGCATGGTGGCACATGCCTGTAATCCCAGCTACTCGGGAGGCTGAGGCAGGAGAATCACTTGAACCTGGGAGGTGGAGGTTGCGGTGAGCCGAGATTGTGCCATTGTACTCCAGCCTGGGCAAAAAGAGTGAGACTCTGTCTCAAAAAAAAA"
"KN294172v1","6714918","6715243","JH378269","1820649","1820970","46","4894269","GCTGGGCATGGTGGCTCACACCTGTAATCCCAGCACTTTGGGAGGCTGAGGCGGGTGGATCACCTGAGGTCGGGAGTTCAAGACCAGCCTGACCAACATGGAGAAACCCCATCTCTACAAAAATTAAAATTAAAAAAAAAAAAAAATTAGCCAGGTGCGGTGGCACATGCCTGTAATCCCAGCTACTTGGGAGGCTAAGGCGGGAGAATCACTCGAACTCAGGAGGTGGAGGTTGCAGTGAACGGAGATCGCACCATTGCACTCCAGCCTGGACAACAAGAGTGAAACTCCGTCTCAAAAAAAAAAAAACAAAAAACAAAACAAAA","GGCCAGGCTAGGTGGCTCACACCTGTAATCCCAGCACTTTGGCAGGCTGAGCCAGGTGGATCACCTGAGGTCCGGAGTTTGAGACCAGCCTGACCAACATGAAGAAACCCCATCTCTACTAAAAATACAAAAAAAAAAAAAAAAATTAGCTGGGCGTGGTAGTGCATACCTGTAATCCCAGCTACTCAGGAGGCTGAGGCAGGAGAATCGCTTGAACCCAGGAGGTGGAGGTTGTAGTGAGCTGAGATCCGCCATTGCACTCCAGCCTGGGCAACAAGAGCGACACTCCATCTCCAAAAAAAAAAAAAAAGAAAAAAAAAAA"
"KN294172v1","6762205","6762517","JH378248","1998206","1998508","46","4763999","GCTGGGCGTGGTGGCTCGCGCCTGTAATCCCATACTTCAGGAGGCTGAGGTGGGTGGATCACCTGAGGTCGAGAGTTCGAGACCAGCCTGACCAACATGCAGAAACCCCGTCCCTATTAAAAATACAAAATTAGCTGGGCGTGATGGCGCATGATGGTGCATGCCTGTAATCCCAGCTACTCAGGAGGCTGAGGCAGGGGAATCGCCTCAACCTGGGAAGCAGAGGTTGTGGTGAGCCAAGATCGTGCCATTGCATTCCAGCCTGGGCAACAAGAGTGAAATTTTGTCTCAAAAAAAAAAAAAAAAAAAAGAA","GCCGGGCGTGGTGGCTCAAGCCTGTAATCCCAGCACTTTGGGAGGCTGAGGCGGGTGGATCACGAGGTCGAGAGATCGAGACCAGCCTGGTCAACATGGTGAAACCCCGTCTCTACTAAAAATACAAAAATTAGCTGGGCATGGTGGTGCGTGCCTGTAATCCCAGCTACTCAGGAGGCTGAGGCAGGAGAATTGCCTGAACCCAGGAGGTGGAGGTTGCGGTGAGCCGAGATCGCGCCATTGCACTCCAGCCTGGGTAACAAGAGTGAAACTCCGTCTCAAAAAAAAAAAAAAAAAAAAAAA"
"KN294172v1","6817333","6817630","JH378115","28712376","28712673","33","21895043","GGCTAGGCATGGTGGCTCACACTTGTAATCCCAGCACTTTGGGAGGCCAAGGCGGGTGGATCACCTGAGGTCAGGAGTTCAAGACCAGTCTGACCAACATGCAGAAACCCCATCTCTACTAAAAGTACAAAATTAGCTGGGTGTGGTGGTGCATGCCTGTAATCCCAGCTACTGAGGAGGCTGAGGCAGGAGAATCGCTTGAACCCAGGAGGTGGAGGTTCCAGTGAGCCGAAGTCGTGCCACTACACTGCAGCCTGGGCAACAAAAGAGAAATTCCGTCTCAAGGAAAAAAAAAGAA","GGCTGGGCATGGTGGCTCACGCCTGTAATCCCAGCACTTTGGGAGGCCGAGGCAGGCAGATCACCTGAGGTCAGGAGTTCGAGACCAGCCTGATCAACATGGAGAAACCCCATCTCTACTAAAAATACAAAATTAGCTGGGTGTAGTGGCGCATGCCTGTAATTCCAGCTACTCAGGAGGCTGAGGCAGGAGAATCGCTTGAACCCAGGAGGTGGAGGCTGTGGTGAGCCGAGATGGCGCCATTGCACTCCAGCCTGGGTAACAAGAGAGAAACTCCGTCTCAAAAAAAAAAAAAAAA"
"KN294172v1","6897255","6897561","JH378116","22943305","22943613","38","16046050","GGCCAGGCACAGTGGCTCATGCCTGTAATCCCAGCATTTTGGGAAGCCGAGGCGGGCGGATCACCGGAGGTCGGGAGTTTGAGACCTGGCCAACGTGGAGAAACCTGTCTCTACTAAAAATACAAAATTAGCTGGGCGTGGTGGCTCATGCCTGTAATCCCAGCTACTCAGGAGACTGAGGCAGGAGAATCGCTGGAACCCGGGAGGCAGAGGCTGTGGTGAGCCAAGATGGCGCCATTGCACTCCAGCCTGGGCAATAAGAGTGAAACTCTGTCTCAAAAAAAAAAAAAAAAGAAAGGAAGAGAAA","GACCAGGTGCAGTAGCTCATGCCTGTAATCCTAGCACTTTGGGAAGCTGAGGCGGGCGGATCACCTGAGGTCAGGAGTTCGAGACTAACCTGACCAACATGGAGAAACCTTGTCTCTACTAAAAATACAAAATTAGCTAGGTGTGGTGGCACATGCCTGTAATCCCAGCTACTTGGGAGACTGAGGCAGGAGAATCGCTTGAACCTGGGAGGTAGAGATTGCAGTGAGCCAATATCATGCCATTGCACTCCAGCCTGGGCAACAAGAGTGAACTCTGTCTCAAAAAAAAAAAAAAAAAAAAGAAAGAAA"
"KN294172v1","6904981","6905288","JH378206","4086994","4087300","40","2817987","CCAGGCGTGGTGTGGCTCACTGTAATCCCAGCACTTTGGGAGGCCAAGGCTTGTGGATTACTTGAGGTTGGGAGTTCAATACCAGCCTGACCAACATGGTGAAACCCCATCTCTACTAAAAAAATACAAAATTAGCCAGGCGTGGTGGCACACGCCTGTAATCCCAGCTATTTAGGAGGCTGAGGCAGGAGAATTGCTTGAATCCAGGAGGCGGAGGTTGCAGTGAGCTGAGATCGCGCCATTGCACTCCAGCCTGGACAACAAGAGCGAAACTCCGTTTCCAATAAATAAATAAATAAATAAATAAA","GGCTGGGTGCAGTGGCTCACGCCTGTAATCCCAGCACTTTGGGAGGCCGAGGTGGGTGGATCACCTGAGGTCTGGAGTTCGAGACCAGCCTGACCAACATGGAGAAACCCCGTCTCTACTAAAAATACAAAATTAGCTGGGCATGGTGGCACGTGCCTGTAATCCCAGCTACTCAGGAGGCTGAGGCAGGAGAATTGCCTGAACCCAGGAGGCGGAGGTTGCGGTGAGCCGAGATCGTGCCATTGCACTCCAGCCTGGGTAACAAGAGCGCAACTCCGTTTCAAAAATAAATAAATAAATAAATAAA"
"KN294172v1","6911378","6911553","AGCE01149740","1081","1246","30","6910297","AGCCGGGCATGGTGGCACATGCCTGTAATCCCAGCTACTTGGGAGGCTGAGGTAGGAGAATCCTTGAATCCGGGAGGCGGAGGAGGCAGAGGTTGTAGTGAGCCAAGATCATGCCATTGGTCTCCAGCCTGGGCAACAAGAAAGAAACTCCATCTCAAAAAAAAAAAACAAAAAAA","GCTGGGCATGGTGGCACATGCCTGTAATCCCAGCTACTCGGGAGGCTGAGGCAGGAGAATTGCCTGAACCCGGGAGGCGGAGGTTGCGGTGAGCCGAGATCGCGCCACTGCACTCCAGCCTGGGTAACAAGAGCGAAACTCCGTCTCAAAAAAAAAAAAAAAAAAA"
"KN294172v1","6924036","6924321","JH378114","20276504","20276786","39","13352468","GCTGGGCGCGGTGGCTCACGCCTGTAACCCCAGCACTTTGGGAGGTTGAGGCGGGCGGATCACCTGAGGTTGGGAGTTCGAGACCAGCCTGACCCACATGGAGAAACCCCATTTCTACTGACAATACAAAAAAATTAGCCGGGGTGGTGGCATGCGCCTGTAATCCCAGCTTCTTGGGAGGCTGAGGCAGGAGAATCGCTTGAACCCGGGAGGCAAGAGCTTGTGGTGAGCCGAGACCGTGCCATTGCACTCCAGCCTGGACAACACGAGCAAAACTCGGTCTCAA","GCTGGGCGTGGTGGCTCATGCCTGTAATCCCAGCACTTTGGGAGGCCGAGGTGGGCAGATCACCTGAGTTCGGGATTTTGAGATCAGCCTGACCAACATGGAGAAACCCTTTCTCTACTAAAAATACAAAATTAGCCAGGTGTGGTGGCACATGCCTGCAATCCCAGCTACTTGGGAGGCTGAGGCAGGAGAATCACTTGAACCCAGGAGGCAGAGGTTGTGGTGAGCTGGGATCATGCCATTGCACTCCAGCCTGGGCAACAAGAGCAAAACTCTGTCTCAA"
"KN294172v1","6985111","6985429","JH378108","3099967","3100286","55","3885144","GGCTGGGTGTGGTGGCACATGCCTATAATCCCAGCACTTTGGGAGGCCAAGGTGGGCAGATCACCTGATGTCAGGAGTTTGAGACCAACTTGGCCGACAAAGCGAAACCCCATCTCTACTAAAAACAAAAAACAAAACAAAACAAAAAATTAGATGGGCATGGTGCGTGTGCCTGTAGTCCCAGCTACTCTGGAGGCTGAGGCAGGAGAATTGCTTGAACCTGGGAGGTGGAGGTTGCAGTGAGTGGAGATTGTGCCATTGCACTCCAGCCTAGAGCAGTAAGAGTGAAACTCCATCTCAAAAAAAAAAAAAGAAAAAA","GGCCGGGCGCGGTGGCTCAAGCCTGTAATCCCAGCACTTTGGGAGGCCAAGGCGGGTGGATCACGAGGTCGAGAGATCGAGACTATCCTGGTCAGCATGGTGAAACCCCGTCTCTACTAAAATTACAAAAAAAAAAAAAAAAAAAAATTAGCTGGGCATGGTGGCGCGTGCCTGTAATCCCAGCTACTCAGGAGGCTGAGGCAGGAGAATTGCCTGAACCCAGGAGGCGGAGGTTGCGGTGAGCCGAGATCGCGCCATTGCACTCCAGCCTGGGCAACAAGAGCGAAACTCCGTCTCAAAAAAAAAAAAAAAAAAAAAAA"
"KN294172v1","6989751","6990044","JH378120","31441634","31441934","52","24451883","GGCCGAGTGCAGTGGCTCACACCTATAATCCCCACACTTTTGGAAGGCTGAGGTGGGCAGACTACCTGAGGTTGGGAGTTCAAGACCAACCAGCCTGACCAACATGGAAAAACCCCTACTAAAAATTAGCCAGGCATGGTGGCACATGCCTGTAATCCCAGATACTCCAGAGGCTAAAGCTGGAGAATCGCTTGAACCCAGGAAGTGGAGGTTGCAGTGAGCCGAGATTGCACCATAGCACTCCAGGTGGGGCAACAAGAGTGAAACTCTGTCTCAAAAAAAAAAAAAAAAAAA","GACTGGGTGTGGTGGCTCCCCTGTAATCCCAGTATTTTGGGAGGCTGAGGTGGGTGGATCACCTGAGGTTGGGAGTTCAAGACCAGCCTGACCAACATGGAGAAAACCCATCTCTACTAAAAATACAAAAGTTAGCCAGGCATGGTGGCACATGCCTGTAATCCCACCTACTTGAGAGGCTGAAACAGGAGAATCGCTTGAACCTGGGAGGCGGAGGTTGCAGTGAGCTGAGATTGCACCATTGCACTCCAGCCTGGGCAACAAGAATGAAACTCTGTCTCAGAAAAAAAAAAAAAAAAAA"
"KN294172v1","6999108","6999374","JH378115","14283522","14283794","35","7284414","GGCCGGGCGCAGCGGCTCACACCTGTCATCCCAGCACTTTGGGAGGCTGCGGATCACCCGAGGTCGGGAGTTCGAGACCAGCCTGACCAACATGGAGAAACCCCGTCTCTACTAAAAATACAAAACTAGCTGGGCGTAGTAGTGCGTGCCTGTAATCCCAGCTACTCGGGAGGCTGAGGCAGGAGAATCGCTTGAACCTGGGAGGCAGAGGTTGCGGTAAGCCGAGATCGTGCCATTGCACTCCAGCCTGGGCAACAAGGGCAAAAC","GGCCAGGCGCAGTGGCTCACACCTGTAATCCCAGCACTTTGGGAGACTAAGGTGGGCGGATCACCTGACGTCGGGAGTTTGAGACCAACCTGAGCAATATGGAGAAACCTCATCTCTACTAAAAAGACAAAATTAGCTGGACGTGGTGGTGCATGCCTGTAATCCCAGCTACTCAGGAGGCTGAGGCAGGAGAATCGCTTGAACCCAGGAGGCAGAGGTTGCAGTGAGCCGAGATTGTGCCATTGCACTCCAGCCTGGGCAACAAGAGTGAAA"
"KN294172v1","7068839","7069105","JH378201","7238560","7238822","31","169721","GCCAGGTGCAGTGGCTCATGCCTGTAATCCCAGCACTTTGGGAGGCCGAGGCAGGCGAATCACCTGAGGTTGGGAGTTCGAGACCAGCCTGACCAACATAGAGAAACGCCATCTCTACTAAAAATATAAAATTAGCCGGGCATGGTGGCGCATGCCTGTAATCTCAGCTACTCAGGAGGCTGAGGCAGGAGAATCGCTTGAACCCAGGAGGCGGAGGGTGTGGTGAGCTGAGATGGCGCCACTGCACTCCAGCCTGGGCAACAGAAG","GCTAGGGGTGGTGGCTCATGCCTGTAATCCCAGCACTTTGAGAGGCCGAGGCAGGCGGATCACCTGAGGTAGGGAGTTCGAGACCAGCCTGACCAACATGGAGAAACTCTGTCTCTACTAAAAATGCAAAATTAGCTGGGTGTGGTGGTGCATGCCTGTAATCCCCGCTACTTAGGAGGCTGAGGCAGGAGAGTCGCTTGAACCAGGGAGGCGGAGGTTGTGGTGAGCTGAGATGGTGCCACTGCACTCCAGCCTCAGCAACA"
"KN294174v1","49277","49548","JH378110","40103212","40103489","54","40053935","GGCTGCGCACGGTGGCTCACGCCTCTAATCCCAGGCGGGCGGATCACCTGAGGTCAGGAGTTCGAGACCAGCCTGATCAATGTGGAAAAACCCCCGTCTCTACTAAAATTCAAAATTAGTTTGTACAGGTGGTGCTGCCTGTAATCCCAGCTACTCAGGAGGTTGAGGCAGGAGAATCGCTTGAACCCAGGAGGTGGAGGTTGCGGTGAGCCAGGTTTGTGCCACTGCACTCCAGCCTGGGCTATAAGTGTGAAACTCCGTATCTAAATAAA","GGCTGAGCACAGTGGCTCACACCTGTAATCCCAGACCGAGGCGGGTAGATCACCTGAGGTCAGGAGTTCAAGACCAGCCTGACCAATACAGAGAAACCCCATCTCTACTAAAAATACAAAATTAGCCGGGCATGGTAGTGCATGCCTGTAATCCCAGCTACTCAGGAGGCTGAGGCAGAAGAATCTCTTGAACCTAGGAGGCAGAGGTTGAAGTGGAGCTGAGATCACGCCATTGCACTCCAGCCTGGGCAACAAGAGTGAAACGCTGTCTCAAAAAA"
"KN294174v1","142781","143088","JH378235","1381290","1381589","38","1238509","GGCTGGGTATGGCAGCTCACGCCTGTAATCCCAGCACTTTGGGAGGCTGAAGCGGACGGATCACCTAAGATCAGGAGTTCAAGACCAGCCTGAACAACATGGAGAAACCCCATCTCTACTAAAAAAATACAAAATTAGCCAAGCACAGTGGCACATGTCTGTAATCCCAGCTACTCAAGAGACTGAGGCAGGAGGAAAATCGCTTGAACCTGGGAGTCAGAGGTTGTGGTGAGCCGAGATCACACCATTGCACTCCAGCCTGGGCAACAAGAGCGAAACTCTGTCTCAAAAAAAAAAAAAAAAAAAAA","GCTGGGCATGGCGGCTCATGCCTGTAATCCCAGCACTTTGGGAGGCCGAGGTGGGCGGATCACCTGAGGTCAGGAGTTTGAGACCAGCCTGACCAACATGGAGAAACCCCATCTCTACTAAAAATACAAAATTAACCAAGCATGGTGCCGCATGCCTGTAATCCCAGCCACTCGGGAGACTGAGGCAGGAGAATTGCTTCAATCCAGGAGGCAGAGGTTGTGGTGAGCCAAGATCACACCATTGCGCTCCAGCCTGGGCAACAAGAGCAAAACTCTGTCTCAAAAAAAAAAAAAAAAAAA"
"KN294174v1","208252","208534","JH378142","17330580","17330867","50","17122328","TGTAATCCCAGCACTTTGGGAGGCTAAGTCGGGCCGATCACCTGAGGTCAGGAGTTTGCAACCAGCCTGACTAACATGGTGAAACCCCGTCTCTAATAAATACAAAAAAGCCGAGCATGGCAACATATGCCTGTGATCTGAGCTACTTGGGAGGCTGAGACAGGAGAATCACTTGTACCTGGGAGGCAGATGTAGCAGTGAGCAGAGATCGCACCATTGCACTCCAGCCTGGGCAACAAGAGTGAAACTCCATCTCAAAATAAAAAAATAAATAAAAATAAAA","GTAATCCCAGCACTTTGTGAGACCGAGAGGGGCAGATCACCTGAGGTCAGGAGATCGATACCAGCCTGACCAACATGGAGAAACCCCCATCTCTACTAAATATACAAAACTATCCAGGCATGGGGGCACAGGCATGTAATCCCAGCTACTCAGGAGGCTGAGACAGGAGAATCGCTTGAACCTGGGAGGCAGAGGTTGCAGTGAGCCGAGATCATGCCATTGCACTCCAGCCTGGGCAACAAGAGCGAAACTCCATCTCAAAAAAAAAAAAAAGAAAAAAGAAAAAAA"
"KN294174v1","258175","258252","JH378111","41521749","41521825","11","41263574","GGCAGGGCACAGGGGCTCTTGCCTGTAATCCCAGCACTTTGGGAGGCTGAGGCGGGTGGATCACCTGAGGCCAGGAGT","GGCTGGACACAGTGACTCATGCCTGTAATCCCAGAACTTTGGGAGGCTGAGGCGGGTGGATCACTTGAGTTCGGGAG"
"KN294174v1","299769","299974","JH378235","5655329","5655537","30","5355560","GGCTGGGTGTGGTGGCTCACGCCTGTAATTCCAGCACTTTGGGAGGCCGAAGCGGGCAGATCACCTGAGGTGCAGGAGTTTGAGACCAGCCTGACCAACATGGAGAAAACCCGTCTCTACCAAAAATACAAGATTAGATGGTTGCAGCGGTGCAGGCCTGTAATCCCAGCTACTTGGGGGGCTGAGGCAGGAGAATCGCTTGAACC","GGCCGGGCACAGTGGCTCATGCCTGTAATCCCAGCACTTTGGGAGGCTGAGGTGGGCGGATCACCTGAGGTCGGGAGTTTGAGACCAGCCTGACCAACATGGAGAAGCCCTGTCTCTACTAAAAATACAAACATTAGGTGGGTGTGGTGGTGCATGCCTGTAATCCCAGCTACTCGGGAGGCTGAGGCAGGAGAATCGCTTGAACCCAG"
"KN294174v1","374293","374581","JH378293","1715995","1716289","47","1341702","GGCCGGGCGCAGTGGCTCGCACCTGTCATCCCAGCACTTTGTGAAGCTGAGGCAGGTGGATCAGCTGAGGTCAGGAGTTCGAGACCAGCCTGACCCAGGAGAAACCCTGTGTCTACTAAAAATACAAAATAAGCCAGGCATGGTGGCGCATGCCTGTAATCCCAGCTACTCAGGAGGTTGAGGCAACCCGGGAGGTGGAGGTTGCGGTGAGCCGAGATTGCGCCATTGCACTCCAGCCTGGGCAACAAGAGGCCAACTGTCCAAAAAAACACCAAACAAAAAACAGAAA","GGCTGGGCGCAGTGGCTCATGCCTGTTATCCCAGCACTTTGGGAGGCTGAGGCAGATGGATCATCTGAGGTCAGGAGTTTGAGACCTGCCTGACCAACATGGTGAAACCCCATCTCTACTAAAAATACAAAATTAGCCGGCATGGTGGTGCACGCCTGTAATCCCAGCTACTCAGGAGAATTGCCTGAACCCGGGAGGCGGAGGTTGCGGTGAGCCGAGATCGTGCTATTGCACTCTAGCCTGGACAACAAGAGCGAAACTCTGTCTGAAAAAAAAAAAAAAAAAAAAAAAAAAA"
"KN294174v1","440289","440568","JH378290","1732783","1733062","55","1292494","CTGGGCGCAGTGGCTCATGCCTGTAATCCCAGCATGTTGGGAGGCTGAGGCAGGTAGATCACCTGAGATAAGGAGTTCAAGACCAGCCTGGCCAACATGGAAAAACCTTATCTCTACTAAAAATGTAAAAATGTGCTCGGCATGGTGGCACGTGCCTGTAATCCCAGCTACTGGGGGCACTGAGGTAGGAGGATTGCTTGAGCCTGGTAGGTGGAAATTGTAGTGAAGCAAGAGTGTGACCCTGCACTCCAGACTGGGCAATGAAAGGGAAACCCTGTCT","GCCGGGCAGGATGGCTCATGCCTGTAATCCCAGCACTTTGGGAGGCTGAGGCAGGCGGATCATCTGAGGTTGGGAGTTTGAGACCAGCCTGACCAACATGGAGAAACCTTGTCTCTGCTAAAAATACAAAATTAGCTGGGCATGGTGGCACATGCCTGTAATCCCAGCTACTTGGGAGGCTGAGGCAGGAGAATCACTTGAACCTGGGAGGCAGAGTTTGTGGTGAGCCAAGATCACACCGTTGCACTACAGCCTGGGCAACAAGAGTGAAACCCTGTCT"
"KN294174v1","486309","486616","JH378206","6984481","6984785","43","6498172","GCCGGATGCGGTGGCTCACGCCTGTAATCCCAGCACTTTGGGAGGCGGAGGCGAGCGGATCATCTGAGGTCAGGAGTTTGAGACCAGCCTGACCAATATGAGGAAACCCTGTCTCTACTAAAAATATAAAAATTAGCCAGGCATGGTGGCGTGCACTTGTAATTCCAGCTACTCAGGAGGATGAAACAGAAGAATCGCTTGAACCCGGGAGGCAGAGGTCGCAGTAAGCCAATATGGCGCCATTGCCCTCCAGCCCGGGCAACAAGAGTGAAACTCCGTCTCAAAAAAAAAAAAAAAAAAAACAGAAA","GGCCGGGCACAGTGGCTCACGCCTGTAATCCCAGCACTTTGGGAGGCCGAGGCGGGCGGATCACCTGAGCTCAGGAGTTTGAGACCAGTCTGACCAACATGGAGAAACCCCGTCTCTACTAAAAATACAAAATTAGCTGGGTATGGTGGCTCAGGCCTGTAATCCCAGCTACTCGGGAGGTTGAAGCAGGAGAATCGCTTGAACCCGGGAGGCAGAGATTGCAGTGAGCCAAGATCGCACATTGTACTCCAGCCTGGGCAACAAGAGTGAAATTCCATCTCAAAAAAAAAAAAAAAAAAAAAAAA"
"KN294174v1","614300","614506","JH378127","8625267","8625477","37","8010967","GTCTGACCATCATGGTGAAACCCCGTCTCTCCTAAAAATACAAAATTAGCCAGGTTTGATGGTGCATGCCTGTAATCCCAGCTACTTGGGAGGCTGAGGCAGGGGAACCACTTGAACTCAGGAGGCAGAGATTGCAGTGAGCTGAGATCACGCCACTTCACTTTAGCCTGGGCAGCAAGAGTGAAACTTCATCTCAAAAACAAAAAA","GACCAGCCTGACCAACACGGAGAAACCTCGTCTCTACTAAAAATACAAAATTAACTGGGCGTGGTGGTACATGCCTGTAATCCCAGCTACTTGGGAGGCTGAGGCAGGAGAATCACTTGAACATGGGAGGCAGAGGTTGCAGTGAGCCGAGATCACGCCATTGCAGTCCAGCCTGGGAAACAAGAGTAAAACTCCATTAAAAAAAAAAAAA"
"KN294175v1","5306","5492","JH378106","68950565","68950746","22","68945259","AAAAATACAAAAATTAGCCGGGCATGGTGGCGTGTGCCTGTAATCCCAGCTACTTGGGAGGCTGAGGCAGGAGAATCGCTTGAACCCAGGAGGTGGAGGTTGCAGTGAGCCGAGATCACACCATTGCACTCCAGCCCGTACAACAAGAGCGAAATTCTGTCTCGAAAAAAAAAAAAAAAGAGCAAAA","AAATACAAAAAATTAGCTGGGCATGGTGGCGCTTGCCTGTAATCCCAGCTACTCAGGAGGCTGAGGCAGGAGAATTGCTTGAACCCAGGAGGCGGATGTTGCAGTGAGCCGAGATCGCGCCATTGCACTCCAGCCTGGGTAACAAGAGCGAAACTCTGTCTCAAAAAAAAAAAAAAAAAAAA"
"KN294175v1","7424","7602","JH378106","45012242","45012416","32","45004818","TTAGCCGGGGTTGGGGGCTCATGCCTGTCTGTAATCCCAGCAACTTGTGAAGGCTAAGGCAGGAGAATCGCTTGAACCCGGGAGACGGAGGTTGCAGTGAGCTGAGATTGTGCCATTGCACTGGAGCCTGAATGACAAGAACGAAACTCTGTCTCAAACAAACAAAAAACAAATAAAAA","AGCCGGGCATGGTGGTGCATGCCTGTAGTCCCAGCTACTTGGGAGGCTGAGGCAGGAGAATTGCTTGAACCCAGGAGGCGGAGGTTGCAGTGAGCCGAGATTGTGCCATTGCACTCCAGCCTGGGTAACAACAGCGAAACTCCGTCTCAAAAACAAACAAACAAACAAACAAAAA"
"KN294175v1","7909","8054","JH378115","35004133","35004278","23","34996224","GGGCGGGCGTGGTGGGTCAGGCCTCTAATCCCAGCCCTTTGGAAGGCTGAAGCGGGCGGATCACCTGAGGTCGGGGGTTCTTGATCAGCCTGACCAACATGGAGAAACTCCGTCTCTATTAAATATACAAAATTAGCGGGGGGGTC","GGCCGGGCGTGGTGGCTCACACCTGTAATCCCAGCACTTGGGGAGGCTGAGGCAGGCGGATCACCTGAGGTCGGGTGTTCGAGACCAGCCTGACCAACATGGAGAAACCCCATCTCTACTAAAAATACAAAATTAGCTGGGTGTGG"
"KN294175v1","9917","10228","JH378106","60843849","60844159","30","60833932","GGCCAGGCACAGTGGCTCACGCCTGTAATCCTAGCACTTTGGGAGGCCGAGGCGGGCAGATCACCTGAGGTTGGGAGTTTGAGACCAGCCTGACCAACAAGGAGAAACCCCATCTCCACTAAAAATACAAAATTAGCTGGGCGTGGTGGCGCATGCCTGTAATCCCAGCTACTTGGGAGGCTGGGGCAGGAGAATTGCTTGAACCTGGGAGGCGGAGGTTGTGGTGAGCCGAGATTGTGCCACTGCACTACAGCCTGGGCAATAAGAGCGAAACTCTATTTCAAAAAAAAAAAAAAAAGAAAGAAAGAAAAA","GGCCCAGCACAGTGGCTCACACCTATAATCCCAGCACTTTGGGAGGCCAAGGTGGGCAGATCACCTGAGGTTGGGAGTTTGAGACCAGCCTGACCAACATGGAGAAACCCCATCTCTACTAAAAATACAAAATTAGCTGGGTGTAGTGGCACATGCCTGTAATCCCAGCTACTTGGGAGGCTGAGGCAGGAGAATCGCTTGAACCTGGGAGGTGGAGTTTGTGGTGAGCTGAGATCATGCCATTGCACTCCAGCCTGGGCAAAAGAGTAAAACTCTTATCTTAAAAAAAAAAAAAAAAAAAAAAAAAAAAA"
"KN294175v1","45483","45773","JH378161","13625172","13625470","45","13579689","GGTCGGGCTTGGTGGCTAATGCCTGGGATGCTGAGGCAGGTGGATCACCTGAGGTCAGGAGTTTGAGACCAGCCTGACAACATGGACGAACCCTGTCTCTACTAAAAATACAAAATTAGCTGAGCGTGGTGGCGCCTGCCTGTAATCCCAGCTACTCGGTAGGCTGAGGCAGGAGAATTGCTTGAAGCTGGGAGGCAGAAGTTGTGGTGAGCCGAGATCACGCCATTGCACTCCAGCCTAGGCAAGAAGAGCGAAACTCCATCTCAAAAAAAAAAAAAAAAAAGAAAGAAA","GCCGGGCCCAGTGGCTCATGCCTGTTTGGGAGGCTGAGGCGGGCAGATCACCTGAGGTCAGGAGTTCAAGACCAGACTGACCAACATGGAGAAATCCTGTCTCTACTAAAAATACAAAATTAGCTGGGCGTGGTGGCGCGTGCCTGTAATCCCAGCTGCTCGGGAGGCTGAGGCAGGAGAATCACTTGAACCTGGGAGGCGGAGGTTTCGGTGAGCCGAGATTGTGCCATTGCACTCCAGCCTGGGCAACAAGAGTGAAACTCTGTCTCAAAAAAAAAAAACAAGAAGAAGAAGAAAAA"
"KN294175v1","46472","46667","JH378105","59528195","59528393","23","59481723","AACCCTGTCTCTACTAAAAATACAAAATTAGCTGAGCGTGGTGGCGCCTGCCTGTAATCCCAGCTACTCGGTAGGCTGAGGCAGGAGAATTGCTTGAAGCTGGGAGGCAGAAGTTGTGGTGAGCCGAGATCACGCCATTGCACTCCAGCCTAGGCAAGAAGAGCGAAACTCCATCTCAAAAAAAAAAAAAAAAAAA","ACCCCGTCTCTACTAAAAATACTAAAAAATTAGCTGGGCATGGTGGCGCGTGCCTGTAATCCCAGCTACTCAGGAGGCTGAGGCAGGAGAATTGCCTGAACCCAGGAGGCGGAGGTTGCGGTGAGCCGAGATCGCACCATTGCACTCCAGCCTGGGCAACAAGAGCGAAACTCCGTCTCAAAAAAAAAAAAAAAAAAAA"
"KN294175v1","68685","68991","JH378148","15796597","15796901","30","15727912","GGGCAGGCGCAGTGGCTCTCACCTGTAATCCCAGCACTTTGGGAGGCTGAGGGGGGCAGATCACCTGAGGTTGGGAGTTTGAGACGAGCCTAACCAACATGGAGAAACCCCGTCTCTACTAAAAATACAGAATTAGCCAGGTGTGGTGGTGGTGCATGCCTGTAATTCCAGCTACTCAGGAGGCTGAGGCAGGAGAATTGCTTAAACCCAGGAGGCAGAAGTTGTGGTGAGCTGAGATCGCGCCATCGCACTCTAGCCTGGGCAACAAGAGTGAAACTCTGTCTCAAAAAAAAAAAAAAAAAAAGAA","GGCCAGGCACAGTGGCTCACGCCTGTAATCCCAGCACTTTGGGAGGCTGAGGCAGGCGGATCATCTGAGGTTGGGAGTTCAAGACCAGCCTGACCAAAATGGAGAAACCCCGTCTCTACTAAGAATACAAAATTAGCCAGGTGTGGTAGTGTATGCCTGCAATCCCAGCTACTCAGGAGGCTGAGGCAGGAGAATCGCTTGAAACCCAGGAGGCAGAGGTTGTGGTGAGCTGAGATTGTGCCATTGCATTCCAGCCTGGGCAACAAGAGTGAAACTCTGTCTCAAAAAAAAAAAAAAAAAAAAAA"
"KN294175v1","76453","76764","JH378137","418029","418333","40","341576","GGCCAGGCGCAGTGGCTCACACCTGTAATCCTAGCACTTTGGGAAGCCGAGGCAGGCATATCACCTGAGGTCGGGAGTTTGAGACCAGCCTGGCCAACATGGTAAAACCACATCTCTACTAAAAATACAAAAATTAGCCAGGCGTGGTGGTGCATACCTGCAATCCCAGTAACTTGGGAGCCTGAGGCAGGAGAACCACTTGAACCTGGGAAGTGGGGGTTGCAGTGAGCCGAGATTGTGCCATTGCACTCCAGCTTGGGCAACAAGAGTGAAACTATGTCTCAAAACAAAACAAAACAAACAAAACACAAA","GGCCAGGCACAGTGGCTCACACCTGTAATCCCAGCACTTTGGGAGGCCGAGGCAGGCAGATCACCTGAGGTCGGGAGTTGGAGACCAGCCTGGCCAACATGGAGAAACCGCATCTCTACTAAAAATACAAAAATTAGCCCAGCATGGTGGTGCGTGCCTGTAATCGCAGCTACTTGGGAGGCTGAGGCAGAAGAATCTCTTGAACCCAGGAGGCGGAGGTTGCAGTGAACCGAGATCGCACCATTGCACTCCAGCCTGGGCAACAAGAGTGAAACTCTGTCTCAAAAAAAAAAAAGAAAAAAAAA"
"KN294175v1","166363","166539","JH378207","7045700","7045876","17","6879337","TTAGCCGGGTGTGGTGGTGGGTGCCTGTAATCCCAGCTACTCGAGAGGCTGAGGCAGAAGAATTGCTTGAACCCAGGAGGCAGAAGTTGCAGTGAGCCGAGATTGTGCCACTGCACTCCAGCCTGGGCAACAAGAGCAAAACTCCATCTCAAAAAAAAAAAAAAAAAAAAAAAAAAA","TTAGCTGGGCATGGTGGTGCGTGCCTGTAATCCCAGCTACTCAGGAGGCTGAGGCAGGAGAATTGCCTGAACCCAGGAGGCGGAGGTTGCAGTGAGCCGAGATCGTGCCATTGCACTCCAGCCTGGGTAACAAGAGCGAAACTCCGTCTCAAAAAAAAAAAAAAAAGAAAAGAAAAA"
"KN294175v1","166854","166989","JH378218","3752894","3753026","16","3586040","GGCCAGGTGTGGTGGCTCACACCTGTAATCCCAGCACTTTGAAAGGCCAAGGTAGATGGATCACCTGAGGTCAGGAGTTCGAAACCAGCCTGACCAATATGGAGAAACCCCATCTCTACTAAAAACTACAAAATTA","GGCCAGGTGCGGTGGTTCACACCTGTAATCCTAGCACTTTGGGAGGCCAAGGCTGGCAGATCACCTGAGGTCGGGAGTTCGAGACCAGCCTGACCAACATGGAGAAACCCCATCTCTACTAAAAATACAAAAA"
"KN294175v1","195571","195884","JH378112","33214699","33215012","45","33019128","GGCCAGGAGCAGTGGCTCATGCCTGTAATCCCAGCACTTTGGAAGGCCGAAGCAGGTGAATCACTTGAGGTCAGCAGTTCGTGACCAGCCTTACTAACACGGTGAAACCCCGTCTCTGTACTAAAAGTACAGAAATTAGCAGGCCATGTTTGTGCATGCCTGCAATCCCAGTTACTCAGGAGGCTGAGCCAGGAGAATCGCTTGAACCTGGGAGGCGGAGGTTGCAGTGAGCTGAGGTCGCGGCACTGCACTCCAGCCTGGGCAACAAGAGTGAAACTCCGTCTCAGAAAAAATAAAAAAAAAGAAAAGAAAAA","GGCCGGGCGCGGTGGCTCAAGCCTGTAATCCCAGCACTTTGGGAGGCCGAGGCGGGTGGATCACTTGAGGTCAGGAGTTCAAGACCAGCCTGGCCAACATGGTGAAACCCCGTCTCTACTAAAAATACAAAAAATTAGCTGGGCATGGTGGTGCGTGCCTGTAATCCCAGCTACTCAGGAGGCTGGGGCAGGAGAATTGCTTGAACCCAGGAGGCGGAGGTTGCGGTGAGCCGAGATAGCGCCATTGCACTCCAGCCTGGGTAACAAGAGCGAAACTCCGTCTCAAAAAAAAAAAAAAAAAAAAAAAAAAAAAA"
"KN294175v1","249792","250107","JH378148","12255931","12256243","41","12006139","GCTGGGCATGGTGGCTCACACCTGTAATCTCAGCATTTTGGGAGGCTGAGGTGGGTGGATCACCTGAGGTCAGGCATTCCAGACCAGCCTCACCAACATGGAGAAACCCCGACTCTACTAAAAATACAAAAAAATTAGCCAGGTGTGGTGGCGCATGCCTGTCTGTAATCCCAGTTACTTGGGAGGCTGAGGCAGGAGGATCACTTGAACGTGGGAGGCAGAGGTTTTGGTGAGCCGAGGTCATGCCATTGCACTCCAGCCTGGGCAACAAGAGCAAAACTCTGTCTCAAAAAAAGAAAATAAAGAAATAGAAAAA","GGCTGGGCATGGTGGCTCATACCTGTAATCCCAGCACTTTGGGAGGCTGAGGCAGGTGGATCACCTGAGGTTGGGAGTCTGAGACCAGCCTGGTCAACATGGAGAAACCCCATCTCTACTAAAAATACAAAAAATTAGCCTGGTGTGGTGGCATATGCCTGTAATCCCAGCTACTTGGGAGGCTGAGGCAGGAGAATCGCTTGAGCCTGGGAGGCAGAGGTTGTGGTAAGCAGAGATCATGCCATTGCACTCCAGCCTGGGCAACAAGAGCGAAACTCTGTCTCAAAAAAAAAAAAAAAAAAAGAAAAAAAAA"
"KN294176v1","84328","84623","JH378236","733320","733615","35","648992","GGCCTGGCACAGTGGCTCACGCCTGTAATCCCAGTACTCTGGGAGGCTGAGGCTGGCGGATCACCTGAGGTCAGGAGTTCGAGACCAGCCTGGCCAACATGGAGAAACCCCGTCTGTACTGAAAATACAGAAGTTAGTCAGATGTGGTGGGTGGTGCCTATAATCCCAGCTACTCAGGAGGCTGAGGCAGGAGAATTGCTTGAACCCAGGAAGCAGGGGTTGCGGTGAGCCGAGATCGTGCCATTGCACTCCAGCCTGGGCAACAAGAGCGAGACTCCATCTCAAAAAAAAAAAAA","GCCAGGCGCAGTGGCTCACGCCTGTAATCCCAACACTTTGAGAGGCTGAGGCAGGTGGATCACCTGAGGTTGGGAGTTCGAGACCAGCCTGACCAACATGGAGAAACCCCGTCTCTACTAAAAATACAAAATTAGCCAGATGTGATGGCGCATGCCTATAATCCCAGCTACTCAGGAGGCTGAGGCAGGAGAATTGCTTGAACCCAGGAGGCAGAGGTTGTGGTGAGCTGAGATCGTGCCATTGCACTCCAGCCTGGACAACGAGTGAAACTCCATCTCAAAAAAAAAAAAAAAAA"
"KN294176v1","237796","238105","JH378159","5493568","5493869","36","5255772","GGCTGGGCATGGTGGCTCACACCTGTAATCCCAGCACTTTGGGAGGCTGAGCCAGGCGGATCACCTGAGGTTGGGAGTTTGAGACCAGCCTGACCAACATGGAGAAACCCCATCCCTACTAAAAATACAAAAATCAGCCAGGCGTTGTGGCACATGCCTGTAATCCCAGCTACTCAGGAGGCTGAGGCAGGAGAATCACTTGAACCCATGAGGCAGAGTGGGCAGTAAGCCGAGATGGCACCACTGTACTCCAGCCTGGGCAACAAGAGTGAAACTCCATCTCAAAAATAAATAAATAAATAAATAAAAA","GCTGGGCACGGTGGCTCATGCCTGTAATCCCAGCACTTTGGGAGGCTGAGGCAGGCGGATCACCTGAGGTTAGGAGTTTGAGACCAGCCTGACCAACATGGAGAAACCCCATCTCTACTAAAAATACAAAATTAGCCAGGTGTAGTGGTTCATGCCTGTAGTCCCAGCTACTCAGGAGGCTGAGGCAGGAGAATTGCTTGAACCTGGGAGGCAGAGGTTGGGGTGAGCCGAGATTGCACCATTGCACTCCAGCCTGGGTAACAAGAGTAAAACTCCATCTCAAAAAAAAAAAGAAAAAAAAA"
"KN294176v1","261799","262047","JH378123","12419622","12419859","37","12157823","CTTTGGGAGGCCAAGGTGGGTGGATCACCTGAGGTTGGGAGTTCAAGATCAACCTGACCAACATGGAGAAACCCCTTCTCTACTAAAAATACAAAATTAGCAGGGTGTAGTGGTATATGCCTATAATCCCAGCTACTCGGGAGGCTGAGGCAGGAGAATCGCTTGAACCCAGGAGGTGGAGGTTGCAGTTAGCTGAGATTATGCCATTGCACTCCAGCCTGGGCAACAAGAGTGAAACTCTGTCTCAAA","TTTGGGAGGCCGAGGTGGGTGGATCACCTGAGGTTGGGAGTTCAAGACCAGCCTGACCAACATGGAGCAGCCCCATCTCTACTAAAAATACAAAATTAGCCAGGAGTGGTGGGACATGCCTCTAAACCCAGCTACTCCGGAGGCTGAGGTAGGAGAATCACTTCTGGGAGGCGGAGGTTGCAATGATTGCCCCATTGCACTCCAGACTGGGCAACAAGAGTGAAACTCTGTCTCAAAA"
"KN294176v1","313264","313575","JH378126","21026752","21027059","36","20713488","GGCCGGGCGCGGTGGCTTATGCCTGTAATCCCAGCACTTTGGGAGGCCCAGGTGGGCAGATCACCTGAGGTCGGAAGTTCGAGACCAGCTTGACCAGCATGGAGAAACCCCATCTCTACTAAAAATACAAAATTGGCCGGGCATAGTGGCACATGCCTGTAATTCCAGCTATTCGGGAGGCTGAGGCAGGAGGGTCGTTTGAACCCGGGAGCCAGAGGTTGCGATGAGCCGAGATCGCGCCATTGCACTCCAGCCTGGGCAACAAGAGCGAAACTCTATCTCAAAACGAAACCAAACAACGACAACAAAAAA","GGCCGGGCGCGGTGGCTAACGCCTGTAATCCCAGCACTTTGGGAGGCCAAGGCAGGTGGATCACCTGAGGTCAGGAGTTCAAGACCAGCCTGACCAACATGGAGAAACCCCATCTCTACTAAAAATACAAAATTAGCCGGGCGTGGTGGCACATGCCTGTAATCCCAGCTACTCGGGAGGCTGAGGCAGGAGAATCGTTTGAACCTGGGAGGCAGAGGTTGAGATGAGCCAAGATCGTGCCATTGCACTCCAACCTGGGCAACAAGAGTGAAACTCCATCTCAAAAAAAAAAGAAAAAAAAAAAAAAA"
"KN294176v1","405102","405403","JH378124","15582898","15583197","39","15177796","GACCAGGCATGGCGGTGCATACCTGTAATCCCAGCACTTTGGGAGGCTGAGGCAGGTGGATCACCTCAGCTCAGGAGTTCAAGACTAGCCTGACTAACATGGTGAAACCCTGTTTCTACTAAATACAAAAAATTAGCCAGGTGTGGTGGTACATGCCTGTAATCCCAGCTACTTGGGAGGCTGAGGCAGGAGAATTCCTTGAATCCAGGAGGGGGAAGTTGCAGTGAGCTGAGATCGTACCATTGCACTCCAGCCTGGGCAACAAGAGCAAAACTCGGTCTCAAAAAAAAAAAAAAAAAAAA","GGCCGGGCATGGTGGCTCACGCCTGTAATCCCAGCACTTTGGGAGGCTGAGGCAGGTGGATCACCTGAGGTTGGGAGTTCAAGACCAGCCTGACCAACATGGAGAAACACCATCTCTACTAAAAATACAAAATTAGCCGGGCATGGTAGCACATACCTGTAATCCCAGCTACTTGGGAGGCTGAGGCAGGAAAATCGCTTGAACCCAGGAGGTGGAGGTTGCAGTGAGCTGAGATCTTGCCATTGCACTCCAGCCTGGGCAACAAGAGCAAAATTCTGTCTCAAAAAAAAAAAAAAAAAA"
"KN294178v1","23262","23561","JH378110","3935099","3935396","42","3911837","GGCTGGGCATAGTGGCTCACACCAGTAATCCCAGCACTTTGGTAGGTCTAGGTAGGTGGATCACCTGAGGTCGGGAGTTCAAGACCAGCCTGATCAACATGGAGACACCCCATCTCTACTAAAAAAAAAAAAAAAAAATAGCTGGGCTTGGTGGCACATGCCTGTAATCTCAGCTACTCAGAAGGCTGAGGCAGGAGAATCACTTGAACCTAGGAGGCAGAGGTTGTGGTGAGCCAAGATAGCACCATTGCACTCCAGCCTGGGGAACAAGAGTGAAACTCTGCTTAAAAAAACCAAAAA","GGCCGGGCGTGGTGGCTCAAGCCTGTAATCCCAGCACTTTGGGAGGCCGAGGCAGGTGGATCACGAGGTCGAGAGATCGAGACCATCCTGGTCAACCTGGTGAAACCCCGTCTCTACTAAAAAATAAAAAAAAAATAGCTTGGCATGGTGGCACGTGCCTGTAATCCCAGCTACTCAGGAGGCTGAGGCAGGAGAATTGCCTGAACCCAGGAGGCAGAGGTTGCGGTGAGCCGAGATCGCGCCATTGCACTCCAGCCTGGGTAACAAGAGCGAAACTCTGTCTCAAAAAAAAAAAAAA"
"KN294178v1","82246","82553","JH378199","4983750","4984049","53","4901504","GGCTGGGCACGGTGGCCCACGTCTGTAAAGCTAGCACTTTGGGAGCCCAAGGCGGACAGATAACCTGAGATCGGGAGTTCGAGACCAGCCTGGCCAACATGGTGAAACCCTGTCTCTAATAAAAATACAAAATTAGCCAGGCGTAGTGGCGCACACCTGTAATCCCAGCTACTCAGGAGGCTGAGACAAGAGAATCAGTTAAACCTGGGATGTGAAAGTTGCAGCGAGCTGAGATAGCATCATTGCACTCCAACCTGGGCAAAAAGAGCGAACTCTGACAAAAAAAAAAAAAGAAAAAGGAAAGAGAA","GGCTGGGCACAGTGGCTCACACCTGTAATCCCAGCACTTTGGGAGGCCAAGGCGGCAGATCACCTGAGGTTGGGAGTTCAAGACCAGCCTGGCCAACATGGAGAAACCCTGTCTCTACTAAAAACACAAAATTAGCTGGGCTTGGTGGCGCAGGCCTGTAATCCCAACTACTTAGGAGGCTGAGGCAGGAGAATCGCTTGAACCTGGGAGGCAGAGTTGCAGTGAGCTGAGATCGCACCATTGCACTCCAGCCTGGGCAACAAGAGCAAAACTCCATCTCAATAAAAAAGAAAAGAAGAA"
"KN294181v1","1","168","JH378161","8616597","8616766","17","8616596","AAATTAGCTGGGTGTGTTGGCACATGCCTGTAATCCCAGCTACTCTCAAAGCTGAGGCAGGAGAATTGCTTGAACCTGGGAGGTGGAGGTTGCAGTGAGCTGAGATCATGCCATTGTACTCCAGCCTGGGCAACAAGAGTGAAACTCCATCTTAAAAAAAAAAAAAAA","AAAAATTAGCCAGGTGTGGTGGCACATGCCTGTAATCCCAGCTACTCAGGAGGCTGAGGCAGGAGAATTGCTTGAACCTGGGAGGCGGAGGTTGCGGTGAGCTGAGATCACGCCATTGCACTCCAGCCTGGGCAACAATAGCGAATCTCCATCTCAAAAAAAAAAAAAAA"
"KN294181v1","117664","117961","JH378116","28869529","28869826","34","28751865","GACCGGGCGCGGTGGCTCACGCCTGTAATCCCAGCACTTTGGGAGGCCGAGGTGGGTGGATCAACTGAGGTGGGGAGTTCCAGACCAGCCTGACCAACATGGAGAAATCCCGTCTCTACTAAAAATACAAAATTAGCCAGGCGTGGTGGTGGCGCCTGTAATCCCAGGTACTCGGGAGGCTGAGGCAGGAGAATCGCTTGAACCCGGGAGGCGGAGGTTGCAGTGAGCTGAGATTGTGCCACTGCACTCCAGCCTGGGCAACAAAAGCAAAACCCTATCTGAAAAAAAAAAAAAGAAA","GGCTGAGCATGGTGGCTCAGCCTGTAATCTCAGCACTTTGGGAGGCCGAGGCGGGTGGATCACCTGAGGTTGGGAGTTCAAGACCAGCCTGACCAACATGGAGAAATGCTGTCTCTACTAAAAATACAAAATTAGCCAGGCGTGGTGGCACATGCCTGAAATCCCAGCTACTCGGGAGGCTGAGGCAGGAGAATCGCTTGAACCTGGGAGGCAGAGGTTGTGGTGAGCTGAGATCACACCATTGCACTCCAGCCTGGGCAACAAGAGCAAAACTCCATCTCCAAAAAAAAAAAAGAAA"
"KN294181v1","403736","403907","JH378151","1390656","1390826","21","986920","TTAGCCTAGCCTGGTGGCACATGCTTGTAATCCCAGCTAGTCGGGAGGCTGAGGCAGGAGAATTGCTTGAACCTGGGAGGCTGTGGTTGCTGTGAGCCGAGATCGTGCCCTTGCACTCCAGCCTGGGCAACAAGAGCACAACTCCATCTCTACAAAAAAAAAAAAAAAAAAA","TAGCCGGGCATGGTGGCACGTGCCTGTAATCCCAACTACTCGGGAGGCTGAGGCAGGAGAACGGCTTGAACTCGGGAGGTGGGGGTTGCAGTGAGCCGAGATCGCGCCATTGCACTCCAGCCTGGGCAACAAGAGCAAAACTCCATCTCAAAAAAAAAAAAAAAAAAAAAA"
"KN294181v1","407552","407635","JH378156","4430706","4430788","12","4023154","GGCCGGGCGTGGTGGCTCATACCTGCAGTCCCAGCAGTTTGGGAGCCCAAGGCAGGAGGATAACCTGAGGTCAGGAGTTCGAGA","GGCCGGGCGCGGTGGCTCATACCTGTAATCCAAGCACTTTGGAGGCCAAGGCGGGCGGATCACCTGAGGTCGGGAGTTCAAGA"
"KN294181v1","419272","419567","JH378246","2154157","2154450","47","1734885","GGTCGAGTGCAGTGGCTAACGCCTGTAATCCCAGCACTTTGGGAGGCGGAGGTGGGCATATCAACTAAAGTCGGGAGTTCGAGACCAGCCTGATCAACATGGAGAAATCCCATCTCTACTAAAAATACAAAAAAAAATTAGCTGGGCGCCCTGTAATCCCAGCTTCTCGGCGGGGCTGAGGCAGCAGAATCACTTGAACTCAGGAGGCAGAGGTTGCAGTGAACGGAGATCGCGCCATTGCACTCCAGCCTGGGCAACAAGAGGGAAATCTGTCTCAAAAACAAAAAACAAAAAAA","GGCCAGGCGCAGTGGCTCATGCCTGTAACCCCAGCACTTTGGGAGGCCTAGGCGGGCGAATCACCTGAGATCAGGAGTTTGAGACCAGCCTGACCAACATGGAGAAACCCCATCTCTACTAAAAATACAAACATTAGCTGGGCATGTGCCTGTAATCGCAGCTACTCAGGAGGCTGAGGCAGGAGAATCACTTGAACCAAGGAGGCGGAGGTTGCAGTGAGCCGAGATCGCGCCATTGCACTCCAGCCTGGGCAACAAGAGCGAAACTCCATCTCAAAAAAAAAAAAACAAAAA"
"KN294181v1","460365","460659","JH378272","801428","801724","39","341063","GGCCAGGCGCGGTGGCTCACACCTGTAATCCCAGCACTTTGGGAGGCCGGGGGGACGGATCACCTGAGGTCGGGAGTTCGAGACCACCGTGACCGACATGGAGAAACCTTGTCTCTACTAAAAATACAGAATCAGCCGGGTGTAGTGGCACATTCCTGTAATCCCAGCTACTCGGAAGGCTGAGGCAGGAGAATCACTTGAATCCGGGAGGTGGAAGTGGCGTTAAGCCGGAGATCACGCCATTGCACTCCAGCCTGGGCAATAAGAGAGAAACTCCATCTAAAAAAAAAAAAAA","GCCAGGCATGGTGGCTCATGCCTGTAATCCCAGCACTTTGGGAGGCTAAGGCGGGCGGATCACCTGAGGTCGGGAGTTCCAGACCAGCCTGACCAACATGGAGAAACCTCGTCTCTACTAAAAATACAAAATTAGCCAGGCATAGTGGCACATGCCTGTAATCCCAGGTACTCGGGAGGCTGAGGCAGGAGAGTCACTTGAACCTGGGAGGTGGAAGCTGCAGTGAGCTGAGATCATGCCATTGCATTCCAGCCTGGGCAATAAGAGTGAAACTCCATCTCAAAATAAAAAAATAAA"
"KN294181v1","487088","487379","JH378114","19612959","19613251","46","19125871","GGCCGGGTGTGGTGACTCACACTTGAAGTCCCAGCATTTTGGGAGGCAGAGGCGGGCAGATAACCTGAGGTCAGGAGTTCGAGATCCGCCCGACCAACACGGAGAAATCCCATCTCTACTAAAAATTTGAAATAGCTGGATGTGGTGGCACATGCTTGTAATCCCAGCTACTCGGGAGGCTGAGGCAGGAGGATCGCTTGAACTCAGGAGGCGGAGGTTGTGCTGAGCTGAGATGGCGCCATTGCACTCCACCCTGGGCAACAAGAGTGAAAGTTGGCAGAAAAAAAAAAAA","GGCCGGGTGCGGTGGCTCATACCTGTAATCTCAGCACTTTGAGAGGCTGAGGCGGGCAGATCACCTGAGGTCAGGAGTTTGAGACCAGCCTGCCCAACACGGAGAAACCCTATCTCTACTAAAAATACAAAATTAGCTGGGTGTGGTGGCACATGCCTGTAATCCCAGCTACTAGGGAGGTTGAGGCAGGAGAATCACTTGAACCCAGGAGGTGGAGGTTGGAGTGAGCCAAGATGGCACCACTGCACTTCAGTCTGGGCAACAAGAGTGAAACTCTGTCTTAAAAAAAAAAA"
"KN294181v1","519179","519471","JH378216","7124506","7124797","33","6605327","GGCTGAGTGCGGTGGCTCATGCCTGTAATCCCAGCACTTTGGAAGGTCAAGGCAGGTGGATCACCCGAGGTCAGGAGTTCAAGACCAGCCTGGCCAACATGGCGAGACCTTGTCTCTACTAAAAATATAAAAATTAGCTGGGCGTGGTGGCACATGCCTGTAATCCCACCTACTTAGGAGGCTGAGGCAGGAGAATCGCTTGAACCCGGGAGGCAGAGGTTGCGATGAGCTGAGATCGCACCATTGCATTCCAGCCTGGGCAACAAGAGCAAAATTCCATTAAAAAAAAAAAA","GGCTGGGTGCGGTGGCTCACACCTGTAATCCCAGCACTTTGGGAGGCCAAGACAGGTGGATCACCTGAGGTCGGGAGTTCAAGACCAGCCTGACCAACATGGAGAAACCCTGTCTCTACTAAAAATACAAAATTAGCTGGGCGTGGTGGCATATGCCTGTAATCCCAGCTACTCAGGAGGCTGAGGCAAGAGAATCGTTTGAAGCTGGGAGGTGGAGGTTGTGGTGAGCTGAGATCCCGCCATTGCACTCCAGCCTGGGCAACAAGAGCAAAACTCCATGTCAAAAAATAAA"
"KN294181v1","552199","552375","JH378125","15171954","15172125","22","14619755","TAGTGGGGCGTGGTGGTGCATGCCTGTAATCCCAGCTACTCGGGAGGCTGAGGCAAGAGAATTGCTTGAACCCGAGAGGTGGAGGTTGCGGTGAGTTGAGATCGCGCCATTGCATTCAAGGCTGGGTAACGAGAGCGAAACTCTGTCTCCAAAAAAAGGAAAAAAAAAAGGAAAGAA","TAGCTGGGTATGGTGGTGCGTGCCTGTGATCCCAGCTACTCAGGAGGCTGAGGCAGGAGAATTGCCTGAACCCAGGAGGTGGAGGTTGCGGTGAGCCGAGATCGCGCCATTGCACTCCAGCCTGGGTAACAAGAGCGAAACTCTGTCTCAAAAAAAAAAAAAAAAAGAAAAA"
"KN294181v1","552897","553184","JH378151","8381511","8381803","38","7828614","GGGTGCAGTGGCTTATGCCTATAATCCCAACACTTTGGGAGGCTGAGGCAGGGGGATAACCTGAGGTCGGGAGTTCGAGACCAGCCTGACCGACATGGAGAAATCCCATCTCTATTAAAAATACAAAATTAGCAGAGAATGGTGGCGCATGCCTATAATCCTAGCTACTCGGGAGGCTGAGGCAGGAGAATCACTTGAACCCGGGAGGCGGAGGTTGCGGTGAGCTGAGATCGCGCCTTTGCACTCCAGCCTGTGCGACAAGAGTGAAACTCCGTTTAAAAAAAAAAA","GCCAGGCGCAGTGGCTCACACCTGTAATCCCAGCACTTTGGGAGGCTGAGGCAGGTGGATCACCTGAGGTCAGGAGTTCAAGACCAGCCTGACCAACATGGAGAAACCCTATCTCTACTAAAAATACAAAATTAGCCAAGCGTGGTGGCGCATGCCTGTAATCCCAGCTACTCGGGAGGCTGAGGCAGGAGAATTGCTTGAACCTGGGAGGCGGAGGTTGCAGTGAGCCGAGATCTCACCACTGCACTCCAGTCTGGGCAACAAGAGTGAAACTCCATTTCAAAAAAATAAAA"
"KN294181v1","639436","639747","JH378119","21520974","21521287","35","20881538","GGCTGGGCACGGTGGCTCACGCCTGTAATCCCAGCACTTTGGGAGGCCGAGGCGGGCAGATCACCTGAGGTCAGGAGTTGGAGACCAGCCTGACCAACATGGAAAAACCCTGTCTCTACTAAAAAACAAAATTAGCCGGGCATGGTGGCACATGCCTGTAATCCCAGCTACTTCAGGGGCTGAGGCAGGAGAATCACTTGAACCTGGAAAGTGGAGGTTGCAGTGAGCCAAGATCACACCATGGCACTCCAGCCTGGGCAACAAGAGTGAAACTCCGTCTCAAAACAAATTATAAAAAATAAAAAAACAAAA","GGCTGGGCATGGTGGCTCATGCCTGTAATCCCAGCACTTTGGGAGGCTGAGGTGGGCAGATCACCTGAGGTCGGGAGTTTAAGACCAGCCTGATCAACATGGAAAAATGCTGTCTCTACTAAAAATACAAACTTAGCTGGGCATGGTGGCACATGCTTGTAATCCCAGCTACTTGGGAGGCTGAGGCAGGAGAATGGCTTGAACCTGGGAAGTGGAGGTTGTGGTGAGCTGAGATCACACCATTGCAGTCCAGCCTGGGCAACAAGAGTGAAACTCCCCATCTCAAAAAAAAAAAAAAAAAAAAAAAAAAAAAA"
"KN294181v1","668512","668800","JH378106","3052818","3053105","33","2384306","GGCCGGGTGCGGTGGCTCATGCCTGTAATCCCAGCACTGTGGGAGGCCATGGTGGGCGGATCACTTGAGGTCAGGAGTTCAAGATCAGCCTGACCAACATGGAGAAACCCTGTCCCTAATAAAAACACAAAATTAGCCAGGCATCGTGGCGCATGGCTGTAATCCCAACTACTCAGGAGGCTGAGGCAGGAGAAGTGCTTGAACCCGGGAGGTGGAGGTTGTGGTGAGCTGAGATCACGCCCTTGCACTCCAGTCTGGGCAACAAGAGCGAAACTCCATCTGAACAAAA","GGCCGGGTGTGGTGGCTCATGCCTGTAATCCCAGCACTTTGGGAGGCCAAGGCGGGTGGATCACCTGAGGTCGGGAGTTCGAGAGCAGCCTGACCAACATGGAGAAACCCTGTTGCTACTAAAAATACAAAATTAGCTGGGCATGGTGGCACATGCCTGTAATCCCAGCTACTTGGGAGGCTGAGGCAGGAGAATTGCTTGAACCTGGGAGGCGGTGGTTGCAGTGAGCTGAGATCATGCCGTTGCACTCCAGCCTGGGCAACAAGAACGAAACTCCATCTCAAAAAA"
"KN294181v1","687915","688206","JH378188","9146583","9146872","42","8458668","GGCTGGGCGCAGTGGCTCATGCCGGTAATTTCAACACTTTGGGAGGCCATGGCAGGTGGATCACCTGAGGTCAGGAGTTCAAAACCAGCCTGACCAACATAGTGAAATCCCGTCTCTACTAAAAATACAAAATTAGCCGGGTGTGGTGGTACATGCCTGTAATCCCAGCTACTTGGGAGGTTGAGGCAAGAGAATTGCCTCCAGGAGGCAGAGGTTGCAGTGAGCTGAGACTGCGCCATTGCACCCCACCCTGGGCAACAAGAGCGAAACACTGCCTCAACAAAAAAAAAAA","GGCTGGGCGCTGTGGCTCCTGCCTATAATCCCAGCACTTTGGGAGGCCTAGGCAGATGGATCACCTGTGGTCAGGAATTTGAGATCAGCCTGACTGACATAGAGAAACCCCATCTCTACTAAAAATACAAAATTAGCCGGGTGTGGTGGCACATGCCTGTAATCCCAGCTACTTGGGAGGCTGAGGCAGGAGAATCACATGGGAGGCAGAGGTTGCAGTGAGCTGAGATCGCACCATTGCACTACAGCCTGGGCAACAAGAGTGAAACTACATCTCAAAAAAAAAAAAAA"
"KN294181v1","752035","752323","JH378109","7840405","7840695","29","7088370","GGCCAGCGCAGTGGCTCACTCCTGTAATCCCAGCACTTTGGGTGGCCGAGGCAGGCATATCACCTGAGGTCGGGAGTTTGAGACCAGCCTGACCAACATGGAAAAACCCCGTCTCTACTAAAAATACAAAATTAGCCGGGCATGGTGGCACATGCCTGTAATCCCAGCTACTCGGGAGGCTGAGGCAGGAGAATCGCTTGAACCCGGGAGGCGGAGGTTGCGGTGATCGCACCATTGCACTCCAGCCTGGGCAACAAGAGCGAAACTCTGTCTCAAAAAAAAAAAAAAA","GGCTGGGCGCAGTGGCTCATGCCTGTAATCCCAGCACTCTGGGAGGCTGAGGCAGGCAGATAACCTGAGGTCAGGAGTTTGAGACCAACCTGACCTACATGGAGAAACCCCTTCTCTACTAAAAATACAAAATTAGCTGGGCATGGTGGCACATGCCTGTAATACCAGCTACTCGGGAGGCTAAGGCAGGAGAATTGCTTGAACCTGGGAGGTGGAGGTTGCAGTGAGCTGCACCACTGCACTCCAGCCTAGGCAACAAGAGCAAAACTCTGTCTCCAAAAAGAAAAAAAA"
"KN294181v1","756265","756413","JH378317","291040","291189","19","465225","GTGGTGGTGCATGCCTGTAATCCCAGCTACTTGGGAGGCTGAGGCAGGAGAATCACTTGAACCCAGGAGGCAGAGGTTGCAGTGAGCCAAGATCGCGCCACTGCACTCCAGCTTGGGTGACAAGAATGAAACGCCATCCTAAAAGAAAA","CATGGTGGCGCACGCCTGTAGTCCCAGCTACTCGGGAGGCTGAGGCAGGAGAATTGCTTGAACCCAGGAGGCGGAGGTTGCAGTGAGCCGAGATCGCGCCATTGAACTCCAGCTTGGGTAACAAGAGTGAAACTCCGTCTCAAAAAAAAA"
"KN294181v1","764029","764325","JH378198","6294233","6294526","34","5530204","GGCTGGGCATGATGGCTCACACCTGCAATCTCAGCAATTTGGGAGGCCGAGGCAGATGGATCACCTGACGTCAGGGGTTCGAGACCAGCCTGACGAACATGGAGAAACCCTGTCTCTACTAAAAATACAAAATTAGCTGGGCATGGTGGTGGGCTTCTGCAATTGCAGCTACTCGGGAGGCTGAGGCAGGAGAATCACTTGAACCCGGGAGGTGGAGGTTGCAGTGAGCCGAGATCGCACCATTGCACTCCAGTCTGGGCAACAAGAGTGAAACTCCATCTCAAAAAAAAAAAAGAA","GGCCGGGCATGGTGGCTCACACCTGTAATCCCAGCATTTTGGGAGGCCAAGGCAGATGGATCACCTGAGGTCAGGAGTTTGAGACCAGCCTGACCAACATGGGAAACCCATCTCGGCTAAAAATACAAAATTAGCTGGGCGTGGTGGAGCATGCCTGTAATCCCAGCTACTTGGGAGGCTGAGGCAGGAGAATCACTTGAACCCAGGAGACGGAGGTTGCAGTGAGCCGAGATTGCACCATTGCACTCCAGCCTGGGCAACAAGAGTGAGACTCCATCTAAAAAAAAAAAAAAA"
"KN294181v1","797213","797513","JH378125","19027324","19027621","32","18230111","GGCCAGGCATGGTGGCTCACACCTGTAATCCCAGCACTTTGGGAGGCTGAGGTGGGCAGATCACCTGAGGTCAGGAGTTCGAGACCAGCCTGACCAACATAGAGAAACCCTGTCTCTACTAAAAATAGAAAATTAGCCGGGCATGGTGGTGCACGCCTGTAATCCCAGCTACTCGGGAGGCTGAGACAAGAGAATCGCTTGAACTTGGGAGGCGGAGGTTGTGGTGAGCCGAGATCGTGTCATTGCAGTCCAGCCTGGGCAACAAGAGCAAAACTCTGTCTCAAAACAAAACAAAACAAAA","GCCGGGCATGTTGGCTCACGCCTGTAATCCCAGCACTTTGGGAGGCTGAGGCGGGCGGATCTCCTGAGGTCGGAGTTTGAGACCAGCCTGACCAACATGGAGAAACCTCATCTCTACTAAAAATACAAAATTAGCTGGGCATGGTGGTGCATGCCTGTAATCCCAGCTACTCGGGAGGCTGAGGCAGGAGAATCGCTTGAACCTGGGAGGCAGAGATTGCGGTGAGCCAAGATCGTGCCATTGCACTCCAGCCTGGGCAGTGAGAGCAAAACTCTGTCTCAAAAAAAGAAAAAGAAAA"
"KN294181v1","799094","799395","JH378288","1088673","1088973","25","289579","GGCCAGGGGCGGTGGCTCATGCCTGTAATCCCAGCACTTTAGGAGGCCAAGATGGGTGGATCACCTGAGGTGGGGAGTTTGAGACCAGCCTGACCAACATGGAGAAACCCCATCTCTACTAAAAATACAAAATTAGCCAGACGTGGTGGCGCATGCCTGTGATCCCAGCTACTTGGGAGGCTGAGGCAGGAGAATCGCTTGAACCTGGGAGGTGGAGGTTGCTGTGAGCCAAAGTCACGCCATTGCACTCGAGCCTGGGCAACAAGAGTGAAACTCCATCTCAAAAAAAAAAAAAAAAAAAA","GGCCAGGCGCGGTGGCTCATGCCTGTAATCCCAGCACTTTGGGATGCCGAGGCAGGTGGATCACCTGAGGTCGGGAGTTCAAGACCAGCCTGACCAACATGGAGAAATCTCATCTCTACTAAAAATACAAAATTAGCCAGGTATGGTGGCGCATGCCTGTAATCCCAGCTACTTGGGAGGCTGAGGCAGGAGAATTGCTTGAACCTGGGAGGTAGAAGTTGCAGTGAGCCAAGATCACACCATTGCACTCCAGCCTGGGCAACAAGAGTGAAACTCCATCTCAAAAAAAAAAAAAAAAAAA"
"KN294181v1","804654","804960","JH378140","5745706","5746010","27","4941052","GACCAGGCACAGTGGCTCACGCCTGTAATCCTAGCACTTTGGGAGGCCAAAGCGGGCAGATCACCTGAGGTTGGGAGTTCGAGACCAGCCTGACCAACGTGGAGAAACTCCGTCTCTACTAAAAATACAAAATTAGCTGGGCGTGGTGGCACATGCCTGTAATCCCAGCTACTTGGGAGGCTGAGGCAGGAGAATGGCTTGAACCCGGGAGGTGGAGGTTGCGGTGAGCTGAGATTGCGCCATTGCACTCCAGCCTGGGCAACAAGAATGAAACTCTGTCTCAAAAAAACAAAAAGAATAACAAAAA","GCCAGGCACAGTGGCTCACGCCTGTAATCCCAGCACTTTGGGATGCCAAGGCAGGCTGATCACCTGAAGTTGGGAGTTTGAGACCAGCCTGATCAACAAGGAGAAACCCCATCTCTACTAAAAATACAAAATTAGCTGGGCGTGGTGGCGCATGCCTGTAATCCCAGGTATTTGGGAGGCTGAGGCAGGAGAATCAATTGAACCCGAGAGGTTGAGGTTGCAGTGAGCTGAGATTGCACCATTGCACTCCAGCCTGGGCAACAAGAATGAAACTCTGTCTCAAAAAAAAAAAAAAGAAAAAAAAA"
"KN294181v1","805325","805598","JH378114","30322448","30322720","43","29517123","GCCAGGCTCAGTGGCTCATGCCTGTAATCCCAGCACTTTGGGAGGCTGAGGCAGATGGATCACCTGAGGTCAGGAATTCAAAACCAGCCTGACCAACATGGTGAAACCGAGTCGCTACTAACAATACAAAAAATTAGCGCACACCTGTAATCCCAGCTACTTGGGAGGCTGAGACAGGAGAATCTCTTGAACCCAAGAGGCGGAGGTTGCAGTGAGCCGACATTGTGCCACTGTACTCCAGCCTGGGCAACAAGAGCGAAACTCTGTCACAAAA","GACCAGGTGCAGTGGCTCATGCCTGTAATCCCAGCACTTTGAGAGGCTGAGGTGGGTGAATCACCTGAGGTCAGGATTTCAAGACCAGCCTGACCAACATGGAGAAACCCCGTCTTCACTAAAAATACAAAATTATCTAGGCATGGGTAATCCCAGCTACTCGGGAGGCTGAGACAGGAAAATTGCTTGAACCTGGGAGGTGGAGGCTGCAGTGAGCTGAGATCGTGCCATTGTACTCCAGCCTGGGCAACAAGAGCAAAACTCAGTCTCAAA"
"KN294181v1","812584","812719","JH378166","635103","635235","20","177481","GGCTGGGTGCTGTGGCTCACTCCTGTAATCGCAGCACTTTGGGAAGCCCAGGTGGGCAGATCACTTGAGGTCAAGAGTTCAAGACTAGCCTGGCCAACACGGTGAAGCCCCGTCTCTACTAAAAAATATAAAATTA","GGCCGGGCGCGGTGGCTCACCCCTGTAATCCAAGCACTTTGGAGGCCAAGGCGGGCAGATCACCTGAGGTCGAGAGTTCAAGACCAGCCTGACCAACATGGTGAAACCCCGTCTTTAAAAAAAATAAAAATTA"
"KN294181v1","813027","813199","JH378113","32219902","32220070","20","31406875","TAAAATTAGCCAGGTGTGGTGGCACATGACTGTGATCCCAGCTACTCAGGAGGCTAAGGCAGGAGAATCACTTGAACCCAGGAGGCGGAAGTTGTAGTGAGCCAAGATTGTGCCATTGCACTCCAGCCTGGGCAACAAGAGCGAAACTCCGTCTCAAAAAATATAAAAAAAAA","ATTAGCCGGGTGTGGTGGTGCATGCCTGTAATCCCAGCTACTCGGGAGGCTGAGGCAGGAGAATCGCCTGAACCCAGGAGGTGGAGGTTGCAGTGAGCCAAGATTGCGCCATTGCACTCCAGCCTGGGCAACAAGAGCAAAACTCCGTCTCAAAAAAAAGAAAAAAAAA"
"KN294181v1","825880","826181","JH378143","7408382","7408687","39","6582502","GACCAGACTCGGTGGCTCACGCCTGTAATTCCAGCACTTTGGGAGGCTGAGGCAGGAGGATCACCTAAGGTTGGGAATTTGAGACCAGCCTGACCAACATAGAGAAACCTGTCTCTACTAAAAATACAAAATTAGCTGGGCACGGTGGCACATGCCTGTAATCTCAGCTACTTGGGAGGCTAAGGCAGGAGAATCGCTTGAACCTGTTGGCGGAGGTTGTGGTGAGCCAAGATTGCGCCATTGCACTCTAGCCTGAGCAACAAGAGCGAGACTCCGTCTCAAAAAAAAAAGAAAAGAAAAAA","GGCTGGGAGCAGTGGCTCCCACCTGTAATTCCAGCACTTTGTGAGGCTGAGGCAGGCGGATCACCTGAGGTTGGGAGTTTGAGACCAGCCTGACCAACATGGAGAAACTCTGTCTCTACTGAAAATACAAAATTAGCTGGGCATGGTGGTACATGCCTGTAATCCCAACTACTTGGGAGGCTGAGGCAGGAGAATCACCTGAACCCAGGAGGTGGAGGTTGCGGTGAGCCAAGATTGCACCATTGCACTCCAGCCTGGGTGACAAGAGCGAGACTCCATCTCGGAAAAAAAAAAAAAAGAAAAAAA"
"KN294181v1","835364","835653","JH378229","2791774","2792064","44","1956410","GGGTGGGGTGACTCACTCCTGGAATCCTAGCACTTTGGGAGGCCGAGATGGGCGGACCACCTGAGGTTGGGGGTTTGAGACCAGCCTGACTAACATGGAGATACCCATCTCTACTAAAAATACAAAATTAGCTGCGTGTGGTGGTGCACACCTGTAATCCCAACTACTCGTGAGGCTGAGATGGGAGAATCGCTTGAACTCGGGAGGCAGAGGTTGCCTTGAACTGAGATTACGCCATTGCACTCCAACCTGGGCAACAAGAGTGAAACCCCTTCTCCAAAAAAAAAAAA","GGCCTGGTGGCTCATGCCTGTAATCCCAGCACTTTGGGAGGCCAAGGTGGGTGGATCACCTGAGGTTGGGAGTTTGAGACCAGCCTGACCAACATGGAGAAACCTCATTTCTACTAAGAATACAAAATTAGCTGGGCGTGGTGGTGCATGCCTGTAATCCCAGCTACTGGGGAGGCTGAGGCAGGAGAATCGCTTGAACCCAGGAGGCAGAGGTTGCAGTGAGCTGAGACAGTGCCATTGCACTCCAGCGTGGGCAACAAGAGTGAAACTCCATCTCAAAAAGAAAAAAAA"
"KN294181v1","846615","846913","JH378115","28712376","28712673","24","27865761","GGCCGGGCACGGTGGCTCACGCCTGTAATCCCAGCACTTTGGGAGGCCGAGGCAGGTGGATCACCTGAGGTCAGGAGTTCGAGACCAGCCTGACTAACATGGAGAAACCCTGTCTCTACTAAAAATACAAAATTAGCTGGGTGTGGTGGCGCATGCCTGTAATCCCACCTACTCAGGAGGCTGAGGCAGGAGAATGGCTTGAACCCGGGAGGGGGAGGTTGTGGTGAGCCGAGATCGCGCCATTGCACTCCAGCCTGGGCAACAAGTGAAACTCCATCTCAAAAACAAACAAACAAAAA","GGCTGGGCATGGTGGCTCACGCCTGTAATCCCAGCACTTTGGGAGGCCGAGGCAGGCAGATCACCTGAGGTCAGGAGTTCGAGACCAGCCTGATCAACATGGAGAAACCCCATCTCTACTAAAAATACAAAATTAGCTGGGTGTAGTGGCGCATGCCTGTAATTCCAGCTACTCAGGAGGCTGAGGCAGGAGAATCGCTTGAACCCAGGAGGTGGAGGCTGTGGTGAGCCGAGATGGCGCCATTGCACTCCAGCCTGGGTAACAAGAGAGAAACTCCGTCTCAAAAAAAAAAAAAAAA"
"KN294181v1","868140","868426","JH378352","273218","273511","46","594922","GGCCGGGCGCGGTGGCTCAGGTCTATAATCCCAGCACCTTGGAAGGCTGAGGCACCTGAGGTTGGGAATATGAGACCAACCAACATGAAGAAACCCCATCTCTACTAAAAATGCAAAATTAGCCGGGCGTGGTGGTGCATGCCTGTAATCCCAGCTACTCGGTAGGCTGAGGCAGGAGAATGACTTCAACCCGGGAGGCAGAAGTGCGGTGAGCCGAGATCGCACCATTGCACACTAACCTGGGCAACAAGAGCAAAACTCCATCTCAAAAAAAAAAAAAAAAAAAA","GGCCGGGCGTGGTGGCTCATGTCTGTAATTCCAGCGCTTTGGAAGTCAGGCAGATCGCCTGAGGTTGGGAGTTTGAGACCAGTCTCACCAACATGGAGAAACCTCTATCTCTATTAAAAATACAAAATTAGCTGGGCGTGGTGGTGCATGCCTGTAATCCCAGCTACTTGGGAGGCTGAGGCAGGAGAATTGCTTGAACCCGGGAGGCGGAGATTGCAGTGAGCCAAGATGGCGCCATTGCACTCTAGCCTGGGCAACAAGAGCAAAACTCTGTCTCAAAAAAGAAAAAAAAAA"
"KN294181v1","904626","904871","JH378149","2836824","2837076","38","1932198","TCACCTGAGGTCAGGATTTCGAAACCAGCCTGACCAACATGGTGAAACCCCATCTCTACTAAAAATACAAAAAAAAATAGACGGGCCTGGTGGCGCATGCTTGTAATTCCAGCTACTTGGGAGGCTGAGGCAGGAGAATCACTTGAACCCAGGAGGCAGAGGTTGCAGTGAGCCGAGATGTGCCACTGCACTCCAGCCTGGGCAATAAGAATGAAACTCCATCTCAAAAAAAATAAAAATAAAAAA","ATCACCTGAGTTTGGGAGTTCGAGACCAGCCTGACCAACATGGTGAAACCCCATCTCTACTAAAAATACAAAAGAATTAGCCAGGCAGGGTGGTGCATGCCTGTAATCCCAGCTACTCGGGAGGCTGAGGCAGGAGAATCTCTTGAACCCAGGAGGTGGAGGTTGTAGTGAGCCGAGATCACGCCATTGCACTTCAGCCTGGGCAACAAGAGCAAAACTCCATCTCAAAAAAAAAAAAAAAAAAAAAAAAAAA"
"KN294181v1","906892","907188","JH378119","27131086","27131381","37","26224194","GGCCGGGCACAGTGGCTCATGCCTGTAATCCCAGCACTTTGGGAGGCCAAGGCAGGCGGATCACCTGAGGTCAGGAGTTCAAGACCAGCCTGATCCACATGGAGAAACCCTGTCTCTACTAAAAATACAAATGTAGTCAGGCGTAGTTGCATGTGCCTGTAATCCCAGCTACTCAGGAGGCTGAGGCAGAAGAATGGCTTGAACCCGGGAGGCGGAAGTTGCGGTGAGCTGAGATCATGCCATTGTACTCCAAACTGGGGAACAAGAGCAAAAACTCCATTTAAAAAAAAAAAAAAA","GGCCGGGCACAGTGGCTCATGCCTGTAATCCCAGCACTTTGGGAGGCCAAGGCAGGCGGATCACCTGAAGTCAGGAGTTCGAGACCAGCCTGATCAATGTGGAGAAACCCCATCTCTACTAAAAGTACAAAATTAGCCAGGCATGGTAGTGGGTGCTTGTAATCCCAGCTACTCCGGAGGCTGAGGCAGGAAAATCACTTGAACCCGGAAGGCGGAGGTTGCGGAGAGCTGAGATCATGCCATTGCACTCCAGCCTAGGCAACAAGAGTGAAACTCCATGTCAAAAAAAAAAGAAA"
"KN294181v1","1060031","1060208","JH378125","5641148","5641327","26","4581117","GGCACGGTGGATCACTCCTGTAATCACAGCACTTTGGGAGGCCGAGGCAGGCGGATCACCTGAGGTCGGGAGTTTGAGACCAGCCTGGCCACCATGGAGAAACCCCGTCTCTACTAAAAATATAAAATTAGCTGGGCGTAGTGGTGTGTGCCTATAATCCCAGCTACTCGGGAGGCTG","GGCTGGGCACGGTGGCTCATGCCTGTAATCGCAGCACTTTGGGAGGCCAAGGCGGGCGAATGACCTGAGGTCGGGAGTTTGAGACCAGCTTGACCAACATGGAGAAACCCCATCTCTACTAAAAATACAAAATTAGCTAGGCGTGGTGGTGCATGCCTGTAATCCCAGCTACTCGGGAGG"
"KN294181v1","1167556","1167846","JH378288","2257077","2257368","36","1089521","GGCTGGGTGCAGTGGCTCATGCCTATAATCCCAGCACTTTGGGAGGCTGAGGTGGGCAGATCACCTGAGGTCAGGAGTTCGAGCCCAGCGTGACCAACGTAGTGAAACCCTATCTCTACTGAGTACAAAAATTAGCTGGGTGTGGTGGCGCATGCCTGTGATCCCGCCTACTTGGGAGGCTGAGGCAGGAGAATCACTTGAACCCAGGAGGCAGAGGTTGTGGTGAGCCAAGATCACACCATTGCACTCCAGCCTGGGCAATAAGAGTGAAACTCTGTCTAAAGAAAAAAA","GGCTGGGTGTGGTGGCTCATGCCTGTAATCCTAGCACTTTGGGAAGCTGAGGAGGGCAGATCACCTGAGGTCAGGAGTTTAAGACCAGCCTGACCAACATGGAGAAACCTTGTCTCTACTAAAAATACCAAATTAGCTTGGCATGGTGGCACATGCCTGTAATCCCAGCTACTTGGGAGGCTGAGGCAGGAGAATCACTTGAACCCAGGAGGCAGAGTTTGTGGTGAGCCAAGATCATGCCATTGCACTCCAGCCTGGACAACAAGAGTGAAACTCAGTCTCAAAAAAAAAA"
"KN294181v1","1247076","1247354","JH378119","22503503","22503772","36","21256427","AATCGCAGTACTTTGGGAGGCCGAGGCAGACAGATCACCTGAGGTCGGGAGTTTGAGACCAGCCTGACCAACATGGAGAAACCTGTCTCTACTAAAAATACAAAATTAGCCGGGTGTGGTGGCACATGCCTGTAATCCCAGCTACTCAGGAGGCTGAGTCAGGAGAATCGCTTGAACCCGGGAGGCAGAGGTTGCAGTGAGCCGAGATCGCACCACTGCTCTCTAGCCTGGGCGACAAGAGCGAAATTCTGTCTCAAAAAACAAAAACAAACAAACAAA","GCACTTTGGGAGGCCGAGGCGGGCAGATTACCTGAGGTCGGGAGCTCGAGACCAGTCTGACAAACATGGAGAAACGCCATCTCTACTAAAACTACAAAATTAGCTGGGTGTGGTGGCACATGCCTATAATCCCAGCTACTAAGAAGGCTGAGGCAGGAGAATCGCTTGAACCCTGGAGGCGGAGGTTGCAGTGAGCTGAGATCACGCCACTGCACTCCAGCCTGGGCAACAAGAGTGAAACTCTGTCTCAAAAAAAAAAAAAAAAACAAA"
"KN294181v1","1298815","1299127","JH378140","7338564","7338875","29","6039749","GGCCGGGCGCAGTGGCTCATACCTGTAATCCCAGCACTTTGGGAGGCCAAGGCGGGCAGATCACCTGAGGTTGGGAGTTCAAGACCACCCTGACCAACATGAAGAAACCCCGTCTCTACTAAAAATACAAAATTAGCCAGGTGTGGTGGCGCATGCCTGTAATCCCAGCTATTCGGGAGGCTAAGGAATGAGGATCACTTGAACCTGGGAGGCAGAGGTTGCGGTGAGCCAGAGATGGTACCATTGCACTCCAGCCTGGGCAACAAGAGCGAAACTCCATCTCAAAAAAAAAAAAAAAAAAAAAAAAAAAAAA","GGCCGGGCGCGGTGGCTCATGCCCATAATTCCAGCACTTTGGGAGGCCAAGGCCGGCGGATCACCTGAGGTTGGGAATTCAAGACCAGCCTGACCAACATGGAGAGACCCTGTCTCTACTAAAAATACAAAATTAGCTGGGTGTGGTGGCACATGCCTGTAATCCCAGCTACTCAGGAGGCTGAGGCAGGAGAATCACTGGAACCTGGGAGGCAGAGGTTGCGGTGAGCTGAGATCGCGCCATTGCACTCCAGCCTGGACAACAAGAGCAAAACTCCATCTCAAAAAAAAAAAAAAAAAAAAAAAAAAAAAA"
"KN294181v1","1427558","1427689","JH378255","2813216","2813348","16","1385658","GCAGGGCGTGGTGGCTCAAGCCTGCAATCCCAGCACTTTGGGAGGAGAGGCAGGCAAATCACCTGAGGTCAGGAGTTTGAGACCAGCCTGACCAACATGACAAAACCCCATCTCTACTAAAAAAAAAAAAAT","GGCTGGGCATGGTGGCTCATGCCTGCAATCCCAGCACTTTGGGAGGCCGTGGCAGGTGAATCACTTGAGGTCAGGAGTTCGAAACCAGCCTGACCAACATGGAGAAACCCCATCTCTACTAAAAAAAAAAAAA"
"KN294181v1","1435265","1435553","JH378113","7407154","7407441","35","5971889","GGCCGGGCACGGTGGCTCACGCCTGTAATCCCAGCACTTTGGGAGGCAGAGGTGGGCGGATCACCTGAGGTCAGGAGTTCGAGACTAGCCTGGCTGACATGGTGAAACCCTGTCTCTACTAAAAATACAGAAATTAGCTGGGCATAGTGGTGCATGCCTGTAGTCCCAGCTACTCTGGAGGCTAAGACAGGAGAATCACTTGAACCTGGGAGGTGGAGTTTGCGGTGAGCCGAGATTACGCCATTGCACTCCAGCCTGGGCAACAAGAGCGAAGCTCTGTCTCAAAAAA","GCCGGGCATGGTGGCTCACACCTGTAATACCAGCACTTTGGGAGGCTGAGGTGGGCAGATCACCTGAGGTCAGGAGTTCGAGACCAGCCTGACCAACATGGAGAAAACCCCTCTCTACCAAAAATACAAAATTAGCAGGGCATAGTGGCACATGCCTGTGATCCCAGCTACTCAGGAGGCTGAGGCAGGAGAATCACTTGAACTTGCAAGGTGGAGGTTGTGGTGAGCTGAGATCACACCATTGCACTCCAGCCTGGGCAACAAGAGCAAAACTCTGTCTCAAAAAAA"
"KN294181v1","1444584","1444885","JH378271","1329150","1329448","35","115434","GGCTGGGTGCGGTGGTTCACGCCTCTAATCCCAGCACTTTGGGGGGCTGAGGTAGGCAGATCACCTGAGGTCAGAAGTTCGAGACCAGCCTGACCAACATGGAGAAACCTCGTCTCTACTAAAAATACAAAATTAGCTGGGTGTGGTGGTACATGCCTGTAGTCCCAGCTATTCAGGAGGCTGAGACAGGAGAATCGCTTGAACCTGGAAGGTGAAGGTGGCAGTGAGCTGAGATTGTGCCATTGCACTCCAGCCTGGGCAACAAGCGTGAAACTCCATCTCAAAAAGGAAAAAAAAAAGAA","GCTGGGTGTGGTGGCTCACGCCTGTAATCCCAGCACTTTGGGAGACCTAGGCGGGCAGATCACCTGAGGTTGGGAGTTCGAGACCAGCCTGACCAACATGGAGAAATCCCGTCTCTACTAAAAATACAAAAAATTAGCTGGGTGTGGTGGTGCATGCCTGTAATCCCAGCTACTCAGGAGACTGAGGCAAGAGAATCGCTTGAACCAGGAGGTGCAGGTTGCAGTGAGCTGTGATTGCACCATTGCACTCCAGCCTGGGCAACAAGAGTGAAACTCCGTCTCAAAAAAAAAAAAAAAAA"
"KN294181v1","1458642","1458942","JH378170","4783494","4783792","31","3324852","GCCCGGCGCGGTGACTCACGCCTGTAATCCCAGCGCTTTGGGAGGCTGAGGCGGGCGGATCACCTGAGGTTGGGAGTTCGAGACCAGCCTGACTAACATGGAGAAATCCCGTCTCTGCTAAAAATACAAAAATTAGCTGGGCATGGTGGCACATGCTTGTAATCCCAGCTACTCAGGAGGCTGAGGCAGGAGAATCACTTGAACCCGGGAGGTGGAGGTTGCAGTGAGCCAAGATCGCACCATTGCACTCCAGCCTGGGCAACAAAATCGAAACTCCGTCTTTAAAAAAAAAAAAAAAAAA","GCTGGGTGCAGTGGCTCACACCTGTAATCCCAGCACTTTGGGAGGCTGAGGCGGGCGGATCACCTGAGGTTGGGAGTTCGAGACCAGCCCTGACCAACATGGAGAAACCCCGTCTCTACTAAAAATACAAAATTAGCTGGGTGTGGTGGCACACGCCTGTAATCCCAGCTACTCAGGAGGCTGAGGCAGGAGAATTGCCTGAACCCAGGAGGCGGAGGTTGCGGTGAGCTGAGATCGCGCCATTGCACTCCAGCCTGGGTAACAAGAGCGAAACTCCGTCTCAAAAAAAAAAAAAAAAA"
"KN294181v1","1464121","1464422","JH378119","6124403","6124708","43","4660282","GCACGGTGGCTCACACCTGTAATCCCAGCACTTTGGGAGGCCGACATGGGCGGATCACCTGAGGTCAGGAGTTTAAGACCAGCCTGACCAACAAGGAGAAACTCCATCTCTACAGAAAATACAAAATTAGCCAGGTGTGGTGGCAGGCGCCTGTAATCCCAGCTACTCGGGAGGCTGAGACAGGAAAATTGCTTGAACCCAGGAGGTAGAGGTTGCAGTGAGCTGAGATCATGCCACCGCACTTCAGCCTGGACAACAAGAGCAAAGCTCCGCCTCAAAAAAAAAAAACAAAAAACAAAAAA","GCTGGACATGGTGGCTCACACCTGTAATCCCAGCACTTTGGGAGGCGGAGGTGGGCAGATCACCTGAGGTCAGGAGTTCAAGACCAGCCTGACCAACATGGAGAAATTCCGTCTCTACTAAAAATACAAAATTAGCTGGGCATGATGGCGCATGCCTATAATCCCAGCTACTCAGGAGGCTGAGGCAGGAGAATTGCTTGAACCCAGGAGGCAGAGGTTGTAGTGAGCCGAGATCGCACCATTGCACTCCAGCCTGGGCAACAAGAGCAAAACTCCATCTCAAAAAAAAAAAAAAAAAAAAAAAAA"
"KN294181v1","1465024","1465321","JH378220","2784017","2784313","34","1318993","GGCCAGGCGCACTGGCTCACACCTGTAATCCCAGCACTTTAGGAGGCTGAGGCGGGCAGATCACCTGGGGTCAGGAGTTCGAGACCAGCCTGACCAACATGGAGAAACCCTGTCTGTACTAAAAATACAAAATTAGCCGGATGGGGTGGCGCATGCCTGTAATCCCAGCCACTCCAGAGGCTGAGGCAGGAGAATCGCTAGAACCCGGGAGGCAGAGGTTGCGGTGAGCCGAAATCGTGCCATTGCACTCCAGCCTGGGCAACAAGAACGAAACTCTGCCTCAAAAAAAGAAAAGAAA","GGCCAGGCGCAGTGGCTCACACCTGTAATCCCAGCACTTTGGGAGGCCGAGGCAGGCGGATCACCTGAGGTCGGGAGTTCGAGACCAGCCTGACCAAAATGGAGAAACCCCGTCTCTACTTAAAAACAAAATTAGCAGGGCTTGGTGGTGCATGCCTGTAATCCCAGCTATCTGGGAGGCTGAGGCAGGAGAATCACTTGAACCTGGGAGGCAGAGGTTGCAGTGAGCCGAGATCATGCCATTGCACTCCAGCCTGGGCAACAAGAGCAAAACTCTGTCTCAAAAAAATAAAAAAAA"
"KN294181v1","1479113","1479423","JH378220","2434689","2435000","41","955576","GGCCAGGTGCGGTGGCTCACACCTGTAATCCCAGCACTTTGGGAGGCTGAGGTGGGCGGATCACTTGAGGTCTGGAGTTTGAGACCATCCTGACCAACATGGTGAAACCCCGCCTCTACTAAAAGTACAAAAATTAGCAGGGCATGGTGGTGCACACCTGTAGTCCCAGCTACTTGGGAGGCTGAGGCAGGAGAATAGCTTGAACCCGGGAGGCAGAGCTTGCAATGAGCCGAGATTGCACCATTGCACTCCAGCCTGGGCGAAAAGAGTGAAACTGTCTCTAAAAAAATAAATAAATAAAATGAAATAAA","GGCCAGATGCAGTGGCTCACACCTGTAATCCCAGCACTTGGGGAGGCTGAGGCGGGTGAATCATTTGAGATCAGGAGTTAGAGACCAGCCTGACCAACATGGAGAAACCCCATCTCTACTAAAAATACAAAATTAGCCAGGCATGGTGGTGCACACCTGTAATCCCAGCTACTTGGGAGGCTGAGGCAGGAGAATTGCTTGAACCCGGAAGGCAGAGGTTGCAGTAACCCAAGATTGTGCTATTGCACTCCAGCCTAGGCAGCAAGAGTGAAACTCCATCTCAAAAAAATAAAAACATAAATATAAAATAAA"
