"KN294145v1","98348","98642","JH378151","8381511","8381803","30","8283163"
"KN294145v1","114853","115161","JH378152","15994237","15994545","42","15879384"
"KN294145v1","140472","140750","JH378279","102782","103056","32","37690"
"KN294147v1","55335","55643","JH378135","17495792","17496088","40","17440457"
"KN294147v1","135235","135531","JH378116","32209502","32209801","47","32074267"
"KN294147v1","173693","173975","JH378114","29675067","29675349","35","29501374"
"KN294147v1","193424","193719","JH378213","59070","59361","39","134354"
"KN294147v1","217021","217320","JH378197","1421270","1421558","42","1204249"
"KN294147v1","221392","221700","JH378282","663203","663511","29","441811"
"KN294147v1","222673","222962","JH378123","9356550","9356843","40","9133877"
"KN294147v1","323754","324055","JH378124","15582898","15583197","30","15259144"
"KN294147v1","424235","424433","JH378109","49252682","49252877","34","48828447"
"KN294147v1","446700","446997","JH378206","5150556","5150850","64","4703856"
"KN294147v1","486977","487278","JH378144","7014110","7014412","30","6527133"
"KN294147v1","577577","577843","AGCE01150524","1065","1327","32","576512"
"KN294147v1","677142","677427","JH378216","5614489","5614775","33","4937347"
"KN294147v1","991009","991315","JH378114","31670723","31671027","37","30679714"
"KN294147v1","1122857","1123159","JH378119","6124403","6124708","40","5001546"
"KN294147v1","1154947","1155259","JH378167","5351158","5351469","29","4196211"
"KN294147v1","1156246","1156371","JH378137","7416799","7416925","20","6260553"
"KN294147v1","1206641","1206936","JH378139","19252318","19252611","30","18045677"
"KN294147v1","1239571","1239872","JH378170","4783494","4783792","37","3543923"
"KN294147v1","1252186","1252372","JH378276","2333052","2333236","17","1080866"
"KN294147v1","1258512","1258749","JH378193","7906466","7906718","44","6647954"
"KN294147v1","1276134","1276398","JH378108","33895459","33895719","48","32619325"
"KN294147v1","1293013","1293305","JH378139","16259084","16259375","39","14966071"
"KN294147v1","1310936","1311245","JH378106","70986080","70986388","38","69675144"
"KN294147v1","1315100","1315375","JH378192","8239736","8240009","29","6924636"
"KN294147v1","1316242","1316538","JH378172","10004830","10005125","41","8688588"
"KN294147v1","1317583","1317903","JH378167","5351158","5351469","45","4033575"
"KN294147v1","1322238","1322483","JH378186","402687","402936","43","919551"
"KN294147v1","1347701","1347954","JH378167","9228054","9228310","33","7880353"
"KN294147v1","1348210","1348316","JH378105","9022617","9022716","33","7674407"
"KN294147v1","1369599","1369888","JH378124","5726096","5726391","34","4356497"
"KN294147v1","1390580","1390882","JH378243","4648971","4649267","36","3258391"
"KN294147v1","1393441","1393775","JH378105","41152511","41152836","61","39759070"
"KN294147v1","1402790","1402953","JH378118","14815054","14815222","28","13412264"
"KN294147v1","1407186","1407479","JH378206","2358566","2358861","38","951380"
"KN294147v1","1414976","1415276","JH378125","15893280","15893581","31","14478304"
"KN294147v1","1420962","1421232","JH378112","25153419","25153694","38","23732457"
"KN294147v1","1430139","1430437","JH378113","14455819","14456118","33","13025680"
"KN294147v1","1451989","1452300","JH378224","2769148","2769454","44","1317159"
"KN294147v1","1461866","1462175","JH378185","2174597","2174903","36","712731"
"KN294147v1","1513978","1514272","JH378139","19252318","19252611","38","17738340"
"KN294147v1","1516512","1516814","JH378105","54150095","54150392","36","52633583"
"KN294147v1","1549818","1550115","JH378187","2995901","2996199","44","1446083"
"KN294147v1","1588046","1588349","JH378296","1500608","1500907","47","87438"
"KN294147v1","1609874","1610196","JH378113","28428906","28429220","55","26819032"
"KN294147v1","1616088","1616345","JH378117","19416964","19417229","45","17800876"
"KN294147v1","1622260","1622564","JH378114","36976328","36976626","51","35354068"
"KN294147v1","1739406","1739689","JH378198","1177753","1178038","43","561653"
"KN294147v1","1740406","1740699","JH378196","3809099","3809391","37","2068693"
"KN294147v1","1758566","1758860","JH378108","54286740","54287031","47","52528174"
"KN294147v1","1782992","1783287","JH378120","21671957","21672253","38","19888965"
"KN294147v1","1814768","1815054","JH378111","19524517","19524801","31","17709749"
"KN294147v1","1858347","1858650","JH378111","42284643","42284945","40","40426296"
"KN294147v1","1989545","1989824","JH378281","2119219","2119496","42","129674"
"KN294152v1","38386","38640","JH378106","6367529","6367784","39","6329143"
"KN294158v1","14450","14758","JH378127","19048485","19048788","37","19034035"
"KN294158v1","117637","117926","JH378135","6856506","6856797","34","6738869"
"KN294158v1","269663","269951","JH378144","4377250","4377537","34","4107587"
"KN294158v1","314451","314750","JH378127","18566293","18566586","35","18251842"
"KN294158v1","401890","402179","JH378137","7745755","7746044","37","7343865"
"KN294158v1","409915","410226","JH378140","7338564","7338875","37","6928649"
"KN294158v1","583300","583605","JH378138","5380451","5380753","34","4797151"
"KN294158v1","643421","643719","JH378228","5509057","5509356","28","4865636"
"KN294161v1","61686","61858","JH378135","5246792","5246960","30","5185106"
"KN294161v1","126245","126540","JH378117","24258354","24258650","34","24132109"
"KN294161v1","254748","255057","JH378119","6124403","6124708","38","5869655"
"KN294161v1","318468","318778","JH378112","12377707","12378014","47","12059239"
"KN294161v1","376539","376867","JH378118","32503415","32503740","46","32126876"
"KN294161v1","390934","391241","JH378148","17201496","17201806","38","16810562"
"KN294161v1","395969","396234","JH378114","19830788","19831053","33","19434819"
"KN294161v1","404626","404909","JH378137","8662035","8662316","38","8257409"
"KN294161v1","461239","461489","JH378154","9245265","9245494","45","8784026"
"KN294161v1","462183","462476","JH378106","44399035","44399331","37","43936852"
"KN294161v1","670456","670761","JH378149","3565481","3565785","30","2895025"
"KN294161v1","902562","902739","JH378108","31323486","31323660","29","30420924"
"KN294161v1","920852","921153","JH378207","3169344","3169645","34","2248492"
"KN294161v1","926480","926785","JH378129","10311525","10311828","38","9385045"
"KN294161v1","937516","937811","JH378113","14455819","14456118","30","13518303"
"KN294161v1","1002012","1002319","JH378106","10129130","10129437","35","9127118"
"KN294161v1","1055375","1055602","JH378123","12419622","12419859","62","11364247"
"KN294161v1","1210238","1210534","JH378216","6814492","6814786","42","5604254"
"KN294166v1","147462","147775","JH378125","7708676","7708984","35","7561214"
"KN294167v1","183061","183359","JH378113","6692573","6692881","35","6509512"
"KN294167v1","186538","186796","JH378217","230851","231102","44","44313"
"KN294167v1","201524","201825","JH378110","35718840","35719141","33","35517316"
"KN294167v1","257547","257598","JH378107","49865593","49865646","14","49608046"
"KN294167v1","281428","281725","JH378108","20625679","20625975","38","20344251"
"KN294167v1","284332","284458","JH378153","13895787","13895919","29","13611455"
"KN294167v1","319194","319483","JH378194","2390312","2390602","31","2071118"
"KN294167v1","354490","354805","JH378185","9926703","9927012","38","9572213"
"KN294167v1","398534","398830","JH378111","10296327","10296627","42","9897793"
"KN294167v1","421038","421332","JH378153","12029258","12029552","38","11608220"
"KN294167v1","437863","438163","JH378288","1088673","1088973","35","650810"
"KN294167v1","443049","443355","JH378197","7145768","7146073","35","6702719"
"KN294167v1","482253","482548","JH378115","28712376","28712673","33","28230123"
"KN294167v1","484271","484472","JH378128","3764810","3765009","21","3280539"
"KN294167v1","500001","500232","JH378106","63127227","63127458","33","62627226"
"KN294167v1","512103","512404","JH378105","6199598","6199901","38","5687495"
"KN294167v1","534432","534723","JH378204","2935067","2935361","32","2400635"
"KN294167v1","544961","545239","JH378146","9718543","9718830","38","9173582"
"KN294167v1","555858","556151","JH378173","5370117","5370412","36","4814259"
"KN294167v1","563659","563960","JH378116","11181268","11181574","36","10617609"
"KN294167v1","565438","565734","JH378201","7813523","7813820","41","7248085"
"KN294167v1","577817","578071","JH378119","28597739","28597991","31","28019922"
"KN294167v1","578990","579282","JH378216","53719","54020","45","525271"
"KN294169v1","61042","61092","JH378107","3373557","3373604","14","3312515"
"KN294169v1","77280","77575","JH378139","18955642","18955939","31","18878362"
"KN294169v1","204100","204385","JH378107","6777979","6778263","29","6573879"
"KN294170v1","5186","5493","JH378108","50841323","50841633","43","50836137"
"KN294170v1","7210","7500","JH378109","14635205","14635505","34","14627995"
"KN294170v1","8712","9006","JH378167","7049842","7050119","58","7041130"
"KN294170v1","17661","17973","JH378186","3771716","3772027","41","3754055"
"KN294170v1","52790","53085","JH378199","7593197","7593494","34","7540407"
"KN294170v1","66134","66445","JH378135","1042676","1042987","38","976542"
"KN294170v1","105603","105914","JH378167","5351158","5351469","30","5245555"
"KN294170v1","199998","200273","JH378221","1928467","1928741","38","1728469"
"KN294170v1","200585","200606","JH378149","1403733","1403749","7","1203148"
"KN294170v1","250681","250994","JH378172","9566909","9567221","38","9316228"
"KN294170v1","371000","371298","JH378170","4783494","4783792","50","4412494"
"KN294170v1","438098","438384","JH378139","16259084","16259375","44","15820986"
"KN294170v1","462529","462822","JH378171","6181069","6181379","43","5718540"
"KN294172v1","23313","23393","JH378146","15669724","15669803","12","15646411"
"KN294172v1","103136","103418","JH378134","19139846","19140132","37","19036710"
"KN294172v1","123259","123569","JH378139","18632207","18632516","34","18508948"
"KN294172v1","254403","254704","JH378113","14455819","14456118","38","14201416"
"KN294172v1","270346","270651","JH378141","11866240","11866547","35","11595894"
"KN294172v1","445104","445400","JH378105","51661095","51661389","35","51215991"
"KN294172v1","447641","447943","JH378149","13456174","13456477","35","13008533"
"KN294172v1","449878","450184","JH378170","4783494","4783792","40","4333616"
"KN294172v1","465911","466208","JH378220","2784017","2784313","34","2318106"
"KN294172v1","473885","474191","JH378355","264810","265118","29","209075"
"KN294172v1","486543","486642","JH378327","684777","684875","21","198234"
"KN294172v1","486735","487027","JH378173","2364985","2365279","45","1878250"
"KN294172v1","503629","503921","JH378163","13372336","13372629","33","12868707"
"KN294172v1","526645","526942","JH378109","49263876","49264175","43","48737231"
"KN294172v1","534640","534936","JH378151","3515305","3515602","35","2980665"
"KN294172v1","592891","593192","JH378107","5031906","5032210","44","4439015"
"KN294172v1","634290","634435","JH378177","3700960","3701106","22","3066670"
"KN294172v1","636221","636535","JH378141","11866240","11866547","43","11230019"
"KN294172v1","736249","736542","JH378206","4776878","4777171","42","4040629"
"KN294172v1","786082","786390","JH378235","3053133","3053438","35","2267051"
"KN294172v1","786496","786796","JH378125","15156999","15157299","32","14370503"
"KN294172v1","821083","821392","JH378124","11115297","11115604","32","10294214"
"KN294172v1","825902","826207","JH378119","6124403","6124708","34","5298501"
"KN294172v1","841174","841197","JH378222","6581835","6581856","8","5740661"
"KN294172v1","841235","841471","JH378176","5671270","5671515","40","4830035"
"KN294172v1","912924","913200","JH378111","19524517","19524801","41","18611593"
"KN294172v1","1016278","1016537","JH378152","16208515","16208770","38","15192237"
"KN294172v1","1019649","1019950","JH378106","70986080","70986388","37","69966431"
"KN294172v1","1036673","1036977","JH378228","5419153","5419462","45","4382480"
"KN294172v1","1069575","1069883","JH378153","13313825","13314130","39","12244250"
"KN294172v1","1175893","1176189","JH378124","15258437","15258737","38","14082544"
"KN294172v1","1304268","1304549","JH378106","14208005","14208299","52","12903737"
"KN294172v1","1385082","1385390","JH378159","5493568","5493869","40","4108486"
"KN294172v1","1424756","1425038","JH378144","7596090","7596371","41","6171334"
"KN294172v1","1429413","1429711","JH378212","2149089","2149386","32","719676"
"KN294172v1","1439260","1439560","JH378137","17138846","17139141","39","15699586"
"KN294172v1","1458891","1459195","JH378216","3712123","3712429","38","2253232"
"KN294172v1","1484625","1484899","JH378235","4473329","4473603","38","2988704"
"KN294172v1","1547535","1547746","JH378137","15929211","15929430","46","14381676"
"KN294172v1","1558036","1558341","JH378124","15582898","15583197","36","14024862"
"KN294172v1","1562111","1562404","JH378166","7314454","7314747","33","5752343"
"KN294172v1","1581812","1582124","JH378197","7145768","7146073","38","5563956"
"KN294172v1","1605655","1605958","JH378115","28712376","28712673","28","27106721"
"KN294172v1","1652876","1653175","JH378207","3169344","3169645","28","1516468"
"KN294172v1","1656120","1656404","JH378111","19524517","19524801","34","17868397"
"KN294172v1","1669489","1669786","JH378228","5509057","5509356","23","3839568"
"KN294172v1","1693018","1693327","JH378256","1646089","1646394","28","46929"
"KN294172v1","1716801","1717078","JH378110","40503050","40503329","43","38786249"
"KN294172v1","1733524","1733825","JH378123","48357","48656","39","1685167"
"KN294172v1","1758833","1759030","AGCE01150289","1213","1405","33","1757620"
"KN294172v1","1759244","1759379","JH378123","86614","86749","18","1672630"
"KN294172v1","1768810","1769088","JH378238","696451","696731","29","1072359"
"KN294172v1","1782207","1782519","JH378176","8157064","8157374","39","6374857"
"KN294172v1","1789536","1789827","JH378106","1596997","1597295","36","192539"
"KN294172v1","1811728","1811993","JH378151","7414817","7415082","34","5603089"
"KN294172v1","1812335","1812489","JH378112","12521541","12521691","23","10709206"
"KN294172v1","1832708","1833004","JH378139","15235758","15236059","32","13403050"
"KN294172v1","1938208","1938506","JH378199","7593197","7593494","39","5654989"
"KN294172v1","1940081","1940331","JH378232","3707999","3708249","34","1767918"
"KN294172v1","1948265","1948572","JH378129","992657","992958","39","955608"
"KN294172v1","1960771","1960921","JH378182","1258842","1258997","28","701929"
"KN294172v1","1961041","1961350","JH378114","12126932","12127241","42","10165891"
"KN294172v1","1997646","1997945","JH378252","3252636","3252937","50","1254990"
"KN294172v1","2020502","2020805","JH378111","42112707","42113007","34","40092205"
"KN294172v1","2088878","2089168","JH378145","55618","55906","33","2033260"
"KN294172v1","2098023","2098334","JH378112","33214699","33215012","32","31116676"
"KN294172v1","2126296","2126606","JH378175","7061237","7061546","35","4934941"
"KN294172v1","2161536","2161840","JH378255","1560098","1560402","30","601438"
"KN294172v1","2183414","2183611","JH378184","9694135","9694330","28","7510721"
"KN294172v1","2200994","2201284","JH378122","7536361","7536659","46","5335367"
"KN294172v1","2202348","2202651","JH378126","23919556","23919859","34","21717208"
"KN294172v1","2205854","2206159","JH378197","1499696","1500000","37","706158"
"KN294172v1","2210062","2210223","JH378107","35393480","35393644","20","33183418"
"KN294172v1","2266699","2266994","JH378173","5370117","5370412","40","3103418"
"KN294172v1","2266997","2267311","JH378115","25041145","25041450","34","22774148"
"KN294172v1","2287262","2287558","JH378125","19027324","19027621","45","16740062"
"KN294172v1","2293587","2293892","JH378119","6124403","6124708","30","3830816"
"KN294172v1","2314987","2315296","JH378250","835187","835498","32","1479800"
"KN294172v1","2318623","2318933","JH378225","6457829","6458137","36","4139206"
"KN294172v1","2325657","2325972","JH378111","20603266","20603567","44","18277609"
"KN294172v1","2342653","2342953","JH378110","29407125","29407428","38","27064472"
"KN294172v1","2365391","2365691","JH378125","16439402","16439702","41","14074011"
"KN294172v1","2382434","2382742","JH378167","5351158","5351469","31","2968724"
"KN294172v1","2415907","2416210","JH378115","28712376","28712673","38","26296469"
"KN294172v1","2425130","2425440","JH378166","9829459","9829758","46","7404329"
"KN294172v1","2431136","2431440","JH378221","1422660","1422963","36","1008476"
"KN294172v1","2441149","2441430","JH378110","35445538","35445820","33","33004389"
"KN294172v1","2458453","2458618","JH378243","3795285","3795447","26","1336832"
"KN294172v1","2596141","2596451","JH378189","6374622","6374933","39","3778481"
"KN294172v1","2619441","2619730","JH378206","895500","895790","37","1723941"
"KN294172v1","2728448","2728744","JH378176","9743171","9743468","30","7014723"
"KN294172v1","2760134","2760427","JH378184","4776481","4776779","42","2016347"
"KN294172v1","2783764","2783907","JH378400","27183","27334","24","2756581"
"KN294172v1","2784575","2784847","JH378252","3797717","3797993","45","1013142"
"KN294172v1","2795448","2795706","JH378149","2836824","2837076","36","41376"
"KN294172v1","2870799","2871105","JH378216","6474633","6474943","37","3603834"
"KN294172v1","2892062","2892333","JH378279","102782","103056","41","2789280"
"KN294172v1","2965902","2966210","JH378142","12979191","12979481","42","10013289"
"KN294172v1","3000731","3001030","JH378184","115740","116043","34","2884991"
"KN294172v1","3016372","3016646","JH378134","16278207","16278478","38","13261835"
"KN294172v1","3242561","3242860","JH378157","13574679","13574975","35","10332118"
"KN294172v1","3243775","3244087","JH378149","1546042","1546349","49","1697733"
"KN294172v1","3246339","3246641","JH378114","259789","260088","36","2986550"
"KN294172v1","3260138","3260435","JH378228","5509057","5509356","34","2248919"
"KN294172v1","3260439","3260569","JH378249","3726059","3726189","15","465620"
"KN294172v1","3291746","3292041","JH378111","20603266","20603567","38","17311520"
"KN294172v1","3343435","3343596","JH378149","17151869","17152029","23","13808434"
"KN294172v1","3357627","3357834","JH378183","3443354","3443567","32","85727"
"KN294172v1","3371784","3372086","JH378115","25570507","25570808","38","22198723"
"KN294172v1","3387176","3387456","JH378134","16278207","16278478","40","12891031"
"KN294172v1","3438684","3438969","JH378153","7392982","7393269","32","3954298"
"KN294172v1","3460321","3460618","JH378157","11471065","11471359","38","8010744"
"KN294172v1","3578385","3578694","JH378118","16720416","16720725","36","13142031"
"KN294172v1","3643338","3643636","JH378127","20599184","20599483","43","16955846"
"KN294172v1","3649909","3650162","JH378149","1321922","1322177","32","2327987"
"KN294172v1","3663094","3663387","JH378207","3169344","3169645","39","493750"
"KN294172v1","3666424","3666712","JH378153","7392982","7393269","34","3726558"
"KN294172v1","3674181","3674464","JH378141","12410737","12411017","39","8736556"
"KN294172v1","3704971","3705148","JH378142","2923864","2924040","24","781107"
"KN294172v1","3711401","3711698","JH378234","3485864","3486157","41","225537"
"KN294172v1","3798764","3799048","JH378148","14010669","14010956","30","10211905"
"KN294172v1","3839666","3839974","JH378116","11181268","11181574","53","7341602"
"KN294172v1","3845224","3845525","JH378252","2258209","2258513","47","1587015"
"KN294172v1","3891427","3891729","JH378320","58622","58932","43","3832805"
"KN294172v1","3892227","3892384","JH378105","36101051","36101213","33","32208824"
"KN294172v1","3927558","3927864","JH378149","2213704","2214010","32","1713854"
"KN294172v1","3935575","3935844","JH378276","837127","837400","44","3098448"
"KN294172v1","3942132","3942432","JH378115","28712376","28712673","47","24770244"
"KN294172v1","3947184","3947478","JH378211","2223546","2223840","46","1723638"
"KN294172v1","3947603","3947884","JH378241","315032","315313","42","3632571"
"KN294172v1","3954292","3954460","JH378135","5000133","5000302","19","1045841"
"KN294172v1","3954765","3954895","JH378153","2127454","2127589","19","1827311"
"KN294172v1","3982002","3982316","JH378137","4012884","4013190","39","30882"
"KN294172v1","3991141","3991405","JH378197","5244832","5245109","34","1253691"
"KN294172v1","4003523","4003822","JH378116","28869529","28869826","37","24866006"
"KN294172v1","4020855","4021153","JH378122","10686670","10686967","33","6665815"
"KN294172v1","4034528","4034825","JH378220","2784017","2784313","35","1250511"
"KN294172v1","4053015","4053291","JH378118","19174017","19174293","43","15121002"
"KN294172v1","4107255","4107566","JH378225","6457829","6458137","38","2350574"
"KN294172v1","4121914","4122212","JH378118","1390919","1391217","37","2730995"
"KN294172v1","4146181","4146481","JH378116","28869529","28869826","33","24723348"
"KN294172v1","4202581","4202884","JH378126","21026752","21027059","37","16824171"
"KN294172v1","4211758","4212065","JH378171","5340113","5340423","33","1128355"
"KN294172v1","4218398","4218707","JH378112","33214699","33215012","36","28996301"
"KN294172v1","4266022","4266297","JH378105","36059082","36059351","41","31793060"
"KN294172v1","4266339","4266634","JH378116","21362676","21362970","41","17096337"
"KN294172v1","4269680","4269985","JH378126","21026752","21027059","38","16757072"
"KN294172v1","4285585","4285884","JH378127","130762","131063","44","4154823"
"KN294172v1","4292719","4293016","JH378199","4482107","4482408","37","189388"
"KN294172v1","4297218","4297375","JH378164","9341233","9341390","19","5044015"
"KN294172v1","4307482","4307771","JH378124","15582898","15583197","41","11275416"
"KN294172v1","4316639","4316959","JH378114","17527220","17527528","62","13210581"
"KN294172v1","4329673","4329973","JH378173","4155896","4156193","35","173777"
"KN294172v1","4337265","4337561","JH378149","1427296","1427590","36","2909969"
"KN294172v1","4348703","4348996","JH378255","3176048","3176340","37","1172655"
"KN294172v1","4355807","4356106","JH378213","6787569","6787866","42","2431762"
"KN294172v1","4377852","4378146","JH378162","5802153","5802447","32","1424301"
"KN294172v1","4381092","4381384","JH378124","23710197","23710477","45","19329105"
"KN294172v1","4384762","4385075","JH378264","2773729","2774039","36","1611033"
"KN294172v1","4391858","4392127","JH378167","9534568","9534835","39","5142710"
"KN294172v1","4412013","4412313","JH378194","2929210","2929510","40","1482803"
"KN294172v1","4412774","4413070","JH378115","25570507","25570808","52","21157733"
"KN294172v1","4436847","4437153","JH378193","5034246","5034548","40","597399"
"KN294172v1","4446324","4446620","JH378122","7899624","7899919","31","3453300"
"KN294172v1","4459025","4459319","JH378114","7122925","7123229","40","2663900"
"KN294172v1","4485033","4485334","JH378107","7568037","7568336","38","3083004"
"KN294172v1","4485338","4485469","JH378134","17076939","17077071","13","12591601"
"KN294172v1","4487119","4487421","JH378153","3414728","3415029","35","1072391"
"KN294172v1","4493546","4493845","JH378320","58322","58618","31","4435224"
"KN294172v1","4535373","4535675","JH378149","3565481","3565785","34","969892"
"KN294172v1","4551079","4551390","JH378120","16578880","16579191","38","12027801"
"KN294172v1","4567248","4567451","JH378125","5641148","5641327","37","1073900"
"KN294172v1","4568941","4569275","JH378115","4392826","4393140","48","176115"
"KN294172v1","4576192","4576506","JH378126","21026752","21027059","38","16450560"
"KN294172v1","4576629","4576934","JH378107","7568037","7568336","39","2991408"
"KN294172v1","4592497","4592722","JH378166","12690881","12691106","27","8098384"
"KN294172v1","4595547","4595840","JH378116","28171410","28171706","37","23575863"
"KN294172v1","4598897","4599207","JH378148","7441619","7441929","38","2842722"
"KN294172v1","4640666","4640940","JH378176","2398991","2399260","39","2241675"
"KN294172v1","4682975","4683258","JH378120","24608971","24609252","37","19925996"
"KN294172v1","4710806","4711112","JH378114","17527220","17527528","41","12816414"
"KN294172v1","4767341","4767647","JH378197","7145768","7146073","39","2378427"
"KN294172v1","4782566","4782856","JH378139","16259084","16259375","34","11476518"
"KN294172v1","4795973","4796266","JH378121","29566176","29566469","37","24770203"
"KN294172v1","4827499","4827807","JH378216","6474633","6474943","30","1647134"
"KN294172v1","4859915","4860217","JH378288","1088673","1088973","38","3771242"
"KN294172v1","4946110","4946403","JH378137","11398263","11398561","38","6452153"
"KN294172v1","4964593","4964886","JH378111","20547618","20547911","34","15583025"
"KN294172v1","5015555","5015843","JH378116","24890259","24890547","35","19874704"
"KN294172v1","5018779","5019097","JH378115","31115075","31115394","33","26096296"
"KN294172v1","5019129","5019434","JH378211","2356763","2357069","40","2662366"
"KN294172v1","5028859","5029172","JH378112","14548306","14548618","66","9519447"
"KN294172v1","5050423","5050727","JH378111","11962960","11963262","34","6912537"
"KN294172v1","5051134","5051461","JH378121","16380436","16380774","49","11329302"
"KN294172v1","5067488","5067781","JH378116","24890259","24890547","41","19822771"
"KN294172v1","5071989","5072255","JH378174","4130472","4130753","50","941517"
"KN294172v1","5072484","5072767","JH378177","6664715","6664994","32","1592231"
"KN294172v1","5077611","5077920","JH378126","21026752","21027059","40","15949141"
"KN294172v1","5083814","5084125","JH378151","4318339","4318636","42","765475"
"KN294172v1","5085005","5085303","JH378205","5080625","5080919","32","4380"
"KN294172v1","5099112","5099247","JH378213","515831","515961","22","4583281"
"KN294172v1","5114324","5114599","JH378176","1295936","1296216","41","3818388"
"KN294172v1","5154347","5154657","JH378197","7145768","7146073","47","1991421"
"KN294172v1","5163478","5163784","JH378152","15994237","15994545","34","10830759"
"KN294172v1","5200908","5201205","JH378124","15582898","15583197","30","10381990"
"KN294172v1","5203349","5203648","JH378139","18955642","18955939","35","13752293"
"KN294172v1","5217581","5217715","JH378113","6264142","6264279","21","1046561"
"KN294172v1","5223132","5223423","JH378161","12412880","12413167","35","7189748"
"KN294172v1","5229499","5229799","JH378112","32239035","32239334","36","27009536"
"KN294172v1","5235754","5235957","JH378107","47366688","47366883","35","42130934"
"KN294172v1","5236247","5236391","JH378184","5372802","5372943","30","136555"
"KN294172v1","5252980","5253274","JH378157","9676550","9676840","41","4423570"
"KN294172v1","5254921","5255216","JH378234","804070","804364","32","4450851"
"KN294172v1","5266373","5266456","JH378128","11506241","11506323","12","6239868"
"KN294172v1","5268987","5269285","JH378235","4514528","4514824","30","754459"
"KN294172v1","5269365","5269670","JH378211","2356763","2357069","30","2912602"
"KN294172v1","5276813","5276890","JH378112","8034581","8034656","9","2757768"
"KN294172v1","5288126","5288379","JH378164","6445032","6445284","31","1156906"
"KN294172v1","5306164","5306455","JH378173","3726868","3727155","37","1579296"
"KN294172v1","5307526","5307835","JH378170","4783494","4783792","53","524032"
"KN294172v1","5308613","5308906","JH378105","2418683","2418975","39","2889930"
"KN294172v1","5324074","5324369","JH378123","48357","48656","29","5275717"
"KN294172v1","5327056","5327309","JH378140","6565539","6565787","40","1238483"
"KN294172v1","5339561","5339871","JH378197","7145768","7146073","36","1806207"
"KN294172v1","5341077","5341377","JH378126","21026752","21027059","41","15685675"
"KN294172v1","5342538","5342829","JH378151","8381511","8381803","38","3038973"
"KN294172v1","5351871","5352177","JH378159","5493568","5493869","34","141697"
"KN294172v1","5353891","5354182","JH378121","29566176","29566469","37","24212285"
"KN294172v1","5357006","5357314","JH378106","22448319","22448625","39","17091313"
"KN294172v1","5358134","5358442","JH378106","22448319","22448625","39","17090185"
"KN294172v1","5359160","5359468","JH378106","22448319","22448625","39","17089159"
"KN294172v1","5364886","5364951","JH378107","39061581","39061641","18","33696695"
"KN294172v1","5366283","5366594","JH378320","58622","58932","46","5307661"
"KN294172v1","5371578","5371876","JH378107","7568037","7568336","43","2196459"
"KN294172v1","5381604","5381821","JH378156","15968010","15968238","47","10586406"
"KN294172v1","5381856","5381976","JH378136","14520855","14520973","16","9138999"
"KN294172v1","5381977","5382032","JH378118","7486179","7486232","14","2104202"
"KN294172v1","5382017","5382074","JH378118","7486179","7486232","12","2104162"
"KN294172v1","5382059","5382116","JH378118","7486179","7486232","12","2104120"
"KN294172v1","5382101","5382158","JH378118","7486179","7486232","12","2104078"
"KN294172v1","5382143","5382184","JH378127","26245756","26245788","14","20863613"
"KN294172v1","5393633","5393940","JH378135","831110","831418","43","4562523"
"KN294172v1","5402757","5403045","JH378207","7640792","7641076","31","2238035"
"KN294172v1","5404976","5405284","JH378137","4012884","4013190","35","1392092"
"KN294172v1","5409293","5409526","JH378118","36980824","36981068","55","31571531"
"KN294172v1","5435854","5436115","JH378118","27357527","27357790","39","21921673"
"KN294172v1","5437940","5438239","JH378111","42112707","42113007","34","36674767"
"KN294172v1","5442589","5442877","JH378293","1241291","1241582","38","4201298"
"KN294172v1","5460325","5460594","JH378157","7250539","7250813","41","1790214"
"KN294172v1","5461168","5461502","JH378118","33600547","33600879","54","28139379"
"KN294172v1","5502451","5502746","JH378216","3074446","3074739","38","2428005"
"KN294172v1","5558107","5558384","JH378216","3929753","3930050","43","1628354"
"KN294172v1","5558821","5559034","JH378232","420548","420740","52","5138273"
"KN294172v1","5560043","5560340","JH378228","5509057","5509356","38","50986"
"KN294172v1","5566124","5566349","JH378148","1689344","1689563","34","3876780"
"KN294172v1","5568968","5569245","JH378115","32601017","32601297","45","27032049"
"KN294172v1","5569593","5569905","JH378110","19934311","19934616","46","14364718"
"KN294172v1","5570503","5570780","JH378255","2945901","2946173","40","2624602"
"KN294172v1","5570912","5571220","JH378108","20305161","20305471","36","14734249"
"KN294172v1","5581409","5581675","JH378193","3248833","3249099","44","2332576"
"KN294172v1","5592544","5592849","JH378119","17145949","17146255","40","11553405"
"KN294172v1","5595461","5595621","JH378112","15061032","15061189","23","9465571"
"KN294172v1","5595924","5596059","JH378249","1026561","1026698","16","4569363"
"KN294172v1","5600616","5600883","JH378128","2265599","2265864","55","3335017"
"KN294172v1","5603873","5604052","JH378220","6470411","6470593","28","866538"
"KN294172v1","5604373","5604496","JH378139","19327094","19327222","21","13722721"
"KN294172v1","5609147","5609445","JH378151","4318339","4318636","31","1290808"
"KN294172v1","5615945","5616244","JH378228","5509057","5509356","32","106888"
"KN294172v1","5620704","5621016","JH378152","11654622","11654934","28","6033918"
"KN294172v1","5637137","5637433","JH378123","48357","48656","45","5588780"
"KN294172v1","5638087","5638374","JH378171","1296326","1296622","54","4341761"
"KN294172v1","5638932","5639244","JH378292","2579010","2579319","39","3059922"
"KN294172v1","5640066","5640374","JH378115","25570507","25570808","33","19930441"
"KN294172v1","5656678","5656995","JH378193","5158553","5158843","60","498125"
"KN294172v1","5658093","5658379","JH378125","5544940","5545235","36","113153"
"KN294172v1","5671251","5671352","JH378110","29778448","29778551","20","24107197"
"KN294172v1","5674049","5674342","JH378159","837474","837769","37","4836575"
"KN294172v1","5674369","5674666","JH378115","4382023","4382316","44","1292346"
"KN294172v1","5679051","5679228","JH378207","7045700","7045876","18","1366649"
"KN294172v1","5695025","5695317","JH378127","22219085","22219383","32","16524060"
"KN294172v1","5696269","5696524","JH378173","6043976","6044232","40","347707"
"KN294172v1","5715038","5715326","JH378141","18104473","18104759","32","12389435"
"KN294172v1","5722941","5723234","JH378228","5509057","5509356","29","213884"
"KN294172v1","5723954","5724255","JH378126","21026752","21027059","44","15302798"
"KN294172v1","5730124","5730420","JH378260","1370649","1370946","40","4359475"
"KN294172v1","5767767","5768073","JH378123","491683","491985","37","5276084"
"KN294172v1","5772395","5772694","JH378291","2435267","2435568","35","3337128"
"KN294172v1","5775797","5776089","JH378220","2537784","2538076","35","3238013"
"KN294172v1","5793910","5794209","JH378133","2770929","2771228","40","3022981"
"KN294172v1","5831934","5832230","JH378194","8675222","8675517","35","2843288"
"KN294172v1","5832815","5833109","JH378113","14455819","14456118","38","8623004"
"KN294172v1","5833519","5833823","JH378185","2174597","2174903","44","3658922"
"KN294172v1","5848486","5848787","JH378138","5380451","5380753","35","468035"
"KN294172v1","5863907","5864131","JH378225","6584859","6585056","55","720952"
"KN294172v1","5866218","5866324","JH378151","4757254","4757361","12","1108964"
"KN294172v1","5872677","5872991","JH378131","10655501","10655807","43","4782824"
"KN294172v1","5884717","5884948","JH378109","13255134","13255363","33","7370417"
"KN294172v1","5890711","5891009","JH378151","8381511","8381803","30","2490800"
"KN294172v1","5900801","5901004","JH378106","15258524","15258723","32","9357723"
"KN294172v1","5918072","5918369","JH378116","24828904","24829200","35","18910832"
"KN294172v1","5934806","5935101","JH378291","1333564","1333860","43","4601242"
"KN294172v1","5951368","5951612","JH378136","6731743","6731996","44","780375"
"KN294172v1","5955128","5955258","JH378307","234380","234508","17","5720748"
"KN294172v1","5955322","5955536","JH378205","5570290","5570515","39","385032"
"KN294172v1","5982390","5982702","JH378206","5713985","5714297","38","268405"
"KN294172v1","5991055","5991354","JH378281","2963422","2963719","37","3027633"
"KN294172v1","5992925","5993041","JH378128","1736109","1736225","16","4256816"
"KN294172v1","6006511","6006803","JH378163","13372336","13372629","37","7365825"
"KN294172v1","6007862","6008171","JH378119","6124403","6124708","49","116541"
"KN294172v1","6013276","6013594","JH378120","16327645","16327955","49","10314369"
"KN294172v1","6014309","6014559","JH378113","17557083","17557335","38","11542774"
"KN294172v1","6016427","6016505","JH378122","11115952","11116032","11","5099525"
"KN294172v1","6020006","6020291","JH378140","18657229","18657520","57","12637223"
"KN294172v1","6020536","6020758","JH378220","3501262","3501471","47","2519274"
"KN294172v1","6027268","6027579","JH378107","32189786","32190091","37","26162518"
"KN294172v1","6029569","6029885","JH378245","2888977","2889288","47","3140592"
"KN294172v1","6045950","6046247","JH378113","11419757","11420052","35","5373807"
"KN294172v1","6048433","6048727","JH378139","16259084","16259375","40","10210651"
"KN294172v1","6059174","6059478","JH378213","5393305","5393609","35","665869"
"KN294172v1","6065926","6066221","JH378172","3560988","3561286","32","2504938"
"KN294172v1","6066764","6067076","JH378165","5178810","5179119","39","887954"
"KN294172v1","6070407","6070541","JH378153","2127454","2127589","21","3942953"
"KN294172v1","6072381","6072692","JH378106","1533545","1533849","39","4538836"
"KN294172v1","6099513","6099803","JH378137","7745755","7746044","36","1646242"
"KN294172v1","6105197","6105354","JH378151","9876229","9876382","23","3771032"
"KN294172v1","6127659","6127789","JH378134","11872818","11872946","15","5745159"
"KN294172v1","6134160","6134452","JH378240","1304080","1304368","33","4830080"
"KN294172v1","6147940","6148240","JH378126","21026752","21027059","32","14878812"
"KN294172v1","6155075","6155384","JH378112","36490375","36490686","43","30335300"
"KN294172v1","6165936","6166241","JH378151","8381511","8381803","43","2215575"
"KN294172v1","6173373","6173682","JH378125","7338401","7338712","45","1165028"
"KN294172v1","6173758","6174042","JH378132","7601085","7601367","40","1427327"
"KN294172v1","6182530","6182828","JH378149","2816535","2816840","54","3365995"
"KN294172v1","6190504","6190806","JH378157","1008995","1009298","39","5181509"
"KN294172v1","6201925","6202233","JH378288","1088673","1088973","34","5113252"
"KN294172v1","6202819","6202953","JH378137","16178972","16179100","16","9976153"
"KN294172v1","6203245","6203388","JH378132","18321139","18321287","23","12117894"
"KN294172v1","6218822","6219118","JH378130","14313103","14313397","48","8094281"
"KN294172v1","6225094","6225380","JH378109","14372976","14373265","35","8147882"
"KN294172v1","6235243","6235557","JH378225","426011","426317","62","5809232"
"KN294172v1","6253603","6253896","JH378106","66152627","66152921","33","59899024"
"KN294172v1","6265563","6265847","JH378194","2390312","2390602","31","3875251"
"KN294172v1","6284590","6284863","JH378149","5138581","5138857","31","1146009"
"KN294172v1","6310299","6310601","JH378255","1560098","1560402","30","4750201"
"KN294172v1","6316570","6316859","JH378144","5748370","5748662","42","568200"
"KN294172v1","6325954","6326258","JH378116","34449882","34450188","37","28123928"
"KN294172v1","6345642","6345953","JH378239","3940828","3941139","39","2404814"
"KN294172v1","6347703","6348014","JH378115","18743471","18743779","48","12395768"
"KN294172v1","6354764","6355066","JH378114","37036188","37036491","31","30681424"
"KN294172v1","6368275","6368585","JH378111","8162796","8163099","37","1794521"
"KN294172v1","6390834","6391146","JH378167","5351158","5351469","36","1039676"
"KN294172v1","6399988","6400290","JH378255","1560098","1560402","37","4839890"
"KN294172v1","6422999","6423303","JH378115","34859185","34859494","47","28436186"
"KN294172v1","6443962","6444337","JH378245","3904253","3904620","79","2539709"
"KN294172v1","6449072","6449365","JH378207","3230665","3230964","42","3218407"
"KN294172v1","6465667","6465964","JH378139","18955642","18955939","38","12489975"
"KN294172v1","6465965","6466262","JH378113","5430335","5430626","59","1035630"
"KN294172v1","6481562","6481860","JH378153","6959025","6959323","35","477463"
"KN294172v1","6489019","6489313","JH378144","7235841","7236134","33","746822"
"KN294172v1","6512151","6512454","JH378190","8276191","8276493","34","1764040"
"KN294172v1","6533003","6533305","JH378138","5380451","5380753","29","1152552"
"KN294172v1","6668886","6669176","JH378151","8381511","8381803","39","1712625"
"KN294172v1","6699562","6699852","JH378151","8652626","8652916","32","1953064"
"KN294172v1","6714918","6715243","JH378269","1820649","1820970","46","4894269"
"KN294172v1","6762205","6762517","JH378248","1998206","1998508","46","4763999"
"KN294172v1","6817333","6817630","JH378115","28712376","28712673","33","21895043"
"KN294172v1","6897255","6897561","JH378116","22943305","22943613","38","16046050"
"KN294172v1","6904981","6905288","JH378206","4086994","4087300","40","2817987"
"KN294172v1","6911378","6911553","AGCE01149740","1081","1246","30","6910297"
"KN294172v1","6924036","6924321","JH378114","20276504","20276786","39","13352468"
"KN294172v1","6985111","6985429","JH378108","3099967","3100286","55","3885144"
"KN294172v1","6989751","6990044","JH378120","31441634","31441934","52","24451883"
"KN294172v1","6999108","6999374","JH378115","14283522","14283794","35","7284414"
"KN294172v1","7068839","7069105","JH378201","7238560","7238822","31","169721"
"KN294174v1","49277","49548","JH378110","40103212","40103489","54","40053935"
"KN294174v1","142781","143088","JH378235","1381290","1381589","38","1238509"
"KN294174v1","208252","208534","JH378142","17330580","17330867","50","17122328"
"KN294174v1","258175","258252","JH378111","41521749","41521825","11","41263574"
"KN294174v1","299769","299974","JH378235","5655329","5655537","30","5355560"
"KN294174v1","374293","374581","JH378293","1715995","1716289","47","1341702"
"KN294174v1","440289","440568","JH378290","1732783","1733062","55","1292494"
"KN294174v1","486309","486616","JH378206","6984481","6984785","43","6498172"
"KN294174v1","614300","614506","JH378127","8625267","8625477","37","8010967"
"KN294175v1","5306","5492","JH378106","68950565","68950746","22","68945259"
"KN294175v1","7424","7602","JH378106","45012242","45012416","32","45004818"
"KN294175v1","7909","8054","JH378115","35004133","35004278","23","34996224"
"KN294175v1","9917","10228","JH378106","60843849","60844159","30","60833932"
"KN294175v1","45483","45773","JH378161","13625172","13625470","45","13579689"
"KN294175v1","46472","46667","JH378105","59528195","59528393","23","59481723"
"KN294175v1","68685","68991","JH378148","15796597","15796901","30","15727912"
"KN294175v1","76453","76764","JH378137","418029","418333","40","341576"
"KN294175v1","166363","166539","JH378207","7045700","7045876","17","6879337"
"KN294175v1","166854","166989","JH378218","3752894","3753026","16","3586040"
"KN294175v1","195571","195884","JH378112","33214699","33215012","45","33019128"
"KN294175v1","249792","250107","JH378148","12255931","12256243","41","12006139"
"KN294176v1","84328","84623","JH378236","733320","733615","35","648992"
"KN294176v1","237796","238105","JH378159","5493568","5493869","36","5255772"
"KN294176v1","261799","262047","JH378123","12419622","12419859","37","12157823"
"KN294176v1","313264","313575","JH378126","21026752","21027059","36","20713488"
"KN294176v1","405102","405403","JH378124","15582898","15583197","39","15177796"
"KN294178v1","23262","23561","JH378110","3935099","3935396","42","3911837"
"KN294178v1","82246","82553","JH378199","4983750","4984049","53","4901504"
"KN294181v1","1","168","JH378161","8616597","8616766","17","8616596"
"KN294181v1","117664","117961","JH378116","28869529","28869826","34","28751865"
"KN294181v1","403736","403907","JH378151","1390656","1390826","21","986920"
"KN294181v1","407552","407635","JH378156","4430706","4430788","12","4023154"
"KN294181v1","419272","419567","JH378246","2154157","2154450","47","1734885"
"KN294181v1","460365","460659","JH378272","801428","801724","39","341063"
"KN294181v1","487088","487379","JH378114","19612959","19613251","46","19125871"
"KN294181v1","519179","519471","JH378216","7124506","7124797","33","6605327"
"KN294181v1","552199","552375","JH378125","15171954","15172125","22","14619755"
"KN294181v1","552897","553184","JH378151","8381511","8381803","38","7828614"
"KN294181v1","639436","639747","JH378119","21520974","21521287","35","20881538"
"KN294181v1","668512","668800","JH378106","3052818","3053105","33","2384306"
"KN294181v1","687915","688206","JH378188","9146583","9146872","42","8458668"
"KN294181v1","752035","752323","JH378109","7840405","7840695","29","7088370"
"KN294181v1","756265","756413","JH378317","291040","291189","19","465225"
"KN294181v1","764029","764325","JH378198","6294233","6294526","34","5530204"
"KN294181v1","797213","797513","JH378125","19027324","19027621","32","18230111"
"KN294181v1","799094","799395","JH378288","1088673","1088973","25","289579"
"KN294181v1","804654","804960","JH378140","5745706","5746010","27","4941052"
"KN294181v1","805325","805598","JH378114","30322448","30322720","43","29517123"
"KN294181v1","812584","812719","JH378166","635103","635235","20","177481"
"KN294181v1","813027","813199","JH378113","32219902","32220070","20","31406875"
"KN294181v1","825880","826181","JH378143","7408382","7408687","39","6582502"
"KN294181v1","835364","835653","JH378229","2791774","2792064","44","1956410"
"KN294181v1","846615","846913","JH378115","28712376","28712673","24","27865761"
"KN294181v1","868140","868426","JH378352","273218","273511","46","594922"
"KN294181v1","904626","904871","JH378149","2836824","2837076","38","1932198"
"KN294181v1","906892","907188","JH378119","27131086","27131381","37","26224194"
"KN294181v1","1060031","1060208","JH378125","5641148","5641327","26","4581117"
"KN294181v1","1167556","1167846","JH378288","2257077","2257368","36","1089521"
"KN294181v1","1247076","1247354","JH378119","22503503","22503772","36","21256427"
"KN294181v1","1298815","1299127","JH378140","7338564","7338875","29","6039749"
"KN294181v1","1427558","1427689","JH378255","2813216","2813348","16","1385658"
"KN294181v1","1435265","1435553","JH378113","7407154","7407441","35","5971889"
"KN294181v1","1444584","1444885","JH378271","1329150","1329448","35","115434"
"KN294181v1","1458642","1458942","JH378170","4783494","4783792","31","3324852"
"KN294181v1","1464121","1464422","JH378119","6124403","6124708","43","4660282"
"KN294181v1","1465024","1465321","JH378220","2784017","2784313","34","1318993"
"KN294181v1","1479113","1479423","JH378220","2434689","2435000","41","955576"
"KN294181v1","1494408","1494689","JH378149","11180138","11180421","42","9685730"
"KN294181v1","1506224","1506535","JH378193","9256338","9256648","45","7750114"
"KN294181v1","1511516","1511827","JH378165","5178810","5179119","53","3667294"
"KN294181v1","1516232","1516475","JH378157","8105190","8105437","37","6588958"
"KN294181v1","1516943","1517250","JH378114","17527220","17527528","35","16010277"
"KN294181v1","1548882","1549139","JH378167","5904473","5904736","32","4355591"
"KN294181v1","1552187","1552485","JH378150","12598768","12599068","43","11046581"
"KN294181v1","1559396","1559681","JH378115","36370112","36370396","36","34810716"
"KN294181v1","1561335","1561636","JH378106","70986080","70986388","37","69424745"
"KN294181v1","1565681","1565978","JH378125","19027324","19027621","38","17461643"
"KN294181v1","1671933","1672216","JH378213","6719866","6720154","34","5047933"
"KN294181v1","1676297","1676602","JH378204","2935067","2935361","37","1258770"
"KN294181v1","1682561","1682873","JH378113","3185389","3185700","33","1502828"
"KN294181v1","1699878","1700155","JH378106","26726677","26726975","63","25026799"
"KN294181v1","1722505","1722794","JH378191","2422058","2422346","34","699553"
"KN294181v1","1733571","1733864","JH378245","2080174","2080467","32","346603"
"KN294181v1","1781286","1781598","JH378157","13702106","13702393","64","11920820"
"KN294181v1","1782695","1782991","JH378235","4514528","4514824","34","2731833"
"KN294181v1","1799541","1799838","JH378105","33948514","33948810","41","32148973"
"KN294181v1","1875728","1876023","JH378145","2733878","2734174","30","858150"
"KN294181v1","1987989","1988305","JH378172","1316010","1316320","51","671979"
"KN294181v1","2004354","2004645","JH378106","69239155","69239449","31","67234801"
"KN294182v1","113613","113902","JH378167","9555357","9555651","40","9441744"
"KN294182v1","126706","127006","JH378296","1500608","1500907","31","1373902"
"KN294182v1","132846","132982","JH378193","345676","345813","18","212830"
"KN294182v1","188493","188797","JH378320","58622","58932","39","129871"
"KN294182v1","216922","217123","JH378106","28087268","28087470","36","27870346"
"KN294182v1","217253","217422","JH378260","573548","573716","21","356295"
"KN294182v1","268068","268189","JH378157","7831524","7831637","20","7563456"
"KN294182v1","329777","330072","JH378115","25041145","25041450","36","24711368"
"KN294182v1","392427","392721","JH378105","68989768","68990064","37","68597341"
"KN294182v1","398535","398832","JH378137","17138846","17139141","38","16740311"
"KN294182v1","411747","412042","JH378137","7407944","7408236","31","6996197"
"KN294182v1","418034","418329","JH378106","70986080","70986388","49","70568046"
"KN294182v1","423834","424138","JH378197","8301771","8302079","44","7877937"
"KN294182v1","434972","435271","JH378214","2247622","2247917","33","1812650"
"KN294182v1","454091","454392","JH378173","9055905","9056209","44","8601814"
"KN294182v1","470031","470317","JH378109","52148","52435","40","417883"
"KN294182v1","483245","483546","JH378124","15582898","15583197","34","15099653"
"KN294182v1","491953","492262","JH378197","7145768","7146073","27","6653815"
"KN294182v1","495512","495801","JH378139","16259084","16259375","34","15763572"
"KN294182v1","519002","519304","JH378288","1220128","1220430","35","701126"
"KN294182v1","566347","566434","JH378144","15127487","15127564","19","14561140"
"KN294182v1","574230","574343","JH378111","42088470","42088585","18","41514240"
"KN294182v1","578271","578584","JH378170","4783494","4783792","47","4205223"
"KN294182v1","643229","643537","JH378320","58622","58932","38","584607"
"KN294182v1","708305","708607","JH378206","6984481","6984785","43","6276176"
"KN294182v1","709685","709981","JH378157","3196780","3197074","32","2487095"
"KN294182v1","769139","769447","JH378316","245997","246306","32","523142"
"KN294182v1","810455","810764","JH378199","2735832","2736142","39","1925377"
"KN294182v1","811128","811311","JH378263","1673953","1674136","30","862825"
"KN294182v1","816183","816464","JH378114","29675067","29675349","30","28858884"
"KN294184v1","40805","41155","JH378175","2393054","2393375","72","2352249"
"KN294184v1","74780","75077","JH378170","4783494","4783792","32","4708714"
"KN294184v1","309618","309896","JH378129","8280311","8280592","37","7970693"
"KN294184v1","431277","431587","JH378239","3940828","3941139","39","3509551"
"KN294185v1","13665","13976","JH378115","33345733","33346042","46","33332068"
"KN294185v1","299103","299414","JH378167","5351158","5351469","29","5052055"
"KN294185v1","312604","312779","JH378113","32300423","32300597","20","31987819"
"KN294185v1","339581","339873","JH378131","2338834","2339129","40","1999253"
"KN294185v1","358740","359029","JH378108","42296533","42296820","36","41937793"
"KN294185v1","409521","409832","JH378298","1330501","1330811","34","920980"
"KN294185v1","419328","419632","JH378114","27841873","27842179","40","27422545"
"KN294185v1","433563","433890","JH378187","2906095","2906405","45","2472532"
"KN294185v1","440330","440609","JH378137","2561271","2561548","29","2120941"
"KN294185v1","485549","485843","JH378108","8168852","8169143","38","7683303"
"KN294185v1","505014","505295","JH378115","32019990","32020269","33","31514976"
"KN294185v1","537795","538090","JH378137","18706406","18706704","33","18168611"
"KN294185v1","598737","599020","JH378112","33911252","33911534","32","33312515"
"KN294185v1","704051","704336","JH378106","63648485","63648770","34","62944434"
"KN294187v1","14067","14363","JH378170","4783494","4783792","28","4769427"
"KN294187v1","25866","26178","JH378151","6647965","6648275","40","6622099"
"KN294187v1","37022","37335","JH378118","11958268","11958578","38","11921246"
"KN294187v1","62463","62765","JH378115","26640201","26640508","34","26577738"
"KN294187v1","83767","84082","JH378146","15879310","15879613","40","15795543"
"KN294187v1","96493","96803","JH378126","21026752","21027059","41","20930259"
"KN294187v1","111551","111861","JH378126","21026752","21027059","31","20915201"
"KN294187v1","134605","134898","JH378138","2084662","2084957","39","1950057"
"KN294187v1","172218","172526","JH378247","4464361","4464656","39","4292143"
"KN294187v1","176215","176509","JH378228","5509057","5509356","30","5332842"
"KN294187v1","181959","182248","JH378110","38738418","38738702","42","38556459"
"KN294187v1","185932","186226","JH378205","5080625","5080919","29","4894693"
"KN294187v1","186228","186296","JH378158","4766225","4766287","15","4579997"
"KN294187v1","193097","193233","JH378139","13759043","13759174","21","13565946"
"KN294187v1","193281","193450","JH378212","5012473","5012639","17","4819192"
"KN294187v1","199563","199861","JH378173","9055905","9056209","31","8856342"
"KN294187v1","246996","247280","JH378112","35063777","35064058","41","34816781"
"KN294187v1","260922","261218","JH378106","6765589","6765882","32","6504667"
"KN294187v1","268510","268800","JH378113","5430335","5430626","34","5161825"
"KN294187v1","276033","276331","JH378117","2030175","2030470","43","1754142"
"KN294187v1","307811","308038","JH378178","10947790","10948009","38","10639979"
"KN294187v1","311802","312101","JH378137","8864324","8864620","34","8552522"
"KN294187v1","318433","318737","JH378112","14444076","14444384","39","14125643"
"KN294187v1","319912","320201","JH378153","7392982","7393269","31","7073070"
"KN294187v1","323893","324196","JH378119","6124403","6124708","37","5800510"
"KN294187v1","325574","325867","JH378201","1181902","1182195","39","856328"
"KN294187v1","327796","328089","JH378201","1181902","1182195","39","854106"
"KN294187v1","329244","329549","JH378159","5493568","5493869","37","5164324"
"KN294187v1","340477","340662","JH378122","373412","373589","24","32935"
"KN294187v1","392272","392404","JH378142","10509468","10509599","13","10117196"
"KN294187v1","393357","393660","JH378105","4107985","4108290","45","3714628"
"KN294187v1","400962","401271","JH378126","21026752","21027059","35","20625790"
"KN294187v1","407900","408198","JH378111","25827334","25827630","34","25419434"
"KN294187v1","431993","432299","JH378112","32039939","32040242","38","31607946"
"KN294187v1","452369","452652","JH378106","26479529","26479811","33","26027160"
"KN294187v1","509589","509897","JH378126","23919556","23919859","31","23409967"
"KN294187v1","574293","574592","JH378142","3802175","3802478","36","3227882"
"KN294187v1","581728","581960","JH378145","2527450","2527683","33","1945722"
"KN294187v1","601735","602042","JH378116","824008","824312","34","222273"
"KN294187v1","612505","612795","JH378149","1230463","1230746","52","617958"
"KN294187v1","623621","623925","JH378113","6692573","6692881","36","6068952"
"KN294187v1","650049","650343","JH378285","2054128","2054425","43","1404079"
"KN294187v1","658988","659279","JH378161","2394729","2395018","28","1735741"
"KN294187v1","682086","682409","JH378108","46666898","46667209","57","45984812"
"KN294187v1","728400","728730","JH378118","17703617","17703951","46","16975217"
"KN294187v1","730936","731213","JH378112","33911252","33911534","50","33180316"
"KN294187v1","756544","756851","JH378152","11890185","11890492","39","11133641"
"KN294187v1","758379","758679","JH378125","4897040","4897338","38","4138661"
"KN294187v1","768399","768698","JH378327","121222","121511","42","647177"
"KN294187v1","772776","773086","JH378166","10147908","10148204","50","9375132"
"KN294187v1","773125","773423","JH378108","23280248","23280545","33","22507123"
"KN294187v1","809940","810187","JH378176","5671270","5671515","30","4861330"
"KN294187v1","898124","898313","JH378126","24445894","24446102","42","23547770"
"KN294187v1","916405","916702","JH378128","11295555","11295854","37","10379150"
"KN294187v1","940944","941215","JH378127","15896396","15896663","40","14955452"
"KN294187v1","956798","957093","JH378113","17279344","17279644","37","16322546"
"KN294187v1","1006595","1006905","JH378106","60843849","60844159","43","59837254"
"KN294187v1","1047013","1047325","JH378105","71648676","71648983","30","70601663"
"KN294187v1","1050218","1050525","JH378126","21026752","21027059","38","19976534"
"KN294187v1","1051487","1051801","JH378126","21026752","21027059","34","19975265"
"KN294187v1","1054329","1054642","JH378106","1533545","1533849","40","479216"
"KN294187v1","1059503","1059823","JH378145","16073917","16074230","42","15014414"
"KN294187v1","1067433","1067730","JH378161","630277","630572","34","437156"
"KN294187v1","1086407","1086713","JH378156","9166475","9166782","41","8080068"
"KN294187v1","1090628","1090937","JH378157","12773309","12773617","33","11682681"
"KN294187v1","1092168","1092466","JH378189","1225012","1225313","37","132844"
"KN294187v1","1105250","1105506","JH378153","13586554","13586811","38","12481304"
"KN294187v1","1125734","1126030","JH378108","30731255","30731558","39","29605521"
"KN294187v1","1132445","1132752","JH378126","21026752","21027059","34","19894307"
"KN294187v1","1140531","1140665","JH378153","2127454","2127589","17","986923"
"KN294187v1","1141465","1141666","JH378141","13469997","13470198","25","12328532"
"KN294187v1","1144225","1144519","JH378165","6186750","6187049","33","5042525"
"KN294187v1","1153392","1153681","JH378115","23787742","23788033","28","22634350"
"KN294187v1","1160331","1160635","JH378288","1088673","1088973","37","71658"
"KN294187v1","1162304","1162605","JH378126","21026752","21027059","40","19864448"
"KN294187v1","1182046","1182358","JH378279","2687810","2688114","40","1505764"
"KN294187v1","1188008","1188300","JH378142","5865502","5865800","41","4677494"
"KN294187v1","1192473","1192771","JH378173","10496777","10497072","34","9304304"
"KN294187v1","1194280","1194584","JH378126","21026752","21027059","38","19832472"
"KN294187v1","1198915","1199221","JH378316","245997","246306","35","952918"
"KN294187v1","1202187","1202323","JH378131","2425395","2425527","17","1223208"
"KN294187v1","1202624","1202794","JH378118","14815054","14815222","27","13612430"
"KN294187v1","1203859","1204141","JH378137","20807079","20807366","43","19603220"
"KN294187v1","1204352","1204651","JH378216","1441105","1441408","43","236753"
"KN294187v1","1205452","1205746","JH378216","6814492","6814786","42","5609040"
"KN294187v1","1212533","1212834","JH378110","12146106","12146409","44","10933573"
"KN294187v1","1221791","1222092","JH378127","19048485","19048788","32","17826694"
"KN294187v1","1231923","1232229","JH378114","31670723","31671027","45","30438800"
"KN294187v1","1235086","1235396","JH378206","4086994","4087300","37","2851908"
"KN294187v1","1237651","1237958","JH378156","6679687","6679991","37","5442036"
"KN294187v1","1241642","1241946","JH378111","42787057","42787349","46","41545415"
"KN294187v1","1242120","1242421","JH378129","10258595","10258896","40","9016475"
"KN294187v1","1242778","1243085","JH378145","10699715","10700016","48","9456937"
"KN294187v1","1248494","1248799","JH378255","253618","253923","35","994876"
"KN294187v1","1269575","1269884","JH378112","33214699","33215012","44","31945124"
"KN294187v1","1298813","1298976","JH378111","1058895","1059055","20","239918"
"KN294187v1","1319857","1320027","JH378119","10830378","10830550","21","9510521"
"KN294187v1","1327231","1327534","JH378197","7145768","7146073","30","5818537"
"KN294187v1","1348149","1348450","JH378125","5890386","5890685","39","4542237"
"KN294187v1","1410758","1411064","JH378122","9816070","9816375","47","8405312"
"KN294187v1","1442109","1442392","JH378328","658088","658373","32","784021"
"KN294187v1","1452038","1452338","JH378122","10686670","10686967","33","9234632"
"KN294187v1","1466629","1466939","JH378158","3522926","3523235","39","2056297"
"KN294187v1","1475357","1475630","JH378127","19270149","19270420","33","17794792"
"KN294187v1","1478132","1478441","JH378112","35288143","35288449","33","33810011"
"KN294187v1","1479511","1479822","JH378186","1575344","1575645","43","95833"
"KN294187v1","1484269","1484561","JH378173","10591352","10591642","42","9107083"
"KN294187v1","1496064","1496361","JH378265","2263256","2263553","34","767192"
"KN294187v1","1512131","1512271","JH378105","55083280","55083420","16","53571149"
"KN294187v1","1513590","1513876","JH378179","7759487","7759774","36","6245897"
"KN294187v1","1515528","1515818","JH378111","9089465","9089754","46","7573937"
"KN294187v1","1534369","1534659","JH378206","6600635","6600925","31","5066266"
"KN294187v1","1538663","1538953","JH378184","4734032","4734323","33","3195369"
"KN294187v1","1541312","1541631","JH378106","58016000","58016308","45","56474688"
"KN294187v1","1545229","1545382","JH378132","892946","893111","25","652283"
"KN294187v1","1545677","1545811","JH378106","68102896","68103031","14","66557219"
"KN294187v1","1552074","1552369","JH378151","8381511","8381803","32","6829437"
"KN294187v1","1596127","1596205","JH378134","18656517","18656595","7","17060390"
"KN294187v1","1632904","1633226","JH378175","9830119","9830435","43","8197215"
"KN294187v1","1637385","1637703","JH378236","2416769","2417083","49","779384"
"KN294187v1","1667323","1667622","JH378149","4732600","4732902","44","3065277"
"KN294187v1","1680093","1680398","JH378127","4932962","4933272","44","3252869"
"KN294187v1","1686459","1686770","JH378167","5351158","5351469","33","3664699"
"KN294187v1","1687622","1687934","JH378153","2329399","2329712","50","641777"
"KN294187v1","1689059","1689367","JH378126","21026752","21027059","30","19337693"
"KN294187v1","1689785","1690080","JH378153","701439","701735","34","988346"
"KN294187v1","1742024","1742327","JH378171","6181069","6181379","32","4439045"
"KN294187v1","1744166","1744470","JH378282","2180643","2180942","43","436477"
"KN294187v1","1797076","1797382","JH378213","7262203","7262510","45","5465127"
"KN294187v1","1807552","1807854","JH378197","1499696","1500000","33","307856"
"KN294187v1","1809466","1809744","JH378105","21630016","21630306","41","19820550"
"KN294187v1","1821469","1821777","JH378197","7145768","7146073","26","5324299"
"KN294187v1","1832522","1832792","JH378123","831628","831897","30","1000894"
"KN294187v1","1860270","1860565","JH378151","15551938","15552226","35","13691668"
"KN294187v1","1865414","1865704","JH378405","1355","1642","37","1864059"
"KN294187v1","1896750","1897048","JH378113","14455819","14456118","40","12559069"
"KN294187v1","1899369","1899674","JH378126","23919556","23919859","33","22020187"
"KN294187v1","1932407","1932727","JH378289","2125754","2126067","51","193347"
"KN294187v1","1938670","1938960","JH378220","2784017","2784313","42","845347"
"KN294187v1","1951102","1951413","JH378185","1458413","1458719","38","492689"
"KN294187v1","1962666","1962965","JH378125","15893280","15893581","27","13930614"
"KN294187v1","1964630","1964928","JH378327","557434","557726","39","1407196"
"KN294187v1","1966763","1967074","JH378206","4086994","4087300","38","2120231"
"KN294187v1","1974427","1974737","JH378112","33214699","33215012","35","31240272"
"KN294187v1","1979935","1980245","JH378105","63350416","63350707","51","61370481"
"KN294187v1","2003829","2004105","JH378279","102782","103056","40","1901047"
"KN294187v1","2028497","2028800","JH378115","31840572","31840873","34","29812075"
"KN294192v1","29856","30143","JH378183","4577550","4577842","39","4547694"
"KN294192v1","363014","363322","JH378151","17063304","17063610","45","16700290"
"KN294192v1","433113","433414","JH378125","5890386","5890685","32","5457273"
"KN294192v1","437729","438025","JH378137","17093543","17093840","35","16655814"
"KN294192v1","473667","473968","JH378141","18468307","18468612","47","17994640"
"KN294192v1","544457","544765","JH378213","5393305","5393609","41","4848848"
"KN294192v1","578195","578495","JH378142","5865502","5865800","36","5287307"
"KN294192v1","696583","696891","JH378199","425518","425824","35","271065"
"KN294192v1","730403","730574","JH378122","2264575","2264746","26","1534172"
"KN294193v1","60357","60639","JH378118","14784020","14784304","36","14723663"
"KN294193v1","113355","113662","JH378118","26799468","26799782","53","26686113"
"KN294193v1","123268","123565","JH378107","31942956","31943255","45","31819688"
"KN294193v1","162102","162385","JH378109","3280496","3280777","32","3118394"
"KN294193v1","286449","286662","JH378151","645312","645524","23","358863"
"KN294193v1","295310","295617","JH378120","16327645","16327955","41","16032335"
"KN294193v1","305901","306162","JH378109","14026176","14026435","39","13720275"
"KN294193v1","371839","372141","JH378173","9055905","9056209","48","8684066"
"KN294193v1","419111","419413","JH378118","1390919","1391217","47","971808"
"KN294193v1","503291","503597","JH378125","1506753","1507044","53","1003462"
"KN294193v1","617729","618039","JH378139","17878350","17878657","43","17260621"
"KN294193v1","634202","634498","JH378184","418760","419059","36","215442"
"KN294193v1","638742","639035","JH378176","9716970","9717264","28","9078228"
"KN294193v1","660514","660807","JH378118","31339599","31339890","35","30679085"
"KN294193v1","660887","661197","JH378181","2052926","2053235","34","1392039"
"KN294193v1","662194","662476","JH378111","19524517","19524801","33","18862323"
"KN294193v1","668142","668454","JH378115","26640201","26640508","44","25972059"
"KN294193v1","669346","669650","JH378137","12264224","12264530","46","11594878"
"KN294193v1","696298","696602","JH378172","3560988","3561286","37","2864690"
"KN294193v1","728408","728720","JH378173","6942398","6942706","35","6213990"
"KN294193v1","736468","736770","JH378105","48388459","48388758","46","47651991"
"KN294193v1","741661","741973","JH378126","21026752","21027059","50","20285091"
"KN294193v1","749859","750131","JH378105","51524027","51524292","44","50774168"
"KN294193v1","808156","808330","JH378267","453705","453878","25","354451"
"KN294193v1","810941","811177","JH378136","7579134","7579369","35","6768193"
"KN294193v1","838899","839059","JH378107","57664530","57664688","18","56825631"
"KN294193v1","843660","843960","JH378151","4318339","4318636","39","3474679"
"KN294193v1","848983","849292","JH378148","3164823","3165131","34","2315840"
"KN294193v1","850601","850901","JH378227","1175094","1175396","36","324493"
"KN294193v1","989798","990123","JH378106","63045136","63045454","46","62055338"
"KN294195v1","77521","77824","JH378126","21026752","21027059","24","20949231"
"KN294195v1","238619","238890","JH378179","2794682","2794955","46","2556063"
"KN294199v1","79257","79520","JH378105","68150936","68151198","43","68071679"
"KN294199v1","88354","88653","JH378137","17093543","17093840","39","17005189"
"KN294199v1","133369","133665","JH378216","6814492","6814786","28","6681123"
"KN294199v1","214498","214779","JH378156","4660046","4660322","37","4445548"
"KN294199v1","219154","219441","JH378117","13074466","13074743","52","12855312"
"KN294199v1","224834","225131","JH378166","2405777","2406078","32","2180943"
"KN294199v1","237152","237447","JH378119","11297197","11297495","36","11060045"
"KN294199v1","269746","270058","JH378126","21026752","21027059","33","20757006"
"KN294199v1","283601","283900","JH378118","25078948","25079242","38","24795347"
"KN294199v1","316046","316346","JH378165","11791193","11791491","36","11475147"
"KN294199v1","371775","372027","JH378108","23565898","23566144","43","23194123"
"KN294199v1","388015","388320","JH378149","13456174","13456477","33","13068159"
"KN294199v1","428205","428500","JH378110","32975507","32975812","39","32547302"
"KN294199v1","470290","470565","JH378166","1652870","1653149","41","1182580"
"KN294199v1","471948","472133","JH378223","6150656","6150838","34","5678708"
"KN294199v1","475282","475603","JH378246","4457511","4457836","44","3982229"
"KN294199v1","495356","495655","JH378106","1705581","1705889","45","1210225"
"KN294199v1","545010","545316","JH378113","6692573","6692881","38","6147563"
"KN294199v1","551490","551785","JH378173","4728432","4728728","33","4176942"
"KN294199v1","561464","561769","JH378190","8276191","8276493","40","7714727"
"KN294199v1","566573","566870","JH378111","42097695","42097995","31","41531122"
"KN294199v1","584071","584373","JH378126","21026752","21027059","32","20442681"
"KN294199v1","589905","590208","JH378173","5963095","5963395","27","5373190"
"KN294199v1","597023","597303","JH378108","42296533","42296820","40","41699510"
"KN294199v1","685780","686083","JH378288","1088673","1088973","37","402893"
"KN294199v1","723973","724281","JH378110","19934311","19934616","23","19210338"
"KN294199v1","869750","870040","JH378151","8381511","8381803","36","7511761"
"KN294199v1","905675","905970","JH378157","9676550","9676840","36","8770875"
"KN294199v1","1035227","1035511","JH378106","31557575","31557854","47","30522348"
"KN294199v1","1428686","1428975","JH378183","4577550","4577842","35","3148864"
"KN294199v1","1555588","1555864","JH378156","8329530","8329803","37","6773942"
"KN294199v1","1641187","1641493","JH378116","28869529","28869826","32","27228342"
"KN294200v1","4339","4643","JH378110","38852916","38853220","35","38848577"
"KN294205v1","60664","60962","JH378119","11297197","11297495","35","11236533"
"KN294205v1","105111","105396","JH378226","5118898","5119186","34","5013787"
"KN294205v1","221597","221897","JH378137","17341662","17341963","34","17120065"
"KN294205v1","265968","266262","JH378153","7392982","7393269","29","7127014"
"KN294205v1","342240","342551","JH378320","58622","58932","32","283618"
"KN294205v1","360048","360329","JH378228","2181951","2182234","41","1821903"
"KN294205v1","370219","370506","JH378114","37164444","37164729","51","36794225"
"KN294205v1","414134","414425","JH378206","2528694","2528986","31","2114560"
"KN294205v1","505520","505849","JH378262","525499","525815","49","19979"
"KN294205v1","510630","510771","JH378198","1307436","1307583","24","796806"
"KN294205v1","572276","572584","JH378126","21026752","21027059","34","20454476"
"KN294205v1","576267","576579","JH378120","2575540","2575851","38","1999273"
"KN294205v1","582012","582324","JH378120","2575540","2575851","38","1993528"
"KN294205v1","605015","605340","JH378260","2282137","2282463","47","1677122"
"KN294205v1","813667","813969","JH378106","6434398","6434702","37","5620731"
"KN294205v1","838905","838970","JH378338","279267","279336","14","559638"
"KN294205v1","844232","844528","JH378110","36020842","36021135","39","35176610"
"KN294205v1","969617","969941","JH378116","23743619","23743938","40","22774002"
"KN294205v1","1008304","1008616","JH378107","7568037","7568336","52","6559733"
"KN294205v1","1055578","1055888","JH378185","841607","841910","39","213971"
"KN294205v1","1076525","1076705","JH378106","3821666","3821847","23","2745141"
"KN294205v1","1089860","1090161","JH378118","1390919","1391217","38","301059"
"KN294205v1","1180024","1180326","JH378257","87786","88089","32","1092238"
"KN294205v1","1215167","1215433","JH378114","44222819","44223088","37","43007652"
"KN294205v1","1224862","1225146","JH378177","6664715","6664994","43","5439853"
"KN294205v1","1362314","1362607","JH378228","5509057","5509356","35","4146743"
"KN294205v1","1407128","1407403","JH378144","4692117","4692393","41","3284989"
"KN294205v1","1502854","1503203","JH378106","35202726","35203049","74","33699872"
"KN294207v1","159373","159652","JH378171","5520107","5520389","43","5360734"
"KN294207v1","259310","259615","JH378106","1533545","1533849","33","1274235"
"KN294207v1","366268","366534","JH378277","382904","383183","40","16636"
"KN294207v1","374067","374342","JH378159","13007972","13008240","46","12633905"
"KN294207v1","462812","463095","JH378129","22144489","22144771","36","21681677"
"KN294207v1","499112","499394","JH378108","54651268","54651558","51","54152156"
"KN294207v1","525883","526161","JH378224","3887674","3887953","27","3361791"
"KN294207v1","543950","544240","JH378216","7124506","7124797","30","6580556"
"KN294207v1","567167","567465","JH378124","15582898","15583197","44","15015731"
"KN294207v1","579093","579263","JH378288","500003","500162","29","79090"
"KN294207v1","584504","584808","JH378149","13456174","13456477","45","12871670"
"KN294207v1","605667","605971","JH378185","841607","841910","35","235940"
"KN294207v1","607787","608089","JH378159","5493568","5493869","35","4885781"
"KN294207v1","629762","630052","JH378110","8759623","8759916","35","8129861"
"KN294207v1","639515","639577","JH378111","19094541","19094599","17","18455026"
"KN294207v1","678644","678890","JH378153","5454172","5454418","32","4775528"
"KN294207v1","736419","736719","JH378176","8157064","8157374","46","7420645"
"KN294207v1","809772","810074","JH378131","18523890","18524188","49","17714118"
"KN294207v1","828990","829295","JH378133","8480747","8481053","37","7651757"
"KN294207v1","834656","834968","JH378154","12169312","12169619","40","11334656"
"KN294207v1","841718","842029","JH378206","6984481","6984785","40","6142763"
"KN294207v1","852284","852437","JH378108","31033761","31033917","19","30181477"
"KN294207v1","882578","882873","JH378293","1524576","1524874","36","641998"
"KN294207v1","887514","887819","JH378187","2906095","2906405","38","2018581"
"KN294207v1","929637","929785","JH378115","15568182","15568331","22","14638545"
"KN294207v1","943678","943954","JH378106","66223328","66223605","34","65279650"
"KN294208v1","293576","293884","JH378119","11179406","11179710","43","10885830"
"KN294208v1","449821","450121","JH378119","6298333","6298628","46","5848512"
"KN294208v1","524748","525049","JH378115","33135454","33135750","33","32610706"
"KN294208v1","550271","550568","JH378206","5319255","5319560","49","4768984"
"KN294208v1","571540","571858","JH378119","21386227","21386536","39","20814687"
"KN294208v1","756402","756694","JH378122","29867810","29868101","40","29111408"
"KN294208v1","809823","810132","JH378279","1785224","1785536","33","975401"
"KN294209v1","16241","16551","JH378121","28319189","28319488","48","28302948"
"KN294210v1","36236","36533","JH378199","5009554","5009838","48","4973318"
"KN294210v1","85586","85917","JH378127","10159413","10159743","52","10073827"
"KN294210v1","233143","233451","JH378151","13331025","13331323","49","13097882"
"KN294210v1","272162","272460","JH378111","16327122","16327424","35","16054960"
"KN294210v1","281594","281900","JH378139","17878350","17878657","35","17596756"
"KN294210v1","283121","283414","JH378182","3623832","3624120","41","3340711"
"KN294210v1","312475","312757","JH378167","10413598","10413872","32","10101123"
"KN294210v1","351235","351536","JH378112","23084087","23084387","45","22732852"
"KN294210v1","359798","360098","JH378179","1841978","1842282","39","1482180"
"KN294210v1","360795","361104","JH378139","18955642","18955939","50","18594847"
"KN294210v1","367538","367663","JH378107","50570713","50570838","14","50203175"
"KN294210v1","367769","368068","JH378228","5509057","5509356","37","5141288"
"KN294210v1","385894","386201","JH378119","6124403","6124708","36","5738509"
"KN294210v1","401707","402017","JH378115","23201999","23202310","39","22800292"
"KN294210v1","402067","402356","JH378198","5707633","5707925","36","5305566"
"KN294210v1","443856","444153","JH378139","19252318","19252611","36","18808462"
"KN294210v1","524638","524933","JH378333","587605","587900","32","62967"
"KN294210v1","676427","676714","JH378174","8474710","8474997","36","7798283"
"KN294210v1","720600","720889","JH378235","1056369","1056656","29","335769"
"KN294210v1","758715","759014","JH378108","10386223","10386517","37","9627508"
"KN294210v1","863935","864235","JH378288","1088673","1088973","32","224738"
"KN294210v1","894307","894478","JH378214","4423935","4424107","20","3529628"
"KN294210v1","914135","914451","JH378107","48576993","48577309","45","47662858"
"KN294210v1","1018415","1018711","JH378134","15167566","15167861","35","14149151"
"KN294210v1","1041662","1041955","JH378107","57325483","57325775","39","56283821"
"KN294210v1","1102564","1102870","JH378111","32787449","32787755","38","31684885"
"KN294210v1","1188870","1189172","JH378105","36900565","36900857","42","35711695"
"KN294210v1","1198330","1198636","JH378112","35288143","35288449","36","34089813"
"KN294210v1","1276819","1276945","JH378113","37603760","37603891","21","36326941"
"KN294213v1","160497","160802","JH378173","10046061","10046365","48","9885564"
"KN294213v1","210909","211218","JH378148","17201496","17201806","40","16990587"
"KN294213v1","274223","274525","JH378141","10800920","10801215","33","10526697"
"KN294213v1","285498","285807","JH378113","6692573","6692881","40","6407075"
"KN294213v1","326938","327180","JH378166","12690881","12691106","46","12363943"
"KN294213v1","436399","436696","JH378159","5493568","5493869","40","5057169"
"KN294214v1","80540","80846","JH378271","459308","459608","34","378768"
"KN294214v1","100826","101114","JH378198","1596143","1596429","34","1495317"
"KN294214v1","133503","133803","JH378124","15582898","15583197","28","15449395"
"KN294214v1","134791","135088","JH378108","30731255","30731558","41","30596464"
"KN294214v1","137891","138167","AGCE01149956","727","992","48","137164"
"KN294214v1","149026","149316","JH378148","12513377","12513669","35","12364351"
"KN294214v1","162097","162395","JH378288","1561758","1562053","34","1399661"
"KN294214v1","188633","188929","JH378148","16227423","16227714","43","16038790"
"KN294214v1","258001","258074","JH378165","1408009","1408081","7","1150008"
"KN294214v1","284887","285022","JH378213","3850433","3850568","19","3565546"
"KN294214v1","285321","285486","JH378170","918441","918605","17","633120"
"KN294214v1","293384","293682","JH378139","18955642","18955939","29","18662258"
"KN294214v1","302087","302389","JH378228","5509057","5509356","28","5206970"
"KN294214v1","305069","305360","JH378246","2154157","2154450","35","1849088"
"KN294214v1","307221","307465","JH378146","4173081","4173319","40","3865860"
"KN294214v1","311677","311975","JH378106","1533545","1533849","41","1221868"
"KN294214v1","317191","317441","JH378128","11710015","11710264","33","11392824"
"KN294214v1","350479","350803","JH378316","245997","246306","50","104482"
"KN294214v1","354140","354447","JH378213","5393305","5393609","33","5039165"
"KN294214v1","365831","366142","JH378137","4012884","4013190","39","3647053"
"KN294214v1","374887","375146","JH378105","36059082","36059351","40","35684195"
"KN294214v1","378695","379001","JH378127","13030965","13031271","46","12652270"
"KN294214v1","389292","389568","JH378114","6641810","6642095","51","6252518"
"KN294214v1","407640","407922","JH378305","1335286","1335564","32","927646"
"KN294214v1","430881","431182","JH378126","21026752","21027059","34","20595871"
"KN294214v1","472122","472422","JH378126","21026752","21027059","47","20554630"
"KN294214v1","581243","581550","JH378112","35288143","35288449","35","34706900"
"KN294214v1","718131","718441","JH378167","5351158","5351469","35","4633027"
"KN294214v1","863700","863988","JH378153","5259027","5259313","31","4395327"
"KN294214v1","1693875","1694051","JH378242","1957179","1957355","22","263304"
"KN294215v1","3210","3521","JH378148","17201496","17201806","38","17198286"
"KN294216v1","77739","78017","JH378176","9083655","9083931","33","9005916"
"KN294216v1","241003","241302","JH378139","19415987","19416286","35","19174984"
"KN294217v1","1","234","JH378226","6139646","6139879","35","6139645"
"KN294217v1","537332","537626","JH378170","4783494","4783792","38","4246162"
"KN294217v1","651977","652168","JH378213","3793410","3793601","30","3141433"
"KN294217v1","653178","653482","JH378107","7568037","7568336","29","6914859"
"KN294217v1","666244","666424","JH378110","39266676","39266853","31","38600432"
"KN294217v1","666468","666575","JH378107","30050563","30050666","14","29384095"
"KN294217v1","695777","696088","JH378228","5419153","5419462","37","4723376"
"KN294217v1","698209","698509","JH378107","7568037","7568336","37","6869828"
"KN294217v1","698516","698825","JH378141","16136077","16136388","38","15437561"
"KN294217v1","705267","705578","JH378316","245997","246306","42","459270"
"KN294217v1","706938","707221","JH378153","3585458","3585749","51","2878520"
"KN294217v1","719582","719878","JH378228","5509057","5509356","30","4789475"
"KN294217v1","734943","735242","JH378107","7568037","7568336","25","6833094"
"KN294217v1","758495","758805","JH378114","41731735","41732046","42","40973240"
"KN294217v1","790820","791125","JH378127","19491153","19491454","41","18700333"
"KN294217v1","791216","791523","JH378227","2356330","2356635","28","1565114"
"KN294217v1","928492","928796","JH378105","30024561","30024853","36","29096069"
"KN294217v1","1106311","1106610","JH378236","733320","733615","31","372991"
"KN294217v1","1139352","1139664","JH378125","15893280","15893581","38","14753928"
"KN294217v1","1169974","1170272","JH378108","32548385","32548688","43","31378411"
"KN294217v1","1228962","1229262","JH378137","18706406","18706704","38","17477444"
"KN294217v1","1304893","1305190","JH378220","2784017","2784313","33","1479124"
"KN294217v1","1488131","1488417","JH378187","2558947","2559224","38","1070816"
"KN294217v1","1640241","1640548","JH378114","37036188","37036491","34","35395947"
"KN294217v1","1710144","1710281","JH378115","7599604","7599735","29","5889460"
"KN294217v1","1741389","1741700","JH378176","8157064","8157374","32","6415675"
"KN294217v1","1806908","1807219","JH378235","263534","263841","39","1543374"
"KN294217v1","1865619","1865910","JH378114","6470123","6470414","39","4604504"
"KN294217v1","1962885","1963173","JH378131","20072845","20073138","38","18109960"
"KN294217v1","2036148","2036436","JH378137","17271511","17271797","40","15235363"
"KN294217v1","2164661","2164831","JH378105","57254524","57254690","18","55089863"
"KN294217v1","2269713","2270033","JH378125","7648469","7648793","37","5378756"
"KN294217v1","2452521","2452801","JH378144","1238326","1238606","30","1214195"
"KN294217v1","2482138","2482444","JH378117","25564574","25564883","42","23082436"
"KN294217v1","2564005","2564292","JH378139","16259084","16259375","35","13695079"
"KN294217v1","2592923","2593218","JH378137","17138846","17139141","37","14545923"
"KN294217v1","2598284","2598595","JH378239","3940828","3941139","37","1342544"
"KN294217v1","2682880","2683177","JH378107","30469196","30469490","41","27786316"
"KN294217v1","2717443","2717730","JH378110","13667271","13667559","35","10949828"
"KN294218v1","1873","2181","JH378171","6181069","6181379","39","6179196"
"KN294218v1","4103","4408","JH378171","6181069","6181379","39","6176966"
"KN294218v1","76970","77252","JH378127","10291336","10291619","35","10214366"
"KN294218v1","282497","282788","JH378205","5080625","5080919","29","4798128"
"KN294218v1","347906","348201","JH378114","30126711","30127013","37","29778805"
"KN294218v1","448550","448843","JH378193","1666179","1666475","38","1217629"
"KN294218v1","513477","513767","JH378139","6897029","6897319","45","6383552"
"KN294218v1","613649","613953","JH378137","8760695","8760994","39","8147046"
"KN294218v1","691631","691930","JH378285","2254390","2254689","33","1562759"
"KN294218v1","791629","791931","JH378110","30532171","30532470","38","29740542"
"KN294218v1","845501","845589","JH378110","35014134","35014217","14","34168633"
"KN294218v1","860347","860634","JH378112","35855394","35855682","39","34995047"
"KN294218v1","905393","905699","JH378119","6124403","6124708","37","5219010"
"KN294218v1","1204604","1204912","JH378144","11045380","11045687","41","9840776"
"KN294218v1","1262687","1262974","JH378170","8002947","8003234","46","6740260"
"KN294218v1","1327465","1327796","JH378140","4945540","4945860","57","3618075"
"KN294218v1","1334372","1334676","JH378179","1841978","1842282","37","507606"
"KN294218v1","1335282","1335564","JH378123","5830912","5831199","42","4495630"
"KN294218v1","1400879","1401186","JH378110","12146106","12146409","38","10745227"
"KN294218v1","1696156","1696445","JH378194","8971634","8971922","41","7275478"
"KN294218v1","2014133","2014424","JH378129","7382238","7382535","36","5368105"
"KN294218v1","2030833","2031124","JH378236","2372296","2372589","38","341463"
"KN294218v1","2068434","2068718","JH378105","3594302","3594586","36","1525868"
"KN294218v1","2092140","2092423","JH378157","9676550","9676840","51","7584410"
"KN294218v1","2095559","2095835","JH378158","3968205","3968487","52","1872646"
"KN294218v1","2107970","2108264","JH378293","1260415","1260705","39","847555"
"KN294218v1","2126872","2127164","JH378121","29566176","29566469","27","27439304"
"KN294218v1","2176381","2176693","JH378172","9566909","9567221","38","7390528"
"KN294218v1","2195047","2195347","JH378127","19048485","19048788","31","16853438"
"KN294218v1","2210566","2210761","JH378118","33359018","33359215","27","31148452"
"KN294218v1","2221007","2221314","JH378127","23819612","23819914","38","21598605"
"KN294218v1","2251351","2251651","JH378107","7568037","7568336","39","5316686"
"KN294218v1","2254895","2255200","JH378116","24992174","24992479","46","22737279"
"KN294218v1","2258351","2258651","JH378170","4783494","4783792","36","2525143"
"KN294218v1","2262040","2262323","JH378144","2479123","2479401","39","217083"
"KN294218v1","2362702","2363035","JH378118","4874112","4874437","59","2511410"
"KN294218v1","2402461","2402738","JH378114","20276504","20276786","43","17874043"
"KN294219v1","127587","127892","JH378159","5493568","5493869","36","5365981"
"KN294220v1","1","200","JH378153","13579770","13579968","20","13579769"
"KN294220v1","9636","9944","JH378126","21026752","21027059","30","21017116"
"KN294220v1","33550","33850","JH378155","15098133","15098431","33","15064583"
"KN294221v1","193606","193908","AGCE01149547","2732","3033","40","190874"
"KN294221v1","273187","273498","JH378112","36233428","36233735","50","35960241"
"KN294222v1","430","677","JH378125","7358700","7358942","34","7358270"
"KN294222v1","3939","4229","JH378131","18080937","18081235","47","18076998"
"KN294222v1","7877","8178","JH378129","10258595","10258896","36","10250718"
"KN294224v1","7533","7812","JH378153","7392982","7393269","40","7385449"
"KN294224v1","30817","31083","JH378127","19270149","19270420","37","19239332"
"KN294224v1","110456","110773","JH378145","10601670","10601986","44","10491214"
"KN294224v1","307888","308175","JH378124","27613045","27613330","41","27305157"
"KN294224v1","345315","345623","JH378133","8480747","8481053","37","8135432"
"KN294224v1","375249","375560","JH378169","10095684","10095992","33","9720435"
"KN294224v1","528841","529169","JH378108","33245641","33245983","78","32716800"
"KN294224v1","542083","542399","JH378116","24890259","24890547","55","24348176"
"KN294224v1","620478","620724","JH378213","5472564","5472804","36","4852086"
"KN294224v1","641486","641793","JH378211","2356763","2357069","37","1715277"
"KN294224v1","688363","688671","JH378206","4086994","4087300","33","3398631"
"KN294224v1","727545","727862","JH378105","68337706","68338028","51","67610161"
"KN294224v1","758464","758762","JH378123","48357","48656","38","710107"
"KN294224v1","797213","797500","JH378183","5085328","5085606","37","4288115"
"KN294224v1","800885","801184","JH378157","10298355","10298657","39","9497470"
"KN294224v1","845313","845595","JH378111","19524517","19524801","30","18679204"
"KN294224v1","890004","890301","JH378125","19027324","19027621","37","18137320"
"KN294224v1","924687","924953","JH378117","28719904","28720167","35","27795217"
"KN294224v1","941761","942055","JH378115","5347442","5347733","39","4405681"
"KN294224v1","954458","954764","JH378124","27133934","27134245","33","26179476"
"KN294224v1","1046492","1046796","JH378149","3565481","3565785","35","2518989"
"KN294224v1","1056889","1057189","JH378113","14455819","14456118","37","13398930"
"KN294224v1","1073473","1073766","JH378137","7745755","7746044","39","6672282"
"KN294224v1","1074274","1074572","JH378137","17093543","17093840","43","16019269"
"KN294224v1","1101726","1101949","JH378278","2879645","2879865","33","1777919"
"KN294224v1","1143728","1144001","JH378196","6605720","6605996","34","5461992"
"KN294224v1","1153532","1153833","JH378197","7145768","7146073","34","5992236"
"KN294224v1","1194753","1195061","JH378264","2364378","2364688","36","1169625"
"KN294224v1","1214788","1215073","JH378110","3050126","3050410","33","1835338"
"KN294224v1","1256939","1257219","JH378140","15986259","15986537","33","14729320"
"KN294224v1","1287919","1288211","JH378121","29566176","29566469","27","28278257"
"KN294224v1","1316733","1316870","JH378193","345676","345813","6","971057"
"KN294224v1","1393623","1393932","JH378260","484146","484457","31","909477"
"KN294224v1","1418622","1418924","JH378268","3098405","3098709","44","1679783"
"KN294224v1","1453218","1453512","JH378151","3515305","3515602","32","2062087"
"KN294224v1","1463488","1463795","JH378216","6474633","6474943","38","5011145"
"KN294226v1","53429","53730","JH378257","2204800","2205108","45","2151371"
"KN294226v1","212258","212544","JH378108","21208115","21208396","39","20995857"
"KN294226v1","285785","286093","JH378126","21026752","21027059","25","20740967"
"KN294226v1","410589","410887","JH378115","28712376","28712673","31","28301787"
"KN294226v1","503030","503321","JH378155","5873329","5873618","44","5370299"
"KN294226v1","557442","557742","JH378134","16027314","16027618","39","15469872"
"KN294226v1","585274","585584","JH378119","6124403","6124708","33","5539129"
"KN294226v1","687575","687755","AGCE01150035","730","907","32","686845"
"KN294226v1","807104","807415","JH378127","15733864","15734171","40","14926760"
"KN294226v1","1029399","1029706","JH378123","497003","497309","38","532396"
"KN294227v1","11775","12071","JH378161","630277","630572","39","618502"
"KN294227v1","149870","150070","JH378109","47425046","47425253","35","47275176"
"KN294229v1","6275","6580","JH378108","54706929","54707230","52","54700654"
"KN294229v1","52034","52297","JH378255","943829","944096","35","891795"
"KN294229v1","57160","57466","JH378127","12775619","12775924","34","12718459"
"KN294229v1","63816","64118","JH378153","15180822","15181114","44","15117006"
"KN294229v1","100644","100943","JH378178","1717736","1718040","35","1617092"
"KN294229v1","122675","122974","JH378228","5509057","5509356","34","5386382"
"KN294229v1","126794","126876","JH378107","40246017","40246096","16","40119223"
"KN294229v1","133644","133939","JH378226","5510503","5510800","36","5376859"
"KN294229v1","142775","143090","JH378177","3168958","3169267","43","3026183"
"KN294229v1","153526","153802","JH378179","666624","666899","29","513098"
"KN294229v1","173256","173547","JH378117","32764910","32765199","28","32591654"
"KN294229v1","233737","234029","JH378112","35855394","35855682","34","35621657"
"KN294229v1","244092","244389","JH378118","28475200","28475502","54","28231108"
"KN294229v1","259246","259532","JH378164","1081393","1081679","42","822147"
"KN294229v1","282025","282324","JH378105","20730159","20730452","39","20448134"
"KN294229v1","285169","285350","JH378112","13274382","13274557","27","12989213"
"KN294229v1","288438","288749","JH378115","26640201","26640508","42","26351763"
"KN294229v1","293233","293526","JH378115","27062769","27063061","32","26769536"
"KN294229v1","303094","303395","JH378139","18955642","18955939","32","18652548"
"KN294229v1","304983","305277","JH378198","6294233","6294526","38","5989250"
"KN294229v1","334524","334806","JH378255","1560098","1560402","57","1225574"
"KN294229v1","346217","346512","JH378105","51889615","51889908","35","51543398"
"KN294229v1","353724","354032","JH378227","2739864","2740169","31","2386140"
"KN294229v1","360161","360458","JH378105","68249950","68250247","38","67889789"
"KN294229v1","367457","367749","JH378152","11319672","11319966","28","10952215"
"KN294229v1","372842","373139","JH378137","6554559","6554852","50","6181717"
"KN294230v1","10271","10520","JH378125","823366","823626","62","813095"
"KN294230v1","59267","59572","JH378308","1420623","1420924","39","1361356"
"KN294230v1","105813","105899","JH378108","35230883","35230969","8","35125070"
"KN294233v1","39396","39531","JH378126","23776566","23776697","13","23737170"
"KN294233v1","39532","39842","JH378147","12443857","12444168","39","12404325"
"KN294233v1","311802","312088","JH378177","6664715","6664994","39","6352913"
"KN294233v1","502965","503176","JH378129","5235798","5236009","30","4732833"
"KN294233v1","504188","504490","JH378197","7145768","7146073","30","6641580"
"KN294233v1","520238","520524","JH378125","5977039","5977325","36","5456801"
"KN294233v1","536674","536867","JH378217","951556","951750","24","414882"
"KN294233v1","557309","557634","JH378108","8319625","8319938","54","7762316"
"KN294233v1","634784","635085","JH378159","5493568","5493869","29","4858784"
"KN294233v1","689287","689584","JH378254","774489","774785","50","85202"
"KN294233v1","695432","695719","JH378107","30010443","30010733","36","29315011"
"KN294233v1","723116","723426","JH378319","194767","195070","37","528349"
"KN294233v1","764385","764583","JH378110","35742481","35742663","37","34978096"
"KN294233v1","823753","824063","JH378125","12238318","12238614","52","11414565"
"KN294234v1","129129","129450","JH378112","33214699","33215012","42","33085570"
"KN294234v1","140562","140865","JH378131","770886","771191","38","630324"
"KN294234v1","145885","146180","JH378108","42313777","42314071","39","42167892"
"KN294234v1","156117","156273","JH378124","13898954","13899111","30","13742837"
"KN294234v1","182942","183254","JH378187","2906095","2906405","43","2723153"
"KN294234v1","189362","189651","JH378165","5882182","5882468","49","5692820"
"KN294234v1","365605","365901","JH378140","4867432","4867728","36","4501827"
"KN294234v1","427256","427565","JH378111","15654368","15654674","43","15227112"
"KN294234v1","706360","706676","JH378111","22037559","22037878","46","21331199"
"KN294234v1","966670","966966","JH378171","8174660","8174956","34","7207990"
"KN294234v1","1113496","1113792","JH378115","28712376","28712673","33","27598880"
"KN294234v1","1178918","1179202","JH378214","2540221","2540501","43","1361303"
"KN294234v1","1203466","1203761","JH378163","2667861","2668158","42","1464395"
"KN294234v1","1252915","1253225","JH378115","34859185","34859494","40","33606270"
"KN294234v1","1416456","1416755","AGCE01150449","839","1138","27","1415617"
"KN294234v1","1416809","1417093","JH378114","29675067","29675349","38","28258258"
"KN294234v1","1417587","1417891","JH378105","63350416","63350707","44","61932829"
"KN294234v1","1434640","1434926","JH378115","36370112","36370396","33","34935472"
"KN294234v1","1447550","1447853","JH378116","28869529","28869826","46","27421979"
"KN294234v1","1598014","1598165","JH378188","9295732","9295895","28","7697718"
"KN294234v1","1670154","1670439","JH378148","16616613","16616900","39","14946459"
"KN294234v1","1818304","1818603","JH378288","1088673","1088973","31","729631"
"KN294234v1","2085623","2085928","JH378113","14455819","14456118","35","12370196"
"KN294234v1","2149719","2150028","JH378167","5351158","5351469","36","3201439"
"KN294234v1","2199931","2200222","JH378163","13372336","13372629","37","11172405"
"KN294234v1","2311640","2311967","JH378114","41668323","41668648","47","39356683"
"KN294234v1","2380708","2381019","JH378119","218814","219116","39","2161894"
"KN294234v1","2418388","2418695","JH378126","21026752","21027059","34","18608364"
"KN294234v1","2528201","2528499","JH378148","16894934","16895237","34","14366733"
"KN294234v1","2693406","2693663","JH378180","7820139","7820394","31","5126733"
"KN294234v1","2795095","2795244","JH378186","5570994","5571148","39","2775899"
"KN294234v1","2800214","2800506","JH378220","2784017","2784313","40","16197"
"KN294235v1","77153","77456","JH378125","15156999","15157299","36","15079846"
"KN294235v1","79569","79784","JH378108","10177735","10177951","31","10098166"
"KN294235v1","133449","133677","JH378118","949594","949835","45","816145"
"KN294235v1","273444","273750","JH378114","37036188","37036491","33","36762744"
"KN294235v1","276429","276728","JH378240","2754780","2755080","36","2478351"
"KN294235v1","288735","289022","JH378198","1596143","1596429","36","1307408"
"KN294235v1","359761","360020","JH378167","5904473","5904736","34","5544712"
"KN294235v1","409263","409558","JH378110","12983262","12983559","32","12573999"
"KN294235v1","422771","423054","JH378177","6664715","6664994","39","6241944"
"KN294235v1","606705","607002","JH378166","1276502","1276806","39","669797"
"KN294235v1","607996","608307","JH378154","14645442","14645751","33","14037446"
"KN294235v1","632282","632575","JH378113","43510379","43510674","57","42878097"
"KN294235v1","649676","649967","JH378112","21055636","21055930","33","20405960"
"KN294235v1","692036","692310","JH378107","57912126","57912398","44","57220090"
"KN294235v1","774717","774849","JH378216","5262833","5262964","13","4488116"
"KN294235v1","819288","819624","JH378300","871262","871578","61","51974"
"KN294235v1","831533","831828","JH378140","5469707","5469998","40","4638174"
"KN294235v1","905680","905975","JH378106","6929866","6930160","37","6024186"
"KN294235v1","988627","988942","JH378167","5351158","5351469","37","4362531"
"KN294235v1","1071842","1072131","JH378109","14372976","14373265","41","13301134"
"KN294239v1","2176","2477","JH378135","6396463","6396763","39","6394287"
"KN294239v1","226075","226383","JH378130","1202684","1202989","35","976609"
"KN294239v1","286212","286520","JH378126","21026752","21027059","38","20740540"
"KN294239v1","306141","306436","JH378173","7454116","7454409","34","7147975"
"KN294239v1","350426","350713","JH378216","7124506","7124797","30","6774080"
"KN294239v1","356082","356195","JH378120","30411038","30411142","30","30054956"
"KN294239v1","423370","423670","JH378113","5116740","5117037","38","4693370"
"KN294239v1","425070","425366","JH378114","36705067","36705364","34","36279997"
"KN294239v1","530634","530932","JH378173","10046061","10046365","32","9515427"
"KN294239v1","534709","535003","JH378262","308438","308734","38","226271"
"KN294239v1","589659","589870","JH378129","20765767","20765990","39","20176108"
"KN294239v1","591418","591713","JH378106","64680665","64680959","44","64089247"
"KN294239v1","594533","594825","JH378148","16227423","16227714","39","15632890"
"KN294239v1","645164","645458","JH378105","5083926","5084210","43","4438762"
"KN294239v1","649614","649886","JH378119","2693227","2693494","38","2043613"
"KN294239v1","650252","650550","JH378149","136569","136865","39","513683"
"KN294239v1","699156","699441","JH378196","3426002","3426286","40","2726846"
"KN294239v1","738235","738535","JH378124","15582898","15583197","36","14844663"
"KN294239v1","996013","996307","JH378106","44399035","44399331","32","43403022"
"KN294239v1","1420776","1421071","JH378171","2864701","2864995","35","1443925"
"KN294239v1","1625134","1625430","JH378151","8381511","8381803","37","6756377"
"KN294239v1","1683946","1684249","JH378110","38852916","38853220","35","37168970"
"KN294239v1","1684710","1685013","JH378247","1322001","1322302","45","362709"
"KN294239v1","1723417","1723495","JH378134","18656517","18656595","8","16933100"
"KN294239v1","1735533","1735832","JH378115","34630697","34630989","38","32895164"
"KN294239v1","1738208","1738536","JH378153","15061598","15061937","46","13323390"
"KN294239v1","1789369","1789646","JH378176","1295936","1296216","38","493433"
"KN294239v1","1804826","1805139","JH378113","6199734","6200044","45","4394908"
"KN294239v1","2012481","2012765","JH378119","21236610","21236894","39","19224129"
"KN294239v1","2012799","2012811","JH378149","1403733","1403749","5","609066"
"KN294239v1","2107584","2107759","JH378235","668861","669027","34","1438723"
"KN294239v1","2271014","2271307","JH378144","7235841","7236134","43","4964827"
"KN294240v1","2103","2398","JH378229","2791774","2792064","33","2789671"
"KN294240v1","13043","13263","JH378229","2047169","2047376","46","2034126"
"KN294240v1","22537","22836","JH378115","25570507","25570808","29","25547970"
"KN294240v1","23872","24038","JH378193","6950718","6950882","23","6926846"
"KN294240v1","30310","30608","JH378118","27158505","27158804","32","27128195"
"KN294240v1","43930","44233","JH378140","6602564","6602868","40","6558634"
"KN294242v1","53328","53620","JH378106","69239155","69239449","36","69185827"
"KN294242v1","166423","166732","JH378187","2906095","2906405","32","2739672"
"KN294242v1","200856","201155","JH378148","15796597","15796901","34","15595741"
"KN294243v1","21841","22151","JH378173","10046061","10046365","46","10024220"
"KN294243v1","41788","42094","JH378228","5419153","5419462","30","5377365"
"KN294243v1","50692","50991","JH378127","8597379","8597683","36","8546687"
"KN294243v1","82712","82921","JH378216","2696138","2696349","35","2613426"
"KN294243v1","126485","126767","JH378110","21091267","21091545","47","20964782"
"KN294243v1","159587","159882","JH378241","5492398","5492696","38","5332811"
"KN294243v1","209912","210213","JH378105","43984594","43984896","43","43774682"
"KN294243v1","243280","243559","JH378121","29566176","29566469","41","29322896"
"KN294243v1","249262","249576","JH378157","16056355","16056666","36","15807093"
"KN294243v1","265219","265525","JH378126","21026752","21027059","37","20761533"
"KN294244v1","7567","7698","JH378113","23749639","23749770","18","23742072"
"KN294244v1","7703","7899","JH378153","13041352","13041544","27","13033649"
"KN294244v1","40457","40735","JH378134","12045542","12045815","26","12005085"
"KN294245v1","86308","86605","JH378191","6177328","6177618","28","6091020"
"KN294245v1","101971","102273","JH378138","5380451","5380753","28","5278480"
"KN294245v1","173822","174131","JH378124","3802405","3802714","32","3628583"
"KN294245v1","248898","249183","JH378138","230334","230613","35","18564"
"KN294245v1","256790","257103","JH378126","21026752","21027059","36","20769962"
"KN294245v1","280446","280747","JH378169","9325308","9325608","36","9044862"
"KN294245v1","290643","290937","JH378204","7475485","7475776","32","7184842"
"KN294245v1","537956","538270","JH378124","3802405","3802714","41","3264449"
"KN294245v1","620029","620339","JH378152","6156844","6157154","55","5536815"
"KN294245v1","1015692","1015975","JH378118","27240197","27240484","42","26224505"
"KN294245v1","1145114","1145427","JH378112","33214699","33215012","36","32069585"
"KN294245v1","1349009","1349330","JH378120","16327645","16327955","43","14978636"
"KN294245v1","1350315","1350581","JH378121","19917639","19917909","40","18567324"
"KN294245v1","1362295","1362566","JH378173","10663190","10663453","41","9300895"
"KN294245v1","1615728","1616044","JH378288","1088673","1088973","46","527055"
"KN294245v1","1665765","1666055","JH378167","8547558","8547847","38","6881793"
"KN294251v1","28387","28695","JH378113","6613006","6613316","44","6584619"
"KN294251v1","140473","140550","JH378118","966943","967018","5","826470"
"KN294251v1","358116","358215","JH378115","16708837","16708937","13","16350721"
"KN294251v1","361898","362160","JH378151","14764605","14764866","38","14402707"
"KN294251v1","525428","525731","JH378138","5380451","5380753","30","4855023"
"KN294251v1","537346","537638","JH378262","3358621","3358910","43","2821275"
"KN294251v1","575610","575907","JH378110","32622278","32622571","40","32046668"
"KN294251v1","766403","766697","JH378145","2733878","2734174","32","1967475"
"KN294251v1","806665","806960","JH378151","8381511","8381803","32","7574846"
"KN294251v1","935719","936024","JH378157","13308562","13308866","38","12372843"
"KN294251v1","936303","936600","JH378225","735487","735791","39","200816"
"KN294251v1","1024945","1025247","JH378138","5380451","5380753","34","4355506"
"KN294251v1","1096626","1096926","JH378116","32209502","32209801","36","31112876"
"KN294251v1","1224270","1224351","JH378199","1116181","1116262","10","108089"
"KN294251v1","1226059","1226356","JH378125","16001713","16002013","33","14775654"
"KN294251v1","1265459","1265731","JH378105","30024561","30024853","61","28759102"
"KN294251v1","1274390","1274652","JH378168","2031881","2032145","37","757491"
"KN294251v1","1285660","1285973","JH378113","6613006","6613316","39","5327346"
"KN294251v1","1419009","1419302","JH378280","2414068","2414360","35","995059"
"KN294251v1","1451010","1451301","JH378108","49742462","49742756","34","48291452"
"KN294251v1","1498100","1498402","JH378137","17341662","17341963","35","15843562"
"KN294251v1","1503620","1503916","JH378141","16295875","16296172","35","14792255"
"KN294251v1","1530331","1530641","JH378114","7122925","7123229","36","5592594"
"KN294251v1","1568653","1568949","JH378170","4783494","4783792","36","3214841"
"KN294251v1","1623975","1624261","JH378106","69356630","69356919","31","67732655"
"KN294251v1","1678019","1678327","JH378139","1159515","1159824","36","518504"
"KN294251v1","1691696","1692001","JH378152","16096312","16096619","39","14404616"
"KN294251v1","1871447","1871744","JH378149","1427296","1427590","30","444151"
"KN294251v1","1885521","1885831","JH378245","1256724","1257025","43","628797"
"KN294251v1","1929691","1929973","JH378197","5244832","5245109","42","3315141"
"KN294251v1","1986879","1987178","JH378170","4783494","4783792","27","2796615"
"KN294251v1","2033961","2034271","JH378115","16925265","16925575","32","14891304"
"KN294251v1","2034272","2034564","JH378151","8652626","8652916","42","6618354"
"KN294251v1","2062991","2063296","JH378111","42466412","42466713","39","40403421"
"KN294251v1","2167791","2167967","JH378113","32300423","32300597","25","30132632"
"KN294251v1","2177688","2177958","JH378131","10584856","10585126","35","8407168"
"KN294251v1","2231811","2232103","JH378117","25112135","25112425","33","22880324"
"KN294251v1","2254059","2254311","JH378115","32947677","32947930","41","30693618"
"KN294251v1","2255761","2256071","JH378172","9566909","9567221","36","7311148"
"KN294251v1","2280020","2280169","JH378190","8407901","8408049","20","6127881"
"KN294251v1","2286883","2287195","JH378111","42266998","42267309","44","39980115"
"KN294251v1","2287587","2287894","JH378165","5178810","5179119","33","2891223"
"KN294251v1","2314269","2314551","JH378108","39527846","39528120","46","37213577"
"KN294251v1","2327060","2327361","JH378116","28869529","28869826","37","26542469"
"KN294251v1","2329062","2329366","JH378106","302141","302440","45","2026921"
"KN294251v1","2546765","2547066","JH378107","6820470","6820772","46","4273705"
"KN294251v1","2591049","2591358","JH378157","10801641","10801949","32","8210592"
"KN294251v1","2690047","2690356","JH378126","21026752","21027059","34","18336705"
"KN294251v1","2719381","2719477","JH378113","32332111","32332208","14","29612730"
"KN294251v1","2971335","2971644","JH378165","5178810","5179119","44","2207475"
"KN294251v1","3031734","3032035","JH378119","23106486","23106789","40","20074752"
"KN294251v1","3297018","3297326","JH378122","29489041","29489348","32","26192023"
"KN294251v1","3387888","3388176","JH378151","4318339","4318636","49","930451"
"KN294251v1","3616450","3616758","JH378139","18632207","18632516","31","15015757"
"KN294251v1","3656501","3656803","JH378125","4531961","4532261","35","875460"
"KN294251v1","3713098","3713409","JH378137","17093543","17093840","41","13380445"
"KN294251v1","3773662","3773887","JH378307","300905","301126","31","3472757"
"KN294251v1","3901176","3901457","JH378114","29675067","29675349","38","25773891"
"KN294251v1","4129594","4129735","JH378144","1642773","1642917","19","2486821"
"KN294251v1","4197628","4197953","JH378114","7122925","7123229","57","2925297"
"KN294251v1","4359419","4359726","JH378127","13030965","13031271","37","8671546"
"KN294251v1","4401797","4402027","JH378203","774622","774854","32","3627175"
"KN294257v1","73017","73326","JH378206","6984481","6984785","41","6911464"
"KN294257v1","76753","77060","JH378111","33254176","33254479","39","33177423"
"KN294257v1","91987","92100","JH378204","7408219","7408333","12","7316232"
"KN294257v1","92394","92578","JH378114","6516143","6516331","26","6423749"
"KN294257v1","92910","93211","JH378290","2278657","2278963","41","2185747"
"KN294257v1","97339","97629","JH378196","6605720","6605996","50","6508381"
"KN294257v1","98856","99168","JH378109","10847116","10847429","41","10748260"
"KN294257v1","104674","104963","JH378120","17788639","17788928","34","17683965"
"KN294257v1","110692","110969","JH378139","2212330","2212613","36","2101638"
"KN294257v1","159337","159684","JH378111","3295194","3295521","58","3135857"
"KN294257v1","181533","181747","JH378120","16636176","16636391","26","16454643"
"KN294257v1","234265","234571","JH378182","7293421","7293735","34","7059156"
"KN294257v1","238091","238382","JH378110","31808814","31809105","34","31570723"
"KN294257v1","342543","342842","JH378187","3174952","3175245","52","2832409"
"KN294257v1","370983","371297","JH378213","5483774","5484086","55","5112791"
"KN294257v1","371536","371837","JH378109","14399573","14399873","42","14028037"
"KN294257v1","411330","411621","JH378113","39037457","39037739","47","38626127"
"KN294257v1","469309","469615","JH378126","23919556","23919859","41","23450247"
"KN294257v1","477076","477361","JH378137","4144145","4144429","34","3667069"
"KN294257v1","485623","485696","JH378116","32889685","32889759","14","32404062"
"KN294257v1","486737","487013","JH378153","7392982","7393269","52","6906245"
"KN294257v1","491260","491557","JH378139","16259084","16259375","39","15767824"
"KN294257v1","501602","501774","JH378142","2923864","2924040","20","2422262"
"KN294257v1","518568","518893","JH378187","2906095","2906405","43","2387527"
"KN294257v1","524787","525095","JH378187","2906095","2906405","42","2381308"
"KN294257v1","535579","535886","JH378248","1998206","1998508","39","1462627"
"KN294257v1","537377","537659","JH378174","4130472","4130753","42","3593095"
"KN294257v1","542787","543099","JH378189","1797420","1797734","46","1254633"
"KN294257v1","563315","563627","JH378276","2584707","2585019","38","2021392"
"KN294257v1","610089","610397","JH378136","5570577","5570888","40","4960488"
"KN294257v1","645823","645842","JH378146","3369675","3369695","8","2723852"
"KN294257v1","646149","646299","JH378220","2383363","2383510","21","1737214"
"KN294257v1","1190029","1190192","JH378181","5895050","5895213","19","4705021"
"KN294257v1","1284498","1284583","JH378142","40396","40481","11","1244102"
"KN294257v1","1340974","1341285","JH378167","5351158","5351469","31","4010184"
"KN294257v1","1436661","1436956","JH378151","13331025","13331323","34","11894364"
"KN294257v1","1438827","1438852","JH378222","6581835","6581856","8","5143008"
"KN294257v1","1438883","1439216","JH378148","2442050","2442364","56","1003167"
"KN294257v1","1454218","1454519","JH378108","3938022","3938322","30","2483804"
"KN294257v1","1521737","1522034","JH378133","22138850","22139145","40","20617113"
"KN294257v1","1666603","1666821","JH378149","2903461","2903681","27","1236858"
"KN294257v1","1699425","1699736","JH378239","2367631","2367941","40","668206"
"KN294257v1","1720117","1720430","JH378126","21026752","21027059","37","19306635"
"KN294257v1","1777520","1777822","JH378228","5509057","5509356","41","3731537"
"KN294257v1","1783964","1784271","JH378126","21026752","21027059","28","19242788"
"KN294257v1","1788849","1789150","JH378153","2573525","2573821","32","784676"
"KN294257v1","1847993","1848312","JH378137","14554585","14554893","46","12706592"
"KN294257v1","1917442","1917737","JH378205","6545327","6545618","28","4627885"
"KN294257v1","1920337","1920647","JH378137","4012884","4013190","38","2092547"
"KN294257v1","1925634","1925931","JH378135","20208650","20208946","31","18283016"
"KN294257v1","1933069","1933377","JH378216","6474633","6474943","40","4541564"
"KN294257v1","1935541","1935852","JH378206","4086994","4087300","35","2151453"
"KN294257v1","1941137","1941442","JH378114","30126711","30127013","37","28185574"
"KN294257v1","1951730","1952044","JH378113","6613006","6613316","43","4661276"
"KN294257v1","1981943","1982238","JH378173","2753783","2754078","34","771840"
"KN294257v1","2008450","2008749","JH378139","18955642","18955939","43","16947192"
"KN294257v1","2036540","2036831","JH378142","8284030","8284318","33","6247490"
"KN294257v1","2067649","2067745","JH378137","14941288","14941366","25","12873639"
"KN294257v1","2076730","2077038","JH378126","23919556","23919859","45","21842826"
"KN294257v1","2090580","2090899","JH378106","60843849","60844159","36","58753269"
"KN294257v1","2111475","2111797","JH378120","2575540","2575851","48","464065"
"KN294257v1","2135470","2135782","JH378167","5351158","5351469","37","3215688"
"KN294257v1","2189706","2189994","JH378265","3288819","3289108","39","1099113"
"KN294257v1","2249343","2249629","JH378115","28712376","28712673","39","26463033"
"KN294257v1","2255263","2255563","JH378129","11952764","11953070","36","9697501"
"KN294257v1","2266011","2266319","JH378120","16327645","16327955","33","14061634"
"KN294257v1","2319906","2320205","JH378113","14455819","14456118","39","12135913"
"KN294257v1","2327636","2327921","JH378127","8361067","8361352","42","6033431"
"KN294257v1","2330502","2330801","JH378149","1427296","1427590","35","903206"
"KN294257v1","2335575","2335864","JH378122","8653362","8653651","53","6317787"
"KN294257v1","2343067","2343372","JH378119","6124403","6124708","30","3781336"
"KN294257v1","2402145","2402446","JH378151","14166419","14166719","40","11764274"
"KN294257v1","2610638","2610950","JH378152","11890185","11890492","45","9279547"
"KN294257v1","2628757","2629045","JH378162","9807506","9807792","34","7178749"
"KN294257v1","2641621","2641927","JH378126","21026752","21027059","36","18385131"
"KN294257v1","2688743","2688886","JH378174","707946","708091","22","1980797"
"KN294257v1","2745979","2746272","JH378193","1666179","1666475","36","1079800"
"KN294257v1","2777570","2777864","JH378121","2034349","2034644","41","743221"
"KN294257v1","2850394","2850690","JH378139","16259084","16259375","38","13408690"
"KN294257v1","2980730","2981028","JH378136","7727266","7727563","36","4746536"
"KN294259v1","32503","32548","JH378121","6433721","6433767","10","6401218"
"KN294260v1","60891","61184","JH378110","32622278","32622571","35","32561387"
"KN294260v1","152842","153121","JH378208","3293079","3293360","37","3140237"
"KN294260v1","356683","356971","JH378158","2897938","2898230","35","2541255"
"KN294260v1","642102","642400","JH378157","2098752","2099044","42","1456650"
"KN294260v1","690319","690631","JH378109","49376761","49377070","44","48686442"
"KN294260v1","695751","696000","JH378342","259466","259703","43","436285"
"KN294260v1","721104","721417","JH378320","58622","58932","35","662482"
"KN294260v1","749077","749361","JH378111","19524517","19524801","30","18775440"
"KN294260v1","762564","762870","JH378173","9055905","9056209","38","8293341"
"KN294260v1","791041","791332","JH378110","29088795","29089091","41","28297754"
"KN294260v1","822337","822624","JH378170","4783494","4783792","42","3961157"
"KN294260v1","824388","824696","JH378156","9166475","9166782","34","8342087"
"KN294260v1","887315","887580","JH378109","15884152","15884427","45","14996837"
"KN294260v1","907269","907548","JH378137","17271511","17271797","40","16364242"
"KN294260v1","925771","926087","JH378110","35096006","35096315","49","34170235"
"KN294260v1","941822","942128","JH378110","19934311","19934616","39","18992489"
"KN294260v1","1079022","1079317","JH378121","29566176","29566469","37","28487154"
"KN294260v1","1090615","1090918","JH378296","1500608","1500907","37","409993"
"KN294260v1","1133364","1133665","JH378129","10258595","10258896","34","9125231"
"KN294260v1","1145717","1146014","JH378151","3515305","3515602","27","2369588"
"KN294260v1","1165433","1165740","JH378225","6457829","6458137","35","5292396"
"KN294260v1","1324348","1324654","JH378197","7145768","7146073","32","5821420"
"KN294260v1","1385969","1386284","JH378139","17878350","17878657","50","16492381"
"KN294260v1","1436771","1437097","JH378129","10853809","10854123","47","9417038"
"KN294260v1","1481434","1481730","JH378212","2149089","2149386","25","667655"
"KN294260v1","1785937","1786270","JH378118","17703617","17703951","55","15917680"
"KN294261v1","80678","80987","JH378229","5039327","5039634","29","4958649"
"KN294261v1","318887","319196","JH378238","713549","713860","41","394662"
"KN294262v1","105435","105725","JH378105","34903066","34903359","47","34797631"
"KN294262v1","375026","375334","JH378126","21026752","21027059","36","20651726"
"KN294262v1","550834","551133","JH378225","4269590","4269892","37","3718756"
"KN294262v1","725782","726096","JH378190","6967447","6967762","38","6241665"
"KN294262v1","864328","864641","JH378141","15280941","15281250","42","14416613"
"KN294262v1","1188706","1188872","JH378135","381040","381211","28","807666"
"KN294262v1","1283635","1283947","JH378159","2499572","2499879","48","1215937"
"KN294262v1","1426576","1426857","JH378116","28833614","28833902","40","27407038"
"KN294262v1","1548533","1548844","JH378239","3940828","3941139","34","2392295"
"KN294262v1","1549248","1549561","JH378130","10895986","10896291","45","9346738"
"KN294262v1","1552718","1552996","JH378157","13020085","13020360","48","11467367"
"KN294262v1","1652224","1652502","JH378185","279890","280186","42","1372334"
"KN294262v1","1750460","1750767","JH378126","21026752","21027059","50","19276292"
"KN294262v1","1825514","1825820","JH378126","21026752","21027059","34","19201238"
"KN294262v1","1954664","1954946","JH378114","19879748","19880033","33","17925084"
"KN294262v1","2281749","2282053","JH378197","7145768","7146073","36","4864019"
"KN294262v1","2902933","2903196","JH378128","7150748","7151012","31","4247815"
"KN294264v1","154048","154353","JH378255","1560098","1560402","33","1406050"
"KN294264v1","220698","220996","JH378187","2906095","2906405","46","2685397"
"KN294264v1","243290","243572","JH378105","51538034","51538320","43","51294744"
"KN294264v1","300688","300971","JH378231","4312542","4312824","31","4011854"
"KN294264v1","455520","455829","JH378181","2052926","2053235","31","1597406"
"KN294264v1","494376","494680","JH378126","21026752","21027059","32","20532376"
"KN294266v1","399452","399757","JH378113","12403182","12403482","39","12003730"
"KN294266v1","415782","416081","JH378132","14268943","14269240","38","13853161"
"KN294266v1","455605","455888","JH378288","933022","933305","32","477417"
"KN294266v1","873269","873554","JH378106","3052818","3053105","33","2179549"
"KN294266v1","939333","939642","JH378119","32165812","32166119","48","31226479"
"KN294267v1","181550","181827","JH378117","28444039","28444330","53","28262489"
"KN294269v1","8251","8554","JH378176","1064423","1064726","39","1056172"
"KN294269v1","12659","12942","JH378378","67517","67804","38","54858"
"KN294269v1","14820","15114","JH378138","2879336","2879632","40","2864516"
"KN294269v1","28559","28851","JH378113","8130758","8131059","42","8102199"
"KN294269v1","63223","63506","JH378189","1311182","1311467","35","1247959"
"KN294269v1","129343","129651","JH378113","28428906","28429220","36","28299563"
"KN294269v1","158837","159149","JH378281","2950232","2950541","37","2791395"
"KN294269v1","161640","161932","JH378137","7407944","7408236","31","7246304"
"KN294269v1","199933","200232","JH378110","32305325","32305628","37","32105392"
"KN294269v1","231399","231686","JH378118","27503431","27503730","38","27272032"
"KN294269v1","259324","259624","JH378257","87786","88089","34","171538"
"KN294269v1","271996","272276","JH378279","102782","103056","27","169214"
"KN294269v1","284067","284373","JH378197","7145768","7146073","31","6861701"
"KN294269v1","298326","298637","JH378152","11654622","11654934","37","11356296"
"KN294269v1","300142","300433","JH378184","115740","116043","50","184402"
"KN294269v1","302023","302320","JH378252","1272655","1272952","51","970632"
"KN294269v1","418199","418418","JH378110","30347433","30347646","33","29929234"
"KN294269v1","430849","431178","JH378258","1183082","1183399","52","752233"
"KN294269v1","457548","457845","AGCE01150449","839","1138","41","456709"
"KN294269v1","458011","458319","JH378110","38852916","38853220","38","38394905"
"KN294269v1","459412","459694","JH378106","63648485","63648770","36","63189073"
"KN294269v1","548631","548925","JH378110","39706997","39707294","33","39158366"
"KN294269v1","552302","552560","JH378111","3992165","3992419","30","3439863"
"KN294269v1","561207","561480","JH378149","5138581","5138857","39","4577374"
"KN294269v1","607096","607389","JH378134","15502524","15502814","31","14895428"
"KN294269v1","655772","656085","JH378151","3425613","3425919","51","2769841"
"KN294269v1","657631","657926","JH378186","9105917","9106213","34","8448286"
"KN294269v1","659087","659336","JH378278","2921341","2921589","35","2262254"
"KN294269v1","662133","662417","JH378111","19524517","19524801","30","18862384"
"KN294269v1","667527","667831","JH378106","11638564","11638867","37","10971037"
"KN294269v1","701825","702130","JH378113","6613006","6613316","40","5911181"
"KN294269v1","704792","705076","JH378106","63648485","63648770","29","62943693"
"KN294269v1","720186","720484","JH378140","4467793","4468086","41","3747607"
"KN294269v1","730607","730914","JH378197","7145768","7146073","39","6415161"
"KN294269v1","730928","731230","JH378198","4581343","4581641","36","3850415"
"KN294269v1","738228","738463","JH378158","13279710","13279942","31","12541482"
"KN294269v1","758992","759293","JH378153","5500130","5500427","39","4741138"
"KN294269v1","774115","774394","JH378305","1335286","1335564","37","561171"
"KN294269v1","782655","782956","JH378170","4783494","4783792","33","4000839"
"KN294269v1","794763","795030","JH378129","11457553","11457829","35","10662790"
"KN294269v1","797139","797429","JH378180","365735","366022","30","431404"
"KN294269v1","802132","802438","JH378115","16925265","16925575","38","16123133"
"KN294269v1","853637","853947","JH378192","8228966","8229275","47","7375329"
"KN294269v1","872592","872894","JH378206","4086994","4087300","34","3214402"
"KN294269v1","999711","999982","JH378151","7414817","7415082","40","6415106"
"KN294269v1","1113838","1114141","JH378115","25570507","25570808","28","24456669"
"KN294269v1","1141705","1142011","JH378220","1050933","1051232","37","90772"
"KN294269v1","1183473","1183770","JH378165","12577579","12577876","43","11394106"
"KN294269v1","1230996","1231286","JH378167","8547558","8547847","32","7316562"
"KN294269v1","1325959","1326262","JH378138","5380451","5380753","38","4054492"
"KN294269v1","1344473","1344735","JH378201","7238560","7238822","32","5894087"
"KN294269v1","1394360","1394654","JH378151","16523870","16524149","55","15129510"
"KN294269v1","1433934","1434245","JH378113","28428906","28429220","38","26994972"
"KN294269v1","1514283","1514568","JH378137","2575366","2575654","36","1061083"
"KN294271v1","7067","7378","JH378171","6181069","6181379","38","6174002"
"KN294271v1","40634","40939","JH378171","6181069","6181379","37","6140435"
"KN294271v1","115225","115337","JH378116","22517416","22517528","10","22402191"
"KN294271v1","163732","164022","JH378216","7124506","7124797","28","6960774"
"KN294271v1","369784","370039","JH378139","2679607","2679865","36","2309823"
"KN294271v1","380521","380803","JH378144","7596090","7596371","34","7215569"
"KN294271v1","426083","426378","JH378151","3515305","3515602","36","3089222"
"KN294271v1","471727","472038","JH378114","31670723","31671027","39","31198996"
"KN294271v1","607059","607345","JH378211","2363770","2364063","41","1756711"
"KN294271v1","709374","709579","JH378120","29043459","29043662","31","28334085"
"KN294271v1","912999","913306","JH378129","11952764","11953070","40","11039765"
"KN294273v1","23946","24254","JH378113","6692573","6692881","43","6668627"
"KN294273v1","101364","101663","JH378111","11215361","11215656","38","11113997"
"KN294273v1","105345","105644","JH378232","5456587","5456885","30","5351242"
"KN294275v1","32086","32391","JH378110","1915490","1915795","41","1883404"
"KN294278v1","78769","79060","JH378111","34752625","34752917","32","34673856"
"KN294278v1","92269","92479","JH378141","13469997","13470198","34","13377728"
"KN294279v1","14221","14524","JH378114","36976328","36976626","37","36962107"
"KN294279v1","107954","108254","JH378124","15582898","15583197","35","15474944"
"KN294279v1","142918","143211","JH378285","2139835","2140126","51","1996917"
"KN294279v1","143252","143262","JH378189","7208291","7208302","4","7065039"
"KN294279v1","163729","164069","JH378260","2282137","2282463","50","2118408"
"KN294279v1","184236","184546","JH378253","315934","316240","33","131698"
"KN294279v1","250945","251198","JH378149","2836824","2837076","39","2585879"
"KN294279v1","294058","294359","JH378125","15893280","15893581","38","15599222"
"KN294279v1","297988","298291","JH378115","25570507","25570808","30","25272519"
"KN294279v1","404775","405086","JH378120","18064684","18064995","45","17659909"
"KN294279v1","599082","599383","JH378111","16327122","16327424","41","15728040"
"KN294279v1","620259","620408","JH378124","2555812","2555970","21","1935553"
"KN294279v1","1042269","1042577","JH378114","31670723","31671027","39","30628454"
"KN294279v1","1061665","1061958","JH378206","1272655","1272943","54","210990"
"KN294281v1","29127","29436","JH378245","2888977","2889288","38","2859850"
"KN294281v1","304019","304323","JH378151","4588860","4589163","35","4284841"
"KN294281v1","529617","529842","JH378149","3162061","3162279","29","2632444"
"KN294281v1","763218","763521","JH378142","5865502","5865800","33","5102284"
"KN294281v1","792928","793187","JH378151","8486123","8486386","43","7693195"
"KN294281v1","794799","795109","JH378141","16136077","16136388","38","15341278"
"KN294281v1","859690","859998","JH378250","921038","921349","45","61348"
"KN294281v1","894053","894344","JH378137","7407944","7408236","33","6513891"
"KN294281v1","1041398","1041698","JH378255","1560098","1560402","33","518700"
"KN294281v1","1449989","1450285","JH378117","24258354","24258650","35","22808365"
"KN294284v1","58255","58553","JH378199","4482107","4482408","37","4423852"
"KN294284v1","69807","70112","JH378216","4224502","4224803","33","4154695"
"KN294284v1","88898","89164","JH378157","10852841","10853102","29","10763943"
"KN294284v1","95489","95789","JH378293","1524576","1524874","40","1429087"
"KN294284v1","98610","98911","JH378110","38574281","38574582","42","38475671"
"KN294284v1","103210","103479","JH378127","24612564","24612827","36","24509354"
"KN294284v1","113720","114018","JH378199","1071038","1071332","37","957318"
"KN294284v1","114716","114984","JH378225","797427","797688","43","682711"
"KN294284v1","123855","123971","JH378116","24052629","24052743","13","23928774"
"KN294284v1","129120","129410","JH378139","16259084","16259375","38","16129964"
"KN294287v1","56470","56761","JH378122","6511121","6511412","49","6454651"
"KN294287v1","99984","100279","JH378223","258417","258711","34","158433"
"KN294287v1","110397","110702","JH378212","2641281","2641580","38","2530884"
"KN294287v1","128048","128352","JH378124","17923330","17923624","36","17795282"
"KN294287v1","163085","163401","JH378262","799267","799573","49","636182"
"KN294287v1","269418","269710","JH378151","8381511","8381803","30","8112093"
"KN294287v1","272497","272571","JH378118","966943","967018","6","694446"
"KN294287v1","343416","343717","JH378108","50711170","50711475","41","50367754"
"KN294287v1","357937","358249","JH378158","8002135","8002443","37","7644198"
"KN294287v1","399247","399376","JH378214","6548663","6548794","20","6149416"
"KN294287v1","414440","414739","JH378121","19920880","19921179","30","19506440"
"KN294287v1","416460","416763","JH378144","9593157","9593456","32","9176697"
"KN294287v1","420184","420485","JH378106","6826425","6826714","39","6406241"
"KN294287v1","455041","455339","JH378114","7122925","7123229","42","6667884"
"KN294287v1","459998","460291","JH378113","17279344","17279644","37","16819346"
"KN294287v1","460421","460730","JH378105","54654842","54655153","36","54194421"
"KN294287v1","489190","489540","JH378105","16387360","16387679","74","15898170"
"KN294287v1","500002","500085","JH378154","16119394","16119476","9","15619392"
"KN294287v1","515873","516154","JH378115","35423177","35423452","49","34907304"
"KN294287v1","540159","540306","JH378110","29514495","29514642","19","28974336"
"KN294287v1","545518","545740","JH378127","6218557","6218771","43","5673039"
"KN294287v1","565841","566143","JH378122","6511121","6511412","42","5945280"
"KN294287v1","622670","622952","JH378152","10737028","10737308","32","10114358"
"KN294287v1","630626","630922","JH378116","28869529","28869826","37","28238903"
"KN294287v1","631203","631454","JH378281","1622250","1622509","42","991047"
"KN294287v1","633391","633692","JH378121","28319189","28319488","33","27685798"
"KN294287v1","666788","667095","JH378173","5950754","5951057","43","5283966"
"KN294287v1","787794","787840","JH378107","3373557","3373604","6","2585763"
"KN294287v1","818282","818561","JH378193","3248833","3249099","40","2430551"
"KN294287v1","854567","854858","JH378128","4093117","4093408","38","3238550"
"KN294287v1","879569","879874","JH378151","9408406","9408707","43","8528837"
"KN294287v1","883246","883543","JH378170","4783494","4783792","31","3900248"
"KN294287v1","883799","884119","JH378144","7534414","7534722","49","6650615"
"KN294287v1","925798","926109","JH378167","5351158","5351469","36","4425360"
"KN294287v1","969046","969356","JH378105","6199598","6199901","37","5230552"
"KN294287v1","1011766","1012066","JH378115","25570507","25570808","36","24558741"
"KN294287v1","1022088","1022371","JH378171","5520107","5520389","33","4498019"
"KN294289v1","9384","9689","JH378137","16621878","16622184","40","16612494"
"KN294289v1","154675","154973","JH378173","4538138","4538442","40","4383463"
"KN294289v1","165218","165503","JH378137","17271511","17271797","30","17106293"
"KN294289v1","301093","301385","JH378137","17271511","17271797","36","16970418"
"KN294289v1","361623","361914","JH378106","69239155","69239449","35","68877532"
"KN294289v1","517840","518133","JH378199","1071038","1071332","32","553198"
"KN294289v1","546926","547233","JH378167","5351158","5351469","31","4804232"
"KN294289v1","775249","775518","JH378173","6043976","6044232","42","5268727"
"KN294289v1","780605","780908","JH378228","5509057","5509356","35","4728452"
"KN294291v1","11126","11197","JH378305","331889","331961","16","320763"
"KN294291v1","117697","118000","JH378105","6199598","6199901","28","6081901"
"KN294291v1","162719","163030","JH378115","23108144","23108450","34","22945425"
"KN294291v1","183928","184223","JH378122","27904578","27904866","49","27720650"
"KN294291v1","233627","233891","JH378213","7375659","7375918","41","7142032"
"KN294291v1","253579","253822","JH378171","1354455","1354697","37","1100876"
"KN294291v1","321077","321132","JH378159","2481156","2481209","9","2160079"
"KN294291v1","412278","412378","JH378126","24115264","24115364","10","23702986"
"KN294291v1","528745","528979","JH378125","8048471","8048709","37","7519726"
"KN294291v1","853997","854011","JH378321","454451","454463","4","399546"
"KN294291v1","854043","854325","JH378114","20276504","20276786","38","19422461"
"KN294291v1","864245","864547","JH378115","22492113","22492415","37","21627868"
"KN294291v1","987066","987360","JH378121","28319189","28319488","44","27332123"
"KN294292v1","13337","13640","JH378316","409965","410264","39","396628"
"KN294292v1","25667","25972","JH378105","4190308","4190610","36","4164641"
"KN294292v1","50070","50372","JH378220","1050933","1051232","37","1000863"
"KN294292v1","72581","72885","JH378115","33116112","33116419","39","33043531"
"KN294292v1","78185","78500","JH378279","1785224","1785536","35","1707039"
"KN294292v1","126593","126883","JH378198","1596143","1596429","42","1469550"
"KN294292v1","166253","166574","JH378167","5351158","5351469","47","5184905"
"KN294294v1","33835","34126","JH378139","16259084","16259375","33","16225249"
"KN294294v1","116393","116698","JH378107","7184182","7184485","38","7067789"
"KN294294v1","134837","135002","JH378205","6658247","6658406","29","6523410"
"KN294294v1","141487","141756","JH378134","16278207","16278478","32","16136720"
"KN294294v1","152285","152576","JH378157","9676550","9676840","30","9524265"
"KN294294v1","156616","156871","JH378170","3000838","3001099","37","2844222"
"KN294294v1","194663","194962","JH378220","2784017","2784313","32","2589354"
"KN294294v1","196293","196605","JH378106","60843849","60844159","35","60647556"
"KN294294v1","223740","224038","JH378170","4783494","4783792","32","4559754"
"KN294299v1","22910","23208","JH378138","5283706","5284008","44","5260796"
"KN294299v1","228059","228354","JH378242","97287","97580","49","130772"
"KN294299v1","286757","287067","JH378163","12995767","12996076","41","12709010"
"KN294302v1","24222","24533","JH378126","21026752","21027059","35","21002530"
"KN294302v1","146978","147264","JH378224","3408579","3408861","41","3261601"
"KN294302v1","675941","676225","JH378138","5260489","5260773","45","4584548"
"KN294302v1","687221","687520","JH378179","1841978","1842282","33","1154757"
"KN294302v1","810129","810438","JH378182","7494882","7495193","40","6684753"
"KN294303v1","45877","46172","JH378246","2154157","2154450","36","2108280"
"KN294303v1","102563","102889","JH378253","315934","316240","48","213371"
"KN294303v1","236406","236717","JH378152","11654622","11654934","42","11418216"
"KN294303v1","243708","244019","JH378205","4210070","4210380","37","3966362"
"KN294303v1","265161","265458","JH378118","27574251","27574547","33","27309090"
"KN294303v1","272480","272780","JH378122","10686670","10686967","35","10414190"
"KN294303v1","284700","284987","JH378171","6649331","6649621","36","6364631"
"KN294303v1","286670","286964","JH378144","1051949","1052248","38","765279"
"KN294303v1","288180","288345","JH378186","8398633","8398795","23","8110453"
"KN294303v1","292225","292531","JH378114","21497285","21497594","44","21205060"
"KN294303v1","294345","294620","JH378177","6664715","6664994","40","6370370"
"KN294303v1","295347","295654","JH378115","25041145","25041450","34","24745798"
"KN294303v1","298876","299163","JH378105","5083926","5084210","48","4785050"
"KN294303v1","304135","304434","JH378260","108900","109196","44","195235"
"KN294303v1","309922","310205","JH378194","7594944","7595227","39","7285022"
"KN294303v1","335910","336193","JH378312","413495","413782","38","77585"
"KN294303v1","343622","343899","JH378177","10155389","10155665","38","9811767"
"KN294304v1","96538","96833","JH378110","39706997","39707294","29","39610459"
"KN294304v1","132050","132369","JH378193","3718023","3718334","41","3585973"
"KN294318v1","169246","169568","JH378110","37105808","37106120","47","36936562"
"KN294318v1","176029","176339","JH378126","21026752","21027059","38","20850723"
"KN294318v1","196785","197084","JH378135","17980410","17980708","41","17783625"
"KN294318v1","242973","243284","JH378158","3522926","3523235","36","3279953"
"KN294318v1","297655","297968","JH378320","58622","58932","41","239033"
"KN294318v1","334107","334403","JH378139","18955642","18955939","40","18621535"
"KN294318v1","407771","408070","JH378218","1444881","1445185","39","1037110"
"KN294318v1","419727","419863","JH378150","2834978","2835116","23","2415251"
"KN294325v1","18178","18489","JH378187","2906095","2906405","32","2887917"
"KN294325v1","48102","48402","JH378115","33380973","33381275","44","33332871"
"KN294325v1","59794","60087","JH378161","1776447","1776748","48","1716653"
"KN294325v1","92107","92376","JH378106","59736126","59736394","35","59644019"
"KN294325v1","98121","98272","JH378115","21768661","21768812","24","21670540"
"KN294325v1","110207","110503","JH378106","8294885","8295176","42","8184678"
"KN294325v1","160876","161175","JH378110","38574281","38574582","33","38413405"
"KN294325v1","168724","169014","JH378282","2802861","2803151","43","2634137"
"KN294325v1","174590","174894","JH378125","14523074","14523380","35","14348484"
"KN294325v1","191513","191708","JH378106","48875000","48875197","32","48683487"
"KN294325v1","221570","221845","JH378174","2011009","2011284","41","1789439"
"KN294325v1","232901","233168","JH378110","34075308","34075574","41","33842407"
"KN294325v1","320878","321185","JH378124","11115297","11115604","43","10794419"
"KN294325v1","363349","363566","JH378132","11065443","11065661","36","10702094"
"KN294325v1","364765","365047","JH378106","3052818","3053105","46","2688053"
"KN294325v1","368103","368388","JH378216","7124506","7124797","48","6756403"
"KN294325v1","418674","418961","JH378109","3057870","3058155","43","2639196"
"KN294325v1","469650","469947","JH378114","42074769","42075069","45","41605119"
"KN294325v1","479336","479628","JH378114","42074769","42075069","44","41595433"
"KN294325v1","506957","507267","JH378173","9055905","9056209","43","8548948"
"KN294325v1","538793","539109","JH378112","33214699","33215012","50","32675906"
"KN294325v1","544038","544325","JH378111","19524517","19524801","38","18980479"
"KN294325v1","568262","568545","JH378144","6527039","6527321","38","5958777"
"KN294325v1","640227","640518","JH378115","28712376","28712673","34","28072149"
"KN294325v1","680819","681127","JH378110","38852916","38853220","37","38172097"
"KN294325v1","691214","691518","JH378171","2797330","2797637","34","2106116"
"KN294325v1","705465","705775","JH378185","841607","841910","31","136142"
"KN294325v1","713967","714263","JH378262","88772","89069","44","625195"
"KN294325v1","720477","720779","JH378170","4783494","4783792","37","4063017"
"KN294325v1","749690","749996","JH378181","4962993","4963298","39","4213303"
"KN294325v1","799885","800195","JH378263","560668","560979","40","239217"
"KN294325v1","908307","908591","JH378106","60431918","60432202","40","59523611"
"KN294325v1","909808","909892","JH378109","16431928","16432010","14","15522120"
"KN294325v1","972553","972839","JH378139","19252318","19252611","38","18279765"
"KN294325v1","988412","988678","JH378127","24612564","24612827","38","23624152"
"KN294325v1","1032549","1032711","JH378114","19797587","19797748","22","18765038"
"KN294325v1","1032712","1033053","JH378148","3660291","3660624","62","2627579"
"KN294325v1","1065110","1065401","JH378153","10913684","10913974","36","9848574"
"KN294325v1","1080450","1080756","JH378197","7145768","7146073","31","6065318"
"KN294325v1","1158770","1159076","JH378264","2773729","2774039","35","1614959"
"KN294325v1","1161213","1161516","JH378213","3856131","3856433","38","2694918"
"KN294325v1","1179930","1180240","JH378255","1002492","1002798","37","177438"
"KN294325v1","1353028","1353334","JH378139","10082446","10082743","51","8729418"
"KN294325v1","1370800","1371082","JH378246","2401172","2401453","44","1030372"
"KN294325v1","1386406","1386680","JH378144","1448431","1448705","46","62025"
"KN294325v1","1398173","1398255","JH378136","7444928","7445011","11","6046755"
"KN294326v1","2576","2881","JH378119","11297197","11297495","39","11294621"
"KN294326v1","5049","5353","JH378242","1105713","1106014","49","1100664"
"KN294326v1","14433","14719","JH378111","19524517","19524801","34","19510084"
"KN294326v1","16419","16711","JH378143","3682835","3683127","38","3666416"
"KN294326v1","23340","23645","JH378112","33214699","33215012","46","33191359"
"KN294326v1","29666","29975","JH378118","12034895","12035199","37","12005229"
"KN294326v1","48168","48476","JH378316","245997","246306","45","197829"
"KN294326v1","103612","103897","JH378128","4865898","4866189","41","4762286"
"KN294326v1","114660","114970","JH378126","21026752","21027059","34","20912092"
"KN294326v1","121896","122207","JH378255","1560098","1560402","41","1438202"
"KN294326v1","154275","154583","JH378126","21026752","21027059","30","20872477"
"KN294326v1","201124","201305","JH378119","21901301","21901473","29","21700177"
"KN294326v1","221716","222015","JH378139","19415987","19416286","34","19194271"
"KN294326v1","229791","230074","JH378114","29675067","29675349","28","29445276"
"KN294326v1","272573","272872","JH378293","1524576","1524874","32","1252003"
"KN294326v1","298090","298403","JH378113","6613006","6613316","36","6314916"
"KN294326v1","323592","323895","JH378107","7086674","7086981","29","6763082"
"KN294326v1","371891","372178","JH378118","14784020","14784304","38","14412129"
"KN294326v1","429165","429445","JH378115","31744208","31744484","35","31315043"
"KN294326v1","455515","455793","JH378117","28868265","28868550","41","28412750"
"KN294326v1","462379","462682","JH378206","1094037","1094338","36","631658"
"KN294326v1","465551","465846","JH378110","32430844","32431129","46","31965293"
"KN294326v1","468381","468684","JH378129","10258595","10258896","39","9790214"
"KN294326v1","469769","470071","JH378107","4644510","4644812","31","4174741"
"KN294326v1","489234","489525","JH378105","13484306","13484597","47","12995072"
"KN294326v1","510815","510985","JH378106","59484451","59484620","22","58973636"
"KN294326v1","511296","511426","JH378137","16178972","16179100","16","15667676"
"KN294326v1","541799","542061","JH378105","56511616","56511880","44","55969817"
"KN294326v1","591989","592222","JH378222","3038423","3038656","29","2446434"
"KN294326v1","598243","598534","JH378150","10168414","10168699","52","9570171"
"KN294326v1","603078","603361","JH378291","1690883","1691167","32","1087805"
"KN294326v1","630123","630351","JH378116","19331883","19332091","45","18701760"
"KN294326v1","647234","647544","JH378207","4818937","4819241","38","4171703"
"KN294326v1","653241","653506","JH378105","56511616","56511880","38","55858375"
"KN294326v1","657757","658062","JH378129","10258595","10258896","34","9600838"
"KN294326v1","664897","665207","JH378112","33214699","33215012","40","32549802"
"KN294326v1","677779","678015","JH378158","12020955","12021179","54","11343176"
"KN294326v1","725758","726041","JH378132","20715333","20715620","44","19989575"
"KN294326v1","727450","727751","JH378110","12146106","12146409","38","11418656"
"KN294326v1","731575","731884","JH378110","32975507","32975812","31","32243932"
"KN294326v1","747503","747791","JH378106","6826425","6826714","33","6078922"
"KN294326v1","747969","748257","JH378284","239562","239856","40","508407"
"KN294326v1","789482","789638","AGCE01150129","315","471","28","789167"
"KN294326v1","797771","798081","JH378241","2757982","2758293","38","1960211"
"KN294329v1","888","1184","JH378163","13372336","13372629","26","13371448"
"KN294329v1","3236","3546","JH378139","18632207","18632516","31","18628971"
"KN294331v1","56772","56986","JH378160","8189169","8189387","33","8132397"
"KN294335v1","591969","592271","JH378314","396475","396775","39","195494"
"KN294335v1","632092","632391","JH378133","22138850","22139145","39","21506758"
"KN294335v1","676492","676583","JH378309","1184351","1184438","11","507859"
"KN294336v1","933","1217","JH378134","15638489","15638767","43","15637556"
"KN294336v1","20982","21276","JH378129","10158605","10158898","33","10137623"
"KN294336v1","22020","22322","JH378105","4190308","4190610","41","4168288"
"KN294336v1","29748","29980","JH378166","2122596","2122823","55","2092848"
"KN294336v1","31726","32057","JH378112","35020878","35021202","49","34989152"
"KN294336v1","38508","38814","JH378242","1105713","1106014","27","1067205"
"KN294338v1","5347","5637","JH378170","4783494","4783792","34","4778147"
"KN294338v1","9391","9702","JH378120","16327645","16327955","32","16318254"
"KN294338v1","18092","18402","JH378110","38852916","38853220","38","38834824"
"KN294339v1","16786","16943","JH378164","9341233","9341390","20","9324447"
"KN294339v1","26012","26179","AGCE01149740","1081","1246","17","24931"
"KN294339v1","41791","41968","JH378114","37038173","37038344","25","36996382"
"KN294339v1","44797","45093","JH378153","16100407","16100707","38","16055610"
"KN294339v1","50581","50802","JH378278","2879645","2879865","20","2829064"
"KN294339v1","66338","66653","JH378193","9064556","9064861","36","8998218"
"KN294339v1","102983","103168","JH378134","15614882","15615086","42","15511899"
"KN294339v1","108833","109135","JH378151","4318339","4318636","32","4209506"
"KN294339v1","142141","142444","JH378206","1165226","1165533","39","1023085"
"KN294343v1","18383","18676","JH378135","3624002","3624295","36","3605619"
"KN294345v1","160101","160408","JH378110","38574281","38574582","44","38414180"
"KN294345v1","278158","278469","JH378112","33947920","33948232","48","33669762"
"KN294345v1","345115","345289","JH378130","23270743","23270915","26","22925628"
"KN294345v1","345601","345703","JH378153","3142990","3143095","25","2797389"
"KN294345v1","584797","585095","JH378111","42029012","42029308","48","41444215"
"KN294345v1","671860","672106","JH378170","1685079","1685329","39","1013219"
"KN294345v1","847862","848165","JH378108","30731255","30731558","36","29883393"
"KN294345v1","936595","936896","JH378232","2705326","2705628","39","1768731"
"KN294345v1","1005543","1005703","JH378123","7015192","7015354","21","6009649"
"KN294345v1","1098006","1098035","JH378105","31065877","31065908","11","29967871"
"KN294345v1","1098061","1098332","JH378120","31630637","31630909","37","30532576"
"KN294345v1","1393804","1393934","JH378108","22034456","22034588","14","20640652"
"KN294345v1","1414833","1415129","JH378115","28712376","28712673","32","27297543"
"KN294345v1","1549909","1550223","JH378141","16136077","16136388","41","14586168"
"KN294345v1","1687000","1687111","JH378213","204206","204316","14","1482794"
"KN294345v1","1706294","1706576","JH378183","5085328","5085606","46","3379034"
"KN294345v1","1710572","1710885","JH378125","18989503","18989811","33","17278931"
"KN294345v1","1738770","1739074","JH378106","6434398","6434702","37","4695628"
"KN294345v1","1743654","1743748","JH378109","12383600","12383690","18","10639946"
"KN294345v1","1759505","1759814","JH378151","13413694","13413997","43","11654189"
"KN294345v1","1774551","1774853","JH378160","14481698","14482001","35","12707147"
"KN294345v1","1815374","1815656","JH378198","1596143","1596429","32","219231"
"KN294345v1","1828246","1828490","JH378106","66881924","66882170","32","65053678"
"KN294345v1","1891835","1892137","JH378115","28712376","28712673","37","26820541"
"KN294345v1","2012855","2013154","JH378159","837474","837769","33","1175381"
"KN294345v1","2045197","2045497","JH378228","5509057","5509356","35","3463860"
"KN294345v1","2088374","2088707","JH378126","21026752","21027059","54","18938378"
"KN294345v1","2089588","2089886","JH378124","15582898","15583197","24","13493310"
"KN294345v1","2148964","2149260","JH378199","1071038","1071332","37","1077926"
"KN294345v1","2190880","2191047","JH378121","15971297","15971457","29","13780417"
"KN294346v1","27465","27771","JH378195","3091474","3091788","47","3064009"
"KN294346v1","111138","111449","JH378126","21026752","21027059","45","20915614"
"KN294346v1","171313","171623","JH378158","3522926","3523235","43","3351613"
"KN294346v1","173926","174239","JH378158","3522926","3523235","29","3349000"
"KN294346v1","224895","225203","JH378204","2665841","2666145","37","2440946"
"KN294346v1","267218","267529","JH378197","7145768","7146073","37","6878550"
"KN294346v1","270381","270560","JH378152","14169121","14169298","27","13898740"
"KN294346v1","272755","273051","JH378229","2791774","2792064","42","2519019"
"KN294346v1","318507","318803","JH378177","1645001","1645296","32","1326494"
"KN294346v1","319624","319925","JH378113","5116740","5117037","41","4797116"
"KN294346v1","343136","343430","JH378110","39706997","39707294","33","39363861"
"KN294346v1","344062","344319","JH378143","8621971","8622229","36","8277909"
"KN294346v1","352407","352709","JH378117","15764918","15765216","40","15412511"
"KN294346v1","367166","367466","JH378157","9173410","9173709","26","8806244"
"KN294346v1","369621","369932","JH378320","58622","58932","28","310999"
"KN294346v1","372903","373205","JH378125","15156999","15157299","37","14784096"
"KN294346v1","377934","378236","JH378166","2405777","2406078","32","2027843"
"KN294346v1","384259","384542","JH378169","3247221","3247500","40","2862962"
"KN294346v1","389239","389408","JH378116","16437125","16437296","19","16047886"
"KN294346v1","389717","389832","JH378109","49132842","49132957","10","48743125"
"KN294346v1","395215","395520","JH378119","6124403","6124708","37","5729188"
"KN294346v1","396546","396842","JH378110","29407125","29407428","41","29010579"
"KN294346v1","420552","420845","JH378173","4202525","4202813","39","3781973"
"KN294346v1","429463","429672","JH378235","5655329","5655537","30","5225866"
"KN294346v1","441318","441621","JH378112","13020786","13021090","35","12579468"
"KN294346v1","457851","458148","JH378112","24286636","24286939","33","23828785"
"KN294346v1","530192","530486","JH378137","418029","418333","41","112163"
"KN294346v1","535811","536100","JH378222","383603","383894","38","152208"
"KN294346v1","536447","536746","JH378159","1426954","1427245","43","890507"
"KN294346v1","554506","554783","JH378246","562506","562779","43","8000"
"KN294346v1","575868","576167","JH378171","5736292","5736597","33","5160424"
"KN294346v1","606636","606925","JH378124","1058510","1058801","37","451874"
"KN294349v1","228604","228902","JH378159","15717599","15717893","36","15488995"
"KN294349v1","286625","286895","JH378195","7217002","7217274","44","6930377"
"KN294351v1","23311","23607","JH378105","38546959","38547253","33","38523648"
"KN294351v1","62282","62521","JH378125","7358700","7358942","41","7296418"
"KN294351v1","63356","63498","JH378146","833179","833318","25","769823"
"KN294362v1","2","196","JH378213","361361","361554","30","361359"
"KN294363v1","26844","27138","JH378110","13953259","13953553","26","13926415"
"KN294364v1","338969","339280","JH378120","16327645","16327955","34","15988676"
"KN294365v1","292066","292356","JH378109","11980772","11981051","54","11688706"
"KN294365v1","384471","384654","JH378260","560578","560765","50","176107"
"KN294365v1","541692","541997","JH378131","770886","771191","40","229194"
"KN294365v1","570591","570899","JH378124","15582898","15583197","43","15012307"
"KN294365v1","662361","662539","JH378140","1043542","1043716","21","381181"
"KN294365v1","662857","662992","JH378176","9356934","9357066","15","8694077"
"KN294365v1","691977","692270","JH378151","8652626","8652916","32","7960649"
"KN294365v1","719092","719392","JH378170","4783494","4783792","33","4064402"
"KN294365v1","725698","725997","JH378170","4783494","4783792","30","4057796"
"KN294365v1","821749","822047","JH378116","30405850","30406158","50","29584101"
"KN294365v1","839626","839921","JH378139","16259084","16259375","39","15419458"
"KN294365v1","889480","889787","JH378146","9754214","9754514","40","8864734"
"KN294365v1","905154","905440","JH378125","1506753","1507044","35","601599"
"KN294365v1","965464","965763","JH378127","20885536","20885841","46","19920072"
"KN294365v1","970995","971279","JH378106","63648485","63648770","36","62677490"
"KN294365v1","979431","979722","JH378157","9676550","9676840","34","8697119"
"KN294365v1","986214","986499","JH378147","12499054","12499335","40","11512840"
"KN294365v1","997219","997513","JH378137","418029","418333","39","579190"
"KN294365v1","1006360","1006661","JH378106","67673352","67673658","39","66666992"
"KN294365v1","1009088","1009389","JH378111","20603266","20603567","31","19594178"
"KN294365v1","1010708","1011019","JH378165","5178810","5179119","42","4168102"
"KN294365v1","1017964","1018270","JH378126","23919556","23919859","36","22901592"
"KN294365v1","1040166","1040457","JH378224","3111148","3111436","36","2070982"
"KN294365v1","1097594","1097885","JH378176","9716970","9717264","33","8619376"
"KN294365v1","1148256","1148399","JH378156","15151878","15152026","29","14003622"
"KN294365v1","1240342","1240646","JH378206","4086994","4087300","35","2846652"
"KN294365v1","1278742","1279039","JH378115","4382023","4382316","38","3103281"
"KN294365v1","1339573","1339891","JH378173","2476369","2476687","38","1136796"
"KN294365v1","1383392","1383556","JH378115","35387124","35387288","20","34003732"
"KN294365v1","1610165","1610468","JH378118","12034895","12035199","35","10424730"
"KN294365v1","1613707","1614006","JH378148","3437860","3438152","46","1824153"
"KN294365v1","1621399","1621601","JH378276","3093841","3094042","24","1472442"
"KN294365v1","1869158","1869406","JH378176","5671270","5671515","36","3802112"
"KN294365v1","1869411","1869669","JH378118","34492570","34492829","33","32623159"
"KN294365v1","1888450","1888730","JH378149","2645626","2645897","41","757176"
"KN294365v1","1916817","1917131","JH378214","2749240","2749548","42","832423"
"KN294365v1","1921120","1921425","JH378153","5737225","5737529","38","3816105"
"KN294365v1","1932899","1933201","JH378116","28869529","28869826","45","26936630"
"KN294365v1","1992088","1992383","JH378163","2667861","2668158","37","675773"
"KN294365v1","2026157","2026455","JH378158","4525165","4525460","32","2499008"
"KN294365v1","2039808","2040101","JH378139","15235758","15236059","35","13195950"
"KN294365v1","2047750","2048060","JH378154","14645442","14645751","39","12597692"
"KN294365v1","2065649","2065931","JH378323","366763","367038","42","1698886"
"KN294365v1","2073699","2073995","JH378220","2537784","2538076","28","464085"
"KN294365v1","2081563","2081865","JH378118","1390919","1391217","35","690644"
"KN294366v1","218238","218546","JH378126","21026752","21027059","29","20808514"
"KN294367v1","55626","55878","JH378165","5258282","5258531","48","5202656"
"KN294368v1","1532","1836","JH378140","6602564","6602868","43","6601032"
"KN294372v1","134445","134738","JH378139","15154178","15154472","55","15019733"
"KN294372v1","182206","182501","JH378116","28869529","28869826","40","28687323"
"KN294372v1","184900","185213","JH378111","32787449","32787755","42","32602549"
"KN294372v1","192071","192369","JH378117","16227558","16227854","43","16035487"
"KN294372v1","316223","316513","JH378285","2054128","2054425","42","1737905"
"KN294372v1","369609","369926","JH378115","23201999","23202310","43","22832390"
"KN294372v1","376453","376749","JH378124","15582898","15583197","43","15206445"
"KN294372v1","407463","407763","JH378134","18532482","18532793","44","18125019"
"KN294372v1","431109","431420","JH378242","929841","930152","40","498732"
"KN294372v1","492251","492408","JH378197","7256913","7257070","16","6764662"
"KN294372v1","584139","584309","JH378105","13514656","13514829","30","12930517"
"KN294372v1","612195","612491","JH378235","78251","78548","30","533944"
"KN294372v1","631902","632201","JH378166","10393828","10394130","39","9761926"
"KN294372v1","635069","635352","JH378142","18322987","18323264","41","17687918"
"KN294372v1","637375","637674","JH378151","4318339","4318636","30","3680964"
"KN294372v1","656104","656401","JH378115","28712376","28712673","35","28056272"
"KN294372v1","701781","702079","JH378137","11398263","11398561","31","10696482"
"KN294372v1","712718","713016","JH378291","1333564","1333860","34","620846"
"KN294372v1","724934","725246","JH378105","55488741","55489057","41","54763807"
"KN294372v1","736821","737118","JH378150","8292284","8292583","32","7555463"
"KN294372v1","748250","748551","JH378139","10620092","10620394","36","9871842"
"KN294372v1","749248","749553","JH378197","7145768","7146073","31","6396520"
"KN294372v1","750421","750736","JH378131","5113574","5113885","47","4363153"
"KN294372v1","806009","806312","JH378235","3053133","3053438","36","2247124"
"KN294372v1","831581","831867","JH378139","16259084","16259375","37","15427503"
"KN294372v1","867521","867651","JH378193","795155","795285","18","72366"
"KN294372v1","898929","899229","JH378234","5023436","5023733","38","4124507"
"KN294372v1","901142","901438","JH378113","14455819","14456118","33","13554677"
"KN294372v1","906780","907089","JH378112","21015725","21016036","32","20108945"
"KN294372v1","935401","935712","JH378105","5756615","5756923","41","4821214"
"KN294372v1","948177","948458","JH378153","7392982","7393269","38","6444805"
"KN294372v1","969004","969302","JH378140","15536990","15537288","45","14567986"
"KN294372v1","983581","983878","JH378116","11212241","11212540","43","10228660"
"KN294372v1","984969","985115","JH378107","44202985","44203133","21","43218016"
"KN294372v1","987418","987601","JH378126","23424461","23424642","23","22437043"
"KN294372v1","997534","997839","JH378105","4190308","4190610","39","3192774"
"KN294372v1","1017296","1017603","JH378115","16925265","16925575","43","15907969"
"KN294372v1","1021545","1021857","JH378238","713549","713860","37","307996"
"KN294372v1","1059950","1060265","JH378176","8157064","8157374","38","7097114"
"KN294372v1","1113905","1114063","JH378152","14608917","14609075","21","13495012"
"KN294372v1","1114367","1114501","JH378153","2127454","2127589","10","1013087"
"KN294372v1","1114595","1114736","JH378190","8306381","8306522","11","7191786"
"KN294372v1","1211222","1211530","JH378159","4639338","4639629","51","3428116"
"KN294372v1","1216464","1216754","JH378167","6738146","6738439","38","5521682"
"KN294372v1","1217027","1217317","JH378110","12146106","12146409","58","10929079"
"KN294372v1","1218117","1218427","JH378126","21026752","21027059","39","19808635"
"KN294372v1","1239184","1239495","JH378118","23477784","23478095","39","22238600"
"KN294372v1","1276975","1277267","JH378213","59070","59361","46","1217905"
"KN294372v1","1338704","1338996","JH378157","9676550","9676840","38","8337846"
"KN294372v1","1370872","1371159","JH378156","4449193","4449477","32","3078321"
"KN294372v1","1401269","1401419","JH378125","2382005","2382158","21","980736"
"KN294372v1","1405963","1406139","JH378220","6470411","6470593","19","5064448"
"KN294372v1","1425739","1426037","JH378127","18566293","18566586","30","17140554"
"KN294372v1","1443713","1444009","JH378257","1171708","1172014","47","272005"
"KN294372v1","1446534","1446834","JH378253","315934","316240","32","1130600"
"KN294372v1","1466161","1466372","JH378151","645312","645524","31","820849"
"KN294372v1","1469046","1469341","JH378122","13169953","13170248","38","11700907"
"KN294372v1","1469342","1469619","JH378105","5083926","5084210","36","3614584"
"KN294372v1","1472241","1472520","JH378118","35555096","35555386","56","34082855"
"KN294372v1","1476003","1476298","JH378236","2437491","2437788","43","961488"
"KN294372v1","1479165","1479364","JH378300","1932187","1932385","20","453022"
"KN294372v1","1484012","1484313","JH378115","25041145","25041450","41","23557133"
"KN294372v1","1491569","1491861","JH378111","42787057","42787349","36","41295488"
"KN294372v1","1494042","1494120","JH378194","8973763","8973842","10","7479721"
"KN294372v1","1496203","1496499","JH378115","28712376","28712673","39","27216173"
"KN294372v1","1501274","1501587","JH378225","6457829","6458137","45","4956555"
"KN294372v1","1505508","1505825","JH378107","4879874","4880181","45","3374366"
"KN294372v1","1511079","1511387","JH378124","26840342","26840650","34","25329263"
"KN294372v1","1515011","1515311","JH378229","5039327","5039634","39","3524316"
"KN294372v1","1517377","1517686","JH378115","18743471","18743779","46","17226094"
"KN294372v1","1517816","1518116","JH378117","6784450","6784753","39","5266634"
"KN294372v1","1518888","1519196","JH378182","163451","163752","39","1355437"
"KN294372v1","1520145","1520444","JH378110","10833476","10833772","29","9313331"
"KN294372v1","1521629","1521925","JH378121","17169643","17169941","33","15648014"
"KN294372v1","1523949","1524124","JH378135","381040","381211","31","1142909"
"KN294372v1","1524436","1524571","JH378105","13743525","13743656","20","12219089"
"KN294372v1","1537369","1537671","JH378170","4783494","4783792","38","3246125"
"KN294372v1","1537741","1537905","AGCE01149740","1081","1246","17","1536660"
"KN294372v1","1546770","1547079","JH378111","26701569","26701879","47","25154799"
"KN294372v1","1562635","1562784","JH378115","22186693","22186841","22","20624058"
"KN294372v1","1589713","1590024","JH378263","1865603","1865912","63","275890"
"KN294372v1","1590199","1590498","JH378228","5509057","5509356","30","3918858"
"KN294372v1","1593515","1593812","JH378124","15582898","15583197","44","13989383"
"KN294372v1","1598789","1599099","JH378135","1042676","1042987","35","556113"
"KN294372v1","1601693","1601974","JH378238","696451","696731","41","905242"
"KN294372v1","1604091","1604384","JH378176","9178067","9178359","31","7573976"
"KN294372v1","1619069","1619373","JH378106","63188195","63188504","45","61569126"
"KN294372v1","1621087","1621402","JH378150","10126172","10126487","52","8505085"
"KN294372v1","1624763","1624906","JH378298","1693894","1694032","24","69131"
"KN294372v1","1629278","1629562","JH378137","4144145","4144429","38","2514867"
"KN294372v1","1631679","1631966","JH378124","10046579","10046862","45","8414900"
"KN294372v1","1634397","1634708","JH378149","13012582","13012892","36","11378185"
"KN294372v1","1644312","1644585","JH378161","2561024","2561300","50","916712"
"KN294372v1","1645741","1645953","JH378114","22909223","22909440","25","21263482"
"KN294372v1","1649498","1649793","JH378134","15707540","15707830","35","14058042"
"KN294372v1","1652799","1653093","JH378116","24890259","24890547","46","23237460"
"KN294372v1","1653797","1653834","JH378109","33985050","33985085","7","32331253"
"KN294372v1","1654154","1654304","JH378113","9915860","9915990","49","8261706"
"KN294372v1","1654608","1654742","JH378193","345676","345813","19","1308932"
"KN294372v1","1656936","1657101","JH378243","3795285","3795447","20","2138349"
"KN294372v1","1659915","1660084","JH378212","5012473","5012639","22","3352558"
"KN294372v1","1689345","1689653","JH378113","3185389","3185700","34","1496044"
"KN294372v1","1706479","1706781","JH378288","1088673","1088973","35","617806"
"KN294372v1","1711696","1711993","JH378170","4783494","4783792","34","3071798"
"KN294372v1","1719022","1719316","JH378107","1656497","1656793","42","62525"
"KN294372v1","1719816","1720118","JH378228","5509057","5509356","41","3789241"
"KN294372v1","1723916","1724192","JH378108","34327273","34327542","53","32603357"
"KN294372v1","1731091","1731377","JH378127","23855108","23855401","56","22124017"
"KN294372v1","1734390","1734683","JH378199","4983750","4984049","35","3249360"
"KN294372v1","1740542","1740708","JH378124","2555812","2555970","22","815270"
"KN294372v1","1765229","1765545","JH378108","43842538","43842851","42","42077309"
"KN294372v1","1782692","1783000","JH378137","18261330","18261634","35","16478638"
"KN294372v1","1786169","1786478","JH378144","4985548","4985855","37","3199379"
"KN294372v1","1821933","1822182","JH378193","7906466","7906718","38","6084533"
"KN294372v1","1909685","1909814","JH378113","37603760","37603891","10","35694075"
"KN294372v1","1912026","1912328","JH378114","36976328","36976626","40","35064302"
"KN294372v1","1915935","1916229","JH378118","33551066","33551356","40","31635131"
"KN294372v1","1925546","1925782","JH378158","13279710","13279942","41","11354164"
"KN294372v1","1926430","1926720","JH378153","13857161","13857451","36","11930731"
"KN294372v1","1930989","1931279","JH378115","4038670","4038960","44","2107681"
"KN294372v1","1956685","1956993","JH378197","7145768","7146073","44","5189083"
"KN294372v1","1984473","1984777","JH378126","21026752","21027059","27","19042279"
"KN294372v1","2010691","2010987","JH378170","4783494","4783792","30","2772803"
"KN294372v1","2032505","2032817","JH378148","13179111","13179429","55","11146606"
"KN294372v1","2033202","2033385","JH378129","11959110","11959284","26","9925908"
"KN294372v1","2034166","2034472","JH378271","459308","459608","37","1574858"
"KN294372v1","2038668","2038962","JH378137","17138846","17139141","31","15100178"
"KN294372v1","2039132","2039233","JH378106","10145126","10145228","17","8105994"
"KN294372v1","2057395","2057696","JH378122","5534725","5535030","43","3477330"
"KN294372v1","2066473","2066775","JH378114","36239045","36239343","40","34172572"
"KN294372v1","2067111","2067273","JH378119","239104","239260","21","1828007"
"KN294372v1","2069211","2069514","JH378112","34930069","34930370","46","32860858"
"KN294372v1","2081942","2082073","JH378213","515831","515961","16","1566111"
"KN294372v1","2082074","2082384","JH378148","17201496","17201806","37","15119422"
"KN294372v1","2082385","2082572","JH378109","50687529","50687713","29","48605144"
"KN294372v1","2087274","2087550","JH378108","8324684","8324951","43","6237410"
"KN294372v1","2091041","2091316","JH378144","7596090","7596371","33","5505049"
"KN294372v1","2094681","2094984","JH378173","2173569","2173873","49","78888"
"KN294372v1","2099573","2099872","JH378232","5086123","5086422","38","2986550"
"KN294372v1","2104615","2104790","JH378168","7992559","7992740","23","5887944"
"KN294372v1","2105063","2105197","JH378137","16178972","16179100","19","14073909"
"KN294372v1","2108697","2108999","JH378148","7203966","7204268","40","5095269"
"KN294372v1","2142470","2142783","JH378137","8075014","8075323","53","5932544"
"KN294372v1","2147697","2147982","JH378132","793592","793887","51","1354105"
"KN294372v1","2175334","2175518","JH378112","34277212","34277391","28","32101878"
"KN294372v1","2187202","2187532","JH378139","11329312","11329640","58","9142110"
"KN294372v1","2208240","2208544","JH378119","24000989","24001298","39","21792749"
"KN294372v1","2215260","2215398","JH378170","11501129","11501265","15","9285869"
"KN294372v1","2218133","2218458","JH378113","10070244","10070557","43","7852111"
"KN294372v1","2218637","2218918","JH378114","8619531","8619809","46","6400894"
"KN294372v1","2219908","2220130","JH378112","21148954","21149182","42","18929046"
"KN294372v1","2228749","2229031","JH378115","16519060","16519341","39","14290311"
"KN294372v1","2237798","2238101","JH378148","3164823","3165131","45","927025"
"KN294372v1","2243202","2243506","JH378159","5493568","5493869","35","3250366"
"KN294372v1","2246967","2247261","JH378108","30731255","30731558","38","28484288"
"KN294372v1","2273853","2274140","JH378115","36370112","36370396","35","34096259"
"KN294372v1","2283770","2284076","JH378126","21026752","21027059","44","18742982"
"KN294372v1","2305222","2305423","JH378153","13579770","13579968","32","11274548"
"KN294372v1","2352574","2352866","JH378220","2784017","2784313","43","431443"
"KN294372v1","2362074","2362327","JH378212","595089","595334","32","1766985"
"KN294372v1","2365858","2366146","JH378137","17271511","17271797","41","14905653"
"KN294372v1","2368875","2369094","JH378122","2081880","2082100","31","286995"
"KN294372v1","2400436","2400598","JH378172","5606262","5606427","20","3205826"
"KN294372v1","2401244","2401371","JH378111","25436103","25436231","17","23034859"
"KN294372v1","2447600","2447812","JH378190","201928","202138","27","2245672"
"KN294372v1","2459265","2459570","JH378125","12525444","12525748","42","10066179"
"KN294372v1","2460205","2460509","JH378137","14554585","14554893","35","12094380"
"KN294372v1","2463711","2463995","JH378107","1414272","1414564","48","1049439"
"KN294372v1","2468651","2468948","JH378271","1329150","1329448","34","1139501"
"KN294372v1","2473189","2473503","JH378169","10095684","10095992","42","7622495"
"KN294372v1","2478616","2478918","JH378204","7364429","7364731","40","4885813"
"KN294372v1","2480168","2480281","JH378151","4757254","4757361","12","2277086"
"KN294372v1","2484893","2485201","JH378199","6188287","6188595","35","3703394"
"KN294372v1","2492830","2493027","JH378116","1005188","1005386","23","1487642"
"KN294372v1","2652758","2652942","JH378195","7734486","7734670","24","5081728"
"KN294372v1","2658521","2658828","JH378112","21015725","21016036","36","18357204"
"KN294372v1","2660003","2660295","JH378144","5396113","5396410","37","2736110"
"KN294372v1","2660857","2661159","JH378129","10436242","10436543","34","7775385"
"KN294372v1","2680716","2681011","JH378110","13953259","13953553","41","11272543"
"KN294373v1","14655","14962","JH378149","2213704","2214010","43","2199049"
"KN294373v1","48632","48925","JH378241","5492398","5492696","38","5443766"
"KN294373v1","110208","110403","JH378116","37000001","37000189","36","36889793"
"KN294373v1","119273","119566","JH378220","2537784","2538076","42","2418511"
"KN294373v1","281503","281794","JH378141","12391086","12391376","26","12109583"
"KN294373v1","292022","292315","JH378144","18239514","18239805","38","17947492"
"KN294373v1","319511","319827","JH378152","11654622","11654934","45","11335111"
"KN294373v1","319905","320112","JH378131","954805","955004","27","634900"
"KN294373v1","321202","321502","JH378149","539268","539562","33","218066"
"KN294373v1","347276","347597","JH378193","4430309","4430615","44","4083033"
"KN294373v1","402463","402746","JH378124","11016674","11016960","30","10614211"
"KN294373v1","437683","438004","JH378161","11908958","11909274","52","11471275"
"KN294373v1","561126","561414","JH378139","16259084","16259375","33","15697958"
"KN294373v1","719111","719416","JH378125","2264570","2264875","38","1545459"
"KN294373v1","735519","735702","JH378157","16296917","16297111","40","15561398"
"KN294373v1","995634","995928","JH378106","69503433","69503732","46","68507799"
"KN294373v1","1059250","1059516","JH378156","1331472","1331742","45","272222"
"KN294373v1","1162040","1162284","JH378176","9374149","9374395","31","8212109"
"KN294373v1","1433051","1433350","JH378149","1427296","1427590","42","5755"
"KN294373v1","1440066","1440361","JH378139","19252318","19252611","31","17812252"
"KN294373v1","1441353","1441662","JH378106","60843849","60844159","31","59402496"
"KN294373v1","1443803","1444109","JH378116","11181268","11181574","41","9737465"
"KN294373v1","1465080","1465393","JH378260","2282137","2282463","53","817057"
"KN294373v1","1587172","1587472","JH378107","556207","556505","41","1030965"
"KN294373v1","1604976","1605108","JH378131","2425395","2425527","11","820419"
"KN294373v1","1680817","1681136","JH378170","7770931","7771241","47","6090114"
"KN294373v1","1727969","1728266","JH378108","23280248","23280545","34","21552279"
"KN294375v1","29141","29327","JH378167","6331902","6332089","27","6302761"
"KN294375v1","314711","315003","JH378159","2054904","2055199","28","1740193"
"KN294375v1","377393","377675","JH378110","3050126","3050410","29","2672733"
"KN294375v1","397054","397355","JH378152","14025021","14025330","37","13627967"
"KN294375v1","423775","424069","JH378204","7475485","7475776","31","7051710"
"KN294375v1","468342","468604","JH378157","8741489","8741759","50","8273147"
"KN294375v1","497460","497742","JH378114","20276504","20276786","33","19779044"
"KN294375v1","513040","513350","JH378114","41731735","41732046","36","41218695"
"KN294375v1","593240","593452","JH378149","16470928","16471140","29","15877688"
"KN294375v1","683375","683682","JH378176","8157064","8157374","39","7473689"
"KN294375v1","734720","735016","JH378124","1964010","1964299","39","1229290"
"KN294375v1","751573","751868","JH378204","6811884","6812179","35","6060311"
"KN294375v1","764694","764953","JH378105","37066350","37066601","39","36301656"
"KN294375v1","857224","857521","JH378111","25827334","25827630","31","24970110"
"KN294377v1","82459","82761","JH378127","22702290","22702593","40","22619831"
"KN294377v1","187897","188178","JH378106","63648485","63648770","35","63460588"
"KN294377v1","249444","249727","JH378289","1388273","1388557","50","1138829"
"KN294377v1","331732","331905","JH378289","2099503","2099677","26","1767771"
"KN294377v1","331941","332070","JH378235","563523","563654","17","231582"
"KN294377v1","353530","353764","JH378190","8006910","8007147","39","7653380"
"KN294377v1","444394","444711","JH378113","23430583","23430911","55","22986189"
"KN294377v1","673250","673531","JH378120","19964452","19964734","36","19291202"
"KN294377v1","720964","721253","JH378106","3052818","3053105","39","2331854"
"KN294377v1","725025","725313","JH378106","3052818","3053105","42","2327793"
"KN294377v1","925894","926202","JH378181","2052926","2053235","40","1127032"
"KN294377v1","1123095","1123406","JH378111","32787449","32787755","38","31664354"
"KN294377v1","1189440","1189733","JH378153","7166527","7166816","49","5977087"
"KN294377v1","1385375","1385678","JH378197","1499696","1500000","35","114321"
"KN294377v1","1399210","1399514","JH378107","7086674","7086981","48","5687464"
"KN294377v1","1540674","1540932","JH378175","6107701","6107955","45","4567027"
"KN294377v1","1718591","1718882","JH378121","29566176","29566469","38","27847585"
"KN294378v1","20919","21219","JH378116","28869529","28869826","41","28848610"
"KN294378v1","53472","53762","JH378119","19296186","19296474","45","19242714"
"KN294378v1","93640","93940","JH378159","4164198","4164500","49","4070558"
"KN294378v1","127533","127830","JH378111","11160555","11160844","35","11033022"
"KN294378v1","177315","177623","JH378110","19934311","19934616","36","19756996"
"KN294378v1","192554","192863","JH378126","21026752","21027059","38","20834198"
"KN294378v1","263121","263414","JH378113","14455819","14456118","40","14192698"
"KN294378v1","265262","265382","JH378139","18195247","18195368","21","17929985"
"KN294378v1","279704","279998","JH378232","5569103","5569386","39","5289399"
"KN294378v1","471357","471666","JH378247","1203543","1203848","43","732186"
"KN294378v1","532299","532594","JH378113","14455819","14456118","40","13923520"
"KN294378v1","661692","661957","JH378168","2031881","2032145","39","1370189"
"KN294378v1","677558","677852","JH378115","28712376","28712673","34","28034818"
"KN294378v1","827073","827377","JH378130","1202684","1202989","39","375611"
"KN294378v1","961978","962288","JH378312","1040244","1040557","36","78266"
"KN294378v1","972522","972826","JH378138","5380451","5380753","38","4407929"
"KN294378v1","996011","996313","JH378166","9829459","9829758","32","8833448"
"KN294378v1","999083","999393","JH378116","11181268","11181574","29","10182185"
"KN294378v1","1027690","1027968","JH378151","11699176","11699456","39","10671486"
"KN294378v1","1054318","1054601","JH378117","28719904","28720167","51","27665586"
"KN294378v1","1064135","1064420","JH378191","8789989","8790276","37","7725854"
"KN294378v1","1096143","1096455","JH378113","6692573","6692881","39","5596430"
"KN294378v1","1097063","1097382","JH378155","1667801","1668102","82","570738"
"KN294378v1","1106407","1106688","JH378203","213286","213570","51","893121"
"KN294378v1","1110500","1110666","JH378126","26126412","26126575","27","25015912"
"KN294378v1","1110974","1111105","JH378134","15857895","15858029","17","14746921"
"KN294378v1","1111947","1112238","JH378108","23280248","23280545","46","22168301"
"KN294378v1","1113358","1113632","JH378176","10938080","10938355","43","9824722"
"KN294378v1","1116150","1116278","JH378123","26422000","26422130","17","25305850"
"KN294378v1","1141166","1141521","JH378112","22398829","22399190","71","21257663"
"KN294378v1","1143689","1143981","JH378141","11024023","11024316","28","9880334"
"KN294378v1","1161973","1162269","JH378159","5493568","5493869","40","4331595"
"KN294378v1","1172998","1173252","JH378220","3171390","3171641","37","1998392"
"KN294378v1","1205135","1205227","JH378115","4049411","4049504","12","2844276"
"KN294378v1","1227927","1228228","JH378114","30126711","30127013","49","28898784"
"KN294378v1","1245874","1246177","JH378300","21048","21349","35","1224826"
"KN294378v1","1289443","1289736","JH378121","29566176","29566469","37","28276733"
"KN294378v1","1357248","1357556","JH378114","37036188","37036491","43","35678940"
"KN294378v1","1369782","1370078","JH378110","1915490","1915795","46","545708"
"KN294378v1","1374059","1374353","JH378106","8294885","8295176","34","6920826"
"KN294378v1","1408952","1409262","JH378113","6692573","6692881","34","5283621"
"KN294378v1","1487283","1487586","JH378109","14635205","14635505","43","13147922"
"KN294378v1","1594683","1594982","JH378253","992363","992665","39","602320"
"KN294378v1","1660695","1660995","JH378293","1524576","1524874","46","136119"
"KN294378v1","1683191","1683484","JH378115","4382023","4382316","43","2698832"
"KN294378v1","1683531","1683644","JH378106","23751981","23752096","30","22068450"
"KN294379v1","24299","24517","JH378117","15348184","15348408","30","15323885"
"KN294383v1","39714","39777","JH378106","68950405","68950464","16","68910691"
"KN294383v1","52184","52494","JH378116","24645889","24646199","35","24593705"
"KN294383v1","71692","72000","JH378152","15994237","15994545","41","15922545"
"KN294383v1","93784","93912","JH378105","56084182","56084311","15","55990398"
"KN294384v1","114027","114195","JH378144","5188589","5188760","20","5074562"
"KN294385v1","2352","2586","JH378184","856419","856657","40","854067"
"KN294385v1","3628","3913","JH378153","5259027","5259313","38","5255399"
"KN294385v1","6227","6524","JH378151","4318339","4318636","35","4312112"
"KN294385v1","19558","19853","JH378135","3624002","3624295","35","3604444"
"KN294385v1","28163","28448","JH378266","251845","252134","37","223682"
"KN294385v1","29500","29810","JH378107","8340859","8341167","35","8311359"
"KN294385v1","30081","30384","JH378271","1553214","1553517","34","1523133"
"KN294385v1","37916","38217","JH378228","5509057","5509356","32","5471141"
"KN294385v1","61813","62119","JH378137","14049327","14049630","38","13987514"
"KN294385v1","62852","63024","JH378129","18266607","18266781","25","18203755"
"KN294385v1","80943","81229","JH378137","17271511","17271797","38","17190568"
"KN294385v1","83558","83854","JH378116","28869529","28869826","31","28785971"
"KN294385v1","87374","87655","JH378213","2306017","2306300","31","2218643"
"KN294385v1","94267","94404","JH378193","345676","345813","14","251409"
"KN294385v1","137081","137381","JH378144","7014110","7014412","36","6877029"
"KN294385v1","145653","145967","JH378118","34846214","34846521","50","34700561"
"KN294385v1","162615","162914","JH378288","1088673","1088973","29","926058"
"KN294385v1","256639","256933","JH378154","6226190","6226485","44","5969551"
"KN294385v1","281286","281582","JH378216","6814492","6814786","32","6533206"
"KN294385v1","304071","304385","JH378158","295993","296306","43","8078"
"KN294385v1","316399","316573","JH378135","5000133","5000302","23","4683734"
"KN294385v1","316883","317016","JH378220","1088125","1088257","16","771242"
"KN294385v1","323451","323724","JH378153","5756963","5757237","39","5433512"
"KN294385v1","329157","329347","JH378180","6667489","6667665","35","6338332"
"KN294385v1","341365","341680","JH378139","18632207","18632516","44","18290842"
"KN294385v1","343859","344144","JH378261","2957685","2957970","44","2613826"
"KN294385v1","344150","344453","JH378220","2784017","2784313","31","2439867"
"KN294385v1","349370","349659","JH378109","3517210","3517505","42","3167840"
"KN294385v1","352180","352485","JH378120","3260382","3260677","46","2908202"
"KN294385v1","361265","361580","JH378263","560668","560979","37","199403"
"KN294385v1","362151","362478","JH378178","7658449","7658774","47","7296298"
"KN294385v1","381160","381454","JH378328","452393","452688","36","71233"
"KN294385v1","391135","391417","JH378139","16138586","16138868","38","15747451"
"KN294385v1","398302","398608","JH378152","6156844","6157154","40","5758542"
"KN294385v1","401758","402065","JH378120","16327645","16327955","43","15925887"
"KN294385v1","412629","412921","JH378115","12062972","12063268","48","11650343"
"KN294385v1","432965","433262","JH378124","15582898","15583197","38","15149933"
"KN294385v1","434649","434929","JH378176","10715200","10715474","41","10280551"
"KN294385v1","461509","461818","JH378152","11654622","11654934","40","11193113"
"KN294385v1","467322","467628","JH378262","456547","456851","31","10775"
"KN294385v1","467700","468002","JH378255","1560098","1560402","48","1092398"
"KN294385v1","477869","478194","JH378106","64640866","64641164","65","64162997"
"KN294385v1","480601","480881","JH378113","28252367","28252645","32","27771766"
"KN294385v1","496086","496395","JH378144","4716653","4716962","47","4220567"
"KN294385v1","497654","497945","JH378172","12613516","12613807","40","12115862"
"KN294385v1","526956","527259","JH378115","31840572","31840873","36","31313616"
"KN294385v1","528841","529153","JH378111","32787449","32787755","35","32258608"
"KN294385v1","532875","533177","JH378218","917986","918289","43","385111"
"KN294385v1","546605","546876","JH378136","7617542","7617802","35","7070937"
"KN294385v1","565037","565094","JH378325","298532","298590","11","266505"
"KN294385v1","566100","566181","JH378156","1455074","1455154","12","888974"
"KN294385v1","693925","694197","JH378192","8239736","8240009","39","7545811"
"KN294385v1","788170","788454","JH378109","3280496","3280777","40","2492326"
"KN294385v1","1063984","1064109","JH378108","45095516","45095639","21","44031532"
"KN294385v1","1078548","1078828","JH378136","12058898","12059182","41","10980350"
"KN294385v1","1149035","1149325","JH378138","2084662","2084957","34","935627"
"KN294385v1","1193410","1193720","JH378281","2950232","2950541","38","1756822"
"KN294385v1","1252765","1253048","JH378118","14784020","14784304","31","13531255"
"KN294385v1","1327114","1327407","JH378151","3515305","3515602","39","2188191"
"KN294385v1","1414215","1414512","JH378173","9055905","9056209","36","7641690"
"KN294385v1","1442992","1443284","JH378113","5430335","5430626","31","3987343"
"KN294385v1","1505022","1505325","JH378181","4962993","4963298","37","3457971"
"KN294387v1","141463","141757","JH378333","587605","587900","46","446142"
"KN294387v1","238259","238478","JH378124","6903012","6903229","38","6664753"
"KN294387v1","281877","282192","JH378137","11282926","11283229","48","11001049"
"KN294387v1","556814","557082","JH378176","10715200","10715474","43","10158386"
"KN294387v1","653127","653440","JH378106","58016000","58016308","40","57362873"
"KN294387v1","702224","702404","JH378142","18049281","18049477","35","17347057"
"KN294387v1","763153","763440","JH378153","7392982","7393269","26","6629829"
"KN294387v1","773272","773447","JH378212","106934","107099","41","666338"
"KN294387v1","904608","904911","JH378122","5534725","5535030","35","4630117"
"KN294387v1","1088617","1088906","JH378163","7837829","7838113","46","6749212"
"KN294387v1","1121371","1121651","JH378195","340740","341027","52","780631"
"KN294387v1","1256052","1256350","JH378293","1524576","1524874","36","268524"
"KN294387v1","1288058","1288276","JH378153","14246351","14246569","33","12958293"
"KN294387v1","1627181","1627492","JH378154","12169312","12169619","35","10542131"
"KN294387v1","1632609","1632896","JH378139","16259084","16259375","37","14626475"
"KN294387v1","1700666","1700986","JH378119","6124403","6124708","47","4423737"
"KN294387v1","2015304","2015634","JH378279","1785224","1785536","55","230080"
"KN294387v1","2105789","2106087","JH378170","4783494","4783792","33","2677705"
"KN294387v1","2131539","2131820","JH378122","10829384","10829667","39","8697845"
"KN294387v1","2142030","2142325","JH378115","28712376","28712673","41","26570346"
"KN294387v1","2147881","2148193","JH378148","17092663","17092974","37","14944782"
"KN294387v1","2155217","2155499","JH378151","13909964","13910250","35","11754747"
"KN294387v1","2169095","2169323","JH378124","3490025","3490251","28","1320930"
"KN294387v1","2170828","2171114","JH378109","3280496","3280777","31","1109668"
"KN294387v1","2179287","2179587","JH378124","15582898","15583197","38","13403611"
"KN294387v1","2203143","2203435","JH378112","35855394","35855682","36","33652251"
"KN294387v1","2208967","2209187","JH378146","7289756","7289975","28","5080789"
"KN294387v1","2210914","2211195","JH378115","16616557","16616837","36","14405643"
"KN294387v1","2240251","2240539","JH378137","7745755","7746044","36","5505504"
"KN294387v1","2255523","2255823","JH378296","1500608","1500907","33","754915"
"KN294387v1","2318686","2318972","JH378137","17271511","17271797","38","14952825"
"KN294387v1","2452508","2452790","JH378111","5179519","5179801","39","2727011"
"KN294387v1","2534909","2535207","JH378170","4783494","4783792","32","2248585"
"KN294387v1","2565634","2565938","JH378105","6199598","6199901","39","3633964"
"KN294387v1","2615635","2615946","JH378152","15994237","15994545","32","13378602"
"KN294387v1","2733635","2733945","JH378204","2665841","2666145","43","67794"
"KN294387v1","2754493","2754778","JH378111","9089465","9089754","47","6334972"
"KN294387v1","2979118","2979349","JH378111","42307582","42307809","32","39328464"
"KN294387v1","3092403","3092699","JH378108","15420006","15420302","36","12327603"
"KN294387v1","3140931","3141226","JH378139","16259084","16259375","40","13118153"
"KN294387v1","3154360","3154654","JH378213","4745577","4745870","34","1591217"
"KN294387v1","3164973","3165253","JH378106","69239155","69239449","41","66074182"
"KN294387v1","3212308","3212575","JH378105","36884891","36885163","41","33672583"
"KN294387v1","3236638","3236930","JH378271","3183320","3183605","41","53318"
"KN294387v1","3354154","3354423","JH378151","8290347","8290596","53","4936193"
"KN294387v1","3438756","3439043","JH378139","8368594","8368882","28","4929838"
"KN294387v1","3864868","3864889","JH378149","1403733","1403749","7","2461135"
"KN294387v1","3864923","3865205","JH378115","32019990","32020269","41","28155067"
"KN294387v1","3873314","3873615","JH378173","9055905","9056209","46","5182591"
"KN294389v1","120051","120332","JH378156","1500253","1500535","41","1380202"
"KN294390v1","23241","23533","JH378106","6826425","6826714","45","6803184"
"KN294390v1","26103","26358","JH378109","49214157","49214416","40","49188054"
"KN294391v1","38407","38689","JH378224","3408579","3408861","44","3370172"
"KN294391v1","229159","229465","JH378130","1202684","1202989","36","973525"
"KN294391v1","264111","264154","JH378162","14556122","14556161","11","14292011"
"KN294391v1","365224","365519","JH378253","304082","304375","34","61142"
"KN294396v1","9105","9411","JH378160","13895227","13895537","38","13886122"
"KN294396v1","17127","17431","JH378180","7817348","7817638","53","7800221"
"KN294396v1","64300","64591","JH378271","1329150","1329448","44","1264850"
"KN294396v1","133211","133487","JH378141","18104473","18104759","39","17971262"
"KN294396v1","188842","189182","JH378153","15061598","15061937","48","14872756"
"KN294396v1","209494","209813","JH378126","21026752","21027059","46","20817258"
"KN294396v1","296945","297230","JH378105","49443912","49444198","35","49146967"
"KN294396v1","442661","442964","JH378110","19934311","19934616","45","19491650"
"KN294396v1","459798","460103","JH378170","4783494","4783792","31","4323696"
"KN294396v1","493642","493900","JH378188","8724655","8724921","38","8231013"
"KN294399v1","19225","19509","JH378116","24890259","24890547","44","24871034"
"KN294399v1","41651","41964","JH378107","8340859","8341167","35","8299208"
"KN294399v1","87896","88063","JH378256","2265996","2266155","31","2178100"
"KN294399v1","141944","142266","JH378140","1315661","1315971","53","1173717"
"KN294399v1","147282","147582","JH378111","16327122","16327424","29","16179840"
"KN294399v1","231746","232047","JH378181","10654367","10654665","44","10422621"
"KN294399v1","278142","278446","JH378119","6124403","6124708","40","5846261"
"KN294399v1","284488","284662","JH378116","886909","887082","33","602421"
"KN294399v1","286610","286894","JH378125","7848514","7848807","40","7561904"
"KN294404v1","32663","32807","JH378111","35428160","35428299","32","35395497"
"KN294404v1","117706","117779","JH378122","5560408","5560479","7","5442702"
"KN294404v1","190850","191137","JH378137","17773879","17774174","42","17583029"
"KN294404v1","214011","214293","JH378106","11352438","11352719","39","11138427"
"KN294404v1","369084","369383","JH378115","28712376","28712673","34","28343292"
"KN294404v1","397832","398120","JH378216","469493","469781","32","71661"
"KN294407v1","37180","37478","JH378128","12072577","12072875","39","12035397"
"KN294407v1","75445","75728","JH378106","3052818","3053105","28","2977373"
"KN294407v1","81880","82168","JH378127","17322354","17322649","35","17240474"
"KN294407v1","106374","106665","JH378194","2390312","2390602","28","2283938"
"KN294407v1","165176","165485","JH378288","1088673","1088973","36","923497"
"KN294407v1","172870","173186","JH378123","12773569","12773869","53","12600699"
"KN294407v1","215299","215596","JH378181","7251339","7251635","30","7036040"
"KN294407v1","280920","281222","JH378108","30731255","30731558","42","30450335"
"KN294407v1","285343","285637","JH378157","8903995","8904290","38","8618652"
"KN294407v1","292217","292530","JH378116","19470988","19471283","54","19178771"
"KN294407v1","295838","296149","JH378167","5351158","5351469","34","5055320"
"KN294407v1","300542","300849","JH378107","7568037","7568336","46","7267495"
"KN294407v1","306565","306859","JH378141","11024023","11024316","29","10717458"
"KN294407v1","309112","309414","AGCE01150449","839","1138","34","308273"
"KN294407v1","317826","318120","JH378137","17138846","17139141","41","16821020"
"KN294407v1","346950","347160","JH378173","3979162","3979377","39","3632212"
"KN294407v1","350266","350558","JH378157","9676550","9676840","32","9326284"
"KN294407v1","386868","387168","JH378139","18955642","18955939","38","18568774"
"KN294407v1","409925","410223","JH378166","2405777","2406078","36","1995852"
"KN294407v1","487324","487625","JH378159","11224483","11224779","38","10737159"
"KN294407v1","492548","492836","JH378148","7299728","7300012","42","6807180"
"KN294407v1","503770","504077","JH378106","7235651","7235953","46","6731881"
"KN294407v1","508866","509150","JH378135","4749136","4749412","46","4240270"
"KN294407v1","562309","562620","JH378138","5380451","5380753","32","4818142"
"KN294407v1","569681","569851","JH378108","51096554","51096726","18","50526873"
"KN294407v1","585984","586276","JH378194","2390312","2390602","39","1804328"
"KN294407v1","590001","590282","JH378152","10737028","10737308","33","10147027"
"KN294407v1","647070","647371","JH378108","45070238","45070540","33","44423168"
"KN294407v1","648657","648958","JH378206","6984481","6984785","37","6335824"
"KN294407v1","657473","657762","JH378111","42787057","42787349","35","42129584"
"KN294407v1","671337","671597","JH378118","27357527","27357790","41","26686190"
"KN294407v1","673291","673589","JH378116","28869529","28869826","37","28196238"
"KN294407v1","685687","685994","JH378113","27697058","27697363","41","27011371"
"KN294407v1","688327","688609","JH378153","13613701","13613982","33","12925374"
"KN294407v1","716354","716527","JH378105","7989357","7989531","25","7273003"
"KN294407v1","716583","716891","JH378108","52178163","52178470","40","51461580"
"KN294407v1","720213","720492","JH378323","727722","728003","44","7509"
"KN294407v1","720627","720883","JH378105","37795118","37795387","51","37074491"
"KN294407v1","730833","731078","JH378146","17552282","17552512","47","16821449"
"KN294407v1","731494","731790","JH378139","18955642","18955939","39","18224148"
"KN294407v1","735077","735381","JH378184","115740","116043","34","619337"
"KN294407v1","736993","737294","JH378136","5406958","5407259","35","4669965"
"KN294407v1","749998","750145","JH378111","20207888","20208039","25","19457890"
"KN294407v1","759277","759559","JH378245","2867748","2868031","44","2108471"
"KN294407v1","771465","771762","JH378106","1255495","1255784","33","484030"
"KN294407v1","788712","789014","JH378115","25806536","25806838","47","25017824"
"KN294407v1","792869","793089","JH378149","3162061","3162279","36","2369192"
"KN294407v1","814868","815170","JH378115","26640201","26640508","37","25825333"
"KN294407v1","818521","818828","JH378213","5393305","5393609","33","4574784"
"KN294407v1","826236","826536","JH378115","25570507","25570808","37","24744271"
"KN294407v1","828330","828625","JH378220","2784017","2784313","48","1955687"
"KN294407v1","836355","836486","JH378139","16494286","16494417","12","15657931"
"KN294407v1","853324","853557","JH378149","2903461","2903681","48","2050137"
"KN294407v1","856697","856940","JH378129","7130981","7131228","47","6274284"
"KN294407v1","892228","892523","JH378128","23844984","23845281","39","22952756"
"KN294407v1","915053","915316","JH378114","12234876","12235138","37","11319823"
"KN294407v1","931651","931940","JH378149","1400224","1400513","41","468573"
"KN294407v1","964715","965025","JH378161","11908958","11909274","40","10944243"
"KN294407v1","981591","981887","JH378173","2926162","2926459","33","1944571"
"KN294407v1","997771","998074","JH378108","1472065","1472357","38","474294"
"KN294407v1","1004651","1004913","JH378105","36059082","36059351","49","35054431"
"KN294407v1","1004914","1005227","JH378276","323603","323913","55","681311"
"KN294407v1","1045194","1045483","JH378139","16259084","16259375","39","15213890"
"KN294407v1","1132510","1132808","JH378288","1088673","1088973","37","43837"
"KN294407v1","1241247","1241572","JH378129","1237412","1237719","50","3835"
"KN294407v1","1255823","1256050","JH378113","23138922","23139137","45","21883099"
"KN294407v1","1498754","1499025","JH378135","9836647","9836932","42","8337893"
"KN294407v1","1606390","1606685","JH378224","5664910","5665211","39","4058520"
"KN294407v1","1854794","1855082","JH378180","5784781","5785080","37","3929987"
"KN294407v1","1919634","1919926","JH378121","29566176","29566469","29","27646542"
"KN294407v1","1921559","1921859","JH378213","6787569","6787866","32","4866010"
"KN294407v1","1934118","1934434","JH378115","7557926","7558239","44","5623808"
"KN294407v1","1937385","1937689","JH378113","2640449","2640755","30","703064"
"KN294407v1","1953781","1954070","JH378105","21630016","21630306","34","19676235"
"KN294407v1","1976621","1976885","JH378141","9638588","9638850","49","7661967"
"KN294407v1","2025807","2026079","JH378122","16448765","16449037","38","14422958"
"KN294407v1","2081882","2082032","JH378193","4226831","4226978","16","2144949"
"KN294407v1","2183881","2184183","JH378161","630277","630572","40","1553604"
"KN294407v1","2386332","2386623","JH378153","2573525","2573821","43","187193"
"KN294407v1","2442392","2442699","JH378119","11179406","11179710","33","8737014"
"KN294407v1","2470444","2470614","JH378207","7045700","7045876","25","4575256"
"KN294407v1","2470924","2471058","JH378180","815630","815761","14","1655294"
"KN294407v1","2475055","2475216","JH378186","8398633","8398795","25","5923578"
"KN294407v1","2475524","2475692","JH378186","8398633","8398795","23","5923109"
"KN294407v1","2488484","2488795","JH378167","5351158","5351469","36","2862674"
"KN294407v1","2497472","2497806","JH378127","10159413","10159743","61","7661941"
"KN294407v1","2509057","2509344","JH378194","2390312","2390602","32","118745"
"KN294407v1","2540281","2540591","JH378108","30731255","30731558","34","28190974"
"KN294407v1","2569171","2569474","JH378145","246096","246396","44","2323075"
"KN294407v1","2574290","2574588","JH378136","18808629","18808928","45","16234339"
"KN294407v1","2613511","2613810","JH378107","7568037","7568336","38","4954526"
"KN294407v1","2641576","2641870","JH378148","16227423","16227714","41","13585847"
"KN294407v1","2642432","2642734","JH378171","1296326","1296622","43","1346106"
"KN294407v1","2648379","2648672","JH378114","21454604","21454896","35","18806225"
"KN294407v1","2656266","2656610","JH378112","33298198","33298530","87","30641932"
"KN294407v1","2656626","2656936","JH378126","21026752","21027059","46","18370126"
"KN294407v1","2657716","2658038","JH378252","1972441","1972751","48","685275"
"KN294407v1","2699234","2699516","JH378106","17756548","17756839","39","15057314"
"KN294407v1","2706161","2706444","JH378111","19524517","19524801","35","16818356"
"KN294407v1","2750777","2751068","JH378155","5873329","5873618","42","3122552"
"KN294407v1","2775627","2775933","JH378114","7122925","7123229","37","4347298"
"KN294407v1","2787750","2788038","JH378158","9080617","9080907","34","6292867"
"KN294407v1","2799545","2799842","JH378165","1395282","1395576","39","1404263"
"KN294407v1","2826601","2826864","JH378127","24612564","24612827","31","21785963"
"KN294407v1","2852087","2852401","JH378139","1159515","1159824","44","1692572"
"KN294407v1","2927542","2927834","JH378110","35303300","35303592","38","32375758"
"KN294407v1","2954529","2954840","JH378232","3594352","3594662","31","639823"
"KN294407v1","3000219","3000417","JH378213","2634159","2634344","32","366060"
"KN294407v1","3074447","3074744","JH378216","6814492","6814786","32","3740045"
"KN294407v1","3161354","3161665","JH378288","674738","675036","53","2486616"
"KN294407v1","3173294","3173382","JH378241","711542","711628","10","2461752"
"KN294407v1","3197376","3197666","JH378123","6990123","6990420","35","3792747"
"KN294407v1","3243469","3243648","JH378106","17371408","17371587","25","14127939"
"KN294407v1","3249272","3249583","JH378139","18632207","18632516","32","15382935"
"KN294407v1","3452009","3452321","JH378296","1423085","1423389","41","2028924"
"KN294407v1","3556339","3556639","JH378173","9093845","9094146","37","5537506"
"KN294409v1","32498","32630","JH378136","12617141","12617272","35","12584643"
"KN294409v1","32659","32777","JH378127","5998146","5998263","23","5965487"
"KN294409v1","359967","360261","JH378290","2413872","2414163","36","2053905"
"KN294409v1","543503","543787","JH378157","11837100","11837379","45","11293597"
"KN294409v1","582571","582845","JH378246","562506","562779","31","20065"
"KN294409v1","631108","631309","JH378130","13011823","13012020","30","12380715"
"KN294409v1","708615","708745","JH378271","606473","606602","26","102142"
"KN294409v1","734025","734080","JH378327","718345","718405","16","15680"
"KN294409v1","847456","847757","JH378247","1322001","1322302","37","474545"
"KN294409v1","1033919","1034183","JH378105","55539885","55540142","39","54505966"
"KN294409v1","1061762","1062069","JH378206","4086994","4087300","31","3025232"
"KN294409v1","1071073","1071376","JH378126","21026752","21027059","40","19955679"
"KN294410v1","10561","10867","JH378126","21026752","21027059","36","21016191"
"KN294410v1","12253","12487","JH378124","26821934","26822164","35","26809681"
"KN294410v1","17168","17473","JH378111","20603266","20603567","27","20586098"
"KN294410v1","21292","21602","JH378112","30444821","30445125","37","30423529"
"KN294410v1","38205","38501","JH378141","10578227","10578526","42","10540022"
"KN294410v1","45845","46171","JH378158","3522926","3523235","52","3477081"
"KN294410v1","63699","63999","JH378151","3515305","3515602","40","3451606"
"KN294410v1","92380","92682","JH378105","51624986","51625285","35","51532606"
"KN294410v1","133736","134045","JH378108","18639481","18639792","39","18505745"
"KN294410v1","136944","137239","JH378220","2784017","2784313","37","2647073"
"KN294410v1","139645","139949","JH378255","2702101","2702410","39","2562456"
"KN294410v1","143115","143411","JH378143","3586456","3586745","34","3443341"
"KN294410v1","144679","144954","JH378197","1421270","1421558","49","1276591"
"KN294410v1","196136","196352","JH378127","6218557","6218771","28","6022421"
"KN294410v1","226765","227076","JH378115","33345733","33346042","44","33118968"
"KN294410v1","230623","230912","JH378105","53265160","53265455","40","53034537"
"KN294410v1","236560","236869","JH378139","1159515","1159824","38","922955"
"KN294410v1","337729","338038","JH378127","20872726","20873031","41","20534997"
"KN294410v1","340432","340745","JH378136","7390162","7390474","45","7049730"
"KN294410v1","463815","464153","JH378119","5709773","5710096","62","5245958"
"KN294410v1","601941","602238","JH378288","1088673","1088973","43","486732"
"KN294415v1","170497","170805","JH378129","11200860","11201166","40","11030363"
"KN294416v1","262009","262296","JH378153","7392982","7393269","29","7130973"
"KN294416v1","148116","148414","JH378113","14455819","14456118","40","14307703"
"KN294416v1","155170","155469","JH378107","7568037","7568336","30","7412867"
"KN294416v1","228817","229112","JH378129","6019738","6020036","40","5790921"
"KN294416v1","232245","232545","JH378216","4224502","4224803","43","3992257"
"KN294416v1","232546","232707","JH378129","388211","388372","24","155665"
"KN294416v1","237271","237579","JH378126","21026752","21027059","36","20789481"
"KN294416v1","250376","250679","JH378139","15235758","15236059","36","14985382"
"KN294416v1","320972","320992","JH378149","1403733","1403749","7","1082761"
"KN294416v1","321371","321530","JH378118","2494374","2494532","26","2173003"
"KN294416v1","353736","354021","JH378106","3052818","3053105","32","2699082"
"KN294416v1","401123","401421","JH378241","5492398","5492696","43","5091275"
"KN294416v1","419831","420132","JH378115","25570507","25570808","27","25150676"
"KN294416v1","458516","458810","JH378124","17923330","17923624","42","17464814"
"KN294416v1","511877","512183","JH378106","70986080","70986388","34","70474203"
"KN294416v1","524910","525179","JH378204","7313082","7313351","48","6788172"
"KN294416v1","533524","533846","JH378148","13179111","13179429","50","12645587"
"KN294416v1","539558","539859","JH378114","25023401","25023701","34","24483843"
"KN294416v1","547851","548145","JH378141","4353442","4353732","47","3805591"
"KN294416v1","581708","581983","JH378168","8192426","8192700","36","7610718"
"KN294416v1","594525","594829","JH378119","6124403","6124708","39","5529878"
"KN294416v1","598906","599214","JH378176","10466778","10467084","35","9867872"
"KN294416v1","615460","615758","JH378114","36976328","36976626","37","36360868"
"KN294416v1","638241","638544","JH378124","15582898","15583197","40","14944657"
"KN294416v1","695271","695560","JH378159","15424821","15425109","44","14729550"
"KN294416v1","718258","718552","JH378116","28869529","28869826","34","28151271"
"KN294416v1","733984","734279","JH378140","1800319","1800602","52","1066335"
"KN294416v1","757645","757944","JH378130","7315282","7315582","42","6557637"
"KN294416v1","766398","766659","JH378168","2031881","2032145","41","1265483"
"KN294416v1","766709","766730","JH378111","33423149","33423167","9","32656440"
"KN294416v1","923119","923413","JH378149","539268","539562","35","383851"
"KN294416v1","1203488","1203798","JH378166","2405777","2406078","42","1202289"
"KN294416v1","1291031","1291219","JH378108","54745406","54745595","29","53454375"
"KN294416v1","1564502","1564795","JH378189","8018420","8018714","41","6453918"
"KN294416v1","1647254","1647539","JH378107","556207","556505","38","1091047"
"KN294419v1","40984","41230","JH378176","9374149","9374395","33","9333165"
"KN294419v1","68978","69285","JH378112","35288143","35288449","30","35219165"
"KN294419v1","115111","115414","JH378137","7197118","7197413","36","7082007"
"KN294419v1","135029","135329","JH378149","13456174","13456477","36","13321145"
"KN294419v1","205893","206205","JH378115","16925265","16925575","34","16719372"
"KN294419v1","212873","213176","JH378265","2263256","2263553","44","2050383"
"KN294419v1","222947","223226","JH378290","1386806","1387084","37","1163859"
"KN294419v1","223580","223892","JH378114","31670723","31671027","40","31447143"
"KN294420v1","50463","50766","JH378137","15080545","15080841","38","15030082"
"KN294420v1","73628","73892","JH378183","4474644","4474905","34","4401016"
"KN294420v1","156392","156692","JH378271","1329150","1329448","36","1172758"
"KN294420v1","200128","200404","JH378110","40103212","40103489","44","39903084"
"KN294420v1","222266","222569","JH378126","23919556","23919859","36","23697290"
"KN294420v1","233455","233742","JH378153","7392982","7393269","30","7159527"
"KN294420v1","237779","238065","JH378105","68340683","68340967","43","68102904"
"KN294420v1","239215","239517","JH378220","2181761","2182059","44","1942546"
"KN294420v1","243434","243579","JH378116","37843796","37843938","26","37600362"
"KN294420v1","294175","294474","JH378274","762071","762368","43","467896"
"KN294420v1","462274","462580","JH378138","5380451","5380753","32","4918177"
"KN294420v1","550976","551278","JH378140","6540936","6541239","31","5989960"
"KN294420v1","554300","554611","JH378113","24179649","24179958","43","23625349"
"KN294420v1","567296","567596","JH378110","30532171","30532470","36","29964875"
"KN294420v1","578073","578380","JH378173","6942398","6942706","38","6364325"
"KN294420v1","680580","680871","JH378139","16259084","16259375","35","15578504"
"KN294420v1","721717","722017","JH378166","1276502","1276806","41","554785"
"KN294420v1","726984","727279","JH378111","25827334","25827630","28","25100350"
"KN294420v1","742983","743291","JH378187","2906095","2906405","45","2163112"
"KN294420v1","778638","778942","JH378197","7145768","7146073","43","6367130"
"KN294420v1","792907","793205","JH378125","19027324","19027621","29","18234417"
"KN294420v1","801667","801979","JH378139","1159515","1159824","41","357848"
"KN294420v1","839944","840244","JH378127","18566293","18566586","35","17726349"
"KN294420v1","861125","861415","JH378165","12388704","12388995","37","11527579"
"KN294420v1","877293","877580","JH378157","9676550","9676840","39","8799257"
"KN294420v1","879406","879714","JH378132","22396149","22396455","35","21516743"
"KN294420v1","895065","895356","JH378157","9676550","9676840","39","8781485"
"KN294420v1","895563","895824","JH378220","6860983","6861246","41","5965420"
"KN294420v1","903736","904043","JH378124","10897522","10897826","44","9993786"
"KN294420v1","911996","912155","JH378124","2555812","2555970","16","1643816"
"KN294421v1","18414","18713","JH378139","18632207","18632516","43","18613793"
"KN294421v1","49216","49486","JH378246","562506","562779","36","513290"
"KN294421v1","64203","64499","JH378235","4514528","4514824","27","4450325"
"KN294421v1","76671","76970","JH378191","6177328","6177618","34","6100657"
"KN294421v1","90323","90617","JH378226","5396007","5396291","46","5305684"
"KN294421v1","113922","114222","JH378264","759949","760251","44","646027"
"KN294421v1","117623","117878","JH378139","2679607","2679865","45","2561984"
"KN294421v1","122150","122455","JH378105","4190308","4190610","34","4068158"
"KN294421v1","133079","133383","JH378213","5393305","5393609","30","5260226"
"KN294421v1","134042","134342","JH378134","12979872","12980169","30","12845830"
"KN294421v1","160873","161184","JH378119","7191913","7192221","45","7031040"
"KN294421v1","228139","228445","JH378186","3771716","3772027","35","3543577"
"KN294421v1","250444","250736","JH378122","2165609","2165899","55","1915165"
"KN294421v1","251988","252296","JH378126","21026752","21027059","32","20774764"
"KN294421v1","291107","291409","JH378139","18955642","18955939","41","18664535"
"KN294421v1","413274","413579","JH378110","38574281","38574582","42","38161007"
"KN294421v1","442361","442648","JH378204","7525660","7525946","39","7083299"
"KN294421v1","469613","469903","JH378167","8547558","8547847","35","8077945"
"KN294421v1","474901","475191","JH378167","8547558","8547847","35","8072657"
"KN294421v1","598999","599298","JH378265","2263256","2263553","34","1664257"
"KN294421v1","602389","602695","JH378119","29217139","29217444","38","28614750"
"KN294421v1","715680","715980","JH378170","4783494","4783792","42","4067814"
"KN294421v1","1155233","1155520","JH378137","18342509","18342794","44","17187276"
"KN294421v1","1166451","1166755","JH378189","6335939","6336244","39","5169488"
"KN294421v1","1421252","1421502","JH378162","4816879","4817130","41","3395627"
"KN294421v1","1467006","1467322","JH378122","10005595","10005907","41","8538589"
"KN294421v1","1482788","1482984","JH378110","32770747","32770942","22","31287959"
"KN294421v1","1498190","1498474","JH378111","19524517","19524801","38","18026327"
"KN294421v1","1503337","1503607","JH378141","9311014","9311272","43","7807677"
"KN294421v1","1569973","1570286","JH378112","36490375","36490686","45","34920402"
"KN294421v1","1587517","1587814","JH378228","5509057","5509356","34","3921540"
"KN294421v1","1602856","1603124","JH378106","70308292","70308551","44","68705436"
"KN294421v1","1621274","1621567","JH378117","21522888","21523186","37","19901614"
"KN294421v1","1679868","1680135","JH378116","25530601","25530871","40","23850733"
"KN294421v1","1685306","1685576","JH378193","3248833","3249099","39","1563527"
"KN294421v1","1711177","1711309","JH378116","25160566","25160697","15","23449389"
"KN294421v1","1711318","1711639","JH378111","8162796","8163099","57","6451478"
"KN294421v1","2034001","2034168","JH378126","11296996","11297165","21","9262995"
"KN294421v1","2176964","2177265","JH378114","38868751","38869045","37","36691787"
"KN294421v1","2211508","2211606","JH378107","32090846","32090947","14","29879338"
"KN294425v1","7857","8155","JH378123","11619732","11620031","55","11611875"
"KN294425v1","8303","8494","JH378120","31894732","31894921","42","31886429"
"KN294429v1","60749","61032","JH378137","4144145","4144429","37","4083396"
"KN294429v1","67602","67913","JH378216","6474633","6474943","35","6407031"
"KN294429v1","140946","141224","JH378136","9177955","9178230","37","9037009"
"KN294429v1","153085","153389","JH378137","15446213","15446508","38","15293128"
"KN294429v1","174338","174651","JH378127","16998668","16998972","49","16824330"
"KN294429v1","196103","196408","JH378124","15582898","15583197","44","15386795"
"KN294430v1","15892","16134","JH378264","493886","494131","38","477994"
"KN294433v1","41011","41309","JH378176","9716970","9717264","40","9675959"
"KN294433v1","92984","93280","JH378115","28712376","28712673","30","28619392"
"KN294433v1","99739","100031","JH378134","15231656","15231949","30","15131917"
"KN294433v1","117136","117447","JH378106","60843849","60844159","41","60726713"
"KN294433v1","175766","176067","JH378126","21026752","21027059","30","20850986"
"KN294433v1","237017","237315","JH378122","8894468","8894780","39","8657451"
"KN294433v1","320466","320766","JH378182","2009709","2010010","32","1689243"
"KN294433v1","326769","327059","JH378110","31808814","31809105","36","31482045"
"KN294433v1","346780","347048","JH378115","21552389","21552662","40","21205609"
"KN294433v1","368230","368388","JH378124","2555812","2555970","21","2187582"
"KN294433v1","377878","378173","JH378124","15582898","15583197","41","15205020"
"KN294433v1","404987","405288","JH378125","4887260","4887558","47","4482273"
"KN294433v1","431991","432295","JH378119","6124403","6124708","39","5692412"
"KN294433v1","462401","462709","JH378244","4172808","4173113","31","3710407"
"KN294433v1","509440","509734","JH378110","39706997","39707294","35","39197557"
"KN294433v1","559815","560107","JH378143","11199415","11199707","34","10639600"
"KN294433v1","695158","695435","JH378118","9593290","9593568","38","8898132"
"KN294434v1","18667","18976","JH378117","32648336","32648649","35","32629669"
"KN294434v1","20459","20763","JH378110","1915490","1915795","32","1895031"
"KN294434v1","35161","35466","JH378197","1499696","1500000","34","1464535"
"KN294434v1","37061","37366","JH378109","11466484","11466791","40","11429423"
"KN294434v1","89092","89413","JH378276","2870406","2870718","41","2781314"
"KN294434v1","153387","153524","JH378110","36492814","36492950","16","36339427"
"KN294434v1","274746","275042","JH378122","10686670","10686967","31","10411924"
"KN294434v1","520161","520385","JH378198","4542372","4542592","33","4022211"
"KN294434v1","635877","635954","JH378110","35014134","35014217","15","34378257"
"KN294434v1","712886","713180","JH378155","1667801","1668102","42","954915"
"KN294439v1","26026","26322","JH378139","18955642","18955939","31","18929616"
"KN294439v1","49215","49498","JH378113","68792","69076","33","19577"
"KN294439v1","187501","187747","JH378227","2426473","2426707","39","2238972"
"KN294439v1","191349","191656","JH378114","25023401","25023701","43","24832052"
"KN294439v1","210869","211176","JH378119","21355590","21355899","37","21144721"
"KN294439v1","225375","225672","JH378172","3560988","3561286","31","3335613"
"KN294439v1","235772","236069","JH378170","4783494","4783792","37","4547722"
"KN294439v1","241516","241775","JH378138","4820703","4820980","54","4579187"
"KN294439v1","243514","243826","JH378115","23201999","23202310","39","22958485"
"KN294439v1","247339","247621","JH378135","18396498","18396791","44","18149159"
"KN294439v1","265650","265939","JH378118","32815681","32815971","39","32550031"
"KN294439v1","278950","279249","JH378241","5492398","5492696","24","5213448"
"KN294439v1","285695","285999","JH378176","10466778","10467084","29","10181083"
"KN294439v1","297625","297700","JH378118","10668175","10668245","12","10370550"
"KN294439v1","298162","298425","JH378145","2645919","2646181","37","2347757"
"KN294443v1","56737","57044","JH378132","10214126","10214432","37","10157389"
"KN294443v1","124410","124706","JH378141","12391086","12391376","38","12266676"
"KN294443v1","170759","171052","JH378120","25297562","25297861","42","25126803"
"KN294443v1","171518","171809","JH378185","179991","180276","40","8473"
"KN294443v1","172132","172432","JH378107","32029619","32029921","39","31857487"
"KN294443v1","174232","174526","JH378112","33582438","33582730","39","33408206"
"KN294443v1","185944","186249","JH378133","7708733","7709034","41","7522789"
"KN294443v1","195846","196155","JH378127","13030965","13031271","36","12835119"
"KN294443v1","202406","202685","JH378108","42296533","42296820","38","42094127"
"KN294443v1","210463","210532","JH378338","279267","279336","11","68804"
"KN294443v1","213997","214299","JH378228","5509057","5509356","36","5295060"
"KN294443v1","252465","252773","JH378177","4625765","4626071","46","4373300"
"KN294443v1","269959","270266","JH378115","28712376","28712673","48","28442417"
"KN294443v1","271190","271482","JH378245","698142","698433","32","426952"
"KN294443v1","271695","272058","JH378149","10943223","10943584","88","10671528"
"KN294443v1","299302","299612","JH378118","27056689","27056995","43","26757387"
"KN294443v1","373215","373522","JH378126","21026752","21027059","30","20653537"
"KN294443v1","467036","467258","JH378113","28194447","28194675","40","27727411"
"KN294443v1","469791","470101","JH378130","1202684","1202989","36","732893"
"KN294443v1","476580","476845","JH378193","3248833","3249099","28","2772253"
"KN294443v1","497925","498235","JH378320","58622","58932","37","439303"
"KN294443v1","530185","530521","JH378113","42577860","42578188","50","42047675"
"KN294443v1","553246","553539","JH378176","9716970","9717264","39","9163724"
"KN294443v1","601320","601606","JH378107","7139362","7139648","36","6538042"
"KN294443v1","614807","615072","JH378112","16513334","16513587","53","15898527"
"KN294443v1","615549","615841","JH378182","3623832","3624120","32","3008283"
"KN294443v1","617240","617552","JH378106","70986080","70986388","42","70368840"
"KN294443v1","637564","637870","JH378163","2667861","2668158","42","2030297"
"KN294443v1","642197","642494","JH378246","2154157","2154450","59","1511960"
"KN294443v1","644648","644959","JH378112","33214699","33215012","32","32570051"
"KN294443v1","653438","653774","JH378144","14125254","14125591","46","13471816"
"KN294443v1","653959","654252","JH378225","3190169","3190451","66","2536210"
"KN294443v1","656079","656420","JH378108","3099967","3100286","72","2443888"
"KN294443v1","659301","659575","JH378323","366763","367038","41","292538"
"KN294443v1","671932","672078","JH378108","53870735","53870881","18","53198803"
"KN294443v1","689921","690218","JH378115","28712376","28712673","37","28022455"
"KN294443v1","703682","703997","JH378106","6826425","6826714","60","6122743"
"KN294443v1","704301","704595","JH378170","4783494","4783792","31","4079193"
"KN294443v1","704975","705269","JH378216","6814492","6814786","31","6109517"
"KN294443v1","710646","710731","JH378305","1636812","1636898","17","926166"
"KN294443v1","733884","734178","JH378173","4155896","4156193","41","3422012"
"KN294443v1","735958","736096","JH378129","860497","860632","21","124539"
"KN294443v1","736405","736586","JH378350","109561","109740","28","626844"
"KN294443v1","753049","753343","JH378216","2456781","2457070","32","1703732"
"KN294443v1","790547","790844","JH378125","19027324","19027621","40","18236777"
"KN294443v1","792035","792334","JH378111","42112707","42113007","36","41320672"
"KN294443v1","833833","834141","JH378115","26640201","26640508","39","25806368"
"KN294443v1","845104","845379","JH378132","12682311","12682584","38","11837207"
"KN294443v1","867356","867612","JH378125","6954462","6954713","52","6087106"
"KN294443v1","890049","890342","JH378145","396117","396410","37","493932"
"KN294443v1","904720","905017","JH378107","7568037","7568336","38","6663317"
"KN294443v1","940818","940979","JH378164","9341233","9341390","29","8400415"
"KN294443v1","976398","976691","JH378189","1225012","1225313","41","248614"
"KN294443v1","1018007","1018271","AGCE01150524","1065","1327","38","1016942"
"KN294443v1","1058468","1058625","JH378112","17682473","17682630","17","16624005"
"KN294443v1","1070639","1070767","JH378114","10909052","10909180","11","9838413"
"KN294443v1","1151182","1151351","JH378132","15336580","15336750","20","14185398"
"KN294443v1","1151353","1151651","JH378151","3515305","3515602","42","2363952"
"KN294443v1","1206026","1206329","JH378119","6124403","6124708","42","4918377"
"KN294443v1","1364054","1364346","JH378107","6356218","6356506","39","4992164"
"KN294443v1","1365055","1365348","JH378115","28712376","28712673","32","27347321"
"KN294443v1","1392151","1392465","JH378120","16327645","16327955","39","14935494"
"KN294443v1","1397374","1397635","JH378132","12466741","12467004","38","11069367"
"KN294444v1","32630","32944","JH378225","6457829","6458137","35","6425199"
"KN294444v1","73858","74163","JH378121","17204752","17205050","53","17130894"
"KN294444v1","87050","87325","JH378105","36884891","36885163","30","36797841"
"KN294444v1","93658","93742","JH378106","12827241","12827324","14","12733583"
"KN294444v1","110002","110308","JH378126","21026752","21027059","33","20916750"
"KN294444v1","129382","129709","JH378175","2393054","2393375","53","2263672"
"KN294444v1","143754","143794","JH378127","26245756","26245788","11","26102002"
"KN294444v1","149923","150220","JH378105","29729559","29729860","36","29579636"
"KN294444v1","153423","153751","JH378139","11329312","11329640","53","11175889"
"KN294444v1","155637","155948","JH378126","21026752","21027059","32","20871115"
"KN294444v1","164072","164216","JH378184","5372802","5372943","19","5208730"
"KN294444v1","167874","168001","JH378156","9081455","9081578","14","8913581"
"KN294444v1","175474","175774","JH378122","10686670","10686967","33","10511196"
"KN294444v1","177350","177507","JH378140","5276785","5276944","31","5099435"
"KN294444v1","181734","182045","JH378146","3351264","3351574","37","3169530"
"KN294444v1","188107","188398","JH378139","16259084","16259375","28","16070977"
"KN294444v1","269669","269975","JH378126","21026752","21027059","31","20757083"
"KN294444v1","275885","276194","JH378122","25920677","25920969","54","25644792"
"KN294444v1","380900","381188","JH378118","2196042","2196331","40","1815142"
"KN294445v1","655196","655500","JH378288","1220128","1220430","32","564932"
"KN294445v1","281832","282082","JH378303","453106","453327","68","171274"
"KN294445v1","418200","418485","JH378120","18579626","18579907","48","18161426"
"KN294445v1","525457","525757","JH378185","4154166","4154467","39","3628709"
"KN294445v1","541058","541355","JH378159","2429067","2429372","53","1888009"
"KN294445v1","541395","541409","JH378149","1403733","1403749","5","862338"
"KN294445v1","587563","587870","JH378112","33214699","33215012","33","32627136"
"KN294445v1","679709","679795","JH378309","1184351","1184438","14","504642"
"KN294445v1","712595","712881","JH378245","2867748","2868031","37","2155153"
"KN294445v1","758292","758620","JH378173","12602879","12603203","49","11844587"
"KN294445v1","842996","843294","JH378116","28869529","28869826","41","28026533"
"KN294446v1","9551","9831","JH378105","35665534","35665817","40","35655983"
"KN294446v1","26221","26521","JH378111","11215361","11215656","45","11189140"
"KN294446v1","36602","36860","JH378225","4348123","4348382","38","4311521"
"KN294446v1","44679","44970","JH378151","8013629","8013918","42","7968950"
"KN294446v1","54566","54869","JH378228","5527421","5527723","35","5472855"
"KN294446v1","70316","70489","JH378267","3271426","3271599","10","3201110"
"KN294446v1","70622","70842","JH378135","2280025","2280245","20","2209403"
"KN294446v1","79840","79990","JH378107","29784381","29784530","20","29704541"
"KN294446v1","86324","86616","JH378177","1645001","1645296","40","1558677"
"KN294446v1","88254","88487","JH378145","2527450","2527683","42","2439196"
"KN294446v1","89500","89793","JH378183","17678","17971","34","71822"
"KN294446v1","98495","98672","JH378130","15928188","15928366","26","15829693"
"KN294446v1","98829","98963","JH378244","4014019","4014155","17","3915190"
"KN294446v1","99167","99379","JH378173","2874278","2874482","58","2775111"
"KN294446v1","101345","101637","JH378124","10897522","10897826","51","10796177"
"KN294446v1","145984","146260","JH378119","21236610","21236894","44","21090626"
"KN294446v1","166087","166209","JH378127","22979185","22979306","15","22813098"
"KN294446v1","184529","184839","JH378111","32787449","32787755","43","32602920"
"KN294446v1","192216","192509","JH378213","59070","59361","39","133146"
"KN294446v1","199931","200226","JH378228","5509057","5509356","39","5309126"
"KN294446v1","204221","204450","JH378105","51862150","51862372","34","51657929"
"KN294446v1","211279","211575","JH378131","18080937","18081235","48","17869658"
"KN294446v1","219393","219699","JH378113","6692573","6692881","40","6473180"
"KN294446v1","225455","225767","JH378119","6124403","6124708","47","5898948"
"KN294446v1","228691","229017","JH378291","2637951","2638272","61","2409260"
"KN294446v1","230613","230914","JH378175","379683","379981","48","149070"
"KN294446v1","231194","231488","JH378138","2084662","2084957","36","1853468"
"KN294446v1","243262","243333","JH378177","789227","789305","19","545965"
"KN294446v1","243366","243571","JH378235","5655329","5655537","28","5411963"
"KN294446v1","252401","252712","JH378234","4844507","4844813","45","4592106"
"KN294446v1","269258","269558","JH378355","264810","265118","39","4448"
"KN294446v1","273594","273887","JH378181","6657533","6657829","34","6383939"
"KN294446v1","276681","276988","JH378137","11398263","11398561","53","11121582"
"KN294446v1","282133","282433","JH378124","15582898","15583197","43","15300765"
"KN294446v1","283922","284214","JH378149","4766604","4766904","48","4482682"
"KN294446v1","293112","293399","JH378141","11211572","11211860","42","10918460"
"KN294446v1","294723","295018","JH378220","2784017","2784313","29","2489294"
"KN294446v1","298479","298762","JH378226","5396007","5396291","30","5097528"
"KN294446v1","298906","299218","JH378113","15204256","15204564","37","14905350"
"KN294446v1","308048","308307","JH378111","11235343","11235605","50","10927295"
"KN294446v1","308893","309150","JH378167","9228054","9228310","33","8919161"
"KN294446v1","313379","313465","JH378140","6974081","6974165","15","6660702"
"KN294446v1","323275","323585","JH378148","9970891","9971201","38","9647616"
"KN294446v1","325789","326093","JH378284","1163902","1164203","29","838113"
"KN294446v1","338670","338986","JH378112","33214699","33215012","42","32876029"
"KN294446v1","340090","340384","JH378236","2372296","2372589","33","2032206"
"KN294446v1","348042","348346","JH378138","5380451","5380753","35","5032409"
"KN294446v1","355796","356107","JH378106","1533545","1533849","37","1177749"
"KN294446v1","356957","357240","JH378109","33111409","33111700","50","32754452"
"KN294446v1","371147","371458","JH378126","21026752","21027059","33","20655605"
"KN294446v1","377615","377911","JH378184","443270","443568","36","65655"
"KN294446v1","382965","383258","JH378118","10353694","10353987","38","9970729"
"KN294446v1","383701","383979","JH378140","14073854","14074132","41","13690153"
"KN294446v1","392612","392906","JH378139","18955642","18955939","40","18563030"
"KN294446v1","401031","401325","JH378157","12336485","12336787","41","11935454"
"KN294446v1","407894","408195","JH378199","7492600","7492904","32","7084706"
"KN294446v1","444886","445169","JH378231","4312542","4312824","31","3867656"
"KN294446v1","454501","454803","JH378153","12999289","12999592","33","12544788"
"KN294446v1","471226","471527","JH378106","1705581","1705889","34","1234355"
"KN294446v1","501318","501629","JH378148","3942244","3942550","46","3440926"
"KN294446v1","527627","527928","JH378119","6124403","6124708","34","5596776"
"KN294446v1","542782","543094","JH378158","3522926","3523235","32","2980144"
"KN294446v1","548620","548878","JH378139","7760988","7761245","40","7212368"
"KN294446v1","570777","571019","JH378145","2527450","2527683","39","1956673"
"KN294446v1","586222","586526","JH378156","9166475","9166782","37","8580253"
"KN294446v1","629716","629897","JH378116","37000001","37000189","24","36370285"
"KN294446v1","650962","651080","JH378282","14775","14892","15","636187"
"KN294446v1","675493","675811","JH378106","10129130","10129437","52","9453637"
"KN294446v1","690890","691202","JH378137","19401998","19402301","43","18711108"
"KN294446v1","696244","696543","JH378151","8381511","8381803","39","7685267"
"KN294446v1","738912","739207","JH378119","28562517","28562809","36","27823605"
"KN294446v1","771641","771952","JH378236","1785225","1785535","33","1013584"
"KN294446v1","793033","793331","JH378137","17093543","17093840","31","16300510"
"KN294446v1","813270","813555","JH378107","3502371","3502649","46","2689101"
"KN294446v1","817551","817846","JH378160","6887124","6887417","36","6069573"
"KN294446v1","840610","840911","JH378125","15156999","15157299","37","14316389"
"KN294446v1","852919","853221","JH378134","18532482","18532793","40","17679563"
"KN294446v1","873044","873351","JH378197","7145768","7146073","39","6272724"
"KN294446v1","901964","902226","JH378193","3248833","3249099","68","2346869"
"KN294446v1","909295","909588","JH378133","7973389","7973680","35","7064094"
"KN294446v1","927754","928043","JH378193","307323","307613","34","620431"
"KN294446v1","928471","928776","JH378112","33214699","33215012","69","32286228"
"KN294446v1","932596","932889","JH378228","5509057","5509356","29","4576461"
"KN294446v1","933523","933821","JH378106","44399035","44399331","41","43465512"
"KN294446v1","934173","934472","JH378126","21026752","21027059","38","20092579"
"KN294446v1","938741","938906","JH378164","6996757","6996923","34","6058016"
"KN294446v1","952025","952262","JH378262","3396082","3396318","33","2444057"
"KN294446v1","956468","956772","JH378112","30912176","30912478","38","29955708"
"KN294446v1","961830","962133","JH378291","2126454","2126761","38","1164624"
"KN294446v1","966970","967203","JH378149","2903461","2903681","41","1936491"
"KN294446v1","974011","974338","JH378107","29610844","29611154","57","28636833"
"KN294446v1","980295","980582","JH378151","8652626","8652916","29","7672331"
"KN294446v1","989013","989308","JH378213","4745577","4745870","35","3756564"
"KN294446v1","999762","1000000","JH378212","595089","595334","32","404673"
"KN294446v1","1000211","1000516","JH378137","4012884","4013190","33","3012673"
"KN294446v1","1002172","1002468","JH378229","2791774","2792064","40","1789602"
"KN294446v1","1005581","1005891","JH378172","1316010","1316320","36","310429"
"KN294446v1","1012893","1013184","JH378236","2372296","2372589","30","1359403"
"KN294446v1","1025667","1025978","JH378136","1594394","1594705","40","568727"
"KN294446v1","1161649","1161950","JH378157","10739818","10740116","38","9578169"
"KN294446v1","1191892","1192183","JH378244","3058045","3058328","36","1866153"
"KN294446v1","1216648","1216958","JH378119","6124403","6124708","29","4907755"
"KN294446v1","1290849","1291143","JH378157","6848841","6849136","39","5557992"
"KN294449v1","6058","6352","JH378333","587605","587900","38","581547"
"KN294449v1","151428","151730","JH378111","28563107","28563421","55","28411679"
"KN294451v1","152825","153125","JH378157","3724866","3725144","56","3572041"
"KN294451v1","163704","163995","JH378151","10201068","10201369","40","10037364"
"KN294451v1","340143","340452","JH378170","7770931","7771241","38","7430788"
"KN294451v1","440923","441205","JH378216","2540983","2541264","37","2100060"
"KN294451v1","481245","481548","JH378255","1560098","1560402","31","1078853"
"KN294451v1","509585","509881","JH378153","705908","706206","31","196323"
"KN294451v1","587652","587949","JH378236","733320","733615","33","145668"
"KN294451v1","592224","592513","JH378142","12979191","12979481","32","12386967"
"KN294451v1","593555","593855","JH378315","835775","836081","28","242220"
"KN294451v1","769767","769999","JH378112","36765565","36765790","35","35995798"
"KN294451v1","816456","816749","JH378157","9676550","9676840","30","8860094"
"KN294451v1","847002","847286","JH378111","42787057","42787349","36","41940055"
"KN294451v1","849508","849810","JH378228","5509057","5509356","36","4659549"
"KN294451v1","854976","855245","JH378201","3352207","3352484","45","2497231"
"KN294451v1","867406","867708","JH378125","4727308","4727603","35","3859902"
"KN294451v1","919586","919897","JH378126","21026752","21027059","35","20107166"
"KN294451v1","925549","925847","JH378170","4783494","4783792","29","3857945"
"KN294451v1","964496","964795","JH378228","5509057","5509356","33","4544561"
"KN294451v1","971656","971964","JH378126","21026752","21027059","34","20055096"
"KN294451v1","996204","996507","JH378200","4107342","4107642","35","3111138"
"KN294451v1","1039033","1039331","JH378105","54150095","54150392","36","53111062"
"KN294451v1","1107489","1107788","JH378130","237288","237587","36","870201"
"KN294451v1","1131197","1131502","JH378213","5393305","5393609","39","4262108"
"KN294451v1","1136642","1136928","JH378120","18579626","18579907","44","17442984"
"KN294451v1","1145845","1146158","JH378118","24374217","24374525","39","23228372"
"KN294451v1","1146468","1146774","JH378139","18632207","18632516","34","17485739"
"KN294451v1","1151527","1151823","JH378151","8381511","8381803","34","7229984"
"KN294451v1","1162235","1162545","JH378117","38039743","38040053","43","36877508"
"KN294451v1","1167597","1167891","JH378320","58622","58932","50","1108975"
"KN294451v1","1169777","1170084","JH378127","19048485","19048788","42","17878708"
"KN294451v1","1192941","1193233","JH378234","250587","250869","48","942354"
"KN294451v1","1217319","1217641","JH378126","21026752","21027059","45","19809433"
"KN294451v1","1230645","1230722","JH378199","1116181","1116262","19","114464"
"KN294451v1","1280550","1280830","JH378117","24822128","24822411","38","23541578"
"KN294451v1","1293492","1293799","JH378193","9064556","9064861","30","7771064"
"KN294451v1","1325150","1325452","JH378116","22991807","22992108","38","21666657"
"KN294451v1","1332197","1332495","JH378111","42466412","42466713","33","41134215"
"KN294451v1","1352766","1353063","JH378115","22200515","22200812","42","20847749"
"KN294451v1","1354166","1354470","JH378119","6124403","6124708","37","4770237"
"KN294451v1","1356963","1357277","JH378110","32975507","32975812","39","31618544"
"KN294451v1","1381874","1382172","JH378110","39191371","39191672","36","37809497"
"KN294451v1","1397991","1398041","JH378216","5433922","5433981","12","4035931"
"KN294451v1","1409616","1409930","JH378113","21909392","21909697","45","20499776"
"KN294451v1","1425390","1425698","JH378124","15558279","15558590","32","14132889"
"KN294451v1","1427093","1427369","JH378293","1120828","1121107","46","306265"
"KN294451v1","1439985","1440275","JH378151","8381511","8381803","37","6941526"
"KN294451v1","1467753","1468054","JH378288","1088673","1088973","29","379080"
"KN294451v1","1479250","1479549","JH378228","5509057","5509356","36","4029807"
"KN294451v1","1483035","1483110","JH378113","2486816","2486892","13","1003781"
"KN294452v1","273116","273405","JH378333","587605","587900","47","314489"
"KN294452v1","340059","340274","JH378216","7173998","7174212","32","6833939"
"KN294452v1","340591","340695","JH378156","14824862","14824966","13","14484271"
"KN294452v1","351194","351477","JH378115","17153051","17153333","34","16801857"
"KN294452v1","499188","499499","JH378334","216671","216977","37","282517"
"KN294452v1","517333","517628","JH378123","19866035","19866329","37","19348702"
"KN294452v1","1182574","1182881","JH378138","5964426","5964732","34","4781852"
"KN294452v1","1297437","1297585","JH378167","8690895","8691043","15","7393458"
"KN294452v1","1376655","1376866","JH378151","645312","645524","23","731343"
"KN294452v1","1466549","1466856","JH378121","23903963","23904268","47","22437414"
"KN294453v1","7851","8137","JH378108","23316099","23316381","39","23308248"
"KN294453v1","8640","8934","JH378162","12009235","12009540","47","12000595"
"KN294453v1","17469","17779","JH378113","6199734","6200044","29","6182265"
"KN294453v1","35417","35570","JH378149","4008331","4008482","15","3972914"
"KN294453v1","36377","36680","JH378108","52248352","52248648","44","52211975"
"KN294453v1","37986","38267","JH378307","1184952","1185232","45","1146966"
"KN294453v1","63999","64295","JH378197","7145768","7146073","43","7081769"
"KN294453v1","74780","75075","JH378133","22138850","22139145","31","22064070"
"KN294453v1","110704","111017","JH378126","21026752","21027059","42","20916048"
"KN294453v1","285434","285746","JH378139","17878350","17878657","39","17592916"
"KN294453v1","356606","356864","JH378152","16208515","16208770","36","15851909"
"KN294453v1","396422","396692","JH378105","36884891","36885163","38","36488469"
"KN294454v1","64612","64914","JH378206","6984481","6984785","46","6919869"
"KN294454v1","72488","72646","JH378143","6093044","6093204","21","6020556"
"KN294454v1","75289","75586","JH378110","36851661","36851959","37","36776372"
"KN294454v1","82485","82694","JH378151","645312","645524","28","562827"
"KN294454v1","87599","87885","JH378139","16259084","16259375","40","16171485"
"KN294454v1","166908","167181","JH378120","31630637","31630909","32","31463729"
"KN294454v1","224135","224436","JH378189","1225012","1225313","31","1000877"
"KN294454v1","240615","240912","JH378110","10833476","10833772","38","10592861"
"KN294454v1","295441","295739","JH378220","2784017","2784313","27","2488576"
"KN294454v1","345932","346205","JH378113","28252367","28252645","42","27906435"
"KN294454v1","355562","355901","JH378281","2793521","2793841","63","2437959"
"KN294454v1","379072","379359","JH378282","886006","886296","37","506934"
"KN294454v1","432456","432765","JH378115","22676581","22676892","44","22244125"
"KN294454v1","520785","521095","JH378140","6883086","6883394","38","6362301"
"KN294454v1","538972","539278","JH378138","5964426","5964732","35","5425454"
"KN294454v1","561662","561949","JH378182","9360980","9361267","38","8799318"
"KN294455v1","151178","151452","JH378220","6938134","6938409","45","6786956"
"KN294456v1","4906","5166","JH378213","4069347","4069600","44","4064441"
"KN294456v1","7352","7498","JH378171","4265495","4265625","25","4258143"
"KN294456v1","7524","7694","JH378112","41753381","41753553","27","41745857"
"KN294456v1","16963","17260","JH378207","3169344","3169645","45","3152381"
"KN294456v1","28797","29108","JH378193","9256338","9256648","42","9227541"
"KN294456v1","36630","36941","JH378135","3149477","3149786","37","3112847"
"KN294456v1","49368","49663","JH378176","9178067","9178359","40","9128699"
"KN294456v1","55080","55387","JH378172","12064674","12064982","32","12009594"
"KN294456v1","105022","105330","JH378253","315934","316240","37","210912"
"KN294456v1","110044","110343","JH378293","1524576","1524874","38","1414532"
"KN294456v1","153364","153666","JH378130","23812749","23813055","40","23659385"
"KN294456v1","186246","186438","JH378240","1935952","1936148","25","1749706"
"KN294456v1","345604","345905","JH378115","25570507","25570808","36","25224903"
"KN294456v1","361625","361912","JH378106","3052818","3053105","32","2691193"
"KN294456v1","400577","400868","JH378105","2418683","2418975","37","2018106"
"KN294456v1","433304","433601","JH378288","1088673","1088973","28","655369"
"KN294456v1","466240","466543","JH378220","1050933","1051232","38","584693"
"KN294456v1","475424","475716","JH378111","42466412","42466713","42","41990988"
"KN294456v1","481823","482106","JH378213","2306017","2306300","36","1824194"
"KN294456v1","482144","482155","JH378189","7208291","7208302","4","6726147"
"KN294456v1","485279","485583","JH378113","2640449","2640755","38","2155170"
"KN294456v1","493808","494087","JH378111","15610165","15610446","42","15116357"
"KN294456v1","498463","498768","JH378139","18471246","18471551","26","17972783"
"KN294456v1","499682","499985","JH378111","25473856","25474161","35","24974174"
"KN294456v1","514005","514300","JH378144","5748370","5748662","33","5234365"
"KN294456v1","515008","515313","JH378126","21026752","21027059","33","20511744"
"KN294456v1","530884","531170","JH378113","4310937","4311223","41","3780053"
"KN294456v1","532127","532427","JH378107","32029619","32029921","33","31497492"
"KN294456v1","536675","536976","JH378124","15582898","15583197","46","15046223"
"KN294456v1","560957","561219","JH378239","3092648","3092913","31","2531691"
"KN294456v1","562553","562864","JH378149","17014866","17015176","53","16452313"
"KN294456v1","568935","569227","JH378293","1524576","1524874","30","955641"
"KN294456v1","586266","586574","JH378167","5351158","5351469","38","4764892"
"KN294456v1","593643","593945","JH378151","4318339","4318636","35","3724696"
"KN294456v1","614275","614541","JH378111","28313882","28314141","45","27699607"
"KN294456v1","625858","626122","JH378110","34075308","34075574","31","33449450"
"KN294456v1","631044","631353","JH378106","60843849","60844159","38","60212805"
"KN294456v1","679245","679534","JH378122","29867810","29868101","32","29188565"
"KN294456v1","681952","682274","JH378162","11688122","11688439","48","11006170"
"KN294456v1","700781","701022","JH378119","27579195","27579444","44","26878414"
"KN294456v1","713316","713627","JH378117","33653172","33653483","39","32939856"
"KN294456v1","720637","720809","JH378140","1043542","1043716","23","322905"
"KN294456v1","732698","732846","JH378136","6369757","6369902","20","5637059"
"KN294456v1","743258","743564","JH378167","8229806","8230111","36","7486548"
"KN294456v1","752679","752853","JH378151","9614426","9614595","36","8861747"
"KN294456v1","758208","758505","JH378116","28869529","28869826","35","28111321"
"KN294456v1","805867","806146","JH378246","2154157","2154450","44","1348290"
"KN294456v1","809932","810238","JH378119","6124403","6124708","38","5314471"
"KN294456v1","816334","816435","JH378111","25982857","25982955","16","25166523"
"KN294456v1","822330","822620","JH378158","9080617","9080907","34","8258287"
"KN294456v1","872239","872545","JH378205","4497688","4497989","39","3625449"
"KN294456v1","905341","905646","JH378127","12775619","12775924","43","11870278"
"KN294456v1","938545","938815","JH378197","148892","149160","36","789653"
"KN294456v1","954222","954385","JH378223","6587182","6587333","23","5632960"
"KN294456v1","986759","987068","JH378117","8739708","8740018","30","7752949"
"KN294456v1","990434","990719","JH378134","17892038","17892325","43","16901604"
"KN294456v1","990759","990769","JH378321","454451","454463","5","536308"
"KN294456v1","1003189","1003483","JH378255","1560098","1560402","39","556909"
"KN294456v1","1018899","1019214","JH378140","7338564","7338875","37","6319665"
"KN294456v1","1031474","1031785","JH378126","21026752","21027059","28","19995278"
"KN294456v1","1044141","1044312","JH378138","8001019","8001189","21","6956878"
"KN294456v1","1047409","1047706","JH378153","7166527","7166816","30","6119118"
"KN294456v1","1059087","1059300","JH378107","6189902","6190112","28","5130815"
"KN294456v1","1061656","1061984","JH378126","21026752","21027059","51","19965096"
"KN294456v1","1088279","1088572","JH378121","29566176","29566469","32","28477897"
"KN294456v1","1105714","1106018","JH378197","7145768","7146073","36","6040054"
"KN294456v1","1142954","1143110","JH378198","1224864","1225021","17","81910"
"KN294456v1","1157213","1157495","JH378152","10737028","10737308","35","9579815"
"KN294456v1","1159178","1159484","JH378188","6597911","6598218","42","5438733"
"KN294456v1","1162155","1162456","JH378220","2784017","2784313","39","1621862"
"KN294456v1","1167196","1167502","JH378167","1605750","1606051","32","438554"
"KN294456v1","1169343","1169652","JH378123","491683","491985","38","677660"
"KN294456v1","1200100","1200391","JH378145","12879121","12879408","33","11679021"
"KN294456v1","1207748","1208040","JH378284","239562","239856","32","968186"
"KN294456v1","1230889","1231205","JH378143","15045592","15045905","51","13814703"
"KN294456v1","1233374","1233671","JH378139","18955642","18955939","31","17722268"
"KN294456v1","1235045","1235358","JH378148","7666479","7666786","41","6431434"
"KN294456v1","1237032","1237327","JH378115","25570507","25570808","39","24333475"
"KN294456v1","1238779","1239071","JH378228","5509057","5509356","38","4270278"
"KN294456v1","1245780","1246075","JH378153","6959025","6959323","41","5713245"
"KN294456v1","1299751","1300046","JH378328","452393","452688","34","847358"
"KN294456v1","1314150","1314445","JH378198","6294233","6294526","37","4980083"
"KN294456v1","1344743","1345023","JH378156","3848765","3849055","44","2504022"
"KN294456v1","1417688","1417869","JH378118","11986172","11986342","33","10568484"
"KN294456v1","1427414","1427485","JH378137","16770949","16771020","18","15343535"
"KN294456v1","1500249","1500583","JH378105","48277330","48277655","60","46777081"
"KN294456v1","1536814","1537054","JH378181","6912531","6912777","42","5375717"
"KN294456v1","1544357","1544664","JH378110","31575602","31575901","35","30031245"
"KN294456v1","1566476","1566685","JH378156","532020","532228","31","1034456"
"KN294457v1","5886","6171","JH378106","3052818","3053105","30","3046932"
"KN294457v1","16239","16534","JH378106","44399035","44399331","37","44382796"
"KN294457v1","55982","56272","JH378205","6545327","6545618","36","6489345"
"KN294457v1","63399","63731","JH378239","3940828","3941139","51","3877429"
"KN294457v1","150691","150984","JH378131","20072845","20073138","41","19922154"
"KN294457v1","158352","158660","JH378126","21026752","21027059","33","20868400"
"KN294457v1","160113","160420","JH378188","8867114","8867419","35","8707001"
"KN294457v1","185187","185509","JH378174","778010","778326","47","592823"
"KN294457v1","189418","189730","JH378120","16327645","16327955","33","16138227"
"KN294457v1","191884","192197","JH378105","34766720","34767040","60","34574836"
"KN294457v1","200030","200320","JH378151","8652626","8652916","37","8452596"
"KN294457v1","249041","249331","JH378205","5080625","5080919","39","4831584"
"KN294457v1","249418","249576","JH378107","22059158","22059316","26","21809740"
"KN294457v1","256006","256288","JH378146","351413","351692","41","95407"
"KN294457v1","276619","276899","JH378119","4226584","4226862","39","3949965"
"KN294457v1","284634","284931","JH378191","934416","934715","40","649782"
"KN294457v1","313081","313378","JH378125","4887260","4887558","33","4574179"
"KN294457v1","313770","314064","JH378133","22138850","22139145","32","21825080"
"KN294457v1","319020","319306","JH378247","2290754","2291038","40","1971734"
"KN294457v1","320176","320248","JH378242","838676","838749","14","518500"
"KN294457v1","321181","321472","JH378163","13372336","13372629","31","13051155"
"KN294457v1","326881","327167","JH378108","42296533","42296820","37","41969652"
"KN294457v1","331211","331514","JH378262","3307334","3307637","47","2976123"
"KN294457v1","338165","338462","JH378116","28869529","28869826","32","28531364"
"KN294457v1","345477","345778","JH378114","37036188","37036491","37","36690711"
"KN294457v1","348440","348738","JH378274","762071","762368","33","413631"
"KN294457v1","386761","387064","JH378111","32787449","32787755","37","32400688"
"KN294457v1","469462","469761","JH378163","13372336","13372629","36","12902874"
"KN294457v1","476284","476595","JH378113","28428906","28429220","41","27952622"
"KN294457v1","606395","606703","JH378206","702221","702523","37","95826"
"KN294457v1","684398","684697","JH378116","34449882","34450188","41","33765484"
"KN294457v1","709686","709978","JH378332","518280","518577","40","191406"
"KN294457v1","710869","711069","JH378217","951556","951750","34","240687"
"KN294457v1","713492","713661","JH378118","14815054","14815222","25","14101562"
"KN294457v1","741402","741687","JH378159","15325010","15325300","42","14583608"
"KN294457v1","747805","748120","JH378106","59388710","59389020","41","58640905"
"KN294457v1","750556","750855","JH378110","38574281","38574582","39","37823725"
"KN294457v1","754052","754348","JH378203","6613548","6613842","33","5859496"
"KN294457v1","759249","759542","JH378469","2996","3291","29","756253"
"KN294457v1","794207","794510","JH378110","32305325","32305628","29","31511118"
"KN294457v1","797463","797767","JH378167","7969364","7969660","42","7171901"
"KN294457v1","906369","906557","JH378165","1001589","1001768","27","95220"
"KN294457v1","910160","910444","JH378121","29566176","29566469","34","28656016"
"KN294457v1","915811","916122","JH378116","11181268","11181574","37","10265457"
"KN294457v1","934399","934690","JH378265","2263256","2263553","34","1328857"
"KN294457v1","966537","966794","JH378124","10334180","10334433","40","9367643"
"KN294457v1","1002492","1002789","JH378271","2859775","2860082","44","1857283"
"KN294457v1","1025445","1025751","JH378137","418029","418333","37","607416"
"KN294457v1","1026944","1027241","JH378199","1071038","1071332","37","44094"
"KN294457v1","1034653","1034760","JH378125","16275953","16276058","15","15241300"
"KN294457v1","1044637","1044946","JH378118","24374217","24374525","45","23329580"
"KN294457v1","1069362","1069644","JH378118","14784020","14784304","38","13714658"
"KN294457v1","1075402","1075742","JH378176","8157064","8157374","63","7081662"
"KN294457v1","1078598","1078903","JH378171","4458179","4458478","45","3379581"
"KN294457v1","1080848","1081138","JH378176","9716970","9717264","41","8636122"
"KN294457v1","1094674","1094983","JH378154","14645442","14645751","36","13550768"
"KN294457v1","1098567","1098879","JH378122","3017544","3017852","41","1918977"
"KN294457v1","1099281","1099573","JH378276","503796","504088","27","595485"
"KN294457v1","1105771","1105983","JH378141","18329140","18329350","30","17223369"
"KN294457v1","1105984","1106040","JH378224","6620868","6620924","10","5514884"
"KN294457v1","1106044","1106255","JH378141","18329140","18329350","28","17223096"
"KN294457v1","1106256","1106312","JH378224","6620868","6620924","10","5514612"
"KN294457v1","1106316","1106609","JH378216","1183275","1183567","36","76959"
"KN294457v1","1106878","1107106","JH378326","457296","457529","22","649582"
"KN294457v1","1119645","1119956","JH378137","418029","418333","37","701616"
"KN294457v1","1124474","1124755","JH378170","5402038","5402322","41","4277564"
"KN294457v1","1125337","1125630","JH378159","11461654","11461947","32","10336317"
"KN294457v1","1126938","1127240","JH378108","33734008","33734301","45","32607070"
"KN294457v1","1128904","1129213","JH378126","21026752","21027059","38","19897848"
"KN294457v1","1149959","1150252","JH378287","708742","709032","36","441217"
"KN294457v1","1203247","1203448","JH378220","4361793","4361994","31","3158546"
"KN294457v1","1322155","1322457","JH378206","4086994","4087300","30","2764839"
"KN294457v1","1334688","1334996","JH378115","25041145","25041450","38","23706457"
"KN294457v1","1457500","1457729","JH378153","14246351","14246569","32","12788851"
"KN294457v1","1508229","1508530","JH378123","48357","48656","35","1459872"
"KN294457v1","1608912","1609223","JH378127","11763276","11763587","44","10154364"
"KN294457v1","1641566","1641859","JH378163","13372336","13372629","45","11730770"
"KN294457v1","1772947","1773249","AGCE01150449","839","1138","35","1772108"
"KN294457v1","1843061","1843357","JH378288","1088673","1088973","35","754388"
"KN294457v1","2015308","2015610","JH378123","491683","491985","36","1523625"
"KN294457v1","2236700","2236877","JH378217","951556","951750","38","1285144"
"KN294457v1","2347855","2348136","JH378123","7614794","7615075","36","5266939"
"KN294457v1","2686241","2686554","JH378114","37036188","37036491","48","34349947"
"KN294457v1","2848229","2848540","JH378171","6181069","6181379","40","3332840"
"KN294457v1","3044159","3044460","JH378121","19920880","19921179","46","16876721"
"KN294457v1","3223861","3224156","JH378107","6641537","6641829","38","3417676"
"KN294457v1","3230498","3230801","JH378159","5493568","5493869","31","2263070"
"KN294457v1","3289756","3290056","JH378127","23027651","23027944","34","19737895"
"KN294457v1","3291846","3292151","JH378220","6347403","6347704","40","3055557"
"KN294457v1","3326605","3326916","JH378120","16327645","16327955","40","13001040"
"KN294457v1","3399973","3400279","JH378127","8597379","8597683","36","5197406"
"KN294457v1","3413806","3414073","JH378110","11197792","11198069","49","7783986"
"KN294457v1","3420669","3420943","JH378153","13613701","13613982","36","10193032"
"KN294457v1","3452990","3453295","JH378115","28953900","28954199","56","25500910"
"KN294457v1","3603765","3604072","JH378197","7145768","7146073","38","3542003"
"KN294457v1","3639149","3639233","JH378120","7756302","7756387","14","4117153"
"KN294457v1","3891616","3891816","JH378186","6178471","6178668","20","2286855"
"KN294458v1","26901","27200","JH378137","11398263","11398561","44","11371362"
"KN294458v1","48346","48647","JH378149","13456174","13456477","34","13407828"
"KN294458v1","68305","68594","JH378242","97287","97580","32","28982"
"KN294458v1","94921","95228","JH378206","4086994","4087300","32","3992073"
"KN294458v1","101312","101606","JH378108","23280248","23280545","37","23178936"
"KN294458v1","108409","108710","JH378130","1202684","1202989","34","1094275"
"KN294458v1","149971","150020","JH378107","3373557","3373604","10","3223586"
"KN294458v1","156835","157142","JH378197","7145768","7146073","31","6988933"
"KN294458v1","171592","171690","JH378117","24388428","24388525","11","24216836"
"KN294458v1","251592","251901","JH378138","5380451","5380753","34","5128859"
"KN294458v1","281296","281594","JH378109","14382798","14383097","31","14101502"
"KN294458v1","372774","373075","JH378157","13574679","13574975","33","13201905"
"KN294458v1","387516","387827","JH378107","42166770","42167079","45","41779254"
"KN294458v1","443115","443413","JH378223","4747795","4748100","45","4304680"
"KN294458v1","444193","444484","JH378143","14045672","14045966","36","13601479"
"KN294458v1","449223","449512","JH378300","644091","644380","33","194868"
"KN294458v1","477368","477679","JH378126","21026752","21027059","40","20549384"
"KN294458v1","482561","482872","JH378126","21026752","21027059","36","20544191"
"KN294458v1","491938","492243","JH378119","29781507","29781813","35","29289569"
"KN294458v1","492361","492671","JH378109","42895784","42896100","56","42403423"
"KN294458v1","541358","541662","JH378197","7145768","7146073","39","6604410"
"KN294458v1","832166","832469","JH378119","23106486","23106789","36","22274320"
"KN294458v1","1097059","1097350","JH378265","2263256","2263553","40","1166197"
"KN294458v1","1131709","1132021","JH378224","4580795","4581100","43","3449086"
"KN294458v1","1139941","1140098","JH378108","32665441","32665599","24","31525500"
"KN294458v1","1140127","1140256","JH378137","16178972","16179100","13","15038845"
"KN294458v1","1147984","1148287","JH378129","10258595","10258896","34","9110611"
"KN294458v1","1154036","1154338","JH378276","3078934","3079236","34","1924898"
"KN294458v1","1201755","1202027","JH378264","3642239","3642520","47","2440484"
"KN294458v1","1316301","1316575","JH378109","8763411","8763680","42","7447110"
"KN294458v1","1323323","1323573","JH378125","7358700","7358942","36","6035377"
"KN294458v1","1326036","1326334","JH378170","4783494","4783792","40","3457458"
"KN294458v1","1338229","1338396","JH378122","21584214","21584378","28","20245985"
"KN294458v1","1346302","1346565","JH378137","4724586","4724825","67","3378284"
"KN294458v1","1348422","1348718","JH378228","5509057","5509356","34","4160635"
"KN294458v1","1350968","1351277","JH378126","21026752","21027059","44","19675784"
"KN294458v1","1361531","1361825","JH378108","46075956","46076254","34","44714425"
"KN294458v1","1396961","1397243","JH378137","4144145","4144429","36","2747184"
"KN294458v1","1416601","1416768","JH378161","8616597","8616766","19","7199996"
"KN294458v1","1416856","1417146","JH378199","586104","586392","27","830752"
"KN294458v1","1418705","1419021","JH378111","32787449","32787755","49","31368744"
"KN294458v1","1454224","1454519","JH378105","4325405","4325701","34","2871181"
"KN294458v1","1463169","1463476","JH378206","6984481","6984785","31","5521312"
"KN294458v1","1468206","1468445","JH378228","5372364","5372618","46","3904158"
"KN294458v1","1496900","1497201","JH378170","5368110","5368405","51","3871210"
"KN294458v1","1534975","1535277","JH378130","10895986","10896291","39","9361011"
"KN294458v1","1586623","1586933","JH378127","1436896","1437207","32","149727"
"KN294458v1","1649560","1649873","JH378139","17878350","17878657","42","16228790"
"KN294458v1","1697556","1697712","JH378167","8728528","8728685","25","7030972"
"KN294462v1","123667","123816","JH378292","2416970","2417119","48","2293303"
"KN294462v1","123845","124004","JH378108","46343521","46343666","32","46219676"
"KN294462v1","229109","229407","JH378173","4155896","4156193","41","3926787"
"KN294462v1","252560","252865","JH378126","21026752","21027059","49","20774192"
"KN294462v1","259669","259975","JH378126","23919556","23919859","48","23659887"
"KN294462v1","263405","263515","JH378220","1986021","1986131","17","1722616"
"KN294462v1","384760","385070","JH378172","9566909","9567221","34","9182149"
"KN294462v1","414348","414628","JH378112","14653970","14654253","28","14239622"
"KN294462v1","463028","463325","JH378265","2263256","2263553","30","1800228"
"KN294462v1","533012","533317","JH378107","7086674","7086981","35","6553662"
"KN294462v1","567274","567555","JH378140","1162380","1162657","39","595106"
"KN294462v1","587872","588175","JH378125","15893280","15893581","38","15305408"
"KN294462v1","604600","604761","JH378124","2028680","2028841","22","1424080"
"KN294462v1","604996","605150","JH378124","10344214","10344349","31","9739218"
"KN294462v1","609109","609405","JH378149","1427296","1427590","31","818187"
"KN294462v1","643696","643998","JH378118","12034895","12035199","43","11391199"
"KN294462v1","645884","646181","JH378121","29566176","29566469","28","28920292"
"KN294462v1","668567","668848","JH378106","63648485","63648770","35","62979918"
"KN294462v1","675559","675863","JH378115","34859185","34859494","38","34183626"
"KN294462v1","675929","676240","JH378115","16925265","16925575","34","16249336"
"KN294462v1","692240","692547","JH378126","21026752","21027059","39","20334512"
"KN294462v1","707402","707712","JH378269","3139226","3139540","38","2431824"
"KN294466v1","9817","10124","JH378110","32975507","32975812","36","32965690"
"KN294467v1","15310","15605","JH378137","17138846","17139141","42","17123536"
"KN294467v1","24824","25125","JH378159","5493568","5493869","42","5468744"
"KN294467v1","73858","74148","JH378187","2941754","2942038","42","2867896"
"KN294467v1","80676","80972","JH378126","23919556","23919859","34","23838880"
"KN294467v1","91200","91514","JH378125","16439402","16439702","56","16348202"
"KN294467v1","94698","94991","JH378105","4325405","4325701","35","4230707"
"KN294467v1","95053","95370","JH378156","9166475","9166782","42","9071422"
"KN294467v1","110533","110799","JH378117","19416964","19417229","43","19306431"
"KN294467v1","118327","118459","JH378319","890047","890177","19","771720"
"KN294467v1","118460","118734","JH378116","33740056","33740330","32","33621596"
"KN294467v1","122956","123265","JH378126","21026752","21027059","41","20903796"
"KN294467v1","136691","136991","JH378115","28712376","28712673","34","28575685"
"KN294467v1","141448","141747","JH378127","22238831","22239131","34","22097383"
"KN294467v1","166959","167209","JH378108","23565898","23566144","47","23398939"
"KN294467v1","185099","185404","JH378255","1560098","1560402","42","1374999"
"KN294467v1","186901","187189","JH378157","11837100","11837379","37","11650199"
"KN294467v1","204915","205163","JH378176","9374149","9374395","30","9169234"
"KN294467v1","238609","238886","JH378281","2947044","2947332","52","2708435"
"KN294467v1","238897","239186","JH378120","30993613","30993908","47","30754716"
"KN294467v1","240162","240459","JH378155","899165","899463","53","659003"
"KN294467v1","268990","269286","JH378106","70433290","70433586","40","70164300"
"KN294467v1","281783","281961","JH378110","22125744","22125922","35","21843961"
"KN294467v1","281962","282258","JH378180","5510063","5510360","49","5228101"
"KN294467v1","317095","317400","JH378110","19934311","19934616","36","19617216"
"KN294467v1","341658","341942","JH378116","24890259","24890547","39","24548601"
"KN294468v1","5643","5953","JH378107","56756427","56756727","50","56750784"
"KN294468v1","8571","8747","JH378132","11280976","11281149","23","11272405"
"KN294468v1","24862","25157","JH378124","4920301","4920597","47","4895439"
"KN294468v1","55654","55949","JH378151","3515305","3515602","27","3459651"
"KN294468v1","55961","56258","JH378107","6638273","6638572","37","6582312"
"KN294468v1","63963","64059","JH378328","23061","23156","16","40902"
"KN294468v1","65366","65658","JH378124","10835797","10836078","42","10770431"
"KN294468v1","66182","66482","JH378289","1436865","1437165","38","1370683"
"KN294468v1","75099","75358","JH378111","3992165","3992419","37","3917066"
"KN294468v1","133300","133574","JH378152","10737028","10737308","39","10603728"
"KN294468v1","164844","165138","JH378163","13372336","13372629","38","13207492"
"KN294468v1","233633","233934","JH378173","10046061","10046365","42","9812428"
"KN294469v1","77240","77525","JH378110","17880643","17880926","37","17803403"
"KN294469v1","164640","164939","JH378193","9064556","9064861","39","8899916"
"KN294469v1","165439","165627","JH378162","6291048","6291236","29","6125609"
"KN294469v1","165661","165786","JH378124","2971545","2971671","16","2805884"
"KN294469v1","166069","166361","JH378167","9331988","9332280","36","9165919"
"KN294469v1","168187","168493","JH378106","14049665","14049974","36","13881478"
"KN294469v1","187720","188045","JH378197","7145768","7146073","52","6958048"
"KN294469v1","189033","189209","JH378153","12500981","12501157","19","12311948"
"KN294469v1","226488","226790","JH378106","6434398","6434702","38","6207910"
"KN294469v1","232349","232655","JH378228","5527421","5527723","41","5295072"
"KN294469v1","257006","257309","JH378293","1524576","1524874","39","1267570"
"KN294469v1","268337","268643","JH378139","18632207","18632516","37","18363870"
"KN294469v1","272452","272630","JH378137","15843199","15843373","26","15570747"
"KN294469v1","375277","375588","JH378126","21026752","21027059","35","20651475"
"KN294470v1","1048439","1048745","JH378206","4086994","4087300","28","3038555"
"KN294470v1","52","362","JH378139","18632207","18632516","38","18632155"
"KN294470v1","44084","44380","JH378106","6434398","6434702","32","6390314"
"KN294470v1","52508","52602","JH378105","54320628","54320724","16","54268120"
"KN294470v1","111797","112080","JH378177","6664715","6664994","40","6552918"
"KN294470v1","134179","134435","JH378119","28597739","28597991","37","28463560"
"KN294470v1","202311","202604","JH378111","11160555","11160844","30","10958244"
"KN294470v1","230370","230647","JH378159","15325010","15325300","61","15094640"
"KN294470v1","294477","294655","JH378125","5641148","5641327","27","5346671"
"KN294470v1","300146","300416","JH378106","70444924","70445198","37","70144778"
"KN294470v1","303789","304099","JH378178","6686940","6687251","40","6383151"
"KN294470v1","307126","307416","JH378106","6929866","6930160","42","6622740"
"KN294470v1","309743","310044","JH378119","6124403","6124708","41","5814660"
"KN294470v1","322658","322945","JH378143","9168017","9168308","45","8845359"
"KN294470v1","327357","327666","JH378126","21026752","21027059","26","20699395"
"KN294470v1","355533","355841","JH378139","18632207","18632516","38","18276674"
"KN294470v1","364842","365146","JH378149","10751865","10752165","37","10387023"
"KN294470v1","377142","377435","JH378242","97287","97580","36","279855"
"KN294470v1","377441","377748","JH378115","34859185","34859494","43","34481744"
"KN294470v1","394696","394966","JH378110","17469057","17469320","47","17074361"
"KN294470v1","395312","395524","JH378151","645312","645524","30","250000"
"KN294470v1","406422","406732","JH378120","16327645","16327955","41","15921223"
"KN294470v1","459961","460261","JH378236","2099707","2100007","38","1639746"
"KN294470v1","541823","542129","JH378119","6124403","6124708","33","5582580"
"KN294470v1","564156","564452","JH378126","24143188","24143481","30","23579032"
"KN294470v1","566584","566882","JH378224","1707625","1707924","35","1141041"
"KN294470v1","579655","579825","JH378196","8129481","8129648","16","7549826"
"KN294470v1","585725","586016","JH378204","5607975","5608271","31","5022250"
"KN294470v1","606475","606776","JH378115","25041145","25041450","25","24434670"
"KN294470v1","629046","629348","JH378114","7122925","7123229","32","6493879"
"KN294470v1","641065","641372","JH378320","58622","58932","41","582443"
"KN294470v1","645997","646296","JH378288","1088673","1088973","31","442676"
"KN294470v1","674051","674345","JH378220","2537784","2538076","38","1863733"
"KN294470v1","678075","678366","JH378107","57673207","57673500","32","56995132"
"KN294470v1","679941","680244","JH378199","4983750","4984049","33","4303809"
"KN294470v1","701923","702230","JH378115","14358426","14358736","36","13656503"
"KN294470v1","707410","707578","JH378137","17897841","17898006","21","17190431"
"KN294470v1","707876","708009","JH378272","2452120","2452252","15","1744244"
"KN294470v1","749852","750150","JH378241","5492398","5492696","28","4742546"
"KN294470v1","832576","832858","JH378118","12914553","12914834","35","12081977"
"KN294470v1","847272","847585","JH378213","2224771","2225081","38","1377499"
"KN294470v1","849331","849426","JH378118","35562583","35562683","11","34713252"
"KN294470v1","859477","859780","JH378123","491683","491985","33","367794"
"KN294470v1","871756","871997","JH378214","3942529","3942769","36","3070773"
"KN294470v1","884826","884922","JH378123","22034343","22034439","12","21149517"
"KN294470v1","943573","943864","JH378145","4339765","4340061","39","3396192"
"KN294470v1","946969","947265","JH378139","18955642","18955939","33","18008673"
"KN294470v1","951141","951451","JH378187","2906095","2906405","34","1954954"
"KN294470v1","975594","975900","JH378122","9816070","9816375","38","8840476"
"KN294470v1","990043","990366","JH378149","15914810","15915120","46","14924767"
"KN294470v1","1028369","1028666","JH378265","2263256","2263553","46","1234887"
"KN294470v1","1035161","1035456","JH378128","23632978","23633280","43","22597817"
"KN294470v1","1039142","1039435","JH378184","443270","443568","39","595872"
"KN294470v1","1047877","1048183","JH378139","18632207","18632516","32","17584330"
"KN294470v1","1076976","1077111","JH378179","428393","428529","18","648583"
"KN294470v1","1077420","1077587","JH378140","14410260","14410429","29","13332840"
"KN294470v1","1097819","1098112","JH378121","29566176","29566469","38","28468357"
"KN294470v1","1108362","1108660","JH378122","13169953","13170248","33","12061591"
"KN294470v1","1115236","1115283","JH378107","49865593","49865646","15","48750357"
"KN294470v1","1122130","1122300","JH378105","57398641","57398804","26","56276511"
"KN294470v1","1124758","1125052","JH378162","5802153","5802447","34","4677395"
"KN294470v1","1129702","1129995","JH378159","2054904","2055199","33","925202"
"KN294470v1","1131757","1132045","JH378139","1980713","1981003","38","848956"
"KN294470v1","1139141","1139406","JH378105","36059082","36059351","44","34919941"
"KN294470v1","1140132","1140414","JH378129","7392244","7392530","44","6252112"
"KN294470v1","1153373","1153655","JH378148","3284028","3284308","40","2130655"
"KN294470v1","1164586","1164894","JH378126","21026752","21027059","34","19862166"
"KN294470v1","1171991","1172155","JH378197","7396345","7396505","26","6224354"
"KN294470v1","1174524","1174828","JH378110","12146106","12146409","33","10971582"
"KN294470v1","1189119","1189476","JH378167","4176675","4177019","69","2987556"
"KN294470v1","1193148","1193464","JH378177","2845413","2845733","47","1652265"
"KN294470v1","1196147","1196427","JH378156","4660046","4660322","36","3463899"
"KN294470v1","1219294","1219565","JH378109","17006289","17006567","44","15786995"
"KN294470v1","1223252","1223559","JH378216","6474633","6474943","40","5251381"
"KN294470v1","1230729","1231038","JH378279","1447675","1447977","42","216946"
"KN294470v1","1240921","1241226","JH378113","17279344","17279644","38","16038423"
"KN294470v1","1257008","1257307","JH378145","6590244","6590546","36","5333236"
"KN294470v1","1263921","1264197","JH378239","3775482","3775761","39","2511561"
"KN294470v1","1274359","1274633","JH378137","17271511","17271797","43","15997152"
"KN294470v1","1305391","1305468","JH378105","47369636","47369713","17","46064245"
"KN294470v1","1305775","1305939","JH378213","484820","484983","25","820955"
"KN294470v1","1312906","1313196","JH378146","15879310","15879613","46","14566404"
"KN294470v1","1325412","1325713","JH378126","21026752","21027059","31","19701340"
"KN294470v1","1372129","1372421","JH378135","3624002","3624295","30","2251873"
"KN294470v1","1432774","1433072","JH378151","6553008","6553306","33","5120234"
"KN294470v1","1454654","1454927","JH378114","5750724","5750992","42","4296070"
"KN294470v1","1489321","1489620","JH378124","15582898","15583197","37","14093577"
"KN294470v1","1498981","1499244","JH378160","13598594","13598854","41","12099613"
"KN294470v1","1530306","1530586","JH378144","13085608","13085890","51","11555302"
"KN294470v1","1643990","1644293","JH378133","11273905","11274209","31","9629915"
"KN294470v1","1657789","1658097","JH378255","1560098","1560402","39","97691"
"KN294470v1","1816695","1816995","JH378115","25570507","25570808","31","23753812"
"KN294470v1","1961875","1962183","JH378288","1088673","1088973","37","873202"
"KN294470v1","1966911","1967199","JH378163","4963394","4963679","33","2996483"
"KN294470v1","2009361","2009689","JH378246","4457511","4457836","41","2448150"
"KN294470v1","2010598","2010895","JH378108","35543926","35544225","36","33533328"
"KN294470v1","2029940","2030233","JH378137","17271511","17271797","37","15241571"
"KN294470v1","2066090","2066393","JH378221","1422660","1422963","34","643430"
"KN294470v1","2087143","2087435","JH378291","1199183","1199477","41","887960"
"KN294470v1","2096112","2096404","JH378246","1686796","1687088","38","409316"
"KN294470v1","2105742","2106036","JH378142","12979191","12979481","37","10873449"
"KN294470v1","2108554","2108865","JH378111","42266998","42267309","34","40158444"
"KN294470v1","2109749","2110056","JH378139","18632207","18632516","33","16522458"
"KN294470v1","2137894","2138130","JH378158","13279710","13279942","30","11141816"
"KN294470v1","2154627","2154943","JH378115","25041145","25041450","40","22886518"
"KN294470v1","2155092","2155397","JH378119","6124403","6124708","34","3969311"
"KN294470v1","2170927","2171228","JH378149","3330828","3331125","33","1159901"
"KN294470v1","2194919","2195226","JH378141","16852503","16852808","37","14657584"
"KN294470v1","2197113","2197175","JH378106","68950405","68950464","10","66753292"
"KN294470v1","2202889","2203044","JH378249","1976989","1977146","19","225900"
"KN294470v1","2203074","2203201","JH378137","16178972","16179100","16","13975898"
"KN294470v1","2213448","2213752","JH378149","13014775","13015081","46","10801327"
"KN294470v1","2215140","2215441","JH378119","218814","219116","36","1996326"
"KN294470v1","2216443","2216748","JH378119","191190","191490","48","2025253"
"KN294470v1","2225890","2226163","JH378129","11457553","11457829","34","9231663"
"KN294470v1","2229540","2229823","JH378105","18545152","18545437","40","16315612"
"KN294470v1","2231458","2231758","JH378126","21026752","21027059","29","18795294"
"KN294470v1","2249806","2250091","JH378151","16523870","16524149","38","14274064"
"KN294470v1","2258760","2259057","JH378213","3244672","3244969","39","985912"
"KN294470v1","2260238","2260551","JH378152","15994237","15994545","35","13733999"
"KN294470v1","2272674","2272985","JH378165","5178810","5179119","31","2906136"
"KN294470v1","2304234","2304537","JH378127","19048485","19048788","31","16744251"
"KN294470v1","2311170","2311439","JH378173","6043976","6044232","44","3732806"
"KN294470v1","2323521","2323637","JH378109","33180771","33180887","17","30857250"
"KN294470v1","2323947","2324141","JH378281","584000","584190","31","1739947"
"KN294470v1","2340514","2340769","JH378225","6355577","6355829","30","4015063"
"KN294470v1","2342492","2342793","JH378136","7677923","7678227","33","5335431"
"KN294470v1","2352092","2352385","JH378131","1106043","1106335","37","1246049"
"KN294470v1","2352391","2352454","JH378119","21789818","21789884","9","19437427"
"KN294470v1","2352455","2352658","JH378161","5310427","5310630","30","2957972"
"KN294470v1","2363142","2363436","JH378114","37036188","37036491","30","34673046"
"KN294470v1","2379233","2379519","JH378157","11837100","11837379","39","9457867"
"KN294470v1","2386662","2386944","JH378121","29566176","29566469","43","27179514"
"KN294470v1","2391466","2391605","JH378184","5372802","5372943","20","2981336"
"KN294470v1","2391606","2391906","JH378116","37604958","37605251","42","35213352"
"KN294470v1","2391907","2392094","JH378118","17231458","17231651","29","14839551"
"KN294470v1","2399388","2399691","JH378124","21806094","21806395","35","19406706"
"KN294470v1","2409748","2410048","JH378116","24890259","24890547","43","22480511"
"KN294470v1","2410715","2410846","JH378135","551478","551607","19","1859237"
"KN294470v1","2412123","2412252","JH378123","7220252","7220387","29","4808129"
"KN294470v1","2418307","2418604","JH378252","1272655","1272952","26","1145652"
"KN294470v1","2424674","2424972","JH378126","21026752","21027059","48","18602078"
"KN294470v1","2446339","2446632","JH378110","32622278","32622571","28","30175939"
"KN294470v1","2456878","2457041","JH378262","980363","980524","20","1476515"
"KN294470v1","2468508","2468802","JH378111","42787057","42787349","37","40318549"
"KN294470v1","2485142","2485447","JH378111","19588513","19588818","38","17103371"
"KN294470v1","2496925","2497235","JH378139","17878350","17878657","50","15381425"
"KN294470v1","2513796","2514105","JH378111","32787449","32787755","40","30273653"
"KN294470v1","2520087","2520395","JH378216","1183275","1183567","46","1336812"
"KN294470v1","2527427","2527557","JH378137","16178972","16179100","14","13651545"
"KN294470v1","2536871","2537168","JH378172","3560988","3561286","43","1024117"
"KN294470v1","2574395","2574703","JH378126","21026752","21027059","30","18452357"
"KN294470v1","2587871","2588170","JH378284","1163902","1164203","28","1423969"
"KN294470v1","2592651","2592963","JH378167","5351158","5351469","34","2758507"
"KN294470v1","2594773","2595083","JH378137","14049327","14049630","37","11454554"
"KN294470v1","2607872","2608184","JH378264","2773729","2774039","45","165857"
"KN294470v1","2608398","2608702","JH378149","4732600","4732902","34","2124202"
"KN294470v1","2610361","2610520","JH378255","3737914","3738078","21","1127553"
"KN294470v1","2632812","2633093","JH378105","35665534","35665817","36","33032722"
"KN294470v1","2676404","2676716","JH378127","22219085","22219383","46","19542681"
"KN294470v1","2689657","2689965","JH378127","9840634","9840931","51","7150977"
"KN294470v1","2689968","2690271","JH378151","1074322","1074625","41","1615646"
"KN294470v1","2692416","2692716","JH378152","11319672","11319966","39","8627256"
"KN294470v1","2732712","2732951","JH378223","4629372","4629613","28","1896660"
"KN294470v1","2734717","2735003","JH378176","10188199","10188483","43","7453482"
"KN294470v1","2749851","2750146","JH378281","1685841","1686140","32","1064010"
"KN294470v1","2754586","2754839","JH378125","1132359","1132609","35","1622227"
"KN294470v1","2766274","2766573","JH378109","3517210","3517505","42","750936"
"KN294470v1","2766830","2766912","JH378129","8400486","8400566","14","5633656"
"KN294470v1","2767789","2768090","JH378158","8002135","8002443","38","5234346"
"KN294470v1","2775263","2775437","JH378123","7250782","7250956","27","4475519"
"KN294470v1","2803474","2803775","JH378106","6826425","6826714","43","4022951"
"KN294470v1","2808027","2808324","JH378195","597269","597564","33","2210758"
"KN294470v1","2826613","2826918","JH378208","3614542","3614848","32","787929"
"KN294470v1","2828327","2828616","JH378284","1163902","1164203","43","1664425"
"KN294470v1","2829573","2829872","JH378195","1227698","1228006","43","1601875"
"KN294470v1","2830349","2830642","JH378116","22637654","22637953","36","19807305"
"KN294470v1","2832924","2833213","JH378170","4783494","4783792","33","1950570"
"KN294470v1","2837198","2837467","JH378193","3248833","3249099","32","411635"
"KN294470v1","2868471","2868780","JH378229","5039327","5039634","37","2170856"
"KN294470v1","2869170","2869463","JH378182","7066859","7067147","34","4197689"
"KN294470v1","2897325","2897630","JH378116","34449882","34450188","35","31552557"
"KN294470v1","2910038","2910342","JH378251","3695377","3695681","35","785339"
"KN294470v1","2915124","2915434","JH378119","6124403","6124708","38","3209279"
"KN294470v1","2916841","2917106","JH378250","732037","732304","54","2184804"
"KN294470v1","2919659","2919972","JH378152","15994237","15994545","44","13074578"
"KN294470v1","2943879","2944060","JH378112","7030581","7030763","26","4086702"
"KN294470v1","2968955","2969195","JH378194","9132632","9132871","39","6163677"
"KN294470v1","2974536","2974838","JH378116","28869529","28869826","40","25894993"
"KN294470v1","2983381","2983621","JH378105","68374418","68374671","44","65391037"
"KN294470v1","2992522","2992814","JH378151","8381511","8381803","30","5388989"
"KN294470v1","3028390","3028674","JH378124","1964010","1964299","37","1064380"
"KN294470v1","3080483","3080609","JH378180","815630","815761","14","2264853"
"KN294470v1","3080917","3081072","JH378150","132534","132693","28","2948383"
"KN294470v1","3086871","3087176","JH378251","3695377","3695681","37","608506"
"KN294470v1","3326047","3326357","JH378213","5483774","5484086","43","2157727"
"KN294470v1","3367798","3367930","JH378134","16594069","16594201","9","13226271"
"KN294470v1","3367935","3368209","JH378192","8239736","8240009","33","4871801"
"KN294470v1","3417562","3417801","JH378326","457296","457529","28","2960266"
"KN294471v1","16625","16929","JH378133","22138850","22139145","35","22122225"
"KN294471v1","80491","80794","JH378265","2263256","2263553","37","2182765"
"KN294471v1","94853","95148","JH378149","13456174","13456477","44","13361321"
"KN294471v1","158694","158996","JH378194","8800813","8801127","41","8642119"
"KN294471v1","300618","300881","JH378118","14556075","14556346","49","14255457"
"KN294471v1","304249","304544","JH378173","4728432","4728728","34","4424183"
"KN294471v1","324481","324791","JH378197","7145768","7146073","42","6821287"
"KN294471v1","362306","362604","JH378239","5152389","5152691","34","4790083"
"KN294471v1","377759","378071","JH378123","491683","491985","46","113924"
"KN294471v1","378076","378159","JH378194","1089065","1089146","9","710989"
"KN294471v1","405331","405629","JH378113","17279344","17279644","32","16874013"
"KN294471v1","467145","467430","JH378106","1432798","1433085","37","965653"
"KN294471v1","548614","548905","JH378107","36992198","36992490","46","36443584"
"KN294471v1","619161","619467","JH378303","899072","899376","42","279911"
"KN294472v1","129245","129528","JH378111","19185275","19185560","38","19056030"
"KN294472v1","268443","268642","JH378217","951556","951750","23","683113"
"KN294472v1","295521","295832","JH378185","2584117","2584430","38","2288596"
"KN294472v1","435704","435832","JH378198","8533633","8533759","20","8097929"
"KN294475v1","38110","38408","JH378115","26561420","26561711","42","26523310"
"KN294475v1","91520","91833","JH378112","33214699","33215012","36","33123179"
"KN294475v1","211567","211845","JH378124","3935797","3936078","31","3724230"
"KN294475v1","293885","294190","JH378138","5380451","5380753","34","5086566"
"KN294475v1","404283","404590","JH378235","1792771","1793072","39","1388488"
"KN294475v1","443568","443870","JH378284","1163902","1164203","32","720334"
"KN294475v1","447634","447951","JH378156","1058565","1058872","51","610931"
"KN294475v1","459662","459970","JH378126","21026752","21027059","41","20567090"
"KN294475v1","629550","629847","JH378108","26482116","26482414","33","25852566"
"KN294475v1","731887","732053","JH378113","32219902","32220070","17","31488015"
"KN294478v1","132375","132569","JH378145","17643142","17643324","35","17510767"
"KN294478v1","132861","132875","JH378105","57527895","57527911","9","57395034"
"KN294479v1","45","353","JH378129","118784","119095","35","118739"
"KN294479v1","2971","3274","JH378111","20603266","20603567","43","20600295"
"KN294479v1","57149","57461","JH378117","16747302","16747613","40","16690153"
"KN294479v1","80117","80419","JH378127","9058620","9058921","34","8978503"
"KN294479v1","100627","100930","JH378269","859419","859722","37","758792"
"KN294479v1","124232","124520","JH378149","1427296","1427590","44","1303064"
"KN294479v1","194085","194374","JH378216","6814492","6814786","33","6620407"
"KN294479v1","215844","216151","JH378119","7191913","7192221","42","6976069"
"KN294479v1","228909","229218","JH378153","3305054","3305363","32","3076145"
"KN294479v1","258664","258974","JH378125","14523074","14523380","44","14264410"
"KN294479v1","295927","296221","JH378206","7535232","7535526","34","7239305"
"KN294479v1","323376","323656","JH378224","3408579","3408861","38","3085203"
"KN294479v1","327223","327535","JH378167","5351158","5351469","38","5023935"
"KN294479v1","338402","338571","JH378190","9042045","9042214","23","8703643"
"KN294479v1","344272","344588","JH378137","1534646","1534956","45","1190374"
"KN294479v1","358734","358868","JH378129","860497","860632","17","501763"
"KN294479v1","359179","359348","JH378113","32219902","32220070","20","31860723"
"KN294479v1","359353","359674","JH378120","29808492","29808793","52","29449139"
"KN294479v1","365538","365838","JH378176","10696905","10697206","31","10331367"
"KN294479v1","367633","367910","JH378153","5259027","5259313","44","4891394"
"KN294479v1","409145","409452","JH378156","9166475","9166782","31","8757330"
"KN294481v1","11519","11828","JH378256","2915478","2915790","41","2903959"
"KN294481v1","29544","29837","JH378288","1561758","1562053","36","1532214"
"KN294484v1","51909","52191","JH378258","3633020","3633299","37","3581111"
"KN294484v1","117484","117787","JH378156","1058565","1058872","43","941081"
"KN294484v1","472561","472866","JH378119","6124403","6124708","36","5651842"
"KN294484v1","549170","549480","JH378115","25041145","25041450","39","24491975"
"KN294484v1","718123","718429","JH378111","19588513","19588818","36","18870390"
"KN294485v1","72915","73227","JH378288","1088673","1088973","40","1015758"
"KN294485v1","74735","74948","JH378127","6218557","6218771","30","6143822"
"KN294485v1","75719","75842","JH378107","50570713","50570838","12","50494994"
"KN294485v1","79645","79935","JH378201","6909498","6909788","39","6829853"
"KN294485v1","107731","107946","JH378132","14778357","14778566","34","14670626"
"KN294486v1","79049","79351","JH378105","56831711","56832017","37","56752662"
"KN294486v1","178793","179104","JH378245","2888977","2889288","32","2710184"
"KN294486v1","183295","183464","JH378119","14516915","14517080","21","14333620"
"KN294486v1","207084","207156","JH378113","22500001","22500079","13","22292917"
"KN294486v1","217244","217537","JH378186","4696510","4696802","41","4479266"
"KN294486v1","273930","274219","JH378111","9089465","9089754","41","8815535"
"KN294486v1","321135","321331","JH378153","13579770","13579968","24","13258635"
"KN294486v1","327979","328267","JH378153","7392982","7393269","35","7065003"
"KN294486v1","355161","355479","JH378107","45000235","45000545","43","44645074"
"KN294486v1","476180","476474","JH378152","12291351","12291646","52","11815171"
"KN294486v1","549132","549448","JH378116","37070221","37070536","38","36521089"
"KN294486v1","550595","550885","JH378143","5293505","5293794","42","4742910"
"KN294486v1","678057","678350","JH378276","503796","504088","38","174261"
"KN294486v1","923370","923656","JH378123","11724155","11724421","61","10800785"
"KN294486v1","964279","964573","JH378108","33734008","33734301","43","32769729"
"KN294486v1","1135125","1135403","JH378293","2018816","2019077","50","883691"
"KN294486v1","1153327","1153608","JH378144","6527039","6527321","39","5373712"
"KN294486v1","1158121","1158418","JH378129","7382238","7382535","26","6224117"
"KN294486v1","1195482","1195781","JH378113","13681784","13682099","64","12486302"
"KN294486v1","1297920","1298240","JH378105","36900565","36900857","62","35602645"
"KN294486v1","1369338","1369639","JH378111","19141162","19141463","32","17771824"
"KN294486v1","1382866","1383142","JH378137","15901279","15901554","50","14518413"
"KN294486v1","1415216","1415518","JH378138","5380451","5380753","28","3965235"
"KN294486v1","1491863","1492174","JH378165","5178810","5179119","36","3686947"
"KN294486v1","1566880","1567185","JH378110","31575602","31575901","39","30008722"
"KN294486v1","1699186","1699447","JH378130","7094672","7094933","36","5395486"
"KN294486v1","1761155","1761464","JH378175","183176","183487","41","1577979"
"KN294486v1","1790163","1790180","JH378111","33423149","33423167","4","31632986"
"KN294486v1","1790232","1790507","JH378201","5342475","5342754","40","3552243"
"KN294487v1","25482","25784","JH378110","43370050","43370351","38","43344568"
"KN294487v1","38631","38705","JH378134","18656517","18656595","13","18617886"
"KN294487v1","109448","109748","JH378199","4983750","4984049","30","4874302"
"KN294487v1","134658","134968","JH378151","4036857","4037149","55","3902199"
"KN294488v1","39034","39316","JH378204","7525660","7525946","35","7486626"
"KN294493v1","110050","110257","JH378127","8625267","8625477","25","8515217"
"KN294493v1","235293","235599","AGCE01150449","839","1138","43","234454"
"KN294493v1","455212","455504","JH378107","57888255","57888550","36","57433043"
"KN294493v1","482589","482897","JH378142","18955749","18956055","37","18473160"
"KN294493v1","792054","792369","JH378113","6692573","6692881","41","5900519"
"KN294493v1","1043459","1043769","JH378140","7338564","7338875","31","6295105"
"KN294493v1","1097490","1097634","JH378268","59534","59678","18","1037956"
"KN294493v1","1217943","1218228","JH378106","3052818","3053105","35","1834875"
"KN294493v1","1275609","1275918","JH378198","4786639","4786946","38","3511030"
"KN294493v1","1287420","1287720","JH378139","18955642","18955939","34","17668222"
"KN294493v1","1331927","1332222","JH378108","10386223","10386517","41","9054296"
"KN294493v1","1415475","1415786","JH378139","18632207","18632516","35","17216732"
"KN294493v1","1423917","1424217","JH378155","15098133","15098431","44","13674216"
"KN294493v1","1429976","1430296","JH378186","3771716","3772027","48","2341740"
"KN294493v1","1706841","1707153","JH378194","8800813","8801127","38","7093972"
"KN294493v1","1816857","1817166","JH378118","11958268","11958578","56","10141411"
"KN294493v1","1925533","1925813","JH378183","5085328","5085606","30","3159795"
"KN294493v1","1964000","1964269","JH378204","6497275","6497536","45","4533275"
"KN294493v1","1972716","1973010","JH378122","15998068","15998366","42","14025352"
"KN294493v1","2164740","2165019","JH378105","48243361","48243639","35","46078621"
"KN294493v1","2224609","2224901","JH378198","7866211","7866503","27","5641602"
"KN294493v1","2230447","2230558","JH378114","4346096","4346206","17","2115649"
"KN294498v1","58744","59054","JH378116","24645889","24646199","32","24587145"
"KN294498v1","151860","152149","JH378177","8926683","8926970","37","8774823"
"KN294498v1","310683","310971","JH378182","3623832","3624120","34","3313149"
"KN294498v1","315664","315970","JH378119","6124403","6124708","33","5808739"
"KN294498v1","399468","399776","JH378126","21026752","21027059","32","20627284"
"KN294498v1","437055","437255","JH378114","31685245","31685448","22","31248190"
"KN294498v1","562680","562986","JH378125","2264570","2264875","40","1701890"
"KN294498v1","664092","664404","JH378184","8853514","8853818","46","8189422"
"KN294499v1","226204","226489","JH378258","3658687","3658974","38","3432483"
"KN294499v1","316058","316363","JH378110","13285798","13286099","38","12969740"
"KN294499v1","339967","340185","JH378125","8477939","8478156","29","8137972"
"KN294499v1","478166","478460","JH378140","4467793","4468086","34","3989627"
"KN294499v1","485696","485990","JH378125","17186392","17186688","35","16700696"
"KN294499v1","588991","589289","JH378199","4482107","4482408","27","3893116"
"KN294499v1","618185","618479","JH378125","23480359","23480652","40","22862174"
"KN294499v1","656284","656586","JH378110","32305325","32305628","37","31649041"
"KN294499v1","670336","670636","JH378137","15383841","15384139","33","14713505"
"KN294499v1","713860","714186","JH378129","14016873","14017201","48","13303013"
"KN294499v1","984951","985233","JH378122","10829384","10829667","29","9844433"
"KN294499v1","1081353","1081647","JH378220","2784017","2784313","34","1702664"
"KN294499v1","1101779","1102073","JH378198","6294233","6294526","32","5192454"
"KN294499v1","1133184","1133501","JH378318","63994","64305","33","1069190"
"KN294499v1","1161446","1161748","JH378137","418029","418333","36","743417"
"KN294499v1","1187583","1187880","JH378173","9055905","9056209","33","7868322"
"KN294499v1","1289036","1289343","JH378269","3139226","3139540","40","1850190"
"KN294499v1","1310810","1311090","JH378109","3057870","3058155","39","1747060"
"KN294499v1","1331347","1331643","JH378148","16227423","16227714","38","14896076"
"KN294499v1","1406144","1406449","JH378124","12936344","12936643","46","11530200"
"KN294499v1","1469830","1470129","JH378122","6444716","6445012","33","4974886"
"KN294499v1","1497034","1497327","JH378156","3573500","3573794","32","2076466"
"KN294499v1","1586519","1586814","JH378163","13016130","13016427","36","11429611"
"KN294499v1","1596351","1596548","JH378145","229058","229251","30","1367293"
"KN294499v1","1597002","1597287","JH378246","2154157","2154450","43","557155"
"KN294499v1","1617356","1617654","JH378111","42112707","42113007","36","40495351"
"KN294499v1","1631448","1631742","JH378110","39706997","39707294","29","38075549"
"KN294499v1","1639090","1639371","JH378111","19524517","19524801","31","17885427"
"KN294499v1","1642916","1643179","JH378124","5892161","5892432","49","4249245"
"KN294499v1","1663762","1664037","JH378216","1387518","1387789","44","276244"
"KN294499v1","1683795","1684111","JH378229","4120796","4121104","49","2437001"
"KN294499v1","1696083","1696375","JH378144","18239514","18239805","32","16543431"
"KN294499v1","1722102","1722412","JH378229","4120796","4121104","35","2398694"
"KN294499v1","1724588","1724670","JH378105","51377805","51377886","9","49653217"
"KN294499v1","1738714","1739018","JH378115","25497952","25498257","47","23759238"
"KN294499v1","1743557","1743853","JH378116","28869529","28869826","34","27125972"
"KN294499v1","1750779","1750910","JH378180","815630","815761","13","935149"
"KN294499v1","1764758","1765050","JH378276","503796","504088","32","1260962"
"KN294499v1","1771468","1771757","JH378149","1400224","1400513","38","371244"
"KN294499v1","1799563","1799861","JH378105","51661095","51661389","46","49861532"
"KN294499v1","1804034","1804337","JH378105","58581651","58581956","36","56777617"
"KN294499v1","1808211","1808469","JH378180","7820139","7820394","35","6011928"
"KN294499v1","1828936","1829237","JH378119","24015445","24015744","36","22186509"
"KN294499v1","1830716","1831004","JH378121","29566176","29566469","36","27735460"
"KN294499v1","1844151","1844448","JH378167","8141531","8141823","39","6297380"
"KN294499v1","1931612","1931915","JH378173","9055905","9056209","31","7124293"
"KN294499v1","1952784","1953080","JH378170","4783494","4783792","27","2830710"
"KN294499v1","1964836","1965139","JH378133","7595615","7595920","39","5630779"
"KN294499v1","2008699","2008978","JH378139","9565692","9565973","30","7556993"
"KN294499v1","2009006","2009024","JH378149","1403733","1403749","7","605273"
"KN294499v1","2082840","2083150","JH378112","20327070","20327378","34","18244230"
"KN294499v1","2150202","2150504","JH378257","87786","88089","31","2062416"
"KN294499v1","2172432","2172730","JH378116","28869529","28869826","32","26697097"
"KN294499v1","2200435","2200652","JH378171","506204","506415","27","1694231"
"KN294499v1","2502719","2503018","JH378124","15582898","15583197","35","13080179"
"KN294499v1","2538953","2539249","JH378122","13169953","13170248","34","10631000"
"KN294499v1","2561772","2562066","JH378216","7124506","7124797","37","4562734"
"KN294501v1","10326","10612","JH378244","3984867","3985152","42","3974541"
"KN294501v1","21622","21914","JH378116","749511","749804","39","727889"
"KN294501v1","31193","31485","JH378188","7203102","7203396","40","7171909"
"KN294501v1","43187","43474","JH378110","29398854","29399150","45","29355667"
"KN294501v1","55129","55431","JH378138","5380451","5380753","35","5325322"
"KN294501v1","66633","66923","JH378143","3586456","3586745","34","3519823"
"KN294501v1","71498","71781","JH378105","36618017","36618297","35","36546519"
"KN294501v1","85090","85380","JH378111","10693625","10693929","39","10608535"
"KN294501v1","86095","86398","JH378115","26561420","26561711","39","26475325"
"KN294501v1","86707","87020","JH378139","18632207","18632516","39","18545500"
"KN294501v1","89663","89967","JH378111","25473856","25474161","34","25384193"
"KN294501v1","107138","107426","AGCE01150543","1","288","45","107137"
"KN294501v1","139547","139840","JH378116","28869529","28869826","38","28729982"
"KN294501v1","141507","141805","JH378184","5337439","5337735","41","5195932"
"KN294501v1","147896","148192","JH378131","18080937","18081235","33","17933041"
"KN294501v1","150586","150870","JH378110","3050126","3050410","26","2899540"
"KN294501v1","152657","152845","JH378233","725262","725455","36","572605"
"KN294501v1","156339","156644","JH378220","2488714","2489019","36","2332375"
"KN294501v1","156852","157166","JH378126","21026752","21027059","39","20869900"
"KN294501v1","157432","157725","JH378106","69239155","69239449","39","69081723"
"KN294501v1","180603","180895","JH378202","6819935","6820227","35","6639332"
"KN294501v1","185509","185821","JH378126","21026752","21027059","44","20841243"
"KN294501v1","186681","186988","JH378126","21026752","21027059","39","20840071"
"KN294501v1","186996","187261","JH378203","6186181","6186453","46","5999185"
"KN294501v1","188338","188473","JH378143","6057565","6057700","19","5869227"
"KN294501v1","188474","188769","JH378236","816487","816782","30","628013"
"KN294501v1","188935","189239","JH378234","2094972","2095267","48","1906037"
"KN294501v1","206410","206713","JH378184","418760","419059","38","212350"
"KN294501v1","208186","208395","JH378111","11000001","11000214","36","10791815"
"KN294501v1","212502","212808","JH378153","3355875","3356185","36","3143373"
"KN294501v1","220904","221178","JH378105","21226052","21226326","35","21005148"
"KN294501v1","222254","222499","JH378118","33469389","33469637","47","33247135"
"KN294501v1","242516","242701","JH378170","396311","396498","30","153795"
"KN294501v1","259185","259378","JH378153","13041352","13041544","26","12782167"
"KN294501v1","261506","261789","JH378140","6757210","6757493","38","6495704"
"KN294501v1","270501","270806","JH378185","841607","841910","36","571106"
"KN294501v1","397094","397411","JH378122","15826634","15826956","48","15429540"
"KN294501v1","397738","397924","JH378169","9905845","9906032","29","9508107"
"KN294501v1","398234","398368","JH378191","700315","700450","18","302081"
"KN294501v1","589287","589507","JH378217","797758","797976","28","208471"
"KN294501v1","594793","595093","JH378145","12656829","12657134","45","12062036"
"KN294501v1","596648","596945","JH378126","23919556","23919859","42","23322908"
"KN294501v1","674369","674680","JH378117","18772137","18772447","46","18097768"
"KN294501v1","695621","695913","JH378144","5748370","5748662","35","5052749"
"KN294501v1","931460","931762","JH378319","194767","195070","39","736693"
"KN294501v1","1028736","1028946","JH378183","1500001","1500208","22","471265"
"KN294501v1","1079274","1079582","JH378260","2485904","2486209","35","1406630"
"KN294501v1","1222940","1223183","JH378161","6630340","6630587","34","5407400"
"KN294501v1","1267061","1267369","JH378148","3164823","3165131","43","1897762"
"KN294501v1","1310407","1310708","JH378207","3230665","3230964","39","1920258"
"KN294501v1","1506079","1506381","JH378305","363484","363782","34","1142595"
"KN294501v1","1743368","1743640","JH378114","44222819","44223088","42","42479451"
"KN294501v1","1754660","1754968","JH378110","29338923","29339232","40","27584263"
"KN294501v1","1788717","1789006","JH378149","12780936","12781227","37","10992219"
"KN294501v1","1789011","1789140","JH378193","795155","795285","18","993856"
"KN294501v1","1939872","1940173","JH378138","5380451","5380753","39","3440579"
"KN294501v1","1973310","1973566","JH378182","349180","349433","42","1624130"
"KN294501v1","1986192","1986470","JH378114","20586739","20587016","45","18600547"
"KN294501v1","2042161","2042473","JH378129","10853809","10854123","54","8811648"
"KN294501v1","2114627","2114929","JH378142","5865502","5865800","41","3750875"
"KN294501v1","2125710","2125980","JH378131","1418425","1418710","48","707285"
"KN294501v1","2132076","2132372","JH378114","36239045","36239343","40","34106969"
"KN294501v1","2222184","2222480","JH378133","5732324","5732611","43","3510140"
"KN294501v1","2328502","2328782","JH378224","3887674","3887953","32","1559172"
"KN294501v1","2418481","2418803","JH378117","3358245","3358555","41","939764"
"KN294501v1","2758037","2758334","JH378228","5509057","5509356","39","2751020"
"KN294501v1","2869451","2869740","JH378187","3543345","3543634","43","673894"
"KN294501v1","2929100","2929391","JH378115","31840572","31840873","48","28911472"
"KN294501v1","3061597","3061866","JH378116","22350232","22350499","39","19288635"
"KN294501v1","3410937","3411113","JH378148","14471580","14471755","24","11060643"
"KN294501v1","3411114","3411206","JH378149","15334902","15335007","19","11923788"
"KN294501v1","3566856","3567139","JH378182","9240926","9241205","39","5674070"
"KN294501v1","3728526","3728818","JH378139","16259084","16259375","37","12530558"
"KN294501v1","3846685","3846911","JH378223","274941","275160","39","3571744"
"KN294501v1","3944340","3944647","JH378115","26640201","26640508","35","22695861"
"KN294501v1","4360910","4361217","JH378149","4732600","4732902","43","371690"
"KN294501v1","4395309","4395560","JH378130","465748","466000","34","3929561"
"KN294501v1","4448463","4448746","JH378112","33911252","33911534","41","29462789"
"KN294503v1","19089","19372","JH378110","32622278","32622571","39","32603189"
"KN294503v1","79119","79416","JH378163","13372336","13372629","39","13293217"
"KN294506v1","1717","2024","JH378115","34859185","34859494","37","34857468"
"KN294506v1","13399","13713","JH378150","10126172","10126487","43","10112773"
"KN294506v1","14004","14316","JH378120","16327645","16327955","43","16313641"
"KN294506v1","27449","27691","JH378193","7836947","7837190","42","7809498"
"KN294506v1","68867","69162","JH378142","19092598","19092904","47","19023731"
"KN294506v1","71277","71562","JH378107","46540151","46540429","52","46468874"
"KN294506v1","75978","76276","JH378169","7335650","7335946","44","7259672"
"KN294506v1","76277","76577","JH378288","1088673","1088973","33","1012396"
"KN294506v1","109954","110269","JH378205","1690489","1690799","31","1580535"
"KN294506v1","189302","189606","JH378253","315934","316240","27","126632"
"KN294506v1","221481","221784","JH378111","25473856","25474161","42","25252375"
"KN294506v1","237229","237494","JH378199","8619523","8619788","28","8382294"
"KN294506v1","252747","253054","JH378114","31670723","31671027","31","31417976"
"KN294506v1","257461","257770","JH378135","17620196","17620501","47","17362735"
"KN294506v1","258261","258500","JH378213","4681695","4681930","30","4423434"
"KN294506v1","267869","268183","JH378126","23058495","23058803","47","22790626"
"KN294506v1","277584","277823","JH378110","39883129","39883369","35","39605545"
"KN294506v1","293224","293418","JH378293","827566","827756","28","534342"
"KN294506v1","343267","343574","JH378260","2485904","2486209","45","2142637"
"KN294506v1","351664","351953","JH378105","3417808","3418095","38","3066144"
"KN294506v1","351994","352303","JH378196","7661415","7661725","36","7309421"
"KN294506v1","362173","362464","JH378223","258417","258711","39","103756"
"KN294506v1","363668","363744","JH378157","10954460","10954534","12","10590792"
"KN294506v1","381279","381591","JH378171","7791816","7792128","26","7410537"
"KN294506v1","384379","384667","JH378175","9195522","9195813","33","8811143"
"KN294506v1","393919","394223","JH378111","25473856","25474161","38","25079937"
"KN294507v1","88532","88821","JH378224","4979396","4979692","40","4890864"
"KN294509v1","33860","34035","JH378258","4000001","4000177","20","3966141"
"KN294509v1","124825","125128","JH378228","5509057","5509356","35","5384232"
"KN294509v1","145341","145627","JH378185","179991","180276","39","34650"
"KN294509v1","153244","153527","JH378153","12492355","12492642","43","12339111"
"KN294509v1","205956","206255","JH378118","27503431","27503730","30","27297475"
"KN294509v1","220239","220543","JH378108","30731255","30731558","40","30511016"
"KN294509v1","224251","224558","JH378130","1202684","1202989","39","978433"
"KN294509v1","232956","233271","JH378113","11792481","11792794","40","11559525"
"KN294509v1","245179","245483","JH378110","19934311","19934616","38","19689132"
"KN294509v1","251440","251594","JH378143","9928951","9929105","23","9677511"
"KN294509v1","259930","260229","JH378121","29566176","29566469","39","29306246"
"KN294509v1","276962","277261","JH378127","18566293","18566586","34","18289331"
"KN294509v1","307453","307755","JH378167","5351158","5351469","43","5043705"
"KN294509v1","349921","350228","JH378119","6124403","6124708","35","5774482"
"KN294509v1","411251","411562","JH378110","19934311","19934616","32","19523060"
"KN294509v1","558595","558880","JH378105","2418683","2418975","43","1860088"
"KN294509v1","616810","617023","JH378151","645312","645524","30","28502"
"KN294509v1","809332","809627","JH378133","7973389","7973680","31","7164057"
"KN294509v1","1070446","1070751","JH378108","30731255","30731558","52","29660809"
"KN294509v1","1469570","1469872","JH378115","25041145","25041450","37","23571575"
"KN294510v1","451","772","JH378190","942430","942748","38","941979"
"KN294513v1","92841","93154","JH378119","13124882","13125196","36","13032041"
"KN294513v1","221177","221486","JH378151","1074322","1074625","40","853145"
"KN294513v1","229785","230084","JH378109","26759231","26759531","34","26529446"
"KN294513v1","256909","257213","JH378115","25041145","25041450","36","24784236"
"KN294513v1","272558","272851","JH378228","5509057","5509356","37","5236499"
"KN294513v1","327927","328222","JH378171","4096322","4096620","37","3768395"
"KN294513v1","355188","355472","JH378122","10829384","10829667","34","10474196"
"KN294513v1","362015","362280","JH378108","33494675","33494938","36","33132660"
"KN294513v1","451773","452079","JH378170","4783494","4783792","38","4331721"
"KN294513v1","487072","487384","JH378107","7086674","7086981","40","6599602"
"KN294513v1","496283","496590","JH378120","16327645","16327955","42","15831362"
"KN294513v1","499374","499660","JH378127","19578148","19578433","34","19078774"
"KN294513v1","513526","513825","JH378113","11419757","11420052","33","10906231"
"KN294513v1","593323","593619","JH378129","10258595","10258896","26","9665272"
"KN294513v1","640367","640655","JH378106","63648485","63648770","41","63008118"
"KN294513v1","667765","668035","JH378123","831628","831897","38","163863"
"KN294513v1","782047","782330","JH378111","19524517","19524801","37","18742470"
"KN294513v1","903141","903440","JH378185","6088491","6088790","36","5185350"
"KN294516v1","2978","3292","JH378161","11908958","11909274","44","11905980"
"KN294520v1","9980","10278","JH378157","6848841","6849136","42","6838861"
"KN294520v1","27199","27455","JH378180","7820139","7820394","38","7792940"
"KN294520v1","52549","52828","JH378105","36884891","36885163","38","36832342"
"KN294520v1","83752","84042","JH378151","8381511","8381803","32","8297759"
"KN294520v1","117130","117433","JH378198","6294233","6294526","40","6177103"
"KN294520v1","131185","131498","JH378105","71648676","71648983","38","71517491"
"KN294520v1","274115","274405","JH378118","8080567","8080852","37","7806452"
"KN294520v1","308586","308777","JH378195","7570485","7570676","23","7261899"
"KN294520v1","426450","426744","JH378106","6568616","6568909","28","6142166"
"KN294520v1","547442","547749","JH378156","9166475","9166782","38","8619033"
"KN294520v1","548213","548468","JH378132","342618","342869","46","205595"
"KN294520v1","596332","596640","JH378106","14050007","14050315","38","13453675"
"KN294520v1","769597","769923","JH378122","15826634","15826956","55","15057037"
"KN294520v1","773805","774097","JH378157","9676550","9676840","28","8902745"
"KN294520v1","1017361","1017666","JH378288","1088673","1088973","33","71312"
"KN294520v1","1296456","1296638","JH378111","25968211","25968387","29","24671755"
"KN294520v1","1296665","1296802","JH378249","1026561","1026698","17","270104"
"KN294520v1","1322014","1322322","JH378138","5380451","5380753","39","4058437"
"KN294520v1","1349424","1349721","JH378111","42112707","42113007","36","40763283"
"KN294520v1","1410394","1410683","JH378156","8895003","8895293","37","7484609"
"KN294520v1","1439053","1439388","JH378318","877829","878165","48","561224"
"KN294520v1","1448059","1448343","JH378121","13768060","13768346","39","12320001"
"KN294520v1","1529345","1529623","JH378113","28252367","28252645","37","26723022"
"KN294520v1","1556472","1556657","JH378319","655879","656073","28","900593"
"KN294520v1","1562227","1562518","JH378151","8652626","8652916","30","7090399"
"KN294520v1","1575076","1575363","JH378193","1440854","1441124","49","134222"
"KN294520v1","1595280","1595563","JH378200","6428474","6428751","51","4833194"
"KN294520v1","1613662","1613961","JH378122","7536361","7536659","40","5922699"
"KN294520v1","1646528","1646843","JH378176","8157064","8157374","35","6510536"
"KN294520v1","1658892","1659200","JH378115","23201999","23202310","32","21543107"
"KN294520v1","1660250","1660549","JH378142","5865502","5865800","40","4205252"
"KN294520v1","1668361","1668660","JH378197","7145768","7146073","27","5477407"
"KN294520v1","1735791","1736102","JH378205","1690489","1690799","33","45302"
"KN294520v1","1740861","1741104","JH378106","66881924","66882170","35","65141063"
"KN294520v1","1778862","1779159","JH378170","4783494","4783792","35","3004632"
"KN294520v1","1795525","1795835","JH378167","5351158","5351469","25","3555633"
"KN294520v1","1797114","1797408","JH378107","8201541","8201836","45","6404427"
"KN294520v1","1802281","1802597","JH378126","21026752","21027059","38","19224471"
"KN294520v1","1808749","1809042","JH378105","51661095","51661389","40","49852346"
"KN294520v1","1820243","1820549","JH378108","30731255","30731558","31","28911012"
"KN294520v1","1824824","1825111","JH378106","3052818","3053105","31","1227994"
"KN294520v1","1829242","1829537","JH378288","1561758","1562053","30","267484"
"KN294520v1","1841968","1842266","JH378151","3515305","3515602","31","1673337"
"KN294520v1","1849515","1849803","JH378121","29566176","29566469","26","27716661"
"KN294520v1","1870494","1870781","JH378261","2756337","2756624","39","885843"
"KN294520v1","1903539","1903846","JH378126","21026752","21027059","25","19123213"
"KN294520v1","2017339","2017638","JH378126","21026752","21027059","38","19009413"
"KN294520v1","2055634","2055931","JH378106","1255495","1255784","42","800139"
"KN294520v1","2076973","2077283","JH378176","8157064","8157374","34","6080091"
"KN294520v1","2109861","2110056","JH378105","59528195","59528393","31","57418334"
"KN294520v1","2127963","2128265","JH378113","28744295","28744597","29","26616332"
"KN294520v1","2224845","2225140","JH378135","16316910","16317204","36","14092065"
"KN294521v1","144085","144392","JH378139","19415987","19416286","36","19271902"
"KN294521v1","196180","196442","JH378136","7490767","7491022","40","7294587"
"KN294521v1","260793","260935","JH378184","5372802","5372943","20","5112009"
"KN294521v1","446248","446549","JH378139","18955642","18955939","30","18509394"
"KN294521v1","474631","474789","JH378124","2028680","2028841","21","1554049"
"KN294526v1","97384","97698","JH378127","13030965","13031271","49","12933581"
"KN294526v1","190278","190591","JH378148","12551917","12552224","46","12361639"
"KN294526v1","210999","211076","JH378110","32692543","32692616","14","32481544"
"KN294526v1","237727","238044","JH378111","32787449","32787755","50","32549722"
"KN294526v1","273858","273942","JH378187","5377174","5377258","16","5103316"
"KN294526v1","299706","299997","JH378205","6545327","6545618","33","6245621"
"KN294526v1","392343","392642","JH378204","2935067","2935361","39","2542724"
"KN294526v1","419364","419673","JH378105","56734096","56734401","41","56314732"
"KN294526v1","422790","423096","JH378106","6434398","6434702","35","6011608"
"KN294526v1","425153","425448","JH378170","4783494","4783792","35","4358341"
"KN294526v1","426252","426546","JH378115","15321606","15321900","36","14895354"
"KN294526v1","426579","426859","JH378109","48907042","48907326","41","48480463"
"KN294526v1","427697","427991","JH378125","5890386","5890685","47","5462689"
"KN294526v1","438356","438661","JH378115","25570507","25570808","37","25132151"
"KN294526v1","450585","450884","JH378291","1333564","1333860","35","882979"
"KN294526v1","453429","453560","JH378113","37603760","37603891","12","37150331"
"KN294526v1","468001","468287","JH378141","11884012","11884289","42","11416011"
"KN294526v1","470048","470360","JH378120","16327645","16327955","45","15857597"
"KN294526v1","480252","480555","JH378139","18955642","18955939","32","18475390"
"KN294526v1","502718","503020","JH378124","15582898","15583197","40","15080180"
"KN294526v1","513471","513759","JH378153","7392982","7393269","30","6879511"
"KN294526v1","552252","552547","JH378139","18955642","18955939","37","18403390"
"KN294526v1","582757","583038","JH378158","8947424","8947706","31","8364667"
"KN294526v1","599388","599687","JH378115","25570507","25570808","37","24971119"
"KN294526v1","605530","605831","JH378107","7568037","7568336","35","6962507"
"KN294526v1","689850","690157","JH378145","12656829","12657134","31","11966979"
"KN294526v1","721842","722116","JH378133","7694621","7694900","49","6972779"
"KN294527v1","31588","31886","JH378190","8223115","8223413","33","8191527"
"KN294527v1","81317","81557","JH378125","8048471","8048709","33","7967154"
"KN294527v1","124581","124882","JH378148","7203966","7204268","33","7079385"
"KN294527v1","157864","158156","JH378106","45694871","45695163","38","45537007"
"KN294527v1","167141","167418","JH378279","102782","103056","27","64359"
"KN294527v1","172996","173293","JH378146","15827373","15827672","35","15654377"
"KN294527v1","189027","189319","JH378109","52148","52435","44","136879"
"KN294527v1","191609","191773","JH378107","21326850","21327017","20","21135241"
"KN294527v1","196263","196439","JH378137","15843199","15843373","26","15646936"
"KN294527v1","219886","220198","JH378191","5184511","5184822","38","4964625"
"KN294527v1","226940","227225","JH378115","19786662","19786946","60","19559722"
"KN294527v1","254123","254281","JH378109","50772810","50772965","20","50518687"
"KN294530v1","18526","18858","JH378114","41668323","41668648","49","41649797"
"KN294530v1","34691","34965","JH378108","38142129","38142405","42","38107438"
"KN294535v1","67634","67922","JH378126","21026752","21027059","44","20959118"
"KN294535v1","89907","90212","JH378115","28712376","28712673","44","28622469"
"KN294535v1","283463","283767","JH378131","770886","771191","42","487423"
"KN294535v1","356023","356336","JH378132","23511862","23512171","40","23155839"
"KN294535v1","399441","399723","JH378144","7596090","7596371","33","7196649"
"KN294535v1","468198","468500","JH378122","27677090","27677392","44","27208892"
"KN294535v1","471102","471419","JH378251","3695377","3695681","55","3224275"
"KN294535v1","507986","508290","JH378119","11179406","11179710","37","10671420"
"KN294535v1","520543","520834","JH378201","6909498","6909788","37","6388955"
"KN294535v1","525043","525315","JH378154","12141232","12141504","32","11616189"
"KN294535v1","525538","525634","JH378137","8113357","8113453","13","7587819"
"KN294535v1","533897","534199","JH378125","19027324","19027621","38","18493427"
"KN294535v1","541047","541346","JH378220","2784017","2784313","30","2242970"
"KN294535v1","545754","546063","JH378191","8446876","8447186","35","7901122"
"KN294535v1","556452","556747","JH378151","14844192","14844489","32","14287740"
"KN294535v1","571213","571502","JH378108","38206408","38206690","39","37635195"
"KN294535v1","610779","611079","JH378216","4224502","4224803","36","3613723"
"KN294535v1","611926","612223","JH378288","674738","675036","40","62812"
"KN294535v1","663000","663310","JH378197","7145768","7146073","37","6482768"
"KN294535v1","672978","673283","JH378115","26640201","26640508","33","25967223"
"KN294536v1","18797","19100","JH378123","497003","497309","38","478206"
"KN294536v1","36068","36349","JH378234","250587","250869","40","214519"
"KN294536v1","108550","108838","JH378199","1071038","1071332","42","962488"
"KN294536v1","241031","241198","JH378172","5606262","5606427","21","5365231"
"KN294536v1","311869","312166","JH378110","42579763","42580055","45","42267894"
"KN294536v1","341441","341726","JH378117","25112135","25112425","45","24770694"
"KN294536v1","381023","381375","JH378170","10266642","10266978","65","9885619"
"KN294536v1","392540","392728","JH378223","6332752","6332940","27","5940212"
"KN294536v1","400107","400379","JH378105","48158405","48158677","44","47758298"
"KN294536v1","420059","420369","JH378312","1040244","1040557","37","620185"
"KN294536v1","460339","460634","JH378135","7217560","7217857","30","6757221"
"KN294536v1","490025","490284","JH378123","831628","831897","44","341603"
"KN294536v1","501833","502138","JH378173","5950754","5951057","35","5448921"
"KN294536v1","508927","509238","JH378173","10046061","10046365","44","9537134"
"KN294536v1","549035","549329","JH378105","48920179","48920473","35","48371144"
"KN294536v1","599412","599712","JH378197","7145768","7146073","43","6546356"
"KN294536v1","673851","674140","JH378153","7392982","7393269","31","6719131"
"KN294536v1","701643","701950","JH378106","32310803","32311102","47","31609160"
"KN294536v1","756393","756675","JH378115","22120088","22120362","48","21363695"
"KN294536v1","756680","756814","JH378105","49686405","49686535","21","48929725"
"KN294536v1","766513","766800","JH378185","181718","182008","33","584795"
"KN294536v1","848281","848583","JH378153","7392982","7393269","42","6544701"
"KN294536v1","906959","907252","JH378115","25570507","25570808","35","24663548"
"KN294536v1","933851","934145","JH378151","8652626","8652916","34","7718775"
"KN294536v1","936707","936992","JH378124","11074576","11074866","38","10137869"
"KN294536v1","941834","942109","JH378106","70444924","70445198","31","69503090"
"KN294536v1","951061","951339","JH378139","18683373","18683655","43","17732312"
"KN294536v1","962898","963211","JH378106","10129130","10129437","38","9166232"
"KN294536v1","1011094","1011389","JH378216","6814492","6814786","41","5803398"
"KN294536v1","1025810","1026108","JH378122","29867810","29868101","35","28842000"
"KN294536v1","1065336","1065641","JH378130","23812749","23813055","39","22747413"
"KN294536v1","1065758","1066067","JH378107","29495777","29496081","40","28430019"
"KN294536v1","1083232","1083520","JH378124","6582196","6582486","39","5498964"
"KN294536v1","1221767","1222061","JH378133","7973389","7973680","38","6751622"
"KN294536v1","1279335","1279642","JH378185","841607","841910","46","437728"
"KN294536v1","1330669","1330974","JH378110","28637180","28637481","39","27306511"
"KN294536v1","1387525","1387830","JH378108","30731255","30731558","32","29343730"
"KN294536v1","1471964","1472266","JH378271","987885","988190","37","484079"
"KN294536v1","1503004","1503318","JH378124","11115297","11115604","41","9612293"
"KN294536v1","1515974","1516260","JH378151","8381511","8381803","34","6865537"
"KN294536v1","1574748","1575046","JH378129","10258595","10258896","39","8683847"
"KN294536v1","1580475","1580780","JH378106","32310803","32311102","34","30730328"
"KN294536v1","1589946","1590132","JH378195","7570485","7570676","27","5980539"
"KN294536v1","1611320","1611632","JH378118","26799468","26799782","45","25188148"
"KN294536v1","1637653","1637959","JH378127","19048485","19048788","41","17410832"
"KN294536v1","1647973","1648272","JH378139","2748251","2748546","45","1100278"
"KN294536v1","1652342","1652642","JH378153","5500130","5500427","36","3847788"
"KN294536v1","1652662","1652960","JH378131","18080937","18081235","38","16428275"
"KN294536v1","1657918","1658218","JH378167","12279285","12279575","42","10621367"
"KN294536v1","1662029","1662338","JH378133","9511493","9511805","34","7849464"
"KN294536v1","1672433","1672742","JH378108","47413373","47413681","41","45740940"
"KN294536v1","1678084","1678387","JH378126","23919556","23919859","29","22241472"
"KN294536v1","1680166","1680475","JH378118","7126392","7126702","37","5446226"
"KN294536v1","1757986","1758249","JH378201","7238560","7238822","39","5480574"
"KN294536v1","1781197","1781276","JH378204","3962186","3962271","19","2180989"
"KN294536v1","1783951","1784109","JH378128","10706844","10707004","20","8922893"
"KN294536v1","1819852","1820142","JH378139","16259084","16259375","29","14439232"
"KN294536v1","1821939","1822236","JH378180","1025720","1026016","35","796219"
"KN294536v1","1822820","1822954","JH378167","9832511","9832645","17","8009691"
"KN294536v1","1824760","1824934","JH378253","2490908","2491083","21","666148"
"KN294536v1","1906712","1906844","JH378137","16178972","16179100","15","14272260"
"KN294536v1","1907154","1907342","JH378167","7347108","7347297","30","5439954"
"KN294536v1","1932765","1933072","JH378116","11181268","11181574","46","9248503"
"KN294536v1","1950528","1950830","JH378173","9055905","9056209","31","7105377"
"KN294539v1","93592","93877","JH378129","1049550","1049836","44","955958"
"KN294539v1","95454","95752","JH378116","28869529","28869826","39","28774075"
"KN294539v1","241975","242288","JH378245","2888977","2889288","37","2647002"
"KN294539v1","321660","321953","JH378107","49473760","49474052","33","49152100"
"KN294539v1","400804","401105","JH378125","15893280","15893581","35","15492476"
"KN294539v1","731833","732137","JH378314","396475","396775","29","335358"
"KN294539v1","768798","769088","JH378107","49473760","49474052","41","48704962"
"KN294539v1","1014806","1015079","JH378196","332412","332687","38","682394"
"KN294539v1","1128461","1128771","JH378137","763710","764002","60","364751"
"KN294539v1","1139852","1140160","JH378126","21026752","21027059","37","19886900"
"KN294539v1","1148713","1149024","JH378185","1458413","1458719","36","309700"
"KN294539v1","1157851","1158094","JH378213","5472564","5472804","42","4314713"
"KN294539v1","1229314","1229642","JH378346","220460","220784","57","1008854"
"KN294539v1","1290716","1291027","JH378129","1237412","1237719","39","53304"
"KN294539v1","1303901","1304189","JH378197","4069176","4069464","25","2765275"
"KN294539v1","1312472","1312766","JH378228","2078353","2078656","38","765881"
"KN294539v1","1465568","1465869","JH378194","7727540","7727840","29","6261972"
"KN294539v1","1494488","1494785","JH378149","1427296","1427590","36","67192"
"KN294539v1","1505488","1505798","JH378156","9166475","9166782","32","7660987"
"KN294539v1","1519828","1520121","JH378159","5493568","5493869","38","3973740"
"KN294539v1","1524782","1525091","JH378113","6199734","6200044","34","4674952"
"KN294539v1","1535500","1535782","JH378148","12740953","12741236","42","11205453"
"KN294539v1","1551071","1551369","JH378296","1500608","1500907","31","50463"
"KN294539v1","1731387","1731694","JH378228","5509057","5509356","42","3777670"
"KN294539v1","1734853","1735164","JH378126","21026752","21027059","37","19291899"
"KN294539v1","1782675","1782959","JH378246","562506","562779","33","1220169"
"KN294539v1","1990121","1990406","JH378137","7745755","7746044","37","5755634"
"KN294539v1","2005509","2005815","JH378123","491683","491985","32","1513826"
"KN294539v1","2196223","2196392","JH378197","8879026","8879196","20","6682803"
"KN294539v1","2207788","2208095","JH378106","9882834","9883140","35","7675046"
"KN294539v1","2210269","2210550","JH378115","16519060","16519341","37","14308791"
"KN294539v1","2247473","2247765","JH378112","35063777","35064058","36","32816304"
"KN294539v1","2320718","2321025","JH378248","4319426","4319731","32","1998708"
"KN294539v1","2330984","2331276","JH378157","9676550","9676840","37","7345566"
"KN294539v1","2365658","2365924","JH378112","34572831","34573089","53","32207173"
"KN294539v1","2443439","2443698","JH378139","2860698","2860950","35","417259"
"KN294539v1","2473036","2473288","JH378105","38320374","38320633","45","35847338"
"KN294539v1","2483466","2483712","JH378139","2032411","2032656","44","451055"
"KN294539v1","2494166","2494416","JH378153","10380000","10380247","32","7885834"
"KN294539v1","2969000","2969282","JH378176","1295936","1296216","40","1673064"
"KN294539v1","3067515","3067803","JH378106","6826425","6826714","35","3758910"
"KN294539v1","3231662","3231946","JH378108","29038317","29038602","41","25806655"
"KN294539v1","3553884","3554169","JH378114","20276504","20276786","36","16722620"
"KN294539v1","3571562","3571875","JH378139","1159515","1159824","38","2412047"
"KN294539v1","3582336","3582611","JH378280","2951135","2951406","44","631201"
"KN294539v1","3585815","3586126","JH378115","23201999","23202310","38","19616184"
"KN294539v1","3630287","3630527","JH378129","21712182","21712418","37","18081895"
"KN294539v1","3836507","3836682","JH378130","16132146","16132321","20","12295639"
"KN294539v1","4006132","4006383","JH378129","7130981","7131228","33","3124849"
"KN294539v1","4219082","4219394","JH378149","2504756","2505063","54","1714326"
"KN294539v1","4291943","4292242","JH378341","432564","432865","42","3859379"
"KN294539v1","4447549","4447833","JH378122","10829384","10829667","39","6381835"
"KN294540v1","77197","77496","JH378114","36976328","36976626","34","36899131"
"KN294540v1","94130","94436","JH378223","6299306","6299611","36","6205176"
"KN294540v1","94753","95047","JH378216","6814492","6814786","22","6719739"
"KN294540v1","231184","231486","JH378112","20834288","20834590","39","20603104"
"KN294540v1","250943","251266","JH378172","3231236","3231565","54","2980293"
"KN294540v1","253708","254011","JH378184","5132414","5132711","40","4878706"
"KN294540v1","275158","275457","JH378114","7122925","7123229","39","6847767"
"KN294540v1","285565","285860","JH378199","3695559","3695848","39","3409994"
"KN294540v1","288195","288496","JH378115","26640201","26640508","36","26352006"
"KN294540v1","421770","421927","JH378135","12689493","12689655","24","12267723"
"KN294540v1","532180","532464","JH378115","34775540","34775825","34","34243360"
"KN294540v1","535947","536249","JH378216","4224502","4224803","33","3688555"
"KN294540v1","561928","562243","JH378151","17063304","17063610","62","16501376"
"KN294540v1","566027","566334","JH378119","6124403","6124708","41","5558376"
"KN294540v1","610005","610302","JH378126","21026752","21027059","42","20416747"
"KN294540v1","615951","616251","JH378122","8337826","8338126","39","7721875"
"KN294540v1","638915","639196","JH378157","494900","495183","33","144015"
"KN294540v1","680123","680434","JH378205","4497688","4497989","37","3817565"
"KN294540v1","701379","701682","JH378119","6124403","6124708","47","5423024"
"KN294540v1","770174","770486","JH378154","15612419","15612727","36","14842245"
"KN294540v1","771767","772080","JH378112","33214699","33215012","41","32442932"
"KN294540v1","923739","924043","JH378161","5727084","5727394","39","4803345"
"KN294540v1","1006765","1007089","JH378118","32503415","32503740","51","31496650"
"KN294540v1","1008513","1008754","JH378242","1380037","1380280","32","371524"
"KN294540v1","1055174","1055467","JH378114","19612959","19613251","34","18557785"
"KN294540v1","1074676","1074959","JH378238","4530794","4531075","36","3456118"
"KN294540v1","1075001","1075014","JH378149","1403733","1403749","5","328732"
"KN294540v1","1098109","1098404","JH378181","6657533","6657829","36","5559424"
"KN294540v1","1123098","1123394","JH378228","5509057","5509356","52","4385959"
"KN294540v1","1127368","1127663","JH378144","202388","202687","37","924980"
"KN294540v1","1273455","1273759","JH378136","7484864","7485163","39","6211409"
"KN294540v1","1285560","1285861","JH378197","7145768","7146073","39","5860208"
"KN294540v1","1320520","1320816","JH378249","517197","517492","33","803323"
"KN294540v1","1322229","1322538","JH378111","26701569","26701879","42","25379340"
"KN294540v1","1334896","1335191","JH378176","9716970","9717264","49","8382074"
"KN294540v1","1383564","1383703","JH378182","1260916","1261051","28","122648"
"KN294540v1","1529567","1529883","JH378106","8193028","8193339","39","6663461"
"KN294540v1","1652575","1652842","JH378110","34075308","34075574","31","32422733"
"KN294540v1","1787944","1788232","JH378106","3052818","3053105","30","1264874"
"KN294540v1","1836343","1836418","JH378111","19404035","19404108","14","17567692"
"KN294540v1","1856908","1857220","JH378112","36490375","36490686","39","34633467"
"KN294545v1","13720","14015","JH378170","4783494","4783792","42","4769774"
"KN294545v1","88516","88797","JH378152","14427342","14427619","36","14338826"
"KN294545v1","105518","105835","JH378112","31513174","31513483","42","31407656"
"KN294546v1","5390","5669","JH378154","8975319","8975601","38","8969929"
"KN294546v1","139839","140150","JH378112","33214699","33215012","36","33074860"
"KN294546v1","236409","236716","JH378156","9166475","9166782","50","8930066"
"KN294548v1","98730","99024","JH378258","1157111","1157403","28","1058381"
"KN294548v1","156948","157236","JH378106","3052818","3053105","33","2895870"
"KN294548v1","176198","176499","JH378146","15827373","15827672","36","15651175"
"KN294548v1","177672","177962","JH378193","1240379","1240665","32","1062707"
"KN294548v1","182202","182506","JH378197","7145768","7146073","32","6963566"
"KN294548v1","191255","191397","JH378211","5207965","5208110","25","5016710"
"KN294548v1","225221","225495","JH378106","53741671","53741949","35","53516450"
"KN294548v1","240701","241006","JH378118","7969317","7969626","35","7728616"
"KN294548v1","422878","423171","JH378133","22138850","22139145","34","21715972"
"KN294548v1","518527","518808","AGCE01150543","1","288","35","518526"
"KN294548v1","551770","552061","JH378206","6600635","6600925","41","6048865"
"KN294548v1","580735","581045","JH378107","7086674","7086981","32","6505939"
"KN294548v1","670871","671143","JH378136","221828","222092","35","449043"
"KN294548v1","680550","680850","JH378199","4983750","4984049","30","4303200"
"KN294548v1","815896","816206","JH378140","7338564","7338875","38","6522668"
"KN294548v1","894650","894944","JH378183","9837451","9837747","42","8942801"
"KN294548v1","931428","931734","JH378132","2636147","2636459","43","1704719"
"KN294548v1","1207564","1207869","JH378157","1008995","1009298","36","198569"
"KN294548v1","1213287","1213591","JH378187","2906095","2906405","38","1692808"
"KN294548v1","1245565","1245871","JH378109","36264161","36264465","39","35018596"
"KN294548v1","1290137","1290227","JH378115","16495689","16495777","12","15205552"
"KN294548v1","1413107","1413388","JH378244","2666778","2667061","37","1253671"
"KN294548v1","1604645","1604962","JH378114","17527220","17527528","45","15922575"
"KN294549v1","125822","126110","JH378107","6356218","6356506","37","6230396"
"KN294552v1","238281","238569","JH378225","3009159","3009448","36","2770878"
"KN294552v1","326120","326192","JH378110","32692543","32692616","12","32366423"
"KN294552v1","327879","328187","JH378120","17820274","17820587","42","17492395"
"KN294552v1","429278","429585","JH378181","2052926","2053235","37","1623648"
"KN294552v1","519373","519654","JH378139","19252318","19252611","39","18732945"
"KN294552v1","647638","647900","JH378119","28597739","28597991","37","27950101"
"KN294552v1","672923","673208","JH378196","3426002","3426286","42","2753079"
"KN294552v1","999649","999935","JH378216","1380165","1380457","43","380516"
"KN294552v1","1051058","1051344","JH378106","3052818","3053105","34","2001760"
"KN294552v1","1230117","1230421","JH378110","30532171","30532470","42","29302054"
"KN294552v1","1377357","1377665","JH378130","1202684","1202989","41","174673"
"KN294552v1","1399200","1399506","JH378137","14554585","14554893","38","13155385"
"KN294552v1","1665735","1666038","JH378111","42466412","42466713","35","40800677"
"KN294556v1","41420","41730","JH378156","9166475","9166782","36","9125055"
"KN294558v1","163179","163407","JH378112","21148954","21149182","45","20985775"
"KN294558v1","244673","244970","JH378137","8481628","8481927","34","8236955"
"KN294558v1","312366","312670","JH378148","7203966","7204268","33","6891600"
"KN294558v1","312911","313205","JH378107","31942956","31943255","37","31630045"
"KN294558v1","325584","325872","JH378139","16259084","16259375","35","15933500"
"KN294558v1","387519","387825","JH378197","7145768","7146073","30","6758249"
"KN294558v1","440893","441192","JH378167","7707484","7707781","38","7266591"
"KN294558v1","449232","449543","JH378115","16925265","16925575","49","16476033"
"KN294558v1","495087","495352","JH378134","16278207","16278478","32","15783120"
"KN294558v1","501232","501540","JH378255","1560098","1560402","35","1058866"
"KN294558v1","514653","514942","JH378195","340740","341027","38","173913"
"KN294558v1","579692","580005","JH378279","2519466","2519771","47","1939774"
"KN294558v1","623630","623914","JH378115","32019990","32020269","44","31396360"
"KN294558v1","650605","650880","JH378111","15610165","15610446","35","14959560"
"KN294558v1","685630","685963","JH378171","2272683","2273020","54","1587053"
"KN294561v1","28842","29155","JH378117","9288641","9288950","43","9259799"
"KN294561v1","183372","183672","JH378175","4317244","4317542","41","4133872"
"KN294561v1","453229","453320","JH378139","18145851","18145942","16","17692622"
"KN294561v1","526929","527215","JH378110","17880643","17880926","43","17353714"
"KN294561v1","562926","563060","JH378213","515831","515961","15","47095"
"KN294561v1","563065","563356","JH378105","30024561","30024853","46","29461496"
"KN294561v1","574137","574441","JH378107","7568037","7568336","36","6993900"
"KN294561v1","579092","579390","JH378151","4318339","4318636","35","3739247"
"KN294561v1","602429","602772","JH378120","7102207","7102541","80","6499778"
"KN294561v1","605072","605382","JH378225","6457829","6458137","45","5852757"
"KN294561v1","617398","617708","JH378139","18632207","18632516","41","18014809"
"KN294561v1","620278","620588","JH378139","19415987","19416286","55","18795709"
"KN294561v1","625648","625929","JH378167","8141531","8141823","36","7515883"
"KN294561v1","632204","632481","JH378158","3968205","3968487","39","3336001"
"KN294561v1","633493","633791","JH378129","1823888","1824188","48","1190395"
"KN294561v1","652706","653026","JH378220","3379875","3380194","48","2727169"
"KN294561v1","663080","663388","JH378126","21026752","21027059","45","20363672"
"KN294561v1","673440","673760","JH378278","2661146","2661467","40","1987706"
"KN294561v1","678595","678913","JH378106","8193028","8193339","34","7514433"
"KN294561v1","682823","683122","JH378193","9244117","9244413","33","8561294"
"KN294561v1","726194","726507","JH378315","1047194","1047505","42","321000"
"KN294561v1","728010","728324","JH378115","25497952","25498257","41","24769942"
"KN294561v1","748513","748805","JH378106","8294885","8295176","32","7546372"
"KN294561v1","778767","779095","JH378113","28428906","28429220","46","27650139"
"KN294561v1","794150","794451","JH378106","1533545","1533849","45","739395"
"KN294561v1","799993","800301","JH378129","10436242","10436543","45","9636249"
"KN294561v1","804967","805075","JH378135","15789600","15789705","17","14984633"
"KN294561v1","815155","815470","JH378252","2670678","2670993","42","1855523"
"KN294561v1","878861","879157","JH378121","28319189","28319488","34","27440328"
"KN294561v1","880247","880541","JH378151","4318339","4318636","30","3438092"
"KN294561v1","882892","883198","JH378125","15893280","15893581","33","15010388"
"KN294561v1","926380","926683","JH378105","54150095","54150392","37","53223715"
"KN294561v1","950105","950381","JH378149","2627019","2627302","42","1676914"
"KN294561v1","971494","971790","JH378281","2947044","2947332","31","1975550"
"KN294561v1","1008484","1008793","JH378126","21026752","21027059","36","20018268"
"KN294561v1","1009268","1009563","JH378108","52248352","52248648","31","51239084"
"KN294561v1","1010819","1011122","JH378197","7145768","7146073","35","6134949"
"KN294561v1","1062479","1062647","JH378106","45012242","45012416","33","43949763"
"KN294561v1","1062680","1062793","JH378112","35874511","35874623","19","34811831"
"KN294561v1","1174197","1174476","JH378112","34550752","34551027","33","33376555"
"KN294561v1","1284773","1285053","JH378213","1676953","1677236","43","392180"
"KN294561v1","1287370","1287669","JH378169","3433112","3433409","27","2145742"
"KN294561v1","1669441","1669744","JH378108","30731255","30731558","33","29061814"
"KN294561v1","1706667","1706975","JH378126","21026752","21027059","31","19320085"
"KN294561v1","1842734","1843031","JH378170","4783494","4783792","24","2940760"
"KN294561v1","1853717","1853876","JH378106","7220564","7220725","25","5366847"
"KN294561v1","1876022","1876271","JH378219","3910085","3910350","58","2034063"
"KN294561v1","1908580","1908855","JH378182","9240926","9241205","35","7332346"
"KN294561v1","2084775","2085079","JH378138","5380451","5380753","35","3295676"
"KN294561v1","2304400","2304712","JH378152","11654622","11654934","41","9350222"
"KN294561v1","2459114","2459379","JH378176","5671270","5671515","54","3212156"
"KN294564v1","5614","5917","JH378189","1225012","1225313","42","1219398"
"KN294564v1","239217","239510","JH378144","7235841","7236134","33","6996624"
"KN294564v1","265412","265707","JH378205","5080625","5080919","38","4815213"
"KN294566v1","272562","272863","JH378129","323877","324178","33","51315"
"KN294566v1","325692","325999","JH378225","6457829","6458137","39","6132137"
"KN294566v1","336452","336743","JH378216","3208225","3208520","47","2871773"
"KN294566v1","425329","425583","JH378213","7375659","7375918","32","6950330"
"KN294569v1","5712","6001","JH378111","42787057","42787349","40","42781345"
"KN294569v1","197449","197748","JH378149","915557","915848","42","718108"
"KN294569v1","211508","211800","JH378151","8381511","8381803","26","8170003"
"KN294569v1","353727","353939","JH378198","4542372","4542592","30","4188645"
"KN294569v1","363472","363482","JH378189","7208291","7208302","5","6844819"
"KN294569v1","363572","363863","JH378177","7151024","7151314","34","6787452"
"KN294569v1","423710","424007","JH378130","23812749","23813055","41","23389039"
"KN294569v1","452249","452546","JH378121","28319189","28319488","41","27866940"
"KN294569v1","461133","461423","JH378109","17006289","17006567","37","16545156"
"KN294569v1","461523","461819","JH378122","10686670","10686967","38","10225147"
"KN294569v1","467308","467605","JH378127","22359340","22359646","44","21892032"
"KN294569v1","589113","589405","JH378183","4577550","4577842","34","3988437"
"KN294569v1","705719","705879","JH378131","20094555","20094716","21","19388836"
"KN294569v1","713683","713981","JH378139","18955642","18955939","31","18241959"
"KN294569v1","721990","722286","JH378170","4783494","4783792","35","4061504"
"KN294569v1","733388","733479","JH378305","55559","55653","15","677829"
"KN294569v1","733785","734011","JH378176","6084978","6085208","37","5351193"
"KN294569v1","752776","753069","JH378121","29566176","29566469","34","28813400"
"KN294569v1","758056","758358","JH378124","11759045","11759346","37","11000989"
"KN294569v1","804535","804824","JH378216","7124506","7124797","27","6319971"
"KN294569v1","806931","807014","JH378173","3165605","3165684","12","2358674"
"KN294569v1","814328","814620","JH378110","33965074","33965373","39","33150746"
"KN294569v1","839762","840063","JH378113","14455819","14456118","43","13616057"
"KN294569v1","840543","840851","JH378126","21026752","21027059","44","20186209"
"KN294569v1","843664","843959","JH378137","11398263","11398561","34","10554599"
"KN294569v1","845399","845706","JH378279","1785224","1785536","40","939825"
"KN294570v1","74032","74373","JH378121","19342474","19342809","46","19268442"
"KN294570v1","102839","103142","JH378118","12034895","12035199","46","11932056"
"KN294570v1","114395","114708","JH378159","5493568","5493869","56","5379173"
"KN294570v1","115666","115976","JH378229","4120796","4121104","45","4005130"
"KN294570v1","157407","157698","JH378106","69356630","69356919","40","69199223"
"KN294570v1","170136","170445","JH378106","9882834","9883140","36","9712698"
"KN294570v1","172922","173235","JH378106","9882834","9883140","44","9709912"
"KN294570v1","183871","184178","JH378126","21026752","21027059","35","20842881"
"KN294570v1","190707","191008","JH378228","5509057","5509356","39","5318350"
"KN294570v1","196963","197033","JH378129","3598633","3598701","12","3401670"
"KN294570v1","197034","197259","JH378155","14112978","14113197","31","13915944"
"KN294570v1","197260","197471","JH378105","11699058","11699264","50","11501798"
"KN294570v1","198517","198770","JH378131","574741","574980","40","376224"
"KN294570v1","199182","199480","JH378117","29558091","29558390","36","29358909"
"KN294570v1","208791","209099","JH378142","1641806","1642112","33","1433015"
"KN294570v1","232015","232196","JH378163","7764897","7765075","23","7532882"
"KN294570v1","242853","243162","JH378122","10172818","10173128","40","9929965"
"KN294570v1","244643","244955","JH378115","34658605","34658915","39","34413962"
"KN294570v1","246041","246348","JH378208","3614542","3614848","34","3368501"
"KN294570v1","249578","249915","JH378137","277865","278184","59","28287"
"KN294570v1","251987","252284","JH378105","57095702","57096002","40","56843715"
"KN294570v1","266592","266727","JH378134","15857895","15858029","13","15591303"
"KN294570v1","267028","267189","JH378117","15806812","15806971","23","15539784"
"KN294570v1","276090","276384","JH378115","28712376","28712673","32","28436286"
"KN294570v1","289252","289586","JH378128","184361","184693","57","104891"
"KN294570v1","312532","312829","JH378124","11759045","11759346","36","11446513"
"KN294570v1","336814","337108","JH378119","26380105","26380421","66","26043291"
"KN294570v1","337829","338137","JH378264","2773729","2774039","41","2435900"
"KN294570v1","347723","348029","JH378115","25570507","25570808","32","25222784"
"KN294570v1","365348","365615","JH378134","16278207","16278478","37","15912859"
"KN294570v1","368565","368853","JH378170","1655455","1655745","40","1286890"
"KN294570v1","375629","375923","JH378108","1472065","1472357","38","1096436"
"KN294570v1","383404","383702","JH378139","18955642","18955939","34","18572238"
"KN294570v1","416858","417159","JH378116","11212241","11212540","34","10795383"
"KN294570v1","429424","429712","JH378177","2554492","2554776","42","2125068"
"KN294570v1","438058","438360","JH378206","4086994","4087300","39","3648936"
"KN294571v1","28133","28432","JH378176","9716970","9717264","41","9688837"
"KN294571v1","31928","32233","JH378224","2769148","2769454","37","2737220"
"KN294571v1","49173","49458","JH378173","2753783","2754078","44","2704610"
"KN294571v1","58524","58818","JH378119","23290645","23290935","34","23232121"
"KN294571v1","62059","62362","JH378123","491683","491985","36","429624"
"KN294571v1","71641","71931","JH378157","9676550","9676840","38","9604909"
"KN294571v1","90099","90385","JH378108","42296533","42296820","41","42206434"
"KN294571v1","100760","101066","JH378197","7145768","7146073","35","7045008"
"KN294571v1","101124","101344","JH378164","10082541","10082753","28","9981417"
"KN294571v1","124456","124760","JH378235","232818","233115","37","108362"
"KN294571v1","130757","131066","JH378126","21026752","21027059","35","20895995"
"KN294571v1","137678","137999","JH378113","28428906","28429220","48","28291228"
"KN294571v1","147287","147576","JH378238","696451","696731","36","549164"
"KN294571v1","155725","156049","JH378119","32346350","32346661","50","32190625"
"KN294571v1","162740","163043","JH378224","2542969","2543269","55","2380229"
"KN294571v1","179148","179455","JH378109","34125798","34126104","29","33946650"
"KN294571v1","185987","186161","JH378106","70456146","70456311","22","70270159"
"KN294571v1","197588","197869","JH378113","14455819","14456118","44","14258231"
"KN294571v1","209845","210211","JH378322","670545","670919","91","460700"
"KN294571v1","243764","244063","JH378288","674738","675036","39","430974"
"KN294571v1","272050","272329","JH378137","18342509","18342794","41","18070459"
"KN294571v1","307947","308244","JH378114","31920925","31921222","38","31612978"
"KN294571v1","315512","315809","JH378170","4783494","4783792","36","4467982"
"KN294571v1","318532","318801","JH378105","36059082","36059351","43","35740550"
"KN294571v1","337551","337747","JH378152","9611653","9611849","26","9274102"
"KN294571v1","339852","340155","JH378140","15993798","15994099","57","15653946"
"KN294571v1","340274","340571","JH378112","34930069","34930370","34","34589795"
"KN294571v1","372458","372742","JH378153","7392982","7393269","31","7020524"
"KN294571v1","377851","378156","JH378115","25570507","25570808","37","25192656"
"KN294571v1","424856","425151","JH378112","35855394","35855682","37","35430538"
"KN294571v1","433220","433528","JH378137","18261330","18261634","36","17828110"
"KN294571v1","438579","438886","JH378119","6124403","6124708","43","5685824"
"KN294571v1","442446","442740","JH378110","30105498","30105791","39","29663052"
"KN294571v1","444002","444087","JH378125","5308706","5308792","17","4864704"
"KN294571v1","453040","453357","JH378106","21948151","21948453","66","21495111"
"KN294571v1","476293","476554","JH378117","28719904","28720167","38","28243611"
"KN294571v1","496052","496335","JH378131","18080937","18081235","42","17584885"
"KN294571v1","498595","498670","JH378138","6841025","6841099","13","6342430"
"KN294571v1","517553","517860","JH378110","12146106","12146409","47","11628553"
"KN294571v1","522161","522460","JH378258","1157111","1157403","39","634950"
"KN294571v1","523810","524121","JH378110","30652967","30653272","44","30129157"
"KN294571v1","525939","526249","JH378153","15041168","15041477","39","14515229"
"KN294571v1","529535","529829","JH378232","3226239","3226529","37","2696704"
"KN294571v1","529832","530117","JH378134","15167566","15167861","45","14637734"
"KN294571v1","532243","532552","JH378153","6959025","6959323","38","6426782"
"KN294571v1","543845","544115","JH378106","6416580","6416854","39","5872735"
"KN294571v1","546496","546788","JH378151","8652626","8652916","34","8106130"
"KN294571v1","556828","557134","JH378220","2784017","2784313","51","2227189"
"KN294571v1","563885","564167","JH378108","42296533","42296820","32","41732648"
"KN294571v1","568084","568154","JH378123","5659862","5659936","12","5091778"
"KN294571v1","620189","620501","JH378111","26701569","26701879","37","26081380"
"KN294571v1","625155","625457","JH378220","2784017","2784313","36","2158862"
"KN294571v1","677861","678155","AGCE01150414","387","680","34","677474"
"KN294571v1","682970","683275","JH378206","1109787","1110092","43","426817"
"KN294571v1","693228","693510","JH378128","13337887","13338168","37","12644659"
"KN294571v1","694636","694877","JH378125","7358700","7358942","33","6664064"
"KN294571v1","700116","700222","JH378118","14821708","14821813","14","14121592"
"KN294571v1","710224","710510","JH378109","12384120","12384406","39","11673896"
"KN294571v1","715419","715689","JH378142","1564149","1564427","44","848730"
"KN294571v1","735462","735761","JH378198","6294233","6294526","42","5558771"
"KN294571v1","761065","761360","JH378110","34840627","34840922","38","34079562"
"KN294571v1","768379","768666","JH378189","1311182","1311467","34","542803"
"KN294571v1","768677","768964","JH378105","3417808","3418095","36","2649131"
"KN294571v1","770335","770629","JH378107","49473760","49474052","36","48703425"
"KN294571v1","775467","775759","JH378262","670315","670605","34","105152"
"KN294571v1","789720","790026","JH378138","5380451","5380753","33","4590731"
"KN294571v1","807789","808084","JH378125","4727308","4727603","39","3919519"
"KN294571v1","808961","809252","JH378123","138100","138395","52","670861"
"KN294571v1","814718","815021","JH378123","491683","491985","45","323035"
"KN294571v1","828612","828917","JH378108","10306887","10307178","62","9478275"
"KN294571v1","830903","831191","JH378214","4263640","4263927","42","3432737"
"KN294571v1","851569","851866","JH378170","4783494","4783792","29","3931925"
"KN294571v1","852691","852764","JH378137","16770949","16771020","13","15918258"
"KN294571v1","853752","853841","JH378153","10370877","10370967","14","9517125"
"KN294571v1","859926","860208","JH378114","20276504","20276786","34","19416578"
"KN294571v1","878025","878337","JH378126","21026752","21027059","28","20148727"
"KN294571v1","883260","883567","JH378147","12443857","12444168","38","11560597"
"KN294571v1","943226","943522","JH378126","21026752","21027059","47","20083526"
"KN294571v1","987112","987280","JH378105","13261414","13261582","21","12274302"
"KN294571v1","987586","987719","JH378187","3388465","3388596","17","2400879"
"KN294571v1","989927","990226","JH378288","1088673","1088973","31","98746"
"KN294571v1","993342","993652","JH378115","34859185","34859494","32","33865843"
"KN294571v1","999521","999826","JH378108","46666898","46667209","40","45667377"
"KN294571v1","1026090","1026396","JH378110","32975507","32975812","37","31949417"
"KN294571v1","1036365","1036685","JH378126","21026752","21027059","51","19990387"
"KN294571v1","1121877","1122120","JH378165","5258282","5258531","47","4136405"
"KN294571v1","1123081","1123389","JH378197","1499696","1500000","38","376615"
"KN294571v1","1127165","1127457","JH378108","42296533","42296820","37","41169368"
"KN294571v1","1152987","1153268","JH378290","2364266","2364549","31","1211279"
"KN294571v1","1171772","1172073","JH378288","1088673","1088973","37","83099"
"KN294571v1","1174478","1174788","JH378113","6692573","6692881","40","5518095"
"KN294571v1","1207578","1207874","JH378115","28712376","28712673","34","27504798"
"KN294571v1","1224167","1224457","JH378119","21236610","21236894","43","20012443"
"KN294571v1","1237039","1237319","JH378151","4036857","4037149","50","2799818"
"KN294571v1","1242836","1243134","JH378180","5784781","5785080","38","4541945"
"KN294571v1","1263893","1264203","JH378119","6124403","6124708","36","4860510"
"KN294571v1","1265957","1266182","JH378106","58116550","58116772","33","56850593"
"KN294571v1","1276676","1276970","JH378111","9089465","9089754","52","7812789"
"KN294571v1","1286258","1286560","JH378119","7143463","7143766","34","5857205"
"KN294571v1","1301322","1301621","JH378288","1088673","1088973","30","212649"
"KN294571v1","1339151","1339451","JH378197","7145768","7146073","36","5806617"
"KN294571v1","1358564","1358856","JH378146","15544101","15544390","34","14185537"
"KN294571v1","1366157","1366465","JH378154","12169312","12169619","37","10803155"
"KN294571v1","1376218","1376525","JH378197","7145768","7146073","34","5769550"
"KN294571v1","1377537","1377836","JH378110","29937610","29937906","40","28560073"
"KN294571v1","1421057","1421364","JH378112","30436376","30436684","42","29015319"
"KN294571v1","1426310","1426582","JH378279","102782","103056","29","1323528"
"KN294571v1","1445932","1446212","JH378107","27056287","27056566","37","25610355"
"KN294571v1","1462636","1462929","JH378107","57888255","57888550","39","56425619"
"KN294571v1","1471559","1471851","JH378114","20788537","20788834","34","19316978"
"KN294571v1","1491718","1492020","JH378113","14455819","14456118","35","12964101"
"KN294571v1","1498084","1498392","JH378171","6181069","6181379","51","4682985"
"KN294571v1","1500301","1500592","JH378223","4832176","4832457","37","3331875"
"KN294571v1","1516010","1516294","JH378127","10291336","10291619","34","8775326"
"KN294571v1","1521844","1522145","JH378139","19415987","19416286","30","17894143"
"KN294571v1","1593504","1593791","JH378105","70761753","70762042","38","69168249"
"KN294571v1","1627195","1627495","JH378163","1118581","1118883","38","508614"
"KN294571v1","1736149","1736465","JH378167","5351158","5351469","49","3615009"
"KN294571v1","1797652","1797933","JH378205","5507645","5507928","37","3709993"
"KN294571v1","1845792","1846098","JH378107","29426397","29426705","42","27580605"
"KN294571v1","1863358","1863649","JH378124","21806094","21806395","46","19942736"
"KN294571v1","1873092","1873391","JH378149","11109971","11110270","31","9236879"
"KN294571v1","1878725","1879000","JH378146","12682442","12682712","43","10803717"
"KN294571v1","1972024","1972323","JH378172","12016223","12016528","40","10044199"
"KN294571v1","2036004","2036309","JH378110","38574281","38574582","34","36538277"
"KN294571v1","2227752","2228063","JH378185","1547765","1548075","36","679987"
"KN294571v1","2438565","2438864","JH378181","2251325","2251621","48","187240"
"KN294571v1","2465580","2465795","JH378216","5578621","5578836","35","3113041"
"KN294571v1","2531009","2531315","JH378188","8867114","8867419","39","6336105"
"KN294571v1","2577638","2577778","JH378137","3360582","3360723","22","782944"
"KN294571v1","2629001","2629313","JH378106","70986080","70986388","45","68357079"
"KN294571v1","2710119","2710423","JH378122","7536361","7536659","36","4826242"
"KN294571v1","2866489","2866798","JH378172","9566909","9567221","37","6700420"
"KN294571v1","2866799","2867071","JH378136","8872491","8872776","43","6005692"
"KN294571v1","2873405","2873714","JH378176","10466778","10467084","35","7593373"
"KN294571v1","2895825","2896125","JH378250","2199824","2200123","31","696001"
"KN294571v1","2919902","2920202","JH378235","1381290","1381589","36","1538612"
"KN294573v1","15192","15498","JH378118","12034895","12035199","42","12019703"
"KN294573v1","27506","27803","JH378149","11544216","11544516","37","11516710"
"KN294573v1","35817","36110","JH378170","4783494","4783792","30","4747677"
"KN294573v1","39840","40151","JH378193","4309818","4310128","55","4269978"
"KN294573v1","57319","57505","JH378258","3565319","3565500","32","3508000"
"KN294573v1","57936","58226","JH378151","15551938","15552226","39","15494002"
"KN294573v1","81812","82118","JH378111","32787449","32787755","34","32705637"
"KN294573v1","84581","84879","JH378221","564389","564687","43","479808"
"KN294573v1","89170","89298","JH378150","6803324","6803453","25","6714154"
"KN294573v1","112799","113108","JH378264","2773729","2774039","41","2660930"
"KN294573v1","114119","114426","JH378114","37036188","37036491","32","36922069"
"KN294573v1","122823","123129","JH378115","25041145","25041450","38","24918322"
"KN294573v1","165237","165533","JH378137","7530850","7531150","41","7365613"
"KN294573v1","167516","167760","JH378144","942480","942740","49","774964"
"KN294573v1","179188","179459","JH378356","48137","48418","42","131051"
"KN294573v1","182934","183231","JH378255","1970522","1970816","51","1787588"
"KN294573v1","204612","204908","JH378163","11642312","11642607","31","11437700"
"KN294573v1","207107","207382","JH378137","4144145","4144429","43","3937038"
"KN294573v1","212692","212996","JH378225","6457829","6458137","41","6245137"
"KN294573v1","214940","215216","JH378139","16259084","16259375","39","16044144"
"KN294573v1","215885","216179","JH378176","9716970","9717264","42","9501085"
"KN294573v1","251595","251869","JH378152","10737028","10737308","41","10485433"
"KN294574v1","4146","4451","JH378124","15582898","15583197","47","15578752"
"KN294578v1","36155","36454","JH378107","6565428","6565729","45","6529273"
"KN294578v1","48236","48539","JH378134","17117191","17117494","34","17068955"
"KN294578v1","432315","432626","JH378113","28428906","28429220","42","27996591"
"KN294581v1","143371","143677","JH378126","21026752","21027059","37","20883381"
"KN294581v1","158027","158321","JH378120","10273215","10273508","36","10115188"
"KN294581v1","179377","179592","JH378127","6218557","6218771","28","6039180"
"KN294581v1","188130","188428","JH378170","4783494","4783792","29","4595364"
"KN294581v1","193699","194020","JH378159","11397617","11397929","53","11203918"
"KN294581v1","196520","196806","JH378144","5748370","5748662","36","5551850"
"KN294581v1","245138","245438","JH378107","32029619","32029921","38","31784481"
"KN294581v1","275473","275780","JH378112","32328727","32329028","40","32053254"
"KN294581v1","277039","277326","JH378112","35855394","35855682","37","35578355"
"KN294581v1","281086","281391","JH378130","1202684","1202989","38","921598"
"KN294581v1","283927","284224","JH378110","11226037","11226335","39","10942110"
"KN294581v1","306875","307179","JH378107","6820470","6820772","40","6513595"
"KN294581v1","309009","309314","JH378111","32787449","32787755","41","32478440"
"KN294581v1","385692","385999","JH378105","57333768","57334076","36","56948076"
"KN294581v1","405535","405797","JH378132","12466741","12467004","35","12061206"
"KN294581v1","413411","413709","JH378159","15717599","15717893","41","15304188"
"KN294581v1","414371","414468","JH378143","14470365","14470459","11","14055994"
"KN294581v1","426156","426466","JH378129","12007270","12007577","40","11581114"
"KN294581v1","428610","428909","JH378265","2263256","2263553","41","1834646"
"KN294581v1","438731","439025","JH378131","10428812","10429106","41","9990081"
"KN294581v1","461749","462001","JH378149","2836824","2837076","36","2375075"
"KN294581v1","467119","467418","JH378113","14455819","14456118","33","13988700"
"KN294581v1","504459","504772","JH378279","1785224","1785536","41","1280765"
"KN294581v1","511999","512165","JH378110","4132113","4132277","24","3620114"
"KN294581v1","541077","541380","JH378110","32975507","32975812","44","32434430"
"KN294581v1","586220","586526","JH378110","19934311","19934616","34","19348091"
"KN294581v1","650311","650622","JH378115","34859185","34859494","42","34208874"
"KN294582v1","39429","39727","JH378108","23280248","23280545","34","23240819"
"KN294582v1","73318","73627","JH378110","38852916","38853220","40","38779598"
"KN294582v1","157540","157860","JH378135","1042676","1042987","38","885136"
"KN294582v1","161948","162248","JH378122","9816070","9816375","42","9654122"
"KN294582v1","395053","395337","JH378182","9240926","9241205","34","8845873"
"KN294582v1","466407","466692","JH378142","1037845","1038132","43","571438"
"KN294582v1","722330","722605","JH378115","14283522","14283794","35","13561192"
"KN294583v1","10093","10385","JH378127","10187134","10187424","31","10177041"
"KN294583v1","78156","78468","JH378120","16327645","16327955","39","16249489"
"KN294583v1","186821","187116","JH378151","8381511","8381803","41","8194690"
"KN294583v1","233377","233685","JH378113","24179649","24179958","47","23946272"
"KN294583v1","290403","290710","JH378111","25827334","25827630","42","25536931"
"KN294585v1","13696","14001","JH378138","5964426","5964732","37","5950730"
"KN294585v1","19483","19775","JH378157","9676550","9676840","25","9657067"
"KN294585v1","71227","71539","JH378114","12126932","12127241","42","12055705"
"KN294585v1","75732","76018","JH378129","1812257","1812540","34","1736525"
"KN294585v1","92012","92312","JH378262","3268334","3268632","38","3176322"
"KN294585v1","111449","111738","JH378115","28712376","28712673","40","28600927"
"KN294585v1","128765","129063","JH378127","18566293","18566586","45","18437528"
"KN294587v1","645","851","JH378134","15614882","15615086","34","15614237"
"KN294588v1","130104","130397","JH378107","6641537","6641829","42","6511433"
"KN294588v1","289894","290192","JH378180","7820139","7820394","73","7530245"
"KN294588v1","317630","317931","JH378159","5493568","5493869","37","5175938"
"KN294588v1","321482","321774","JH378106","69239155","69239449","36","68917673"
"KN294588v1","355910","356207","JH378212","4230407","4230702","42","3874497"
"KN294588v1","384584","384712","JH378130","11178508","11178639","18","10793924"
"KN294588v1","402493","402801","JH378206","4086994","4087300","50","3684501"
"KN294588v1","659257","659542","JH378142","11616000","11616291","43","10956743"
"KN294588v1","685284","685589","JH378113","28744295","28744597","36","28059011"
"KN294588v1","745069","745346","JH378141","9161965","9162249","48","8416896"
"KN294588v1","879181","879351","JH378122","29505400","29505570","25","28626219"
"KN294588v1","937484","937796","JH378257","87786","88089","39","849698"
"KN294588v1","1003287","1003578","JH378225","3009159","3009448","33","2005872"
"KN294588v1","1536421","1536706","JH378140","14073854","14074132","31","12537433"
"KN294588v1","1628373","1628634","JH378213","4069347","4069600","44","2440974"
"KN294588v1","1647398","1647674","JH378183","5085328","5085606","43","3437930"
"KN294588v1","1717237","1717549","JH378165","5178810","5179119","33","3461573"
"KN294588v1","1745764","1746071","JH378138","5964426","5964732","33","4218662"
"KN294588v1","1938420","1938713","JH378164","13845793","13846084","34","11907373"
"KN294588v1","1944470","1944742","JH378127","19270149","19270420","31","17325679"
"KN294588v1","2240408","2240717","JH378151","9388611","9388923","41","7148203"
"KN294588v1","2279656","2279953","JH378125","15289626","15289919","49","13009970"
"KN294588v1","2421392","2421683","JH378116","23638273","23638570","44","21216881"
"KN294588v1","2527552","2527861","JH378113","6199734","6200044","36","3672182"
"KN294588v1","2709068","2709378","JH378118","24374217","24374525","43","21665149"
"KN294588v1","2806630","2806801","JH378161","8616597","8616766","21","5809967"
"KN294588v1","2807129","2807259","JH378129","12397290","12397412","16","9590161"
"KN294588v1","2851699","2852012","JH378108","30731255","30731558","44","27879556"
"KN294588v1","2859130","2859427","JH378145","2733878","2734174","35","125252"
"KN294588v1","2948559","2948839","JH378108","33734008","33734301","51","30785449"
"KN294588v1","3138547","3138848","JH378125","19027324","19027621","38","15888777"
"KN294588v1","3207185","3207461","JH378182","9240926","9241205","38","6033741"
"KN294591v1","261937","262220","JH378232","5491126","5491418","41","5229189"
"KN294591v1","393021","393327","JH378126","21026752","21027059","43","20633731"
"KN294591v1","38384","38670","JH378163","7860469","7860750","46","7822085"
"KN294591v1","280492","280798","JH378129","12241608","12241912","37","11961116"
"KN294591v1","328505","328802","JH378173","2753783","2754078","39","2425278"
"KN294591v1","352801","353100","JH378121","17204752","17205050","36","16851951"
"KN294591v1","359684","359968","JH378177","2554492","2554776","33","2194808"
"KN294591v1","374272","374569","JH378116","28869529","28869826","32","28495257"
"KN294591v1","388516","388823","JH378156","9166475","9166782","40","8777959"
"KN294591v1","390554","390842","JH378193","9244117","9244413","53","8853563"
"KN294591v1","407048","407329","JH378177","6664715","6664994","31","6257667"
"KN294591v1","420554","420853","JH378107","7568037","7568336","31","7147483"
"KN294591v1","433347","433647","JH378185","841607","841910","40","408260"
"KN294591v1","507714","508004","JH378129","11439861","11440156","34","10932147"
"KN294591v1","512617","512927","JH378108","24058321","24058630","35","23545704"
"KN294591v1","538779","539086","JH378119","11179406","11179710","37","10640627"
"KN294591v1","546193","546498","JH378112","31219960","31220265","42","30673767"
"KN294591v1","552401","552722","JH378112","33298198","33298530","67","32745797"
"KN294591v1","556590","556889","JH378124","12880056","12880352","45","12323466"
"KN294591v1","563406","563703","JH378228","5509057","5509356","25","4945651"
"KN294591v1","575314","575603","JH378167","8547558","8547847","31","7972244"
"KN294591v1","576484","576778","JH378108","54685977","54686273","42","54109493"
"KN294591v1","583038","583346","JH378116","34653151","34653449","52","34070113"
"KN294591v1","588695","588998","JH378115","25041145","25041450","28","24452450"
"KN294591v1","589809","590101","JH378106","1255495","1255784","34","665686"
"KN294591v1","593695","593996","JH378107","7568037","7568336","39","6974342"
"KN294592v1","23044","23350","JH378126","21026752","21027059","32","21003708"
"KN294592v1","36423","36738","JH378126","21026752","21027059","38","20990329"
"KN294592v1","41725","42021","JH378159","2054904","2055199","34","2013179"
"KN294592v1","59208","59501","JH378242","97287","97580","40","38079"
"KN294592v1","74766","75077","JH378126","21026752","21027059","34","20951986"
"KN294592v1","79956","80275","JH378107","2992541","2992856","46","2912585"
"KN294592v1","84017","84190","JH378129","18266607","18266781","29","18182590"
"KN294592v1","84495","84609","JH378210","6799201","6799318","15","6714706"
"KN294592v1","84681","84859","JH378207","7045700","7045876","23","6961019"
"KN294592v1","85158","85292","JH378167","9832511","9832645","21","9747353"
"KN294592v1","94248","94538","JH378107","30010443","30010733","32","29916195"
"KN294592v1","97178","97465","JH378122","7899624","7899919","40","7802446"
"KN294592v1","111168","111455","JH378232","3226239","3226529","37","3115071"
"KN294592v1","115588","115860","JH378130","3636273","3636546","51","3520685"
"KN294592v1","129562","129884","JH378108","53669846","53670169","38","53540284"
"KN294592v1","132347","132636","JH378136","6475900","6476192","39","6343553"
"KN294592v1","141507","141811","JH378118","24411817","24412122","46","24270310"
"KN294592v1","151998","152303","JH378126","21026752","21027059","25","20874754"
"KN294592v1","159352","159649","JH378121","18831730","18832017","48","18672378"
"KN294592v1","189364","189659","JH378141","10800920","10801215","30","10611556"
"KN294592v1","192092","192185","JH378207","2047478","2047571","13","1855386"
"KN294592v1","193727","194023","JH378228","5509057","5509356","32","5315330"
"KN294592v1","198405","198698","JH378121","29566176","29566469","34","29367771"
"KN294592v1","227801","228116","JH378161","11908958","11909274","43","11681157"
"KN294592v1","228146","228424","JH378232","2696339","2696614","37","2468193"
"KN294592v1","238504","238796","JH378137","8384454","8384747","35","8145950"
"KN294592v1","255318","255628","JH378137","18261330","18261634","35","18006012"
"KN294592v1","275810","275945","JH378216","3974555","3974690","18","3698745"
"KN294592v1","297392","297637","JH378157","9717096","9717338","35","9419704"
"KN294592v1","298004","298135","JH378216","4689630","4689757","24","4391626"
"KN294592v1","321552","321841","JH378135","3624002","3624295","35","3302450"
"KN294592v1","337467","337602","JH378269","2316674","2316811","20","1979207"
"KN294592v1","337783","338092","JH378288","1088673","1088973","41","750890"
"KN294592v1","339769","339890","JH378111","42986823","42986935","29","42647054"
"KN294592v1","340232","340328","JH378143","9160801","9160896","27","8820569"
"KN294592v1","349451","349741","JH378111","42466412","42466713","41","42116961"
"KN294592v1","354352","354644","JH378186","5408622","5408919","37","5054270"
"KN294592v1","375822","376124","JH378159","5493568","5493869","34","5117746"
"KN294592v1","406814","407115","JH378170","4783494","4783792","53","4376680"
"KN294592v1","413694","413981","JH378108","17482946","17483231","44","17069252"
"KN294592v1","419645","419956","JH378126","21026752","21027059","38","20607107"
"KN294592v1","422688","422988","JH378200","1377430","1377726","34","954742"
"KN294592v1","424806","424970","JH378124","17607926","17608087","23","17183120"
"KN294592v1","426750","427051","JH378106","32310803","32311102","44","31884053"
"KN294592v1","442902","443204","JH378296","1500608","1500907","32","1057706"
"KN294592v1","444798","444845","JH378126","11234632","11234673","16","10789834"
"KN294592v1","465522","465813","JH378139","16259084","16259375","37","15793562"
"KN294592v1","466306","466603","JH378150","16317953","16318244","52","15851647"
"KN294592v1","473050","473351","JH378170","4783494","4783792","35","4310444"
"KN294592v1","483523","483832","JH378316","245997","246306","35","237526"
"KN294592v1","514547","514859","JH378120","16327645","16327955","42","15813098"
"KN294592v1","517024","517314","JH378116","32264140","32264429","49","31747116"
"KN294592v1","527727","528015","JH378163","2667861","2668158","47","2140134"
"KN294592v1","542620","542895","JH378115","32019990","32020269","39","31477370"
"KN294592v1","574620","574927","JH378126","21026752","21027059","44","20452132"
"KN294592v1","598418","598653","JH378123","879093","879336","42","280675"
"KN294592v1","613295","613592","JH378136","12253445","12253741","35","11640150"
"KN294592v1","618118","618282","JH378188","9295732","9295895","23","8677614"
"KN294592v1","629297","629593","JH378182","1153228","1153518","50","523931"
"KN294592v1","632048","632327","AGCE01150551","5","288","37","632043"
"KN294592v1","657482","657611","JH378146","455526","455663","18","201956"
"KN294592v1","657825","657999","JH378244","756201","756369","21","98376"
"KN294592v1","668692","668816","JH378118","17326802","17326925","13","16658110"
"KN294592v1","668819","668921","JH378149","15334902","15335007","20","14666083"
"KN294592v1","668986","669276","JH378159","15717599","15717893","36","15048613"
"KN294592v1","669948","670078","JH378131","10854024","10854153","13","10184076"
"KN294592v1","676396","676704","JH378135","17620196","17620501","45","16943800"
"KN294592v1","696937","697241","JH378124","11759045","11759346","37","11062108"
"KN294592v1","698476","698764","JH378201","667410","667698","43","31066"
"KN294592v1","702310","702528","JH378155","14112978","14113197","27","13410668"
"KN294592v1","714669","714977","JH378126","21026752","21027059","35","20312083"
"KN294592v1","726977","727287","JH378111","42701910","42702217","38","41974933"
"KN294592v1","732804","733080","JH378121","16581252","16581544","45","15848448"
"KN294592v1","737858","738152","JH378117","29887137","29887430","31","29149279"
"KN294592v1","745922","746230","JH378106","41004926","41005235","30","40259004"
"KN294592v1","747724","747927","JH378241","2936247","2936432","36","2188523"
"KN294592v1","774780","775087","JH378215","142876","143184","41","631904"
"KN294592v1","776579","776876","JH378124","4920301","4920597","42","4143722"
"KN294592v1","788526","788819","JH378220","2784017","2784313","36","1995491"
"KN294592v1","794318","794640","JH378105","48277330","48277655","45","47483012"
"KN294592v1","845344","845435","JH378111","18962636","18962725","17","18117292"
"KN294592v1","854186","854482","JH378127","11675887","11676180","34","10821701"
"KN294592v1","870547","870851","JH378255","1560098","1560402","26","689551"
"KN294592v1","875405","875548","JH378111","17155401","17155551","24","16279996"
"KN294592v1","895736","896039","JH378162","7312439","7312738","33","6416703"
"KN294592v1","905169","905469","JH378228","5509057","5509356","30","4603888"
"KN294592v1","924805","925108","JH378159","4164198","4164500","33","3239393"
"KN294592v1","932498","932741","JH378106","10342538","10342781","33","9410040"
"KN294592v1","934950","935253","JH378223","258417","258711","41","676533"
"KN294592v1","1015620","1015923","JH378106","69959827","69960121","44","68944207"
"KN294592v1","1031501","1031804","JH378176","8842985","8843290","30","7811484"
"KN294592v1","1041841","1042147","JH378255","1850368","1850674","46","808527"
"KN294592v1","1054788","1055096","JH378253","315934","316240","33","738854"
"KN294592v1","1062129","1062445","JH378199","5040203","5040517","45","3978074"
"KN294592v1","1062925","1063229","JH378111","17564647","17564953","43","16501722"
"KN294592v1","1066392","1066692","JH378139","16259084","16259375","45","15192692"
"KN294592v1","1068887","1069185","JH378265","2263256","2263553","30","1194369"
"KN294592v1","1085176","1085481","JH378114","37036188","37036491","31","35951012"
"KN294592v1","1086474","1086776","JH378151","4318339","4318636","37","3231865"
"KN294592v1","1124989","1125162","JH378135","381040","381211","21","743949"
"KN294592v1","1125465","1125590","JH378144","4501217","4501339","16","3375752"
"KN294592v1","1142060","1142348","JH378194","2390312","2390602","29","1248252"
"KN294592v1","1151407","1151697","JH378167","8141531","8141823","33","6990124"
"KN294592v1","1156822","1157119","JH378116","28869529","28869826","39","27712707"
"KN294592v1","1171171","1171456","JH378108","17647538","17647819","44","16476367"
"KN294592v1","1171795","1172098","JH378127","19048485","19048788","34","17876690"
"KN294592v1","1195756","1196036","JH378105","36059082","36059351","50","34863326"
"KN294592v1","1203057","1203350","JH378163","13372336","13372629","36","12169279"
"KN294592v1","1212225","1212525","JH378212","2149089","2149386","34","936864"
"KN294592v1","1253263","1253574","JH378148","17201496","17201806","40","15948233"
"KN294592v1","1290301","1290607","JH378126","458121","458428","40","832180"
"KN294592v1","1299016","1299317","JH378111","42112707","42113007","33","40813691"
"KN294592v1","1326723","1327035","JH378191","5184511","5184822","33","3857788"
"KN294592v1","1335752","1336056","JH378137","418029","418333","42","917723"
"KN294592v1","1336772","1337080","JH378141","16136077","16136388","43","14799305"
"KN294592v1","1339147","1339434","JH378127","12493801","12494092","38","11154654"
"KN294592v1","1339853","1340133","JH378321","737708","737984","28","602145"
"KN294592v1","1340176","1340187","JH378189","7208291","7208302","6","5868115"
"KN294592v1","1345441","1345753","JH378167","5351158","5351469","30","4005717"
"KN294592v1","1361439","1361735","JH378127","6619049","6619344","36","5257610"
"KN294592v1","1373837","1374147","JH378201","3379190","3379503","45","2005353"
"KN294592v1","1379614","1379907","JH378163","13372336","13372629","31","11992722"
"KN294592v1","1402297","1402430","JH378123","26422000","26422130","17","25019703"
"KN294592v1","1403766","1404072","JH378206","6984481","6984785","37","5580715"
"KN294592v1","1404230","1404406","JH378107","6322168","6322343","26","4917938"
"KN294592v1","1404701","1404832","JH378143","6057565","6057700","16","4652864"
"KN294592v1","1414453","1414763","JH378119","26110026","26110331","44","24695573"
"KN294592v1","1429700","1429983","JH378124","10835797","10836078","36","9406097"
"KN294596v1","336846","337137","JH378159","15717599","15717893","36","15380753"
"KN294596v1","473723","474017","JH378167","8141531","8141823","35","7667808"
"KN294598v1","16276","16559","JH378110","44263363","44263658","50","44247087"
"KN294598v1","97143","97437","JH378139","16259084","16259375","36","16161941"
"KN294598v1","99239","99409","JH378161","8616597","8616766","18","8517358"
"KN294599v1","167572","167899","JH378170","11095805","11096128","53","10928233"
"KN294599v1","226872","227173","JH378108","26482116","26482414","36","26255244"
"KN294599v1","314343","314632","JH378151","7505262","7505553","41","7190919"
"KN294599v1","327873","328042","JH378183","5597427","5597599","20","5269554"
"KN294599v1","427511","427736","JH378201","7319002","7319229","33","6891491"
"KN294599v1","432369","432665","JH378288","1088673","1088973","37","656304"
"KN294599v1","444333","444639","JH378127","9241377","9241675","50","8797044"
"KN294599v1","686386","686628","JH378105","41080798","41081039","31","40394412"
"KN294599v1","808815","809126","JH378158","3522926","3523235","34","2714111"
"KN294599v1","879915","880222","JH378186","4846568","4846877","46","3966653"
"KN294599v1","907682","907984","JH378205","5080625","5080919","35","4172943"
"KN294599v1","1019649","1019946","JH378180","1025720","1026016","38","6071"
"KN294599v1","1093087","1093335","JH378281","1622250","1622509","38","529163"
"KN294601v1","64504","64786","JH378115","32019990","32020269","39","31955486"
"KN294602v1","8475","8785","JH378167","5351158","5351469","32","5342683"
"KN294602v1","86987","87289","JH378115","28712376","28712673","31","28625389"
"KN294602v1","211563","211870","JH378122","29489041","29489348","49","29277478"
"KN294603v1","87996","88296","JH378139","13947291","13947590","38","13859295"
"KN294603v1","101640","101936","JH378124","15582898","15583197","38","15481258"
"KN294603v1","148188","148491","JH378111","26470349","26470650","33","26322161"
"KN294604v1","233628","233930","JH378125","19027324","19027621","30","18793696"
"KN294604v1","423303","423599","JH378107","32029619","32029921","35","31606316"
"KN294604v1","520132","520433","JH378267","1189848","1190147","33","669716"
"KN294605v1","4216","4521","JH378149","13456174","13456477","41","13451958"
"KN294608v1","14325","14620","JH378265","2263256","2263553","31","2248931"
"KN294613v1","52","370","JH378139","18632207","18632516","46","18632155"
"KN294613v1","11118","11406","JH378159","11461654","11461947","38","11450536"
"KN294613v1","29306","29610","JH378110","12146106","12146409","31","12116800"
"KN294613v1","42944","43236","JH378120","17788639","17788928","46","17745695"
"KN294613v1","44206","44499","JH378118","8059690","8059980","29","8015484"
"KN294613v1","50032","50316","JH378148","7299728","7300012","38","7249696"
"KN294613v1","71177","71468","JH378129","11605417","11605706","34","11534240"
"KN294613v1","73618","73879","AGCE01149956","727","992","39","72891"
"KN294613v1","78228","78521","JH378173","2192187","2192483","33","2113959"
"KN294613v1","81375","81558","JH378234","1936474","1936654","23","1855099"
"KN294613v1","82598","82883","JH378140","14073854","14074132","42","13991256"
"KN294613v1","131992","132171","JH378234","1366386","1366566","27","1234394"
"KN294613v1","143727","144033","JH378107","50539788","50540082","41","50396061"
"KN294613v1","147711","148005","JH378133","7746861","7747155","43","7599150"
"KN294613v1","155610","155898","JH378106","1432798","1433085","41","1277188"
"KN294613v1","161808","162106","JH378115","28712376","28712673","34","28550568"
"KN294613v1","169303","169614","JH378139","2929650","2929958","40","2760347"
"KN294613v1","183200","183508","JH378126","21026752","21027059","36","20843552"
"KN294613v1","183606","183905","JH378220","2784017","2784313","25","2600411"
"KN294613v1","267132","267435","JH378116","28869529","28869826","33","28602397"
"KN294613v1","267454","267757","JH378106","6434398","6434702","44","6166944"
"KN294613v1","269002","269156","JH378133","10762490","10762646","27","10493488"
"KN294613v1","272506","272831","JH378117","30465974","30466300","38","30193468"
"KN294613v1","278231","278527","JH378213","4745577","4745870","31","4467346"
"KN294613v1","290763","291062","JH378137","18706406","18706704","33","18415643"
"KN294613v1","295599","295891","JH378107","1414272","1414564","41","1118673"
"KN294613v1","295892","296187","JH378111","9089465","9089754","51","8793573"
"KN294613v1","308343","308641","JH378133","22138850","22139145","37","21830507"
"KN294613v1","317637","317934","JH378198","6294233","6294526","36","5976596"
"KN294613v1","324683","324987","JH378113","6199734","6200044","33","5875051"
"KN294613v1","327915","328217","JH378133","7813771","7814068","35","7485856"
"KN294613v1","330960","331030","JH378110","32692543","32692616","12","32361583"
"KN294613v1","334060","334359","JH378170","4783494","4783792","31","4449434"
"KN294613v1","336485","336784","JH378232","2705326","2705628","31","2368841"
"KN294613v1","343912","344212","JH378199","8437454","8437753","30","8093542"
"KN294613v1","370047","370346","JH378167","7969364","7969660","40","7599317"
"KN294613v1","401191","401484","JH378160","9139764","9140041","57","8738573"
"KN294613v1","452119","452416","JH378151","8381511","8381803","39","7929392"
"KN294613v1","454188","454277","JH378305","1636812","1636898","13","1182624"
"KN294613v1","466870","467180","JH378171","6181069","6181379","37","5714199"
"KN294613v1","484098","484261","JH378123","17739212","17739368","24","17255114"
"KN294613v1","484562","484699","JH378105","22488481","22488611","19","22003919"
"KN294613v1","489917","490242","JH378278","2661146","2661467","46","2171229"
"KN294613v1","501552","501839","JH378207","7640792","7641076","29","7139240"
"KN294613v1","504788","505019","JH378110","34823394","34823616","60","34318606"
"KN294613v1","505306","505440","JH378108","34127257","34127391","15","33621951"
"KN294613v1","517647","517953","JH378179","1169932","1170240","51","652285"
"KN294613v1","520650","520938","JH378106","6826425","6826714","31","6305775"
"KN294613v1","524662","524939","JH378165","4392554","4392834","34","3867892"
"KN294613v1","535807","536126","JH378134","6433276","6433590","44","5897469"
"KN294613v1","543735","544041","JH378126","21026752","21027059","39","20483017"
"KN294613v1","550044","550334","JH378106","1622368","1622654","45","1072324"
"KN294613v1","577986","578290","JH378185","841607","841910","43","263621"
"KN294613v1","582093","582165","JH378183","6089243","6089322","18","5507150"
"KN294613v1","598338","598595","JH378105","51524027","51524292","51","50925689"
"KN294613v1","603996","604299","JH378214","2749240","2749548","35","2145244"
"KN294613v1","621883","622140","JH378132","342618","342869","45","279265"
"KN294613v1","640923","641223","JH378114","36705067","36705364","45","36064144"
"KN294613v1","671778","672080","JH378152","12468126","12468428","39","11796348"
"KN294613v1","707144","707429","JH378149","11180138","11180421","44","10472994"
"KN294613v1","733639","733935","JH378224","4099617","4099911","37","3365978"
"KN294613v1","739436","739688","JH378113","10357541","10357791","37","9618105"
"KN294613v1","739945","740231","JH378148","17144127","17144412","32","16404182"
"KN294613v1","741996","742297","JH378124","15582898","15583197","34","14840902"
"KN294613v1","760271","760571","JH378111","41369594","41369889","43","40609323"
"KN294613v1","762149","762439","JH378123","9356550","9356843","57","8594401"
"KN294613v1","776969","777250","JH378144","7596090","7596371","36","6819121"
"KN294613v1","778629","778934","JH378227","1175094","1175396","35","396465"
"KN294613v1","780505","780812","JH378141","16136077","16136388","37","15355572"
"KN294614v1","8097","8405","JH378126","21026752","21027059","32","21018655"
"KN294614v1","156127","156407","JH378160","11982721","11983000","38","11826594"
"KN294614v1","205628","205936","JH378284","1163902","1164203","42","958274"
"KN294614v1","748461","748772","JH378119","6124403","6124708","41","5375942"
"KN294614v1","776773","777081","JH378115","34859185","34859494","39","34082412"
"KN294614v1","816694","816985","JH378124","15582898","15583197","44","14766204"
"KN294614v1","830597","830909","JH378165","5178810","5179119","40","4348213"
"KN294614v1","831644","831975","JH378206","6280299","6280627","47","5448655"
"KN294614v1","876620","876917","JH378137","15383841","15384139","38","14507221"
"KN294614v1","1146994","1147300","JH378106","1533545","1533849","50","386551"
"KN294614v1","1186355","1186649","JH378115","16641352","16641664","65","15454997"
"KN294618v1","39083","39285","JH378114","29679314","29679517","30","29640231"
"KN294618v1","68496","68800","JH378246","3189999","3190306","48","3121503"
"KN294618v1","69789","70079","JH378125","13626518","13626812","37","13556729"
"KN294618v1","83825","84124","JH378106","67682418","67682723","40","67598593"
"KN294618v1","91159","91330","JH378216","2438961","2439128","24","2347802"
"KN294619v1","149042","149332","JH378176","9716970","9717264","33","9567928"
"KN294619v1","163559","163853","JH378111","45235583","45235884","35","45072024"
"KN294619v1","181877","182163","JH378120","18579626","18579907","39","18397749"
"KN294619v1","228779","229077","JH378110","13285798","13286099","35","13057019"
"KN294619v1","533172","533417","JH378119","6007202","6007431","42","5474030"
"KN294619v1","655402","655698","JH378236","2099707","2100007","39","1444305"
"KN294619v1","674895","675097","JH378108","50628403","50628628","59","49953508"
"KN294619v1","752151","752462","JH378119","6124403","6124708","30","5372252"
"KN294619v1","860007","860300","JH378107","49473760","49474052","36","48613753"
"KN294619v1","929059","929376","JH378120","16327645","16327955","41","15398586"
"KN294619v1","970934","971010","JH378116","10456587","10456663","10","9485653"
"KN294619v1","982326","982635","JH378113","3185389","3185700","34","2203063"
"KN294619v1","1065394","1065701","JH378213","5393305","5393609","30","4327911"
"KN294619v1","1115543","1115838","JH378210","1509017","1509314","43","393474"
"KN294619v1","1156421","1156720","JH378121","17022460","17022761","46","15866039"
"KN294619v1","1223952","1224246","JH378176","10311594","10311871","68","9087642"
"KN294619v1","1272149","1272449","JH378186","3771716","3772027","38","2499567"
"KN294619v1","1297306","1297594","JH378131","20072845","20073138","43","18775539"
"KN294619v1","1358387","1358636","JH378137","20709475","20709723","32","19351088"
"KN294619v1","1363407","1363719","JH378115","25041145","25041450","37","23677738"
"KN294619v1","1374279","1374521","JH378180","10381637","10381881","44","9007358"
"KN294619v1","1497616","1497886","JH378165","12780313","12780585","36","11282697"
"KN294619v1","1503691","1503864","JH378338","335878","336047","32","1167813"
"KN294619v1","1561634","1561921","JH378105","3417808","3418095","33","1856174"
"KN294619v1","1568050","1568348","JH378122","10686670","10686967","42","9118620"
"KN294619v1","1611063","1611368","JH378127","18566293","18566586","44","16955230"
"KN294619v1","1652490","1652789","JH378108","30731255","30731558","33","29078765"
"KN294621v1","16541","16852","JH378139","1159515","1159824","34","1142974"
"KN294627v1","58290","58600","JH378211","2356763","2357069","32","2298473"
"KN294627v1","244286","244590","JH378220","4980064","4980365","36","4735778"
"KN294627v1","254779","255089","JH378187","2906095","2906405","41","2651316"
"KN294627v1","275802","276109","JH378118","13198312","13198617","40","12922510"
"KN294627v1","463092","463389","JH378146","15827373","15827672","41","15364281"
"KN294627v1","503083","503364","JH378143","6961082","6961362","36","6457999"
"KN294627v1","535268","535553","JH378106","3052818","3053105","32","2517550"
"KN294629v1","32357","32641","JH378112","21520492","21520774","28","21488135"
"KN294629v1","146634","146916","JH378289","1388273","1388557","39","1241639"
"KN294629v1","209029","209317","JH378194","278081","278371","35","69052"
"KN294629v1","328909","328998","JH378146","3361560","3361647","15","3032651"
"KN294629v1","332488","332782","JH378139","16259084","16259375","33","15926596"
"KN294629v1","365277","365493","JH378198","4542372","4542592","18","4177095"
"KN294630v1","48087","48387","JH378129","22313025","22313324","33","22264938"
"KN294630v1","73509","73805","JH378193","7560858","7561155","36","7487349"
"KN294630v1","84882","85177","JH378148","3475182","3475482","43","3390300"
"KN294630v1","91969","92264","JH378105","57333005","57333301","46","57241036"
"KN294630v1","161330","161624","JH378186","9938201","9938491","52","9776871"
"KN294630v1","163295","163594","JH378129","10258595","10258896","37","10095300"
"KN294630v1","176476","176687","JH378106","2000001","2000219","34","1823525"
"KN294630v1","222539","222844","JH378264","2773729","2774039","45","2551190"
"KN294630v1","232412","232723","JH378191","5184511","5184822","36","4952099"
"KN294630v1","246818","247129","JH378115","26640201","26640508","33","26393383"
"KN294630v1","264490","264588","JH378109","3395720","3395819","12","3131230"
"KN294630v1","269981","270276","JH378114","19778391","19778686","32","19508410"
"KN294630v1","273057","273343","JH378247","1210302","1210585","37","937245"
"KN294630v1","284857","285151","JH378213","59070","59361","44","225787"
"KN294630v1","310916","310992","JH378132","22347587","22347662","10","22036671"
"KN294630v1","333080","333381","JH378151","7439461","7439762","30","7106381"
"KN294630v1","338481","338772","JH378122","29867810","29868101","32","29529329"
"KN294630v1","357564","357873","JH378135","1042676","1042987","40","685112"
"KN294630v1","377312","377586","JH378176","1295936","1296216","46","918624"
"KN294630v1","382695","382978","JH378198","1177753","1178038","37","795058"
"KN294630v1","414812","415125","JH378239","3940828","3941139","32","3526016"
"KN294630v1","420773","421049","JH378305","1335286","1335564","36","914513"
"KN294630v1","466995","467305","JH378120","16327645","16327955","46","15860650"
"KN294630v1","485781","486077","JH378141","12391086","12391376","35","11905305"
"KN294630v1","486652","486959","JH378136","7677923","7678227","36","7191271"
"KN294630v1","498771","499081","JH378126","21026752","21027059","41","20527981"
"KN294630v1","545732","546028","JH378253","2109110","2109404","36","1563378"
"KN294630v1","555478","555774","JH378153","7392982","7393269","36","6837504"
"KN294630v1","690854","691169","JH378126","21026752","21027059","36","20335898"
"KN294630v1","692450","692761","JH378253","315934","316240","35","376516"
"KN294630v1","704271","704564","JH378132","1966169","1966463","33","1261898"
"KN294630v1","725150","725441","JH378216","3074446","3074739","25","2349296"
"KN294630v1","768039","768339","JH378260","849616","849916","41","81577"
"KN294630v1","769890","770195","JH378197","7145768","7146073","35","6375878"
"KN294630v1","773407","773709","JH378114","37036188","37036491","33","36262781"
"KN294630v1","780021","780330","JH378126","21026752","21027059","40","20246731"
"KN294633v1","29316","29606","JH378249","4052617","4052912","42","4023301"
"KN294633v1","58235","58524","JH378196","3426002","3426286","38","3367767"
"KN294633v1","59955","60143","JH378105","36810531","36810713","31","36750576"
"KN294633v1","60428","60568","JH378210","7050258","7050393","30","6989830"
"KN294633v1","81730","82035","JH378106","1533545","1533849","35","1451815"
"KN294633v1","90348","90619","JH378192","8239736","8240009","36","8149388"
"KN294633v1","99457","99747","JH378140","16880327","16880615","33","16780870"
"KN294633v1","101206","101515","JH378143","7944244","7944549","54","7843038"
"KN294633v1","102705","102940","JH378117","15348184","15348408","44","15245479"
"KN294633v1","150349","150646","JH378113","5116740","5117037","44","4966391"
"KN294633v1","161160","161442","JH378162","9174100","9174385","32","9012940"
"KN294633v1","197643","197941","JH378125","9109693","9109990","40","8912050"
"KN294633v1","209072","209382","JH378131","770886","771191","35","561814"
"KN294633v1","247313","247602","JH378137","11398263","11398561","40","11150950"
"KN294633v1","248023","248325","JH378115","28712376","28712673","41","28464353"
"KN294634v1","49851","50140","JH378109","12384120","12384406","35","12334269"
"KN294634v1","132956","133270","JH378107","27660529","27660838","40","27527573"
"KN294634v1","207559","207853","JH378136","7727266","7727563","37","7519707"
"KN294634v1","336685","336997","JH378139","1159515","1159824","42","822830"
"KN294634v1","369795","370080","JH378148","7299728","7300012","37","6929933"
"KN294634v1","394785","395068","JH378143","6961082","6961362","33","6566297"
"KN294635v1","1","201","JH378137","9145195","9145387","28","9145194"
"KN294638v1","16409","16708","JH378119","340406","340705","36","323997"
"KN294638v1","244030","244177","JH378188","9232673","9232814","33","8988643"
"KN294638v1","406413","406663","JH378137","20709475","20709723","38","20303062"
"KN294642v1","17401","17686","JH378204","7525660","7525946","37","7508259"
"KN294642v1","19773","20058","JH378204","7525660","7525946","37","7505887"
"KN294642v1","20448","20756","JH378126","21026752","21027059","42","21006304"
"KN294644v1","159637","159912","JH378182","9240926","9241205","30","9081289"
"KN294644v1","546314","546595","JH378254","1887443","1887726","39","1341129"
"KN294644v1","647516","647832","JH378137","15069205","15069511","50","14421689"
"KN294644v1","701959","702268","JH378156","9166475","9166782","39","8464516"
"KN294644v1","872038","872214","JH378233","4355561","4355741","25","3483523"
"KN294644v1","878731","878862","JH378107","57231024","57231155","12","56352293"
"KN294644v1","1009555","1009787","JH378105","36365765","36365986","53","35356210"
"KN294644v1","1011490","1011793","JH378156","9166475","9166782","44","8154985"
"KN294644v1","1143933","1144222","JH378122","10829384","10829667","41","9685451"
"KN294644v1","1167962","1168264","JH378199","4983750","4984049","44","3815788"
"KN294644v1","1231510","1231821","JH378116","9347277","9347589","51","8115767"
"KN294644v1","1389057","1389335","JH378150","12846534","12846809","45","11457477"
"KN294644v1","1455615","1455950","JH378109","21738535","21738874","55","20282920"
"KN294647v1","18071","18371","JH378227","2882425","2882717","42","2864354"
"KN294647v1","29623","29908","JH378173","11371847","11372142","47","11342224"
"KN294647v1","53517","53815","JH378139","18955642","18955939","38","18902125"
"KN294647v1","75982","76311","JH378105","47374215","47374525","49","47298233"
"KN294647v1","97000","97305","JH378260","108900","109196","44","11900"
"KN294647v1","105512","105791","JH378125","18835326","18835615","38","18729814"
"KN294647v1","110575","110877","JH378114","37036737","37037036","37","36926162"
"KN294647v1","114574","114646","JH378305","246686","246755","13","132112"
"KN294647v1","125355","125651","JH378137","11282926","11283229","45","11157571"
"KN294647v1","126490","126797","JH378126","21026752","21027059","36","20900262"
"KN294647v1","137015","137312","JH378174","8706361","8706656","32","8569346"
"KN294647v1","165773","166010","JH378108","54430165","54430402","32","54264392"
"KN294647v1","167103","167406","JH378112","14714268","14714575","46","14547165"
"KN294647v1","191384","191656","JH378198","809601","809884","45","618217"
"KN294647v1","193269","193592","JH378148","13179111","13179429","50","12985842"
"KN294647v1","195441","195753","JH378117","31991421","31991733","35","31795980"
"KN294647v1","199080","199381","JH378275","2055810","2056116","42","1856730"
"KN294647v1","206705","207005","JH378244","4172808","4173113","39","3966103"
"KN294650v1","84825","85118","JH378163","13372336","13372629","36","13287511"
"KN294650v1","108731","109027","JH378170","5183299","5183600","30","5074568"
"KN294650v1","148143","148423","JH378141","18104473","18104759","44","17956330"
"KN294650v1","163538","163834","JH378149","1427296","1427590","38","1263758"
"KN294650v1","212502","212814","JH378252","3180631","3180956","68","2968129"
"KN294650v1","220175","220397","JH378149","1457906","1458129","44","1237731"
"KN294650v1","220639","220921","JH378124","10835797","10836078","38","10615158"
"KN294650v1","239790","240085","JH378216","3208225","3208520","35","2968435"
"KN294650v1","240245","240557","JH378172","11284989","11285296","44","11044744"
"KN294650v1","270253","270542","JH378106","6948677","6948965","32","6678424"
"KN294650v1","271765","272065","JH378125","15893280","15893581","29","15621515"
"KN294650v1","276689","276988","JH378173","4155896","4156193","32","3879207"
"KN294650v1","390140","390456","JH378214","2749240","2749548","37","2359100"
"KN294650v1","464302","464602","JH378115","28712376","28712673","46","28248074"
"KN294650v1","491360","491561","JH378233","2145836","2146034","33","1654476"
"KN294650v1","492521","492830","JH378119","6124403","6124708","39","5631882"
"KN294650v1","496333","496637","JH378149","13456174","13456477","36","12959841"
"KN294650v1","554446","554756","JH378116","25160842","25161150","43","24606396"
"KN294650v1","622098","622394","JH378198","6294233","6294526","34","5672135"
"KN294650v1","919098","919410","JH378126","21026752","21027059","40","20107654"
"KN294650v1","996754","996932","JH378112","20717158","20717340","32","19720404"
"KN294650v1","1194421","1194722","JH378107","36317261","36317568","35","35122840"
"KN294650v1","1283612","1283754","JH378111","35428160","35428299","27","34144548"
"KN294650v1","1370321","1370630","JH378110","27055957","27056267","43","25685636"
"KN294650v1","1455209","1455499","JH378105","21630016","21630306","34","20174807"
"KN294650v1","1497632","1497920","JH378106","10169760","10170049","39","8672128"
"KN294650v1","1614796","1615106","JH378151","4318339","4318636","50","2703543"
"KN294650v1","1748050","1748315","JH378152","16208515","16208770","32","14460465"
"KN294650v1","1761410","1761672","JH378219","2547337","2547592","40","785927"
"KN294650v1","1768396","1768652","JH378115","23114453","23114709","50","21346057"
"KN294650v1","1790539","1790837","JH378173","10496777","10497072","34","8706238"
"KN294650v1","1796235","1796518","JH378146","9718543","9718830","37","7922308"
"KN294650v1","1943502","1943806","JH378293","1892833","1893133","30","50669"
"KN294657v1","40152","40458","JH378116","22943305","22943613","42","22903153"
"KN294657v1","251792","252098","JH378148","9970891","9971201","42","9719099"
"KN294657v1","675931","676186","JH378193","7906466","7906718","28","7230535"
"KN294662v1","51725","52023","JH378214","2247622","2247917","37","2195897"
"KN294662v1","60427","60724","JH378216","3208225","3208520","45","3147798"
"KN294662v1","65896","66157","JH378119","22503503","22503772","31","22437607"
"KN294662v1","153078","153183","JH378135","5259297","5259403","11","5106219"
"KN294662v1","267215","267514","JH378127","22687634","22687931","48","22420419"
"KN294662v1","277517","277805","JH378105","56214106","56214394","40","55936589"
"KN294662v1","322168","322470","JH378114","37036188","37036491","36","36714020"
"KN294662v1","326651","326965","JH378248","2253384","2253697","53","1926733"
"KN294662v1","410695","410990","JH378105","51889615","51889908","31","51478920"
"KN294662v1","422599","422890","JH378124","9891986","9892279","49","9469387"
"KN294662v1","469321","469621","JH378116","824008","824312","37","354687"
"KN294662v1","520250","520572","JH378113","2640449","2640755","53","2120199"
"KN294662v1","521008","521330","JH378113","2640449","2640755","53","2119441"
"KN294662v1","615131","615425","JH378216","7124506","7124797","31","6509375"
"KN294662v1","650452","650625","JH378119","21901301","21901473","18","21250849"
"KN294665v1","129352","129653","JH378288","1088673","1088973","34","959321"
"KN294665v1","146434","146730","JH378122","13169953","13170248","31","13023519"
"KN294665v1","155621","155870","JH378213","4901803","4902050","35","4746182"
"KN294665v1","162295","162590","JH378205","5080625","5080919","34","4918330"
"KN294665v1","172491","172791","JH378220","2784017","2784313","38","2611526"
"KN294665v1","185399","185628","JH378124","2336884","2337113","30","2151485"
"KN294665v1","197743","198052","JH378141","19263008","19263315","39","19065265"
"KN294668v1","3014468","3014776","JH378126","21026752","21027059","41","18012284"
"KN294668v1","54949","55248","JH378241","5492398","5492696","39","5437449"
"KN294668v1","62730","63017","JH378143","9084612","9084887","50","9021882"
"KN294668v1","63505","63636","JH378105","42285817","42285946","16","42222312"
"KN294668v1","141564","141830","JH378239","3973899","3974162","34","3832335"
"KN294668v1","188829","189000","JH378126","11296996","11297165","20","11108167"
"KN294668v1","341995","342298","JH378110","12146106","12146409","33","11804111"
"KN294668v1","778636","778945","JH378115","25041145","25041450","39","24262509"
"KN294668v1","1177367","1177676","JH378110","28824371","28824668","46","27647004"
"KN294668v1","1242329","1242403","JH378146","1075534","1075609","11","166795"
"KN294668v1","1533210","1533413","JH378105","20099769","20099974","29","18566559"
"KN294668v1","1595528","1595816","JH378207","7640792","7641076","43","6045264"
"KN294668v1","1723430","1723585","JH378236","219034","219189","22","1504396"
"KN294668v1","1769081","1769382","JH378124","11759045","11759346","37","9989964"
"KN294668v1","1781984","1782246","JH378238","696451","696731","46","1085533"
"KN294668v1","1862687","1862999","JH378113","28428906","28429220","39","26566219"
"KN294668v1","1951567","1951845","JH378177","6664715","6664994","34","4713148"
"KN294668v1","1967955","1968244","JH378173","7753219","7753510","39","5785264"
"KN294668v1","1972825","1973119","JH378110","39706997","39707294","37","37734172"
"KN294668v1","1984586","1984884","JH378149","1041511","1041811","44","943075"
"KN294668v1","1990427","1990522","JH378198","4319023","4319119","11","2328596"
"KN294668v1","1995234","1995530","JH378173","3019435","3019732","33","1024201"
"KN294668v1","2000286","2000586","JH378105","54150095","54150392","36","52149809"
"KN294668v1","2001766","2002053","JH378288","674738","675036","42","1327028"
"KN294668v1","2019397","2019690","JH378112","32204236","32204530","37","30184839"
"KN294668v1","2043561","2043856","JH378126","23919556","23919859","38","21875995"
"KN294668v1","2068539","2068844","JH378110","38574281","38574582","43","36505742"
"KN294668v1","2070180","2070489","JH378140","6883086","6883394","35","4812906"
"KN294668v1","2078517","2078807","JH378120","17788639","17788928","36","15710122"
"KN294668v1","2127223","2127238","JH378149","1403733","1403749","6","723490"
"KN294668v1","2127284","2127568","JH378137","11967433","11967716","34","9840149"
"KN294668v1","2133134","2133416","JH378152","10737028","10737308","38","8603894"
"KN294668v1","2263652","2263739","JH378138","16328181","16328268","12","14064529"
"KN294668v1","2326036","2326330","JH378139","15235758","15236059","42","12909722"
"KN294668v1","2339529","2339686","JH378197","7256913","7257070","16","4917384"
"KN294668v1","2443219","2443516","JH378105","36900565","36900857","35","34457346"
"KN294668v1","2550210","2550511","JH378105","71121493","71121795","48","68571283"
"KN294668v1","2551997","2552276","JH378291","1943956","1944238","34","608041"
"KN294668v1","2597882","2598152","AGCE01149956","727","992","39","2597155"
"KN294668v1","2598154","2598249","JH378190","9405868","9405967","17","6807714"
"KN294668v1","2696271","2696575","JH378126","21026752","21027059","31","18330481"
"KN294668v1","2708400","2708702","JH378110","12146106","12146409","40","9437706"
"KN294668v1","2793252","2793522","JH378255","943829","944096","45","1849423"
"KN294668v1","2871885","2872116","JH378131","23724251","23724483","31","20852366"
"KN294668v1","2901475","2901771","JH378157","9676550","9676840","39","6775075"
"KN294668v1","2979214","2979561","JH378137","16081983","16082324","62","13102769"
"KN294668v1","3101456","3101751","JH378236","733320","733615","40","2368136"
"KN294668v1","3146399","3146706","JH378146","149691","150003","42","2996708"
"KN294668v1","3194701","3194867","JH378149","3397255","3397420","27","202554"
"KN294668v1","3194908","3194989","JH378157","14200981","14201063","15","11006073"
"KN294668v1","3237721","3238020","JH378115","28712376","28712673","38","25474655"
"KN294668v1","3308920","3309203","JH378120","24608971","24609252","43","21300051"
"KN294668v1","3310195","3310480","JH378118","12326610","12326894","46","9016415"
"KN294668v1","3320883","3321174","JH378126","3252568","3252858","35","68315"
"KN294668v1","3337732","3338039","JH378105","16185643","16185953","37","12847911"
"KN294668v1","3341539","3341688","JH378150","132534","132693","27","3209005"
"KN294668v1","3348030","3348328","JH378151","3515305","3515602","37","167275"
"KN294668v1","3406685","3406900","JH378115","23702820","23703035","34","20296135"
"KN294668v1","3435794","3436091","JH378108","2687428","2687729","37","748366"
"KN294668v1","3611117","3611413","JH378296","1500608","1500907","39","2110509"
"KN294668v1","3744322","3744601","JH378204","6288676","6288953","34","2544354"
"KN294668v1","3832259","3832569","JH378213","47095","47402","34","3785164"
"KN294668v1","3851075","3851366","JH378142","12979191","12979481","36","9128116"
"KN294668v1","3864704","3864997","JH378113","2775307","2775599","36","1089397"
"KN294668v1","3902854","3903142","JH378151","8381511","8381803","33","4478657"
"KN294668v1","3926521","3926813","JH378105","36900565","36900857","41","32974044"
"KN294668v1","4133873","4134172","JH378122","10686670","10686967","34","6552797"
"KN294669v1","504","783","JH378151","13768898","13769175","43","13768394"
"KN294671v1","45411","45687","JH378144","4692117","4692393","33","4646706"
"KN294671v1","101258","101561","JH378228","5509057","5509356","39","5407799"
"KN294671v1","101566","101863","JH378127","12508051","12508352","43","12406485"
"KN294671v1","103712","104021","JH378112","33214699","33215012","35","33110987"
"KN294671v1","222312","222618","JH378110","19934311","19934616","36","19711999"
"KN294671v1","363178","363460","JH378105","24848808","24849088","32","24485630"
"KN294671v1","417305","417585","JH378224","3887674","3887953","28","3470369"
"KN294671v1","434694","434993","JH378115","34630697","34630989","48","34196003"
"KN294671v1","453328","453449","JH378109","13686552","13686671","15","13233224"
"KN294675v1","43082","43394","JH378149","12220095","12220400","45","12177013"
"KN294675v1","65806","66115","JH378126","23919556","23919859","37","23853750"
"KN294675v1","101022","101325","JH378197","1499696","1500000","39","1398674"
"KN294675v1","117570","117866","JH378148","12471894","12472198","51","12354324"
"KN294675v1","120955","121238","JH378294","1717590","1717871","38","1596635"
"KN294675v1","138309","138575","JH378134","9668026","9668286","53","9529717"
"KN294677v1","67873","68163","JH378151","8381511","8381803","33","8313638"
"KN294677v1","83688","83989","JH378105","42160955","42161256","38","42077267"
"KN294677v1","106342","106650","JH378119","7191913","7192221","36","7085571"
"KN294684v1","154555","154829","JH378154","12141232","12141504","37","11986677"
"KN294685v1","10809","11030","JH378137","2492471","2492692","32","2481662"
"KN294685v1","63320","63599","JH378187","6798536","6798815","61","6735216"
"KN294685v1","154185","154482","JH378146","4343142","4343436","31","4188957"
"KN294685v1","172927","173225","JH378115","25570507","25570808","47","25397580"
"KN294685v1","180891","181186","JH378220","2784017","2784313","37","2603126"
"KN294685v1","282061","282359","JH378125","16958847","16959142","42","16676786"
"KN294685v1","333348","333658","JH378318","63994","64305","38","269354"
"KN294685v1","396108","396451","JH378128","184361","184693","62","211747"
"KN294685v1","487962","488258","JH378170","4783494","4783792","26","4295532"
"KN294685v1","572450","572739","JH378105","50002605","50002894","33","49430155"
"KN294685v1","675142","675435","JH378238","4864809","4865102","38","4189667"
"KN294685v1","681983","682269","JH378153","7392982","7393269","35","6710999"
"KN294685v1","687999","688245","JH378108","23565898","23566144","40","22877899"
"KN294685v1","688267","688563","JH378151","8381511","8381803","34","7693244"
"KN294685v1","712039","712343","JH378146","15827373","15827672","36","15115334"
"KN294685v1","714129","714260","JH378139","78319","78450","13","635810"
"KN294685v1","725806","726111","JH378235","2013343","2013645","41","1287537"
"KN294685v1","729099","729357","JH378173","6735112","6735365","47","6006013"
"KN294685v1","748744","749041","JH378228","5509057","5509356","35","4760313"
"KN294685v1","749428","749745","JH378167","5351158","5351469","47","4601730"
"KN294685v1","758550","758850","JH378236","733320","733615","37","25230"
"KN294685v1","764546","764848","JH378303","1545092","1545391","46","780546"
"KN294685v1","796618","796911","JH378216","6814492","6814786","30","6017874"
"KN294685v1","797584","797877","JH378106","61058989","61059285","36","60261405"
"KN294685v1","802042","802330","JH378106","3052818","3053105","37","2250776"
"KN294685v1","805528","805819","JH378105","33992488","33992780","41","33186960"
"KN294685v1","805890","806184","JH378152","11319672","11319966","33","10513782"
"KN294685v1","807956","808136","JH378115","31380768","31380936","36","30572812"
"KN294685v1","808434","808627","JH378112","34277212","34277391","43","33468778"
"KN294685v1","811813","812087","JH378119","12733491","12733771","35","11921678"
"KN294685v1","813478","813630","JH378242","1614423","1614574","21","800945"
"KN294685v1","814715","815027","JH378179","8178149","8178459","43","7363434"
"KN294685v1","827887","828183","JH378146","6817451","6817753","40","5989564"
"KN294685v1","835147","835441","JH378109","14635205","14635505","45","13800058"
"KN294685v1","846808","847108","JH378185","1806016","1806320","39","959208"
"KN294685v1","851845","852137","JH378272","801428","801724","34","50417"
"KN294685v1","854898","855190","JH378105","55569683","55569974","42","54714785"
"KN294685v1","875891","876201","JH378206","4086994","4087300","31","3211103"
"KN294685v1","889410","889593","JH378162","462342","462511","32","427068"
"KN294685v1","915586","915866","JH378234","250587","250869","31","664999"
"KN294685v1","948358","948636","JH378244","1658123","1658413","49","709765"
"KN294685v1","949676","949970","JH378265","2263256","2263553","38","1313580"
"KN294685v1","980068","980365","JH378141","16295875","16296172","34","15315807"
"KN294685v1","985840","986128","JH378110","13728682","13728967","34","12742842"
"KN294685v1","1016943","1017275","JH378112","33214699","33215012","50","32197756"
"KN294685v1","1092987","1093157","JH378121","60339","60511","26","1032648"
"KN294685v1","1116243","1116543","JH378107","7568037","7568336","32","6451794"
"KN294685v1","1171435","1171650","JH378123","973061","973273","53","198374"
"KN294685v1","1200929","1201212","JH378135","9836647","9836932","39","8635718"
"KN294685v1","1203934","1204231","JH378146","15827373","15827672","36","14623439"
"KN294685v1","1235806","1236117","JH378255","3736090","3736398","52","2500284"
"KN294685v1","1253006","1253306","JH378105","30024561","30024853","30","28771555"
"KN294685v1","1269093","1269363","JH378216","1387518","1387789","29","118425"
"KN294685v1","1301945","1302260","JH378112","33214699","33215012","39","31912754"
"KN294693v1","802","1126","JH378167","5351158","5351469","39","5350356"
"KN294693v1","111216","111519","JH378173","345930","346231","29","234714"
"KN294693v1","131483","131784","JH378115","42390859","42391161","45","42259376"
"KN294693v1","315544","315853","JH378241","5406293","5406601","36","5090749"
"KN294693v1","367094","367304","JH378146","7289756","7289975","39","6922662"
"KN294693v1","594131","594439","JH378116","24645889","24646199","36","24051758"
"KN294693v1","844250","844557","JH378127","13030965","13031271","40","12186715"
"KN294693v1","865341","865679","JH378147","8754861","8755184","60","7889520"
"KN294693v1","1041506","1041814","JH378288","1088673","1088973","33","47167"
"KN294693v1","1050092","1050400","JH378144","4944998","4945309","32","3894906"
"KN294693v1","1108487","1108782","JH378216","3208225","3208520","31","2099738"
"KN294693v1","1154396","1154706","JH378115","34859185","34859494","48","33704789"
"KN294693v1","1181398","1181690","JH378291","2623338","2623626","42","1441940"
"KN294693v1","1266454","1266757","JH378141","16136077","16136388","33","14869623"
"KN294693v1","1338062","1338357","JH378151","4318339","4318636","42","2980277"
"KN294695v1","11967","12260","JH378135","12495336","12495635","41","12483369"
"KN294696v1","66573","66855","JH378106","69356630","69356919","43","69290057"
"KN294697v1","106518","106773","JH378139","7760988","7761245","35","7654470"
"KN294698v1","14014","14306","JH378254","3964892","3965182","36","3950878"
"KN294698v1","21377","21678","JH378107","58093837","58094140","45","58072460"
"KN294698v1","64135","64364","JH378212","5663645","5663867","32","5599510"
"KN294698v1","122078","122367","JH378182","3623832","3624120","29","3501754"
"KN294698v1","176458","176736","JH378156","2338331","2338612","42","2161873"
"KN294700v1","43234","43521","JH378247","624714","625001","44","581480"
"KN294700v1","154931","155043","JH378240","1295350","1295461","12","1140419"
"KN294700v1","389832","390078","JH378280","2916775","2917016","30","2526943"
"KN294700v1","390151","390449","JH378107","7568037","7568336","39","7177886"
"KN294701v1","72533","72821","JH378144","7235841","7236134","40","7163308"
"KN294703v1","201","324","JH378167","7125356","7125477","23","7125155"
"KN294703v1","96041","96340","JH378107","1656497","1656793","44","1560456"
"KN294703v1","97173","97476","JH378173","9055905","9056209","34","8958732"
"KN294703v1","103738","104038","JH378170","4783494","4783792","36","4679756"
"KN294703v1","137635","137919","JH378157","8122088","8122372","35","7984453"
"KN294705v1","70537","70834","JH378112","32039939","32040242","36","31969402"
"KN294705v1","123834","123961","JH378213","1353212","1353338","14","1229378"
"KN294705v1","136472","136777","JH378115","25041145","25041450","41","24904673"
"KN294705v1","142240","142519","JH378106","3052818","3053105","40","2910578"
"KN294705v1","148893","149184","JH378157","9676550","9676840","34","9527657"
"KN294705v1","159168","159469","JH378151","6553008","6553306","39","6393840"
"KN294705v1","171078","171373","JH378108","23280248","23280545","33","23109170"
"KN294705v1","190251","190531","JH378167","8832268","8832548","46","8642017"
"KN294705v1","192239","192315","JH378225","2652646","2652724","29","2460407"
"KN294705v1","197386","197689","JH378110","12146106","12146409","30","11948720"
"KN294705v1","198689","199001","JH378152","11654622","11654934","29","11455933"
"KN294705v1","202202","202486","JH378153","11886468","11886753","49","11684266"
"KN294705v1","204872","205108","JH378106","63127227","63127458","36","62922355"
"KN294705v1","224399","224697","JH378125","19027324","19027621","32","18802925"
"KN294705v1","230823","231110","JH378111","41625281","41625562","34","41394458"
"KN294705v1","232550","232828","JH378117","23778650","23778933","34","23546100"
"KN294705v1","236992","237291","JH378153","13313825","13314130","33","13076833"
"KN294705v1","239003","239276","JH378205","5684828","5685098","46","5445825"
"KN294705v1","247806","248096","JH378122","27904578","27904866","48","27656772"
"KN294705v1","268549","268841","JH378144","18239514","18239805","34","17970965"
"KN294705v1","271188","271480","JH378194","2390312","2390602","31","2119124"
"KN294705v1","279478","279649","JH378130","16132146","16132321","18","15852668"
"KN294705v1","279999","280134","JH378200","673037","673170","16","393038"
"KN294705v1","314993","315279","JH378120","30228729","30229018","41","29913736"
"KN294705v1","323473","323774","JH378118","27503431","27503730","50","27179958"
"KN294705v1","330302","330493","JH378115","36399462","36399650","30","36069160"
"KN294705v1","330780","330904","JH378107","28233055","28233184","19","27902275"
"KN294705v1","335423","335598","JH378105","7989357","7989531","32","7653934"
"KN294705v1","335967","336259","JH378106","44399035","44399331","32","44063068"
"KN294705v1","350644","350954","JH378126","21026752","21027059","35","20676108"
"KN294705v1","363238","363529","JH378194","2390312","2390602","39","2027074"
"KN294705v1","375705","375978","JH378129","7937330","7937594","89","7561625"
"KN294705v1","427506","427804","JH378288","1157182","1157480","38","729676"
"KN294705v1","431018","431319","JH378157","929402","929698","34","498384"
"KN294705v1","445709","446024","JH378119","24000989","24001298","38","23555280"
"KN294705v1","447973","448144","JH378148","16351734","16351906","15","15903761"
"KN294705v1","448164","448461","JH378144","5748370","5748662","37","5300206"
"KN294705v1","489352","489534","JH378112","7030581","7030763","27","6541229"
"KN294705v1","489844","489861","JH378149","1403733","1403749","7","913889"
"KN294705v1","493686","493763","JH378113","22500001","22500079","13","22006315"
"KN294705v1","493797","493975","JH378145","17643142","17643324","29","17149345"
"KN294705v1","496390","496697","JH378166","1276502","1276806","32","780112"
"KN294705v1","698604","698898","JH378228","5509057","5509356","30","4810453"
"KN294705v1","842883","843171","JH378223","5543356","5543643","32","4700473"
"KN294705v1","893145","893456","JH378114","17527220","17527528","41","16634075"
"KN294705v1","897888","898178","JH378119","153019","153309","34","744869"
"KN294705v1","914520","914803","JH378288","933022","933305","34","18502"
"KN294705v1","935855","936148","JH378198","4226780","4227075","41","3290925"
"KN294705v1","945167","945323","JH378149","14495690","14495854","27","13550523"
"KN294705v1","949204","949512","JH378126","21026752","21027059","36","20077548"
"KN294705v1","949931","950224","JH378144","7235841","7236134","32","6285910"
"KN294705v1","953474","953757","JH378115","25570507","25570808","41","24617033"
"KN294705v1","962172","962472","JH378255","1560098","1560402","35","597926"
"KN294705v1","964020","964298","JH378184","6063296","6063578","40","5099276"
"KN294705v1","983037","983335","JH378124","15582898","15583197","34","14599861"
"KN294705v1","983360","983562","JH378110","32578674","32578880","35","31595314"
"KN294705v1","1006950","1007254","JH378105","4190308","4190610","33","3183358"
"KN294705v1","1010156","1010470","JH378131","19946473","19946784","36","18936317"
"KN294705v1","1018125","1018405","JH378114","20276504","20276786","36","19258379"
"KN294705v1","1019101","1019406","JH378151","13413694","13413997","36","12394593"
"KN294705v1","1019719","1020016","JH378113","14455819","14456118","40","13436100"
"KN294705v1","1032877","1033175","JH378186","4398394","4398693","34","3365517"
"KN294705v1","1067014","1067317","JH378125","15893280","15893581","34","14826266"
"KN294705v1","1068386","1068673","JH378153","7392982","7393269","37","6324596"
"KN294705v1","1077841","1078139","JH378126","21026752","21027059","48","19948911"
"KN294705v1","1089629","1089932","JH378288","1088673","1088973","32","956"
"KN294705v1","1094523","1094807","JH378173","4514570","4514860","44","3420047"
"KN294705v1","1112442","1112642","JH378120","16636176","16636391","33","15523734"
"KN294705v1","1123139","1123425","JH378182","3623832","3624120","29","2500693"
"KN294705v1","1126226","1126517","JH378139","16259084","16259375","28","15132858"
"KN294705v1","1133818","1134125","JH378118","12034895","12035199","39","10901077"
"KN294705v1","1137682","1137982","JH378186","9105917","9106213","41","7968235"
"KN294705v1","1160273","1160597","JH378143","887491","887808","58","272782"
"KN294705v1","1161860","1161991","JH378255","1723127","1723256","21","561267"
"KN294705v1","1162296","1162458","JH378116","28561864","28562022","23","27399568"
"KN294705v1","1165115","1165401","JH378143","2378265","2378552","40","1213150"
"KN294705v1","1177595","1177908","JH378131","550388","550699","40","627207"
"KN294705v1","1182622","1182898","JH378224","3887674","3887953","40","2705052"
"KN294705v1","1195556","1195836","JH378175","1559693","1559973","36","364137"
"KN294705v1","1271227","1271520","JH378144","7235841","7236134","29","5964614"
"KN294705v1","1274193","1274368","JH378107","6322168","6322343","24","5047975"
"KN294705v1","1279401","1279530","JH378245","2998849","2998982","14","1719448"
"KN294705v1","1279842","1280015","JH378151","1390656","1390826","22","110814"
"KN294705v1","1293404","1293709","JH378123","491683","491985","36","801721"
"KN294705v1","1300122","1300426","JH378158","5952169","5952463","43","4652047"
"KN294705v1","1318039","1318346","JH378173","5950754","5951057","31","4632715"
"KN294705v1","1345916","1346208","JH378170","1655455","1655745","38","309539"
"KN294705v1","1352666","1352943","JH378146","10654556","10654821","60","9301890"
"KN294705v1","1369993","1370273","JH378136","7439642","7439930","47","6069649"
"KN294705v1","1370786","1371081","JH378131","20072845","20073138","42","18702059"
"KN294705v1","1380500","1380805","JH378180","662430","662737","41","718070"
"KN294705v1","1382932","1383240","JH378133","8927460","8927762","48","7544528"
"KN294705v1","1446658","1446955","JH378121","19920880","19921179","40","18474222"
"KN294705v1","1459218","1459487","JH378238","894228","894502","33","564990"
"KN294705v1","1471394","1471562","JH378172","10804587","10804756","27","9333193"
"KN294705v1","1478873","1479035","JH378143","9928951","9929105","23","8450078"
"KN294705v1","1487475","1487775","JH378140","6540936","6541239","33","5053461"
"KN294705v1","1495973","1496267","JH378288","1088673","1088973","34","407300"
"KN294705v1","1498803","1499102","JH378186","4398394","4398693","34","2899591"
"KN294705v1","1504564","1504874","JH378141","16136077","16136388","35","14631513"
"KN294705v1","1536257","1536556","JH378125","5890386","5890685","32","4354129"
"KN294705v1","1547346","1547629","JH378106","3052818","3053105","35","1505472"
"KN294705v1","1571118","1571412","JH378139","19252318","19252611","25","17681200"
"KN294705v1","1587495","1587788","JH378119","11538542","11538840","34","9951047"
"KN294705v1","1592537","1592847","JH378126","21026752","21027059","31","19434215"
"KN294705v1","1592863","1593145","JH378159","2225578","2225832","56","632715"
"KN294705v1","1614776","1615073","JH378224","4979396","4979692","33","3364620"
"KN294705v1","1617279","1617572","JH378158","5952169","5952463","29","4334890"
"KN294705v1","1627874","1628175","JH378133","22138850","22139145","31","20510976"
"KN294705v1","1636884","1637192","JH378156","9166475","9166782","28","7529591"
"KN294705v1","1645252","1645544","JH378105","42777173","42777468","35","41131921"
"KN294705v1","1658429","1658614","JH378293","1711596","1711786","29","53167"
"KN294705v1","1667663","1667971","JH378123","22693589","22693897","35","21025926"
"KN294705v1","1701797","1702082","JH378139","16259084","16259375","36","14557287"
"KN294705v1","1712675","1712976","JH378316","245997","246306","31","1466678"
"KN294705v1","1724384","1724516","JH378192","8183996","8184126","11","6459612"
"KN294705v1","1737252","1737548","JH378105","21630016","21630306","45","19892764"
"KN294705v1","1762041","1762336","JH378110","13953259","13953553","33","12191218"
"KN294705v1","1766022","1766191","JH378149","13735527","13735694","20","11969505"
"KN294705v1","1775844","1776151","JH378216","6474633","6474943","30","4698789"
"KN294705v1","1779265","1779550","JH378173","10591352","10591642","36","8812087"
"KN294705v1","1788890","1789222","JH378108","42434030","42434360","62","40645140"
"KN294705v1","1793780","1794083","JH378111","8162796","8163099","37","6369016"
"KN294705v1","1796350","1796653","JH378262","456547","456851","28","1339803"
"KN294705v1","1798150","1798446","JH378258","3460057","3460352","50","1661907"
"KN294705v1","1800422","1800707","JH378281","438349","438635","35","1362073"
"KN294705v1","1802831","1803142","JH378126","21026752","21027059","37","19223921"
"KN294705v1","1805560","1805848","JH378220","2784017","2784313","39","978457"
"KN294705v1","1815427","1815726","JH378177","112866","113151","50","1702561"
"KN294705v1","1845568","1845864","JH378115","33279263","33279559","32","31433695"
"KN294705v1","1846450","1846729","JH378127","15896396","15896663","41","14049946"
"KN294705v1","1855870","1856179","JH378122","19306025","19306333","38","17450155"
"KN294705v1","1858734","1859032","JH378288","1088673","1088973","30","770061"
"KN294705v1","1885978","1886286","JH378269","3139226","3139540","43","1253248"
"KN294705v1","1916550","1916698","JH378118","14515462","14515607","14","12598912"
"KN294705v1","1920208","1920505","JH378115","28712376","28712673","33","26792168"
"KN294705v1","1925341","1925635","JH378226","5510503","5510800","33","3585162"
"KN294705v1","1936853","1937122","JH378163","13754034","13754309","39","11817181"
"KN294705v1","1945387","1945685","JH378107","6641537","6641829","32","4696150"
"KN294705v1","1960528","1960832","JH378285","109951","110258","40","1850577"
"KN294705v1","1997759","1998072","JH378112","33214699","33215012","37","31216940"
"KN294705v1","2036975","2037272","JH378288","1088673","1088973","38","948302"
"KN294705v1","2043205","2043502","JH378257","445714","446011","34","1597491"
"KN294705v1","2117078","2117379","JH378124","15582898","15583197","43","13465820"
"KN294705v1","2127159","2127466","JH378109","16112078","16112381","49","13984919"
"KN294710v1","11830","12142","JH378120","16327645","16327955","34","16315815"
"KN294710v1","39998","40297","JH378288","1088673","1088973","30","1048675"
"KN294710v1","74061","74355","JH378108","52248352","52248648","38","52174291"
"KN294710v1","79326","79628","JH378114","7122925","7123229","34","7043599"
"KN294710v1","115057","115195","JH378109","21080081","21080218","13","20965024"
"KN294710v1","115497","115670","AGCE01151162","936","1107","29","114561"
"KN294710v1","117692","117980","JH378151","8381511","8381803","34","8263819"
"KN294710v1","139898","140197","JH378170","4783494","4783792","30","4643596"
"KN294710v1","148569","148737","JH378149","1317845","1318011","21","1169276"
"KN294710v1","172198","172504","JH378115","26640201","26640508","33","26468003"
"KN294710v1","174822","175103","JH378111","15610165","15610446","36","15435343"
"KN294711v1","28778","29061","JH378118","12326610","12326894","36","12297832"
"KN294711v1","357800","358086","JH378177","2554492","2554776","36","2196692"
"KN294711v1","359981","360216","JH378138","16364046","16364282","33","16004065"
"KN294711v1","367763","368068","JH378126","21026752","21027059","38","20658989"
"KN294711v1","370131","370447","JH378199","803289","803598","34","433158"
"KN294711v1","551471","551594","JH378132","32315","32441","17","519156"
"KN294711v1","554998","555334","JH378179","867262","867591","60","312264"
"KN294711v1","622575","622868","JH378127","4551285","4551576","37","3928710"
"KN294711v1","660344","660410","JH378106","68950405","68950464","15","68290061"
"KN294711v1","812299","812599","JH378105","70791621","70791916","42","69979322"
"KN294711v1","872063","872355","JH378167","8141531","8141823","31","7269468"
"KN294711v1","956511","956822","JH378113","38747849","38748159","47","37791338"
"KN294711v1","981809","982108","JH378198","6294233","6294526","34","5312424"
"KN294711v1","1094352","1094641","JH378176","9716970","9717264","31","8622618"
"KN294711v1","1112501","1112634","JH378127","11552471","11552600","17","10439970"
"KN294711v1","1112945","1113129","JH378106","68950565","68950746","33","67837620"
"KN294711v1","1134502","1134815","JH378185","1806016","1806320","45","671514"
"KN294711v1","1173894","1174063","JH378137","20849596","20849764","23","19675702"
"KN294711v1","1347682","1347973","JH378105","21630016","21630306","35","20282334"
"KN294711v1","1374604","1374905","JH378220","6347403","6347704","36","4972799"
"KN294711v1","1494255","1494560","JH378137","18261330","18261634","41","16767075"
"KN294713v1","204006","204170","JH378162","462342","462511","26","258336"
"KN294713v1","227305","227626","JH378118","13193319","13193630","52","12966014"
"KN294713v1","240100","240407","JH378253","315934","316240","29","75834"
"KN294713v1","276719","277013","JH378166","9829459","9829758","58","9552740"
"KN294713v1","305537","305867","JH378289","2125754","2126067","54","1820217"
"KN294713v1","315545","315827","JH378177","6664715","6664994","35","6349170"
"KN294713v1","317814","317984","JH378111","33936559","33936732","29","33618745"
"KN294713v1","328094","328309","JH378127","6218557","6218771","35","5890463"
"KN294713v1","354134","354434","JH378152","11766091","11766391","27","11411957"
"KN294713v1","356124","356350","JH378107","30347935","30348158","26","29991811"
"KN294713v1","364028","364317","JH378119","27348354","27348646","38","26984326"
"KN294713v1","365315","365577","JH378119","28597739","28597991","43","28232424"
"KN294713v1","367588","367914","JH378112","33298198","33298530","70","32930610"
"KN294713v1","368103","368390","JH378239","4541808","4542096","37","4173705"
"KN294713v1","371316","371571","JH378164","8068477","8068731","50","7697161"
"KN294713v1","378755","379059","JH378126","23919556","23919859","34","23540801"
"KN294713v1","379691","379986","JH378148","2580110","2580402","36","2200419"
"KN294713v1","394833","395121","JH378125","25390963","25391252","38","24996130"
"KN294713v1","408283","408588","JH378151","7439461","7439762","33","7031178"
"KN294713v1","427418","427696","JH378177","6664715","6664994","27","6237297"
"KN294713v1","438222","438510","JH378106","8577573","8577851","46","8139351"
"KN294713v1","479591","479827","JH378213","4392522","4392762","33","3912931"
"KN294713v1","532115","532410","JH378170","4783494","4783792","32","4251379"
"KN294713v1","551629","551939","JH378167","5351158","5351469","35","4799529"
"KN294713v1","554958","555257","JH378150","8292284","8292583","36","7737326"
"KN294713v1","586078","586377","JH378207","3169344","3169645","42","2583266"
"KN294713v1","593258","593554","JH378241","5492398","5492696","38","4899140"
"KN294713v1","603465","603727","JH378128","7150748","7151012","35","6547283"
"KN294713v1","604913","605229","JH378135","3149477","3149786","42","2544564"
"KN294713v1","626594","626898","JH378206","4086994","4087300","32","3460400"
"KN294713v1","629062","629358","JH378136","7727266","7727563","31","7098204"
"KN294713v1","634622","634920","JH378124","15582898","15583197","34","14948276"
"KN294713v1","681511","681671","JH378118","5682213","5682364","21","5000702"
"KN294713v1","720508","720818","JH378116","24645889","24646199","43","23925381"
"KN294713v1","737706","738019","JH378127","12775619","12775924","46","12037913"
"KN294713v1","757533","757817","JH378139","16259084","16259375","39","15501551"
"KN294713v1","767893","768185","JH378176","9716970","9717264","33","8949077"
"KN294713v1","809881","810176","JH378293","2045148","2045440","36","1235267"
"KN294713v1","815766","816064","JH378137","11398263","11398561","41","10582497"
"KN294713v1","829529","829831","JH378122","14416899","14417197","35","13587370"
"KN294713v1","841735","842045","JH378181","2052926","2053235","39","1211191"
"KN294713v1","846420","846646","JH378246","356105","356329","52","490315"
"KN294713v1","863248","863481","JH378107","21377438","21377673","30","20514190"
"KN294713v1","882080","882388","JH378127","13030965","13031271","37","12148885"
"KN294713v1","884465","884785","JH378260","2282137","2282463","43","1397672"
"KN294713v1","914883","915141","JH378148","9822595","9822862","51","8907712"
"KN294713v1","915260","915313","JH378182","2793147","2793203","11","1877887"
"KN294713v1","915870","915953","JH378155","7550743","7550826","10","6634873"
"KN294713v1","918958","919291","JH378125","4974997","4975316","56","4056039"
"KN294713v1","956815","957098","JH378245","2867748","2868031","42","1910933"
"KN294713v1","971977","972158","JH378144","13866509","13866689","23","12894532"
"KN294713v1","972239","972548","JH378106","59688577","59688884","41","58716338"
"KN294713v1","1013528","1013827","JH378108","54685977","54686273","32","53672449"
"KN294716v1","19031","19334","JH378124","11759045","11759346","42","11740014"
"KN294717v1","10778","11052","JH378106","70444924","70445198","33","70434146"
"KN294717v1","92343","92485","JH378113","10683348","10683473","36","10591005"
"KN294717v1","95565","95871","JH378118","29288586","29288892","35","29193021"
"KN294717v1","135681","135961","JH378116","37721543","37721818","37","37585862"
"KN294717v1","141993","142180","JH378137","9262473","9262660","49","9120480"
"KN294717v1","143690","143911","JH378126","24445894","24446102","48","24302204"
"KN294717v1","154410","154714","JH378126","21026752","21027059","34","20872342"
"KN294717v1","158650","158963","JH378194","5171070","5171377","43","5012420"
"KN294717v1","169654","169947","JH378139","13010907","13011199","33","12841253"
"KN294717v1","194656","194961","JH378152","15357394","15357702","38","15162738"
"KN294717v1","224498","224805","JH378137","418029","418333","38","193531"
"KN294717v1","226161","226467","JH378220","6347403","6347704","35","6121242"
"KN294717v1","230404","230696","JH378149","1427296","1427590","38","1196892"
"KN294717v1","237885","238002","JH378127","2059413","2059530","11","1821528"
"KN294717v1","238283","238324","JH378162","14556122","14556161","12","14317839"
"KN294717v1","264391","264586","JH378110","32770747","32770942","32","32506356"
"KN294717v1","296874","297182","JH378114","17527220","17527528","42","17230346"
"KN294717v1","297332","297644","JH378139","18632207","18632516","33","18334875"
"KN294723v1","170770","171058","JH378111","19524517","19524801","45","19353747"
"KN294726v1","248216","248488","JH378192","8239736","8240009","35","7991520"
"KN294726v1","271328","271632","JH378214","1218059","1218353","57","946731"
"KN294726v1","271936","272226","JH378110","12983262","12983559","39","12711326"
"KN294726v1","326801","327107","JH378205","4497688","4497989","30","4170887"
"KN294726v1","473546","473819","JH378106","70444924","70445198","36","69971378"
"KN294728v1","540097","540397","JH378199","2321018","2321314","62","1780921"
"KN294728v1","818137","818447","JH378116","24645889","24646199","38","23827752"
"KN294728v1","842028","842323","JH378114","12072074","12072370","37","11230046"
"KN294728v1","880828","881133","JH378179","1841978","1842282","44","961150"
"KN294728v1","898664","898821","JH378112","12934775","12934933","26","12036111"
"KN294728v1","933137","933437","JH378133","7609650","7609949","34","6676513"
"KN294728v1","937654","937959","JH378152","6156844","6157154","39","5219190"
"KN294728v1","941197","941510","JH378167","5351158","5351469","40","4409961"
"KN294728v1","980828","981130","JH378296","1500608","1500907","40","519780"
"KN294728v1","983318","983631","JH378171","6181069","6181379","54","5197751"
"KN294728v1","1001206","1001498","JH378137","7407944","7408236","35","6406738"
"KN294728v1","1019545","1019684","JH378105","71629535","71629675","14","70609990"
"KN294728v1","1031782","1031945","JH378119","239104","239260","30","792678"
"KN294728v1","1038439","1038693","JH378129","7130981","7131228","43","6092542"
"KN294728v1","1063826","1064123","JH378167","7707484","7707781","42","6643658"
"KN294728v1","1094460","1094771","JH378126","21026752","21027059","39","19932292"
"KN294728v1","1095604","1095910","JH378114","20788537","20788834","45","19692933"
"KN294728v1","1105962","1106272","JH378113","24179649","24179958","40","23073687"
"KN294728v1","1130588","1130878","JH378119","27348354","27348646","42","26217766"
"KN294728v1","1137032","1137327","JH378149","539268","539562","42","597764"
"KN294728v1","1168323","1168634","JH378245","2888977","2889288","34","1720654"
"KN294728v1","1170697","1170995","JH378171","1296326","1296622","42","125629"
"KN294728v1","1175627","1175936","JH378144","4944998","4945309","36","3769371"
"KN294728v1","1200247","1200529","JH378294","1717590","1717871","34","517343"
"KN294728v1","1204549","1204843","JH378129","22144489","22144771","41","20939940"
"KN294728v1","1267400","1267680","JH378189","7859897","7860175","49","6592497"
"KN294728v1","1351490","1351801","JH378156","2854549","2854852","40","1503059"
"KN294728v1","1418847","1418909","JH378108","17797262","17797324","12","16378415"
"KN294728v1","1419327","1419630","JH378148","6480728","6481028","41","5061401"
"KN294728v1","1421215","1421481","JH378137","6571509","6571768","38","5150294"
"KN294728v1","1426839","1427021","JH378171","1820437","1820611","25","393598"
"KN294728v1","1427871","1428183","JH378140","7338564","7338875","38","5910693"
"KN294728v1","1430438","1430719","JH378142","1037845","1038132","41","392593"
"KN294728v1","1441315","1441609","JH378112","32204236","32204530","37","30762921"
"KN294728v1","1484236","1484522","JH378125","16292168","16292455","34","14807932"
"KN294728v1","1514712","1514996","JH378245","2867748","2868031","48","1353036"
"KN294728v1","1519792","1520095","JH378204","2566234","2566530","44","1046442"
"KN294728v1","1627314","1627391","JH378135","4930649","4930728","17","3303335"
"KN294728v1","1707016","1707288","JH378204","5740696","5740970","39","4033680"
"KN294728v1","1790036","1790347","JH378135","10600268","10600578","43","8810232"
"KN294728v1","1877452","1877586","JH378180","815630","815761","15","1061822"
"KN294728v1","1877940","1878130","JH378135","8782863","8783054","28","6904923"
"KN294732v1","11322","11449","JH378144","1453109","1453236","17","1441787"
"KN294732v1","150128","150437","JH378130","7315282","7315582","37","7165154"
"KN294732v1","355586","355873","JH378115","34775540","34775825","37","34419954"
"KN294733v1","17630","17929","JH378141","10578227","10578526","38","10560597"
"KN294733v1","31062","31372","JH378126","21026752","21027059","30","20995690"
"KN294733v1","37425","37735","JH378152","14335869","14336176","45","14298444"
"KN294733v1","38797","39095","JH378155","11256223","11256520","36","11217426"
"KN294733v1","48678","48986","JH378116","11181268","11181574","37","11132590"
"KN294733v1","62254","62382","JH378143","6057565","6057700","20","5995311"
"KN294733v1","62678","62860","JH378106","59365857","59366034","29","59303179"
"KN294733v1","83605","83906","JH378151","6553008","6553306","28","6469403"
"KN294733v1","85159","85247","JH378113","33086595","33086682","6","33001436"
"KN294733v1","90034","90148","JH378266","3686430","3686541","18","3596396"
"KN294733v1","90263","90557","JH378131","18080937","18081235","37","17990674"
"KN294733v1","100768","101077","JH378152","6156844","6157154","28","6056076"
"KN294733v1","121119","121421","JH378284","239562","239856","35","118443"
"KN294733v1","125010","125272","JH378125","25973541","25973792","45","25848531"
"KN294733v1","136181","136493","JH378185","2174597","2174903","38","2038416"
"KN294733v1","190322","190629","JH378220","2635516","2635824","39","2445194"
"KN294733v1","226528","226830","JH378173","5963095","5963395","36","5736567"
"KN294733v1","234110","234233","JH378129","12397290","12397412","12","12163180"
"KN294733v1","309710","310015","JH378130","10895986","10896291","35","10586276"
"KN294733v1","352023","352324","JH378110","32305325","32305628","36","31953302"
"KN294733v1","370050","370360","JH378106","10129130","10129437","36","9759080"
"KN294733v1","404430","404730","JH378224","2769148","2769454","41","2364718"
"KN294733v1","531976","532278","JH378163","6673024","6673321","35","6141048"
"KN294733v1","598140","598445","JH378288","1088673","1088973","30","490533"
"KN294733v1","598482","598793","JH378113","213102","213413","46","385380"
"KN294733v1","598797","598929","JH378109","25307090","25307220","15","24708293"
"KN294733v1","616140","616446","JH378148","17201496","17201806","32","16585356"
"KN294734v1","30447","30739","JH378381","113123","113415","49","82676"
"KN294734v1","188507","188815","JH378320","58622","58932","40","129885"
"KN294734v1","247271","247583","JH378140","7338564","7338875","35","7091293"
"KN294734v1","314929","315238","JH378106","1705581","1705889","42","1390652"
"KN294734v1","503221","503524","JH378296","830093","830397","33","326872"
"KN294734v1","594749","595072","JH378271","409005","409323","47","185744"
"KN294734v1","596033","596334","JH378123","491683","491985","40","104350"
"KN294734v1","657881","658185","JH378188","7440532","7440833","32","6782651"
"KN294739v1","41941","42250","JH378150","3147294","3147605","37","3105353"
"KN294739v1","46773","47076","JH378138","5380451","5380753","39","5333678"
"KN294739v1","338845","339147","JH378139","18955642","18955939","30","18616797"
"KN294739v1","384212","384514","JH378115","25570507","25570808","37","25186295"
"KN294739v1","401792","402091","JH378144","1363817","1364112","49","962025"
"KN294739v1","423163","423468","JH378288","1088673","1088973","30","665510"
"KN294739v1","445849","446148","JH378139","19415987","19416286","34","18970138"
"KN294739v1","500693","501026","JH378118","17703617","17703951","38","17202924"
"KN294739v1","503093","503388","JH378204","5607975","5608271","35","5104882"
"KN294739v1","514587","514609","JH378105","35789608","35789635","12","35275021"
"KN294739v1","514927","515062","JH378153","2127454","2127589","16","1612527"
"KN294739v1","533046","533346","JH378228","5509057","5509356","31","4976011"
"KN294739v1","534379","534402","JH378111","33423149","33423167","10","32888770"
"KN294739v1","534445","534722","JH378153","5756963","5757237","39","5222518"
"KN294739v1","542569","542883","JH378112","33214699","33215012","41","32672130"
"KN294739v1","550903","551202","JH378119","23373884","23374178","40","22822981"
"KN294739v1","559336","559635","JH378228","5509057","5509356","39","4949721"
"KN294739v1","572635","572924","JH378191","6177328","6177618","39","5604693"
"KN294739v1","589580","589890","JH378118","29288586","29288892","39","28699006"
"KN294739v1","591774","592079","JH378228","5509057","5509356","32","4917283"
"KN294739v1","621870","622168","JH378228","5509057","5509356","32","4887187"
"KN294739v1","623010","623299","JH378122","29867810","29868101","33","29244800"
"KN294739v1","624610","624752","JH378213","4174678","4174817","18","3550068"
"KN294739v1","625014","625303","JH378157","11837100","11837379","35","11212086"
"KN294739v1","630580","630867","JH378141","11024023","11024316","35","10393443"
"KN294739v1","634558","634805","JH378129","7130981","7131228","39","6496423"
"KN294739v1","645081","645394","JH378112","33214699","33215012","48","32569618"
"KN294739v1","647990","648280","JH378109","33111409","33111700","38","32463419"
"KN294739v1","649184","649475","JH378107","2321663","2321952","41","1672479"
"KN294739v1","664572","664872","JH378124","15582898","15583197","41","14918326"
"KN294739v1","668847","669136","JH378139","15119668","15119965","48","14450821"
"KN294739v1","673324","673590","JH378108","20352481","20352764","56","19679157"
"KN294739v1","681845","682138","JH378139","18955642","18955939","38","18273797"
"KN294739v1","732515","732815","JH378151","7439461","7439762","31","6706946"
"KN294739v1","734395","734708","JH378126","21026752","21027059","34","20292357"
"KN294739v1","769415","769702","JH378111","15610165","15610446","40","14840750"
"KN294739v1","786894","787201","JH378193","1585669","1585978","44","798775"
"KN294739v1","789402","789701","JH378288","1088673","1088973","30","299271"
"KN294739v1","799952","800248","JH378204","2935067","2935361","27","2135115"
"KN294739v1","816363","816648","JH378173","4514570","4514860","38","3698207"
"KN294739v1","878678","878983","JH378204","3869700","3870004","33","2991022"
"KN294739v1","893784","894082","JH378205","5080625","5080919","31","4186841"
"KN294739v1","906378","906683","JH378136","7677923","7678227","43","6771545"
"KN294739v1","941612","941916","JH378124","15582898","15583197","36","14641286"
"KN294739v1","957094","957392","JH378170","4783494","4783792","34","3826400"
"KN294739v1","963936","964240","JH378143","7408382","7408687","38","6444446"
"KN294739v1","986118","986420","JH378129","7382238","7382535","32","6396120"
"KN294739v1","997191","997487","JH378149","539268","539562","34","457923"
"KN294739v1","1013316","1013503","JH378232","420548","420740","24","592768"
"KN294739v1","1023668","1023974","JH378119","26110026","26110331","38","25086358"
"KN294739v1","1026891","1027183","JH378212","3104980","3105274","34","2078089"
"KN294739v1","1027958","1028256","JH378293","1524576","1524874","32","496618"
"KN294739v1","1034374","1034670","JH378124","15582898","15583197","30","14548524"
"KN294739v1","1062199","1062502","JH378284","1163902","1164203","41","101703"
"KN294739v1","1063240","1063541","JH378141","10014232","10014538","39","8950992"
"KN294739v1","1066547","1066816","JH378232","5969284","5969559","47","4902737"
"KN294739v1","1070053","1070318","JH378115","35423177","35423452","44","34353124"
"KN294739v1","1076444","1076739","JH378116","28869529","28869826","33","27793085"
"KN294739v1","1082205","1082505","JH378116","28869529","28869826","34","27787324"
"KN294739v1","1091150","1091460","JH378126","21026752","21027059","37","19935602"
"KN294739v1","1115013","1115182","JH378139","8049129","8049298","20","6934116"
"KN294739v1","1115478","1115613","JH378153","2127454","2127589","20","1011976"
"KN294739v1","1139921","1140195","AGCE01150524","1065","1327","44","1138856"
"KN294741v1","41974","42286","JH378239","3940828","3941139","35","3898854"
"KN294741v1","104936","105221","JH378158","7686228","7686516","36","7581292"
"KN294741v1","117432","117745","JH378115","32821779","32822088","36","32704347"
"KN294741v1","159193","159469","JH378203","6186181","6186453","52","6026988"
"KN294741v1","189145","189451","JH378170","4783494","4783792","35","4594349"
"KN294741v1","323269","323653","JH378176","10288732","10289111","98","9965463"
"KN294741v1","443389","443710","JH378258","1183082","1183399","44","739693"
"KN294741v1","449813","450088","JH378112","34550752","34551027","35","34100939"
"KN294741v1","455323","455626","JH378137","11184400","11184700","39","10729077"
"KN294741v1","514318","514622","JH378105","37180426","37180745","60","36666108"
"KN294741v1","586993","587304","JH378126","21026752","21027059","46","20439759"
"KN294741v1","600066","600364","JH378123","48357","48656","37","551709"
"KN294741v1","648059","648356","JH378105","4325405","4325701","37","3677346"
"KN294741v1","663456","663755","JH378129","10258595","10258896","32","9595139"
"KN294741v1","681705","682030","JH378113","6613006","6613316","47","5931301"
"KN294741v1","802098","802404","JH378119","11179406","11179710","41","10377308"
"KN294741v1","898842","899149","JH378161","8765078","8765377","41","7866236"
"KN294741v1","920207","920475","JH378156","8329530","8329803","42","7409323"
"KN294741v1","943218","943489","JH378238","696451","696731","38","246767"
"KN294741v1","1114310","1114620","JH378320","58622","58932","33","1055688"
"KN294741v1","1129253","1129561","JH378132","22396149","22396455","38","21266896"
"KN294741v1","1169206","1169395","JH378116","35563796","35563980","22","34394590"
"KN294741v1","1278337","1278635","JH378124","17669551","17669849","42","16391214"
"KN294741v1","1294614","1294921","JH378255","1560098","1560402","47","265484"
"KN294741v1","1408339","1408644","JH378126","21026752","21027059","32","19618413"
"KN294741v1","1483724","1484011","JH378108","53866576","53866860","47","52382852"
"KN294741v1","1605918","1606225","JH378126","458121","458428","39","1147797"
"KN294741v1","1629212","1629507","JH378206","1272655","1272943","54","356557"
"KN294741v1","1647544","1647837","JH378122","29867810","29868101","35","28220266"
"KN294741v1","1833507","1833789","JH378141","13139102","13139386","46","11305595"
"KN294741v1","2061616","2061917","JH378128","23844984","23845281","38","21783368"
"KN294741v1","2093084","2093379","JH378127","23027651","23027944","52","20934567"
"KN294741v1","2098336","2098630","JH378125","19027324","19027621","33","16928988"
"KN294741v1","2102675","2102945","JH378139","444630","444901","46","1658045"
"KN294741v1","2117810","2117952","JH378345","18249","18384","24","2099561"
"KN294741v1","2152232","2152516","JH378115","31003781","31004060","48","28851549"
"KN294741v1","2195630","2195906","JH378147","9028929","9029208","41","6833299"
"KN294745v1","50338","50641","JH378129","12241608","12241912","35","12191270"
"KN294745v1","69461","69771","JH378116","24645889","24646199","31","24576428"
"KN294745v1","110695","111004","JH378146","149691","150003","32","38996"
"KN294745v1","111392","111696","JH378253","315934","316240","36","204542"
"KN294745v1","114429","114720","JH378114","36976328","36976626","37","36861899"
"KN294745v1","126417","126653","JH378112","35026455","35026699","47","34900038"
"KN294745v1","133180","133480","JH378110","19934311","19934616","27","19801131"
"KN294745v1","159328","159553","JH378234","5941402","5941629","46","5782074"
"KN294745v1","166674","166766","JH378105","54320628","54320724","14","54153954"
"KN294745v1","170484","170771","JH378148","2950270","2950555","28","2779786"
"KN294745v1","194373","194678","JH378115","25570507","25570808","36","25376134"
"KN294745v1","224832","225125","JH378206","2013969","2014261","33","1789137"
"KN294746v1","5318","5626","JH378140","6883086","6883394","42","6877768"
"KN294746v1","18532","18852","JH378119","13124882","13125196","45","13106350"
"KN294747v1","99643","99952","JH378165","5178810","5179119","33","5079167"
"KN294747v1","168903","169218","JH378184","261536","261844","54","92633"
"KN294747v1","177932","178221","JH378106","70773874","70774159","44","70595942"
"KN294747v1","180576","180608","JH378173","5507140","5507173","5","5326564"
"KN294747v1","208666","208961","JH378124","17234816","17235110","36","17026150"
"KN294747v1","324106","324398","JH378111","42787057","42787349","30","42462951"
"KN294747v1","535999","536118","JH378121","21011668","21011786","10","20475669"
"KN294747v1","635512","635822","JH378119","6124403","6124708","37","5488891"
"KN294747v1","648957","649259","JH378110","12146106","12146409","35","11497149"
"KN294747v1","662112","662402","JH378109","14372976","14373265","32","13710864"
"KN294747v1","688804","689071","JH378105","55652411","55652681","48","54963607"
"KN294747v1","696326","696619","JH378132","1229659","1229955","44","533333"
"KN294747v1","726687","726987","AGCE01150449","839","1138","33","725848"
"KN294747v1","732706","733004","JH378105","36900565","36900857","41","36167859"
"KN294747v1","740651","740943","JH378205","6545327","6545618","28","5804676"
"KN294747v1","750693","750977","JH378291","1690883","1691167","37","940190"
"KN294747v1","811063","811368","JH378160","11833922","11834221","35","11022859"
"KN294747v1","857487","857785","JH378125","15893280","15893581","37","15035793"
"KN294747v1","859689","859867","JH378207","7045700","7045876","26","6186011"
"KN294747v1","914829","915135","JH378211","2356763","2357069","34","1441934"
"KN294747v1","926261","926387","JH378124","2971545","2971671","15","2045284"
"KN294747v1","971245","971540","JH378105","51889615","51889908","29","50918370"
"KN294747v1","977266","977566","JH378143","6906110","6906414","33","5928844"
"KN294747v1","977610","977904","JH378123","48357","48656","43","929253"
"KN294747v1","977908","978055","JH378143","18005424","18005567","22","17027516"
"KN294747v1","986589","986887","JH378125","19027324","19027621","28","18040735"
"KN294747v1","988313","988619","JH378110","19934311","19934616","33","18945998"
"KN294747v1","999677","999979","JH378137","11398263","11398561","36","10398586"
"KN294747v1","1035992","1036286","JH378126","21026752","21027059","49","19990760"
"KN294747v1","1110530","1110830","JH378191","8907552","8907851","33","7797022"
"KN294747v1","1113371","1113680","JH378120","16327645","16327955","39","15214274"
"KN294747v1","1141887","1142196","JH378229","4120796","4121104","36","2978909"
"KN294747v1","1162137","1162451","JH378149","13012582","13012892","32","11850445"
"KN294747v1","1166286","1166564","JH378321","737708","737984","38","428578"
"KN294747v1","1194406","1194665","JH378168","2031881","2032145","45","837475"
"KN294747v1","1245815","1246070","JH378173","6043976","6044232","33","4798161"
"KN294755v1","126681","127003","JH378144","1363817","1364112","78","1237136"
"KN294758v1","1834876","1835073","JH378106","28087268","28087470","30","26252392"
"KN294758v1","219376","219476","JH378206","7958286","7958378","16","7738910"
"KN294758v1","287738","288038","JH378137","11282926","11283229","40","10995188"
"KN294758v1","537095","537390","JH378170","4783494","4783792","32","4246399"
"KN294758v1","747925","748235","JH378114","7122925","7123229","38","6375000"
"KN294758v1","1151404","1151700","JH378124","11759045","11759346","43","10607641"
"KN294758v1","1168208","1168296","JH378257","3625776","3625865","14","2457568"
"KN294758v1","1206921","1207232","JH378106","60843849","60844159","44","59636928"
"KN294758v1","1219165","1219432","JH378151","7414817","7415082","43","6195652"
"KN294758v1","1410877","1411189","JH378125","14523074","14523380","36","13112197"
"KN294758v1","1434419","1434500","JH378154","16119394","16119476","10","14684975"
"KN294758v1","1480277","1480584","JH378125","8074510","8074816","37","6594233"
"KN294758v1","1486639","1486931","JH378234","3485864","3486157","31","1999225"
"KN294758v1","1608739","1609046","JH378115","16925265","16925575","40","15316526"
"KN294758v1","1647342","1647631","JH378121","29566176","29566469","31","27918834"
"KN294758v1","1651609","1651905","JH378151","14844192","14844489","37","13192583"
"KN294758v1","1729421","1729616","JH378174","437044","437230","31","1292377"
"KN294758v1","1778932","1779158","AGCE01150955","1","234","29","1778931"
"KN294758v1","1818191","1818485","JH378204","5607975","5608271","34","3789784"
"KN294758v1","1983813","1984112","JH378288","1088673","1088973","28","895140"
"KN294758v1","2038530","2038822","JH378190","5559992","5560286","29","3521462"
"KN294758v1","2108356","2108661","JH378115","42390859","42391161","45","40282503"
"KN294758v1","2117983","2118236","JH378151","4398729","4398986","37","2280746"
"KN294758v1","2156266","2156569","JH378137","18261330","18261634","43","16105064"
"KN294758v1","2183403","2183687","JH378182","3623832","3624120","35","1440429"
"KN294758v1","2226832","2227127","JH378288","2257077","2257368","34","30245"
"KN294758v1","2271829","2272118","JH378124","6582196","6582486","32","4310367"
"KN294758v1","2273453","2273739","JH378137","15038817","15039106","45","12765364"
"KN294758v1","2332599","2332906","JH378126","21026752","21027059","34","18694153"
"KN294758v1","2333949","2334002","JH378134","11566465","11566516","18","9232516"
"KN294758v1","2399512","2399754","JH378125","8995821","8996072","42","6596309"
"KN294758v1","2435192","2435468","JH378269","3169524","3169799","38","734332"
"KN294758v1","2516238","2516550","JH378126","21026752","21027059","41","18510514"
"KN294758v1","2530141","2530480","JH378110","32125100","32125437","46","29594959"
"KN294758v1","2899445","2899735","JH378228","5509057","5509356","46","2609612"
"KN294758v1","2949875","2950164","JH378244","4010045","4010331","41","1060170"
"KN294758v1","2953337","2953546","JH378183","3443354","3443567","41","490017"
"KN294758v1","2961444","2961738","JH378116","1680880","1681167","36","1280564"
"KN294758v1","2962217","2962422","JH378210","1500001","1500195","30","1462216"
"KN294761v1","21615","21946","JH378111","3295194","3295521","42","3273579"
"KN294761v1","471761","472046","JH378119","23290645","23290935","42","22818884"
"KN294761v1","585915","586209","JH378151","8381511","8381803","33","7795596"
"KN294761v1","595057","595379","JH378109","680607","680920","54","85550"
"KN294761v1","595380","595549","JH378183","8695494","8695661","23","8100114"
"KN294761v1","707964","708255","JH378142","12979191","12979481","38","12271227"
"KN294761v1","806438","806748","JH378106","70986080","70986388","42","70179642"
"KN294761v1","954282","954580","JH378198","4226780","4227075","44","3272498"
"KN294761v1","1286615","1286927","JH378151","9746164","9746474","42","8459549"
"KN294761v1","1512556","1512858","JH378105","71121493","71121795","36","69608937"
"KN294761v1","1692146","1692433","JH378115","16616557","16616837","47","14924411"
"KN294761v1","1748395","1748693","JH378332","518280","518577","38","1230115"
"KN294761v1","1818407","1818644","JH378132","342618","342869","53","1475789"
"KN294761v1","1826935","1827250","JH378289","2125754","2126067","42","298819"
"KN294761v1","1944367","1944679","JH378255","993532","993844","37","950835"
"KN294761v1","2227732","2228037","JH378105","51470826","51471127","48","49243094"
"KN294761v1","2449024","2449314","JH378155","13622376","13622665","51","11173352"
"KN294761v1","2464691","2464982","JH378178","6263257","6263548","38","3798566"
"KN294761v1","2562361","2562655","JH378163","13372336","13372629","33","10809975"
"KN294761v1","2573659","2573963","JH378109","48926163","48926468","51","46352504"
"KN294761v1","2612888","2613177","JH378108","42296533","42296820","26","39683645"
"KN294761v1","2636519","2636774","JH378141","9311014","9311272","31","6674495"
"KN294761v1","2792390","2792687","JH378190","8276191","8276493","41","5483801"
"KN294764v1","185459","185759","JH378105","864178","864474","47","678719"
"KN294764v1","328866","329172","JH378319","188366","188673","42","140500"
"KN294764v1","382851","383129","JH378140","6222626","6222897","43","5839775"
"KN294764v1","486854","487162","JH378127","22238831","22239131","52","21751977"
"KN294764v1","487163","487328","JH378176","10419215","10419381","25","9932052"
"KN294764v1","503518","503825","JH378197","7145768","7146073","31","6642250"
"KN294764v1","599757","600076","JH378111","20944594","20944905","45","20344837"
"KN294764v1","846315","846613","JH378105","36900565","36900857","49","36054250"
"KN294764v1","915076","915387","JH378135","12459514","12459825","37","11544438"
"KN294767v1","41991","42295","JH378313","879367","879673","42","837376"
"KN294767v1","75747","76047","JH378124","15582898","15583197","35","15507151"
"KN294767v1","262388","262680","JH378137","7407944","7408236","29","7145556"
"KN294767v1","704639","704824","JH378116","37000001","37000189","26","36295362"
"KN294767v1","765521","765820","JH378212","2149089","2149386","45","1383568"
"KN294767v1","816970","817196","JH378204","6396145","6396374","36","5579175"
"KN294767v1","936419","936738","JH378113","17735383","17735690","51","16798964"
"KN294768v1","12059","12354","JH378170","4783494","4783792","28","4771435"
"KN294768v1","13868","14161","JH378230","1645031","1645324","35","1631163"
"KN294768v1","19128","19431","JH378189","8111949","8112250","40","8092821"
"KN294768v1","21278","21477","JH378107","6178193","6178389","19","6156915"
"KN294774v1","57212","57575","JH378167","4176675","4177019","62","4119463"
"KN294775v1","2798","3090","JH378159","1426954","1427245","33","1424156"
"KN294775v1","9035","9345","JH378147","12443857","12444168","33","12434822"
"KN294777v1","70787","71099","JH378123","22507622","22507932","44","22436835"
"KN294777v1","114318","114623","JH378288","1088673","1088973","36","974355"
"KN294777v1","157096","157375","JH378140","8212564","8212848","33","8055468"
"KN294777v1","387796","388106","JH378106","1705581","1705889","34","1317785"
"KN294777v1","420953","421252","JH378228","5509057","5509356","37","5088104"
"KN294777v1","443143","443428","JH378177","2554492","2554776","38","2111349"
"KN294777v1","480736","481032","JH378142","5865502","5865800","36","5384766"
"KN294777v1","530441","530734","JH378116","916080","916375","31","385639"
"KN294777v1","579654","579950","JH378176","9716970","9717264","38","9137316"
"KN294777v1","583544","583832","JH378199","586104","586392","35","2560"
"KN294777v1","599679","599967","JH378173","9107488","9107786","46","8507809"
"KN294777v1","608759","609061","JH378108","30731255","30731558","39","30122496"
"KN294777v1","612641","612940","JH378128","3602080","3602381","44","2989439"
"KN294777v1","633639","633923","JH378194","278081","278371","36","355558"
"KN294777v1","634169","634470","JH378264","1399840","1400140","36","765671"
"KN294777v1","634684","634837","JH378114","19618797","19618957","29","18984113"
"KN294777v1","655799","656108","JH378110","32305325","32305628","35","31649526"
"KN294777v1","661300","661603","JH378193","5034246","5034548","34","4372946"
"KN294777v1","669557","669843","JH378204","3540391","3540677","34","2870834"
"KN294777v1","671741","672026","JH378106","3052818","3053105","25","2381077"
"KN294777v1","674501","674796","JH378118","10353694","10353987","30","9679193"
"KN294777v1","706808","706954","JH378111","20365187","20365328","26","19658379"
"KN294777v1","712082","712372","JH378105","35716254","35716546","35","35004172"
"KN294777v1","720519","720806","JH378106","6826425","6826714","32","6105906"
"KN294777v1","727240","727570","JH378123","497003","497309","57","230237"
"KN294777v1","728508","728815","JH378115","25041145","25041450","37","24312637"
"KN294777v1","730462","730753","JH378151","14844192","14844489","41","14113730"
"KN294777v1","778144","778509","JH378252","1701121","1701474","72","922977"
"KN294777v1","786805","787102","JH378110","40349990","40350283","48","39563185"
"KN294777v1","799570","799877","JH378170","1527433","1527742","36","727863"
"KN294782v1","10629","10926","JH378139","18955642","18955939","34","18945013"
"KN294782v1","60769","61028","JH378110","32583519","32583777","39","32522750"
"KN294782v1","63407","63564","JH378197","7256913","7257070","20","7193506"
"KN294782v1","82165","82455","JH378122","7103074","7103372","47","7020909"
"KN294782v1","88711","88963","JH378132","10611003","10611254","40","10522292"
"KN294782v1","92107","92401","JH378128","10240012","10240306","34","10147905"
"KN294782v1","103495","103801","JH378139","18955642","18955939","38","18852147"
"KN294782v1","115128","115436","JH378167","11818560","11818864","42","11703432"
"KN294782v1","118144","118438","JH378187","9586504","9586806","54","9468360"
"KN294782v1","120787","121070","JH378206","6600635","6600925","39","6479848"
"KN294782v1","137268","137561","JH378119","27348354","27348646","33","27211086"
"KN294782v1","153575","153872","JH378121","29566176","29566469","42","29412601"
"KN294782v1","164717","165011","JH378262","1318764","1319058","35","1154047"
"KN294782v1","168973","169114","JH378106","1366134","1366279","19","1197161"
"KN294782v1","180266","180571","JH378160","12547215","12547524","48","12366949"
"KN294782v1","181670","181968","JH378139","15119668","15119965","44","14937998"
"KN294782v1","189495","189668","AGCE01150312","1","178","21","189494"
"KN294782v1","189714","190025","JH378213","4612122","4612436","38","4422408"
"KN294782v1","190387","190692","JH378319","194767","195070","31","4380"
"KN294782v1","193375","193568","JH378117","8687541","8687735","22","8494166"
"KN294782v1","193819","194126","JH378141","10014232","10014538","40","9820413"
"KN294782v1","197055","197276","JH378106","2000001","2000219","34","1802946"
"KN294782v1","197593","197905","JH378166","1276502","1276806","36","1078909"
"KN294782v1","200091","200335","JH378131","574741","574980","30","374650"
"KN294782v1","205550","205612","JH378138","203431","203491","14","2119"
"KN294782v1","206881","207191","JH378119","26110026","26110331","39","25903145"
"KN294782v1","213799","214107","JH378193","9256338","9256648","37","9042539"
"KN294782v1","215851","216134","JH378106","3052818","3053105","33","2836967"
"KN294782v1","224849","225138","JH378147","8805314","8805606","33","8580465"
"KN294782v1","225586","225794","JH378105","20099769","20099974","35","19874183"
"KN294782v1","241055","241350","JH378123","29213715","29214016","33","28972660"
"KN294782v1","245800","246035","JH378214","2321819","2322057","47","2076019"
"KN294782v1","246556","246849","JH378137","17138846","17139141","33","16892290"
"KN294782v1","248148","248439","JH378110","38574281","38574582","48","38326133"
"KN294782v1","257356","257637","JH378189","340072","340356","47","82716"
"KN294782v1","273181","273476","JH378265","2263256","2263553","38","1990075"
"KN294782v1","274889","275167","JH378290","1732783","1733062","33","1457894"
"KN294785v1","31776","32083","JH378114","31670723","31671027","41","31638947"
"KN294786v1","112082","112361","JH378140","14073854","14074132","30","13961772"
"KN294786v1","204870","205170","JH378171","4458179","4458478","44","4253309"
"KN294786v1","235240","235315","JH378191","3715283","3715359","11","3480043"
"KN294787v1","36354","36661","JH378220","4939975","4940281","48","4903621"
"KN294787v1","124834","125091","JH378180","7820139","7820394","40","7695305"
"KN294789v1","50762","50886","JH378137","8074802","8074925","21","8024040"
"KN294789v1","50895","51144","JH378225","6359570","6359824","41","6308675"
"KN294789v1","153913","154217","JH378166","9829459","9829758","47","9675546"
"KN294789v1","168877","169179","JH378115","25570507","25570808","38","25401630"
"KN294789v1","181990","182182","JH378186","8914683","8914872","28","8732693"
"KN294789v1","192998","193286","JH378137","17773879","17774174","36","17580881"
"KN294790v1","1419","1549","JH378107","6676206","6676338","13","6674787"
"KN294790v1","5302","5613","JH378144","7534414","7534722","44","7529112"
"KN294790v1","14955","15261","JH378115","34859185","34859494","40","34844230"
"KN294790v1","212468","212684","JH378125","8477939","8478156","27","8265471"
"KN294790v1","217528","217839","JH378139","18632207","18632516","36","18414679"
"KN294790v1","263106","263404","JH378236","733320","733615","36","470214"
"KN294790v1","263895","264039","JH378142","3174651","3174793","17","2910756"
"KN294790v1","326731","327027","JH378122","25669372","25669672","32","25342641"
"KN294790v1","384513","384822","JH378129","12280756","12281068","36","11896243"
"KN294790v1","492270","492569","JH378153","3305054","3305363","44","2812784"
"KN294790v1","750598","750866","JH378139","10412496","10412760","35","9661898"
"KN294790v1","796858","796965","JH378255","801368","801473","20","4510"
"KN294790v1","923523","923833","JH378220","2083419","2083730","33","1159896"
"KN294790v1","1081206","1081526","JH378228","5509057","5509356","51","4427851"
"KN294790v1","1231085","1231382","JH378166","13577437","13577741","42","12346352"
"KN294790v1","1469832","1470112","JH378151","15038685","15038967","31","13568853"
"KN294790v1","1491134","1491445","JH378126","21026752","21027059","41","19535618"
"KN294790v1","1550696","1550993","JH378293","1715995","1716289","47","165299"
"KN294790v1","1561115","1561423","JH378292","2592347","2592658","40","1031232"
"KN294790v1","1583909","1584212","JH378146","9754214","9754514","36","8170305"
"KN294790v1","1605565","1605872","JH378113","17735383","17735690","39","16129818"
"KN294790v1","1606552","1606858","JH378144","4944998","4945309","39","3338446"
"KN294790v1","1675266","1675573","JH378223","4988413","4988723","35","3313147"
"KN294790v1","1696027","1696312","JH378238","696451","696731","46","999576"
"KN294790v1","1738489","1738798","JH378112","33214699","33215012","43","31476210"
"KN294790v1","1861951","1862251","JH378173","5963095","5963395","43","4101144"
"KN294790v1","2001881","2002160","JH378124","10835797","10836078","36","8833916"
"KN294790v1","2031106","2031408","JH378294","2072530","2072829","35","41424"
"KN294790v1","2154141","2154455","JH378143","4143675","4143987","40","1989534"
"KN294790v1","2200218","2200294","JH378110","32692543","32692616","12","30492325"
"KN294790v1","2298366","2298673","JH378279","1785224","1785536","45","513142"
"KN294790v1","2302143","2302429","JH378244","1658123","1658413","49","644020"
"KN294790v1","2305422","2305715","JH378144","7235841","7236134","34","4930419"
"KN294790v1","2325155","2325465","JH378170","7770931","7771241","31","5445776"
"KN294790v1","2332745","2332888","JH378138","6793543","6793682","17","4460798"
"KN294790v1","2334375","2334689","JH378115","16925265","16925575","44","14590890"
"KN294790v1","2341161","2341474","JH378189","1797420","1797734","36","543741"
"KN294790v1","2345521","2345594","JH378164","8139717","8139793","13","5794196"
"KN294790v1","2349121","2349409","JH378142","1037845","1038132","42","1311276"
"KN294790v1","2412987","2413284","JH378114","11511571","11511875","30","9098584"
"KN294790v1","2495568","2495761","JH378106","63232082","63232273","27","60736514"
"KN294790v1","2676188","2676490","JH378139","18955642","18955939","35","16279454"
"KN294790v1","2684449","2684753","JH378255","1560098","1560402","33","1124351"
"KN294790v1","2692490","2692794","JH378108","30731255","30731558","36","28038765"
"KN294790v1","2702743","2703067","JH378185","841607","841910","54","1861136"
"KN294790v1","2710038","2710341","JH378110","33965074","33965373","34","31255036"
"KN294790v1","2712410","2712722","JH378226","6269505","6269810","40","3557095"
"KN294790v1","2717513","2717822","JH378114","30194019","30194326","36","27476506"
"KN294790v1","2718401","2718693","JH378194","2390312","2390602","36","328089"
"KN294790v1","2747920","2748204","JH378128","15490334","15490615","42","12742414"
"KN294790v1","2754796","2755092","JH378172","3560988","3561286","28","806192"
"KN294790v1","2761182","2761419","JH378106","10342538","10342781","39","7581356"
"KN294790v1","2778462","2778756","JH378106","8294885","8295176","36","5516423"
"KN294790v1","2821335","2821633","JH378115","28712376","28712673","34","25891041"
"KN294790v1","2850007","2850309","JH378144","202388","202687","47","2647619"
"KN294790v1","3038590","3038890","JH378227","68096","68393","37","2970494"
"KN294790v1","3111491","3111781","JH378288","1088673","1088973","37","2022818"
"KN294790v1","3152616","3152915","JH378120","15320951","15321249","36","12168335"
"KN294790v1","3155314","3155558","JH378280","2916775","2917016","33","238539"
"KN294790v1","3167607","3167909","JH378288","1088673","1088973","31","2078934"
"KN294790v1","3304308","3304621","JH378167","5351158","5351469","32","2046850"
"KN294790v1","3383034","3383340","JH378197","7145768","7146073","28","3762734"
"KN294790v1","3588199","3588502","JH378316","409965","410264","46","3178234"
"KN294790v1","3638651","3638937","JH378110","17880643","17880926","38","14241992"
"KN294790v1","3645787","3646091","JH378159","5493568","5493869","28","1847781"
"KN294790v1","3748109","3748418","JH378213","950217","950521","41","2797892"
"KN294790v1","3794319","3794644","JH378150","10126172","10126487","60","6331853"
"KN294790v1","3803803","3804114","JH378111","32787449","32787755","39","28983646"
"KN294790v1","3833894","3834193","JH378114","42169048","42169348","35","38335154"
"KN294790v1","3859178","3859494","JH378108","43842538","43842851","39","39983360"
"KN294790v1","3865612","3865894","JH378113","39037457","39037739","37","35171845"
"KN294790v1","4102065","4102365","JH378139","18955642","18955939","42","14853577"
"KN294790v1","4123593","4123888","JH378115","25570507","25570808","35","21446914"
"KN294790v1","4404113","4404393","JH378231","4312542","4312824","32","91571"
"KN294790v1","4419665","4419960","JH378139","18955642","18955939","33","14535977"
"KN294790v1","4556035","4556334","JH378108","39985584","39985889","46","35429549"
"KN294790v1","4811679","4811986","JH378115","23201999","23202310","36","18390320"
"KN294790v1","4827391","4827461","JH378301","1738424","1738492","11","3088967"
"KN294790v1","4846891","4847148","JH378124","12092389","12092658","58","7245498"
"KN294790v1","4850557","4850855","JH378145","2733878","2734174","48","2116679"
"KN294790v1","4860481","4860775","JH378115","28712376","28712673","35","23851895"
"KN294790v1","4877604","4877914","JH378106","10129130","10129437","38","5251526"
"KN294790v1","4911394","4911703","JH378147","12443857","12444168","39","7532463"
"KN294790v1","4923756","4924058","JH378204","2935067","2935361","32","1988689"
"KN294790v1","4928283","4928563","JH378132","20342255","20342518","49","15413972"
"KN294790v1","4953350","4953481","JH378228","1879114","1879247","18","3074236"
"KN294790v1","4964123","4964417","JH378117","16012668","16012962","27","11048545"
"KN294790v1","5045110","5045394","JH378151","14399481","14399756","42","9354371"
"KN294790v1","5139697","5139990","JH378122","29867810","29868101","31","24728113"
"KN294790v1","5208959","5209263","JH378126","21026752","21027059","28","15817793"
"KN294790v1","5217784","5218075","JH378105","21630016","21630306","44","16412232"
"KN294790v1","5302028","5302316","JH378106","67696353","67696639","38","62394325"
"KN294790v1","5792691","5792974","JH378116","25262431","25262719","42","19469740"
"KN294790v1","5863396","5863696","JH378151","8381511","8381803","36","2518115"
"KN294790v1","5888185","5888494","JH378208","3614542","3614848","30","2273643"
"KN294790v1","6018241","6018539","JH378285","438848","439144","37","5579393"
"KN294790v1","6050759","6051071","JH378111","32787449","32787755","37","26736690"
"KN294790v1","6351237","6351547","JH378123","491683","491985","38","5859554"
"KN294790v1","6586745","6587053","JH378119","17145949","17146255","42","10559204"
"KN294790v1","6588313","6588617","JH378225","735487","735791","42","5852826"
"KN294790v1","6700320","6700616","JH378117","37329066","37329362","42","30628746"
"KN294790v1","6739325","6739638","JH378108","17949913","17950223","32","11210588"
"KN294790v1","6763801","6764112","JH378149","4732600","4732902","49","2031201"
"KN294790v1","6932801","6933111","JH378113","28428906","28429220","44","21496105"
"KN294790v1","7047608","7047917","JH378243","2457465","2457771","36","4590143"
"KN294790v1","7414841","7415134","JH378213","4745577","4745870","37","2669264"
"KN294790v1","7652593","7652913","JH378137","8760695","8760994","59","1108102"
"KN294800v1","8676","8975","JH378220","6347403","6347704","33","6338727"
"KN294800v1","45262","45557","JH378179","1850781","1851073","36","1805519"
"KN294800v1","77904","78214","JH378150","10126172","10126487","48","10048268"
"KN294800v1","123500","123811","JH378135","3149477","3149786","29","3025977"
"KN294800v1","271623","271920","JH378137","17093543","17093840","33","16821920"
"KN294800v1","480346","480643","JH378220","2784017","2784313","36","2303671"
"KN294800v1","494049","494351","JH378251","3695377","3695681","36","3201328"
"KN294800v1","537319","537616","JH378149","13349774","13350075","40","12812455"
"KN294800v1","605316","605614","JH378245","3487246","3487543","29","2881930"
"KN294803v1","164217","164517","JH378296","1500608","1500907","28","1336391"
"KN294806v1","1609","1908","JH378127","22219085","22219383","36","22217476"
"KN294806v1","17892","18188","JH378139","18955642","18955939","37","18937750"
"KN294806v1","45399","45618","JH378153","14246351","14246569","26","14200952"
"KN294806v1","54100","54405","JH378196","3522910","3523220","38","3468810"
"KN294806v1","93259","93568","JH378116","23978626","23978940","37","23885367"
"KN294806v1","106024","106100","JH378135","1264115","1264194","12","1158091"
"KN294806v1","154347","154651","JH378196","319053","319358","35","164706"
"KN294806v1","160566","160852","JH378105","36900565","36900857","48","36739999"
"KN294806v1","196261","196570","JH378148","12438157","12438468","39","12241896"
"KN294806v1","252640","252925","JH378177","311482","311759","63","58842"
"KN294806v1","252979","253035","JH378362","83521","83578","10","169458"
"KN294806v1","254639","254925","JH378288","2404386","2404667","69","2149747"
"KN294806v1","255047","255182","JH378142","10509468","10509599","20","10254421"
"KN294806v1","297198","297495","JH378139","19415987","19416286","48","19118789"
"KN294806v1","318853","319149","JH378193","1666179","1666475","38","1347326"
"KN294806v1","327821","328122","JH378197","7145768","7146073","30","6817947"
"KN294806v1","346588","346898","JH378114","31670723","31671027","35","31324135"
"KN294806v1","471663","471989","JH378178","7658449","7658774","41","7186786"
"KN294806v1","599519","599597","JH378134","18656517","18656595","12","18056998"
"KN294806v1","600602","600680","JH378134","18656517","18656595","13","18055915"
"KN294806v1","605101","605330","JH378227","2635477","2635703","34","2030376"
"KN294806v1","648446","648603","JH378106","70515860","70516025","31","69867414"
"KN294806v1","691739","691947","JH378220","656648","656857","30","35091"
"KN294806v1","827639","827948","JH378130","20524966","20525270","37","19697327"
"KN294806v1","914224","914522","JH378117","37601974","37602273","31","36687750"
"KN294809v1","18340","18643","JH378119","6124403","6124708","35","6106063"
"KN294809v1","21918","22223","JH378216","4224502","4224803","35","4202584"
"KN294809v1","34721","35030","JH378106","6434398","6434702","45","6399677"
"KN294809v1","41521","41711","JH378232","420548","420740","20","379027"
"KN294809v1","45750","46062","JH378126","21026752","21027059","31","20981002"
"KN294809v1","589691","589997","JH378265","870558","870858","42","280867"
"KN294809v1","666959","667266","JH378126","21026752","21027059","35","20359793"
"KN294809v1","878690","878980","JH378197","1526625","1526915","40","647935"
"KN294809v1","1130591","1130910","JH378131","770886","771191","57","359705"
"KN294809v1","1163574","1163869","JH378127","18566293","18566586","38","17402719"
"KN294809v1","1234587","1234884","JH378141","10800920","10801215","39","9566333"
"KN294809v1","1296484","1296775","JH378131","4457919","4458208","36","3161435"
"KN294809v1","1601530","1601779","JH378151","8290347","8290596","43","6688817"
"KN294809v1","1669486","1669736","JH378223","4629372","4629613","33","2959886"
"KN294816v1","27242","27576","JH378213","4415237","4415570","94","4387995"
"KN294817v1","24060","24357","JH378198","4226780","4227075","31","4202720"
"KN294819v1","13838","14084","JH378152","3776365","3776611","33","3762527"
"KN294819v1","36619","36939","JH378304","957135","957456","56","920516"
"KN294821v1","275369","275524","JH378174","6524930","6525086","23","6249561"
"KN294822v1","49790","49911","JH378149","13090129","13090245","16","13040339"
"KN294822v1","75111","75422","JH378139","1159515","1159824","37","1084404"
"KN294822v1","91802","92113","JH378150","3147294","3147605","34","3055492"
"KN294824v1","24725","25017","JH378157","9676550","9676840","31","9651825"
"KN294824v1","80300","80586","JH378107","57158616","57158901","34","57078316"
"KN294824v1","81858","82170","JH378126","21026752","21027059","40","20944894"
"KN294824v1","151379","151687","JH378115","32821779","32822088","46","32670400"
"KN294824v1","300507","300794","JH378167","1088256","1088536","50","787749"
"KN294825v1","27390","27670","JH378115","16519060","16519341","40","16491670"
"KN294825v1","71924","72236","JH378112","35515844","35516152","40","35443920"
"KN294825v1","138290","138418","JH378399","4210","4340","14","134080"
"KN294825v1","256253","256540","JH378106","3052818","3053105","28","2796565"
"KN294825v1","273732","274037","JH378184","6159513","6159825","41","5885781"
"KN294825v1","466085","466399","JH378156","2854549","2854852","42","2388464"
"KN294825v1","484999","485283","JH378155","1658895","1659180","34","1173896"
"KN294825v1","494148","494452","JH378288","1088673","1088973","36","594525"
"KN294825v1","506288","506597","JH378176","8157064","8157374","39","7650776"
"KN294825v1","514976","515279","JH378137","418029","418333","37","96947"
"KN294825v1","517171","517462","JH378110","32622278","32622571","38","32105107"
"KN294825v1","547624","547932","JH378172","9566909","9567221","35","9019285"
"KN294826v1","18696","18994","JH378129","7555438","7555730","44","7536742"
"KN294827v1","228873","229164","JH378161","3410152","3410442","29","3181279"
"KN294827v1","291109","291401","JH378105","63350416","63350707","37","63059307"
"KN294831v1","37265","37576","JH378126","21026752","21027059","32","20989487"
"KN294831v1","57182","57307","JH378107","28233055","28233184","20","28175873"
"KN294831v1","57554","57727","JH378262","1324842","1325015","23","1267288"
"KN294831v1","64790","65087","JH378166","7314454","7314747","36","7249664"
"KN294831v1","77777","78086","JH378177","5082124","5082434","33","5004347"
"KN294831v1","95346","95634","JH378125","15493012","15493292","45","15397666"
"KN294831v1","113446","113751","JH378139","18632207","18632516","33","18518761"
"KN294831v1","134062","134353","JH378125","12272068","12272360","35","12138006"
"KN294831v1","146130","146429","JH378293","1524576","1524874","37","1378446"
"KN294831v1","151421","151726","JH378255","1560098","1560402","33","1408677"
"KN294831v1","163032","163333","JH378124","15582898","15583197","36","15419866"
"KN294831v1","181773","182093","JH378115","32632970","32633282","41","32451197"
"KN294831v1","210733","211026","JH378144","14267307","14267598","38","14056574"
"KN294831v1","213218","213518","JH378281","1706513","1706812","39","1493295"
"KN294831v1","236157","236465","JH378115","42067699","42068005","38","41831542"
"KN294831v1","243361","243685","JH378114","41668323","41668648","42","41424962"
"KN294831v1","308525","308808","JH378136","8872491","8872776","38","8563966"
"KN294831v1","330381","330673","JH378228","5509057","5509356","40","5178676"
"KN294831v1","365941","366241","JH378191","995458","995757","40","629517"
"KN294831v1","373844","374169","JH378112","33214699","33215012","48","32840855"
"KN294831v1","374621","374925","JH378161","9679608","9679914","43","9304987"
"KN294831v1","419181","419464","JH378124","10835797","10836078","33","10416616"
"KN294831v1","494250","494554","JH378110","12146106","12146409","32","11651856"
"KN294831v1","539428","539735","JH378126","21026752","21027059","32","20487324"
"KN294831v1","565076","565387","JH378113","6613006","6613316","39","6047930"
"KN294831v1","604375","604681","JH378138","17525167","17525470","40","16920792"
"KN294831v1","631483","631784","JH378107","7568037","7568336","43","6936554"
"KN294831v1","657946","658123","JH378105","36654694","36654872","25","35996748"
"KN294831v1","677308","677404","JH378147","5541708","5541805","8","4864400"
"KN294831v1","678267","678556","JH378151","8381511","8381803","38","7703244"
"KN294833v1","12211","12482","JH378115","3517106","3517371","45","3504895"
"KN294833v1","16431","16719","JH378327","121222","121511","46","104791"
"KN294833v1","188378","188667","JH378124","15582898","15583197","47","15394520"
"KN294833v1","319264","319571","JH378150","8026165","8026476","48","7706901"
"KN294833v1","325606","325905","JH378171","11039225","11039532","54","10713619"
"KN294833v1","423061","423365","JH378105","58504853","58505133","65","58081792"
"KN294833v1","490952","491194","JH378260","247749","247991","38","243203"
"KN294834v1","126650","126944","JH378198","4226780","4227075","42","4100130"
"KN294834v1","195133","195414","JH378220","6938134","6938409","42","6743001"
"KN294834v1","224177","224468","JH378133","1469310","1469590","59","1245133"
"KN294834v1","239229","239525","JH378151","7505262","7505553","58","7266033"
"KN294834v1","254601","254890","JH378136","7454056","7454357","44","7199455"
"KN294834v1","299058","299367","JH378185","10007245","10007555","39","9708187"
"KN294834v1","312820","313147","JH378217","4049371","4049698","40","3736551"
"KN294834v1","327642","327952","JH378290","966968","967273","37","639326"
"KN294836v1","7860","8170","JH378106","60843849","60844159","39","60835989"
"KN294837v1","163154","163465","JH378225","6457829","6458137","42","6294675"
"KN294837v1","184805","185093","JH378122","29649167","29649457","48","29464362"
"KN294837v1","268635","268941","JH378197","7145768","7146073","40","6877133"
"KN294837v1","291187","291497","JH378255","1560098","1560402","38","1268911"
"KN294837v1","292774","293073","JH378114","36976328","36976626","36","36683554"
"KN294837v1","316078","316200","JH378128","11709890","11710011","16","11393812"
"KN294837v1","316203","316504","JH378157","1008995","1009298","37","692792"
"KN294837v1","318840","319124","JH378169","5660854","5661141","34","5342014"
"KN294837v1","320886","321187","JH378119","218814","219116","33","102072"
"KN294837v1","323056","323368","JH378130","1202684","1202989","39","879628"
"KN294837v1","323385","323659","JH378234","1700763","1701037","40","1377378"
"KN294837v1","336360","336658","JH378105","7311851","7312145","37","6975491"
"KN294837v1","341787","342004","JH378185","2467111","2467332","23","2125324"
"KN294837v1","348447","348744","JH378139","18955642","18955939","33","18607195"
"KN294837v1","353689","353990","JH378139","18955642","18955939","38","18601953"
"KN294837v1","356546","356559","JH378189","7208291","7208302","5","6851745"
"KN294837v1","356628","356913","JH378201","5342475","5342754","45","4985847"
"KN294837v1","357724","358010","JH378124","5766640","5766939","43","5408916"
"KN294837v1","359061","359378","JH378126","21026752","21027059","57","20667691"
"KN294837v1","384704","384862","JH378146","200893","201055","15","183811"
"KN294837v1","387966","388277","JH378111","11251875","11252186","35","10863909"
"KN294837v1","390057","390357","JH378124","15582898","15583197","38","15192841"
"KN294837v1","402081","402341","JH378152","16208515","16208770","35","15806434"
"KN294837v1","411998","412303","JH378127","8597379","8597683","37","8185381"
"KN294837v1","426069","426347","JH378290","1732783","1733062","30","1306714"
"KN294837v1","436781","437097","JH378119","6124403","6124708","38","5687622"
"KN294842v1","262047","262342","JH378116","32209502","32209801","39","31947455"
"KN294842v1","1572611","1572920","JH378239","2367631","2367941","35","795020"
"KN294842v1","17059","17369","JH378186","2077967","2078274","36","2060908"
"KN294842v1","25906","26200","JH378110","32622278","32622571","37","32596372"
"KN294842v1","114944","115240","JH378145","2733878","2734174","37","2618934"
"KN294842v1","147377","147672","JH378176","9178067","9178359","30","9030690"
"KN294842v1","150238","150543","JH378116","37165551","37165860","39","37015313"
"KN294842v1","154703","155060","JH378320","685765","686100","70","531062"
"KN294842v1","173232","173521","JH378194","2390312","2390602","24","2217080"
"KN294842v1","178829","179131","JH378173","11426539","11426840","37","11247710"
"KN294842v1","196626","196927","JH378288","1088673","1088973","37","892047"
"KN294842v1","208981","209042","JH378264","2832232","2832291","10","2623251"
"KN294842v1","212543","212844","JH378106","59688577","59688884","43","59476034"
"KN294842v1","223239","223539","JH378129","10436242","10436543","42","10213003"
"KN294842v1","227198","227514","JH378279","1785224","1785536","45","1558026"
"KN294842v1","234927","235093","JH378149","10000003","10000169","25","9765076"
"KN294842v1","238739","239018","JH378134","16278207","16278478","37","16039468"
"KN294842v1","242242","242547","JH378115","26640201","26640508","41","26397959"
"KN294842v1","253085","253388","JH378126","21026752","21027059","40","20773667"
"KN294842v1","253951","254257","JH378153","13313825","13314130","38","13059874"
"KN294842v1","266449","266741","JH378121","28134492","28134784","40","27868043"
"KN294842v1","267513","267821","JH378208","3614542","3614848","40","3347029"
"KN294842v1","295430","295738","JH378224","2769148","2769454","34","2473718"
"KN294842v1","313819","314113","JH378213","59070","59361","35","254749"
"KN294842v1","358423","358722","JH378214","6621402","6621700","31","6262979"
"KN294842v1","393911","394195","JH378153","5259027","5259313","37","4865116"
"KN294842v1","440722","441025","JH378114","26477131","26477429","39","26036409"
"KN294842v1","452122","452422","JH378230","1645031","1645324","42","1192909"
"KN294842v1","460924","461219","JH378308","1198077","1198375","36","737153"
"KN294842v1","503842","504113","JH378321","737708","737984","34","233866"
"KN294842v1","508700","508977","JH378290","1732783","1733062","34","1224083"
"KN294842v1","535978","536191","JH378109","47425046","47425253","25","46889068"
"KN294842v1","537055","537347","JH378114","36976328","36976626","28","36439273"
"KN294842v1","540744","541044","JH378107","7568037","7568336","32","7027293"
"KN294842v1","559062","559355","JH378106","44399035","44399331","52","43839973"
"KN294842v1","653149","653442","JH378116","37851353","37851647","27","37198204"
"KN294842v1","664991","665288","JH378265","2263256","2263553","26","1598265"
"KN294842v1","683508","683804","JH378120","28584384","28584682","35","27900876"
"KN294842v1","708851","709125","JH378153","7059947","7060233","45","6351096"
"KN294842v1","739337","739630","JH378139","16259084","16259375","31","15519747"
"KN294842v1","740306","740612","JH378263","1222076","1222382","33","481770"
"KN294842v1","747589","747877","JH378149","14773909","14774195","47","14026320"
"KN294842v1","764780","765087","JH378126","21026752","21027059","35","20261972"
"KN294842v1","822386","822673","JH378159","15717599","15717893","41","14895213"
"KN294842v1","849575","849677","JH378106","10145126","10145228","19","9295551"
"KN294842v1","856695","856927","JH378118","9594419","9594654","38","8737724"
"KN294842v1","863261","863571","JH378144","4944998","4945309","44","4081737"
"KN294842v1","907741","908037","JH378224","2145662","2145956","35","1237921"
"KN294842v1","972775","973087","JH378123","491683","491985","42","481092"
"KN294842v1","996328","996628","JH378108","54706929","54707230","35","53710601"
"KN294842v1","996828","997017","JH378149","782481","782670","28","214347"
"KN294842v1","997165","997360","JH378107","58078237","58078434","24","57081072"
"KN294842v1","1003032","1003319","JH378105","21630016","21630306","32","20626984"
"KN294842v1","1012019","1012325","JH378289","2125754","2126067","48","1113735"
"KN294842v1","1023641","1023954","JH378126","21026752","21027059","37","20003111"
"KN294842v1","1026776","1027087","JH378140","7338564","7338875","33","6311788"
"KN294842v1","1031321","1031587","JH378105","56511616","56511880","47","55480295"
"KN294842v1","1032151","1032457","JH378197","7145768","7146073","39","6113617"
"KN294842v1","1039963","1040239","JH378124","10835797","10836078","32","9795834"
"KN294842v1","1043223","1043516","JH378151","8381511","8381803","34","7338288"
"KN294842v1","1047115","1047404","JH378106","38820213","38820506","46","37773098"
"KN294842v1","1052755","1053050","JH378128","23807483","23807781","44","22754728"
"KN294842v1","1058439","1058746","JH378119","17145949","17146255","34","16087510"
"KN294842v1","1080251","1080542","JH378191","6177328","6177618","33","5097077"
"KN294842v1","1090455","1090764","JH378110","19934311","19934616","35","18843856"
"KN294842v1","1094061","1094355","JH378113","11419757","11420052","30","10325696"
"KN294842v1","1105459","1105775","JH378119","7191913","7192221","37","6086454"
"KN294842v1","1127209","1127507","JH378220","2784017","2784313","33","1656808"
"KN294842v1","1138967","1139268","JH378139","15235758","15236059","35","14096791"
"KN294842v1","1151459","1151756","JH378200","3465141","3465434","35","2313682"
"KN294842v1","1219713","1220016","JH378220","2784017","2784313","42","1564304"
"KN294842v1","1222962","1223269","JH378173","9055905","9056209","34","7832943"
"KN294842v1","1267172","1267458","JH378213","5770199","5770478","46","4503027"
"KN294842v1","1294681","1294991","JH378111","38624002","38624309","38","37329321"
"KN294842v1","1324822","1325124","JH378119","6124403","6124708","33","4799581"
"KN294842v1","1330365","1330670","JH378159","4165701","4166008","39","2835336"
"KN294842v1","1433259","1433558","JH378228","5509057","5509356","35","4075798"
"KN294842v1","1438608","1438896","JH378170","8002947","8003234","49","6564339"
"KN294842v1","1471512","1471803","JH378151","8381511","8381803","38","6909999"
"KN294842v1","1507667","1507973","JH378152","11766091","11766391","41","10258424"
"KN294842v1","1517621","1517763","JH378133","16209604","16209747","17","14691983"
"KN294842v1","1533507","1533796","JH378153","5259027","5259313","31","3725520"
"KN294842v1","1705939","1706242","JH378284","1163902","1164203","31","542037"
"KN294842v1","1722796","1723104","JH378115","33287698","33288004","48","31564902"
"KN294842v1","1725469","1725686","JH378122","2081880","2082100","41","356411"
"KN294842v1","1727677","1727919","JH378191","1391052","1391295","29","336625"
"KN294842v1","1784502","1784811","JH378126","21026752","21027059","31","19242250"
"KN294842v1","1786868","1787161","JH378167","7969364","7969660","33","6182496"
"KN294842v1","1795262","1795571","JH378119","13124882","13125196","42","11329620"
"KN294842v1","1833871","1834176","JH378110","19934311","19934616","34","18100440"
"KN294842v1","1837985","1838300","JH378105","62556270","62556578","39","60718285"
"KN294842v1","1843508","1843776","JH378109","17006289","17006567","39","15162781"
"KN294842v1","1876828","1877113","JH378185","7896753","7897037","36","6019925"
"KN294842v1","1898541","1898845","JH378126","21026752","21027059","26","19128211"
"KN294842v1","1900498","1900596","JH378127","167888","167988","10","1732610"
"KN294842v1","1921936","1922255","JH378115","33345733","33346042","46","31423797"
"KN294842v1","1967363","1967654","JH378151","8381511","8381803","36","6414148"
"KN294844v1","36200","36369","JH378138","2868810","2868981","20","2832610"
"KN294844v1","133096","133406","JH378173","10046061","10046365","37","9912965"
"KN294844v1","401174","401398","JH378114","22909223","22909440","39","22508049"
"KN294844v1","426029","426056","JH378120","17370494","17370527","13","16944465"
"KN294844v1","426057","426277","JH378130","9667095","9667322","29","9241038"
"KN294844v1","435337","435639","JH378284","1163902","1164203","33","728565"
"KN294844v1","495061","495344","JH378177","2554492","2554776","39","2059431"
"KN294844v1","553947","554228","JH378114","38826803","38827080","42","38272856"
"KN294844v1","570561","570862","JH378207","3230665","3230964","35","2660104"
"KN294844v1","579037","579318","JH378115","35423177","35423452","50","34844140"
"KN294844v1","603460","603763","JH378288","1088673","1088973","38","485213"
"KN294844v1","685408","685713","JH378116","34449882","34450188","44","33764474"
"KN294844v1","826842","827148","JH378117","16015355","16015659","38","15188513"
"KN294844v1","831541","831846","JH378135","1042676","1042987","38","211135"
"KN294844v1","914499","914816","JH378125","7648469","7648793","48","6733970"
"KN294844v1","1005717","1005987","JH378193","1440854","1441124","37","435137"
"KN294844v1","1055223","1055515","JH378113","29715239","29715534","48","28660016"
"KN294844v1","1090327","1090512","JH378209","3857652","3857840","23","2767325"
"KN294844v1","1173101","1173278","JH378142","2923864","2924040","20","1750763"
"KN294847v1","209442","209739","JH378106","70190586","70190881","38","69981144"
"KN294847v1","245541","245836","JH378117","24258354","24258650","23","24012813"
"KN294847v1","360959","361262","JH378126","21026752","21027059","34","20665793"
"KN294847v1","514954","515261","JH378106","1255495","1255784","61","740541"
"KN294847v1","540034","540335","JH378119","18174954","18175252","45","17634920"
"KN294847v1","570992","571284","JH378110","3050126","3050410","44","2479134"
"KN294847v1","590276","590568","JH378125","5031499","5031797","42","4441223"
"KN294848v1","22557","22850","JH378105","4325405","4325701","46","4302848"
"KN294848v1","151953","152266","JH378115","34859185","34859494","43","34707232"
"KN294848v1","178355","178673","JH378152","11654622","11654934","44","11476267"
"KN294848v1","192872","193155","JH378124","10835797","10836078","32","10642925"
"KN294848v1","329667","329970","JH378126","21026752","21027059","34","20697085"
"KN294848v1","349653","349944","JH378140","18155036","18155320","36","17805383"
"KN294848v1","450235","450539","JH378197","7145768","7146073","28","6695533"
"KN294848v1","552686","552976","JH378153","7392982","7393269","36","6840296"
"KN294848v1","644627","644903","JH378165","6146476","6146756","40","5501849"
"KN294848v1","647174","647455","JH378238","696451","696731","37","49277"
"KN294848v1","704352","704655","JH378125","15893280","15893581","40","15188928"
"KN294848v1","711381","711684","JH378110","19934311","19934616","36","19222930"
"KN294848v1","755287","755592","JH378130","10895986","10896291","41","10140699"
"KN294848v1","950432","950729","JH378141","7988534","7988833","46","7038102"
"KN294848v1","986665","986956","JH378131","1106043","1106335","39","119378"
"KN294848v1","997441","997734","JH378107","6641537","6641829","37","5644096"
"KN294848v1","1006788","1007087","JH378106","13476388","13476683","44","12469600"
"KN294848v1","1035043","1035193","JH378127","1001110","1001260","25","33933"
"KN294848v1","1049305","1049609","JH378112","32039939","32040242","41","30990634"
"KN294848v1","1051445","1051745","JH378115","25041145","25041450","38","23989700"
"KN294848v1","1085316","1085614","JH378125","15893280","15893581","38","14807964"
"KN294848v1","1131754","1131926","JH378135","381040","381211","23","750714"
"KN294848v1","1131927","1132220","JH378125","1506753","1507044","34","374826"
"KN294848v1","1165626","1165910","JH378156","3790615","3790901","35","2624989"
"KN294848v1","1195211","1195509","JH378175","6776899","6777195","35","5581688"
"KN294848v1","1205671","1205948","JH378105","48815627","48815906","42","47609956"
"KN294848v1","1222373","1222681","JH378117","28687216","28687517","43","27464843"
"KN294848v1","1299104","1299434","JH378260","2282137","2282463","47","983033"
"KN294848v1","1306415","1306708","JH378115","7419002","7419294","39","6112587"
"KN294848v1","1336360","1336657","JH378139","16259084","16259375","46","14922724"
"KN294848v1","1340749","1341045","JH378110","29398854","29399150","39","28058105"
"KN294848v1","1342077","1342207","JH378180","815630","815761","14","526447"
"KN294848v1","1342212","1342512","JH378106","6434398","6434702","41","5092186"
"KN294848v1","1365993","1366312","JH378129","10853809","10854123","51","9487816"
"KN294848v1","1374159","1374416","JH378125","1444252","1444505","42","70093"
"KN294848v1","1495253","1495546","JH378181","2251325","2251621","50","756072"
"KN294849v1","125308","125490","JH378178","1721315","1721499","29","1596007"
"KN294849v1","126157","126409","JH378110","32583519","32583777","37","32457362"
"KN294850v1","78788","79084","JH378169","1940785","1941076","40","1861997"
"KN294850v1","130419","130702","JH378145","3227673","3227954","38","3097254"
"KN294850v1","131095","131391","JH378113","14455819","14456118","33","14324724"
"KN294850v1","137467","137767","JH378111","42466412","42466713","39","42328945"
"KN294850v1","147810","148100","JH378105","45377301","45377591","31","45229491"
"KN294850v1","148724","149018","JH378228","5509057","5509356","28","5360333"
"KN294850v1","151815","152118","JH378107","7568037","7568336","37","7416222"
"KN294850v1","183282","183593","JH378109","28204557","28204865","43","28021275"
"KN294850v1","200177","200482","JH378273","936267","936566","50","736090"
"KN294850v1","203956","204250","JH378135","2797951","2798253","38","2593995"
"KN294850v1","240431","240740","JH378158","8002135","8002443","36","7761704"
"KN294850v1","242856","243161","JH378149","13456174","13456477","35","13213318"
"KN294850v1","243367","243682","JH378211","2356763","2357069","39","2113396"
"KN294850v1","244905","245204","JH378121","28319189","28319488","34","28074284"
"KN294850v1","270830","271143","JH378112","33214699","33215012","30","32943869"
"KN294852v1","38779","39091","JH378206","4086994","4087300","34","4048215"
"KN294856v1","2162","2438","JH378152","10737028","10737308","41","10734866"
"KN294856v1","10228","10525","JH378228","5509057","5509356","29","5498829"
"KN294856v1","14716","14856","JH378190","8306381","8306522","15","8291665"
"KN294856v1","22312","22611","JH378220","2784017","2784313","35","2761705"
"KN294856v1","24909","25023","JH378108","28847968","28848084","20","28823059"
"KN294856v1","31008","31298","JH378118","10798589","10798882","42","10767581"
"KN294856v1","35730","36034","JH378109","40788012","40788312","51","40752282"
"KN294856v1","43033","43335","JH378126","23919556","23919859","34","23876523"
"KN294856v1","44082","44388","JH378124","10518639","10518941","44","10474557"
"KN294856v1","54341","54601","JH378106","70483264","70483525","39","70428923"
"KN294856v1","57236","57518","JH378177","6664715","6664994","29","6607479"
"KN294856v1","61591","61887","JH378205","5080625","5080919","30","5019034"
"KN294856v1","62385","62695","JH378126","21026752","21027059","43","20964367"
"KN294856v1","78271","78601","JH378224","3231505","3231824","47","3153234"
"KN294856v1","85019","85159","JH378143","8635838","8635977","17","8550819"
"KN294856v1","89974","90272","JH378114","7122925","7123229","36","7032951"
"KN294856v1","92431","92711","JH378139","1980713","1981003","43","1888282"
"KN294856v1","99698","100000","JH378110","12146106","12146409","38","12046408"
"KN294856v1","107053","107350","JH378110","19934311","19934616","41","19827258"
"KN294856v1","112126","112434","JH378255","1560098","1560402","44","1447972"
"KN294856v1","132054","132367","JH378229","4120796","4121104","41","3988742"
"KN294856v1","150922","151224","JH378113","14455819","14456118","32","14304897"
"KN294856v1","166162","166466","JH378115","25570507","25570808","38","25404345"
"KN294856v1","186804","187092","JH378224","4712384","4712676","29","4525580"
"KN294856v1","198702","199010","JH378320","58622","58932","42","140080"
"KN294856v1","216705","217014","JH378341","432564","432865","42","215859"
"KN294856v1","220703","220858","JH378164","9341233","9341390","21","9120530"
"KN294856v1","233393","233671","JH378119","341991","342264","40","108598"
"KN294856v1","235812","235967","JH378136","12617141","12617272","52","12381329"
"KN294856v1","241044","241348","JH378225","6457829","6458137","36","6216785"
"KN294856v1","263522","263822","JH378119","11408667","11408972","45","11145145"
"KN294856v1","279828","279959","JH378279","2505853","2505983","12","2226025"
"KN294856v1","282548","282822","JH378216","2540983","2541264","34","2258435"
"KN294856v1","282823","282898","JH378188","8835013","8835087","12","8552190"
"KN294856v1","290708","290934","JH378106","59386237","59386468","37","59095529"
"KN294856v1","301164","301446","JH378183","5085328","5085606","31","4784164"
"KN294856v1","320240","320546","JH378105","4190308","4190610","44","3870068"
"KN294856v1","328678","328964","JH378137","17271511","17271797","30","16942833"
"KN294856v1","343193","343494","JH378115","25041145","25041450","35","24697952"
"KN294856v1","348334","348466","JH378135","9880098","9880232","16","9531764"
"KN294856v1","422158","422441","JH378124","6582196","6582486","46","6160038"
"KN294856v1","424068","424181","JH378108","33944602","33944710","19","33520534"
"KN294857v1","1","132","JH378196","1099341","1099473","22","1099340"
"KN294858v1","2815","2988","JH378107","32014212","32014385","20","32011397"
"KN294858v1","34674","34938","JH378153","12991962","12992225","36","12957288"
"KN294861v1","132100","132391","JH378274","762071","762368","37","629971"
"KN294861v1","136728","137044","JH378135","1687327","1687626","46","1550599"
"KN294861v1","145805","146115","JH378167","5351158","5351469","32","5205353"
"KN294861v1","149987","150294","JH378129","10436242","10436543","35","10286255"
"KN294861v1","167147","167451","JH378293","1524576","1524874","40","1357429"
"KN294861v1","168641","168939","JH378241","5492398","5492696","38","5323757"
"KN294861v1","172282","172579","JH378106","13476388","13476683","42","13304106"
"KN294861v1","195355","195629","JH378114","5750724","5750992","39","5555369"
"KN294861v1","207701","208005","JH378105","450114","450423","45","242413"
"KN294861v1","234354","234490","JH378105","29452344","29452477","18","29217990"
"KN294861v1","280291","280594","JH378158","5632134","5632434","38","5351843"
"KN294861v1","308149","308234","JH378164","3844103","3844188","12","3535954"
"KN294861v1","312857","313032","JH378130","16132146","16132321","20","15819289"
"KN294862v1","69464","69612","JH378167","7722165","7722315","30","7652701"
"KN294862v1","74438","74730","JH378108","23280248","23280545","35","23205810"
"KN294862v1","96810","97121","JH378213","5483774","5484086","32","5386964"
"KN294863v1","54861","55159","JH378151","14844192","14844489","41","14789331"
"KN294863v1","166281","166579","JH378127","13007847","13008144","38","12841566"
"KN294863v1","183072","183370","JH378181","7562161","7562461","39","7379089"
"KN294863v1","207693","207970","JH378258","3633020","3633299","38","3425327"
"KN294863v1","228874","229158","JH378110","17880643","17880926","42","17651769"
"KN294863v1","247479","247768","JH378137","17271511","17271797","34","17024032"
"KN294863v1","268351","268652","JH378153","2573525","2573821","33","2305174"
"KN294863v1","270630","270932","JH378131","8598779","8599076","47","8328149"
"KN294863v1","311718","312011","JH378116","24890259","24890547","34","24578541"
"KN294863v1","380877","381175","JH378163","14194340","14194641","32","13813463"
"KN294863v1","445555","445852","JH378161","8406389","8406679","31","7960834"
"KN294863v1","449298","449535","JH378125","7358700","7358942","42","6909402"
"KN294863v1","490779","491075","JH378147","12499054","12499335","51","12008275"
"KN294863v1","593471","593770","JH378205","5080625","5080919","36","4487154"
"KN294863v1","684035","684203","JH378188","9295732","9295895","26","8611697"
"KN294863v1","760949","761046","JH378328","23061","23156","12","737888"
"KN294864v1","11643","11945","JH378193","3788057","3788354","45","3776414"
"KN294864v1","42494","42734","JH378127","23421527","23421764","37","23379033"
"KN294864v1","144901","145202","JH378204","7425529","7425830","31","7280628"
"KN294864v1","207727","207986","JH378201","7339692","7339950","37","7131965"
"KN294864v1","300542","300843","JH378235","3785527","3785830","39","3484985"
"KN294864v1","361666","361883","JH378106","60551507","60551726","42","60189841"
"KN294864v1","378922","379170","JH378198","2363451","2363683","47","1984529"
"KN294864v1","571012","571312","JH378106","6434398","6434702","35","5863386"
"KN294864v1","749776","750071","JH378115","25041145","25041450","38","24291369"
"KN294864v1","828491","828803","JH378238","713549","713860","53","114942"
"KN294864v1","874224","874537","JH378112","20327070","20327378","43","19452846"
"KN294864v1","1033848","1034079","JH378158","13279710","13279942","36","12245862"
"KN294866v1","31715","31998","JH378105","48815627","48815906","36","48783912"
"KN294867v1","1566","1780","JH378139","19346505","19346716","47","19344939"
"KN294873v1","22868","22957","JH378125","5308706","5308792","18","5285838"
"KN294873v1","22958","23229","JH378167","9534568","9534835","35","9511610"
"KN294873v1","77442","77749","JH378139","18632207","18632516","35","18554765"
"KN294873v1","105834","106136","JH378110","32975507","32975812","40","32869673"
"KN294873v1","169013","169304","JH378327","557434","557726","36","388421"
"KN294873v1","170888","171195","JH378206","4086994","4087300","34","3916106"
"KN294873v1","216710","216893","JH378213","2634159","2634344","20","2417449"
"KN294873v1","224234","224528","JH378241","5492398","5492696","31","5268164"
"KN294873v1","281065","281321","JH378106","66881924","66882170","40","66600859"
"KN294873v1","322004","322296","JH378144","5748370","5748662","40","5426366"
"KN294873v1","457404","457741","JH378129","6954418","6954749","53","6497014"
"KN294873v1","471837","472116","JH378107","27056287","27056566","27","26584450"
"KN294873v1","474989","475247","JH378106","70308292","70308551","39","69833303"
"KN294873v1","640965","641257","JH378112","34930069","34930370","43","34289104"
"KN294873v1","643287","643463","JH378157","12812230","12812417","30","12168943"
"KN294873v1","678541","678804","JH378115","29767080","29767342","28","29088539"
"KN294873v1","772940","773245","JH378126","21913665","21913975","43","21140725"
"KN294873v1","835042","835348","JH378130","1202684","1202989","33","367642"
"KN294873v1","867600","867892","JH378152","11319672","11319966","30","10452072"
"KN294873v1","870778","871088","JH378126","21026752","21027059","33","20155974"
"KN294873v1","883435","883715","JH378234","250587","250869","33","632848"
"KN294873v1","883760","884050","JH378171","6649331","6649621","36","5765571"
"KN294873v1","891570","891701","JH378180","815630","815761","19","75940"
"KN294873v1","904832","905148","JH378197","7145768","7146073","46","6240936"
"KN294873v1","943209","943493","JH378114","29675067","29675349","38","28731858"
"KN294873v1","1020142","1020328","JH378118","21468452","21468636","26","20448310"
"KN294873v1","1021379","1021710","JH378112","35020878","35021202","57","33999499"
"KN294873v1","1055535","1055794","JH378160","13598594","13598854","36","12543059"
"KN294873v1","1057149","1057460","JH378126","21026752","21027059","32","19969603"
"KN294873v1","1062336","1062668","JH378120","17955408","17955731","54","16893072"
"KN294873v1","1114945","1115225","JH378124","10835797","10836078","35","9720852"
"KN294873v1","1448355","1448653","JH378228","5509057","5509356","35","4060702"
"KN294873v1","1454955","1455261","JH378112","33214699","33215012","41","31759744"
"KN294873v1","1456204","1456510","JH378137","10096778","10097079","39","8640574"
"KN294873v1","1461735","1462033","JH378116","28869529","28869826","36","27407794"
"KN294873v1","1567090","1567397","JH378127","8597379","8597683","47","7030289"
"KN294873v1","1594100","1594163","JH378107","39061581","39061641","11","37467481"
"KN294873v1","1654420","1654686","JH378126","507711","507994","51","1146709"
"KN294873v1","1657909","1658216","JH378148","3942244","3942550","46","2284335"
"KN294873v1","1660205","1660512","JH378148","3942244","3942550","46","2282039"
"KN294873v1","1664273","1664536","JH378127","24612564","24612827","33","22948291"
"KN294873v1","1684771","1685063","JH378137","7471925","7472216","32","5787154"
"KN294873v1","1792473","1792782","JH378126","21026752","21027059","34","19234279"
"KN294873v1","1893912","1894022","JH378149","2482547","2482658","15","588635"
"KN294873v1","1894331","1894515","JH378177","9614038","9614222","31","7719707"
"KN294873v1","2241451","2241758","JH378224","2925924","2926233","39","684473"
"KN294873v1","2281658","2281946","JH378156","4156798","4157086","29","1875140"
"KN294874v1","2576","2883","JH378106","60843849","60844159","44","60841273"
"KN294874v1","32455","32753","JH378213","3244672","3244969","33","3212217"
"KN294874v1","39619","39921","JH378114","37036188","37036491","37","36996569"
"KN294874v1","43862","44183","JH378126","21026752","21027059","47","20982890"
"KN294874v1","70476","70788","JH378114","17527220","17527528","36","17456744"
"KN294874v1","120617","120924","JH378126","21026752","21027059","38","20906135"
"KN294874v1","120964","121257","JH378106","6826425","6826714","46","6705461"
"KN294874v1","127015","127305","JH378115","4382023","4382316","34","4255008"
"KN294874v1","152986","153292","JH378172","3560988","3561286","35","3408002"
"KN294874v1","234239","234408","JH378140","5327636","5327802","25","5093397"
"KN294874v1","245021","245330","JH378148","12255931","12256243","32","12010910"
"KN294874v1","255942","256239","JH378115","28712376","28712673","39","28456434"
"KN294874v1","272317","272615","JH378293","1524576","1524874","32","1252259"
"KN294874v1","431575","431850","JH378291","1452293","1452566","33","1020718"
"KN294874v1","447298","447580","JH378124","5932532","5932822","35","5485234"
"KN294874v1","492877","493187","JH378129","118784","119095","35","374093"
"KN294874v1","511669","511978","JH378126","21026752","21027059","40","20515083"
"KN294874v1","584310","584599","JH378115","27062769","27063061","40","26478459"
"KN294874v1","671518","671813","JH378204","2935067","2935361","31","2263549"
"KN294874v1","706163","706339","JH378115","25551526","25551704","30","24845363"
"KN294874v1","768499","768810","JH378120","16327645","16327955","39","15559146"
"KN294874v1","771802","772093","JH378114","36976328","36976626","48","36204526"
"KN294874v1","783310","783613","JH378257","87786","88089","35","695524"
"KN294874v1","822812","823111","JH378127","601776","602071","36","221036"
"KN294874v1","963604","963898","JH378213","4745577","4745870","38","3781973"
"KN294874v1","1071618","1071880","JH378116","9402102","9402363","32","8330484"
"KN294874v1","1144983","1145279","JH378139","16259084","16259375","34","15114101"
"KN294874v1","1323992","1324289","JH378296","1500608","1500907","42","176616"
"KN294874v1","1376276","1376578","JH378151","4318339","4318636","35","2942063"
"KN294874v1","1447366","1447651","JH378137","17271511","17271797","38","15824145"
"KN294874v1","1527601","1527892","JH378119","218814","219116","46","1308787"
"KN294874v1","1582037","1582294","JH378144","942480","942740","44","639557"
"KN294874v1","1619444","1619748","JH378115","28701498","28701799","37","27082054"
"KN294874v1","1736496","1736799","JH378115","25041145","25041450","30","23304649"
"KN294874v1","1941306","1941608","JH378181","4962993","4963298","41","3021687"
"KN294874v1","2001780","2002050","JH378124","12692596","12692866","46","10690816"
"KN294874v1","2043069","2043368","JH378159","15717599","15717893","43","13674530"
"KN294874v1","2043540","2043834","JH378141","11024023","11024316","30","8980483"
"KN294875v1","21524","21824","JH378197","7145768","7146073","38","7124244"
"KN294879v1","3367","3666","JH378288","1088673","1088973","41","1085306"
"KN294879v1","20288","20453","JH378183","4596532","4596699","27","4576244"
"KN294879v1","21413","21717","JH378257","87786","88089","41","66373"
"KN294879v1","36704","36786","JH378137","2264211","2264292","22","2227507"
"KN294879v1","36816","37109","JH378107","556207","556505","38","519391"
"KN294879v1","42449","42782","JH378163","13453487","13453813","60","13411038"
"KN294879v1","42792","42865","JH378118","966943","967018","15","924151"
"KN294879v1","45695","46009","JH378157","10236397","10236695","53","10190702"
"KN294879v1","60403","60704","JH378207","2645493","2645787","40","2585090"
"KN294879v1","61413","61697","JH378118","10353694","10353987","37","10292281"
"KN294879v1","68817","69124","JH378110","30652967","30653272","37","30584150"
"KN294879v1","81181","81478","JH378108","7891342","7891635","30","7810161"
"KN294879v1","82066","82349","JH378121","29566176","29566469","39","29484110"
"KN294879v1","101889","102017","JH378137","16178972","16179100","10","16077083"
"KN294879v1","102047","102229","JH378138","15619053","15619229","26","15517006"
"KN294879v1","106225","106529","JH378116","32209502","32209801","38","32103277"
"KN294879v1","114661","114969","JH378114","37036188","37036491","47","36921527"
"KN294879v1","121373","121683","JH378127","13030965","13031271","37","12909592"
"KN294879v1","185703","185994","JH378170","4783494","4783792","32","4597791"
"KN294879v1","242071","242349","JH378305","1335286","1335564","32","1093215"
"KN294879v1","273755","274050","JH378159","2054904","2055199","30","1781149"
"KN294879v1","287002","287307","JH378153","5391352","5391639","39","5104350"
"KN294879v1","326896","327197","JH378213","3244672","3244969","36","2917776"
"KN294879v1","337362","337577","JH378141","14412514","14412731","25","14075152"
"KN294879v1","389454","389750","JH378114","7122925","7123229","39","6733471"
"KN294879v1","434237","434529","JH378151","8381511","8381803","39","7947274"
"KN294879v1","445058","445275","JH378149","2903461","2903681","22","2458403"
"KN294879v1","446413","446711","JH378114","31920925","31921222","32","31474512"
"KN294879v1","452181","452487","JH378179","5735353","5735664","46","5283172"
"KN294879v1","472370","472675","JH378120","10280397","10280698","37","9808027"
"KN294879v1","480375","480682","JH378257","87786","88089","38","392589"
"KN294879v1","504881","505181","JH378159","5493568","5493869","32","4988687"
"KN294879v1","517397","517704","JH378115","25570507","25570808","32","25053110"
"KN294879v1","526150","526445","JH378292","1083143","1083439","36","556993"
"KN294879v1","531264","531546","JH378238","5087522","5087808","52","4556258"
"KN294879v1","636090","636402","JH378124","15558279","15558590","36","14922189"
"KN294879v1","716051","716342","JH378281","438349","438635","36","277702"
"KN294879v1","764141","764349","JH378235","5655329","5655537","21","4891188"
"KN294879v1","826111","826169","JH378107","53567388","53567453","13","52741277"
"KN294879v1","981263","981506","JH378136","18408334","18408562","49","17427071"
"KN294879v1","1012487","1012795","JH378173","9055905","9056209","41","8043418"
"KN294879v1","1058285","1058597","JH378112","30912176","30912478","41","29853891"
"KN294879v1","1066477","1066762","JH378291","1943956","1944238","35","877479"
"KN294879v1","1092529","1092820","JH378151","8652626","8652916","34","7560097"
"KN294879v1","1093747","1094052","JH378126","21026752","21027059","43","19933005"
"KN294879v1","1122611","1122890","JH378263","1793912","1794190","38","671301"
"KN294879v1","1142354","1142639","JH378137","4001366","4001652","31","2859012"
"KN294879v1","1180826","1181110","JH378115","34775540","34775825","34","33594714"
"KN294879v1","1234997","1235308","JH378211","2356763","2357069","36","1121766"
"KN294883v1","10990","11294","JH378123","491683","491985","33","480693"
"KN294883v1","13481","13787","JH378141","15280941","15281250","40","15267460"
"KN294883v1","45165","45460","JH378152","11394532","11394828","36","11349367"
"KN294883v1","238958","239259","JH378255","1626436","1626728","45","1387478"
"KN294883v1","241072","241373","JH378157","1008995","1009298","38","767923"
"KN294883v1","259072","259341","JH378190","5024527","5024790","42","4765455"
"KN294883v1","300344","300651","JH378111","26701569","26701879","41","26401225"
"KN294883v1","491540","491823","JH378108","45167937","45168216","46","44676397"
"KN294884v1","4475","4638","JH378188","9295732","9295895","17","9291257"
"KN294884v1","43259","43352","JH378250","405201","405293","13","361942"
"KN294890v1","53","341","JH378216","7124506","7124797","42","7124453"
"KN294893v1","20210","20500","JH378113","14455819","14456118","50","14435609"
"KN294893v1","48570","48881","JH378116","22943305","22943613","32","22894735"
"KN294893v1","83284","83594","JH378126","21026752","21027059","43","20943468"
"KN294893v1","150144","150307","JH378109","2982935","2983101","30","2832791"
"KN294893v1","150362","150613","JH378119","28597739","28597991","43","28447377"
"KN294893v1","157636","157935","JH378124","15582898","15583197","41","15425262"
"KN294893v1","163666","163971","JH378271","1221638","1221940","38","1057972"
"KN294893v1","171172","171477","JH378114","7122925","7123229","32","6951753"
"KN294893v1","176201","176477","JH378218","3564065","3564339","35","3387864"
"KN294893v1","185216","185502","JH378115","22392502","22392802","50","22207286"
"KN294893v1","195126","195284","JH378106","56806932","56807095","21","56611806"
"KN294893v1","197700","198007","JH378117","38039743","38040053","38","37842043"
"KN294893v1","203173","203483","JH378114","17527220","17527528","36","17324047"
"KN294893v1","220719","221006","JH378163","13372336","13372629","37","13151617"
"KN294893v1","221367","221660","JH378113","14455819","14456118","31","14234452"
"KN294893v1","222696","223009","JH378151","17063304","17063610","51","16840608"
"KN294893v1","227419","227719","JH378105","33500896","33501193","40","33273477"
"KN294893v1","231091","231415","JH378228","5509057","5509356","55","5277966"
"KN294893v1","246839","246937","JH378118","7473061","7473157","12","7226222"
"KN294893v1","248479","248757","JH378151","8381511","8381803","45","8133032"
"KN294893v1","317926","318220","JH378107","57325483","57325775","35","57007557"
"KN294893v1","318478","318775","JH378113","14455819","14456118","46","14137341"
"KN294893v1","346911","347211","JH378127","19491153","19491454","41","19144242"
"KN294893v1","350801","351088","JH378141","12391086","12391376","44","12040285"
"KN294893v1","373376","373580","JH378208","1496707","1496913","24","1123331"
"KN294893v1","461752","462044","JH378136","7727266","7727563","36","7265514"
"KN294893v1","525774","526075","JH378193","5034246","5034548","36","4508472"
"KN294893v1","526372","526508","JH378186","8862980","8863112","17","8336608"
"KN294897v1","116914","117217","JH378107","7568037","7568336","32","7451123"
"KN294897v1","187438","187739","JH378288","1088673","1088973","32","901235"
"KN294897v1","416114","416370","JH378147","1792942","1793198","46","1376828"
"KN294897v1","445416","445496","JH378110","29735470","29735548","12","29290054"
"KN294897v1","486043","486342","JH378125","19027324","19027621","32","18541281"
"KN294897v1","532777","533075","JH378113","14455819","14456118","33","13923042"
"KN294897v1","585571","585874","JH378257","87786","88089","31","497785"
"KN294897v1","597917","598079","JH378131","20094555","20094716","19","19496638"
"KN294897v1","607288","607579","JH378158","5685258","5685548","42","5077970"
"KN294898v1","22029","22216","JH378162","5556253","5556435","34","5534224"
"KN294899v1","97122","97301","JH378262","1324842","1325015","31","1227720"
"KN294899v1","125490","125767","JH378105","63565351","63565629","48","63439861"
"KN294899v1","134646","134925","JH378115","3517106","3517371","45","3382460"
"KN294899v1","169430","169729","JH378106","59895950","59896248","38","59726520"
"KN294899v1","173031","173326","JH378276","503796","504088","39","330765"
"KN294899v1","331991","332299","JH378126","21026752","21027059","36","20694761"
"KN294899v1","372487","372808","JH378290","2452256","2452543","79","2079769"
"KN294899v1","493792","494108","JH378112","33214699","33215012","45","32720907"
"KN294899v1","565877","566171","JH378108","53063725","53064017","32","52497848"
"KN294899v1","580933","581226","JH378105","2418683","2418975","36","1837750"
"KN294899v1","582947","583246","JH378149","11109971","11110270","36","10527024"
"KN294899v1","657644","657946","JH378116","28617518","28617808","47","27959874"
"KN294899v1","661375","661673","JH378118","27503431","27503730","35","26842056"
"KN294899v1","683634","683918","JH378111","15610165","15610446","41","14926531"
"KN294899v1","686446","686705","JH378193","3248833","3249099","42","2562387"
"KN294899v1","708803","709092","JH378288","1561758","1562053","36","852955"
"KN294899v1","834894","835186","JH378254","3964892","3965182","42","3129998"
"KN294899v1","972968","973279","JH378158","3522926","3523235","34","2549958"
"KN294899v1","1117391","1117702","JH378107","45000235","45000545","33","43882844"
"KN294899v1","1204857","1204944","JH378171","1320182","1320263","15","115325"
"KN294900v1","177074","177406","JH378119","5709773","5710096","73","5532699"
"KN294900v1","212693","213003","JH378290","2278657","2278963","36","2065964"
"KN294900v1","254589","254821","JH378126","24426737","24426965","34","24172148"
"KN294900v1","676619","676899","JH378177","6664715","6664994","36","5988096"
"KN294900v1","683729","684017","JH378114","32390537","32390820","49","31706808"
"KN294900v1","709818","710112","JH378138","2084662","2084957","34","1374844"
"KN294900v1","1134546","1134844","JH378124","15582898","15583197","36","14448352"
"KN294901v1","11359","11617","JH378127","24612564","24612827","50","24601205"
"KN294901v1","27445","27744","JH378128","23715159","23715452","46","23687714"
"KN294901v1","29818","30130","JH378125","16001713","16002013","76","15971895"
"KN294901v1","151308","151589","JH378252","3797717","3797993","60","3646409"
"KN294901v1","208909","209108","JH378195","5745700","5745907","50","5536791"
"KN294904v1","105840","105922","JH378142","40396","40481","17","65444"
"KN294906v1","59491","59816","JH378260","2282137","2282463","50","2222646"
"KN294906v1","61779","62046","JH378113","32510265","32510549","48","32448486"
"KN294906v1","196076","196253","JH378135","381040","381211","24","184964"
"KN294906v1","196539","196677","JH378269","2316674","2316811","18","2120135"
"KN294906v1","197465","197772","JH378127","19491153","19491454","36","19293688"
"KN294906v1","396219","396232","JH378189","7208291","7208302","6","6812072"
"KN294906v1","396263","396541","JH378144","1238326","1238606","36","842063"
"KN294909v1","33719","34024","JH378139","19415987","19416286","58","19382268"
"KN294909v1","53698","53868","JH378114","25087540","25087719","37","25033842"
"KN294911v1","100763","101045","JH378177","8225190","8225466","41","8124427"
"KN294911v1","259658","259940","JH378198","6186082","6186369","38","5926424"
"KN294911v1","292775","293054","JH378238","696451","696731","34","403676"
"KN294911v1","536855","537165","JH378197","7145768","7146073","32","6608913"
"KN294911v1","550808","551107","JH378108","23280248","23280545","30","22729440"
"KN294911v1","623407","623738","JH378106","65393096","65393426","40","64769689"
"KN294911v1","664539","664812","JH378279","1638895","1639177","45","974356"
"KN294911v1","920583","920880","JH378110","39706997","39707294","38","38786414"
"KN294911v1","1160658","1160951","JH378121","29566176","29566469","35","28405518"
"KN294911v1","1165140","1165439","JH378118","24374217","24374525","46","23209077"
"KN294911v1","1303004","1303168","JH378163","14173527","14173689","23","12870523"
"KN294911v1","1371941","1372220","JH378145","3227673","3227954","38","1855732"
"KN294911v1","1440758","1441075","AGCE01151127","791","1105","42","1439967"
"KN294911v1","1732687","1732980","JH378167","8547558","8547847","33","6814871"
"KN294911v1","1760884","1761157","JH378108","34327273","34327542","41","32566389"
"KN294911v1","1868384","1868690","JH378115","26640201","26640508","31","24771817"
"KN294911v1","1911284","1911588","JH378181","2052926","2053235","41","141642"
"KN294911v1","1911594","1911888","JH378116","133775","134066","42","1777819"
"KN294911v1","1978870","1979153","JH378140","8543534","8543822","50","6564664"
"KN294911v1","1979478","1979754","JH378131","20040804","20041076","45","18061326"
"KN294911v1","1998358","1998558","AGCE01151202","1","195","30","1998357"
"KN294911v1","1998867","1998995","JH378297","456403","456529","18","1542464"
"KN294911v1","2002870","2003179","JH378252","3843296","3843598","50","1840426"
"KN294911v1","2019907","2020211","JH378126","21026752","21027059","37","19006845"
"KN294911v1","2031163","2031455","JH378157","9676550","9676840","34","7645387"
"KN294911v1","2031482","2031616","JH378106","49133559","49133693","16","47102077"
"KN294911v1","2031619","2031913","JH378125","19027324","19027621","37","16995705"
"KN294911v1","2040145","2040470","JH378258","1183082","1183399","40","857063"
"KN294911v1","2048969","2049134","JH378165","11431828","11431988","26","9382859"
"KN294911v1","2050299","2050432","JH378112","32306622","32306757","19","30256323"
"KN294911v1","2050745","2050909","JH378105","22312571","22312734","26","20261826"
"KN294911v1","2053457","2053716","JH378172","12088642","12088899","34","10035185"
"KN294911v1","2067489","2067779","JH378159","1426954","1427245","45","640535"
"KN294911v1","2081186","2081483","JH378122","7536361","7536659","28","5455175"
"KN294911v1","2089052","2089349","JH378115","25570507","25570808","37","23481455"
"KN294911v1","2100295","2100598","JH378107","32189786","32190091","34","30089491"
"KN294911v1","2103453","2103748","JH378125","7848514","7848807","34","5745061"
"KN294911v1","2119506","2119819","JH378320","58622","58932","32","2060884"
"KN294911v1","2119958","2120120","JH378164","9341233","9341390","16","7221275"
"KN294911v1","2125142","2125448","JH378123","491683","491985","33","1633459"
"KN294911v1","2127112","2127346","JH378163","8453877","8454120","44","6326765"
"KN294911v1","2127351","2127467","JH378116","22517416","22517528","17","20390065"
"KN294911v1","2130304","2130595","JH378141","13351644","13351935","30","11221340"
"KN294911v1","2132927","2133218","JH378170","4783494","4783792","40","2650567"
"KN294911v1","2144162","2144305","JH378188","9232673","9232814","16","7088511"
"KN294911v1","2144604","2144772","JH378172","5606262","5606427","18","3461658"
"KN294911v1","2156363","2156674","JH378126","21026752","21027059","32","18870389"
"KN294911v1","2172378","2172673","JH378151","3515305","3515602","32","1342927"
"KN294911v1","2202248","2202550","JH378264","759949","760251","36","1442299"
"KN294911v1","2203452","2203741","JH378108","17482946","17483231","38","15279494"
"KN294911v1","2217757","2218050","JH378241","5492398","5492696","42","3274641"
"KN294911v1","2224134","2224459","JH378113","20869375","20869675","76","18645241"
"KN294911v1","2241648","2241725","JH378113","22500001","22500079","9","20258353"
"KN294911v1","2263011","2263267","JH378167","6546492","6546738","30","4283481"
"KN294911v1","2270769","2270852","JH378106","12827241","12827324","9","10556472"
"KN294911v1","2304943","2305235","JH378144","5748370","5748662","35","3443427"
"KN294911v1","2320071","2320373","JH378150","15323469","15323768","34","13003398"
"KN294911v1","2355604","2355886","JH378281","1689088","1689373","35","666516"
"KN294911v1","2379094","2379402","JH378149","1546042","1546349","36","833052"
"KN294911v1","2383578","2383885","JH378112","16791664","16791973","45","14408086"
"KN294911v1","2390622","2390914","JH378141","11024023","11024316","31","8633401"
"KN294911v1","2393169","2393476","JH378115","35414340","35414646","37","33021171"
"KN294911v1","2395910","2396163","JH378105","17537724","17537977","30","15141814"
"KN294911v1","2446155","2446445","JH378149","14773909","14774195","32","12327754"
"KN294911v1","2447809","2448090","JH378245","3343625","3343903","50","895816"
"KN294911v1","2477364","2477670","JH378213","5393305","5393609","41","2915941"
"KN294911v1","2503744","2504037","JH378159","2054904","2055199","30","448840"
"KN294911v1","2510798","2511098","JH378228","5509057","5509356","37","2998259"
"KN294911v1","2520610","2520912","JH378122","10686670","10686967","39","8166060"
"KN294911v1","2545698","2545997","JH378205","5080625","5080919","33","2534927"
"KN294911v1","2550132","2550237","JH378213","5671636","5671741","15","3121504"
"KN294911v1","2551601","2551902","JH378145","12844228","12844521","36","10292627"
"KN294911v1","2556851","2557151","JH378228","5509057","5509356","30","2952206"
"KN294911v1","2567051","2567358","JH378289","2125754","2126067","36","441297"
"KN294911v1","2570452","2570764","JH378132","2636147","2636459","33","65695"
"KN294911v1","2583655","2583949","JH378122","14416899","14417197","31","11833244"
"KN294911v1","2603180","2603498","JH378211","2356763","2357069","42","246417"
"KN294911v1","2609606","2609919","JH378146","149691","150003","40","2459915"
"KN294911v1","2609991","2610074","JH378155","7550743","7550826","12","4940752"
"KN294911v1","2611742","2612022","JH378224","3887674","3887953","37","1275932"
"KN294911v1","2620299","2620605","JH378167","9584473","9584777","36","6964174"
"KN294911v1","2625574","2625873","JH378110","12146106","12146409","41","9520532"
"KN294911v1","2658432","2658732","JH378138","5380451","5380753","36","2722019"
"KN294911v1","2705444","2705733","JH378121","29566176","29566469","41","26860732"
"KN294911v1","2706679","2706979","JH378114","36293989","36294293","45","33587310"
"KN294911v1","2774126","2774418","JH378223","4635052","4635343","40","1860926"
"KN294911v1","2796059","2796359","JH378106","17946878","17947176","31","15150819"
"KN294911v1","2823318","2823629","JH378141","16136077","16136388","30","13312759"
"KN294911v1","2831578","2831888","JH378157","11279720","11280030","30","8448142"
"KN294911v1","2838349","2838652","JH378173","9093845","9094146","34","6255496"
"KN294911v1","2841326","2841620","JH378107","57673207","57673500","38","54831881"
"KN294911v1","2844381","2844405","JH378222","6581835","6581856","8","3737454"
"KN294911v1","2844620","2844905","JH378114","37254872","37255156","35","34410252"
"KN294911v1","2853455","2853747","JH378130","23894721","23895016","33","21041266"
"KN294911v1","2858271","2858562","JH378115","31346505","31346794","34","28488234"
"KN294911v1","2870638","2870935","JH378265","2263256","2263553","35","607382"
"KN294911v1","2886778","2887077","JH378177","3168958","3169267","44","282180"
"KN294911v1","2889413","2889710","JH378129","10258595","10258896","38","7369182"
"KN294911v1","2891179","2891380","JH378208","1496707","1496913","26","1394472"
"KN294911v1","2896867","2897175","JH378126","21026752","21027059","26","18129885"
"KN294911v1","2909258","2909555","JH378242","97287","97580","27","2811971"
"KN294911v1","2928805","2929101","JH378125","5890386","5890685","32","2961581"
"KN294911v1","2941613","2941925","JH378120","16578880","16579191","33","13637267"
"KN294911v1","2960249","2960565","JH378173","9055905","9056209","46","6095656"
"KN294911v1","3166187","3166489","JH378197","5431567","5431860","44","2265380"
"KN294911v1","3259896","3260151","JH378199","8619523","8619788","43","5359627"
"KN294911v1","3266432","3266744","JH378156","6190524","6190835","39","2924092"
"KN294911v1","3287341","3287637","JH378133","22138850","22139145","35","18851509"
"KN294911v1","3376292","3376601","JH378126","458121","458428","49","2918171"
"KN294911v1","3568275","3568358","JH378128","11506241","11506323","4","7937966"
"KN294911v1","3679951","3680250","JH378198","4226780","4227075","37","546829"
"KN294911v1","3736377","3736683","JH378224","2769148","2769454","38","967229"
"KN294911v1","3791267","3791578","JH378139","18632207","18632516","37","14840940"
"KN294911v1","3804264","3804605","JH378114","31648464","31648787","65","27844200"
"KN294911v1","3805227","3805522","JH378163","2667861","2668158","32","1137366"
"KN294911v1","3806150","3806440","JH378108","42296533","42296820","34","38490383"
"KN294911v1","3816108","3816419","JH378139","7810714","7811024","33","3994606"
"KN294911v1","3846970","3847269","JH378169","7335650","7335946","30","3488680"
"KN294911v1","3852582","3852893","JH378355","264810","265118","35","3587772"
"KN294911v1","3860577","3860874","JH378114","36239045","36239343","35","32378468"
"KN294911v1","3864874","3865164","JH378153","7392982","7393269","30","3528108"
"KN294911v1","3876516","3876813","JH378114","36705067","36705364","35","32828551"
"KN294911v1","3890788","3891090","JH378105","4190308","4190610","35","299520"
"KN294911v1","3901508","3901682","JH378148","16351734","16351906","26","12450226"
"KN294911v1","3902932","3903232","JH378117","18904752","18905059","40","15001820"
"KN294911v1","3907079","3907381","JH378198","2398777","2399079","30","1508302"
"KN294911v1","3907570","3907852","JH378105","5083926","5084210","37","1176356"
"KN294911v1","3911836","3912068","AGCE01150955","1","234","28","3911835"
"KN294911v1","3921703","3922011","JH378108","52178163","52178470","38","48256460"
"KN294911v1","3938853","3939144","JH378110","30527565","30527853","41","26588712"
"KN294911v1","3943221","3943515","JH378205","5080625","5080919","29","1137404"
"KN294911v1","3946213","3946516","JH378121","19963212","19963509","35","16016999"
"KN294911v1","3954500","3954803","JH378126","21026752","21027059","31","17072252"
"KN294911v1","3966398","3966705","JH378165","5178810","5179119","38","1212412"
"KN294911v1","3971811","3972111","JH378115","28712376","28712673","33","24740565"
"KN294911v1","4037779","4037913","JH378167","9832511","9832645","17","5794732"
"KN294911v1","4038221","4038369","JH378106","53045342","53045489","23","49007121"
"KN294911v1","4050964","4051245","JH378244","3058045","3058328","36","992919"
"KN294911v1","4081746","4082046","JH378149","4766604","4766904","37","684858"
"KN294911v1","4094032","4094345","JH378138","19387490","19387788","52","15293458"
"KN294911v1","4097393","4097691","JH378220","2784017","2784313","35","1313376"
"KN294911v1","4149598","4149911","JH378197","3962630","3962940","30","186968"
"KN294911v1","4201552","4201834","JH378115","16519060","16519341","39","12317508"
"KN294911v1","4201898","4202196","JH378213","3334871","3335172","32","867027"
"KN294911v1","4255562","4255863","JH378124","15582898","15583197","35","11327336"
"KN294911v1","4265696","4265973","JH378262","448066","448345","40","3817630"
"KN294911v1","4273862","4274167","JH378114","17527220","17527528","40","13253358"
"KN294911v1","4308120","4308413","JH378167","8141531","8141823","33","3833411"
"KN294911v1","4311876","4312185","JH378119","6124403","6124708","35","1812527"
"KN294911v1","4375905","4376200","JH378113","2222893","2223187","36","2153012"
"KN294911v1","4377830","4378151","JH378110","19934311","19934616","49","15556481"
"KN294911v1","4405311","4405613","JH378126","23919556","23919859","35","19514245"
"KN294911v1","4424715","4425025","JH378195","4485809","4486118","34","61094"
"KN294911v1","4478800","4479125","JH378115","30630625","30630933","56","26151825"
"KN294911v1","4513297","4513579","JH378107","29184904","29185186","37","24671607"
"KN294917v1","246128","246430","JH378167","9584473","9584777","34","9338345"
"KN294917v1","258760","259054","JH378204","2935067","2935361","35","2676307"
"KN294917v1","262609","262913","JH378105","8018029","8018320","46","7755420"
"KN294917v1","320370","320664","JH378105","4325405","4325701","37","4005035"
"KN294917v1","326731","327025","JH378117","33080137","33080436","36","32753406"
"KN294917v1","329486","329797","JH378106","60843849","60844159","42","60514363"
"KN294917v1","344692","344994","JH378156","2854549","2854852","33","2509857"
"KN294917v1","348594","348669","JH378216","3951899","3951975","10","3603305"
"KN294917v1","371651","371947","JH378260","108900","109196","35","262751"
"KN294917v1","381963","382264","JH378157","9173410","9173709","32","8791447"
"KN294917v1","488105","488395","JH378232","5569103","5569386","36","5080998"
"KN294917v1","488974","489271","JH378141","10800920","10801215","31","10311946"
"KN294917v1","606773","607078","JH378120","16327645","16327955","34","15720872"
"KN294917v1","682469","682770","JH378149","136569","136865","53","545900"
"KN294917v1","782269","782527","JH378172","12088642","12088899","36","11306373"
"KN294917v1","889929","890056","JH378177","3990140","3990269","15","3100211"
"KN294917v1","932469","932799","JH378109","41751868","41752197","35","40819399"
"KN294917v1","993211","993511","JH378197","7145768","7146073","33","6152557"
"KN294917v1","1048600","1048909","JH378127","19048485","19048788","37","17999885"
"KN294917v1","1062706","1062788","JH378128","11506241","11506323","9","10443535"
"KN294917v1","1264837","1265140","JH378228","5798410","5798708","42","4533573"
"KN294920v1","25296","25617","JH378115","35414340","35414646","65","35389044"
"KN294920v1","95381","95689","JH378118","19140096","19140402","44","19044715"
"KN294920v1","200479","200763","JH378294","1717590","1717871","40","1517111"
"KN294920v1","266129","266440","JH378206","6984481","6984785","35","6718352"
"KN294920v1","276280","276576","JH378113","14455819","14456118","45","14179539"
"KN294920v1","297205","297488","JH378105","48852847","48853133","48","48555642"
"KN294920v1","345265","345575","JH378137","14049327","14049630","42","13704062"
"KN294921v1","76370","76679","JH378153","3611566","3611877","36","3535196"
"KN294921v1","119700","120001","JH378117","24258354","24258650","42","24138654"
"KN294921v1","123841","124008","JH378108","4578976","4579143","17","4455135"
"KN294921v1","161253","161398","JH378139","13760105","13760246","19","13598852"
"KN294921v1","197579","197882","JH378115","26640201","26640508","35","26442622"
"KN294921v1","231325","231629","JH378197","1499696","1500000","39","1268371"
"KN294921v1","247978","248134","JH378181","10557033","10557189","26","10309055"
"KN294921v1","259454","259752","JH378107","7568037","7568336","34","7308583"
"KN294921v1","358469","358594","JH378106","30000806","30000923","28","29642337"
"KN294921v1","370642","370944","JH378228","5509057","5509356","42","5138415"
"KN294921v1","442687","442971","JH378264","1155853","1156140","36","713166"
"KN294921v1","460950","461239","JH378149","3210967","3211262","43","2750017"
"KN294921v1","504001","504309","JH378106","60843849","60844159","37","60339848"
"KN294921v1","546970","547267","JH378116","11212241","11212540","37","10665271"
"KN294921v1","651497","651784","JH378137","4144145","4144429","36","3492648"
"KN294922v1","83425","83603","JH378114","34940815","34940994","19","34857390"
"KN294922v1","285159","285444","JH378157","2098752","2099044","40","1813593"
"KN294922v1","289931","290239","JH378115","16925265","16925575","36","16635334"
"KN294922v1","326076","326374","JH378205","2903056","2903344","46","2576980"
"KN294922v1","604329","604599","JH378152","6318902","6319173","41","5714573"
"KN294922v1","646472","646768","JH378143","3682835","3683127","50","3036363"
"KN294922v1","664204","664496","JH378199","1071038","1071332","29","406834"
"KN294922v1","743045","743349","JH378115","25041145","25041450","38","24298100"
"KN294925v1","447","735","JH378113","2775307","2775599","39","2774860"
"KN294926v1","159250","159458","JH378125","15470787","15470993","34","15311537"
"KN294926v1","159499","159518","JH378149","1403733","1403749","8","1244234"
"KN294926v1","265139","265408","JH378193","3248833","3249099","43","2983694"
"KN294929v1","45","365","JH378225","938523","938846","66","938478"
"KN294932v1","4253","4587","JH378144","13793193","13793505","56","13788940"
"KN294932v1","68047","68353","JH378113","4488141","4488446","48","4420094"
"KN294932v1","83639","83982","JH378111","27577927","27578262","71","27494288"
"KN294932v1","91349","91575","JH378201","7319002","7319229","28","7227653"
"KN294932v1","100104","100405","JH378115","25041145","25041450","39","24941041"
"KN294932v1","100859","101122","JH378168","2031881","2032145","40","1931022"
"KN294932v1","112197","112504","JH378126","23919556","23919859","34","23807359"
"KN294932v1","139397","139666","JH378248","3312090","3312360","39","3172693"
"KN294933v1","13571","13774","JH378105","13410342","13410545","35","13396771"
"KN294933v1","20312","20610","JH378137","13538627","13538918","39","13518315"
"KN294933v1","30462","30762","JH378165","11695274","11695571","37","11664812"
"KN294933v1","104655","104951","JH378137","17271511","17271797","41","17166856"
"KN294933v1","155215","155527","JH378206","1109787","1110092","41","954572"
"KN294933v1","232146","232452","JH378106","41663866","41664176","42","41431720"
"KN294933v1","692764","693041","JH378113","39037457","39037739","44","38344693"
"KN294934v1","12725","13019","JH378111","15913243","15913539","36","15900518"
"KN294934v1","203027","203313","JH378115","30427024","30427311","55","30223997"
"KN294934v1","305456","305769","JH378113","6692573","6692881","50","6387117"
"KN294938v1","44852","45134","JH378124","10835797","10836078","29","10790945"
"KN294939v1","7602","7903","JH378125","15893280","15893581","35","15885678"
"KN294939v1","271040","271216","JH378255","3737914","3738078","33","3466874"
"KN294939v1","271243","271350","JH378156","11226444","11226545","16","10955201"
"KN294939v1","398145","398451","JH378236","775792","776096","36","377647"
"KN294939v1","664659","664970","JH378229","4194169","4194477","36","3529510"
"KN294940v1","131008","131266","JH378213","7010463","7010720","39","6879455"
"KN294940v1","120741","121027","JH378113","2775307","2775599","33","2654566"
"KN294940v1","164812","165125","JH378155","15098133","15098431","40","14933321"
"KN294940v1","261605","261913","JH378113","2640449","2640755","40","2378844"
"KN294940v1","306894","307199","JH378141","10014232","10014538","32","9707338"
"KN294940v1","401770","402076","JH378271","987885","988190","44","586115"
"KN294940v1","413882","414184","JH378245","2306209","2306508","39","1892327"
"KN294940v1","505633","505924","JH378151","4318339","4318636","40","3812706"
"KN294941v1","14732","15032","JH378106","302141","302440","44","287409"
"KN294941v1","82448","82749","JH378117","8553305","8553608","45","8470857"
"KN294945v1","149008","149304","JH378228","5509057","5509356","30","5360049"
"KN294945v1","507504","507799","JH378186","9105917","9106213","26","8598413"
"KN294945v1","510992","511274","JH378106","59736126","59736394","39","59225134"
"KN294945v1","606470","606767","JH378228","5509057","5509356","35","4902587"
"KN294945v1","654171","654470","JH378119","23106486","23106789","39","22452315"
"KN294945v1","669401","669692","JH378106","56803847","56804133","43","56134446"
"KN294945v1","734072","734372","JH378122","7899624","7899919","37","7165552"
"KN294946v1","199096","199384","JH378105","21630016","21630306","38","21430920"
"KN294946v1","251765","252066","JH378108","54706929","54707230","39","54455164"
"KN294946v1","265715","266030","JH378127","13030965","13031271","38","12765250"
"KN294946v1","288677","288994","JH378112","32327395","32327708","47","32038718"
"KN294946v1","407212","407502","JH378111","11160555","11160844","30","10753343"
"KN294949v1","46442","46765","JH378112","33214699","33215012","39","33168257"
"KN294949v1","59781","60082","JH378152","12269160","12269459","38","12209379"
"KN294949v1","126041","126320","JH378127","10187134","10187424","38","10061093"
"KN294949v1","180359","180662","JH378125","15893280","15893581","33","15712921"
"KN294949v1","180665","180815","JH378143","6057565","6057700","26","5876900"
"KN294949v1","207353","207640","JH378139","16259084","16259375","35","16051731"
"KN294949v1","228970","229267","JH378163","2667861","2668158","43","2438891"
"KN294949v1","229525","229711","JH378142","2923864","2924040","30","2694339"
"KN294949v1","257917","258220","JH378176","9716970","9717264","49","9459053"
"KN294949v1","292630","292923","JH378112","35855394","35855682","37","35562764"
"KN294949v1","428729","428889","JH378113","14505877","14506036","22","14077148"
"KN294949v1","452219","452518","JH378224","5664910","5665211","34","5212691"
"KN294949v1","462639","462931","JH378216","7124506","7124797","29","6661867"
"KN294949v1","559075","559387","JH378167","5351158","5351469","40","4792083"
"KN294949v1","572792","573069","JH378154","11660298","11660594","52","11087506"
"KN294949v1","587646","587907","JH378141","18958441","18958699","37","18370795"
"KN294949v1","638760","639066","JH378137","17093543","17093840","41","16454783"
"KN294949v1","639931","640237","JH378126","21026752","21027059","41","20386821"
"KN294949v1","650274","650563","JH378119","26535341","26535630","41","25885067"
"KN294949v1","1162065","1162324","JH378107","49865332","49865591","45","48703267"
"KN294949v1","1204392","1204695","JH378197","7145768","7146073","37","5941376"
"KN294949v1","1235682","1235975","JH378121","29566176","29566469","35","28330494"
"KN294949v1","1241989","1242301","JH378141","16136077","16136388","33","14894088"
"KN294949v1","1324995","1325286","JH378125","5805311","5805602","37","4480316"
"KN294949v1","1352547","1352833","JH378107","32357365","32357651","39","31004818"
"KN294949v1","1354117","1354427","JH378110","32975507","32975812","45","31621390"
"KN294949v1","1401464","1401773","JH378147","12443857","12444168","44","11042393"
"KN294949v1","1646665","1646944","JH378178","5132283","5132554","37","3485618"
"KN294951v1","4738","5049","JH378334","216671","216977","41","211933"
"KN294952v1","12795","12946","JH378121","3379886","3380040","18","3367091"
"KN294952v1","22230","22502","JH378154","12141232","12141504","40","12119002"
"KN294953v1","5223","5520","JH378116","24890259","24890547","47","24885036"
"KN294953v1","11627","11939","JH378149","11057149","11057455","42","11045522"
"KN294954v1","251750","252073","JH378119","772164","772489","44","520414"
"KN294954v1","253843","254155","JH378167","5351158","5351469","38","5097315"
"KN294954v1","314971","315172","JH378208","1496707","1496913","26","1181736"
"KN294956v1","23533","23842","JH378135","10600268","10600578","34","10576735"
"KN294956v1","33244","33541","JH378111","30300003","30300300","35","30266759"
"KN294956v1","120572","120879","JH378126","21026752","21027059","33","20906180"
"KN294957v1","3152","3315","JH378181","5895050","5895213","27","5891898"
"KN294957v1","4339","4634","JH378220","2784017","2784313","31","2779678"
"KN294957v1","54161","54443","JH378106","3052818","3053105","32","2998657"
"KN294957v1","76023","76332","JH378112","33214699","33215012","42","33138676"
"KN294957v1","78474","78780","JH378135","15882301","15882606","39","15803827"
"KN294957v1","138121","138426","JH378118","24374217","24374525","36","24236096"
"KN294958v1","47088","47383","JH378216","7124506","7124797","28","7077418"
"KN294959v1","240246","240552","JH378204","7563149","7563428","74","7322903"
"KN294959v1","320485","320786","JH378149","2475309","2475607","39","2154824"
"KN294959v1","347646","347818","JH378267","3271426","3271599","15","2923780"
"KN294959v1","414573","414588","JH378149","1403733","1403749","6","989160"
"KN294959v1","414655","414937","AGCE01150551","5","288","43","414650"
"KN294959v1","493650","493940","JH378117","20355700","20355994","41","19862050"
"KN294959v1","502276","502626","JH378144","6107387","6107706","73","5605111"
"KN294959v1","635872","636181","JH378208","3614542","3614848","44","2978670"
"KN294959v1","1029452","1029628","JH378260","1530290","1530466","31","500838"
"KN294959v1","1168763","1169069","JH378116","28869529","28869826","37","27700766"
"KN294959v1","1185338","1185630","JH378142","12979191","12979481","43","11793853"
"KN294960v1","20970","21106","JH378136","17920307","17920454","36","17899337"
"KN294961v1","10572","10861","JH378141","18104473","18104759","35","18093901"
"KN294961v1","44793","45045","JH378115","16763942","16764191","31","16719149"
"KN294961v1","68824","69126","JH378149","13456174","13456477","35","13387350"
"KN294961v1","78556","78868","JH378186","4927004","4927313","38","4848448"
"KN294964v1","114467","114766","JH378288","1088673","1088973","29","974206"
"KN294964v1","189351","189650","JH378288","1088673","1088973","38","899322"
"KN294964v1","212833","212987","JH378110","29514495","29514642","21","29301662"
"KN294964v1","282188","282481","JH378129","14497019","14497314","35","14214831"
"KN294964v1","358849","359135","JH378148","4449977","4450262","39","4091128"
"KN294964v1","359329","359636","JH378119","6124403","6124708","44","5765074"
"KN294964v1","421200","421486","JH378197","4130013","4130298","37","3708813"
"KN294964v1","423853","424133","JH378224","3887674","3887953","31","3463821"
"KN294964v1","427758","428065","JH378149","13456174","13456477","46","13028416"
"KN294964v1","464018","464302","JH378187","2558947","2559224","40","2094929"
"KN294964v1","466625","466922","JH378228","5509057","5509356","33","5042432"
"KN294964v1","470047","470337","JH378106","44399035","44399331","31","43928988"
"KN294964v1","482027","482319","JH378144","5748370","5748662","29","5266343"
"KN294964v1","525142","525447","JH378216","4224502","4224803","33","3699360"
"KN294964v1","535931","536255","JH378149","13477630","13477946","50","12941699"
"KN294964v1","544356","544653","JH378117","24258354","24258650","35","23713998"
"KN294964v1","545837","545925","JH378125","5308706","5308792","11","4762869"
"KN294964v1","560599","560884","JH378110","27422005","27422291","38","26861406"
"KN294964v1","584358","584653","JH378121","29566176","29566469","40","28981818"
"KN294964v1","595434","595745","JH378115","25041145","25041450","35","24445711"
"KN294964v1","609586","609902","JH378167","5351158","5351469","42","4741572"
"KN294964v1","615421","615646","JH378166","8561385","8561613","47","7945964"
"KN294964v1","622426","622722","JH378107","7568037","7568336","33","6945611"
"KN294964v1","627341","627655","JH378112","33214699","33215012","42","32587358"
"KN294964v1","646348","646684","JH378184","4837288","4837617","60","4190940"
"KN294964v1","674113","674416","JH378137","15069205","15069511","43","14395092"
"KN294964v1","675570","675863","JH378118","25646666","25646959","43","24971096"
"KN294964v1","686937","687233","JH378125","1109765","1110056","47","422828"
"KN294964v1","703329","703625","JH378291","1199183","1199477","35","495854"
"KN294964v1","705340","705647","JH378127","20885536","20885841","38","20180196"
"KN294964v1","716436","716725","JH378203","7694304","7694583","58","6977868"
"KN294964v1","721034","721323","JH378206","2013969","2014261","39","1292935"
"KN294964v1","738555","738846","JH378106","3052818","3053105","37","2314263"
"KN294964v1","752445","752765","JH378129","1237412","1237719","44","484967"
"KN294964v1","760989","761291","JH378115","25570507","25570808","29","24809518"
"KN294964v1","768404","768710","JH378116","11212241","11212540","44","10443837"
"KN294964v1","810622","810912","JH378293","2368880","2369169","31","1558258"
"KN294964v1","819525","819851","JH378321","157885","158202","46","661640"
"KN294964v1","860776","860949","JH378108","45330665","45330828","29","44469889"
"KN294964v1","861254","861390","JH378153","2127454","2127589","12","1266200"
"KN294964v1","873529","873859","JH378211","7163805","7164133","54","6290276"
"KN294964v1","879765","880070","JH378135","17495792","17496088","42","16616027"
"KN294964v1","904247","904531","JH378142","1037845","1038132","38","133598"
"KN294964v1","904661","904957","JH378105","57197135","57197434","40","56292474"
"KN294964v1","927002","927304","JH378154","12169312","12169619","42","11242310"
"KN294964v1","928428","928706","JH378177","6664715","6664994","40","5736287"
"KN294964v1","935495","935713","JH378128","12067549","12067764","35","11132054"
"KN294964v1","935836","936104","JH378246","562506","562779","39","373330"
"KN294964v1","947262","947558","JH378106","70190586","70190881","34","69243324"
"KN294964v1","951746","952038","JH378120","24940280","24940565","32","23988534"
"KN294964v1","969301","969612","JH378106","9882834","9883140","39","8913533"
"KN294964v1","995289","995616","JH378114","41668323","41668648","49","40673034"
"KN294964v1","1003547","1003858","JH378106","59388710","59389020","37","58385163"
"KN294964v1","1010867","1011154","JH378133","22146271","22146561","34","21135404"
"KN294964v1","1017958","1018265","JH378197","7145768","7146073","38","6127810"
"KN294964v1","1026663","1026972","JH378206","4086994","4087300","42","3060331"
"KN294964v1","1044213","1044376","JH378109","2982935","2983101","25","1938722"
"KN294964v1","1065724","1066019","JH378232","5316719","5317018","32","4250995"
"KN294964v1","1092746","1093057","JH378126","21026752","21027059","31","19934006"
"KN294964v1","1102011","1102311","JH378144","18340173","18340472","42","17238162"
"KN294964v1","1199809","1200084","JH378113","4535568","4535838","33","3335759"
"KN294964v1","1200317","1200624","JH378147","12443857","12444168","33","11243540"
"KN294964v1","1205018","1205325","JH378159","13961011","13961320","33","12755993"
"KN294964v1","1205876","1206187","JH378121","16006848","16007153","46","14800972"
"KN294964v1","1402125","1402432","JH378129","7486708","7487017","34","6084583"
"KN294964v1","1452983","1453271","JH378105","3417808","3418095","35","1964825"
"KN294964v1","1509547","1509828","JH378144","981865","982144","39","527682"
"KN294964v1","1511901","1512211","JH378112","33214699","33215012","35","31702798"
"KN294964v1","1530691","1530854","JH378198","1065320","1065483","21","465371"
"KN294964v1","1531905","1532097","JH378136","114287","114472","25","1417618"
"KN294964v1","1543909","1544039","JH378180","815630","815761","13","728279"
"KN294964v1","1571402","1571584","JH378140","1043542","1043716","20","527860"
"KN294964v1","1603289","1603571","JH378106","6552028","6552306","39","4948739"
"KN294964v1","1604526","1604836","JH378106","70986080","70986388","30","69381554"
"KN294964v1","1617221","1617517","JH378141","10578227","10578526","33","8961006"
"KN294964v1","1619723","1620026","JH378126","21026752","21027059","33","19407029"
"KN294964v1","1632211","1632489","JH378252","3797717","3797993","38","2165506"
"KN294964v1","1658077","1658366","JH378158","7686228","7686516","32","6028151"
"KN294964v1","1680039","1680345","JH378119","7191913","7192221","35","5511874"
"KN294964v1","1844623","1844802","JH378167","6331902","6332089","28","4487279"
"KN294964v1","1852715","1853041","JH378144","4944998","4945309","68","3092283"
"KN294964v1","1853188","1853477","JH378119","27348354","27348646","41","25495166"
"KN294964v1","1930431","1930736","JH378108","30731255","30731558","39","28800824"
"KN294964v1","1931780","1932055","JH378227","4494002","4494278","26","2562222"
"KN294964v1","1945170","1945420","JH378115","32947677","32947930","35","31002507"
"KN294964v1","2056233","2056533","JH378115","28712376","28712673","36","26656143"
"KN294964v1","2110429","2110721","JH378228","5509057","5509356","33","3398628"
"KN294966v1","20116","20409","JH378207","2645493","2645787","33","2625377"
"KN294966v1","84966","85264","JH378236","733320","733615","31","648354"
"KN294966v1","101853","102155","JH378111","16327122","16327424","37","16225269"
"KN294970v1","113741","113834","JH378123","22634893","22634984","16","22521152"
"KN294970v1","113861","114144","JH378270","1286489","1286772","47","1172628"
"KN294970v1","185317","185499","JH378145","17643142","17643324","31","17457825"
"KN294970v1","185534","185649","JH378206","5897773","5897892","18","5712239"
"KN294970v1","207674","207957","JH378142","1564149","1564427","45","1356475"
"KN294970v1","252831","253118","JH378113","19166688","19166979","43","18913857"
"KN294970v1","267099","267379","JH378106","1255495","1255784","37","988396"
"KN294970v1","461204","461516","JH378191","5184511","5184822","38","4723307"
"KN294970v1","820837","821127","JH378118","34566438","34566727","48","33745601"
"KN294970v1","1006496","1006803","JH378265","2263256","2263553","51","1256760"
"KN294973v1","138707","139001","JH378115","28712376","28712673","33","28573669"
"KN294976v1","60326","60638","JH378115","33345733","33346042","38","33285407"
"KN294976v1","99959","100244","JH378105","3594302","3594586","38","3494343"
"KN294976v1","144399","144646","JH378176","5671270","5671515","42","5526871"
"KN294976v1","191012","191288","JH378190","5024527","5024790","71","4833515"
"KN294976v1","242838","243135","JH378220","2784017","2784313","35","2541179"
"KN294976v1","299820","299981","JH378105","22312571","22312734","24","22012751"
"KN294976v1","445215","445516","JH378127","19491153","19491454","37","19045938"
"KN294976v1","672811","673120","JH378109","32214107","32214412","35","31541296"
"KN294976v1","898589","898892","JH378139","19415987","19416286","44","18517398"
"KN294976v1","900187","900482","JH378107","6641537","6641829","34","5741350"
"KN294976v1","985090","985386","JH378131","8598779","8599076","34","7613689"
"KN294976v1","1072996","1073287","JH378106","69239155","69239449","41","68166159"
"KN294976v1","1088511","1088802","JH378151","8381511","8381803","35","7293000"
"KN294976v1","1099274","1099563","JH378106","3052818","3053105","33","1953544"
"KN294976v1","1104070","1104419","JH378281","2793521","2793841","79","1689451"
"KN294976v1","1145357","1145629","JH378203","6186181","6186453","47","5040824"
"KN294976v1","1179202","1179473","JH378321","737708","737984","49","441494"
"KN294976v1","1192130","1192423","JH378181","6657533","6657829","34","5465403"
"KN294977v1","66072","66400","JH378245","427242","427560","54","361170"
"KN294977v1","88413","88711","JH378170","4783494","4783792","34","4695081"
"KN294977v1","93844","94151","JH378158","8002135","8002443","37","7908291"
"KN294977v1","106766","107069","JH378126","23919556","23919859","28","23812790"
"KN294977v1","107270","107578","JH378193","9064556","9064861","39","8957286"
"KN294977v1","131679","131991","JH378113","6613006","6613316","40","6481327"
"KN294977v1","155866","156169","JH378257","87786","88089","27","68080"
"KN294977v1","159058","159357","JH378228","5509057","5509356","34","5349999"
"KN294977v1","172696","172997","JH378159","5493568","5493869","36","5320872"
"KN294977v1","178882","179194","JH378134","18532482","18532793","44","18353600"
"KN294977v1","213407","213699","JH378106","44399035","44399331","42","44185628"
"KN294978v1","133926","134232","JH378126","21026752","21027059","44","20892826"
"KN294978v1","266305","266612","JH378141","16136077","16136388","45","15869772"
"KN294978v1","530521","530827","JH378124","15582898","15583197","41","15052377"
"KN294978v1","682856","683148","JH378172","9607805","9608100","46","8924949"
"KN294978v1","834262","834570","JH378115","33380973","33381275","51","32546711"
"KN294978v1","877171","877246","JH378112","13315382","13315456","9","12438211"
"KN294978v1","915818","916087","JH378106","8335303","8335568","40","7419485"
"KN294978v1","966443","966754","JH378117","25564574","25564883","38","24598131"
"KN294978v1","1005603","1005894","JH378131","4457919","4458208","40","3452316"
"KN294978v1","1076074","1076368","JH378111","33976148","33976441","42","32900074"
"KN294978v1","1130545","1130838","JH378140","5366694","5366983","36","4236149"
"KN294978v1","1166707","1167016","JH378129","12012820","12013130","31","10846113"
"KN294978v1","1263577","1263861","JH378150","851970","852257","36","411607"
"KN294978v1","1296272","1296576","JH378114","37036188","37036491","45","35739916"
"KN294978v1","1389819","1390119","JH378288","1088673","1088973","32","301146"
"KN294978v1","1550254","1550560","JH378285","2254390","2254689","39","704136"
"KN294978v1","1581404","1581677","JH378220","1078497","1078764","47","502907"
"KN294978v1","1660251","1660545","JH378127","11675887","11676180","46","10015636"
"KN294978v1","1709097","1709405","JH378225","6457829","6458137","41","4748732"
"KN294978v1","1713332","1713663","JH378271","459308","459608","59","1254024"
"KN294978v1","1752781","1753010","JH378125","8995821","8996072","54","7243040"
"KN294978v1","1760199","1760329","JH378175","4705032","4705159","22","2944833"
"KN294978v1","1926364","1926462","JH378105","54320628","54320724","15","52394264"
"KN294978v1","1930895","1931143","JH378158","3330970","3331215","42","1400075"
"KN294978v1","1977425","1977597","JH378114","19618797","19618957","33","17641372"
"KN294978v1","2113952","2114258","JH378224","2769148","2769454","37","655196"
"KN294978v1","2214283","2214546","JH378140","17286757","17287019","31","15072474"
"KN294978v1","2222412","2222722","JH378224","2769148","2769454","37","546736"
"KN294978v1","2653529","2653776","JH378137","20709475","20709723","35","18055946"
"KN294978v1","2696158","2696450","JH378137","17271511","17271797","40","14575353"
"KN294978v1","2736470","2736750","JH378156","3420755","3421038","43","684285"
"KN294978v1","2834859","2835133","JH378115","22774278","22774554","47","19939419"
"KN294978v1","2904804","2905115","JH378115","16925265","16925575","36","14020461"
"KN294978v1","3016913","3017223","JH378157","11696082","11696392","36","8679169"
"KN294978v1","3142456","3142774","JH378146","149691","150003","53","2992765"
"KN294978v1","3212558","3212844","JH378106","3052818","3053105","34","159740"
"KN294978v1","3217047","3217355","JH378239","3940828","3941139","36","723781"
"KN294978v1","3344488","3344792","JH378105","6199598","6199901","33","2855110"
"KN294978v1","3488882","3489154","JH378255","2945901","2946173","44","542981"
"KN294978v1","3494396","3494672","JH378105","36618017","36618297","38","33123621"
"KN294978v1","3524716","3525028","JH378113","17735383","17735690","46","14210667"
"KN294978v1","3623238","3623548","JH378112","14714268","14714575","33","11091030"
"KN294978v1","3631713","3632021","JH378229","5039327","5039634","34","1407614"
"KN294978v1","3665670","3665976","JH378106","60843849","60844159","37","57178179"
"KN294978v1","3714342","3714644","JH378106","3052818","3053105","55","661524"
"KN294978v1","3718572","3718858","JH378194","8971634","8971922","34","5253062"
"KN294978v1","3747532","3747849","JH378228","5419153","5419462","53","1671621"
"KN294978v1","3751682","3751984","JH378199","4482107","4482408","39","730425"
"KN294978v1","3752039","3752338","JH378173","11426539","11426840","33","7674500"
"KN294978v1","3764253","3764531","JH378121","29566176","29566469","44","25801923"
"KN294978v1","3805482","3805789","JH378111","42466412","42466713","33","38660930"
"KN294978v1","3807273","3807539","JH378109","25443481","25443755","45","21636208"
"KN294978v1","3816367","3816699","JH378109","41751868","41752197","42","37935501"
"KN294978v1","3835732","3836043","JH378140","7338564","7338875","43","3502832"
"KN294978v1","3866252","3866563","JH378293","327440","327746","32","3538812"
"KN294978v1","3932980","3933234","JH378219","2547337","2547592","34","1385643"
"KN294978v1","4002639","4002927","JH378139","19252318","19252611","45","15249679"
"KN294978v1","4014484","4014779","JH378308","1420623","1420924","27","2593861"
"KN294978v1","4491397","4491692","JH378241","4864383","4864676","39","372986"
"KN294978v1","4589429","4589733","JH378139","19415987","19416286","48","14826558"
"KN294980v1","230057","230220","JH378197","5543466","5543631","26","5313409"
"KN294980v1","415143","415452","JH378111","32787449","32787755","37","32372306"
"KN294980v1","417334","417644","JH378115","34859185","34859494","40","34441851"
"KN294980v1","461065","461381","JH378167","5351158","5351469","38","4890093"
"KN294980v1","556633","556932","JH378127","11653984","11654276","40","11097351"
"KN294980v1","610959","611216","JH378111","3992165","3992419","38","3381206"
"KN294980v1","884087","884395","JH378136","7677923","7678227","44","6793836"
"KN294982v1","1344","1657","JH378194","8800813","8801127","45","8799469"
"KN294982v1","133622","133924","JH378118","9006884","9007186","46","8873262"
"KN294983v1","63284","63598","JH378236","2416769","2417083","36","2353485"
"KN294983v1","127490","127797","JH378223","258417","258711","42","130927"
"KN294984v1","124650","124934","JH378196","3426002","3426286","30","3301352"
"KN294987v1","16904","17226","JH378279","2687810","2688114","53","2670906"
"KN294987v1","23519","23831","JH378114","37036188","37036491","36","37012669"
"KN294987v1","31079","31375","JH378228","5509057","5509356","30","5477978"
"KN294987v1","57213","57516","JH378137","10096778","10097079","33","10039565"
"KN294987v1","61128","61434","JH378156","9166475","9166782","34","9105347"
"KN294987v1","114463","114759","JH378199","7593197","7593494","34","7478734"
"KN294987v1","156763","157060","JH378291","1333564","1333860","36","1176801"
"KN294987v1","242352","242523","JH378113","32219902","32220070","21","31977550"
"KN294987v1","243564","243691","JH378147","11397405","11397532","12","11153841"
"KN294987v1","297130","297421","JH378106","45694871","45695163","33","45397741"
"KN294987v1","303207","303495","JH378137","17271511","17271797","45","16968304"
"KN294987v1","304253","304552","JH378137","17093543","17093840","29","16789290"
"KN294987v1","333196","333495","JH378288","1088673","1088973","34","755477"
"KN294987v1","342161","342452","JH378153","7392982","7393269","33","7050821"
"KN294987v1","354880","355173","JH378122","2331104","2331398","45","1976224"
"KN294987v1","403043","403327","JH378124","4920301","4920597","36","4517258"
"KN294987v1","417021","417290","JH378118","7153452","7153722","46","6736431"
"KN294987v1","454531","454834","JH378138","5380451","5380753","30","4925920"
"KN294987v1","456456","456766","JH378135","1042676","1042987","38","586220"
"KN294987v1","456770","456899","JH378213","1381","1512","15","455389"
"KN294987v1","470144","470464","JH378107","2992541","2992856","39","2522397"
"KN294987v1","473260","473442","JH378190","4141886","4142069","20","3668626"
"KN294987v1","500903","501172","JH378136","15836041","15836314","41","15335138"
"KN294987v1","523101","523185","JH378114","43332942","43333024","10","42809841"
"KN294987v1","564144","564461","JH378126","21026752","21027059","43","20462608"
"KN294987v1","580973","581272","JH378115","33028219","33028519","37","32447246"
"KN294987v1","585456","585742","JH378111","19524517","19524801","36","18939061"
"KN294987v1","633784","634088","JH378126","23919556","23919859","34","23285772"
"KN294987v1","651754","652059","JH378115","35414340","35414646","38","34762586"
"KN294987v1","662028","662322","JH378153","16100407","16100707","45","15438379"
"KN294987v1","689895","690183","JH378193","1240379","1240665","36","550484"
"KN294987v1","699341","699652","JH378115","25041145","25041450","36","24341804"
"KN294987v1","735156","735451","JH378227","68096","68393","37","667060"
"KN294987v1","752489","752772","JH378252","3797717","3797993","35","3045228"
"KN294987v1","810001","810315","JH378115","34859185","34859494","33","34049184"
"KN294987v1","821645","821939","JH378138","2084662","2084957","35","1263017"
"KN294987v1","831683","832000","JH378140","6602564","6602868","49","5770881"
"KN294987v1","864645","864948","JH378106","32110056","32110356","36","31245411"
"KN294987v1","908160","908472","JH378112","33947920","33948232","38","33039760"
"KN294987v1","909022","909322","JH378159","5493568","5493869","41","4584546"
"KN294987v1","918966","919269","JH378126","23919556","23919859","35","23000590"
"KN294987v1","921191","921384","JH378196","4302857","4303032","44","3381666"
"KN294987v1","921385","921676","JH378163","13372336","13372629","34","12450951"
"KN294987v1","921677","921820","JH378298","1693894","1694032","22","772217"
"KN294987v1","929980","930278","JH378293","2045148","2045440","36","1115168"
"KN294987v1","945630","945875","JH378191","4143805","4144055","40","3198175"
"KN294987v1","959574","959781","JH378112","26703973","26704182","34","25744399"
"KN294987v1","963813","964121","JH378106","6434398","6434702","37","5470585"
"KN294987v1","965159","965456","JH378288","1088673","1088973","45","123514"
"KN294987v1","974707","975004","JH378288","1561758","1562053","35","587051"
"KN294987v1","987742","988033","JH378120","16609884","16610176","42","15622142"
"KN294987v1","1016657","1016910","JH378106","27361070","27361332","40","26344413"
"KN294987v1","1051766","1052064","JH378170","4783494","4783792","27","3731728"
"KN294987v1","1054427","1054732","JH378140","6602564","6602868","32","5548137"
"KN294987v1","1072785","1073079","JH378115","28712376","28712673","42","27639591"
"KN294987v1","1090500","1090799","JH378137","9386971","9387265","34","8296471"
"KN294987v1","1096106","1096399","JH378153","7059947","7060233","42","5963841"
"KN294987v1","1105859","1106150","JH378110","39706997","39707294","32","38601138"
"KN294987v1","1112608","1112912","JH378124","15582898","15583197","40","14470290"
"KN294987v1","1126379","1126632","JH378141","9638588","9638850","57","8512209"
"KN294987v1","1179066","1179233","JH378169","5056320","5056486","16","3877254"
"KN294987v1","1189108","1189419","JH378161","2384410","2384721","38","1195302"
"KN294987v1","1268350","1268658","JH378320","58622","58932","35","1209728"
"KN294987v1","1285069","1285370","JH378116","24890259","24890547","49","23605190"
"KN294987v1","1406525","1406819","JH378293","1293780","1294073","34","112745"
"KN294987v1","1474919","1475219","JH378291","1333564","1333860","34","141355"
"KN294987v1","1582719","1583013","JH378124","17923330","17923624","43","16340611"
"KN294987v1","1583211","1583507","JH378113","2222893","2223187","34","639682"
"KN294987v1","1584321","1584628","JH378199","7492600","7492904","44","5908279"
"KN294987v1","1608876","1609172","JH378199","7492600","7492904","38","5883724"
"KN294987v1","1611426","1611734","JH378135","1042676","1042987","35","568750"
"KN294987v1","1614760","1615071","JH378127","13030965","13031271","35","11416205"
"KN294988v1","14081","14368","JH378129","12822851","12823138","36","12808770"
"KN294989v1","14599","14899","JH378127","22238831","22239131","37","22224232"
"KN294989v1","55558","55866","JH378149","12799950","12800254","42","12744392"
"KN294991v1","149060","149337","JH378141","18104473","18104759","45","17955413"
"KN294991v1","165971","166122","JH378127","1001110","1001260","26","835139"
"KN294991v1","179348","179662","JH378213","47095","47402","39","132253"
"KN294991v1","186950","187238","JH378106","6826425","6826714","37","6639475"
"KN294991v1","199796","200099","JH378120","10280397","10280698","37","10080601"
"KN294991v1","224886","225178","JH378127","11675887","11676180","30","11451001"
"KN294991v1","375040","375124","JH378114","43332942","43333024","13","42957902"
"KN294991v1","443375","443673","JH378151","14844192","14844489","33","14400817"
"KN294991v1","469438","469594","JH378112","12934775","12934933","20","12465337"
"KN294991v1","493011","493312","JH378201","6909498","6909788","48","6416487"
"KN294991v1","500832","500983","JH378115","35004133","35004278","16","34503301"
"KN294991v1","522553","522801","JH378137","20709475","20709723","36","20186922"
"KN294991v1","530899","531199","JH378228","5509057","5509356","33","4978158"
"KN294991v1","561558","561856","JH378205","5080625","5080919","35","4519067"
"KN294991v1","584820","585130","JH378170","7770931","7771241","45","7186111"
"KN294991v1","587865","588165","JH378115","28712376","28712673","30","28124511"
"KN294991v1","597866","598176","JH378165","5077694","5078005","37","4479828"
"KN294991v1","599149","599272","JH378106","6653256","6653383","20","6054107"
"KN294991v1","608834","609137","JH378118","27503431","27503730","37","26894597"
"KN294991v1","617285","617569","JH378137","17271511","17271797","37","16654226"
"KN294991v1","660562","660861","JH378121","17204752","17205050","34","16544190"
"KN294991v1","674103","674403","JH378198","2234108","2234408","41","1560005"
"KN294991v1","701838","702131","JH378123","22110838","22111131","41","21409000"
"KN294991v1","708641","708928","JH378120","17788639","17788928","38","17079998"
"KN294991v1","736997","737302","JH378159","5493568","5493869","41","4756571"
"KN294991v1","809788","810034","JH378145","6379508","6379761","46","5569720"
"KN294991v1","830101","830412","JH378126","21026752","21027059","32","20196651"
"KN294991v1","831231","831510","JH378167","7829388","7829668","37","6998157"
"KN294991v1","865604","865906","JH378123","491683","491985","34","373921"
"KN294991v1","882992","883302","JH378127","15733864","15734171","40","14850872"
"KN294991v1","894881","895167","JH378105","30024561","30024853","39","29129680"
"KN294991v1","909911","910192","JH378115","16519060","16519341","41","15609149"
"KN294991v1","916167","916365","JH378144","280116","280314","27","636051"
"KN294991v1","916366","916444","JH378145","4872658","4872731","12","3956292"
"KN294991v1","916448","916657","JH378122","8072140","8072338","39","7155692"
"KN294991v1","921629","921760","JH378180","815630","815761","14","105999"
"KN294991v1","921764","922066","JH378216","7124506","7124797","46","6202742"
"KN294991v1","925681","925985","JH378124","15582898","15583197","38","14657217"
"KN294991v1","951547","951852","JH378151","8652626","8652916","46","7701079"
"KN294991v1","961971","962231","JH378163","13349715","13349986","47","12387744"
"KN294991v1","996696","996991","JH378139","16259084","16259375","36","15262388"
"KN294991v1","997108","997392","JH378143","18324379","18324664","24","17327271"
"KN294991v1","1006055","1006364","JH378135","1042676","1042987","25","36621"
"KN294991v1","1015795","1015928","JH378302","1528269","1528414","34","512474"
"KN294991v1","1015975","1016074","JH378196","499612","499711","12","516363"
"KN294991v1","1021720","1022025","JH378225","4269590","4269892","35","3247870"
"KN294991v1","1023439","1023730","JH378199","8307223","8307513","44","7283784"
"KN294991v1","1028505","1028821","JH378257","2242514","2242827","42","1214009"
"KN294991v1","1037850","1038152","JH378255","1560098","1560402","40","522248"
"KN294991v1","1043087","1043377","JH378185","181718","182008","36","861369"
"KN294991v1","1057966","1058259","JH378235","4514528","4514824","33","3456562"
"KN294991v1","1072605","1072831","JH378272","783047","783281","51","289558"
"KN294991v1","1083734","1084017","JH378224","3887674","3887953","37","2803940"
"KN294991v1","1091522","1091823","JH378264","1442475","1442775","34","350953"
"KN294991v1","1116830","1117134","JH378126","21026752","21027059","38","19909922"
"KN294991v1","1139830","1140168","JH378128","184361","184693","54","955469"
"KN294991v1","1149322","1149441","JH378255","2745287","2745403","11","1595965"
"KN294991v1","1161821","1162115","JH378228","5509057","5509356","41","4347236"
"KN294991v1","1169544","1169841","JH378170","4783494","4783792","34","3613950"
"KN294991v1","1170341","1170643","JH378141","10578227","10578526","37","9407886"
"KN294991v1","1170663","1170946","JH378115","36370112","36370396","33","35199449"
"KN294991v1","1177648","1177953","JH378127","15733864","15734171","32","14556216"
"KN294991v1","1192127","1192406","JH378116","24861546","24861833","41","23669419"
"KN294991v1","1193223","1193530","JH378181","2331193","2331494","42","1137970"
"KN294991v1","1194593","1194876","JH378119","21236610","21236894","38","20042017"
"KN294991v1","1203409","1203699","JH378142","12979191","12979481","37","11775782"
"KN294991v1","1206758","1207066","JH378126","23919556","23919859","35","22712798"
"KN294991v1","1214877","1215138","JH378105","56702302","56702559","56","55487425"
"KN294991v1","1220844","1221147","JH378113","14455819","14456118","34","13234975"
"KN294991v1","1226617","1226893","JH378246","562506","562779","30","664111"
"KN294991v1","1238120","1238431","JH378178","6970008","6970319","39","5731888"
"KN294991v1","1242033","1242330","JH378127","9058620","9058921","42","7816587"
"KN294991v1","1266124","1266429","JH378121","15607688","15607993","38","14341564"
"KN294991v1","1287403","1287683","JH378144","1238326","1238606","33","49077"
"KN294991v1","1318362","1318649","JH378137","7745755","7746044","42","6427393"
"KN294991v1","1319240","1319333","JH378105","54320628","54320724","12","53001388"
"KN294991v1","1324124","1324410","JH378153","7392982","7393269","33","6068858"
"KN294991v1","1331219","1331499","JH378124","10835797","10836078","39","9504578"
"KN294991v1","1336689","1336953","JH378114","5750724","5750992","38","4414035"
"KN294991v1","1358011","1358303","JH378127","11653984","11654276","32","10295973"
"KN294991v1","1359812","1360087","JH378105","36059082","36059351","40","34699270"
"KN294991v1","1370195","1370482","JH378105","48852847","48853133","34","47482652"
"KN294991v1","1382376","1382635","JH378105","36884891","36885163","46","35502515"
"KN294991v1","1387082","1387373","JH378106","17756548","17756839","34","16369466"
"KN294991v1","1389384","1389669","JH378111","11160555","11160844","36","9771171"
"KN294991v1","1393246","1393534","JH378153","5259027","5259313","38","3865781"
"KN294991v1","1398648","1398918","JH378167","9534568","9534835","38","8135920"
"KN294991v1","1406486","1406785","JH378113","19250649","19250950","38","17844163"
"KN294991v1","1407881","1408178","JH378170","4783494","4783792","23","3375613"
"KN294991v1","1456023","1456329","JH378320","58622","58932","37","1397401"
"KN294991v1","1460098","1460402","JH378220","2200574","2200870","34","740476"
"KN294991v1","1466994","1467287","JH378159","2054904","2055199","30","587910"
"KN294991v1","1473610","1473744","JH378123","11618393","11618525","15","10144783"
"KN294991v1","1474050","1474225","JH378147","13560980","13561153","28","12086930"
"KN294991v1","1477806","1478110","JH378159","4165701","4166008","33","2687895"
"KN294991v1","1485507","1485801","JH378216","6814492","6814786","37","5328985"
"KN294991v1","1488120","1488426","JH378197","7145768","7146073","46","5657648"
"KN294991v1","1489329","1489641","JH378161","11908958","11909274","39","10419629"
"KN294991v1","1522667","1522967","JH378170","4783494","4783792","28","3260827"
"KN294991v1","1531772","1532076","JH378119","6124403","6124708","37","4592631"
"KN294991v1","1562092","1562274","JH378260","1530290","1530466","23","31802"
"KN294991v1","1678120","1678412","JH378125","16958847","16959142","35","15280727"
"KN294991v1","1687660","1687964","JH378106","6434398","6434702","45","4746738"
"KN294991v1","1717312","1717391","JH378137","14941288","14941366","11","13223976"
"KN294991v1","1731072","1731373","JH378170","5183299","5183600","35","3452227"
"KN294991v1","1740699","1740991","JH378147","15708247","15708532","39","13967548"
"KN294991v1","1746088","1746245","JH378106","6597982","6598126","39","4851894"
"KN294991v1","1746849","1747021","JH378105","2489102","2489272","24","742253"
"KN294991v1","1782881","1783180","JH378115","30864164","30864459","38","29081283"
"KN294991v1","1796714","1796992","JH378157","7250539","7250813","44","5453825"
"KN294991v1","1813381","1813684","JH378105","13534199","13534504","37","11720818"
"KN294991v1","1826266","1826520","JH378205","6901536","6901785","34","5075270"
"KN294991v1","1828940","1829247","JH378139","1159515","1159824","33","669425"
"KN294991v1","1859375","1859532","JH378191","646109","646265","20","1213266"
"KN294991v1","1868028","1868134","JH378255","4057918","4058024","9","2189890"
"KN294991v1","1879287","1879551","JH378136","14387289","14387552","34","12508002"
"KN294991v1","1896658","1896953","JH378153","7392982","7393269","36","5496324"
"KN294991v1","1966117","1966393","JH378122","10339583","10339874","45","8373466"
"KN294991v1","1973167","1973473","JH378161","9239403","9239710","41","7266236"
"KN294991v1","1974177","1974471","JH378116","28869529","28869826","28","26895352"
"KN294991v1","1981453","1981768","JH378132","2636147","2636459","42","654694"
"KN294991v1","1984290","1984597","JH378120","16327645","16327955","35","14343355"
"KN294991v1","2022498","2022800","JH378137","5317345","5317650","37","3294847"
"KN294991v1","2090654","2090882","JH378106","63127227","63127458","30","61036573"
"KN294991v1","2141261","2141545","JH378107","7139362","7139648","42","4998101"
"KN294991v1","2222159","2222463","JH378166","1276502","1276806","35","945657"
"KN294991v1","2262808","2263104","JH378176","9716970","9717264","28","7454162"
"KN294991v1","2322281","2322569","JH378153","7392982","7393269","36","5070701"
"KN294992v1","3524","3823","JH378170","4783494","4783792","34","4779970"
"KN294992v1","8665","8973","JH378124","15582898","15583197","39","15574233"
"KN294992v1","24965","25263","JH378105","54150095","54150392","35","54125130"
"KN294992v1","56663","56963","JH378170","4783494","4783792","45","4726831"
"KN294992v1","170922","171201","JH378115","35423177","35423452","50","35252255"
"KN294992v1","201711","201918","JH378156","532020","532228","20","330309"
"KN294992v1","252948","253249","JH378111","42466412","42466713","39","42213464"
"KN294992v1","322504","322796","JH378281","2947044","2947332","33","2624540"
"KN294994v1","49606","49904","JH378111","42787057","42787349","35","42737451"
"KN294994v1","86725","86888","JH378131","5168204","5168369","23","5081479"
"KN294995v1","6724","6944","JH378198","4542372","4542592","25","4535648"
"KN294995v1","10447","10760","JH378144","13133595","13133903","31","13123148"
"KN294995v1","15085","15278","JH378152","9217465","9217659","22","9202380"
"KN294995v1","22193","22484","JH378148","16227423","16227714","29","16205230"
"KN294995v1","43061","43369","JH378112","35288143","35288449","40","35245082"
"KN294995v1","44582","44888","JH378116","32209502","32209801","46","32164920"
"KN294995v1","52068","52369","JH378125","15893280","15893581","49","15841212"
"KN294995v1","53091","53376","JH378120","21671957","21672253","45","21618866"
"KN294995v1","61677","61982","JH378226","6269505","6269810","33","6207828"
"KN294995v1","64424","64726","JH378110","19934311","19934616","45","19869887"
"KN294995v1","71351","71665","JH378126","21026752","21027059","36","20955401"
"KN294995v1","73189","73488","JH378169","7335650","7335946","43","7262461"
"KN294996v1","4672","4961","JH378148","16227423","16227714","30","16222751"
"KN294996v1","10697","10995","JH378113","6692573","6692881","54","6681876"
"KN294996v1","19347","19643","JH378213","59070","59361","40","39723"
"KN294996v1","23947","24258","JH378214","2749240","2749548","43","2725293"
"KN294996v1","134620","134929","JH378117","8553305","8553608","48","8418685"
"KN294996v1","298176","298479","JH378119","11538542","11538840","50","11240366"
"KN294996v1","382205","382501","JH378113","17279344","17279644","40","16897139"
"KN294996v1","385741","386026","JH378105","36059082","36059351","48","35673341"
"KN294996v1","477930","478238","JH378114","31670723","31671027","38","31192793"
"KN294996v1","614232","614544","JH378257","306686","306988","42","307546"
"KN294996v1","679928","680221","JH378180","365735","366022","36","314193"
"KN294996v1","681645","681916","JH378143","9477189","9477453","38","8795544"
"KN294996v1","731249","731524","JH378216","4422859","4423133","37","3691610"
"KN294996v1","747006","747261","JH378133","4271464","4271721","33","3524458"
"KN294998v1","74616","74927","JH378176","8264948","8265256","40","8190332"
"KN294998v1","76805","77092","JH378122","4872697","4872989","42","4795892"
"KN295000v1","1722","2034","JH378264","2773729","2774039","37","2772007"
"KN295005v1","46103","46399","JH378170","4783494","4783792","33","4737391"
"KN295005v1","84114","84396","JH378224","3247234","3247514","39","3163120"
"KN295005v1","189010","189307","JH378207","3169344","3169645","38","2980334"
"KN295005v1","288868","289165","JH378114","19778391","19778686","36","19489523"
"KN295005v1","421235","421537","JH378107","7568037","7568336","29","7146802"
"KN295005v1","450316","450591","JH378210","4120556","4120831","47","3670240"
"KN295005v1","473581","473887","JH378197","7145768","7146073","34","6672187"
"KN295005v1","672506","672795","JH378163","5610972","5611262","31","4938466"
"KN295006v1","10718","11018","JH378107","1656497","1656793","39","1645779"
"KN295006v1","49976","50281","JH378206","6984481","6984785","43","6934505"
"KN295006v1","194632","194925","JH378157","15654299","15654588","35","15459667"
"KN295006v1","519862","520160","JH378116","28869529","28869826","33","28349667"
"KN295006v1","597780","598083","JH378117","33080137","33080436","34","32482357"
"KN295018v1","152","455","JH378116","32209502","32209801","41","32209350"
"KN295020v1","322","621","JH378288","1088673","1088973","34","1088351"
"KN295022v1","108937","109216","JH378246","562506","562779","30","453569"
"KN295022v1","137273","137584","JH378206","4086994","4087300","31","3949721"
"KN295022v1","167746","168062","JH378113","28428906","28429220","36","28261160"
"KN295022v1","279188","279469","JH378169","3247221","3247500","35","2968033"
"KN295022v1","295608","295914","JH378192","5332446","5332746","37","5036838"
"KN295022v1","322704","323015","JH378108","30731255","30731558","38","30408551"
"KN295022v1","395675","395951","AGCE01150522","1","281","54","395674"
"KN295022v1","542684","542986","JH378137","11282926","11283229","38","10740242"
"KN295022v1","571026","571328","JH378179","1841978","1842282","32","1270952"
"KN295022v1","621726","622003","JH378136","14059411","14059690","41","13437685"
"KN295022v1","709606","709818","JH378113","23138922","23139137","28","22429316"
"KN295022v1","722230","722526","JH378252","1272655","1272952","32","550425"
"KN295022v1","740574","740846","JH378152","10737028","10737308","42","9996454"
"KN295022v1","747548","747858","JH378246","19839","20145","35","727709"
"KN295022v1","758930","759183","JH378106","6996510","6996755","58","6237580"
"KN295022v1","760543","760856","JH378152","11890185","11890492","36","11129642"
"KN295022v1","763608","763907","JH378293","1524576","1524874","44","760968"
"KN295022v1","767845","768164","JH378157","10801641","10801949","42","10033796"
"KN295022v1","772722","772894","JH378116","25908665","25908832","39","25135943"
"KN295022v1","775548","775857","JH378126","21026752","21027059","36","20251204"
"KN295022v1","778061","778228","JH378181","10557033","10557189","36","9778972"
"KN295022v1","781308","781449","JH378157","299340","299479","22","481968"
"KN295022v1","784128","784407","JH378131","2255700","2255979","45","1471572"
"KN295022v1","784951","785252","JH378151","8652626","8652916","41","7867675"
"KN295022v1","787849","788146","JH378111","15913243","15913539","46","15125394"
"KN295022v1","793621","793918","JH378170","4783494","4783792","29","3989873"
"KN295022v1","796129","796436","JH378154","15612419","15612727","31","14816290"
"KN295022v1","797580","797881","JH378106","69239155","69239449","37","68441575"
"KN295022v1","827390","827699","JH378220","2083419","2083730","34","1256029"
"KN295022v1","833850","834143","JH378235","4514528","4514824","30","3680678"
"KN295022v1","845546","845829","JH378229","5895425","5895707","37","5049879"
"KN295022v1","867327","867625","JH378127","11653984","11654276","45","10786657"
"KN295022v1","878704","879006","JH378116","28869529","28869826","37","27990825"
"KN295022v1","881765","882071","JH378110","38852916","38853220","36","37971151"
"KN295022v1","891870","892164","JH378236","733320","733615","43","158550"
"KN295022v1","898663","898963","JH378220","2784017","2784313","39","1885354"
"KN295022v1","906535","906815","JH378264","3642239","3642520","43","2735704"
"KN295022v1","974552","974726","JH378111","37994751","37994926","23","37020199"
"KN295022v1","1006322","1006357","JH378167","7598870","7598903","6","6592548"
"KN295022v1","1006650","1006785","JH378105","35789175","35789308","13","34782525"
"KN295022v1","1029466","1029765","JH378109","19158683","19158983","31","18129217"
"KN295022v1","1052504","1052793","JH378109","7840405","7840695","35","6787901"
"KN295022v1","1054992","1055290","JH378228","5509057","5509356","39","4454065"
"KN295022v1","1092055","1092345","JH378106","1255495","1255784","37","163440"
"KN295022v1","1108588","1108884","JH378216","6814492","6814786","35","5705904"
"KN295022v1","1126468","1126775","JH378122","9816070","9816375","31","8689602"
"KN295022v1","1171468","1171779","JH378115","25041145","25041450","33","23869677"
"KN295027v1","44214","44525","JH378126","21026752","21027059","34","20982538"
"KN295027v1","51816","52127","JH378123","491683","491985","39","439867"
"KN295027v1","69340","69633","JH378137","17093543","17093840","36","17024203"
"KN295027v1","99408","99689","JH378117","6642657","6642935","31","6543249"
"KN295027v1","126599","126898","JH378126","24143188","24143481","32","24016589"
"KN295027v1","132016","132306","JH378115","26561420","26561711","33","26429404"
"KN295027v1","289886","290179","JH378139","18955642","18955939","34","18665756"
"KN295027v1","303299","303593","JH378213","4745577","4745870","36","4442278"
"KN295027v1","405988","406273","JH378105","62731941","62732234","40","62325953"
"KN295027v1","591923","592233","JH378217","6825239","6825550","40","6233316"
"KN295027v1","682117","682432","JH378317","823405","823717","40","141288"
"KN295030v1","14215","14477","JH378154","12141232","12141504","36","12127017"
"KN295032v1","9006","9303","JH378265","2263256","2263553","39","2254250"
"KN295032v1","36252","36561","JH378298","1330501","1330811","36","1294249"
"KN295032v1","176767","177066","JH378173","4155896","4156193","41","3979129"
"KN295032v1","325286","325597","JH378120","16327645","16327955","36","16002359"
"KN295032v1","334444","334737","JH378108","1472065","1472357","31","1137621"
"KN295032v1","360761","361045","JH378177","2554492","2554776","38","2193731"
"KN295032v1","384268","384577","JH378173","5963095","5963395","36","5578827"
"KN295034v1","24887","25211","JH378264","2773729","2774039","54","2748842"
"KN295034v1","27374","27689","JH378114","31603266","31603584","47","31575892"
"KN295034v1","39921","40197","JH378140","14073854","14074132","37","14033933"
"KN295034v1","99388","99685","JH378122","10005595","10005907","46","9906207"
"KN295034v1","102769","103068","JH378115","28712376","28712673","45","28609607"
"KN295034v1","137738","138041","JH378122","13169953","13170248","42","13032215"
"KN295034v1","141671","141924","JH378119","28597739","28597991","39","28456068"
"KN295034v1","142416","142561","JH378107","32052240","32052384","24","31909824"
"KN295034v1","143424","143736","JH378206","4086994","4087300","33","3943570"
"KN295034v1","146960","147142","JH378148","3590205","3590377","25","3443245"
"KN295034v1","164101","164399","JH378114","36868235","36868528","41","36704134"
"KN295034v1","194118","194411","JH378133","22138850","22139145","35","21944732"
"KN295034v1","270297","270611","JH378204","8098622","8098933","38","7828325"
"KN295034v1","288124","288418","JH378135","15389299","15389590","44","15101175"
"KN295034v1","312526","312824","JH378111","44268583","44268880","33","43956057"
"KN295034v1","333389","333683","JH378116","28869529","28869826","34","28536140"
"KN295034v1","353058","353357","JH378124","15582898","15583197","32","15229840"
"KN295034v1","370152","370455","JH378113","6692573","6692881","42","6322421"
"KN295034v1","370759","371057","JH378107","57888255","57888550","29","57517496"
"KN295034v1","375841","376131","JH378194","2390312","2390602","36","2014471"
"KN295034v1","420102","420411","JH378106","70986080","70986388","35","70565978"
"KN295034v1","429238","429539","JH378126","21026752","21027059","34","20597514"
"KN295034v1","429953","430221","JH378224","5218706","5218977","52","4788753"
"KN295034v1","470182","470461","JH378115","17153051","17153333","51","16682869"
"KN295034v1","488740","489049","JH378110","17810101","17810407","32","17321361"
"KN295034v1","489170","489417","JH378193","7836947","7837190","48","7347777"
"KN295034v1","494849","495143","JH378179","3813935","3814231","31","3319086"
"KN295034v1","519363","519633","JH378105","23726735","23726986","59","23207372"
"KN295034v1","524347","524625","JH378140","14073854","14074132","42","13549507"
"KN295034v1","540450","540736","JH378116","25671249","25671539","45","25130799"
"KN295034v1","543930","544221","JH378127","15652504","15652797","34","15108574"
"KN295034v1","546192","546493","JH378228","5509057","5509356","34","4962865"
"KN295034v1","548051","548360","JH378126","21026752","21027059","41","20478701"
"KN295034v1","552260","552557","JH378220","2784017","2784313","37","2231757"
"KN295034v1","553508","553603","JH378105","35037793","35037884","18","34484285"
"KN295034v1","564659","564951","JH378158","5952169","5952463","41","5387510"
"KN295034v1","572406","572693","JH378106","69239155","69239449","44","68666749"
"KN295034v1","575235","575492","JH378193","7906466","7906718","33","7331231"
"KN295034v1","585633","585808","JH378106","17191519","17191691","22","16605886"
"KN295034v1","587616","587916","JH378148","12255931","12256243","44","11668315"
"KN295034v1","602491","602786","JH378105","9801561","9801859","59","9199070"
"KN295034v1","617101","617402","JH378140","5295393","5295692","43","4678292"
"KN295034v1","646358","646636","JH378117","7579094","7579374","46","6932736"
"KN295034v1","653082","653390","JH378153","11972271","11972571","33","11319189"
"KN295034v1","660238","660549","JH378126","21026752","21027059","36","20366514"
"KN295034v1","669685","669779","JH378142","2830442","2830534","11","2160757"
"KN295034v1","670074","670091","JH378189","7208291","7208302","7","6538217"
"KN295034v1","685739","686037","JH378111","42466412","42466713","37","41780673"
"KN295034v1","690374","690683","JH378106","49591625","49591929","37","48901251"
"KN295034v1","706024","706321","JH378106","59895950","59896248","37","59189926"
"KN295034v1","718653","718958","JH378204","6217005","6217305","36","5498352"
"KN295034v1","750145","750459","JH378109","48661966","48662271","47","47911821"
"KN295034v1","770484","770821","JH378109","21738535","21738874","51","20968051"
"KN295034v1","870725","871038","JH378148","17201496","17201806","40","16330771"
"KN295036v1","34873","35105","JH378124","21357791","21358017","46","21322918"
"KN295036v1","64875","65180","JH378115","26640201","26640508","35","26575326"
"KN295036v1","403037","403337","JH378115","25570507","25570808","36","25167470"
"KN295036v1","434704","434917","JH378208","1496707","1496913","27","1062003"
"KN295037v1","137075","137370","JH378123","48357","48656","47","88718"
"KN295037v1","322787","323082","JH378107","6641537","6641829","31","6318750"
"KN295037v1","424782","425087","JH378186","6364990","6365299","45","5940208"
"KN295037v1","926298","926582","JH378207","7640792","7641076","27","6714494"
"KN295037v1","952409","952692","JH378151","16523870","16524149","41","15571461"
"KN295037v1","975315","975610","JH378176","9716970","9717264","36","8741655"
"KN295038v1","35308","35602","JH378116","28869529","28869826","33","28834221"
"KN295038v1","152838","153143","JH378137","9540937","9541241","32","9388099"
"KN295038v1","239729","240034","JH378123","491683","491985","35","251954"
"KN295038v1","311258","311499","JH378108","23565898","23566144","42","23254640"
"KN295038v1","323156","323443","JH378197","4069176","4069464","30","3746020"
"KN295038v1","402938","403249","JH378288","1220128","1220430","37","817190"
"KN295038v1","407406","407696","JH378108","42296533","42296820","40","41889127"
"KN295038v1","436365","436663","JH378144","7235841","7236134","33","6799476"
"KN295038v1","547791","548083","JH378124","1964010","1964299","41","1416219"
"KN295038v1","577530","577823","JH378163","13372336","13372629","34","12794806"
"KN295038v1","695697","695943","JH378151","8290347","8290596","35","7594650"
"KN295038v1","786539","786754","JH378281","1858828","1859045","35","1072289"
"KN295038v1","873809","874111","JH378176","1064423","1064726","30","190614"
"KN295038v1","875899","876215","JH378116","34449882","34450188","42","33573983"
"KN295038v1","931693","931994","JH378113","24117278","24117572","38","23185585"
"KN295038v1","1052496","1052735","JH378125","7358700","7358942","49","6306204"
"KN295038v1","1081198","1081497","JH378108","54685977","54686273","40","53604779"
"KN295038v1","1151200","1151495","JH378159","837474","837769","28","313726"
"KN295038v1","1204097","1204399","JH378127","11653984","11654276","50","10449887"
"KN295038v1","1273729","1274040","JH378140","4975846","4976159","34","3702117"
"KN295038v1","1342018","1342328","JH378110","19934311","19934616","40","18592293"
"KN295038v1","1442482","1442652","JH378119","21901301","21901473","32","20458819"
"KN295038v1","1460040","1460330","JH378118","8059690","8059980","35","6599650"
"KN295038v1","1473688","1473982","JH378281","2947044","2947332","30","1473356"
"KN295038v1","1481341","1481680","JH378199","1497110","1497439","47","15769"
"KN295038v1","1511541","1511836","JH378109","16029678","16029975","36","14518137"
"KN295038v1","1512258","1512521","JH378175","6107701","6107955","40","4595443"
"KN295038v1","1608694","1609000","JH378138","5380451","5380753","45","3771757"
"KN295039v1","4769","5060","JH378216","6814492","6814786","32","6809723"
"KN295039v1","58096","58399","JH378190","8276191","8276493","32","8218095"
"KN295039v1","161390","161682","JH378138","5380451","5380753","41","5219061"
"KN295039v1","172677","172943","JH378110","34075308","34075574","38","33902631"
"KN295039v1","208602","208904","JH378107","7568037","7568336","33","7359435"
"KN295039v1","254989","255164","JH378125","5641148","5641327","20","5386159"
"KN295039v1","390601","390894","JH378114","38868751","38869045","30","38478150"
"KN295039v1","464798","465108","JH378113","37318615","37318924","44","36853817"
"KN295039v1","480861","481176","JH378151","8381511","8381803","51","7900650"
"KN295039v1","487351","487654","JH378250","66803","67108","38","420548"
"KN295039v1","499416","499701","JH378245","2867748","2868031","35","2368332"
"KN295039v1","524984","525257","JH378114","44222819","44223088","38","43697835"
"KN295039v1","528803","528880","JH378105","37858964","37859042","14","37330161"
"KN295041v1","89428","89711","JH378176","1295936","1296216","30","1206508"
"KN295041v1","132308","132569","JH378124","12692596","12692866","58","12560288"
"KN295041v1","155671","155895","JH378107","4949311","4949533","26","4793640"
"KN295041v1","156923","157201","JH378151","13768898","13769175","38","13611975"
"KN295041v1","176253","176553","JH378107","7568037","7568336","36","7391784"
"KN295041v1","189810","190110","JH378110","32305325","32305628","35","32115515"
"KN295041v1","211326","211414","JH378112","21578675","21578771","27","21367349"
"KN295041v1","211941","212245","JH378115","25570507","25570808","31","25358566"
"KN295041v1","360629","360941","JH378179","5735353","5735664","38","5374724"
"KN295041v1","468723","469025","JH378288","1088673","1088973","31","619950"
"KN295041v1","489345","489633","JH378204","6447851","6448140","29","5958506"
"KN295045v1","32194","32424","JH378105","23726735","23726986","52","23694541"
"KN295045v1","103237","103536","JH378284","239562","239856","34","136325"
"KN295045v1","141844","142152","JH378126","21026752","21027059","39","20884908"
"KN295045v1","164853","165163","JH378199","530889","531200","33","366036"
"KN295045v1","166729","167027","JH378190","8276191","8276493","25","8109462"
"KN295045v1","219994","220300","JH378211","2356763","2357069","41","2136769"
"KN295045v1","225509","225811","JH378166","2405777","2406078","39","2180268"
"KN295045v1","269584","269856","JH378232","4659966","4660234","43","4390382"
"KN295045v1","270914","271211","JH378152","12269160","12269459","39","11998246"
"KN295045v1","273182","273493","JH378126","21026752","21027059","37","20753570"
"KN295045v1","280273","280568","JH378205","5080625","5080919","27","4800352"
"KN295045v1","287388","287682","JH378115","4382023","4382316","47","4094635"
"KN295045v1","288757","289061","JH378288","1088673","1088973","35","799916"
"KN295045v1","289429","289721","JH378308","1420623","1420924","36","1131194"
"KN295045v1","290418","290596","AGCE01150035","730","907","27","289688"
"KN295045v1","304542","304711","JH378108","17450034","17450204","20","17145492"
"KN295045v1","304737","304855","JH378108","54640109","54640227","16","54335372"
"KN295045v1","323869","324158","JH378194","2390312","2390602","29","2066443"
"KN295045v1","375748","376048","JH378108","50711170","50711475","40","50335422"
"KN295045v1","430707","431023","JH378149","4732600","4732902","44","4301893"
"KN295045v1","438096","438395","JH378159","5493568","5493869","28","5055472"
"KN295045v1","464315","464608","JH378137","10050005","10050305","44","9585690"
"KN295045v1","486962","487266","JH378139","18955642","18955939","34","18468680"
"KN295045v1","488396","488674","JH378142","18322987","18323264","31","17834591"
"KN295045v1","495474","495770","JH378108","28210655","28210951","42","27715181"
"KN295045v1","510925","511235","JH378132","22013084","22013391","36","21502159"
"KN295045v1","546914","547205","JH378106","39792950","39793246","38","39246036"
"KN295045v1","552242","552534","JH378163","13372336","13372629","30","12820094"
"KN295045v1","610358","610633","JH378162","8406491","8406766","34","7796133"
"KN295045v1","626266","626569","JH378197","7145768","7146073","38","6519502"
"KN295045v1","629281","629574","JH378110","33965074","33965373","45","33335793"
"KN295045v1","633107","633402","JH378151","8381511","8381803","45","7748404"
"KN295045v1","641572","641773","JH378148","15726399","15726588","37","15084827"
"KN295045v1","652918","653219","JH378184","115740","116043","39","537178"
"KN295045v1","656363","656658","JH378114","13815180","13815476","41","13158817"
"KN295045v1","661604","661676","JH378138","11781640","11781712","14","11120036"
"KN295045v1","662024","662158","JH378153","2127454","2127589","18","1465430"
"KN295045v1","669420","669625","JH378124","5978083","5978289","32","5308663"
"KN295045v1","672710","672828","JH378207","7753050","7753170","19","7080340"
"KN295045v1","672854","672980","JH378137","16178972","16179100","11","15506118"
"KN295045v1","690478","690768","JH378139","16259084","16259375","37","15568606"
"KN295045v1","693209","693412","JH378114","31685245","31685448","19","30992036"
"KN295045v1","708768","709069","JH378115","22392502","22392802","39","21683734"
"KN295045v1","713336","713594","JH378182","349180","349433","39","364156"
"KN295045v1","714996","715299","JH378107","1656497","1656793","38","941501"
"KN295045v1","719080","719340","JH378179","1268478","1268737","50","549398"
"KN295045v1","726036","726325","JH378151","8652626","8652916","32","7926590"
"KN295045v1","759863","759995","JH378129","860497","860632","20","100634"
"KN295045v1","760290","760441","JH378150","132534","132693","34","627756"
"KN295045v1","777861","778165","JH378112","20327070","20327378","49","19549209"
"KN295045v1","781968","782237","JH378129","11457553","11457829","40","10675585"
"KN295045v1","783236","783517","JH378238","4530794","4531075","33","3747558"
"KN295045v1","784213","784521","JH378145","12884564","12884871","41","12100351"
"KN295045v1","806138","806446","JH378175","6776899","6777195","47","5970761"
"KN295045v1","814136","814429","JH378245","749087","749382","36","65049"
"KN295045v1","821160","821170","JH378189","7208291","7208302","4","6387131"
"KN295045v1","821200","821482","AGCE01150993","740","1018","41","820460"
"KN295045v1","827704","828008","JH378119","6124403","6124708","33","5296699"
"KN295045v1","830216","830508","JH378130","67468","67757","42","762748"
"KN295045v1","846113","846402","JH378213","4745577","4745870","30","3899464"
"KN295045v1","860834","861145","JH378111","27664542","27664845","40","26803708"
"KN295045v1","866625","866644","JH378111","33423149","33423167","5","32556524"
"KN295045v1","866697","866992","JH378206","6600635","6600925","33","5733938"
"KN295045v1","883000","883292","JH378206","2013969","2014261","36","1130969"
"KN295045v1","915148","915316","JH378153","2832538","2832703","29","1917390"
"KN295045v1","923550","923858","JH378129","118784","119095","48","804766"
"KN295045v1","932059","932327","JH378110","27569979","27570247","39","26637920"
"KN295045v1","947398","947672","JH378110","40955628","40955903","39","40008230"
"KN295045v1","953354","953661","JH378211","4361095","4361401","41","3407741"
"KN295045v1","963592","963880","JH378105","35665534","35665817","33","34701942"
"KN295045v1","971094","971392","JH378105","7311851","7312145","37","6340757"
"KN295045v1","985350","985645","JH378107","6376536","6376833","37","5391186"
"KN295045v1","986709","987013","JH378173","10046061","10046365","45","9059352"
"KN295045v1","988271","988577","JH378114","31772383","31772683","42","30784112"
"KN295045v1","993149","993451","JH378228","5509057","5509356","40","4515908"
"KN295045v1","994097","994392","JH378121","17204752","17205050","40","16210655"
"KN295045v1","996260","996525","JH378111","45358475","45358734","45","44362215"
"KN295045v1","1028612","1028917","JH378177","2378754","2379058","41","1350142"
"KN295045v1","1045807","1046096","JH378179","1850781","1851073","38","804974"
"KN295045v1","1051043","1051131","JH378137","6792288","6792377","12","5741245"
"KN295045v1","1062097","1062397","JH378137","8481628","8481927","34","7419531"
"KN295045v1","1079006","1079314","JH378126","21026752","21027059","36","19947746"
"KN295045v1","1094753","1095058","JH378127","22238831","22239131","39","21144078"
"KN295045v1","1097030","1097306","JH378246","562506","562779","33","534524"
"KN295045v1","1101420","1101583","JH378161","2222617","2222779","23","1121197"
"KN295045v1","1112472","1112768","JH378228","5509057","5509356","33","4396585"
"KN295045v1","1127813","1128123","JH378187","2906095","2906405","35","1778282"
"KN295045v1","1129708","1130000","JH378139","16259084","16259375","34","15129376"
"KN295045v1","1149709","1149987","JH378110","21091267","21091545","49","19941558"
"KN295045v1","1183239","1183532","JH378106","17756548","17756839","34","16573309"
"KN295045v1","1187516","1187578","JH378111","19094541","19094599","13","17907025"
"KN295045v1","1246636","1246932","JH378137","7745755","7746044","38","6499119"
"KN295045v1","1254492","1254779","JH378122","11147565","11147852","33","9893073"
"KN295045v1","1261036","1261342","JH378115","23201999","23202310","35","21940963"
"KN295045v1","1263612","1263922","JH378171","4337119","4337431","48","3073507"
"KN295045v1","1268207","1268497","JH378182","3623832","3624120","28","2355625"
"KN295045v1","1274261","1274575","JH378171","6181069","6181379","38","4906808"
"KN295045v1","1289580","1289871","JH378105","51661095","51661389","35","50371515"
"KN295045v1","1300599","1300894","JH378167","11456277","11456567","38","10155678"
"KN295047v1","14960","15271","JH378126","21026752","21027059","39","21011792"
"KN295047v1","41738","42048","JH378140","7338564","7338875","34","7296826"
"KN295047v1","66885","67178","JH378172","10004830","10005125","29","9937945"
"KN295047v1","69877","70040","AGCE01149740","1081","1246","15","68796"
"KN295047v1","97806","98099","JH378133","22138850","22139145","48","22041044"
"KN295047v1","170420","170749","JH378131","5656518","5656839","55","5486098"
"KN295052v1","13772","13978","JH378152","9217465","9217659","36","9203693"
"KN295054v1","194005","194198","JH378298","896331","896521","30","702326"
"KN295054v1","194385","194544","JH378112","10003708","10003864","21","9809323"
"KN295054v1","206297","206601","JH378138","5380451","5380753","31","5174154"
"KN295054v1","212766","213071","JH378255","1560098","1560402","35","1347332"
"KN295054v1","225415","225702","JH378105","12412541","12412829","40","12187126"
"KN295054v1","230876","231164","JH378108","17482946","17483231","41","17252070"
"KN295055v1","153078","153391","JH378111","32787449","32787755","40","32634371"
"KN295055v1","192652","192960","JH378112","33214699","33215012","43","33022047"
"KN295055v1","363190","363487","JH378265","2263256","2263553","36","1900066"
"KN295055v1","609633","609924","JH378137","17138846","17139141","38","16529213"
"KN295056v1","9346","9631","JH378114","20276504","20276786","32","20267158"
"KN295056v1","49300","49588","JH378105","3417808","3418095","32","3368508"
"KN295056v1","51003","51085","JH378255","2117334","2117414","16","2066331"
"KN295056v1","51086","51297","JH378136","7233037","7233245","33","7181951"
"KN295056v1","51356","51567","JH378136","7233037","7233245","33","7181681"
"KN295056v1","51568","51625","JH378108","50742439","50742493","11","50690871"
"KN295056v1","51626","51760","JH378157","15908254","15908385","18","15856628"
"KN295057v1","4729","5026","JH378113","5116740","5117037","40","5112011"
"KN295057v1","71142","71452","JH378139","1980713","1981003","49","1909571"
"KN295057v1","204852","205141","JH378116","24890259","24890547","37","24685407"
"KN295057v1","326914","327144","JH378166","8561385","8561613","48","8234471"
"KN295057v1","337905","338194","JH378220","2784017","2784313","35","2446112"
"KN295057v1","348463","348755","JH378131","20072845","20073138","34","19724382"
"KN295057v1","385969","386276","JH378126","21026752","21027059","39","20640783"
"KN295057v1","406068","406377","JH378152","15994237","15994545","39","15588169"
"KN295057v1","424357","424653","AGCE01150449","839","1138","32","423518"
"KN295057v1","436763","437064","JH378294","2209136","2209435","38","1772373"
"KN295057v1","493105","493398","JH378166","2303148","2303440","31","1810043"
"KN295057v1","496902","497192","JH378166","2276072","2276357","37","1779170"
"KN295057v1","564168","564453","JH378117","25803939","25804227","38","25239771"
"KN295057v1","758899","759183","JH378177","2554492","2554776","37","1795593"
"KN295057v1","770300","770363","JH378203","7854592","7854655","12","7084292"
"KN295057v1","771504","771812","JH378115","25041145","25041450","31","24269641"
"KN295057v1","836981","837108","JH378114","10909052","10909180","13","10072071"
"KN295057v1","850950","851262","JH378172","12064674","12064982","42","11213724"
"KN295057v1","911720","912015","JH378106","44399035","44399331","31","43487315"
"KN295057v1","985324","985602","JH378135","15656278","15656561","35","14670954"
"KN295057v1","1000908","1001214","JH378126","21026752","21027059","26","20025844"
"KN295057v1","1005482","1005791","JH378110","12146106","12146409","38","11140624"
"KN295057v1","1120526","1120811","JH378106","63648485","63648770","41","62527959"
"KN295059v1","19503","19801","JH378144","202388","202687","35","182885"
"KN295059v1","44954","45258","JH378173","4155896","4156193","37","4110942"
"KN295059v1","60018","60328","JH378139","18632207","18632516","40","18572189"
"KN295059v1","66294","66579","JH378115","28712376","28712673","48","28646082"
"KN295059v1","66583","66714","JH378213","515831","515961","10","449248"
"KN295059v1","70583","70875","JH378166","5180638","5180936","48","5110055"
"KN295059v1","94382","94676","JH378105","54150095","54150392","36","54055713"
"KN295059v1","114499","114789","JH378216","3074446","3074739","37","2959947"
"KN295059v1","128428","128743","JH378130","1202684","1202989","38","1074256"
"KN295059v1","128982","129298","JH378216","3208225","3208520","62","3079243"
"KN295059v1","140845","141133","JH378116","24890259","24890547","46","24749414"
"KN295059v1","166515","166818","JH378173","10496777","10497072","36","10330262"
"KN295059v1","202482","202775","JH378204","2935067","2935361","31","2732585"
"KN295059v1","240429","240731","JH378140","17405092","17405394","34","17164663"
"KN295059v1","530813","531123","JH378170","5448885","5449193","53","4918072"
"KN295059v1","554531","554768","JH378275","2000001","2000235","40","1445470"
"KN295059v1","578589","578899","JH378160","12547215","12547524","36","11968626"
"KN295061v1","18049","18340","JH378216","7124506","7124797","41","7106457"
"KN295061v1","19923","20214","JH378116","28869529","28869826","41","28849606"
"KN295061v1","23254","23494","JH378171","2325781","2326017","49","2302527"
"KN295061v1","25287","25480","JH378232","420548","420740","20","395261"
"KN295061v1","29244","29552","JH378126","21026752","21027059","40","20997508"
"KN295066v1","48934","49221","JH378216","5614489","5614775","42","5565555"
"KN295066v1","58197","58491","JH378258","3054214","3054507","46","2996017"
"KN295068v1","42507","42820","JH378111","42029012","42029308","46","41986505"
"KN295073v1","159095","159375","JH378118","28702133","28702414","45","28543038"
"KN295073v1","199497","199810","JH378105","712606","712918","31","513109"
"KN295073v1","225221","225469","JH378125","7358700","7358942","34","7133479"
"KN295073v1","794005","794286","JH378121","18293284","18293564","44","17499279"
"KN295073v1","994298","994621","JH378131","5656518","5656839","49","4662220"
"KN295074v1","310512","310812","JH378227","68096","68393","33","242416"
"KN295074v1","418613","418927","JH378108","44940191","44940497","50","44521578"
"KN295074v1","701773","702017","JH378205","6901536","6901785","61","6199763"
"KN295074v1","917905","918208","JH378175","7061237","7061546","50","6143332"
"KN295074v1","1197482","1197790","JH378181","2052926","2053235","35","855444"
"KN295074v1","1342825","1343134","JH378279","2687810","2688114","45","1344985"
"KN295074v1","1374515","1374807","JH378131","4457919","4458208","42","3083404"
"KN295074v1","1480220","1480527","JH378119","6124403","6124708","42","4644183"
"KN295075v1","37626","37908","JH378213","2306017","2306300","31","2268391"
"KN295075v1","75250","75542","JH378153","5876052","5876351","38","5800802"
"KN295075v1","146694","147006","JH378187","8189967","8190269","45","8043273"
"KN295075v1","148192","148502","JH378106","49698120","49698429","46","49549928"
"KN295075v1","152395","152692","JH378242","97287","97580","33","55108"
"KN295075v1","186013","186331","JH378111","12620615","12620927","38","12434602"
"KN295075v1","212155","212447","JH378121","29566176","29566469","28","29354021"
"KN295075v1","233848","234139","JH378157","3211791","3212082","41","2977943"
"KN295075v1","235062","235365","JH378114","37638827","37639140","40","37403765"
"KN295075v1","237691","237906","JH378241","5348172","5348406","48","5110481"
"KN295075v1","242005","242322","JH378144","7534414","7534722","52","7292409"
"KN295075v1","262326","262581","AGCE01150524","1065","1327","35","261261"
"KN295075v1","265541","265849","JH378156","9166475","9166782","42","8900934"
"KN295075v1","266851","267008","JH378323","107603","107766","24","159248"
"KN295075v1","277114","277388","JH378129","11613589","11613851","57","11336475"
"KN295075v1","312749","313055","JH378126","21026752","21027059","31","20714003"
"KN295075v1","314791","315086","JH378106","6434398","6434702","46","6119607"
"KN295075v1","336917","337215","JH378114","36976328","36976626","32","36639411"
"KN295075v1","340552","340821","JH378105","36902012","36902268","45","36561460"
"KN295075v1","424005","424155","JH378248","3022633","3022783","17","2598628"
"KN295075v1","434994","435297","JH378112","30912176","30912478","37","30477182"
"KN295075v1","436907","437199","JH378105","64133199","64133490","34","63696292"
"KN295075v1","502811","503031","JH378108","10177735","10177951","43","9674924"
"KN295075v1","511856","512150","JH378206","6600635","6600925","38","6088779"
"KN295075v1","512461","512770","JH378126","21026752","21027059","34","20514291"
"KN295075v1","521700","521998","JH378110","28637180","28637481","44","28115480"
"KN295075v1","532387","532702","JH378154","15612419","15612727","36","15080032"
"KN295075v1","551770","552063","JH378176","9716970","9717264","34","9165200"
"KN295075v1","558490","558794","JH378262","456547","456851","33","101943"
"KN295075v1","558940","559239","JH378108","44787314","44787608","43","44228374"
"KN295075v1","632030","632308","JH378167","6579627","6579912","38","5947597"
"KN295075v1","641934","642235","JH378110","35718840","35719141","30","35076906"
"KN295075v1","644005","644296","JH378297","402347","402640","35","241658"
"KN295075v1","647132","647437","JH378253","315934","316240","41","331198"
"KN295075v1","713360","713664","JH378106","10129130","10129437","39","9415770"
"KN295077v1","174742","175039","JH378162","7093011","7093307","36","6918269"
"KN295077v1","180993","181066","JH378153","2577612","2577684","10","2396619"
"KN295077v1","190380","190682","JH378110","19934311","19934616","45","19743931"
"KN295077v1","210758","211069","JH378285","1516079","1516390","43","1305321"
"KN295077v1","230468","230775","JH378124","27440727","27441039","43","27210259"
"KN295077v1","275757","276066","JH378197","1499696","1500000","34","1223939"
"KN295077v1","355549","355861","JH378206","4086994","4087300","34","3731445"
"KN295077v1","365464","365762","JH378241","5492398","5492696","37","5126934"
"KN295077v1","386077","386373","JH378130","7315282","7315582","48","6929205"
"KN295077v1","390795","391099","JH378264","2773729","2774039","38","2382934"
"KN295077v1","400609","400902","JH378170","4783494","4783792","39","4382885"
"KN295077v1","408189","408490","JH378117","29558091","29558390","43","29149902"
"KN295077v1","428019","428311","JH378241","5492398","5492696","39","5064379"
"KN295077v1","429275","429575","JH378297","941617","941915","48","512342"
"KN295077v1","432698","433002","JH378156","9166475","9166782","36","8733777"
"KN295077v1","441149","441480","JH378178","7771180","7771511","55","7330031"
"KN295077v1","465888","466192","JH378114","7648981","7649278","44","7183093"
"KN295077v1","476761","477072","JH378229","5039327","5039634","39","4562566"
"KN295077v1","480048","480347","JH378115","28712376","28712673","41","28232328"
"KN295077v1","500602","500912","JH378228","5527421","5527723","34","5026819"
"KN295077v1","504609","504742","JH378120","18534023","18534155","17","18029414"
"KN295077v1","505055","505226","JH378118","11401825","11401993","27","10896770"
"KN295077v1","511506","511681","JH378105","7989357","7989531","31","7477851"
"KN295077v1","512572","512847","JH378125","15493012","15493292","51","14980440"
"KN295077v1","519201","519496","JH378197","642135","642434","34","122934"
"KN295077v1","533611","533915","JH378154","15612419","15612727","49","15078808"
"KN295077v1","534432","534741","JH378224","2769148","2769454","30","2234716"
"KN295077v1","535522","535807","JH378124","21553204","21553493","48","21017682"
"KN295077v1","545549","545858","JH378120","16327645","16327955","38","15782096"
"KN295077v1","546463","546756","JH378216","3208225","3208520","36","2661762"
"KN295077v1","548623","548910","JH378151","8381511","8381803","42","7832888"
"KN295077v1","557164","557469","JH378151","4318339","4318636","37","3761175"
"KN295077v1","560221","560512","JH378216","7124506","7124797","32","6564285"
"KN295077v1","564890","565163","JH378244","4010045","4010331","41","3445155"
"KN295077v1","576280","576569","JH378197","1421270","1421558","40","844990"
"KN295077v1","579913","580210","JH378265","2263256","2263553","27","1683343"
"KN295077v1","593994","594257","JH378157","7250539","7250813","43","6656545"
"KN295077v1","636285","636571","JH378228","5750963","5751245","38","5114678"
"KN295077v1","639297","639598","JH378293","1524576","1524874","31","885279"
"KN295077v1","642122","642419","JH378124","4920301","4920597","41","4278179"
"KN295077v1","688976","689228","JH378153","10380000","10380247","34","9691024"
"KN295077v1","747957","748247","JH378151","8652626","8652916","33","7904669"
"KN295077v1","758274","758579","JH378148","15796597","15796901","28","15038323"
"KN295077v1","901788","902096","JH378110","32305325","32305628","40","31403537"
"KN295077v1","909070","909361","JH378157","9676550","9676840","35","8767480"
"KN295077v1","924466","924772","JH378106","1533545","1533849","33","609079"
"KN295079v1","65394","65694","JH378125","19027324","19027621","35","18961930"
"KN295079v1","240305","240579","JH378110","34075308","34075574","36","33835003"
"KN295079v1","783392","783698","JH378216","6474633","6474943","32","5691241"
"KN295079v1","820198","820498","JH378138","5380451","5380753","34","4560253"
"KN295079v1","843881","844182","JH378204","2665841","2666145","33","1821960"
"KN295079v1","1132773","1133068","JH378173","2670574","2670871","34","1537801"
"KN295079v1","1180337","1180631","JH378137","17138846","17139141","34","15958509"
"KN295079v1","1244356","1244617","JH378173","6043976","6044232","31","4799620"
"KN295079v1","1312026","1312347","JH378199","2735832","2736142","51","1423806"
"KN295080v1","191374","191658","JH378111","19524517","19524801","31","19333143"
"KN295080v1","205254","205554","JH378149","1427296","1427590","38","1222042"
"KN295080v1","300257","300492","AGCE01149076","3","241","32","300254"
"KN295081v1","21754","22051","JH378159","5493568","5493869","35","5471814"
"KN295083v1","12323","12585","JH378210","5644359","5644616","44","5632036"
"KN295085v1","51270","51549","JH378127","4967263","4967540","48","4915993"
"KN295085v1","57952","58284","JH378143","4143675","4143987","57","4085723"
"KN295085v1","149356","149587","JH378166","12690881","12691106","34","12541525"
"KN295085v1","167246","167552","JH378216","6474633","6474943","43","6307387"
"KN295085v1","193546","193843","JH378106","36810640","36810921","62","36617094"
"KN295085v1","471033","471339","JH378133","9511493","9511805","44","9040460"
"KN295085v1","596796","597105","JH378271","2859775","2860082","38","2262979"
"KN295085v1","666015","666318","JH378157","2098752","2099044","45","1432737"
"KN295085v1","959795","960102","JH378115","34859185","34859494","38","33899390"
"KN295085v1","1000897","1001079","JH378137","12108604","12108783","24","11107707"
"KN295085v1","1039655","1039954","JH378224","5664910","5665211","44","4625255"
"KN295085v1","1061776","1062037","JH378106","1487935","1488200","36","426159"
"KN295087v1","602","863","JH378144","14821333","14821590","40","14820731"
"KN295087v1","136240","136501","JH378196","6674102","6674364","44","6537862"
"KN295087v1","210067","210302","JH378148","6821531","6821762","41","6611464"
"KN295090v1","2490248","2490442","JH378115","31025049","31025241","30","28534801"
"KN295090v1","11834","12130","JH378220","2784017","2784313","30","2772183"
"KN295090v1","27804","28109","JH378109","48536846","48537146","33","48509042"
"KN295090v1","28581","28889","JH378115","28712376","28712673","44","28683795"
"KN295090v1","48318","48634","JH378115","34859185","34859494","38","34810867"
"KN295090v1","52046","52342","JH378189","5926406","5926705","30","5874360"
"KN295090v1","93078","93378","JH378216","6814492","6814786","33","6721414"
"KN295090v1","112987","113284","JH378115","1101592","1101890","34","988605"
"KN295090v1","131202","131454","JH378151","8486123","8486386","41","8354921"
"KN295090v1","149428","149718","JH378142","12979191","12979481","29","12829763"
"KN295090v1","175094","175383","JH378166","2303148","2303440","42","2128054"
"KN295090v1","197851","198150","JH378192","8475858","8476157","52","8278007"
"KN295090v1","198918","199213","JH378105","38546959","38547253","41","38348041"
"KN295090v1","199554","199870","JH378126","21026752","21027059","41","20827198"
"KN295090v1","201349","201646","JH378151","3515305","3515602","35","3313956"
"KN295090v1","208338","208647","JH378148","6903087","6903394","44","6694749"
"KN295090v1","225384","225677","JH378265","2263256","2263553","36","2037872"
"KN295090v1","227060","227369","JH378185","1547765","1548075","32","1320705"
"KN295090v1","228851","229155","JH378106","1533545","1533849","39","1304694"
"KN295090v1","231593","231904","JH378152","6156844","6157154","32","5925251"
"KN295090v1","235959","236260","JH378184","443270","443568","36","207311"
"KN295090v1","247576","247873","JH378151","14844192","14844489","29","14596616"
"KN295090v1","256739","257039","JH378137","8760695","8760994","38","8503956"
"KN295090v1","280896","281188","JH378157","9676550","9676840","34","9395654"
"KN295090v1","308982","309290","JH378170","4783494","4783792","43","4474512"
"KN295090v1","313777","314025","JH378199","5146856","5147104","38","4833079"
"KN295090v1","318774","319084","JH378115","25041145","25041450","46","24722371"
"KN295090v1","329818","330120","JH378139","10082446","10082743","34","9752628"
"KN295090v1","331679","331815","JH378129","21771417","21771548","24","21439738"
"KN295090v1","336126","336338","JH378235","5655329","5655537","27","5319203"
"KN295090v1","341206","341521","JH378118","24374217","24374525","47","24033011"
"KN295090v1","346612","346913","JH378159","11224483","11224779","34","10877871"
"KN295090v1","350338","350371","JH378143","8028457","8028488","14","7678119"
"KN295090v1","356930","357247","JH378135","1042676","1042987","37","685746"
"KN295090v1","358652","358954","JH378137","17093543","17093840","31","16734891"
"KN295090v1","371651","371943","JH378191","6177328","6177618","34","5805677"
"KN295090v1","372140","372429","JH378156","277373","277667","44","94767"
"KN295090v1","427984","428120","JH378167","7922751","7922884","19","7494767"
"KN295090v1","454472","454767","JH378106","8294885","8295176","31","7840413"
"KN295090v1","454919","455218","JH378159","5493568","5493869","37","5038649"
"KN295090v1","456313","456628","JH378116","25853972","25854281","43","25397659"
"KN295090v1","462065","462165","JH378149","3072656","3072756","7","2610591"
"KN295090v1","464155","464443","JH378120","17788639","17788928","41","17324484"
"KN295090v1","466367","466678","JH378264","2773729","2774039","37","2307362"
"KN295090v1","473705","474005","JH378158","9174252","9174550","33","8700547"
"KN295090v1","476579","476875","JH378133","22138850","22139145","35","21662271"
"KN295090v1","484749","485030","JH378105","36618017","36618297","40","36133268"
"KN295090v1","489108","489381","JH378211","2712927","2713199","38","2223819"
"KN295090v1","498623","498912","JH378144","18239514","18239805","27","17740891"
"KN295090v1","498931","499222","JH378151","8381511","8381803","45","7882580"
"KN295090v1","519030","519323","JH378293","2045148","2045440","32","1526118"
"KN295090v1","589826","590111","JH378110","13728682","13728967","38","13138856"
"KN295090v1","608924","609223","JH378137","10096778","10097079","34","9487854"
"KN295090v1","612190","612441","JH378129","2022984","2023258","51","1410794"
"KN295090v1","655407","655703","JH378122","13169953","13170248","43","12514546"
"KN295090v1","657698","657856","JH378152","1518843","1519000","23","861145"
"KN295090v1","661033","661328","JH378108","34321115","34321411","32","33660082"
"KN295090v1","663578","663752","JH378122","373412","373589","29","290166"
"KN295090v1","664053","664187","JH378218","3752894","3753026","13","3088841"
"KN295090v1","666216","666483","JH378239","3973899","3974162","33","3307683"
"KN295090v1","705254","705379","JH378108","45095516","45095639","20","44390262"
"KN295090v1","705680","705853","JH378140","11992322","11992475","42","11286642"
"KN295090v1","706662","706976","JH378269","3139226","3139540","49","2432564"
"KN295090v1","711060","711231","JH378150","15968175","15968343","24","15257115"
"KN295090v1","733776","734073","JH378145","2733878","2734174","36","2000102"
"KN295090v1","786538","786838","JH378127","22219085","22219383","45","21432547"
"KN295090v1","803350","803660","JH378197","7145768","7146073","40","6342418"
"KN295090v1","813122","813320","JH378128","3764810","3765009","18","2951688"
"KN295090v1","850773","851065","JH378213","4745577","4745870","32","3894804"
"KN295090v1","860136","860439","JH378166","2405777","2406078","40","1545641"
"KN295090v1","883080","883361","JH378105","35665534","35665817","35","34782454"
"KN295090v1","904249","904539","JH378139","16259084","16259375","31","15354835"
"KN295090v1","925128","925400","JH378115","18760243","18760519","45","17835115"
"KN295090v1","980004","980292","JH378117","25803939","25804227","31","24823935"
"KN295090v1","1001688","1001971","JH378137","4055872","4056152","41","3054184"
"KN295090v1","1005427","1005731","JH378139","18632207","18632516","31","17626780"
"KN295090v1","1011259","1011553","JH378135","17980410","17980708","39","16969151"
"KN295090v1","1015214","1015516","JH378136","91010","91315","38","924204"
"KN295090v1","1057312","1057622","JH378136","5631036","5631344","34","4573724"
"KN295090v1","1059208","1059505","JH378284","1163902","1164203","32","104694"
"KN295090v1","1064600","1064897","JH378118","27503431","27503730","32","26438831"
"KN295090v1","1071422","1071644","JH378105","49622241","49622472","54","48550819"
"KN295090v1","1077939","1078222","JH378294","1717590","1717871","30","639651"
"KN295090v1","1083659","1083966","JH378235","3053133","3053438","33","1969474"
"KN295090v1","1097126","1097431","JH378149","2213704","2214010","30","1116578"
"KN295090v1","1103453","1103748","JH378115","25570507","25570808","41","24467054"
"KN295090v1","1127082","1127370","JH378157","11651413","11651715","64","10524331"
"KN295090v1","1144369","1144499","JH378137","16178972","16179100","13","15034603"
"KN295090v1","1145538","1145820","JH378114","20276504","20276786","35","19130966"
"KN295090v1","1156126","1156410","JH378128","23861000","23861287","38","22704874"
"KN295090v1","1231827","1232143","JH378254","1016037","1016343","50","215790"
"KN295090v1","1232540","1232874","JH378194","8800813","8801127","74","7568273"
"KN295090v1","1251951","1252028","JH378293","944077","944155","13","307874"
"KN295090v1","1278294","1278377","JH378106","12827241","12827324","7","11548947"
"KN295090v1","1332164","1332432","JH378237","5778173","5778441","36","4446009"
"KN295090v1","1354559","1354865","JH378206","4086994","4087300","34","2732435"
"KN295090v1","1355955","1356219","JH378136","18366820","18367093","38","17010865"
"KN295090v1","1356852","1357151","JH378125","19027324","19027621","33","17670472"
"KN295090v1","1359587","1359892","JH378191","5184511","5184822","41","3824924"
"KN295090v1","1384067","1384363","JH378207","3169344","3169645","32","1785277"
"KN295090v1","1384375","1384733","JH378113","13681784","13682099","79","12297409"
"KN295090v1","1389988","1390283","JH378213","9515","9804","34","1380473"
"KN295090v1","1393475","1393768","JH378137","17093543","17093840","28","15700068"
"KN295090v1","1409451","1409753","JH378281","1685841","1686140","33","276390"
"KN295090v1","1413178","1413474","JH378151","9308689","9308986","39","7895511"
"KN295090v1","1430565","1430864","JH378159","5493568","5493869","32","4063003"
"KN295090v1","1433188","1433493","JH378224","2769148","2769454","37","1335960"
"KN295090v1","1493691","1493985","JH378201","8575463","8575759","40","7081772"
"KN295090v1","1497963","1498263","JH378115","25041145","25041450","38","23543182"
"KN295090v1","1530225","1530518","JH378165","1395282","1395576","39","134943"
"KN295090v1","1563552","1563851","JH378107","7568037","7568336","38","6004485"
"KN295090v1","1564544","1564784","JH378130","5830729","5830955","40","4266185"
"KN295090v1","1569400","1569695","JH378173","2926162","2926459","40","1356762"
"KN295090v1","1603779","1604086","JH378126","21026752","21027059","33","19422973"
"KN295090v1","1614091","1614389","JH378170","4783494","4783792","26","3169403"
"KN295090v1","1624349","1624657","JH378126","21026752","21027059","51","19402403"
"KN295090v1","1625102","1625409","JH378115","34859185","34859494","40","33234083"
"KN295090v1","1628372","1628679","JH378183","535664","535974","49","1092708"
"KN295090v1","1646747","1647061","JH378124","10288532","10288840","50","8641785"
"KN295090v1","1693011","1693328","JH378106","59688577","59688884","48","57995566"
"KN295090v1","1728112","1728412","JH378116","25971892","25972194","33","24243780"
"KN295090v1","1736522","1736819","JH378137","17093543","17093840","36","15357021"
"KN295090v1","1751871","1752182","JH378185","1547765","1548075","36","204106"
"KN295090v1","1760239","1760457","JH378124","21357791","21358017","44","19597552"
"KN295090v1","1774262","1774563","JH378118","27503431","27503730","33","25729169"
"KN295090v1","1866495","1866803","JH378186","3771716","3772027","30","1905221"
"KN295090v1","1974091","1974403","JH378213","5483774","5484086","37","3509683"
"KN295090v1","2036043","2036344","JH378166","1276502","1276806","39","759541"
"KN295090v1","2036778","2036974","JH378217","951556","951750","22","1085222"
"KN295090v1","2117008","2117316","JH378226","5510503","5510800","57","3393495"
"KN295090v1","2151652","2151941","JH378197","1421270","1421558","58","730382"
"KN295090v1","2156508","2156724","JH378155","10248247","10248463","25","8091739"
"KN295090v1","2167246","2167539","JH378291","2116333","2116626","33","50913"
"KN295090v1","2168127","2168325","JH378125","15470787","15470993","42","13302660"
"KN295090v1","2168326","2168393","JH378158","5768217","5768285","9","3599891"
"KN295090v1","2168394","2168671","JH378109","44424412","44424668","53","42256018"
"KN295090v1","2179130","2179410","JH378124","10835797","10836078","43","8656667"
"KN295090v1","2190823","2191082","JH378228","2228446","2228712","33","37623"
"KN295090v1","2202437","2202732","JH378159","837474","837769","28","1364963"
"KN295090v1","2214447","2214746","JH378117","37601974","37602273","32","35387527"
"KN295090v1","2236010","2236294","JH378141","15420214","15420501","48","13184204"
"KN295090v1","2239770","2240080","JH378105","140732","141039","42","2099038"
"KN295090v1","2258221","2258531","JH378320","58622","58932","40","2199599"
"KN295090v1","2265362","2265670","JH378184","418760","419059","61","1846602"
"KN295090v1","2284524","2284820","JH378122","7899624","7899919","34","5615100"
"KN295090v1","2307155","2307461","JH378204","3869700","3870004","29","1562545"
"KN295090v1","2318148","2318451","JH378112","32328727","32329028","36","30010579"
"KN295090v1","2323121","2323292","JH378122","29505400","29505570","22","27182279"
"KN295090v1","2324104","2324400","JH378308","1420623","1420924","34","903481"
"KN295090v1","2331788","2332083","JH378157","9676550","9676840","36","7344762"
"KN295090v1","2336943","2337242","JH378228","5509057","5509356","35","3172114"
"KN295090v1","2342996","2343303","JH378136","7484864","7485163","40","5141868"
"KN295090v1","2350936","2351239","JH378255","1560098","1560402","32","790838"
"KN295090v1","2351860","2352160","JH378115","25570507","25570808","35","23218647"
"KN295090v1","2365322","2365616","JH378170","4783494","4783792","32","2418172"
"KN295090v1","2378241","2378553","JH378126","21026752","21027059","26","18648511"
"KN295090v1","2402686","2402770","JH378122","4472540","4472621","7","2069854"
"KN295090v1","2404408","2404703","JH378261","3290560","3290854","34","886152"
"KN295090v1","2431774","2431935","JH378146","200893","201055","22","2230881"
"KN295090v1","2432242","2432329","JH378194","1089065","1089146","14","1343177"
"KN295090v1","2438999","2439129","JH378201","41478","41609","16","2397521"
"KN295090v1","2466197","2466502","JH378153","3414728","3415029","37","948531"
"KN295090v1","2578736","2579035","JH378296","1500608","1500907","28","1078128"
"KN295090v1","2580978","2581284","JH378106","70986080","70986388","40","68405102"
"KN295090v1","2613916","2614216","JH378139","18955642","18955939","33","16341726"
"KN295090v1","2646047","2646121","JH378113","22500001","22500079","12","19853954"
"KN295090v1","2648102","2648377","JH378120","4654851","4655134","35","2006749"
"KN295090v1","2755156","2755237","JH378116","37796973","37797054","9","35041817"
"KN295090v1","2777039","2777351","JH378142","2441983","2442293","35","335056"
"KN295090v1","2812685","2812976","JH378137","17138846","17139141","36","14326161"
"KN295090v1","2829946","2830241","JH378198","4226780","4227075","37","1396834"
"KN295090v1","2832629","2832922","JH378203","2400617","2400921","49","432012"
"KN295090v1","2920542","2920855","JH378225","6457829","6458137","41","3537287"
"KN295090v1","2924023","2924310","JH378106","3052818","3053105","31","128795"
"KN295090v1","2932166","2932469","JH378106","39792950","39793246","38","36860784"
"KN295091v1","241578","241883","JH378236","733320","733615","42","491742"
"KN295091v1","433582","433855","JH378291","1690883","1691167","49","1257301"
"KN295091v1","641685","641989","JH378126","21026752","21027059","40","20385067"
"KN295091v1","689542","689722","JH378132","10381873","10382046","40","9692331"
"KN295091v1","830710","831003","JH378137","7407944","7408236","36","6577234"
"KN295091v1","945903","946199","JH378108","34321115","34321411","34","33375212"
"KN295091v1","1176569","1176872","JH378142","2685720","2686017","40","1509151"
"KN295091v1","1212704","1213011","JH378139","7895891","7896196","51","6683187"
"KN295091v1","1322566","1322868","JH378187","2906095","2906405","53","1583529"
"KN295091v1","1442846","1443143","JH378308","1420623","1420924","26","22223"
"KN295091v1","1615078","1615368","JH378121","29566176","29566469","34","27951098"
"KN295091v1","1648102","1648395","JH378206","7025586","7025873","33","5377484"
"KN295091v1","1670791","1671009","JH378111","4236140","4236362","31","2565349"
"KN295091v1","1815010","1815320","JH378225","6457829","6458137","32","4642819"
"KN295091v1","1850385","1850557","JH378106","59484451","59484620","19","57634066"
"KN295091v1","1853724","1854019","JH378176","9716970","9717264","28","7863246"
"KN295091v1","1953407","1953700","JH378105","414329","414622","39","1539078"
"KN295091v1","1956216","1956513","JH378124","17923330","17923624","35","15967114"
"KN295091v1","2003748","2004068","JH378122","15826634","15826956","42","13822886"
"KN295091v1","2012781","2013086","JH378126","23919556","23919859","40","21906775"
"KN295091v1","2025688","2025984","JH378166","10151387","10151672","41","8125699"
"KN295091v1","2091055","2091333","JH378144","7596090","7596371","46","5505035"
"KN295091v1","2162815","2163110","JH378207","3169344","3169645","34","1006529"
"KN295091v1","2202595","2202896","JH378110","38574281","38574582","38","36371686"
"KN295091v1","2253600","2253890","JH378156","8895003","8895293","37","6641403"
"KN295091v1","2285567","2285862","JH378173","9107488","9107786","29","6821921"
"KN295091v1","2362592","2362876","JH378198","1177753","1178038","36","1184839"
"KN295091v1","2390739","2390960","JH378334","564587","564809","35","1826152"
"KN295091v1","2391066","2391234","JH378287","472993","473152","35","1918073"
"KN295091v1","2517090","2517257","JH378117","16463165","16463336","32","13946075"
"KN295091v1","2567517","2567827","JH378137","14554585","14554893","35","11987068"
"KN295091v1","2570003","2570061","JH378117","22796319","22796378","7","20226316"
"KN295091v1","2573871","2574001","JH378108","32679354","32679485","16","30105483"
"KN295091v1","2578967","2579037","JH378110","32692543","32692616","10","30113576"
"KN295091v1","2609958","2610256","JH378164","7798428","7798724","32","5188470"
"KN295091v1","2663879","2664176","JH378228","5509057","5509356","35","2845178"
"KN295091v1","2686161","2686415","JH378123","879093","879336","58","1807068"
"KN295091v1","2728286","2728583","JH378245","2080174","2080467","33","648112"
"KN295091v1","2734789","2735064","JH378137","4055872","4056152","39","1321083"
"KN295091v1","2808173","2808459","JH378138","14883081","14883364","43","12074908"
"KN295091v1","3006845","3007098","JH378124","5040993","5041244","32","2034148"
"KN295091v1","3048960","3049256","JH378121","18831730","18832017","50","15782770"
"KN295091v1","3075508","3075814","JH378113","38275328","38275639","43","35199820"
"KN295091v1","3119122","3119252","JH378129","3567484","3567613","17","448362"
"KN295091v1","3119321","3119496","JH378158","5000356","5000529","18","1881035"
"KN295091v1","3394822","3395131","JH378160","14488261","14488568","37","11093439"
"KN295091v1","3492929","3493213","JH378204","3228266","3228551","35","264663"
"KN295091v1","3494968","3495259","JH378288","2257077","2257368","34","1237891"
"KN295091v1","3558659","3558940","JH378113","28252367","28252645","37","24693708"
"KN295091v1","3576448","3576764","JH378172","12064674","12064982","43","8488226"
"KN295091v1","3583231","3583400","JH378205","6658247","6658406","33","3075016"
"KN295091v1","3776918","3777223","JH378115","25041145","25041450","41","21264227"
"KN295091v1","3943192","3943500","JH378187","2906095","2906405","41","1037097"
"KN295092v1","303306","303592","JH378245","2867748","2868031","35","2564442"
"KN295092v1","303605","303768","JH378177","4267769","4267941","26","3964164"
"KN295092v1","303781","303952","JH378170","5766940","5767106","24","5463159"
"KN295092v1","313825","314136","JH378140","7338564","7338875","32","7024739"
"KN295092v1","691715","692020","JH378107","32189786","32190091","35","31498071"
"KN295092v1","747644","747928","JH378182","3623832","3624120","31","2876188"
"KN295092v1","833399","833698","JH378128","23998074","23998363","52","23164675"
"KN295092v1","1027806","1027934","JH378119","11491127","11491259","17","10463321"
"KN295095v1","810","1102","JH378124","15582898","15583197","44","15582088"
"KN295095v1","44704","45008","JH378111","25473856","25474161","41","25429152"
"KN295096v1","64578","64890","JH378197","7145768","7146073","41","7081190"
"KN295096v1","77016","77213","JH378220","4361793","4361994","24","4284777"
"KN295096v1","104840","105034","JH378106","66691679","66691868","32","66586839"
"KN295096v1","107136","107448","JH378110","37105808","37106120","37","36998672"
"KN295096v1","130011","130328","JH378109","42895784","42896100","36","42765773"
"KN295096v1","136212","136343","JH378152","14434481","14434612","16","14298269"
"KN295096v1","137777","138077","JH378127","8597379","8597683","32","8459602"
"KN295096v1","194629","194906","JH378173","5853217","5853492","38","5658588"
"KN295096v1","270524","270837","JH378106","70986080","70986388","39","70715556"
"KN295096v1","280000","280291","JH378137","5280430","5280722","33","5000430"
"KN295096v1","315943","316240","JH378115","28712376","28712673","33","28396433"
"KN295096v1","329611","329914","JH378213","5393305","5393609","36","5063694"
"KN295096v1","381129","381416","JH378105","55697359","55697652","37","55316230"
"KN295096v1","381852","382142","JH378137","7745755","7746044","36","7363903"
"KN295096v1","390862","391148","JH378130","67468","67757","40","323394"
"KN295096v1","408555","408865","JH378115","34859185","34859494","34","34450630"
"KN295096v1","430591","430868","JH378113","28252367","28252645","35","27821776"
"KN295096v1","430897","430916","JH378111","33423149","33423167","7","32992252"
"KN295096v1","445468","445778","JH378170","4783494","4783792","39","4338026"
"KN295096v1","453487","453799","JH378107","23960974","23961285","37","23507487"
"KN295096v1","455661","455950","JH378137","17180557","17180843","39","16724896"
"KN295096v1","496480","496766","JH378131","12751279","12751562","40","12254799"
"KN295096v1","499146","499453","JH378166","1276502","1276806","39","777356"
"KN295096v1","499575","499871","JH378116","28869529","28869826","31","28369954"
"KN295096v1","537635","537928","JH378108","23280248","23280545","33","22742613"
"KN295096v1","549893","550178","JH378131","20040804","20041076","40","19490911"
"KN295096v1","550527","550714","JH378255","15803","15998","54","534724"
"KN295096v1","561243","561538","JH378137","8756749","8757045","34","8195506"
"KN295096v1","598416","598702","JH378191","59786","60074","35","538630"
"KN295096v1","649271","649569","JH378111","25473856","25474161","37","24824585"
"KN295096v1","705982","706292","JH378126","21026752","21027059","30","20320770"
"KN295096v1","716236","716542","JH378109","28204557","28204865","40","27488321"
"KN295096v1","864062","864351","JH378110","13953259","13953553","30","13089197"
"KN295096v1","1145521","1145811","JH378108","8168852","8169143","34","7023331"
"KN295096v1","1171966","1172259","JH378114","42105405","42105693","36","40933439"
"KN295096v1","1215752","1216065","JH378114","21125966","21126270","37","19910214"
"KN295096v1","1226097","1226391","JH378198","1596143","1596429","37","370046"
"KN295096v1","1259792","1260082","JH378121","29566176","29566469","38","28306384"
"KN295096v1","1381343","1381637","JH378109","8182043","8182339","39","6800700"
"KN295096v1","1442746","1443051","JH378206","6984481","6984785","41","5541735"
"KN295096v1","1675915","1676216","JH378293","1892833","1893133","31","216918"
"KN295096v1","1743488","1743793","JH378110","12146106","12146409","38","10402618"
"KN295096v1","1745710","1745849","JH378107","43659539","43659676","17","41913829"
"KN295096v1","1747946","1748256","JH378176","10165794","10166105","41","8417848"
"KN295096v1","1853191","1853494","JH378173","9055905","9056209","43","7202714"
"KN295096v1","1957061","1957362","JH378288","1088673","1088973","30","868388"
"KN295096v1","2150831","2151145","JH378120","16327645","16327955","33","14176814"
"KN295096v1","2220371","2220621","JH378118","16931891","16932142","51","14711520"
"KN295096v1","2226895","2227202","JH378125","18903380","18903682","40","16676485"
"KN295096v1","2284711","2285007","JH378125","1232970","1233271","53","1051741"
"KN295096v1","2370005","2370306","JH378108","30731255","30731558","43","28361250"
"KN295096v1","2392329","2392610","JH378113","28252367","28252645","31","25860038"
"KN295096v1","2527559","2527718","JH378109","34949958","34950119","24","32422399"
"KN295096v1","2601663","2601957","JH378241","5492398","5492696","41","2890735"
"KN295096v1","2827368","2827669","JH378204","6493604","6493911","42","3666236"
"KN295096v1","2969017","2969327","JH378110","19934311","19934616","40","16965294"
"KN295096v1","2988164","2988473","JH378118","784124","784434","34","2204040"
"KN295096v1","3158268","3158577","JH378108","45945341","45945637","56","42787073"
"KN295096v1","3299441","3299705","JH378115","3517106","3517371","41","217665"
"KN295096v1","3377407","3377688","JH378129","11457553","11457829","50","8080146"
"KN295096v1","3429238","3429546","JH378218","1444881","1445185","41","1984357"
"KN295096v1","3627433","3627739","JH378149","15914810","15915120","43","12287377"
"KN295096v1","3660795","3661110","JH378116","24080195","24080499","35","20419400"
"KN295096v1","3671131","3671429","JH378184","418760","419059","40","3252371"
"KN295096v1","3850490","3850790","JH378113","14455819","14456118","40","10605329"
"KN295096v1","4048764","4048969","JH378220","4361793","4361994","34","313029"
"KN295096v1","4121133","4121420","JH378115","26561420","26561711","31","22440287"
"KN295096v1","4144386","4144696","JH378139","10235494","10235803","47","6091108"
"KN295096v1","4186386","4186578","JH378110","8587541","8587733","24","4401155"
"KN295096v1","4356690","4357000","JH378281","2950232","2950541","34","1406458"
"KN295096v1","4407600","4407731","JH378134","16653752","16653881","23","12246152"
"KN295096v1","4640292","4640571","JH378105","35665534","35665817","37","31025242"
"KN295096v1","4714440","4714736","JH378212","4230407","4230702","29","484033"
"KN295098v1","47294","47604","JH378219","6829594","6829903","38","6782300"
"KN295098v1","282607","282793","JH378203","7387004","7387187","33","7104397"
"KN295098v1","282860","282980","JH378137","12695523","12695641","15","12412663"
"KN295098v1","325712","326005","JH378108","23280248","23280545","39","22954536"
"KN295099v1","8721","9002","JH378140","8317728","8318013","42","8309007"
"KN295099v1","109034","109340","JH378109","34313310","34313620","38","34204276"
"KN295099v1","160782","161067","JH378110","33965074","33965373","62","33804292"
"KN295099v1","209110","209413","JH378115","25041145","25041450","36","24832035"
"KN295099v1","224606","224917","JH378120","16327645","16327955","39","16103039"
"KN295099v1","277681","277941","JH378234","4951637","4951896","40","4673956"
"KN295099v1","414966","415251","JH378252","3606457","3606738","44","3191491"
"KN295099v1","424112","424416","JH378106","67682418","67682723","41","67258306"
"KN295101v1","58318","58631","JH378108","44823734","44824043","41","44765416"
"KN295102v1","187691","187838","JH378105","26443831","26443989","24","26256140"
"KN295102v1","201214","201537","JH378224","3231505","3231824","40","3030291"
"KN295102v1","213345","213540","JH378126","9890405","9890601","26","9677060"
"KN295102v1","224991","225185","JH378115","31025049","31025241","36","30800058"
"KN295102v1","248119","248404","JH378244","2666778","2667061","37","2418659"
"KN295102v1","265019","265294","JH378199","7593197","7593494","48","7328178"
"KN295102v1","274130","274426","JH378115","28712376","28712673","32","28438246"
"KN295102v1","288209","288499","JH378148","16227423","16227714","38","15939214"
"KN295102v1","290181","290340","JH378133","9503153","9503311","19","9212972"
"KN295102v1","293437","293712","JH378167","5857246","5857537","42","5563809"
"KN295102v1","310061","310339","JH378114","8619531","8619809","33","8309470"
"KN295102v1","317350","317644","JH378293","2045148","2045440","42","1727798"
"KN295102v1","330371","330594","JH378232","3035323","3035539","37","2704952"
"KN295102v1","341900","342181","JH378124","22318819","22319099","36","21976919"
"KN295102v1","360246","360554","JH378120","16327645","16327955","34","15967399"
"KN295102v1","367693","367995","JH378265","2263256","2263553","32","1895563"
"KN295102v1","381746","382052","JH378197","7145768","7146073","35","6764022"
"KN295102v1","387007","387286","JH378144","7596090","7596371","31","7209083"
"KN295102v1","405666","405934","JH378109","10888586","10888859","61","10482920"
"KN295102v1","411423","411735","JH378112","33214699","33215012","40","32803276"
"KN295102v1","412959","413262","JH378197","7145768","7146073","41","6732809"
"KN295102v1","414283","414585","JH378117","9981348","9981653","55","9567065"
"KN295102v1","439982","440273","JH378187","5932890","5933180","46","5492908"
"KN295102v1","446044","446341","JH378106","686343","686642","39","240299"
"KN295102v1","455198","455498","JH378288","1088673","1088973","23","633475"
"KN295102v1","459919","460201","JH378139","18955642","18955939","46","18495723"
"KN295102v1","491393","491680","JH378187","3543345","3543634","46","3051952"
"KN295107v1","43727","43810","JH378127","22853019","22853113","18","22809292"
"KN295107v1","45107","45214","JH378118","35381911","35382019","12","35336804"
"KN295107v1","54075","54363","JH378169","5660854","5661141","33","5606779"
"KN295107v1","132405","132701","JH378163","13372336","13372629","36","13239931"
"KN295107v1","153604","153909","JH378110","32975507","32975812","30","32821903"
"KN295107v1","200692","200978","JH378156","14928976","14929264","43","14728284"
"KN295107v1","222401","222707","JH378137","7745755","7746044","44","7523354"
"KN295107v1","471810","472105","JH378122","13169953","13170248","30","12698143"
"KN295107v1","540922","541177","JH378212","595089","595334","41","54167"
"KN295107v1","559552","559863","JH378110","19934311","19934616","36","19374759"
"KN295107v1","560390","560635","JH378119","28597739","28597991","32","28037349"
"KN295107v1","595569","595873","JH378142","1879520","1879819","44","1283951"
"KN295107v1","663164","663323","JH378108","45330665","45330828","21","44667501"
"KN295107v1","678734","679029","JH378191","6177328","6177618","35","5498594"
"KN295107v1","714414","714703","JH378153","7392982","7393269","37","6678568"
"KN295107v1","740252","740561","JH378123","491683","491985","37","248569"
"KN295107v1","784020","784315","JH378198","4226780","4227075","36","3442760"
"KN295107v1","802964","803247","JH378109","41150698","41150980","39","40347734"
"KN295107v1","1029252","1029542","JH378139","1980713","1981003","41","951461"
"KN295107v1","1052915","1053218","JH378199","3025913","3026211","34","1972998"
"KN295107v1","1101387","1101670","JH378278","3205790","3206071","34","2104403"
"KN295107v1","1135549","1135855","JH378108","54706929","54707230","50","53571380"
"KN295107v1","1203338","1203495","JH378124","9991303","9991458","20","8787965"
"KN295107v1","1212726","1213016","JH378151","8381511","8381803","37","7168785"
"KN295107v1","1221940","1222231","JH378151","15551938","15552226","46","14329998"
"KN295107v1","1238438","1238773","JH378120","7027532","7027838","62","5789094"
"KN295107v1","1324665","1324964","JH378137","17138846","17139141","33","15814181"
"KN295107v1","1325649","1325958","JH378123","22693589","22693897","41","21367940"
"KN295107v1","1544541","1544834","JH378139","16259084","16259375","25","14714543"
"KN295107v1","1557317","1557645","JH378199","6527275","6527599","59","4969958"
"KN295108v1","158845","159155","JH378181","2052926","2053235","45","1894081"
"KN295108v1","410081","410360","JH378246","562506","562779","37","152425"
"KN295108v1","621074","621355","JH378108","17373296","17373582","39","16752222"
"KN295108v1","654246","654532","JH378286","766419","766702","41","112173"
"KN295109v1","21007","21309","JH378106","59688577","59688884","47","59667570"
"KN295110v1","17335","17627","JH378145","2733878","2734174","39","2716543"
"KN295110v1","165899","166258","JH378213","4415237","4415570","85","4249338"
"KN295110v1","261772","262082","JH378126","21026752","21027059","37","20764980"
"KN295110v1","313432","313653","JH378125","8801606","8801824","41","8488174"
"KN295110v1","355797","356108","JH378148","17201496","17201806","41","16845699"
"KN295110v1","441746","442042","JH378117","25112135","25112425","35","24670389"
"KN295111v1","12543","12853","JH378107","31087548","31087839","60","31075005"
"KN295112v1","12296","12592","JH378131","20072845","20073138","37","20060549"
"KN295112v1","15033","15293","JH378145","2645919","2646181","33","2630886"
"KN295112v1","35749","36051","JH378152","11206587","11206875","59","11170838"
"KN295112v1","60186","60467","JH378262","448066","448345","39","387880"
"KN295112v1","215270","215573","JH378119","218814","219116","36","3544"
"KN295112v1","407694","407730","JH378133","19963527","19963570","14","19555833"
"KN295112v1","434488","434792","JH378116","11181268","11181574","33","10746780"
"KN295112v1","450590","450895","JH378115","25570507","25570808","42","25119917"
"KN295112v1","479542","479849","JH378115","34859185","34859494","34","34379643"
"KN295112v1","485777","486072","JH378124","17669551","17669849","42","17183774"
"KN295112v1","504130","504217","JH378127","18184926","18185009","15","17680796"
"KN295112v1","504802","505103","JH378107","32029619","32029921","30","31524817"
"KN295112v1","523446","523744","JH378121","17204752","17205050","37","16681306"
"KN295112v1","531571","531869","JH378293","1524576","1524874","34","993005"
"KN295112v1","559263","559573","JH378127","15733864","15734171","42","15174601"
"KN295112v1","578744","579045","JH378308","1420623","1420924","31","841879"
"KN295112v1","585793","586089","JH378240","2042566","2042863","42","1456773"
"KN295112v1","592150","592450","JH378110","13285798","13286099","42","12693648"
"KN295112v1","606931","607228","JH378155","899165","899463","35","292234"
"KN295112v1","609432","609555","JH378317","703773","703896","13","94341"
"KN295112v1","623023","623328","JH378112","35288143","35288449","37","34665120"
"KN295112v1","626421","626726","JH378108","30731255","30731558","37","30104834"
"KN295112v1","627816","628127","JH378126","21026752","21027059","36","20398936"
"KN295112v1","629060","629369","JH378224","2769148","2769454","32","2140088"
"KN295112v1","632279","632497","JH378175","8914882","8915086","39","8282603"
"KN295112v1","637217","637480","JH378105","36059082","36059351","60","35421865"
"KN295112v1","645096","645403","JH378288","1088673","1088973","41","443577"
"KN295114v1","17389","17685","JH378106","69239155","69239449","34","69221766"
"KN295114v1","33262","33510","JH378120","16484099","16484340","40","16450837"
"KN295114v1","46810","47101","JH378115","28712376","28712673","33","28665566"
"KN295114v1","76797","76965","JH378131","20709128","20709296","21","20632331"
"KN295114v1","86993","87294","JH378110","38852916","38853220","48","38765923"
"KN295114v1","87343","87596","JH378136","13833996","13834244","34","13746653"
"KN295114v1","87701","87988","JH378267","45709","46000","44","41992"
"KN295114v1","91477","91708","JH378182","7242182","7242413","34","7150705"
"KN295114v1","99965","100268","JH378173","2753783","2754078","47","2653818"
"KN295114v1","100380","100625","JH378127","15502561","15502805","34","15402181"
"KN295114v1","126350","126645","JH378134","13452147","13452446","41","13325797"
"KN295114v1","128132","128430","JH378220","2784017","2784313","35","2655885"
"KN295114v1","131748","132067","JH378178","8308591","8308898","44","8176843"
"KN295114v1","135769","136052","JH378133","22133463","22133752","46","21997694"
"KN295114v1","140511","140791","JH378281","2119219","2119496","47","1978708"
"KN295114v1","142437","142599","JH378105","57398641","57398804","25","57256204"
"KN295114v1","143954","144264","JH378123","16485301","16485612","40","16341347"
"KN295114v1","148749","148940","JH378257","3573357","3573550","26","3424608"
"KN295114v1","149233","149368","JH378148","2199912","2200040","33","2050679"
"KN295114v1","155531","155831","JH378139","2748251","2748546","69","2592720"
"KN295114v1","184001","184300","JH378228","5509057","5509356","34","5325056"
"KN295114v1","196235","196531","JH378115","28712376","28712673","36","28516141"
"KN295114v1","209035","209248","JH378142","3014324","3014536","30","2805289"
"KN295114v1","209558","209673","JH378108","45125818","45125934","16","44916260"
"KN295114v1","267850","268165","JH378129","1036876","1037187","45","769026"
"KN295114v1","269005","269291","JH378153","6959025","6959323","40","6690020"
"KN295114v1","298266","298558","JH378139","16259084","16259375","31","15960818"
"KN295114v1","322515","322817","JH378110","38852916","38853220","37","38530401"
"KN295114v1","327332","327584","JH378159","2225578","2225832","48","1898246"
"KN295114v1","359778","360081","JH378107","29637682","29637982","37","29277904"
"KN295114v1","389614","389771","JH378115","40754719","40754879","25","40365105"
"KN295114v1","390096","390231","JH378170","4607757","4607886","22","4217661"
"KN295114v1","417388","417686","JH378127","22238831","22239131","35","21821443"
"KN295115v1","104521","104824","JH378141","15280941","15281250","53","15176420"
"KN295115v1","331403","331711","JH378139","17878350","17878657","44","17546947"
"KN295115v1","465631","465924","JH378204","7475485","7475776","42","7009854"
"KN295117v1","77737","78022","JH378232","3226239","3226529","36","3148502"
"KN295117v1","108028","108183","JH378224","6313720","6313860","29","6205692"
"KN295117v1","111602","111903","JH378139","10082446","10082743","39","9970844"
"KN295117v1","116500","116819","JH378312","1040244","1040557","39","923744"
"KN295117v1","121294","121595","JH378178","1717736","1718040","40","1596442"
"KN295117v1","142511","142789","JH378114","29675067","29675349","34","29532556"
"KN295117v1","144482","144780","JH378293","1226265","1226562","29","1081783"
"KN295117v1","170937","171257","JH378152","11654622","11654934","43","11483685"
"KN295117v1","182329","182633","JH378140","6602564","6602868","40","6420235"
"KN295117v1","186735","187031","JH378159","2054904","2055199","31","1868169"
"KN295117v1","233903","234212","JH378316","245997","246306","41","12094"
"KN295117v1","238937","239086","JH378224","6313720","6313860","28","6074783"
"KN295117v1","247643","247846","JH378111","13611134","13611335","25","13363491"
"KN295117v1","254720","255028","JH378179","1841978","1842282","35","1587258"
"KN295117v1","269264","269564","JH378291","2126454","2126761","35","1857190"
"KN295117v1","299651","299939","JH378217","4113977","4114264","36","3814326"
"KN295117v1","314605","314913","JH378127","20885536","20885841","43","20570931"
"KN295117v1","349101","349410","JH378149","11057149","11057455","44","10708048"
"KN295117v1","351171","351310","JH378134","15857895","15858029","21","15506724"
"KN295117v1","351610","351780","JH378106","17191519","17191691","16","16839909"
"KN295118v1","74037","74343","JH378279","2687810","2688114","32","2613773"
"KN295118v1","128797","129093","JH378118","9006884","9007186","46","8878087"
"KN295118v1","152553","152853","JH378198","2398777","2399079","34","2246224"
"KN295118v1","202737","202981","JH378165","4246422","4246671","34","4043685"
"KN295119v1","66278","66578","JH378124","15582898","15583197","29","15516620"
"KN295119v1","71862","72154","JH378115","28712376","28712673","39","28640514"
"KN295122v1","71717","71817","JH378126","24115264","24115364","11","24043547"
"KN295122v1","133501","133773","JH378106","1255495","1255784","51","1121994"
"KN295122v1","232132","232443","JH378126","21026752","21027059","36","20794620"
"KN295131v1","21452","21745","JH378121","28134492","28134784","39","28113040"
"KN295135v1","291871","292150","JH378118","28950833","28951112","51","28658962"
"KN295135v1","308241","308519","JH378246","562506","562779","42","254265"
"KN295136v1","23011","23306","JH378159","11461654","11461947","35","11438643"
"KN295136v1","38490","38752","JH378118","28627245","28627506","33","28588755"
"KN295136v1","56854","57137","JH378111","18891030","18891318","42","18834176"
"KN295136v1","57900","58070","JH378216","2439129","2439296","31","2381229"
"KN295139v1","27751","28062","JH378151","6867632","6867928","57","6839881"
"KN295139v1","210797","211044","JH378144","5009240","5009490","45","4798443"
"KN295139v1","212438","212719","JH378110","35445538","35445820","36","35233100"
"KN295142v1","8318","8628","JH378187","3870677","3870988","43","3862359"
"KN295142v1","74474","74780","JH378159","5493568","5493869","44","5419094"
"KN295142v1","231447","231741","JH378133","22138850","22139145","38","21907403"
"KN295142v1","237437","237747","JH378355","264810","265118","38","27373"
"KN295142v1","240812","241036","JH378188","3509769","3509998","35","3268957"
"KN295142v1","415410","415698","JH378151","8652626","8652916","36","8237216"
"KN295142v1","439207","439524","JH378121","18633641","18633954","38","18194434"
"KN295142v1","476113","476383","JH378135","4749136","4749412","46","4273023"
"KN295142v1","966977","967269","JH378110","12146106","12146409","37","11179129"
"KN295142v1","967754","968079","JH378124","26896374","26896692","46","25928620"
"KN295142v1","1218072","1218380","JH378197","8301771","8302079","48","7083699"
"KN295142v1","1239903","1240213","JH378289","2125754","2126067","40","885851"
"KN295142v1","1639794","1640085","JH378121","29566176","29566469","42","27926382"
"KN295142v1","1646874","1647110","JH378139","4834835","4835068","45","3187961"
"KN295142v1","1654974","1655055","JH378105","51377805","51377886","12","49722831"
"KN295142v1","1655967","1656259","JH378173","2192187","2192483","37","536220"
"KN295146v1","35132","35220","JH378125","5308706","5308792","14","5273574"
"KN295147v1","268730","268808","JH378194","8973763","8973842","9","8705033"
"KN295147v1","290040","290351","JH378191","5184511","5184822","29","4894471"
"KN295149v1","60287","60589","JH378124","21806094","21806395","48","21745807"
"KN295150v1","41967","42244","JH378114","20276504","20276786","38","20234537"
"KN295150v1","83829","84129","JH378111","18196736","18197035","37","18112907"
"KN295150v1","103898","104038","JH378106","49133559","49133693","24","49029661"
"KN295152v1","216843","217128","JH378112","21520492","21520774","36","21303649"
"KN295152v1","243817","244115","JH378171","2797330","2797637","38","2553513"
"KN295152v1","483763","484075","JH378144","4716653","4716962","38","4232890"
"KN295152v1","489767","490079","JH378132","2636147","2636459","39","2146380"
"KN295152v1","550865","551168","JH378211","2356763","2357069","36","1805898"
"KN295152v1","694496","694801","JH378126","23919556","23919859","32","23225060"
"KN295152v1","701829","702130","JH378127","18566293","18566586","45","17864464"
"KN295154v1","41762","42064","JH378170","4368015","4368316","38","4326253"
"KN295154v1","63213","63525","JH378124","3802405","3802714","34","3739192"
"KN295154v1","67715","68015","JH378138","5380451","5380753","36","5312736"
"KN295154v1","127801","128105","JH378141","18468307","18468612","38","18340506"
"KN295154v1","189286","189585","JH378122","23368984","23369285","26","23179698"
"KN295154v1","192928","193235","JH378288","1088673","1088973","40","895745"
"KN295154v1","237691","238002","JH378113","22022129","22022435","37","21784438"
"KN295154v1","251151","251462","JH378120","16327645","16327955","26","16076494"
"KN295154v1","298746","299046","JH378293","1524576","1524874","30","1225830"
"KN295154v1","332411","332702","JH378185","279890","280186","39","52521"
"KN295154v1","345193","345492","JH378124","15582898","15583197","30","15237705"
"KN295157v1","261873","262167","JH378159","837474","837769","36","575601"
"KN295157v1","86934","87239","JH378225","6457829","6458137","34","6370895"
"KN295157v1","97027","97118","JH378139","18145851","18145942","12","18048824"
"KN295157v1","112171","112475","JH378127","15733864","15734171","39","15621693"
"KN295157v1","114336","114639","JH378119","11179406","11179710","35","11065070"
"KN295157v1","117286","117592","JH378127","13030965","13031271","35","12913679"
"KN295157v1","129630","129925","JH378158","2897938","2898230","41","2768308"
"KN295157v1","145762","146056","JH378159","2054904","2055199","36","1909142"
"KN295157v1","153145","153406","JH378167","9534568","9534835","38","9381423"
"KN295157v1","156569","156842","JH378153","11397511","11397786","40","11240942"
"KN295157v1","160487","160797","JH378115","25041145","25041450","45","24880658"
"KN295157v1","173217","173510","JH378175","6747121","6747415","34","6573904"
"KN295157v1","173610","173922","JH378173","10496777","10497072","47","10323167"
"KN295157v1","176988","177309","JH378114","41668323","41668648","46","41491335"
"KN295157v1","195646","195948","JH378155","15098133","15098431","37","14902487"
"KN295157v1","197632","197941","JH378197","7145768","7146073","32","6948136"
"KN295157v1","216506","216705","JH378252","3124175","3124368","25","2907669"
"KN295157v1","224413","224547","JH378256","3563190","3563323","15","3338777"
"KN295157v1","236568","236878","JH378124","11115297","11115604","42","10878729"
"KN295157v1","277230","277506","JH378246","562506","562779","36","285276"
"KN295157v1","290691","290954","JH378127","24612564","24612827","37","24321873"
"KN295157v1","301385","301631","JH378144","16198935","16199190","52","15897550"
"KN295157v1","306048","306348","JH378114","7122925","7123229","29","6816877"
"KN295157v1","308567","308851","JH378134","18660417","18660708","50","18351850"
"KN295157v1","345292","345590","JH378112","34930069","34930370","38","34584777"
"KN295157v1","354876","355174","JH378114","36976328","36976626","29","36621452"
"KN295157v1","356219","356337","JH378146","844599","844713","30","488380"
"KN295159v1","51998","52300","JH378106","32310803","32311102","42","32258805"
"KN295159v1","232371","232679","JH378285","109951","110258","44","122420"
"KN295159v1","328469","328766","JH378142","2685720","2686017","42","2357251"
"KN295159v1","354010","354312","JH378245","749087","749382","46","395077"
"KN295159v1","550673","550973","JH378115","25570507","25570808","46","25019834"
"KN295159v1","694480","694784","JH378129","10258595","10258896","43","9564115"
"KN295159v1","800481","800765","JH378232","3469099","3469391","46","2668618"
"KN295159v1","954867","955168","JH378115","25570507","25570808","30","24615640"
"KN295159v1","1126663","1126929","JH378109","14026176","14026435","52","12899513"
"KN295159v1","1346948","1347245","JH378197","6617923","6618219","44","5270975"
"KN295159v1","1377430","1377702","JH378165","6146476","6146756","47","4769046"
"KN295159v1","1388460","1388756","JH378228","5509057","5509356","35","4120597"
"KN295159v1","1496844","1497142","JH378110","33965074","33965373","53","32468230"
"KN295161v1","23053","23344","JH378105","6125259","6125549","34","6102206"
"KN295161v1","134869","135157","JH378129","11605417","11605706","40","11470548"
"KN295161v1","206843","207142","JH378228","5798410","5798708","38","5591567"
"KN295161v1","209231","209402","JH378135","381040","381211","21","171809"
"KN295161v1","209433","209551","JH378129","888868","888984","9","679435"
"KN295161v1","371793","372086","JH378106","45694871","45695163","41","45323078"
"KN295165v1","114291","114575","JH378224","3887674","3887953","39","3773383"
"KN295165v1","239637","239914","JH378114","20586739","20587016","41","20347102"
"KN295165v1","282544","282826","JH378127","18646606","18646884","37","18364062"
"KN295165v1","334696","335019","JH378260","2282137","2282463","46","1947441"
"KN295165v1","343286","343616","JH378125","7648469","7648793","54","7305183"
"KN295166v1","2747","3057","JH378139","1159515","1159824","33","1156768"
"KN295166v1","43893","44174","JH378105","36059082","36059351","42","36015189"
"KN295166v1","103126","103270","JH378108","24059236","24059376","27","23956110"
"KN295166v1","248424","248715","JH378333","587605","587900","31","339181"
"KN295171v1","200","331","JH378115","31727665","31727796","13","31727465"
"KN295171v1","7037","7335","JH378113","6692573","6692881","37","6685536"
"KN295171v1","11879","12180","JH378139","18955642","18955939","40","18943763"
"KN295171v1","228676","228976","JH378126","23919556","23919859","34","23690880"
"KN295171v1","255659","255946","JH378141","12391086","12391376","36","12135427"
"KN295171v1","274790","275096","JH378116","121620","121916","50","153170"
"KN295171v1","302862","303182","JH378260","2282137","2282463","41","1979275"
"KN295171v1","330715","331004","JH378116","24890259","24890547","39","24559544"
"KN295171v1","332090","332393","JH378213","6787569","6787866","36","6455479"
"KN295171v1","356382","356652","JH378120","31630637","31630909","39","31274255"
"KN295171v1","358143","358434","JH378127","15652504","15652797","36","15294361"
"KN295171v1","358729","359024","JH378105","33992488","33992780","27","33633759"
"KN295171v1","381818","382112","JH378228","5509057","5509356","31","5127239"
"KN295171v1","382801","383017","JH378115","23702820","23703035","27","23320019"
"KN295171v1","384690","384986","JH378191","8907552","8907851","31","8522862"
"KN295171v1","386551","386858","JH378139","13010907","13011199","51","12624356"
"KN295171v1","392253","392543","JH378227","1298001","1298287","37","905748"
"KN295171v1","394360","394653","JH378149","1427296","1427590","42","1032936"
"KN295171v1","452848","453133","JH378117","25803939","25804227","37","25351091"
"KN295171v1","456810","457102","JH378205","5080625","5080919","30","4623815"
"KN295171v1","468415","468708","JH378116","38169765","38170057","43","37701350"
"KN295171v1","479092","479399","JH378106","69503433","69503732","42","69024341"
"KN295171v1","479402","479717","JH378246","3098526","3098831","44","2619124"
"KN295171v1","482955","483259","JH378135","1426703","1427005","37","943748"
"KN295171v1","483319","483633","JH378172","9566909","9567221","34","9083590"
"KN295171v1","507128","507432","JH378279","2958327","2958633","38","2451199"
"KN295171v1","541323","541621","JH378137","7407944","7408236","32","6866621"
"KN295171v1","567503","567810","JH378108","30731255","30731558","34","30163752"
"KN295171v1","598449","598784","JH378108","32149536","32149868","56","31551087"
"KN295171v1","598813","599067","JH378315","888705","888958","43","289892"
"KN295171v1","620611","620913","JH378148","15796597","15796901","36","15175986"
"KN295171v1","656414","656687","JH378177","6664715","6664994","45","6008301"
"KN295171v1","722320","722530","JH378685","3741","3956","30","718579"
"KN295171v1","746063","746322","JH378173","11278180","11278438","43","10532117"
"KN295171v1","749981","750290","JH378126","21026752","21027059","29","20276771"
"KN295171v1","770374","770682","JH378126","21026752","21027059","33","20256378"
"KN295171v1","772208","772526","JH378180","6380564","6380874","37","5608356"
"KN295171v1","781207","781494","JH378281","438349","438635","36","342858"
"KN295171v1","783012","783321","JH378167","5351158","5351469","32","4568146"
"KN295171v1","793233","793544","JH378135","3149477","3149786","38","2356244"
"KN295171v1","800399","800697","JH378118","29402355","29402652","35","28601956"
"KN295171v1","801697","801992","JH378241","5492398","5492696","31","4690701"
"KN295171v1","826033","826343","JH378187","2906095","2906405","39","2080062"
"KN295171v1","861809","862119","JH378113","6692573","6692881","40","5830764"
"KN295171v1","866081","866379","JH378216","3208225","3208520","35","2342144"
"KN295171v1","875074","875375","JH378111","20603266","20603567","30","19728192"
"KN295171v1","1081640","1081943","JH378151","4318339","4318636","36","3236699"
"KN295171v1","1256522","1256821","JH378118","27158505","27158804","37","25901983"
"KN295171v1","1402485","1402794","JH378316","245997","246306","43","1156488"
"KN295171v1","1456901","1457195","JH378124","17923330","17923624","39","16466429"
"KN295171v1","1531099","1531384","JH378111","19524517","19524801","39","17993418"
"KN295171v1","1621313","1621616","JH378126","21026752","21027059","41","19405439"
"KN295172v1","32608","32901","JH378112","30912176","30912478","46","30879568"
"KN295172v1","161954","162248","JH378119","11568077","11568368","37","11406123"
"KN295172v1","172946","173254","JH378153","7272292","7272596","37","7099346"
"KN295172v1","187542","187839","JH378106","6434398","6434702","53","6246856"
"KN295172v1","189535","189835","JH378153","7272292","7272596","35","7082757"
"KN295172v1","225716","226011","JH378124","15582898","15583197","40","15357182"
"KN295172v1","254053","254348","JH378220","2784017","2784313","36","2529964"
"KN295172v1","279207","279508","JH378119","218814","219116","37","60393"
"KN295172v1","289177","289480","JH378125","15893280","15893581","30","15604103"
"KN295172v1","293288","293557","JH378312","964075","964341","44","670787"
"KN295172v1","301421","301700","JH378149","5138581","5138857","41","4837160"
"KN295172v1","303479","303766","JH378125","4727308","4727603","37","4423829"
"KN295174v1","15120","15431","JH378113","6199734","6200044","34","6184614"
"KN295174v1","56330","56469","JH378197","7448668","7448807","23","7392338"
"KN295174v1","145926","146192","JH378156","8329530","8329803","34","8183604"
"KN295174v1","157135","157428","JH378151","3515305","3515602","34","3358170"
"KN295174v1","182892","183193","JH378127","18482283","18482588","36","18299391"
"KN295174v1","230185","230496","JH378126","21026752","21027059","29","20796567"
"KN295174v1","275109","275417","JH378126","21026752","21027059","38","20751643"
"KN295174v1","287824","288136","JH378167","5351158","5351469","35","5063334"
"KN295174v1","297183","297459","JH378238","4530794","4531075","40","4233611"
"KN295174v1","331725","332024","JH378170","4783494","4783792","35","4451769"
"KN295174v1","352223","352514","JH378172","3560988","3561286","34","3208765"
"KN295174v1","366235","366554","JH378234","4844507","4844813","47","4478272"
"KN295174v1","478626","478929","JH378119","6124403","6124708","37","5645777"
"KN295174v1","495634","495850","JH378213","5259911","5260128","34","4764277"
"KN295174v1","539605","539711","JH378119","10750054","10750159","13","10210449"
"KN295174v1","542291","542578","JH378157","9676550","9676840","38","9134259"
"KN295174v1","754488","754788","JH378114","7122925","7123229","37","6368437"
"KN295174v1","843854","844138","JH378118","14784020","14784304","33","13940166"
"KN295174v1","954881","955163","JH378114","20276504","20276786","40","19321623"
"KN295174v1","989470","989779","JH378225","6457829","6458137","46","5468359"
"KN295174v1","1010211","1010515","JH378199","2052523","2052830","41","1042312"
"KN295174v1","1061278","1061556","JH378137","2561271","2561548","38","1499993"
"KN295175v1","15268","15563","JH378128","12072577","12072875","43","12057309"
"KN295176v1","101050","101361","JH378193","3718023","3718334","44","3616973"
"KN295177v1","30358","30644","JH378139","1980713","1981003","43","1950355"
"KN295178v1","30","197","JH378106","59484451","59484620","22","59484421"
"KN295185v1","11010","11299","JH378115","33279263","33279559","33","33268253"
"KN295185v1","182794","182943","JH378166","13297978","13298126","18","13115184"
"KN295185v1","352949","353243","JH378149","539268","539562","34","186319"
"KN295185v1","390291","390489","JH378186","6178471","6178668","32","5788180"
"KN295190v1","50783","51090","JH378114","41731735","41732046","38","41680952"
"KN295195v1","205828","206102","JH378105","58407239","58407510","41","58201411"
"KN295195v1","243795","244084","JH378186","5197059","5197354","46","4953264"
"KN295195v1","382416","382737","JH378140","6883086","6883394","56","6500670"
"KN295195v1","446382","446665","JH378105","36618017","36618297","39","36171635"
"KN295195v1","524816","525100","JH378162","11229223","11229499","59","10704407"
"KN295195v1","532986","533259","JH378110","17880643","17880926","50","17347657"
"KN295195v1","533404","533711","JH378293","327440","327746","41","205964"
"KN295195v1","546961","547257","JH378105","4190308","4190610","51","3643347"
"KN295195v1","554842","555134","JH378137","7407944","7408236","47","6853102"
"KN295195v1","605505","605805","JH378151","4318339","4318636","35","3712834"
"KN295195v1","796656","796815","JH378139","5028772","5028929","29","4232116"
"KN295198v1","13318","13604","JH378216","6814492","6814786","38","6801174"
"KN295198v1","66456","66712","JH378312","964075","964341","39","897619"
"KN295198v1","93940","94245","JH378143","9419906","9420212","43","9325966"
"KN295198v1","126205","126460","JH378105","50213516","50213798","70","50087311"
"KN295198v1","127152","127453","JH378181","6657533","6657829","43","6530381"
"KN295198v1","142701","142991","JH378145","12879121","12879408","40","12736420"
"KN295198v1","196710","197027","JH378255","993532","993844","49","796822"
"KN295198v1","211986","212266","JH378177","6664715","6664994","39","6452729"
"KN295198v1","231098","231400","JH378239","2411921","2412225","31","2180823"
"KN295198v1","232441","232702","JH378110","11919596","11919855","29","11687155"
"KN295198v1","286993","287299","JH378288","1088673","1088973","38","801680"
"KN295198v1","293250","293551","JH378107","7568037","7568336","35","7274787"
"KN295198v1","296604","296891","JH378167","10405404","10405690","36","10108800"
"KN295198v1","361583","361889","JH378115","28712376","28712673","34","28350793"
"KN295198v1","428106","428393","JH378216","2540983","2541264","43","2112877"
"KN295198v1","452907","453206","JH378119","13756622","13756923","47","13303715"
"KN295198v1","548325","548536","JH378235","5655329","5655537","27","5107004"
"KN295198v1","597540","597841","JH378225","4269590","4269892","36","3672050"
"KN295198v1","612198","612497","JH378296","1500608","1500907","40","888410"
"KN295198v1","623858","624152","JH378149","1427296","1427590","37","803438"
"KN295198v1","644512","644807","JH378189","7485656","7485953","33","6841144"
"KN295198v1","656018","656324","JH378108","46666898","46667209","48","46010880"
"KN295198v1","658135","658441","JH378227","1175094","1175396","38","516959"
"KN295198v1","661374","661685","JH378148","12255931","12256243","34","11594557"
"KN295198v1","669569","669864","JH378124","15582898","15583197","31","14913329"
"KN295198v1","688957","689082","JH378154","2332009","2332135","13","1643052"
"KN295198v1","691816","692097","JH378105","66228341","66228625","60","65536525"
"KN295198v1","692934","693014","JH378135","1264115","1264194","11","571181"
"KN295198v1","694553","694850","JH378206","4086994","4087300","40","3392441"
"KN295198v1","704075","704209","JH378180","815630","815761","16","111555"
"KN295198v1","704472","704572","JH378113","16722063","16722164","14","16017591"
"KN295198v1","717312","717554","JH378198","2363451","2363683","46","1646139"
"KN295198v1","803125","803411","JH378109","41150698","41150980","33","40347573"
"KN295199v1","268","557","JH378130","67468","67757","38","67200"
"KN295202v1","6872","7046","JH378108","40357859","40358031","26","40350987"
"KN295202v1","7047","7355","JH378130","10795863","10796176","41","10788816"
"KN295202v1","7356","7483","JH378137","16178972","16179100","15","16171616"
"KN295202v1","8192","8500","JH378115","24637618","24637925","33","24629426"
"KN295202v1","20548","20829","JH378288","1088673","1088973","50","1068125"
"KN295202v1","59450","59744","JH378121","29566176","29566469","33","29506726"
"KN295202v1","169398","169695","JH378136","16281102","16281393","39","16111704"
"KN295202v1","289966","290259","JH378142","12979191","12979481","36","12689225"
"KN295202v1","294410","294717","JH378114","20007254","20007561","38","19712844"
"KN295202v1","314853","315160","JH378120","16327645","16327955","36","16012792"
"KN295202v1","496929","497236","JH378173","9055905","9056209","41","8558976"
"KN295202v1","626170","626466","JH378163","2667861","2668158","43","2041691"
"KN295202v1","639000","639282","JH378108","21208115","21208396","44","20569115"
"KN295202v1","673650","673962","JH378171","6181069","6181379","35","5507419"
"KN295202v1","719802","720113","JH378106","60843849","60844159","35","60124047"
"KN295202v1","743122","743395","JH378132","7601085","7601367","42","6857963"
"KN295202v1","798210","798507","JH378115","33279263","33279559","36","32481053"
"KN295202v1","971796","972102","JH378113","24179649","24179958","35","23207853"
"KN295202v1","1010724","1011015","JH378139","19252318","19252611","37","18241594"
"KN295202v1","1100541","1100834","JH378124","17923330","17923624","38","16822789"
"KN295202v1","1159316","1159571","JH378105","55539885","55540142","47","54380569"
"KN295202v1","1171376","1171678","JH378149","13456174","13456477","39","12284798"
"KN295202v1","1289581","1289887","JH378228","5509057","5509356","39","4219476"
"KN295202v1","1559441","1559743","JH378129","10258595","10258896","37","8699154"
"KN295202v1","1732537","1732839","JH378228","5509057","5509356","37","3776520"
"KN295202v1","1742979","1743277","JH378293","1524576","1524874","26","218403"
"KN295202v1","1840090","1840381","JH378151","8381511","8381803","32","6541421"
"KN295202v1","1981676","1981973","JH378205","5080625","5080919","37","3098949"
"KN295205v1","412027","412317","JH378290","2451483","2451770","33","2039456"
"KN295205v1","472472","472741","JH378244","2666778","2667061","42","2194306"
"KN295205v1","516585","516887","JH378149","11109971","11110270","31","10593386"
"KN295205v1","594578","594879","JH378110","36851661","36851959","34","36257083"
"KN295205v1","627089","627398","JH378139","17878350","17878657","36","17251261"
"KN295205v1","674040","674327","JH378193","1240379","1240665","30","566339"
"KN295205v1","711802","712082","JH378118","12326610","12326894","41","11614808"
"KN295205v1","753027","753319","JH378224","5450484","5450773","40","4697457"
"KN295205v1","765837","766129","JH378105","30024561","30024853","42","29258724"
"KN295205v1","778910","779206","JH378117","24903290","24903587","38","24124380"
"KN295205v1","819103","819402","JH378136","7727266","7727563","37","6908163"
"KN295205v1","864061","864359","JH378228","5616886","5617184","29","4752825"
"KN295205v1","868302","868602","JH378271","459308","459608","32","408994"
"KN295205v1","877205","877508","JH378107","18423511","18423808","44","17546306"
"KN295205v1","906646","906941","JH378216","6814492","6814786","39","5907846"
"KN295205v1","916459","916760","JH378173","9107488","9107786","34","8191029"
"KN295205v1","961442","961737","JH378137","8756749","8757045","40","7795307"
"KN295205v1","976127","976442","JH378126","21026752","21027059","40","20050625"
"KN295205v1","1003420","1003624","JH378245","486275","486480","36","517145"
"KN295205v1","1054218","1054517","JH378107","6641537","6641829","33","5587319"
"KN295205v1","1154869","1155061","JH378106","63232082","63232273","27","62077213"
"KN295205v1","1179972","1180253","JH378238","696451","696731","36","483521"
"KN295205v1","1208705","1208845","JH378188","9232673","9232814","15","8023968"
"KN295205v1","1208858","1209164","JH378106","33611471","33611778","33","32402613"
"KN295205v1","1211308","1211618","JH378355","264810","265118","36","946498"
"KN295205v1","1244810","1245110","JH378288","1088673","1088973","39","156137"
"KN295205v1","1246021","1246309","JH378114","38633523","38633820","43","37387502"
"KN295205v1","1250973","1251280","JH378167","8780864","8781177","44","7529891"
"KN295205v1","1261731","1262036","JH378228","5509057","5509356","33","4247326"
"KN295205v1","1262225","1262465","JH378127","23421527","23421764","33","22159302"
"KN295205v1","1268086","1268384","JH378124","15582898","15583197","47","14314812"
"KN295205v1","1277895","1278039","JH378184","5372802","5372943","18","4094907"
"KN295205v1","1278041","1278337","JH378125","5805311","5805602","30","4527270"
"KN295205v1","1282740","1283027","JH378205","5080625","5080919","35","3797885"
"KN295205v1","1291001","1291306","JH378235","1926199","1926506","34","635198"
"KN295205v1","1298124","1298436","JH378108","30731255","30731558","40","29433131"
"KN295205v1","1301103","1301259","AGCE01150298","1149","1302","30","1299954"
"KN295205v1","1301571","1301705","JH378203","6460277","6460410","14","5158706"
"KN295205v1","1306286","1306561","JH378140","15253836","15254113","34","13947550"
"KN295205v1","1309470","1309600","JH378300","914305","914433","15","395165"
"KN295205v1","1313305","1313609","JH378125","19027324","19027621","36","17714019"
"KN295205v1","1314120","1314418","JH378170","4783494","4783792","36","3469374"
"KN295205v1","1319865","1320170","JH378106","323050","323360","39","996815"
"KN295205v1","1335710","1336013","JH378124","15582898","15583197","29","14247188"
"KN295205v1","1347702","1348012","JH378112","13020786","13021090","40","11673084"
"KN295205v1","1383706","1384002","JH378116","28869529","28869826","33","27485823"
"KN295205v1","1398950","1399246","JH378206","6600635","6600925","40","5201685"
"KN295205v1","1412682","1412943","JH378119","7706243","7706501","36","6293561"
"KN295205v1","1544690","1544952","JH378312","964075","964341","37","580615"
"KN295205v1","1659993","1660278","JH378152","10737028","10737308","36","9077035"
"KN295205v1","1776330","1776551","JH378165","11456197","11456433","48","9679867"
"KN295205v1","1844502","1844806","JH378107","7568037","7568336","34","5723535"
"KN295209v1","156238","156543","JH378165","5178810","5179119","33","5022572"
"KN295209v1","197746","198049","JH378163","13565398","13565700","38","13367652"
"KN295209v1","218191","218455","JH378119","341991","342264","38","123800"
"KN295209v1","423746","423821","JH378169","4403211","4403288","13","3979465"
"KN295209v1","433438","433748","JH378120","20917041","20917351","45","20483603"
"KN295209v1","492910","493223","JH378256","2915478","2915790","39","2422568"
"KN295209v1","493585","493883","JH378173","10496777","10497072","32","10003192"
"KN295209v1","510625","510900","JH378279","102782","103056","32","407843"
"KN295209v1","522839","523136","JH378130","22977385","22977687","35","22454546"
"KN295209v1","600987","601292","JH378115","25041145","25041450","42","24440158"
"KN295209v1","659280","659581","JH378164","474367","474664","38","184913"
"KN295209v1","668146","668431","JH378187","7871268","7871552","34","7203122"
"KN295209v1","685570","685873","JH378115","4382023","4382316","41","3696453"
"KN295209v1","719884","720213","JH378117","19934113","19934430","47","19214229"
"KN295209v1","825083","825162","JH378135","1264115","1264194","9","439032"
"KN295213v1","79662","79962","JH378105","30024561","30024853","36","29944899"
"KN295215v1","44447","44766","JH378282","663203","663511","49","618756"
"KN295215v1","293637","293918","JH378144","7596090","7596371","38","7302453"
"KN295215v1","364763","364909","JH378127","18768802","18768949","22","18404039"
"KN295217v1","514","597","JH378110","35014134","35014217","10","35013620"
"KN295217v1","53767","54077","JH378126","21026752","21027059","28","20972985"
"KN295217v1","76848","77143","JH378108","20625679","20625975","35","20548831"
"KN295217v1","231378","231673","JH378111","40135907","40136202","42","39904529"
"KN295217v1","234566","234863","JH378127","5769610","5769910","40","5535044"
"KN295217v1","266383","266651","JH378193","3248833","3249099","39","2982450"
"KN295217v1","287608","287909","JH378153","9235709","9236012","47","8948101"
"KN295217v1","385310","385643","JH378110","32125100","32125437","54","31739790"
"KN295217v1","391689","391977","JH378293","1524576","1524874","43","1132887"
"KN295217v1","517735","518042","JH378166","13733951","13734260","45","13216216"
"KN295217v1","541613","541906","JH378149","11380251","11380550","44","10838638"
"KN295217v1","667591","667893","JH378170","4783494","4783792","36","4115903"
"KN295217v1","683103","683391","JH378120","17788639","17788928","36","17105536"
"KN295217v1","696799","696928","JH378112","29744959","29745079","32","29048160"
"KN295217v1","913925","914234","JH378126","21026752","21027059","38","20112827"
"KN295217v1","1078880","1079188","JH378126","21026752","21027059","43","19947872"
"KN295217v1","1452491","1452793","JH378126","21026752","21027059","37","19574261"
"KN295220v1","31683","31994","JH378264","2773729","2774039","39","2742046"
"KN295220v1","45557","45849","JH378205","5080625","5080919","34","5035068"
"KN295220v1","58490","58809","JH378213","5483774","5484086","41","5425284"
"KN295220v1","152290","152596","JH378159","4165701","4166008","39","4013411"
"KN295220v1","178485","178560","JH378132","22347587","22347662","11","22169102"
"KN295220v1","212900","213176","JH378118","14556075","14556346","46","14343175"
"KN295220v1","250861","251159","JH378220","2784017","2784313","30","2533156"
"KN295221v1","83701","83997","JH378170","982210","982505","36","898509"
"KN295223v1","20529","20822","JH378288","1088673","1088973","38","1068144"
"KN295225v1","71357","71521","JH378124","2555812","2555970","28","2484455"
"KN295225v1","76941","77235","JH378133","7708733","7709034","46","7631792"
"KN295225v1","173567","173716","JH378157","8497254","8497406","18","8323687"
"KN295225v1","262497","262795","JH378173","5950754","5951057","33","5688257"
"KN295225v1","279629","279926","JH378119","153019","153309","40","126610"
"KN295225v1","511414","511700","JH378183","5085328","5085606","41","4573914"
"KN295225v1","742644","742822","JH378111","38190758","38190938","20","37448114"
"KN295225v1","844215","844512","JH378116","32209502","32209801","39","31365287"
"KN295225v1","918772","919079","JH378119","26019684","26019990","27","25100912"
"KN295225v1","967330","967627","JH378137","17138846","17139141","37","16171516"
"KN295225v1","1234832","1235122","JH378127","11653984","11654276","35","10419152"
"KN295225v1","1242184","1242459","JH378279","102782","103056","34","1139402"
"KN295225v1","1263844","1264131","JH378115","34775540","34775825","41","33511696"
"KN295225v1","1733594","1733894","JH378250","173310","173605","39","1560284"
"KN295225v1","1769710","1770027","JH378138","16801201","16801513","51","15031491"
"KN295225v1","1778744","1779060","JH378199","8554299","8554609","36","6775555"
"KN295225v1","1892051","1892331","JH378115","32019990","32020269","42","30127939"
"KN295225v1","1892685","1892806","JH378107","50570713","50570838","16","48678028"
"KN295225v1","1910830","1911126","JH378216","4255364","4255675","50","2344534"
"KN295225v1","1913449","1913732","JH378169","3247221","3247500","41","1333772"
"KN295225v1","2245016","2245192","JH378105","26855375","26855552","27","24610359"
"KN295225v1","2245558","2245605","JH378190","9019034","9019080","8","6773476"
"KN295225v1","2270966","2271251","JH378182","10249789","10250079","43","7978823"
"KN295225v1","2389433","2389744","JH378316","245997","246306","31","2143436"
"KN295231v1","31651","31878","JH378111","11000001","11000214","38","10968350"
"KN295231v1","48739","49040","JH378216","6474633","6474943","40","6425894"
"KN295231v1","61373","61668","JH378177","10271031","10271327","34","10209658"
"KN295232v1","165900","166200","JH378160","11833922","11834221","35","11668022"
"KN295234v1","4382","4640","JH378139","10412496","10412760","58","10408114"
"KN295235v1","17222","17511","JH378117","37801677","37801970","37","37784455"
"KN295235v1","34355","34676","JH378119","26380105","26380421","48","26345750"
"KN295235v1","43849","44167","JH378110","19934311","19934616","51","19890462"
"KN295235v1","47136","47448","JH378152","11890185","11890492","40","11843049"
"KN295235v1","62233","62536","JH378197","7145768","7146073","47","7083535"
"KN295235v1","79754","80062","JH378119","26375601","26375910","44","26295847"
"KN295235v1","80605","80910","JH378138","5380451","5380753","44","5299846"
"KN295235v1","84414","84728","JH378108","31726265","31726579","36","31641851"
"KN295235v1","87872","88174","JH378159","15816811","15817113","35","15728939"
"KN295235v1","95604","95838","JH378148","7362179","7362411","49","7266575"
"KN295235v1","98561","98865","JH378141","16136077","16136388","31","16037516"
"KN295235v1","112525","112833","JH378109","48661966","48662271","43","48549441"
"KN295235v1","118319","118434","JH378211","5994885","5995001","9","5876566"
"KN295235v1","119566","119848","JH378117","4231146","4231430","34","4111580"
"KN295235v1","125535","125635","JH378123","25654604","25654700","20","25529069"
"KN295235v1","125636","125947","JH378116","22943305","22943613","40","22817669"
"KN295235v1","125948","126130","JH378150","3446784","3446960","29","3320836"
"KN295235v1","128829","129145","JH378113","6613006","6613316","48","6484177"
"KN295236v1","786309","786610","JH378108","33734008","33734301","56","32947699"
"KN295236v1","7390","7598","JH378190","201928","202138","26","194538"
"KN295236v1","16018","16319","JH378170","4783494","4783792","34","4767476"
"KN295236v1","40068","40349","JH378205","6073135","6073418","35","6033067"
"KN295236v1","41015","41274","JH378116","31938944","31939210","47","31897929"
"KN295236v1","44134","44445","JH378126","21026752","21027059","27","20982618"
"KN295236v1","75061","75353","JH378176","9716970","9717264","31","9641909"
"KN295236v1","78325","78636","JH378149","2213704","2214010","42","2135379"
"KN295236v1","80510","80720","JH378122","24528089","24528296","32","24447579"
"KN295236v1","81126","81325","JH378106","16445752","16445951","26","16364626"
"KN295236v1","103558","103835","JH378121","27513826","27514103","39","27410268"
"KN295236v1","133354","133526","JH378158","5190623","5190795","24","5057269"
"KN295236v1","133834","133899","JH378140","6782502","6782561","15","6648668"
"KN295236v1","140313","140560","JH378125","7358700","7358942","34","7218387"
"KN295236v1","147023","147313","JH378183","2317204","2317496","35","2170181"
"KN295236v1","169612","169925","JH378176","8157064","8157374","42","7987452"
"KN295236v1","173246","173418","JH378119","21901301","21901473","27","21728055"
"KN295236v1","175624","175928","JH378138","5380451","5380753","39","5204827"
"KN295236v1","236683","236991","JH378192","8498379","8498682","45","8261696"
"KN295236v1","266753","267031","JH378109","11980772","11981051","31","11714019"
"KN295236v1","285227","285363","JH378109","25307090","25307220","23","25021863"
"KN295236v1","305238","305547","JH378203","1406751","1407061","30","1101513"
"KN295236v1","348741","349047","JH378147","12443857","12444168","36","12095116"
"KN295236v1","441221","441512","JH378212","5518726","5519021","35","5077505"
"KN295236v1","469559","469859","JH378113","14455819","14456118","40","13986260"
"KN295236v1","507503","507657","JH378167","5553247","5553399","26","5045744"
"KN295236v1","513501","513781","JH378116","24890259","24890547","38","24376758"
"KN295236v1","528424","528725","JH378131","13910042","13910342","37","13381618"
"KN295236v1","532573","532728","JH378172","12137345","12137500","25","11604772"
"KN295236v1","536008","536277","JH378105","54686743","54687010","61","54150735"
"KN295236v1","536312","536581","JH378105","54686743","54687010","63","54150431"
"KN295236v1","553093","553396","JH378123","491683","491985","35","61410"
"KN295236v1","557269","557573","JH378123","491683","491985","37","65586"
"KN295236v1","557751","558058","JH378233","4314488","4314796","42","3756737"
"KN295236v1","559808","560099","JH378186","5408622","5408919","58","4848814"
"KN295236v1","567984","568118","JH378134","11851227","11851350","23","11283243"
"KN295236v1","570792","571089","JH378214","1264276","1264569","37","693484"
"KN295236v1","575205","575508","JH378125","15893280","15893581","33","15318075"
"KN295236v1","592417","592727","JH378178","8308591","8308898","39","7716174"
"KN295236v1","617382","617692","JH378170","1527433","1527742","36","910051"
"KN295236v1","631914","632042","JH378135","4242375","4242509","34","3610461"
"KN295236v1","655493","655786","JH378108","54706929","54707230","49","54051436"
"KN295236v1","684517","684808","JH378205","5080625","5080919","33","4396108"
"KN295236v1","688335","688614","JH378105","21226052","21226326","44","20537717"
"KN295236v1","695441","695749","JH378167","5351158","5351469","41","4655717"
"KN295236v1","698795","698976","JH378216","1424652","1424828","29","725857"
"KN295236v1","704532","704820","JH378151","8381511","8381803","35","7676979"
"KN295236v1","715874","716170","JH378139","19252318","19252611","39","18536444"
"KN295236v1","721279","721583","JH378125","4531961","4532261","33","3810682"
"KN295236v1","731266","731563","JH378265","2263256","2263553","32","1531990"
"KN295236v1","749902","750196","JH378157","9676550","9676840","28","8926648"
"KN295236v1","752323","752649","JH378189","9640990","9641312","39","8888667"
"KN295236v1","759285","759571","JH378137","17271511","17271797","39","16512226"
"KN295236v1","767658","767962","JH378197","7145768","7146073","37","6378110"
"KN295236v1","770415","770707","JH378163","13372336","13372629","36","12601921"
"KN295236v1","778701","779005","JH378137","14049327","14049630","41","13270626"
"KN295236v1","799888","799992","JH378257","3434267","3434376","12","2634379"
"KN295236v1","800306","800486","JH378107","6322168","6322343","21","5521862"
"KN295236v1","808672","808975","JH378236","2099707","2100007","42","1291035"
"KN295236v1","816799","817108","JH378185","10000666","10000975","44","9183867"
"KN295236v1","829702","830004","JH378134","16027314","16027618","34","15197612"
"KN295236v1","839764","840070","JH378255","1560098","1560402","34","720334"
"KN295236v1","880037","880327","JH378116","23300996","23301287","48","22420959"
"KN295236v1","886711","887021","JH378139","1159515","1159824","44","272804"
"KN295236v1","920318","920609","JH378139","16259084","16259375","34","15338766"
"KN295236v1","950801","951113","JH378126","21026752","21027059","34","20075951"
"KN295236v1","962853","963166","JH378106","5237491","5237801","49","4274638"
"KN295236v1","1060179","1060490","JH378135","1042676","1042987","35","17503"
"KN295236v1","1065140","1065421","JH378152","11516455","11516740","32","10451315"
"KN295236v1","1077363","1077669","JH378126","21026752","21027059","32","19949389"
"KN295236v1","1079804","1080102","JH378160","11360173","11360474","39","10280369"
"KN295236v1","1126221","1126519","JH378127","19048485","19048788","44","17922264"
"KN295236v1","1130154","1130362","JH378134","15614882","15615086","29","14484728"
"KN295236v1","1132637","1132945","JH378156","9166475","9166782","31","8033838"
"KN295236v1","1139508","1139790","JH378115","17153051","17153333","32","16013543"
"KN295236v1","1150385","1150695","JH378167","5351158","5351469","37","4200773"
"KN295236v1","1152365","1152677","JH378320","58622","58932","37","1093743"
"KN295236v1","1161973","1162276","JH378151","13413694","13413997","36","12251721"
"KN295236v1","1165661","1165967","JH378157","11263444","11263745","45","10097783"
"KN295236v1","1172272","1172577","JH378167","4746436","4746741","36","3574164"
"KN295236v1","1173767","1174078","JH378139","18632207","18632516","29","17458440"
"KN295236v1","1213059","1213357","JH378105","54964874","54965172","36","53751815"
"KN295236v1","1222146","1222329","JH378107","40946487","40946662","31","39724341"
"KN295236v1","1239279","1239582","JH378149","1427296","1427590","35","188017"
"KN295236v1","1243238","1243516","JH378110","32430844","32431129","41","31187606"
"KN295236v1","1255703","1256006","JH378197","7145768","7146073","33","5890065"
"KN295236v1","1267373","1267495","JH378135","3008347","3008463","24","1740974"
"KN295236v1","1282980","1283288","JH378167","5351158","5351469","29","4068178"
"KN295236v1","1298332","1298537","JH378115","15037735","15037936","34","13739403"
"KN295236v1","1298760","1298937","JH378268","3123624","3123797","26","1824864"
"KN295236v1","1303047","1303350","JH378274","576393","576683","52","726654"
"KN295236v1","1305337","1305647","JH378216","6474633","6474943","36","5169296"
"KN295236v1","1328451","1328746","JH378164","5292622","5292916","39","3964171"
"KN295236v1","1360902","1361193","JH378239","5427886","5428177","37","4066984"
"KN295236v1","1370856","1371152","JH378343","242635","242930","33","1128221"
"KN295236v1","1406776","1407073","JH378108","32850204","32850503","46","31443428"
"KN295236v1","1414498","1414801","JH378187","3271634","3271936","43","1857136"
"KN295236v1","1425036","1425339","JH378167","5351158","5351469","42","3926122"
"KN295236v1","1454787","1455072","JH378257","3134504","3134800","50","1679717"
"KN295236v1","1462360","1462651","JH378123","7442668","7442959","31","5980308"
"KN295236v1","1470126","1470382","JH378111","33299861","33300117","42","31829735"
"KN295236v1","1475257","1475580","JH378112","33298198","33298530","67","31822941"
"KN295236v1","1478585","1478661","JH378226","5406686","5406759","9","3928101"
"KN295236v1","1480179","1480190","JH378189","7208291","7208302","4","5728112"
"KN295236v1","1480231","1480387","JH378122","531558","531711","32","948673"
"KN295236v1","1480707","1480841","JH378105","45632530","45632643","27","44151823"
"KN295236v1","1482067","1482377","JH378206","4086994","4087300","34","2604927"
"KN295236v1","1493543","1493852","JH378126","21026752","21027059","31","19533209"
"KN295236v1","1496635","1496919","JH378148","2950270","2950555","32","1453635"
"KN295236v1","1512328","1512636","JH378153","15041168","15041477","31","13528840"
"KN295236v1","1518616","1518904","JH378167","8547558","8547847","29","7028942"
"KN295236v1","1524769","1525074","JH378126","21026752","21027059","30","19501983"
"KN295236v1","1638358","1638439","JH378130","3360710","3360792","10","1722352"
"KN295236v1","1659874","1659950","JH378132","22347587","22347662","13","20687713"
"KN295236v1","1672013","1672314","JH378129","10258595","10258896","38","8586582"
"KN295236v1","1681249","1681546","JH378107","47308170","47308468","37","45626921"
"KN295236v1","1713091","1713402","JH378109","17710904","17711215","41","15997813"
"KN295236v1","1726496","1726787","JH378163","13372336","13372629","36","11645840"
"KN295236v1","1737214","1737503","JH378118","27240197","27240484","29","25502983"
"KN295236v1","1740054","1740360","JH378135","3149477","3149786","35","1409423"
"KN295236v1","1741626","1741924","JH378343","242635","242930","40","1498991"
"KN295236v1","1847454","1847769","JH378126","21026752","21027059","42","19179298"
"KN295236v1","1872389","1872693","JH378139","19252318","19252611","42","17379929"
"KN295236v1","1886759","1887076","JH378120","16327645","16327955","38","14440886"
"KN295236v1","1895249","1895552","JH378126","23919556","23919859","35","22024307"
"KN295236v1","1941422","1941719","JH378157","9676550","9676840","46","7735128"
"KN295236v1","1984556","1984692","JH378161","12966786","12966922","22","10982230"
"KN295236v1","2018558","2018845","JH378148","16227423","16227714","33","14208865"
"KN295236v1","2042688","2042975","JH378182","9240926","9241205","38","7198238"
"KN295236v1","2089282","2089589","JH378173","9055905","9056209","43","6966623"
"KN295236v1","2127498","2127798","JH378159","5493568","5493869","33","3366070"
"KN295236v1","2216377","2216678","JH378108","23280248","23280545","39","21063871"
"KN295236v1","2267504","2267812","JH378167","5351158","5351469","40","3083654"
"KN295236v1","2288406","2288664","JH378180","7820139","7820394","32","5531733"
"KN295236v1","2338595","2338889","JH378105","20730159","20730452","26","18391564"
"KN295236v1","2347276","2347577","JH378127","15774174","15774479","47","13426898"
"KN295236v1","2348177","2348447","JH378128","24734133","24734403","43","22385956"
"KN295236v1","2355824","2356021","JH378258","3565319","3565500","42","1209495"
"KN295236v1","2367515","2367830","JH378281","272448","272763","45","2095067"
"KN295236v1","2378370","2378459","JH378257","3625776","3625865","8","1247406"
"KN295236v1","2389901","2390164","JH378219","3910085","3910350","39","1520184"
"KN295236v1","2437620","2437913","JH378170","4783494","4783792","34","2345874"
"KN295236v1","2444111","2444415","JH378140","5813130","5813437","47","3369019"
"KN295236v1","2491589","2491870","JH378125","803094","803382","44","1688495"
"KN295236v1","2503021","2503323","JH378115","25041145","25041450","36","22538124"
"KN295236v1","2503324","2503617","JH378152","11319672","11319966","40","8816348"
"KN295236v1","2511063","2511366","JH378126","23919556","23919859","35","21408493"
"KN295236v1","2511909","2512207","JH378106","39792950","39793246","35","37281041"
"KN295236v1","2520442","2520743","JH378228","5509057","5509356","36","2988615"
"KN295236v1","2545733","2546027","JH378177","4517026","4517324","44","1971293"
"KN295236v1","2561258","2561556","JH378197","7145768","7146073","43","4584510"
"KN295236v1","2572801","2573110","JH378149","4331434","4331741","42","1758633"
"KN295236v1","2621678","2621978","JH378105","6177553","6177846","62","3555875"
"KN295236v1","2633398","2633689","JH378116","24890259","24890547","39","22256861"
"KN295236v1","2634482","2634710","JH378108","41303574","41303795","36","38669092"
"KN295236v1","2647446","2647754","JH378157","11279720","11280030","35","8632274"
"KN295236v1","2657297","2657608","JH378123","491683","491985","42","2165614"
"KN295236v1","2667958","2668261","JH378115","34859185","34859494","34","32191227"
"KN295236v1","2668733","2669043","JH378185","1547765","1548075","35","1120968"
"KN295236v1","2679879","2680189","JH378316","245997","246306","40","2433882"
"KN295236v1","2701489","2701777","JH378153","7392982","7393269","26","4691493"
"KN295236v1","2721011","2721317","JH378112","33597938","33598248","34","30876927"
"KN295236v1","2751433","2751739","JH378207","4818937","4819241","35","2067504"
"KN295236v1","2835794","2836098","JH378289","1436865","1437165","41","1398929"
"KN295236v1","2854008","2854261","JH378106","4983490","4983741","41","2129482"
"KN295236v1","2874540","2874827","JH378106","3052818","3053105","30","178278"
"KN295236v1","2879852","2880191","JH378189","9640990","9641312","53","6761138"
"KN295236v1","2973702","2973995","JH378139","15119668","15119965","36","12145966"
"KN295236v1","2984947","2985249","JH378109","10847116","10847429","44","7862169"
"KN295236v1","3002081","3002373","JH378106","70444924","70445198","51","67442843"
"KN295236v1","3008577","3008734","JH378149","16186197","16186350","23","13177620"
"KN295236v1","3065809","3066144","JH378132","10458998","10459327","50","7393189"
"KN295236v1","3073887","3074185","JH378177","2378754","2379058","35","695133"
"KN295236v1","3081803","3082051","JH378161","6630340","6630587","32","3548537"
"KN295236v1","3099850","3100140","JH378120","20345508","20345809","44","17245658"
"KN295236v1","3121100","3121408","JH378120","16327645","16327955","37","13206545"
"KN295236v1","3124532","3124613","JH378163","13172910","13172991","7","10048378"
"KN295236v1","3125583","3125879","JH378116","21362676","21362970","32","18237093"
"KN295236v1","3129507","3129802","JH378110","32975507","32975812","40","29846000"
"KN295236v1","3130689","3130771","JH378114","43332942","43333024","10","40202253"
"KN295236v1","3157356","3157651","JH378138","2084662","2084957","39","1072694"
"KN295236v1","3212709","3213037","JH378126","21026752","21027059","55","17814043"
"KN295236v1","3248991","3249119","JH378154","2332009","2332135","19","916982"
"KN295236v1","3257480","3257791","JH378119","23204518","23204821","34","19947038"
"KN295236v1","3285261","3285553","JH378173","5370117","5370412","39","2084856"
"KN295236v1","3295748","3296058","JH378176","8157064","8157374","40","4861316"
"KN295236v1","3315395","3315532","JH378163","10312819","10312953","18","6997424"
"KN295236v1","3315835","3315988","JH378113","30083811","30083963","24","26767976"
"KN295236v1","3323549","3323851","JH378105","30886990","30887295","44","27563441"
"KN295236v1","3331617","3331914","JH378241","5492398","5492696","39","2160781"
"KN295236v1","3332388","3332691","JH378115","33028219","33028519","35","29695831"
"KN295236v1","3335471","3335776","JH378123","491683","491985","36","2843788"
"KN295236v1","3357473","3357778","JH378185","841607","841910","32","2515866"
"KN295236v1","3368954","3369285","JH378149","15914810","15915120","53","12545856"
"KN295236v1","3378188","3378484","JH378144","7235841","7236134","39","3857653"
"KN295236v1","3398161","3398450","JH378106","3052818","3053105","34","345343"
"KN295236v1","3405919","3406101","JH378223","6150656","6150838","34","2744737"
"KN295236v1","3412715","3413025","JH378126","21026752","21027059","46","17614037"
"KN295236v1","3426326","3426626","JH378124","15582898","15583197","42","12156572"
"KN295236v1","3437373","3437661","JH378129","7555438","7555730","37","4118065"
"KN295236v1","3440106","3440416","JH378113","6692573","6692881","34","3252467"
"KN295236v1","3443656","3443957","JH378129","10258595","10258896","33","6814939"
"KN295236v1","3483441","3483738","JH378140","4966956","4967259","41","1483515"
"KN295236v1","3490394","3490467","JH378220","4499763","4499836","8","1009369"
"KN295236v1","3498054","3498188","JH378220","1088125","1088257","13","2409929"
"KN295236v1","3498492","3498667","JH378159","955533","955705","24","2542959"
"KN295236v1","3526281","3526590","JH378137","460166","460475","41","3066115"
"KN295236v1","3551227","3551535","JH378139","1159515","1159824","35","2391712"
"KN295236v1","3555203","3555510","JH378110","32305325","32305628","41","28750122"
"KN295236v1","3555862","3556158","JH378170","4783494","4783792","26","1227632"
"KN295236v1","3623065","3623363","JH378228","5509057","5509356","40","1885992"
"KN295236v1","3659729","3660028","JH378173","9107488","9107786","30","5447759"
"KN295236v1","3670387","3670682","JH378228","5509057","5509356","37","1838670"
"KN295236v1","3707308","3707640","JH378148","13179111","13179429","54","9471803"
"KN295236v1","3726079","3726372","JH378253","304082","304375","34","3421997"
"KN295236v1","3728815","3728972","JH378267","1504815","1504970","14","2224000"
"KN295236v1","3732486","3732785","JH378107","32029619","32029921","30","28297133"
"KN295236v1","3784285","3784532","JH378106","66881924","66882170","36","63097639"
"KN295236v1","3826017","3826321","JH378145","2733878","2734174","45","1092139"
"KN295236v1","3840496","3840797","JH378115","28712376","28712673","38","24871880"
"KN295236v1","3855422","3855512","JH378134","20162588","20162679","16","16307166"
"KN295236v1","3870927","3871214","JH378225","3009159","3009448","35","861768"
"KN295236v1","3878782","3879067","JH378188","1186665","1186951","42","2692117"
"KN295236v1","3950525","3950833","JH378110","38852916","38853220","40","34902391"
"KN295236v1","3958165","3958440","JH378120","31630637","31630909","48","27672472"
"KN295236v1","3969912","3970208","JH378115","28712376","28712673","34","24742464"
"KN295236v1","3992574","3992867","JH378122","10686670","10686967","36","6694096"
"KN295236v1","4002228","4002523","JH378288","2159299","2159595","43","1842929"
"KN295236v1","4014524","4014819","JH378105","4190308","4190610","36","175784"
"KN295236v1","4031187","4031458","JH378177","2554492","2554776","49","1476695"
"KN295236v1","4041259","4041554","JH378105","55697359","55697652","40","51656100"
"KN295236v1","4046864","4047139","JH378146","17641437","17641717","44","13594573"
"KN295236v1","4049922","4050216","JH378160","5753772","5754064","31","1703850"
"KN295236v1","4056058","4056346","JH378106","3052818","3053105","34","1003240"
"KN295236v1","4081566","4081860","JH378149","14540555","14540846","31","10458989"
"KN295236v1","4094930","4095230","JH378105","33500896","33501193","29","29405966"
"KN295236v1","4113745","4113881","JH378153","2127454","2127589","14","1986291"
"KN295236v1","4125727","4126022","JH378235","3652878","3653174","32","472849"
"KN295236v1","4153680","4153921","JH378133","9822853","9823096","41","5669173"
"KN295236v1","4155541","4155842","JH378152","11766091","11766391","40","7610550"
"KN295236v1","4167220","4167520","JH378127","15774174","15774479","38","11606954"
"KN295236v1","4194492","4194801","JH378119","6124403","6124708","35","1929911"
"KN295236v1","4228906","4229212","JH378114","1789960","1790265","38","2438946"
"KN295236v1","4328095","4328409","JH378140","7338564","7338875","36","3010469"
"KN295236v1","4330983","4331293","JH378214","541303","541609","43","3789680"
"KN295236v1","4331294","4331460","JH378260","3777889","3778051","23","553405"
"KN295236v1","4341043","4341331","JH378620","228","517","34","4340815"
"KN295236v1","4348407","4348719","JH378193","9256338","9256648","42","4907931"
"KN295236v1","4358885","4359167","JH378279","102782","103056","38","4256103"
"KN295236v1","4361936","4362261","JH378105","54336466","54336789","46","49974530"
"KN295236v1","4403810","4403975","JH378142","6352896","6353062","18","1949086"
"KN295236v1","4520322","4520622","JH378107","6820470","6820772","39","2300148"
"KN295236v1","4534034","4534323","JH378139","16259084","16259375","34","11725050"
"KN295236v1","4536574","4536876","JH378288","1088673","1088973","37","3447901"
"KN295236v1","4577752","4578046","JH378106","6434398","6434702","37","1856646"
"KN295236v1","4588390","4588698","JH378165","5178810","5179119","36","590420"
"KN295236v1","4593038","4593335","JH378227","2966528","2966836","43","1626510"
"KN295236v1","4595858","4596140","JH378110","17880643","17880926","40","13284785"
"KN295236v1","4596722","4597031","JH378167","5351158","5351469","31","754436"
"KN295236v1","4598539","4598671","JH378329","349828","349958","15","4248711"
"KN295236v1","4617632","4617937","JH378141","10752710","10753007","45","6135078"
"KN295236v1","4646291","4646542","JH378117","29885379","29885631","46","25239088"
"KN295236v1","4803103","4803406","JH378108","30987077","30987382","37","26183974"
"KN295236v1","4825164","4825475","JH378106","10129130","10129437","36","5303966"
"KN295236v1","4837169","4837515","JH378127","19343547","19343853","117","14506378"
"KN295236v1","4843345","4843649","JH378159","5493568","5493869","36","650223"
"KN295236v1","4860652","4860946","JH378220","2784017","2784313","29","2076635"
"KN295236v1","4877109","4877399","JH378125","15893280","15893581","41","11016171"
"KN295236v1","4880356","4880646","JH378305","1207103","1207396","34","3673253"
"KN295236v1","4884106","4884406","JH378280","196773","197064","48","4687333"
"KN295236v1","4918203","4918497","JH378105","62731941","62732234","37","57813738"
"KN295236v1","4938960","4939266","JH378119","6124403","6124708","36","1185443"
"KN295236v1","4942747","4943057","JH378109","9761493","9761804","36","4818746"
"KN295236v1","4944019","4944311","JH378177","8926683","8926970","37","3982664"
"KN295236v1","4946836","4947150","JH378126","21026752","21027059","41","16079916"
"KN295236v1","4979377","4979617","JH378185","2056716","2056968","40","2922661"
"KN295236v1","4990829","4991139","JH378284","1163902","1164203","34","3826927"
"KN295236v1","5001774","5002038","JH378248","4499030","4499294","42","502744"
"KN295236v1","5002719","5003017","JH378220","2784017","2784313","48","2218702"
"KN295236v1","5038167","5038484","JH378112","26215326","26215641","48","21177159"
"KN295236v1","5055975","5056277","JH378170","4783494","4783792","38","272481"
"KN295236v1","5064485","5064796","JH378167","5351158","5351469","29","286673"
"KN295236v1","5074655","5074953","JH378125","16001713","16002013","42","10927058"
"KN295236v1","5114762","5115068","JH378107","5492990","5493296","41","378228"
"KN295236v1","5116889","5117197","JH378115","34859185","34859494","35","29742296"
"KN295236v1","5117727","5118016","JH378199","3806109","3806388","91","1311618"
"KN295236v1","5118074","5118371","JH378137","4055872","4056152","62","1062202"
"KN295236v1","5119664","5119953","JH378107","6356218","6356506","33","1236554"
"KN295236v1","5122500","5122812","JH378197","7145768","7146073","45","2023268"
"KN295236v1","5128275","5128576","JH378284","1163902","1164203","29","3964373"
"KN295236v1","5133660","5134000","JH378116","854202","854524","82","4279458"
"KN295236v1","5159396","5159694","JH378116","11181268","11181574","37","6021872"
"KN295236v1","5165782","5166082","JH378176","9743171","9743468","34","4577389"
"KN295236v1","5169066","5169375","JH378116","11181268","11181574","34","6012202"
"KN295236v1","5177208","5177507","JH378109","26759231","26759531","33","21582023"
"KN295236v1","5185591","5185885","JH378151","3515305","3515602","30","1670286"
"KN295236v1","5195232","5195521","JH378113","16002843","16003137","50","10807611"
"KN295236v1","5200933","5201249","JH378316","245997","246306","37","4954936"
"KN295236v1","5211629","5211911","JH378106","70285106","70285390","53","65073477"
"KN295236v1","5216996","5217301","JH378118","276170","276471","40","4940826"
"KN295236v1","5219400","5219708","JH378115","26640201","26640508","35","21420801"
"KN295236v1","5243217","5243521","JH378108","54090444","54090749","47","48847227"
"KN295236v1","5245520","5245815","JH378171","1298872","1299167","42","3946648"
"KN295236v1","5253162","5253463","JH378116","29887247","29887548","34","24634085"
"KN295236v1","5273807","5274105","JH378119","23106486","23106789","36","17832679"
"KN295236v1","5277797","5278099","JH378114","37036188","37036491","32","31758391"
"KN295236v1","5279997","5280170","JH378162","7272190","7272362","22","1992193"
"KN295236v1","5280588","5280768","JH378114","12376350","12376528","25","7095762"
"KN295236v1","5286269","5286571","JH378171","6181069","6181379","34","894800"
"KN295236v1","5323481","5323777","JH378294","275206","275505","37","5048275"
"KN295236v1","5325147","5325481","JH378173","6810042","6810350","73","1484895"
"KN295236v1","5340767","5341073","JH378126","21026752","21027059","37","15685985"
"KN295236v1","5347172","5347462","JH378106","3052818","3053105","27","2294354"
"KN295236v1","5352918","5353224","JH378111","6779444","6779749","35","1426526"
"KN295236v1","5357447","5357751","JH378139","1159515","1159824","42","4197932"
"KN295236v1","5364918","5365208","JH378137","17773879","17774174","45","12408961"
"KN295236v1","5374639","5374937","JH378113","14455819","14456118","38","9081180"
"KN295236v1","5385903","5386203","JH378170","4783494","4783792","34","602409"
"KN295236v1","5396839","5397121","JH378116","21362676","21362970","42","15965837"
"KN295236v1","5398186","5398495","JH378110","34810625","34810936","39","29412439"
"KN295236v1","5407983","5408253","JH378119","2693227","2693494","50","2714756"
"KN295236v1","5410074","5410394","JH378125","15001531","15001848","46","9591457"
"KN295236v1","5417830","5418089","JH378124","5040993","5041244","29","376837"
"KN295236v1","5420159","5420461","JH378119","6124403","6124708","27","704244"
"KN295236v1","5456548","5456850","JH378110","12146106","12146409","33","6689558"
"KN295236v1","5460094","5460401","JH378197","7145768","7146073","32","1685674"
"KN295236v1","5462224","5462530","JH378209","3712563","3712869","34","1749661"
"KN295236v1","5539025","5539290","JH378228","3793035","3793299","40","1745990"
"KN295236v1","5543472","5543779","JH378130","1202684","1202989","33","4340788"
"KN295236v1","5547948","5547987","JH378403","447","492","11","5547501"
"KN295236v1","5555687","5555984","JH378159","837474","837769","33","4718213"
"KN295236v1","5572004","5572307","JH378109","16112078","16112381","33","10540074"
"KN295236v1","5587626","5587941","JH378115","26640201","26640508","40","21052575"
"KN295236v1","5599914","5600196","JH378112","20259883","20260164","44","14659969"
"KN295236v1","5602538","5602733","JH378131","954805","955004","23","4647733"
"KN295236v1","5603035","5603159","JH378199","405617","405742","23","5197418"
"KN295236v1","5603576","5603875","JH378159","5493568","5493869","33","110008"
"KN295236v1","5616215","5616525","JH378122","8337826","8338126","46","2721611"
"KN295236v1","5617743","5618043","JH378111","42112707","42113007","42","36494964"
"KN295236v1","5627833","5628105","JH378154","12141232","12141504","34","6513399"
"KN295236v1","5630922","5631016","JH378255","2693824","2693918","14","2937098"
"KN295236v1","5631147","5631430","JH378138","6789094","6789380","37","1157947"
"KN295236v1","5637927","5638232","JH378266","434108","434415","38","5203819"
"KN295236v1","5638581","5638879","JH378137","4403056","4403353","42","1235525"
"KN295236v1","5657803","5658103","JH378134","17585641","17585941","39","11927838"
"KN295236v1","5670612","5670897","JH378106","6826425","6826714","39","1155813"
"KN295236v1","5675913","5676229","JH378112","13020786","13021090","47","7344873"
"KN295236v1","5723336","5723646","JH378116","24645889","24646199","38","18922553"
"KN295236v1","5731746","5732019","JH378116","25530601","25530871","38","19798855"
"KN295236v1","5733848","5734146","JH378124","15582898","15583197","23","9849050"
"KN295236v1","5739534","5739845","JH378126","21026752","21027059","34","15287218"
"KN295236v1","5749417","5749721","JH378143","8697421","8697729","33","2948004"
"KN295236v1","5764455","5764740","JH378121","29566176","29566469","42","23801721"
"KN295236v1","5771683","5771974","JH378178","6966092","6966381","50","1194409"
"KN295236v1","5777173","5777481","JH378126","21026752","21027059","52","15249579"
"KN295236v1","5778299","5778597","JH378121","20166274","20166567","45","14387975"
"KN295236v1","5807569","5807854","JH378206","1272655","1272943","58","4534914"
"KN295236v1","5818875","5819120","JH378108","34327273","34327542","52","28508398"
"KN295236v1","5820016","5820310","JH378197","7145768","7146073","41","1325752"
"KN295236v1","5824717","5825024","JH378106","9882834","9883140","44","4058117"
"KN295236v1","5826230","5826489","JH378109","14026176","14026435","48","8199946"
"KN295236v1","5847148","5847430","JH378165","3154108","3154386","49","2693040"
"KN295236v1","5852296","5852573","JH378111","42112707","42113007","55","36260411"
"KN295236v1","5853447","5853757","JH378108","1998002","1998311","37","3855445"
"KN295236v1","5855492","5855770","JH378279","102782","103056","56","5752710"
"KN295236v1","5856618","5856926","JH378126","21026752","21027059","29","15170134"
"KN295236v1","5858400","5858677","JH378200","6428474","6428751","45","570074"
"KN295236v1","5859852","5860144","JH378151","8381511","8381803","44","2521659"
"KN295236v1","5898921","5899239","JH378107","32029619","32029921","50","26130698"
"KN295236v1","5912283","5912533","JH378128","11710015","11710264","31","5797732"
"KN295236v1","5925688","5925995","JH378109","49645695","49645997","34","43720007"
"KN295236v1","5927729","5928027","JH378126","23762069","23762367","31","17834340"
"KN295236v1","5930105","5930390","JH378194","2390312","2390602","31","3539793"
"KN295236v1","5931768","5932072","JH378119","6124403","6124708","34","192635"
"KN295236v1","5934441","5934726","JH378163","8633282","8633580","38","2698841"
"KN295236v1","5941519","5941818","JH378145","2733878","2734174","31","3207641"
"KN295236v1","5942592","5942885","JH378265","2263256","2263553","31","3679336"
"KN295236v1","5951995","5952304","JH378113","37954777","37955081","35","32002782"
"KN295236v1","5970737","5971032","JH378118","13227248","13227546","32","7256511"
"KN295236v1","5973840","5974143","JH378108","30731255","30731558","32","24757415"
"KN295236v1","5981970","5982262","JH378113","16773921","16774215","41","10791951"
"KN295236v1","5988859","5989183","JH378164","4492955","4493274","45","1495904"
"KN295236v1","6009344","6009609","JH378175","2454323","2454589","34","3555021"
"KN295236v1","6021439","6021730","JH378253","2109110","2109404","41","3912329"
"KN295236v1","6033524","6033836","JH378112","37711276","37711587","43","31677752"
"KN295236v1","6047867","6047961","JH378193","3748220","3748314","12","2299647"
"KN295236v1","6053446","6053752","JH378106","6434398","6434702","40","380952"
"KN295236v1","6065659","6065965","JH378130","10895986","10896291","38","4830327"
"KN295236v1","6077382","6077680","JH378127","9058620","9058921","36","2981238"
"KN295236v1","6091674","6091969","JH378170","4783494","4783792","34","1308180"
"KN295236v1","6101708","6102009","JH378113","6692573","6692881","37","590865"
"KN295236v1","6106444","6106749","JH378138","5964426","5964732","33","142018"
"KN295236v1","6153044","6153339","JH378123","23351375","23351663","41","17198331"
"KN295236v1","6154124","6154432","JH378145","12656829","12657134","39","6502705"
"KN295236v1","6164496","6164786","JH378108","23244677","23244967","40","17080181"
"KN295236v1","6165279","6165580","JH378115","28712376","28712673","25","22547097"
"KN295236v1","6192247","6192504","JH378312","964075","964341","45","5228172"
"KN295236v1","6205748","6206037","JH378116","28880884","28881173","47","22675136"
"KN295236v1","6207183","6207462","JH378111","19524517","19524801","32","13317334"
"KN295236v1","6209621","6209919","JH378137","17093543","17093840","34","10883922"
"KN295239v1","41201","41492","JH378207","7640792","7641076","34","7599591"
"KN295239v1","108866","109160","JH378108","1472065","1472357","37","1363199"
"KN295239v1","215224","215536","JH378135","1042676","1042987","42","827452"
"KN295239v1","426501","426800","JH378139","18955642","18955939","32","18529141"
"KN295239v1","522809","523110","JH378193","3718023","3718334","45","3195214"
"KN295239v1","632858","633168","JH378105","34054935","34055244","41","33422077"
"KN295239v1","758145","758427","JH378299","678910","679193","37","79235"
"KN295239v1","794084","794390","JH378197","7145768","7146073","39","6351684"
"KN295241v1","6229","6537","JH378255","1560098","1560402","35","1553869"
"KN295241v1","51304","51610","JH378110","19934311","19934616","42","19883007"
"KN295241v1","95407","95579","JH378107","52248251","52248418","25","52152844"
"KN295241v1","96051","96128","JH378216","3951899","3951975","8","3855848"
"KN295241v1","145177","145458","JH378110","3050126","3050410","38","2904949"
"KN295241v1","149636","149946","JH378146","7665916","7666224","31","7516280"
"KN295241v1","173025","173315","JH378151","8652626","8652916","30","8479601"
"KN295241v1","180636","180945","JH378126","21026752","21027059","32","20846116"
"KN295241v1","285627","285684","JH378325","298532","298590","11","12905"
"KN295243v1","222017","222329","JH378165","5178810","5179119","40","4956793"
"KN295243v1","379492","379783","JH378176","9716970","9717264","37","9337478"
"KN295243v1","459984","460293","JH378139","1159515","1159824","43","699531"
"KN295243v1","497280","497582","JH378232","3469099","3469391","56","2971819"
"KN295243v1","499067","499363","JH378242","97287","97580","35","401780"
"KN295243v1","548460","548752","JH378121","29566176","29566469","25","29017716"
"KN295243v1","568359","568673","JH378146","3351264","3351574","40","2782905"
"KN295243v1","592487","592758","JH378234","3793351","3793631","46","3200864"
"KN295243v1","748926","749052","JH378203","7778416","7778540","32","7029490"
"KN295243v1","835856","836158","JH378138","5380451","5380753","33","4544595"
"KN295243v1","897228","897513","JH378196","1778420","1778697","31","881192"
"KN295243v1","978599","978872","JH378115","36370112","36370396","45","35391513"
"KN295243v1","1057989","1058287","JH378125","16001713","16002013","38","14943724"
"KN295243v1","1147550","1147821","JH378312","964075","964341","34","183475"
"KN295243v1","1151459","1151763","JH378223","6685422","6685726","36","5533963"
"KN295243v1","1256892","1257015","JH378107","50570713","50570838","14","49313821"
"KN295243v1","1294767","1295064","JH378105","7311851","7312145","38","6017084"
"KN295243v1","1320566","1320873","JH378110","19934311","19934616","37","18613745"
"KN295243v1","1334752","1335066","JH378123","497003","497309","43","837749"
"KN295243v1","1387034","1387326","JH378135","3624002","3624295","32","2236968"
"KN295243v1","1392992","1393288","JH378105","57197135","57197434","34","55804143"
"KN295243v1","1440583","1440888","JH378105","52496431","52496736","41","51055848"
"KN295243v1","1469147","1469445","JH378228","5509057","5509356","25","4039910"
"KN295243v1","1492408","1492712","JH378139","18955642","18955939","30","17463234"
"KN295243v1","1499348","1499639","JH378172","10004830","10005125","33","8505482"
"KN295244v1","12760","12983","JH378157","13091671","13091889","40","13078911"
"KN295244v1","96927","97218","JH378197","5535411","5535704","26","5438484"
"KN295244v1","129141","129432","JH378139","16259084","16259375","28","16129943"
"KN295244v1","138027","138338","JH378122","10172818","10173128","37","10034791"
"KN295244v1","152566","152812","JH378171","2325781","2326017","37","2173215"
"KN295244v1","236902","237182","JH378113","26420571","26420845","45","26183669"
"KN295244v1","261350","261642","JH378130","10895986","10896291","41","10634636"
"KN295244v1","304377","304700","JH378113","15162676","15162998","51","14858299"
"KN295244v1","343476","343792","JH378119","6124403","6124708","52","5780927"
"KN295244v1","442218","442525","JH378110","19934311","19934616","33","19492093"
"KN295244v1","521223","521466","JH378176","5671270","5671515","33","5150047"
"KN295244v1","542300","542602","JH378107","6638273","6638572","31","6095973"
"KN295244v1","701584","701883","JH378110","34840627","34840922","36","34139043"
"KN295244v1","707994","708152","JH378179","10165049","10165205","23","9457055"
"KN295248v1","49406","49718","JH378264","2773729","2774039","37","2724323"
"KN295248v1","219522","219824","JH378119","23106486","23106789","41","22886964"
"KN295248v1","374442","374666","JH378111","8390508","8390734","26","8016066"
"KN295248v1","498256","498565","JH378111","25473856","25474161","58","24975600"
"KN295248v1","563572","563872","JH378151","4318339","4318636","32","3754767"
"KN295248v1","710302","710614","JH378120","16327645","16327955","33","15617343"
"KN295248v1","746568","746872","JH378167","5624691","5624993","60","4878123"
"KN295248v1","801848","802158","JH378152","11890185","11890492","41","11088337"
"KN295248v1","891507","891839","JH378198","3222422","3222747","60","2330915"
"KN295249v1","227505","227810","JH378163","14413774","14414085","43","14186269"
"KN295249v1","245740","246043","JH378124","11759045","11759346","36","11513305"
"KN295249v1","274135","274466","JH378108","39655253","39655578","53","39381118"
"KN295251v1","249504","249681","JH378119","28735743","28735920","19","28486239"
"KN295251v1","321284","321566","JH378128","13337887","13338168","40","13016603"
"KN295253v1","3563","3872","JH378120","16327645","16327955","31","16324082"
"KN295254v1","66242","66285","JH378124","5999899","5999943","6","5933657"
"KN295255v1","61918","62213","JH378112","21695596","21695889","37","21633678"
"KN295256v1","7229","7530","JH378173","5963095","5963395","32","5955866"
"KN295256v1","203691","203965","JH378127","1116825","1117099","44","913134"
"KN295256v1","294105","294409","JH378236","5879507","5879817","45","5585402"
"KN295256v1","317388","317698","JH378130","1202684","1202989","41","885296"
"KN295256v1","337390","337702","JH378108","30731255","30731558","45","30393865"
"KN295257v1","32360","32669","JH378185","1547765","1548075","43","1515405"
"KN295257v1","120109","120392","JH378177","2554492","2554776","33","2434383"
"KN295257v1","182164","182405","JH378105","1160237","1160477","31","978073"
"KN295257v1","213836","214130","JH378181","6657533","6657829","29","6443697"
"KN295257v1","268735","269043","JH378137","17773879","17774174","52","17505144"
"KN295257v1","288578","288873","JH378141","16295875","16296172","30","16007297"
"KN295257v1","317746","317923","JH378148","14471580","14471755","26","14153834"
"KN295257v1","317952","318061","JH378143","8574960","8575071","20","8257008"
"KN295257v1","324191","324488","JH378149","1427296","1427590","36","1103105"
"KN295257v1","347596","347897","JH378216","4224502","4224803","38","3876906"
"KN295257v1","349801","350088","JH378115","28712376","28712673","35","28362575"
"KN295257v1","354349","354634","JH378262","1318764","1319058","38","964415"
"KN295257v1","355918","356227","JH378105","71648676","71648983","35","71292758"
"KN295257v1","357155","357449","JH378120","30513421","30513713","39","30156266"
"KN295257v1","382866","383046","JH378123","5804813","5804993","24","5421947"
"KN295257v1","389440","389749","JH378208","3614542","3614848","35","3225102"
"KN295257v1","421275","421560","JH378198","1596143","1596429","34","1174868"
"KN295257v1","510796","511095","JH378120","11761078","11761369","43","11250282"
"KN295257v1","573573","573883","JH378187","2906095","2906405","38","2332522"
"KN295257v1","585801","586110","JH378115","25570507","25570808","40","24984706"
"KN295257v1","622771","623079","JH378197","7145768","7146073","38","6522997"
"KN295257v1","629389","629709","JH378112","33214699","33215012","39","32585310"
"KN295257v1","645407","645716","JH378111","26701569","26701879","36","26056162"
"KN295257v1","687840","688132","JH378206","1272655","1272943","39","584815"
"KN295257v1","736018","736298","JH378172","1257456","1257739","35","521438"
"KN295257v1","777463","777759","JH378137","17093543","17093840","48","16316080"
"KN295257v1","787832","788120","JH378110","17880643","17880926","34","17092811"
"KN295257v1","793436","793738","JH378213","3334871","3335172","36","2541435"
"KN295257v1","807941","808258","JH378119","30281825","30282135","45","29473884"
"KN295257v1","822984","823247","JH378173","6043976","6044232","36","5220992"
"KN295257v1","868764","869058","JH378241","5492398","5492696","31","4623634"
"KN295257v1","874173","874485","JH378108","43842538","43842851","45","42968365"
"KN295257v1","883795","884067","JH378108","34327273","34327542","40","33443478"
"KN295257v1","1050328","1050613","JH378107","52098418","52098702","37","51048090"
"KN295257v1","1094563","1094710","JH378106","6597982","6598126","23","5503419"
"KN295257v1","1096342","1096652","JH378112","14714268","14714575","40","13617926"
"KN295257v1","1099422","1099722","JH378162","12009235","12009540","41","10909813"
"KN295257v1","1101301","1101601","JH378288","1088673","1088973","33","12628"
"KN295257v1","1120626","1120933","JH378127","19048485","19048788","38","17927859"
"KN295257v1","1140261","1140566","JH378120","24584098","24584402","42","23443837"
"KN295257v1","1247177","1247334","JH378107","30402297","30402452","18","29155120"
"KN295257v1","1251554","1251838","JH378105","35665534","35665817","36","34413980"
"KN295257v1","1362699","1362992","JH378205","5080625","5080919","36","3717926"
"KN295257v1","1477969","1478279","JH378127","8597379","8597683","50","7119410"
"KN295257v1","1564590","1564875","JH378177","2554492","2554776","35","989902"
"KN295257v1","1568831","1569136","JH378265","2263256","2263553","41","694425"
"KN295257v1","1588342","1588613","JH378157","1917746","1918025","33","329404"
"KN295257v1","1617051","1617309","JH378133","4271464","4271721","38","2654413"
"KN295257v1","1655115","1655426","JH378107","17376092","17376401","41","15720977"
"KN295257v1","1687905","1688196","JH378149","1427296","1427590","33","260609"
"KN295257v1","1778500","1778803","JH378107","7568037","7568336","38","5789537"
"KN295257v1","1947979","1948245","JH378127","10291336","10291619","43","8343357"
"KN295257v1","1970818","1971119","JH378119","6124403","6124708","37","4153585"
"KN295257v1","2071247","2071334","JH378105","6781182","6781268","13","4709935"
"KN295260v1","179518","179814","JH378151","8381511","8381803","39","8201993"
"KN295260v1","213013","213291","JH378167","10413598","10413872","41","10200585"
"KN295260v1","277604","277904","JH378112","20327070","20327378","40","20049466"
"KN295260v1","321708","322013","JH378276","2558102","2558401","40","2236394"
"KN295260v1","363289","363489","JH378259","2287383","2287593","40","1924094"
"KN295260v1","417869","417905","JH378126","11234632","11234673","13","10816763"
"KN295260v1","462105","462335","AGCE01150955","1","234","34","462104"
"KN295260v1","491839","492137","JH378228","5509057","5509356","29","5017218"
"KN295260v1","496007","496320","JH378112","33214699","33215012","41","32718692"
"KN295260v1","503758","504045","JH378202","7119914","7120200","31","6616156"
"KN295260v1","665791","665932","JH378143","6057565","6057700","24","5391774"
"KN295260v1","1031363","1031646","JH378115","28712376","28712673","43","27681013"
"KN295260v1","1306003","1306300","JH378106","8705814","8706113","45","7399811"
"KN295260v1","1320339","1320614","JH378252","3606457","3606738","41","2286118"
"KN295260v1","1396401","1396576","JH378112","41030025","41030199","25","39633624"
"KN295260v1","1599388","1599696","JH378123","491683","491985","43","1107705"
"KN295260v1","1622510","1622750","JH378205","6901536","6901785","45","5279026"
"KN295260v1","1652180","1652498","JH378115","34859185","34859494","49","33207005"
"KN295260v1","1796551","1796856","JH378228","5509057","5509356","42","3712506"
"KN295260v1","2032839","2033122","JH378300","644091","644380","45","1388748"
"KN295260v1","2064422","2064722","JH378156","2803055","2803354","34","738633"
"KN295260v1","2127718","2128002","JH378198","1596143","1596429","28","531575"
"KN295260v1","2145572","2145831","JH378127","24612564","24612827","35","22466992"
"KN295260v1","2146533","2146832","JH378122","10686670","10686967","36","8540137"
"KN295260v1","2158799","2159080","JH378110","35445538","35445820","30","33286739"
"KN295260v1","2159107","2159120","JH378189","7208291","7208302","4","5049184"
"KN295260v1","2169573","2169885","JH378119","26375601","26375910","44","24206028"
"KN295260v1","2179241","2179544","JH378151","16588942","16589245","44","14409701"
"KN295260v1","2182606","2182885","JH378106","70444924","70445198","39","68262318"
"KN295260v1","2199800","2200110","JH378140","7338564","7338875","40","5138764"
"KN295260v1","2205010","2205308","JH378228","5509057","5509356","36","3304047"
"KN295260v1","2205783","2206067","JH378111","19524517","19524801","27","17318734"
"KN295260v1","2225285","2225581","JH378108","30731255","30731558","37","28505970"
"KN295260v1","2248874","2249175","JH378116","28869529","28869826","31","26620655"
"KN295260v1","2261245","2261547","JH378110","10833476","10833772","41","8572231"
"KN295260v1","2349243","2349550","JH378313","879367","879673","32","1469876"
"KN295261v1","116108","116392","JH378149","1230463","1230746","48","1114355"
"KN295261v1","208364","208649","JH378108","17373296","17373582","37","17164932"
"KN295261v1","282247","282544","JH378122","14416899","14417197","41","14134652"
"KN295261v1","441613","441734","JH378129","12397290","12397412","19","11955677"
"KN295261v1","604350","604645","JH378276","503796","504088","42","100554"
"KN295263v1","151237","151531","JH378163","13372336","13372629","40","13221099"
"KN295263v1","357522","357810","JH378153","7392982","7393269","43","7035460"
"KN295265v1","162652","162967","JH378127","20885536","20885841","44","20722884"
"KN295265v1","209912","210223","JH378167","5351158","5351469","41","5141246"
"KN295265v1","236568","236696","JH378109","43061655","43061770","39","42825087"
"KN295265v1","259872","260174","JH378260","108900","109196","36","150972"
"KN295265v1","300719","301009","JH378305","1406958","1407245","37","1106239"
"KN295267v1","84452","84756","JH378107","6565428","6565729","49","6480976"
"KN295267v1","315577","315884","JH378139","18955642","18955939","40","18640065"
"KN295267v1","400817","401111","JH378216","6814492","6814786","32","6413675"
"KN295267v1","513545","513838","JH378117","25603359","25603650","38","25089814"
"KN295267v1","927802","928054","JH378149","7222783","7223041","47","6294981"
"KN295267v1","1028362","1028654","JH378236","2372296","2372589","33","1343934"
"KN295267v1","1086892","1087199","JH378115","23201999","23202310","45","22115107"
"KN295267v1","1252932","1253235","JH378253","315934","316240","42","936998"
"KN295268v1","71039","71346","JH378127","13030965","13031271","32","12959926"
"KN295268v1","119768","120083","JH378243","124035","124342","46","4267"
"KN295273v1","13651","13931","JH378246","2401172","2401453","35","2387521"
"KN295273v1","13963","13980","JH378149","1403733","1403749","5","1389770"
"KN295273v1","76271","76558","JH378148","3284028","3284308","52","3207757"
"KN295273v1","147536","147827","JH378216","6814492","6814786","40","6666956"
"KN295274v1","30774","31061","JH378153","7166527","7166816","43","7135753"
"KN295274v1","91257","91557","JH378124","27520454","27520748","36","27429197"
"KN295274v1","93514","93814","JH378115","28712376","28712673","34","28618862"
"KN295278v1","80292","80575","JH378153","7392982","7393269","31","7312690"
"KN295281v1","96478","96778","JH378173","2753783","2754078","37","2657305"
"KN295281v1","98052","98362","JH378106","59388710","59389020","42","59290658"
"KN295281v1","116258","116332","JH378137","16770949","16771020","18","16654691"
"KN295281v1","201983","202278","JH378141","16295875","16296172","35","16093892"
"KN295282v1","20888","21188","JH378264","2773729","2774039","43","2752841"
"KN295282v1","44504","44794","JH378156","10660683","10660975","29","10616179"
"KN295282v1","82837","83120","JH378177","6664715","6664994","34","6581878"
"KN295282v1","100329","100637","JH378185","10007245","10007555","46","9906916"
"KN295282v1","197303","197593","JH378137","7407944","7408236","31","7210641"
"KN295282v1","234909","235191","JH378169","3247221","3247500","37","3012312"
"KN295282v1","394605","394907","JH378305","1325619","1325921","34","931014"
"KN295284v1","49557","49864","JH378126","21026752","21027059","31","20977195"
"KN295284v1","58622","58926","JH378145","10990382","10990688","38","10931760"
"KN295284v1","66677","66958","JH378177","8225190","8225466","34","8158513"
"KN295284v1","76094","76360","JH378120","24608971","24609252","49","24532877"
"KN295284v1","97864","98170","JH378288","1088673","1088973","32","990809"
"KN295284v1","108451","108705","JH378180","7820139","7820394","30","7711688"
"KN295284v1","119333","119629","JH378137","18706406","18706704","34","18587073"
"KN295284v1","135014","135113","JH378126","24115264","24115364","14","23980250"
"KN295284v1","135524","135705","JH378105","13290802","13290980","28","13155278"
"KN295284v1","136015","136149","JH378153","2127454","2127589","14","1991439"
"KN295284v1","182980","183290","JH378187","2906095","2906405","31","2723115"
"KN295284v1","198230","198311","JH378319","225574","225654","7","27344"
"KN295284v1","201047","201343","JH378116","28869529","28869826","28","28668482"
"KN295284v1","216182","216493","JH378137","17338780","17339086","40","17122598"
"KN295284v1","372493","372767","JH378119","2693227","2693494","42","2320734"
"KN295284v1","421450","421747","JH378105","35206219","35206512","39","34784769"
"KN295284v1","453127","453287","JH378157","4804129","4804282","21","4351002"
"KN295284v1","492722","493014","JH378159","1426954","1427245","46","934232"
"KN295284v1","495262","495553","JH378105","21630016","21630306","36","21134754"
"KN295284v1","507498","507792","JH378220","2784017","2784313","35","2276519"
"KN295284v1","579429","579730","JH378106","21800355","21800646","42","21220926"
"KN295284v1","609844","610154","JH378120","16327645","16327955","38","15717801"
"KN295284v1","617887","618173","JH378174","8692736","8693022","35","8074849"
"KN295286v1","3136","3309","JH378166","8431335","8431509","21","8428199"
"KN295286v1","23455","23756","JH378138","5380451","5380753","35","5356996"
"KN295286v1","26707","26904","JH378245","370959","371154","27","344252"
"KN295286v1","58129","58444","JH378224","2769148","2769454","43","2711019"
"KN295286v1","65094","65376","JH378206","1196853","1197145","48","1131759"
"KN295287v1","6973","7264","JH378106","16205648","16205940","30","16198675"
"KN295287v1","12313","12548","JH378216","2168007","2168237","34","2155694"
"KN295287v1","39834","40131","JH378205","5080625","5080919","30","5040791"
"KN295293v1","25116","25417","JH378281","2950232","2950541","42","2925116"
"KN295293v1","59803","60113","JH378197","7145768","7146073","38","7085965"
"KN295293v1","136527","136813","JH378153","5259027","5259313","34","5122500"
"KN295293v1","182087","182384","JH378107","556207","556505","34","374120"
"KN295293v1","183997","184311","JH378171","7791816","7792128","36","7607819"
"KN295293v1","244453","244738","JH378153","5259027","5259313","45","5014574"
"KN295294v1","24803","25112","JH378115","16925265","16925575","33","16900462"
"KN295294v1","41954","42245","JH378154","2342426","2342715","42","2300472"
"KN295294v1","51920","52217","JH378118","31871195","31871483","43","31819275"
"KN295294v1","57648","57941","JH378122","2533791","2534089","39","2476143"
"KN295294v1","87167","87450","JH378153","7392982","7393269","37","7305815"
"KN295294v1","94687","94943","JH378149","7222783","7223041","52","7128096"
"KN295294v1","109262","109571","JH378127","12775619","12775924","40","12666357"
"KN295294v1","115543","115841","JH378220","2784017","2784313","40","2668474"
"KN295294v1","132362","132656","JH378151","8381511","8381803","41","8249149"
"KN295294v1","140946","141255","JH378124","7160922","7161225","41","7019976"
"KN295294v1","147723","148026","JH378108","35543926","35544225","37","35396203"
"KN295294v1","155832","156120","JH378118","133061","133348","33","22771"
"KN295294v1","174676","174984","JH378112","41169317","41169618","41","40994641"
"KN295294v1","178984","179294","JH378115","34859185","34859494","34","34680201"
"KN295294v1","188675","188970","JH378116","21362676","21362970","39","21174001"
"KN295294v1","188974","189032","JH378264","2832232","2832291","5","2643258"
"KN295294v1","189037","189239","JH378153","1055189","1055386","28","866152"
"KN295294v1","190931","191216","JH378149","11180138","11180421","38","10989207"
"KN295294v1","196637","196940","JH378225","6457829","6458137","35","6261192"
"KN295294v1","210963","211249","JH378108","10407315","10407599","42","10196352"
"KN295294v1","225614","225915","JH378108","30731255","30731558","39","30505641"
"KN295294v1","236062","236362","JH378108","23697294","23697593","32","23461232"
"KN295294v1","239421","239713","JH378139","338571","338865","39","99150"
"KN295294v1","272091","272384","JH378228","5509057","5509356","41","5236966"
"KN295294v1","306890","307181","JH378224","3111148","3111436","32","2804258"
"KN295294v1","308713","309019","JH378126","21026752","21027059","31","20718039"
"KN295294v1","309756","310049","JH378151","8381511","8381803","31","8071755"
"KN295294v1","326420","326698","JH378196","6605720","6605996","34","6279300"
"KN295294v1","329824","330122","JH378185","841607","841910","36","511783"
"KN295294v1","343106","343364","JH378204","5090944","5091199","37","4747838"
"KN295294v1","346137","346425","JH378247","624714","625001","32","278577"
"KN295294v1","357378","357683","JH378284","1163902","1164203","39","806524"
"KN295294v1","366100","366232","JH378118","24705821","24705951","13","24339721"
"KN295294v1","373218","373514","JH378235","4514528","4514824","34","4141310"
"KN295294v1","406751","407045","JH378116","28869529","28869826","30","28462778"
"KN295294v1","452999","453262","JH378145","2645919","2646181","34","2192920"
"KN295294v1","458399","458704","JH378119","11179406","11179710","38","10721007"
"KN295294v1","689399","689691","JH378107","57325483","57325775","32","56636084"
"KN295294v1","692089","692399","JH378239","3940828","3941139","37","3248739"
"KN295294v1","740418","740578","JH378206","2858828","2858986","30","2118410"
"KN295294v1","843380","843684","JH378127","19048485","19048788","41","18205105"
"KN295294v1","862854","863149","JH378160","11833922","11834221","44","10971068"
"KN295294v1","1038921","1039216","JH378111","42787057","42787349","38","41748136"
"KN295294v1","1053999","1054260","JH378228","5372364","5372618","40","4318365"
"KN295294v1","1066712","1067009","JH378197","7145768","7146073","35","6079056"
"KN295294v1","1079580","1079883","JH378136","7727266","7727563","40","6647686"
"KN295294v1","1087409","1087703","JH378125","7871274","7871565","39","6783865"
"KN295294v1","1100538","1100848","JH378207","3169344","3169645","41","2068806"
"KN295294v1","1135093","1135374","JH378124","5585024","5585307","42","4449931"
"KN295294v1","1170392","1170572","JH378179","2641100","2641279","23","1470708"
"KN295294v1","1220064","1220371","JH378239","5339184","5339492","34","4119120"
"KN295294v1","1299285","1299590","JH378173","9055905","9056209","36","7756620"
"KN295294v1","1325500","1325802","JH378111","32787449","32787755","29","31461949"
"KN295294v1","1329878","1330160","JH378114","29675067","29675349","34","28345189"
"KN295294v1","1363868","1364173","JH378110","32305325","32305628","44","30941457"
"KN295294v1","1402856","1402971","JH378105","69218271","69218379","22","67815415"
"KN295294v1","1422942","1423249","JH378127","22238831","22239131","41","20815889"
"KN295294v1","1499439","1499692","JH378105","41080798","41081039","46","39581359"
"KN295294v1","1537891","1538189","JH378220","2784017","2784313","36","1246126"
"KN295294v1","1585461","1585776","JH378209","3173440","3173748","52","1587979"
"KN295294v1","1856415","1856725","JH378105","45642323","45642630","41","43785908"
"KN295294v1","1992247","1992538","JH378161","5293242","5293534","49","3300995"
"KN295294v1","2028815","2029033","JH378108","41303574","41303795","28","39274759"
"KN295294v1","2138122","2138294","JH378198","3628336","3628500","31","1490214"
"KN295294v1","2181254","2181369","JH378193","1511364","1511477","13","669890"
"KN295294v1","2266255","2266538","JH378224","3408579","3408861","32","1142324"
"KN295294v1","2411684","2411983","JH378111","9064767","9065064","45","6653083"
"KN295294v1","2507666","2507932","JH378159","12928541","12928801","46","10420875"
"KN295294v1","2623660","2623961","JH378106","42921254","42921554","35","40297594"
"KN295294v1","2646406","2646715","JH378126","21026752","21027059","39","18380346"
"KN295294v1","2753079","2753374","JH378139","10082446","10082743","31","7329367"
"KN295294v1","2920232","2920521","JH378106","8294885","8295176","30","5374653"
"KN295294v1","2945133","2945438","JH378257","2204800","2205108","29","740333"
"KN295294v1","3162492","3162781","JH378107","49473760","49474052","31","46311268"
"KN295294v1","3205808","3206116","JH378206","4086994","4087300","34","881186"
"KN295294v1","3287384","3287682","JH378193","9244117","9244413","41","5956733"
"KN295294v1","3288523","3288850","JH378259","3843342","3843655","52","554819"
"KN295294v1","3304812","3305126","JH378126","21026752","21027059","40","17721940"
"KN295294v1","3305570","3305905","JH378144","957442","957760","68","2348128"
"KN295294v1","3313006","3313079","JH378110","32692543","32692616","13","29379537"
"KN295294v1","3370102","3370436","JH378183","5338171","5338505","44","1968069"
"KN295294v1","3390331","3390623","JH378124","11759045","11759346","36","8368714"
"KN295294v1","3407319","3407573","JH378105","34355301","34355553","35","30947982"
"KN295294v1","3437793","3438102","JH378113","6613006","6613316","26","3175213"
"KN295294v1","3508708","3508987","JH378115","16402882","16403161","46","12894174"
"KN295294v1","3595572","3595850","JH378137","17271511","17271797","38","13675939"
"KN295294v1","3667856","3668151","JH378170","2755608","2755903","35","912248"
"KN295294v1","3752256","3752554","JH378148","16754519","16754816","38","13002263"
"KN295294v1","3777315","3777592","JH378323","404099","404383","39","3373216"
"KN295294v1","3779941","3780250","JH378106","59688577","59688884","34","55908636"
"KN295294v1","3783380","3783667","JH378170","4944350","4944635","42","1160970"
"KN295294v1","3808386","3808677","JH378216","7124506","7124797","32","3316120"
"KN295294v1","3832494","3832804","JH378211","2356763","2357069","49","1475731"
"KN295295v1","5059","5366","JH378139","18632207","18632516","34","18627148"
"KN295300v1","21354","21637","JH378153","7166527","7166816","40","7145173"
"KN295301v1","101986","102265","JH378182","9240926","9241205","40","9138940"
"KN295301v1","372735","373021","JH378216","7124506","7124797","29","6751771"
"KN295301v1","385767","385884","JH378180","815630","815761","19","429863"
"KN295301v1","385888","386144","JH378115","35845421","35845680","33","35459533"
"KN295301v1","491687","491977","JH378208","6292090","6292381","36","5800403"
"KN295301v1","521147","521449","JH378113","14455819","14456118","38","13934672"
"KN295301v1","540726","541037","AGCE01151127","791","1105","42","539935"
"KN295301v1","577939","578239","JH378109","5797216","5797515","39","5219277"
"KN295301v1","585670","585965","JH378115","21625374","21625682","53","21039704"
"KN295301v1","710022","710329","JH378148","3164823","3165131","32","2454801"
"KN295301v1","722681","722904","JH378149","17161294","17161519","31","16438613"
"KN295301v1","869656","869966","JH378135","3149477","3149786","40","2279821"
"KN295301v1","954571","954856","JH378108","16498713","16498994","48","15544142"
"KN295301v1","1074803","1075106","JH378119","11179406","11179710","34","10104603"
"KN295301v1","1095579","1095835","JH378109","44424412","44424668","28","43328833"
"KN295301v1","1101762","1102070","JH378185","841607","841910","41","260155"
"KN295301v1","1549649","1549933","JH378145","3227673","3227954","31","1678024"
"KN295301v1","1660361","1660646","JH378182","3623832","3624120","31","1963471"
"KN295302v1","108696","108982","JH378163","5941072","5941357","35","5832376"
"KN295302v1","108983","109178","JH378117","8687541","8687735","34","8578558"
"KN295302v1","126730","126984","JH378172","12088642","12088899","39","11961912"
"KN295302v1","131160","131454","JH378176","9716970","9717264","32","9585810"
"KN295302v1","151427","151707","JH378224","3408579","3408861","34","3257152"
"KN295302v1","192442","192753","JH378106","60843849","60844159","36","60651407"
"KN295302v1","212807","213004","JH378117","8687541","8687735","25","8474734"
"KN295302v1","213920","214206","JH378108","45515306","45515596","44","45301386"
"KN295302v1","234492","234783","JH378109","52148","52435","31","182344"
"KN295302v1","273025","273330","JH378176","9716970","9717264","37","9443945"
"KN295302v1","276594","276891","JH378316","602101","602397","43","325507"
"KN295302v1","286905","287210","JH378113","6692573","6692881","37","6405668"
"KN295302v1","307173","307472","JH378115","25041145","25041450","39","24733972"
"KN295302v1","399120","399433","JH378126","21026752","21027059","42","20627632"
"KN295303v1","4529","4836","JH378158","3522926","3523235","39","3518397"
"KN295303v1","20830","21137","JH378115","28712376","28712673","42","28691546"
"KN295303v1","41325","41627","JH378124","5766640","5766939","37","5725315"
"KN295303v1","54825","55136","JH378118","12034895","12035199","37","11980070"
"KN295303v1","60425","60720","JH378212","4230407","4230702","34","4169982"
"KN295303v1","70626","70923","JH378149","539268","539562","29","468642"
"KN295303v1","71620","71753","JH378135","9880098","9880232","14","9808478"
"KN295303v1","71754","72048","JH378105","4463720","4464019","50","4391966"
"KN295304v1","15431","15730","JH378339","113275","113574","49","97844"
"KN295304v1","17715","18007","JH378724","3110","3399","61","14605"
"KN295304v1","18843","19134","JH378112","32204236","32204530","41","32185393"
"KN295304v1","53793","54065","JH378113","4535568","4535838","39","4481775"
"KN295304v1","118815","119106","JH378216","7124506","7124797","36","7005691"
"KN295304v1","131576","131707","JH378180","815630","815761","11","684054"
"KN295304v1","253074","253374","JH378132","14268943","14269240","28","14015869"
"KN295304v1","304735","304874","JH378188","9232673","9232814","15","8927938"
"KN295304v1","573879","574154","JH378173","12542006","12542287","42","11968127"
"KN295307v1","70332","70624","JH378191","6177328","6177618","39","6106996"
"KN295308v1","245266","245569","JH378114","31670723","31671027","34","31425457"
"KN295308v1","542821","543103","JH378140","1800319","1800602","36","1257498"
"KN295308v1","705418","705731","JH378112","21015725","21016036","39","20310307"
"KN295308v1","714138","714186","JH378134","11566465","11566516","9","10852327"
"KN295308v1","808036","808344","JH378216","1139896","1140197","39","331860"
"KN295308v1","814099","814383","JH378120","11695116","11695394","38","10881017"
"KN295308v1","849091","849391","JH378107","7568037","7568336","34","6718946"
"KN295308v1","897778","898079","JH378127","18566293","18566586","40","17668515"
"KN295308v1","986620","986923","JH378271","459308","459608","37","527312"
"KN295308v1","991489","991788","JH378293","1524576","1524874","37","533087"
"KN295308v1","1032031","1032324","JH378262","1318764","1319058","34","286733"
"KN295308v1","1174028","1174337","JH378198","4786639","4786946","41","3612611"
"KN295308v1","1422809","1423101","JH378170","4783494","4783792","28","3360685"
"KN295308v1","1434019","1434329","JH378110","19934311","19934616","36","18500292"
"KN295308v1","1633621","1633929","JH378224","2769148","2769454","38","1135527"
"KN295308v1","1988621","1988757","JH378149","12526410","12526553","24","10537789"
"KN295308v1","1995628","1995933","JH378279","2687810","2688114","35","692182"
"KN295308v1","2027555","2027857","JH378206","6984481","6984785","39","4956926"
"KN295308v1","2033602","2033917","JH378106","62898759","62899069","36","60865157"
"KN295308v1","2050843","2051148","JH378151","6647965","6648275","40","4597122"
"KN295308v1","2053468","2053748","JH378158","3968205","3968487","41","1914737"
"KN295308v1","2428417","2428721","JH378110","12146106","12146409","57","9717689"
"KN295313v1","28160","28466","JH378178","1717736","1718040","43","1689576"
"KN295313v1","36643","36933","JH378114","36705067","36705364","45","36668424"
"KN295313v1","38189","38481","JH378106","9881732","9882022","42","9843543"
"KN295313v1","58290","58581","JH378124","17923330","17923624","47","17865040"
"KN295313v1","70216","70526","JH378119","11162964","11163258","53","11092748"
"KN295313v1","72351","72647","JH378288","1088673","1088973","35","1016322"
"KN295313v1","112196","112505","JH378157","11279720","11280030","44","11167524"
"KN295313v1","127724","128015","JH378118","31339599","31339890","37","31211875"
"KN295313v1","132751","133056","JH378292","2579010","2579319","37","2446259"
"KN295313v1","171252","171538","JH378123","23351375","23351663","50","23180123"
"KN295313v1","211555","211855","JH378114","7122925","7123229","30","6911370"
"KN295315v1","64564","64740","JH378131","20024266","20024439","24","19959702"
"KN295315v1","84560","84893","JH378108","30731255","30731558","55","30646695"
"KN295315v1","97373","97675","JH378255","1560098","1560402","32","1462725"
"KN295315v1","100595","100900","JH378137","418029","418333","46","317434"
"KN295315v1","144917","145225","JH378225","6457829","6458137","34","6312912"
"KN295315v1","168961","169259","JH378273","877826","878124","35","708865"
"KN295315v1","544446","544750","JH378110","42454593","42454892","44","41910147"
"KN295315v1","558543","558846","JH378149","4766604","4766904","46","4208061"
"KN295315v1","576471","576765","JH378260","108900","109196","39","467571"
"KN295315v1","606201","606505","JH378288","1088673","1088973","26","482472"
"KN295315v1","607237","607541","JH378116","25214669","25214965","42","24607432"
"KN295315v1","615676","615953","JH378127","19204755","19205030","32","18589079"
"KN295315v1","638409","638574","JH378106","70456146","70456311","23","69817737"
"KN295315v1","654415","654705","JH378111","11160555","11160844","38","10506140"
"KN295315v1","687467","687716","JH378212","595089","595334","35","92378"
"KN295315v1","715873","716182","JH378119","6124403","6124708","37","5408530"
"KN295315v1","724883","724952","JH378149","9999020","9999089","8","9274137"
"KN295315v1","725513","725608","JH378105","54320628","54320724","23","53595115"
"KN295315v1","775112","775244","JH378184","6796171","6796302","7","6021059"
"KN295315v1","897584","897864","JH378157","1917746","1918025","38","1020162"
"KN295315v1","909727","910059","JH378129","14016873","14017201","50","13107146"
"KN295315v1","935487","935797","JH378120","16578880","16579191","34","15643393"
"KN295315v1","935801","935931","JH378157","10848813","10848943","13","9913012"
"KN295315v1","940858","941153","JH378133","3800581","3800878","24","2859723"
"KN295315v1","946145","946372","JH378107","4949311","4949533","28","4003166"
"KN295315v1","947800","948100","JH378170","4783494","4783792","30","3835694"
"KN295315v1","991745","992036","JH378107","30469196","30469490","36","29477451"
"KN295315v1","1014875","1015186","JH378114","28064245","28064561","52","27049370"
"KN295315v1","1018140","1018435","JH378163","13372336","13372629","35","12354196"
"KN295315v1","1023979","1024272","JH378106","3052818","3053105","34","2028839"
"KN295315v1","1040539","1040849","JH378126","21026752","21027059","32","19986213"
"KN295315v1","1107350","1107660","JH378167","5351158","5351469","39","4243808"
"KN295315v1","1122113","1122410","JH378173","11371847","11372142","37","10249734"
"KN295315v1","1160112","1160419","JH378123","48357","48656","68","1111755"
"KN295315v1","1178968","1179098","JH378291","907213","907344","14","271755"
"KN295315v1","1230195","1230502","JH378197","7145768","7146073","31","5915573"
"KN295315v1","1270329","1270587","JH378105","58372683","58372940","50","57102354"
"KN295315v1","1275382","1275674","JH378343","242635","242930","32","1032747"
"KN295315v1","1382435","1382593","JH378109","50772810","50772965","29","49390375"
"KN295315v1","1441837","1442150","JH378289","2125754","2126067","41","683917"
"KN295315v1","1570253","1570561","JH378137","4012884","4013190","45","2442631"
"KN295315v1","1707209","1707518","JH378106","70986080","70986388","37","69278871"
"KN295315v1","1724946","1725237","JH378175","6362924","6363199","56","4637978"
"KN295315v1","2077204","2077370","JH378106","53782394","53782562","32","51705190"
"KN295315v1","2098788","2099135","JH378166","2452374","2452701","57","353586"
"KN295315v1","2125932","2126231","JH378108","46075956","46076254","35","43950024"
"KN295315v1","2299177","2299309","JH378111","19624854","19624984","8","17325677"
"KN295315v1","2359963","2360265","JH378214","2749240","2749548","41","389277"
"KN295315v1","2412793","2413088","JH378224","3106363","3106651","41","693570"
"KN295315v1","2414330","2414639","JH378119","6124403","6124708","28","3710073"
"KN295315v1","2443974","2444280","JH378126","23919556","23919859","39","21475582"
"KN295315v1","2558493","2558614","JH378105","57384364","57384487","20","54825871"
"KN295319v1","37279","37590","JH378113","21654932","21655240","41","21617653"
"KN295319v1","39148","39443","JH378156","6294917","6295213","38","6255769"
"KN295319v1","39452","39762","JH378117","37631560","37631871","50","37592108"
"KN295319v1","56140","56442","JH378108","30731255","30731558","32","30675115"
"KN295319v1","107235","107544","JH378311","359748","360048","41","252513"
"KN295319v1","157614","157925","JH378171","6181069","6181379","44","6023455"
"KN295319v1","159305","159599","JH378176","9716970","9717264","30","9557665"
"KN295319v1","194309","194600","JH378133","22138850","22139145","36","21944541"
"KN295319v1","608587","608853","JH378106","63213409","63213668","39","62604822"
"KN295319v1","613507","613809","JH378113","17735383","17735690","39","17121876"
"KN295319v1","621028","621325","JH378105","54150095","54150392","34","53529067"
"KN295319v1","629819","630116","JH378308","1420623","1420924","45","790804"
"KN295319v1","682931","683239","JH378117","25564574","25564883","37","24881643"
"KN295319v1","684910","685203","JH378254","3964892","3965182","40","3279982"
"KN295319v1","685216","685515","JH378125","19027324","19027621","42","18342108"
"KN295319v1","729117","729422","JH378138","5380451","5380753","41","4651334"
"KN295319v1","744160","744482","JH378113","6613006","6613316","41","5868846"
"KN295319v1","752674","752979","JH378264","2977844","2978149","33","2225170"
"KN295319v1","755484","755797","JH378113","6692573","6692881","36","5937089"
"KN295319v1","756604","756865","JH378153","12991962","12992225","39","12235358"
"KN295319v1","763273","763582","JH378234","4844507","4844813","41","4081234"
"KN295319v1","765710","766021","JH378115","16925265","16925575","46","16159555"
"KN295319v1","778992","779277","JH378122","13599043","13599334","43","12820051"
"KN295320v1","42171","42465","JH378151","8381511","8381803","31","8339340"
"KN295320v1","50768","51073","JH378130","23796726","23797029","38","23745958"
"KN295320v1","54492","54787","JH378120","27402716","27403003","57","27348224"
"KN295320v1","65571","65874","JH378241","5492398","5492696","36","5426827"
"KN295320v1","96802","96981","JH378112","13274382","13274557","35","13177580"
"KN295320v1","144404","144669","JH378135","9836647","9836932","46","9692243"
"KN295320v1","183715","183994","JH378135","5817554","5817839","55","5633839"
"KN295320v1","215408","215708","JH378127","18482283","18482588","42","18266875"
"KN295320v1","293715","294006","JH378108","23280248","23280545","45","22986533"
"KN295320v1","303274","303539","JH378116","25530601","25530871","44","25227327"
"KN295320v1","360655","360957","JH378139","18632207","18632516","34","18271552"
"KN295320v1","406244","406537","JH378176","9716970","9717264","36","9310726"
"KN295320v1","479355","479644","JH378137","17271511","17271797","35","16792156"
"KN295320v1","513100","513385","JH378204","3540391","3540677","38","3027291"
"KN295320v1","636919","637216","JH378153","11874540","11874839","32","11237621"
"KN295320v1","662792","663083","JH378151","8381511","8381803","30","7718719"
"KN295320v1","975881","976180","JH378116","37256165","37256464","45","36280284"
"KN295320v1","1074809","1075153","JH378113","23430583","23430911","71","22355774"
"KN295320v1","1096668","1096947","JH378227","2461202","2461478","38","1364534"
"KN295320v1","1187174","1187430","JH378125","7358700","7358942","42","6171526"
"KN295320v1","1398742","1399071","JH378119","5709773","5710096","64","4311031"
"KN295320v1","1465506","1465801","JH378220","2784017","2784313","30","1318511"
"KN295320v1","1567275","1567570","JH378116","28869529","28869826","32","27302254"
"KN295320v1","1627226","1627526","JH378110","18001095","18001395","36","16373869"
"KN295320v1","1665379","1665673","JH378173","9231808","9232100","35","7566429"
"KN295323v1","136335","136648","JH378115","16925265","16925575","46","16788930"
"KN295323v1","165735","166024","JH378151","8652626","8652916","34","8486891"
"KN295323v1","166675","166991","JH378185","1806016","1806320","48","1639341"
"KN295323v1","253844","254135","JH378127","18566293","18566586","37","18312449"
"KN295323v1","284398","284711","JH378112","33597938","33598248","43","33313540"
"KN295323v1","315467","315771","JH378146","15827373","15827672","38","15511906"
"KN295323v1","385741","386045","JH378107","38922005","38922310","48","38536264"
"KN295323v1","499398","499494","JH378207","2773176","2773270","14","2273778"
"KN295323v1","522573","522879","JH378193","9064556","9064861","36","8541983"
"KN295323v1","668158","668393","JH378206","4123771","4124000","38","3455613"
"KN295326v1","15450","15745","JH378113","5116740","5117037","40","5101290"
"KN295326v1","16345","16647","JH378131","19339353","19339649","36","19323008"
"KN295326v1","35202","35501","JH378172","9607805","9608100","53","9572603"
"KN295326v1","44882","45184","JH378111","42787057","42787349","44","42742175"
"KN295326v1","61054","61304","JH378237","4156470","4156713","47","4095416"
"KN295326v1","62533","62806","JH378105","36059082","36059351","36","35996549"
"KN295326v1","65378","65683","JH378140","6883086","6883394","41","6817708"
"KN295326v1","70958","71252","JH378220","2784017","2784313","43","2713059"
"KN295326v1","75069","75380","JH378236","1785225","1785535","36","1710156"
"KN295326v1","77303","77608","JH378131","19339353","19339649","35","19262050"
"KN295326v1","79903","80211","JH378197","8301771","8302079","36","8221868"
"KN295326v1","80725","80865","JH378135","10038145","10038277","18","9957420"
"KN295326v1","80866","81159","JH378151","8652626","8652916","36","8571760"
"KN295326v1","81160","81326","JH378106","70456146","70456311","12","70374986"
"KN295326v1","147523","147819","JH378112","30912176","30912478","37","30764653"
"KN295326v1","150164","150469","JH378257","445714","446011","36","295550"
"KN295326v1","194433","194728","JH378127","18566293","18566586","34","18371860"
"KN295326v1","196869","197179","JH378113","28428906","28429220","33","28232037"
"KN295326v1","215747","216044","JH378236","733320","733615","33","517573"
"KN295326v1","220857","221136","JH378135","4749136","4749412","37","4528279"
"KN295326v1","222726","223016","JH378147","12499054","12499335","43","12276328"
"KN295326v1","235545","235840","JH378115","33135454","33135750","40","32899909"
"KN295326v1","262950","263239","JH378158","9080617","9080907","34","8817667"
"KN295326v1","270615","270922","JH378142","17562459","17562772","47","17291844"
"KN295326v1","272126","272290","JH378216","4618718","4618882","19","4346592"
"KN295326v1","272595","272743","JH378184","5372802","5372943","20","5100207"
"KN295326v1","314473","314738","JH378114","6017291","6017548","48","5702818"
"KN295326v1","324355","324486","JH378153","2127454","2127589","14","1803099"
"KN295326v1","334634","334945","JH378126","21026752","21027059","41","20692118"
"KN295326v1","343176","343284","JH378106","48863148","48863257","16","48519972"
"KN295326v1","347158","347465","JH378197","7145768","7146073","41","6798610"
"KN295326v1","401235","401528","JH378139","13010907","13011199","38","12609672"
"KN295326v1","443100","443260","JH378164","9341233","9341390","25","8898133"
"KN295327v1","201456","201784","JH378113","23430583","23430911","56","23229127"
"KN295328v1","124061","124365","JH378127","11653984","11654276","41","11529923"
"KN295328v1","280793","281089","JH378110","13953259","13953553","44","13672466"
"KN295330v1","70253","70550","JH378146","15827373","15827672","31","15757120"
"KN295330v1","85147","85442","JH378173","10496777","10497072","35","10411630"
"KN295330v1","229501","229809","JH378247","4471640","4471940","38","4242139"
"KN295337v1","21382","21629","JH378108","23922248","23922496","45","23900866"
"KN295337v1","77844","78181","JH378118","5446798","5447131","43","5368954"
"KN295337v1","253867","254171","JH378236","2099707","2100007","47","1845840"
"KN295337v1","326579","326876","JH378115","28712376","28712673","40","28385797"
"KN295337v1","642746","643060","JH378106","60843849","60844159","42","60201103"
"KN295337v1","908820","909124","JH378229","2791774","2792064","38","1882954"
"KN295342v1","361","634","JH378162","8406491","8406766","40","8406130"
"KN295343v1","12459","12586","JH378297","456403","456529","14","443944"
"KN295343v1","18153","18309","JH378216","7219102","7219255","24","7200949"
"KN295343v1","30169","30485","JH378137","460166","460475","47","429997"
"KN295343v1","40651","40953","JH378257","87786","88089","34","47135"
"KN295343v1","43927","44222","JH378119","6298333","6298628","41","6254406"
"KN295343v1","47399","47578","JH378107","23945344","23945526","25","23897945"
"KN295343v1","59319","59615","JH378197","7145768","7146073","42","7086449"
"KN295343v1","66667","66975","JH378120","16327645","16327955","43","16260978"
"KN295343v1","82946","83245","JH378228","5509057","5509356","31","5426111"
"KN295343v1","84043","84344","JH378198","6294233","6294526","37","6210190"
"KN295343v1","109054","109366","JH378320","58622","58932","41","50432"
"KN295343v1","109818","110104","JH378137","7745755","7746044","38","7635937"
"KN295343v1","112165","112330","JH378119","13339645","13339812","19","13227480"
"KN295343v1","118788","119096","AGCE01151127","791","1105","36","117997"
"KN295343v1","149037","149334","JH378114","38708481","38708771","38","38559444"
"KN295343v1","163546","163844","JH378137","11282926","11283229","41","11119380"
"KN295343v1","169799","170098","JH378115","28712376","28712673","36","28542577"
"KN295343v1","174418","174717","JH378197","7145768","7146073","31","6971350"
"KN295343v1","212077","212377","JH378137","17093543","17093840","28","16881466"
"KN295343v1","269450","269746","JH378139","1159515","1159824","50","890065"
"KN295343v1","296251","296547","JH378223","258417","258711","38","37834"
"KN295343v1","301023","301325","JH378123","497003","497309","36","195980"
"KN295343v1","303295","303583","JH378105","33992488","33992780","36","33689193"
"KN295343v1","337802","338116","JH378161","11908958","11909274","34","11571156"
"KN295343v1","340641","340943","JH378151","7439461","7439762","42","7098820"
"KN295343v1","353169","353476","JH378284","1163902","1164203","33","810733"
"KN295343v1","353650","353731","JH378135","1264115","1264194","11","910465"
"KN295343v1","376278","376461","JH378220","6470411","6470593","20","6094133"
"KN295343v1","392021","392333","JH378148","12255931","12256243","41","11863910"
"KN295343v1","402085","402395","JH378115","16925265","16925575","37","16523180"
"KN295343v1","423210","423507","JH378122","7536361","7536659","31","7113151"
"KN295343v1","501669","501979","JH378107","32189786","32190091","39","31688117"
"KN295343v1","504990","505299","JH378130","1202684","1202989","38","697694"
"KN295343v1","510560","510859","JH378137","4677249","4677553","58","4166689"
"KN295343v1","513274","513555","JH378105","28856237","28856513","34","28342963"
"KN295343v1","516996","517249","JH378139","2860698","2860950","42","2343702"
"KN295343v1","531854","532159","JH378158","3522926","3523235","46","2991072"
"KN295343v1","535254","535548","JH378106","69239155","69239449","29","68703901"
"KN295343v1","576853","577156","JH378148","15796597","15796901","32","15219744"
"KN295343v1","584451","584735","JH378191","2376226","2376507","38","1791775"
"KN295343v1","587308","587605","JH378110","28637180","28637481","29","28049872"
"KN295343v1","607936","608226","JH378167","5857246","5857537","42","5249310"
"KN295343v1","633645","633918","JH378127","18646606","18646884","42","18012961"
"KN295343v1","645338","645639","JH378245","1256724","1257025","52","611386"
"KN295343v1","648070","648368","JH378274","762071","762368","40","114001"
"KN295343v1","648729","649025","JH378216","4224502","4224803","43","3575773"
"KN295343v1","661954","662259","JH378110","18001095","18001395","46","17339141"
"KN295343v1","685735","685967","JH378227","2030731","2030964","43","1344996"
"KN295343v1","736867","737066","JH378195","7570485","7570676","33","6833618"
"KN295343v1","783588","783884","JH378116","28869529","28869826","33","28085941"
"KN295343v1","807818","808103","JH378106","3052818","3053105","32","2245000"
"KN295343v1","934279","934572","JH378115","34630697","34630989","44","33696418"
"KN295343v1","1019425","1019722","JH378227","2331484","2331782","28","1312059"
"KN295343v1","1029372","1029672","JH378105","48920179","48920473","44","47890807"
"KN295343v1","1033631","1033924","JH378120","30513421","30513713","38","29479790"
"KN295343v1","1066729","1067031","JH378111","16327122","16327424","39","15260393"
"KN295345v1","48983","49291","JH378206","6984481","6984785","40","6935498"
"KN295345v1","55796","56072","JH378153","7392982","7393269","47","7337186"
"KN295345v1","58581","58882","JH378220","2537784","2538076","36","2479203"
"KN295345v1","167077","167386","JH378177","4401257","4401564","38","4234180"
"KN295345v1","180584","180721","JH378147","10734710","10734843","25","10554126"
"KN295345v1","290912","291209","JH378105","33500896","33501193","33","33209984"
"KN295345v1","351808","352111","JH378173","6942398","6942706","51","6590590"
"KN295345v1","383849","384193","JH378206","6280299","6280627","55","5896450"
"KN295345v1","658234","658541","JH378105","6199598","6199901","36","5541364"
"KN295345v1","810756","811054","JH378105","63350416","63350707","45","62539660"
"KN295345v1","913836","914135","JH378142","5865502","5865800","36","4951666"
"KN295345v1","922103","922415","JH378106","60843849","60844159","40","59921746"
"KN295345v1","975162","975465","JH378106","1533545","1533849","28","558383"
"KN295345v1","983292","983592","JH378326","131190","131490","43","852102"
"KN295345v1","1053856","1054153","JH378118","27503431","27503730","31","26449575"
"KN295345v1","1064453","1064749","JH378141","10578227","10578526","35","9513774"
"KN295345v1","1069422","1069732","JH378108","17949913","17950223","41","16880491"
"KN295345v1","1074667","1074964","JH378144","5748370","5748662","34","4673703"
"KN295345v1","1098124","1098405","JH378166","1501743","1502023","44","403619"
"KN295345v1","1107115","1107426","JH378139","18632207","18632516","37","17525092"
"KN295345v1","1157095","1157400","JH378142","5865502","5865800","35","4708407"
"KN295345v1","1223403","1223671","JH378191","7687227","7687486","38","6463824"
"KN295345v1","1275355","1275641","JH378151","8652626","8652916","37","7377271"
"KN295345v1","1368847","1369156","JH378148","12255931","12256243","35","10887084"
"KN295345v1","1401599","1401800","JH378238","4396239","4396443","15","2994640"
"KN295346v1","121856","122158","JH378146","9754214","9754514","40","9632358"
"KN295346v1","443835","444145","JH378246","19839","20145","39","423996"
"KN295346v1","487401","487633","JH378241","5348172","5348406","30","4860771"
"KN295346v1","575635","575868","JH378158","13279710","13279942","28","12704075"
"KN295346v1","698989","699299","JH378119","6124403","6124708","40","5425414"
"KN295346v1","764070","764351","JH378201","5342475","5342754","29","4578405"
"KN295346v1","826277","826581","JH378108","30731255","30731558","35","29904978"
"KN295346v1","827637","827935","JH378126","23919556","23919859","43","23091919"
"KN295346v1","862947","863166","JH378134","18016871","18017099","34","17153924"
"KN295346v1","983377","983509","JH378232","3118482","3118613","17","2135105"
"KN295346v1","1012140","1012446","JH378126","21026752","21027059","36","20014612"
"KN295346v1","1013045","1013211","JH378154","7460558","7460722","20","6447513"
"KN295346v1","1172704","1172979","JH378272","1040552","1040827","48","132152"
"KN295346v1","1186004","1186312","JH378110","12146106","12146409","43","10960102"
"KN295346v1","1199578","1199836","JH378107","49865332","49865591","40","48665754"
"KN295346v1","1223064","1223357","JH378255","1560098","1560402","39","337034"
"KN295346v1","1236775","1237078","JH378105","13534199","13534504","40","12297424"
"KN295346v1","1249164","1249449","JH378140","5469707","5469998","42","4220543"
"KN295346v1","1329817","1330070","JH378105","34355301","34355553","40","33025484"
"KN295346v1","1339508","1339802","JH378115","34630697","34630989","49","33291189"
"KN295346v1","1373993","1374280","JH378110","17880643","17880926","36","16506650"
"KN295346v1","1376832","1377115","JH378327","121222","121511","44","1255610"
"KN295346v1","1433952","1434255","JH378213","5393305","5393609","38","3959353"
"KN295346v1","1460744","1461053","JH378113","6613006","6613316","33","5152262"
"KN295346v1","1508763","1509021","JH378106","4983490","4983741","45","3474727"
"KN295346v1","1612366","1612492","JH378121","17410027","17410152","14","15797661"
"KN295346v1","1627404","1627702","JH378227","68096","68393","38","1559308"
"KN295346v1","1646851","1647153","JH378145","10647108","10647417","45","9000257"
"KN295346v1","1674058","1674357","JH378129","10258595","10258896","34","8584537"
"KN295346v1","1679319","1679630","JH378187","2906095","2906405","34","1226776"
"KN295346v1","1685116","1685429","JH378126","21026752","21027059","39","19341636"
"KN295346v1","1704483","1704774","JH378107","57888255","57888550","35","56183772"
"KN295346v1","1725126","1725426","JH378178","1717736","1718040","35","7390"
"KN295346v1","1731318","1731627","JH378111","11095721","11096033","37","9364403"
"KN295346v1","1753803","1754085","JH378169","3247221","3247500","39","1493418"
"KN295346v1","1761349","1761641","JH378130","14313103","14313397","34","12551754"
"KN295346v1","1819029","1819369","JH378105","48277330","48277655","65","46458301"
"KN295346v1","1824775","1825066","JH378198","810845","811137","40","1013930"
"KN295346v1","1828265","1828554","JH378153","7392982","7393269","36","5564717"
"KN295346v1","1855585","1855884","JH378124","4920301","4920597","32","3064716"
"KN295346v1","1921847","1922107","JH378113","10514732","10514992","38","8592885"
"KN295346v1","1979595","1979905","JH378106","9882834","9883140","36","7903239"
"KN295346v1","2057055","2057347","JH378151","8381511","8381803","28","6324456"
"KN295346v1","2094551","2094864","JH378113","17735383","17735690","40","15640832"
"KN295346v1","2097574","2097868","JH378198","6294233","6294526","35","4196659"
"KN295346v1","2136118","2136413","JH378117","8553305","8553608","47","6417187"
"KN295349v1","10825","11124","JH378124","15582898","15583197","33","15572073"
"KN295349v1","15695","15999","JH378257","3624824","3625129","43","3609129"
"KN295349v1","36559","36751","JH378206","698448","698641","26","661889"
"KN295349v1","38551","38848","JH378106","70190586","70190881","40","70152035"
"KN295349v1","40255","40556","JH378116","22637654","22637953","36","22597399"
"KN295349v1","48663","48940","JH378203","6186181","6186453","45","6137518"
"KN295349v1","67495","67791","JH378275","3269130","3269432","40","3201635"
"KN295349v1","69133","69436","JH378115","25570507","25570808","28","25501374"
"KN295350v1","44655","44952","JH378228","5509057","5509356","30","5464402"
"KN295350v1","47156","47460","JH378106","7011096","7011402","38","6963940"
"KN295350v1","51652","51962","JH378129","1237412","1237719","35","1185760"
"KN295350v1","60078","60369","JH378204","7475485","7475776","35","7415407"
"KN295350v1","116802","117103","JH378170","4783494","4783792","43","4666692"
"KN295350v1","127916","128048","JH378232","2523993","2524125","18","2396077"
"KN295350v1","139243","139391","JH378241","934617","934762","35","795374"
"KN295350v1","139392","139692","JH378108","36710442","36710745","34","36571050"
"KN295350v1","139693","139866","JH378124","6983492","6983660","25","6843799"
"KN295350v1","160282","160575","JH378137","15080545","15080841","48","14920263"
"KN295350v1","165073","165370","JH378216","4224502","4224803","47","4059429"
"KN295350v1","166191","166484","JH378124","17923330","17923624","31","17757139"
"KN295350v1","170430","170720","JH378137","7745755","7746044","39","7575325"
"KN295350v1","171234","171534","JH378139","15235758","15236059","32","15064524"
"KN295350v1","177689","177868","JH378140","1043542","1043716","20","865853"
"KN295350v1","177912","178028","JH378117","25353214","25353330","9","25175302"
"KN295350v1","181126","181433","JH378126","21026752","21027059","29","20845626"
"KN295350v1","188098","188397","JH378125","14523074","14523380","34","14334976"
"KN295350v1","194060","194369","JH378113","14896689","14896993","38","14702629"
"KN295350v1","197664","197939","JH378636","4147","4421","33","193517"
"KN295350v1","199564","199882","JH378115","34859185","34859494","44","34659621"
"KN295350v1","212377","212688","JH378202","8290891","8291200","29","8078514"
"KN295350v1","225215","225525","JH378229","4120796","4121104","37","3895581"
"KN295350v1","226392","226696","JH378198","4226780","4227075","46","4000388"
"KN295350v1","270382","270694","JH378213","4459571","4459888","41","4189189"
"KN295350v1","283191","283492","JH378305","363484","363782","41","80293"
"KN295350v1","285184","285469","JH378105","18545152","18545437","47","18259968"
"KN295350v1","292440","292739","JH378163","12749329","12749632","44","12456889"
"KN295350v1","304021","304075","JH378155","16279676","16279730","5","15975655"
"KN295350v1","317876","318171","JH378148","16616613","16616900","48","16298737"
"KN295350v1","319557","319869","JH378107","32029619","32029921","33","31710062"
"KN295350v1","321996","322304","JH378223","1075564","1075886","54","753568"
"KN295350v1","327339","327630","JH378128","19250702","19250986","50","18923363"
"KN295350v1","330670","330959","JH378151","8652626","8652916","33","8321956"
"KN295350v1","339747","340056","JH378123","491683","491985","37","151936"
"KN295350v1","340125","340418","JH378293","1715995","1716289","46","1375870"
"KN295350v1","396697","396980","JH378158","8947424","8947706","35","8550727"
"KN295350v1","399653","399963","JH378109","34313310","34313620","31","33913657"
"KN295350v1","409315","409602","JH378153","7392982","7393269","37","6983667"
"KN295350v1","416742","417055","JH378107","17376092","17376401","37","16959350"
"KN295350v1","419638","419949","JH378126","21026752","21027059","37","20607114"
"KN295350v1","424599","424729","JH378167","9832511","9832645","13","9407912"
"KN295350v1","441540","441845","JH378109","10763598","10763903","39","10322058"
"KN295350v1","444152","444463","JH378126","21026752","21027059","32","20582600"
"KN295350v1","452699","452937","JH378148","2186502","2186746","37","1733803"
"KN295350v1","466180","466405","JH378151","645312","645524","33","179132"
"KN295350v1","488159","488443","JH378142","1037845","1038132","37","549686"
"KN295350v1","537429","537740","JH378112","33214699","33215012","39","32677270"
"KN295350v1","572575","572857","JH378175","5767100","5767383","39","5194525"
"KN295350v1","572875","573139","JH378153","12991962","12992225","34","12419087"
"KN295350v1","640310","640620","JH378224","4648914","4649225","33","4008604"
"KN295350v1","644990","645293","JH378228","5509057","5509356","34","4864067"
"KN295350v1","649479","649784","JH378115","25041145","25041450","33","24391666"
"KN295350v1","707262","707569","JH378126","21026752","21027059","37","20319490"
"KN295350v1","710059","710351","JH378160","9530813","9531106","33","8820754"
"KN295350v1","767386","767692","JH378129","12241608","12241912","43","11474222"
"KN295350v1","771239","771575","JH378260","220392","220729","44","550847"
"KN295350v1","791954","792234","JH378106","8577573","8577851","53","7785619"
"KN295350v1","809269","809566","JH378257","3134504","3134800","42","2325235"
"KN295350v1","826335","826467","JH378114","969854","969986","12","143519"
"KN295350v1","850848","851149","JH378106","33611471","33611778","43","32760623"
"KN295350v1","853959","854254","JH378241","5492398","5492696","43","4638439"
"KN295350v1","862950","863263","JH378107","7568037","7568336","49","6705087"
"KN295350v1","884969","885237","JH378263","1129965","1130235","41","244996"
"KN295350v1","887489","887799","JH378105","51398064","51398373","47","50510575"
"KN295350v1","912222","912523","JH378120","10280397","10280698","34","9368175"
"KN295350v1","921116","921357","JH378145","2527450","2527683","30","1606334"
"KN295350v1","944882","945026","JH378170","81825","81963","19","863057"
"KN295350v1","950485","950790","JH378281","300463","300770","40","650022"
"KN295350v1","953828","954045","JH378127","6218557","6218771","33","5264729"
"KN295350v1","994965","995272","JH378109","28204557","28204865","33","27209592"
"KN295350v1","996942","997224","JH378140","14606758","14607044","43","13609816"
"KN295350v1","999310","999482","JH378118","14815054","14815222","27","13815744"
"KN295350v1","999514","999610","JH378299","369106","369200","14","630408"
"KN295350v1","1005152","1005444","JH378112","5636699","5636983","52","4631547"
"KN295350v1","1007073","1007376","JH378226","3396343","3396644","31","2389270"
"KN295350v1","1016660","1016919","JH378119","28597739","28597991","31","27581079"
"KN295350v1","1076177","1076471","JH378139","16259084","16259375","37","15182907"
"KN295350v1","1077191","1077483","JH378255","1560098","1560402","37","482907"
"KN295350v1","1144283","1144460","JH378139","14562478","14562650","24","13418195"
"KN295350v1","1174792","1175105","JH378177","3168958","3169267","40","1994166"
"KN295350v1","1179889","1180195","JH378173","9055905","9056209","36","7876016"
"KN295350v1","1255446","1255751","JH378107","38922005","38922310","36","37666559"
"KN295350v1","1265069","1265363","JH378213","4745577","4745870","31","3480508"
"KN295350v1","1288069","1288356","JH378204","2935067","2935361","41","1646998"
"KN295350v1","1317684","1317983","JH378129","12241608","12241912","34","10923924"
"KN295350v1","1340027","1340330","JH378106","6434398","6434702","40","5094371"
"KN295350v1","1348511","1348821","JH378113","6613006","6613316","41","5264495"
"KN295350v1","1409145","1409235","JH378242","1775201","1775291","12","366056"
"KN295352v1","5181","5474","JH378106","69239155","69239449","38","69233974"
"KN295352v1","16442","16750","JH378126","21026752","21027059","34","21010310"
"KN295352v1","17609","17907","JH378228","5509057","5509356","29","5491448"
"KN295352v1","38115","38427","JH378161","11908958","11909274","44","11870843"
"KN295352v1","39274","39573","JH378114","37036188","37036491","32","36996914"
"KN295352v1","43405","43678","JH378193","3248833","3249099","39","3205428"
"KN295352v1","45327","45609","JH378125","16001713","16002013","55","15956386"
"KN295352v1","49952","50134","JH378220","6470411","6470593","25","6420459"
"KN295352v1","60923","61214","JH378131","20072845","20073138","33","20011922"
"KN295352v1","66254","66551","JH378124","15582898","15583197","34","15516644"
"KN295352v1","105478","105788","JH378139","1159515","1159824","32","1054037"
"KN295352v1","119432","119738","JH378126","21026752","21027059","34","20907320"
"KN295352v1","122159","122472","JH378114","7122925","7123229","39","7000766"
"KN295352v1","129511","129770","JH378149","1249811","1250070","42","1120300"
"KN295352v1","140385","140668","JH378142","1037845","1038132","38","897460"
"KN295352v1","149343","149654","JH378126","21026752","21027059","34","20877409"
"KN295352v1","170961","171263","JH378151","4318339","4318636","34","4147378"
"KN295352v1","180320","180611","JH378173","10496777","10497072","35","10316457"
"KN295352v1","197981","198275","JH378105","7311851","7312145","30","7113870"
"KN295352v1","219094","219380","JH378124","1964010","1964299","31","1744916"
"KN295352v1","227187","227479","JH378125","5805311","5805602","34","5578124"
"KN295352v1","242845","243124","JH378119","12733491","12733771","40","12490646"
"KN295352v1","243446","243753","JH378112","35288143","35288449","34","35044697"
"KN295352v1","252653","252950","JH378220","2784017","2784313","33","2531364"
"KN295352v1","305464","305639","JH378139","14141345","14141518","29","13835881"
"KN295352v1","329392","329695","JH378112","37520155","37520465","41","37190763"
"KN295352v1","387474","387780","JH378255","1560098","1560402","38","1172624"
"KN295352v1","397474","397707","AGCE01150955","1","234","30","397473"
"KN295352v1","409344","409636","JH378107","6198833","6199123","34","5789489"
"KN295352v1","451583","451873","JH378106","17756548","17756839","31","17304965"
"KN295352v1","461996","462286","JH378241","704706","704988","45","242710"
"KN295352v1","478194","478495","JH378124","15582898","15583197","39","15104704"
"KN295352v1","491194","491501","JH378112","33214699","33215012","31","32723505"
"KN295352v1","498105","498390","JH378187","3339058","3339345","32","2840953"
"KN295352v1","510006","510267","JH378110","11919596","11919855","33","11409590"
"KN295352v1","531725","531940","JH378165","11456197","11456433","66","10924472"
"KN295352v1","532995","533167","JH378151","1390656","1390826","30","857661"
"KN295352v1","569900","570194","JH378139","16259084","16259375","36","15689184"
"KN295352v1","570492","570793","JH378125","4531961","4532261","43","3961469"
"KN295352v1","578272","578582","JH378108","31726265","31726579","36","31147993"
"KN295352v1","593216","593494","JH378148","17144127","17144412","40","16550911"
"KN295352v1","611554","611851","JH378139","18955642","18955939","33","18344088"
"KN295352v1","631702","631985","JH378109","49008164","49008447","38","48376462"
"KN295352v1","632014","632027","JH378149","1403733","1403749","6","771719"
"KN295352v1","649881","650163","JH378113","28252367","28252645","31","27602486"
"KN295352v1","663160","663372","JH378156","532020","532228","32","131140"
"KN295352v1","669477","669783","JH378136","7677923","7678227","41","7008446"
"KN295352v1","699574","699886","JH378135","12459514","12459825","36","11759940"
"KN295352v1","754091","754399","JH378106","9882834","9883140","42","9128743"
"KN295352v1","884081","884389","JH378187","2906095","2906405","34","2022014"
"KN295352v1","903248","903535","JH378111","46091567","46091853","43","45188319"
"KN295352v1","915630","915921","JH378106","6826425","6826714","43","5910795"
"KN295352v1","949100","949394","JH378220","2784017","2784313","30","1834917"
"KN295352v1","978643","978960","JH378126","21026752","21027059","44","20048109"
"KN295352v1","1015394","1015705","JH378167","5351158","5351469","40","4335764"
"KN295352v1","1020453","1020758","JH378132","14268943","14269240","41","13248490"
"KN295352v1","1035546","1035857","JH378167","5351158","5351469","37","4315612"
"KN295352v1","1045742","1046059","JH378240","3015030","3015338","39","1969288"
"KN295352v1","1046062","1046344","JH378271","3183320","3183605","54","2137258"
"KN295352v1","1052055","1052365","JH378113","11792481","11792794","44","10740426"
"KN295352v1","1068801","1069059","JH378144","14821333","14821590","37","13752532"
"KN295352v1","1122399","1122705","JH378131","770886","771191","40","351513"
"KN295352v1","1130609","1130813","JH378109","47425046","47425253","31","46294437"
"KN295352v1","1170552","1170847","JH378181","6657533","6657829","27","5486981"
"KN295352v1","1184636","1184950","JH378167","5351158","5351469","33","4166522"
"KN295352v1","1262068","1262376","JH378110","19934311","19934616","39","18672243"
"KN295352v1","1295580","1295887","JH378123","23351375","23351663","45","22055795"
"KN295352v1","1318515","1318819","JH378170","4783494","4783792","33","3464979"
"KN295352v1","1355964","1356251","JH378139","16259084","16259375","29","14903120"
"KN295352v1","1452556","1452854","JH378112","32239035","32239334","42","30786479"
"KN295352v1","1461661","1461863","JH378156","4898241","4898449","35","3436580"
"KN295352v1","1569192","1569453","JH378106","70483264","70483525","35","68914072"
"KN295352v1","1668662","1668970","JH378268","3098405","3098709","34","1429743"
"KN295354v1","262977","263277","JH378156","6060369","6060667","40","5797392"
"KN295354v1","427596","427901","JH378113","14455819","14456118","41","14028223"
"KN295354v1","431690","431997","JH378178","6970008","6970319","35","6538318"
"KN295356v1","167573","167870","JH378219","1925415","1925707","28","1757842"
"KN295356v1","219569","219831","JH378188","8724655","8724921","43","8505086"
"KN295356v1","329067","329378","JH378139","18632207","18632516","37","18303140"
"KN295356v1","334713","334998","JH378105","35665534","35665817","35","35330821"
"KN295356v1","335048","335059","JH378189","7208291","7208302","4","6873243"
"KN295356v1","347501","347579","JH378135","1264115","1264194","9","916614"
"KN295356v1","347777","348085","JH378116","11181268","11181574","40","10833491"
"KN295356v1","380825","381063","JH378124","26821934","26822164","41","26441109"
"KN295356v1","503085","503387","JH378288","1088673","1088973","38","585588"
"KN295356v1","528859","529157","JH378186","2092725","2093023","30","1563866"
"KN295356v1","538972","539245","JH378279","102782","103056","28","436190"
"KN295356v1","608283","608564","JH378191","8789989","8790276","36","8181706"
"KN295356v1","612828","613115","JH378106","6826425","6826714","32","6213597"
"KN295356v1","675265","675399","JH378129","860497","860632","14","185232"
"KN295356v1","675709","675864","JH378143","9928951","9929105","24","9253242"
"KN295356v1","897288","897611","JH378260","2282137","2282463","49","1384849"
"KN295356v1","900841","901145","JH378105","48741671","48741970","36","47840830"
"KN295356v1","903862","904164","JH378151","16588942","16589245","45","15685080"
"KN295356v1","948075","948219","JH378179","6015121","6015274","29","5067046"
"KN295356v1","962651","962945","JH378151","8381511","8381803","30","7418860"
"KN295356v1","1077482","1077638","JH378126","22651832","22651990","22","21574350"
"KN295356v1","1380802","1381107","JH378112","14483213","14483518","38","13102411"
"KN295356v1","1541028","1541312","JH378169","3247221","3247500","40","1706193"
"KN295356v1","1557778","1558025","JH378213","4901803","4902050","46","3344025"
"KN295356v1","1689128","1689437","JH378119","6124403","6124708","37","4435275"
"KN295361v1","37317","37612","JH378120","30513421","30513713","45","30476104"
"KN295361v1","76082","76248","JH378208","2150761","2150925","20","2074679"
"KN295361v1","113904","114202","JH378288","1088673","1088973","28","974769"
"KN295361v1","121914","122136","JH378296","1660324","1660547","25","1538410"
"KN295361v1","156487","156796","JH378115","25041145","25041450","48","24884658"
"KN295361v1","256252","256552","JH378137","11282926","11283229","40","11026674"
"KN295361v1","292439","292714","JH378170","10068005","10068278","48","9775566"
"KN295361v1","583003","583312","JH378147","12443857","12444168","45","11860854"
"KN295361v1","720623","720928","JH378214","2749240","2749548","35","2028617"
"KN295361v1","726226","726335","JH378258","1180415","1180511","43","454189"
"KN295361v1","727597","727775","JH378314","893806","893991","45","166209"
"KN295361v1","740483","740793","JH378110","12146106","12146409","43","11405623"
"KN295361v1","842258","842552","JH378106","1432798","1433085","40","590540"
"KN295361v1","846357","846647","JH378143","12239244","12239535","36","11392887"
"KN295361v1","896382","896666","JH378194","2390312","2390602","36","1493930"
"KN295361v1","936992","937300","JH378186","1982456","1982765","39","1045464"
"KN295361v1","948027","948325","JH378116","11181268","11181574","36","10233241"
"KN295361v1","975401","975701","JH378226","5118898","5119186","53","4143497"
"KN295361v1","990744","991049","JH378233","5894270","5894574","42","4903526"
"KN295361v1","997896","998164","JH378262","997516","997779","42","380"
"KN295362v1","87068","87378","JH378122","10172818","10173128","38","10085750"
"KN295362v1","131902","132210","JH378117","32648336","32648649","40","32516434"
"KN295362v1","182672","182942","JH378137","8310723","8310986","35","8128051"
"KN295362v1","204497","204784","JH378120","24940280","24940565","42","24735783"
"KN295362v1","345730","346041","JH378126","21026752","21027059","28","20681022"
"KN295362v1","550928","551224","JH378137","7407944","7408236","36","6857016"
"KN295362v1","646182","646494","JH378226","5450536","5450846","37","4804354"
"KN295362v1","670714","670993","JH378177","6664715","6664994","30","5994001"
"KN295362v1","673341","673494","JH378267","1504815","1504970","20","831474"
"KN295362v1","706757","707067","JH378113","42990349","42990653","42","42283592"
"KN295362v1","760124","760398","JH378116","33740056","33740330","34","32979932"
"KN295362v1","822797","823110","JH378120","16327645","16327955","33","15504848"
"KN295362v1","833370","833534","JH378115","31017339","31017504","27","30183969"
"KN295362v1","848964","849223","JH378106","70308292","70308551","34","69459328"
"KN295362v1","850042","850365","JH378175","9830119","9830435","41","8980077"
"KN295362v1","855049","855125","JH378118","966943","967018","14","111894"
"KN295362v1","857891","858195","JH378122","10686670","10686967","44","9828779"
"KN295362v1","900958","901250","JH378106","6826425","6826714","51","5925467"
"KN295362v1","947661","947947","JH378198","1596143","1596429","37","648482"
"KN295362v1","1005525","1005828","JH378127","19491153","19491454","41","18485628"
"KN295362v1","1019469","1019771","JH378107","7568037","7568336","47","6548568"
"KN295362v1","1030349","1030642","JH378157","1813689","1813983","40","783340"
"KN295362v1","1056975","1057252","JH378105","8204426","8204710","43","7147451"
"KN295362v1","1067568","1067869","JH378133","22138850","22139145","39","21071282"
"KN295362v1","1076588","1076896","JH378106","6434398","6434702","35","5357810"
"KN295362v1","1092017","1092202","JH378151","10013511","10013698","25","8921494"
"KN295362v1","1092498","1092616","JH378105","22256570","22256690","13","21164072"
"KN295362v1","1124966","1125268","JH378241","5492398","5492696","31","4367432"
"KN295362v1","1134231","1134525","JH378106","44399035","44399331","34","43264804"
"KN295362v1","1136831","1137124","JH378143","14045672","14045966","40","12908841"
"KN295362v1","1244362","1244672","JH378111","11251875","11252186","40","10007513"
"KN295362v1","1255645","1255954","JH378123","491683","491985","37","763962"
"KN295362v1","1273169","1273454","JH378106","3052818","3053105","34","1779649"
"KN295362v1","1292549","1292858","JH378119","6124403","6124708","35","4831854"
"KN295362v1","1296489","1296798","JH378111","25877936","25878244","43","24581447"
"KN295362v1","1297389","1297692","JH378184","4778991","4779295","49","3481602"
"KN295362v1","1307412","1307705","JH378119","23290645","23290935","39","21983233"
"KN295362v1","1309997","1310287","JH378106","8802915","8803203","47","7492918"
"KN295362v1","1311680","1311988","JH378144","7014110","7014412","46","5702430"
"KN295362v1","1328928","1329225","JH378220","6347403","6347704","35","5018475"
"KN295362v1","1350191","1350483","JH378144","7235841","7236134","39","5885650"
"KN295362v1","1375939","1376231","JH378151","8381511","8381803","35","7005572"
"KN295362v1","1379184","1379474","JH378191","9427948","9428242","37","8048764"
"KN295362v1","1384291","1384592","JH378192","7462110","7462412","37","6077819"
"KN295362v1","1406771","1407076","JH378106","68772385","68772689","32","67365614"
"KN295362v1","1411762","1412072","JH378106","9882834","9883140","39","8471072"
"KN295362v1","1415274","1415585","JH378135","1042676","1042987","27","372598"
"KN295362v1","1420423","1420689","JH378106","70444924","70445198","47","69024501"
"KN295362v1","1423616","1423926","JH378132","22396149","22396455","42","20972533"
"KN295362v1","1469486","1469792","JH378153","3414728","3415029","41","1945242"
"KN295363v1","110453","110733","JH378131","2409707","2409985","44","2299254"
"KN295363v1","116588","116879","JH378227","68096","68393","38","48492"
"KN295363v1","222926","223198","JH378182","1825247","1825519","39","1602321"
"KN295363v1","277869","278164","JH378137","418029","418333","45","140160"
"KN295363v1","366139","366450","JH378111","26701569","26701879","48","26335430"
"KN295363v1","489187","489478","JH378106","8294885","8295176","30","7805698"
"KN295363v1","509652","509938","JH378109","48907042","48907326","47","48397390"
"KN295363v1","743761","743925","JH378164","6996757","6996923","23","6252996"
"KN295365v1","34210","34512","JH378146","15827373","15827672","50","15793163"
"KN295365v1","132884","132960","JH378305","246686","246755","16","113802"
"KN295365v1","300338","300635","JH378151","8381511","8381803","32","8081173"
"KN295365v1","410868","411182","JH378211","2356763","2357069","50","1945895"
"KN295365v1","541692","542003","JH378120","16327645","16327955","37","15785953"
"KN295365v1","661965","662255","JH378124","15582898","15583197","34","14920933"
"KN295365v1","662818","663112","JH378113","22645138","22645425","46","21982320"
"KN295365v1","678394","678598","JH378208","1496707","1496913","25","818313"
"KN295365v1","714224","714529","JH378179","1841978","1842282","36","1127754"
"KN295365v1","858427","858736","JH378110","19934311","19934616","35","19075884"
"KN295366v1","794","957","JH378166","498971","499137","18","498177"
"KN295366v1","17009","17354","JH378119","5709773","5710096","66","5692764"
"KN295366v1","24135","24410","JH378110","3967802","3968073","42","3943667"
"KN295366v1","41485","41785","JH378125","16001713","16002013","37","15960228"
"KN295366v1","59635","59771","JH378244","4014019","4014155","17","3954384"
"KN295366v1","87994","88296","JH378137","11398263","11398561","33","11310269"
"KN295366v1","90382","90690","JH378115","26640201","26640508","35","26549819"
"KN295366v1","122388","122697","JH378181","2052926","2053235","30","1930538"
"KN295366v1","137750","138038","JH378148","2950270","2950555","30","2812520"
"KN295366v1","151367","151664","JH378193","1666179","1666475","38","1514812"
"KN295366v1","151675","151836","JH378105","22312571","22312734","24","22160896"
"KN295366v1","155791","156075","JH378142","1037845","1038132","34","882054"
"KN295366v1","168593","168891","JH378139","19415987","19416286","34","19247394"
"KN295366v1","173168","173447","JH378177","2554492","2554776","26","2381324"
"KN295366v1","189573","189883","JH378114","17527220","17527528","36","17337647"
"KN295366v1","202155","202291","JH378213","3850433","3850568","13","3648278"
"KN295366v1","202608","202787","JH378189","526756","526929","27","324148"
"KN295366v1","205367","205670","JH378137","12432448","12432746","40","12227081"
"KN295366v1","220708","220756","JH378114","9647427","9647460","16","9426719"
"KN295366v1","220795","220920","JH378134","11851227","11851350","21","11630432"
"KN295366v1","230223","230314","JH378153","10370877","10370967","14","10140654"
"KN295366v1","230315","230501","JH378129","10307673","10307859","22","10077358"
"KN295366v1","270046","270334","JH378167","8762921","8763195","49","8492875"
"KN295366v1","288750","289056","JH378108","23280248","23280545","48","22991498"
"KN295366v1","295325","295633","JH378120","16327645","16327955","28","16032320"
"KN295366v1","297703","298012","JH378126","21026752","21027059","33","20729049"
"KN295366v1","307773","308052","JH378137","3006652","3006925","45","2698879"
"KN295366v1","318356","318653","JH378170","4783494","4783792","27","4465138"
"KN295366v1","322857","323140","JH378110","38738418","38738702","34","38415561"
"KN295368v1","34561","34704","JH378196","1099341","1099473","24","1064780"
"KN295368v1","36285","36577","JH378139","16259084","16259375","51","16222799"
"KN295368v1","94477","94786","JH378115","23201999","23202310","39","23107522"
"KN295368v1","144984","145282","JH378125","19027324","19027621","42","18882340"
"KN295368v1","200187","200299","JH378127","14217819","14217922","24","14017632"
"KN295368v1","318464","318759","JH378112","21055636","21055930","40","20737172"
"KN295368v1","679860","680170","JH378316","245997","246306","36","433863"
"KN295368v1","694400","694702","JH378288","1088673","1088973","30","394273"
"KN295368v1","818558","818867","JH378137","8075014","8075323","35","7256456"
"KN295368v1","874106","874408","JH378139","15235758","15236059","44","14361652"
"KN295368v1","952005","952311","JH378110","1430769","1431073","39","478764"
"KN295368v1","954887","955188","JH378125","17186392","17186688","46","16231505"
"KN295368v1","963988","964070","JH378129","8400486","8400566","16","7436498"
"KN295368v1","1051693","1051810","JH378108","24966496","24966607","22","23914803"
"KN295368v1","1067835","1068136","JH378107","51634275","51634574","42","50566440"
"KN295368v1","1086384","1086669","JH378137","4055872","4056152","38","2969488"
"KN295368v1","1089406","1089691","JH378244","4010045","4010331","39","2920639"
"KN295368v1","1095032","1095317","JH378133","7746861","7747155","47","6651829"
"KN295368v1","1223499","1223540","JH378260","74640","74683","6","1148859"
"KN295368v1","1229349","1229650","JH378124","15582898","15583197","35","14353549"
"KN295368v1","1316230","1316542","JH378106","1705581","1705889","34","389351"
"KN295368v1","1370215","1370470","JH378151","8290347","8290596","36","6920132"
"KN295368v1","1373208","1373495","JH378305","1335286","1335564","40","37922"
"KN295368v1","1375634","1375929","JH378106","69239155","69239449","31","67863521"
"KN295368v1","1435331","1435620","JH378137","7745755","7746044","30","6310424"
"KN295368v1","1480581","1480886","JH378255","253618","253923","50","1226963"
"KN295368v1","1546156","1546469","JH378112","33214699","33215012","34","31668543"
"KN295368v1","1601043","1601220","JH378130","15928188","15928366","22","14327145"
"KN295368v1","1680577","1680819","JH378127","23421527","23421764","39","21740950"
"KN295368v1","1692649","1692945","JH378115","33380973","33381275","37","31688324"
"KN295368v1","1701610","1701910","JH378142","4298733","4299032","41","2597123"
"KN295368v1","1745880","1746171","JH378110","13953259","13953553","42","12207379"
"KN295368v1","1758041","1758342","JH378121","29566176","29566469","35","27808135"
"KN295368v1","1759115","1759405","JH378127","11534655","11534952","37","9775540"
"KN295368v1","1858606","1858900","JH378131","19339353","19339649","34","17480747"
"KN295368v1","1980749","1981030","JH378153","7392982","7393269","34","5412233"
"KN295368v1","1996474","1996775","JH378252","3374764","3375064","38","1378290"
"KN295368v1","2070161","2070445","JH378193","1240379","1240665","35","829782"
"KN295368v1","2113082","2113381","JH378113","14455819","14456118","37","12342737"
"KN295368v1","2115800","2116104","JH378108","30731255","30731558","25","28615455"
"KN295368v1","2179702","2179785","JH378197","4164856","4164939","10","1985154"
"KN295368v1","2187364","2187659","JH378139","15119668","15119965","34","12932304"
"KN295368v1","2190578","2190879","JH378126","23919556","23919859","38","21728978"
"KN295368v1","2322299","2322602","JH378176","1064423","1064726","34","1257876"
"KN295368v1","2329298","2329583","JH378114","27701974","27702259","41","25372676"
"KN295368v1","2374910","2375195","JH378122","10829384","10829667","37","8454474"
"KN295368v1","2384144","2384419","JH378254","3664697","3664971","44","1280553"
"KN295368v1","2825661","2825958","JH378138","2084662","2084957","38","740999"
"KN295368v1","2912426","2912718","JH378111","9089465","9089754","45","6177039"
"KN295370v1","25235","25544","JH378229","4120796","4121104","33","4095561"
"KN295370v1","43850","43929","JH378135","1264115","1264194","8","1220265"
"KN295370v1","83032","83262","JH378225","4496337","4496550","55","4413305"
"KN295370v1","135156","135390","JH378127","23421527","23421764","31","23286371"
"KN295370v1","156460","156714","JH378220","3171390","3171641","42","3014930"
"KN295371v1","12415","12568","JH378107","9201158","9201309","20","9188743"
"KN295371v1","24657","24957","JH378216","4224502","4224803","37","4199845"
"KN295371v1","48159","48448","JH378137","4144145","4144429","43","4095986"
"KN295371v1","105335","105510","JH378174","1375906","1376080","17","1270571"
"KN295371v1","127233","127516","JH378201","7669249","7669540","38","7542016"
"KN295371v1","155057","155358","JH378176","8157064","8157374","49","8002007"
"KN295371v1","157747","158058","JH378121","15108765","15109075","35","14951018"
"KN295371v1","175200","175509","JH378115","25570507","25570808","34","25395307"
"KN295371v1","257560","257862","JH378156","1365408","1365714","43","1107848"
"KN295371v1","321365","321660","JH378159","837474","837769","30","516109"
"KN295371v1","324895","325167","JH378140","15986259","15986537","36","15661364"
"KN295371v1","330192","330472","JH378177","6664715","6664994","37","6334523"
"KN295371v1","350064","350355","JH378110","13285798","13286099","41","12935734"
"KN295371v1","364645","364955","JH378137","4012884","4013190","35","3648239"
"KN295371v1","396017","396327","JH378120","16327645","16327955","44","15931628"
"KN295371v1","418085","418361","JH378160","9139764","9140041","37","8721679"
"KN295371v1","480892","481174","JH378137","6585524","6585804","40","6104632"
"KN295371v1","498097","498397","JH378108","9921729","9922024","29","9423632"
"KN295371v1","513085","513385","JH378115","28712376","28712673","30","28199291"
"KN295371v1","522167","522468","JH378115","25570507","25570808","37","25048340"
"KN295371v1","522673","522972","JH378149","1427296","1427590","34","904623"
"KN295371v1","542692","542993","JH378170","4783494","4783792","27","4240802"
"KN295371v1","568416","568697","JH378117","22499100","22499384","30","21930684"
"KN295371v1","621835","622125","JH378173","5370117","5370412","39","4748282"
"KN295371v1","651456","651749","JH378223","5543356","5543643","43","4891900"
"KN295371v1","690640","690889","JH378201","588014","588262","33","102626"
"KN295371v1","709303","709617","JH378206","4086994","4087300","36","3377691"
"KN295371v1","761102","761409","JH378172","9566909","9567221","34","8805807"
"KN295371v1","783288","783590","JH378177","3174588","3174889","35","2391300"
"KN295371v1","809533","809844","JH378167","5351158","5351469","41","4541625"
"KN295371v1","831917","832223","JH378106","10129130","10129437","40","9297213"
"KN295371v1","832232","832532","JH378136","7454056","7454357","34","6621824"
"KN295371v1","854941","855233","JH378139","15425092","15425386","41","14570151"
"KN295371v1","1017042","1017339","JH378153","7166527","7166816","32","6149485"
"KN295371v1","1050852","1050870","JH378222","6581835","6581856","6","5530983"
"KN295371v1","1050904","1051189","JH378118","14784020","14784304","33","13733116"
"KN295371v1","1186825","1187118","JH378110","17810101","17810407","47","16623276"
"KN295371v1","1212959","1213255","JH378265","2263256","2263553","38","1050297"
"KN295375v1","29481","29756","JH378112","30984953","30985228","26","30955472"
"KN295375v1","50784","51066","JH378224","3887674","3887953","39","3836890"
"KN295375v1","64738","65041","JH378110","12146106","12146409","32","12081368"
"KN295375v1","70043","70291","JH378131","18116640","18116881","47","18046597"
"KN295375v1","225968","226263","JH378184","443270","443568","39","217302"
"KN295375v1","258779","259075","JH378105","55776544","55776842","40","55517765"
"KN295375v1","279139","279448","JH378119","9878818","9879125","40","9599679"
"KN295375v1","286765","287065","JH378106","44399035","44399331","35","44112270"
"KN295375v1","420962","421246","JH378127","4904766","4905047","35","4483804"
"KN295375v1","444093","444264","JH378131","20024266","20024439","23","19580173"
"KN295375v1","706774","707054","JH378224","3887674","3887953","40","3180900"
"KN295375v1","770490","770791","JH378170","4783494","4783792","32","4013004"
"KN295375v1","805769","806082","JH378112","33214699","33215012","39","32408930"
"KN295375v1","843405","843701","JH378151","3515305","3515602","30","2671900"
"KN295375v1","844208","844503","JH378163","13372336","13372629","48","12528128"
"KN295375v1","943966","944131","JH378178","7156157","7156319","25","6212191"
"KN295375v1","1032436","1032731","JH378212","2149089","2149386","32","1116653"
"KN295375v1","1132667","1132944","JH378114","12791229","12791508","43","11658562"
"KN295375v1","1167556","1167851","JH378139","16290412","16290704","46","15122856"
"KN295375v1","1222522","1222830","JH378118","24374217","24374525","50","23151695"
"KN295375v1","1235242","1235548","JH378126","21026752","21027059","38","19791510"
"KN295375v1","1335773","1336036","JH378159","12928541","12928801","39","11592768"
"KN295375v1","1412336","1412644","JH378149","13014775","13015081","42","11602439"
"KN295375v1","1439792","1440099","JH378126","21026752","21027059","41","19586960"
"KN295375v1","1501710","1501874","JH378235","668861","669027","19","832849"
"KN295375v1","1563847","1564149","JH378111","5470173","5470476","35","3906326"
"KN295375v1","1622088","1622394","JH378126","21026752","21027059","45","19404664"
"KN295379v1","17270","17566","JH378187","2906095","2906405","39","2888825"
"KN295382v1","19267","19575","JH378220","4980064","4980365","39","4960797"
"KN295382v1","37817","38119","JH378110","38574281","38574582","36","38536464"
"KN295382v1","59923","60213","JH378116","24890259","24890547","35","24830336"
"KN295382v1","64988","65287","JH378151","14844192","14844489","41","14779204"
"KN295382v1","78641","78788","JH378199","1200929","1201060","37","1122288"
"KN295382v1","85651","85939","JH378187","7554252","7554544","39","7468601"
"KN295382v1","91091","91388","JH378122","2331104","2331398","52","2240013"
"KN295382v1","92527","92827","JH378141","10578227","10578526","35","10485700"
"KN295382v1","110046","110343","JH378296","1500608","1500907","53","1390562"
"KN295382v1","140287","140573","JH378114","20459350","20459642","43","20319063"
"KN295382v1","140576","140860","JH378224","3408579","3408861","33","3268003"
"KN295382v1","141054","141246","JH378213","2634159","2634344","20","2493105"
"KN295382v1","151474","151772","JH378288","1088673","1088973","35","937199"
"KN295382v1","153794","154024","JH378236","2447832","2448061","30","2294038"
"KN295382v1","163040","163346","JH378117","24869583","24869886","41","24706543"
"KN295382v1","164743","165053","JH378199","7655945","7656243","54","7491202"
"KN295382v1","168947","169253","JH378137","18261330","18261634","36","18092383"
"KN295382v1","197126","197430","JH378130","10895986","10896291","38","10698860"
"KN295382v1","208682","208981","JH378255","1560098","1560402","39","1351416"
"KN295382v1","220914","221196","JH378249","524538","524826","39","303624"
"KN295384v1","66427","66702","JH378115","22774278","22774554","33","22707851"
"KN295384v1","78965","79276","JH378167","5351158","5351469","38","5272193"
"KN295384v1","139810","140074","JH378132","12466741","12467004","32","12326931"
"KN295384v1","153997","154305","JH378229","4120796","4121104","30","3966799"
"KN295384v1","171885","172195","JH378123","491683","491985","31","319798"
"KN295384v1","188208","188526","JH378105","54654842","54655153","41","54466634"
"KN295388v1","31708","32006","JH378134","4962343","4962643","44","4930635"
"KN295393v1","20478","20786","JH378191","5184511","5184822","52","5164033"
"KN295394v1","180782","181058","JH378140","14073854","14074132","45","13893072"
"KN295394v1","196897","197194","JH378111","25473856","25474161","41","25276959"
"KN295394v1","524619","524873","JH378118","16931891","16932142","40","16407272"
"KN295394v1","546482","546791","JH378106","61682894","61683205","38","61136412"
"KN295394v1","712910","713137","JH378140","5100421","5100648","26","4387511"
"KN295394v1","740083","740384","JH378108","2687428","2687729","42","1947345"
"KN295394v1","793624","793922","JH378142","106413","106712","37","687211"
"KN295394v1","844641","844936","JH378170","4783494","4783792","35","3938853"
"KN295394v1","1076702","1077001","JH378228","5509057","5509356","36","4432355"
"KN295394v1","1256286","1256581","JH378173","9055905","9056209","38","7799619"
"KN295397v1","20614","20912","JH378159","15717599","15717893","39","15696985"
"KN295397v1","60632","60704","JH378226","5406686","5406759","9","5346054"
"KN295402v1","208130","208441","JH378278","1570417","1570728","51","1362287"
"KN295402v1","345896","346084","JH378166","2745322","2745506","27","2399426"
"KN295402v1","444315","444621","JH378255","1470097","1470408","37","1025782"
"KN295402v1","480278","480585","JH378113","3185389","3185700","39","2705111"
"KN295402v1","502003","502302","JH378115","28712376","28712673","32","28210373"
"KN295402v1","626267","626562","JH378236","733320","733615","32","107053"
"KN295402v1","640369","640674","JH378111","42739989","42740290","40","42099620"
"KN295402v1","766235","766517","JH378167","8547558","8547847","40","7781323"
"KN295402v1","1203832","1203918","JH378105","6781182","6781268","15","5577350"
"KN295402v1","1208147","1208449","JH378115","25570507","25570808","34","24362360"
"KN295402v1","1235531","1235741","JH378107","6189902","6190112","30","4954371"
"KN295404v1","61599","61903","JH378148","15796597","15796901","35","15734998"
"KN295404v1","94112","94415","JH378123","491683","491985","34","397571"
"KN295404v1","101332","101606","JH378140","14073854","14074132","43","13972522"
"KN295405v1","18134","18319","JH378180","9842711","9842907","39","9824577"
"KN295405v1","24572","24870","JH378236","733320","733615","35","708748"
"KN295405v1","39586","39889","AGCE01150546","769","1062","40","38817"
"KN295405v1","59008","59311","JH378154","7440855","7441150","78","7381847"
"KN295405v1","74575","74665","JH378144","13004267","13004358","11","12929692"
"KN295405v1","79833","79923","JH378144","13004267","13004358","11","12924434"
"KN295405v1","104027","104329","JH378288","1088673","1088973","36","984646"
"KN295405v1","149587","149896","JH378264","1759555","1759859","45","1609968"
"KN295405v1","173756","174041","JH378182","612975","613252","53","439219"
"KN295405v1","307077","307369","JH378170","4783494","4783792","38","4476417"
"KN295405v1","317706","318011","JH378105","4325405","4325701","40","4007699"
"KN295405v1","372567","372660","JH378305","55559","55653","14","317008"
"KN295405v1","391431","391727","JH378107","50539788","50540082","31","50148357"
"KN295405v1","392181","392358","JH378124","26975877","26976053","25","26583696"
"KN295405v1","397750","398045","JH378107","48491254","48491551","38","48093504"
"KN295405v1","429520","429803","JH378109","26381181","26381464","37","25951661"
"KN295405v1","452874","453210","JH378127","10159413","10159743","71","9706539"
"KN295405v1","477423","477719","JH378288","1561758","1562053","35","1084335"
"KN295405v1","536162","536461","JH378115","25570507","25570808","35","25034345"
"KN295405v1","539887","540210","JH378140","15993798","15994099","51","15453911"
"KN295405v1","555377","555667","JH378199","4461087","4461385","44","3905710"
"KN295405v1","568136","568459","JH378257","87786","88089","53","480350"
"KN295405v1","571022","571316","JH378121","29566176","29566469","28","28995154"
"KN295405v1","572571","572879","JH378108","43842538","43842851","36","43269967"
"KN295405v1","661209","661501","JH378315","844994","845288","35","183785"
"KN295405v1","668702","669010","JH378308","1318050","1318360","35","649348"
"KN295405v1","679163","679473","JH378114","31670723","31671027","49","30991560"
"KN295405v1","920882","921182","JH378288","1088673","1088973","37","167791"
"KN295405v1","1176032","1176333","JH378119","11297197","11297495","35","10121165"
"KN295405v1","1183378","1183693","JH378118","24374217","24374525","36","23190839"
"KN295405v1","1188104","1188399","JH378127","11653984","11654276","29","10465880"
"KN295405v1","1244200","1244481","JH378122","10829384","10829667","29","9585184"
"KN295405v1","1246765","1247071","JH378255","1560098","1560402","30","313333"
"KN295405v1","1270526","1270822","JH378193","8050857","8051160","40","6780331"
"KN295405v1","1280565","1280834","JH378131","15894705","15894973","39","14614140"
"KN295405v1","1288118","1288253","JH378134","15857895","15858029","18","14569777"
"KN295405v1","1288564","1288756","JH378375","122408","122596","29","1166156"
"KN295405v1","1355699","1356003","JH378108","45070238","45070540","36","43714539"
"KN295405v1","1379858","1380165","JH378213","5553131","5553439","43","4173273"
"KN295405v1","1382721","1383032","JH378113","6692573","6692881","37","5309852"
"KN295405v1","1395629","1395942","JH378177","11041438","11041748","44","9645809"
"KN295405v1","1535351","1535494","JH378119","112127","112267","23","1423224"
"KN295405v1","1535785","1535933","JH378127","1001110","1001260","19","534675"
"KN295405v1","1555216","1555517","JH378185","2174597","2174903","41","619381"
"KN295405v1","1566167","1566474","JH378320","58622","58932","35","1507545"
"KN295405v1","1595385","1595671","JH378293","1241291","1241582","45","354094"
"KN295405v1","1597386","1597609","JH378185","5898325","5898545","35","4300939"
"KN295405v1","1598519","1598810","JH378139","16259084","16259375","32","14660565"
"KN295405v1","1599356","1599661","JH378110","35258948","35259248","45","33659592"
"KN295405v1","1605209","1605509","JH378108","8424224","8424526","39","6819015"
"KN295405v1","1623991","1624304","JH378148","2620994","2621292","42","997003"
"KN295405v1","1650031","1650195","JH378164","6996757","6996923","23","5346726"
"KN295405v1","1669156","1669440","JH378182","9360980","9361267","36","7691824"
"KN295405v1","1671558","1671869","JH378255","1560098","1560402","38","111460"
"KN295405v1","1683657","1683939","JH378139","851184","851469","33","832473"
"KN295405v1","1777580","1777757","JH378262","1324842","1325015","23","452738"
"KN295405v1","1822571","1822860","JH378121","20166274","20166567","36","18343703"
"KN295405v1","1834128","1834412","JH378263","1183714","1183995","31","650414"
"KN295405v1","1834442","1834456","JH378189","7208291","7208302","5","5373849"
"KN295405v1","1846910","1847208","JH378196","3522910","3523220","40","1676000"
"KN295405v1","1930169","1930459","JH378120","30513421","30513713","29","28583252"
"KN295405v1","1969883","1970273","JH378112","22398829","22399190","115","20428946"
"KN295405v1","2028070","2028362","JH378106","1255495","1255784","40","772575"
"KN295406v1","40964","41236","JH378105","35757490","35757761","41","35716526"
"KN295406v1","61982","62287","JH378228","5527421","5527723","40","5465439"
"KN295406v1","116172","116482","JH378184","6159513","6159825","39","6043341"
"KN295406v1","130420","130588","JH378116","10778404","10778565","30","10647984"
"KN295406v1","174654","174956","JH378157","3202893","3203189","43","3028239"
"KN295406v1","195959","196268","JH378122","10172818","10173128","38","9976859"
"KN295406v1","227028","227159","JH378225","2973180","2973309","11","2746152"
"KN295406v1","230634","230937","JH378106","45314834","45315127","37","45084200"
"KN295406v1","256823","257122","JH378137","7197118","7197413","34","6940295"
"KN295406v1","271267","271573","JH378197","7145768","7146073","41","6874501"
"KN295406v1","295496","295799","JH378181","10654367","10654665","39","10358871"
"KN295406v1","326132","326436","JH378126","21026752","21027059","33","20700620"
"KN295406v1","354651","354947","JH378137","17093543","17093840","31","16738892"
"KN295406v1","546981","547226","JH378149","2836824","2837076","30","2289843"
"KN295410v1","26800","27101","JH378106","7321806","7322099","40","7295006"
"KN295410v1","118595","118886","JH378105","30024561","30024853","39","29905966"
"KN295410v1","168830","169134","JH378149","3565481","3565785","32","3396651"
"KN295410v1","359650","359968","JH378145","12528502","12528811","70","12168852"
"KN295410v1","391879","392158","JH378177","6664715","6664994","35","6272836"
"KN295410v1","396056","396367","JH378137","4012884","4013190","40","3616828"
"KN295410v1","419690","419981","JH378148","16227423","16227714","40","15807733"
"KN295410v1","422479","422784","JH378114","7122925","7123229","43","6700446"
"KN295410v1","485891","486188","JH378139","18955642","18955939","37","18469751"
"KN295410v1","495163","495475","JH378114","311401","311712","42","183762"
"KN295410v1","516425","516719","JH378167","10758551","10758838","58","10242126"
"KN295410v1","583239","583431","JH378183","5337750","5337938","29","4754511"
"KN295410v1","587003","587277","JH378112","34550752","34551027","34","33963749"
"KN295410v1","651350","651657","JH378115","34859185","34859494","32","34207835"
"KN295413v1","36320","36616","JH378157","6848841","6849136","32","6812521"
"KN295414v1","4169","4479","JH378137","11282926","11283229","47","11278757"
"KN295414v1","49704","49949","JH378139","2860698","2860950","49","2810994"
"KN295415v1","7846","8157","JH378114","37036188","37036491","37","37028342"
"KN295415v1","16187","16484","JH378220","2784017","2784313","29","2767830"
"KN295415v1","19675","19975","JH378145","2733878","2734174","34","2714203"
"KN295415v1","23071","23360","JH378107","19771656","19771946","30","19748585"
"KN295415v1","24159","24294","JH378105","35789175","35789308","21","35765016"
"KN295415v1","24815","24897","JH378293","900017","900098","12","875202"
"KN295415v1","25250","25557","JH378126","21026752","21027059","38","21001502"
"KN295415v1","26307","26589","JH378246","2401172","2401453","36","2374865"
"KN295416v1","11525","11810","JH378141","18104473","18104759","51","18092948"
"KN295419v1","52321","52647","JH378149","15697892","15698229","58","15645571"
"KN295420v1","24878","25178","JH378173","2753783","2754078","48","2728905"
"KN295420v1","63388","63700","JH378106","1705581","1705889","36","1642193"
"KN295420v1","83754","84066","JH378158","3522926","3523235","45","3439172"
"KN295420v1","111156","111466","JH378197","7145768","7146073","41","7034612"
"KN295420v1","151498","151861","JH378145","9695946","9696321","79","9544448"
"KN295420v1","153565","153860","JH378197","4021191","4021484","34","3867626"
"KN295420v1","163335","163635","JH378105","38546959","38547253","35","38383624"
"KN295420v1","179424","179722","JH378170","4783494","4783792","40","4604070"
"KN295420v1","181269","181551","JH378189","6270819","6271096","51","6089550"
"KN295420v1","186170","186428","JH378193","7906466","7906718","31","7720296"
"KN295420v1","189844","190151","JH378271","459308","459608","37","269464"
"KN295420v1","229505","229799","JH378118","10353694","10353987","38","10124189"
"KN295420v1","236314","236626","JH378111","12061698","12062006","40","11825384"
"KN295420v1","282862","283168","JH378107","7568037","7568336","38","7285175"
"KN295420v1","384426","384703","JH378182","9240926","9241205","37","8856500"
"KN295420v1","394904","395206","JH378255","1560098","1560402","30","1165194"
"KN295420v1","402275","402590","JH378341","432564","432865","42","30289"
"KN295421v1","4228","4514","JH378105","46095080","46095368","35","46090852"
"KN295423v1","4724","5016","JH378114","20414319","20414613","41","20409595"
"KN295423v1","180510","180811","JH378293","1524576","1524874","35","1344066"
"KN295424v1","16422","16731","JH378242","929841","930152","43","913419"
"KN295424v1","83321","83443","JH378134","4668033","4668157","17","4584712"
"KN295424v1","95394","95691","JH378129","22144489","22144771","47","22049095"
"KN295424v1","150856","151148","JH378321","896363","896656","32","745507"
"KN295424v1","214787","215087","JH378170","4783494","4783792","32","4568707"
"KN295424v1","332832","333127","JH378133","22138850","22139145","37","21806018"
"KN295424v1","349355","349654","JH378173","4155896","4156193","41","3806541"
"KN295424v1","461894","462058","JH378193","6804973","6805129","31","6343079"
"KN295424v1","499309","499596","JH378109","52148","52435","45","447161"
"KN295424v1","572312","572591","JH378106","11352438","11352719","37","10780126"
"KN295424v1","654959","655235","JH378141","18011219","18011497","53","17356260"
"KN295424v1","742670","742965","JH378115","25570507","25570808","34","24827837"
"KN295428v1","9233","9499","JH378116","27875563","27875830","42","27866330"
"KN295428v1","74651","74963","JH378112","11216381","11216692","47","11141730"
"KN295428v1","105363","105540","JH378106","34695091","34695267","19","34589728"
"KN295428v1","105842","105975","JH378153","13895787","13895919","18","13789945"
"KN295428v1","109580","109890","JH378119","23310048","23310349","52","23200468"
"KN295428v1","121313","121586","JH378127","19270149","19270420","40","19148836"
"KN295428v1","127326","127617","JH378216","7124506","7124797","33","6997180"
"KN295428v1","146556","146844","JH378170","4783494","4783792","38","4636938"
"KN295428v1","148597","148812","JH378151","645312","645524","34","496715"
"KN295428v1","153130","153431","JH378116","28869529","28869826","34","28716399"
"KN295428v1","153486","153792","JH378206","4086994","4087300","47","3933508"
"KN295428v1","162443","162741","JH378288","1088673","1088973","40","926230"
"KN295428v1","175718","176006","JH378153","5259027","5259313","34","5083309"
"KN295428v1","226804","227101","JH378187","3790039","3790336","36","3563235"
"KN295428v1","271014","271320","JH378112","35288143","35288449","30","35017129"
"KN295428v1","300796","301101","JH378119","26110026","26110331","38","25809230"
"KN295428v1","312118","312421","JH378111","19588513","19588818","44","19276395"
"KN295429v1","65082","65379","JH378108","15420006","15420302","40","15354924"
"KN295430v1","40791","41097","JH378152","15994237","15994545","39","15953446"
"KN295430v1","64529","64817","JH378112","34147976","34148263","35","34083447"
"KN295430v1","322492","322775","JH378297","1066683","1066962","42","744191"
"KN295430v1","363902","363977","JH378153","10063072","10063146","11","9699170"
"KN295430v1","421693","421998","JH378106","6434398","6434702","47","6012705"
"KN295430v1","521693","522001","JH378122","5534725","5535030","32","5013032"
"KN295430v1","602367","602500","JH378105","26744649","26744782","17","26142282"
"KN295430v1","603698","604008","JH378106","70986080","70986388","50","70382382"
"KN295430v1","979605","979890","JH378146","12682442","12682712","53","11702837"
"KN295430v1","1011941","1012252","JH378137","6390704","6391012","30","5378763"
"KN295430v1","1043792","1044089","JH378139","18955642","18955939","30","17911850"
"KN295430v1","1067754","1068048","JH378204","2935067","2935361","32","1867313"
"KN295430v1","1082995","1083293","JH378119","11297197","11297495","36","10214202"
"KN295430v1","1093591","1093905","JH378193","9256338","9256648","51","8162747"
"KN295430v1","1120091","1120396","JH378206","4086994","4087300","35","2966903"
"KN295430v1","1187291","1187589","JH378157","12786669","12786965","38","11599378"
"KN295430v1","1245165","1245476","JH378158","3522926","3523235","30","2277761"
"KN295430v1","1442045","1442323","JH378175","1559693","1559973","34","117648"
"KN295430v1","1636940","1637228","JH378182","9240926","9241205","28","7603986"
"KN295430v1","1638800","1639110","JH378167","5351158","5351469","32","3712358"
"KN295430v1","1711371","1711663","JH378125","19027324","19027621","34","17315953"
"KN295430v1","1839086","1839287","JH378105","54906413","54906616","46","53067327"
"KN295430v1","1917924","1918183","JH378109","48311154","48311414","44","46393230"
"KN295430v1","1963333","1963632","JH378122","9816070","9816375","44","7852737"
"KN295430v1","2147430","2147737","JH378124","11759045","11759346","35","9611615"
"KN295430v1","2185971","2186190","JH378223","274941","275160","20","1911030"
"KN295430v1","2312858","2313150","JH378293","1524576","1524874","41","788282"
"KN295430v1","2321768","2322063","JH378107","16878023","16878315","48","14556255"
"KN295430v1","2362386","2362688","JH378105","51624986","51625285","38","49262600"
"KN295430v1","2368307","2368594","JH378156","3420755","3421038","40","1052448"
"KN295430v1","2371810","2372115","JH378138","5380451","5380753","38","3008641"
"KN295430v1","2398626","2398933","JH378124","12936344","12936643","50","10537718"
"KN295430v1","2430332","2430624","JH378124","17702462","17702755","38","15272130"
"KN295430v1","2435067","2435374","JH378279","2687810","2688114","34","252743"
"KN295430v1","2460433","2460737","JH378152","11766091","11766391","42","9305658"
"KN295430v1","2476810","2477084","JH378177","6664715","6664994","36","4187905"
"KN295430v1","2477339","2477549","JH378135","1279038","1279249","28","1198301"
"KN295430v1","2479386","2479698","JH378148","17201496","17201806","41","14722110"
"KN295430v1","2483291","2483575","JH378182","9240926","9241205","39","6757635"
"KN295430v1","2501311","2501449","JH378142","5777124","5777260","21","3275813"
"KN295430v1","2556226","2556510","JH378327","121222","121511","44","2435004"
"KN295430v1","2576723","2577022","JH378144","202388","202687","31","2374335"
"KN295430v1","2588730","2589005","JH378216","4862527","4862800","42","2273797"
"KN295430v1","2598499","2598804","JH378110","12146106","12146409","37","9547607"
"KN295430v1","2602308","2602616","JH378279","2687810","2688114","30","85502"
"KN295430v1","2665499","2665804","JH378136","7677923","7678227","31","5012424"
"KN295430v1","2687800","2688110","JH378115","3352916","3353226","37","665116"
"KN295430v1","2760574","2760886","JH378115","25041145","25041450","39","22280571"
"KN295430v1","2857592","2857872","JH378205","2903056","2903344","50","45464"
"KN295430v1","2967594","2967894","JH378106","59895950","59896248","41","56928356"
"KN295430v1","3010619","3010920","JH378173","2670574","2670871","39","340045"
"KN295430v1","3015731","3016014","JH378177","2554492","2554776","45","461239"
"KN295430v1","3020235","3020514","JH378105","36884891","36885163","43","33864656"
"KN295430v1","3045957","3046252","JH378219","1925415","1925707","33","1120542"
"KN295430v1","3100549","3100851","JH378186","960177","960484","51","2140372"
"KN295433v1","21520","21817","JH378115","28712376","28712673","32","28690856"
"KN295433v1","50045","50141","JH378203","7920770","7920865","10","7870725"
"KN295433v1","80069","80367","JH378151","10201068","10201369","35","10120999"
"KN295433v1","83340","83644","JH378120","16327645","16327955","57","16244305"
"KN295433v1","116328","116628","JH378232","2705326","2705628","36","2588998"
"KN295433v1","119168","119473","JH378110","31575602","31575901","37","31456434"
"KN295433v1","122115","122413","JH378108","23280248","23280545","33","23158133"
"KN295433v1","129398","129698","JH378137","7041200","7041497","36","6911802"
"KN295433v1","142596","142718","JH378141","15434887","15435007","16","15292291"
"KN295433v1","143350","143616","JH378114","30322448","30322720","47","30179098"
"KN295433v1","168670","168964","JH378146","4343142","4343436","44","4174472"
"KN295433v1","186739","186916","JH378213","5260160","5260339","27","5073421"
"KN295433v1","191591","191896","JH378110","44458587","44458889","42","44266996"
"KN295433v1","241286","241593","JH378173","5963095","5963395","35","5721809"
"KN295433v1","247396","247687","JH378107","49473760","49474052","30","49226364"
"KN295433v1","249765","250064","JH378148","6480728","6481028","31","6230963"
"KN295433v1","263184","263472","JH378216","5614489","5614775","47","5351305"
"KN295433v1","278099","278398","JH378139","18955642","18955939","31","18677543"
"KN295433v1","292455","292529","JH378149","1407835","1407902","16","1115380"
"KN295433v1","375438","375745","JH378108","30731255","30731558","40","30355817"
"KN295433v1","381546","381851","JH378139","17878350","17878657","31","17496804"
"KN295433v1","513266","513545","JH378238","600378","600656","40","87112"
"KN295433v1","536486","536754","JH378167","9534568","9534835","38","8998082"
"KN295433v1","563052","563228","JH378264","3118968","3119143","27","2555916"
"KN295433v1","565060","565346","JH378141","11024023","11024316","35","10458963"
"KN295433v1","995562","995874","JH378220","2694389","2694700","32","1698827"
"KN295433v1","1025987","1026299","JH378107","26847524","26847838","43","25821537"
"KN295433v1","1031089","1031392","JH378114","7122925","7123229","34","6091836"
"KN295433v1","1076142","1076450","JH378253","2601292","2601603","47","1525150"
"KN295433v1","1143963","1144211","JH378339","264934","265186","38","879029"
"KN295433v1","1171709","1172010","JH378149","4670866","4671169","49","3499157"
"KN295433v1","1189133","1189423","JH378105","33992488","33992780","39","32803355"
"KN295433v1","1192549","1192825","JH378173","5853217","5853492","41","4660668"
"KN295433v1","1231534","1231827","JH378228","5509057","5509356","36","4277523"
"KN295433v1","1259288","1259585","JH378113","7407154","7407441","41","6147866"
"KN295433v1","1324600","1324895","JH378333","587605","587900","44","736995"
"KN295433v1","1471359","1471664","JH378288","1088673","1088973","37","382686"
"KN295433v1","1553924","1554236","JH378119","26380105","26380421","39","24826181"
"KN295433v1","1729773","1730018","JH378106","66881924","66882170","33","65152151"
"KN295433v1","1856558","1856687","JH378269","3301225","3301353","21","1444667"
"KN295433v1","2027874","2028169","JH378137","17093543","17093840","32","15065669"
"KN295433v1","2231370","2231671","JH378106","6434398","6434702","48","4203028"
"KN295434v1","72270","72565","JH378109","14399573","14399873","41","14327303"
"KN295437v1","33767","34078","JH378120","16327645","16327955","36","16293878"
"KN295437v1","339723","340028","JH378264","759949","760251","39","420226"
"KN295439v1","3513","3821","JH378120","16327645","16327955","39","16324132"
"KN295439v1","28682","28907","JH378227","2426473","2426707","37","2397791"
"KN295439v1","30605","30903","JH378176","9716970","9717264","30","9686365"
"KN295439v1","32184","32400","JH378108","41303574","41303795","32","41271390"
"KN295439v1","41095","41388","JH378163","13372336","13372629","35","13331241"
"KN295439v1","49988","50262","JH378213","2735797","2736071","34","2685809"
"KN295439v1","78025","78141","JH378122","10040784","10040894","21","9962759"
"KN295439v1","85473","85782","JH378111","32787449","32787755","39","32701976"
"KN295439v1","97254","97497","JH378125","7358700","7358942","30","7261446"
"KN295439v1","103171","103455","JH378105","70683132","70683421","32","70579961"
"KN295439v1","103543","103823","JH378106","3052818","3053105","37","2949275"
"KN295439v1","104922","105223","JH378206","4086994","4087300","41","3982072"
"KN295439v1","107129","107430","JH378139","18955642","18955939","33","18848513"
"KN295439v1","107592","107877","JH378204","3540391","3540677","31","3432799"
"KN295439v1","114331","114629","JH378293","2045148","2045440","36","1930817"
"KN295439v1","119147","119448","JH378159","5493568","5493869","34","5374421"
"KN295439v1","124833","125131","JH378228","5616886","5617184","36","5492053"
"KN295439v1","133430","133709","JH378224","3887674","3887953","29","3754244"
"KN295439v1","133773","133802","JH378105","31065877","31065908","12","30932104"
"KN295439v1","138830","139119","JH378197","1421270","1421558","41","1282440"
"KN295439v1","140032","140305","JH378108","22158891","22159167","51","22018859"
"KN295439v1","158401","158711","JH378156","9166475","9166782","37","9008074"
"KN295439v1","167770","168068","JH378106","64640866","64641164","28","64473096"
"KN295439v1","169132","169439","JH378250","66803","67108","38","102329"
"KN295439v1","209225","209522","JH378121","29566176","29566469","40","29356951"
"KN295439v1","211731","212022","JH378216","1183275","1183567","28","971544"
"KN295439v1","281074","281157","JH378110","35014134","35014217","15","34733060"
"KN295441v1","18085","18384","JH378131","1106043","1106335","42","1087958"
"KN295441v1","106438","106751","JH378105","8411610","8411921","42","8305172"
"KN295441v1","214691","214959","JH378216","2293188","2293458","47","2078497"
"KN295441v1","239433","239732","JH378109","34313310","34313620","44","34073877"
"KN295441v1","396255","396547","JH378123","48357","48656","45","347898"
"KN295441v1","419148","419424","JH378112","35063777","35064058","37","34644629"
"KN295441v1","442110","442406","JH378241","5492398","5492696","34","5050288"
"KN295441v1","457277","457571","JH378119","153019","153309","26","304258"
"KN295441v1","588280","588583","JH378296","1500608","1500907","35","912328"
"KN295441v1","589306","589608","JH378121","17204752","17205050","36","16615446"
"KN295441v1","603093","603233","JH378188","9232673","9232814","17","8629580"
"KN295441v1","603532","603701","JH378113","32219902","32220070","28","31616370"
"KN295441v1","628600","628730","JH378148","2199912","2200040","16","1571312"
"KN295441v1","641529","641842","JH378201","8575463","8575759","56","7933934"
"KN295441v1","645164","645437","JH378636","4147","4421","35","641017"
"KN295441v1","679018","679318","JH378143","3586456","3586745","49","2907438"
"KN295441v1","683902","684202","JH378173","4155896","4156193","38","3471994"
"KN295441v1","695817","695969","JH378172","12663006","12663158","22","11967189"
"KN295441v1","771952","772258","JH378119","6124403","6124708","37","5352451"
"KN295441v1","781825","782131","JH378124","15582898","15583197","38","14801073"
"KN295441v1","826208","826518","JH378115","23201999","23202310","38","22375791"
"KN295441v1","849120","849426","JH378115","25041145","25041450","33","24192025"
"KN295441v1","869013","869310","JH378170","4783494","4783792","29","3914481"
"KN295441v1","888756","889054","JH378173","9055905","9056209","36","8167149"
"KN295441v1","983022","983326","JH378125","15893280","15893581","30","14910258"
"KN295441v1","984120","984425","JH378197","7145768","7146073","36","6161648"
"KN295441v1","992138","992437","JH378220","2784017","2784313","30","1791879"
"KN295441v1","1005092","1005376","JH378195","7337978","7338267","42","6332886"
"KN295441v1","1051887","1052047","JH378124","13898954","13899111","25","12847067"
"KN295441v1","1077974","1078281","JH378118","13198312","13198617","43","12120338"
"KN295441v1","1116025","1116315","JH378197","4403480","4403768","34","3287455"
"KN295441v1","1124541","1124806","JH378166","9305917","9306185","42","8181376"
"KN295441v1","1163028","1163340","JH378224","2769148","2769454","42","1606120"
"KN295441v1","1181938","1182247","JH378126","21026752","21027059","39","19844814"
"KN295441v1","1202994","1203292","JH378133","22138850","22139145","32","20935856"
"KN295441v1","1208243","1208538","JH378234","1308170","1308470","45","99927"
"KN295441v1","1211393","1211699","JH378110","12146106","12146409","38","10934713"
"KN295441v1","1237172","1237449","JH378118","9593290","9593568","44","8356118"
"KN295441v1","1239397","1239674","JH378118","9593290","9593568","44","8353893"
"KN295441v1","1250402","1250699","JH378107","1656497","1656793","34","406095"
"KN295441v1","1286684","1286963","JH378151","7414817","7415082","39","6128133"
"KN295441v1","1303235","1303531","JH378220","2784017","2784313","34","1480782"
"KN295441v1","1316268","1316564","JH378170","4783494","4783792","35","3467226"
"KN295441v1","1330797","1331055","JH378170","10068005","10068278","51","8737208"
"KN295441v1","1331586","1331897","JH378111","11095721","11096033","39","9764135"
"KN295441v1","1382243","1382546","JH378105","4325405","4325701","41","2943162"
"KN295441v1","1384142","1384370","JH378296","1660324","1660547","33","276182"
"KN295441v1","1429423","1429713","JH378194","2390312","2390602","33","960889"
"KN295441v1","1432753","1433063","JH378122","29489041","29489348","46","28056288"
"KN295441v1","1459034","1459122","JH378164","3844103","3844188","13","2385069"
"KN295441v1","1463573","1463857","JH378106","3052818","3053105","34","1589245"
"KN295441v1","1470669","1470970","JH378206","4086994","4087300","39","2616325"
"KN295441v1","1488393","1488704","JH378156","2578741","2579050","41","1090348"
"KN295441v1","1498154","1498457","JH378136","7677923","7678227","42","6179769"
"KN295441v1","1503428","1503733","JH378120","16327645","16327955","35","14824217"
"KN295441v1","1508179","1508482","JH378206","4086994","4087300","48","2578815"
"KN295441v1","1524931","1525195","JH378123","11724155","11724421","35","10199224"
"KN295441v1","1540673","1540980","JH378255","1560098","1560402","36","19425"
"KN295441v1","1549361","1549527","JH378255","3737914","3738078","26","2188553"
"KN295441v1","1592261","1592563","JH378205","4497688","4497989","35","2905427"
"KN295441v1","1598085","1598386","JH378105","6888381","6888680","34","5290296"
"KN295441v1","1621027","1621295","JH378105","37066350","37066601","43","35445323"
"KN295441v1","1633961","1634216","JH378125","823366","823626","46","810595"
"KN295441v1","1637377","1637675","JH378112","32204236","32204530","38","30566859"
"KN295441v1","1644258","1644496","JH378280","2916775","2917016","31","1272517"
"KN295441v1","1654385","1654677","JH378127","18566293","18566586","34","16911908"
"KN295441v1","1663742","1664035","JH378181","2251325","2251621","41","587583"
"KN295441v1","1668416","1668705","JH378151","8013629","8013918","35","6345213"
"KN295441v1","1690319","1690455","JH378193","345676","345813","13","1344643"
"KN295441v1","1714341","1714651","JH378199","5040203","5040517","42","3325862"
"KN295441v1","1714658","1714869","JH378141","18329140","18329350","42","16614482"
"KN295441v1","1723765","1724051","JH378108","42296533","42296820","38","40572768"
"KN295441v1","1729405","1729697","JH378148","3220621","3220915","48","1491216"
"KN295441v1","1730370","1730677","JH378113","6692573","6692881","41","4962203"
"KN295441v1","1733536","1733842","JH378126","23144534","23144834","39","21410998"
"KN295441v1","1738228","1738527","JH378248","598421","598717","39","1139807"
"KN295441v1","1766700","1766993","JH378249","4052617","4052912","44","2285917"
"KN295446v1","11383","11680","JH378172","3560988","3561286","35","3549605"
"KN295446v1","54246","54536","JH378149","1427296","1427590","30","1373050"
"KN295446v1","60923","61233","JH378123","491683","491985","42","430760"
"KN295446v1","73619","73924","JH378255","1560098","1560402","30","1486479"
"KN295448v1","8442","8735","JH378170","4783494","4783792","35","4775052"
"KN295448v1","11988","12251","JH378139","10412496","10412760","33","10400508"
"KN295448v1","211883","212151","JH378110","17469057","17469320","34","17257174"
"KN295448v1","317849","318155","JH378126","21026752","21027059","36","20708903"
"KN295448v1","510348","510637","JH378114","21454604","21454896","49","20944256"
"KN295448v1","751364","751663","JH378130","1210","1511","42","750154"
"KN295448v1","757585","757894","JH378187","2906095","2906405","34","2148510"
"KN295448v1","774167","774470","JH378144","15697771","15698071","42","14923604"
"KN295449v1","12377","12553","JH378216","180582","180746","37","168205"
"KN295449v1","36325","36626","JH378241","5492398","5492696","46","5456073"
"KN295449v1","140193","140493","JH378119","11538542","11538840","33","11398349"
"KN295449v1","174311","174592","JH378111","19524517","19524801","40","19350206"
"KN295449v1","216071","216376","JH378115","25041145","25041450","38","24825074"
"KN295449v1","328234","328388","JH378110","18127055","18127207","29","17798821"
"KN295449v1","350907","351213","JH378229","5039327","5039634","40","4688420"
"KN295449v1","371855","372159","JH378138","5380451","5380753","37","5008596"
"KN295449v1","604850","605158","JH378142","2538482","2538791","41","1933632"
"KN295449v1","653080","653389","JH378142","2441983","2442293","41","1788903"
"KN295449v1","958757","959062","JH378137","10096778","10097079","35","9138021"
"KN295449v1","1094657","1094962","JH378263","1222076","1222382","37","127419"
"KN295449v1","1290562","1290744","JH378145","6163026","6163208","38","4872464"
"KN295450v1","7978","8283","JH378111","17020824","17021128","47","17012846"
"KN295450v1","20925","21138","JH378156","4898241","4898449","34","4877316"
"KN295450v1","24450","24744","JH378127","18566293","18566586","35","18541843"
"KN295450v1","64398","64693","JH378115","25570507","25570808","37","25506109"
"KN295450v1","83759","84050","JH378127","18566293","18566586","31","18482534"
"KN295450v1","143083","143393","JH378197","6643336","6643648","44","6500253"
"KN295450v1","144816","145123","JH378106","10129130","10129437","33","9984314"
"KN295450v1","192582","192882","JH378127","9058620","9058921","40","8866038"
"KN295450v1","209214","209500","JH378106","3052818","3053105","35","2843604"
"KN295450v1","238391","238685","JH378105","51889615","51889908","33","51651224"
"KN295450v1","256500","256799","JH378216","6814492","6814786","32","6557992"
"KN295450v1","282621","282932","JH378260","484146","484457","46","201525"
"KN295450v1","292799","293089","JH378140","5366694","5366983","36","5073895"
"KN295450v1","316592","316898","JH378137","17093543","17093840","36","16776951"
"KN295453v1","11924","12047","JH378186","311904","312025","25","299980"
"KN295453v1","18678","18950","JH378105","17014538","17014809","43","16995860"
"KN295453v1","25440","25709","JH378157","10852841","10853102","35","10827401"
"KN295453v1","26562","26858","JH378131","19339353","19339649","38","19312791"
"KN295453v1","58367","58668","JH378142","3733584","3733885","41","3675217"
"KN295453v1","66657","66945","JH378181","2393882","2394177","42","2327225"
"KN295453v1","71665","71961","JH378264","1696916","1697206","37","1625251"
"KN295453v1","78070","78364","JH378216","6814492","6814786","42","6736422"
"KN295453v1","84012","84305","JH378135","20208650","20208946","45","20124638"
"KN295453v1","140641","140968","JH378199","1497110","1497439","42","1356469"
"KN295453v1","199741","200042","JH378296","1500608","1500907","45","1300867"
"KN295453v1","227219","227514","JH378220","2784017","2784313","36","2556798"
"KN295453v1","235312","235499","JH378106","31577507","31577688","45","31342195"
"KN295453v1","235500","235804","JH378260","2485904","2486209","39","2250404"
"KN295453v1","235805","235919","JH378262","2290466","2290582","20","2054661"
"KN295458v1","40302","40587","JH378247","2290754","2291038","38","2250452"
"KN295458v1","48750","49026","JH378277","382904","383183","37","334154"
"KN295458v1","67309","67593","JH378198","1596143","1596429","35","1528834"
"KN295458v1","84503","84789","JH378115","7472533","7472823","48","7388030"
"KN295459v1","75685","75983","JH378170","4783494","4783792","30","4707809"
"KN295459v1","137040","137313","JH378144","9256520","9256791","31","9119480"
"KN295459v1","205052","205350","JH378105","48920179","48920473","33","48715127"
"KN295459v1","207096","207375","JH378177","4823437","4823714","41","4616341"
"KN295459v1","210068","210364","JH378265","2263256","2263553","25","2053188"
"KN295459v1","226134","226426","JH378157","9676550","9676840","28","9450416"
"KN295459v1","305949","306247","JH378124","11759045","11759346","41","11453096"
"KN295459v1","503335","503638","JH378206","1109787","1110092","29","606452"
"KN295459v1","504674","504967","JH378279","3103186","3103480","30","2598512"
"KN295459v1","506115","506427","JH378152","11890185","11890492","32","11384070"
"KN295459v1","509691","509998","JH378139","19415987","19416286","47","18906296"
"KN295459v1","513266","513563","JH378124","15582898","15583197","30","15069632"
"KN295459v1","546198","546495","JH378236","2099707","2100007","39","1553509"
"KN295459v1","564920","565051","JH378106","20767610","20767740","11","20202690"
"KN295459v1","590107","590408","JH378120","24315946","24316245","40","23725839"
"KN295459v1","595828","596125","JH378108","30737072","30737361","38","30141244"
"KN295459v1","602472","602718","JH378214","2321819","2322057","40","1719347"
"KN295459v1","626129","626427","JH378170","4783494","4783792","28","4157365"
"KN295459v1","661905","662200","JH378114","13452670","13452963","48","12790765"
"KN295459v1","700674","700962","JH378195","7796823","7797094","59","7096149"
"KN295459v1","703567","703879","JH378156","6226028","6226337","40","5522461"
"KN295459v1","768754","769051","JH378226","5510503","5510800","37","4741749"
"KN295459v1","796664","796947","JH378177","6664715","6664994","30","5868051"
"KN295459v1","1019852","1020166","JH378107","32964065","32964380","36","31944213"
"KN295459v1","1034744","1035034","JH378219","6643585","6643875","36","5608841"
"KN295459v1","1069755","1070009","JH378116","23059667","23059929","43","21989912"
"KN295459v1","1113051","1113327","JH378110","40955628","40955903","37","39842577"
"KN295459v1","1135985","1136292","JH378115","23201999","23202310","37","22066014"
"KN295459v1","1165619","1165886","JH378141","18958441","18958699","36","17792822"
"KN295459v1","1269935","1270235","JH378220","2784017","2784313","34","1514082"
"KN295459v1","1289390","1289686","JH378205","5080625","5080919","33","3791235"
"KN295459v1","1347128","1347439","JH378113","6692573","6692881","39","5345445"
"KN295459v1","1358550","1358858","JH378105","42160955","42161256","44","40802405"
"KN295459v1","1453537","1453817","JH378192","8239736","8240009","38","6786199"
"KN295459v1","1486169","1486478","JH378178","6129336","6129645","36","4643167"
"KN295459v1","1497586","1497885","JH378245","2080174","2080467","39","582588"
"KN295459v1","1503626","1503935","JH378167","5351158","5351469","31","3847532"
"KN295459v1","1517456","1517750","JH378125","16958847","16959142","31","15441391"
"KN295459v1","1518040","1518234","JH378145","229058","229251","15","1288982"
"KN295459v1","1519635","1519727","JH378211","1623653","1623744","24","104018"
"KN295459v1","1530537","1530735","JH378116","1005188","1005386","22","525349"
"KN295459v1","1530894","1531092","JH378125","16233156","16233354","22","14702262"
"KN295459v1","1545786","1546085","JH378137","15080545","15080841","44","13534759"
"KN295459v1","1557115","1557426","JH378257","2204800","2205108","43","647685"
"KN295459v1","1557801","1558099","JH378192","9279762","9280065","37","7721961"
"KN295459v1","1561294","1561645","JH378213","4415237","4415570","77","2853943"
"KN295459v1","1573325","1573630","JH378288","1088673","1088973","35","484652"
"KN295459v1","1576611","1576911","JH378170","4783494","4783792","32","3206883"
"KN295459v1","1607415","1607655","JH378139","2032411","2032656","30","424996"
"KN295459v1","1627397","1627693","JH378181","6657533","6657829","28","5030136"
"KN295459v1","1652557","1652839","JH378243","4680393","4680674","31","3027836"
"KN295459v1","1703348","1703427","JH378173","3165605","3165684","11","1462257"
"KN295459v1","1709220","1709529","JH378206","4086994","4087300","33","2377774"
"KN295461v1","2998","3284","JH378173","10591352","10591642","51","10588354"
"KN295471v1","222359","222637","JH378140","14073854","14074132","32","13851495"
"KN295471v1","516848","517139","JH378279","10481","10769","43","506367"
"KN295471v1","526190","526507","JH378116","24645889","24646199","42","24119699"
"KN295471v1","543150","543458","JH378119","6124403","6124708","31","5581253"
"KN295471v1","851328","851612","JH378106","58214180","58214475","52","57362852"
"KN295474v1","60391","60650","JH378141","9311014","9311272","31","9250623"
"KN295474v1","136094","136360","JH378115","21552389","21552662","48","21416295"
"KN295474v1","164569","164863","JH378178","1721500","1721789","39","1556931"
"KN295474v1","167641","167874","JH378194","538118","538349","39","370477"
"KN295474v1","246696","246992","JH378228","5509057","5509356","43","5262361"
"KN295474v1","312636","312729","JH378279","2879305","2879406","33","2566669"
"KN295474v1","348704","348792","JH378228","742439","742528","7","393735"
"KN295474v1","407179","407476","JH378139","19415987","19416286","32","19008808"
"KN295474v1","540738","541041","JH378216","6814492","6814786","42","6273754"
"KN295474v1","550621","550901","JH378184","8672964","8673247","38","8122343"
"KN295474v1","554569","554865","JH378204","2935067","2935361","34","2380498"
"KN295474v1","632031","632332","JH378124","15582898","15583197","34","14950867"
"KN295474v1","638472","638684","JH378107","6189902","6190112","27","5551430"
"KN295474v1","667813","668112","JH378107","6641537","6641829","43","5973724"
"KN295474v1","681689","682005","JH378167","5351158","5351469","35","4669469"
"KN295474v1","817481","817791","JH378197","7145768","7146073","40","6328287"
"KN295474v1","885544","885849","JH378106","2659197","2659503","50","1773653"
"KN295474v1","888306","888614","JH378110","38574281","38574582","39","37685975"
"KN295474v1","924220","924519","JH378146","15827373","15827672","39","14903153"
"KN295474v1","1122544","1122852","JH378115","16925265","16925575","33","15802721"
"KN295474v1","1262910","1263208","JH378135","18461341","18461640","37","17198431"
"KN295474v1","1288162","1288474","JH378120","16327645","16327955","39","15039483"
"KN295474v1","1315048","1315360","JH378126","21026752","21027059","41","19711704"
"KN295474v1","1370847","1371156","JH378148","15796597","15796901","41","14425750"
"KN295474v1","1434850","1435131","JH378153","5259027","5259313","36","3824177"
"KN295474v1","1466804","1467098","JH378288","1088673","1088973","47","378131"
"KN295474v1","1558847","1559138","JH378115","28712376","28712673","38","27153529"
"KN295474v1","1563920","1564221","JH378173","9055905","9056209","36","7491985"
"KN295474v1","1639204","1639502","JH378139","18632207","18632516","42","16993003"
"KN295474v1","1665744","1666047","JH378149","16136463","16136764","43","14470719"
"KN295474v1","1712688","1712999","JH378118","26799468","26799782","60","25086780"
"KN295474v1","1726818","1727123","JH378162","12009235","12009540","42","10282417"
"KN295477v1","40069","40290","JH378166","8561385","8561613","41","8521316"
"KN295477v1","166901","167203","JH378300","21048","21349","36","145853"
"KN295480v1","28897","29207","JH378126","21026752","21027059","44","20997855"
"KN295480v1","316207","316456","JH378150","16410688","16410938","43","16094481"
"KN295480v1","559382","559661","JH378204","7563149","7563428","32","7003767"
"KN295480v1","580128","580390","JH378177","5163218","5163479","35","4583090"
"KN295480v1","1085323","1085607","JH378119","11771197","11771482","31","10685874"
"KN295480v1","1138801","1139092","JH378114","7122925","7123229","36","5984124"
"KN295480v1","1277265","1277561","JH378228","5509057","5509356","29","4231792"
"KN295480v1","1311639","1311941","JH378110","12146106","12146409","40","10834467"
"KN295480v1","1380107","1380268","JH378164","9341233","9341390","24","7961126"
"KN295480v1","1407337","1407640","JH378108","20476664","20476965","37","19069327"
"KN295480v1","1425837","1426149","JH378120","16578880","16579191","34","15153043"
"KN295480v1","1430605","1430904","JH378108","30731255","30731558","35","29300650"
"KN295480v1","1439217","1439373","JH378106","59712448","59712600","20","58273231"
"KN295480v1","1526816","1527133","JH378106","6434398","6434702","55","4907582"
"KN295480v1","1538983","1539261","JH378110","32786336","32786622","46","31247353"
"KN295480v1","1553968","1554262","JH378293","1524576","1524874","33","29392"
"KN295480v1","1903926","1904223","JH378111","42112707","42113007","33","40208781"
"KN295480v1","2106155","2106438","JH378177","8736460","8736740","47","6630305"
"KN295480v1","2331748","2332037","JH378105","38843018","38843306","34","36511270"
"KN295480v1","2357235","2357558","JH378108","33074207","33074532","52","30716972"
"KN295480v1","2443110","2443199","JH378355","178943","179030","12","2264167"
"KN295480v1","2489443","2489754","JH378131","2072353","2072664","39","417090"
"KN295480v1","2606011","2606310","JH378181","4962993","4963298","45","2356982"
"KN295480v1","2810192","2810454","JH378115","29767080","29767342","32","26956888"
"KN295480v1","2986095","2986377","JH378109","44911835","44912116","49","41925740"
"KN295480v1","3155585","3155838","JH378193","7906466","7906718","22","4750881"
"KN295480v1","3161286","3161588","JH378139","18955642","18955939","36","15794356"
"KN295480v1","3163270","3163361","JH378144","13004267","13004358","11","9840997"
"KN295480v1","3166177","3166445","JH378149","7222783","7223041","48","4056606"
"KN295480v1","3175204","3175511","JH378113","37603454","37603756","34","34428250"
"KN295480v1","3179471","3179781","JH378282","663203","663511","35","2516268"
"KN295480v1","3184394","3184474","JH378157","14200981","14201063","12","11016587"
"KN295480v1","3189348","3189650","JH378170","4783494","4783792","34","1594146"
"KN295480v1","3195664","3195970","JH378263","2502889","2503200","37","692775"
"KN295480v1","3255399","3255709","JH378116","22943305","22943613","38","19687906"
"KN295480v1","3348574","3348873","JH378191","6177328","6177618","42","2828754"
"KN295480v1","3367771","3368076","JH378206","4086994","4087300","41","719223"
"KN295480v1","3427744","3428049","JH378118","24374217","24374525","40","20946473"
"KN295484v1","513700","514015","JH378146","14363507","14363815","49","13849807"
"KN295484v1","650857","651163","JH378149","13456174","13456477","36","12805317"
"KN295484v1","684230","684545","JH378167","5351158","5351469","29","4666928"
"KN295486v1","75414","75726","JH378122","9226502","9226813","49","9151088"
"KN295486v1","211273","211583","JH378115","34662580","34662893","36","34451307"
"KN295486v1","234456","234737","JH378111","19524517","19524801","35","19290061"
"KN295486v1","361751","362053","JH378133","22133463","22133752","54","21771712"
"KN295486v1","498668","498958","JH378163","5610972","5611262","42","5112304"
"KN295486v1","582070","582373","JH378137","11398263","11398561","38","10816193"
"KN295486v1","709311","709619","JH378115","26640201","26640508","36","25930890"
"KN295486v1","806692","806952","JH378140","15986259","15986537","43","15179567"
"KN295487v1","60256","60422","JH378115","33040060","33040228","20","32979804"
"KN295487v1","94078","94363","JH378112","33911252","33911534","35","33817174"
"KN295487v1","94402","94412","JH378189","7208291","7208302","5","7113889"
"KN295487v1","125297","125593","JH378115","28712376","28712673","35","28587079"
"KN295487v1","126997","127311","JH378120","16327645","16327955","31","16200648"
"KN295487v1","179537","179816","JH378110","35445538","35445820","38","35266001"
"KN295487v1","179844","179870","JH378222","6581835","6581856","9","6401991"
"KN295487v1","206685","206984","JH378153","5500130","5500427","33","5293445"
"KN295488v1","27198","27313","JH378111","15749887","15749998","16","15722689"
"KN295489v1","248796","249107","JH378118","24374217","24374525","42","24125421"
"KN295489v1","299820","300121","JH378125","1232970","1233271","50","933150"
"KN295489v1","470405","470651","JH378223","4629372","4629613","41","4158967"
"KN295489v1","563905","564225","JH378109","12434615","12434935","45","11870710"
"KN295489v1","619303","619584","JH378156","3587165","3587447","37","2967862"
"KN295489v1","767469","767785","JH378238","1269931","1270243","55","502462"
"KN295489v1","873347","873644","JH378149","11380251","11380550","45","10506904"
"KN295489v1","896676","896972","JH378228","5509057","5509356","38","4612381"
"KN295489v1","1028560","1028878","JH378133","9019183","9019505","49","7990623"
"KN295489v1","1073402","1073483","JH378140","6787344","6787422","12","5713942"
"KN295489v1","1073519","1073726","JH378235","5655329","5655537","22","4581810"
"KN295489v1","1165988","1166011","JH378222","6581835","6581856","8","5415847"
"KN295489v1","1166047","1166333","JH378137","4144145","4144429","42","2978098"
"KN295489v1","1333194","1333374","JH378148","3231270","3231449","28","1898076"
"KN295490v1","6004","6301","JH378131","20072845","20073138","27","20066841"
"KN295490v1","39925","40181","JH378109","44424412","44424668","43","44384487"
"KN295490v1","172786","173089","JH378110","32975507","32975812","37","32802721"
"KN295490v1","306975","307285","JH378320","58622","58932","34","248353"
"KN295490v1","366831","367128","JH378228","5509057","5509356","36","5142226"
"KN295490v1","433431","433714","JH378105","36618017","36618297","38","36184586"
"KN295497v1","42398","42702","JH378152","15357394","15357702","37","15314996"
"KN295497v1","212728","212994","JH378109","17006289","17006567","44","16793561"
"KN295497v1","264728","264839","JH378298","2062411","2062524","18","1797683"
"KN295497v1","479479","479788","JH378135","12459514","12459825","39","11980035"
"KN295497v1","489089","489392","JH378111","42466412","42466713","41","41977323"
"KN295497v1","518920","519220","JH378255","3631885","3632185","39","3112965"
"KN295497v1","534967","535268","JH378115","25570507","25570808","40","25035540"
"KN295497v1","635639","635927","JH378106","8532782","8533076","41","7897143"
"KN295497v1","670329","670625","JH378198","6294233","6294526","33","5623904"
"KN295497v1","840798","841099","JH378293","1524576","1524874","23","683778"
"KN295497v1","889580","889891","JH378126","21026752","21027059","34","20137172"
"KN295497v1","897556","897672","JH378115","22704161","22704258","37","21806605"
"KN295500v1","10706","10952","JH378151","5019146","5019392","33","5008440"
"KN295500v1","56837","57138","JH378137","18706406","18706704","33","18649569"
"KN295500v1","75306","75558","JH378105","49672816","49673070","47","49597510"
"KN295501v1","219606","219938","JH378137","277865","278184","53","58259"
"KN295501v1","250664","250962","JH378138","2879336","2879632","36","2628672"
"KN295501v1","270247","270555","JH378108","52178163","52178470","43","51907916"
"KN295501v1","434066","434352","JH378205","5080625","5080919","32","4646559"
"KN295501v1","554814","555118","JH378122","9816070","9816375","34","9261256"
"KN295501v1","587510","587813","JH378111","42112707","42113007","31","41525197"
"KN295501v1","589924","590225","JH378170","4783494","4783792","35","4193570"
"KN295501v1","605830","606138","JH378129","11266854","11267159","45","10661024"
"KN295501v1","630156","630448","JH378139","19252318","19252611","36","18622162"
"KN295501v1","631295","631470","JH378117","22022011","22022187","24","21390716"
"KN295501v1","642224","642516","JH378255","3112037","3112326","26","2469813"
"KN295501v1","801743","802039","JH378163","13372336","13372629","33","12570593"
"KN295501v1","835190","835499","JH378119","6124403","6124708","40","5289213"
"KN295501v1","842869","843166","JH378173","9107488","9107786","29","8264619"
"KN295501v1","904043","904153","JH378122","10040784","10040894","15","9136741"
"KN295501v1","1074837","1075043","JH378109","47425046","47425253","25","46350209"
"KN295502v1","14624","14939","JH378181","2052926","2053235","42","2038302"
"KN295502v1","56532","56805","JH378167","10789864","10790153","49","10733332"
"KN295505v1","38447","38720","JH378232","5969284","5969559","39","5930837"
"KN295506v1","118368","118594","JH378186","2548225","2548449","32","2429857"
"KN295506v1","294668","294973","JH378123","491683","491985","43","197015"
"KN295508v1","119147","119448","JH378124","15582898","15583197","34","15463751"
"KN295508v1","226278","226541","JH378136","18366820","18367093","42","18140542"
"KN295508v1","239738","239938","JH378112","13273315","13273521","34","13033577"
"KN295515v1","45076","45378","JH378113","18860614","18860926","44","18815538"
"KN295516v1","721","1034","JH378337","528897","529193","45","528176"
"KN295523v1","117515","117808","JH378216","7124506","7124797","45","7006991"
"KN295523v1","118786","119021","JH378115","34902421","34902645","39","34783635"
"KN295523v1","303119","303410","JH378260","108900","109196","35","194219"
"KN295523v1","310737","311032","JH378152","11319672","11319966","34","11008935"
"KN295523v1","338806","339138","JH378115","15576286","15576619","53","15237480"
"KN295523v1","342625","342936","JH378119","6124403","6124708","32","5781778"
"KN295523v1","388185","388496","JH378105","22344232","22344538","41","21956047"
"KN295523v1","429473","429784","JH378110","19934311","19934616","41","19504838"
"KN295523v1","592580","592871","JH378153","6161507","6161800","37","5568927"
"KN295523v1","626430","626734","JH378122","6712255","6712559","38","6085825"
"KN295523v1","661058","661183","JH378115","15087679","15087810","34","14426621"
"KN295523v1","703802","704066","JH378214","985401","985668","38","281599"
"KN295523v1","884595","884892","JH378139","18955642","18955939","37","18071047"
"KN295523v1","899396","899684","JH378177","112866","113151","36","786530"
"KN295523v1","907112","907406","JH378197","1421270","1421558","40","514158"
"KN295523v1","948726","948988","JH378167","9534568","9534835","35","8585842"
"KN295523v1","977394","977680","JH378105","4325405","4325701","40","3348011"
"KN295523v1","983595","983905","JH378116","11181268","11181574","41","10197673"
"KN295523v1","997112","997393","JH378177","6664715","6664994","34","5667603"
"KN295523v1","1003937","1004173","JH378171","1354455","1354697","34","350518"
"KN295523v1","1014125","1014431","JH378144","13715562","13715873","32","12701437"
"KN295523v1","1044651","1044928","JH378224","3887674","3887953","31","2843023"
"KN295523v1","1047170","1047468","JH378181","6657533","6657829","37","5610363"
"KN295523v1","1049625","1049744","JH378182","461766","461877","26","587859"
"KN295523v1","1050976","1051292","JH378109","34313310","34313620","42","33262334"
"KN295523v1","1105042","1105346","JH378159","5493568","5493869","33","4388526"
"KN295523v1","1109090","1109223","JH378107","57231024","57231155","18","56121934"
"KN295523v1","1109227","1109531","JH378114","11511571","11511875","37","10402344"
"KN295523v1","1114260","1114565","JH378252","3374764","3375064","36","2260504"
"KN295523v1","1115016","1115314","JH378173","5370117","5370412","38","4255101"
"KN295523v1","1115564","1115856","JH378246","2154157","2154450","35","1038593"
"KN295523v1","1117155","1117443","JH378107","30010443","30010733","35","28893288"
"KN295523v1","1122904","1123065","JH378110","7927434","7927601","35","6804530"
"KN295523v1","1132244","1132535","JH378197","4069176","4069464","33","2936932"
"KN295523v1","1148786","1148928","JH378111","20365187","20365328","27","19216401"
"KN295523v1","1159708","1160010","JH378115","25041145","25041450","33","23881437"
"KN295523v1","1170538","1170816","JH378225","3161221","3161496","34","1990683"
"KN295523v1","1175459","1175767","JH378113","6199734","6200044","36","5024275"
"KN295523v1","1187511","1187818","JH378197","7145768","7146073","42","5958257"
"KN295523v1","1204170","1204243","JH378220","4499763","4499836","6","3295593"
"KN295523v1","1204722","1204919","JH378201","3794024","3794220","30","2589302"
"KN295523v1","1207504","1207778","JH378173","5853217","5853492","38","4645713"
"KN295523v1","1208783","1209083","JH378133","7708733","7709034","36","6499950"
"KN295523v1","1211440","1211742","JH378111","16327122","16327424","37","15115682"
"KN295523v1","1214868","1215175","JH378119","11179406","11179710","40","9964538"
"KN295523v1","1268005","1268261","JH378117","29885379","29885631","41","28617374"
"KN295523v1","1287457","1287768","JH378150","16499423","16499734","34","15211966"
"KN295523v1","1290821","1291103","JH378124","10835797","10836078","38","9544976"
"KN295523v1","1299402","1299681","JH378123","21127244","21127523","38","19827842"
"KN295523v1","1356877","1357172","JH378253","304082","304375","35","1052795"
"KN295523v1","1360766","1361075","JH378167","5351158","5351469","36","3990392"
"KN295523v1","1391422","1391734","JH378193","9256338","9256648","41","7864916"
"KN295523v1","1408429","1408741","JH378115","23201999","23202310","29","21793570"
"KN295523v1","1560938","1561245","JH378115","25041145","25041450","39","23480207"
"KN295523v1","1563304","1563600","JH378125","17186392","17186688","34","15623088"
"KN295523v1","1622250","1622535","JH378106","3052818","3053105","40","1430568"
"KN295523v1","1797847","1798118","JH378106","59736126","59736394","42","57938279"
"KN295523v1","1923071","1923365","JH378198","7866211","7866503","37","5943140"
"KN295523v1","2146051","2146351","JH378139","19415987","19416286","29","17269936"
"KN295523v1","2304077","2304363","JH378107","30010443","30010733","38","27706366"
"KN295523v1","2600639","2600942","JH378156","2803055","2803354","37","202416"
"KN295523v1","2614791","2615099","JH378105","56831711","56832017","33","54216920"
"KN295523v1","2670544","2670843","JH378204","5607975","5608271","34","2937431"
"KN295523v1","2691112","2691417","JH378181","4962993","4963298","39","2271881"
"KN295523v1","2698190","2698498","JH378108","34855756","34856063","35","32157566"
"KN295523v1","2738902","2739203","JH378115","25041145","25041450","27","22302243"
"KN295523v1","2759326","2759641","JH378113","28428906","28429220","38","25669580"
"KN295523v1","2783648","2783946","JH378176","9716970","9717264","34","6933322"
"KN295523v1","2795463","2795762","JH378167","8547558","8547847","34","5752095"
"KN295523v1","2802013","2802315","JH378133","7595615","7595920","35","4793602"
"KN295523v1","2802924","2803070","JH378133","23038773","23038919","19","20235849"
"KN295523v1","2813009","2813316","JH378177","2686909","2687219","31","126100"
"KN295523v1","2818406","2818696","JH378121","29566176","29566469","24","26747770"
"KN295523v1","2822749","2823064","JH378106","67673352","67673658","53","64850603"
"KN295523v1","2826144","2826451","JH378127","15733864","15734171","33","12907720"
"KN295523v1","2833757","2834053","JH378114","36976328","36976626","31","34142571"
"KN295523v1","2839621","2839913","JH378176","9716970","9717264","32","6877349"
"KN295523v1","2848092","2848388","JH378151","3515305","3515602","31","667213"
"KN295523v1","2858019","2858311","JH378129","11457553","11457829","46","8599534"
"KN295523v1","2866827","2867122","JH378173","4155896","4156193","34","1289069"
"KN295523v1","2895121","2895428","JH378211","2019261","2019568","37","875860"
"KN295523v1","2899043","2899322","JH378167","5644813","5645079","64","2745770"
"KN295523v1","2901547","2901848","JH378107","6820470","6820772","31","3918923"
"KN295523v1","2939808","2940040","JH378123","7601453","7601684","33","4661645"
"KN295523v1","2942954","2943262","JH378279","1785224","1785536","44","1157730"
"KN295523v1","2948878","2949173","JH378115","34630697","34630989","49","31681819"
"KN295523v1","2954460","2954746","JH378141","11211572","11211860","47","8257112"
"KN295523v1","2981204","2981508","JH378245","3487246","3487543","37","506042"
"KN295523v1","2996315","2996608","JH378167","8141531","8141823","31","5145216"
"KN295523v1","2999440","2999740","JH378114","30502","30804","39","2968938"
"KN295523v1","3004937","3005247","JH378111","6779444","6779749","47","3774507"
"KN295523v1","3007860","3008148","JH378215","2536202","2536495","41","471658"
"KN295523v1","3018872","3019172","JH378123","48357","48656","36","2970515"
"KN295523v1","3020501","3020674","JH378253","2490908","2491083","24","529593"
"KN295523v1","3031883","3032173","JH378105","33992488","33992780","35","30960605"
"KN295523v1","3036139","3036449","JH378203","2067118","2067424","41","969021"
"KN295523v1","3063265","3063573","JH378137","18261330","18261634","45","15198065"
"KN295523v1","3073797","3074096","JH378137","14049327","14049630","54","10975530"
"KN295523v1","3075533","3075752","JH378113","23138922","23139137","40","20063389"
"KN295523v1","3076101","3076384","JH378167","246762","247052","43","2829339"
"KN295523v1","3081153","3081449","JH378122","13169953","13170248","38","10088800"
"KN295523v1","3092079","3092374","JH378114","36976328","36976626","30","33884249"
"KN295523v1","3100859","3101163","JH378151","13417066","13417366","42","10316207"
"KN295523v1","3102990","3103296","JH378108","1386158","1386461","45","1716832"
"KN295523v1","3112736","3113021","JH378131","12751279","12751562","45","9638543"
"KN295523v1","3113959","3114249","JH378106","8294885","8295176","40","5180926"
"KN295523v1","3147036","3147196","AGCE01150129","315","471","23","3146721"
"KN295523v1","3150832","3151142","JH378197","7145768","7146073","39","3994936"
"KN295523v1","3161738","3162044","JH378139","19415987","19416286","54","16254249"
"KN295523v1","3191939","3192245","JH378106","70986080","70986388","28","67794141"
"KN295523v1","3223131","3223417","JH378142","1037845","1038132","32","2185286"
"KN295523v1","3231682","3231993","JH378119","11179406","11179710","41","7947724"
"KN295523v1","3310050","3310231","JH378115","21561316","21561498","27","18251266"
"KN295523v1","3338833","3339091","JH378109","14026176","14026435","35","10687343"
"KN295523v1","3354876","3355153","JH378134","16278207","16278478","41","12923331"
"KN295523v1","3520996","3521257","JH378193","6841057","6841319","39","3320061"
"KN295523v1","3712820","3713145","JH378203","7612970","7613287","48","3900150"
"KN295523v1","3714081","3714383","JH378133","6702898","6703202","40","2988817"
"KN295523v1","3738027","3738329","JH378228","5509057","5509356","33","1771030"
"KN295523v1","3739087","3739394","JH378131","770886","771191","36","2968201"
"KN295523v1","3817012","3817312","JH378111","19838700","19838997","42","16021688"
"KN295523v1","3821471","3821767","JH378136","7727266","7727563","34","3905795"
"KN295523v1","3857060","3857349","JH378178","6966092","6966381","35","3109032"
"KN295523v1","3862474","3862781","JH378126","21026752","21027059","27","17164278"
"KN295523v1","3893985","3894279","JH378112","31147597","31147889","42","27253612"
"KN295523v1","3900343","3900581","JH378125","5805856","5806089","34","1905513"
"KN295523v1","3921789","3922085","JH378255","902549","902847","32","3019240"
"KN295523v1","3949878","3950187","JH378199","1247602","1247911","46","2702276"
"KN295523v1","3952572","3952874","JH378176","10466778","10467084","40","6514206"
"KN295523v1","3976916","3977211","JH378228","5509057","5509356","37","1532141"
"KN295523v1","4005222","4005519","JH378163","13372336","13372629","35","9367114"
"KN295523v1","4067240","4067549","JH378115","34859185","34859494","30","30791945"
"KN295523v1","4067899","4068192","JH378111","42787057","42787349","33","38719158"
"KN295523v1","4069496","4069784","JH378197","1421270","1421558","32","2648226"
"KN295523v1","4091886","4092049","JH378146","200893","201055","20","3890993"
"KN295523v1","4095081","4095385","JH378152","15357394","15357702","35","11262313"
"KN295523v1","4116005","4116270","JH378129","11457553","11457829","44","7341548"
"KN295523v1","4117018","4117303","JH378234","3520702","3520993","39","596316"
"KN295523v1","4135293","4135590","JH378308","1420623","1420924","30","2714670"
"KN295523v1","4153895","4154192","JH378139","10082446","10082743","31","5928551"
"KN295523v1","4171194","4171281","JH378129","7055252","7055339","13","2884058"
"KN295523v1","4171375","4171672","JH378115","25041145","25041450","41","20869770"
"KN295525v1","232301","232511","JH378151","645312","645524","37","413011"
"KN295525v1","299274","299573","JH378158","2920818","2921103","61","2621544"
"KN295525v1","824963","825257","JH378113","4856992","4857283","44","4032029"
"KN295525v1","871706","871996","JH378159","5634604","5634895","40","4762898"
"KN295525v1","949652","949963","JH378129","11200860","11201166","39","10251208"
"KN295525v1","970588","970884","JH378257","445714","446011","34","524874"
"KN295525v1","1047643","1047936","JH378293","2045148","2045440","38","997505"
"KN295525v1","1101045","1101363","JH378135","1042676","1042987","52","58369"
"KN295525v1","1153187","1153466","JH378114","29675067","29675349","34","28521880"
"KN295525v1","1261361","1261660","JH378119","6124403","6124708","50","4863042"
"KN295526v1","31727","32007","JH378201","5342475","5342754","32","5310748"
"KN295526v1","114900","115199","JH378170","4783494","4783792","32","4668594"
"KN295526v1","133174","133466","JH378111","9089465","9089754","37","8956291"
"KN295526v1","143582","143879","JH378205","5080625","5080919","47","4937043"
"KN295526v1","147408","147696","JH378137","17271511","17271797","30","17124103"
"KN295526v1","160837","161137","JH378151","8381511","8381803","37","8220674"
"KN295526v1","184492","184792","JH378296","1500608","1500907","28","1316116"
"KN295526v1","186092","186385","JH378114","20414319","20414613","40","20228227"
"KN295526v1","198468","198772","JH378108","30731255","30731558","29","30532787"
"KN295526v1","199100","199316","JH378151","7489482","7489700","33","7290382"
"KN295526v1","206958","207270","JH378115","23201999","23202310","33","22995041"
"KN295526v1","207393","207715","JH378219","6829594","6829903","46","6622201"
"KN295526v1","225980","226174","JH378116","35563796","35563980","32","35337816"
"KN295526v1","234823","235115","JH378105","10050887","10051179","38","9816064"
"KN295526v1","244347","244643","JH378124","27520454","27520748","42","27276107"
"KN295526v1","247637","247804","JH378161","8616597","8616766","21","8368960"
"KN295526v1","247841","248135","JH378108","33734008","33734301","35","33486167"
"KN295526v1","253050","253360","JH378154","12169312","12169619","41","11916262"
"KN295526v1","254661","254902","JH378173","2911733","2911969","36","2657072"
"KN295526v1","255688","255972","JH378167","1859106","1859390","42","1603418"
"KN295526v1","259866","260169","JH378226","325449","325749","41","65583"
"KN295526v1","267994","268278","JH378153","7392982","7393269","42","7124988"
"KN295526v1","276537","276844","JH378247","1833849","1834155","42","1557312"
"KN295526v1","354804","355112","JH378119","6124403","6124708","36","5769599"
"KN295526v1","395441","395744","JH378325","712430","712730","41","316989"
"KN295526v1","401071","401375","JH378119","218814","219116","32","182257"
"KN295526v1","416624","416877","JH378223","4629372","4629613","40","4212748"
"KN295526v1","417885","418003","JH378135","14087919","14088025","37","13670034"
"KN295526v1","451149","451429","JH378118","28950833","28951112","40","28499684"
"KN295526v1","510235","510542","JH378159","5493568","5493869","43","4983333"
"KN295526v1","510546","510676","JH378110","13805172","13805303","15","13294626"
"KN295526v1","519183","519501","JH378107","26847524","26847838","41","26328341"
"KN295526v1","554917","555208","JH378216","7124506","7124797","32","6569589"
"KN295526v1","586030","586340","JH378197","7145768","7146073","37","6559738"
"KN295526v1","643297","643590","JH378138","5380451","5380753","33","4737154"
"KN295526v1","663922","664227","JH378116","20481791","20482095","36","19817869"
"KN295526v1","685618","685942","JH378269","1820649","1820970","44","1135031"
"KN295526v1","859924","860235","JH378197","7145768","7146073","36","6285844"
"KN295526v1","880240","880406","JH378164","6996757","6996923","22","6116517"
"KN295526v1","923850","924198","JH378157","7654974","7655313","85","6731124"
"KN295526v1","1006164","1006396","AGCE01150955","1","234","24","1006163"
"KN295526v1","1006477","1006662","JH378145","17643142","17643324","29","16636665"
"KN295526v1","1008368","1008679","JH378121","9173752","9174060","38","8165384"
"KN295526v1","1022640","1022944","JH378119","6124403","6124708","35","5101763"
"KN295526v1","1031848","1032125","JH378177","2595690","2595973","34","1563842"
"KN295526v1","1032232","1032501","JH378263","1129965","1130235","53","97733"
"KN295526v1","1050556","1050859","JH378151","8381511","8381803","31","7330955"
"KN295526v1","1055707","1056002","JH378139","18955642","18955939","31","17899935"
"KN295526v1","1062716","1062887","JH378135","381040","381211","21","681676"
"KN295526v1","1063200","1063213","JH378189","7208291","7208302","8","6145091"
"KN295526v1","1069548","1069780","JH378140","5012531","5012765","36","3942983"
"KN295526v1","1085011","1085246","JH378166","8561385","8561613","38","7476374"
"KN295526v1","1089493","1089789","JH378117","37215632","37215925","39","36126139"
"KN295526v1","1093382","1093692","JH378144","7235841","7236134","50","6142459"
"KN295528v1","7684","7862","JH378114","37038173","37038344","26","37030489"
"KN295529v1","8686","8983","JH378107","556207","556505","28","547521"
"KN295529v1","30244","30546","JH378144","958051","958349","42","927807"
"KN295529v1","34525","34831","JH378115","28712376","28712673","43","28677851"
"KN295531v1","27348","27641","JH378139","16259084","16259375","37","16231736"
"KN295531v1","31922","32209","JH378216","2407357","2407643","34","2375435"
"KN295531v1","32237","32256","JH378149","1403733","1403749","6","1371496"
"KN295531v1","39255","39549","JH378106","69239155","69239449","32","69199900"
"KN295531v1","60437","60747","JH378127","1436896","1437207","34","1376459"
"KN295531v1","64134","64363","JH378105","3898854","3899083","42","3834720"
"KN295531v1","80094","80390","JH378113","24117278","24117572","38","24037184"
"KN295531v1","102706","103049","JH378121","15430527","15430855","53","15327821"
"KN295531v1","124508","124805","JH378137","12432448","12432746","38","12307940"
"KN295531v1","192340","192615","JH378240","990715","990992","36","798375"
"KN295533v1","1441579","1441875","JH378204","2362413","2362712","33","920834"
"KN295533v1","5436","5731","JH378110","12146106","12146409","39","12140670"
"KN295533v1","348048","348351","JH378170","4783494","4783792","33","4435446"
"KN295533v1","414697","414959","JH378109","49814010","49814267","44","49399313"
"KN295533v1","415477","415766","JH378109","52148","52435","48","363329"
"KN295533v1","447071","447348","JH378117","28719904","28720167","54","28272833"
"KN295533v1","493441","493723","JH378113","28252367","28252645","37","27758926"
"KN295533v1","551310","551593","JH378105","2418683","2418975","39","1867373"
"KN295533v1","639649","639956","JH378137","4012884","4013190","37","3373235"
"KN295533v1","690768","691090","JH378281","1741473","1741774","57","1050705"
"KN295533v1","758366","758657","JH378121","29566176","29566469","37","28807810"
"KN295533v1","821581","821843","JH378105","55539885","55540142","40","54718304"
"KN295533v1","907204","907492","JH378145","12879121","12879408","34","11971917"
"KN295533v1","1000858","1000995","JH378105","69552885","69553025","20","68552027"
"KN295533v1","1006080","1006361","JH378177","6664715","6664994","34","5658635"
"KN295533v1","1045514","1045813","JH378276","2359861","2360149","34","1314347"
"KN295533v1","1189672","1189987","JH378110","5209841","5210152","42","4020169"
"KN295533v1","1239519","1239801","JH378204","7563149","7563428","30","6323630"
"KN295533v1","1260784","1260886","JH378225","250034","250127","22","1010750"
"KN295533v1","1260902","1260974","JH378107","57794973","57795046","13","56534071"
"KN295533v1","1301320","1301619","AGCE01150449","839","1138","32","1300481"
"KN295533v1","1314840","1315139","JH378288","1088673","1088973","32","226167"
"KN295533v1","1336462","1336772","JH378106","60843849","60844159","36","59507387"
"KN295533v1","1338965","1339269","JH378126","21026752","21027059","39","19687787"
"KN295533v1","1361425","1361748","JH378137","277865","278184","53","1083560"
"KN295533v1","1396787","1397079","JH378165","1973123","1973413","40","576336"
"KN295533v1","1403456","1403568","JH378269","2322277","2322382","19","918821"
"KN295533v1","1434220","1434509","JH378110","39266186","39266472","33","37831966"
"KN295533v1","1479271","1479567","JH378221","3485246","3485540","36","2005975"
"KN295533v1","1508086","1508388","JH378127","13007847","13008144","32","11499761"
"KN295533v1","1551303","1551592","JH378151","8652626","8652916","27","7101323"
"KN295533v1","1556482","1556769","JH378167","8547558","8547847","33","6991076"
"KN295533v1","1569403","1569702","JH378245","749087","749382","37","820316"
"KN295533v1","1579996","1580299","JH378109","16112078","16112381","47","14532082"
"KN295533v1","1585594","1585861","JH378120","3390040","3390306","37","1804446"
"KN295533v1","1613448","1613529","JH378105","51377805","51377886","11","49764357"
"KN295533v1","1614015","1614035","JH378146","3369675","3369695","8","1755660"
"KN295533v1","1614341","1614507","JH378116","28561864","28562022","30","26947523"
"KN295533v1","1660055","1660238","JH378138","4248216","4248400","26","2588161"
"KN295533v1","1690831","1690932","JH378149","15334902","15335007","19","13644071"
"KN295533v1","1737399","1737504","JH378111","10983600","10983699","15","9246201"
"KN295533v1","1742765","1743067","JH378112","32328727","32329028","31","30585962"
"KN295533v1","1746831","1747154","JH378176","8157064","8157374","49","6410233"
"KN295533v1","1747715","1748013","JH378139","18955642","18955939","30","17207927"
"KN295533v1","1748847","1749074","JH378129","21712182","21712418","32","19963335"
"KN295533v1","1769945","1770228","JH378182","9240926","9241205","30","7470981"
"KN295533v1","1788436","1788510","JH378110","32692543","32692616","12","30904107"
"KN295533v1","1823490","1823789","JH378205","5080625","5080919","45","3257135"
"KN295533v1","1824808","1825111","JH378148","3164823","3165131","32","1340015"
"KN295533v1","1855166","1855475","JH378126","21026752","21027059","35","19171586"
"KN295533v1","1866910","1866986","JH378105","16608525","16608607","17","14741615"
"KN295533v1","1889446","1889749","JH378334","216671","216977","36","1672775"
"KN295533v1","1900865","1901071","JH378173","3979162","3979377","32","2078297"
"KN295533v1","1921574","1921868","JH378106","63160793","63161088","43","61239219"
"KN295533v1","1931790","1932087","JH378236","2372296","2372589","34","440506"
"KN295533v1","1948040","1948339","JH378115","4057493","4057799","40","2109453"
"KN295533v1","1964440","1964742","JH378179","1841978","1842282","28","122462"
"KN295533v1","1970889","1971182","JH378157","9676550","9676840","36","7705661"
"KN295533v1","1995323","1995614","JH378173","3726868","3727155","34","1731545"
"KN295533v1","2099269","2099501","JH378155","8467563","8467793","46","6368294"
"KN295533v1","2205204","2205513","JH378197","7145768","7146073","32","4940564"
"KN295533v1","2313332","2313626","JH378127","18566293","18566586","26","16252961"
"KN295533v1","2345963","2346268","JH378116","11181268","11181574","35","8835305"
"KN295533v1","2367163","2367450","JH378216","2540983","2541264","35","173820"
"KN295533v1","2489802","2490101","JH378191","6177328","6177618","40","3687526"
"KN295533v1","2517119","2517412","JH378111","42787057","42787349","37","40269938"
"KN295533v1","2529461","2529771","JH378132","1661116","1661427","33","868345"
"KN295533v1","2531214","2531525","JH378135","17519530","17519834","41","14988316"
"KN295533v1","2536998","2537106","JH378114","19520672","19520784","19","16983674"
"KN295533v1","2538040","2538324","JH378177","6664715","6664994","35","4126675"
"KN295533v1","2647383","2647671","JH378105","70683132","70683421","41","68035749"
"KN295533v1","2649393","2649693","JH378124","15582898","15583197","33","12933505"
"KN295533v1","2672252","2672562","JH378137","5317345","5317650","38","2645093"
"KN295533v1","2674070","2674377","JH378109","45482719","45483025","35","42808649"
"KN295533v1","2710657","2710944","JH378236","2678658","2678937","36","31999"
"KN295533v1","2802506","2802796","JH378107","57325483","57325775","36","54522977"
"KN295533v1","2930564","2930875","JH378137","14049327","14049630","41","11118763"
"KN295533v1","2958716","2959021","JH378197","7145768","7146073","36","4187052"
"KN295533v1","2997768","2998106","JH378199","4312434","4312762","57","1314666"
"KN295533v1","3010365","3010645","JH378305","1335286","1335564","32","1675079"
"KN295533v1","3015934","3016262","JH378110","32975507","32975812","56","29959573"
"KN295533v1","3018731","3018991","JH378136","14387289","14387552","31","11368558"
"KN295533v1","3148914","3149199","JH378107","30010443","30010733","35","26861529"
"KN295533v1","3161869","3162175","JH378173","10046061","10046365","34","6884192"
"KN295533v1","3167915","3168215","JH378117","24869583","24869886","40","21701668"
"KN295533v1","3175167","3175468","JH378114","20788537","20788834","39","17613370"
"KN295533v1","3381710","3381825","JH378239","3905005","3905122","15","523295"
"KN295533v1","3381839","3382190","JH378132","7767211","7767581","86","4385372"
"KN295533v1","3382229","3382256","JH378222","6581835","6581856","10","3199606"
"KN295533v1","3413596","3413900","JH378148","15796597","15796901","32","12383001"
"KN295533v1","3564362","3564669","JH378106","10129130","10129437","45","6564768"
"KN295534v1","42832","43137","JH378137","8760695","8760994","55","8717863"
"KN295534v1","68853","69136","JH378122","10829384","10829667","33","10760531"
"KN295534v1","192061","192357","JH378212","6224562","6224854","37","6032501"
"KN295534v1","264185","264452","JH378105","36618017","36618297","46","36353832"
"KN295534v1","331702","331987","JH378109","52148","52435","35","279554"
"KN295534v1","490413","490708","JH378116","18801440","18801735","43","18311027"
"KN295535v1","1","90","JH378137","6792288","6792377","16","6792287"
"KN295538v1","5426","5705","JH378189","340072","340356","34","334646"
"KN295538v1","37943","38246","JH378228","5527421","5527723","41","5489478"
"KN295538v1","164522","164832","JH378114","23416526","23416834","40","23252004"
"KN295538v1","195535","195850","JH378119","13124882","13125196","39","12929347"
"KN295543v1","138612","138903","JH378143","3682835","3683127","31","3544223"
"KN295544v1","4502","4808","JH378193","9064556","9064861","35","9060054"
"KN295544v1","8791","9089","JH378106","19807491","19807787","33","19798700"
"KN295544v1","27400","27672","JH378160","13598594","13598854","48","13571194"
"KN295544v1","65470","65752","JH378151","8652626","8652916","38","8587156"
"KN295544v1","80721","81027","JH378115","34191021","34191327","38","34110300"
"KN295544v1","96467","96559","JH378105","50250781","50250872","13","50154314"
"KN295544v1","99091","99382","JH378225","3009159","3009448","31","2910068"
"KN295545v1","67684","67975","JH378139","1980713","1981003","37","1913029"
"KN295546v1","6820","7109","JH378105","46095080","46095368","32","46088260"
"KN295548v1","1532","1820","JH378153","7392982","7393269","41","7391450"
"KN295548v1","284116","284299","JH378184","8994577","8994758","37","8710461"
"KN295548v1","314114","314298","JH378130","2230919","2231098","40","1916805"
"KN295548v1","314331","314450","JH378127","2059413","2059530","15","1745082"
"KN295548v1","434101","434415","JH378115","16925265","16925575","48","16491164"
"KN295548v1","471225","471526","JH378190","3577662","3577961","43","3106437"
"KN295548v1","484498","484795","JH378124","15582898","15583197","40","15098400"
"KN295548v1","801910","802209","JH378144","9593157","9593456","30","8791247"
"KN295548v1","875147","875455","JH378114","31670723","31671027","44","30795576"
"KN295548v1","1004198","1004498","JH378112","21015725","21016036","38","20011527"
"KN295548v1","1028111","1028159","JH378107","49865593","49865646","16","48837482"
"KN295548v1","1056464","1056774","JH378197","7145768","7146073","40","6089304"
"KN295548v1","1293649","1293953","JH378255","1560098","1560402","42","266449"
"KN295548v1","1349536","1349830","JH378191","6177328","6177618","40","4827792"
"KN295548v1","1395433","1395737","JH378119","1405867","1406173","43","10434"
"KN295548v1","1420749","1421077","JH378144","13369377","13369692","56","11948628"
"KN295548v1","1428690","1428998","JH378213","47095","47402","39","1381595"
"KN295548v1","1462110","1462386","JH378105","36059082","36059351","45","34596972"
"KN295550v1","91325","91630","JH378119","6124403","6124708","32","6033078"
"KN295550v1","95137","95436","JH378313","729898","730198","30","634761"
"KN295550v1","107039","107355","JH378223","4988413","4988723","45","4881374"
"KN295550v1","186399","186667","JH378109","8763411","8763680","32","8577012"
"KN295550v1","212538","212734","JH378115","7475534","7475734","28","7262996"
"KN295550v1","335837","336137","JH378169","11781847","11782147","42","11446010"
"KN295550v1","353650","353945","JH378115","33135454","33135750","32","32781804"
"KN295550v1","510149","510460","JH378167","5351158","5351469","35","4841009"
"KN295550v1","728474","728755","JH378115","32019990","32020269","33","31291516"
"KN295550v1","749474","749761","JH378155","10063744","10064026","47","9314270"
"KN295550v1","890276","890587","JH378126","21026752","21027059","37","20136476"
"KN295550v1","897043","897350","JH378140","6883086","6883394","35","5986043"
"KN295550v1","918699","919009","JH378127","13030965","13031271","40","12112266"
"KN295550v1","921309","921560","JH378212","595089","595334","39","326220"
"KN295550v1","931449","931697","JH378105","38320374","38320633","39","37388925"
"KN295550v1","970984","971249","JH378197","148892","149160","38","822092"
"KN295550v1","990180","990455","JH378114","20276504","20276786","40","19286324"
"KN295550v1","998040","998332","JH378118","10696740","10697034","51","9698700"
"KN295550v1","1006827","1007139","JH378184","95889","96196","41","910938"
"KN295550v1","1035972","1036247","JH378205","2903056","2903344","46","1867084"
"KN295550v1","1097964","1098281","JH378276","323603","323913","53","774361"
"KN295552v1","93498","93796","JH378133","22138850","22139145","33","22045352"
"KN295552v1","99141","99450","JH378122","29489041","29489348","42","29389900"
"KN295552v1","120999","121314","JH378110","19934311","19934616","48","19813312"
"KN295552v1","183090","183392","JH378125","15893280","15893581","33","15710190"
"KN295552v1","339607","339886","JH378220","4932527","4932803","35","4592920"
"KN295552v1","345215","345523","JH378126","21026752","21027059","47","20681537"
"KN295552v1","377131","377266","JH378125","5876028","5876160","20","5498897"
"KN295552v1","386655","386960","JH378264","2773729","2774039","41","2387074"
"KN295552v1","417845","418149","JH378149","4766604","4766904","34","4348759"
"KN295553v1","262901","263201","JH378138","5380451","5380753","28","5117550"
"KN295553v1","298372","298667","JH378115","28712376","28712673","33","28414004"
"KN295553v1","389079","389389","JH378110","12146106","12146409","42","11757027"
"KN295554v1","29053","29313","JH378299","754859","755115","40","725806"
"KN295554v1","103659","103868","JH378229","2047169","2047376","35","1943510"
"KN295561v1","122822","123131","JH378213","5393305","5393609","37","5270483"
"KN295561v1","308517","308712","JH378232","420548","420740","25","112031"
"KN295564v1","9585","9872","JH378106","3052818","3053105","34","3043233"
"KN295564v1","27685","27969","JH378232","1444243","1444520","35","1416558"
"KN295564v1","90904","91217","JH378236","1785225","1785535","35","1694321"
"KN295564v1","157124","157426","JH378115","28712376","28712673","44","28555252"
"KN295564v1","159832","159941","JH378225","890042","890151","13","730210"
"KN295564v1","174745","175041","JH378115","25570507","25570808","32","25395762"
"KN295564v1","186747","187047","JH378288","1088673","1088973","34","901926"
"KN295564v1","210188","210496","JH378126","21026752","21027059","34","20816564"
"KN295564v1","212282","212573","JH378129","11605417","11605706","38","11393135"
"KN295564v1","263215","263529","JH378167","5351158","5351469","38","5087943"
"KN295564v1","303146","303439","JH378151","8381511","8381803","42","8078365"
"KN295564v1","394824","395133","JH378126","21026752","21027059","28","20631928"
"KN295564v1","469345","469622","JH378131","18509396","18509675","46","18040051"
"KN295564v1","537433","537726","JH378135","6856506","6856797","35","6319073"
"KN295564v1","613295","613605","JH378109","33058876","33059185","44","32445581"
"KN295564v1","619936","620238","JH378108","30731255","30731558","37","30111319"
"KN295564v1","635562","635866","JH378212","4230407","4230702","44","3594845"
"KN295564v1","757003","757231","JH378173","493992","494220","27","263011"
"KN295564v1","851728","852027","JH378193","8050857","8051160","29","7199129"
"KN295564v1","893526","893825","JH378111","8162796","8163099","47","7269270"
"KN295564v1","933058","933395","JH378239","3940828","3941139","61","3007770"
"KN295564v1","1035018","1035313","JH378139","15425092","15425386","45","14390074"
"KN295566v1","61179","61480","JH378228","5509057","5509356","38","5447878"
"KN295566v1","112555","112822","JH378110","17469057","17469320","40","17356502"
"KN295566v1","131510","131814","JH378257","87786","88089","34","43724"
"KN295566v1","203363","203675","JH378167","5351158","5351469","35","5147795"
"KN295566v1","272061","272222","JH378112","12934775","12934933","16","12662714"
"KN295566v1","278985","279296","JH378193","9064556","9064861","37","8785571"
"KN295566v1","288580","288845","JH378281","2199166","2199425","39","1910586"
"KN295566v1","295321","295607","JH378144","18239514","18239805","38","17944193"
"KN295567v1","180633","180929","JH378122","15998068","15998366","35","15817435"
"KN295567v1","324105","324415","JH378186","960177","960484","44","636072"
"KN295567v1","352425","352703","JH378288","933022","933305","34","580597"
"KN295568v1","6066","6368","JH378139","15235758","15236059","35","15229692"
"KN295570v1","88378","88551","JH378253","2490908","2491083","23","2402530"
"KN295570v1","297844","298185","JH378206","6280299","6280627","55","5982455"
"KN295570v1","733049","733125","JH378117","15758782","15758856","9","15025733"
"KN295570v1","855703","855985","JH378144","7596090","7596371","31","6740387"
"KN295570v1","900791","901028","JH378237","4156470","4156713","42","3255679"
"KN295571v1","40254","40564","JH378115","25041145","25041450","36","25000891"
"KN295571v1","70298","70586","JH378110","17880643","17880926","30","17810345"
"KN295571v1","72032","72290","JH378165","920270","920533","41","848238"
"KN295571v1","110192","110439","JH378144","5009240","5009490","37","4899048"
"KN295571v1","209231","209517","JH378106","1255495","1255784","36","1046264"
"KN295571v1","219350","219663","JH378113","6613006","6613316","33","6393656"
"KN295571v1","334512","334782","JH378115","14283522","14283794","40","13949010"
"KN295571v1","340103","340413","JH378293","327440","327746","31","12663"
"KN295571v1","432099","432408","JH378152","15994237","15994545","39","15562138"
"KN295571v1","436315","436627","JH378163","8378732","8379034","40","7942417"
"KN295571v1","445676","445968","JH378142","12979191","12979481","38","12533515"
"KN295571v1","448812","449100","JH378105","50002605","50002894","33","49553793"
"KN295571v1","450685","450979","JH378184","217403","217697","41","233282"
"KN295571v1","457103","457413","JH378269","3139226","3139540","43","2682123"
"KN295571v1","470606","470786","JH378117","36993356","36993535","24","36522750"
"KN295571v1","470814","470936","JH378294","1960151","1960275","14","1489337"
"KN295571v1","479201","479371","JH378139","13802371","13802538","22","13323170"
"KN295571v1","479677","479776","JH378139","8880468","8880566","15","8400791"
"KN295571v1","479809","480076","JH378110","34075308","34075574","40","33595499"
"KN295571v1","480812","481086","JH378279","102782","103056","41","378030"
"KN295571v1","493979","494104","JH378145","11718946","11719070","16","11224967"
"KN295571v1","494531","494829","JH378128","23844984","23845281","40","23350453"
"KN295571v1","503710","504006","JH378122","29867810","29868101","33","29364100"
"KN295571v1","509995","510286","JH378227","2882425","2882717","36","2372430"
"KN295571v1","518264","518427","JH378106","56806932","56807095","25","56288668"
"KN295571v1","521910","522218","JH378157","16056355","16056666","42","15534445"
"KN295571v1","544656","544948","JH378114","35804125","35804422","31","35259469"
"KN295571v1","547202","547481","JH378111","44638749","44639025","43","44091547"
"KN295571v1","559133","559420","JH378118","28371792","28372088","40","27812659"
"KN295571v1","559630","559917","JH378148","1943282","1943568","31","1383652"
"KN295571v1","578872","579169","JH378125","16001713","16002013","30","15422841"
"KN295571v1","582503","582736","JH378227","2831973","2832205","36","2249470"
"KN295571v1","583160","583488","JH378260","2282137","2282463","48","1698977"
"KN295571v1","589355","589656","JH378126","21026752","21027059","34","20437397"
"KN295571v1","590687","590985","JH378236","733320","733615","29","142633"
"KN295571v1","591381","591662","JH378124","21386773","21387061","41","20795392"
"KN295571v1","606152","606469","JH378234","4844507","4844813","43","4238355"
"KN295571v1","610808","611111","JH378197","7145768","7146073","40","6534960"
"KN295571v1","616898","617173","JH378127","10291336","10291619","38","9674438"
"KN295571v1","656973","657261","JH378106","6881485","6881774","43","6224512"
"KN295571v1","760535","760883","JH378113","21245733","21246067","73","20485198"
"KN295571v1","794755","795065","JH378187","2906095","2906405","31","2111340"
"KN295571v1","815468","815753","JH378182","9360980","9361267","34","8545512"
"KN295571v1","847492","847815","JH378264","2773729","2774039","45","1926237"
"KN295571v1","877032","877344","JH378248","2295457","2295768","37","1418425"
"KN295571v1","889412","889710","JH378163","11642312","11642607","30","10752900"
"KN295571v1","926351","926657","JH378131","770886","771191","39","155465"
"KN295571v1","1097158","1097464","JH378145","12656829","12657134","46","11559671"
"KN295571v1","1162184","1162488","JH378117","24869583","24869886","42","23707399"
"KN295571v1","1201825","1202072","JH378156","13139884","13140118","53","11938059"
"KN295571v1","1208706","1209013","JH378156","9166475","9166782","37","7957769"
"KN295571v1","1218576","1218887","JH378111","42466412","42466713","41","41247836"
"KN295572v1","22266","22580","JH378144","4944998","4945309","44","4922732"
"KN295572v1","382805","383109","JH378149","4766604","4766904","39","4383799"
"KN295572v1","402815","403121","JH378178","1717736","1718040","32","1314921"
"KN295572v1","444308","444603","JH378151","8381511","8381803","31","7937203"
"KN295572v1","445712","446006","JH378211","2223546","2223840","35","1777834"
"KN295572v1","462176","462482","JH378187","3516883","3517198","42","3054707"
"KN295572v1","468323","468617","JH378107","49473760","49474052","32","49005437"
"KN295572v1","471437","471734","JH378228","5509057","5509356","29","5037620"
"KN295573v1","11943","12272","JH378246","4457511","4457836","41","4445568"
"KN295573v1","13190","13485","JH378149","14503575","14503877","36","14490385"
"KN295573v1","75274","75578","JH378197","1499696","1500000","33","1424422"
"KN295573v1","109952","110259","JH378106","6434398","6434702","38","6324446"
"KN295573v1","155453","155623","JH378105","22312571","22312734","32","22157118"
"KN295573v1","176155","176459","JH378146","15827373","15827672","45","15651218"
"KN295573v1","190667","190959","JH378148","2060011","2060303","36","1869344"
"KN295573v1","191423","191732","JH378133","12195635","12195937","43","12004212"
"KN295573v1","196139","196426","JH378137","7745755","7746044","36","7549616"
"KN295573v1","207825","208124","JH378115","28712376","28712673","35","28504551"
"KN295573v1","213947","214230","JH378144","7596090","7596371","34","7382143"
"KN295573v1","231939","232233","JH378127","18566293","18566586","32","18334354"
"KN295573v1","232307","232613","JH378115","34859185","34859494","31","34626878"
"KN295573v1","253871","254176","JH378236","733320","733615","45","479449"
"KN295573v1","261107","261435","JH378177","2845413","2845733","59","2584306"
"KN295573v1","266955","267249","JH378108","51617925","51618216","46","51350970"
"KN295573v1","268742","269040","JH378159","15717599","15717893","33","15448857"
"KN295573v1","295030","295327","JH378108","10386223","10386517","27","10091193"
"KN295573v1","306317","306606","JH378119","153019","153309","31","153298"
"KN295573v1","313763","313893","JH378135","18762263","18762390","14","18448500"
"KN295573v1","314121","314430","JH378197","7145768","7146073","33","6831647"
"KN295573v1","337169","337479","JH378171","6181069","6181379","37","5843900"
"KN295573v1","337739","338036","JH378125","17186392","17186688","41","16848653"
"KN295573v1","338775","339073","JH378114","37036188","37036491","35","36697413"
"KN295573v1","343562","343874","JH378229","5039327","5039634","35","4695765"
"KN295573v1","346563","346874","JH378112","33214699","33215012","29","32868136"
"KN295573v1","454031","454374","JH378149","12411491","12411830","48","11957460"
"KN295573v1","468221","468541","JH378118","17703617","17703951","52","17235396"
"KN295573v1","496066","496358","JH378137","11398263","11398561","48","10902197"
"KN295573v1","503540","503846","JH378153","12999289","12999592","38","12495749"
"KN295573v1","515585","515893","JH378157","9676550","9676840","47","9160965"
"KN295573v1","518764","519073","JH378139","18632207","18632516","35","18113443"
"KN295573v1","522220","522529","JH378126","21026752","21027059","44","20504532"
"KN295573v1","532443","532740","JH378125","15893280","15893581","28","15360837"
"KN295573v1","533804","534106","JH378115","42390859","42391161","36","41857055"
"KN295573v1","542247","542538","JH378115","34630697","34630989","53","34088450"
"KN295573v1","543874","543998","JH378108","36315191","36315315","13","35771317"
"KN295573v1","574678","574767","JH378110","20272658","20272750","13","19697980"
"KN295573v1","580132","580426","JH378157","2098752","2099044","36","1518620"
"KN295573v1","592358","592650","JH378151","8652626","8652916","33","8060268"
"KN295573v1","594335","594638","JH378228","5509057","5509356","35","4914722"
"KN295573v1","632921","633212","JH378153","5391352","5391639","41","4758431"
"KN295573v1","649902","650202","JH378113","31905508","31905809","35","31255606"
"KN295573v1","676783","677063","JH378113","5430335","5430626","50","4753552"
"KN295573v1","709357","709654","JH378159","15717599","15717893","34","15008242"
"KN295573v1","723449","723745","JH378235","78251","78548","37","645198"
"KN295573v1","748420","748726","JH378115","4382023","4382316","37","3633603"
"KN295573v1","771173","771464","JH378162","7432842","7433130","37","6661669"
"KN295573v1","799093","799385","JH378106","6929866","6930160","39","6130773"
"KN295573v1","844247","844553","JH378144","15697771","15698071","39","14853524"
"KN295573v1","850369","850670","JH378296","1500608","1500907","31","650239"
"KN295573v1","900330","900460","JH378106","48829948","48830078","17","47929618"
"KN295573v1","907881","908175","JH378206","1272655","1272943","34","364774"
"KN295573v1","915975","916272","JH378125","15993747","15994042","31","15077772"
"KN295573v1","935275","935579","JH378173","4155896","4156193","38","3220621"
"KN295573v1","1085796","1086061","JH378106","70308292","70308551","36","69222496"
"KN295573v1","1144284","1144591","JH378119","6124403","6124708","33","4980119"
"KN295573v1","1144861","1145013","JH378152","12939877","12940030","20","11795016"
"KN295573v1","1147001","1147312","JH378110","19934311","19934616","43","18787310"
"KN295573v1","1158755","1159059","JH378255","1560098","1560402","33","401343"
"KN295573v1","1164473","1164773","JH378107","7568037","7568336","40","6403564"
"KN295573v1","1207753","1208060","JH378110","1430769","1431073","35","223016"
"KN295573v1","1211215","1211506","JH378139","2495802","2496093","36","1284587"
"KN295573v1","1225077","1225372","JH378122","10686670","10686967","42","9461593"
"KN295573v1","1237154","1237470","JH378267","1379506","1379828","46","142352"
"KN295573v1","1268792","1269025","JH378145","2527450","2527683","33","1258658"
"KN295573v1","1309877","1310181","JH378139","15235758","15236059","35","13925881"
"KN295573v1","1312919","1313235","JH378167","5351158","5351469","34","4038239"
"KN295573v1","1364378","1364671","JH378205","5080625","5080919","35","3716247"
"KN295573v1","1417415","1417717","JH378107","6820470","6820772","40","5403055"
"KN295573v1","1807215","1807445","JH378326","457296","457529","27","1349919"
"KN295573v1","2125372","2125674","JH378156","4637568","4637871","40","2512196"
"KN295576v1","64358","64551","JH378145","229058","229251","22","164700"
"KN295576v1","82697","82960","JH378139","10412496","10412760","30","10329799"
"KN295576v1","100191","100497","JH378115","25158054","25158360","35","25057863"
"KN295576v1","159539","159848","JH378225","6457829","6458137","38","6298290"
"KN295576v1","186589","186892","JH378126","21026752","21027059","34","20840163"
"KN295576v1","204016","204327","JH378194","8800813","8801127","35","8596797"
"KN295576v1","240786","240836","JH378129","12480199","12480249","12","12239413"
"KN295576v1","284122","284405","JH378207","7640792","7641076","39","7356670"
"KN295576v1","350089","350384","JH378115","33135454","33135750","37","32785365"
"KN295576v1","362339","362633","JH378159","2054904","2055199","31","1692565"
"KN295576v1","520447","520700","JH378239","3973899","3974162","43","3453452"
"KN295576v1","708878","709187","JH378199","2735832","2736142","35","2026954"
"KN295576v1","872526","872828","JH378124","15582898","15583197","33","14710372"
"KN295576v1","911121","911434","JH378313","879367","879673","43","31754"
"KN295577v1","41528","41833","JH378115","25570507","25570808","31","25528979"
"KN295577v1","91791","92095","JH378114","42324115","42324412","40","42232324"
"KN295577v1","104142","104320","JH378176","227814","227980","26","123672"
"KN295577v1","144789","145086","JH378179","6625763","6626059","36","6480974"
"KN295577v1","146804","147102","JH378288","1088673","1088973","36","941869"
"KN295577v1","172126","172199","JH378226","5406686","5406759","13","5234560"
"KN295577v1","241661","241941","JH378158","11945046","11945327","39","11703385"
"KN295577v1","260701","261011","JH378126","21026752","21027059","37","20766051"
"KN295580v1","24140","24449","JH378163","13372336","13372629","47","13348196"
"KN295580v1","25562","25873","JH378139","17878350","17878657","39","17852788"
"KN295580v1","30322","30633","JH378320","58622","58932","38","28300"
"KN295580v1","32903","33066","JH378125","5137077","5137242","28","5104174"
"KN295580v1","35278","35596","JH378167","5351158","5351469","38","5315880"
"KN295580v1","37041","37336","JH378137","17138846","17139141","34","17101805"
"KN295580v1","38157","38460","JH378191","8010021","8010317","48","7971864"
"KN295580v1","49599","49891","JH378122","29867810","29868101","40","29818211"
"KN295580v1","57138","57433","JH378151","8381511","8381803","33","8324373"
"KN295582v1","23257","23547","JH378157","9676550","9676840","32","9653293"
"KN295582v1","32830","33136","JH378119","21331823","21332127","36","21298993"
"KN295582v1","120288","120579","JH378224","5664910","5665211","41","5544622"
"KN295582v1","152182","152497","JH378120","16327645","16327955","41","16175463"
"KN295582v1","279631","279914","JH378114","20276504","20276786","39","19996873"
"KN295582v1","301253","301561","JH378156","2578741","2579050","33","2277488"
"KN295582v1","348205","348524","JH378140","7338564","7338875","42","6990359"
"KN295582v1","414192","414492","JH378239","1428043","1428345","40","1013851"
"KN295582v1","438986","439283","JH378105","6199598","6199901","37","5760612"
"KN295582v1","488115","488395","JH378137","4055872","4056152","43","3567757"
"KN295582v1","589479","589776","JH378110","23135285","23135585","38","22545806"
"KN295582v1","659438","659740","JH378181","4962993","4963298","40","4303555"
"KN295582v1","742440","742723","JH378112","35063777","35064058","45","34321337"
"KN295582v1","946801","947104","JH378206","4086994","4087300","38","3140193"
"KN295582v1","1027709","1027972","JH378137","3006652","3006925","49","1978943"
"KN295582v1","1145488","1145787","JH378138","5380451","5380753","37","4234963"
"KN295585v1","135732","135926","JH378269","1007947","1008148","33","872215"
"KN295585v1","233786","234089","JH378288","1088673","1088973","49","854887"
"KN295586v1","23550","23863","JH378193","9256338","9256648","46","9232788"
"KN295586v1","49177","49464","JH378139","18557202","18557489","36","18508025"
"KN295586v1","50699","51003","JH378105","4190308","4190610","38","4139609"
"KN295586v1","51777","52083","JH378126","21026752","21027059","32","20974975"
"KN295586v1","72642","72943","JH378119","6124403","6124708","34","6051761"
"KN295586v1","79279","79581","JH378159","5493568","5493869","31","5414289"
"KN295586v1","81362","81625","JH378119","8135412","8135671","36","8054050"
"KN295586v1","84453","84753","JH378115","28712376","28712673","32","28627923"
"KN295586v1","89037","89338","JH378108","54706929","54707230","37","54617892"
"KN295586v1","90458","90762","JH378170","7770931","7771241","36","7680473"
"KN295586v1","106017","106311","JH378113","11112696","11112991","35","11006679"
"KN295586v1","107825","108119","JH378163","13372336","13372629","28","13264511"
"KN295586v1","167851","168146","JH378160","13819796","13820092","35","13651945"
"KN295586v1","207624","207921","JH378113","21631619","21631913","44","21423995"
"KN295586v1","298141","298399","JH378228","5372364","5372618","38","5074223"
"KN295586v1","502460","502648","JH378195","7570485","7570676","21","7068025"
"KN295586v1","514201","514498","JH378159","5493568","5493869","37","4979367"
"KN295586v1","544778","545080","JH378126","21026752","21027059","39","20481974"
"KN295586v1","601198","601491","JH378151","8381511","8381803","23","7780313"
"KN295586v1","612141","612438","JH378126","21026752","21027059","36","20414611"
"KN295586v1","620587","620887","JH378138","5380451","5380753","35","4759864"
"KN295586v1","644952","645237","JH378125","5977039","5977325","51","5332087"
"KN295586v1","648231","648429","JH378106","66177411","66177610","26","65529180"
"KN295586v1","663202","663466","JH378110","17469057","17469320","41","16805855"
"KN295586v1","678342","678525","JH378168","7992559","7992740","28","7314217"
"KN295586v1","684842","685138","JH378139","18955642","18955939","37","18270800"
"KN295586v1","695341","695610","JH378131","20040804","20041076","33","19345463"
"KN295586v1","700086","700394","JH378108","30731255","30731558","38","30031169"
"KN295586v1","706115","706414","JH378106","44399035","44399331","32","43692920"
"KN295586v1","710366","710665","JH378113","17279344","17279644","37","16568978"
"KN295586v1","728771","729078","JH378339","113275","113574","36","615496"
"KN295586v1","754693","755003","JH378154","14645442","14645751","41","13890749"
"KN295586v1","762607","762896","JH378172","3560988","3561286","39","2798381"
"KN295586v1","842419","842706","JH378118","27240197","27240484","31","26397778"
"KN295586v1","859653","859958","JH378225","6457829","6458137","32","5598176"
"KN295586v1","863875","864181","JH378117","22542408","22542714","38","21678533"
"KN295586v1","871277","871588","JH378316","245997","246306","41","625280"
"KN295586v1","899384","899695","JH378171","6181069","6181379","39","5281685"
"KN295586v1","902042","902119","JH378117","35371207","35371281","12","34469165"
"KN295586v1","902406","902562","JH378164","9341233","9341390","23","8438827"
"KN295586v1","947340","947651","JH378145","10990382","10990688","40","10043042"
"KN295586v1","989609","989901","JH378121","29566176","29566469","27","28576567"
"KN295586v1","1009277","1009573","JH378112","32204236","32204530","35","31194959"
"KN295586v1","1070295","1070598","JH378105","66177881","66178181","35","65107586"
"KN295586v1","1090178","1090355","JH378109","49114651","49114827","24","48024473"
"KN295586v1","1110255","1110550","JH378172","10004830","10005125","35","8894575"
"KN295586v1","1133159","1133467","JH378293","1524576","1524874","42","391417"
"KN295586v1","1133773","1134070","JH378151","7107009","7107306","34","5973236"
"KN295586v1","1145420","1145677","JH378127","24612564","24612827","36","23467144"
"KN295586v1","1147323","1147613","JH378142","1037845","1038132","41","109478"
"KN295586v1","1189212","1189507","JH378117","16012668","16012962","36","14823456"
"KN295586v1","1306484","1306784","JH378123","491683","491985","29","814801"
"KN295586v1","1310888","1311192","JH378115","26640201","26640508","38","25329313"
"KN295586v1","1311905","1312192","JH378151","15551938","15552226","38","14240033"
"KN295586v1","1318834","1319136","JH378205","4497688","4497989","36","3178854"
"KN295586v1","1321024","1321212","JH378110","37162707","37162893","25","35841683"
"KN295586v1","1350274","1350585","JH378216","6474633","6474943","38","5124359"
"KN295586v1","1361253","1361547","JH378163","13372336","13372629","26","12011083"
"KN295586v1","1365721","1366014","JH378276","3195088","3195388","34","1829367"
"KN295586v1","1368918","1369230","JH378236","2649703","2650013","36","1280785"
"KN295586v1","1386888","1387196","JH378114","37036188","37036491","36","35649300"
"KN295586v1","1407731","1408035","JH378216","4224502","4224803","40","2816771"
"KN295586v1","1448587","1448894","JH378288","1088673","1088973","36","359914"
"KN295586v1","1516399","1516519","JH378117","20575832","20575952","16","19059433"
"KN295586v1","1516553","1516719","JH378212","5012473","5012639","17","3495920"
"KN295586v1","1542510","1542808","JH378107","32029619","32029921","34","30487109"
"KN295586v1","1711130","1711358","JH378109","13255134","13255363","25","11544004"
"KN295586v1","1748433","1748744","JH378167","5351158","5351469","31","3602725"
"KN295586v1","1766296","1766588","JH378142","12979191","12979481","30","11212895"
"KN295586v1","1774674","1774969","JH378126","22497533","22497833","40","20722859"
"KN295586v1","1838827","1839123","JH378111","42466412","42466713","41","40627585"
"KN295586v1","1839127","1839431","JH378216","4224502","4224803","42","2385375"
"KN295586v1","1844540","1844845","JH378115","25041145","25041450","30","23196605"
"KN295586v1","1852516","1852823","JH378170","7770931","7771241","36","5918415"
"KN295586v1","1921018","1921320","JH378123","491683","491985","49","1429335"
"KN295586v1","1942425","1942738","JH378211","2356763","2357069","39","414338"
"KN295586v1","1979637","1979932","JH378115","28712376","28712673","37","26732739"
"KN295586v1","2021541","2021844","JH378191","6309036","6309338","33","4287495"
"KN295586v1","2034560","2034866","JH378115","25570507","25570808","31","23535947"
"KN295586v1","2147335","2147643","JH378316","245997","246306","39","1901338"
"KN295586v1","2151430","2151540","JH378176","10193628","10193738","10","8042198"
"KN295586v1","2358923","2359107","JH378232","2247359","2247545","22","111564"
"KN295586v1","2373051","2373363","JH378167","5351158","5351469","39","2978107"
"KN295586v1","2381269","2381581","JH378112","4020738","4021048","44","1639469"
"KN295586v1","2432081","2432377","JH378245","1256724","1257025","37","1175357"
"KN295586v1","2527998","2528285","JH378158","6062678","6062968","30","3534680"
"KN295586v1","2542359","2542653","JH378163","13372336","13372629","28","10829977"
"KN295586v1","2545581","2545862","JH378146","17641437","17641717","41","15095856"
"KN295586v1","2631668","2631962","JH378167","8141531","8141823","35","5509863"
"KN295586v1","2662512","2662809","JH378141","16295875","16296172","33","13633363"
"KN295586v1","3036443","3036754","JH378115","16925265","16925575","32","13888822"
"KN295586v1","3039532","3039818","JH378142","17330580","17330867","40","14291048"
"KN295586v1","3057959","3058106","JH378144","1063794","1063935","22","1994165"
"KN295586v1","3059203","3059493","JH378156","1330522","1330768","78","1728681"
"KN295586v1","3076431","3076741","JH378213","5483774","5484086","36","2407343"
"KN295586v1","3077023","3077317","JH378121","28319189","28319488","41","25242166"
"KN295586v1","3112323","3112533","JH378151","645312","645524","23","2467011"
"KN295586v1","3128242","3128518","JH378114","20276504","20276786","43","17148262"
"KN295586v1","3148619","3148770","JH378161","3080819","3080969","18","67800"
"KN295586v1","3149097","3149410","JH378167","5351158","5351469","43","2202061"
"KN295586v1","3225407","3225540","JH378117","20139122","20139253","16","16913715"
"KN295586v1","3232159","3232460","JH378105","48920179","48920473","32","45688020"
"KN295586v1","3286402","3286705","JH378177","2495760","2496067","44","790642"
"KN295586v1","3377036","3377346","JH378193","8856508","8856809","47","5479472"
"KN295586v1","3505597","3505900","JH378122","10686670","10686967","31","7181073"
"KN295586v1","3570242","3570553","JH378153","765891","766198","44","2804351"
"KN295586v1","3754041","3754336","JH378122","7536361","7536659","31","3782320"
"KN295586v1","3839817","3840113","JH378118","276170","276471","49","3563647"
"KN295586v1","3842051","3842353","JH378119","32030027","32030329","37","28187976"
"KN295586v1","3870029","3870330","JH378126","21026752","21027059","41","17156723"
"KN295586v1","3870524","3870798","JH378246","562506","562779","37","3308018"
"KN295586v1","3882505","3882815","JH378137","19401998","19402301","39","15519493"
"KN295586v1","3883439","3883718","JH378177","112866","113151","51","3770573"
"KN295586v1","3921800","3922105","JH378110","30564260","30564565","33","26642460"
"KN295586v1","4012832","4012849","JH378111","33423149","33423167","8","29410317"
"KN295586v1","4012885","4013170","JH378137","17271511","17271797","40","13258626"
"KN295586v1","4124161","4124471","JH378119","17145949","17146255","37","13021788"
"KN295586v1","4212737","4213075","JH378137","3493879","3494216","65","718858"
"KN295586v1","4383805","4384091","JH378107","56321933","56322217","44","51938128"
"KN295586v1","4635333","4635506","JH378139","5401576","5401745","28","766243"
"KN295586v1","4758989","4759298","JH378120","16327645","16327955","32","11568656"
"KN295586v1","4987095","4987107","JH378189","7208291","7208302","4","2221196"
"KN295586v1","4987142","4987431","JH378121","18607142","18607431","39","13620000"
"KN295586v1","5051189","5051506","JH378119","6124403","6124708","43","1073214"
"KN295586v1","5081112","5081416","JH378149","11109971","11110270","39","6028859"
"KN295586v1","5092231","5092500","JH378153","5756963","5757237","42","664732"
"KN295586v1","5133429","5133734","JH378141","10014232","10014538","38","4880803"
"KN295586v1","5140914","5141225","JH378105","71648676","71648983","44","66507762"
"KN295586v1","5152896","5153194","JH378144","202388","202687","38","4950508"
"KN295586v1","5164932","5165236","JH378119","23106486","23106789","29","17941554"
"KN295586v1","5183206","5183512","JH378110","13285798","13286099","35","8102592"
"KN295586v1","5222391","5222697","JH378113","6199734","6200044","43","977343"
"KN295586v1","5260622","5260795","JH378113","32219902","32220070","31","26959280"
"KN295586v1","5261103","5261119","JH378149","1403733","1403749","7","3857370"
"KN295586v1","5302162","5302457","JH378105","33992488","33992780","35","28690326"
"KN295586v1","5360024","5360335","JH378106","10129130","10129437","43","4769106"
"KN295586v1","5686257","5686527","JH378167","9534568","9534835","38","3848311"
"KN295586v1","5688533","5688827","JH378105","6125259","6125549","30","436726"
"KN295587v1","2141","2219","JH378105","37858964","37859042","10","37856823"
"KN295590v1","14330","14630","JH378228","5509057","5509356","37","5494727"
"KN295590v1","29154","29432","JH378246","2401172","2401453","44","2372018"
"KN295590v1","51034","51326","JH378151","8381511","8381803","36","8330477"
"KN295590v1","96256","96538","JH378127","4904766","4905047","33","4808510"
"KN295590v1","150237","150546","JH378112","35288143","35288449","40","35137906"
"KN295590v1","150747","151042","JH378151","8652626","8652916","37","8501879"
"KN295590v1","171410","171710","JH378213","5541187","5541485","32","5369777"
"KN295590v1","176582","176876","JH378228","5509057","5509356","40","5332475"
"KN295590v1","204448","204765","JH378115","25497952","25498257","58","25293504"
"KN295590v1","207506","207815","JH378148","13179111","13179429","48","12971605"
"KN295590v1","214888","215189","JH378108","54706929","54707230","36","54492041"
"KN295590v1","217443","217719","JH378112","20796060","20796347","42","20578617"
"KN295590v1","220682","220981","JH378228","5509057","5509356","29","5288375"
"KN295590v1","238270","238557","JH378130","67468","67757","50","170802"
"KN295590v1","245748","246040","JH378157","11997701","11997994","35","11751953"
"KN295590v1","249653","249961","JH378112","20327070","20327378","43","20077417"
"KN295591v1","110846","111151","JH378152","11654622","11654934","38","11543776"
"KN295591v1","425283","425586","JH378207","3169344","3169645","35","2744061"
"KN295591v1","576410","576708","JH378143","9168017","9168308","35","8591607"
"KN295591v1","608754","609066","JH378109","48661966","48662271","45","48053212"
"KN295591v1","620174","620464","JH378115","23787742","23788033","34","23167568"
"KN295591v1","735249","735541","JH378135","3624002","3624295","38","2888753"
"KN295591v1","736705","737013","JH378121","9173752","9174060","35","8437047"
"KN295591v1","746450","746729","JH378279","102782","103056","35","643668"
"KN295591v1","764955","765121","JH378124","26975877","26976053","35","26210922"
"KN295591v1","1265774","1266080","JH378271","459308","459608","43","806466"
"KN295591v1","1417733","1418027","JH378120","30513421","30513713","35","29095688"
"KN295591v1","1507723","1508022","JH378112","32328727","32329028","35","30821004"
"KN295591v1","1573241","1573541","JH378288","1088673","1088973","27","484568"
"KN295592v1","40526","40795","JH378227","2948320","2948591","51","2907794"
"KN295592v1","431859","432138","JH378110","36069136","36069415","42","35637277"
"KN295592v1","919091","919266","JH378139","5401576","5401745","29","4482485"
"KN295592v1","974670","974961","JH378137","7471925","7472216","35","6497255"
"KN295592v1","1089022","1089318","JH378145","2733878","2734174","39","1644856"
"KN295592v1","1150020","1150184","JH378105","36101051","36101213","24","34951031"
"KN295592v1","1203335","1203645","JH378157","2098752","2099044","49","895417"
"KN295592v1","1209645","1209924","JH378203","7694304","7694583","40","6484659"
"KN295592v1","1853442","1853682","JH378137","10009214","10009447","47","8155772"
"KN295592v1","1856974","1857272","JH378110","10833476","10833772","33","8976502"
"KN295592v1","1872475","1872759","JH378198","1596143","1596429","38","276332"
"KN295592v1","1927301","1927595","JH378124","17923330","17923624","36","15996029"
"KN295592v1","1982599","1982883","JH378142","18322987","18323264","39","16340388"
"KN295592v1","1984396","1984648","JH378193","7906466","7906718","36","5922070"
"KN295592v1","1985466","1985749","JH378108","21208115","21208396","28","19222649"
"KN295592v1","1992354","1992649","JH378105","6125259","6125549","35","4132905"
"KN295592v1","2000653","2000943","JH378197","7145768","7146073","41","5145115"
"KN295592v1","2036470","2036781","JH378126","21026752","21027059","42","18990282"
"KN295592v1","2041735","2042007","JH378160","780852","781118","34","1260883"
"KN295592v1","2051357","2051660","JH378125","18903380","18903682","36","16852023"
"KN295592v1","2056633","2056942","JH378185","1806016","1806320","36","250617"
"KN295592v1","2111971","2112137","JH378137","17897841","17898006","27","15785870"
"KN295592v1","2112167","2112298","JH378226","6148806","6148933","23","4036639"
"KN295594v1","28047","28263","JH378151","645312","645524","30","617265"
"KN295594v1","37405","37602","JH378106","16445752","16445951","24","16408347"
"KN295594v1","76923","77099","JH378118","3766789","3766962","22","3689866"
"KN295594v1","85521","85831","JH378173","6942398","6942706","35","6856877"
"KN295594v1","94835","95120","JH378120","30513421","30513713","42","30418586"
"KN295594v1","95259","95583","JH378126","21026752","21027059","53","20931493"
"KN295594v1","99562","99870","JH378276","2870406","2870718","38","2770844"
"KN295594v1","102380","102687","JH378115","26640201","26640508","33","26537821"
"KN295594v1","113464","113754","JH378139","16259084","16259375","35","16145620"
"KN295594v1","114205","114293","JH378121","24640197","24640289","16","24525992"
"KN295594v1","124136","124448","JH378123","22951568","22951868","42","22827432"
"KN295594v1","158826","158955","JH378133","5076101","5076227","15","4917275"
"KN295594v1","167460","167671","JH378190","201928","202138","36","34468"
"KN295594v1","168706","169013","JH378124","15582898","15583197","39","15414192"
"KN295594v1","202709","202841","JH378123","11618393","11618525","15","11415684"
"KN295594v1","227357","227667","JH378137","14049327","14049630","38","13821970"
"KN295594v1","257165","257254","JH378229","4004880","4004970","16","3747715"
"KN295595v1","34522","34845","JH378260","2282137","2282463","33","2247615"
"KN295596v1","26695","26964","JH378238","894228","894502","55","867533"
"KN295596v1","86537","86841","JH378130","8314083","8314377","51","8227546"
"KN295596v1","183139","183444","JH378112","21055636","21055930","44","20872497"
"KN295596v1","250474","250776","JH378137","17093543","17093840","35","16843069"
"KN295596v1","278492","278796","JH378105","54150095","54150392","42","53871603"
"KN295596v1","404277","404573","JH378144","9593157","9593456","28","9188880"
"KN295596v1","499903","500000","JH378105","54320628","54320724","10","53820725"
"KN295596v1","500001","500187","JH378110","40253091","40253277","27","39753090"
"KN295596v1","515628","515726","JH378123","22034343","22034439","13","21518715"
"KN295596v1","516182","516493","JH378140","7338564","7338875","36","6822382"
"KN295596v1","519911","520217","JH378213","5393305","5393609","34","4873394"
"KN295596v1","951872","952173","JH378118","27503431","27503730","38","26551559"
"KN295596v1","1037262","1037570","JH378105","71648676","71648983","36","70611414"
"KN295596v1","1224987","1225280","JH378105","36900565","36900857","47","35675578"
"KN295596v1","1376496","1376805","JH378115","25806536","25806838","44","24430040"
"KN295596v1","1377031","1377176","JH378115","35004133","35004278","18","33627102"
"KN295596v1","1393457","1393766","JH378171","2797330","2797637","42","1403873"
"KN295596v1","1420181","1420480","JH378115","28712376","28712673","46","27292195"
"KN295596v1","1437972","1438277","JH378113","14896689","14896993","41","13458717"
"KN295596v1","1469017","1469283","JH378118","14556075","14556346","45","13087058"
"KN295596v1","1482173","1482401","JH378226","2849797","2850025","29","1367624"
"KN295596v1","1506608","1506901","JH378216","6814492","6814786","47","5307884"
"KN295596v1","1512024","1512285","JH378105","10485293","10485556","31","8973269"
"KN295596v1","1515113","1515391","JH378129","11457553","11457829","30","9942440"
"KN295596v1","1534506","1534748","JH378106","66052848","66053088","33","64518342"
"KN295596v1","1580820","1581115","JH378122","2331104","2331398","41","750284"
"KN295596v1","1598323","1598626","JH378110","12146106","12146409","42","10547783"
"KN295596v1","1656797","1657106","JH378139","17878350","17878657","42","16221553"
"KN295596v1","1685844","1686136","JH378258","1157111","1157403","41","528733"
"KN295596v1","1747579","1747861","JH378110","32430844","32431129","41","30683265"
"KN295596v1","1749843","1750139","JH378139","15235758","15236059","37","13485915"
"KN295596v1","1781097","1781397","JH378206","1094037","1094338","42","687060"
"KN295596v1","1842482","1842642","JH378137","20119716","20119878","20","18277234"
"KN295596v1","1842676","1842795","JH378109","13686552","13686671","14","11843876"
"KN295596v1","1863264","1863529","JH378199","718661","718929","53","1144603"
"KN295596v1","1913449","1913743","JH378169","5816225","5816518","34","3902776"
"KN295596v1","1921792","1922083","JH378127","21144928","21145212","55","19223136"
"KN295596v1","1938980","1939279","JH378170","4783494","4783792","31","2844514"
"KN295596v1","1941908","1942210","JH378125","18245324","18245623","42","16303416"
"KN295596v1","1948442","1948745","JH378252","3843296","3843598","40","1894854"
"KN295596v1","1982084","1982396","JH378139","11676377","11676684","46","9694293"
"KN295596v1","1983808","1984104","JH378110","13953259","13953553","33","11969451"
"KN295596v1","1988688","1988933","JH378111","19175254","19175466","52","17186566"
"KN295596v1","2120138","2120435","JH378120","21671957","21672253","41","19551819"
"KN295596v1","2164451","2164763","JH378141","11415322","11415632","36","9250871"
"KN295596v1","2215149","2215449","JH378305","1266416","1266714","34","948733"
"KN295596v1","2513024","2513333","JH378171","6181069","6181379","36","3668045"
"KN295596v1","2536439","2536715","JH378173","5853217","5853492","37","3316778"
"KN295596v1","2877662","2877978","JH378117","311104","311421","45","2566558"
"KN295596v1","2902365","2902614","JH378225","6355577","6355829","30","3453212"
"KN295596v1","2928424","2928575","JH378108","53870735","53870881","22","50942311"
"KN295596v1","2934388","2934667","JH378153","4070046","4070324","34","1135658"
"KN295596v1","2951641","2951949","JH378148","12255931","12256243","44","9304290"
"KN295596v1","3020560","3020851","JH378151","8652626","8652916","23","5632066"
"KN295596v1","3148212","3148528","JH378175","2868525","2868838","36","279687"
"KN295596v1","3234660","3234941","JH378140","14073854","14074132","27","10839194"
"KN295596v1","3236356","3236654","JH378262","1389625","1389917","32","1846731"
"KN295596v1","3297219","3297567","JH378115","43475732","43476067","69","40178513"
"KN295596v1","3304600","3304873","JH378134","16278207","16278478","39","12973607"
"KN295596v1","3331257","3331576","JH378187","2906095","2906405","38","425162"
"KN295596v1","3340482","3340791","JH378316","245997","246306","35","3094485"
"KN295596v1","3354939","3355243","JH378254","3112937","3113241","31","242002"
"KN295596v1","3370899","3371179","JH378111","20373102","20373375","50","17002203"
"KN295596v1","3393867","3394148","JH378139","18683373","18683655","42","15289506"
"KN295596v1","3394936","3395228","JH378112","32204236","32204530","42","28809300"
"KN295596v1","3434737","3435020","JH378261","1573285","1573574","43","1861452"
"KN295596v1","3451396","3451670","JH378290","682097","682372","43","2769299"
"KN295596v1","3454125","3454326","JH378171","7738073","7738273","22","4283948"
"KN295596v1","3455431","3455726","JH378106","44399035","44399331","30","40943604"
"KN295596v1","3537619","3537919","JH378288","1088673","1088973","23","2448946"
"KN295596v1","3592418","3592721","JH378138","5380451","5380753","36","1788033"
"KN295601v1","2359211","2359524","JH378126","21026752","21027059","32","18667541"
"KN295601v1","404","704","AGCE01150449","839","1138","37","435"
"KN295601v1","527624","527934","JH378116","24645889","24646199","27","24118265"
"KN295601v1","580775","580942","JH378108","45330665","45330828","26","44749890"
"KN295601v1","636286","636593","JH378126","21026752","21027059","31","20390466"
"KN295601v1","651173","651462","JH378123","606565","606853","35","44608"
"KN295601v1","714501","714805","JH378236","2222796","2223096","40","1508295"
"KN295601v1","746496","746801","JH378110","23135285","23135585","37","22388789"
"KN295601v1","775541","775834","JH378220","2784017","2784313","39","2008476"
"KN295601v1","830853","831128","JH378177","6664715","6664994","34","5833862"
"KN295601v1","852792","852974","JH378151","16559133","16559315","21","15706341"
"KN295601v1","867427","867719","JH378139","16259084","16259375","41","15391657"
"KN295601v1","867819","867920","JH378225","2726208","2726309","12","1858389"
"KN295601v1","872122","872428","JH378156","9166475","9166782","41","8294353"
"KN295601v1","921851","922146","JH378139","18955642","18955939","31","18033791"
"KN295601v1","979978","980280","JH378153","13313825","13314130","36","12333847"
"KN295601v1","989876","990193","JH378115","25041145","25041450","41","24051269"
"KN295601v1","1022960","1023253","JH378172","9566909","9567221","50","8543949"
"KN295601v1","1038485","1038781","JH378327","121222","121511","46","917263"
"KN295601v1","1053469","1053766","JH378137","8481628","8481927","29","7428159"
"KN295601v1","1068889","1069192","JH378308","1420623","1420924","36","351734"
"KN295601v1","1070484","1070793","JH378107","7086674","7086981","35","6016190"
"KN295601v1","1071737","1072012","JH378126","24839248","24839527","48","23767511"
"KN295601v1","1095988","1096275","JH378281","438349","438635","35","657639"
"KN295601v1","1109356","1109648","JH378166","9971448","9971740","32","8862092"
"KN295601v1","1119275","1119572","JH378108","23280248","23280545","32","22160973"
"KN295601v1","1140336","1140651","JH378113","28428906","28429220","35","27288570"
"KN295601v1","1163074","1163374","JH378129","10258595","10258896","40","9095521"
"KN295601v1","1193885","1194191","JH378267","845059","845364","29","348826"
"KN295601v1","1209879","1210169","JH378149","1427296","1427590","34","217417"
"KN295601v1","1230447","1230733","JH378140","14703769","14704058","44","13473322"
"KN295601v1","1242790","1243129","JH378183","5338171","5338505","45","4095381"
"KN295601v1","1281613","1281889","JH378269","626770","627055","47","654843"
"KN295601v1","1289122","1289362","JH378122","3103394","3103637","31","1814272"
"KN295601v1","1469174","1469479","JH378115","25041145","25041450","36","23571971"
"KN295601v1","1886073","1886364","JH378204","5607975","5608271","40","3721902"
"KN295601v1","2084883","2085175","JH378110","39706997","39707294","33","37622114"
"KN295601v1","2114488","2114803","JH378173","9055905","9056209","57","6941417"
"KN295601v1","2204093","2204394","JH378288","1088673","1088973","28","1115420"
"KN295601v1","2266699","2267002","JH378159","5493568","5493869","41","3226869"
"KN295601v1","2273637","2273885","JH378161","6630340","6630587","28","4356703"
"KN295601v1","2282212","2282433","JH378110","32578674","32578880","52","30296462"
"KN295601v1","2288889","2289199","JH378118","26799468","26799782","42","24510579"
"KN295601v1","2305544","2305835","JH378107","6641537","6641829","37","4335993"
"KN295601v1","2320817","2320938","JH378115","22767444","22767576","20","20446627"
"KN295601v1","2321205","2321276","JH378157","7175935","7176005","11","4854730"
"KN295601v1","2321277","2321448","JH378186","607629","607810","30","1713648"
"KN295601v1","2343484","2343787","JH378106","18352071","18352372","43","16008587"
"KN295601v1","2347384","2347678","JH378138","2084662","2084957","37","262722"
"KN295601v1","2369319","2369618","JH378114","19778391","19778686","37","17409072"
"KN295601v1","2369667","2369961","JH378186","9105917","9106213","40","6736250"
"KN295601v1","2386469","2386777","JH378126","21026752","21027059","39","18640283"
"KN295601v1","2484270","2484571","JH378116","28869529","28869826","40","26385259"
"KN295601v1","2506803","2507075","JH378105","36884891","36885163","44","34378088"
"KN295601v1","2507901","2508191","JH378112","35855394","35855682","36","33347493"
"KN295601v1","2532687","2532994","JH378120","16327645","16327955","39","13794958"
"KN295601v1","2535065","2535360","JH378105","48006048","48006343","38","45470983"
"KN295601v1","2557241","2557538","JH378151","3515305","3515602","31","958064"
"KN295601v1","2624236","2624538","JH378124","15582898","15583197","38","12958662"
"KN295601v1","2661225","2661515","JH378151","8652626","8652916","33","5991401"
"KN295601v1","2670436","2670746","JH378107","29610844","29611154","40","26940408"
"KN295601v1","2674218","2674518","JH378321","109810","110116","41","2564408"
"KN295601v1","2687747","2688047","JH378106","62898759","62899069","36","60211012"
"KN295601v1","2695332","2695642","JH378133","9511493","9511805","34","6816161"
"KN295601v1","2704870","2705198","JH378255","1560098","1560402","53","1144772"
"KN295601v1","2814649","2814948","JH378251","3695377","3695681","45","880728"
"KN295601v1","2884193","2884472","JH378177","6664715","6664994","32","3780522"
"KN295601v1","2889762","2890104","JH378121","16380436","16380774","45","13490674"
"KN295601v1","2891283","2891583","JH378114","37036188","37036491","32","34144905"
"KN295601v1","2930592","2930887","JH378327","557434","557726","34","2373158"
"KN295601v1","2984415","2984721","JH378206","6984481","6984785","36","4000066"
"KN295601v1","3023585","3023744","JH378284","1825698","1825857","22","1197887"
"KN295601v1","3075898","3076204","JH378236","733320","733615","38","2342578"
"KN295601v1","3098931","3099231","JH378236","1008336","1008636","31","2090595"
"KN295601v1","3140627","3140913","JH378119","11651811","11652104","40","8511184"
"KN295601v1","3146978","3147279","JH378111","6779444","6779749","36","3632466"
"KN295601v1","3147849","3148076","JH378116","15644584","15644806","31","12496735"
"KN295601v1","3188602","3188774","JH378119","21901301","21901473","28","18712699"
"KN295601v1","3191306","3191621","JH378148","3164823","3165131","44","26483"
"KN295601v1","3217030","3217330","JH378117","25564574","25564883","42","22347544"
"KN295601v1","3226515","3226818","JH378257","306686","306988","43","2919829"
"KN295601v1","3232762","3233068","JH378126","21026752","21027059","32","17793990"
"KN295601v1","3239881","3240189","JH378129","12241608","12241912","36","9001727"
"KN295601v1","3273598","3273898","JH378109","39625718","39626014","52","36352120"
"KN295601v1","3281948","3282242","JH378159","8265724","8266021","39","4983776"
"KN295605v1","28118","28389","JH378106","66881924","66882170","63","66853806"
"KN295605v1","28415","28712","JH378235","4514528","4514824","36","4486113"
"KN295605v1","44684","44960","JH378245","2867748","2868031","40","2823064"
"KN295605v1","47834","48140","JH378152","15994237","15994545","37","15946403"
"KN295605v1","50576","50899","JH378110","38852916","38853220","57","38802340"
"KN295605v1","63097","63402","JH378166","1276502","1276806","35","1213405"
"KN295605v1","75240","75544","JH378126","21026752","21027059","37","20951512"
"KN295605v1","78093","78373","JH378123","6623720","6623999","34","6545627"
"KN295605v1","140155","140478","JH378115","22676581","22676892","52","22536426"
"KN295605v1","141720","142017","JH378204","2935067","2935361","35","2793347"
"KN295605v1","156178","156475","JH378115","28712376","28712673","40","28556198"
"KN295605v1","157205","157502","JH378153","9107319","9107618","35","8950114"
"KN295605v1","175864","176171","JH378105","36788911","36789215","33","36613047"
"KN295605v1","196132","196440","JH378119","6124403","6124708","36","5928271"
"KN295605v1","200763","201078","JH378177","5611900","5612210","41","5411137"
"KN295605v1","201429","201716","JH378140","8543534","8543822","31","8342105"
"KN295605v1","201753","202061","JH378115","34662580","34662893","34","34460827"
"KN295605v1","202149","202459","JH378113","6199734","6200044","40","5997585"
"KN295605v1","221268","221563","JH378139","19252318","19252611","31","19031050"
"KN295605v1","240553","240607","JH378155","16279676","16279730","6","16039123"
"KN295605v1","245968","246258","JH378137","17910858","17911149","35","17664890"
"KN295605v1","259735","259818","JH378130","3360710","3360792","8","3100975"
"KN295605v1","269729","270009","JH378277","730849","731130","40","461120"
"KN295605v1","294898","295197","JH378139","15235758","15236059","32","14940860"
"KN295605v1","351273","351390","JH378160","13447638","13447751","19","13096365"
"KN295605v1","373068","373372","JH378228","5509057","5509356","41","5135989"
"KN295605v1","377287","377592","JH378130","23796726","23797029","43","23419439"
"KN295605v1","429501","429595","JH378124","4419091","4419187","17","3989590"
"KN295605v1","433571","433872","JH378106","63188195","63188504","41","62754624"
"KN295605v1","436734","436910","JH378113","36247516","36247690","30","35810782"
"KN295605v1","446265","446563","JH378308","1420623","1420924","42","974358"
"KN295605v1","446590","446699","JH378197","8319951","8320061","10","7873361"
"KN295605v1","448044","448216","JH378297","2044408","2044580","11","1596364"
"KN295605v1","448519","448654","JH378123","86614","86749","18","361905"
"KN295605v1","449868","450172","JH378159","2054904","2055199","36","1605036"
"KN295605v1","465026","465336","JH378152","11654622","11654934","38","11189596"
"KN295605v1","475869","476000","JH378127","11552471","11552600","18","11076602"
"KN295605v1","509849","510142","JH378131","1106043","1106335","35","596194"
"KN295605v1","511055","511329","JH378120","31630637","31630909","38","31119582"
"KN295605v1","525304","525615","JH378113","6613006","6613316","39","6087702"
"KN295605v1","540046","540327","JH378279","102782","103056","32","437264"
"KN295605v1","555041","555337","JH378236","733320","733615","34","178279"
"KN295605v1","647171","647447","JH378153","7392982","7393269","41","6745811"
"KN295605v1","648412","648520","JH378178","9772834","9772941","15","9124422"
"KN295605v1","734466","734770","JH378106","70986080","70986388","38","70251614"
"KN295606v1","114104","114384","JH378124","10835797","10836078","43","10721693"
"KN295606v1","263924","264062","JH378113","29412155","29412289","17","29148231"
"KN295606v1","392462","392789","JH378116","941588","941917","56","549126"
"KN295607v1","64078","64324","JH378115","16763942","16764191","35","16699864"
"KN295607v1","108410","108718","JH378112","36490375","36490686","31","36381965"
"KN295607v1","176699","176962","JH378127","24612564","24612827","31","24435865"
"KN295607v1","320282","320556","JH378203","7694304","7694583","40","7374022"
"KN295607v1","416667","416955","JH378216","6814492","6814786","34","6397825"
"KN295607v1","555905","555950","JH378266","2888473","2888515","14","2332568"
"KN295607v1","562497","562815","JH378159","5493568","5493869","54","4931071"
"KN295607v1","631764","632069","JH378126","21026752","21027059","35","20394988"
"KN295607v1","662287","662606","JH378177","2845413","2845733","47","2183126"
"KN295607v1","715184","715492","JH378106","33611471","33611778","40","32896287"
"KN295607v1","781244","781536","JH378105","33992488","33992780","39","33211244"
"KN295607v1","797526","797803","JH378234","250587","250869","42","546939"
"KN295607v1","812444","812549","JH378143","5250161","5250265","12","4437717"
"KN295607v1","916186","916496","JH378140","7338564","7338875","42","6422378"
"KN295607v1","925643","925941","JH378137","11398263","11398561","41","10472620"
"KN295607v1","1002743","1002988","JH378117","25681837","25682085","25","24679094"
"KN295607v1","1081346","1081578","JH378145","2527450","2527683","29","1446104"
"KN295607v1","1094560","1094760","JH378109","14404317","14404518","29","13309757"
"KN295607v1","1109662","1109966","JH378137","4012884","4013190","38","2903222"
"KN295607v1","1168668","1168968","JH378170","4783494","4783792","40","3614826"
"KN295607v1","1238453","1238755","JH378115","35321013","35321323","54","34082560"
"KN295607v1","1245243","1245551","JH378147","12443857","12444168","38","11198614"
"KN295607v1","1346879","1347188","JH378139","18632207","18632516","37","17285328"
"KN295607v1","1359486","1359793","JH378108","24058321","24058630","42","22698835"
"KN295607v1","1472315","1472590","JH378115","35423177","35423452","42","33950862"
"KN295607v1","1481208","1481514","JH378119","6124403","6124708","41","4643195"
"KN295607v1","1529729","1530027","JH378228","5798410","5798708","35","4268681"
"KN295607v1","1579993","1580295","JH378137","4012884","4013190","39","2432891"
"KN295607v1","1811443","1811671","JH378166","12690881","12691106","33","10879438"
"KN295607v1","2625986","2626296","JH378139","1159515","1159824","40","1466471"
"KN295607v1","2715041","2715333","JH378114","29675067","29675349","52","26960026"
"KN295607v1","2716614","2716787","JH378193","2678125","2678303","38","38489"
"KN295607v1","2849354","2849651","JH378115","34810062","34810358","39","31960708"
"KN295607v1","2856641","2856921","JH378238","4530794","4531075","38","1674153"
"KN295607v1","2989729","2990036","JH378206","4086994","4087300","29","1097265"
"KN295607v1","3310650","3310748","JH378196","499612","499711","12","2811038"
"KN295607v1","3356841","3357156","JH378150","16249180","16249488","40","12892339"
"KN295607v1","3388794","3389095","JH378288","1088673","1088973","38","2300121"
"KN295607v1","3444364","3444663","JH378119","6124403","6124708","51","2680039"
"KN295607v1","3540878","3541176","JH378177","10703233","10703531","38","7162355"
"KN295607v1","3680807","3681058","JH378119","28597739","28597991","66","24916932"
"KN295607v1","3787482","3787772","JH378194","2390312","2390602","29","1397170"
"KN295607v1","3803587","3803892","JH378123","491683","491985","31","3311904"
"KN295607v1","3839186","3839484","JH378125","15893280","15893581","40","12054094"
"KN295607v1","3848524","3848614","JH378242","1775201","1775291","9","2073323"
"KN295607v1","3892740","3893028","JH378136","6475900","6476192","33","2583160"
"KN295607v1","4112364","4112658","JH378106","44399035","44399331","30","40286671"
"KN295607v1","4167067","4167372","JH378206","6984481","6984785","33","2817414"
"KN295607v1","4176390","4176681","JH378139","2881473","2881771","39","1294917"
"KN295607v1","4202151","4202404","JH378137","20709475","20709723","38","16507324"
"KN295607v1","4325572","4325872","JH378139","10082446","10082743","37","5756874"
"KN295607v1","4434667","4434960","JH378170","4783494","4783792","33","348827"
"KN295607v1","4441825","4442116","JH378131","1106043","1106335","31","3335782"
"KN295607v1","4507526","4507821","JH378106","1596997","1597295","34","2910529"
"KN295607v1","4587647","4587844","JH378107","34147372","34147568","36","29559725"
"KN295607v1","4621510","4621818","JH378152","11654622","11654934","40","7033112"
"KN295607v1","4643583","4643887","JH378126","21026752","21027059","35","16383169"
"KN295607v1","4646747","4647042","JH378115","33135454","33135750","27","28488707"
"KN295607v1","4648121","4648188","JH378211","3080693","3080762","13","1567428"
"KN295607v1","4648245","4648312","JH378211","3080693","3080762","13","1567552"
"KN295607v1","4648369","4648436","JH378211","3080693","3080762","13","1567676"
"KN295607v1","4648493","4648560","JH378211","3080693","3080762","13","1567800"
"KN295607v1","4657145","4657439","JH378145","2733878","2734174","37","1923267"
"KN295607v1","4678845","4679170","JH378120","16327645","16327955","40","11648800"
"KN295607v1","4704416","4704718","JH378139","17878350","17878657","38","13173934"
"KN295609v1","125349","125663","JH378260","3599331","3599644","51","3473982"
"KN295609v1","225923","226226","JH378126","21026752","21027059","40","20800829"
"KN295609v1","230876","231155","JH378342","445589","445867","49","214713"
"KN295610v1","147076","147378","JH378247","4471640","4471940","41","4324564"
"KN295610v1","153374","153493","JH378115","31003480","31003596","17","30850106"
"KN295610v1","153538","153718","JH378111","38190758","38190938","24","38037220"
"KN295610v1","181624","181934","JH378115","34662580","34662893","37","34480956"
"KN295610v1","212022","212318","JH378212","5595096","5595390","56","5383074"
"KN295610v1","224038","224352","JH378127","13030965","13031271","46","12806927"
"KN295610v1","227039","227342","JH378293","1892833","1893133","39","1665794"
"KN295610v1","296549","296848","JH378121","19920880","19921179","44","19624331"
"KN295610v1","306803","307113","JH378119","6124403","6124708","39","5817600"
"KN295610v1","422469","422783","JH378127","24325196","24325506","46","23902727"
"KN295610v1","423892","424184","JH378106","3052818","3053105","39","2628926"
"KN295610v1","428170","428415","JH378259","2721597","2721840","36","2293427"
"KN295610v1","459589","459879","JH378105","22652899","22653184","43","22193310"
"KN295610v1","461384","461483","JH378144","13004267","13004358","17","12542883"
"KN295610v1","469456","469760","JH378113","26042513","26042816","37","25573057"
"KN295610v1","494607","494913","JH378288","1088673","1088973","40","594066"
"KN295610v1","579134","579419","JH378159","1426954","1427245","36","847820"
"KN295610v1","599228","599525","JH378149","13456174","13456477","34","12856946"
"KN295610v1","606347","606634","JH378146","9718543","9718830","44","9112196"
"KN295610v1","608972","609278","JH378226","6269505","6269810","34","5660533"
"KN295610v1","649080","649308","JH378113","21329500","21329728","45","20680420"
"KN295610v1","700539","700800","JH378239","3092648","3092913","36","2392109"
"KN295610v1","709948","710248","JH378110","19934311","19934616","33","19224363"
"KN295610v1","715886","716186","JH378241","5492398","5492696","42","4776512"
"KN295610v1","718882","719191","JH378111","10997562","10997860","45","10278680"
"KN295610v1","719897","720206","JH378111","10997562","10997860","47","10277665"
"KN295610v1","889081","889154","JH378121","21904973","21905036","20","21015892"
"KN295610v1","952738","953035","JH378149","539268","539562","39","413470"
"KN295610v1","1077546","1077841","JH378121","29566176","29566469","42","28488630"
"KN295612v1","1218","1503","JH378177","112866","113151","44","111648"
"KN295613v1","947","1234","JH378182","9360980","9361267","34","9360033"
"KN295613v1","82465","82626","JH378105","16504718","16504877","21","16422253"
"KN295613v1","107347","107659","JH378112","33214699","33215012","42","33107352"
"KN295613v1","140205","140504","JH378184","8674807","8675113","40","8534602"
"KN295613v1","267986","268296","JH378167","5351158","5351469","31","5083172"
"KN295614v1","76205","76429","JH378177","2780161","2780388","32","2703956"
"KN295614v1","82182","82444","AGCE01150524","1065","1327","34","81117"
"KN295614v1","92667","92983","JH378106","70986080","70986388","56","70893413"
"KN295619v1","56856","57144","JH378171","6649331","6649621","39","6592475"
"KN295620v1","43989","44322","JH378155","10495160","10495493","68","10451171"
"KN295623v1","31589","31890","JH378149","13456174","13456477","36","13424585"
"KN295623v1","46511","46809","JH378220","2784017","2784313","37","2737506"
"KN295623v1","53869","54163","JH378131","20072845","20073138","33","20018976"
"KN295623v1","79004","79297","JH378212","2149089","2149386","42","2070085"
"KN295623v1","90253","90540","JH378108","1846495","1846786","45","1756242"
"KN295623v1","209484","209788","JH378116","22991807","22992108","30","22782323"
"KN295623v1","247112","247304","JH378161","2433998","2434193","27","2186886"
"KN295623v1","267752","268054","JH378115","25570507","25570808","45","25302755"
"KN295623v1","274971","275268","JH378216","6814492","6814786","36","6539521"
"KN295623v1","305691","306001","JH378137","418029","418333","40","112338"
"KN295623v1","311410","311697","JH378170","4783494","4783792","39","4472084"
"KN295623v1","346282","346586","JH378228","5509057","5509356","31","5162775"
"KN295623v1","358756","359057","JH378140","6540936","6541239","37","6182180"
"KN295623v1","497694","497989","JH378106","45694871","45695163","34","45197177"
"KN295624v1","5401","5696","JH378124","17702462","17702755","37","17697061"
"KN295624v1","19845","20185","JH378114","31603266","31603584","63","31583421"
"KN295624v1","60593","60885","JH378170","5258390","5258688","43","5197797"
"KN295626v1","639","786","JH378115","35004133","35004278","22","35003494"
"KN295627v1","111683","111967","JH378105","21630016","21630306","35","21518333"
"KN295630v1","6838","7104","JH378306","215353","215614","34","208515"
"KN295630v1","20360","20642","JH378158","3968205","3968487","42","3947845"
"KN295630v1","44589","44898","JH378157","3115389","3115699","43","3070800"
"KN295633v1","3912","4213","JH378114","7122925","7123229","34","7119013"
"KN295633v1","18883","19176","JH378124","9695408","9695698","36","9676525"
"KN295633v1","19520","19823","JH378129","1237412","1237719","30","1217892"
"KN295633v1","45055","45324","JH378320","126506","126777","33","81451"
"KN295633v1","71045","71334","JH378235","372631","372924","39","301586"
"KN295633v1","128412","128714","JH378110","14138035","14138329","45","14009623"
"KN295633v1","162190","162362","JH378138","8001019","8001189","23","7838829"
"KN295633v1","179401","179599","JH378111","19094243","19094440","29","18914842"
"KN295633v1","203868","204170","JH378122","10686670","10686967","37","10482802"
"KN295633v1","206125","206400","JH378231","4575230","4575512","43","4369105"
"KN295633v1","208491","208782","JH378142","14493690","14493989","48","14285199"
"KN295633v1","209496","209804","JH378159","5493568","5493869","35","5284072"
"KN295633v1","214177","214465","JH378245","2867748","2868031","35","2653571"
"KN295633v1","218401","218687","JH378105","18545152","18545437","40","18326751"
"KN295633v1","225313","225609","JH378105","70791621","70791916","31","70566308"
"KN295633v1","233738","234053","JH378236","2649703","2650013","46","2415965"
"KN295633v1","243360","243643","JH378177","6664715","6664994","36","6421355"
"KN295633v1","247442","247734","JH378141","18104473","18104759","49","17857031"
"KN295633v1","248824","249129","JH378126","21026752","21027059","37","20777928"
"KN295633v1","257978","258148","JH378203","7120244","7120412","20","6862266"
"KN295633v1","258476","258780","JH378197","7145768","7146073","38","6887292"
"KN295633v1","267170","267455","JH378193","1240379","1240665","34","973209"
"KN295633v1","274006","274318","JH378127","19048485","19048788","56","18774479"
"KN295633v1","275458","275755","JH378191","6177328","6177618","38","5901870"
"KN295633v1","291453","291750","JH378141","3199911","3200207","38","2908458"
"KN295633v1","294443","294736","JH378167","8547558","8547847","36","8253115"
"KN295633v1","295511","295795","JH378117","25803939","25804227","45","25508428"
"KN295633v1","309058","309331","JH378216","1387518","1387789","40","1078460"
"KN295633v1","322639","322947","JH378320","58622","58932","42","264017"
"KN295633v1","329779","330079","JH378106","3052818","3053105","41","2723039"
"KN295633v1","332249","332539","JH378105","21630016","21630306","32","21297767"
"KN295633v1","343518","343713","JH378106","59671907","59672101","25","59328389"
"KN295633v1","425590","425899","JH378116","24645889","24646199","41","24220299"
"KN295633v1","442166","442477","JH378206","4086994","4087300","35","3644828"
"KN295633v1","452351","452624","JH378142","3220334","3220612","39","2767983"
"KN295633v1","454219","454518","JH378265","2263256","2263553","37","1809037"
"KN295633v1","455156","455449","JH378205","6545327","6545618","34","6090171"
"KN295633v1","458787","459090","JH378119","218814","219116","35","239973"
"KN295633v1","459416","459725","JH378139","16259084","16259375","50","15799668"
"KN295633v1","463568","463878","JH378320","58622","58932","37","404946"
"KN295633v1","464600","464884","JH378105","70683132","70683421","34","70218532"
"KN295633v1","481675","481894","JH378152","11681793","11681998","40","11200118"
"KN295633v1","494009","494299","JH378106","69239155","69239449","38","68745146"
"KN295633v1","507744","508055","JH378148","3164823","3165131","35","2657079"
"KN295633v1","510463","510778","JH378150","16467971","16468280","48","15957508"
"KN295633v1","515736","516048","JH378139","18632207","18632516","33","18116471"
"KN295633v1","529907","530200","JH378199","2321018","2321314","48","1791111"
"KN295633v1","534311","534615","JH378106","3052818","3053105","47","2518507"
"KN295633v1","536933","537236","JH378112","35288143","35288449","39","34751210"
"KN295633v1","538293","538597","JH378110","38852916","38853220","34","38314623"
"KN295633v1","538816","539124","JH378160","14488261","14488568","37","13949445"
"KN295633v1","542462","542631","JH378137","17897841","17898006","24","17355379"
"KN295633v1","558448","558759","JH378165","5178484","5178793","37","4620036"
"KN295633v1","562296","562589","JH378151","8381511","8381803","38","7819215"
"KN295633v1","563503","563851","JH378167","4176675","4177019","69","3613172"
"KN295633v1","567013","567315","JH378137","17093543","17093840","32","16526530"
"KN295633v1","569858","570150","JH378137","17093543","17093840","37","16523685"
"KN295633v1","575723","575956","JH378161","8848243","8848471","38","8272520"
"KN295633v1","634420","634584","JH378188","9295732","9295895","15","8661312"
"KN295633v1","644844","645131","JH378118","27240197","27240484","36","26595353"
"KN295633v1","646255","646561","JH378148","3164823","3165131","37","2518568"
"KN295633v1","654735","655042","JH378110","12146106","12146409","40","11491371"
"KN295633v1","676502","676801","JH378121","29566176","29566469","45","28889674"
"KN295633v1","679001","679303","JH378116","11181268","11181574","38","10502267"
"KN295633v1","689308","689598","JH378151","8652626","8652916","35","7963318"
"KN295633v1","699636","699942","JH378206","1109787","1110092","36","410151"
"KN295633v1","714512","714761","JH378173","6043976","6044232","36","5329464"
"KN295633v1","723358","723667","JH378257","87786","88089","35","635572"
"KN295633v1","747210","747529","JH378184","9592095","9592406","41","8844885"
"KN295633v1","752067","752234","JH378168","1762210","1762367","30","1010143"
"KN295633v1","795963","796269","JH378197","7145768","7146073","29","6349805"
"KN295633v1","799239","799534","JH378144","202388","202687","39","596851"
"KN295633v1","808441","808741","JH378140","6540936","6541239","39","5732495"
"KN295633v1","841954","842264","JH378167","5351158","5351469","34","4509204"
"KN295633v1","842324","842589","JH378167","9534568","9534835","36","8692244"
"KN295633v1","863545","863812","AGCE01149956","727","992","32","862818"
"KN295633v1","863813","863880","JH378149","14384750","14384819","16","13520937"
"KN295633v1","881695","882006","JH378111","8531294","8531605","39","7649599"
"KN295633v1","930038","930056","JH378111","33423149","33423167","5","32493111"
"KN295633v1","930184","930463","JH378227","2461202","2461478","44","1531018"
"KN295633v1","1013474","1013757","JH378127","10291336","10291619","33","9277862"
"KN295633v1","1062941","1063239","JH378198","6294233","6294526","33","5231292"
"KN295633v1","1070205","1070501","JH378125","17186392","17186688","38","16116187"
"KN295633v1","1253818","1254107","JH378144","18239514","18239805","35","16985696"
"KN295633v1","1340575","1340883","JH378146","149691","150003","41","1190884"
"KN295633v1","1352965","1353256","JH378136","12360964","12361252","40","11007999"
"KN295633v1","1405421","1405746","JH378166","628501","628819","49","776920"
"KN295633v1","1409812","1410106","JH378151","8381511","8381803","31","6971699"
"KN295633v1","1412850","1413161","JH378126","21026752","21027059","31","19613902"
"KN295633v1","1422521","1422600","JH378106","12827241","12827324","15","11404720"
"KN295633v1","1467546","1467851","JH378126","21026752","21027059","31","19559206"
"KN295633v1","1480772","1481066","JH378113","17279344","17279644","36","15798572"
"KN295633v1","1509911","1510208","JH378291","365914","366211","32","1143997"
"KN295633v1","1511605","1511890","JH378142","11616000","11616291","31","10104395"
"KN295633v1","1527596","1527895","JH378159","15717599","15717893","35","14190003"
"KN295633v1","1570966","1571267","JH378108","10386223","10386517","41","8815257"
"KN295633v1","1582811","1583105","JH378308","1420623","1420924","32","162188"
"KN295633v1","1629801","1630093","JH378151","8381511","8381803","35","6751710"
"KN295633v1","1806720","1807029","JH378105","47374215","47374525","46","45567495"
"KN295633v1","1807061","1807348","JH378137","17271511","17271797","35","15464450"
"KN295633v1","1830887","1831189","JH378106","1533545","1533849","34","297342"
"KN295633v1","1851794","1852088","JH378126","24143188","24143481","36","22291394"
"KN295633v1","1853004","1853197","JH378195","7570485","7570676","20","5717481"
"KN295633v1","1892552","1892836","JH378105","18545152","18545437","41","16652600"
"KN295633v1","1914557","1914850","JH378127","18566293","18566586","31","16651736"
"KN295633v1","1940820","1941128","JH378106","9882834","9883140","40","7942014"
"KN295633v1","1983174","1983475","JH378123","22693589","22693897","47","20710415"
"KN295633v1","2000994","2001313","JH378204","8098622","8098933","41","6097628"
"KN295633v1","2004746","2005039","JH378242","97287","97580","35","1907459"
"KN295633v1","2014393","2014508","JH378105","22256570","22256690","13","20242177"
"KN295633v1","2027845","2028134","JH378131","20040804","20041076","54","18012959"
"KN295633v1","2031442","2031748","JH378106","70986080","70986388","32","68954638"
"KN295633v1","2054512","2054814","JH378119","23106486","23106789","34","21051974"
"KN295633v1","2061510","2061784","JH378234","1700763","1701037","44","360747"
"KN295633v1","2065628","2065823","JH378107","6178193","6178389","24","4112565"
"KN295633v1","2085286","2085589","JH378131","770886","771191","40","1314400"
"KN295633v1","2107314","2107607","JH378106","45314834","45315127","38","43207520"
"KN295633v1","2118700","2119011","JH378113","6613006","6613316","35","4494306"
"KN295633v1","2149770","2150069","JH378184","418760","419059","41","1731010"
"KN295633v1","2170132","2170432","JH378124","6048303","6048605","38","3878171"
"KN295633v1","2200572","2200872","JH378137","4003210","4003509","30","1802638"
"KN295633v1","2201170","2201469","JH378300","975929","976228","25","1225241"
"KN295633v1","2216040","2216332","JH378177","2852055","2852350","40","636015"
"KN295633v1","2268500","2268799","JH378144","15697771","15698071","36","13429271"
"KN295633v1","2280339","2280642","JH378141","18468307","18468612","40","16187968"
"KN295633v1","2289719","2290014","JH378124","15582898","15583197","32","13293179"
"KN295633v1","2300054","2300363","JH378106","6434398","6434702","29","4134344"
"KN295633v1","2310558","2310865","JH378152","11654622","11654934","40","9344064"
"KN295633v1","2338927","2339046","JH378109","13686552","13686671","15","11347625"
"KN295633v1","2356521","2356834","JH378112","33214699","33215012","36","30858178"
"KN295633v1","2382088","2382394","JH378285","109951","110258","37","2272137"
"KN295633v1","2437671","2437972","JH378170","4783494","4783792","34","2345823"
"KN295633v1","2510806","2511103","JH378293","1524576","1524874","32","986230"
"KN295633v1","2514079","2514350","JH378238","894228","894502","37","1619851"
"KN295633v1","2519620","2519896","JH378110","17880643","17880926","41","15361023"
"KN295633v1","2534779","2535046","JH378209","5094356","5094622","44","2559577"
"KN295633v1","2575032","2575334","JH378288","1088673","1088973","32","1486359"
"KN295633v1","2590863","2591158","JH378119","11297197","11297495","36","8706334"
"KN295634v1","26891","27198","JH378113","4041809","4042119","37","4014918"
"KN295634v1","109047","109190","JH378115","22562449","22562585","19","22453402"
"KN295634v1","243889","244199","JH378316","245997","246306","38","2108"
"KN295634v1","309630","309931","JH378117","16015355","16015659","44","15705725"
"KN295637v1","21342","21642","JH378227","1175094","1175396","38","1153752"
"KN295637v1","49344","49655","JH378129","1237412","1237719","40","1188068"
"KN295637v1","108318","108621","JH378107","7568037","7568336","36","7459719"
"KN295637v1","164075","164377","JH378110","30532171","30532470","39","30368096"
"KN295637v1","172800","173101","JH378115","28712376","28712673","35","28539576"
"KN295637v1","224433","224719","JH378115","33135454","33135750","40","32911021"
"KN295637v1","234072","234367","JH378135","16690729","16691022","33","16456657"
"KN295637v1","241590","241872","JH378136","6475900","6476192","37","6234310"
"KN295637v1","271783","272084","JH378273","545934","546236","36","274151"
"KN295637v1","273880","274184","JH378149","13456174","13456477","37","13182294"
"KN295637v1","289812","290121","JH378167","5351158","5351469","44","5061346"
"KN295637v1","291774","292050","JH378119","23594857","23595144","33","23303083"
"KN295637v1","292863","293171","JH378224","2769148","2769454","37","2476285"
"KN295637v1","298118","298408","JH378213","4745577","4745870","29","4447459"
"KN295637v1","309145","309455","JH378112","14714268","14714575","42","14405123"
"KN295637v1","330631","330881","JH378195","7561038","7561289","37","7230407"
"KN295637v1","354058","354356","JH378105","33500896","33501193","31","33146838"
"KN295637v1","356432","356738","JH378123","491683","491985","39","135251"
"KN295637v1","366444","366735","JH378126","26076482","26076772","38","25710038"
"KN295637v1","415018","415324","JH378115","31840572","31840873","39","31425554"
"KN295637v1","487448","487756","JH378108","34855756","34856063","31","34368308"
"KN295637v1","754139","754432","JH378106","6929866","6930160","33","6175727"
"KN295637v1","796453","796760","JH378126","21026752","21027059","33","20230299"
"KN295637v1","819357","819658","JH378137","10096778","10097079","39","9277421"
"KN295637v1","824530","824842","JH378178","5257024","5257336","34","4432494"
"KN295642v1","10485","10795","JH378148","12255931","12256243","31","12245446"
"KN295642v1","36797","37095","JH378201","564005","564302","36","527208"
"KN295642v1","61004","61265","JH378157","7250539","7250813","43","7189535"
"KN295642v1","71324","71612","JH378156","8773465","8773753","32","8702141"
"KN295642v1","128801","129106","JH378293","1892833","1893133","38","1764032"
"KN295644v1","61513","61814","JH378106","6826425","6826714","41","6764912"
"KN295644v1","84879","85189","JH378153","3414728","3415029","43","3329849"
"KN295644v1","128152","128452","JH378115","15643798","15644097","40","15515646"
"KN295651v1","31269","31578","JH378178","6970008","6970319","38","6938739"
"KN295651v1","153759","154057","JH378105","63827132","63827433","36","63673373"
"KN295651v1","277308","277527","JH378149","3162061","3162279","21","2884753"
"KN295651v1","354775","355062","JH378229","2791774","2792064","42","2436999"
"KN295651v1","434533","434847","JH378106","1705581","1705889","42","1271048"
"KN295651v1","620367","620499","JH378107","49967108","49967240","14","49346741"
"KN295651v1","641388","641685","JH378118","1390919","1391217","39","749531"
"KN295651v1","807698","807873","JH378147","13560980","13561153","23","12753282"
"KN295651v1","828285","828587","JH378106","26003665","26003963","38","25175380"
"KN295651v1","1071335","1071645","JH378122","8736019","8736326","40","7664684"
"KN295651v1","1175554","1175855","JH378203","6769324","6769627","40","5593770"
"KN295651v1","1240394","1240662","JH378134","16278207","16278478","39","15037813"
"KN295651v1","1286677","1286945","JH378120","11516196","11516464","42","10229519"
"KN295651v1","1364940","1365241","JH378225","4269590","4269892","33","2904650"
"KN295651v1","1430945","1431072","JH378108","44380884","44381018","24","42949939"
"KN295651v1","1465309","1465604","JH378149","539268","539562","38","926041"
"KN295651v1","1487429","1487714","JH378106","42429976","42430261","45","40942547"
"KN295651v1","1566283","1566583","JH378115","22010691","22010989","36","20444408"
"KN295651v1","1583184","1583488","JH378199","4983750","4984049","43","3400566"
"KN295651v1","1734970","1735276","JH378110","31908071","31908377","49","30173101"
"KN295651v1","1737760","1738037","JH378259","3023991","3024275","41","1286231"
"KN295651v1","1785034","1785331","JH378124","15582898","15583197","34","13797864"
"KN295651v1","1910339","1910652","JH378107","26847524","26847838","47","24937185"
"KN295651v1","1930676","1930962","JH378276","503796","504088","36","1426880"
"KN295651v1","2088426","2088747","JH378120","17820274","17820587","41","15731848"
"KN295651v1","2128074","2128386","JH378113","21654932","21655240","43","19526858"
"KN295651v1","2161076","2161374","JH378121","19920880","19921179","44","17759804"
"KN295651v1","2166706","2167017","JH378127","22238831","22239131","41","20072125"
"KN295651v1","2173449","2173710","JH378114","6017291","6017548","39","3843842"
"KN295651v1","2252252","2252551","JH378139","18955642","18955939","38","16703390"
"KN295651v1","2320783","2321085","JH378107","6820470","6820772","39","4499687"
"KN295651v1","2370041","2370343","JH378110","30532171","30532470","49","28162130"
"KN295652v1","89505","89735","JH378280","2916775","2917016","38","2827270"
"KN295652v1","263425","263714","JH378105","4325405","4325701","37","4061980"
"KN295654v1","9434","9714","JH378152","10737028","10737308","37","10727594"
"KN295656v1","128250","128546","JH378232","3116734","3117028","42","2988484"
"KN295656v1","152283","152564","JH378115","17153051","17153333","41","17000768"
"KN295657v1","16005","16289","JH378148","7299728","7300012","38","7283723"
"KN295658v1","310104","310386","JH378108","17373296","17373582","41","17063192"
"KN295658v1","388541","388845","JH378115","25570507","25570808","39","25181966"
"KN295661v1","231910","232217","JH378107","7568037","7568336","35","7336127"
"KN295664v1","26532","26836","JH378243","244701","245001","35","218169"
"KN295664v1","87048","87336","JH378139","5014522","5014816","42","4927474"
"KN295665v1","20865","21139","JH378246","562506","562779","41","541641"
"KN295666v1","92573","92831","JH378105","45963006","45963260","42","45870433"
"KN295666v1","118482","118784","JH378115","25041145","25041450","38","24922663"
"KN295666v1","126536","126823","JH378109","52148","52435","42","74388"
"KN295666v1","178178","178337","JH378707","3329","3476","38","174849"
"KN295666v1","204639","204938","JH378107","7568037","7568336","38","7363398"
"KN295666v1","205995","206064","JH378108","50629174","50629244","10","50423179"
"KN295666v1","214696","214989","JH378143","7298878","7299168","37","7084182"
"KN295666v1","218293","218594","JH378145","2733878","2734174","53","2515585"
"KN295666v1","243358","243655","JH378124","15582898","15583197","32","15339540"
"KN295666v1","252158","252457","JH378216","4203497","4203792","33","3951339"
"KN295666v1","257058","257355","JH378265","2263256","2263553","38","2006198"
"KN295666v1","275356","275500","JH378291","1983906","1984047","20","1708550"
"KN295666v1","275501","275724","JH378140","5100421","5100648","24","4824920"
"KN295666v1","284917","285229","JH378248","4319426","4319731","39","4034509"
"KN295666v1","302549","302857","JH378116","21120729","21121036","38","20818180"
"KN295666v1","304846","304959","JH378213","2324132","2324243","15","2019286"
"KN295666v1","309295","309593","JH378236","733320","733615","37","424025"
"KN295666v1","329509","329815","JH378213","5393305","5393609","40","5063796"
"KN295666v1","391409","391717","JH378158","8002135","8002443","33","7610726"
"KN295666v1","411705","411795","JH378134","20162588","20162679","13","19750883"
"KN295666v1","442561","442862","JH378116","34449882","34450188","36","34007321"
"KN295666v1","517332","517654","JH378253","2601292","2601603","43","2083960"
"KN295666v1","565193","565499","JH378146","11354320","11354623","38","10789127"
"KN295666v1","593636","593933","JH378139","18955642","18955939","30","18362006"
"KN295666v1","594100","594329","JH378124","23845313","23845537","31","23251213"
"KN295666v1","598948","599260","JH378290","966968","967273","40","368020"
"KN295666v1","603447","603738","JH378173","7753219","7753510","34","7149772"
"KN295666v1","604104","604415","JH378150","16403266","16403577","38","15799162"
"KN295666v1","611531","611823","JH378139","19571504","19571796","34","18959973"
"KN295666v1","618794","619090","JH378139","18955642","18955939","33","18336848"
"KN295666v1","634572","634868","JH378121","28319189","28319488","35","27684617"
"KN295666v1","661212","661512","JH378235","4514528","4514824","40","3853316"
"KN295666v1","674412","674715","JH378111","25473856","25474161","34","24799444"
"KN295666v1","676449","676746","JH378170","4783494","4783792","31","4107045"
"KN295666v1","704058","704337","JH378185","179991","180276","41","524067"
"KN295666v1","706586","706904","JH378169","10095684","10095992","43","9389098"
"KN295666v1","709155","709407","JH378145","2645919","2646181","37","1936764"
"KN295666v1","716099","716395","JH378288","1088673","1088973","46","372574"
"KN295666v1","716780","717081","JH378110","31575602","31575901","45","30858822"
"KN295666v1","719771","720022","JH378119","28597739","28597991","32","27877968"
"KN295666v1","722398","722674","JH378199","8552513","8552799","48","7830115"
"KN295666v1","734733","735030","JH378112","35855394","35855682","43","35120661"
"KN295666v1","736915","737197","JH378111","11160555","11160844","43","10423640"
"KN295666v1","745786","746112","JH378260","2282137","2282463","45","1536351"
"KN295666v1","748980","749270","JH378127","12493801","12494092","38","11744821"
"KN295666v1","752678","752988","JH378139","18632207","18632516","30","17879529"
"KN295666v1","755583","755878","JH378105","42160955","42161256","45","41405372"
"KN295666v1","758781","759077","JH378139","15235758","15236059","32","14476977"
"KN295666v1","775591","775899","JH378126","21026752","21027059","35","20251161"
"KN295666v1","836551","836830","JH378118","31871195","31871483","37","31034644"
"KN295666v1","954006","954164","JH378133","9230009","9230167","18","8276003"
"KN295666v1","996234","996534","JH378127","13007847","13008144","33","12011613"
"KN295666v1","1037028","1037120","JH378153","10370877","10370967","18","9333849"
"KN295666v1","1038397","1038705","JH378105","12673978","12674287","38","11635581"
"KN295666v1","1052767","1053078","JH378126","21026752","21027059","33","19973985"
"KN295666v1","1066063","1066350","JH378272","2776063","2776349","36","1710000"
"KN295666v1","1080170","1080458","JH378136","14408876","14409163","46","13328706"
"KN295666v1","1127114","1127400","JH378235","1056369","1056656","31","70745"
"KN295666v1","1154258","1154541","JH378291","1943956","1944238","32","789698"
"KN295666v1","1175111","1175361","JH378132","342618","342869","51","832493"
"KN295666v1","1186725","1187025","JH378255","1560098","1560402","27","373373"
"KN295666v1","1325552","1325861","JH378106","1705581","1705889","46","380029"
"KN295666v1","1345727","1346031","JH378106","1876205","1876501","46","530478"
"KN295666v1","1380065","1380371","JH378134","15348672","15348977","41","13968607"
"KN295666v1","1413813","1414108","JH378114","5242707","5243004","34","3828894"
"KN295666v1","1436389","1436700","JH378216","6474633","6474943","33","5038244"
"KN295666v1","1444846","1445135","JH378151","8652626","8652916","33","7207780"
"KN295666v1","1492058","1492145","JH378216","6896964","6897055","10","5404906"
"KN295666v1","1523853","1524157","JH378224","2947931","2948230","40","1424078"
"KN295666v1","1715034","1715317","JH378291","1976362","1976649","30","261328"
"KN295666v1","1828881","1829189","JH378145","3311986","3312295","49","1483105"
"KN295666v1","2012849","2013160","JH378136","7677923","7678227","39","5665074"
"KN295666v1","2293676","2293964","JH378144","14153361","14153649","42","11859685"
"KN295666v1","2503617","2503873","JH378119","28597739","28597991","33","26094122"
"KN295666v1","2573194","2573488","JH378112","20538620","20538919","39","17965426"
"KN295667v1","105484","105794","JH378226","1840911","1841212","45","1735427"
"KN295667v1","148527","148876","JH378213","4415237","4415570","49","4266710"
"KN295667v1","154955","155261","JH378139","19415987","19416286","41","19261032"
"KN295667v1","156981","157275","JH378199","83132","83427","33","73849"
"KN295667v1","210217","210519","JH378116","28869529","28869826","38","28659312"
"KN295667v1","233811","234115","JH378126","21026752","21027059","29","20792941"
"KN295667v1","244361","244659","JH378106","24505952","24506248","37","24261591"
"KN295667v1","251990","252283","JH378204","2935067","2935361","31","2683077"
"KN295667v1","263334","263543","JH378141","18329140","18329350","26","18065806"
"KN295667v1","263544","263598","JH378155","16279676","16279730","4","16016132"
"KN295667v1","263602","263885","JH378106","1255495","1255784","35","991893"
"KN295667v1","265085","265383","JH378194","8800813","8801127","37","8535728"
"KN295667v1","293159","293468","JH378167","7707484","7707781","44","7414325"
"KN295667v1","323337","323633","JH378112","20100368","20100663","47","19777031"
"KN295667v1","328595","328897","JH378151","3515305","3515602","43","3186710"
"KN295667v1","343604","343902","JH378159","5493568","5493869","36","5149964"
"KN295667v1","345665","345971","JH378124","15582898","15583197","32","15237233"
"KN295667v1","373226","373535","JH378288","1088673","1088973","40","715447"
"KN295667v1","384736","385037","JH378126","23919556","23919859","34","23534820"
"KN295667v1","396334","396415","JH378155","7550743","7550826","13","7154409"
"KN295667v1","396427","396723","JH378205","5028988","5029280","54","4632561"
"KN295667v1","459852","460151","JH378198","6294233","6294526","40","5834381"
"KN295667v1","469107","469281","JH378107","32014212","32014385","31","31545105"
"KN295667v1","470547","470746","JH378265","16039","16236","28","454508"
"KN295667v1","471048","471169","JH378149","12775530","12775645","18","12304482"
"KN295667v1","505385","505673","JH378190","564121","564407","33","58736"
"KN295667v1","505963","506254","JH378262","1318764","1319058","35","812801"
"KN295667v1","521669","521962","JH378121","29566176","29566469","34","29044507"
"KN295667v1","523017","523309","JH378125","4727308","4727603","43","4204291"
"KN295667v1","530476","530781","JH378140","6949611","6949909","49","6419135"
"KN295667v1","537281","537584","JH378115","25041145","25041450","36","24503864"
"KN295667v1","561025","561302","JH378146","10257562","10257844","48","9696537"
"KN295667v1","575893","576184","JH378154","10779530","10779821","35","10203637"
"KN295667v1","577239","577492","JH378106","27361070","27361332","49","26783831"
"KN295667v1","590466","590776","JH378142","1879520","1879819","45","1289054"
"KN295667v1","611239","611545","JH378126","21026752","21027059","31","20415513"
"KN295667v1","619162","619244","JH378155","7550743","7550826","9","6931581"
"KN295667v1","628895","629196","JH378151","4318339","4318636","33","3689444"
"KN295667v1","631258","631561","JH378170","3959339","3959640","39","3328081"
"KN295667v1","631582","631883","JH378126","21026752","21027059","39","20395170"
"KN295667v1","643856","643934","JH378110","28639356","28639429","16","27995500"
"KN295667v1","664140","664452","JH378126","21026752","21027059","41","20362612"
"KN295667v1","665110","665412","JH378120","15320951","15321249","39","14655841"
"KN295667v1","673837","674108","JH378182","9240926","9241205","37","8567089"
"KN295667v1","691502","691800","JH378171","8954528","8954822","37","8263026"
"KN295667v1","694744","695050","JH378107","32189786","32190091","33","31495042"
"KN295667v1","695721","696001","JH378124","10835797","10836078","34","10140076"
"KN295667v1","702808","703101","JH378105","46095080","46095368","33","45392272"
"KN295667v1","706733","707045","JH378248","1998206","1998508","40","1291473"
"KN295667v1","717862","717928","JH378124","12219764","12219834","16","11501902"
"KN295667v1","722923","723203","JH378105","63565351","63565629","41","62842428"
"KN295667v1","730813","731088","JH378232","2649516","2649781","43","1918703"
"KN295667v1","731125","731431","JH378114","36239045","36239343","40","35507920"
"KN295667v1","742046","742361","JH378111","26701569","26701879","49","25959523"
"KN295667v1","755674","755972","JH378146","15827373","15827672","35","15071699"
"KN295667v1","757607","757902","JH378118","1390919","1391217","33","633312"
"KN295667v1","764610","764904","JH378120","21671957","21672253","39","20907347"
"KN295667v1","777126","777424","JH378114","37036188","37036491","31","36259062"
"KN295667v1","795658","795966","JH378141","17755647","17755956","35","16959989"
"KN295667v1","803522","803814","JH378151","8381511","8381803","32","7577989"
"KN295667v1","805060","805096","JH378133","19963527","19963570","10","19158467"
"KN295667v1","806221","806562","JH378141","16990331","16990666","50","16184110"
"KN295667v1","826375","826678","JH378197","7145768","7146073","36","6319393"
"KN295667v1","847504","847773","JH378117","19416964","19417229","40","18569460"
"KN295667v1","879985","880289","JH378255","1560098","1560402","34","680113"
"KN295667v1","904292","904580","JH378149","1427296","1427590","36","523004"
"KN295667v1","918274","918571","JH378117","24258354","24258650","33","23340080"
"KN295667v1","918961","919248","JH378182","3623832","3624120","29","2704871"
"KN295667v1","923298","923606","JH378288","1088673","1088973","40","165375"
"KN295667v1","929682","929995","JH378225","6457829","6458137","41","5528147"
"KN295667v1","930483","930781","JH378117","8553305","8553608","45","7622822"
"KN295667v1","936514","936805","JH378107","57315990","57316289","48","56379476"
"KN295667v1","949983","950292","JH378135","1042676","1042987","35","92693"
"KN295667v1","967399","967717","JH378167","5351158","5351469","49","4383759"
"KN295667v1","977950","978246","JH378173","4155896","4156193","36","3177946"
"KN295667v1","978990","979311","JH378131","770886","771191","44","208104"
"KN295667v1","992148","992375","JH378105","8460223","8460442","31","7468075"
"KN295667v1","1009399","1009530","JH378291","907213","907344","7","102186"
"KN295667v1","1024226","1024531","JH378115","25041145","25041450","40","24016919"
"KN295667v1","1025953","1026254","JH378151","4318339","4318636","36","3292386"
"KN295667v1","1038411","1038709","JH378124","15582898","15583197","36","14544487"
"KN295667v1","1072121","1072418","JH378105","58576812","58577108","38","57504691"
"KN295667v1","1101471","1101779","JH378355","264810","265118","33","836661"
"KN295667v1","1110546","1110823","JH378177","8225190","8225466","36","7114644"
"KN295667v1","1124747","1124907","JH378149","17151869","17152029","22","16027122"
"KN295667v1","1143774","1143942","JH378216","2438961","2439128","17","1295187"
"KN295667v1","1174455","1174757","JH378129","10258595","10258896","40","9084140"
"KN295667v1","1179098","1179389","JH378121","29566176","29566469","37","28387078"
"KN295667v1","1185509","1185639","JH378180","815630","815761","10","369879"
"KN295667v1","1185643","1185933","JH378105","30024561","30024853","45","28838918"
"KN295667v1","1188063","1188360","JH378115","33135454","33135750","36","31947391"
"KN295667v1","1202222","1202507","JH378148","7299728","7300012","41","6097506"
"KN295667v1","1206043","1206331","JH378153","7392982","7393269","35","6186939"
"KN295667v1","1208147","1208449","JH378291","2024977","2025281","48","816830"
"KN295667v1","1214155","1214457","JH378167","5351158","5351469","40","4137003"
"KN295667v1","1216151","1216455","JH378153","2075387","2075682","43","859236"
"KN295667v1","1219511","1219788","JH378113","39037457","39037739","49","37817946"
"KN295667v1","1220262","1220413","JH378143","6057565","6057700","28","4837303"
"KN295667v1","1220414","1220700","JH378263","96603","96884","43","1123811"
"KN295667v1","1220701","1220759","JH378149","17448174","17448217","17","16227473"
"KN295667v1","1224111","1224275","JH378255","3737914","3738078","23","2513803"
"KN295667v1","1228061","1228372","JH378193","9256338","9256648","42","8028277"
"KN295667v1","1235001","1235306","JH378106","6434398","6434702","46","5199397"
"KN295667v1","1237840","1238123","JH378170","371580","371861","33","866260"
"KN295667v1","1238157","1238190","JH378105","31065877","31065908","17","29827720"
"KN295667v1","1242446","1242743","JH378177","4517026","4517324","38","3274580"
"KN295667v1","1250983","1251274","JH378105","301239","301526","51","949744"
"KN295667v1","1272390","1272697","JH378140","4966956","4967259","39","3694566"
"KN295667v1","1279699","1279821","JH378149","3411411","3411530","24","2131712"
"KN295667v1","1280127","1280301","JH378105","7989357","7989531","22","6709230"
"KN295667v1","1325212","1325508","JH378191","934416","934715","31","390796"
"KN295667v1","1332229","1332538","JH378139","18632207","18632516","35","17299978"
"KN295667v1","1342129","1342431","JH378170","4783494","4783792","38","3441365"
"KN295667v1","1403975","1404256","JH378146","6356308","6356586","31","4952333"
"KN295667v1","1432375","1432690","JH378197","7145768","7146073","49","5713393"
"KN295667v1","1514443","1514736","JH378139","16290412","16290704","34","14775969"
"KN295667v1","1519366","1519669","JH378115","25570507","25570808","39","24051141"
"KN295667v1","1536064","1536377","JH378111","32787449","32787755","38","31251385"
"KN295667v1","1537645","1537951","JH378152","15357394","15357702","41","13819749"
"KN295667v1","1539464","1539728","JH378193","3248833","3249099","32","1709369"
"KN295667v1","1639708","1640002","JH378303","91132","91421","43","1548576"
"KN295667v1","1648557","1648868","JH378126","21026752","21027059","35","19378195"
"KN295667v1","1785288","1785469","JH378142","1161811","1161989","48","623477"
"KN295667v1","1790421","1790715","JH378105","36900565","36900857","40","35110144"
"KN295667v1","1792340","1792471","JH378112","33333897","33334028","19","31541557"
"KN295667v1","1799730","1800033","JH378178","6966092","6966381","45","5166362"
"KN295667v1","1826690","1826775","JH378116","27429214","27429296","13","25602524"
"KN295667v1","1828463","1828771","JH378133","10758764","10759071","37","8930301"
"KN295667v1","1834473","1834802","JH378300","871262","871578","45","963211"
"KN295667v1","1856009","1856303","JH378108","29130566","29130860","36","27274557"
"KN295667v1","1856501","1856782","JH378146","2213893","2214175","44","357392"
"KN295667v1","1865439","1865726","JH378290","651061","651352","38","1214378"
"KN295667v1","1870783","1871101","JH378113","13681784","13682099","59","11811001"
"KN295667v1","1921340","1921653","JH378165","5178810","5179119","38","3257470"
"KN295667v1","1922719","1923020","JH378128","3602080","3602381","38","1679361"
"KN295667v1","1932836","1933124","JH378148","2991662","2991955","33","1058826"
"KN295667v1","1936645","1936954","JH378145","10647108","10647417","33","8710463"
"KN295667v1","1957653","1957947","JH378105","51889615","51889908","35","49931962"
"KN295667v1","1964402","1964704","JH378213","5393305","5393609","34","3428903"
"KN295667v1","1986338","1986625","JH378116","24890259","24890547","40","22903921"
"KN295667v1","1994270","1994448","JH378105","9061207","9061387","32","7066937"
"KN295667v1","1998299","1998612","JH378126","21026752","21027059","37","19028453"
"KN295667v1","1999919","2000000","JH378135","9712373","9712453","9","7712454"
"KN295667v1","2003414","2003712","JH378115","23204052","23204351","39","21200638"
"KN295667v1","2027416","2027574","JH378157","4804129","4804282","26","2776713"
"KN295667v1","2027882","2028016","JH378175","6716650","6716786","13","4688768"
"KN295667v1","2029484","2029778","JH378227","68096","68393","34","1961388"
"KN295667v1","2075278","2075560","JH378148","7299728","7300012","39","5224450"
"KN295667v1","2124470","2124775","JH378271","1329150","1329448","41","795320"
"KN295667v1","2203123","2203317","JH378188","9662163","9662360","26","7459040"
"KN295667v1","2229800","2230090","JH378109","52148","52435","35","2177652"
"KN295667v1","2230382","2230542","JH378188","9024707","9024874","27","6794325"
"KN295667v1","2231591","2231887","JH378115","32068852","32069153","48","29837261"
"KN295667v1","2271551","2271853","JH378148","3164823","3165131","40","893272"
"KN295667v1","2277827","2278104","JH378129","11457553","11457829","28","9179726"
"KN295667v1","2282214","2282491","JH378129","11457553","11457829","28","9175339"
"KN295667v1","2318042","2318349","JH378112","20327070","20327378","37","18009028"
"KN295667v1","2355576","2355869","JH378106","8294885","8295176","39","5939309"
"KN295667v1","2368408","2368700","JH378157","9676550","9676840","28","7308142"
"KN295667v1","2441020","2441192","JH378114","36680991","36681162","26","34239971"
"KN295667v1","2441959","2442242","JH378111","19524517","19524801","36","17082558"
"KN295667v1","2464880","2465028","JH378107","32052240","32052384","23","29587360"
"KN295667v1","2465774","2465985","JH378235","5655329","5655537","26","3189555"
"KN295667v1","2465986","2466172","JH378294","1148401","1148594","46","1317585"
"KN295671v1","1","303","JH378116","24890259","24890547","45","24890258"
"KN295671v1","28238","28532","JH378106","6826425","6826714","38","6798187"
"KN295671v1","34041","34312","JH378123","831628","831897","38","797587"
"KN295671v1","44385","44690","JH378144","18340173","18340472","38","18295788"
"KN295671v1","90421","90725","JH378112","41414857","41415161","62","41324436"
"KN295671v1","97110","97406","JH378107","6641537","6641829","38","6544427"
"KN295671v1","113223","113523","JH378123","17807871","17808173","44","17694648"
"KN295671v1","127134","127221","JH378167","6205829","6205915","9","6078695"
"KN295671v1","131805","132112","JH378155","2163615","2163921","41","2031810"
"KN295671v1","138065","138343","JH378127","12847462","12847732","39","12709397"
"KN295671v1","139660","139835","JH378107","45905793","45905960","29","45766133"
"KN295671v1","139848","140058","JH378208","1496707","1496913","22","1356859"
"KN295671v1","161126","161391","JH378173","6043976","6044232","42","5882850"
"KN295671v1","177773","178048","JH378144","1448431","1448705","39","1270658"
"KN295671v1","180858","181154","JH378111","25592503","25592799","32","25411645"
"KN295671v1","184809","184974","AGCE01149740","1081","1246","21","183728"
"KN295671v1","185591","185900","JH378126","21026752","21027059","40","20841161"
"KN295671v1","191203","191507","JH378118","27574251","27574547","38","27383048"
"KN295671v1","194394","194692","JH378327","557434","557726","44","363040"
"KN295671v1","197227","197523","JH378167","8141531","8141823","36","7944304"
"KN295671v1","206695","206896","JH378109","47425046","47425253","28","47218351"
"KN295671v1","206929","206943","JH378189","7208291","7208302","5","7001362"
"KN295671v1","207550","207855","JH378170","4783494","4783792","38","4575944"
"KN295671v1","210203","210495","JH378144","6119720","6120009","37","5909517"
"KN295671v1","217233","217532","JH378107","556207","556505","32","338974"
"KN295671v1","227541","227842","JH378156","9166475","9166782","44","8938934"
"KN295671v1","228930","229096","JH378204","7873991","7874160","18","7645061"
"KN295671v1","229375","229502","JH378220","1088125","1088257","17","858750"
"KN295671v1","236257","236562","JH378257","87786","88089","36","148471"
"KN295671v1","247933","248063","JH378118","9902811","9902936","22","9654878"
"KN295671v1","248368","248538","JH378126","11296996","11297165","22","11048628"
"KN295671v1","268657","268955","JH378125","15893280","15893581","34","15624623"
"KN295671v1","269311","269419","JH378110","22178927","22179036","16","21909616"
"KN295671v1","305541","305824","JH378148","7299728","7300012","35","6994187"
"KN295671v1","311807","312083","JH378112","35063777","35064058","38","34751970"
"KN295672v1","1765","1924","JH378329","244652","244810","28","242887"
"KN295681v1","38","195","JH378107","26362497","26362652","18","26362459"
"KN295681v1","10847","11156","JH378120","10280397","10280698","34","10269550"
"KN295685v1","25298","25609","JH378106","6288995","6289306","38","6263697"
"KN295685v1","73324","73402","JH378204","5931136","5931208","13","5857812"
"KN295685v1","198320","198612","JH378115","33135454","33135750","44","32937134"
"KN295685v1","495232","495401","JH378142","6352896","6353062","25","5857664"
"KN295685v1","877206","877508","JH378109","48536846","48537146","52","47659640"
"KN295685v1","888454","888744","JH378105","55697359","55697652","40","54808905"
"KN295685v1","923638","923954","JH378108","30731255","30731558","54","29807617"
"KN295685v1","928722","929020","JH378110","19934311","19934616","46","19005589"
"KN295685v1","938833","939139","JH378185","1841930","1842234","41","903097"
"KN295685v1","954651","954948","JH378148","16616613","16616900","51","15661962"
"KN295685v1","956289","956597","JH378135","17495792","17496088","50","16539503"
"KN295685v1","977110","977167","JH378107","49865593","49865646","15","48888483"
"KN295685v1","992635","992813","JH378118","11986172","11986342","30","10993537"
"KN295685v1","1076670","1076951","JH378116","24343941","24344219","43","23267271"
"KN295685v1","1081245","1081508","JH378106","63213409","63213668","43","62132164"
"KN295685v1","1185977","1186214","JH378173","2911733","2911969","32","1725756"
"KN295685v1","1372199","1372523","JH378114","41668323","41668648","43","40296124"
"KN295685v1","1480782","1481078","JH378130","12925156","12925452","44","11444374"
"KN295685v1","1538816","1539101","JH378105","3417808","3418095","30","1878992"
"KN295689v1","11484","11734","JH378125","19072461","19072709","40","19060977"
"KN295689v1","186218","186519","JH378125","5890386","5890685","41","5704168"
"KN295689v1","192243","192539","JH378105","54150095","54150392","40","53957852"
"KN295689v1","445770","446065","JH378139","15119668","15119965","36","14673898"
"KN295692v1","5963","6262","JH378142","5865502","5865800","40","5859539"
"KN295692v1","13202","13500","JH378228","5509057","5509356","38","5495855"
"KN295692v1","134163","134460","JH378105","55569683","55569974","33","55435520"
"KN295692v1","173341","173527","JH378184","7323895","7324082","26","7150554"
"KN295692v1","173530","173734","JH378217","6323324","6323522","26","6149794"
"KN295692v1","175340","175623","JH378137","11946599","11946876","38","11771259"
"KN295692v1","234525","234829","JH378197","7145768","7146073","48","6911243"
"KN295692v1","302526","302829","JH378127","5769610","5769910","29","5467084"
"KN295692v1","347127","347434","JH378123","491683","491985","44","144556"
"KN295692v1","417376","417636","JH378139","2679607","2679865","36","2262231"
"KN295692v1","495130","495426","JH378146","15827373","15827672","52","15332243"
"KN295692v1","1036612","1036906","JH378152","11319672","11319966","44","10283060"
"KN295692v1","1061964","1062229","JH378165","920270","920533","34","141694"
"KN295692v1","1063476","1063714","JH378173","2911733","2911969","27","1848257"
"KN295692v1","1094743","1095044","JH378198","1599087","1599389","44","504344"
"KN295692v1","1264741","1265052","JH378129","118784","119095","34","1145957"
"KN295692v1","1275403","1275661","JH378153","2748467","2748726","44","1473064"
"KN295692v1","1320150","1320498","JH378108","39655253","39655578","76","38335103"
"KN295692v1","1377824","1378136","JH378106","9882834","9883140","38","8505010"
"KN295692v1","1379572","1379787","JH378151","645312","645524","29","734260"
"KN295692v1","1380271","1380402","JH378120","18534023","18534155","13","17153752"
"KN295692v1","1395763","1396065","JH378141","10014232","10014538","43","8618469"
"KN295692v1","1411460","1411761","JH378151","4318339","4318636","43","2906879"
"KN295692v1","1416970","1417266","JH378149","12780936","12781227","37","11363966"
"KN295692v1","1420059","1420368","JH378126","21026752","21027059","36","19606693"
"KN295692v1","1440271","1440357","JH378111","26720412","26720496","5","25280141"
"KN295692v1","1450385","1450691","JH378113","6692573","6692881","40","5242188"
"KN295692v1","1464882","1465192","JH378111","32787449","32787755","37","31322567"
"KN295692v1","1524741","1525024","JH378226","5118898","5119186","42","3594157"
"KN295692v1","1547153","1547408","JH378139","2679607","2679865","34","1132454"
"KN295692v1","1565217","1565404","JH378184","7323895","7324082","24","5758678"
"KN295692v1","1610392","1610713","JH378149","11057149","11057455","47","9446757"
"KN295692v1","1627260","1627423","JH378105","10334415","10334566","36","8707155"
"KN295692v1","1628152","1628458","JH378105","140732","141039","41","1487420"
"KN295692v1","1654586","1654873","JH378185","832195","832487","45","822391"
"KN295692v1","1668680","1668758","JH378216","3951899","3951975","9","2283219"
"KN295692v1","1674716","1675019","JH378198","1599087","1599389","42","75629"
"KN295692v1","1704799","1705094","JH378151","8381511","8381803","40","6676712"
"KN295692v1","1717444","1717748","JH378119","23106486","23106789","41","21389042"
"KN295692v1","1740478","1740785","JH378123","491683","491985","33","1248795"
"KN295692v1","1749018","1749321","JH378130","1202684","1202989","36","546334"
"KN295692v1","1787119","1787420","JH378125","17186392","17186688","34","15399273"
"KN295692v1","1789639","1789937","JH378124","15582898","15583197","20","13793259"
"KN295692v1","1832067","1832353","JH378118","23926995","23927283","45","22094928"
"KN295692v1","1991994","1992307","JH378108","43842538","43842851","43","41850544"
"KN295692v1","2011438","2011541","JH378118","35562583","35562683","15","33551145"
"KN295692v1","2098561","2098822","JH378128","7150748","7151012","41","5052187"
"KN295692v1","2188326","2188537","JH378156","12182774","12182979","38","9994448"
"KN295692v1","2354135","2354362","JH378110","32879613","32879840","30","30525478"
"KN295692v1","2707200","2707499","JH378139","19415987","19416286","35","16708787"
"KN295692v1","2786247","2786523","JH378280","2951135","2951406","44","164888"
"KN295692v1","2789239","2789504","JH378112","34550752","34551027","37","31761513"
"KN295692v1","2806298","2806371","JH378226","5406686","5406759","8","2600388"
"KN295692v1","2867716","2867990","JH378112","30984953","30985228","41","28117237"
"KN295692v1","2899746","2900045","JH378144","18239514","18239805","44","15339768"
"KN295692v1","2950689","2950992","JH378121","28319189","28319488","39","25368500"
"KN295692v1","3005123","3005435","JH378153","765891","766198","45","2239232"
"KN295692v1","3100589","3100666","JH378194","8973763","8973842","10","5873174"
"KN295692v1","3101981","3102281","JH378169","7335650","7335946","34","4233669"
"KN295692v1","3582839","3583140","JH378173","9459011","9459316","46","5876172"
"KN295692v1","3586502","3586815","JH378149","11057149","11057455","41","7470647"
"KN295692v1","3684735","3685045","JH378111","16327122","16327424","37","12642387"
"KN295692v1","3720969","3721086","JH378131","9411996","9412100","26","5691027"
"KN295692v1","3787039","3787341","JH378151","13380446","13380741","38","9593407"
"KN295692v1","3788376","3788667","JH378114","7212697","7212987","38","3424321"
"KN295692v1","3986856","3987162","JH378137","15409800","15410103","43","11422944"
"KN295692v1","4105218","4105532","JH378120","16327645","16327955","44","12222427"
"KN295694v1","149236","149542","JH378334","216671","216977","40","67435"
"KN295697v1","177553","177853","JH378170","4783494","4783792","36","4605941"
"KN295697v1","241876","242174","JH378166","9829459","9829758","34","9587583"
"KN295697v1","274995","275298","JH378199","7492600","7492904","40","7217605"
"KN295697v1","364803","365108","JH378139","18632207","18632516","43","18267404"
"KN295697v1","476532","476833","JH378118","4661774","4662076","36","4185242"
"KN295697v1","557125","557436","JH378121","21980714","21981024","38","21423589"
"KN295697v1","579651","579933","JH378117","32467442","32467720","42","31887791"
"KN295697v1","593907","594203","JH378105","54150095","54150392","37","53556188"
"KN295700v1","65215","65514","JH378113","6692573","6692881","47","6627358"
"KN295700v1","224451","224490","JH378126","11234632","11234673","12","11010181"
"KN295700v1","303044","303339","JH378156","564555","564849","44","261511"
"KN295700v1","366019","366322","JH378173","9055905","9056209","50","8689886"
"KN295700v1","433091","433395","JH378118","4661774","4662076","38","4228683"
"KN295701v1","310698","311010","JH378211","2356763","2357069","30","2046065"
"KN295701v1","328703","328992","JH378242","97287","97580","30","231416"
"KN295701v1","472284","472595","JH378139","19415987","19416286","45","18943703"
"KN295701v1","485375","485643","JH378127","12847462","12847732","53","12362087"
"KN295701v1","509620","509924","JH378115","16925265","16925575","41","16415645"
"KN295701v1","510280","510575","JH378159","11461654","11461947","40","10951374"
"KN295701v1","528686","528970","JH378106","3052818","3053105","36","2524132"
"KN295701v1","539759","539938","JH378213","2634159","2634344","30","2094400"
"KN295701v1","561822","562128","JH378186","5408622","5408919","41","4846800"
"KN295701v1","577653","577951","JH378204","2014398","2014693","41","1436745"
"KN295701v1","594604","594853","JH378157","9717096","9717338","40","9122492"
"KN295701v1","614451","614755","JH378170","4783494","4783792","31","4169043"
"KN295701v1","625397","625708","JH378130","1202684","1202989","37","577287"
"KN295701v1","627931","628237","JH378112","20327070","20327378","42","19699139"
"KN295701v1","656763","657092","JH378120","16327645","16327955","61","15670882"
"KN295701v1","658099","658397","JH378115","34630697","34630989","41","33972598"
"KN295701v1","662595","662681","JH378106","12827241","12827324","16","12164646"
"KN295701v1","669991","670303","JH378129","3141791","3142100","40","2471800"
"KN295701v1","672532","672839","JH378126","21026752","21027059","38","20354220"
"KN295701v1","681659","681961","JH378110","12146106","12146409","37","11464447"
"KN295701v1","689798","690095","JH378240","2754780","2755080","29","2064982"
"KN295701v1","755499","755734","JH378125","8048471","8048709","28","7292972"
"KN295701v1","757988","758303","JH378225","6457829","6458137","45","5699841"
"KN295701v1","758582","758864","JH378119","4226584","4226862","52","3468002"
"KN295701v1","847197","847486","JH378105","59937562","59937849","37","59090365"
"KN295701v1","856911","857121","JH378183","3443354","3443567","35","2586443"
"KN295701v1","898852","899141","JH378158","6062678","6062968","33","5163826"
"KN295701v1","959927","960027","JH378111","15749887","15749998","22","14789960"
"KN295703v1","3777","4114","JH378108","43842538","43842851","58","43838761"
"KN295703v1","237420","237708","JH378139","18955642","18955939","46","18718222"
"KN295705v1","7006","7291","JH378143","18324379","18324664","33","18317373"
"KN295705v1","21764","22062","JH378115","28712376","28712673","32","28690612"
"KN295705v1","51084","51384","JH378173","9055905","9056209","36","9004821"
"KN295705v1","67715","68014","JH378124","15582898","15583197","37","15515183"
"KN295705v1","95197","95498","JH378220","2488714","2489019","36","2393517"
"KN295705v1","121821","122101","JH378129","11457553","11457829","42","11335732"
"KN295705v1","127147","127456","JH378130","1202684","1202989","38","1075537"
"KN295705v1","137165","137440","JH378109","10888586","10888859","36","10751421"
"KN295705v1","151952","152257","JH378166","1276502","1276806","47","1124550"
"KN295705v1","164987","165290","JH378313","879367","879673","45","714380"
"KN295705v1","177943","178241","JH378199","4482107","4482408","42","4304164"
"KN295705v1","202171","202497","JH378144","5269394","5269728","72","5067223"
"KN295705v1","224035","224348","JH378119","21520974","21521287","30","21296939"
"KN295705v1","229918","230201","JH378129","6219988","6220272","36","5990070"
"KN295705v1","237881","238190","JH378146","3351264","3351574","31","3113383"
"KN295705v1","265176","265470","JH378228","5829049","5829359","49","5563873"
"KN295705v1","285548","285864","JH378126","21026752","21027059","47","20741204"
"KN295705v1","307256","307561","JH378245","3773070","3773372","43","3465814"
"KN295705v1","372288","372583","JH378288","1088673","1088973","41","716385"
"KN295705v1","380623","380925","JH378148","2991662","2991955","47","2611039"
"KN295705v1","417634","417928","JH378161","8565278","8565567","48","8147644"
"KN295705v1","497163","497498","JH378138","6909735","6910067","53","6412572"
"KN295705v1","556617","556917","JH378122","4640366","4640664","37","4083749"
"KN295705v1","556961","557241","JH378170","5402038","5402322","38","4845077"
"KN295705v1","567630","567931","JH378115","24451661","24451966","42","23884031"
"KN295705v1","585849","586155","JH378159","5493568","5493869","39","4907719"
"KN295705v1","587180","587390","JH378108","54729327","54729531","33","54142147"
"KN295705v1","587681","587821","JH378244","4014019","4014155","28","3426338"
"KN295705v1","590695","591005","JH378123","491683","491985","40","99012"
"KN295705v1","595111","595196","JH378209","5848463","5848548","12","5253352"
"KN295705v1","598033","598323","JH378205","6545327","6545618","36","5947294"
"KN295705v1","600539","600841","JH378199","4482107","4482408","38","3881568"
"KN295705v1","607552","607851","JH378176","9178067","9178359","35","8570515"
"KN295705v1","608846","609151","JH378115","32830205","32830512","49","32221359"
"KN295705v1","619949","620244","JH378118","10671427","10671722","34","10051478"
"KN295705v1","621158","621459","JH378124","15582898","15583197","31","14961740"
"KN295705v1","622902","623212","JH378116","24645889","24646199","39","24022987"
"KN295705v1","624482","624780","JH378114","30126711","30127013","37","29502229"
"KN295705v1","634367","634677","JH378285","109951","110258","31","524416"
"KN295705v1","635668","635971","JH378178","1717736","1718040","37","1082068"
"KN295705v1","638034","638338","JH378110","32305325","32305628","30","31667291"
"KN295705v1","640062","640365","JH378106","1596997","1597295","42","956935"
"KN295705v1","648049","648345","JH378220","2784017","2784313","35","2135968"
"KN295705v1","652132","652420","JH378106","69356630","69356919","38","68704498"
"KN295705v1","653577","653872","JH378170","4783494","4783792","48","4129917"
"KN295705v1","658939","659247","JH378115","26640201","26640508","37","25981262"
"KN295705v1","661782","662092","JH378106","60843849","60844159","39","60182067"
"KN295705v1","667121","667414","JH378127","11653984","11654276","43","10986863"
"KN295705v1","676246","676550","JH378228","5616886","5617184","34","4940640"
"KN295705v1","702651","702959","JH378148","17201496","17201806","42","16498845"
"KN295705v1","706357","706641","JH378238","4530794","4531075","33","3824437"
"KN295705v1","725320","725629","JH378126","21026752","21027059","35","20301432"
"KN295705v1","744053","744346","JH378125","15267879","15268169","41","14523826"
"KN295705v1","744997","745270","JH378150","11875898","11876168","49","11130901"
"KN295705v1","747768","748070","JH378177","10723326","10723634","37","9975558"
"KN295705v1","766344","766521","JH378140","1043542","1043716","25","277198"
"KN295705v1","769701","770002","JH378163","2667861","2668158","30","1898160"
"KN295705v1","785995","786112","JH378123","7586913","7587027","28","6800918"
"KN295705v1","798891","799197","JH378126","21026752","21027059","35","20227861"
"KN295705v1","811635","811927","JH378110","32622278","32622571","40","31810643"
"KN295705v1","862653","862967","JH378187","2906095","2906405","37","2043442"
"KN295705v1","891543","891633","JH378343","243502","243591","12","648041"
"KN295705v1","892928","893192","JH378117","28719904","28720167","31","27826976"
"KN295705v1","910128","910431","JH378124","15582898","15583197","33","14672770"
"KN295705v1","979864","980166","JH378207","4818937","4819241","32","3839073"
"KN295705v1","1056885","1057166","JH378195","8294098","8294395","55","7237213"
"KN295705v1","1100646","1100941","JH378276","503796","504088","36","596850"
"KN295705v1","1283342","1283646","JH378284","1163902","1164203","42","119440"
"KN295705v1","1301036","1301325","JH378205","6545327","6545618","37","5244291"
"KN295705v1","1403547","1403854","JH378126","21026752","21027059","37","19623205"
"KN295705v1","1432532","1432833","JH378136","7484864","7485163","26","6052332"
"KN295705v1","1434026","1434243","JH378107","32748587","32748803","28","31314561"
"KN295705v1","1449242","1449535","JH378151","3515305","3515602","39","2066063"
"KN295705v1","1559775","1559909","JH378120","18534023","18534155","15","16974248"
"KN295705v1","1811340","1811647","JH378151","17063304","17063610","54","15251964"
"KN295705v1","1844449","1844754","JH378284","1163902","1164203","38","680547"
"KN295705v1","1866626","1866928","JH378115","25041145","25041450","27","23174519"
"KN295705v1","1877423","1877713","JH378153","7392982","7393269","30","5515559"
"KN295705v1","2097760","2098060","JH378197","7145768","7146073","37","5048008"
"KN295705v1","2423342","2423547","JH378199","1867892","1868100","29","555450"
"KN295705v1","2471204","2471497","JH378106","17756548","17756839","38","15285344"
"KN295705v1","2503891","2504210","JH378167","5351158","5351469","46","2847267"
"KN295705v1","2568278","2568596","JH378122","28678230","28678542","53","26109952"
"KN295705v1","2632168","2632476","JH378113","2640449","2640755","41","8281"
"KN295705v1","2711994","2712293","JH378115","28712376","28712673","39","26000382"
"KN295705v1","2842095","2842396","JH378176","9716970","9717264","36","6874875"
"KN295706v1","21626","21933","JH378126","21026752","21027059","32","21005126"
"KN295706v1","42876","43193","JH378116","37070221","37070536","38","37027345"
"KN295706v1","56215","56501","JH378198","810845","811137","36","754630"
"KN295706v1","66453","66751","JH378133","7813771","7814068","37","7747318"
"KN295706v1","66763","67064","JH378116","22991807","22992108","39","22925044"
"KN295706v1","67066","67360","JH378140","4207479","4207781","38","4140413"
"KN295706v1","69145","69427","JH378110","32091784","32092068","29","32022639"
"KN295706v1","131652","131950","JH378228","5509057","5509356","27","5377405"
"KN295706v1","149224","149522","JH378133","7813771","7814068","32","7664547"
"KN295706v1","158036","158344","JH378112","30436376","30436684","37","30278340"
"KN295706v1","162607","162885","JH378252","3797717","3797993","36","3635110"
"KN295706v1","205837","206122","JH378173","189557","189846","33","16280"
"KN295706v1","233634","233915","JH378119","21236610","21236894","34","21002976"
"KN295706v1","366314","366623","JH378106","59388710","59389020","33","59022396"
"KN295706v1","366696","366998","JH378127","19491153","19491454","30","19124457"
"KN295706v1","475549","475852","JH378113","2640449","2640755","33","2164900"
"KN295708v1","52874","53175","JH378228","5509057","5509356","28","5456183"
"KN295708v1","76940","77233","JH378157","9676550","9676840","33","9599610"
"KN295708v1","132307","132613","JH378172","3560988","3561286","46","3428681"
"KN295708v1","138352","138608","JH378217","230851","231102","35","92499"
"KN295708v1","146570","146872","JH378169","9488298","9488604","38","9341728"
"KN295708v1","167118","167416","JH378122","10686670","10686967","36","10519552"
"KN295708v1","174758","175092","JH378260","220392","220729","46","45634"
"KN295708v1","195538","195826","JH378173","9481732","9482022","42","9286194"
"KN295708v1","195859","196147","JH378216","1183275","1183567","40","987416"
"KN295708v1","249480","249787","JH378355","264810","265118","29","15330"
"KN295708v1","257520","257823","JH378108","30731255","30731558","35","30473735"
"KN295708v1","296657","296958","JH378220","2784017","2784313","32","2487360"
"KN295708v1","304726","305038","JH378126","21026752","21027059","39","20722026"
"KN295708v1","366108","366418","JH378206","4086994","4087300","33","3720886"
"KN295708v1","374898","375170","JH378171","6649331","6649621","48","6274433"
"KN295708v1","389023","389311","JH378151","15551938","15552226","36","15162915"
"KN295708v1","391603","391918","JH378107","7086674","7086981","44","6695071"
"KN295708v1","399223","399523","JH378137","20625340","20625638","50","20226117"
"KN295708v1","457179","457478","JH378285","2054128","2054425","39","1596949"
"KN295708v1","476268","476533","JH378144","16198935","16199190","41","15722667"
"KN295708v1","481652","481954","JH378193","5034246","5034548","33","4552594"
"KN295708v1","493362","493642","JH378141","18104473","18104759","40","17611111"
"KN295708v1","529555","529853","JH378265","2263256","2263553","31","1733701"
"KN295708v1","550764","551062","JH378123","22370373","22370673","38","21819609"
"KN295708v1","553158","553455","JH378113","17279344","17279644","29","16726186"
"KN295708v1","694202","694485","JH378281","1818627","1818914","40","1124425"
"KN295708v1","719721","720003","JH378149","4476855","4477140","38","3757134"
"KN295708v1","748086","748390","JH378111","8162796","8163099","49","7414710"
"KN295708v1","748923","749214","JH378159","2054904","2055199","26","1305981"
"KN295708v1","798747","799056","JH378142","14357789","14358085","44","13559042"
"KN295708v1","800150","800445","JH378288","1088673","1088973","37","288523"
"KN295708v1","820074","820377","JH378114","7122925","7123229","28","6302851"
"KN295708v1","822752","823060","JH378204","2665841","2666145","34","1843089"
"KN295708v1","823460","823763","JH378138","5380451","5380753","29","4556991"
"KN295708v1","843417","843666","JH378105","20942508","20942751","34","20099091"
"KN295708v1","847161","847444","AGCE01150543","1","288","34","847160"
"KN295708v1","847452","847738","JH378129","12822851","12823138","41","11975399"
"KN295708v1","847815","848114","JH378130","7315282","7315582","39","6467467"
"KN295708v1","858348","858653","JH378124","15582898","15583197","43","14724550"
"KN295708v1","875163","875404","JH378151","8290347","8290596","32","7415184"
"KN295708v1","880787","881087","JH378107","7568037","7568336","36","6687250"
"KN295708v1","963659","963744","JH378186","4729842","4729917","15","3766183"
"KN295708v1","1044653","1044953","JH378108","45945341","45945637","33","44900688"
"KN295708v1","1060085","1060396","JH378155","5848159","5848470","36","4788074"
"KN295708v1","1105561","1105848","JH378108","42296533","42296820","34","41190972"
"KN295708v1","1122497","1122637","JH378149","4750720","4750861","18","3628223"
"KN295708v1","1131117","1131436","JH378191","8446876","8447186","51","7315759"
"KN295708v1","1132738","1132881","JH378165","8531358","8531501","15","7398620"
"KN295708v1","1161078","1161380","JH378124","15582898","15583197","35","14421820"
"KN295708v1","1208786","1209085","JH378125","4727308","4727603","37","3518522"
"KN295708v1","1272581","1272869","JH378239","4541808","4542096","36","3269227"
"KN295708v1","1278287","1278587","JH378159","5493568","5493869","42","4215281"
"KN295708v1","1308613","1308924","JH378252","1972441","1972751","40","663828"
"KN295708v1","1319659","1319966","JH378156","9166475","9166782","48","7846816"
"KN295708v1","1335157","1335466","JH378118","24374217","24374525","42","23039060"
"KN295708v1","1341162","1341454","JH378111","32842929","32843219","36","31501767"
"KN295708v1","1346459","1346567","JH378257","3434267","3434376","14","2087808"
"KN295708v1","1346878","1347051","JH378128","14886156","14886326","25","13539278"
"KN295708v1","1349457","1349765","JH378129","1237412","1237719","38","112045"
"KN295708v1","1360165","1360462","JH378126","23144534","23144834","40","21784369"
"KN295708v1","1369735","1369846","JH378110","22178927","22179036","14","20809192"
"KN295708v1","1370230","1370406","JH378115","25551526","25551704","25","24181296"
"KN295708v1","1373128","1373427","JH378179","1841978","1842282","37","468850"
"KN295708v1","1377984","1378297","JH378117","28761602","28761906","47","27383618"
"KN295708v1","1378561","1378853","JH378167","8547558","8547847","30","7168997"
"KN295708v1","1394852","1395155","JH378124","15582898","15583197","33","14188046"
"KN295708v1","1419748","1420043","JH378113","2640449","2640755","40","1220701"
"KN295708v1","1430149","1430441","JH378125","15893280","15893581","34","14463131"
"KN295708v1","1523512","1523812","JH378115","4382023","4382316","45","2858511"
"KN295708v1","1550958","1551259","JH378137","418029","418333","39","1132929"
"KN295708v1","1562571","1562866","JH378186","9105917","9106213","36","7543346"
"KN295708v1","1569583","1569895","JH378126","21026752","21027059","34","19457169"
"KN295708v1","1569900","1570039","JH378193","345676","345813","17","1224224"
"KN295708v1","1588783","1588866","JH378194","8973121","8973204","11","7384338"
"KN295708v1","1604279","1604577","JH378145","2733878","2734174","38","1129599"
"KN295708v1","1608950","1609282","JH378139","18632207","18632516","56","17023257"
"KN295708v1","1610866","1611167","JH378170","4783494","4783792","35","3172628"
"KN295708v1","1625948","1626231","JH378106","10169760","10170049","44","8543812"
"KN295708v1","1626489","1626772","JH378106","10169760","10170049","44","8543271"
"KN295708v1","1634012","1634301","JH378241","366922","367214","44","1267090"
"KN295708v1","1635109","1635414","JH378116","10467844","10468156","59","8832735"
"KN295708v1","1643498","1643740","JH378127","23421527","23421764","35","21778029"
"KN295708v1","1660218","1660519","JH378157","8990110","8990411","39","7329892"
"KN295708v1","1679341","1679593","JH378151","8290347","8290596","32","6611006"
"KN295708v1","1727292","1727603","JH378152","11890185","11890492","39","10162893"
"KN295708v1","1806635","1806929","JH378113","25557523","25557821","47","23750888"
"KN295708v1","1891433","1891732","JH378149","16136463","16136764","40","14245030"
"KN295708v1","1966573","1966830","JH378299","754859","755115","40","1211714"
"KN295708v1","1992591","1992844","JH378236","2447832","2448061","58","455241"
"KN295708v1","1999060","1999358","JH378151","3515305","3515602","37","1516245"
"KN295708v1","2006781","2007022","JH378139","2032411","2032656","27","25630"
"KN295708v1","2123457","2123749","JH378159","2054904","2055199","38","68553"
"KN295708v1","2208080","2208385","JH378197","7145768","7146073","36","4937688"
"KN295708v1","2266148","2266445","JH378115","28712376","28712673","29","26446228"
"KN295708v1","2273035","2273281","JH378123","879093","879336","40","1393942"
"KN295708v1","2466840","2467129","JH378125","5348607","5348895","36","2881767"
"KN295708v1","2468539","2468853","JH378128","25353581","25353892","44","22885042"
"KN295708v1","2480246","2480546","JH378189","7485656","7485953","33","5005410"
"KN295708v1","2480555","2480860","JH378108","30731255","30731558","42","28250700"
"KN295708v1","2601584","2601897","JH378116","34449882","34450188","33","31848298"
"KN295708v1","2615136","2615440","JH378127","22219085","22219383","38","19603949"
"KN295708v1","2638886","2638951","JH378121","21904973","21905036","14","19266087"
"KN295708v1","2713613","2713898","JH378140","14073854","14074132","38","11360241"
"KN295708v1","2716312","2716592","JH378288","933022","933305","32","1783290"
"KN295708v1","2721163","2721458","JH378116","28869529","28869826","31","26148366"
"KN295708v1","2727146","2727448","JH378115","4382023","4382316","38","1654877"
"KN295708v1","2766434","2766739","JH378115","25041145","25041450","34","22274711"
"KN295708v1","2774442","2774734","JH378241","5492398","5492696","38","2717956"
"KN295708v1","2782283","2782587","JH378187","2906095","2906405","35","123812"
"KN295708v1","2793958","2794249","JH378110","35076565","35076859","39","32282607"
"KN295708v1","2796652","2796963","JH378269","3139226","3139540","35","342574"
"KN295708v1","2827831","2828123","JH378296","1500608","1500907","33","1327223"
"KN295708v1","2830107","2830412","JH378257","87786","88089","30","2742321"
"KN295708v1","2857201","2857476","JH378114","20276504","20276786","41","17419303"
"KN295709v1","71088","71388","JH378119","6124403","6124708","39","6053315"
"KN295713v1","381339","381485","JH378139","7749476","7749622","24","7368137"
"KN295713v1","449922","450057","JH378105","41984543","41984675","13","41534621"
"KN295714v1","28453","28555","JH378121","31055333","31055444","17","31026880"
"KN295714v1","28581","28656","JH378130","986977","987052","8","958396"
"KN295715v1","176605","176906","JH378106","6434398","6434702","39","6257793"
"KN295715v1","201669","201962","JH378123","15867196","15867491","39","15665527"
"KN295715v1","239251","239593","JH378118","17703617","17703951","54","17464366"
"KN295715v1","300529","300823","JH378122","13169953","13170248","38","12869424"
"KN295715v1","313478","313774","JH378107","31942956","31943255","39","31629478"
"KN295715v1","426515","426806","JH378137","7745755","7746044","40","7319240"
"KN295716v1","83361","83661","JH378149","16209912","16210210","36","16126551"
"KN295717v1","63726","64034","JH378167","5351158","5351469","32","5287432"
"KN295717v1","122872","122988","JH378106","14120132","14120250","18","13997260"
"KN295717v1","204404","204705","JH378107","6820470","6820772","38","6616066"
"KN295717v1","247038","247356","JH378135","14389481","14389791","49","14142443"
"KN295717v1","269421","269659","JH378125","8048471","8048709","32","7779050"
"KN295717v1","301671","301995","JH378143","7249577","7249884","52","6947906"
"KN295717v1","302497","302737","JH378312","74566","74822","51","227931"
"KN295717v1","308650","308953","JH378201","280759","281063","43","27891"
"KN295717v1","382474","382798","JH378115","34535430","34535751","41","34152956"
"KN295717v1","416729","417034","JH378148","15746643","15746952","42","15329914"
"KN295717v1","421586","421868","JH378224","4250150","4250431","38","3828564"
"KN295717v1","465544","465842","JH378167","5601025","5601323","35","5135481"
"KN295717v1","500816","501113","JH378220","2784017","2784313","34","2283201"
"KN295717v1","569439","569741","JH378288","1088673","1088973","42","519234"
"KN295717v1","806984","807267","JH378107","46598106","46598387","36","45791122"
"KN295717v1","851477","851779","JH378116","34449882","34450188","42","33598405"
"KN295717v1","886795","887104","JH378139","15235758","15236059","38","14348963"
"KN295717v1","943291","943461","JH378151","9614426","9614595","24","8671135"
"KN295717v1","951704","951973","JH378111","28967408","28967677","42","28015704"
"KN295717v1","983640","983941","JH378170","4783494","4783792","32","3799854"
"KN295717v1","1024472","1024777","JH378114","11511571","11511875","36","10487099"
"KN295717v1","1030018","1030358","JH378110","32125100","32125437","53","31095082"
"KN295717v1","1090132","1090426","JH378191","3103717","3104009","54","2013585"
"KN295717v1","1113885","1114190","JH378111","8162796","8163099","28","7048911"
"KN295717v1","1201342","1201639","JH378105","70791621","70791916","36","69590279"
"KN295717v1","1217795","1218078","JH378105","22270855","22271145","45","21053060"
"KN295717v1","1235422","1235728","JH378171","1296326","1296622","42","60904"
"KN295717v1","1408156","1408509","JH378110","40191387","40191728","54","38783231"
"KN295717v1","1429718","1430025","JH378175","7061237","7061546","39","5631519"
"KN295717v1","1534113","1534373","JH378138","8220928","8221194","44","6686815"
"KN295717v1","1660014","1660315","JH378108","34855756","34856063","49","33195742"
"KN295717v1","1668355","1668447","JH378144","13004267","13004358","13","11335912"
"KN295717v1","1786373","1786676","JH378320","58622","58932","38","1727751"
"KN295717v1","1805011","1805325","JH378171","5340113","5340423","42","3535102"
"KN295717v1","1839139","1839414","JH378157","3407714","3407989","37","1568575"
"KN295717v1","1845633","1845943","JH378137","4012884","4013190","36","2167251"
"KN295717v1","1913962","1914267","JH378119","6124403","6124708","27","4210441"
"KN295717v1","1925344","1925655","JH378288","1088673","1088973","42","836671"
"KN295717v1","1969366","1969649","JH378105","35665534","35665817","40","33696168"
"KN295717v1","2004269","2004567","JH378232","4358444","4358745","38","2354175"
"KN295717v1","2056247","2056558","JH378248","4319426","4319731","33","2263179"
"KN295717v1","2169409","2169711","JH378255","1560098","1560402","29","609311"
"KN295717v1","2276080","2276411","JH378117","19934113","19934430","48","17658033"
"KN295717v1","2299536","2299777","JH378123","879093","879336","32","1420443"
"KN295717v1","2345296","2345611","JH378118","24374217","24374525","47","22028921"
"KN295719v1","8598","8891","JH378106","69239155","69239449","36","69230557"
"KN295719v1","76232","76331","JH378328","23061","23156","14","53171"
"KN295719v1","138084","138380","JH378114","10561698","10561989","35","10423614"
"KN295719v1","166026","166267","JH378149","13751151","13751381","33","13585125"
"KN295719v1","183587","183885","JH378113","14455819","14456118","32","14272232"
"KN295719v1","198084","198378","JH378124","15582898","15583197","34","15384814"
"KN295719v1","198810","199107","JH378116","28869529","28869826","32","28670719"
"KN295719v1","227392","227714","JH378138","5964426","5964732","53","5737034"
"KN295720v1","41993","42226","JH378149","3162061","3162279","36","3120068"
"KN295721v1","5653","5962","JH378116","24645889","24646199","29","24640236"
"KN295721v1","7376","7462","JH378125","5308706","5308792","12","5301330"
"KN295721v1","39577","39755","JH378155","4472873","4473052","31","4433296"
"KN295721v1","40588","40872","JH378198","1177753","1178038","31","1137165"
"KN295721v1","164320","164630","JH378108","54090444","54090749","49","53926124"
"KN295721v1","186250","186551","JH378106","32310803","32311102","39","32124553"
"KN295721v1","225478","225762","JH378132","20715333","20715620","44","20489855"
"KN295721v1","445080","445360","JH378128","13337887","13338168","43","12892807"
"KN295721v1","642743","643028","JH378153","5259027","5259313","31","4616284"
"KN295721v1","660159","660469","JH378225","6457829","6458137","37","5797670"
"KN295721v1","692987","693315","JH378260","2282137","2282463","35","1589150"
"KN295722v1","11851","12140","JH378109","49008845","49009136","43","48996994"
"KN295722v1","119188","119490","JH378109","48536846","48537146","35","48417658"
"KN295722v1","133713","134017","JH378138","5380451","5380753","32","5246738"
"KN295722v1","145668","145971","JH378288","1561758","1562053","39","1416090"
"KN295722v1","193795","194105","JH378114","41068606","41068912","34","40874811"
"KN295722v1","195495","195796","JH378137","17773879","17774174","42","17578384"
"KN295722v1","203469","203770","JH378151","14166419","14166719","32","13962950"
"KN295722v1","215005","215314","JH378126","21026752","21027059","32","20811747"
"KN295722v1","299692","299871","JH378242","1957179","1957355","16","1657487"
"KN295722v1","401963","402270","JH378140","6602564","6602868","33","6200601"
"KN295722v1","554049","554339","JH378137","13538627","13538918","36","12984578"
"KN295722v1","678923","679233","JH378140","7338564","7338875","37","6659641"
"KN295722v1","872758","873039","JH378153","5259027","5259313","36","4386269"
"KN295722v1","976935","977247","JH378106","338856","339169","43","638079"
"KN295722v1","1255415","1255725","JH378112","32015097","32015397","58","30759682"
"KN295722v1","1301342","1301638","JH378116","28869529","28869826","30","27568187"
"KN295722v1","1369929","1370240","JH378172","12109808","12110113","38","10739879"
"KN295722v1","1466740","1467033","JH378130","14850984","14851275","42","13384244"
"KN295722v1","1520158","1520459","JH378197","7145768","7146073","38","5625610"
"KN295722v1","1534235","1534543","JH378119","32165812","32166119","36","30631577"
"KN295722v1","1538062","1538363","JH378126","21026752","21027059","30","19488690"
"KN295722v1","1592791","1593042","JH378114","19846800","19847051","37","18254009"
"KN295722v1","1593877","1594138","JH378325","71368","71639","45","1522509"
"KN295722v1","1760935","1761204","JH378226","5437320","5437595","34","3676385"
"KN295722v1","1768677","1768969","JH378197","7145768","7146073","49","5377091"
"KN295722v1","1832359","1832481","JH378113","33261","33381","10","1799098"
"KN295722v1","1846127","1846430","JH378123","491683","491985","32","1354444"
"KN295722v1","1859645","1859941","JH378162","8321287","8321581","35","6461642"
"KN295722v1","1872782","1873096","JH378140","6883086","6883394","40","5010304"
"KN295722v1","1897262","1897557","JH378113","17279344","17279644","36","15382082"
"KN295722v1","1924993","1925309","JH378246","4457511","4457836","44","2532518"
"KN295722v1","1975386","1975677","JH378110","13953259","13953553","28","11977873"
"KN295722v1","2077638","2077931","JH378137","6554559","6554852","37","4476921"
"KN295722v1","2095426","2095721","JH378204","1919828","1920127","37","175598"
"KN295722v1","2153984","2154275","JH378151","8381511","8381803","32","6227527"
"KN295722v1","2167234","2167546","JH378236","2099707","2100007","46","67527"
"KN295722v1","2351986","2352120","JH378194","9204373","9204507","20","6852387"
"KN295722v1","2513374","2513659","JH378144","7596090","7596371","36","5082716"
"KN295722v1","2595672","2595944","JH378106","1487935","1488200","41","1107737"
"KN295722v1","2604528","2604699","JH378106","70456146","70456311","25","67851618"
"KN295722v1","2659779","2660067","JH378137","7745755","7746044","34","5085976"
"KN295722v1","2670904","2671209","JH378119","6124403","6124708","35","3453499"
"KN295722v1","2777393","2777437","JH378134","11566465","11566516","13","8789072"
"KN295722v1","2812621","2812923","JH378137","11282926","11283229","44","8470305"
"KN295722v1","2835716","2836013","JH378157","9173410","9173709","35","6337694"
"KN295724v1","26398","26690","JH378167","10758551","10758838","50","10732153"
"KN295725v1","219219","219531","JH378110","32975507","32975812","34","32756288"
"KN295725v1","286257","286559","JH378199","4482107","4482408","39","4195850"
"KN295725v1","877792","878096","JH378114","37036188","37036491","41","36158396"
"KN295725v1","892277","892576","JH378220","2784017","2784313","38","1891740"
"KN295725v1","1040215","1040525","JH378153","3611566","3611877","41","2571351"
"KN295725v1","1151736","1152043","JH378114","20007254","20007561","34","18855518"
"KN295725v1","1197617","1197911","JH378333","587605","587900","31","610012"
"KN295725v1","1217159","1217471","JH378185","1547765","1548075","37","330606"
"KN295725v1","1331026","1331336","JH378127","15733864","15734171","49","14402838"
"KN295725v1","1364871","1365170","JH378159","10080729","10081027","36","8715858"
"KN295725v1","1397662","1397960","JH378291","1333564","1333860","34","64098"
"KN295725v1","1417398","1417681","JH378207","7640792","7641076","44","6223394"
"KN295725v1","1466522","1466819","JH378225","4269590","4269892","34","2803068"
"KN295725v1","1483393","1483606","JH378153","14246351","14246569","33","12762958"
"KN295725v1","1483943","1484156","JH378153","14246351","14246569","35","12762408"
"KN295725v1","1582992","1583286","JH378124","17702462","17702755","39","16119470"
"KN295725v1","1611783","1612094","JH378107","7086674","7086981","38","5474891"
"KN295725v1","1636930","1637218","JH378153","7392982","7393269","34","5756052"
"KN295725v1","1653714","1654016","JH378120","16327645","16327955","41","14673931"
"KN295725v1","1664292","1664583","JH378125","11716524","11716781","74","10052232"
"KN295725v1","1851127","1851433","JH378126","21026752","21027059","41","19175625"
"KN295725v1","1867452","1867752","JH378106","1533545","1533849","29","333907"
"KN295725v1","1876299","1876610","JH378206","4086994","4087300","32","2210695"
"KN295725v1","1945308","1945486","JH378221","1675671","1675845","25","269637"
"KN295725v1","2024080","2024361","JH378169","3247221","3247500","31","1223141"
"KN295725v1","2027508","2027823","JH378115","34859185","34859494","34","32831677"
"KN295725v1","2134792","2135096","JH378197","7145768","7146073","40","5010976"
"KN295725v1","2178528","2178762","JH378115","27185404","27185633","54","25006876"
"KN295726v1","262","448","JH378184","8811427","8811611","29","8811165"
"KN295729v1","220739","221031","JH378185","4190800","4191100","47","3970061"
"KN295729v1","284196","284489","JH378105","2418683","2418975","38","2134487"
"KN295729v1","452271","452570","JH378288","1088673","1088973","36","636402"
"KN295729v1","455273","455569","JH378116","21362676","21362970","41","20907403"
"KN295729v1","579657","579960","JH378159","5493568","5493869","34","4913911"
"KN295729v1","652431","652721","JH378153","7392982","7393269","43","6740551"
"KN295729v1","753156","753465","JH378151","13413694","13413997","44","12660538"
"KN295729v1","774497","774809","JH378156","2540624","2540935","44","1766127"
"KN295729v1","778695","778773","JH378113","22500001","22500079","6","21721306"
"KN295729v1","794357","794668","JH378109","34313310","34313620","38","33518953"
"KN295729v1","831848","832156","JH378167","3634937","3635246","31","2803089"
"KN295729v1","956720","956991","JH378105","22482519","22482787","43","21525799"
"KN295729v1","1015847","1016152","JH378131","770886","771191","35","244961"
"KN295729v1","1032581","1032878","JH378139","14518052","14518354","44","13485471"
"KN295729v1","1052920","1053231","JH378109","7824046","7824349","47","6771126"
"KN295729v1","1067879","1068184","JH378216","4224502","4224803","39","3156623"
"KN295729v1","1087053","1087350","JH378284","239562","239856","39","847491"
"KN295729v1","1165272","1165562","JH378205","6545327","6545618","29","5380055"
"KN295729v1","1178842","1179146","JH378255","1560098","1560402","31","381256"
"KN295729v1","1219860","1220140","JH378114","5750724","5750992","41","4530864"
"KN295729v1","1225863","1226161","JH378124","15582898","15583197","32","14357035"
"KN295729v1","1337775","1338088","JH378253","315934","316240","37","1021841"
"KN295729v1","1788145","1788324","JH378106","34695091","34695267","22","32906946"
"KN295729v1","1788366","1788478","JH378109","13686552","13686671","19","11898186"
"KN295732v1","68696","68991","JH378105","34052566","34052860","32","33983870"
"KN295732v1","319053","319335","JH378148","3284028","3284308","50","2964975"
"KN295732v1","342477","342778","JH378123","48357","48656","50","294120"
"KN295732v1","407557","407862","JH378124","15582898","15583197","33","15175341"
"KN295733v1","694","991","JH378126","24865113","24865412","35","24864419"
"KN295734v1","40747","41050","JH378253","315934","316240","34","275187"
"KN295734v1","181974","182255","JH378107","27056287","27056566","36","26874313"
"KN295735v1","69561","69857","JH378139","1980713","1981003","45","1911152"
"KN295735v1","103475","103760","JH378137","7407944","7408236","47","7304469"
"KN295735v1","120171","120277","JH378131","9411996","9412100","24","9291825"
"KN295735v1","121394","121680","JH378271","3343173","3343460","36","3221779"
"KN295735v1","200484","200794","JH378126","21026752","21027059","39","20826268"
"KN295735v1","234458","234583","JH378197","4415015","4415140","12","4180557"
"KN295735v1","331357","331653","JH378108","1472065","1472357","38","1140708"
"KN295735v1","413140","413419","JH378177","6664715","6664994","37","6251575"
"KN295735v1","474187","474545","JH378149","15697892","15698229","62","15223705"
"KN295735v1","480519","480833","JH378161","5569102","5569389","69","5088583"
"KN295735v1","509974","510269","JH378128","484028","484321","39","25946"
"KN295735v1","535219","535515","JH378159","11224483","11224779","38","10689264"
"KN295735v1","559322","559621","JH378125","16001713","16002013","31","15442391"
"KN295735v1","565160","565442","JH378262","448066","448345","41","117094"
"KN295735v1","574886","575188","JH378284","1163902","1164203","35","589016"
"KN295735v1","621271","621407","JH378112","32306622","32306757","15","31685351"
"KN295735v1","627332","627438","JH378141","10583682","10583790","15","9956350"
"KN295735v1","644048","644343","JH378119","13587498","13587792","43","12943450"
"KN295735v1","666399","666706","JH378126","21026752","21027059","39","20360353"
"KN295735v1","684981","685272","JH378234","2318777","2319068","37","1633796"
"KN295735v1","710662","710960","JH378115","28712376","28712673","32","28001714"
"KN295735v1","727195","727506","JH378116","26166005","26166316","35","25438810"
"KN295735v1","745970","746271","JH378113","14455819","14456118","41","13709849"
"KN295735v1","749292","749594","JH378116","32209502","32209801","46","31460210"
"KN295735v1","752296","752439","JH378131","15645171","15645316","19","14892875"
"KN295735v1","752736","752900","JH378216","4618718","4618882","22","3865982"
"KN295735v1","756971","757234","JH378255","943829","944096","35","186858"
"KN295735v1","758508","758812","JH378135","815286","815586","41","56778"
"KN295735v1","795933","796074","JH378143","6057565","6057700","17","5261632"
"KN295735v1","796828","797120","JH378129","2087148","2087444","35","1290320"
"KN295735v1","804266","804576","JH378285","2930560","2930866","34","2126294"
"KN295735v1","812867","813131","JH378220","6860983","6861246","44","6048116"
"KN295735v1","820866","821179","JH378112","33214699","33215012","38","32393833"
"KN295735v1","836023","836219","JH378115","31025049","31025241","43","30189026"
"KN295735v1","854693","855004","JH378172","8029909","8030215","43","7175216"
"KN295735v1","891080","891215","JH378265","2301345","2301481","17","1410265"
"KN295735v1","899087","899388","JH378124","15582898","15583197","39","14683811"
"KN295735v1","907979","908175","JH378107","6178193","6178389","26","5270214"
"KN295735v1","976985","977215","JH378123","19624469","19624699","40","18647484"
"KN295735v1","982562","982690","JH378171","5438590","5438718","16","4456028"
"KN295735v1","1008286","1008566","JH378183","2317204","2317496","43","1308918"
"KN295735v1","1034940","1035248","JH378137","4287337","4287646","44","3252397"
"KN295735v1","1055281","1055590","JH378124","22190181","22190488","47","21134900"
"KN295735v1","1057195","1057502","JH378171","4458179","4458478","37","3400984"
"KN295735v1","1064655","1064958","JH378206","702221","702523","48","362434"
"KN295735v1","1127991","1128165","JH378235","668861","669027","27","459130"
"KN295735v1","1128483","1128493","JH378189","7208291","7208302","2","6079808"
"KN295735v1","1129101","1129409","JH378126","5168618","5168929","35","4039517"
"KN295735v1","1134909","1135216","JH378216","6474633","6474943","33","5339724"
"KN295735v1","1157378","1157634","JH378144","5009240","5009490","37","3851862"
"KN295735v1","1172153","1172463","JH378117","22542408","22542714","51","21370255"
"KN295735v1","1180196","1180475","JH378193","1240379","1240665","41","60183"
"KN295735v1","1186104","1186374","JH378153","4070046","4070324","42","2883942"
"KN295735v1","1203963","1204273","JH378121","21980714","21981024","46","20776751"
"KN295735v1","1226224","1226571","JH378118","17703617","17703951","46","16477393"
"KN295735v1","1227059","1227354","JH378139","16259084","16259375","34","15032025"
"KN295735v1","1232474","1232767","JH378151","3515305","3515602","41","2282831"
"KN295735v1","1254702","1255007","JH378124","15558279","15558590","30","14303577"
"KN295735v1","1262308","1262449","JH378153","2127454","2127589","19","865146"
"KN295735v1","1276737","1276775","JH378126","11234632","11234673","10","9957895"
"KN295735v1","1279035","1279162","JH378107","57231024","57231155","17","55951989"
"KN295735v1","1312671","1312754","JH378128","11506241","11506323","9","10193570"
"KN295735v1","1313030","1313214","JH378122","6077669","6077860","25","4764639"
"KN295735v1","1359279","1359578","JH378289","1171711","1172004","37","187568"
"KN295735v1","1378176","1378468","JH378172","11772943","11773234","44","10394767"
"KN295735v1","1383572","1383866","JH378213","4745577","4745870","41","3362005"
"KN295735v1","1401516","1401795","JH378127","12847462","12847732","50","11445946"
"KN295735v1","1421344","1421644","JH378228","5509057","5509356","42","4087713"
"KN295735v1","1457279","1457439","JH378307","773392","773554","24","683887"
"KN295735v1","1473891","1474101","JH378208","1496707","1496913","32","22816"
"KN295735v1","1495251","1495543","JH378105","301239","301526","40","1194012"
"KN295735v1","1498895","1499192","JH378167","7707484","7707781","37","6208589"
"KN295735v1","1550852","1551152","JH378228","5616886","5617184","43","4066034"
"KN295735v1","1568347","1568623","JH378115","20662375","20662652","53","19094028"
"KN295735v1","1589342","1589616","JH378134","16278207","16278478","41","14688865"
"KN295735v1","1593099","1593402","JH378198","1599087","1599389","40","5988"
"KN295735v1","1610943","1611232","JH378170","5402038","5402322","38","3791095"
"KN295735v1","1614976","1615281","JH378105","54654842","54655153","47","53039866"
"KN295735v1","1617773","1618079","JH378125","15893280","15893581","43","14275507"
"KN295735v1","1635540","1635813","JH378167","10413598","10413872","32","8778058"
"KN295735v1","1653162","1653462","JH378127","22219085","22219383","45","20565923"
"KN295735v1","1719390","1719677","JH378108","49742462","49742756","40","48023072"
"KN295735v1","1720028","1720317","JH378216","5614489","5614775","64","3894461"
"KN295735v1","1747189","1747496","JH378235","1381290","1381589","39","365899"
"KN295735v1","1755568","1755846","JH378157","1917746","1918025","42","162178"
"KN295735v1","1783280","1783468","JH378115","36399462","36399650","27","34616182"
"KN295735v1","1792407","1792689","JH378148","7299728","7300012","34","5507321"
"KN295735v1","1793186","1793498","JH378126","21026752","21027059","33","19233566"
"KN295735v1","1805961","1806260","JH378190","8276191","8276493","36","6470230"
"KN295735v1","1811863","1812153","JH378105","21630016","21630306","38","19818153"
"KN295735v1","1826904","1827192","JH378110","17880643","17880926","34","16053739"
"KN295735v1","1877262","1877572","JH378106","1705581","1705889","41","171681"
"KN295736v1","104111","104244","JH378265","392626","392756","15","288515"
"KN295736v1","104556","104706","JH378263","1810006","1810152","20","1705450"
"KN295736v1","189967","190207","JH378105","1160237","1160477","39","970270"
"KN295736v1","209355","209662","JH378160","12242706","12243011","36","12033351"
"KN295736v1","217053","217362","JH378119","10723558","10723867","48","10506505"
"KN295736v1","242586","242869","JH378135","5628395","5628682","44","5385809"
"KN295736v1","400213","400506","JH378313","973182","973481","39","572969"
"KN295736v1","742614","742908","JH378207","3230665","3230964","43","2488051"
"KN295736v1","778095","778394","JH378127","130762","131063","39","647333"
"KN295736v1","791702","791898","JH378248","715070","715264","27","76632"
"KN295736v1","924945","925257","JH378187","2906095","2906405","38","1981150"
"KN295736v1","955852","956150","JH378111","11040923","11041222","43","10085071"
"KN295736v1","960745","961048","JH378205","4497688","4497989","34","3536943"
"KN295736v1","1158061","1158343","JH378106","63648485","63648770","31","62490424"
"KN295736v1","1248502","1248815","JH378126","21026752","21027059","32","19778250"
"KN295736v1","1365704","1366018","JH378106","60843849","60844159","42","59478145"
"KN295736v1","1396375","1396577","JH378238","4396239","4396443","23","2999864"
"KN295736v1","1448232","1448537","JH378206","702221","702523","55","746011"
"KN295736v1","1474876","1475220","JH378175","11139244","11139581","56","9664368"
"KN295736v1","1498020","1498355","JH378213","1914004","1914341","64","415984"
"KN295736v1","1581955","1582267","JH378120","18064684","18064995","38","16482729"
"KN295736v1","1763226","1763531","JH378197","7145768","7146073","39","5382542"
"KN295736v1","1817447","1817751","JH378105","21543455","21543757","40","19726008"
"KN295736v1","2056230","2056504","JH378196","6640362","6640635","36","4584132"
"KN295736v1","2173402","2173704","JH378220","2784017","2784313","34","610615"
"KN295736v1","2290035","2290342","JH378143","8697421","8697729","40","6407386"
"KN295736v1","2305692","2305999","JH378126","21026752","21027059","39","18721060"
"KN295736v1","2338957","2339097","JH378108","31466959","31467098","25","29128002"
"KN295736v1","2385683","2385977","JH378121","29566176","29566469","45","27180493"
"KN295736v1","2620382","2620630","JH378213","4901803","4902050","33","2281421"
"KN295736v1","2873769","2874078","JH378105","16185643","16185953","34","13311874"
"KN295736v1","2992592","2992873","JH378129","8280311","8280592","33","5287719"
"KN295736v1","3155246","3155548","JH378288","1088673","1088973","39","2066573"
"KN295736v1","3245629","3245929","JH378119","11297197","11297495","29","8051568"
"KN295736v1","3296554","3296834","JH378137","17271511","17271797","36","13974957"
"KN295736v1","3367280","3367562","JH378254","3964892","3965182","43","597612"
"KN295736v1","3455098","3455379","JH378111","19524517","19524801","40","16069419"
"KN295736v1","3785300","3785606","JH378159","5493568","5493869","40","1708268"
"KN295736v1","3894903","3895196","JH378328","452393","452688","34","3442510"
"KN295736v1","3926049","3926376","JH378189","1797420","1797734","49","2128629"
"KN295736v1","3961703","3961788","JH378204","3962186","3962271","12","483"
"KN295736v1","4112635","4112934","JH378115","35614877","35615170","41","31502242"
"KN295740v1","62300","62521","JH378149","3162061","3162279","27","3099761"
"KN295740v1","66781","66943","AGCE01149740","1081","1246","20","65700"
"KN295744v1","7867","8164","JH378195","750363","750668","37","742496"
"KN295744v1","18330","18514","JH378107","6322168","6322343","31","6303838"
"KN295744v1","49269","49565","JH378157","9676550","9676840","38","9627281"
"KN295744v1","111103","111400","JH378167","8141531","8141823","36","8030428"
"KN295744v1","127519","127827","JH378126","21026752","21027059","27","20899233"
"KN295744v1","210550","210840","JH378198","810845","811137","39","600295"
"KN295744v1","250323","250632","JH378127","15733864","15734171","35","15483541"
"KN295744v1","292587","292864","JH378140","14073854","14074132","37","13781267"
"KN295744v1","363838","364135","JH378265","2263256","2263553","36","1899418"
"KN295744v1","369652","369965","JH378193","3718023","3718334","41","3348371"
"KN295744v1","382919","383229","JH378139","18632207","18632516","35","18249288"
"KN295744v1","398217","398496","JH378279","102782","103056","35","295435"
"KN295744v1","402799","403103","JH378130","1202684","1202989","42","799885"
"KN295744v1","473918","474219","JH378106","6434398","6434702","36","5960480"
"KN295744v1","508781","509078","JH378137","17093543","17093840","36","16584762"
"KN295744v1","528752","529030","JH378129","22144489","22144771","36","21615737"
"KN295744v1","536421","536708","JH378216","6814492","6814786","35","6278071"
"KN295744v1","544714","545011","JH378137","17138846","17139141","32","16594132"
"KN295744v1","574781","575086","JH378113","6692573","6692881","39","6117792"
"KN295744v1","576731","576819","JH378105","8956038","8956127","17","8379307"
"KN295744v1","578084","578390","JH378119","6124403","6124708","37","5546319"
"KN295744v1","578550","578858","JH378162","12009235","12009540","36","11430685"
"KN295744v1","578914","579204","JH378305","1406958","1407245","31","828044"
"KN295744v1","579946","580244","JH378198","5676257","5676559","47","5096311"
"KN295744v1","582631","582932","JH378115","25570507","25570808","42","24987876"
"KN295744v1","615020","615330","JH378118","7969317","7969626","45","7354297"
"KN295744v1","622515","622813","JH378170","4783494","4783792","31","4160979"
"KN295744v1","642653","642959","JH378339","113275","113574","35","529378"
"KN295744v1","656356","656538","JH378234","1366386","1366566","25","710030"
"KN295744v1","656578","656702","JH378121","19729659","19729778","12","19073081"
"KN295744v1","674383","674674","JH378156","8773465","8773753","31","8099082"
"KN295746v1","201772","202058","JH378234","2412617","2412900","33","2210845"
"KN295746v1","242393","242687","JH378151","8652626","8652916","35","8410233"
"KN295746v1","255775","255956","JH378204","2641206","2641385","30","2385431"
"KN295746v1","294825","295135","JH378123","20433532","20433842","40","20138707"
"KN295746v1","313207","313498","JH378114","6470123","6470414","36","6156916"
"KN295746v1","321823","322138","JH378285","2377657","2377968","44","2055834"
"KN295746v1","327248","327549","JH378170","4783494","4783792","33","4456246"
"KN295746v1","342168","342464","JH378228","5509057","5509356","34","5166889"
"KN295746v1","375815","376163","JH378208","2050833","2051150","70","1675018"
"KN295747v1","227623","227916","JH378234","3485864","3486157","50","3258241"
"KN295747v1","259098","259401","JH378149","13456174","13456477","48","13197076"
"KN295747v1","272383","272666","JH378127","10291336","10291619","41","10018953"
"KN295748v1","165359","165664","JH378159","5493568","5493869","38","5328209"
"KN295748v1","171835","172150","JH378110","19934311","19934616","41","19762476"
"KN295748v1","186548","186841","JH378131","10452105","10452400","35","10265557"
"KN295748v1","191960","192273","JH378120","24470507","24470819","38","24278547"
"KN295748v1","222035","222147","JH378116","22517416","22517528","10","22295381"
"KN295748v1","226303","226445","JH378288","1921893","1922031","21","1695590"
"KN295748v1","235010","235324","JH378105","45532096","45532403","43","45297086"
"KN295748v1","268823","269101","JH378223","5543356","5543643","40","5274533"
"KN295748v1","294054","294359","JH378111","25473856","25474161","43","25179802"
"KN295748v1","355479","355724","JH378194","9132632","9132871","56","8777153"
"KN295749v1","3745","4035","JH378155","10031046","10031341","43","10027301"
"KN295750v1","10585","10888","JH378288","1088673","1088973","32","1078088"
"KN295750v1","122314","122437","JH378151","770380","770503","16","648066"
"KN295750v1","166532","166844","JH378120","16327645","16327955","43","16161113"
"KN295750v1","198725","199015","JH378206","7025586","7025873","38","6826861"
"KN295753v1","7398","7680","JH378145","12879121","12879408","35","12871723"
"KN295753v1","10427","10724","JH378137","17093543","17093840","24","17083116"
"KN295753v1","18716","18892","JH378187","657558","657737","18","638842"
"KN295753v1","158612","158947","JH378118","17703617","17703951","47","17545005"
"KN295753v1","211354","211555","JH378151","5515343","5515547","25","5303989"
"KN295754v1","74209","74477","JH378261","2439160","2439425","48","2364951"
"KN295755v1","1613","1911","JH378149","731929","732226","37","730316"
"KN295755v1","5424","5729","JH378262","456547","456851","42","451123"
"KN295755v1","23179","23342","JH378149","13115955","13116115","28","13092776"
"KN295755v1","24943","25247","JH378114","31670723","31671027","38","31645780"
"KN295755v1","32221","32519","JH378116","28869529","28869826","29","28837308"
"KN295755v1","57754","58035","JH378244","2666778","2667061","31","2609024"
"KN295755v1","64705","65012","JH378110","13866050","13866348","43","13801345"
"KN295755v1","71572","71874","JH378205","5080625","5080919","47","5009053"
"KN295755v1","101428","101709","JH378143","9295608","9295895","58","9194180"
"KN295757v1","7574","7862","JH378257","2733071","2733358","36","2725497"
"KN295757v1","16053","16271","JH378160","8189169","8189387","29","8173116"
"KN295758v1","25064","25338","JH378114","20586739","20587016","43","20561675"
"KN295758v1","44960","45115","JH378174","6524930","6525086","23","6479970"
"KN295758v1","170922","171197","JH378241","4443659","4443927","46","4272737"
"KN295758v1","197481","197761","JH378201","5342475","5342754","42","5144994"
"KN295758v1","542383","542678","JH378220","2784017","2784313","34","2241634"
"KN295758v1","569802","570103","JH378124","15582898","15583197","42","15013096"
"KN295758v1","588950","589247","JH378124","15582898","15583197","44","14993948"
"KN295758v1","598003","598210","JH378264","198254","198460","60","399749"
"KN295758v1","790297","790578","JH378204","3540391","3540677","38","2750094"
"KN295758v1","804902","805193","JH378108","54651268","54651558","40","53846366"
"KN295758v1","806101","806391","JH378105","21630016","21630306","42","20823915"
"KN295758v1","820051","820345","JH378151","8381511","8381803","29","7561460"
"KN295758v1","828232","828525","JH378164","13845793","13846084","37","13017561"
"KN295758v1","835387","835687","JH378137","11282926","11283229","37","10447539"
"KN295758v1","835701","835946","JH378189","2767760","2768000","33","1932059"
"KN295758v1","839121","839290","JH378106","24201359","24201526","23","23362238"
"KN295758v1","839312","839623","JH378115","26640201","26640508","32","25800889"
"KN295758v1","844529","844840","JH378113","6613006","6613316","35","5768477"
"KN295758v1","869399","869694","JH378115","4038670","4038960","39","3169271"
"KN295758v1","880810","881106","JH378152","11766091","11766391","38","10885281"
"KN295758v1","889995","890108","JH378121","4324384","4324501","23","3434389"
"KN295758v1","890255","890368","JH378121","4324384","4324501","24","3434129"
"KN295758v1","893314","893592","JH378107","2180506","2180785","39","1287192"
"KN295758v1","910657","910944","JH378193","5843405","5843685","43","4932748"
"KN295758v1","936147","936440","JH378115","28712376","28712673","40","27776229"
"KN295758v1","944607","944889","JH378106","8577573","8577851","49","7632966"
"KN295758v1","965786","966019","JH378235","2367186","2367422","49","1401400"
"KN295758v1","985904","986209","JH378115","25806536","25806838","39","24820632"
"KN295758v1","1002752","1003054","JH378109","16294392","16294694","34","15291640"
"KN295758v1","1021785","1022094","JH378165","5178810","5179119","36","4157025"
"KN295758v1","1031799","1032095","JH378105","10303340","10303637","36","9271541"
"KN295758v1","1041378","1041673","JH378195","8146827","8147126","39","7105449"
"KN295758v1","1045967","1046252","JH378126","11198637","11198921","37","10152670"
"KN295758v1","1051193","1051501","JH378126","21026752","21027059","40","19975559"
"KN295758v1","1088390","1088512","JH378118","1088107","1088231","16","283"
"KN295758v1","1089044","1089329","JH378108","31684940","31685235","46","30595896"
"KN295758v1","1112222","1112529","JH378151","6647965","6648275","34","5535743"
"KN295758v1","1165088","1165374","JH378128","23552528","23552813","41","22387440"
"KN295759v1","8663","8954","JH378223","4635052","4635343","45","4626389"
"KN295761v1","48594","48677","JH378155","7550743","7550826","14","7502149"
"KN295761v1","480450","480746","JH378153","12492355","12492642","45","12011905"
"KN295765v1","14394","14704","JH378139","19180439","19180749","40","19166045"
"KN295773v1","9990","10299","JH378106","70986080","70986388","48","70976090"
"KN295774v1","151913","152220","JH378236","5879507","5879817","48","5727594"
"KN295777v1","5675","5974","JH378120","17502232","17502546","43","17496557"
"KN295777v1","6549","6831","JH378305","1335286","1335564","34","1328737"
"KN295782v1","2222","2532","JH378199","2735832","2736142","46","2733610"
"KN295787v1","36890","37169","JH378153","4070046","4070324","37","4033156"
"KN295787v1","53154","53463","JH378114","17527220","17527528","40","17474066"
"KN295787v1","65708","66000","JH378151","4318339","4318636","46","4252631"
"KN295789v1","42772","43018","JH378106","63213409","63213668","45","63170637"
"KN295791v1","57306","57606","JH378130","3292901","3293206","38","3235595"
"KN295791v1","83862","84172","JH378125","18944528","18944835","54","18860666"
"KN295791v1","101961","102300","JH378121","16380436","16380774","52","16278475"
"KN295799v1","53475","53783","JH378148","17201496","17201806","41","17148021"
"KN295799v1","119646","119939","JH378106","6826425","6826714","33","6706779"
"KN295800v1","139020","139045","JH378222","6581835","6581856","9","6442815"
"KN295800v1","139093","139326","JH378125","5805856","5806089","44","5666763"
"KN295800v1","243404","243689","JH378119","23518157","23518444","41","23274753"
"KN295800v1","349676","349963","JH378151","13331025","13331323","49","12981349"
"KN295800v1","405212","405496","JH378157","9676550","9676840","39","9271338"
"KN295801v1","6240","6522","JH378156","16001855","16002135","37","15995615"
"KN295801v1","198236","198389","JH378108","53870735","53870881","23","53672499"
"KN295801v1","355640","355917","JH378173","5853217","5853492","37","5497577"
"KN295801v1","447813","448122","JH378172","9566909","9567221","41","9119096"
"KN295801v1","490516","490814","JH378129","6019738","6020036","39","5529222"
"KN295801v1","490820","490939","JH378133","9619362","9619481","15","9128542"
"KN295801v1","551318","551619","JH378228","5509057","5509356","37","4957739"
"KN295801v1","630036","630298","JH378191","1096598","1096860","41","466562"
"KN295801v1","647634","647935","JH378144","7014110","7014412","32","6366476"
"KN295801v1","820965","821277","JH378140","6602564","6602868","36","5781599"
"KN295801v1","851990","852125","JH378115","22562449","22562585","17","21710459"
"KN295801v1","866427","866725","JH378119","6124403","6124708","38","5257976"
"KN295801v1","987497","987807","JH378289","2125754","2126067","39","1138257"
"KN295802v1","15892","16195","JH378229","4120796","4121104","41","4104904"
"KN295802v1","97348","97672","JH378225","938523","938846","56","841175"
"KN295802v1","218017","218318","JH378127","19491153","19491454","39","19273136"
"KN295803v1","47669","47992","JH378199","6188287","6188595","57","6140618"
"KN295803v1","81268","81555","JH378106","69356630","69356919","32","69275362"
"KN295803v1","229908","230211","JH378127","13007847","13008144","44","12777939"
"KN295803v1","243713","244008","JH378326","131190","131490","39","112523"
"KN295803v1","248839","249000","JH378105","16504718","16504877","24","16255879"
"KN295803v1","283786","284067","JH378157","9676550","9676840","39","9392764"
"KN295803v1","473804","474109","JH378151","16588942","16589245","32","16115138"
"KN295803v1","493136","493405","JH378146","10361287","10361541","47","9868151"
"KN295803v1","690712","691021","JH378172","10192354","10192657","45","9501642"
"KN295803v1","712445","712745","JH378126","11198637","11198921","46","10486192"
"KN295803v1","833490","833818","JH378119","5709773","5710096","55","4876283"
"KN295803v1","856581","856655","JH378298","1590300","1590375","11","733719"
"KN295803v1","860969","861250","JH378158","11945046","11945327","32","11084077"
"KN295803v1","861986","862282","JH378110","27462895","27463191","34","26600909"
"KN295803v1","922549","922833","JH378109","12384120","12384406","36","11461571"
"KN295803v1","969745","970047","JH378288","2544946","2545249","31","1575201"
"KN295809v1","44951","45260","JH378113","3185389","3185700","38","3140438"
"KN295809v1","127087","127394","JH378119","14525310","14525617","42","14398223"
"KN295810v1","74082","74374","JH378151","8652626","8652916","22","8578544"
"KN295810v1","414413","414717","JH378113","37954777","37955081","43","37540364"
"KN295810v1","545216","545516","JH378109","49008845","49009136","51","48463629"
"KN295810v1","649427","649710","JH378182","9240926","9241205","60","8591499"
"KN295810v1","761741","761818","JH378153","717480","717556","13","44261"
"KN295810v1","832956","833251","JH378139","18955642","18955939","38","18122686"
"KN295814v1","1310661","1310915","JH378124","9700944","9701194","46","8390283"
"KN295814v1","1441572","1441877","JH378120","29206338","29206639","46","27764766"
"KN295814v1","1","171","JH378114","12376350","12376528","30","12376349"
"KN295814v1","21781","21983","JH378276","3093841","3094042","25","3072060"
"KN295814v1","27946","28259","JH378141","16136077","16136388","35","16108131"
"KN295814v1","52043","52352","JH378188","4506501","4506808","39","4454458"
"KN295814v1","73968","74141","JH378114","37038173","37038344","27","36964205"
"KN295814v1","74590","74759","JH378169","5056320","5056486","22","4981730"
"KN295814v1","75061","75195","JH378244","4014019","4014155","11","3938958"
"KN295814v1","76874","77042","JH378122","29505400","29505570","27","29428526"
"KN295814v1","85887","86167","JH378106","62206350","62206634","31","62120463"
"KN295814v1","146587","146880","JH378107","30010443","30010733","45","29863856"
"KN295814v1","154505","154798","JH378119","5809137","5809431","31","5654632"
"KN295814v1","180006","180288","JH378112","21520492","21520774","37","21340486"
"KN295814v1","197506","197804","JH378216","6814492","6814786","41","6616986"
"KN295814v1","248254","248571","JH378135","17620196","17620501","50","17371942"
"KN295814v1","262390","262683","JH378334","509481","509771","29","247091"
"KN295814v1","263300","263609","JH378115","26640201","26640508","39","26376901"
"KN295814v1","541225","541527","JH378110","29407125","29407428","35","28865900"
"KN295814v1","542454","542738","JH378140","8317728","8318013","37","7775274"
"KN295814v1","566015","566325","JH378113","6613006","6613316","33","6046991"
"KN295814v1","619444","619706","JH378128","7150748","7151012","33","6531304"
"KN295814v1","675703","676007","JH378156","9166475","9166782","48","8490772"
"KN295814v1","677184","677480","JH378139","10082446","10082743","36","9405262"
"KN295814v1","689398","689705","JH378122","28678230","28678542","51","27988832"
"KN295814v1","690116","690414","JH378115","28712376","28712673","37","28022260"
"KN295814v1","712047","712345","JH378332","518280","518577","32","193767"
"KN295814v1","714203","714498","JH378167","7707484","7707781","38","6993281"
"KN295814v1","733451","733741","JH378267","3325329","3325621","36","2591878"
"KN295814v1","736519","736740","JH378198","4542372","4542592","26","3805853"
"KN295814v1","737640","737938","JH378255","1560098","1560402","34","822458"
"KN295814v1","741278","741568","JH378216","6814492","6814786","32","6073214"
"KN295814v1","763219","763511","JH378153","12492355","12492642","50","11729136"
"KN295814v1","785394","785697","JH378181","2331193","2331494","35","1545799"
"KN295814v1","789740","790046","JH378119","30051653","30051956","37","29261913"
"KN295814v1","795040","795332","JH378111","4826730","4827024","35","4031690"
"KN295814v1","800100","800401","JH378137","10096778","10097079","39","9296678"
"KN295814v1","801758","802053","JH378220","2784017","2784313","39","1982259"
"KN295814v1","806934","807237","JH378110","30532171","30532470","42","29725237"
"KN295814v1","814400","814706","JH378183","7108185","7108489","47","6293785"
"KN295814v1","824648","824960","JH378165","5077694","5078005","33","4253046"
"KN295814v1","869604","869915","JH378111","26701569","26701879","34","25831965"
"KN295814v1","876512","876810","JH378228","5509057","5509356","37","4632545"
"KN295814v1","901186","901495","JH378228","5829049","5829359","41","4927863"
"KN295814v1","912122","912412","JH378202","6819935","6820227","42","5907813"
"KN295814v1","912611","912918","JH378264","759949","760251","50","152662"
"KN295814v1","913115","913422","JH378264","759949","760251","50","153166"
"KN295814v1","921513","921816","JH378115","25041145","25041450","32","24119632"
"KN295814v1","937232","937509","JH378114","29548603","29548879","40","28611371"
"KN295814v1","948983","949262","JH378140","14073854","14074132","37","13124871"
"KN295814v1","961731","962002","JH378153","1464515","1464781","38","502784"
"KN295814v1","979923","980226","JH378228","5527421","5527723","34","4547498"
"KN295814v1","982088","982262","JH378182","917820","917995","23","64268"
"KN295814v1","988056","988352","JH378137","12432448","12432746","40","11444392"
"KN295814v1","1005535","1005846","JH378220","3873191","3873499","44","2867656"
"KN295814v1","1022273","1022576","JH378128","3602080","3602381","36","2579807"
"KN295814v1","1046365","1046676","JH378146","3351264","3351574","34","2304899"
"KN295814v1","1052617","1052927","JH378279","1785224","1785536","41","732607"
"KN295814v1","1099521","1099829","JH378158","8002135","8002443","33","6902614"
"KN295814v1","1136689","1136988","JH378159","837474","837769","33","299215"
"KN295814v1","1148118","1148411","JH378119","18174954","18175252","42","17026836"
"KN295814v1","1151976","1152165","JH378277","3260842","3261022","36","2108866"
"KN295814v1","1152166","1152213","JH378260","74640","74683","11","1077526"
"KN295814v1","1168189","1168495","JH378115","25041145","25041450","36","23872956"
"KN295814v1","1186567","1186877","JH378110","19934311","19934616","37","18747744"
"KN295814v1","1190119","1190429","JH378141","10014232","10014538","39","8824113"
"KN295814v1","1191055","1191190","JH378244","4014019","4014155","11","2822964"
"KN295814v1","1191191","1191499","JH378112","35288143","35288449","38","34096952"
"KN295814v1","1191500","1191673","JH378142","1786403","1786574","18","594903"
"KN295814v1","1209480","1209780","JH378135","801581","801882","39","407899"
"KN295814v1","1210151","1210466","JH378146","3351264","3351574","46","2141113"
"KN295814v1","1215702","1215997","JH378115","16465194","16465489","39","15249492"
"KN295814v1","1219106","1219407","JH378137","11398263","11398561","29","10179157"
"KN295814v1","1295792","1296084","JH378152","11319672","11319966","33","10023880"
"KN295814v1","1301607","1301916","JH378185","841607","841910","33","460000"
"KN295814v1","1303134","1303428","JH378191","6177328","6177618","31","4874194"
"KN295814v1","1307604","1307903","JH378189","3743018","3743316","43","2435414"
"KN295814v1","1309589","1309884","JH378144","10686089","10686384","43","9376500"
"KN295814v1","1336653","1336789","JH378148","3345439","3345573","20","2008786"
"KN295814v1","1362209","1362500","JH378139","16259084","16259375","39","14896875"
"KN295814v1","1369157","1369468","JH378151","9746164","9746474","38","8377007"
"KN295814v1","1369670","1369968","JH378135","2797951","2798253","38","1428281"
"KN295814v1","1452086","1452374","JH378105","68730944","68731233","35","67278858"
"KN295814v1","1452782","1453071","JH378106","3052818","3053105","39","1600036"
"KN295814v1","1454339","1454652","JH378185","2584117","2584430","44","1129778"
"KN295814v1","1472266","1472565","JH378199","5185348","5185635","60","3713082"
"KN295814v1","1488791","1488926","JH378191","700315","700450","14","788476"
"KN295814v1","1489227","1489403","JH378119","14557794","14557966","37","13068567"
"KN295814v1","1492379","1492672","JH378216","6814492","6814786","36","5322113"
"KN295814v1","1501951","1502115","JH378136","4503688","4503849","28","3001737"
"KN295814v1","1502781","1503108","JH378134","18607839","18608162","50","17105058"
"KN295814v1","1507119","1507423","JH378157","1008995","1009298","31","498124"
"KN295814v1","1513188","1513485","JH378297","2014575","2014872","36","501387"
"KN295814v1","1513569","1513885","JH378115","16925265","16925575","43","15411696"
"KN295814v1","1518715","1518888","JH378122","22472934","22473106","23","20954219"
"KN295814v1","1518889","1519178","JH378148","921505","921795","38","597384"
"KN295814v1","1519179","1519314","JH378143","6057565","6057700","24","4538386"
"KN295814v1","1538603","1538904","JH378125","15893280","15893581","31","14354677"
"KN295814v1","1541521","1541815","JH378141","12391086","12391376","41","10849565"
"KN295814v1","1553540","1553838","JH378116","28869529","28869826","32","27315989"
"KN295814v1","1560433","1560732","JH378108","30731255","30731558","34","29170822"
"KN295814v1","1561472","1561732","JH378105","56511616","56511880","41","54950144"
"KN295814v1","1573835","1574137","JH378170","4783494","4783792","36","3209659"
"KN295814v1","1577708","1578014","JH378110","32975507","32975812","38","31397799"
"KN295814v1","1603626","1603930","JH378117","28313739","28314040","43","26710113"
"KN295814v1","1604227","1604380","JH378112","17682473","17682630","19","16078246"
"KN295814v1","1617383","1617683","JH378106","1596997","1597295","32","20386"
"KN295814v1","1619276","1619590","JH378137","14554585","14554893","39","12935309"
"KN295814v1","1645378","1645544","JH378181","5895050","5895213","22","4249672"
"KN295814v1","1645809","1645837","JH378131","1581060","1581101","14","64749"
"KN295814v1","1670091","1670382","JH378151","15551938","15552226","42","13881847"
"KN295816v1","16926","17204","JH378173","2753783","2754078","52","2736857"
"KN295820v1","186164","186465","JH378124","15582898","15583197","36","15396734"
"KN295820v1","206115","206390","JH378176","2398991","2399260","39","2192876"
"KN295820v1","241640","241916","JH378196","6605720","6605996","34","6364080"
"KN295820v1","245883","246185","JH378107","7568037","7568336","30","7322154"
"KN295820v1","355559","355847","JH378115","32760158","32760453","42","32404599"
"KN295820v1","459262","459554","JH378220","3352385","3352678","38","2893123"
"KN295820v1","493425","493717","JH378116","28869529","28869826","34","28376104"
"KN295820v1","602984","603283","JH378142","5865502","5865800","32","5262518"
"KN295820v1","617313","617608","JH378141","15243082","15243370","51","14625769"
"KN295820v1","648369","648666","JH378241","5492398","5492696","33","4844029"
"KN295820v1","656604","656915","JH378320","58622","58932","36","597982"
"KN295820v1","657695","657997","JH378110","38852916","38853220","40","38195221"
"KN295820v1","675276","675353","JH378108","13571882","13571961","16","12896606"
"KN295820v1","695267","695547","JH378203","1875936","1876204","75","1180669"
"KN295820v1","696805","697118","JH378187","2906095","2906405","42","2209290"
"KN295820v1","718203","718482","JH378124","10835797","10836078","40","10117594"
"KN295820v1","728169","728471","JH378166","8190162","8190462","39","7461993"
"KN295820v1","768596","768894","JH378227","2331484","2331782","39","1562888"
"KN295820v1","774593","774725","JH378137","7127684","7127813","17","6353091"
"KN295820v1","837601","837900","JH378122","7899624","7899919","37","7062023"
"KN295820v1","885097","885400","JH378137","11398263","11398561","37","10513166"
"KN295820v1","899620","899925","JH378115","23201999","23202310","36","22302379"
"KN295820v1","926015","926355","JH378110","32125100","32125437","47","31199085"
"KN295820v1","942931","943233","JH378149","11057149","11057455","35","10114218"
"KN295820v1","956181","956471","JH378236","2372296","2372589","36","1416115"
"KN295820v1","1015029","1015323","JH378127","11653984","11654276","29","10638955"
"KN295820v1","1037448","1037464","JH378111","33423149","33423167","7","32385701"
"KN295820v1","1037494","1037776","JH378205","5507645","5507928","40","4470151"
"KN295820v1","1076431","1076733","JH378137","10096778","10097079","36","9020347"
"KN295825v1","28307","28618","JH378115","16925265","16925575","39","16896958"
"KN295825v1","45054","45350","JH378139","15235758","15236059","44","15190704"
"KN295825v1","358898","359183","JH378158","7686228","7686516","37","7327330"
"KN295825v1","539029","539324","JH378146","16123126","16123423","39","15584097"
"KN295825v1","657843","658123","JH378238","696451","696731","32","38608"
"KN295825v1","728354","728633","JH378144","7596090","7596371","35","6867736"
"KN295825v1","790620","790921","JH378151","4318339","4318636","38","3527719"
"KN295825v1","794297","794581","JH378106","11352438","11352719","38","10558141"
"KN295825v1","797499","797799","JH378107","7568037","7568336","42","6770538"
"KN295825v1","822717","822998","JH378110","17880643","17880926","36","17057926"
"KN295825v1","840264","840527","JH378127","24612564","24612827","31","23772300"
"KN295825v1","872852","872972","JH378239","3905005","3905122","14","3032153"
"KN295825v1","873281","873443","JH378161","2222617","2222779","18","1349336"
"KN295825v1","922113","922424","JH378320","58622","58932","40","863491"
"KN295825v1","938713","939012","JH378121","17204752","17205050","35","16266039"
"KN295825v1","947263","947555","JH378151","8381511","8381803","35","7434248"
"KN295825v1","950372","950664","JH378137","7745755","7746044","33","6795383"
"KN295825v1","952951","953241","JH378107","2235751","2236046","51","1282800"
"KN295825v1","967872","968154","JH378110","47727266","47727552","40","46759394"
"KN295825v1","1027010","1027290","JH378107","3502371","3502649","48","2475361"
"KN295825v1","1030622","1030883","JH378106","63213409","63213668","29","62182787"
"KN295825v1","1036273","1036572","JH378220","2784017","2784313","36","1747744"
"KN295825v1","1090384","1090675","JH378127","23855108","23855401","31","22764724"
"KN295825v1","1193372","1193672","JH378111","10296327","10296627","33","9102955"
"KN295825v1","1195271","1195528","JH378111","33299861","33300117","37","32104590"
"KN295825v1","1199295","1199589","JH378198","6294233","6294526","35","5094938"
"KN295825v1","1224527","1224828","JH378153","6272029","6272332","42","5047502"
"KN295825v1","1285599","1285894","JH378288","1561758","1562053","43","276159"
"KN295825v1","1318467","1318773","JH378110","38852916","38853220","36","37534449"
"KN295825v1","1350905","1351176","JH378105","56511616","56511880","42","55160711"
"KN295825v1","1366439","1366749","JH378193","289042","289353","37","1077397"
"KN295825v1","1381162","1381455","JH378228","5509057","5509356","36","4127895"
"KN295825v1","1383547","1383831","JH378110","35445538","35445820","31","34061991"
"KN295825v1","1443126","1443421","JH378160","5753772","5754064","41","4310646"
"KN295825v1","1465842","1466125","JH378238","696451","696731","37","769391"
"KN295825v1","1492459","1492751","JH378194","2390312","2390602","34","897853"
"KN295825v1","1532954","1533256","JH378114","37036188","37036491","45","35503234"
"KN295825v1","1535415","1535730","JH378126","21026752","21027059","46","19491337"
"KN295825v1","1551011","1551322","JH378213","5393305","5393609","38","3842294"
"KN295825v1","1565307","1565616","JH378111","32787449","32787755","34","31222142"
"KN295825v1","1589608","1589878","JH378190","513909","514175","37","1075699"
"KN295825v1","1591907","1592188","JH378224","3408579","3408861","41","1816672"
"KN295825v1","1609400","1609715","JH378165","5178810","5179119","40","3569410"
"KN295825v1","1675565","1675851","JH378120","17788639","17788928","37","16113074"
"KN295825v1","1760187","1760498","JH378151","7439461","7439762","36","5679274"
"KN295825v1","1769574","1769870","JH378159","5493568","5493869","36","3723994"
"KN295825v1","1822232","1822531","JH378135","3624002","3624295","34","1801770"
"KN295825v1","1904627","1904922","JH378125","13626518","13626812","39","11721891"
"KN295825v1","2228307","2228593","JH378114","44222819","44223088","55","41994512"
"KN295825v1","2440028","2440332","JH378110","1915490","1915795","32","524538"
"KN295825v1","2448592","2448886","JH378163","2667861","2668158","35","219269"
"KN295825v1","2853577","2853886","JH378126","21026752","21027059","29","18173175"
"KN295825v1","3053845","3054141","JH378106","44399035","44399331","36","41345190"
"KN295825v1","3082805","3083106","JH378197","7145768","7146073","39","4062963"
"KN295825v1","3083814","3083945","JH378123","11618393","11618525","14","8534579"
"KN295825v1","3084606","3084737","JH378134","17076939","17077071","15","13992333"
"KN295825v1","3128817","3129123","JH378206","4086994","4087300","37","958177"
"KN295825v1","3163902","3164201","JH378159","11461654","11461947","39","8297752"
"KN295825v1","3217044","3217343","JH378206","2601973","2602278","45","615071"
"KN295825v1","3226501","3226811","JH378152","11654622","11654934","34","8428121"
"KN295825v1","3227787","3228096","JH378126","21026752","21027059","36","17798965"
"KN295825v1","3249624","3249928","JH378120","16327645","16327955","48","13078021"
"KN295825v1","3345876","3346170","JH378139","18955642","18955939","46","15609766"
"KN295825v1","3390927","3391229","JH378107","6565428","6565729","41","3174501"
"KN295825v1","3401273","3401572","JH378107","6820470","6820772","35","3419197"
"KN295825v1","3486685","3486971","JH378199","8552513","8552799","44","5065828"
"KN295825v1","3604867","3605155","JH378132","8756164","8756456","36","5151297"
"KN295828v1","282524","282836","JH378167","5880497","5880789","55","5597973"
"KN295828v1","378382","378677","JH378106","6929866","6930160","33","6551484"
"KN295828v1","532708","533007","JH378125","8242933","8243230","37","7710225"
"KN295828v1","629409","629705","JH378170","4783494","4783792","35","4154085"
"KN295828v1","815815","816113","JH378115","25570507","25570808","30","24754692"
"KN295828v1","817625","817897","JH378119","22503503","22503772","39","21685878"
"KN295828v1","905955","906261","JH378107","7086674","7086981","40","6180719"
"KN295828v1","913518","913824","JH378156","9166475","9166782","38","8252957"
"KN295828v1","930260","930537","JH378112","14608211","14608482","39","13677951"
"KN295828v1","935818","936115","JH378107","7568037","7568336","42","6632219"
"KN295828v1","950252","950551","JH378155","15098133","15098431","34","14147881"
"KN295828v1","957287","957591","JH378116","11181268","11181574","38","10223981"
"KN295828v1","975026","975344","JH378133","9511493","9511805","47","8536467"
"KN295828v1","1054482","1054780","JH378216","6814492","6814786","32","5760010"
"KN295828v1","1058315","1058598","JH378148","1124035","1124321","37","65720"
"KN295828v1","1098940","1099039","JH378126","24115264","24115364","11","23016324"
"KN295828v1","1155561","1155772","JH378127","8625267","8625477","31","7469706"
"KN295828v1","1184944","1185226","JH378139","16259084","16259375","40","15074140"
"KN295828v1","1439347","1439661","JH378320","58622","58932","43","1380725"
"KN295828v1","1456450","1456763","JH378126","21026752","21027059","37","19570302"
"KN295828v1","1497375","1497678","JH378106","7184286","7184584","42","5686911"
"KN295828v1","1522985","1523262","JH378110","27422005","27422291","54","25899020"
"KN295828v1","1604715","1605028","JH378119","6124403","6124708","45","4519688"
"KN295828v1","1847048","1847351","JH378255","1560098","1560402","31","286950"
"KN295828v1","1869274","1869589","JH378177","1165073","1165384","44","704201"
"KN295828v1","1891346","1891662","JH378130","19479596","19479907","42","17588250"
"KN295828v1","2077553","2077871","JH378115","25041145","25041450","47","22963592"
"KN295828v1","2311408","2311706","JH378137","17093543","17093840","30","14782135"
"KN295829v1","83031","83309","JH378106","70444924","70445198","41","70361893"
"KN295829v1","84091","84369","JH378106","70444924","70445198","41","70360833"
"KN295829v1","216605","216909","JH378129","12241608","12241912","45","12025003"
"KN295829v1","242837","243132","JH378151","8381511","8381803","45","8138674"
"KN295829v1","244237","244549","JH378106","41663866","41664176","48","41419629"
"KN295829v1","310862","311152","JH378144","7235841","7236134","37","6924979"
"KN295829v1","323256","323531","JH378136","14007580","14007856","39","13684324"
"KN295829v1","381255","381537","JH378279","102782","103056","43","278473"
"KN295829v1","420716","421016","JH378216","7160317","7160623","43","6739601"
"KN295829v1","693569","693841","JH378216","1387518","1387789","34","693949"
"KN295829v1","736560","736854","JH378159","837474","837769","36","100914"
"KN295829v1","844040","844340","JH378105","6888381","6888680","40","6044341"
"KN295829v1","1101049","1101362","JH378152","11654622","11654934","40","10553573"
"KN295829v1","1147867","1148146","JH378115","35423177","35423452","46","34275310"
"KN295829v1","1192271","1192456","JH378225","6560845","6561011","45","5368574"
"KN295830v1","1000","1272","JH378131","10717678","10717951","39","10716678"
"KN295830v1","24145","24450","JH378170","4783494","4783792","33","4759349"
"KN295830v1","46491","46735","JH378140","7730281","7730533","50","7683790"
"KN295830v1","86284","86579","JH378135","20208650","20208946","27","20122366"
"KN295830v1","98739","98843","JH378146","15044739","15044841","8","14946000"
"KN295830v1","112812","113098","JH378122","29649167","29649457","37","29536355"
"KN295830v1","114075","114379","JH378144","5063412","5063713","36","4949337"
"KN295830v1","128743","129024","JH378145","3227673","3227954","43","3098930"
"KN295831v1","115172","115456","JH378206","1272655","1272943","47","1157483"
"KN295832v1","34386","34588","JH378183","4113369","4113564","39","4078983"
"KN295832v1","83599","83899","JH378139","15235758","15236059","37","15152159"
"KN295832v1","157905","158195","JH378204","2935067","2935361","36","2777162"
"KN295832v1","198589","198761","JH378153","12500981","12501157","22","12302392"
"KN295832v1","203818","204114","JH378137","17093543","17093840","35","16889725"
"KN295832v1","263949","264242","JH378176","9743171","9743468","39","9479222"
"KN295832v1","342649","342955","JH378152","11890185","11890492","48","11547536"
"KN295832v1","408644","408940","JH378255","3321648","3321942","45","2913004"
"KN295832v1","460750","461043","JH378115","34859185","34859494","45","34398435"
"KN295832v1","528331","528635","JH378213","5393305","5393609","43","4864974"
"KN295832v1","782359","782659","JH378148","15796597","15796901","40","15014238"
"KN295832v1","829758","830026","JH378151","7414817","7415082","33","6585059"
"KN295832v1","876537","876716","JH378182","1250994","1251179","38","374457"
"KN295832v1","998859","998997","JH378113","9915860","9915990","19","8917001"
"KN295832v1","1181635","1181916","JH378232","2696339","2696614","39","1514704"
"KN295832v1","1192227","1192519","JH378151","15551938","15552226","29","14359711"
"KN295832v1","1271898","1272185","JH378114","19879748","19880033","40","18607850"
"KN295832v1","1412465","1412772","JH378271","459308","459608","38","953157"
"KN295835v1","32436","32728","JH378216","6814492","6814786","27","6782056"
"KN295835v1","54247","54402","JH378108","31033761","31033917","17","30979514"
"KN295835v1","63029","63323","JH378179","1841978","1842282","41","1778949"
"KN295835v1","67347","67645","JH378213","59070","59361","41","8277"
"KN295835v1","85933","86237","JH378127","22219085","22219383","38","22133152"
"KN295835v1","96108","96353","JH378125","7358700","7358942","36","7262592"
"KN295835v1","141550","141834","JH378204","3228266","3228551","31","3086716"
"KN295835v1","205614","205923","JH378171","6181069","6181379","33","5975455"
"KN295841v1","95317","95604","JH378118","27240197","27240484","38","27144880"
"KN295841v1","112781","113081","JH378149","539268","539562","37","426487"
"KN295841v1","151039","151266","JH378162","11421202","11421426","32","11270163"
"KN295841v1","244883","245167","JH378106","63648485","63648770","35","63403602"
"KN295841v1","267863","268093","JH378155","14112978","14113197","33","13845115"
"KN295841v1","427966","428269","JH378281","1741473","1741774","35","1313507"
"KN295841v1","448356","448677","JH378187","2906095","2906405","39","2457739"
"KN295841v1","486445","486724","JH378107","27056287","27056566","40","26569842"
"KN295841v1","546187","546341","JH378295","497362","497517","17","48825"
"KN295841v1","702247","702553","JH378106","60843849","60844159","43","60141602"
"KN295844v1","1617","1908","JH378116","24890259","24890547","39","24888642"
"KN295844v1","34139","34441","JH378129","12241608","12241912","39","12207469"
"KN295844v1","34799","35106","JH378224","2769148","2769454","36","2734349"
"KN295846v1","45358","45655","JH378124","15582898","15583197","33","15537540"
"KN295846v1","139888","140165","JH378187","3567072","3567349","44","3427184"
"KN295846v1","178177","178475","JH378198","6525784","6526081","36","6347607"
"KN295846v1","306034","306363","JH378111","3295194","3295521","53","2989160"
"KN295850v1","1228","1526","JH378149","539268","539562","41","538040"
"KN295852v1","255443","255754","JH378177","5082124","5082434","35","4826681"
"KN295852v1","667841","668147","JH378162","10454265","10454570","38","9786424"
"KN295853v1","13833","14125","JH378167","8547558","8547847","44","8533725"
"KN295853v1","21030","21306","JH378141","12722016","12722314","54","12700986"
"KN295853v1","22636","22935","JH378153","12097502","12097800","38","12074866"
"KN295854v1","337431","337689","JH378110","32583519","32583777","34","32246088"
"KN295854v1","349966","350287","JH378290","1729694","1730001","56","1379728"
"KN295854v1","358941","359252","JH378165","6186750","6187049","41","5827809"
"KN295854v1","566916","567248","JH378213","3976910","3977242","43","3409994"
"KN295854v1","738016","738183","JH378106","70515860","70516025","28","69777844"
"KN295854v1","763016","763305","JH378182","9263715","9264002","34","8500699"
"KN295854v1","784524","784776","JH378119","28597739","28597991","32","27813215"
"KN295854v1","902654","902737","JH378197","4164856","4164939","9","3262202"
"KN295854v1","929027","929332","JH378186","2631447","2631750","44","1702420"
"KN295854v1","965214","965482","JH378182","349180","349433","48","616034"
"KN295854v1","971356","971666","JH378130","7315282","7315582","42","6343926"
"KN295854v1","978096","978404","JH378120","13977765","13978067","38","12999669"
"KN295854v1","982318","982581","JH378108","24030056","24030319","37","23047738"
"KN295854v1","1016163","1016472","JH378195","643512","643820","39","372651"
"KN295854v1","1023514","1023811","JH378115","32669552","32669850","34","31646038"
"KN295854v1","1063422","1063704","JH378175","1559693","1559973","36","496271"
"KN295854v1","1073808","1074111","JH378138","5380451","5380753","39","4306643"
"KN295854v1","1182131","1182444","JH378239","3940828","3941139","44","2758697"
"KN295854v1","1209672","1209954","JH378148","4449977","4450262","35","3240305"
"KN295854v1","1237438","1237747","JH378175","7061237","7061546","39","5823799"
"KN295854v1","1374399","1374708","JH378253","315934","316240","34","1058465"
"KN295854v1","1453622","1453931","JH378110","5680067","5680375","32","4226445"
"KN295854v1","1464386","1464694","JH378165","5178810","5179119","43","3714424"
"KN295854v1","1579880","1580187","JH378115","25041145","25041450","33","23461265"
"KN295854v1","1612259","1612564","JH378251","3695377","3695681","37","2083118"
"KN295854v1","1625356","1625658","JH378199","4983750","4984049","27","3358394"
"KN295854v1","1631835","1632156","JH378113","6692573","6692881","54","5060738"
"KN295854v1","1678901","1679192","JH378106","1255495","1255784","35","423406"
"KN295854v1","1699886","1700175","JH378115","15247797","15248091","44","13547911"
"KN295854v1","1716465","1716749","JH378136","7439642","7439930","37","5723177"
"KN295854v1","1808380","1808523","JH378109","17299030","17299178","27","15490650"
"KN295854v1","1844829","1845131","JH378105","55569683","55569974","45","53724854"
"KN295855v1","37487","37779","JH378173","9231808","9232100","36","9194321"
"KN295855v1","45412","45703","JH378220","2537784","2538076","34","2492372"
"KN295855v1","48199","48498","JH378129","10258595","10258896","29","10210396"
"KN295855v1","69272","69585","JH378115","25041145","25041450","39","24971873"
"KN295855v1","134760","135061","JH378296","1500608","1500907","33","1365848"
"KN295857v1","20979","21289","JH378126","21026752","21027059","31","21005773"
"KN295859v1","8341","8642","JH378216","4224502","4224803","43","4216161"
"KN295859v1","19653","19954","JH378306","661310","661614","40","641657"
"KN295859v1","22913","23223","JH378281","1741473","1741774","42","1718560"
"KN295864v1","1","224","JH378115","35496125","35496356","38","35496124"
"KN295868v1","50059","50353","JH378293","1524576","1524874","28","1474517"
"KN295869v1","100044","100276","JH378201","1688923","1689153","38","1588879"
"KN295869v1","208996","209310","JH378184","6159513","6159825","42","5950517"
"KN295869v1","261330","261636","JH378224","2769148","2769454","37","2507818"
"KN295869v1","337382","337686","JH378109","11342130","11342437","46","11004748"
"KN295869v1","356845","357144","JH378173","10496777","10497072","35","10139932"
"KN295869v1","379998","380304","JH378126","21026752","21027059","30","20646754"
"KN295869v1","494767","495061","JH378234","3485864","3486157","42","2991097"
"KN295869v1","509111","509384","JH378182","9240926","9241205","41","8731815"
"KN295869v1","517046","517328","JH378129","11605417","11605706","45","11088371"
"KN295869v1","541142","541299","JH378115","21524878","21525037","22","20983736"
"KN295869v1","563093","563389","JH378131","20072845","20073138","26","19509752"
"KN295869v1","593131","593431","JH378148","3164823","3165131","37","2571692"
"KN295869v1","619997","620290","JH378127","18566293","18566586","29","17946296"
"KN295869v1","697263","697562","JH378108","54685977","54686273","38","53988714"
"KN295869v1","767188","767500","JH378115","25570507","25570808","39","24803319"
"KN295869v1","794931","795235","JH378255","1560098","1560402","36","765167"
"KN295869v1","813504","813817","JH378120","16327645","16327955","45","15514141"
"KN295869v1","851770","852057","JH378229","2791774","2792064","34","1940004"
"KN295869v1","1075895","1076202","JH378160","11833922","11834221","40","10758027"
"KN295869v1","1101003","1101276","JH378114","25428264","25428540","48","24327261"
"KN295869v1","1141515","1141821","JH378106","70986080","70986388","40","69844565"
"KN295869v1","1495260","1495558","JH378141","16295875","16296172","31","14800615"
"KN295869v1","1514490","1514745","JH378290","1517193","1517449","30","2703"
"KN295869v1","1537785","1538089","JH378245","3497718","3498029","40","1959933"
"KN295871v1","5065","5352","JH378118","27240197","27240484","33","27235132"
"KN295871v1","23104","23367","JH378130","7094672","7094933","30","7071568"
"KN295871v1","29325","29623","JH378136","1805256","1805552","38","1775931"
"KN295871v1","85167","85455","JH378271","3183320","3183605","39","3098153"
"KN295871v1","124404","124679","JH378129","11457553","11457829","33","11333149"
"KN295871v1","140982","141283","JH378121","29566176","29566469","38","29425194"
"KN295871v1","147579","147891","JH378110","19934311","19934616","32","19786732"
"KN295871v1","189596","189917","JH378150","10126172","10126487","44","9936576"
"KN295871v1","331453","331738","JH378116","133775","134066","35","197678"
"KN295871v1","355117","355406","JH378123","28860005","28860298","40","28504888"
"KN295871v1","365716","366009","JH378129","9743254","9743544","40","9377538"
"KN295871v1","371409","371701","JH378151","8381511","8381803","34","8010102"
"KN295871v1","386607","386902","JH378153","7166527","7166816","41","6779920"
"KN295871v1","393557","393858","JH378136","7677923","7678227","38","7284366"
"KN295871v1","410599","410900","JH378191","934416","934715","40","523817"
"KN295871v1","412313","412623","JH378106","10129130","10129437","37","9716817"
"KN295871v1","427665","427971","JH378228","5509057","5509356","35","5081392"
"KN295871v1","445778","446092","JH378124","15582898","15583197","46","15137120"
"KN295871v1","466503","466797","JH378288","1561758","1562053","33","1095255"
"KN295871v1","488692","488977","JH378182","9240926","9241205","37","8752234"
"KN295871v1","501687","501984","JH378296","1500608","1500907","33","998921"
"KN295871v1","523279","523338","JH378108","17797262","17797324","8","17273983"
"KN295871v1","549584","549878","JH378198","4226780","4227075","35","3677196"
"KN295871v1","553605","553896","JH378107","49473760","49474052","26","48920155"
"KN295871v1","727873","728166","AGCE01150449","839","1138","34","727034"
"KN295871v1","760663","760970","JH378148","9970891","9971201","33","9210228"
"KN295871v1","826767","827078","JH378114","41731735","41732046","38","40904968"
"KN295871v1","840632","840937","JH378165","5178810","5179119","42","4338178"
"KN295871v1","846569","846864","JH378177","10271031","10271327","26","9424462"
"KN295871v1","849179","849468","JH378139","16259084","16259375","30","15409905"
"KN295871v1","858914","859091","JH378109","16119385","16119560","20","15260471"
"KN295871v1","862384","862683","JH378224","5664910","5665211","30","4802526"
"KN295871v1","877031","877339","JH378111","32787449","32787755","38","31910418"
"KN295871v1","937683","937994","JH378213","7262203","7262510","37","6324520"
"KN295871v1","1001033","1001331","JH378110","10833476","10833772","28","9832443"
"KN295871v1","1087279","1087580","JH378113","31905508","31905809","46","30818229"
"KN295871v1","1133528","1133788","JH378182","748501","748757","42","385027"
"KN295872v1","82490","82796","JH378114","39721165","39721468","37","39638675"
"KN295872v1","144081","144390","JH378116","11181268","11181574","38","11037187"
"KN295872v1","174143","174450","JH378213","1312597","1312901","38","1138454"
"KN295872v1","194897","195026","JH378167","9832511","9832645","18","9637614"
"KN295872v1","195202","195514","JH378177","3168958","3169267","44","2973756"
"KN295872v1","217291","217586","JH378106","67696353","67696639","51","67479062"
"KN295874v1","2236","2543","JH378115","34859185","34859494","42","34856949"
"KN295878v1","42232","42402","JH378212","4983820","4983989","26","4941588"
"KN295878v1","178722","179014","JH378129","12822851","12823138","40","12644129"
"KN295880v1","15746","16022","JH378167","10413598","10413872","40","10397852"
"KN295880v1","29938","30072","JH378235","5642661","5642793","17","5612723"
"KN295880v1","39100","39392","JH378163","11574084","11574376","45","11534984"
"KN295880v1","111158","111470","JH378106","23844813","23845124","53","23733655"
"KN295880v1","124163","124469","JH378197","1499696","1500000","55","1375533"
"KN295883v1","25651","25944","JH378144","7235841","7236134","37","7210190"
"KN295883v1","359069","359378","JH378110","32305325","32305628","36","31946256"
"KN295883v1","359679","359987","JH378139","18632207","18632516","33","18272528"
"KN295883v1","361723","362011","AGCE01150543","1","288","40","361722"
"KN295883v1","391451","391733","JH378182","9240926","9241205","39","8849475"
"KN295883v1","392289","392584","JH378166","9971448","9971740","40","9579159"
"KN295883v1","405660","405968","JH378130","1202684","1202989","42","797024"
"KN295883v1","500894","501178","JH378139","16138586","16138868","39","15637692"
"KN295883v1","528237","528536","JH378173","9107488","9107786","40","8579251"
"KN295883v1","590685","590981","JH378113","17279344","17279644","38","16688659"
"KN295883v1","679144","679436","JH378131","1106043","1106335","32","426899"
"KN295883v1","702533","702836","JH378107","6641537","6641829","37","5939004"
"KN295883v1","751603","751872","JH378118","16545725","16545992","53","15794122"
"KN295883v1","771768","772078","JH378206","6984481","6984785","43","6212713"
"KN295883v1","782497","782780","JH378105","35665534","35665817","34","34883037"
"KN295883v1","785964","786254","JH378136","7677923","7678227","43","6891959"
"KN295883v1","792825","793125","JH378272","801428","801724","37","8603"
"KN295886v1","45163","45472","JH378136","7390162","7390474","38","7344999"
"KN295891v1","11016","11314","JH378220","2784017","2784313","37","2773001"
"KN295891v1","38695","38953","JH378219","3910085","3910350","43","3871390"
"KN295891v1","68396","68679","JH378154","5276909","5277194","37","5208513"
"KN295892v1","19496","19777","JH378140","14073854","14074132","28","14054358"
"KN295893v1","12040","12335","JH378151","8652626","8652916","31","8640586"
"KN295893v1","21230","21529","JH378220","2784017","2784313","34","2762787"
"KN295893v1","24125","24420","JH378151","4036857","4037149","45","4012732"
"KN295893v1","46750","47048","JH378107","31942956","31943255","42","31896206"
"KN295893v1","48169","48466","JH378197","7145768","7146073","35","7097599"
"KN295893v1","85655","85948","JH378198","6294233","6294526","27","6208578"
"KN295893v1","105268","105582","JH378110","12146106","12146409","40","12040838"
"KN295893v1","154059","154357","JH378126","21026752","21027059","46","20872693"
"KN295893v1","166814","167117","JH378126","21026752","21027059","40","20859938"
"KN295893v1","233721","234023","JH378118","2107943","2108251","36","1874222"
"KN295893v1","313617","313923","JH378110","19934311","19934616","32","19620694"
"KN295893v1","315279","315596","JH378204","6493604","6493911","39","6178325"
"KN295893v1","329217","329518","JH378119","6124403","6124708","36","5795186"
"KN295893v1","346696","347008","JH378140","7338564","7338875","40","6991868"
"KN295893v1","379365","379676","JH378152","6156844","6157154","38","5777479"
"KN295893v1","581781","582092","JH378224","2769148","2769454","34","2187367"
"KN295893v1","688658","688969","JH378148","3164823","3165131","38","2476165"
"KN295893v1","700341","700620","JH378193","1464386","1464671","43","764045"
"KN295893v1","851115","851432","JH378232","5570256","5570570","44","4719141"
"KN295893v1","883413","883575","JH378197","7396345","7396505","26","6512932"
"KN295893v1","992366","992575","JH378134","13512893","13513097","24","12520527"
"KN295893v1","1042895","1043199","JH378110","32305325","32305628","38","31262430"
"KN295893v1","1055745","1056041","JH378113","16773921","16774215","42","15718176"
"KN295893v1","1204495","1204659","JH378166","13826062","13826213","33","12621567"
"KN295893v1","1207281","1207514","JH378118","949594","949835","55","257687"
"KN295893v1","1239643","1239955","JH378108","43842538","43842851","39","42602895"
"KN295893v1","1485713","1485868","JH378105","22594410","22594563","34","21108697"
"KN295893v1","1578765","1579053","JH378151","8381511","8381803","39","6802746"
"KN295893v1","1731243","1731414","JH378159","955533","955705","22","775710"
"KN295893v1","1731415","1731722","JH378110","10948707","10949015","34","9217292"
"KN295893v1","1792085","1792403","JH378198","4492121","4492439","34","2700036"
"KN295893v1","1797487","1797792","JH378122","9816070","9816375","42","8018583"
"KN295893v1","1836608","1836917","JH378186","3771716","3772027","39","1935108"
"KN295893v1","1840431","1840731","JH378124","15582898","15583197","30","13742467"
"KN295893v1","1842546","1842852","JH378119","26110026","26110331","43","24267480"
"KN295893v1","1866713","1867007","JH378206","6600635","6600925","31","4733922"
"KN295893v1","1886129","1886213","JH378110","35014134","35014217","15","33128005"
"KN295893v1","2210538","2210842","JH378149","11380251","11380550","40","9169713"
"KN295893v1","2306072","2306381","JH378224","5664910","5665211","46","3358838"
"KN295893v1","2315861","2316155","JH378148","6480728","6481028","34","4164867"
"KN295893v1","2358925","2359231","JH378115","26640201","26640508","41","24281276"
"KN295893v1","2372337","2372643","JH378126","21026752","21027059","38","18654415"
"KN295893v1","2374245","2374557","JH378131","2342805","2343110","40","31440"
"KN295893v1","2437970","2438272","JH378216","53719","54020","37","2384251"
"KN295893v1","2442135","2442435","JH378197","7145768","7146073","28","4703633"
"KN295893v1","2447872","2448172","JH378139","15235758","15236059","31","12787886"
"KN295893v1","2735764","2736065","JH378106","43383023","43383322","29","40647259"
"KN295893v1","2960272","2960572","JH378151","4318339","4318636","33","1358067"
"KN295893v1","2965079","2965369","JH378109","41150698","41150980","42","38185619"
"KN295893v1","3086628","3086935","JH378120","16327645","16327955","45","13241017"
"KN295893v1","3133276","3133582","JH378119","6124403","6124708","36","2991127"
"KN295893v1","3258412","3258725","JH378112","33947920","33948232","34","30689508"
"KN295893v1","3399541","3399834","JH378156","8773465","8773753","31","5373924"
"KN295893v1","3405903","3406182","JH378177","2554492","2554776","36","851411"
"KN295893v1","3515526","3515698","JH378114","19618797","19618957","39","16103271"
"KN295893v1","3676518","3676783","JH378168","2031881","2032145","41","1644637"
"KN295893v1","3769957","3770251","JH378120","21671957","21672253","34","17902000"
"KN295893v1","3775372","3775661","JH378281","2947044","2947332","31","828328"
"KN295893v1","3784676","3784953","JH378120","31630637","31630909","44","27845961"
"KN295893v1","3786344","3786640","JH378242","97287","97580","38","3689057"
"KN295893v1","3837558","3837853","JH378227","68096","68393","37","3769462"
"KN295893v1","3906387","3906622","JH378152","10512513","10512758","49","6606126"
"KN295893v1","3921839","3922158","JH378247","2531024","2531342","49","1390815"
"KN295893v1","4133033","4133284","JH378135","3590825","3591069","43","542208"
"KN295893v1","4137111","4137414","JH378267","845059","845364","41","3292052"
"KN295893v1","4185324","4185607","JH378132","20715333","20715620","40","16530009"
"KN295893v1","4556373","4556541","JH378113","32219902","32220070","27","27663529"
"KN295893v1","4626841","4627149","JH378239","3940828","3941139","43","686013"
"KN295893v1","4661843","4661863","JH378111","33423149","33423167","7","28761306"
"KN295893v1","4661921","4662145","JH378162","11421202","11421426","29","6759281"
"KN295893v1","5419792","5420083","JH378105","33992488","33992780","41","28572696"
"KN295893v1","5556790","5557104","JH378151","7439461","7439762","37","1882671"
"KN295893v1","5567462","5567767","JH378179","1841978","1842282","41","3725484"
"KN295893v1","5591451","5591759","JH378197","4228954","4229258","44","1362497"
"KN295893v1","5633500","5633764","JH378140","12562397","12562659","33","6928897"
"KN295893v1","5704542","5704804","JH378119","21452623","21452886","37","15748081"
"KN295893v1","5706330","5706517","JH378211","3591359","3591539","29","2114971"
"KN295893v1","5719420","5719711","JH378123","23351375","23351663","43","17631955"
"KN295893v1","5750113","5750424","JH378144","4944998","4945309","32","805115"
"KN295893v1","5775635","5775934","JH378115","28712376","28712673","32","22936741"
"KN295893v1","5795467","5795770","JH378115","22010691","22010989","35","16215224"
"KN295893v1","5798967","5799270","JH378228","5509057","5509356","37","289910"
"KN295893v1","5799331","5799633","JH378228","5509057","5509356","37","290274"
"KN295893v1","5800098","5800394","JH378119","11179406","11179710","46","5379308"
"KN295893v1","5852981","5853276","JH378232","3226239","3226529","43","2626742"
"KN295893v1","5902802","5903100","JH378106","17756548","17756839","50","11853746"
"KN295893v1","5914240","5914490","JH378167","6546492","6546738","42","632252"
"KN295893v1","6071115","6071370","JH378115","36584903","36585155","40","30513788"
"KN295893v1","6185568","6185870","JH378108","30731255","30731558","33","24545687"
"KN295893v1","6199521","6199703","JH378114","31999821","32000000","19","25800300"
"KN295893v1","6202861","6203174","JH378289","2125754","2126067","41","4077107"
"KN295893v1","6299341","6299634","JH378204","2935067","2935361","35","3364274"
"KN295893v1","6303970","6304245","JH378149","13008273","13008547","36","6704303"
"KN295893v1","6313508","6313818","JH378126","21026752","21027059","35","14713244"
"KN295893v1","6325278","6325557","JH378114","29675067","29675349","43","23349789"
"KN295893v1","6399004","6399307","JH378224","4725174","4725485","40","1673830"
"KN295893v1","6681278","6681576","JH378141","18104473","18104759","43","11423195"
"KN295893v1","6700080","6700390","JH378108","19405066","19405376","46","12704986"
"KN295893v1","7000114","7000291","JH378148","3590205","3590377","23","3409909"
"KN295893v1","7000320","7000439","JH378105","22256570","22256690","13","15256250"
"KN295893v1","7008555","7008737","JH378135","381040","381211","23","6627515"
"KN295893v1","7120496","7120777","JH378279","102782","103056","32","7017714"
"KN295893v1","7120823","7120980","JH378105","36101051","36101213","28","28980228"
"KN295893v1","7156780","7157075","JH378288","1088673","1088973","47","6068107"
"KN295893v1","7257033","7257165","JH378114","20444019","20444151","15","13186986"
"KN295893v1","7291607","7291917","JH378122","10172818","10173128","34","2881211"
"KN295893v1","7296676","7296971","JH378111","42787057","42787349","41","35490381"
"KN295893v1","7341149","7341454","JH378109","19994095","19994398","47","12652946"
"KN295893v1","7349743","7350033","JH378167","8547558","8547847","36","1197815"
"KN295893v1","7397158","7397208","JH378312","1036306","1036365","12","6360852"
"KN295893v1","7397532","7397644","JH378131","9411996","9412100","24","2014464"
"KN295893v1","7397648","7397951","JH378190","5607870","5608170","41","1789778"
"KN295893v1","7399852","7400082","JH378124","26821934","26822164","34","19422082"
"KN295893v1","7403070","7403362","JH378116","916080","916375","41","6486990"
"KN295893v1","7432567","7432869","JH378105","55776544","55776842","35","48343977"
"KN295893v1","7460824","7461116","JH378216","1183275","1183567","36","6277549"
"KN295893v1","7508299","7508596","JH378139","16259084","16259375","43","8750785"
"KN295893v1","7541646","7541941","JH378129","7555438","7555730","43","13792"
"KN295893v1","7557096","7557406","JH378139","18632207","18632516","33","11075111"
"KN295894v1","156594","156874","JH378119","12733491","12733771","31","12576897"
"KN295894v1","383238","383534","JH378113","3256912","3257206","40","2873674"
"KN295894v1","384058","384353","JH378173","11371847","11372142","34","10987789"
"KN295894v1","659845","660133","JH378110","32430844","32431129","52","31770999"
"KN295894v1","1106420","1106731","JH378135","1042676","1042987","40","63744"
"KN295894v1","1110788","1111094","JH378126","21026752","21027059","31","19915964"
"KN295894v1","1752680","1752953","JH378108","39527846","39528120","42","37775166"
"KN295894v1","1784242","1784537","JH378167","7969364","7969660","38","6185122"
"KN295894v1","1801101","1801397","JH378151","4318339","4318636","37","2517238"
"KN295894v1","1927958","1928257","JH378115","25570507","25570808","37","23642549"
"KN295894v1","1948553","1948834","JH378291","1690883","1691167","38","257670"
"KN295894v1","2020290","2020571","JH378110","35445538","35445820","37","33425248"
"KN295894v1","2054833","2055134","JH378111","1408549","1408849","35","646284"
"KN295894v1","2151468","2151773","JH378105","56734096","56734401","41","54582628"
"KN295894v1","2232539","2232833","JH378226","5510503","5510800","34","3277964"
"KN295894v1","2234526","2234845","JH378119","26380105","26380421","59","24145579"
"KN295894v1","2581562","2581862","JH378137","17093543","17093840","37","14511981"
"KN295894v1","2682318","2682615","JH378107","57888255","57888550","38","55205937"
"KN295894v1","2705411","2705708","JH378144","5748370","5748662","37","3042959"
"KN295894v1","2793696","2793995","JH378140","14113537","14113836","32","11319841"
"KN295894v1","3189477","3189789","JH378167","5351158","5351469","40","2161681"
"KN295894v1","3189813","3190064","JH378119","11906279","11906516","35","8716466"
"KN295894v1","3217483","3217776","JH378107","1414272","1414564","43","1803211"
"KN295894v1","3220840","3221154","JH378173","3161854","3162154","48","58986"
"KN295894v1","3301894","3302189","JH378106","8294885","8295176","37","4992991"
"KN295894v1","3415788","3416089","JH378149","16136463","16136764","40","12720675"
"KN295894v1","3557175","3557478","JH378199","1071038","1071332","42","2486137"
"KN295894v1","3595323","3595605","JH378105","35665534","35665817","32","32070211"
"KN295894v1","3595674","3595692","JH378149","1403733","1403749","7","2191941"
"KN295898v1","218873","219169","JH378220","2784017","2784313","32","2565144"
"KN295898v1","435043","435332","JH378123","1199921","1200206","41","764878"
"KN295898v1","522733","523045","JH378159","11397617","11397929","54","10874884"
"KN295898v1","543011","543319","JH378228","5389364","5389676","47","4846353"
"KN295898v1","715417","715710","JH378161","9796284","9796572","38","9080867"
"KN295898v1","718883","719190","JH378108","45224534","45224846","38","44505651"
"KN295906v1","3458","3766","JH378133","7708733","7709034","37","7705275"
"KN295906v1","25283","25577","JH378105","51889615","51889908","29","51864332"
"KN295906v1","73749","74039","JH378151","8652626","8652916","31","8578877"
"KN295906v1","85234","85530","JH378151","4318339","4318636","33","4233105"
"KN295906v1","111962","112274","JH378146","3351264","3351574","41","3239302"
"KN295906v1","163494","163770","JH378321","737708","737984","30","574214"
"KN295906v1","180236","180547","JH378115","34859185","34859494","32","34678949"
"KN295906v1","200920","201221","JH378115","25570507","25570808","35","25369587"
"KN295906v1","243951","244251","JH378113","31905508","31905809","41","31661557"
"KN295906v1","260864","261174","JH378224","2769148","2769454","28","2508284"
"KN295906v1","392294","392589","JH378127","19048485","19048788","39","18656191"
"KN295906v1","661797","662110","JH378129","10853809","10854123","42","10192012"
"KN295906v1","878907","879204","JH378177","10703233","10703531","37","9824326"
"KN295907v1","1834832","1835093","JH378117","17062650","17062907","32","15227818"
"KN295907v1","7210","7505","JH378118","1390919","1391217","38","1383709"
"KN295907v1","445302","445599","JH378296","1500608","1500907","41","1055306"
"KN295907v1","490673","490968","JH378144","7235841","7236134","39","6745168"
"KN295907v1","514941","515219","JH378177","6664715","6664994","31","6149774"
"KN295907v1","635774","636076","JH378161","13625172","13625470","40","12989398"
"KN295907v1","798112","798415","JH378149","11057149","11057455","41","10259037"
"KN295907v1","927699","927990","JH378163","13372336","13372629","33","12444637"
"KN295907v1","944247","944512","JH378191","1096598","1096860","51","152351"
"KN295907v1","1011042","1011334","JH378151","8381511","8381803","35","7370469"
"KN295907v1","1233115","1233277","JH378105","57398641","57398804","18","56165526"
"KN295907v1","1245602","1245912","JH378130","1202684","1202989","40","42918"
"KN295907v1","1270180","1270473","JH378137","7407944","7408236","31","6137764"
"KN295907v1","1282598","1282890","JH378144","5748370","5748662","31","4465772"
"KN295907v1","1310350","1310659","JH378139","11676377","11676684","40","10366027"
"KN295907v1","1322440","1322717","JH378190","513909","514175","39","808531"
"KN295907v1","1340379","1340702","JH378111","22037559","22037878","42","20697180"
"KN295907v1","1382763","1383060","JH378173","10496777","10497072","33","9114014"
"KN295907v1","1423678","1423807","JH378139","19555642","19555769","15","18131964"
"KN295907v1","1491721","1492019","JH378228","5509057","5509356","34","4017336"
"KN295907v1","1528930","1529203","JH378105","51738640","51738914","39","50209710"
"KN295907v1","1605429","1605738","JH378165","5178810","5179119","51","3573381"
"KN295907v1","1607381","1607693","JH378197","7145768","7146073","36","5538387"
"KN295907v1","1636429","1636728","JH378236","733320","733615","37","903109"
"KN295907v1","1662966","1663277","JH378116","24645889","24646199","38","22982923"
"KN295907v1","1674191","1674478","JH378153","7392982","7393269","40","5718791"
"KN295907v1","1675254","1675561","JH378241","972524","972833","37","702730"
"KN295907v1","1693720","1694002","JH378224","3408579","3408861","35","1714859"
"KN295907v1","1698951","1699256","JH378123","491683","491985","34","1207268"
"KN295907v1","1701231","1701543","JH378228","5419153","5419462","54","3717922"
"KN295907v1","1704159","1704458","JH378105","36900565","36900857","47","35196406"
"KN295907v1","1708249","1708566","JH378138","5380451","5380753","47","3672202"
"KN295907v1","1710085","1710392","JH378115","25041145","25041450","33","23331060"
"KN295907v1","1730077","1730368","JH378305","363484","363782","41","1366593"
"KN295907v1","1731354","1731645","JH378305","363484","363782","41","1367870"
"KN295907v1","1732856","1733152","JH378288","1088673","1088973","34","644183"
"KN295907v1","1734484","1734784","JH378118","24374217","24374525","48","22639733"
"KN295907v1","1735239","1735535","JH378159","837474","837769","30","897765"
"KN295907v1","1746216","1746546","JH378111","22037559","22037878","47","20291343"
"KN295907v1","1755922","1756221","JH378126","21026752","21027059","38","19270830"
"KN295907v1","1757790","1758085","JH378220","2784017","2784313","35","1026227"
"KN295907v1","1778686","1778992","JH378136","7677923","7678227","39","5899237"
"KN295907v1","1796833","1797134","JH378125","18989814","18990116","36","17192981"
"KN295907v1","1798130","1798430","JH378114","7122925","7123229","38","5324795"
"KN295907v1","1802451","1802740","JH378106","1432798","1433085","34","369653"
"KN295907v1","1815843","1816137","JH378198","4226780","4227075","33","2410937"
"KN295907v1","1816608","1816758","JH378198","6167737","6167892","30","4351129"
"KN295907v1","1820963","1821270","JH378148","15796597","15796901","35","13975634"
"KN295907v1","1828896","1829203","JH378126","21026752","21027059","33","19197856"
"KN295907v1","1868086","1868387","JH378170","4783494","4783792","38","2915408"
"KN295907v1","1884819","1885120","JH378125","15893280","15893581","30","14008461"
"KN295907v1","2012265","2012578","JH378126","21026752","21027059","37","19014487"
"KN295907v1","2138457","2138648","JH378195","7570485","7570676","27","5432028"
"KN295907v1","2167913","2168194","JH378123","27061110","27061395","35","24893197"
"KN295907v1","2168222","2168249","JH378105","31065877","31065908","11","28897655"
"KN295907v1","2176266","2176566","JH378149","3330828","3331125","37","1154562"
"KN295907v1","2213247","2213379","JH378107","49967108","49967240","17","47753861"
"KN295907v1","2214342","2214653","JH378177","5082124","5082434","36","2867782"
"KN295907v1","2272443","2272710","JH378119","2693227","2693494","41","420784"
"KN295907v1","2314474","2314745","JH378112","34550752","34551027","27","32236278"
"KN295907v1","2324325","2324618","JH378161","3303593","3303891","40","979268"
"KN295907v1","2328662","2328972","JH378112","33214699","33215012","33","30886037"
"KN295907v1","2335650","2335960","JH378229","4120796","4121104","37","1785146"
"KN295907v1","2410655","2410945","JH378284","239562","239856","36","2171093"
"KN295907v1","2421101","2421336","JH378122","4346118","4346352","33","1925017"
"KN295907v1","2435542","2435846","JH378190","3577662","3577961","41","1142120"
"KN295907v1","2489227","2489537","JH378122","9816070","9816375","43","7326843"
"KN295907v1","2508042","2508343","JH378113","28744295","28744597","48","26236253"
"KN295907v1","2522111","2522245","JH378232","2877799","2877934","15","355688"
"KN295907v1","2522558","2522718","JH378199","154807","154968","22","2367751"
"KN295907v1","2584391","2584680","JH378137","12808727","12809019","32","10224336"
"KN295907v1","2593671","2593948","JH378115","32301165","32301438","47","29707494"
"KN295907v1","2603357","2603647","JH378139","16259084","16259375","36","13655727"
"KN295907v1","2610390","2610686","JH378151","8381511","8381803","31","5771121"
"KN295909v1","26531","26845","JH378120","17820274","17820587","42","17793743"
"KN295909v1","45783","46100","JH378107","29679803","29680102","65","29634020"
"KN295909v1","69217","69498","JH378114","20276504","20276786","34","20207287"
"KN295910v1","88154","88444","JH378124","6582196","6582486","29","6494042"
"KN295910v1","109430","109730","JH378245","1256724","1257025","45","1147294"
"KN295910v1","206291","206574","JH378121","29566176","29566469","33","29359885"
"KN295910v1","362227","362528","JH378132","23113823","23114124","34","22751596"
"KN295910v1","371104","371380","JH378134","15367781","15368055","43","14996677"
"KN295910v1","392400","392679","JH378108","24175453","24175734","45","23783053"
"KN295910v1","425341","425640","JH378150","6357063","6357361","38","5931722"
"KN295919v1","36275","36574","JH378124","15582898","15583197","31","15546623"
"KN295919v1","43134","43449","JH378206","376041","376340","55","332907"
"KN295919v1","49798","50107","JH378108","54706929","54707230","36","54657131"
"KN295919v1","57286","57458","JH378113","30169132","30169300","23","30111846"
"KN295919v1","57515","57689","JH378113","30169132","30169300","26","30111617"
"KN295919v1","57749","57921","JH378113","30169132","30169300","24","30111383"
"KN295919v1","57981","58283","JH378288","1088673","1088973","35","1030692"
"KN295919v1","96534","96818","JH378160","11982721","11983000","45","11886187"
"KN295919v1","122346","122652","JH378197","7145768","7146073","35","7023422"
"KN295919v1","127234","127522","JH378116","24890259","24890547","42","24763025"
"KN295921v1","7857","8163","JH378126","21026752","21027059","42","21018895"
"KN295921v1","18206","18509","JH378105","10172609","10172908","43","10154403"
"KN295921v1","22245","22538","JH378151","8381511","8381803","30","8359266"
"KN295921v1","29293","29478","JH378116","35563796","35563980","21","35534503"
"KN295921v1","32872","33167","JH378119","5809137","5809431","54","5776265"
"KN295921v1","33270","33549","JH378124","10835797","10836078","35","10802527"
"KN295921v1","37135","37441","JH378176","8842985","8843290","43","8805850"
"KN295921v1","37947","38215","JH378155","10047545","10047809","38","10009598"
"KN295921v1","42103","42410","JH378173","4538138","4538442","37","4496035"
"KN295921v1","43203","43506","JH378265","2263256","2263553","38","2220053"
"KN295921v1","51979","52080","JH378274","1653936","1654035","21","1601957"
"KN295921v1","65846","66067","JH378151","645312","645524","28","579466"
"KN295921v1","66365","66670","JH378149","13456174","13456477","31","13389809"
"KN295921v1","78553","78848","JH378145","12844228","12844521","38","12765675"
"KN295921v1","81218","81507","JH378149","915557","915848","36","834339"
"KN295921v1","85725","86001","JH378290","1732783","1733062","36","1647058"
"KN295921v1","87669","87955","JH378198","1596143","1596429","30","1508474"
"KN295921v1","90012","90307","JH378182","138197","138492","42","48185"
"KN295921v1","93821","94122","JH378123","491683","491985","40","397862"
"KN295921v1","99337","99455","JH378137","16178972","16179100","21","16079635"
"KN295921v1","101424","101724","JH378216","4224502","4224803","35","4123078"
"KN295921v1","102170","102471","JH378140","19374055","19374357","27","19271885"
"KN295921v1","118925","119225","JH378115","28712376","28712673","32","28593451"
"KN295921v1","121572","121873","JH378139","18955642","18955939","30","18834070"
"KN295921v1","131448","131738","JH378153","5391352","5391639","35","5259904"
"KN295921v1","140709","140817","JH378110","22178927","22179036","8","22038218"
"KN295921v1","152458","152763","JH378126","21026752","21027059","40","20874294"
"KN295921v1","160988","161274","JH378291","1333564","1333860","43","1172576"
"KN295921v1","172153","172406","JH378235","3353822","3354080","34","3181669"
"KN295921v1","180437","180744","JH378105","3626285","3626588","37","3445848"
"KN295921v1","184146","184389","JH378131","18116640","18116881","35","17932494"
"KN295921v1","189777","190083","JH378126","21026752","21027059","37","20836975"
"KN295921v1","212653","212962","JH378272","2049247","2049557","49","1836594"
"KN295921v1","214629","214764","JH378114","30428055","30428192","34","30213426"
"KN295921v1","233764","234070","JH378111","25473856","25474161","45","25240092"
"KN295921v1","244605","244905","JH378154","14420815","14421111","50","14176210"
"KN295921v1","249942","250241","JH378235","4514528","4514824","44","4264586"
"KN295921v1","262523","262822","JH378164","13845793","13846084","55","13583270"
"KN295921v1","270279","270590","JH378116","23932922","23933231","49","23662643"
"KN295921v1","275926","276230","JH378106","1705581","1705889","50","1429655"
"KN295921v1","283853","284126","JH378115","21552389","21552662","43","21268536"
"KN295921v1","298357","298667","JH378319","188366","188673","45","109991"
"KN295921v1","302362","302593","JH378112","21148954","21149182","57","20846592"
"KN295921v1","307257","307571","JH378211","2356763","2357069","49","2049506"
"KN295921v1","319309","319590","JH378173","189557","189846","56","129752"
"KN295921v1","321881","322191","JH378242","929841","930152","44","607960"
"KN295921v1","332167","332473","JH378146","15879310","15879613","47","15547143"
"KN295921v1","343066","343372","JH378111","19698280","19698582","48","19355214"
"KN295921v1","360027","360325","JH378108","30731255","30731558","48","30371228"
"KN295922v1","146557","146860","JH378159","5493568","5493869","28","5347011"
"KN295922v1","147362","147661","JH378296","1500608","1500907","33","1353246"
"KN295922v1","163199","163503","JH378186","5408622","5408919","40","5245423"
"KN295922v1","169247","169526","JH378144","1448431","1448705","39","1279184"
"KN295922v1","195383","195684","JH378110","28637180","28637481","32","28441797"
"KN295922v1","198684","198986","JH378171","2797330","2797637","33","2598646"
"KN295923v1","38166","38471","JH378107","29610844","29611154","41","29572678"
"KN295923v1","182874","183185","JH378126","21026752","21027059","33","20843878"
"KN295923v1","186334","186633","JH378284","1163902","1164203","39","977568"
"KN295923v1","222193","222501","JH378119","6124403","6124708","38","5902210"
"KN295923v1","225003","225305","JH378139","18955642","18955939","36","18730639"
"KN295923v1","413769","414070","JH378197","7145768","7146073","28","6731999"
"KN295923v1","458222","458505","JH378139","16138586","16138868","32","15680364"
"KN295923v1","502981","503285","JH378197","7145768","7146073","26","6642787"
"KN295923v1","565256","565547","JH378170","5183299","5183600","38","4618043"
"KN295923v1","570868","571164","JH378108","23280248","23280545","40","22709380"
"KN295923v1","588184","588467","JH378314","263817","264108","40","324367"
"KN295923v1","589542","589832","JH378157","9676550","9676840","29","9087008"
"KN295923v1","600386","600694","JH378136","5631036","5631344","41","5030650"
"KN295923v1","604997","605293","JH378184","5337439","5337735","31","4732442"
"KN295923v1","607510","607814","JH378136","7677923","7678227","33","7070413"
"KN295923v1","618261","618557","JH378220","2784017","2784313","21","2165756"
"KN295923v1","680484","680778","JH378235","4514528","4514824","40","3834044"
"KN295923v1","717942","718236","JH378114","7648981","7649278","46","6931039"
"KN295923v1","730389","730686","JH378167","7969364","7969660","37","7238975"
"KN295923v1","748021","748209","JH378106","49686017","49686201","29","48937996"
"KN295923v1","759525","759869","JH378127","4785458","4785795","50","4025933"
"KN295923v1","810292","810595","JH378107","1656497","1656793","38","846205"
"KN295923v1","936421","936717","JH378122","10686670","10686967","33","9750249"
"KN295923v1","1020876","1021182","JH378334","216671","216977","30","804205"
"KN295923v1","1033994","1034312","JH378165","5178810","5179119","36","4144816"
"KN295923v1","1073498","1073806","JH378149","15914810","15915120","34","14841312"
"KN295923v1","1194992","1195302","JH378132","9054162","9054471","61","7859170"
"KN295923v1","1243500","1243658","JH378125","16247272","16247433","22","15003772"
"KN295923v1","1252789","1253077","JH378184","6063296","6063578","40","4810507"
"KN295923v1","1339289","1339595","JH378122","13169953","13170248","49","11830664"
"KN295923v1","1346713","1347011","JH378265","2263256","2263553","32","916543"
"KN295923v1","1367127","1367441","JH378211","2356763","2357069","39","989636"
"KN295923v1","1401814","1402108","JH378114","36239045","36239343","32","34837231"
"KN295923v1","1418506","1418801","JH378121","29566176","29566469","38","28147670"
"KN295923v1","1486558","1486861","JH378109","19158683","19158983","37","17672125"
"KN295923v1","1488348","1488443","JH378162","9395102","9395196","14","7906754"
"KN295923v1","1498759","1499060","JH378257","3401800","3402100","30","1903041"
"KN295923v1","1501343","1501474","JH378213","515831","515961","13","985512"
"KN295923v1","1548081","1548361","JH378114","20276504","20276786","32","18728423"
"KN295923v1","1562822","1563119","JH378181","6657533","6657829","42","5094711"
"KN295923v1","1608321","1608582","JH378155","10047545","10047809","41","8439224"
"KN295923v1","1658700","1658993","JH378181","2251325","2251621","40","592625"
"KN295923v1","1659282","1659578","JH378149","963664","963955","39","695618"
"KN295923v1","1786103","1786409","JH378105","51398064","51398373","38","49611961"
"KN295923v1","1880254","1880424","JH378202","4984738","4984906","17","3104484"
"KN295923v1","1912090","1912400","JH378111","19141162","19141463","39","17229072"
"KN295923v1","2009049","2009340","JH378114","6470123","6470414","32","4461074"
"KN295923v1","2027827","2028108","JH378182","9240926","9241205","30","7213099"
"KN295923v1","2036086","2036386","JH378173","5963095","5963395","39","3927009"
"KN295923v1","2045476","2045765","JH378106","1432798","1433085","43","612678"
"KN295923v1","2144414","2144717","JH378115","22492113","22492415","47","20347699"
"KN295923v1","2176950","2177241","JH378185","841607","841910","48","1335343"
"KN295923v1","2213249","2213550","JH378123","48357","48656","43","2164892"
"KN295923v1","2229744","2230062","JH378114","31670723","31671027","44","29440979"
"KN295923v1","2256475","2256781","JH378126","21026752","21027059","30","18770277"
"KN295923v1","2295852","2296173","JH378107","41090820","41091142","43","38794968"
"KN295923v1","2301106","2301387","JH378151","8652626","8652916","36","6351520"
"KN295923v1","2311045","2311063","JH378149","1403733","1403749","6","907312"
"KN295923v1","2311102","2311393","JH378110","17880643","17880926","44","15569541"
"KN295923v1","2311850","2312150","JH378165","6186750","6187049","34","3874900"
"KN295923v1","2323652","2323930","JH378167","7364822","7365101","38","5041170"
"KN295923v1","2381467","2381772","JH378149","1427296","1427590","40","954171"
"KN295925v1","42694","42980","JH378246","2154157","2154450","39","2111463"
"KN295925v1","83218","83495","JH378276","3083630","3083909","35","3000412"
"KN295925v1","348760","349059","JH378124","15582898","15583197","31","15234138"
"KN295925v1","427922","428209","JH378106","60431918","60432202","43","60003996"
"KN295928v1","56","330","JH378105","56511616","56511880","51","56511560"
"KN295928v1","1418","1727","JH378197","8301771","8302079","50","8300353"
"KN295929v1","17740","18031","JH378138","6747331","6747625","36","6729591"
"KN295929v1","71006","71301","JH378105","48920179","48920473","33","48849173"
"KN295929v1","193894","194196","JH378288","1088673","1088973","32","894779"
"KN295929v1","215058","215353","JH378129","10258595","10258896","36","10043537"
"KN295929v1","255216","255524","JH378131","2072353","2072664","34","1817137"
"KN295929v1","256598","256888","JH378195","2268388","2268678","39","2011790"
"KN295929v1","275875","276177","JH378149","3565481","3565785","35","3289606"
"KN295929v1","278862","279154","JH378113","14455819","14456118","50","14176957"
"KN295929v1","280222","280533","JH378126","458121","458428","36","177899"
"KN295929v1","292218","292530","JH378115","16925265","16925575","35","16633047"
"KN295929v1","311968","312263","JH378125","23628961","23629251","54","23316993"
"KN295929v1","330356","330648","JH378176","9716970","9717264","36","9386614"
"KN295929v1","338670","338958","JH378105","8371070","8371361","38","8032400"
"KN295929v1","340510","340817","JH378173","9055905","9056209","33","8715395"
"KN295929v1","350277","350447","JH378117","22022011","22022187","23","21671734"
"KN295929v1","365199","365478","JH378156","8329530","8329803","44","7964331"
"KN295929v1","379697","379776","JH378194","8973763","8973842","11","8594066"
"KN295929v1","398029","398317","JH378139","16259084","16259375","32","15861055"
"KN295930v1","77185","77495","JH378116","23978626","23978940","47","23901441"
"KN295930v1","119789","120065","JH378121","27513826","27514103","38","27394037"
"KN295930v1","184374","184679","JH378129","12241608","12241912","40","12057234"
"KN295930v1","242512","242738","JH378151","645312","645524","33","402800"
"KN295930v1","244008","244286","JH378131","15894705","15894973","72","15650697"
"KN295930v1","245540","245750","JH378138","2838984","2839197","36","2593444"
"KN295930v1","418641","418947","JH378110","38574281","38574582","34","38155640"
"KN295930v1","426536","426839","JH378110","12146106","12146409","30","11719570"
"KN295930v1","522295","522593","JH378130","23927455","23927756","38","23405160"
"KN295930v1","642732","643030","JH378224","2145662","2145956","35","1502930"
"KN295930v1","654474","654780","JH378121","9173752","9174060","36","8519278"
"KN295930v1","709458","709765","JH378135","17620196","17620501","38","16910738"
"KN295930v1","750280","750584","JH378119","6124403","6124708","40","5374123"
"KN295930v1","778972","779266","JH378136","6475900","6476192","34","5696928"
"KN295930v1","802072","802365","JH378163","13372336","13372629","26","12570264"
"KN295930v1","889963","890277","JH378120","24834129","24834440","32","23944166"
"KN295931v1","66883","67150","JH378154","9543767","9544035","43","9476884"
"KN295931v1","331200","331501","JH378115","30852417","30852721","47","30521217"
"KN295931v1","589632","589790","JH378123","19553662","19553820","25","18964030"
"KN295933v1","172069","172368","JH378111","25827334","25827630","42","25655265"
"KN295933v1","244396","244694","JH378145","2733878","2734174","32","2489482"
"KN295933v1","297479","297770","JH378163","5610972","5611262","37","5313493"
"KN295933v1","328226","328541","JH378106","58016000","58016308","45","57687774"
"KN295933v1","503684","503998","JH378181","2052926","2053235","40","1549242"
"KN295933v1","730311","730386","JH378132","22347587","22347662","10","21617276"
"KN295933v1","856786","857094","JH378126","21026752","21027059","27","20169966"
"KN295933v1","899331","899627","JH378105","42160955","42161256","42","41261624"
"KN295933v1","916045","916220","JH378195","1744975","1745158","24","828930"
"KN295933v1","1031664","1031971","JH378106","1705581","1705889","45","673917"
"KN295933v1","1147670","1147981","JH378109","10847116","10847429","50","9699446"
"KN295934v1","44065","44368","JH378105","4190308","4190610","39","4146243"
"KN295935v1","72249","72549","JH378106","65716184","65716482","41","65643935"
"KN295935v1","105987","106281","JH378193","307323","307613","32","201336"
"KN295936v1","37586","37899","JH378140","6883086","6883394","36","6845500"
"KN295936v1","232894","233189","JH378228","5509057","5509356","36","5276163"
"KN295936v1","285815","286102","JH378118","1046610","1046894","35","760795"
"KN295936v1","302290","302603","JH378112","33214699","33215012","37","32912409"
"KN295936v1","323474","323771","JH378140","12471451","12471746","39","12147977"
"KN295936v1","351049","351343","JH378170","4783494","4783792","37","4432445"
"KN295936v1","407126","407302","JH378106","59454367","59454545","31","59047241"
"KN295936v1","407601","407743","JH378175","6716650","6716786","21","6309049"
"KN295936v1","445663","445976","JH378262","913874","914177","46","468211"
"KN295936v1","737485","737750","JH378129","11089455","11089718","36","10351970"
"KN295936v1","829719","830004","JH378116","10212009","10212295","32","9382290"
"KN295936v1","1027083","1027362","JH378279","102782","103056","29","924301"
"KN295936v1","1043181","1043281","JH378110","45089782","45089881","13","44046601"
"KN295936v1","1086612","1086895","JH378153","7392982","7393269","29","6306370"
"KN295936v1","1109819","1110109","JH378216","7124506","7124797","38","6014687"
"KN295936v1","1116731","1117037","JH378107","29495777","29496081","37","28379046"
"KN295936v1","1126535","1126834","JH378170","4783494","4783792","34","3656959"
"KN295936v1","1161233","1161433","JH378195","7570485","7570676","38","6409252"
"KN295936v1","1162722","1163004","JH378169","3247221","3247500","45","2084499"
"KN295936v1","1182698","1182985","JH378136","14408876","14409163","43","13226178"
"KN295936v1","1247058","1247337","JH378124","10835797","10836078","38","9588739"
"KN295936v1","1272739","1273023","JH378106","3052818","3053105","27","1780079"
"KN295936v1","1300356","1300648","JH378137","15080545","15080841","37","13780189"
"KN295936v1","1309396","1309691","JH378126","21026752","21027059","29","19717356"
"KN295936v1","1310296","1310598","JH378126","21026752","21027059","24","19716456"
"KN295936v1","1315168","1315493","JH378139","15235758","15236059","57","13920590"
"KN295936v1","1320391","1320685","JH378107","742939","743232","34","577452"
"KN295936v1","1322368","1322679","JH378115","25041145","25041450","31","23718777"
"KN295936v1","1329504","1329798","JH378116","28869529","28869826","35","27540025"
"KN295936v1","1333359","1333552","JH378153","1055189","1055386","26","278170"
"KN295936v1","1405226","1405543","JH378191","3644547","3644857","41","2239321"
"KN295936v1","1473934","1474238","JH378114","17527220","17527528","36","16053286"
"KN295936v1","1766591","1766874","JH378308","1201517","1201803","41","565074"
"KN295936v1","1862484","1862680","JH378110","32770747","32770942","29","30908263"
"KN295936v1","1901512","1901807","JH378153","14867432","14867735","48","12965920"
"KN295936v1","2019705","2020005","JH378235","1381290","1381589","30","638415"
"KN295936v1","2120116","2120434","JH378126","21026752","21027059","40","18906636"
"KN295936v1","2207268","2207551","JH378105","14675214","14675498","38","12467946"
"KN295936v1","2316672","2316984","JH378129","3141791","3142100","52","825119"
"KN295936v1","2325072","2325374","JH378139","15235758","15236059","33","12910686"
"KN295936v1","2330119","2330400","JH378114","20276504","20276786","42","17946385"
"KN295936v1","2378197","2378517","JH378129","10853809","10854123","45","8475612"
"KN295936v1","2385728","2386027","JH378288","1088673","1088973","33","1297055"
"KN295936v1","2468763","2469069","JH378206","1109787","1110092","37","1358976"
"KN295936v1","2510641","2510939","JH378121","29566176","29566469","42","27055535"
"KN295936v1","2540708","2541019","JH378156","2540624","2540935","33","84"
"KN295936v1","2589062","2589359","JH378151","3515305","3515602","43","926243"
"KN295936v1","2638152","2638452","JH378106","1533545","1533849","36","1104607"
"KN295936v1","2647608","2647919","JH378193","9256338","9256648","36","6608730"
"KN295936v1","2656317","2656598","JH378148","7299728","7300012","36","4643411"
"KN295936v1","2769321","2769617","JH378239","5427886","5428177","42","2658565"
"KN295936v1","2825921","2826230","JH378113","6692573","6692881","35","3866652"
"KN295936v1","2843392","2843700","JH378126","21026752","21027059","41","18183360"
"KN295936v1","2888391","2888687","JH378115","28712376","28712673","33","25823985"
"KN295936v1","2979678","2979969","JH378148","2950270","2950555","34","29408"
"KN295940v1","26379","26685","JH378106","70986080","70986388","41","70959701"
"KN295940v1","40154","40279","JH378213","5566203","5566332","19","5526049"
"KN295940v1","40283","40575","JH378105","4325405","4325701","38","4285122"
"KN295940v1","67500","67791","JH378321","896363","896656","33","828863"
"KN295940v1","86816","87101","JH378186","9105917","9106213","37","9019101"
"KN295940v1","124127","124428","JH378110","19934311","19934616","35","19810184"
"KN295940v1","241662","241955","JH378109","14438826","14439126","44","14197164"
"KN295940v1","314073","314381","JH378157","11279720","11280030","43","10965647"
"KN295940v1","393807","394107","JH378137","11398263","11398561","36","11004456"
"KN295940v1","461346","461645","JH378110","38574281","38574582","44","38112935"
"KN295940v1","540032","540337","JH378135","1426703","1427005","39","886671"
"KN295940v1","597839","598110","JH378114","44222819","44223088","40","43624980"
"KN295940v1","614960","615268","JH378264","2364378","2364688","34","1749418"
"KN295940v1","623056","623359","JH378136","7677923","7678227","35","7054867"
"KN295940v1","630039","630346","JH378264","2773729","2774039","31","2143690"
"KN295941v1","8303","8572","JH378106","68183009","68183283","44","68174706"
"KN295941v1","143827","144146","JH378167","5351158","5351469","34","5207331"
"KN295941v1","392383","392692","JH378156","9166475","9166782","38","8774092"
"KN295941v1","643469","643776","JH378107","7568037","7568336","37","6924568"
"KN295941v1","881373","881677","JH378137","4677249","4677553","39","3795876"
"KN295941v1","932619","932930","JH378126","21026752","21027059","36","20094133"
"KN295941v1","960179","960418","JH378236","2601372","2601607","34","1641193"
"KN295941v1","1157925","1158209","JH378148","2950270","2950555","36","1792345"
"KN295941v1","1418073","1418384","JH378107","7086674","7086981","42","5668601"
"KN295941v1","1474457","1474753","JH378374","104757","105050","41","1369700"
"KN295941v1","1604234","1604542","JH378109","13808774","13809080","45","12204540"
"KN295941v1","1641783","1641989","JH378109","15883020","15883228","25","14241237"
"KN295941v1","1730173","1730485","JH378248","3989732","3990043","36","2259559"
"KN295941v1","1745881","1746056","JH378107","32014212","32014385","17","30268331"
"KN295941v1","1873776","1873957","JH378161","8896773","8896953","32","7022997"
"KN295941v1","1893137","1893428","JH378108","23384607","23384902","40","21491470"
"KN295941v1","2000961","2001216","JH378107","49865332","49865591","33","47864371"
"KN295941v1","2201046","2201334","JH378119","5508690","5508980","29","3307644"
"KN295941v1","2269783","2270099","JH378167","5351158","5351469","30","3081375"
"KN295941v1","2372888","2373185","JH378221","831616","831908","43","1541272"
"KN295941v1","2507543","2507849","JH378110","12146106","12146409","39","9638563"
"KN295941v1","2682425","2682733","JH378126","21026752","21027059","34","18344327"
"KN295941v1","2686607","2686905","JH378115","28712376","28712673","35","26025769"
"KN295941v1","2736482","2736784","JH378111","32787449","32787755","42","30050967"
"KN295943v1","115202","115513","JH378152","11654622","11654934","38","11539420"
"KN295943v1","351063","351372","JH378170","5183299","5183600","41","4832236"
"KN295943v1","465356","465662","JH378106","9882834","9883140","29","9417478"
"KN295943v1","524369","524655","JH378182","9240926","9241205","31","8716557"
"KN295943v1","579553","579865","JH378112","33214699","33215012","42","32635146"
"KN295943v1","657900","658196","JH378107","30469196","30469490","37","29811296"
"KN295943v1","711927","712197","JH378114","44222819","44223088","35","43510892"
"KN295943v1","723684","723933","JH378176","5671270","5671515","33","4947586"
"KN295949v1","109037","109328","JH378167","8547558","8547847","42","8438521"
"KN295949v1","140631","140927","JH378119","10642447","10642735","64","10501816"
"KN295953v1","103378","103664","JH378107","8849248","8849534","45","8745870"
"KN295954v1","67361","67652","JH378124","13615923","13616211","43","13548562"
"KN295954v1","97239","97542","JH378206","6280299","6280627","61","6183060"
"KN295955v1","8006","8287","JH378124","10835797","10836078","33","10827791"
"KN295956v1","193829","193960","JH378300","914305","914433","14","720476"
"KN295956v1","242583","242889","JH378115","16925265","16925575","30","16682682"
"KN295956v1","332439","332686","JH378213","4901803","4902050","32","4569364"
"KN295957v1","24670","24974","JH378110","38574281","38574582","36","38549611"
"KN295957v1","35333","35623","JH378141","12391086","12391376","45","12355753"
"KN295959v1","20340","20621","JH378151","15551938","15552226","37","15531598"
"KN295959v1","20654","20672","JH378111","33423149","33423167","5","33402495"
"KN295960v1","90294","90599","JH378143","6618128","6618436","44","6527834"
"KN295960v1","189815","190121","JH378134","18532482","18532793","41","18342667"
"KN295960v1","384163","384469","JH378253","315934","316240","34","68229"
"KN295962v1","7162","7456","JH378290","2413872","2414163","36","2406710"
"KN295962v1","64342","64650","JH378159","15717599","15717893","39","15653257"
"KN295962v1","110730","111057","JH378121","16380436","16380774","46","16269706"
"KN295962v1","159363","159653","JH378167","1088256","1088536","48","928893"
"KN295962v1","162658","162947","JH378108","29038317","29038602","32","28875659"
"KN295962v1","219202","219505","JH378264","2773729","2774039","44","2554527"
"KN295962v1","247183","247471","JH378157","9676550","9676840","34","9429367"
"KN295962v1","252996","253294","JH378157","9676550","9676840","42","9423554"
"KN295962v1","271389","271691","JH378126","21026752","21027059","49","20755363"
"KN295962v1","316409","316711","JH378170","4783494","4783792","30","4467085"
"KN295962v1","338119","338398","JH378224","4250150","4250431","42","3912031"
"KN295962v1","362573","362806","JH378129","21712182","21712418","41","21349609"
"KN295962v1","368314","368624","JH378173","9055905","9056209","36","8687591"
"KN295962v1","400178","400314","JH378109","16858824","16858954","28","16458646"
"KN295962v1","413099","413400","JH378166","1276502","1276806","35","863403"
"KN295962v1","426405","426706","JH378106","1533545","1533849","33","1107140"
"KN295962v1","452607","452914","JH378213","5393305","5393609","36","4940698"
"KN295962v1","476924","477230","JH378224","2769148","2769454","34","2292224"
"KN295962v1","523925","524206","JH378224","556381","556661","35","32456"
"KN295962v1","528284","528559","JH378177","8225190","8225466","33","7696906"
"KN295962v1","533894","534149","JH378110","32583519","32583777","33","32049625"
"KN295962v1","584807","585104","JH378124","15582898","15583197","32","14998091"
"KN295962v1","637810","638109","JH378135","10201729","10202027","43","9563919"
"KN295962v1","696929","697018","JH378257","3625776","3625865","10","2928847"
"KN295962v1","699140","699428","JH378117","6642657","6642935","44","5943517"
"KN295962v1","764491","764778","JH378207","6941820","6942109","42","6177329"
"KN295962v1","767197","767506","JH378197","7145768","7146073","47","6378571"
"KN295962v1","774904","775203","JH378116","23982683","23982982","39","23207779"
"KN295962v1","794368","794652","JH378216","5614489","5614775","33","4820121"
"KN295962v1","863692","863998","JH378115","25041145","25041450","39","24177453"
"KN295962v1","865027","865323","JH378141","11024023","11024316","40","10158996"
"KN295962v1","892022","892322","JH378245","3846107","3846411","41","2954085"
"KN295962v1","897956","898243","JH378115","36370112","36370396","38","35472156"
"KN295962v1","916566","916860","JH378124","17234816","17235110","34","16318250"
"KN295962v1","939445","939755","JH378224","2769148","2769454","38","1829703"
"KN295962v1","970213","970506","JH378121","29566176","29566469","35","28595963"
"KN295962v1","971360","971653","JH378121","29566176","29566469","34","28594816"
"KN295962v1","985152","985453","JH378139","18955642","18955939","38","17970490"
"KN295962v1","991076","991401","JH378111","22964482","22964808","45","21973406"
"KN295962v1","993007","993309","JH378197","7145768","7146073","40","6152761"
"KN295962v1","998069","998368","JH378163","13372336","13372629","38","12374267"
"KN295962v1","999057","999338","JH378297","1353806","1354075","47","354749"
"KN295962v1","1000026","1000340","JH378288","1088673","1088973","43","88647"
"KN295962v1","1005861","1006138","JH378112","30984953","30985228","41","29979092"
"KN295962v1","1006600","1006860","JH378141","9311014","9311272","35","8304414"
"KN295962v1","1052809","1053105","JH378137","11282926","11283229","33","10230117"
"KN295962v1","1058353","1058661","JH378137","418029","418333","45","640324"
"KN295962v1","1126841","1127142","JH378114","36598649","36598945","42","35471808"
"KN295962v1","1139416","1139706","JH378205","5080625","5080919","29","3941209"
"KN295962v1","1168701","1168807","JH378108","45477085","45477194","17","44308384"
"KN295962v1","1188702","1188989","JH378114","20276504","20276786","36","19087802"
"KN295962v1","1196036","1196349","JH378171","6181069","6181379","38","4985033"
"KN295962v1","1225720","1226019","JH378198","6294233","6294526","39","5068513"
"KN295962v1","1277570","1277880","JH378126","23919556","23919859","42","22641986"
"KN295962v1","1304689","1304952","JH378106","70483264","70483525","36","69178575"
"KN295962v1","1312155","1312447","JH378281","2947044","2947332","32","1634889"
"KN295962v1","1315182","1315473","JH378108","42296533","42296820","40","40981351"
"KN295962v1","1367820","1368109","JH378115","17764956","17765241","32","16397136"
"KN295962v1","1409952","1410254","JH378193","5034246","5034548","62","3624294"
"KN295962v1","1433588","1433890","JH378106","6434398","6434702","41","5000810"
"KN295962v1","1434630","1434927","JH378115","33279263","33279559","30","31844633"
"KN295962v1","1476493","1476803","JH378158","8002135","8002443","42","6525642"
"KN295962v1","1480571","1480675","JH378105","42378242","42378345","19","40897671"
"KN295962v1","1480944","1481078","JH378220","1088125","1088257","13","392819"
"KN295962v1","1512702","1513000","JH378220","2784017","2784313","33","1271315"
"KN295962v1","1528268","1528568","JH378181","6657533","6657829","48","5129265"
"KN295962v1","1530882","1531193","JH378114","17527220","17527528","40","15996338"
"KN295962v1","1594969","1595274","JH378108","30731255","30731558","34","29136286"
"KN295962v1","1601811","1602100","JH378182","3623832","3624120","36","2022021"
"KN295962v1","1604254","1604551","JH378156","4558890","4559194","40","2954636"
"KN295962v1","1612154","1612460","JH378126","21026752","21027059","40","19414598"
"KN295962v1","1616489","1616791","JH378170","5183299","5183600","46","3566810"
"KN295962v1","1633579","1633744","JH378260","3777889","3778051","22","2144310"
"KN295962v1","1728007","1728292","JH378328","658088","658373","35","1069919"
"KN295962v1","1736530","1736806","JH378140","14073854","14074132","28","12337324"
"KN295962v1","1745575","1745870","JH378151","6553008","6553306","35","4807433"
"KN295962v1","1753227","1753521","JH378137","18706406","18706704","43","16953179"
"KN295962v1","1756688","1756918","JH378124","2336884","2337113","29","580196"
"KN295962v1","1759746","1760044","JH378205","4497688","4497989","49","2737942"
"KN295962v1","1804237","1804489","JH378127","15502561","15502805","40","13698324"
"KN295962v1","1823196","1823426","JH378158","13279710","13279942","30","11456514"
"KN295962v1","1832633","1832950","JH378199","7652610","7652923","42","5819977"
"KN295962v1","1842193","1842494","JH378106","1533545","1533849","44","308648"
"KN295962v1","1845848","1846155","JH378107","6565428","6565729","46","4719580"
"KN295962v1","1848611","1848919","JH378216","5261696","5262004","43","3413085"
"KN295962v1","1856609","1856911","JH378137","18706406","18706704","40","16849797"
"KN295962v1","1861969","1862289","JH378167","5351158","5351469","44","3489189"
"KN295962v1","1873516","1873829","JH378126","21026752","21027059","40","19153236"
"KN295962v1","1895336","1895632","JH378236","733320","733615","33","1162016"
"KN295962v1","1911815","1912115","JH378167","8141531","8141823","41","6229716"
"KN295962v1","1915982","1916275","JH378262","1318764","1319058","34","597218"
"KN295962v1","1923222","1923538","JH378113","13681784","13682099","53","11758562"
"KN295962v1","1933684","1933985","JH378139","2225621","2225929","74","291937"
"KN295962v1","1939798","1940066","JH378129","11457553","11457829","38","9517755"
"KN295962v1","1979710","1979848","JH378151","10070583","10070729","30","8090873"
"KN295962v1","1983880","1984133","JH378106","57078627","57078881","35","55094747"
"KN295962v1","1985450","1985744","JH378115","26561420","26561711","40","24575970"
"KN295962v1","1987249","1987541","JH378205","5080625","5080919","35","3093376"
"KN295962v1","1995973","1996286","JH378158","295993","296306","42","1699980"
"KN295962v1","2004830","2004921","JH378149","14776988","14777072","22","12772158"
"KN295962v1","2088949","2089258","JH378226","6280179","6280491","54","4191230"
"KN295962v1","2102684","2102891","JH378320","726205","726405","30","1376479"
"KN295962v1","2116489","2116571","JH378157","14200981","14201063","14","12084492"
"KN295962v1","2128640","2128902","JH378151","7414817","7415082","35","5286177"
"KN295962v1","2196533","2196819","JH378171","722943","723214","85","1473590"
"KN295962v1","2286102","2286407","JH378153","12480186","12480497","42","10194084"
"KN295962v1","2337280","2337570","JH378106","63648485","63648770","35","61311205"
"KN295962v1","2386349","2386644","JH378120","14101960","14102256","40","11715611"
"KN295962v1","2454276","2454472","JH378106","42429440","42429633","32","39975164"
"KN295962v1","2463558","2463843","JH378142","528573","528860","39","1934985"
"KN295963v1","82176","82477","JH378158","5632134","5632434","36","5549958"
"KN295965v1","15377","15696","JH378246","4457511","4457836","34","4442134"
"KN295965v1","279834","280138","JH378106","18352071","18352372","52","18072237"
"KN295965v1","411895","412186","JH378252","1272655","1272952","40","860760"
"KN295965v1","438784","439063","JH378115","34775540","34775825","41","34336756"
"KN295965v1","495610","495767","JH378107","57664530","57664688","25","57168920"
"KN295965v1","499754","500000","JH378120","6338001","6338243","35","5838247"
"KN295966v1","47","347","JH378139","2225621","2225929","64","2225574"
"KN295967v1","123126","123438","JH378108","4817152","4817463","30","4694026"
"KN295967v1","224177","224465","JH378114","32390537","32390820","38","32166360"
"KN295967v1","262815","262894","JH378137","14941288","14941366","10","14678473"
"KN295967v1","281195","281496","JH378116","28869529","28869826","37","28588334"
"KN295967v1","322145","322455","JH378139","18632207","18632516","44","18310062"
"KN295967v1","333777","334090","JH378113","28428906","28429220","33","28095129"
"KN295967v1","354588","354889","JH378135","454384","454683","33","99796"
"KN295967v1","371885","372168","JH378120","30228729","30229018","44","29856844"
"KN295967v1","372237","372548","JH378137","18261330","18261634","45","17889093"
"KN295967v1","376370","376665","JH378123","28928754","28929045","39","28552384"
"KN295967v1","396888","397183","JH378110","36020842","36021135","35","35623954"
"KN295967v1","429398","429706","JH378137","4935997","4936292","62","4506599"
"KN295967v1","435109","435404","JH378227","68096","68393","32","367013"
"KN295967v1","444751","445031","JH378183","5085328","5085606","41","4640577"
"KN295967v1","453437","453735","JH378293","1524576","1524874","36","1071139"
"KN295967v1","461313","461436","JH378259","3281512","3281635","12","2820199"
"KN295967v1","462125","462427","JH378113","24179649","24179958","38","23717524"
"KN295967v1","481168","481441","JH378105","63565351","63565629","52","63084183"
"KN295967v1","491242","491532","JH378182","9263715","9264002","33","8772473"
"KN295967v1","500989","501327","JH378260","2282137","2282463","68","1781148"
"KN295967v1","515212","515515","JH378130","24316631","24316930","39","23801419"
"KN295967v1","515557","515863","JH378224","2769148","2769454","35","2253591"
"KN295967v1","516920","517201","JH378129","11457553","11457829","46","10940633"
"KN295967v1","525844","526150","JH378170","4783494","4783792","38","4257650"
"KN295967v1","537703","537998","JH378137","6554559","6554852","40","6016856"
"KN295967v1","539575","539740","JH378182","771773","771939","21","232198"
"KN295967v1","578046","578337","JH378255","3176048","3176340","34","2598002"
"KN295967v1","581553","581862","JH378112","31513174","31513483","42","30931621"
"KN295967v1","584195","584491","JH378151","4318339","4318636","39","3734144"
"KN295967v1","594837","595145","JH378112","21015725","21016036","39","20420888"
"KN295967v1","597668","597965","JH378116","1169986","1170287","32","572318"
"KN295967v1","617450","617700","JH378151","8290347","8290596","36","7672897"
"KN295967v1","618462","618772","JH378115","22676581","22676892","45","22058119"
"KN295967v1","632557","632655","JH378106","24162338","24162435","21","23529781"
"KN295967v1","632656","632955","JH378132","14268943","14269240","39","13636287"
"KN295967v1","656617","656926","JH378137","14049327","14049630","36","13392710"
"KN295967v1","679067","679362","JH378117","24258354","24258650","35","23579287"
"KN295967v1","681387","681699","JH378142","2685720","2686017","39","2004333"
"KN295967v1","682605","682899","JH378139","18955642","18955939","36","18273037"
"KN295967v1","683613","683927","JH378129","10853809","10854123","55","10170196"
"KN295967v1","696546","696851","JH378144","7235841","7236134","44","6539295"
"KN295967v1","700524","700819","JH378122","7899624","7899919","34","7199100"
"KN295967v1","703572","703881","JH378106","58016000","58016308","39","57312428"
"KN295967v1","718391","718699","JH378151","4318339","4318636","38","3599948"
"KN295967v1","719017","719222","JH378136","3057639","3057844","31","2338622"
"KN295967v1","722253","722553","JH378241","5492398","5492696","32","4770145"
"KN295967v1","775995","776187","JH378127","14039511","14039692","38","13263516"
"KN295967v1","779125","779450","JH378112","33065687","33066015","51","32286562"
"KN295967v1","803557","803847","JH378148","16227423","16227714","41","15423866"
"KN295967v1","809853","810100","JH378113","2378892","2379137","45","1569039"
"KN295967v1","827967","828191","JH378278","2879645","2879865","29","2051678"
"KN295967v1","953452","953757","JH378113","24179649","24179958","37","23226197"
"KN295967v1","1041904","1042196","JH378112","33582438","33582730","33","32540534"
"KN295967v1","1183843","1184115","JH378119","21236610","21236894","46","20052767"
"KN295967v1","1269191","1269482","JH378111","27908368","27908667","47","26639177"
"KN295967v1","1316425","1316718","JH378148","16227423","16227714","34","14910998"
"KN295967v1","1352553","1352632","JH378135","1264115","1264194","9","88438"
"KN295967v1","1436117","1436397","JH378129","8280311","8280592","34","6844194"
"KN295967v1","1470605","1470914","JH378119","6124403","6124708","37","4653798"
"KN295967v1","1471630","1471914","JH378198","4226780","4227075","42","2755150"
"KN295967v1","1784340","1784629","JH378105","70683132","70683421","33","68898792"
"KN295968v1","60042","60343","JH378253","315934","316240","41","255892"
"KN295968v1","113060","113345","JH378153","7392982","7393269","40","7279922"
"KN295968v1","207966","208056","JH378130","64968","65059","21","142998"
"KN295974v1","296684","296954","JH378146","12682442","12682712","35","12385758"
"KN295974v1","308423","308724","JH378110","19934311","19934616","36","19625888"
"KN295974v1","420399","420699","JH378115","25570507","25570808","30","25150108"
"KN295974v1","550781","551093","JH378115","23201999","23202310","35","22651218"
"KN295974v1","624810","625107","JH378157","11263444","11263745","46","10638634"
"KN295974v1","669574","669831","JH378219","2547337","2547592","33","1877763"
"KN295974v1","700911","701239","JH378133","9019183","9019505","48","8318272"
"KN295974v1","785663","785970","JH378126","21026752","21027059","30","20241089"
"KN295974v1","833198","833486","JH378108","42296533","42296820","30","41463335"
"KN295974v1","943895","944202","JH378110","38852916","38853220","41","37909021"
"KN295974v1","944815","945029","JH378131","11614523","11614730","32","10669708"
"KN295974v1","945030","945343","AGCE01151127","791","1105","35","944239"
"KN295974v1","945344","945456","JH378107","41065248","41065354","29","40119904"
"KN295974v1","1449015","1449323","JH378127","19048485","19048788","39","17599470"
"KN295974v1","1472353","1472664","JH378137","17172323","17172634","30","15699970"
"KN295974v1","1599491","1599756","JH378108","33494675","33494938","40","31895184"
"KN295974v1","1753710","1754015","JH378150","3147294","3147605","42","1393584"
"KN295974v1","1773765","1774070","JH378158","8002135","8002443","42","6228370"
"KN295974v1","1784686","1784950","JH378139","10412496","10412760","18","8627810"
"KN295974v1","1809163","1809448","JH378105","35665534","35665817","35","33856371"
"KN295974v1","1856495","1856769","JH378240","990715","990992","38","865780"
"KN295974v1","1919940","1920241","JH378126","21026752","21027059","32","19106812"
"KN295974v1","1965911","1966016","JH378224","1291836","1291939","17","674075"
"KN295974v1","2031562","2031877","JH378130","1202684","1202989","38","828878"
"KN295974v1","2333565","2333698","JH378111","25436103","25436231","12","23102538"
"KN295974v1","2727079","2727379","JH378163","2667861","2668158","49","59218"
"KN295974v1","2764303","2764471","JH378105","16504718","16504877","25","13740415"
"KN295974v1","2863377","2863667","JH378205","5080625","5080919","34","2217248"
"KN295974v1","2892437","2892625","JH378232","420548","420740","22","2471889"
"KN295974v1","2945504","2945809","JH378106","1533545","1533849","39","1411959"
"KN295974v1","3114157","3114450","JH378127","18566293","18566586","35","15452136"
"KN295974v1","3126654","3126958","JH378116","25853972","25854281","42","22727318"
"KN295974v1","3164050","3164309","JH378173","6043976","6044232","37","2879926"
"KN295974v1","3224258","3224540","JH378114","29675067","29675349","33","26450809"
"KN295974v1","3397533","3397834","JH378144","9593157","9593456","34","6195624"
"KN295974v1","3571539","3571843","JH378148","15796597","15796901","33","12225058"
"KN295974v1","3668859","3669145","JH378106","3052818","3053105","38","616041"
"KN295974v1","3688538","3688835","JH378125","1231391","1231691","38","2457147"
"KN295974v1","3922789","3923094","JH378126","21026752","21027059","31","17103963"
"KN295974v1","4182544","4182817","JH378252","3797717","3797993","43","384827"
"KN295974v1","4204203","4204503","JH378111","42112707","42113007","37","37908504"
"KN295975v1","33676","33987","JH378106","6434398","6434702","39","6400722"
"KN295975v1","53847","54129","JH378110","35445538","35445820","35","35391691"
"KN295976v1","5415","5721","JH378213","5393305","5393609","45","5387890"
"KN295977v1","120117","120396","JH378220","4932527","4932803","34","4812410"
"KN295977v1","192837","193121","JH378238","5087522","5087808","36","4894685"
"KN295977v1","236449","236758","JH378136","1594394","1594705","42","1357945"
"KN295977v1","241597","241902","JH378197","7145768","7146073","34","6904171"
"KN295977v1","254494","254804","JH378106","60843849","60844159","34","60589355"
"KN295977v1","254973","255282","JH378116","37165551","37165860","42","36910578"
"KN295977v1","262516","262811","JH378131","19339353","19339649","42","19076837"
"KN295977v1","268753","269048","JH378288","674738","675036","37","405985"
"KN295977v1","278994","279293","JH378115","25570507","25570808","36","25291513"
"KN295977v1","306995","307290","JH378162","6368403","6368696","57","6061408"
"KN295977v1","373524","373820","JH378113","11419757","11420052","33","11046233"
"KN295977v1","484251","484536","JH378137","4055872","4056152","34","3571621"
"KN295977v1","487634","487907","JH378129","11457553","11457829","39","10969919"
"KN295977v1","515755","516027","JH378241","704706","704988","44","188951"
"KN295977v1","549666","549836","JH378105","13261414","13261582","19","12711748"
"KN295977v1","550142","550276","JH378193","345676","345813","19","204466"
"KN295977v1","565093","565402","JH378228","5616886","5617184","57","5051793"
"KN295977v1","599830","600108","JH378238","696451","696731","32","96621"
"KN295977v1","629052","629350","JH378124","15582898","15583197","33","14953846"
"KN295977v1","734478","734768","JH378244","4334398","4334694","35","3599920"
"KN295977v1","758126","758433","JH378279","2519466","2519771","34","1761340"
"KN295977v1","808965","809222","JH378110","32583519","32583777","34","31774554"
"KN295977v1","819260","819550","JH378126","1916039","1916333","36","1096779"
"KN295977v1","823042","823335","JH378122","7899624","7899919","32","7076582"
"KN295977v1","853014","853307","JH378137","14844071","14844359","55","13991057"
"KN295977v1","878498","878801","JH378125","5482258","5482559","32","4603760"
"KN295977v1","894172","894485","JH378247","1203543","1203848","34","309371"
"KN295977v1","902755","903056","JH378111","27908368","27908667","40","27005613"
"KN295977v1","919663","919964","JH378124","15582898","15583197","33","14663235"
"KN295977v1","930711","930989","JH378166","2276072","2276357","42","1345361"
"KN295977v1","941790","942104","JH378273","449162","449476","38","492628"
"KN295977v1","956099","956396","JH378235","1381290","1381589","37","425191"
"KN295977v1","987484","987741","JH378127","24612564","24612827","40","23625080"
"KN295977v1","1009042","1009319","JH378252","2199134","2199409","33","1190092"
"KN295977v1","1010559","1010857","JH378114","42324115","42324412","43","41313556"
"KN295977v1","1015846","1016150","JH378137","4012884","4013190","33","2997038"
"KN295977v1","1023397","1023426","JH378105","31065877","31065908","9","30042480"
"KN295977v1","1023464","1023741","JH378144","7596090","7596371","35","6572626"
"KN295977v1","1029810","1030101","JH378105","30024561","30024853","40","28994751"
"KN295977v1","1038625","1038920","JH378288","1088673","1088973","40","50048"
"KN295977v1","1047631","1047929","JH378151","8381511","8381803","35","7333880"
"KN295977v1","1052647","1052953","JH378126","21026752","21027059","34","19974105"
"KN295977v1","1065422","1065711","JH378108","42313777","42314071","36","41248355"
"KN295977v1","1068361","1068696","JH378108","8319625","8319938","65","7251264"
"KN295977v1","1068975","1069279","JH378177","11041438","11041748","33","9972463"
"KN295977v1","1075130","1075440","JH378108","18639481","18639792","37","17564351"
"KN295977v1","1083831","1084116","JH378115","30427024","30427311","36","29343193"
"KN295977v1","1100969","1101272","JH378262","429223","429527","32","671746"
"KN295977v1","1101663","1101976","JH378105","23955669","23955975","45","22854006"
"KN295977v1","1106927","1107225","JH378108","20625679","20625975","27","19518752"
"KN295977v1","1122971","1123241","JH378213","751787","752065","54","371184"
"KN295977v1","1124476","1124774","JH378212","2149089","2149386","39","1024613"
"KN295977v1","1130522","1130826","JH378110","31575602","31575901","35","30445080"
"KN295977v1","1147360","1147649","JH378139","16259084","16259375","36","15111724"
"KN295977v1","1161985","1162205","JH378149","2903461","2903681","30","1741476"
"KN295977v1","1304174","1304473","JH378161","630277","630572","34","673897"
"KN295977v1","1351476","1351787","JH378139","1159515","1159824","34","191961"
"KN295977v1","1353739","1354019","JH378105","48815627","48815906","33","47461888"
"KN295977v1","1356450","1356751","JH378153","3355875","3356185","43","1999425"
"KN295977v1","1373934","1374074","JH378213","4174678","4174817","18","2800744"
"KN295977v1","1404804","1405112","JH378171","5736292","5736597","48","4331488"
"KN295977v1","1419206","1419508","JH378205","4497688","4497989","33","3078482"
"KN295978v1","10012","10331","JH378260","3599331","3599644","50","3589319"
"KN295980v1","283125","283222","JH378165","10161690","10161792","22","9878565"
"KN295980v1","287737","288053","JH378117","29887137","29887430","55","29599400"
"KN295980v1","292560","292867","JH378110","35052028","35052340","34","34759468"
"KN295980v1","377488","377782","JH378308","1198077","1198375","36","820589"
"KN295980v1","396638","396953","JH378225","6457829","6458137","36","6061191"
"KN295980v1","402362","402628","JH378123","8330085","8330356","48","7927723"
"KN295980v1","630662","630917","JH378115","32947677","32947930","37","32317015"
"KN295980v1","752942","753244","JH378125","15893280","15893581","40","15140338"
"KN295980v1","904349","904648","JH378177","10271031","10271327","38","9366682"
"KN295980v1","934883","935188","JH378108","54706929","54707230","35","53772046"
"KN295980v1","955157","955462","JH378151","13413694","13413997","32","12458537"
"KN295980v1","971288","971364","JH378115","14169568","14169641","17","13198280"
"KN295980v1","1164012","1164314","JH378139","19415987","19416286","30","18251975"
"KN295983v1","22982","23278","JH378115","28712376","28712673","35","28689394"
"KN295983v1","74020","74323","JH378197","7145768","7146073","34","7071748"
"KN295983v1","120916","121212","JH378181","2393882","2394177","42","2272966"
"KN295983v1","123544","123841","JH378119","11538542","11538840","37","11414998"
"KN295983v1","135316","135478","JH378113","11660051","11660212","22","11524735"
"KN295983v1","197826","198122","JH378151","8381511","8381803","31","8183685"
"KN295983v1","249692","249773","JH378123","24074889","24074971","16","23825197"
"KN295983v1","274786","275092","JH378132","9054162","9054471","56","8779376"
"KN295983v1","285846","286137","JH378114","38868751","38869045","41","38582905"
"KN295983v1","306043","306339","JH378228","5616886","5617184","32","5310843"
"KN295983v1","361300","361590","JH378109","44911835","44912116","38","44550535"
"KN295983v1","397234","397529","JH378115","28712376","28712673","31","28315142"
"KN295983v1","400900","401191","JH378148","16227423","16227714","29","15826523"
"KN295983v1","453135","453443","JH378202","8290891","8291200","34","7837756"
"KN295983v1","454129","454421","JH378112","24683315","24683604","38","24229186"
"KN295983v1","546902","547194","JH378199","812200","812492","37","265298"
"KN295983v1","592800","593112","JH378197","7145768","7146073","41","6552968"
"KN295983v1","596921","597232","JH378120","16327645","16327955","42","15730724"
"KN295983v1","630922","631170","JH378213","4901803","4902050","32","4270881"
"KN295983v1","761109","761418","JH378115","16925265","16925575","34","16164156"
"KN295983v1","770274","770592","JH378106","59688577","59688884","49","58918303"
"KN295983v1","853496","853785","JH378221","831616","831908","39","21880"
"KN295983v1","975679","975959","JH378110","17880643","17880926","38","16904964"
"KN295983v1","976004","976017","JH378149","1403733","1403749","5","427729"
"KN295983v1","1269144","1269451","JH378126","21026752","21027059","39","19757608"
"KN295983v1","1305935","1306229","JH378117","22447257","22447546","38","21141322"
"KN295983v1","1358203","1358511","JH378139","17878350","17878657","37","16520147"
"KN295983v1","1359096","1359392","JH378316","409965","410264","28","949131"
"KN295983v1","1395239","1395556","JH378113","14455819","14456118","48","13060580"
"KN295983v1","1406350","1406646","JH378181","2251325","2251621","46","844975"
"KN295983v1","1431121","1431388","JH378151","7414817","7415082","35","5983696"
"KN295983v1","1460297","1460583","JH378122","7899624","7899919","41","6439327"
"KN295983v1","1499370","1499665","JH378115","28712376","28712673","31","27213006"
"KN295983v1","1578472","1578783","JH378106","8193028","8193339","41","6614556"
"KN295983v1","1668876","1669185","JH378167","5351158","5351469","31","3682282"
"KN295983v1","1689166","1689491","JH378116","16275081","16275388","48","14585915"
"KN295983v1","1737317","1737622","JH378229","5039327","5039634","39","3302010"
"KN295983v1","1768944","1769251","JH378115","28712376","28712673","43","26943432"
"KN295983v1","1877922","1878213","JH378120","32804671","32804960","39","30926749"
"KN295983v1","1911260","1911556","JH378121","29566176","29566469","31","27654916"
"KN295983v1","2061053","2061391","JH378116","11181268","11181574","59","9120215"
"KN295983v1","2112850","2113160","JH378206","2040598","2040903","41","72252"
"KN295983v1","2535165","2535465","JH378139","16290412","16290704","44","13755247"
"KN295983v1","2614183","2614489","JH378205","7841436","7841737","41","5227253"
"KN295983v1","2679857","2680135","JH378111","20134592","20134872","54","17454735"
"KN295983v1","2781631","2781925","JH378139","18955642","18955939","40","16174011"
"KN295983v1","2917184","2917493","JH378140","6883086","6883394","37","3965902"
"KN295983v1","3016003","3016284","JH378136","18648359","18648630","63","15632356"
"KN295983v1","3034392","3034701","JH378185","2174597","2174903","38","859795"
"KN295983v1","3131640","3131922","JH378149","11180138","11180421","39","8048498"
"KN295983v1","3146128","3146423","JH378107","57325483","57325775","46","54179355"
"KN295983v1","3365177","3365454","JH378244","2666778","2667061","43","698399"
"KN295983v1","3584151","3584436","JH378111","46091567","46091853","49","42507416"
"KN295984v1","2939","3224","JH378113","33392043","33392325","35","33389104"
"KN295984v1","25671","25974","JH378126","23864373","23864670","45","23838702"
"KN295984v1","72281","72574","JH378197","5535411","5535704","37","5463130"
"KN295984v1","125547","125843","JH378116","916080","916375","27","790533"
"KN295984v1","148964","149252","JH378303","1645305","1645593","33","1496341"
"KN295984v1","185593","185895","JH378144","7014110","7014412","36","6828517"
"KN295984v1","195861","196173","JH378213","5553131","5553439","41","5357270"
"KN295984v1","313605","313902","JH378178","6966092","6966381","36","6652487"
"KN295984v1","359472","359765","JH378113","14455819","14456118","37","14096347"
"KN295984v1","376691","376787","JH378105","54320628","54320724","14","53943937"
"KN295984v1","377316","377614","JH378204","5607975","5608271","37","5230659"
"KN295984v1","473501","473795","JH378244","4057869","4058161","38","3584368"
"KN295984v1","497256","497544","JH378122","8653362","8653651","53","8156106"
"KN295984v1","561436","561722","JH378131","1106043","1106335","39","544607"
"KN295984v1","707486","707799","JH378113","23430583","23430911","53","22723097"
"KN295984v1","726013","726324","JH378118","276170","276471","48","449843"
"KN295984v1","744630","744949","JH378115","25041145","25041450","43","24296515"
"KN295984v1","818741","819025","JH378243","4648971","4649267","41","3830230"
"KN295984v1","830754","831046","JH378127","11653984","11654276","39","10823230"
"KN295984v1","905680","905981","JH378125","15893280","15893581","35","14987600"
"KN295984v1","918758","919058","JH378126","21026752","21027059","34","20107994"
"KN295984v1","931184","931502","JH378110","39698171","39698486","43","38766987"
"KN295984v1","1023630","1023926","JH378149","539268","539562","33","484362"
"KN295984v1","1036531","1036835","JH378113","17735383","17735690","34","16698852"
"KN295984v1","1039954","1040250","JH378115","25570507","25570808","27","24530553"
"KN295984v1","1043235","1043543","JH378113","14455819","14456118","48","13412584"
"KN295984v1","1067587","1067877","JH378151","8381511","8381803","28","7313924"
"KN295984v1","1153410","1153489","JH378135","1264115","1264194","9","110705"
"KN295984v1","1161876","1162174","JH378170","4783494","4783792","43","3621618"
"KN295984v1","1163234","1163508","JH378111","15610165","15610446","36","14446931"
"KN295984v1","1187745","1188037","JH378157","6848841","6849136","39","5661096"
"KN295984v1","1188077","1188369","JH378157","9676550","9676840","30","8488473"
"KN295984v1","1188762","1189062","JH378232","2705326","2705628","32","1516564"
"KN295984v1","1214254","1214327","JH378129","7946156","7946227","10","6731902"
"KN295984v1","1238783","1239093","JH378126","21026752","21027059","31","19787969"
"KN295984v1","1241188","1241473","JH378121","29566176","29566469","41","28324988"
"KN295984v1","1248717","1249014","JH378115","28712376","28712673","41","27463659"
"KN295984v1","1255411","1255713","JH378138","5380451","5380753","29","4125040"
"KN295984v1","1283436","1283747","JH378156","9166475","9166782","36","7883039"
"KN295984v1","1287761","1288055","JH378136","14408876","14409163","50","13121115"
"KN295984v1","1291072","1291348","JH378198","6537279","6537554","40","5246207"
"KN295984v1","1292111","1292422","JH378108","30731255","30731558","38","29439144"
"KN295984v1","1301228","1301395","JH378293","1240878","1241042","21","60350"
"KN295984v1","1303388","1303679","JH378137","17271511","17271797","30","15968123"
"KN295984v1","1337216","1337526","JH378110","10667651","10667961","28","9330435"
"KN295984v1","1343877","1344170","JH378144","7235841","7236134","37","5891964"
"KN295984v1","1344608","1344914","JH378115","34859185","34859494","33","33514577"
"KN295984v1","1369634","1369930","JH378136","7727266","7727563","53","6357632"
"KN295984v1","1411514","1411805","JH378187","7554252","7554544","34","6142738"
"KN295984v1","1429906","1430206","JH378115","28712376","28712673","46","27282470"
"KN295984v1","1437508","1437795","JH378113","21560636","21560926","34","20123128"
"KN295984v1","1438483","1438768","JH378144","4377250","4377537","36","2938767"
"KN295984v1","1441353","1441594","JH378125","8048471","8048709","25","6607118"
"KN295984v1","1455965","1456257","JH378198","1478385","1478676","34","22420"
"KN295984v1","1468588","1468744","JH378155","9117186","9117339","21","7648598"
"KN295984v1","1470737","1471039","JH378113","17279344","17279644","47","15808607"
"KN295984v1","1471073","1471149","JH378110","32692543","32692616","9","31221470"
"KN295984v1","1482364","1482661","JH378137","17138846","17139141","39","15656482"
"KN295984v1","1485054","1485354","JH378151","13413694","13413997","38","11928640"
"KN295984v1","1494403","1494703","JH378140","6602564","6602868","42","5108161"
"KN295984v1","1503165","1503280","JH378124","2402046","2402159","14","898881"
"KN295984v1","1508209","1508461","JH378125","7358700","7358942","32","5850491"
"KN295984v1","1517845","1518147","JH378137","418029","418333","35","1099816"
"KN295984v1","1534474","1534777","JH378115","25570507","25570808","32","24036033"
"KN295984v1","1536796","1537082","JH378153","7392982","7393269","30","5856186"
"KN295984v1","1550191","1550388","JH378125","16233156","16233354","29","14682965"
"KN295984v1","1563175","1563451","JH378173","4514570","4514860","47","2951395"
"KN295984v1","1575608","1575901","JH378148","15735470","15735761","39","14159862"
"KN295984v1","1579152","1579459","JH378113","14455819","14456118","37","12876667"
"KN295984v1","1582951","1583240","JH378225","1111186","1111477","32","471765"
"KN295984v1","1588833","1589134","JH378108","30731255","30731558","36","29142422"
"KN295984v1","1591454","1591778","JH378111","24497284","24497612","47","22905830"
"KN295984v1","1604744","1605038","JH378176","9716970","9717264","26","8112226"
"KN295984v1","1606116","1606409","JH378149","915557","915848","33","690559"
"KN295984v1","1613457","1613640","JH378178","9673051","9673231","21","8059594"
"KN295984v1","1614756","1615070","JH378167","5351158","5351469","42","3736402"
"KN295984v1","1618091","1618233","JH378138","6793543","6793682","22","5175452"
"KN295984v1","1622536","1622861","JH378260","2282137","2282463","51","659601"
"KN295984v1","1624864","1625160","JH378151","14844192","14844489","38","13219328"
"KN295984v1","1627662","1627906","JH378149","2836824","2837076","35","1209162"
"KN295984v1","1629751","1630045","JH378128","178788","179084","41","1450963"
"KN295984v1","1636104","1636234","JH378115","7599604","7599735","18","5963500"
"KN295984v1","1637259","1637551","JH378131","20072845","20073138","31","18435586"
"KN295984v1","1639193","1639294","JH378109","3395720","3395819","10","1756527"
"KN295984v1","1645731","1646034","JH378199","4983750","4984049","35","3338019"
"KN295984v1","1664041","1664344","JH378153","5286533","5286832","39","3622492"
"KN295984v1","1680767","1681012","JH378105","50201899","50202145","48","48521132"
"KN295984v1","1686375","1686674","JH378105","34779223","34779523","37","33092848"
"KN295984v1","1715819","1716112","JH378129","2668359","2668650","35","952540"
"KN295984v1","1717749","1718056","JH378228","5829049","5829359","41","4111300"
"KN295984v1","1730892","1731198","JH378193","9256338","9256648","39","7525446"
"KN295984v1","1744824","1745148","JH378142","7753858","7754173","43","6009034"
"KN295984v1","1808729","1809027","JH378113","5116740","5117037","32","3308011"
"KN295984v1","1819481","1819789","JH378152","11512363","11512667","39","9692882"
"KN295984v1","1854535","1854841","JH378119","6124403","6124708","39","4269868"
"KN295984v1","1857622","1857886","JH378213","4317351","4317626","50","2459729"
"KN295984v1","2006906","2007199","JH378105","42160955","42161256","46","40154049"
"KN295984v1","2031613","2031874","JH378141","9616154","9616412","44","7584541"
"KN295984v1","2034397","2034696","JH378146","16123126","16123423","44","14088729"
"KN295984v1","2038554","2038827","JH378116","37411022","37411298","30","35372468"
"KN295984v1","2054044","2054339","JH378139","16259084","16259375","41","14205040"
"KN295984v1","2072629","2072948","JH378312","1040244","1040557","40","1032385"
"KN295984v1","2075237","2075536","JH378151","4318339","4318636","28","2243102"
"KN295984v1","2162274","2162567","JH378131","19339353","19339649","36","17177079"
"KN295984v1","2275091","2275369","JH378127","1634253","1634528","42","640838"
"KN295984v1","2288431","2288745","JH378105","556817","557130","41","1731614"
"KN295984v1","2506160","2506490","JH378189","9548672","9549000","46","7042512"
"KN295984v1","2521947","2522257","JH378136","5570577","5570888","36","3048630"
"KN295984v1","2595753","2596042","JH378148","2950270","2950555","35","354517"
"KN295984v1","2727542","2727851","JH378170","7770931","7771241","41","5043389"
"KN295984v1","2871730","2872036","JH378113","24179649","24179958","33","21307919"
"KN295984v1","2874242","2874549","JH378173","10046061","10046365","34","7171819"
"KN295984v1","2875466","2875757","JH378122","29867810","29868101","34","26992344"
"KN295984v1","2915298","2915596","JH378228","5509057","5509356","43","2593759"
"KN295984v1","2922136","2922444","JH378167","5351158","5351469","35","2429022"
"KN295984v1","2930694","2930981","JH378153","7392982","7393269","34","4462288"
"KN295984v1","3091949","3092259","JH378313","879367","879673","37","2212582"
"KN295984v1","3115881","3116169","JH378109","8763411","8763680","50","5647530"
"KN295984v1","3119896","3120188","JH378116","28869529","28869826","41","25749633"
"KN295984v1","3126843","3127148","JH378110","19934311","19934616","34","16807468"
"KN295984v1","3165083","3165378","JH378105","68989768","68990064","41","65824685"
"KN295984v1","3211255","3211554","JH378144","5396113","5396410","31","2184858"
"KN295984v1","3273211","3273497","JH378124","26302202","26302493","39","23028991"
"KN295984v1","3287292","3287423","JH378262","1944022","1944153","11","1343270"
"KN295984v1","3293348","3293662","JH378111","22037559","22037878","50","18744211"
"KN295984v1","3298000","3298317","JH378234","4844507","4844813","43","1546507"
"KN295984v1","3335954","3336251","JH378129","10258595","10258896","33","6922641"
"KN295984v1","3362952","3363186","JH378115","35496125","35496356","41","32133173"
"KN295984v1","3405436","3405744","JH378320","58622","58932","38","3346814"
"KN295986v1","6174","6333","JH378188","9295732","9295895","24","9289558"
"KN295986v1","16879","17179","JH378131","770886","771191","38","754007"
"KN295987v1","11593","11892","JH378139","19415987","19416286","39","19404394"
"KN295987v1","105441","105731","JH378153","5259027","5259313","29","5153586"
"KN295987v1","137918","138224","JH378126","21026752","21027059","39","20888834"
"KN295987v1","145073","145373","JH378129","10258595","10258896","34","10113522"
"KN295987v1","151236","151542","JH378288","1088673","1088973","35","937437"
"KN295987v1","157322","157467","JH378161","802423","802560","24","645101"
"KN295987v1","157469","157757","JH378110","30836548","30836844","54","30679079"
"KN295987v1","165508","165817","JH378229","4120796","4121104","37","3955288"
"KN295987v1","194918","195210","JH378105","36900565","36900857","37","36705647"
"KN295987v1","201857","201912","JH378117","27000004","27000061","12","26798147"
"KN295987v1","202209","202344","JH378115","30678513","30678646","15","30476304"
"KN295987v1","209783","209869","JH378186","8876752","8876833","13","8666969"
"KN295987v1","209942","210244","JH378111","42466412","42466713","35","42256470"
"KN295987v1","212736","213059","JH378111","6278167","6278475","47","6065431"
"KN295987v1","216031","216319","JH378269","2175414","2175697","51","1959383"
"KN295987v1","227222","227484","JH378107","29825387","29825656","45","29598165"
"KN295987v1","238516","238803","JH378109","14372976","14373265","40","14134460"
"KN295987v1","239565","239633","JH378140","6782502","6782561","16","6542937"
"KN295987v1","239919","240085","JH378160","8931776","8931950","23","8691857"
"KN295987v1","241310","241595","JH378246","2154157","2154450","38","1912847"
"KN295987v1","247062","247362","JH378108","30731255","30731558","36","30484193"
"KN295987v1","254811","254932","AGCE01151250","1","120","14","254810"
"KN295987v1","257451","257752","JH378118","12034895","12035199","40","11777444"
"KN295987v1","265568","265875","JH378206","1109787","1110092","37","844219"
"KN295987v1","280001","280297","JH378170","4783494","4783792","29","4503493"
"KN295987v1","287547","287832","JH378124","1964010","1964299","30","1676463"
"KN295987v1","300115","300412","JH378139","19415987","19416286","39","19115872"
"KN295987v1","307772","307906","JH378184","6796171","6796302","13","6488399"
"KN295987v1","307908","308202","JH378111","42466412","42466713","36","42158504"
"KN295987v1","334125","334419","JH378127","18566293","18566586","34","18232168"
"KN295987v1","337104","337397","JH378117","24258354","24258650","33","23921250"
"KN295987v1","505531","505618","JH378125","5308706","5308792","9","4803175"
"KN295987v1","535400","535695","JH378113","5116740","5117037","42","4581340"
"KN295987v1","774564","774882","JH378143","6251165","6251477","41","5476601"
"KN295987v1","788829","789139","JH378156","9166475","9166782","44","8377646"
"KN295987v1","799568","799845","JH378190","6810578","6810852","50","6011010"
"KN295987v1","816923","817207","JH378182","9240926","9241205","34","8424003"
"KN295987v1","1125576","1125881","JH378148","15796597","15796901","35","14671021"
"KN295987v1","1633387","1633676","JH378151","16675648","16675931","48","15042261"
"KN295987v1","1639906","1640216","JH378115","31572709","31573010","43","29932803"
"KN295987v1","1673673","1673985","JH378136","7677923","7678227","49","6004250"
"KN295988v1","29479","29775","JH378125","6113925","6114221","47","6084446"
"KN295988v1","318964","319133","JH378114","36680991","36681162","21","36362027"
"KN295988v1","320245","320548","JH378127","19048485","19048788","42","18728240"
"KN295988v1","345089","345399","JH378119","6124403","6124708","47","5779314"
"KN295988v1","420467","420627","JH378111","1058895","1059055","23","638428"
"KN295988v1","466721","467020","JH378153","2573525","2573821","35","2106804"
"KN295988v1","610892","611165","JH378123","831628","831897","40","220736"
"KN295988v1","620123","620425","JH378153","9107319","9107618","35","8487196"
"KN295988v1","713533","713832","JH378170","4783494","4783792","34","4069961"
"KN295988v1","719537","719831","JH378108","23280248","23280545","39","22560711"
"KN295988v1","735496","735791","JH378121","29566176","29566469","33","28830680"
"KN295988v1","750098","750395","JH378155","15098133","15098431","37","14348035"
"KN295988v1","794676","794977","JH378124","15582898","15583197","30","14788222"
"KN295988v1","819872","820179","JH378110","19934311","19934616","43","19114439"
"KN295988v1","926684","926960","JH378120","10686113","10686392","39","9759429"
"KN295988v1","979318","979644","JH378130","4275093","4275413","49","3295775"
"KN295988v1","986682","986975","JH378110","32622278","32622571","32","31635596"
"KN295988v1","1050128","1050427","JH378154","11660298","11660594","41","10610170"
"KN295988v1","1122584","1122884","JH378236","733320","733615","37","389264"
"KN295988v1","1371000","1371237","JH378118","949594","949835","48","421406"
"KN295988v1","1507616","1507745","JH378180","815630","815761","17","691986"
"KN295988v1","1507749","1508055","JH378110","19934311","19934616","43","18426562"
"KN295988v1","1509346","1509634","JH378218","439503","439782","47","1069843"
"KN295988v1","1587684","1587856","JH378114","37038173","37038344","21","35450489"
"KN295988v1","1588410","1588721","JH378197","8301771","8302079","36","6713361"
"KN295988v1","1681190","1681477","JH378119","27348354","27348646","35","25667164"
"KN295988v1","1689027","1689328","JH378149","1583082","1583374","42","105945"
"KN295991v1","8741","9031","JH378159","4639338","4639629","31","4630597"
"KN295991v1","113043","113285","JH378106","66052848","66053088","38","65939805"
"KN295991v1","168478","168769","JH378300","644091","644380","41","475613"
"KN295993v1","4179","4438","JH378152","12501403","12501667","43","12497224"
"KN295994v1","8064","8359","JH378142","1232339","1232638","37","1224275"
"KN295994v1","111278","111587","JH378110","37105808","37106120","39","36994530"
"KN295994v1","127125","127375","JH378128","11710015","11710264","37","11582890"
"KN295994v1","154440","154721","JH378305","1335286","1335564","29","1180846"
"KN295994v1","231130","231439","JH378126","21026752","21027059","44","20795622"
"KN295994v1","361493","361789","JH378138","2084662","2084957","28","1723169"
"KN295994v1","479167","479477","JH378141","16136077","16136388","41","15656910"
"KN295994v1","480275","480591","JH378177","1165073","1165384","47","684798"
"KN295994v1","592470","592767","JH378220","2537784","2538076","39","1945314"
"KN295994v1","595000","595290","JH378165","1341846","1342140","34","746846"
"KN295994v1","621191","621352","JH378115","35387124","35387288","19","34765933"
"KN295994v1","669614","669891","JH378164","6933936","6934215","38","6264322"
"KN295994v1","758362","758618","JH378144","5009240","5009490","34","4250878"
"KN295995v1","8258","8568","JH378150","3147294","3147605","35","3139036"
"KN295995v1","48174","48466","JH378127","18566293","18566586","29","18518119"
"KN295995v1","69449","69757","JH378149","3565481","3565785","38","3496032"
"KN295995v1","86369","86674","JH378123","491683","491985","33","405314"
"KN295995v1","95151","95445","JH378204","2935067","2935361","32","2839916"
"KN295995v1","134852","135143","JH378242","97287","97580","29","37565"
"KN295995v1","160137","160442","JH378111","10296327","10296627","38","10136190"
"KN295995v1","177456","177752","JH378260","108900","109196","33","68556"
"KN295995v1","192627","192912","JH378178","6966092","6966381","35","6773465"
"KN295995v1","206680","206988","JH378114","30126711","30127013","39","29920031"
"KN295995v1","223574","223843","JH378280","2951135","2951406","37","2727561"
"KN295995v1","224636","224946","JH378279","1785224","1785536","40","1560588"
"KN295995v1","227151","227454","JH378105","56831711","56832017","37","56604560"
"KN295995v1","241368","241668","JH378106","40061294","40061598","41","39819926"
"KN295995v1","245707","246002","JH378124","4920301","4920597","29","4674594"
"KN295995v1","274266","274572","JH378133","7708733","7709034","57","7434467"
"KN295995v1","280928","281136","JH378115","35075266","35075454","39","34794338"
"KN295995v1","282511","282818","JH378265","2263256","2263553","45","1980745"
"KN295995v1","283184","283491","JH378126","21026752","21027059","38","20743568"
"KN295995v1","283765","284074","JH378113","6692573","6692881","32","6408808"
"KN295995v1","293129","293415","JH378137","8662035","8662316","42","8368906"
"KN295995v1","297854","298145","JH378173","3824703","3824993","33","3526849"
"KN295995v1","307849","308150","JH378114","11511571","11511875","35","11203722"
"KN295995v1","308827","309133","JH378116","77424","77732","41","231403"
"KN295995v1","319327","319637","JH378126","21026752","21027059","35","20707425"
"KN295995v1","323152","323465","JH378150","8026165","8026476","40","7703013"
"KN295995v1","345083","345367","JH378137","8274908","8275196","43","7929825"
"KN295995v1","363060","363368","JH378126","21026752","21027059","26","20663692"
"KN295995v1","407339","407649","JH378139","1159515","1159824","36","752176"
"KN295995v1","445266","445335","JH378152","16311170","16311233","16","15865904"
"KN295995v1","445981","446266","JH378105","55727007","55727287","38","55281026"
"KN295995v1","577944","578263","JH378172","9566909","9567221","43","8988965"
"KN295995v1","647185","647239","JH378216","5433922","5433981","11","4786737"
"KN295995v1","744684","744992","JH378170","2297588","2297899","42","1552904"
"KN295995v1","765542","765835","JH378176","9716970","9717264","33","8951428"
"KN295995v1","774160","774470","JH378108","30731255","30731558","39","29957095"
"KN295995v1","829936","830232","JH378186","9105917","9106213","40","8275981"
"KN295995v1","872154","872433","JH378157","7179952","7180240","45","6307798"
"KN295995v1","885393","885679","JH378191","8789989","8790276","39","7904596"
"KN295995v1","928470","928779","JH378177","3670100","3670411","40","2741630"
"KN295995v1","942633","942920","JH378105","5083926","5084210","43","4141293"
"KN295995v1","972859","973164","JH378171","6181069","6181379","32","5208210"
"KN295995v1","1105490","1105801","JH378112","33214699","33215012","40","32109209"
"KN295995v1","1203308","1203598","JH378105","51889615","51889908","40","50686307"
"KN295995v1","1298233","1298520","JH378191","7052296","7052584","38","5754063"
"KN295995v1","1350012","1350320","JH378264","2773729","2774039","35","1423717"
"KN295995v1","1390285","1390547","JH378152","13587575","13587839","40","12197290"
"KN295995v1","1546236","1546340","JH378120","2125850","2125951","31","579614"
"KN295995v1","1579167","1579476","JH378276","323603","323913","42","1255564"
"KN295995v1","1622421","1622702","JH378129","11457553","11457829","35","9835132"
"KN295995v1","1675340","1675630","JH378234","5966168","5966455","45","4290828"
"KN295995v1","1693046","1693336","JH378106","8294885","8295176","34","6601839"
"KN295995v1","1725557","1725861","JH378138","5380451","5380753","37","3654894"
"KN295995v1","1783602","1783877","JH378234","250587","250869","44","1533015"
"KN295995v1","1815282","1815579","JH378109","15472511","15472806","35","13657229"
"KN295995v1","1834223","1834378","JH378152","14752996","14753153","26","12918773"
"KN295995v1","1883156","1883449","JH378142","5865502","5865800","33","3982346"
"KN295995v1","1894092","1894394","JH378110","19934311","19934616","42","18040219"
"KN295995v1","1902872","1903182","JH378107","49415165","49415478","37","47512293"
"KN295995v1","1922848","1923143","JH378111","42787057","42787349","37","40864209"
"KN295995v1","1928546","1928725","JH378125","5641148","5641327","32","3712602"
"KN295995v1","1935887","1936171","JH378141","9161965","9162249","57","7226078"
"KN295995v1","1949989","1950156","JH378162","462342","462511","25","1487647"
"KN295995v1","1950350","1950471","JH378239","3905005","3905122","16","1954655"
"KN295995v1","1968382","1968662","JH378176","1295936","1296216","40","672446"
"KN295995v1","1970844","1971152","JH378115","23201999","23202310","36","21231155"
"KN295995v1","1977956","1978267","JH378107","23960974","23961285","38","21983018"
"KN295995v1","1992661","1992945","JH378139","1980713","1981003","46","11948"
"KN295995v1","1998620","1998925","JH378126","21026752","21027059","34","19028132"
"KN295996v1","71760","72055","JH378110","13953259","13953553","35","13881499"
"KN295996v1","74873","75183","JH378167","5351158","5351469","37","5276285"
"KN295996v1","131244","131552","JH378106","44399035","44399331","51","44267791"
"KN295996v1","154754","155058","JH378328","452393","452688","35","297639"
"KN295996v1","195802","196127","JH378143","3033934","3034244","45","2838132"
"KN295996v1","239801","240107","JH378108","30731255","30731558","39","30491454"
"KN295996v1","251567","251871","JH378126","23919556","23919859","39","23667989"
"KN295996v1","278704","278995","JH378296","1500608","1500907","32","1221904"
"KN295996v1","287084","287382","JH378171","4458179","4458478","34","4171095"
"KN295996v1","302816","303120","JH378126","21026752","21027059","38","20723936"
"KN295996v1","319603","319783","JH378269","565597","565776","22","245994"
"KN295996v1","320112","320241","JH378129","860497","860632","20","540385"
"KN295996v1","322975","323286","JH378176","8157064","8157374","35","7834089"
"KN295996v1","327126","327425","JH378121","29566176","29566469","34","29239050"
"KN295996v1","335159","335464","JH378173","9055905","9056209","37","8720746"
"KN295996v1","358221","358526","JH378129","11605417","11605706","55","11247196"
"KN295996v1","368065","368375","JH378115","25041145","25041450","37","24673080"
"KN295996v1","445411","445730","JH378312","1040244","1040557","35","594833"
"KN295996v1","615929","616242","JH378241","5406293","5406601","41","4790364"
"KN295996v1","624285","624591","JH378125","5890386","5890685","43","5266101"
"KN295996v1","795119","795410","JH378139","19252318","19252611","34","18457199"
"KN295996v1","814408","814483","JH378153","10063072","10063146","11","9248664"
"KN295996v1","814491","814674","JH378112","7030581","7030763","27","6216090"
"KN295996v1","873699","874006","JH378119","6124403","6124708","36","5250704"
"KN295996v1","992167","992449","JH378132","20715333","20715620","41","19723166"
"KN295996v1","994694","995004","JH378106","9882834","9883140","45","8888140"
"KN295998v1","330820","331110","JH378121","18831730","18832017","41","18500910"
"KN295998v1","433476","433756","JH378119","12733491","12733771","36","12300015"
"KN295998v1","473813","474110","JH378135","3624002","3624295","32","3150189"
"KN295999v1","52114","52212","JH378255","2362940","2363037","10","2310826"
"KN295999v1","68769","69052","JH378197","5244832","5245109","42","5176063"
"KN295999v1","80879","81111","JH378204","5759208","5759442","31","5678329"
"KN295999v1","154909","155225","JH378264","2364378","2364688","41","2209469"
"KN295999v1","328365","328672","JH378216","6474633","6474943","39","6146268"
"KN296000v1","13942","14239","JH378228","5509057","5509356","31","5495115"
"KN296000v1","26712","27020","JH378224","2769148","2769454","35","2742436"
"KN296000v1","46590","46881","JH378120","10280397","10280698","39","10233807"
"KN296000v1","66202","66486","JH378154","2350501","2350784","36","2284299"
"KN296000v1","164038","164297","JH378299","754859","755115","38","590821"
"KN296000v1","233005","233306","JH378139","18955642","18955939","23","18722637"
"KN296000v1","275269","275570","JH378181","6657533","6657829","32","6382264"
"KN296000v1","374048","374350","JH378107","7568037","7568336","40","7193989"
"KN296000v1","629494","629802","JH378137","18261330","18261634","29","17631836"
"KN296000v1","631077","631390","JH378173","9055905","9056209","45","8424828"
"KN296000v1","636070","636367","JH378288","1088673","1088973","33","452603"
"KN296000v1","648580","648871","JH378146","269180","269465","43","379400"
"KN296000v1","652982","653265","JH378194","2390312","2390602","31","1737330"
"KN296000v1","704147","704443","JH378216","3208225","3208520","45","2504078"
"KN296000v1","714700","714752","JH378118","7486179","7486232","9","6771479"
"KN296000v1","724761","725073","JH378120","16327645","16327955","32","15602884"
"KN296000v1","785154","785448","JH378148","17201496","17201806","50","16416342"
"KN296000v1","799538","799853","JH378112","33214699","33215012","42","32415161"
"KN296000v1","810822","811134","JH378111","26701569","26701879","46","25890747"
"KN296000v1","823753","824059","JH378119","6124403","6124708","33","5300650"
"KN296000v1","825071","825344","JH378238","696451","696731","35","128620"
"KN296000v1","830631","830967","JH378129","6954418","6954749","56","6123787"
"KN296000v1","853946","854084","JH378129","860497","860632","22","6551"
"KN296000v1","854383","854553","JH378119","2637465","2637634","21","1783082"
"KN296000v1","862057","862365","JH378139","18632207","18632516","39","17770150"
"KN296000v1","875511","875795","JH378170","5402038","5402322","36","4526527"
"KN296000v1","881999","882307","JH378255","1470097","1470408","34","588098"
"KN296000v1","894444","894742","JH378181","5134532","5134828","41","4240088"
"KN296000v1","901503","901714","JH378108","45070770","45070977","34","44169267"
"KN296000v1","928250","928539","JH378151","3515305","3515602","36","2587055"
"KN296000v1","939296","939607","JH378316","245997","246306","42","693299"
"KN296000v1","949100","949399","JH378153","6959025","6959323","36","6009925"
"KN296000v1","969108","969396","JH378119","5508690","5508980","34","4539582"
"KN296000v1","972278","972545","JH378216","4301690","4301969","43","3329412"
"KN296000v1","980498","980792","JH378198","4226780","4227075","33","3246282"
"KN296000v1","981630","981924","JH378141","12391086","12391376","39","11409456"
"KN296000v1","986602","986670","JH378211","3080693","3080762","20","2094091"
"KN296000v1","986977","987141","JH378118","9259555","9259715","23","8272578"
"KN296000v1","988622","988918","JH378124","15582898","15583197","38","14594276"
"KN296000v1","1006066","1006232","JH378107","32014212","32014385","31","31008146"
"KN296000v1","1007066","1007258","JH378111","19094243","19094440","23","18087177"
"KN296000v1","1012918","1013210","JH378110","39759104","39759402","45","38746186"
"KN296000v1","1021367","1021660","JH378151","8381511","8381803","38","7360144"
"KN296000v1","1022466","1022580","JH378115","32281038","32281163","26","31258572"
"KN296000v1","1022898","1022991","JH378255","581263","581356","15","441635"
"KN296000v1","1023694","1023992","JH378170","4783494","4783792","34","3759800"
"KN296000v1","1030613","1030922","JH378139","18632207","18632516","41","17601594"
"KN296000v1","1040623","1040942","JH378141","15280941","15281250","41","14240318"
"KN296000v1","1043583","1043891","JH378165","5178810","5179119","47","4135227"
"KN296000v1","1089911","1090210","JH378105","4325405","4325701","33","3235494"
"KN296000v1","1091628","1091871","JH378125","6954462","6954713","45","5862834"
"KN296000v1","1091896","1092056","JH378168","1762210","1762367","26","670314"
"KN296000v1","1092515","1092671","JH378242","1614423","1614574","24","521908"
"KN296000v1","1101528","1101820","JH378119","27348354","27348646","37","26246826"
"KN296000v1","1104982","1105237","JH378111","28313882","28314141","52","27208900"
"KN296000v1","1111337","1111622","JH378108","42296533","42296820","28","41185196"
"KN296000v1","1112166","1112454","JH378163","11642312","11642607","45","10530146"
"KN296000v1","1118425","1118716","JH378229","2791774","2792064","37","1673349"
"KN296000v1","1119523","1119805","JH378378","67517","67804","42","1052006"
"KN296000v1","1125372","1125681","JH378132","6353687","6353995","38","5228315"
"KN296000v1","1135999","1136273","JH378127","15601533","15601804","40","14465534"
"KN296000v1","1143235","1143542","JH378115","25570507","25570808","38","24427272"
"KN296000v1","1167589","1167897","JH378119","6124403","6124708","32","4956814"
"KN296000v1","1170230","1170536","JH378118","24374217","24374525","39","23203987"
"KN296000v1","1172190","1172489","JH378173","2926162","2926459","37","1753972"
"KN296000v1","1173758","1174054","JH378241","5492398","5492696","32","4318640"
"KN296000v1","1182407","1182674","JH378267","1066316","1066594","49","116091"
"KN296000v1","1185310","1185567","JH378110","41240093","41240351","37","40054783"
"KN296000v1","1221300","1221600","JH378113","14455819","14456118","33","13234519"
"KN296000v1","1304375","1304674","JH378212","2149089","2149386","36","844714"
"KN296001v1","21600","21904","JH378294","763628","763939","39","742028"
"KN296001v1","55617","55916","JH378236","733320","733615","29","677703"
"KN296001v1","271749","272058","JH378105","2166176","2166488","40","1894427"
"KN296001v1","320191","320470","JH378153","13613701","13613982","32","13293510"
"KN296001v1","327983","328294","JH378197","7145768","7146073","41","6817785"
"KN296002v1","150553","150708","JH378112","17682473","17682630","26","17531920"
"KN296002v1","150747","150873","JH378214","613439","613563","18","462692"
"KN296002v1","167203","167509","JH378346","90669","90979","35","76534"
"KN296002v1","226637","226926","JH378144","5748370","5748662","34","5521733"
"KN296002v1","229439","229637","JH378118","21411878","21412077","28","21182439"
"KN296002v1","237523","237826","JH378157","1008995","1009298","30","771472"
"KN296002v1","248482","248775","JH378110","33965074","33965373","41","33716592"
"KN296002v1","257867","258091","JH378187","2816285","2816503","42","2558418"
"KN296002v1","262759","263058","JH378220","2784017","2784313","33","2521258"
"KN296002v1","275955","276255","JH378110","30532171","30532470","42","30256216"
"KN296002v1","289775","290040","JH378149","12724940","12725209","39","12435165"
"KN296002v1","310388","310705","JH378111","22964482","22964808","39","22654094"
"KN296002v1","356378","356581","JH378378","87935","88140","24","268443"
"KN296004v1","29252","29554","JH378157","9173410","9173709","33","9144158"
"KN296004v1","30679","30990","JH378127","4932962","4933272","32","4902283"
"KN296004v1","32130","32442","JH378139","18632207","18632516","33","18600077"
"KN296004v1","281828","282128","JH378113","8130758","8131059","38","7848930"
"KN296004v1","289398","289706","JH378112","35288143","35288449","33","34998745"
"KN296004v1","418879","419168","JH378141","15903477","15903768","34","15484598"
"KN296004v1","428124","428421","JH378228","5509057","5509356","37","5080933"
"KN296004v1","513424","513729","JH378119","6124403","6124708","32","5610979"
"KN296004v1","558007","558097","JH378142","2830442","2830534","15","2272435"
"KN296008v1","102820","103129","JH378152","15994237","15994545","28","15891417"
"KN296008v1","196940","197233","JH378172","10004830","10005125","52","9807890"
"KN296009v1","524201","524473","JH378173","82166","82437","37","442035"
"KN296009v1","119312","119598","JH378109","3280496","3280777","34","3161184"
"KN296009v1","153368","153676","JH378320","58622","58932","35","94746"
"KN296009v1","154239","154540","JH378288","1088673","1088973","34","934434"
"KN296009v1","348219","348523","JH378105","35665534","35665817","52","35317315"
"KN296009v1","378585","378877","JH378220","3352385","3352678","41","2973800"
"KN296009v1","479841","480148","JH378108","10042917","10043222","40","9563076"
"KN296009v1","507853","508146","JH378204","2935067","2935361","30","2427214"
"KN296009v1","508672","508954","JH378156","4449193","4449477","36","3940521"
"KN296009v1","511851","512146","JH378131","20072845","20073138","38","19560994"
"KN296009v1","516532","516833","JH378224","5664910","5665211","34","5148378"
"KN296009v1","527762","528063","JH378116","37256165","37256464","41","36728403"
"KN296009v1","554566","554734","JH378113","32219902","32220070","24","31665336"
"KN296009v1","554774","554897","JH378145","11718946","11719070","20","11164172"
"KN296009v1","619966","620088","JH378327","633239","633359","15","13273"
"KN296009v1","788624","788922","JH378181","2251325","2251621","44","1462701"
"KN296009v1","892040","892333","JH378224","2083850","2084146","47","1191810"
"KN296009v1","952673","952743","JH378110","28639356","28639429","14","27686683"
"KN296009v1","1086647","1086954","JH378106","17722464","17722769","56","16635817"
"KN296009v1","1128049","1128352","JH378126","23919556","23919859","44","22791507"
"KN296009v1","1171446","1171537","JH378142","13538580","13538670","10","12367134"
"KN296009v1","1172618","1172926","JH378167","5351158","5351469","38","4178540"
"KN296009v1","1184204","1184503","JH378173","4155896","4156193","32","2971692"
"KN296009v1","1197626","1197914","JH378137","17271511","17271797","29","16073885"
"KN296009v1","1234600","1234883","JH378216","7124506","7124797","40","5889906"
"KN296009v1","1244061","1244362","JH378106","1533545","1533849","36","289484"
"KN296009v1","1260903","1261183","JH378204","4910911","4911193","38","3650008"
"KN296009v1","1271112","1271395","JH378106","1255495","1255784","39","15617"
"KN296009v1","1306618","1306749","JH378176","10627151","10627281","12","9320533"
"KN296009v1","1308257","1308556","JH378132","22396149","22396455","46","21087892"
"KN296009v1","1357541","1357828","JH378271","3183320","3183605","41","1825779"
"KN296009v1","1362351","1362635","JH378235","631953","632242","38","730398"
"KN296011v1","10786","10986","JH378107","47366688","47366883","33","47355902"
"KN296011v1","11292","11405","JH378130","13501650","13501763","16","13490358"
"KN296011v1","17919","18226","JH378185","841607","841910","40","823688"
"KN296011v1","21405","21683","JH378158","4330228","4330501","43","4308823"
"KN296011v1","37974","38273","JH378197","7145768","7146073","30","7107794"
"KN296011v1","41067","41361","JH378186","4081663","4081964","48","4040596"
"KN296011v1","41811","42118","JH378119","6124403","6124708","44","6082592"
"KN296011v1","43412","43722","JH378113","28428906","28429220","34","28385494"
"KN296011v1","47339","47644","JH378115","34859185","34859494","43","34811846"
"KN296011v1","79438","79737","JH378123","48357","48656","42","31081"
"KN296011v1","88906","88992","JH378125","5308706","5308792","15","5219800"
"KN296011v1","112415","112709","JH378170","8002947","8003234","50","7890532"
"KN296011v1","123201","123500","JH378139","16259084","16259375","42","16135883"
"KN296011v1","126629","126935","JH378137","11398263","11398561","37","11271634"
"KN296011v1","138019","138326","JH378110","38574281","38574582","35","38436262"
"KN296011v1","138525","138824","JH378157","2098752","2099044","39","1960227"
"KN296011v1","197305","197457","JH378135","12675488","12675634","30","12478183"
"KN296011v1","262663","262967","JH378159","5493568","5493869","36","5230905"
"KN296011v1","272303","272594","JH378114","38868751","38869045","38","38596448"
"KN296011v1","346240","346543","JH378197","7145768","7146073","34","6799528"
"KN296011v1","350277","350617","JH378135","5659920","5660255","52","5309643"
"KN296017v1","67998","68315","JH378228","5829049","5829359","45","5761051"
"KN296017v1","366149","366449","JH378115","25570507","25570808","31","25204358"
"KN296019v1","41660","41957","JH378232","3226239","3226529","29","3184579"
"KN296019v1","57228","57519","JH378122","14172918","14173207","42","14115690"
"KN296019v1","60357","60657","JH378119","6124403","6124708","34","6064046"
"KN296019v1","63652","63963","JH378146","149691","150003","33","86039"
"KN296019v1","67027","67335","JH378172","9566909","9567221","38","9499882"
"KN296019v1","67786","68058","JH378224","772109","772388","38","704323"
"KN296019v1","111621","111927","JH378117","24869583","24869886","34","24757962"
"KN296019v1","121549","121722","JH378105","7989357","7989531","30","7867808"
"KN296019v1","182473","182604","JH378113","3679216","3679345","15","3496743"
"KN296019v1","185074","185386","JH378113","17735383","17735690","45","17550309"
"KN296019v1","215605","215849","JH378127","15502561","15502805","31","15286956"
"KN296019v1","219627","219936","JH378229","5039327","5039634","34","4819700"
"KN296019v1","224210","224521","JH378206","4086994","4087300","44","3862784"
"KN296019v1","225836","225947","JH378141","14537582","14537688","19","14311746"
"KN296019v1","228204","228512","JH378126","21026752","21027059","34","20798548"
"KN296019v1","243463","243767","JH378348","197171","197474","33","46292"
"KN296019v1","244574","244655","JH378110","13223994","13224071","23","12979420"
"KN296019v1","244988","245159","JH378106","16609015","16609187","26","16364027"
"KN296019v1","245723","245904","JH378185","3999822","4000000","26","3754099"
"KN296019v1","249720","250042","JH378114","41668323","41668648","40","41418603"
"KN296019v1","254638","254920","JH378112","20907311","20907600","53","20652673"
"KN296019v1","260119","260427","JH378126","21026752","21027059","36","20766633"
"KN296019v1","288975","289271","JH378176","9716970","9717264","36","9427995"
"KN296019v1","292484","292779","JH378127","18566293","18566586","32","18273809"
"KN296019v1","308852","308957","JH378146","15853955","15854057","18","15545103"
"KN296019v1","320317","320610","JH378111","19527246","19527547","38","19206929"
"KN296019v1","327279","327578","JH378220","1050933","1051232","33","723654"
"KN296019v1","356512","356823","JH378140","7338564","7338875","35","6982052"
"KN296019v1","389815","390094","JH378112","33911252","33911534","30","33521437"
"KN296019v1","436077","436364","JH378266","1810063","1810348","40","1373986"
"KN296019v1","436567","436857","JH378133","7813771","7814068","38","7377204"
"KN296019v1","444234","444534","JH378119","6124403","6124708","36","5680169"
"KN296019v1","461948","462105","JH378198","6167737","6167892","24","5705789"
"KN296019v1","519650","519950","JH378228","5798410","5798708","33","5278760"
"KN296021v1","76496","76801","JH378113","28744295","28744597","42","28667799"
"KN296021v1","115721","116003","JH378234","250587","250869","36","134866"
"KN296024v1","17757","18046","JH378107","43599743","43600030","35","43581986"
"KN296024v1","27777","28073","JH378105","30190379","30190675","47","30162602"
"KN296024v1","112480","112777","JH378126","21026752","21027059","40","20914272"
"KN296024v1","139791","139915","JH378106","9985344","9985470","17","9845553"
"KN296024v1","157956","158266","JH378167","5351158","5351469","35","5193202"
"KN296024v1","206257","206466","JH378281","1466871","1467079","26","1260614"
"KN296024v1","274042","274333","JH378112","44890993","44891285","57","44616951"
"KN296024v1","283059","283347","JH378106","3052818","3053105","35","2769759"
"KN296025v1","69714","70019","JH378224","3873800","3874108","42","3804086"
"KN296025v1","160802","161084","JH378153","4070046","4070324","40","3909244"
"KN296025v1","205536","205682","JH378190","8306381","8306522","20","8100845"
"KN296025v1","233452","233653","JH378135","3812376","3812583","29","3578924"
"KN296025v1","236606","236905","JH378105","35206219","35206512","42","34969613"
"KN296025v1","346036","346334","JH378133","7813771","7814068","36","7467735"
"KN296025v1","388721","389020","JH378210","1509017","1509314","38","1120296"
"KN296025v1","394812","395134","JH378255","1721868","1722168","52","1327056"
"KN296027v1","131175","131477","JH378213","5393305","5393609","33","5262130"
"KN296035v1","37629","37917","JH378106","3052818","3053105","31","3015189"
"KN296035v1","201289","201544","JH378175","6107701","6107955","40","5906412"
"KN296035v1","448886","449197","JH378120","16327645","16327955","29","15878759"
"KN296035v1","529743","530183","JH378324","274487","274849","136","255256"
"KN296035v1","564227","564538","JH378177","3168958","3169267","46","2604731"
"KN296035v1","576144","576452","JH378106","10129130","10129437","41","9552986"
"KN296035v1","578930","579210","JH378153","7392982","7393269","36","6814052"
"KN296035v1","610809","611097","JH378136","12360964","12361252","39","11750155"
"KN296035v1","627309","627594","JH378164","5287706","5287990","42","4660397"
"KN296035v1","643562","643638","JH378112","13315382","13315456","12","12671820"
"KN296035v1","672885","673189","JH378126","23919556","23919859","30","23246671"
"KN296035v1","720968","721265","JH378207","3169344","3169645","36","2448376"
"KN296035v1","920071","920317","JH378115","16763942","16764191","36","15843871"
"KN296035v1","951826","952117","JH378152","11848214","11848513","45","10896388"
"KN296036v1","5750","6053","JH378115","28712376","28712673","37","28706626"
"KN296036v1","43799","44108","JH378158","8002135","8002443","34","7958336"
"KN296036v1","134084","134390","JH378167","5351158","5351469","33","5217074"
"KN296036v1","184517","184829","JH378157","1008995","1009298","50","824478"
"KN296036v1","260781","261092","JH378127","15733864","15734171","45","15473083"
"KN296036v1","279271","279556","JH378238","696451","696731","33","417180"
"KN296036v1","298279","298578","JH378106","14171365","14171670","40","13873086"
"KN296036v1","299685","299982","JH378170","4783494","4783792","31","4483809"
"KN296036v1","305519","305730","JH378115","23702820","23703035","28","23397301"
"KN296036v1","319037","319338","JH378288","1088673","1088973","33","769636"
"KN296036v1","320167","320472","JH378111","27908368","27908667","36","27588201"
"KN296036v1","332587","332901","JH378135","1042676","1042987","37","710089"
"KN296036v1","347292","347588","JH378167","8544598","8544885","38","8197306"
"KN296036v1","365372","365549","JH378122","2264575","2264746","27","1899203"
"KN296036v1","365855","365988","JH378153","2127454","2127589","15","1761599"
"KN296036v1","407526","407820","JH378149","915557","915848","34","508031"
"KN296036v1","410283","410592","JH378316","245997","246306","45","164286"
"KN296036v1","441373","441671","JH378131","18080937","18081235","31","17639564"
"KN296036v1","452219","452536","JH378152","14025021","14025330","44","13572802"
"KN296036v1","485440","485722","JH378111","19524517","19524801","36","19039077"
"KN296036v1","507174","507484","JH378115","23201999","23202310","31","22694825"
"KN296036v1","509486","509787","JH378138","5380451","5380753","31","4870965"
"KN296036v1","512062","512363","JH378116","32209502","32209801","34","31697440"
"KN296036v1","530409","530687","JH378151","8652626","8652916","36","8122217"
"KN296036v1","557921","558222","JH378293","1176870","1177173","32","618949"
"KN296036v1","560601","560671","JH378301","492770","492841","15","67831"
"KN296036v1","568377","568688","JH378197","7145768","7146073","29","6577391"
"KN296036v1","579328","579625","JH378293","1524576","1524874","26","945248"
"KN296036v1","587988","588269","JH378109","13072660","13072944","44","12484672"
"KN296036v1","590044","590337","JH378173","1600484","1600777","35","1010440"
"KN296036v1","594830","594977","JH378115","35004133","35004278","14","34409303"
"KN296036v1","608250","608558","JH378120","16327645","16327955","34","15719395"
"KN296036v1","620659","620950","JH378135","20208650","20208946","40","19587991"
"KN296036v1","625997","626280","JH378154","12235287","12235571","41","11609290"
"KN296036v1","652636","652942","JH378139","18632207","18632516","30","17979571"
"KN296036v1","666468","666632","JH378203","7120244","7120412","27","6453776"
"KN296036v1","697775","698059","JH378110","17880643","17880926","37","17182868"
"KN296036v1","711134","711439","JH378123","491683","491985","36","219451"
"KN296036v1","711803","712092","JH378137","4012884","4013190","51","3301081"
"KN296036v1","717000","717311","JH378176","10466778","10467084","37","9749778"
"KN296036v1","745598","745901","JH378111","45107991","45108285","37","44362393"
"KN296036v1","746781","747019","JH378280","2916775","2917016","32","2169994"
"KN296036v1","750299","750595","JH378151","8381511","8381803","36","7631212"
"KN296036v1","781554","781857","JH378139","19415987","19416286","34","18634433"
"KN296036v1","811529","811807","JH378122","27818988","27819267","37","27007459"
"KN296036v1","827054","827187","JH378135","9880098","9880232","17","9053044"
"KN296036v1","827491","827653","JH378113","14505877","14506036","25","13678386"
"KN296036v1","850276","850572","JH378328","452393","452688","32","397883"
"KN296036v1","851546","851826","JH378136","8872491","8872776","36","8020945"
"KN296036v1","852593","852926","JH378173","150628","150966","52","701965"
"KN296036v1","862858","863132","JH378175","1559693","1559973","34","696835"
"KN296036v1","876425","876716","JH378151","8381511","8381803","30","7505086"
"KN296036v1","876945","877245","JH378236","733320","733615","36","143625"
"KN296036v1","945437","945579","JH378111","35428160","35428299","23","34482723"
"KN296036v1","946119","946265","JH378110","29514495","29514642","24","28568376"
"KN296036v1","1011519","1011807","JH378235","4528544","4528839","38","3517025"
"KN296036v1","1037779","1038084","JH378110","38574281","38574582","37","37536502"
"KN296036v1","1067363","1067532","JH378110","37372104","37372263","29","36304741"
"KN296036v1","1125164","1125451","JH378139","16259084","16259375","45","15133920"
"KN296036v1","1136667","1136847","JH378182","10307413","10307593","21","9170746"
"KN296036v1","1186474","1186766","JH378159","1426954","1427245","31","240480"
"KN296036v1","1199550","1199844","JH378193","307323","307613","41","892227"
"KN296036v1","1206443","1206743","JH378152","12468126","12468428","45","11261683"
"KN296036v1","1208435","1208777","JH378267","1156436","1156777","49","51999"
"KN296036v1","1213474","1213736","JH378115","29767080","29767342","41","28553606"
"KN296036v1","1240439","1240745","JH378123","6977358","6977652","57","5736919"
"KN296036v1","1242503","1242807","JH378110","38852916","38853220","34","37610413"
"KN296036v1","1248394","1248703","JH378175","2037583","2037886","39","789189"
"KN296036v1","1257361","1257659","JH378176","9716970","9717264","36","8459609"
"KN296036v1","1272564","1272869","JH378172","8089831","8090125","67","6817267"
"KN296036v1","1278818","1279114","JH378115","28712376","28712673","31","27433558"
"KN296036v1","1280780","1281003","JH378235","4754856","4755077","42","3474076"
"KN296036v1","1295077","1295322","JH378220","5271839","5272083","44","3976762"
"KN296036v1","1298936","1299246","JH378137","14554585","14554893","37","13255649"
"KN296036v1","1332125","1332423","JH378129","10258595","10258896","34","8926470"
"KN296036v1","1350085","1350385","JH378137","4935997","4936292","38","3585912"
"KN296036v1","1368126","1368429","JH378105","63827132","63827433","37","62459006"
"KN296036v1","1369691","1369981","JH378151","7439461","7439762","41","6069770"
"KN296036v1","1376472","1376761","JH378151","8652626","8652916","34","7276154"
"KN296036v1","1379399","1379709","JH378267","845059","845364","46","534340"
"KN296036v1","1397334","1397514","JH378121","18039192","18039372","23","16641858"
"KN296036v1","1397824","1397943","JH378140","4966484","4966602","21","3568660"
"KN296036v1","1400487","1400829","JH378135","5659920","5660255","57","4259433"
"KN296036v1","1415900","1416203","JH378106","69968073","69968376","42","68552173"
"KN296036v1","1418351","1418672","JH378260","2282137","2282463","39","863786"
"KN296036v1","1449105","1449400","JH378130","21403080","21403372","34","19953975"
"KN296036v1","1462269","1462560","JH378139","11276877","11277168","36","9814608"
"KN296036v1","1464130","1464431","JH378139","15235758","15236059","35","13771628"
"KN296036v1","1472081","1472384","JH378228","5509057","5509356","38","4036976"
"KN296036v1","1508207","1508518","JH378264","2773729","2774039","41","1265522"
"KN296036v1","1519068","1519360","JH378173","2753783","2754078","44","1234715"
"KN296036v1","1524669","1524967","JH378184","418760","419059","37","1105909"
"KN296036v1","1528323","1528621","JH378288","1088673","1088973","24","439650"
"KN296036v1","1533167","1533462","JH378205","5080625","5080919","31","3547458"
"KN296036v1","1539257","1539567","JH378139","17878350","17878657","41","16339093"
"KN296036v1","1552901","1553206","JH378189","1225012","1225313","39","327889"
"KN296036v1","1554774","1555061","JH378137","17271511","17271797","34","15716737"
"KN296036v1","1560837","1561099","JH378152","13587575","13587839","38","12026738"
"KN296036v1","1595272","1595563","JH378151","16285110","16285404","37","14689838"
"KN296036v1","1605273","1605560","JH378182","9240926","9241205","34","7635653"
"KN296036v1","1662882","1663193","JH378112","33214699","33215012","43","31551817"
"KN296036v1","1684888","1685199","JH378126","21026752","21027059","31","19341864"
"KN296036v1","1789354","1789695","JH378118","17703617","17703951","62","15914263"
"KN296036v1","1805859","1806145","JH378142","5865502","5865800","43","4059643"
"KN296036v1","1844266","1844570","JH378153","5876052","5876351","42","4031786"
"KN296036v1","1864008","1864310","JH378197","7145768","7146073","32","5281760"
"KN296036v1","1875757","1876063","JH378105","13988885","13989195","36","12113128"
"KN296036v1","1910450","1910536","JH378164","3844103","3844188","10","1933653"
"KN296036v1","1926063","1926358","JH378127","18566293","18566586","28","16640230"
"KN296036v1","1959788","1960085","JH378265","2263256","2263553","36","303468"
"KN296036v1","1992941","1993251","JH378306","116806","117115","44","1876135"
"KN296036v1","2009185","2009501","JH378182","3623832","3624120","56","1614647"
"KN296036v1","2015878","2016170","JH378108","23280248","23280545","37","21264370"
"KN296036v1","2031549","2031848","JH378170","4783494","4783792","29","2751945"
"KN296036v1","2043748","2044032","JH378245","2867748","2868031","39","824000"
"KN296036v1","2054991","2055302","JH378171","6181069","6181379","31","4126078"
"KN296036v1","2067014","2067322","JH378115","34859185","34859494","34","32792171"
"KN296036v1","2089050","2089349","JH378131","19339353","19339649","35","17250303"
"KN296036v1","2127974","2128271","JH378139","15235758","15236059","36","13107784"
"KN296036v1","2132542","2132839","JH378107","1656497","1656793","35","476045"
"KN296036v1","2149129","2149397","JH378195","7796823","7797094","40","5647694"
"KN296036v1","2163411","2163700","JH378151","8652626","8652916","31","6489215"
"KN296036v1","2170935","2171239","JH378190","8276191","8276493","40","6105256"
"KN296036v1","2221620","2221944","JH378137","277865","278184","52","1943755"
"KN296036v1","2287415","2287707","JH378137","13538627","13538918","41","11251212"
"KN296036v1","2308104","2308398","JH378177","3168958","3169267","42","860854"
"KN296040v1","9901","10192","JH378232","5491126","5491418","47","5481225"
"KN296040v1","43192","43474","JH378173","10591352","10591642","55","10548160"
"KN296040v1","54911","55215","JH378228","5616886","5617184","40","5561975"
"KN296040v1","111768","112054","JH378105","38843018","38843306","33","38731250"
"KN296040v1","120603","120902","JH378113","14455819","14456118","41","14335216"
"KN296040v1","152808","153106","JH378151","4318339","4318636","38","4165531"
"KN296040v1","179470","179758","JH378122","6511121","6511412","34","6331651"
"KN296040v1","217867","218157","JH378139","19252318","19252611","34","19034451"
"KN296040v1","221740","222043","JH378137","418029","418333","38","196289"
"KN296040v1","230644","230949","JH378110","30652967","30653272","42","30422323"
"KN296040v1","250671","250961","JH378170","3647779","3648075","50","3397108"
"KN296040v1","291685","291937","JH378136","7579134","7579369","57","7287449"
"KN296040v1","303543","303845","JH378114","37036188","37036491","30","36732645"
"KN296040v1","358404","358570","JH378312","72986","73156","18","285418"
"KN296040v1","479885","480180","JH378305","363484","363782","41","116401"
"KN296040v1","558894","559187","JH378134","12631800","12632093","39","12072906"
"KN296040v1","574784","575085","JH378149","13456174","13456477","38","12881390"
"KN296040v1","589821","590089","JH378203","6186181","6186453","38","5596360"
"KN296040v1","720545","720822","JH378311","367402","367684","42","353143"
"KN296040v1","801978","802283","JH378114","11511571","11511875","37","10709593"
"KN296040v1","898126","898404","JH378167","12683801","12684079","53","11785675"
"KN296040v1","924069","924346","JH378279","102782","103056","42","821287"
"KN296042v1","196149","196470","JH378115","31115075","31115394","46","30918926"
"KN296042v1","269761","270071","JH378105","48948738","48949045","46","48678977"
"KN296042v1","341946","342233","JH378105","3417808","3418095","41","3075862"
"KN296042v1","488503","488588","JH378105","6781182","6781268","13","6292679"
"KN296042v1","607711","608022","JH378139","1267404","1267713","45","659693"
"KN296047v1","55123","55419","JH378156","10041414","10041705","45","9986291"
"KN296047v1","79673","79977","JH378255","1274153","1274461","37","1194480"
"KN296047v1","94761","95017","JH378312","964075","964341","36","869314"
"KN296047v1","213740","213841","JH378115","16708837","16708937","11","16495097"
"KN296052v1","34770","35052","JH378114","27010582","27010865","54","26975812"
"KN296052v1","35333","35627","JH378119","6124403","6124708","51","6089070"
"KN296052v1","48595","48912","JH378199","6188287","6188595","41","6139692"
"KN296052v1","52037","52285","JH378110","8653664","8653909","43","8601627"
"KN296054v1","8505","8801","JH378105","38546959","38547253","43","38538454"
"KN296054v1","34825","35144","JH378113","11792481","11792794","44","11757656"
"KN296054v1","62023","62327","JH378197","7145768","7146073","31","7083745"
"KN296054v1","100075","100366","JH378186","9105917","9106213","40","9005842"
"KN296054v1","102607","102908","JH378184","8803684","8803977","39","8701077"
"KN296054v1","218967","219193","JH378106","63127227","63127458","35","62908260"
"KN296054v1","252368","252660","JH378151","8381511","8381803","36","8129143"
"KN296056v1","46","204","JH378142","13069381","13069531","23","13069335"
"KN296056v1","43612","43734","JH378108","20666659","20666782","20","20623047"
"KN296056v1","43762","43970","JH378115","7860597","7860802","37","7816835"
"KN296058v1","174821","175128","JH378157","16056355","16056666","36","15881534"
"KN296058v1","188527","188814","JH378271","826202","826488","45","637675"
"KN296062v1","23163","23464","JH378115","28712376","28712673","34","28689213"
"KN296062v1","140363","140668","JH378115","35321013","35321323","38","35180650"
"KN296062v1","175800","176100","JH378112","32039939","32040242","42","31864139"
"KN296062v1","182672","182974","JH378105","54150095","54150392","38","53967423"
"KN296062v1","233695","233931","JH378137","4568638","4568881","45","4334943"
"KN296062v1","277129","277334","JH378105","11699058","11699264","24","11421929"
"KN296062v1","285238","285520","JH378186","2169358","2169641","51","1884120"
"KN296062v1","301926","302216","JH378337","456818","457111","37","154892"
"KN296062v1","332439","332700","JH378216","6801972","6802240","44","6469533"
"KN296062v1","332998","333103","JH378148","16796218","16796320","18","16463220"
"KN296062v1","340280","340581","JH378255","1560098","1560402","35","1219818"
"KN296062v1","352911","353196","JH378135","9836647","9836932","39","9483736"
"KN296062v1","364145","364429","JH378116","2347248","2347532","46","1983103"
"KN296062v1","397133","397428","JH378148","3437860","3438152","34","3040727"
"KN296062v1","399928","400090","JH378109","34949958","34950119","16","34550030"
"KN296062v1","444518","444827","JH378198","1118958","1119264","34","674440"
"KN296062v1","446081","446393","JH378142","8285777","8286083","48","7839696"
"KN296062v1","452566","452868","JH378113","37954777","37955081","35","37502211"
"KN296062v1","459131","459203","JH378226","5406686","5406759","11","4947555"
"KN296062v1","491377","491670","JH378288","1088673","1088973","45","597296"
"KN296062v1","499558","499640","JH378155","1590173","1590255","10","1090615"
"KN296062v1","517964","518087","JH378115","35466361","35466487","13","34948397"
"KN296062v1","532899","533192","JH378151","4318339","4318636","40","3785440"
"KN296062v1","535037","535219","JH378108","45502417","45502590","31","44967380"
"KN296062v1","535515","535630","JH378111","26763767","26763880","16","26228252"
"KN296062v1","636565","636875","JH378225","6457829","6458137","41","5821264"
"KN296062v1","705604","705770","JH378219","2507671","2507841","36","1802067"
"KN296062v1","765536","765849","JH378225","6457829","6458137","38","5692293"
"KN296062v1","769693","769985","JH378151","4036857","4037149","45","3267164"
"KN296062v1","772253","772401","JH378187","5479676","5479829","26","4707423"
"KN296062v1","773575","773885","JH378139","1159515","1159824","31","385940"
"KN296062v1","857951","858220","JH378139","5183069","5183345","44","4325118"
"KN296062v1","864172","864377","JH378131","11614523","11614730","28","10750351"
"KN296062v1","882877","883109","JH378110","23413050","23413279","35","22530173"
"KN296062v1","910285","910584","JH378115","22553742","22554043","34","21643457"
"KN296062v1","915884","916176","JH378189","1225012","1225313","42","309128"
"KN296062v1","950139","950447","JH378126","21026752","21027059","37","20076613"
"KN296062v1","966599","966917","JH378106","27940734","27941044","44","26974135"
"KN296062v1","1068896","1069201","JH378125","15893280","15893581","36","14824384"
"KN296062v1","1087490","1087766","JH378144","1238326","1238606","41","150836"
"KN296062v1","1088415","1088633","JH378216","2288030","2288244","40","1199615"
"KN296062v1","1090635","1090919","JH378199","5009554","5009838","33","3918919"
"KN296062v1","1096560","1096871","JH378123","22693589","22693897","34","21597029"
"KN296062v1","1098818","1098945","JH378197","4415015","4415140","14","3316197"
"KN296062v1","1099245","1099398","JH378151","9876229","9876382","22","8776984"
"KN296062v1","1134239","1134525","JH378120","5526763","5527046","50","4392524"
"KN296062v1","1141328","1141639","JH378126","21026752","21027059","36","19885424"
"KN296062v1","1156700","1156999","JH378236","2099707","2100007","34","943007"
"KN296062v1","1166266","1166557","JH378167","8141531","8141823","36","6975265"
"KN296062v1","1166601","1166911","JH378108","30731255","30731558","35","29564654"
"KN296062v1","1169553","1169845","JH378194","2390312","2390602","39","1220759"
"KN296062v1","1177844","1178137","JH378234","3390426","3390721","54","2212582"
"KN296062v1","1186385","1186687","JH378112","31041843","31042131","46","29855458"
"KN296062v1","1189000","1189313","JH378116","11181268","11181574","43","9992268"
"KN296062v1","1194187","1194499","JH378238","713549","713860","45","480638"
"KN296062v1","1195974","1196276","JH378139","15235758","15236059","48","14039784"
"KN296062v1","1209229","1209541","JH378263","2502889","2503200","35","1293660"
"KN296062v1","1227402","1227713","JH378160","5299774","5300077","39","4072372"
"KN296062v1","1233475","1233769","JH378242","97287","97580","48","1136188"
"KN296062v1","1236641","1236943","JH378115","25570507","25570808","37","24333866"
"KN296062v1","1257206","1257509","JH378106","1533545","1533849","37","276339"
"KN296062v1","1279460","1279767","JH378207","3169344","3169645","32","1889884"
"KN296062v1","1282013","1282321","JH378116","11181268","11181574","37","9899255"
"KN296062v1","1283754","1284046","JH378151","6095355","6095641","43","4811601"
"KN296062v1","1292438","1292726","JH378239","3940828","3941139","49","2648390"
"KN296062v1","1299866","1300154","JH378115","30864164","30864459","41","29564298"
"KN296062v1","1325795","1326078","JH378323","404099","404383","41","921696"
"KN296062v1","1327299","1327596","JH378145","2733878","2734174","33","1406579"
"KN296062v1","1335053","1335365","JH378126","21026752","21027059","36","19691699"
"KN296062v1","1364697","1364970","JH378115","14283522","14283794","27","12918825"
"KN296062v1","1383647","1383926","JH378153","7392982","7393269","46","6009335"
"KN296062v1","1386637","1386815","JH378107","40946487","40946662","29","39559850"
"KN296062v1","1413868","1414178","JH378126","21026752","21027059","29","19612884"
"KN296062v1","1423147","1423438","JH378105","51889615","51889908","42","50466468"
"KN296062v1","1424321","1424621","JH378110","39706997","39707294","40","38282676"
"KN296062v1","1431735","1432032","JH378124","15582898","15583197","27","14151163"
"KN296062v1","1489105","1489418","JH378110","29407125","29407428","44","27918020"
"KN296062v1","1492121","1492414","JH378137","8481628","8481927","30","6989507"
"KN296062v1","1492415","1492701","JH378178","6966092","6966381","41","5473677"
"KN296062v1","1493896","1494198","JH378115","25041145","25041450","33","23547249"
"KN296062v1","1562259","1562469","JH378149","3162061","3162279","31","1599802"
"KN296062v1","1619077","1619358","JH378109","17006289","17006567","38","15387212"
"KN296062v1","1640548","1640832","JH378221","831616","831908","31","808932"
"KN296062v1","1654855","1655062","JH378113","23138922","23139137","36","21484067"
"KN296062v1","1656723","1656920","JH378110","40424411","40424608","37","38767688"
"KN296062v1","1658653","1658966","JH378139","15119668","15119965","51","13461015"
"KN296062v1","1660082","1660320","JH378132","342618","342869","44","1317464"
"KN296062v1","1666842","1667100","JH378143","8621971","8622229","40","6955129"
"KN296062v1","1684298","1684609","JH378131","10655501","10655807","49","8971203"
"KN296062v1","1685083","1685386","JH378105","48388459","48388758","67","46703376"
"KN296062v1","1717489","1717788","JH378122","1227682","1227989","45","489807"
"KN296062v1","1731256","1731555","JH378135","20208650","20208946","37","18477394"
"KN296062v1","1766866","1767158","JH378198","4226780","4227075","31","2459914"
"KN296062v1","1770765","1770911","JH378283","1692869","1693013","23","77896"
"KN296062v1","1770913","1771209","JH378164","7843702","7844000","35","6072789"
"KN296062v1","1771210","1771506","JH378122","7536361","7536659","42","5765151"
"KN296062v1","1782815","1783115","JH378111","25473856","25474161","37","23691041"
"KN296062v1","1794884","1795187","JH378137","17093543","17093840","33","15298659"
"KN296062v1","1809012","1809317","JH378126","23919556","23919859","35","22110544"
"KN296062v1","1817128","1817431","JH378139","15235758","15236059","34","13418630"
"KN296062v1","1818147","1818450","JH378139","15235758","15236059","34","13417611"
"KN296062v1","1855489","1855499","JH378189","7208291","7208302","5","5352802"
"KN296062v1","1855542","1855726","JH378190","139897","140075","35","1715645"
"KN296062v1","1875425","1875735","JH378137","4012884","4013190","38","2137459"
"KN296062v1","1914161","1914468","JH378205","4497688","4497989","39","2583527"
"KN296062v1","1943482","1943771","JH378107","57888255","57888550","38","55944773"
"KN296062v1","1947612","1947885","JH378134","16278207","16278478","45","14330595"
"KN296062v1","1963554","1963855","JH378106","60843849","60844159","45","58880295"
"KN296062v1","1967139","1967432","JH378114","20788537","20788834","45","18821398"
"KN296062v1","2056346","2056637","JH378151","8381511","8381803","30","6325165"
"KN296062v1","2080687","2080845","JH378128","16954272","16954430","33","14873585"
"KN296062v1","2101651","2101699","JH378212","513171","513216","10","1588480"
"KN296062v1","2102891","2103101","JH378257","2696298","2696507","56","593407"
"KN296062v1","2103406","2103485","JH378169","4828461","4828540","15","2725055"
"KN296062v1","2113260","2113557","JH378191","6177328","6177618","43","4064068"
"KN296062v1","2159346","2159641","JH378139","18955642","18955939","37","16796296"
"KN296062v1","2192628","2192931","JH378288","1088673","1088973","27","1103955"
"KN296062v1","2205478","2205775","JH378116","21362676","21362970","39","19157198"
"KN296062v1","2214065","2214363","JH378220","2784017","2784313","36","569952"
"KN296062v1","2279317","2279476","JH378105","16504718","16504877","21","14225401"
"KN296062v1","2319398","2319698","JH378228","5509057","5509356","33","3189659"
"KN296062v1","2358768","2359088","JH378167","5351158","5351469","49","2992390"
"KN296062v1","2372935","2373229","JH378151","8381511","8381803","32","6008576"
"KN296062v1","2373516","2373826","JH378152","11654622","11654934","41","9281106"
"KN296062v1","2394143","2394448","JH378117","24869583","24869886","37","22475440"
"KN296062v1","2400265","2400565","JH378121","19920880","19921179","34","17520615"
"KN296062v1","2411597","2411907","JH378206","6984481","6984785","36","4572884"
"KN296062v1","2421375","2421537","JH378117","15939090","15939257","18","13517715"
"KN296062v1","2460765","2461051","JH378151","8381511","8381803","33","5920746"
"KN296062v1","2461166","2461475","JH378213","1312597","1312901","39","1148569"
"KN296062v1","2489657","2489948","JH378157","9676550","9676840","32","7186893"
"KN296062v1","2492530","2492710","JH378130","16132146","16132321","26","13639616"
"KN296062v1","2501844","2502129","JH378124","12107540","12107816","42","9605696"
"KN296062v1","2597656","2597933","JH378142","18322987","18323264","36","15725331"
"KN296062v1","2607387","2607682","JH378326","131190","131490","42","2476197"
"KN296062v1","2619746","2619869","JH378294","1960151","1960275","12","659595"
"KN296062v1","2621079","2621390","JH378141","12407464","12407771","39","9786385"
"KN296062v1","2680870","2681174","JH378130","1202684","1202989","32","1478186"
"KN296063v1","17570","17762","JH378233","725262","725455","32","707692"
"KN296063v1","45030","45327","JH378105","6888381","6888680","40","6843351"
"KN296063v1","123989","124295","JH378137","19401998","19402301","32","19278009"
"KN296063v1","521853","522160","JH378115","34859185","34859494","40","34337332"
"KN296063v1","534210","534501","JH378109","48550382","48550679","38","48016172"
"KN296063v1","538774","539083","JH378167","5351158","5351469","42","4812384"
"KN296063v1","542137","542269","JH378319","890047","890177","16","347910"
"KN296063v1","542535","542716","JH378153","14837931","14838114","27","14295396"
"KN296063v1","543514","543800","JH378139","16259084","16259375","36","15715570"
"KN296063v1","579749","580058","JH378106","70986080","70986388","40","70406331"
"KN296063v1","603528","603823","JH378115","28712376","28712673","37","28108848"
"KN296063v1","607770","608065","JH378107","49473760","49474052","34","48865990"
"KN296063v1","653009","653298","JH378149","13456174","13456477","41","12803165"
"KN296063v1","750751","751106","JH378167","4176675","4177019","77","3425924"
"KN296063v1","802553","802830","JH378158","7857874","7858151","39","7055321"
"KN296063v1","855836","856135","JH378156","6060369","6060667","45","5204533"
"KN296063v1","902389","902685","JH378141","10800920","10801215","34","9898531"
"KN296063v1","905984","906317","JH378144","957442","957760","56","51458"
"KN296063v1","935818","936115","JH378198","6294233","6294526","39","5358415"
"KN296063v1","942768","943068","JH378232","4034193","4034493","46","3091425"
"KN296063v1","947463","947789","JH378115","25041145","25041450","46","24093682"
"KN296063v1","994443","994730","JH378159","1426954","1427245","40","432511"
"KN296063v1","1020025","1020338","JH378112","21015725","21016036","38","19995700"
"KN296063v1","1081373","1081669","JH378118","10671427","10671722","32","9590054"
"KN296063v1","1200837","1201026","JH378232","420548","420740","29","780289"
"KN296063v1","1264485","1264798","JH378110","19934311","19934616","43","18669826"
"KN296063v1","1397702","1398024","JH378109","26958073","26958388","65","25560371"
"KN296063v1","1470361","1470397","JH378107","3373557","3373604","15","1903196"
"KN296065v1","139859","140035","JH378159","955533","955705","31","815674"
"KN296065v1","350273","350577","JH378319","188366","188673","37","161907"
"KN296065v1","577034","577326","JH378257","2723550","2723840","48","2146516"
"KN296065v1","671107","671416","JH378170","6603141","6603440","52","5932034"
"KN296065v1","688844","689153","JH378111","26701569","26701879","40","26012725"
"KN296071v1","24343","24647","JH378126","23919556","23919859","38","23895213"
"KN296071v1","48942","49233","JH378157","9676550","9676840","30","9627608"
"KN296071v1","116986","117253","JH378140","6976579","6976845","41","6859593"
"KN296071v1","220215","220520","JH378119","6124403","6124708","30","5904188"
"KN296072v1","130817","131128","JH378180","3196029","3196340","37","3065212"
"KN296072v1","36395","36699","JH378113","6692573","6692881","33","6656178"
"KN296072v1","71663","71962","JH378129","10258595","10258896","37","10186932"
"KN296072v1","78702","78997","JH378124","15582898","15583197","37","15504196"
"KN296072v1","84917","85002","JH378310","1027685","1027771","7","942768"
"KN296072v1","112021","112320","JH378170","4783494","4783792","31","4671473"
"KN296072v1","118054","118361","JH378143","7408382","7408687","38","7290328"
"KN296072v1","161995","162289","JH378105","33992488","33992780","38","33830493"
"KN296072v1","166068","166376","JH378139","18632207","18632516","36","18466139"
"KN296072v1","232965","233249","JH378106","17756548","17756839","37","17523583"
"KN296075v1","10780","11078","JH378199","2290363","2290661","38","2279583"
"KN296075v1","35801","36100","JH378106","6434398","6434702","37","6398597"
"KN296075v1","40827","41109","JH378246","562506","562779","31","521679"
"KN296075v1","49837","50132","JH378213","3244672","3244969","30","3194835"
"KN296075v1","58809","59101","JH378151","8381511","8381803","32","8322702"
"KN296075v1","60410","60741","JH378110","32125100","32125437","39","32064690"
"KN296075v1","70761","71056","JH378153","7166527","7166816","40","7095766"
"KN296075v1","183106","183232","JH378232","4433593","4433715","15","4250487"
"KN296075v1","216648","216953","JH378166","1276502","1276806","40","1059854"
"KN296075v1","225046","225330","JH378153","7392982","7393269","36","7167936"
"KN296075v1","299478","299780","JH378206","4086994","4087300","46","3787516"
"KN296075v1","320071","320366","JH378123","7442668","7442959","45","7122597"
"KN296075v1","331112","331409","JH378124","15582898","15583197","25","15251786"
"KN296075v1","377028","377341","JH378173","6810042","6810350","39","6433014"
"KN296075v1","493851","494039","JH378124","6636924","6637108","26","6143073"
"KN296075v1","555034","555338","JH378116","25511081","25511383","41","24956047"
"KN296075v1","586541","586850","JH378152","14025021","14025330","36","13438480"
"KN296075v1","597911","598213","JH378255","253618","253923","37","344293"
"KN296075v1","640512","640812","JH378142","4298733","4299032","35","3658221"
"KN296075v1","641708","642003","JH378156","564555","564849","33","77153"
"KN296075v1","667684","667975","JH378204","2935067","2935361","35","2267383"
"KN296075v1","683784","684064","JH378115","36370112","36370396","39","35686328"
"KN296075v1","819083","819374","JH378139","16259084","16259375","37","15440001"
"KN296075v1","879363","879663","JH378139","19415987","19416286","41","18536624"
"KN296075v1","937053","937268","JH378190","201928","202138","50","735125"
"KN296077v1","927","1222","JH378125","15156999","15157299","39","15156072"
"KN296077v1","146307","146616","JH378118","24374217","24374525","46","24227910"
"KN296077v1","201481","201764","JH378182","3623832","3624120","31","3422351"
"KN296077v1","226814","227055","JH378184","856419","856657","36","629605"
"KN296077v1","241101","241412","JH378165","5178810","5179119","49","4937709"
"KN296078v1","265370","265672","JH378119","218814","219116","40","46556"
"KN296078v1","284592","284897","JH378138","5660363","5660672","52","5375771"
"KN296078v1","405685","405879","JH378148","6426733","6426937","32","6021048"
"KN296078v1","447865","448175","JH378126","21026752","21027059","41","20578887"
"KN296078v1","486721","487003","JH378239","2581324","2581609","33","2094603"
"KN296078v1","516617","516917","JH378125","15156999","15157299","42","14640382"
"KN296078v1","522152","522445","JH378220","6938134","6938409","50","6415982"
"KN296078v1","623427","623620","JH378125","4974780","4974964","53","4351353"
"KN296078v1","809741","810016","JH378106","70483264","70483525","54","69673523"
"KN296078v1","934341","934623","JH378114","21125192","21125472","50","20190851"
"KN296078v1","1053908","1054213","JH378137","11282926","11283229","42","10229018"
"KN296078v1","1101077","1101358","JH378124","23710197","23710477","39","22609120"
"KN296078v1","1191485","1191773","JH378110","32622278","32622571","43","31430793"
"KN296078v1","1214141","1214404","JH378167","9534568","9534835","55","8320427"
"KN296078v1","1250515","1250797","JH378144","7596090","7596371","35","6345575"
"KN296078v1","1329765","1330064","JH378227","1175094","1175396","41","154671"
"KN296078v1","1367859","1368147","JH378125","17320707","17320999","40","15952848"
"KN296079v1","5387","5682","JH378262","88772","89069","35","83385"
"KN296079v1","9457","9769","JH378173","9055905","9056209","43","9046448"
"KN296079v1","15019","15324","JH378284","1163902","1164203","30","1148883"
"KN296079v1","29999","30290","JH378153","7392982","7393269","35","7362983"
"KN296079v1","48755","49025","JH378174","4130472","4130753","42","4081717"
"KN296079v1","63858","64135","JH378279","102782","103056","40","38924"
"KN296079v1","118328","118590","JH378106","63213409","63213668","37","63095081"
"KN296079v1","212738","213029","JH378146","14331682","14331970","44","14118944"
"KN296079v1","306330","306630","JH378124","15582898","15583197","33","15276568"
"KN296079v1","315066","315355","JH378157","9676550","9676840","32","9361484"
"KN296079v1","317197","317485","JH378106","1432798","1433085","34","1115601"
"KN296079v1","370610","370683","JH378115","15229433","15229501","11","14858823"
"KN296079v1","388493","388798","JH378197","7145768","7146073","39","6757275"
"KN296079v1","391681","391982","JH378109","13656058","13656355","47","13264377"
"KN296079v1","471748","472057","JH378115","34859185","34859494","47","34387437"
"KN296079v1","500359","500654","JH378125","17186392","17186688","42","16686033"
"KN296079v1","503642","503942","JH378288","1088673","1088973","30","585031"
"KN296079v1","601483","601784","JH378127","19048485","19048788","40","18447002"
"KN296079v1","603262","603538","JH378137","4055872","4056152","46","3452610"
"KN296079v1","635454","635769","JH378225","6457829","6458137","42","5822375"
"KN296079v1","657826","658119","JH378139","15235758","15236059","42","14577932"
"KN296079v1","681481","681783","JH378137","9982667","9982968","35","9301186"
"KN296079v1","700585","700884","JH378288","1088673","1088973","31","388088"
"KN296079v1","716052","716345","JH378159","2054904","2055199","31","1338852"
"KN296079v1","732681","733018","JH378127","4785458","4785795","47","4052777"
"KN296079v1","760081","760420","JH378107","41090820","41091142","56","40330739"
"KN296079v1","782623","782806","JH378145","17643142","17643324","17","16860519"
"KN296079v1","792144","792449","JH378139","17878350","17878657","34","17086206"
"KN296079v1","799855","800153","JH378296","1500608","1500907","30","700753"
"KN296079v1","801428","801655","JH378107","4949311","4949533","32","4147883"
"KN296079v1","803270","803589","JH378140","4945540","4945860","60","4142270"
"KN296079v1","813379","813465","JH378140","6974081","6974165","12","6160702"
"KN296079v1","825359","825655","JH378122","7536361","7536659","41","6711002"
"KN296079v1","829922","830234","JH378126","21026752","21027059","44","20196830"
"KN296079v1","840243","840521","JH378157","1917746","1918025","36","1077503"
"KN296079v1","845126","845428","JH378265","2263256","2263553","45","1418130"
"KN296079v1","849062","849348","JH378106","3052818","3053105","38","2203756"
"KN296079v1","854145","854303","JH378112","20984861","20985026","22","20130716"
"KN296079v1","860076","860373","JH378220","2784017","2784313","33","1923941"
"KN296079v1","880056","880343","JH378323","213974","214266","49","666082"
"KN296079v1","881849","881994","JH378115","35004133","35004278","20","34122284"
"KN296079v1","912644","912925","JH378106","40681909","40682181","36","39769265"
"KN296079v1","932232","932372","JH378137","16968051","16968197","26","16035819"
"KN296079v1","937848","938128","JH378177","10476432","10476701","35","9538584"
"KN296079v1","954079","954248","AGCE01149740","1081","1246","18","952998"
"KN296079v1","954551","954684","JH378193","345676","345813","14","608875"
"KN296079v1","955407","955615","JH378131","12965198","12965409","35","12009791"
"KN296079v1","974658","974950","JH378198","4226780","4227075","46","3252122"
"KN296079v1","1003539","1003799","JH378109","44424412","44424668","39","43420873"
"KN296079v1","1011435","1011740","JH378115","25570507","25570808","35","24559072"
"KN296079v1","1013692","1013995","JH378114","7122925","7123229","34","6109233"
"KN296079v1","1021824","1022124","JH378255","1970522","1970816","41","948698"
"KN296079v1","1026273","1026554","JH378115","32019990","32020269","37","30993717"
"KN296079v1","1027787","1028111","JH378118","32503415","32503740","42","31475628"
"KN296079v1","1042004","1042314","JH378113","28428906","28429220","43","27386902"
"KN296079v1","1047198","1047505","JH378135","18293288","18293594","44","17246090"
"KN296079v1","1056395","1056690","JH378139","18955642","18955939","34","17899247"
"KN296079v1","1061615","1061905","JH378105","14932290","14932580","49","13870675"
"KN296079v1","1074153","1074416","JH378114","44222819","44223088","39","43148666"
"KN296079v1","1083007","1083339","JH378222","6355277","6355599","64","5272270"
"KN296079v1","1091539","1091836","JH378154","11660298","11660594","39","10568759"
"KN296079v1","1093197","1093484","JH378110","17880643","17880926","35","16787446"
"KN296079v1","1112186","1112478","JH378170","4783494","4783792","36","3671308"
"KN296079v1","1113168","1113459","JH378121","29566176","29566469","36","28453008"
"KN296079v1","1114894","1115176","JH378163","8341900","8342184","61","7227006"
"KN296079v1","1120589","1120884","JH378105","36900565","36900857","42","35779976"
"KN296079v1","1122772","1123071","JH378228","5509057","5509356","31","4386285"
"KN296079v1","1128267","1128571","JH378179","1841978","1842282","37","713711"
"KN296079v1","1142567","1142876","JH378127","7652924","7653236","43","6510357"
"KN296079v1","1167021","1167325","JH378113","14455819","14456118","36","13288798"
"KN296079v1","1199779","1200074","JH378151","7439461","7439762","39","6239682"
"KN296079v1","1245089","1245370","JH378109","7840405","7840695","34","6595316"
"KN296079v1","1285480","1285775","JH378143","661393","661692","41","624087"
"KN296079v1","1297886","1298192","JH378106","1533545","1533849","35","235659"
"KN296079v1","1304689","1304982","JH378127","17322354","17322649","40","16017665"
"KN296079v1","1315915","1316197","JH378119","27348354","27348646","56","26032439"
"KN296079v1","1331855","1332166","JH378228","5829049","5829359","30","4497194"
"KN296079v1","1348207","1348518","JH378156","6226028","6226337","40","4877821"
"KN296079v1","1393001","1393308","JH378170","4783494","4783792","38","3390493"
"KN296079v1","1451379","1451679","JH378288","1561758","1562053","37","110379"
"KN296079v1","1462132","1462420","JH378182","3623832","3624120","41","2161700"
"KN296079v1","1470976","1471247","JH378232","235224","235495","35","1235752"
"KN296079v1","1493207","1493355","JH378149","4008331","4008482","18","2515124"
"KN296079v1","1525511","1525820","JH378140","6602564","6602868","35","5077053"
"KN296079v1","1630308","1630598","JH378106","58858463","58858754","45","57228155"
"KN296079v1","1759838","1760031","JH378114","24649871","24650059","32","22890033"
"KN296079v1","1916898","1917183","JH378207","7640792","7641076","31","5723894"
"KN296079v1","1919936","1920216","JH378109","41150698","41150980","41","39230762"
"KN296079v1","2034044","2034338","JH378159","15717599","15717893","36","13683555"
"KN296079v1","2073101","2073372","JH378196","332412","332687","41","1740689"
"KN296079v1","2436292","2436578","JH378118","14784020","14784304","40","12347728"
"KN296079v1","2436608","2436625","JH378149","1403733","1403749","5","1032875"
"KN296079v1","2547107","2547399","JH378241","5492398","5492696","37","2945291"
"KN296079v1","2576285","2576576","JH378114","27542030","27542320","45","24965745"
"KN296079v1","2663747","2664052","JH378284","1163902","1164203","42","1499845"
"KN296079v1","2743993","2744337","JH378206","6280299","6280627","51","3536306"
"KN296079v1","2812405","2812694","JH378127","4651299","4651593","39","1838894"
"KN296079v1","2838656","2838967","JH378129","1237412","1237719","41","1601244"
"KN296079v1","2899956","2900264","JH378181","2331193","2331494","53","568763"
"KN296079v1","2902219","2902525","JH378126","21026752","21027059","33","18124533"
"KN296079v1","3020715","3021020","JH378107","32029619","32029921","43","29008904"
"KN296079v1","3033212","3033517","JH378126","21026752","21027059","32","17993540"
"KN296079v1","3045031","3045359","JH378108","47413373","47413681","57","44368342"
"KN296079v1","3063841","3064074","JH378216","2168007","2168237","29","895834"
"KN296079v1","3064075","3064209","JH378167","9832511","9832645","15","6768436"
"KN296079v1","3072972","3073139","JH378113","32219902","32220070","25","29146930"
"KN296079v1","3128392","3128704","JH378144","4944998","4945309","34","1816606"
"KN296083v1","810","1105","JH378252","3797717","3797993","64","3796907"
"KN296083v1","1799","2102","JH378140","6551648","6551952","65","6549849"
"KN296083v1","2268","2516","JH378198","934343","934616","77","932075"
"KN296083v1","2674","2951","JH378108","33456734","33457011","59","33454060"
"KN296083v1","3334","3499","JH378149","1317845","1318011","32","1314511"
"KN296083v1","3835","3965","JH378107","7523661","7523793","24","7519826"
"KN296083v1","41730","42018","JH378191","6177328","6177618","34","6135598"
"KN296084v1","7017","7328","JH378119","13124882","13125196","37","13117865"
"KN296085v1","60142","60427","JH378193","7615574","7615867","50","7555432"
"KN296085v1","86602","86912","JH378119","23204518","23204821","45","23117916"
"KN296086v1","51450","51726","JH378107","30010443","30010733","38","29958993"
"KN296086v1","190232","190537","JH378176","8157064","8157374","33","7966832"
"KN296086v1","538788","539068","JH378153","7392982","7393269","35","6854194"
"KN296086v1","562545","562847","JH378213","1312597","1312901","41","750052"
"KN296086v1","740609","740926","JH378141","16136077","16136388","38","15395468"
"KN296090v1","4192","4505","JH378126","21026752","21027059","40","21022560"
"KN296090v1","16253","16524","JH378204","7525660","7525946","39","7509407"
"KN296090v1","27488","27781","JH378106","44399035","44399331","31","44371547"
"KN296090v1","44065","44242","JH378120","29112385","29112559","28","29068320"
"KN296090v1","48865","49072","JH378141","18329140","18329350","34","18280275"
"KN296090v1","49073","49127","JH378113","4238157","4238211","5","4189084"
"KN296090v1","49132","49459","JH378167","4048175","4048494","56","3999043"
"KN296090v1","74680","74974","JH378137","17138846","17139141","41","17064166"
"KN296090v1","146506","146809","JH378119","21541797","21542098","40","21395291"
"KN296090v1","156836","157147","JH378197","7145768","7146073","31","6988932"
"KN296090v1","161188","161488","JH378105","6199598","6199901","38","6038410"
"KN296090v1","164193","164504","JH378206","4086994","4087300","38","3922801"
"KN296090v1","174613","174914","JH378149","17073303","17073602","40","16898690"
"KN296090v1","179662","179956","JH378229","2791774","2792064","30","2612112"
"KN296093v1","14520","14820","AGCE01150449","839","1138","30","13681"
"KN296093v1","21559","21843","JH378177","6664715","6664994","32","6643156"
"KN296093v1","47880","48186","JH378253","315934","316240","29","268054"
"KN296093v1","48503","48793","JH378151","15551938","15552226","38","15503435"
"KN296093v1","66127","66397","JH378170","3828981","3829264","60","3762854"
"KN296093v1","74785","74975","JH378129","10307673","10307859","29","10232888"
"KN296093v1","108582","108878","JH378199","4362164","4362454","34","4253582"
"KN296093v1","159957","160257","JH378192","8475858","8476157","38","8315901"
"KN296093v1","161005","161298","JH378328","452393","452688","30","291388"
"KN296093v1","177792","178091","JH378111","42466412","42466713","42","42288620"
"KN296093v1","186120","186403","JH378177","2554492","2554776","35","2368372"
"KN296093v1","215964","216274","JH378117","24869583","24869886","42","24653619"
"KN296093v1","232247","232548","JH378224","5664910","5665211","34","5432663"
"KN296093v1","239261","239560","JH378117","24258354","24258650","35","24019093"
"KN296094v1","165335","165501","JH378149","13115955","13116115","25","12950620"
"KN296094v1","173209","173512","JH378146","9025410","9025712","42","8852201"
"KN296094v1","205053","205359","JH378139","19180439","19180749","31","18975386"
"KN296094v1","325150","325442","JH378106","69239155","69239449","38","68914005"
"KN296094v1","355034","355329","JH378189","7485656","7485953","41","7130622"
"KN296094v1","403706","403988","JH378224","3408579","3408861","28","3004873"
"KN296095v1","85311","85651","JH378207","7260369","7260705","50","7175058"
"KN296096v1","35717","35898","JH378110","37162707","37162893","30","37126990"
"KN296096v1","36783","36921","JH378122","28037310","28037440","26","28000527"
"KN296096v1","37595","37913","JH378126","21026752","21027059","51","20989157"
"KN296096v1","41360","41657","JH378116","28869529","28869826","35","28828169"
"KN296096v1","50798","50857","JH378110","29112523","29112578","15","29061725"
"KN296096v1","51242","51312","JH378128","25420160","25420227","16","25368918"
"KN296096v1","57220","57380","JH378197","7256913","7257070","25","7199693"
"KN296096v1","75179","75468","JH378157","7250539","7250813","47","7175360"
"KN296096v1","81211","81401","JH378223","6150656","6150838","31","6069445"
"KN296096v1","267320","267602","AGCE01150543","1","288","35","267319"
"KN296096v1","445256","445549","JH378110","36569979","36570266","47","36124723"
"KN296096v1","583333","583632","JH378107","30469196","30469490","38","29885863"
"KN296096v1","646368","646669","JH378320","58622","58932","44","587746"
"KN296096v1","690592","690875","JH378247","2290754","2291038","38","1600162"
"KN296096v1","695038","695343","JH378197","7145768","7146073","36","6450730"
"KN296096v1","738920","739149","JH378171","8240188","8240412","33","7501268"
"KN296096v1","758443","758751","JH378149","2213704","2214010","51","1455261"
"KN296096v1","763560","763861","JH378112","30912176","30912478","35","30148616"
"KN296096v1","764895","765194","JH378173","9459011","9459316","31","8694116"
"KN296096v1","786592","786887","JH378105","4325405","4325701","37","3538813"
"KN296096v1","809386","809681","JH378137","18706406","18706704","41","17897020"
"KN296096v1","847790","848062","JH378177","10476432","10476701","42","9628642"
"KN296096v1","855948","856206","JH378109","48311154","48311414","36","47455206"
"KN296096v1","878321","878624","JH378105","4190308","4190610","32","3311987"
"KN296096v1","901208","901467","JH378189","1044465","1044720","41","143257"
"KN296096v1","901533","901821","JH378139","16259084","16259375","41","15357551"
"KN296096v1","907161","907324","JH378198","4828609","4828776","25","3921448"
"KN296096v1","907633","907643","JH378189","7208291","7208302","4","6300658"
"KN296096v1","932012","932302","JH378121","29566176","29566469","31","28634164"
"KN296096v1","941787","942082","JH378138","2084662","2084957","38","1142875"
"KN296096v1","980546","980847","JH378127","19048485","19048788","36","18067939"
"KN296096v1","998379","998685","JH378112","33214699","33215012","44","32216320"
"KN296096v1","1072279","1072584","JH378111","26701569","26701879","45","25629290"
"KN296096v1","1078577","1078890","JH378122","28678230","28678542","49","27599653"
"KN296096v1","1150045","1150336","JH378115","4038670","4038960","42","2888625"
"KN296096v1","1187723","1188033","JH378199","4736113","4736422","39","3548390"
"KN296096v1","1209553","1209851","JH378129","10258595","10258896","34","9049042"
"KN296096v1","1240126","1240400","JH378145","8661625","8661899","39","7421499"
"KN296096v1","1341184","1341483","JH378127","11653984","11654276","38","10312800"
"KN296096v1","1554077","1554374","JH378152","10654592","10654890","34","9100515"
"KN296096v1","1554378","1554509","JH378153","13895787","13895919","10","12341409"
"KN296096v1","1604908","1605215","JH378106","10129130","10129437","36","8524222"
"KN296096v1","1702387","1702667","JH378204","7525660","7525946","35","5823273"
"KN296096v1","1833292","1833578","JH378175","7523727","7524015","37","5690435"
"KN296096v1","1840311","1840626","JH378138","8728465","8728776","38","6888154"
"KN296096v1","1847190","1847379","JH378183","8561624","8561809","24","6714434"
"KN296096v1","2331875","2332182","JH378216","6474633","6474943","47","4142758"
"KN296096v1","2353997","2354293","JH378163","2667861","2668158","31","313864"
"KN296096v1","2363649","2363874","JH378115","34902421","34902645","33","32538772"
"KN296096v1","2366489","2366798","JH378197","7145768","7146073","29","4779279"
"KN296096v1","2382182","2382491","JH378144","4944998","4945309","30","2562816"
"KN296096v1","2385981","2386281","JH378118","27503431","27503730","31","25117450"
"KN296096v1","2388220","2388516","JH378142","5865502","5865800","41","3477282"
"KN296096v1","2441545","2441854","JH378108","46666898","46667209","45","44225353"
"KN296096v1","2650600","2650867","JH378118","12853291","12853559","43","10202691"
"KN296096v1","2653143","2653444","JH378288","1088673","1088973","27","1564470"
"KN296096v1","2769150","2769454","JH378151","7439461","7439762","43","4670311"
"KN296096v1","2865054","2865357","JH378197","7145768","7146073","31","4280714"
"KN296096v1","2949400","2949705","JH378129","11952764","11953070","35","9003364"
"KN296096v1","3039772","3040070","JH378197","4021191","4021484","36","981419"
"KN296096v1","3180127","3180436","JH378126","21026752","21027059","41","17846625"
"KN296096v1","3284042","3284349","JH378114","35774332","35774641","41","32490290"
"KN296096v1","3287916","3288212","JH378120","30513421","30513713","38","27225505"
"KN296096v1","3288985","3289286","JH378216","3208225","3208520","39","80760"
"KN296096v1","3290059","3290348","JH378169","3247221","3247500","43","42838"
"KN296096v1","3330924","3331226","JH378119","17145949","17146255","48","13815025"
"KN296096v1","3355835","3356071","AGCE01150955","1","234","28","3355834"
"KN296096v1","3375914","3376205","JH378157","9676550","9676840","23","6300636"
"KN296096v1","3423341","3423622","JH378106","3052818","3053105","39","370523"
"KN296096v1","3486616","3486907","JH378239","3982598","3982905","51","495982"
"KN296096v1","3532008","3532296","JH378117","17607487","17607776","34","14075479"
"KN296096v1","3686421","3686700","JH378114","20276504","20276786","39","16590083"
"KN296096v1","3707234","3707532","JH378113","8130758","8131059","41","4423524"
"KN296096v1","3712695","3712859","JH378118","27204207","27204366","24","23491512"
"KN296096v1","3738018","3738308","JH378108","42296533","42296820","34","38558515"
"KN296096v1","3873592","3873886","JH378131","18080937","18081235","37","14207345"
"KN296096v1","3876719","3877022","JH378126","21026752","21027059","31","17150033"
"KN296096v1","3937205","3937491","JH378105","3417808","3418095","38","519397"
"KN296097v1","139684","139979","JH378159","837474","837769","38","697790"
"KN296097v1","214391","214685","JH378167","11999264","11999558","40","11784873"
"KN296100v1","102393","102708","JH378106","60843849","60844159","38","60741456"
"KN296100v1","174457","174766","JH378135","12459514","12459825","40","12285057"
"KN296100v1","275035","275337","JH378111","16327122","16327424","36","16052087"
"KN296100v1","340438","340749","JH378151","14844192","14844489","54","14503754"
"KN296100v1","523040","523339","JH378236","2099707","2100007","51","1576667"
"KN296100v1","550383","550693","JH378126","21026752","21027059","31","20476369"
"KN296100v1","560984","561279","JH378137","17138846","17139141","28","16577862"
"KN296100v1","567546","567733","JH378242","5480373","5480564","34","4912827"
"KN296100v1","582062","582373","JH378140","6883086","6883394","45","6301024"
"KN296100v1","638463","638754","JH378151","8381511","8381803","32","7743048"
"KN296100v1","810058","810335","JH378177","6664715","6664994","41","5854657"
"KN296101v1","5221","5403","JH378223","3442693","3442883","25","3437472"
"KN296101v1","15222","15520","JH378296","1500608","1500907","30","1485386"
"KN296106v1","2","303","JH378136","12940075","12940381","109","12940073"
"KN296107v1","490","801","JH378148","3164823","3165131","40","3164333"
"KN296108v1","102708","102903","JH378105","59528195","59528393","22","59425487"
"KN296108v1","319366","319665","JH378130","7315282","7315582","33","6995916"
"KN296108v1","320338","320500","JH378132","7294174","7294335","24","6973836"
"KN296108v1","321643","321858","JH378132","11065443","11065661","29","10743800"
"KN296108v1","338172","338480","JH378113","6613006","6613316","42","6274834"
"KN296108v1","361252","361547","JH378153","3414728","3415029","39","3053476"
"KN296108v1","513332","513642","JH378107","29610844","29611154","31","29097512"
"KN296108v1","734006","734312","JH378106","33611471","33611778","34","32877465"
"KN296108v1","747895","748120","JH378106","2000001","2000219","37","1252106"
"KN296108v1","792361","792653","JH378191","6177328","6177618","33","5384967"
"KN296108v1","835103","835396","JH378107","2235751","2236046","36","1400648"
"KN296108v1","908045","908333","JH378139","16138586","16138868","34","15230541"
"KN296108v1","1064368","1064667","JH378110","10833476","10833772","37","9769108"
"KN296108v1","1066810","1067098","JH378106","3052818","3053105","33","1986008"
"KN296108v1","1375537","1375839","JH378119","26110026","26110331","33","24734489"
"KN296108v1","1388793","1389124","JH378213","4415237","4415570","44","3026444"
"KN296108v1","1497541","1497856","JH378112","21015725","21016036","36","19518184"
"KN296108v1","1507290","1507363","JH378206","26089","26160","10","1481201"
"KN296108v1","1619077","1619353","JH378323","366763","367038","51","1252314"
"KN296108v1","1619621","1619824","JH378137","2595693","2595888","51","976072"
"KN296108v1","1651137","1651427","JH378127","11653984","11654276","35","10002847"
"KN296108v1","1664417","1664705","JH378206","1272655","1272943","43","391762"
"KN296108v1","1670821","1671108","JH378119","28478826","28479111","46","26808005"
"KN296108v1","1760953","1761129","JH378153","12500981","12501157","20","10740028"
"KN296108v1","2059002","2059013","JH378189","7208291","7208302","4","5149289"
"KN296108v1","2059048","2059337","JH378139","9565692","9565973","42","7506644"
"KN296109v1","82460","82743","JH378110","17880643","17880926","36","17798183"
"KN296109v1","126698","126991","JH378182","3623832","3624120","33","3497134"
"KN296109v1","155851","156136","JH378206","526532","526820","34","370681"
"KN296109v1","158554","158852","JH378119","6124403","6124708","31","5965849"
"KN296109v1","178054","178141","JH378225","6225432","6225519","9","6047378"
"KN296109v1","234659","234968","JH378187","2906095","2906405","40","2671436"
"KN296109v1","244373","244667","JH378220","2537784","2538076","27","2293411"
"KN296109v1","251324","251612","JH378198","1596143","1596429","35","1344819"
"KN296109v1","298665","298966","JH378288","1088673","1088973","37","790008"
"KN296109v1","307387","307673","JH378119","14838049","14838335","36","14530662"
"KN296109v1","308969","309298","JH378147","8754861","8755184","53","8445892"
"KN296109v1","309762","310073","JH378139","18632207","18632516","39","18322445"
"KN296109v1","310688","310999","JH378139","18632207","18632516","39","18321519"
"KN296109v1","311677","311850","JH378145","14090132","14090305","24","13778455"
"KN296109v1","332845","333152","JH378116","11181268","11181574","37","10848423"
"KN296109v1","358497","358790","JH378151","8652626","8652916","32","8294129"
"KN296109v1","366466","366753","JH378113","16002843","16003137","38","15636377"
"KN296109v1","368786","369081","JH378144","18239514","18239805","30","17870728"
"KN296109v1","435777","436090","JH378180","7916803","7917112","40","7481026"
"KN296109v1","485827","486132","JH378158","8002135","8002443","35","7516308"
"KN296109v1","699937","700246","JH378205","4497688","4497989","39","3797751"
"KN296109v1","785652","785946","JH378130","23796726","23797029","47","23011074"
"KN296109v1","870706","871015","JH378119","21520974","21521287","36","20650268"
"KN296109v1","880858","881161","JH378118","25219581","25219882","26","24338723"
"KN296109v1","924622","924931","JH378172","9566909","9567221","31","8642287"
"KN296109v1","969060","969364","JH378197","7145768","7146073","32","6176708"
"KN296109v1","1153037","1153346","JH378126","23919556","23919859","47","22766519"
"KN296109v1","1243665","1243966","JH378123","22951568","22951868","41","21707903"
"KN296110v1","87507","87794","JH378151","14250183","14250461","46","14162676"
"KN296110v1","88810","89123","JH378255","1470097","1470408","35","1381287"
"KN296110v1","168577","168887","JH378111","25877936","25878244","40","25709359"
"KN296114v1","2918","3045","JH378162","4502313","4502439","23","4499395"
"KN296117v1","46894","47194","JH378113","14455819","14456118","33","14408925"
"KN296117v1","92593","92883","JH378113","3003708","3004001","34","2911115"
"KN296117v1","125831","126124","JH378117","37329066","37329362","41","37203235"
"KN296117v1","126390","126686","JH378111","27908368","27908667","34","27781978"
"KN296117v1","161305","161553","JH378213","4901803","4902050","32","4740498"
"KN296117v1","166196","166506","JH378296","1500608","1500907","42","1334412"
"KN296117v1","183011","183318","JH378171","7791816","7792128","41","7608805"
"KN296117v1","220072","220385","JH378126","23919556","23919859","47","23699484"
"KN296117v1","276452","276722","JH378171","184851","185116","42","91601"
"KN296117v1","279703","279994","JH378108","8168852","8169143","32","7889149"
"KN296117v1","286859","287169","JH378108","20599991","20600304","48","20313132"
"KN296117v1","289916","290218","JH378112","45152532","45152831","38","44862616"
"KN296117v1","294280","294590","JH378115","25041145","25041450","36","24746865"
"KN296117v1","312382","312489","JH378148","13704042","13704150","20","13391660"
"KN296117v1","312784","312863","JH378220","2173182","2173255","18","1860398"
"KN296117v1","318320","318627","JH378205","4497688","4497989","27","4179368"
"KN296117v1","320250","320553","JH378253","2385861","2386160","39","2065611"
"KN296117v1","326842","327146","JH378137","10096778","10097079","31","9769936"
"KN296117v1","335259","335550","JH378156","277373","277667","35","57886"
"KN296117v1","336530","336821","JH378163","13372336","13372629","31","13035806"
"KN296117v1","339764","340027","JH378203","6186181","6186453","47","5846417"
"KN296117v1","345575","345825","JH378151","8290347","8290596","33","7944772"
"KN296117v1","352092","352386","JH378245","749087","749382","49","396995"
"KN296117v1","355332","355629","JH378220","2784017","2784313","29","2428685"
"KN296117v1","366778","366951","JH378106","59484451","59484620","23","59117673"
"KN296117v1","367267","367401","JH378153","2127454","2127589","13","1760187"
"KN296117v1","462136","462426","JH378111","42787057","42787349","35","42324921"
"KN296117v1","500266","500579","JH378127","18482283","18482588","51","17982017"
"KN296117v1","534055","534347","JH378158","9080617","9080907","34","8546562"
"KN296117v1","614523","614832","JH378126","21026752","21027059","35","20412229"
"KN296117v1","623714","624015","JH378120","16327645","16327955","44","15703931"
"KN296117v1","681287","681445","JH378105","16504718","16504877","20","15823431"
"KN296118v1","2290","2597","JH378106","70986080","70986388","37","70983790"
"KN296118v1","91536","91842","JH378122","10686670","10686967","42","10595134"
"KN296118v1","114890","115202","JH378120","16327645","16327955","31","16212755"
"KN296118v1","125988","126272","JH378143","6961082","6961362","28","6835094"
"KN296118v1","127360","127666","JH378126","21026752","21027059","36","20899392"
"KN296119v1","106449","106758","JH378229","2791774","2792064","43","2685325"
"KN296119v1","274058","274352","JH378114","12072074","12072370","43","11798016"
"KN296119v1","378765","379070","JH378106","6434398","6434702","43","6055633"
"KN296119v1","406109","406404","JH378157","9676550","9676840","40","9270441"
"KN296119v1","511203","511376","JH378113","33275385","33275553","33","32764182"
"KN296119v1","524034","524250","JH378130","24379091","24379303","44","23855057"
"KN296119v1","526219","526310","JH378128","1789757","1789851","9","1263538"
"KN296119v1","638073","638375","JH378115","25570507","25570808","39","24932434"
"KN296119v1","748297","748600","JH378170","4783494","4783792","31","4035197"
"KN296119v1","758494","758822","JH378121","19342474","19342809","41","18583980"
"KN296119v1","770803","771110","JH378160","10359235","10359542","36","9588432"
"KN296119v1","798885","799192","JH378115","23201999","23202310","38","22403114"
"KN296119v1","873633","873931","JH378220","2784017","2784313","35","1910384"
"KN296119v1","883641","883937","JH378122","13169953","13170248","36","12286312"
"KN296119v1","939693","939999","JH378110","12146106","12146409","37","11206413"
"KN296119v1","940597","940870","JH378107","27056287","27056566","39","26115690"
"KN296119v1","986787","986963","JH378142","2923864","2924040","33","1937077"
"KN296119v1","1076217","1076474","JH378139","7760988","7761245","36","6684771"
"KN296119v1","1117652","1117973","JH378177","1165073","1165384","42","47421"
"KN296119v1","1117981","1118330","JH378225","938523","938846","71","179458"
"KN296119v1","1299136","1299435","JH378116","28869529","28869826","30","27570393"
"KN296119v1","1371465","1371759","JH378113","2213585","2213880","35","842120"
"KN296119v1","1378953","1379269","JH378149","15914810","15915120","56","14535857"
"KN296119v1","1384830","1385093","JH378129","11089455","11089718","34","9704625"
"KN296119v1","1439479","1439757","JH378224","3887674","3887953","36","2448195"
"KN296119v1","1446402","1446674","JH378145","8661625","8661899","35","7215223"
"KN296119v1","1448272","1448563","JH378151","8381511","8381803","33","6933239"
"KN296119v1","1497885","1498158","JH378149","5138581","5138857","36","3640696"
"KN296119v1","1503765","1504075","JH378115","25041145","25041450","36","23537380"
"KN296119v1","1727530","1727792","JH378108","7556300","7556566","43","5828770"
"KN296119v1","1798311","1798601","JH378157","9676550","9676840","28","7878239"
"KN296119v1","1867010","1867322","JH378124","11115297","11115604","42","9248287"
"KN296119v1","1873814","1874110","JH378113","14455819","14456118","28","12582005"
"KN296119v1","1883879","1884025","JH378149","10373163","10373310","12","8489284"
"KN296119v1","1892489","1892789","JH378151","4318339","4318636","42","2425850"
"KN296119v1","1945418","1945723","JH378107","7568037","7568336","35","5622619"
"KN296119v1","1971168","1971482","JH378129","118784","119095","44","1852384"
"KN296119v1","2013541","2013831","JH378109","49008845","49009136","47","46995304"
"KN296119v1","2025161","2025472","JH378126","21026752","21027059","31","19001591"
"KN296119v1","2063764","2064061","JH378291","2004017","2004316","38","59747"
"KN296119v1","2171229","2171539","JH378153","3305054","3305363","31","1133825"
"KN296119v1","2177036","2177327","JH378206","7025586","7025873","30","4848550"
"KN296119v1","2178335","2178645","JH378140","6883086","6883394","38","4704751"
"KN296119v1","2220900","2221207","JH378260","3599331","3599644","37","1378431"
"KN296119v1","2304365","2304658","JH378288","1088673","1088973","39","1215692"
"KN296119v1","2650964","2651273","JH378113","6613006","6613316","34","3962042"
"KN296119v1","2669967","2670269","JH378170","4783494","4783792","32","2113527"
"KN296119v1","2691224","2691524","JH378115","25570507","25570808","35","22879283"
"KN296119v1","2699158","2699309","JH378141","432727","432877","27","2266431"
"KN296119v1","2723449","2723616","JH378149","1317845","1318011","20","1405604"
"KN296119v1","2723925","2724044","JH378111","45242555","45242672","19","42518630"
"KN296119v1","2729800","2730096","JH378151","3515305","3515602","30","785505"
"KN296119v1","2798878","2799161","JH378111","5179519","5179801","44","2380641"
"KN296119v1","2825816","2825907","JH378129","7286472","7286567","14","4460656"
"KN296119v1","2890087","2890177","JH378309","1184351","1184438","10","1705736"
"KN296119v1","2894393","2894683","JH378186","5408622","5408919","43","2514229"
"KN296119v1","2909664","2909959","JH378115","28712376","28712673","30","25802712"
"KN296119v1","2942579","2942895","JH378114","29554109","29554423","41","26611530"
"KN296119v1","3057617","3057916","JH378139","16771918","16772214","30","13714301"
"KN296119v1","3120662","3120944","JH378163","13372336","13372629","41","10251674"
"KN296119v1","3147718","3148014","JH378153","7835306","7835604","33","4687588"
"KN296119v1","3279747","3279921","JH378267","3271426","3271599","25","8321"
"KN296119v1","3279964","3280083","JH378114","22838728","22838843","16","19558764"
"KN296119v1","3292928","3293235","JH378197","1499696","1500000","39","1793232"
"KN296119v1","3296615","3296910","JH378163","2667861","2668158","30","628754"
"KN296119v1","3307475","3307779","JH378116","22943305","22943613","44","19635830"
"KN296119v1","3311487","3311776","JH378107","57888255","57888550","31","54576768"
"KN296119v1","3315472","3315774","JH378120","16327645","16327955","35","13012173"
"KN296119v1","3354890","3355212","JH378115","35321013","35321323","52","31966123"
"KN296119v1","3362555","3362831","JH378246","562506","562779","38","2800049"
"KN296119v1","3376333","3376637","JH378115","25570507","25570808","38","22194174"
"KN296119v1","3388828","3389072","JH378119","28597739","28597991","51","25208911"
"KN296119v1","3408461","3408763","JH378110","19934311","19934616","33","16525850"
"KN296119v1","3427052","3427339","JH378124","6582196","6582486","42","3155144"
"KN296119v1","3428060","3428360","JH378115","25041145","25041450","36","21613085"
"KN296119v1","3449161","3449454","JH378108","29130566","29130860","35","25681405"
"KN296119v1","3450219","3450507","JH378108","32878225","32878514","39","29428006"
"KN296119v1","3476447","3476748","JH378293","1892833","1893133","37","1583614"
"KN296119v1","3477891","3478200","JH378136","1594394","1594705","42","1883497"
"KN296119v1","3484640","3484935","JH378109","49008845","49009136","43","45524205"
"KN296119v1","3504691","3505000","JH378126","21026752","21027059","36","17522061"
"KN296119v1","3537967","3538265","JH378274","762071","762368","46","2775896"
"KN296119v1","3550699","3550994","JH378160","11833922","11834221","44","8283223"
"KN296119v1","3570989","3571292","JH378113","38747849","38748159","65","35176860"
"KN296119v1","3586153","3586463","JH378137","460166","460475","39","3125987"
"KN296119v1","3650632","3650931","JH378113","3033963","3034260","34","616669"
"KN296119v1","3674010","3674306","JH378105","23332018","23332315","50","19658008"
"KN296119v1","3703176","3703477","JH378139","18955642","18955939","32","15252466"
"KN296119v1","3719183","3719342","JH378291","2073642","2073802","18","1645541"
"KN296119v1","3719649","3719782","JH378111","19156557","19156686","16","15436908"
"KN296119v1","3730335","3730622","JH378172","9340764","9341047","42","5610429"
"KN296119v1","3833005","3833303","JH378190","3577662","3577961","33","255343"
"KN296119v1","3934025","3934339","JH378150","10126172","10126487","53","6192147"
"KN296119v1","3971240","3971535","JH378123","138100","138395","43","3833140"
"KN296119v1","3972890","3973191","JH378140","5467227","5467523","37","1494337"
"KN296119v1","3984692","3985004","JH378126","21026752","21027059","32","17042060"
"KN296119v1","4163757","4164069","JH378119","13124882","13125196","48","8961125"
"KN296119v1","4184724","4185026","JH378107","32029619","32029921","37","27844895"
"KN296119v1","4203204","4203383","JH378122","373412","373589","31","3829792"
"KN296119v1","4320588","4320832","JH378125","7358700","7358942","27","3038112"
"KN296119v1","4353480","4353775","JH378163","2667861","2668158","39","1685619"
"KN296119v1","4432214","4432527","JH378139","1159515","1159824","43","3272699"
"KN296119v1","4439174","4439425","JH378151","8290347","8290596","29","3851173"
"KN296119v1","4459355","4459648","JH378107","57888255","57888550","37","53428900"
"KN296119v1","4463776","4464056","JH378238","4530794","4531075","41","67018"
"KN296119v1","4526817","4527128","JH378165","5178810","5179119","43","651993"
"KN296119v1","4591103","4591394","JH378125","15163351","15163641","37","10572248"
"KN296119v1","4627142","4627443","JH378220","2784017","2784313","37","1843125"
"KN296119v1","4764401","4764705","JH378238","5036706","5037010","33","272305"
"KN296119v1","4842952","4843027","JH378112","13315382","13315456","9","8472430"
"KN296119v1","4860768","4861082","JH378120","16327645","16327955","37","11466877"
"KN296119v1","4885214","4885513","JH378109","13656058","13656355","32","8770844"
"KN296119v1","4945332","4945632","JH378107","29610844","29611154","33","24665512"
"KN296119v1","4946760","4947053","JH378122","29527139","29527433","39","24580379"
"KN296119v1","4980985","4981063","JH378134","18656517","18656595","9","13675532"
"KN296119v1","5037348","5037645","JH378137","17138846","17139141","32","12101498"
"KN296119v1","5046423","5046719","JH378236","733320","733615","36","4313103"
"KN296119v1","5057454","5057748","JH378313","973182","973481","35","4084272"
"KN296119v1","5117831","5118128","JH378220","2784017","2784313","30","2333814"
"KN296119v1","5184214","5184466","JH378182","349180","349433","38","4835034"
"KN296119v1","5200357","5200657","JH378188","7203102","7203396","31","2002745"
"KN296119v1","5207719","5208017","JH378115","26561420","26561711","35","21353701"
"KN296119v1","5246178","5246478","JH378122","10686670","10686967","34","5440492"
"KN296119v1","5252998","5253302","JH378119","6124403","6124708","44","871405"
"KN296119v1","5255778","5255940","JH378197","7256913","7257070","19","2001135"
"KN296119v1","5255974","5256062","JH378124","13966949","13967021","29","8710975"
"KN296119v1","5266352","5266639","JH378166","10151387","10151672","41","4885035"
"KN296119v1","5284774","5285085","JH378126","21026752","21027059","32","15741978"
"KN296119v1","5358397","5358693","JH378122","7899624","7899919","33","2541227"
"KN296119v1","5392075","5392371","JH378106","6434398","6434702","37","1042323"
"KN296119v1","5400118","5400412","JH378106","70190586","70190881","34","64790468"
"KN296119v1","5410465","5410760","JH378127","15614693","15614986","31","10204228"
"KN296119v1","5425655","5425954","JH378265","2263256","2263553","33","3162399"
"KN296119v1","5427970","5428282","JH378178","6686940","6687251","37","1258970"
"KN296119v1","5462952","5463264","JH378127","12775619","12775924","39","7312667"
"KN296119v1","5472065","5472196","JH378125","5876028","5876160","18","403963"
"KN296119v1","5483009","5483302","JH378106","17756548","17756839","43","12273539"
"KN296119v1","5501267","5501555","JH378239","4541808","4542096","36","959459"
"KN296119v1","5545281","5545550","JH378167","7211252","7211528","36","1665971"
"KN296119v1","5545602","5545897","JH378232","3226239","3226529","51","2319363"
"KN296119v1","5553393","5553694","JH378156","2578741","2579050","54","2974652"
"KN296119v1","5556803","5557105","JH378223","258417","258711","42","5298386"
"KN296119v1","5568083","5568380","JH378204","2935067","2935361","30","2633016"
"KN296119v1","5568806","5569119","JH378140","7338564","7338875","35","1769758"
"KN296119v1","5573810","5574106","JH378110","29088795","29089091","29","23514985"
"KN296119v1","5590812","5591102","JH378106","3052818","3053105","37","2537994"
"KN296119v1","5611904","5612131","JH378115","36965114","36965334","32","31353210"
"KN296119v1","5696208","5696519","JH378131","11021571","11021878","33","5325363"
"KN296119v1","5737228","5737516","JH378223","3693475","3693763","31","2043753"
"KN296119v1","5793007","5793282","JH378258","3633020","3633299","33","2159987"
"KN296119v1","5798707","5799013","JH378152","14025021","14025330","40","8226314"
"KN296119v1","5825002","5825315","JH378107","29610844","29611154","42","23785842"
"KN296119v1","5918136","5918429","JH378185","1253216","1253508","33","4664920"
"KN296119v1","6053765","6054060","JH378137","3566786","3567084","41","2486979"
"KN296119v1","6071135","6071393","JH378185","2056716","2056968","46","4014419"
"KN296119v1","6239906","6240179","JH378127","15601533","15601804","40","9361627"
"KN296119v1","6252591","6252902","JH378115","25570507","25570808","41","19317916"
"KN296119v1","6305661","6305959","JH378108","29130566","29130860","37","22824905"
"KN296119v1","6337975","6338199","JH378107","4949311","4949533","27","1388664"
"KN296119v1","6447075","6447379","JH378234","3390426","3390721","72","3056649"
"KN296119v1","6451406","6451706","JH378173","9055905","9056209","36","2604499"
"KN296120v1","72591","72877","JH378284","239562","239856","36","166971"
"KN296122v1","12127","12427","JH378108","1472065","1472357","42","1459938"
"KN296122v1","13033","13343","JH378169","8512624","8512935","40","8499591"
"KN296122v1","28417","28537","JH378109","26075943","26076062","18","26047526"
"KN296122v1","51715","52026","JH378144","4944998","4945309","40","4893283"
"KN296122v1","69820","69895","JH378117","15758782","15758856","11","15688962"
"KN296122v1","82893","83203","JH378204","2247445","2247754","38","2164552"
"KN296122v1","84833","85125","JH378181","2251325","2251621","44","2166492"
"KN296122v1","140804","141077","JH378279","102782","103056","31","38022"
"KN296122v1","151328","151590","JH378239","3973899","3974162","31","3822571"
"KN296122v1","203452","203687","JH378201","7319002","7319229","33","7115550"
"KN296122v1","212185","212496","JH378126","21026752","21027059","38","20814567"
"KN296122v1","214478","214770","JH378205","1125216","1125513","31","910738"
"KN296122v1","227127","227431","JH378206","4086994","4087300","43","3859867"
"KN296122v1","238825","239133","JH378126","21026752","21027059","35","20787927"
"KN296122v1","243493","243747","JH378118","34492570","34492829","34","34249077"
"KN296122v1","282198","282501","JH378220","6347403","6347704","30","6065205"
"KN296122v1","348883","349157","JH378217","4789623","4789898","52","4440740"
"KN296122v1","355401","355734","JH378108","3099967","3100286","62","2744566"
"KN296122v1","367166","367325","JH378114","42160515","42160674","21","41793349"
"KN296122v1","390041","390342","JH378228","5509057","5509356","36","5119016"
"KN296122v1","405972","406275","JH378134","16027314","16027618","36","15621342"
"KN296122v1","413334","413640","JH378216","4224502","4224803","35","3811168"
"KN296122v1","414401","414678","JH378151","16523870","16524149","43","16109469"
"KN296122v1","431562","431828","JH378232","235224","235495","38","196338"
"KN296122v1","438805","439110","JH378184","418760","419059","39","20045"
"KN296122v1","448248","448560","JH378252","1972441","1972751","32","1524193"
"KN296122v1","471048","471317","JH378212","4383515","4383791","49","3912467"
"KN296122v1","500591","500751","JH378137","17897841","17898006","36","17397250"
"KN296122v1","510199","510504","JH378220","2635516","2635824","36","2125317"
"KN296122v1","528700","528998","JH378111","42466412","42466713","34","41937712"
"KN296122v1","529625","529925","JH378111","42466412","42466713","34","41936787"
"KN296122v1","554375","554664","JH378126","12853746","12854038","39","12299371"
"KN296122v1","561486","561780","JH378190","5105203","5105498","31","4543717"
"KN296122v1","570406","570704","JH378149","731929","732226","37","161523"
"KN296128v1","67078","67223","JH378245","3552713","3552859","24","3485635"
"KN296128v1","114307","114610","JH378152","15994237","15994545","39","15879930"
"KN296131v1","2211","2520","JH378151","17063304","17063610","48","17061093"
"KN296131v1","11225","11516","JH378128","4865898","4866189","37","4854673"
"KN296131v1","11519","11776","JH378136","221828","222092","56","210309"
"KN296131v1","14897","15210","JH378119","14525310","14525617","38","14510413"
"KN296133v1","45700","46011","JH378141","16136077","16136388","41","16090377"
"KN296133v1","59687","59991","JH378149","11057149","11057455","35","10997462"
"KN296133v1","219311","219610","JH378137","8481628","8481927","32","8262317"
"KN296133v1","267820","268130","JH378108","43842538","43842851","47","43574718"
"KN296134v1","32365","32598","JH378158","13279710","13279942","44","13247345"
"KN296138v1","2360","2647","JH378127","10187134","10187424","37","10184774"
"KN296138v1","4243","4542","JH378246","139105","139404","29","134862"
"KN296138v1","18125","18437","JH378140","7286247","7286560","38","7268122"
"KN296138v1","20331","20636","JH378107","7568037","7568336","34","7547706"
"KN296138v1","39283","39407","JH378110","37991102","37991226","23","37951819"
"KN296138v1","46209","46506","JH378166","10938214","10938513","38","10892005"
"KN296138v1","48791","49097","JH378115","25570507","25570808","39","25521716"
"KN296138v1","67650","67944","JH378122","14172918","14173207","44","14105268"
"KN296138v1","75681","75996","JH378136","15913818","15914126","46","15838137"
"KN296138v1","85230","85522","JH378288","2257077","2257368","31","2171847"
"KN296138v1","86637","86951","JH378176","8157064","8157374","40","8070427"
"KN296138v1","101186","101488","JH378288","1088673","1088973","33","987487"
"KN296138v1","110672","110988","JH378320","58622","58932","44","52050"
"KN296138v1","114641","114951","JH378235","3053133","3053438","39","2938492"
"KN296138v1","123265","123571","JH378130","237288","237587","47","114023"
"KN296138v1","170835","171127","JH378122","29867810","29868101","30","29696975"
"KN296138v1","189413","189709","JH378115","28712376","28712673","34","28522963"
"KN296138v1","197906","198182","JH378279","102782","103056","36","95124"
"KN296138v1","203163","203379","JH378181","3478545","3478761","28","3275382"
"KN296138v1","350573","350871","JH378170","4783494","4783792","42","4432921"
"KN296138v1","375730","376033","JH378220","2784017","2784313","42","2408287"
"KN296138v1","386615","386827","JH378108","43522087","43522297","28","43135472"
"KN296138v1","401512","401812","JH378146","4343142","4343436","41","3941630"
"KN296138v1","425815","426112","JH378107","7568037","7568336","32","7142222"
"KN296138v1","429691","429976","JH378105","59937562","59937849","42","59507871"
"KN296138v1","432730","433020","JH378167","8547558","8547847","36","8114828"
"KN296138v1","433075","433371","JH378137","2684720","2685017","38","2251645"
"KN296138v1","527079","527385","JH378171","1296326","1296622","39","769247"
"KN296138v1","533013","533307","JH378139","15119668","15119965","30","14586655"
"KN296138v1","580533","580703","JH378113","32219902","32220070","22","31639369"
"KN296139v1","18539","18816","JH378115","14283522","14283794","33","14264983"
"KN296139v1","30932","31247","JH378110","19934311","19934616","37","19903379"
"KN296139v1","47402","47703","JH378124","15582898","15583197","35","15535496"
"KN296139v1","122768","123058","JH378293","1120828","1121107","47","998060"
"KN296139v1","127279","127597","JH378262","2811987","2812297","51","2684708"
"KN296139v1","132655","132954","JH378113","6692573","6692881","42","6559918"
"KN296139v1","142258","142555","JH378177","2852055","2852350","40","2709797"
"KN296139v1","152284","152572","JH378105","64086625","64086912","37","63934341"
"KN296139v1","159238","159523","JH378114","40920211","40920493","36","40760973"
"KN296139v1","160947","161233","JH378199","696303","696583","41","535356"
"KN296139v1","188170","188476","JH378197","7145768","7146073","31","6957598"
"KN296139v1","204622","204753","JH378125","18562581","18562712","11","18357959"
"KN296139v1","264752","265053","JH378119","11179406","11179710","39","10914654"
"KN296139v1","283362","283661","JH378220","2784017","2784313","43","2500655"
"KN296139v1","322199","322503","JH378130","1202684","1202989","37","880485"
"KN296139v1","352145","352433","JH378157","9676550","9676840","37","9324405"
"KN296139v1","374645","374943","JH378228","5616886","5617184","36","5242241"
"KN296139v1","386775","387078","JH378185","1841930","1842234","30","1455155"
"KN296140v1","488587","488892","JH378137","14554585","14554893","35","14065998"
"KN296140v1","578947","579253","JH378224","627724","628031","43","48777"
"KN296140v1","678930","679213","JH378115","32019990","32020269","51","31341060"
"KN296141v1","19768","20092","JH378167","1146181","1146486","60","1126413"
"KN296142v1","6592","6898","JH378106","70986080","70986388","33","70979488"
"KN296142v1","7606","7905","JH378113","14455819","14456118","37","14448213"
"KN296142v1","39495","39796","JH378126","21026752","21027059","41","20987257"
"KN296142v1","286560","286835","JH378134","16278207","16278478","41","15991647"
"KN296142v1","299905","300189","JH378145","2733878","2734174","42","2433973"
"KN296142v1","418145","418444","JH378139","15235758","15236059","39","14817613"
"KN296142v1","451597","451908","JH378113","6199734","6200044","40","5748137"
"KN296142v1","463370","463679","JH378264","2773729","2774039","36","2310359"
"KN296144v1","7158","7468","JH378187","8189967","8190269","38","8182809"
"KN296144v1","11440","11766","JH378113","2775307","2775599","92","2763867"
"KN296144v1","11771","12071","JH378107","57888255","57888550","38","57876484"
"KN296144v1","16877","17214","JH378260","2282137","2282463","62","2265260"
"KN296144v1","24927","25098","JH378202","1082757","1082928","21","1057830"
"KN296144v1","31427","31725","JH378252","1272655","1272952","43","1241228"
"KN296145v1","34209","34500","JH378163","13372336","13372629","36","13338127"
"KN296145v1","460112","460409","JH378220","2784017","2784313","39","2323905"
"KN296145v1","566236","566546","JH378119","6124403","6124708","37","5558167"
"KN296145v1","570911","571149","JH378138","7449873","7450120","50","6878962"
"KN296145v1","675768","676059","JH378105","21630016","21630306","34","20954248"
"KN296145v1","676780","676941","JH378143","9403570","9403733","36","8726790"
"KN296145v1","679513","679815","JH378113","14455819","14456118","46","13776306"
"KN296145v1","695475","695772","JH378126","21026752","21027059","36","20331277"
"KN296145v1","713656","713956","JH378117","16015355","16015659","33","15301699"
"KN296145v1","754096","754244","JH378107","18799227","18799379","29","18045131"
"KN296145v1","790538","790626","JH378257","3625776","3625865","11","2835238"
"KN296145v1","797564","797861","JH378267","1189848","1190147","37","392284"
"KN296145v1","808015","808309","JH378110","30105498","30105791","33","29297483"
"KN296145v1","862744","863033","JH378151","15551938","15552226","36","14689194"
"KN296145v1","884084","884426","JH378171","2272683","2273020","57","1388599"
"KN296145v1","903963","904261","JH378253","1561250","1561553","39","657287"
"KN296145v1","936760","937056","JH378114","36976328","36976626","34","36039568"
"KN296145v1","959689","959970","JH378327","121222","121511","51","838467"
"KN296145v1","1097923","1098207","JH378206","4776878","4777171","40","3678955"
"KN296145v1","1123801","1124104","JH378170","4783494","4783792","45","3659693"
"KN296145v1","1298155","1298460","JH378264","2773729","2774039","42","1475574"
"KN296145v1","1377678","1377986","JH378166","1276502","1276806","38","101176"
"KN296145v1","1702379","1702479","JH378123","21202690","21202791","16","19500311"
"KN296145v1","1868186","1868483","JH378204","2935067","2935361","38","1066881"
"KN296145v1","2037983","2038291","JH378105","140732","141039","49","1897251"
"KN296145v1","2044265","2044573","JH378126","21026752","21027059","41","18982487"
"KN296145v1","2069974","2070145","JH378111","33936559","33936732","23","31866585"
"KN296145v1","2209975","2210235","JH378237","5778173","5778441","40","3568198"
"KN296145v1","2214022","2214313","JH378194","2390312","2390602","35","176290"
"KN296145v1","2362242","2362545","JH378110","19934311","19934616","35","17572069"
"KN296145v1","2367256","2367533","JH378157","10090839","10091119","40","7723583"
"KN296145v1","2383881","2384161","JH378185","3905370","3905654","43","1521489"
"KN296145v1","2394047","2394354","JH378126","21026752","21027059","30","18632705"
"KN296145v1","2422425","2422736","JH378200","964993","965303","38","1457432"
"KN296145v1","2439675","2439967","JH378121","29566176","29566469","28","27126501"
"KN296145v1","2461762","2462066","JH378113","6692573","6692881","34","4230811"
"KN296145v1","2492293","2492604","JH378112","21015725","21016036","31","18523432"
"KN296145v1","2510538","2510854","JH378113","5414426","5414740","39","2903888"
"KN296145v1","2549235","2549524","JH378108","1472065","1472357","35","1077170"
"KN296145v1","2606823","2607128","JH378197","1499696","1500000","37","1107127"
"KN296145v1","2616968","2617264","JH378107","1656497","1656793","38","960471"
"KN296145v1","2650424","2650722","JH378265","2263256","2263553","41","387168"
"KN296145v1","2665888","2666199","JH378232","5283842","5284150","30","2617954"
"KN296145v1","2670774","2671082","JH378114","7122925","7123229","40","4452151"
"KN296145v1","2672523","2672815","JH378106","8294885","8295176","37","5622362"
"KN296145v1","2737440","2737743","JH378126","21026752","21027059","39","18289312"
"KN296145v1","2819371","2819679","JH378188","6597911","6598218","41","3778540"
"KN296145v1","2919981","2920271","JH378206","6600635","6600925","39","3680654"
"KN296145v1","2984963","2985273","JH378113","24179649","24179958","34","21194686"
"KN296145v1","3024835","3025144","JH378106","60843849","60844159","38","57819014"
"KN296145v1","3045581","3045877","JH378170","4783494","4783792","33","1737913"
"KN296145v1","3195961","3196059","JH378126","24115264","24115364","9","20919303"
"KN296145v1","3208514","3208818","JH378171","6181069","6181379","35","2972555"
"KN296145v1","3248364","3248584","JH378281","1858828","1859045","29","1389536"
"KN296145v1","3317673","3317915","JH378223","4629372","4629613","35","1311699"
"KN296145v1","3337095","3337211","JH378156","8924160","8924279","15","5587065"
"KN296145v1","3337522","3337696","JH378162","462342","462511","26","2875180"
"KN296145v1","3361683","3361982","JH378152","12269160","12269459","32","8907477"
"KN296145v1","3394857","3395139","JH378117","33656285","33656572","34","30261428"
"KN296145v1","3426802","3427099","JH378113","14455819","14456118","35","11029017"
"KN296145v1","3457621","3457911","JH378106","3052818","3053105","40","404803"
"KN296145v1","3802757","3803101","JH378170","5034168","5034484","69","1231411"
"KN296146v1","6681","6989","JH378235","3053133","3053438","36","3046452"
"KN296146v1","11806","12115","JH378110","19934311","19934616","42","19922505"
"KN296146v1","15176","15449","JH378183","5085328","5085606","45","5070152"
"KN296146v1","21072","21370","JH378403","29093","29393","34","8021"
"KN296146v1","24983","25150","JH378220","6470411","6470593","27","6445428"
"KN296146v1","31029","31333","JH378126","21026752","21027059","46","20995723"
"KN296146v1","33029","33314","JH378148","1780564","1780854","47","1747535"
"KN296146v1","33315","33644","JH378116","23743619","23743938","45","23710304"
"KN296146v1","44842","45103","JH378167","4065683","4065938","39","4020841"
"KN296146v1","48566","48843","JH378140","13734939","13735227","46","13686373"
"KN296146v1","48869","48883","JH378149","1403733","1403749","5","1354864"
"KN296146v1","49048","49396","JH378121","16380436","16380774","44","16331388"
"KN296146v1","50492","50779","JH378246","2154157","2154450","38","2103665"
"KN296146v1","54145","54439","JH378115","25041145","25041450","48","24987000"
"KN296146v1","58931","59230","JH378173","4155896","4156193","34","4096965"
"KN296146v1","83020","83322","JH378111","20603266","20603567","34","20520246"
"KN296146v1","85727","86037","JH378127","20885536","20885841","40","20799809"
"KN296146v1","88146","88412","JH378105","35665534","35665817","41","35577388"
"KN296146v1","89774","90023","JH378153","10380000","10380247","38","10290226"
"KN296146v1","130175","130265","JH378320","664277","664366","11","534102"
"KN296146v1","166918","167236","JH378115","26640201","26640508","50","26473283"
"KN296146v1","172715","173021","JH378124","5815996","5816302","47","5643281"
"KN296146v1","200086","200372","JH378163","8341900","8342184","43","8141814"
"KN296146v1","201505","201674","JH378129","5440738","5440908","20","5239233"
"KN296146v1","204154","204236","JH378135","1264115","1264194","7","1059961"
"KN296146v1","223685","223980","JH378114","7122925","7123229","37","6899240"
"KN296146v1","232785","233083","JH378151","14844192","14844489","31","14611407"
"KN296146v1","234470","234762","JH378122","13599043","13599334","41","13364573"
"KN296146v1","246848","247152","JH378265","2263256","2263553","37","2016408"
"KN296146v1","256641","256949","JH378115","25570507","25570808","40","25313866"
"KN296146v1","265297","265589","JH378141","15903477","15903768","34","15638180"
"KN296146v1","270695","270987","JH378139","16259084","16259375","29","15988389"
"KN296146v1","273453","273757","JH378159","5493568","5493869","34","5220115"
"KN296146v1","275169","275475","JH378206","6984481","6984785","33","6709312"
"KN296146v1","291616","291921","JH378115","34859185","34859494","42","34567569"
"KN296146v1","307799","308082","JH378177","6664715","6664994","35","6356916"
"KN296146v1","308789","309084","JH378142","5865502","5865800","35","5556713"
"KN296146v1","311032","311323","JH378105","55077609","55077900","29","54766577"
"KN296146v1","340808","341115","JH378105","51661095","51661389","44","51320287"
"KN296146v1","341116","341290","JH378123","19843272","19843441","21","19502156"
"KN296146v1","350434","350730","JH378110","31575602","31575901","39","31225168"
"KN296146v1","361934","362245","JH378124","10897522","10897826","37","10535588"
"KN296146v1","370101","370394","JH378241","5492398","5492696","34","5122297"
"KN296146v1","382273","382605","JH378111","20051056","20051398","74","19668783"
"KN296146v1","398761","399054","JH378110","6292408","6292702","49","5893647"
"KN296146v1","402604","402880","JH378166","6871955","6872219","46","6469351"
"KN296146v1","406576","406893","JH378157","13533865","13534172","35","13127289"
"KN296146v1","407718","408030","JH378117","28687216","28687517","41","28279498"
"KN296146v1","409986","410299","JH378120","16327645","16327955","41","15917659"
"KN296147v1","112273","112554","JH378114","29675067","29675349","42","29562794"
"KN296148v1","39800","40078","JH378106","40681909","40682181","41","40642109"
"KN296148v1","89833","90136","JH378225","735487","735791","41","645654"
"KN296153v1","3126","3257","JH378107","57231024","57231155","12","57227898"
"KN296153v1","31470","31802","JH378260","2282137","2282463","44","2250667"
"KN296153v1","50057","50348","JH378107","57325483","57325775","49","57275426"
"KN296153v1","73470","73764","JH378228","5509057","5509356","36","5435587"
"KN296153v1","87903","88205","JH378213","4745577","4745870","42","4657674"
"KN296153v1","100044","100352","JH378107","7568037","7568336","41","7467993"
"KN296153v1","108488","108790","JH378117","6067095","6067395","37","5958607"
"KN296153v1","144630","144933","JH378218","1444881","1445185","42","1300251"
"KN296153v1","180455","180739","JH378126","11198637","11198921","32","11018182"
"KN296153v1","202843","203148","JH378125","15893280","15893581","33","15690437"
"KN296153v1","218679","218979","JH378227","2397988","2398285","45","2179309"
"KN296153v1","225375","225688","JH378123","22693589","22693897","48","22468214"
"KN296153v1","226457","226759","JH378135","4490591","4490892","38","4264134"
"KN296153v1","236180","236289","JH378127","21073149","21073257","13","20836969"
"KN296153v1","241360","241670","JH378139","1159515","1159824","42","918155"
"KN296153v1","246478","246787","JH378126","21026752","21027059","34","20780274"
"KN296153v1","249742","249914","JH378141","10559987","10560160","21","10310245"
"KN296153v1","253462","253759","JH378107","2235751","2236046","41","1982289"
"KN296153v1","260408","260720","JH378178","6686940","6687251","34","6426532"
"KN296153v1","264666","264752","JH378138","2838738","2838824","12","2574072"
"KN296153v1","265800","265893","JH378128","5803666","5803760","18","5537866"
"KN296153v1","331268","331583","JH378112","39007012","39007339","51","38675744"
"KN296153v1","361531","361843","JH378118","24374217","24374525","46","24012686"
"KN296153v1","369696","370000","JH378179","1841978","1842282","31","1472282"
"KN296153v1","373383","373689","JH378126","21026752","21027059","36","20653369"
"KN296153v1","376764","377051","JH378106","70190586","70190881","31","69813822"
"KN296153v1","395328","395633","JH378170","4783494","4783792","42","4388166"
"KN296153v1","423664","423838","JH378151","1390656","1390826","22","966992"
"KN296153v1","424145","424223","JH378268","2777444","2777521","12","2353299"
"KN296153v1","438353","438368","JH378189","7208291","7208302","6","6769938"
"KN296153v1","438648","438751","JH378107","46542937","46543040","20","46104289"
"KN296153v1","466806","467091","JH378139","16259084","16259375","49","15792278"
"KN296153v1","475049","475103","JH378113","4238157","4238211","5","3763108"
"KN296153v1","476803","476940","JH378123","11618393","11618525","21","11141590"
"KN296153v1","480859","481143","JH378139","16138586","16138868","35","15657727"
"KN296153v1","482773","483084","JH378115","26640201","26640508","35","26157428"
"KN296153v1","487863","488158","JH378170","4783494","4783792","31","4295631"
"KN296153v1","520277","520573","JH378151","4449518","4449816","53","3929241"
"KN296153v1","521245","521525","JH378111","15610165","15610446","37","15088920"
"KN296153v1","605910","606207","JH378146","15827373","15827672","36","15221463"
"KN296153v1","662607","662895","JH378142","12979191","12979481","28","12316584"
"KN296153v1","721878","722175","JH378110","36105190","36105479","39","35383312"
"KN296153v1","733468","733607","JH378166","13297978","13298126","28","12564510"
"KN296153v1","733929","734071","JH378332","106688","106832","18","627241"
"KN296153v1","797331","797635","JH378115","25570507","25570808","48","24773176"
"KN296153v1","808376","808599","JH378107","4949311","4949533","23","4140935"
"KN296153v1","842569","842894","JH378239","1428043","1428345","53","585474"
"KN296153v1","880829","881123","JH378108","29130566","29130860","29","28249737"
"KN296153v1","933204","933516","JH378320","58622","58932","35","874582"
"KN296153v1","975971","976274","JH378125","16001713","16002013","39","15025742"
"KN296153v1","1021379","1021669","JH378170","4783494","4783792","28","3762115"
"KN296153v1","1088365","1088681","JH378126","21026752","21027059","35","19938387"
"KN296153v1","1128275","1128538","JH378302","1610506","1610765","49","482231"
"KN296153v1","1149403","1149706","JH378114","37036188","37036491","34","35886785"
"KN296153v1","1163876","1164201","JH378120","16327645","16327955","59","15163769"
"KN296153v1","1166268","1166561","JH378124","15582898","15583197","41","14416630"
"KN296153v1","1168926","1169056","JH378137","16178972","16179100","17","15010046"
"KN296153v1","1173382","1173689","JH378108","17949913","17950223","33","16776531"
"KN296153v1","1188333","1188621","JH378170","4783494","4783792","31","3595161"
"KN296153v1","1240773","1241058","JH378173","7753219","7753510","41","6512446"
"KN296153v1","1265349","1265626","JH378137","17271511","17271797","41","16006162"
"KN296153v1","1330224","1330534","JH378320","58622","58932","44","1271602"
"KN296153v1","1347533","1347839","JH378178","6686940","6687251","46","5339407"
"KN296153v1","1379928","1380212","JH378265","3288819","3289108","41","1908891"
"KN296153v1","1410242","1410542","JH378166","9829459","9829758","40","8419217"
"KN296153v1","1425258","1425536","JH378112","33308108","33308373","65","31882850"
"KN296153v1","1456482","1456793","JH378239","3940828","3941139","37","2484346"
"KN296153v1","1482430","1482680","JH378214","2321819","2322057","61","839389"
"KN296153v1","1667192","1667492","JH378151","4318339","4318636","37","2651147"
"KN296153v1","1682068","1682341","JH378111","12128675","12128948","36","10446607"
"KN296153v1","1686422","1686587","AGCE01149740","1081","1246","15","1685341"
"KN296153v1","1690856","1691129","JH378137","8662035","8662316","34","6971179"
"KN296153v1","1705409","1705699","JH378144","6119720","6120009","45","4414311"
"KN296153v1","1888332","1888631","JH378255","1560098","1560402","41","328234"
"KN296153v1","1900075","1900294","JH378108","33569101","33569324","46","31669026"
"KN296153v1","1920425","1920719","JH378137","7407944","7408236","40","5487519"
"KN296153v1","1968825","1969129","JH378158","3522926","3523235","42","1554101"
"KN296153v1","1979127","1979421","JH378121","29566176","29566469","37","27587049"
"KN296153v1","1984920","1985247","JH378113","23430583","23430911","51","21445663"
"KN296153v1","1991339","1991606","JH378123","11613806","11614072","37","9622467"
"KN296153v1","1992396","1992561","JH378108","45330665","45330828","18","43338269"
"KN296153v1","1999362","1999415","JH378216","5433922","5433981","15","3434560"
"KN296153v1","2015062","2015357","JH378115","30726071","30726366","36","28711009"
"KN296153v1","2022631","2022895","JH378123","11613806","11614072","40","9591175"
"KN296153v1","2025953","2026264","JH378172","9566909","9567221","32","7540956"
"KN296153v1","2032640","2032945","JH378288","1088673","1088973","32","943967"
"KN296153v1","2037475","2037776","JH378197","7145768","7146073","39","5108293"
"KN296153v1","2039444","2039744","JH378151","4318339","4318636","31","2278895"
"KN296153v1","2042010","2042288","JH378115","17153051","17153333","31","15111041"
"KN296153v1","2045255","2045557","JH378220","2784017","2784313","39","738762"
"KN296153v1","2063146","2063434","JH378122","10829384","10829667","36","8766238"
"KN296153v1","2063470","2063488","JH378149","1403733","1403749","7","659737"
"KN296153v1","2073477","2073610","JH378129","3567484","3567613","16","1494007"
"KN296153v1","2073919","2074098","JH378124","6636924","6637108","35","4563005"
"KN296153v1","2085841","2086134","JH378225","2598144","2598437","44","512303"
"KN296153v1","2086856","2087152","JH378137","8481628","8481927","38","6394772"
"KN296153v1","2087564","2087694","JH378319","890047","890177","14","1197517"
"KN296153v1","2108544","2108827","JH378105","36618017","36618297","37","34509473"
"KN296153v1","2120260","2120571","JH378158","8002135","8002443","37","5881875"
"KN296153v1","2133458","2133639","JH378134","16679190","16679369","36","14545732"
"KN296153v1","2142278","2142578","JH378108","2687428","2687729","37","545150"
"KN296153v1","2142839","2142923","JH378197","4164856","4164939","14","2022017"
"KN296153v1","2143393","2143477","JH378197","4164856","4164939","14","2021463"
"KN296153v1","2164029","2164320","JH378135","3624002","3624295","30","1459973"
"KN296153v1","2168033","2168344","JH378112","33214699","33215012","24","31046666"
"KN296153v1","2170406","2170696","JH378142","12979191","12979481","35","10808785"
"KN296153v1","2226636","2226943","JH378193","8050857","8051160","30","5824221"
"KN296153v1","2259598","2259902","JH378320","58622","58932","35","2200976"
"KN296153v1","2272552","2272729","JH378123","3791830","3792006","23","1519278"
"KN296153v1","2315180","2315406","JH378106","28178051","28178276","37","25862871"
"KN296153v1","2335701","2335948","JH378213","4901803","4902050","32","2566102"
"KN296153v1","2355015","2355308","JH378202","563797","564090","34","1791218"
"KN296153v1","2421300","2421495","JH378272","2571123","2571311","36","149823"
"KN296153v1","2426375","2426504","JH378176","2090969","2091098","12","335406"
"KN296153v1","2453065","2453355","JH378259","1588163","1588448","46","864902"
"KN296153v1","2465273","2465455","JH378158","3118652","3118835","19","653379"
"KN296153v1","2490040","2490336","JH378137","18706406","18706704","31","16216366"
"KN296153v1","2504587","2504889","JH378105","16730626","16730926","39","14226039"
"KN296153v1","2553561","2553888","JH378117","37631560","37631871","57","35077999"
"KN296153v1","2570403","2570688","JH378127","10291336","10291619","36","7720933"
"KN296153v1","2589881","2590192","JH378107","8340859","8341167","38","5750978"
"KN296153v1","2601324","2601635","JH378167","5351158","5351469","35","2749834"
"KN296153v1","2623863","2624180","JH378177","2495760","2496067","45","128103"
"KN296153v1","2629991","2630269","JH378140","14073854","14074132","35","11443863"
"KN296153v1","2659784","2660047","JH378106","70483264","70483525","38","67823480"
"KN296153v1","2670845","2671082","JH378145","2527450","2527683","32","143395"
"KN296153v1","2671912","2672222","JH378114","36976328","36976626","42","34304416"
"KN296153v1","2690200","2690506","JH378269","2772961","2773274","38","82761"
"KN296153v1","2707789","2708098","JH378120","16327645","16327955","33","13619856"
"KN296153v1","2741053","2741244","JH378150","15651350","15651542","30","12910297"
"KN296153v1","2741553","2741669","JH378116","24052629","24052743","11","21311076"
"KN296153v1","2756829","2756977","JH378167","7863276","7863412","42","5106447"
"KN296153v1","2756978","2757120","JH378123","86614","86749","25","2670364"
"KN296153v1","2757433","2757612","JH378107","6322168","6322343","28","3564735"
"KN296153v1","2757613","2757789","JH378111","19459972","19460145","29","16702359"
"KN296153v1","2757806","2757974","JH378235","668861","669027","27","2088945"
"KN296153v1","2762627","2762938","JH378117","25564574","25564883","39","22801947"
"KN296153v1","2775732","2776039","JH378206","6984481","6984785","37","4208749"
"KN296153v1","2790473","2790764","JH378144","5748370","5748662","31","2957897"
"KN296153v1","2839025","2839323","JH378106","6434398","6434702","36","3595373"
"KN296153v1","2847950","2848256","JH378225","6457829","6458137","37","3609879"
"KN296153v1","2848503","2848790","JH378111","42787057","42787349","36","39938554"
"KN296153v1","2850857","2851168","JH378105","48710833","48711143","34","45859976"
"KN296153v1","2852050","2852345","JH378139","5014522","5014816","45","2162472"
"KN296153v1","2854461","2854597","JH378106","68102896","68103031","15","65248435"
"KN296153v1","2854908","2855076","JH378110","4132113","4132277","29","1277205"
"KN296153v1","2866874","2867168","JH378122","6511121","6511412","43","3644247"
"KN296153v1","2901005","2901306","JH378142","1232339","1232638","38","1668666"
"KN296153v1","2921032","2921331","JH378236","1792168","1792464","38","1128864"
"KN296153v1","2929609","2929922","JH378115","34859185","34859494","42","31929576"
"KN296153v1","2931867","2932163","JH378125","15893280","15893581","34","12961413"
"KN296153v1","2936649","2936942","JH378198","6294233","6294526","42","3357584"
"KN296153v1","2942693","2942825","JH378116","22176533","22176665","14","19233840"
"KN296153v1","2977530","2977829","JH378173","5963095","5963395","39","2985565"
"KN296153v1","2985203","2985506","JH378114","40953423","40953722","41","37968220"
"KN296153v1","2992731","2993025","JH378204","2935067","2935361","34","57664"
"KN296153v1","3020418","3020750","JH378119","26380105","26380421","50","23359687"
"KN296153v1","3062328","3062623","JH378110","38574281","38574582","46","35511953"
"KN296153v1","3131410","3131721","JH378152","11654622","11654934","47","8523212"
"KN296153v1","3133228","3133482","JH378141","17672145","17672390","42","14538917"
"KN296153v1","3152700","3152880","JH378116","27430908","27431082","27","24278208"
"KN296153v1","3153141","3153272","JH378114","10909052","10909180","16","7755911"
"KN296153v1","3188457","3188754","JH378139","16259084","16259375","40","13070627"
"KN296153v1","3201101","3201403","JH378108","54706929","54707230","39","51505828"
"KN296153v1","3205568","3205685","JH378179","9947169","9947291","21","6741601"
"KN296153v1","3340671","3340982","JH378140","2471602","2471886","64","869069"
"KN296153v1","3341696","3341882","JH378165","10045648","10045827","30","6703952"
"KN296153v1","3349899","3350228","JH378108","45119645","45119973","51","41769746"
"KN296153v1","3356170","3356470","JH378255","1560098","1560402","34","1796072"
"KN296153v1","3408565","3408859","JH378216","4224502","4224803","37","815937"
"KN296153v1","3452506","3452636","JH378137","16178972","16179100","16","12726466"
"KN296153v1","3522627","3522914","JH378157","4983187","4983472","38","1460560"
"KN296153v1","3528005","3528312","JH378255","253618","253923","38","3274387"
"KN296153v1","3651255","3651566","JH378125","15446716","15447020","43","11795461"
"KN296153v1","3658612","3658924","JH378165","5178810","5179119","42","1520198"
"KN296153v1","3668908","3669220","JH378118","4661774","4662076","37","992866"
"KN296153v1","3701817","3702129","JH378156","6226028","6226337","36","2524211"
"KN296153v1","3729893","3730182","JH378105","70683132","70683421","30","66953239"
"KN296153v1","3758637","3758919","JH378232","4042277","4042560","38","283640"
"KN296153v1","3761790","3761870","JH378110","35014134","35014217","12","31252344"
"KN296153v1","3853915","3854213","JH378149","539268","539562","28","3314647"
"KN296153v1","3867099","3867392","JH378135","16316910","16317204","30","12449811"
"KN296153v1","3873040","3873344","JH378255","1560098","1560402","37","2312942"
"KN296153v1","3888500","3888804","JH378107","1656497","1656793","40","2232003"
"KN296153v1","3892083","3892392","JH378170","2297588","2297899","34","1594495"
"KN296153v1","3893750","3894046","JH378124","15582898","15583197","33","11689148"
"KN296153v1","3905999","3906291","JH378117","16012668","16012962","36","12106669"
"KN296153v1","3944962","3945257","JH378121","2034349","2034644","33","1910613"
"KN296153v1","3952015","3952318","JH378125","19027324","19027621","39","15075309"
"KN296153v1","3990779","3990897","JH378138","2923880","2923993","25","1066899"
"KN296153v1","4000570","4000669","JH378196","499612","499711","9","3500958"
"KN296153v1","4004001","4004312","JH378116","22943305","22943613","43","18939304"
"KN296153v1","4005314","4005588","JH378137","19451754","19452018","38","15446440"
"KN296153v1","4012187","4012498","JH378111","26701569","26701879","35","22689382"
"KN296153v1","4014563","4014764","JH378145","12498214","12498417","28","8483651"
"KN296153v1","4019404","4019717","JH378126","21026752","21027059","36","17007348"
"KN296153v1","4025794","4026086","JH378204","2566234","2566530","50","1459560"
"KN296153v1","4026854","4027145","JH378216","7124506","7124797","37","3097652"
"KN296153v1","4027214","4027347","JH378201","6266159","6266280","20","2238945"
"KN296153v1","4031695","4031995","JH378116","9935107","9935410","40","5903412"
"KN296153v1","4035755","4036077","JH378126","21026752","21027059","45","16990997"
"KN296153v1","4054752","4055060","JH378126","21026752","21027059","34","16972000"
"KN296153v1","4059405","4059720","JH378113","2978602","2978923","49","1080803"
"KN296153v1","4077494","4077802","JH378105","34779223","34779523","35","30701729"
"KN296153v1","4122429","4122729","JH378157","5629461","5629758","37","1507032"
"KN296153v1","4124480","4124743","JH378190","5024527","5024790","36","900047"
"KN296153v1","4125308","4125609","JH378108","30731255","30731558","33","26605947"
"KN296153v1","4126243","4126544","JH378173","4155896","4156193","33","29653"
"KN296153v1","4130752","4131064","JH378139","1159515","1159824","43","2971237"
"KN296153v1","4132165","4132276","JH378105","57384364","57384487","22","53252199"
"KN296153v1","4135422","4135555","JH378115","30678513","30678646","19","26543091"
"KN296153v1","4135863","4136020","JH378112","17682473","17682630","23","13546610"
"KN296153v1","4165660","4165959","JH378199","8449177","8449476","46","4283517"
"KN296153v1","4170651","4170940","JH378153","7392982","7393269","38","3222331"
"KN296153v1","4203884","4204211","JH378201","2330007","2330341","51","1873877"
"KN296153v1","4211918","4212214","JH378170","4783494","4783792","32","571576"
"KN296153v1","4214122","4214418","JH378133","22138850","22139145","34","17924728"
"KN296154v1","99791","100082","JH378110","36851661","36851959","50","36751870"
"KN296154v1","224888","225039","JH378155","9117186","9117339","23","8892298"
"KN296154v1","225069","225189","JH378105","22256570","22256690","15","22031501"
"KN296154v1","277967","278280","JH378107","55230026","55230339","42","54952059"
"KN296154v1","331647","331779","JH378111","19624854","19624984","15","19293207"
"KN296154v1","413937","414055","JH378206","5897773","5897892","20","5483836"
"KN296154v1","414084","414256","JH378113","32219902","32220070","21","31805818"
"KN296154v1","446169","446448","JH378128","3724414","3724694","38","3278245"
"KN296154v1","596879","597073","JH378232","420548","420740","24","176331"
"KN296154v1","809429","809687","JH378139","7760988","7761245","40","6951559"
"KN296154v1","860758","861046","JH378226","5394956","5395241","35","4534198"
"KN296154v1","1049181","1049494","JH378119","17145949","17146255","46","16096768"
"KN296154v1","1115345","1115657","JH378147","12443857","12444168","38","11328512"
"KN296154v1","1234847","1235156","JH378111","6278167","6278475","41","5043320"
"KN296154v1","1261867","1262171","JH378288","1088673","1088973","36","173194"
"KN296154v1","1264746","1265051","JH378139","19692709","19693015","35","18427963"
"KN296154v1","1657881","1658163","JH378248","4497281","4497562","42","2839400"
"KN296154v1","1714627","1714902","JH378224","3887674","3887953","37","2173047"
"KN296154v1","1779171","1779457","JH378157","9676550","9676840","42","7897379"
"KN296154v1","1873737","1874044","JH378235","1381290","1381589","42","492447"
"KN296154v1","2222184","2222488","JH378145","2733878","2734174","34","511694"
"KN296154v1","2376455","2376587","JH378107","49967108","49967240","15","47590653"
"KN296154v1","2425839","2426087","JH378265","3311193","3311426","40","885354"
"KN296154v1","2439477","2439779","JH378138","5380451","5380753","35","2940974"
"KN296154v1","2502462","2502771","JH378115","16925265","16925575","36","14422803"
"KN296154v1","2523835","2524122","JH378106","20731374","20731649","50","18207539"
"KN296154v1","2565571","2565861","JH378108","30731255","30731558","39","28165684"
"KN296154v1","2577371","2577690","JH378140","7338564","7338875","38","4761193"
"KN296154v1","2589372","2589646","JH378116","37411022","37411298","42","34821650"
"KN296154v1","2624266","2624567","JH378113","5116740","5117037","39","2492474"
"KN296154v1","2773657","2773952","JH378111","33976148","33976441","42","31202491"
"KN296154v1","2842682","2842985","JH378109","15216032","15216336","41","12373350"
"KN296154v1","2863548","2863858","JH378197","5076882","5077187","36","2213334"
"KN296154v1","2896768","2896953","JH378248","781252","781433","28","2115516"
"KN296154v1","2960477","2960784","JH378138","5964426","5964732","42","3003949"
"KN296154v1","2995574","2995854","JH378139","16259084","16259375","36","13263510"
"KN296154v1","3102448","3102747","JH378118","10671427","10671722","33","7568979"
"KN296154v1","3129039","3129248","JH378157","6935049","6935250","43","3806010"
"KN296154v1","3375881","3376190","JH378106","60843849","60844159","36","57467968"
"KN296154v1","3411093","3411229","JH378269","2316674","2316811","17","1094419"
"KN296154v1","3411517","3411711","JH378204","6050593","6050779","39","2639076"
"KN296154v1","3445807","3446113","JH378119","24000989","24001298","40","20555182"
"KN296154v1","3562630","3562925","JH378184","443270","443568","40","3119360"
"KN296154v1","3566200","3566528","JH378167","5351158","5351469","48","1784958"
"KN296154v1","3745963","3746259","JH378170","4928933","4929230","34","1182970"
"KN296154v1","3827783","3827961","JH378133","6693891","6694063","34","2866108"
"KN296157v1","258318","258622","JH378130","7315282","7315582","41","7056964"
"KN296157v1","525322","525625","JH378236","2099707","2100007","40","1574385"
"KN296157v1","818857","819157","JH378108","20625679","20625975","36","19806822"
"KN296157v1","969847","970117","JH378193","3248833","3249099","37","2278986"
"KN296157v1","1064411","1064710","JH378170","4783494","4783792","29","3719083"
"KN296157v1","1097770","1098066","JH378108","23280248","23280545","44","22182478"
"KN296157v1","1116317","1116615","JH378115","28712376","28712673","41","27596059"
"KN296157v1","1134923","1135220","JH378151","4318339","4318636","26","3183416"
"KN296157v1","1145904","1146196","JH378110","35346778","35347079","36","34200874"
"KN296157v1","1151075","1151344","JH378255","943829","944096","30","207246"
"KN296157v1","1188876","1189159","JH378106","8577573","8577851","38","7388697"
"KN296157v1","1190719","1191012","JH378177","5626830","5627119","41","4436111"
"KN296157v1","1194982","1195291","JH378115","23201999","23202310","40","22007017"
"KN296157v1","1220974","1221278","JH378108","30731255","30731558","49","29510281"
"KN296157v1","1240481","1240787","JH378106","1705581","1705889","38","465100"
"KN296157v1","1253075","1253378","JH378119","6124403","6124708","44","4871328"
"KN296157v1","1358653","1358934","JH378105","36618017","36618297","42","35259364"
"KN296157v1","1370872","1371135","JH378143","8621971","8622229","41","7251099"
"KN296157v1","1383560","1383849","JH378242","97287","97580","45","1286273"
"KN296157v1","1401902","1402195","JH378121","29566176","29566469","35","28164274"
"KN296157v1","1445364","1445662","JH378127","9058620","9058921","45","7613256"
"KN296157v1","1494171","1494482","JH378148","12255931","12256243","41","10761760"
"KN296157v1","1551781","1552085","JH378117","25564574","25564883","32","24012793"
"KN296157v1","1571738","1572054","JH378117","18772137","18772447","38","17200399"
"KN296157v1","1630252","1630557","JH378126","21026752","21027059","43","19396500"
"KN296157v1","1709946","1710256","JH378223","4747795","4748100","40","3037849"
"KN296157v1","1745412","1745702","JH378167","8547558","8547847","40","6802146"
"KN296157v1","1755895","1756173","JH378106","3052818","3053105","47","1296923"
"KN296157v1","1804694","1804995","JH378142","2685720","2686017","40","881026"
"KN296157v1","1860093","1860402","JH378126","21026752","21027059","34","19166659"
"KN296157v1","1919784","1920098","JH378113","6692573","6692881","40","4772789"
"KN296157v1","1945425","1945727","JH378106","1592796","1593096","33","352629"
"KN296157v1","1960045","1960353","JH378172","9566909","9567221","34","7606864"
"KN296157v1","1978779","1979071","JH378121","29566176","29566469","31","27587397"
"KN296157v1","2018443","2018739","JH378272","801428","801724","34","1217015"
"KN296157v1","2019700","2020000","JH378153","6959025","6959323","36","4939325"
"KN296157v1","2023913","2024204","JH378121","29566176","29566469","41","27542263"
"KN296157v1","2040507","2040828","JH378114","3574860","3575169","43","1534353"
"KN296157v1","2055142","2055450","JH378127","9701383","9701690","41","7646241"
"KN296157v1","2085175","2085343","JH378184","5372802","5372943","47","3287627"
"KN296157v1","2085680","2085994","JH378110","10948707","10949015","38","8863027"
"KN296157v1","2091268","2091388","JH378131","9411996","9412100","30","7320728"
"KN296157v1","2095350","2095646","JH378228","5509057","5509356","32","3413707"
"KN296157v1","2146272","2146566","JH378121","29566176","29566469","44","27419904"
"KN296157v1","2161156","2161456","JH378114","37036188","37036491","40","34875032"
"KN296157v1","2165773","2165997","JH378205","5570290","5570515","27","3404517"
"KN296157v1","2225397","2225678","JH378129","22144489","22144771","33","19919092"
"KN296157v1","2242430","2242723","JH378173","4155896","4156193","36","1913466"
"KN296157v1","2273290","2273590","JH378122","5482330","5482631","41","3209040"
"KN296157v1","2297372","2297667","JH378151","3515305","3515602","30","1217933"
"KN296157v1","2381534","2381740","JH378183","1500001","1500208","34","881533"
"KN296157v1","2449924","2450241","JH378137","4012884","4013190","66","1562960"
"KN296157v1","2844810","2845059","JH378137","4591290","4591536","36","1746480"
"KN296157v1","3071295","3071582","JH378212","4849938","4850224","35","1778643"
"KN296157v1","3085813","3086105","JH378293","2045148","2045440","31","1040665"
"KN296157v1","3102733","3102958","JH378162","10693070","10693295","28","7590337"
"KN296157v1","3106268","3106575","JH378212","3466037","3466347","47","359769"
"KN296157v1","3129350","3129642","JH378179","10756347","10756638","40","7626997"
"KN296157v1","3131541","3131836","JH378321","896363","896656","36","2235178"
"KN296157v1","3177734","3178044","JH378115","34859185","34859494","33","31681451"
"KN296157v1","3212395","3212703","JH378142","13182207","13182520","38","9969812"
"KN296157v1","3232653","3232929","JH378116","33740056","33740330","33","30507403"
"KN296157v1","3238275","3238565","JH378107","46644724","46645015","40","43406449"
"KN296157v1","3311346","3311509","JH378137","2600103","2600266","23","711243"
"KN296157v1","3429103","3429409","JH378193","5034246","5034548","49","1605143"
"KN296157v1","3471731","3471961","JH378145","2527450","2527683","27","944281"
"KN296157v1","3518896","3519220","JH378144","5269394","5269728","53","1750498"
"KN296157v1","3626220","3626500","JH378149","5138581","5138857","38","1512361"
"KN296157v1","3801119","3801431","JH378171","6181069","6181379","33","2379950"
"KN296157v1","3889037","3889350","JH378127","18736923","18737233","47","14847886"
"KN296157v1","3922917","3923217","JH378156","9025997","9026292","46","5103080"
"KN296157v1","3977616","3977898","JH378111","19524517","19524801","42","15546901"
"KN296157v1","4035551","4035841","JH378137","17138846","17139141","32","13103295"
"KN296157v1","4076057","4076354","JH378106","6434398","6434702","31","2358341"
"KN296157v1","4089289","4089471","JH378153","14837931","14838114","22","10748642"
"KN296157v1","4137819","4138111","JH378205","5080625","5080919","30","942806"
"KN296157v1","4153915","4154201","JH378137","4144145","4144429","34","9770"
"KN296157v1","4488389","4488692","JH378115","25570507","25570808","33","21082118"
"KN296157v1","4774437","4774726","JH378249","1345697","1345982","38","3428740"
"KN296158v1","28281","28583","JH378156","4637568","4637871","43","4609287"
"KN296158v1","33950","34237","JH378144","5748370","5748662","37","5714420"
"KN296158v1","132588","132902","JH378165","5178810","5179119","43","5046222"
"KN296158v1","133746","134053","JH378126","21026752","21027059","36","20893006"
"KN296158v1","146348","146656","JH378114","42074769","42075069","59","41928421"
"KN296158v1","167017","167324","JH378257","2204800","2205108","32","2037783"
"KN296158v1","184312","184615","JH378197","7145768","7146073","36","6961456"
"KN296158v1","184618","184904","JH378178","9348507","9348789","36","9163889"
"KN296158v1","196886","197180","JH378151","8381511","8381803","41","8184625"
"KN296158v1","203122","203421","JH378110","13331178","13331472","35","13128056"
"KN296158v1","212458","212747","JH378139","16259084","16259375","48","16046626"
"KN296158v1","215656","215897","JH378161","6630340","6630587","31","6414684"
"KN296158v1","217367","217656","JH378108","54651268","54651558","32","54433901"
"KN296158v1","221604","221886","JH378110","38738418","38738702","39","38516814"
"KN296158v1","243061","243353","JH378106","21811810","21812105","40","21568749"
"KN296158v1","320157","320467","JH378116","11181268","11181574","39","10861111"
"KN296158v1","388521","388824","JH378111","32787449","32787755","33","32398928"
"KN296158v1","452118","452349","JH378248","3726807","3727042","41","3274689"
"KN296158v1","625406","625720","JH378137","4012884","4013190","41","3387478"
"KN296158v1","670214","670526","JH378264","2773729","2774039","37","2103515"
"KN296158v1","729723","730023","JH378123","21196984","21197286","40","20467261"
"KN296158v1","841217","841516","JH378170","4783494","4783792","43","3942277"
"KN296158v1","1124214","1124509","JH378117","24258354","24258650","37","23134140"
"KN296158v1","1139049","1139352","JH378142","4298733","4299032","32","3159684"
"KN296158v1","1283287","1283561","JH378197","1421270","1421558","47","137983"
"KN296158v1","1294307","1294603","JH378211","2363770","2364063","33","1069463"
"KN296158v1","1294863","1295144","JH378224","3887674","3887953","36","2592811"
"KN296158v1","1304349","1304663","JH378167","5351158","5351469","35","4046809"
"KN296158v1","1352866","1353154","JH378106","8294885","8295176","32","6942019"
"KN296158v1","1356056","1356364","JH378126","21026752","21027059","29","19670696"
"KN296158v1","1374338","1374613","JH378157","7681863","7682144","41","6307525"
"KN296158v1","1393544","1393847","JH378137","14554585","14554893","35","13161041"
"KN296158v1","1417506","1417673","JH378113","32219902","32220070","28","30802396"
"KN296158v1","1436545","1436754","JH378257","3462638","3462864","40","2026093"
"KN296158v1","1443105","1443416","JH378129","3141791","3142100","36","1698686"
"KN296158v1","1453560","1453850","JH378109","52148","52435","35","1401412"
"KN296158v1","1468191","1468321","JH378137","16178972","16179100","15","14710781"
"KN296158v1","1481137","1481451","JH378106","70986080","70986388","38","69504943"
"KN296158v1","1483088","1483345","JH378105","22104742","22104991","47","20621654"
"KN296158v1","1502104","1502405","JH378133","22138850","22139145","37","20636746"
"KN296158v1","1510787","1511095","JH378114","21061266","21061576","36","19550479"
"KN296158v1","1545373","1545710","JH378213","3976910","3977242","36","2431537"
"KN296158v1","1558427","1558740","JH378251","3695377","3695681","41","2136950"
"KN296158v1","1559668","1559936","JH378108","24030056","24030319","42","22470388"
"KN296158v1","1567900","1568208","JH378262","456547","456851","40","1111353"
"KN296158v1","1571745","1572027","JH378115","16519060","16519341","32","14947315"
"KN296158v1","1591731","1592022","JH378133","11041682","11041966","40","9449951"
"KN296158v1","1593387","1593697","JH378119","6124403","6124708","35","4531016"
"KN296158v1","1603143","1603439","JH378141","11024023","11024316","35","9420880"
"KN296158v1","1604930","1605238","JH378129","12520646","12520955","38","10915716"
"KN296158v1","1608410","1608720","JH378175","7061237","7061546","31","5452827"
"KN296158v1","1640171","1640476","JH378171","6181069","6181379","46","4540898"
"KN296158v1","1644543","1644854","JH378170","8002947","8003234","57","6358404"
"KN296158v1","1663300","1663601","JH378136","7677923","7678227","38","6014623"
"KN296158v1","1705320","1705629","JH378153","3305054","3305363","37","1599734"
"KN296158v1","1707462","1707768","JH378126","21026752","21027059","28","19319290"
"KN296158v1","1719390","1719698","JH378126","21026752","21027059","33","19307362"
"KN296158v1","1720612","1720912","JH378170","4783494","4783792","33","3062882"
"KN296158v1","1733249","1733541","JH378169","3247221","3247500","48","1513972"
"KN296160v1","913","1197","JH378177","6664715","6664994","34","6663802"
"KN296161v1","20121","20431","JH378119","6124403","6124708","33","6104282"
"KN296161v1","415039","415343","JH378178","1717736","1718040","35","1302697"
"KN296161v1","454812","455127","JH378236","764232","764550","58","309420"
"KN296161v1","484990","485307","JH378204","2665841","2666145","57","2180851"
"KN296161v1","905397","905575","JH378115","25551526","25551704","28","24646129"
"KN296161v1","1018610","1018908","JH378124","15582898","15583197","39","14564288"
"KN296161v1","1027894","1028175","JH378234","250587","250869","41","777307"
"KN296161v1","1227279","1227585","JH378214","2749240","2749548","42","1521961"
"KN296162v1","62535","62833","JH378151","4318339","4318636","26","4255804"
"KN296162v1","73802","74098","JH378220","2784017","2784313","37","2710215"
"KN296162v1","194785","195092","JH378208","3614542","3614848","35","3419757"
"KN296162v1","449476","449778","JH378124","15582898","15583197","43","15133422"
"KN296162v1","562745","563055","JH378145","10647108","10647417","36","10084363"
"KN296162v1","604350","604645","JH378117","24258354","24258650","30","23654004"
"KN296163v1","4607","4895","JH378216","5614489","5614775","44","5609882"
"KN296166v1","90681","90960","JH378238","4707023","4707305","36","4616342"
"KN296167v1","57311","57610","JH378130","7315282","7315582","34","7257971"
"KN296167v1","278633","278884","JH378130","465748","466000","38","187115"
"KN296167v1","315770","316077","JH378264","2773729","2774039","35","2457959"
"KN296167v1","319509","319798","JH378173","3726868","3727155","31","3407359"
"KN296167v1","322701","323002","JH378108","30731255","30731558","38","30408554"
"KN296167v1","356517","356827","JH378114","37036188","37036491","44","36679671"
"KN296167v1","374954","375253","JH378119","11538542","11538840","33","11163588"
"KN296167v1","378793","378901","JH378151","4757254","4757361","15","4378461"
"KN296167v1","383370","383461","JH378144","13004267","13004358","17","12620897"
"KN296167v1","383575","383869","JH378137","17093543","17093840","31","16709968"
"KN296167v1","387930","388225","JH378107","57315990","57316289","37","56928060"
"KN296167v1","394384","394695","JH378279","1785224","1785536","41","1390840"
"KN296167v1","399365","399658","JH378121","29566176","29566469","27","29166811"
"KN296167v1","405218","405512","JH378113","14455819","14456118","28","14050601"
"KN296167v1","405848","406134","JH378232","5491126","5491418","41","5085278"
"KN296167v1","410326","410566","JH378105","12774722","12774966","40","12364396"
"KN296167v1","439848","440141","JH378125","4727308","4727603","43","4287460"
"KN296167v1","467293","467590","JH378118","14672286","14672583","37","14204993"
"KN296167v1","483585","483878","JH378197","4021191","4021484","32","3537606"
"KN296167v1","483993","484290","JH378201","6909498","6909788","46","6425505"
"KN296167v1","484735","484987","JH378193","7906466","7906718","30","7421731"
"KN296167v1","526665","526957","JH378144","7235841","7236134","26","6709176"
"KN296167v1","539465","539760","JH378139","2748251","2748546","43","2208786"
"KN296167v1","560041","560172","JH378180","815630","815761","13","255589"
"KN296167v1","687113","687402","JH378157","9676550","9676840","34","8989437"
"KN296167v1","723515","723791","JH378220","6938134","6938409","42","6214619"
"KN296167v1","725431","725710","JH378122","9601054","9601329","46","8875623"
"KN296167v1","764253","764550","JH378107","58093837","58094140","45","57329584"
"KN296167v1","849399","849680","JH378118","12914553","12914834","33","12065154"
"KN296167v1","849707","849733","JH378105","31065877","31065908","11","30216170"
"KN296167v1","953537","953796","JH378167","9534568","9534835","35","8581031"
"KN296167v1","1252550","1252857","JH378173","6589712","6590015","40","5337162"
"KN296167v1","1544218","1544482","JH378132","12466741","12467004","34","10922523"
"KN296167v1","1579044","1579306","JH378115","21425911","21426162","46","19846867"
"KN296167v1","1679081","1679380","JH378288","674738","675036","45","1004343"
"KN296167v1","1688473","1688597","JH378207","7753050","7753170","24","6064577"
"KN296167v1","1688893","1688991","JH378118","23859706","23859797","28","22170813"
"KN296172v1","3935","4235","JH378206","4086994","4087300","36","4083059"
"KN296172v1","4244","4560","JH378229","4120796","4121104","34","4116552"
"KN296174v1","17010","17241","JH378198","2363451","2363683","42","2346441"
"KN296174v1","51837","51963","JH378137","16178972","16179100","16","16127135"
"KN296174v1","55239","55554","JH378129","10258595","10258896","48","10203356"
"KN296174v1","90391","90590","JH378236","1916739","1916945","27","1826348"
"KN296174v1","197667","197974","JH378167","5351158","5351469","33","5153491"
"KN296174v1","208628","208925","JH378107","49473760","49474052","38","49265132"
"KN296174v1","476105","476413","JH378115","34859185","34859494","41","34383080"
"KN296175v1","71631","71940","JH378120","24470507","24470819","39","24398876"
"KN296175v1","165222","165515","JH378144","5748370","5748662","38","5583148"
"KN296176v1","145808","146106","JH378125","16001713","16002013","39","15855905"
"KN296176v1","220385","220598","JH378151","645312","645524","27","424927"
"KN296176v1","422525","422832","JH378107","7568037","7568336","46","7145512"
"KN296176v1","509812","510103","JH378106","69239155","69239449","34","68729343"
"KN296176v1","534012","534306","JH378176","9716970","9717264","33","9182958"
"KN296176v1","550167","550453","JH378198","1596143","1596429","34","1045976"
"KN296176v1","656579","656878","JH378108","30731255","30731558","32","30074676"
"KN296176v1","666419","666729","JH378126","21026752","21027059","35","20360333"
"KN296176v1","702930","703228","JH378113","14455819","14456118","34","13752889"
"KN296176v1","751123","751409","JH378111","19524517","19524801","43","18773394"
"KN296178v1","42616","42917","JH378149","4766604","4766904","39","4723988"
"KN296178v1","189302","189606","JH378127","19491153","19491454","40","19301851"
"KN296178v1","209996","210291","JH378199","7593197","7593494","41","7383201"
"KN296178v1","246937","247249","JH378140","6883086","6883394","38","6636149"
"KN296178v1","332168","332465","JH378170","4783494","4783792","33","4451326"
"KN296178v1","353217","353389","JH378214","4423935","4424107","21","4070718"
"KN296178v1","451302","451604","JH378271","1329150","1329448","32","877848"
"KN296178v1","587237","587538","JH378171","136461","136759","40","450776"
"KN296178v1","625206","625524","JH378187","2906095","2906405","46","2280889"
"KN296178v1","658923","659226","JH378127","22238831","22239131","45","21579908"
"KN296178v1","661247","661539","JH378151","8381511","8381803","36","7720264"
"KN296178v1","680023","680278","JH378152","16208515","16208770","31","15528492"
"KN296178v1","702553","702862","JH378197","7145768","7146073","33","6443215"
"KN296178v1","798403","798696","JH378106","6929866","6930160","37","6131463"
"KN296178v1","839648","839959","JH378110","12146106","12146409","45","11306458"
"KN296178v1","841749","842051","JH378127","9058620","9058921","38","8216871"
"KN296178v1","861759","862069","JH378243","2457465","2457771","40","1595706"
"KN296178v1","907557","907866","JH378214","2749240","2749548","38","1841683"
"KN296178v1","971017","971322","JH378149","3565481","3565785","38","2594464"
"KN296178v1","1006971","1007241","JH378113","22032085","22032346","42","21025114"
"KN296180v1","39114","39389","JH378321","737708","737984","37","698594"
"KN296180v1","57290","57501","JH378130","21321987","21322197","31","21264697"
"KN296180v1","458194","458485","JH378121","29566176","29566469","39","29107982"
"KN296180v1","465390","465676","JH378110","21091267","21091545","39","20625877"
"KN296180v1","474809","475108","JH378109","52148","52435","39","422661"
"KN296180v1","481316","481550","AGCE01149076","3","241","34","481313"
"KN296180v1","483579","483858","JH378129","11457553","11457829","43","10973974"
"KN296180v1","507293","507551","JH378160","13598594","13598854","32","13091301"
"KN296180v1","510920","511232","JH378171","6181069","6181379","41","5670149"
"KN296180v1","514348","514437","JH378144","13004267","13004358","16","12489919"
"KN296180v1","516818","517109","JH378116","133775","134066","43","383043"
"KN296180v1","527974","528283","JH378125","15893280","15893581","49","15365306"
"KN296180v1","535091","535395","JH378197","7145768","7146073","38","6610677"
"KN296180v1","537474","537782","JH378111","32787449","32787755","38","32249975"
"KN296180v1","537930","538223","JH378107","7568037","7568336","36","7030107"
"KN296180v1","544131","544437","JH378126","21026752","21027059","27","20482621"
"KN296180v1","548210","548425","JH378167","12328925","12329139","25","11780715"
"KN296180v1","548943","549144","JH378114","29679314","29679517","27","29130371"
"KN296180v1","554374","554683","JH378153","3611566","3611877","38","3057192"
"KN296180v1","560221","560547","JH378270","1687791","1688124","50","1127570"
"KN296180v1","562260","562561","JH378273","1211735","1212038","36","649475"
"KN296180v1","565710","566024","JH378135","3149477","3149786","35","2583767"
"KN296180v1","569169","569248","JH378111","42814643","42814719","12","42245474"
"KN296180v1","583254","583436","JH378108","33484107","33484291","33","32900853"
"KN296180v1","583749","583875","JH378197","4415015","4415140","15","3831266"
"KN296180v1","593480","593770","JH378106","1255495","1255784","35","662015"
"KN296180v1","598159","598457","JH378121","28319189","28319488","43","27721030"
"KN296180v1","614316","614406","JH378125","5308706","5308792","9","4694390"
"KN296180v1","628988","629288","JH378152","14032156","14032458","34","13403168"
"KN296180v1","697429","697734","JH378206","4086994","4087300","34","3389565"
"KN296180v1","737560","737866","JH378229","4120796","4121104","30","3383236"
"KN296180v1","775991","776294","JH378115","25570507","25570808","32","24794516"
"KN296180v1","821465","821793","JH378106","58959424","58959754","42","58137959"
"KN296180v1","868247","868545","JH378186","5408622","5408919","42","4540375"
"KN296180v1","1037325","1037635","JH378157","11279720","11280030","34","10242395"
"KN296180v1","1105911","1106191","JH378110","35445538","35445820","34","34339627"
"KN296180v1","1305783","1306103","JH378195","643512","643820","47","662271"
"KN296180v1","1390665","1390978","JH378112","33214699","33215012","41","31824034"
"KN296180v1","1409208","1409504","JH378246","2154157","2154450","39","744949"
"KN296180v1","1447598","1447876","JH378106","3293285","3293560","36","1845687"
"KN296180v1","1661414","1661705","JH378135","3624002","3624295","37","1962588"
"KN296180v1","1699179","1699468","JH378204","3730682","3730973","37","2031503"
"KN296180v1","1749639","1749952","JH378164","10217165","10217476","35","8467526"
"KN296180v1","1962500","1962807","JH378191","7042765","7043061","53","5080265"
"KN296180v1","1975857","1976167","JH378119","11179406","11179710","35","9203549"
"KN296180v1","2028881","2029182","JH378216","4224502","4224803","33","2195621"
"KN296180v1","2061269","2061571","JH378228","5509057","5509356","33","3447788"
"KN296180v1","2110723","2111004","JH378106","54861662","54861948","37","52750939"
"KN296180v1","2281199","2281466","JH378289","1931415","1931685","40","349784"
"KN296180v1","2366606","2366868","JH378149","12724940","12725209","41","10358334"
"KN296180v1","2377150","2377430","JH378224","3408579","3408861","24","1031429"
"KN296180v1","2409988","2410099","JH378172","7331005","7331111","20","4921017"
"KN296180v1","2420535","2420824","JH378134","15707540","15707830","38","13287005"
"KN296180v1","2483565","2483873","JH378120","24315946","24316245","40","21832381"
"KN296180v1","2554869","2555156","JH378140","15536990","15537288","38","12982121"
"KN296180v1","2628905","2628990","JH378241","711542","711628","15","1917363"
"KN296180v1","2630923","2631216","JH378153","13891081","13891373","27","11260158"
"KN296180v1","2705810","2705972","JH378216","2439129","2439296","32","266681"
"KN296180v1","2719710","2720005","JH378123","9356550","9356843","44","6636840"
"KN296185v1","211","505","JH378152","11319672","11319966","40","11319461"
"KN296185v1","14850","14936","JH378109","34651126","34651210","14","34636276"
"KN296185v1","18170","18324","JH378115","21768661","21768812","19","21750491"
"KN296185v1","18370","18490","JH378193","3289289","3289407","15","3270919"
"KN296185v1","20003","20266","JH378115","3517106","3517371","43","3497103"
"KN296186v1","15006","15315","JH378316","245997","246306","34","230991"
"KN296186v1","131820","132115","JH378246","2080984","2081281","44","1949164"
"KN296186v1","167340","167613","JH378127","19270149","19270420","44","19102809"
"KN296186v1","275695","276005","JH378158","3522926","3523235","37","3247231"
"KN296187v1","132017","132324","JH378171","6181069","6181379","36","6049052"
"KN296187v1","234671","234970","JH378106","1533545","1533849","39","1298874"
"KN296187v1","268064","268349","JH378271","3183320","3183605","36","2915256"
"KN296187v1","279334","279500","JH378105","13261414","13261582","18","12982080"
"KN296187v1","279526","279646","JH378109","13686552","13686671","17","13407026"
"KN296187v1","320925","321245","JH378169","2863490","2863796","47","2542565"
"KN296187v1","321631","321939","JH378115","25041145","25041450","37","24719514"
"KN296187v1","358285","358613","JH378108","45119645","45119973","54","44761360"
"KN296187v1","366103","366410","JH378114","30126711","30127013","31","29760608"
"KN296187v1","377207","377238","JH378105","31065877","31065908","9","30688670"
"KN296187v1","377279","377591","JH378149","5506444","5506752","51","5129165"
"KN296187v1","607934","608231","JH378115","34859185","34859494","39","34251251"
"KN296187v1","687909","688224","JH378105","46795677","46795991","46","46107768"
"KN296187v1","693376","693682","JH378116","11181268","11181574","34","10487892"
"KN296187v1","762740","763042","JH378151","13413694","13413997","38","12650954"
"KN296187v1","951870","952173","JH378130","1202684","1202989","42","250814"
"KN296187v1","983178","983476","JH378153","14867432","14867735","36","13884254"
"KN296187v1","1148799","1149131","JH378114","31603266","31603584","53","30454467"
"KN296187v1","1201537","1201829","JH378105","10050887","10051179","33","8849350"
"KN296187v1","1324963","1325249","JH378110","25489153","25489438","32","24164190"
"KN296187v1","1424615","1424890","JH378105","48158405","48158677","36","46733790"
"KN296187v1","1538356","1538644","JH378106","8802915","8803203","40","7264559"
"KN296187v1","1565503","1565814","JH378113","6613006","6613316","40","5047503"
"KN296187v1","1671947","1672255","JH378126","21026752","21027059","27","19354805"
"KN296187v1","1700557","1700850","JH378206","4776878","4777171","34","3076321"
"KN296187v1","1817102","1817411","JH378151","8383257","8383567","30","6566155"
"KN296187v1","1865110","1865413","JH378122","9226502","9226813","39","7361392"
"KN296187v1","1920918","1921215","JH378194","2390312","2390602","33","469394"
"KN296187v1","1926721","1927019","JH378137","18706406","18706704","25","16779685"
"KN296187v1","1952586","1952893","JH378257","87786","88089","36","1864800"
"KN296187v1","1970254","1970531","JH378142","6344632","6344915","54","4374378"
"KN296187v1","1999485","1999811","JH378146","15879310","15879613","49","13879825"
"KN296187v1","2035380","2035679","JH378170","4783494","4783792","28","2748114"
"KN296187v1","2036799","2036949","JH378105","10334415","10334566","36","8297616"
"KN296187v1","2055121","2055264","JH378108","53870735","53870881","20","51815614"
"KN296187v1","2056965","2057119","JH378169","5056320","5056486","29","2999355"
"KN296187v1","2078774","2078970","JH378166","422900","423096","27","1655874"
"KN296187v1","2100890","2101186","JH378119","11297197","11297495","34","9196307"
"KN296187v1","2108690","2108980","JH378116","133775","134066","39","1974915"
"KN296187v1","2126854","2126969","JH378142","1236621","1236735","12","890233"
"KN296187v1","2127118","2127413","JH378288","1088673","1088973","39","1038445"
"KN296187v1","2135988","2136292","JH378115","33028219","33028519","42","30892231"
"KN296187v1","2147941","2148240","JH378166","8360048","8360348","42","6212107"
"KN296187v1","2155264","2155572","JH378122","9816070","9816375","36","7660806"
"KN296187v1","2160075","2160392","JH378124","17923330","17923624","59","15763255"
"KN296187v1","2162299","2162441","JH378197","7448668","7448807","20","5286369"
"KN296187v1","2164242","2164480","JH378213","4681695","4681930","31","2517453"
"KN296187v1","2164848","2165145","JH378218","682755","683049","40","1482093"
"KN296187v1","2166394","2166696","JH378293","1892833","1893133","45","273561"
"KN296187v1","2170758","2171031","JH378183","5085328","5085606","38","2914570"
"KN296187v1","2171057","2171076","JH378222","6581835","6581856","5","4410778"
"KN296187v1","2181123","2181423","JH378139","17878350","17878657","40","15697227"
"KN296187v1","2182990","2183283","JH378159","837474","837769","29","1345516"
"KN296187v1","2184650","2184937","JH378118","17310797","17311080","34","15126147"
"KN296187v1","2185266","2185431","JH378168","1762210","1762367","27","423056"
"KN296187v1","2190499","2190805","JH378126","23919556","23919859","47","21729057"
"KN296187v1","2191885","2192192","JH378199","4983750","4984049","43","2791865"
"KN296187v1","2241348","2241453","JH378133","7781311","7781416","27","5539963"
"KN296187v1","2242340","2242635","JH378106","3052818","3053105","48","810478"
"KN296187v1","2248833","2249128","JH378108","34218881","34219178","45","31970048"
"KN296187v1","2251371","2251673","JH378139","17430745","17431047","35","15179374"
"KN296187v1","2274825","2275065","JH378127","15502561","15502805","33","13227736"
"KN296187v1","2275069","2275174","JH378118","14821708","14821813","17","12546639"
"KN296187v1","2281967","2282268","JH378118","1390919","1391217","37","891048"
"KN296187v1","2291854","2292150","JH378173","4155896","4156193","40","1864042"
"KN296187v1","2310000","2310299","JH378284","1163902","1164203","38","1146098"
"KN296187v1","2351443","2351741","JH378273","936267","936566","38","1415176"
"KN296187v1","2355695","2355998","JH378110","32975507","32975812","42","30619812"
"KN296187v1","2361608","2361913","JH378115","25570507","25570808","37","23208899"
"KN296187v1","2367427","2367723","JH378117","29558091","29558390","35","27190664"
"KN296187v1","2394028","2394320","JH378105","21630016","21630306","36","19235988"
"KN296187v1","2396852","2397160","JH378257","2204800","2205108","38","192052"
"KN296187v1","2400671","2400972","JH378125","19027324","19027621","31","16626653"
"KN296187v1","2404601","2404902","JH378205","1125216","1125513","34","1279385"
"KN296187v1","2407715","2408010","JH378151","4318339","4318636","35","1910624"
"KN296187v1","2429399","2429701","JH378115","25570507","25570808","39","23141108"
"KN296187v1","2450819","2451130","JH378124","12936344","12936643","49","10485525"
"KN296187v1","2451999","2452160","JH378164","9341233","9341390","24","6889234"
"KN296187v1","2472035","2472291","JH378109","44424412","44424668","35","41952377"
"KN296187v1","2485880","2486191","JH378113","6613006","6613316","48","4127126"
"KN296187v1","2542222","2542532","JH378248","4319426","4319731","39","1777204"
"KN296187v1","2552866","2553111","JH378106","6996510","6996755","48","4443644"
"KN296188v1","48534","48844","JH378126","21026752","21027059","41","20978218"
"KN296188v1","54579","54861","JH378110","35445538","35445820","35","35390959"
"KN296188v1","190057","190355","JH378274","762071","762368","27","572014"
"KN296188v1","264933","265238","JH378106","1533545","1533849","33","1268612"
"KN296188v1","299993","300275","JH378212","3107106","3107391","43","2807113"
"KN296188v1","300637","300938","JH378169","9325308","9325608","33","9024671"
"KN296188v1","305458","305737","JH378176","10122120","10122396","47","9816662"
"KN296188v1","341250","341553","JH378119","23106486","23106789","37","22765236"
"KN296188v1","373499","373685","JH378152","14169121","14169298","35","13795622"
"KN296191v1","131039","131331","JH378112","20838773","20839072","39","20707734"
"KN296191v1","17480","17779","JH378288","1561758","1562053","42","1544278"
"KN296191v1","268878","269179","JH378111","25473856","25474161","38","25204978"
"KN296191v1","272947","273266","JH378300","871262","871578","42","598315"
"KN296191v1","534901","535163","JH378110","23872940","23873201","39","23338039"
"KN296191v1","562051","562362","JH378173","9055905","9056209","52","8493854"
"KN296191v1","842946","843232","JH378137","17271511","17271797","28","16428565"
"KN296191v1","868911","869202","JH378228","3049164","3049465","59","2180253"
"KN296191v1","911591","911893","JH378170","4783494","4783792","29","3871903"
"KN296191v1","967901","968198","JH378129","10258595","10258896","38","9290694"
"KN296191v1","1139553","1139858","JH378160","11833922","11834221","39","10694369"
"KN296191v1","1144888","1145186","JH378117","24258354","24258650","32","23113466"
"KN296191v1","1201860","1202055","JH378165","1448686","1448886","23","246826"
"KN296191v1","1277087","1277357","JH378216","1387518","1387789","41","110431"
"KN296191v1","1320472","1320746","JH378115","22774278","22774554","64","21453806"
"KN296191v1","1340493","1340754","JH378191","1096598","1096860","41","243895"
"KN296191v1","1342554","1342854","JH378106","59895950","59896248","36","58553396"
"KN296191v1","1354853","1355149","JH378113","14455819","14456118","36","13100966"
"KN296191v1","1381197","1381499","JH378111","20603266","20603567","35","19222069"
"KN296191v1","1436454","1436537","JH378125","5308706","5308792","11","3872252"
"KN296191v1","1454385","1454686","JH378115","25570507","25570808","31","24116122"
"KN296191v1","1487042","1487340","JH378211","6101557","6101855","38","4614515"
"KN296191v1","1490737","1490859","JH378136","7574715","7574845","20","6083978"
"KN296191v1","1491171","1491453","JH378117","32467442","32467720","33","30976271"
"KN296191v1","1491459","1491782","JH378260","2282137","2282463","52","790678"
"KN296191v1","1496931","1497248","JH378122","28678230","28678542","53","27181299"
"KN296191v1","1505409","1505724","JH378260","420723","421031","37","1084686"
"KN296191v1","1507666","1507948","JH378136","12487574","12487862","47","10979908"
"KN296191v1","1508440","1508742","JH378226","1840911","1841212","40","332471"
"KN296191v1","1510297","1510366","JH378105","47369636","47369713","18","45859339"
"KN296191v1","1510747","1511022","JH378105","36884891","36885163","37","35374144"
"KN296191v1","1535980","1536277","JH378109","7824046","7824349","35","6288066"
"KN296191v1","1540926","1541214","JH378226","5118898","5119186","40","3577972"
"KN296192v1","80925","81236","JH378164","10217165","10217476","32","10136240"
"KN296192v1","96390","96701","JH378140","6602564","6602868","40","6506174"
"KN296192v1","118280","118582","JH378110","12146106","12146409","35","12027826"
"KN296192v1","244374","244681","JH378140","6883086","6883394","35","6638712"
"KN296192v1","252415","252716","JH378106","59895950","59896248","40","59643535"
"KN296192v1","269289","269596","JH378262","456547","456851","37","187258"
"KN296200v1","85396","85684","JH378147","15708247","15708532","33","15622851"
"KN296200v1","92312","92608","JH378109","15216032","15216336","36","15123720"
"KN296200v1","180259","180553","JH378121","29566176","29566469","32","29385917"
"KN296200v1","230086","230387","JH378139","18955642","18955939","29","18725556"
"KN296200v1","232077","232358","JH378115","16616557","16616837","37","16384480"
"KN296200v1","252743","253041","JH378144","9593157","9593456","33","9340414"
"KN296200v1","386715","387026","JH378130","1202684","1202989","44","815969"
"KN296200v1","400540","400836","JH378106","58046659","58046955","42","57646119"
"KN296200v1","403646","403942","JH378189","1225012","1225313","36","821366"
"KN296200v1","471949","472128","JH378110","32830728","32830908","24","32358779"
"KN296200v1","473331","473641","JH378117","32915211","32915517","38","32441880"
"KN296200v1","493770","494084","JH378123","22693589","22693897","35","22199819"
"KN296200v1","575835","576136","JH378115","32068852","32069153","37","31493017"
"KN296200v1","578840","579138","JH378293","1524576","1524874","33","945736"
"KN296200v1","631630","631929","JH378122","29867810","29868101","48","29236180"
"KN296200v1","634170","634325","JH378151","9876229","9876382","24","9242059"
"KN296200v1","684204","684506","JH378123","491683","491985","36","192521"
"KN296200v1","751685","751980","JH378132","16097213","16097508","31","15345528"
"KN296200v1","752216","752488","JH378153","7392982","7393269","45","6640766"
"KN296200v1","861945","862255","JH378156","9166475","9166782","40","8304530"
"KN296200v1","928378","928561","JH378248","781252","781433","25","147126"
"KN296200v1","955587","955884","JH378139","1980713","1981003","36","1025126"
"KN296200v1","1029809","1029985","JH378174","5657399","5657572","25","4627590"
"KN296200v1","1242401","1242701","JH378156","4934228","4934526","43","3691827"
"KN296201v1","125354","125632","JH378137","2561271","2561548","49","2435917"
"KN296201v1","417091","417394","JH378106","6434398","6434702","39","6017307"
"KN296201v1","450340","450649","JH378197","8301771","8302079","32","7851431"
"KN296201v1","453940","454251","JH378119","6124403","6124708","32","5670463"
"KN296201v1","518138","518286","JH378125","2382005","2382158","22","1863867"
"KN296201v1","570709","571007","JH378137","9008333","9008631","42","8437624"
"KN296201v1","650347","650654","JH378288","1088673","1088973","40","438326"
"KN296201v1","876063","876353","JH378139","19252318","19252611","34","18376255"
"KN296201v1","919349","919646","JH378212","2641281","2641580","35","1721932"
"KN296201v1","1007359","1007654","JH378176","9716970","9717264","36","8709611"
"KN296201v1","1063751","1064073","JH378334","373655","373966","56","690096"
"KN296201v1","1162908","1163204","JH378167","4214177","4214470","35","3051269"
"KN296201v1","1184967","1185272","JH378150","10126172","10126487","47","8941205"
"KN296201v1","1253436","1253734","JH378213","4745577","4745870","34","3492141"
"KN296201v1","1360582","1360904","JH378289","2125754","2126067","44","765172"
"KN296201v1","1406899","1407209","JH378153","15041168","15041477","36","13634269"
"KN296201v1","1512566","1512858","JH378153","7392982","7393269","36","5880416"
"KN296201v1","1548333","1548634","JH378185","841607","841910","31","706726"
"KN296201v1","1584371","1584667","JH378124","17702462","17702755","43","16118091"
"KN296201v1","1626487","1626791","JH378195","1736539","1736846","38","110052"
"KN296201v1","1638926","1639220","JH378151","13417066","13417366","38","11778140"
"KN296201v1","1695960","1696268","JH378145","246096","246396","44","1449864"
"KN296201v1","1804266","1804557","JH378115","26942251","26942543","35","25137985"
"KN296201v1","1814298","1814592","JH378197","7145768","7146073","37","5331470"
"KN296201v1","1897082","1897390","JH378119","6124403","6124708","38","4227321"
"KN296201v1","1947825","1948112","JH378137","7745755","7746044","38","5797930"
"KN296201v1","1966777","1967076","JH378191","6177328","6177618","48","4210551"
"KN296201v1","2051237","2051537","JH378116","32209502","32209801","41","30158265"
"KN296201v1","2232724","2233018","JH378272","801428","801724","30","1431296"
"KN296201v1","2281799","2282096","JH378127","601776","602071","38","1680023"
"KN296201v1","2286769","2287066","JH378114","6103133","6103436","44","3816364"
"KN296201v1","2409083","2409369","JH378182","9240926","9241205","38","6831843"
"KN296201v1","2417759","2417901","JH378190","8306381","8306522","16","5888622"
"KN296201v1","2418008","2418221","JH378118","20613166","20613380","21","18195158"
"KN296201v1","2419197","2419490","JH378105","38546959","38547253","32","36127762"
"KN296201v1","2629127","2629430","JH378107","6820470","6820772","39","4191343"
"KN296201v1","2638103","2638420","JH378334","216671","216977","46","2421432"
"KN296201v1","2665402","2665691","JH378145","12879121","12879408","39","10213719"
"KN296201v1","2711899","2712199","JH378228","5509057","5509356","37","2797158"
"KN296201v1","2714513","2714694","JH378242","1957179","1957355","23","757334"
"KN296201v1","2736538","2736843","JH378125","15156999","15157299","36","12420461"
"KN296201v1","2743623","2743859","JH378189","2767760","2768000","33","24137"
"KN296201v1","2768266","2768570","JH378197","7145768","7146073","41","4377502"
"KN296201v1","2777222","2777389","JH378140","5327636","5327802","20","2550414"
"KN296201v1","2786382","2786668","JH378198","6294233","6294526","44","3507851"
"KN296201v1","2793270","2793568","JH378170","4783494","4783792","38","1990224"
"KN296201v1","2808822","2809113","JH378122","29649167","29649457","46","26840345"
"KN296201v1","2834098","2834275","JH378138","381487","381665","24","2452611"
"KN296201v1","2834571","2834699","JH378123","86614","86749","17","2747957"
"KN296201v1","2838634","2838861","JH378140","2759130","2759361","43","79504"
"KN296201v1","2850717","2851005","JH378110","35718840","35719141","44","32868123"
"KN296201v1","2853090","2853382","JH378121","29566176","29566469","26","26713086"
"KN296201v1","2855867","2856107","JH378107","21377438","21377673","37","18521571"
"KN296201v1","2863558","2863861","JH378106","225158","225461","35","2638400"
"KN296201v1","2866758","2867066","JH378197","7145768","7146073","42","4279010"
"KN296201v1","2879302","2879597","JH378293","2045148","2045440","49","834154"
"KN296201v1","2896784","2897075","JH378216","7124506","7124797","34","4227722"
"KN296201v1","2897568","2897862","JH378232","621254","621549","32","2276314"
"KN296201v1","2914595","2914763","JH378112","11017534","11017701","28","8102939"
"KN296201v1","2931047","2931328","JH378109","52148","52435","42","2878899"
"KN296202v1","14262","14575","JH378320","223575","223885","40","209313"
"KN296202v1","46965","47276","JH378110","19934311","19934616","38","19887346"
"KN296202v1","162031","162316","JH378199","696303","696583","40","534272"
"KN296202v1","198333","198476","JH378133","16209604","16209747","12","16011271"
"KN296202v1","200197","200505","JH378228","5509057","5509356","40","5308860"
"KN296202v1","248772","249075","JH378226","6130858","6131161","38","5882086"
"KN296202v1","265717","265845","JH378193","3217515","3217644","14","2951798"
"KN296202v1","409175","409469","JH378133","7973389","7973680","35","7564214"
"KN296202v1","463714","464016","JH378128","4865898","4866189","64","4402184"
"KN296205v1","157383","157680","JH378124","15582898","15583197","39","15425515"
"KN296205v1","165364","165483","JH378106","60528503","60528629","23","60363139"
"KN296205v1","457673","457983","JH378152","11654622","11654934","34","11196949"
"KN296205v1","498423","498667","JH378110","8653664","8653909","33","8155241"
"KN296205v1","603874","604167","JH378203","220054","220352","42","383820"
"KN296205v1","617002","617313","JH378167","5351158","5351469","31","4734156"
"KN296205v1","674395","674471","JH378210","6406079","6406164","19","5731684"
"KN296205v1","689789","690088","JH378170","4783494","4783792","37","4093705"
"KN296205v1","706105","706414","JH378139","18632207","18632516","39","17926102"
"KN296205v1","859911","860071","JH378172","2007569","2007729","20","1147658"
"KN296205v1","905844","906142","JH378235","4514528","4514824","30","3608684"
"KN296205v1","908460","908729","JH378216","1387518","1387789","45","479058"
"KN296205v1","1060464","1060756","JH378212","6224562","6224854","40","5164098"
"KN296206v1","2120","2413","JH378204","7475485","7475776","31","7473365"
"KN296209v1","25169","25494","JH378118","26799468","26799782","59","26774299"
"KN296209v1","34625","34911","JH378251","3608092","3608377","46","3573467"
"KN296209v1","51216","51529","JH378138","5964426","5964732","38","5913210"
"KN296209v1","55289","55588","JH378124","15582898","15583197","33","15527609"
"KN296209v1","117671","117948","JH378115","16616557","16616837","38","16498886"
"KN296209v1","321589","321860","JH378167","6568120","6568398","49","6246531"
"KN296210v1","21171","21478","JH378111","32787449","32787755","45","32766278"
"KN296210v1","37571","37855","JH378111","9089465","9089754","44","9051894"
"KN296210v1","53804","54101","JH378288","1088673","1088973","34","1034869"
"KN296210v1","124449","124752","JH378123","491683","491985","27","367234"
"KN296210v1","130067","130361","JH378135","4672021","4672316","38","4541954"
"KN296210v1","171251","171344","JH378105","8956038","8956127","19","8784787"
"KN296210v1","263648","263947","JH378107","7568037","7568336","31","7304389"
"KN296210v1","389299","389592","JH378108","32878225","32878514","45","32488926"
"KN296210v1","395327","395635","JH378167","11008062","11008367","34","10612735"
"KN296210v1","415949","416097","JH378225","4084555","4084704","14","3668606"
"KN296210v1","416308","416607","JH378122","10686670","10686967","30","10270362"
"KN296210v1","472901","473189","JH378207","7640792","7641076","37","7167891"
"KN296210v1","486537","486792","JH378173","6043976","6044232","34","5557439"
"KN296210v1","518867","519164","JH378125","19027324","19027621","35","18508457"
"KN296210v1","608148","608426","JH378201","3352207","3352484","29","2744059"
"KN296210v1","629366","629662","JH378139","18632207","18632516","45","18002841"
"KN296210v1","640224","640507","JH378114","28582108","28582384","43","27941884"
"KN296210v1","977170","977462","JH378152","14032156","14032458","42","13054986"
"KN296210v1","984471","984765","JH378138","7015466","7015748","35","6030995"
"KN296213v1","2","288","JH378113","39037457","39037739","50","39037455"
"KN296213v1","55534","55847","JH378229","4120796","4121104","41","4065262"
"KN296213v1","67469","67771","JH378181","4962993","4963298","40","4895524"
"KN296213v1","83373","83684","JH378216","3712123","3712429","41","3628750"
"KN296213v1","128651","128985","JH378183","5338171","5338505","48","5209520"
"KN296213v1","168948","169322","JH378213","4415237","4415570","82","4246289"
"KN296213v1","332268","332531","JH378150","4436683","4436953","52","4104415"
"KN296213v1","393542","393850","JH378106","60843849","60844159","47","60450307"
"KN296213v1","603831","604121","JH378157","9676550","9676840","42","9072719"
"KN296213v1","667682","667893","JH378685","3741","3956","28","663941"
"KN296213v1","774506","774827","JH378120","17820274","17820587","50","17045768"
"KN296213v1","892137","892445","JH378107","7568037","7568336","39","6675900"
"KN296213v1","897961","898254","JH378105","30024561","30024853","45","29126600"
"KN296213v1","911656","911968","JH378152","16104646","16104956","44","15192990"
"KN296213v1","1004911","1005212","JH378148","16616613","16616900","59","15611702"
"KN296218v1","110486","110790","JH378254","840607","840917","48","730121"
"KN296218v1","150475","150738","JH378167","9534568","9534835","34","9384093"
"KN296221v1","292783","293089","JH378191","5184511","5184822","43","4891728"
"KN296221v1","417512","417812","JH378125","15893280","15893581","40","15475768"
"KN296225v1","53537","53846","JH378320","58622","58932","37","5085"
"KN296225v1","78153","78451","JH378124","15582898","15583197","37","15504745"
"KN296225v1","97125","97433","JH378281","2950232","2950541","34","2853107"
"KN296225v1","108679","108848","JH378161","8616597","8616766","20","8507918"
"KN296225v1","118532","118839","JH378116","37165551","37165860","36","37047019"
"KN296225v1","175418","175713","JH378281","3042318","3042611","38","2866900"
"KN296225v1","176036","176332","JH378111","42112707","42113007","32","41936671"
"KN296225v1","190117","190407","JH378137","8864324","8864620","39","8674207"
"KN296225v1","192444","192740","JH378124","4920301","4920597","26","4727857"
"KN296225v1","194466","194765","JH378139","18955642","18955939","36","18761176"
"KN296225v1","196571","196873","JH378109","14635205","14635505","40","14438634"
"KN296225v1","196943","197235","JH378185","181718","182008","33","15225"
"KN296225v1","211540","211845","JH378106","70986080","70986388","33","70774540"
"KN296225v1","221388","221497","JH378106","10145126","10145228","31","9923738"
"KN296225v1","221809","221942","JH378153","2127454","2127589","21","1905645"
"KN296225v1","228194","228499","JH378110","38852916","38853220","33","38624722"
"KN296225v1","295401","295705","JH378109","16294392","16294694","38","15998991"
"KN296225v1","324228","324525","JH378106","14208005","14208299","35","13883777"
"KN296225v1","347558","347856","JH378148","6480728","6481028","32","6133170"
"KN296225v1","368740","368987","JH378110","43453655","43453905","49","43084915"
"KN296225v1","384695","384975","AGCE01150543","1","288","31","384694"
"KN296225v1","405169","405445","JH378110","35445538","35445820","38","35040369"
"KN296225v1","424606","424902","JH378137","17229717","17230015","38","16805111"
"KN296225v1","429576","429758","JH378259","3943971","3944150","30","3514395"
"KN296225v1","433114","433426","JH378164","14121408","14121719","38","13688294"
"KN296225v1","441484","441653","AGCE01150349","866","1035","28","440618"
"KN296225v1","458376","458635","JH378279","102782","103056","48","355594"
"KN296225v1","459868","460182","JH378197","4282816","4283124","43","3822948"
"KN296225v1","460516","460816","JH378107","32029619","32029921","32","31569103"
"KN296225v1","468301","468582","JH378112","33911252","33911534","38","33442951"
"KN296225v1","481810","482096","JH378113","2775307","2775599","41","2293497"
"KN296225v1","485128","485423","JH378163","13372336","13372629","37","12887208"
"KN296225v1","486397","486489","JH378109","15385824","15385915","23","14899427"
"KN296225v1","487646","487735","JH378135","1964394","1964479","17","1476748"
"KN296225v1","488794","489089","JH378159","8265724","8266021","41","7776930"
"KN296225v1","506153","506445","JH378125","19118180","19118468","42","18612027"
"KN296225v1","506484","506794","JH378125","6024747","6025058","39","5518263"
"KN296225v1","518556","518789","JH378161","8848243","8848471","39","8329687"
"KN296225v1","523113","523389","JH378105","36059082","36059351","44","35535969"
"KN296225v1","535469","535633","JH378188","3154881","3155045","31","2619412"
"KN296225v1","551542","551800","JH378339","264934","265186","41","286608"
"KN296225v1","573146","573457","JH378187","3516883","3517198","44","2943737"
"KN296225v1","581131","581425","JH378189","4209496","4209786","35","3628365"
"KN296225v1","592234","592533","JH378196","433632","433932","48","158602"
"KN296225v1","604745","605039","JH378211","2223546","2223840","38","1618801"
"KN296225v1","605532","605811","JH378140","5366694","5366983","42","4761162"
"KN296225v1","625574","625881","JH378154","15612419","15612727","35","14986845"
"KN296225v1","662361","662670","JH378107","29610844","29611154","33","28948483"
"KN296225v1","679813","680115","JH378138","5380451","5380753","34","4700638"
"KN296225v1","691492","691570","JH378134","18656517","18656595","7","17965025"
"KN296225v1","697430","697725","JH378118","1390919","1391217","35","693489"
"KN296225v1","706169","706466","JH378112","19985461","19985759","50","19279292"
"KN296225v1","712166","712489","JH378120","16327645","16327955","44","15615479"
"KN296225v1","728572","728850","JH378110","24981494","24981772","52","24252922"
"KN296225v1","770624","770936","JH378139","17878350","17878657","36","17107726"
"KN296225v1","788104","788418","JH378139","1159515","1159824","40","371411"
"KN296225v1","791651","791940","JH378151","8381511","8381803","30","7589860"
"KN296225v1","797617","797700","JH378187","5377174","5377258","8","4579557"
"KN296225v1","810623","810936","JH378234","4844507","4844813","45","4033884"
"KN296225v1","821250","821540","JH378151","8652626","8652916","28","7831376"
"KN296225v1","831607","831834","JH378114","22909223","22909440","46","22077616"
"KN296225v1","832139","832234","JH378144","13004267","13004358","15","12172128"
"KN296225v1","833815","834124","JH378167","5351158","5351469","37","4517343"
"KN296229v1","212059","212357","JH378224","827405","827712","52","615346"
"KN296229v1","248733","249042","JH378118","16720416","16720725","38","16471683"
"KN296229v1","280472","280740","JH378105","36059082","36059351","47","35778610"
"KN296229v1","340410","340684","JH378106","70444924","70445198","37","70104514"
"KN296229v1","634024","634156","JH378200","673037","673170","21","39013"
"KN296229v1","634498","634780","JH378105","35665534","35665817","39","35031036"
"KN296229v1","797760","798074","JH378114","12126932","12127241","43","11329172"
"KN296229v1","885704","886014","JH378223","4911761","4912073","42","4026057"
"KN296229v1","1017139","1017450","JH378172","9566909","9567221","40","8549770"
"KN296229v1","1242909","1243031","JH378107","50570713","50570838","20","49327804"
"KN296229v1","1243073","1243238","JH378159","1240954","1241120","27","2119"
"KN296229v1","1476848","1477150","JH378339","113275","113574","39","1363573"
"KN296231v1","218738","219049","JH378126","21026752","21027059","36","20808014"
"KN296231v1","310542","310836","JH378115","35423177","35423452","68","35112635"
"KN296233v1","164437","164778","JH378108","26596167","26596503","49","26431730"
"KN296233v1","198268","198559","JH378204","6069213","6069499","42","5870945"
"KN296233v1","255896","256180","JH378114","29675067","29675349","41","29419171"
"KN296233v1","362065","362374","JH378107","7086674","7086981","51","6724609"
"KN296233v1","377082","377402","JH378265","2263256","2263553","55","1886174"
"KN296233v1","515775","516047","JH378252","3797717","3797993","38","3281942"
"KN296233v1","610199","610496","JH378169","3247221","3247500","50","2637022"
"KN296233v1","610562","610587","JH378222","6581835","6581856","7","5971273"
"KN296233v1","753834","754171","JH378206","6280299","6280627","57","5526465"
"KN296233v1","770541","770829","JH378147","4356516","4356809","50","3585975"
"KN296233v1","783146","783457","JH378106","60843849","60844159","38","60060703"
"KN296233v1","790699","790938","JH378218","2665203","2665438","31","1874504"
"KN296233v1","881472","881736","JH378281","2199166","2199425","40","1317694"
"KN296233v1","901916","902209","JH378273","310062","310361","48","591854"
"KN296233v1","923734","924049","JH378216","7078391","7078694","60","6154657"
"KN296233v1","932341","932644","JH378152","11766091","11766391","41","10833750"
"KN296233v1","937598","937889","JH378151","8381511","8381803","45","7443913"
"KN296233v1","998203","998513","JH378129","1237412","1237719","47","239209"
"KN296236v1","212159","212457","JH378136","7727266","7727563","35","7515107"
"KN296242v1","12355","12663","JH378110","37105808","37106120","47","37093453"
"KN296242v1","190907","191169","JH378173","6043976","6044232","30","5853069"
"KN296242v1","214057","214332","JH378105","36884891","36885163","32","36670834"
"KN296242v1","275606","275912","JH378113","39671799","39672085","65","39396193"
"KN296242v1","355946","356259","JH378112","33214699","33215012","40","32858753"
"KN296242v1","386995","387299","JH378207","4818937","4819241","35","4431942"
"KN296242v1","404665","404975","JH378138","5964426","5964732","48","5559761"
"KN296242v1","555148","555257","JH378216","4750557","4750665","14","4195409"
"KN296242v1","691775","692055","JH378262","448066","448345","30","243709"
"KN296242v1","710636","710906","JH378149","7222783","7223041","43","6512147"
"KN296242v1","755890","756199","JH378141","12391086","12391376","47","11635196"
"KN296242v1","815468","815779","JH378142","1462281","1462595","32","646813"
"KN296242v1","838357","838660","JH378113","14455819","14456118","31","13617462"
"KN296242v1","847216","847511","JH378124","15582898","15583197","32","14735682"
"KN296242v1","897898","898189","JH378157","9676550","9676840","32","8778652"
"KN296242v1","941855","942150","JH378115","22200515","22200812","38","21258660"
"KN296242v1","942194","942406","JH378107","44348760","44348968","27","43406566"
"KN296242v1","984416","984683","JH378151","8486123","8486386","54","7501707"
"KN296242v1","999623","999935","JH378238","878363","878673","48","121260"
"KN296244v1","29219","29506","JH378229","4112465","4112747","26","4083246"
"KN296244v1","40674","40980","JH378204","7364429","7364731","34","7323755"
"KN296244v1","47483","47782","JH378116","19056610","19056904","41","19009127"
"KN296244v1","61934","62108","JH378143","6045105","6045277","20","5983171"
"KN296244v1","96241","96532","JH378114","37254872","37255156","32","37158631"
"KN296244v1","96561","96848","JH378167","12009749","12010031","54","11913188"
"KN296244v1","100463","100772","JH378279","1785224","1785536","38","1684761"
"KN296244v1","115717","115999","JH378115","3848886","3849169","48","3733169"
"KN296244v1","130427","130715","JH378151","8652626","8652916","37","8522199"
"KN296244v1","150351","150664","JH378224","5664910","5665211","52","5514559"
"KN296244v1","170688","170994","JH378233","54160","54463","49","116528"
"KN296244v1","205613","205715","JH378105","24099710","24099814","16","23894097"
"KN296244v1","212691","212825","JH378107","28233055","28233184","16","28020364"
"KN296244v1","218033","218345","JH378264","2773729","2774039","29","2555696"
"KN296244v1","226099","226387","JH378110","17880643","17880926","39","17654544"
"KN296244v1","233701","233974","JH378153","11397511","11397786","39","11163810"
"KN296244v1","241010","241301","JH378158","13640035","13640326","37","13399025"
"KN296244v1","250794","251106","JH378167","5351158","5351469","35","5100364"
"KN296244v1","268230","268504","JH378164","9570922","9571188","44","9302692"
"KN296244v1","269332","269641","JH378181","2052926","2053235","37","1783594"
"KN296244v1","283745","284016","JH378110","4855113","4855381","43","4571368"
"KN296244v1","288938","289236","JH378139","18955642","18955939","29","18666704"
"KN296244v1","300710","300965","JH378137","20709475","20709723","34","20408765"
"KN296244v1","300974","301283","JH378261","3233102","3233415","42","2932128"
"KN296244v1","327316","327621","JH378179","1841978","1842282","32","1514662"
"KN296244v1","329614","329910","JH378145","9246394","9246692","40","8916780"
"KN296244v1","351219","351523","JH378123","491683","491985","45","140464"
"KN296244v1","370413","370706","JH378110","39706997","39707294","32","39336584"
"KN296244v1","381779","381955","JH378190","139897","140075","24","241882"
"KN296244v1","384017","384327","JH378139","17878350","17878657","37","17494333"
"KN296244v1","391771","392067","JH378108","26482116","26482414","33","26090345"
"KN296244v1","394777","394816","JH378162","14556122","14556161","8","14161345"
"KN296244v1","405112","405421","JH378135","1042676","1042987","32","637564"
"KN296244v1","442573","442882","JH378139","1159515","1159824","40","716942"
"KN296244v1","442917","443204","JH378118","27240197","27240484","29","26797280"
"KN296244v1","456630","456936","JH378137","18261330","18261634","36","17804700"
"KN296244v1","498352","498662","JH378148","17201496","17201806","40","16703144"
"KN296244v1","522316","522640","JH378137","277865","278184","41","244451"
"KN296244v1","590554","590849","JH378333","587605","587900","25","2949"
"KN296244v1","606327","606640","JH378250","66803","67108","45","539524"
"KN296244v1","652781","652855","JH378110","35014134","35014217","16","34361353"
"KN296244v1","654075","654377","JH378129","12520646","12520955","40","11866571"
"KN296244v1","654784","655077","JH378137","2684720","2685017","33","2029936"
"KN296244v1","658867","659162","JH378111","9965972","9966269","39","9307105"
"KN296244v1","660078","660372","JH378118","25646666","25646959","32","24986588"
"KN296244v1","660381","660689","JH378107","57888255","57888550","47","57227874"
"KN296244v1","662494","662802","JH378126","23919556","23919859","38","23257062"
"KN296244v1","664412","664713","JH378144","5396113","5396410","37","4731701"
"KN296244v1","674682","674985","JH378114","7122925","7123229","41","6448243"
"KN296244v1","690117","690412","JH378109","49008845","49009136","45","48318728"
"KN296244v1","697915","698095","JH378127","14039511","14039692","25","13341596"
"KN296244v1","698404","698548","JH378190","8306381","8306522","22","7607977"
"KN296244v1","710928","711236","JH378171","6181069","6181379","33","5470141"
"KN296244v1","742004","742183","JH378184","8811427","8811611","29","8069423"
"KN296244v1","742483","742616","JH378193","345676","345813","17","396807"
"KN296244v1","745784","746092","JH378119","6124403","6124708","30","5378619"
"KN296244v1","799302","799435","JH378249","3726059","3726189","14","2926757"
"KN296244v1","799750","799937","JH378193","868579","868767","26","68829"
"KN296244v1","800608","800903","JH378281","3042318","3042611","38","2241710"
"KN296244v1","824090","824389","JH378220","2784017","2784313","35","1959927"
"KN296244v1","850362","850649","JH378163","14517599","14517883","43","13667237"
"KN296244v1","855829","856112","JH378152","10737028","10737308","37","9881199"
"KN296244v1","880277","880349","JH378226","5406686","5406759","11","4526409"
"KN296244v1","905584","905893","JH378206","4086994","4087300","40","3181410"
"KN296244v1","927686","927996","JH378228","5509057","5509356","41","4581371"
"KN296244v1","931943","932242","JH378265","2263256","2263553","40","1331313"
"KN296244v1","934173","934343","JH378160","11684786","11684957","22","10750613"
"KN296244v1","956410","956712","JH378129","10258595","10258896","33","9302185"
"KN296244v1","965218","965511","JH378128","4093117","4093408","37","3127899"
"KN296244v1","1024676","1024904","JH378153","1663683","1663930","51","639007"
"KN296244v1","1050033","1050354","JH378122","29489041","29489348","44","28439008"
"KN296244v1","1061947","1062244","JH378105","15851815","15852111","41","14789868"
"KN296244v1","1081784","1082082","JH378288","1088673","1088973","32","6889"
"KN296245v1","57085","57373","JH378151","8652626","8652916","34","8595541"
"KN296245v1","96309","96668","JH378119","26380105","26380421","84","26283796"
"KN296245v1","100201","100514","JH378220","2083419","2083730","34","1983218"
"KN296245v1","240196","240436","JH378134","18016871","18017099","50","17776675"
"KN296245v1","426262","426565","JH378168","2320648","2320933","55","1894386"
"KN296245v1","520889","521188","JH378115","28712376","28712673","31","28191487"
"KN296247v1","30465","30491","JH378149","1403733","1403749","10","1373268"
"KN296247v1","30535","30825","JH378114","7134531","7134818","54","7103996"
"KN296247v1","167715","168010","JH378125","4727308","4727603","39","4559593"
"KN296247v1","190248","190543","JH378186","9105917","9106213","47","8915669"
"KN296247v1","230330","230576","JH378125","7358700","7358942","31","7128370"
"KN296247v1","239969","240105","JH378129","860497","860632","17","620528"
"KN296247v1","344249","344599","JH378108","33245641","33245983","72","32901392"
"KN296247v1","370573","370898","JH378128","2561620","2561941","73","2191047"
"KN296247v1","409744","410071","JH378126","21026752","21027059","45","20617008"
"KN296247v1","421640","421793","JH378105","64187687","64187840","21","63766047"
"KN296247v1","425621","425927","JH378170","4783494","4783792","46","4357873"
"KN296247v1","444484","444710","JH378186","2548225","2548449","38","2103741"
"KN296247v1","455312","455592","JH378281","2119219","2119496","42","1663907"
"KN296247v1","492259","492394","JH378123","86614","86749","12","405645"
"KN296247v1","492705","492890","JH378170","5931863","5932046","30","5439158"
"KN296247v1","564913","564930","JH378149","1403733","1403749","5","838820"
"KN296247v1","564972","565259","JH378199","586104","586392","42","21132"
"KN296247v1","569992","570267","JH378122","2367369","2367669","55","1797377"
"KN296247v1","607745","608016","JH378179","5719999","5720282","42","5112254"
"KN296247v1","619060","619357","JH378108","42296533","42296820","46","41677473"
"KN296247v1","640394","640701","JH378130","3292901","3293206","32","2652507"
"KN296247v1","656699","657000","JH378119","6124403","6124708","36","5467704"
"KN296247v1","669562","669866","JH378265","2263256","2263553","40","1593694"
"KN296247v1","673135","673418","JH378137","7407944","7408236","34","6734809"
"KN296247v1","673876","674204","JH378114","41668323","41668648","46","40994447"
"KN296247v1","674792","675085","JH378205","5080625","5080919","35","4405833"
"KN296247v1","704034","704336","JH378184","443270","443568","34","260764"
"KN296247v1","849963","850085","JH378141","15434887","15435007","15","14584924"
"KN296247v1","850132","850293","JH378149","10000003","10000169","26","9149871"
"KN296247v1","850381","850396","JH378111","33423149","33423167","7","32572768"
"KN296247v1","860404","860676","JH378161","2431297","2431566","34","1570893"
"KN296247v1","917893","918191","JH378144","7235841","7236134","43","6317948"
"KN296247v1","966651","966940","JH378151","8652626","8652916","37","7685975"
"KN296247v1","988228","988533","JH378138","5380451","5380753","34","4392223"
"KN296250v1","11259","11561","JH378114","37036188","37036491","31","37024929"
"KN296252v1","294234","294414","JH378273","38715","38893","27","255519"
"KN296252v1","526093","526170","JH378355","178943","179030","20","347150"
"KN296252v1","754740","755022","AGCE01150543","1","288","37","754739"
"KN296252v1","882429","882682","JH378105","36059082","36059351","51","35176653"
"KN296253v1","38969","39263","JH378139","18955642","18955939","37","18916673"
"KN296253v1","78609","78884","JH378178","5132283","5132554","43","5053674"
"KN296253v1","114940","115244","JH378161","8489866","8490175","37","8374926"
"KN296253v1","141817","142109","JH378106","69959827","69960121","39","69818010"
"KN296253v1","145619","145928","JH378139","1159515","1159824","42","1013896"
"KN296253v1","250518","250831","JH378114","19808022","19808330","38","19557504"
"KN296253v1","383027","383156","JH378107","45902031","45902159","19","45519004"
"KN296253v1","428640","428951","JH378181","6657533","6657829","39","6228893"
"KN296253v1","441103","441382","JH378177","6664715","6664994","35","6223612"
"KN296253v1","457284","457566","JH378107","6777979","6778263","39","6320695"
"KN296253v1","513392","513692","JH378181","6657533","6657829","31","6144141"
"KN296253v1","555744","556035","JH378241","5492398","5492696","35","4936654"
"KN296253v1","573359","573670","JH378115","26640201","26640508","33","26066842"
"KN296253v1","587014","587314","JH378170","4783494","4783792","39","4196480"
"KN296253v1","613351","613660","JH378137","418029","418333","33","195322"
"KN296253v1","622431","622730","JH378110","44458587","44458889","38","43836156"
"KN296253v1","669267","669545","JH378119","4226584","4226862","31","3557317"
"KN296253v1","742905","743215","JH378120","16327645","16327955","37","15584740"
"KN296253v1","783320","783592","JH378145","5554297","5554570","30","4770977"
"KN296253v1","898798","899109","JH378139","18632207","18632516","34","17733409"
"KN296253v1","931425","931726","JH378131","18080937","18081235","39","17149512"
"KN296253v1","1047253","1047554","JH378112","41169317","41169618","35","40122064"
"KN296253v1","1056546","1056841","JH378151","8381511","8381803","36","7324965"
"KN296253v1","1085638","1085948","JH378105","54654842","54655153","36","53569204"
"KN296253v1","1113892","1113941","JH378118","7486179","7486232","16","6372287"
"KN296253v1","1258298","1258591","JH378106","1255495","1255784","37","2803"
"KN296253v1","1321615","1321833","JH378114","41000397","41000619","33","39678782"
"KN296253v1","1337307","1337595","JH378105","30024561","30024853","43","28687254"
"KN296253v1","1351708","1351998","JH378201","7669249","7669540","41","6317541"
"KN296253v1","1354629","1354911","JH378112","33911252","33911534","33","32556623"
"KN296253v1","1369463","1369759","JH378159","15717599","15717893","38","14348136"
"KN296253v1","1371153","1371455","JH378151","7439461","7439762","34","6068308"
"KN296253v1","1397252","1397561","JH378126","21026752","21027059","33","19629500"
"KN296253v1","1496635","1496822","JH378145","7038659","7038858","35","5542024"
"KN296253v1","1509911","1510222","JH378167","5351158","5351469","35","3841247"
"KN296253v1","1552319","1552635","JH378120","16327645","16327955","42","14775326"
"KN296253v1","1602961","1603255","JH378216","3208225","3208520","45","1605264"
"KN296254v1","85","233","JH378198","1307436","1307583","17","1307351"
"KN296255v1","776546","776827","JH378144","7596090","7596371","35","6819544"
"KN296255v1","786843","786996","JH378216","6358426","6358579","36","5571583"
"KN296255v1","933490","933800","JH378350","61853","62164","35","871637"
"KN296255v1","1093699","1093991","JH378198","7866211","7866503","38","6772512"
"KN296258v1","81366","81664","JH378151","9308689","9308986","31","9227323"
"KN296258v1","87751","88062","JH378113","15204256","15204564","34","15116505"
"KN296258v1","127846","128153","JH378197","7145768","7146073","34","7017922"
"KN296258v1","281960","282227","JH378156","11364071","11364340","44","11082111"
"KN296258v1","284330","284597","JH378156","11364071","11364340","44","11079741"
"KN296261v1","7962","8271","JH378137","19401998","19402301","35","19394036"
"KN296261v1","48327","48637","JH378126","21026752","21027059","31","20978425"
"KN296261v1","80907","81217","JH378110","36229966","36230270","39","36149059"
"KN296261v1","84770","85077","JH378126","21026752","21027059","34","20941982"
"KN296261v1","102249","102547","JH378170","8002947","8003234","51","7900698"
"KN296261v1","132183","132450","JH378141","9638588","9638850","48","9506405"
"KN296261v1","187830","188125","JH378127","12493801","12494092","33","12305971"
"KN296261v1","232237","232533","JH378116","24828904","24829200","37","24596667"
"KN296261v1","266129","266418","JH378135","15848457","15848750","47","15582328"
"KN296261v1","270314","270624","JH378109","48536846","48537146","46","48266532"
"KN296261v1","291215","291513","JH378137","18706406","18706704","38","18415191"
"KN296261v1","296764","296897","JH378137","4605041","4605173","15","4308277"
"KN296261v1","405955","406263","JH378105","22228188","22228489","43","21822233"
"KN296261v1","412340","412640","JH378107","556207","556505","32","143867"
"KN296261v1","444302","444477","JH378135","381040","381211","23","63262"
"KN296261v1","444478","444779","JH378165","3828934","3829228","56","3384456"
"KN296261v1","451970","452278","JH378110","19934311","19934616","35","19482341"
"KN296261v1","463700","463994","JH378137","17093543","17093840","50","16629843"
"KN296261v1","469076","469367","JH378117","16012668","16012962","41","15543592"
"KN296261v1","501282","501454","JH378130","16132146","16132321","22","15630864"
"KN296261v1","520262","520552","JH378188","9405557","9405849","37","8885295"
"KN296261v1","524557","524866","JH378276","3084977","3085283","30","2560420"
"KN296261v1","530148","530460","JH378105","140732","141039","41","389416"
"KN296261v1","561516","561792","JH378197","6211871","6212154","46","5650355"
"KN296261v1","618776","619066","JH378151","8381511","8381803","39","7762735"
"KN296262v1","369639","369940","JH378137","2227057","2227350","60","1857418"
"KN296262v1","451820","452125","JH378126","21026752","21027059","33","20574932"
"KN296262v1","455650","455958","JH378129","22416141","22416449","38","21960491"
"KN296262v1","530576","530883","JH378112","32328727","32329028","37","31798151"
"KN296263v1","121052","121360","JH378197","7145768","7146073","35","7024716"
"KN296263v1","128538","128845","JH378130","1202684","1202989","34","1074146"
"KN296263v1","205019","205313","JH378169","7335650","7335946","35","7130631"
"KN296263v1","220665","220968","JH378126","21026752","21027059","41","20806087"
"KN296263v1","388740","389050","JH378112","31219960","31220265","32","30831220"
"KN296263v1","404801","405111","JH378146","3351264","3351574","31","2946463"
"KN296263v1","431757","432048","JH378108","42296533","42296820","37","41864776"
"KN296263v1","464912","465212","JH378122","10686670","10686967","35","10221758"
"KN296263v1","470785","471073","JH378119","16810033","16810314","50","16339248"
"KN296263v1","502522","502828","JH378197","7145768","7146073","35","6643246"
"KN296263v1","509417","509726","JH378126","21026752","21027059","29","20517335"
"KN296263v1","524967","525256","JH378204","2935067","2935361","30","2410100"
"KN296263v1","535880","536181","JH378122","10686670","10686967","36","10150790"
"KN296263v1","541562","541842","JH378152","10737028","10737308","35","10195466"
"KN296263v1","576278","576583","JH378127","12775619","12775924","32","12199341"
"KN296263v1","679629","679938","JH378153","15041168","15041477","39","14361539"
"KN296263v1","692119","692419","JH378139","5014522","5014816","40","4322403"
"KN296263v1","704967","705241","JH378157","7250539","7250813","37","6545572"
"KN296263v1","713292","713603","JH378320","58622","58932","32","654670"
"KN296263v1","744358","744638","JH378154","8910013","8910293","32","8165655"
"KN296263v1","804885","805129","JH378223","4629372","4629613","29","3824487"
"KN296263v1","847365","847664","JH378151","4318339","4318636","32","3470974"
"KN296263v1","847978","848270","JH378173","10591352","10591642","39","9743374"
"KN296263v1","866208","866517","JH378113","32045200","32045502","50","31178992"
"KN296263v1","870411","870702","JH378321","896363","896656","32","25952"
"KN296263v1","897903","898199","JH378124","17923330","17923624","36","17025427"
"KN296263v1","932771","933081","JH378106","60843849","60844159","35","59911078"
"KN296263v1","964504","964776","JH378255","2208479","2208755","49","1243975"
"KN296263v1","1020964","1021255","JH378105","33992488","33992780","41","32971524"
"KN296263v1","1045463","1045755","JH378108","1472065","1472357","27","426602"
"KN296263v1","1067759","1068069","JH378153","13313825","13314130","36","12246066"
"KN296263v1","1086034","1086315","JH378137","10158284","10158566","40","9072250"
"KN296263v1","1086348","1086367","JH378111","33423149","33423167","6","32336801"
"KN296263v1","1087399","1087713","JH378135","1042676","1042987","44","44723"
"KN296263v1","1098295","1098572","JH378108","17647538","17647819","58","16549243"
"KN296263v1","1107211","1107514","JH378198","4226780","4227075","39","3119569"
"KN296263v1","1128347","1128648","JH378107","32029619","32029921","33","30901272"
"KN296263v1","1129349","1129657","JH378216","7124506","7124797","53","5995157"
"KN296263v1","1135435","1135762","JH378105","41152511","41152836","61","40017076"
"KN296263v1","1153164","1153302","JH378105","69552885","69553025","29","68399721"
"KN296263v1","1217994","1218281","JH378194","2390312","2390602","36","1172318"
"KN296263v1","1219377","1219662","JH378236","733320","733615","36","486057"
"KN296263v1","1228368","1228681","JH378171","6181069","6181379","45","4952701"
"KN296263v1","1233352","1233705","JH378139","8257010","8257312","91","7023658"
"KN296263v1","1240165","1240478","JH378212","4556852","4557164","45","3316687"
"KN296263v1","1240479","1240745","JH378111","28313882","28314141","48","27073403"
"KN296266v1","2094","2389","JH378167","7707484","7707781","33","7705390"
"KN296266v1","5489","5820","JH378177","2845413","2845733","50","2839924"
"KN296266v1","23097","23139","JH378162","14556122","14556161","12","14533025"
"KN296266v1","27839","28044","JH378124","5978083","5978289","22","5950244"
"KN296266v1","28082","28363","JH378108","42296533","42296820","38","42268451"
"KN296266v1","33500","33801","JH378199","4482107","4482408","26","4448607"
"KN296266v1","38835","39127","JH378144","5748370","5748662","26","5709535"
"KN296266v1","51799","52091","JH378106","3052818","3053105","32","3001019"
"KN296266v1","52717","53021","JH378107","6565428","6565729","36","6512711"
"KN296266v1","114996","115298","JH378197","7145768","7146073","30","7030772"
"KN296266v1","136711","136989","JH378177","6664715","6664994","33","6528004"
"KN296266v1","143781","144036","JH378163","3836815","3837066","34","3693034"
"KN296268v1","25431","25636","JH378208","1496707","1496913","27","1471276"
"KN296268v1","479248","479575","JH378111","3295194","3295521","48","2815946"
"KN296268v1","559361","559577","JH378115","34902421","34902645","41","34343060"
"KN296268v1","658059","658231","JH378115","35387124","35387288","32","34729065"
"KN296268v1","721151","721465","JH378127","13030965","13031271","53","12309814"
"KN296268v1","774336","774625","JH378219","4311022","4311309","27","3536686"
"KN296268v1","802243","802504","JH378167","9228054","9228310","33","8425811"
"KN296268v1","913813","913970","JH378108","31033761","31033917","19","30119948"
"KN296268v1","929584","929879","JH378163","13372336","13372629","37","12442752"
"KN296268v1","1043352","1043597","JH378228","5372364","5372618","37","4329012"
"KN296268v1","1056485","1056793","JH378178","6686940","6687251","32","5630455"
"KN296268v1","1137759","1138057","JH378300","88803","89097","45","1048956"
"KN296268v1","1140035","1140343","JH378181","2052926","2053235","46","912891"
"KN296268v1","1151482","1151794","JH378126","21026752","21027059","37","19875270"
"KN296270v1","29077","29378","JH378227","1075047","1075344","38","1045970"
"KN296270v1","36227","36546","JH378126","21026752","21027059","45","20990525"
"KN296270v1","47102","47400","JH378149","1427296","1427590","41","1380194"
"KN296270v1","61622","61897","JH378167","10413598","10413872","37","10351976"
"KN296270v1","71874","72136","JH378190","8896172","8896436","39","8824298"
"KN296270v1","81259","81553","JH378121","29566176","29566469","35","29484917"
"KN296270v1","109383","109681","JH378236","733320","733615","39","623937"
"KN296270v1","153387","153628","AGCE01150955","1","234","34","153386"
"KN296270v1","220122","220439","JH378171","6181069","6181379","51","5960947"
"KN296270v1","233586","233731","JH378107","18799227","18799379","27","18565641"
"KN296270v1","233775","233900","JH378107","50570713","50570838","16","50336938"
"KN296270v1","269685","269994","JH378106","1705581","1705889","39","1435896"
"KN296270v1","296015","296323","JH378139","18632207","18632516","37","18336192"
"KN296270v1","302482","302775","JH378199","7593197","7593494","33","7290715"
"KN296270v1","304897","305151","JH378144","5009240","5009490","34","4704343"
"KN296270v1","307593","307868","JH378112","34550752","34551027","32","34243159"
"KN296270v1","310094","310407","JH378174","8010589","8010894","42","7700495"
"KN296270v1","481966","482262","JH378199","1071038","1071332","36","589072"
"KN296270v1","495396","495652","JH378144","16198935","16199190","41","15703539"
"KN296270v1","549048","549350","JH378126","744106","744408","36","195058"
"KN296270v1","561644","561929","JH378281","1689088","1689373","37","1127444"
"KN296270v1","563112","563415","JH378144","18239514","18239805","35","17676402"
"KN296270v1","565871","566169","JH378119","21236610","21236894","51","20670739"
"KN296270v1","576085","576374","JH378281","2947044","2947332","31","2370959"
"KN296270v1","809775","810057","JH378142","1564149","1564427","49","754374"
"KN296270v1","811512","811811","JH378126","21026752","21027059","42","20215240"
"KN296271v1","138741","139039","JH378159","2054904","2055199","39","1916163"
"KN296271v1","494172","494413","JH378190","6731874","6732109","39","6237702"
"KN296275v1","413951","414264","JH378108","47253667","47253977","40","46839716"
"KN296277v1","1","195","JH378105","59528195","59528393","40","59528194"
"KN296277v1","10080","10368","JH378153","7392982","7393269","38","7382902"
"KN296277v1","27609","27906","JH378116","28869529","28869826","37","28841920"
"KN296277v1","36883","37130","JH378125","7358700","7358942","28","7321817"
"KN296277v1","58380","58691","JH378115","16925265","16925575","36","16866885"
"KN296277v1","73167","73430","JH378106","70483264","70483525","29","70410097"
"KN296277v1","128449","128757","JH378123","491683","491985","44","363234"
"KN296277v1","207382","207679","JH378170","4783494","4783792","30","4576112"
"KN296278v1","24721","25021","JH378163","2667861","2668158","43","2643140"
"KN296278v1","174209","174525","JH378143","4143675","4143987","53","3969466"
"KN296278v1","270469","270782","JH378225","6457829","6458137","35","6187360"
"KN296278v1","284417","284714","JH378139","18955642","18955939","34","18671225"
"KN296278v1","413259","413568","JH378195","1736539","1736846","39","1323280"
"KN296278v1","477806","478114","JH378166","1276502","1276806","37","798696"
"KN296278v1","539277","539580","JH378110","17939865","17940175","44","17400588"
"KN296278v1","575787","576085","JH378242","2810839","2811138","41","2235052"
"KN296278v1","653963","654265","JH378109","8763411","8763680","61","8109448"
"KN296278v1","732298","732586","JH378116","1833573","1833859","38","1101275"
"KN296278v1","734924","735235","JH378120","16327645","16327955","43","15592721"
"KN296280v1","168123","168421","JH378117","8530026","8530322","36","8361903"
"KN296280v1","314080","314362","JH378174","4130472","4130753","39","3816392"
"KN296280v1","410520","410817","JH378316","409965","410264","32","555"
"KN296280v1","442030","442341","JH378156","9166475","9166782","35","8724445"
"KN296280v1","490696","491001","JH378111","25473856","25474161","44","24983160"
"KN296280v1","546369","546660","JH378115","15074587","15074883","37","14528218"
"KN296280v1","569153","569292","JH378297","2217238","2217375","19","1648085"
"KN296280v1","569295","569587","JH378105","21630016","21630306","41","21060721"
"KN296280v1","577000","577309","JH378115","26640201","26640508","37","26063201"
"KN296280v1","577551","577848","JH378112","21695596","21695889","41","21118045"
"KN296280v1","594779","595093","JH378113","6692573","6692881","38","6097794"
"KN296280v1","621728","622039","JH378177","2686909","2687219","40","2065181"
"KN296280v1","638604","638913","JH378223","4747795","4748100","49","4109191"
"KN296280v1","649845","650139","JH378163","13372336","13372629","26","12722491"
"KN296281v1","33215","33510","JH378127","11534655","11534952","38","11501440"
"KN296281v1","92901","93212","JH378172","9566909","9567221","43","9474008"
"KN296281v1","98773","99083","JH378114","17527220","17527528","40","17428447"
"KN296281v1","115229","115489","JH378157","10852841","10853102","45","10737612"
"KN296281v1","123503","123811","JH378129","22128248","22128551","40","22004745"
"KN296281v1","138598","138887","JH378159","11461654","11461947","36","11323056"
"KN296281v1","138989","139287","JH378148","14962994","14963296","58","14824005"
"KN296281v1","169670","169989","JH378126","21026752","21027059","52","20857082"
"KN296281v1","170882","171177","JH378108","30737072","30737361","52","30566190"
"KN296281v1","252178","252485","JH378111","32787449","32787755","35","32535271"
"KN296281v1","270627","270810","JH378189","526756","526929","31","256129"
"KN296281v1","276573","276883","JH378115","23108144","23108450","33","22831571"
"KN296281v1","322039","322335","JH378173","2753783","2754078","48","2431744"
"KN296281v1","326506","326801","JH378115","28712376","28712673","31","28385870"
"KN296281v1","353742","354040","JH378170","4783494","4783792","35","4429752"
"KN296281v1","365115","365429","JH378167","5351158","5351469","33","4986043"
"KN296281v1","369889","370193","JH378170","4783494","4783792","34","4413605"
"KN296281v1","400993","401124","JH378196","3303441","3303572","16","2902448"
"KN296281v1","415748","416047","JH378115","25570507","25570808","36","25154759"
"KN296281v1","429812","430104","JH378123","7442668","7442959","39","7012856"
"KN296287v1","21311","21610","JH378198","6294233","6294526","39","6272922"
"KN296287v1","53826","54123","JH378113","14455819","14456118","49","14401993"
"KN296287v1","69401","69672","JH378276","837127","837400","35","767726"
"KN296287v1","69679","69973","JH378105","5083926","5084210","56","5014247"
"KN296290v1","180941","181239","JH378139","16259084","16259375","39","16078143"
"KN296290v1","405622","405930","JH378105","22130880","22131185","34","21725258"
"KN296290v1","432998","433083","JH378122","7615751","7615835","17","7182753"
"KN296290v1","444517","444810","JH378111","42787057","42787349","32","42342540"
"KN296290v1","446772","447076","JH378284","1163902","1164203","39","717130"
"KN296290v1","474635","474769","JH378123","26422000","26422130","16","25947365"
"KN296290v1","475083","475267","JH378106","68950565","68950746","29","68475482"
"KN296290v1","485849","486154","JH378126","23919556","23919859","32","23433707"
"KN296290v1","487184","487482","JH378228","5509057","5509356","30","5021873"
"KN296290v1","490291","490579","JH378139","16259084","16259375","45","15768793"
"KN296290v1","490852","491132","JH378121","11236273","11236546","46","10745421"
"KN296290v1","493090","493402","JH378224","2769148","2769454","46","2276058"
"KN296290v1","495240","495322","JH378197","5645368","5645454","9","5150128"
"KN296290v1","504698","504993","JH378131","20072845","20073138","34","19568147"
"KN296290v1","512656","512965","JH378146","149691","150003","34","362965"
"KN296290v1","516311","516476","JH378164","4938440","4938604","23","4422129"
"KN296290v1","564626","564905","AGCE01150543","1","288","33","564625"
"KN296290v1","568540","568801","JH378141","18958441","18958699","38","18389901"
"KN296290v1","579538","579815","JH378143","6961082","6961362","36","6381544"
"KN296290v1","620224","620494","JH378148","13000993","13001265","37","12380769"
"KN296290v1","624506","624819","JH378181","2052926","2053235","38","1428420"
"KN296290v1","630574","630875","JH378115","28712376","28712673","38","28081802"
"KN296290v1","633512","633680","JH378106","34695091","34695267","38","34061579"
"KN296290v1","651617","651830","JH378110","30347433","30347646","28","29695816"
"KN296290v1","687283","687576","JH378228","5509057","5509356","32","4821774"
"KN296290v1","711908","712219","JH378167","5351158","5351469","23","4639250"
"KN296290v1","774642","774953","JH378115","26640201","26640508","30","25865559"
"KN296290v1","776709","776905","JH378139","7632711","7632902","41","6856002"
"KN296290v1","835857","836146","JH378121","29566176","29566469","28","28730319"
"KN296290v1","871849","872119","JH378232","4440670","4440939","34","3568821"
"KN296290v1","884552","884835","JH378140","14073854","14074132","38","13189302"
"KN296290v1","930812","930980","JH378129","24886943","24887111","20","23956131"
"KN296290v1","934611","934904","JH378105","30024561","30024853","44","29089950"
"KN296290v1","1087541","1087850","JH378115","34859185","34859494","36","33771644"
"KN296290v1","1089381","1089684","JH378207","3169344","3169645","37","2079963"
"KN296290v1","1100548","1100833","JH378226","5396007","5396291","39","4295459"
"KN296290v1","1138074","1138354","JH378163","8341900","8342184","35","7203826"
"KN296290v1","1142643","1142957","JH378109","36793210","36793518","35","35650567"
"KN296290v1","1144038","1144349","JH378205","4497688","4497989","36","3353650"
"KN296290v1","1147115","1147403","JH378146","15842872","15843162","45","14695757"
"KN296290v1","1148000","1148304","JH378110","38574281","38574582","39","37426281"
"KN296290v1","1152876","1153178","JH378228","5509057","5509356","31","4356181"
"KN296290v1","1193091","1193371","JH378176","1295936","1296216","32","102845"
"KN296290v1","1212304","1212589","JH378109","44911835","44912116","31","43699531"
"KN296290v1","1242768","1243077","JH378126","21026752","21027059","31","19783984"
"KN296290v1","1251333","1251647","JH378281","2950232","2950541","43","1698899"
"KN296290v1","1308277","1308574","JH378182","2123497","2123792","45","815220"
"KN296290v1","1314620","1314929","JH378126","21026752","21027059","35","19712132"
"KN296290v1","1359734","1360031","JH378143","7314491","7314782","39","5954757"
"KN296290v1","1377016","1377317","JH378115","25570507","25570808","32","24193491"
"KN296290v1","1773152","1773455","JH378207","4818937","4819241","33","3045785"
"KN296290v1","1794839","1795157","JH378239","3940828","3941139","52","2145989"
"KN296290v1","1875324","1875611","JH378198","1596143","1596429","29","279181"
"KN296290v1","1900372","1900671","JH378151","4318339","4318636","35","2417967"
"KN296290v1","1926381","1926672","JH378139","16259084","16259375","32","14332703"
"KN296290v1","2067896","2068184","JH378108","42296533","42296820","34","40228637"
"KN296290v1","2193811","2194094","JH378111","6187370","6187654","46","3993559"
"KN296290v1","2272725","2272960","JH378117","7889808","7890055","46","5617083"
"KN296290v1","2495842","2496141","JH378243","4648971","4649267","34","2153129"
"KN296290v1","2737313","2737455","JH378118","35272454","35272596","14","32535141"
"KN296290v1","2750112","2750408","JH378121","29566176","29566469","39","26816064"
"KN296290v1","2754859","2755174","JH378181","4056272","4056582","49","1301413"
"KN296290v1","2791026","2791325","JH378137","18261330","18261634","36","15470304"
"KN296290v1","2795576","2795702","JH378123","20188317","20188431","41","17392741"
"KN296290v1","2796131","2796262","JH378112","34523139","34523278","24","31727008"
"KN296290v1","2807378","2807691","JH378149","2347648","2347955","50","459730"
"KN296290v1","2819549","2819858","JH378115","15581792","15582101","35","12762243"
"KN296290v1","2879899","2880211","JH378114","412674","412980","44","2467225"
"KN296290v1","2972460","2972772","JH378140","7338564","7338875","34","4366104"
"KN296292v1","14764","15065","JH378151","4318339","4318636","34","4303575"
"KN296292v1","20658","20941","JH378178","6966092","6966381","53","6945434"
"KN296292v1","35175","35278","JH378106","10145126","10145228","23","10109951"
"KN296292v1","47505","47807","JH378181","2393882","2394177","46","2346377"
"KN296292v1","49517","49831","JH378110","42454593","42454892","50","42405076"
"KN296292v1","64572","64850","JH378238","4530794","4531075","33","4466222"
"KN296292v1","66065","66362","JH378145","2733878","2734174","31","2667813"
"KN296292v1","81271","81506","JH378216","2168007","2168237","38","2086736"
"KN296292v1","130554","130846","JH378139","19252318","19252611","39","19121764"
"KN296292v1","136007","136294","JH378194","2390312","2390602","33","2254305"
"KN296292v1","143810","144117","JH378130","1202684","1202989","32","1058874"
"KN296292v1","162127","162407","JH378153","7392982","7393269","39","7230855"
"KN296292v1","177450","177748","JH378157","2098752","2099044","33","1921302"
"KN296292v1","185337","185593","JH378167","9228054","9228310","35","9042717"
"KN296292v1","222554","222843","JH378142","12979191","12979481","32","12756637"
"KN296292v1","224908","225207","JH378123","48357","48656","39","176551"
"KN296292v1","255907","256197","JH378120","30513421","30513713","34","30257514"
"KN296292v1","305867","305907","JH378162","14556122","14556161","7","14250255"
"KN296294v1","9378","9681","JH378198","4226780","4227075","42","4217402"
"KN296294v1","49596","49903","JH378115","26640201","26640508","35","26590605"
"KN296294v1","92607","92734","JH378106","69636863","69636985","12","69544256"
"KN296294v1","102712","103017","JH378126","21026752","21027059","33","20924040"
"KN296294v1","103571","103886","JH378113","6613006","6613316","43","6509435"
"KN296294v1","109651","109952","JH378155","15098133","15098431","34","14988482"
"KN296294v1","110655","110796","JH378193","1999859","2000000","22","1889204"
"KN296294v1","118615","118919","JH378115","34859185","34859494","34","34740570"
"KN296294v1","119177","119478","JH378140","4207479","4207781","34","4088302"
"KN296294v1","121501","121802","JH378125","15893280","15893581","31","15771779"
"KN296294v1","135556","135858","JH378184","443270","443568","35","307714"
"KN296294v1","146683","146963","JH378176","1295936","1296216","36","1149253"
"KN296294v1","151076","151359","JH378115","32601017","32601297","41","32449941"
"KN296294v1","192921","193238","JH378197","7145768","7146073","42","6952847"
"KN296294v1","202752","203048","JH378216","6814492","6814786","37","6611740"
"KN296294v1","207097","207277","JH378178","9673051","9673231","25","9465954"
"KN296294v1","207350","207463","JH378118","28948328","28948441","13","28740978"
"KN296294v1","210051","210355","JH378288","1088673","1088973","38","878622"
"KN296294v1","222293","222587","JH378146","9754214","9754514","40","9531921"
"KN296294v1","259740","260035","JH378119","11538542","11538840","43","11278802"
"KN296294v1","282024","282317","JH378115","23204052","23204351","43","22922028"
"KN296294v1","448767","449073","JH378114","7122925","7123229","42","6674158"
"KN296294v1","688268","688557","JH378142","8284030","8284318","36","7595762"
"KN296294v1","781757","781901","JH378197","1641753","1641902","20","859996"
"KN296294v1","807784","808084","JH378127","19048485","19048788","42","18240701"
"KN296294v1","979153","979464","JH378139","17878350","17878657","32","16899197"
"KN296295v1","89479","89756","JH378180","707969","708253","41","618490"
"KN296295v1","141422","141675","JH378151","8290347","8290596","33","8148925"
"KN296295v1","398002","398251","JH378164","8068477","8068731","44","7670475"
"KN296295v1","417134","417448","JH378154","14645442","14645751","39","14228308"
"KN296296v1","6825","6969","JH378110","29606759","29606899","19","29599934"
"KN296296v1","17130","17439","JH378105","20766961","20767255","62","20749831"
"KN296296v1","22072","22214","JH378131","12887298","12887448","20","12865226"
"KN296296v1","52502","52795","JH378135","20208650","20208946","37","20156148"
"KN296296v1","57829","58109","JH378115","16616557","16616837","39","16558728"
"KN296296v1","58972","59268","JH378106","69239155","69239449","38","69180183"
"KN296296v1","66577","66865","JH378153","7392982","7393269","34","7326405"
"KN296296v1","102813","103064","JH378232","311573","311811","36","208760"
"KN296296v1","125400","125714","JH378106","1533545","1533849","45","1408145"
"KN296296v1","149909","149963","JH378144","721256","721315","16","571347"
"KN296296v1","167843","168113","JH378119","22503503","22503772","38","22335660"
"KN296296v1","177543","177836","JH378115","28915064","28915356","39","28737521"
"KN296296v1","181209","181523","JH378115","23201999","23202310","36","23020790"
"KN296296v1","181869","182125","JH378144","16198935","16199190","32","16017066"
"KN296296v1","196067","196371","JH378197","7145768","7146073","31","6949701"
"KN296296v1","207030","207332","JH378138","5380451","5380753","40","5173421"
"KN296296v1","210960","211234","JH378323","366763","367038","36","155803"
"KN296296v1","218374","218664","JH378293","2045148","2045440","40","1826774"
"KN296296v1","227112","227407","JH378176","9716970","9717264","31","9489858"
"KN296296v1","241454","241763","JH378111","32787449","32787755","38","32545995"
"KN296296v1","247802","247948","JH378242","5207697","5207843","21","4959895"
"KN296296v1","247974","248080","JH378105","16752120","16752217","26","16504146"
"KN296296v1","249012","249315","JH378110","44458587","44458889","35","44209575"
"KN296296v1","284163","284422","JH378112","34980893","34981146","42","34696730"
"KN296296v1","294303","294614","JH378224","4648914","4649225","36","4354611"
"KN296296v1","300980","301235","JH378119","28597739","28597991","44","28296759"
"KN296296v1","337051","337347","JH378213","3244672","3244969","37","2907621"
"KN296296v1","342086","342372","JH378257","306686","306988","48","35400"
"KN296296v1","349726","350028","JH378228","5509057","5509356","29","5159331"
"KN296296v1","354671","354970","JH378122","10686670","10686967","37","10331999"
"KN296296v1","366874","367171","JH378265","2263256","2263553","38","1896382"
"KN296296v1","383650","383947","JH378105","33500896","33501193","33","33117246"
"KN296296v1","418550","418657","JH378151","6571409","6571523","13","6152859"
"KN296296v1","433022","433324","JH378124","15582898","15583197","39","15149876"
"KN296296v1","437954","438257","JH378119","218814","219116","38","219140"
"KN296296v1","447936","448223","JH378156","3790615","3790901","36","3342679"
"KN296297v1","441","532","JH378118","12361096","12361186","15","12360655"
"KN296298v1","5620","5913","JH378170","4783494","4783792","29","4777874"
"KN296298v1","8608","8925","JH378125","1232970","1233271","58","1224362"
"KN296303v1","75591","75904","JH378149","11057149","11057455","52","10981558"
"KN296303v1","154736","155035","JH378207","3169344","3169645","37","3014608"
"KN296303v1","174036","174355","JH378109","16536051","16536366","46","16362015"
"KN296303v1","187563","187844","JH378124","10835797","10836078","39","10648234"
"KN296303v1","194780","195072","JH378108","1280624","1280912","38","1085844"
"KN296303v1","196320","196607","JH378118","8080567","8080852","33","7884247"
"KN296303v1","198212","198502","JH378106","1432798","1433085","37","1234586"
"KN296303v1","210720","211020","JH378207","2645493","2645787","53","2434773"
"KN296303v1","213221","213502","JH378106","8577573","8577851","43","8364352"
"KN296303v1","214265","214581","JH378126","21026752","21027059","46","20812487"
"KN296303v1","222560","222660","JH378136","12249147","12249250","18","12026587"
"KN296303v1","222973","223179","JH378112","26703973","26704182","28","26481000"
"KN296303v1","223483","223600","JH378257","3843104","3843222","22","3619621"
"KN296303v1","234944","235217","JH378147","12499054","12499335","42","12264110"
"KN296303v1","244473","244782","JH378135","1042676","1042987","36","798203"
"KN296303v1","267585","267893","JH378115","25041145","25041450","34","24773560"
"KN296303v1","286343","286638","JH378170","4783494","4783792","33","4497151"
"KN296303v1","288109","288407","JH378134","14950625","14950917","42","14662516"
"KN296303v1","301757","302073","JH378116","32477157","32477465","45","32175400"
"KN296303v1","308295","308594","JH378199","7593197","7593494","34","7284902"
"KN296303v1","318182","318476","JH378205","5080625","5080919","36","4762443"
"KN296303v1","398158","398304","JH378127","1001110","1001260","17","602952"
"KN296303v1","447931","448035","JH378148","7011338","7011442","18","6563407"
"KN296303v1","448040","448328","JH378206","2528694","2528986","34","2080654"
"KN296303v1","539945","540258","JH378105","16387360","16387679","44","15847415"
"KN296303v1","548374","548651","JH378241","315032","315313","32","233342"
"KN296303v1","560272","560577","JH378321","363021","363326","27","197251"
"KN296303v1","580468","580748","JH378188","347155","347436","45","233313"
"KN296303v1","607659","607796","JH378115","27019860","27019996","12","26412201"
"KN296305v1","74234","74400","JH378115","1806770","1806933","18","1732536"
"KN296305v1","124540","124855","JH378253","315934","316240","38","191394"
"KN296305v1","658651","658931","JH378117","29902289","29902570","35","29243638"
"KN296305v1","662959","663254","JH378137","6554559","6554852","40","5891600"
"KN296305v1","720781","721063","JH378182","3623832","3624120","47","2903051"
"KN296305v1","728211","728522","JH378206","6984481","6984785","35","6256270"
"KN296305v1","836424","836722","JH378151","8383257","8383567","39","7546833"
"KN296305v1","851515","851843","JH378108","25028572","25028904","46","24177057"
"KN296305v1","868848","869135","JH378106","3052818","3053105","45","2183970"
"KN296305v1","916566","916875","JH378126","21026752","21027059","35","20110186"
"KN296305v1","933283","933570","JH378134","19139846","19140132","37","18206563"
"KN296306v1","3800997","3801289","JH378152","11319672","11319966","30","7518675"
"KN296306v1","47509","47820","JH378120","16327645","16327955","34","16280136"
"KN296306v1","92116","92422","JH378139","19180439","19180749","35","19088323"
"KN296306v1","186959","187255","JH378184","233024","233316","46","46065"
"KN296306v1","209386","209699","JH378185","2584117","2584430","44","2374731"
"KN296306v1","359762","360066","JH378127","11675887","11676180","43","11316125"
"KN296306v1","362169","362336","JH378105","13261414","13261582","25","12899245"
"KN296306v1","362370","362464","JH378124","26782611","26782698","26","26420241"
"KN296306v1","436476","436593","JH378118","28948328","28948441","15","28511852"
"KN296306v1","436640","436652","JH378222","6582013","6582023","6","6145373"
"KN296306v1","436686","436856","JH378135","381040","381211","22","55646"
"KN296306v1","444749","445058","JH378334","216671","216977","38","228078"
"KN296306v1","480076","480406","JH378116","33327632","33327954","48","32847556"
"KN296306v1","879869","880156","JH378153","5259027","5259313","24","4379158"
"KN296306v1","946625","946925","JH378220","2784017","2784313","31","1837392"
"KN296306v1","982578","982891","JH378223","4747795","4748100","49","3765217"
"KN296306v1","994123","994168","JH378266","2888473","2888515","12","1894350"
"KN296306v1","1261873","1262082","JH378124","19579265","19579476","32","18317392"
"KN296306v1","1288756","1289066","JH378119","6124403","6124708","40","4835647"
"KN296306v1","1314248","1314549","JH378220","2200574","2200870","32","886326"
"KN296306v1","1324545","1324837","JH378138","5380451","5380753","38","4055906"
"KN296306v1","1338165","1338467","JH378110","19934311","19934616","45","18596146"
"KN296306v1","1731081","1731387","JH378226","6269505","6269810","44","4538424"
"KN296306v1","1761371","1761670","JH378115","34630697","34630989","53","32869326"
"KN296306v1","1794634","1794906","JH378105","64255593","64255863","37","62460959"
"KN296306v1","2108472","2108788","JH378113","6692573","6692881","40","4584101"
"KN296306v1","2251225","2251530","JH378115","25041145","25041450","42","22789920"
"KN296306v1","2261957","2262239","JH378323","366763","367038","40","1895194"
"KN296306v1","2300099","2300413","JH378319","188366","188673","37","2111733"
"KN296306v1","2565972","2566258","JH378177","8926683","8926970","44","6360711"
"KN296306v1","2619078","2619349","JH378209","4842248","4842525","38","2223170"
"KN296306v1","2727830","2728129","JH378137","7407944","7408236","45","4680114"
"KN296306v1","2743839","2744184","JH378234","15187","15512","66","2728652"
"KN296306v1","2783100","2783404","JH378114","41984339","41984648","46","39201239"
"KN296306v1","2843519","2843829","JH378140","6883086","6883394","39","4039567"
"KN296306v1","2902110","2902294","JH378190","4141886","4142069","23","1239776"
"KN296306v1","2936230","2936537","JH378162","12009235","12009540","40","9073005"
"KN296306v1","3152680","3152990","JH378133","9511493","9511805","35","6358813"
"KN296306v1","3336108","3336401","JH378106","6826425","6826714","36","3490317"
"KN296306v1","3379778","3380091","JH378114","42170708","42171016","32","38790930"
"KN296306v1","3426429","3426733","JH378159","5493568","5493869","35","2067139"
"KN296306v1","3589571","3589884","JH378126","21026752","21027059","37","17437181"
"KN296306v1","3600999","3601252","JH378299","754859","755115","44","2846140"
"KN296306v1","3615140","3615424","JH378106","9913093","9913375","44","6297953"
"KN296306v1","3643649","3643944","JH378144","5748370","5748662","44","2104721"
"KN296306v1","3715190","3715474","JH378182","9240926","9241205","32","5525736"
"KN296306v1","3775802","3776108","JH378110","19934311","19934616","34","16158509"
"KN296306v1","3797572","3797856","JH378130","10454401","10454691","40","6656829"
"KN296306v1","3814575","3814868","JH378111","12244365","12244655","35","8429790"
"KN296306v1","3820892","3821178","JH378131","23308012","23308301","36","19487120"
"KN296306v1","3839735","3840046","JH378220","2694389","2694700","38","1145346"
"KN296306v1","3858699","3858988","JH378149","13456174","13456477","52","9597475"
"KN296307v1","21457","21647","JH378112","29360954","29361133","49","29339497"
"KN296307v1","42268","42574","JH378116","77424","77732","33","35156"
"KN296307v1","71791","72098","JH378137","14049327","14049630","45","13977536"
"KN296307v1","76592","76880","JH378159","11461654","11461947","40","11385062"
"KN296307v1","108114","108425","JH378126","21026752","21027059","41","20918638"
"KN296307v1","112170","112451","JH378188","347155","347436","39","234985"
"KN296307v1","145951","146275","JH378140","7338564","7338875","42","7192613"
"KN296308v1","218314","218401","JH378111","31190793","31190879","15","30972479"
"KN296308v1","218464","218773","JH378281","2950232","2950541","32","2731768"
"KN296308v1","247164","247475","JH378126","21026752","21027059","37","20779588"
"KN296308v1","261746","262046","JH378106","6434398","6434702","38","6172652"
"KN296308v1","348159","348462","JH378110","19934311","19934616","41","19586152"
"KN296308v1","415573","415851","JH378114","20276504","20276786","38","19860931"
"KN296308v1","416773","417090","JH378135","1042676","1042987","36","625903"
"KN296308v1","438415","438727","JH378108","30731255","30731558","48","30292840"
"KN296308v1","507386","507695","JH378116","22943305","22943613","36","22435919"
"KN296308v1","565528","565803","JH378157","9676550","9676840","46","9111022"
"KN296308v1","604085","604365","JH378137","7745755","7746044","40","7141670"
"KN296308v1","653576","653888","JH378320","58622","58932","33","594954"
"KN296308v1","654167","654473","JH378110","38852916","38853220","31","38198749"
"KN296308v1","675842","676140","JH378109","19158683","19158983","32","18482841"
"KN296308v1","677486","677778","JH378133","12992709","12992995","55","12315223"
"KN296308v1","686403","686712","JH378206","4086994","4087300","40","3400591"
"KN296308v1","687442","687751","JH378264","2773729","2774039","35","2086287"
"KN296308v1","693082","693360","JH378113","28252367","28252645","34","27559285"
"KN296308v1","695216","695518","JH378309","1381353","1381661","46","686137"
"KN296308v1","755688","755990","JH378288","1088673","1088973","29","332985"
"KN296308v1","761647","761871","JH378125","3194857","3195090","45","2433210"
"KN296308v1","769681","769959","JH378142","1564149","1564427","38","794468"
"KN296308v1","798008","798311","JH378262","456547","456851","38","341461"
"KN296308v1","798717","799017","JH378115","25570507","25570808","42","24771790"
"KN296308v1","805100","805406","JH378126","21026752","21027059","36","20221652"
"KN296308v1","810255","810542","JH378265","2263256","2263553","37","1453001"
"KN296308v1","845946","846240","JH378288","1088673","1088973","45","242727"
"KN296308v1","870364","870671","JH378139","18632207","18632516","32","17761843"
"KN296308v1","872755","873055","JH378119","18174954","18175252","34","17302199"
"KN296308v1","887196","887501","JH378148","15796597","15796901","33","14909401"
"KN296308v1","892806","893104","JH378242","97287","97580","35","795519"
"KN296308v1","896214","896498","JH378204","3540391","3540677","40","2644177"
"KN296308v1","896500","896799","JH378199","1071038","1071332","31","174538"
"KN296308v1","937396","937701","JH378138","5380451","5380753","38","4443055"
"KN296308v1","939740","940013","JH378115","31744208","31744484","36","30804468"
"KN296308v1","943624","943926","JH378108","30731255","30731558","33","29787631"
"KN296308v1","961604","961914","JH378115","25041145","25041450","41","24079541"
"KN296308v1","998778","999067","JH378108","54651268","54651558","31","53652490"
"KN296308v1","999604","999903","JH378220","2784017","2784313","29","1784413"
"KN296308v1","1037789","1038088","JH378203","220054","220352","49","817735"
"KN296308v1","1131818","1132051","JH378157","7834654","7834884","26","6702836"
"KN296308v1","1144070","1144353","JH378305","1335286","1335564","40","191216"
"KN296308v1","1154702","1154985","JH378139","18683373","18683655","34","17528671"
"KN296308v1","1161842","1162141","JH378293","1524576","1524874","27","362734"
"KN296308v1","1164806","1165026","JH378225","5970323","5970547","27","4805517"
"KN296308v1","1185803","1186117","JH378119","7191913","7192221","41","6006110"
"KN296308v1","1215964","1216234","JH378177","6664715","6664994","45","5448751"
"KN296308v1","1217015","1217134","JH378298","2062411","2062524","24","845396"
"KN296308v1","1241451","1241596","JH378138","18880288","18880429","23","17638837"
"KN296308v1","1241627","1241746","JH378239","3905005","3905122","10","2663378"
"KN296308v1","1247673","1247983","JH378108","2228664","2228968","50","980991"
"KN296308v1","1255053","1255333","JH378142","18322987","18323264","35","17067934"
"KN296308v1","1264446","1264758","JH378245","483470","483776","37","780976"
"KN296308v1","1270694","1270987","JH378163","4115303","4115600","35","2844609"
"KN296308v1","1304136","1304431","JH378159","7875971","7876260","33","6571835"
"KN296308v1","1314222","1314309","JH378309","1184351","1184438","11","129871"
"KN296308v1","1332650","1332956","JH378137","19401998","19402301","33","18069348"
"KN296308v1","1345061","1345303","JH378217","230851","231102","37","1114210"
"KN296308v1","1346104","1346154","JH378220","4358775","4358824","6","3012671"
"KN296308v1","1346925","1347231","JH378108","54685977","54686273","38","53339052"
"KN296308v1","1353532","1353725","JH378217","951556","951750","39","401976"
"KN296308v1","1366913","1367128","JH378151","645312","645524","26","721601"
"KN296308v1","1367132","1367295","JH378120","7149658","7149817","22","5782526"
"KN296308v1","1374838","1374984","JH378193","4226831","4226978","14","2851993"
"KN296308v1","1376061","1376373","JH378216","4041576","4041888","38","2665515"
"KN296308v1","1380718","1381030","JH378126","21026752","21027059","40","19646034"
"KN296310v1","65123","65428","JH378126","21026752","21027059","37","20961629"
"KN296310v1","95513","95815","JH378126","21026752","21027059","32","20931239"
"KN296310v1","380711","381016","JH378204","6493604","6493911","35","6112893"
"KN296310v1","383867","384160","JH378164","7030318","7030607","36","6646451"
"KN296310v1","444793","444991","JH378286","411888","412082","29","32905"
"KN296310v1","659137","659210","JH378122","5560408","5560479","12","4901271"
"KN296310v1","659673","659914","JH378156","2923831","2924076","28","2264158"
"KN296310v1","725708","725984","JH378109","41150698","41150980","38","40424990"
"KN296310v1","1337552","1337844","JH378197","1526625","1526915","50","189073"
"KN296310v1","1346159","1346454","JH378113","6692573","6692881","41","5346414"
"KN296310v1","1347537","1347820","JH378106","45694871","45695163","39","44347334"
"KN296310v1","1393003","1393304","JH378288","1088673","1088973","34","304330"
"KN296311v1","5852","6155","JH378123","491683","491985","37","485831"
"KN296311v1","123671","123970","JH378120","15320951","15321249","30","15197280"
"KN296311v1","231993","232273","JH378149","11180138","11180421","39","10948145"
"KN296311v1","362840","363143","JH378115","25041145","25041450","30","24678305"
"KN296311v1","388767","389064","JH378119","11297197","11297495","43","10908430"
"KN296311v1","475081","475380","JH378137","11398263","11398561","46","10923182"
"KN296311v1","498797","499036","JH378125","7358700","7358942","36","6859903"
"KN296311v1","588427","588726","JH378161","10557464","10557760","38","9969037"
"KN296311v1","628266","628561","JH378125","4727308","4727603","31","4099042"
"KN296311v1","633684","633980","JH378106","70190586","70190881","34","69556902"
"KN296311v1","653295","653597","JH378246","2154157","2154450","38","1500862"
"KN296311v1","693089","693248","JH378142","4129359","4129514","25","3436270"
"KN296311v1","703951","704059","JH378225","890042","890151","29","186091"
"KN296311v1","704352","704510","JH378191","646109","646265","17","58243"
"KN296311v1","709231","709518","JH378105","3417808","3418095","35","2708577"
"KN296311v1","765288","765576","JH378247","2290754","2291038","45","1525466"
"KN296311v1","769924","770220","JH378117","8655323","8655624","46","7885399"
"KN296311v1","780370","780673","JH378106","49591625","49591929","38","48811255"
"KN296311v1","780683","780975","JH378220","2537784","2538076","32","1757101"
"KN296311v1","784046","784340","JH378122","10686670","10686967","41","9902624"
"KN296311v1","792229","792532","JH378125","15893280","15893581","33","15101051"
"KN296311v1","794272","794577","JH378127","22238831","22239131","38","21444559"
"KN296311v1","799978","800150","JH378105","13261414","13261582","22","12461436"
"KN296311v1","817062","817367","JH378316","245997","246306","36","571065"
"KN296311v1","831918","832073","JH378105","20877311","20877466","23","20045393"
"KN296311v1","832376","832510","JH378193","345676","345813","17","486700"
"KN296311v1","841093","841395","JH378137","17093543","17093840","37","16252450"
"KN296311v1","841798","842095","JH378173","10496777","10497072","34","9654979"
"KN296311v1","842516","842803","JH378140","14614995","14615287","30","13772479"
"KN296311v1","843178","843491","JH378106","70986080","70986388","38","70142902"
"KN296311v1","844665","844794","JH378218","3752894","3753026","15","2908229"
"KN296311v1","858698","859003","JH378206","6984481","6984785","35","6125783"
"KN296311v1","864249","864306","JH378144","721256","721315","10","142993"
"KN296311v1","882898","883191","JH378111","42787057","42787349","38","41904159"
"KN296311v1","897075","897386","JH378171","7791816","7792128","36","6894741"
"KN296311v1","928937","929247","JH378229","4120796","4121104","31","3191859"
"KN296311v1","951117","951418","JH378122","14416899","14417197","41","13465782"
"KN296311v1","963102","963404","JH378127","19048485","19048788","33","18085383"
"KN296311v1","964949","965238","JH378255","1308823","1309110","47","343874"
"KN296311v1","965707","966020","JH378112","37711276","37711587","47","36745569"
"KN296311v1","978070","978361","JH378107","27056287","27056566","41","26078217"
"KN296311v1","988401","988719","JH378107","26847524","26847838","39","25859123"
"KN296311v1","990782","991073","JH378172","12613516","12613807","28","11622734"
"KN296311v1","1004825","1005125","JH378151","4318339","4318636","37","3313514"
"KN296311v1","1018062","1018360","JH378115","25041145","25041450","41","24023083"
"KN296311v1","1019716","1020018","JH378110","28637180","28637481","30","27617464"
"KN296311v1","1068522","1068831","JH378112","32039939","32040242","50","30971417"
"KN296311v1","1096953","1097251","JH378164","7798428","7798724","31","6701475"
"KN296311v1","1112557","1112852","JH378118","27056689","27056995","50","25944132"
"KN296311v1","1210037","1210348","JH378119","6124403","6124708","41","4914366"
"KN296311v1","1215269","1215570","JH378116","22637654","22637953","37","21422385"
"KN296311v1","1242932","1243009","JH378105","49874651","49874731","10","48631719"
"KN296311v1","1299484","1299790","JH378126","21026752","21027059","32","19727268"
"KN296311v1","1355717","1356028","JH378120","16327645","16327955","36","14971928"
"KN296311v1","1485961","1486194","JH378171","8240188","8240412","40","6754227"
"KN296311v1","1763666","1763969","JH378110","19934311","19934616","29","18170645"
"KN296311v1","1781773","1781905","JH378123","11618393","11618525","18","9836620"
"KN296311v1","1883249","1883553","JH378224","2769148","2769454","35","885899"
"KN296311v1","1902892","1903183","JH378139","16259084","16259375","33","14356192"
"KN296311v1","2016861","2017140","JH378122","10829384","10829667","42","8812523"
"KN296311v1","2090067","2090395","JH378139","11329312","11329640","43","9239245"
"KN296311v1","2134660","2134947","JH378137","17271511","17271797","35","15136851"
"KN296311v1","2145323","2145592","JH378127","19204755","19205030","34","17059432"
"KN296311v1","2146051","2146343","JH378117","24258354","24258650","36","22112303"
"KN296311v1","2301519","2301811","JH378159","1426954","1427245","30","874565"
"KN296311v1","2357775","2358061","JH378118","14784020","14784304","37","12426245"
"KN296311v1","2432235","2432470","JH378158","12020955","12021179","45","9588720"
"KN296311v1","2447801","2448103","JH378288","1088673","1088973","31","1359128"
"KN296311v1","2468533","2468835","JH378138","5380451","5380753","38","2911918"
"KN296311v1","2497847","2498137","JH378139","16259084","16259375","39","13761237"
"KN296311v1","2503395","2503700","JH378113","28744295","28744597","35","26240900"
"KN296311v1","2549378","2549670","JH378118","32815681","32815971","31","30266303"
"KN296311v1","2554958","2555247","JH378153","7392982","7393269","34","4838024"
"KN296311v1","2594410","2594715","JH378140","6602564","6602868","33","4008154"
"KN296311v1","2595316","2595620","JH378140","6602564","6602868","33","4007248"
"KN296311v1","2669847","2670151","JH378264","1399840","1400140","48","1270007"
"KN296311v1","2671056","2671357","JH378110","44458587","44458889","37","41787531"
"KN296311v1","2682029","2682312","JH378175","7390597","7390885","32","4708568"
"KN296311v1","2683279","2683453","JH378112","7030581","7030763","26","4347302"
"KN296311v1","2690696","2690991","JH378139","16259084","16259375","41","13568388"
"KN296311v1","2696637","2696930","JH378110","13375584","13375883","61","10678947"
"KN296311v1","2700718","2701041","JH378105","37180426","37180745","44","34479708"
"KN296311v1","2701093","2701327","JH378248","164526","164763","50","2536567"
"KN296311v1","2710644","2710924","JH378174","4130472","4130753","30","1419828"
"KN296311v1","2798053","2798351","JH378114","36239045","36239343","40","33440992"
"KN296311v1","2834273","2834583","JH378127","4852628","4852930","45","2018355"
"KN296311v1","2835363","2835638","JH378145","3227673","3227954","37","392310"
"KN296311v1","2875513","2875813","JH378116","28869529","28869826","42","25994016"
"KN296311v1","2882844","2883140","JH378170","4783494","4783792","28","1900650"
"KN296311v1","2895433","2895502","JH378338","279267","279336","14","2616166"
"KN296311v1","2913904","2914205","JH378108","33734008","33734301","41","30820104"
"KN296311v1","2917057","2917203","JH378193","4226831","4226978","13","1309774"
"KN296311v1","2926140","2926432","JH378255","3176048","3176340","32","249908"
"KN296311v1","2938439","2938570","JH378153","2127454","2127589","17","810985"
"KN296311v1","2947994","2948312","JH378122","10172818","10173128","40","7224824"
"KN296311v1","2949664","2949960","JH378110","11226037","11226335","34","8276373"
"KN296311v1","2964123","2964436","JH378113","28428906","28429220","32","25464783"
"KN296311v1","3007481","3007788","JH378130","10895986","10896291","39","7888505"
"KN296311v1","3008934","3009243","JH378115","23201999","23202310","39","20193065"
"KN296311v1","3015934","3016210","JH378154","12141232","12141504","35","9125298"
"KN296311v1","3018961","3019270","JH378114","31670723","31671027","42","28651762"
"KN296311v1","3025486","3025795","JH378106","62247704","62248015","37","59222218"
"KN296311v1","3030069","3030374","JH378126","21026752","21027059","37","17996683"
"KN296311v1","3044459","3044625","JH378300","788628","788794","20","2255831"
"KN296311v1","3047169","3047304","JH378152","14434481","14434612","17","11387312"
"KN296311v1","3047593","3047738","JH378281","1849732","1849888","39","1197861"
"KN296311v1","3051579","3051897","JH378167","5351158","5351469","37","2299579"
"KN296311v1","3052953","3053260","JH378135","12459514","12459825","43","9406561"
"KN296311v1","3054252","3054555","JH378151","8381511","8381803","52","5327259"
"KN296311v1","3056147","3056453","JH378119","11408667","11408972","40","8352520"
"KN296311v1","3056538","3056843","JH378118","24374217","24374525","30","21317679"
"KN296311v1","3059867","3060157","JH378332","518280","518577","37","2541587"
"KN296311v1","3060169","3060468","JH378106","70190586","70190881","38","67130417"
"KN296311v1","3079086","3079308","JH378296","1660324","1660547","27","1418762"
"KN296311v1","3084085","3084375","JH378203","7694304","7694583","37","4610219"
"KN296311v1","3100171","3100467","JH378151","17063304","17063610","47","13963133"
"KN296311v1","3106138","3106463","JH378131","13366542","13366853","49","10260404"
"KN296311v1","3137916","3138083","JH378260","3777889","3778051","28","639973"
"KN296311v1","3138340","3138502","JH378181","5895050","5895213","26","2756710"
"KN296311v1","3146245","3146561","JH378113","25337710","25338022","54","22191465"
"KN296311v1","3157724","3158012","JH378111","19524517","19524801","35","16366793"
"KN296311v1","3192246","3192420","JH378130","16132146","16132321","24","12939900"
"KN296311v1","3192717","3192846","JH378235","3518347","3518468","20","325630"
"KN296311v1","3201184","3201493","JH378106","69280072","69280377","38","66078888"
"KN296311v1","3209920","3210179","JH378312","810211","810470","26","2399709"
"KN296311v1","3217767","3218033","JH378110","7637907","7638172","34","4420140"
"KN296311v1","3228270","3228572","JH378124","15582898","15583197","48","12354628"
"KN296311v1","3228941","3229259","JH378197","7145768","7146073","47","3916827"
"KN296311v1","3238739","3239042","JH378271","1329150","1329448","35","1909589"
"KN296311v1","3239897","3240184","JH378111","42787057","42787349","43","39547160"
"KN296311v1","3240190","3240492","JH378288","1088673","1088973","27","2151517"
"KN296311v1","3241261","3241558","JH378126","21026752","21027059","42","17785491"
"KN296311v1","3253210","3253514","JH378111","25473856","25474161","32","22220646"
"KN296311v1","3259613","3259918","JH378149","13456174","13456477","35","10196561"
"KN296311v1","3264778","3265071","JH378248","1690779","1691080","44","1573999"
"KN296311v1","3270072","3270373","JH378124","15582898","15583197","32","12312826"
"KN296311v1","3279178","3279456","JH378106","11352438","11352719","35","8073260"
"KN296311v1","3288271","3288580","JH378126","21026752","21027059","39","17738481"
"KN296311v1","3289845","3290167","JH378121","16380436","16380774","54","13090591"
"KN296311v1","3305473","3305787","JH378149","15914810","15915120","35","12609337"
"KN296311v1","3323358","3323650","JH378106","59855528","59855829","41","56532170"
"KN296311v1","3328856","3329154","JH378124","15582898","15583197","46","12254042"
"KN296311v1","3329203","3329507","JH378111","25473856","25474161","43","22144653"
"KN296311v1","3331932","3332238","JH378253","315934","316240","34","3015998"
"KN296311v1","3338538","3338859","JH378144","6107387","6107706","46","2768849"
"KN296311v1","3344789","3345085","JH378108","23280248","23280545","33","19935459"
"KN296311v1","3370006","3370315","JH378169","1852183","1852496","38","1517823"
"KN296311v1","3376930","3377014","JH378204","3962186","3962271","17","585256"
"KN296311v1","3403545","3403676","JH378291","907213","907344","13","2496332"
"KN296311v1","3443664","3443973","JH378239","3940828","3941139","28","497164"
"KN296311v1","3450165","3450476","JH378152","15994237","15994545","40","12544072"
"KN296311v1","3455996","3456297","JH378115","25041145","25041450","31","21585149"
"KN296311v1","3466480","3466558","JH378194","8973763","8973842","11","5507283"
"KN296311v1","3488847","3489140","JH378293","2045148","2045440","34","1443699"
"KN296311v1","3497299","3497393","JH378131","595173","595269","18","2902126"
"KN296311v1","3519930","3520214","JH378232","5632421","5632708","37","2112491"
"KN296311v1","3523407","3523541","JH378110","45762258","45762393","15","42238851"
"KN296311v1","3548753","3549038","JH378179","7354641","7354925","46","3805888"
"KN296311v1","3557364","3557690","JH378213","4415237","4415570","63","857873"
"KN296311v1","3567223","3567519","JH378199","4482107","4482408","35","914884"
"KN296311v1","3583942","3584251","JH378160","5454013","5454322","38","1870071"
"KN296311v1","3606521","3606832","JH378113","37318615","37318924","36","33712094"
"KN296311v1","3611697","3611979","JH378305","1335286","1335564","33","2276411"
"KN296311v1","3619583","3619877","JH378328","452393","452688","33","3167190"
"KN296311v1","3644549","3644852","JH378171","2658837","2659149","40","985712"
"KN296311v1","3656344","3656651","JH378140","6602564","6602868","36","2946220"
"KN296311v1","3658379","3658641","JH378151","8486123","8486386","32","4827744"
"KN296311v1","3662507","3662803","JH378176","9178067","9178359","36","5515560"
"KN296311v1","3667112","3667403","JH378263","1793912","1794190","51","1873200"
"KN296311v1","3667726","3667917","JH378137","15843199","15843373","42","12175473"
"KN296311v1","3688410","3688721","JH378131","18832341","18832645","52","15143931"
"KN296311v1","3691529","3691824","JH378105","51661095","51661389","39","47969566"
"KN296311v1","3702488","3702799","JH378173","9055905","9056209","34","5353417"
"KN296311v1","3704811","3705117","JH378276","2870406","2870718","33","834405"
"KN296311v1","3707124","3707422","JH378276","503796","504088","34","3203328"
"KN296311v1","3715709","3716002","JH378216","3208225","3208520","40","507484"
"KN296311v1","3728425","3728707","JH378238","4602264","4602547","44","873839"
"KN296311v1","3740261","3740564","JH378119","6124403","6124708","35","2384142"
"KN296311v1","3793086","3793399","JH378126","21026752","21027059","38","17233666"
"KN296311v1","3818208","3818506","JH378169","1553514","1553806","44","2264694"
"KN296311v1","3884052","3884356","JH378124","15582898","15583197","46","11698846"
"KN296311v1","3885116","3885418","JH378146","9754214","9754514","38","5869098"
"KN296311v1","3963100","3963393","JH378127","4551285","4551576","33","588185"
"KN296311v1","3963743","3964041","JH378108","23280248","23280545","32","19316505"
"KN296311v1","3965445","3965722","JH378209","4842248","4842525","29","876803"
"KN296311v1","3987174","3987479","JH378182","2009709","2010010","35","1977465"
"KN296311v1","3989994","3990168","JH378142","1786403","1786574","15","2203591"
"KN296311v1","4008878","4009184","JH378129","12575118","12575427","42","8566240"
"KN296311v1","4080443","4080712","JH378115","14283522","14283794","33","10203079"
"KN296311v1","4082800","4083100","JH378105","42160955","42161256","44","38078155"
"KN296311v1","4093083","4093394","JH378112","33214699","33215012","40","29121616"
"KN296311v1","4100771","4101070","JH378105","57333005","57333301","34","53232234"
"KN296311v1","4137802","4138099","JH378125","15893280","15893581","33","11755478"
"KN296311v1","4142971","4143274","JH378269","533779","534081","44","3609192"
"KN296311v1","4152723","4152974","JH378125","7358700","7358942","42","3205977"
"KN296311v1","4168079","4168349","JH378123","831628","831897","38","3336451"
"KN296311v1","4172066","4172360","JH378121","20050557","20050851","43","15878491"
"KN296311v1","4174585","4174894","JH378113","28428906","28429220","39","24254321"
"KN296311v1","4177474","4177783","JH378141","11415322","11415632","44","7237848"
"KN296311v1","4246703","4247016","JH378225","6457829","6458137","36","2211126"
"KN296311v1","4260071","4260356","JH378109","52148","52435","37","4207923"
"KN296311v1","4274901","4275211","JH378126","744106","744408","43","3530795"
"KN296311v1","4284354","4284664","JH378153","3355875","3356185","41","928479"
"KN296311v1","4330072","4330349","JH378246","562506","562779","36","3767566"
"KN296311v1","4353729","4353842","JH378243","1779333","1779450","12","2574396"
"KN296311v1","4358981","4359275","JH378142","12979191","12979481","38","8620210"
"KN296311v1","4386967","4387260","JH378122","29867810","29868101","37","25480843"
"KN296311v1","4398524","4398825","JH378110","19934311","19934616","34","15535787"
"KN296311v1","4402470","4402782","JH378155","15615172","15615484","56","11212702"
"KN296311v1","4405812","4406008","JH378116","1005188","1005386","25","3400624"
"KN296311v1","4408839","4409145","JH378228","5654447","5654749","37","1245608"
"KN296311v1","4415289","4415578","JH378115","20874193","20874475","42","16458904"
"KN296311v1","4427205","4427512","JH378119","6124403","6124708","36","1697198"
"KN296311v1","4430076","4430227","JH378164","9341233","9341390","19","4911157"
"KN296311v1","4437438","4437731","JH378144","9593157","9593456","38","5155719"
"KN296311v1","4442749","4443038","JH378105","21630016","21630306","38","17187267"
"KN296311v1","4449897","4450118","JH378149","2903461","2903681","30","1546436"
"KN296311v1","4450127","4450446","JH378167","5351158","5351469","49","901031"
"KN296311v1","4457732","4457903","JH378173","9971258","9971425","42","5513526"
"KN296311v1","4465141","4465442","JH378197","7145768","7146073","30","2680627"
"KN296311v1","4477647","4477955","JH378320","58622","58932","29","4419025"
"KN296311v1","4483775","4484099","JH378113","17735383","17735690","46","13251608"
"KN296311v1","4495394","4495528","JH378153","13895787","13895919","14","9400393"
"KN296311v1","4495839","4496011","JH378113","16702","16874","19","4479137"
"KN296311v1","4497962","4498254","JH378281","3042318","3042611","35","1455644"
"KN296311v1","4507815","4508109","JH378121","17204752","17205050","40","12696937"
"KN296311v1","4508899","4509183","JH378105","68340683","68340967","39","63831784"
"KN296311v1","4512787","4513079","JH378305","1207103","1207396","36","3305684"
"KN296311v1","4531288","4531591","JH378134","18538321","18538631","41","14007033"
"KN296311v1","4542776","4543078","JH378115","34859185","34859494","47","30316409"
"KN296311v1","4543917","4544194","JH378110","17880643","17880926","45","13336726"
"KN296311v1","4548843","4549134","JH378157","9676550","9676840","26","5127707"
"KN296311v1","4565805","4566098","JH378153","12029258","12029552","34","7463453"
"KN296311v1","4582661","4582961","JH378110","19934311","19934616","33","15351650"
"KN296311v1","4587056","4587342","JH378157","2098752","2099044","45","2488304"
"KN296311v1","4600498","4600782","JH378141","18104473","18104759","42","13503975"
"KN296311v1","4639943","4640254","JH378198","2398777","2399079","40","2241166"
"KN296311v1","4652857","4653156","JH378111","25473856","25474161","40","20820999"
"KN296311v1","4656484","4656789","JH378119","6124403","6124708","31","1467919"
"KN296311v1","4661651","4661880","JH378108","22664332","22664560","23","18002681"
"KN296311v1","4675577","4675875","JH378119","17002122","17002418","33","12326545"
"KN296311v1","4680057","4680363","JH378224","2769148","2769454","39","1910909"
"KN296311v1","4702833","4703127","JH378118","18918153","18918449","38","14215320"
"KN296311v1","4714525","4714833","JH378288","1088673","1088973","42","3625852"
"KN296311v1","4726585","4726746","JH378111","1058895","1059055","21","3667690"
"KN296311v1","4751359","4751664","JH378111","11047654","11047949","40","6296295"
"KN296311v1","4756838","4757123","JH378198","1596143","1596429","33","3160695"
"KN296311v1","4791367","4791666","JH378170","4783494","4783792","35","7873"
"KN296311v1","4851505","4851803","JH378121","17204752","17205050","33","12353247"
"KN296311v1","4852343","4852616","JH378115","14283522","14283794","31","9431179"
"KN296311v1","4879658","4879953","JH378155","899165","899463","31","3980493"
"KN296311v1","4888789","4889083","JH378137","8756749","8757045","39","3867960"
"KN296311v1","4897901","4898035","JH378115","15531383","15531517","22","10633482"
"KN296311v1","4911632","4911907","JH378273","919258","919543","40","3992374"
"KN296311v1","4917460","4917759","JH378123","491683","491985","38","4425777"
"KN296311v1","4931762","4932065","JH378140","6540936","6541239","34","1609174"
"KN296311v1","4966051","4966245","JH378232","5937654","5937844","36","971603"
"KN296311v1","4968715","4969007","JH378182","3623832","3624120","31","1344883"
"KN296311v1","4976174","4976473","JH378116","34280534","34280833","39","29304360"
"KN296311v1","5002270","5002567","JH378229","1668699","1668994","50","3333571"
"KN296311v1","5006221","5006530","JH378126","21026752","21027059","35","16020531"
"KN296311v1","5050413","5050713","JH378107","7568037","7568336","33","2517624"
"KN296311v1","5068169","5068465","JH378151","3515305","3515602","38","1552864"
"KN296311v1","5101549","5101845","JH378149","539268","539562","33","4562281"
"KN296311v1","5110379","5110692","JH378108","45119645","45119973","46","40009266"
"KN296311v1","5122034","5122276","JH378130","465748","466000","38","4656286"
"KN296311v1","5129778","5130054","JH378277","1575074","1575355","50","3554704"
"KN296311v1","5138049","5138265","JH378127","6218557","6218771","25","1080508"
"KN296311v1","5139416","5139714","JH378108","30731255","30731558","37","25591839"
"KN296311v1","5140456","5140772","JH378115","25570507","25570808","49","20430051"
"KN296311v1","5151572","5151885","JH378106","41663866","41664176","31","36512294"
"KN296311v1","5152928","5153226","JH378265","2263256","2263553","34","2889672"
"KN296311v1","5159301","5159592","JH378148","1780564","1780854","36","3378737"
"KN296311v1","5178997","5179287","JH378197","8564428","8564726","39","3385431"
"KN296311v1","5186205","5186505","JH378285","438848","439144","39","4747357"
"KN296311v1","5187925","5188234","JH378110","19934311","19934616","28","14746386"
"KN296311v1","5190056","5190337","JH378305","1335286","1335564","32","3854770"
"KN296311v1","5206812","5207119","JH378308","1420623","1420924","38","3786189"
"KN296311v1","5207894","5208189","JH378271","459308","459608","37","4748586"
"KN296311v1","5216196","5216505","JH378140","5813130","5813437","52","596934"
"KN296311v1","5224095","5224401","JH378197","1499696","1500000","27","3724399"
"KN296311v1","5244840","5245066","JH378201","7319002","7319229","25","2074162"
"KN296311v1","5253025","5253315","JH378159","4639338","4639629","34","613687"
"KN296311v1","5261970","5262259","JH378127","10291336","10291619","37","5029366"
"KN296311v1","5262294","5262599","JH378106","54648712","54649019","32","49386418"
"KN296311v1","5263695","5264000","JH378288","1088673","1088973","34","4175022"
"KN296311v1","5264037","5264351","JH378115","23201999","23202310","42","17937962"
"KN296311v1","5268677","5268748","JH378135","1264115","1264194","13","4004562"
"KN296311v1","5278939","5279230","JH378105","3417808","3418095","44","1861131"
"KN296311v1","5286628","5286936","JH378108","30731255","30731558","41","25444627"
"KN296311v1","5306933","5307227","JH378107","6641537","6641829","42","1334604"
"KN296311v1","5320019","5320095","JH378216","3951899","3951975","7","1368120"
"KN296311v1","5341466","5341756","JH378139","16259084","16259375","39","10917618"
"KN296311v1","5342771","5343059","JH378117","24258354","24258650","36","18915583"
"KN296311v1","5366926","5367217","JH378118","29402355","29402652","51","24035429"
"KN296311v1","5372775","5373067","JH378112","35855394","35855682","39","30482619"
"KN296311v1","5395906","5396190","JH378127","18566293","18566586","45","13170387"
"KN296311v1","5420109","5420308","JH378113","27586777","27586975","26","22166668"
"KN296311v1","5452012","5452319","JH378216","4224502","4224803","38","1227510"
"KN296311v1","5461872","5462037","JH378216","6505887","6506053","20","1044015"
"KN296311v1","5491502","5491685","JH378159","1110923","1111100","25","4380579"
"KN296311v1","5492001","5492137","JH378269","2316674","2316811","17","3175327"
"KN296311v1","5519697","5519989","JH378204","2935067","2935361","32","2584630"
"KN296311v1","5528689","5528855","JH378153","15316191","15316360","28","9787502"
"KN296311v1","5537787","5538061","JH378108","38142129","38142405","35","32604342"
"KN296311v1","5538215","5538522","JH378213","5393305","5393609","33","144910"
"KN296311v1","5541357","5541674","JH378238","992921","993221","60","4548436"
"KN296311v1","5560325","5560635","JH378126","21026752","21027059","31","15466427"
"KN296311v1","5570498","5570801","JH378119","23106486","23106789","32","17535988"
"KN296311v1","5582112","5582400","JH378198","7866211","7866503","37","2284099"
"KN296311v1","5591079","5591371","JH378157","9676550","9676840","34","4085471"
"KN296311v1","5607940","5608234","JH378144","7235841","7236134","34","1627901"
"KN296311v1","5624054","5624353","JH378140","4683973","4684268","45","940081"
"KN296311v1","5635487","5635788","JH378149","4732600","4732902","29","902887"
"KN296311v1","5636731","5637044","JH378148","12144896","12145206","48","6508165"
"KN296311v1","5645742","5646052","JH378113","6199734","6200044","40","553992"
"KN296311v1","5686817","5687118","JH378126","23919556","23919859","38","18232739"
"KN296311v1","5702454","5702754","JH378115","28712376","28712673","39","23009922"
"KN296311v1","5727993","5728294","JH378138","5380451","5380753","29","347542"
"KN296311v1","5757261","5757551","JH378199","1071038","1071332","42","4686223"
"KN296311v1","5785535","5785816","JH378111","19524517","19524801","29","13738982"
"KN296311v1","5812474","5812769","JH378163","13372336","13372629","32","7559862"
"KN296311v1","5842372","5842652","JH378223","4991692","4991967","39","850680"
"KN296311v1","5870750","5871032","JH378126","10633220","10633501","33","4762470"
"KN296311v1","5874647","5874865","JH378122","15985382","15985597","28","10110735"
"KN296311v1","5922170","5922185","JH378149","1403733","1403749","3","4518437"
"KN296311v1","5922214","5922505","JH378177","2554492","2554776","40","3367722"
"KN296311v1","6008195","6008496","JH378167","7707484","7707781","43","1699289"
"KN296311v1","6012423","6012718","JH378115","28712376","28712673","37","22699953"
"KN296311v1","6025246","6025525","JH378206","982188","982470","47","5043058"
"KN296311v1","6032598","6032906","JH378284","1163902","1164203","41","4868696"
"KN296311v1","6066740","6067047","JH378126","21026752","21027059","35","14960012"
"KN296311v1","6099393","6099579","JH378118","21584110","21584295","53","15484717"
"KN296311v1","6099917","6099947","JH378105","31065877","31065908","16","24965960"
"KN296311v1","6100243","6100377","JH378123","86614","86749","12","6013629"
"KN296311v1","6105647","6105942","JH378116","28869529","28869826","33","22763882"
"KN296311v1","6122527","6122844","JH378144","7534414","7534722","46","1411887"
"KN296311v1","6125795","6125919","JH378180","815630","815761","15","5310165"
"KN296311v1","6130189","6130469","JH378115","3302906","3303182","44","2827283"
"KN296311v1","6135056","6135340","JH378156","4482308","4482599","49","1652748"
"KN296311v1","6137754","6137982","JH378284","21055","21283","28","6116699"
"KN296311v1","6142494","6142785","JH378163","13372336","13372629","32","7229842"
"KN296311v1","6154680","6154965","JH378106","44399035","44399331","43","38244355"
"KN296311v1","6166187","6166489","JH378107","1656497","1656793","38","4509690"
"KN296311v1","6183112","6183407","JH378114","7122925","7123229","38","939813"
"KN296311v1","6199401","6199707","JH378119","6124403","6124708","35","74998"
"KN296311v1","6200963","6201217","JH378255","3079033","3079288","47","3121930"
"KN296311v1","6203368","6203670","JH378171","5736292","5736597","34","467076"
"KN296311v1","6205793","6206114","JH378255","993532","993844","45","5212261"
"KN296311v1","6208384","6208675","JH378163","13372336","13372629","37","7163952"
"KN296311v1","6224213","6224522","JH378117","37631560","37631871","49","31407347"
"KN296311v1","6243452","6243724","JH378109","43886956","43887227","36","37643504"
"KN296311v1","6248295","6248595","JH378197","7145768","7146073","35","897473"
"KN296311v1","6271291","6271591","JH378173","4728432","4728728","36","1542859"
"KN296311v1","6274865","6275170","JH378117","16970176","16970485","38","10695311"
"KN296311v1","6277137","6277447","JH378105","12673978","12674287","38","6396841"
"KN296311v1","6281739","6282042","JH378288","1088673","1088973","34","5193066"
"KN296311v1","6285888","6286090","JH378141","13469997","13470198","30","7184109"
"KN296311v1","6289347","6289644","JH378236","816487","816782","30","5472860"
"KN296311v1","6291887","6291981","JH378111","42243786","42243883","17","35951899"
"KN296311v1","6292274","6292361","JH378235","616878","616962","14","5675396"
"KN296311v1","6302564","6302865","JH378139","1159515","1159824","38","5143049"
"KN296311v1","6308008","6308320","JH378126","21026752","21027059","38","14718744"
"KN296311v1","6318320","6318622","JH378216","4224502","4224803","35","2093818"
"KN296311v1","6328360","6328673","JH378107","38922005","38922310","41","32593645"
"KN296311v1","6329027","6329306","JH378126","22577597","22577877","34","16248570"
"KN296311v1","6336463","6336761","JH378216","3074446","3074739","43","3262017"
"KN296311v1","6338113","6338407","JH378115","33135454","33135750","37","26797341"
"KN296311v1","6343451","6343581","JH378192","8183996","8184126","14","1840545"
"KN296311v1","6360629","6360922","JH378152","11319672","11319966","28","4959043"
"KN296311v1","6385519","6385807","JH378148","14010669","14010956","33","7625150"
"KN296311v1","6387597","6387894","JH378169","7335650","7335946","36","948053"
"KN296311v1","6402353","6402495","JH378143","6057565","6057700","26","344788"
"KN296311v1","6417165","6417475","JH378114","7122925","7123229","38","705760"
"KN296311v1","6441733","6442034","JH378119","23106486","23106789","34","16664753"
"KN296311v1","6455506","6455799","JH378105","38546959","38547253","45","32091453"
"KN296311v1","6460144","6460446","JH378159","5493568","5493869","37","966576"
"KN296311v1","6464842","6465123","JH378113","28252367","28252645","38","21787525"
"KN296311v1","6490688","6490986","JH378108","1472065","1472357","40","5018623"
"KN296311v1","6505061","6505192","JH378184","6796171","6796302","14","291110"
"KN296311v1","6506648","6506937","JH378105","7311851","7312145","33","805203"
"KN296311v1","6515691","6515982","JH378124","1058510","1058801","31","5457181"
"KN296311v1","6525641","6525932","JH378111","42787057","42787349","32","36261416"
"KN296311v1","6532641","6532920","JH378113","28252367","28252645","38","21719726"
"KN296311v1","6562308","6562612","JH378138","5380451","5380753","27","1181857"
"KN296311v1","6564667","6564962","JH378115","28712376","28712673","34","22147709"
"KN296311v1","6571243","6571552","JH378119","30377797","30378097","43","23806554"
"KN296311v1","6575275","6575577","JH378170","4783494","4783792","32","1791781"
"KN296311v1","6658731","6659036","JH378108","30731255","30731558","34","24072524"
"KN296311v1","6796481","6796659","JH378159","955533","955705","29","5840948"
"KN296311v1","6801082","6801379","JH378107","7568037","7568336","36","766955"
"KN296311v1","6894996","6895298","JH378288","1088673","1088973","29","5806323"
"KN296311v1","6897329","6897627","JH378154","11660298","11660594","37","4762969"
"KN296311v1","6906813","6907096","JH378244","3984867","3985152","39","2921946"
"KN296311v1","6908808","6909125","JH378114","37638827","37639140","41","30730019"
"KN296311v1","6971014","6971313","JH378133","22138850","22139145","31","15167836"
"KN296311v1","6986070","6986379","JH378107","7086674","7086981","36","100604"
"KN296311v1","6987646","6987960","JH378187","3516883","3517198","38","3470763"
"KN296311v1","6998216","6998483","JH378110","34075308","34075574","28","27077092"
"KN296311v1","7028409","7028689","JH378171","2282566","2282842","41","4745843"
"KN296311v1","7377689","7377985","JH378122","10686670","10686967","37","3308981"
"KN296311v1","7601562","7601862","JH378114","37036188","37036491","30","29434626"
"KN296311v1","7643243","7643550","JH378115","25041145","25041450","33","17397902"
"KN296311v1","7660938","7661237","JH378115","1101592","1101890","42","6559346"
"KN296311v1","7696749","7696838","JH378157","9201094","9201183","13","1504345"
"KN296311v1","7701207","7701515","JH378105","140732","141039","34","7560475"
"KN296311v1","7703576","7703829","JH378119","28597739","28597991","39","20894163"
"KN296311v1","7715246","7715548","JH378115","23056854","23057153","37","15341608"
"KN296311v1","7739716","7740009","JH378114","12072074","12072370","30","4332358"
"KN296311v1","7749454","7749754","JH378160","11833922","11834221","38","4084468"
"KN296311v1","7755505","7755728","JH378149","2903461","2903681","30","4852044"
"KN296311v1","7762108","7762408","JH378153","1124318","1124620","41","6637790"
"KN296311v1","7781061","7781368","JH378106","6434398","6434702","41","1346663"
"KN296311v1","7781981","7782295","JH378126","1346284","1346584","48","6435697"
"KN296311v1","7782305","7782600","JH378212","3107106","3107391","38","4675199"
"KN296311v1","7782669","7782728","JH378264","1253563","1253614","11","6529106"
"KN296311v1","7790650","7790958","JH378257","2204800","2205108","38","5585850"
"KN296311v1","7817237","7817422","JH378232","420548","420740","39","7396689"
"KN296311v1","7824567","7824859","JH378111","16996997","16997294","43","9172430"
"KN296311v1","7825421","7825722","JH378105","4190308","4190610","36","3635113"
"KN296311v1","7829924","7830172","JH378194","9132632","9132871","56","1302708"
"KN296311v1","7831537","7831842","JH378229","4120796","4121104","30","3710741"
"KN296311v1","7833902","7834210","JH378255","1560098","1560402","38","6273804"
"KN296311v1","7837658","7837734","JH378164","8139717","8139793","8","302059"
"KN296311v1","7843640","7843828","JH378199","2028345","2028532","30","5815295"
"KN296311v1","7844128","7844259","JH378139","16494286","16494417","21","8650158"
"KN296311v1","7850240","7850528","JH378157","2098752","2099044","41","5751488"
"KN296311v1","7877233","7877522","JH378121","29566176","29566469","31","21688943"
"KN296311v1","7890248","7890547","JH378173","9481732","9482022","40","1591484"
"KN296311v1","7891996","7892315","JH378109","12434615","12434935","46","4542619"
"KN296311v1","7892330","7892625","JH378116","24890259","24890547","36","16997929"
"KN296311v1","7895125","7895296","JH378135","381040","381211","18","7514085"
"KN296311v1","7912017","7912260","JH378164","5671526","5671761","42","2240491"
"KN296311v1","7917279","7917582","JH378115","28712376","28712673","38","20795097"
"KN296311v1","7920599","7920908","JH378197","7145768","7146073","43","774831"
"KN296311v1","7922920","7923201","JH378172","9340764","9341047","30","1417844"
"KN296311v1","7928943","7929217","JH378182","9240926","9241205","44","1311983"
"KN296311v1","7929970","7930268","JH378115","28712376","28712673","28","20782406"
"KN296311v1","8245410","8245718","JH378121","15908737","15909047","45","7663327"
"KN296311v1","8475135","8475438","JH378197","7145768","7146073","37","1329367"
"KN296311v1","8667024","8667327","JH378105","50182676","50182969","55","41515652"
"KN296311v1","8738768","8739079","JH378140","2017436","2017748","36","6721332"
"KN296311v1","8756354","8756640","JH378123","13239318","13239602","43","4482964"
"KN296311v1","8894698","8895006","JH378131","2072353","2072664","36","6822345"
"KN296311v1","9296585","9296885","JH378115","28712376","28712673","34","19415791"
"KN296311v1","9368775","9369076","JH378155","15098133","15098431","37","5729358"
"KN296311v1","9392403","9392702","JH378139","18955642","18955939","36","9563239"
"KN296311v1","9419091","9419396","JH378158","2897938","2898230","50","6521153"
"KN296311v1","9559933","9560222","JH378164","5806625","5806913","27","3753308"
"KN296311v1","9596642","9596779","JH378138","20388157","20388293","18","10791515"
"KN296311v1","9608168","9608448","JH378321","737708","737984","35","8870460"
"KN296311v1","9647279","9647571","JH378194","2390312","2390602","29","7256967"
"KN296311v1","9706037","9706324","JH378216","6576990","6577276","38","3129047"
"KN296311v1","9739863","9740169","JH378175","826228","826531","36","8913635"
"KN296311v1","9742185","9742491","JH378167","5351158","5351469","36","4391027"
"KN296311v1","9810635","9810895","JH378105","17014538","17014809","43","7203903"
"KN296312v1","12441","12721","JH378153","7392982","7393269","35","7380541"
"KN296312v1","19187","19472","JH378199","586104","586392","41","566917"
"KN296312v1","31966","32226","JH378141","9311014","9311272","40","9279048"
"KN296312v1","38008","38250","JH378112","31239985","31240225","51","31201977"
"KN296312v1","38429","38725","JH378108","23280248","23280545","31","23241819"
"KN296312v1","48513","48770","JH378132","342618","342869","37","294105"
"KN296312v1","72621","72916","JH378151","7439461","7439762","35","7366840"
"KN296312v1","84317","84453","JH378105","8877913","8878045","16","8793596"
"KN296312v1","86988","87199","JH378119","27424193","27424403","31","27337205"
"KN296312v1","148833","149129","JH378107","57888255","57888550","38","57739422"
"KN296312v1","154095","154409","JH378113","28428906","28429220","40","28274811"
"KN296312v1","174256","174564","JH378148","15992469","15992776","53","15818213"
"KN296312v1","267390","267683","JH378105","35716254","35716546","42","35448864"
"KN296312v1","370883","371182","JH378159","5493568","5493869","29","5122685"
"KN296312v1","469774","470096","JH378199","4569844","4570151","44","4100070"
"KN296312v1","601352","601646","JH378108","20625679","20625975","41","20024327"
"KN296312v1","622881","623176","JH378127","11675887","11676180","34","11053006"
"KN296312v1","642559","642728","JH378112","11017534","11017701","25","10374975"
"KN296312v1","770390","770687","JH378115","28712376","28712673","35","27941986"
"KN296312v1","774075","774249","JH378116","886909","887082","23","112834"
"KN296312v1","774956","775259","JH378138","5964426","5964732","40","5189470"
"KN296312v1","898088","898385","JH378228","5509057","5509356","34","4610969"
"KN296314v1","85149","85444","JH378236","2372296","2372589","41","2287147"
"KN296314v1","203408","203695","JH378105","3417808","3418095","29","3214400"
"KN296314v1","358803","359100","JH378151","4318339","4318636","36","3959536"
"KN296314v1","381549","381834","JH378128","15490334","15490615","40","15108785"
"KN296314v1","446040","446375","JH378183","5338171","5338505","41","4892131"
"KN296314v1","494793","495035","JH378193","7906466","7906718","53","7411673"
"KN296314v1","740926","741213","JH378106","51371072","51371360","34","50630146"
"KN296314v1","748558","748847","JH378190","865672","865963","39","117114"
"KN296314v1","765675","765973","JH378170","4783494","4783792","31","4017819"
"KN296314v1","786607","786923","JH378156","16348822","16349135","42","15562215"
"KN296314v1","864973","865286","JH378113","24179649","24179958","43","23314676"
"KN296314v1","940607","940903","JH378204","7475485","7475776","34","6534878"
"KN296314v1","949425","949686","JH378262","482334","482595","38","467091"
"KN296314v1","968670","968839","JH378216","2438961","2439128","28","1470291"
"KN296314v1","985900","986118","JH378136","18184133","18184343","37","17198233"
"KN296315v1","3285","3595","JH378114","11923380","11923689","38","11920095"
"KN296315v1","127664","127973","JH378148","11183460","11183770","45","11055796"
"KN296315v1","136066","136375","JH378157","4998218","4998526","32","4862152"
"KN296315v1","191022","191331","JH378126","21026752","21027059","35","20835730"
"KN296315v1","201679","201981","JH378123","491683","491985","33","290004"
"KN296315v1","222706","223016","JH378293","327440","327746","39","104734"
"KN296315v1","226022","226319","JH378170","4783494","4783792","31","4557472"
"KN296315v1","227602","227885","JH378114","29675067","29675349","40","29447465"
"KN296315v1","240241","240380","JH378262","1705390","1705531","21","1465149"
"KN296315v1","249714","250018","JH378207","3169344","3169645","37","2919630"
"KN296315v1","263522","263836","JH378276","323603","323913","42","60081"
"KN296315v1","269877","270183","JH378169","2863490","2863796","40","2593613"
"KN296315v1","299002","299262","JH378122","2241413","2241677","50","1942411"
"KN296315v1","318688","318972","JH378177","6664715","6664994","39","6346027"
"KN296315v1","327154","327463","JH378172","9566909","9567221","39","9239755"
"KN296315v1","340316","340596","JH378113","28252367","28252645","37","27912051"
"KN296315v1","354240","354551","JH378109","37380979","37381291","35","37026739"
"KN296315v1","363001","363313","JH378238","840751","841059","46","477750"
"KN296315v1","465970","466131","JH378210","3637029","3637195","26","3171059"
"KN296315v1","482072","482353","JH378110","17172105","17172387","33","16690033"
"KN296315v1","516566","516864","JH378125","16001713","16002013","46","15485147"
"KN296315v1","521627","521935","JH378249","1623485","1623792","43","1101858"
"KN296315v1","522742","523037","JH378236","733320","733615","35","210578"
"KN296315v1","523073","523373","JH378113","14455819","14456118","46","13932746"
"KN296315v1","526191","526511","JH378260","2282137","2282463","44","1755946"
"KN296315v1","527910","528195","JH378110","13728682","13728967","33","13200772"
"KN296315v1","572594","572687","JH378110","31631493","31631582","17","31058899"
"KN296315v1","625731","626026","JH378161","340967","341259","29","284764"
"KN296315v1","673904","674216","JH378127","15393191","15393500","35","14719287"
"KN296315v1","731197","731499","JH378126","23919556","23919859","27","23188359"
"KN296315v1","784416","784696","JH378173","424887","425176","36","359529"
"KN296315v1","790293","790454","JH378131","20094555","20094716","21","19304262"
"KN296315v1","939990","940301","JH378185","841607","841910","42","98383"
"KN296315v1","958788","959081","JH378293","2045148","2045440","32","1086360"
"KN296315v1","1033409","1033714","JH378144","7014110","7014412","38","5980701"
"KN296315v1","1074328","1074605","JH378152","11206587","11206875","52","10132259"
"KN296315v1","1081770","1082079","JH378126","21026752","21027059","32","19944982"
"KN296315v1","1177988","1178278","JH378378","67517","67804","39","1110471"
"KN296315v1","1490585","1490870","JH378110","6618188","6618477","42","5127603"
"KN296315v1","1549739","1549907","JH378118","11986172","11986342","22","10436433"
"KN296315v1","1579424","1579700","JH378157","3772120","3772397","59","2192696"
"KN296315v1","1609536","1609798","JH378193","1440854","1441124","38","168682"
"KN296315v1","1610135","1610442","JH378106","10129130","10129437","35","8518995"
"KN296315v1","1613772","1614058","JH378106","67696353","67696639","40","66082581"
"KN296315v1","1675891","1676200","JH378161","10185699","10186009","44","8509808"
"KN296315v1","1791552","1791849","JH378201","8575463","8575759","36","6783911"
"KN296315v1","1820695","1821003","JH378116","11181268","11181574","45","9360573"
"KN296315v1","1987962","1988269","JH378211","2363770","2364063","50","375808"
"KN296316v1","16051","16355","JH378141","16136077","16136388","44","16120026"
"KN296316v1","33287","33579","JH378144","7235841","7236134","38","7202554"
"KN296316v1","47629","47927","JH378284","239562","239856","44","191933"
"KN296316v1","71007","71302","JH378124","15582898","15583197","39","15511891"
"KN296316v1","88658","88967","JH378176","8157064","8157374","35","8068406"
"KN296316v1","150826","151116","JH378249","517197","517492","41","366371"
"KN296316v1","176040","176343","JH378166","9829459","9829758","37","9653419"
"KN296316v1","177706","177973","JH378255","943829","944096","40","766123"
"KN296316v1","197872","198162","JH378170","4783494","4783792","36","4585622"
"KN296316v1","207449","207742","JH378117","32151451","32151742","60","31944002"
"KN296316v1","222601","222852","JH378224","2121655","2121917","50","1899054"
"KN296316v1","251508","251820","JH378220","3352385","3352678","48","3100877"
"KN296316v1","259834","260125","JH378148","16227423","16227714","35","15967589"
"KN296316v1","267535","267833","JH378139","18955642","18955939","41","18688107"
"KN296316v1","271318","271614","JH378197","1421270","1421558","46","1149952"
"KN296316v1","279254","279558","JH378213","5393305","5393609","38","5114051"
"KN296316v1","280400","280693","JH378107","57325483","57325775","37","57045083"
"KN296316v1","286928","287212","JH378337","456818","457111","39","169890"
"KN296316v1","288260","288557","JH378125","15156999","15157299","38","14868739"
"KN296316v1","292637","292897","JH378119","28597739","28597991","34","28305102"
"KN296316v1","305875","306078","JH378105","35335328","35335528","33","35029453"
"KN296319v1","12809","13118","JH378111","41275666","41275971","40","41262857"
"KN296319v1","166520","166823","JH378126","21026752","21027059","31","20860232"
"KN296319v1","333022","333333","JH378126","21026752","21027059","38","20693730"
"KN296319v1","638820","639128","JH378106","1596997","1597295","38","958177"
"KN296319v1","730626","730913","JH378300","644091","644380","38","86535"
"KN296319v1","735557","735863","JH378193","9064556","9064861","39","8328999"
"KN296319v1","742688","742839","JH378167","7722165","7722315","26","6979477"
"KN296319v1","769174","769490","JH378113","28428906","28429220","39","27659732"
"KN296319v1","781733","782014","JH378288","933022","933305","39","151289"
"KN296319v1","792267","792536","JH378216","1387518","1387789","29","595251"
"KN296319v1","813854","814166","JH378156","11282326","11282638","38","10468472"
"KN296319v1","822861","823170","JH378108","30731255","30731558","37","29908394"
"KN296319v1","823489","823794","JH378126","21026752","21027059","33","20203263"
"KN296319v1","824237","824508","JH378123","831628","831897","33","7391"
"KN296319v1","826644","826942","JH378126","21026752","21027059","32","20200108"
"KN296320v1","304561","304852","JH378234","2412617","2412900","39","2108056"
"KN296321v1","284370","284668","JH378242","97287","97580","43","187083"
"KN296322v1","42921","43233","JH378150","3147294","3147605","46","3104373"
"KN296322v1","239195","239503","JH378105","13988885","13989195","41","13749690"
"KN296322v1","282701","282995","JH378106","8294885","8295176","36","8012184"
"KN296322v1","312159","312469","JH378152","11890185","11890492","32","11578026"
"KN296322v1","349884","350179","JH378115","28712376","28712673","35","28362492"
"KN296322v1","419998","420289","JH378127","11653984","11654276","32","11233986"
"KN296322v1","429803","430157","JH378193","6378203","6378549","68","5948400"
"KN296322v1","441504","441666","JH378121","23939714","23939877","27","23498210"
"KN296322v1","489556","489571","JH378149","1403733","1403749","5","914177"
"KN296322v1","489605","489879","JH378135","3705308","3705591","40","3215703"
"KN296322v1","490272","490570","JH378170","4783494","4783792","29","4293222"
"KN296322v1","491168","491340","JH378143","7703754","7703922","20","7212586"
"KN296322v1","498566","498952","JH378245","3904253","3904620","79","3405687"
"KN296322v1","502263","502568","JH378119","6124403","6124708","39","5622140"
"KN296322v1","513948","514261","JH378115","23201999","23202310","39","22688051"
"KN296322v1","593202","593490","JH378137","8662035","8662316","40","8068833"
"KN296322v1","727855","728155","JH378129","10258595","10258896","39","9530740"
"KN296322v1","795084","795384","JH378172","3560988","3561286","33","2765904"
"KN296322v1","825089","825366","JH378140","6656131","6656412","43","5831042"
"KN296322v1","825895","826171","JH378204","4366455","4366729","43","3540560"
"KN296322v1","831742","832059","JH378204","6493604","6493911","44","5661862"
"KN296322v1","837791","838066","JH378113","4535568","4535838","29","3697777"
"KN296322v1","848269","848566","JH378106","6434398","6434702","33","5586129"
"KN296322v1","858260","858421","JH378143","1624421","1624583","24","766161"
"KN296322v1","864598","864747","JH378316","905915","906063","16","41317"
"KN296322v1","868459","868760","JH378197","7145768","7146073","41","6277309"
"KN296322v1","870266","870566","JH378159","837474","837769","37","32792"
"KN296322v1","876573","876745","JH378142","1786403","1786574","36","909830"
"KN296322v1","880799","881096","JH378167","8544598","8544885","39","7663799"
"KN296322v1","891873","892182","JH378113","399972","400280","40","491901"
"KN296322v1","893658","893966","JH378125","2264570","2264875","42","1370912"
"KN296322v1","901187","901487","JH378116","28869529","28869826","35","27968342"
"KN296322v1","913355","913658","JH378153","2080003","2080307","33","1166648"
"KN296322v1","918976","919267","JH378144","5748370","5748662","39","4829394"
"KN296322v1","920812","920925","JH378269","597669","597781","14","323143"
"KN296322v1","921235","921467","JH378130","5830729","5830955","49","4909494"
"KN296322v1","922995","923285","JH378245","2867748","2868031","48","1944753"
"KN296322v1","1124150","1124462","JH378167","5351158","5351469","35","4227008"
"KN296322v1","1160828","1161125","JH378228","5509057","5509356","31","4348229"
"KN296322v1","1180863","1181169","JH378144","4336525","4336828","40","3155662"
"KN296322v1","1202685","1202978","JH378296","1500608","1500907","35","297923"
"KN296322v1","1221588","1221898","JH378279","1785224","1785536","35","563636"
"KN296322v1","1224485","1224805","JH378120","16327645","16327955","41","15103160"
"KN296322v1","1226988","1227311","JH378111","19015035","19015357","53","17788047"
"KN296322v1","1227312","1227494","JH378105","36671667","36671849","33","35444355"
"KN296322v1","1227966","1228253","JH378159","15717599","15717893","40","14489633"
"KN296322v1","1250668","1250967","JH378279","2519466","2519771","38","1268798"
"KN296322v1","1347323","1347627","JH378117","16015355","16015659","36","14668032"
"KN296322v1","1356106","1356399","JH378105","45377301","45377591","35","44021195"
"KN296322v1","1357321","1357617","JH378114","38868751","38869045","25","37511430"
"KN296322v1","1364872","1365163","JH378140","5469707","5469998","33","4104835"
"KN296322v1","1465762","1466074","JH378158","3522926","3523235","34","2057164"
"KN296322v1","1538346","1538647","JH378130","7315282","7315582","35","5776936"
"KN296322v1","1538801","1539112","JH378126","21026752","21027059","34","19487951"
"KN296322v1","1615412","1615705","JH378144","5748370","5748662","34","4132958"
"KN296322v1","1657001","1657309","JH378139","15235758","15236059","38","13578757"
"KN296322v1","1721352","1721638","JH378260","415384","415666","48","1305968"
"KN296322v1","1724130","1724429","JH378296","1500608","1500907","36","223522"
"KN296322v1","1730104","1730401","JH378115","28712376","28712673","34","26982272"
"KN296322v1","2042981","2043208","JH378107","21377438","21377673","34","19334457"
"KN296322v1","2128632","2128944","JH378156","9166475","9166782","34","7037843"
"KN296322v1","2139721","2139985","JH378239","3092648","3092913","32","952927"
"KN296322v1","2251175","2251476","JH378125","19027324","19027621","31","16776149"
"KN296322v1","2330238","2330536","JH378119","13756622","13756923","40","11426384"
"KN296322v1","2345628","2345765","JH378123","86614","86749","20","2259014"
"KN296322v1","2398841","2399138","JH378120","18821465","18821753","52","16422624"
"KN296322v1","2422772","2423037","JH378234","1700763","1701037","43","722009"
"KN296322v1","2522958","2523260","JH378192","7462110","7462412","41","4939152"
"KN296322v1","2532761","2533065","JH378114","25023401","25023701","38","22490640"
"KN296322v1","2605303","2605562","JH378185","2056716","2056968","44","548587"
"KN296322v1","2616820","2617080","JH378143","8621971","8622229","33","6005151"
"KN296322v1","2654809","2655114","JH378292","2431962","2432269","40","222847"
"KN296322v1","2697876","2698161","JH378177","10254539","10254825","32","7556663"
"KN296322v1","2723400","2723681","JH378245","2867748","2868031","38","144348"
"KN296322v1","2724612","2724871","JH378124","10334180","10334433","38","7609568"
"KN296322v1","2760437","2760717","JH378165","3154108","3154386","39","393671"
"KN296322v1","2772024","2772326","JH378137","700498","700793","38","2071526"
"KN296323v1","2359037","2359348","JH378106","60843849","60844159","43","58484812"
"KN296323v1","198999","199152","JH378197","6852070","6852224","27","6653071"
"KN296323v1","199182","199310","JH378141","15434887","15435007","15","15235705"
"KN296323v1","212132","212263","JH378220","1088125","1088257","8","875993"
"KN296323v1","212267","212561","JH378127","18566293","18566586","26","18354026"
"KN296323v1","306869","307156","JH378137","7745755","7746044","34","7438886"
"KN296323v1","446923","447221","JH378165","11470152","11470445","38","11023229"
"KN296323v1","506812","507074","JH378105","36059082","36059351","38","35552270"
"KN296323v1","552078","552373","JH378124","15582898","15583197","32","15030820"
"KN296323v1","779827","780058","JH378112","21148954","21149182","55","20369127"
"KN296323v1","832095","832389","JH378151","3515305","3515602","40","2683210"
"KN296323v1","935205","935511","JH378114","17527220","17527528","41","16592015"
"KN296323v1","942978","943272","JH378173","2192187","2192483","41","1249209"
"KN296323v1","1124093","1124221","JH378142","1272154","1272279","21","148061"
"KN296323v1","1290437","1290711","JH378106","69912980","69913272","52","68622543"
"KN296323v1","1300124","1300419","JH378108","34412580","34412874","36","33112456"
"KN296323v1","1315633","1315931","JH378124","11759045","11759346","36","10443412"
"KN296323v1","1497634","1497798","JH378184","7903373","7903538","24","6405739"
"KN296323v1","1606242","1606403","JH378225","1500208","1500362","28","106034"
"KN296323v1","1695789","1696068","JH378177","6664715","6664994","51","4968926"
"KN296323v1","1717339","1717514","JH378224","6483080","6483251","28","4765741"
"KN296323v1","1717559","1717669","JH378145","335104","335211","16","1382455"
"KN296323v1","1962623","1962939","JH378225","6457829","6458137","47","4495206"
"KN296323v1","2073831","2074105","JH378206","7562255","7562524","32","5488424"
"KN296323v1","2120049","2120364","JH378122","10172818","10173128","39","8052769"
"KN296323v1","2192456","2192656","JH378171","7738073","7738273","37","5545617"
"KN296323v1","2201271","2201594","JH378109","10847116","10847429","46","8645845"
"KN296323v1","2286949","2287259","JH378119","21114888","21115196","44","18827939"
"KN296323v1","2357345","2357644","JH378165","6186750","6187049","39","3829405"
"KN296323v1","2425718","2426016","JH378170","4783494","4783792","34","2357776"
"KN296324v1","95119","95352","JH378129","21712182","21712418","36","21617063"
"KN296324v1","184412","184713","JH378173","5963095","5963395","29","5778683"
"KN296324v1","259183","259486","JH378116","824008","824312","30","564825"
"KN296324v1","372968","373276","JH378112","21015725","21016036","40","20642757"
"KN296324v1","402208","402518","JH378126","21026752","21027059","38","20624544"
"KN296324v1","406748","407052","JH378139","18632207","18632516","42","18225459"
"KN296325v1","12554","12747","JH378112","15550978","15551176","30","15538424"
"KN296325v1","220246","220531","JH378262","3358621","3358910","32","3138375"
"KN296325v1","276489","276825","JH378206","6280299","6280627","51","6003810"
"KN296325v1","548452","548520","JH378105","49023135","49023198","19","48474683"
"KN296325v1","621506","621794","JH378328","658088","658373","36","36582"
"KN296325v1","628444","628754","JH378127","19491153","19491454","48","18862709"
"KN296325v1","700499","700805","JH378112","30912176","30912478","40","30211677"
"KN296326v1","655070","655287","JH378225","6062228","6062429","58","5407158"
"KN296328v1","79014","79320","JH378204","6493604","6493911","41","6414590"
"KN296329v1","99259","99556","JH378108","54706929","54707230","54","54607670"
"KN296335v1","211","389","JH378142","17159581","17159757","32","17159370"
"KN296335v1","136951","137250","JH378106","70986080","70986388","35","70849129"
"KN296335v1","159265","159529","JH378111","11235343","11235605","44","11076078"
"KN296335v1","168993","169274","JH378142","18322987","18323264","39","18153994"
"KN296337v1","68936","69233","JH378228","5509057","5509356","33","5440121"
"KN296337v1","112903","113089","JH378153","11882396","11882581","28","11769493"
"KN296337v1","319010","319317","JH378156","9166475","9166782","30","8847465"
"KN296337v1","354108","354401","JH378137","17138846","17139141","32","16784738"
"KN296337v1","362427","362738","JH378105","62556270","62556578","35","62193843"
"KN296337v1","365949","366119","JH378235","3711319","3711488","33","3345370"
"KN296337v1","446545","446839","JH378125","17186392","17186688","41","16739847"
"KN296337v1","488009","488311","JH378138","5380451","5380753","31","4892442"
"KN296337v1","505779","506089","JH378147","12443857","12444168","30","11938078"
"KN296337v1","733843","734125","JH378166","1501743","1502023","38","767900"
"KN296337v1","818357","818659","JH378108","30731255","30731558","35","29912898"
"KN296337v1","935265","935510","JH378127","23421527","23421764","39","22486262"
"KN296337v1","1066653","1066947","JH378203","220054","220352","44","846599"
"KN296339v1","92253","92532","JH378117","33495627","33495906","44","33403374"
"KN296339v1","165607","165914","JH378288","1088673","1088973","52","923066"
"KN296339v1","240836","241119","JH378148","1943282","1943568","41","1702446"
"KN296339v1","312379","312682","JH378257","87786","88089","46","224593"
"KN296339v1","582229","582513","JH378129","11457553","11457829","39","10875324"
"KN296339v1","586419","586669","JH378118","16931891","16932142","45","16345472"
"KN296339v1","639190","639494","JH378110","44458587","44458889","42","43819397"
"KN296339v1","663770","664052","JH378125","8071292","8071573","37","7407522"
"KN296339v1","897595","897904","JH378231","1347556","1347863","37","449961"
"KN296339v1","979717","980035","JH378111","20485004","20485310","44","19505287"
"KN296339v1","995794","996097","JH378197","1499696","1500000","31","503902"
"KN296339v1","997905","998213","JH378126","21026752","21027059","35","20028847"
"KN296339v1","1059403","1059702","JH378198","6294233","6294526","44","5234830"
"KN296339v1","1132181","1132469","JH378195","7205746","7206037","48","6073565"
"KN296339v1","1256821","1257112","JH378167","8547558","8547847","27","7290737"
"KN296339v1","1295374","1295678","JH378137","9163770","9164075","37","7868396"
"KN296339v1","1312928","1313226","JH378219","2574217","2574516","35","1261289"
"KN296339v1","1659422","1659716","JH378145","2733878","2734174","34","1074456"
"KN296339v1","1665658","1665947","JH378151","15551938","15552226","33","13886280"
"KN296339v1","1705721","1706029","JH378225","6457829","6458137","37","4752108"
"KN296339v1","1826043","1826366","JH378105","35658533","35658847","52","33832490"
"KN296339v1","1855370","1855539","JH378220","6470411","6470593","36","4615041"
"KN296339v1","1857996","1858284","JH378309","75545","75840","58","1782451"
"KN296339v1","1872588","1872869","JH378169","3247221","3247500","35","1374633"
"KN296339v1","1882052","1882215","JH378198","1065320","1065483","19","816732"
"KN296339v1","1885538","1885836","JH378129","10258595","10258896","42","8373057"
"KN296339v1","2006719","2007018","JH378206","4086994","4087300","42","2080275"
"KN296339v1","2052183","2052349","JH378113","32219902","32220070","26","30167719"
"KN296339v1","2081402","2081704","JH378151","4318339","4318636","38","2236937"
"KN296339v1","2099704","2099809","JH378107","41065248","41065354","21","38965544"
"KN296339v1","2142889","2143173","JH378105","5083926","5084210","50","2941037"
"KN296339v1","2146510","2146812","JH378124","10897522","10897826","36","8751012"
"KN296339v1","2190221","2190525","JH378139","18955642","18955939","42","16765421"
"KN296339v1","2224502","2224784","JH378242","1985538","1985806","46","238964"
"KN296339v1","2293414","2293718","JH378159","5493568","5493869","29","3200154"
"KN296339v1","2299956","2300270","JH378154","14645442","14645751","45","12345486"
"KN296339v1","2423784","2424094","JH378279","2519466","2519771","45","95682"
"KN296339v1","2509314","2509621","JH378223","6299306","6299611","38","3789992"
"KN296339v1","2511265","2511564","JH378198","1599087","1599389","40","912178"
"KN296341v1","17473","17753","JH378177","6664715","6664994","37","6647242"
"KN296341v1","23051","23360","JH378288","1088673","1088973","50","1065622"
"KN296341v1","43823","44118","JH378167","7969364","7969660","43","7925541"
"KN296341v1","77545","77823","JH378153","13613701","13613982","36","13536156"
"KN296342v1","359333","359587","JH378183","1745842","1746099","43","1386509"
"KN296342v1","384485","384789","JH378115","25041145","25041450","41","24656660"
"KN296342v1","446067","446371","JH378137","17341662","17341963","48","16895595"
"KN296342v1","534873","534947","JH378226","5406686","5406759","12","4871813"
"KN296343v1","68279","68584","JH378257","87786","88089","31","19507"
"KN296343v1","107148","107318","JH378114","37038173","37038344","23","36931025"
"KN296343v1","128905","129237","JH378129","6954418","6954749","48","6825513"
"KN296343v1","146274","146586","JH378276","2584707","2585019","34","2438433"
"KN296343v1","254793","255098","JH378197","1499696","1500000","40","1244903"
"KN296343v1","278298","278609","JH378167","5351158","5351469","28","5072860"
"KN296343v1","340052","340335","JH378165","5882182","5882468","41","5542130"
"KN296345v1","37951","38262","JH378167","5351158","5351469","35","5313207"
"KN296345v1","45340","45618","JH378109","15884152","15884427","31","15838812"
"KN296345v1","46230","46471","JH378226","5140698","5140936","33","5094468"
"KN296345v1","81495","81816","JH378225","938523","938846","52","857028"
"KN296345v1","90000","90311","JH378183","843270","843581","42","753270"
"KN296345v1","124176","124356","JH378173","2943065","2943242","30","2818889"
"KN296345v1","205292","205601","JH378129","12241608","12241912","38","12036316"
"KN296345v1","272165","272372","JH378244","3948212","3948421","30","3676047"
"KN296345v1","713856","714141","JH378204","3540391","3540677","42","2826535"
"KN296345v1","734047","734330","JH378121","18831730","18832017","50","18097683"
"KN296349v1","1554","1861","JH378115","16925265","16925575","36","16923711"
"KN296349v1","3342","3654","JH378122","6016623","6016933","44","6013281"
"KN296349v1","4475","4778","JH378185","1806016","1806320","36","1801541"
"KN296349v1","12751","13035","JH378136","8872491","8872776","31","8859740"
"KN296349v1","13406","13724","JH378163","14413774","14414085","44","14400368"
"KN296349v1","38575","38873","JH378288","1088673","1088973","31","1050098"
"KN296356v1","38764","39066","JH378105","6199598","6199901","39","6160834"
"KN296356v1","310031","310255","JH378123","19624469","19624699","44","19314438"
"KN296356v1","489283","489589","JH378257","3143469","3143777","34","2654186"
"KN296356v1","509906","510203","JH378121","20166274","20166567","46","19656368"
"KN296356v1","722861","723169","JH378124","15582898","15583197","40","14860037"
"KN296356v1","893172","893483","JH378126","21026752","21027059","38","20133580"
"KN296356v1","923462","923739","JH378277","382904","383183","43","540558"
"KN296357v1","393179","393481","JH378254","774489","774785","31","381310"
"KN296357v1","50314","50607","JH378211","2324806","2325103","43","2274492"
"KN296357v1","60596","60851","JH378173","6043976","6044232","36","5983380"
"KN296357v1","68132","68437","JH378288","1088673","1088973","39","1020541"
"KN296357v1","75662","75963","JH378125","15893280","15893581","36","15817618"
"KN296357v1","87229","87521","JH378110","32622278","32622571","35","32535049"
"KN296357v1","117112","117387","JH378177","6664715","6664994","36","6547603"
"KN296357v1","129155","129447","JH378106","6826425","6826714","35","6697270"
"KN296357v1","153736","154041","JH378181","6657533","6657829","39","6503797"
"KN296357v1","165914","166105","JH378115","35075266","35075454","25","34909352"
"KN296357v1","186074","186376","JH378139","15235758","15236059","42","15049684"
"KN296357v1","186868","187179","JH378140","7338564","7338875","44","7151696"
"KN296357v1","197442","197694","JH378108","23565898","23566144","42","23368456"
"KN296357v1","203592","203885","JH378206","2358566","2358861","34","2154974"
"KN296357v1","250727","251024","JH378115","28712376","28712673","31","28461649"
"KN296357v1","261124","261424","JH378163","2667861","2668158","34","2406737"
"KN296357v1","276062","276346","JH378119","21236610","21236894","39","20960548"
"KN296357v1","285424","285721","JH378173","2192187","2192483","44","1906763"
"KN296357v1","306149","306387","JH378115","35496125","35496356","36","35189976"
"KN296357v1","310130","310165","JH378149","19698","19729","8","290432"
"KN296357v1","310192","310363","JH378119","21901301","21901473","15","21591109"
"KN296357v1","320192","320350","JH378280","2087545","2087701","19","1767353"
"KN296357v1","325998","326322","JH378109","36150947","36151265","46","35824949"
"KN296357v1","328947","329228","AGCE01150543","1","288","39","328946"
"KN296357v1","330114","330420","JH378126","21026752","21027059","35","20696638"
"KN296357v1","338813","339120","JH378148","3164823","3165131","37","2826010"
"KN296357v1","339473","339783","JH378225","6457829","6458137","28","6118356"
"KN296357v1","340856","341152","JH378158","3968205","3968487","57","3627349"
"KN296357v1","343117","343278","JH378137","17897841","17898006","28","17554724"
"KN296357v1","350648","350945","JH378181","6657533","6657829","42","6306885"
"KN296357v1","351376","351543","JH378163","12700737","12700905","24","12349361"
"KN296357v1","351842","351956","JH378111","45242555","45242672","15","44890713"
"KN296357v1","352448","352778","JH378115","28712376","28712673","67","28359928"
"KN296357v1","384362","384588","JH378182","364069","364292","31","20293"
"KN296357v1","395694","395993","JH378167","7969364","7969660","36","7573670"
"KN296357v1","415769","416048","AGCE01150993","740","1018","33","415029"
"KN296357v1","435307","435588","JH378189","340072","340356","30","95235"
"KN296357v1","442525","442785","JH378239","3973899","3974162","38","3531374"
"KN296357v1","449835","450002","JH378132","7294174","7294335","21","6844339"
"KN296357v1","455166","455475","JH378106","10129130","10129437","34","9673964"
"KN296357v1","467374","467681","JH378284","1163902","1164203","36","696528"
"KN296357v1","476477","476759","JH378108","42296533","42296820","36","41820056"
"KN296357v1","480233","480415","AGCE01151061","97","278","22","480136"
"KN296357v1","480721","480844","JH378137","7416799","7416925","21","6936078"
"KN296357v1","493359","493642","JH378183","5085328","5085606","32","4591969"
"KN296357v1","496995","497264","JH378216","1387518","1387789","39","890523"
"KN296357v1","504999","505294","JH378111","42787057","42787349","31","42282058"
"KN296357v1","510727","511008","JH378140","14073854","14074132","34","13563127"
"KN296357v1","531557","531865","JH378255","1560098","1560402","40","1028541"
"KN296357v1","548568","548859","JH378216","7124506","7124797","30","6575938"
"KN296357v1","598103","598378","JH378159","15615783","15616046","55","15017680"
"KN296357v1","606387","606480","JH378135","3346628","3346722","12","2740241"
"KN296357v1","606883","607183","JH378123","48357","48656","42","558526"
"KN296357v1","620624","620673","JH378123","22079436","22079485","8","21458812"
"KN296357v1","620674","620854","JH378125","5641148","5641327","25","5020474"
"KN296357v1","729306","729601","JH378113","14455819","14456118","32","13726513"
"KN296357v1","732014","732312","JH378153","4905997","4906290","37","4173983"
"KN296357v1","745836","746134","JH378139","15235758","15236059","44","14489922"
"KN296357v1","761631","761929","JH378167","5351158","5351469","38","4589527"
"KN296357v1","763024","763334","JH378170","5183299","5183600","37","4420275"
"KN296357v1","763774","764068","JH378198","4226780","4227075","32","3463006"
"KN296357v1","773200","773506","JH378113","14455819","14456118","39","13682619"
"KN296360v1","174967","175267","JH378110","13953259","13953553","51","13778292"
"KN296360v1","202905","203214","JH378116","23978626","23978940","38","23775721"
"KN296360v1","359972","360229","JH378175","6107701","6107955","31","5747729"
"KN296360v1","377470","377776","JH378105","70722310","70722624","43","70344840"
"KN296360v1","1250616","1250925","JH378197","7145768","7146073","39","5895152"
"KN296360v1","1254936","1255112","JH378124","6983492","6983660","30","5728556"
"KN296360v1","1286401","1286685","JH378204","7525660","7525946","27","6239259"
"KN296360v1","1502024","1502322","JH378120","30809185","30809484","35","29307161"
"KN296360v1","1581449","1581750","JH378125","15893280","15893581","38","14311831"
"KN296360v1","1660284","1660496","JH378121","11214008","11214213","38","9553724"
"KN296360v1","1768502","1768790","JH378174","4130472","4130753","40","2361970"
"KN296360v1","1860076","1860359","JH378137","17271511","17271797","29","15411435"
"KN296360v1","1886190","1886439","JH378176","5671270","5671515","40","3785080"
"KN296360v1","1990272","1990569","JH378148","16726869","16727158","32","14736597"
"KN296360v1","2075164","2075485","JH378139","18632207","18632516","40","16557043"
"KN296361v1","58343","58632","JH378105","50002605","50002894","39","49944262"
"KN296361v1","97380","97688","JH378148","17201496","17201806","37","17104116"
"KN296361v1","136484","136766","JH378207","7640792","7641076","28","7504308"
"KN296365v1","1472","1773","JH378213","4745577","4745870","41","4744105"
"KN296365v1","55123","55400","JH378216","2540983","2541264","38","2485860"
"KN296365v1","104638","104912","JH378151","13768898","13769175","39","13664260"
"KN296365v1","129214","129515","JH378105","4190308","4190610","39","4061094"
"KN296365v1","170556","170877","JH378118","17703617","17703951","60","17533061"
"KN296365v1","242386","242696","JH378105","4190308","4190610","37","3947922"
"KN296365v1","367673","367972","JH378151","4318339","4318636","35","3950666"
"KN296365v1","495056","495352","JH378112","32204236","32204530","33","31709180"
"KN296365v1","532206","532511","JH378108","30731255","30731558","37","30199049"
"KN296365v1","655003","655299","JH378235","4514528","4514824","43","3859525"
"KN296365v1","656109","656413","JH378123","491683","491985","35","164426"
"KN296365v1","685595","685890","JH378108","45549156","45549462","47","44863561"
"KN296365v1","688958","689270","JH378167","5351158","5351469","28","4662200"
"KN296365v1","707416","707718","JH378108","30731255","30731558","36","30023839"
"KN296365v1","731306","731606","JH378110","12146106","12146409","39","11414800"
"KN296365v1","754729","755026","JH378136","18137244","18137543","36","17382515"
"KN296365v1","853649","853954","JH378106","70986080","70986388","38","70132431"
"KN296365v1","947058","947355","JH378108","15676909","15677206","33","14729851"
"KN296365v1","1066442","1066739","JH378106","6826425","6826714","50","5759983"
"KN296365v1","1086681","1086979","JH378185","1841930","1842234","37","755249"
"KN296365v1","1224227","1224512","JH378198","1596143","1596429","38","371916"
"KN296365v1","1278091","1278215","JH378197","4415015","4415140","18","3136924"
"KN296365v1","1278216","1278390","JH378135","14973803","14973978","23","13695587"
"KN296365v1","1438017","1438297","JH378118","10179604","10179881","47","8741587"
"KN296365v1","1579853","1580157","JH378141","10014232","10014538","34","8434379"
"KN296365v1","1581568","1581841","JH378105","36884891","36885163","39","35303323"
"KN296365v1","1597573","1597855","JH378262","448066","448345","38","1149507"
"KN296365v1","1865948","1866110","JH378198","1065320","1065483","20","800628"
"KN296365v1","2032096","2032395","JH378245","1256724","1257025","48","775372"
"KN296367v1","50673","50971","JH378127","17322354","17322649","36","17271681"
"KN296367v1","438193","438276","JH378210","4229057","4229138","16","3790864"
"KN296367v1","438308","438465","JH378112","10003708","10003864","25","9565400"
"KN296367v1","662406","662701","JH378139","15119668","15119965","45","14457262"
"KN296367v1","745977","746239","JH378106","70308292","70308551","39","69562315"
"KN296370v1","84718","84998","JH378114","20276504","20276786","42","20191786"
"KN296371v1","45085","45365","JH378157","7681863","7682144","39","7636778"
"KN296371v1","114264","114576","JH378113","6613006","6613316","38","6498742"
"KN296371v1","129857","130138","JH378328","658088","658373","43","528231"
"KN296371v1","131341","131629","JH378124","2706170","2706454","41","2574829"
"KN296371v1","168438","168735","JH378251","3388910","3389209","35","3220472"
"KN296371v1","176495","176795","JH378170","579078","579383","52","402583"
"KN296373v1","24671","24971","JH378147","8805314","8805606","51","8780643"
"KN296373v1","165643","165946","JH378119","6124403","6124708","39","5958760"
"KN296373v1","318879","319174","JH378106","7321806","7322099","36","7002927"
"KN296373v1","453134","453271","JH378197","7216252","7216383","19","6763118"
"KN296373v1","552450","552766","JH378115","16925265","16925575","44","16372815"
"KN296373v1","1013346","1013660","JH378139","19180439","19180749","39","18167093"
"KN296375v1","15036","15329","JH378107","7568037","7568336","41","7553001"
"KN296375v1","17838","18124","JH378111","19524517","19524801","32","19506679"
"KN296375v1","34464","34727","JH378167","5904473","5904736","35","5870009"
"KN296375v1","68693","68983","JH378142","12979191","12979481","30","12910498"
"KN296376v1","64534","64639","JH378107","46542937","46543040","19","46478403"
"KN296376v1","116840","117149","JH378106","60843849","60844159","39","60727009"
"KN296377v1","20639","20961","JH378227","2670506","2670826","47","2649867"
"KN296377v1","85724","86023","JH378105","4325405","4325701","32","4239681"
"KN296378v1","30382","30692","JH378113","6613006","6613316","31","6582624"
"KN296378v1","186662","186746","JH378197","4164856","4164939","9","3978194"
"KN296378v1","228680","228986","JH378176","8157064","8157374","37","7928384"
"KN296378v1","236043","236340","JH378111","25827334","25827630","36","25591291"
"KN296378v1","391823","392129","JH378149","11057149","11057455","36","10665326"
"KN296378v1","417034","417315","JH378228","2181951","2182234","33","1764917"
"KN296378v1","441608","441872","JH378106","40877898","40878164","46","40436290"
"KN296378v1","472734","473033","JH378173","10591352","10591642","30","10118618"
"KN296378v1","608308","608544","JH378308","1441471","1441705","32","833163"
"KN296378v1","665483","665736","JH378108","53903069","53903338","63","53237586"
"KN296378v1","675829","676138","JH378205","3436356","3436658","42","2760527"
"KN296378v1","692162","692324","JH378105","16504718","16504877","15","15812556"
"KN296378v1","760793","761089","JH378163","13372336","13372629","36","12611543"
"KN296378v1","1061173","1061465","JH378212","3107106","3107391","42","2045933"
"KN296378v1","1202537","1202836","JH378245","749087","749382","32","453450"
"KN296378v1","1258424","1258728","JH378157","7230702","7230999","38","5972278"
"KN296378v1","1346044","1346333","JH378112","31041843","31042131","39","29695799"
"KN296380v1","34657","34848","JH378108","21495873","21496056","30","21461216"
"KN296380v1","149886","150164","JH378228","5750963","5751245","36","5601077"
"KN296380v1","188984","189188","JH378115","16766538","16766748","33","16577554"
"KN296381v1","15361","15561","JH378221","196172","196372","26","180811"
"KN296381v1","15869","16178","JH378112","33597938","33598248","40","33582069"
"KN296381v1","31517","31741","JH378109","26123227","26123447","29","26091710"
"KN296381v1","64094","64402","JH378115","34859185","34859494","34","34795091"
"KN296381v1","75607","75890","JH378131","2409707","2409985","34","2334100"
"KN296381v1","86792","87079","JH378137","16865909","16866194","45","16779117"
"KN296381v1","90443","90766","JH378171","8012059","8012368","52","7921616"
"KN296381v1","92647","92944","JH378124","1058510","1058801","35","965863"
"KN296381v1","99903","100192","JH378151","8381511","8381803","44","8281608"
"KN296381v1","110234","110528","JH378234","3485864","3486157","41","3375630"
"KN296381v1","134579","134876","JH378137","17093543","17093840","40","16958964"
"KN296381v1","138180","138483","JH378105","48006048","48006343","43","47867868"
"KN296381v1","145972","146274","JH378106","45314834","45315127","39","45168862"
"KN296381v1","151618","151926","JH378134","18532482","18532793","35","18380864"
"KN296381v1","155161","155466","JH378138","5380451","5380753","30","5225290"
"KN296381v1","178242","178340","JH378111","15662274","15662373","18","15484032"
"KN296381v1","182665","182976","JH378170","7770931","7771241","42","7588266"
"KN296381v1","183514","183815","JH378213","5393305","5393609","32","5209791"
"KN296381v1","225367","225667","JH378197","8797962","8798262","44","8572595"
"KN296381v1","266676","267001","JH378187","2906095","2906405","51","2639419"
"KN296381v1","329993","330274","JH378176","1295936","1296216","37","965943"
"KN296381v1","336941","337015","JH378132","22347587","22347662","11","22010646"
"KN296381v1","352171","352356","JH378184","8811427","8811611","20","8459256"
"KN296381v1","364053","364360","JH378113","6692573","6692881","32","6328520"
"KN296381v1","374021","374320","JH378107","7568037","7568336","43","7194016"
"KN296381v1","375852","376163","JH378106","8193028","8193339","31","7817176"
"KN296381v1","382574","382833","JH378105","10485293","10485556","31","10102719"
"KN296381v1","393223","393518","JH378151","7439461","7439762","45","7046238"
"KN296381v1","403817","404092","JH378137","15901279","15901554","41","15497462"
"KN296381v1","411729","412023","JH378216","4518188","4518482","41","4106459"
"KN296381v1","417725","418017","JH378105","6125259","6125549","43","5707534"
"KN296381v1","421233","421531","JH378138","10944133","10944431","47","10522900"
"KN296381v1","456988","457232","JH378105","46057891","46058125","47","45600903"
"KN296381v1","467698","468004","JH378113","6692573","6692881","36","6224875"
"KN296381v1","469611","469790","JH378121","1998415","1998591","24","1528804"
"KN296381v1","492840","493121","JH378144","7596090","7596371","34","7103250"
"KN296381v1","518828","518978","JH378161","3080819","3080969","19","2561991"
"KN296381v1","522631","522938","JH378153","13313825","13314130","40","12791194"
"KN296381v1","529594","529772","JH378185","925756","925936","30","396162"
"KN296381v1","561397","561694","JH378293","1524576","1524874","37","963179"
"KN296381v1","566865","566996","JH378111","42303119","42303251","12","41736254"
"KN296381v1","595227","595424","JH378232","420548","420740","25","174679"
"KN296383v1","23192","23480","JH378111","11160555","11160844","39","11137363"
"KN296383v1","39316","39626","JH378189","1797420","1797734","36","1758104"
"KN296383v1","46002","46298","JH378170","4783494","4783792","34","4737492"
"KN296383v1","49779","50061","JH378123","5621682","5621969","45","5571903"
"KN296383v1","147472","147786","JH378105","54690252","54690560","49","54542780"
"KN296383v1","175428","175734","JH378126","21026752","21027059","39","20851324"
"KN296383v1","191106","191395","JH378136","7429998","7430285","36","7238892"
"KN296383v1","221503","221791","JH378110","18205286","18205573","48","17983783"
"KN296383v1","231409","231722","JH378152","15165263","15165574","56","14933854"
"KN296383v1","340034","340329","JH378141","18104473","18104759","39","17764439"
"KN296383v1","368593","368882","JH378153","5391352","5391639","29","5022759"
"KN296385v1","85952","86258","JH378126","21026752","21027059","34","20940800"
"KN296386v1","142238","142524","JH378109","52148","52435","39","90090"
"KN296386v1","205109","205403","JH378114","38708481","38708771","36","38503372"
"KN296386v1","270514","270799","JH378181","10335887","10336177","43","10065373"
"KN296386v1","308889","309210","JH378139","18632207","18632516","53","18323318"
"KN296386v1","311785","312092","JH378126","21026752","21027059","38","20714967"
"KN296386v1","366267","366552","JH378273","919258","919543","30","552991"
"KN296386v1","409707","409998","JH378139","16259084","16259375","32","15849377"
"KN296386v1","715056","715358","JH378138","5380451","5380753","36","4665395"
"KN296386v1","791539","791841","JH378288","1088673","1088973","32","297134"
"KN296386v1","793606","793907","JH378105","63827132","63827433","33","63033526"
"KN296386v1","927675","927948","JH378145","5554297","5554570","32","4626622"
"KN296386v1","1006076","1006325","JH378106","66881924","66882170","32","65875848"
"KN296386v1","1064993","1065285","JH378121","29566176","29566469","34","28501183"
"KN296386v1","1144723","1144879","JH378164","9341233","9341390","25","8196510"
"KN296387v1","1499","1797","JH378124","15582898","15583197","33","15581399"
"KN296387v1","18611","18903","JH378115","15321606","15321900","45","15302995"
"KN296387v1","52882","53192","JH378173","4223558","4223871","59","4170676"
"KN296387v1","54261","54568","JH378119","6124403","6124708","49","6070142"
"KN296387v1","86542","86873","JH378273","1026765","1027097","64","940223"
"KN296387v1","91857","92166","JH378126","21026752","21027059","42","20934895"
"KN296387v1","104158","104287","JH378106","49028222","49028349","16","48924064"
"KN296387v1","109639","109966","JH378146","10430979","10431288","71","10321340"
"KN296387v1","118962","119263","JH378139","17878350","17878657","48","17759388"
"KN296387v1","122506","122802","JH378163","13372336","13372629","48","13249830"
"KN296387v1","139730","140034","JH378114","42169048","42169348","38","42029318"
"KN296387v1","161189","161480","JH378228","5509057","5509356","43","5347868"
"KN296387v1","170137","170448","JH378181","2052926","2053235","37","1882789"
"KN296387v1","184710","184939","JH378109","40058219","40058455","52","39873509"
"KN296387v1","204870","204961","JH378125","5308706","5308792","17","5103836"
"KN296387v1","220985","221127","JH378157","12867440","12867583","26","12646455"
"KN296387v1","225943","226246","JH378257","87786","88089","24","138157"
"KN296387v1","227559","227869","JH378203","3911868","3912168","45","3684309"
"KN296387v1","239063","239356","JH378105","20730159","20730452","44","20491096"
"KN296387v1","241472","241645","JH378119","2637465","2637634","23","2395993"
"KN296387v1","241727","242017","JH378197","5431567","5431860","40","5189840"
"KN296387v1","242114","242413","JH378107","6820470","6820772","33","6578356"
"KN296387v1","248068","248350","JH378152","14427342","14427619","38","14179274"
"KN296387v1","267623","267919","JH378156","9288796","9289089","37","9021173"
"KN296387v1","274828","275114","JH378109","12384120","12384406","42","12109292"
"KN296387v1","275776","276068","JH378265","3288819","3289108","43","3013043"
"KN296387v1","299584","299887","JH378137","4677249","4677553","40","4377665"
"KN296387v1","301721","302054","JH378213","4415237","4415570","57","4113516"
"KN296387v1","330348","330648","JH378293","1524576","1524874","35","1194228"
"KN296387v1","344002","344312","JH378124","15558279","15558590","42","15214277"
"KN296387v1","348470","348773","JH378136","7727266","7727563","43","7378796"
"KN296387v1","382499","382796","JH378108","30731255","30731558","42","30348756"
"KN296387v1","408564","408863","JH378215","7128710","7129004","47","6720146"
"KN296387v1","412962","413264","JH378116","824008","824312","41","411046"
"KN296391v1","4151","4464","JH378150","11332916","11333218","45","11328765"
"KN296391v1","12358","12650","JH378151","8381511","8381803","34","8369153"
"KN296391v1","29817","30119","JH378151","8381511","8381803","54","8351694"
"KN296391v1","35697","35995","JH378236","2099707","2100007","33","2064010"
"KN296391v1","37453","37750","JH378300","1162802","1163097","38","1125349"
"KN296391v1","43989","44291","JH378107","57315990","57316289","31","57272001"
"KN296391v1","77708","78007","JH378105","36360997","36361302","45","36283289"
"KN296391v1","80462","80761","JH378107","7568037","7568336","36","7487575"
"KN296391v1","113804","114115","JH378115","22676581","22676892","41","22562777"
"KN296391v1","114695","115001","JH378167","5351158","5351469","35","5236463"
"KN296391v1","123701","124009","JH378232","2351199","2351476","65","2227498"
"KN296391v1","138636","138958","JH378213","5483774","5484086","51","5345138"
"KN296391v1","148340","148647","JH378169","9325308","9325608","36","9176968"
"KN296391v1","170890","171182","JH378139","16259084","16259375","38","16088194"
"KN296391v1","215801","216095","JH378124","17923330","17923624","31","17707529"
"KN296391v1","226339","226601","JH378139","10412496","10412760","27","10186157"
"KN296392v1","89934","90199","JH378244","2603737","2604002","49","2513803"
"KN296392v1","118939","119248","JH378165","11494477","11494783","46","11375538"
"KN296392v1","182221","182504","JH378111","19524517","19524801","39","19342296"
"KN296392v1","221763","222043","JH378128","24734133","24734403","56","24512370"
"KN296392v1","294750","295080","JH378108","39655253","39655578","59","39360503"
"KN296392v1","409952","410245","JH378151","8381511","8381803","32","7971559"
"KN296393v1","21057","21357","JH378113","4856992","4857283","56","4835935"
"KN296393v1","253401","253425","JH378222","6581835","6581856","8","6328434"
"KN296393v1","253457","253613","JH378112","10003708","10003864","26","9750251"
"KN296394v1","45172","45465","JH378106","70742954","70743252","37","70697782"
"KN296394v1","108231","108511","JH378118","9593290","9593568","37","9485059"
"KN296394v1","118814","119108","JH378105","51661095","51661389","36","51542281"
"KN296394v1","142577","142870","JH378159","837474","837769","35","694897"
"KN296394v1","154116","154411","JH378328","452393","452688","36","298277"
"KN296394v1","192494","192789","JH378115","25041145","25041450","34","24848651"
"KN296394v1","214324","214620","JH378257","445714","446011","32","231390"
"KN296394v1","255228","255535","JH378184","8030208","8030510","37","7774980"
"KN296394v1","266919","267195","JH378144","1448431","1448705","39","1181512"
"KN296394v1","280303","280606","JH378117","21582911","21583214","40","21302608"
"KN296394v1","282332","282527","JH378117","36013518","36013714","25","35731186"
"KN296394v1","284269","284458","JH378106","66691679","66691868","33","66407410"
"KN296395v1","8574","8861","JH378146","9718543","9718830","29","9709969"
"KN296395v1","10824","11034","JH378125","8477939","8478156","33","8467115"
"KN296395v1","14178","14415","JH378137","16037868","16038105","35","16023690"
"KN296395v1","26571","26869","JH378113","14455819","14456118","36","14429248"
"KN296395v1","80942","81060","JH378108","54640109","54640227","15","54559167"
"KN296395v1","125134","125427","JH378118","31339599","31339890","32","31214465"
"KN296395v1","146110","146404","JH378112","21695596","21695889","35","21549486"
"KN296396v1","13423","13706","JH378153","7392982","7393269","34","7379559"
"KN296398v1","240467","240762","JH378110","34840627","34840922","35","34600160"
"KN296401v1","79707","79989","JH378114","5750724","5750992","57","5671017"
"KN296402v1","4374","4674","JH378255","1560098","1560402","33","1555724"
"KN296402v1","76322","76625","JH378113","5116740","5117037","37","5040418"
"KN296402v1","78945","79252","JH378181","2052926","2053235","41","1973981"
"KN296402v1","232116","232396","JH378106","62401908","62402186","44","62169792"
"KN296402v1","254157","254415","JH378144","4808374","4808631","38","4554217"
"KN296402v1","265101","265403","JH378288","1088673","1088973","36","823572"
"KN296402v1","384993","385163","JH378187","26798","26965","17","358195"
"KN296402v1","395575","395890","JH378140","7338564","7338875","33","6942989"
"KN296402v1","409184","409478","JH378105","7311851","7312145","32","6902667"
"KN296402v1","415164","415460","JH378113","5116740","5117037","36","4701576"
"KN296402v1","476192","476483","JH378175","7523727","7524015","35","7047535"
"KN296402v1","477525","477837","JH378145","12656829","12657134","59","12179304"
"KN296402v1","480881","481189","JH378115","25041145","25041450","36","24560264"
"KN296402v1","507735","507981","JH378139","2032411","2032656","55","1524676"
"KN296402v1","508293","508601","JH378122","5534725","5535030","36","5026432"
"KN296402v1","530580","530893","JH378197","7145768","7146073","39","6615188"
"KN296402v1","556168","556468","JH378146","9754214","9754514","34","9198046"
"KN296402v1","558311","558606","JH378288","1561758","1562053","31","1003447"
"KN296402v1","571447","571740","JH378151","15551938","15552226","29","14980491"
"KN296402v1","583703","583985","JH378246","2401172","2401453","33","1817469"
"KN296402v1","587051","587351","JH378111","18381930","18382226","37","17794879"
"KN296402v1","590982","591288","JH378126","21026752","21027059","38","20435770"
"KN296402v1","598899","599211","JH378111","25473856","25474161","48","24874957"
"KN296402v1","606732","607030","JH378159","837474","837769","34","230742"
"KN296402v1","609878","610190","JH378122","2367369","2367669","52","1757491"
"KN296402v1","631678","632009","JH378121","16380436","16380774","60","15748758"
"KN296402v1","633835","634134","JH378159","5493568","5493869","28","4859733"
"KN296402v1","642639","642947","JH378197","7145768","7146073","36","6503129"
"KN296402v1","644588","644779","JH378213","2634159","2634344","22","1989571"
"KN296402v1","656755","656921","AGCE01150349","866","1035","21","655889"
"KN296403v1","373442","373771","JH378252","3180631","3180956","59","2807189"
"KN296403v1","545642","545939","JH378264","3581907","3582210","45","3036265"
"KN296403v1","629134","629422","JH378254","3916143","3916437","44","3287009"
"KN296403v1","690002","690306","JH378293","1892833","1893133","43","1202831"
"KN296403v1","932694","932976","JH378198","1177753","1178038","40","245059"
"KN296403v1","944389","944696","JH378229","5039327","5039634","47","4094938"
"KN296403v1","958075","958358","JH378105","35665534","35665817","35","34707459"
"KN296404v1","113775","114025","JH378153","10380000","10380247","37","10266225"
"KN296404v1","424328","424629","JH378228","5509057","5509356","35","5084729"
"KN296404v1","608903","609187","JH378142","14822933","14823222","44","14214030"
"KN296404v1","899280","899593","JH378236","1785225","1785535","44","885945"
"KN296404v1","1024932","1025221","JH378151","3515305","3515602","40","2490373"
"KN296404v1","1036126","1036195","JH378119","21789818","21789884","9","20753692"
"KN296404v1","1040783","1041077","JH378170","4783494","4783792","33","3742711"
"KN296404v1","1155960","1156256","JH378151","8381511","8381803","37","7225551"
"KN296404v1","1179099","1179384","JH378133","11041682","11041966","33","9862583"
"KN296404v1","1250550","1250844","JH378127","15652504","15652797","39","14401954"
"KN296404v1","1276289","1276592","JH378110","18001095","18001395","37","16724806"
"KN296404v1","1296111","1296418","JH378122","4810421","4810726","37","3514310"
"KN296404v1","1298980","1299292","JH378191","5184511","5184822","40","3885531"
"KN296404v1","1341864","1342178","JH378216","6814492","6814786","49","5472628"
"KN296404v1","1520840","1521119","JH378289","1931415","1931685","63","410575"
"KN296404v1","1540286","1540412","JH378108","22034456","22034588","24","20494170"
"KN296404v1","1564080","1564362","JH378105","48815627","48815906","33","47251547"
"KN296404v1","1579704","1579965","JH378108","24030056","24030319","34","22450352"
"KN296404v1","1637595","1637888","JH378204","5607975","5608271","42","3970380"
"KN296404v1","1663575","1663808","JH378206","6119878","6120101","32","4456303"
"KN296404v1","1683966","1684272","JH378106","9882834","9883140","34","8198868"
"KN296404v1","1693050","1693352","JH378144","7014110","7014412","38","5321060"
"KN296404v1","1723906","1724209","JH378154","15612419","15612727","36","13888513"
"KN296404v1","1738609","1738896","JH378105","36900565","36900857","38","35161956"
"KN296404v1","1775064","1775369","JH378149","4766604","4766904","36","2991540"
"KN296404v1","1784306","1784606","JH378118","1390919","1391217","43","393387"
"KN296404v1","1787034","1787333","JH378154","5137692","5137998","36","3350658"
"KN296404v1","1818740","1819039","JH378131","770886","771191","41","1047854"
"KN296404v1","1837991","1838291","JH378138","5380451","5380753","41","3542460"
"KN296404v1","1864462","1864761","JH378133","7394995","7395295","35","5530533"
"KN296404v1","1873517","1873818","JH378150","3147294","3147605","41","1273777"
"KN296404v1","1916407","1916712","JH378189","1317453","1317757","38","598954"
"KN296404v1","1936172","1936467","JH378115","4382023","4382316","34","2445851"
"KN296404v1","1982201","1982499","JH378143","13538464","13538762","37","11556263"
"KN296404v1","2000910","2001185","JH378114","5750724","5750992","38","3749814"
"KN296404v1","2083131","2083436","JH378115","16925265","16925575","31","14842134"
"KN296404v1","2152584","2152866","JH378112","33911252","33911534","33","31758668"
"KN296404v1","2224195","2224494","JH378255","1560098","1560402","29","664097"
"KN296404v1","2250633","2250919","JH378117","25803939","25804227","31","23553306"
"KN296404v1","2393976","2394273","JH378139","18955642","18955939","30","16561666"
"KN296404v1","2446169","2446473","JH378112","21015725","21016036","38","18569556"
"KN296404v1","2464827","2465128","JH378185","841607","841910","36","1623220"
"KN296404v1","2466164","2466459","JH378135","17495792","17496088","38","15029628"
"KN296404v1","2635786","2635994","JH378137","9740435","9740667","48","7104649"
"KN296404v1","2786987","2787282","JH378179","5895592","5895885","38","3108605"
"KN296404v1","2808788","2809094","JH378197","7145768","7146073","37","4336980"
"KN296404v1","2911739","2912051","JH378115","16925265","16925575","33","14013526"
"KN296404v1","3148256","3148422","JH378181","5895050","5895213","17","2746794"
"KN296404v1","3150247","3150560","JH378290","1016688","1016999","35","2133559"
"KN296404v1","3167817","3168119","JH378173","9055905","9056209","42","5888088"
"KN296404v1","3193629","3193955","JH378112","33214699","33215012","57","30021070"
"KN296404v1","3317368","3317650","JH378106","6826425","6826714","46","3509057"
"KN296404v1","3317654","3317719","JH378119","21789818","21789884","11","18472164"
"KN296404v1","3317725","3317845","JH378165","10161690","10161792","30","6843965"
"KN296404v1","3317851","3318029","JH378293","1711596","1711786","26","1606255"
"KN296404v1","3334667","3334976","JH378111","32801132","32801440","40","29466465"
"KN296404v1","3558661","3558967","JH378130","1202684","1202989","34","2355977"
"KN296404v1","3678498","3678792","JH378157","9676550","9676840","46","5998052"
"KN296404v1","3682619","3682908","JH378226","6550895","6551180","41","2868276"
"KN296404v1","3706733","3707022","JH378125","803094","803382","37","2903639"
"KN296404v1","3713322","3713614","JH378157","9676550","9676840","33","5963228"
"KN296404v1","3714218","3714516","JH378206","1109787","1110092","32","2604431"
"KN296404v1","3728441","3728462","JH378146","3369675","3369695","10","358766"
"KN296404v1","3728769","3728931","JH378138","2925165","2925325","20","803604"
"KN296404v1","3753626","3753878","JH378124","10334180","10334433","35","6580554"
"KN296404v1","3847552","3847862","JH378163","12906026","12906334","42","9058474"
"KN296404v1","3893773","3893988","JH378153","14246351","14246569","32","10352578"
"KN296404v1","3934500","3934804","JH378117","12281187","12281490","36","8346687"
"KN296406v1","23813","24126","JH378147","12443857","12444168","41","12420044"
"KN296406v1","47058","47330","JH378252","4185743","4186015","41","4138685"
"KN296406v1","56260","56565","JH378119","6124403","6124708","39","6068143"
"KN296406v1","62475","62782","JH378106","14050007","14050315","38","13987532"
"KN296406v1","84537","84799","JH378151","7414817","7415082","31","7330280"
"KN296406v1","86837","87136","JH378124","15582898","15583197","40","15496061"
"KN296406v1","101653","101950","JH378163","13372336","13372629","29","13270683"
"KN296406v1","103758","103926","JH378170","207713","207882","18","103955"
"KN296406v1","114564","114861","JH378228","5509057","5509356","34","5394493"
"KN296406v1","122143","122405","JH378127","24612564","24612827","32","24490421"
"KN296406v1","125944","126240","JH378115","28712376","28712673","38","28586432"
"KN296406v1","129361","129673","JH378118","2107943","2108251","41","1978582"
"KN296406v1","148854","149147","JH378107","57673207","57673500","33","57524353"
"KN296406v1","150491","150791","JH378290","2333619","2333918","34","2183128"
"KN296406v1","152192","152488","JH378172","3560988","3561286","29","3408796"
"KN296406v1","170826","171141","JH378115","23201999","23202310","45","23031173"
"KN296406v1","182678","182780","JH378225","2858858","2858960","13","2676180"
"KN296406v1","182781","183089","JH378122","5440688","5440988","42","5257907"
"KN296406v1","192547","192837","JH378141","16295875","16296172","39","16103328"
"KN296406v1","200005","200313","JH378112","30436376","30436684","35","30236371"
"KN296406v1","206093","206404","JH378171","6181069","6181379","29","5974976"
"KN296406v1","208186","208371","JH378107","6322168","6322343","30","6113982"
"KN296406v1","208372","208670","JH378115","28712376","28712673","38","28504004"
"KN296406v1","208671","208807","JH378134","9438854","9438985","23","9230183"
"KN296406v1","213320","213615","JH378297","994921","995217","44","781601"
"KN296406v1","221609","221918","JH378224","2769148","2769454","32","2547539"
"KN296406v1","223107","223380","JH378216","1387518","1387789","35","1164411"
"KN296406v1","227617","227907","JH378254","3916143","3916437","32","3688526"
"KN296406v1","229185","229468","JH378141","12410737","12411017","39","12181552"
"KN296406v1","234992","235284","JH378136","7454056","7454357","42","7219064"
"KN296406v1","266854","267136","JH378118","27240197","27240484","38","26973343"
"KN296406v1","269368","269665","JH378205","5080625","5080919","41","4811257"
"KN296406v1","270023","270307","JH378184","6063296","6063578","40","5793273"
"KN296406v1","279598","279887","JH378182","1153228","1153518","29","873630"
"KN296406v1","281868","282175","JH378206","6984481","6984785","37","6702613"
"KN296406v1","293775","294063","JH378139","16259084","16259375","33","15965309"
"KN296406v1","315099","315400","JH378138","5380451","5380753","33","5065352"
"KN296406v1","389185","389487","JH378149","12361991","12362291","31","11972806"
"KN296406v1","407273","407586","JH378126","21026752","21027059","31","20619479"
"KN296406v1","413260","413573","JH378115","23201999","23202310","41","22788739"
"KN296406v1","456636","456946","JH378206","4086994","4087300","36","3630358"
"KN296406v1","463934","464245","JH378120","16327645","16327955","36","15863711"
"KN296406v1","492726","492890","JH378108","45330665","45330828","23","44837939"
"KN296407v1","64810","65096","JH378121","29566176","29566469","34","29501366"
"KN296407v1","76297","76607","JH378126","21026752","21027059","32","20950455"
"KN296413v1","1931","2261","JH378220","1681167","1681479","68","1679236"
"KN296418v1","14382","14686","JH378224","2925924","2926233","34","2911542"
"KN296418v1","245983","246268","JH378151","8652626","8652916","30","8406643"
"KN296423v1","156230","156370","JH378184","5372802","5372943","21","5216572"
"KN296424v1","26641","26949","JH378138","5380451","5380753","30","5353810"
"KN296424v1","61911","62179","JH378106","1255495","1255784","49","1193584"
"KN296424v1","122585","122877","JH378114","25023401","25023701","46","24900816"
"KN296424v1","163877","164161","JH378139","1932586","1932866","39","1768709"
"KN296424v1","167566","167871","JH378111","20603266","20603567","27","20435700"
"KN296424v1","177323","177627","JH378159","5493568","5493869","35","5316245"
"KN296424v1","197505","197809","JH378228","5509057","5509356","42","5311552"
"KN296424v1","207969","208272","JH378110","38574281","38574582","45","38366312"
"KN296424v1","230497","230783","JH378182","3623832","3624120","30","3393335"
"KN296424v1","239562","239859","JH378106","44399035","44399331","39","44159473"
"KN296424v1","263573","263708","JH378137","4605041","4605173","20","4341468"
"KN296424v1","275766","276056","JH378119","19296186","19296474","34","19020420"
"KN296424v1","285782","286076","JH378228","5509057","5509356","33","5223275"
"KN296424v1","367363","367653","JH378115","31258529","31258819","35","30891166"
"KN296424v1","402275","402582","JH378118","26373485","26373786","49","25971210"
"KN296424v1","428968","429101","JH378136","7449626","7449758","15","7020658"
"KN296424v1","435633","435925","JH378109","15394810","15395104","34","14959177"
"KN296424v1","483703","484010","JH378124","15558279","15558590","34","15074576"
"KN296424v1","502924","503229","JH378206","4086994","4087300","30","3584070"
"KN296424v1","516776","516987","JH378151","645312","645524","27","128536"
"KN296424v1","520851","521040","JH378144","10611810","10611983","39","10090959"
"KN296424v1","572068","572439","JH378145","9695946","9696321","85","9123878"
"KN296424v1","574851","575141","JH378153","12492355","12492642","43","11917504"
"KN296424v1","577330","577590","JH378108","20473873","20474130","42","19896543"
"KN296424v1","582637","582933","JH378115","28712376","28712673","33","28129739"
"KN296424v1","585217","585520","JH378107","58093837","58094140","37","57508620"
"KN296424v1","601059","601356","JH378158","5952169","5952463","37","5351110"
"KN296424v1","606873","607154","JH378159","15490542","15490823","37","14883669"
"KN296424v1","613178","613472","JH378288","1088673","1088973","39","475495"
"KN296426v1","70342","70632","JH378116","24890259","24890547","42","24819917"
"KN296426v1","127626","127914","JH378111","42787057","42787349","29","42659431"
"KN296426v1","154111","154423","JH378160","11027367","11027672","41","10873256"
"KN296426v1","160212","160522","JH378144","4944998","4945309","38","4784786"
"KN296426v1","164720","165014","JH378142","10606091","10606382","42","10441371"
"KN296426v1","171010","171296","JH378225","791159","791449","39","620149"
"KN296426v1","175966","176234","JH378321","737708","737984","42","561742"
"KN296426v1","201779","201994","JH378108","43522087","43522297","26","43320308"
"KN296426v1","298137","298397","JH378144","16198935","16199190","41","15900798"
"KN296426v1","361042","361350","JH378171","6181069","6181379","34","5820027"
"KN296426v1","385504","385802","JH378125","19027324","19027621","31","18641820"
"KN296426v1","668819","669105","JH378114","6470123","6470414","41","5801304"
"KN296426v1","774384","774685","JH378166","1276502","1276806","33","502118"
"KN296426v1","838701","839003","JH378207","3169344","3169645","37","2330643"
"KN296426v1","841163","841473","JH378252","1272655","1272952","43","431492"
"KN296426v1","855766","856058","JH378105","7311851","7312145","32","6456085"
"KN296426v1","908814","909109","JH378288","1088673","1088973","40","179859"
"KN296428v1","5052","5382","JH378108","26596167","26596503","59","26591115"
"KN296428v1","8353","8691","JH378157","2020459","2020794","60","2012106"
"KN296430v1","12776","13087","JH378189","344917","345227","35","332141"
"KN296430v1","94308","94586","JH378144","7596090","7596371","37","7501782"
"KN296430v1","173160","173415","JH378180","7820139","7820394","34","7646979"
"KN296430v1","193063","193289","JH378201","7319002","7319229","24","7125939"
"KN296430v1","195304","195605","JH378125","15893280","15893581","39","15697976"
"KN296430v1","198448","198754","JH378293","1892833","1893133","39","1694385"
"KN296430v1","217265","217560","JH378216","3208225","3208520","52","2990960"
"KN296430v1","232471","232740","JH378169","3247221","3247500","51","3014750"
"KN296430v1","245861","246153","JH378305","363484","363782","41","117623"
"KN296430v1","248759","249070","JH378120","16327645","16327955","32","16078886"
"KN296430v1","250666","250966","JH378112","41169317","41169618","36","40918651"
"KN296430v1","256957","257253","JH378122","15998068","15998366","42","15741111"
"KN296430v1","258228","258544","JH378316","245997","246306","45","12231"
"KN296430v1","267507","267765","JH378316","231930","232187","40","35577"
"KN296430v1","286933","287242","JH378128","11688552","11688865","38","11401619"
"KN296430v1","287404","287701","JH378115","28712376","28712673","33","28424972"
"KN296430v1","296681","296982","JH378137","17093543","17093840","38","16796862"
"KN296430v1","297134","297417","JH378212","6224562","6224854","34","5927428"
"KN296430v1","302562","302595","JH378161","8905574","8905609","6","8603012"
"KN296430v1","308657","308959","JH378125","15156999","15157299","37","14848342"
"KN296430v1","321940","322237","JH378110","10833476","10833772","39","10511536"
"KN296430v1","324650","324944","JH378115","35614877","35615170","43","35290227"
"KN296430v1","332145","332454","JH378123","491683","491985","35","159538"
"KN296430v1","339853","340146","JH378122","29527139","29527433","31","29187286"
"KN296430v1","344959","345270","JH378171","5736292","5736597","30","5391333"
"KN296430v1","348418","348730","JH378171","6181069","6181379","44","5832651"
"KN296430v1","360038","360324","JH378137","17271511","17271797","32","16911473"
"KN296430v1","370988","371293","JH378132","14022923","14023231","41","13651935"
"KN296430v1","381166","381450","JH378108","23316099","23316381","40","22934933"
"KN296430v1","385389","385670","AGCE01150993","740","1018","33","384649"
"KN296430v1","391658","391731","JH378206","26089","26160","6","365569"
"KN296430v1","433335","433603","JH378124","23918749","23919028","41","23485414"
"KN296430v1","433607","433899","JH378107","57888255","57888550","45","57454648"
"KN296430v1","445886","446174","JH378131","2409707","2409985","48","1963821"
"KN296430v1","452860","452960","JH378126","24115264","24115364","12","23662404"
"KN296430v1","459144","459461","JH378154","15612419","15612727","45","15153275"
"KN296430v1","471954","472220","JH378110","17469057","17469320","42","16997103"
"KN296430v1","476286","476579","JH378260","108900","109196","34","367386"
"KN296430v1","484685","484988","JH378127","22219085","22219383","38","21734400"
"KN296430v1","487756","488051","JH378127","5769610","5769910","38","5281854"
"KN296430v1","491683","491979","JH378143","7298878","7299168","43","6807195"
"KN296430v1","504553","504855","JH378181","2251325","2251621","36","1746772"
"KN296430v1","505386","505688","JH378130","23927455","23927756","31","23422069"
"KN296430v1","516508","516798","JH378114","38868751","38869045","44","38352243"
"KN296430v1","518419","518725","JH378116","824008","824312","37","305589"
"KN296430v1","523623","523922","JH378141","12391086","12391376","37","11867463"
"KN296430v1","527651","527932","JH378124","10835797","10836078","31","10308146"
"KN296430v1","534451","534759","JH378126","21026752","21027059","32","20492301"
"KN296430v1","537419","537734","JH378140","6883086","6883394","34","6345667"
"KN296430v1","548769","549070","JH378113","17054595","17054898","38","16505826"
"KN296430v1","568788","569106","JH378126","23919556","23919859","45","23350768"
"KN296430v1","578640","578973","JH378109","15376495","15376834","65","14797855"
"KN296430v1","630756","631057","JH378152","14723345","14723642","48","14092589"
"KN296430v1","642801","643081","JH378105","10124237","10124513","39","9481436"
"KN296430v1","645915","646190","JH378137","4055872","4056152","37","3409957"
"KN296430v1","657405","657699","JH378133","7973389","7973680","40","7315984"
"KN296430v1","696361","696654","JH378116","28869529","28869826","41","28173168"
"KN296430v1","696724","697013","JH378114","6470123","6470414","35","5773399"
"KN296430v1","698113","698426","JH378172","3560988","3561286","43","2862875"
"KN296430v1","722350","722640","JH378151","3515305","3515602","42","2792955"
"KN296430v1","724277","724565","JH378137","7745755","7746044","29","7021478"
"KN296430v1","747285","747577","JH378114","19778391","19778686","32","19031106"
"KN296430v1","749556","749706","JH378107","18799227","18799379","25","18049671"
"KN296430v1","754035","754316","JH378184","6063296","6063578","41","5309261"
"KN296430v1","757140","757431","JH378106","10169760","10170049","30","9412620"
"KN296430v1","765187","765491","JH378193","5034246","5034548","36","4269059"
"KN296430v1","768920","769213","JH378120","18009286","18009585","41","17240366"
"KN296430v1","770844","771127","JH378142","18322987","18323264","39","17552143"
"KN296430v1","786681","786992","JH378111","32787449","32787755","38","32000768"
"KN296430v1","834599","834865","JH378142","18322987","18323264","42","17488388"
"KN296430v1","861757","862062","JH378257","87786","88089","39","773971"
"KN296430v1","863259","863553","JH378228","5509057","5509356","37","4645798"
"KN296430v1","892575","892873","JH378265","2263256","2263553","31","1370681"
"KN296430v1","911084","911414","JH378148","13179111","13179429","67","12268027"
"KN296430v1","913456","913762","JH378114","7122925","7123229","36","6209469"
"KN296430v1","940225","940462","JH378120","6338001","6338243","31","5397776"
"KN296430v1","952984","953281","JH378115","28712376","28712673","30","27759392"
"KN296430v1","1122122","1122459","JH378115","33080236","33080556","64","31958114"
"KN296430v1","1229941","1230235","JH378105","4325405","4325701","38","3095464"
"KN296431v1","6155","6373","JH378124","2223590","2223809","34","2217435"
"KN296435v1","33893","34205","JH378108","45549156","45549462","49","45515263"
"KN296435v1","39502","39798","JH378300","21048","21349","34","18454"
"KN296435v1","393299","393595","JH378181","6657533","6657829","40","6264234"
"KN296435v1","713913","714109","JH378148","6426733","6426937","37","5712820"
"KN296435v1","812254","812526","JH378227","2948320","2948591","47","2136066"
"KN296435v1","969535","969847","JH378206","4086994","4087300","39","3117459"
"KN296435v1","981863","982192","JH378118","24374217","24374525","50","23392354"
"KN296435v1","1342066","1342370","JH378129","10258595","10258896","38","8916529"
"KN296435v1","1402190","1402499","JH378176","10466778","10467084","42","9064588"
"KN296435v1","1449571","1449797","JH378298","1755665","1755893","40","306094"
"KN296435v1","1572325","1572624","JH378113","14455819","14456118","31","12883494"
"KN296435v1","1575245","1575547","JH378113","17279344","17279644","45","15704099"
"KN296435v1","1589581","1589844","JH378116","37841154","37841416","36","36251573"
"KN296435v1","1610304","1610599","JH378332","518280","518577","46","1092024"
"KN296435v1","1728138","1728375","JH378214","2646588","2646825","30","918450"
"KN296435v1","1888133","1888423","JH378151","8652626","8652916","37","6764493"
"KN296435v1","2315469","2315767","JH378108","23280248","23280545","33","20964779"
"KN296435v1","2340279","2340570","JH378293","2045148","2045440","34","295131"
"KN296435v1","2372167","2372442","JH378300","848771","849041","44","1523396"
"KN296435v1","2431102","2431428","JH378106","58959424","58959754","47","56528322"
"KN296435v1","2475342","2475605","JH378321","737708","737984","43","1737634"
"KN296435v1","2519294","2519592","JH378105","30190379","30190675","39","27671085"
"KN296435v1","2605418","2605719","JH378110","12146106","12146409","42","9540688"
"KN296435v1","2805904","2806206","JH378197","7145768","7146073","37","4339864"
"KN296435v1","2874099","2874395","JH378127","22238831","22239131","44","19364732"
"KN296435v1","3175185","3175497","JH378140","2017436","2017748","33","1157749"
"KN296435v1","3236048","3236345","JH378228","5509057","5509356","31","2273009"
"KN296435v1","3354992","3355283","JH378288","1088673","1088973","37","2266319"
"KN296435v1","3479576","3479836","JH378119","7706243","7706501","37","4226667"
"KN296436v1","52337","52607","JH378157","7250539","7250813","36","7198202"
"KN296436v1","55071","55373","JH378125","4531961","4532261","47","4476890"
"KN296440v1","466","763","JH378151","14844192","14844489","29","14843726"
"KN296442v1","4988","5116","JH378120","7449139","7449260","22","7444151"
"KN296442v1","6628","6922","JH378110","31808814","31809105","35","31802186"
"KN296442v1","10605","10913","JH378158","5632134","5632434","50","5621529"
"KN296442v1","14507","14763","JH378108","20473873","20474130","40","20459366"
"KN296442v1","28548","28886","JH378115","43475732","43476067","41","43447184"
"KN296442v1","59122","59421","JH378293","1524576","1524874","31","1465454"
"KN296442v1","70616","70913","JH378288","1088673","1088973","34","1018057"
"KN296442v1","75792","76085","JH378228","5509057","5509356","30","5433265"
"KN296442v1","95837","96127","JH378107","7568037","7568336","32","7472200"
"KN296442v1","102768","102931","JH378116","34512890","34513057","18","34410122"
"KN296442v1","113034","113293","JH378175","6107701","6107955","35","5994667"
"KN296442v1","115577","115874","JH378106","7184286","7184584","41","7068709"
"KN296442v1","152776","153084","JH378120","16327645","16327955","29","16174869"
"KN296442v1","180722","181011","JH378112","20200258","20200549","36","20019536"
"KN296442v1","204447","204756","JH378229","4120796","4121104","34","3916349"
"KN296442v1","216170","216485","JH378123","491683","491985","49","275513"
"KN296442v1","246669","246851","JH378151","16559133","16559315","27","16312464"
"KN296442v1","257629","257926","JH378107","7568037","7568336","31","7310408"
"KN296442v1","280764","281062","JH378151","3515305","3515602","35","3234541"
"KN296442v1","315978","316205","JH378137","4591290","4591536","53","4275312"
"KN296442v1","332704","332776","JH378121","21904973","21905036","17","21572269"
"KN296442v1","350232","350523","JH378106","44399035","44399331","39","44048803"
"KN296442v1","381215","381522","JH378176","10466778","10467084","37","10085563"
"KN296442v1","453265","453537","JH378162","8406491","8406766","30","7953226"
"KN296442v1","458561","458812","JH378144","942480","942740","34","483919"
"KN296442v1","490302","490612","JH378181","2052926","2053235","34","1562624"
"KN296442v1","523451","523741","JH378119","27348354","27348646","39","26824903"
"KN296442v1","534936","535242","JH378316","245997","246306","38","288939"
"KN296442v1","537852","538152","JH378141","5020751","5021054","44","4482899"
"KN296442v1","539646","539951","JH378220","6347403","6347704","33","5807757"
"KN296442v1","594893","595200","JH378115","25041145","25041450","42","24446252"
"KN296442v1","877297","877607","JH378176","8157064","8157374","38","7279767"
"KN296442v1","941837","942147","JH378170","7770931","7771241","35","6829094"
"KN296442v1","986158","986528","JH378112","22398829","22399190","76","21412671"
"KN296442v1","989289","989383","JH378123","22034343","22034439","14","21045054"
"KN296442v1","989924","990143","JH378278","3179755","3179973","41","2189831"
"KN296442v1","1026334","1026624","JH378106","44399035","44399331","38","43372701"
"KN296442v1","1074281","1074593","JH378253","3167315","3167625","31","2093034"
"KN296442v1","1081896","1082193","JH378113","17279344","17279644","29","16197448"
"KN296442v1","1084138","1084432","JH378139","11406488","11406786","36","10322350"
"KN296442v1","1145313","1145608","JH378170","4783494","4783792","34","3638181"
"KN296448v1","18457","18765","JH378257","2204800","2205108","48","2186343"
"KN296448v1","236253","236523","JH378152","6318902","6319173","56","6082649"
"KN296448v1","258662","258970","JH378112","37711276","37711587","50","37452614"
"KN296448v1","270884","271151","JH378106","2146503","2146776","49","1875619"
"KN296448v1","315530","315828","JH378139","18955642","18955939","36","18640112"
"KN296453v1","62193","62447","JH378119","28597739","28597991","34","28535546"
"KN296453v1","103321","103631","JH378271","2450525","2450837","39","2347204"
"KN296453v1","121178","121337","JH378134","12975230","12975388","21","12854052"
"KN296453v1","169115","169251","JH378276","2394490","2394621","21","2225375"
"KN296453v1","217681","217978","JH378234","3520702","3520993","34","3303021"
"KN296453v1","223443","223722","JH378288","933022","933305","29","709579"
"KN296453v1","421192","421492","JH378220","6347403","6347704","39","5926211"
"KN296453v1","432117","432428","JH378134","7631349","7631655","34","7199232"
"KN296453v1","452065","452368","JH378115","25570507","25570808","34","25118442"
"KN296453v1","466653","466947","JH378115","33279263","33279559","36","32812610"
"KN296453v1","468166","468314","JH378151","10070583","10070729","41","9602417"
"KN296453v1","486519","486824","JH378175","9830119","9830435","42","9343600"
"KN296453v1","487940","488237","JH378115","28712376","28712673","39","28224436"
"KN296453v1","489134","489438","JH378129","12241608","12241912","27","11752474"
"KN296453v1","498503","498798","JH378106","7887051","7887354","44","7388548"
"KN296453v1","553713","554006","JH378151","8381511","8381803","37","7827798"
"KN296453v1","593575","593879","JH378119","6124403","6124708","38","5530828"
"KN296453v1","607405","607723","JH378113","6692573","6692881","46","6085168"
"KN296453v1","613223","613513","JH378167","8547558","8547847","38","7934335"
"KN296453v1","644698","644952","JH378193","7906466","7906718","26","7261768"
"KN296453v1","657385","657656","JH378229","3852409","3852679","41","3195024"
"KN296453v1","697802","698050","JH378176","5671270","5671515","30","4973468"
"KN296453v1","741054","741341","JH378110","35445538","35445820","39","34704484"
"KN296453v1","760101","760182","JH378146","15128242","15128323","15","14368141"
"KN296453v1","760185","760475","JH378228","2181951","2182234","48","1421766"
"KN296453v1","983545","983862","JH378161","11908958","11909274","41","10925413"
"KN296453v1","992964","993246","JH378112","33911252","33911534","38","32918288"
"KN296453v1","1066015","1066331","JH378109","20324993","20325309","48","19258978"
"KN296453v1","1094037","1094334","JH378129","10258595","10258896","40","9164558"
"KN296453v1","1250805","1251121","JH378112","33214699","33215012","43","31963894"
"KN296453v1","1357804","1358106","JH378126","21026752","21027059","32","19668948"
"KN296453v1","1361037","1361168","JH378136","7574715","7574845","13","6213678"
"KN296453v1","1361172","1361456","JH378173","189557","189846","45","1171615"
"KN296453v1","1602245","1602351","JH378229","4180719","4180824","10","2578474"
"KN296453v1","1609867","1610178","JH378126","21026752","21027059","36","19416885"
"KN296453v1","1685571","1685884","JH378112","33214699","33215012","46","31529128"
"KN296453v1","1754496","1754579","JH378186","1381975","1382058","10","372521"
"KN296453v1","1813303","1813589","JH378250","2260299","2260588","35","446996"
"KN296453v1","1846005","1846311","JH378111","6779444","6779749","42","4933439"
"KN296453v1","1912957","1913255","JH378228","5509057","5509356","34","3596100"
"KN296453v1","1917011","1917323","JH378156","1058565","1058872","45","858446"
"KN296453v1","2017586","2017887","JH378113","21631619","21631913","53","19614033"
"KN296453v1","2030479","2030567","JH378116","25869110","25869194","14","23838631"
"KN296453v1","2031199","2031304","JH378141","3159992","3160098","26","1128793"
"KN296453v1","2143821","2144136","JH378186","3771716","3772027","47","1627895"
"KN296453v1","2147915","2148224","JH378126","21026752","21027059","34","18878837"
"KN296453v1","2384112","2384395","JH378327","121222","121511","49","2262890"
"KN296453v1","2389938","2390237","JH378139","18955642","18955939","58","16565704"
"KN296454v1","77509","77699","JH378113","22151568","22151754","37","22074059"
"KN296454v1","85613","85908","JH378138","5380451","5380753","41","5294838"
"KN296454v1","380096","380259","JH378124","2028680","2028841","21","1648584"
"KN296454v1","380319","380391","JH378118","14016091","14016164","10","13635772"
"KN296454v1","390389","390661","JH378149","5138581","5138857","34","4748192"
"KN296454v1","398950","399251","JH378133","9378518","9378817","29","8979568"
"KN296455v1","130190","130484","JH378121","29566176","29566469","35","29435986"
"KN296455v1","299250","299554","JH378285","2254390","2254689","39","1955140"
"KN296455v1","394398","394697","JH378206","4086994","4087300","31","3692596"
"KN296455v1","451001","451311","JH378296","1500608","1500907","39","1049607"
"KN296455v1","523756","523863","JH378138","20682976","20683081","15","20159220"
"KN296455v1","524766","524945","JH378108","29981924","29982112","36","29457158"
"KN296455v1","765920","766066","JH378255","1870605","1870751","22","1104685"
"KN296455v1","800199","800502","JH378110","32975507","32975812","39","32175308"
"KN296455v1","895417","895726","JH378264","2773729","2774039","35","1878312"
"KN296456v1","19368","19676","JH378334","216671","216977","34","197303"
"KN296458v1","363","670","JH378114","31670723","31671027","39","31670360"
"KN296458v1","15326","15660","JH378110","32125100","32125437","48","32109774"
"KN296460v1","135930","136216","JH378296","1500608","1500907","43","1364678"
"KN296460v1","183534","183826","JH378125","1506753","1507044","43","1323219"
"KN296460v1","211784","212096","JH378107","23960974","23961285","38","23749190"
"KN296460v1","283687","283971","JH378116","28869529","28869826","44","28585842"
"KN296460v1","297556","297861","JH378121","6182658","6182957","43","5885102"
"KN296460v1","333371","333664","JH378223","258417","258711","38","74954"
"KN296460v1","340840","341128","JH378182","3623832","3624120","24","3282992"
"KN296460v1","349515","349776","JH378139","10412496","10412760","39","10062981"
"KN296460v1","357303","357610","JH378151","8383257","8383567","45","8025954"
"KN296460v1","371857","372064","JH378124","5978083","5978289","35","5606226"
"KN296460v1","408124","408436","JH378119","191190","191490","38","216934"
"KN296460v1","420994","421298","JH378111","42466412","42466713","36","42045418"
"KN296460v1","427221","427517","JH378122","14416899","14417197","41","13989678"
"KN296460v1","430183","430472","JH378105","30024561","30024853","45","29594378"
"KN296460v1","432337","432636","JH378106","58858463","58858754","48","58426126"
"KN296460v1","442843","443144","JH378257","87786","88089","39","355057"
"KN296460v1","448118","448290","JH378116","886909","887082","28","438791"
"KN296460v1","448358","448667","JH378135","1042676","1042987","35","594318"
"KN296460v1","453091","453288","JH378112","8772680","8772855","56","8319589"
"KN296460v1","457141","457447","JH378300","441106","441415","35","16035"
"KN296460v1","461724","462035","JH378197","7145768","7146073","35","6684044"
"KN296460v1","490451","490749","JH378174","545989","546284","34","55538"
"KN296460v1","510442","510744","JH378139","17878350","17878657","34","17367908"
"KN296460v1","525074","525389","JH378117","37423940","37424248","44","36898866"
"KN296460v1","537665","537962","JH378117","37329066","37329362","33","36791401"
"KN296460v1","543581","543891","JH378115","26640201","26640508","45","26096620"
"KN296460v1","602973","603326","JH378226","5884837","5885149","79","5281864"
"KN296460v1","608382","608646","JH378174","4130472","4130753","47","3522090"
"KN296460v1","660352","660648","JH378213","1530988","1531285","45","870636"
"KN296460v1","665107","665388","JH378225","6501101","6501376","46","5835994"
"KN296460v1","692186","692456","JH378106","2146503","2146776","36","1454317"
"KN296460v1","709954","710255","JH378220","2784017","2784313","32","2074063"
"KN296460v1","747494","747771","JH378238","894228","894502","38","146734"
"KN296460v1","780739","781039","JH378151","8381511","8381803","33","7600772"
"KN296460v1","789596","789850","JH378220","3171390","3171641","34","2381794"
"KN296460v1","839380","839678","JH378288","1088673","1088973","25","249293"
"KN296460v1","916028","916346","JH378126","21026752","21027059","45","20110724"
"KN296460v1","964133","964442","JH378115","35287577","35287887","40","34323444"
"KN296460v1","1053209","1053471","JH378105","56511616","56511880","35","55458407"
"KN296460v1","1093377","1093683","JH378148","15796597","15796901","34","14703220"
"KN296460v1","1240866","1241154","JH378142","1037845","1038132","32","203021"
"KN296460v1","1458754","1459056","JH378107","7568037","7568336","27","6109283"
"KN296460v1","1490124","1490416","JH378141","12391086","12391376","37","10900962"
"KN296460v1","1521645","1521949","JH378115","25041145","25041450","39","23519500"
"KN296460v1","1539283","1539592","JH378136","7677923","7678227","42","6138640"
"KN296460v1","1606514","1606815","JH378143","13602133","13602427","37","11995619"
"KN296460v1","1658525","1658833","JH378113","6692573","6692881","43","5034048"
"KN296460v1","1684854","1685123","JH378139","17571514","17571781","37","15886660"
"KN296460v1","1694277","1694403","JH378268","952820","952944","20","741457"
"KN296461v1","6628","6911","JH378105","36618017","36618297","31","36611389"
"KN296464v1","114754","115059","JH378119","6124403","6124708","50","6009649"
"KN296464v1","170543","170844","JH378148","17092663","17092974","51","16922120"
"KN296464v1","209427","209718","JH378151","4318339","4318636","33","4108912"
"KN296464v1","278689","278961","JH378105","56511616","56511880","39","56232927"
"KN296464v1","287772","288071","JH378285","2254390","2254689","31","1966618"
"KN296464v1","317685","317990","JH378126","21026752","21027059","47","20709067"
"KN296464v1","318656","318959","JH378120","16327645","16327955","45","16008989"
"KN296464v1","386470","386841","JH378146","13211060","13211406","86","12824590"
"KN296464v1","443606","443903","JH378293","1524576","1524874","26","1080970"
"KN296464v1","453970","454211","JH378239","326451","326691","28","127519"
"KN296466v1","10208","10518","JH378115","26640201","26640508","38","26629993"
"KN296466v1","27362","27596","JH378123","7601453","7601684","32","7574091"
"KN296466v1","77377","77675","JH378129","10258595","10258896","31","10181218"
"KN296466v1","98746","99050","JH378170","4783494","4783792","34","4684748"
"KN296466v1","103331","103625","JH378194","2390312","2390602","38","2286981"
"KN296466v1","123557","123856","JH378125","15893280","15893581","33","15769723"
"KN296466v1","139995","140289","JH378124","17234816","17235110","37","17094821"
"KN296468v1","7368","7676","JH378118","19140096","19140402","38","19132728"
"KN296469v1","42219","42541","JH378167","5351158","5351469","46","5308939"
"KN296470v1","11434","11712","JH378122","10829384","10829667","34","10817950"
"KN296473v1","43850","44165","JH378113","36460904","36461215","49","36417054"
"KN296474v1","107773","108057","JH378105","36618017","36618297","40","36510244"
"KN296474v1","141741","142028","JH378119","27348354","27348646","40","27206613"
"KN296474v1","177773","178079","JH378149","13799546","13799848","39","13621773"
"KN296474v1","192285","192598","JH378279","2687810","2688114","47","2495525"
"KN296474v1","599967","600217","JH378153","1663683","1663930","50","1063716"
"KN296474v1","600365","600649","JH378144","981865","982144","42","381500"
"KN296475v1","1","253","JH378315","888705","888958","37","888704"
"KN296475v1","10670","10968","JH378113","39037457","39037739","60","39026787"
"KN296475v1","63718","63943","JH378149","2903461","2903681","24","2839743"
"KN296475v1","108609","108801","JH378145","229058","229251","24","120449"
"KN296475v1","240268","240590","JH378105","14283357","14283675","43","14043089"
"KN296475v1","258667","258991","JH378224","3231505","3231824","34","2972838"
"KN296477v1","72752","73061","JH378139","1159515","1159824","33","1086763"
"KN296477v1","207168","207475","JH378197","7145768","7146073","33","6938600"
"KN296478v1","39353","39623","JH378156","6746232","6746504","35","6706879"
"KN296478v1","60672","60963","JH378184","1680926","1681219","54","1620254"
"KN296478v1","92829","93132","JH378191","9054894","9055193","53","8962065"
"KN296478v1","293153","293432","JH378136","13818219","13818502","46","13525066"
"KN296478v1","298552","298831","JH378136","13818219","13818502","46","13519667"
"KN296478v1","400018","400333","JH378152","11654622","11654934","47","11254604"
"KN296478v1","453559","453826","JH378113","17646734","17646997","49","17193175"
"KN296478v1","480125","480435","JH378115","16925265","16925575","41","16445140"
"KN296478v1","488298","488466","JH378142","6352896","6353062","19","5864598"
"KN296478v1","488477","488777","JH378197","7145768","7146073","35","6657291"
"KN296478v1","540870","541149","JH378144","1238326","1238606","39","697456"
"KN296478v1","544638","544892","JH378144","16198935","16199190","41","15654297"
"KN296478v1","963223","963512","JH378105","21630016","21630306","35","20666793"
"KN296481v1","21609","21920","JH378111","26701569","26701879","35","26679960"
"KN296481v1","77836","78147","JH378239","2367631","2367941","34","2289795"
"KN296481v1","113387","113571","JH378128","3718488","3718675","38","3605101"
"KN296481v1","113882","114017","JH378193","345676","345813","13","231794"
"KN296481v1","119683","119995","JH378137","4012884","4013190","37","3893201"
"KN296481v1","132764","132847","JH378187","5377174","5377258","9","5244410"
"KN296481v1","163058","163362","JH378110","32975507","32975812","30","32812449"
"KN296481v1","170045","170336","JH378139","16259084","16259375","32","16089039"
"KN296481v1","186070","186367","JH378241","5492398","5492696","30","5306328"
"KN296481v1","194446","194750","JH378258","1041180","1041479","28","846734"
"KN296481v1","203890","204061","JH378312","72986","73156","19","130904"
"KN296481v1","219786","220082","JH378255","3321648","3321942","33","3101862"
"KN296481v1","241240","241374","JH378112","32306622","32306757","13","32065382"
"KN296481v1","241563","241866","JH378228","5509057","5509356","38","5267494"
"KN296481v1","258769","259066","JH378157","13574679","13574975","36","13315910"
"KN296481v1","268988","269286","JH378159","837474","837769","36","568486"
"KN296481v1","269499","269809","JH378126","21026752","21027059","33","20757253"
"KN296481v1","282212","282500","JH378139","16259084","16259375","37","15976872"
"KN296481v1","291657","291967","JH378152","6156844","6157154","37","5865187"
"KN296481v1","312893","313195","JH378255","1560098","1560402","37","1247205"
"KN296481v1","316633","316929","JH378106","70986080","70986388","40","70669447"
"KN296481v1","354446","354755","JH378117","20267531","20267839","35","19913085"
"KN296481v1","391822","392113","JH378129","9743254","9743544","32","9351432"
"KN296481v1","405443","405724","JH378294","1717590","1717871","33","1312147"
"KN296481v1","447399","447690","JH378121","29524400","29524690","39","29077001"
"KN296481v1","529012","529265","JH378139","7760988","7761245","33","7231976"
"KN296482v1","26570","26860","JH378105","63350416","63350707","31","63323846"
"KN296482v1","60522","60791","JH378118","9593290","9593568","46","9532768"
"KN296482v1","116481","116773","JH378139","19252318","19252611","40","19135837"
"KN296482v1","132151","132459","JH378245","2888977","2889288","38","2756826"
"KN296482v1","132929","133060","JH378137","16178972","16179100","13","16046043"
"KN296482v1","178313","178613","JH378130","19063174","19063480","65","18884861"
"KN296482v1","202943","203224","JH378114","29675067","29675349","37","29472124"
"KN296482v1","346010","346350","JH378120","6521460","6521798","50","6175450"
"KN296482v1","567361","567645","JH378105","43839304","43839589","41","43271943"
"KN296484v1","40663","40961","JH378127","15733864","15734171","32","15693201"
"KN296484v1","55203","55477","JH378279","102782","103056","31","47579"
"KN296484v1","59032","59313","JH378113","2604777","2605054","49","2545745"
"KN296484v1","112273","112573","JH378118","27574251","27574547","36","27461978"
"KN296484v1","135654","135939","JH378153","11837031","11837324","41","11701377"
"KN296484v1","147925","148236","JH378126","21026752","21027059","38","20878827"
"KN296484v1","160462","160761","JH378220","2784017","2784313","36","2623555"
"KN296484v1","168190","168501","JH378123","491683","491985","36","323493"
"KN296484v1","174112","174404","JH378106","1432798","1433085","37","1258686"
"KN296484v1","207378","207634","JH378105","36059082","36059351","46","35851704"
"KN296484v1","282386","282672","JH378115","16519060","16519341","31","16236674"
"KN296484v1","339077","339364","JH378213","7320415","7320709","39","6981338"
"KN296484v1","346118","346395","JH378115","20874193","20874475","37","20528075"
"KN296484v1","354555","354850","JH378122","14416899","14417197","29","14062344"
"KN296484v1","357665","357961","JH378163","2667861","2668158","29","2310196"
"KN296484v1","498334","498408","JH378118","966943","967018","7","468609"
"KN296484v1","629499","629782","JH378232","4459912","4460197","37","3830413"
"KN296484v1","658941","659231","JH378142","12979191","12979481","30","12320250"
"KN296484v1","712454","712726","JH378108","38142129","38142405","42","37429675"
"KN296484v1","712735","712865","JH378123","11618393","11618525","14","10905658"
"KN296484v1","719252","719549","JH378108","20625679","20625975","37","19906427"
"KN296484v1","732540","732856","JH378126","21026752","21027059","38","20294212"
"KN296484v1","748081","748254","JH378122","29505400","29505570","23","28757319"
"KN296484v1","748562","748693","JH378216","1648575","1648706","19","900013"
"KN296484v1","795588","795906","JH378126","21026752","21027059","46","20231164"
"KN296484v1","840721","840745","JH378222","6581835","6581856","10","5741114"
"KN296484v1","840771","840982","JH378106","2000001","2000219","38","1159230"
"KN296484v1","841432","841503","JH378226","5406686","5406759","12","4565254"
"KN296484v1","891675","891964","JH378235","951384","951674","37","59709"
"KN296484v1","948680","948811","JH378220","1088125","1088257","12","139445"
"KN296484v1","1005084","1005369","JH378216","2540983","2541264","50","1535899"
"KN296484v1","1029949","1030244","JH378148","12513377","12513669","40","11483428"
"KN296484v1","1110816","1111107","JH378117","16012668","16012962","34","14901852"
"KN296485v1","131068","131368","JH378196","3415439","3415736","39","3284371"
"KN296485v1","54037","54221","JH378184","8811427","8811611","26","8757390"
"KN296485v1","101971","101993","JH378222","6581835","6581856","6","6479864"
"KN296485v1","102051","102336","JH378112","21520492","21520774","37","21418441"
"KN296485v1","124474","124756","JH378169","3247221","3247500","31","3122747"
"KN296485v1","124783","124793","JH378189","7208291","7208302","5","7083508"
"KN296485v1","152887","153178","JH378107","7568037","7568336","33","7415150"
"KN296485v1","189310","189454","JH378114","8332403","8332546","23","8143093"
"KN296485v1","209334","209632","JH378173","4155896","4156193","30","3946562"
"KN296485v1","222328","222621","JH378121","29566176","29566469","41","29343848"
"KN296485v1","256998","257289","JH378239","2638965","2639255","42","2381967"
"KN296485v1","280889","281193","JH378110","19934311","19934616","40","19653422"
"KN296485v1","298580","298880","JH378293","1524576","1524874","33","1225996"
"KN296485v1","317339","317624","JH378189","1311182","1311467","33","993843"
"KN296485v1","339178","339475","JH378116","21362676","21362970","33","21023498"
"KN296485v1","377032","377343","JH378117","12087505","12087811","34","11710473"
"KN296485v1","427663","427961","JH378206","4086994","4087300","39","3659331"
"KN296485v1","463402","463692","JH378232","3226239","3226529","36","2762837"
"KN296485v1","471249","471564","JH378176","8157064","8157374","40","7685815"
"KN296485v1","472949","473253","JH378170","4783494","4783792","39","4310545"
"KN296485v1","491216","491514","JH378288","1088673","1088973","38","597457"
"KN296485v1","609333","609572","JH378131","23724251","23724483","37","23114918"
"KN296485v1","609573","609899","JH378126","21026752","21027059","56","20417179"
"KN296485v1","645391","645682","JH378105","54705895","54706176","37","54060504"
"KN296485v1","657794","658098","JH378288","1088673","1088973","34","430879"
"KN296485v1","675511","675798","JH378125","17320707","17320999","37","16645196"
"KN296485v1","699372","699698","JH378309","1381353","1381661","54","681981"
"KN296485v1","722923","723042","JH378107","11761630","11761751","28","11038707"
"KN296485v1","732542","732837","JH378112","21055636","21055930","37","20323094"
"KN296485v1","742374","742669","JH378183","17678","17971","26","724696"
"KN296485v1","747165","747484","JH378261","1736523","1736838","54","989358"
"KN296486v1","655215","655522","JH378126","21026752","21027059","30","20371537"
"KN296486v1","42398","42693","JH378112","21645085","21645381","39","21602687"
"KN296486v1","63259","63561","JH378126","21026752","21027059","35","20963493"
"KN296486v1","72839","73121","AGCE01150543","1","288","37","72838"
"KN296486v1","73407","73719","JH378194","8800813","8801127","34","8727406"
"KN296486v1","96376","96506","JH378105","46674655","46674789","26","46578279"
"KN296486v1","145870","146162","JH378150","16447839","16448128","37","16301969"
"KN296486v1","149667","149969","JH378220","3527411","3527711","35","3377744"
"KN296486v1","159852","160161","JH378141","19263008","19263315","32","19103156"
"KN296486v1","166293","166586","JH378291","365914","366211","32","199621"
"KN296486v1","166587","166886","JH378156","2919892","2920193","44","2753305"
"KN296486v1","170419","170720","JH378190","6222008","6222306","35","6051589"
"KN296486v1","175458","175771","JH378120","16327645","16327955","41","16152187"
"KN296486v1","195424","195581","JH378112","15061032","15061189","17","14865608"
"KN296486v1","202010","202318","JH378264","2773729","2774039","42","2571719"
"KN296486v1","229573","229870","JH378131","4889145","4889438","33","4659572"
"KN296486v1","239196","239499","JH378120","16327645","16327955","44","16088449"
"KN296486v1","260401","260693","JH378281","438349","438635","37","177948"
"KN296486v1","261215","261522","JH378197","7145768","7146073","36","6884553"
"KN296486v1","270316","270625","JH378176","8157064","8157374","36","7886748"
"KN296486v1","289479","289778","JH378124","4920301","4920597","40","4630822"
"KN296486v1","298383","298645","JH378140","17286757","17287019","43","16988374"
"KN296486v1","303890","304205","JH378159","5493568","5493869","47","5189678"
"KN296486v1","307441","307738","JH378107","50539788","50540082","29","50232347"
"KN296486v1","315779","316073","JH378199","8552513","8552799","47","8236734"
"KN296486v1","321345","321539","JH378125","4974780","4974964","40","4653435"
"KN296486v1","366223","366526","JH378110","12146106","12146409","36","11779883"
"KN296486v1","389537","389836","JH378129","10258595","10258896","36","9869058"
"KN296486v1","389990","390291","JH378195","1922068","1922375","39","1532078"
"KN296486v1","402665","402761","JH378206","7958286","7958378","13","7555621"
"KN296486v1","409182","409392","JH378204","1789648","1789858","34","1380466"
"KN296486v1","442735","442918","JH378114","6516143","6516331","26","6073408"
"KN296486v1","443214","443328","JH378111","17574217","17574333","17","17131003"
"KN296486v1","457962","458233","JH378149","5138581","5138857","47","4680619"
"KN296486v1","458412","458730","JH378140","7338564","7338875","42","6880152"
"KN296486v1","468801","469070","JH378138","5805828","5806091","48","5337027"
"KN296486v1","481134","481301","JH378107","56864390","56864563","37","56383256"
"KN296486v1","505799","505929","JH378107","57231024","57231155","15","56725225"
"KN296486v1","520586","520878","JH378112","32204236","32204530","35","31683650"
"KN296486v1","536469","536558","JH378257","3625776","3625865","12","3089307"
"KN296486v1","537177","537482","JH378248","672791","673095","37","135614"
"KN296486v1","542846","543151","JH378197","7145768","7146073","33","6602922"
"KN296486v1","548521","548809","JH378111","17549231","17549523","43","17000710"
"KN296486v1","548811","549088","JH378216","2540983","2541264","37","1992172"
"KN296486v1","560275","560577","JH378139","18632207","18632516","38","18071932"
"KN296486v1","568275","568479","JH378139","19346505","19346716","33","18778230"
"KN296486v1","580686","580977","JH378105","51624986","51625285","40","51044300"
"KN296486v1","600712","601031","JH378197","1499696","1500000","50","898984"
"KN296486v1","602677","602976","JH378110","32975507","32975812","41","32372830"
"KN296486v1","651842","652135","JH378122","2331104","2331398","36","1679262"
"KN296486v1","654265","654568","JH378115","25570507","25570808","36","24916242"
"KN296486v1","686809","687107","JH378235","4514528","4514824","35","3827719"
"KN296486v1","688777","689059","JH378213","2306017","2306300","32","1617240"
"KN296486v1","689108","689123","JH378149","1403733","1403749","5","714625"
"KN296486v1","700934","701237","JH378170","4783494","4783792","47","4082560"
"KN296486v1","729272","729558","JH378143","2056564","2056867","42","1327292"
"KN296486v1","760591","760860","JH378134","16278207","16278478","41","15517616"
"KN296486v1","777975","778248","JH378253","3249366","3249647","37","2471391"
"KN296486v1","815328","815645","JH378122","7157989","7158305","39","6342661"
"KN296486v1","820625","820922","JH378121","29566176","29566469","36","28745551"
"KN296486v1","841859","842159","JH378216","1380165","1380457","40","538306"
"KN296486v1","848364","848664","JH378186","7376002","7376301","34","6527638"
"KN296486v1","855238","855555","JH378288","1550881","1551178","49","695643"
"KN296486v1","861360","861658","JH378253","315934","316240","42","545426"
"KN296486v1","871897","872025","JH378111","25436103","25436231","11","24564206"
"KN296486v1","889864","890204","JH378203","7639735","7640071","71","6749871"
"KN296486v1","890713","890986","JH378137","2561271","2561548","32","1670558"
"KN296486v1","937141","937428","JH378106","3052818","3053105","24","2115677"
"KN296486v1","950519","950826","JH378228","5509057","5509356","34","4558538"
"KN296486v1","955774","956083","JH378108","30731255","30731558","30","29775481"
"KN296486v1","992600","992898","JH378181","2393882","2394177","46","1401282"
"KN296486v1","1022593","1022735","JH378320","869454","869595","14","153139"
"KN296486v1","1026282","1026592","JH378176","8157064","8157374","36","7130782"
"KN296486v1","1111037","1111316","JH378167","10413598","10413872","43","9302561"
"KN296486v1","1127618","1127972","JH378112","22398829","22399190","59","21271211"
"KN296486v1","1154102","1154217","JH378128","1736109","1736225","12","582007"
"KN296486v1","1169656","1169905","JH378156","2923831","2924076","31","1754175"
"KN296486v1","1213968","1214278","JH378106","60843849","60844159","30","59629881"
"KN296486v1","1225020","1225322","JH378108","50711170","50711475","34","49486150"
"KN296486v1","1234340","1234506","JH378177","4267769","4267941","25","3033429"
"KN296486v1","1239472","1239779","JH378114","40953423","40953722","36","39713951"
"KN296486v1","1247280","1247575","JH378139","16259084","16259375","33","15011804"
"KN296486v1","1267000","1267313","JH378106","8193028","8193339","41","6926028"
"KN296486v1","1276560","1276742","JH378108","33986429","33986605","31","32709869"
"KN296486v1","1277050","1277186","JH378119","11335363","11335499","17","10058313"
"KN296486v1","1298500","1298613","JH378114","13676774","13676888","24","12378274"
"KN296486v1","1302801","1303103","JH378149","13456174","13456477","37","12153373"
"KN296486v1","1321948","1322236","JH378144","7235841","7236134","48","5913893"
"KN296486v1","1327572","1327876","JH378175","826228","826531","35","501344"
"KN296486v1","1339455","1339758","JH378239","1428043","1428345","30","88588"
"KN296486v1","1397945","1398092","JH378137","16968051","16968197","18","15570106"
"KN296486v1","1401684","1401979","JH378135","16345337","16345628","38","14943653"
"KN296486v1","1419494","1419786","JH378159","2054904","2055199","32","635410"
"KN296486v1","1495797","1496112","JH378110","11991929","11992239","36","10496132"
"KN296486v1","1500001","1500225","AGCE01150955","1","234","37","1500000"
"KN296486v1","1501593","1501904","JH378154","14323799","14324110","42","12822206"
"KN296486v1","1515126","1515424","JH378139","18955642","18955939","34","17440516"
"KN296486v1","1539903","1540190","JH378327","121222","121511","41","1418681"
"KN296486v1","1578874","1579175","JH378265","517725","518026","50","1061149"
"KN296486v1","1579983","1580076","JH378105","56741292","56741376","19","55161309"
"KN296486v1","1619777","1620081","JH378107","7568037","7568336","41","5948260"
"KN296486v1","1647398","1647692","JH378216","469493","469781","30","1177905"
"KN296486v1","1719737","1720024","JH378116","24890259","24890547","33","23170522"
"KN296486v1","1722714","1723021","JH378126","21026752","21027059","38","19304038"
"KN296486v1","1755084","1755394","JH378162","12237810","12238115","46","10482726"
"KN296486v1","1773623","1773898","JH378114","28582108","28582384","33","26808485"
"KN296486v1","1777022","1777306","JH378112","21520492","21520774","34","19743470"
"KN296486v1","1805377","1805685","JH378118","24374217","24374525","41","22568840"
"KN296486v1","1811583","1811868","JH378126","2586078","2586360","38","774495"
"KN296486v1","1863384","1863693","JH378119","6124403","6124708","38","4261019"
"KN296486v1","1867372","1867660","JH378106","3052818","3053105","42","1185446"
"KN296486v1","1901970","1902247","JH378105","36884891","36885163","39","34982921"
"KN296486v1","1938763","1939075","JH378171","6181069","6181379","40","4242306"
"KN296486v1","2035219","2035519","JH378115","27032033","27032330","34","24996814"
"KN296486v1","2049949","2050264","JH378156","15918781","15919091","42","13868832"
"KN296486v1","2077673","2077988","JH378320","58622","58932","41","2019051"
"KN296486v1","2102911","2103220","JH378157","4998218","4998526","38","2895307"
"KN296486v1","2125373","2125682","JH378177","4401257","4401564","41","2275884"
"KN296486v1","2136115","2136425","JH378150","3147294","3147605","35","1011179"
"KN296486v1","2152416","2152713","JH378123","491683","491985","39","1660733"
"KN296486v1","2167005","2167083","JH378134","18656517","18656595","10","16489512"
"KN296487v1","27458","27740","JH378173","10591352","10591642","38","10563894"
"KN296487v1","107582","107869","JH378153","11662478","11662765","38","11554896"
"KN296487v1","111780","112078","JH378167","8141531","8141823","37","8029751"
"KN296487v1","139938","140248","JH378120","16327645","16327955","39","16187707"
"KN296487v1","206075","206381","JH378110","12146106","12146409","41","11940031"
"KN296487v1","352931","353217","JH378327","121222","121511","48","231709"
"KN296487v1","367105","367414","JH378116","11181268","11181574","36","10814163"
"KN296488v1","276","509","JH378127","15502561","15502805","38","15502285"
"KN296492v1","68995","69300","JH378190","5556363","5556670","45","5487368"
"KN296492v1","86876","87173","JH378181","6657533","6657829","32","6570657"
"KN296492v1","300204","300503","JH378216","6474633","6474943","40","6174429"
"KN296493v1","35397","35640","JH378165","4246422","4246671","31","4211025"
"KN296493v1","37802","38103","JH378115","25570507","25570808","35","25532705"
"KN296493v1","85369","85678","JH378117","24869583","24869886","38","24784214"
"KN296493v1","153671","153950","JH378156","3420755","3421038","42","3267084"
"KN296495v1","3014564","3014875","JH378107","7086674","7086981","43","4072110"
"KN296495v1","12653","12943","JH378105","21630016","21630306","27","21617363"
"KN296495v1","12956","13267","JH378204","6493604","6493911","37","6480648"
"KN296495v1","41505","41817","JH378167","5351158","5351469","39","5309653"
"KN296495v1","80091","80431","JH378106","31358403","31358728","60","31278312"
"KN296495v1","95628","95913","JH378177","6664715","6664994","43","6569087"
"KN296495v1","101710","102022","JH378130","1202684","1202989","38","1100974"
"KN296495v1","117910","118217","JH378109","30212136","30212446","41","30094226"
"KN296495v1","118576","118904","JH378105","56815533","56815839","66","56696957"
"KN296495v1","149681","149994","JH378213","5483774","5484086","35","5334093"
"KN296495v1","169176","169477","JH378284","1163902","1164203","29","994726"
"KN296495v1","194339","194650","JH378113","24179649","24179958","38","23985310"
"KN296495v1","234314","234625","JH378115","16925265","16925575","39","16690951"
"KN296495v1","243891","244202","JH378124","15465489","15465800","38","15221598"
"KN296495v1","244244","244541","JH378146","15827373","15827672","37","15583129"
"KN296495v1","260427","260729","JH378107","7568037","7568336","39","7307610"
"KN296495v1","312685","312984","JH378255","1560098","1560402","42","1247413"
"KN296495v1","324842","325141","JH378205","3436356","3436658","36","3111514"
"KN296495v1","330660","330955","JH378291","1333564","1333860","32","1002904"
"KN296495v1","347127","347421","JH378110","34840627","34840922","37","34493500"
"KN296495v1","354418","354723","JH378157","1008995","1009298","38","654577"
"KN296495v1","355298","355585","JH378124","17234816","17235110","35","16879518"
"KN296495v1","356106","356422","JH378108","30731255","30731558","51","30375149"
"KN296495v1","394216","394527","JH378255","1560098","1560402","35","1165882"
"KN296495v1","403735","404043","JH378159","5493568","5493869","31","5089833"
"KN296495v1","410310","410607","JH378124","17923330","17923624","31","17513020"
"KN296495v1","426673","426984","JH378109","35045538","35045849","30","34618865"
"KN296495v1","465816","466122","JH378130","1202684","1202989","44","736868"
"KN296495v1","495779","496085","JH378109","9761493","9761804","40","9265714"
"KN296495v1","504554","504845","JH378129","2668359","2668650","35","2163805"
"KN296495v1","505840","506128","JH378144","5748370","5748662","45","5242530"
"KN296495v1","512961","513250","JH378293","2045148","2045440","31","1532187"
"KN296495v1","528452","528748","JH378125","15893280","15893581","31","15364828"
"KN296495v1","530886","531185","JH378105","4325405","4325701","34","3794519"
"KN296495v1","535215","535515","JH378149","1378036","1378335","27","842821"
"KN296495v1","538154","538331","JH378106","45012242","45012416","22","44474088"
"KN296495v1","542164","542436","JH378124","5892161","5892432","43","5349997"
"KN296495v1","544235","544547","JH378118","29402355","29402652","47","28858120"
"KN296495v1","595531","595826","JH378151","3515305","3515602","34","2919774"
"KN296495v1","609399","609710","JH378115","25041145","25041450","37","24431746"
"KN296495v1","639410","639707","JH378137","4012884","4013190","33","3373474"
"KN296495v1","663071","663308","JH378275","2000001","2000235","36","1336930"
"KN296495v1","669857","670167","JH378185","10007245","10007555","39","9337388"
"KN296495v1","670676","670984","JH378115","35414340","35414646","30","34743664"
"KN296495v1","683709","683972","JH378105","36059082","36059351","42","35375373"
"KN296495v1","688357","688662","JH378169","2863490","2863796","35","2175133"
"KN296495v1","689117","689258","JH378190","8306381","8306522","15","7617264"
"KN296495v1","689325","689541","JH378155","16279466","16279675","34","15590141"
"KN296495v1","692866","693175","JH378226","6269505","6269810","35","5576639"
"KN296495v1","706429","706719","JH378108","42296533","42296820","39","41590104"
"KN296495v1","731105","731405","JH378170","4783494","4783792","37","4052389"
"KN296495v1","743724","743982","JH378113","17557083","17557335","40","16813359"
"KN296495v1","747770","748068","JH378108","8778916","8779212","33","8031146"
"KN296495v1","749322","749631","JH378213","5393305","5393609","37","4643983"
"KN296495v1","768743","769032","JH378113","19166688","19166979","41","18397945"
"KN296495v1","782781","783069","JH378194","2390312","2390602","27","1607531"
"KN296495v1","810876","811181","JH378143","8982237","8982548","32","8171361"
"KN296495v1","854977","855277","JH378180","5569277","5569577","33","4714300"
"KN296495v1","900626","900760","JH378157","13667246","13667376","14","12766620"
"KN296495v1","901073","901236","JH378179","10165049","10165205","24","9263976"
"KN296495v1","904127","904430","JH378120","16327645","16327955","46","15423518"
"KN296495v1","940717","941014","JH378151","3515305","3515602","28","2574588"
"KN296495v1","952191","952495","JH378205","4497688","4497989","26","3545497"
"KN296495v1","1027995","1028176","JH378122","10656283","10656458","32","9628288"
"KN296495v1","1039757","1040044","JH378281","438349","438635","39","601408"
"KN296495v1","1083680","1083948","JH378137","9585944","9586209","45","8502264"
"KN296495v1","1098486","1098796","JH378131","770102","770411","38","328384"
"KN296495v1","1116939","1117252","JH378239","3940828","3941139","34","2823889"
"KN296495v1","1118066","1118269","JH378151","5515343","5515547","28","4397277"
"KN296495v1","1133900","1134194","JH378105","20730159","20730452","36","19596259"
"KN296495v1","1137910","1138204","JH378139","15119668","15119965","34","13981758"
"KN296495v1","1147933","1148230","JH378285","438848","439144","32","709085"
"KN296495v1","1212295","1212580","JH378148","16227423","16227714","42","15015128"
"KN296495v1","1240945","1241227","JH378129","8280311","8280592","34","7039366"
"KN296495v1","1255213","1255500","JH378106","1255495","1255784","43","282"
"KN296495v1","1258312","1258595","JH378198","1596143","1596429","29","337831"
"KN296495v1","1276111","1276427","JH378161","10473462","10473774","53","9197351"
"KN296495v1","1278408","1278725","JH378255","1470097","1470408","46","191689"
"KN296495v1","1280974","1281273","JH378225","985409","985716","42","295565"
"KN296495v1","1287177","1287444","JH378149","13326809","13327081","56","12039632"
"KN296495v1","1291325","1291599","JH378114","28582108","28582384","37","27290783"
"KN296495v1","1303115","1303417","JH378129","2866660","2866958","40","1563545"
"KN296495v1","1303550","1303656","JH378105","54320628","54320724","19","53017078"
"KN296495v1","1303962","1304126","JH378113","32219902","32220070","19","30915940"
"KN296495v1","1304127","1304221","JH378105","1809923","1810017","10","505796"
"KN296495v1","1341741","1342037","JH378151","4318339","4318636","27","2976598"
"KN296495v1","1350823","1351118","JH378141","16306588","16306886","40","14955765"
"KN296495v1","1354965","1355257","JH378120","30513421","30513713","28","29158456"
"KN296495v1","1363112","1363405","JH378107","6641537","6641829","41","5278425"
"KN296495v1","1375123","1375429","JH378105","56831711","56832017","30","55456588"
"KN296495v1","1381892","1382177","JH378150","851970","852257","35","529922"
"KN296495v1","1409392","1409670","JH378151","14250183","14250461","34","12840791"
"KN296495v1","1411685","1411974","JH378154","12873992","12874279","34","11462307"
"KN296495v1","1412932","1413014","JH378107","555622","555703","12","857310"
"KN296495v1","1420745","1421037","JH378228","5654447","5654749","40","4233702"
"KN296495v1","1422027","1422334","JH378126","21026752","21027059","46","19604725"
"KN296495v1","1423760","1424067","JH378110","19934311","19934616","36","18510551"
"KN296495v1","1439407","1439690","JH378108","45167937","45168216","43","43728530"
"KN296495v1","1441989","1442272","JH378108","45167937","45168216","44","43725948"
"KN296495v1","1442567","1442670","JH378135","10366295","10366394","13","8923728"
"KN296495v1","1457003","1457137","JH378153","2127454","2127589","15","670451"
"KN296495v1","1457432","1457579","JH378211","1182837","1182982","26","274595"
"KN296495v1","1463506","1463797","JH378139","16259084","16259375","34","14795578"
"KN296495v1","1464805","1465109","JH378114","37036188","37036491","37","35571383"
"KN296495v1","1484262","1484388","JH378152","9733961","9734065","32","8249699"
"KN296495v1","1487611","1487882","JH378111","12128675","12128948","41","10641064"
"KN296495v1","1488591","1488883","JH378123","28860005","28860298","36","27371414"
"KN296495v1","1508427","1508786","JH378108","39655253","39655578","75","38146826"
"KN296495v1","1510985","1511274","JH378136","13162168","13162458","39","11651183"
"KN296495v1","1513480","1513779","JH378115","28712376","28712673","32","27198896"
"KN296495v1","1515148","1515444","JH378115","28712376","28712673","38","27197228"
"KN296495v1","1524699","1524985","JH378108","54651268","54651558","35","53126569"
"KN296495v1","1535849","1536145","JH378163","13372336","13372629","38","11836487"
"KN296495v1","1538266","1538594","JH378166","2452374","2452701","61","914108"
"KN296495v1","1546070","1546364","JH378105","49638975","49639267","34","48092905"
"KN296495v1","1553897","1553991","JH378127","1884956","1885048","17","331059"
"KN296495v1","1555560","1555852","JH378212","4845457","4845749","43","3289897"
"KN296495v1","1557616","1557926","JH378110","17810101","17810407","45","16252485"
"KN296495v1","1561560","1561858","JH378724","3110","3399","49","1558450"
"KN296495v1","1591163","1591252","JH378110","20272658","20272750","19","18681495"
"KN296495v1","1591879","1592187","JH378263","1734347","1734651","33","142468"
"KN296495v1","1595033","1595342","JH378126","21026752","21027059","32","19431719"
"KN296495v1","1604633","1604777","JH378190","8306381","8306522","19","6701748"
"KN296495v1","1604778","1605061","JH378168","6730725","6731008","40","5125947"
"KN296495v1","1605105","1605278","JH378594","3631","3804","15","1601474"
"KN296495v1","1626042","1626353","JH378140","7338564","7338875","31","5712522"
"KN296495v1","1631130","1631428","JH378106","6765589","6765882","39","5134459"
"KN296495v1","1647085","1647386","JH378205","2961936","2962244","48","1314851"
"KN296495v1","1656119","1656428","JH378105","16387360","16387679","56","14731241"
"KN296495v1","1675512","1675778","JH378213","7375659","7375918","37","5700147"
"KN296495v1","1685318","1685596","JH378224","3408579","3408861","32","1723261"
"KN296495v1","1759234","1759519","JH378148","7299728","7300012","28","5540494"
"KN296495v1","1786293","1786598","JH378151","1165499","1165801","37","620794"
"KN296495v1","1826346","1826645","JH378124","11759045","11759346","31","9932699"
"KN296495v1","1873210","1873516","JH378220","2876294","2876590","47","1003084"
"KN296495v1","1954873","1955154","JH378204","7525660","7525946","31","5570787"
"KN296495v1","1988838","1988920","JH378173","3532396","3532476","18","1543558"
"KN296495v1","1991579","1991888","JH378193","1585669","1585978","46","405910"
"KN296495v1","2032521","2032771","JH378176","5671270","5671515","46","3638749"
"KN296495v1","2040346","2040643","JH378149","7879568","7879863","34","5839222"
"KN296495v1","2060395","2060686","JH378119","27348354","27348646","38","25287959"
"KN296495v1","2092696","2093003","JH378193","9064556","9064861","33","6971860"
"KN296495v1","2123877","2124176","JH378293","1524576","1524874","40","599301"
"KN296495v1","2126781","2127027","JH378151","8290347","8290596","35","6163566"
"KN296495v1","2133167","2133444","JH378159","15806083","15806361","32","13672916"
"KN296495v1","2154170","2154450","JH378141","7661985","7662271","39","5507815"
"KN296495v1","2166089","2166384","JH378236","2372296","2372589","29","206207"
"KN296495v1","2191737","2191957","JH378137","15929211","15929430","34","13737474"
"KN296495v1","2196683","2196984","JH378170","2496868","2497168","36","300185"
"KN296495v1","2213084","2213395","JH378217","6825239","6825550","34","4612155"
"KN296495v1","2216273","2216566","JH378172","10004830","10005125","36","7788557"
"KN296495v1","2267274","2267564","JH378151","15551938","15552226","35","13284664"
"KN296495v1","2410770","2411101","JH378105","54852802","54853121","53","52442032"
"KN296495v1","2495990","2496298","JH378115","25041145","25041450","35","22545155"
"KN296495v1","2498867","2499035","JH378140","5327636","5327802","24","2828769"
"KN296495v1","2657872","2658183","JH378141","16136077","16136388","54","13478205"
"KN296495v1","2663057","2663374","JH378126","21026752","21027059","44","18363695"
"KN296495v1","2675251","2675556","JH378320","58622","58932","34","2616629"
"KN296495v1","2688116","2688419","JH378183","9390111","9390424","50","6701995"
"KN296495v1","2762648","2762939","JH378106","6826425","6826714","37","4063777"
"KN296495v1","2778203","2778507","JH378184","8853514","8853818","38","6075311"
"KN296495v1","2780597","2780881","JH378110","38738418","38738702","38","35957821"
"KN296495v1","2793278","2793570","JH378206","6600635","6600925","40","3807357"
"KN296495v1","2798314","2798624","JH378139","17878350","17878657","49","15080036"
"KN296495v1","2801560","2801858","JH378255","3370736","3371032","31","569176"
"KN296495v1","2805835","2806135","JH378144","202388","202687","35","2603447"
"KN296495v1","2855851","2856176","JH378118","17703617","17703951","49","14847766"
"KN296495v1","2856345","2856679","JH378128","184361","184693","55","2671984"
"KN296495v1","2877331","2877621","JH378148","2950270","2950555","35","72939"
"KN296495v1","2920177","2920474","JH378112","21695596","21695889","37","18775419"
"KN296495v1","2973138","2973432","JH378151","8381511","8381803","35","5408373"
"KN296495v1","3050825","3051116","JH378135","6856506","6856797","35","3805681"
"KN296495v1","3067378","3067671","JH378135","17495792","17496088","36","14428414"
"KN296495v1","3162030","3162333","JH378281","314921","315227","39","2847109"
"KN296495v1","3240602","3240857","JH378213","4069347","4069600","49","828745"
"KN296496v1","109334","109670","JH378166","2452374","2452701","66","2343040"
"KN296496v1","403007","403313","JH378264","2773729","2774039","39","2370722"
"KN296496v1","403858","404154","JH378173","5370117","5370412","33","4966259"
"KN296496v1","408036","408324","JH378145","12879121","12879408","30","12471085"
"KN296496v1","416870","417170","JH378114","7122925","7123229","40","6706055"
"KN296496v1","428866","429136","JH378245","2867748","2868031","41","2438882"
"KN296496v1","433421","433722","JH378151","8381511","8381803","43","7948090"
"KN296496v1","439868","440117","JH378125","1132359","1132609","42","692491"
"KN296496v1","443595","443873","JH378106","3052818","3053105","46","2609223"
"KN296496v1","445702","445858","JH378107","31927857","31928020","30","31482155"
"KN296496v1","461179","461477","JH378173","4728432","4728728","33","4267253"
"KN296496v1","485572","485850","JH378177","6664715","6664994","30","6179143"
"KN296496v1","486150","486179","JH378109","33985050","33985085","10","33498900"
"KN296496v1","487379","487640","JH378118","1712015","1712287","57","1224636"
"KN296496v1","537264","537337","JH378220","4499763","4499836","7","3962499"
"KN296496v1","552606","552888","JH378111","15610165","15610446","31","15057559"
"KN296496v1","639512","639658","JH378111","17155401","17155551","33","16515889"
"KN296496v1","639668","639942","JH378107","10083930","10084202","33","9444262"
"KN296496v1","656521","656822","JH378114","7122925","7123229","29","6466404"
"KN296496v1","665210","665515","JH378175","7061237","7061546","39","6396027"
"KN296496v1","719851","720152","JH378197","7145768","7146073","35","6425917"
"KN296496v1","814059","814357","JH378151","8381511","8381803","32","7567452"
"KN296496v1","857004","857300","JH378114","38868751","38869045","35","38011747"
"KN296496v1","868918","869192","JH378115","14283522","14283794","33","13414604"
"KN296496v1","869816","870124","JH378106","10129130","10129437","35","9259314"
"KN296496v1","886281","886590","JH378106","6991564","6991868","41","6105283"
"KN296496v1","897179","897482","JH378108","54706929","54707230","34","53809750"
"KN296496v1","907306","907407","JH378107","46542937","46543040","21","45635631"
"KN296496v1","913467","913733","JH378119","22503503","22503772","35","21590036"
"KN296496v1","938856","939164","JH378185","1458413","1458719","38","519557"
"KN296496v1","949624","949920","JH378105","55569683","55569974","27","54620059"
"KN296496v1","950379","950675","JH378122","13169953","13170248","34","12219574"
"KN296496v1","964442","964750","JH378216","6474633","6474943","36","5510191"
"KN296496v1","998653","998959","JH378118","24374217","24374525","40","23375564"
"KN296496v1","1006985","1007290","JH378197","7145768","7146073","37","6138783"
"KN296496v1","1010069","1010377","JH378135","1042676","1042987","38","32607"
"KN296498v1","41851","42143","JH378107","8201541","8201836","41","8159690"
"KN296498v1","153802","154108","JH378136","7677923","7678227","33","7524121"
"KN296498v1","181809","182108","JH378262","2500977","2501279","34","2319168"
"KN296498v1","196100","196406","JH378165","4010477","4010779","39","3814377"
"KN296498v1","223542","223778","JH378158","13279710","13279942","35","13056168"
"KN296498v1","271300","271604","JH378148","3164823","3165131","38","2893523"
"KN296498v1","321913","322199","JH378153","7392982","7393269","36","7071069"
"KN296498v1","325498","325790","JH378163","13372336","13372629","38","13046838"
"KN296498v1","330843","331121","JH378142","18322987","18323264","37","17992144"
"KN296498v1","333403","333705","JH378106","59895950","59896248","33","59562547"
"KN296498v1","347465","347499","JH378105","31065877","31065908","15","30718412"
"KN296498v1","347570","347844","JH378227","2948320","2948591","38","2600750"
"KN296498v1","348141","348427","JH378258","3633020","3633299","41","3284879"
"KN296498v1","380458","380740","JH378149","11180138","11180421","41","10799680"
"KN296498v1","380754","381063","JH378113","6199734","6200044","40","5818980"
"KN296498v1","386487","386783","JH378228","5509057","5509356","29","5122570"
"KN296498v1","396103","396397","JH378232","5491126","5491418","33","5095023"
"KN296498v1","396877","397160","JH378213","2306017","2306300","35","1909140"
"KN296498v1","397537","397834","JH378137","17229717","17230015","39","16832180"
"KN296498v1","429598","429896","JH378122","10686670","10686967","35","10257072"
"KN296498v1","437966","438260","JH378115","28712376","28712673","33","28274410"
"KN296498v1","455300","455602","JH378155","15098133","15098431","38","14642833"
"KN296498v1","456503","456816","JH378206","4086994","4087300","41","3630491"
"KN296498v1","462147","462349","JH378186","6178471","6178668","32","5716324"
"KN296498v1","462835","463091","JH378201","588014","588262","46","125179"
"KN296502v1","41632","41945","JH378116","26166005","26166316","46","26124373"
"KN296502v1","127101","127420","JH378115","30630625","30630933","54","30503524"
"KN296502v1","136359","136694","JH378260","2282137","2282463","38","2145778"
"KN296502v1","527599","527882","JH378137","4144145","4144429","34","3616546"
"KN296502v1","641787","642099","JH378120","29808492","29808793","65","29166705"
"KN296502v1","1081550","1081853","JH378225","6457829","6458137","43","5376279"
"KN296502v1","1151485","1151791","JH378181","4962993","4963298","34","3811508"
"KN296502v1","1193123","1193430","JH378161","9679608","9679914","41","8486485"
"KN296502v1","1205971","1206276","JH378207","3169344","3169645","40","1963373"
"KN296502v1","1220659","1220752","JH378144","13004267","13004358","11","11783608"
"KN296502v1","1221522","1221823","JH378343","242635","242930","41","978887"
"KN296502v1","1259740","1260044","JH378235","1381290","1381589","37","121550"
"KN296502v1","1284469","1284774","JH378150","3147294","3147605","33","1862825"
"KN296502v1","1297251","1297566","JH378320","58622","58932","35","1238629"
"KN296502v1","1313888","1314183","JH378120","30513421","30513713","39","29199533"
"KN296502v1","1349260","1349552","JH378126","21026752","21027059","41","19677492"
"KN296502v1","1367413","1367693","JH378166","2276072","2276357","40","908659"
"KN296502v1","1400085","1400383","JH378228","5509057","5509356","30","4108972"
"KN296502v1","1472223","1472515","JH378213","5627405","5627702","34","4155182"
"KN296502v1","1486354","1486529","JH378267","3271426","3271599","20","1785072"
"KN296503v1","9025","9322","JH378127","15974641","15974947","55","15965616"
"KN296503v1","115219","115515","JH378173","2926162","2926459","35","2810943"
"KN296503v1","177796","177872","JH378194","8973763","8973842","10","8795967"
"KN296503v1","178788","179084","JH378265","2263256","2263553","36","2084468"
"KN296503v1","180637","180930","JH378137","12808727","12809019","33","12628090"
"KN296503v1","218970","219273","JH378312","800772","801078","33","581802"
"KN296503v1","229632","229942","JH378129","10853809","10854123","53","10624177"
"KN296503v1","279684","279987","JH378197","7145768","7146073","40","6866084"
"KN296503v1","308441","308730","JH378110","17880643","17880926","33","17572202"
"KN296503v1","333470","333781","JH378158","3522926","3523235","33","3189456"
"KN296503v1","370368","370679","JH378267","845059","845364","35","474691"
"KN296503v1","473731","473880","JH378109","17299030","17299178","28","16825299"
"KN296503v1","473881","474161","JH378279","102782","103056","32","371099"
"KN296503v1","474162","474298","JH378220","1065339","1065475","19","591177"
"KN296503v1","481383","481698","JH378110","19934311","19934616","48","19452928"
"KN296503v1","490545","490835","JH378157","1813689","1813983","39","1323144"
"KN296503v1","500121","500410","JH378159","15615783","15616046","56","15115662"
"KN296503v1","521487","521793","JH378190","8276191","8276493","37","7754704"
"KN296503v1","529328","529533","JH378201","882173","882372","50","352845"
"KN296503v1","611430","611743","JH378119","6124403","6124708","38","5512973"
"KN296503v1","622220","622534","JH378177","6857111","6857419","39","6234891"
"KN296503v1","656700","656990","JH378245","2867748","2868031","38","2211048"
"KN296503v1","701936","702196","JH378107","49865332","49865591","38","49163396"
"KN296503v1","704328","704621","JH378106","17756548","17756839","45","17052220"
"KN296504v1","46747","46989","JH378144","538465","538698","39","491718"
"KN296505v1","30542","30843","JH378124","15582898","15583197","40","15552356"
"KN296505v1","34221","34519","JH378139","18955642","18955939","34","18921421"
"KN296505v1","50534","50810","JH378113","28252367","28252645","36","28201833"
"KN296505v1","79996","80303","JH378113","24179649","24179958","49","24099653"
"KN296505v1","120162","120445","JH378305","1335286","1335564","44","1215124"
"KN296505v1","135751","136046","JH378151","8381511","8381803","40","8245760"
"KN296505v1","205015","205312","JH378116","11212241","11212540","30","11007226"
"KN296505v1","222004","222311","JH378118","27056689","27056995","42","26834685"
"KN296505v1","235533","235829","JH378271","1329150","1329448","39","1093617"
"KN296505v1","476837","477126","JH378106","68183009","68183283","44","67706172"
"KN296505v1","718919","719216","JH378153","13662998","13663293","37","12944079"
"KN296505v1","812360","812653","JH378111","9089465","9089754","46","8277105"
"KN296505v1","960896","961201","JH378138","5380451","5380753","40","4419555"
"KN296505v1","1175542","1175825","JH378167","8762921","8763195","45","7587379"
"KN296505v1","1395687","1395983","JH378145","246096","246396","41","1149591"
"KN296505v1","1913920","1914096","JH378177","10998016","10998191","22","9084096"
"KN296505v1","2183618","2183843","JH378110","32879613","32879840","32","30695995"
"KN296506v1","38746","39053","JH378151","9408406","9408707","40","9369660"
"KN296507v1","161249","161537","JH378153","5259027","5259313","40","5097778"
"KN296507v1","284020","284101","JH378128","11506241","11506323","8","11222221"
"KN296507v1","465535","465829","JH378288","1561758","1562053","34","1096223"
"KN296507v1","468443","468741","JH378111","25473856","25474161","35","25005413"
"KN296507v1","468812","469109","JH378111","25473856","25474161","36","25005044"
"KN296507v1","501935","502213","JH378158","4330228","4330501","37","3828293"
"KN296507v1","529941","530227","JH378323","404099","404383","45","125842"
"KN296507v1","536042","536338","JH378139","18955642","18955939","37","18419600"
"KN296507v1","536904","537212","JH378122","7536361","7536659","55","6999457"
"KN296507v1","548253","548563","JH378107","57897087","57897395","31","57348834"
"KN296507v1","552013","552271","JH378111","3992165","3992419","36","3440152"
"KN296507v1","558044","558333","JH378122","5562261","5562546","31","5004217"
"KN296507v1","567728","567999","JH378157","10852841","10853102","42","10285113"
"KN296507v1","573696","573853","JH378168","1762210","1762367","16","1188514"
"KN296507v1","574153","574274","JH378197","4415015","4415140","11","3840862"
"KN296507v1","576511","576816","JH378113","14455819","14456118","38","13879308"
"KN296507v1","579340","579642","JH378113","6692573","6692881","30","6113233"
"KN296507v1","590794","591100","JH378105","22106872","22107181","39","21516078"
"KN296507v1","616678","616960","JH378114","29675067","29675349","31","29058389"
"KN296507v1","627565","627871","JH378123","491683","491985","30","135882"
"KN296507v1","665777","666076","JH378110","38574281","38574582","29","37908504"
"KN296507v1","764002","764303","JH378110","35346778","35347079","38","34582776"
"KN296507v1","764335","764629","JH378269","533779","534081","42","230556"
"KN296507v1","848072","848369","JH378197","4752683","4752995","49","3904611"
"KN296508v1","1048283","1048585","JH378124","15582898","15583197","29","14534615"
"KN296508v1","524198","524500","JH378185","1841930","1842234","33","1317732"
"KN296508v1","90664","90959","JH378149","915557","915848","32","824893"
"KN296508v1","107932","108242","JH378114","21328513","21328823","40","21220581"
"KN296508v1","140186","140493","JH378115","26640201","26640508","32","26500015"
"KN296508v1","177289","177599","JH378139","17878350","17878657","37","17701061"
"KN296508v1","187265","187559","JH378111","11047654","11047949","34","10860389"
"KN296508v1","194995","195306","JH378177","2495760","2496067","35","2300765"
"KN296508v1","204344","204668","JH378115","25570507","25570808","56","25366163"
"KN296508v1","214730","215022","JH378139","16259084","16259375","32","16044354"
"KN296508v1","299502","299632","JH378267","6904","7035","25","292598"
"KN296508v1","305743","306039","JH378151","4318339","4318636","34","4012596"
"KN296508v1","328470","328726","JH378119","28597739","28597991","33","28269269"
"KN296508v1","329503","329799","JH378128","1004987","1005285","37","675484"
"KN296508v1","331118","331413","JH378124","17923330","17923624","31","17592212"
"KN296508v1","331874","332155","JH378224","3408579","3408861","31","3076705"
"KN296508v1","338865","339169","JH378155","15098133","15098431","37","14759268"
"KN296508v1","353892","354184","JH378110","38738418","38738702","44","38384526"
"KN296508v1","400859","401165","JH378225","6457829","6458137","41","6056970"
"KN296508v1","402177","402475","JH378177","10271031","10271327","32","9868854"
"KN296508v1","436415","436724","JH378126","21026752","21027059","33","20590337"
"KN296508v1","438012","438312","JH378108","23280248","23280545","30","22842236"
"KN296508v1","444664","444972","JH378110","19934311","19934616","34","19489647"
"KN296508v1","459454","459558","JH378106","60566146","60566242","26","60106692"
"KN296508v1","459562","459641","JH378105","46878243","46878318","17","46418681"
"KN296508v1","484932","485240","JH378137","18261330","18261634","38","17776398"
"KN296508v1","485244","485542","JH378122","14416899","14417197","38","13931655"
"KN296508v1","489366","489665","JH378125","15893280","15893581","41","15403914"
"KN296508v1","490911","491196","JH378107","46706368","46706653","47","46215457"
"KN296508v1","494098","494400","JH378189","7485656","7485953","39","6991558"
"KN296508v1","504804","505097","JH378115","28712376","28712673","33","28207572"
"KN296508v1","517874","518169","JH378255","902549","902847","30","384675"
"KN296508v1","518962","519298","JH378133","13912938","13913246","66","13393976"
"KN296508v1","525160","525439","JH378115","20874193","20874475","33","20349033"
"KN296508v1","531830","532136","JH378118","24374217","24374525","35","23842387"
"KN296508v1","533687","533990","JH378288","1088673","1088973","31","554986"
"KN296508v1","540746","541063","JH378110","37105808","37106120","36","36565062"
"KN296508v1","544489","544788","JH378170","4783494","4783792","38","4239005"
"KN296508v1","552838","553137","JH378139","16259084","16259375","37","15706246"
"KN296508v1","555704","555983","JH378213","2306017","2306300","33","1750313"
"KN296508v1","570907","571220","JH378135","1042676","1042987","44","471769"
"KN296508v1","576126","576407","JH378177","6664715","6664994","36","6088589"
"KN296508v1","580006","580313","JH378112","35007862","35008168","36","34427856"
"KN296508v1","580331","580427","JH378149","1520031","1520130","9","939700"
"KN296508v1","588275","588645","JH378122","5884302","5884645","98","5296027"
"KN296508v1","589577","589613","JH378120","17370494","17370527","7","16780917"
"KN296508v1","590351","590562","JH378127","8625267","8625477","33","8034916"
"KN296508v1","594305","594540","JH378308","1441471","1441705","27","847166"
"KN296508v1","601180","601465","JH378139","1980713","1981003","35","1379533"
"KN296508v1","605642","605945","JH378122","18424393","18424694","33","17818751"
"KN296508v1","608695","608995","JH378288","1088673","1088973","37","479978"
"KN296508v1","610182","610488","JH378197","1499696","1500000","42","889514"
"KN296508v1","620653","620863","JH378244","4316854","4317059","32","3696201"
"KN296508v1","620873","621153","JH378106","9913093","9913375","41","9292220"
"KN296508v1","636443","636575","JH378249","3726059","3726189","17","3089616"
"KN296508v1","657632","657925","JH378139","16259084","16259375","35","15601452"
"KN296508v1","657995","658281","JH378111","32802639","32802936","49","32144644"
"KN296508v1","666712","667013","JH378115","25041145","25041450","37","24374433"
"KN296508v1","668680","668963","JH378137","4055872","4056152","41","3387192"
"KN296508v1","671900","672190","JH378258","1157111","1157403","31","485211"
"KN296508v1","694657","694959","JH378179","1841978","1842282","41","1147321"
"KN296508v1","728561","728861","JH378120","16327645","16327955","44","15599084"
"KN296508v1","741162","741466","JH378113","3033963","3034260","44","2292801"
"KN296508v1","823678","823972","JH378116","28869529","28869826","29","28045851"
"KN296508v1","968591","968902","JH378112","35288143","35288449","31","34319552"
"KN296508v1","1116235","1116527","JH378110","35076565","35076859","36","33960330"
"KN296508v1","1125744","1126048","JH378121","5842761","5843064","38","4717017"
"KN296508v1","1156518","1156812","JH378157","9676550","9676840","33","8520032"
"KN296508v1","1172835","1173158","JH378194","8800813","8801127","45","7627978"
"KN296508v1","1230259","1230564","JH378113","3033963","3034260","46","1803704"
"KN296508v1","1255588","1255874","JH378198","1596143","1596429","36","340555"
"KN296508v1","1340948","1341241","JH378126","1916039","1916333","33","575091"
"KN296508v1","1341245","1341376","JH378134","17076939","17077071","13","15735694"
"KN296508v1","1382482","1382790","JH378106","70986080","70986388","34","69603598"
"KN296508v1","1431231","1431392","JH378111","1058895","1059055","21","372336"
"KN296508v1","1448957","1449101","JH378107","32052240","32052384","21","30603283"
"KN296508v1","1491710","1492012","JH378120","15320951","15321249","48","13829241"
"KN296508v1","1507521","1507816","JH378141","12391086","12391376","36","10883565"
"KN296508v1","1517339","1517517","JH378285","1830248","1830428","28","312909"
"KN296508v1","1535677","1535987","JH378126","21026752","21027059","37","19491075"
"KN296508v1","1555126","1555425","JH378111","42466412","42466713","31","40911286"
"KN296508v1","1562922","1563207","JH378261","2957685","2957970","39","1394763"
"KN296508v1","1583527","1583822","JH378122","7899624","7899919","35","6316097"
"KN296508v1","1586914","1587212","JH378296","1500608","1500907","34","86306"
"KN296508v1","1650771","1651076","JH378239","1428043","1428345","42","222728"
"KN296508v1","1656706","1657012","JH378111","26701569","26701879","34","25044863"
"KN296508v1","1658288","1658588","JH378105","51889615","51889908","39","50231327"
"KN296508v1","1716495","1716799","JH378241","5492398","5492696","39","3775903"
"KN296508v1","1748095","1748408","JH378110","19934311","19934616","45","18186216"
"KN296508v1","1773638","1773773","JH378153","2127454","2127589","18","353816"
"KN296508v1","1783240","1783406","JH378164","6996757","6996923","22","5213517"
"KN296508v1","1805785","1806078","JH378151","8652626","8652916","30","6846841"
"KN296508v1","1820706","1820993","JH378139","6897029","6897319","35","5076323"
"KN296508v1","1849420","1849713","JH378155","15033583","15033875","38","13184163"
"KN296508v1","1855039","1855356","JH378146","9689793","9690104","37","7834754"
"KN296508v1","1874297","1874601","JH378185","2174597","2174903","30","300300"
"KN296508v1","1896990","1897155","JH378128","10706844","10707004","18","8809854"
"KN296508v1","1924784","1925088","JH378151","9408406","9408707","35","7483622"
"KN296508v1","2012152","2012457","JH378105","16972760","16973058","47","14960608"
"KN296508v1","2060260","2060575","JH378191","5184511","5184822","35","3124251"
"KN296508v1","2082777","2083070","JH378139","19028108","19028401","46","16945331"
"KN296508v1","2111878","2112199","JH378108","30731255","30731558","52","28619377"
"KN296508v1","2197092","2197389","JH378228","5509057","5509356","37","3311965"
"KN296508v1","2248761","2249081","JH378260","2282137","2282463","36","33376"
"KN296509v1","831","1129","JH378124","15582898","15583197","37","15582067"
"KN296510v1","27149","27429","JH378152","10737028","10737308","36","10709879"
"KN296513v1","28210","28521","JH378334","216671","216977","41","188461"
"KN296513v1","46128","46294","JH378122","7293865","7294028","18","7247737"
"KN296513v1","50254","50553","JH378127","22219085","22219383","42","22168831"
"KN296513v1","135932","136239","JH378197","7145768","7146073","34","7009836"
"KN296513v1","161641","161971","JH378260","2282137","2282463","49","2120496"
"KN296513v1","192810","193121","JH378131","2072353","2072664","43","1879543"
"KN296513v1","236229","236523","JH378111","42112707","42113007","42","41876478"
"KN296513v1","283141","283429","JH378179","7759487","7759774","37","7476346"
"KN296513v1","295724","296024","JH378137","14554585","14554893","45","14258861"
"KN296513v1","315629","315932","JH378145","12656829","12657134","36","12341200"
"KN296513v1","348138","348435","JH378120","10280397","10280698","40","9932259"
"KN296513v1","417601","417897","JH378115","28712376","28712673","40","28294775"
"KN296513v1","423753","424060","JH378148","15796597","15796901","36","15372844"
"KN296513v1","1132723","1133011","JH378157","9676550","9676840","41","8543827"
"KN296513v1","1151360","1151672","JH378139","17878350","17878657","45","16726990"
"KN296513v1","1179203","1179480","JH378144","981865","982144","29","197338"
"KN296513v1","1303485","1303796","JH378148","7666479","7666786","43","6362994"
"KN296513v1","1318027","1318314","JH378108","50336822","50337113","36","49018795"
"KN296513v1","1323481","1323829","JH378153","15061598","15061937","63","13738117"
"KN296513v1","1333421","1333727","JH378171","6181069","6181379","33","4847648"
"KN296513v1","1339053","1339167","JH378203","2720966","2721077","25","1381913"
"KN296513v1","1347674","1347958","JH378213","2306017","2306300","29","958343"
"KN296513v1","1482544","1482836","JH378281","2947044","2947332","34","1464500"
"KN296513v1","1483834","1484120","JH378235","4514528","4514824","37","3030694"
"KN296513v1","1611252","1611546","JH378216","6814492","6814786","36","5203240"
"KN296513v1","1618003","1618318","JH378113","28428906","28429220","40","26810903"
"KN296513v1","1742825","1743116","JH378149","915557","915848","41","827268"
"KN296513v1","1967524","1967806","JH378157","7250539","7250813","49","5283015"
"KN296513v1","2116222","2116519","JH378241","5492398","5492696","35","3376176"
"KN296513v1","2152509","2152818","JH378284","1163902","1164203","35","988607"
"KN296513v1","2160556","2160864","JH378126","21026752","21027059","29","18866196"
"KN296513v1","2223645","2223938","JH378111","46091567","46091853","33","43867922"
"KN296513v1","2258687","2258971","JH378106","3052818","3053105","31","794131"
"KN296513v1","2472128","2472418","JH378194","2390312","2390602","33","81816"
"KN296513v1","2780360","2780654","JH378120","30228729","30229018","44","27448369"
"KN296513v1","2867462","2867639","JH378135","14973803","14973978","25","12106341"
"KN296513v1","3025533","3025834","JH378108","54706929","54707230","37","51681396"
"KN296513v1","3052150","3052451","JH378114","37036188","37036491","32","33984038"
"KN296515v1","13311","13585","JH378182","9240926","9241205","46","9227615"
"KN296515v1","73068","73353","JH378132","7601085","7601367","40","7528017"
"KN296515v1","374011","374311","JH378148","15926818","15927122","47","15552807"
"KN296515v1","602548","602858","JH378187","2906095","2906405","31","2303547"
"KN296515v1","751125","751419","JH378141","11270144","11270435","42","10519019"
"KN296515v1","797493","797800","JH378172","11284989","11285296","38","10487496"
"KN296515v1","805190","805489","JH378115","28712376","28712673","36","27907186"
"KN296515v1","807290","807380","JH378144","13004267","13004358","15","12196977"
"KN296515v1","829513","829792","JH378110","38738418","38738702","36","37908905"
"KN296515v1","830586","830895","JH378167","5351158","5351469","36","4520572"
"KN296515v1","889701","889999","JH378116","11181268","11181574","45","10291567"
"KN296515v1","891461","891755","JH378162","7432842","7433130","48","6541381"
"KN296516v1","6514","6815","JH378255","1560098","1560402","37","1553584"
"KN296516v1","66880","67169","JH378282","2802861","2803151","52","2735981"
"KN296516v1","142672","142983","JH378105","4325405","4325701","49","4182733"
"KN296516v1","209099","209389","JH378108","1846495","1846786","33","1637396"
"KN296516v1","225460","225768","JH378185","841607","841910","36","616147"
"KN296516v1","228449","228747","JH378189","7588716","7589014","38","7360267"
"KN296518v1","2571","2853","JH378116","33740056","33740330","39","33737485"
"KN296518v1","5683","5981","JH378115","4382023","4382316","53","4376340"
"KN296518v1","19267","19495","JH378123","19624469","19624699","40","19605202"
"KN296518v1","148061","148368","JH378110","32631101","32631403","38","32483040"
"KN296518v1","260277","260562","JH378153","7392982","7393269","32","7132705"
"KN296520v1","178127","178182","JH378132","14203119","14203177","15","14024992"
"KN296520v1","197418","197713","JH378116","28869529","28869826","33","28672111"
"KN296520v1","218559","218699","JH378107","32052240","32052384","23","31833681"
"KN296520v1","244964","245258","JH378163","11642312","11642607","36","11397348"
"KN296520v1","250842","251092","JH378112","32356549","32356800","41","32105707"
"KN296520v1","337858","338149","JH378166","38905","39194","35","298953"
"KN296520v1","368579","368712","JH378244","4014019","4014155","14","3645440"
"KN296520v1","369022","369192","JH378151","9614426","9614595","22","9245404"
"KN296520v1","374468","374771","JH378138","16019323","16019620","56","15644855"
"KN296520v1","375562","375866","JH378129","10258595","10258896","37","9883033"
"KN296520v1","385966","386083","JH378154","6855325","6855441","11","6469359"
"KN296520v1","403370","403679","JH378171","387207","387514","47","16163"
"KN296520v1","408249","408543","JH378132","11299063","11299358","53","10890814"
"KN296520v1","419809","419966","JH378107","4555971","4556128","17","4136162"
"KN296520v1","419967","420247","JH378108","34327273","34327542","42","33907306"
"KN296520v1","420248","420374","JH378135","9880098","9880232","18","9459850"
"KN296520v1","475275","475584","JH378271","459308","459608","40","15967"
"KN296520v1","488525","488823","JH378126","23864373","23864670","41","23375848"
"KN296520v1","532819","533115","JH378129","10258595","10258896","33","9725776"
"KN296520v1","935067","935377","JH378148","12255931","12256243","36","11320864"
"KN296520v1","1061043","1061332","JH378153","7392982","7393269","31","6331939"
"KN296520v1","1075258","1075571","JH378157","4998218","4998526","38","3922960"
"KN296520v1","1088168","1088285","JH378174","1955555","1955671","18","867387"
"KN296520v1","1110473","1110768","JH378284","1163902","1164203","35","53429"
"KN296520v1","1159059","1159358","JH378197","7145768","7146073","35","5986709"
"KN296520v1","1213810","1214099","JH378213","44105","44391","39","1169705"
"KN296520v1","1250986","1251285","JH378151","7439461","7439762","34","6188475"
"KN296520v1","1428132","1428431","JH378170","4783494","4783792","28","3355362"
"KN296523v1","4702","4988","JH378151","8652626","8652916","34","8647924"
"KN296526v1","96978","97279","JH378125","5890386","5890685","34","5793408"
"KN296526v1","277095","277407","JH378115","16925265","16925575","36","16648170"
"KN296526v1","321302","321598","JH378139","16259084","16259375","31","15937782"
"KN296528v1","1310460","1310764","JH378109","16294392","16294694","37","14983932"
"KN296528v1","16039","16318","JH378120","25501856","25502127","40","25485817"
"KN296528v1","17771","18053","JH378109","52148","52435","34","34377"
"KN296528v1","31817","32133","JH378149","13456174","13456477","42","13424357"
"KN296528v1","36082","36388","JH378235","3053133","3053438","29","3017051"
"KN296528v1","40520","40815","JH378114","42074769","42075069","52","42034249"
"KN296528v1","59710","60011","JH378265","2263256","2263553","37","2203546"
"KN296528v1","66008","66233","JH378235","4754856","4755077","45","4688848"
"KN296528v1","92545","92847","JH378108","45515306","45515596","50","45422761"
"KN296528v1","113598","113899","JH378119","6124403","6124708","38","6010805"
"KN296528v1","145361","145669","JH378134","15348672","15348977","33","15203311"
"KN296528v1","145680","145984","JH378173","4155896","4156193","35","4010216"
"KN296528v1","177524","177823","JH378173","2753783","2754078","39","2576259"
"KN296528v1","180823","181133","JH378139","1159515","1159824","37","978692"
"KN296528v1","332704","333014","JH378129","1237412","1237719","37","904708"
"KN296528v1","430705","431005","JH378161","1776447","1776748","38","1345742"
"KN296528v1","765623","765906","JH378105","58504853","58505133","42","57739230"
"KN296528v1","1122087","1122383","JH378170","4783494","4783792","31","3661407"
"KN296528v1","1134944","1135244","JH378190","6222008","6222306","47","5087064"
"KN296528v1","1192210","1192510","JH378170","4783494","4783792","34","3591284"
"KN296528v1","1249165","1249461","JH378122","4640366","4640664","44","3391201"
"KN296528v1","1273164","1273455","JH378152","11319672","11319966","31","10046508"
"KN296528v1","1300010","1300237","JH378171","1354455","1354697","48","54445"
"KN296528v1","1303249","1303554","JH378150","11332916","11333218","43","10029667"
"KN296528v1","1343823","1344126","JH378142","5865502","5865800","33","4521679"
"KN296528v1","1404285","1404593","JH378107","38922005","38922310","40","37517720"
"KN296528v1","1435075","1435371","JH378124","17923330","17923624","34","16488255"
"KN296528v1","1441387","1441666","JH378109","52148","52435","48","1389239"
"KN296528v1","1442781","1442880","JH378106","24162338","24162435","17","22719557"
"KN296528v1","1463837","1464141","JH378119","6124403","6124708","32","4660566"
"KN296528v1","1488213","1488504","JH378224","3106363","3106651","33","1618150"
"KN296528v1","1503167","1503459","JH378119","27131086","27131381","36","25627919"
"KN296528v1","1505215","1505516","JH378115","25041145","25041450","31","23535930"
"KN296528v1","1517656","1517962","JH378125","15893280","15893581","33","14375624"
"KN296528v1","1536750","1536924","JH378116","886909","887082","30","649841"
"KN296528v1","1582006","1582292","JH378198","1596143","1596429","32","14137"
"KN296528v1","1584772","1584971","JH378112","21637108","21637290","34","20052336"
"KN296529v1","93096","93303","JH378173","1990541","1990767","43","1897445"
"KN296529v1","93308","93438","JH378212","5031679","5031804","20","4938371"
"KN296529v1","164239","164540","JH378112","12685959","12686257","36","12521720"
"KN296535v1","29219","29517","JH378288","1088673","1088973","33","1059454"
"KN296535v1","61155","61438","JH378182","9240926","9241205","32","9179771"
"KN296536v1","22463","22753","JH378137","15080545","15080841","39","15058082"
"KN296536v1","26845","27154","JH378106","10129130","10129437","30","10102285"
"KN296536v1","30670","30978","JH378108","15570106","15570408","52","15539436"
"KN296536v1","32291","32601","JH378167","5351158","5351469","39","5318867"
"KN296536v1","46570","46878","JH378288","1088673","1088973","39","1042103"
"KN296536v1","117679","117750","JH378105","46878243","46878318","12","46760564"
"KN296536v1","415947","416229","JH378152","14427342","14427619","38","14011395"
"KN296536v1","436737","437045","JH378153","3305054","3305363","35","2868317"
"KN296536v1","486235","486530","JH378113","2213585","2213880","38","1727350"
"KN296536v1","610555","610845","JH378139","16259084","16259375","38","15648529"
"KN296536v1","630625","630954","JH378113","23430583","23430911","57","22799958"
"KN296536v1","642286","642578","JH378151","3515305","3515602","31","2873019"
"KN296536v1","649352","649638","JH378111","19524517","19524801","42","18875165"
"KN296536v1","656887","657072","JH378213","431310","431491","31","225577"
"KN296536v1","663670","663973","JH378106","6434398","6434702","40","5770728"
"KN296536v1","709424","709727","JH378146","15827373","15827672","42","15117949"
"KN296536v1","746359","746668","JH378136","5570577","5570888","38","4824218"
"KN296536v1","768398","768697","JH378296","1500608","1500907","37","732210"
"KN296536v1","808938","809248","JH378157","11923572","11923878","37","11114634"
"KN296536v1","859237","859548","JH378281","2950232","2950541","36","2090995"
"KN296536v1","929501","929705","JH378120","2740351","2740558","28","1810850"
"KN296536v1","1163765","1164059","JH378139","18632207","18632516","51","17468442"
"KN296536v1","1341547","1341819","JH378213","5770199","5770478","53","4428652"
"KN296536v1","1452869","1453198","JH378148","3187836","3188150","50","1734967"
"KN296538v1","21379","21670","JH378139","16259084","16259375","44","16237705"
"KN296538v1","26555","26895","JH378118","33600547","33600879","68","33573992"
"KN296538v1","33773","34068","JH378252","1272655","1272952","35","1238882"
"KN296538v1","35823","36104","JH378109","17006289","17006567","42","16970466"
"KN296538v1","39830","40138","JH378126","21026752","21027059","36","20986922"
"KN296538v1","67433","67516","JH378128","11506241","11506323","9","11438808"
"KN296538v1","70868","71165","JH378129","10258595","10258896","36","10187727"
"KN296538v1","94092","94388","JH378122","13158061","13158358","39","13063969"
"KN296538v1","95209","95504","JH378127","12493801","12494092","35","12398592"
"KN296538v1","116640","116938","JH378161","5428396","5428686","47","5311756"
"KN296538v1","124878","125164","JH378139","16701321","16701601","41","16576443"
"KN296538v1","127118","127271","JH378157","13835197","13835348","24","13708079"
"KN296538v1","127569","127756","JH378108","33484107","33484291","32","33356538"
"KN296538v1","131126","131418","JH378213","4745577","4745870","32","4614451"
"KN296538v1","152057","152359","JH378281","2501614","2501915","42","2349557"
"KN296538v1","154151","154444","JH378151","8381511","8381803","45","8227360"
"KN296538v1","155750","156049","JH378137","5825923","5826226","40","5670173"
"KN296538v1","163908","164214","JH378126","21026752","21027059","31","20862844"
"KN296538v1","200761","201055","JH378115","3784895","3785190","37","3584134"
"KN296538v1","210851","211161","JH378129","10853809","10854123","38","10642958"
"KN296538v1","230657","230932","JH378119","23594857","23595144","44","23364200"
"KN296538v1","248249","248540","JH378265","3288819","3289108","39","3040570"
"KN296538v1","254215","254521","JH378139","2631700","2632009","43","2377485"
"KN296538v1","264725","265031","JH378126","21026752","21027059","40","20762027"
"KN296538v1","270998","271297","JH378255","1560098","1560402","43","1289100"
"KN296538v1","271319","271625","JH378264","2773729","2774039","41","2502410"
"KN296538v1","272979","273278","JH378255","1560098","1560402","43","1287119"
"KN296538v1","273300","273606","JH378264","2773729","2774039","40","2500429"
"KN296538v1","280434","280750","JH378150","3147294","3147605","37","2866860"
"KN296538v1","311615","311916","JH378246","2154157","2154450","36","1842542"
"KN296538v1","319962","320264","JH378108","54706929","54707230","38","54386967"
"KN296538v1","337067","337372","JH378409","15880","16181","35","321187"
"KN296538v1","341477","341770","JH378256","549185","549474","33","207708"
"KN296538v1","345993","346293","JH378271","459308","459608","38","113315"
"KN296538v1","346824","347114","JH378106","1255495","1255784","44","908671"
"KN296538v1","365020","365360","JH378236","2416769","2417083","70","2051749"
"KN296538v1","414244","414551","JH378123","491683","491985","32","77439"
"KN296538v1","438430","438714","JH378111","34014855","34015146","41","33576425"
"KN296538v1","439771","440090","JH378167","5351158","5351469","39","4911387"
"KN296538v1","481197","481371","JH378122","3788129","3788303","22","3306932"
"KN296538v1","481667","481799","JH378105","35789175","35789308","16","35307508"
"KN296538v1","518348","518638","JH378258","1157111","1157403","36","638763"
"KN296538v1","538697","538984","JH378167","8547558","8547847","34","8008861"
"KN296538v1","628511","628677","JH378115","7760103","7760268","27","7131592"
"KN296538v1","629477","629776","JH378151","4318339","4318636","39","3688862"
"KN296538v1","669180","669492","JH378268","3098405","3098709","50","2429225"
"KN296538v1","714604","714914","JH378126","21026752","21027059","30","20312148"
"KN296538v1","739262","739550","JH378198","1596143","1596429","36","856881"
"KN296538v1","766740","767021","JH378224","4250150","4250431","36","3483410"
"KN296538v1","767486","767783","JH378114","36976328","36976626","41","36208842"
"KN296538v1","1015762","1016053","JH378191","6177328","6177618","38","5161566"
"KN296538v1","1136859","1137159","JH378193","4032529","4032825","34","2895670"
"KN296538v1","1175399","1175698","JH378173","2364985","2365279","32","1189586"
"KN296538v1","1242980","1243283","JH378106","9882834","9883140","37","8639854"
"KN296538v1","1261954","1262275","JH378117","311104","311421","53","950850"
"KN296538v1","1274106","1274397","JH378157","9676550","9676840","27","8402444"
"KN296538v1","1285246","1285445","JH378217","951556","951750","24","333690"
"KN296538v1","1285716","1286016","JH378137","20937605","20937904","44","19651889"
"KN296538v1","1322118","1322422","JH378141","12423408","12423708","42","11101290"
"KN296538v1","1378305","1378610","JH378115","31840572","31840873","39","30462267"
"KN296538v1","1465633","1465943","JH378177","1165073","1165384","36","300560"
"KN296538v1","1502583","1502892","JH378122","10172818","10173128","43","8670235"
"KN296538v1","1512875","1513187","JH378167","5351158","5351469","43","3838283"
"KN296538v1","1527701","1528001","JH378129","12241608","12241912","36","10713907"
"KN296538v1","1548855","1549154","JH378170","4783494","4783792","31","3234639"
"KN296538v1","1577887","1578180","JH378105","55697359","55697652","40","54119472"
"KN296538v1","1579872","1580098","JH378265","648361","648587","26","931511"
"KN296538v1","1581502","1581802","JH378158","8002135","8002443","38","6420633"
"KN296538v1","1595154","1595459","JH378110","38852916","38853220","34","37257762"
"KN296538v1","1605079","1605378","JH378117","17810470","17810765","39","16205391"
"KN296538v1","1630589","1630882","JH378106","44399035","44399331","38","42768446"
"KN296538v1","1657226","1657496","JH378109","17006289","17006567","45","15349063"
"KN296538v1","1671420","1671715","JH378109","36264161","36264465","45","34592741"
"KN296538v1","1691369","1691667","JH378151","4318339","4318636","29","2626970"
"KN296538v1","1699096","1699255","JH378124","2028680","2028841","27","329584"
"KN296538v1","1704109","1704414","JH378255","1560098","1560402","35","144011"
"KN296538v1","1728898","1729212","JH378113","6199734","6200044","40","4470836"
"KN296538v1","1739806","1740082","JH378279","102782","103056","35","1637024"
"KN296538v1","1741911","1742210","JH378296","1500608","1500907","35","241303"
"KN296538v1","1742671","1742843","JH378151","7171072","7171240","37","5428401"
"KN296538v1","1763123","1763430","JH378158","8002135","8002443","32","6239012"
"KN296538v1","1769299","1769608","JH378126","21026752","21027059","34","19257453"
"KN296538v1","1771669","1771935","JH378112","33833975","33834241","40","32062306"
"KN296538v1","1794136","1794443","JH378208","3614542","3614848","42","1820406"
"KN296538v1","1806378","1806682","JH378108","30731255","30731558","37","28924877"
"KN296538v1","1852726","1853037","JH378255","253618","253923","43","1599108"
"KN296538v1","2013533","2013804","JH378142","17272237","17272503","43","15258704"
"KN296538v1","2073130","2073418","JH378127","12493801","12494092","41","10420671"
"KN296538v1","2073422","2073703","AGCE01150993","740","1018","29","2072682"
"KN296538v1","2149410","2149727","JH378117","28649561","28649876","50","26500151"
"KN296538v1","2225966","2226261","JH378139","16259084","16259375","36","14033118"
"KN296538v1","2237348","2237658","JH378115","26640201","26640508","31","24402853"
"KN296538v1","2311731","2312024","JH378139","19252318","19252611","36","16940587"
"KN296541v1","169711","170007","JH378113","36765404","36765699","37","36595693"
"KN296541v1","187808","188105","JH378149","1427296","1427590","32","1239488"
"KN296541v1","253253","253577","JH378318","63994","64305","49","189259"
"KN296541v1","265836","266138","JH378288","1088673","1088973","33","822837"
"KN296541v1","305018","305143","JH378262","535182","535313","28","230164"
"KN296541v1","341449","341738","JH378137","11398263","11398561","41","11056814"
"KN296541v1","436310","436607","JH378170","4783494","4783792","31","4347184"
"KN296541v1","441596","441889","JH378115","30864164","30864459","29","30422568"
"KN296541v1","485334","485426","JH378135","5259297","5259403","27","4773963"
"KN296541v1","513936","514244","JH378106","8193028","8193339","38","7679092"
"KN296541v1","517005","517062","JH378118","7486179","7486232","13","6969174"
"KN296541v1","766758","767052","JH378144","4377250","4377537","41","3610492"
"KN296541v1","775588","775875","JH378228","5509057","5509356","36","4733469"
"KN296541v1","797907","798017","JH378226","6172746","6172859","24","5374839"
"KN296541v1","813989","814286","JH378132","615034","615327","40","198955"
"KN296541v1","921751","922053","JH378112","34705212","34705516","55","33783461"
"KN296541v1","1008618","1008921","JH378118","4661774","4662076","39","3653156"
"KN296541v1","1020550","1020858","JH378320","58622","58932","42","961928"
"KN296541v1","1093425","1093732","JH378110","32975507","32975812","39","31882082"
"KN296541v1","1130202","1130513","JH378115","26640201","26640508","35","25509999"
"KN296541v1","1139150","1139463","JH378166","1276502","1276806","43","137352"
"KN296541v1","1303242","1303399","JH378132","18321139","18321287","20","17017897"
"KN296541v1","1390345","1390362","JH378111","33423149","33423167","6","32032804"
"KN296541v1","1390851","1391014","JH378264","1994533","1994695","23","603682"
"KN296541v1","1456040","1456324","JH378109","12384120","12384406","38","10928080"
"KN296541v1","1500001","1500079","JH378194","8973763","8973842","10","7473762"
"KN296541v1","1532855","1533051","JH378232","420548","420740","30","1112307"
"KN296541v1","1595726","1596024","JH378118","9593290","9593568","56","7997564"
"KN296541v1","1646157","1646455","JH378114","37036737","37037036","38","35390580"
"KN296541v1","1939976","1940267","JH378333","587605","587900","38","1352371"
"KN296541v1","2019193","2019496","JH378213","5393305","5393609","36","3374112"
"KN296541v1","2087034","2087316","JH378112","20832888","20833161","47","18745854"
"KN296541v1","2150426","2150720","JH378151","4318339","4318636","37","2167913"
"KN296541v1","2161219","2161481","JH378117","23289028","23289290","46","21127809"
"KN296541v1","2937327","2937411","JH378155","1590173","1590255","13","1347154"
"KN296541v1","2988623","2988873","JH378173","6043976","6044232","31","3055353"
"KN296541v1","2994128","2994440","JH378108","24058321","24058630","45","21064193"
"KN296541v1","3184793","3185090","JH378228","5509057","5509356","41","2324264"
"KN296541v1","3367521","3367859","JH378135","5659920","5660255","42","2292399"
"KN296541v1","3400900","3401196","JH378167","7969364","7969660","33","4568464"
"KN296541v1","3450228","3450516","JH378106","3052818","3053105","44","397410"
"KN296541v1","3612042","3612328","JH378142","18322987","18323264","40","14710945"
"KN296541v1","3635919","3636225","JH378123","16471386","16471687","54","12835467"
"KN296541v1","3646699","3646990","JH378176","9716970","9717264","33","6070271"
"KN296541v1","3661258","3661513","JH378151","8290347","8290596","34","4629089"
"KN296541v1","3663902","3664142","JH378153","10380000","10380247","36","6716098"
"KN296547v1","3200","3393","JH378183","8561624","8561809","29","8558424"
"KN296547v1","65079","65375","JH378173","4155896","4156193","31","4090817"
"KN296547v1","83546","83827","JH378165","3154108","3154386","48","3070562"
"KN296547v1","91927","92238","JH378126","21026752","21027059","37","20934825"
"KN296547v1","128613","128924","JH378117","25777274","25777576","44","25648661"
"KN296547v1","128926","129195","JH378173","1579561","1579827","48","1450635"
"KN296547v1","166015","166313","JH378116","28869529","28869826","28","28703514"
"KN296547v1","186231","186512","JH378143","6961082","6961362","40","6774851"
"KN296547v1","198993","199288","JH378105","69007642","69007934","38","68808649"
"KN296547v1","201908","202056","JH378170","4606482","4606611","29","4404574"
"KN296547v1","202415","202549","JH378151","3814039","3814167","18","3611624"
"KN296547v1","204054","204357","JH378130","10895986","10896291","42","10691932"
"KN296547v1","211008","211318","JH378112","31219960","31220265","35","31008952"
"KN296547v1","231726","232028","JH378308","1420623","1420924","32","1188897"
"KN296547v1","255504","255798","JH378122","10686670","10686967","37","10431166"
"KN296547v1","282494","282782","JH378197","1421270","1421558","33","1138776"
"KN296547v1","285477","285795","JH378186","8932365","8932674","49","8646888"
"KN296547v1","290466","290731","JH378157","7250539","7250813","41","6960073"
"KN296547v1","331481","331796","JH378115","26640201","26640508","40","26308720"
"KN296547v1","332239","332545","JH378236","733320","733615","40","401081"
"KN296547v1","346717","347025","JH378130","10895986","10896291","41","10549269"
"KN296547v1","378146","378453","JH378111","6779444","6779749","35","6401298"
"KN296547v1","410262","410566","JH378115","25570507","25570808","31","25160245"
"KN296547v1","428725","429026","JH378140","6602564","6602868","39","6173839"
"KN296547v1","480767","481023","JH378159","2225578","2225832","35","1744811"
"KN296547v1","490406","490708","JH378113","17735383","17735690","42","17244977"
"KN296547v1","501546","501771","JH378107","29794539","29794769","35","29292993"
"KN296547v1","513593","513911","JH378271","409005","409323","43","104588"
"KN296547v1","518641","518952","JH378156","9166475","9166782","32","8647834"
"KN296547v1","559140","559348","JH378135","3812376","3812583","25","3253236"
"KN296547v1","667530","667832","JH378176","8842985","8843290","31","8175455"
"KN296547v1","679344","679654","JH378108","50841323","50841633","44","50161979"
"KN296547v1","684820","685127","JH378115","34859185","34859494","36","34174365"
"KN296547v1","799026","799293","JH378203","6186181","6186453","33","5387155"
"KN296547v1","856064","856344","JH378114","29675067","29675349","34","28819003"
"KN296547v1","952071","952359","JH378157","13574679","13574975","45","12622608"
"KN296547v1","984494","984628","JH378145","11718946","11719070","23","10734452"
"KN296547v1","1055184","1055497","JH378105","54654842","54655153","34","53599658"
"KN296547v1","1118664","1118952","JH378153","12029258","12029552","37","10910594"
"KN296547v1","1162157","1162307","JH378108","47649185","47649333","27","46487028"
"KN296547v1","1196067","1196354","JH378149","12780936","12781227","40","11584869"
"KN296547v1","1249391","1249516","JH378107","50570713","50570838","12","49321322"
"KN296547v1","1469651","1469955","JH378115","25497952","25498257","41","24028301"
"KN296547v1","1481491","1481784","JH378220","2784017","2784313","40","1302526"
"KN296547v1","1512680","1512949","JH378255","943829","944096","33","568851"
"KN296547v1","1522144","1522437","JH378137","16865909","16866194","54","15343765"
"KN296547v1","1778574","1778843","JH378167","9524673","9524949","49","7746099"
"KN296547v1","2051962","2052271","JH378110","38852916","38853220","36","36800954"
"KN296547v1","2073276","2073563","JH378153","7392982","7393269","41","5319706"
"KN296547v1","2129429","2129708","JH378279","102782","103056","32","2026647"
"KN296547v1","2165067","2165331","JH378119","22503503","22503772","43","20338436"
"KN296549v1","25118","25406","JH378194","7568104","7568392","38","7542986"
"KN296550v1","12117","12347","JH378131","18116640","18116881","42","18104523"
"KN296550v1","16672","16976","JH378216","4518188","4518482","48","4501516"
"KN296551v1","23761","24044","JH378207","7640792","7641076","29","7617031"
"KN296551v1","54679","54972","JH378107","57325483","57325775","44","57270804"
"KN296551v1","154458","154691","AGCE01150955","1","234","27","154457"
"KN296551v1","185124","185423","JH378135","21474592","21474891","37","21289468"
"KN296551v1","218319","218610","JH378269","954236","954527","42","735917"
"KN296551v1","252684","252777","JH378173","2929055","2929145","15","2676371"
"KN296551v1","253081","253227","JH378115","33917344","33917495","27","33664263"
"KN296551v1","254378","254675","JH378220","2784017","2784313","39","2529639"
"KN296554v1","13482","13692","JH378147","2090667","2090877","25","2077185"
"KN296554v1","87191","87494","JH378159","837474","837769","42","750283"
"KN296555v1","1218","1511","JH378167","2386631","2386927","43","2385413"
"KN296555v1","1746","1867","JH378118","1088107","1088231","17","1086361"
"KN296555v1","170684","170989","JH378124","15582898","15583197","32","15412214"
"KN296557v1","3774","4076","JH378220","2784017","2784313","41","2780243"
"KN296557v1","10448","10759","JH378282","663203","663511","30","652755"
"KN296557v1","28590","28883","JH378220","2784017","2784313","43","2755427"
"KN296557v1","37224","37497","JH378112","34550752","34551027","30","34513528"
"KN296557v1","73309","73602","JH378183","2012402","2012693","46","1939093"
"KN296557v1","117566","117874","JH378193","8168133","8168441","29","8050567"
"KN296557v1","225262","225564","JH378151","7439461","7439762","34","7214199"
"KN296557v1","269916","270214","JH378128","1004987","1005285","32","735071"
"KN296557v1","300227","300533","JH378109","14635205","14635505","41","14334978"
"KN296557v1","309001","309313","JH378124","15558279","15558590","41","15249278"
"KN296557v1","351728","352033","JH378229","4616219","4616522","41","4264491"
"KN296557v1","368901","368975","JH378115","14169568","14169641","13","13800667"
"KN296557v1","376270","376580","JH378173","9055905","9056209","39","8679635"
"KN296557v1","389650","389939","JH378115","1101592","1101890","43","711942"
"KN296557v1","405967","406284","JH378139","11676377","11676684","45","11270410"
"KN296557v1","407251","407547","JH378126","21026752","21027059","36","20619501"
"KN296557v1","452983","453233","JH378144","16198935","16199190","43","15745952"
"KN296557v1","468178","468490","JH378145","10647108","10647417","41","10178930"
"KN296557v1","475121","475413","JH378229","2791774","2792064","42","2316653"
"KN296557v1","477457","477589","JH378115","30678513","30678646","18","30201056"
"KN296557v1","477590","477891","JH378124","6048303","6048605","36","5570713"
"KN296557v1","477892","478054","JH378144","10883493","10883655","22","10405601"
"KN296557v1","481799","482088","JH378111","11318230","11318514","45","10836431"
"KN296557v1","483162","483455","JH378141","12410737","12411017","66","11927575"
"KN296557v1","502180","502493","JH378223","4652121","4652436","51","4149941"
"KN296557v1","519248","519534","JH378179","7759487","7759774","32","7240239"
"KN296557v1","521974","522278","JH378105","54150095","54150392","38","53628121"
"KN296557v1","533955","534246","JH378127","11653984","11654276","32","11120029"
"KN296557v1","534288","534597","JH378227","2966528","2966836","37","2432240"
"KN296557v1","535747","536043","JH378112","21055636","21055930","32","20519889"
"KN296557v1","595943","596095","JH378267","1504815","1504970","22","908872"
"KN296557v1","601375","601580","JH378151","5515343","5515547","26","4913968"
"KN296557v1","612223","612526","JH378159","5493568","5493869","35","4881345"
"KN296557v1","671943","672246","JH378337","528897","529193","38","143046"
"KN296557v1","685068","685344","JH378109","25443481","25443755","39","24758413"
"KN296557v1","808966","809246","JH378139","9565692","9565973","35","8756726"
"KN296557v1","809512","809806","JH378151","13380446","13380741","32","12570934"
"KN296557v1","865821","866122","JH378113","28744295","28744597","31","27878474"
"KN296557v1","1006871","1007171","JH378144","7014110","7014412","37","6007239"
"KN296557v1","1078647","1078876","JH378158","13279710","13279942","39","12201063"
"KN296557v1","1113550","1113780","JH378137","18002246","18002473","52","16888696"
"KN296557v1","1124487","1124780","JH378139","15235758","15236059","36","14111271"
"KN296557v1","1134344","1134652","JH378139","18632207","18632516","41","17497863"
"KN296558v1","2831","3114","JH378106","36810640","36810921","42","36807809"
"KN296559v1","10734","11023","JH378105","21630016","21630306","32","21619282"
"KN296559v1","13094","13383","JH378105","21630016","21630306","32","21616922"
"KN296562v1","200652","200953","JH378263","9105","9404","45","191547"
"KN296562v1","274844","275086","JH378106","66052848","66053088","32","65778004"
"KN296563v1","17623","17913","JH378191","6177328","6177618","45","6159705"
"KN296563v1","142435","142731","JH378216","6814492","6814786","32","6672057"
"KN296563v1","157044","157357","JH378167","5351158","5351469","42","5194114"
"KN296563v1","162560","162857","JH378220","2784017","2784313","37","2621457"
"KN296564v1","52662","52957","JH378105","49136878","49137179","35","49084216"
"KN296564v1","103512","103751","JH378193","7906466","7906718","43","7802954"
"KN296569v1","25629","25929","JH378111","6187370","6187654","59","6161741"
"KN296569v1","157791","158092","JH378108","23280248","23280545","38","23122457"
"KN296569v1","302730","303049","JH378111","32787449","32787755","50","32484719"
"KN296569v1","396087","396398","JH378172","9566909","9567221","38","9170822"
"KN296569v1","545023","545304","JH378153","7392982","7393269","44","6847959"
"KN296572v1","29477","29644","JH378126","11296996","11297165","27","11267519"
"KN296572v1","226793","227092","JH378139","15235758","15236059","34","15008965"
"KN296573v1","11588","11675","JH378309","1184351","1184438","13","1172763"
"KN296577v1","24487","24769","JH378157","9676550","9676840","37","9652063"
"KN296577v1","79665","79963","JH378122","5646034","5646332","37","5566369"
"KN296577v1","84333","84632","JH378228","5509057","5509356","30","5424724"
"KN296577v1","120651","120796","JH378149","16186197","16186350","29","16065546"
"KN296577v1","128778","129083","JH378318","383117","383419","39","254339"
"KN296577v1","136020","136319","JH378139","18955642","18955939","43","18819622"
"KN296577v1","185925","186227","JH378118","24035771","24036068","39","23849846"
"KN296577v1","198712","199001","JH378157","9676550","9676840","34","9477838"
"KN296577v1","222786","223084","JH378170","4783494","4783792","27","4560708"
"KN296577v1","226362","226658","JH378300","21048","21349","30","205314"
"KN296577v1","228466","228762","JH378170","4783494","4783792","35","4555028"
"KN296577v1","231094","231401","JH378229","5039327","5039634","37","4808233"
"KN296577v1","241505","241800","JH378138","5380451","5380753","34","5138946"
"KN296577v1","273813","274114","JH378124","15582898","15583197","34","15309085"
"KN296577v1","281537","281843","JH378126","21026752","21027059","38","20745215"
"KN296577v1","306907","307160","JH378144","16198935","16199190","33","15892028"
"KN296577v1","346753","346845","JH378105","56741292","56741376","27","56394539"
"KN296577v1","353137","353435","JH378237","5697363","5697661","36","5344226"
"KN296577v1","404743","405031","JH378173","424887","425176","39","20144"
"KN296577v1","448721","448901","JH378105","36810531","36810713","35","36361810"
"KN296577v1","500352","500643","JH378105","21630016","21630306","33","21129664"
"KN296577v1","521529","521826","JH378293","1524576","1524874","36","1003047"
"KN296577v1","537650","537929","JH378140","14073854","14074132","37","13536204"
"KN296577v1","587712","588001","JH378724","3110","3399","46","584602"
"KN296577v1","616167","616470","JH378136","9087752","9088053","34","8471585"
"KN296577v1","633566","633862","JH378149","539268","539562","33","94298"
"KN296577v1","650560","650845","JH378220","2876294","2876590","36","2225734"
"KN296577v1","693878","694188","JH378320","58622","58932","36","635256"
"KN296577v1","754005","754284","JH378321","737708","737984","34","16297"
"KN296577v1","755782","756097","JH378112","1887202","1887507","57","1131420"
"KN296577v1","771338","771636","JH378108","20625679","20625975","33","19854341"
"KN296577v1","878990","879291","JH378159","5493568","5493869","31","4614578"
"KN296577v1","946408","946699","JH378105","38546959","38547253","31","37600551"
"KN296577v1","964088","964235","JH378105","10334415","10334566","31","9370327"
"KN296577v1","976602","976883","JH378115","15336273","15336553","34","14359671"
"KN296577v1","994739","995021","JH378184","8672964","8673247","35","7678225"
"KN296577v1","1015622","1015926","JH378137","4012884","4013190","32","2997262"
"KN296577v1","1018844","1019148","JH378126","21026752","21027059","34","20007908"
"KN296578v1","189506","189667","JH378110","37164642","37164804","19","36975136"
"KN296579v1","174997","175329","JH378234","15187","15512","54","159810"
"KN296579v1","201577","201862","JH378148","7299728","7300012","36","7098151"
"KN296579v1","290891","291165","JH378177","4823437","4823714","43","4532546"
"KN296579v1","394530","394857","JH378114","41668323","41668648","46","41273793"
"KN296580v1","2027","2331","JH378116","34449882","34450188","45","34447855"
"KN296580v1","41116","41409","JH378337","550926","551219","39","509810"
"KN296580v1","69406","69697","JH378159","15717599","15717893","36","15648193"
"KN296580v1","79104","79394","JH378194","2390312","2390602","37","2311208"
"KN296580v1","83754","83828","JH378113","22500001","22500079","9","22416247"
"KN296580v1","94772","95080","JH378167","5351158","5351469","36","5256386"
"KN296580v1","98063","98353","JH378141","15903477","15903768","32","15805414"
"KN296580v1","130098","130396","JH378167","10758551","10758838","50","10628453"
"KN296580v1","134443","134753","JH378225","6457829","6458137","39","6323386"
"KN296580v1","135998","136280","JH378116","10212009","10212295","33","10076011"
"KN296580v1","145593","145897","JH378288","1088673","1088973","30","943080"
"KN296580v1","149287","149590","JH378106","32310803","32311102","34","32161516"
"KN296580v1","209742","210043","JH378108","33814412","33814705","51","33604670"
"KN296580v1","238535","238845","JH378126","21026752","21027059","39","20788217"
"KN296580v1","263058","263397","JH378199","1497110","1497439","47","1234052"
"KN296580v1","450359","450658","JH378131","19339353","19339649","41","18888994"
"KN296580v1","453899","454192","JH378115","25570507","25570808","39","25116608"
"KN296580v1","489481","489773","JH378157","9676550","9676840","29","9187069"
"KN296580v1","516134","516421","JH378159","1426954","1427245","36","910820"
"KN296580v1","560878","561180","JH378113","19590708","19591007","38","19029830"
"KN296580v1","612648","612934","JH378142","12979191","12979481","37","12366543"
"KN296580v1","688362","688658","JH378105","33500896","33501193","43","32812534"
"KN296580v1","819904","819990","JH378305","1636812","1636898","10","816908"
"KN296580v1","836617","836888","JH378150","9545126","9545401","41","8708509"
"KN296580v1","850803","851096","JH378124","17702462","17702755","28","16851659"
"KN296580v1","865876","866011","JH378129","860497","860632","17","5379"
"KN296580v1","910508","910800","JH378150","19674","19965","47","890834"
"KN296580v1","982609","982921","JH378144","18392157","18392452","45","17409548"
"KN296580v1","1049430","1049741","JH378126","21026752","21027059","36","19977322"
"KN296580v1","1097759","1098069","JH378279","1785224","1785536","35","687465"
"KN296587v1","44979","45251","JH378105","36884891","36885163","35","36839912"
"KN296588v1","786316","786615","JH378288","1088673","1088973","34","302357"
"KN296588v1","3638","3946","JH378116","22231785","22232090","41","22228147"
"KN296588v1","119646","119942","JH378172","12613516","12613807","36","12493870"
"KN296588v1","128850","129017","JH378106","70456146","70456311","17","70327296"
"KN296588v1","141559","141736","JH378256","2265996","2266155","40","2124437"
"KN296588v1","188178","188456","JH378141","18104473","18104759","42","17916295"
"KN296588v1","194961","195267","JH378206","4086994","4087300","28","3892033"
"KN296588v1","303458","303784","JH378116","28869529","28869826","58","28566071"
"KN296588v1","312598","312827","JH378307","300905","301126","30","11693"
"KN296588v1","319438","319733","JH378113","14494455","14494748","37","14175017"
"KN296588v1","319894","320102","JH378220","656648","656857","32","336754"
"KN296588v1","322677","322990","JH378123","22693589","22693897","42","22370912"
"KN296588v1","366001","366303","JH378126","21026752","21027059","39","20660751"
"KN296588v1","373185","373486","JH378115","25570507","25570808","31","25197322"
"KN296588v1","394464","394772","JH378109","44566692","44566998","38","44172228"
"KN296588v1","478938","479218","JH378198","1596143","1596429","35","1117205"
"KN296588v1","681150","681424","JH378105","28856237","28856513","31","28175087"
"KN296588v1","684712","684846","JH378105","35789175","35789308","14","35104463"
"KN296588v1","756887","757195","JH378111","32787449","32787755","36","32030562"
"KN296588v1","762775","762939","JH378119","14516915","14517080","21","13754140"
"KN296588v1","781757","782068","JH378116","24645889","24646199","29","23864132"
"KN296588v1","821460","821769","JH378159","5493568","5493869","43","4672108"
"KN296588v1","867237","867517","JH378139","16259084","16259375","39","15391847"
"KN296588v1","878639","878931","JH378137","763710","764002","29","114929"
"KN296588v1","882100","882327","AGCE01150955","1","234","28","882099"
"KN296588v1","882424","882733","JH378130","237288","237587","39","645136"
"KN296588v1","891237","891513","JH378112","30984953","30985228","32","30093716"
"KN296588v1","931295","931609","JH378151","3515305","3515602","42","2584010"
"KN296588v1","933165","933465","JH378176","11224144","11224448","41","10290979"
"KN296588v1","948583","948899","JH378234","4844507","4844813","44","3895924"
"KN296588v1","953448","953700","JH378164","6445032","6445284","34","5491584"
"KN296588v1","979976","980272","JH378110","17880643","17880926","40","16900667"
"KN296588v1","982806","983113","JH378120","16327645","16327955","38","15344839"
"KN296588v1","992026","992335","JH378119","26110026","26110331","35","25118000"
"KN296588v1","1026729","1027039","JH378171","6181069","6181379","36","5154340"
"KN296588v1","1058189","1058497","JH378224","2769148","2769454","31","1710959"
"KN296588v1","1163468","1163719","JH378199","5146856","5147104","34","3983388"
"KN296588v1","1173150","1173460","JH378126","21026752","21027059","36","19853602"
"KN296588v1","1205998","1206306","JH378119","7191913","7192221","41","5985915"
"KN296588v1","1211828","1212135","JH378108","30731255","30731558","38","29519427"
"KN296588v1","1236938","1237242","JH378197","7145768","7146073","37","5908830"
"KN296588v1","1270227","1270537","JH378126","21026752","21027059","34","19756525"
"KN296588v1","1349283","1349580","JH378114","20788537","20788834","41","19439254"
"KN296588v1","1351207","1351462","JH378184","908210","908463","43","442997"
"KN296588v1","1504554","1504836","JH378109","13173597","13173880","38","11669043"
"KN296588v1","1507624","1507931","JH378302","1443544","1443846","39","64080"
"KN296588v1","1693327","1693611","JH378111","19524517","19524801","33","17831190"
"KN296588v1","1847400","1847679","JH378119","21236610","21236894","35","19389210"
"KN296588v1","1889425","1889736","JH378216","6707269","6707576","45","4817844"
"KN296588v1","1945514","1945823","JH378112","33214699","33215012","35","31269185"
"KN296588v1","2091896","2092207","JH378245","2888977","2889288","38","797081"
"KN296588v1","2127480","2127785","JH378163","13372336","13372629","43","11244856"
"KN296588v1","2134706","2135005","JH378153","12716303","12716599","38","10581597"
"KN296588v1","2135399","2135704","JH378255","1560098","1560402","43","575301"
"KN296588v1","2146771","2147051","JH378127","4904766","4905047","34","2757995"
"KN296588v1","2156834","2157124","JH378174","134401","134697","44","2022433"
"KN296588v1","2173035","2173332","JH378216","6814492","6814786","31","4641457"
"KN296588v1","2191520","2191828","JH378135","1910089","1910397","39","281431"
"KN296588v1","2232325","2232615","JH378139","16259084","16259375","34","14026759"
"KN296589v1","68590","68866","JH378279","102782","103056","43","34192"
"KN296589v1","72561","72850","JH378205","6545327","6545618","47","6472766"
"KN296589v1","95181","95489","JH378133","8480747","8481053","44","8385566"
"KN296589v1","96620","96928","JH378265","2306815","2307125","33","2210195"
"KN296589v1","97499","97804","JH378151","13413694","13413997","44","13316195"
"KN296589v1","105310","105618","JH378139","15235758","15236059","51","15130448"
"KN296589v1","133844","134120","JH378204","7525660","7525946","51","7391816"
"KN296589v1","159553","159789","JH378235","4579432","4579669","47","4419879"
"KN296589v1","178710","178997","JH378107","30010443","30010733","48","29831733"
"KN296589v1","197983","198291","JH378139","18632207","18632516","46","18434224"
"KN296589v1","214411","214716","JH378271","459308","459608","41","244897"
"KN296589v1","217050","217364","JH378195","643512","643820","45","426462"
"KN296589v1","225564","225869","JH378149","11057149","11057455","34","10831585"
"KN296589v1","230704","231015","JH378329","175662","175972","47","55042"
"KN296589v1","237693","237993","JH378288","1088673","1088973","38","850980"
"KN296589v1","241629","241923","JH378107","36992198","36992490","32","36750569"
"KN296589v1","251681","251766","JH378111","18962636","18962725","18","18710955"
"KN296589v1","256610","256894","JH378172","1257456","1257739","47","1000846"
"KN296589v1","261325","261628","JH378155","14935021","14935321","40","14673696"
"KN296589v1","284407","284674","JH378141","9311014","9311272","39","9026607"
"KN296589v1","303329","303602","JH378154","12141232","12141504","35","11837903"
"KN296589v1","308944","309242","JH378131","12942173","12942484","68","12633229"
"KN296589v1","318386","318682","JH378293","554052","554345","33","235666"
"KN296589v1","324041","324342","JH378126","23144534","23144834","36","22820493"
"KN296589v1","325102","325393","JH378149","13456174","13456477","51","13131072"
"KN296589v1","330352","330637","JH378111","11366607","11366890","40","11036255"
"KN296589v1","363858","364142","JH378106","10169760","10170049","40","9805902"
"KN296589v1","370171","370465","JH378220","2784017","2784313","37","2413846"
"KN296589v1","382292","382615","JH378115","22596502","22596818","62","22214210"
"KN296589v1","388625","388920","JH378196","3415439","3415736","43","3026814"
"KN296589v1","411188","411400","JH378235","5655329","5655537","28","5244141"
"KN296589v1","421117","421407","JH378149","14773909","14774195","42","14352792"
"KN296589v1","425242","425555","JH378129","11266854","11267159","43","10841612"
"KN296589v1","426450","426759","JH378167","5351158","5351469","36","4924708"
"KN296589v1","426792","427093","JH378110","19934311","19934616","38","19507519"
"KN296589v1","439841","440124","JH378139","3233443","3233725","37","2793602"
"KN296590v1","214505","214806","JH378117","8550730","8551031","34","8336225"
"KN296590v1","226119","226452","JH378118","33600547","33600879","56","33374428"
"KN296590v1","405728","406020","JH378163","2667861","2668158","33","2262133"
"KN296591v1","50552","50852","JH378170","4783494","4783792","46","4732942"
"KN296591v1","61552","61864","JH378290","1729694","1730001","52","1668142"
"KN296593v1","27431","27751","JH378118","23477784","23478095","48","23450353"
"KN296594v1","132086","132389","JH378106","6434398","6434702","35","6302312"
"KN296594v1","137465","137774","JH378206","4086994","4087300","40","3949529"
"KN296594v1","150614","150900","JH378123","48357","48656","47","102257"
"KN296594v1","159931","160231","JH378115","25570507","25570808","35","25410576"
"KN296594v1","163297","163609","JH378171","6181069","6181379","36","6017772"
"KN296594v1","170755","171056","JH378107","31770528","31770822","37","31599773"
"KN296594v1","178675","178964","JH378151","8381511","8381803","40","8202836"
"KN296594v1","178973","179291","JH378112","31641569","31641883","51","31462596"
"KN296594v1","195148","195449","JH378106","60843849","60844159","42","60648701"
"KN296594v1","215405","215531","JH378114","10909052","10909180","17","10693647"
"KN296594v1","216391","216696","JH378106","60843849","60844159","46","60627458"
"KN296594v1","230337","230640","JH378127","13091300","13091611","52","12860963"
"KN296594v1","235499","235803","JH378109","43218682","43218983","34","42983183"
"KN296594v1","237301","237548","JH378125","7358700","7358942","26","7121399"
"KN296594v1","240093","240223","JH378152","6119507","6119640","16","5879414"
"KN296594v1","282762","282989","JH378151","7149014","7149247","47","6866252"
"KN296594v1","282994","283229","JH378106","6996510","6996755","40","6713516"
"KN296594v1","288216","288485","JH378227","2948320","2948591","48","2660104"
"KN296594v1","294923","295241","JH378105","61821068","61821378","43","61526145"
"KN296594v1","367491","367780","JH378199","1071038","1071332","40","703547"
"KN296594v1","379227","379525","JH378115","25570507","25570808","42","25191280"
"KN296594v1","432288","432613","JH378109","18091938","18092250","49","17659650"
"KN296594v1","442468","442757","JH378169","6135901","6136187","37","5693433"
"KN296594v1","506553","506857","JH378115","26640201","26640508","38","26133648"
"KN296594v1","697163","697297","JH378113","9915860","9915990","18","9218697"
"KN296594v1","801884","802074","JH378120","27340428","27340622","19","26538544"
"KN296594v1","858843","859148","JH378123","497003","497309","34","361840"
"KN296594v1","880210","880520","JH378113","6613006","6613316","37","5732796"
"KN296594v1","891867","892176","JH378106","6434398","6434702","40","5542531"
"KN296594v1","929632","929729","JH378328","23061","23156","16","906571"
"KN296594v1","991084","991358","JH378144","1448431","1448705","45","457347"
"KN296594v1","1029282","1029441","JH378118","2494374","2494532","20","1465092"
"KN296594v1","1035329","1035638","JH378105","23955669","23955975","37","22920340"
"KN296594v1","1082388","1082679","JH378176","9178067","9178359","36","8095679"
"KN296594v1","1118839","1119150","JH378139","18632207","18632516","39","17513368"
"KN296594v1","1131194","1131503","JH378279","2687810","2688114","45","1556616"
"KN296594v1","1136368","1136633","JH378137","19665081","19665344","44","18528713"
"KN296594v1","1218046","1218377","JH378173","150628","150966","51","1067418"
"KN296594v1","1222290","1222600","JH378202","8290891","8291200","37","7068601"
"KN296594v1","1229324","1229489","JH378118","14815054","14815222","22","13585730"
"KN296594v1","1247129","1247436","JH378185","1458413","1458719","34","211284"
"KN296596v1","27039","27347","JH378126","744106","744408","40","717067"
"KN296596v1","53514","53807","JH378110","39706997","39707294","32","39653483"
"KN296596v1","97516","97673","JH378179","6015121","6015274","26","5917605"
"KN296596v1","210613","210916","JH378265","2263256","2263553","36","2052643"
"KN296599v1","134811","135088","JH378106","6552028","6552306","39","6417217"
"KN296599v1","208310","208614","JH378132","10267094","10267405","50","10058784"
"KN296599v1","292802","293105","JH378159","5493568","5493869","38","5200766"
"KN296599v1","327066","327372","JH378288","1088673","1088973","37","761607"
"KN296606v1","15265","15561","JH378119","6124403","6124708","43","6109138"
"KN296606v1","89834","90129","JH378114","20255153","20255446","39","20165319"
"KN296606v1","114188","114501","JH378126","21026752","21027059","33","20912564"
"KN296606v1","140337","140588","JH378167","6546492","6546738","38","6406155"
"KN296606v1","142756","143061","JH378130","3249020","3249323","35","3106264"
"KN296607v1","17418","17722","JH378149","11057149","11057455","33","11039731"
"KN296608v1","1","98","JH378262","2749756","2749855","21","2749755"
"KN296608v1","150383","150665","JH378288","933022","933305","33","782639"
"KN296608v1","198265","198559","JH378205","5080625","5080919","38","4882360"
"KN296608v1","200117","200420","JH378116","28869529","28869826","42","28669412"
"KN296608v1","200566","200866","JH378125","5890386","5890685","40","5689820"
"KN296608v1","204667","204967","JH378133","22138850","22139145","35","21934183"
"KN296608v1","210515","210813","JH378288","1088673","1088973","31","878158"
"KN296608v1","234352","234652","JH378108","54706929","54707230","39","54472577"
"KN296608v1","272752","273054","JH378169","5188779","5189082","34","4916027"
"KN296608v1","351096","351385","JH378162","8321287","8321581","37","7970191"
"KN296608v1","406600","406795","JH378122","8072140","8072338","22","7665540"
"KN296608v1","624945","625254","JH378149","15914810","15915120","40","15289865"
"KN296608v1","629513","629749","JH378112","16464532","16464763","43","15835019"
"KN296609v1","93533","93839","JH378255","1550263","1550570","32","1456730"
"KN296609v1","103559","103861","JH378129","1823888","1824188","41","1720329"
"KN296609v1","176476","176766","JH378130","11181958","11182244","46","11005482"
"KN296609v1","216568","216858","JH378106","6826425","6826714","37","6609857"
"KN296609v1","238654","238936","JH378114","20276504","20276786","30","20037850"
"KN296609v1","280696","280994","JH378293","1524576","1524874","30","1243880"
"KN296609v1","290675","290974","JH378110","10833476","10833772","37","10542801"
"KN296609v1","302039","302347","JH378113","6692573","6692881","43","6390534"
"KN296609v1","308246","308529","JH378149","11180138","11180421","33","10871892"
"KN296609v1","322199","322453","JH378186","5506780","5507032","40","5184581"
"KN296609v1","327242","327553","JH378167","5351158","5351469","34","5023916"
"KN296609v1","344534","344809","JH378151","16523870","16524149","39","16179336"
"KN296609v1","357164","357472","JH378126","21026752","21027059","40","20669588"
"KN296609v1","421272","421570","JH378225","4269590","4269892","42","3848318"
"KN296609v1","422960","423266","JH378201","3365351","3365648","45","2942391"
"KN296609v1","433787","434084","JH378113","11419757","11420052","32","10985970"
"KN296609v1","464560","464858","JH378108","7891342","7891635","39","7426782"
"KN296609v1","470545","470842","JH378116","28869529","28869826","29","28398984"
"KN296609v1","471994","472335","JH378139","11329312","11329640","52","10857318"
"KN296609v1","475355","475635","JH378120","1221709","1221979","46","746354"
"KN296609v1","476866","477167","JH378113","14455819","14456118","41","13978953"
"KN296609v1","545729","546036","JH378115","25041145","25041450","43","24495416"
"KN296609v1","548409","548662","JH378108","23565898","23566144","40","23017489"
"KN296609v1","551677","551977","JH378124","15582898","15583197","32","15031221"
"KN296609v1","552998","553301","JH378127","19048485","19048788","30","18495487"
"KN296609v1","655789","655947","JH378284","550595","550752","24","105194"
"KN296609v1","660757","661050","JH378290","2413872","2414163","32","1753115"
"KN296609v1","662067","662351","JH378137","17271511","17271797","40","16609444"
"KN296609v1","662378","662405","JH378222","6581835","6581856","10","5919457"
"KN296609v1","683476","683787","JH378110","12146106","12146409","45","11462630"
"KN296609v1","705779","706068","JH378110","39706997","39707294","37","39001218"
"KN296609v1","722762","723082","JH378199","7652610","7652923","43","6929848"
"KN296609v1","792595","792885","JH378112","35855394","35855682","35","35062799"
"KN296609v1","794002","794310","JH378115","26640201","26640508","44","25846199"
"KN296609v1","827260","827563","JH378113","14455819","14456118","39","13628559"
"KN296609v1","853584","853742","JH378142","4132415","4132571","27","3278831"
"KN296609v1","878940","879250","JH378167","5351158","5351469","34","4472218"
"KN296609v1","881732","882046","JH378320","58622","58932","50","823110"
"KN296609v1","929900","930236","JH378118","17703617","17703951","51","16773717"
"KN296609v1","1005074","1005351","JH378110","24981494","24981772","41","23976420"
"KN296609v1","1064851","1065150","JH378139","10082446","10082743","40","9017595"
"KN296609v1","1104036","1104352","JH378145","3311986","3312295","42","2207950"
"KN296609v1","1131625","1131903","JH378114","32390537","32390820","32","31258912"
"KN296609v1","1148596","1148898","JH378257","87786","88089","34","1060810"
"KN296609v1","1180658","1180939","JH378180","151420","151702","33","1029238"
"KN296609v1","1227620","1227698","JH378134","18656517","18656595","13","17428897"
"KN296609v1","1240048","1240364","JH378167","5351158","5351469","40","4111110"
"KN296609v1","1248140","1248440","JH378148","7080481","7080778","33","5832341"
"KN296609v1","1258763","1259070","JH378197","7145768","7146073","37","5887005"
"KN296609v1","1273052","1273306","JH378225","6355577","6355829","28","5082525"
"KN296609v1","1293263","1293565","JH378123","491683","491985","35","801580"
"KN296609v1","1319895","1320181","JH378106","10066310","10066596","34","8746415"
"KN296609v1","1320597","1320884","JH378108","9921729","9922024","50","8601132"
"KN296609v1","1329390","1329680","JH378135","3624002","3624295","40","2294612"
"KN296609v1","1338540","1338843","JH378226","6269505","6269810","41","4930965"
"KN296609v1","1341875","1342186","JH378108","43842538","43842851","42","42500663"
"KN296609v1","1512991","1513284","JH378121","29566176","29566469","31","28053185"
"KN296609v1","1534528","1534823","JH378125","17186392","17186688","33","15651864"
"KN296609v1","1545858","1546176","JH378106","41663866","41664176","45","40118008"
"KN296609v1","1634737","1635040","JH378115","15363685","15363985","46","13728948"
"KN296609v1","1775959","1776260","JH378282","2180643","2180942","40","404684"
"KN296609v1","2004310","2004634","JH378126","21026752","21027059","41","19022442"
"KN296609v1","2024793","2025088","JH378148","7203966","7204268","35","5179173"
"KN296609v1","2035740","2036037","JH378229","1668699","1668994","54","367041"
"KN296609v1","2038078","2038381","JH378172","11284989","11285296","36","9246911"
"KN296609v1","2042982","2043245","JH378111","38906920","38907180","37","36863938"
"KN296609v1","2055658","2055931","JH378190","6810578","6810852","46","4754920"
"KN296609v1","2078266","2078576","JH378157","11279720","11280030","37","9201454"
"KN296609v1","2094461","2094744","JH378152","12357574","12357862","39","10263113"
"KN296609v1","2107561","2107849","JH378231","4312542","4312824","31","2204981"
"KN296609v1","2130339","2130641","JH378114","31665064","31665366","39","29534725"
"KN296609v1","2132173","2132479","JH378126","21026752","21027059","37","18894579"
"KN296609v1","2178839","2179110","JH378225","6359570","6359824","49","4180731"
"KN296609v1","2217936","2218230","JH378105","4325405","4325701","39","2107469"
"KN296609v1","2222573","2222858","JH378107","29724391","29724680","35","27501818"
"KN296609v1","2223345","2223486","JH378112","28612475","28612611","19","26389130"
"KN296609v1","2274442","2274521","JH378130","3360710","3360792","13","1086268"
"KN296609v1","2277391","2277706","JH378156","11830253","11830572","46","9552862"
"KN296609v1","2350210","2350519","JH378122","14416899","14417197","53","12066689"
"KN296609v1","2351792","2351957","JH378115","35387124","35387288","18","33035332"
"KN296609v1","2467674","2468012","JH378118","17703617","17703951","46","15235943"
"KN296609v1","2601371","2601681","JH378290","1943125","1943433","40","658246"
"KN296609v1","2702117","2702416","JH378139","4959028","4959324","44","2256911"
"KN296609v1","2769920","2770210","JH378124","10835797","10836078","39","8065877"
"KN296609v1","2787626","2787925","JH378271","987885","988190","36","1799741"
"KN296609v1","2848295","2848600","JH378125","23628961","23629251","48","20780666"
"KN296609v1","3000600","3000881","AGCE01150543","1","288","33","3000599"
"KN296609v1","3045809","3046100","JH378115","28712376","28712673","43","25666567"
"KN296609v1","3093340","3093640","JH378288","1088673","1088973","38","2004667"
"KN296609v1","3114679","3114969","JH378135","4755497","4755792","40","1640818"
"KN296609v1","3116237","3116532","JH378121","16419455","16419752","41","13303218"
"KN296609v1","3119958","3120280","JH378189","1797420","1797734","36","1322538"
"KN296611v1","2509","2633","JH378319","112544","112667","14","110035"
"KN296611v1","9852","10009","JH378105","16504718","16504877","22","16494866"
"KN296611v1","18728","19024","JH378124","15582898","15583197","38","15564170"
"KN296611v1","27725","28031","JH378161","1776447","1776748","34","1748722"
"KN296614v1","1274","1573","JH378296","1500608","1500907","29","1499334"
"KN296614v1","54215","54522","JH378118","24374217","24374525","36","24320002"
"KN296615v1","69692","70024","JH378105","68337706","68338028","59","68268014"
"KN296615v1","134602","134917","JH378175","3020455","3020758","52","2885853"
"KN296616v1","97558","97867","JH378110","29407125","29407428","37","29309567"
"KN296616v1","192575","192858","JH378114","20276504","20276786","37","20083929"
"KN296618v1","10993","11312","JH378175","2393054","2393375","44","2382061"
"KN296619v1","2241","2536","JH378149","539268","539562","30","537027"
"KN296620v1","671","826","JH378106","9900533","9900684","20","9899862"
"KN296620v1","9006","9298","JH378108","42296533","42296820","33","42287527"
"KN296620v1","13498","13787","JH378179","1850781","1851073","28","1837283"
"KN296620v1","178613","178824","JH378125","15470787","15470993","30","15292174"
"KN296620v1","187454","187741","JH378109","37031903","37032195","39","36844449"
"KN296620v1","205959","206261","JH378273","310062","310361","36","104103"
"KN296620v1","237573","237876","JH378110","38574281","38574582","35","38336708"
"KN296620v1","278127","278436","JH378120","16327645","16327955","42","16049518"
"KN296620v1","415633","415934","JH378124","15582898","15583197","35","15167265"
"KN296620v1","609479","609779","JH378158","902017","902317","31","292538"
"KN296620v1","694370","694566","JH378109","1437207","1437400","33","742837"
"KN296620v1","713739","714031","JH378167","8141531","8141823","29","7427792"
"KN296620v1","724569","724869","JH378107","57325483","57325775","38","56600914"
"KN296620v1","728090","728400","JH378163","14185585","14185895","35","13457495"
"KN296620v1","766756","767067","JH378308","528094","528397","49","238662"
"KN296620v1","855118","855204","JH378241","711542","711628","10","143576"
"KN296620v1","913148","913438","JH378151","14844192","14844489","34","13931044"
"KN296620v1","926844","927141","JH378204","2935067","2935361","42","2008223"
"KN296620v1","932108","932403","JH378130","7315282","7315582","41","6383174"
"KN296620v1","945981","946270","JH378197","6211871","6212154","47","5265890"
"KN296620v1","954820","955119","JH378288","1088673","1088973","32","133853"
"KN296620v1","986585","986891","JH378115","33116112","33116419","34","32129527"
"KN296620v1","1004946","1005250","JH378126","21026752","21027059","34","20021806"
"KN296620v1","1020281","1020582","JH378149","4766604","4766904","38","3746323"
"KN296620v1","1036950","1037240","JH378139","16259084","16259375","38","15222134"
"KN296620v1","1092221","1092520","JH378137","4003210","4003509","29","2910989"
"KN296620v1","1103699","1103966","JH378112","30984953","30985228","39","29881254"
"KN296620v1","1120846","1121154","JH378130","1202684","1202989","33","81838"
"KN296620v1","1134592","1134902","JH378132","2060832","2061134","45","926240"
"KN296620v1","1145798","1146111","JH378298","1183206","1183517","38","37408"
"KN296622v1","218283","218564","JH378116","11945477","11945758","40","11727194"
"KN296622v1","256361","256666","JH378124","1688201","1688505","40","1431840"
"KN296622v1","460021","460347","JH378129","10853809","10854123","56","10393788"
"KN296623v1","786405","786712","JH378176","10466778","10467084","40","9680373"
"KN296623v1","154177","154487","JH378206","4086994","4087300","42","3932817"
"KN296623v1","187752","188059","JH378110","17810101","17810407","39","17622349"
"KN296623v1","199453","199759","JH378115","23201999","23202310","36","23002546"
"KN296623v1","221512","221750","JH378111","45172432","45172683","53","44950920"
"KN296623v1","315931","316193","JH378139","10412496","10412760","33","10096565"
"KN296623v1","338428","338728","JH378107","32029619","32029921","36","31691191"
"KN296623v1","637345","637651","JH378197","7145768","7146073","33","6508423"
"KN296623v1","733824","734112","JH378194","2390312","2390602","31","1656488"
"KN296623v1","837911","838180","JH378248","3312090","3312360","39","2474179"
"KN296623v1","838231","838249","JH378111","33423149","33423167","6","32584918"
"KN296625v1","870","1168","JH378151","14166419","14166719","36","14165549"
"KN296625v1","34454","34752","JH378129","2668359","2668650","46","2633905"
"KN296625v1","105537","105848","JH378120","16327645","16327955","36","16222108"
"KN296625v1","247183","247494","JH378119","6124403","6124708","32","5877220"
"KN296625v1","274800","274908","JH378122","13072275","13072381","13","12797475"
"KN296625v1","359057","359359","JH378288","1088673","1088973","30","729616"
"KN296625v1","403869","404182","JH378112","33214699","33215012","28","32810830"
"KN296625v1","428734","429037","JH378153","6272029","6272332","35","5843295"
"KN296625v1","463629","463926","JH378106","69239155","69239449","30","68775526"
"KN296625v1","510937","511244","JH378279","1785224","1785536","40","1274287"
"KN296630v1","80869","81015","JH378136","17920307","17920454","23","17839438"
"KN296630v1","81061","81088","JH378105","31065877","31065908","8","30984816"
"KN296634v1","480570","480871","JH378153","4905997","4906290","44","4425427"
"KN296634v1","527823","528103","JH378114","21125192","21125472","39","20597369"
"KN296634v1","571889","572185","JH378124","15582898","15583197","37","15011009"
"KN296634v1","806892","807198","JH378126","21026752","21027059","36","20219860"
"KN296634v1","882809","883106","JH378124","15582898","15583197","37","14700089"
"KN296634v1","1050136","1050455","JH378119","21386227","21386536","45","20336091"
"KN296634v1","1306399","1306700","JH378107","7568037","7568336","28","6261638"
"KN296634v1","1395484","1395789","JH378197","7145768","7146073","41","5750284"
"KN296634v1","1521087","1521398","JH378138","16926173","16926474","39","15405086"
"KN296634v1","1583581","1583863","JH378127","10291336","10291619","34","8707755"
"KN296634v1","1642986","1643305","JH378172","11284989","11285296","47","9642003"
"KN296634v1","1646551","1646838","JH378105","54150095","54150392","38","52503544"
"KN296635v1","1572654","1572962","JH378113","6692573","6692881","39","5119919"
"KN296635v1","35387","35698","JH378171","6181069","6181379","42","6145682"
"KN296635v1","306373","306676","JH378279","2519466","2519771","37","2213093"
"KN296635v1","508271","508561","JH378144","7235841","7236134","38","6727570"
"KN296635v1","556850","557019","JH378173","8564269","8564432","29","8007419"
"KN296635v1","846721","846880","JH378105","36101051","36101213","23","35254330"
"KN296635v1","1046508","1046811","JH378170","4783494","4783792","34","3736986"
"KN296635v1","1124710","1125011","JH378169","9325308","9325608","36","8200598"
"KN296635v1","1137567","1137876","JH378197","7145768","7146073","28","6008201"
"KN296635v1","1202327","1202645","JH378112","20327070","20327378","46","19124743"
"KN296635v1","1207284","1207594","JH378105","51520751","51521062","29","50313467"
"KN296635v1","1340949","1341252","JH378228","5509057","5509356","34","4168108"
"KN296635v1","1431179","1431477","JH378125","15893280","15893581","34","14462101"
"KN296635v1","1465842","1466132","JH378137","2575366","2575654","37","1109524"
"KN296635v1","1594917","1595197","JH378112","34550752","34551027","38","32955835"
"KN296635v1","1702681","1703015","JH378118","17703617","17703951","46","16000936"
"KN296635v1","1749547","1749849","JH378153","12999289","12999592","35","11249742"
"KN296635v1","1760604","1760916","JH378289","2125754","2126067","39","365150"
"KN296635v1","1763261","1763594","JH378108","39655253","39655578","58","37891992"
"KN296635v1","1769123","1769424","JH378127","15465180","15465479","39","13696057"
"KN296635v1","1782097","1782400","JH378127","9058620","9058921","50","7276523"
"KN296635v1","1806201","1806487","JH378246","2154157","2154450","33","347956"
"KN296635v1","1813788","1814121","JH378144","6107387","6107706","49","4293599"
"KN296635v1","1820965","1821256","JH378327","121222","121511","47","1699743"
"KN296635v1","1828967","1829245","JH378151","5187257","5187539","41","3358290"
"KN296635v1","1831794","1832090","JH378133","22138850","22139145","37","20307056"
"KN296635v1","1853637","1853926","JH378139","16259084","16259375","51","14405447"
"KN296635v1","1855052","1855356","JH378163","12749329","12749632","35","10894277"
"KN296635v1","1858972","1859262","JH378199","812200","812492","41","1046772"
"KN296635v1","1860364","1860667","JH378114","37036188","37036491","42","35175824"
"KN296635v1","1893469","1893777","JH378181","4962993","4963298","30","3069524"
"KN296635v1","1919677","1919970","JH378107","57888255","57888550","31","55968578"
"KN296635v1","1927651","1927931","JH378251","3769393","3769679","41","1841742"
"KN296635v1","1930605","1930879","JH378176","9320416","9320703","51","7389811"
"KN296635v1","1937833","1938130","JH378137","8756749","8757045","37","6818916"
"KN296635v1","1979671","1979843","JH378119","21901301","21901473","22","19921630"
"KN296635v1","2002462","2002770","JH378216","6474633","6474943","35","4472171"
"KN296635v1","2038480","2038776","JH378131","18080937","18081235","42","16042457"
"KN296635v1","2046309","2046601","JH378149","1400224","1400513","27","646085"
"KN296635v1","2063678","2063978","JH378129","10258595","10258896","32","8194917"
"KN296635v1","2081011","2081283","JH378115","14283522","14283794","40","12202511"
"KN296635v1","2095073","2095370","JH378114","38990399","38990696","35","36895326"
"KN296635v1","2099036","2099310","JH378165","4768254","4768525","33","2669218"
"KN296635v1","2149760","2150065","JH378126","21026752","21027059","32","18876992"
"KN296635v1","2157407","2157523","JH378196","7560286","7560402","11","5402879"
"KN296635v1","2158130","2158287","JH378206","1193722","1193880","18","964408"
"KN296635v1","2187864","2188174","JH378284","1163902","1164203","38","1023962"
"KN296635v1","2240349","2240512","JH378115","35387124","35387288","17","33146775"
"KN296635v1","2243455","2243766","JH378186","3771716","3772027","35","1528261"
"KN296635v1","2245116","2245407","JH378170","4783494","4783792","39","2538378"
"KN296635v1","2255398","2255706","JH378151","15909939","15910244","38","13654541"
"KN296635v1","2260232","2260540","JH378108","30731255","30731558","31","28471023"
"KN296635v1","2280042","2280368","JH378135","1042676","1042987","45","1237366"
"KN296635v1","2281767","2282085","JH378146","149691","150003","48","2132076"
"KN296635v1","2282086","2282398","JH378113","6613006","6613316","51","4330920"
"KN296635v1","2283199","2283449","JH378213","4901803","4902050","40","2618604"
"KN296635v1","2295280","2295585","JH378125","15893280","15893581","35","13598000"
"KN296635v1","2302639","2302934","JH378197","7145768","7146073","41","4843129"
"KN296635v1","2309015","2309302","JH378158","2897938","2898230","32","588923"
"KN296635v1","2314328","2314619","JH378206","6600635","6600925","38","4286307"
"KN296635v1","2321166","2321465","JH378124","15582898","15583197","32","13261732"
"KN296635v1","2333103","2333204","JH378126","24115264","24115364","12","21782161"
"KN296635v1","2333697","2333996","JH378293","1715995","1716289","47","617702"
"KN296635v1","2336151","2336421","JH378182","9240926","9241205","38","6904775"
"KN296635v1","2339416","2339716","JH378153","7392982","7393269","53","5053566"
"KN296635v1","2348068","2348374","JH378164","7826302","7826608","37","5478234"
"KN296635v1","2351006","2351315","JH378105","16185643","16185953","33","13834637"
"KN296635v1","2368348","2368624","JH378106","40681909","40682181","48","38313561"
"KN296635v1","2377412","2377720","JH378281","2950232","2950541","43","572820"
"KN296635v1","2421900","2422202","JH378105","3626285","3626588","31","1204385"
"KN296635v1","2443244","2443526","JH378211","2592351","2592637","37","149107"
"KN296635v1","2444864","2445164","JH378107","7568037","7568336","36","5123173"
"KN296635v1","2451766","2452055","JH378141","18104473","18104759","34","15652707"
"KN296635v1","2468511","2468822","JH378189","160536","160847","43","2307975"
"KN296635v1","2475564","2475878","JH378120","16327645","16327955","38","13852081"
"KN296635v1","2485497","2485780","JH378184","6063296","6063578","38","3577799"
"KN296635v1","2494080","2494380","JH378125","15893280","15893581","46","13399200"
"KN296635v1","2558115","2558406","JH378166","9971448","9971740","38","7413333"
"KN296635v1","2570051","2570346","JH378190","5105203","5105498","34","2535152"
"KN296635v1","2584470","2584740","JH378136","13188046","13188317","39","10603576"
"KN296635v1","2605732","2605990","JH378255","2426368","2426635","52","179364"
"KN296635v1","2628547","2628828","JH378107","27056287","27056566","34","24427740"
"KN296635v1","2682292","2682583","JH378105","33992488","33992780","41","31310196"
"KN296635v1","2792778","2793086","JH378114","36293989","36294293","41","33501211"
"KN296635v1","2823568","2823866","JH378257","87786","88089","35","2735782"
"KN296635v1","2852975","2853287","JH378108","17949913","17950223","36","15096938"
"KN296635v1","2872630","2872792","JH378125","3205678","3205834","28","333048"
"KN296635v1","2873094","2873233","JH378252","3475914","3476049","22","602820"
"KN296635v1","2902396","2902693","JH378228","5509057","5509356","40","2606661"
"KN296635v1","2956234","2956465","JH378145","2527450","2527683","34","428784"
"KN296635v1","3010893","3011153","JH378119","21452623","21452886","33","18441730"
"KN296635v1","3047693","3048001","JH378115","25041145","25041450","37","21993452"
"KN296635v1","3065890","3066197","JH378185","841607","841910","32","2224283"
"KN296635v1","3084678","3084981","JH378149","3565481","3565785","33","480803"
"KN296635v1","3353132","3353475","JH378141","14300632","14300943","63","10947500"
"KN296635v1","3362315","3362612","JH378105","54150095","54150392","34","50787780"
"KN296635v1","3375845","3376162","JH378118","32503415","32503740","59","29127570"
"KN296635v1","3394504","3394807","JH378138","5380451","5380753","30","1985947"
"KN296635v1","3430013","3430246","JH378144","538465","538698","40","2891548"
"KN296635v1","3435198","3435502","JH378138","5380451","5380753","36","1945253"
"KN296635v1","3440063","3440191","JH378157","9090175","9090305","11","5650112"
"KN296635v1","3441426","3441709","JH378279","10481","10769","48","3430945"
"KN296635v1","3443792","3444076","JH378155","10063744","10064026","39","6619952"
"KN296635v1","3489484","3489773","JH378127","15652504","15652797","41","12163020"
"KN296635v1","3492686","3492981","JH378111","42787057","42787349","56","39294371"
"KN296635v1","3518284","3518561","JH378131","19315286","19315566","32","15797002"
"KN296635v1","3527351","3527524","JH378105","7989357","7989531","23","4462006"
"KN296635v1","3536350","3536653","JH378213","5393305","5393609","30","1856955"
"KN296635v1","3539572","3539699","JH378110","40420842","40420968","15","36881270"
"KN296635v1","3540617","3540926","JH378156","6226028","6226337","43","2685411"
"KN296635v1","3617280","3617569","JH378153","7392982","7393269","32","3775702"
"KN296635v1","3624145","3624450","JH378113","19565108","19565421","45","15940963"
"KN296635v1","3646295","3646604","JH378115","25041145","25041450","34","21394850"
"KN296635v1","3663015","3663300","JH378112","35063777","35064058","35","31400762"
"KN296635v1","3775342","3775629","JH378216","6814492","6814786","34","3039150"
"KN296635v1","3784474","3784748","JH378139","9565692","9565973","34","5781218"
"KN296635v1","3788612","3788841","JH378201","7319002","7319229","32","3530390"
"KN296635v1","3791605","3791911","JH378137","14554585","14554893","34","10762980"
"KN296635v1","3801967","3802262","JH378184","217403","217697","36","3584564"
"KN296635v1","3802587","3802766","JH378114","12376350","12376528","25","8573763"
"KN296635v1","3832417","3832714","JH378106","1255495","1255784","30","2576922"
"KN296635v1","3835664","3835939","JH378112","20832888","20833161","36","16997224"
"KN296635v1","4358734","4359018","JH378157","11837100","11837379","30","7478366"
"KN296635v1","4373658","4373953","JH378252","1225352","1225646","41","3148306"
"KN296635v1","4441595","4441895","JH378114","31670723","31671027","43","27229128"
"KN296635v1","4517867","4518151","JH378238","696451","696731","38","3821416"
"KN296635v1","4539462","4539757","JH378130","23894721","23895016","40","19355259"
"KN296635v1","4707724","4708019","JH378108","44765901","44766199","43","40058177"
"KN296635v1","4829233","4829525","JH378110","35718840","35719141","44","30889607"
"KN296635v1","4842210","4842517","JH378106","59688577","59688884","43","54846367"
"KN296635v1","4851063","4851360","JH378108","26230944","26231241","39","21379881"
"KN296635v1","5013636","5013937","JH378141","2643729","2644029","31","2369907"
"KN296635v1","5053043","5053301","JH378163","13533748","13534002","40","8480705"
"KN296635v1","5082733","5083031","JH378170","4783494","4783792","33","299239"
"KN296635v1","5115630","5115778","JH378312","242925","243080","31","4872705"
"KN296635v1","5148438","5148734","JH378127","18566293","18566586","40","13417855"
"KN296635v1","5154197","5154484","JH378212","3107106","3107391","45","2047091"
"KN296635v1","5183748","5184051","JH378125","15893280","15893581","31","10709532"
"KN296635v1","5293434","5293734","JH378170","4783494","4783792","32","509940"
"KN296635v1","5294725","5295035","JH378248","3989732","3990043","37","1304993"
"KN296635v1","5295613","5295913","JH378133","22641189","22641484","42","17345576"
"KN296635v1","5331448","5331741","JH378149","539268","539562","37","4792180"
"KN296635v1","5402390","5402701","JH378126","21026752","21027059","38","15624362"
"KN296635v1","5415759","5415849","JH378229","4004880","4004970","14","1410879"
"KN296635v1","5486174","5486480","JH378107","32029619","32029921","35","26543445"
"KN296637v1","78033","78331","JH378127","12508051","12508352","40","12430018"
"KN296637v1","484852","485153","JH378146","15879310","15879613","50","15394458"
"KN296637v1","528568","528823","JH378196","127853","128106","31","400715"
"KN296637v1","650861","651173","JH378115","34859185","34859494","38","34208324"
"KN296637v1","661399","661703","JH378111","32787449","32787755","30","32126050"
"KN296637v1","753979","754211","JH378227","2831973","2832205","30","2077994"
"KN296637v1","804649","804943","JH378127","7904227","7904515","55","7099578"
"KN296637v1","851806","852112","JH378253","315934","316240","37","535872"
"KN296638v1","38576","38820","JH378171","1354455","1354697","44","1315879"
"KN296638v1","56818","57130","JH378166","9829459","9829758","55","9772641"
"KN296639v1","255669","255978","JH378120","18579626","18579907","62","18323957"
"KN296639v1","352227","352443","JH378127","8625267","8625477","30","8273040"
"KN296639v1","452892","453198","JH378114","31670723","31671027","40","31217831"
"KN296639v1","453635","453935","JH378128","3602080","3602381","44","3148445"
"KN296639v1","613649","613726","JH378197","6952938","6953013","18","6339289"
"KN296639v1","659741","660051","JH378140","6883086","6883394","37","6223345"
"KN296639v1","812928","813228","JH378106","1705581","1705889","44","892653"
"KN296641v1","278786","279091","JH378197","7145768","7146073","45","6866982"
"KN296641v1","286436","286728","JH378114","6470123","6470414","42","6183687"
"KN296641v1","360384","360694","JH378121","9173752","9174060","39","8813368"
"KN296641v1","385947","386251","JH378115","25570507","25570808","36","25184560"
"KN296641v1","673367","673669","JH378110","38852916","38853220","32","38179549"
"KN296641v1","695417","695675","JH378173","6043976","6044232","40","5348559"
"KN296641v1","826435","826544","JH378151","14635863","14635978","24","13809428"
"KN296641v1","1024121","1024408","JH378167","6579627","6579912","41","5555506"
"KN296641v1","1090882","1091187","JH378193","7041277","7041581","38","5950395"
"KN296641v1","1349857","1350157","JH378207","3169344","3169645","37","1819487"
"KN296641v1","1381843","1382107","JH378109","8763411","8763680","40","7381568"
"KN296643v1","32631","32931","JH378152","12468126","12468428","39","12435495"
"KN296643v1","81171","81466","JH378105","51889615","51889908","37","51808444"
"KN296643v1","93965","94244","JH378224","3408579","3408861","35","3314614"
"KN296643v1","107073","107380","JH378126","21026752","21027059","31","20919679"
"KN296643v1","170681","170993","JH378137","14554585","14554893","44","14383904"
"KN296643v1","199901","200196","JH378139","13010907","13011199","40","12811006"
"KN296643v1","212657","212964","JH378115","26640201","26640508","39","26427544"
"KN296643v1","218912","219212","JH378170","4783494","4783792","32","4564582"
"KN296643v1","231745","231842","JH378120","12901870","12901964","12","12670125"
"KN296643v1","236454","236764","JH378197","7145768","7146073","41","6909314"
"KN296643v1","296128","296426","JH378229","2791774","2792064","37","2495646"
"KN296643v1","296642","296942","JH378124","15582898","15583197","34","15286256"
"KN296643v1","301156","301296","JH378163","10312819","10312953","30","10011663"
"KN296643v1","301603","301775","JH378244","756201","756369","34","454598"
"KN296643v1","308982","309280","JH378137","4677249","4677553","46","4368267"
"KN296643v1","318163","318466","JH378115","26640201","26640508","38","26322038"
"KN296643v1","348439","348742","JH378207","3230665","3230964","39","2882226"
"KN296643v1","353311","353609","JH378131","20072845","20073138","37","19719534"
"KN296643v1","353718","353920","JH378125","16233156","16233354","24","15879438"
"KN296643v1","360790","361081","JH378139","16259084","16259375","32","15898294"
"KN296643v1","419955","420266","JH378111","25827334","25827630","52","25407379"
"KN296643v1","466234","466519","JH378134","653295","653588","47","187061"
"KN296643v1","468086","468385","JH378149","11109971","11110270","32","10641885"
"KN296643v1","472264","472547","JH378140","8317728","8318013","34","7845464"
"KN296643v1","472573","472600","JH378105","31065877","31065908","10","30593304"
"KN296643v1","504835","505130","JH378139","19547832","19548125","41","19042997"
"KN296643v1","532532","532840","JH378234","1972379","1972689","37","1439847"
"KN296643v1","554860","555148","JH378197","5244832","5245109","41","4689972"
"KN296643v1","577554","577854","JH378124","4920301","4920597","43","4342747"
"KN296643v1","580274","580442","JH378108","31323486","31323660","30","30743212"
"KN296643v1","582401","582679","JH378224","3887674","3887953","32","3305273"
"KN296643v1","582752","583058","JH378170","4783494","4783792","36","4200742"
"KN296643v1","618531","618832","JH378257","87786","88089","41","530745"
"KN296643v1","623805","624105","JH378114","42169048","42169348","41","41545243"
"KN296643v1","641759","642067","JH378127","13030965","13031271","36","12389206"
"KN296643v1","653396","653700","JH378105","56734096","56734401","40","56080700"
"KN296643v1","672895","673204","JH378108","46666898","46667209","34","45994003"
"KN296643v1","711669","711969","JH378181","6657533","6657829","41","5945864"
"KN296643v1","811729","812034","JH378106","9882834","9883140","40","9071105"
"KN296643v1","846549","846831","JH378239","5442266","5442557","40","4595717"
"KN296646v1","786345","786631","JH378139","16259084","16259375","47","15472739"
"KN296646v1","147765","147992","JH378124","3490025","3490251","29","3342260"
"KN296646v1","179179","179489","JH378172","9566909","9567221","37","9387730"
"KN296646v1","309519","309804","JH378108","23567945","23568228","32","23258426"
"KN296646v1","322639","322937","JH378205","5080625","5080919","32","4757986"
"KN296646v1","327519","327813","JH378121","29566176","29566469","29","29238657"
"KN296646v1","346776","347078","JH378127","15733864","15734171","43","15387088"
"KN296646v1","359881","360169","JH378151","8381511","8381803","37","8021630"
"KN296646v1","367958","368253","JH378108","1472065","1472357","33","1104107"
"KN296646v1","373269","373569","JH378198","6294233","6294526","37","5920964"
"KN296646v1","379518","379813","JH378212","4230407","4230702","27","3850889"
"KN296646v1","387644","387956","JH378119","11179406","11179710","37","10791762"
"KN296646v1","388689","388956","JH378117","28719904","28720167","38","28331215"
"KN296646v1","397359","397670","JH378126","21026752","21027059","38","20629393"
"KN296646v1","429585","429880","JH378141","10578227","10578526","44","10148642"
"KN296646v1","432553","432833","JH378152","10737028","10737308","33","10304475"
"KN296646v1","437311","437619","JH378255","1560098","1560402","40","1122787"
"KN296646v1","444128","444432","JH378212","3282060","3282365","33","2837932"
"KN296646v1","447518","447688","JH378105","51729883","51730052","41","51282365"
"KN296646v1","450444","450739","JH378113","14455819","14456118","44","14005375"
"KN296646v1","476560","476862","JH378197","7145768","7146073","28","6669208"
"KN296646v1","494574","494856","JH378142","1037845","1038132","35","543271"
"KN296646v1","503305","503611","JH378193","9064556","9064861","37","8561251"
"KN296646v1","778288","778671","JH378245","3904253","3904620","83","3125965"
"KN296646v1","873433","873743","JH378126","21026752","21027059","29","20153319"
"KN296646v1","977660","977939","JH378128","3724414","3724694","39","2746754"
"KN296646v1","1396819","1397099","JH378184","6063296","6063578","41","4666477"
"KN296646v1","1536800","1537109","JH378106","67682418","67682723","53","66145618"
"KN296646v1","1831740","1832041","JH378204","2486840","2487127","53","655100"
"KN296646v1","1883286","1883449","JH378105","16504718","16504877","25","14621432"
"KN296649v1","73166","73429","JH378143","8621971","8622229","34","8548805"
"KN296649v1","283510","283637","JH378149","3411411","3411530","19","3127901"
"KN296649v1","301380","301684","JH378110","12146106","12146409","40","11844726"
"KN296649v1","368124","368455","JH378118","17259086","17259422","52","16890962"
"KN296649v1","382078","382378","JH378288","1088673","1088973","32","706595"
"KN296649v1","384231","384543","JH378264","2773729","2774039","33","2389498"
"KN296649v1","432267","432560","JH378107","6873793","6874086","30","6441526"
"KN296649v1","528419","528437","JH378149","1403733","1403749","6","875314"
"KN296649v1","528484","528763","JH378137","11967433","11967716","33","11438949"
"KN296649v1","572445","572761","JH378203","7612970","7613287","47","7040525"
"KN296653v1","122666","122983","JH378110","37105808","37106120","45","36983142"
"KN296654v1","9967","10216","JH378115","21425911","21426162","48","21415944"
"KN296654v1","11155","11288","JH378213","3850433","3850568","13","3839278"
"KN296654v1","11599","11779","JH378109","11273445","11273617","31","11261846"
"KN296654v1","20295","20352","JH378113","4238157","4238211","9","4217862"
"KN296654v1","20660","20843","JH378107","23945344","23945526","25","23924684"
"KN296654v1","27662","27965","JH378149","13456174","13456477","39","13428512"
"KN296654v1","45258","45560","JH378123","491683","491985","33","446425"
"KN296654v1","48051","48328","JH378112","20259883","20260164","44","20211832"
"KN296654v1","48669","48938","JH378126","16338983","16339251","43","16290314"
"KN296654v1","50669","50744","JH378109","13237938","13238009","16","13187269"
"KN296654v1","63046","63340","JH378198","5485490","5485780","48","5422444"
"KN296654v1","65963","66258","JH378139","16259084","16259375","42","16193121"
"KN296654v1","103214","103510","JH378316","409965","410264","37","306751"
"KN296654v1","123583","123889","JH378136","7677923","7678227","39","7554340"
"KN296654v1","127694","127995","JH378197","8797962","8798262","39","8670268"
"KN296654v1","130063","130351","JH378153","879517","879804","40","749454"
"KN296654v1","133147","133438","JH378127","23855108","23855401","39","23721961"
"KN296654v1","140590","140672","JH378187","5377174","5377258","11","5236584"
"KN296654v1","153770","154082","JH378119","7200753","7201067","42","7046983"
"KN296654v1","217825","218119","JH378198","4226780","4227075","40","4008955"
"KN296654v1","233661","233932","JH378146","10129720","10129990","45","9896059"
"KN296657v1","197924","198202","JH378271","946766","947049","44","748842"
"KN296657v1","205131","205433","JH378323","296842","297144","29","91711"
"KN296657v1","220213","220522","JH378135","1042676","1042987","33","822463"
"KN296657v1","233184","233483","JH378245","749087","749382","47","515903"
"KN296657v1","265098","265434","JH378129","12241608","12241912","69","11976510"
"KN296658v1","1","292","JH378113","31789775","31790065","44","31789774"
"KN296658v1","4248","4550","JH378271","459308","459608","42","455060"
"KN296658v1","6266","6549","JH378137","17271511","17271797","38","17265245"
"KN296658v1","9749","10061","JH378154","14645442","14645751","40","14635693"
"KN296658v1","19993","20298","JH378138","5380451","5380753","40","5360458"
"KN296658v1","36648","36956","JH378137","18261330","18261634","37","18224682"
"KN296658v1","41078","41385","JH378187","2906095","2906405","39","2865017"
"KN296659v1","5612","5688","JH378115","7457558","7457631","12","7451946"
"KN296661v1","81491","81770","JH378124","23710197","23710477","37","23628706"
"KN296661v1","81810","81821","JH378321","454451","454463","4","372641"
"KN296661v1","559673","559958","JH378118","17310797","17311080","36","16751124"
"KN296661v1","639263","639567","JH378224","2925924","2926233","30","2286661"
"KN296661v1","859722","860028","JH378105","14618647","14618952","37","13758925"
"KN296661v1","935618","935924","JH378137","11282926","11283229","34","10347308"
"KN296661v1","956332","956685","JH378163","10269902","10270250","63","9313570"
"KN296661v1","968955","969282","JH378122","11092213","11092535","54","10123258"
"KN296661v1","989320","989628","JH378137","10096778","10097079","30","9107458"
"KN296661v1","1018894","1019207","JH378111","32787449","32787755","38","31768555"
"KN296661v1","1122979","1123291","JH378106","60843849","60844159","44","59720870"
"KN296661v1","1267753","1268075","JH378125","2326762","2327067","55","1059009"
"KN296661v1","1368909","1369210","JH378166","2405777","2406078","35","1036868"
"KN296661v1","1480750","1480921","JH378178","580871","581040","21","899879"
"KN296661v1","1480950","1481069","JH378121","19729659","19729778","15","18248709"
"KN296661v1","1499484","1499636","JH378122","531558","531711","25","967926"
"KN296661v1","1651280","1651448","JH378199","4114166","4114334","31","2462886"
"KN296661v1","1714568","1714860","JH378159","837474","837769","30","877094"
"KN296661v1","1931547","1931788","JH378105","1160237","1160477","31","771310"
"KN296661v1","2110814","2111130","JH378189","3581757","3582071","42","1470943"
"KN296661v1","2210226","2210529","JH378151","10201068","10201369","38","7990842"
"KN296661v1","2355206","2355483","JH378182","9240926","9241205","44","6885720"
"KN296662v1","212609","212924","JH378126","21026752","21027059","42","20814143"
"KN296665v1","15469","15763","JH378252","1272655","1272952","37","1257186"
"KN296665v1","55597","55895","JH378126","21026752","21027059","35","20971155"
"KN296665v1","81212","81524","JH378120","16327645","16327955","34","16246433"
"KN296665v1","89179","89411","JH378145","2527450","2527683","34","2438271"
"KN296665v1","95805","95897","JH378105","54320628","54320724","17","54224823"
"KN296665v1","96088","96379","JH378182","3623832","3624120","34","3527744"
"KN296665v1","113242","113549","JH378176","8157064","8157374","33","8043822"
"KN296665v1","122292","122586","JH378107","8201541","8201836","31","8079249"
"KN296665v1","136260","136541","JH378224","3408579","3408861","40","3272319"
"KN296665v1","190936","191232","JH378135","17495792","17496088","34","17304856"
"KN296665v1","196607","196905","JH378124","1058510","1058801","38","861903"
"KN296665v1","196918","197208","JH378144","4377250","4377537","42","4180332"
"KN296665v1","208755","209057","JH378106","59688577","59688884","42","59479822"
"KN296665v1","213961","214262","JH378108","54706929","54707230","34","54492968"
"KN296665v1","253265","253562","JH378105","54150095","54150392","37","53896830"
"KN296671v1","9646","9951","JH378235","3053133","3053438","34","3043487"
"KN296680v1","307031","307293","JH378108","33494675","33494938","50","33187644"
"KN296680v1","420984","421286","JH378110","19934311","19934616","37","19513327"
"KN296680v1","604066","604370","JH378107","6820470","6820772","36","6216404"
"KN296680v1","618727","619047","JH378188","6370946","6371263","44","5752219"
"KN296680v1","708466","708772","JH378137","2503549","2503838","55","1795083"
"KN296680v1","714513","714740","JH378145","2527450","2527683","32","1812937"
"KN296681v1","51929","52240","JH378113","5602529","5602835","43","5550600"
"KN296681v1","62273","62359","JH378110","35014134","35014217","12","34951861"
"KN296681v1","163535","163836","JH378177","2852055","2852350","43","2688520"
"KN296681v1","281385","281684","JH378140","15536990","15537288","36","15255605"
"KN296681v1","287912","288223","JH378262","2504677","2504991","43","2216765"
"KN296681v1","325103","325402","JH378125","5203035","5203328","40","4877932"
"KN296681v1","396842","397132","JH378182","3623832","3624120","31","3226990"
"KN296681v1","659718","660023","JH378126","21026752","21027059","43","20367034"
"KN296681v1","1018029","1018339","JH378176","8157064","8157374","32","7139035"
"KN296681v1","1228349","1228658","JH378108","30731255","30731558","40","29502906"
"KN296681v1","1393608","1393718","JH378157","7831524","7831637","22","6437916"
"KN296682v1","2752283","2752553","JH378115","16616557","16616837","40","13864274"
"KN296682v1","52","337","JH378127","11653984","11654276","45","11653932"
"KN296682v1","23811","24107","JH378159","15717599","15717893","32","15693788"
"KN296682v1","72330","72625","JH378296","1500608","1500907","41","1428278"
"KN296682v1","195041","195401","JH378232","679828","680176","64","484787"
"KN296682v1","310372","310657","JH378119","11651811","11652104","44","11341439"
"KN296682v1","408923","409231","JH378113","213102","213413","45","195821"
"KN296682v1","459413","459754","JH378121","19342474","19342809","47","18883061"
"KN296682v1","694965","695276","JH378110","32975507","32975812","34","32280542"
"KN296682v1","707784","708087","JH378135","3149477","3149786","44","2441693"
"KN296682v1","900560","900831","JH378110","27569979","27570247","37","26669419"
"KN296682v1","933138","933450","JH378105","70722310","70722624","42","69789172"
"KN296682v1","1002268","1002578","JH378112","33214699","33215012","43","32212431"
"KN296682v1","2022534","2022796","JH378125","8004649","8004898","63","5982115"
"KN296682v1","2149484","2149790","JH378284","1163902","1164203","33","985582"
"KN296682v1","2258853","2258978","JH378132","8139800","8139933","28","5880947"
"KN296682v1","2343170","2343462","JH378139","1976111","1976403","35","367059"
"KN296682v1","2347711","2348005","JH378255","1515318","1515611","34","832393"
"KN296682v1","2395112","2395403","JH378107","6341497","6341789","35","3946385"
"KN296682v1","2398245","2398535","JH378159","4639338","4639629","38","2241093"
"KN296682v1","2407120","2407454","JH378213","3976910","3977242","54","1569790"
"KN296682v1","2430410","2430696","JH378151","8652626","8652916","37","6222216"
"KN296682v1","2436587","2436886","JH378114","37036188","37036491","44","34599601"
"KN296682v1","2453524","2453832","JH378158","3181785","3182096","36","728261"
"KN296682v1","2503163","2503472","JH378115","26640201","26640508","32","24137038"
"KN296682v1","2525459","2525612","JH378161","3080819","3080969","17","555360"
"KN296682v1","2527350","2527636","JH378106","60431918","60432202","42","57904568"
"KN296682v1","2527996","2528287","JH378156","1715946","1716245","40","812050"
"KN296682v1","2535315","2535621","JH378229","5039327","5039634","35","2504012"
"KN296682v1","2544830","2545133","JH378125","5890386","5890685","37","3345556"
"KN296682v1","2548763","2549072","JH378204","1919828","1920127","41","628935"
"KN296682v1","2552170","2552455","JH378123","13239318","13239602","36","10687148"
"KN296682v1","2555013","2555324","JH378106","10129130","10129437","41","7574117"
"KN296682v1","2567300","2567614","JH378126","21026752","21027059","45","18459452"
"KN296682v1","2568988","2569090","JH378228","4925558","4925662","10","2356570"
"KN296682v1","2590159","2590462","JH378108","30731255","30731558","49","28141096"
"KN296682v1","2594831","2595131","JH378141","16136077","16136388","37","13541246"
"KN296682v1","2624458","2624712","JH378119","27718418","27718683","54","25093960"
"KN296682v1","2625996","2626289","JH378176","9716970","9717264","30","7090974"
"KN296682v1","2640908","2641165","JH378189","1044465","1044720","36","1596443"
"KN296682v1","2649800","2650103","JH378114","7122925","7123229","38","4473125"
"KN296682v1","2652092","2652348","JH378204","7409375","7409635","42","4757283"
"KN296682v1","2657794","2658074","JH378153","7392982","7393269","35","4735188"
"KN296682v1","2711261","2711569","JH378130","12416535","12416842","34","9705274"
"KN296682v1","2819540","2819834","JH378113","11112696","11112991","38","8293156"
"KN296682v1","2835842","2836154","JH378181","2052926","2053235","39","782916"
"KN296682v1","2843132","2843403","JH378110","27569979","27570247","37","24726847"
"KN296682v1","2863703","2863911","JH378232","3081491","3081696","36","217788"
"KN296682v1","2910706","2910998","JH378106","6826425","6826714","29","3915719"
"KN296682v1","2911760","2912064","JH378105","6199598","6199901","41","3287838"
"KN296682v1","2917209","2917502","JH378163","13372336","13372629","52","10455127"
"KN296682v1","2982921","2983213","JH378190","5105203","5105498","36","2122282"
"KN296682v1","2987923","2988227","JH378216","6474633","6474943","40","3486710"
"KN296682v1","3002555","3002856","JH378109","5797216","5797515","59","2794661"
"KN296682v1","3017372","3017673","JH378159","5493568","5493869","37","2476196"
"KN296682v1","3031164","3031462","JH378125","15893280","15893581","35","12862116"
"KN296682v1","3039135","3039430","JH378220","2784017","2784313","30","255118"
"KN296682v1","3048162","3048449","JH378113","3596913","3597202","33","548751"
"KN296682v1","3070505","3070808","JH378139","15235758","15236059","33","12165253"
"KN296682v1","3084941","3085250","JH378216","4224502","4224803","36","1139561"
"KN296682v1","3146646","3146951","JH378111","6779444","6779749","35","3632798"
"KN296682v1","3151037","3151152","JH378111","17574217","17574333","15","14423180"
"KN296682v1","3171125","3171421","JH378288","1088673","1088973","37","2082452"
"KN296682v1","3227530","3227701","JH378249","3805210","3805381","19","577680"
"KN296682v1","3227728","3227825","JH378206","2813042","2813136","16","414686"
"KN296682v1","3389452","3389745","JH378119","23373884","23374178","36","19984432"
"KN296682v1","3394994","3395283","JH378127","18566293","18566586","45","15171299"
"KN296682v1","3404728","3404888","JH378124","2555812","2555970","22","848916"
"KN296682v1","3514814","3515158","JH378149","15697892","15698229","52","12183078"
"KN296682v1","3757162","3757475","JH378110","37105808","37106120","41","33348646"
"KN296682v1","3784529","3784865","JH378129","10853809","10854123","63","7069280"
"KN296682v1","3786935","3787210","JH378105","36884891","36885163","36","33097956"
"KN296682v1","3791118","3791417","JH378124","15582898","15583197","44","11791780"
"KN296682v1","3845893","3846169","JH378201","5342475","5342754","39","1496582"
"KN296682v1","3930810","3931115","JH378113","3185389","3185700","41","745421"
"KN296682v1","4097421","4097717","JH378220","2784017","2784313","31","1313404"
"KN296682v1","4128458","4128755","JH378107","8201541","8201836","33","4073083"
"KN296682v1","4149099","4149400","JH378137","18706406","18706704","39","14557307"
"KN296682v1","4166122","4166412","JH378118","25646666","25646959","41","21480544"
"KN296682v1","4171323","4171620","JH378157","9676550","9676840","37","5505227"
"KN296682v1","4219500","4219803","JH378127","22238831","22239131","33","18019331"
"KN296682v1","4239560","4239856","JH378220","2784017","2784313","35","1455543"
"KN296682v1","4291679","4291982","JH378281","2376534","2376838","44","1915145"
"KN296682v1","4310417","4310715","JH378115","28712376","28712673","39","24401959"
"KN296682v1","4318483","4318760","JH378143","6961082","6961362","36","2642599"
"KN296682v1","4344425","4344674","JH378119","28597739","28597991","35","24253314"
"KN296682v1","4345427","4345740","JH378127","10750342","10750652","36","6404915"
"KN296682v1","4359569","4359863","JH378216","6814492","6814786","31","2454923"
"KN296682v1","4386228","4386518","JH378186","5518686","5518983","37","1132458"
"KN296682v1","4435598","4435899","JH378121","17204752","17205050","44","12769154"
"KN296682v1","4452633","4452934","JH378169","9325308","9325608","39","4872675"
"KN296682v1","4458588","4458878","JH378197","1421270","1421558","46","3037318"
"KN296682v1","4530178","4530457","JH378153","7392982","7393269","35","2862804"
"KN296682v1","4572637","4572949","JH378320","58622","58932","35","4514015"
"KN296682v1","4595515","4595681","JH378281","1374991","1375155","22","3220524"
"KN296682v1","4605945","4606231","JH378171","6649331","6649621","37","2043386"
"KN296682v1","4752883","4753142","JH378119","28597739","28597991","44","23844856"
"KN296682v1","4803547","4803846","JH378130","7315282","7315582","43","2511735"
"KN296682v1","4820049","4820348","JH378133","22138850","22139145","34","17318801"
"KN296682v1","4823224","4823528","JH378111","44093208","44093514","36","39269984"
"KN296682v1","4831082","4831256","JH378106","34695091","34695267","25","29864009"
"KN296682v1","4955981","4956278","JH378114","38868751","38869045","36","33912770"
"KN296682v1","4983513","4983811","JH378198","6294233","6294526","43","1310720"
"KN296682v1","4984129","4984172","JH378162","14556122","14556161","10","9571993"
"KN296682v1","4988049","4988346","JH378108","33734008","33734301","45","28745959"
"KN296682v1","5019251","5019551","JH378124","15582898","15583197","42","10563647"
"KN296682v1","5091384","5091696","JH378110","12146106","12146409","40","7054722"
"KN296682v1","5253917","5254178","JH378140","17286757","17287019","37","12032840"
"KN296682v1","5255655","5255935","JH378124","11016674","11016960","38","5761019"
"KN296682v1","5259756","5260054","JH378111","27908368","27908667","40","22648612"
"KN296683v1","13683","13987","JH378115","25041145","25041450","36","25027462"
"KN296684v1","83691","83986","JH378288","1088673","1088973","32","1004982"
"KN296685v1","24665","24952","JH378105","5083926","5084210","39","5059261"
"KN296685v1","34960","35266","JH378206","6984481","6984785","39","6949521"
"KN296685v1","54871","55169","JH378131","20072845","20073138","44","20017974"
"KN296685v1","67226","67511","JH378124","27071017","27071303","37","27003791"
"KN296685v1","138458","138734","JH378105","36059082","36059351","33","35920624"
"KN296685v1","228698","229005","JH378126","21026752","21027059","31","20798054"
"KN296685v1","267694","267993","JH378179","1841978","1842282","32","1574284"
"KN296685v1","272600","272910","JH378111","25877936","25878244","52","25605336"
"KN296685v1","325899","326205","JH378115","25041145","25041450","29","24715246"
"KN296685v1","336855","337159","JH378107","7086674","7086981","40","6749819"
"KN296685v1","339978","340271","JH378105","7311851","7312145","32","6971873"
"KN296685v1","343303","343597","JH378293","1524576","1524874","37","1181273"
"KN296685v1","349028","349326","JH378206","6600635","6600925","38","6251607"
"KN296685v1","370258","370455","JH378106","8915221","8915419","21","8544963"
"KN296685v1","383985","384293","JH378139","15235758","15236059","44","14851773"
"KN296685v1","385491","385798","JH378197","7145768","7146073","33","6760277"
"KN296685v1","395434","395727","JH378115","4382023","4382316","36","3986589"
"KN296686v1","11193","11467","JH378145","12879121","12879408","45","12867928"
"KN296686v1","76225","76536","JH378142","18955749","18956055","46","18879524"
"KN296686v1","205091","205387","JH378121","29566176","29566469","43","29361085"
"KN296686v1","275437","275721","JH378118","10179604","10179881","46","9904167"
"KN296686v1","381230","381505","JH378105","35665534","35665817","48","35284304"
"KN296689v1","50285","50580","JH378167","11999264","11999558","41","11948979"
"KN296695v1","50053","50361","JH378229","4120796","4121104","46","4070743"
"KN296695v1","70142","70432","JH378190","5607870","5608170","49","5537728"
"KN296695v1","71087","71247","JH378138","2925165","2925325","30","2854078"
"KN296695v1","108852","109131","JH378118","14784020","14784304","46","14675168"
"KN296695v1","122227","122531","JH378116","11181268","11181574","42","11059041"
"KN296695v1","146140","146407","JH378190","5024527","5024790","41","4878387"
"KN296695v1","152430","152696","JH378148","2190992","2191261","56","2038562"
"KN296695v1","163591","163796","JH378194","7828413","7828617","46","7664822"
"KN296697v1","1486","1794","JH378126","21026752","21027059","34","21025266"
"KN296698v1","6886","7189","JH378116","37165551","37165860","39","37158665"
"KN296698v1","31898","32170","JH378169","3247221","3247500","36","3215323"
"KN296698v1","88587","88851","JH378127","24612564","24612827","36","24523977"
"KN296698v1","93348","93646","JH378106","32310803","32311102","30","32217455"
"KN296698v1","168483","168781","JH378151","8381511","8381803","46","8213028"
"KN296698v1","171847","172158","JH378126","21026752","21027059","35","20854905"
"KN296698v1","179745","180033","JH378153","7392982","7393269","35","7213237"
"KN296698v1","204871","205169","JH378161","630277","630572","40","425406"
"KN296698v1","207681","207849","JH378113","32219902","32220070","27","32012221"
"KN296701v1","77096","77384","JH378148","16227423","16227714","38","16150327"
"KN296701v1","159171","159479","JH378236","1785225","1785535","31","1626054"
"KN296701v1","229731","230050","JH378120","16327645","16327955","33","16097914"
"KN296701v1","393665","393959","JH378137","11398263","11398561","40","11004598"
"KN296701v1","708468","708774","JH378258","311167","311475","35","397301"
"KN296701v1","761529","761834","JH378157","765387","765692","40","3858"
"KN296701v1","922168","922461","JH378151","8381511","8381803","39","7459343"
"KN296701v1","977992","978295","JH378115","25497952","25498257","41","24519960"
"KN296702v1","156213","156519","JH378184","7174566","7174871","43","7018353"
"KN296702v1","232359","232438","JH378135","1264115","1264194","10","1031756"
"KN296702v1","275295","275596","JH378119","6124403","6124708","33","5849108"
"KN296702v1","276223","276514","JH378194","2390312","2390602","33","2114089"
"KN296702v1","345098","345384","JH378122","29867810","29868101","39","29522712"
"KN296702v1","374077","374404","JH378182","7293421","7293735","49","6919344"
"KN296702v1","385709","386014","JH378108","30731255","30731558","40","30345546"
"KN296702v1","401645","401912","JH378117","19416964","19417229","49","19015319"
"KN296702v1","601742","602050","JH378111","26470349","26470650","38","25868607"
"KN296702v1","629255","629550","JH378137","4677249","4677553","42","4047994"
"KN296702v1","632477","632644","JH378208","2150761","2150925","28","1518284"
"KN296702v1","632692","632819","JH378124","2971545","2971671","15","2338853"
"KN296702v1","659328","659631","JH378115","25570507","25570808","39","24911179"
"KN296702v1","676721","677028","JH378197","7145768","7146073","35","6469047"
"KN296702v1","736979","737276","JH378130","7315282","7315582","34","6578303"
"KN296702v1","750899","751195","JH378106","39792950","39793246","42","39042051"
"KN296702v1","758409","758698","JH378105","21630016","21630306","36","20871607"
"KN296702v1","769946","770240","JH378137","15612874","15613160","49","14842928"
"KN296702v1","793601","793856","JH378137","8310723","8310986","39","7517122"
"KN296702v1","799727","799991","JH378111","27296214","27296479","38","26496487"
"KN296702v1","809678","809961","JH378118","12326610","12326894","36","11516932"
"KN296702v1","848666","848952","JH378129","9743254","9743544","36","8894588"
"KN296702v1","896327","896623","JH378127","18566293","18566586","39","17669966"
"KN296702v1","905760","906076","JH378112","36490375","36490686","40","35584615"
"KN296702v1","917746","918048","JH378115","25041145","25041450","30","24123399"
"KN296702v1","933057","933316","JH378125","11716524","11716781","35","10783467"
"KN296702v1","1120567","1120818","JH378106","4983490","4983741","42","3862923"
"KN296703v1","51705","52015","JH378114","37036188","37036491","48","36984483"
"KN296703v1","154262","154552","JH378220","2537784","2538076","33","2383522"
"KN296705v1","50469","50763","JH378129","1905555","1905844","38","1855086"
"KN296705v1","69215","69525","JH378186","8932365","8932674","44","8863150"
"KN296705v1","99910","100167","JH378204","7409375","7409635","37","7309465"
"KN296705v1","110434","110726","JH378144","7235841","7236134","37","7125407"
"KN296705v1","112811","113073","JH378117","19416964","19417229","39","19304153"
"KN296705v1","161271","161556","JH378120","18579626","18579907","39","18418355"
"KN296705v1","186648","186953","JH378203","7443616","7443916","42","7256968"
"KN296705v1","194690","194979","JH378159","13009425","13009715","36","12814735"
"KN296705v1","385154","385456","JH378137","17093543","17093840","35","16708389"
"KN296705v1","413550","413836","JH378110","31808814","31809105","36","31395264"
"KN296705v1","457327","457614","JH378153","7392982","7393269","40","6935655"
"KN296705v1","536429","536747","JH378108","30731255","30731558","48","30194826"
"KN296709v1","102270","102563","JH378107","6641537","6641829","34","6539267"
"KN296709v1","144647","144926","JH378141","12410737","12411017","37","12266090"
"KN296709v1","168832","169113","JH378279","102782","103056","41","66050"
"KN296709v1","308709","309005","JH378123","9356550","9356843","53","9047841"
"KN296711v1","7912","8206","JH378114","11511571","11511875","43","11503659"
"KN296711v1","10265","10553","JH378109","14372976","14373265","35","14362711"
"KN296711v1","29639","29937","JH378213","5627405","5627702","36","5597766"
"KN296711v1","82162","82470","JH378203","2400617","2400921","55","2318455"
"KN296711v1","108466","108768","JH378125","16001713","16002013","42","15893247"
"KN296711v1","130593","130889","JH378201","7321342","7321640","39","7190749"
"KN296711v1","197876","198184","JH378109","48661966","48662271","50","48464090"
"KN296711v1","221649","221917","JH378196","7179872","7180130","51","6958223"
"KN296712v1","2444","2576","JH378126","23776566","23776697","15","23774122"
"KN296713v1","66145","66443","JH378173","9107488","9107786","34","9041343"
"KN296714v1","1676","1971","JH378131","770886","771191","43","769210"
"KN296714v1","48240","48511","JH378203","6186181","6186453","41","6137941"
"KN296714v1","107843","108163","JH378129","10853809","10854123","51","10745966"
"KN296714v1","125628","125909","JH378108","31952008","31952294","48","31826380"
"KN296714v1","126183","126469","JH378247","2290754","2291038","45","2164571"
"KN296714v1","129221","129516","JH378106","6826425","6826714","45","6697204"
"KN296714v1","132678","132960","JH378137","8662035","8662316","36","8529357"
"KN296714v1","141480","141774","JH378151","3515305","3515602","28","3373825"
"KN296714v1","155491","155806","JH378108","43842538","43842851","42","43687047"
"KN296714v1","199459","199754","JH378105","33992488","33992780","41","33793029"
"KN296714v1","200026","200329","JH378108","30731255","30731558","37","30531229"
"KN296714v1","299090","299404","JH378255","993532","993844","49","694442"
"KN296714v1","300709","301003","JH378164","13845793","13846084","47","13545084"
"KN296717v1","34995","35228","JH378348","92468","92702","29","57473"
"KN296718v1","15898","16187","JH378153","7392982","7393269","32","7377084"
"KN296719v1","124","424","JH378129","10258595","10258896","47","10258471"
"KN296719v1","189447","189720","JH378276","837127","837400","47","647680"
"KN296719v1","274784","275094","JH378140","6883086","6883394","37","6608302"
"KN296723v1","8236","8543","JH378107","7568037","7568336","34","7559801"
"KN296723v1","132828","133081","JH378108","53903069","53903338","50","53770241"
"KN296726v1","3297","3434","JH378216","1930573","1930709","15","1927276"
"KN296726v1","11665","11948","JH378288","933022","933305","29","921357"
"KN296726v1","19749","20052","JH378149","6715746","6716040","38","6695997"
"KN296726v1","27525","27815","JH378116","24890259","24890547","41","24862734"
"KN296726v1","58343","58638","JH378212","2149089","2149386","37","2090746"
"KN296726v1","75421","75619","JH378233","725262","725455","33","649841"
"KN296726v1","84791","84923","JH378196","3303441","3303572","16","3218650"
"KN296726v1","88475","88782","JH378115","23201999","23202310","37","23113524"
"KN296726v1","90904","91199","JH378239","4541808","4542096","35","4450904"
"KN296726v1","114384","114677","JH378148","3437860","3438152","41","3323476"
"KN296726v1","120820","121134","JH378137","17138846","17139141","53","17018026"
"KN296726v1","145980","146062","JH378107","555622","555703","13","409642"
"KN296726v1","157692","157984","JH378171","4458179","4458478","37","4300487"
"KN296726v1","179236","179466","JH378241","5348172","5348406","27","5168936"
"KN296726v1","192283","192544","JH378109","14026176","14026435","37","13833893"
"KN296726v1","221922","222213","JH378121","29566176","29566469","31","29344254"
"KN296726v1","233929","234227","JH378125","5890386","5890685","41","5656457"
"KN296726v1","244627","244773","JH378107","29784135","29784279","20","29539508"
"KN296726v1","245082","245257","JH378107","6322168","6322343","26","6077086"
"KN296726v1","252883","253190","JH378205","1690489","1690799","41","1437606"
"KN296726v1","258505","258799","JH378108","42296533","42296820","41","42038028"
"KN296726v1","332379","332664","JH378204","7525660","7525946","37","7193281"
"KN296726v1","335756","336046","JH378229","2791774","2792064","39","2456018"
"KN296726v1","370472","370760","JH378156","4588236","4588522","30","4217764"
"KN296726v1","375026","375326","JH378153","11874540","11874839","35","11499514"
"KN296726v1","375572","375882","JH378141","10014232","10014538","39","9638660"
"KN296726v1","397328","397639","JH378126","21026752","21027059","35","20629424"
"KN296726v1","415485","415765","JH378122","10829384","10829667","37","10413899"
"KN296726v1","434951","435249","JH378288","1088673","1088973","28","653722"
"KN296726v1","462996","463290","JH378151","6553008","6553306","35","6090012"
"KN296726v1","479886","480195","JH378156","9166475","9166782","35","8686589"
"KN296726v1","525499","525789","JH378246","2154157","2154450","50","1628658"
"KN296726v1","540685","540973","JH378139","16259084","16259375","32","15718399"
"KN296726v1","541352","541661","JH378197","8301771","8302079","33","7760419"
"KN296726v1","543173","543468","JH378185","204037","204336","36","339136"
"KN296726v1","571621","571928","JH378108","45070238","45070540","35","44498617"
"KN296726v1","586018","586319","JH378151","4318339","4318636","38","3732321"
"KN296726v1","609083","609390","JH378126","21026752","21027059","41","20417669"
"KN296726v1","661645","661871","JH378142","11619205","11619424","33","10957560"
"KN296726v1","662449","662757","JH378193","6879296","6879601","32","6216847"
"KN296726v1","681686","681997","JH378106","60843849","60844159","36","60162163"
"KN296726v1","682951","683257","JH378244","4187025","4187332","34","3504074"
"KN296726v1","683261","683373","JH378151","4757254","4757361","16","4073993"
"KN296726v1","695701","695953","JH378213","4901803","4902050","33","4206102"
"KN296726v1","712951","713259","JH378126","21026752","21027059","47","20313801"
"KN296726v1","721481","721776","JH378106","70986080","70986388","46","70264599"
"KN296726v1","732809","732855","JH378220","4358775","4358824","12","3625966"
"KN296726v1","739959","740254","JH378116","38063771","38064062","35","37323812"
"KN296726v1","776799","777099","JH378265","2263256","2263553","36","1486457"
"KN296726v1","778461","778750","JH378204","3730682","3730973","37","2952221"
"KN296726v1","785372","785670","JH378262","913874","914177","42","128502"
"KN296726v1","796681","796958","JH378198","1596143","1596429","39","799462"
"KN296726v1","819936","820230","JH378157","9676550","9676840","36","8856614"
"KN296726v1","825772","826081","JH378161","5727084","5727394","31","4901312"
"KN296726v1","832817","833121","JH378126","21026752","21027059","32","20193935"
"KN296726v1","837222","837516","JH378115","16925265","16925575","40","16088043"
"KN296726v1","841280","841575","JH378242","97287","97580","32","743993"
"KN296726v1","853577","853883","JH378255","1560098","1560402","25","706521"
"KN296726v1","883881","884171","JH378163","13372336","13372629","32","12488455"
"KN296726v1","896575","896875","JH378139","15235758","15236059","29","14339183"
"KN296726v1","915436","915732","JH378139","18955642","18955939","29","18040206"
"KN296726v1","922323","922627","JH378108","30731255","30731558","36","29808932"
"KN296726v1","1004929","1005231","JH378228","5509057","5509356","32","4504128"
"KN296726v1","1022307","1022613","JH378115","25806536","25806838","34","24784229"
"KN296726v1","1050016","1050322","JH378197","7145768","7146073","34","6095752"
"KN296726v1","1068664","1068975","JH378150","3147294","3147605","36","2078630"
"KN296726v1","1069899","1070034","JH378123","86614","86749","17","983285"
"KN296726v1","1074426","1074730","JH378197","7145768","7146073","33","6071342"
"KN296726v1","1098433","1098727","JH378105","10050887","10051179","37","8952454"
"KN296726v1","1102121","1102428","JH378153","3305054","3305363","39","2202933"
"KN296726v1","1141282","1141616","JH378206","6280299","6280627","43","5139017"
"KN296728v1","12635","12911","JH378110","31980574","31980838","53","31967939"
"KN296730v1","55215","55517","JH378199","4482107","4482408","35","4426892"
"KN296730v1","117452","117540","JH378125","5308706","5308792","14","5191254"
"KN296730v1","136400","136571","JH378113","32219902","32220070","24","32083502"
"KN296730v1","144602","144894","JH378163","13372336","13372629","40","13227734"
"KN296730v1","156522","156812","JH378194","2390312","2390602","33","2233790"
"KN296731v1","246243","246566","JH378118","28124692","28125008","57","27878449"
"KN296731v1","252130","252420","JH378307","343640","343927","36","91510"
"KN296731v1","484665","484959","JH378146","4343142","4343436","33","3858477"
"KN296731v1","544728","545035","JH378176","8157064","8157374","42","7612336"
"KN296731v1","574974","575268","JH378106","69239155","69239449","34","68664181"
"KN296731v1","590811","591106","JH378151","14844192","14844489","38","14253381"
"KN296731v1","664227","664530","JH378197","7145768","7146073","36","6481541"
"KN296731v1","674153","674463","JH378204","6493604","6493911","31","5819451"
"KN296731v1","718089","718399","JH378140","6602564","6602868","55","5884475"
"KN296731v1","794291","794576","JH378109","52148","52435","43","742143"
"KN296731v1","840564","840860","JH378124","1058510","1058801","42","217946"
"KN296731v1","845466","845773","JH378172","9566909","9567221","38","8721443"
"KN296731v1","846894","847199","JH378118","4661774","4662076","31","3814880"
"KN296731v1","882922","883228","JH378115","2595632","2595938","40","1712710"
"KN296731v1","888219","888527","JH378113","17735383","17735690","34","16847164"
"KN296731v1","906719","907030","JH378111","11251875","11252186","35","10345156"
"KN296731v1","908736","909020","JH378109","10810284","10810571","41","9901548"
"KN296731v1","916598","916907","JH378111","11251875","11252186","40","10335277"
"KN296731v1","979859","980131","JH378163","10308690","10308962","53","9328831"
"KN296731v1","981859","982171","JH378126","21026752","21027059","31","20044893"
"KN296731v1","1067299","1067578","JH378225","6094607","6094882","42","5027308"
"KN296731v1","1097109","1097378","JH378105","51524027","51524292","42","50426918"
"KN296731v1","1112619","1112882","AGCE01149956","727","992","37","1111892"
"KN296731v1","1118084","1118406","JH378267","1379506","1379828","46","261422"
"KN296731v1","1128679","1128916","JH378111","45191900","45192141","32","44063221"
"KN296731v1","1138545","1138860","JH378167","5351158","5351469","41","4212613"
"KN296731v1","1149908","1150205","JH378308","1420623","1420924","37","270715"
"KN296731v1","1150206","1150510","JH378139","19415987","19416286","43","18265781"
"KN296731v1","1155508","1155806","JH378179","1841978","1842282","36","686470"
"KN296731v1","1186095","1186405","JH378224","1538526","1538832","35","352431"
"KN296731v1","1197263","1197564","JH378110","12146106","12146409","38","10948843"
"KN296731v1","1209611","1209918","JH378126","21026752","21027059","42","19817141"
"KN296731v1","1218541","1218816","JH378110","40955628","40955903","39","39737087"
"KN296731v1","1226231","1226402","JH378204","7296126","7296295","25","6069895"
"KN296731v1","1227166","1227473","JH378107","45126018","45126316","62","43898852"
"KN296731v1","1230355","1230680","JH378150","10126172","10126487","51","8895817"
"KN296731v1","1237873","1238178","JH378138","5964426","5964732","41","4726553"
"KN296731v1","1329332","1329479","JH378131","10690833","10690983","19","9361501"
"KN296731v1","1381520","1381816","JH378121","29566176","29566469","30","28184656"
"KN296731v1","1446077","1446369","JH378151","8381511","8381803","28","6935434"
"KN296731v1","1449982","1450284","JH378110","10833476","10833772","40","9383494"
"KN296731v1","1458561","1458856","JH378149","539268","539562","31","919293"
"KN296731v1","1468626","1468931","JH378139","18632207","18632516","35","17163581"
"KN296731v1","1472913","1473069","JH378149","2668828","2668980","42","1195915"
"KN296731v1","1473298","1473608","JH378229","5039327","5039634","35","3566029"
"KN296731v1","1474413","1474715","JH378151","13413694","13413997","43","11939281"
"KN296731v1","1483408","1483719","JH378110","19934311","19934616","36","18450903"
"KN296731v1","1507303","1507605","JH378231","5352237","5352536","39","3844934"
"KN296731v1","1507918","1508189","JH378144","7596090","7596371","41","6088172"
"KN296731v1","1509431","1509706","JH378119","2693227","2693494","47","1183796"
"KN296731v1","1533607","1533909","JH378115","34493550","34493852","35","32959943"
"KN296731v1","1540109","1540420","JH378106","60843849","60844159","35","59303740"
"KN296731v1","1542621","1542924","JH378204","7533813","7534116","34","5991192"
"KN296731v1","1546600","1546870","JH378107","56781637","56781905","33","55235037"
"KN296731v1","1604257","1604566","JH378180","10176695","10176999","35","8572438"
"KN296731v1","1690953","1691256","JH378139","17878350","17878657","28","16187397"
"KN296731v1","1720567","1720699","JH378153","13895787","13895919","11","12175220"
"KN296731v1","1733410","1733720","JH378156","9166475","9166782","33","7433065"
"KN296731v1","1837391","1837676","JH378124","1058510","1058801","38","778881"
"KN296732v1","6958","7247","JH378119","14753982","14754277","64","14747024"
"KN296732v1","34868","35171","JH378138","5380451","5380753","29","5345583"
"KN296732v1","61793","62072","JH378177","6664715","6664994","35","6602922"
"KN296732v1","201483","201767","JH378111","19524517","19524801","32","19323034"
"KN296732v1","233599","233910","JH378197","1499696","1500000","38","1266097"
"KN296732v1","234743","235038","JH378115","28712376","28712673","33","28477633"
"KN296732v1","305392","305696","JH378107","6820470","6820772","40","6515078"
"KN296732v1","374932","375230","JH378113","14455819","14456118","36","14080887"
"KN296732v1","428424","428728","JH378171","4458179","4458478","40","4029755"
"KN296732v1","585415","585619","JH378124","5978083","5978289","36","5392668"
"KN296732v1","647748","647950","JH378183","10242682","10242885","25","9594934"
"KN296732v1","660802","661110","JH378126","21026752","21027059","36","20365950"
"KN296732v1","669953","670248","JH378216","6814492","6814786","29","6144539"
"KN296732v1","781957","782268","JH378182","2130273","2130582","42","1348316"
"KN296732v1","974157","974469","JH378167","5351158","5351469","35","4377001"
"KN296732v1","1202719","1203020","JH378123","497003","497309","45","705716"
"KN296732v1","1230673","1230980","JH378195","643512","643820","38","587161"
"KN296732v1","1350806","1351116","JH378150","3147294","3147605","42","1796488"
"KN296732v1","1375911","1376219","JH378197","7145768","7146073","33","5769857"
"KN296732v1","1419791","1420101","JH378216","6474633","6474943","35","5054842"
"KN296732v1","1463465","1463764","JH378139","18955642","18955939","38","17492177"
"KN296732v1","1469114","1469411","JH378129","10844667","10844964","33","9375553"
"KN296732v1","1501996","1502286","JH378141","18104473","18104759","34","16602477"
"KN296732v1","1554166","1554467","JH378262","294407","294712","33","1259759"
"KN296732v1","1589209","1589516","JH378139","17517186","17517486","48","15927977"
"KN296732v1","1628509","1628822","JH378126","21026752","21027059","38","19398243"
"KN296732v1","1724705","1725013","JH378144","4985548","4985855","40","3260843"
"KN296732v1","1740726","1741020","JH378246","2154157","2154450","33","413431"
"KN296732v1","1770546","1770857","JH378120","16327645","16327955","38","14557099"
"KN296732v1","1836731","1837022","JH378141","16295875","16296172","35","14459144"
"KN296732v1","1843450","1843773","JH378109","20324993","20325309","45","18481543"
"KN296732v1","1864818","1864945","JH378107","50570713","50570838","21","48705895"
"KN296732v1","1884728","1885039","JH378216","6474633","6474943","29","4589905"
"KN296732v1","1902673","1902969","JH378113","14455819","14456118","41","12553146"
"KN296732v1","1934674","1934806","JH378120","24095630","24095762","18","22160956"
"KN296732v1","1955430","1955731","JH378105","63827132","63827433","30","61871702"
"KN296732v1","1994235","1994507","JH378108","34327273","34327542","36","32333038"
"KN296732v1","2023996","2024296","JH378112","19784378","19784676","37","17760382"
"KN296732v1","2026127","2026426","JH378121","28319189","28319488","40","26293062"
"KN296732v1","2031285","2031596","JH378206","4086994","4087300","36","2055709"
"KN296732v1","2034083","2034392","JH378116","11181268","11181574","32","9147185"
"KN296732v1","2079427","2079599","JH378136","17691801","17691968","21","15612374"
"KN296732v1","2082239","2082513","JH378124","5892161","5892432","37","3809922"
"KN296732v1","2106554","2106872","JH378114","17527220","17527528","43","15420666"
"KN296732v1","2124920","2125223","JH378265","517725","518026","34","1607195"
"KN296732v1","2130632","2130919","JH378138","7015466","7015748","39","4884834"
"KN296732v1","2144809","2145093","JH378118","27240197","27240484","35","25095388"
"KN296732v1","2162818","2163125","JH378123","491683","491985","40","1671135"
"KN296732v1","2170506","2170804","JH378293","1524576","1524874","36","645930"
"KN296732v1","2178794","2179094","JH378186","3302264","3302562","48","1123470"
"KN296732v1","2182204","2182484","JH378238","696451","696731","33","1485753"
"KN296732v1","2183818","2184117","JH378288","1561758","1562053","34","622060"
"KN296732v1","2188823","2189120","JH378108","23280248","23280545","31","21091425"
"KN296732v1","2189688","2189982","JH378262","1318764","1319058","32","870924"
"KN296732v1","2195493","2195779","JH378220","2784017","2784313","42","588524"
"KN296732v1","2219104","2219391","JH378142","1110734","1111025","28","1108370"
"KN296732v1","2219871","2220172","JH378107","32029619","32029921","34","29809748"
"KN296732v1","2224328","2224548","JH378201","7319002","7319229","36","5094674"
"KN296732v1","2225355","2225647","JH378182","3623832","3624120","45","1398477"
"KN296732v1","2236397","2236700","JH378173","9055905","9056209","41","6819508"
"KN296732v1","2265397","2265674","JH378247","2290754","2291038","42","25357"
"KN296732v1","2291864","2292170","JH378113","24179649","24179958","29","21887785"
"KN296732v1","2293550","2293853","JH378198","1599087","1599389","37","694463"
"KN296732v1","2299277","2299577","JH378170","4783494","4783792","28","2484217"
"KN296732v1","2318720","2319026","JH378197","7145768","7146073","40","4827048"
"KN296732v1","2344931","2345212","JH378142","18322987","18323264","37","15978056"
"KN296732v1","2358077","2358190","JH378239","676947","677060","12","1681130"
"KN296732v1","2358452","2358594","JH378108","51815769","51815907","23","49457317"
"KN296732v1","2366267","2366571","JH378125","15156999","15157299","36","12790732"
"KN296732v1","2394235","2394527","JH378182","9240926","9241205","39","6846691"
"KN296732v1","2401333","2401634","JH378126","21026752","21027059","34","18625419"
"KN296732v1","2428557","2428866","JH378140","6883086","6883394","30","4454529"
"KN296732v1","2476307","2476619","JH378154","15612419","15612727","35","13136112"
"KN296732v1","2503119","2503421","JH378105","30886990","30887295","33","28383871"
"KN296732v1","2529503","2529812","JH378106","70986080","70986388","34","68456577"
"KN296732v1","2543014","2543302","JH378166","38905","39194","33","2504109"
"KN296732v1","2549949","2550249","JH378288","1088673","1088973","36","1461276"
"KN296732v1","2595401","2595573","JH378119","21901301","21901473","21","19305900"
"KN296732v1","2612123","2612404","JH378246","2401172","2401453","37","210951"
"KN296732v1","2696336","2696636","JH378106","6434398","6434702","45","3738062"
"KN296732v1","2726711","2727020","JH378115","25041145","25041450","39","22314434"
"KN296732v1","2770608","2770909","JH378228","5509057","5509356","40","2738449"
"KN296732v1","2776737","2777033","JH378184","418760","419059","41","2357977"
"KN296732v1","2780728","2781022","JH378194","278081","278371","37","2502647"
"KN296732v1","2811563","2811851","JH378138","7015466","7015748","32","4203903"
"KN296732v1","2818797","2819102","JH378220","2784017","2784313","46","34780"
"KN296732v1","2825379","2825648","JH378153","1464515","1464781","49","1360864"
"KN296732v1","2857931","2858226","JH378125","19027324","19027621","36","16169393"
"KN296732v1","2881218","2881533","JH378113","6692573","6692881","32","3811355"
"KN296732v1","2911105","2911414","JH378113","6692573","6692881","47","3781468"
"KN296732v1","2922214","2922516","JH378120","16327645","16327955","40","13405431"
"KN296732v1","2929235","2929532","JH378198","6294233","6294526","42","3364998"
"KN296732v1","2931078","2931351","JH378140","14073854","14074132","51","11142776"
"KN296732v1","2953286","2953598","JH378193","5076053","5076366","33","2122767"
"KN296732v1","3028311","3028607","JH378288","1088673","1088973","28","1939638"
"KN296732v1","3045905","3046236","JH378166","2452374","2452701","65","593531"
"KN296732v1","3054654","3054845","JH378263","1673953","1674136","30","1380701"
"KN296732v1","3060378","3060548","JH378177","1605225","1605393","23","1455153"
"KN296732v1","3076933","3077225","JH378118","28660718","28661008","43","25583785"
"KN296732v1","3084117","3084412","JH378135","16690729","16691022","33","13606612"
"KN296732v1","3086705","3086987","JH378136","13818219","13818502","50","10731514"
"KN296732v1","3111022","3111320","JH378155","15098133","15098431","28","11987111"
"KN296732v1","3137055","3137347","JH378112","21695596","21695889","38","18558541"
"KN296732v1","3152313","3152621","JH378116","11181268","11181574","38","8028955"
"KN296732v1","3156331","3156629","JH378145","2733878","2734174","34","422453"
"KN296732v1","3166290","3166593","JH378126","23919556","23919859","34","20753266"
"KN296732v1","3176360","3176628","JH378119","22503503","22503772","35","19327143"
"KN296732v1","3177895","3178169","JH378196","6605720","6605996","38","3427825"
"KN296732v1","3178720","3179030","JH378126","21026752","21027059","34","17848032"
"KN296732v1","3184145","3184455","JH378134","18235143","18235452","36","15050998"
"KN296732v1","3195735","3196016","JH378140","4488688","4488979","42","1292953"
"KN296732v1","3219821","3220130","JH378152","6156844","6157154","35","2937023"
"KN296732v1","3232450","3232750","JH378228","5509057","5509356","36","2276607"
"KN296732v1","3237601","3237903","JH378166","2405777","2406078","31","831824"
"KN296732v1","3242714","3242889","JH378139","5401576","5401745","27","2158862"
"KN296732v1","3248397","3248595","JH378209","3857652","3857840","36","609255"
"KN296732v1","3248892","3248963","JH378108","42383602","42383674","17","39134710"
"KN296732v1","3249409","3249716","JH378115","34859185","34859494","35","31609776"
"KN296732v1","3259374","3259657","JH378124","12107540","12107816","38","8848166"
"KN296732v1","3265069","3265381","JH378264","759949","760251","43","2505120"
"KN296732v1","3267536","3267813","JH378112","30984953","30985228","36","27717417"
"KN296732v1","3274697","3274985","JH378137","7745755","7746044","36","4471058"
"KN296732v1","3281507","3281591","JH378144","13224469","13224560","16","9942962"
"KN296732v1","3281880","3282094","JH378153","14246351","14246569","21","10964471"
"KN296732v1","3286331","3286640","JH378137","19401998","19402301","37","16115667"
"KN296732v1","3289064","3289182","JH378127","19130271","19130389","16","15841207"
"KN296732v1","3292999","3293311","JH378140","10809800","10810108","36","7516801"
"KN296732v1","3301345","3301646","JH378137","3566786","3567084","31","265441"
"KN296732v1","3308816","3309118","JH378127","19048485","19048788","44","15739669"
"KN296732v1","3313369","3313677","JH378139","18955642","18955939","46","15642273"
"KN296732v1","3314765","3314952","JH378264","1526240","1526431","28","1788525"
"KN296732v1","3315109","3315202","JH378328","23061","23156","12","3292048"
"KN296732v1","3317611","3317920","JH378148","17201496","17201806","40","13883885"
"KN296732v1","3325667","3325969","JH378296","1500608","1500907","32","1825059"
"KN296732v1","3327227","3327545","JH378172","9566909","9567221","48","6239682"
"KN296732v1","3339041","3339209","JH378228","4297998","4298165","27","958957"
"KN296732v1","3339521","3339657","JH378244","4014019","4014155","10","674498"
"KN296732v1","3341752","3342054","JH378106","14208005","14208299","43","10866253"
"KN296732v1","3342232","3342522","JH378139","16259084","16259375","37","12916852"
"KN296732v1","3345102","3345197","JH378105","54320628","54320724","13","50975526"
"KN296732v1","3350050","3350353","JH378136","7727266","7727563","45","4377216"
"KN296732v1","3353536","3353791","JH378140","1211537","1211776","45","2141999"
"KN296732v1","3355435","3355794","JH378246","4457511","4457836","79","1102076"
"KN296732v1","3364743","3365042","JH378124","15582898","15583197","36","12218155"
"KN296732v1","3374920","3375205","JH378118","14784020","14784304","42","11409100"
"KN296732v1","3377564","3377859","JH378152","14277798","14278080","49","10900234"
"KN296732v1","3389756","3390058","JH378105","10172609","10172908","42","6782853"
"KN296732v1","3390168","3390430","JH378128","7150748","7151012","26","3760580"
"KN296732v1","3397823","3398123","JH378151","14844192","14844489","41","11446369"
"KN296732v1","3400464","3400760","JH378173","5403804","5404101","34","2003340"
"KN296732v1","3415565","3415841","JH378115","39182825","39183103","35","35767260"
"KN296732v1","3428154","3428452","JH378124","15582898","15583197","30","12154744"
"KN296732v1","3485893","3486216","JH378204","4895760","4896073","52","1409867"
"KN296732v1","3491914","3492226","JH378225","6457829","6458137","40","2965915"
"KN296732v1","3507203","3507372","JH378110","5748212","5748383","28","2241009"
"KN296732v1","3509396","3509695","JH378116","28869529","28869826","34","25360133"
"KN296732v1","3526852","3527159","JH378114","7122925","7123229","34","3596073"
"KN296732v1","3534719","3535023","JH378130","1202684","1202989","29","2332035"
"KN296732v1","3535464","3535775","JH378255","1560098","1560402","35","1975366"
"KN296732v1","3542940","3543240","JH378252","1272655","1272952","30","2270285"
"KN296732v1","3547699","3547991","JH378291","1199183","1199477","29","2348516"
"KN296732v1","3564844","3565143","JH378163","13372336","13372629","32","9807492"
"KN296732v1","3578087","3578388","JH378124","14578620","14578930","42","11000533"
"KN296732v1","3578407","3578716","JH378173","5950754","5951057","39","2372347"
"KN296732v1","3585400","3585710","JH378126","21026752","21027059","34","17441352"
"KN296732v1","3588188","3588490","JH378202","8290891","8291200","39","4702703"
"KN296732v1","3595101","3595386","JH378106","69356630","69356919","35","65761529"
"KN296732v1","3595853","3596147","JH378149","915557","915848","36","2680296"
"KN296732v1","3615817","3616127","JH378139","18632207","18632516","36","15016390"
"KN296732v1","3621182","3621419","JH378122","22653827","22654062","28","19032645"
"KN296732v1","3633095","3633413","JH378131","770886","771191","44","2862209"
"KN296732v1","3639205","3639513","JH378156","9166475","9166782","47","5527270"
"KN296732v1","3651431","3651736","JH378148","3164823","3165131","41","486608"
"KN296732v1","3665388","3665717","JH378206","6280299","6280627","40","2614911"
"KN296732v1","3675229","3675538","JH378119","26110026","26110331","35","22434797"
"KN296732v1","3708414","3708709","JH378300","21048","21349","34","3687366"
"KN296732v1","3719422","3719733","JH378126","21026752","21027059","40","17307330"
"KN296732v1","3721801","3722110","JH378126","21026752","21027059","39","17304951"
"KN296732v1","3726088","3726379","JH378105","63350416","63350707","35","59624328"
"KN296732v1","3777336","3777649","JH378107","27660529","27660838","55","23883193"
"KN296738v1","77","367","JH378105","36900565","36900857","38","36900488"
"KN296738v1","7705","8006","JH378281","2347952","2348246","43","2340247"
"KN296738v1","23130","23421","JH378294","1616914","1617204","36","1593784"
"KN296738v1","29800","30106","JH378153","765891","766198","38","736091"
"KN296738v1","32100","32383","JH378154","8910013","8910293","39","8877913"
"KN296738v1","57941","58257","JH378112","33214699","33215012","37","33156758"
"KN296738v1","124402","124682","JH378176","1295936","1296216","36","1171534"
"KN296738v1","125833","126157","JH378246","3098526","3098831","47","2972693"
"KN296738v1","147594","147904","JH378133","9511493","9511805","43","9363899"
"KN296738v1","155989","156293","JH378107","46820768","46821071","32","46664779"
"KN296738v1","176626","176929","JH378108","30731255","30731558","43","30554629"
"KN296738v1","178403","178650","JH378151","8290347","8290596","35","8111944"
"KN296738v1","184463","184768","JH378228","5829049","5829359","40","5644586"
"KN296738v1","186690","186989","JH378149","11109971","11110270","35","10923281"
"KN296738v1","196904","197201","JH378151","3515305","3515602","35","3318401"
"KN296739v1","33838","34143","JH378159","5493568","5493869","39","5459730"
"KN296739v1","130216","130517","JH378148","16754519","16754816","29","16624303"
"KN296739v1","157570","157874","JH378296","1500608","1500907","41","1343038"
"KN296739v1","259855","260175","JH378126","21026752","21027059","43","20766897"
"KN296743v1","34725","35026","JH378122","6712255","6712559","30","6677530"
"KN296743v1","262374","262682","JH378126","21026752","21027059","30","20764378"
"KN296743v1","286397","286674","JH378159","15490542","15490823","33","15204145"
"KN296743v1","311564","311860","JH378173","7753219","7753510","38","7441655"
"KN296743v1","313155","313451","JH378173","7753219","7753510","38","7440064"
"KN296743v1","325522","325829","JH378151","1093434","1093744","42","767912"
"KN296743v1","328644","328926","JH378106","3052818","3053105","35","2724174"
"KN296743v1","341450","341801","JH378153","5567354","5567695","61","5225904"
"KN296743v1","384883","385186","JH378224","2769148","2769454","29","2384265"
"KN296743v1","410196","410477","JH378153","7392982","7393269","35","6982786"
"KN296743v1","421992","422302","JH378279","2687810","2688114","41","2265818"
"KN296743v1","424710","425002","JH378151","8652626","8652916","32","8227916"
"KN296743v1","426110","426395","JH378141","18104473","18104759","42","17678363"
"KN296743v1","433457","433668","JH378111","11000001","11000214","34","10566544"
"KN296743v1","442172","442471","JH378139","1159515","1159824","47","717343"
"KN296743v1","525443","525716","JH378125","27534349","27534626","40","27008906"
"KN296743v1","559123","559185","JH378301","173745","173806","19","385378"
"KN296743v1","675088","675392","JH378165","4010477","4010779","31","3335389"
"KN296743v1","686405","686709","JH378140","6602564","6602868","39","5916159"
"KN296743v1","781381","781503","JH378108","36315191","36315315","20","35533810"
"KN296743v1","929154","929448","JH378105","54150095","54150392","35","53220941"
"KN296743v1","958996","959299","JH378123","491683","491985","33","467313"
"KN296743v1","1013948","1014252","JH378276","3084977","3085283","35","2071029"
"KN296743v1","1088179","1088484","JH378166","1276502","1276806","29","188323"
"KN296743v1","1376636","1376933","JH378130","1205334","1205634","41","171302"
"KN296743v1","1390872","1391173","JH378149","11057149","11057455","40","9666277"
"KN296743v1","1416819","1417117","JH378288","1088673","1088973","30","328146"
"KN296743v1","1426086","1426179","JH378257","3625776","3625865","12","2199690"
"KN296743v1","1426469","1426676","JH378127","8625267","8625477","29","7198798"
"KN296743v1","1433633","1433915","JH378110","17880643","17880926","35","16447010"
"KN296743v1","1448702","1449001","JH378228","5509057","5509356","47","4060355"
"KN296743v1","1462245","1462534","JH378157","9676550","9676840","41","8214305"
"KN296743v1","1545474","1545783","JH378117","24869583","24869886","35","23324109"
"KN296743v1","1559505","1559806","JH378197","7145768","7146073","32","5586263"
"KN296743v1","1574068","1574362","JH378173","2753783","2754078","42","1179715"
"KN296743v1","1617831","1618139","JH378222","5830144","5830452","42","4212313"
"KN296743v1","1622546","1622840","JH378127","18566293","18566586","35","16943747"
"KN296743v1","1627835","1628137","JH378221","1422660","1422963","35","205175"
"KN296743v1","1711719","1712024","JH378112","35243739","35244048","41","33532020"
"KN296743v1","1719997","1720294","JH378308","1420623","1420924","41","299374"
"KN296743v1","1780130","1780321","JH378110","29865991","29866189","33","28085861"
"KN296743v1","1780614","1780690","JH378109","13237938","13238009","13","11457324"
"KN296743v1","1787511","1787838","JH378124","15558279","15558590","54","13770768"
"KN296743v1","1795110","1795377","JH378114","23431849","23432115","42","21636739"
"KN296743v1","1797136","1797420","JH378291","1690883","1691167","33","106253"
"KN296743v1","1807090","1807389","JH378220","2784017","2784313","36","976927"
"KN296743v1","1817864","1818164","JH378234","4844507","4844813","40","3026643"
"KN296743v1","1835047","1835338","JH378167","8141531","8141823","47","6306484"
"KN296743v1","1838686","1838986","JH378137","5435206","5435506","33","3596520"
"KN296743v1","1842861","1843173","JH378199","2735832","2736142","42","892971"
"KN296743v1","1843214","1843315","JH378139","18903946","18904047","8","17060732"
"KN296743v1","1847058","1847151","JH378113","2044543","2044637","6","197485"
"KN296743v1","1898926","1899214","JH378153","13474772","13475063","37","11575846"
"KN296743v1","1910684","1910945","JH378115","35449590","35449859","41","33538906"
"KN296743v1","1925064","1925310","JH378106","66881924","66882170","37","64956860"
"KN296743v1","1949826","1950122","JH378265","2263256","2263553","32","313430"
"KN296743v1","1965136","1965403","JH378113","17646734","17646997","44","15681598"
"KN296743v1","1974146","1974446","JH378116","28869529","28869826","39","26895383"
"KN296743v1","1977766","1978063","JH378151","8381511","8381803","32","6403745"
"KN296743v1","1983414","1983732","JH378204","6493604","6493911","39","4510190"
"KN296743v1","2010048","2010322","JH378153","4070046","4070324","32","2059998"
"KN296743v1","2030003","2030307","JH378115","25041145","25041450","47","23011142"
"KN296743v1","2061053","2061068","JH378149","1403733","1403749","5","657320"
"KN296743v1","2061357","2061533","JH378148","3231270","3231449","27","1169913"
"KN296743v1","2070296","2070584","JH378281","1689088","1689373","36","381208"
"KN296743v1","2072877","2073156","JH378129","11457553","11457829","32","9384676"
"KN296743v1","2079297","2079598","JH378142","3220334","3220612","61","1141037"
"KN296743v1","2088010","2088309","JH378172","3560988","3561286","36","1472978"
"KN296743v1","2103254","2103540","JH378116","24890259","24890547","36","22787005"
"KN296743v1","2125173","2125468","JH378276","503796","504088","31","1621377"
"KN296743v1","2152987","2153279","JH378105","68730944","68731233","32","66577957"
"KN296743v1","2158399","2158569","JH378135","381040","381211","13","1777359"
"KN296743v1","2217866","2218172","JH378138","5964426","5964732","31","3746560"
"KN296743v1","2225839","2226138","JH378109","11852338","11852636","39","9626499"
"KN296743v1","2272786","2273085","JH378241","5492398","5492696","31","3219612"
"KN296743v1","2294377","2294677","JH378107","7568037","7568336","31","5273660"
"KN296743v1","2381557","2381839","JH378112","35063777","35064058","37","32682220"
"KN296743v1","2396711","2397020","JH378127","11745246","11745551","45","9348535"
"KN296743v1","2433746","2434046","JH378170","4783494","4783792","38","2349748"
"KN296743v1","2457308","2457567","JH378127","24612564","24612827","33","22155256"
"KN296743v1","2460985","2461292","JH378112","33214699","33215012","37","30753714"
"KN296743v1","2583549","2583842","JH378137","17138846","17139141","40","14555297"
"KN296743v1","2682354","2682666","JH378176","10466778","10467084","42","7784424"
"KN296743v1","2689067","2689373","JH378110","19934311","19934616","42","17245244"
"KN296744v1","10578","10792","JH378239","4878061","4878275","22","4867483"
"KN296745v1","44173","44452","JH378115","16519060","16519341","43","16474887"
"KN296747v1","6658","6728","JH378152","15424985","15425059","10","15418327"
"KN296747v1","40241","40542","JH378288","1088673","1088973","36","1048432"
"KN296747v1","45529","45827","JH378228","5509057","5509356","33","5463528"
"KN296747v1","64019","64309","JH378173","424887","425176","32","360868"
"KN296747v1","91893","92195","JH378111","25473856","25474161","38","25381963"
"KN296747v1","96731","97015","JH378109","49008845","49009136","44","48912114"
"KN296747v1","110122","110277","JH378150","132534","132693","29","22412"
"KN296749v1","1310616","1310894","JH378112","33582438","33582730","61","32271822"
"KN296749v1","77745","78041","JH378115","28712376","28712673","33","28634631"
"KN296749v1","79803","80113","JH378107","7184182","7184485","32","7104379"
"KN296749v1","186661","186740","JH378111","31587447","31587535","16","31400786"
"KN296749v1","193818","194126","JH378148","3164823","3165131","39","2971005"
"KN296749v1","216962","217261","JH378125","1232970","1233271","42","1016008"
"KN296749v1","275577","275876","JH378107","32029619","32029921","30","31754042"
"KN296749v1","281524","281544","JH378111","33423149","33423167","7","33141625"
"KN296749v1","281581","281859","JH378177","6664715","6664994","36","6383134"
"KN296749v1","323107","323365","JH378109","48311154","48311414","29","47988047"
"KN296749v1","379647","379944","JH378139","18955642","18955939","30","18575995"
"KN296749v1","475956","476273","JH378140","4945540","4945860","75","4469584"
"KN296749v1","516966","517269","JH378199","4983750","4984049","41","4466784"
"KN296749v1","522240","522468","JH378133","5038420","5038657","36","4516180"
"KN296749v1","528526","528555","JH378105","31065877","31065908","13","30537351"
"KN296749v1","528600","528878","JH378152","10737028","10737308","41","10208428"
"KN296749v1","564643","564959","JH378161","11908958","11909274","42","11344315"
"KN296749v1","570934","571224","JH378197","4403480","4403768","33","3832546"
"KN296749v1","618523","618674","JH378144","1063794","1063935","20","445271"
"KN296749v1","625943","626258","JH378124","12637794","12638105","44","12011851"
"KN296749v1","660216","660524","JH378148","12255931","12256243","44","11595715"
"KN296749v1","692293","692588","JH378186","4035868","4036155","46","3343575"
"KN296749v1","717909","718195","JH378140","14073854","14074132","43","13355945"
"KN296749v1","751513","751801","JH378137","7745755","7746044","39","6994242"
"KN296749v1","758583","758772","JH378118","3376447","3376636","25","2617864"
"KN296749v1","758773","759082","JH378185","841607","841910","53","82834"
"KN296749v1","798249","798549","JH378189","1225012","1225313","29","426763"
"KN296749v1","881028","881266","JH378176","5671270","5671515","36","4790242"
"KN296749v1","946552","946854","JH378115","25570507","25570808","34","24623955"
"KN296749v1","981663","981952","JH378105","48828790","48829086","48","47847127"
"KN296749v1","1039055","1039364","JH378177","2495760","2496067","36","1456705"
"KN296749v1","1045258","1045548","JH378125","17320707","17320999","39","16275449"
"KN296749v1","1299244","1299544","JH378108","33734008","33734301","39","32434764"
"KN296750v1","53972","54289","JH378144","5396113","5396410","51","5342141"
"KN296750v1","93742","94034","JH378328","452393","452688","40","358651"
"KN296750v1","335900","336007","JH378225","890042","890151","17","554142"
"KN296750v1","384016","384314","JH378108","34218881","34219178","44","33834865"
"KN296750v1","483609","483770","JH378116","10778404","10778565","24","10294795"
"KN296750v1","612175","612307","JH378127","11552471","11552600","16","10940296"
"KN296750v1","787099","787400","JH378107","556207","556505","36","230892"
"KN296750v1","815824","816057","JH378122","4346118","4346352","42","3530294"
"KN296750v1","816726","817024","JH378116","19056610","19056904","46","18239884"
"KN296750v1","895571","895873","JH378119","6124403","6124708","40","5228832"
"KN296750v1","916913","917247","JH378186","6385146","6385476","60","5468233"
"KN296750v1","1165868","1166183","JH378110","37105808","37106120","43","35939940"
"KN296750v1","1193071","1193354","JH378327","121222","121511","40","1071849"
"KN296750v1","1198771","1199077","JH378110","32975507","32975812","33","31776736"
"KN296750v1","1307616","1307933","JH378163","14185585","14185895","38","12877969"
"KN296750v1","1511155","1511452","JH378136","7727266","7727563","37","6216111"
"KN296750v1","1678974","1679279","JH378107","31873885","31874188","42","30194911"
"KN296751v1","33150","33449","JH378137","11398263","11398561","42","11365113"
"KN296751v1","47889","48183","JH378139","19252318","19252611","48","19204429"
"KN296752v1","107616","107925","JH378126","21026752","21027059","40","20919136"
"KN296752v1","137792","138098","JH378288","1088673","1088973","36","950881"
"KN296752v1","142195","142480","JH378197","1421270","1421558","43","1279075"
"KN296752v1","230905","231210","JH378117","16015355","16015659","34","15784450"
"KN296752v1","323692","323988","AGCE01150179","437","735","39","323255"
"KN296752v1","373780","374072","JH378142","9391128","9391421","34","9017348"
"KN296752v1","427673","427797","JH378118","17326802","17326925","11","16899129"
"KN296754v1","5423","5708","JH378197","1421270","1421558","55","1415847"
"KN296754v1","21232","21531","JH378116","32209502","32209801","39","32188270"
"KN296754v1","23213","23520","JH378154","14645442","14645751","48","14622229"
"KN296754v1","33787","34069","JH378129","11457553","11457829","43","11423766"
"KN296754v1","39308","39605","JH378235","4514528","4514824","28","4475220"
"KN296754v1","40150","40460","JH378126","21026752","21027059","41","20986602"
"KN296754v1","125199","125453","JH378112","23772060","23772321","37","23646861"
"KN296754v1","147269","147556","JH378224","4099617","4099911","33","3952348"
"KN296754v1","241587","241884","JH378119","7191913","7192221","45","6950326"
"KN296759v1","4164","4469","JH378255","1560098","1560402","42","1555934"
"KN296759v1","10168","10432","JH378236","828966","829232","33","818798"
"KN296759v1","15307","15617","JH378108","18639481","18639792","41","18624174"
"KN296759v1","80883","81172","JH378124","4920301","4920597","37","4839418"
"KN296759v1","225327","225609","JH378252","3797717","3797993","40","3572390"
"KN296759v1","352011","352308","JH378133","7708733","7709034","38","7356722"
"KN296759v1","367288","367578","JH378246","2154157","2154450","37","1786869"
"KN296759v1","369886","370189","JH378199","4983750","4984049","40","4613864"
"KN296759v1","439342","439600","JH378120","5912419","5912678","33","5473077"
"KN296759v1","535851","536003","JH378151","9876229","9876382","13","9340378"
"KN296759v1","634223","634518","JH378115","34859185","34859494","42","34224962"
"KN296759v1","699993","700278","JH378108","42296533","42296820","37","41596540"
"KN296759v1","786900","787142","JH378153","5454172","5454418","43","4667272"
"KN296759v1","959237","959539","JH378170","4783494","4783792","34","3824257"
"KN296759v1","1130139","1130433","JH378242","97287","97580","31","1032852"
"KN296759v1","1335480","1335769","JH378258","1157111","1157403","32","178369"
"KN296759v1","1376966","1377258","JH378198","6294233","6294526","42","4917267"
"KN296761v1","32872","33161","JH378153","7392982","7393269","43","7360110"
"KN296761v1","33164","33423","JH378109","44424412","44424668","35","44391248"
"KN296761v1","34474","34772","JH378255","1515318","1515611","38","1480844"
"KN296761v1","101505","101797","JH378124","17234816","17235110","40","17133311"
"KN296761v1","161898","162169","JH378134","16278207","16278478","34","16116309"
"KN296761v1","162606","162900","JH378139","16259084","16259375","45","16096478"
"KN296761v1","431619","431915","JH378131","1106043","1106335","39","674424"
"KN296761v1","491418","491698","JH378113","39037457","39037739","42","38546039"
"KN296761v1","788782","789091","JH378173","9055905","9056209","34","8267123"
"KN296761v1","802043","802332","JH378137","2575366","2575654","42","1773323"
"KN296761v1","863501","863584","JH378105","16608525","16608607","10","15745024"
"KN296761v1","920219","920525","JH378130","1202684","1202989","40","282465"
"KN296761v1","934817","935107","JH378112","35855394","35855682","39","34920577"
"KN296761v1","1060392","1060665","JH378105","36884891","36885163","46","35824499"
"KN296761v1","1222575","1222883","JH378139","17878350","17878657","35","16655775"
"KN296762v1","73599","73900","JH378151","4318339","4318636","32","4244740"
"KN296762v1","161922","162228","JH378288","1088673","1088973","42","926751"
"KN296762v1","168073","168151","JH378135","1264115","1264194","12","1096042"
"KN296762v1","239544","239833","JH378182","3623832","3624120","36","3384288"
"KN296762v1","247743","248030","JH378179","7354641","7354925","42","7106898"
"KN296762v1","262885","263165","JH378169","3247221","3247500","35","2984336"
"KN296763v1","266148","266437","JH378115","7419002","7419294","30","7152854"
"KN296766v1","111373","111676","JH378288","1088673","1088973","32","977300"
"KN296767v1","8167","8471","JH378106","32195071","32195374","42","32186904"
"KN296767v1","146525","146817","JH378105","55776544","55776842","40","55630019"
"KN296767v1","173945","174250","JH378139","18632207","18632516","38","18458262"
"KN296767v1","182807","183094","JH378136","19553251","19553535","47","19370444"
"KN296767v1","250942","251107","JH378154","7460558","7460722","19","7209616"
"KN296767v1","269480","269770","JH378142","2685720","2686017","48","2416240"
"KN296767v1","274207","274510","JH378114","25448064","25448368","48","25173857"
"KN296767v1","290242","290554","JH378106","8193028","8193339","45","7902786"
"KN296767v1","404300","404642","JH378107","58259079","58259423","55","57854779"
"KN296767v1","442394","442686","JH378121","29566176","29566469","33","29123782"
"KN296767v1","603559","603808","JH378115","32947677","32947930","35","32344118"
"KN296770v1","6931","7222","JH378109","52148","52435","37","45217"
"KN296770v1","37007","37289","JH378115","17153051","17153333","44","17116044"
"KN296770v1","42565","42858","JH378173","9231808","9232100","34","9189243"
"KN296770v1","54107","54420","JH378126","21026752","21027059","32","20972645"
"KN296770v1","56237","56310","JH378216","3951899","3951975","10","3895662"
"KN296770v1","62631","62941","JH378125","14844924","14845233","40","14782293"
"KN296770v1","63821","64055","JH378117","22291918","22292147","40","22228097"
"KN296770v1","67172","67477","JH378197","7145768","7146073","36","7078596"
"KN296770v1","71709","72007","JH378228","5509057","5509356","33","5437348"
"KN296770v1","98304","98605","JH378114","2172147","2172448","44","2073843"
"KN296770v1","131203","131370","JH378244","756201","756369","22","624998"
"KN296770v1","131603","131698","JH378139","9522698","9522792","18","9391095"
"KN296770v1","138282","138579","JH378220","2784017","2784313","34","2645735"
"KN296770v1","140745","141051","JH378126","21026752","21027059","33","20886007"
"KN296770v1","146628","146911","JH378111","19524517","19524801","30","19377889"
"KN296770v1","159991","160276","JH378108","30850200","30850487","49","30690209"
"KN296770v1","202924","203221","JH378170","4783494","4783792","33","4580570"
"KN296770v1","276382","276687","JH378197","7145768","7146073","31","6869386"
"KN296770v1","297285","297590","JH378130","1202684","1202989","37","905399"
"KN296770v1","472151","472236","JH378125","5308706","5308792","19","4836555"
"KN296770v1","611348","611648","JH378137","14554585","14554893","43","13943237"
"KN296770v1","700394","700682","JH378118","1390919","1391217","45","690525"
"KN296774v1","4336","4636","JH378271","459308","459608","37","454972"
"KN296774v1","269542","269852","JH378255","1850368","1850674","37","1580826"
"KN296774v1","360683","360693","JH378189","7208291","7208302","5","6847608"
"KN296774v1","360723","361004","JH378146","269180","269465","33","91543"
"KN296774v1","499567","499872","JH378197","7145768","7146073","43","6646201"
"KN296774v1","657896","658168","JH378106","59736126","59736394","41","59078230"
"KN296775v1","235263","235572","JH378296","1500608","1500907","48","1265345"
"KN296775v1","263892","264188","JH378176","9716970","9717264","42","9453078"
"KN296775v1","289626","289879","JH378151","8290347","8290596","32","8000721"
"KN296775v1","329316","329600","JH378177","6664715","6664994","34","6335399"
"KN296775v1","332387","332684","JH378149","539268","539562","29","206881"
"KN296775v1","420506","420817","JH378245","432302","432612","35","11796"
"KN296775v1","443518","443660","JH378164","9341233","9341390","29","8897715"
"KN296775v1","443662","443901","JH378280","2916775","2917016","40","2473113"
"KN296775v1","444320","444619","JH378109","11852338","11852636","31","11408018"
"KN296775v1","446655","446937","JH378179","7759487","7759774","34","7312832"
"KN296775v1","447002","447015","JH378189","7208291","7208302","5","6761289"
"KN296775v1","488588","488896","JH378114","12126932","12127241","46","11638344"
"KN296775v1","537133","537423","JH378151","8381511","8381803","40","7844378"
"KN296775v1","556889","557186","JH378152","15994237","15994545","38","15437348"
"KN296775v1","589489","589771","JH378144","8804639","8804921","42","8215150"
"KN296775v1","590059","590355","JH378121","18993855","18994155","31","18403796"
"KN296775v1","602609","602911","JH378288","1088673","1088973","37","486064"
"KN296775v1","653305","653622","JH378118","25228944","25229253","46","24575639"
"KN296775v1","684049","684338","JH378111","42787057","42787349","32","42103008"
"KN296775v1","701517","701812","JH378151","17063304","17063610","50","16361787"
"KN296775v1","746217","746520","JH378170","4783494","4783792","34","4037277"
"KN296775v1","759642","759970","JH378131","15940490","15940815","47","15180848"
"KN296775v1","828640","828945","JH378173","9055905","9056209","49","8227265"
"KN296775v1","855097","855386","JH378268","1947555","1947839","50","1092458"
"KN296775v1","867170","867483","JH378140","4975846","4976159","38","4108676"
"KN296775v1","875219","875514","JH378115","33135454","33135750","37","32260235"
"KN296775v1","881551","881621","JH378143","11691104","11691168","17","10809553"
"KN296775v1","889817","890105","JH378106","67696353","67696639","35","66806536"
"KN296775v1","899763","900072","JH378149","2213704","2214010","40","1313941"
"KN296775v1","909650","909857","JH378127","6218557","6218771","27","5308907"
"KN296775v1","913873","914179","JH378112","37520155","37520465","36","36606282"
"KN296775v1","962152","962436","JH378118","14784020","14784304","34","13821868"
"KN296775v1","963439","963749","JH378148","17201496","17201806","37","16238057"
"KN296775v1","969056","969348","JH378105","6125259","6125549","40","5156203"
"KN296775v1","977118","977420","JH378207","5013453","5013750","35","4036335"
"KN296775v1","1022742","1023036","JH378120","17332973","17333266","37","16310231"
"KN296775v1","1029305","1029598","JH378288","1561758","1562053","28","532453"
"KN296775v1","1068815","1069111","JH378228","5509057","5509356","35","4440242"
"KN296775v1","1080054","1080357","JH378220","4249981","4250283","36","3169927"
"KN296775v1","1127533","1127843","JH378119","6124403","6124708","36","4996870"
"KN296775v1","1164102","1164278","JH378253","2490908","2491083","23","1326806"
"KN296775v1","1178975","1179286","JH378164","10217165","10217476","35","9038190"
"KN296775v1","1191936","1192238","JH378137","11282926","11283229","43","10090990"
"KN296775v1","1236254","1236548","JH378198","6294233","6294526","47","5057979"
"KN296775v1","1269771","1270061","JH378105","38546959","38547253","35","37277188"
"KN296778v1","146900","147199","JH378110","10833476","10833772","23","10686576"
"KN296778v1","169384","169688","JH378106","44399035","44399331","39","44229651"
"KN296779v1","18616","18779","JH378127","6396912","6397074","22","6378296"
"KN296781v1","81247","81550","JH378116","28869529","28869826","41","28788282"
"KN296781v1","91734","92040","JH378271","1553214","1553517","36","1461480"
"KN296782v1","65880","66191","JH378118","27056689","27056995","36","26990809"
"KN296782v1","106884","107188","JH378185","1757760","1758063","39","1650876"
"KN296782v1","136317","136614","JH378238","5828795","5829098","37","5692478"
"KN296782v1","153505","153788","JH378108","45167937","45168216","43","45014432"
"KN296783v1","142940","143221","JH378111","19524517","19524801","51","19381577"
"KN296783v1","191411","191718","JH378121","15108765","15109075","47","14917354"
"KN296783v1","237169","237475","JH378140","19374055","19374357","43","19136886"
"KN296783v1","255572","255860","JH378109","27941115","27941404","40","27685543"
"KN296783v1","502310","502397","JH378122","10326426","10326517","17","9824116"
"KN296783v1","550057","550362","JH378157","9173410","9173709","35","8623353"
"KN296783v1","554942","555110","JH378135","381040","381211","20","173902"
"KN296783v1","555141","555261","JH378105","10168274","10168390","13","9613133"
"KN296783v1","631726","632024","JH378116","28869529","28869826","31","28237803"
"KN296783v1","746528","746813","JH378116","28833614","28833902","32","28087086"
"KN296783v1","1207078","1207368","JH378153","12716303","12716599","43","11509225"
"KN296783v1","1286392","1286680","JH378303","1645305","1645593","39","358913"
"KN296783v1","1455783","1456086","JH378119","6124403","6124708","48","4668620"
"KN296784v1","206695","206841","JH378144","14433574","14433721","21","14226879"
"KN296784v1","207419","207440","JH378222","6581835","6581856","5","6374416"
"KN296784v1","215204","215510","JH378177","2852055","2852350","39","2636851"
"KN296788v1","31852","32141","JH378167","8547558","8547847","42","8515706"
"KN296791v1","100771","101074","JH378137","18261330","18261634","39","18160559"
"KN296793v1","3382","3581","JH378139","19346505","19346716","42","19343123"
"KN296795v1","7486","7780","JH378262","1318764","1319058","33","1311278"
"KN296795v1","85851","86148","JH378137","11398263","11398561","33","11312412"
"KN296795v1","119679","119980","JH378194","8800813","8801127","47","8681134"
"KN296795v1","167083","167376","JH378151","8381511","8381803","33","8214428"
"KN296795v1","167388","167682","JH378139","1980713","1981003","43","1813325"
"KN296795v1","206187","206495","JH378126","21026752","21027059","34","20820565"
"KN296795v1","207957","208247","JH378108","1472065","1472357","46","1264108"
"KN296795v1","211637","211869","JH378166","12690881","12691106","33","12479244"
"KN296795v1","212278","212559","JH378245","3784675","3784953","42","3572397"
"KN296795v1","215666","215972","JH378106","6434398","6434702","39","6218732"
"KN296795v1","216335","216644","JH378126","21026752","21027059","33","20810417"
"KN296795v1","216787","217081","JH378117","33034514","33034807","39","32817727"
"KN296795v1","224205","224515","JH378123","491683","491985","40","267478"
"KN296795v1","231549","231854","JH378148","3164823","3165131","37","2933274"
"KN296795v1","233372","233648","JH378113","19924632","19924907","50","19691260"
"KN296795v1","234468","234776","JH378126","21026752","21027059","31","20792284"
"KN296795v1","238232","238554","JH378110","10667651","10667961","43","10429419"
"KN296795v1","247584","247883","JH378236","2099707","2100007","48","1852123"
"KN296795v1","247884","248182","JH378124","15582898","15583197","40","15335014"
"KN296795v1","249691","249986","JH378158","5952169","5952463","33","5702478"
"KN296795v1","251686","251997","JH378126","21026752","21027059","38","20775066"
"KN296795v1","259763","260060","JH378229","2791774","2792064","35","2532011"
"KN296795v1","278662","278953","JH378121","29566176","29566469","39","29287514"
"KN296795v1","288739","289044","JH378115","35004840","35005143","38","34716101"
"KN296795v1","293517","293721","JH378113","17387762","17387980","41","17094245"
"KN296795v1","404515","404595","JH378217","5420113","5420190","11","5015598"
"KN296795v1","406913","407200","JH378108","42296533","42296820","37","41889620"
"KN296795v1","568306","568588","JH378105","35665534","35665817","35","35097228"
"KN296795v1","616194","616434","JH378137","4724586","4724825","55","4108392"
"KN296795v1","701513","701807","JH378144","5748370","5748662","34","5046857"
"KN296795v1","717519","717819","JH378127","22238831","22239131","39","21521312"
"KN296795v1","734009","734308","JH378115","28712376","28712673","35","27978367"
"KN296795v1","744778","745058","JH378148","7299728","7300012","30","6554950"
"KN296795v1","745099","745112","JH378321","454451","454463","4","290648"
"KN296795v1","783256","783504","JH378128","11710015","11710264","36","10926759"
"KN296795v1","810818","811110","JH378296","1500608","1500907","45","689790"
"KN296795v1","822427","822736","JH378126","21026752","21027059","42","20204325"
"KN296795v1","834849","835089","JH378278","2921341","2921589","43","2086492"
"KN296795v1","899721","900013","JH378246","2154157","2154450","38","1254436"
"KN296795v1","941773","941936","JH378123","7015192","7015354","20","6073419"
"KN296795v1","978492","978781","JH378157","9676550","9676840","34","8698058"
"KN296795v1","1121014","1121290","JH378134","16556817","16557090","39","15435803"
"KN296795v1","1133263","1133426","JH378115","1806770","1806933","18","673507"
"KN296795v1","1263834","1264136","JH378113","28428906","28429220","47","27165072"
"KN296795v1","1360562","1360873","JH378239","3940828","3941139","35","2580266"
"KN296795v1","1379518","1379826","JH378112","33214699","33215012","52","31835181"
"KN296795v1","1398188","1398496","JH378140","7338564","7338875","33","5940376"
"KN296795v1","1443639","1443938","JH378132","23113823","23114124","35","21670184"
"KN296795v1","1482083","1482391","JH378206","4086994","4087300","39","2604911"
"KN296795v1","1555070","1555365","JH378129","1049550","1049836","42","505520"
"KN296795v1","1601236","1601535","JH378106","7887051","7887354","42","6285815"
"KN296795v1","1660659","1660951","JH378151","8381511","8381803","35","6720852"
"KN296795v1","1694257","1694540","JH378105","35665534","35665817","46","33971277"
"KN296795v1","1708055","1708343","JH378129","22536040","22536331","38","20827985"
"KN296795v1","1750800","1751110","JH378147","12443857","12444168","40","10693057"
"KN296795v1","1943689","1943816","JH378120","9542482","9542609","15","7598793"
"KN296795v1","2052679","2052906","JH378159","15105791","15106018","34","13053112"
"KN296795v1","2122424","2122677","JH378222","773666","773917","39","1348758"
"KN296795v1","2134157","2134467","JH378112","33214699","33215012","33","31080542"
"KN296795v1","2183961","2184267","JH378138","5380451","5380753","39","3196490"
"KN296795v1","2209507","2209845","JH378178","7658449","7658774","66","5448942"
"KN296795v1","2471918","2472198","JH378114","20276504","20276786","32","17804586"
"KN296795v1","2487509","2487817","JH378110","19934311","19934616","42","17446802"
"KN296795v1","2684181","2684448","JH378114","5750724","5750992","36","3066543"
"KN296795v1","2704624","2704883","JH378139","10412496","10412760","37","7707872"
"KN296795v1","2706557","2706823","JH378140","9364639","9364902","47","6658082"
"KN296795v1","2763287","2763444","JH378153","3358075","3358234","30","594788"
"KN296795v1","2835633","2835796","JH378148","7059954","7060114","26","4224321"
"KN296795v1","2839538","2839823","JH378206","895500","895790","33","1944038"
"KN296795v1","2904469","2904731","JH378112","33833975","33834241","43","30929506"
"KN296795v1","2979940","2980247","JH378127","15733864","15734171","43","12753924"
"KN296795v1","3054115","3054424","JH378224","2769148","2769454","38","284967"
"KN296796v1","60899","61217","JH378185","1841930","1842234","52","1781031"
"KN296796v1","452063","452225","JH378117","22370259","22370421","27","21918196"
"KN296802v1","210274","210572","JH378110","38574281","38574582","33","38364007"
"KN296802v1","390978","391289","JH378113","6199734","6200044","35","5808756"
"KN296802v1","447718","448026","JH378281","1518528","1518836","44","1070810"
"KN296802v1","455853","456158","JH378116","11181268","11181574","42","10725415"
"KN296802v1","456667","456965","JH378105","51661095","51661389","40","51204428"
"KN296802v1","575868","576143","JH378112","30984953","30985228","40","30409085"
"KN296802v1","600156","600467","JH378105","23955669","23955975","41","23355513"
"KN296802v1","617459","617748","JH378183","4577550","4577842","40","3960091"
"KN296802v1","753107","753418","JH378107","36317261","36317568","38","35564154"
"KN296804v1","222249","222549","JH378137","4003210","4003509","37","3780961"
"KN296804v1","226345","226645","JH378139","18955642","18955939","35","18729297"
"KN296804v1","791444","791667","JH378127","920498","920723","33","129054"
"KN296806v1","46158","46455","JH378241","5492398","5492696","28","5446240"
"KN296806v1","47216","47524","JH378126","21026752","21027059","33","20979536"
"KN296806v1","47949","48253","JH378108","45070238","45070540","31","45022289"
"KN296806v1","49020","49316","JH378106","6434398","6434702","42","6385378"
"KN296806v1","62579","62879","JH378288","1088673","1088973","30","1026094"
"KN296809v1","26851","27156","JH378255","1560098","1560402","40","1533247"
"KN296809v1","81187","81492","JH378106","7011096","7011402","38","6929909"
"KN296809v1","132096","132410","JH378115","25041145","25041450","41","24909049"
"KN296809v1","147193","147486","JH378198","4226780","4227075","32","4079587"
"KN296809v1","298574","298857","JH378198","809601","809884","36","511027"
"KN296809v1","334105","334415","JH378120","10280397","10280698","33","9946292"
"KN296809v1","512520","512819","JH378153","2573525","2573821","42","2061005"
"KN296809v1","520557","520845","JH378108","54651268","54651558","34","54130711"
"KN296809v1","521606","521897","JH378149","12780936","12781227","33","12259330"
"KN296809v1","538053","538339","JH378142","1037845","1038132","33","499792"
"KN296809v1","592673","592869","JH378232","420548","420740","19","172125"
"KN296809v1","629289","629597","JH378126","21026752","21027059","37","20397463"
"KN296809v1","865272","865577","JH378145","2733878","2734174","41","1868606"
"KN296809v1","952877","953179","JH378116","22637654","22637953","41","21684777"
"KN296809v1","978490","978799","JH378131","20010266","20010577","32","19031776"
"KN296809v1","989905","990214","JH378105","54654842","54655153","48","53664937"
"KN296809v1","1004748","1005044","JH378163","13372336","13372629","35","12367588"
"KN296810v1","10051","10336","JH378273","919258","919543","33","909207"
"KN296810v1","28780","29009","JH378166","12690881","12691106","29","12662101"
"KN296810v1","74398","74676","JH378107","27056287","27056566","30","26981889"
"KN296810v1","140507","140696","JH378162","5905646","5905838","21","5765139"
"KN296812v1","21737","22029","JH378110","32622278","32622571","38","32600541"
"KN296812v1","27605","27889","JH378127","18566293","18566586","40","18538688"
"KN296812v1","164071","164347","JH378134","16278207","16278478","38","16114136"
"KN296812v1","183503","183813","JH378130","23796726","23797029","39","23613223"
"KN296812v1","424616","424915","JH378109","26759231","26759531","42","26334615"
"KN296812v1","449871","450132","JH378106","70483264","70483525","35","70033393"
"KN296812v1","451475","451781","JH378197","7145768","7146073","28","6694293"
"KN296812v1","489755","490055","JH378137","11398263","11398561","30","10908508"
"KN296812v1","699019","699280","JH378224","2568787","2569037","35","1869768"
"KN296813v1","3344","3663","JH378264","2773729","2774039","40","2770385"
"KN296817v1","70566","70870","JH378110","29407125","29407428","35","29336559"
"KN296817v1","72725","72841","JH378225","890042","890151","18","817317"
"KN296817v1","88542","88703","JH378120","13064570","13064731","23","12976028"
"KN296817v1","106325","106619","JH378139","19252318","19252611","34","19145993"
"KN296817v1","120779","121084","JH378166","8444849","8445156","38","8324070"
"KN296817v1","134830","134905","JH378111","19404035","19404108","12","19269205"
"KN296817v1","142909","143103","JH378133","22973818","22974011","31","22830909"
"KN296818v1","81539","81847","JH378106","10129130","10129437","40","10047591"
"KN296818v1","113762","114054","JH378158","2897938","2898230","39","2784176"
"KN296818v1","148748","149059","JH378115","2349934","2350239","44","2201186"
"KN296818v1","160156","160444","JH378153","7392982","7393269","32","7232826"
"KN296818v1","207236","207548","JH378106","70986080","70986388","47","70778844"
"KN296818v1","246290","246443","JH378144","13530959","13531109","26","13284669"
"KN296820v1","65072","65365","JH378112","21055636","21055930","37","20990564"
"KN296820v1","410450","410747","JH378220","2876294","2876590","39","2465844"
"KN296820v1","432404","432688","JH378288","933022","933305","36","500618"
"KN296820v1","434202","434504","JH378113","5116740","5117037","48","4682538"
"KN296820v1","435935","436022","JH378137","14941288","14941366","19","14505353"
"KN296820v1","436257","436315","JH378244","4364582","4364645","14","3928325"
"KN296820v1","465306","465603","JH378124","15558279","15558590","34","15092973"
"KN296820v1","499602","499914","JH378248","2253384","2253697","43","1753782"
"KN296820v1","538944","539239","JH378144","3316044","3316341","38","2777100"
"KN296820v1","546643","546963","JH378117","28649561","28649876","37","28102918"
"KN296820v1","585645","585939","JH378115","28712376","28712673","35","28126731"
"KN296820v1","603484","603772","JH378167","8547558","8547847","35","7944074"
"KN296820v1","674743","675049","JH378126","21026752","21027059","41","20352009"
"KN296820v1","757955","758218","JH378114","20208323","20208586","39","19450368"
"KN296820v1","815547","815858","JH378137","4012884","4013190","44","3197337"
"KN296820v1","862578","862856","JH378134","14492325","14492598","53","13629747"
"KN296820v1","914847","915105","JH378115","27980761","27981028","48","27065914"
"KN296820v1","932805","932988","JH378125","5641148","5641327","29","4708343"
"KN296820v1","1014921","1015249","JH378118","24374217","24374525","49","23359296"
"KN296820v1","1018058","1018351","JH378105","4325405","4325701","38","3307347"
"KN296820v1","1066392","1066704","JH378161","11908958","11909274","39","10842566"
"KN296820v1","1179308","1179584","JH378110","20836552","20836831","43","19657244"
"KN296820v1","1195956","1196243","JH378128","19250702","19250986","49","18054746"
"KN296820v1","1272623","1272935","JH378160","11833922","11834221","45","10561299"
"KN296820v1","1478405","1478710","JH378116","824008","824312","39","654397"
"KN296820v1","1491204","1491497","JH378106","1255495","1255784","42","235709"
"KN296820v1","1492347","1492655","JH378167","5351158","5351469","39","3858811"
"KN296821v1","21668","21964","JH378127","18566293","18566586","31","18544625"
"KN296821v1","198939","199241","JH378288","1088673","1088973","35","889734"
"KN296821v1","236661","236946","JH378113","5430335","5430626","35","5193674"
"KN296821v1","307715","307998","JH378113","28252367","28252645","36","27944652"
"KN296821v1","338777","339073","JH378108","46075956","46076254","38","45737179"
"KN296821v1","360986","361152","JH378235","668861","669027","21","307875"
"KN296821v1","418589","418901","JH378115","22676581","22676892","43","22257992"
"KN296821v1","683537","683716","JH378106","68950565","68950746","35","68267028"
"KN296821v1","946527","946606","JH378203","3716264","3716343","10","2769737"
"KN296823v1","25733","26090","JH378112","13167728","13168079","86","13141995"
"KN296825v1","149561","149872","JH378127","12617968","12618277","39","12468407"
"KN296825v1","151599","151909","JH378293","1176870","1177173","40","1025271"
"KN296825v1","157987","158287","JH378150","6357063","6357361","50","6199076"
"KN296825v1","198428","198718","JH378120","18579626","18579907","48","18381198"
"KN296825v1","209003","209192","JH378117","36013518","36013714","31","35804515"
"KN296825v1","284667","284967","JH378184","9675882","9676180","39","9391215"
"KN296825v1","333589","333890","JH378113","2640449","2640755","39","2306860"
"KN296825v1","357915","358187","JH378156","574286","574558","34","216371"
"KN296825v1","394691","394974","JH378113","2775307","2775599","38","2380616"
"KN296825v1","467932","468242","JH378114","31670723","31671027","36","31202791"
"KN296825v1","472783","473075","JH378118","1717526","1717827","45","1244743"
"KN296825v1","488710","488788","JH378111","41521749","41521825","15","41033039"
"KN296825v1","500003","500047","JH378162","14556122","14556161","13","14056119"
"KN296825v1","509036","509298","JH378203","6186181","6186453","46","5677145"
"KN296825v1","528981","529168","JH378107","23945344","23945526","31","23416363"
"KN296825v1","529968","530266","JH378142","5865502","5865800","36","5335534"
"KN296825v1","532970","533284","JH378197","7145768","7146073","37","6612798"
"KN296825v1","555255","555546","JH378129","3667702","3667994","32","3112447"
"KN296825v1","555598","555891","JH378211","2223546","2223840","31","1667948"
"KN296825v1","571991","572284","JH378118","3222818","3223113","40","2650827"
"KN296825v1","608132","608433","JH378187","7554252","7554544","30","6946120"
"KN296825v1","630414","630713","JH378110","31575602","31575901","36","30945188"
"KN296825v1","643140","643436","JH378124","15582898","15583197","38","14939758"
"KN296825v1","655441","655749","JH378113","28744295","28744597","40","28088854"
"KN296825v1","694073","694172","JH378118","23165565","23165662","14","22471492"
"KN296825v1","730123","730415","JH378216","1183275","1183567","38","453152"
"KN296825v1","934192","934500","JH378173","6810042","6810350","38","5875850"
"KN296825v1","1111082","1111384","JH378137","11282926","11283229","34","10171844"
"KN296825v1","1149170","1149455","JH378139","2212330","2212613","31","1063160"
"KN296825v1","1185152","1185461","JH378127","4932962","4933272","35","3747810"
"KN296825v1","1303312","1303599","JH378106","6826425","6826714","34","5523113"
"KN296825v1","1473929","1474226","JH378139","15235758","15236059","33","13761829"
"KN296825v1","1496381","1496689","JH378139","1159515","1159824","28","336866"
"KN296825v1","1497706","1498009","JH378158","2897938","2898230","42","1400232"
"KN296825v1","1552323","1552616","JH378216","6814492","6814786","33","5262169"
"KN296825v1","1570642","1570952","JH378126","21026752","21027059","38","19456110"
"KN296825v1","1586063","1586371","JH378125","7110609","7110915","39","5524546"
"KN296825v1","1590108","1590418","JH378112","33214699","33215012","30","31624591"
"KN296825v1","1595309","1595605","JH378173","9107488","9107786","30","7512179"
"KN296825v1","1596243","1596550","JH378112","30436376","30436684","38","28840133"
"KN296825v1","1598425","1598735","JH378224","2769148","2769454","31","1170723"
"KN296825v1","1599309","1599595","JH378115","17153051","17153333","39","15553742"
"KN296825v1","1603957","1604122","JH378113","32219902","32220070","18","30615945"
"KN296825v1","1605127","1605438","JH378118","902410","902720","42","702717"
"KN296825v1","1608842","1609144","JH378262","294407","294712","39","1314435"
"KN296825v1","1624481","1624781","JH378143","9316279","9316577","37","7691798"
"KN296825v1","1638358","1638653","JH378252","1272655","1272952","34","365703"
"KN296825v1","1653900","1654190","JH378127","25753273","25753567","41","24099373"
"KN296825v1","1661791","1662084","JH378141","16295875","16296172","38","14634084"
"KN296825v1","1666603","1666917","JH378165","5178810","5179119","44","3512207"
"KN296825v1","1688774","1689072","JH378170","4783494","4783792","38","3094720"
"KN296825v1","1706087","1706410","JH378116","26166005","26166316","44","24459918"
"KN296825v1","1706457","1706649","JH378167","7347108","7347297","30","5640651"
"KN296825v1","1732567","1732861","JH378136","7677923","7678227","45","5945356"
"KN296825v1","1758027","1758317","JH378139","16259084","16259375","29","14501057"
"KN296825v1","1773180","1773480","JH378197","7145768","7146073","30","5372588"
"KN296825v1","1795572","1795878","JH378121","19920880","19921179","41","18125308"
"KN296825v1","1797368","1797559","JH378131","3414086","3414273","33","1616718"
"KN296825v1","1800277","1800572","JH378152","12468126","12468428","53","10667849"
"KN296825v1","1804173","1804456","JH378153","5259027","5259313","33","3454854"
"KN296825v1","1829360","1829625","JH378110","17469057","17469320","36","15639697"
"KN296825v1","1864192","1864487","JH378123","48357","48656","36","1815835"
"KN296825v1","1909857","1910160","JH378206","6984481","6984785","45","5074624"
"KN296825v1","1914251","1914556","JH378142","5865502","5865800","35","3951251"
"KN296825v1","1925585","1925884","JH378173","4155896","4156193","33","2230311"
"KN296825v1","2014204","2014495","JH378106","1432798","1433085","31","581406"
"KN296825v1","2099004","2099301","JH378124","4920301","4920597","43","2821297"
"KN296825v1","2103925","2104231","JH378245","2888977","2889288","36","785052"
"KN296825v1","2138592","2138913","JH378156","2578741","2579050","50","440149"
"KN296825v1","2155911","2156208","JH378288","1088673","1088973","35","1067238"
"KN296825v1","2157272","2157583","JH378144","4944998","4945309","37","2787726"
"KN296825v1","2193089","2193301","JH378235","5655329","5655537","29","3462240"
"KN296825v1","2210309","2210602","JH378205","5080625","5080919","33","2870316"
"KN296825v1","2269428","2269725","JH378114","36239045","36239343","38","33969617"
"KN296825v1","2436793","2437086","JH378157","9676550","9676840","35","7239757"
"KN296825v1","2458514","2458680","JH378118","35539650","35539816","24","33081136"
"KN296825v1","2523532","2523826","JH378182","4053124","4053409","38","1529592"
"KN296825v1","2563107","2563389","JH378135","9939245","9939537","55","7376138"
"KN296825v1","2577079","2577382","JH378167","5351158","5351469","29","2774079"
"KN296825v1","2826711","2827007","JH378113","14455819","14456118","33","11629108"
"KN296825v1","2907884","2908195","JH378195","3091474","3091788","47","183590"
"KN296825v1","2926351","2926650","JH378115","22392502","22392802","36","19466151"
"KN296825v1","2983070","2983380","JH378110","32975507","32975812","36","29992437"
"KN296825v1","3063681","3063936","JH378148","1771023","1771280","35","1292658"
"KN296825v1","3156017","3156313","JH378118","14569958","14570244","46","11413941"
"KN296826v1","63568","63884","JH378167","5351158","5351469","41","5287590"
"KN296826v1","94321","94615","JH378111","8162796","8163099","41","8068475"
"KN296826v1","126683","126975","JH378105","70683132","70683421","47","70556449"
"KN296828v1","28421","28740","JH378253","315934","316240","41","287513"
"KN296828v1","111182","111308","JH378137","17683836","17683960","19","17572654"
"KN296828v1","152804","153094","JH378137","7745755","7746044","34","7592951"
"KN296828v1","161265","161577","JH378119","6124403","6124708","43","5963138"
"KN296828v1","270438","270742","JH378111","8162796","8163099","34","7892358"
"KN296828v1","274709","275018","JH378142","18955749","18956055","38","18681040"
"KN296828v1","295852","295957","JH378135","5259297","5259403","13","4963445"
"KN296828v1","307791","308076","JH378115","36370112","36370396","31","36062321"
"KN296829v1","109196","109484","JH378206","6600635","6600925","43","6491439"
"KN296829v1","314459","314717","JH378157","10852841","10853102","33","10538382"
"KN296829v1","335594","335905","JH378137","19401998","19402301","43","19066404"
"KN296829v1","420164","420453","JH378154","10779530","10779821","31","10359366"
"KN296829v1","468454","468758","JH378114","37036188","37036491","34","36567734"
"KN296829v1","472504","472766","JH378189","3544330","3544589","44","3071826"
"KN296829v1","643941","644231","JH378220","2784017","2784313","32","2140076"
"KN296829v1","723297","723600","JH378129","10258595","10258896","43","9535298"
"KN296829v1","765324","765609","JH378139","16259084","16259375","42","15493760"
"KN296829v1","816960","817160","JH378109","47425046","47425253","35","46608086"
"KN296829v1","842293","842411","JH378122","1800257","1800377","22","957964"
"KN296829v1","867755","868050","JH378179","5895592","5895885","34","5027837"
"KN296829v1","1035457","1035761","JH378113","5116740","5117037","46","4081283"
"KN296831v1","122414","122710","JH378125","19027324","19027621","36","18904910"
"KN296831v1","319187","319483","JH378159","2054904","2055199","27","1735717"
"KN296831v1","377140","377443","JH378110","12146106","12146409","40","11768966"
"KN296831v1","496510","496809","JH378119","23290645","23290935","43","22794135"
"KN296831v1","510162","510433","JH378148","3284028","3284308","44","2773866"
"KN296831v1","566759","567052","JH378116","28869529","28869826","40","28302770"
"KN296831v1","581740","582033","JH378159","5634604","5634895","33","5052864"
"KN296831v1","706285","706585","JH378285","438848","439144","31","267437"
"KN296831v1","708389","708639","JH378120","12134358","12134622","40","11425969"
"KN296831v1","722642","722938","JH378206","2358566","2358861","35","1635924"
"KN296831v1","752694","752885","JH378141","13469997","13470198","29","12717303"
"KN296831v1","786458","786757","JH378227","68096","68393","39","718362"
"KN296833v1","10228","10521","JH378186","4696510","4696802","31","4686282"
"KN296833v1","30051","30327","JH378108","41852353","41852627","38","41822302"
"KN296833v1","37923","38212","JH378105","21630016","21630306","36","21592093"
"KN296833v1","74273","74566","JH378106","8294885","8295176","36","8220612"
"KN296833v1","83940","84245","JH378211","3183783","3184086","33","3099843"
"KN296833v1","105641","105945","JH378111","19698280","19698582","37","19592639"
"KN296833v1","145803","146069","JH378123","11613806","11614072","55","11468003"
"KN296833v1","184129","184446","JH378153","3355875","3356185","40","3171746"
"KN296833v1","298463","298774","JH378126","21026752","21027059","41","20728289"
"KN296833v1","318293","318570","JH378107","28444330","28444601","47","28126037"
"KN296833v1","374137","374439","JH378326","57448","57751","41","316689"
"KN296833v1","386801","387109","JH378126","21026752","21027059","33","20639951"
"KN296833v1","407192","407487","JH378153","11874540","11874839","44","11467348"
"KN296833v1","427059","427370","JH378199","2735832","2736142","33","2308773"
"KN296833v1","436236","436538","JH378124","15582898","15583197","34","15146662"
"KN296833v1","438022","438331","JH378165","5178810","5179119","43","4740788"
"KN296834v1","68210","68502","JH378116","32209502","32209801","55","32141292"
"KN296834v1","124155","124464","JH378126","5168618","5168929","39","5044463"
"KN296834v1","141433","141716","JH378288","933022","933305","30","791589"
"KN296834v1","161743","162031","JH378107","56321933","56322217","51","56160190"
"KN296834v1","254488","254798","JH378288","1088673","1088973","37","834185"
"KN296834v1","415618","415925","JH378185","9926703","9927012","38","9511085"
"KN296834v1","521951","522230","JH378231","4312542","4312824","34","3790591"
"KN296834v1","527687","527998","JH378154","15612419","15612727","43","15084732"
"KN296834v1","635664","635970","JH378106","60843849","60844159","37","60208185"
"KN296834v1","798878","799158","JH378238","696451","696731","36","102427"
"KN296834v1","880805","880978","JH378232","5201860","5202028","24","4321055"
"KN296834v1","982461","982751","JH378271","3183320","3183605","39","2200859"
"KN296836v1","135756","136058","JH378151","4318339","4318636","35","4182583"
"KN296836v1","344651","344963","JH378242","929841","930152","36","585190"
"KN296836v1","414501","414800","JH378185","1734496","1734790","35","1319995"
"KN296836v1","452739","453036","JH378141","16295875","16296172","29","15843136"
"KN296836v1","484235","484530","JH378125","17186392","17186688","39","16702157"
"KN296836v1","700617","700904","JH378321","896363","896656","37","195746"
"KN296836v1","717347","717625","JH378137","2561271","2561548","44","1843924"
"KN296836v1","717654","717665","JH378189","7208291","7208302","5","6490637"
"KN296836v1","742607","742925","JH378167","5351158","5351469","40","4608551"
"KN296836v1","816646","816946","JH378116","28869529","28869826","36","28052883"
"KN296836v1","845778","845912","JH378162","7246810","7246941","16","6401032"
"KN296836v1","853766","854078","JH378106","70986080","70986388","44","70132314"
"KN296836v1","883624","883922","JH378106","45314834","45315127","45","44431210"
"KN296836v1","942995","943301","JH378193","2100946","2101250","39","1157951"
"KN296842v1","53508","53739","JH378201","7319002","7319229","31","7265494"
"KN296844v1","70094","70391","JH378197","1421270","1421558","49","1351176"
"KN296844v1","78055","78352","JH378271","3183320","3183605","45","3105265"
"KN296844v1","85765","86075","JH378141","18128013","18128320","38","18042248"
"KN296844v1","87777","88062","JH378121","29566176","29566469","40","29478399"
"KN296844v1","111785","112096","JH378139","18632207","18632516","41","18520422"
"KN296844v1","127270","127578","JH378139","18632207","18632516","31","18504937"
"KN296844v1","147502","147763","JH378115","29767080","29767342","36","29619578"
"KN296844v1","419039","419332","JH378117","24869583","24869886","45","24450544"
"KN296844v1","457676","457749","JH378113","4237875","4237947","9","3780199"
"KN296844v1","869608","869914","JH378167","5351158","5351469","41","4481550"
"KN296844v1","912286","912525","JH378160","9351529","9351769","40","8439243"
"KN296844v1","919159","919456","JH378288","1088673","1088973","36","169514"
"KN296844v1","928460","928749","JH378167","8547558","8547847","27","7619098"
"KN296844v1","940597","940898","JH378228","5509057","5509356","27","4568460"
"KN296844v1","966160","966442","JH378107","27056287","27056566","37","26090127"
"KN296844v1","972350","972629","JH378115","16616557","16616837","40","15644207"
"KN296844v1","979678","979918","JH378105","1160237","1160477","35","180559"
"KN296844v1","979923","980018","JH378109","34836492","34836595","17","33856569"
"KN296846v1","11871","12174","JH378107","7568037","7568336","40","7556166"
"KN296846v1","31522","31850","JH378204","2247445","2247754","54","2215923"
"KN296846v1","49065","49405","JH378240","2025480","2025817","50","1976415"
"KN296846v1","159825","160124","JH378115","28712376","28712673","33","28552551"
"KN296846v1","243257","243555","JH378176","3604115","3604408","34","3360858"
"KN296846v1","275552","275852","JH378141","10578227","10578526","35","10302675"
"KN296846v1","341033","341328","JH378240","2631911","2632205","39","2290878"
"KN296846v1","391301","391618","JH378139","19415987","19416286","48","19024686"
"KN296846v1","436668","436967","JH378148","6480728","6481028","35","6044060"
"KN296846v1","514188","514484","JH378115","28712376","28712673","33","28198188"
"KN296846v1","519039","519351","JH378105","36873594","36873901","52","36354555"
"KN296846v1","528743","529032","JH378244","4010045","4010331","31","3481302"
"KN296846v1","657623","657850","JH378108","33569101","33569324","33","32911478"
"KN296846v1","675714","676022","JH378175","7061237","7061546","33","6385523"
"KN296846v1","696493","696743","JH378125","1132359","1132609","37","435866"
"KN296846v1","742767","743042","JH378140","14073854","14074132","37","13331087"
"KN296846v1","806068","806399","JH378173","12602879","12603203","44","11796811"
"KN296846v1","837852","838078","JH378140","5100421","5100648","27","4262569"
"KN296846v1","971671","971982","JH378115","34859185","34859494","44","33887514"
"KN296846v1","1039802","1040080","JH378288","933022","933305","43","106780"
"KN296846v1","1085254","1085557","JH378149","11109971","11110270","37","10024717"
"KN296846v1","1251738","1251926","JH378105","20099769","20099974","36","18848031"
"KN296847v1","1296","1430","JH378153","2127454","2127589","14","2126158"
"KN296847v1","1725","1881","JH378108","32665441","32665599","27","32663716"
"KN296847v1","21786","22059","JH378199","1882376","1882653","47","1860590"
"KN296847v1","24467","24771","JH378288","1088673","1088973","33","1064206"
"KN296847v1","24906","25207","JH378135","15292131","15292429","38","15267225"
"KN296847v1","102197","102478","JH378116","37101356","37101631","52","36999159"
"KN296847v1","119046","119335","JH378176","9716970","9717264","41","9597924"
"KN296847v1","190456","190758","JH378114","30126711","30127013","41","29936255"
"KN296847v1","221336","221631","JH378122","10686670","10686967","30","10465334"
"KN296847v1","241474","241747","JH378153","5756963","5757237","30","5515489"
"KN296847v1","349813","350112","JH378185","279890","280186","35","69923"
"KN296847v1","433386","433695","JH378115","23201999","23202310","36","22768613"
"KN296847v1","447330","447641","JH378132","6353687","6353995","43","5906357"
"KN296847v1","482246","482542","JH378113","14455819","14456118","35","13973573"
"KN296847v1","549481","549791","JH378122","9816070","9816375","32","9266589"
"KN296847v1","608271","608581","JH378107","7568037","7568336","44","6959766"
"KN296847v1","778270","778575","JH378148","17201496","17201806","31","16423226"
"KN296847v1","792459","792738","JH378108","17647538","17647819","37","16855079"
"KN296847v1","855454","855756","JH378115","28712376","28712673","42","27856922"
"KN296847v1","994520","994819","JH378115","30864164","30864459","35","29869644"
"KN296847v1","1392071","1392359","JH378118","1154846","1155136","75","237225"
"KN296847v1","1494229","1494530","JH378115","25570507","25570808","37","24076278"
"KN296847v1","1522449","1522729","JH378119","341991","342264","41","1180458"
"KN296847v1","1781892","1782199","JH378116","34280534","34280833","48","32498642"
"KN296847v1","1899752","1900033","JH378146","17641437","17641717","41","15741685"
"KN296847v1","1931140","1931439","JH378232","5456587","5456885","34","3525447"
"KN296847v1","1997109","1997406","JH378121","29566176","29566469","27","27569067"
"KN296847v1","2044424","2044710","JH378110","24981494","24981772","54","22937070"
"KN296847v1","2112828","2112991","JH378276","3218707","3218856","43","1105879"
"KN296847v1","2153930","2154261","JH378178","7658449","7658774","44","5504519"
"KN296849v1","6466","6726","JH378197","4298540","4298792","58","4292074"
"KN296849v1","28928","29201","JH378129","11457553","11457829","27","11428625"
"KN296849v1","51083","51378","JH378122","10686670","10686967","40","10635587"
"KN296849v1","59330","59471","JH378112","13513721","13513855","30","13454391"
"KN296849v1","67077","67362","JH378141","12391086","12391376","55","12324009"
"KN296849v1","68410","68711","JH378106","69356630","69356919","49","69288220"
"KN296849v1","73723","73981","JH378205","6901536","6901785","53","6827813"
"KN296849v1","79894","80177","JH378124","23710197","23710477","48","23630303"
"KN296849v1","84962","85160","JH378125","888991","889191","30","804029"
"KN296849v1","89555","89860","JH378193","4430309","4430615","47","4340754"
"KN296849v1","102507","102806","JH378288","1088673","1088973","42","986166"
"KN296849v1","104645","104746","JH378139","18903946","18904047","12","18799301"
"KN296849v1","111267","111578","JH378127","18482283","18482588","48","18371016"
"KN296849v1","113094","113392","JH378139","18557202","18557489","50","18444108"
"KN296849v1","145997","146191","JH378160","13593610","13593805","33","13447613"
"KN296849v1","155995","156136","JH378118","3229534","3229670","29","3073539"
"KN296849v1","228800","229099","JH378140","15536990","15537288","35","15308190"
"KN296849v1","308336","308636","JH378288","674738","675036","28","366402"
"KN296849v1","314033","314311","JH378110","16229796","16230082","45","15915763"
"KN296849v1","317905","318213","JH378288","674738","675036","51","356833"
"KN296849v1","339632","339935","JH378207","4818937","4819241","35","4479305"
"KN296849v1","363598","363884","JH378105","64086625","64086912","37","63723027"
"KN296849v1","382497","382795","JH378289","1436865","1437165","34","1054368"
"KN296849v1","395235","395432","JH378106","63232082","63232273","31","62836847"
"KN296849v1","395897","396201","JH378115","25041145","25041450","47","24645248"
"KN296849v1","431070","431357","JH378206","7025586","7025873","30","6594516"
"KN296849v1","515828","516000","AGCE01150349","866","1035","23","514962"
"KN296849v1","520503","520807","JH378140","6540936","6541239","35","6020433"
"KN296849v1","553972","554265","JH378110","39706997","39707294","29","39153025"
"KN296849v1","575309","575615","JH378107","32029619","32029921","45","31454310"
"KN296849v1","601551","601863","JH378112","33214699","33215012","35","32613148"
"KN296849v1","627686","627765","JH378203","1853015","1853095","12","1225329"
"KN296849v1","759650","759945","JH378127","11653984","11654276","36","10894334"
"KN296849v1","800798","801094","JH378110","28634513","28634800","50","27833715"
"KN296849v1","843652","843946","JH378216","6814492","6814786","37","5970840"
"KN296849v1","849129","849431","JH378137","14554585","14554893","35","13705456"
"KN296849v1","872987","873097","JH378260","2735523","2735633","15","1862536"
"KN296849v1","894483","894782","JH378171","4458179","4458478","38","3563696"
"KN296849v1","910274","910584","JH378136","5570577","5570888","42","4660303"
"KN296849v1","918246","918547","JH378216","4224502","4224803","37","3306256"
"KN296849v1","942413","942723","JH378124","15582898","15583197","36","14640485"
"KN296849v1","956585","956888","JH378108","45070238","45070540","32","44113653"
"KN296851v1","60091","60403","JH378142","2538482","2538791","49","2478391"
"KN296851v1","90245","90442","JH378276","1641305","1641487","39","1551060"
"KN296852v1","6652","6956","JH378115","26640201","26640508","30","26633549"
"KN296852v1","61670","61952","JH378131","2409707","2409985","43","2348037"
"KN296852v1","63464","63559","JH378105","49231255","49231353","19","49167791"
"KN296852v1","78136","78424","JH378141","15420214","15420501","52","15342078"
"KN296852v1","81401","81670","JH378232","235224","235495","37","153823"
"KN296852v1","100719","101014","JH378111","42787057","42787349","46","42686338"
"KN296852v1","1023372","1023675","JH378125","15893280","15893581","34","14869908"
"KN296852v1","1229132","1229443","JH378263","2502889","2503200","40","1273757"
"KN296852v1","1381537","1381831","JH378203","220054","220352","51","1161483"
"KN296852v1","1421117","1421433","JH378105","7615390","7615708","51","6194273"
"KN296852v1","1424356","1424660","JH378111","42112707","42113007","33","40688351"
"KN296852v1","1651546","1651843","JH378142","5865502","5865800","38","4213956"
"KN296852v1","1720995","1721295","JH378207","4818937","4819241","43","3097942"
"KN296852v1","1756245","1756549","JH378126","21026752","21027059","37","19270507"
"KN296852v1","1909513","1909822","JH378139","18632207","18632516","40","16722694"
"KN296852v1","1929786","1930069","JH378198","1596143","1596429","37","333643"
"KN296852v1","2067704","2067787","JH378112","15119514","15119597","12","13051810"
"KN296852v1","2115938","2116216","JH378115","16616557","16616837","33","14500619"
"KN296852v1","2281736","2282044","JH378107","6362000","6362315","41","4080264"
"KN296852v1","2377224","2377518","JH378119","27348354","27348646","38","24971130"
"KN296852v1","2923593","2923904","JH378113","25337710","25338022","46","22414117"
"KN296852v1","2958835","2959138","JH378159","15717599","15717893","42","12758764"
"KN296852v1","3160525","3160815","JH378170","5402038","5402322","42","2241513"
"KN296852v1","3211627","3211923","JH378105","55776544","55776842","41","52564917"
"KN296852v1","3267633","3267925","JH378220","2181761","2182059","37","1085872"
"KN296853v1","21925","22235","JH378111","32801132","32801440","56","32779207"
"KN296853v1","175104","175393","JH378229","2791774","2792064","40","2616670"
"KN296854v1","142888","143211","JH378269","1820649","1820970","47","1677761"
"KN296854v1","196194","196520","JH378246","4457511","4457836","43","4261317"
"KN296859v1","375222","375519","JH378148","6480728","6481028","35","6105506"
"KN296859v1","566268","566577","JH378118","24374217","24374525","39","23807949"
"KN296859v1","894307","894598","JH378213","7262203","7262510","52","6367896"
"KN296859v1","950653","950965","JH378126","21026752","21027059","38","20076099"
"KN296859v1","974726","975019","JH378153","7392982","7393269","36","6418256"
"KN296859v1","998682","998973","JH378131","20072845","20073138","33","19074163"
"KN296859v1","1024799","1025096","JH378130","7315282","7315582","41","6290483"
"KN296859v1","1025318","1025450","JH378120","24095630","24095762","15","23070312"
"KN296859v1","1055873","1056176","JH378108","30731255","30731558","47","29675382"
"KN296859v1","1120434","1120742","JH378120","2575540","2575851","45","1455106"
"KN296859v1","1205319","1205628","JH378116","16275081","16275388","32","15069762"
"KN296859v1","1221739","1222070","JH378111","3295194","3295521","56","2073455"
"KN296859v1","1261462","1261754","JH378220","4986448","4986738","43","3724986"
"KN296859v1","1274318","1274617","JH378153","2633512","2633810","35","1359194"
"KN296859v1","1287846","1288109","JH378236","828966","829232","40","458880"
"KN296859v1","1326366","1326673","JH378288","1290680","1290985","39","35686"
"KN296859v1","1346970","1347280","JH378148","17201496","17201806","43","15854526"
"KN296859v1","1355499","1355797","JH378151","8381511","8381803","39","7026012"
"KN296859v1","1400662","1400968","JH378149","15804533","15804840","40","14403871"
"KN296859v1","1409108","1409401","JH378293","1524576","1524874","39","115468"
"KN296859v1","1455762","1456069","JH378126","21026752","21027059","41","19570990"
"KN296859v1","1490366","1490684","JH378148","2592064","2592393","55","1101698"
"KN296859v1","1504642","1504926","JH378142","18322987","18323264","30","16818345"
"KN296859v1","1518750","1518864","JH378198","6091954","6092067","15","4573204"
"KN296859v1","1557149","1557439","JH378157","9676550","9676840","32","8119401"
"KN296859v1","1559760","1560067","JH378206","6984481","6984785","40","5424721"
"KN296859v1","1562524","1562812","JH378106","69356630","69356919","33","67794106"
"KN296859v1","1567357","1567646","JH378140","5366694","5366983","40","3799337"
"KN296859v1","1617849","1618014","JH378260","3777889","3778051","24","2160040"
"KN296859v1","1621311","1621593","JH378255","2278757","2279046","50","657446"
"KN296859v1","1693224","1693533","JH378197","7145768","7146073","39","5452544"
"KN296859v1","1701478","1701803","JH378229","4120796","4121104","44","2419318"
"KN296859v1","1711641","1711940","JH378120","10280397","10280698","36","8568756"
"KN296859v1","1720602","1720911","JH378187","2906095","2906405","29","1185493"
"KN296859v1","1766898","1767208","JH378139","1159515","1159824","43","607383"
"KN296859v1","1853237","1853407","JH378217","6580631","6580798","22","4727394"
"KN296859v1","1853751","1854045","JH378105","63350416","63350707","38","61496665"
"KN296859v1","1864532","1864832","JH378151","4318339","4318636","36","2453807"
"KN296859v1","1899968","1900269","JH378114","31772383","31772683","36","29872415"
"KN296859v1","1901292","1901604","JH378114","31670723","31671027","40","29769431"
"KN296859v1","1936671","1936962","JH378284","239562","239856","39","1697109"
"KN296859v1","1956936","1957225","JH378108","42296533","42296820","36","40339597"
"KN296859v1","1958867","1959172","JH378293","1892833","1893133","44","66034"
"KN296859v1","1961499","1961797","JH378159","15717599","15717893","41","13756100"
"KN296859v1","2000795","2001055","JH378173","6043976","6044232","30","4043181"
"KN296859v1","2001993","2002289","JH378163","2667861","2668158","36","665868"
"KN296859v1","2024687","2024969","JH378153","7392982","7393269","37","5368295"
"KN296859v1","2080685","2080973","JH378111","42787057","42787349","40","40706372"
"KN296859v1","2173900","2174019","JH378129","21895580","21895695","23","19721680"
"KN296859v1","2230032","2230334","JH378148","15796597","15796901","30","13566565"
"KN296863v1","58630","58942","JH378115","26640201","26640508","37","26581571"
"KN296864v1","1179503","1179794","JH378107","57325483","57325775","29","56145980"
"KN296864v1","16219","16592","JH378322","670545","670919","91","654326"
"KN296864v1","44374","44630","JH378212","595089","595334","48","550715"
"KN296864v1","58890","59195","JH378167","5351158","5351469","52","5292268"
"KN296864v1","129363","129666","JH378110","38852916","38853220","44","38723553"
"KN296864v1","165570","165877","JH378155","15098133","15098431","36","14932563"
"KN296864v1","183970","184052","JH378122","7615751","7615835","18","7431781"
"KN296864v1","245343","245642","JH378235","1381290","1381589","34","1135947"
"KN296864v1","292351","292655","JH378188","8867114","8867419","38","8574763"
"KN296864v1","663509","663770","JH378173","6043976","6044232","33","5380467"
"KN296864v1","726942","727239","JH378157","9676550","9676840","42","8949608"
"KN296864v1","770000","770302","JH378121","28319189","28319488","32","27549189"
"KN296864v1","775025","775281","JH378136","14387289","14387552","44","13612264"
"KN296864v1","826581","826881","JH378127","11653984","11654276","35","10827403"
"KN296864v1","854086","854325","JH378169","5483752","5483989","39","4629666"
"KN296864v1","870975","871149","JH378135","381040","381211","16","489935"
"KN296864v1","881705","882015","JH378173","345930","346231","37","535775"
"KN296864v1","893021","893314","JH378220","2537784","2538076","38","1644763"
"KN296864v1","921435","921743","JH378110","22850463","22850768","38","21929028"
"KN296864v1","958921","959209","JH378130","20800","21083","31","938121"
"KN296864v1","966928","967231","JH378107","7568037","7568336","36","6601109"
"KN296864v1","1039598","1039902","JH378166","1276502","1276806","34","236904"
"KN296864v1","1054378","1054683","JH378126","21026752","21027059","37","19972374"
"KN296864v1","1061844","1061991","JH378242","2184864","2185014","18","1123020"
"KN296864v1","1069964","1070248","JH378148","2950270","2950555","34","1880306"
"KN296864v1","1107237","1107427","JH378232","420548","420740","22","686689"
"KN296864v1","1131666","1131984","JH378164","10217165","10217476","39","9085499"
"KN296864v1","1134106","1134364","JH378139","2679607","2679865","40","1545501"
"KN296864v1","1141938","1142248","JH378126","21026752","21027059","34","19884814"
"KN296864v1","1148460","1148758","JH378115","28712376","28712673","32","27563916"
"KN296864v1","1149374","1149664","JH378106","3052818","3053105","38","1903444"
"KN296864v1","1190827","1191134","JH378197","7145768","7146073","32","5954941"
"KN296864v1","1258719","1259023","JH378115","25041145","25041450","30","23782426"
"KN296864v1","1280556","1280848","JH378125","17186392","17186688","37","15905836"
"KN296864v1","1295757","1296057","JH378114","7122925","7123229","34","5827168"
"KN296864v1","1363773","1364078","JH378115","25570507","25570808","34","24206734"
"KN296864v1","1367338","1367627","JH378105","35665534","35665817","41","34298196"
"KN296864v1","1383829","1384130","JH378130","7315282","7315582","36","5931453"
"KN296864v1","1385177","1385452","JH378111","24952740","24953017","35","23567563"
"KN296864v1","1388705","1388995","JH378108","3446992","3447282","43","2058287"
"KN296864v1","1394957","1395250","JH378151","3515305","3515602","47","2120348"
"KN296864v1","1399559","1399852","JH378198","4226780","4227075","28","2827221"
"KN296864v1","1414428","1414730","JH378113","14455819","14456118","38","13041391"
"KN296864v1","1424549","1424847","JH378116","28869529","28869826","32","27444980"
"KN296864v1","1426298","1426596","JH378113","37318615","37318924","40","35892317"
"KN296864v1","1432219","1432529","JH378158","5632134","5632434","36","4199915"
"KN296864v1","1441798","1442096","JH378241","5492398","5492696","31","4050600"
"KN296864v1","1454566","1454873","JH378147","16080707","16081014","33","14626141"
"KN296864v1","1471723","1472030","JH378118","3849310","3849614","50","2377587"
"KN296864v1","1479058","1479356","JH378122","7536361","7536659","31","6057303"
"KN296864v1","1648405","1648713","JH378136","1594394","1594705","40","54011"
"KN296864v1","1662083","1662214","JH378127","11552471","11552600","18","9890388"
"KN296864v1","1718073","1718360","JH378134","14492325","14492598","50","12774252"
"KN296864v1","1729676","1729958","JH378142","1037845","1038132","46","691831"
"KN296864v1","1729959","1730260","JH378115","19219287","19219586","38","17489328"
"KN296864v1","1739601","1739829","JH378125","1132359","1132609","41","607242"
"KN296864v1","1831519","1831798","JH378106","3052818","3053105","54","1221299"
"KN296864v1","1863683","1863992","JH378126","21026752","21027059","26","19163069"
"KN296864v1","1922551","1922857","JH378111","32787449","32787755","36","30864898"
"KN296864v1","1925790","1926095","JH378197","7145768","7146073","36","5219978"
"KN296864v1","2053460","2053778","JH378197","7145768","7146073","51","5092308"
"KN296864v1","2090939","2091245","JH378108","30731255","30731558","35","28640316"
"KN296864v1","2109960","2110261","JH378119","6124403","6124708","41","4014443"
"KN296864v1","2130461","2130753","JH378293","2045148","2045440","39","85313"
"KN296864v1","2165564","2165861","JH378333","587605","587900","33","1577959"
"KN296864v1","2166461","2166764","JH378148","16894934","16895237","40","14728473"
"KN296864v1","2183999","2184291","JH378144","7235841","7236134","43","5051842"
"KN296864v1","2187104","2187237","JH378117","8611357","8611489","17","6424253"
"KN296864v1","2197361","2197659","JH378153","5378076","5378375","39","3180715"
"KN296864v1","2199851","2200146","JH378271","91360","91654","32","2108491"
"KN296864v1","2262483","2262695","JH378190","201928","202138","26","2060555"
"KN296864v1","2274233","2274532","JH378125","16714065","16714364","38","14439832"
"KN296864v1","2277311","2277403","JH378117","8471203","8471292","12","6193892"
"KN296864v1","2327478","2327797","JH378120","16327645","16327955","39","14000167"
"KN296864v1","2330659","2330820","JH378105","57398641","57398804","24","55067982"
"KN296864v1","2347435","2347730","JH378181","6657533","6657829","34","4310098"
"KN296864v1","2374846","2375131","JH378153","7392982","7393269","30","5018136"
"KN296864v1","2420191","2420493","JH378111","42112707","42113007","32","39692516"
"KN296864v1","2422754","2423048","JH378156","11078942","11079236","39","8656188"
"KN296864v1","2487995","2488217","JH378178","10947790","10948009","29","8459795"
"KN296864v1","2562900","2562975","JH378220","4499763","4499836","13","1936863"
"KN296864v1","2577902","2578182","JH378182","9240926","9241205","39","6663024"
"KN296864v1","2578212","2578223","JH378189","7208291","7208302","4","4630079"
"KN296864v1","2587939","2588249","JH378129","118784","119095","31","2469155"
"KN296864v1","2599489","2599795","JH378115","25570507","25570808","32","22971018"
"KN296864v1","2647920","2648213","JH378159","11461654","11461947","34","8813734"
"KN296864v1","2653794","2654100","JH378167","5351158","5351469","35","2697364"
"KN296864v1","2657239","2657539","JH378152","12357574","12357862","45","9700335"
"KN296864v1","2664457","2664750","JH378139","16259084","16259375","41","13594627"
"KN296864v1","2669173","2669446","JH378176","1295936","1296216","40","1373237"
"KN296864v1","2682973","2683265","JH378110","27422005","27422291","47","24739032"
"KN296864v1","2691180","2691474","JH378105","49346265","49346563","36","46655085"
"KN296864v1","2700906","2701204","JH378115","25570507","25570808","31","22869601"
"KN296864v1","2708030","2708339","JH378149","16136463","16136764","48","13428433"
"KN296864v1","2751848","2752133","JH378112","21520492","21520774","37","18768644"
"KN296864v1","2763286","2763596","JH378106","10129130","10129437","53","7365844"
"KN296864v1","2776760","2777063","JH378197","7145768","7146073","28","4369008"
"KN296864v1","2909881","2910176","JH378257","87786","88089","39","2822095"
"KN296864v1","2932672","2932967","JH378114","38868751","38869045","35","35936079"
"KN296864v1","2936212","2936520","JH378106","70986080","70986388","35","68049868"
"KN296864v1","2950501","2950802","JH378125","4531961","4532261","30","1581460"
"KN296864v1","2966570","2966869","JH378288","1088673","1088973","34","1877897"
"KN296864v1","2968763","2969062","JH378113","14455819","14456118","33","11487056"
"KN296864v1","3022738","3023024","JH378111","20603266","20603567","44","17580528"
"KN296864v1","3035757","3036017","JH378113","699321","699578","38","2336436"
"KN296864v1","3040489","3040796","JH378115","26640201","26640508","31","23599712"
"KN296864v1","3045146","3045452","JH378142","5865502","5865800","42","2820356"
"KN296864v1","3121619","3121816","JH378136","10418163","10418358","23","7296544"
"KN296864v1","3129440","3129746","JH378218","917986","918289","42","2211454"
"KN296864v1","3243785","3244101","JH378130","1202684","1202989","44","2041101"
"KN296864v1","3250041","3250347","JH378213","5393305","5393609","34","2143264"
"KN296864v1","3282048","3282362","JH378197","7145768","7146073","41","3863720"
"KN296864v1","3294653","3294769","JH378105","10168274","10168390","17","6873621"
"KN296864v1","3298900","3299189","JH378148","2950270","2950555","29","348630"
"KN296864v1","3304000","3304300","JH378259","3335376","3335675","38","31376"
"KN296864v1","3315914","3316170","JH378148","3046542","3046786","56","269372"
"KN296864v1","3319753","3320055","JH378124","15582898","15583197","39","12263145"
"KN296864v1","3325663","3325952","JH378112","32026156","32026444","36","28700493"
"KN296864v1","3331322","3331628","JH378149","3565481","3565785","34","234159"
"KN296864v1","3345187","3345441","JH378119","28597739","28597991","31","25252552"
"KN296864v1","3346507","3346818","JH378108","46527082","46527393","42","43180575"
"KN296864v1","3348451","3348710","JH378110","34075308","34075574","38","30726857"
"KN296864v1","3350537","3350854","JH378151","4506892","4507210","40","1156355"
"KN296864v1","3352751","3353049","JH378139","18955642","18955939","31","15602891"
"KN296864v1","3361185","3361498","JH378147","12443857","12444168","36","9082672"
"KN296864v1","3371011","3371321","JH378111","42112707","42113007","38","38741696"
"KN296864v1","3379217","3379564","JH378213","4415237","4415570","59","1036020"
"KN296865v1","17336","17644","JH378113","6199734","6200044","39","6182398"
"KN296865v1","50459","50772","JH378149","13456174","13456477","40","13405715"
"KN296865v1","87198","87466","JH378115","21552389","21552662","32","21465191"
"KN296865v1","703410","703705","JH378121","18831730","18832017","44","18128320"
"KN296865v1","749113","749415","JH378178","1717736","1718040","35","968623"
"KN296865v1","758948","759022","JH378322","306096","306169","8","452852"
"KN296865v1","761616","761926","JH378319","194767","195070","32","566849"
"KN296865v1","766711","767018","JH378117","9981348","9981653","42","9214637"
"KN296865v1","782701","782873","JH378135","381040","381211","18","401661"
"KN296865v1","785849","786157","JH378107","7568037","7568336","47","6782188"
"KN296865v1","792303","792434","JH378139","78319","78450","16","713984"
"KN296865v1","792438","792733","JH378181","2393882","2394177","31","1601444"
"KN296865v1","914230","914357","JH378141","1955174","1955287","32","1040944"
"KN296865v1","987875","988181","JH378206","4086994","4087300","35","3099119"
"KN296865v1","1078137","1078440","JH378107","32029619","32029921","36","30951482"
"KN296865v1","1087565","1087850","JH378254","3916143","3916437","46","2828578"
"KN296865v1","1105405","1105558","JH378111","20207888","20208039","25","19102483"
"KN296865v1","1138327","1138632","JH378206","1109787","1110092","35","28540"
"KN296865v1","1142538","1142834","JH378117","7652325","7652619","37","6509787"
"KN296865v1","1182321","1182618","JH378184","443270","443568","44","739051"
"KN296865v1","1185990","1186287","JH378207","3169344","3169645","32","1983354"
"KN296865v1","1528026","1528327","JH378228","5509057","5509356","33","3981031"
"KN296865v1","1643478","1643796","JH378120","16327645","16327955","49","14684167"
"KN296865v1","1645747","1646065","JH378120","16327645","16327955","49","14681898"
"KN296865v1","1666957","1667241","JH378180","365735","366022","40","1301222"
"KN296865v1","1715556","1715857","JH378262","456547","456851","38","1259009"
"KN296865v1","1723554","1723835","JH378114","20276504","20276786","39","18552950"
"KN296865v1","1731622","1731919","JH378163","13372336","13372629","36","11640714"
"KN296865v1","1848444","1848747","JH378216","53719","54020","36","1794725"
"KN296865v1","1893199","1893505","JH378111","32787449","32787755","38","30894250"
"KN296865v1","1898824","1899118","JH378241","4864383","4864676","32","2965559"
"KN296865v1","1909996","1910296","JH378246","2154157","2154450","31","244161"
"KN296869v1","48114","48417","JH378106","1255495","1255784","45","1207381"
"KN296869v1","419770","420061","JH378216","3208225","3208520","40","2788455"
"KN296869v1","494580","494841","JH378165","920270","920533","44","425690"
"KN296869v1","523386","523695","JH378114","36293989","36294293","43","35770603"
"KN296869v1","831494","831795","JH378114","31670723","31671027","46","30839229"
"KN296869v1","977294","977587","JH378153","7392982","7393269","37","6415688"
"KN296871v1","8434","8741","JH378108","17949913","17950223","48","17941479"
"KN296871v1","25130","25427","JH378236","733320","733615","37","708190"
"KN296872v1","57421","57714","JH378173","9055905","9056209","44","8998484"
"KN296872v1","103390","103700","JH378113","28610455","28610764","44","28507065"
"KN296873v1","213579","213819","JH378119","27331241","27331476","33","27117662"
"KN296874v1","245901","246203","JH378224","2769148","2769454","40","2523247"
"KN296874v1","274460","274748","JH378129","12352627","12352910","47","12078167"
"KN296875v1","66806","67133","JH378213","4415237","4415570","55","4348431"
"KN296875v1","300957","301267","JH378197","7145768","7146073","37","6844811"
"KN296877v1","1","191","JH378109","32837907","32838101","39","32837906"
"KN296877v1","12226","12510","JH378182","9240926","9241205","41","9228700"
"KN296877v1","16085","16403","JH378175","970480","970791","60","954395"
"KN296877v1","30659","30820","JH378124","2555812","2555970","17","2525153"
"KN296877v1","31106","31415","JH378225","2598144","2598437","58","2567038"
"KN296877v1","52579","52876","JH378170","4783494","4783792","37","4730915"
"KN296877v1","91398","91703","JH378108","2394267","2394578","43","2302869"
"KN296877v1","96238","96564","JH378109","41751868","41752197","42","41655630"
"KN296877v1","101695","101984","JH378112","35855394","35855682","37","35753699"
"KN296877v1","109955","110257","JH378271","459308","459608","39","349353"
"KN296877v1","111942","112217","JH378151","11699176","11699456","42","11587234"
"KN296877v1","117045","117198","JH378149","14528957","14529113","20","14411912"
"KN296877v1","124107","124408","JH378127","19048485","19048788","40","18924378"
"KN296877v1","133504","133805","JH378163","13372336","13372629","31","13238832"
"KN296877v1","157105","157397","JH378141","16295875","16296172","35","16138770"
"KN296877v1","174635","174935","JH378151","9657550","9657850","38","9482915"
"KN296877v1","189376","189684","JH378206","4086994","4087300","40","3897618"
"KN296877v1","224587","224894","JH378120","16327645","16327955","34","16103058"
"KN296877v1","257235","257541","JH378110","44458587","44458889","36","44201352"
"KN296877v1","339774","340084","JH378113","6199734","6200044","36","5859960"
"KN296877v1","495053","495362","JH378115","23201999","23202310","39","22706946"
"KN296879v1","34571","34882","JH378112","37711276","37711587","42","37676705"
"KN296879v1","76665","76966","JH378146","9754214","9754514","44","9677549"
"KN296879v1","132594","132906","JH378126","21026752","21027059","39","20894158"
"KN296879v1","186102","186403","JH378114","36976328","36976626","35","36790226"
"KN296879v1","188661","188960","JH378170","4783494","4783792","36","4594833"
"KN296879v1","200230","200543","JH378165","5077694","5078005","39","4877464"
"KN296879v1","215668","215975","JH378197","7145768","7146073","36","6930100"
"KN296879v1","229981","230157","AGCE01150175","1311","1482","25","228670"
"KN296879v1","269144","269438","JH378239","4541808","4542096","38","4272664"
"KN296879v1","312670","312974","JH378197","7145768","7146073","35","6833098"
"KN296879v1","357051","357233","JH378225","588092","588275","34","231041"
"KN296879v1","357533","357649","JH378120","3445703","3445817","13","3088170"
"KN296879v1","396353","396651","JH378170","4783494","4783792","32","4387141"
"KN296879v1","407148","407438","JH378167","6690076","6690370","44","6282928"
"KN296879v1","435379","435670","JH378179","10756347","10756638","33","10320968"
"KN296879v1","498736","499020","JH378139","6897029","6897319","38","6398293"
"KN296879v1","617553","617718","JH378172","5606262","5606427","21","4988709"
"KN296879v1","618017","618154","JH378131","2425395","2425527","16","1807378"
"KN296879v1","701349","701636","JH378198","7866211","7866503","31","7164862"
"KN296879v1","731539","731850","JH378136","2520015","2520324","35","1788476"
"KN296879v1","747089","747384","JH378156","2792503","2792798","43","2045414"
"KN296879v1","791216","791507","JH378220","2537784","2538076","35","1746568"
"KN296879v1","806727","807037","JH378106","70986080","70986388","36","70179353"
"KN296879v1","818603","818896","JH378125","7848514","7848807","31","7029911"
"KN296879v1","903583","903917","JH378110","32125100","32125437","53","31221517"
"KN296879v1","940025","940258","JH378106","63127227","63127458","36","62187202"
"KN296879v1","949429","949561","JH378106","68102896","68103031","23","67153467"
"KN296879v1","958268","958324","JH378118","7486179","7486232","17","6527911"
"KN296879v1","958441","958495","JH378204","5689461","5689520","21","4731020"
"KN296879v1","974833","975134","JH378164","13845793","13846084","36","12870960"
"KN296879v1","978561","978648","JH378127","17828353","17828436","15","16849792"
"KN296879v1","985397","985695","JH378145","17123204","17123509","53","16137807"
"KN296879v1","997508","997814","JH378138","5380451","5380753","38","4382943"
"KN296879v1","1049676","1049985","JH378107","4879874","4880181","44","3830198"
"KN296879v1","1187421","1187736","JH378107","8340859","8341167","38","7153438"
"KN296879v1","1273576","1273862","JH378282","2802861","2803151","40","1529285"
"KN296879v1","1321335","1321587","JH378193","7906466","7906718","29","6585131"
"KN296879v1","1365138","1365357","JH378112","12438871","12439095","41","11073733"
"KN296879v1","1400719","1401030","JH378107","7568037","7568336","41","6167318"
"KN296879v1","1481255","1481521","JH378122","4754646","4754913","47","3273391"
"KN296880v1","33249","33560","JH378120","16327645","16327955","34","16294396"
"KN296880v1","40213","40521","JH378127","15393191","15393500","37","15352978"
"KN296880v1","128126","128421","JH378115","30037867","30038159","33","29909741"
"KN296880v1","166327","166627","JH378113","32200260","32200559","35","32033933"
"KN296880v1","176205","176496","JH378139","16259084","16259375","33","16082879"
"KN296880v1","186653","186951","JH378137","17138846","17139141","30","16952193"
"KN296880v1","205562","205858","JH378159","5493568","5493869","40","5288006"
"KN296880v1","234626","234929","JH378111","6779444","6779749","41","6544818"
"KN296880v1","260137","260453","JH378201","3379190","3379503","49","3119053"
"KN296880v1","307223","307522","JH378145","2733878","2734174","29","2426655"
"KN296880v1","368856","369152","JH378308","1420623","1420924","39","1051767"
"KN296880v1","411651","411925","JH378109","25443481","25443755","36","25031830"
"KN296880v1","427005","427313","JH378185","2174597","2174903","45","1747592"
"KN296880v1","450579","450884","JH378229","4120796","4121104","33","3670217"
"KN296883v1","113240","113522","JH378125","4690296","4690580","35","4577056"
"KN296883v1","313604","313890","JH378117","25112135","25112425","32","24798531"
"KN296883v1","343531","343832","JH378308","1198077","1198375","43","854546"
"KN296883v1","357606","357909","JH378170","4783494","4783792","35","4425888"
"KN296883v1","406502","406782","JH378126","21026752","21027059","52","20620250"
"KN296883v1","627793","628093","JH378115","25570507","25570808","38","24942714"
"KN296883v1","664765","665053","JH378153","15066518","15066806","35","14401753"
"KN296883v1","705682","705979","JH378126","23864373","23864670","37","23158691"
"KN296883v1","706535","706841","JH378154","15612419","15612727","38","14905884"
"KN296883v1","753327","753619","JH378125","7848514","7848807","30","7095187"
"KN296883v1","777966","778257","JH378142","1037845","1038132","30","259879"
"KN296883v1","807085","807395","JH378214","2749240","2749548","37","1942155"
"KN296883v1","824629","824926","JH378124","4920301","4920597","34","4095672"
"KN296883v1","829406","829570","JH378154","7460558","7460722","22","6631152"
"KN296883v1","829590","829878","JH378142","12979191","12979481","33","12149601"
"KN296883v1","861159","861491","JH378112","33214699","33215012","52","32353540"
"KN296883v1","864883","865180","JH378110","6966759","6967057","31","6101876"
"KN296883v1","883089","883164","JH378112","8034581","8034656","12","7151492"
"KN296883v1","903847","904102","JH378124","5040993","5041244","33","4137146"
"KN296883v1","943743","944028","JH378220","3352385","3352678","39","2408642"
"KN296883v1","980665","980964","JH378125","15893280","15893581","30","14912615"
"KN296883v1","1038681","1038975","JH378127","11675887","11676180","39","10637206"
"KN296883v1","1050376","1050670","JH378105","20730159","20730452","44","19679783"
"KN296883v1","1075581","1075807","JH378137","9740435","9740667","27","8664854"
"KN296883v1","1079732","1080037","JH378288","1088673","1088973","32","8941"
"KN296883v1","1106638","1106944","JH378193","5076053","5076366","46","3969415"
"KN296883v1","1122895","1123145","JH378206","7548967","7549213","35","6426072"
"KN296883v1","1127547","1127852","JH378113","6692573","6692881","37","5565026"
"KN296883v1","1158620","1158922","JH378206","6998971","6999277","33","5840351"
"KN296883v1","1163808","1164114","JH378110","22850463","22850768","35","21686655"
"KN296883v1","1398907","1399218","JH378196","7661415","7661725","35","6262508"
"KN296883v1","1450767","1451082","JH378132","9054162","9054471","52","7603395"
"KN296883v1","1477010","1477321","JH378157","7405372","7405678","35","5928362"
"KN296883v1","1477679","1477988","JH378173","182761","183057","41","1294918"
"KN296883v1","1517849","1517988","JH378199","1200929","1201060","21","316920"
"KN296883v1","1518303","1518438","JH378128","25025217","25025347","17","23506914"
"KN296883v1","1618740","1618981","JH378149","1664092","1664332","38","45352"
"KN296883v1","1652997","1653297","JH378115","25041145","25041450","25","23388148"
"KN296883v1","1739460","1739764","JH378107","7568037","7568336","40","5828577"
"KN296883v1","1768747","1768910","JH378126","22963374","22963536","20","21194627"
"KN296883v1","1853291","1853579","JH378216","5384248","5384533","34","3530957"
"KN296883v1","1897960","1898240","JH378232","3532176","3532463","42","1634216"
"KN296883v1","2009934","2010198","JH378123","11724155","11724421","38","9714221"
"KN296883v1","2114074","2114368","JH378135","4672021","4672316","49","2557947"
"KN296883v1","2220019","2220312","JH378153","2075387","2075682","33","144632"
"KN296883v1","2281970","2282132","JH378115","35387124","35387288","27","33105154"
"KN296883v1","2286452","2286776","JH378118","17703617","17703951","47","15417165"
"KN296883v1","2302876","2302952","JH378197","4407508","4407585","11","2104632"
"KN296883v1","2692564","2692865","JH378108","30731255","30731558","29","28038691"
"KN296883v1","2765541","2765833","JH378106","6929866","6930160","33","4164325"
"KN296883v1","2779841","2780129","JH378124","1964010","1964299","37","815831"
"KN296883v1","2806181","2806322","JH378113","19650450","19650583","21","16844269"
"KN296883v1","2838259","2838562","JH378262","456547","456851","34","2381712"
"KN296883v1","2856812","2856982","JH378135","3366315","3366483","26","509503"
"KN296883v1","2896048","2896350","JH378107","7568037","7568336","37","4671989"
"KN296883v1","3016399","3016701","JH378110","19934311","19934616","37","16917912"
"KN296883v1","3069352","3069664","JH378116","11181268","11181574","40","8111916"
"KN296883v1","3093098","3093405","JH378108","26482116","26482414","37","23389018"
"KN296883v1","3133054","3133343","JH378122","29867810","29868101","34","26734756"
"KN296883v1","3139310","3139607","JH378106","26726677","26726975","49","23587367"
"KN296883v1","3159263","3159552","JH378106","69239155","69239449","32","66079892"
"KN296883v1","3183017","3183305","JH378110","39266186","39266472","34","36083169"
"KN296883v1","3198406","3198704","JH378209","4966457","4966753","32","1768051"
"KN296883v1","3252416","3252704","JH378128","4093117","4093408","37","840701"
"KN296883v1","3278052","3278348","JH378190","3577662","3577961","34","299610"
"KN296883v1","3282481","3282791","JH378115","23201999","23202310","36","19919518"
"KN296883v1","3312764","3312942","JH378174","1375906","1376080","24","1936858"
"KN296883v1","3315678","3315972","JH378167","8141531","8141823","33","4825853"
"KN296883v1","3328512","3328812","JH378235","4514528","4514824","31","1186016"
"KN296883v1","3353102","3353396","JH378193","699660","699951","38","2653442"
"KN296883v1","3355974","3356284","JH378224","2769148","2769454","33","586826"
"KN296883v1","3364216","3364503","JH378230","2964704","2964994","36","399512"
"KN296883v1","3368572","3368873","JH378114","36976328","36976626","35","33607756"
"KN296883v1","3379295","3379603","JH378110","48295783","48296089","41","44916488"
"KN296883v1","3458845","3459148","JH378114","42074769","42075069","46","38615924"
"KN296883v1","3566025","3566302","JH378130","11181958","11182244","43","7615933"
"KN296883v1","3691615","3691910","JH378131","2446289","2446581","42","1245326"
"KN296883v1","3790315","3790621","JH378150","3147294","3147605","39","643021"
"KN296883v1","3797494","3797799","JH378105","6199598","6199901","37","2402104"
"KN296884v1","7744","8047","JH378118","4012846","4013152","35","4005102"
"KN296884v1","8068","8372","JH378121","8386893","8387197","38","8378825"
"KN296884v1","29766","30074","JH378115","23201999","23202310","39","23172233"
"KN296884v1","31315","31592","JH378118","9593290","9593568","33","9561975"
"KN296884v1","49149","49402","JH378157","10852841","10853102","37","10803692"
"KN296884v1","92314","92606","JH378143","9168017","9168308","34","9075703"
"KN296884v1","96088","96380","JH378106","9881732","9882022","52","9785644"
"KN296884v1","102626","102922","JH378106","8294885","8295176","40","8192259"
"KN296884v1","110691","110955","JH378111","27439463","27439725","35","27328772"
"KN296884v1","119694","119968","JH378216","4862527","4862800","47","4742833"
"KN296884v1","131139","131441","JH378170","4783494","4783792","30","4652355"
"KN296884v1","135832","136145","JH378112","21015725","21016036","33","20879893"
"KN296884v1","155258","155565","JH378122","7899624","7899919","38","7744366"
"KN296884v1","163134","163446","JH378152","14025021","14025330","37","13861887"
"KN296884v1","175502","175811","JH378112","35288143","35288449","34","35112641"
"KN296884v1","314622","314899","JH378105","36884891","36885163","39","36570269"
"KN296884v1","883222","883534","JH378109","11852338","11852636","42","10969116"
"KN296884v1","901072","901369","JH378117","29887137","29887430","37","28986065"
"KN296884v1","958954","959253","JH378127","25458269","25458567","41","24499315"
"KN296884v1","1057853","1058151","JH378108","15420006","15420302","38","14362153"
"KN296884v1","1335068","1335378","JH378264","2364378","2364688","39","1029310"
"KN296884v1","1618829","1619115","JH378189","8088852","8089143","39","6470023"
"KN296884v1","1625148","1625409","JH378168","2031881","2032145","34","406733"
"KN296884v1","1682091","1682377","JH378139","1980713","1981003","42","298622"
"KN296885v1","55284","55570","JH378153","7059947","7060233","35","7004663"
"KN296885v1","549645","549953","JH378135","1042676","1042987","39","493031"
"KN296885v1","759626","759821","JH378232","420548","420740","23","339078"
"KN296885v1","965797","966102","JH378293","327440","327746","34","638357"
"KN296885v1","1372880","1373192","JH378161","448947","449260","45","923933"
"KN296885v1","1440853","1441139","JH378144","5748370","5748662","32","4307517"
"KN296885v1","1960420","1960556","JH378319","201606","201743","16","1758814"
"KN296885v1","1960561","1960770","JH378151","645312","645524","27","1315249"
"KN296885v1","1961780","1962014","JH378145","2527450","2527683","37","565670"
"KN296885v1","1968334","1968633","JH378190","8276191","8276493","42","6307857"
"KN296885v1","2105836","2106144","JH378110","34964111","34964417","52","32858275"
"KN296885v1","2181844","2182154","JH378239","3940828","3941139","36","1758984"
"KN296885v1","2282237","2282544","JH378142","13571288","13571600","52","11289051"
"KN296885v1","2328049","2328373","JH378167","5351158","5351469","47","3023109"
"KN296885v1","3171831","3172133","JH378171","5736292","5736597","35","2564461"
"KN296891v1","40035","40332","JH378153","13895491","13895783","40","13855456"
"KN296892v1","14423","14730","JH378129","10258595","10258896","44","10244172"
"KN296893v1","109982","110283","JH378113","14455819","14456118","36","14345837"
"KN296893v1","115880","116185","JH378109","48536846","48537146","42","48420966"
"KN296893v1","193716","194018","JH378151","4318339","4318636","38","4124623"
"KN296893v1","281924","282196","JH378284","2695436","2695711","45","2413512"
"KN296893v1","312593","312759","JH378161","1841757","1841925","26","1529164"
"KN296897v1","39437","39734","JH378142","18736237","18736527","41","18696800"
"KN296897v1","83483","83778","JH378111","41625281","41625562","42","41541798"
"KN296899v1","56104","56390","JH378106","60431918","60432202","43","60375814"
"KN296900v1","201608","201757","JH378198","1307436","1307583","12","1105828"
"KN296900v1","217291","217594","JH378229","4120796","4121104","39","3903505"
"KN296900v1","230656","230934","JH378238","696451","696731","38","465795"
"KN296900v1","293624","293925","JH378119","218814","219116","40","74810"
"KN296900v1","396216","396559","JH378155","10495160","10495493","58","10098944"
"KN296900v1","420639","420948","JH378178","4308635","4308941","39","3887996"
"KN296900v1","439393","439675","JH378144","1238326","1238606","37","798933"
"KN296900v1","440030","440365","JH378114","12057078","12057405","57","11617048"
"KN296905v1","130027","130339","JH378139","18632207","18632516","36","18502180"
"KN296905v1","188178","188481","JH378254","3308366","3308677","46","3120188"
"KN296907v1","71894","72201","JH378213","5393305","5393609","33","5321411"
"KN296907v1","158431","158734","JH378236","733320","733615","38","574889"
"KN296907v1","365032","365331","JH378139","15119668","15119965","29","14754636"
"KN296907v1","376956","377278","JH378289","2125754","2126067","59","1748798"
"KN296907v1","391470","391778","JH378206","4086994","4087300","43","3695524"
"KN296907v1","435584","435881","JH378155","15098133","15098431","31","14662549"
"KN296907v1","449968","450261","JH378149","1041511","1041811","50","591543"
"KN296907v1","467026","467314","JH378195","2268388","2268678","34","1801362"
"KN296907v1","504326","504642","JH378107","55230026","55230339","44","54725700"
"KN296907v1","533000","533277","JH378293","2036253","2036523","41","1503253"
"KN296907v1","614622","614915","JH378152","11319672","11319966","31","10705050"
"KN296907v1","618750","619032","JH378119","26549703","26549983","47","25930953"
"KN296907v1","664905","665209","JH378123","48357","48656","41","616548"
"KN296907v1","669323","669584","JH378118","28627245","28627506","33","27957922"
"KN296907v1","684697","685002","JH378160","11833922","11834221","42","11149225"
"KN296907v1","695086","695300","JH378151","645312","645524","33","49774"
"KN296907v1","708010","708293","JH378124","10835797","10836078","42","10127787"
"KN296907v1","724676","724968","JH378161","3410152","3410442","37","2685476"
"KN296907v1","766656","766953","JH378220","2200574","2200870","39","1433918"
"KN296907v1","784447","784566","JH378206","5897773","5897892","20","5113326"
"KN296907v1","906452","906763","JH378126","21026752","21027059","34","20120300"
"KN296907v1","994636","994894","JH378106","27361070","27361332","34","26366434"
"KN296907v1","1015043","1015350","JH378106","9882834","9883140","40","8867791"
"KN296907v1","1062094","1062380","JH378106","63648485","63648770","34","62586391"
"KN296908v1","99272","99580","JH378213","5393305","5393609","42","5294033"
"KN296908v1","141833","142135","JH378197","7145768","7146073","32","7003935"
"KN296908v1","197026","197322","JH378107","7568037","7568336","34","7371011"
"KN296908v1","273092","273226","JH378105","56084182","56084311","17","55811090"
"KN296908v1","273548","273719","JH378182","905191","905361","21","631643"
"KN296908v1","348910","349207","JH378198","1919916","1920210","42","1571006"
"KN296908v1","421162","421460","JH378159","837474","837769","38","416312"
"KN296908v1","507458","507743","JH378113","32510265","32510549","44","32002807"
"KN296908v1","624644","624913","JH378150","11875898","11876168","44","11251254"
"KN296910v1","25381","25690","JH378208","3614542","3614848","46","3589161"
"KN296910v1","30942","31236","JH378114","36976328","36976626","37","36945386"
"KN296913v1","168804","169122","JH378175","9830119","9830435","41","9661315"
"KN296913v1","182116","182401","JH378265","3288819","3289108","37","3106703"
"KN296913v1","316603","316822","JH378223","274941","275160","35","41662"
"KN296913v1","387452","387762","JH378135","1042676","1042987","37","655224"
"KN296913v1","751805","752108","JH378110","35346778","35347079","36","34594973"
"KN296913v1","860077","860326","JH378114","14991835","14992071","45","14131758"
"KN296913v1","935975","936250","JH378213","45771","46043","43","890204"
"KN296913v1","1041379","1041663","JH378153","7392982","7393269","29","6351603"
"KN296913v1","1286524","1286814","JH378153","13843486","13843776","40","12556962"
"KN296913v1","1400469","1400751","JH378177","6664715","6664994","40","5264246"
"KN296913v1","1487020","1487176","JH378164","9341233","9341390","20","7854213"
"KN296913v1","1595703","1595943","JH378139","2032411","2032656","31","436708"
"KN296913v1","1596758","1596993","JH378140","5100421","5100648","30","3503663"
"KN296913v1","1678953","1679244","JH378179","1850781","1851073","30","171828"
"KN296913v1","1688958","1689253","JH378262","1318764","1319058","33","370194"
"KN296913v1","1692103","1692398","JH378262","1318764","1319058","33","373339"
"KN296913v1","1696427","1696733","JH378166","1276502","1276806","33","419925"
"KN296913v1","1707915","1708258","JH378211","7163805","7164133","59","5455890"
"KN296913v1","1718711","1719005","JH378140","4207479","4207781","44","2488768"
"KN296913v1","1807284","1807578","JH378106","44399035","44399331","31","42591751"
"KN296913v1","1816802","1817033","JH378158","13279710","13279942","33","11462908"
"KN296913v1","1839854","1840136","JH378144","1448431","1448705","45","391423"
"KN296913v1","1869657","1869965","JH378116","11181268","11181574","36","9311611"
"KN296915v1","84683","84814","JH378213","515831","515961","20","431148"
"KN296915v1","108504","108674","JH378594","3631","3804","23","104873"
"KN296915v1","241846","242150","JH378116","28869529","28869826","46","28627683"
"KN296915v1","293069","293373","JH378216","4224502","4224803","42","3931433"
"KN296915v1","330252","330555","JH378111","32787449","32787755","38","32457197"
"KN296916v1","13914","14207","JH378271","3183320","3183605","43","3169406"
"KN296916v1","89114","89426","JH378140","7338564","7338875","39","7249450"
"KN296916v1","103513","103823","JH378229","4120796","4121104","33","4017283"
"KN296916v1","168689","168992","JH378111","26470349","26470650","34","26301660"
"KN296916v1","187178","187265","JH378214","2601723","2601810","16","2414545"
"KN296916v1","235581","235888","JH378271","2409718","2410020","36","2174137"
"KN296916v1","243026","243084","JH378113","4238157","4238211","10","3995131"
"KN296916v1","256022","256308","JH378105","69007642","69007934","34","68751620"
"KN296916v1","258035","258328","JH378140","5469707","5469998","31","5211672"
"KN296916v1","261417","261716","JH378170","4783494","4783792","34","4522077"
"KN296916v1","309095","309397","JH378139","18955642","18955939","37","18646547"
"KN296916v1","319429","319734","JH378206","6984481","6984785","29","6665052"
"KN296916v1","351126","351439","JH378111","27908368","27908667","42","27557242"
"KN296916v1","359389","359677","JH378105","3417808","3418095","38","3058419"
"KN296916v1","379492","379793","JH378151","3515305","3515602","38","3135813"
"KN296916v1","393982","394283","JH378170","4783494","4783792","32","4389512"
"KN296916v1","395533","395826","JH378167","7969364","7969660","34","7573831"
"KN296916v1","401071","401358","JH378293","1120828","1121107","40","719757"
"KN296916v1","403016","403312","JH378148","10861744","10862038","39","10458728"
"KN296916v1","404380","404657","JH378110","39676080","39676353","46","39271700"
"KN296916v1","430394","430632","JH378119","27331241","27331476","27","26900847"
"KN296916v1","465850","466146","JH378154","11660298","11660594","30","11194448"
"KN296916v1","501258","501563","JH378144","7014110","7014412","40","6512852"
"KN296916v1","553431","553744","JH378220","3794786","3795093","44","3241355"
"KN296916v1","601031","601325","JH378173","2753783","2754078","37","2152752"
"KN296916v1","658789","659092","JH378110","12146106","12146409","40","11487317"
"KN296916v1","659227","659523","JH378138","2084662","2084957","37","1425435"
"KN296916v1","829210","829515","JH378184","443270","443568","35","385940"
"KN296916v1","831315","831612","JH378127","11675887","11676180","34","10844572"
"KN296917v1","1","259","JH378312","964075","964341","43","964074"
"KN296917v1","10087","10406","JH378141","16136077","16136388","50","16125990"
"KN296917v1","18385","18659","JH378263","1793912","1794190","41","1775527"
"KN296917v1","22191","22321","JH378111","19624854","19624984","16","19602663"
"KN296917v1","41585","41899","JH378165","12388704","12388995","50","12347119"
"KN296919v1","20079","20381","JH378108","52852473","52852774","33","52832394"
"KN296920v1","109950","110263","JH378145","9188808","9189122","35","9078858"
"KN296920v1","425109","425405","JH378272","801428","801724","31","376319"
"KN296920v1","583358","583487","JH378265","392626","392756","18","190732"
"KN296920v1","918628","918930","JH378137","17138846","17139141","33","16220218"
"KN296920v1","1197788","1198086","JH378133","22641189","22641484","32","21443401"
"KN296921v1","4626","4917","JH378229","2791774","2792064","33","2787148"
"KN296921v1","35626","35936","JH378156","9166475","9166782","38","9130849"
"KN296921v1","142870","143168","JH378107","31770528","31770822","38","31627658"
"KN296921v1","172821","173121","JH378107","42946832","42947131","41","42774011"
"KN296921v1","341426","341730","JH378197","7145768","7146073","37","6804342"
"KN296921v1","376341","376372","JH378162","14556122","14556161","14","14179781"
"KN296921v1","377248","377547","JH378105","51398064","51398373","42","51020816"
"KN296921v1","377855","378157","JH378228","5509057","5509356","46","5131202"
"KN296921v1","380432","380706","JH378293","1749295","1749564","53","1368863"
"KN296921v1","390893","391199","JH378116","11181268","11181574","43","10790375"
"KN296921v1","398134","398442","JH378119","6124403","6124708","32","5726269"
"KN296921v1","400465","400732","JH378154","9543767","9544035","38","9143302"
"KN296921v1","440674","440984","JH378120","16327645","16327955","30","15886971"
"KN296921v1","446061","446365","JH378197","7145768","7146073","39","6699707"
"KN296921v1","453154","453454","JH378216","7124506","7124797","41","6671352"
"KN296921v1","491226","491538","JH378167","7738047","7738360","35","7246821"
"KN296921v1","522371","522657","JH378134","15231656","15231949","39","14709285"
"KN296921v1","536519","536828","JH378321","363021","363326","33","173498"
"KN296921v1","545139","545437","JH378137","15080545","15080841","32","14535406"
"KN296921v1","553116","553409","JH378121","29566176","29566469","32","29013060"
"KN296921v1","559517","559823","JH378288","1088673","1088973","37","529156"
"KN296921v1","571889","572036","JH378192","5315749","5315891","28","4743860"
"KN296921v1","572062","572179","JH378105","22256570","22256690","16","21684508"
"KN296921v1","573817","574113","JH378118","10671427","10671722","40","10097610"
"KN296921v1","575951","576246","JH378106","6826425","6826714","37","6250474"
"KN296921v1","587196","587350","JH378186","5570994","5571148","19","4983798"
"KN296921v1","587437","587729","JH378142","12979191","12979481","39","12391754"
"KN296921v1","588565","588803","JH378169","5483752","5483989","37","4895187"
"KN296921v1","593702","594013","JH378113","28456559","28456865","50","27862857"
"KN296921v1","597192","597484","JH378223","258417","258711","46","338775"
"KN296921v1","600404","600707","JH378111","20603266","20603567","42","20002862"
"KN296921v1","611144","611313","JH378153","11626503","11626666","22","11015359"
"KN296921v1","614190","614471","JH378140","4807498","4807780","39","4193308"
"KN296921v1","618040","618353","JH378123","22693589","22693897","47","22075549"
"KN296921v1","620864","621173","JH378320","58622","58932","34","562242"
"KN296921v1","625402","625702","JH378106","225158","225461","52","400244"
"KN296921v1","634874","635163","JH378153","7392982","7393269","32","6758108"
"KN296921v1","638006","638315","JH378152","15994237","15994545","41","15356231"
"KN296921v1","639308","639610","JH378197","7145768","7146073","39","6506460"
"KN296921v1","646930","647220","JH378194","2390312","2390602","41","1743382"
"KN296921v1","657469","657774","JH378115","25497952","25498257","44","24840483"
"KN296921v1","679531","679823","JH378151","3515305","3515602","29","2835774"
"KN296921v1","681342","681632","JH378139","16259084","16259375","31","15577742"
"KN296921v1","690041","690334","JH378142","5865502","5865800","40","5175461"
"KN296921v1","692540","692801","JH378116","22455993","22456270","58","21763453"
"KN296921v1","731990","732294","JH378124","15582898","15583197","34","14850908"
"KN296921v1","774187","774481","JH378235","4514528","4514824","33","3740341"
"KN296921v1","778208","778503","JH378220","2784017","2784313","32","2005809"
"KN296921v1","796958","797257","JH378184","418760","419059","41","378198"
"KN296921v1","798262","798550","JH378105","30024561","30024853","43","29226299"
"KN296921v1","803914","804228","JH378216","1441105","1441408","43","637191"
"KN296921v1","805126","805442","JH378141","11866240","11866547","49","11061114"
"KN296921v1","833793","834096","JH378185","841607","841910","30","7814"
"KN296921v1","864636","864951","JH378105","25113428","25113737","48","24248792"
"KN296921v1","900473","900776","JH378115","25570507","25570808","35","24670034"
"KN296921v1","906613","906920","JH378264","2773729","2774039","31","1867116"
"KN296921v1","948612","948898","JH378145","6270832","6271114","35","5322220"
"KN296921v1","948967","949000","JH378105","31065877","31065908","11","30116910"
"KN296921v1","954569","954881","JH378126","21026752","21027059","37","20072183"
"KN296921v1","961074","961389","JH378264","2773729","2774039","35","1812655"
"KN296921v1","992596","992893","JH378165","6186750","6187049","36","5194154"
"KN296921v1","1077961","1078256","JH378153","5756963","5757237","56","4679002"
"KN296921v1","1137374","1137676","JH378291","2435267","2435568","28","1297893"
"KN296921v1","1347820","1348130","JH378124","15558279","15558590","35","14210459"
"KN296921v1","1569883","1570176","JH378158","6062678","6062968","32","4492795"
"KN296921v1","1647635","1647922","JH378163","8341900","8342184","37","6694265"
"KN296921v1","1866700","1866978","JH378105","36618017","36618297","44","34751317"
"KN296921v1","2053769","2054076","JH378170","579078","579383","49","1474691"
"KN296921v1","2125739","2126032","JH378163","13516897","13517191","36","11391158"
"KN296921v1","2302365","2302679","JH378127","15733864","15734171","45","13431499"
"KN296921v1","2345746","2346035","JH378112","35855394","35855682","31","33509648"
"KN296921v1","2347584","2347875","JH378124","17923330","17923624","34","15575746"
"KN296921v1","2347885","2348142","JH378210","5644359","5644616","36","3296474"
"KN296921v1","2482041","2482352","JH378260","484146","484457","47","1997895"
"KN296921v1","2500559","2500860","JH378171","5736292","5736597","26","3235733"
"KN296921v1","2545888","2546179","JH378148","16726869","16727158","41","14180981"
"KN296921v1","2554123","2554411","JH378110","17880643","17880926","38","15326520"
"KN296921v1","2705626","2705929","JH378109","39043628","39043932","41","36338002"
"KN296921v1","2722857","2723165","JH378288","1088673","1088973","36","1634184"
"KN296921v1","2761266","2761576","JH378167","5351158","5351469","42","2589892"
"KN296921v1","2798968","2799280","JH378110","17939865","17940175","36","15140897"
"KN296921v1","2801097","2801391","JH378151","8652626","8652916","37","5851529"
"KN296921v1","3051853","3052158","JH378124","11115297","11115604","37","8063444"
"KN296921v1","3100717","3101028","JH378118","13193319","13193630","37","10092602"
"KN296921v1","3134708","3135018","JH378147","12443857","12444168","30","9309149"
"KN296921v1","3154525","3154831","JH378139","1159515","1159824","36","1995010"
"KN296922v1","2276","2345","JH378157","7175935","7176005","13","7173659"
"KN296922v1","14971","15102","JH378136","12617141","12617272","19","12602170"
"KN296922v1","19824","20130","JH378228","5798410","5798708","46","5778586"
"KN296922v1","24164","24422","JH378110","41240093","41240351","47","41215929"
"KN296922v1","34332","34612","JH378108","31032817","31033093","55","30998485"
"KN296922v1","39944","40177","JH378223","4629372","4629613","50","4589428"
"KN296922v1","80401","80711","JH378112","21741650","21741960","46","21661249"
"KN296922v1","84477","84835","JH378105","4008644","4008960","83","3924167"
"KN296922v1","91870","92177","JH378165","4166504","4166816","52","4074634"
"KN296922v1","137661","137958","JH378209","5403773","5404068","31","5266112"
"KN296922v1","139236","139363","JH378300","914305","914433","14","775069"
"KN296922v1","154648","154911","JH378132","12466741","12467004","36","12312093"
"KN296922v1","169628","169942","JH378140","6883086","6883394","42","6713458"
"KN296922v1","183892","184186","JH378343","242635","242930","35","58743"
"KN296922v1","190075","190379","JH378110","44458587","44458889","34","44268512"
"KN296922v1","190597","190731","JH378157","299340","299479","25","108743"
"KN296922v1","192111","192410","JH378167","7969364","7969660","40","7777253"
"KN296922v1","196535","196837","JH378115","32068852","32069153","41","31872317"
"KN296922v1","258376","258681","JH378121","29566176","29566469","46","29307800"
"KN296922v1","262602","262906","JH378205","4497688","4497989","31","4235086"
"KN296922v1","268360","268658","JH378159","5493568","5493869","40","5225208"
"KN296922v1","277894","278128","AGCE01150955","1","234","38","277893"
"KN296922v1","284331","284631","JH378111","42112707","42113007","35","41828376"
"KN296922v1","288325","288612","JH378145","12879121","12879408","36","12590796"
"KN296922v1","289115","289264","JH378119","21592099","21592251","30","21302984"
"KN296922v1","289519","289670","JH378108","46343521","46343666","43","46054002"
"KN296922v1","303782","304093","JH378176","8157064","8157374","46","7853282"
"KN296922v1","308731","309041","JH378281","2628589","2628899","40","2319858"
"KN296922v1","309517","309808","JH378114","19778391","19778686","38","19468874"
"KN296922v1","309809","310114","JH378316","245997","246306","40","63812"
"KN296922v1","314971","315240","JH378121","20529650","20529927","47","20214679"
"KN296922v1","317457","317765","JH378137","11398263","11398561","50","11080806"
"KN296922v1","332226","332466","JH378176","5671270","5671515","43","5339044"
"KN296922v1","365073","365365","JH378143","3586456","3586745","37","3221383"
"KN296922v1","382707","383001","JH378153","3103137","3103434","36","2720430"
"KN296922v1","387524","387817","JH378107","6641537","6641829","38","6254013"
"KN296922v1","395838","396143","JH378309","523067","523380","37","127229"
"KN296922v1","397231","397532","JH378111","16327122","16327424","32","15929891"
"KN296922v1","398775","398992","JH378278","2879645","2879865","27","2480870"
"KN296922v1","404277","404409","JH378123","26422000","26422130","12","26017723"
"KN296922v1","406339","406652","JH378159","4165701","4166008","43","3759362"
"KN296922v1","412936","413197","JH378130","7094672","7094933","43","6681736"
"KN296922v1","418977","419258","JH378114","29675067","29675349","37","29256090"
"KN296922v1","421721","422015","JH378153","13343232","13343525","40","12921511"
"KN296922v1","424467","424540","JH378111","19404035","19404108","10","18979568"
"KN296922v1","432039","432293","JH378175","6107701","6107955","39","5675662"
"KN296922v1","435848","436138","JH378158","7686228","7686516","37","7250380"
"KN296922v1","466355","466648","JH378115","31186259","31186551","36","30719904"
"KN296922v1","513800","514103","JH378170","4783494","4783792","29","4269694"
"KN296922v1","518655","518982","JH378206","6280299","6280627","45","5761644"
"KN296922v1","525186","525479","JH378216","7078391","7078694","51","6553205"
"KN296922v1","558647","558832","JH378223","6150656","6150838","26","5592009"
"KN296922v1","561402","561553","JH378144","13530959","13531109","20","12969557"
"KN296922v1","569956","570250","JH378155","15098133","15098431","29","14528177"
"KN296922v1","577101","577410","JH378181","2052926","2053235","40","1475825"
"KN296922v1","608324","608584","JH378120","12134358","12134622","37","11526034"
"KN296922v1","609662","609952","JH378187","8189967","8190269","55","7580305"
"KN296922v1","617523","617834","JH378105","23955669","23955975","35","23338146"
"KN296922v1","625051","625344","JH378198","6294233","6294526","39","5669182"
"KN296922v1","629755","630049","JH378121","29566176","29566469","33","28936421"
"KN296922v1","656128","656421","JH378119","11297197","11297495","45","10641069"
"KN296922v1","677833","678093","JH378213","4812070","4812330","48","4134237"
"KN296922v1","679579","679878","JH378139","15235758","15236059","36","14556179"
"KN296922v1","688055","688354","JH378170","4783494","4783792","35","4095439"
"KN296922v1","691274","691581","JH378122","29550230","29550531","35","28858956"
"KN296922v1","703144","703433","JH378122","13169953","13170248","43","12466809"
"KN296922v1","705990","706299","JH378173","10046061","10046365","45","9340071"
"KN296922v1","721136","721299","JH378204","7873991","7874160","27","7152855"
"KN296922v1","735979","736270","JH378157","11231203","11231498","33","10495224"
"KN296922v1","737333","737639","JH378152","11654622","11654934","42","10917289"
"KN296922v1","738550","738856","JH378108","46666898","46667209","42","45928348"
"KN296922v1","756682","756981","JH378129","10258595","10258896","32","9501913"
"KN296922v1","759234","759541","JH378255","1550263","1550570","36","791029"
"KN296922v1","760429","760725","JH378175","11251193","11251489","40","10490764"
"KN296922v1","762254","762546","JH378144","7235841","7236134","29","6473587"
"KN296922v1","763012","763320","JH378116","24645889","24646199","43","23882877"
"KN296922v1","773609","773909","JH378124","4920301","4920597","41","4146692"
"KN296922v1","774258","774540","JH378212","4849938","4850224","42","4075680"
"KN296922v1","777588","777988","JH378112","2362182","2362539","108","1584594"
"KN296922v1","785516","785624","JH378151","4769168","4769277","14","3983652"
"KN296922v1","801074","801369","JH378105","36900565","36900857","50","36099491"
"KN296922v1","801431","801724","JH378127","10187134","10187424","35","9385703"
"KN296922v1","806212","806515","JH378170","4783494","4783792","31","3977282"
"KN296922v1","811235","811473","JH378105","38288369","38288611","31","37477134"
"KN296922v1","819378","819672","JH378106","69239155","69239449","38","68419777"
"KN296922v1","820363","820577","JH378252","1788629","1788835","47","968266"
"KN296925v1","19974","20284","JH378228","5419153","5419462","38","5399179"
"KN296925v1","87228","87524","JH378116","28869529","28869826","40","28782301"
"KN296925v1","88149","88447","JH378108","30731255","30731558","30","30643106"
"KN296925v1","121272","121558","JH378167","8547558","8547847","32","8426286"
"KN296925v1","156432","156737","JH378110","44263363","44263658","47","44106931"
"KN296925v1","170502","170806","JH378108","45070238","45070540","31","44899736"
"KN296925v1","180526","180836","JH378108","30731255","30731558","43","30550729"
"KN296925v1","218094","218394","JH378141","12423408","12423708","34","12205314"
"KN296925v1","231211","231499","JH378115","28712376","28712673","43","28481165"
"KN296925v1","231997","232297","JH378119","23106486","23106789","37","22874489"
"KN296925v1","257234","257538","JH378197","7145768","7146073","32","6888534"
"KN296925v1","274887","275189","JH378284","1163902","1164203","33","889015"
"KN296925v1","279684","279979","JH378241","5492398","5492696","40","5212714"
"KN296925v1","293035","293298","JH378312","810211","810470","33","517176"
"KN296925v1","298618","298954","JH378260","2282137","2282463","37","1983519"
"KN296925v1","300884","301012","JH378154","11165322","11165455","19","10864438"
"KN296925v1","303332","303633","JH378163","2667861","2668158","41","2364529"
"KN296925v1","304945","305235","JH378105","45065744","45066036","40","44760799"
"KN296925v1","307561","307869","JH378126","21026752","21027059","35","20719191"
"KN296925v1","314759","315053","JH378235","4514528","4514824","35","4199769"
"KN296925v1","320428","320730","JH378119","6124403","6124708","40","5803975"
"KN296925v1","322779","323077","JH378293","1524576","1524874","36","1201797"
"KN296925v1","328811","329101","JH378122","5440688","5440988","42","5111877"
"KN296925v1","338317","338610","JH378107","57888255","57888550","41","57549938"
"KN296925v1","345418","345720","JH378125","4727308","4727603","42","4381890"
"KN296925v1","348779","349083","JH378148","15796597","15796901","37","15447818"
"KN296925v1","363613","363925","JH378106","8193028","8193339","32","7829415"
"KN296925v1","365642","365936","JH378171","136461","136759","43","229181"
"KN296926v1","144629","144869","JH378145","2527450","2527683","34","2382821"
"KN296926v1","223254","223563","JH378257","87786","88089","39","135468"
"KN296926v1","534877","535171","JH378159","4618590","4618885","39","4083713"
"KN296926v1","731813","731978","JH378224","2859921","2860084","23","2128108"
"KN296926v1","732499","732806","JH378149","13456174","13456477","40","12723675"
"KN296926v1","738708","739006","JH378159","2054904","2055199","33","1316196"
"KN296926v1","746915","747052","JH378152","14434481","14434612","21","13687566"
"KN296926v1","747361","747538","JH378297","2044408","2044580","25","1297047"
"KN296926v1","756472","756622","JH378157","4804129","4804282","21","4047657"
"KN296926v1","761481","761776","JH378140","7338564","7338875","41","6577083"
"KN296926v1","790317","790622","JH378139","19415987","19416286","52","18625670"
"KN296926v1","817378","817678","JH378114","37036188","37036491","34","36218810"
"KN296926v1","858408","858677","JH378105","69217081","69217355","34","68358673"
"KN296926v1","859111","859410","JH378120","10280397","10280698","36","9421286"
"KN296926v1","859413","859713","JH378127","9058620","9058921","33","8199207"
"KN296926v1","894359","894658","JH378107","32029619","32029921","31","31135260"
"KN296926v1","931120","931410","JH378213","7320415","7320709","36","6389295"
"KN296926v1","938432","938739","JH378127","8574313","8574620","38","7635881"
"KN296926v1","942535","942846","JH378122","10172818","10173128","41","9230283"
"KN296926v1","958678","958974","JH378127","13007847","13008144","35","12049169"
"KN296926v1","978333","978431","JH378257","3344116","3344212","20","2365783"
"KN296926v1","979509","979808","JH378216","6814492","6814786","29","5834983"
"KN296926v1","984177","984472","JH378204","7475485","7475776","33","6491308"
"KN296926v1","998512","998823","JH378172","9566909","9567221","40","8568397"
"KN296926v1","1034957","1035256","JH378246","2151044","2151338","38","1116087"
"KN296926v1","1064752","1065039","JH378125","23969545","23969834","29","22904793"
"KN296926v1","1071059","1071353","JH378151","8381511","8381803","37","7310452"
"KN296926v1","1071575","1071886","JH378144","4944998","4945309","44","3873423"
"KN296926v1","1097938","1098246","JH378107","5492990","5493296","29","4395052"
"KN296926v1","1103285","1103580","JH378122","29543587","29543883","41","28440302"
"KN296926v1","1123804","1124115","JH378142","13571288","13571600","38","12447484"
"KN296926v1","1143690","1144012","JH378320","58622","58932","46","1085068"
"KN296926v1","1163257","1163557","JH378137","17093543","17093840","36","15930286"
"KN296926v1","1169790","1170102","JH378126","21026752","21027059","46","19856962"
"KN296926v1","1171503","1171767","JH378132","10611003","10611254","45","9439500"
"KN296926v1","1187211","1187504","JH378109","19158683","19158983","42","17971472"
"KN296926v1","1204210","1204521","JH378114","21328513","21328823","40","20124303"
"KN296926v1","1209045","1209340","JH378288","1088673","1088973","34","120372"
"KN296926v1","1218963","1219263","JH378159","5493568","5493869","33","4274605"
"KN296926v1","1223220","1223517","JH378139","18955642","18955939","34","17732422"
"KN296926v1","1252290","1252585","JH378108","26482116","26482414","31","25229826"
"KN296928v1","24240","24526","JH378110","32430844","32431129","49","32406604"
"KN296929v1","38309","38600","JH378125","1506753","1507044","38","1468444"
"KN296929v1","39304","39601","JH378125","19027324","19027621","30","18988020"
"KN296929v1","39711","40045","JH378118","17703617","17703951","48","17663906"
"KN296929v1","47584","47865","JH378224","3887674","3887953","36","3840090"
"KN296929v1","66598","66907","JH378216","6474633","6474943","32","6408035"
"KN296929v1","80069","80360","JH378149","539268","539562","31","459199"
"KN296932v1","85866","86140","JH378145","5554297","5554570","32","5468431"
"KN296932v1","439072","439300","JH378157","13091671","13091889","33","12652599"
"KN296933v1","45654","45961","JH378197","7145768","7146073","27","7100114"
"KN296934v1","73591","73909","JH378114","12126932","12127241","43","12053341"
"KN296934v1","193038","193321","JH378173","3726868","3727155","38","3533830"
"KN296934v1","198647","198917","JH378106","12139969","12140241","45","11941322"
"KN296934v1","199212","199244","JH378173","5507140","5507173","3","5307928"
"KN296934v1","201667","201974","JH378156","9166475","9166782","36","8964808"
"KN296934v1","212768","213073","JH378158","8002135","8002443","33","7789367"
"KN296934v1","227406","227718","JH378116","23978626","23978940","39","23751220"
"KN296934v1","237742","238048","JH378111","6779444","6779749","40","6541702"
"KN296934v1","238183","238488","JH378197","7145768","7146073","28","6907585"
"KN296934v1","251873","252115","JH378227","2426473","2426707","35","2174600"
"KN296934v1","281795","282081","JH378107","29712036","29712320","33","29430241"
"KN296934v1","286086","286388","JH378107","7568037","7568336","33","7281951"
"KN296934v1","336730","337036","JH378126","21026752","21027059","37","20690022"
"KN296934v1","361298","361583","JH378153","7392982","7393269","32","7031684"
"KN296934v1","368694","368992","JH378148","12713795","12714093","38","12345101"
"KN296934v1","411073","411368","JH378151","8381511","8381803","37","7970438"
"KN296934v1","462499","462811","JH378115","23201999","23202310","40","22739500"
"KN296934v1","478455","478758","JH378125","18903380","18903682","36","18424925"
"KN296934v1","502434","502740","JH378130","1202684","1202989","31","700250"
"KN296934v1","533663","533968","JH378113","28744295","28744597","27","28210632"
"KN296934v1","544936","545221","JH378122","5562261","5562546","51","5017325"
"KN296934v1","556283","556574","JH378205","6545327","6545618","34","5989044"
"KN296934v1","574117","574369","JH378134","16278207","16278478","53","15704090"
"KN296934v1","628947","629236","JH378157","9676550","9676840","32","9047603"
"KN296934v1","637049","637335","JH378146","269180","269465","33","367869"
"KN296934v1","648628","648930","JH378197","1526625","1526915","48","877997"
"KN296934v1","655537","655847","JH378139","18632207","18632516","42","17976670"
"KN296934v1","716888","717181","JH378110","38574281","38574582","35","37857393"
"KN296934v1","718212","718479","JH378107","49865332","49865591","45","49147120"
"KN296934v1","737088","737171","JH378197","4164856","4164939","13","3427768"
"KN296934v1","737930","738225","JH378107","57888255","57888550","34","57150325"
"KN296934v1","894800","895079","JH378187","3567072","3567349","33","2672272"
"KN296934v1","902477","902771","JH378167","7707484","7707781","35","6805007"
"KN296934v1","902909","903182","JH378115","18760243","18760519","41","17857334"
"KN296934v1","909663","909957","JH378204","2014398","2014693","32","1104735"
"KN296934v1","957394","957643","JH378125","7358700","7358942","34","6401306"
"KN296934v1","957811","958121","JH378136","3886997","3887308","29","2929186"
"KN296934v1","975765","976059","JH378107","32029619","32029921","36","31053854"
"KN296934v1","1027871","1028166","JH378113","21732302","21732594","43","20704431"
"KN296935v1","110622","110928","JH378108","50841323","50841633","44","50730701"
"KN296935v1","127986","128296","JH378173","4189363","4189674","39","4061377"
"KN296935v1","176768","177080","JH378126","5168618","5168929","37","4991850"
"KN296936v1","21937","22247","JH378117","25564574","25564883","37","25542637"
"KN296936v1","61287","61503","JH378216","335439","335645","41","274152"
"KN296936v1","87418","87710","JH378106","3052818","3053105","38","2965400"
"KN296938v1","324207","324454","JH378125","7358700","7358942","37","7034493"
"KN296938v1","324456","324613","JH378164","9341233","9341390","21","9016777"
"KN296938v1","397258","397542","JH378167","8832268","8832548","38","8435010"
"KN296938v1","487515","487815","JH378179","3813935","3814231","46","3326420"
"KN296938v1","501251","501424","JH378185","9797297","9797471","20","9296046"
"KN296938v1","573875","574158","JH378169","6751626","6751919","42","6177751"
"KN296938v1","684437","684737","JH378111","42466412","42466713","39","41781975"
"KN296938v1","687764","688067","JH378137","17093543","17093840","43","16405779"
"KN296938v1","701695","701963","JH378112","17673461","17673730","39","16971766"
"KN296938v1","714282","714578","JH378151","8381511","8381803","37","7667229"
"KN296938v1","740842","741140","JH378107","32029619","32029921","38","31288777"
"KN296938v1","747346","747617","JH378117","24822128","24822411","50","24074782"
"KN296938v1","833615","833917","JH378117","29568742","29569045","45","28735127"
"KN296938v1","834074","834370","JH378105","7311851","7312145","35","6477777"
"KN296938v1","853309","853537","JH378184","856419","856657","30","3110"
"KN296938v1","866169","866488","JH378119","5709773","5710096","64","4843604"
"KN296938v1","872145","872455","JH378170","4783494","4783792","48","3911349"
"KN296938v1","886711","887016","JH378264","3581907","3582210","36","2695196"
"KN296938v1","901472","901769","JH378206","4086994","4087300","38","3185522"
"KN296938v1","914564","914857","JH378157","10131061","10131352","43","9216497"
"KN296938v1","921700","921982","JH378120","27402716","27403003","34","26481016"
"KN296938v1","931215","931506","JH378113","7407154","7407441","32","6475939"
"KN296938v1","933236","933531","JH378114","38633523","38633820","35","37700287"
"KN296938v1","938523","938783","AGCE01149956","727","992","34","937796"
"KN296939v1","24190","24325","JH378125","10957061","10957191","20","10932871"
"KN296940v1","58733","59015","JH378208","5696075","5696373","47","5637342"
"KN296943v1","101904","102160","JH378173","6043976","6044232","35","5942072"
"KN296943v1","345831","346107","JH378108","33494675","33494938","48","33148844"
"KN296943v1","430577","430872","JH378170","4783494","4783792","35","4352917"
"KN296945v1","41000","41083","JH378106","8302843","8302926","15","8261843"
"KN296945v1","45258","45337","JH378141","10386914","10386997","15","10341656"
"KN296945v1","70659","70858","JH378105","26804191","26804379","35","26733532"
"KN296945v1","70894","70993","JH378173","2929055","2929145","25","2858161"
"KN296946v1","20400","20711","JH378113","17735383","17735690","39","17714983"
"KN296946v1","64749","65065","JH378255","1470097","1470408","43","1405348"
"KN296948v1","27796","28104","JH378124","15703899","15704208","50","15676103"
"KN296948v1","28373","28638","JH378289","1931415","1931685","41","1903042"
"KN296948v1","33738","33942","JH378201","882173","882372","44","848435"
"KN296948v1","34932","35240","JH378113","28428906","28429220","38","28393974"
"KN296948v1","62794","63082","JH378199","4242125","4242415","35","4179331"
"KN296948v1","73534","73833","JH378159","5493568","5493869","29","5420034"
"KN296948v1","75843","76154","JH378206","4086994","4087300","40","4011151"
"KN296948v1","105073","105389","JH378148","12255931","12256243","48","12150858"
"KN296948v1","109387","109672","JH378113","28252367","28252645","36","28142980"
"KN296948v1","168156","168451","JH378173","2192187","2192483","30","2024031"
"KN296948v1","191515","191797","JH378162","7432842","7433130","40","7241327"
"KN296948v1","195885","196207","JH378210","4434431","4434746","52","4238546"
"KN296948v1","234015","234324","JH378184","115740","116043","41","118275"
"KN296948v1","255209","255490","AGCE01150543","1","288","31","255208"
"KN296948v1","324698","324980","JH378106","63648485","63648770","36","63323787"
"KN296948v1","399413","399711","JH378288","1088673","1088973","37","689260"
"KN296948v1","464622","464932","JH378167","5351158","5351469","31","4886536"
"KN296948v1","491648","491931","JH378224","3408579","3408861","42","2916931"
"KN296948v1","571139","571446","JH378156","9166475","9166782","39","8595336"
"KN296948v1","643959","644253","JH378121","29566176","29566469","32","28922217"
"KN296948v1","725930","726016","JH378305","1636812","1636898","12","910882"
"KN296948v1","737242","737533","JH378159","11461654","11461947","33","10724412"
"KN296948v1","789957","790247","JH378124","5726096","5726391","45","4936139"
"KN296948v1","801711","801765","JH378155","16279676","16279730","5","15477965"
"KN296948v1","801766","801976","JH378141","18329140","18329350","34","17527374"
"KN296948v1","889323","889534","JH378685","3741","3956","29","885582"
"KN296948v1","1046887","1047037","JH378204","6105609","6105755","33","5058722"
"KN296948v1","1047350","1047484","JH378123","86614","86749","23","960736"
"KN296948v1","1047542","1047843","JH378197","7145768","7146073","38","6098226"
"KN296948v1","1066832","1067085","JH378119","28597739","28597991","51","27530907"
"KN296948v1","1088281","1088583","JH378207","3230665","3230964","44","2142384"
"KN296948v1","1104955","1105160","JH378120","29043459","29043662","43","27938504"
"KN296948v1","1105357","1105505","JH378177","3700960","3701106","27","2595603"
"KN296948v1","1118915","1119223","JH378152","11654622","11654934","36","10535707"
"KN296948v1","1127236","1127550","JH378126","21026752","21027059","35","19899516"
"KN296948v1","1145829","1146117","JH378125","5348607","5348895","41","4202778"
"KN296948v1","1164879","1165202","JH378175","2393054","2393375","52","1228175"
"KN296948v1","1169610","1169890","JH378108","22158891","22159167","37","20989281"
"KN296948v1","1271452","1271752","JH378137","10096778","10097079","34","8825326"
"KN296948v1","1300618","1300902","JH378111","9089465","9089754","47","7788847"
"KN296948v1","1322819","1323115","JH378118","27503431","27503730","32","26180612"
"KN296948v1","1331475","1331765","JH378139","18557202","18557489","40","17225727"
"KN296948v1","1358578","1358887","JH378108","30731255","30731558","39","29372677"
"KN296948v1","1365495","1365800","JH378225","4269590","4269892","36","2904095"
"KN296948v1","1383164","1383455","JH378148","15735470","15735761","30","14352306"
"KN296948v1","1389013","1389322","JH378156","9166475","9166782","28","7777462"
"KN296948v1","1396522","1396830","JH378167","2545591","2545901","39","1149069"
"KN296948v1","1401301","1401605","JH378110","32305325","32305628","31","30904024"
"KN296948v1","1407254","1407565","JH378176","8157064","8157374","32","6749810"
"KN296948v1","1416366","1416651","JH378258","3658687","3658974","39","2242321"
"KN296948v1","1419500","1419809","JH378118","23477784","23478095","38","22058284"
"KN296948v1","1421052","1421349","JH378151","6553008","6553306","35","5131956"
"KN296948v1","1439549","1439863","JH378111","32787449","32787755","42","31347900"
"KN296948v1","1443558","1443826","JH378111","11235343","11235605","51","9791785"
"KN296949v1","65462","65740","JH378206","2470528","2470808","38","2405066"
"KN296952v1","76071","76372","JH378127","9374482","9374783","47","9298411"
"KN296952v1","137993","138277","JH378110","20836552","20836831","45","20698559"
"KN296955v1","102329","102624","JH378127","12719552","12719849","40","12617223"
"KN296955v1","109532","109839","JH378197","7145768","7146073","36","7036236"
"KN296955v1","141709","142002","JH378111","20069998","20070286","29","19928289"
"KN296955v1","142503","142777","JH378221","1928467","1928741","29","1785964"
"KN296955v1","152675","152985","JH378148","12255931","12256243","35","12103256"
"KN296955v1","153800","154091","JH378151","8381511","8381803","34","8227711"
"KN296955v1","163731","164033","JH378114","36976328","36976626","35","36812597"
"KN296955v1","168271","168578","JH378112","35288143","35288449","34","35119872"
"KN296955v1","176478","176789","JH378137","14554585","14554893","40","14378107"
"KN296955v1","180110","180399","JH378151","15551938","15552226","33","15371828"
"KN296955v1","184409","184716","JH378192","5284515","5284818","44","5100106"
"KN296955v1","210428","210734","JH378166","1276502","1276806","34","1066074"
"KN296955v1","227667","227839","AGCE01151162","936","1107","19","226731"
"KN296955v1","228994","229257","JH378109","14026176","14026435","38","13797182"
"KN296955v1","246072","246379","JH378288","1088673","1088973","48","842601"
"KN296955v1","254091","254386","JH378151","8381511","8381803","35","8127420"
"KN296955v1","255684","255992","JH378112","33214699","33215012","43","32959015"
"KN296955v1","259522","259826","JH378123","491683","491985","43","232161"
"KN296955v1","293764","293942","JH378106","61790792","61790969","29","61497028"
"KN296955v1","336732","337035","JH378156","2803055","2803354","34","2466323"
"KN296955v1","339823","340132","JH378126","21026752","21027059","33","20686929"
"KN296955v1","352825","353135","JH378220","2083419","2083730","35","1730594"
"KN296955v1","389089","389378","JH378316","409965","410264","38","20876"
"KN296955v1","394120","394423","JH378255","1560098","1560402","37","1165978"
"KN296955v1","444102","444402","JH378288","1088673","1088973","35","644571"
"KN296955v1","513439","513725","JH378106","3052818","3053105","33","2539379"
"KN296955v1","563500","563796","JH378116","28869529","28869826","28","28306029"
"KN296955v1","590816","591009","JH378177","10299955","10300147","22","9709139"
"KN296955v1","594648","594780","JH378213","3850433","3850568","14","3255785"
"KN296955v1","594781","595063","JH378252","3797717","3797993","35","3202936"
"KN296955v1","595064","595241","JH378139","14141345","14141518","22","13546281"
"KN296955v1","634666","634971","JH378293","1524576","1524874","42","889910"
"KN296955v1","721788","722077","JH378293","1715995","1716289","41","994207"
"KN296955v1","724123","724427","JH378255","1560098","1560402","38","835975"
"KN296955v1","749232","749490","JH378111","28313882","28314141","49","27564650"
"KN296955v1","749519","749529","JH378189","7208291","7208302","4","6458772"
"KN296955v1","755015","755311","JH378220","2784017","2784313","31","2029002"
"KN296955v1","774499","774809","JH378141","16136077","16136388","34","15361578"
"KN296955v1","780743","781040","JH378126","23864373","23864670","43","23083630"
"KN296955v1","794030","794338","JH378245","1256724","1257025","46","462694"
"KN296955v1","800106","800406","JH378115","25041145","25041450","34","24241039"
"KN296955v1","812612","812827","JH378127","6218557","6218771","26","5405945"
"KN296955v1","838806","839031","JH378201","7319002","7319229","33","6480196"
"KN296955v1","840549","840842","JH378114","42105405","42105693","38","41264856"
"KN296955v1","861599","861902","JH378109","19158683","19158983","40","18297084"
"KN296955v1","894586","894865","JH378144","7596090","7596371","42","6701504"
"KN296955v1","987069","987368","JH378200","1377430","1377726","31","390361"
"KN296957v1","3889","4179","JH378172","657139","657432","40","653250"
"KN296958v1","2102","2415","JH378106","54648712","54649019","37","54646610"
"KN296958v1","134915","135206","JH378148","16227423","16227714","45","16092508"
"KN296958v1","500379","500628","JH378134","18016871","18017099","41","17516492"
"KN296958v1","653547","653840","JH378241","5492398","5492696","32","4838851"
"KN296958v1","680981","681285","JH378213","5393305","5393609","35","4712324"
"KN296959v1","10646","10957","JH378111","42266998","42267309","40","42256352"
"KN296959v1","35529","35810","JH378277","1575074","1575355","40","1539545"
"KN296959v1","84651","84947","JH378291","365914","366211","25","281263"
"KN296959v1","88575","88881","JH378124","10897522","10897826","34","10808947"
"KN296959v1","121138","121431","JH378235","4514528","4514824","32","4393390"
"KN296959v1","136106","136402","JH378134","19139846","19140132","48","19003740"
"KN296959v1","147419","147728","JH378145","12656829","12657134","41","12509410"
"KN296959v1","166773","167111","JH378129","6954418","6954749","46","6787645"
"KN296959v1","173966","174265","JH378126","21026752","21027059","39","20852786"
"KN296959v1","211921","212217","JH378198","4226780","4227075","35","4014859"
"KN296959v1","227265","227340","JH378223","5641103","5641180","13","5413838"
"KN296959v1","227715","228023","JH378114","31670723","31671027","43","31443008"
"KN296959v1","288825","289126","JH378166","1276502","1276806","40","987677"
"KN296959v1","295301","295613","JH378107","8340859","8341167","30","8045558"
"KN296959v1","303367","303666","JH378181","2251325","2251621","36","1947958"
"KN296959v1","426852","427130","JH378137","8662035","8662316","43","8235183"
"KN296959v1","491735","492036","JH378171","4458179","4458478","38","3966444"
"KN296959v1","514994","515159","JH378151","10667884","10668050","20","10152890"
"KN296959v1","619389","619684","JH378246","2154157","2154450","38","1534768"
"KN296959v1","632234","632536","JH378115","25041145","25041450","38","24408911"
"KN296959v1","647193","647496","JH378142","1564149","1564427","53","916956"
"KN296959v1","651285","651584","JH378106","44399035","44399331","30","43747750"
"KN296959v1","652598","652903","JH378139","19415987","19416286","33","18763389"
"KN296959v1","660813","661094","JH378213","2306017","2306300","28","1645204"
"KN296959v1","668665","668945","JH378107","27056287","27056566","37","26387622"
"KN296959v1","714684","714985","JH378151","6553008","6553306","35","5838324"
"KN296959v1","816424","816733","JH378140","6872162","6872466","45","6055738"
"KN296959v1","824758","825057","JH378124","15582898","15583197","31","14758140"
"KN296959v1","832171","832472","JH378139","19415987","19416286","34","18583816"
"KN296959v1","860017","860333","JH378113","3185389","3185700","41","2325372"
"KN296959v1","887134","887407","JH378120","1262610","1262885","31","375476"
"KN296959v1","911512","911813","JH378110","10833476","10833772","42","9921964"
"KN296959v1","945876","946174","JH378105","54964874","54965172","37","54018998"
"KN296959v1","964933","965016","JH378197","4164856","4164939","8","3199923"
"KN296959v1","976705","976993","JH378157","9676550","9676840","40","8699845"
"KN296959v1","1018023","1018317","JH378106","44399035","44399331","30","43381012"
"KN296959v1","1091823","1092127","JH378113","6692573","6692881","43","5600750"
"KN296959v1","1157986","1158284","JH378254","3916143","3916437","35","2758157"
"KN296959v1","1169755","1169884","JH378156","9094843","9094972","13","7925088"
"KN296959v1","1170395","1170699","JH378114","36976328","36976626","36","35805933"
"KN296959v1","1180719","1181033","JH378220","2083419","2083730","43","902700"
"KN296959v1","1185739","1186045","JH378192","5284515","5284818","33","4098776"
"KN296959v1","1199545","1199855","JH378281","314921","315227","38","884624"
"KN296959v1","1201455","1201740","JH378245","2867748","2868031","41","1666293"
"KN296959v1","1202618","1202928","JH378123","497003","497309","42","705615"
"KN296959v1","1203000","1203174","JH378130","16132146","16132321","19","14929146"
"KN296959v1","1203991","1204304","JH378106","1533545","1533849","43","329554"
"KN296959v1","1205529","1205839","JH378126","21026752","21027059","33","19821223"
"KN296959v1","1206416","1206750","JH378118","17703617","17703951","41","16497201"
"KN296959v1","1230306","1230609","JH378152","12468126","12468428","34","11237820"
"KN296959v1","1237926","1238220","JH378107","49473760","49474052","34","48235834"
"KN296959v1","1269844","1270141","JH378151","4318339","4318636","32","3048495"
"KN296959v1","1282785","1283069","JH378199","5185348","5185635","45","3902563"
"KN296959v1","1464101","1464401","JH378155","15098133","15098431","37","13634032"
"KN296959v1","1590620","1590915","JH378139","18955642","18955939","40","17365022"
"KN296959v1","1682957","1683249","JH378110","39706997","39707294","39","38024040"
"KN296959v1","1713323","1713594","AGCE01149956","727","992","40","1712596"
"KN296959v1","1778748","1779033","JH378109","12384120","12384406","38","10605372"
"KN296959v1","1911292","1911579","JH378204","7547597","7547883","34","5636305"
"KN296959v1","1913931","1914240","JH378112","33214699","33215012","42","31300768"
"KN296960v1","72759","72970","JH378345","271037","271247","45","198278"
"KN296960v1","88600","88936","JH378110","32648121","32648456","59","32559521"
"KN296960v1","574872","575172","JH378108","30731255","30731558","38","30156383"
"KN296960v1","622765","623069","JH378253","315934","316240","39","306831"
"KN296960v1","626909","627216","JH378110","22147144","22147447","41","21520235"
"KN296960v1","658814","659113","JH378117","28687216","28687517","44","28028402"
"KN296960v1","777880","778180","JH378149","539268","539562","41","238612"
"KN296960v1","790351","790677","JH378321","157885","158202","62","632466"
"KN296960v1","1106703","1106865","JH378216","2438961","2439128","24","1332258"
"KN296960v1","1110822","1111122","JH378129","10258595","10258896","39","9147773"
"KN296960v1","1197168","1197329","JH378131","5168204","5168369","27","3971036"
"KN296960v1","1307877","1308188","JH378181","2052926","2053235","37","745049"
"KN296960v1","1347230","1347511","JH378144","7596090","7596371","44","6248860"
"KN296960v1","1348246","1348535","JH378108","8168852","8169143","41","6820606"
"KN296960v1","1377056","1377273","JH378198","4542372","4542592","33","3165316"
"KN296960v1","1404630","1404814","JH378114","6516143","6516331","27","5111513"
"KN296960v1","1479587","1479830","JH378125","8004649","8004898","45","6525062"
"KN296960v1","1506043","1506353","JH378167","5351158","5351469","45","3845115"
"KN296960v1","1641069","1641379","JH378197","7145768","7146073","37","5504699"
"KN296960v1","1661606","1661903","JH378228","5509057","5509356","39","3847451"
"KN296960v1","1732033","1732349","JH378188","8652522","8652835","54","6920489"
"KN296960v1","1845951","1846235","JH378151","13381215","13381504","50","11535264"
"KN296964v1","917480","917769","JH378155","2373109","2373402","47","1455629"
"KN296964v1","152284","152583","JH378114","42074769","42075069","35","41922485"
"KN296964v1","554145","554232","JH378164","3844103","3844188","15","3289958"
"KN296964v1","613604","613846","JH378181","6912531","6912777","44","6298927"
"KN296964v1","652915","653215","JH378114","7122925","7123229","36","6470010"
"KN296964v1","765502","765765","JH378127","24612564","24612827","28","23847062"
"KN296964v1","766077","766388","JH378173","6942398","6942706","36","6176321"
"KN296964v1","793587","793882","JH378176","9716970","9717264","30","8923383"
"KN296964v1","850669","850894","JH378116","15644584","15644806","41","14793915"
"KN296964v1","872574","872884","JH378116","16275081","16275388","40","15402507"
"KN296964v1","883303","883599","JH378113","21732302","21732594","35","20848999"
"KN296964v1","932337","932634","JH378121","29566176","29566469","30","28633839"
"KN296964v1","944962","945254","JH378245","2080174","2080467","32","1135212"
"KN296964v1","947103","947305","JH378112","33289107","33289311","33","32342004"
"KN296964v1","966799","967105","JH378115","34859185","34859494","38","33892386"
"KN296964v1","978802","979069","JH378234","250587","250869","48","728215"
"KN296964v1","981155","981447","JH378121","29566176","29566469","36","28585021"
"KN296964v1","983238","983523","JH378115","34775540","34775825","32","33792302"
"KN296964v1","991657","991936","JH378115","32019990","32020269","41","31028333"
"KN296964v1","1000669","1000969","JH378288","1088673","1088973","28","88004"
"KN296964v1","1010298","1010487","JH378133","7975527","7975709","36","6965229"
"KN296964v1","1016834","1017138","JH378293","1892833","1893133","32","875999"
"KN296964v1","1020706","1021001","JH378121","29566176","29566469","31","28545470"
"KN296964v1","1021833","1022138","JH378113","6692573","6692881","38","5670740"
"KN296964v1","1029786","1030093","JH378135","17620196","17620501","38","16590410"
"KN296964v1","1041092","1041389","JH378159","2054904","2055199","37","1013812"
"KN296964v1","1070528","1070838","JH378216","3712123","3712429","31","2641595"
"KN296964v1","1122520","1122823","JH378110","12146106","12146409","55","11023586"
"KN296964v1","1130714","1131024","JH378115","16925265","16925575","44","15794551"
"KN296964v1","1165910","1166219","JH378119","6124403","6124708","38","4958493"
"KN296964v1","1217417","1217713","JH378142","12979191","12979481","39","11761774"
"KN296964v1","1448504","1448804","JH378118","1390919","1391217","38","57585"
"KN296964v1","1505680","1505983","JH378110","32305325","32305628","37","30799645"
"KN296964v1","1683995","1684289","JH378235","4514528","4514824","31","2830533"
"KN296964v1","1688232","1688554","JH378115","32632970","32633282","49","30944738"
"KN296964v1","1702793","1703094","JH378107","7568037","7568336","36","5865244"
"KN296964v1","1808377","1808639","JH378140","12194177","12194439","28","10385800"
"KN296964v1","1850556","1850854","JH378124","4920301","4920597","48","3069745"
"KN296964v1","1981043","1981332","JH378137","11967433","11967716","43","9986390"
"KN296966v1","175170","175469","JH378173","9107488","9107786","34","8932318"
"KN296966v1","473172","473482","JH378109","26958073","26958388","52","26484901"
"KN296969v1","3345","3630","JH378140","18155036","18155320","42","18151691"
"KN296969v1","34874","35155","JH378106","60431918","60432202","40","60397044"
"KN296969v1","73577","73858","JH378242","97287","97580","45","23710"
"KN296969v1","76187","76478","JH378106","1255495","1255784","44","1179308"
"KN296969v1","84412","84704","JH378121","29566176","29566469","27","29481764"
"KN296969v1","86039","86334","JH378220","2423719","2424023","38","2337680"
"KN296969v1","105745","106050","JH378154","15612419","15612727","40","15506674"
"KN296969v1","109885","110032","JH378106","28219113","28219253","20","28109228"
"KN296969v1","114901","115159","JH378131","20040804","20041076","49","19925903"
"KN296969v1","132916","133220","JH378220","2784017","2784313","43","2651101"
"KN296969v1","159436","159741","JH378110","44458587","44458889","28","44299151"
"KN296969v1","183756","184048","JH378115","22226577","22226870","40","22042821"
"KN296969v1","186068","186332","JH378129","7937330","7937594","41","7751262"
"KN296969v1","188717","189024","JH378225","6370783","6371084","45","6182066"
"KN296969v1","190852","191136","JH378108","42296533","42296820","39","42105681"
"KN296969v1","257866","258168","JH378110","31575602","31575901","41","31317736"
"KN296970v1","168868","169176","JH378144","4944998","4945309","28","4776130"
"KN296970v1","265538","265819","JH378113","28252367","28252645","30","27986829"
"KN296970v1","294453","294662","JH378156","532020","532228","24","237567"
"KN296970v1","310113","310415","JH378141","10014232","10014538","34","9704119"
"KN296970v1","338966","339260","JH378131","19339353","19339649","31","19000387"
"KN296970v1","384109","384403","JH378112","35855394","35855682","42","35471285"
"KN296970v1","542641","542951","JH378141","16136077","16136388","36","15593436"
"KN296970v1","559673","559975","JH378108","2687428","2687729","33","2127755"
"KN296970v1","612082","612392","JH378199","7436951","7437253","42","6824869"
"KN296970v1","638215","638490","JH378279","102782","103056","26","535433"
"KN296970v1","661746","662055","JH378111","32801132","32801440","35","32139386"
"KN296970v1","758551","758844","JH378132","579365","579664","43","179186"
"KN296970v1","819739","820086","JH378119","33991043","33991383","56","33171304"
"KN296970v1","831259","831564","JH378110","32975507","32975812","47","32144248"
"KN296970v1","847891","848208","JH378126","21026752","21027059","43","20178861"
"KN296970v1","982409","982691","JH378139","3233443","3233725","38","2251034"
"KN296970v1","1052633","1052931","JH378137","17093543","17093840","26","16040910"
"KN296970v1","1122559","1122849","JH378111","10982876","10983164","41","9860317"
"KN296972v1","32296","32571","JH378167","12229983","12230273","59","12197687"
"KN296974v1","6464","6763","JH378151","13331025","13331323","41","13324561"
"KN296974v1","11184","11267","JH378197","4164856","4164939","9","4153672"
"KN296974v1","101235","101520","JH378158","7686228","7686516","35","7584993"
"KN296974v1","310622","310868","JH378176","5671270","5671515","34","5360648"
"KN296975v1","34686","34971","JH378182","9240926","9241205","35","9206240"
"KN296975v1","36503","36730","JH378326","457296","457529","27","420793"
"KN296976v1","71","367","JH378106","1592796","1593096","38","1592725"
"KN296977v1","6957","7262","JH378123","491683","491985","46","484726"
"KN296977v1","15127","15306","JH378221","1675671","1675845","31","1660544"
"KN296977v1","15612","15732","JH378172","7331005","7331111","47","7315393"
"KN296977v1","29020","29320","JH378297","402347","402640","35","373327"
"KN296977v1","34894","35206","JH378151","8652626","8652916","53","8617732"
"KN296977v1","46707","47020","JH378120","16327645","16327955","27","16280938"
"KN296977v1","60026","60337","JH378264","2364378","2364688","45","2304352"
"KN296980v1","161776","162084","JH378169","7335650","7335946","52","7173874"
"KN296980v1","306474","306752","JH378246","562506","562779","33","256032"
"KN296980v1","391424","391666","JH378212","595089","595334","39","203665"
"KN296980v1","687451","687760","JH378126","21026752","21027059","28","20339301"
"KN296980v1","767338","767630","JH378288","1088673","1088973","47","321335"
"KN296980v1","1100173","1100419","JH378158","13279710","13279942","41","12179537"
"KN296982v1","392961","393223","JH378157","10852841","10853102","34","10459880"
"KN296982v1","731","1039","JH378133","5161235","5161546","45","5160504"
"KN296982v1","12987","13289","JH378145","6543286","6543589","39","6530299"
"KN296982v1","18470","18741","JH378114","44222819","44223088","43","44204349"
"KN296982v1","37448","37753","JH378173","10046061","10046365","35","10008613"
"KN296982v1","41824","42135","JH378115","22676581","22676892","40","22634757"
"KN296982v1","46157","46459","JH378240","2754780","2755080","40","2708623"
"KN296982v1","70361","70563","JH378225","5090844","5091047","27","5020483"
"KN296982v1","71003","71311","JH378121","9173752","9174060","37","9102749"
"KN296982v1","80996","81299","JH378125","15893280","15893581","29","15812284"
"KN296982v1","112290","112593","JH378116","21362676","21362970","40","21250386"
"KN296982v1","126055","126354","JH378181","2331193","2331494","28","2205138"
"KN296982v1","137344","137371","JH378105","31065877","31065908","8","30928533"
"KN296982v1","137418","137695","JH378279","102782","103056","30","34636"
"KN296982v1","156019","156320","JH378107","6641537","6641829","40","6485518"
"KN296982v1","185306","185612","JH378108","30731255","30731558","36","30545949"
"KN296982v1","211709","212018","JH378225","6457829","6458137","45","6246120"
"KN296982v1","266815","266888","JH378146","1075534","1075609","10","808719"
"KN296982v1","301076","301383","JH378126","21026752","21027059","35","20725676"
"KN296982v1","329092","329398","JH378112","35288143","35288449","37","34959051"
"KN296982v1","329951","330236","JH378105","14932290","14932580","47","14602339"
"KN296982v1","338494","338793","JH378135","18355128","18355428","35","18016634"
"KN296982v1","353757","354056","JH378296","1500608","1500907","39","1146851"
"KN296982v1","356305","356615","JH378109","13808774","13809080","35","13452469"
"KN296982v1","359574","359880","JH378177","10723326","10723634","33","10363752"
"KN296982v1","361471","361760","JH378141","2813367","2813660","33","2451896"
"KN296982v1","362521","362777","JH378117","29885379","29885631","42","29522858"
"KN296982v1","367117","367416","JH378105","6199598","6199901","30","5832481"
"KN296982v1","372820","373128","JH378115","26640201","26640508","42","26267381"
"KN296982v1","380670","380981","JH378120","24470507","24470819","34","24089837"
"KN296982v1","392535","392831","JH378216","7124506","7124797","34","6731971"
"KN296982v1","395967","396241","JH378199","1882376","1882653","47","1486409"
"KN296982v1","411326","411617","JH378152","11319672","11319966","36","10908346"
"KN296982v1","414563","414855","JH378116","28833614","28833902","30","28419051"
"KN296982v1","428978","429274","JH378108","52248352","52248648","30","51819374"
"KN296982v1","459434","459623","JH378219","6680637","6680822","28","6221203"
"KN296982v1","479727","480017","JH378216","1183275","1183567","35","703548"
"KN296982v1","492330","492631","JH378199","4482107","4482408","32","3989777"
"KN296982v1","516633","516935","JH378171","5736292","5736597","32","5219659"
"KN296982v1","551305","551594","JH378153","12492355","12492642","40","11941050"
"KN296982v1","556772","557065","JH378140","7513137","7513431","45","6956365"
"KN296982v1","582628","582926","JH378107","7568037","7568336","41","6985409"
"KN296982v1","586738","587047","JH378279","2687810","2688114","39","2101072"
"KN296982v1","614324","614634","JH378167","5351158","5351469","35","4736834"
"KN296982v1","931282","931599","JH378176","8157064","8157374","45","7225782"
"KN296983v1","7190","7495","JH378255","1560098","1560402","30","1552908"
"KN296983v1","59469","59772","JH378127","22238831","22239131","42","22179362"
"KN296983v1","114362","114654","JH378110","39706997","39707294","43","39592635"
"KN296983v1","266704","267011","JH378227","1175094","1175396","44","908390"
"KN296983v1","295587","295897","JH378148","12255931","12256243","41","11960344"
"KN296984v1","25837","26161","JH378297","1750878","1751197","63","1725041"
"KN296984v1","33487","33787","JH378170","4783494","4783792","32","4750007"
"KN296984v1","196338","196637","JH378124","15582898","15583197","36","15386560"
"KN296984v1","261191","261500","JH378228","5509057","5509356","44","5247866"
"KN296984v1","323362","323654","JH378106","1255495","1255784","43","932133"
"KN296984v1","388727","389039","JH378320","58622","58932","37","330105"
"KN296984v1","392653","392948","JH378139","18955642","18955939","39","18562989"
"KN296984v1","475518","475788","JH378140","17262721","17262988","40","16787203"
"KN296984v1","934683","934993","JH378105","48710833","48711143","41","47776150"
"KN296989v1","270","401","JH378107","57231024","57231155","11","57230754"
"KN296989v1","5799","6113","JH378140","7338564","7338875","38","7332765"
"KN296990v1","2218","2524","JH378196","319053","319358","46","316835"
"KN296990v1","86836","87146","JH378111","11251875","11252186","38","11165039"
"KN296990v1","121957","122237","JH378244","2666778","2667061","42","2544821"
"KN296991v1","11654","11909","JH378167","5904473","5904736","45","5892819"
"KN296991v1","24607","24691","JH378105","2064875","2064957","8","2040268"
"KN296991v1","503014","503316","JH378137","7223022","7223322","33","6720008"
"KN296991v1","520970","521280","JH378165","5178810","5179119","37","4657840"
"KN296991v1","694013","694292","JH378106","60401613","60401898","44","59707600"
"KN296991v1","714537","714612","JH378298","1590300","1590375","10","875763"
"KN296991v1","724013","724313","JH378151","4318339","4318636","31","3594326"
"KN296991v1","726799","727092","JH378123","491683","491985","43","235116"
"KN296991v1","738683","738980","JH378281","34194","34488","41","704489"
"KN296991v1","742007","742170","JH378113","32219902","32220070","19","31477895"
"KN296991v1","742202","742482","JH378252","1072819","1073098","39","330617"
"KN296991v1","742483","742616","JH378108","45169940","45170071","14","44427457"
"KN296991v1","747601","747895","JH378161","8765078","8765377","54","8017477"
"KN296991v1","753879","754174","JH378198","6294233","6294526","30","5540354"
"KN296991v1","761538","761837","JH378124","15582898","15583197","26","14821360"
"KN296991v1","763847","764015","JH378110","44462414","44462581","29","43698567"
"KN296991v1","764475","764770","JH378117","24258354","24258650","37","23493879"
"KN296991v1","771401","771694","JH378182","3623832","3624120","31","2852431"
"KN296991v1","822816","823126","JH378114","7122925","7123229","42","6300109"
"KN296991v1","871400","871711","JH378115","16925265","16925575","37","16053865"
"KN296991v1","893217","893497","JH378119","21236610","21236894","34","20343393"
"KN296991v1","1023304","1023610","JH378227","1481771","1482071","48","458467"
"KN296991v1","1101275","1101419","JH378115","35004133","35004278","14","33902858"
"KN296991v1","1128296","1128578","JH378288","933022","933305","36","195274"
"KN296991v1","1183747","1184037","JH378115","23056854","23057153","57","21873107"
"KN296991v1","1228603","1228901","JH378133","10124575","10124869","38","8895972"
"KN296991v1","1239958","1240262","JH378197","7145768","7146073","33","5905810"
"KN296991v1","1276729","1277010","JH378132","7601085","7601367","38","6324356"
"KN296992v1","2595","2845","JH378156","1734389","1734647","34","1731794"
"KN296992v1","2933","3183","JH378156","1734389","1734647","33","1731456"
"KN296992v1","23276","23575","JH378125","5890386","5890685","33","5867110"
"KN296992v1","31830","32140","JH378126","21026752","21027059","36","20994922"
"KN296992v1","48784","49084","JH378114","42287607","42287907","42","42238823"
"KN296992v1","88698","88956","JH378108","8324684","8324951","43","8235986"
"KN296992v1","91605","91922","JH378150","10126172","10126487","40","10034567"
"KN296992v1","97105","97413","JH378110","1915490","1915795","43","1818385"
"KN296992v1","116655","116741","JH378105","56741292","56741376","18","56624637"
"KN296992v1","117668","117949","JH378143","6961082","6961362","39","6843414"
"KN296992v1","126416","126718","JH378124","15582898","15583197","50","15456482"
"KN296992v1","127528","127812","JH378153","7392982","7393269","47","7265454"
"KN296992v1","167481","167651","JH378146","10082231","10082401","19","9914750"
"KN296992v1","232443","232751","JH378170","579078","579383","49","346635"
"KN296992v1","243801","244112","JH378113","3185389","3185700","37","2941588"
"KN296992v1","265427","265724","JH378108","26482116","26482414","29","26216689"
"KN296992v1","320081","320363","JH378223","4682223","4682508","36","4362142"
"KN296992v1","382642","382943","JH378157","9676550","9676840","43","9293908"
"KN296994v1","37305","37587","JH378112","33911252","33911534","40","33873947"
"KN296995v1","15968","16282","JH378126","21026752","21027059","35","21010784"
"KN296995v1","50150","50235","JH378114","302054","302140","6","251904"
"KN296995v1","155965","156245","JH378176","1295936","1296216","34","1139971"
"KN296996v1","29411","29736","JH378197","8385567","8385893","50","8356156"
"KN296996v1","74932","75230","JH378127","15470436","15470737","43","15395504"
"KN296996v1","124252","124552","JH378124","15582898","15583197","42","15458646"
"KN296996v1","128752","129059","JH378149","13456174","13456477","44","13327422"
"KN296996v1","192408","192707","JH378118","24374217","24374525","58","24181809"
"KN296996v1","199524","199803","JH378143","6961082","6961362","38","6761558"
"KN296996v1","362382","362664","JH378143","6961082","6961362","52","6598700"
"KN296996v1","365478","365768","JH378122","5370962","5371251","35","5005484"
"KN296996v1","406196","406480","JH378105","35665534","35665817","33","35259338"
"KN296998v1","90103","90401","JH378213","6316757","6317050","50","6226654"
"KN296998v1","275641","275952","JH378112","33214699","33215012","41","32939058"
"KN297000v1","344120","344445","JH378123","491683","491985","46","147563"
"KN297000v1","477006","477308","JH378105","9801561","9801859","40","9324555"
"KN297000v1","479405","479680","JH378129","11457553","11457829","48","10978148"
"KN297004v1","8018","8267","JH378119","28597739","28597991","28","28589721"
"KN297004v1","12293","12575","JH378148","7299728","7300012","35","7287435"
"KN297007v1","42020","42324","JH378119","6124403","6124708","40","6082383"
"KN297007v1","96337","96639","JH378184","5207149","5207450","48","5110812"
"KN297007v1","112927","113054","JH378248","679747","679875","15","566820"
"KN297008v1","44370","44449","JH378149","1407835","1407902","19","1363465"
"KN297008v1","63981","64266","JH378246","2154157","2154450","46","2090176"
"KN297008v1","64584","64887","JH378146","15827373","15827672","48","15762789"
"KN297008v1","65993","66298","JH378167","5351158","5351469","51","5285165"
"KN297008v1","281050","281354","JH378125","15893280","15893581","34","15612230"
"KN297008v1","286991","287282","JH378122","6511121","6511412","41","6224130"
"KN297008v1","307254","307567","JH378178","6970008","6970319","39","6662754"
"KN297008v1","315906","316025","JH378114","20139099","20139225","20","19823193"
"KN297008v1","343987","344278","JH378114","12072074","12072370","34","11728087"
"KN297008v1","350405","350692","JH378191","8789989","8790276","27","8439584"
"KN297008v1","353446","353756","JH378127","19071262","19071567","43","18717816"
"KN297008v1","372329","372665","JH378108","26596167","26596503","45","26223838"
"KN297008v1","554649","554945","JH378119","27348354","27348646","36","26793705"
"KN297008v1","562655","562959","JH378161","9679608","9679914","48","9116953"
"KN297008v1","579925","580230","JH378177","2378754","2379058","35","1798829"
"KN297008v1","586448","586751","JH378142","8285777","8286083","37","7699329"
"KN297008v1","596818","597127","JH378119","7200753","7201067","38","6603935"
"KN297008v1","598791","598951","JH378119","14516915","14517080","25","13918124"
"KN297008v1","599564","599855","JH378118","14784020","14784304","39","14184456"
"KN297008v1","615655","615907","JH378112","32356549","32356800","37","31740894"
"KN297008v1","626228","626356","JH378197","4415015","4415140","16","3788787"
"KN297008v1","670123","670393","JH378133","7535667","7535939","39","6865544"
"KN297008v1","705754","706020","JH378167","9534568","9534835","39","8828814"
"KN297008v1","716857","717166","JH378172","8029909","8030215","44","7313052"
"KN297008v1","746942","747050","JH378108","32621390","32621493","17","31874448"
"KN297008v1","811822","812127","JH378126","21026752","21027059","29","20214930"
"KN297008v1","815925","816233","JH378167","5351158","5351469","36","4535233"
"KN297008v1","921297","921593","JH378184","443270","443568","34","478027"
"KN297008v1","966303","966607","JH378111","32787449","32787755","40","31821146"
"KN297008v1","982932","983222","JH378220","2784017","2784313","35","1801085"
"KN297008v1","1079061","1079373","JH378153","1124318","1124620","50","45257"
"KN297008v1","1139940","1140250","JH378106","10129130","10129437","41","8989190"
"KN297008v1","1143900","1144161","JH378123","11724155","11724421","32","10580255"
"KN297008v1","1178743","1179040","JH378214","5861561","5861863","43","4682818"
"KN297008v1","1185104","1185157","JH378107","49865593","49865646","13","48680489"
"KN297008v1","1212596","1212905","JH378243","124035","124342","36","1088561"
"KN297008v1","1231015","1231314","JH378113","14455819","14456118","40","13224804"
"KN297008v1","1250779","1251087","JH378115","25041145","25041450","39","23790366"
"KN297008v1","1284951","1284966","JH378149","1403733","1403749","5","118782"
"KN297008v1","1285224","1285487","JH378135","10317739","10318013","55","9032515"
"KN297008v1","1300259","1300558","JH378285","2254390","2254689","30","954131"
"KN297008v1","1304863","1305164","JH378139","15235758","15236059","35","13930895"
"KN297008v1","1305196","1305478","JH378114","20276504","20276786","39","18971308"
"KN297008v1","1329821","1330118","JH378220","2784017","2784313","39","1454196"
"KN297008v1","1337905","1338210","JH378166","1276502","1276806","37","61403"
"KN297008v1","1338222","1338430","JH378159","4092978","4093203","56","2754756"
"KN297008v1","1353188","1353487","JH378197","7659163","7659459","43","6305975"
"KN297008v1","1424145","1424297","JH378145","9628432","9628575","28","8204287"
"KN297008v1","1446212","1446493","JH378105","35665534","35665817","36","34219322"
"KN297008v1","1464133","1464454","JH378193","8856508","8856809","54","7392375"
"KN297008v1","1496631","1496929","JH378107","7568037","7568336","34","6071406"
"KN297008v1","1527457","1527535","JH378293","944077","944155","7","583380"
"KN297008v1","1528115","1528419","JH378126","21026752","21027059","28","19498637"
"KN297008v1","1536350","1536640","JH378111","6187370","6187654","45","4651020"
"KN297008v1","1580859","1581164","JH378193","3918594","3918903","47","2337735"
"KN297008v1","1589095","1589300","JH378140","17190921","17191116","31","15601826"
"KN297008v1","1669570","1669873","JH378197","7145768","7146073","32","5476198"
"KN297008v1","1671603","1671910","JH378156","2803055","2803354","41","1131452"
"KN297008v1","1802705","1802993","JH378216","2540983","2541264","37","738278"
"KN297008v1","1821305","1821602","JH378115","25041145","25041450","38","23219840"
"KN297008v1","1861286","1861592","JH378110","32305325","32305628","37","30444039"
"KN297008v1","1863668","1863958","JH378106","3052818","3053105","38","1189150"
"KN297008v1","1980485","1980798","JH378126","21026752","21027059","50","19046267"
"KN297008v1","2055678","2055983","JH378126","21026752","21027059","35","18971074"
"KN297008v1","2089209","2089518","JH378110","38852916","38853220","40","36763707"
"KN297008v1","2107674","2107968","JH378105","33500896","33501193","44","31393222"
"KN297008v1","2117288","2117663","JH378213","2387913","2388286","92","270625"
"KN297008v1","2168662","2168858","JH378117","8687541","8687735","37","6518879"
"KN297008v1","2177616","2177927","JH378108","33013354","33013664","36","30835738"
"KN297008v1","2185724","2186007","JH378105","35665534","35665817","41","33479810"
"KN297008v1","2231370","2231647","JH378112","33911252","33911534","36","31679882"
"KN297008v1","2339414","2339711","JH378105","54150095","54150392","34","51810681"
"KN297008v1","2340839","2341113","JH378105","1872791","1873067","38","468048"
"KN297008v1","2350346","2350639","JH378152","11319672","11319966","35","8969326"
"KN297008v1","2398175","2398480","JH378108","52178163","52178470","45","49779988"
"KN297008v1","2426092","2426394","JH378200","953998","954301","32","1472094"
"KN297008v1","2558912","2558991","JH378220","4499763","4499836","13","1940851"
"KN297008v1","2633520","2633784","JH378111","38906920","38907180","32","36273400"
"KN297008v1","2700395","2700707","JH378156","9166475","9166782","45","6466080"
"KN297008v1","2702271","2702405","JH378108","10833141","10833275","19","8130870"
"KN297008v1","2740402","2740705","JH378228","5509057","5509356","35","2768655"
"KN297008v1","2771145","2771456","JH378107","29610844","29611154","43","26839699"
"KN297008v1","2773480","2773810","JH378121","16380436","16380774","50","13606956"
"KN297008v1","2877802","2878081","JH378224","3887674","3887953","34","1009872"
"KN297008v1","3163595","3163904","JH378120","16327645","16327955","48","13164050"
"KN297008v1","3320317","3320620","JH378257","87786","88089","37","3232531"
"KN297008v1","3342442","3342753","JH378119","23101110","23101419","42","19758668"
"KN297008v1","3703786","3704096","JH378105","20973961","20974267","44","17270175"
"KN297008v1","3808619","3808916","JH378171","2751019","2751315","38","1057600"
"KN297008v1","4021188","4021464","JH378152","10737028","10737308","45","6715840"
"KN297008v1","4080199","4080426","JH378158","12020955","12021179","51","7940756"
"KN297008v1","4080740","4081042","JH378316","245997","246306","37","3834743"
"KN297008v1","4090039","4090335","JH378288","1157182","1157480","30","2932857"
"KN297008v1","4093055","4093360","JH378107","32189786","32190091","41","28096731"
"KN297008v1","4114486","4114797","JH378111","11251875","11252186","32","7137389"
"KN297008v1","4127585","4127900","JH378116","23978626","23978940","36","19851041"
"KN297008v1","4128820","4129122","JH378136","7433432","7433732","33","3304612"
"KN297008v1","4182363","4182665","JH378153","13313825","13314130","37","9131462"
"KN297008v1","4186018","4186292","JH378105","36059082","36059351","52","31873064"
"KN297008v1","4206186","4206488","JH378147","13177512","13177813","39","8971326"
"KN297008v1","4245024","4245320","JH378105","7311851","7312145","31","3066827"
"KN297008v1","4251243","4251535","JH378139","16259084","16259375","30","12007841"
"KN297008v1","4361805","4362096","JH378146","14331682","14331970","42","9969877"
"KN297008v1","4455344","4455515","JH378111","33936559","33936732","21","29481215"
"KN297008v1","4492449","4492739","JH378151","8381511","8381803","38","3889062"
"KN297008v1","4530738","4531041","JH378197","7145768","7146073","36","2615030"
"KN297008v1","4707726","4708004","JH378176","1295936","1296216","34","3411790"
"KN297008v1","4710602","4710903","JH378125","16001713","16002013","33","11291111"
"KN297008v1","4744208","4744520","JH378139","1159515","1159824","42","3584693"
"KN297008v1","4759174","4759305","JH378111","19624854","19624984","15","14865680"
"KN297008v1","4762466","4762764","JH378186","9105917","9106213","38","4343451"
"KN297008v1","4767174","4767485","JH378124","15558279","15558590","33","10791105"
"KN297008v1","4774772","4775069","JH378110","27435853","27436149","38","22661081"
"KN297008v1","4783397","4783693","JH378220","2784017","2784313","28","1999380"
"KN297008v1","4814550","4814681","JH378139","78319","78450","13","4736231"
"KN297008v1","4814684","4815000","JH378126","23919556","23919859","49","19104872"
"KN297008v1","4818730","4819039","JH378144","7014110","7014412","35","2195380"
"KN297008v1","4821756","4822059","JH378115","25570507","25570808","31","20748751"
"KN297008v1","4841331","4841633","JH378110","19934311","19934616","40","15092980"
"KN297008v1","4858637","4858948","JH378119","6124403","6124708","35","1265766"
"KN297008v1","4870444","4870752","JH378106","70986080","70986388","34","66115636"
"KN297008v1","4872172","4872468","JH378204","7581894","7582191","38","2709722"
"KN297008v1","5011261","5011287","JH378111","33423149","33423167","12","28411888"
"KN297008v1","5011327","5011627","JH378148","2950270","2950555","42","2061057"
"KN297008v1","5052171","5052453","JH378146","2213893","2214175","49","2838278"
"KN297008v1","5137801","5138098","JH378113","14455819","14456118","35","9318018"
"KN297008v1","5155041","5155206","JH378291","2073642","2073802","24","3081399"
"KN297008v1","5179303","5179613","JH378110","12146106","12146409","33","6966803"
"KN297008v1","5183580","5183877","JH378163","13372336","13372629","30","8188756"
"KN297008v1","5200951","5201236","JH378142","18736237","18736527","42","13535286"
"KN297008v1","5225006","5225297","JH378144","5748370","5748662","32","523364"
"KN297008v1","5274542","5274855","JH378206","4086994","4087300","36","1187548"
"KN297008v1","5305515","5305787","JH378151","7414817","7415082","40","2109302"
"KN297008v1","5380138","5380436","JH378108","23280248","23280545","35","17900110"
"KN297008v1","5435585","5435900","JH378113","6613006","6613316","37","1177421"
"KN297008v1","5450583","5450873","JH378109","52148","52435","35","5398435"
"KN297008v1","5465493","5465795","JH378119","6124403","6124708","37","658910"
"KN297008v1","5500308","5500596","JH378157","7681863","7682144","46","2181555"
"KN297008v1","5524149","5524451","JH378109","52148","52435","53","5472001"
"KN297008v1","5589791","5589901","JH378182","1434492","1434601","12","4155299"
"KN297008v1","5589947","5590123","JH378116","886909","887082","30","4703038"
"KN297008v1","5664637","5664931","JH378134","15167566","15167861","36","9502929"
"KN297008v1","5719657","5719997","JH378129","14016873","14017201","54","8297216"
"KN297008v1","5741781","5742062","JH378291","1976362","1976649","34","3765419"
"KN297008v1","5750560","5750857","JH378216","6814492","6814786","33","1063932"
"KN297008v1","5760676","5760974","JH378241","5492398","5492696","34","268278"
"KN297008v1","5763922","5764212","JH378167","8547558","8547847","30","2783636"
"KN297008v1","5782933","5783244","JH378184","8986781","8987085","47","3203848"
"KN297008v1","5791103","5791407","JH378220","2784017","2784313","36","3007086"
"KN297008v1","5813296","5813593","JH378113","14455819","14456118","35","8642523"
"KN297008v1","5819372","5819674","JH378206","1272655","1272943","48","4546717"
"KN297008v1","5834900","5835200","JH378185","4190800","4191100","46","1644100"
"KN297008v1","5864415","5864712","JH378241","5492398","5492696","28","372017"
"KN297008v1","5875232","5875362","JH378279","2505853","2505983","13","3369379"
"KN297008v1","5878079","5878300","JH378142","11619205","11619424","33","5741126"
"KN297008v1","5884767","5884993","JH378185","5908435","5908664","54","23668"
"KN297008v1","5894261","5894564","JH378118","1390919","1391217","41","4503342"
"KN297008v1","5899258","5899553","JH378152","14335869","14336176","36","8436611"
"KN297008v1","5902851","5903146","JH378153","3873706","3874002","40","2029145"
"KN297008v1","5909055","5909351","JH378198","1478385","1478676","47","4430670"
"KN297008v1","5918342","5918634","JH378106","6826425","6826714","42","908083"
"KN297008v1","5931361","5931494","JH378123","86614","86749","21","5844747"
"KN297008v1","5931495","5931789","JH378173","2192187","2192483","33","3739308"
"KN297008v1","5931790","5931956","JH378111","22948612","22948779","28","17016822"
"KN297008v1","5967156","5967317","JH378181","5895050","5895213","20","72106"
"KN297008v1","5992954","5993257","JH378123","48357","48656","47","5944597"
"KN297008v1","5994961","5995082","JH378120","18564150","18564264","66","12569189"
"KN297008v1","6000395","6000703","JH378127","13030965","13031271","42","7030570"
"KN297008v1","6053559","6053859","JH378123","491683","491985","44","5561876"
"KN297008v1","6108578","6108886","JH378118","784124","784434","30","5324454"
"KN297008v1","6224991","6225288","JH378116","21362676","21362970","38","15137685"
"KN297008v1","6281793","6282119","JH378269","1820649","1820970","44","4461144"
"KN297008v1","6334832","6335128","JH378113","4856992","4857283","40","1477840"
"KN297008v1","6401518","6401689","JH378139","5401576","5401745","20","999942"
"KN297008v1","6478329","6478632","JH378112","31219960","31220265","36","24741631"
"KN297008v1","6494488","6494766","JH378105","36618017","36618297","41","30123529"
"KN297008v1","6560968","6561270","JH378288","1088673","1088973","31","5472295"
"KN297008v1","6634896","6635190","JH378105","4325405","4325701","36","2309491"
"KN297008v1","6810901","6811212","JH378187","2906095","2906405","33","3904806"
"KN297008v1","6825560","6825859","JH378139","18955642","18955939","33","12130082"
"KN297008v1","6831360","6831651","JH378232","3226239","3226529","40","3605121"
"KN297008v1","6847528","6847834","JH378198","2398777","2399079","43","4448751"
"KN297008v1","6847837","6848128","JH378197","5535411","5535704","37","1312426"
"KN297008v1","6855985","6856064","JH378134","18656517","18656595","11","11800532"
"KN297008v1","6865252","6865567","JH378108","17949913","17950223","45","11084661"
"KN297008v1","6866167","6866473","JH378137","14049327","14049630","38","7183160"
"KN297008v1","6869043","6869308","JH378310","1417281","1417541","56","5451762"
"KN297008v1","6892205","6892521","JH378334","216671","216977","38","6675534"
"KN297008v1","6893262","6893582","JH378176","8157064","8157374","44","1263802"
"KN297008v1","6898277","6898581","JH378115","25041145","25041450","34","18142868"
"KN297008v1","6902083","6902388","JH378114","31670723","31671027","39","24768640"
"KN297008v1","6911806","6912112","JH378149","13456174","13456477","38","6544368"
"KN297009v1","15078","15371","JH378271","3183320","3183605","45","3168242"
"KN297017v1","16793","17090","JH378106","9882834","9883140","48","9866041"
"KN297017v1","18177","18492","JH378220","2083419","2083730","44","2065242"
"KN297017v1","20449","20743","JH378139","16259084","16259375","46","16238635"
"KN297019v1","8158","8453","JH378113","17279344","17279644","39","17271186"
"KN297019v1","42838","43146","JH378234","4844507","4844813","41","4801669"
"KN297019v1","69049","69347","JH378151","4318339","4318636","34","4249290"
"KN297019v1","174673","174971","JH378116","24080195","24080499","40","23905522"
"KN297019v1","449166","449468","JH378186","9105917","9106213","40","8656751"
"KN297019v1","560087","560156","JH378119","21789818","21789884","11","21229731"
"KN297019v1","645317","645630","JH378141","19263008","19263315","31","18617691"
"KN297019v1","670658","670951","JH378199","1071038","1071332","26","400380"
"KN297019v1","715342","715635","JH378107","8201541","8201836","32","7486199"
"KN297019v1","791858","792171","JH378167","5351158","5351469","29","4559300"
"KN297019v1","842671","842932","JH378161","5076336","5076598","33","4233665"
"KN297019v1","877373","877672","JH378122","6511121","6511412","53","5633748"
"KN297019v1","1016017","1016304","JH378311","367402","367684","43","648615"
"KN297019v1","1050628","1050933","JH378109","16112078","16112381","35","15061450"
"KN297019v1","1051433","1051728","JH378163","13372336","13372629","28","12320903"
"KN297019v1","1063574","1063857","JH378144","1238326","1238606","37","174752"
"KN297019v1","1145080","1145161","JH378148","10245743","10245824","17","9100663"
"KN297019v1","1169044","1169353","JH378112","33214699","33215012","26","32045655"
"KN297019v1","1244914","1245208","JH378157","9676550","9676840","25","8431636"
"KN297019v1","1272164","1272384","JH378124","2223590","2223809","27","951426"
"KN297023v1","1336","1506","JH378105","7989357","7989531","26","7988021"
"KN297023v1","16389","16552","JH378113","32219902","32220070","21","32203513"
"KN297023v1","16595","16646","JH378141","10269034","10269077","45","10252439"
"KN297023v1","16683","16800","JH378193","2074724","2074840","13","2058041"
"KN297023v1","219247","219537","JH378255","495815","496106","37","276568"
"KN297023v1","242695","242998","JH378137","17229717","17230015","37","16987022"
"KN297023v1","272748","273049","JH378199","7593197","7593494","41","7320449"
"KN297023v1","274395","274677","JH378115","17153051","17153333","33","16878656"
"KN297023v1","279647","279892","JH378255","526652","526899","42","247005"
"KN297023v1","317410","317722","JH378271","409005","409323","41","91595"
"KN297023v1","348764","349091","JH378195","3091474","3091788","46","2742710"
"KN297023v1","350987","351273","JH378105","37021072","37021361","39","36670085"
"KN297023v1","468167","468473","JH378159","5493568","5493869","38","5025401"
"KN297023v1","473679","473983","JH378213","3334871","3335172","35","2861192"
"KN297023v1","488273","488547","JH378141","16395180","16395454","30","15906907"
"KN297023v1","496864","497162","JH378239","1428043","1428345","40","931179"
"KN297023v1","499380","499686","JH378204","3008819","3009129","42","2509439"
"KN297023v1","507692","507994","JH378110","38574281","38574582","33","38066589"
"KN297023v1","553908","554205","JH378216","6814492","6814786","33","6260584"
"KN297023v1","555239","555550","JH378149","14988812","14989123","39","14433573"
"KN297023v1","654988","655299","JH378124","28279374","28279680","35","27624386"
"KN297023v1","745930","746235","JH378177","3168958","3169267","33","2423028"
"KN297023v1","825923","826223","JH378107","7568037","7568336","41","6742114"
"KN297023v1","833101","833412","JH378112","35288143","35288449","39","34455042"
"KN297023v1","896189","896497","JH378166","1276502","1276806","36","380313"
"KN297026v1","2743","3052","JH378112","37711276","37711587","39","37708533"
"KN297026v1","5049","5358","JH378112","37711276","37711587","39","37706227"
"KN297026v1","11470","11599","JH378125","10957061","10957191","19","10945591"
"KN297026v1","19273","19574","JH378113","20869375","20869675","37","20850102"
"KN297026v1","27244","27539","JH378160","11833922","11834221","37","11806678"
"KN297026v1","30234","30528","JH378106","67521037","67521330","37","67490803"
"KN297026v1","71885","72171","JH378166","2276072","2276357","45","2204187"
"KN297026v1","127272","127572","JH378139","15235758","15236059","38","15108486"
"KN297026v1","133905","134215","JH378141","10014232","10014538","37","9880327"
"KN297026v1","147602","147914","JH378178","8308591","8308898","34","8160989"
"KN297026v1","149538","149848","JH378206","6984481","6984785","37","6834943"
"KN297026v1","161555","161846","JH378167","8547558","8547847","39","8386003"
"KN297026v1","182661","182952","JH378114","31509524","31509814","35","31326863"
"KN297026v1","187295","187577","AGCE01150436","733","1013","44","186562"
"KN297026v1","198983","199279","JH378163","2667861","2668158","33","2468878"
"KN297026v1","218489","218798","JH378140","7338564","7338875","42","7120075"
"KN297026v1","274224","274516","JH378288","2257077","2257368","33","1982853"
"KN297026v1","327225","327525","JH378120","28584384","28584682","33","28257159"
"KN297026v1","432155","432450","JH378131","23308012","23308301","38","22875857"
"KN297026v1","450064","450142","JH378134","18656517","18656595","9","18206453"
"KN297026v1","466077","466386","JH378126","21026752","21027059","37","20560675"
"KN297026v1","566233","566390","JH378225","6560845","6561011","32","5994612"
"KN297026v1","585671","585982","JH378120","16327645","16327955","39","15741974"
"KN297026v1","685942","686146","JH378208","1496707","1496913","19","810765"
"KN297026v1","718056","718302","JH378148","2186502","2186746","44","1468446"
"KN297026v1","815222","815521","JH378288","1561758","1562053","32","746536"
"KN297026v1","842505","842799","JH378185","1253216","1253508","36","410711"
"KN297026v1","1088824","1089129","JH378106","18352071","18352372","43","17263247"
"KN297026v1","1191049","1191360","JH378115","26640201","26640508","36","25449152"
"KN297026v1","1288066","1288361","JH378139","18955642","18955939","35","17667576"
"KN297026v1","1365305","1365573","JH378168","2031881","2032145","43","666576"
"KN297026v1","1369161","1369468","JH378213","5393305","5393609","36","4024144"
"KN297026v1","1425976","1426281","JH378199","7492600","7492904","34","6066624"
"KN297026v1","1430751","1431020","JH378156","11364071","11364340","44","9933320"
"KN297026v1","1440472","1440751","JH378321","737708","737984","34","702764"
"KN297026v1","1472449","1472760","JH378105","45532096","45532403","46","44059647"
"KN297026v1","1510689","1511001","JH378196","6496742","6497039","48","4986053"
"KN297026v1","1512734","1513015","JH378144","7596090","7596371","37","6083356"
"KN297026v1","1590525","1590829","JH378151","6647965","6648275","50","5057440"
"KN297026v1","1641849","1642154","JH378281","1393001","1393307","40","248848"
"KN297026v1","1664065","1664367","JH378220","3527411","3527711","37","1863346"
"KN297026v1","1673561","1673869","JH378115","23108144","23108450","39","21434583"
"KN297026v1","1723960","1724255","JH378127","14224459","14224757","34","12500499"
"KN297026v1","1738571","1738863","JH378119","32666072","32666364","41","30927501"
"KN297026v1","1835722","1835883","JH378124","17607926","17608087","21","15772204"
"KN297026v1","1877541","1877843","JH378117","25171577","25171874","35","23294036"
"KN297026v1","1878204","1878495","JH378176","9716970","9717264","40","7838766"
"KN297026v1","1953084","1953318","AGCE01150955","1","234","31","1953083"
"KN297026v1","1964650","1964926","JH378158","4330228","4330501","34","2365578"
"KN297028v1","19134","19275","JH378190","8306381","8306522","21","8287247"
"KN297028v1","19574","19748","JH378111","33936559","33936732","22","33916985"
"KN297028v1","46103","46389","JH378194","8971634","8971922","38","8925531"
"KN297028v1","50146","50432","JH378235","4514528","4514824","37","4464382"
"KN297028v1","50950","51254","JH378121","4006842","4007149","50","3955892"
"KN297028v1","51436","51615","JH378136","14875706","14875883","18","14824270"
"KN297028v1","51927","52038","JH378257","3434267","3434376","16","3382340"
"KN297028v1","52313","52349","JH378109","30763095","30763128","8","30710782"
"KN297028v1","54930","55224","JH378126","21026752","21027059","41","20971822"
"KN297028v1","57478","57792","JH378126","21026752","21027059","39","20969274"
"KN297028v1","59529","59839","JH378115","16925265","16925575","38","16865736"
"KN297028v1","60367","60673","JH378109","1350929","1351234","47","1290562"
"KN297028v1","67470","67762","JH378106","7321806","7322099","31","7254336"
"KN297028v1","76468","76765","JH378108","46075956","46076254","30","45999488"
"KN297028v1","77704","78011","JH378216","6474633","6474943","29","6396929"
"KN297028v1","78938","79219","JH378108","21208115","21208396","37","21129177"
"KN297028v1","79250","79265","JH378111","33423149","33423167","7","33343899"
"KN297028v1","86354","86664","JH378133","9511493","9511805","47","9425139"
"KN297028v1","88018","88311","JH378115","28712376","28712673","35","28624358"
"KN297028v1","110059","110353","JH378207","3169344","3169645","34","3059285"
"KN297028v1","135017","135298","JH378152","10737028","10737308","36","10602011"
"KN297028v1","138381","138668","JH378110","18205286","18205573","36","18066905"
"KN297028v1","165442","165752","JH378120","16327645","16327955","36","16162203"
"KN297028v1","182080","182386","JH378198","5464827","5465131","38","5282747"
"KN297028v1","189110","189412","JH378185","2174597","2174903","38","1985487"
"KN297028v1","233765","234059","JH378114","38868751","38869045","29","38634986"
"KN297028v1","235205","235516","JH378139","18632207","18632516","32","18397002"
"KN297028v1","251629","251910","JH378293","1120828","1121107","44","869199"
"KN297028v1","266688","266975","JH378116","24890259","24890547","48","24623571"
"KN297028v1","269892","270228","JH378178","7771180","7771511","45","7501288"
"KN297028v1","277457","277744","JH378106","44399035","44399331","32","44121578"
"KN297028v1","296244","296556","JH378245","3509016","3509320","51","3212772"
"KN297028v1","340084","340360","JH378263","1129965","1130235","53","789881"
"KN297028v1","382854","383139","JH378105","48243361","48243639","47","47860507"
"KN297028v1","407623","407928","JH378112","20327070","20327378","45","19919447"
"KN297028v1","440576","440876","JH378133","7973389","7973680","39","7532813"
"KN297028v1","544970","545257","JH378133","22138850","22139145","43","21593880"
"KN297028v1","546077","546381","JH378167","5351158","5351469","41","4805081"
"KN297028v1","584266","584554","JH378141","16118865","16119147","35","15534599"
"KN297028v1","613748","614040","JH378128","3914152","3914446","40","3300404"
"KN297028v1","648602","648769","JH378291","2662755","2662923","19","2014153"
"KN297028v1","677020","677316","JH378220","2784017","2784313","35","2106997"
"KN297028v1","704796","705099","JH378119","11179406","11179710","40","10474610"
"KN297028v1","710334","710619","JH378125","4897040","4897338","44","4186706"
"KN297028v1","753026","753111","JH378129","7055252","7055339","21","6302226"
"KN297028v1","762129","762406","JH378149","1583082","1583374","47","820953"
"KN297028v1","825244","825531","JH378107","56321933","56322217","41","55496689"
"KN297028v1","935244","935543","JH378137","18706406","18706704","36","17771162"
"KN297028v1","970679","970990","JH378112","33214699","33215012","44","32244020"
"KN297028v1","979723","980026","JH378139","15235758","15236059","46","14256035"
"KN297028v1","1147638","1147949","JH378111","10896023","10896325","46","9748385"
"KN297028v1","1177764","1178071","JH378112","35288143","35288449","37","34110379"
"KN297028v1","1187503","1187814","JH378129","1237412","1237719","34","49909"
"KN297028v1","1192053","1192363","JH378113","28428906","28429220","42","27236853"
"KN297028v1","1403280","1403566","JH378160","12367812","12368100","33","10964532"
"KN297028v1","1430793","1431101","JH378144","7534414","7534722","44","6103621"
"KN297028v1","1672385","1672659","AGCE01149956","727","992","45","1671658"
"KN297028v1","1780516","1780835","JH378260","2282137","2282463","37","501621"
"KN297028v1","1789377","1789664","JH378198","1596143","1596429","40","193234"
"KN297029v1","3951","4033","JH378127","17828353","17828436","14","17824402"
"KN297032v1","50962","51272","JH378114","31670723","31671027","40","31619761"
"KN297032v1","121886","122192","JH378126","21026752","21027059","36","20904866"
"KN297032v1","147304","147405","JH378164","2914552","2914653","15","2767248"
"KN297032v1","166174","166468","JH378161","630277","630572","39","464103"
"KN297032v1","189132","189437","JH378197","7145768","7146073","39","6956636"
"KN297032v1","192556","192861","JH378171","5736292","5736597","38","5543736"
"KN297032v1","226609","226915","JH378172","11284989","11285296","36","11058380"
"KN297032v1","232759","233028","JH378176","10715200","10715474","42","10482441"
"KN297032v1","235572","235884","JH378120","16327645","16327955","40","16092073"
"KN297032v1","237897","238063","JH378154","7460558","7460722","19","7222661"
"KN297032v1","240808","241112","JH378130","1202684","1202989","37","961876"
"KN297032v1","247309","247604","JH378119","6124403","6124708","43","5877094"
"KN297032v1","250702","251008","JH378111","16327122","16327424","38","16076420"
"KN297032v1","263894","264198","JH378119","6124403","6124708","38","5860509"
"KN297032v1","266350","266652","JH378106","10129130","10129437","53","9862780"
"KN297032v1","285549","285713","JH378110","37164642","37164804","24","36879093"
"KN297032v1","299939","300235","JH378149","539268","539562","31","239329"
"KN297032v1","327772","328072","JH378111","19249943","19250239","49","18922171"
"KN297032v1","328720","329038","JH378155","2204661","2204978","52","1875941"
"KN297032v1","332804","333106","JH378106","7321806","7322099","47","6989002"
"KN297032v1","343807","344085","JH378110","36069136","36069415","39","35725329"
"KN297032v1","355416","355693","JH378107","29184904","29185186","40","28829488"
"KN297032v1","359149","359453","JH378126","21026752","21027059","34","20667603"
"KN297032v1","373582","373879","JH378139","15119668","15119965","36","14746086"
"KN297038v1","172960","173237","JH378107","27056287","27056566","33","26883327"
"KN297038v1","188504","188649","JH378283","1692869","1693013","23","1504365"
"KN297038v1","199507","199785","JH378118","28702133","28702414","33","28502626"
"KN297038v1","203843","204134","JH378142","12979191","12979481","36","12775348"
"KN297038v1","235646","235938","JH378139","16259084","16259375","29","16023438"
"KN297038v1","237264","237469","JH378216","335439","335645","27","98175"
"KN297038v1","253200","253494","JH378216","6814492","6814786","36","6561292"
"KN297038v1","254560","254871","JH378120","16327645","16327955","38","16073085"
"KN297038v1","257877","258091","JH378149","3162061","3162279","27","2904184"
"KN297038v1","272101","272393","JH378108","1472065","1472357","31","1199964"
"KN297038v1","283831","284132","JH378159","5493568","5493869","30","5209737"
"KN297038v1","315566","315874","JH378107","4879874","4880181","35","4564308"
"KN297038v1","328124","328420","JH378139","1159515","1159824","40","831391"
"KN297038v1","337215","337288","JH378226","5406686","5406759","10","5069471"
"KN297038v1","354819","355117","JH378118","27503431","27503730","34","27148612"
"KN297038v1","364455","364746","JH378137","7916113","7916406","40","7551658"
"KN297038v1","558417","558655","JH378232","311573","311811","37","246844"
"KN297038v1","645572","645870","JH378170","4783494","4783792","35","4137922"
"KN297038v1","684311","684621","JH378148","17201496","17201806","48","16517185"
"KN297038v1","721598","721898","JH378149","4766604","4766904","36","4045006"
"KN297038v1","724956","725259","JH378119","6124403","6124708","38","5399447"
"KN297038v1","742142","742435","JH378135","3624002","3624295","30","2881860"
"KN297038v1","803218","803523","JH378167","5351158","5351469","36","4547940"
"KN297038v1","814623","814926","JH378244","3937038","3937339","33","3122415"
"KN297038v1","826371","826505","JH378220","1088125","1088257","16","261754"
"KN297038v1","826815","826877","JH378125","16297699","16297761","10","15470884"
"KN297038v1","831131","831432","JH378115","25570507","25570808","40","24739376"
"KN297038v1","860648","860854","JH378148","6426733","6426937","37","5566085"
"KN297038v1","861075","861189","JH378116","14519802","14519915","10","13658727"
"KN297038v1","1037666","1037913","JH378171","1354455","1354697","40","316789"
"KN297038v1","1058458","1058764","JH378112","22247183","22247482","37","21188725"
"KN297038v1","1153561","1153873","JH378126","21026752","21027059","37","19873191"
"KN297038v1","1216943","1217241","JH378265","2263256","2263553","33","1046313"
"KN297038v1","1246576","1246880","JH378197","7145768","7146073","34","5899192"
"KN297038v1","1267311","1267619","JH378136","5631036","5631344","43","4363725"
"KN297038v1","1300991","1301288","JH378151","3515305","3515602","33","2214314"
"KN297038v1","1330371","1330649","JH378212","5551439","5551720","50","4221068"
"KN297038v1","1357019","1357206","JH378336","470553","470743","30","886466"
"KN297038v1","1400904","1401224","JH378128","11261177","11261495","43","9860273"
"KN297038v1","1419268","1419525","JH378173","2688980","2689237","33","1269712"
"KN297038v1","1436474","1436643","JH378206","2858828","2858986","38","1422354"
"KN297038v1","1487811","1488041","JH378184","856419","856657","38","631392"
"KN297038v1","1521321","1521614","JH378131","20072845","20073138","33","18551524"
"KN297038v1","1651466","1651766","JH378145","15066996","15067296","42","13415530"
"KN297038v1","1863288","1863516","JH378119","27321137","27321363","30","25457849"
"KN297038v1","1877849","1878070","JH378185","5898325","5898545","36","4020476"
"KN297038v1","1911903","1912201","JH378288","1088673","1088973","36","823230"
"KN297038v1","1915489","1915777","JH378148","14010669","14010956","30","12095180"
"KN297038v1","1980813","1981104","JH378177","10700258","10700554","35","8719445"
"KN297038v1","2010620","2010861","JH378198","2363451","2363683","41","352831"
"KN297038v1","2032314","2032618","JH378156","6135416","6135717","39","4103102"
"KN297038v1","2035955","2036273","JH378147","12443857","12444168","40","10407902"
"KN297038v1","2070831","2071156","JH378135","13353680","13353991","49","11282849"
"KN297038v1","2315624","2315920","JH378115","28712376","28712673","32","26396752"
"KN297038v1","2504640","2504941","JH378157","13162088","13162381","57","10657448"
"KN297038v1","2520895","2521186","JH378235","1056369","1056656","34","1464526"
"KN297038v1","2591924","2592212","JH378125","16816320","16816611","34","14224396"
"KN297038v1","2682082","2682374","JH378119","26408432","26408722","31","23726350"
"KN297038v1","2702394","2702558","JH378122","7293865","7294028","19","4591471"
"KN297038v1","2909983","2910294","JH378167","5351158","5351469","43","2441175"
"KN297038v1","2914909","2915218","JH378127","11406116","11406423","58","8491207"
"KN297039v1","107256","107308","JH378107","49865593","49865646","9","49758337"
"KN297039v1","135508","135812","JH378143","2056564","2056867","41","1921056"
"KN297039v1","183685","183992","JH378132","18369781","18370081","51","18186096"
"KN297039v1","216599","216879","JH378177","6664715","6664994","35","6448116"
"KN297039v1","672226","672524","JH378115","25570507","25570808","30","24898281"
"KN297039v1","892555","892861","JH378149","1427296","1427590","43","534741"
"KN297039v1","1024432","1024724","JH378115","23787742","23788033","38","22763310"
"KN297039v1","1102214","1102512","JH378191","6177328","6177618","33","5075114"
"KN297039v1","1195985","1196153","JH378187","26798","26965","22","1169187"
"KN297041v1","4663","4973","JH378141","16136077","16136388","36","16131414"
"KN297041v1","6226","6459","JH378129","21712182","21712418","32","21705956"
"KN297041v1","29700","29993","JH378272","801428","801724","28","771728"
"KN297041v1","49557","49874","JH378225","938523","938846","57","888966"
"KN297041v1","57760","57923","JH378112","20978198","20978363","25","20920438"
"KN297041v1","58230","58327","JH378178","6869097","6869188","13","6810867"
"KN297041v1","63462","63757","JH378274","762071","762368","35","698609"
"KN297041v1","75174","75369","JH378105","58285372","58285568","28","58210198"
"KN297041v1","104343","104625","JH378193","1240379","1240665","39","1136036"
"KN297041v1","138348","138659","JH378125","7338401","7338712","42","7200053"
"KN297041v1","144459","144772","JH378108","22706249","22706563","38","22561790"
"KN297041v1","154273","154443","JH378135","381040","381211","19","226767"
"KN297042v1","68157","68453","JH378131","8598779","8599076","38","8530622"
"KN297042v1","197142","197437","JH378106","1255495","1255784","33","1058353"
"KN297042v1","208502","208783","JH378153","7392982","7393269","37","7184480"
"KN297044v1","7303","7611","JH378257","87786","88089","37","80483"
"KN297044v1","14705","15010","JH378137","3540833","3541130","38","3526128"
"KN297044v1","69066","69372","JH378166","1276502","1276806","35","1207436"
"KN297044v1","83227","83402","JH378112","8772680","8772855","19","8689453"
"KN297044v1","92874","93164","JH378182","3623832","3624120","28","3530958"
"KN297044v1","101635","101768","JH378147","10734710","10734843","18","10633075"
"KN297044v1","107055","107175","JH378151","1137762","1137885","27","1030707"
"KN297044v1","118078","118369","JH378139","19252318","19252611","37","19134240"
"KN297044v1","147499","147795","JH378148","7080481","7080778","33","6932982"
"KN297044v1","151575","151865","JH378149","1400224","1400513","32","1248649"
"KN297044v1","178347","178657","JH378157","1008995","1009298","38","830648"
"KN297044v1","193969","194278","JH378165","5178810","5179119","39","4984841"
"KN297044v1","207070","207343","JH378123","9468702","9468972","40","9261632"
"KN297044v1","313308","313615","JH378126","21026752","21027059","33","20713444"
"KN297044v1","342586","342894","JH378118","23477784","23478095","36","23135198"
"KN297044v1","357077","357383","JH378141","18468307","18468612","36","18111230"
"KN297044v1","419293","419582","JH378106","6826425","6826714","35","6407132"
"KN297044v1","439400","439706","JH378206","4086994","4087300","38","3647594"
"KN297044v1","473148","473437","JH378106","3052818","3053105","33","2579670"
"KN297044v1","474274","474547","JH378153","5756963","5757237","34","5282689"
"KN297044v1","489298","489591","JH378141","18104473","18104759","41","17615175"
"KN297044v1","495247","495561","JH378116","37165551","37165860","34","36670304"
"KN297044v1","517997","518283","JH378106","44399035","44399331","35","43881038"
"KN297044v1","521409","521739","JH378260","2282137","2282463","45","1760728"
"KN297044v1","527321","527617","JH378106","69239155","69239449","38","68711834"
"KN297044v1","529792","529957","JH378111","22948612","22948779","23","22418820"
"KN297044v1","533233","533538","JH378115","34859185","34859494","40","34325952"
"KN297044v1","535838","536130","JH378141","12391086","12391376","43","11855248"
"KN297044v1","548901","549205","JH378206","6984481","6984785","37","6435580"
"KN297044v1","549469","549769","JH378228","5509057","5509356","37","4959588"
"KN297044v1","551602","551904","JH378125","15893280","15893581","35","15341678"
"KN297044v1","555826","556134","JH378105","71214536","71214841","39","70658710"
"KN297044v1","561071","561236","JH378153","15109363","15109526","20","14548292"
"KN297044v1","572184","572345","JH378152","13042206","13042370","22","12470022"
"KN297044v1","572656","572787","JH378184","6796171","6796302","19","6223515"
"KN297044v1","584042","584332","JH378216","7124506","7124797","29","6540464"
"KN297044v1","591587","591914","JH378115","15386638","15386957","51","14795051"
"KN297044v1","597233","597392","JH378161","3080819","3080969","25","2483586"
"KN297044v1","599272","599548","JH378157","1917746","1918025","31","1318474"
"KN297044v1","639734","640030","JH378170","4783494","4783792","36","4143760"
"KN297044v1","809030","809342","JH378334","216671","216977","37","592359"
"KN297044v1","828638","828944","JH378125","8471078","8471390","51","7642440"
"KN297044v1","908864","909141","JH378122","8778753","8779025","53","7869889"
"KN297044v1","935749","935831","JH378159","3410135","3410216","12","2474386"
"KN297044v1","1024934","1025248","JH378113","6692573","6692881","37","5667639"
"KN297046v1","7016","7310","JH378113","14455819","14456118","32","14448803"
"KN297046v1","26344","26634","JH378293","1524576","1524874","40","1498232"
"KN297046v1","435227","435531","JH378281","2501614","2501915","31","2066387"
"KN297046v1","487924","488060","JH378216","1930573","1930709","17","1442649"
"KN297046v1","508265","508564","JH378142","5865502","5865800","33","5357237"
"KN297046v1","627696","627973","JH378294","1717590","1717871","41","1089894"
"KN297046v1","627974","628278","JH378149","4732600","4732902","39","4104626"
"KN297046v1","725433","725763","JH378139","11329312","11329640","57","10603879"
"KN297046v1","926221","926536","JH378139","1159515","1159824","43","233294"
"KN297046v1","933714","933913","JH378151","5515343","5515547","27","4581629"
"KN297046v1","981570","981742","JH378253","2490908","2491083","26","1509338"
"KN297046v1","991781","992082","JH378246","19839","20145","36","971942"
"KN297046v1","994520","994822","JH378124","15582898","15583197","27","14588378"
"KN297046v1","1013825","1014073","JH378106","66881924","66882170","36","65868099"
"KN297046v1","1020176","1020456","JH378105","36059082","36059351","52","35038906"
"KN297046v1","1029124","1029415","JH378139","16138586","16138868","37","15109462"
"KN297046v1","1029548","1029649","JH378257","3434267","3434376","17","2404719"
"KN297046v1","1032040","1032331","JH378270","1477459","1477743","47","445419"
"KN297046v1","1035670","1035982","JH378147","12443857","12444168","38","11408187"
"KN297046v1","1041263","1041575","JH378112","20327070","20327378","33","19285807"
"KN297046v1","1127667","1127978","JH378260","484146","484457","33","643521"
"KN297046v1","1229491","1229804","JH378120","16327645","16327955","36","15098154"
"KN297046v1","1237936","1238236","JH378105","33948514","33948810","45","32710578"
"KN297046v1","1257266","1257566","JH378129","10258595","10258896","34","9001329"
"KN297046v1","1269276","1269578","JH378106","7321806","7322099","42","6052530"
"KN297046v1","1325790","1326091","JH378156","13644128","13644425","38","12318338"
"KN297046v1","1330367","1330675","JH378110","1412995","1413305","45","82628"
"KN297046v1","1331192","1331494","JH378116","22637654","22637953","46","21306462"
"KN297046v1","1331525","1331815","JH378138","2084662","2084957","36","753137"
"KN297046v1","1335585","1335902","JH378150","10126172","10126487","46","8790587"
"KN297046v1","1338158","1338458","JH378115","28712376","28712673","36","27374218"
"KN297046v1","1341801","1342103","JH378108","54706929","54707230","33","53365128"
"KN297046v1","1356372","1356680","JH378126","21026752","21027059","32","19670380"
"KN297046v1","1374777","1375079","JH378115","28712376","28712673","37","27337599"
"KN297046v1","1385107","1385431","JH378111","22037559","22037878","41","20652452"
"KN297046v1","1386064","1386353","JH378153","5391352","5391639","33","4005288"
"KN297046v1","1406432","1406736","JH378140","6602564","6602868","31","5196132"
"KN297046v1","1423210","1423375","JH378277","656026","656190","25","767184"
"KN297046v1","1427519","1427828","JH378156","9166475","9166782","45","7738956"
"KN297046v1","1428604","1428912","JH378112","33214699","33215012","48","31786095"
"KN297046v1","1432895","1433203","JH378126","21026752","21027059","33","19593857"
"KN297046v1","1435057","1435358","JH378170","4783494","4783792","33","3348437"
"KN297046v1","1439377","1439676","JH378216","4224502","4224803","34","2785125"
"KN297046v1","1440220","1440522","JH378106","44399035","44399331","36","42958815"
"KN297046v1","1440589","1440871","JH378109","4989318","4989608","37","3548729"
"KN297046v1","1447626","1447922","JH378227","68096","68393","35","1379530"
"KN297046v1","1455587","1455874","JH378203","7694304","7694583","32","6238717"
"KN297046v1","1468858","1469141","JH378137","16935749","16936039","44","15466891"
"KN297046v1","1498799","1499107","JH378126","21026752","21027059","30","19527953"
"KN297046v1","1515869","1516026","JH378122","26352496","26352645","23","24836627"
"KN297046v1","1516317","1516451","JH378271","606473","606602","23","909844"
"KN297046v1","1546887","1547187","JH378293","1524576","1524874","30","22311"
"KN297046v1","1553356","1553667","JH378166","2899888","2900193","43","1346532"
"KN297046v1","1563669","1563994","JH378112","6509784","6510091","51","4946115"
"KN297046v1","1585364","1585446","JH378157","14200981","14201063","14","12615617"
"KN297046v1","1588432","1588739","JH378135","1471217","1471523","39","117215"
"KN297046v1","1589015","1589322","JH378140","6883086","6883394","34","5294071"
"KN297046v1","1599330","1599631","JH378281","2501614","2501915","35","902284"
"KN297046v1","1605014","1605330","JH378296","1500608","1500907","49","104406"
"KN297046v1","1629088","1629201","JH378150","2742488","2742599","26","1113400"
"KN297046v1","1630170","1630480","JH378129","1237412","1237719","31","392758"
"KN297046v1","1687870","1688207","JH378118","29771368","29771673","73","28083498"
"KN297046v1","1696252","1696553","JH378114","30126711","30127013","36","28430459"
"KN297046v1","1724374","1724667","JH378124","15582898","15583197","47","13858524"
"KN297046v1","1727600","1727885","JH378139","16259084","16259375","40","14531484"
"KN297046v1","1728885","1729175","JH378139","11276877","11277168","41","9547992"
"KN297046v1","1735344","1735640","JH378334","216671","216977","42","1518673"
"KN297046v1","1750446","1750742","JH378111","15913243","15913539","35","14162797"
"KN297046v1","1751895","1752200","JH378293","1524576","1524874","36","227319"
"KN297046v1","1763972","1764166","JH378125","16233156","16233354","26","14469184"
"KN297046v1","1774204","1774506","JH378115","25041145","25041450","32","23266941"
"KN297046v1","1776614","1776911","JH378228","5509057","5509356","29","3732443"
"KN297046v1","1784252","1784545","JH378108","23280248","23280545","36","21495996"
"KN297046v1","1789373","1789676","JH378171","4458179","4458478","40","2668806"
"KN297046v1","1797473","1797781","JH378206","4086994","4087300","42","2289521"
"KN297046v1","1800877","1801178","JH378296","1500608","1500907","41","300269"
"KN297046v1","1818596","1818880","JH378231","4312542","4312824","36","2493946"
"KN297046v1","1822033","1822150","JH378127","2059413","2059530","16","237380"
"KN297046v1","1822447","1822641","JH378217","951556","951750","24","870891"
"KN297046v1","1831789","1832080","JH378157","9676550","9676840","36","7844761"
"KN297046v1","1845811","1846108","JH378201","8575463","8575759","42","6729652"
"KN297046v1","1861039","1861346","JH378213","5483774","5484086","37","3622735"
"KN297046v1","1878946","1879251","JH378129","12241608","12241912","45","10362662"
"KN297046v1","1882062","1882359","JH378228","5509057","5509356","35","3626995"
"KN297046v1","1890914","1891203","JH378110","17880643","17880926","37","15989729"
"KN297046v1","1939394","1939690","JH378114","36705067","36705364","37","34765673"
"KN297046v1","2004367","2004668","JH378305","363484","363782","33","1640883"
"KN297046v1","2240991","2241282","JH378151","8381511","8381803","37","6140520"
"KN297046v1","2265939","2266239","JH378149","539268","539562","36","1726671"
"KN297046v1","2290114","2290204","JH378187","5377174","5377258","20","3087060"
"KN297046v1","2295422","2295725","JH378110","38852916","38853220","28","36557494"
"KN297046v1","2310626","2310781","JH378245","3776126","3776273","17","1465500"
"KN297046v1","2323050","2323361","JH378135","1042676","1042987","32","1280374"
"KN297046v1","2334024","2334331","JH378246","19839","20145","30","2314185"
"KN297046v1","2368004","2368311","JH378105","61766167","61766471","33","59398163"
"KN297046v1","2390545","2390840","JH378170","4783494","4783792","32","2392949"
"KN297046v1","2395208","2395518","JH378113","6613006","6613316","39","4217798"
"KN297046v1","2403989","2404295","JH378319","188366","188673","38","2215623"
"KN297046v1","2531375","2531609","JH378108","38527353","38527599","61","35995978"
"KN297046v1","2539627","2539922","JH378108","33293591","33293887","37","30753964"
"KN297046v1","2574466","2574769","JH378110","32305325","32305628","33","29730859"
"KN297046v1","2610903","2611194","JH378291","1775117","1775406","43","835786"
"KN297046v1","2638698","2638996","JH378288","1561758","1562053","39","1076940"
"KN297046v1","2686602","2686900","JH378112","21695596","21695889","38","19008994"
"KN297046v1","2702452","2702752","JH378207","3169344","3169645","34","466892"
"KN297046v1","2713810","2714116","JH378270","1869805","1870106","40","844005"
"KN297046v1","2715288","2715578","JH378157","9676550","9676840","29","6961262"
"KN297046v1","2720728","2721028","JH378206","4086994","4087300","43","1366266"
"KN297046v1","2782901","2783192","JH378125","803094","803382","32","1979807"
"KN297046v1","2786730","2787012","JH378105","35665534","35665817","31","32878804"
"KN297046v1","2789741","2790050","JH378115","16925265","16925575","43","14135524"
"KN297046v1","2822117","2822408","JH378199","7593197","7593494","39","4771080"
"KN297046v1","2840737","2841034","JH378170","4783494","4783792","36","1942757"
"KN297046v1","2852391","2852697","JH378152","15994237","15994545","39","13141846"
"KN297046v1","2857600","2857898","JH378119","11297197","11297495","38","8439597"
"KN297046v1","2880254","2880552","JH378176","9178067","9178359","37","6297813"
"KN297046v1","2888033","2888274","JH378120","6338001","6338243","29","3449968"
"KN297046v1","2920439","2920735","AGCE01150449","839","1138","31","2919600"
"KN297046v1","2928687","2928980","JH378105","8018029","8018320","30","5089342"
"KN297046v1","2946930","2947213","JH378179","7354641","7354925","38","4407711"
"KN297046v1","3028495","3028804","JH378115","23108144","23108450","33","20079649"
"KN297046v1","3113151","3113453","JH378114","37036188","37036491","34","33923037"
"KN297046v1","3117045","3117130","JH378128","11506241","11506323","11","8389196"
"KN297046v1","3121416","3121720","JH378116","11181268","11181574","35","8059852"
"KN297046v1","3137456","3137767","JH378187","2906095","2906405","36","231361"
"KN297046v1","3138104","3138256","JH378139","19802803","19802961","20","16664699"
"KN297046v1","3166755","3167060","JH378197","7145768","7146073","35","3979013"
"KN297046v1","3168692","3168992","JH378123","22951568","22951868","37","19782876"
"KN297046v1","3179638","3179932","JH378151","8381511","8381803","35","5201873"
"KN297046v1","3191983","3192149","JH378172","5606262","5606427","28","2414279"
"KN297046v1","3195660","3195937","JH378201","5342475","5342754","33","2146815"
"KN297046v1","3215137","3215438","JH378204","2935067","2935361","38","280070"
"KN297046v1","3232639","3232946","JH378119","6124403","6124708","31","2891764"
"KN297046v1","3233920","3234130","JH378110","30347433","30347646","36","27113513"
"KN297046v1","3272557","3272860","JH378111","20485004","20485310","34","17212447"
"KN297046v1","3275400","3275691","JH378115","26561420","26561711","39","23286020"
"KN297046v1","3280928","3281233","JH378216","4224502","4224803","38","943574"
"KN297046v1","3306102","3306353","JH378112","14922696","14922951","40","11616594"
"KN297046v1","3317213","3317377","JH378220","2132279","2132440","25","1184934"
"KN297046v1","3321039","3321346","JH378206","6984481","6984785","32","3663442"
"KN297046v1","3330806","3331097","JH378123","312081","312373","46","3018725"
"KN297046v1","3379665","3379958","JH378144","7235841","7236134","31","3856176"
"KN297046v1","3428695","3429005","JH378112","45152532","45152831","40","41723837"
"KN297046v1","3429061","3429252","JH378195","7570485","7570676","23","4141424"
"KN297046v1","3439899","3440062","JH378137","7065450","7065612","25","3625551"
"KN297046v1","3535268","3535566","JH378151","10201068","10201369","38","6665800"
"KN297046v1","3576987","3577295","JH378124","15582898","15583197","36","12005911"
"KN297047v1","31315","31604","JH378107","6356218","6356506","34","6324903"
"KN297047v1","284117","284410","JH378140","16245567","16245855","44","15961450"
"KN297047v1","456388","456738","JH378167","4176675","4177019","66","3720287"
"KN297047v1","517586","517664","JH378293","944077","944155","12","426491"
"KN297047v1","688660","688965","JH378262","1919743","1920045","44","1231083"
"KN297047v1","816055","816280","JH378124","2223590","2223809","35","1407535"
"KN297047v1","877434","877734","JH378105","3830793","3831094","40","2953359"
"KN297047v1","909317","909616","JH378167","8141531","8141823","33","7232214"
"KN297047v1","1009031","1009334","JH378119","6124403","6124708","41","5115372"
"KN297047v1","1159911","1160218","JH378293","888112","888418","42","271799"
"KN297047v1","1170050","1170333","JH378110","3050126","3050410","29","1880076"
"KN297047v1","1267483","1267738","JH378165","5258282","5258531","50","3990799"
"KN297047v1","1282881","1283187","JH378153","13869463","13869770","42","12586582"
"KN297047v1","1324461","1324526","JH378325","298532","298590","14","1025929"
"KN297047v1","1383394","1383500","JH378115","12729829","12729935","14","11346435"
"KN297047v1","1620130","1620369","JH378167","6605537","6605772","41","4985407"
"KN297047v1","1641319","1641507","JH378119","26916217","26916401","33","25274898"
"KN297047v1","1916660","1916974","JH378193","9256338","9256648","44","7339678"
"KN297047v1","1919824","1920111","JH378117","31259574","31259861","39","29339750"
"KN297047v1","1972661","1972750","JH378125","14910450","14910540","14","12937789"
"KN297047v1","1991119","1991438","JH378109","10847116","10847429","39","8855997"
"KN297047v1","2037992","2038069","JH378135","1264115","1264194","14","773877"
"KN297047v1","2063767","2064062","JH378163","13372336","13372629","32","11308569"
"KN297047v1","2085413","2085725","JH378113","28428906","28429220","36","26343493"
"KN297047v1","2093188","2093486","JH378288","1561758","1562053","38","531430"
"KN297047v1","2095150","2095440","JH378111","42787057","42787349","36","40691907"
"KN297047v1","2144071","2144376","JH378106","70986080","70986388","47","68842009"
"KN297047v1","2160859","2161164","JH378110","12146106","12146409","36","9985247"
"KN297047v1","2161401","2161686","JH378137","8662035","8662316","43","6500634"
"KN297047v1","2187556","2187866","JH378191","6177328","6177618","46","3989772"
"KN297047v1","2193984","2194279","JH378157","9676550","9676840","36","7482566"
"KN297047v1","2416510","2416810","JH378130","3292901","3293206","54","876391"
"KN297047v1","2433181","2433481","JH378176","8157064","8157374","35","5723883"
"KN297047v1","2642834","2643140","JH378137","19401998","19402301","37","16759164"
"KN297047v1","2661610","2661918","JH378149","13349774","13350075","43","10688164"
"KN297047v1","2885392","2885686","JH378105","4325405","4325701","40","1440013"
"KN297047v1","2910292","2910605","JH378126","21026752","21027059","38","18116460"
"KN297047v1","2935842","2936147","JH378140","6540936","6541239","41","3605094"
"KN297047v1","2958089","2958234","JH378125","2382005","2382158","25","576084"
"KN297047v1","2962765","2962990","JH378265","648361","648587","26","2314404"
"KN297047v1","2987284","2987449","JH378188","9295732","9295895","41","6308448"
"KN297047v1","2987554","2987709","JH378157","2383276","2383428","22","604278"
"KN297047v1","3008586","3008898","JH378191","5184511","5184822","39","2175925"
"KN297047v1","3098131","3098428","JH378137","17271511","17271797","42","14173380"
"KN297047v1","3180499","3180787","JH378137","17271511","17271797","35","14091012"
"KN297047v1","3358898","3359170","JH378153","5756963","5757237","40","2398065"
"KN297047v1","3493772","3494061","JH378139","16259084","16259375","39","12765312"
"KN297047v1","3503622","3503925","JH378112","33214699","33215012","44","29711077"
"KN297047v1","3509552","3509847","JH378242","97287","97580","40","3412265"
"KN297047v1","3521541","3521837","JH378139","18955642","18955939","36","15434101"
"KN297047v1","3531909","3532209","JH378137","14049327","14049630","50","10517418"
"KN297047v1","3535192","3535502","AGCE01151127","791","1105","38","3534401"
"KN297047v1","3600962","3601275","JH378316","245997","246306","38","3354965"
"KN297047v1","3665484","3665790","JH378150","3147294","3147605","40","518190"
"KN297047v1","3725374","3725685","JH378117","641126","641436","34","3084248"
"KN297047v1","3972526","3972825","JH378142","5865502","5865800","28","1892976"
"KN297047v1","4002224","4002478","JH378280","129503","129757","33","3872721"
"KN297047v1","4016983","4017289","JH378126","21026752","21027059","31","17009769"
"KN297047v1","4038322","4038630","JH378110","32975507","32975812","35","28937185"
"KN297047v1","4142130","4142426","JH378106","70190586","70190881","34","66048456"
"KN297047v1","4145167","4145375","JH378108","10177735","10177951","33","6032568"
"KN297047v1","4150779","4151082","JH378153","12097502","12097800","42","7946723"
"KN297047v1","4153202","4153512","JH378167","5351158","5351469","34","1197956"
"KN297047v1","4167407","4167550","JH378188","9232673","9232814","16","5065266"
"KN297047v1","4177497","4177788","JH378158","9080617","9080907","33","4903120"
"KN297047v1","4209413","4209582","JH378178","8230754","8230926","32","4021341"
"KN297047v1","4209613","4209739","JH378173","3428304","3428432","17","781309"
"KN297047v1","4231911","4232211","JH378126","21026752","21027059","38","16794841"
"KN297047v1","4352429","4352566","AGCE01149754","1862","1999","13","4350567"
"KN297047v1","4373373","4373666","JH378157","9676550","9676840","41","5303177"
"KN297047v1","4398738","4399033","JH378116","28869529","28869826","35","24470791"
"KN297047v1","4424502","4424793","JH378646","3915","4207","39","4420587"
"KN297047v1","4523388","4523702","JH378177","2845413","2845733","36","1677975"
"KN297047v1","4649203","4649501","JH378228","5616886","5617184","34","967683"
"KN297048v1","8676","8963","JH378111","9089465","9089754","41","9080789"
"KN297048v1","106978","107257","JH378115","18760243","18760519","38","18653265"
"KN297048v1","321563","321865","JH378159","5493568","5493869","35","5172005"
"KN297048v1","456679","456954","JH378105","56511616","56511880","42","56054937"
"KN297048v1","526323","526622","JH378241","5492398","5492696","29","4966075"
"KN297049v1","27424","27724","JH378271","459308","459608","41","431884"
"KN297049v1","58196","58416","JH378153","13579770","13579968","49","13521574"
"KN297049v1","77834","78143","JH378137","5566923","5567224","45","5489089"
"KN297050v1","2110","2393","JH378193","4947320","4947605","43","4945210"
"KN297050v1","3096","3394","JH378158","4525165","4525460","37","4522069"
"KN297050v1","8322","8618","JH378262","3358621","3358910","48","3350299"
"KN297050v1","9458","9691","JH378154","15819379","15819615","47","15809921"
"KN297050v1","11029","11271","JH378199","5146856","5147104","32","5135827"
"KN297050v1","16554","16788","JH378241","5348172","5348406","34","5331618"
"KN297050v1","19576","19894","JH378119","7195569","7195872","45","7175993"
"KN297050v1","24627","24818","JH378254","209031","209219","34","184404"
"KN297050v1","26359","26663","JH378119","10723558","10723867","32","10697199"
"KN297050v1","32933","33229","JH378115","28712376","28712673","41","28679443"
"KN297050v1","38072","38373","JH378170","4783494","4783792","37","4745422"
"KN297050v1","49878","50188","JH378239","2367631","2367941","33","2317753"
"KN297050v1","59223","59504","JH378213","2306017","2306300","33","2246794"
"KN297050v1","61928","62233","JH378106","70986080","70986388","35","70924152"
"KN297050v1","72555","72866","JH378114","41731735","41732046","37","41659180"
"KN297050v1","98599","98914","JH378110","35096006","35096315","34","34997407"
"KN297050v1","108539","108847","JH378120","16327645","16327955","42","16219106"
"KN297050v1","109656","109951","JH378176","9716970","9717264","30","9607314"
"KN297050v1","147532","147804","JH378154","12141232","12141504","32","11993700"
"KN297050v1","156970","157277","JH378110","32631101","32631403","34","32474131"
"KN297050v1","197963","198272","JH378113","6692573","6692881","38","6494610"
"KN297050v1","199123","199398","JH378216","1387518","1387789","36","1188395"
"KN297050v1","200053","200351","JH378105","30178281","30178574","49","29978228"
"KN297050v1","202576","202871","JH378106","1255495","1255784","34","1052919"
"KN297052v1","86743","86998","JH378124","10334180","10334433","35","10247437"
"KN297052v1","92558","92871","JH378156","2540624","2540935","35","2448066"
"KN297053v1","21407","21723","JH378153","3305054","3305363","42","3283647"
"KN297056v1","6114","6355","JH378158","16062103","16062346","38","16055989"
"KN297056v1","7041","7348","JH378124","11115297","11115604","32","11108256"
"KN297056v1","8856","9154","JH378288","1550881","1551178","34","1542025"
"KN297056v1","12952","13239","JH378293","2045148","2045440","37","2032196"
"KN297058v1","48438","48742","JH378161","9679608","9679914","41","9631170"
"KN297058v1","76185","76485","JH378122","10686670","10686967","48","10610485"
"KN297058v1","91236","91531","JH378114","25023401","25023701","35","24932165"
"KN297058v1","130546","130827","JH378118","10672123","10672407","39","10541577"
"KN297058v1","180820","181120","JH378170","4783494","4783792","39","4602674"
"KN297058v1","275142","275450","JH378129","10853809","10854123","43","10578667"
"KN297058v1","291571","291880","JH378150","10126172","10126487","43","9834601"
"KN297058v1","294904","295215","JH378130","1202684","1202989","35","907780"
"KN297058v1","313125","313297","JH378139","5401576","5401745","26","5088451"
"KN297058v1","314017","314185","JH378122","7293865","7294028","24","6979848"
"KN297058v1","334103","334405","JH378255","1560098","1560402","43","1225995"
"KN297058v1","357124","357437","JH378197","7145768","7146073","41","6788644"
"KN297058v1","378574","378850","JH378132","3631177","3631463","47","3252603"
"KN297058v1","420382","420665","JH378133","11041682","11041966","42","10621300"
"KN297058v1","423969","424261","JH378141","12391086","12391376","32","11967117"
"KN297058v1","440372","440661","JH378118","5050834","5051126","39","4610462"
"KN297058v1","511348","511656","JH378334","216671","216977","39","294677"
"KN297058v1","519902","520212","JH378106","70986080","70986388","32","70466178"
"KN297058v1","529270","529520","JH378176","5671270","5671515","40","5142000"
"KN297058v1","533250","533539","JH378199","1279603","1279898","53","746353"
"KN297060v1","8011","8317","JH378115","25041145","25041450","30","25033134"
"KN297060v1","46056","46351","JH378148","2991662","2991955","36","2945606"
"KN297062v1","37924","38238","JH378112","33214699","33215012","40","33176775"
"KN297064v1","115133","115253","JH378111","24761059","24761178","17","24645926"
"KN297064v1","115641","115943","JH378117","33080137","33080436","40","32964496"
"KN297065v1","7746","8054","JH378152","11654622","11654934","37","11646876"
"KN297066v1","16606","16895","JH378122","5815993","5816276","70","5799387"
"KN297066v1","195220","195514","JH378141","12391086","12391376","32","12195866"
"KN297066v1","359843","360152","JH378131","770886","771191","36","411043"
"KN297066v1","417594","417837","JH378133","5038420","5038657","40","4620826"
"KN297066v1","569979","570286","JH378126","21026752","21027059","34","20456773"
"KN297066v1","629603","629906","JH378124","11759045","11759346","47","11129442"
"KN297066v1","855798","856083","JH378281","1741473","1741774","45","885675"
"KN297068v1","85930","86190","JH378312","964075","964341","33","878145"
"KN297068v1","145862","146171","JH378137","9490651","9490954","43","9344789"
"KN297068v1","231286","231596","JH378197","7145768","7146073","35","6914482"
"KN297068v1","233020","233321","JH378114","7122925","7123229","34","6889905"
"KN297068v1","279294","279587","JH378176","9716970","9717264","26","9437676"
"KN297068v1","329189","329487","JH378152","14032156","14032458","34","13702967"
"KN297070v1","84762","85028","JH378105","10485293","10485556","44","10400531"
"KN297070v1","118830","119128","JH378148","15796597","15796901","39","15677767"
"KN297070v1","281619","281877","JH378111","14389521","14389768","51","14107902"
"KN297070v1","323355","323651","JH378199","812200","812492","46","488845"
"KN297070v1","496472","496765","JH378129","7294497","7294791","36","6798025"
"KN297070v1","628721","629022","JH378114","36976328","36976626","36","36347607"
"KN297070v1","836837","837135","JH378153","11874540","11874839","37","11037703"
"KN297073v1","53093","53230","JH378112","35809540","35809675","15","35756447"
"KN297073v1","95018","95313","JH378144","5748370","5748662","48","5653352"
"KN297073v1","176094","176396","JH378229","4120796","4121104","45","3944702"
"KN297073v1","179198","179472","JH378284","2695436","2695711","37","2516238"
"KN297073v1","193884","194165","JH378150","12846534","12846809","43","12652650"
"KN297073v1","206765","207065","JH378190","3577662","3577961","40","3370897"
"KN297073v1","209241","209490","JH378115","23114453","23114709","48","22905212"
"KN297073v1","256041","256163","JH378108","36315191","36315315","18","36059150"
"KN297074v1","313303","313600","JH378133","9378518","9378817","42","9065215"
"KN297075v1","399","578","JH378197","4689670","4689848","23","4689271"
"KN297077v1","70432","70720","JH378137","17271511","17271797","28","17201079"
"KN297077v1","355050","355324","JH378224","3408579","3408861","39","3053529"
"KN297077v1","373535","373653","JH378109","13686552","13686671","10","13313017"
"KN297077v1","408339","408509","JH378113","32219902","32220070","23","31811563"
"KN297077v1","408535","408654","JH378109","13686552","13686671","14","13278017"
"KN297078v1","66291","66592","JH378153","7392982","7393269","49","7326691"
"KN297078v1","91031","91313","JH378177","6664715","6664994","36","6573684"
"KN297078v1","115050","115310","JH378158","4330228","4330501","48","4215178"
"KN297078v1","159510","159799","JH378131","23308012","23308301","32","23148502"
"KN297078v1","195543","195830","JH378151","15551938","15552226","32","15356395"
"KN297078v1","199848","200145","JH378284","1163902","1164203","40","964054"
"KN297078v1","259846","260151","JH378139","17878350","17878657","36","17618504"
"KN297078v1","305221","305537","JH378106","59688577","59688884","49","59383356"
"KN297078v1","569660","569966","JH378126","21026752","21027059","36","20457092"
"KN297078v1","852152","852263","JH378114","13676774","13676888","21","12824622"
"KN297078v1","912668","912965","JH378127","11653984","11654276","38","10741316"
"KN297078v1","1341558","1341846","JH378137","8274908","8275196","35","6933350"
"KN297078v1","1408465","1408755","JH378151","8381511","8381803","32","6973046"
"KN297079v1","28084","28370","JH378194","8675222","8675517","38","8647138"
"KN297079v1","49187","49316","JH378105","56084182","56084311","17","56034995"
"KN297083v1","26446","26746","JH378137","11398263","11398561","35","11371817"
"KN297083v1","27646","27954","JH378224","2769148","2769454","38","2741502"
"KN297083v1","39123","39415","JH378151","8381511","8381803","33","8342388"
"KN297083v1","276209","276515","JH378159","5493568","5493869","32","5217359"
"KN297083v1","298685","298985","JH378279","1785224","1785536","41","1486539"
"KN297083v1","407110","407330","JH378114","41000397","41000619","32","40593287"
"KN297083v1","461360","461704","JH378262","456547","456851","64","4813"
"KN297083v1","474788","475110","JH378129","10853809","10854123","46","10379021"
"KN297083v1","555774","555963","JH378154","10045710","10045898","24","9489936"
"KN297083v1","599996","600304","JH378187","2906095","2906405","35","2306099"
"KN297083v1","614234","614543","JH378119","6124403","6124708","37","5510169"
"KN297083v1","628477","628779","JH378157","1008995","1009298","46","380518"
"KN297083v1","772494","772802","JH378119","6124403","6124708","39","5351909"
"KN297083v1","791407","791700","JH378152","11319672","11319966","25","10528265"
"KN297083v1","799410","799716","JH378111","32787449","32787755","36","31988039"
"KN297083v1","868299","868608","JH378156","1058565","1058872","47","190266"
"KN297083v1","886439","886749","JH378126","21026752","21027059","36","20140313"
"KN297083v1","891295","891582","JH378271","3183320","3183605","44","2292025"
"KN297083v1","900354","900642","JH378124","1964010","1964299","35","1063656"
"KN297083v1","931930","932243","JH378139","15245693","15246003","52","14313763"
"KN297085v1","42703","43010","JH378186","1982456","1982765","39","1939753"
"KN297085v1","110020","110316","JH378124","4920301","4920597","41","4810281"
"KN297086v1","47864","48136","JH378105","36884891","36885163","29","36837027"
"KN297091v1","49427","49736","JH378108","30731255","30731558","48","30681828"
"KN297091v1","79633","79935","JH378288","1088673","1088973","31","1009040"
"KN297091v1","84798","85103","JH378139","1159515","1159824","39","1074717"
"KN297091v1","216941","217252","JH378119","26375601","26375910","33","26158660"
"KN297091v1","281681","281991","JH378115","23201999","23202310","46","22920318"
"KN297091v1","381516","381826","JH378113","21654932","21655240","38","21273416"
"KN297091v1","387722","388030","JH378167","9104301","9104610","42","8716579"
"KN297094v1","40539","40775","JH378145","2527450","2527683","25","2486911"
"KN297094v1","55852","56147","JH378116","28869529","28869826","29","28813677"
"KN297094v1","75391","75682","JH378149","3565481","3565785","37","3490090"
"KN297094v1","91378","91698","JH378134","18607839","18608162","41","18516461"
"KN297094v1","95320","95616","JH378111","27908368","27908667","42","27813048"
"KN297094v1","114848","115150","JH378236","2099707","2100007","40","1984859"
"KN297094v1","116450","116756","JH378115","23201999","23202310","39","23085549"
"KN297094v1","149732","150006","JH378149","5138581","5138857","34","4988849"
"KN297094v1","163863","164137","JH378228","1986642","1986923","38","1822779"
"KN297094v1","179275","179574","JH378197","7911034","7911333","35","7731759"
"KN297094v1","221257","221546","JH378232","3226239","3226529","33","3004982"
"KN297094v1","231098","231406","JH378161","8489866","8490175","33","8258768"
"KN297094v1","231664","231969","JH378149","11057149","11057455","37","10825485"
"KN297094v1","297801","298089","JH378199","8307223","8307513","37","8009422"
"KN297094v1","299875","300009","JH378153","2127454","2127589","12","1827579"
"KN297094v1","325427","325720","JH378108","45945341","45945637","36","45619914"
"KN297094v1","415398","415688","JH378106","3052818","3053105","35","2637420"
"KN297094v1","426996","427313","JH378115","34859185","34859494","42","34432189"
"KN297095v1","1048539","1048826","JH378177","10254539","10254825","39","9206000"
"KN297095v1","13876","14164","JH378135","3624002","3624295","36","3610126"
"KN297095v1","111406","111723","JH378105","13826940","13827237","51","13715534"
"KN297095v1","150914","151044","JH378186","6564384","6564513","19","6413470"
"KN297095v1","212511","212805","JH378127","18566293","18566586","44","18353782"
"KN297095v1","269277","269572","JH378205","5080625","5080919","33","4811348"
"KN297095v1","279389","279691","JH378293","1524576","1524874","38","1245187"
"KN297095v1","305639","305934","JH378110","33965074","33965373","41","33659435"
"KN297095v1","384189","384384","JH378145","229058","229251","28","155131"
"KN297095v1","400905","401189","JH378147","12499054","12499335","51","12098149"
"KN297095v1","402081","402375","JH378157","9173410","9173709","42","8771329"
"KN297095v1","414879","415175","JH378105","54964874","54965172","34","54549995"
"KN297095v1","422314","422611","JH378149","1427296","1427590","39","1004982"
"KN297095v1","518462","518765","JH378123","491683","491985","32","26779"
"KN297095v1","526140","526450","JH378127","9701383","9701690","41","9175243"
"KN297095v1","528708","528753","JH378106","1640178","1640225","7","1111470"
"KN297095v1","528980","529109","JH378108","42678887","42679009","31","42149907"
"KN297095v1","535187","535467","JH378106","63648485","63648770","39","63113298"
"KN297095v1","537863","538164","JH378112","20971473","20971769","49","20433610"
"KN297095v1","539207","539495","JH378106","8802915","8803203","42","8263708"
"KN297095v1","609452","609759","JH378108","54090444","54090749","31","53480992"
"KN297095v1","628945","629219","JH378133","11041682","11041966","41","10412737"
"KN297095v1","634925","635230","JH378115","28712376","28712673","32","28077451"
"KN297095v1","661227","661532","JH378138","5380451","5380753","32","4719224"
"KN297095v1","662837","663129","JH378141","12391086","12391376","43","11728249"
"KN297095v1","686095","686376","JH378106","3052818","3053105","43","2366723"
"KN297095v1","722478","722583","JH378115","21647247","21647352","11","20924769"
"KN297095v1","743466","743711","JH378107","6318573","6318828","45","5575107"
"KN297095v1","759435","759743","JH378126","21026752","21027059","36","20267317"
"KN297095v1","929672","930003","JH378120","3475862","3476189","53","2546190"
"KN297095v1","958086","958373","JH378148","16227423","16227714","38","15269337"
"KN297095v1","1009742","1010041","JH378337","528897","529193","37","480845"
"KN297095v1","1122848","1123134","JH378136","12841994","12842281","39","11719146"
"KN297095v1","1128929","1129227","JH378107","57888255","57888550","35","56759326"
"KN297095v1","1129598","1129882","JH378106","3052818","3053105","32","1923220"
"KN297095v1","1131888","1132174","JH378125","2303405","2303700","47","1171517"
"KN297095v1","1137282","1137572","JH378206","1272655","1272943","55","135373"
"KN297095v1","1146177","1146478","JH378151","4318339","4318636","46","3172162"
"KN297095v1","1173079","1173358","JH378263","1793912","1794190","39","620833"
"KN297095v1","1181492","1181760","JH378129","11457553","11457829","41","10276061"
"KN297095v1","1227714","1228031","JH378115","34859185","34859494","48","33631471"
"KN297095v1","1228513","1228814","JH378114","7122925","7123229","35","5894412"
"KN297095v1","1257453","1257751","JH378198","4226780","4227075","31","2969327"
"KN297095v1","1258660","1258953","JH378106","1255495","1255784","38","3165"
"KN297095v1","1267890","1268193","JH378119","11297197","11297495","36","10029307"
"KN297095v1","1303954","1304263","JH378224","2769148","2769454","36","1465194"
"KN297095v1","1316978","1317286","JH378117","28761602","28761906","45","27444624"
"KN297095v1","1317520","1317826","JH378197","1499696","1500000","39","182176"
"KN297095v1","1323787","1324092","JH378139","18955642","18955939","50","17631855"
"KN297095v1","1355236","1355539","JH378125","15893280","15893581","38","14538044"
"KN297095v1","1358748","1359042","JH378149","1400224","1400513","31","41476"
"KN297095v1","1359470","1359764","JH378184","443270","443568","44","916200"
"KN297095v1","1363475","1363781","JH378110","19934311","19934616","43","18570836"
"KN297095v1","1376063","1376355","JH378216","6814492","6814786","29","5438429"
"KN297095v1","1382490","1382786","JH378228","5509057","5509356","38","4126567"
"KN297095v1","1408370","1408660","JH378108","54651268","54651558","38","53242898"
"KN297095v1","1442539","1442835","JH378171","4458179","4458478","39","3015640"
"KN297095v1","1454073","1454195","JH378271","674533","674652","31","779540"
"KN297095v1","1466398","1466709","JH378112","36490375","36490686","38","35023977"
"KN297095v1","1466857","1467151","JH378124","15582898","15583197","40","14116041"
"KN297095v1","1468446","1468739","JH378141","13351644","13351935","39","11883198"
"KN297095v1","1479660","1479968","JH378123","491683","491985","37","987977"
"KN297095v1","1487329","1487637","JH378112","20327070","20327378","38","18839741"
"KN297095v1","1488389","1488683","JH378164","8890799","8891092","32","7402410"
"KN297095v1","1534018","1534301","JH378262","670315","670605","36","863703"
"KN297095v1","1555992","1556285","JH378227","68096","68393","35","1487896"
"KN297095v1","1571354","1571665","JH378264","2773729","2774039","38","1202375"
"KN297095v1","1594683","1594970","JH378111","42787057","42787349","42","41192374"
"KN297095v1","1653345","1653424","JH378137","14941288","14941366","9","13287943"
"KN297095v1","1745258","1745561","JH378288","1088673","1088973","38","656585"
"KN297095v1","1897730","1897995","JH378106","1487935","1488200","39","409795"
"KN297095v1","1928691","1928973","JH378127","10291336","10291619","42","8362645"
"KN297095v1","1932264","1932575","JH378147","12443857","12444168","38","10511593"
"KN297095v1","1960608","1960910","JH378111","42112707","42113007","41","40152099"
"KN297095v1","1984452","1984743","JH378122","29867810","29868101","36","27883358"
"KN297095v1","1996581","1996756","JH378107","32014212","32014385","28","30017631"
"KN297095v1","2017028","2017222","JH378287","2346154","2346347","30","329126"
"KN297095v1","2054245","2054536","JH378216","6814492","6814786","34","4760247"
"KN297095v1","2058088","2058399","JH378216","5261696","5262004","36","3203608"
"KN297095v1","2086099","2086400","JH378264","2773729","2774039","47","687630"
"KN297095v1","2175014","2175277","JH378106","70483264","70483525","35","68308250"
"KN297095v1","2185971","2186278","JH378138","5380451","5380753","40","3194480"
"KN297095v1","2211551","2211860","JH378126","21026752","21027059","37","18815201"
"KN297095v1","2219157","2219314","JH378214","1290721","1290877","20","928436"
"KN297095v1","2237074","2237382","JH378276","2870406","2870718","41","633332"
"KN297095v1","2243809","2244108","JH378148","3437860","3438152","45","1194051"
"KN297095v1","2246875","2247236","JH378112","22398829","22399190","85","20151954"
"KN297095v1","2260931","2261225","JH378122","7899624","7899919","41","5638693"
"KN297095v1","2268152","2268458","JH378149","11057149","11057455","45","8788997"
"KN297095v1","2292681","2292992","JH378176","8157064","8157374","37","5864383"
"KN297095v1","2309303","2309608","JH378108","30731255","30731558","30","28421952"
"KN297095v1","2336641","2336846","JH378208","1496707","1496913","20","839934"
"KN297095v1","2374037","2374319","JH378149","15904998","15905289","50","13530961"
"KN297095v1","2394242","2394532","JH378198","1596143","1596429","35","798099"
"KN297095v1","2513155","2513334","JH378269","565597","565776","24","1947558"
"KN297095v1","2513633","2513767","JH378153","2127454","2127589","14","386179"
"KN297095v1","2523977","2524282","JH378126","21026752","21027059","35","18502775"
"KN297095v1","2526754","2527045","JH378121","30499127","30499421","31","27972373"
"KN297095v1","2589676","2589968","JH378197","4069176","4069464","42","1479500"
"KN297095v1","2845903","2846083","JH378125","5641148","5641327","21","2795245"
"KN297095v1","2849879","2850170","JH378151","8652626","8652916","41","5802747"
"KN297095v1","2857259","2857539","JH378105","35665534","35665817","45","32808275"
"KN297095v1","2925535","2925837","JH378159","5493568","5493869","39","2568033"
"KN297095v1","2961286","2961584","JH378199","7593197","7593494","35","4631911"
"KN297095v1","3005256","3005552","JH378157","3196780","3197074","35","191524"
"KN297095v1","3038982","3039285","JH378296","1500608","1500907","30","1538374"
"KN297095v1","3062205","3062500","JH378339","113275","113574","41","2948930"
"KN297095v1","3130809","3131121","JH378203","2947782","2948089","37","183027"
"KN297095v1","3290024","3290221","JH378162","5905646","5905838","29","2615622"
"KN297095v1","3318959","3319266","JH378126","21026752","21027059","23","17707793"
"KN297095v1","3338629","3338933","JH378173","10046061","10046365","49","6707432"
"KN297095v1","3554171","3554267","JH378137","8113357","8113453","18","4559186"
"KN297095v1","3601820","3602106","JH378110","17880643","17880926","34","14278823"
"KN297095v1","3668019","3668333","JH378139","7810714","7811024","40","4142695"
"KN297095v1","3734879","3735168","JH378105","12412541","12412829","39","8677662"
"KN297095v1","3738056","3738368","JH378139","17878350","17878657","39","14140294"
"KN297095v1","3814678","3814980","JH378216","4224502","4224803","39","409824"
"KN297095v1","3823316","3823647","JH378199","1497110","1497439","47","2326206"
"KN297095v1","3853515","3853815","JH378105","14816947","14817242","35","10963432"
"KN297095v1","3880385","3880712","JH378108","20599991","20600304","59","16719606"
"KN297095v1","3949527","3949829","JH378127","19048485","19048788","46","15098958"
"KN297095v1","3990631","3990936","JH378110","12146106","12146409","31","8155475"
"KN297095v1","3993380","3993672","JH378220","2537784","2538076","37","1455596"
"KN297095v1","4007525","4007844","JH378112","33214699","33215012","44","29207174"
"KN297095v1","4059178","4059502","JH378252","3180631","3180956","55","878547"
"KN297095v1","4082497","4082805","JH378139","15235758","15236059","43","11153261"
"KN297097v1","302578","302859","JH378122","8653362","8653651","50","8350784"
"KN297097v1","337065","337374","JH378127","1684999","1685307","41","1347934"
"KN297097v1","382749","382970","JH378167","12335000","12335233","45","11952251"
"KN297097v1","436277","436541","JH378118","28627245","28627506","46","28190968"
"KN297097v1","439110","439414","JH378207","4818937","4819241","33","4379827"
"KN297098v1","60266","60572","JH378110","19934311","19934616","37","19874045"
"KN297098v1","68033","68330","JH378173","4728432","4728728","39","4660399"
"KN297099v1","36849","37157","JH378105","6199598","6199901","40","6162749"
"KN297099v1","233584","233892","JH378126","21026752","21027059","41","20793168"
"KN297099v1","442318","442626","JH378255","1560098","1560402","43","1117780"
"KN297099v1","729490","729708","JH378183","1500001","1500208","45","770511"
"KN297104v1","67","429","JH378112","38977241","38977571","82","38977174"
"KN297105v1","224574","224884","JH378177","1165073","1165384","39","940499"
"KN297105v1","324339","324633","JH378108","26482116","26482414","31","26157777"
"KN297105v1","334644","334953","JH378126","21026752","21027059","36","20692108"
"KN297105v1","385783","386068","JH378113","17279344","17279644","39","16893561"
"KN297105v1","435762","436062","JH378149","4766604","4766904","35","4330842"
"KN297105v1","705815","706125","JH378110","37235544","37235853","38","36529729"
"KN297105v1","737266","737571","JH378262","1943708","1944018","42","1206442"
"KN297105v1","865308","865626","JH378158","295993","296306","53","569315"
"KN297105v1","875086","875405","JH378113","6199734","6200044","44","5324648"
"KN297105v1","943229","943515","JH378120","2360503","2360787","46","1417274"
"KN297105v1","981689","981713","JH378222","6581835","6581856","8","5600146"
"KN297105v1","981752","982026","JH378182","9240926","9241205","33","8259174"
"KN297105v1","1032542","1032844","JH378107","6820470","6820772","43","5787928"
"KN297105v1","1081117","1081383","JH378279","102782","103056","42","978335"
"KN297105v1","1138026","1138323","AGCE01150449","839","1138","41","1137187"
"KN297105v1","1281926","1282234","JH378281","2376534","2376838","31","1094608"
"KN297105v1","1508909","1509211","JH378110","19934311","19934616","40","18425402"
"KN297105v1","1561360","1561658","JH378293","1524576","1524874","35","36784"
"KN297105v1","1619714","1620025","JH378139","17878350","17878657","33","16258636"
"KN297105v1","1676727","1677032","JH378206","1109787","1110092","37","566940"
"KN297105v1","1679865","1680175","JH378140","6883086","6883394","33","5203221"
"KN297105v1","1682858","1683157","JH378113","31905508","31905809","34","30222650"
"KN297105v1","1683274","1683595","JH378115","25041145","25041450","46","23357871"
"KN297105v1","1708494","1708788","JH378148","2580110","2580402","40","871616"
"KN297105v1","1783309","1783610","JH378116","22915752","22916050","42","21132443"
"KN297105v1","1837873","1838178","JH378284","1163902","1164203","35","673971"
"KN297105v1","1883414","1883673","JH378192","8239736","8240009","42","6356322"
"KN297105v1","1958362","1958653","JH378228","5798410","5798708","37","3840048"
"KN297105v1","2028784","2029081","JH378228","5509057","5509356","36","3480273"
"KN297105v1","2184554","2184835","JH378124","10835797","10836078","32","8651243"
"KN297105v1","2195712","2195995","JH378246","562506","562779","40","1633206"
"KN297105v1","2211140","2211419","JH378119","21236610","21236894","38","19025470"
"KN297105v1","2252080","2252391","JH378235","263534","263841","39","1988546"
"KN297105v1","2316201","2316378","JH378107","32014212","32014385","23","29698011"
"KN297105v1","2381681","2381987","JH378108","54685977","54686273","42","52304296"
"KN297105v1","2459487","2459784","JH378105","29729559","29729860","45","27270072"
"KN297105v1","2529163","2529467","JH378117","29568742","29569045","43","27039579"
"KN297105v1","2695980","2696284","JH378106","49884280","49884583","37","47188300"
"KN297105v1","2715231","2715535","JH378167","9857127","9857425","40","7141896"
"KN297105v1","2735488","2735537","JH378132","14203119","14203177","17","11467631"
"KN297105v1","2856454","2856749","JH378110","38852916","38853220","39","35996462"
"KN297105v1","2893982","2894292","JH378152","14025021","14025330","36","11131039"
"KN297105v1","2934693","2935002","JH378113","17735383","17735690","34","14800690"
"KN297105v1","2988483","2988779","JH378105","21630016","21630306","37","18641533"
"KN297105v1","3077657","3077950","JH378106","1432798","1433085","40","1644859"
"KN297105v1","3776158","3776472","JH378115","25041145","25041450","46","21264987"
"KN297105v1","3819924","3820226","JH378126","21026752","21027059","40","17206828"
"KN297105v1","3849214","3849467","JH378153","5454172","5454418","38","1604958"
"KN297106v1","193070","193354","JH378128","8679837","8680126","43","8486767"
"KN297106v1","285513","285765","JH378151","8290347","8290596","35","8004834"
"KN297106v1","374081","374371","JH378220","2784017","2784313","40","2409936"
"KN297107v1","20312","20623","JH378140","6602564","6602868","38","6582252"
"KN297108v1","38481","38778","JH378288","1088673","1088973","39","1050192"
"KN297108v1","125870","126165","JH378163","13372336","13372629","31","13246466"
"KN297108v1","129256","129550","JH378116","24890259","24890547","36","24761003"
"KN297108v1","222577","222836","JH378143","8621971","8622229","27","8399394"
"KN297108v1","244397","244704","JH378126","21026752","21027059","36","20782355"
"KN297108v1","250106","250239","JH378134","15857895","15858029","19","15607789"
"KN297108v1","275611","275792","JH378169","9905845","9906032","21","9630234"
"KN297108v1","296647","296950","JH378115","25570507","25570808","41","25273860"
"KN297108v1","315825","316118","JH378151","8381511","8381803","40","8065686"
"KN297108v1","322755","323071","JH378115","26640201","26640508","43","26317446"
"KN297108v1","352450","352762","JH378187","2906095","2906405","43","2553645"
"KN297108v1","367355","367664","JH378126","21026752","21027059","32","20659397"
"KN297110v1","4113","4398","JH378213","2306017","2306300","39","2301904"
"KN297112v1","5766946","5767247","JH378151","7439461","7439762","36","1672515"
"KN297112v1","271075","271384","JH378114","22904745","22905054","32","22633670"
"KN297112v1","507715","508018","JH378116","28869529","28869826","38","28361814"
"KN297112v1","609613","609802","JH378119","34875538","34875728","23","34265925"
"KN297112v1","889601","889890","JH378151","8652626","8652916","34","7763025"
"KN297112v1","948392","948703","JH378238","713549","713860","35","234843"
"KN297112v1","1031573","1031866","JH378122","13169953","13170248","36","12138380"
"KN297112v1","1585171","1585451","JH378224","3408579","3408861","33","1823408"
"KN297112v1","1918503","1918799","JH378145","2733878","2734174","45","815375"
"KN297112v1","1932724","1933023","JH378169","2700742","2701041","39","768018"
"KN297112v1","1940238","1940533","JH378124","17234816","17235110","37","15294578"
"KN297112v1","2038233","2038541","JH378126","21026752","21027059","40","18988519"
"KN297112v1","2066208","2066515","JH378153","5500130","5500427","42","3433922"
"KN297112v1","2069606","2069885","JH378160","99820","100100","38","1969786"
"KN297112v1","2119539","2119836","JH378111","42112707","42113007","31","39993168"
"KN297112v1","2123823","2124106","JH378116","28869529","28869826","41","26745706"
"KN297112v1","2189097","2189426","JH378111","22964482","22964808","44","20775385"
"KN297112v1","2277396","2277705","JH378126","21026752","21027059","39","18749356"
"KN297112v1","2305488","2305783","JH378163","13372336","13372629","28","11066848"
"KN297112v1","2336430","2336730","JH378115","26942251","26942543","44","24605821"
"KN297112v1","2381418","2381708","JH378151","10201068","10201369","55","7819650"
"KN297112v1","2396176","2396192","JH378149","1403733","1403749","5","992443"
"KN297112v1","2396220","2396494","JH378154","12141232","12141504","28","9745012"
"KN297112v1","2438977","2439222","JH378176","9374149","9374395","35","6935172"
"KN297112v1","2449431","2449732","JH378186","5408622","5408919","37","2959191"
"KN297112v1","2461565","2461853","JH378125","19027324","19027621","39","16565759"
"KN297112v1","2464830","2465150","JH378113","17279344","17279644","46","14814514"
"KN297112v1","2468119","2468429","JH378122","10005595","10005907","44","7537476"
"KN297112v1","2472801","2473107","JH378207","3169344","3169645","38","696543"
"KN297112v1","2476878","2477174","JH378151","14844192","14844489","34","12367314"
"KN297112v1","2517519","2517818","JH378122","10686670","10686967","40","8169151"
"KN297112v1","2571103","2571280","JH378139","8049129","8049298","29","5478026"
"KN297112v1","2571585","2571719","JH378134","15857895","15858029","19","13286310"
"KN297112v1","2597109","2597415","JH378255","1560098","1560402","33","1037011"
"KN297112v1","2637376","2637689","JH378147","12443857","12444168","36","9806481"
"KN297112v1","2700373","2700709","JH378206","6280299","6280627","49","3579926"
"KN297112v1","2714198","2714501","JH378213","5393305","5393609","41","2679107"
"KN297112v1","3045237","3045413","JH378140","1043542","1043716","33","2001695"
"KN297112v1","3062081","3062366","JH378110","17880643","17880926","35","14818562"
"KN297112v1","3271130","3271434","JH378131","770886","771191","45","2500244"
"KN297112v1","3439983","3440282","JH378169","6466352","6466650","41","3026369"
"KN297112v1","3457455","3457757","JH378113","28539573","28539869","49","25082118"
"KN297112v1","3602461","3602769","JH378106","10129130","10129437","38","6526669"
"KN297112v1","3759966","3760277","JH378111","32787449","32787755","50","29027483"
"KN297112v1","3799252","3799559","JH378111","17020824","17021128","33","13221572"
"KN297112v1","3954306","3954603","JH378109","13983782","13984080","35","10029476"
"KN297112v1","3967080","3967375","JH378142","14357789","14358085","39","10390709"
"KN297112v1","4030410","4030703","JH378276","503796","504088","30","3526614"
"KN297112v1","4113062","4113351","JH378281","438349","438635","35","3674713"
"KN297112v1","4117153","4117462","JH378143","3467385","3467687","44","649768"
"KN297112v1","4264385","4264686","JH378276","3195088","3195388","37","1069297"
"KN297112v1","4273757","4274045","JH378153","5259027","5259313","40","985270"
"KN297112v1","4316245","4316549","JH378113","6692573","6692881","30","2376328"
"KN297112v1","4319293","4319577","JH378153","7392982","7393269","32","3073689"
"KN297112v1","4330364","4330658","JH378139","16259084","16259375","30","11928720"
"KN297112v1","4366902","4367218","JH378165","5178810","5179119","36","811908"
"KN297112v1","4391666","4391976","JH378126","21026752","21027059","32","16635086"
"KN297112v1","4419437","4419732","JH378176","9716970","9717264","39","5297533"
"KN297112v1","4535854","4536153","JH378189","3743018","3743316","33","792836"
"KN297112v1","4608054","4608367","JH378115","23201999","23202310","40","18593945"
"KN297112v1","4614720","4615025","JH378110","32305325","32305628","32","27690605"
"KN297112v1","4660818","4661104","JH378137","4144145","4144429","41","516673"
"KN297112v1","4675245","4675515","JH378126","22979896","22980160","31","18304651"
"KN297112v1","4679673","4680001","JH378119","6124403","6124708","56","1444730"
"KN297112v1","4686869","4687158","JH378148","7080481","7080778","41","2393612"
"KN297112v1","4818046","4818336","JH378170","4783494","4783792","36","34552"
"KN297112v1","4828467","4828789","JH378113","21227533","21227855","51","16399066"
"KN297112v1","4886939","4887245","JH378197","7145768","7146073","34","2258829"
"KN297112v1","4888704","4888855","JH378162","5958204","5958355","23","1069500"
"KN297112v1","5045171","5045479","JH378142","6564728","6565037","47","1519557"
"KN297112v1","5349107","5349415","JH378115","26640201","26640508","31","21291094"
"KN297112v1","5630260","5630338","JH378113","22500001","22500079","11","16869741"
"KN297112v1","5762044","5762333","JH378110","32622278","32622571","32","26860234"
"KN297112v1","5762334","5762623","JH378157","9676550","9676840","34","3914216"
"KN297112v1","5771042","5771258","JH378115","34902421","34902645","36","29131379"
"KN297112v1","5774455","5774748","JH378105","10050887","10051179","38","4276432"
"KN297112v1","5811830","5812127","JH378114","36705067","36705364","38","30893237"
"KN297112v1","5822148","5822449","JH378186","2023172","2023480","41","3798976"
"KN297112v1","5835002","5835270","JH378128","24734133","24734403","44","18899131"
"KN297112v1","5838954","5839116","JH378105","16504718","16504877","22","10665764"
"KN297112v1","5841163","5841473","JH378167","5351158","5351469","38","490005"
"KN297112v1","5868858","5869171","JH378145","12656829","12657134","48","6787971"
"KN297112v1","5873310","5873599","JH378131","20072845","20073138","35","14199535"
"KN297112v1","5885324","5885614","JH378126","6622947","6623237","47","737623"
"KN297112v1","5888102","5888393","JH378232","5491126","5491418","36","396976"
"KN297112v1","5911142","5911238","JH378105","57480391","57480488","12","51569249"
"KN297112v1","5912922","5913094","JH378249","3805210","3805381","24","2107712"
"KN297112v1","5913095","5913392","JH378128","23844984","23845281","41","17931889"
"KN297112v1","5913393","5913528","JH378105","13310970","13311104","23","7397577"
"KN297112v1","5925595","5925898","JH378113","15381467","15381770","38","9455872"
"KN297112v1","5926756","5927054","JH378159","5493568","5493869","37","433188"
"KN297112v1","5938399","5938694","JH378145","2733878","2734174","28","3204521"
"KN297112v1","5944609","5944774","JH378105","13261414","13261582","24","7316805"
"KN297112v1","5945079","5945213","JH378106","56297176","56297307","17","50352097"
"KN297112v1","5946582","5946857","JH378137","2561271","2561548","26","3385311"
"KN297112v1","5967822","5968123","JH378288","1088673","1088973","40","4879149"
"KN297112v1","6015668","6015947","JH378110","32622278","32622571","44","26606610"
"KN297112v1","6072548","6072844","JH378115","28712376","28712673","34","22639828"
"KN297112v1","6112516","6112813","JH378114","24925780","24926075","46","18813264"
"KN297112v1","6551410","6551711","JH378113","14455819","14456118","35","7904409"
"KN297112v1","6808367","6808673","JH378108","24058321","24058630","30","17249954"
"KN297112v1","6859830","6860112","JH378197","5244832","5245109","40","1614998"
"KN297113v1","175495","175833","JH378128","184361","184693","69","8866"
"KN297114v1","954","1142","JH378186","8914683","8914872","31","8913729"
"KN297114v1","25176","25444","JH378137","18342509","18342794","51","18317333"
"KN297114v1","42554","42836","JH378136","16281102","16281393","48","16238548"
"KN297116v1","20193","20264","JH378226","5406686","5406759","16","5386493"
"KN297116v1","46229","46500","JH378105","36884891","36885163","52","36838662"
"KN297116v1","66021","66313","JH378106","6929866","6930160","45","6863845"
"KN297117v1","33335","33646","JH378136","7390162","7390474","36","7356827"
"KN297117v1","99419","99707","JH378124","15582898","15583197","38","15483479"
"KN297117v1","110697","110975","JH378252","3797717","3797993","39","3687020"
"KN297117v1","267905","268191","JH378124","5585024","5585307","57","5317119"
"KN297117v1","341917","342216","JH378288","1088673","1088973","33","746756"
"KN297117v1","494817","495136","JH378140","7113208","7113522","39","6618391"
"KN297118v1","19300","19615","JH378152","11654622","11654934","40","11635322"
"KN297118v1","106988","107303","JH378107","31735314","31735621","32","31628326"
"KN297118v1","167366","167402","JH378118","43549","43584","7","123817"
"KN297118v1","490674","490974","JH378112","32039939","32040242","41","31549265"
"KN297118v1","498512","498733","JH378132","9629668","9629889","45","9131156"
"KN297120v1","90389","90490","JH378225","2726208","2726309","11","2635819"
"KN297120v1","90879","91174","JH378106","1255495","1255784","56","1164616"
"KN297121v1","206629","206728","JH378106","24162338","24162435","19","23955709"
"KN297121v1","520018","520310","JH378112","35855394","35855682","36","35335376"
"KN297122v1","35388","35694","JH378148","17201496","17201806","35","17166108"
"KN297125v1","45824","46119","JH378141","10752710","10753007","32","10706886"
"KN297130v1","32547","32841","JH378157","13580534","13580833","33","13547987"
"KN297131v1","126","449","JH378125","14523590","14523912","65","14523464"
"KN297132v1","66561","66697","JH378105","71629535","71629675","19","71562974"
"KN297132v1","71371","71674","JH378236","2099707","2100007","38","2028336"
"KN297133v1","24607","24907","JH378108","1386158","1386461","40","1361551"
"KN297133v1","78562","78844","JH378167","5504586","5504870","38","5426024"
"KN297133v1","227441","227760","JH378136","1594394","1594705","49","1366953"
"KN297133v1","270546","270856","JH378151","4279284","4279590","41","4008738"
"KN297133v1","354103","354401","JH378137","17093543","17093840","40","16739440"
"KN297133v1","362379","362683","JH378173","11426539","11426840","33","11064160"
"KN297133v1","366529","366840","JH378108","46666898","46667209","39","46300369"
"KN297133v1","396321","396628","JH378126","21026752","21027059","27","20630431"
"KN297133v1","411702","412000","JH378279","2687810","2688114","42","2276108"
"KN297133v1","414773","415072","JH378110","38574281","38574582","40","38159508"
"KN297133v1","457768","458054","JH378105","23114846","23115129","40","22657078"
"KN297133v1","473572","473818","JH378108","23565898","23566144","51","23092326"
"KN297133v1","490604","490915","JH378106","6434398","6434702","48","5943794"
"KN297133v1","513188","513499","JH378185","396057","396367","45","117131"
"KN297133v1","531463","531809","JH378151","17063304","17063610","80","16531841"
"KN297133v1","531959","532209","JH378124","5040993","5041244","35","4509034"
"KN297133v1","532992","533288","JH378115","33135454","33135750","31","32602462"
"KN297133v1","591626","591755","JH378139","19555642","19555769","13","18964016"
"KN297133v1","609548","609859","JH378113","6613006","6613316","47","6003458"
"KN297133v1","651087","651216","JH378167","9832511","9832645","27","9181424"
"KN297133v1","662745","663044","JH378153","2573525","2573821","35","1910780"
"KN297133v1","669018","669314","JH378105","23955669","23955975","46","23286651"
"KN297133v1","683586","683835","JH378125","1444252","1444505","51","760666"
"KN297133v1","694264","694571","JH378255","1560098","1560402","35","865834"
"KN297133v1","703261","703417","JH378172","12743573","12743725","25","12040312"
"KN297133v1","733045","733337","JH378113","2775307","2775599","39","2042262"
"KN297133v1","733840","734140","JH378106","6434398","6434702","32","5700558"
"KN297133v1","738781","739080","JH378170","4783494","4783792","34","4044713"
"KN297133v1","739399","739700","JH378151","14166419","14166719","34","13427020"
"KN297133v1","744634","744892","JH378312","810211","810470","32","65577"
"KN297133v1","787679","787970","JH378105","57333005","57333301","42","56545326"
"KN297133v1","852970","853265","JH378141","16295875","16296172","33","15442905"
"KN297133v1","869149","869435","JH378183","4577550","4577842","57","3708401"
"KN297133v1","926281","926585","JH378257","87786","88089","41","838495"
"KN297133v1","946491","946785","JH378125","15893280","15893581","39","14946789"
"KN297133v1","988688","988986","JH378116","28869529","28869826","37","27880841"
"KN297133v1","1019492","1019763","JH378279","102782","103056","38","916710"
"KN297133v1","1022601","1022893","JH378107","50539788","50540082","38","49517187"
"KN297133v1","1064584","1064858","JH378106","3052818","3053105","46","1988234"
"KN297133v1","1073762","1073831","JH378121","21904973","21905036","19","20831211"
"KN297133v1","1086812","1087115","JH378195","750363","750668","41","336449"
"KN297133v1","1095642","1095963","JH378152","11890185","11890492","42","10794543"
"KN297133v1","1099300","1099616","JH378123","8518342","8518660","53","7419042"
"KN297133v1","1104116","1104314","JH378220","2147835","2148032","18","1043719"
"KN297133v1","1104501","1104680","JH378267","798976","799152","26","305525"
"KN297133v1","1112954","1113261","JH378135","801581","801882","40","311373"
"KN297133v1","1131149","1131462","JH378113","15204256","15204564","44","14073107"
"KN297133v1","1135831","1136123","JH378291","2747745","2748040","44","1611914"
"KN297133v1","1140263","1140563","JH378161","1776447","1776748","48","636184"
"KN297133v1","1145972","1146261","JH378278","3205790","3206071","46","2059818"
"KN297133v1","1148702","1148946","JH378116","33372550","33372792","46","32223848"
"KN297133v1","1153895","1154195","JH378288","1088673","1088973","37","65222"
"KN297133v1","1157423","1157720","JH378108","54706929","54707230","42","53549506"
"KN297133v1","1163349","1163575","JH378108","10177735","10177951","43","9014386"
"KN297133v1","1163813","1164078","JH378111","27296214","27296479","37","26132401"
"KN297133v1","1168462","1168797","JH378112","33298198","33298530","77","32129736"
"KN297133v1","1178956","1179267","JH378157","9676550","9676840","55","8497594"
"KN297133v1","1188710","1188994","JH378105","35665534","35665817","33","34476824"
"KN297133v1","1190505","1190835","JH378118","17703617","17703951","54","16513112"
"KN297133v1","1215841","1216141","JH378107","7568037","7568336","32","6352196"
"KN297133v1","1225942","1226227","JH378108","42296533","42296820","36","41070591"
"KN297133v1","1226710","1226779","JH378105","13614332","13614399","17","12387622"
"KN297133v1","1244776","1244971","JH378153","13579770","13579968","22","12334994"
"KN297133v1","1248860","1249150","JH378139","16259084","16259375","33","15010224"
"KN297133v1","1266771","1266883","JH378127","4754729","4754837","19","3487958"
"KN297133v1","1283983","1284098","JH378117","25353214","25353330","15","24069231"
"KN297133v1","1339699","1340000","JH378110","38574281","38574582","41","37234582"
"KN297133v1","1379602","1379717","JH378118","2235875","2235991","17","856273"
"KN297133v1","1381700","1382004","JH378205","4497688","4497989","35","3115988"
"KN297133v1","1401720","1402015","JH378170","4783494","4783792","30","3381774"
"KN297133v1","1481451","1481753","JH378228","5509057","5509356","39","4027606"
"KN297133v1","1503566","1503853","JH378116","24890259","24890547","45","23386693"
"KN297133v1","1522960","1523126","JH378124","17607926","17608087","31","16084966"
"KN297133v1","1523422","1523443","JH378149","1403733","1403749","7","119689"
"KN297133v1","1525365","1525657","JH378308","1420623","1420924","35","104742"
"KN297133v1","1537802","1538101","JH378288","1088673","1088973","40","449129"
"KN297133v1","1539056","1539344","JH378212","3107106","3107391","46","1568050"
"KN297133v1","1541577","1541727","JH378119","21592099","21592251","24","20050522"
"KN297133v1","1579036","1579335","JH378110","19934311","19934616","40","18355275"
"KN297133v1","1581832","1582135","JH378146","13526760","13527065","46","11944928"
"KN297133v1","1589208","1589505","JH378137","17093543","17093840","37","15504335"
"KN297133v1","1593884","1594190","JH378197","7145768","7146073","31","5551884"
"KN297133v1","1614329","1614457","JH378182","9446320","9446450","17","7831991"
"KN297133v1","1654163","1654457","JH378121","29566176","29566469","35","27912013"
"KN297134v1","4513","4808","JH378173","4155896","4156193","42","4151383"
"KN297134v1","9542","9846","JH378115","16925265","16925575","49","16915723"
"KN297134v1","14382","14694","JH378296","1500608","1500907","57","1486226"
"KN297135v1","54228","54498","JH378117","25769026","25769294","43","25714798"
"KN297135v1","104642","104951","JH378112","20327070","20327378","39","20222428"
"KN297135v1","200130","200400","JH378123","831628","831897","34","631498"
"KN297135v1","200401","200564","JH378119","11438712","11438868","22","11238311"
"KN297135v1","226548","226848","JH378235","4514528","4514824","38","4287980"
"KN297135v1","234493","234789","JH378141","11024023","11024316","35","10789530"
"KN297135v1","242729","243024","JH378205","5080625","5080919","33","4837896"
"KN297135v1","302285","302571","JH378143","6961082","6961362","46","6658797"
"KN297137v1","30541","30891","JH378151","4114191","4114521","67","4083650"
"KN297137v1","33183","33485","JH378206","4086994","4087300","29","4053811"
"KN297137v1","38762","39065","JH378197","5244832","5245109","67","5206070"
"KN297137v1","42279","42490","JH378110","30347433","30347646","36","30305154"
"KN297137v1","42922","43227","JH378113","24179649","24179958","38","24136727"
"KN297137v1","52507","52805","JH378108","26482116","26482414","33","26429609"
"KN297137v1","53615","53927","JH378126","21026752","21027059","33","20973137"
"KN297138v1","56358","56654","JH378114","36976328","36976626","32","36919970"
"KN297138v1","108006","108307","JH378255","1560098","1560402","36","1452092"
"KN297138v1","317249","317569","JH378111","19015035","19015357","47","18697786"
"KN297138v1","339219","339498","JH378206","1272655","1272943","49","933436"
"KN297138v1","356948","357045","JH378108","47563835","47563929","20","47206887"
"KN297138v1","408420","408711","JH378194","2390312","2390602","37","1981892"
"KN297141v1","20490","20799","JH378112","14714268","14714575","39","14693778"
"KN297141v1","25604","25894","JH378191","7315975","7316270","45","7290371"
"KN297141v1","58905","59202","JH378274","762071","762368","35","703166"
"KN297141v1","59791","60104","JH378281","272448","272763","45","212657"
"KN297141v1","85403","85704","JH378137","17093543","17093840","42","17008140"
"KN297141v1","125407","125719","JH378260","3599331","3599644","53","3473924"
"KN297141v1","168453","168751","JH378157","9676550","9676840","41","9508097"
"KN297141v1","264922","265219","JH378127","22358209","22358509","37","22093287"
"KN297141v1","282084","282230","JH378105","47997202","47997344","17","47715118"
"KN297141v1","311352","311676","JH378152","11766091","11766391","51","11454739"
"KN297141v1","435408","435678","JH378312","964075","964341","36","528667"
"KN297141v1","446174","446484","JH378235","263534","263841","50","182640"
"KN297141v1","455308","455621","JH378118","7126392","7126702","34","6671084"
"KN297141v1","514979","515229","JH378140","18905361","18905622","39","18390382"
"KN297141v1","520607","520848","JH378268","1757186","1757428","34","1236579"
"KN297141v1","569357","569644","JH378113","2087110","2087400","37","1517753"
"KN297141v1","654797","655079","JH378115","16519060","16519341","36","15864263"
"KN297141v1","857978","858072","JH378173","4876061","4876143","20","4018083"
"KN297141v1","892299","892483","JH378137","7410678","7410858","21","6518379"
"KN297141v1","963398","963603","JH378235","5655329","5655537","29","4691931"
"KN297141v1","995314","995619","JH378296","1500608","1500907","48","505294"
"KN297141v1","1243854","1244163","JH378114","7122925","7123229","39","5879071"
"KN297143v1","24573","24878","JH378167","5351158","5351469","46","5326585"
"KN297143v1","187656","187958","JH378113","17735383","17735690","39","17547727"
"KN297143v1","191711","192013","JH378282","223946","224251","43","32235"
"KN297143v1","205216","205493","JH378241","5492398","5492696","43","5287182"
"KN297144v1","49674","49981","JH378112","14714268","14714575","40","14664594"
"KN297144v1","72838","73143","JH378120","15320951","15321249","37","15248113"
"KN297144v1","87222","87527","JH378264","2773729","2774039","31","2686507"
"KN297144v1","143403","143703","JH378110","35346778","35347079","37","35203375"
"KN297144v1","154971","155272","JH378151","17063304","17063610","50","16908333"
"KN297144v1","188706","188966","JH378165","920270","920533","37","731564"
"KN297144v1","290369","290653","JH378105","33948514","33948810","49","33658145"
"KN297144v1","297628","297704","JH378112","8034581","8034656","10","7736953"
"KN297144v1","382497","382788","JH378125","4727308","4727603","39","4344811"
"KN297144v1","406986","407283","JH378153","11874540","11874839","38","11467554"
"KN297144v1","408367","408576","JH378151","645312","645524","23","236945"
"KN297144v1","541387","541678","JH378105","33992488","33992780","30","33451101"
"KN297144v1","651755","652041","JH378153","5259027","5259313","39","4607272"
"KN297144v1","750937","751235","JH378153","2242070","2242371","41","1491133"
"KN297144v1","832382","832698","JH378158","3522926","3523235","43","2690544"
"KN297144v1","833130","833430","JH378177","10271031","10271327","40","9437901"
"KN297144v1","876757","877057","JH378115","25041145","25041450","40","24164388"
"KN297144v1","981207","981507","JH378127","8597379","8597683","34","7616172"
"KN297144v1","1010702","1011022","JH378107","2992541","2992856","46","1981839"
"KN297144v1","1028890","1029189","JH378139","18955642","18955939","36","17926752"
"KN297144v1","1034709","1034810","JH378152","12630763","12630859","22","11596054"
"KN297144v1","1034839","1034989","JH378190","8407901","8408049","23","7373062"
"KN297144v1","1058392","1058704","JH378126","21026752","21027059","33","19968360"
"KN297144v1","1075681","1075834","JH378157","4804129","4804282","21","3728448"
"KN297144v1","1092545","1092843","JH378137","17138846","17139141","41","16046301"
"KN297144v1","1095782","1096093","JH378126","21026752","21027059","35","19930970"
"KN297144v1","1105366","1105483","JH378128","1736109","1736225","12","630743"
"KN297144v1","1113913","1114209","JH378113","17279344","17279644","39","16165431"
"KN297144v1","1117069","1117370","JH378205","7841436","7841737","30","6724367"
"KN297144v1","1118255","1118548","JH378144","18239514","18239805","65","17121259"
"KN297144v1","1119452","1119747","JH378107","6641537","6641829","29","5522085"
"KN297144v1","1142207","1142272","JH378121","21904973","21905036","9","20762766"
"KN297146v1","8967","9100","JH378123","26422000","26422130","14","26413033"
"KN297146v1","9401","9552","JH378166","13297978","13298126","21","13288577"
"KN297146v1","85151","85464","JH378176","8157064","8157374","33","8071913"
"KN297146v1","104344","104645","JH378156","9166475","9166782","40","9062131"
"KN297146v1","128865","129170","JH378127","19048485","19048788","33","18919620"
"KN297146v1","132146","132455","JH378115","34859185","34859494","39","34727039"
"KN297146v1","142149","142446","JH378220","2784017","2784313","25","2641868"
"KN297146v1","156579","156866","JH378127","18566293","18566586","31","18409714"
"KN297146v1","167789","168093","JH378125","15893280","15893581","30","15725491"
"KN297146v1","299239","299518","JH378142","13715595","13715875","36","13416356"
"KN297146v1","360730","360999","JH378252","3805902","3806173","41","3445172"
"KN297146v1","497300","497599","JH378228","5509057","5509356","40","5011757"
"KN297146v1","588449","588745","JH378170","4783494","4783792","34","4195045"
"KN297146v1","594200","594510","JH378149","2213704","2214010","41","1619504"
"KN297146v1","661970","662128","JH378181","3950530","3950686","32","3288560"
"KN297147v1","155067","155378","JH378176","8157064","8157374","38","8001997"
"KN297147v1","209949","210246","JH378124","17923330","17923624","48","17713381"
"KN297147v1","269922","270227","JH378110","15514854","15515162","40","15244932"
"KN297147v1","305796","305926","JH378189","1208351","1208474","19","902555"
"KN297147v1","508342","508633","JH378327","121222","121511","43","387120"
"KN297148v1","35565","35741","JH378115","28339709","28339887","27","28304144"
"KN297148v1","713628","713921","JH378204","2935067","2935361","39","2221439"
"KN297148v1","746029","746328","JH378115","25570507","25570808","33","24824478"
"KN297148v1","916283","916492","JH378152","10693162","10693369","29","9776879"
"KN297149v1","8671","8975","JH378127","1436896","1437207","50","1428225"
"KN297150v1","58423","58708","JH378111","41625281","41625562","51","41566858"
"KN297151v1","42272","42601","JH378118","17703617","17703951","52","17661345"
"KN297152v1","9785","10089","JH378108","30731255","30731558","37","30721470"
"KN297153v1","3698","3949","JH378125","7358700","7358942","41","7355002"
"KN297153v1","35490","35803","JH378113","6613006","6613316","42","6577516"
"KN297153v1","89325","89618","JH378110","32622278","32622571","29","32532953"
"KN297153v1","145769","146060","JH378151","8381511","8381803","34","8235742"
"KN297153v1","175414","175583","JH378149","17421716","17421891","37","17246302"
"KN297153v1","188620","188912","JH378170","4783494","4783792","36","4594874"
"KN297153v1","192055","192365","JH378184","9592095","9592406","36","9400040"
"KN297153v1","359575","359882","JH378158","366580","366887","40","7005"
"KN297153v1","457982","458287","JH378120","17788639","17788928","47","17330657"
"KN297153v1","474590","474884","JH378124","15582898","15583197","32","15108308"
"KN297153v1","502877","503168","JH378191","6177328","6177618","31","5674451"
"KN297153v1","506039","506354","JH378140","6883086","6883394","46","6377047"
"KN297153v1","515794","516110","JH378200","1066935","1067245","49","551141"
"KN297153v1","530140","530436","JH378137","15383841","15384139","29","14853701"
"KN297153v1","536382","536681","JH378227","68096","68393","32","468286"
"KN297153v1","553304","553602","JH378115","28712376","28712673","44","28159072"
"KN297153v1","570454","570769","AGCE01151127","791","1105","38","569663"
"KN297153v1","625169","625466","JH378116","24890259","24890547","39","24265090"
"KN297153v1","630582","630893","JH378126","21026752","21027059","34","20396170"
"KN297153v1","689947","690243","JH378113","32319453","32319745","32","31629506"
"KN297153v1","701991","702301","JH378152","15994237","15994545","38","15292246"
"KN297153v1","744705","744870","JH378107","6186558","6186723","24","5441853"
"KN297153v1","829517","829817","JH378133","7708733","7709034","34","6879216"
"KN297153v1","953194","953484","JH378129","9743254","9743544","36","8790060"
"KN297153v1","1002350","1002663","JH378126","21026752","21027059","36","20024402"
"KN297153v1","1069738","1070036","JH378116","11181268","11181574","39","10111530"
"KN297153v1","1130404","1130695","JH378129","12822851","12823138","39","11692447"
"KN297153v1","1130758","1131039","JH378192","5366925","5367201","50","4236167"
"KN297153v1","1255449","1255696","JH378226","5521421","5521671","37","4265972"
"KN297153v1","1267612","1267902","JH378135","3624002","3624295","30","2356390"
"KN297153v1","1287880","1288186","JH378126","21026752","21027059","31","19738872"
"KN297153v1","1310767","1311080","JH378167","5351158","5351469","30","4040391"
"KN297153v1","1353248","1353549","JH378288","1088673","1088973","40","264575"
"KN297153v1","1355600","1355902","JH378169","9325308","9325608","37","7969708"
"KN297153v1","1364856","1365155","JH378108","52174820","52175124","41","50809964"
"KN297153v1","1413986","1414281","JH378224","5664910","5665211","41","4250924"
"KN297153v1","1426396","1426704","JH378115","25041145","25041450","36","23614749"
"KN297154v1","3334","3515","JH378135","18579800","18579977","26","18576466"
"KN297154v1","28931","29223","JH378139","19252318","19252611","38","19223387"
"KN297154v1","29489","29653","JH378149","10000003","10000169","22","9970514"
"KN297154v1","30329","30642","JH378152","11890185","11890492","43","11859856"
"KN297154v1","30988","31275","JH378138","19948357","19948642","36","19917369"
"KN297154v1","43642","43936","JH378131","20072845","20073138","36","20029203"
"KN297154v1","46973","47273","JH378109","11852338","11852636","37","11805365"
"KN297154v1","76888","77201","JH378167","5351158","5351469","36","5274270"
"KN297154v1","79558","79857","JH378157","7230702","7230999","41","7151144"
"KN297154v1","87203","87502","JH378296","1500608","1500907","28","1413405"
"KN297154v1","119260","119559","JH378139","18955642","18955939","28","18836382"
"KN297154v1","129787","130072","JH378145","12879121","12879408","32","12749334"
"KN297154v1","145399","145698","JH378111","11393970","11394267","43","11248571"
"KN297154v1","178075","178198","JH378174","11834816","11834939","16","11656741"
"KN297154v1","178242","178412","JH378106","59484451","59484620","19","59306209"
"KN297154v1","192308","192597","JH378142","12979191","12979481","34","12786883"
"KN297154v1","221977","222273","JH378137","17138846","17139141","33","16916869"
"KN297154v1","233645","233951","JH378137","7521003","7521308","40","7287358"
"KN297154v1","236682","236938","JH378125","5746425","5746685","39","5509743"
"KN297154v1","263018","263319","JH378149","1427296","1427590","32","1164278"
"KN297154v1","272821","273114","JH378139","16259084","16259375","34","15986263"
"KN297154v1","277593","277891","JH378124","15582898","15583197","30","15305305"
"KN297154v1","294684","294993","JH378133","7708733","7709034","37","7414049"
"KN297154v1","301759","302048","JH378125","16958847","16959142","34","16657088"
"KN297154v1","303788","303921","JH378111","15991866","15992002","22","15688078"
"KN297154v1","304095","304401","JH378111","32787449","32787755","33","32483354"
"KN297154v1","312715","313013","JH378170","4783494","4783792","36","4470779"
"KN297154v1","317774","318068","JH378148","6480728","6481028","38","6162954"
"KN297154v1","328095","328363","JH378211","2712927","2713199","36","2384832"
"KN297154v1","340725","341019","JH378122","13169953","13170248","35","12829228"
"KN297154v1","342011","342299","JH378137","7745755","7746044","34","7403744"
"KN297154v1","345446","345753","JH378158","8002135","8002443","31","7656689"
"KN297154v1","351318","351617","JH378115","28712376","28712673","33","28361058"
"KN297154v1","356012","356322","JH378153","2080003","2080307","48","1723991"
"KN297154v1","361935","362224","JH378137","17271511","17271797","28","16909576"
"KN297154v1","368507","368787","JH378177","6664715","6664994","33","6296208"
"KN297154v1","376568","376877","JH378220","4939975","4940281","41","4563407"
"KN297154v1","401194","401484","JH378133","22138850","22139145","41","21737656"
"KN297154v1","442371","442673","JH378125","16439402","16439702","37","15997031"
"KN297154v1","465946","466114","JH378135","381040","381211","20","84906"
"KN297154v1","470181","470477","JH378469","2996","3291","40","467185"
"KN297154v1","476331","476634","JH378129","323877","324178","38","152454"
"KN297154v1","480205","480505","JH378149","4766604","4766904","42","4286399"
"KN297154v1","487916","488223","JH378154","15612419","15612727","37","15124503"
"KN297154v1","490309","490596","JH378137","9478510","9478796","31","8988201"
"KN297154v1","507184","507362","JH378140","1043542","1043716","25","536358"
"KN297154v1","507670","507818","JH378133","16209604","16209747","24","15701934"
"KN297154v1","508590","508898","JH378139","17878350","17878657","33","17369760"
"KN297154v1","510824","511135","JH378156","9166475","9166782","47","8655651"
"KN297154v1","520347","520652","JH378308","1420623","1420924","35","900276"
"KN297154v1","524340","524619","JH378197","4786785","4787065","42","4262445"
"KN297154v1","526197","526485","JH378182","9360980","9361267","36","8834783"
"KN297154v1","542938","543230","JH378114","37254872","37255156","34","36711934"
"KN297154v1","565865","566030","JH378108","45330665","45330828","24","44764800"
"KN297154v1","571469","571772","JH378107","7568037","7568336","34","6996568"
"KN297154v1","582711","583034","JH378108","46666898","46667209","54","46084187"
"KN297154v1","593871","594171","JH378115","26640201","26640508","53","26046330"
"KN297154v1","599511","599801","JH378144","4377250","4377537","36","3777739"
"KN297154v1","612291","612581","JH378151","3515305","3515602","38","2903014"
"KN297154v1","619927","620220","JH378138","5380451","5380753","43","4760524"
"KN297154v1","633109","633420","JH378111","26701569","26701879","40","26068460"
"KN297154v1","634423","634724","JH378241","5492398","5492696","32","4857975"
"KN297154v1","641927","642225","JH378176","9743171","9743468","36","9101244"
"KN297154v1","678280","678423","JH378264","259821","259965","20","418459"
"KN297154v1","705598","705807","JH378235","5655329","5655537","27","4949731"
"KN297154v1","711679","711855","JH378127","23248444","23248620","25","22536765"
"KN297154v1","713937","714220","JH378252","3606457","3606738","35","2892520"
"KN297154v1","730074","730378","JH378151","10201068","10201369","32","9470994"
"KN297154v1","731258","731532","JH378105","36618017","36618297","39","35886759"
"KN297154v1","753741","753965","JH378117","15348184","15348408","35","14594443"
"KN297154v1","755238","755543","JH378119","6124403","6124708","37","5369165"
"KN297154v1","756001","756309","JH378177","5455104","5455408","38","4699103"
"KN297154v1","760288","760532","JH378132","342618","342869","46","417670"
"KN297154v1","780222","780417","JH378106","50020869","50021065","34","49240647"
"KN297154v1","788974","789290","JH378153","15041168","15041477","51","14252194"
"KN297154v1","790104","790272","JH378110","4132113","4132277","32","3342009"
"KN297154v1","790566","790715","JH378184","5372802","5372943","27","4582236"
"KN297154v1","793762","793924","JH378115","31380768","31380936","25","30587006"
"KN297154v1","798153","798458","JH378112","20327070","20327378","43","19528917"
"KN297154v1","804839","805140","JH378125","15893280","15893581","32","15088441"
"KN297154v1","815644","815940","JH378139","18955642","18955939","34","18139998"
"KN297154v1","824429","824726","JH378228","5509057","5509356","32","4684628"
"KN297154v1","825143","825444","JH378116","11181268","11181574","38","10356125"
"KN297154v1","828806","829088","JH378152","11516455","11516740","31","10687649"
"KN297154v1","839115","839415","JH378177","3168958","3169267","46","2329843"
"KN297154v1","856828","857154","JH378153","3611566","3611877","59","2754738"
"KN297154v1","860923","861243","JH378257","2204800","2205108","54","1343877"
"KN297154v1","861925","862229","JH378213","5393305","5393609","45","4531380"
"KN297154v1","869228","869533","JH378115","23201999","23202310","36","22332771"
"KN297154v1","872626","872921","JH378106","3052818","3053105","43","2180192"
"KN297154v1","881027","881311","JH378117","25803939","25804227","56","24922912"
"KN297154v1","884569","884678","JH378149","12762865","12762969","19","11878296"
"KN297154v1","904075","904396","JH378199","2290363","2290661","53","1386288"
"KN297154v1","909288","909455","JH378169","5056320","5056486","19","4147032"
"KN297154v1","918975","919270","JH378106","7184286","7184584","38","6265311"
"KN297154v1","920649","920723","JH378110","32692543","32692616","11","31771894"
"KN297154v1","927979","928291","JH378185","10007245","10007555","38","9079266"
"KN297154v1","939216","939496","JH378294","1717590","1717871","32","778374"
"KN297154v1","943555","943851","JH378163","2667861","2668158","35","1724306"
"KN297154v1","944332","944508","JH378153","12500981","12501157","16","11556649"
"KN297154v1","958059","958357","JH378220","2784017","2784313","43","1825958"
"KN297154v1","960797","961097","JH378151","16588942","16589245","32","15628145"
"KN297154v1","969009","969311","JH378151","9657550","9657850","32","8688541"
"KN297154v1","970220","970473","JH378106","70483264","70483525","32","69513044"
"KN297154v1","982153","982452","JH378157","13574679","13574975","31","12592526"
"KN297154v1","984867","985131","JH378132","12466741","12467004","38","11481874"
"KN297154v1","988448","988750","JH378197","7364118","7364419","38","6375670"
"KN297154v1","998388","998687","JH378228","5509057","5509356","29","4510669"
"KN297154v1","1001806","1002117","JH378126","21026752","21027059","39","20024946"
"KN297154v1","1012274","1012524","JH378316","231930","232187","44","780344"
"KN297154v1","1020343","1020639","JH378157","9676550","9676840","32","8656207"
"KN297154v1","1020642","1020773","JH378131","10854024","10854153","13","9833382"
"KN297154v1","1026151","1026433","JH378232","5154051","5154333","33","4127900"
"KN297154v1","1034790","1035098","JH378126","21026752","21027059","36","19991962"
"KN297154v1","1061967","1062255","JH378170","4783494","4783792","38","3721527"
"KN297154v1","1091182","1091483","JH378115","25570507","25570808","32","24479325"
"KN297154v1","1102120","1102420","JH378296","1500608","1500907","44","398488"
"KN297154v1","1112039","1112318","JH378164","6933936","6934215","40","5821897"
"KN297154v1","1115443","1115749","JH378127","11208970","11209278","42","10093527"
"KN297154v1","1126878","1127060","JH378163","6386525","6386703","30","5259647"
"KN297154v1","1141117","1141411","JH378114","31665064","31665366","41","30523947"
"KN297154v1","1146942","1147240","JH378170","4783494","4783792","24","3636552"
"KN297154v1","1148300","1148593","JH378127","18566293","18566586","28","17417993"
"KN297154v1","1185041","1185349","JH378147","3682184","3682484","39","2497143"
"KN297154v1","1188700","1188996","JH378139","15235758","15236059","41","14047058"
"KN297154v1","1189188","1189504","JH378154","14323799","14324110","38","13134611"
"KN297154v1","1203200","1203502","JH378156","9166475","9166782","42","7963275"
"KN297154v1","1217678","1217978","JH378137","18706406","18706704","38","17488728"
"KN297154v1","1226713","1227006","JH378159","837474","837769","30","389239"
"KN297154v1","1256567","1256850","JH378122","29867810","29868101","37","28611243"
"KN297154v1","1257787","1258055","JH378213","4069347","4069600","59","2811560"
"KN297154v1","1265351","1265604","JH378139","2860698","2860950","38","1595347"
"KN297154v1","1287651","1287956","JH378119","6124403","6124708","32","4836752"
"KN297154v1","1291210","1291426","JH378324","483488","483712","30","807722"
"KN297154v1","1309491","1309772","JH378124","10835797","10836078","34","9526306"
"KN297154v1","1328158","1328464","JH378242","1105713","1106014","35","222445"
"KN297154v1","1350318","1350617","JH378124","15582898","15583197","29","14232580"
"KN297154v1","1351082","1351396","JH378108","52178163","52178470","44","50827081"
"KN297154v1","1364970","1365223","JH378173","11278180","11278438","53","9913210"
"KN297154v1","1378784","1379094","JH378167","5351158","5351469","43","3972374"
"KN297154v1","1388903","1389164","JH378140","17262721","17262988","38","15873818"
"KN297154v1","1395809","1396111","JH378132","15018454","15018753","30","13622645"
"KN297154v1","1424001","1424133","JH378184","6796171","6796302","18","5372170"
"KN297154v1","1450023","1450132","JH378149","2482547","2482658","14","1032524"
"KN297154v1","1485986","1486297","JH378126","21026752","21027059","51","19540766"
"KN297154v1","1488571","1488864","JH378255","2698000","2698296","34","1209429"
"KN297154v1","1519402","1519703","JH378115","25570507","25570808","38","24051105"
"KN297154v1","1538411","1538704","JH378105","38546959","38547253","35","37008548"
"KN297154v1","1546427","1546735","JH378197","7145768","7146073","29","5599341"
"KN297154v1","1581581","1581875","JH378144","18239514","18239805","34","16657933"
"KN297154v1","1596965","1597266","JH378228","5509057","5509356","31","3912092"
"KN297154v1","1597869","1598034","JH378154","7460558","7460722","22","5862689"
"KN297154v1","1599491","1599782","JH378139","18557202","18557489","36","16957711"
"KN297154v1","1606374","1606668","JH378200","7453377","7453669","26","5847003"
"KN297154v1","1622675","1622974","JH378317","856556","856853","35","766119"
"KN297154v1","1647974","1648252","JH378119","26535341","26535630","40","24887367"
"KN297154v1","1665197","1665463","JH378105","55539885","55540142","46","53874688"
"KN297154v1","1665465","1665630","JH378167","8728528","8728685","18","7063063"
"KN297154v1","1667968","1668281","JH378124","11115297","11115604","46","9447329"
"KN297154v1","1676774","1677075","JH378126","21026752","21027059","42","19349978"
"KN297154v1","1685986","1686291","JH378110","12146106","12146409","35","10460120"
"KN297154v1","1686868","1687153","JH378112","21520492","21520774","39","19833624"
"KN297154v1","1687996","1688279","JH378234","3520702","3520993","33","1832706"
"KN297154v1","1692492","1692658","JH378106","70456146","70456311","19","68763654"
"KN297154v1","1692663","1692955","JH378115","28712376","28712673","42","27019713"
"KN297154v1","1698120","1698208","JH378167","6205829","6205915","15","4507709"
"KN297154v1","1701764","1702024","JH378212","595089","595334","50","1106675"
"KN297154v1","1706502","1706779","JH378136","6731743","6731996","52","5025241"
"KN297154v1","1719998","1720308","JH378206","4086994","4087300","36","2366996"
"KN297154v1","1747098","1747166","JH378159","8282812","8282883","15","6535714"
"KN297154v1","1749794","1750072","JH378197","1421270","1421558","47","328524"
"KN297154v1","1757965","1758258","JH378148","2991662","2991955","37","1233697"
"KN297154v1","1778268","1778549","JH378121","29566176","29566469","42","27787908"
"KN297154v1","1781250","1781567","JH378140","7338564","7338875","46","5557314"
"KN297154v1","1782591","1782677","JH378137","17921840","17921924","10","16139249"
"KN297154v1","1786660","1786949","JH378327","121222","121511","50","1665438"
"KN297154v1","1788950","1789226","JH378262","448066","448345","49","1340884"
"KN297154v1","1798497","1798801","JH378252","1272655","1272952","45","525842"
"KN297154v1","1802191","1802324","JH378115","37346991","37347120","17","35544800"
"KN297154v1","1802579","1802755","JH378148","848200","848369","24","954379"
"KN297154v1","1823769","1824065","JH378133","22138850","22139145","39","20315081"
"KN297154v1","1843798","1844092","JH378265","2263256","2263553","37","419458"
"KN297154v1","1879100","1879408","JH378106","60114221","60114527","37","58235121"
"KN297154v1","1900122","1900420","JH378119","11538542","11538840","40","9638420"
"KN297154v1","1904818","1905072","JH378195","7561038","7561289","42","5656220"
"KN297154v1","1909266","1909544","JH378115","31512061","31512340","37","29602795"
"KN297154v1","1929605","1929879","JH378156","4660046","4660322","38","2730441"
"KN297154v1","1939829","1940008","JH378115","6603955","6604132","19","4664126"
"KN297154v1","1989530","1989819","JH378139","16259084","16259375","40","14269554"
"KN297154v1","2019677","2019971","JH378137","6554559","6554852","51","4534882"
"KN297154v1","2031055","2031363","JH378144","9593157","9593456","41","7562102"
"KN297154v1","2042695","2042979","JH378108","39527846","39528120","46","37485151"
"KN297154v1","2057837","2058106","JH378114","20208323","20208586","41","18150486"
"KN297154v1","2069391","2069694","JH378117","24258354","24258650","46","22188963"
"KN297154v1","2090872","2091171","JH378288","1561758","1562053","30","529114"
"KN297157v1","18586","18890","JH378184","5207149","5207450","47","5188563"
"KN297157v1","31113","31423","JH378105","42160955","42161256","56","42129842"
"KN297157v1","40187","40438","JH378151","8290347","8290596","28","8250160"
"KN297157v1","45083","45379","JH378177","10271031","10271327","30","10225948"
"KN297157v1","58632","58939","JH378279","2687810","2688114","40","2629178"
"KN297157v1","73219","73473","JH378193","7906466","7906718","34","7833247"
"KN297157v1","78793","79091","JH378113","14455819","14456118","37","14377026"
"KN297157v1","122532","122843","JH378184","9592095","9592406","38","9469563"
"KN297157v1","158007","158265","JH378166","1857349","1857605","52","1699342"
"KN297157v1","257632","257893","JH378106","14128924","14129186","38","13871292"
"KN297158v1","12900","13204","JH378123","491683","491985","39","478783"
"KN297158v1","56551","56629","JH378117","35371207","35371281","17","35314656"
"KN297158v1","124207","124515","JH378115","23201999","23202310","38","23077792"
"KN297158v1","133631","133936","JH378115","26640201","26640508","30","26506570"
"KN297158v1","164516","164808","JH378153","15044487","15044775","39","14879971"
"KN297158v1","171211","171359","JH378149","10373163","10373310","18","10201952"
"KN297158v1","181429","181746","JH378175","9830119","9830435","36","9648690"
"KN297158v1","203601","203847","JH378132","342618","342869","39","139017"
"KN297158v1","237842","238148","JH378150","8292284","8292583","48","8054442"
"KN297158v1","422694","422871","JH378169","12757065","12757244","22","12334371"
"KN297158v1","463269","463570","JH378185","6026835","6027146","46","5563566"
"KN297158v1","518630","518962","JH378277","344058","344386","51","174572"
"KN297158v1","519848","520028","JH378112","29360954","29361133","26","28841106"
"KN297158v1","602754","603049","JH378220","2181761","2182059","39","1579007"
"KN297158v1","613472","613780","JH378156","9166475","9166782","40","8553003"
"KN297158v1","619720","619961","JH378278","2921341","2921589","35","2301621"
"KN297158v1","662020","662323","JH378166","1320817","1321121","31","658797"
"KN297158v1","677741","677967","JH378111","8390508","8390734","29","7712767"
"KN297158v1","691578","691882","JH378125","1232970","1233271","41","541392"
"KN297158v1","706342","706534","JH378217","951556","951750","20","245214"
"KN297158v1","708259","708559","JH378141","10836054","10836345","35","10127795"
"KN297158v1","710837","711094","JH378119","28597739","28597991","32","27886902"
"KN297158v1","722812","723114","JH378165","5178810","5179119","30","4455998"
"KN297158v1","735945","736254","JH378110","32340417","32340727","54","31604472"
"KN297158v1","799561","799859","JH378116","28869529","28869826","31","28069968"
"KN297158v1","812522","812833","JH378158","3522926","3523235","41","2710404"
"KN297158v1","851508","851792","JH378138","7015466","7015748","35","6163958"
"KN297159v1","1310685","1310866","JH378116","22336003","22336179","26","21025318"
"KN297159v1","53730","53831","JH378194","1214031","1214131","12","1160301"
"KN297159v1","111848","112123","JH378117","22412821","22413099","42","22300973"
"KN297159v1","201918","202227","JH378135","1042676","1042987","41","840758"
"KN297159v1","254882","255184","JH378197","7145768","7146073","32","6890886"
"KN297159v1","286496","286795","JH378151","8381511","8381803","41","8095015"
"KN297159v1","317741","318035","JH378121","29566176","29566469","29","29248435"
"KN297159v1","330910","331203","JH378141","11024023","11024316","37","10693113"
"KN297159v1","333382","333669","JH378216","6814492","6814786","36","6481110"
"KN297159v1","368050","368358","JH378126","21026752","21027059","35","20658702"
"KN297159v1","409166","409473","JH378108","54090444","54090749","40","53681278"
"KN297159v1","496788","497063","JH378148","3284028","3284308","52","2787240"
"KN297159v1","502502","502826","JH378116","23743619","23743938","47","23241117"
"KN297159v1","505063","505364","JH378144","5396113","5396410","38","4891050"
"KN297159v1","510698","510998","JH378159","5493568","5493869","32","4982870"
"KN297159v1","517646","517931","JH378119","21236610","21236894","32","20718964"
"KN297159v1","520981","521295","JH378112","33214699","33215012","46","32693718"
"KN297159v1","529869","530160","JH378106","1596997","1597295","36","1067128"
"KN297159v1","537694","537987","JH378213","6719866","6720154","32","6182172"
"KN297159v1","538041","538334","JH378205","5080625","5080919","34","4542584"
"KN297159v1","553002","553299","JH378173","10591352","10591642","43","10038350"
"KN297159v1","569658","569969","JH378225","6457829","6458137","41","5888171"
"KN297159v1","576802","577091","JH378220","2537784","2538076","40","1960982"
"KN297159v1","583458","583767","JH378108","30731255","30731558","39","30147797"
"KN297159v1","588381","588664","JH378185","181718","182008","35","406663"
"KN297159v1","604985","605162","JH378349","205603","205775","27","399382"
"KN297159v1","605192","605312","JH378257","2564368","2564487","20","1959176"
"KN297159v1","651810","652129","JH378129","14016873","14017201","58","13365063"
"KN297159v1","652142","652199","JH378108","34780989","34781040","10","34128847"
"KN297159v1","652511","652594","JH378203","7386261","7386340","10","6733750"
"KN297159v1","664444","664746","JH378228","5509057","5509356","31","4844613"
"KN297159v1","670796","671102","JH378176","10466778","10467084","38","9795982"
"KN297159v1","706619","706928","JH378116","11181268","11181574","29","10474649"
"KN297159v1","724666","724954","JH378105","36900565","36900857","45","36175899"
"KN297159v1","730971","731267","JH378227","68096","68393","33","662875"
"KN297159v1","799583","799885","JH378173","9055905","9056209","29","8256322"
"KN297159v1","927689","927980","JH378110","32622278","32622571","33","31694589"
"KN297159v1","1019247","1019549","JH378112","19517852","19518152","35","18498605"
"KN297159v1","1159443","1159749","JH378126","21026752","21027059","35","19867309"
"KN297159v1","1174585","1174887","JH378124","11115297","11115604","34","9940712"
"KN297159v1","1176504","1176623","JH378135","13455249","13455369","14","12278745"
"KN297159v1","1184753","1185044","JH378284","239562","239856","41","945191"
"KN297159v1","1185476","1185577","JH378143","6280396","6280499","16","5094920"
"KN297159v1","1191114","1191398","JH378158","2897938","2898230","40","1706824"
"KN297159v1","1198727","1199025","JH378153","14969878","14970175","32","13771151"
"KN297159v1","1211946","1212248","JH378152","11890185","11890492","38","10678239"
"KN297159v1","1223471","1223651","JH378187","657558","657737","27","565913"
"KN297159v1","1244055","1244319","JH378137","19451754","19452018","38","18207699"
"KN297159v1","1248523","1248827","JH378114","7122925","7123229","34","5874402"
"KN297159v1","1249652","1249956","JH378106","59688577","59688884","30","58438925"
"KN297159v1","1254766","1255053","JH378216","4681737","4682026","45","3426971"
"KN297159v1","1281729","1281996","JH378105","36059082","36059351","45","34777353"
"KN297159v1","1290269","1290571","JH378126","21026752","21027059","30","19736483"
"KN297159v1","1304130","1304414","JH378153","7002824","7003108","50","5698694"
"KN297159v1","1310301","1310377","JH378144","15127487","15127564","16","13817186"
"KN297159v1","1314116","1314425","JH378227","2966528","2966836","39","1652412"
"KN297159v1","1314697","1315018","JH378107","7568037","7568336","50","6253340"
"KN297159v1","1323150","1323292","JH378161","12966786","12966922","27","11643636"
"KN297159v1","1323296","1323590","JH378139","19252318","19252611","28","17929022"
"KN297159v1","1332524","1332810","JH378108","33734008","33734301","37","32401484"
"KN297159v1","1335285","1335578","JH378127","18566293","18566586","26","17231008"
"KN297159v1","1350192","1350500","JH378120","16327645","16327955","32","14977453"
"KN297159v1","1351419","1351710","JH378107","57888255","57888550","38","56536836"
"KN297159v1","1353821","1354001","JH378185","9797297","9797471","28","8443476"
"KN297159v1","1371967","1372271","JH378110","19934311","19934616","31","18562344"
"KN297159v1","1390487","1390783","JH378245","3027684","3027992","60","1637197"
"KN297159v1","1390818","1391112","JH378106","44399035","44399331","47","43008217"
"KN297159v1","1391331","1391630","JH378172","3560988","3561286","40","2169657"
"KN297159v1","1410005","1410300","JH378115","28712376","28712673","40","27302371"
"KN297159v1","1416060","1416347","JH378108","22854613","22854904","35","21438553"
"KN297159v1","1427853","1428160","JH378105","3711387","3711694","41","2283534"
"KN297159v1","1468486","1468775","JH378107","1414272","1414564","54","54214"
"KN297159v1","1481113","1481418","JH378176","8157064","8157374","44","6675951"
"KN297159v1","1487461","1487742","JH378177","6664715","6664994","41","5177254"
"KN297159v1","1488144","1488443","JH378236","2099707","2100007","34","611563"
"KN297159v1","1490909","1491091","JH378213","361361","361554","35","1129548"
"KN297159v1","1491470","1491777","JH378120","16327645","16327955","36","14836175"
"KN297159v1","1496179","1496281","JH378110","29778448","29778551","12","28282269"
"KN297159v1","1499382","1499676","JH378159","15717599","15717893","43","14218217"
"KN297159v1","1500003","1500196","JH378232","420548","420740","24","1079455"
"KN297159v1","1501118","1501402","JH378107","27056287","27056566","41","25555169"
"KN297159v1","1504081","1504380","JH378228","5509057","5509356","37","4004976"
"KN297159v1","1505108","1505223","JH378135","3008347","3008463","20","1503239"
"KN297159v1","1533983","1534286","JH378129","10258595","10258896","40","8724612"
"KN297159v1","1537615","1537915","JH378126","21026752","21027059","37","19489137"
"KN297159v1","1545036","1545229","JH378232","5937654","5937844","41","4392618"
"KN297159v1","1579297","1579590","JH378110","31808814","31809105","32","30229517"
"KN297159v1","1611342","1611680","JH378138","6909735","6910067","49","5298393"
"KN297159v1","1618499","1618814","JH378245","3027684","3027992","38","1409185"
"KN297159v1","1633638","1633765","JH378143","6057565","6057700","24","4423927"
"KN297159v1","1686886","1687206","JH378114","29554109","29554423","40","27867223"
"KN297159v1","1687576","1687847","JH378105","36884891","36885163","40","35197315"
"KN297159v1","1688801","1689099","JH378212","2149089","2149386","37","460288"
"KN297159v1","1691253","1691563","JH378146","9754214","9754514","42","8062961"
"KN297159v1","1704879","1705173","JH378151","8381511","8381803","32","6676632"
"KN297159v1","1711607","1711906","JH378123","491683","491985","33","1219924"
"KN297159v1","1720431","1720577","JH378257","2062538","2062682","21","342107"
"KN297159v1","1724869","1725173","JH378140","17405092","17405394","39","15680223"
"KN297159v1","1725711","1725995","JH378153","5259027","5259313","39","3533316"
"KN297159v1","1740881","1741000","JH378115","14436587","14436705","16","12695706"
"KN297159v1","1773146","1773443","JH378166","2303148","2303440","41","530002"
"KN297159v1","1781649","1781943","JH378235","3406092","3406383","37","1624443"
"KN297159v1","1782687","1782991","JH378130","1202684","1202989","34","580003"
"KN297159v1","1834195","1834506","JH378213","47095","47402","42","1787100"
"KN297159v1","1842985","1843286","JH378113","11419757","11420052","38","9576772"
"KN297159v1","1847103","1847385","JH378111","41625281","41625562","36","39778178"
"KN297159v1","1854539","1854827","JH378124","17923330","17923624","38","16068791"
"KN297159v1","1868251","1868550","JH378149","1122061","1122358","38","746190"
"KN297159v1","1878042","1878338","JH378146","15827373","15827672","40","13949331"
"KN297159v1","1879831","1880109","JH378137","9478510","9478796","32","7598679"
"KN297159v1","1883575","1883857","JH378124","23710197","23710477","33","21826622"
"KN297159v1","1888419","1888701","JH378224","3887674","3887953","45","1999255"
"KN297159v1","1894028","1894338","JH378115","25158054","25158360","37","23264026"
"KN297159v1","1895638","1895930","JH378144","966028","966318","37","929610"
"KN297159v1","1904137","1904309","JH378140","1043542","1043716","24","860595"
"KN297159v1","1914437","1914736","JH378296","1500608","1500907","26","413829"
"KN297159v1","1921816","1922126","JH378118","24374217","24374525","45","22452401"
"KN297159v1","1923355","1923631","JH378321","737708","737984","38","1185647"
"KN297159v1","1928390","1928694","JH378225","4269590","4269892","35","2341200"
"KN297159v1","1938831","1939000","JH378172","5606262","5606427","22","3667431"
"KN297159v1","1939297","1939429","JH378159","4277980","4278110","13","2338683"
"KN297159v1","1944372","1944672","JH378170","4783494","4783792","34","2839122"
"KN297159v1","1945596","1945672","JH378110","32692543","32692616","11","30746947"
"KN297159v1","1966891","1967194","JH378123","491683","491985","41","1475208"
"KN297159v1","1988709","1989003","JH378149","12780936","12781227","28","10792227"
"KN297159v1","1992603","1992912","JH378146","7665916","7666224","40","5673313"
"KN297159v1","1996893","1997166","JH378284","2695436","2695711","43","698543"
"KN297159v1","2043694","2043978","JH378242","97287","97580","38","1946407"
"KN297159v1","2152105","2152405","JH378118","32824716","32825012","43","30672611"
"KN297159v1","2339120","2339419","JH378108","23280248","23280545","41","20941128"
"KN297159v1","2524157","2524449","JH378112","21695596","21695889","37","19171439"
"KN297159v1","2573873","2574178","JH378126","21026752","21027059","33","18452879"
"KN297159v1","2632039","2632225","JH378107","23945344","23945526","28","21313305"
"KN297159v1","2681528","2681826","JH378142","5865502","5865800","29","3183974"
"KN297159v1","2767957","2768235","JH378107","27056287","27056566","35","24288330"
"KN297159v1","2836437","2836732","JH378197","7145768","7146073","43","4309331"
"KN297159v1","2860350","2860630","JH378116","24890259","24890547","46","22029909"
"KN297159v1","2893744","2894055","JH378264","2773729","2774039","47","120015"
"KN297159v1","2905361","2905654","JH378153","7392982","7393269","31","4487621"
"KN297159v1","2947660","2947963","JH378115","25570507","25570808","39","22622847"
"KN297159v1","2954573","2954861","JH378112","35855394","35855682","32","32900821"
"KN297159v1","2960560","2960872","JH378105","48710833","48711143","33","45750273"
"KN297159v1","2993728","2994017","JH378136","6227508","6227797","32","3233780"
"KN297159v1","3093180","3093481","JH378111","32787449","32787755","42","29694269"
"KN297159v1","3126555","3126864","JH378123","491683","491985","37","2634872"
"KN297159v1","3158609","3158899","JH378113","5430335","5430626","32","2271726"
"KN297159v1","3211070","3211377","JH378130","1202684","1202989","42","2008386"
"KN297159v1","3217458","3217781","JH378203","7612970","7613287","41","4395512"
"KN297159v1","3243368","3243675","JH378253","315934","316240","32","2927434"
"KN297159v1","3261068","3261363","JH378113","14455819","14456118","33","11194751"
"KN297159v1","3268660","3268972","JH378119","26375601","26375910","35","23106941"
"KN297159v1","3331705","3332010","JH378148","17092663","17092974","37","13760958"
"KN297159v1","3434055","3434355","JH378115","28712376","28712673","27","25278321"
"KN297159v1","3440443","3440738","JH378197","7145768","7146073","39","3705325"
"KN297159v1","3443658","3443969","JH378126","21026752","21027059","36","17583094"
"KN297159v1","3471584","3471854","JH378177","4823437","4823714","53","1351853"
"KN297159v1","3472679","3472978","JH378170","4783494","4783792","34","1310815"
"KN297160v1","6293","6590","JH378125","19027324","19027621","35","19021031"
"KN297160v1","11135","11409","JH378105","36884891","36885163","34","36873756"
"KN297160v1","30300","30598","JH378170","4783494","4783792","38","4753194"
"KN297163v1","15879","16173","JH378198","6294233","6294526","35","6278354"
"KN297163v1","61497","61770","JH378262","2237976","2238245","44","2176479"
"KN297163v1","247857","248154","JH378118","19999074","19999371","44","19751217"
"KN297163v1","248852","249150","JH378151","4318339","4318636","37","4069487"
"KN297163v1","306752","307025","JH378279","102782","103056","38","203970"
"KN297163v1","310355","310636","JH378137","17271511","17271797","36","16961156"
"KN297163v1","580703","581012","JH378105","8726995","8727297","42","8146292"
"KN297163v1","647076","647382","JH378108","30731255","30731558","50","30084179"
"KN297163v1","772917","773223","JH378148","7104590","7104896","38","6331673"
"KN297163v1","796126","796318","JH378107","40946487","40946662","39","40150361"
"KN297163v1","1091256","1091542","JH378125","4690296","4690580","35","3599040"
"KN297163v1","1161168","1161262","JH378105","72155766","72155861","9","70994598"
"KN297163v1","1187022","1187308","JH378271","3183320","3183605","46","1996298"
"KN297163v1","1334234","1334523","JH378105","21630016","21630306","35","20295782"
"KN297163v1","1426687","1426986","JH378115","32068852","32069153","33","30642165"
"KN297163v1","1450807","1451119","JH378126","21026752","21027059","47","19575945"
"KN297163v1","1639058","1639335","JH378106","68183009","68183283","38","66543951"
"KN297163v1","1672867","1673165","JH378139","10082446","10082743","45","8409579"
"KN297163v1","1680862","1681142","JH378113","28252367","28252645","33","26571505"
"KN297163v1","1706994","1707291","JH378172","10345044","10345336","41","8638050"
"KN297163v1","1851215","1851548","JH378118","17703617","17703951","42","15852402"
"KN297164v1","127913","128186","JH378108","34327273","34327542","58","34199360"
"KN297164v1","141380","141677","JH378116","32209502","32209801","33","32068122"
"KN297164v1","149529","149833","JH378105","70726891","70727185","44","70577362"
"KN297164v1","151726","152030","JH378105","70726891","70727185","44","70575165"
"KN297165v1","58265","58579","JH378118","24374217","24374525","55","24315952"
"KN297165v1","97773","98083","JH378186","3771716","3772027","35","3673943"
"KN297165v1","142254","142562","JH378130","1202684","1202989","35","1060430"
"KN297165v1","294787","295084","JH378107","556207","556505","34","261420"
"KN297165v1","304756","304856","JH378120","16981583","16981682","11","16676827"
"KN297165v1","530158","530457","JH378161","13086769","13087063","39","12556611"
"KN297165v1","632996","633315","JH378134","15167566","15167861","55","14534570"
"KN297165v1","658660","658955","JH378135","3624002","3624295","30","2965342"
"KN297165v1","677040","677329","JH378139","16259084","16259375","29","15582044"
"KN297165v1","686884","687094","JH378216","335439","335645","30","351445"
"KN297165v1","697607","697904","JH378173","5370117","5370412","37","4672510"
"KN297165v1","753128","753418","JH378122","7899624","7899919","42","7146496"
"KN297165v1","754407","754712","JH378124","27133934","27134245","40","26379527"
"KN297165v1","801581","801760","JH378291","2707961","2708134","26","1906380"
"KN297165v1","853344","853649","JH378171","2797330","2797637","48","1943986"
"KN297165v1","856227","856528","JH378114","37036737","37037036","43","36180510"
"KN297165v1","866681","866966","JH378194","2390312","2390602","34","1523631"
"KN297165v1","869653","869940","JH378235","4514528","4514824","39","3644875"
"KN297165v1","886928","887239","JH378115","34859185","34859494","32","33972257"
"KN297165v1","891400","891698","JH378114","21417554","21417850","38","20526154"
"KN297165v1","895216","895517","JH378114","7122925","7123229","39","6227709"
"KN297165v1","905352","905645","JH378193","307323","307613","34","598029"
"KN297165v1","1011885","1012196","JH378126","21026752","21027059","32","20014867"
"KN297165v1","1241414","1241631","JH378137","3488200","3488414","32","2246786"
"KN297165v1","1351732","1352038","JH378204","6493604","6493911","34","5141872"
"KN297165v1","1363008","1363316","JH378114","12126932","12127241","35","10763924"
"KN297165v1","1535717","1536002","JH378182","9360980","9361267","31","7825263"
"KN297165v1","1557921","1558223","JH378151","7439461","7439762","34","5881540"
"KN297165v1","1571183","1571486","JH378111","20863613","20863918","47","19292430"
"KN297165v1","1717348","1717657","JH378134","15348672","15348977","37","13631324"
"KN297165v1","1719317","1719604","JH378151","8652626","8652916","43","6933309"
"KN297165v1","1761692","1761996","JH378110","28637180","28637481","37","26875488"
"KN297165v1","1916535","1916839","JH378115","26640201","26640508","35","24723666"
"KN297165v1","2072461","2072602","JH378190","8306381","8306522","25","6233920"
"KN297165v1","2072907","2073076","JH378105","13261414","13261582","24","11188507"
"KN297165v1","2185403","2185719","JH378126","21026752","21027059","32","18841349"
"KN297165v1","2301498","2301792","JH378113","10551780","10552073","34","8250282"
"KN297165v1","2410633","2410862","JH378167","9205507","9205736","36","6794874"
"KN297165v1","2419635","2419914","JH378216","2540983","2541264","38","121348"
"KN297165v1","2421923","2422218","JH378124","17923330","17923624","32","15501407"
"KN297165v1","2453739","2453821","JH378109","16431928","16432010","7","13978189"
"KN297165v1","2473849","2474150","JH378110","32305325","32305628","37","29831476"
"KN297165v1","2507900","2508069","JH378232","420548","420740","37","2087352"
"KN297165v1","2508512","2508788","JH378142","1564149","1564427","43","944363"
"KN297165v1","2536041","2536352","JH378106","685377","685686","40","1850664"
"KN297165v1","2587158","2587451","JH378113","10551780","10552073","30","7964622"
"KN297165v1","2599793","2600084","JH378151","8381511","8381803","32","5781718"
"KN297165v1","2630459","2630756","JH378115","25041145","25041450","41","22410686"
"KN297165v1","2632449","2632745","JH378232","5154051","5154333","50","2521602"
"KN297165v1","2634644","2634888","JH378120","6338001","6338243","41","3703357"
"KN297165v1","2652942","2653233","JH378109","8763411","8763680","51","6110469"
"KN297165v1","2653234","2653371","JH378193","345676","345813","15","2307558"
"KN297165v1","2655367","2655657","JH378282","2180643","2180942","42","474724"
"KN297165v1","2704735","2704912","JH378108","10787243","10787415","33","8082508"
"KN297165v1","2783940","2784227","JH378106","3052818","3053105","36","268878"
"KN297165v1","2800205","2800510","JH378262","2500977","2501279","38","299228"
"KN297165v1","2903900","2904206","JH378126","21026752","21027059","38","18122852"
"KN297165v1","2920650","2920948","JH378125","19027324","19027621","42","16106674"
"KN297165v1","2932732","2933040","JH378144","5396113","5396410","44","2463381"
"KN297165v1","2941760","2942062","JH378124","15582898","15583197","46","12641138"
"KN297165v1","2963962","2964062","JH378181","3009378","3009476","10","45416"
"KN297165v1","3030481","3030770","JH378291","2116333","2116626","40","914148"
"KN297165v1","3034439","3034554","JH378108","45625256","45625371","16","42590817"
"KN297165v1","3075780","3076081","JH378152","12468126","12468428","34","9392346"
"KN297165v1","3197934","3198228","JH378133","22138850","22139145","29","18940916"
"KN297165v1","3254239","3254520","JH378105","35665534","35665817","39","32411295"
"KN297165v1","3303534","3303838","JH378125","19027324","19027621","59","15723790"
"KN297165v1","3362722","3363027","JH378116","11181268","11181574","34","7818546"
"KN297165v1","3415074","3415381","JH378116","29621010","29621313","38","26205936"
"KN297165v1","3426179","3426490","JH378167","5351158","5351469","35","1924979"
"KN297165v1","3444016","3444320","JH378152","15994237","15994545","44","12550221"
"KN297165v1","3455218","3455498","JH378169","3247221","3247500","30","207997"
"KN297165v1","3455626","3455920","JH378123","23351375","23351663","38","19895749"
"KN297165v1","3474665","3474932","JH378105","58407239","58407510","45","54932574"
"KN297165v1","3726722","3726985","JH378110","11919596","11919855","35","8192874"
"KN297165v1","3901677","3901979","JH378193","1666179","1666475","36","2235498"
"KN297165v1","3936003","3936296","JH378207","3230665","3230964","45","705338"
"KN297165v1","3979835","3980145","JH378119","7191913","7192221","33","3212078"
"KN297165v1","4028435","4028690","JH378112","13388728","13388985","34","9360293"
"KN297165v1","4029603","4029893","JH378108","23280248","23280545","36","19250645"
"KN297165v1","4031207","4031474","JH378105","54425072","54425341","35","50393865"
"KN297165v1","4036181","4036465","JH378135","15656278","15656561","42","11620097"
"KN297165v1","4054094","4054378","JH378262","2237976","2238245","53","1816118"
"KN297165v1","4113507","4113813","JH378117","12087505","12087811","37","7973998"
"KN297165v1","4118261","4118422","JH378198","5374304","5374463","21","1256043"
"KN297166v1","1","190","JH378225","6584859","6585056","34","6584858"
"KN297167v1","20795","20973","JH378169","12757065","12757244","25","12736270"
"KN297167v1","54592","54871","JH378194","8227109","8227391","37","8172517"
"KN297167v1","117378","117668","JH378151","8381511","8381803","35","8264133"
"KN297167v1","163710","163991","JH378115","21552389","21552662","40","21388679"
"KN297168v1","94740","94949","JH378148","14084286","14084493","30","13989546"
"KN297168v1","150477","150754","JH378149","11180138","11180421","44","11029661"
"KN297168v1","150755","150865","JH378118","28948328","28948441","14","28797573"
"KN297168v1","184269","184556","JH378144","6527039","6527321","52","6342770"
"KN297168v1","285541","285841","JH378288","1088673","1088973","36","803132"
"KN297168v1","330657","330773","JH378140","6071030","6071146","9","5740373"
"KN297168v1","330808","330990","JH378195","7734486","7734670","29","7403678"
"KN297168v1","578350","578664","JH378197","8301771","8302079","46","7723421"
"KN297168v1","596368","596577","JH378139","18457940","18458149","25","17861572"
"KN297168v1","675964","676199","JH378107","21377438","21377673","30","20701474"
"KN297168v1","712219","712525","JH378115","33028219","33028519","30","32316000"
"KN297168v1","977532","977828","JH378116","693217","693517","40","284315"
"KN297168v1","985749","986060","JH378112","20327070","20327378","38","19341321"
"KN297168v1","1087866","1088175","JH378235","3053133","3053438","34","1965267"
"KN297168v1","1107423","1107698","JH378129","11457553","11457829","36","10350130"
"KN297168v1","1148191","1148496","JH378197","7145768","7146073","39","5997577"
"KN297168v1","1160903","1161202","JH378173","182761","183057","40","978142"
"KN297168v1","1188183","1188480","JH378124","10897522","10897826","51","9709339"
"KN297171v1","73890","74105","JH378146","7289756","7289975","32","7215866"
"KN297171v1","432546","432821","JH378197","1421270","1421558","55","988724"
"KN297171v1","504350","504659","JH378112","30444821","30445125","35","29940471"
"KN297171v1","537930","538226","JH378170","11264919","11265213","36","10726989"
"KN297171v1","568239","568468","JH378201","1688923","1689153","28","1120684"
"KN297171v1","692427","692729","JH378197","4282816","4283124","44","3590389"
"KN297171v1","802597","802899","JH378131","18080937","18081235","41","17278340"
"KN297171v1","965047","965358","JH378119","7191913","7192221","51","6226866"
"KN297171v1","1130830","1131025","JH378156","532020","532228","35","598810"
"KN297171v1","1426414","1426726","JH378127","4932962","4933272","43","3506548"
"KN297171v1","1447492","1447771","JH378177","6664715","6664994","29","5217223"
"KN297171v1","1547391","1547699","JH378112","20327070","20327378","35","18779679"
"KN297171v1","1570086","1570374","JH378153","7392982","7393269","32","5822896"
"KN297171v1","1619382","1619684","JH378108","30731255","30731558","38","29111873"
"KN297171v1","1647757","1647908","JH378105","64756068","64756219","18","63108311"
"KN297171v1","1657110","1657401","JH378106","6881485","6881774","28","5224375"
"KN297171v1","1761265","1761575","JH378126","21026752","21027059","36","19265487"
"KN297171v1","1797134","1797444","JH378158","9080617","9080907","47","7283483"
"KN297171v1","1817143","1817438","JH378139","18955642","18955939","36","17138499"
"KN297171v1","1895166","1895450","JH378112","21520492","21520774","36","19625326"
"KN297171v1","2180076","2180372","JH378293","2045148","2045440","29","134928"
"KN297171v1","2206651","2206952","JH378115","26640201","26640508","38","24433550"
"KN297171v1","2217220","2217303","JH378211","816982","817065","17","1400238"
"KN297171v1","2265710","2266005","JH378105","51889615","51889908","32","49623905"
"KN297171v1","2298794","2299091","JH378165","6186750","6187049","39","3887956"
"KN297171v1","2337416","2337705","JH378157","9676550","9676840","29","7339134"
"KN297171v1","2367912","2368202","JH378139","16259084","16259375","34","13891172"
"KN297171v1","2416067","2416378","JH378127","4932962","4933272","40","2516895"
"KN297171v1","2419536","2419815","JH378106","11352438","11352719","38","8932902"
"KN297171v1","2561757","2562067","JH378115","34859185","34859494","39","32297428"
"KN297171v1","2592265","2592570","JH378197","7145768","7146073","33","4553503"
"KN297171v1","2603593","2603904","JH378141","16136077","16136388","35","13532484"
"KN297171v1","2651398","2651740","JH378105","56032787","56033120","74","53381389"
"KN297171v1","2653634","2653940","JH378206","4086994","4087300","31","1433360"
"KN297171v1","2678081","2678387","JH378333","587605","587900","53","2090476"
"KN297171v1","2884787","2885053","JH378173","6043976","6044232","39","3159189"
"KN297171v1","2970297","2970554","JH378151","8486123","8486386","35","5515826"
"KN297171v1","3012640","3012940","JH378124","6083468","6083772","32","3070828"
"KN297171v1","3109551","3109856","JH378110","19934311","19934616","46","16824760"
"KN297171v1","3306163","3306448","JH378149","11180138","11180421","29","7873975"
"KN297171v1","3311397","3311699","JH378197","7145768","7146073","32","3834371"
"KN297171v1","3375377","3375673","JH378151","8381511","8381803","43","5006134"
"KN297171v1","3510575","3510875","JH378188","8867114","8867419","43","5356539"
"KN297171v1","3538373","3538677","JH378110","17880643","17880926","48","14342270"
"KN297171v1","3626574","3626902","JH378149","15697892","15698229","47","12071318"
"KN297171v1","3634071","3634348","JH378246","562506","562779","32","3071565"
"KN297171v1","3869891","3870071","JH378170","354169","354344","28","3515722"
"KN297171v1","3870105","3870348","JH378139","2032411","2032656","31","1837694"
"KN297171v1","3870349","3870368","JH378111","33423149","33423167","8","29552800"
"KN297172v1","81215","81506","JH378116","11760433","11760714","53","11679218"
"KN297172v1","81836","82140","JH378228","5509057","5509356","34","5427221"
"KN297172v1","121386","121669","JH378106","65032141","65032424","45","64910755"
"KN297172v1","213177","213469","JH378121","29566176","29566469","35","29352999"
"KN297172v1","334033","334341","JH378139","17878350","17878657","35","17544317"
"KN297175v1","12788","13088","JH378116","28869529","28869826","32","28856741"
"KN297175v1","15340","15651","JH378206","4086994","4087300","40","4071654"
"KN297176v1","107320","107492","JH378110","28755429","28755599","22","28648109"
"KN297176v1","107493","107802","JH378126","21026752","21027059","37","20919259"
"KN297176v1","107803","107938","JH378218","3752894","3753026","12","3645091"
"KN297176v1","113387","113677","JH378241","5492398","5492696","36","5379011"
"KN297176v1","125895","126192","JH378180","5784781","5785080","36","5658886"
"KN297176v1","133420","133726","JH378107","7086674","7086981","38","6953254"
"KN297176v1","161471","161772","JH378107","7568037","7568336","33","7406566"
"KN297176v1","166221","166522","JH378122","14416899","14417197","44","14250678"
"KN297176v1","172968","173264","JH378133","7813771","7814068","31","7640803"
"KN297176v1","180602","180894","JH378115","28712376","28712673","29","28531774"
"KN297176v1","183584","183881","JH378163","2667861","2668158","34","2484277"
"KN297176v1","187313","187617","JH378124","15582898","15583197","37","15395585"
"KN297176v1","191581","191877","JH378115","25041145","25041450","42","24849564"
"KN297176v1","201371","201688","JH378150","10126172","10126487","45","9924801"
"KN297176v1","212307","212615","JH378197","7145768","7146073","42","6933461"
"KN297176v1","231340","231418","JH378135","1264115","1264194","11","1032775"
"KN297176v1","233036","233330","JH378167","8547558","8547847","37","8314522"
"KN297176v1","274302","274570","JH378110","39915944","39916209","44","39641642"
"KN297176v1","308086","308389","JH378114","30126711","30127013","37","29818625"
"KN297177v1","141846","142141","JH378131","19339353","19339649","35","19197507"
"KN297177v1","210012","210294","JH378198","1478385","1478676","47","1268373"
"KN297177v1","427311","427600","JH378141","15243082","15243370","42","14815771"
"KN297180v1","12914","13207","JH378159","2054904","2055199","45","2041990"
"KN297180v1","121378","121675","JH378124","15582898","15583197","32","15461520"
"KN297180v1","165169","165473","JH378197","7145768","7146073","36","6980599"
"KN297180v1","366766","367076","JH378138","5380451","5380753","35","5013685"
"KN297180v1","447924","448226","JH378114","36239045","36239343","48","35791121"
"KN297180v1","521080","521386","JH378135","17495792","17496088","38","16974712"
"KN297180v1","541860","542175","JH378150","10441045","10441346","47","9899185"
"KN297180v1","574042","574330","JH378168","6730725","6731008","36","6156683"
"KN297180v1","583311","583617","JH378206","3981416","3981717","37","3398105"
"KN297180v1","643227","643540","JH378152","6156844","6157154","38","5513617"
"KN297180v1","692164","692473","JH378142","2441983","2442293","32","1749819"
"KN297180v1","705387","705681","JH378114","38868751","38869045","31","38163364"
"KN297180v1","746729","747037","JH378288","1088673","1088973","43","341944"
"KN297180v1","800238","800493","JH378127","24612564","24612827","43","23812326"
"KN297180v1","965131","965229","JH378149","12443063","12443156","13","11477932"
"KN297180v1","1221883","1222181","JH378116","11212241","11212540","35","9990358"
"KN297180v1","1416083","1416381","JH378159","5493568","5493869","39","4077485"
"KN297180v1","1455261","1455576","JH378136","7390162","7390474","31","5934901"
"KN297180v1","1568439","1568754","JH378120","16327645","16327955","41","14759206"
"KN297180v1","1684154","1684457","JH378117","8550730","8551031","36","6866576"
"KN297180v1","1839663","1839955","JH378108","8168852","8169143","37","6329189"
"KN297181v1","6787","7121","JH378116","10467844","10468156","56","10461057"
"KN297181v1","126209","126497","JH378107","30010443","30010733","32","29884234"
"KN297183v1","41682","41974","JH378127","18566293","18566586","38","18524611"
"KN297183v1","56394","56647","JH378125","7358700","7358942","37","7302306"
"KN297184v1","655164","655382","JH378155","14112978","14113197","31","13457814"
"KN297184v1","27550","27856","JH378316","245997","246306","34","218447"
"KN297184v1","37393","37698","JH378108","54706929","54707230","39","54669536"
"KN297184v1","62267","62430","JH378120","7087045","7087219","29","7024778"
"KN297184v1","191325","191634","JH378116","11181268","11181574","34","10989943"
"KN297184v1","194378","194483","JH378204","711294","711400","21","516916"
"KN297184v1","256031","256344","JH378320","58622","58932","36","197409"
"KN297184v1","378931","379233","JH378181","2251325","2251621","39","1872394"
"KN297184v1","382783","383037","JH378105","36902012","36902268","35","36519229"
"KN297184v1","386785","387091","JH378197","7145768","7146073","33","6758983"
"KN297184v1","391825","392131","JH378197","7145768","7146073","33","6753943"
"KN297184v1","449753","450061","JH378169","2863490","2863796","38","2413737"
"KN297184v1","518172","518454","JH378114","32390537","32390820","32","31872365"
"KN297184v1","636121","636425","JH378157","9676550","9676840","47","9040429"
"KN297184v1","656298","656592","JH378129","11439861","11440156","41","10783563"
"KN297184v1","664899","665210","JH378137","20110707","20111014","37","19445808"
"KN297184v1","668649","668953","JH378110","12146106","12146409","34","11477457"
"KN297184v1","679291","679586","JH378128","23715159","23715452","32","23035868"
"KN297184v1","685760","686071","JH378193","3718023","3718334","37","3032263"
"KN297184v1","711767","712071","JH378221","1422660","1422963","35","710893"
"KN297184v1","732047","732342","JH378149","1400224","1400513","34","668177"
"KN297184v1","750748","751039","JH378163","13372336","13372629","31","12621588"
"KN297184v1","779357","779655","JH378127","13007847","13008144","35","12228490"
"KN297184v1","812285","812587","JH378152","12269160","12269459","37","11456875"
"KN297184v1","848838","849148","JH378112","33214699","33215012","36","32365861"
"KN297184v1","953285","953565","JH378137","8662035","8662316","40","7708750"
"KN297184v1","978539","978839","JH378106","1255495","1255784","55","276956"
"KN297184v1","980508","980804","JH378293","2045148","2045440","44","1064640"
"KN297184v1","1003429","1003732","JH378255","1560098","1560402","29","556669"
"KN297184v1","1017355","1017660","JH378206","4086994","4087300","41","3069639"
"KN297184v1","1054177","1054434","JH378136","13833996","13834244","34","12779819"
"KN297184v1","1130187","1130496","JH378165","5077694","5078005","37","3947507"
"KN297184v1","1193109","1193387","JH378112","32527876","32528158","38","31334767"
"KN297184v1","1210320","1210476","JH378107","974446","974600","24","235874"
"KN297184v1","1210782","1210915","JH378193","345676","345813","15","865106"
"KN297184v1","1277743","1278050","JH378119","17145949","17146255","36","15868206"
"KN297184v1","1295787","1295949","JH378111","1058895","1059055","21","236892"
"KN297184v1","1333460","1333748","JH378124","12880056","12880352","47","11546596"
"KN297184v1","1349788","1350094","JH378106","6434398","6434702","35","5084610"
"KN297184v1","1372254","1372369","JH378117","34874331","34874444","16","33502077"
"KN297184v1","1414429","1414723","JH378122","10686670","10686967","41","9272241"
"KN297184v1","1458088","1458375","JH378167","8547558","8547847","31","7089470"
"KN297184v1","1480352","1480653","JH378327","639118","639418","40","841234"
"KN297184v1","1486064","1486369","JH378119","21520974","21521287","40","20034910"
"KN297184v1","1509153","1509458","JH378107","7568037","7568336","34","6058884"
"KN297184v1","1510077","1510389","JH378112","21015725","21016036","44","19505648"
"KN297184v1","1516196","1516502","JH378140","7338564","7338875","37","5822368"
"KN297184v1","1530931","1531233","JH378126","21026752","21027059","41","19495821"
"KN297184v1","1551561","1551855","JH378107","49473760","49474052","34","47922199"
"KN297184v1","1552894","1553195","JH378108","30731255","30731558","31","29178361"
"KN297184v1","1588674","1588965","JH378125","4727308","4727603","34","3138634"
"KN297184v1","1590500","1590805","JH378109","39043628","39043932","34","37453128"
"KN297184v1","1690941","1691237","JH378145","2733878","2734174","29","1042937"
"KN297184v1","1741313","1741595","JH378156","8329530","8329803","40","6588217"
"KN297186v1","15849","16147","JH378290","2518165","2518459","36","2502316"
"KN297186v1","75050","75341","JH378153","12029258","12029552","30","11954208"
"KN297186v1","85065","85359","JH378220","2784017","2784313","36","2698952"
"KN297186v1","200564","200804","JH378122","4346118","4346352","35","4145554"
"KN297186v1","385522","385823","JH378167","7707484","7707781","41","7321962"
"KN297186v1","577873","578165","JH378176","9716970","9717264","31","9139097"
"KN297186v1","619055","619364","JH378115","28712376","28712673","45","28093321"
"KN297186v1","692556","692855","JH378153","13313825","13314130","39","12621269"
"KN297186v1","971077","971408","JH378129","14016873","14017201","57","13045796"
"KN297186v1","974187","974482","JH378117","24258354","24258650","35","23284167"
"KN297186v1","1070362","1070672","AGCE01151127","791","1105","41","1069571"
"KN297186v1","1087501","1087760","JH378228","3793035","3793299","53","2705534"
"KN297186v1","1151518","1151814","JH378125","19027324","19027621","40","17875806"
"KN297186v1","1191579","1191890","JH378110","19934311","19934616","46","18742732"
"KN297186v1","1288325","1288623","JH378151","4318339","4318636","42","3030014"
"KN297186v1","1331129","1331431","JH378110","12146106","12146409","36","10814977"
"KN297186v1","1370116","1370476","JH378245","3904253","3904620","85","2534137"
"KN297186v1","1390438","1390748","JH378176","8157064","8157374","39","6766626"
"KN297186v1","1405773","1406067","JH378157","9676550","9676840","44","8270777"
"KN297187v1","14095","14395","JH378105","36929634","36929934","55","36915539"
"KN297187v1","56764","56959","JH378131","18587178","18587371","37","18530414"
"KN297190v1","6684591","6684900","JH378150","3147294","3147605","36","3537297"
"KN297190v1","76124","76416","JH378151","8381511","8381803","30","8305387"
"KN297190v1","82907","83204","JH378220","2784017","2784313","37","2701110"
"KN297190v1","159454","159747","JH378327","121222","121511","42","38232"
"KN297190v1","176997","177285","JH378160","8945528","8945814","40","8768531"
"KN297190v1","182155","182449","JH378167","7707484","7707781","43","7525329"
"KN297190v1","204573","204853","JH378127","4904766","4905047","44","4700193"
"KN297190v1","207837","207940","JH378135","15032062","15032160","15","14824225"
"KN297190v1","218220","218514","JH378176","9716970","9717264","36","9498750"
"KN297190v1","220179","220472","JH378129","2668359","2668650","38","2448180"
"KN297190v1","236248","236550","JH378140","7338564","7338875","41","7102316"
"KN297190v1","324976","325247","JH378166","10535673","10535945","38","10210697"
"KN297190v1","379952","380273","JH378187","2906095","2906405","48","2526143"
"KN297190v1","544454","544751","JH378159","2054904","2055199","27","1510450"
"KN297190v1","553871","554018","JH378163","8342448","8342593","20","7788577"
"KN297190v1","643112","643393","JH378136","13969159","13969446","54","13326047"
"KN297190v1","656307","656605","JH378108","23280248","23280545","33","22623941"
"KN297190v1","679691","679974","JH378137","17271511","17271797","43","16591820"
"KN297190v1","739971","740281","JH378126","21026752","21027059","40","20286781"
"KN297190v1","744610","744893","JH378135","3705308","3705591","34","2960698"
"KN297190v1","782632","782947","JH378140","7338564","7338875","38","6555932"
"KN297190v1","797222","797367","JH378203","4127901","4128035","31","3330679"
"KN297190v1","814846","815141","JH378173","4155896","4156193","25","3341050"
"KN297190v1","841921","842227","JH378113","17279344","17279644","39","16437423"
"KN297190v1","852980","853282","JH378123","179410","179711","36","673570"
"KN297190v1","862435","862736","JH378137","15383841","15384139","33","14521406"
"KN297190v1","904351","904608","JH378112","22858505","22858756","45","21954154"
"KN297190v1","933819","933906","JH378149","14776988","14777072","10","13843169"
"KN297190v1","951916","952218","JH378122","14416899","14417197","33","13464983"
"KN297190v1","1052444","1052736","JH378220","2537784","2538076","36","1485340"
"KN297190v1","1116685","1116985","JH378106","7887051","7887354","42","6770366"
"KN297190v1","1122529","1122832","JH378119","23363142","23363441","34","22240613"
"KN297190v1","1202894","1203203","JH378113","6613006","6613316","34","5410112"
"KN297190v1","1203317","1203615","JH378176","9743171","9743468","38","8539854"
"KN297190v1","1204553","1204810","JH378123","11724155","11724421","50","10519602"
"KN297190v1","1217321","1217606","JH378139","16259084","16259375","29","15041763"
"KN297190v1","1634568","1634872","JH378126","21026752","21027059","33","19392184"
"KN297190v1","1659144","1659456","JH378193","9256338","9256648","47","7597194"
"KN297190v1","1776886","1777194","JH378115","26561420","26561711","44","24784534"
"KN297190v1","1803336","1803417","JH378130","3360710","3360792","11","1557374"
"KN297190v1","1839444","1839746","JH378111","20603266","20603567","33","18763822"
"KN297190v1","1895799","1896099","JH378106","32310803","32311102","37","30415004"
"KN297190v1","1933111","1933395","JH378245","2867748","2868031","44","934637"
"KN297190v1","1972944","1973242","JH378141","16295875","16296172","37","14322931"
"KN297190v1","2077111","2077367","JH378295","339999","340246","46","1737112"
"KN297190v1","2517476","2517758","JH378161","2163961","2164248","38","353515"
"KN297190v1","2615158","2615468","JH378111","42266998","42267309","36","39651840"
"KN297190v1","2763550","2763826","JH378125","9643305","9643568","46","6879755"
"KN297190v1","2841583","2841869","JH378161","630277","630572","46","2211306"
"KN297190v1","2846575","2846838","JH378139","10412496","10412760","32","7565921"
"KN297190v1","2893781","2894076","JH378129","10258595","10258896","33","7364814"
"KN297190v1","2914841","2915093","JH378198","2275933","2276182","46","638908"
"KN297190v1","2915609","2915739","JH378115","7599604","7599735","18","4683995"
"KN297190v1","2915768","2915883","JH378239","3905005","3905122","18","989237"
"KN297190v1","2923420","2923589","JH378120","6215227","6215392","25","3291807"
"KN297190v1","2929429","2929556","JH378135","5364923","5365046","14","2435494"
"KN297190v1","2933151","2933445","JH378156","9166475","9166782","49","6233324"
"KN297190v1","2956063","2956354","JH378115","15321606","15321900","46","12365543"
"KN297190v1","2960470","2960776","JH378269","533779","534081","39","2426691"
"KN297190v1","2965078","2965350","JH378129","11457553","11457829","33","8492475"
"KN297190v1","2975195","2975499","JH378140","6602564","6602868","32","3627369"
"KN297190v1","3022016","3022312","JH378220","2784017","2784313","27","237999"
"KN297190v1","3024331","3024633","JH378105","55697359","55697652","39","52673028"
"KN297190v1","3060882","3061191","JH378115","26640201","26640508","36","23579319"
"KN297190v1","3174082","3174390","JH378157","1008995","1009298","30","2165087"
"KN297190v1","3217469","3217774","JH378115","28712376","28712673","40","25494907"
"KN297190v1","3265317","3265618","JH378137","4003210","4003509","36","737893"
"KN297190v1","3306759","3307050","JH378133","22138850","22139145","31","18832091"
"KN297190v1","3338019","3338297","JH378157","7681863","7682144","37","4343844"
"KN297190v1","3363407","3363686","JH378279","102782","103056","33","3260625"
"KN297190v1","3364940","3365239","JH378255","1560098","1560402","31","1804842"
"KN297190v1","3394825","3395107","JH378184","7600005","7600284","48","4205180"
"KN297190v1","3429213","3429505","JH378136","7727266","7727563","36","4298053"
"KN297190v1","3516200","3516501","JH378124","15582898","15583197","38","12066698"
"KN297190v1","3596248","3596557","JH378120","16327645","16327955","42","12731397"
"KN297190v1","3610387","3610693","JH378127","13030965","13031271","42","9420578"
"KN297190v1","3636433","3636730","JH378213","9515","9804","32","3626918"
"KN297190v1","3640159","3640455","JH378250","173310","173605","41","3466849"
"KN297190v1","3651592","3651899","JH378170","4783494","4783792","37","1131902"
"KN297190v1","3677173","3677436","JH378137","2303636","2303894","31","1373537"
"KN297190v1","3696824","3697130","JH378153","2633512","2633810","44","1063312"
"KN297190v1","3740747","3741046","JH378137","17093543","17093840","40","13352796"
"KN297190v1","3782912","3783043","JH378108","45169940","45170071","17","41387028"
"KN297190v1","3794857","3795163","JH378116","34018246","34018553","38","30223389"
"KN297190v1","3795252","3795385","JH378117","25768318","25768448","13","21973066"
"KN297190v1","3807277","3807570","JH378204","5607975","5608271","38","1800698"
"KN297190v1","3820636","3820928","JH378139","16259084","16259375","36","12438448"
"KN297190v1","3928663","3928973","JH378139","17878350","17878657","40","13949687"
"KN297190v1","3936086","3936405","JH378245","2888977","2889288","44","1047109"
"KN297190v1","4005993","4006296","JH378138","5380451","5380753","30","1374458"
"KN297190v1","4011175","4011487","JH378320","58622","58932","38","3952553"
"KN297190v1","4044729","4045029","JH378189","125374","125677","34","3919355"
"KN297190v1","4056709","4057010","JH378157","9676550","9676840","36","5619841"
"KN297190v1","4060319","4060630","JH378108","43842538","43842851","41","39782219"
"KN297190v1","4107206","4107514","JH378124","15582898","15583197","37","11475692"
"KN297190v1","4129995","4130140","JH378115","39822059","39822205","13","35692064"
"KN297190v1","4170556","4170855","JH378127","11675887","11676180","33","7505331"
"KN297190v1","4212483","4212761","JH378177","2554492","2554776","40","1657991"
"KN297190v1","4227661","4227960","JH378126","21026752","21027059","36","16799091"
"KN297190v1","4289918","4290215","JH378121","29566176","29566469","38","25276258"
"KN297190v1","4303506","4303822","JH378115","25041145","25041450","44","20737639"
"KN297190v1","4334141","4334441","JH378228","5654447","5654749","39","1320306"
"KN297190v1","4348119","4348414","JH378220","2784017","2784313","37","1564102"
"KN297190v1","4397540","4397778","JH378149","2385783","2386019","36","2011757"
"KN297190v1","4399348","4399656","JH378126","21026752","21027059","34","16627404"
"KN297190v1","4400596","4400891","JH378216","6814492","6814786","43","2413896"
"KN297190v1","4404480","4404775","JH378265","2263256","2263553","37","2141224"
"KN297190v1","4450766","4451034","JH378139","10412496","10412760","29","5961730"
"KN297190v1","4452424","4452691","JH378146","12682442","12682712","36","8230018"
"KN297190v1","4514087","4514381","JH378108","21716116","21716414","35","17202029"
"KN297190v1","4547141","4547440","JH378288","1088673","1088973","40","3458468"
"KN297190v1","4554842","4555150","JH378158","3522926","3523235","37","1031916"
"KN297190v1","4555154","4555452","JH378223","258417","258711","39","4296737"
"KN297190v1","4561050","4561335","JH378106","63648485","63648770","29","59087435"
"KN297190v1","4564279","4564485","JH378130","24379091","24379303","40","19814812"
"KN297190v1","4591270","4591566","JH378204","2935067","2935361","25","1656203"
"KN297190v1","4601407","4601698","JH378194","2390312","2390602","31","2211095"
"KN297190v1","4614434","4614741","JH378149","11057149","11057455","38","6442715"
"KN297190v1","4618541","4618826","JH378197","1421270","1421558","42","3197271"
"KN297190v1","4627791","4628088","JH378228","5509057","5509356","29","881266"
"KN297190v1","4631860","4632161","JH378108","45605276","45605576","37","40973416"
"KN297190v1","4689784","4690057","JH378255","943829","944096","45","3745955"
"KN297190v1","4690624","4690935","JH378126","21026752","21027059","45","16336128"
"KN297190v1","4811019","4811321","JH378124","4920301","4920597","34","109282"
"KN297190v1","4848449","4848734","JH378197","1421270","1421558","37","3427179"
"KN297190v1","4864754","4864900","JH378118","14515462","14515607","18","9650708"
"KN297190v1","4937090","4937390","JH378142","4298733","4299032","35","638357"
"KN297190v1","4976980","4977295","JH378139","1159515","1159824","39","3817465"
"KN297190v1","5118464","5118752","JH378216","5614489","5614775","26","496025"
"KN297190v1","5264563","5264857","JH378184","217403","217697","39","5047160"
"KN297190v1","5367019","5367311","JH378106","1432798","1433085","44","3934221"
"KN297190v1","5721900","5722191","JH378115","28712376","28712673","41","22990476"
"KN297190v1","5839404","5839713","JH378320","58622","58932","38","5780782"
"KN297190v1","6008526","6008828","JH378105","68366960","68367261","32","62358434"
"KN297190v1","6058373","6058683","JH378110","12146106","12146409","42","6087733"
"KN297190v1","6063236","6063547","JH378137","4677249","4677553","35","1385987"
"KN297190v1","6165019","6165293","JH378197","5244832","5245109","35","920187"
"KN297190v1","6170617","6170839","JH378105","4481829","4482052","37","1688788"
"KN297190v1","6196440","6196743","JH378157","9676550","9676840","41","3480110"
"KN297190v1","6269379","6269662","JH378105","36618017","36618297","31","30348638"
"KN297190v1","6402864","6403010","JH378199","1868336","1868478","20","4534528"
"KN297190v1","6403323","6403502","JH378207","7045700","7045876","27","642377"
"KN297190v1","6458106","6458415","JH378198","4786639","4786946","38","1671467"
"KN297190v1","6639437","6639742","JH378153","2080003","2080307","33","4559434"
"KN297190v1","6711559","6711841","JH378105","16165935","16166218","38","9454376"
"KN297190v1","6760517","6760820","JH378115","23204052","23204351","45","16443535"
"KN297190v1","6767095","6767284","JH378105","26804191","26804379","31","20037096"
"KN297190v1","6786174","6786464","JH378142","12979191","12979481","34","6193017"
"KN297190v1","6819603","6819895","JH378167","6738146","6738439","51","81457"
"KN297190v1","6838117","6838430","JH378137","19401998","19402301","40","12563881"
"KN297190v1","6855319","6855626","JH378132","11568824","11569134","52","4713505"
"KN297190v1","6942715","6943015","JH378173","9262651","9262953","35","2319936"
"KN297190v1","7043681","7043992","JH378193","6834240","6834536","52","209441"
"KN297191v1","7951","8246","JH378163","8408867","8409162","46","8400916"
"KN297191v1","12478","12770","JH378144","5396113","5396410","46","5383635"
"KN297191v1","25758","26038","JH378198","810845","811137","50","785087"
"KN297191v1","39268","39520","JH378113","17557083","17557335","47","17517815"
"KN297191v1","42237","42326","JH378193","571436","571521","17","529199"
"KN297192v1","11340","11627","JH378118","14784020","14784304","35","14772680"
"KN297192v1","55432","55739","JH378211","2356763","2357069","34","2301331"
"KN297192v1","159072","159375","JH378138","5380451","5380753","34","5221379"
"KN297192v1","194181","194460","JH378107","27056287","27056566","31","26862106"
"KN297195v1","307575","307865","JH378114","7122925","7123229","35","6815350"
"KN297195v1","311890","312201","JH378126","21026752","21027059","29","20714862"
"KN297195v1","411526","411823","JH378163","13372336","13372629","39","12960810"
"KN297195v1","509922","510235","JH378112","14714268","14714575","39","14204346"
"KN297195v1","547339","547645","JH378246","19839","20145","35","527500"
"KN297197v1","4325328","4325628","JH378288","1088673","1088973","43","3236655"
"KN297197v1","202283","202565","JH378124","10835797","10836078","33","10633514"
"KN297197v1","230062","230358","JH378207","3230665","3230964","37","3000603"
"KN297197v1","332975","333271","JH378124","15582898","15583197","39","15249923"
"KN297197v1","364554","364850","JH378132","13999598","13999894","28","13635044"
"KN297197v1","441248","441530","JH378216","4301690","4301969","37","3860442"
"KN297197v1","451672","451976","JH378126","21026752","21027059","28","20575080"
"KN297197v1","601561","601787","JH378257","3140802","3141028","36","2539241"
"KN297197v1","685651","685946","JH378119","5809137","5809431","40","5123486"
"KN297197v1","697311","697528","JH378151","645312","645524","29","51999"
"KN297197v1","739203","739446","JH378213","5472564","5472804","38","4733361"
"KN297197v1","755544","755831","JH378204","7525660","7525946","43","6770116"
"KN297197v1","781500","781795","JH378117","33034514","33034807","33","32253014"
"KN297197v1","810391","810685","JH378288","1088673","1088973","37","278282"
"KN297197v1","848159","848470","JH378289","2125754","2126067","40","1277595"
"KN297197v1","886191","886485","JH378107","6641537","6641829","36","5755346"
"KN297197v1","895466","895746","JH378143","6961082","6961362","37","6065616"
"KN297197v1","908379","908685","JH378142","18955749","18956055","38","18047370"
"KN297197v1","931416","931726","JH378118","12034895","12035199","39","11103479"
"KN297197v1","978588","978888","JH378171","5566482","5566781","31","4587894"
"KN297197v1","984517","984827","JH378229","4120796","4121104","36","3136279"
"KN297197v1","994869","995141","JH378279","102782","103056","39","892087"
"KN297197v1","1000281","1000547","JH378137","3006652","3006925","49","2006371"
"KN297197v1","1006826","1007126","JH378155","15098133","15098431","33","14091307"
"KN297197v1","1014028","1014344","JH378113","25337710","25338022","43","24323682"
"KN297197v1","1022313","1022616","JH378151","17063304","17063610","47","16040991"
"KN297197v1","1027603","1027915","JH378151","13413694","13413997","43","12386091"
"KN297197v1","1059160","1059462","JH378140","6883086","6883394","44","5823926"
"KN297197v1","1143797","1144052","JH378109","49214157","49214416","41","48070360"
"KN297197v1","1248354","1248638","JH378204","6447851","6448140","37","5199497"
"KN297197v1","1252452","1252755","JH378235","4514528","4514824","36","3262076"
"KN297197v1","1268288","1268577","JH378191","6177328","6177618","33","4909040"
"KN297197v1","1277857","1278106","JH378193","7906466","7906718","34","6628609"
"KN297197v1","1376624","1376902","JH378118","9593290","9593568","34","8216666"
"KN297197v1","1603398","1603695","JH378155","15098133","15098431","32","13494735"
"KN297197v1","1612815","1613124","JH378139","19415987","19416286","39","17803172"
"KN297197v1","1644017","1644315","JH378116","28869529","28869826","38","27225512"
"KN297197v1","1813065","1813362","JH378129","7382238","7382535","34","5569173"
"KN297197v1","1813369","1813631","JH378151","8486123","8486386","39","6672754"
"KN297197v1","1818366","1818550","JH378107","23945344","23945526","22","22126978"
"KN297197v1","1883799","1884108","JH378225","6457829","6458137","36","4574030"
"KN297197v1","1969414","1969705","JH378105","33500896","33501193","36","31531482"
"KN297197v1","2115585","2115887","JH378288","1088673","1088973","41","1026912"
"KN297197v1","2450431","2450725","JH378198","6294233","6294526","35","3843802"
"KN297197v1","2499546","2499855","JH378112","33214699","33215012","39","30715153"
"KN297197v1","2519627","2519739","JH378116","24052629","24052743","14","21533002"
"KN297197v1","2695292","2695583","JH378198","5485490","5485780","40","2790198"
"KN297197v1","2710993","2711301","JH378149","15804533","15804840","41","13093540"
"KN297197v1","2733897","2734234","JH378129","6954418","6954749","38","4220521"
"KN297197v1","2760174","2760480","JH378161","13625172","13625470","58","10864998"
"KN297197v1","2772636","2772924","JH378157","9676550","9676840","37","6903914"
"KN297197v1","2776165","2776321","JH378112","17682473","17682630","15","14906308"
"KN297197v1","3013460","3013725","JH378132","13791519","13791788","35","10778059"
"KN297197v1","3130369","3130673","JH378228","5509057","5509356","36","2378688"
"KN297197v1","3250302","3250578","JH378196","6605720","6605996","37","3355418"
"KN297197v1","3312209","3312497","JH378137","17138846","17139141","40","13826637"
"KN297197v1","3332676","3332977","JH378150","16042272","16042579","38","12709596"
"KN297197v1","3366497","3366792","JH378107","556207","556505","32","2810290"
"KN297197v1","3430191","3430491","JH378152","11890185","11890492","33","8459994"
"KN297197v1","3473959","3474262","JH378197","7145768","7146073","33","3671809"
"KN297197v1","3534509","3534821","JH378106","70986080","70986388","39","67451571"
"KN297197v1","3535561","3535825","JH378255","1137818","1138081","52","2397743"
"KN297197v1","3537035","3537313","JH378273","1019658","1019942","41","2517377"
"KN297197v1","3537346","3537357","JH378189","7208291","7208302","5","3670945"
"KN297197v1","3558417","3558588","JH378107","52248251","52248418","23","48689834"
"KN297197v1","3559482","3559777","JH378124","27520454","27520748","33","23960972"
"KN297197v1","3569623","3569949","JH378178","6970008","6970319","56","3400385"
"KN297197v1","3585856","3586154","JH378170","4783494","4783792","29","1197638"
"KN297197v1","3658920","3659260","JH378213","3976910","3977242","38","317990"
"KN297197v1","3667154","3667465","JH378152","11654622","11654934","33","7987468"
"KN297197v1","3724738","3725035","JH378125","4727308","4727603","37","1002570"
"KN297197v1","3776138","3776428","JH378137","20807079","20807366","44","17030941"
"KN297197v1","3797399","3797704","JH378126","21026752","21027059","33","17229353"
"KN297197v1","3801425","3801701","JH378197","8318340","8318597","56","4516915"
"KN297197v1","3813840","3814051","JH378114","20277441","20277654","31","16463601"
"KN297197v1","3831932","3832200","JH378109","24383540","24383817","42","20551608"
"KN297197v1","3901303","3901596","JH378132","14190560","14190850","45","10289257"
"KN297197v1","3916572","3916854","JH378153","7392982","7393269","34","3476410"
"KN297197v1","3946762","3947058","JH378265","2263256","2263553","31","1683506"
"KN297197v1","3976409","3976484","JH378118","966943","967018","10","3009466"
"KN297197v1","3988307","3988618","JH378225","6457829","6458137","36","2469522"
"KN297197v1","4025053","4025338","JH378140","14073854","14074132","41","10048801"
"KN297197v1","4034896","4035189","JH378151","8381511","8381803","27","4346615"
"KN297197v1","4063240","4063532","JH378105","2418683","2418975","34","1644557"
"KN297197v1","4084584","4084885","JH378111","42112707","42113007","42","38028123"
"KN297197v1","4132920","4133213","JH378131","20072845","20073138","32","15939925"
"KN297197v1","4152930","4153262","JH378260","2282137","2282463","50","1870793"
"KN297197v1","4195301","4195609","JH378138","5380451","5380753","32","1185150"
"KN297197v1","4220556","4220861","JH378114","20007254","20007561","30","15786698"
"KN297197v1","4231194","4231488","JH378265","2263256","2263553","39","1967938"
"KN297197v1","4238617","4238900","JH378110","35445538","35445820","34","31206921"
"KN297197v1","4300878","4301036","JH378191","646109","646265","21","3654769"
"KN297197v1","4331190","4331485","JH378152","11319672","11319966","41","6988482"
"KN297197v1","4343263","4343559","JH378121","29566176","29566469","32","25222913"
"KN297197v1","4394185","4394496","JH378220","2784017","2784313","48","1610168"
"KN297197v1","4467457","4467741","JH378177","2554492","2554776","33","1912965"
"KN297197v1","4497230","4497538","JH378112","35288143","35288449","36","30790913"
"KN297197v1","4544259","4544556","JH378116","28869529","28869826","33","24325270"
"KN297197v1","4552500","4552805","JH378108","20624956","20625264","37","16072456"
"KN297197v1","4681068","4681380","JH378139","17878350","17878657","33","13197282"
"KN297197v1","4701835","4701910","JH378105","57528935","57529014","16","52827100"
"KN297197v1","4736214","4736516","JH378288","1088673","1088973","36","3647541"
"KN297197v1","4755209","4755509","JH378216","6814492","6814786","33","2059283"
"KN297198v1","40816","41115","JH378111","4323566","4323863","33","4282750"
"KN297198v1","190005","190295","JH378116","1173918","1174209","43","983913"
"KN297198v1","204320","204621","JH378127","22219085","22219383","41","22014765"
"KN297198v1","209945","210257","JH378115","25041145","25041450","36","24831200"
"KN297198v1","231386","231693","JH378161","8729120","8729431","55","8497734"
"KN297200v1","50485","50572","JH378138","16328181","16328268","16","16277696"
"KN297200v1","51412","51513","JH378225","2726208","2726309","16","2674796"
"KN297200v1","52205","52292","JH378123","18855156","18855238","15","18802951"
"KN297200v1","87825","88135","JH378115","25041145","25041450","36","24953320"
"KN297200v1","114637","114943","JH378134","16027314","16027618","33","15912677"
"KN297200v1","174964","175272","JH378281","1741473","1741774","38","1566509"
"KN297200v1","204018","204321","JH378136","12253445","12253741","41","12049427"
"KN297200v1","224752","225062","JH378126","21026752","21027059","45","20802000"
"KN297200v1","239960","240244","JH378144","18239514","18239805","38","17999554"
"KN297200v1","272894","273172","JH378232","5154051","5154333","51","4881157"
"KN297200v1","289295","289604","JH378119","6124403","6124708","37","5835108"
"KN297200v1","317174","317452","JH378238","696451","696731","36","379277"
"KN297200v1","337125","337428","JH378107","6565428","6565729","49","6228303"
"KN297200v1","342031","342335","JH378151","4318339","4318636","43","3976308"
"KN297200v1","346270","346539","JH378163","13349715","13349986","42","13003445"
"KN297200v1","370699","370994","JH378114","37036188","37036491","37","36665489"
"KN297200v1","380886","381206","JH378115","35287577","35287887","50","34906691"
"KN297200v1","435865","436164","JH378186","4398394","4398693","32","3962529"
"KN297200v1","445316","445612","JH378139","18955642","18955939","40","18510326"
"KN297200v1","453292","453594","JH378129","323877","324178","41","129415"
"KN297200v1","465906","466207","JH378228","5509057","5509356","39","5043151"
"KN297200v1","477370","477521","JH378140","5276785","5276944","26","4799415"
"KN297200v1","478198","478453","JH378106","63213409","63213668","50","62735211"
"KN297200v1","480041","480346","JH378107","45287730","45288026","48","44807689"
"KN297200v1","484316","484603","JH378198","3824021","3824307","36","3339705"
"KN297200v1","484608","484900","JH378122","14172918","14173207","43","13688310"
"KN297200v1","486618","486907","JH378105","21630016","21630306","30","21143398"
"KN297200v1","490372","490676","JH378139","17878350","17878657","35","17387978"
"KN297200v1","497051","497297","JH378142","19061325","19061571","37","18564274"
"KN297200v1","503463","503760","JH378106","19807491","19807787","42","19304028"
"KN297200v1","524585","524873","JH378185","7896753","7897037","37","7372168"
"KN297200v1","528493","528782","JH378106","3052818","3053105","33","2524325"
"KN297200v1","529461","529745","JH378148","2950270","2950555","35","2420809"
"KN297203v1","100587","100868","JH378113","32510265","32510549","36","32409678"
"KN297203v1","190075","190390","JH378112","33214699","33215012","48","33024624"
"KN297203v1","649896","650176","JH378184","6155091","6155371","44","5505195"
"KN297203v1","673872","674092","JH378198","4542372","4542592","29","3868500"
"KN297203v1","747296","747581","JH378179","7759487","7759774","35","7012191"
"KN297203v1","768644","768955","JH378255","2702101","2702410","42","1933457"
"KN297203v1","828557","828860","JH378172","12064674","12064982","50","11236117"
"KN297203v1","1129300","1129616","JH378122","29867810","29868101","62","28738510"
"KN297203v1","1187632","1187910","JH378177","6664715","6664994","29","5477083"
"KN297203v1","1193095","1193404","JH378229","4120796","4121104","41","2927701"
"KN297203v1","1193418","1193727","JH378112","20327070","20327378","37","19133652"
"KN297203v1","1229263","1229444","JH378238","4396239","4396443","41","3166976"
"KN297203v1","1249793","1250089","JH378137","7745755","7746044","47","6495962"
"KN297203v1","1269002","1269306","JH378137","4012884","4013190","40","2743882"
"KN297203v1","1313739","1313994","JH378144","5009240","5009490","38","3695501"
"KN297203v1","1313996","1314287","JH378139","18632207","18632516","44","17318211"
"KN297203v1","1365261","1365556","JH378156","2566235","2566524","46","1200974"
"KN297203v1","1370771","1371077","JH378120","22287494","22287801","42","20916723"
"KN297203v1","1371533","1371843","JH378245","2888977","2889288","45","1517444"
"KN297203v1","1432672","1432976","JH378120","16327645","16327955","42","14894973"
"KN297203v1","1456398","1456698","JH378228","5509057","5509356","31","4052659"
"KN297203v1","1458233","1458544","JH378126","21026752","21027059","40","19568519"
"KN297203v1","1461337","1461634","JH378113","14455819","14456118","43","12994482"
"KN297203v1","1565770","1565970","JH378105","58285372","58285568","31","56719602"
"KN297203v1","1599862","1600134","JH378141","12410737","12411017","53","10810875"
"KN297203v1","1601108","1601400","JH378115","4382023","4382316","32","2780915"
"KN297203v1","1602346","1602552","JH378132","14778357","14778566","36","13176011"
"KN297203v1","1603038","1603132","JH378162","9395102","9395196","15","7792064"
"KN297203v1","1680756","1681035","JH378115","15336273","15336553","39","13655517"
"KN297203v1","1755679","1755997","JH378112","33214699","33215012","52","31459020"
"KN297203v1","1801436","1801730","JH378321","896363","896656","32","905073"
"KN297203v1","2118156","2118435","JH378115","34630697","34630989","54","32512541"
"KN297204v1","87235","87540","JH378160","5299774","5300077","47","5212539"
"KN297205v1","11360","11608","JH378163","3836815","3837066","56","3825455"
"KN297205v1","58378","58664","JH378151","8381511","8381803","39","8323133"
"KN297205v1","154903","155212","JH378120","16327645","16327955","33","16172742"
"KN297205v1","155663","155964","JH378126","21026752","21027059","36","20871089"
"KN297205v1","169975","170275","JH378149","4766604","4766904","44","4596629"
"KN297205v1","173179","173457","JH378105","55196518","55196801","49","55023339"
"KN297205v1","173510","173622","JH378226","6172746","6172859","16","5999236"
"KN297205v1","176625","176917","JH378110","35076565","35076859","47","34899940"
"KN297205v1","206206","206503","JH378116","28869529","28869826","36","28663323"
"KN297205v1","211679","211970","JH378132","20715333","20715620","38","20503654"
"KN297205v1","225682","225993","JH378197","7145768","7146073","37","6920086"
"KN297205v1","230712","231015","JH378156","2854549","2854852","37","2623837"
"KN297205v1","246045","246343","JH378151","10201068","10201369","37","9955023"
"KN297205v1","248014","248307","JH378206","4776878","4777171","32","4528864"
"KN297205v1","285663","285843","JH378147","13560980","13561153","27","13275317"
"KN297205v1","309700","309982","JH378112","33911252","33911534","29","33601552"
"KN297205v1","310020","310058","JH378105","31065877","31065908","10","30755857"
"KN297205v1","313120","313407","JH378191","6177328","6177618","34","5864208"
"KN297205v1","337850","338131","JH378235","4758805","4759085","31","4420955"
"KN297205v1","377437","377730","JH378220","2784017","2784313","40","2406580"
"KN297205v1","405677","405974","JH378197","3384264","3384560","43","2978587"
"KN297205v1","406028","406188","JH378136","21328927","21329066","38","20922899"
"KN297205v1","406224","406398","JH378112","12521541","12521691","43","12115317"
"KN297205v1","425442","425743","JH378114","36868235","36868528","44","36442793"
"KN297205v1","426555","426847","JH378144","7596090","7596371","35","7169535"
"KN297205v1","427024","427316","JH378224","3408579","3408861","39","2981555"
"KN297205v1","427785","428097","JH378236","1785225","1785535","41","1357440"
"KN297205v1","440822","441133","JH378112","33214699","33215012","41","32773877"
"KN297205v1","444208","444511","JH378135","20208650","20208946","34","19764442"
"KN297205v1","476574","476886","JH378106","43205624","43205932","51","42729050"
"KN297205v1","492056","492365","JH378236","2649703","2650013","31","2157647"
"KN297205v1","611981","612280","JH378242","1313384","1313678","43","701403"
"KN297205v1","612472","612564","JH378108","47563835","47563929","29","46951363"
"KN297205v1","642204","642495","JH378109","52148","52435","45","590056"
"KN297207v1","34210","34513","JH378172","9421128","9421436","37","9386918"
"KN297208v1","11404","11690","JH378105","9853655","9853939","45","9842251"
"KN297210v1","23332","23640","JH378204","6493604","6493911","42","6470272"
"KN297211v1","140593","140909","JH378189","6335939","6336244","53","6195346"
"KN297211v1","222769","223092","JH378258","1183082","1183399","49","960313"
"KN297212v1","156316","156628","JH378281","2950232","2950541","33","2793916"
"KN297212v1","224967","225266","JH378146","15827373","15827672","37","15602406"
"KN297212v1","253561","253854","JH378151","8381511","8381803","35","8127950"
"KN297212v1","259705","260006","JH378129","10258595","10258896","37","9998890"
"KN297212v1","272787","273096","JH378113","23143646","23143951","39","22870859"
"KN297212v1","324426","324605","JH378120","9328326","9328499","29","9003900"
"KN297212v1","364864","365154","JH378105","8204426","8204710","47","7839562"
"KN297215v1","3582","3880","JH378142","15354561","15354860","37","15350979"
"KN297215v1","226572","226831","JH378173","6043976","6044232","37","5817404"
"KN297215v1","308105","308410","JH378110","32631101","32631403","36","32322996"
"KN297215v1","733448","733760","JH378112","35288143","35288449","44","34554695"
"KN297215v1","751483","751741","JH378111","3992165","3992419","36","3240682"
"KN297215v1","782213","782517","JH378126","21026752","21027059","39","20244539"
"KN297215v1","787023","787330","JH378126","21026752","21027059","45","20239729"
"KN297215v1","798489","798789","JH378220","2784017","2784313","33","1985528"
"KN297215v1","800031","800327","JH378151","3515305","3515602","37","2715274"
"KN297215v1","821461","821757","JH378245","1256724","1257025","39","435263"
"KN297219v1","98009","98301","JH378135","9939245","9939537","45","9841236"
"KN297219v1","299800","300088","JH378106","67696353","67696639","42","67396553"
"KN297219v1","330804","331106","JH378139","15235758","15236059","37","14904954"
"KN297219v1","686963","687259","JH378197","1526625","1526915","53","839662"
"KN297219v1","694092","694395","JH378265","2263256","2263553","39","1569164"
"KN297219v1","800671","800959","JH378105","62731941","62732234","45","61931270"
"KN297219v1","811157","811464","JH378137","4003210","4003509","41","3192053"
"KN297219v1","841871","842157","JH378207","7640792","7641076","44","6798921"
"KN297219v1","897734","898039","JH378110","12146106","12146409","35","11248372"
"KN297219v1","1045844","1046155","JH378125","18989503","18989811","40","17943659"
"KN297219v1","1147184","1147466","JH378157","9676550","9676840","40","8529366"
"KN297219v1","1205341","1205647","JH378313","879367","879673","38","325974"
"KN297219v1","1430457","1430756","JH378137","17093543","17093840","37","15663086"
"KN297219v1","1500898","1501206","JH378112","35288143","35288449","41","33787245"
"KN297219v1","1509853","1509947","JH378117","9436710","9436799","22","7926857"
"KN297219v1","1532625","1532793","JH378118","11986172","11986342","26","10453547"
"KN297219v1","1542639","1542946","JH378126","21026752","21027059","36","19484113"
"KN297219v1","1580219","1580522","JH378255","1560098","1560402","29","20121"
"KN297219v1","1590911","1591214","JH378153","6272029","6272332","35","4681118"
"KN297219v1","1599363","1599641","JH378167","9524673","9524949","39","7925310"
"KN297219v1","1600595","1600890","JH378321","896363","896656","31","704232"
"KN297219v1","1621027","1621307","JH378244","2666778","2667061","32","1045751"
"KN297219v1","1627573","1627866","JH378118","22756894","22757186","42","21129321"
"KN297219v1","1630307","1630611","JH378124","15582898","15583197","37","13952591"
"KN297219v1","1634771","1635081","JH378105","71648676","71648983","33","70013905"
"KN297219v1","1655241","1655541","JH378126","21026752","21027059","40","19371511"
"KN297219v1","1692474","1692775","JH378284","1163902","1164203","38","528572"
"KN297219v1","1693808","1693872","JH378165","10398963","10399025","10","8705155"
"KN297219v1","1706324","1706633","JH378130","1202684","1202989","35","503640"
"KN297219v1","1726319","1726612","JH378124","27520454","27520748","32","25794135"
"KN297219v1","1731340","1731635","JH378140","5295393","5295692","45","3564053"
"KN297219v1","1735296","1735475","JH378225","1412027","1412206","25","323269"
"KN297219v1","1735766","1735900","JH378122","25193264","25193395","18","23457498"
"KN297219v1","1774965","1775136","JH378121","15062290","15062460","19","13287325"
"KN297219v1","1814845","1815144","JH378139","16290412","16290704","40","14475567"
"KN297219v1","1827498","1827755","JH378172","12088642","12088899","41","10261144"
"KN297219v1","1835842","1836134","JH378121","29566176","29566469","36","27730334"
"KN297219v1","1843028","1843336","JH378126","21026752","21027059","34","19183724"
"KN297219v1","1855968","1856253","JH378112","35855394","35855682","42","33999426"
"KN297219v1","1860541","1860834","JH378116","24890259","24890547","38","23029718"
"KN297219v1","1867225","1867497","JH378129","12656610","12656882","38","10789385"
"KN297219v1","1916489","1916801","JH378115","26640201","26640508","35","24723712"
"KN297219v1","1918860","1919144","JH378111","6187370","6187654","34","4268510"
"KN297219v1","1952096","1952390","JH378139","19252318","19252611","33","17300222"
"KN297219v1","1955507","1955811","JH378197","7145768","7146073","37","5190261"
"KN297219v1","1978156","1978381","JH378136","8223942","8224164","30","6245786"
"KN297219v1","1997452","1997758","JH378246","19839","20145","38","1977613"
"KN297219v1","2000510","2000808","JH378115","28712376","28712673","33","26711866"
"KN297219v1","2015277","2015579","JH378106","6434398","6434702","43","4419121"
"KN297219v1","2044440","2044750","JH378119","6124403","6124708","35","4079963"
"KN297219v1","2049749","2050085","JH378119","5709773","5710096","73","3660024"
"KN297219v1","2054027","2054313","JH378216","469493","469781","35","1584534"
"KN297219v1","2093944","2094240","JH378137","700498","700793","35","1393446"
"KN297219v1","2110256","2110556","JH378137","4403056","4403353","30","2292800"
"KN297219v1","2122908","2123211","JH378224","5664910","5665211","37","3542002"
"KN297219v1","2195337","2195621","JH378227","1841582","1841863","37","353755"
"KN297219v1","2211643","2211950","JH378126","21026752","21027059","29","18815109"
"KN297219v1","2225561","2225859","JH378124","15582898","15583197","29","13357337"
"KN297219v1","2243075","2243371","JH378139","15235758","15236059","36","12992683"
"KN297219v1","2362609","2362836","JH378119","27321137","27321363","37","24958528"
"KN297219v1","2414130","2414436","JH378115","34859185","34859494","39","32445055"
"KN297219v1","2457809","2458117","JH378105","36874844","36875149","43","34417035"
"KN297219v1","2544049","2544348","JH378228","5509057","5509356","40","2965008"
"KN297219v1","2683490","2683787","JH378170","4783494","4783792","31","2100004"
"KN297221v1","66206","66495","JH378123","5830912","5831199","36","5764706"
"KN297221v1","66502","66620","JH378151","7764395","7764511","15","7697893"
"KN297221v1","209816","210108","JH378110","32622278","32622571","36","32412462"
"KN297223v1","61046","61356","JH378216","6474633","6474943","34","6413587"
"KN297223v1","67778","68055","JH378105","36884891","36885163","33","36817113"
"KN297225v1","38837","39145","JH378108","30731255","30731558","45","30692418"
"KN297225v1","174778","175073","JH378153","7166527","7166816","34","6991749"
"KN297225v1","293777","294082","JH378105","71648676","71648983","39","71354899"
"KN297225v1","338829","339144","JH378197","7145768","7146073","43","6806939"
"KN297225v1","377668","377975","JH378151","16588942","16589245","35","16211274"
"KN297225v1","399578","399873","JH378220","2784017","2784313","32","2384439"
"KN297225v1","437003","437233","JH378149","3162061","3162279","24","2725058"
"KN297225v1","502939","503230","JH378159","2054904","2055199","28","1551965"
"KN297225v1","546066","546352","JH378107","6452435","6452716","49","5906369"
"KN297225v1","553009","553304","JH378124","15582898","15583197","28","15029889"
"KN297225v1","595599","595906","JH378197","7145768","7146073","36","6550169"
"KN297225v1","597823","598097","JH378115","14283522","14283794","31","13685699"
"KN297225v1","621835","622133","JH378170","4783494","4783792","22","4161659"
"KN297225v1","625341","625636","JH378116","28869529","28869826","30","28244188"
"KN297225v1","629202","629394","JH378158","3187176","3187364","30","2557974"
"KN297225v1","696904","696919","JH378149","1403733","1403749","6","706829"
"KN297225v1","696974","697257","JH378158","8947424","8947706","42","8250450"
"KN297225v1","700521","700824","JH378127","9701383","9701690","37","9000862"
"KN297225v1","724604","724902","JH378167","5250691","5250987","40","4526087"
"KN297225v1","898606","898915","JH378112","37711276","37711587","29","36812670"
"KN297227v1","23990","24277","JH378122","29867810","29868101","35","29843820"
"KN297227v1","29019","29298","JH378232","5969284","5969559","46","5940265"
"KN297227v1","98443","98735","JH378185","1253216","1253508","38","1154773"
"KN297227v1","100161","100243","JH378108","47223409","47223490","10","47123248"
"KN297227v1","137397","137698","JH378288","1088673","1088973","35","951276"
"KN297227v1","147530","147828","JH378197","7145768","7146073","34","6998238"
"KN297227v1","170928","171221","JH378137","17093543","17093840","44","16922615"
"KN297227v1","177284","177587","JH378115","33209604","33209906","35","33032320"
"KN297227v1","206163","206473","JH378126","21026752","21027059","34","20820589"
"KN297227v1","369164","369461","JH378157","4998218","4998526","40","4629054"
"KN297227v1","524416","524716","JH378111","27908368","27908667","43","27383952"
"KN297227v1","576003","576284","JH378149","915557","915848","48","339554"
"KN297227v1","611827","612134","JH378119","6124403","6124708","33","5512576"
"KN297227v1","618998","619315","JH378126","21026752","21027059","51","20407754"
"KN297227v1","647187","647501","JH378140","7338564","7338875","34","6691377"
"KN297227v1","649338","649644","JH378206","1109787","1110092","40","460449"
"KN297227v1","672680","672974","JH378216","6814492","6814786","34","6141812"
"KN297227v1","695699","695997","JH378151","6553008","6553306","34","5857309"
"KN297227v1","720994","721290","JH378108","1846495","1846786","38","1125501"
"KN297227v1","727648","727928","JH378227","2461202","2461478","40","1733554"
"KN297227v1","790877","791123","JH378128","11710015","11710264","30","10919138"
"KN297227v1","810872","811169","JH378205","6545327","6545618","37","5734455"
"KN297227v1","812260","812319","JH378190","8920458","8920509","10","8108198"
"KN297227v1","812621","812796","JH378174","1375906","1376080","22","563285"
"KN297227v1","826560","826866","JH378214","2749240","2749548","36","1922680"
"KN297227v1","827669","827925","JH378130","465748","466000","31","361921"
"KN297227v1","829278","829433","JH378319","149724","149875","27","679554"
"KN297227v1","833560","833710","JH378253","2739621","2739770","16","1906061"
"KN297227v1","845553","845860","JH378288","1088673","1088973","45","243120"
"KN297227v1","888168","888428","JH378108","24030056","24030319","34","23141888"
"KN297227v1","896184","896485","JH378111","42112707","42113007","41","41216523"
"KN297227v1","898775","899065","JH378109","49008845","49009136","60","48110070"
"KN297227v1","901323","901601","JH378235","4473329","4473603","34","3572006"
"KN297227v1","901662","901941","JH378105","35993813","35994092","45","35092151"
"KN297227v1","912389","912674","JH378107","6356218","6356506","53","5443829"
"KN297227v1","915714","916011","JH378228","5509057","5509356","31","4593343"
"KN297227v1","922862","923146","JH378107","30010443","30010733","32","29087581"
"KN297227v1","959794","959958","JH378232","5575150","5575317","27","4615356"
"KN297227v1","1007048","1007352","JH378110","19934311","19934616","35","18927263"
"KN297227v1","1015967","1016281","JH378156","9166475","9166782","44","8150508"
"KN297227v1","1026353","1026654","JH378220","2784017","2784313","38","1757664"
"KN297227v1","1029079","1029392","JH378107","7086674","7086981","50","6057595"
"KN297227v1","1030759","1031061","JH378288","1088673","1088973","35","57914"
"KN297227v1","1051595","1051891","JH378137","11282926","11283229","40","10231331"
"KN297227v1","1057330","1057640","JH378106","70986080","70986388","40","69928750"
"KN297227v1","1107267","1107564","JH378110","33965074","33965373","39","32857807"
"KN297227v1","1126377","1126689","JH378113","6613006","6613316","33","5486629"
"KN297227v1","1128098","1128401","JH378108","30731255","30731558","39","29603157"
"KN297227v1","1163965","1164218","JH378119","28597739","28597991","29","27433774"
"KN297227v1","1171379","1171511","JH378137","16178972","16179100","10","15007593"
"KN297227v1","1255468","1255776","JH378126","21026752","21027059","42","19771284"
"KN297227v1","1266435","1266735","JH378288","1088673","1088973","28","177762"
"KN297227v1","1295909","1296220","JH378167","5351158","5351469","41","4055249"
"KN297227v1","1318591","1318922","JH378159","11397617","11397929","62","10079026"
"KN297227v1","1341059","1341349","JH378131","20072845","20073138","30","18731786"
"KN297227v1","1413336","1413633","JH378281","2947044","2947332","44","1533708"
"KN297227v1","1577128","1577430","JH378228","5509057","5509356","38","3931929"
"KN297227v1","1678256","1678570","JH378126","21026752","21027059","39","19348496"
"KN297227v1","1680076","1680377","JH378110","12146106","12146409","35","10466030"
"KN297227v1","1789654","1789817","JH378213","484820","484983","18","1304834"
"KN297227v1","1990876","1991164","JH378112","35855394","35855682","30","33864518"
"KN297227v1","1998770","1999082","JH378129","10853809","10854123","49","8855039"
"KN297227v1","2174459","2174762","JH378241","5492094","5492394","35","3317635"
"KN297229v1","155352","155647","JH378333","587605","587900","29","432253"
"KN297229v1","158665","158965","JH378288","1088673","1088973","38","930008"
"KN297229v1","284507","284692","JH378106","16609015","16609187","28","16324508"
"KN297229v1","380486","380800","JH378108","43842538","43842851","44","43462052"
"KN297229v1","474146","474455","JH378105","4190308","4190610","31","3716162"
"KN297229v1","571546","571857","JH378171","6181069","6181379","29","5609523"
"KN297229v1","598779","599102","JH378236","2416769","2417083","49","1817990"
"KN297229v1","664631","664928","JH378139","10082446","10082743","34","9417815"
"KN297229v1","724224","724521","JH378122","10686670","10686967","31","9962446"
"KN297229v1","779599","779818","JH378109","26123227","26123447","30","25343628"
"KN297229v1","965101","965397","JH378170","4783494","4783792","38","3818393"
"KN297230v1","342960","343252","JH378288","1088673","1088973","38","745713"
"KN297230v1","969461","969740","JH378112","33911252","33911534","35","32941791"
"KN297230v1","1002880","1003195","JH378124","15582898","15583197","46","14580018"
"KN297230v1","1055658","1055959","JH378197","7145768","7146073","38","6090110"
"KN297230v1","1058076","1058387","JH378115","32367059","32367369","42","31308983"
"KN297230v1","1075963","1076248","JH378107","31751864","31752152","39","30675901"
"KN297230v1","1112187","1112481","JH378191","6177328","6177618","34","5065141"
"KN297231v1","33983","34293","JH378167","5351158","5351469","32","5317175"
"KN297231v1","224061","224366","JH378115","16925265","16925575","39","16701204"
"KN297231v1","237499","237805","JH378145","2733878","2734174","38","2496379"
"KN297231v1","259616","259893","JH378279","102782","103056","34","156834"
"KN297232v1","53580","53872","JH378148","16227423","16227714","42","16173843"
"KN297233v1","29920","30232","JH378156","11282326","11282638","37","11252406"
"KN297233v1","213571","213872","JH378135","4672021","4672316","51","4458450"
"KN297233v1","499883","500000","JH378216","4228135","4228267","22","3728252"
"KN297233v1","500001","500188","JH378125","5641148","5641327","32","5141147"
"KN297233v1","541594","541898","JH378113","11015635","11015928","45","10474041"
"KN297233v1","565606","565912","JH378106","1533545","1533849","36","967939"
"KN297233v1","697949","698250","JH378288","1088673","1088973","35","390724"
"KN297233v1","833556","833850","JH378118","8059690","8059980","36","7226134"
"KN297233v1","1142964","1143260","JH378139","18955642","18955939","29","17812678"
"KN297233v1","1149216","1149520","JH378137","10096778","10097079","36","8947562"
"KN297233v1","1154685","1154997","JH378106","10129130","10129437","37","8974445"
"KN297233v1","1159624","1159921","JH378114","42169048","42169348","33","41009424"
"KN297233v1","1171078","1171328","JH378117","25681837","25682085","40","24510759"
"KN297233v1","1182526","1182755","JH378158","136062","136290","25","1046464"
"KN297236v1","22950","23141","JH378167","6331902","6332089","25","6308952"
"KN297236v1","29929","30209","JH378107","32361139","32361421","37","32331210"
"KN297236v1","34255","34546","JH378137","4005674","4005952","46","3971419"
"KN297242v1","36023","36309","JH378175","9195522","9195813","39","9159499"
"KN297242v1","178826","179114","JH378153","7392982","7393269","38","7214156"
"KN297242v1","274572","274883","JH378147","12443857","12444168","31","12169285"
"KN297242v1","302168","302441","JH378166","1652870","1653149","41","1350702"
"KN297242v1","372515","372818","JH378228","5616886","5617184","41","5244371"
"KN297242v1","421392","421696","JH378197","7145768","7146073","38","6724376"
"KN297242v1","679422","679721","JH378121","24254310","24254611","49","23574888"
"KN297242v1","708368","708682","JH378280","2673581","2673905","50","1965213"
"KN297242v1","742295","742312","JH378149","1403733","1403749","5","661438"
"KN297242v1","742344","742630","JH378106","3052818","3053105","38","2310474"
"KN297242v1","810117","810419","JH378110","15514854","15515162","41","14704737"
"KN297242v1","830399","830701","JH378114","7122925","7123229","34","6292526"
"KN297242v1","853505","853763","JH378106","45380710","45380966","32","44527205"
"KN297242v1","870887","871178","JH378127","19048485","19048788","51","18177598"
"KN297242v1","986136","986421","JH378106","63648485","63648770","35","62662349"
"KN297242v1","1109972","1110248","JH378116","24211564","24211839","52","23101592"
"KN297242v1","1149888","1150184","JH378169","11781847","11782147","34","10631959"
"KN297242v1","1159635","1159710","JH378298","1590300","1590375","11","430665"
"KN297242v1","1209006","1209303","JH378106","14208005","14208299","34","12998999"
"KN297242v1","1228437","1228738","JH378176","9743171","9743468","34","8514734"
"KN297242v1","1240376","1240665","JH378108","54651268","54651558","35","53410892"
"KN297242v1","1244806","1245113","JH378220","2181761","2182059","42","936955"
"KN297242v1","1247522","1247800","JH378224","3408579","3408861","31","2161057"
"KN297242v1","1253124","1253434","JH378170","4783494","4783792","33","3530370"
"KN297242v1","1266684","1266994","JH378126","21026752","21027059","42","19760068"
"KN297242v1","1281758","1282061","JH378170","4783494","4783792","32","3501736"
"KN297242v1","1289420","1289647","JH378204","6396145","6396374","30","5106725"
"KN297242v1","1324194","1324518","JH378236","2416769","2417083","56","1092575"
"KN297242v1","1342069","1342371","JH378183","10237923","10238223","40","8895854"
"KN297242v1","1348026","1348298","JH378113","4535568","4535838","39","3187542"
"KN297242v1","1361776","1362069","JH378118","27503431","27503730","31","26141655"
"KN297242v1","1362237","1362477","JH378223","4629372","4629613","36","3267135"
"KN297242v1","1386921","1387215","JH378106","32310803","32311102","38","30923882"
"KN297242v1","1411912","1412205","JH378166","8306856","8307152","42","6894944"
"KN297242v1","1415003","1415290","JH378216","6814492","6814786","34","5399489"
"KN297242v1","1416283","1416591","JH378114","7122925","7123229","32","5706642"
"KN297242v1","1421624","1421920","JH378198","6294233","6294526","37","4872609"
"KN297242v1","1439648","1439937","JH378139","16259084","16259375","35","14819436"
"KN297242v1","1445081","1445384","JH378116","28869529","28869826","40","27424448"
"KN297242v1","1452753","1453047","JH378220","2784017","2784313","35","1331264"
"KN297242v1","1466921","1467017","JH378105","54320628","54320724","17","52853707"
"KN297242v1","1468941","1469229","JH378194","2390312","2390602","36","921371"
"KN297242v1","1470828","1471120","JH378111","42466412","42466713","47","40995584"
"KN297242v1","1471121","1471424","JH378126","21026752","21027059","31","19555631"
"KN297242v1","1476195","1476495","JH378139","19415987","19416286","32","17939792"
"KN297242v1","1500458","1500752","JH378151","3515305","3515602","35","2014847"
"KN297242v1","1529439","1529747","JH378124","5815996","5816302","43","4286557"
"KN297242v1","1532072","1532369","JH378127","18566293","18566586","33","17034221"
"KN297242v1","1540468","1540746","JH378182","9240926","9241205","38","7700458"
"KN297242v1","1548405","1548721","JH378238","713549","713860","43","834856"
"KN297242v1","1642657","1642958","JH378138","2084662","2084957","40","442005"
"KN297242v1","1912306","1912611","JH378107","32029619","32029921","40","30117313"
"KN297242v1","1935656","1935792","JH378129","11677705","11677836","20","9742049"
"KN297242v1","1936097","1936276","JH378111","38190758","38190938","23","36254661"
"KN297242v1","2202410","2202719","JH378206","4086994","4087300","28","1884584"
"KN297242v1","2469776","2470082","JH378197","7145768","7146073","36","4675992"
"KN297242v1","2633009","2633165","JH378187","7696201","7696359","25","5063192"
"KN297242v1","2666837","2667145","JH378254","840607","840917","37","1826230"
"KN297242v1","2724317","2724616","JH378124","17234816","17235110","47","14510499"
"KN297242v1","2891683","2891977","JH378118","31871195","31871483","41","28979512"
"KN297242v1","2900771","2901074","JH378113","6692573","6692881","31","3791802"
"KN297242v1","2903504","2903789","JH378265","1236869","1237152","46","1666635"
"KN297242v1","2938613","2938907","JH378254","3916143","3916437","37","977530"
"KN297242v1","2954449","2954723","JH378148","2950270","2950555","37","4179"
"KN297242v1","2987603","2987913","JH378167","5351158","5351469","33","2363555"
"KN297242v1","3059616","3059924","JH378181","2052926","2053235","33","1006690"
"KN297242v1","3270906","3271188","JH378177","6664715","6664994","35","3393809"
"KN297242v1","3296859","3297149","JH378161","9005204","9005492","39","5708345"
"KN297242v1","3549894","3550209","JH378248","2253384","2253697","36","1296510"
"KN297242v1","3623909","3624210","JH378115","25570507","25570808","40","21946598"
"KN297242v1","3717906","3718202","JH378111","10296327","10296627","40","6578421"
"KN297242v1","3729185","3729495","JH378186","3771716","3772027","37","42531"
"KN297242v1","3853484","3853768","JH378139","16138586","16138868","33","12285102"
"KN297243v1","52919","53200","JH378132","22081223","22081504","43","22028304"
"KN297245v1","83010","83303","JH378121","19920880","19921179","42","19837870"
"KN297245v1","162934","163230","JH378131","18080937","18081235","38","17918003"
"KN297245v1","178788","179024","JH378124","26821934","26822164","32","26643146"
"KN297245v1","379017","379175","JH378186","5570994","5571148","21","5191977"
"KN297245v1","707118","707401","JH378106","3052818","3053105","46","2345700"
"KN297245v1","787886","788187","JH378288","1088673","1088973","29","300787"
"KN297245v1","888396","888698","JH378228","5509057","5509356","30","4620661"
"KN297245v1","949591","949897","JH378173","2173569","2173873","56","1223978"
"KN297245v1","973211","973525","JH378112","33214699","33215012","43","32241488"
"KN297245v1","1094720","1094997","AGCE01150543","1","288","43","1094719"
"KN297245v1","1184462","1184758","JH378115","28712376","28712673","31","27527914"
"KN297245v1","1192872","1193177","JH378110","19934311","19934616","39","18741439"
"KN297245v1","1328763","1329072","JH378159","15717599","15717893","48","14388836"
"KN297245v1","1347102","1347383","JH378117","7009575","7009859","36","5662473"
"KN297245v1","1353723","1354022","JH378131","19339353","19339649","30","17985630"
"KN297245v1","1367816","1367942","JH378136","12617141","12617272","25","11249325"
"KN297245v1","1372953","1373245","JH378106","6765589","6765882","36","5392636"
"KN297245v1","1374979","1375290","JH378276","2870406","2870718","41","1495427"
"KN297245v1","1404335","1404635","JH378127","9058620","9058921","39","7654285"
"KN297245v1","1433709","1434005","JH378185","1665581","1665875","34","231872"
"KN297245v1","1444657","1444812","JH378182","1258842","1258997","23","185815"
"KN297245v1","1448819","1449116","JH378204","2935067","2935361","39","1486248"
"KN297245v1","1456513","1456822","JH378206","4086994","4087300","36","2630481"
"KN297245v1","1458312","1458604","JH378106","14208005","14208299","36","12749693"
"KN297245v1","1466857","1467015","JH378197","7256913","7257070","26","5790056"
"KN297245v1","1471452","1471735","JH378187","2558947","2559224","39","1087495"
"KN297245v1","1487751","1488055","JH378117","37329066","37329362","48","35841315"
"KN297245v1","1544466","1544741","JH378288","997287","997568","38","547179"
"KN297245v1","1552449","1552746","JH378117","37329066","37329362","32","35776617"
"KN297245v1","1557362","1557663","JH378126","21026752","21027059","44","19469390"
"KN297245v1","1591297","1591604","JH378126","21026752","21027059","28","19435455"
"KN297245v1","1610503","1610759","JH378199","5876005","5876261","30","4265502"
"KN297245v1","1642653","1642963","JH378113","6692573","6692881","32","5049920"
"KN297245v1","1651812","1652112","JH378265","2263256","2263553","41","611444"
"KN297245v1","1700432","1700741","JH378115","25041145","25041450","43","23340713"
"KN297245v1","1710987","1711281","JH378186","3302264","3302562","45","1591277"
"KN297245v1","1808192","1808507","JH378114","25023401","25023701","44","23215209"
"KN297245v1","2035710","2035993","JH378153","7392982","7393269","35","5357272"
"KN297245v1","2062649","2062881","JH378475","13872","14098","35","2048777"
"KN297245v1","2063153","2063471","JH378216","4013159","4013469","45","1950006"
"KN297245v1","2128970","2129275","JH378138","2878171","2878475","34","749201"
"KN297245v1","2190578","2190878","JH378236","733320","733615","40","1457258"
"KN297245v1","2446719","2447025","JH378110","19934311","19934616","41","17487592"
"KN297245v1","2447358","2447666","JH378119","6124403","6124708","36","3677045"
"KN297245v1","2462151","2462531","JH378111","20051056","20051398","94","17588905"
"KN297245v1","2518291","2518585","JH378200","1377430","1377726","33","1140861"
"KN297245v1","2535814","2536126","JH378113","26042513","26042816","38","23506699"
"KN297245v1","2554886","2555036","JH378110","18127055","18127207","31","15572169"
"KN297245v1","2555832","2555917","JH378108","34361635","34361716","13","31805803"
"KN297245v1","2556204","2556430","JH378145","2527450","2527683","41","28754"
"KN297245v1","2557530","2557839","JH378124","1437278","1437583","41","1120252"
"KN297245v1","2564763","2565069","JH378264","2773729","2774039","36","208966"
"KN297245v1","2574738","2575034","JH378122","12280862","12281161","41","9706124"
"KN297245v1","2586477","2586777","JH378236","733320","733615","39","1853157"
"KN297245v1","2592916","2593009","JH378328","23061","23156","12","2569855"
"KN297245v1","2613746","2614044","JH378149","539268","539562","34","2074478"
"KN297245v1","2645387","2645693","JH378126","21026752","21027059","37","18381365"
"KN297245v1","2654425","2654734","JH378316","245997","246306","33","2408428"
"KN297245v1","2659350","2659643","JH378158","9080617","9080907","38","6421267"
"KN297245v1","2673057","2673144","JH378305","1636812","1636898","10","1036245"
"KN297245v1","2676938","2677247","JH378264","2364378","2364688","35","312560"
"KN297245v1","2690209","2690498","JH378146","351413","351692","54","2338796"
"KN297245v1","2695229","2695520","JH378236","2372296","2372589","33","322933"
"KN297245v1","2698197","2698328","JH378168","1096891","1097023","16","1601306"
"KN297245v1","2722554","2722847","JH378141","11024023","11024316","36","8301469"
"KN297245v1","2723180","2723367","JH378232","420548","420740","29","2302632"
"KN297245v1","2774985","2775279","JH378235","4514528","4514824","29","1739543"
"KN297245v1","2775298","2775605","JH378115","16925265","16925575","36","14149967"
"KN297245v1","2869827","2870144","JH378112","4020738","4021048","44","1150911"
"KN297245v1","2887899","2888129","JH378264","1300178","1300413","31","1587721"
"KN297246v1","12644","12794","JH378269","2316674","2316811","47","2304030"
"KN297249v1","173998","174227","JH378131","18116640","18116881","42","17942642"
"KN297249v1","187537","187824","JH378173","6663438","6663715","48","6475901"
"KN297249v1","399940","400236","JH378107","7568037","7568336","36","7168097"
"KN297249v1","428405","428597","JH378127","14039511","14039692","39","13611106"
"KN297253v1","218637","218938","JH378115","22010691","22010989","39","21792054"
"KN297253v1","232578","232836","JH378106","70308292","70308551","32","70075714"
"KN297253v1","269767","270077","JH378106","70986080","70986388","41","70716313"
"KN297253v1","360284","360580","JH378125","17186392","17186688","33","16826108"
"KN297253v1","389110","389420","JH378211","2356763","2357069","36","1967653"
"KN297253v1","502187","502368","JH378130","16132146","16132321","25","15629959"
"KN297256v1","147112","147409","JH378173","9055905","9056209","35","8908793"
"KN297258v1","9522","9809","JH378144","5762721","5763011","44","5753199"
"KN297259v1","11720","12023","JH378113","2640449","2640755","36","2628729"
"KN297259v1","15762","16030","JH378157","7681863","7682144","46","7666101"
"KN297259v1","41441","41747","JH378126","23919556","23919859","44","23878115"
"KN297259v1","59100","59387","JH378108","29038317","29038602","53","28979217"
"KN297259v1","66775","67089","JH378187","2906095","2906405","43","2839320"
"KN297259v1","69968","70270","JH378173","9055905","9056209","40","8985937"
"KN297259v1","76751","76929","JH378114","11001411","11001587","21","10924660"
"KN297259v1","79459","79787","JH378211","7163805","7164133","46","7084346"
"KN297259v1","87580","87883","JH378192","5332446","5332746","37","5244866"
"KN297259v1","93927","94225","JH378198","1599087","1599389","33","1505160"
"KN297259v1","99148","99458","JH378171","6181069","6181379","36","6081921"
"KN297259v1","110332","110636","JH378220","6347403","6347704","33","6237071"
"KN297259v1","111137","111406","JH378224","5025322","5025589","40","4914185"
"KN297259v1","112683","112965","JH378136","14007580","14007856","50","13894897"
"KN297259v1","117608","117910","JH378139","15235758","15236059","30","15118150"
"KN297259v1","128769","128882","JH378199","457702","457818","11","328933"
"KN297259v1","157582","157666","JH378196","984198","984280","17","826616"
"KN297259v1","158608","158920","JH378105","47374215","47374525","38","47215607"
"KN297259v1","160807","161109","JH378288","1088673","1088973","32","927866"
"KN297259v1","164495","164781","JH378187","2941754","2942038","34","2777259"
"KN297259v1","168849","169106","JH378108","23340214","23340468","46","23171365"
"KN297259v1","177940","178241","JH378105","56831711","56832017","31","56653771"
"KN297259v1","179162","179462","JH378151","6553008","6553306","34","6373846"
"KN297259v1","179463","179635","JH378147","13560980","13561153","21","13381517"
"KN297259v1","181081","181347","JH378139","7760988","7761245","38","7579907"
"KN297259v1","186307","186443","JH378161","12966786","12966922","23","12780479"
"KN297259v1","186764","186795","JH378184","8549559","8549595","7","8362795"
"KN297259v1","186796","187084","JH378167","8239232","8239526","44","8052436"
"KN297259v1","199005","199255","JH378139","2860698","2860950","39","2661693"
"KN297259v1","223891","224192","JH378262","456547","456851","33","232656"
"KN297259v1","226206","226510","JH378193","6879296","6879601","36","6653090"
"KN297259v1","243737","244041","JH378123","491683","491985","35","247946"
"KN297259v1","254202","254478","JH378106","70444924","70445198","31","70190722"
"KN297259v1","264062","264359","JH378119","11297197","11297495","36","11033135"
"KN297259v1","272693","272990","JH378245","2080174","2080467","45","1807481"
"KN297259v1","312937","313050","JH378124","13748755","13748864","17","13435818"
"KN297259v1","323256","323419","JH378128","6451843","6452006","21","6128587"
"KN297259v1","338798","339109","JH378126","21026752","21027059","28","20687954"
"KN297259v1","344382","344628","JH378108","23565898","23566144","48","23221516"
"KN297259v1","347816","348119","JH378117","32915211","32915517","37","32567395"
"KN297259v1","381341","381656","JH378116","37070221","37070536","37","36688880"
"KN297259v1","394013","394312","JH378151","13331025","13331323","32","12937012"
"KN297259v1","402220","402503","JH378246","2154157","2154450","37","1751937"
"KN297259v1","402639","402940","JH378173","5355026","5355328","38","4952387"
"KN297259v1","414562","414852","JH378118","27503431","27503730","38","27088869"
"KN297259v1","426271","426570","JH378125","19027324","19027621","37","18601053"
"KN297259v1","447683","447991","JH378148","3164823","3165131","33","2717140"
"KN297259v1","454065","454346","JH378216","6814492","6814786","38","6360427"
"KN297259v1","472965","473284","JH378197","7145768","7146073","40","6672803"
"KN297259v1","476960","477256","JH378105","33992488","33992780","33","33515528"
"KN297259v1","489878","490172","JH378124","5726096","5726391","39","5236218"
"KN297259v1","494547","494840","JH378256","635391","635677","47","140844"
"KN297259v1","507564","507859","JH378133","22138850","22139145","25","21631286"
"KN297259v1","512120","512431","JH378173","2844598","2844907","42","2332478"
"KN297259v1","515955","516089","JH378218","3752894","3753026","14","3236939"
"KN297259v1","516390","516497","JH378210","7235021","7235126","23","6718631"
"KN297259v1","521671","521961","JH378194","2390312","2390602","30","1868641"
"KN297259v1","522005","522312","JH378116","24645889","24646199","36","24123884"
"KN297259v1","522764","523069","JH378189","1317453","1317757","38","794689"
"KN297259v1","527933","528237","JH378114","37703451","37703750","37","37175518"
"KN297259v1","533130","533472","JH378135","13402205","13402535","52","12869075"
"KN297259v1","535042","535320","JH378105","57366808","57367099","53","56831766"
"KN297259v1","538935","539212","JH378196","6605720","6605996","39","6066785"
"KN297259v1","546638","546914","JH378107","57325483","57325775","50","56778845"
"KN297259v1","559481","559776","JH378228","5509057","5509356","40","4949576"
"KN297259v1","562010","562317","JH378126","21026752","21027059","39","20464742"
"KN297259v1","570671","570960","JH378129","9743254","9743544","34","9172583"
"KN297259v1","578485","578783","JH378126","23444667","23444967","36","22866182"
"KN297259v1","582027","582335","JH378228","5419153","5419462","37","4837126"
"KN297259v1","606756","607050","JH378153","3873706","3874002","32","3266950"
"KN297259v1","647772","648064","JH378136","7727266","7727563","49","7079494"
"KN297259v1","739768","740054","JH378156","4156798","4157086","35","3417030"
"KN297259v1","741302","741571","JH378216","1387518","1387789","36","646216"
"KN297259v1","747381","747592","JH378141","18329140","18329350","35","17581759"
"KN297259v1","747593","747648","JH378113","4238157","4238211","7","3490564"
"KN297259v1","788376","788667","JH378131","18080937","18081235","36","17292561"
"KN297259v1","790637","790934","JH378125","15359686","15359985","35","14569049"
"KN297259v1","805783","805881","JH378117","2898546","2898641","18","2092763"
"KN297259v1","815299","815592","JH378119","11568077","11568368","40","10752778"
"KN297259v1","816121","816422","JH378250","66803","67108","45","749318"
"KN297259v1","861271","861575","JH378112","14688477","14688771","50","13827206"
"KN297259v1","885591","885889","JH378113","14455819","14456118","26","13570228"
"KN297259v1","925362","925670","JH378106","60843849","60844159","47","59918487"
"KN297259v1","941537","941831","JH378135","3624002","3624295","27","2682465"
"KN297259v1","944262","944552","JH378201","6909498","6909788","37","5965236"
"KN297259v1","948021","948315","JH378220","3352385","3352678","39","2404364"
"KN297259v1","973845","974134","JH378220","961182","961470","47","12663"
"KN297259v1","1011708","1012009","JH378228","5491006","5491304","43","4479298"
"KN297259v1","1036017","1036319","JH378120","31441634","31441934","37","30405617"
"KN297259v1","1044540","1044819","JH378116","24890259","24890547","39","23845719"
"KN297259v1","1093127","1093442","JH378107","7086674","7086981","41","5993547"
"KN297259v1","1095527","1095826","JH378127","12719552","12719849","32","11624025"
"KN297259v1","1104481","1104789","JH378253","2601292","2601603","34","1496811"
"KN297259v1","1113872","1114144","JH378152","6318902","6319173","39","5205030"
"KN297259v1","1116557","1116864","JH378108","43842538","43842851","51","42725981"
"KN297259v1","1118942","1119255","JH378123","491683","491985","44","627259"
"KN297259v1","1127417","1127707","JH378114","38868751","38869045","38","37741334"
"KN297259v1","1140187","1140489","JH378107","6820470","6820772","30","5680283"
"KN297259v1","1153824","1154131","JH378126","21026752","21027059","33","19872928"
"KN297259v1","1166061","1166359","JH378252","1272655","1272952","36","106594"
"KN297259v1","1166556","1166860","JH378224","2769148","2769454","32","1602592"
"KN297259v1","1175911","1176227","JH378193","9256338","9256648","40","8080427"
"KN297259v1","1196369","1196648","JH378305","1335286","1335564","32","138917"
"KN297259v1","1253120","1253416","JH378114","7648981","7649278","45","6395861"
"KN297259v1","1322998","1323298","JH378107","7568037","7568336","30","6245039"
"KN297259v1","1365083","1365373","JH378106","1596997","1597295","35","231914"
"KN297259v1","1442139","1442433","JH378151","8381511","8381803","29","6939372"
"KN297259v1","1449106","1449401","JH378157","9676550","9676840","42","8227444"
"KN297259v1","1569160","1569429","JH378225","797427","797688","40","771733"
"KN297259v1","1598676","1598986","JH378120","16578880","16579191","39","14980204"
"KN297259v1","1628929","1629235","JH378119","26375601","26375910","32","24746672"
"KN297259v1","1677989","1678295","JH378185","841607","841910","30","836382"
"KN297259v1","1691608","1691907","JH378113","14455819","14456118","33","12764211"
"KN297259v1","1697922","1698220","JH378167","7969364","7969660","40","6271442"
"KN297259v1","1700962","1701073","JH378110","22178927","22179036","21","20477965"
"KN297259v1","1716012","1716321","JH378140","7338564","7338875","44","5622552"
"KN297259v1","1740455","1740756","JH378126","21026752","21027059","36","19286297"
"KN297259v1","1759937","1760212","JH378151","15551938","15552226","42","13792001"
"KN297259v1","1761420","1761713","JH378125","16001713","16002013","38","14240293"
"KN297259v1","1765807","1766107","JH378125","18903380","18903682","33","17137573"
"KN297259v1","2059879","2060185","JH378148","6903087","6903394","37","4843208"
"KN297259v1","2275154","2275449","JH378141","12391086","12391376","40","10115932"
"KN297259v1","2438433","2438611","JH378202","1082757","1082928","25","1355676"
"KN297259v1","2461725","2462020","JH378109","14399573","14399873","37","11937848"
"KN297259v1","2484835","2485127","JH378163","13372336","13372629","34","10887501"
"KN297259v1","2523623","2523919","JH378108","23280248","23280545","32","20756625"
"KN297259v1","2525590","2525883","JH378145","12844228","12844521","36","10318638"
"KN297259v1","2619053","2619356","JH378111","8162796","8163099","39","5543743"
"KN297260v1","45349","45636","JH378238","5087522","5087808","33","5042173"
"KN297260v1","140624","140934","JH378113","28744295","28744597","40","28603671"
"KN297260v1","144148","144451","JH378105","56788956","56789260","43","56644808"
"KN297260v1","171057","171352","JH378185","841607","841910","49","670550"
"KN297260v1","205918","206225","JH378119","6124403","6124708","40","5918485"
"KN297260v1","214706","214764","JH378325","298532","298590","7","83826"
"KN297263v1","130502","130786","JH378105","49520007","49520295","38","49389505"
"KN297263v1","195953","196249","JH378229","2791774","2792064","36","2595821"
"KN297263v1","212279","212550","JH378167","9534568","9534835","44","9322289"
"KN297263v1","228510","228797","JH378170","5368110","5368405","51","5139600"
"KN297263v1","449932","450229","JH378139","16259084","16259375","38","15809152"
"KN297263v1","526356","526664","JH378120","17502232","17502546","31","16975876"
"KN297263v1","567595","567904","JH378108","18639481","18639792","43","18071886"
"KN297263v1","580323","580395","JH378140","18136653","18136720","16","17556330"
"KN297263v1","622020","622310","JH378129","21926363","21926657","36","21304343"
"KN297263v1","648594","648890","JH378107","7568037","7568336","38","6919443"
"KN297263v1","656114","656413","JH378172","10004830","10005125","37","9348716"
"KN297263v1","773868","774170","JH378157","9676550","9676840","39","8902682"
"KN297263v1","792244","792536","JH378125","5805311","5805602","43","5013067"
"KN297263v1","817097","817409","JH378288","1088673","1088973","41","271576"
"KN297263v1","937468","937767","JH378216","3208225","3208520","41","2270757"
"KN297263v1","963325","963609","JH378139","18955642","18955939","50","17992317"
"KN297263v1","964815","965085","JH378105","54425072","54425341","45","53460257"
"KN297263v1","1177690","1177941","JH378176","9374149","9374395","39","8196459"
"KN297263v1","1528842","1529128","JH378246","2401172","2401453","38","872330"
"KN297263v1","1613452","1613752","JH378264","1442475","1442775","45","170977"
"KN297263v1","1640155","1640453","JH378212","2149089","2149386","38","508934"
"KN297263v1","1650173","1650466","JH378113","5430335","5430626","42","3780162"
"KN297263v1","1746751","1747042","JH378113","6613006","6613316","50","4866255"
"KN297263v1","1782263","1782565","JH378127","22219085","22219383","39","20436822"
"KN297263v1","1945943","1946023","JH378111","42814643","42814719","12","40868700"
"KN297264v1","26177","26478","JH378131","19339353","19339649","45","19313176"
"KN297264v1","45396","45689","JH378105","4325405","4325701","41","4280009"
"KN297264v1","81418","81713","JH378204","2935067","2935361","33","2853649"
"KN297264v1","435654","435970","JH378144","7235841","7236134","40","6800187"
"KN297264v1","603093","603386","JH378127","4551285","4551576","38","3948192"
"KN297264v1","719984","720283","JH378220","2784017","2784313","28","2064033"
"KN297264v1","725786","726084","JH378193","4139907","4140209","36","3414121"
"KN297269v1","10721","11041","JH378120","29808492","29808793","71","29797771"
"KN297270v1","5836","6131","JH378111","15913243","15913539","48","15907407"
"KN297270v1","35456","35737","JH378196","3426002","3426286","43","3390546"
"KN297271v1","313262","313557","JH378159","2054904","2055199","35","1741642"
"KN297272v1","2097","2360","JH378306","215353","215614","43","213256"
"KN297274v1","5133","5423","JH378201","6909498","6909788","43","6904365"
"KN297274v1","17176","17455","JH378139","16259084","16259375","37","16241908"
"KN297274v1","37787","38004","JH378171","8240188","8240412","36","8202401"
"KN297274v1","40740","40835","JH378193","3748220","3748314","12","3707480"
"KN297274v1","104459","104731","JH378312","964075","964341","36","859616"
"KN297274v1","108144","108452","JH378279","2958327","2958633","48","2850183"
"KN297274v1","119101","119407","JH378170","5258390","5258688","35","5139289"
"KN297274v1","132206","132470","JH378130","7094672","7094933","41","6962466"
"KN297274v1","138615","138888","JH378114","29548603","29548879","38","29409988"
"KN297274v1","201440","201486","JH378107","3373557","3373604","11","3172117"
"KN297274v1","228859","229159","JH378126","21026752","21027059","36","20797893"
"KN297274v1","230150","230447","JH378213","3244672","3244969","30","3014522"
"KN297274v1","232881","233186","JH378107","7086674","7086981","36","6853793"
"KN297274v1","236558","236831","JH378119","6120306","6120585","44","5883748"
"KN297274v1","237127","237421","JH378133","22138850","22139145","33","21901723"
"KN297274v1","241988","242292","JH378105","63827132","63827433","32","63585144"
"KN297274v1","249326","249636","JH378126","21026752","21027059","31","20777426"
"KN297274v1","269309","269410","JH378194","1214031","1214131","14","944722"
"KN297274v1","271160","271458","JH378305","1442865","1443162","56","1171705"
"KN297274v1","276473","276568","JH378168","5014572","5014668","12","4738099"
"KN297274v1","297287","297598","JH378126","21026752","21027059","26","20729465"
"KN297274v1","297738","298037","JH378116","28869529","28869826","34","28571791"
"KN297274v1","318855","319167","JH378320","58622","58932","33","260233"
"KN297274v1","329840","330031","JH378120","27340428","27340622","33","27010588"
"KN297274v1","341835","342135","JH378127","9058620","9058921","29","8716785"
"KN297274v1","343768","344069","JH378118","1390919","1391217","37","1047151"
"KN297274v1","344364","344500","JH378129","860497","860632","18","516133"
"KN297274v1","355693","356010","JH378167","5928201","5928502","49","5572508"
"KN297274v1","438759","439049","JH378112","35200340","35200629","51","34761581"
"KN297274v1","547544","547849","JH378257","2204800","2205108","40","1657256"
"KN297274v1","554299","554592","JH378232","3226239","3226529","38","2671940"
"KN297274v1","560134","560407","JH378279","102782","103056","37","457352"
"KN297274v1","568444","568708","JH378193","3248833","3249099","37","2680389"
"KN297274v1","568824","569108","JH378108","17373296","17373582","37","16804472"
"KN297274v1","571111","571225","JH378116","14519802","14519915","15","13948691"
"KN297274v1","589122","589434","JH378129","10853809","10854123","44","10264687"
"KN297274v1","594349","594649","JH378126","21026752","21027059","40","20432403"
"KN297274v1","595219","595524","JH378242","97287","97580","47","497932"
"KN297274v1","604373","604612","JH378151","8290347","8290596","33","7685974"
"KN297274v1","613840","614119","JH378107","27056287","27056566","39","26442447"
"KN297274v1","652297","652612","JH378289","2125754","2126067","40","1473457"
"KN297274v1","670360","670511","JH378149","4008331","4008482","18","3337971"
"KN297274v1","680166","680476","JH378124","11115297","11115604","44","10435131"
"KN297274v1","683320","683573","JH378115","16763942","16764191","38","16080622"
"KN297274v1","701745","702052","JH378229","4120796","4121104","41","3419051"
"KN297274v1","732018","732117","JH378111","17039414","17039512","11","16307396"
"KN297274v1","735809","736107","JH378115","28712376","28712673","39","27976567"
"KN297274v1","736853","737110","JH378339","264934","265186","32","471919"
"KN297274v1","764432","764743","JH378106","60843849","60844159","37","60079417"
"KN297274v1","768450","768578","JH378143","986606","986733","23","218156"
"KN297274v1","768891","769061","JH378201","6873180","6873352","16","6104289"
"KN297274v1","809537","809835","JH378137","7407944","7408236","41","6598407"
"KN297274v1","836529","836829","JH378262","2500977","2501279","32","1664448"
"KN297274v1","839854","840166","JH378148","3164823","3165131","43","2324969"
"KN297274v1","843985","844289","JH378116","28869529","28869826","38","28025544"
"KN297274v1","871615","871838","JH378141","9551008","9551237","44","8679393"
"KN297274v1","892276","892574","JH378169","3257468","3257766","22","2365192"
"KN297274v1","900370","900679","JH378111","25473856","25474161","43","24573486"
"KN297274v1","905901","906212","JH378203","220054","220352","72","685847"
"KN297274v1","939955","940147","JH378153","16544963","16545159","40","15605008"
"KN297274v1","969083","969373","JH378127","11653984","11654276","30","10684901"
"KN297274v1","970518","970827","JH378108","17949913","17950223","34","16979395"
"KN297274v1","1006696","1006986","JH378139","16259084","16259375","33","15252388"
"KN297274v1","1009796","1010101","JH378126","21026752","21027059","28","20016956"
"KN297274v1","1019882","1020193","JH378119","13124882","13125196","35","12105000"
"KN297274v1","1020317","1020630","JH378137","6569072","6569378","48","5548755"
"KN297274v1","1079688","1080002","JH378120","16327645","16327955","36","15247957"
"KN297274v1","1082907","1083201","JH378139","16259084","16259375","31","15176177"
"KN297274v1","1108784","1109062","JH378136","221828","222092","43","886956"
"KN297274v1","1112211","1112338","JH378153","3342621","3342745","18","2230410"
"KN297274v1","1112630","1112740","JH378139","4911420","4911532","19","3798790"
"KN297274v1","1144944","1145252","JH378108","30731255","30731558","40","29586311"
"KN297274v1","1153980","1154282","JH378107","7086674","7086981","38","5932694"
"KN297274v1","1157579","1157885","JH378126","21026752","21027059","36","19869173"
"KN297274v1","1177811","1177856","JH378184","8549559","8549595","16","7371748"
"KN297274v1","1178152","1178438","JH378137","2561271","2561548","50","1383119"
"KN297274v1","1178915","1179202","JH378108","42296533","42296820","42","41117618"
"KN297274v1","1188514","1188655","JH378184","5372802","5372943","19","4184288"
"KN297274v1","1206788","1207065","JH378148","2180456","2180745","46","973668"
"KN297274v1","1221294","1221593","JH378106","6434398","6434702","30","5213104"
"KN297274v1","1221763","1222058","JH378127","17322354","17322649","32","16100591"
"KN297274v1","1224597","1224872","JH378144","1448431","1448705","35","223834"
"KN297274v1","1240063","1240380","JH378185","2584117","2584430","44","1344054"
"KN297274v1","1265816","1266123","JH378107","7568037","7568336","39","6302221"
"KN297274v1","1281130","1281436","JH378110","19934311","19934616","35","18653181"
"KN297274v1","1299151","1299302","JH378115","35004133","35004278","24","33704982"
"KN297274v1","1306501","1306793","JH378157","9676550","9676840","35","8370049"
"KN297274v1","1319880","1320027","JH378138","13592087","13592243","42","12272207"
"KN297274v1","1325399","1325705","JH378115","25041145","25041450","30","23715746"
"KN297274v1","1347458","1347547","JH378305","1636812","1636898","13","289354"
"KN297274v1","1377531","1377833","JH378154","9801818","9802123","43","8424287"
"KN297274v1","1460230","1460511","JH378148","16616613","16616900","44","15156383"
"KN297274v1","1498858","1499165","JH378125","15156999","15157299","41","13658141"
"KN297274v1","1522412","1522707","JH378137","17093543","17093840","38","15571131"
"KN297274v1","1558959","1559239","JH378224","4398817","4399104","38","2839858"
"KN297274v1","1565113","1565232","JH378134","11851227","11851350","25","10286114"
"KN297274v1","1565241","1565391","JH378105","47970490","47970643","12","46405249"
"KN297274v1","1578140","1578447","JH378206","4086994","4087300","40","2508854"
"KN297274v1","1579124","1579420","JH378170","4783494","4783792","33","3204370"
"KN297274v1","1626721","1626812","JH378110","20272658","20272750","20","18645937"
"KN297274v1","1627098","1627126","JH378222","6581835","6581856","15","4954737"
"KN297274v1","1637614","1637745","JH378193","795155","795285","18","842459"
"KN297274v1","1648753","1649057","JH378125","16714065","16714364","45","15065312"
"KN297274v1","1662288","1662455","JH378178","580871","581040","24","1081417"
"KN297274v1","1666275","1666569","JH378116","28869529","28869826","39","27203254"
"KN297274v1","1695499","1695612","JH378113","37550838","37550953","18","35855339"
"KN297274v1","1718230","1718522","JH378116","31932338","31932630","36","30214108"
"KN297274v1","1787021","1787320","JH378170","4783494","4783792","39","2996473"
"KN297274v1","1788216","1788350","JH378153","2127454","2127589","14","339238"
"KN297274v1","1797231","1797530","JH378171","4458179","4458478","38","2660948"
"KN297274v1","1815819","1816121","JH378170","4783494","4783792","37","2967675"
"KN297274v1","1857496","1857767","JH378105","36059082","36059351","37","34201586"
"KN297274v1","1871807","1872099","JH378216","7124506","7124797","35","5252699"
"KN297274v1","1900837","1901128","JH378136","6475900","6476192","34","4575063"
"KN297274v1","1911855","1912161","JH378206","4086994","4087300","43","2175139"
"KN297274v1","1918844","1919143","JH378113","14455819","14456118","31","12536975"
"KN297274v1","1922673","1922982","JH378105","27581333","27581640","42","25658660"
"KN297274v1","1969134","1969440","JH378138","16926173","16926474","42","14957039"
"KN297274v1","1981129","1981408","JH378108","33456734","33457011","47","31475605"
"KN297274v1","2021702","2021998","JH378167","1392303","1392600","36","629399"
"KN297274v1","2030718","2031003","JH378249","3647268","3647551","41","1616550"
"KN297274v1","2031488","2031789","JH378113","5116740","5117037","37","3085252"
"KN297274v1","2032248","2032459","JH378112","30442996","30443204","29","28410748"
"KN297274v1","2034280","2034574","JH378177","2554492","2554776","40","520212"
"KN297274v1","2038933","2039148","JH378127","6218557","6218771","36","4179624"
"KN297274v1","2044269","2044568","JH378176","10619937","10620233","40","8575668"
"KN297274v1","2058715","2058993","JH378279","102782","103056","37","1955933"
"KN297274v1","2082857","2083151","JH378167","7707484","7707781","31","5624627"
"KN297274v1","2112189","2112482","JH378137","15080545","15080841","38","12968356"
"KN297274v1","2130002","2130166","JH378126","22963374","22963536","24","20833372"
"KN297276v1","64423","64708","JH378110","25489153","25489438","38","25424730"
"KN297276v1","76490","76793","JH378137","18706406","18706704","36","18629916"
"KN297276v1","150247","150539","JH378157","9676550","9676840","24","9526303"
"KN297276v1","153398","153699","JH378118","27158505","27158804","28","27005107"
"KN297276v1","156828","157131","JH378197","1499696","1500000","39","1342868"
"KN297276v1","186286","186598","JH378289","2125754","2126067","39","1939468"
"KN297276v1","188765","188899","JH378105","29452344","29452477","16","29263579"
"KN297276v1","189151","189330","JH378267","798976","799152","29","609825"
"KN297276v1","223326","223593","JH378150","9545126","9545401","39","9321800"
"KN297276v1","224412","224698","JH378116","24890259","24890547","45","24665847"
"KN297276v1","234250","234544","JH378107","6641537","6641829","41","6407287"
"KN297276v1","243529","243819","JH378106","69239155","69239449","32","68995626"
"KN297276v1","268285","268560","JH378106","3052818","3053105","47","2784533"
"KN297276v1","270552","270857","JH378107","32189786","32190091","33","31919234"
"KN297278v1","54373","54659","JH378112","21520492","21520774","52","21466119"
"KN297278v1","54714","54727","JH378189","7208291","7208302","4","7153577"
"KN297278v1","108094","108403","JH378126","21026752","21027059","56","20918658"
"KN297278v1","436107","436384","JH378196","3426002","3426286","36","2989895"
"KN297279v1","251270","251562","JH378106","3052818","3053105","40","2801548"
"KN297279v1","313397","313700","JH378108","30731255","30731558","32","30417858"
"KN297279v1","347062","347353","JH378128","23998074","23998363","40","23651012"
"KN297279v1","576755","577010","JH378290","1517193","1517449","30","940438"
"KN297279v1","738479","738780","JH378152","12269160","12269459","32","11530681"
"KN297279v1","745532","745834","JH378107","6820470","6820772","39","6074938"
"KN297279v1","748764","749070","JH378206","6984481","6984785","41","6235717"
"KN297279v1","880821","881115","JH378245","2427764","2428056","44","1546943"
"KN297279v1","926645","926913","AGCE01149956","727","992","34","925918"
"KN297279v1","1002268","1002578","JH378120","16327645","16327955","30","15325377"
"KN297279v1","1006322","1006629","JH378137","7223022","7223322","35","6216700"
"KN297279v1","1048152","1048241","JH378125","14910450","14910540","14","13862298"
"KN297279v1","1090942","1091250","JH378130","23894721","23895016","45","22803779"
"KN297279v1","1263299","1263495","JH378135","8782863","8783054","21","7519564"
"KN297279v1","1308906","1309194","JH378146","351413","351692","43","957493"
"KN297279v1","1444983","1445277","JH378139","19252318","19252611","39","17807335"
"KN297279v1","1492553","1492852","JH378131","12942173","12942484","46","11449620"
"KN297281v1","186055","186380","JH378149","1901140","1901455","45","1715085"
"KN297281v1","502149","502429","JH378140","14073854","14074132","42","13571705"
"KN297281v1","610644","610726","JH378155","7550743","7550826","8","6940099"
"KN297281v1","620485","620778","JH378105","4325405","4325701","34","3704920"
"KN297281v1","623638","623920","JH378146","960006","960286","46","336368"
"KN297281v1","627044","627349","JH378126","21026752","21027059","35","20399708"
"KN297281v1","665865","666111","JH378111","11235343","11235605","52","10569478"
"KN297281v1","677533","677815","JH378124","10046579","10046862","46","9369046"
"KN297281v1","710311","710599","JH378209","7070983","7071279","45","6360672"
"KN297281v1","893995","894293","JH378220","2784017","2784313","31","1890022"
"KN297281v1","1068309","1068464","JH378121","3379886","3380040","28","2311577"
"KN297281v1","1119395","1119684","JH378139","16259084","16259375","30","15139689"
"KN297281v1","1228999","1229298","JH378119","6124403","6124708","43","4895404"
"KN297281v1","1273323","1273441","JH378106","49028222","49028349","35","47754899"
"KN297281v1","1299310","1299537","JH378137","10009214","10009447","40","8709904"
"KN297281v1","1396037","1396332","JH378108","23280248","23280545","40","21884211"
"KN297281v1","1499770","1500000","JH378106","63127227","63127458","40","61627457"
"KN297281v1","1540507","1540811","JH378149","4732600","4732902","40","3192093"
"KN297281v1","1545926","1546253","JH378186","6180275","6180604","59","4634349"
"KN297282v1","46811","47054","JH378134","15641793","15642056","58","15594982"
"KN297283v1","144491","144615","JH378117","37806172","37806292","25","37661681"
"KN297286v1","79221","79516","JH378114","38868751","38869045","32","38789530"
"KN297286v1","100042","100340","JH378224","2947931","2948230","46","2847889"
"KN297286v1","198837","199129","JH378106","67696353","67696639","35","67497516"
"KN297286v1","279592","279890","JH378192","8475858","8476157","38","8196266"
"KN297286v1","349637","349920","JH378294","1717590","1717871","38","1367953"
"KN297287v1","7915","8006","JH378144","13004267","13004358","16","12996352"
"KN297290v1","120144","120312","JH378110","29831596","29831761","12","29711452"
"KN297290v1","156813","157104","JH378139","16771918","16772214","40","16615105"
"KN297290v1","233812","234071","JH378213","7010463","7010720","32","6776651"
"KN297293v1","71423","71724","JH378107","6820470","6820772","34","6749047"
"KN297293v1","244646","244952","JH378253","315934","316240","31","71288"
"KN297293v1","263044","263343","JH378165","6186750","6187049","29","5923706"
"KN297293v1","276142","276425","JH378224","3887674","3887953","35","3611532"
"KN297293v1","309770","310072","JH378170","4783494","4783792","30","4473724"
"KN297293v1","358235","358531","JH378108","34979078","34979364","53","34620843"
"KN297293v1","394393","394702","JH378106","18352071","18352372","60","17957678"
"KN297293v1","408406","408694","JH378216","1713595","1713885","41","1305189"
"KN297293v1","413258","413560","JH378293","1892833","1893133","38","1479575"
"KN297293v1","423842","424141","JH378107","57315990","57316289","37","56892148"
"KN297293v1","434363","434663","JH378114","36976328","36976626","38","36541965"
"KN297293v1","460995","461278","JH378129","11457553","11457829","44","10996558"
"KN297293v1","479786","480079","JH378176","9716970","9717264","34","9237184"
"KN297293v1","481692","481999","JH378126","21026752","21027059","30","20545060"
"KN297293v1","583459","583731","JH378110","13728682","13728967","44","13145223"
"KN297294v1","33439","33746","JH378206","4086994","4087300","35","4053555"
"KN297294v1","57174","57453","JH378105","35993813","35994092","48","35936639"
"KN297295v1","23434","23651","JH378105","70735847","70736081","72","70712413"
"KN297295v1","205258","205559","JH378228","2989224","2989524","37","2783966"
"KN297296v1","1519","1816","JH378141","10800920","10801215","43","10799401"
"KN297296v1","3692","3796","JH378127","21073149","21073257","17","21069457"
"KN297296v1","7033","7340","JH378126","21026752","21027059","31","21019719"
"KN297299v1","4289","4571","JH378118","14784020","14784304","46","14779731"
"KN297299v1","20524","20839","JH378117","20020287","20020597","41","19999763"
"KN297303v1","71245","71541","JH378106","1255495","1255784","35","1184250"
"KN297303v1","111699","111809","JH378161","9870505","9870614","7","9758806"
"KN297304v1","12684","12966","JH378213","5374518","5374809","45","5361834"
"KN297304v1","93985","94270","JH378137","17271511","17271797","41","17177526"
"KN297304v1","110730","111038","JH378116","11181268","11181574","33","11070538"
"KN297304v1","150948","151254","JH378255","1850368","1850674","45","1699420"
"KN297304v1","250334","250637","JH378131","13561502","13561803","34","13311168"
"KN297305v1","2376","2664","JH378113","2775307","2775599","39","2772931"
"KN297307v1","144352","144644","JH378206","4776878","4777171","33","4632526"
"KN297307v1","169874","170162","JH378157","15654299","15654588","35","15484425"
"KN297307v1","230466","230623","JH378112","12934775","12934933","19","12704309"
"KN297307v1","236322","236621","JH378114","1898055","1898356","36","1661733"
"KN297307v1","310385","310690","JH378137","10096778","10097079","40","9786393"
"KN297307v1","411050","411344","JH378115","30726071","30726366","35","30315021"
"KN297307v1","527969","528301","JH378228","4850138","4850462","63","4322169"
"KN297307v1","696384","696695","JH378152","15994237","15994545","36","15297853"
"KN297307v1","699682","699996","JH378106","5237491","5237801","43","4537809"
"KN297307v1","714783","715065","JH378125","15493012","15493292","56","14778229"
"KN297307v1","722948","723241","JH378127","18566293","18566586","40","17843345"
"KN297307v1","749799","750113","JH378150","10289683","10289992","46","9539884"
"KN297309v1","8793","9045","JH378106","27361070","27361332","38","27352277"
"KN297310v1","5053","5359","JH378127","11586403","11586709","53","11581350"
"KN297310v1","82340","82603","JH378106","27361070","27361332","36","27278730"
"KN297310v1","156982","157236","JH378132","17454398","17454652","37","17297416"
"KN297310v1","262923","263156","JH378110","8653664","8653909","39","8390741"
"KN297312v1","180413","180728","JH378276","323603","323913","48","143190"
"KN297312v1","250559","250890","JH378213","3976910","3977242","44","3726351"
"KN297312v1","337858","338166","JH378126","21026752","21027059","32","20688894"
"KN297312v1","389077","389372","JH378157","9676550","9676840","30","9287473"
"KN297312v1","422430","422741","JH378120","16327645","16327955","33","15905215"
"KN297312v1","522281","522578","JH378122","15998068","15998366","32","15475787"
"KN297312v1","573644","573924","JH378109","14372976","14373265","35","13799332"
"KN297312v1","574972","575282","JH378187","3516883","3517198","41","2941911"
"KN297312v1","630881","631047","JH378108","45330665","45330828","27","44699784"
"KN297312v1","631095","631186","JH378116","25869110","25869194","21","25238015"
"KN297312v1","646391","646692","JH378272","361245","361547","41","285146"
"KN297312v1","663144","663328","JH378112","34277212","34277391","28","33614068"
"KN297312v1","663634","663770","JH378216","1930573","1930709","21","1266939"
"KN297312v1","675680","675985","JH378119","11297197","11297495","51","10621517"
"KN297312v1","699678","699935","JH378139","2679607","2679865","37","1979929"
"KN297312v1","704232","704544","JH378216","6454039","6454351","37","5749807"
"KN297312v1","705678","705993","JH378135","1042676","1042987","48","336998"
"KN297312v1","716661","716938","JH378225","51349","51631","45","665312"
"KN297312v1","717732","718031","JH378116","28869529","28869826","43","28151797"
"KN297312v1","722772","722887","JH378204","7408219","7408333","12","6685447"
"KN297312v1","725443","725643","JH378152","9611653","9611849","32","8886210"
"KN297312v1","729429","729727","JH378155","15098133","15098431","31","14368704"
"KN297312v1","737175","737486","JH378108","46666898","46667209","42","45929723"
"KN297313v1","182418","182724","JH378167","5351158","5351469","36","5168740"
"KN297313v1","382113","382279","JH378170","5766940","5767106","34","5384827"
"KN297313v1","666741","667053","JH378120","16327645","16327955","36","15660904"
"KN297313v1","676866","677174","JH378139","1159515","1159824","35","482649"
"KN297313v1","770540","770851","JH378197","7145768","7146073","37","6375228"
"KN297313v1","849358","849635","JH378179","666624","666899","45","182734"
"KN297313v1","865170","865475","JH378316","245997","246306","39","619173"
"KN297313v1","868324","868629","JH378113","18930116","18930426","42","18061792"
"KN297313v1","903814","904123","JH378113","6692573","6692881","40","5788759"
"KN297313v1","925933","926186","JH378105","14886364","14886611","45","13960431"
"KN297313v1","935034","935345","JH378197","8301771","8302079","39","7366737"
"KN297313v1","943961","944257","JH378197","1421270","1421558","36","477309"
"KN297314v1","80018","80183","JH378106","70456146","70456311","23","70376128"
"KN297314v1","398066","398349","JH378122","10829384","10829667","33","10431318"
"KN297314v1","424998","425300","JH378116","32477157","32477465","43","32052159"
"KN297314v1","517134","517440","JH378111","32787449","32787755","31","32270315"
"KN297314v1","537384","537693","JH378224","2925924","2926233","34","2388540"
"KN297314v1","575076","575372","JH378116","28869529","28869826","35","28294453"
"KN297314v1","718672","718979","JH378149","11057149","11057455","45","10338477"
"KN297314v1","797400","797700","JH378148","6480728","6481028","34","5683328"
"KN297314v1","913171","913481","JH378115","34859185","34859494","48","33946014"
"KN297314v1","923405","923539","JH378135","9880098","9880232","14","8956693"
"KN297314v1","972846","973141","JH378151","7911808","7912102","43","6938962"
"KN297314v1","977596","977903","JH378127","22359340","22359646","48","21381744"
"KN297317v1","46984","47266","JH378105","35665534","35665817","30","35618550"
"KN297319v1","19345","19647","JH378235","1381290","1381589","33","1361945"
"KN297319v1","116531","116814","JH378138","5260489","5260773","48","5143958"
"KN297319v1","193554","193857","JH378133","7708733","7709034","37","7515179"
"KN297319v1","366353","366651","JH378165","6186750","6187049","40","5820397"
"KN297319v1","394176","394468","JH378281","3042318","3042611","34","2648142"
"KN297319v1","400177","400470","JH378139","19415987","19416286","42","19015810"
"KN297319v1","430138","430450","JH378167","5351158","5351469","56","4921020"
"KN297319v1","435421","435721","JH378137","7407944","7408236","48","6972523"
"KN297319v1","443408","443714","JH378138","5964426","5964732","30","5521018"
"KN297319v1","470765","470896","JH378232","3118482","3118613","15","2647717"
"KN297319v1","482790","483101","JH378167","5351158","5351469","30","4868368"
"KN297319v1","560811","561111","JH378106","6593545","6593838","45","6032734"
"KN297319v1","565474","565769","JH378113","32319453","32319745","40","31753979"
"KN297319v1","583334","583624","JH378169","1632312","1632598","40","1048978"
"KN297319v1","605221","605498","JH378105","36884891","36885163","45","36279670"
"KN297319v1","635401","635700","JH378139","18955642","18955939","39","18320241"
"KN297319v1","738183","738486","JH378293","1524576","1524874","37","786393"
"KN297319v1","761586","761896","JH378127","22359340","22359646","44","21597754"
"KN297319v1","771781","772061","JH378140","7447784","7448063","38","6676003"
"KN297319v1","822920","823203","JH378288","933022","933305","37","110102"
"KN297319v1","850993","851287","JH378112","21695596","21695889","33","20844603"
"KN297319v1","906532","906833","JH378288","1088673","1088973","33","182141"
"KN297319v1","962070","962366","JH378140","8543534","8543822","43","7581464"
"KN297319v1","1049797","1050109","JH378223","6299306","6299611","44","5249509"
"KN297319v1","1131633","1131934","JH378288","1088673","1088973","27","42960"
"KN297320v1","38354","38674","JH378203","7612970","7613287","46","7574616"
"KN297320v1","136814","137075","JH378106","70483264","70483525","30","70346450"
"KN297320v1","147764","148062","JH378117","17810470","17810765","45","17662706"
"KN297320v1","160136","160396","JH378114","23431849","23432115","51","23271713"
"KN297320v1","179481","179754","JH378106","59736126","59736394","34","59556645"
"KN297320v1","220118","220430","JH378148","12255931","12256243","32","12035813"
"KN297320v1","254999","255311","JH378121","9173752","9174060","43","8918753"
"KN297320v1","304074","304382","JH378197","7145768","7146073","33","6841694"
"KN297320v1","352335","352650","JH378121","24259057","24259370","37","23906722"
"KN297320v1","360886","361197","JH378124","26840342","26840650","46","26479456"
"KN297320v1","384146","384457","JH378229","4120796","4121104","41","3736650"
"KN297320v1","385309","385588","JH378157","11837100","11837379","37","11451791"
"KN297320v1","386276","386407","JH378137","4605041","4605173","11","4218765"
"KN297320v1","386410","386715","JH378151","14328037","14328342","39","13941627"
"KN297320v1","420855","421162","JH378197","7145768","7146073","33","6724913"
"KN297320v1","468409","468703","JH378117","8530026","8530322","33","8061617"
"KN297320v1","506398","506673","JH378138","5805828","5806091","40","5299430"
"KN297320v1","594813","595117","JH378155","1667801","1668102","55","1072988"
"KN297320v1","604110","604272","JH378300","788628","788794","25","184518"
"KN297320v1","605962","606268","JH378109","49645695","49645997","46","49039733"
"KN297320v1","609430","609713","JH378216","5614489","5614775","36","5005059"
"KN297320v1","637559","637758","JH378293","1711596","1711786","32","1074037"
"KN297320v1","665383","665687","JH378114","37036188","37036491","35","36370805"
"KN297320v1","762377","762679","JH378138","5380451","5380753","44","4618074"
"KN297320v1","799805","800102","JH378125","19027324","19027621","39","18227519"
"KN297320v1","859243","859428","JH378269","565597","565776","28","293646"
"KN297320v1","893356","893656","JH378293","1524576","1524874","32","631220"
"KN297320v1","955847","956147","JH378139","15235758","15236059","31","14279911"
"KN297320v1","1034547","1034843","JH378163","13372336","13372629","35","12337789"
"KN297320v1","1053629","1053930","JH378111","42112707","42113007","35","41059078"
"KN297320v1","1055268","1055431","JH378117","22370259","22370421","19","21314991"
"KN297320v1","1075348","1075649","JH378107","7568037","7568336","35","6492689"
"KN297320v1","1113329","1113630","JH378130","7315282","7315582","37","6201953"
"KN297320v1","1117599","1117911","JH378289","2125754","2126067","32","1008155"
"KN297320v1","1220277","1220581","JH378118","1390919","1391217","37","170642"
"KN297320v1","1249845","1250181","JH378206","6280299","6280627","56","5030454"
"KN297320v1","1259742","1260044","JH378117","21582911","21583214","34","20323169"
"KN297320v1","1293552","1293851","JH378111","42787057","42787349","39","41493505"
"KN297320v1","1305293","1305485","JH378110","7208915","7209107","37","5903622"
"KN297320v1","1322775","1323075","JH378137","700498","700793","32","622277"
"KN297320v1","1374317","1374620","JH378146","15827373","15827672","54","14453056"
"KN297320v1","1574899","1575194","JH378224","2083850","2084146","29","508951"
"KN297320v1","1698872","1699155","JH378234","250587","250869","42","1448285"
"KN297320v1","1738568","1738858","JH378106","3052818","3053105","40","1314250"
"KN297320v1","1759570","1759876","JH378171","6181069","6181379","41","4421499"
"KN297320v1","1776269","1776401","JH378167","9832511","9832645","17","8056242"
"KN297320v1","1776698","1776918","JH378157","298634","298848","52","1478064"
"KN297320v1","1799416","1799710","JH378333","587605","587900","27","1211811"
"KN297320v1","1877278","1877572","JH378191","6177328","6177618","40","4300050"
"KN297320v1","1900963","1901252","JH378112","35855394","35855682","32","33954431"
"KN297320v1","1933201","1933506","JH378264","1108206","1108503","36","824995"
"KN297320v1","1954905","1955185","JH378173","10591352","10591642","39","8636447"
"KN297320v1","1955412","1955716","JH378123","491683","491985","23","1463729"
"KN297320v1","1956326","1956619","JH378205","5080625","5080919","40","3124299"
"KN297320v1","1957320","1957593","JH378305","764684","764966","42","1192636"
"KN297320v1","1960207","1960461","JH378193","7906466","7906718","32","5946259"
"KN297320v1","1962501","1962764","JH378173","6043976","6044232","29","4081475"
"KN297320v1","1974798","1975087","JH378105","39608516","39608809","40","37633718"
"KN297320v1","1995950","1996262","JH378214","2749240","2749548","40","753290"
"KN297320v1","2006920","2007230","JH378149","15914810","15915120","39","13907890"
"KN297320v1","2027243","2027538","JH378106","6929866","6930160","30","4902623"
"KN297320v1","2029205","2029529","JH378114","41668323","41668648","45","39639118"
"KN297320v1","2044096","2044395","JH378120","31441634","31441934","40","29397538"
"KN297320v1","2050562","2050854","JH378139","19252318","19252611","37","17201756"
"KN297320v1","2060474","2060758","JH378199","1071038","1071332","35","989436"
"KN297320v1","2072757","2073057","JH378110","18001095","18001395","34","15928338"
"KN297320v1","2073928","2074070","JH378188","9232673","9232814","16","7158745"
"KN297320v1","2112636","2112916","JH378137","2561271","2561548","38","448635"
"KN297322v1","241016","241323","JH378113","24179649","24179958","36","23938633"
"KN297322v1","569138","569433","JH378149","15864548","15864843","34","15295410"
"KN297322v1","672280","672583","JH378127","19048485","19048788","34","18376205"
"KN297322v1","888857","889161","JH378119","11538542","11538840","44","10649685"
"KN297322v1","975116","975409","JH378105","63350416","63350707","36","62375300"
"KN297322v1","978967","979276","JH378139","18632207","18632516","44","17653240"
"KN297322v1","1011519","1011790","JH378105","36059082","36059351","44","35047563"
"KN297322v1","1067932","1068240","JH378108","30987077","30987382","43","29919145"
"KN297322v1","1074240","1074477","JH378345","9053","9283","40","1065187"
"KN297322v1","1095214","1095525","JH378125","16714065","16714364","48","15618851"
"KN297322v1","1131637","1131928","JH378247","1642885","1643175","43","511248"
"KN297322v1","1153909","1154219","JH378197","8301771","8302079","39","7147862"
"KN297322v1","1155615","1155924","JH378119","6124403","6124708","37","4968788"
"KN297322v1","1157093","1157259","JH378183","4596532","4596699","23","3439439"
"KN297322v1","1183381","1183685","JH378156","9166475","9166782","37","7983094"
"KN297322v1","1229791","1229876","JH378119","11437925","11438009","15","10208134"
"KN297322v1","1253004","1253309","JH378110","1430769","1431073","46","177765"
"KN297322v1","1256103","1256385","JH378216","5614489","5614775","44","4358386"
"KN297322v1","1270841","1271153","JH378113","28428906","28429220","40","27158065"
"KN297322v1","1274537","1274814","JH378226","5437320","5437595","48","4162783"
"KN297322v1","1275559","1275854","JH378276","503796","504088","36","771763"
"KN297322v1","1284599","1284914","JH378151","9746164","9746474","43","8461565"
"KN297322v1","1300718","1301017","JH378124","15582898","15583197","42","14282180"
"KN297322v1","1320065","1320326","JH378115","27980761","27981028","43","26660696"
"KN297322v1","1321054","1321201","JH378184","5372802","5372943","22","4051748"
"KN297322v1","1329203","1329509","JH378123","491683","491985","44","837520"
"KN297322v1","1339372","1339671","JH378185","204037","204336","35","1135335"
"KN297322v1","1419070","1419352","JH378184","6874607","6874892","45","5455537"
"KN297322v1","1451848","1452021","AGCE01151162","936","1107","20","1450912"
"KN297322v1","1462878","1463162","JH378148","2950270","2950555","39","1487392"
"KN297322v1","1464908","1465202","JH378105","4325405","4325701","42","2860497"
"KN297322v1","1485455","1485757","JH378126","24143188","24143481","41","22657733"
"KN297322v1","1508176","1508479","JH378288","1088673","1088973","47","419503"
"KN297322v1","1531251","1531531","JH378214","7340191","7340460","50","5808940"
"KN297322v1","1542573","1542837","JH378105","34355301","34355553","39","32812728"
"KN297322v1","1611755","1612071","JH378146","149691","150003","35","1462064"
"KN297322v1","1652839","1653139","JH378339","113275","113574","32","1539564"
"KN297322v1","1757899","1758202","JH378348","197171","197474","38","1560728"
"KN297322v1","1836408","1836708","JH378279","2519466","2519771","43","683058"
"KN297322v1","1980036","1980345","JH378112","35515844","35516152","38","33535808"
"KN297322v1","2052096","2052404","JH378171","7791816","7792128","28","5739720"
"KN297322v1","2083640","2083931","JH378105","4325405","4325701","43","2241765"
"KN297322v1","2149576","2149883","JH378111","17020824","17021128","42","14871248"
"KN297322v1","2169252","2169550","JH378106","302141","302440","39","1867111"
"KN297323v1","29620","29821","JH378208","1496707","1496913","35","1467087"
"KN297323v1","32513","32823","JH378176","8157064","8157374","47","8124551"
"KN297323v1","36133","36429","JH378145","2733878","2734174","34","2697745"
"KN297323v1","38280","38553","JH378116","37101356","37101631","42","37063076"
"KN297323v1","60013","60264","JH378220","2596450","2596704","48","2536437"
"KN297323v1","76832","77168","JH378129","22052987","22053305","59","21976155"
"KN297323v1","128162","128445","JH378160","11982721","11983000","38","11854559"
"KN297323v1","162395","162716","JH378112","33298198","33298530","68","33135803"
"KN297323v1","163665","163963","JH378220","2784017","2784313","34","2620352"
"KN297323v1","186185","186272","JH378128","11506241","11506323","12","11320056"
"KN297323v1","188850","189191","JH378141","11024023","11024316","86","10835173"
"KN297323v1","222510","222801","JH378137","13538627","13538918","38","13316117"
"KN297323v1","239970","240246","JH378203","6186181","6186453","52","5946211"
"KN297323v1","260677","260969","JH378108","32878225","32878514","45","32617548"
"KN297323v1","262883","263182","JH378124","11759045","11759346","37","11496162"
"KN297323v1","263461","263754","JH378122","2331104","2331398","37","2067643"
"KN297323v1","299853","300159","JH378158","295993","296306","57","3860"
"KN297323v1","318151","318454","JH378127","22219085","22219383","44","21900934"
"KN297323v1","322257","322569","AGCE01151127","791","1105","37","321466"
"KN297323v1","323594","323894","JH378137","11398263","11398561","37","11074669"
"KN297323v1","327419","327714","JH378115","28712376","28712673","29","28384957"
"KN297323v1","339667","339967","JH378176","9743171","9743468","33","9403504"
"KN297323v1","381089","381390","JH378138","2084662","2084957","39","1703573"
"KN297323v1","404768","405066","JH378137","3566786","3567084","31","3162018"
"KN297323v1","409679","409981","JH378220","2784017","2784313","45","2374338"
"KN297323v1","412418","412720","JH378288","1088673","1088973","31","676255"
"KN297323v1","494653","494949","JH378122","5114824","5115124","42","4620171"
"KN297323v1","578178","578475","JH378131","20072845","20073138","38","19494667"
"KN297323v1","636321","636613","JH378140","4467793","4468086","47","3831472"
"KN297323v1","637483","637671","JH378141","15515987","15516151","57","14878504"
"KN297323v1","638317","638626","JH378264","2773729","2774039","46","2135412"
"KN297323v1","642987","643273","JH378181","10335887","10336177","31","9692900"
"KN297323v1","670347","670644","JH378105","48741671","48741970","45","48071324"
"KN297323v1","671965","672251","JH378106","17756548","17756839","41","17084583"
"KN297323v1","674342","674631","JH378108","42296533","42296820","32","41622191"
"KN297323v1","690099","690232","JH378152","11886257","11886391","17","11196158"
"KN297323v1","690233","690538","JH378197","7145768","7146073","44","6455535"
"KN297323v1","712097","712271","JH378227","4775993","4776158","27","4063896"
"KN297323v1","726796","727102","JH378126","21026752","21027059","32","20299956"
"KN297323v1","801487","801738","JH378106","27361070","27361332","43","26559583"
"KN297323v1","841235","841481","JH378127","22327316","22327565","44","21486081"
"KN297323v1","848701","849008","JH378115","25570507","25570808","43","24721806"
"KN297323v1","903244","903378","JH378213","515831","515961","17","387413"
"KN297323v1","903671","903842","JH378105","13261414","13261582","21","12357743"
"KN297323v1","952349","952649","JH378288","1088673","1088973","38","136324"
"KN297323v1","959431","959542","JH378110","22178927","22179036","14","21219496"
"KN297323v1","960145","960172","JH378111","33423149","33423167","13","32463004"
"KN297323v1","960173","960335","JH378122","7293865","7294028","26","6333692"
"KN297323v1","961112","961417","JH378288","1088673","1088973","35","127561"
"KN297323v1","961571","961883","JH378126","21026752","21027059","48","20065181"
"KN297323v1","962591","962722","JH378123","11618393","11618525","17","10655802"
"KN297323v1","962726","963035","JH378139","18632207","18632516","31","17669481"
"KN297323v1","963640","963946","JH378157","4998218","4998526","35","4034578"
"KN297323v1","982691","982880","JH378115","3177366","3177556","36","2194675"
"KN297323v1","983110","983244","JH378149","1572544","1572673","20","589434"
"KN297323v1","987042","987347","JH378334","216671","216977","39","770371"
"KN297323v1","1009899","1010184","JH378111","19524517","19524801","36","18514618"
"KN297323v1","1010364","1010419","JH378118","7486179","7486232","15","6475815"
"KN297323v1","1019671","1019958","JH378118","27240197","27240484","40","26220526"
"KN297323v1","1038529","1038848","JH378115","16925265","16925575","41","15886736"
"KN297323v1","1054729","1055041","JH378118","24374217","24374525","38","23319488"
"KN297323v1","1096819","1097088","JH378137","21072764","21073035","45","19975945"
"KN297323v1","1152882","1153193","JH378213","47095","47402","42","1105787"
"KN297323v1","1160183","1160488","JH378126","21026752","21027059","44","19866569"
"KN297323v1","1168834","1169136","JH378142","18955749","18956055","33","17786915"
"KN297327v1","37182","37347","JH378122","7293865","7294028","23","7256683"
"KN297327v1","76988","77296","JH378106","1533545","1533849","41","1456557"
"KN297327v1","86938","87213","JH378137","2561271","2561548","40","2474333"
"KN297327v1","125973","126258","JH378146","14331682","14331970","48","14205709"
"KN297327v1","129676","129997","JH378108","46666898","46667209","50","46537222"
"KN297327v1","157767","158065","JH378115","28712376","28712673","35","28554609"
"KN297327v1","196836","197146","JH378129","10853809","10854123","35","10656973"
"KN297327v1","219993","220303","JH378224","2769148","2769454","37","2549155"
"KN297327v1","283100","283410","JH378146","149691","150003","36","133409"
"KN297327v1","286426","286725","JH378113","14455819","14456118","27","14169393"
"KN297327v1","378267","378559","JH378175","9195522","9195813","36","8817255"
"KN297327v1","391502","391799","JH378124","17923330","17923624","37","17531828"
"KN297327v1","399104","399417","JH378108","17949913","17950223","40","17550809"
"KN297327v1","417643","417942","JH378228","5509057","5509356","33","5091414"
"KN297327v1","420183","420473","JH378109","14372976","14373265","48","13952793"
"KN297327v1","421436","421730","JH378139","19252318","19252611","40","18830882"
"KN297327v1","490339","490641","JH378220","2784017","2784313","36","2293678"
"KN297327v1","624309","624625","JH378115","16925265","16925575","42","16300956"
"KN297327v1","708151","708448","JH378122","10686670","10686967","30","9978519"
"KN297327v1","710093","710403","JH378206","1109787","1110092","38","399694"
"KN297327v1","735799","736101","JH378241","5492398","5492696","33","4756599"
"KN297327v1","849086","849380","JH378176","9716970","9717264","41","8867884"
"KN297327v1","903311","903615","JH378111","8162796","8163099","34","7259485"
"KN297327v1","918622","918934","JH378112","33214699","33215012","41","32296077"
"KN297327v1","922411","922708","JH378191","6177328","6177618","31","5254917"
"KN297327v1","932405","932675","JH378136","6731743","6731996","46","5799338"
"KN297327v1","1083029","1083337","JH378110","32305325","32305628","32","31222296"
"KN297331v1","124894","125198","JH378224","2769148","2769454","37","2644254"
"KN297331v1","201387","201685","JH378116","28869529","28869826","35","28668142"
"KN297332v1","9096","9341","JH378110","15827408","15827655","31","15818312"
"KN297332v1","33654","33954","JH378127","22219085","22219383","29","22185431"
"KN297332v1","81251","81559","JH378110","19934311","19934616","46","19853060"
"KN297332v1","98373","98667","JH378242","97287","97580","29","1086"
"KN297332v1","194731","195043","JH378156","2540624","2540935","38","2345893"
"KN297332v1","201847","202153","JH378120","29808492","29808793","59","29606645"
"KN297332v1","288964","289270","JH378148","11033605","11033915","44","10744641"
"KN297335v1","73208","73509","JH378116","22991807","22992108","34","22918599"
"KN297340v1","61015","61295","JH378115","16519060","16519341","42","16458045"
"KN297340v1","90528","90831","JH378117","29568742","29569045","46","29478214"
"KN297341v1","28435","28716","JH378153","7392982","7393269","39","7364547"
"KN297341v1","66328","66577","JH378151","8290347","8290596","36","8224019"
"KN297341v1","111965","112247","JH378169","3247221","3247500","35","3135256"
"KN297341v1","141721","142030","JH378130","3292901","3293206","39","3151180"
"KN297341v1","200462","200770","JH378119","11179406","11179710","40","10978944"
"KN297342v1","163476","163563","JH378197","4164856","4164939","12","4001380"
"KN297342v1","176860","177149","JH378181","10335887","10336177","35","10159027"
"KN297342v1","195970","196296","JH378138","2746843","2747155","48","2550873"
"KN297342v1","204222","204497","JH378136","6880851","6881125","48","6676629"
"KN297342v1","279616","279894","JH378156","11364071","11364340","38","11084455"
"KN297342v1","314943","315258","JH378135","1608791","1609100","46","1293848"
"KN297342v1","323938","324182","JH378119","27331241","27331476","37","27007303"
"KN297342v1","331082","331384","JH378108","30731255","30731558","31","30400173"
"KN297342v1","340310","340590","JH378218","186074","186352","46","154236"
"KN297342v1","375436","375713","JH378144","1177515","1177792","34","802079"
"KN297343v1","68747","69052","JH378127","14141340","14141644","41","14072593"
"KN297343v1","139048","139216","JH378130","16132146","16132321","23","15993098"
"KN297343v1","139242","139383","JH378123","22110568","22110703","19","21971326"
"KN297343v1","383731","384019","JH378137","9271722","9272011","37","8887991"
"KN297343v1","384025","384155","JH378198","7866507","7866638","14","7482482"
"KN297343v1","412938","413229","JH378205","5080625","5080919","30","4667687"
"KN297343v1","419313","419606","JH378131","20072845","20073138","42","19653532"
"KN297343v1","436373","436634","JH378110","41240093","41240351","41","40803720"
"KN297343v1","465857","466158","JH378124","15582898","15583197","39","15117041"
"KN297343v1","469671","469979","JH378106","1705581","1705889","37","1235910"
"KN297343v1","480942","481073","JH378249","3726059","3726189","17","3245117"
"KN297343v1","529378","529676","JH378170","4783494","4783792","32","4254116"
"KN297343v1","590794","591091","JH378170","4783494","4783792","35","4192700"
"KN297343v1","637821","638132","JH378216","6474633","6474943","31","5836812"
"KN297343v1","691991","692293","JH378124","15582898","15583197","33","14890907"
"KN297343v1","820446","820751","JH378241","5492094","5492394","36","4671648"
"KN297343v1","1050963","1051270","JH378109","11466484","11466791","35","10415521"
"KN297343v1","1288148","1288443","JH378114","12072074","12072370","36","10783926"
"KN297343v1","1563382","1563686","JH378203","3911868","3912168","46","2348486"
"KN297343v1","1622554","1622858","JH378115","25570507","25570808","29","23947953"
"KN297343v1","1684511","1684811","JH378137","4003210","4003509","34","2318699"
"KN297343v1","1761710","1762007","JH378220","2784017","2784313","30","1022307"
"KN297343v1","1863782","1864075","JH378171","136461","136759","31","1727321"
"KN297343v1","1872294","1872589","JH378213","2291870","2292163","32","419576"
"KN297343v1","1899038","1899341","JH378189","1225012","1225313","43","674026"
"KN297343v1","1900623","1900916","JH378105","55697359","55697652","31","53796736"
"KN297343v1","1903871","1904148","JH378111","19524517","19524801","47","17620646"
"KN297343v1","1913418","1913717","JH378170","4783494","4783792","30","2870076"
"KN297343v1","1916856","1916942","JH378125","5308706","5308792","16","3391850"
"KN297343v1","1917381","1917634","JH378173","6043976","6044232","39","4126595"
"KN297343v1","1927563","1927871","JH378126","21026752","21027059","42","19099189"
"KN297343v1","1931383","1931692","JH378220","1681167","1681479","54","250216"
"KN297343v1","1934704","1935000","JH378144","7235841","7236134","41","5301137"
"KN297343v1","1946748","1947057","JH378158","5632134","5632434","41","3685386"
"KN297343v1","1951152","1951445","JH378151","15551938","15552226","36","13600786"
"KN297343v1","1956222","1956433","JH378189","1505699","1505924","52","450523"
"KN297343v1","1959081","1959369","JH378149","1400224","1400513","27","558857"
"KN297343v1","1974016","1974310","JH378137","17138846","17139141","32","15164830"
"KN297343v1","1976754","1976979","AGCE01150955","1","234","26","1976753"
"KN297343v1","2002874","2003147","JH378115","17764956","17765241","61","15762082"
"KN297343v1","2005856","2006153","JH378109","5797216","5797515","36","3791360"
"KN297343v1","2018874","2019168","JH378151","8381511","8381803","27","6362637"
"KN297343v1","2034141","2034445","JH378199","4983750","4984049","38","2949609"
"KN297343v1","2073733","2073874","JH378301","430899","431041","25","1642834"
"KN297343v1","2108592","2108879","JH378120","30228729","30229018","37","28120137"
"KN297343v1","2133711","2134022","JH378245","3027684","3027992","51","893973"
"KN297346v1","62528","62813","JH378171","1489778","1490071","38","1427250"
"KN297349v1","49341","49385","JH378162","14556122","14556161","10","14506781"
"KN297349v1","98854","99143","JH378106","45314834","45315127","37","45215980"
"KN297349v1","183845","184131","JH378113","28252367","28252645","39","28068522"
"KN297349v1","185602","185926","JH378106","47727719","47728039","39","47542117"
"KN297349v1","229400","229705","JH378148","15796597","15796901","35","15567197"
"KN297349v1","250602","250902","JH378255","1560098","1560402","33","1309496"
"KN297349v1","320741","321051","JH378130","15988879","15989189","39","15668138"
"KN297349v1","344381","344640","JH378115","35845421","35845680","41","35501040"
"KN297353v1","7319","7628","JH378217","1408339","1408649","50","1401020"
"KN297354v1","84574","84869","JH378151","8381511","8381803","43","8296937"
"KN297354v1","102097","102405","JH378176","8157064","8157374","42","8054967"
"KN297354v1","225042","225164","JH378113","858276","858395","17","633234"
"KN297354v1","380646","380767","JH378105","56084182","56084311","19","55703536"
"KN297354v1","571844","572150","JH378141","12497400","12497705","47","11925556"
"KN297354v1","943727","944022","JH378115","27062769","27063061","42","26119042"
"KN297354v1","1025321","1025657","JH378231","1973447","1973783","53","948126"
"KN297354v1","1100152","1100456","JH378110","19934311","19934616","42","18834159"
"KN297354v1","1180885","1181133","JH378193","7906466","7906718","38","6725581"
"KN297360v1","83754","83941","JH378124","6636924","6637108","27","6553170"
"KN297360v1","274205","274485","JH378115","31744208","31744484","37","31470003"
"KN297360v1","277197","277513","JH378150","10126172","10126487","44","9848975"
"KN297360v1","292546","292855","JH378229","4120796","4121104","35","3828250"
"KN297360v1","317001","317297","JH378197","1526625","1526915","48","1209624"
"KN297361v1","14131","14440","JH378111","11095721","11096033","36","11081590"
"KN297361v1","63820","63916","JH378109","12516479","12516566","41","12452659"
"KN297361v1","79275","79569","JH378109","44911835","44912116","49","44832560"
"KN297361v1","269574","269883","JH378224","2769148","2769454","40","2499574"
"KN297361v1","284952","285260","JH378115","23201999","23202310","41","22917047"
"KN297361v1","314104","314403","JH378115","21625374","21625682","43","21311270"
"KN297361v1","361224","361434","JH378159","4092978","4093203","43","3731754"
"KN297361v1","361437","361609","JH378128","10706844","10707004","35","10345407"
"KN297361v1","369039","369256","JH378127","8384678","8384887","29","8015639"
"KN297361v1","408807","409100","JH378151","8381511","8381803","37","7972704"
"KN297361v1","411156","411439","JH378126","11198637","11198921","45","10787481"
"KN297364v1","89247","89403","JH378164","9341233","9341390","18","9251986"
"KN297366v1","481038","481346","JH378250","434340","434647","38","46698"
"KN297366v1","565084","565383","JH378223","258417","258711","37","306667"
"KN297366v1","591644","591948","JH378123","491683","491985","40","99961"
"KN297366v1","1046158","1046290","JH378128","25033145","25033275","17","23986987"
"KN297366v1","1803023","1803307","JH378198","224017","224295","54","1579006"
"KN297366v1","2107071","2107346","JH378109","22315368","22315653","40","20208297"
"KN297366v1","2453903","2454196","JH378141","12391086","12391376","36","9937183"
"KN297366v1","2478370","2478666","JH378220","2784017","2784313","34","305647"
"KN297366v1","2512743","2513052","JH378170","3959339","3959640","41","1446596"
"KN297366v1","2623536","2623832","JH378117","35825004","35825299","37","33201468"
"KN297366v1","2688202","2688504","JH378137","11282926","11283229","34","8594724"
"KN297366v1","2794053","2794367","JH378167","5351158","5351469","43","2557105"
"KN297366v1","2906134","2906441","JH378216","4255364","4255675","39","1349230"
"KN297366v1","2998068","2998362","JH378115","25570507","25570808","36","22572439"
"KN297366v1","3005430","3005738","JH378149","16136463","16136764","38","13131033"
"KN297366v1","3029617","3029914","JH378139","18955642","18955939","46","15926025"
"KN297366v1","3031369","3031661","JH378120","30513421","30513713","40","27482052"
"KN297366v1","3041817","3042113","JH378118","1906387","1906686","41","1135430"
"KN297366v1","3043521","3043763","JH378140","7682437","7682680","45","4638916"
"KN297366v1","3047724","3048036","JH378193","2904976","2905286","41","142748"
"KN297366v1","3059934","3060129","JH378162","10830129","10830312","37","7770195"
"KN297366v1","3094417","3094607","JH378113","29740366","29740556","28","26645949"
"KN297366v1","3094608","3094925","JH378113","6613006","6613316","44","3518398"
"KN297366v1","3094926","3095059","JH378266","3574883","3575016","15","479957"
"KN297367v1","5636","5693","JH378153","3050678","3050735","17","3045042"
"KN297367v1","178131","178278","JH378107","44202985","44203133","20","44024854"
"KN297369v1","65204","65520","JH378107","27660529","27660838","38","27595325"
"KN297369v1","166430","166740","JH378115","16925265","16925575","39","16758835"
"KN297369v1","482545","482858","JH378225","6457829","6458137","29","5975284"
"KN297369v1","560856","561025","JH378105","13261414","13261582","20","12700558"
"KN297369v1","561059","561186","JH378173","3428304","3428432","14","2867245"
"KN297369v1","580112","580412","JH378146","15827373","15827672","49","15247261"
"KN297369v1","801229","801573","JH378137","2424441","2424778","56","1623212"
"KN297369v1","878361","878680","JH378106","68063079","68063393","49","67184718"
"KN297369v1","1170280","1170582","JH378170","5183299","5183600","38","4013019"
"KN297369v1","1303207","1303429","JH378110","32879613","32879840","28","31576406"
"KN297369v1","1307460","1307742","JH378189","5025483","5025778","43","3718023"
"KN297369v1","1376157","1376462","JH378126","21026752","21027059","41","19650595"
"KN297369v1","1398602","1398907","JH378157","7469701","7470007","41","6071099"
"KN297369v1","1820871","1821174","JH378135","17495792","17496088","46","15674921"
"KN297369v1","1934030","1934343","JH378167","5351158","5351469","39","3417128"
"KN297369v1","1995852","1996160","JH378288","1088673","1088973","32","907179"
"KN297369v1","2046152","2046452","JH378122","10686670","10686967","34","8640518"
"KN297369v1","2070120","2070428","JH378138","5380451","5380753","31","3310331"
"KN297369v1","2231889","2232189","JH378122","7536361","7536659","41","5304472"
"KN297369v1","2311243","2311543","JH378160","11360173","11360474","44","9048930"
"KN297369v1","2383560","2383830","JH378137","15901279","15901554","36","13517719"
"KN297369v1","2415312","2415535","JH378204","6594513","6594735","34","4179201"
"KN297370v1","28305","28579","JH378112","35789491","35789771","39","35761186"
"KN297370v1","105527","105826","JH378193","1666179","1666475","47","1560652"
"KN297370v1","179333","179613","JH378198","809601","809884","46","630268"
"KN297370v1","401346","401626","JH378226","5396007","5396291","38","4994661"
"KN297370v1","446463","446745","JH378108","42296533","42296820","38","41850070"
"KN297370v1","468223","468507","JH378106","3052818","3053105","45","2584595"
"KN297370v1","555924","556224","JH378110","32631101","32631403","41","32075177"
"KN297370v1","639621","639706","JH378305","1636812","1636898","14","997191"
"KN297370v1","846392","846688","JH378114","12072074","12072370","37","11225682"
"KN297370v1","984338","984649","JH378167","5351158","5351469","39","4366820"
"KN297370v1","1006474","1006778","JH378110","19934311","19934616","38","18927837"
"KN297374v1","83144","83459","JH378108","36916013","36916324","48","36832869"
"KN297374v1","87021","87321","JH378137","11398263","11398561","42","11311242"
"KN297374v1","108608","108916","JH378119","6124403","6124708","42","6015795"
"KN297374v1","114660","114967","JH378126","21026752","21027059","32","20912092"
"KN297375v1","58190","58378","JH378111","38190758","38190938","33","38132568"
"KN297375v1","152552","152857","JH378179","1841978","1842282","39","1689426"
"KN297375v1","256734","257018","JH378128","2923681","2923966","50","2666947"
"KN297375v1","318335","318644","JH378135","11925651","11925960","35","11607316"
"KN297375v1","334186","334494","JH378123","491683","491985","28","157497"
"KN297376v1","2582","2883","JH378127","22074324","22074626","30","22071742"
"KN297380v1","1397","1690","JH378148","15735470","15735761","32","15734073"
"KN297381v1","246836","247140","JH378199","4482107","4482408","35","4235271"
"KN297382v1","1882","2183","JH378114","31665064","31665366","33","31663182"
"KN297382v1","7337","7617","JH378227","2461202","2461478","42","2453865"
"KN297382v1","250128","250415","JH378107","6641537","6641829","41","6391409"
"KN297382v1","293030","293338","JH378116","11181268","11181574","49","10888238"
"KN297386v1","98145","98445","JH378236","733320","733615","37","635175"
"KN297386v1","147710","147999","JH378107","49473760","49474052","26","49326050"
"KN297386v1","278598","278697","JH378108","44850599","44850694","9","44572001"
"KN297386v1","585919","586079","JH378120","19635734","19635894","18","19049815"
"KN297386v1","962204","962285","JH378197","4164856","4164939","10","3202652"
"KN297386v1","1209378","1209692","JH378204","6493604","6493911","39","5284226"
"KN297386v1","1224510","1224819","JH378122","10172818","10173128","37","8948308"
"KN297386v1","1302821","1303115","JH378111","11160555","11160844","35","9857734"
"KN297386v1","1333898","1334192","JH378124","15582898","15583197","37","14249000"
"KN297386v1","1343638","1343936","JH378115","28712376","28712673","37","27368738"
"KN297386v1","1366277","1366443","JH378122","7293865","7294028","19","5927588"
"KN297386v1","1420521","1420833","JH378281","2628589","2628899","35","1208068"
"KN297386v1","1538020","1538320","JH378106","67696353","67696639","43","66158333"
"KN297386v1","1676987","1677295","JH378110","12146106","12146409","40","10469119"
"KN297386v1","1696203","1696493","JH378232","3469099","3469391","48","1772896"
"KN297386v1","1869481","1869817","JH378207","7260369","7260705","45","5390888"
"KN297386v1","1952585","1952753","JH378177","1605225","1605393","22","347360"
"KN297386v1","1998438","1998710","JH378137","3006652","3006925","41","1008214"
"KN297386v1","2031184","2031412","JH378136","8223942","8224164","33","6192758"
"KN297386v1","2083895","2084178","JH378127","10291336","10291619","35","8207441"
"KN297386v1","2176547","2176845","JH378136","7727266","7727563","37","5550719"
"KN297386v1","2262541","2262849","JH378110","32975507","32975812","33","30712966"
"KN297386v1","2526169","2526473","JH378197","7145768","7146073","34","4619599"
"KN297386v1","2599643","2599810","JH378317","212979","213151","31","2386664"
"KN297388v1","2412","2711","JH378129","10258595","10258896","33","10256183"
"KN297388v1","4678","4873","JH378153","13041352","13041544","21","13036674"
"KN297388v1","78764","79078","JH378124","15558279","15558590","36","15479515"
"KN297390v1","12040","12345","JH378115","25041145","25041450","34","25029105"
"KN297390v1","25265","25553","JH378131","1106043","1106335","51","1080778"
"KN297390v1","32067","32378","JH378120","16327645","16327955","31","16295578"
"KN297390v1","111133","111437","JH378179","1841978","1842282","39","1730845"
"KN297390v1","147197","147500","JH378113","6692573","6692881","49","6545376"
"KN297390v1","187181","187484","JH378110","44458587","44458889","39","44271406"
"KN297390v1","205730","206033","JH378188","8126242","8126541","35","7920512"
"KN297390v1","217979","218314","JH378168","5184750","5185073","55","4966771"
"KN297390v1","298938","299215","JH378221","1928467","1928741","41","1629529"
"KN297390v1","396485","396598","JH378168","2612024","2612133","17","2215539"
"KN297390v1","1272616","1272910","JH378152","11319672","11319966","33","10047056"
"KN297390v1","1455781","1456079","JH378157","7230702","7230999","32","5774921"
"KN297390v1","1617393","1617697","JH378115","25806536","25806838","40","24189143"
"KN297394v1","134528","134841","JH378120","16327645","16327955","40","16193117"
"KN297398v1","1858","2178","JH378150","10126172","10126487","52","10124314"
"KN297398v1","110917","111216","JH378216","7222961","7223257","38","7112044"
"KN297398v1","134796","135093","JH378169","5816225","5816518","36","5681429"
"KN297398v1","137056","137354","JH378124","4920301","4920597","35","4783245"
"KN297398v1","161437","161737","JH378118","29402355","29402652","34","29240918"
"KN297398v1","179761","180056","JH378143","13602133","13602427","40","13422372"
"KN297400v1","34081","34367","JH378108","23244677","23244967","32","23210596"
"KN297402v1","27260","27520","JH378187","1954905","1955163","32","1927645"
"KN297402v1","41474","41765","JH378151","8381511","8381803","33","8340037"
"KN297402v1","132678","132972","JH378137","7407944","7408236","36","7275266"
"KN297402v1","163091","163377","JH378120","17788639","17788928","37","17625548"
"KN297402v1","173240","173534","JH378107","6341497","6341789","35","6168257"
"KN297402v1","176417","176700","JH378124","23918749","23919028","41","23742332"
"KN297402v1","269958","270263","JH378106","6434398","6434702","38","6164440"
"KN297402v1","273527","273835","JH378125","4974997","4975316","47","4701470"
"KN297402v1","274405","274717","JH378126","21026752","21027059","34","20752347"
"KN297403v1","108855","109137","JH378152","10737028","10737308","32","10628173"
"KN297404v1","14521","14814","JH378110","35076565","35076859","35","35062044"
"KN297404v1","17012","17306","JH378265","2263256","2263553","34","2246244"
"KN297404v1","86201","86505","JH378185","841607","841910","41","755406"
"KN297404v1","105550","105846","JH378170","4783494","4783792","32","4677944"
"KN297404v1","111908","112218","JH378197","7145768","7146073","36","7033860"
"KN297404v1","114231","114527","JH378122","7536361","7536659","26","7422130"
"KN297404v1","126444","126739","JH378163","13372336","13372629","36","13245892"
"KN297404v1","134119","134426","JH378152","11654622","11654934","52","11520503"
"KN297404v1","144941","145069","JH378335","523335","523458","18","378394"
"KN297404v1","153500","153801","JH378245","1256724","1257025","49","1103224"
"KN297404v1","173049","173351","JH378105","63827132","63827433","32","63654083"
"KN297404v1","196360","196655","JH378106","69239155","69239449","28","69042795"
"KN297404v1","196955","197234","JH378281","2355323","2355607","39","2158368"
"KN297404v1","232996","233287","JH378159","2054904","2055199","36","1821908"
"KN297404v1","288938","289205","JH378220","1035283","1035555","32","746345"
"KN297404v1","306591","306896","JH378115","23201999","23202310","32","22895408"
"KN297404v1","317544","317846","JH378213","5393305","5393609","31","5075761"
"KN297404v1","321794","322057","JH378106","27361070","27361332","29","27039276"
"KN297404v1","326208","326490","JH378145","3227673","3227954","39","2901465"
"KN297404v1","328487","328804","JH378115","25497952","25498257","39","25169465"
"KN297404v1","392358","392638","JH378201","5342475","5342754","30","4950117"
"KN297406v1","7184","7468","JH378139","16138586","16138868","40","16131402"
"KN297406v1","9383","9690","JH378225","6457829","6458137","32","6448446"
"KN297406v1","106559","106867","JH378170","11285487","11285795","41","11178928"
"KN297406v1","110953","111255","JH378123","497003","497309","35","386050"
"KN297408v1","1179626","1179936","JH378114","41731735","41732046","40","40552109"
"KN297408v1","61836","62136","JH378228","5509057","5509356","35","5447221"
"KN297408v1","69277","69597","JH378281","272448","272763","40","203171"
"KN297408v1","72540","72818","JH378177","6664715","6664994","27","6592175"
"KN297408v1","76235","76311","JH378109","45166691","45166766","7","45090456"
"KN297408v1","81549","81859","JH378290","1943125","1943433","39","1861576"
"KN297408v1","82031","82351","JH378131","10655501","10655807","48","10573470"
"KN297408v1","89619","89928","JH378112","33214699","33215012","40","33125080"
"KN297408v1","97611","97930","JH378206","4086994","4087300","44","3989383"
"KN297408v1","102218","102523","JH378126","21026752","21027059","39","20924534"
"KN297408v1","105049","105344","JH378129","10258595","10258896","50","10153546"
"KN297408v1","113521","113810","JH378153","7392982","7393269","33","7279461"
"KN297408v1","115920","116190","JH378179","1520666","1520941","41","1404746"
"KN297408v1","119367","119663","JH378116","28869529","28869826","35","28750162"
"KN297408v1","129575","129870","JH378118","27503431","27503730","35","27373856"
"KN297408v1","156913","157282","JH378197","2015201","2015551","88","1858288"
"KN297408v1","169536","169830","JH378170","4783494","4783792","38","4613958"
"KN297408v1","181030","181329","JH378170","4783494","4783792","34","4602464"
"KN297408v1","217676","217972","JH378199","7593197","7593494","39","7375521"
"KN297408v1","224172","224298","JH378118","17326802","17326925","15","17102630"
"KN297408v1","224324","224488","JH378119","14516915","14517080","21","14292591"
"KN297408v1","250607","250699","AGCE01150403","1237","1330","7","249370"
"KN297408v1","258170","258480","JH378229","4120796","4121104","38","3862626"
"KN297408v1","319350","319644","JH378205","5080625","5080919","33","4761275"
"KN297408v1","326493","326679","JH378187","657558","657737","21","331065"
"KN297408v1","388178","388474","JH378138","13154602","13154895","46","12766424"
"KN297408v1","413742","414046","JH378140","6602564","6602868","34","6188822"
"KN297408v1","422117","422417","JH378139","19415987","19416286","40","18993870"
"KN297408v1","430064","430362","JH378155","15098133","15098431","30","14668069"
"KN297408v1","432955","433259","JH378151","4318339","4318636","43","3885384"
"KN297408v1","437919","438228","JH378139","18632207","18632516","38","18194288"
"KN297408v1","449426","449712","JH378146","2213893","2214175","41","1764467"
"KN297408v1","461775","462079","JH378139","1159515","1159824","42","697740"
"KN297408v1","468395","468703","JH378120","16327645","16327955","29","15859250"
"KN297408v1","471447","471611","JH378235","668861","669027","22","197414"
"KN297408v1","477496","477797","JH378139","17878350","17878657","41","17400854"
"KN297408v1","486209","486520","JH378140","4975846","4976159","34","4489637"
"KN297408v1","501471","501762","JH378267","45709","46000","40","455762"
"KN297408v1","508683","508984","JH378122","16774330","16774628","41","16265647"
"KN297408v1","574775","575052","JH378139","9565692","9565973","37","8990917"
"KN297408v1","586005","586286","JH378120","24608971","24609252","45","24022966"
"KN297408v1","612632","612931","JH378223","4483936","4484228","37","3871304"
"KN297408v1","650776","651105","JH378139","11287297","11287622","52","10636521"
"KN297408v1","778072","778245","JH378135","381040","381211","25","397032"
"KN297408v1","778246","778538","JH378110","39706997","39707294","35","38928751"
"KN297408v1","778539","778670","JH378143","6057565","6057700","14","5279026"
"KN297408v1","925515","925693","JH378105","13514656","13514829","30","12589141"
"KN297411v1","7236","7314","JH378123","24074889","24074971","22","24067653"
"KN297415v1","65398","65710","JH378167","5351158","5351469","38","5285760"
"KN297415v1","462267","462563","JH378166","9829459","9829758","35","9367192"
"KN297415v1","500416","500697","JH378177","2554492","2554776","39","2054076"
"KN297415v1","675330","675646","JH378197","8301771","8302079","42","7626441"
"KN297415v1","729148","729446","JH378170","4783494","4783792","25","4054346"
"KN297415v1","769514","769826","JH378114","19905240","19905549","42","19135726"
"KN297415v1","778895","779194","JH378139","18955642","18955939","39","18176747"
"KN297415v1","862663","862966","JH378119","23106486","23106789","40","22243823"
"KN297415v1","896749","896919","JH378166","1486705","1486878","25","589956"
"KN297415v1","930464","930697","JH378118","9594419","9594654","36","8663955"
"KN297415v1","1003601","1003913","JH378151","7626254","7626559","42","6622653"
"KN297416v1","47785","48072","JH378106","3052818","3053105","34","3005033"
"KN297416v1","138980","139284","JH378148","6480728","6481028","34","6341748"
"KN297416v1","152954","153254","JH378228","5509057","5509356","32","5356103"
"KN297420v1","6736","7048","JH378165","5077694","5078005","38","5070958"
"KN297420v1","13822","14134","JH378171","6181069","6181379","45","6167247"
"KN297420v1","14147","14450","JH378148","13562677","13562987","61","13548530"
"KN297421v1","8982","9285","JH378126","21026752","21027059","47","21017770"
"KN297421v1","13055","13159","JH378188","8835013","8835087","37","8821958"
"KN297421v1","25159","25482","JH378137","20106451","20106768","52","20081292"
"KN297421v1","26559","26688","JH378137","16178972","16179100","20","16152413"
"KN297421v1","49454","49537","JH378136","17848706","17848792","15","17799252"
"KN297421v1","125447","125737","JH378193","1240379","1240665","36","1114932"
"KN297421v1","146115","146430","JH378115","23201999","23202310","34","23055884"
"KN297421v1","171855","172149","JH378224","4979396","4979692","38","4807541"
"KN297421v1","179708","180025","JH378264","2773729","2774039","48","2594021"
"KN297421v1","203603","203900","JH378142","1037845","1038132","45","834242"
"KN297421v1","239258","239368","JH378149","17394115","17394223","15","17154857"
"KN297421v1","268729","268893","JH378181","5895050","5895213","23","5626321"
"KN297421v1","268922","269049","JH378154","14597869","14597997","15","14328947"
"KN297421v1","270870","271172","JH378137","4677249","4677553","39","4406379"
"KN297421v1","283598","283871","JH378113","699321","699578","54","415723"
"KN297421v1","284487","284781","JH378134","15231656","15231949","47","14947169"
"KN297421v1","295116","295412","JH378144","7235841","7236134","38","6940725"
"KN297421v1","297107","297344","JH378140","5100421","5100648","39","4803314"
"KN297421v1","320337","320605","JH378123","11613806","11614072","38","11293469"
"KN297421v1","320737","320903","JH378149","10000003","10000169","27","9679266"
"KN297421v1","352922","353233","JH378135","17620196","17620501","44","17267274"
"KN297421v1","354509","354809","JH378123","491683","491985","41","137174"
"KN297422v1","195620","195924","JH378163","8378732","8379034","42","8183112"
"KN297422v1","367672","367908","JH378177","4104177","4104415","37","3736505"
"KN297427v1","42919","43209","JH378173","3472114","3472404","41","3429195"
"KN297427v1","63063","63351","JH378151","8652626","8652916","50","8589563"
"KN297427v1","114133","114443","JH378167","5351158","5351469","37","5237025"
"KN297427v1","115529","115688","JH378291","1578400","1578560","18","1462871"
"KN297431v1","34274","34560","JH378142","12081321","12081616","46","12047047"
"KN297431v1","99543","99630","JH378141","7840976","7841063","10","7741433"
"KN297431v1","176503","176809","JH378126","21026752","21027059","39","20850249"
"KN297431v1","298218","298435","JH378202","3811819","3812042","34","3513601"
"KN297431v1","397477","397742","JH378293","2162011","2162274","41","1764534"
"KN297431v1","407838","407966","JH378199","1517449","1517578","20","1109611"
"KN297431v1","407967","408235","JH378173","1654640","1654918","40","1246673"
"KN297431v1","408236","408449","JH378105","35335328","35335528","47","34927092"
"KN297431v1","431248","431547","JH378139","1159515","1159824","51","728267"
"KN297431v1","456627","456766","JH378107","43659539","43659676","16","43202912"
"KN297431v1","472610","472900","JH378151","8652626","8652916","31","8180016"
"KN297431v1","474288","474578","JH378140","5366694","5366983","40","4892406"
"KN297431v1","479410","479704","JH378254","3916143","3916437","32","3436733"
"KN297431v1","494398","494698","JH378111","27908368","27908667","39","27413970"
"KN297431v1","508383","508656","JH378114","29675067","29675349","41","29166684"
"KN297431v1","536575","536877","JH378197","793455","793765","37","256880"
"KN297431v1","541422","541720","JH378116","14360007","14360298","48","13818585"
"KN297431v1","557424","557712","JH378124","15582898","15583197","40","15025474"
"KN297431v1","565041","565316","JH378177","4823437","4823714","37","4258396"
"KN297431v1","565905","566199","JH378127","22687634","22687931","34","22121729"
"KN297431v1","566924","567233","JH378156","2578741","2579050","40","2011817"
"KN297431v1","568764","569069","JH378123","491683","491985","43","77081"
"KN297431v1","585376","585675","JH378107","7568037","7568336","34","6982661"
"KN297431v1","602669","602974","JH378137","14789854","14790159","45","14187185"
"KN297431v1","606292","606583","JH378197","1421270","1421558","42","814978"
"KN297431v1","624076","624388","JH378264","2773729","2774039","37","2149653"
"KN297431v1","727907","728278","JH378109","26352259","26352641","105","25624352"
"KN297431v1","757991","758289","JH378153","11874540","11874839","38","11116549"
"KN297431v1","788656","788936","JH378111","19524517","19524801","36","18735861"
"KN297431v1","825345","825599","JH378151","8486123","8486386","38","7660778"
"KN297432v1","309126","309422","JH378130","237288","237587","38","71838"
"KN297432v1","571665","571970","JH378203","7443616","7443916","40","6871951"
"KN297434v1","19060","19361","JH378289","2125754","2126067","46","2106694"
"KN297434v1","71411","71718","JH378339","468337","468641","42","396926"
"KN297434v1","313892","314176","JH378126","17840810","17841096","49","17526918"
"KN297440v1","127974","128157","JH378144","967674","967858","32","839700"
"KN297440v1","141016","141328","JH378193","9064556","9064861","36","8923540"
"KN297440v1","178221","178524","JH378116","28869529","28869826","39","28691308"
"KN297442v1","271987","272262","JH378220","1035283","1035555","45","763296"
"KN297442v1","312759","313063","JH378166","1276502","1276806","38","963743"
"KN297442v1","335265","335561","JH378170","4783494","4783792","31","4448229"
"KN297442v1","343008","343307","JH378108","32833295","32833590","36","32490287"
"KN297442v1","383851","384151","JH378228","5509057","5509356","38","5125206"
"KN297442v1","405410","405721","JH378202","8290891","8291200","33","7885481"
"KN297442v1","477994","478292","JH378139","18955642","18955939","33","18477648"
"KN297442v1","625935","626220","JH378176","1295936","1296216","37","670001"
"KN297442v1","669641","669923","JH378177","6664715","6664994","30","5995074"
"KN297442v1","798810","799108","JH378184","443270","443568","35","355540"
"KN297442v1","1075846","1076133","JH378153","7392982","7393269","35","6317136"
"KN297442v1","1342960","1343264","JH378115","25570507","25570808","33","24227547"
"KN297442v1","1357897","1358195","JH378116","28869529","28869826","36","27511632"
"KN297442v1","1548246","1548539","JH378204","2935067","2935361","30","1386821"
"KN297442v1","1573208","1573517","JH378126","21026752","21027059","38","19453544"
"KN297442v1","1600739","1601040","JH378124","11074576","11074866","45","9473837"
"KN297442v1","1630937","1631245","JH378145","15479896","15480200","33","13848959"
"KN297442v1","1668900","1668936","JH378161","8905574","8905609","4","7236674"
"KN297442v1","1706212","1706511","JH378137","11398263","11398561","39","9692051"
"KN297442v1","1748556","1748855","JH378138","2084662","2084957","33","336106"
"KN297442v1","1762777","1763078","JH378126","21026752","21027059","36","19263975"
"KN297442v1","1791757","1792061","JH378144","7014110","7014412","35","5222353"
"KN297442v1","1802671","1802963","JH378232","5491126","5491418","28","3688455"
"KN297442v1","1831014","1831295","JH378109","41150698","41150980","32","39319684"
"KN297442v1","2293183","2293485","JH378163","6673024","6673321","37","4379841"
"KN297442v1","2299286","2299358","JH378226","5406686","5406759","11","3107400"
"KN297442v1","2304150","2304457","JH378125","15893280","15893581","41","13589130"
"KN297442v1","2307809","2308117","JH378113","21909392","21909697","37","19601583"
"KN297442v1","2330664","2330961","JH378150","16793266","16793561","33","14462602"
"KN297442v1","2360903","2361199","JH378107","556207","556505","37","1804696"
"KN297442v1","2365155","2365462","JH378112","36490375","36490686","36","34125220"
"KN297442v1","2429075","2429370","JH378110","13953259","13953553","31","11524184"
"KN297442v1","2488499","2488813","JH378140","7338564","7338875","39","4850065"
"KN297442v1","2508649","2508961","JH378167","5351158","5351469","29","2842509"
"KN297442v1","2550355","2550683","JH378206","6280299","6280627","46","3729944"
"KN297442v1","2721725","2721794","JH378177","1224298","1224368","11","1497427"
"KN297442v1","2749531","2749710","JH378107","32014212","32014385","23","29264681"
"KN297442v1","2761565","2761853","JH378194","2390312","2390602","33","371253"
"KN297442v1","2766128","2766438","JH378166","1276502","1276806","33","1489626"
"KN297442v1","2784277","2784573","JH378106","1255495","1255784","39","1528782"
"KN297444v1","9729","10012","JH378111","15610165","15610446","44","15600436"
"KN297444v1","17878","18173","JH378316","602101","602397","36","584223"
"KN297444v1","92116","92274","JH378164","9341233","9341390","25","9249117"
"KN297444v1","100719","101003","JH378239","2581324","2581609","35","2480605"
"KN297444v1","113237","113545","JH378111","11251875","11252186","39","11138638"
"KN297444v1","123667","123966","JH378288","1088673","1088973","41","965006"
"KN297444v1","142568","142879","JH378167","5351158","5351469","44","5208590"
"KN297444v1","150441","150736","JH378110","31808814","31809105","32","31658373"
"KN297444v1","168949","169124","JH378107","32014212","32014385","34","31845263"
"KN297444v1","226755","227056","JH378138","5380451","5380753","38","5153696"
"KN297444v1","288461","288782","JH378119","13124882","13125196","46","12836421"
"KN297444v1","289350","289628","JH378112","32527876","32528158","40","32238526"
"KN297444v1","328024","328307","JH378106","6929866","6930160","41","6601842"
"KN297444v1","419563","419856","JH378255","3112037","3112326","33","2692474"
"KN297444v1","432811","433091","JH378125","15493012","15493292","36","15060201"
"KN297444v1","434904","435204","JH378228","5509057","5509356","46","5074153"
"KN297444v1","447505","447801","JH378140","5295393","5295692","45","4847888"
"KN297444v1","456410","456748","JH378149","15697892","15698229","48","15241482"
"KN297444v1","600952","601077","JH378107","50570713","50570838","13","49969761"
"KN297444v1","601107","601273","JH378119","14516915","14517080","17","13915808"
"KN297444v1","662978","663301","JH378132","3062861","3063183","50","2399883"
"KN297444v1","732816","733121","JH378262","2948350","2948657","49","2215534"
"KN297444v1","760806","760887","JH378107","57554081","57554161","13","56793275"
"KN297444v1","797137","797436","JH378170","4783494","4783792","42","3986357"
"KN297445v1","19686","19975","JH378105","33992488","33992780","37","33972802"
"KN297445v1","22186","22479","JH378293","1524576","1524874","41","1502390"
"KN297445v1","339542","339850","JH378125","16001713","16002013","48","15662171"
"KN297445v1","405781","406080","JH378167","7969364","7969660","35","7563583"
"KN297445v1","507769","508083","JH378199","4569844","4570151","43","4062075"
"KN297445v1","619513","619807","JH378130","1202684","1202989","48","583171"
"KN297445v1","795597","795896","JH378115","28712376","28712673","37","27916779"
"KN297445v1","1052677","1052957","JH378183","3737718","3738003","72","2685041"
"KN297445v1","1186077","1186371","JH378142","18322987","18323264","55","17136910"
"KN297445v1","1226273","1226555","JH378199","5009554","5009838","33","3783281"
"KN297445v1","1244779","1245057","JH378105","58613529","58613814","40","57368750"
"KN297445v1","1264204","1264513","JH378198","4786639","4786946","33","3522435"
"KN297445v1","1285538","1285831","JH378107","30469196","30469490","36","29183658"
"KN297445v1","1285832","1285999","JH378113","32219902","32220070","20","30934070"
"KN297445v1","1309468","1309771","JH378111","20547618","20547911","51","19238150"
"KN297445v1","1313526","1313837","JH378176","8157064","8157374","34","6843538"
"KN297445v1","1314384","1314688","JH378153","2458976","2459272","44","1144592"
"KN297445v1","1318903","1319006","JH378113","21800876","21800980","11","20481973"
"KN297445v1","1324482","1324778","JH378216","6814492","6814786","29","5490010"
"KN297445v1","1352001","1352304","JH378257","87786","88089","32","1264215"
"KN297445v1","1357866","1358175","JH378320","58622","58932","33","1299244"
"KN297445v1","1425053","1425347","JH378115","15321606","15321900","38","13896553"
"KN297445v1","1457811","1458082","JH378106","1487935","1488200","48","30124"
"KN297445v1","1526820","1527112","JH378106","3052818","3053105","28","1525998"
"KN297445v1","1530326","1530639","JH378234","4844507","4844813","46","3314181"
"KN297445v1","1545865","1546167","JH378139","15235758","15236059","36","13689893"
"KN297445v1","1570395","1570712","JH378109","20324993","20325309","52","18754598"
"KN297445v1","1588028","1588364","JH378193","6401676","6401985","58","4813648"
"KN297445v1","1620177","1620478","JH378146","149691","150003","34","1470486"
"KN297446v1","70553","70848","JH378163","12749329","12749632","40","12678776"
"KN297448v1","55350","55641","JH378115","28712376","28712673","46","28657026"
"KN297448v1","68460","68749","JH378173","424887","425176","36","356427"
"KN297448v1","161351","161642","JH378646","3915","4207","38","157436"
"KN297450v1","41108","41407","JH378131","18080937","18081235","30","18039829"
"KN297450v1","45439","45613","JH378139","5401576","5401745","24","5356137"
"KN297452v1","1703906","1704201","JH378167","7707484","7707781","37","6003578"
"KN297452v1","27621","27704","JH378173","3532396","3532476","8","3504775"
"KN297452v1","43055","43396","JH378143","532429","532753","57","489374"
"KN297452v1","79753","79823","JH378149","1407835","1407902","8","1328082"
"KN297452v1","97967","98258","JH378113","5887968","5888264","57","5790001"
"KN297452v1","134649","134947","JH378265","2263256","2263553","34","2128607"
"KN297452v1","143276","143410","JH378157","15908254","15908385","18","15764978"
"KN297452v1","150639","150946","JH378110","13285798","13286099","39","13135159"
"KN297452v1","159860","160139","JH378169","3247221","3247500","40","3087361"
"KN297452v1","191133","191433","JH378161","8950124","8950422","46","8758991"
"KN297452v1","203983","204291","JH378110","19934311","19934616","41","19730328"
"KN297452v1","214276","214574","JH378109","11852338","11852636","37","11638062"
"KN297452v1","217439","217758","JH378139","14527388","14527702","49","14309949"
"KN297452v1","228930","229210","JH378127","12847462","12847732","47","12618532"
"KN297452v1","232319","232625","JH378115","26640201","26640508","36","26407882"
"KN297452v1","257831","258038","JH378190","201928","202138","23","55903"
"KN297452v1","400597","400899","JH378127","22238831","22239131","34","21838234"
"KN297452v1","435482","435782","JH378110","19934311","19934616","40","19498829"
"KN297452v1","512341","512638","JH378288","1088673","1088973","27","576332"
"KN297452v1","544120","544433","JH378126","21026752","21027059","34","20482632"
"KN297452v1","691818","692133","JH378113","24179649","24179958","46","23487831"
"KN297452v1","722267","722575","JH378126","23919556","23919859","35","23197289"
"KN297452v1","764003","764292","JH378177","112866","113151","37","651137"
"KN297452v1","886747","887028","JH378198","1596143","1596429","41","709396"
"KN297452v1","1079702","1080009","JH378108","36710442","36710745","44","35630740"
"KN297452v1","1161523","1161803","JH378224","3408579","3408861","35","2247056"
"KN297452v1","1183240","1183531","JH378107","57325483","57325775","30","56142243"
"KN297452v1","1314147","1314459","JH378220","2083419","2083730","37","769272"
"KN297452v1","1321357","1321665","JH378153","765891","766198","38","555466"
"KN297452v1","1404725","1404852","JH378137","16178972","16179100","10","14774247"
"KN297452v1","1404859","1405154","JH378153","6161507","6161800","36","4756648"
"KN297452v1","1407331","1407629","JH378148","6480728","6481028","23","5073397"
"KN297452v1","1422561","1422856","JH378157","9676550","9676840","35","8253989"
"KN297452v1","1450121","1450401","JH378157","9676550","9676840","43","8226429"
"KN297452v1","1487848","1488030","JH378107","14551906","14552093","25","13064058"
"KN297452v1","1544063","1544356","JH378127","15614693","15614986","46","14070630"
"KN297452v1","1546774","1547070","JH378113","14455819","14456118","38","12909045"
"KN297452v1","1562249","1562548","JH378139","15235758","15236059","31","13673509"
"KN297452v1","1611825","1612112","JH378110","3050126","3050410","35","1438301"
"KN297452v1","1736103","1736394","JH378216","1301324","1301621","34","434779"
"KN297452v1","1763890","1764193","JH378114","37036188","37036491","35","35272298"
"KN297452v1","1787175","1787473","JH378106","44399035","44399331","35","42611860"
"KN297452v1","1866922","1867221","JH378116","28869529","28869826","32","27002607"
"KN297452v1","1876588","1876892","JH378110","31575602","31575901","38","29699014"
"KN297452v1","1878411","1878716","JH378117","22542408","22542714","45","20663997"
"KN297452v1","1894601","1894889","JH378139","16259084","16259375","32","14364483"
"KN297452v1","1902739","1902908","JH378105","7989357","7989531","30","6086618"
"KN297452v1","1904743","1905026","JH378140","13734939","13735227","62","11830196"
"KN297452v1","1919493","1919832","JH378146","13211060","13211406","79","11291567"
"KN297452v1","1920833","1921099","JH378167","5904473","5904736","40","3983640"
"KN297452v1","1931367","1931691","JH378178","7658449","7658774","45","5727082"
"KN297452v1","1936621","1936926","JH378118","27056689","27056995","34","25120068"
"KN297452v1","1937809","1938095","JH378318","345786","346081","41","1592023"
"KN297452v1","1942055","1942234","JH378112","34277212","34277391","25","32335157"
"KN297452v1","1954957","1955234","JH378183","5085328","5085606","33","3130371"
"KN297452v1","1957445","1957754","JH378144","981865","982144","58","975580"
"KN297452v1","1967318","1967618","JH378107","7568037","7568336","45","5600719"
"KN297452v1","1974292","1974554","JH378130","6840102","6840372","38","4865810"
"KN297452v1","1976169","1976487","JH378132","10267552","10267867","53","8291383"
"KN297452v1","1979120","1979426","JH378139","19415987","19416286","52","17436867"
"KN297452v1","1983752","1984033","JH378114","20276504","20276786","31","18292752"
"KN297452v1","1995412","1995693","JH378114","41156949","41157235","40","39161537"
"KN297452v1","2002249","2002555","JH378123","491683","491985","36","1510566"
"KN297452v1","2013643","2013900","JH378106","70483264","70483525","35","68469621"
"KN297452v1","2014697","2015003","JH378153","14867432","14867735","32","12852735"
"KN297452v1","2016749","2017034","JH378182","3623832","3624120","34","1607083"
"KN297452v1","2018792","2019086","JH378125","17186392","17186688","52","15167600"
"KN297452v1","2024811","2025108","JH378142","2930203","2930505","48","905392"
"KN297452v1","2026589","2026893","JH378117","29558091","29558390","38","27531502"
"KN297452v1","2052232","2052528","JH378216","6814492","6814786","33","4762260"
"KN297452v1","2052542","2052841","JH378146","15827373","15827672","31","13774831"
"KN297452v1","2067745","2068041","JH378132","9219229","9219525","47","7151484"
"KN297452v1","2093072","2093253","JH378238","671885","672072","26","1421187"
"KN297452v1","2149350","2149653","JH378128","11295555","11295854","34","9146205"
"KN297452v1","2190600","2190873","JH378115","14283522","14283794","41","12092922"
"KN297452v1","2229545","2229825","JH378107","27056287","27056566","28","24826742"
"KN297452v1","2251106","2251421","JH378117","25564574","25564883","44","23313468"
"KN297452v1","2273211","2273520","JH378141","11544008","11544316","39","9270797"
"KN297452v1","2335586","2335878","JH378148","16227423","16227714","34","13891837"
"KN297452v1","2525060","2525368","JH378171","387207","387514","35","2137853"
"KN297452v1","2574735","2575029","JH378124","17669551","17669849","37","15094816"
"KN297452v1","2645537","2645843","JH378173","3053032","3053337","39","407495"
"KN297452v1","2835450","2835752","JH378265","2263256","2263553","35","572194"
"KN297452v1","2927432","2927735","JH378153","6272029","6272332","36","3344597"
"KN297452v1","2932303","2932583","JH378245","2867748","2868031","34","64555"
"KN297452v1","3024108","3024417","JH378119","6124403","6124708","45","3100295"
"KN297452v1","3101869","3102153","JH378153","7392982","7393269","36","4291113"
"KN297452v1","3207406","3207704","JH378137","11398263","11398561","30","8190857"
"KN297452v1","3435350","3435660","JH378260","484146","484457","36","2951204"
"KN297453v1","11061","11337","JH378117","6642657","6642935","36","6631596"
"KN297453v1","12139","12227","JH378257","3625776","3625865","13","3613637"
"KN297453v1","12686","12907","JH378178","10947790","10948009","33","10935104"
"KN297453v1","36064","36372","JH378115","34859185","34859494","43","34823121"
"KN297453v1","82087","82393","JH378116","11181268","11181574","43","11099181"
"KN297453v1","170381","170685","JH378193","9064556","9064861","34","8894175"
"KN297453v1","195899","196189","JH378106","17756548","17756839","37","17560649"
"KN297453v1","232561","232869","JH378185","841607","841910","34","609046"
"KN297453v1","233398","233710","JH378114","17527220","17527528","41","17293822"
"KN297453v1","240149","240416","JH378107","4454207","4454479","39","4214058"
"KN297453v1","241401","241702","JH378115","35614877","35615170","37","35373476"
"KN297453v1","302993","303025","JH378105","31065877","31065908","11","30762884"
"KN297453v1","303057","303344","JH378290","1732783","1733062","38","1429726"
"KN297453v1","353253","353265","JH378189","7208291","7208302","3","6855038"
"KN297453v1","353299","353585","JH378144","7596090","7596371","41","7242791"
"KN297453v1","366880","367185","JH378115","34859185","34859494","40","34492305"
"KN297453v1","428516","428814","JH378122","14416899","14417197","28","13988383"
"KN297453v1","571974","572302","JH378260","2282137","2282463","39","1710163"
"KN297456v1","168591","168908","JH378151","14739803","14740117","55","14571212"
"KN297456v1","218518","218822","JH378167","12229983","12230273","48","12011465"
"KN297456v1","328379","328670","JH378173","10591352","10591642","41","10262973"
"KN297456v1","412144","412447","JH378288","1088673","1088973","47","676529"
"KN297456v1","527384","527689","JH378116","24992174","24992479","47","24464790"
"KN297458v1","48266","48565","JH378147","12499054","12499335","60","12450788"
"KN297458v1","51291","51446","JH378131","12887298","12887448","18","12836007"
"KN297458v1","141169","141326","JH378128","10706844","10707004","25","10565675"
"KN297458v1","165773","166073","JH378108","1472065","1472357","38","1306292"
"KN297458v1","182064","182360","JH378108","23280248","23280545","40","23098184"
"KN297458v1","193904","194192","JH378106","3052818","3053105","28","2858914"
"KN297458v1","304157","304459","JH378124","15582898","15583197","32","15278741"
"KN297458v1","306920","307228","JH378177","4401257","4401564","41","4094337"
"KN297458v1","311358","311639","JH378140","14073854","14074132","33","13762496"
"KN297458v1","318528","318839","JH378145","2733878","2734174","33","2415350"
"KN297458v1","325553","325860","JH378282","2802861","2803151","56","2477308"
"KN297458v1","326564","326875","JH378225","6457829","6458137","37","6131265"
"KN297458v1","333651","333946","JH378227","2331484","2331782","39","1997833"
"KN297458v1","372160","372448","JH378137","7407944","7408236","33","7035784"
"KN297458v1","372935","373203","JH378144","1236151","1236420","34","863216"
"KN297458v1","390582","390899","JH378131","5113574","5113885","56","4722992"
"KN297458v1","439158","439471","JH378171","6181069","6181379","34","5741911"
"KN297458v1","508629","508926","JH378112","21015725","21016036","40","20507096"
"KN297458v1","519948","520265","JH378106","49698120","49698429","39","49178172"
"KN297458v1","549888","550182","JH378110","35076565","35076859","35","34526677"
"KN297458v1","563299","563610","JH378116","21765098","21765406","40","21201799"
"KN297458v1","615203","615513","JH378112","35515844","35516152","40","34900641"
"KN297462v1","272861","273101","JH378223","4629372","4629613","32","4356511"
"KN297462v1","355909","356188","JH378124","10835797","10836078","29","10479888"
"KN297462v1","562423","562732","JH378126","21026752","21027059","43","20464329"
"KN297464v1","104287","104579","JH378113","31905508","31905809","43","31801221"
"KN297467v1","191417","191727","JH378193","9256338","9256648","40","9064921"
"KN297467v1","201819","201954","JH378174","600156","600289","21","398337"
"KN297467v1","222411","222688","JH378245","3784675","3784953","40","3562264"
"KN297467v1","236715","237016","JH378126","23144534","23144834","32","22907819"
"KN297467v1","314861","315170","JH378245","2526805","2527115","33","2211944"
"KN297467v1","332906","333170","JH378133","4271464","4271721","41","3938558"
"KN297467v1","334017","334320","JH378108","46666898","46667209","45","46332881"
"KN297467v1","368303","368579","JH378152","14427342","14427619","36","14059039"
"KN297467v1","404874","405169","JH378151","8381511","8381803","30","7976637"
"KN297467v1","411989","412289","JH378232","5086123","5086422","37","4674134"
"KN297467v1","435987","436191","JH378213","4305107","4305307","37","3869120"
"KN297467v1","436493","436586","JH378107","47278084","47278177","14","46841591"
"KN297467v1","445886","446164","JH378266","1810063","1810348","45","1364177"
"KN297467v1","709512","709787","JH378246","562506","562779","28","147006"
"KN297467v1","716332","716632","JH378114","36976328","36976626","42","36259996"
"KN297467v1","724433","724722","JH378182","9360980","9361267","39","8636547"
"KN297467v1","873590","873878","JH378105","36618017","36618297","45","35744427"
"KN297467v1","981196","981495","JH378111","19527246","19527547","36","18546050"
"KN297467v1","986832","986964","JH378135","10038145","10038277","9","9051313"
"KN297467v1","1093588","1093912","JH378225","938523","938846","53","155065"
"KN297467v1","1230955","1231257","JH378228","5509057","5509356","45","4278102"
"KN297467v1","1457132","1457355","JH378265","648361","648587","38","808771"
"KN297468v1","4409","4708","JH378151","4318339","4318636","42","4313930"
"KN297468v1","4946","5225","JH378111","15610165","15610446","50","15605219"
