"KN294147v1","48133","48414","chr8","28568856","28569124","76","28520723"
"KN294147v1","99166","99213","chr1","223864877","223864907","18","223765711"
"KN294147v1","99247","99462","chr9","12299022","12299240","59","12199775"
"KN294147v1","175923","176227","chr3","174330243","174330540","19","174154320"
"KN294147v1","209456","209719","chr3","174296073","174296339","26","174086617"
"KN294147v1","243090","243390","chr5","16757890","16758192","75","16514800"
"KN294147v1","283678","283983","chr3","174219493","174219772","48","173935815"
"KN294147v1","480098","480232","chr3","174027604","174027740","15","173547506"
"KN294147v1","673486","673773","chr3","173840749","173841035","15","173167263"
"KN294147v1","714680","714931","chr10","101050170","101050428","71","100335490"
"KN294147v1","830828","831130","chr10","43526047","43526327","82","42695219"
"KN294147v1","1211276","1211411","chr3","173268549","173268682","11","172057273"
"KN294147v1","1277876","1278102","chr3","173192379","173192615","34","171914503"
"KN294147v1","1353201","1353483","chr3","173114588","173114840","66","171761387"
"KN294147v1","1353558","1353843","chr2A","20508259","20508542","52","19154701"
"KN294147v1","1397022","1397285","chr20","52555750","52556009","68","51158728"
"KN294147v1","1480105","1480275","chr3","172976232","172976417","27","171496127"
"KN294147v1","1495920","1496188","chr3","172960482","172960750","16","171464562"
"KN294147v1","1518633","1518907","chr3","172938601","172938875","18","171419968"
"KN294147v1","1559691","1559814","chr3","172898281","172898399","8","171338590"
"KN294147v1","1649716","1649838","chr3","172803625","172803750","15","171153909"
"KN294147v1","1694474","1694780","chr3","172757337","172757648","32","171062863"
"KN294147v1","1727910","1728062","chr3","172724703","172724855","13","170996793"
"KN294147v1","1916713","1917008","chr1","19513839","19514136","58","17597126"
"KN294147v1","2090539","2090798","chr3","172347163","172347414","26","170256624"
"KN294148v1","76097","76230","chr4","40475132","40475251","44","40399035"
"KN294152v1","32304","32426","chr11","90485414","90485536","7","90453110"
"KN294152v1","58633","58751","chr11","90462800","90462918","5","90404167"
"KN294152v1","61041","61335","chr11","90460236","90460524","36","90399195"
"KN294152v1","127097","127219","chr6","29846386","29846508","22","29719289"
"KN294161v1","366452","366733","chr1","3492383","3492666","54","3125931"
"KN294161v1","429829","429941","chr15","55295657","55295774","19","54865828"
"KN294161v1","429974","430137","chr19","48946252","48946415","37","48516278"
"KN294161v1","482651","482769","chr4","87606719","87606852","19","87124068"
"KN294161v1","503887","504067","chr3","46765091","46765261","42","46261204"
"KN294161v1","504377","504483","chr5","19708341","19708443","25","19203964"
"KN294161v1","611506","611812","chr4","87731602","87731914","23","87120096"
"KN294161v1","624006","624134","chr20","8520648","8520752","39","7896642"
"KN294161v1","693949","694254","chr4","87804055","87804352","28","87110106"
"KN294161v1","839566","839665","chr16","28829835","28829930","21","27990269"
"KN294161v1","909055","909179","chr5","16877257","16877381","23","15968202"
"KN294161v1","1349540","1349666","chr4","88474679","88474808","9","87125139"
"KN294167v1","77499","77792","chr11","16523687","16523978","21","16446188"
"KN294167v1","180225","180468","chr1","39408503","39408753","59","39228278"
"KN294167v1","310272","310594","chr15","49068421","49068714","86","48758149"
"KN294167v1","441773","442088","chr11","16852886","16853204","13","16411113"
"KN294167v1","445232","445504","chr6","36155134","36155412","77","35709902"
"KN294167v1","508816","509141","chr3","9549197","9549507","74","9040381"
"KN294167v1","534258","534431","chr11","16978932","16979092","18","16444674"
"KN294167v1","534724","534868","chr11","16979389","16979528","14","16444665"
"KN294167v1","573867","573980","chr2B","450015","450132","24","123852"
"KN294169v1","92673","92968","chr10","101215914","101216207","56","101123241"
"KN294170v1","5893","6191","chr15","34152804","34153089","38","34146911"
"KN294170v1","29498","29657","chr15","34176015","34176174","11","34146517"
"KN294170v1","29963","30096","chr15","34176465","34176599","13","34146502"
"KN294170v1","41952","42230","chr15","34182048","34182323","24","34140096"
"KN294170v1","67690","67933","chr10","14233452","14233707","53","14165762"
"KN294170v1","99406","99730","chr15","34239206","34239515","39","34139800"
"KN294170v1","165677","165944","chr15","34308876","34309132","31","34143199"
"KN294170v1","171777","172076","chr15","34314370","34314671","30","34142593"
"KN294170v1","253754","253896","chr11","13284222","13284361","31","13030468"
"KN294170v1","259672","259965","chr9","68347232","68347519","83","68087560"
"KN294172v1","4980684","4980982","chr9","32864978","32865281","56","27884294"
"KN294172v1","6553579","6553697","chr1","32305628","32305746","12","25752049"
"KN294172v1","232735","233050","chr22","30464209","30464520","38","30231474"
"KN294172v1","316751","317035","chr22","30378821","30379106","21","30062070"
"KN294172v1","419553","419824","chr22","30268057","30268340","45","29848504"
"KN294172v1","474707","474842","chr3","162570700","162570830","20","162095993"
"KN294172v1","601605","601725","chr1","32957402","32957525","20","32355797"
"KN294172v1","819112","819389","chr5","9750035","9750310","54","8930923"
"KN294172v1","827853","828136","chr22","29869980","29870265","21","29042127"
"KN294172v1","878895","879174","chr22","29823009","29823287","24","28944114"
"KN294172v1","880349","880658","chr22","29821551","29821852","33","28941202"
"KN294172v1","902972","903276","chr22","29801642","29801952","28","28898670"
"KN294172v1","1016195","1016277","chr17","1104847","1104929","15","88652"
"KN294172v1","1016538","1016610","chrX","128860957","128861019","19","127844419"
"KN294172v1","1021921","1022051","chr22","29672084","29672222","16","28650163"
"KN294172v1","1042442","1042737","chr22","29650650","29650936","27","28608208"
"KN294172v1","1111538","1111732","chr10","36250219","36250410","45","35138681"
"KN294172v1","1195362","1195510","chr3","199878997","199879149","28","198683635"
"KN294172v1","1307593","1307735","chr5","125817551","125817687","22","124509958"
"KN294172v1","1308039","1308189","chr15","43179733","43179887","34","41871694"
"KN294172v1","1327235","1327541","chr22","29299889","29300190","22","27972654"
"KN294172v1","1376897","1377195","chr22","29251653","29251960","36","27874756"
"KN294172v1","1380314","1380436","chr17","30178490","30178608","17","28798176"
"KN294172v1","1652788","1652875","chr2A","75163990","75164066","25","73511202"
"KN294172v1","1654288","1654498","chr5","35874359","35874558","49","34220071"
"KN294172v1","1743243","1743382","chr22","28873700","28873843","22","27130457"
"KN294172v1","1746182","1746491","chr9","70282281","70282590","52","68536099"
"KN294172v1","1783348","1783472","chr8","29189140","29189262","15","27405792"
"KN294172v1","1787925","1788179","chr11","68255320","68255579","50","66467395"
"KN294172v1","1799202","1799338","chr22","28824628","28824764","10","27025426"
"KN294172v1","1799352","1799660","chr22","28824316","28824614","29","27024964"
"KN294172v1","1833102","1833394","chr22","28790143","28790430","21","26957041"
"KN294172v1","1867613","1867864","chr22","28756619","28756866","24","26889006"
"KN294172v1","1867874","1868084","chr22","28756400","28756610","12","26888526"
"KN294172v1","1868616","1868712","chr22","28755756","28755852","9","26887140"
"KN294172v1","1896762","1896884","chr22","28720466","28720596","13","26823704"
"KN294172v1","1919370","1919560","chr1","152774005","152774196","46","150854635"
"KN294172v1","1975231","1975532","chr22","28627929","28628220","29","26652698"
"KN294172v1","1998092","1998372","chr22","28603437","28603731","28","26605345"
"KN294172v1","2002056","2002177","chr22","28599986","28600107","10","26597930"
"KN294172v1","2013226","2013347","chr9","114310032","114310148","15","112296806"
"KN294172v1","2220812","2220934","chr5","143799196","143799315","29","141578384"
"KN294172v1","2240140","2240271","chr10","7275593","7275724","21","5035453"
"KN294172v1","2244262","2244464","chr9","15089435","15089642","38","12845173"
"KN294172v1","2276687","2276999","chr5","59104388","59104700","60","56827701"
"KN294172v1","2353476","2353726","chr22","28240191","28240454","43","25886715"
"KN294172v1","2370571","2370682","chr22","28222140","28222251","10","25851569"
"KN294172v1","2370986","2371197","chr22","28221316","28221518","34","25850330"
"KN294172v1","2379658","2379877","chr11","71863784","71864004","35","69484126"
"KN294172v1","2450218","2450505","chr22","28150873","28151181","44","25700655"
"KN294172v1","2503561","2503862","chr22","28078602","28078898","25","25575041"
"KN294172v1","2518752","2519075","chrX","44233570","44233887","65","41714818"
"KN294172v1","2849374","2849562","chr8","34731086","34731265","47","31881712"
"KN294172v1","2887017","2887149","chr12","68198000","68198133","20","65310983"
"KN294172v1","2903436","2903730","chr22","27680065","27680363","32","24776629"
"KN294172v1","2915624","2915762","chr1","40706193","40706325","25","37790569"
"KN294172v1","2950137","2950415","chr22","27626501","27626780","21","24676364"
"KN294172v1","2963537","2963829","chr22","27613159","27613461","30","24649622"
"KN294172v1","2980343","2980513","chr16","49287161","49287322","53","46306818"
"KN294172v1","2988590","2988900","chr6","119863979","119864283","50","116875389"
"KN294172v1","3007469","3007624","chr14","74922123","74922270","38","71914654"
"KN294172v1","3009919","3010032","chrX","16933641","16933756","22","13923722"
"KN294172v1","3010106","3010236","chr7","69300725","69300850","37","66290619"
"KN294172v1","3058864","3058930","chr22","27547789","27547855","1","24488925"
"KN294172v1","3061440","3061569","chr22","27545420","27545548","14","24483980"
"KN294172v1","3234720","3235017","chr6","5780179","5780469","56","2545459"
"KN294172v1","3300321","3300618","chr22","27233698","27233999","16","23933377"
"KN294172v1","3396116","3396250","chr22","27126239","27126373","15","23730123"
"KN294172v1","3500741","3500936","chr19","6114123","6114321","56","2613382"
"KN294172v1","3501300","3501411","chr22","27028205","27028316","10","23526905"
"KN294172v1","3711899","3712147","chr22","26817501","26817779","39","23105602"
"KN294172v1","3837230","3837359","chr22","26695660","26695794","12","22858430"
"KN294172v1","3856102","3856399","chr22","26674288","26674599","39","22818186"
"KN294172v1","3886483","3886567","chr9","16129123","16129202","19","12242640"
"KN294172v1","3963512","3963624","chr22","26571113","26571226","12","22607601"
"KN294172v1","3981768","3982001","chr22","26548894","26549151","42","22567126"
"KN294172v1","3982317","3982411","chr22","26548485","26548579","2","22566168"
"KN294172v1","4003825","4003914","chr22","26531874","26531964","11","22528049"
"KN294172v1","4051450","4051683","chr22","26485256","26485492","21","22433806"
"KN294172v1","4057747","4057858","chr17","15938039","15938150","19","11880292"
"KN294172v1","4085189","4085320","chr22","26454371","26454491","25","22369182"
"KN294172v1","4144078","4144255","chr5","58687579","58687757","38","54543501"
"KN294172v1","4168606","4168824","chr22","26380061","26380273","20","22211455"
"KN294172v1","4202439","4202580","chr22","26346864","26346994","23","22144425"
"KN294172v1","4202885","4203026","chr22","26346397","26346546","19","22143512"
"KN294172v1","4203614","4203685","chr14","50977568","50977635","18","46773954"
"KN294172v1","4204062","4204190","chr22","26345272","26345409","22","22141210"
"KN294172v1","4245267","4245568","chr11","64182240","64182535","63","59936973"
"KN294172v1","4252183","4252479","chr22","26277091","26277381","42","22024908"
"KN294172v1","4272051","4272343","chr1","45407201","45407492","47","41135150"
"KN294172v1","4273012","4273304","chr1","45407201","45407492","47","41134189"
"KN294172v1","4281166","4281295","chr8","101010523","101010645","21","96729357"
"KN294172v1","4362192","4362318","chr1","46849984","46850101","27","42487792"
"KN294172v1","4362361","4362372","chr10","98568174","98568184","3","94205813"
"KN294172v1","4366633","4366789","chr2A","51495461","51495619","31","47128828"
"KN294172v1","4368224","4368368","chr22","26179159","26179299","10","21810935"
"KN294172v1","4368369","4368652","chr19","17650068","17650349","63","13281699"
"KN294172v1","4385681","4385956","chrX","8082470","8082741","61","3696789"
"KN294172v1","4392916","4393124","chr10","100848906","100849113","31","96455990"
"KN294172v1","4395960","4396110","chr22","26150916","26151066","17","21754956"
"KN294172v1","4396414","4396550","chr22","26150478","26150611","12","21754064"
"KN294172v1","4439962","4440128","chr10","85559075","85559244","50","81119113"
"KN294172v1","4440440","4440572","chr1","136169581","136169710","23","131729141"
"KN294172v1","4516011","4516330","chr22","25993846","25994183","43","21477835"
"KN294172v1","4551393","4551705","chr22","25993846","25994183","51","21442453"
"KN294172v1","4572608","4572899","chr3","123238597","123238892","59","118665989"
"KN294172v1","4613857","4614084","chr22","25926096","25926323","22","21312239"
"KN294172v1","4672586","4672875","chr2B","109085854","109086139","54","104413268"
"KN294172v1","4790593","4790705","chr7","105307406","105307524","31","100516813"
"KN294172v1","4791149","4791305","chr22","25749470","25749626","13","20958321"
"KN294172v1","4827118","4827403","chr22","25713196","25713482","21","20886078"
"KN294172v1","4842768","4843102","chr22","25698555","25698891","25","20855787"
"KN294172v1","4894353","4894484","chr7","4119584","4119717","26","774769"
"KN294172v1","4917973","4918116","chr1","134875798","134875940","31","129957825"
"KN294172v1","4918412","4918562","chr10","25522347","25522500","36","20603935"
"KN294172v1","4926607","4926884","chr14","21885805","21886099","57","16959198"
"KN294172v1","5004185","5004499","chr22","25537776","25538097","22","20533591"
"KN294172v1","5032207","5032481","chr22","25515551","25515825","21","20483344"
"KN294172v1","5034929","5035061","chr6","20750678","20750808","14","15715749"
"KN294172v1","5039991","5040121","chr22","25509720","25509850","13","20469729"
"KN294172v1","5065031","5065333","chr7","28542861","28543167","55","23477830"
"KN294172v1","5145030","5145329","chr5","17693824","17694122","55","12548794"
"KN294172v1","5154096","5154344","chr5","132795556","132795802","65","127641460"
"KN294172v1","5157560","5157684","chr22","25418938","25419062","10","20261378"
"KN294172v1","5194446","5194739","chr5","62218254","62218546","60","57023808"
"KN294172v1","5232048","5232337","chr4","124440542","124440825","69","119208494"
"KN294172v1","5250688","5250810","chr22","25327347","25327473","11","20076659"
"KN294172v1","5316274","5316565","chr16","22451491","22451786","55","17135217"
"KN294172v1","5358446","5358607","chr22","25223063","25223222","15","19864617"
"KN294172v1","5359127","5359159","chr22","25223540","25223571","2","19864413"
"KN294172v1","5359469","5359628","chr22","25223063","25223222","7","19863594"
"KN294172v1","5392091","5392373","chr10","114686531","114686803","54","109294440"
"KN294172v1","5397437","5397730","chr6","35767619","35767909","58","30370182"
"KN294172v1","5399735","5400034","chr22","25187473","25187775","32","19787738"
"KN294172v1","5422287","5422557","chr9","97187766","97188023","76","91765479"
"KN294172v1","5446869","5446986","chr1","11860146","11860267","36","6413277"
"KN294172v1","5495216","5495477","chr9","97187766","97188023","59","91692550"
"KN294172v1","5529853","5529963","chr6","75426349","75426453","26","69896496"
"KN294172v1","5557477","5557781","chr22","25034078","25034374","32","19476601"
"KN294172v1","5576152","5576468","chr22","25018981","25019276","44","19442829"
"KN294172v1","5598884","5599008","chr18","5330777","5330905","30","268107"
"KN294172v1","5633601","5633728","chr22","24956615","24956743","10","19323014"
"KN294172v1","5635846","5635963","chr22","24954996","24955113","9","19319150"
"KN294172v1","5637441","5637561","chr1","114014861","114014982","22","108377420"
"KN294172v1","5684372","5684710","chr3","5183469","5183804","70","500903"
"KN294172v1","5692890","5693145","chr1","94535275","94535535","64","88842385"
"KN294172v1","5741349","5741484","chr22","24850738","24850873","11","19109389"
"KN294172v1","5741772","5741909","chr22","24850307","24850441","13","19108535"
"KN294172v1","5761733","5762021","chr7","72179457","72179751","51","66417724"
"KN294172v1","5767270","5767394","chr11","46032700","46032827","22","40265430"
"KN294172v1","5770082","5770374","chr22","24815401","24815712","37","19045319"
"KN294172v1","5847246","5847377","chr22","24744617","24744750","11","18897371"
"KN294172v1","5875880","5876150","chr22","24716483","24716767","30","18840603"
"KN294172v1","5898712","5899021","chr4","7977628","7977939","67","2078916"
"KN294172v1","5928031","5928143","chr14","54433453","54433572","18","48505422"
"KN294172v1","5948940","5949181","chr13","29924378","29924626","67","23975438"
"KN294172v1","5954565","5954878","chr22","24630304","24630609","26","18675739"
"KN294172v1","5994688","5994915","chr22","24589665","24589891","14","18594977"
"KN294172v1","5999254","5999371","chr5","106122568","106122685","14","100123314"
"KN294172v1","5999718","5999822","chr1","39452368","39452466","27","33452650"
"KN294172v1","6001790","6002089","chr17","26582896","26583193","52","20581106"
"KN294172v1","6002941","6003262","chr22","24580023","24580335","36","18577082"
"KN294172v1","6007727","6007861","chr2B","67591296","67591427","20","61583569"
"KN294172v1","6016094","6016392","chr22","24565795","24566081","44","18549701"
"KN294172v1","6023604","6023884","chr3","198479938","198480211","60","192456334"
"KN294172v1","6054231","6054518","chr22","24531037","24531288","56","18476806"
"KN294172v1","6149388","6149537","chr2A","20917608","20917757","31","14768220"
"KN294172v1","6161481","6161600","chr22","24435381","24435486","22","18273900"
"KN294172v1","6165712","6165849","chr22","24430868","24431009","11","18265156"
"KN294172v1","6170997","6171127","chr1","7408206","7408335","32","1237209"
"KN294172v1","6193971","6194275","chr22","24403981","24404265","48","18210010"
"KN294172v1","6199892","6199997","chr1","134356960","134357062","18","128157068"
"KN294172v1","6230352","6230471","chr7","134822555","134822669","20","128592203"
"KN294172v1","6321668","6321975","chr14","85599068","85599371","58","79277400"
"KN294172v1","6358598","6358724","chr22","24237942","24238070","7","17879344"
"KN294172v1","6384147","6384442","chr22","24200056","24200352","19","17815909"
"KN294172v1","6384505","6384803","chr22","24199707","24199996","36","17815202"
"KN294172v1","6394835","6395142","chr22","24184924","24185233","22","17790089"
"KN294172v1","6438978","6439184","chr22","24146031","24146242","17","17707053"
"KN294172v1","6443349","6443642","chr22","24141735","24142039","31","17698386"
"KN294172v1","6464729","6465040","chr2B","101438363","101438666","64","94973634"
"KN294172v1","6476357","6476660","chr22","24109396","24109695","38","17633039"
"KN294172v1","6503401","6503513","chr22","24084262","24084374","10","17580861"
"KN294172v1","6545239","6545549","chr22","24040047","24040355","26","17494808"
"KN294172v1","6562700","6562833","chr2A","21206595","21206728","17","14643895"
"KN294172v1","6682250","6682553","chr12","110010286","110010585","52","103328036"
"KN294172v1","6683408","6683695","chr22","23898914","23899200","19","17215506"
"KN294172v1","6717082","6717381","chr22","23873127","23873428","28","17156045"
"KN294172v1","6849565","6849840","chr22","23742933","23743204","22","16893368"
"KN294172v1","6863790","6864098","chr22","23729469","23729789","27","16865679"
"KN294172v1","6869505","6869635","chr19","18888053","18888184","23","12018548"
"KN294172v1","6869899","6870076","chr6","92399550","92399728","46","85529651"
"KN294172v1","6894007","6894171","chr4","40478384","40478544","42","33584377"
"KN294172v1","6894207","6894327","chr6","81745536","81745652","28","74851329"
"KN294172v1","6903144","6903439","chr22","23692293","23692525","80","16789149"
"KN294172v1","6944498","6944812","chr18","48222853","48223158","64","41278355"
"KN294172v1","7040804","7041108","chr11","123369288","123369590","59","116328484"
"KN294172v1","7087469","7087735","chr22","23502598","23502862","21","16415129"
"KN294172v1","7095201","7095493","chr19","706862","707152","58","6388339"
"KN294174v1","385151","385440","chr13","90386768","90387053","27","90001617"
"KN294174v1","388664","388780","chr13","90383024","90383138","10","89994360"
"KN294174v1","442430","442661","chr13","90329584","90329816","15","89887154"
"KN294175v1","2426","2545","chr1","12175299","12175420","31","12172873"
"KN294175v1","19139","19411","chr7","64807503","64807767","62","64788364"
"KN294175v1","75966","76264","chr1","6680671","6680965","64","6604705"
"KN294175v1","88757","89051","chr7","65644927","65645224","38","65556170"
"KN294175v1","121075","121267","chr7","65675577","65675766","18","65554502"
"KN294175v1","140300","140417","chr7","65463434","65463548","10","65323134"
"KN294175v1","162801","163045","chr15","5433071","5433326","58","5270270"
"KN294175v1","168153","168271","chr7","65718015","65718136","8","65549862"
"KN294175v1","169025","169143","chr3","144616756","144616881","24","144447731"
"KN294175v1","169196","169265","chr3","192415808","192415875","21","192246612"
"KN294175v1","176307","176437","chr7","65398583","65398713","7","65222276"
"KN294175v1","190536","190712","chr5","121595120","121595294","41","121404584"
"KN294175v1","190741","190887","chr3","200210685","200210828","35","200019944"
"KN294175v1","231476","231599","chr5","156357504","156357628","15","156126028"
"KN294175v1","239170","239480","chr7","65826772","65827098","38","65587602"
"KN294175v1","240510","240688","chr1","205605560","205605739","38","205365050"
"KN294175v1","240993","241127","chr4","140768049","140768181","25","140527056"
"KN294179v1","10787","11074","chr13","46852654","46852951","34","46841867"
"KN294180v1","199","492","chr2B","22963729","22964011","36","22963530"
"KN294180v1","7445","7620","chr10","102069494","102069667","39","102062049"
"KN294180v1","8831","9120","chr2B","22972185","22972470","26","22963354"
"KN294181v1","71068","71364","chr21","28876697","28876989","36","28805629"
"KN294181v1","134036","134362","chr5","118111615","118111947","78","117977579"
"KN294181v1","160171","160396","chr21","28790695","28790919","23","28630524"
"KN294181v1","193981","194161","chrX","9007521","9007689","42","8813540"
"KN294181v1","253402","253533","chr6","113187864","113187996","15","112934462"
"KN294181v1","272515","272810","chr12","52967815","52968111","56","52695300"
"KN294181v1","289164","289460","chr21","28685120","28685402","35","28395956"
"KN294181v1","297086","297369","chr21","28676895","28677173","24","28379809"
"KN294181v1","491520","491793","chr15","68380129","68380402","61","67888609"
"KN294181v1","504594","504896","chr1","206070965","206071268","61","205566371"
"KN294181v1","504923","505216","chr21","28476655","28476952","15","27971732"
"KN294181v1","509237","509556","chr21","28472589","28472893","32","27963352"
"KN294181v1","514984","515290","chr21","28455771","28456083","37","27940787"
"KN294181v1","595597","595729","chr21","28371487","28371619","8","27775890"
"KN294181v1","699097","699227","chr3","54131286","54131407","31","53432189"
"KN294181v1","791536","791702","chr10","25297975","25298153","49","24506439"
"KN294181v1","792002","792119","chr12","120885659","120885782","20","120093657"
"KN294181v1","794630","794929","chr9","118965241","118965543","58","118170611"
"KN294181v1","801760","801872","chr6","113457794","113457906","15","112656034"
"KN294181v1","802079","802349","chr2A","36588251","36588519","52","35786172"
"KN294181v1","861543","861680","chr5","40678429","40678564","20","39816886"
"KN294181v1","906444","906731","chr9","34638579","34638868","48","33732135"
"KN294181v1","929751","930021","chr11","65060170","65060434","61","64130419"
"KN294181v1","931895","932203","chr21","28048450","28048738","49","27116555"
"KN294181v1","995229","995532","chr21","27985597","27985895","14","26990368"
"KN294181v1","1073280","1073590","chr21","27913920","27914229","27","26840640"
"KN294181v1","1184409","1184719","chr21","27804086","27804382","39","26619677"
"KN294181v1","1253853","1254160","chr21","27710116","27710413","24","26456263"
"KN294181v1","1328867","1329162","chr10","112684325","112684617","60","111355458"
"KN294181v1","1380000","1380123","chr21","27585698","27585816","15","26205698"
"KN294181v1","1417851","1418141","chr1","125682964","125683256","72","124265113"
"KN294181v1","1431444","1431749","chr4","3310452","3310746","63","1879008"
"KN294181v1","1454051","1454353","chr21","27508438","27508744","47","26054387"
"KN294181v1","1479976","1480104","chr9","113984736","113984871","31","112504760"
"KN294181v1","1544450","1544548","chr7","143342118","143342222","28","141797668"
"KN294181v1","1544918","1545112","chr3","49024378","49024566","38","47479460"
"KN294181v1","1562090","1562369","chr16","15789091","15789382","59","14227001"
"KN294181v1","1576151","1576417","chr7","77073550","77073810","63","75497399"
"KN294181v1","1588068","1588344","chr21","27369673","27369946","34","25781605"
"KN294181v1","1642595","1642892","chr16","40400257","40400555","52","38757662"
"KN294181v1","1704446","1704737","chr10","117731139","117731419","71","116026693"
"KN294181v1","1710964","1711185","chr4","181481972","181482192","43","179771008"
"KN294181v1","1720844","1720975","chr13","12699005","12699138","23","10978161"
"KN294181v1","1752313","1752647","chr9","16045178","16045496","76","14292865"
"KN294181v1","1858602","1858906","chr21","27064344","27064650","20","25205742"
"KN294181v1","1879673","1879973","chr5","33058621","33058916","64","31178948"
"KN294181v1","2017551","2017614","chr17","1321790","1321852","8","695761"
"KN294181v1","2031361","2031667","chr21","26897386","26897693","30","24866025"
"KN294182v1","91471","91744","chr11","837921","838194","16","746450"
"KN294182v1","159396","159665","chr7","79958771","79959037","69","79799375"
"KN294182v1","172859","173151","chr11","734663","734958","24","561804"
"KN294182v1","191558","191673","chr8","1657845","1657966","22","1466287"
"KN294182v1","207957","208151","chr22","12940168","12940362","56","12732211"
"KN294182v1","213938","214071","chr1","14856454","14856585","21","14642516"
"KN294182v1","216383","216515","chr2B","116295463","116295601","28","116079080"
"KN294182v1","218179","218442","chr9","95812416","95812663","68","95594237"
"KN294182v1","308694","308829","chr11","590077","590207","18","281383"
"KN294182v1","309121","309298","chr11","589603","589777","8","280482"
"KN294182v1","350836","350971","chr7","121907755","121907885","21","121556919"
"KN294182v1","419531","419829","chr4","6615194","6615493","63","6195663"
"KN294182v1","421198","421478","chr7","63265622","63265901","59","62844424"
"KN294182v1","445530","445710","chrX","9038075","9038252","39","8592545"
"KN294182v1","446017","446149","chr3","13539438","13539570","23","13093421"
"KN294182v1","449667","449893","chr10","137237931","137238160","52","136788264"
"KN294182v1","485791","486080","chr11","407119","407400","36","78672"
"KN294182v1","494449","494749","chr22","26114294","26114596","62","25619845"
"KN294182v1","504594","504736","chr16","22415292","22415430","35","21910698"
"KN294182v1","505318","505451","chr11","47832116","47832251","23","47326798"
"KN294182v1","547027","547297","chr11","344577","344837","30","202450"
"KN294182v1","564721","564983","chr1","205527415","205527684","64","204962694"
"KN294182v1","582605","582834","chr11","306724","306963","27","275881"
"KN294182v1","622129","622396","chr11","257721","257994","30","364408"
"KN294182v1","623628","623892","chr13","30902672","30902932","67","30279044"
"KN294182v1","650943","651246","chr11","225996","226302","22","424947"
"KN294184v1","44357","44668","chr3","76543309","76543582","69","76498952"
"KN294184v1","75324","75547","chr3","18368","18591","10","56956"
"KN294184v1","139571","139728","chr3","83725","83883","19","55846"
"KN294184v1","200451","200727","chr3","142674","142950","15","57777"
"KN294184v1","289642","289910","chr3","232150","232419","12","57492"
"KN294184v1","359968","360168","chr11","117266134","117266318","52","116906166"
"KN294184v1","365337","365537","chr11","117266134","117266318","52","116900797"
"KN294184v1","479670","479783","chr5","106122568","106122685","22","105642898"
"KN294185v1","151200","151494","chr5","163995654","163995933","61","163844454"
"KN294185v1","210629","210800","chr9","40974404","40974577","8","40763775"
"KN294185v1","273146","273384","chr9","41030422","41030660","24","40757276"
"KN294185v1","282733","283029","chr16","47915968","47916271","63","47633235"
"KN294185v1","311620","311746","chr9","41068349","41068475","9","40756729"
"KN294185v1","341708","341977","chr9","41099997","41100273","27","40758289"
"KN294185v1","513610","513872","chr15","63721013","63721271","61","63207403"
"KN294185v1","696674","696804","chrX","106665347","106665478","19","105968673"
"KN294187v1","22145","22286","chr3","201300788","201300922","29","201278643"
"KN294187v1","22321","22476","chr19","35027712","35027865","33","35005391"
"KN294187v1","52194","52484","chr5","35665297","35665561","44","35613103"
"KN294187v1","81614","81914","chr5","35635884","35636185","23","35554270"
"KN294187v1","145112","145415","chr5","35570538","35570846","27","35425426"
"KN294187v1","155223","155354","chr5","35560724","35560859","11","35405501"
"KN294187v1","172551","172853","chr5","35543666","35543969","25","35371115"
"KN294187v1","223500","223732","chr3","121133296","121133527","61","120909796"
"KN294187v1","272994","273246","chr22","21647344","21647595","70","21374350"
"KN294187v1","308570","308705","chr7","56909925","56910060","23","56601355"
"KN294187v1","309002","309172","chr1","224704872","224705030","45","224395870"
"KN294187v1","378225","378524","chr5","35348408","35348706","20","34970183"
"KN294187v1","378615","378905","chrX","9057401","9057674","73","8678786"
"KN294187v1","402768","403066","chr5","35324747","35325052","24","34921979"
"KN294187v1","409977","410269","chr5","35318724","35319032","34","34908747"
"KN294187v1","443587","443852","chr10","114686531","114686803","54","114242944"
"KN294187v1","450145","450260","chr12","119765087","119765201","21","119314942"
"KN294187v1","616160","616514","chr16","37548532","37548845","101","36932372"
"KN294187v1","648942","649204","chr5","35067279","35067545","26","34418337"
"KN294187v1","680610","680872","chr12","14234249","14234500","68","13553639"
"KN294187v1","747544","747854","chr5","34970750","34971060","23","34223206"
"KN294187v1","750730","750852","chr9","114023088","114023211","16","113272358"
"KN294187v1","782524","782823","chr5","34936129","34936406","39","34153605"
"KN294187v1","930150","930273","chr5","34797205","34797327","13","33867055"
"KN294187v1","931813","931946","chr16","15504467","15504598","22","14572654"
"KN294187v1","934132","934448","chr5","34792558","34792841","54","33858426"
"KN294187v1","943491","943769","chr5","34782327","34782583","42","33838836"
"KN294187v1","947760","947890","chr5","34778278","34778398","18","33830518"
"KN294187v1","958885","959153","chr16","20229602","20229879","67","19270717"
"KN294187v1","989676","989944","chr5","39718819","39719105","75","38729143"
"KN294187v1","1006170","1006462","chr5","91521677","91521966","54","90515507"
"KN294187v1","1053939","1054168","chr22","3450874","3451095","43","2396935"
"KN294187v1","1104700","1104987","chr5","34623698","34624013","43","33518998"
"KN294187v1","1118056","1118120","chr10","118748544","118748614","20","117630488"
"KN294187v1","1131798","1132071","chrX","69608949","69609210","69","68477151"
"KN294187v1","1140225","1140527","chr1","94535569","94535869","59","93395344"
"KN294187v1","1176178","1176475","chr11","113770221","113770512","61","112594043"
"KN294187v1","1176672","1176909","chr5","34561345","34561558","41","33384673"
"KN294187v1","1205762","1206070","chr5","34528840","34529149","23","33323078"
"KN294187v1","1231853","1231922","chr5","34505945","34506017","10","33274092"
"KN294187v1","1232230","1232308","chr5","34505559","34505637","5","33273329"
"KN294187v1","1232617","1232738","chr5","34505125","34505251","11","33272508"
"KN294187v1","1243845","1244137","chr5","34488198","34488490","18","33244353"
"KN294187v1","1305321","1305634","chr5","34428621","34428921","30","33123300"
"KN294187v1","1333373","1333547","chr5","34400800","34400979","24","33067427"
"KN294187v1","1333870","1333936","chr5","34400434","34400487","16","33066564"
"KN294187v1","1374003","1374202","chr5","34352937","34353136","10","32978934"
"KN294187v1","1381060","1381241","chr15","47931907","47932082","29","46550847"
"KN294187v1","1520097","1520377","chr5","34222864","34223152","32","32702767"
"KN294187v1","1561815","1562008","chr2B","27885572","27885769","45","26323757"
"KN294187v1","1586869","1587188","chr5","34151570","34151905","40","32564701"
"KN294187v1","1605735","1606004","chr5","5188838","5189125","72","3583103"
"KN294187v1","1612667","1612950","chr5","34123972","34124272","33","32511305"
"KN294187v1","1616860","1617162","chr5","34120082","34120372","31","32503222"
"KN294187v1","1640052","1640255","chrX","41074018","41074212","50","39433966"
"KN294187v1","1640515","1640647","chr8","20182552","20182683","18","18542037"
"KN294187v1","1646910","1647212","chr3","187402472","187402765","63","185755562"
"KN294187v1","1669536","1669655","chr13","2668765","2668890","22","999229"
"KN294187v1","1956612","1956892","chr5","33798007","33798288","11","31841395"
"KN294187v1","1978258","1978389","chr5","33777017","33777148","5","31798759"
"KN294187v1","1990837","1991138","chr5","33764765","33765085","38","31773928"
"KN294187v1","2011387","2011515","chr6","20750678","20750808","14","18739291"
"KN294187v1","2070618","2070921","chr7","73135001","73135303","81","71064383"
"KN294188v1","10353","10661","chrX","76349505","76349813","27","76339152"
"KN294192v1","83239","83513","chr6","128611330","128611617","29","128528091"
"KN294192v1","306567","306847","chr6","128385638","128385917","22","128079071"
"KN294192v1","517407","517696","chr6","128171969","128172254","28","127654562"
"KN294192v1","800923","801209","chr6","127855985","127856270","23","127055062"
"KN294193v1","112965","113134","chr4","151766078","151766252","39","151653113"
"KN294193v1","359779","359955","chr5","10092146","10092321","36","9732367"
"KN294193v1","360278","360444","chr5","10091691","10091848","36","9731413"
"KN294193v1","412595","412888","chr6","35285996","35286281","63","34873401"
"KN294193v1","414733","415017","chr5","10037467","10037749","31","9622734"
"KN294193v1","493369","493671","chr1","95522967","95523271","71","95029598"
"KN294193v1","507915","508219","chr7","68085599","68085905","68","67577684"
"KN294193v1","520792","521085","chr5","9924640","9924942","25","9403848"
"KN294193v1","531560","531866","chr5","9915818","9916116","33","9384258"
"KN294193v1","660071","660370","chr5","9801868","9802175","27","9141797"
"KN294193v1","670275","670607","chr19","8150716","8151047","74","7480441"
"KN294193v1","681868","682008","chr5","9777335","9777466","17","9095467"
"KN294193v1","722857","722934","chr19","12957776","12957857","22","12234919"
"KN294193v1","722976","723157","chr16","51192050","51192230","32","50469074"
"KN294193v1","808528","808825","chr5","9651899","9652201","31","8843371"
"KN294193v1","813940","814095","chr5","9646036","9646191","14","8832096"
"KN294193v1","886808","887102","chr17","26582896","26583193","52","25696088"
"KN294193v1","982503","982794","chr5","9480145","9480418","38","8497642"
"KN294195v1","120152","120461","chr4","75160930","75161246","23","75040778"
"KN294195v1","210946","211236","chr4","6615194","6615493","60","6404248"
"KN294195v1","223425","223682","chr4","75281783","75282039","13","75058358"
"KN294198v1","17411","17737","chr13","46837561","46837854","55","46820150"
"KN294199v1","468","760","chr12","109211355","109211647","20","109210887"
"KN294199v1","46355","46467","chr2B","53068102","53068214","14","53021747"
"KN294199v1","46778","46977","chr1","215292657","215292865","44","215245879"
"KN294199v1","106821","107143","chr14","76597501","76597814","64","76490680"
"KN294199v1","109193","109280","chr12","109106777","109106864","7","108997584"
"KN294199v1","139546","139687","chr2B","2808621","2808756","27","2669075"
"KN294199v1","153734","154045","chr12","109069015","109069328","21","108915281"
"KN294199v1","163758","164009","chr19","50664107","50664376","56","50500349"
"KN294199v1","164779","165094","chr3","39885339","39885652","68","39720560"
"KN294199v1","168438","168684","chr12","109058224","109058516","65","108889786"
"KN294199v1","172072","172208","chr17","26184133","26184271","19","26012061"
"KN294199v1","177790","178086","chr12","109049698","109049986","23","108871908"
"KN294199v1","247203","247523","chr12","108982530","108982839","27","108735327"
"KN294199v1","332683","332961","chr4","38734873","38735151","50","38402190"
"KN294199v1","342523","342814","chr12","108888720","108889019","33","108546197"
"KN294199v1","343414","343724","chr12","108887814","108888124","24","108544400"
"KN294199v1","355608","355734","chr1","163617674","163617798","21","163262066"
"KN294199v1","361411","361716","chrX","133672214","133672519","53","133310803"
"KN294199v1","391106","391414","chrX","5605247","5605542","61","5214141"
"KN294199v1","411982","412258","chr11","18971068","18971351","60","18559086"
"KN294199v1","413689","414011","chr12","108864413","108864714","32","108450724"
"KN294199v1","423616","423923","chr12","125163839","125164147","49","124740223"
"KN294199v1","588241","588535","chr12","108693629","108693934","28","108105388"
"KN294199v1","593810","594115","chr12","108688331","108688628","35","108094521"
"KN294199v1","598361","598432","chr12","108684002","108684073","1","108085641"
"KN294199v1","609532","609657","chr12","108673047","108673171","10","108063515"
"KN294199v1","612232","612505","chr7","2391375","2391657","58","1779143"
"KN294199v1","619070","619202","chr12","108663261","108663393","9","108044191"
"KN294199v1","754759","754888","chr1","225532352","225532483","20","224777593"
"KN294199v1","811165","811443","chr12","108481637","108481930","46","107670472"
"KN294199v1","981705","981988","chr12","108306172","108306469","26","107324467"
"KN294199v1","1112226","1112541","chr12","108178899","108179212","20","107066673"
"KN294199v1","1208444","1208710","chr12","108086314","108086601","45","106877870"
"KN294199v1","1331293","1331426","chr5","34604244","34604378","27","33272951"
"KN294199v1","1331427","1331721","chr12","107963541","107963829","30","106632114"
"KN294199v1","1391867","1392151","chr12","107904918","107905188","30","106513051"
"KN294199v1","1428993","1429277","chr12","107866625","107866907","13","106437632"
"KN294199v1","1565799","1566067","chr12","107684408","107684689","58","106118609"
"KN294199v1","1582113","1582238","chr8","43428984","43429110","19","41846871"
"KN294199v1","1616399","1616713","chr6","157462525","157462829","70","155846126"
"KN294199v1","1622189","1622319","chr12","80807762","80807893","28","79185573"
"KN294205v1","1048517","1048632","chr13","20705417","20705539","14","19656900"
"KN294205v1","95302","95408","chr13","21692782","21692901","23","21597480"
"KN294205v1","355353","355696","chr7","40580128","40580440","107","40224775"
"KN294205v1","374886","375167","chr13","21412448","21412731","37","21037562"
"KN294205v1","428018","428140","chr3","136598904","136599027","19","136170886"
"KN294205v1","498962","499264","chr1","186022125","186022419","57","185523163"
"KN294205v1","522189","522286","chr7","85745703","85745804","16","85223514"
"KN294205v1","614757","614983","chr13","21172106","21172329","19","20557349"
"KN294205v1","994895","995165","chr19","5130734","5130999","56","4135839"
"KN294206v1","3919","4107","chr12","11579554","11579739","47","11575635"
"KN294207v1","149062","149364","chr2B","109085854","109086139","64","108936792"
"KN294207v1","195148","195251","chr9","43212232","43212332","34","43017084"
"KN294207v1","195554","195696","chr1","71169438","71169578","25","70973884"
"KN294207v1","272373","272502","chr3","67402267","67402392","21","67129894"
"KN294207v1","483358","483668","chr12","43265366","43265675","63","42782008"
"KN294207v1","504309","504615","chr6","13944966","13945269","59","13440657"
"KN294207v1","524888","525187","chr14","76552911","76553207","54","76028023"
"KN294207v1","581212","581342","chr7","95940109","95940240","16","95358897"
"KN294207v1","599055","599360","chr7","5339008","5339312","62","4739953"
"KN294207v1","627720","628004","chr3","67126530","67126828","35","66498810"
"KN294207v1","677263","677392","chr11","96119784","96119913","18","95442521"
"KN294207v1","700349","700630","chr15","68380129","68380402","62","67679780"
"KN294207v1","710468","710674","chr3","67047175","67047391","25","66336707"
"KN294207v1","718324","718460","chr3","67039718","67039854","11","66321394"
"KN294207v1","817072","817374","chr3","66943364","66943671","26","66126292"
"KN294207v1","818886","819065","chr11","119771517","119771688","45","118952631"
"KN294207v1","821231","821512","chr19","3667009","3667299","59","2845778"
"KN294207v1","912680","912862","chr15","4150109","4150289","38","3237429"
"KN294207v1","960017","960288","chr3","66778398","66778712","59","65818381"
"KN294207v1","1006739","1006924","chr5","121595120","121595294","44","120588381"
"KN294207v1","1007221","1007345","chr13","27399177","27399301","35","26391956"
"KN294207v1","1010976","1011270","chr3","66734262","66734551","19","65723286"
"KN294207v1","1062910","1063203","chr2B","52249572","52249875","57","51186662"
"KN294207v1","1083121","1083259","chr7","148208827","148208966","19","147125706"
"KN294207v1","1083563","1083625","chr5","122216595","122216656","15","121133032"
"KN294207v1","1132283","1132374","chrX","132897298","132897388","18","131765015"
"KN294207v1","1160329","1160565","chr3","66585414","66585651","19","65425085"
"KN294208v1","26597","26911","chr1","203347567","203347865","85","203320970"
"KN294208v1","455678","455958","chr1","148663671","148663962","30","148207993"
"KN294208v1","634479","634741","chr1","215308654","215308915","57","214674175"
"KN294208v1","655515","655811","chr1","148851291","148851582","21","148195776"
"KN294208v1","841916","841999","chr16","64046431","64046510","18","63204515"
"KN294208v1","867612","867760","chr1","149058104","149058251","13","148190492"
"KN294209v1","10076","10150","chr14","89954124","89954196","8","89944048"
"KN294210v1","152826","153122","chr19","7939133","7939429","66","7786307"
"KN294210v1","160448","160760","chr4","157249109","157249413","28","157088661"
"KN294210v1","286043","286227","chr4","157348144","157348349","32","157062101"
"KN294210v1","470244","470542","chr4","157533263","157533569","34","157063019"
"KN294210v1","911147","911453","chr4","158068092","158068400","29","157156945"
"KN294210v1","1176556","1176859","chr2B","92757122","92757413","56","91580566"
"KN294210v1","1194948","1195236","chr19","40322015","40322302","57","39127067"
"KN294210v1","1253939","1254028","chr7","79063545","79063638","27","77809606"
"KN294210v1","1325942","1326160","chr12","120234296","120234512","42","118908354"
"KN294210v1","1416133","1416360","chr4","158567232","158567444","30","157151099"
"KN294210v1","1549816","1549999","chr8","38602605","38602787","43","37052789"
"KN294210v1","1614659","1614785","chr4","158770149","158770275","2","157155490"
"KN294210v1","1634391","1634543","chr19","37447485","37447631","31","35813094"
"KN294210v1","1653592","1653893","chr13","18328261","18328571","65","16674669"
"KN294210v1","1874962","1875255","chr4","159036424","159036720","39","157161462"
"KN294213v1","178391","178632","chr14","72808786","72809010","73","72630395"
"KN294213v1","178708","178763","chr18","50442172","50442227","4","50263464"
"KN294213v1","179072","179190","chr18","50442534","50442652","9","50263462"
"KN294214v1","10329","10453","chr3","144616756","144616881","16","144606427"
"KN294214v1","121241","121367","chr1","92954977","92955100","19","92833736"
"KN294214v1","162588","162782","chr20","25900028","25900221","14","25737440"
"KN294214v1","213859","214168","chr14","58913228","58913526","65","58699369"
"KN294214v1","229293","229510","chr5","32754236","32754465","49","32524943"
"KN294214v1","259199","259460","chr20","25804475","25804740","22","25545276"
"KN294214v1","279551","279816","chr7","77503434","77503704","58","77223883"
"KN294214v1","282598","282714","chr15","10290961","10291080","24","10008363"
"KN294214v1","368096","368385","chr13","14382826","14383108","25","14014730"
"KN294214v1","394367","394559","chr8","81652787","81652971","48","81258420"
"KN294214v1","428468","428733","chr10","54776863","54777137","62","54348395"
"KN294214v1","485781","485906","chr16","4514693","4514819","20","4028912"
"KN294214v1","529424","529732","chr20","25542644","25542941","24","25013220"
"KN294214v1","636254","636385","chr20","25448699","25448830","8","24812445"
"KN294214v1","652292","652417","chr20","25425022","25425145","12","24772730"
"KN294214v1","706163","706472","chr20","25370804","25371100","35","24664641"
"KN294214v1","1637240","1637527","chr20","24408263","24408544","27","22771023"
"KN294215v1","8834","9117","chr5","59338670","59338946","52","59329836"
"KN294216v1","36189","36474","chr15","31580259","31580546","18","31544070"
"KN294217v1","134312","134566","chr1","2949307","2949562","15","2814995"
"KN294217v1","240033","240326","chr1","3059528","3059814","28","2819495"
"KN294217v1","343455","343524","chr8","124573247","124573316","17","124229792"
"KN294217v1","406499","406806","chr19","8479560","8479862","58","8073061"
"KN294217v1","488257","488548","chr1","3304992","3305300","41","2816735"
"KN294217v1","560153","560328","chr4","20923075","20923248","65","20362922"
"KN294217v1","628811","629159","chr1","3438595","3438907","60","2809784"
"KN294217v1","738496","738785","chr19","9978934","9979233","64","9240438"
"KN294217v1","750118","750273","chr20","47922633","47922788","30","47172515"
"KN294217v1","750584","750719","chr1","132322054","132322191","26","131571470"
"KN294217v1","755339","755606","chr1","3554442","3554717","24","2799103"
"KN294217v1","784963","785247","chr1","3578819","3579105","26","2793856"
"KN294217v1","802388","802687","chr1","3602112","3602409","27","2799724"
"KN294217v1","886028","886158","chr16","24800893","24801020","27","23914865"
"KN294217v1","1491915","1492209","chr8","63029880","63030175","65","61537965"
"KN294217v1","1501494","1501789","chr16","60630135","60630442","64","59128641"
"KN294217v1","1623800","1624093","chr1","4429014","4429321","38","2805214"
"KN294217v1","1979914","1980175","chr1","4800211","4800511","58","2820297"
"KN294217v1","2154063","2154321","chr3","12799805","12800071","59","10645742"
"KN294217v1","2301475","2301764","chr12","11449412","11449696","60","9147937"
"KN294217v1","2321433","2321566","chr1","5153399","5153532","14","2831966"
"KN294218v1","157634","157913","chr10","2948709","2949002","42","2791075"
"KN294218v1","328623","328857","chr3","125275384","125275603","62","124946761"
"KN294218v1","353852","354160","chr18","1777413","1777719","55","1423561"
"KN294218v1","413973","414268","chr10","2723058","2723364","49","2309085"
"KN294218v1","1315645","1315966","chr8","77617192","77617501","64","76301547"
"KN294218v1","1654467","1654704","chr10","1510973","1511212","16","143494"
"KN294218v1","1657708","1658006","chr10","1507350","1507644","32","150358"
"KN294218v1","1879629","1879911","chr10","105264645","105264926","56","103385016"
"KN294218v1","1903442","1903778","chr3","5183469","5183804","71","3280027"
"KN294218v1","1937150","1937378","chr10","1205164","1205382","31","731986"
"KN294218v1","2185755","2186021","chr10","947436","947703","24","1238319"
"KN294218v1","2213926","2214162","chr7","70604865","70605106","73","68390939"
"KN294218v1","2404163","2404362","chr6","11862736","11862910","62","9458573"
"KN294218v1","2413807","2413889","chr8","67764200","67764274","27","65350393"
"KN294218v1","2414252","2414397","chr6","5854592","5854735","23","3440340"
"KN294218v1","2433886","2434195","chr5","18964003","18964324","73","16530117"
"KN294218v1","2637306","2637585","chr10","442194","442474","31","2195112"
"KN294218v1","2864306","2864607","chr22","24141735","24142039","59","21277429"
"KN294218v1","2887548","2887731","chr8","102393741","102393911","47","99506193"
"KN294219v1","25275","25579","chr1","50621664","50621967","20","50596389"
"KN294220v1","201","321","chr10","106664819","106664940","25","106664618"
"KN294220v1","35386","35480","chr12","53280218","53280315","13","53244832"
"KN294220v1","55124","55410","chr12","53261330","53261583","55","53206206"
"KN294221v1","190352","190662","chr10","90308946","90309253","63","90118594"
"KN294221v1","192636","192964","chr17","45634108","45634410","55","45441472"
"KN294221v1","268274","268392","chr1","121910472","121910598","14","121642198"
"KN294221v1","281168","281487","chr1","121892342","121892668","25","121611174"
"KN294224v1","13917","14205","chrX","2100839","2101136","63","2086922"
"KN294224v1","184387","184551","chr13","10667524","10667688","15","10483137"
"KN294224v1","351279","351566","chr19","15408880","15409161","55","15057601"
"KN294224v1","372614","372897","chr13","10495254","10495539","20","10122640"
"KN294224v1","430433","430558","chr3","144616756","144616881","16","144186323"
"KN294224v1","478721","479013","chr5","24108210","24108499","57","23629489"
"KN294224v1","537639","537936","chr13","10316300","10316590","30","9778661"
"KN294224v1","576956","577252","chr13","10276898","10277192","26","9699942"
"KN294224v1","618336","618644","chr5","133596393","133596704","57","132978057"
"KN294224v1","867318","867597","chr11","117059306","117059587","62","116191988"
"KN294224v1","902634","902879","chr14","64540887","64541142","55","63638253"
"KN294224v1","944553","944675","chr13","9898531","9898657","19","8953978"
"KN294224v1","952538","952837","chr13","9890481","9890779","24","8937943"
"KN294224v1","1006066","1006317","chr20","32936729","32936983","60","31930663"
"KN294224v1","1010325","1010597","chr13","9833538","9833834","39","8823213"
"KN294224v1","1072908","1073029","chr12","12525020","12525141","20","11452112"
"KN294224v1","1113859","1114171","chr12","123564535","123564842","62","122450676"
"KN294224v1","1131301","1131407","chr17","2409347","2409455","19","1278046"
"KN294224v1","1145209","1145496","chrX","129395830","129396125","50","128250621"
"KN294224v1","1182889","1183193","chr9","97582356","97582656","72","96399467"
"KN294224v1","1231800","1231922","chr3","144616756","144616881","17","143384956"
"KN294224v1","1279028","1279328","chr13","9560262","9560562","23","8281234"
"KN294224v1","1312837","1312970","chr6","110425523","110425657","23","109112686"
"KN294224v1","1313275","1313450","chr3","127583987","127584167","46","126270712"
"KN294224v1","1321914","1322216","chr13","9534538","9534842","26","8212624"
"KN294224v1","1485409","1485741","chr13","9371561","9371873","37","7886152"
"KN294226v1","94626","94788","chr18","11755226","11755390","30","11660600"
"KN294226v1","253924","254202","chr5","96413450","96413727","54","96159526"
"KN294226v1","257053","257349","chr6","146567247","146567535","28","146310194"
"KN294226v1","275440","275740","chr2A","78659364","78659679","71","78383924"
"KN294226v1","304867","305179","chr6","146519520","146519840","32","146214653"
"KN294226v1","305691","305821","chr8","145971126","145971256","17","145665435"
"KN294226v1","315374","315650","chr3","59640838","59641116","48","59325464"
"KN294226v1","438172","438293","chr8","25552643","25552765","22","25114471"
"KN294226v1","547926","548242","chr6","146281613","146281921","23","145733687"
"KN294226v1","633941","634246","chr6","146180456","146180750","35","145546515"
"KN294226v1","686502","686796","chr6","146135913","146136199","27","145449411"
"KN294226v1","698770","699067","chr8","95486318","95486616","61","94787548"
"KN294226v1","699502","699621","chr2A","37221669","37221788","20","36522167"
"KN294226v1","723250","723511","chr6","146099487","146099776","51","145376237"
"KN294226v1","1056820","1057128","chr6","145738391","145738708","32","144681571"
"KN294226v1","1078666","1078956","chr6","145713177","145713477","27","144634511"
"KN294229v1","24334","24627","chr11","6417356","6417649","54","6393022"
"KN294229v1","48910","49041","chr12","53367040","53367171","7","53318130"
"KN294229v1","64262","64369","chr11","16719858","16719968","19","16655596"
"KN294229v1","97963","98079","chr12","53397889","53398013","20","53299926"
"KN294229v1","119316","119594","chr12","53417850","53418141","28","53298534"
"KN294229v1","137126","137260","chr12","53434642","53434777","12","53297516"
"KN294229v1","194004","194306","chr12","53491522","53491824","46","53297518"
"KN294229v1","230567","230861","chr12","53526855","53527149","21","53296288"
"KN294229v1","235291","235598","chr2B","16827940","16828245","57","16592649"
"KN294229v1","236482","236783","chr12","53534972","53535263","37","53298490"
"KN294229v1","267785","267910","chr12","53566356","53566484","8","53298571"
"KN294229v1","286038","286329","chr1","17668652","17668934","61","17382614"
"KN294229v1","302318","302602","chr12","53600077","53600372","30","53297759"
"KN294229v1","327021","327151","chr14","44627225","44627356","21","44300204"
"KN294229v1","330163","330298","chr12","53629096","53629217","16","53298933"
"KN294233v1","426590","426881","chr4","73575451","73575765","48","73148861"
"KN294233v1","468035","468341","chr4","73526705","73527011","27","73058670"
"KN294233v1","486002","486310","chr4","73508939","73509228","31","73022937"
"KN294233v1","492799","493102","chr4","73502384","73502685","29","73009585"
"KN294233v1","507350","507640","chr4","73482938","73483228","20","72975588"
"KN294233v1","516346","516556","chr4","73473922","73474137","34","72957576"
"KN294233v1","560451","560722","chr4","73432343","73432609","21","72871892"
"KN294233v1","576287","576445","chr4","2326900","2327060","35","1750613"
"KN294233v1","576744","576861","chr10","37023135","37023253","23","36446391"
"KN294233v1","621734","621993","chr5","5873343","5873596","63","5251609"
"KN294233v1","623210","623445","chr15","69604871","69605105","41","68981661"
"KN294233v1","624735","625028","chr4","73377312","73377606","25","72752577"
"KN294233v1","646479","646771","chr4","73343462","73343772","42","72696983"
"KN294233v1","655449","655737","chr4","73334983","73335264","41","72679534"
"KN294233v1","671097","671385","chr4","73323436","73323728","27","72652339"
"KN294233v1","671585","671880","chr4","73322931","73323220","40","72651346"
"KN294233v1","778968","779273","chr4","73212798","73213100","17","72433830"
"KN294233v1","807343","807470","chr4","73182919","73183043","12","72375576"
"KN294233v1","830284","830572","chr4","73179214","73179506","25","72348930"
"KN294234v1","1179432","1179729","chr8","1807810","1808111","23","628378"
"KN294234v1","60885","61178","chr12","130977041","130977340","72","130916156"
"KN294234v1","71598","71914","chr10","137324559","137324858","78","137252961"
"KN294234v1","75310","75581","chr10","16684565","16684841","65","16609255"
"KN294234v1","191034","191159","chr8","2562767","2562892","21","2371733"
"KN294234v1","206441","206622","chr4","83908503","83908674","45","83702062"
"KN294234v1","445371","445525","chr18","2442507","2442650","43","1997136"
"KN294234v1","517383","517674","chr19","38610887","38611183","60","38093504"
"KN294234v1","875876","876170","chr19","32591845","32592137","58","31715969"
"KN294234v1","896899","897173","chr8","2065206","2065481","24","1168307"
"KN294234v1","1035756","1036040","chr8","1934403","1934688","33","898647"
"KN294234v1","1042426","1042702","chr19","38003776","38004058","54","36961350"
"KN294234v1","1057419","1057706","chr21","27250095","27250374","72","26192676"
"KN294234v1","1069461","1069590","chr8","1900441","1900573","16","830980"
"KN294234v1","1291277","1291570","chr8","1695975","1696267","16","404698"
"KN294234v1","1319503","1319788","chr21","28381323","28381600","71","27061820"
"KN294234v1","1361613","1361917","chr8","1622240","1622551","27","260627"
"KN294234v1","1416139","1416434","chr11","121650464","121650754","53","120234325"
"KN294234v1","1486216","1486498","chr8","1487216","1487508","37","1000"
"KN294234v1","1680356","1680648","chr8","1280060","1280366","34","400296"
"KN294234v1","1840481","1840719","chr6","36292779","36293030","78","34452298"
"KN294234v1","1897383","1897679","chr8","1039197","1039478","43","858186"
"KN294234v1","2296494","2296807","chr8","606207","606507","33","1690287"
"KN294234v1","2330144","2330414","chr1","134959854","134960141","55","132629710"
"KN294234v1","2339121","2339425","chr8","580361","580656","36","1758760"
"KN294234v1","2575532","2575833","chr8","328338","328633","22","2247194"
"KN294234v1","2630804","2630905","chr12","118276136","118276240","22","115645332"
"KN294234v1","2632926","2633027","chr12","118276136","118276240","22","115643210"
"KN294234v1","2771181","2771329","chr8","62867","63015","10","2708314"
"KN294235v1","197313","197546","chr1","197315357","197315590","13","197118044"
"KN294235v1","823488","823820","chr1","198027806","198028129","38","197204318"
"KN294235v1","1106246","1106531","chr1","198344002","198344290","26","197237756"
"KN294235v1","1142576","1142683","chr1","198381007","198381116","22","197238431"
"KN294239v1","292402","292712","chr17","21581223","21581534","19","21288821"
"KN294239v1","339330","339635","chr17","21618315","21618623","25","21278985"
"KN294239v1","366331","366598","chr17","21649601","21649871","27","21283270"
"KN294239v1","373805","374111","chr17","21656606","21656910","22","21282801"
"KN294239v1","407657","407809","chr14","70582842","70582991","36","70175185"
"KN294239v1","417028","417208","chr17","21695443","21695630","20","21278415"
"KN294239v1","505721","505968","chr17","21782254","21782499","15","21276533"
"KN294239v1","620989","621171","chr11","76867845","76868031","42","76246856"
"KN294239v1","675241","675547","chr8","47135493","47135800","63","46460252"
"KN294239v1","771310","771435","chr1","79019834","79019959","14","78248524"
"KN294239v1","839514","839800","chr21","33702997","33703275","59","32863483"
"KN294239v1","1320340","1320407","chr1","17234737","17234802","10","15914397"
"KN294239v1","1430131","1430413","chr17","22803586","22803871","24","21373455"
"KN294239v1","1489581","1489788","chr17","22864048","22864304","67","21374467"
"KN294239v1","1568883","1569181","chr10","116537467","116537764","47","114968584"
"KN294239v1","1685038","1685163","chr17","23050132","23050257","11","21365094"
"KN294239v1","1700584","1700862","chr17","23068786","23069068","24","21368202"
"KN294239v1","1775291","1775425","chr9","14415214","14415345","28","12639923"
"KN294239v1","1782756","1782878","chr1","78980030","78980153","18","77197274"
"KN294239v1","1799875","1800123","chr4","87727935","87728186","56","85928060"
"KN294239v1","1807075","1807372","chr8","51086094","51086396","61","49279019"
"KN294239v1","1848386","1848687","chr17","23204812","23205114","12","21356426"
"KN294239v1","2157285","2157584","chr16","60383420","60383717","59","58226135"
"KN294239v1","2181163","2181447","chrX","151124597","151124886","57","148943434"
"KN294239v1","2187742","2188040","chr17","23574450","23574752","16","21386708"
"KN294240v1","21681","21992","chr4","7977628","7977939","61","7955947"
"KN294242v1","262854","263150","chrX","88548107","88548404","20","88285253"
"KN294243v1","69498","69768","chr6","146446330","146446598","57","146376832"
"KN294243v1","262187","262495","chr11","71146200","71146505","55","70884013"
"KN294243v1","266038","266102","chr10","64394923","64394987","4","64128885"
"KN294245v1","241831","242144","chr11","3742599","3742910","74","3500768"
"KN294245v1","284678","284698","chr1","86298663","86298681","5","86013985"
"KN294245v1","284786","285053","chr5","36565700","36565952","67","36280914"
"KN294245v1","462499","462797","chr4","42383820","42384119","30","41921321"
"KN294245v1","1014450","1014769","chr4","42894875","42895194","25","41880425"
"KN294251v1","442225","442520","chr6","55147388","55147683","38","54705163"
"KN294251v1","597789","598101","chr4","6615194","6615493","70","6017405"
"KN294251v1","915636","915818","chr22","21301039","21301222","43","20385403"
"KN294251v1","916023","916133","chr5","132059890","132059998","30","131143867"
"KN294251v1","1020675","1020805","chr6","54602154","54602283","8","53581479"
"KN294251v1","1113635","1113921","chr8","87005254","87005543","54","85891619"
"KN294251v1","1368797","1369071","chr6","54264523","54264835","48","52895726"
"KN294251v1","1427613","1427894","chr7","78859724","78859999","59","77432111"
"KN294251v1","1435666","1435965","chr7","62987148","62987447","63","61551482"
"KN294251v1","1477079","1477367","chr6","54156748","54157046","17","52679669"
"KN294251v1","1484847","1484977","chr6","54149279","54149409","9","52664432"
"KN294251v1","1509449","1509614","chr6","54123287","54123440","21","52613838"
"KN294251v1","1529684","1529991","chr6","54104034","54104344","29","52574350"
"KN294251v1","1567734","1568011","chr12","11918035","11918333","76","10350301"
"KN294251v1","1606569","1606859","chr6","54028561","54028853","23","52421992"
"KN294251v1","1899323","1899609","chr7","6344258","6344536","63","4444935"
"KN294251v1","1953797","1953928","chr6","53592360","53592488","13","51638563"
"KN294251v1","1982767","1983077","chr6","53564250","53564556","29","51581483"
"KN294251v1","1986487","1986735","chr2B","111585943","111586201","61","109599456"
"KN294251v1","2079959","2080250","chr14","47716548","47716839","54","45636589"
"KN294251v1","2177256","2177542","chr6","53383809","53384094","25","51206553"
"KN294251v1","2206521","2206798","chr19","13783825","13784104","73","11577304"
"KN294251v1","2213812","2213983","chr6","53349146","53349324","18","51135334"
"KN294251v1","2221153","2221319","chr6","53342354","53342526","20","51121201"
"KN294251v1","2250673","2250990","chr13","6336210","6336518","60","4085537"
"KN294251v1","2552190","2552478","chr11","119413884","119414174","54","116861694"
"KN294251v1","2997895","2998015","chr6","52585901","52586022","8","49588006"
"KN294251v1","3314002","3314059","chr6","52281982","52282038","2","48967980"
"KN294251v1","3553490","3553771","chr11","26008277","26008565","61","22454787"
"KN294251v1","3795521","3795703","chrX","48237258","48237438","40","44441737"
"KN294251v1","3837264","3837546","chr20","32502132","32502400","64","28664868"
"KN294251v1","3987170","3987294","chr6","51693275","51693399","5","47706105"
"KN294251v1","4038194","4038437","chr6","51640186","51640433","14","47601992"
"KN294257v1","2359069","2359369","chr4","190526787","190527083","56","188167718"
"KN294257v1","90118","90410","chr1","141485711","141486019","64","141395593"
"KN294257v1","187053","187357","chr6","27135280","27135589","28","26948227"
"KN294257v1","198784","198968","chr16","27975710","27975892","65","27776926"
"KN294257v1","226458","226578","chr1","78980030","78980153","19","78753572"
"KN294257v1","235682","235769","chr6","27087205","27087291","8","26851523"
"KN294257v1","274084","274195","chr6","27044618","27044728","7","26770534"
"KN294257v1","293921","294034","chr6","27001585","27001695","12","26707664"
"KN294257v1","319539","319828","chr6","27057188","27057484","39","26737649"
"KN294257v1","332191","332302","chr6","27044618","27044728","14","26712427"
"KN294257v1","466673","466806","chr22","11274543","11274673","23","10807870"
"KN294257v1","509165","509311","chr6","26831227","26831368","19","26322062"
"KN294257v1","509615","509760","chr6","26830772","26830917","12","26321157"
"KN294257v1","615454","615790","chr4","2534208","2534511","89","1918754"
"KN294257v1","625250","625329","chr19","12957776","12957857","24","12332526"
"KN294257v1","625675","625843","chr3","73659542","73659695","51","73033867"
"KN294257v1","688362","688649","chr6","26663766","26664053","21","25975404"
"KN294257v1","789936","790276","chr6","26547994","26548308","47","25758058"
"KN294257v1","946340","946473","chr18","18066410","18066541","20","17120070"
"KN294257v1","1007560","1007831","chr14","44797078","44797352","89","43789518"
"KN294257v1","1202995","1203290","chr1","207595721","207596011","58","206392726"
"KN294257v1","1323988","1324071","chr15","48613552","48613639","18","47289564"
"KN294257v1","1401236","1401548","chr6","25916899","25917199","25","24515663"
"KN294257v1","1442689","1442979","chr6","25873673","25873963","20","24430984"
"KN294257v1","1488021","1488270","chr4","87727935","87728186","53","86239914"
"KN294257v1","1650642","1650936","chr9","43467361","43467652","73","41816719"
"KN294257v1","1683661","1683993","chr6","25620717","25621023","43","23937056"
"KN294257v1","1708739","1709031","chr2A","11794207","11794490","63","10085468"
"KN294257v1","1757668","1757949","chr6","25547328","25547616","41","23789660"
"KN294257v1","1852636","1852950","chr6","25502246","25502551","38","23649610"
"KN294257v1","1881931","1882228","chr6","25472820","25473113","15","23590889"
"KN294257v1","1892104","1892387","chr8","44442846","44443129","55","42550742"
"KN294257v1","1924175","1924428","chr15","63342288","63342541","59","61418113"
"KN294257v1","1930992","1931303","chr1","130404261","130404568","61","128473269"
"KN294257v1","1945741","1945868","chr10","46891187","46891315","24","44945446"
"KN294257v1","1948954","1949214","chr6","25414061","25414330","32","23465107"
"KN294257v1","1959759","1960048","chr6","25404066","25404359","25","23444307"
"KN294257v1","1978988","1979250","chr1","40621951","40622220","59","38642963"
"KN294257v1","2005242","2005559","chr6","25388279","25388582","39","23383037"
"KN294257v1","2029299","2029426","chr6","25360348","25360485","19","23331049"
"KN294257v1","2035481","2035606","chr15","21476177","21476301","15","19440696"
"KN294257v1","2057678","2057752","chr5","83020072","83020149","15","80962394"
"KN294257v1","2097384","2097610","chr6","25287843","25288065","15","23190459"
"KN294257v1","2168524","2168787","chr8","56496769","56497031","64","54328245"
"KN294257v1","2175601","2175709","chr7","72387158","72387267","18","70211557"
"KN294257v1","2180773","2180895","chr10","142418117","142418238","18","140237344"
"KN294257v1","2218915","2219237","chr19","8150716","8151047","76","5931801"
"KN294257v1","2219669","2219785","chr1","186353850","186353968","14","184134181"
"KN294257v1","2249914","2250047","chr6","25127286","25127419","9","22877372"
"KN294257v1","2287658","2287887","chr5","143881772","143881990","68","141594114"
"KN294257v1","2290604","2290782","chr10","25332159","25332339","48","23041555"
"KN294257v1","2296801","2297081","chrX","53825086","53825371","40","51528285"
"KN294257v1","2313837","2314119","chr15","4550171","4550457","59","2236334"
"KN294257v1","2345556","2345673","chr1","67602533","67602651","21","65256977"
"KN294257v1","2426585","2426677","chr8","73290757","73290854","24","70864172"
"KN294257v1","2436751","2437039","chr14","48918510","48918798","58","46481759"
"KN294257v1","2487100","2487389","chr6","24882787","24883076","18","22395687"
"KN294257v1","2505159","2505284","chr2B","113095705","113095831","18","110590546"
"KN294257v1","2875193","2875322","chr4","151221183","151221314","29","148345990"
"KN294260v1","95923","96213","chr3","5836221","5836504","21","5740298"
"KN294260v1","484516","484767","chr3","5446299","5446589","57","4961783"
"KN294260v1","536232","536543","chr4","7977628","7977939","63","7441396"
"KN294260v1","575054","575277","chr3","152051619","152051840","43","151476565"
"KN294260v1","664630","664925","chr3","5267544","5267849","37","4602914"
"KN294260v1","678720","679011","chr3","5249993","5250286","9","4571273"
"KN294260v1","679528","679661","chr20","33267370","33267496","25","32587842"
"KN294260v1","696010","696301","chr3","5229729","5230019","20","4533719"
"KN294260v1","726404","726652","chr15","1361979","1362212","66","635575"
"KN294260v1","737133","737256","chrX","151078981","151079104","16","150341848"
"KN294260v1","744553","744856","chr3","5183469","5183804","57","4438916"
"KN294260v1","758986","759273","chr3","5168290","5168581","31","4409304"
"KN294260v1","775432","775723","chr10","25391401","25391690","56","24615969"
"KN294260v1","789757","789889","chr3","5137670","5137796","14","4347913"
"KN294260v1","821376","821633","chr8","7650142","7650398","59","6828766"
"KN294260v1","853338","853473","chr5","163000968","163001096","27","162147630"
"KN294260v1","906446","906557","chr3","5136828","5136950","23","4230382"
"KN294260v1","917866","918176","chr19","14089649","14089951","60","13171783"
"KN294260v1","920459","920762","chr3","4983134","4983437","15","4062675"
"KN294260v1","1055494","1055782","chr3","4851685","4851969","18","3796191"
"KN294260v1","1234038","1234216","chr19","786323","786503","37","447715"
"KN294260v1","1249553","1249823","chr3","4654769","4655050","28","3405216"
"KN294260v1","1296938","1297164","chr3","4607876","4608101","19","3310938"
"KN294260v1","1643586","1643706","chr3","4266833","4266953","8","2623247"
"KN294260v1","1644006","1644167","chr4","2407694","2407860","48","763688"
"KN294260v1","1666567","1666865","chr3","4245013","4245310","16","2578446"
"KN294260v1","1960408","1960704","chr3","3924186","3924480","24","1963778"
"KN294260v1","2544260","2544466","chr1","130413203","130413403","48","127868943"
"KN294260v1","2544804","2544886","chr7","154569557","154569635","26","152024753"
"KN294261v1","37352","37663","chr1","66332265","66332577","21","66294913"
"KN294261v1","173620","173771","chr1","66493984","66494129","18","66320364"
"KN294262v1","227271","227380","chr16","22541801","22541907","29","22314530"
"KN294262v1","366713","367013","chr1","167238028","167238317","33","166871315"
"KN294262v1","368889","369189","chr1","167235705","167235980","48","166866816"
"KN294262v1","414979","415231","chr7","78167554","78167797","63","77752575"
"KN294262v1","840449","840687","chr1","166737175","166737413","16","165896726"
"KN294262v1","889533","889834","chr14","44691431","44691738","55","43801898"
"KN294262v1","958830","959134","chr1","166585764","166586048","56","165626934"
"KN294262v1","962775","962903","chr1","166589716","166589852","18","165626941"
"KN294262v1","1261766","1262073","chr3","125329164","125329471","57","124067398"
"KN294262v1","1295802","1295930","chr17","26556688","26556813","23","25260886"
"KN294262v1","1295956","1296158","chr3","59540968","59541164","45","58245012"
"KN294262v1","1325507","1325833","chr1","166189386","166189692","38","164863879"
"KN294262v1","1345178","1345393","chr1","166169740","166169971","37","164824562"
"KN294262v1","1375988","1376271","chr1","166137408","166137692","15","164761420"
"KN294262v1","1398808","1399092","chr1","166113402","166113669","42","164714594"
"KN294262v1","1421430","1421551","chr7","57394542","57394663","21","55973112"
"KN294262v1","1498763","1499053","chr1","166013355","166013616","38","164514592"
"KN294262v1","1585734","1586026","chr1","165926057","165926354","35","164340323"
"KN294262v1","1593317","1593606","chr1","224541636","224541927","64","222948319"
"KN294262v1","1628981","1629285","chr1","165892411","165892702","42","164263430"
"KN294262v1","1841323","1841569","chr7","66119343","66119578","52","64278020"
"KN294262v1","1898837","1899125","chr12","2248940","2249223","46","350103"
"KN294262v1","2012252","2012308","chr1","165501141","165501196","7","163488889"
"KN294262v1","2025156","2025433","chr1","165488446","165488710","49","163463290"
"KN294262v1","2570936","2571059","chr1","164956850","164956973","10","162385914"
"KN294262v1","2604837","2605153","chr1","164924755","164925072","14","162319918"
"KN294262v1","2625315","2625555","chr11","113982970","113983199","66","111357655"
"KN294262v1","2803766","2804081","chr1","164718179","164718476","44","161914413"
"KN294262v1","2876510","2876804","chr4","6615194","6615493","53","3738684"
"KN294262v1","2887149","2887286","chr18","19744090","19744222","37","16856941"
"KN294262v1","2887320","2887346","chr19","17299071","17299098","10","14411751"
"KN294262v1","2921979","2922247","chr1","164596223","164596483","25","161674244"
"KN294262v1","2941153","2941435","chr1","164575976","164576270","26","161634823"
"KN294262v1","2958796","2959086","chr19","3488474","3488765","52","529678"
"KN294264v1","635215","635463","chrX","150591488","150591734","26","149956273"
"KN294266v1","23657","23954","chr12","46041962","46042253","28","46018305"
"KN294266v1","129177","129487","chr12","46164875","46165177","33","46035698"
"KN294266v1","148422","148712","chr8","74437349","74437635","55","74288927"
"KN294266v1","271225","271358","chrX","47279711","47279837","20","47008486"
"KN294266v1","336948","337122","chr1","26457448","26457621","30","26120500"
"KN294266v1","337176","337298","chr4","162860124","162860241","27","162522948"
"KN294266v1","511233","511364","chr9","12101762","12101895","19","11590529"
"KN294266v1","511404","511641","chr20","39180721","39180956","69","38669317"
"KN294266v1","877067","877141","chr12","46801111","46801185","6","45924044"
"KN294267v1","93451","93689","chr18","50978934","50979167","27","50885483"
"KN294269v1","123723","123805","chr21","23145018","23145100","1","23021295"
"KN294269v1","359031","359317","chr21","22915527","22915813","20","22556496"
"KN294269v1","396415","396523","chr21","22868995","22869103","7","22472580"
"KN294269v1","542665","542988","chr2A","49614267","49614580","74","49071602"
"KN294269v1","577088","577399","chr1","5801304","5801614","52","5224216"
"KN294269v1","595047","595099","chr16","29562107","29562160","22","28967060"
"KN294269v1","595132","595252","chr14","54433453","54433572","17","53838321"
"KN294269v1","605961","606261","chr21","22657372","22657672","25","22051411"
"KN294269v1","637461","637583","chr6","18445243","18445360","20","17807782"
"KN294269v1","677217","677508","chrX","119054378","119054665","66","118377161"
"KN294269v1","706487","706794","chr21","22549967","22550295","45","21843480"
"KN294269v1","749608","749737","chr4","165493884","165494012","22","164744276"
"KN294269v1","770930","771226","chr16","75461413","75461707","54","74690483"
"KN294269v1","846385","846505","chr4","94483678","94483799","18","93637293"
"KN294269v1","846786","846952","chr11","118455826","118455992","32","117609040"
"KN294269v1","975310","975505","chr4","165659947","165660124","53","164684637"
"KN294269v1","975536","975651","chr12","121125297","121125412","18","120149761"
"KN294269v1","1003208","1003505","chr21","22238230","22238524","47","21235022"
"KN294269v1","1050462","1050762","chr21","22192328","22192628","26","21141866"
"KN294269v1","1104725","1104959","chr21","22149882","22150110","24","21045157"
"KN294269v1","1165671","1165995","chr21","22081301","22081589","59","20915630"
"KN294269v1","1508482","1508706","chr16","79577884","79578125","59","78069402"
"KN294271v1","128430","128715","chr18","22448786","22449065","20","22320356"
"KN294271v1","345782","346115","chr12","14290706","14291023","73","13944924"
"KN294271v1","375395","375715","chr9","16045178","16045496","70","15669783"
"KN294271v1","463529","463831","chr8","11984036","11984340","63","11520507"
"KN294271v1","725364","725644","chr18","21847007","21847291","37","21121643"
"KN294271v1","778402","778466","chr1","17234737","17234802","8","16456335"
"KN294273v1","53270","53561","chr19","3667009","3667299","57","3613739"
"KN294278v1","6603","6883","chr12","60115827","60116118","66","60109224"
"KN294278v1","59313","59574","chr17","51057982","51058240","68","50998669"
"KN294278v1","80753","81039","chr12","109167153","109167448","69","109086400"
"KN294278v1","172813","172935","chr4","48155681","48155808","14","47982868"
"KN294279v1","106240","106547","chr1","196988393","196988702","41","196882153"
"KN294279v1","171959","172257","chr1","196921579","196921865","38","196749620"
"KN294279v1","191204","191320","chr1","196898226","196898343","7","196707022"
"KN294279v1","213950","214067","chr10","5758785","5758905","18","5544835"
"KN294279v1","214100","214250","chr2A","36845499","36845654","33","36631399"
"KN294279v1","219494","219774","chr1","196870265","196870545","16","196650771"
"KN294279v1","278482","278760","chr1","196812859","196813141","47","196534377"
"KN294279v1","309684","309933","chr1","196783092","196783376","68","196473408"
"KN294279v1","385733","386027","chr1","196710717","196711014","35","196324984"
"KN294279v1","685670","685972","chr2B","16269836","16270121","79","15584166"
"KN294279v1","794737","795015","chr15","62161130","62161408","59","61366393"
"KN294279v1","844757","845030","chr6","3042816","3043098","53","2198059"
"KN294279v1","876180","876291","chr1","196205286","196205397","9","195329106"
"KN294279v1","1129017","1129306","chr1","195960784","195961069","20","194831767"
"KN294281v1","165527","165786","chr4","161097352","161097607","25","160931825"
"KN294281v1","322891","323000","chr4","161264002","161264111","8","160941111"
"KN294281v1","397644","397934","chr4","161338758","161339052","21","160941114"
"KN294281v1","425486","425794","chr4","161369792","161370101","22","160944306"
"KN294281v1","812060","812373","chr8","1280060","1280366","67","468000"
"KN294281v1","935830","936126","chr4","161873649","161873925","53","160937819"
"KN294281v1","1330336","1330613","chr4","162280470","162280750","52","160950134"
"KN294284v1","21706","21879","chr5","152644875","152645037","36","152623169"
"KN294284v1","53023","53063","chr2B","123323817","123323857","5","123270794"
"KN294284v1","54450","54590","chr3","45306982","45307120","19","45252532"
"KN294284v1","76937","77196","chr14","10642683","10642956","46","10565746"
"KN294284v1","83628","83868","chr16","5508823","5509062","52","5425195"
"KN294284v1","84740","84756","chr1","198096629","198096649","5","198011889"
"KN294284v1","84792","85066","chr7","74283196","74283480","74","74198404"
"KN294284v1","89740","89857","chr7","134822555","134822669","28","134732815"
"KN294284v1","117873","118165","chr16","64904511","64904809","57","64786638"
"KN294284v1","127244","127368","chr14","10691605","10691729","10","10564361"
"KN294287v1","786261","786558","chr14","50624761","50625059","21","49838500"
"KN294287v1","66943","67239","chr9","113594640","113594941","59","113527697"
"KN294287v1","123756","123951","chr7","2627172","2627373","58","2503416"
"KN294287v1","135434","135582","chr5","16922117","16922273","29","16786683"
"KN294287v1","136248","136543","chr14","51266892","51267192","27","51130644"
"KN294287v1","188184","188458","chr12","11449412","11449696","59","11261228"
"KN294287v1","215266","215403","chr14","51191854","51191991","10","50976588"
"KN294287v1","240564","240839","chr14","51168652","51168926","21","50928088"
"KN294287v1","279357","279638","chr14","51127786","51128067","17","50848429"
"KN294287v1","285418","285704","chr14","51122544","51122803","57","50837126"
"KN294287v1","303700","303983","chr14","51102211","51102493","10","50798511"
"KN294287v1","309283","309444","chr2A","20917608","20917757","39","20608325"
"KN294287v1","320626","320757","chr7","85325670","85325800","24","85005044"
"KN294287v1","346655","346949","chr14","51058788","51059096","31","50712133"
"KN294287v1","357213","357510","chr14","51049251","51049563","56","50692038"
"KN294287v1","369701","370010","chr18","8196296","8196593","58","7826595"
"KN294287v1","467355","467474","chr20","3239723","3239846","20","2772368"
"KN294287v1","497186","497467","chr14","50916644","50916928","20","50419458"
"KN294287v1","503280","503398","chr11","44208747","44208864","12","43705467"
"KN294287v1","503881","504186","chr14","50909430","50909729","25","50405549"
"KN294287v1","564806","564934","chr14","50856258","50856383","8","50291452"
"KN294287v1","577413","577703","chr9","89652313","89652608","57","89074900"
"KN294287v1","604823","605109","chr3","9492268","9492560","61","8887445"
"KN294287v1","611144","611439","chr14","50809599","50809893","15","50198455"
"KN294287v1","625958","626263","chr14","50795067","50795383","22","50169109"
"KN294287v1","690066","690328","chr14","50725190","50725422","55","50035124"
"KN294287v1","710088","710386","chr7","907995","908292","64","197907"
"KN294287v1","713739","714026","chr21","34826965","34827263","62","34113226"
"KN294287v1","714506","714630","chr14","11231482","11231612","36","10516976"
"KN294287v1","723744","724033","chr14","75395367","75395649","53","74671623"
"KN294287v1","748427","748738","chr5","110411819","110412141","65","109663392"
"KN294287v1","802937","803229","chr14","50607659","50607951","20","49804722"
"KN294287v1","819203","819446","chrX","9217947","9218194","48","8398744"
"KN294287v1","1207940","1208058","chr2A","45791414","45791537","21","44583474"
"KN294288v1","16883","17179","chr11","93090659","93090949","59","93073776"
"KN294289v1","551009","551137","chr17","37604263","37604392","8","37053254"
"KN294289v1","617260","617566","chr4","96140595","96140897","70","95523335"
"KN294291v1","461373","461668","chr1","180061916","180062196","74","179600543"
"KN294291v1","1009930","1010231","chr2A","26124565","26124854","25","25114635"
"KN294292v1","27807","28115","chr9","14860135","14860432","79","14832328"
"KN294292v1","217555","217862","chrX","97541118","97541404","38","97323563"
"KN294292v1","218779","218901","chr2A","37486262","37486381","16","37267483"
"KN294294v1","90879","91161","chr7","22935508","22935825","54","22844629"
"KN294294v1","141874","142171","chr7","22888306","22888600","46","22746432"
"KN294302v1","31431","31732","chr2B","112053386","112053690","68","112021955"
"KN294302v1","85771","86055","chr10","51440952","51441232","27","51355181"
"KN294302v1","155915","156220","chr12","130977041","130977340","56","130821126"
"KN294303v1","50963","51248","chr16","19609148","19609441","29","19558185"
"KN294303v1","94995","95209","chrUn_CABD030132077v1","3335","3547","56","91660"
"KN294303v1","155571","155861","chr16","19507982","19508279","35","19352411"
"KN294303v1","159115","159413","chr16","19504830","19505143","29","19345715"
"KN294303v1","165928","166230","chr16","19497766","19498076","41","19331838"
"KN294303v1","237084","237398","chr16","14785544","14785843","64","14548460"
"KN294303v1","241069","241200","chr8","132025908","132026038","25","131784839"
"KN294303v1","258741","258857","chr16","19405226","19405325","27","19146485"
"KN294303v1","272179","272300","chr7","70488278","70488398","18","70216099"
"KN294303v1","272351","272479","chr6","140289812","140289936","21","140017461"
"KN294303v1","272781","272949","chr6","45321329","45321498","34","45048548"
"KN294303v1","296411","296546","chr22","11274543","11274673","23","10978132"
"KN294303v1","296581","296795","chr18","46011236","46011448","48","45714655"
"KN294303v1","310631","310941","chrX","3302757","3303054","68","2992126"
"KN294303v1","319078","319338","chr16","19344839","19345105","25","19025761"
"KN294303v1","331664","331861","chr16","19332728","19332926","13","19001064"
"KN294303v1","332158","332281","chr1","227320619","227320734","25","226988461"
"KN294303v1","353896","354099","chr10","100848906","100849113","46","100495010"
"KN294317v1","25000","25286","chr2B","115028952","115029244","65","115003952"
"KN294318v1","193550","193840","chr12","18024129","18024414","21","17830579"
"KN294318v1","268242","268494","chr12","18101238","18101486","19","17832996"
"KN294322v1","850","1051","chr19","17238568","17238782","41","17237718"
"KN294325v1","7485","7681","chr2B","27885572","27885769","21","27878087"
"KN294325v1","25250","25374","chr2B","27869467","27869598","12","27844217"
"KN294325v1","51614","51913","chr2B","27846717","27847011","24","27795103"
"KN294325v1","188670","188804","chr2B","27731960","27732094","9","27543290"
"KN294325v1","240689","240961","chr2B","27675516","27675784","34","27434827"
"KN294325v1","240965","241084","chr5","124459919","124460035","22","124218954"
"KN294325v1","254320","254451","chr2B","27664073","27664197","13","27409753"
"KN294325v1","295686","295973","chr2B","27625177","27625461","27","27329491"
"KN294325v1","301157","301449","chr2B","27619981","27620255","36","27318824"
"KN294325v1","527022","527317","chr2B","27406232","27406533","32","26879210"
"KN294325v1","554002","554294","chr2B","27380329","27380606","31","26826327"
"KN294325v1","638895","639163","chr2B","27291452","27291728","32","26652557"
"KN294325v1","738178","738467","chr2B","27187056","27187344","19","26448878"
"KN294325v1","958794","959086","chr2B","26968906","26969198","23","26010112"
"KN294325v1","1013013","1013145","chr2B","26912945","26913077","12","25899932"
"KN294325v1","1082886","1082985","chr1","133157282","133157381","21","132074396"
"KN294325v1","1198334","1198650","chr9","96038285","96038591","62","94839951"
"KN294326v1","1","253","chr5","61095330","61095612","46","61095329"
"KN294326v1","13975","14282","chr5","61081445","61081749","29","61067470"
"KN294326v1","75044","75301","chr19","9962760","9963016","63","9887716"
"KN294326v1","294287","294596","chr1","44177603","44177913","56","43883316"
"KN294326v1","346365","346501","chr1","207139069","207139199","24","206792704"
"KN294326v1","369059","369353","chr5","60750888","60751187","27","60381829"
"KN294326v1","376498","376664","chr6","11862736","11862910","33","11486238"
"KN294326v1","427327","427455","chr5","60693727","60693855","8","60266400"
"KN294326v1","452432","452540","chr14","13849500","13849608","19","13397068"
"KN294326v1","452857","453052","chr2B","67302509","67302710","55","66849652"
"KN294326v1","488124","488411","chr5","60631245","60631521","26","60143121"
"KN294326v1","522547","522844","chr5","60597623","60597919","17","60075076"
"KN294326v1","685672","685966","chr5","36199467","36199763","70","35513795"
"KN294326v1","726505","726808","chr9","113594640","113594941","54","112868135"
"KN294326v1","829703","829844","chr3","33385451","33385593","42","32555748"
"KN294329v1","14404","14696","chr12","98373787","98374081","58","98359383"
"KN294329v1","14734","14750","chr3","55401043","55401058","3","55386309"
"KN294331v1","41756","41998","chr4","129000167","129000415","24","128958411"
"KN294331v1","49184","49309","chr19","18667898","18668024","42","18618714"
"KN294335v1","136981","137275","chr10","41598719","41598995","80","41461738"
"KN294335v1","419830","420121","chr2B","6317977","6318297","63","5898147"
"KN294335v1","430957","431227","chr2B","6326989","6327264","38","5896032"
"KN294336v1","54745","55046","chr17","4904189","4904488","15","4849444"
"KN294338v1","1484","1721","chr6","75356988","75357217","64","75355504"
"KN294338v1","10078","10340","chr5","159784522","159784791","68","159774444"
"KN294339v1","76299","76425","chr5","55064866","55064990","17","54988567"
"KN294339v1","105651","105925","chrX","73901066","73901364","40","73795415"
"KN294339v1","137536","137818","chrX","73867169","73867452","14","73729633"
"KN294339v1","143968","144162","chr1","26315466","26315648","42","26171498"
"KN294344v1","7102","7386","chr5","19744576","19744864","59","19737474"
"KN294345v1","358637","358911","chr18","12469298","12469590","61","12110661"
"KN294345v1","418730","419007","chr17","32060797","32061089","35","31642067"
"KN294345v1","741336","741463","chr20","35800564","35800690","18","35059228"
"KN294345v1","912115","912404","chr16","76132727","76133007","66","75220612"
"KN294345v1","1152458","1152744","chr17","31334686","31334975","20","30182228"
"KN294345v1","1698884","1699195","chr17","30804360","30804641","43","29105476"
"KN294345v1","1808307","1808615","chr4","6615194","6615493","63","4806887"
"KN294345v1","1857589","1857892","chr17","30654185","30654487","16","28796596"
"KN294345v1","1978296","1978528","chr3","15642094","15642322","41","13663798"
"KN294345v1","2044410","2044528","chr3","40006834","40006950","22","37962424"
"KN294345v1","2080630","2080833","chr17","30422168","30422387","31","28341538"
"KN294345v1","2119104","2119356","chr17","30383501","30383768","42","28264397"
"KN294345v1","2138617","2138894","chr17","30364882","30365163","22","28226265"
"KN294346v1","8876","9183","chr19","45017485","45017803","82","45008609"
"KN294346v1","273793","274024","chr7","131056604","131056836","14","130782811"
"KN294346v1","334959","335265","chr7","131005565","131005842","50","130670606"
"KN294346v1","357715","357988","chr7","130982262","130982555","35","130624547"
"KN294346v1","406885","407005","chr7","130924244","130924361","15","130517359"
"KN294346v1","435312","435624","chr1","63287542","63287829","64","62852230"
"KN294346v1","458159","458454","chr7","130864246","130864562","44","130406087"
"KN294346v1","474571","474856","chr12","113286651","113286950","59","112812080"
"KN294346v1","493270","493578","chr16","77202423","77202738","68","76709153"
"KN294346v1","582992","583283","chr7","130748507","130748798","26","130165515"
"KN294349v1","241163","241473","chrX","85777912","85778187","59","85536749"
"KN294351v1","2361","2649","chr5","42777038","42777327","66","42774677"
"KN294351v1","124850","124979","chr8","68835796","68835925","6","68710946"
"KN294351v1","132685","133002","chr9","112962931","112963246","69","112830246"
"KN294363v1","128705","128991","chr19","13197438","13197722","61","13068733"
"KN294364v1","615425","615533","chr3","199483538","199483644","19","198868113"
"KN294364v1","615569","615732","chr7","2539253","2539420","38","1923684"
"KN294365v1","22772","22985","chr2B","134519667","134519901","61","134496895"
"KN294365v1","117843","117969","chr2A","12961854","12961979","13","12844011"
"KN294365v1","334835","335088","chr2A","13190081","13190371","57","12855246"
"KN294365v1","661476","661609","chr3","201007189","201007320","20","200345713"
"KN294365v1","688806","688945","chr2A","13429410","13429548","14","12740604"
"KN294365v1","689250","689420","chr2A","13429861","13430043","28","12740611"
"KN294365v1","850934","851057","chr1","52618896","52619016","16","51767962"
"KN294365v1","981211","981335","chr1","40356775","40356899","14","39375564"
"KN294365v1","988634","988904","chr2A","13699792","13700058","28","12711158"
"KN294365v1","996402","996720","chr8","1934403","1934688","90","938001"
"KN294365v1","1002316","1002621","chr7","72179457","72179751","60","71177141"
"KN294365v1","1017090","1017387","chr16","63938591","63938894","55","62921501"
"KN294365v1","1027806","1028117","chr2A","19158667","19158975","20","18130861"
"KN294365v1","1064938","1065200","chrUn_CABD030131580v1","1324","1586","27","1063614"
"KN294365v1","1095631","1095933","chr14","85599068","85599371","53","84503437"
"KN294365v1","1099913","1100209","chr2A","13802502","13802805","24","12702589"
"KN294365v1","1159767","1160014","chr8","77217268","77217510","61","76057501"
"KN294365v1","1170150","1170455","chr2A","13880491","13880786","37","12710341"
"KN294365v1","1197969","1198093","chr2A","13906251","13906376","12","12708282"
"KN294365v1","1341652","1341941","chr2A","14056567","14056852","17","12714915"
"KN294365v1","1354500","1354638","chr2A","14069132","14069270","9","12714632"
"KN294365v1","1492577","1492867","chr5","6725118","6725406","64","5232541"
"KN294365v1","2000955","2001232","chr2A","14899791","14900062","19","12898836"
"KN294366v1","94453","94734","chr2B","113202590","113202870","27","113108137"
"KN294366v1","104382","104694","chr2B","113212663","113212965","40","113108281"
"KN294366v1","106910","107033","chr3","144616756","144616881","19","144509846"
"KN294366v1","295610","295788","chr16","31280012","31280184","38","30984402"
"KN294366v1","295827","295938","chr16","13782355","13782468","24","13486528"
"KN294366v1","459492","459615","chr6","157473716","157473838","26","157014224"
"KN294366v1","459662","459808","chr11","49454101","49454229","39","48994439"
"KN294367v1","18752","19092","chr19","18770160","18770495","55","18751408"
"KN294367v1","42778","43043","chr7","43721637","43721904","55","43678859"
"KN294367v1","55343","55623","chr13","96292803","96293084","17","96237460"
"KN294372v1","108346","108632","chr3","51895563","51895879","44","51787217"
"KN294372v1","135163","135447","chr3","51865573","51865859","23","51730410"
"KN294372v1","224821","225125","chr10","38507119","38507420","52","38282298"
"KN294372v1","346495","346788","chr3","51610985","51611284","31","51264490"
"KN294372v1","615892","615989","chr3","44464613","44464711","19","43848721"
"KN294372v1","642352","642544","chr9","66254707","66254908","41","65612355"
"KN294372v1","983890","984035","chr16","61297488","61297630","32","60313598"
"KN294372v1","984320","984487","chr7","128309183","128309349","50","127324863"
"KN294372v1","997847","997975","chr9","76164847","76164976","17","75167000"
"KN294372v1","1018126","1018334","chr3","50924443","50924650","17","49906317"
"KN294372v1","1020816","1020954","chr3","50922236","50922371","11","49901420"
"KN294372v1","1021858","1022008","chr19","12376579","12376731","39","11354721"
"KN294372v1","1124349","1124704","chr17","1854032","1854372","78","729683"
"KN294372v1","1139140","1139442","chr3","50809382","50809681","22","49670242"
"KN294372v1","1156132","1156388","chr3","50791569","50791827","26","49635437"
"KN294372v1","1156810","1157122","chr3","50790841","50791152","22","49634031"
"KN294372v1","1168393","1168609","chrX","119886123","119886333","53","118717730"
"KN294372v1","1169228","1169522","chr7","77171848","77172144","61","76002620"
"KN294372v1","1174404","1174529","chr3","50776597","50776722","5","49602193"
"KN294372v1","1174872","1175152","chr3","50775969","50776264","34","49601097"
"KN294372v1","1205633","1205763","chr3","50747092","50747222","11","49541459"
"KN294372v1","1352319","1352512","chr3","50606596","50606789","15","49254277"
"KN294372v1","1465199","1465328","chr1","10287914","10288045","27","8822715"
"KN294372v1","1465636","1465670","chr12","79882739","79882768","10","78417103"
"KN294372v1","1465986","1466158","chr1","26457448","26457621","33","24991462"
"KN294372v1","1480637","1480754","chr10","111817533","111817656","22","110336896"
"KN294372v1","1513545","1513762","chr3","50448174","50448392","14","48934629"
"KN294372v1","1555758","1555977","chr2A","81363713","81363927","41","79807955"
"KN294372v1","1561051","1561326","chr3","50388263","50388542","21","48827212"
"KN294372v1","1589559","1589712","chr7","68288419","68288570","32","66698860"
"KN294372v1","1590025","1590193","chr1","114111269","114111424","57","112521244"
"KN294372v1","1685321","1685447","chr4","140768049","140768181","22","139082728"
"KN294372v1","1886148","1886441","chr3","50063673","50063971","35","48177525"
"KN294372v1","1910056","1910344","chr3","50037356","50037648","40","48127300"
"KN294372v1","1930564","1930649","chr5","118369332","118369419","19","116438768"
"KN294372v1","1930969","1930987","chr1","58828292","58828304","6","56897323"
"KN294372v1","1940357","1940634","chr3","50008945","50009217","30","48068588"
"KN294372v1","1976690","1976821","chr3","49973736","49973877","21","47997046"
"KN294372v1","1992225","1992511","chr3","49959793","49960086","21","47967568"
"KN294372v1","2006068","2006360","chr14","47803853","47804148","63","45797785"
"KN294372v1","2061863","2062164","chr20","48967500","48967798","67","46905637"
"KN294372v1","2081098","2081307","chr3","49865809","49866019","9","47784711"
"KN294372v1","2103519","2103823","chr2B","99332874","99333169","63","97229355"
"KN294372v1","2104284","2104572","chr4","15067521","15067814","67","12963237"
"KN294372v1","2105889","2106080","chr1","10981464","10981650","48","8875575"
"KN294372v1","2107386","2107642","chr9","114420677","114420929","61","112313291"
"KN294372v1","2115821","2115944","chr3","49832138","49832261","7","47716317"
"KN294372v1","2172031","2172332","chr9","89652313","89652608","58","87480282"
"KN294372v1","2195784","2195904","chr11","41439279","41439396","29","39243495"
"KN294372v1","2196498","2196699","chr7","76926612","76926800","46","74730114"
"KN294372v1","2230687","2230992","chr4","6615194","6615493","68","4384507"
"KN294372v1","2260940","2261086","chr3","49687834","49687971","19","47426894"
"KN294372v1","2261687","2261828","chr3","49687081","49687223","12","47425394"
"KN294372v1","2275861","2275984","chr6","140949301","140949425","19","138673440"
"KN294372v1","2285503","2285624","chr3","49657424","49657539","14","47371921"
"KN294372v1","2288752","2289019","chr3","49653964","49654241","28","47365212"
"KN294372v1","2304882","2305149","chr3","49637606","49637877","19","47332724"
"KN294372v1","2353555","2353749","chr6","42753931","42754137","54","40400376"
"KN294372v1","2478017","2478166","chr3","49467563","49467712","8","46989546"
"KN294372v1","2489471","2489775","chr3","49462127","49462408","38","46972656"
"KN294372v1","2500265","2500433","chrX","9596002","9596162","42","7095737"
"KN294372v1","2504773","2504960","chr14","75694128","75694315","36","73189355"
"KN294372v1","2522234","2522367","chrX","23240502","23240636","22","20718268"
"KN294372v1","2524417","2524543","chr3","177855896","177856023","23","175331479"
"KN294372v1","2663901","2664189","chr3","49285782","49286069","17","46621881"
"KN294372v1","2668027","2668288","chr7","99597297","99597570","62","96929270"
"KN294373v1","14103","14285","chr8","79094463","79094652","20","79080360"
"KN294373v1","20865","21161","chr8","79101144","79101444","25","79080279"
"KN294373v1","205069","205350","chr11","82390961","82391242","61","82185892"
"KN294373v1","604009","604310","chr6","21862216","21862508","86","21258207"
"KN294373v1","636129","636433","chr8","79676415","79676714","29","79040286"
"KN294373v1","769822","769969","chr6","16530747","16530892","33","15760925"
"KN294373v1","791307","791590","chr15","30086631","30086914","78","29295324"
"KN294373v1","839119","839411","chr8","79903844","79904140","24","79064725"
"KN294373v1","986748","987043","chr9","91976764","91977056","64","90990016"
"KN294373v1","998923","999234","chr8","101704313","101704615","85","100705390"
"KN294373v1","1197072","1197106","chr19","33114722","33114759","8","31917650"
"KN294373v1","1330256","1330574","chr8","80405933","80406251","26","79075677"
"KN294373v1","1865242","1865527","chr8","80922186","80922489","39","79056944"
"KN294375v1","3071","3386","chr6","138085784","138086083","36","138082713"
"KN294375v1","230696","231012","chr1","130404261","130404568","67","130173565"
"KN294375v1","241387","241658","chr6","137872283","137872553","19","137630896"
"KN294375v1","381574","381856","chr6","137744609","137744906","34","137363035"
"KN294375v1","417802","418105","chr6","137710200","137710501","42","137292398"
"KN294375v1","567618","567769","chr6","137561400","137561551","20","136993782"
"KN294375v1","571243","571373","chr6","137558316","137558446","8","136987073"
"KN294375v1","577292","577588","chr6","137550976","137551267","38","136973684"
"KN294375v1","686584","686884","chr6","137459232","137459536","26","136772648"
"KN294375v1","753088","753240","chr3","172724703","172724855","42","171971615"
"KN294375v1","830887","831186","chrX","31246145","31246436","50","30415258"
"KN294375v1","853175","853473","chr6","137290095","137290389","30","136436920"
"KN294377v1","1515","1794","chr7","16190746","16191024","25","16189231"
"KN294377v1","40427","40711","chr7","16151678","16151949","32","16111251"
"KN294377v1","111728","111863","chr7","16080917","16081052","11","15969189"
"KN294377v1","419418","419712","chr7","15762230","15762536","34","15342812"
"KN294377v1","736496","736683","chr11","481081","481259","48","255415"
"KN294377v1","1250830","1250967","chr7","14971990","14972125","12","13721160"
"KN294377v1","1493923","1494177","chr7","14731662","14731922","30","13237739"
"KN294377v1","1721341","1721617","chr7","14481544","14481857","59","12760203"
"KN294378v1","160168","160442","chr16","18238395","18238667","20","18078227"
"KN294378v1","227100","227413","chr16","5477935","5478245","66","5250835"
"KN294378v1","255747","255805","chr16","18339780","18339836","3","18084033"
"KN294378v1","387494","387787","chr8","125048265","125048557","74","124660771"
"KN294378v1","404676","404792","chr12","37030526","37030645","15","36625850"
"KN294378v1","458843","459130","chr16","18543484","18543767","24","18084641"
"KN294378v1","519654","519957","chr1","145954461","145954768","61","145434807"
"KN294378v1","650304","650612","chr9","71885887","71886186","71","71235583"
"KN294378v1","689439","689748","chr16","30451084","30451392","66","29761645"
"KN294378v1","699866","700165","chr16","15280219","15280516","24","14580353"
"KN294378v1","700633","700901","chr6","153756733","153757000","53","153056100"
"KN294378v1","704538","704810","chr10","136936834","136937099","64","136232296"
"KN294378v1","727729","728026","chr16","16780783","16781088","27","16053054"
"KN294378v1","771033","771174","chr16","15318878","15319019","8","14547845"
"KN294378v1","793537","793821","chr22","28355668","28355948","60","27562131"
"KN294378v1","820070","820191","chr14","54076762","54076884","18","53256692"
"KN294378v1","820850","820981","chr3","46633110","46633241","21","45812260"
"KN294378v1","825054","825390","chr16","16694318","16694629","56","15869264"
"KN294378v1","849952","850070","chr16","16671912","16672030","5","15821960"
"KN294378v1","868297","868597","chr1","19513839","19514136","58","18645542"
"KN294378v1","872758","873043","chr6","85816701","85816980","52","84943943"
"KN294378v1","896717","896987","chr16","16609081","16609362","58","15712364"
"KN294378v1","944515","944644","chr16","16561999","16562137","19","15617484"
"KN294378v1","948637","948913","chr12","6821156","6821422","70","5872519"
"KN294378v1","1009782","1009907","chr3","144616756","144616881","22","143606974"
"KN294378v1","1014938","1015113","chr18","25778362","25778541","41","24763424"
"KN294378v1","1044321","1044624","chr16","16393116","16393419","25","15348795"
"KN294378v1","1050889","1051197","chr16","16384258","16384554","33","15333369"
"KN294378v1","1062464","1062593","chr16","16372012","16372139","10","15309548"
"KN294378v1","1078008","1078311","chr8","20992243","20992544","59","19914235"
"KN294378v1","1098455","1098639","chr1","19589187","19589380","51","18490732"
"KN294378v1","1098645","1098816","chr3","10511993","10512158","35","9413348"
"KN294378v1","1098844","1098962","chr6","75526691","75526807","22","74427847"
"KN294378v1","1101209","1101514","chr16","66029460","66029762","62","64928251"
"KN294378v1","1123546","1123794","chr1","185355695","185355935","55","184232149"
"KN294378v1","1138173","1138433","chr19","3073802","3074063","50","1935629"
"KN294378v1","1151045","1151342","chr16","16266668","16266978","28","15115623"
"KN294378v1","1193853","1194150","chr16","16224180","16224459","37","15030327"
"KN294378v1","1202483","1202775","chr5","33798007","33798288","58","32595524"
"KN294378v1","1216335","1216632","chr9","94554934","94555229","55","93338599"
"KN294378v1","1235374","1235663","chr11","122703130","122703426","57","121467756"
"KN294378v1","1255468","1255716","chr16","16141846","16142104","35","14886378"
"KN294378v1","1270774","1270905","chr16","16124636","16124767","5","14853862"
"KN294378v1","1272721","1272759","chr10","5718509","5718546","9","4445788"
"KN294378v1","1278106","1278229","chr16","16117768","16117887","11","14839662"
"KN294378v1","1284769","1284939","chr16","16109869","16110041","14","14825100"
"KN294378v1","1285245","1285388","chr16","16109429","16109574","18","14824184"
"KN294378v1","1294657","1294950","chr16","16099859","16100147","24","14805202"
"KN294378v1","1301463","1301766","chr16","16092139","16092434","52","14790676"
"KN294378v1","1310198","1310497","chr16","16082281","16082574","51","14772083"
"KN294378v1","1326556","1326833","chr16","16065762","16066037","21","14739206"
"KN294378v1","1335378","1335501","chr4","24888829","24888952","18","23553451"
"KN294378v1","1341007","1341073","chr16","16051445","16051512","7","14710438"
"KN294378v1","1341156","1341392","chr16","16051130","16051362","28","14709974"
"KN294378v1","1374917","1375210","chr16","16017061","16017350","33","14642144"
"KN294378v1","1379365","1379676","chr16","16012340","16012627","49","14632975"
"KN294378v1","1391129","1391320","chr2B","103291077","103291263","42","101899948"
"KN294378v1","1399133","1399419","chr16","78223728","78224017","40","76824595"
"KN294378v1","1495906","1496105","chr16","15883551","15883750","17","14387645"
"KN294378v1","1496407","1496532","chr16","15883136","15883260","7","14386729"
"KN294378v1","1507538","1507842","chr1","101318638","101318937","67","99811100"
"KN294378v1","1516440","1516553","chr16","15862279","15862392","6","14345839"
"KN294378v1","1517243","1517420","chr16","15861421","15861598","8","14344178"
"KN294378v1","1559229","1559425","chr1","157420700","157420898","42","155861471"
"KN294378v1","1570958","1571169","chr6","161537485","161537704","51","159966527"
"KN294378v1","1571532","1571607","chr12","23468783","23468851","17","21897251"
"KN294378v1","1576779","1576991","chr16","15798958","15799170","15","14222179"
"KN294378v1","1597483","1597768","chr16","15780030","15780302","27","14182547"
"KN294378v1","1601402","1601450","chr6","27461128","27461176","7","25859726"
"KN294378v1","1632021","1632086","chr7","6392020","6392081","11","4759999"
"KN294378v1","1677851","1678040","chr16","15715484","15715695","35","14037633"
"KN294383v1","49608","49866","chrX","5219805","5220070","61","5170197"
"KN294384v1","91294","91559","chr10","35509508","35509772","68","35418214"
"KN294385v1","4434","4636","chrUn_CABD030133070v1","1","195","50","4433"
"KN294385v1","32522","32806","chr9","17122664","17122938","66","17090142"
"KN294385v1","142496","142796","chr2A","36177084","36177384","52","36034588"
"KN294385v1","267935","268199","chr11","125610917","125611194","59","125342982"
"KN294385v1","294013","294115","chr1","51174038","51174139","21","50880025"
"KN294385v1","333492","333792","chr9","70282281","70282590","27","69948789"
"KN294385v1","343302","343581","chr9","70292574","70292852","18","69949272"
"KN294385v1","355534","355661","chr9","70310088","70310207","20","69954554"
"KN294385v1","393281","393565","chr6","10749156","10749444","65","10355875"
"KN294385v1","410321","410604","chr9","70376657","70376948","37","69966336"
"KN294385v1","435490","435731","chr9","70398155","70398378","27","69962665"
"KN294385v1","505551","505679","chr9","70468444","70468573","12","69962893"
"KN294385v1","524355","524639","chr9","70483597","70483886","29","69959242"
"KN294385v1","580101","580311","chr16","15069803","15070013","40","14489702"
"KN294385v1","633998","634184","chr18","925116","925305","47","291118"
"KN294385v1","1059224","1059506","chr4","164747585","164747867","63","163688361"
"KN294385v1","1540738","1541031","chr9","71480786","71481063","42","69940048"
"KN294386v1","61953","62024","chr10","116691719","116691788","21","116629766"
"KN294387v1","3838","4071","chr4","121786886","121787109","67","121783048"
"KN294387v1","254522","254803","chr5","121646181","121646463","71","121391659"
"KN294387v1","877591","877903","chr6","73864514","73864839","36","72986923"
"KN294387v1","1039401","1039674","chr10","114686531","114686803","56","113647130"
"KN294387v1","1395391","1395651","chr6","73341774","73342054","34","71946383"
"KN294387v1","1601527","1601583","chr3","162938234","162938290","6","161336707"
"KN294387v1","1602275","1602564","chr6","73130603","73130897","42","71528328"
"KN294387v1","1633313","1633617","chr6","73100710","73101012","34","71467397"
"KN294387v1","1782443","1782743","chr6","72958451","72958751","21","71176008"
"KN294387v1","1963938","1964248","chr6","72740767","72741079","25","70776829"
"KN294387v1","2033186","2033500","chr4","7977628","7977939","70","5944442"
"KN294387v1","2144534","2144839","chr16","76636505","76636809","57","74491971"
"KN294387v1","2216068","2216341","chr6","72489707","72489982","35","70273639"
"KN294387v1","2216513","2216798","chr6","72489226","72489526","29","70272713"
"KN294387v1","2244479","2244785","chr7","148122134","148122436","62","145877655"
"KN294387v1","2420644","2420926","chr20","33292433","33292724","61","30871789"
"KN294387v1","2671497","2671771","chr15","62161130","62161408","57","59489633"
"KN294387v1","2708825","2708884","chr6","71998393","71998454","4","69289568"
"KN294387v1","3583879","3584004","chr7","20919935","20920058","26","17336056"
"KN294387v1","4048208","4048470","chr10","39713523","39713792","71","35665315"
"KN294387v1","4326385","4326687","chr6","70349818","70350111","39","66023433"
"KN294388v1","67063","67184","chr18","47585438","47585559","3","47518375"
"KN294390v1","1009","1311","chr5","18320750","18321053","26","18319741"
"KN294390v1","4598","4722","chr5","18317328","18317445","15","18312730"
"KN294390v1","5141","5266","chr5","18316779","18316904","15","18311638"
"KN294390v1","15402","15519","chr5","51282499","51282613","14","51267097"
"KN294391v1","100452","100748","chr7","136262905","136263199","18","136162453"
"KN294391v1","219745","220027","chr4","151254116","151254407","74","151034371"
"KN294391v1","362405","362526","chr15","47655929","47656047","18","47293524"
"KN294396v1","11974","12107","chr8","74723430","74723565","15","74711456"
"KN294396v1","17714","17838","chr12","67975575","67975700","25","67957861"
"KN294396v1","47264","47338","chr8","74680453","74680527","5","74633189"
"KN294396v1","101854","102002","chr12","67517686","67517835","31","67415832"
"KN294396v1","102042","102187","chr8","74626119","74626261","15","74524077"
"KN294396v1","128888","129199","chr8","74600187","74600504","26","74471299"
"KN294396v1","154466","154776","chr8","74574767","74575063","36","74420301"
"KN294396v1","185239","185523","chr8","74543953","74544249","36","74358714"
"KN294396v1","197605","197897","chr18","18630396","18630676","61","18432791"
"KN294396v1","290015","290311","chr8","74437349","74437635","27","74147334"
"KN294396v1","501764","501885","chr3","34130996","34131131","40","33629232"
"KN294399v1","23140","23420","chr4","6615194","6615493","66","6592054"
"KN294399v1","66224","66483","chr7","71264458","71264719","22","71198234"
"KN294399v1","76183","76431","chr7","71256204","71256454","17","71180021"
"KN294399v1","77559","77849","chr7","71253815","71254105","23","71176256"
"KN294399v1","86993","87135","chr7","71244732","71244871","17","71157739"
"KN294399v1","88274","88443","chr7","71243306","71243483","20","71155032"
"KN294399v1","88758","88865","chr7","71242887","71242997","14","71154129"
"KN294399v1","118622","118931","chr7","71212763","71213067","27","71094141"
"KN294399v1","128055","128351","chr12","112733699","112733989","67","112605644"
"KN294399v1","165687","165993","chr7","71165116","71165420","22","70999429"
"KN294399v1","179798","180064","chr7","71153261","71153520","28","70973463"
"KN294399v1","191007","191273","chr7","71139338","71139587","37","70948331"
"KN294399v1","224218","224583","chr3","159629633","159629960","118","159405415"
"KN294404v1","76525","76836","chr11","19814436","19814739","55","19737911"
"KN294404v1","128572","128726","chr1","23179445","23179596","36","23050873"
"KN294404v1","149262","149555","chr13","5826223","5826512","37","5676961"
"KN294404v1","164237","164553","chr5","134357799","134358111","59","134193562"
"KN294404v1","434300","434597","chr13","5483184","5483486","34","5048884"
"KN294407v1","79821","79951","chr14","54870500","54870629","16","54790679"
"KN294407v1","141099","141384","chr1","52771318","52771597","26","52630219"
"KN294407v1","172415","172539","chr1","52800596","52800714","14","52628181"
"KN294407v1","210847","211139","chr19","18061254","18061544","59","17850407"
"KN294407v1","214673","214806","chr1","52847100","52847233","8","52632427"
"KN294407v1","273748","274041","chr1","52901826","52902127","32","52628078"
"KN294407v1","423249","423361","chr5","143799196","143799315","27","143375947"
"KN294407v1","453644","453775","chr1","28050037","28050170","26","27596393"
"KN294407v1","466365","466493","chr1","53089877","53090005","11","52623512"
"KN294407v1","466800","466965","chr1","53090312","53090467","18","52623512"
"KN294407v1","525867","525924","chr6","43959144","43959200","12","43433277"
"KN294407v1","554883","555015","chr20","49746874","49747004","23","49191991"
"KN294407v1","557457","557727","chr12","68528421","68528688","57","67970964"
"KN294407v1","564653","564953","chr1","53184145","53184447","25","52619492"
"KN294407v1","570672","570853","chr12","123328573","123328758","37","122757901"
"KN294407v1","581272","581549","chr1","53200905","53201179","15","52619633"
"KN294407v1","581754","581955","chr1","53201385","53201588","17","52619631"
"KN294407v1","597076","597291","chr1","53216988","53217207","26","52619912"
"KN294407v1","600294","600548","chr1","53219876","53220142","21","52619582"
"KN294407v1","630764","631074","chr2A","49614267","49614580","82","48983503"
"KN294407v1","651952","652277","chr1","53276944","53277291","46","52624992"
"KN294407v1","659006","659310","chr1","53284670","53284973","18","52625664"
"KN294407v1","685282","685573","chr1","53306338","53306633","22","52621056"
"KN294407v1","747001","747304","chr1","53367626","53367905","45","52620625"
"KN294407v1","761051","761340","chr1","53379863","53380155","13","52618812"
"KN294407v1","771123","771457","chr1","53389012","53389347","23","52617889"
"KN294407v1","787860","788159","chr1","53404036","53404337","24","52616176"
"KN294407v1","799108","799241","chr1","53415861","53415994","6","52616753"
"KN294407v1","813587","813833","chr1","53429016","53429263","18","52615429"
"KN294407v1","832816","832911","chr7","100251092","100251185","24","99418276"
"KN294407v1","854307","854592","chr19","4572448","4572732","60","3718141"
"KN294407v1","936161","936493","chr5","54192105","54192454","79","53255944"
"KN294407v1","944576","944772","chr1","53530394","53530583","24","52585818"
"KN294407v1","952527","952803","chr1","53537176","53537462","45","52584649"
"KN294407v1","974434","974751","chr1","53552557","53552867","26","52578123"
"KN294407v1","974762","975017","chr1","53552878","53553129","23","52578116"
"KN294407v1","977087","977198","chr2A","22670722","22670833","11","21693635"
"KN294407v1","982745","982799","chr1","1029230","1029281","16","46485"
"KN294407v1","1010708","1011010","chr16","39081584","39081870","64","38070876"
"KN294407v1","1037957","1038079","chr5","45989046","45989170","19","44951089"
"KN294407v1","1055768","1055934","chr6","123966319","123966468","44","122910551"
"KN294407v1","1055991","1056168","chr1","129193911","129194083","41","128137920"
"KN294407v1","1158120","1158202","chr1","53751009","53751087","10","52592889"
"KN294407v1","1176616","1176919","chr1","53771761","53772048","38","52595145"
"KN294407v1","1215268","1215399","chr1","53806134","53806265","6","52590866"
"KN294407v1","1227535","1227693","chr1","45194108","45194263","30","43966573"
"KN294407v1","1227983","1228119","chr7","79401900","79402036","22","78173917"
"KN294407v1","1257567","1257924","chr5","44673335","44673691","73","43415768"
"KN294407v1","1361087","1361368","chr1","53953122","53953407","30","52592035"
"KN294407v1","1370341","1370599","chr3","153946160","153946424","71","152575819"
"KN294407v1","1420882","1421174","chr4","82570692","82570982","57","81149810"
"KN294407v1","1439218","1439416","chr13","78565415","78565606","47","77126197"
"KN294407v1","1723783","1723910","chr1","54343301","54343426","10","52619518"
"KN294407v1","1729497","1729549","chr1","54348647","54348699","2","52619150"
"KN294407v1","1729543","1729588","chr1","54348693","54348738","1","52619150"
"KN294407v1","1729582","1729627","chr1","54348693","54348738","6","52619111"
"KN294407v1","1729621","1729666","chr1","54348693","54348738","1","52619072"
"KN294407v1","1731060","1731358","chr15","43160877","43161173","60","41429817"
"KN294407v1","1770185","1770457","chrX","9176212","9176499","60","7406027"
"KN294407v1","1796680","1796907","chr3","15642094","15642322","38","13845414"
"KN294407v1","1810933","1811199","chr1","54430148","54430420","23","52619215"
"KN294407v1","1819860","1820165","chr12","111331326","111331615","78","109511466"
"KN294407v1","1822338","1822607","chr1","54441383","54441671","28","52619045"
"KN294407v1","1881939","1882244","chr8","20992243","20992544","52","19110304"
"KN294407v1","1889997","1890268","chr3","52590672","52590935","65","50700675"
"KN294407v1","1915301","1915502","chr13","84074140","84074336","49","82158839"
"KN294407v1","1935046","1935351","chr7","36156236","36156533","61","34221190"
"KN294407v1","1947854","1948139","chr9","34638579","34638868","54","32690725"
"KN294407v1","1958694","1958831","chr5","40678429","40678564","29","38719735"
"KN294407v1","1977914","1978190","chr1","54602991","54603272","29","52625077"
"KN294407v1","2063085","2063269","chr12","65739561","65739743","42","63676476"
"KN294407v1","2068781","2069075","chr1","54726809","54727114","22","52658028"
"KN294407v1","2078536","2078832","chr15","20627677","20627961","61","18549141"
"KN294407v1","2198728","2199017","chr1","62609539","62609844","56","60410811"
"KN294407v1","2251698","2251980","chr20","35775262","35775536","57","33523564"
"KN294407v1","2255333","2255636","chr1","54886725","54887043","39","52631392"
"KN294407v1","2284246","2284456","chr1","54915399","54915610","26","52631153"
"KN294407v1","2353927","2354233","chr1","54984270","54984561","40","52630343"
"KN294407v1","2441330","2441634","chr12","104149969","104150271","16","101708639"
"KN294407v1","2455876","2456026","chrX","1365230","1365367","37","1090646"
"KN294407v1","2456371","2456400","chr1","45111462","45111487","8","42655091"
"KN294407v1","2461521","2461721","chr1","55092381","55092581","11","52630860"
"KN294407v1","2629186","2629439","chr1","55235786","55236049","29","52606600"
"KN294407v1","2630465","2630772","chr12","110010286","110010585","70","107379821"
"KN294407v1","2706597","2706730","chr1","126969267","126969399","19","124262670"
"KN294407v1","2712804","2713051","chr22","3087350","3087601","68","374546"
"KN294407v1","2734993","2735135","chr3","201007189","201007320","24","198272196"
"KN294407v1","2735432","2735571","chr1","54473048","54473188","27","51737616"
"KN294407v1","2736495","2736755","chr1","55350948","55351214","20","52614453"
"KN294407v1","2780983","2781276","chr1","55396539","55396835","21","52615556"
"KN294407v1","2816770","2817044","chr1","134631614","134631891","74","131814844"
"KN294407v1","2887978","2888108","chr1","55507229","55507356","8","52619251"
"KN294407v1","2944287","2944586","chr1","55577538","55577833","25","52633251"
"KN294407v1","3157654","3157946","chr1","55802232","55802531","30","52644578"
"KN294407v1","3298720","3298887","chr4","134899881","134900044","36","131601161"
"KN294407v1","3580115","3580288","chrX","100994408","100994574","43","97414293"
"KN294407v1","3580319","3580450","chr1","27441886","27442005","33","23861567"
"KN294409v1","610829","611116","chr1","19542684","19542965","75","18931855"
"KN294409v1","649447","649571","chr4","173153491","173153621","18","172504044"
"KN294410v1","50117","50256","chr16","22415292","22415430","31","22365175"
"KN294410v1","59557","59851","chr1","110388925","110389215","16","110329368"
"KN294410v1","82279","82569","chr8","129712685","129712974","57","129630406"
"KN294410v1","88416","88678","chr13","7100529","7100786","63","7012113"
"KN294410v1","133129","133468","chr1","110314871","110315201","28","110181742"
"KN294410v1","168222","168464","chr1","110282416","110282655","22","110114194"
"KN294410v1","243359","243661","chr1","110208675","110208962","41","109965316"
"KN294410v1","245488","245795","chr1","110206804","110207109","22","109961316"
"KN294410v1","280299","280518","chr1","183130663","183130882","61","182850364"
"KN294410v1","308869","309149","chr1","110145164","110145450","30","109836295"
"KN294410v1","330794","331100","chr1","110117335","110117643","23","109786541"
"KN294410v1","333660","333866","chr1","110115026","110115230","18","109781366"
"KN294410v1","353881","354161","chr1","110090101","110090398","32","109736220"
"KN294410v1","369756","370069","chr1","110098779","110099084","27","109729023"
"KN294410v1","372805","373114","chr1","110072502","110072818","26","109699697"
"KN294410v1","391694","391809","chr15","58524375","58524485","21","58132681"
"KN294410v1","426210","426334","chr1","110019268","110019398","13","109593058"
"KN294410v1","440211","440470","chr1","110001249","110001503","38","109561038"
"KN294410v1","456117","456241","chr1","109989211","109989335","9","109533094"
"KN294410v1","568088","568270","chr1","109870730","109870917","14","109302642"
"KN294416v1","45300","45573","chr2A","69778438","69778719","43","69733138"
"KN294416v1","101008","101296","chr2A","69837736","69838033","43","69736728"
"KN294416v1","121339","121612","chr2A","69862959","69863254","44","69741620"
"KN294416v1","284008","284290","chr16","59219868","59220143","80","58935860"
"KN294416v1","297112","297455","chr2A","70028252","70028587","41","69731140"
"KN294416v1","317864","318162","chr8","10995801","10996101","48","10677937"
"KN294416v1","422362","422639","chr22","8462578","8462864","62","8040216"
"KN294416v1","504475","504575","chr12","52685214","52685314","27","52180739"
"KN294416v1","525444","525580","chr2A","70245945","70246080","8","69720501"
"KN294416v1","537686","537920","chr2A","70257326","70257560","11","69719640"
"KN294416v1","548759","548908","chr5","7625236","7625388","26","7076477"
"KN294419v1","43080","43209","chr8","78260325","78260448","31","78217245"
"KN294419v1","50451","50570","chr9","94841413","94841532","5","94790962"
"KN294419v1","68705","68875","chr9","94824125","94824296","12","94755420"
"KN294419v1","73764","73914","chr15","37216478","37216627","51","37142714"
"KN294419v1","74222","74354","chr5","20535700","20535832","24","20461478"
"KN294419v1","77083","77398","chrX","117825072","117825371","79","117747989"
"KN294419v1","81371","81631","chr9","94812921","94813185","25","94731550"
"KN294419v1","143619","143890","chr9","94752819","94753084","25","94609200"
"KN294419v1","161603","161719","chr14","41478926","41479043","23","41317323"
"KN294419v1","175329","175599","chr9","94721162","94721453","38","94545833"
"KN294419v1","178243","178342","chr9","94718432","94718531","9","94540189"
"KN294419v1","214764","215063","chr9","94682322","94682608","33","94467558"
"KN294419v1","259144","259462","chr5","48600450","48600759","75","48341306"
"KN294419v1","269721","270002","chr9","94622285","94622566","24","94352564"
"KN294420v1","568171","568515","chr17","58418443","58418736","69","57850272"
"KN294420v1","715595","715826","chr17","58279485","58279716","17","57563890"
"KN294420v1","737944","738053","chr17","58257447","58257565","12","57519503"
"KN294420v1","797273","797549","chr17","58193360","58193644","31","57396087"
"KN294420v1","813405","813703","chr17","58176371","58176670","17","57362966"
"KN294420v1","849771","849909","chr17","58141476","58141613","18","57291705"
"KN294420v1","850208","850319","chr17","58141048","58141175","25","57290840"
"KN294420v1","883451","883602","chr17","58113174","58113325","9","57229723"
"KN294420v1","883905","883943","chr17","58112834","58112872","4","57228929"
"KN294420v1","884993","885288","chr17","58112155","58112449","19","57227162"
"KN294421v1","49844","50157","chr6","32169761","32170066","64","32119917"
"KN294421v1","60112","60398","chr2B","93672613","93672914","37","93612501"
"KN294421v1","71262","71396","chr10","85282396","85282530","20","85211134"
"KN294421v1","74782","74910","chr3","138346808","138346935","22","138272026"
"KN294421v1","129211","129478","chr2B","93606996","93607270","26","93477785"
"KN294421v1","143719","143997","chr2B","93590796","93591088","34","93447077"
"KN294421v1","221145","221446","chr2B","93516662","93516969","20","93295517"
"KN294421v1","296332","296593","chr10","34470961","34471244","69","34174629"
"KN294421v1","307136","307385","chrX","6621605","6621852","69","6314469"
"KN294421v1","469936","470209","chr19","7039021","7039292","63","6569085"
"KN294421v1","475224","475497","chr19","7039021","7039292","63","6563797"
"KN294421v1","556269","556357","chr12","17380771","17380860","23","16824502"
"KN294421v1","604310","604468","chr20","49102358","49102516","41","48498048"
"KN294421v1","604597","604627","chr16","25565540","25565567","7","24960943"
"KN294421v1","620169","620458","chr2B","93232930","93233229","31","92612761"
"KN294421v1","718309","718574","chr2B","93140111","93140376","26","92421802"
"KN294421v1","972613","972891","chr10","60324964","60325240","67","59352351"
"KN294421v1","1022337","1022632","chr2B","92835932","92836237","30","91813595"
"KN294421v1","1099708","1100002","chr2B","92757122","92757413","22","91657414"
"KN294421v1","1168676","1168948","chr2B","92688122","92688379","28","91519446"
"KN294421v1","1187129","1187300","chr13","42635516","42635677","44","41448387"
"KN294421v1","1209262","1209385","chr4","199338487","199338610","16","198129225"
"KN294421v1","1284317","1284431","chr6","81745536","81745652","17","80461219"
"KN294421v1","1726057","1726103","chr7","36428536","36428583","15","34702479"
"KN294421v1","1726138","1726258","chr9","112309486","112309602","20","110583348"
"KN294429v1","31620","31760","chr11","58685118","58685271","38","58653498"
"KN294429v1","32077","32223","chr1","149058104","149058251","24","149026027"
"KN294429v1","44190","44323","chr16","4353504","4353630","23","4309314"
"KN294429v1","141743","142040","chr5","3290004","3290298","22","3148261"
"KN294429v1","154939","155070","chr5","3294671","3294801","16","3139732"
"KN294429v1","159811","160082","chr5","3299499","3299793","35","3139688"
"KN294429v1","193907","194033","chr5","3331473","3331599","7","3137566"
"KN294429v1","201076","201313","chr7","76355800","76356030","58","76154724"
"KN294433v1","22584","22901","chr3","182661074","182661397","35","182638490"
"KN294433v1","33092","33389","chr3","182648908","182649213","21","182615816"
"KN294433v1","44217","44515","chr3","182637720","182638022","29","182593503"
"KN294433v1","56058","56339","chr19","1455836","1456134","68","1399778"
"KN294433v1","72758","72989","chr4","39950853","39951087","50","39878095"
"KN294433v1","116351","116618","chr19","35535385","35535640","63","35419034"
"KN294433v1","163757","164084","chr3","182519687","182520008","22","182355930"
"KN294433v1","195865","196000","chr1","40706193","40706325","19","40510328"
"KN294433v1","233767","234061","chr3","182450347","182450642","29","182216580"
"KN294433v1","269782","270093","chr3","182421210","182421509","35","182151428"
"KN294433v1","283968","284249","chr3","182405574","182405880","47","182121606"
"KN294433v1","512099","512246","chr3","182185823","182185967","14","181673724"
"KN294433v1","528167","528296","chr3","182169720","182169849","7","181641553"
"KN294433v1","609123","609378","chr3","182096243","182096498","12","181487120"
"KN294433v1","704298","704463","chr3","181993554","181993741","27","181289256"
"KN294433v1","720388","720635","chr3","181977324","181977577","23","181256936"
"KN294434v1","104447","104757","chr1","118911034","118911344","32","118806587"
"KN294434v1","147348","147573","chr2A","83010594","83010832","61","82863246"
"KN294434v1","171736","171852","chr1","118978958","118979072","12","118807222"
"KN294434v1","177250","177556","chr1","118984423","118984731","18","118807173"
"KN294434v1","353510","353807","chr1","23426131","23426415","63","23072621"
"KN294434v1","436004","436310","chr5","38919984","38920284","64","38483980"
"KN294434v1","751667","751820","chr14","33462426","33462592","45","32710759"
"KN294434v1","775263","775552","chr3","5358697","5358991","56","4583434"
"KN294434v1","787793","788084","chr2B","64397313","64397605","49","63609520"
"KN294437v1","1372","1644","chrX","122526937","122527209","19","122525565"
"KN294439v1","116764","117055","chr14","9992694","9992983","59","9875930"
"KN294439v1","139883","140014","chrX","23761258","23761389","13","23621375"
"KN294439v1","217368","217497","chr22","13187550","13187679","20","12970182"
"KN294439v1","259169","259477","chrX","23880141","23880436","28","23620972"
"KN294439v1","259541","259678","chrX","23880517","23880648","14","23620976"
"KN294439v1","259981","260144","chrX","23880947","23881110","8","23620966"
"KN294439v1","263540","263664","chrX","23884181","23884302","11","23620641"
"KN294443v1","401403","401463","chr4","98047341","98047399","16","97645938"
"KN294443v1","401466","401654","chr12","34785427","34785615","40","34383961"
"KN294443v1","577522","577749","chr3","131207478","131207684","76","130629956"
"KN294443v1","613512","613632","chr19","15969897","15970005","34","15356385"
"KN294443v1","821414","821644","chr6","28420193","28420421","15","27598779"
"KN294443v1","873378","873673","chr6","28468520","28468807","26","27595142"
"KN294443v1","885453","885751","chr6","28480947","28481245","30","27595494"
"KN294443v1","1084351","1084616","chr6","10740288","10740565","63","9655937"
"KN294443v1","1087148","1087454","chr1","19513839","19514136","69","18426691"
"KN294443v1","1112287","1112421","chr6","28816050","28816183","9","27703763"
"KN294443v1","1164820","1165110","chr2A","98330104","98330393","49","97165284"
"KN294443v1","1198779","1198965","chr16","30595349","30595550","53","29396570"
"KN294443v1","1268182","1268450","chr8","24423043","24423316","70","23154861"
"KN294443v1","1340990","1341157","chr6","29025454","29025621","11","27684464"
"KN294444v1","16803","17055","chr1","53219876","53220142","69","53203073"
"KN294444v1","20352","20613","chrX","119631866","119632129","32","119611514"
"KN294444v1","32339","32477","chr1","40706193","40706325","21","40673854"
"KN294444v1","48641","48760","chr3","58538851","58538957","29","58490210"
"KN294444v1","132069","132369","chr12","130977041","130977340","58","130844972"
"KN294444v1","181284","181571","chrX","119770320","119770614","29","119589036"
"KN294444v1","244163","244429","chr8","25665223","25665489","71","25421060"
"KN294444v1","266098","266225","chr12","110770982","110771107","17","110504884"
"KN294445v1","24074","24397","chr16","11557401","11557706","63","11533327"
"KN294445v1","359966","360254","chr6","56220026","56220283","56","55860060"
"KN294445v1","860714","860988","chr10","25330583","25330859","60","24469869"
"KN294445v1","901767","902068","chr6","55657806","55658102","27","54756039"
"KN294446v1","33765","34062","chr10","41112454","41112751","22","41078689"
"KN294446v1","37570","37670","chr11","3637855","3637955","23","3600285"
"KN294446v1","75650","75748","chr10","41150824","41150927","5","41075174"
"KN294446v1","119837","120070","chr10","41196921","41197142","22","41077084"
"KN294446v1","120831","120956","chr10","41197905","41198033","7","41077074"
"KN294446v1","142883","143212","chr6","137055417","137055726","82","136912534"
"KN294446v1","157082","157207","chr10","41233338","41233463","6","41076256"
"KN294446v1","162837","162925","chrX","71524488","71524575","20","71361651"
"KN294446v1","176559","176854","chr10","41250429","41250735","28","41073870"
"KN294446v1","214064","214202","chr10","41285323","41285461","12","41071259"
"KN294446v1","301990","302119","chr10","41358056","41358177","17","41056066"
"KN294446v1","319323","319446","chr10","41375100","41375223","7","41055777"
"KN294446v1","340921","341235","chr10","41395550","41395857","27","41054629"
"KN294446v1","368895","369159","chr10","91419303","91419551","63","91050408"
"KN294446v1","381951","382081","chr10","41428957","41429074","20","41047006"
"KN294446v1","460444","460762","chr4","8126819","8127135","68","7666375"
"KN294446v1","551415","551696","chr1","206174938","206175221","68","205623523"
"KN294446v1","641674","641983","chr10","41692328","41692627","44","41050654"
"KN294446v1","646691","647008","chr10","41697653","41697953","32","41050962"
"KN294446v1","672835","673120","chr3","144640932","144641237","58","143968097"
"KN294446v1","738135","738362","chr4","181481972","181482192","45","180743837"
"KN294446v1","750124","750397","chr18","19956994","19957277","70","19206870"
"KN294446v1","913427","913716","chr10","41955894","41956173","30","41042467"
"KN294446v1","919758","920039","chr10","41960179","41960454","31","41040421"
"KN294446v1","937988","938217","chr19","3648151","3648369","41","2710163"
"KN294446v1","962143","962443","chr10","41998573","41998883","27","41036430"
"KN294446v1","976420","976718","chr10","31586546","31586842","50","30610126"
"KN294446v1","997268","997554","chr10","42034458","42034755","24","41037190"
"KN294446v1","1022235","1022551","chr11","71146200","71146505","67","70123965"
"KN294446v1","1042128","1042444","chr10","42074099","42074398","38","41031971"
"KN294446v1","1189523","1189816","chr10","42234104","42234401","19","41044581"
"KN294446v1","1359431","1359720","chr10","42394222","42394507","22","41034791"
"KN294451v1","203425","203715","chr18","1161426","1161713","22","958001"
"KN294451v1","285972","286167","chr18","1244531","1244727","13","958559"
"KN294451v1","301264","301538","chr18","1259625","1259869","47","958361"
"KN294451v1","352622","352919","chr18","1314867","1315165","24","962245"
"KN294451v1","366775","367083","chr18","1329921","1330219","39","963146"
"KN294451v1","428520","428794","chr18","1396135","1396421","38","967615"
"KN294451v1","510380","510512","chr19","4949141","4949259","38","4438761"
"KN294451v1","522412","522794","chr9","115882946","115883300","108","115360534"
"KN294451v1","526341","526639","chr17","237014","237308","56","289327"
"KN294451v1","545368","545657","chr18","1514165","1514428","47","968797"
"KN294451v1","568726","568992","chr18","1535902","1536171","26","967176"
"KN294451v1","683623","683934","chr18","1628799","1629104","29","945176"
"KN294451v1","766003","766300","chr18","1701286","1701591","21","935283"
"KN294451v1","783562","783853","chr18","1717766","1718054","37","934204"
"KN294451v1","827526","827650","chr10","12503710","12503834","20","11676184"
"KN294451v1","837085","837400","chrX","54792887","54793201","64","53955802"
"KN294451v1","845301","845615","chr18","1777413","1777719","59","932112"
"KN294451v1","881167","881456","chr18","1811938","1812227","22","930771"
"KN294451v1","888956","889257","chr3","161223266","161223564","61","160334310"
"KN294451v1","939125","939345","chr8","125429869","125430095","61","124490744"
"KN294451v1","1014048","1014119","chr16","49364825","49364896","17","48350777"
"KN294451v1","1019696","1019982","chr18","1978279","1978548","33","958583"
"KN294451v1","1050702","1050861","chr16","66326189","66326355","34","65275487"
"KN294451v1","1061143","1061438","chr14","47803853","47804148","49","46742710"
"KN294451v1","1062563","1062769","chr17","24985908","24986111","41","23923345"
"KN294451v1","1087037","1087164","chr18","2048759","2048886","5","961722"
"KN294451v1","1134133","1134401","chr7","6344258","6344536","69","5210125"
"KN294451v1","1146406","1146467","chrX","128860957","128861019","16","127714551"
"KN294451v1","1168722","1169028","chr1","31716781","31717079","70","30548059"
"KN294451v1","1177079","1177364","chr18","2133361","2133646","16","956282"
"KN294451v1","1210089","1210385","chr18","2170748","2171043","24","960659"
"KN294451v1","1216016","1216300","chr18","2176533","2176838","34","960517"
"KN294451v1","1237171","1237438","chr18","2196281","2196533","34","959110"
"KN294451v1","1248982","1249242","chr18","2221262","2221519","23","972280"
"KN294451v1","1253006","1253276","chr18","2225293","2225565","19","972287"
"KN294451v1","1280234","1280525","chr18","2259692","2259965","47","979458"
"KN294451v1","1282301","1282626","chr1","125529178","125529481","76","124246877"
"KN294451v1","1313341","1313648","chr18","2281257","2281560","23","967916"
"KN294451v1","1359965","1360088","chr18","2327371","2327501","15","967406"
"KN294451v1","1360383","1360507","chr18","2327809","2327952","39","967426"
"KN294451v1","1379175","1379363","chr18","2348040","2348228","12","968865"
"KN294451v1","1471633","1471906","chr5","36565700","36565952","88","35094067"
"KN294451v1","1490803","1491096","chr6","33717387","33717693","56","32226584"
"KN294451v1","1506089","1506375","chr16","78223728","78224017","58","76717639"
"KN294451v1","1528599","1528906","chr18","2528356","2528668","31","999757"
"KN294452v1","58807","59073","chr18","53314339","53314605","17","53255532"
"KN294452v1","267227","267505","chr5","38361893","38362147","71","38094666"
"KN294452v1","296985","297265","chr6","32846799","32847087","58","32549814"
"KN294452v1","377266","377524","chr18","52981324","52981568","29","52604058"
"KN294452v1","402284","402538","chr18","52956435","52956643","61","52554151"
"KN294452v1","430294","430588","chr3","161223266","161223564","58","160792972"
"KN294452v1","434700","434956","chr18","52928936","52929223","57","52494236"
"KN294452v1","553812","554097","chr18","52814007","52814294","44","52260195"
"KN294452v1","615014","615284","chr4","182186605","182186887","67","181571591"
"KN294452v1","872915","873206","chr18","52498011","52498311","36","51625096"
"KN294452v1","972111","972401","chr18","52406170","52406474","30","51434059"
"KN294452v1","1153915","1154044","chr18","52228047","52228179","10","51074132"
"KN294452v1","1359664","1359974","chr11","113761356","113761658","65","112401692"
"KN294452v1","1366062","1366373","chr18","51990115","51990422","22","50624053"
"KN294452v1","1452164","1452283","chr18","51910891","51911011","8","50458727"
"KN294452v1","1524873","1525154","chr10","114686531","114686803","52","113161658"
"KN294453v1","1880","2013","chr12","363859","363993","7","361979"
"KN294453v1","2327","2496","chr12","363374","363545","11","361047"
"KN294453v1","41296","41589","chr12","340441","340732","37","299145"
"KN294453v1","45850","46026","chr12","330284","330456","22","284434"
"KN294453v1","46330","46466","chr12","329838","329982","15","283508"
"KN294453v1","68785","69084","chr12","292130","292441","35","223345"
"KN294453v1","78844","78901","chr7","68500001","68500059","8","68421157"
"KN294453v1","117359","117588","chr10","101249719","101249923","68","101132360"
"KN294454v1","128507","128834","chr9","13596964","13597284","26","13468457"
"KN294454v1","341498","341750","chr8","85152336","85152583","59","84810838"
"KN294454v1","361086","361215","chr19","39499389","39499512","15","39138303"
"KN294454v1","374548","374604","chr3","162938234","162938290","7","162563686"
"KN294454v1","387958","388088","chr9","13800793","13800925","8","13412835"
"KN294454v1","491348","491476","chr9","13897464","13897592","5","13406116"
"KN294454v1","512529","512654","chr9","13918319","13918443","4","13405790"
"KN294454v1","516269","516395","chr9","13921803","13921929","6","13405534"
"KN294454v1","604444","604563","chr9","13980813","13980931","4","13376369"
"KN294454v1","631672","631796","chr19","10373736","10373859","14","9742064"
"KN294455v1","125207","125339","chr6","66196042","66196157","22","66070835"
"KN294456v1","16671","16852","chr11","62002914","62003095","13","61986243"
"KN294456v1","38772","38889","chr3","20515202","20515319","17","20476430"
"KN294456v1","39649","39937","chr1","214023667","214023954","62","213984018"
"KN294456v1","108399","108625","chr11","62096363","62096596","35","61987964"
"KN294456v1","123418","123525","chr3","32636423","32636532","30","32513005"
"KN294456v1","368573","368739","chr11","62702337","62702503","2","62333764"
"KN294456v1","369506","369595","chr11","62702942","62703024","12","62333436"
"KN294456v1","439873","440122","chr13","29924378","29924626","70","29484505"
"KN294456v1","445687","445961","chr7","129083384","129083652","67","128637697"
"KN294456v1","514641","514947","chr2A","27172177","27172487","64","26657536"
"KN294456v1","531176","531302","chr1","182447721","182447839","26","181916545"
"KN294456v1","547899","548203","chr12","108178899","108179212","63","107631000"
"KN294456v1","569979","570162","chr11","62910451","62910634","17","62340472"
"KN294456v1","604006","604338","chr19","49012001","49012330","81","48407995"
"KN294456v1","632179","632488","chr5","163085642","163085947","75","162453463"
"KN294456v1","636665","636939","chr11","62992229","62992503","21","62355564"
"KN294456v1","662781","662915","chr9","12101762","12101895","19","11438981"
"KN294456v1","681809","681951","chr11","63034279","63034436","24","62352470"
"KN294456v1","682275","682424","chr11","63035065","63035199","24","62352790"
"KN294456v1","688619","688746","chr11","63040758","63040886","10","62352139"
"KN294456v1","699898","700202","chr11","63051569","63051876","19","62351671"
"KN294456v1","704548","704814","chr11","63056113","63056384","17","62351565"
"KN294456v1","758811","759123","chr10","38469517","38469831","66","37710706"
"KN294456v1","796485","796616","chr4","40023434","40023564","25","39226949"
"KN294456v1","797228","797410","chr6","7155912","7156074","50","6358684"
"KN294456v1","822170","822329","chr20","35203642","35203798","31","34381472"
"KN294456v1","822621","822758","chr10","1001882","1002013","22","179261"
"KN294456v1","840446","840735","chr11","63173695","63173966","38","62333249"
"KN294456v1","940637","940929","chr6","35767619","35767909","51","34826982"
"KN294456v1","971514","971648","chr11","63303389","63303523","10","62331875"
"KN294456v1","989331","989459","chr11","63327570","63327701","12","62338239"
"KN294456v1","1001269","1001514","chr19","52305584","52305827","49","51304315"
"KN294456v1","1003055","1003188","chr11","63344956","63345089","11","62341901"
"KN294456v1","1003484","1003618","chr11","63345390","63345525","10","62341906"
"KN294456v1","1016191","1016367","chr10","88369017","88369188","47","87352826"
"KN294456v1","1016670","1016822","chr3","129472360","129472509","38","128455690"
"KN294456v1","1021954","1022084","chr11","63363855","63363984","10","62341901"
"KN294456v1","1114198","1114414","chr11","63452024","63452241","14","62337826"
"KN294456v1","1163381","1163691","chr11","123418615","123418926","57","122255234"
"KN294456v1","1172397","1172695","chr11","63511349","63511655","35","62338952"
"KN294456v1","1264827","1265132","chr11","63600560","63600866","28","62335733"
"KN294456v1","1317888","1318216","chr11","63656793","63657105","40","62338905"
"KN294456v1","1379026","1379339","chr11","63721715","63722026","49","62342689"
"KN294456v1","1394330","1394501","chr11","63735884","63736062","19","62341554"
"KN294456v1","1394801","1394936","chr11","63736364","63736498","10","62341563"
"KN294456v1","1403420","1403639","chr11","63744249","63744501","46","62340829"
"KN294456v1","1576982","1577305","chr11","63920621","63920940","23","62343639"
"KN294457v1","1","172","chr1","25435038","25435205","30","25435037"
"KN294457v1","30384","30692","chr2A","45165926","45166207","50","45135542"
"KN294457v1","35720","35998","chr2A","45171277","45171555","14","45135557"
"KN294457v1","36800","37089","chr2A","45172381","45172667","28","45135581"
"KN294457v1","45881","46007","chr2A","45180333","45180465","13","45134452"
"KN294457v1","88778","88913","chr2A","45225872","45226008","10","45137094"
"KN294457v1","114962","115214","chr2A","45251335","45251624","56","45136373"
"KN294457v1","123022","123301","chr2A","45259387","45259666","16","45136365"
"KN294457v1","184020","184324","chr2A","45330721","45331003","46","45146701"
"KN294457v1","186635","186770","chr2A","45333373","45333515","15","45146738"
"KN294457v1","190510","190660","chr2B","100881750","100881888","29","100691240"
"KN294457v1","197872","198178","chr2A","45344779","45345079","29","45146907"
"KN294457v1","247624","247730","chr9","16288706","16288811","35","16041082"
"KN294457v1","270324","270619","chr5","139506115","139506416","68","139235791"
"KN294457v1","283720","284027","chr2A","45428482","45428792","24","45144762"
"KN294457v1","416306","416606","chr19","5568940","5569244","54","5152634"
"KN294457v1","433127","433426","chr2A","45545546","45545845","16","45112419"
"KN294457v1","445501","445643","chr2A","45558244","45558382","23","45112743"
"KN294457v1","446970","447176","chr2A","45559717","45559923","12","45112747"
"KN294457v1","640373","640516","chr7","148208827","148208966","30","147568454"
"KN294457v1","665145","665269","chr2A","45791414","45791537","8","45126269"
"KN294457v1","729790","730091","chr6","147238772","147239069","49","146508982"
"KN294457v1","743406","743690","chr16","66029460","66029762","59","65286054"
"KN294457v1","775084","775332","chr2A","45894889","45895143","18","45119805"
"KN294457v1","776923","777195","chr19","37567681","37567946","66","36790758"
"KN294457v1","811581","811711","chr2A","45931985","45932115","6","45120404"
"KN294457v1","811717","812022","chr6","43049065","43049371","57","42237348"
"KN294457v1","855674","855966","chr12","130977041","130977340","62","130121367"
"KN294457v1","901958","902089","chr4","151221183","151221314","20","150319225"
"KN294457v1","932822","933127","chr2A","46048208","46048516","41","45115386"
"KN294457v1","940261","940387","chr15","68981397","68981524","14","68041136"
"KN294457v1","940492","940623","chr22","13187550","13187679","18","12247058"
"KN294457v1","997923","998041","chr12","111044657","111044766","25","110046734"
"KN294457v1","1074730","1074829","chr2A","46188530","46188639","15","45113800"
"KN294457v1","1075199","1075281","chr2A","46189020","46189102","4","45113821"
"KN294457v1","1086059","1086349","chr2A","46199999","46200299","28","45113940"
"KN294457v1","1086365","1086446","chr2A","46200315","46200397","3","45113950"
"KN294457v1","1123514","1123555","chr7","6167970","6168011","6","5044456"
"KN294457v1","1147624","1147743","chr12","70644138","70644258","25","69496514"
"KN294457v1","1153993","1154279","chr2A","46258401","46258694","46","45104408"
"KN294457v1","1154973","1155265","chr1","32707106","32707399","55","31552133"
"KN294457v1","1193750","1193876","chr7","6117656","6117787","24","4923906"
"KN294457v1","1194181","1194343","chr7","2562465","2562621","33","1368284"
"KN294457v1","2496479","2496675","chr5","161590949","161591137","47","159094470"
"KN294457v1","2764941","2765247","chr2A","47888366","47888671","23","45123425"
"KN294457v1","2964549","2964840","chr2A","48082846","48083163","42","45118297"
"KN294457v1","3100660","3100713","chr2A","48229384","48229437","4","45128724"
"KN294457v1","3255039","3255332","chr7","134348431","134348713","53","131093392"
"KN294457v1","3428568","3428863","chr1","19513839","19514136","52","16085271"
"KN294457v1","3600768","3601038","chr2A","48735502","48735780","32","45134734"
"KN294457v1","3753763","3754027","chr2A","48906056","48906338","35","45152293"
"KN294458v1","48206","48327","chr9","68159165","68159288","12","68110959"
"KN294458v1","195502","195634","chr22","24237942","24238070","28","24042440"
"KN294458v1","204551","204838","chr9","68347232","68347519","21","68142681"
"KN294458v1","325989","326283","chr9","68490100","68490396","28","68164111"
"KN294458v1","341667","341963","chr9","68508221","68508504","35","68166554"
"KN294458v1","378467","378762","chr9","68543653","68543954","29","68165186"
"KN294458v1","480448","480761","chr9","68648287","68648599","18","68167839"
"KN294458v1","700229","700367","chr9","68882250","68882383","22","68182021"
"KN294458v1","1069987","1070271","chr12","2970455","2970734","64","1900468"
"KN294458v1","1070322","1070335","chr7","77232133","77232146","2","76161811"
"KN294458v1","1128379","1128646","chr3","198479938","198480211","57","197351559"
"KN294458v1","1285154","1285428","chr9","69476876","69477145","17","68191722"
"KN294458v1","1508810","1509158","chr16","9947810","9948148","82","8439000"
"KN294458v1","1520028","1520324","chr5","33543745","33544041","65","32023717"
"KN294458v1","1606595","1606832","chr15","37126790","37127033","54","35520195"
"KN294458v1","1831883","1832166","chr12","112863774","112864039","61","111031891"
"KN294461v1","51122","51404","chrX","64161529","64161812","10","64110407"
"KN294461v1","76362","76662","chrX","64137232","64137521","37","64060870"
"KN294462v1","4769","5074","chr6","33484784","33485089","21","33480015"
"KN294462v1","497305","497605","chr6","32846799","32847087","22","32349494"
"KN294462v1","501663","501953","chr18","32878192","32878471","61","32376529"
"KN294466v1","3779","4068","chr19","6714768","6715066","37","6710989"
"KN294466v1","26198","26465","chr4","40420408","40420666","55","40394210"
"KN294467v1","56191","56477","chr12","8944507","8944795","62","8888316"
"KN294467v1","59500","59619","chr1","78980030","78980153","24","78920530"
"KN294467v1","64756","64897","chr19","49495277","49495437","56","49430521"
"KN294467v1","67974","68219","chr8","77217268","77217510","52","77149294"
"KN294467v1","84708","84985","chr16","81080887","81081187","36","80996179"
"KN294467v1","155405","155706","chr10","42583032","42583339","58","42427627"
"KN294467v1","176097","176181","chr6","92716963","92717036","27","92540866"
"KN294467v1","180120","180387","chr16","81181184","81181462","48","81001064"
"KN294467v1","190069","190293","chrX","11217018","11217247","57","11026949"
"KN294467v1","194676","194797","chr1","64632547","64632667","21","64437871"
"KN294467v1","195097","195299","chr7","76926612","76926800","51","76731515"
"KN294467v1","250674","251002","chr9","120158250","120158578","74","119907576"
"KN294467v1","251462","251559","chr11","64588269","64588359","24","64336807"
"KN294467v1","251588","251764","chr2A","17533611","17533769","59","17282023"
"KN294467v1","296171","296303","chr16","81288740","81288872","15","80992569"
"KN294467v1","305767","305891","chr16","81298467","81298588","14","80992700"
"KN294467v1","325033","325241","chr14","50700561","50700789","60","50375528"
"KN294468v1","102356","102403","chr5","39355601","39355648","7","39253245"
"KN294468v1","193378","193434","chr19","4660280","4660336","5","4466902"
"KN294468v1","207252","207559","chr9","15975247","15975547","66","15767995"
"KN294468v1","215014","215330","chr19","49913706","49914019","68","49698692"
"KN294468v1","228485","228603","chr20","61201062","61201167","32","60972577"
"KN294468v1","228892","229070","chr22","14600517","14600691","42","14371625"
"KN294469v1","92487","92697","chr1","215292657","215292865","46","215200170"
"KN294469v1","238692","238983","chr8","46079933","46080222","69","45841241"
"KN294469v1","267009","267318","chrX","109720067","109720381","19","109453058"
"KN294469v1","299163","299421","chr7","138487267","138487525","60","138188104"
"KN294470v1","2097116","2097239","chr12","110655387","110655510","8","108558271"
"KN294470v1","27029","27161","chr9","58174384","58174515","15","58147355"
"KN294470v1","31947","32272","chr12","125163839","125164147","70","125131892"
"KN294470v1","88256","88382","chr12","112598662","112598795","14","112510406"
"KN294470v1","118702","118999","chr12","112561421","112561732","31","112442719"
"KN294470v1","155364","155406","chr9","16904853","16904890","6","16749489"
"KN294470v1","217568","217865","chr12","112453665","112453958","27","112236097"
"KN294470v1","245890","246020","chr5","34967766","34967895","26","34721876"
"KN294470v1","246028","246330","chr11","123369288","123369590","60","123123260"
"KN294470v1","261993","262117","chr12","112410695","112410812","11","112148702"
"KN294470v1","263082","263205","chr12","112409654","112409776","11","112146572"
"KN294470v1","276642","276916","chr9","68508221","68508504","77","68231579"
"KN294470v1","278423","278604","chr12","112399978","112400158","10","112121555"
"KN294470v1","281568","281847","chr2A","87191976","87192244","72","86910408"
"KN294470v1","292197","292296","chr16","75515770","75515873","22","75223573"
"KN294470v1","306369","306502","chr12","112379177","112379312","16","112072808"
"KN294470v1","323196","323452","chr12","679326","679591","69","356130"
"KN294470v1","361110","361413","chr19","18967441","18967744","61","18606331"
"KN294470v1","366121","366270","chr19","10951114","10951260","38","10584993"
"KN294470v1","366587","366723","chrX","133082906","133083039","19","132716319"
"KN294470v1","401436","401735","chr12","112283401","112283702","23","111881965"
"KN294470v1","406116","406416","chr6","138462874","138463183","68","138056758"
"KN294470v1","416983","417110","chr6","75641832","75641963","22","75224849"
"KN294470v1","424624","424904","chr12","112266077","112266348","21","111841453"
"KN294470v1","428409","428617","chr2B","27885572","27885769","46","27457163"
"KN294470v1","447124","447201","chr5","42617203","42617279","13","42170079"
"KN294470v1","462193","462489","chr1","214873841","214874134","64","214411648"
"KN294470v1","484438","484744","chr12","112206484","112206783","34","111722046"
"KN294470v1","498088","498402","chr6","110067361","110067674","53","109569273"
"KN294470v1","502318","502632","chr12","112189703","112190016","20","111687385"
"KN294470v1","528324","528487","chr11","589603","589777","30","61279"
"KN294470v1","529109","529137","chr20","46205984","46206004","8","45676875"
"KN294470v1","529890","530013","chr17","19547567","19547689","37","19017677"
"KN294470v1","530683","530801","chr12","112162101","112162222","9","111631418"
"KN294470v1","534012","534294","chr12","112158621","112158915","32","111624609"
"KN294470v1","537593","537912","chr12","112155032","112155335","35","111617439"
"KN294470v1","571631","571756","chr12","112125850","112125981","11","111554219"
"KN294470v1","623719","624037","chr12","112082442","112082765","18","111458723"
"KN294470v1","634158","634290","chr12","37071410","37071541","24","36437252"
"KN294470v1","634593","634781","chr16","63692403","63692566","52","63057810"
"KN294470v1","647216","647540","chr12","112057828","112058143","27","111410612"
"KN294470v1","650677","650932","chr3","123099583","123099840","59","122448906"
"KN294470v1","659769","660068","chr1","32200041","32200341","68","31540272"
"KN294470v1","683333","683466","chr12","112020644","112020775","15","111337311"
"KN294470v1","703908","704220","chr12","111999709","112000000","56","111295801"
"KN294470v1","732982","733299","chr12","111960849","111961154","31","111227867"
"KN294470v1","790239","790545","chr7","79592244","79592550","52","78802005"
"KN294470v1","831596","831863","chr12","111873990","111874252","24","111042394"
"KN294470v1","868954","869180","chr12","111842017","111842243","11","110973063"
"KN294470v1","990551","990813","chr12","111750940","111751202","24","110760389"
"KN294470v1","1007560","1007851","chr12","111730530","111730820","19","110722970"
"KN294470v1","1011331","1011626","chr6","15469152","15469445","44","14457821"
"KN294470v1","1015452","1015660","chr12","111719960","111720169","24","110704508"
"KN294470v1","1093422","1093720","chr12","111632001","111632292","25","110538579"
"KN294470v1","1100134","1100343","chr2A","81363713","81363927","52","80263579"
"KN294470v1","1104100","1104309","chr2A","81363713","81363927","52","80259613"
"KN294470v1","1137298","1137597","chr12","111590102","111590394","32","110452804"
"KN294470v1","1141620","1141955","chr4","73526705","73527011","78","72385085"
"KN294470v1","1144861","1145170","chr12","111582740","111583057","30","110437879"
"KN294470v1","1155294","1155509","chr7","90703742","90703949","54","89548448"
"KN294470v1","1155822","1155910","chrX","48002222","48002304","22","46846400"
"KN294470v1","1168214","1168520","chr12","95410621","95410937","66","94242407"
"KN294470v1","1179412","1179539","chr17","26556688","26556813","19","25377276"
"KN294470v1","1179829","1179849","chr5","7565590","7565607","8","6385761"
"KN294470v1","1180140","1180305","chrX","123759843","123760009","37","122579703"
"KN294470v1","1201702","1201847","chr12","111544228","111544376","16","110342526"
"KN294470v1","1202152","1202297","chr12","111543777","111543923","15","110341625"
"KN294470v1","1228451","1228758","chrX","53811718","53812021","69","52583267"
"KN294470v1","1320075","1320363","chr5","105372614","105372901","58","104052539"
"KN294470v1","1331250","1331372","chr10","30472822","30472943","22","29141572"
"KN294470v1","1336718","1337020","chr17","1840216","1840521","95","503498"
"KN294470v1","1392996","1393292","chr12","111350120","111350417","19","109957124"
"KN294470v1","1400661","1400915","chrX","71248297","71248553","55","69847636"
"KN294470v1","1410960","1411266","chr12","111331326","111331615","34","109920366"
"KN294470v1","1443555","1443647","chr12","111299732","111299836","17","109856177"
"KN294470v1","1493228","1493444","chr12","111249546","111249766","19","109756318"
"KN294470v1","1522421","1522526","chr12","111222838","111222943","6","109700417"
"KN294470v1","1550787","1551082","chr12","111195045","111195346","21","109644258"
"KN294470v1","1608454","1608742","chr12","111147966","111148255","17","109539512"
"KN294470v1","1665596","1665893","chr12","111090698","111091000","19","109425102"
"KN294470v1","1706182","1706452","chr12","111048345","111048624","24","109342163"
"KN294470v1","1710009","1710118","chr12","111044657","111044766","7","109334648"
"KN294470v1","1818132","1818450","chr2A","73665192","73665502","67","71847060"
"KN294470v1","1835841","1836153","chr12","110920581","110920893","22","109084740"
"KN294470v1","1853330","1853461","chr18","44703865","44703989","19","42850535"
"KN294470v1","1877742","1877964","chr5","38722688","38722906","50","36844946"
"KN294470v1","1881174","1881308","chr12","110876572","110876706","11","108995398"
"KN294470v1","1888155","1888448","chr12","110869428","110869717","45","108981273"
"KN294470v1","1896575","1896857","chr12","110861554","110861850","36","108964979"
"KN294470v1","1899975","1900137","chr20","32925600","32925756","32","31025625"
"KN294470v1","1900174","1900324","chr1","22691628","22691777","37","20791454"
"KN294470v1","1924559","1924843","chr12","110834201","110834482","24","108909642"
"KN294470v1","1926428","1926712","chr12","110834201","110834482","24","108907773"
"KN294470v1","1926734","1926873","chr1","26744541","26744673","23","24817807"
"KN294470v1","1973802","1974112","chr12","110777487","110777788","22","108803685"
"KN294470v1","1979875","1979999","chr12","110770982","110771107","8","108791107"
"KN294470v1","1998267","1998319","chr12","34427278","34427332","9","32429011"
"KN294470v1","2003529","2003801","chr12","110745128","110745403","32","108741599"
"KN294470v1","2032552","2032847","chr12","110707046","110707354","43","108674494"
"KN294470v1","2037120","2037421","chr12","110699415","110699718","28","108662295"
"KN294470v1","2097747","2097879","chr12","110654744","110654878","13","108556997"
"KN294470v1","2110832","2110948","chr3","130108640","130108753","20","127997808"
"KN294470v1","2156475","2156777","chr12","110594428","110594728","25","108437953"
"KN294470v1","2206242","2206550","chr12","110545869","110546177","27","108339627"
"KN294470v1","2219131","2219216","chr5","32305845","32305932","23","30086714"
"KN294470v1","2269495","2269780","chr12","110475720","110476011","26","108206225"
"KN294470v1","2270482","2270538","chr12","125993902","125993955","12","123723420"
"KN294470v1","2292490","2292619","chr12","110453983","110454125","17","108161493"
"KN294470v1","2321885","2322056","chr12","110430960","110431132","12","108109075"
"KN294470v1","2322687","2322838","chr12","110430185","110430336","6","108107498"
"KN294470v1","2354765","2354934","chr12","110392647","110392816","17","108037882"
"KN294470v1","2367224","2367349","chr12","110377999","110378124","10","108010775"
"KN294470v1","2368559","2368854","chr1","21132677","21132964","58","18764118"
"KN294470v1","2377180","2377446","chr12","110366858","110367130","50","107989678"
"KN294470v1","2386235","2386312","chr12","110354944","110355021","8","107968709"
"KN294470v1","2406541","2406840","chrX","9841667","9841953","67","7435126"
"KN294470v1","2407237","2407480","chr6","36448105","36448355","57","34040868"
"KN294470v1","2439891","2440063","chr20","53032697","53032868","39","50592806"
"KN294470v1","2440662","2440804","chr12","123691304","123691444","28","121250642"
"KN294470v1","2460936","2461147","chr12","110276633","110276849","28","107815697"
"KN294470v1","2518098","2518320","chr11","71863784","71864004","41","69345686"
"KN294470v1","2526723","2526864","chr12","110206697","110206843","14","107679974"
"KN294470v1","2527155","2527316","chr12","110206237","110206393","23","107679082"
"KN294470v1","2527561","2527856","chr1","21883365","21883656","63","19355804"
"KN294470v1","2528522","2528802","chr16","20229602","20229879","50","17701080"
"KN294470v1","2548962","2549271","chr12","110184124","110184423","31","107635162"
"KN294470v1","2594086","2594382","chr3","58597016","58597306","26","56002930"
"KN294470v1","2615927","2616238","chr16","63938591","63938894","62","61322664"
"KN294470v1","2633604","2633876","chr12","110101278","110101549","19","107467674"
"KN294470v1","2636538","2636661","chr12","110098500","110098622","10","107461962"
"KN294470v1","2645100","2645376","chr12","110089595","110089874","15","107444495"
"KN294470v1","2698155","2698461","chr12","110028779","110029082","31","107330624"
"KN294470v1","2708416","2708569","chr7","2182273","2182429","28","526143"
"KN294470v1","2717178","2717456","chr12","110010286","110010585","35","107293108"
"KN294470v1","2719066","2719314","chr12","110008461","110008754","59","107289395"
"KN294470v1","2720262","2720454","chr12","110007331","110007514","28","107287069"
"KN294470v1","2720846","2720964","chr12","110006830","110006939","16","107285984"
"KN294470v1","2822241","2822517","chr12","109909419","109909712","46","107087178"
"KN294470v1","2853348","2853639","chr7","78816351","78816647","59","75963003"
"KN294470v1","2857866","2858156","chr12","109876196","109876490","34","107018330"
"KN294470v1","2933777","2933911","chr12","53264989","53265123","30","50331212"
"KN294470v1","2950834","2951167","chr12","116657301","116657640","72","113706467"
"KN294470v1","2958179","2958294","chr10","41173726","41173832","36","38215547"
"KN294470v1","2958601","2958613","chr10","98568174","98568184","3","95609573"
"KN294470v1","2967201","2967336","chr3","162570700","162570830","21","159603499"
"KN294470v1","2998696","2999004","chr12","109732331","109732643","23","106733635"
"KN294470v1","3005720","3006001","chr8","35685307","35685603","67","32679587"
"KN294470v1","3010859","3010982","chr12","109720730","109720856","9","106709871"
"KN294470v1","3034383","3034598","chr7","76128290","76128503","44","73093907"
"KN294470v1","3136335","3136480","chr12","109594633","109594779","16","106458298"
"KN294470v1","3194393","3194679","chr12","109535791","109536089","40","106341398"
"KN294470v1","3228319","3228467","chr12","109506499","109506634","19","106278180"
"KN294470v1","3247520","3247780","chr22","877898","878157","59","2369622"
"KN294470v1","3274112","3274252","chr19","41641417","41641550","29","38367305"
"KN294470v1","3274562","3274719","chr22","9920743","9920904","35","6646181"
"KN294470v1","3296151","3296438","chrX","119054378","119054665","57","115758227"
"KN294470v1","3415691","3415827","chr12","109322274","109322412","12","105906583"
"KN294470v1","3433979","3434270","chr3","37886897","37887196","67","34452918"
"KN294470v1","3443228","3443538","chr2A","73665192","73665502","63","70221964"
"KN294470v1","3468436","3468719","chr12","109267168","109267452","26","105798732"
"KN294470v1","3515538","3515841","chr12","109224013","109224326","31","105708475"
"KN294471v1","7000","7277","chr13","54042374","54042647","60","54035374"
"KN294471v1","76233","76359","chr1","136169581","136169710","17","136093348"
"KN294471v1","377084","377333","chr22","9990218","9990462","58","9613134"
"KN294471v1","410768","410996","chr3","131207478","131207684","66","130796710"
"KN294471v1","629410","629606","chr13","5433010","5433206","8","4803600"
"KN294472v1","6381","6670","chr6","142511588","142511855","41","142505207"
"KN294472v1","74984","75297","chr7","148122134","148122436","63","148047150"
"KN294472v1","162907","163064","chr6","142663512","142663651","35","142500605"
"KN294475v1","32660","32760","chr7","22752199","22752301","7","22719539"
"KN294475v1","45993","46125","chr9","12101762","12101895","17","12055769"
"KN294475v1","47555","47759","chr7","22728582","22728786","16","22681027"
"KN294475v1","51340","51631","chr7","22724718","22725013","28","22673378"
"KN294475v1","116483","116605","chr8","75184071","75184194","13","75067588"
"KN294475v1","136460","136731","chr18","32878192","32878471","68","32741732"
"KN294475v1","165199","165480","chr11","130476463","130476741","59","130311264"
"KN294475v1","317324","317502","chr7","22389803","22389980","13","22072479"
"KN294475v1","427678","427969","chr7","22283429","22283714","30","21855751"
"KN294475v1","446659","446949","chr7","70152189","70152474","57","69705530"
"KN294475v1","474722","475002","chr7","22236764","22237049","24","21762042"
"KN294475v1","545748","546055","chr13","81539825","81540121","60","80994077"
"KN294475v1","785993","786135","chr1","194301362","194301499","39","193515369"
"KN294475v1","786171","786285","chr14","21470927","21471044","21","20684756"
"KN294475v1","786976","787253","chr7","21941971","21942259","29","21154995"
"KN294475v1","789334","789641","chr7","21939570","21939883","25","21150236"
"KN294476v1","235","412","chr3","57139532","57139709","16","57139297"
"KN294476v1","449","536","chr1","186536623","186536716","22","186536174"
"KN294476v1","42235","42518","chr3","57096930","57097212","12","57054695"
"KN294478v1","126155","126461","chr16","11213325","11213632","54","11087170"
"KN294479v1","6822","7130","chr10","107925661","107925971","15","107918839"
"KN294479v1","79353","79633","chr4","182186605","182186887","60","182107252"
"KN294479v1","218471","218779","chr5","134357799","134358111","58","134139328"
"KN294479v1","323084","323214","chr3","162570700","162570830","21","162247616"
"KN294479v1","348428","348741","chr10","107579561","107579870","30","107231133"
"KN294479v1","398525","398718","chr2A","76699640","76699831","37","76301115"
"KN294484v1","456832","456975","chr22","825196","825324","43","368364"
"KN294484v1","456976","457235","chr20","54184291","54184550","31","53727315"
"KN294484v1","457236","457373","chr5","34604244","34604378","18","34147008"
"KN294484v1","703827","704118","chr1","160893754","160894040","61","160189927"
"KN294485v1","92323","92442","chr6","147044172","147044290","9","146951849"
"KN294485v1","179839","179962","chr2A","63135935","63136057","18","62956096"
"KN294485v1","268169","268413","chr6","147222564","147222834","42","146954395"
"KN294485v1","283214","283509","chr6","147238772","147239069","20","146955558"
"KN294486v1","18441","18561","chr5","15029983","15030102","21","15011542"
"KN294486v1","191094","191339","chr10","40688102","40688360","46","40497008"
"KN294486v1","225868","226153","chr11","66816001","66816297","55","66590133"
"KN294486v1","263506","263797","chr12","66301782","66302074","21","66038276"
"KN294486v1","348342","348531","chr14","57112231","57112410","52","56763889"
"KN294486v1","611401","611693","chr12","65944056","65944342","22","65332655"
"KN294486v1","696462","696500","chr4","39600927","39600965","6","38904465"
"KN294486v1","696522","696637","chr7","26329889","26330011","24","25633367"
"KN294486v1","811506","811822","chr5","38919984","38920284","73","38108478"
"KN294486v1","950456","950760","chr12","65592713","65593019","26","64642257"
"KN294486v1","971785","971915","chr12","65574401","65574527","11","64602616"
"KN294486v1","1130480","1130775","chr12","65401214","65401522","34","64270734"
"KN294486v1","1158457","1158590","chr12","32898640","32898773","19","31740183"
"KN294486v1","1193351","1193657","chr12","65339875","65340183","25","64146524"
"KN294486v1","1264164","1264406","chr5","96095924","96096146","66","94831760"
"KN294486v1","1304170","1304415","chr5","133372617","133372862","53","132068447"
"KN294486v1","1309241","1309364","chr8","75184071","75184194","16","73874830"
"KN294486v1","1309442","1309757","chr12","108178899","108179212","69","106869457"
"KN294486v1","1338570","1338858","chr5","80087238","80087522","62","78748668"
"KN294486v1","1543227","1543505","chr1","216472098","216472389","61","214928871"
"KN294486v1","1545612","1545796","chrX","103201801","103201983","47","101656189"
"KN294486v1","1687353","1687669","chr12","64845463","64845768","47","63158110"
"KN294486v1","1783897","1784200","chr12","64744381","64744683","25","62960484"
"KN294486v1","1905821","1906113","chr12","64626071","64626359","30","62720250"
"KN294486v1","1943656","1943953","chr12","64578738","64579036","21","62635082"
"KN294486v1","2000001","2000109","chr3","200534825","200534943","25","198534824"
"KN294487v1","75549","75797","chr17","17977455","17977710","31","17901906"
"KN294487v1","94536","94853","chr1","203347567","203347865","87","203253031"
"KN294487v1","114683","114980","chr17","18037348","18037650","35","17922665"
"KN294488v1","27460","27615","chr7","128970063","128970216","26","128942603"
"KN294488v1","33995","34121","chr19","33370580","33370707","26","33336585"
"KN294488v1","186177","186458","chr2B","27675516","27675784","63","27489339"
"KN294488v1","275190","275297","chr18","54311835","54311941","10","54036645"
"KN294488v1","405102","405424","chr18","54445185","54445498","35","54040083"
"KN294488v1","448902","449218","chr13","6336210","6336518","76","5887308"
"KN294488v1","459537","459843","chr5","55333732","55334032","59","54874195"
"KN294488v1","531553","531852","chr18","54570390","54570689","28","54038837"
"KN294493v1","143651","143785","chr3","134622590","134622725","9","134478939"
"KN294493v1","313383","313614","chr3","126311126","126311363","50","125997743"
"KN294493v1","715049","715171","chr3","134019016","134019137","15","133303967"
"KN294493v1","1050263","1050385","chr3","133670992","133671114","7","132620729"
"KN294493v1","1177828","1178120","chr3","133550797","133551091","25","132372969"
"KN294493v1","1270853","1271143","chr3","133465548","133465852","39","132194695"
"KN294493v1","1302456","1302729","chr3","133433950","133434241","38","132131494"
"KN294493v1","1468681","1468957","chr3","133254971","133255254","26","131786290"
"KN294493v1","1633653","1633940","chr3","133080421","133080710","24","131446768"
"KN294493v1","1708947","1709287","chr3","132974805","132975124","31","131265858"
"KN294493v1","1709299","1709651","chr3","132974446","132974793","55","131265147"
"KN294493v1","1785399","1785533","chr3","132897289","132897418","10","131111890"
"KN294493v1","1795032","1795329","chr3","132887461","132887791","59","131092429"
"KN294493v1","1938385","1938698","chr3","132732605","132732907","51","130794220"
"KN294493v1","2017335","2017612","chr3","132650724","132651001","14","130633389"
"KN294493v1","2062966","2063130","chr15","68687281","68687441","36","66624315"
"KN294498v1","212353","212474","chr6","78852934","78853056","8","78640581"
"KN294498v1","465238","465502","chr6","79104964","79105229","13","78639726"
"KN294498v1","690737","691050","chr6","79336194","79336491","55","78645457"
"KN294499v1","209140","209408","chr9","13495495","13495764","64","13286355"
"KN294499v1","709525","709825","chr7","103266591","103266877","33","102557066"
"KN294499v1","714421","714721","chr7","103271660","103271962","28","102557239"
"KN294499v1","868096","868377","chr7","103421847","103422131","24","102553751"
"KN294499v1","941604","941908","chr14","85599068","85599371","50","84657464"
"KN294499v1","1119144","1119432","chr14","50916644","50916928","58","49797500"
"KN294499v1","1130837","1131143","chr12","46164875","46165177","72","45034038"
"KN294499v1","1156164","1156453","chr7","103708429","103708727","22","102552265"
"KN294499v1","1175314","1175532","chr5","21501788","21501999","64","20326474"
"KN294499v1","1208319","1208615","chr7","103762166","103762441","31","102553847"
"KN294499v1","1229350","1229614","chr7","103782045","103782309","14","102552695"
"KN294499v1","1275392","1275703","chr7","103826298","103826602","29","102550906"
"KN294499v1","1356637","1356923","chr7","103907087","103907363","34","102550450"
"KN294499v1","1533524","1533854","chr6","90767317","90767655","75","89233793"
"KN294499v1","1537669","1537754","chr7","104087577","104087654","19","102549908"
"KN294499v1","1564503","1564640","chr7","104112780","104112917","9","102548277"
"KN294499v1","1576145","1576439","chr7","104123326","104123599","56","102547181"
"KN294499v1","1650473","1650600","chr12","59247452","59247584","22","57596979"
"KN294499v1","1658045","1658293","chr8","85572992","85573245","64","83914947"
"KN294499v1","1663105","1663300","chr7","104214425","104214618","8","102551320"
"KN294499v1","1663596","1663727","chr7","104214910","104215041","10","102551314"
"KN294499v1","1671122","1671379","chr3","152830582","152830847","66","151159460"
"KN294499v1","1722811","1723099","chr7","2848093","2848385","57","1125282"
"KN294499v1","1770923","1771227","chr7","104308800","104309105","16","102537877"
"KN294499v1","1812022","1812331","chr5","35635884","35636185","58","33823862"
"KN294499v1","1819093","1819222","chr7","104359862","104359992","14","102540769"
"KN294499v1","1860104","1860375","chr7","104401970","104402246","37","102541866"
"KN294499v1","1982605","1982729","chr7","104523972","104524096","4","102541367"
"KN294499v1","1990826","1991139","chr7","104532341","104532631","49","102541515"
"KN294499v1","2126641","2126944","chr7","104667860","104668173","28","102541219"
"KN294499v1","2193276","2193583","chr7","104733519","104733827","20","102540243"
"KN294499v1","2261953","2262254","chr7","104806955","104807254","19","102545002"
"KN294499v1","2312895","2313119","chr1","8738597","8738834","56","6425702"
"KN294499v1","2334335","2334498","chr7","104879097","104879261","14","102544762"
"KN294499v1","2334799","2334944","chr7","104879557","104879707","13","102544758"
"KN294499v1","2360354","2360489","chr20","46205547","46205683","42","43845193"
"KN294499v1","2443080","2443377","chr14","83981690","83981978","66","81538610"
"KN294499v1","2518614","2518724","chr7","72387158","72387267","23","69868544"
"KN294499v1","2550199","2550418","chr4","89588941","89589148","48","87038742"
"KN294501v1","1491","1784","chr18","28896136","28896433","33","28894645"
"KN294501v1","2174","2295","chr7","152360352","152360478","19","152358178"
"KN294501v1","8374","8462","chr18","28888849","28888937","3","28880475"
"KN294501v1","40423","40694","chr18","28857129","28857405","21","28816706"
"KN294501v1","58013","58298","chr18","28837393","28837676","23","28779380"
"KN294501v1","70311","70600","chr18","28825684","28825983","21","28755373"
"KN294501v1","87718","88024","chr18","28808638","28808942","25","28720920"
"KN294501v1","127114","127394","chr18","28785595","28785899","37","28658481"
"KN294501v1","142157","142388","chr19","2547908","2548146","58","2405751"
"KN294501v1","163424","163568","chr18","28754965","28755109","6","28591541"
"KN294501v1","185824","186120","chr3","5358697","5358991","63","5172873"
"KN294501v1","343865","343996","chr16","41994667","41994797","22","41650802"
"KN294501v1","360612","360880","chr18","28558605","28558906","52","28197993"
"KN294501v1","395242","395532","chr18","28522154","28522468","44","28126912"
"KN294501v1","403348","403655","chr18","28513859","28514140","46","28110511"
"KN294501v1","482152","482453","chr18","28435335","28435636","40","27953183"
"KN294501v1","542413","542695","chr18","28378886","28379188","41","27836473"
"KN294501v1","587219","587518","chr1","130900859","130901161","58","130313640"
"KN294501v1","799340","799645","chr18","28131505","28131797","30","27332165"
"KN294501v1","1479669","1479944","chr18","27448242","27448508","30","25968573"
"KN294501v1","1613835","1613964","chr5","152214691","152214820","25","150600856"
"KN294501v1","1680946","1681067","chr18","27235083","27235193","16","25554137"
"KN294501v1","2055581","2055857","chr18","26852266","26852533","30","24796685"
"KN294501v1","2668454","2668740","chr18","26186650","26186918","43","23518196"
"KN294501v1","2798570","2798772","chr2A","79833197","79833410","56","77034627"
"KN294501v1","3472764","3472893","chr16","40417747","40417875","19","36944983"
"KN294501v1","3864328","3864600","chr18","24956408","24956681","34","21092080"
"KN294501v1","3981614","3981890","chr18","24844719","24845009","29","20863105"
"KN294501v1","4186128","4186262","chr18","24643591","24643725","9","20457463"
"KN294501v1","4377630","4377842","chr7","90703742","90703949","62","86326112"
"KN294503v1","101819","102009","chr19","7355213","7355408","40","7253394"
"KN294506v1","26751","27023","chr7","65034051","65034321","26","65007300"
"KN294506v1","31908","32207","chr2A","45037523","45037815","56","45005615"
"KN294506v1","72405","72692","chr19","35427513","35427803","56","35355108"
"KN294506v1","74565","74857","chr22","29952106","29952400","54","29877541"
"KN294506v1","130736","131021","chr1","203347567","203347865","52","203216831"
"KN294506v1","242889","243185","chrX","133749622","133749918","57","133506733"
"KN294506v1","328043","328340","chr6","77891929","77892226","58","77563886"
"KN294506v1","337687","337877","chr6","90923664","90923858","41","90585977"
"KN294506v1","338189","338289","chr1","29334449","29334547","35","28996260"
"KN294506v1","344341","344681","chr7","65450096","65450427","48","65105755"
"KN294506v1","346811","346934","chr7","73203292","73203415","5","72856481"
"KN294506v1","354594","354886","chr7","73210729","73211025","20","72856135"
"KN294506v1","373454","373592","chr7","6565134","6565272","21","6191680"
"KN294509v1","129722","129842","chr14","11200355","11200479","6","11070633"
"KN294509v1","159885","160014","chr14","11231482","11231612","5","11071597"
"KN294509v1","176758","176886","chr6","5230811","5230938","16","5054053"
"KN294509v1","313042","313327","chr14","11382080","11382364","17","11069038"
"KN294509v1","396670","396975","chr14","11475507","11475806","32","11078837"
"KN294509v1","449619","449901","chr14","11528146","11528428","12","11078527"
"KN294509v1","475949","476223","chr14","11554222","11554496","24","11078273"
"KN294509v1","560994","561288","chr14","11639602","11639899","35","11078608"
"KN294509v1","817652","817965","chr14","11894782","11895073","40","11077130"
"KN294509v1","854545","854819","chr10","119111668","119111947","57","118257123"
"KN294509v1","1026234","1026405","chr11","119771517","119771688","44","118745283"
"KN294509v1","1058639","1058804","chr14","86181668","86181838","48","85123029"
"KN294509v1","1089612","1089902","chr14","12154289","12154592","26","11064677"
"KN294509v1","1119454","1119578","chr9","13918319","13918443","15","12798865"
"KN294509v1","1150301","1150576","chr14","12220577","12220837","26","11070276"
"KN294509v1","1172966","1173271","chr14","12242668","12242981","30","11069702"
"KN294509v1","1234571","1234692","chr7","72126833","72126957","16","70892262"
"KN294509v1","1239525","1239814","chr14","12296051","12296329","39","11056526"
"KN294509v1","1253187","1253268","chr6","164200455","164200536","20","162947268"
"KN294509v1","1330366","1330653","chr14","12394520","12394804","25","11064154"
"KN294509v1","1332579","1332600","chr16","78121086","78121108","3","76788507"
"KN294509v1","1332691","1332955","chr12","34748888","34749167","68","33416197"
"KN294509v1","1399837","1400149","chr4","71616617","71616930","62","70216780"
"KN294509v1","1420011","1420296","chr14","12487463","12487769","41","11067452"
"KN294509v1","1576420","1576699","chr12","35367711","35367986","58","33791291"
"KN294510v1","38780","38904","chr1","96051202","96051332","27","96012422"
"KN294510v1","95761","96066","chrX","103523212","103523517","17","103427451"
"KN294510v1","115537","115842","chr9","70781529","70781841","71","70665992"
"KN294510v1","150941","151054","chr1","180403867","180403978","22","180252926"
"KN294510v1","204794","204927","chr2B","16435569","16435700","24","16230775"
"KN294513v1","17270","17549","chr19","43788887","43789154","59","43771617"
"KN294513v1","227834","228119","chr10","34470961","34471244","67","34243127"
"KN294513v1","294311","294588","chr3","56954699","56954977","54","56660388"
"KN294513v1","363781","364002","chr12","106830577","106830804","25","106466796"
"KN294513v1","387889","388193","chr12","106852906","106853193","34","106465017"
"KN294513v1","465254","465382","chr12","106931019","106931149","9","106465765"
"KN294513v1","600812","601016","chr9","111035952","111036157","42","110435140"
"KN294513v1","601749","601955","chr13","24079675","24079881","36","23477926"
"KN294513v1","636762","637054","chr5","135514892","135515185","49","134878130"
"KN294519v1","18187","18489","chr3","156305823","156306132","31","156287636"
"KN294520v1","106833","107128","chr8","121379735","121380020","26","121272902"
"KN294520v1","159418","159724","chr8","121425335","121425659","32","121265917"
"KN294520v1","364107","364387","chr3","12799805","12800071","57","12435698"
"KN294520v1","761069","761163","chr8","122091856","122091950","2","121330787"
"KN294520v1","770989","771114","chr8","122101247","122101372","11","121330258"
"KN294520v1","1078387","1078565","chr17","60499824","60500000","32","59421437"
"KN294520v1","1186977","1187274","chr8","122507219","122507508","51","121320242"
"KN294520v1","1202200","1202514","chr8","122522442","122522760","34","121320242"
"KN294520v1","1312458","1312762","chr8","27781110","27781400","74","26468652"
"KN294520v1","1656613","1656743","chr8","122950133","122950260","9","121293520"
"KN294520v1","1676318","1676621","chr1","26075770","26076074","55","24399452"
"KN294520v1","1972181","1972489","chr8","123261747","123262054","31","121289566"
"KN294521v1","83933","84268","chrX","22463986","22464321","19","22380053"
"KN294521v1","216783","217080","chr19","8361124","8361421","50","8144341"
"KN294521v1","263861","264141","chrX","22274978","22275268","26","22011117"
"KN294521v1","468121","468267","chr7","104930965","104931113","22","104462844"
"KN294521v1","503048","503317","chrX","22055059","22055328","18","21552011"
"KN294521v1","521092","521393","chrX","22036295","22036601","15","21515203"
"KN294521v1","525226","525514","chrX","22025265","22025554","19","21500039"
"KN294521v1","538344","538640","chrX","22012616","22012912","15","21474272"
"KN294523v1","11200","11392","chr4","3026442","3026631","41","3015242"
"KN294523v1","19931","20237","chr19","35324124","35324445","42","35304193"
"KN294526v1","228821","229069","chr6","77647923","77648167","65","77419102"
"KN294526v1","243808","243930","chr3","52321582","52321704","5","52077774"
"KN294526v1","280852","281148","chr3","52360924","52361226","30","52080072"
"KN294526v1","394043","394330","chr5","6785000","6785292","61","6390957"
"KN294526v1","413332","413635","chr7","62987148","62987447","49","62573816"
"KN294526v1","436084","436366","chr11","32284696","32284987","61","31848612"
"KN294526v1","451866","451997","chr1","137782772","137782903","9","137330906"
"KN294526v1","461260","461390","chr3","52530178","52530311","14","52068918"
"KN294526v1","468661","468954","chr8","10995801","10996101","55","10527140"
"KN294526v1","483569","483858","chr3","52552045","52552360","44","52068476"
"KN294526v1","507287","507585","chr19","372518","372820","64","134769"
"KN294526v1","515652","515958","chr7","5538312","5538611","60","5022660"
"KN294526v1","540778","541090","chr3","146177325","146177626","59","145636547"
"KN294526v1","546044","546251","chr3","52615698","52615905","13","52069654"
"KN294526v1","556930","557153","chr14","61136729","61136957","39","60579799"
"KN294526v1","583203","583494","chr10","117046863","117047153","59","116463660"
"KN294526v1","602244","602548","chr12","100088834","100089135","64","99486590"
"KN294526v1","745096","745384","chr3","52795078","52795366","17","52049982"
"KN294527v1","54396","54704","chr7","23688265","23688570","63","23633869"
"KN294527v1","93756","94046","chr4","17009005","17009296","24","16915249"
"KN294527v1","142393","142578","chr4","17057423","17057612","14","16915030"
"KN294527v1","154162","154476","chr8","77569378","77569682","59","77415216"
"KN294527v1","158766","158891","chr6","37818472","37818593","23","37659706"
"KN294527v1","169302","169426","chr20","35800564","35800690","12","35631262"
"KN294527v1","179233","179473","chr4","17095966","17096214","20","16916733"
"KN294527v1","188250","188412","chr11","112212687","112212845","38","112024437"
"KN294527v1","197248","197349","chr4","17113120","17113221","7","16915872"
"KN294527v1","197971","198008","chr4","17113853","17113890","2","16915882"
"KN294527v1","198412","198705","chr4","17114302","17114608","31","16915890"
"KN294527v1","208434","208718","chrX","134357061","134357349","69","134148627"
"KN294527v1","226779","226906","chr3","189187527","189187657","25","188960748"
"KN294527v1","227508","227682","chr8","102432786","102432947","40","102205278"
"KN294527v1","232711","232841","chr20","49746874","49747004","21","49514163"
"KN294527v1","233130","233300","chr19","38731330","38731491","35","38498200"
"KN294535v1","361824","362116","chr3","101168085","101168387","65","100806261"
"KN294535v1","470489","470804","chr17","54430258","54430562","31","53959769"
"KN294535v1","490139","490196","chr4","5447903","5447961","9","4957764"
"KN294535v1","501851","502154","chr19","47857377","47857670","64","47355526"
"KN294535v1","524895","525013","chr17","54478580","54478702","9","53953685"
"KN294535v1","594679","594810","chr17","54551109","54551240","5","53956430"
"KN294535v1","613716","614082","chr18","33884041","33884390","111","33270325"
"KN294535v1","662707","662767","chr17","54617509","54617571","3","53954802"
"KN294535v1","670008","670294","chr17","54624850","54625136","21","53954842"
"KN294536v1","1274","1570","chr16","10971131","10971415","70","10969857"
"KN294536v1","355569","355824","chr19","4694076","4694346","63","4338507"
"KN294536v1","357524","357826","chr15","37430548","37430851","55","37073024"
"KN294536v1","359910","360211","chr1","207170598","207170902","21","206810688"
"KN294536v1","382306","382612","chr12","125163839","125164147","51","124781533"
"KN294536v1","394252","394378","chrX","467397","467523","13","73145"
"KN294536v1","438745","439038","chr16","60630135","60630442","65","60191390"
"KN294536v1","455508","455789","chr1","125685341","125685626","59","125229833"
"KN294536v1","598817","598941","chr1","206930581","206930696","17","206331764"
"KN294536v1","696429","696727","chr8","124758286","124758571","77","124061857"
"KN294536v1","777211","777498","chr8","103467093","103467377","64","102689882"
"KN294536v1","894156","894464","chr1","206627114","206627421","25","205732958"
"KN294536v1","899846","899970","chr19","38552152","38552271","21","37652306"
"KN294536v1","977487","977695","chr5","161590949","161591137","53","160613462"
"KN294536v1","984009","984296","chr1","206528723","206529035","41","205544714"
"KN294536v1","1023361","1023663","chr12","35070722","35071000","83","34047361"
"KN294536v1","1060117","1060414","chr12","123466305","123466589","70","122406188"
"KN294536v1","1114975","1115278","chr1","94184963","94185274","58","93069988"
"KN294536v1","1322884","1323173","chr7","137392814","137393096","54","136069930"
"KN294536v1","1343693","1343996","chr1","206174938","206175221","39","204831245"
"KN294536v1","1365734","1365964","chr1","206147866","206148096","13","204782132"
"KN294536v1","1409118","1409433","chr1","206112408","206112708","26","204703290"
"KN294536v1","1429543","1429663","chr8","26886382","26886498","22","25456839"
"KN294536v1","1459349","1459653","chr2A","69837736","69838033","70","68378387"
"KN294536v1","1463807","1463883","chr1","206057760","206057836","1","204593953"
"KN294536v1","1464172","1464186","chr6","86271299","86271314","5","84807127"
"KN294536v1","1513598","1513880","chr1","206014730","206015006","20","204501132"
"KN294536v1","1520587","1520883","chr1","206006882","206007180","16","204486295"
"KN294536v1","1530298","1530602","chr1","205996712","205996980","47","204466414"
"KN294536v1","1557788","1558087","chr5","11548487","11548786","64","9990699"
"KN294536v1","1560040","1560149","chr19","4432367","4432474","17","2872327"
"KN294536v1","1615847","1615974","chr20","35800564","35800690","14","34184717"
"KN294536v1","1623987","1624127","chr11","64873112","64873243","22","63249125"
"KN294536v1","1631583","1631853","chr1","205915030","205915274","46","204283447"
"KN294536v1","1635839","1636133","chr1","205910669","205910969","20","204274830"
"KN294536v1","1666846","1667067","chr1","205881690","205881912","15","204214844"
"KN294536v1","1706652","1706917","chr1","205841071","205841345","27","204134419"
"KN294536v1","1755017","1755324","chr20","45903423","45903732","57","44148406"
"KN294536v1","1757287","1757585","chr9","89652313","89652608","62","87895026"
"KN294536v1","1818342","1818482","chr1","205736578","205736718","11","203918236"
"KN294536v1","1841346","1841641","chr1","205713254","205713546","27","203871908"
"KN294536v1","1848854","1849142","chr1","205705799","205706084","25","203856945"
"KN294536v1","1868881","1868974","chr1","205686402","205686494","3","203817521"
"KN294536v1","1902354","1902659","chr20","3687025","3687329","67","1784671"
"KN294536v1","1969544","1969852","chr1","205577029","205577337","18","203607485"
"KN294539v1","68105","68424","chr2B","68428959","68429286","36","68360854"
"KN294539v1","227246","227380","chr5","23090258","23090392","19","22863012"
"KN294539v1","243039","243232","chr6","54623768","54623948","47","54380729"
"KN294539v1","248401","248692","chr2B","68617083","68617390","53","68368682"
"KN294539v1","248759","248774","chrX","48143712","48143727","3","47894953"
"KN294539v1","252161","252426","chr2B","68631760","68632024","20","68379599"
"KN294539v1","271218","271492","chr16","24945704","24945977","64","24674486"
"KN294539v1","692186","692475","chr2B","69137943","69138232","31","68445757"
"KN294539v1","707836","708005","chr2B","69153754","69153941","34","68445918"
"KN294539v1","773899","774182","chr2B","69222966","69223248","15","68449067"
"KN294539v1","902445","902681","chr2B","69349260","69349494","15","68446815"
"KN294539v1","1161906","1162079","chr2B","69607711","69607896","21","68445805"
"KN294539v1","1165797","1165908","chr17","2409347","2409455","23","1243550"
"KN294539v1","1277161","1277475","chr2B","69726990","69727286","45","68449829"
"KN294539v1","1335585","1335870","chr2B","69785384","69785670","17","68449799"
"KN294539v1","1394742","1394858","chr7","83053990","83054109","20","81659248"
"KN294539v1","1405574","1405875","chr2B","69853960","69854253","22","68448386"
"KN294539v1","1449217","1449520","chr9","91946226","91946526","60","90497009"
"KN294539v1","1574529","1574823","chr2B","70023024","70023326","32","68448495"
"KN294539v1","1579882","1580214","chr2B","70028432","70028767","24","68448550"
"KN294539v1","2098582","2098863","chr2B","70567394","70567704","55","68468812"
"KN294539v1","2099801","2100124","chr6","110180476","110180806","73","108080675"
"KN294539v1","2187857","2188132","chr5","6494094","6494371","53","4306237"
"KN294539v1","2274684","2274789","chr2B","70738503","70738608","3","68463819"
"KN294539v1","2306808","2307050","chr2A","53182513","53182775","65","50875705"
"KN294539v1","2325496","2325799","chr2B","70789422","70789725","30","68463926"
"KN294539v1","2746688","2746979","chr2B","71248680","71248967","41","68501992"
"KN294539v1","2949425","2949511","chr20","15510224","15510310","14","12560799"
"KN294539v1","2964943","2965264","chr2B","71454202","71454502","61","68489259"
"KN294539v1","3175473","3175771","chr4","6615194","6615493","63","3439721"
"KN294539v1","3222192","3222499","chr2B","71749096","71749382","47","68526904"
"KN294539v1","3312340","3312697","chr2B","66615254","66615589","88","63302914"
"KN294539v1","3762278","3762576","chr2B","72334514","72334811","25","68572236"
"KN294539v1","3970671","3970940","chr9","114727698","114727974","62","110757027"
"KN294539v1","4310993","4311135","chr2B","72853913","72854036","24","68542920"
"KN294539v1","4349051","4349200","chr16","79171534","79171695","39","74822483"
"KN294540v1","255932","256066","chr19","48750372","48750501","20","48494440"
"KN294540v1","521429","521618","chr7","57093517","57093703","36","56572088"
"KN294540v1","610501","610621","chr4","171659643","171659763","12","171049142"
"KN294540v1","637867","638157","chr15","69814546","69814836","69","69176679"
"KN294540v1","699717","700018","chrX","31017829","31018116","63","30318112"
"KN294540v1","803009","803279","chr4","171439411","171439710","48","170636402"
"KN294540v1","838164","838479","chr4","171404234","171404547","28","170566070"
"KN294540v1","854799","855084","chr20","3801476","3801755","73","2946677"
"KN294540v1","860530","860653","chr4","171381735","171381852","10","170521205"
"KN294540v1","914125","914446","chr4","171329266","171329576","39","170415141"
"KN294540v1","915644","915929","chr4","171327771","171328066","33","170412127"
"KN294540v1","984824","984925","chr4","171253761","171253862","8","170268937"
"KN294540v1","1016571","1016636","chr4","171216415","171216480","3","170199844"
"KN294540v1","1019018","1019293","chr9","97187766","97188023","70","96168748"
"KN294540v1","1034671","1034798","chr4","171198744","171198876","12","170164073"
"KN294540v1","1224051","1224254","chr5","35874359","35874558","35","34650308"
"KN294540v1","1263371","1263571","chr12","113091288","113091501","54","111827917"
"KN294540v1","1536597","1536716","chr4","170615455","170615567","13","169078858"
"KN294540v1","1536758","1536898","chr1","194301362","194301499","26","192764604"
"KN294540v1","1640487","1640793","chr16","75828769","75829078","74","74188282"
"KN294540v1","1654619","1654876","chr8","63007395","63007650","65","61352776"
"KN294548v1","330743","331036","chr1","214067938","214068227","22","213737195"
"KN294548v1","345449","345764","chr1","214053187","214053501","19","213707738"
"KN294548v1","369799","370067","chr1","214031326","214031559","51","213661527"
"KN294548v1","382264","382573","chr12","102594176","102594485","59","102211912"
"KN294548v1","588088","588223","chr1","213823214","213823340","16","213235126"
"KN294548v1","620592","620886","chr1","213783063","213783338","35","213162471"
"KN294548v1","776393","776476","chr1","60768007","60768091","13","59991614"
"KN294548v1","827829","828106","chr1","213562311","213562599","33","212734482"
"KN294548v1","1022170","1022512","chr1","213353007","213353335","49","212330837"
"KN294548v1","1098154","1098437","chr1","213267879","213268195","60","212169725"
"KN294548v1","1152369","1152501","chr16","991432","991564","30","160937"
"KN294548v1","1152535","1152706","chr3","10511993","10512158","33","9359458"
"KN294548v1","1190711","1190967","chr3","12562358","12562618","61","11371647"
"KN294548v1","1391063","1391099","chr1","212956187","212956223","4","211565124"
"KN294548v1","1391391","1391505","chr1","212955785","212955888","17","211564394"
"KN294548v1","1613686","1613945","chr1","212732734","212732993","20","211119048"
"KN294552v1","72454","72703","chrX","9217947","9218194","57","9145493"
"KN294552v1","218112","218243","chr2A","94184159","94184292","11","93966047"
"KN294552v1","220340","220621","chr10","134743355","134743638","75","134523015"
"KN294552v1","820478","820768","chr12","121368057","121368340","60","120547579"
"KN294552v1","1003048","1003351","chr2A","95007172","95007490","35","94004124"
"KN294552v1","1039919","1040232","chr2A","95041991","95042303","27","94002072"
"KN294552v1","1179080","1179135","chrX","49719093","49719146","7","48540013"
"KN294552v1","1243089","1243375","chr20","35838464","35838757","71","34595375"
"KN294552v1","1741875","1742151","chr2A","95723255","95723545","27","93981380"
"KN294556v1","56409","56546","chr4","93107954","93108078","23","93051545"
"KN294557v1","194","526","chrX","11304010","11304328","49","11303816"
"KN294557v1","63677","63785","chrX","11371757","11371869","10","11308080"
"KN294558v1","170769","171070","chr12","94624477","94624774","74","94453708"
"KN294558v1","215099","215404","chr16","37548532","37548845","75","37333433"
"KN294558v1","325877","326001","chr19","42989006","42989131","19","42663129"
"KN294558v1","382338","382631","chr9","97269120","97269416","58","96886782"
"KN294558v1","385774","386091","chr7","79695352","79695670","76","79309578"
"KN294558v1","508480","508613","chr15","7973306","7973440","14","7464826"
"KN294558v1","515746","515881","chr15","7981464","7981599","10","7465718"
"KN294558v1","525409","525717","chr15","7990584","7990880","30","7465175"
"KN294558v1","580077","580184","chr15","8045218","8045322","11","7465141"
"KN294558v1","691596","691718","chr15","8159262","8159388","20","7467666"
"KN294558v1","692670","692960","chrX","54145099","54145392","48","53452429"
"KN294558v1","699136","699268","chr4","140768049","140768181","21","140068913"
"KN294558v1","707017","707179","chr15","8174007","8174162","18","7466990"
"KN294561v1","71515","71797","chr4","165628611","165628888","62","165557096"
"KN294561v1","289157","289255","chr2B","16484957","16485066","24","16195800"
"KN294561v1","312130","312427","chr4","81178733","81179026","42","80866603"
"KN294561v1","572099","572394","chr4","81446661","81446956","17","80874562"
"KN294561v1","614992","615147","chr15","8687361","8687507","36","8072369"
"KN294561v1","643008","643152","chr20","46869","47011","22","596139"
"KN294561v1","643447","643615","chr2B","101010454","101010600","43","100367007"
"KN294561v1","646234","646460","chr1","15494734","15494954","68","14848500"
"KN294561v1","652247","652557","chr10","47140126","47140434","68","46487879"
"KN294561v1","667802","668102","chr4","81550090","81550386","24","80882288"
"KN294561v1","681629","681934","chr4","81563823","81564115","47","80882194"
"KN294561v1","691152","691419","chr4","81575089","81575337","36","80883937"
"KN294561v1","745822","746099","chr4","81629225","81629513","32","80883403"
"KN294561v1","786129","786316","chr17","61875540","61875732","39","61089411"
"KN294561v1","786626","786750","chr10","40749912","40750034","17","39963286"
"KN294561v1","800563","800687","chr4","81679348","81679475","16","80878785"
"KN294561v1","813639","813912","chr7","141007745","141008045","78","140194106"
"KN294561v1","848185","848460","chr4","81721302","81721580","25","80873117"
"KN294561v1","867535","867821","chr4","81740910","81741178","31","80873375"
"KN294561v1","883734","884025","chr7","65934191","65934478","64","65050457"
"KN294561v1","943514","943733","chr7","318476","318697","58","625038"
"KN294561v1","946177","946472","chr4","81822632","81822935","30","80876455"
"KN294561v1","983363","983668","chr4","81867704","81868012","23","80884341"
"KN294561v1","1288440","1288722","chr3","138176344","138176614","59","136887904"
"KN294561v1","1368714","1368873","chr4","82271385","82271540","20","80902671"
"KN294561v1","1419319","1419622","chr4","82318710","82319016","35","80899391"
"KN294561v1","1621846","1622149","chr12","111639274","111639580","63","110017428"
"KN294561v1","1940359","1940645","chr4","82825056","82825333","28","80884697"
"KN294564v1","23140","23417","chr22","12027275","12027578","57","12004135"
"KN294564v1","105162","105449","chr22","11946276","11946550","51","11841114"
"KN294564v1","135398","135716","chr22","11922365","11922673","27","11786967"
"KN294564v1","244343","244641","chr4","190526787","190527083","46","190282444"
"KN294566v1","228625","228713","chr8","73923737","73923824","31","73695112"
"KN294569v1","191812","192100","chr3","58033435","58033722","64","57841623"
"KN294569v1","300868","301172","chr8","44850120","44850419","20","44549252"
"KN294569v1","339762","339890","chr6","37818472","37818593","26","37478710"
"KN294569v1","370199","370330","chr22","11274543","11274673","18","10904344"
"KN294569v1","411976","412256","chr8","44977212","44977480","39","44565236"
"KN294569v1","416982","417267","chr8","44981881","44982166","19","44564899"
"KN294569v1","420108","420379","chr16","37366422","37366711","67","36946314"
"KN294569v1","424481","424776","chr8","44989363","44989665","24","44564882"
"KN294569v1","425633","425930","chr6","119628815","119629104","63","119203182"
"KN294569v1","495000","495128","chr8","20182552","20182683","27","19687552"
"KN294569v1","542281","542593","chr8","45102094","45102405","15","44559813"
"KN294569v1","565208","565474","chr8","45126955","45127194","50","44561747"
"KN294569v1","617407","617698","chr8","45177447","45177738","17","44560040"
"KN294569v1","634795","634871","chr8","45192299","45192375","4","44557504"
"KN294569v1","701495","701808","chr7","151751468","151751777","76","151049973"
"KN294569v1","717553","717881","chr8","45279105","45279426","23","44561552"
"KN294569v1","751168","751224","chr1","8230361","8230417","8","7479193"
"KN294569v1","790645","790964","chr11","61105734","61106046","62","60315089"
"KN294569v1","821501","821793","chr8","45380450","45380742","24","44558949"
"KN294569v1","847833","848117","chr8","45403288","45403576","24","44555455"
"KN294570v1","11495","11695","chr7","57543371","57543571","17","57531876"
"KN294570v1","50348","50507","chr7","57167137","57167297","13","57116789"
"KN294570v1","68034","68164","chr13","1810927","1811060","26","1742893"
"KN294570v1","148735","149027","chr7","127125393","127125684","52","126976658"
"KN294570v1","185695","186008","chr7","64609482","64609791","21","64423787"
"KN294570v1","187560","187703","chr7","56782189","56782324","25","56594629"
"KN294570v1","213425","213724","chr8","74039942","74040240","64","73826517"
"KN294570v1","258408","258541","chr9","34191895","34192023","23","33933487"
"KN294570v1","258847","259052","chr6","154867898","154868090","54","154609051"
"KN294570v1","265970","266280","chr7","64694543","64694845","31","64428573"
"KN294570v1","268053","268187","chr7","64696381","64696519","14","64428328"
"KN294570v1","268491","268648","chr7","64696807","64696960","23","64428316"
"KN294570v1","271530","271787","chr19","17465894","17466187","71","17194364"
"KN294570v1","277512","277642","chr7","65280556","65280686","18","65003044"
"KN294570v1","335898","336024","chr6","101384983","101385106","18","101049085"
"KN294570v1","336218","336400","chr22","10444650","10444824","34","10108432"
"KN294570v1","366943","367101","chr10","125077421","125077574","44","124710478"
"KN294570v1","408545","408857","chr7","64825509","64825823","24","64416964"
"KN294570v1","410609","410733","chr8","101548752","101548875","16","101138143"
"KN294570v1","427984","428257","chr19","14804962","14805227","68","14376978"
"KN294571v1","34682","34997","chr4","39079189","39079508","24","39044507"
"KN294571v1","41317","41450","chr4","39085643","39085778","8","39044326"
"KN294571v1","41676","41802","chr4","39086011","39086139","13","39044335"
"KN294571v1","44854","44975","chr4","39089272","39089393","11","39044418"
"KN294571v1","125738","126024","chr21","28381323","28381600","61","28255585"
"KN294571v1","143996","144098","chr16","58649961","58650069","24","58505965"
"KN294571v1","154795","155090","chr12","52967815","52968111","59","52813020"
"KN294571v1","257462","257742","chr19","17650068","17650349","59","17392606"
"KN294571v1","303666","303808","chr1","134169571","134169712","27","133865905"
"KN294571v1","346579","346660","chr1","60768007","60768091","14","60421428"
"KN294571v1","346687","346807","chr4","39372324","39372446","8","39025637"
"KN294571v1","346808","346897","chr20","62843435","62843507","32","62496627"
"KN294571v1","357968","358260","chrX","6681885","6682168","78","6323917"
"KN294571v1","381468","381546","chr20","40188982","40189063","19","39807514"
"KN294571v1","393423","393543","chr4","39416780","39416900","12","39023357"
"KN294571v1","394167","394283","chr7","36336575","36336680","38","35942408"
"KN294571v1","398542","398760","chr5","32130635","32130854","39","31732093"
"KN294571v1","411683","411964","chr4","39427507","39427796","28","39015824"
"KN294571v1","421301","421593","chr18","1396135","1396421","70","974834"
"KN294571v1","422300","422581","chr1","210240148","210240429","63","209817848"
"KN294571v1","453386","453648","chr4","39482818","39483108","48","39029432"
"KN294571v1","454979","455192","chr4","39484433","39484644","15","39029454"
"KN294571v1","501150","501272","chr6","101384983","101385106","18","100883833"
"KN294571v1","519184","519456","chr4","39557021","39557304","26","39037837"
"KN294571v1","527100","527380","chr3","152830582","152830847","76","152303482"
"KN294571v1","537915","538115","chr8","146746743","146746917","65","146208828"
"KN294571v1","550724","551020","chr4","39587812","39588133","58","39037088"
"KN294571v1","572320","572615","chr3","40917026","40917321","68","40344706"
"KN294571v1","589067","589188","chr6","30972658","30972778","19","30383591"
"KN294571v1","597554","597697","chr4","39633199","39633350","29","39035645"
"KN294571v1","598038","598163","chr4","39633636","39633760","7","39035598"
"KN294571v1","604509","604815","chr4","39638750","39639054","20","39034241"
"KN294571v1","619402","619743","chr5","49161185","49161510","87","48541783"
"KN294571v1","627959","628201","chr20","62681551","62681781","58","62053592"
"KN294571v1","646646","646941","chr4","39676364","39676649","32","39029718"
"KN294571v1","657158","657452","chr4","39686987","39687290","23","39029829"
"KN294571v1","672848","673144","chr5","42777038","42777327","65","42104190"
"KN294571v1","676448","676713","chr4","39708019","39708284","19","39031571"
"KN294571v1","685487","685782","chr5","122108709","122109000","68","121423222"
"KN294571v1","771221","771379","chr7","76164027","76164190","39","75392806"
"KN294571v1","771687","771810","chr16","24980733","24980855","40","24209046"
"KN294571v1","776987","777292","chr4","39781325","39781627","35","39004338"
"KN294571v1","827881","828178","chr4","39825548","39825846","23","38997667"
"KN294571v1","831193","831331","chr1","842842","842975","22","11649"
"KN294571v1","870541","870834","chr5","28492135","28492426","58","27621594"
"KN294571v1","872114","872418","chr4","39874118","39874389","51","39002004"
"KN294571v1","937393","937631","chr4","39950853","39951087","23","39013460"
"KN294571v1","958918","959184","chr4","39972853","39973125","32","39013935"
"KN294571v1","1004390","1004530","chr4","44484687","44484820","20","43480297"
"KN294571v1","1057356","1057569","chr1","9493609","9493824","52","8436253"
"KN294571v1","1177238","1177364","chr12","131633714","131633837","15","130456476"
"KN294571v1","1332764","1333055","chr4","40365553","40365859","41","39032789"
"KN294571v1","1358391","1358563","chr4","40393088","40393257","19","39034697"
"KN294571v1","1358857","1358982","chr12","122318210","122318342","25","120959353"
"KN294571v1","1385223","1385481","chr4","40420408","40420666","19","39035185"
"KN294571v1","1403227","1403346","chr4","40436099","40436218","9","39032872"
"KN294571v1","1459001","1459129","chr8","145971126","145971256","23","144512125"
"KN294571v1","1522697","1522959","chr4","40549334","40549598","21","39026637"
"KN294571v1","1525041","1525172","chr1","57187824","57187960","27","55662783"
"KN294571v1","1554067","1554378","chr4","40588956","40589265","29","39034889"
"KN294571v1","1575628","1575723","chr2B","125969910","125970008","22","124394282"
"KN294571v1","1621551","1621865","chr4","40655424","40655736","32","39033873"
"KN294571v1","1690383","1690684","chr4","40720352","40720648","23","39029969"
"KN294571v1","1698569","1698695","chr1","102644113","102644241","21","100945544"
"KN294571v1","1742970","1743280","chr4","40772542","40772856","25","39029572"
"KN294571v1","1772336","1772613","chr4","40800165","40800473","60","39027829"
"KN294571v1","1793149","1793426","chr4","40821039","40821315","20","39027890"
"KN294571v1","1816723","1816972","chr4","40844660","40844932","44","39027937"
"KN294571v1","1831004","1831140","chr4","40859192","40859315","24","39028188"
"KN294571v1","1900780","1901062","chrX","16638875","16639156","61","14738095"
"KN294571v1","1908380","1908669","chr4","40936752","40937032","20","39028372"
"KN294571v1","1984612","1984943","chr4","41020725","41021062","29","39036113"
"KN294571v1","2010171","2010426","chr4","41047771","41048026","17","39037600"
"KN294571v1","2048399","2048533","chr4","41094511","41094646","6","39046112"
"KN294571v1","2059873","2060163","chr4","41112562","41112852","18","39052689"
"KN294571v1","2113716","2114011","chr4","41167118","41167420","41","39053402"
"KN294571v1","2244408","2244532","chr6","7246425","7246547","20","5002017"
"KN294571v1","2347054","2347183","chr4","41394170","41394300","11","39047116"
"KN294571v1","2417220","2417495","chr4","41463427","41463717","34","39046207"
"KN294571v1","2492947","2493076","chr4","41557704","41557835","7","39064757"
"KN294571v1","2506273","2506577","chr4","41570961","41571266","19","39064688"
"KN294571v1","2570762","2570994","chrX","46414733","46414965","47","43843971"
"KN294571v1","2777973","2778263","chr4","41837262","41837555","23","39059289"
"KN294571v1","2802291","2802567","chr4","41860646","41860946","49","39058355"
"KN294571v1","2894673","2894796","chr4","41961268","41961392","9","39066595"
"KN294573v1","175541","175855","chr5","36858616","36858927","73","36683075"
"KN294573v1","191345","191472","chr7","63848308","63848431","25","63656963"
"KN294573v1","191771","191952","chr10","25297975","25298153","48","25106204"
"KN294574v1","23390","23671","chr11","113770221","113770512","57","113746831"
"KN294578v1","5212","5493","chr1","189525321","189525592","24","189520109"
"KN294578v1","26081","26312","chr1","189544266","189544504","17","189518185"
"KN294578v1","449034","449159","chr14","58945348","58945472","18","58496314"
"KN294578v1","466335","466624","chr19","32335234","32335513","61","31868899"
"KN294578v1","511677","511962","chr1","190042797","190043101","33","189531120"
"KN294578v1","513528","513654","chr1","190044495","190044612","16","189530967"
"KN294578v1","549457","549584","chr1","190083784","190083914","6","189534327"
"KN294578v1","555142","555445","chr1","190089506","190089810","33","189534364"
"KN294578v1","565438","565748","chr1","51616687","51616997","59","51051249"
"KN294578v1","688280","688409","chr1","190203480","190203604","13","189515200"
"KN294578v1","769345","769479","chr5","19539303","19539435","21","18769958"
"KN294578v1","771582","771877","chr1","190281020","190281320","35","189509438"
"KN294581v1","53929","54203","chr17","33610081","33610348","28","33556152"
"KN294581v1","139202","139502","chr6","17206427","17206727","51","17067225"
"KN294581v1","210867","211001","chr1","139304076","139304211","22","139093209"
"KN294581v1","228716","228979","chr17","33437832","33438111","26","33209116"
"KN294581v1","270305","270588","chr17","33393587","33393865","23","33123282"
"KN294581v1","293999","294128","chr6","45285768","45285899","14","44991769"
"KN294581v1","294463","294753","chr17","33375041","33375325","22","33080578"
"KN294581v1","296264","296389","chr12","101272876","101273000","22","100976612"
"KN294581v1","296671","296952","chr5","26162320","26162606","56","25865649"
"KN294581v1","302870","303156","chr17","33369426","33369722","29","33066556"
"KN294581v1","347846","347960","chr17","33323829","33323943","7","32975983"
"KN294581v1","358306","358611","chr12","110010286","110010585","59","109651980"
"KN294581v1","403035","403186","chr11","74113469","74113620","37","73710434"
"KN294581v1","536760","537062","chr3","59418046","59418351","63","58881286"
"KN294581v1","562253","562570","chr17","33117888","33118202","36","32555635"
"KN294582v1","46190","46502","chr6","129651094","129651371","55","129604904"
"KN294583v1","100033","100152","chr5","17939274","17939398","24","17839241"
"KN294583v1","165940","166061","chr10","29344134","29344254","9","29178194"
"KN294583v1","194932","195056","chr10","29382783","29382907","10","29187851"
"KN294583v1","228815","228943","chr10","29421025","29421154","8","29192210"
"KN294583v1","238738","239032","chr10","29431732","29432028","25","29192994"
"KN294583v1","247311","247582","chr10","29439624","29439899","22","29192313"
"KN294583v1","274914","275223","chr10","29467705","29468012","33","29192791"
"KN294583v1","294741","295016","chr10","29486895","29487184","34","29192154"
"KN294583v1","295028","295332","chr10","29487195","29487507","29","29192167"
"KN294585v1","44457","44602","chr15","51262284","51262419","22","51217827"
"KN294585v1","44635","44763","chr5","3081642","3081784","44","3037007"
"KN294585v1","60596","60802","chr11","117003950","117004166","68","116943354"
"KN294585v1","61184","61468","chr15","51226884","51227180","24","51165700"
"KN294585v1","124789","125091","chr15","51161516","51161826","27","51036727"
"KN294588v1","385810","386108","chr19","46797301","46797609","55","46411491"
"KN294588v1","606506","606684","chr20","52841540","52841715","38","52235034"
"KN294588v1","606991","607123","chr4","39964539","39964673","21","39357548"
"KN294588v1","643469","643742","chr18","33811116","33811423","53","33167647"
"KN294588v1","735810","736111","chr18","33885008","33885308","24","33149198"
"KN294588v1","843735","843865","chr18","33990312","33990442","11","33146577"
"KN294588v1","1047548","1047806","chr18","34199395","34199653","19","33151847"
"KN294588v1","1063325","1063574","chrX","40658157","40658406","55","39594832"
"KN294588v1","1094266","1094390","chr18","34245767","34245891","6","33151501"
"KN294588v1","1130272","1130528","chr1","215308654","215308915","56","214178382"
"KN294588v1","1600492","1600793","chr16","78223728","78224017","72","76623236"
"KN294588v1","2061856","2062146","chr18","35211731","35212024","28","33149875"
"KN294588v1","2112152","2112449","chr18","35262333","35262633","24","33150181"
"KN294588v1","2390448","2390767","chr18","35540422","35540752","42","33149974"
"KN294591v1","10577","10698","chr14","9656485","9656619","21","9645908"
"KN294591v1","61120","61414","chr14","9698111","9698409","28","9636991"
"KN294591v1","85673","85959","chr14","9716632","9716920","28","9630959"
"KN294591v1","89666","89943","chr8","74746167","74746450","60","74656501"
"KN294591v1","108021","108148","chr14","9740012","9740142","11","9631991"
"KN294591v1","195364","195470","chr14","9820080","9820178","13","9624716"
"KN294591v1","226204","226475","chr1","37858473","37858748","55","37632269"
"KN294591v1","282840","282930","chr11","58812938","58813029","22","58530098"
"KN294591v1","305362","305663","chr2A","80669113","80669409","55","80363751"
"KN294591v1","328207","328494","chr14","9947540","9947846","39","9619333"
"KN294591v1","332478","332608","chr1","32748533","32748664","22","32416055"
"KN294591v1","402527","402841","chr14","10013037","10013355","22","9610510"
"KN294591v1","435443","435753","chr8","20956192","20956503","58","20520749"
"KN294591v1","492577","492890","chr1","150095041","150095348","65","149602464"
"KN294591v1","497332","497639","chr14","10105716","10105966","67","9608384"
"KN294591v1","502802","503038","chr3","121133296","121133527","60","120630494"
"KN294591v1","540721","540853","chr16","47168681","47168811","25","46627960"
"KN294591v1","583807","583929","chr14","10200030","10200149","11","9616223"
"KN294592v1","6802","6945","chr5","40336447","40336585","14","40329645"
"KN294592v1","7516","7541","chr4","101060055","101060073","12","101052539"
"KN294592v1","119621","119903","chr19","17650068","17650349","61","17530447"
"KN294592v1","132677","132801","chr5","40456047","40456176","13","40323370"
"KN294592v1","151144","151307","chr5","116306172","116306338","29","116155028"
"KN294592v1","161476","161664","chr12","120815326","120815513","40","120653850"
"KN294592v1","161962","162079","chr7","45249634","45249751","23","45087672"
"KN294592v1","181158","181444","chr5","40499105","40499412","37","40317947"
"KN294592v1","199946","200260","chr4","6615194","6615493","63","6415248"
"KN294592v1","207726","208010","chr5","40526272","40526571","40","40318546"
"KN294592v1","230973","231273","chr5","40551223","40551527","32","40320250"
"KN294592v1","245482","245754","chr5","40565112","40565379","43","40319630"
"KN294592v1","258932","259113","chr19","16867061","16867232","43","16608129"
"KN294592v1","259425","259564","chr5","50846735","50846876","21","50587310"
"KN294592v1","292129","292395","chr3","16515930","16516192","60","16223801"
"KN294592v1","338099","338408","chr2A","73665192","73665502","61","73327093"
"KN294592v1","357628","357764","chr5","40678429","40678564","9","40320801"
"KN294592v1","449525","449708","chr5","40768868","40769056","19","40319343"
"KN294592v1","469330","469599","chr5","55902007","55902277","62","55432677"
"KN294592v1","574378","574485","chr5","40897509","40897616","8","40323131"
"KN294592v1","575197","575550","chr1","40232816","40233134","92","39657619"
"KN294592v1","585796","585927","chr5","40907818","40907949","3","40322022"
"KN294592v1","620164","620300","chr4","17044751","17044884","22","16424587"
"KN294592v1","646611","646922","chr5","40971438","40971749","18","40324827"
"KN294592v1","666301","666583","chr5","40990623","40990905","18","40324322"
"KN294592v1","667095","667216","chr5","40991406","40991528","10","40324311"
"KN294592v1","716991","717167","chr1","27181991","27182170","58","26465000"
"KN294592v1","717467","717614","chr8","9732985","9733123","27","9015518"
"KN294592v1","742676","742862","chr19","57469412","57469586","55","56726736"
"KN294592v1","742892","743049","chr3","10511993","10512158","41","9769101"
"KN294592v1","746243","746511","chr5","41065199","41065462","21","40318956"
"KN294592v1","751807","752130","chr5","41070846","41071157","41","40319039"
"KN294592v1","775097","775255","chr15","68687281","68687441","29","67912184"
"KN294592v1","775281","775399","chr8","45474928","45475045","20","44699647"
"KN294592v1","833652","833945","chr5","41156690","41157006","44","40323038"
"KN294592v1","837062","837389","chrX","44902722","44903050","63","44065660"
"KN294592v1","863973","864096","chr5","41191290","41191420","13","40327317"
"KN294592v1","877167","877437","chr5","41203631","41203926","41","40326464"
"KN294592v1","924331","924452","chr8","29189140","29189262","15","28264809"
"KN294592v1","940248","940369","chr11","3377147","3377267","13","2436899"
"KN294592v1","975724","976021","chr5","41303038","41303339","25","40327314"
"KN294592v1","997448","997586","chr5","41327799","41327936","7","40330351"
"KN294592v1","1000919","1001185","chr12","116140305","116140567","68","115139386"
"KN294592v1","1029072","1029401","chr5","41364733","41365057","37","40335661"
"KN294592v1","1121503","1121801","chr11","13060844","13061129","64","11939341"
"KN294592v1","1123325","1123424","chr1","52610810","52610906","33","51487485"
"KN294592v1","1131885","1132019","chr2B","23302471","23302603","30","22170586"
"KN294592v1","1160929","1161063","chr5","41492942","41493075","7","40332013"
"KN294592v1","1191860","1192161","chr5","41523124","41523423","18","40331264"
"KN294592v1","1193556","1193787","chr5","41524422","41524676","35","40330866"
"KN294592v1","1209239","1209507","chr1","53200905","53201179","63","51991666"
"KN294592v1","1259624","1259916","chr19","372518","372820","57","887106"
"KN294592v1","1280894","1281194","chr12","32038479","32038774","49","30757585"
"KN294592v1","1308244","1308539","chr12","130977041","130977340","59","129668797"
"KN294592v1","1311527","1311805","chr5","41642293","41642570","25","40330766"
"KN294592v1","1346049","1346173","chr3","144616756","144616881","40","143270707"
"KN294592v1","1346486","1346619","chr5","41681401","41681536","13","40334915"
"KN294592v1","1376814","1376838","chr18","52279449","52279473","7","50902635"
"KN294592v1","1377149","1377379","chr5","119024463","119024698","75","117647314"
"KN294592v1","1396209","1396498","chr5","41733366","41733657","34","40337157"
"KN294592v1","1432119","1432437","chr5","41773428","41773741","33","40341309"
"KN294596v1","120123","120250","chr11","28577211","28577347","11","28457088"
"KN294596v1","504103","504380","chr11","28207685","28207970","21","27703582"
"KN294598v1","100951","101088","chr1","177794781","177794914","23","177693830"
"KN294598v1","101400","101480","chr1","10319370","10319456","24","10217970"
"KN294598v1","205365","205646","chr10","25391401","25391690","57","25186036"
"KN294598v1","230025","230204","chr8","146746743","146746917","63","146516718"
"KN294598v1","327065","327349","chr11","1162635","1162912","29","835570"
"KN294599v1","268422","268587","chr6","150358606","150358768","8","150090184"
"KN294599v1","271423","271701","chr6","150355504","150355783","19","150084081"
"KN294599v1","472980","473269","chr6","150158630","150158930","32","149685650"
"KN294599v1","941085","941283","chr5","33465463","33465651","49","32524378"
"KN294603v1","151202","151436","chr1","31006121","31006347","30","30854919"
"KN294604v1","35717","35989","chr3","49637606","49637877","65","49601889"
"KN294604v1","228790","229067","chr2A","69557625","69557925","47","69328835"
"KN294604v1","251967","252272","chr2A","69526359","69526654","36","69274392"
"KN294604v1","365142","365449","chr5","38811586","38811892","58","38446444"
"KN294604v1","382256","382555","chr16","14785544","14785843","54","14403288"
"KN294604v1","490786","490910","chr3","48552916","48553039","18","48062130"
"KN294604v1","576626","576765","chr2A","69183494","69183633","9","68606868"
"KN294607v1","67911","68086","chr14","44628605","44628777","41","44560694"
"KN294611v1","60279","60400","chrX","55865890","55866006","10","55805611"
"KN294613v1","79321","79580","chr1","214031326","214031559","76","213952005"
"KN294613v1","80573","80594","chr17","17129835","17129854","6","17049262"
"KN294613v1","87038","87324","chr6","37455128","37455405","61","37368090"
"KN294613v1","101577","101864","chr16","30261759","30262046","28","30160182"
"KN294613v1","106014","106238","chr4","181481972","181482192","56","181375958"
"KN294613v1","107282","107392","chr16","30255923","30256032","6","30148641"
"KN294613v1","188564","188849","chr16","30181268","30181540","34","29992704"
"KN294613v1","256357","256490","chr16","30113084","30113217","7","29856727"
"KN294613v1","256786","256848","chr17","2408989","2409047","14","2152203"
"KN294613v1","284316","284458","chr16","30089988","30090111","22","29805672"
"KN294613v1","285318","285457","chr16","30089009","30089148","11","29803691"
"KN294613v1","290614","290758","chr7","148208827","148208966","24","147918213"
"KN294613v1","296213","296343","chr1","43109976","43110110","16","42813763"
"KN294613v1","310415","310671","chr5","32754236","32754465","65","32443821"
"KN294613v1","311273","311382","chr6","42897287","42897383","30","42586014"
"KN294613v1","338866","339156","chr16","30029561","30029852","22","29690695"
"KN294613v1","357265","357577","chr16","30013454","30013762","26","29656189"
"KN294613v1","380683","380803","chr16","29991193","29991313","7","29610510"
"KN294613v1","443363","443483","chr16","29926686","29926802","24","29483323"
"KN294613v1","448662","448939","chr16","29921288","29921565","23","29472626"
"KN294613v1","465462","465747","chr11","72636892","72637182","56","72171430"
"KN294613v1","469170","469456","chr16","29901848","29902121","28","29432678"
"KN294613v1","511286","511425","chr16","29840205","29840342","14","29328919"
"KN294613v1","511726","511779","chr16","29839821","29839875","2","29328095"
"KN294613v1","520955","521095","chr16","29829833","29829968","9","29308878"
"KN294613v1","524346","524369","chrX","151124548","151124570","9","150600202"
"KN294613v1","528446","528730","chr10","139764527","139764807","64","139236081"
"KN294613v1","539381","539693","chr2B","239285","239598","57","300096"
"KN294613v1","544494","544750","chr16","29812580","29812855","41","29268086"
"KN294613v1","553568","553890","chr1","152918162","152918482","68","152364594"
"KN294613v1","560934","561198","chr16","29794152","29794431","39","29233218"
"KN294613v1","564672","564842","chr16","29788009","29788175","16","29223337"
"KN294613v1","565138","565217","chr16","29787627","29787706","6","29222489"
"KN294613v1","569384","569456","chr6","92716963","92717036","17","92147579"
"KN294613v1","571502","571776","chrX","894619","894911","39","323117"
"KN294613v1","575359","575492","chr1","43109976","43110110","19","42534617"
"KN294613v1","581425","581718","chr16","30451084","30451392","36","29869659"
"KN294613v1","585526","585661","chr9","52099590","52099722","25","51514064"
"KN294613v1","625047","625197","chr16","30494800","30494965","28","29869753"
"KN294613v1","645454","645715","chr16","30516336","30516623","40","29870882"
"KN294613v1","664546","664692","chr10","199438","199568","35","465108"
"KN294613v1","673281","673473","chrUn_CABD030133134v1","126","313","45","673155"
"KN294613v1","702550","702686","chrX","101042649","101042786","22","100340099"
"KN294613v1","722378","722606","chr16","30589559","30589793","17","29867181"
"KN294613v1","749270","749437","chr3","11999046","11999221","47","11249776"
"KN294613v1","749735","749853","chr3","52321582","52321704","23","51571847"
"KN294614v1","80826","81091","chr8","40672875","40673144","30","40592049"
"KN294614v1","589392","589483","chr16","29787627","29787706","26","29198235"
"KN294614v1","674063","674371","chr8","40077121","40077426","27","39403058"
"KN294614v1","738994","739282","chr8","39999010","39999282","40","39260016"
"KN294614v1","743008","743126","chr20","36035124","36035245","19","35292116"
"KN294614v1","789303","789607","chr16","19504830","19505143","72","18715527"
"KN294614v1","790945","791065","chr8","39963656","39963771","10","39172711"
"KN294614v1","819872","820157","chr1","19513839","19514136","60","18693967"
"KN294614v1","1220794","1221027","chr8","39540581","39540811","23","38319787"
"KN294614v1","1259382","1259716","chr8","39501643","39501976","36","38242261"
"KN294614v1","1303836","1304127","chr8","39471076","39471393","56","38167240"
"KN294618v1","29306","29543","chr7","57587607","57587851","36","57558301"
"KN294618v1","53785","53974","chr11","50044958","50045168","39","49991173"
"KN294618v1","59680","60015","chr11","50061236","50061557","45","50001556"
"KN294618v1","93519","93649","chr4","130334496","130334626","11","130240977"
"KN294619v1","60865","61261","chr11","18948656","18949032","64","18887791"
"KN294619v1","165126","165422","chr11","19062339","19062644","23","18897213"
"KN294619v1","229569","229832","chr11","19126904","19127170","20","18897335"
"KN294619v1","495913","496033","chr11","19392517","19392639","16","18896604"
"KN294619v1","516785","517103","chr11","19413630","19413944","26","18896845"
"KN294619v1","755165","755444","chr11","19684476","19684790","59","18929311"
"KN294619v1","883906","884194","chr11","19814436","19814739","27","18930530"
"KN294619v1","938640","938902","chr9","67995624","67995905","66","67056984"
"KN294619v1","1343918","1344255","chr6","32169761","32170066","86","30825843"
"KN294619v1","1426129","1426426","chr12","14380550","14380848","62","12954421"
"KN294619v1","1501136","1501441","chr11","20414063","20414365","35","18912927"
"KN294619v1","1512596","1512925","chr11","20423312","20423622","39","18910716"
"KN294619v1","1544894","1545173","chr11","20449474","20449756","18","18904580"
"KN294619v1","1655481","1655770","chr11","20569403","20569684","32","18913922"
"KN294619v1","1664130","1664268","chr11","20577762","20577901","16","18913632"
"KN294620v1","33320","33608","chrX","139330406","139330700","21","139297086"
"KN294626v1","9186","9374","chr19","3490606","3490808","61","3481420"
"KN294627v1","170523","170783","chrX","155149994","155150258","70","154979471"
"KN294627v1","183802","184067","chr2B","68280171","68280437","57","68096369"
"KN294627v1","514439","514562","chr7","35082091","35082215","14","34567652"
"KN294627v1","555061","555232","chr7","35119489","35119662","8","34564428"
"KN294629v1","2237","2539","chrX","110009624","110009932","25","110007387"
"KN294629v1","30974","31270","chrX","110037084","110037381","23","110006110"
"KN294629v1","139351","139475","chr1","180665800","180665923","20","180526449"
"KN294629v1","143171","143293","chrX","110144901","110145035","17","110001730"
"KN294629v1","143294","143581","chr1","95429024","95429317","75","95285730"
"KN294629v1","273118","273241","chrX","110274700","110274823","5","110001582"
"KN294630v1","7791","8070","chr16","40944306","40944590","62","40936515"
"KN294630v1","14319","14632","chr13","91603709","91604016","51","91589390"
"KN294630v1","26300","26420","chr16","64819462","64819582","17","64793162"
"KN294630v1","85810","86090","chr7","79411464","79411742","24","79325654"
"KN294630v1","109465","109752","chr7","78859724","78859999","54","78750259"
"KN294630v1","121282","121580","chr7","79448037","79448343","29","79326755"
"KN294630v1","148442","148579","chr20","1084230","1084363","20","935788"
"KN294630v1","170426","170730","chr7","79495897","79496189","32","79325471"
"KN294630v1","192001","192306","chr7","79515697","79516018","54","79323696"
"KN294630v1","198468","198750","chr7","79523215","79523500","17","79324747"
"KN294630v1","231170","231457","chr11","32284696","32284987","62","32053526"
"KN294630v1","233487","233771","chr7","79558635","79558945","48","79325148"
"KN294630v1","244065","244355","chr7","79568769","79569060","20","79324704"
"KN294630v1","245733","245975","chr20","1178203","1178450","60","932470"
"KN294630v1","252592","252871","chr7","79573795","79574060","34","79321203"
"KN294630v1","271186","271483","chr7","79592244","79592550","30","79321058"
"KN294630v1","311948","312257","chr7","72179457","72179751","54","71867509"
"KN294630v1","313947","314250","chr3","48421840","48422144","60","48107893"
"KN294630v1","326368","326486","chr7","79651232","79651352","15","79324864"
"KN294630v1","327352","327653","chr19","41780944","41781237","59","41453592"
"KN294630v1","333734","334042","chr7","79659944","79660246","26","79326210"
"KN294630v1","335557","335879","chr7","79661445","79661756","38","79325888"
"KN294630v1","340055","340350","chr7","79663489","79663784","24","79323434"
"KN294630v1","345516","345819","chr7","79669393","79669692","28","79323877"
"KN294630v1","365276","365419","chr8","137043805","137043955","11","136678529"
"KN294630v1","372793","373131","chr7","79695352","79695670","44","79322559"
"KN294630v1","383007","383281","chr7","3996860","3997127","62","3613853"
"KN294630v1","385342","385475","chr3","26339940","26340072","17","25954598"
"KN294630v1","385479","385776","chr8","90581332","90581626","60","90195853"
"KN294630v1","395032","395326","chr14","74216396","74216695","65","73821364"
"KN294630v1","435940","436059","chr19","49290573","49290682","29","48854633"
"KN294630v1","464319","464419","chr14","9820080","9820178","29","9355761"
"KN294630v1","469347","469474","chr7","79791363","79791489","9","79322016"
"KN294630v1","483239","483539","chr10","102286684","102286989","51","101803445"
"KN294630v1","497890","498010","chr1","140858330","140858451","19","140360440"
"KN294630v1","512613","512934","chr7","79834069","79834390","24","79321456"
"KN294630v1","520408","520421","chr19","8415777","8415789","3","7895369"
"KN294630v1","520751","520847","chr1","200768136","200768233","16","200247385"
"KN294630v1","525130","525441","chr15","1796872","1797178","60","1271742"
"KN294630v1","574959","575076","chr11","75922988","75923104","19","75348029"
"KN294630v1","609786","610070","chr7","79930963","79931248","28","79321177"
"KN294630v1","682149","682240","chr17","13348951","13349046","22","12666802"
"KN294630v1","704698","704836","chr21","5730121","5730253","19","5025423"
"KN294630v1","705178","705460","chr7","80026702","80027006","46","79321524"
"KN294630v1","706462","706760","chr7","80028008","80028314","22","79321546"
"KN294630v1","708123","708432","chr7","80029636","80029951","27","79321513"
"KN294630v1","709699","709942","chr4","121786886","121787109","71","121077187"
"KN294630v1","712063","712316","chr7","77940136","77940382","52","77228073"
"KN294630v1","717956","718293","chr9","11892912","11893227","74","11174956"
"KN294630v1","734364","734514","chr19","3020387","3020528","38","2286023"
"KN294630v1","735116","735285","chr5","121595120","121595294","43","120860004"
"KN294630v1","737072","737350","chr7","80056808","80057082","25","79319736"
"KN294630v1","763124","763404","chr7","80080305","80080602","41","79317181"
"KN294630v1","775709","775751","chr10","111717717","111717756","9","110942008"
"KN294630v1","775788","775872","chr3","59142582","59142662","23","58366794"
"KN294630v1","775899","776023","chr7","80098292","80098421","14","79322393"
"KN294630v1","778880","778907","chr3","116490935","116490960","7","115712055"
"KN294630v1","779518","779657","chr5","58958060","58958184","33","58178542"
"KN294633v1","64084","64224","chr12","25236149","25236293","30","25172065"
"KN294633v1","68857","69143","chr8","59616355","59616650","61","59547498"
"KN294633v1","92867","93006","chr10","134719766","134719899","20","134626899"
"KN294633v1","116303","116451","chr15","18727654","18727794","23","18611351"
"KN294633v1","116715","116839","chr15","18728048","18728173","5","18611333"
"KN294633v1","129656","129939","chr15","18735626","18735914","20","18605970"
"KN294633v1","169382","169570","chr15","18767847","18768020","33","18598465"
"KN294633v1","171543","171849","chr20","45903423","45903732","49","45731880"
"KN294633v1","174103","174388","chr15","18772110","18772401","25","18598007"
"KN294633v1","180357","180652","chr12","32038479","32038774","52","31858122"
"KN294633v1","182198","182509","chr18","18500044","18500349","65","18317846"
"KN294633v1","208603","208945","chr15","18799148","18799492","32","18590545"
"KN294633v1","210173","210294","chr4","94248109","94248235","16","94037936"
"KN294633v1","226167","226483","chr6","32169761","32170066","60","31943594"
"KN294633v1","255007","255302","chr2B","109134915","109135207","66","108879908"
"KN294634v1","220261","220459","chr18","925116","925305","64","704855"
"KN294634v1","346071","346401","chr9","47324623","47324928","44","46978552"
"KN294634v1","409662","409926","chr17","8279695","8279956","53","7870033"
"KN294638v1","20118","20407","chr14","74216396","74216695","78","74196278"
"KN294638v1","426467","426764","chr10","116928358","116928650","60","116501891"
"KN294638v1","435974","436287","chr8","38548004","38548296","32","38112030"
"KN294640v1","18327","18449","chr16","64144017","64144138","20","64125690"
"KN294644v1","13105","13245","chr5","144359884","144360037","23","144346779"
"KN294644v1","202371","202678","chr22","28824316","28824614","73","28621945"
"KN294644v1","376054","376065","chr1","58828292","58828304","1","58452238"
"KN294644v1","376500","376716","chr5","144742871","144743081","20","144366371"
"KN294644v1","433927","434228","chr5","144806065","144806369","33","144372138"
"KN294644v1","473977","474283","chr5","144837743","144838070","52","144363766"
"KN294644v1","683049","683363","chr5","145025476","145025801","42","144342427"
"KN294644v1","1087428","1087588","chr5","145484913","145485079","28","144397485"
"KN294644v1","1103469","1103770","chr5","145502463","145502763","18","144398994"
"KN294644v1","1395713","1396010","chr5","145773767","145774067","32","144378054"
"KN294647v1","78454","78787","chr4","139950594","139950925","17","139872140"
"KN294647v1","80138","80373","chr4","72914177","72914401","52","72834039"
"KN294647v1","159129","159400","chr4","140007821","140008095","20","139848692"
"KN294647v1","165633","165772","chr8","9732985","9733123","29","9567352"
"KN294647v1","186132","186304","chr4","140041969","140042129","20","139855837"
"KN294647v1","205008","205095","chr2A","63115607","63115694","20","62910599"
"KN294650v1","10459","10736","chr9","45089753","45090058","50","45079294"
"KN294650v1","25851","26147","chr5","52104388","52104696","63","52078537"
"KN294650v1","30515","30619","chr9","45109983","45110087","6","45079468"
"KN294650v1","81633","81906","chr9","68508221","68508504","70","68426588"
"KN294650v1","89213","89538","chr9","45174062","45174398","56","45084849"
"KN294650v1","112397","112679","chrX","154088871","154089156","64","153976474"
"KN294650v1","121672","121792","chr9","45209926","45210046","9","45088254"
"KN294650v1","136479","136780","chr9","45222433","45222746","40","45085954"
"KN294650v1","142269","142378","chr19","4432367","4432474","23","4290098"
"KN294650v1","142419","142587","chr3","10511993","10512158","33","10369574"
"KN294650v1","173550","173856","chr9","45257289","45257597","32","45083739"
"KN294650v1","193743","194019","chr9","45278998","45279285","24","45085255"
"KN294650v1","199249","199536","chr9","45285064","45285350","30","45085815"
"KN294650v1","248371","248660","chr9","45335203","45335475","37","45086832"
"KN294650v1","277279","277566","chr9","45374234","45374520","19","45096955"
"KN294650v1","403695","403817","chr6","157473716","157473838","17","157070021"
"KN294650v1","410426","410559","chr9","45526695","45526831","12","45116269"
"KN294650v1","447253","447383","chr1","9431952","9432081","24","8984699"
"KN294650v1","753682","753994","chr6","137710200","137710501","71","136956518"
"KN294650v1","1015142","1015462","chr4","6615194","6615493","76","5600052"
"KN294650v1","1531905","1532212","chr9","46567329","46567648","33","45035424"
"KN294650v1","1748521","1748805","chr14","48214638","48214923","78","46466117"
"KN294657v1","36444","36735","chr4","182488307","182488590","55","182451863"
"KN294657v1","43491","43743","chr9","34749546","34749797","20","34706055"
"KN294657v1","70424","70550","chr9","34779137","34779252","17","34708713"
"KN294657v1","162940","163230","chr19","3562925","3563217","62","3399985"
"KN294662v1","122244","122542","chr7","85742018","85742319","21","85619774"
"KN294662v1","235963","236086","chr7","85631111","85631229","7","85395148"
"KN294662v1","267646","267943","chr7","85613746","85614044","22","85346100"
"KN294662v1","277823","278009","chr9","112396874","112397068","37","112119051"
"KN294662v1","278315","278462","chr7","85600538","85600664","25","85322223"
"KN294662v1","457080","457382","chr16","75461413","75461707","49","75004333"
"KN294662v1","470711","471013","chr7","85409309","85409610","16","84938598"
"KN294662v1","568828","568954","chr7","85325670","85325800","13","84756842"
"KN294665v1","145705","145989","chr14","87312887","87313170","53","87167182"
"KN294665v1","188075","188141","chrX","12661653","12661722","10","12473578"
"KN294665v1","196547","196703","chr12","67517686","67517835","38","67321139"
"KN294668v1","140774","141085","chr8","22392771","22393079","64","22251997"
"KN294668v1","1144546","1144665","chr3","36400288","36400418","17","35255742"
"KN294668v1","1563820","1564092","chr3","36852277","36852548","25","35288457"
"KN294668v1","1849237","1849520","chr3","37175286","37175564","27","35326049"
"KN294668v1","2010436","2010567","chr4","17044751","17044884","18","15034315"
"KN294668v1","2028647","2028762","chr3","189964577","189964705","28","187935930"
"KN294668v1","2096919","2097022","chr3","190046959","190047060","6","187950040"
"KN294668v1","2119545","2119846","chr3","190086193","190086484","28","187966648"
"KN294668v1","2300081","2300374","chr20","32066370","32066668","59","29766289"
"KN294668v1","2351500","2351784","chr3","190318467","190318763","31","187966967"
"KN294668v1","2398039","2398158","chr3","190375195","190375318","14","187977156"
"KN294668v1","2536676","2536989","chr12","43841977","43842288","65","41305301"
"KN294668v1","2632434","2632677","chr16","25550680","25550916","57","22918246"
"KN294668v1","2632776","2632786","chr3","39022422","39022433","3","36389646"
"KN294668v1","2913594","2913899","chr7","23688265","23688570","73","20774671"
"KN294668v1","3003447","3003733","chr3","191000609","191000907","58","187997162"
"KN294668v1","3217134","3217466","chr1","158391015","158391336","75","155173881"
"KN294668v1","3380090","3380383","chr3","191412221","191412513","19","188032131"
"KN294668v1","3409830","3409962","chr19","52525918","52526048","18","49116088"
"KN294668v1","3433774","3433909","chr3","191468000","191468133","11","188034226"
"KN294668v1","3492303","3492585","chr3","191534384","191534661","20","188042081"
"KN294668v1","3502587","3502890","chr3","191544493","191544791","25","188041906"
"KN294668v1","3508962","3509288","chr17","21863374","21863644","104","18354412"
"KN294668v1","3658608","3658890","chr3","191704508","191704800","31","188045900"
"KN294668v1","3938407","3938728","chr3","191998103","191998407","38","188059696"
"KN294668v1","3970680","3970994","chr3","192023868","192024184","29","188053188"
"KN294668v1","4221732","4222014","chr3","192268755","192269035","18","188047023"
"KN294671v1","228694","228753","chrX","155270869","155270928","3","155042175"
"KN294671v1","326667","326919","chrX","155149994","155150258","27","154823327"
"KN294671v1","382608","382720","chrX","155094095","155094211","9","154711487"
"KN294671v1","403034","403336","chrX","155072322","155072614","30","154669288"
"KN294671v1","470674","470899","chrX","155002271","155002496","13","154531597"
"KN294675v1","27346","27630","chrX","47857421","47857694","36","47830075"
"KN294675v1","59476","59764","chr3","44894249","44894519","65","44834773"
"KN294675v1","75909","76199","chr5","20644803","20645097","61","20568894"
"KN294677v1","75071","75322","chr12","79292334","79292583","22","79217263"
"KN294677v1","94563","94734","chr5","24541060","24541232","39","24446497"
"KN294677v1","96304","96615","chr1","44656779","44657081","69","44560475"
"KN294677v1","111652","111723","chr12","97692724","97692794","13","97581072"
"KN294685v1","61908","62192","chr13","2211602","2211891","30","2149694"
"KN294685v1","125928","126059","chr13","2144385","2144516","8","2018457"
"KN294685v1","169908","170219","chr13","2095524","2095842","34","1925616"
"KN294685v1","187595","187874","chr13","2063883","2064162","25","1876288"
"KN294685v1","245644","245770","chr11","133625351","133625484","39","133379707"
"KN294685v1","356605","356809","chr3","74143323","74143517","49","73786718"
"KN294685v1","396815","396945","chr13","1810927","1811060","12","1414112"
"KN294685v1","474221","474537","chr4","73212798","73213100","68","72738577"
"KN294685v1","546170","546454","chr13","1651001","1651283","17","1104831"
"KN294685v1","590410","590647","chr13","1612466","1612719","28","1022056"
"KN294685v1","656307","656475","chr13","1544645","1544808","24","888338"
"KN294685v1","656767","656908","chr3","201300788","201300922","26","200644021"
"KN294685v1","661760","662045","chr12","111730530","111730820","56","111068770"
"KN294685v1","665517","665732","chr1","46819012","46819230","39","46153495"
"KN294685v1","690632","690748","chr13","1512554","1512678","17","821922"
"KN294685v1","704067","704133","chr10","116691719","116691788","16","115987652"
"KN294685v1","717176","717300","chr1","182479896","182480020","23","181762720"
"KN294685v1","725337","725593","chr6","153888775","153889025","54","153163438"
"KN294685v1","739672","739933","chr16","37047102","37047350","60","36307430"
"KN294685v1","766603","766656","chr13","1396701","1396754","2","630098"
"KN294685v1","766961","767200","chr13","1396157","1396404","17","629196"
"KN294685v1","776049","776204","chr14","13724117","13724270","42","12948068"
"KN294685v1","790265","790384","chr10","101031579","101031697","22","100241314"
"KN294685v1","818143","818227","chr15","15689476","15689561","17","14871333"
"KN294685v1","818812","818985","chr5","19798992","19799166","29","18980180"
"KN294685v1","829754","830066","chr13","1318579","1318898","31","488825"
"KN294685v1","830881","831101","chr14","86100772","86100981","54","85269891"
"KN294685v1","890021","890329","chr13","1273126","1273419","38","383105"
"KN294685v1","902614","902671","chr20","33791727","33791780","12","32889113"
"KN294685v1","918886","919185","chr13","1245021","1245326","30","326135"
"KN294685v1","939652","939923","chr13","1224561","1224820","45","284909"
"KN294685v1","997486","997775","chrX","50327441","50327730","55","49329955"
"KN294685v1","1024836","1025029","chr13","1060934","1061128","20","36098"
"KN294685v1","1115971","1116219","chr13","6226833","6227091","36","5110862"
"KN294685v1","1143244","1143359","chr13","6129331","6129442","14","4986087"
"KN294685v1","1277399","1277684","chr13","3077683","3077985","34","1800284"
"KN294685v1","1277756","1278051","chr13","3078013","3078308","22","1800257"
"KN294685v1","1321545","1321832","chr13","3118560","3118859","32","1797015"
"KN294685v1","1328431","1328715","chr13","3124949","3125234","22","1796518"
"KN294693v1","243664","243977","chr7","31597705","31598015","32","31354041"
"KN294693v1","248931","249233","chr7","31602881","31603176","25","31353950"
"KN294693v1","324744","324875","chr19","44986470","44986599","20","44661726"
"KN294693v1","1116267","1116563","chr7","32475613","32475919","33","31359346"
"KN294693v1","1145687","1146009","chr7","32507818","32508110","48","31362131"
"KN294693v1","1161317","1161604","chr8","74437349","74437635","55","73276032"
"KN294693v1","1188003","1188283","chr22","30268057","30268340","56","29080054"
"KN294693v1","1265522","1265833","chr14","32748210","32748522","62","31482688"
"KN294693v1","1346236","1346534","chr7","32729403","32729698","24","31383167"
"KN294693v1","1363499","1363803","chr9","60167783","60168093","51","58804284"
"KN294696v1","21345","21688","chr5","49161185","49161510","81","49139840"
"KN294696v1","68567","68845","chr8","59662086","59662367","60","59593519"
"KN294697v1","126498","126796","chr18","23519361","23519658","58","23392863"
"KN294698v1","29013","29337","chr12","124947090","124947421","72","124918077"
"KN294698v1","40447","40714","chr16","9335212","9335488","54","9294765"
"KN294698v1","74431","74569","chr5","34604244","34604378","33","34529813"
"KN294698v1","74864","75025","chr10","15309001","15309161","27","15234137"
"KN294698v1","97405","97692","chr1","93639738","93640031","21","93542333"
"KN294698v1","101702","102005","chr19","9661729","9662035","53","9560027"
"KN294700v1","200008","200274","chr21","25393864","25394134","57","25193856"
"KN294700v1","259570","259863","chr15","55263023","55263316","20","55003453"
"KN294703v1","43318","43496","chr18","44198132","44198310","11","44154814"
"KN294703v1","114476","114738","chr12","107571222","107571481","70","107456746"
"KN294703v1","156330","156379","chr5","39355601","39355648","10","39199271"
"KN294703v1","193262","193531","chr18","44344205","44344473","13","44150943"
"KN294703v1","208364","208664","chr6","2548834","2549130","62","2340470"
"KN294703v1","322027","322245","chr4","163690026","163690249","49","163367999"
"KN294705v1","113974","114104","chr1","31164385","31164515","6","31050411"
"KN294705v1","120153","120317","chrX","9596002","9596162","41","9475849"
"KN294705v1","166999","167303","chr1","31212309","31212597","39","31045310"
"KN294705v1","172666","172797","chr1","25289558","25289685","26","25116892"
"KN294705v1","191503","191796","chr1","31244233","31244534","21","31052730"
"KN294705v1","205442","205708","chr1","31256808","31257091","39","31051366"
"KN294705v1","206649","206891","chr1","31257545","31257784","10","31050896"
"KN294705v1","207368","207496","chr9","13918319","13918443","27","13710951"
"KN294705v1","212891","213135","chr19","4937427","4937673","57","4724536"
"KN294705v1","251733","251988","chr1","202824757","202825015","50","202573024"
"KN294705v1","263463","263774","chr1","31317326","31317635","24","31053863"
"KN294705v1","278045","278189","chr2A","78255274","78255415","22","77977229"
"KN294705v1","348212","348508","chr1","31401717","31402012","11","31053505"
"KN294705v1","377850","378130","chr1","31430214","31430493","25","31052364"
"KN294705v1","422558","422836","chr1","31471870","31472148","18","31049312"
"KN294705v1","527424","527555","chr7","79401900","79402036","22","78874476"
"KN294705v1","612867","613086","chr1","31680144","31680355","17","31067277"
"KN294705v1","633411","633608","chr17","34439644","34439844","37","33806233"
"KN294705v1","649454","649747","chr1","31716781","31717079","32","31067327"
"KN294705v1","741127","741430","chr1","31761963","31762267","19","31020836"
"KN294705v1","815050","815360","chr16","46741352","46741658","64","45926302"
"KN294705v1","839938","840229","chr10","112684325","112684617","57","111844387"
"KN294705v1","882988","883126","chr1","31988342","31988482","12","31105354"
"KN294705v1","883177","883297","chr8","75184071","75184194","22","74300894"
"KN294705v1","921223","921532","chr1","32027416","32027714","28","31106193"
"KN294705v1","1008862","1008942","chr1","32115867","32115944","9","31107005"
"KN294705v1","1023145","1023398","chr1","207600126","207600382","53","206576981"
"KN294705v1","1062813","1063114","chr1","32170278","32170578","14","31107465"
"KN294705v1","1084208","1084516","chr1","32193347","32193664","33","31109139"
"KN294705v1","1086144","1086421","chr1","32195215","32195502","29","31109071"
"KN294705v1","1091228","1091527","chr1","32200041","32200341","29","31108813"
"KN294705v1","1124298","1124432","chr1","32235901","32236044","25","31111603"
"KN294705v1","1125035","1125211","chr3","49927241","49927415","42","48802206"
"KN294705v1","1191726","1191845","chr1","32305628","32305746","10","31113902"
"KN294705v1","1193531","1193825","chr1","32307602","32307897","33","31114071"
"KN294705v1","1197887","1198187","chr1","32312118","32312411","24","31114231"
"KN294705v1","1206847","1207151","chr1","32322182","32322497","30","31115335"
"KN294705v1","1271869","1272158","chr1","32386561","32386861","32","31114692"
"KN294705v1","1284321","1284552","chr1","32399325","32399557","11","31115004"
"KN294705v1","1299978","1300121","chr12","25236149","25236293","32","23936171"
"KN294705v1","1300427","1300561","chr5","40678429","40678564","19","39378002"
"KN294705v1","1307683","1307911","chr19","9775700","9775922","62","8468017"
"KN294705v1","1328121","1328253","chr1","32438548","32438680","10","31110427"
"KN294705v1","1330853","1331156","chr1","32444633","32444930","29","31113780"
"KN294705v1","1349356","1349704","chr1","32461405","32461718","65","31112049"
"KN294705v1","1357990","1358107","chrX","101272457","101272573","17","99914467"
"KN294705v1","1361031","1361125","chr1","32473164","32473263","8","31112133"
"KN294705v1","1408171","1408296","chr1","32514693","32514823","13","31106522"
"KN294705v1","1428008","1428299","chr1","32533298","32533588","18","31105290"
"KN294705v1","1474323","1474639","chr1","32574625","32574928","29","31100302"
"KN294705v1","1579279","1579458","chrX","47443665","47443852","44","45864386"
"KN294705v1","1579637","1579785","chr1","32693343","32693491","8","31113706"
"KN294705v1","1593287","1593577","chr1","32707106","32707399","23","31113819"
"KN294705v1","1627578","1627868","chr2A","60216560","60216858","68","58588982"
"KN294705v1","1641262","1641449","chr16","22556333","22556515","46","20915071"
"KN294705v1","1647889","1648182","chr1","32759887","32760174","44","31111998"
"KN294705v1","1654646","1654807","chr3","166024453","166024609","35","164369807"
"KN294705v1","1654834","1654967","chr7","72995671","72995810","29","71340837"
"KN294705v1","1685890","1686185","chr1","32801027","32801322","21","31115137"
"KN294705v1","1688273","1688347","chr16","27956858","27956924","17","26268585"
"KN294705v1","1688352","1688667","chr1","32803525","32803834","29","31115173"
"KN294705v1","1718076","1718349","chr1","32829378","32829650","22","31111302"
"KN294705v1","1737700","1738070","chr12","122712586","122712948","116","120974886"
"KN294705v1","1764157","1764437","chr1","32873426","32873735","48","31109269"
"KN294705v1","1858146","1858411","chr3","158006433","158006704","56","156148287"
"KN294705v1","1872715","1873015","chr7","159011141","159011436","65","157138426"
"KN294705v1","1897874","1898143","chr1","32995345","32995616","30","31097471"
"KN294705v1","1932799","1933091","chr1","33027881","33028181","26","31095082"
"KN294705v1","2105009","2105061","chr11","75943923","75943973","6","73838914"
"KN294705v1","2111886","2112149","chr1","6338785","6339048","63","4226899"
"KN294705v1","2118581","2118887","chr1","33207580","33207884","38","31088999"
"KN294705v1","2178045","2178361","chr12","75922261","75922563","59","73744216"
"KN294710v1","67387","67683","chrX","55143893","55144187","12","55076506"
"KN294710v1","101821","102108","chrX","55176719","55177000","21","55074898"
"KN294710v1","108009","108288","chrX","55180503","55180781","15","55072494"
"KN294711v1","280975","281271","chr8","105871240","105871532","27","105590265"
"KN294711v1","664010","664144","chr12","32898640","32898773","18","32234630"
"KN294711v1","776911","777180","chr7","138487267","138487525","46","137710356"
"KN294711v1","968862","969158","chr2A","45808642","45808943","52","44839780"
"KN294711v1","974750","975049","chr8","105119114","105119411","24","104144364"
"KN294711v1","998602","998874","chr8","105095909","105096177","24","104097307"
"KN294711v1","1047051","1047354","chr8","105042227","105042535","33","103995176"
"KN294711v1","1225737","1226039","chr8","104873538","104873835","22","103647801"
"KN294713v1","178207","178498","chr3","130417915","130418207","28","130239708"
"KN294713v1","287104","287217","chr1","182447721","182447839","21","182160617"
"KN294713v1","289994","290128","chr3","130537823","130537957","16","130247829"
"KN294713v1","334577","334801","chr14","72808786","72809010","43","72474209"
"KN294713v1","360563","360861","chr3","130594581","130594882","36","130234018"
"KN294713v1","371714","371991","chr20","43882561","43882839","66","43510847"
"KN294713v1","388028","388145","chrX","53914104","53914224","26","53526076"
"KN294713v1","448235","448405","chr3","130691034","130691216","19","130242799"
"KN294713v1","469651","469895","chr3","130719468","130719720","18","130249817"
"KN294713v1","474981","475085","chr3","130724477","130724579","7","130249496"
"KN294713v1","555866","556179","chr2B","50989367","50989672","63","50433501"
"KN294713v1","559290","559597","chr3","130816128","130816438","29","130256838"
"KN294713v1","631122","631409","chr1","21504700","21504986","75","20873578"
"KN294713v1","715051","715365","chr1","19578047","19578358","74","18862996"
"KN294713v1","716673","716958","chr8","90581332","90581626","59","89864659"
"KN294713v1","808118","808241","chr5","15029983","15030102","19","14221865"
"KN294713v1","809757","809868","chr6","20486554","20486670","25","19676797"
"KN294713v1","818280","818571","chr3","131076395","131076695","33","130258115"
"KN294713v1","879367","879638","chr19","4694076","4694346","66","3814709"
"KN294713v1","890406","890694","chr3","131142482","131142757","33","130252076"
"KN294713v1","911564","911825","chrX","155149994","155150258","59","154238430"
"KN294713v1","912006","912315","chr3","131158569","131158880","14","130246563"
"KN294713v1","959544","959600","chr3","131207119","131207175","3","130247575"
"KN294713v1","959893","960099","chr3","131207478","131207684","14","130247585"
"KN294713v1","962727","963000","chr10","125317446","125317720","63","124354719"
"KN294713v1","1016587","1016882","chr19","372518","372820","55","644069"
"KN294716v1","80253","80486","chr7","118576667","118576943","56","118496414"
"KN294716v1","211802","212058","chr3","123099583","123099840","74","122887781"
"KN294717v1","50471","50582","chr5","159440488","159440602","26","159390017"
"KN294717v1","179674","179854","chr10","88369017","88369188","41","88189343"
"KN294717v1","179934","180083","chr1","28005575","28005722","29","27825641"
"KN294717v1","196304","196457","chr22","34477130","34477301","27","34280826"
"KN294717v1","196510","196619","chr22","34477338","34477447","3","34280828"
"KN294717v1","203807","204104","chr22","34484195","34484488","44","34280388"
"KN294717v1","222502","222638","chr22","34502012","34502148","10","34279510"
"KN294726v1","359457","359743","chr14","68587461","68587758","35","68228004"
"KN294728v1","1764","2066","chr10","47797260","47797552","34","47795496"
"KN294728v1","67098","67405","chr4","24592292","24592599","69","24525194"
"KN294728v1","206374","206493","chr9","34779137","34779252","20","34572763"
"KN294728v1","246325","246570","chr10","47549325","47549570","16","47303000"
"KN294728v1","296752","297067","chr21","23303359","23303655","64","23006607"
"KN294728v1","780311","780434","chr10","46965449","46965572","9","46185138"
"KN294728v1","794929","795221","chr10","46950127","46950428","29","46155198"
"KN294728v1","798836","799132","chr10","46946276","46946572","44","46147440"
"KN294728v1","838171","838464","chr10","46908101","46908411","39","46069930"
"KN294728v1","923995","924164","chr10","46818518","46818681","18","45894523"
"KN294728v1","924437","924589","chr10","46818086","46818238","6","45893649"
"KN294728v1","945789","946084","chr10","46796543","46796850","37","45850754"
"KN294728v1","954890","955184","chr10","46784134","46784446","42","45829244"
"KN294728v1","1039330","1039598","chr10","46701449","46701701","31","45662119"
"KN294728v1","1047769","1047871","chr10","46693872","46693974","6","45646103"
"KN294728v1","1094782","1095087","chr10","46653323","46653631","35","45558541"
"KN294728v1","1107045","1107107","chr11","69554357","69554419","8","68447312"
"KN294728v1","1150789","1151114","chr10","46606838","46607164","28","45456049"
"KN294728v1","1202205","1202468","chr10","46556748","46557010","22","45354543"
"KN294728v1","1325308","1325570","chr10","46432950","46433212","15","45107642"
"KN294728v1","1353194","1353507","chr10","46405041","46405349","50","45051847"
"KN294728v1","1356185","1356503","chr10","46402326","46402593","63","45046141"
"KN294728v1","1356810","1357098","chr10","46401740","46402024","26","45044930"
"KN294728v1","1357531","1357842","chr10","46400994","46401300","37","45043463"
"KN294728v1","1428405","1428466","chr10","46332189","46332250","8","44903784"
"KN294728v1","1501117","1501411","chr16","28130256","28130527","81","26629139"
"KN294728v1","1527155","1527466","chr10","46234731","46235041","18","44707576"
"KN294728v1","1532067","1532364","chr10","46228505","46228785","36","44696438"
"KN294728v1","1624564","1624695","chr10","46150854","46150984","9","44526290"
"KN294728v1","1672188","1672293","chr16","20581698","20581801","22","18909510"
"KN294732v1","3608","3919","chr12","95739000","95739298","80","95735392"
"KN294733v1","22739","22945","chr4","89588941","89589148","38","89566202"
"KN294733v1","59840","59971","chr1","110471496","110471626","8","110411656"
"KN294733v1","76218","76355","chr1","110486547","110486688","20","110410329"
"KN294733v1","85462","85761","chr1","110495106","110495404","23","110409644"
"KN294733v1","85942","86244","chr8","51086094","51086396","51","51000152"
"KN294733v1","91617","91679","chr8","103781034","103781088","13","103689417"
"KN294733v1","120220","120495","chrX","41964200","41964469","56","41843980"
"KN294733v1","120925","121058","chr19","39732817","39732948","22","39611892"
"KN294733v1","267566","267843","chr1","110663346","110663616","18","110395780"
"KN294733v1","267844","267979","chr1","110663619","110663754","10","110395775"
"KN294733v1","298773","299070","chr1","110697791","110698089","36","110399018"
"KN294733v1","327870","328177","chr11","13758608","13758895","61","13430738"
"KN294733v1","375874","376024","chr1","110777213","110777361","11","110401339"
"KN294733v1","403873","404180","chr5","8270479","8270791","58","7866606"
"KN294733v1","425200","425491","chr1","110839172","110839488","40","110413972"
"KN294733v1","514032","514218","chr1","110938228","110938424","20","110424196"
"KN294733v1","522244","522559","chr1","110945820","110946155","43","110423576"
"KN294733v1","539252","539578","chr8","6170620","6170945","75","5631368"
"KN294734v1","103479","103741","chr7","44351608","44351876","58","44248129"
"KN294734v1","270166","270452","chr2B","119924145","119924446","30","119653979"
"KN294734v1","462405","462535","chr2B","119732807","119732937","7","119270402"
"KN294734v1","476958","477074","chr2B","119717972","119718102","26","119241014"
"KN294739v1","5059","5350","chr14","56056252","56056540","26","56051193"
"KN294739v1","27591","27894","chr14","56078837","56079137","27","56051246"
"KN294739v1","344853","345139","chr19","15408880","15409161","52","15064027"
"KN294739v1","447705","447810","chr14","56495450","56495557","5","56047745"
"KN294739v1","508143","508331","chr14","56556521","56556699","29","56048378"
"KN294739v1","519657","519807","chr10","114097370","114097515","29","113577713"
"KN294739v1","544808","544955","chr14","56590933","56591081","15","56046125"
"KN294739v1","548466","548600","chr15","58523709","58523843","5","57975243"
"KN294739v1","584909","585174","chr1","85727317","85727590","61","85142408"
"KN294739v1","618353","618461","chr8","7625708","7625818","19","7007355"
"KN294739v1","618501","618541","chr7","40402835","40402869","22","39784334"
"KN294739v1","618820","618863","chr1","19588855","19588891","18","18970035"
"KN294739v1","619160","619304","chr1","24315627","24315775","47","23696467"
"KN294739v1","622693","622879","chr14","56667696","56667882","14","56045003"
"KN294739v1","632837","633125","chr14","56674343","56674629","29","56041506"
"KN294739v1","679260","679556","chr14","56712380","56712668","41","56033120"
"KN294739v1","695511","695634","chr14","56729428","56729552","11","56033917"
"KN294739v1","757300","757569","chr4","48085109","48085376","66","47327809"
"KN294739v1","761128","761308","chr14","56793215","56793396","16","56032087"
"KN294739v1","793740","794020","chr2B","103029546","103029836","60","102235806"
"KN294739v1","838360","838480","chr6","30972658","30972778","22","30134298"
"KN294739v1","882984","883160","chr3","13743933","13744105","40","12860949"
"KN294739v1","893337","893476","chr14","56919619","56919757","12","56026282"
"KN294739v1","894083","894255","chr14","56920056","56920255","39","56025973"
"KN294739v1","904983","905293","chr1","118984423","118984731","60","118079440"
"KN294739v1","932052","932146","chr14","56953407","56953501","6","56021355"
"KN294739v1","950494","950625","chr4","39964539","39964673","18","39014045"
"KN294739v1","953014","953134","chr14","56975324","56975444","5","56022310"
"KN294739v1","953789","954056","chr2A","36588251","36588519","65","35634462"
"KN294739v1","1000002","1000194","chr16","33870394","33870584","49","32870392"
"KN294739v1","1002624","1002910","chr14","57018496","57018768","30","56015872"
"KN294739v1","1010408","1010685","chr14","57029524","57029819","31","56019116"
"KN294739v1","1015793","1016089","chr14","57035038","57035333","15","56019245"
"KN294739v1","1039564","1039888","chr16","24014273","24014600","64","22974709"
"KN294739v1","1057859","1057990","chr1","36304016","36304150","24","35246157"
"KN294739v1","1085318","1085498","chr14","57112231","57112410","8","56026913"
"KN294739v1","1096026","1096124","chr1","10319370","10319456","27","9223344"
"KN294739v1","1096434","1096568","chr12","123051463","123051597","27","121955029"
"KN294739v1","1112500","1112675","chr12","363374","363545","35","749126"
"KN294739v1","1112978","1113119","chr9","12101762","12101895","25","10988784"
"KN294739v1","1119631","1119961","chr14","57147604","57147929","24","56027973"
"KN294739v1","1127299","1127448","chr14","57155341","57155489","13","56028042"
"KN294739v1","1146995","1147172","chr8","81652787","81652971","41","80505792"
"KN294741v1","34950","35234","chr17","92906831","92907097","38","92871881"
"KN294741v1","96053","96189","chr15","4799291","4799419","18","4703238"
"KN294741v1","244891","245147","chr15","4637541","4637807","35","4392650"
"KN294741v1","261984","262113","chr15","4620759","4620888","9","4358775"
"KN294741v1","348756","349042","chr15","4550171","4550457","25","4201415"
"KN294741v1","409251","409540","chr1","201319888","201320191","67","200910637"
"KN294741v1","461343","461466","chr1","153288299","153288423","22","152826956"
"KN294741v1","510334","510485","chr15","4402251","4402401","11","3891917"
"KN294741v1","541742","542051","chr15","4368020","4368331","15","3826278"
"KN294741v1","577993","578125","chr17","19498319","19498450","23","18920326"
"KN294741v1","581822","581943","chr15","4322685","4322809","12","3740863"
"KN294741v1","587501","587585","chr15","4317621","4317710","8","3730120"
"KN294741v1","597747","598026","chr15","4306990","4307281","31","3709243"
"KN294741v1","664926","665271","chr20","46023556","46023883","84","45358630"
"KN294741v1","684895","685029","chr1","40706193","40706325","23","40021298"
"KN294741v1","695252","695503","chr15","4210905","4211156","14","3515653"
"KN294741v1","750351","750629","chr8","10244688","10244977","68","9494337"
"KN294741v1","840365","840496","chr19","44198585","44198718","20","43358220"
"KN294741v1","949715","949840","chr8","43428984","43429110","21","42479269"
"KN294741v1","950643","950954","chr15","3935187","3935500","62","2984544"
"KN294741v1","983933","984068","chrX","107844883","107845014","25","106860950"
"KN294741v1","998971","999087","chr15","3886292","3886412","14","2887321"
"KN294741v1","1003703","1003823","chr15","3881958","3882080","11","2878255"
"KN294741v1","1437254","1437451","chr12","111851972","111852168","56","110414718"
"KN294741v1","1438461","1438741","chr15","3444109","3444406","41","2005648"
"KN294741v1","1523300","1523595","chr15","3362018","3362317","32","1838718"
"KN294741v1","1576254","1576383","chr7","77446675","77446806","27","75870421"
"KN294741v1","1628910","1629191","chr15","3239979","3240268","24","1611069"
"KN294741v1","1881538","1881822","chr15","2892752","2893036","24","1011214"
"KN294741v1","2113361","2113669","chr15","2671052","2671362","43","557691"
"KN294741v1","2135486","2135647","chr10","7937889","7938045","37","5802403"
"KN294745v1","8560","8788","chr8","73381254","73381518","50","73372694"
"KN294745v1","41866","42153","chr8","73412252","73412525","35","73370386"
"KN294745v1","75713","75983","chr8","73439350","73439635","34","73363637"
"KN294745v1","93237","93533","chr1","203347567","203347865","76","203254330"
"KN294745v1","100523","100654","chr8","73466479","73466595","28","73365956"
"KN294745v1","115045","115173","chr8","73480885","73481009","11","73365840"
"KN294745v1","181761","182028","chr8","73547867","73548133","22","73366106"
"KN294745v1","221733","222029","chr8","73582351","73582662","31","73360618"
"KN294745v1","238542","238829","chr8","73604840","73605127","21","73366298"
"KN294745v1","245148","245441","chr8","73610329","73610625","20","73365181"
"KN294745v1","253782","253909","chr8","73618976","73619106","9","73365194"
"KN294747v1","203268","203411","chr19","19031565","19031706","31","18828297"
"KN294747v1","203488","203584","chr3","199834559","199834654","27","199631071"
"KN294747v1","258210","258478","chr11","129561949","129562214","18","129303739"
"KN294747v1","262239","262541","chr11","129565969","129566262","31","129303730"
"KN294747v1","720389","720522","chr2B","67591296","67591427","16","66870907"
"KN294747v1","737394","737683","chr11","130096546","130096845","50","129359152"
"KN294747v1","773044","773178","chr11","130135158","130135293","9","129362114"
"KN294747v1","817494","817631","chr1","11753545","11753685","20","10936051"
"KN294747v1","834065","834363","chr11","130197888","130198188","35","129363823"
"KN294747v1","845560","845686","chr11","130212328","130212445","15","129366768"
"KN294747v1","849079","849357","chr15","30086631","30086914","64","29237552"
"KN294747v1","869335","869466","chr11","130241748","130241879","10","129372413"
"KN294747v1","988041","988310","chr11","130355492","130355798","56","129367451"
"KN294747v1","1026063","1026341","chr11","130395164","130395436","29","129369101"
"KN294747v1","1035316","1035571","chr11","130404437","130404726","56","129369121"
"KN294747v1","1057510","1057783","chr11","130426458","130426749","39","129368948"
"KN294747v1","1108958","1109245","chr11","130499520","130499817","38","129390562"
"KN294747v1","1116807","1116927","chr1","227320619","227320734","22","226203812"
"KN294747v1","1124536","1124764","chr2B","94212450","94212669","69","93087914"
"KN294747v1","1212558","1212839","chr11","130602238","130602508","35","129389680"
"KN294747v1","1245612","1245814","chr19","7355213","7355408","48","6109601"
"KN294747v1","1252060","1252237","chr5","24541060","24541232","36","23289000"
"KN294756v1","11874","12006","chr1","124307400","124307537","12","124295526"
"KN294756v1","17966","18200","chr1","22924990","22925209","70","22907024"
"KN294758v1","633335","633620","chr17","83691772","83692055","47","83058437"
"KN294758v1","694916","695160","chr17","83740961","83741196","30","83046045"
"KN294758v1","1003110","1003418","chr17","84044619","84044926","24","83041509"
"KN294758v1","1104084","1104328","chr11","76649367","76649591","65","75545283"
"KN294758v1","1162890","1163212","chr17","84197897","84198228","42","83035007"
"KN294758v1","1263186","1263318","chr17","84291683","84291809","15","83028497"
"KN294758v1","1389307","1389592","chr3","113344879","113345164","62","111955572"
"KN294758v1","1983503","1983731","chr5","119024463","119024698","57","117040960"
"KN294758v1","2001972","2002036","chr17","85038013","85038078","7","83036041"
"KN294758v1","2002698","2002858","chr17","85038740","85038894","15","83036042"
"KN294758v1","2024888","2025012","chr12","12525020","12525141","21","10500132"
"KN294758v1","2025317","2025495","chr2A","64073798","64073981","48","62048481"
"KN294758v1","2095437","2095693","chr17","85124343","85124632","52","83028906"
"KN294758v1","2111414","2111720","chr17","85139458","85139762","22","83028044"
"KN294758v1","2152191","2152267","chr7","56648177","56648245","16","54495986"
"KN294758v1","2188285","2188586","chr17","85225693","85225994","24","83037408"
"KN294758v1","2243545","2243850","chr17","85281362","85281658","28","83037817"
"KN294758v1","2263334","2263623","chr17","85304212","85304516","40","83040878"
"KN294758v1","2318682","2318944","chr16","56933981","56934238","63","54615299"
"KN294758v1","2342479","2342761","chr7","2391375","2391657","76","48896"
"KN294758v1","2348979","2349109","chr17","85386818","85386947","11","83037839"
"KN294758v1","2349402","2349589","chr17","85387244","85387424","25","83037842"
"KN294758v1","2363021","2363256","chr17","85400464","85400731","50","83037443"
"KN294758v1","2394880","2395022","chr1","11753545","11753685","22","9358665"
"KN294758v1","2408732","2409032","chr17","85439654","85439956","36","83030922"
"KN294758v1","2437361","2437651","chr13","22761830","22762123","63","20324469"
"KN294758v1","2448114","2448381","chr2A","68414229","68414490","70","65966115"
"KN294758v1","2483800","2483983","chr17","85513724","85513902","28","83029924"
"KN294758v1","2569961","2570275","chr17","85598290","85598607","20","83028329"
"KN294758v1","2584278","2584407","chr9","58174384","58174515","15","55590106"
"KN294761v1","301118","301397","chr2B","14649880","14650151","26","14348762"
"KN294761v1","375115","375277","chr2B","14577830","14577988","18","14202715"
"KN294761v1","500194","500332","chr5","56182482","56182611","39","55682288"
"KN294761v1","516285","516609","chr3","152785968","152786277","75","152269683"
"KN294761v1","984274","984556","chr2B","13989779","13990068","36","13005505"
"KN294761v1","1646809","1646931","chr2B","13297856","13297984","14","11651047"
"KN294761v1","2015322","2015451","chr2B","12909329","12909460","11","10894007"
"KN294761v1","2432890","2433209","chr2B","12516864","12517172","40","10083974"
"KN294763v1","4989","5286","chrX","18013404","18013711","31","18008415"
"KN294764v1","76679","76970","chr10","117046863","117047153","64","116970184"
"KN294764v1","412889","413171","chr13","44476925","44477216","36","44064036"
"KN294764v1","572012","572303","chr8","74116966","74117253","65","73544954"
"KN294767v1","124205","124413","chr1","194997214","194997430","16","194873009"
"KN294767v1","871947","872071","chr1","195664335","195664458","12","194792388"
"KN294767v1","978359","978488","chr22","13187550","13187679","21","12209191"
"KN294768v1","2908","3184","chr1","154045015","154045284","67","154042107"
"KN294768v1","8944","9055","chr5","125277771","125277882","18","125268827"
"KN294768v1","9363","9554","chr9","25992285","25992475","48","25982922"
"KN294768v1","39404","39586","chrX","71140210","71140401","26","71100806"
"KN294774v1","78238","78514","chr8","77344007","77344286","48","77265769"
"KN294777v1","376345","376629","chr1","50994904","50995188","18","50618559"
"KN294777v1","444472","444488","chr1","133139314","133139330","5","132694842"
"KN294777v1","444532","444789","chr4","87727935","87728186","59","87283403"
"KN294777v1","449734","449867","chr1","51065734","51065867","12","50616000"
"KN294777v1","509175","509289","chr1","51127018","51127132","7","50617843"
"KN294777v1","509321","509435","chr1","51127164","51127288","15","50617843"
"KN294777v1","528909","529193","chr1","51146828","51147114","16","50617919"
"KN294777v1","532314","532520","chr3","59540968","59541164","43","59008654"
"KN294777v1","532826","532931","chr13","30012406","30012505","28","29479580"
"KN294777v1","546866","547031","chr17","21098950","21099119","38","20552084"
"KN294777v1","582875","583173","chr1","51199830","51200127","21","50616955"
"KN294777v1","627251","627555","chr12","128650527","128650829","71","128023276"
"KN294777v1","724252","724563","chr9","49514169","49514474","67","48789917"
"KN294777v1","731731","732014","chr1","51325423","51325711","22","50593692"
"KN294777v1","760346","760647","chr1","51362392","51362694","17","50602046"
"KN294777v1","772573","772827","chr7","66119343","66119578","63","65346770"
"KN294777v1","796409","796681","chr1","51391465","51391740","26","50595056"
"KN294780v1","26546","26647","chr22","22179021","22179123","31","22152475"
"KN294782v1","6643","6933","chr19","21586935","21587230","53","21580292"
"KN294782v1","67536","67823","chr19","20981061","20981358","27","20913525"
"KN294782v1","99817","100094","chr19","21586935","21587230","64","21487118"
"KN294782v1","150342","150467","chr7","698736","698869","36","548394"
"KN294782v1","150772","150903","chr10","114146430","114146553","34","113995658"
"KN294782v1","170966","171108","chr19","21158577","21158719","9","20987611"
"KN294782v1","270035","270124","chr19","21250421","21250512","6","20980386"
"KN294787v1","101166","101349","chr7","80178218","80178400","39","80077052"
"KN294789v1","29051","29258","chr3","3285900","3286107","13","3256849"
"KN294789v1","114115","114418","chr14","58956254","58956557","64","58842139"
"KN294789v1","161174","161291","chr3","3156234","3156350","16","2995060"
"KN294789v1","164011","164296","chr16","16099859","16100147","53","15935848"
"KN294790v1","14443","14580","chr5","2515990","2516125","24","2501547"
"KN294790v1","107343","107659","chrX","53825086","53825371","79","53717743"
"KN294790v1","127180","127320","chr10","137256606","137256747","14","137129426"
"KN294790v1","566955","567268","chr16","65878699","65879003","65","65311744"
"KN294790v1","571359","571675","chr10","137703716","137704035","21","137132357"
"KN294790v1","763917","764039","chr10","137904286","137904408","5","137140369"
"KN294790v1","774076","774268","chr10","137913359","137913551","10","137139283"
"KN294790v1","835684","835774","chrX","100901936","100902022","27","100066252"
"KN294790v1","876673","876822","chr10","138043430","138043575","9","137166757"
"KN294790v1","1389710","1390009","chr18","11465591","11465890","61","10075881"
"KN294790v1","1395969","1396261","chr9","49514169","49514474","64","48118200"
"KN294790v1","2075228","2075506","chr6","18841527","18841805","55","16766299"
"KN294790v1","2202871","2203172","chr10","139166426","139166718","35","136963555"
"KN294790v1","2279008","2279277","chr15","21561523","21561792","58","19282515"
"KN294790v1","2314914","2315040","chr1","158987869","158988000","41","156672955"
"KN294790v1","2315353","2315490","chr19","41460019","41460155","26","39144666"
"KN294790v1","2323893","2324143","chr10","139292038","139292289","16","136968145"
"KN294790v1","2324555","2324864","chr9","82345230","82345532","61","80020675"
"KN294790v1","2326551","2326820","chr10","139294296","139294605","64","136967745"
"KN294790v1","2339227","2339544","chr4","39042212","39042512","59","36702985"
"KN294790v1","2354773","2354893","chr1","23553421","23553542","23","21198648"
"KN294790v1","2375556","2375799","chr10","139345962","139346228","42","136970406"
"KN294790v1","2433731","2433774","chr12","78951997","78952042","10","76518266"
"KN294790v1","2434080","2434271","chr14","57675075","57675272","39","55240995"
"KN294790v1","2456669","2456968","chr10","139429268","139429548","41","136972599"
"KN294790v1","2733220","2733521","chr10","139714196","139714497","17","136980976"
"KN294790v1","2750159","2750284","chr1","135084249","135084373","17","132334090"
"KN294790v1","2759553","2759679","chr1","211266195","211266304","38","208506642"
"KN294790v1","2759716","2759825","chr5","61108865","61108974","23","58349149"
"KN294790v1","2786122","2786400","chr10","139764527","139764807","22","136978405"
"KN294790v1","2792532","2792810","chr7","63265622","63265901","65","60473090"
"KN294790v1","2842544","2842736","chr10","139819871","139820057","19","136977327"
"KN294790v1","2843031","2843174","chr10","139820351","139820490","13","136977320"
"KN294790v1","2867824","2868129","chr10","139841796","139842066","50","136973972"
"KN294790v1","2897338","2897455","chr9","104310704","104310823","27","101413366"
"KN294790v1","2952055","2952219","chrX","77326431","77326589","50","74374376"
"KN294790v1","3105817","3106054","chr10","140089339","140089580","35","136983522"
"KN294790v1","3111351","3111483","chr10","140094888","140095026","17","136983537"
"KN294790v1","3240195","3240318","chr7","137715769","137715892","13","134475574"
"KN294790v1","3334188","3334320","chr8","74119009","74119140","21","70784821"
"KN294790v1","3649055","3649316","chr10","140644533","140644770","53","136995478"
"KN294790v1","3704135","3704219","chr11","126534417","126534497","23","122830282"
"KN294790v1","3726127","3726430","chr10","140720315","140720615","28","136994188"
"KN294790v1","3736159","3736415","chr10","140730983","140731249","29","136994824"
"KN294790v1","3762379","3762673","chr10","140758937","140759230","24","136996558"
"KN294790v1","3774428","3774731","chr10","140772443","140772748","21","136998015"
"KN294790v1","3852715","3852949","chr10","140825463","140825695","22","136972748"
"KN294790v1","4222808","4223036","chr10","141185219","141185447","17","136962411"
"KN294790v1","4329006","4329147","chr9","117166045","117166181","27","112837039"
"KN294790v1","4481165","4481458","chr10","141413249","141413541","25","136932084"
"KN294790v1","4594879","4595070","chr10","141535917","141536110","12","136941038"
"KN294790v1","4595429","4595534","chr10","141536470","141536572","13","136941041"
"KN294790v1","4844545","4844850","chr10","141793421","141793724","30","136948876"
"KN294790v1","4912923","4913199","chr10","141864049","141864344","55","136951126"
"KN294790v1","4982110","4982335","chrX","48034705","48034931","55","43052595"
"KN294790v1","5140788","5141095","chr10","142090792","142091088","32","136950004"
"KN294790v1","5142287","5142555","chr10","142092303","142092564","38","136950016"
"KN294790v1","5170421","5170720","chr10","142121708","142121992","35","136951287"
"KN294790v1","5489102","5489223","chr10","142418117","142418238","8","136929015"
"KN294790v1","5661132","5661429","chr10","142586749","142587038","36","136925617"
"KN294790v1","5731719","5732031","chr10","142656807","142657119","19","136925088"
"KN294790v1","5760262","5760565","chr22","1709192","1709498","63","4051070"
"KN294790v1","5763767","5764047","chr10","142688293","142688574","31","136924526"
"KN294790v1","5792493","5792690","chr10","142715985","142716172","20","136923492"
"KN294790v1","5792975","5793109","chr3","158252995","158253128","20","152460020"
"KN294790v1","5882380","5882692","chr10","142809407","142809719","19","136927027"
"KN294790v1","5921393","5921679","chr16","5140807","5141090","63","780586"
"KN294790v1","6094333","6094545","chr10","143007383","143007600","20","136913050"
"KN294790v1","6128517","6128811","chr6","5780179","5780469","51","348338"
"KN294790v1","6378440","6378745","chr10","143283848","143284153","23","136905408"
"KN294790v1","7012935","7013054","chr10","143913875","143913996","15","136900940"
"KN294790v1","7130073","7130377","chr2A","100578754","100579054","66","93448681"
"KN294790v1","7271009","7271269","chr10","144167293","144167591","51","136896284"
"KN294790v1","7395056","7395275","chr1","183130663","183130882","53","175735607"
"KN294790v1","7481788","7481969","chr10","144377704","144377883","9","136895916"
"KN294792v1","8916","9101","chrX","109102360","109102529","22","109093444"
"KN294796v1","27484","27778","chr6","30421566","30421880","51","30394082"
"KN294800v1","525964","526241","chr16","57852012","57852298","66","57326048"
"KN294800v1","609885","610007","chr4","181845992","181846113","23","181236107"
"KN294803v1","31696","31982","chr8","86760046","86760329","46","86728350"
"KN294803v1","80629","80921","chr8","86797946","86798246","26","86717317"
"KN294803v1","99634","99974","chr8","86816756","86817049","61","86717122"
"KN294803v1","123670","123862","chr8","86840783","86840975","15","86717113"
"KN294803v1","142632","142892","chr8","86855180","86855465","39","86712548"
"KN294806v1","15977","16304","chr16","43704969","43705305","50","43688992"
"KN294806v1","89382","89577","chr16","43766085","43766280","8","43676703"
"KN294806v1","98518","98809","chr14","85599068","85599371","62","85500550"
"KN294806v1","139696","139996","chr12","103565525","103565814","64","103425829"
"KN294806v1","142525","142810","chr16","43819925","43820222","27","43677400"
"KN294806v1","159322","159451","chr3","158252995","158253128","23","158093673"
"KN294806v1","166487","166638","chr1","134065922","134066061","30","133899435"
"KN294806v1","209405","209673","chr7","3996860","3997127","57","3787455"
"KN294806v1","308952","309269","chr16","43990436","43990752","26","43681484"
"KN294806v1","321587","321723","chr1","181746349","181746479","24","181424762"
"KN294806v1","329338","329608","chr16","44014105","44014392","37","43684767"
"KN294806v1","401107","401393","chr9","77311455","77311745","64","76910348"
"KN294806v1","478288","478586","chr16","44147073","44147377","28","43668785"
"KN294806v1","517374","517497","chr6","30972658","30972778","18","30455284"
"KN294806v1","587836","588151","chr7","2899806","2900116","60","2311970"
"KN294806v1","628882","629200","chr16","44297514","44297822","28","43668632"
"KN294806v1","658393","658521","chrX","45324284","45324411","17","44665891"
"KN294806v1","663407","663500","chr3","199834559","199834654","26","199171152"
"KN294806v1","663561","663680","chr10","26663154","26663268","21","25999593"
"KN294806v1","954960","955234","chr5","7037318","7037608","63","6082358"
"KN294806v1","970303","970593","chr16","44675792","44676082","17","43705489"
"KN294806v1","994596","994894","chr16","44698899","44699164","47","43704303"
"KN294806v1","1006368","1006678","chr16","44712292","44712602","27","43705924"
"KN294809v1","81880","82190","chr6","129902019","129902337","27","129820139"
"KN294809v1","649750","650052","chr6","130442736","130443019","37","129792986"
"KN294809v1","667853","667976","chr6","130459818","130459940","12","129791965"
"KN294809v1","1036260","1036555","chr12","111909213","111909508","51","110872953"
"KN294809v1","1128850","1129038","chr3","49024378","49024566","50","47895528"
"KN294809v1","1198358","1198675","chr6","130984095","130984415","29","129785737"
"KN294809v1","1326396","1326719","chr5","134357799","134358111","71","133031403"
"KN294809v1","1341101","1341207","chr10","101883179","101883288","19","100542078"
"KN294809v1","1457648","1457930","chr14","37574251","37574534","58","36116603"
"KN294809v1","1693342","1693640","chr6","131491455","131491750","18","129798113"
"KN294812v1","8353","8473","chrX","134682680","134682787","28","134674327"
"KN294817v1","17367","17662","chrX","104287202","104287499","10","104269835"
"KN294817v1","36557","36685","chrX","104306182","104306310","4","104269625"
"KN294821v1","160139","160266","chr3","100695554","100695680","6","100535415"
"KN294821v1","302097","302361","chr3","100583459","100583724","22","100281362"
"KN294824v1","248048","248348","chr7","38663757","38664063","27","38415709"
"KN294825v1","126311","126439","chr4","109853636","109853766","11","109727325"
"KN294825v1","219827","220131","chr4","109757793","109758086","22","109537966"
"KN294825v1","222798","223106","chrX","19486095","19486394","68","19263297"
"KN294825v1","293482","293669","chr16","66277513","66277699","36","65984031"
"KN294825v1","347138","347424","chr4","109644400","109644676","25","109297262"
"KN294827v1","141104","141225","chr4","89949111","89949237","12","89808007"
"KN294827v1","243341","243648","chr6","5780179","5780469","71","5536838"
"KN294828v1","1604","1767","chr19","8854244","8854408","60","8852640"
"KN294831v1","96792","96922","chr19","41953981","41954104","14","41857189"
"KN294831v1","96928","97218","chr21","22285252","22285539","73","22188324"
"KN294831v1","110994","111102","chr19","41937869","41937986","12","41826875"
"KN294831v1","126338","126618","chr7","75796080","75796354","63","75669742"
"KN294831v1","152851","152973","chr19","41892306","41892430","6","41739455"
"KN294831v1","157111","157399","chr10","87294576","87294862","76","87137465"
"KN294831v1","157658","157967","chr19","41887015","41887326","28","41729357"
"KN294831v1","182909","183014","chr19","41867425","41867530","8","41684516"
"KN294831v1","235875","236151","chr12","110366858","110367130","64","110130983"
"KN294831v1","254651","254957","chr19","41794312","41794613","33","41539661"
"KN294831v1","270018","270305","chr12","115638172","115638455","71","115368154"
"KN294831v1","353743","353865","chr5","111485195","111485317","15","111131452"
"KN294831v1","435605","435899","chr10","18809137","18809442","62","18373532"
"KN294831v1","449282","449508","chr19","41600855","41601055","56","41151573"
"KN294831v1","564405","564538","chr7","65398583","65398713","20","64834178"
"KN294831v1","590397","590535","chr19","41460019","41460155","8","40869622"
"KN294831v1","598640","598921","chr19","41452474","41452747","26","40853834"
"KN294831v1","611889","612185","chr19","41440586","41440883","16","40828697"
"KN294831v1","629342","629624","chr19","41424332","41424616","18","40794990"
"KN294831v1","661368","661658","chr6","146135913","146136199","57","145474545"
"KN294831v1","670389","670697","chr3","48421840","48422144","55","47751451"
"KN294831v1","686433","686553","chr19","41367045","41367165","7","40680612"
"KN294834v1","29810","30137","chr5","7134368","7134671","83","7104558"
"KN294834v1","363755","364044","chr17","44128495","44128787","28","43764740"
"KN294837v1","143905","144200","chr6","34428776","34429070","19","34284871"
"KN294837v1","150292","150599","chr6","34422333","34422622","34","34272041"
"KN294837v1","166209","166480","chr6","34406072","34406356","33","34239863"
"KN294837v1","201897","202209","chr6","34369094","34369406","21","34167197"
"KN294837v1","202755","203042","chr6","34368259","34368538","24","34165504"
"KN294837v1","315482","315788","chrX","55143893","55144187","57","54828411"
"KN294837v1","331011","331306","chrX","54145099","54145392","47","53814088"
"KN294837v1","337390","337696","chr6","34233522","34233830","31","33896132"
"KN294837v1","363060","363354","chr1","145128435","145128725","60","144765375"
"KN294837v1","385103","385413","chr6","34174730","34175030","30","33789627"
"KN294842v1","2400","2712","chr22","12071070","12071377","26","12068670"
"KN294842v1","35527","35616","chr22","12108001","12108082","11","12072474"
"KN294842v1","56644","56944","chr5","26370680","26370968","68","26314036"
"KN294842v1","125867","126162","chr16","33004298","33004584","25","32878431"
"KN294842v1","168938","169216","chr9","16603525","16603796","47","16434587"
"KN294842v1","195523","195810","chr22","12276719","12277023","46","12081196"
"KN294842v1","202034","202324","chr19","9978934","9979233","61","9776900"
"KN294842v1","278820","279092","chr19","32621706","32621994","66","32342886"
"KN294842v1","324451","324749","chr9","49514169","49514474","63","49189718"
"KN294842v1","390360","390439","chr10","13107971","13108047","16","12717611"
"KN294842v1","400250","400585","chr22","12486558","12486871","58","12086308"
"KN294842v1","419164","419462","chr22","12504542","12504839","36","12085378"
"KN294842v1","422531","422784","chr4","154107817","154108080","63","153685286"
"KN294842v1","486684","486927","chr22","12570953","12571238","51","12084269"
"KN294842v1","507425","507730","chr10","137324559","137324858","54","136817134"
"KN294842v1","519285","519567","chr22","12603590","12603859","36","12084305"
"KN294842v1","558659","558867","chr22","12643953","12644161","9","12085294"
"KN294842v1","570083","570208","chr22","12655150","12655285","12","12085067"
"KN294842v1","613889","614020","chr17","24608805","24608937","16","23994916"
"KN294842v1","620610","620913","chr10","101215914","101216207","57","100595304"
"KN294842v1","677937","678062","chr1","79019834","79019959","12","78341897"
"KN294842v1","686005","686289","chr22","12775521","12775803","18","12089516"
"KN294842v1","690221","690355","chr16","3777662","3777798","14","3087441"
"KN294842v1","694499","694636","chr22","12784216","12784350","9","12089717"
"KN294842v1","752789","753060","chr22","12841152","12841420","26","12088363"
"KN294842v1","819320","819375","chr10","88824845","88824901","11","88005525"
"KN294842v1","819674","819920","chr22","12907194","12907433","31","12087520"
"KN294842v1","853365","853649","chr22","14454753","14455021","69","13601388"
"KN294842v1","877726","877863","chr9","111583705","111583840","23","110705979"
"KN294842v1","922672","922805","chr22","13016016","13016146","7","12093344"
"KN294842v1","941770","942083","chr22","13040285","13040598","22","12098515"
"KN294842v1","998398","998524","chr22","13098899","13099028","12","12100501"
"KN294842v1","1006313","1006637","chr22","13105446","13105771","24","12099133"
"KN294842v1","1017120","1017445","chr8","145182404","145182739","77","144165284"
"KN294842v1","1018343","1018476","chr9","114837511","114837645","21","113819168"
"KN294842v1","1059848","1059882","chr19","2438476","2438506","7","1378628"
"KN294842v1","1060165","1060278","chr22","13165114","13165235","15","12104949"
"KN294842v1","1106300","1106434","chr16","9060995","9061130","18","7954695"
"KN294842v1","1108738","1109048","chr22","13212930","13213229","32","12104192"
"KN294842v1","1149497","1149658","chr19","38731330","38731491","34","37581833"
"KN294842v1","1150235","1150378","chr5","41494792","41494942","37","40344557"
"KN294842v1","1287179","1287474","chr16","75461413","75461707","54","74174234"
"KN294842v1","1288381","1288661","chr22","13380489","13380783","34","12092108"
"KN294842v1","1299095","1299388","chr10","92379262","92379566","74","91080167"
"KN294842v1","1316249","1316510","chr6","157751751","157752019","72","156435502"
"KN294842v1","1330039","1330362","chr9","78545818","78546130","68","77215779"
"KN294842v1","1410028","1410176","chr22","13503392","13503526","18","12093364"
"KN294842v1","1424007","1424299","chr22","13517169","13517463","24","12093162"
"KN294842v1","1462160","1462469","chr1","125529178","125529481","67","124067018"
"KN294842v1","1495816","1496125","chr22","13589753","13590055","18","12093937"
"KN294842v1","1498782","1499089","chr22","13592285","13592575","37","12093503"
"KN294842v1","1502605","1502900","chr22","13595777","13596072","23","12093172"
"KN294842v1","1514159","1514368","chr22","13601399","13601608","15","12087240"
"KN294842v1","1570748","1571052","chr1","52227512","52227823","66","50656764"
"KN294842v1","1601258","1601543","chr1","62239418","62239712","62","60638160"
"KN294842v1","1601566","1601688","chr17","1670022","1670146","18","68456"
"KN294842v1","1656602","1656900","chr22","13732690","13732985","24","12076088"
"KN294842v1","1719057","1719357","chr16","29946402","29946703","61","28227345"
"KN294842v1","1733097","1733393","chr12","52967815","52968111","51","51234718"
"KN294842v1","1756071","1756351","chr22","13829513","13829795","19","12073442"
"KN294842v1","1756396","1756424","chr16","78121086","78121108","8","76364690"
"KN294842v1","1770718","1770917","chr22","13844005","13844201","31","12073287"
"KN294842v1","1783096","1783233","chr22","13856237","13856376","11","12073141"
"KN294842v1","1808635","1808918","chr1","130900859","130901161","61","129092224"
"KN294842v1","1821403","1821755","chr7","490001","490339","94","1331402"
"KN294842v1","1838674","1838919","chr10","35564650","35564895","50","33725976"
"KN294842v1","1858190","1858281","chr22","13927390","13927486","11","12069200"
"KN294842v1","1858865","1858977","chr22","13928058","13928170","9","12069193"
"KN294842v1","1866608","1866892","chr22","13935745","13936028","21","12069137"
"KN294842v1","1875013","1875121","chr3","44464613","44464711","21","42589600"
"KN294842v1","1885951","1886075","chr22","13955423","13955547","6","12069472"
"KN294842v1","1907982","1908278","chr5","46654232","46654532","77","44746250"
"KN294842v1","1950906","1951036","chr22","14020544","14020663","15","12069638"
"KN294842v1","1957991","1958175","chr16","76507896","76508075","40","74549905"
"KN294842v1","1958224","1958343","chr5","15029983","15030102","18","13071759"
"KN294842v1","1964598","1964797","chr22","14033962","14034161","19","12069364"
"KN294842v1","1965042","1965181","chr22","14034402","14034541","6","12069360"
"KN294844v1","852638","852879","chr12","77978536","77978776","30","77125898"
"KN294844v1","904134","904261","chr12","78031045","78031172","10","77126911"
"KN294844v1","1119409","1119682","chr12","78224075","78224335","35","77104666"
"KN294844v1","1198620","1198744","chr1","25289558","25289685","25","24090938"
"KN294847v1","16375","16500","chr10","43562194","43562320","7","43545819"
"KN294847v1","45890","46191","chr10","43526476","43526774","26","43480586"
"KN294847v1","229130","229429","chr10","43323798","43324103","28","43094668"
"KN294848v1","786384","786705","chr19","33359263","33359597","41","32572879"
"KN294848v1","9758","10058","chr19","32591845","32592137","25","32582087"
"KN294848v1","24633","24799","chr3","45788689","45788856","28","45764056"
"KN294848v1","25104","25247","chr4","151177378","151177518","27","151152274"
"KN294848v1","39867","40176","chr19","32621706","32621994","36","32581839"
"KN294848v1","100832","101140","chr16","20245650","20245953","78","20144818"
"KN294848v1","118824","119108","chr19","32698500","32698788","46","32579676"
"KN294848v1","144448","144757","chr19","32725742","32726037","38","32581294"
"KN294848v1","208787","209124","chr19","32788571","32788884","56","32579784"
"KN294848v1","277180","277493","chr7","156885225","156885531","51","156608045"
"KN294848v1","386687","386877","chr1","27181991","27182170","51","26795304"
"KN294848v1","390819","391172","chr9","120158250","120158578","94","119767431"
"KN294848v1","394709","394995","chr6","150355504","150355783","51","149960795"
"KN294848v1","440916","441038","chr19","33021590","33021713","9","32580674"
"KN294848v1","443243","443535","chr4","151254116","151254407","62","150810873"
"KN294848v1","464073","464385","chr19","33043989","33044285","38","32579916"
"KN294848v1","493664","493965","chr19","33072120","33072419","18","32578456"
"KN294848v1","515527","515825","chr1","208251289","208251586","71","207735762"
"KN294848v1","520522","520591","chr12","118692236","118692292","23","118171714"
"KN294848v1","586169","586443","chr19","33169045","33169302","31","32582876"
"KN294848v1","645806","646105","chr16","78223728","78224017","58","77577922"
"KN294848v1","679973","680075","chr4","184672072","184672178","23","183992099"
"KN294848v1","700681","700965","chr9","115447640","115447932","57","114746959"
"KN294848v1","704787","705072","chr19","33281222","33281507","31","32576435"
"KN294848v1","705828","706129","chr12","112174314","112174616","52","111468486"
"KN294848v1","715144","715455","chr11","71146200","71146505","48","70431056"
"KN294848v1","718676","718975","chr19","33294454","33294759","27","32575778"
"KN294848v1","737802","738098","chr19","33310321","33310626","31","32572519"
"KN294848v1","740149","740417","chr19","33312744","33312992","42","32572595"
"KN294848v1","751020","751165","chr1","8927025","8927172","30","8176005"
"KN294848v1","784560","784817","chr1","31941794","31942030","74","31157234"
"KN294848v1","800311","800445","chr6","20750678","20750808","15","19950367"
"KN294848v1","819714","820016","chr19","10560533","10560841","51","9740819"
"KN294848v1","836171","836466","chr20","33292433","33292724","54","32456262"
"KN294848v1","895116","895429","chr13","18328261","18328571","53","17433145"
"KN294848v1","933952","934261","chr19","33501815","33502110","31","32567863"
"KN294848v1","950956","951272","chr19","33513329","33513660","39","32562373"
"KN294848v1","959270","959575","chr19","33522020","33522319","31","32562750"
"KN294848v1","970614","970869","chr6","43957340","43957587","58","42986726"
"KN294848v1","980153","980269","chr22","8627251","8627370","27","7647098"
"KN294848v1","981023","981323","chr19","33544367","33544668","18","32563344"
"KN294848v1","1028025","1028302","chr19","33594117","33594420","41","32566092"
"KN294848v1","1028656","1028938","chr19","33594766","33595059","26","32566110"
"KN294848v1","1037801","1038106","chr19","33603942","33604247","26","32566141"
"KN294848v1","1039384","1039506","chr1","40356775","40356899","18","39317391"
"KN294848v1","1051163","1051433","chr19","33616805","33617083","26","32565642"
"KN294848v1","1135095","1135183","chr1","135426185","135426273","15","134291090"
"KN294848v1","1142491","1142629","chr9","114837511","114837645","18","113695020"
"KN294848v1","1143352","1143643","chr4","151379400","151379693","55","150236048"
"KN294848v1","1158542","1158775","chr19","33723943","33724178","13","32565401"
"KN294848v1","1203593","1203717","chr5","62818283","62818407","15","61614690"
"KN294848v1","1218667","1218911","chr19","33780474","33780717","16","32561807"
"KN294848v1","1345079","1345242","chr19","55730844","55731009","36","54385765"
"KN294848v1","1383452","1383744","chr19","33947368","33947657","23","32563916"
"KN294848v1","1397268","1397574","chr19","33960350","33960661","33","32563082"
"KN294848v1","1401804","1402097","chr19","33964577","33964881","45","32562773"
"KN294848v1","1406985","1407115","chr19","43984669","43984791","20","42577684"
"KN294848v1","1525762","1525886","chr18","28062920","28063043","12","26537158"
"KN294848v1","1532750","1533045","chr10","105264645","105264926","70","103731895"
"KN294848v1","1547167","1547459","chr11","72636892","72637182","64","71089725"
"KN294849v1","25667","25950","chr11","16311610","16311892","19","16285943"
"KN294849v1","29102","29347","chr11","16314604","16314848","25","16285502"
"KN294849v1","127963","128087","chr11","16412886","16413010","15","16284923"
"KN294850v1","31730","31994","chrX","101188853","101189124","18","101157123"
"KN294850v1","58940","59054","chr10","46260187","46260299","21","46201247"
"KN294850v1","59352","59542","chr19","17347619","17347801","48","17288267"
"KN294850v1","73196","73318","chrX","101230865","101230988","5","101157669"
"KN294850v1","116141","116259","chrX","101272457","101272573","10","101156316"
"KN294850v1","214647","214760","chrX","101373119","101373217","19","101158472"
"KN294852v1","18225","18368","chr7","74536936","74537075","25","74518711"
"KN294855v1","21978","22073","chr3","12883697","12883790","28","12861719"
"KN294856v1","16247","16361","chr9","114310032","114310148","21","114293785"
"KN294856v1","16406","16566","chr8","86052295","86052448","36","86035889"
"KN294856v1","16630","16921","chr1","134788103","134788420","65","134771473"
"KN294856v1","30443","30665","chr1","134654036","134654257","18","134623593"
"KN294856v1","46175","46376","chr10","100848906","100849113","55","100802731"
"KN294856v1","50601","50882","chr1","134631614","134631891","23","134581013"
"KN294856v1","59134","59314","chr5","7304502","7304677","57","7245368"
"KN294856v1","59335","59589","chrX","51408607","51408879","66","51349272"
"KN294856v1","72117","72419","chr1","134605976","134606292","32","134533859"
"KN294856v1","80362","80508","chr1","134597273","134597410","21","134516911"
"KN294856v1","108373","108649","chr1","134569769","134570073","51","134461396"
"KN294856v1","154407","154547","chr1","134525758","134525898","15","134371351"
"KN294856v1","212757","212930","chr1","134452147","134452326","18","134239390"
"KN294856v1","236285","236637","chr5","54192105","54192454","75","53955820"
"KN294856v1","239859","240151","chr3","198479938","198480211","74","198240079"
"KN294856v1","326408","326566","chr1","134349813","134349971","11","134023405"
"KN294856v1","360523","360646","chr2A","37486262","37486381","19","37125739"
"KN294861v1","36615","36912","chr6","44473073","44473368","57","44436458"
"KN294861v1","258123","258397","chr5","63043864","63044162","43","62785741"
"KN294861v1","258706","258735","chr11","7863477","7863500","8","7604771"
"KN294862v1","124807","125080","chr15","65196298","65196592","44","65071491"
"KN294863v1","74219","74507","chr10","43658914","43659201","15","43584695"
"KN294863v1","136903","137161","chr6","94047219","94047482","61","93910316"
"KN294863v1","284768","285069","chr10","43878863","43879178","44","43594095"
"KN294863v1","453282","453615","chr10","44029314","44029638","28","43576032"
"KN294864v1","291578","291863","chr8","74746167","74746450","63","74454589"
"KN294864v1","536333","536568","chr18","44929992","44930227","71","44393659"
"KN294864v1","758470","758589","chr14","59379259","59379378","32","58620789"
"KN294864v1","885081","885321","chr4","179520936","179521179","25","178635855"
"KN294864v1","897661","897915","chr2B","63267712","63267970","64","62370051"
"KN294864v1","961665","961945","chr4","179420637","179420907","28","178458972"
"KN294873v1","7292","7606","chr14","51420940","51421250","24","51413648"
"KN294873v1","19596","19700","chr1","158677535","158677643","30","158657939"
"KN294873v1","133956","134045","chr14","51562944","51563033","8","51428988"
"KN294873v1","385988","386114","chr14","51802479","51802603","7","51416491"
"KN294873v1","600435","600713","chr8","28568856","28569124","67","27968421"
"KN294873v1","767974","768256","chrX","154088871","154089156","77","153320897"
"KN294873v1","879548","879824","chr11","28207685","28207970","75","27328137"
"KN294873v1","950522","950814","chr14","52382185","52382468","38","51431663"
"KN294873v1","951066","951381","chr14","52382725","52383043","32","51431659"
"KN294873v1","990446","990576","chr14","52425304","52425446","20","51434858"
"KN294873v1","1041659","1041942","chr4","8975069","8975345","68","7933410"
"KN294873v1","1077425","1077558","chr5","34604244","34604378","22","33526819"
"KN294873v1","1115964","1116189","chr8","28417971","28418194","49","27302007"
"KN294873v1","1123825","1124112","chr5","33798007","33798288","56","32674182"
"KN294873v1","1145945","1146228","chr14","52574479","52574757","24","51428534"
"KN294873v1","1157490","1157785","chr12","117223874","117224168","56","116066384"
"KN294873v1","1230340","1230639","chr2A","73665192","73665502","77","72434852"
"KN294873v1","1233446","1233708","chr14","52711073","52711334","10","51477627"
"KN294873v1","1253930","1254053","chr14","52734127","52734251","12","51480197"
"KN294873v1","1409836","1410133","chr2A","100578754","100579054","57","99168918"
"KN294873v1","1497702","1497998","chr19","45993093","45993379","62","44495391"
"KN294873v1","1524021","1524273","chr14","53012621","53012874","24","51488600"
"KN294873v1","1564988","1565110","chr14","53043024","53043146","4","51478036"
"KN294873v1","1597558","1597719","chr14","53080712","53080884","24","51483154"
"KN294873v1","1598012","1598152","chr14","53081184","53081318","17","51483172"
"KN294873v1","1839375","1839657","chr7","68532303","68532582","79","66692928"
"KN294873v1","1861971","1862277","chr14","53346670","53346976","17","51484699"
"KN294873v1","1871451","1871760","chr9","70282281","70282590","54","68410830"
"KN294873v1","1940728","1940850","chr6","108513734","108513850","21","106573006"
"KN294873v1","2079389","2079702","chr14","53576003","53576293","44","51496614"
"KN294874v1","34015","34159","chr15","18577650","18577786","30","18543635"
"KN294874v1","34458","34629","chr15","18577182","18577353","16","18542724"
"KN294874v1","38773","38911","chr6","5230811","5230938","28","5192038"
"KN294874v1","136712","136799","chr11","65982682","65982766","11","65845970"
"KN294874v1","160278","160573","chr15","18455945","18456240","14","18295667"
"KN294874v1","187840","188160","chr15","18428145","18428445","36","18240305"
"KN294874v1","245558","245689","chr15","18407696","18407827","8","18162138"
"KN294874v1","428247","428505","chr15","18235264","18235522","25","17807017"
"KN294874v1","521407","521509","chr1","51174038","51174139","22","50652631"
"KN294874v1","576558","576680","chrX","3533817","3533929","43","2957259"
"KN294874v1","576932","577062","chr16","4353504","4353630","25","3776572"
"KN294874v1","578450","578574","chr7","28741720","28741843","25","28163270"
"KN294874v1","649997","650123","chr15","17994702","17994827","12","17344705"
"KN294874v1","683816","683978","chr15","17961548","17961728","36","17277732"
"KN294874v1","684298","684451","chr15","17961097","17961245","31","17276799"
"KN294874v1","724412","724706","chr15","17925302","17925599","21","17200890"
"KN294874v1","868385","868508","chr15","17767924","17768047","5","16899539"
"KN294874v1","920971","921287","chr19","49780205","49780516","66","48859234"
"KN294874v1","965723","966010","chr15","17677765","17678050","28","16712042"
"KN294874v1","1342229","1342541","chr1","79388566","79388869","58","78046337"
"KN294874v1","1521274","1521562","chr15","17116368","17116662","24","15595094"
"KN294874v1","1826304","1826478","chr15","16820083","16820257","8","14993779"
"KN294874v1","1998933","1999258","chr15","16632888","16633214","51","14633955"
"KN294874v1","2013335","2013461","chr8","101548752","101548875","17","99535417"
"KN294874v1","2057447","2057742","chr15","16571597","16571896","17","14514150"
"KN294874v1","2122505","2122779","chr15","16505950","16506222","30","14383445"
"KN294879v1","3680","3955","chr7","140011517","140011799","29","140007837"
"KN294879v1","40471","40597","chr1","150400450","150400575","22","150359979"
"KN294879v1","41719","41777","chr7","74275994","74276048","13","74234275"
"KN294879v1","129692","129975","chr7","140125431","140125714","21","139995739"
"KN294879v1","162919","163168","chr7","140161692","140161960","39","139998773"
"KN294879v1","196383","196507","chr7","140194806","140194933","9","139998423"
"KN294879v1","201445","201758","chr7","140199578","140199898","40","139998133"
"KN294879v1","226217","226551","chr3","175583446","175583761","82","175357229"
"KN294879v1","330115","330411","chr7","140332862","140333158","19","140002747"
"KN294879v1","384144","384417","chr7","140385094","140385364","22","140000950"
"KN294879v1","434866","435130","chr1","57913795","57914057","54","57478929"
"KN294879v1","511404","511524","chr7","140520950","140521070","9","140009546"
"KN294879v1","511551","511668","chr7","140521109","140521228","8","140009558"
"KN294879v1","517266","517393","chr7","140526130","140526258","12","140008864"
"KN294879v1","528557","528839","chr1","51325423","51325711","61","50796866"
"KN294879v1","607844","607977","chr12","95237954","95238084","21","94630110"
"KN294879v1","761715","761846","chr7","140814441","140814573","9","140052726"
"KN294879v1","783917","784172","chr7","140836175","140836429","16","140052258"
"KN294879v1","1052671","1052990","chr5","16084152","16084467","60","15031481"
"KN294879v1","1154741","1154860","chr1","186353850","186353968","17","185199109"
"KN294879v1","1181992","1182081","chr7","141233638","141233729","13","140051646"
"KN294879v1","1240941","1241060","chr3","136350763","136350878","23","135109822"
"KN294879v1","1297623","1297757","chr9","33129440","33129577","29","31831817"
"KN294879v1","1398485","1398793","chr7","141469221","141469530","24","140070736"
"KN294883v1","25192","25487","chrX","9211021","9211326","79","9185829"
"KN294883v1","300655","300957","chr8","10995801","10996101","59","10695146"
"KN294883v1","324131","324210","chr9","54658788","54658871","13","54334657"
"KN294884v1","162508","162839","chr3","10244049","10244364","76","10081541"
"KN294891v1","38913","39190","chr3","71298255","71298533","16","71259342"
"KN294893v1","51486","51655","chr16","1718783","1718945","37","1667297"
"KN294893v1","51685","51823","chr1","19291280","19291417","37","19239595"
"KN294893v1","105089","105175","chr2A","21917806","21917889","17","21812717"
"KN294893v1","114991","115281","chr2A","21905282","21905579","23","21790291"
"KN294893v1","181301","181600","chr6","51486835","51487143","56","51305534"
"KN294893v1","188321","188641","chr2A","21829838","21830156","24","21641517"
"KN294893v1","226961","227083","chr14","76903674","76903797","21","76676713"
"KN294893v1","227153","227276","chr2A","21792748","21792871","8","21565595"
"KN294893v1","227729","227855","chr2A","21792161","21792287","5","21564432"
"KN294893v1","245598","245713","chr3","130568574","130568683","25","130322976"
"KN294893v1","285349","285626","chr2A","21731553","21731827","17","21446204"
"KN294893v1","311670","311875","chr1","29308647","29308850","44","28996977"
"KN294893v1","333873","334159","chr2A","21686878","21687178","34","21353005"
"KN294893v1","345134","345432","chr2A","21673887","21674173","32","21328753"
"KN294893v1","347358","347644","chr2A","21671652","21671949","26","21324294"
"KN294893v1","411166","411474","chr8","34486698","34487004","59","34075532"
"KN294893v1","422613","422927","chr2A","21586627","21586937","28","21164014"
"KN294893v1","441108","441339","chr6","7693066","7693309","61","7251958"
"KN294893v1","475317","475447","chr10","37341212","37341338","22","36865895"
"KN294893v1","475455","475734","chr10","41688668","41688941","58","41213213"
"KN294893v1","499792","500000","chr13","5433010","5433206","46","4933218"
"KN294893v1","510128","510395","chr2A","21493089","21493383","51","20982961"
"KN294893v1","532331","532605","chr19","8673629","8673905","63","8141298"
"KN294896v1","4214","4338","chrX","56718941","56719066","14","56714727"
"KN294897v1","6880","7175","chr10","147369070","147369357","30","147362190"
"KN294897v1","285747","286039","chr10","147088841","147089113","38","146803094"
"KN294897v1","460720","460808","chr12","17380771","17380860","20","16920051"
"KN294897v1","497359","497646","chr10","146851911","146852199","25","146354552"
"KN294897v1","500002","500187","chr2B","22683313","22683511","56","22183311"
"KN294897v1","505578","505855","chr10","146844114","146844391","24","146338536"
"KN294897v1","544641","544776","chr10","146806632","146806762","13","146261991"
"KN294899v1","24328","24510","chr16","27975710","27975892","46","27951382"
"KN294899v1","24884","24996","chr11","48439779","48439894","19","48414895"
"KN294899v1","191179","191481","chr5","111242687","111242990","25","111051508"
"KN294899v1","305529","305814","chr5","111353825","111354096","40","111048296"
"KN294899v1","395066","395359","chr11","64182240","64182535","82","63787174"
"KN294899v1","457192","457312","chr5","111485195","111485317","12","111028003"
"KN294899v1","473968","474267","chr11","71146200","71146505","59","70672232"
"KN294899v1","787025","787271","chr5","111824161","111824395","29","111037136"
"KN294899v1","875129","875431","chr7","36811105","36811408","64","35935976"
"KN294899v1","924404","924578","chr12","98723892","98724071","44","97799488"
"KN294899v1","959974","960268","chr9","89652313","89652608","64","88692339"
"KN294899v1","1199145","1199446","chr10","98158056","98158361","61","96958911"
"KN294899v1","1253086","1253214","chr11","113750919","113751045","21","112497833"
"KN294900v1","1027512","1027838","chrX","43505230","43505553","60","42477718"
"KN294900v1","1083760","1084010","chr6","114560647","114560896","17","113476887"
"KN294900v1","1180674","1180791","chr16","4303205","4303330","30","3122531"
"KN294900v1","1192833","1192950","chr16","4303205","4303330","30","3110372"
"KN294900v1","1334143","1334434","chr6","114318269","114318558","23","112984126"
"KN294901v1","56218","56309","chr3","12883697","12883790","28","12827479"
"KN294902v1","42294","42423","chr8","1619940","1620069","27","1577646"
"KN294911v1","861285","861527","chr5","119449899","119450169","49","118588614"
"KN294911v1","1279730","1280018","chr17","23883477","23883755","55","22603747"
"KN294911v1","1320755","1321083","chr5","118981196","118981505","37","117660441"
"KN294911v1","1490692","1490792","chr5","118812130","118812240","19","117321438"
"KN294911v1","1938088","1938382","chr2A","96012091","96012387","61","94074003"
"KN294911v1","1958260","1958358","chr5","118369332","118369419","18","116411072"
"KN294911v1","2011071","2011185","chr16","13782355","13782468","26","11771284"
"KN294911v1","2011218","2011369","chr4","46284885","46285033","37","44273667"
"KN294911v1","2039968","2040099","chr5","118282213","118282344","9","116242245"
"KN294911v1","2062958","2063205","chr7","128016183","128016393","95","125953225"
"KN294911v1","2063515","2063646","chr4","44484687","44484820","23","42421172"
"KN294911v1","2085892","2086026","chr5","118241011","118241145","9","116155119"
"KN294911v1","2097704","2097921","chr5","118226801","118227018","13","116129097"
"KN294911v1","2102245","2102534","chr5","118221451","118221734","23","116119206"
"KN294911v1","2105393","2105438","chr2B","111634098","111634151","14","109528705"
"KN294911v1","2105732","2105846","chr1","9745191","9745309","30","7639459"
"KN294911v1","2116338","2116648","chr5","118208923","118209231","21","116092585"
"KN294911v1","2130704","2130914","chr2B","124999519","124999726","45","122868815"
"KN294911v1","2138345","2138473","chr5","118180361","118180489","9","116042016"
"KN294911v1","2196562","2196862","chr5","118128775","118129082","31","115932213"
"KN294911v1","2197811","2198110","chr5","118127527","118127825","22","115929716"
"KN294911v1","2198643","2198907","chr5","118126692","118126994","54","115928049"
"KN294911v1","2212891","2213226","chr5","118111615","118111947","32","115898724"
"KN294911v1","2222154","2222414","chr12","1452146","1452412","59","770008"
"KN294911v1","2226757","2226950","chr5","118099530","118099709","24","115872773"
"KN294911v1","2227240","2227370","chr5","118099108","118099232","9","115871868"
"KN294911v1","2234020","2234146","chr5","17939274","17939398","15","15705254"
"KN294911v1","2241201","2241498","chr5","118090168","118090476","19","115848967"
"KN294911v1","2249292","2249417","chr5","118081928","118082048","10","115832636"
"KN294911v1","2322285","2322616","chr5","118007613","118007932","27","115685328"
"KN294911v1","2344353","2344485","chr5","117986147","117986278","8","115641794"
"KN294911v1","2354986","2355268","chr5","117975842","117976124","18","115620856"
"KN294911v1","2394948","2395071","chr5","117938639","117938762","11","115543691"
"KN294911v1","2405000","2405302","chr5","117928992","117929293","19","115523992"
"KN294911v1","2449336","2449569","chr5","117882159","117882392","12","115432823"
"KN294911v1","2452028","2452227","chr15","21784105","21784298","51","19332077"
"KN294911v1","2470217","2470487","chr5","117863831","117864101","22","115393614"
"KN294911v1","2550252","2550454","chr7","6032344","6032555","56","3482092"
"KN294911v1","2552527","2552645","chr5","117782047","117782169","14","115229520"
"KN294911v1","2553659","2553950","chr5","117780749","117781048","26","115227090"
"KN294911v1","2562049","2562339","chr5","117772830","117773106","42","115210781"
"KN294911v1","2606626","2606742","chr20","36984583","36984690","30","34377957"
"KN294911v1","2614616","2614923","chr5","117732653","117732984","60","115118037"
"KN294911v1","2637521","2637831","chr5","117711596","117711903","27","115074075"
"KN294911v1","2659996","2660120","chr5","117689076","117689201","15","115029080"
"KN294911v1","2661537","2661768","chr2B","131712917","131713151","59","129051380"
"KN294911v1","2708434","2708515","chr5","117639397","117639478","4","114930963"
"KN294911v1","2723427","2723729","chr5","117622376","117622682","20","114898949"
"KN294911v1","2812891","2813206","chr1","94184963","94185274","66","91372072"
"KN294911v1","2854778","2855065","chr5","117490635","117490947","46","114635857"
"KN294911v1","2865672","2865796","chr15","26444329","26444453","17","23578657"
"KN294911v1","2919201","2919495","chr5","117431573","117431868","26","114512372"
"KN294911v1","2939666","2939769","chr5","117412146","117412249","5","114472480"
"KN294911v1","3000120","3000210","chr20","15510224","15510310","14","12510104"
"KN294911v1","3022496","3022773","chr5","117331395","117331667","22","114308899"
"KN294911v1","3268666","3268784","chr5","117078559","117078673","9","113809893"
"KN294911v1","3646056","3646197","chr2A","78255274","78255415","22","74609218"
"KN294911v1","3734542","3734871","chr19","8150716","8151047","70","4416174"
"KN294911v1","3734890","3734995","chr7","72387158","72387267","22","68652268"
"KN294911v1","3757845","3757904","chr8","63396723","63396782","7","59638878"
"KN294911v1","3786111","3786415","chr5","116563095","116563401","28","112776984"
"KN294911v1","3804877","3805173","chr4","38734873","38735151","84","34929996"
"KN294911v1","3815147","3815183","chr1","94414658","94414694","5","90599511"
"KN294911v1","3819550","3819689","chr20","46205547","46205683","35","42385997"
"KN294911v1","3819716","3819814","chr18","44291700","44291804","26","40471984"
"KN294911v1","3855527","3855648","chr2B","53458136","53458259","20","49602609"
"KN294911v1","3859806","3859921","chr16","27315619","27315722","33","23455813"
"KN294911v1","3860223","3860342","chr5","111864332","111864437","34","108004109"
"KN294911v1","3884785","3884919","chr5","116469965","116470099","5","112585180"
"KN294911v1","3886534","3886806","chr5","79116011","79116288","61","75229477"
"KN294911v1","3906943","3907078","chr12","57258842","57258974","41","53351899"
"KN294911v1","3907382","3907520","chr1","1940892","1941022","30","1966490"
"KN294911v1","3939291","3939466","chr5","116409584","116409754","18","112470293"
"KN294911v1","3939765","3939899","chr5","116409106","116409240","10","112469341"
"KN294911v1","3946045","3946163","chr5","116402489","116402607","6","112456444"
"KN294911v1","3986777","3987017","chr5","116363009","116363258","16","112376232"
"KN294911v1","4035710","4035993","chr5","116315793","116316078","21","112280083"
"KN294911v1","4041148","4041416","chr5","116310102","116310388","42","112268954"
"KN294911v1","4045199","4045440","chr14","38166446","38166682","49","34121247"
"KN294911v1","4046648","4046949","chr5","116304600","116304916","32","112257952"
"KN294911v1","4150463","4150763","chr5","116201996","116202303","33","112051533"
"KN294911v1","4159844","4160120","chr11","117059306","117059587","65","112899462"
"KN294911v1","4279741","4280024","chr18","28837393","28837676","51","24557652"
"KN294911v1","4350531","4350756","chr5","116003325","116003550","13","111652794"
"KN294911v1","4416227","4416539","chr5","115927744","115928026","46","111511517"
"KN294911v1","4458865","4459166","chr5","115881600","115881901","13","111422735"
"KN294911v1","4524470","4524768","chr5","115817719","115818019","16","111293249"
"KN294911v1","4690529","4690831","chr5","115649823","115650124","19","110959294"
"KN294911v1","4964245","4964364","chr3","154700912","154701029","20","149736667"
"KN294917v1","200509","200803","chr13","3639904","3640193","63","3439395"
"KN294917v1","246662","246752","chr9","93540637","93540727","14","93293975"
"KN294917v1","247302","247341","chr4","39600927","39600965","7","39353625"
"KN294917v1","261615","261897","chrX","53825086","53825371","50","53563471"
"KN294917v1","350986","351272","chr3","41238504","41238791","21","40887518"
"KN294917v1","366949","367252","chr7","78960841","78961129","70","78593892"
"KN294917v1","367545","367845","chr3","41215919","41216219","30","40848374"
"KN294917v1","403268","403570","chr3","41180572","41180873","15","40777304"
"KN294917v1","414619","414747","chr5","55122992","55123122","20","54708373"
"KN294917v1","414832","414965","chr2A","32647814","32647948","18","32232982"
"KN294917v1","577117","577399","chr3","41000841","41001126","13","40423724"
"KN294917v1","601213","601533","chr3","40975348","40975662","23","40374135"
"KN294917v1","649613","649889","chr3","40917026","40917321","38","40267413"
"KN294917v1","1134100","1134396","chr3","40406252","40406548","17","39272152"
"KN294917v1","1190709","1190767","chr5","32427966","32428023","9","31237257"
"KN294917v1","1319740","1320009","chr11","123630407","123630674","56","122310667"
"KN294920v1","24025","24301","chr10","114686531","114686803","66","114662506"
"KN294921v1","20936","21251","chr9","78866403","78866708","29","78845467"
"KN294921v1","74636","74946","chr10","67569371","67569654","61","67494735"
"KN294921v1","85129","85444","chr18","11465591","11465890","74","11380462"
"KN294921v1","127552","127830","chr9","78951588","78951892","38","78824036"
"KN294921v1","184034","184146","chr17","2409347","2409455","27","2225313"
"KN294921v1","538307","538563","chr9","10392110","10392363","22","9853803"
"KN294921v1","595038","595340","chrUn_CABD030132403v1","483","719","84","594555"
"KN294921v1","696138","696427","chr10","25391401","25391690","55","24695263"
"KN294921v1","784174","784478","chr13","95947709","95948005","64","95163535"
"KN294921v1","854827","855130","chr12","34752889","34753197","72","33898062"
"KN294922v1","47076","47335","chr7","68148961","68149213","76","68101885"
"KN294922v1","165596","165909","chr12","102594176","102594485","62","102428580"
"KN294922v1","197296","197578","chr2A","38956688","38956970","19","38759392"
"KN294922v1","247738","248021","chr2A","39008115","39008398","15","38760377"
"KN294922v1","260094","260412","chr2A","39019683","39019987","36","38759589"
"KN294922v1","600017","600303","chr2A","39356134","39356420","13","38756117"
"KN294922v1","620464","620679","chr2A","79833197","79833410","52","79212733"
"KN294922v1","779268","779580","chr1","12002751","12003059","61","11223483"
"KN294933v1","12815","13103","chr13","96212515","96212810","25","96199700"
"KN294933v1","31145","31399","chr13","96194339","96194630","55","96163194"
"KN294933v1","67534","67811","chr13","96162201","96162474","23","96094667"
"KN294933v1","156227","156532","chr13","96088864","96089149","37","95932637"
"KN294933v1","158230","158517","chr13","96086879","96087164","21","95928649"
"KN294933v1","257957","258193","chr7","66314638","66314866","53","66056681"
"KN294933v1","286193","286487","chr13","95947709","95948005","20","95661516"
"KN294933v1","325085","325348","chr13","95908582","95908854","30","95583497"
"KN294933v1","821350","821471","chr13","95359981","95360102","11","94538631"
"KN294934v1","133784","134099","chr4","187267898","187268202","38","187134114"
"KN294934v1","155113","155400","chr4","187288437","187288747","44","187133324"
"KN294934v1","163489","163776","chr4","187297530","187297823","31","187134041"
"KN294934v1","311047","311362","chr4","187435969","187436281","34","187124922"
"KN294934v1","418647","418956","chrX","71293083","71293402","70","70874436"
"KN294939v1","702880","703062","chr20","33500001","33500188","34","32797121"
"KN294940v1","97820","98109","chr2A","76031537","76031826","16","75933717"
"KN294940v1","259049","259333","chr2A","76187399","76187674","27","75928350"
"KN294940v1","283435","283643","chr19","45097781","45097993","50","44814346"
"KN294940v1","309020","309343","chr2A","76229761","76230069","31","75920741"
"KN294940v1","552237","552417","chr16","44059983","44060167","49","43507746"
"KN294940v1","572176","572351","chr8","48045005","48045185","37","47472829"
"KN294941v1","19450","19595","chr11","3324492","3324629","29","3305042"
"KN294941v1","71035","71268","chr13","20072737","20072978","21","20001702"
"KN294945v1","9202","9396","chr21","35363486","35363678","16","35354284"
"KN294945v1","402503","402627","chr9","13918319","13918443","16","13515816"
"KN294945v1","464273","464543","chr21","35834239","35834523","30","35369966"
"KN294945v1","538667","538949","chr21","35907562","35907857","32","35368895"
"KN294945v1","622495","622759","chr21","35989532","35989818","44","35367037"
"KN294945v1","675861","676226","chr5","37569171","37569500","117","36893310"
"KN294945v1","717530","717825","chr3","54184957","54185250","60","53467427"
"KN294946v1","164014","164302","chr12","113286651","113286950","74","113122637"
"KN294946v1","283916","284148","chr7","107378832","107379064","8","107094916"
"KN294946v1","430651","430952","chr7","107213449","107213750","16","106782798"
"KN294946v1","483111","483436","chr7","107162134","107162473","40","106679023"
"KN294948v1","6039","6208","chr5","19798992","19799166","31","19792953"
"KN294949v1","24972","25101","chr13","6269438","6269567","10","6244466"
"KN294949v1","82729","82850","chr13","6349004","6349134","20","6266275"
"KN294949v1","131836","131966","chr4","41394170","41394300","22","41262334"
"KN294949v1","139677","139952","chr12","11449412","11449696","68","11309735"
"KN294949v1","165832","166134","chr13","6448281","6448579","20","6282449"
"KN294949v1","186132","186433","chr13","6467565","6467862","21","6281433"
"KN294949v1","217443","217738","chr19","18591882","18592173","60","18374439"
"KN294949v1","226344","226540","chr13","6504252","6504423","40","6277908"
"KN294949v1","226821","226961","chr13","6504733","6504869","15","6277912"
"KN294949v1","283586","283707","chr10","40749912","40750034","19","40466326"
"KN294949v1","295465","295751","chr7","2935770","2936066","72","2640305"
"KN294949v1","368344","368468","chr13","890502","890624","11","522158"
"KN294949v1","466072","466362","chr13","6787865","6788178","52","6321793"
"KN294949v1","507687","507986","chr13","6822164","6822459","20","6314477"
"KN294949v1","517551","517733","chr13","6832021","6832195","22","6314470"
"KN294949v1","548961","549133","chr13","6860230","6860402","13","6311269"
"KN294949v1","612814","612974","chr7","77613401","77613566","35","77000587"
"KN294949v1","613270","613417","chr11","66543117","66543257","30","65929847"
"KN294949v1","657322","657454","chr3","13001136","13001269","19","12343814"
"KN294949v1","750555","750827","chr3","12799805","12800071","56","12049250"
"KN294949v1","756770","757083","chr9","118965241","118965543","75","118208471"
"KN294949v1","759878","760151","chr13","7056242","7056528","36","6296364"
"KN294949v1","783379","783507","chr15","42570157","42570287","20","41786778"
"KN294949v1","804066","804327","chr13","7100529","7100786","23","6296463"
"KN294949v1","1011110","1011399","chr13","7318292","7318592","45","6307182"
"KN294949v1","1058983","1059271","chr13","7365293","7365581","47","6306310"
"KN294949v1","1135026","1135334","chr13","7440715","7441021","31","6305689"
"KN294949v1","1144133","1144383","chr14","52711073","52711334","74","51566940"
"KN294949v1","1239499","1239761","chr13","7542616","7542870","21","6303117"
"KN294949v1","1374508","1374629","chr13","7668597","7668718","14","6294089"
"KN294949v1","1375828","1376127","chr13","7669918","7670217","24","6294090"
"KN294949v1","1385282","1385560","chr5","56155049","56155333","70","54769767"
"KN294949v1","1488402","1488690","chr13","7855879","7856189","40","6367477"
"KN294949v1","1502346","1502647","chr13","7869623","7869941","43","6367277"
"KN294949v1","1567880","1568190","chr13","7937793","7938117","48","6369913"
"KN294949v1","1612747","1612884","chr13","7981155","7981295","11","6368408"
"KN294952v1","8000","8304","chr12","121368057","121368340","65","121360057"
"KN294952v1","13011","13171","chr6","146845868","146846028","15","146832857"
"KN294952v1","21451","21493","chr6","146854482","146854523","4","146833031"
"KN294952v1","40823","40948","chr6","146867842","146867977","17","146827019"
"KN294954v1","125060","125354","chr5","110741078","110741367","45","110616018"
"KN294957v1","49986","50122","chr18","46131601","46131736","13","46081615"
"KN294957v1","50432","50610","chr5","138441641","138441812","37","138391209"
"KN294957v1","110912","111094","chr8","48045005","48045185","49","47934093"
"KN294957v1","111378","111489","chr14","13849500","13849608","23","13738122"
"KN294957v1","124382","124675","chr18","46215210","46215498","28","46090828"
"KN294959v1","276596","276819","chr4","72914177","72914401","57","72637581"
"KN294959v1","1049641","1049933","chr1","107075401","107075696","31","106025760"
"KN294960v1","6039","6281","chr3","45316842","45317091","77","45310803"
"KN294961v1","12005","12128","chr5","133652984","133653113","12","133640979"
"KN294961v1","37602","37882","chr5","133626819","133627106","27","133589217"
"KN294964v1","109979","110265","chr2B","111089755","111090047","24","110979776"
"KN294964v1","393614","393799","chr2B","111370601","111370797","17","110976987"
"KN294964v1","432736","433015","chr2B","111410353","111410651","43","110977617"
"KN294964v1","564188","564307","chr3","154700912","154701029","15","154136724"
"KN294964v1","568935","569178","chr2B","111550381","111550623","8","110981446"
"KN294964v1","579859","580141","chr2A","65414599","65414873","55","64834740"
"KN294964v1","607998","608336","chr2B","111578306","111578607","60","110970308"
"KN294964v1","613044","613351","chr2B","111582988","111583300","26","110969944"
"KN294964v1","625516","625795","chr2B","111596796","111597074","18","110971280"
"KN294964v1","627740","627869","chr2B","111598403","111598533","5","110970663"
"KN294964v1","628556","628766","chr9","113298761","113298991","59","112670205"
"KN294964v1","628965","629013","chr11","62933576","62933622","10","62304611"
"KN294964v1","667412","667603","chr1","152774005","152774196","39","152106593"
"KN294964v1","688584","688851","chr2B","111652668","111652955","33","110964084"
"KN294964v1","712625","712919","chr2B","111672357","111672645","27","110959732"
"KN294964v1","735230","735352","chr2B","111692866","111692988","7","110957636"
"KN294964v1","753802","753922","chr1","130186722","130186837","20","129432920"
"KN294964v1","772694","772813","chr2B","111732807","111732926","6","110960113"
"KN294964v1","850011","850127","chr1","64632694","64632791","33","63782683"
"KN294964v1","869555","869687","chr18","18066410","18066541","22","17196855"
"KN294964v1","884838","885085","chr8","77915284","77915534","66","77030446"
"KN294964v1","973122","973332","chr2B","111942486","111942700","16","110969364"
"KN294964v1","976178","976459","chr8","27312099","27312364","76","26335921"
"KN294964v1","1038667","1038973","chr12","130918904","130919216","59","129880237"
"KN294964v1","1208180","1208439","chr2B","112174451","112174734","39","110966271"
"KN294964v1","1258331","1258656","chr2B","112232632","112232959","17","110974301"
"KN294964v1","1331392","1331599","chr2B","112303850","112304047","26","110972458"
"KN294964v1","1391917","1392038","chr3","191443166","191443284","21","190051249"
"KN294964v1","1405824","1405954","chr7","74273201","74273327","22","72867377"
"KN294964v1","1523257","1523557","chr2B","112495255","112495561","22","110971998"
"KN294964v1","1527933","1528050","chr2B","112499840","112499958","5","110971907"
"KN294964v1","1611690","1611825","chr3","13539438","13539570","26","11927748"
"KN294964v1","1654919","1655222","chr1","60553556","60553854","65","58898637"
"KN294964v1","1660686","1660996","chr2B","112639717","112640028","26","110979031"
"KN294964v1","1676160","1676303","chr2B","112658884","112659012","32","110982724"
"KN294964v1","1676614","1676808","chr11","47507990","47508174","50","45831376"
"KN294964v1","1710584","1710851","chr2B","112692246","112692504","30","110981662"
"KN294964v1","1821504","1821795","chr2B","112801350","112801650","23","110979846"
"KN294964v1","1899926","1900057","chr2B","112877610","112877739","6","110977684"
"KN294964v1","2020712","2021020","chr2B","112998450","112998758","17","110977738"
"KN294964v1","2114141","2114266","chr2B","113095705","113095831","9","110981564"
"KN294966v1","2173","2297","chrX","68089248","68089369","6","68087075"
"KN294966v1","10369","10652","chrX","68080788","68081064","27","68070419"
"KN294966v1","19459","19693","chr7","66119343","66119578","50","66099884"
"KN294966v1","20410","20568","chrX","68070900","68071048","18","68050490"
"KN294966v1","26306","26574","chr8","28568856","28569124","57","28542550"
"KN294966v1","43543","43854","chr14","59928779","59929085","61","59885236"
"KN294966v1","51285","51575","chrX","68038572","68038867","21","67987287"
"KN294966v1","58909","59230","chr22","1709192","1709498","66","1650283"
"KN294966v1","70448","70726","chr19","15408880","15409161","57","15338432"
"KN294966v1","72659","72817","chr10","106695927","106696088","35","106623268"
"KN294966v1","73681","73801","chr1","46380034","46380153","24","46306353"
"KN294970v1","186611","186908","chr6","35413025","35413332","69","35226414"
"KN294970v1","332851","333096","chr6","94708916","94709162","22","94376065"
"KN294970v1","765803","766096","chr6","95152594","95152868","39","94386791"
"KN294971v1","1395","1685","chr16","60974649","60974930","69","60973254"
"KN294973v1","27719","27852","chr10","37623806","37623941","35","37596087"
"KN294973v1","47201","47501","chrX","3636143","3636432","28","3588942"
"KN294973v1","90256","90538","chrX","3668368","3668651","23","3578112"
"KN294973v1","129884","130190","chrX","3713483","3713774","36","3583599"
"KN294973v1","131605","131910","chrX","19486095","19486394","62","19354490"
"KN294973v1","171194","171524","chrX","3758515","3758844","52","3587321"
"KN294973v1","172352","172644","chr15","44795451","44795737","59","44623099"
"KN294976v1","153729","154031","chr14","50051712","50051997","36","49897983"
"KN294976v1","227722","228008","chr8","101558059","101558345","68","101330337"
"KN294976v1","580265","580443","chr4","13077892","13078076","42","12497627"
"KN294976v1","603850","603983","chr1","40356775","40356899","27","39752925"
"KN294976v1","955725","955843","chr14","49248793","49248911","14","48293068"
"KN294976v1","1070546","1070680","chr6","92601378","92601512","20","91530832"
"KN294976v1","1181170","1181452","chr1","212272839","212273126","68","211091669"
"KN294977v1","30021","30289","chr1","205527415","205527684","13","205497394"
"KN294977v1","133304","133592","chr1","205431220","205431518","30","205297916"
"KN294977v1","139396","139691","chr1","205425680","205425979","14","205286284"
"KN294977v1","181499","181681","chr7","2539253","2539420","44","2357754"
"KN294977v1","181976","182007","chr9","117403525","117403555","10","117221549"
"KN294977v1","182307","182423","chr3","144616756","144616881","25","144434449"
"KN294978v1","1048458","1048585","chr10","85822282","85822414","31","84773824"
"KN294978v1","561346","561647","chr8","55643159","55643435","44","55081813"
"KN294978v1","610864","611173","chr8","55590175","55590464","43","54979311"
"KN294978v1","928922","929147","chr4","179520936","179521179","67","178592014"
"KN294978v1","975057","975344","chr8","55227997","55228285","19","54252940"
"KN294978v1","1043831","1043952","chr2B","53458136","53458259","19","52414305"
"KN294978v1","1100937","1101064","chr20","35800564","35800690","19","34699627"
"KN294978v1","1121917","1122213","chr19","32591845","32592137","56","31469928"
"KN294978v1","1138451","1138578","chr8","101010523","101010645","22","99872072"
"KN294978v1","1151420","1151710","chr8","55058445","55058740","33","53907025"
"KN294978v1","1176875","1177169","chr11","76054944","76055236","56","74878069"
"KN294978v1","1193830","1194117","chr8","55018903","55019190","16","53825073"
"KN294978v1","1199379","1199502","chr3","70780273","70780397","19","69580894"
"KN294978v1","1260576","1260687","chr8","54956457","54956571","11","53695881"
"KN294978v1","1270395","1270692","chr8","54946375","54946672","35","53675980"
"KN294978v1","1494483","1494795","chr8","20992243","20992544","61","19497760"
"KN294978v1","1522171","1522478","chr8","54685450","54685760","20","53163279"
"KN294978v1","1560529","1560790","chr19","2365384","2365648","73","804855"
"KN294978v1","1633357","1633647","chr8","54571769","54572084","44","52938412"
"KN294978v1","1689905","1690105","chr7","42158217","42158413","45","40468312"
"KN294978v1","1705977","1706132","chr8","54496588","54496745","21","52790611"
"KN294978v1","1856676","1856806","chr8","54332959","54333085","17","52476283"
"KN294978v1","1989911","1990034","chr8","54207982","54208101","14","52218071"
"KN294978v1","2208203","2208484","chr19","6218023","6218314","58","4009820"
"KN294978v1","2349223","2349315","chr6","165987165","165987256","18","163637942"
"KN294978v1","2349475","2349810","chr8","53809144","53809460","50","51459669"
"KN294978v1","2398966","2399275","chr3","46467579","46467882","64","44068613"
"KN294978v1","2421034","2421360","chr8","53738668","53738998","28","51317634"
"KN294978v1","2838513","2838817","chr8","53349566","53349870","32","50511053"
"KN294978v1","2879933","2880227","chr8","53306863","53307180","51","50426930"
"KN294978v1","2909300","2909590","chr14","61620376","61620676","78","58711076"
"KN294978v1","3386228","3386354","chr8","52778344","52778470","8","49392116"
"KN294978v1","3623033","3623229","chr12","4589938","4590118","50","966905"
"KN294978v1","3717830","3717954","chr3","144616756","144616881","14","140898926"
"KN294978v1","3767103","3767220","chr8","52372413","52372531","7","48605310"
"KN294978v1","3875974","3876298","chr7","71457978","71458279","73","67582004"
"KN294978v1","3888079","3888202","chr8","52268005","52268128","8","48379926"
"KN294978v1","4548934","4549238","chr1","36757610","36757920","67","32208676"
"KN294978v1","4635124","4635411","chr8","51563521","51563809","21","46928397"
"KN294980v1","35604","35723","chr20","29666193","29666313","10","29630589"
"KN294980v1","35780","36066","chr4","203013210","203013492","29","202977430"
"KN294980v1","124471","124750","chr10","148558374","148558664","29","148433903"
"KN294980v1","466631","466752","chr3","52321582","52321704","24","51854951"
"KN294980v1","549416","549552","chr5","23090258","23090392","22","22540842"
"KN294980v1","679073","679383","chr22","22756085","22756385","71","22077012"
"KN294980v1","862399","862631","chr21","5733325","5733583","38","4870926"
"KN294984v1","87416","87545","chr10","112144991","112145118","20","112057575"
"KN294984v1","120635","120768","chrX","77140335","77140466","8","77019700"
"KN294987v1","25304","25600","chr7","78816351","78816647","60","78791047"
"KN294987v1","44132","44254","chr1","35691862","35691984","9","35647730"
"KN294987v1","143409","143705","chr1","52648985","52649268","61","52505576"
"KN294987v1","166399","166691","chr1","35807209","35807488","37","35640810"
"KN294987v1","167203","167335","chr1","35808030","35808162","7","35640827"
"KN294987v1","169675","169972","chr1","35809888","35810191","25","35640213"
"KN294987v1","189008","189118","chr1","35825970","35826078","12","35636962"
"KN294987v1","229479","229779","chr1","35864462","35864772","29","35634983"
"KN294987v1","246600","246903","chr1","35880973","35881270","19","35634373"
"KN294987v1","247047","247332","chr1","35881414","35881696","27","35634367"
"KN294987v1","255703","255980","chr1","35889857","35890130","27","35634154"
"KN294987v1","266759","267014","chr1","35900546","35900824","43","35633787"
"KN294987v1","274329","274604","chr4","48680809","48681100","69","48406480"
"KN294987v1","277077","277348","chr1","35911683","35911958","25","35634606"
"KN294987v1","315758","316067","chr1","47178390","47178697","54","46862632"
"KN294987v1","328961","329101","chr1","35963486","35963632","12","35634525"
"KN294987v1","329709","329841","chr1","35964240","35964372","7","35634531"
"KN294987v1","353266","353450","chr14","75694128","75694315","34","75340862"
"KN294987v1","363065","363291","chr7","76807433","76807656","42","76444368"
"KN294987v1","519483","519796","chr10","106383254","106383546","78","105863771"
"KN294987v1","540781","541075","chrX","68125277","68125565","55","67584496"
"KN294987v1","545580","545925","chr1","36179120","36179434","58","35633540"
"KN294987v1","561764","561972","chr9","116518382","116518590","46","115956618"
"KN294987v1","576836","577155","chr1","36207435","36207736","46","35630599"
"KN294987v1","593255","593551","chr1","36223416","36223689","40","35630161"
"KN294987v1","623022","623142","chr1","36252061","36252183","14","35629039"
"KN294987v1","656652","656925","chr1","36286087","36286388","41","35629435"
"KN294987v1","669160","669295","chr1","36304016","36304150","3","35634856"
"KN294987v1","702374","702508","chr1","132322054","132322191","21","131619680"
"KN294987v1","716251","716400","chr10","91859631","91859778","31","91143380"
"KN294987v1","716708","716842","chr1","36353170","36353294","20","35636462"
"KN294987v1","721113","721401","chr1","36356675","36356957","22","35635562"
"KN294987v1","736915","737204","chr12","110834201","110834482","71","110097286"
"KN294987v1","757702","757981","chr1","36392903","36393180","20","35635201"
"KN294987v1","764977","765033","chr17","9673130","9673186","8","8908153"
"KN294987v1","779225","779515","chr1","36414939","36415248","34","35635714"
"KN294987v1","802145","802385","chr1","36435264","36435518","49","35633119"
"KN294987v1","823825","824077","chr1","93056402","93056648","54","92232577"
"KN294987v1","878078","878201","chr5","23931145","23931269","22","23053067"
"KN294987v1","903609","903733","chr6","153614185","153614307","19","152710576"
"KN294987v1","934595","934871","chr1","36569037","36569320","28","35634442"
"KN294987v1","962882","963138","chr1","36597710","36597964","23","35634828"
"KN294987v1","1017991","1018117","chr12","120581355","120581481","15","119563364"
"KN294987v1","1041958","1042082","chr1","36679350","36679474","10","35637392"
"KN294987v1","1047980","1048275","chr19","41780944","41781237","53","40732964"
"KN294987v1","1054118","1054239","chr9","114310032","114310148","15","113255914"
"KN294987v1","1061678","1061917","chr1","36697607","36697868","42","35635929"
"KN294987v1","1088983","1089279","chr1","186022125","186022419","59","184933142"
"KN294987v1","1117277","1117598","chr1","36757610","36757920","54","35640333"
"KN294987v1","1184454","1184592","chr12","95764886","95765020","22","94580432"
"KN294987v1","1237849","1238137","chr6","107397655","107397941","54","106159806"
"KN294987v1","1312524","1312616","chr1","110938071","110938151","24","109625547"
"KN294987v1","1362820","1363131","chr1","36996538","36996850","24","35633718"
"KN294987v1","1427628","1427912","chr1","37061939","37062223","25","35634311"
"KN294987v1","1557333","1557613","chr3","52914203","52914483","16","51356870"
"KN294991v1","1139","1251","chr3","57622160","57622275","12","57621021"
"KN294991v1","1549","1742","chr3","57622572","57622767","18","57621023"
"KN294991v1","39157","39441","chr5","91521677","91521966","55","91482520"
"KN294991v1","43928","44004","chr4","93416280","93416355","13","93372352"
"KN294991v1","160139","160235","chr3","57763607","57763699","7","57603468"
"KN294991v1","166908","167220","chr3","57769586","57769888","32","57602678"
"KN294991v1","178191","178314","chr4","41557704","41557835","26","41379513"
"KN294991v1","182210","182485","chr3","57786055","57786288","56","57603845"
"KN294991v1","188374","188561","chr2B","22490217","22490411","37","22301843"
"KN294991v1","190506","190792","chr3","57795807","57796068","44","57605301"
"KN294991v1","191456","191741","chr3","57796772","57797023","48","57605316"
"KN294991v1","209831","210123","chr1","19513839","19514136","48","19304008"
"KN294991v1","294134","294419","chr15","44795451","44795737","51","44501317"
"KN294991v1","300365","300483","chr3","20515202","20515319","13","20214837"
"KN294991v1","300514","300709","chr7","76926612","76926800","49","76626098"
"KN294991v1","353757","354051","chr8","45380450","45380742","49","45026693"
"KN294991v1","359868","359991","chr3","57969431","57969552","8","57609563"
"KN294991v1","383256","383566","chr3","57993698","57994007","27","57610442"
"KN294991v1","389642","389807","chr20","32925600","32925756","37","32535958"
"KN294991v1","390097","390230","chr3","58000232","58000352","23","57610135"
"KN294991v1","401263","401580","chr3","58011063","58011383","17","57609800"
"KN294991v1","421050","421326","chr3","58033435","58033722","34","57612385"
"KN294991v1","432580","432905","chr8","75893220","75893544","68","75460640"
"KN294991v1","443789","444075","chr16","72513754","72514044","60","72069965"
"KN294991v1","488599","488878","chr20","20940819","20941091","65","20452220"
"KN294991v1","538772","538914","chr9","33129440","33129577","28","32590668"
"KN294991v1","539226","539300","chr22","20185488","20185566","16","19646262"
"KN294991v1","606480","606789","chr1","210270176","210270456","96","209663696"
"KN294991v1","611400","611705","chr3","58242220","58242529","26","57630820"
"KN294991v1","682196","682505","chr3","125329164","125329471","66","124646968"
"KN294991v1","687934","688231","chr12","97224866","97225161","57","96536932"
"KN294991v1","703674","703939","chr5","129555363","129555653","73","128851689"
"KN294991v1","731892","732189","chr3","58363457","58363754","17","57631565"
"KN294991v1","758362","758639","chr3","58389407","58389674","28","57631045"
"KN294991v1","789452","789626","chr5","8101343","8101517","45","7311891"
"KN294991v1","789919","790084","chr16","31061862","31062025","35","30271943"
"KN294991v1","906681","906967","chr3","58508302","58508589","21","57601621"
"KN294991v1","915373","915670","chr11","6417356","6417649","53","5501983"
"KN294991v1","920835","921132","chr11","6417356","6417649","53","5496521"
"KN294991v1","948409","948515","chr3","58538851","58538957","1","57590442"
"KN294991v1","957678","957800","chr3","154684473","154684594","23","153726795"
"KN294991v1","970282","970590","chr3","58568726","58569036","22","57598444"
"KN294991v1","1011961","1012251","chr3","58611202","58611489","15","57599241"
"KN294991v1","1021454","1021717","chr3","58622111","58622373","16","57600657"
"KN294991v1","1040966","1041099","chr16","21276045","21276162","23","20235079"
"KN294991v1","1057672","1057948","chr3","58657837","58658110","19","57600165"
"KN294991v1","1058263","1058564","chr3","58658424","58658737","37","57600161"
"KN294991v1","1075342","1075456","chr12","122504308","122504423","36","121428966"
"KN294991v1","1088534","1088657","chr14","76903674","76903797","19","75815140"
"KN294991v1","1183326","1183614","chr8","85426912","85427202","60","84243586"
"KN294991v1","1185700","1186023","chr9","49514169","49514474","75","48328469"
"KN294991v1","1191257","1191387","chr3","58813138","58813264","12","57621881"
"KN294991v1","1191460","1191761","chr3","58813337","58813637","28","57621877"
"KN294991v1","1210424","1210600","chr3","58834246","58834422","8","57623822"
"KN294991v1","1214002","1214290","chr9","34638579","34638868","62","33424577"
"KN294991v1","1245834","1245964","chr19","52525918","52526048","21","51280084"
"KN294991v1","1288960","1289254","chr3","58909278","58909572","16","57620318"
"KN294991v1","1347587","1347890","chr16","9966981","9967277","64","8619394"
"KN294991v1","1368447","1368736","chr3","58979761","58980058","24","57611314"
"KN294991v1","1410191","1410408","chr3","59019189","59019406","6","57608998"
"KN294991v1","1414225","1414497","chr3","59022861","59023133","22","57608636"
"KN294991v1","1430469","1430681","chr2B","95457142","95457355","63","94026673"
"KN294991v1","1467770","1467889","chr3","59086089","59086208","6","57618319"
"KN294991v1","1511363","1511430","chr7","5685439","5685508","10","4174076"
"KN294991v1","1527685","1527766","chr3","59142582","59142662","5","57614897"
"KN294991v1","1530950","1531240","chr3","59146276","59146572","27","57615326"
"KN294991v1","1534240","1534430","chr6","36327262","36327440","55","34793022"
"KN294991v1","1534713","1534879","chr3","59149972","59150119","29","57615259"
"KN294991v1","1545552","1545841","chr5","28012781","28013079","60","26467229"
"KN294991v1","1600545","1600833","chr3","39385317","39385604","57","37784772"
"KN294991v1","1765905","1766034","chr10","46877385","46877507","19","45111480"
"KN294991v1","1808888","1809176","chr3","59415825","59416115","20","57606937"
"KN294991v1","1825309","1825599","chr3","59430341","59430642","30","57605032"
"KN294991v1","1853237","1853506","chr3","59456563","59456832","18","57603326"
"KN294991v1","1907919","1908131","chr3","59509886","59510089","17","57601967"
"KN294991v1","1919798","1920054","chr8","20555134","20555388","69","18635336"
"KN294991v1","1949660","1949783","chr3","59539120","59539242","7","57589460"
"KN294991v1","1955696","1955965","chr22","10100661","10100923","64","8144965"
"KN294991v1","2023344","2023649","chr1","125529178","125529481","60","123505834"
"KN294991v1","2028325","2028457","chr3","59616729","59616861","7","57588404"
"KN294991v1","2054611","2054888","chr3","59640838","59641116","24","57586227"
"KN294991v1","2061847","2062102","chr1","53219876","53220142","64","51158029"
"KN294991v1","2070179","2070352","chr22","5875032","5875199","38","3804853"
"KN294991v1","2318688","2318985","chr3","59944435","59944736","23","57625747"
"KN294992v1","16401","16717","chr4","160003813","160004119","31","159987412"
"KN294992v1","22651","22948","chr4","159995611","159995914","25","159972960"
"KN294992v1","80631","80912","chr4","159935365","159935654","31","159854734"
"KN294992v1","98378","98659","chr4","159917183","159917479","39","159818805"
"KN294992v1","154892","155114","chr4","159860144","159860354","32","159705252"
"KN294992v1","181897","181975","chr4","159833016","159833096","8","159651119"
"KN294992v1","231224","231496","chr4","159766002","159766280","18","159534778"
"KN294992v1","243004","243300","chr4","159755256","159755553","26","159512252"
"KN294995v1","1780","1943","chr3","74137626","74137788","30","74135846"
"KN294995v1","2372","2682","chr6","119863979","119864283","58","119861607"
"KN294996v1","20714","21022","chr5","91828288","91828595","20","91807574"
"KN294996v1","117382","117739","chr11","66792620","66792984","76","66675238"
"KN294996v1","221533","221711","chr5","15427774","15427950","52","15206241"
"KN294996v1","331312","331600","chr5","91521677","91521966","14","91190365"
"KN294996v1","336511","336794","chr10","139345962","139346228","70","139009451"
"KN294996v1","343531","343826","chr5","91489329","91489624","17","91145798"
"KN294996v1","364705","364984","chr4","8455469","8455747","70","8090764"
"KN294996v1","713395","713520","chr5","58958060","58958184","25","58244665"
"KN294996v1","715167","715300","chr19","13124620","13124748","19","12409453"
"KN295003v1","313313","313392","chr7","90515129","90515197","27","90201816"
"KN295003v1","330438","330547","chr3","65640735","65640841","20","65310297"
"KN295005v1","188705","188998","chr11","20764695","20764993","44","20575990"
"KN295005v1","318529","318836","chr3","9445577","9445884","66","9127048"
"KN295006v1","550016","550249","chr13","60095934","60096196","42","59545918"
"KN295022v1","303537","303784","chr5","137946515","137946760","16","137642978"
"KN295022v1","418739","419014","chr5","138065253","138065528","19","137646514"
"KN295022v1","526833","527127","chr5","138170946","138171238","26","137644113"
"KN295022v1","537463","537760","chr5","138181342","138181638","27","137643879"
"KN295022v1","564997","565293","chr5","138208196","138208517","37","137643199"
"KN295022v1","707551","707855","chr5","138352939","138353244","16","137645388"
"KN295022v1","723186","723309","chr6","108513734","108513850","25","107790548"
"KN295022v1","756549","756780","chr5","138402752","138402982","24","137646203"
"KN295022v1","758086","758143","chr1","215797887","215797946","11","215039801"
"KN295022v1","765594","765726","chr1","40706193","40706325","21","39940599"
"KN295022v1","783390","783529","chr3","144456072","144456208","25","143672682"
"KN295022v1","787533","787804","chr5","138432383","138432659","30","137644850"
"KN295022v1","797429","797579","chr5","138441196","138441338","17","137643767"
"KN295022v1","798191","798400","chrX","41074018","41074212","47","40275827"
"KN295022v1","819455","819575","chr5","138464377","138464495","13","137644922"
"KN295022v1","877961","878256","chr7","77171848","77172144","54","76293887"
"KN295022v1","894222","894501","chr5","138539540","138539819","16","137645318"
"KN295022v1","915052","915179","chr5","138560671","138560793","13","137645619"
"KN295022v1","916661","916944","chr5","138573431","138573734","43","137656770"
"KN295022v1","917809","918090","chr5","138572616","138572885","31","137654807"
"KN295022v1","958390","958656","chr1","205527415","205527684","75","204569025"
"KN295022v1","970284","970422","chr5","138631110","138631245","11","137660826"
"KN295022v1","970723","970787","chr5","138631552","138631613","6","137660829"
"KN295022v1","971077","971162","chr5","138631921","138632001","9","137660844"
"KN295022v1","1010786","1010815","chr3","116490935","116490960","12","115480149"
"KN295022v1","1011113","1011243","chr4","41394170","41394300","18","40383057"
"KN295022v1","1021996","1022201","chr5","138681956","138682161","14","137659960"
"KN295022v1","1103623","1103746","chr3","125210741","125210863","19","124107118"
"KN295027v1","158196","158486","chr8","8213752","8214053","58","8055556"
"KN295027v1","195337","195480","chr11","93980260","93980407","9","93784923"
"KN295027v1","195846","195991","chr11","93980776","93980922","8","93784930"
"KN295027v1","225068","225375","chr11","94004917","94005199","39","93779849"
"KN295027v1","317706","317980","chr11","94095994","94096301","54","93778288"
"KN295027v1","401019","401259","chr4","81575089","81575337","58","81174070"
"KN295027v1","648338","648565","chr16","25550680","25550916","56","24902342"
"KN295032v1","206765","207063","chr2B","94914038","94914338","59","94707273"
"KN295034v1","130937","131249","chr20","32583683","32583996","20","32452746"
"KN295034v1","82795","83085","chr20","32631962","32632249","27","32549167"
"KN295034v1","85621","85929","chr20","32629071","32629383","24","32543450"
"KN295034v1","118348","118666","chr15","63478553","63478862","67","63360205"
"KN295034v1","121186","121447","chr20","32593559","32593837","32","32472373"
"KN295034v1","296040","296326","chr20","32414721","32415007","16","32118681"
"KN295034v1","297692","297989","chr10","3389647","3389956","68","3091955"
"KN295034v1","300812","300986","chr2A","81776559","81776731","31","81475747"
"KN295034v1","357499","357794","chr20","32348781","32349064","32","31991282"
"KN295034v1","367882","368156","chr10","105264645","105264926","52","104896763"
"KN295034v1","384804","385098","chr7","3034575","3034862","68","2649771"
"KN295034v1","387518","387789","chr20","32321091","32321362","14","31933573"
"KN295034v1","415640","415778","chr19","19193930","19194076","28","18778290"
"KN295034v1","472442","472757","chr20","32239414","32239721","28","31766972"
"KN295034v1","540821","541018","chr3","131675524","131675732","52","131134703"
"KN295034v1","563615","563729","chr20","32158532","32158656","16","31594917"
"KN295034v1","583324","583450","chr4","41961268","41961392","26","41377944"
"KN295034v1","615332","615526","chr1","146748162","146748335","51","146132830"
"KN295034v1","660552","660734","chr3","49927241","49927415","40","49266689"
"KN295034v1","661030","661164","chr3","67317337","67317468","21","66656307"
"KN295034v1","681655","681942","chr12","124528153","124528441","52","123846498"
"KN295034v1","682626","682799","chr5","156082870","156083042","45","155400244"
"KN295034v1","698651","698759","chr20","32036041","32036145","8","31337390"
"KN295034v1","699060","699217","chr20","32035577","32035743","24","31336517"
"KN295034v1","844678","845051","chr20","31881262","31881614","52","31036584"
"KN295035v1","34585","34650","chr15","22709561","22709629","17","22674976"
"KN295036v1","30656","30969","chr12","14290706","14291023","67","14260050"
"KN295036v1","105830","106132","chr12","110010286","110010585","58","109904456"
"KN295036v1","106941","107234","chr7","25928728","25929034","40","25821787"
"KN295036v1","427272","427553","chr7","25580137","25580449","53","25152865"
"KN295036v1","469334","469454","chr7","72126833","72126957","18","71657499"
"KN295037v1","19435","19746","chr1","102628579","102628891","25","102609144"
"KN295037v1","29483","29738","chr1","102638159","102638406","28","102608676"
"KN295037v1","35498","35626","chr1","102644113","102644241","6","102608615"
"KN295037v1","54665","54863","chr19","19030776","19030964","45","18976111"
"KN295037v1","55161","55288","chr5","32334600","32334725","24","32279439"
"KN295037v1","72529","72660","chr22","15609651","15609782","16","15537122"
"KN295037v1","92174","92468","chr1","102703003","102703298","21","102610829"
"KN295037v1","206284","206580","chr1","102834486","102834776","27","102628202"
"KN295037v1","213807","213935","chr1","102841805","102841933","10","102627998"
"KN295037v1","226443","226734","chr1","102853153","102853435","25","102626710"
"KN295037v1","354023","354331","chr1","102972880","102973165","59","102618857"
"KN295037v1","377698","377828","chr1","140297302","140297431","23","139919604"
"KN295037v1","473155","473311","chr3","199878997","199879149","30","199405842"
"KN295037v1","713344","713647","chr1","125529178","125529481","66","124815834"
"KN295037v1","762344","762474","chr2B","116045017","116045151","43","115282673"
"KN295037v1","762507","762628","chrX","119585980","119586101","24","118823473"
"KN295037v1","823494","823689","chr5","35874359","35874558","40","35050865"
"KN295037v1","892271","892397","chr1","103488857","103488982","15","102596586"
"KN295037v1","919964","920094","chr1","103508762","103508893","11","102588798"
"KN295037v1","1000308","1000512","chr1","103597161","103597366","16","102596853"
"KN295038v1","134924","135099","chr16","28651723","28651886","38","28516799"
"KN295038v1","246806","247059","chr14","55606952","55607202","22","55360146"
"KN295038v1","342225","342338","chr1","20434311","20434425","24","20092086"
"KN295038v1","442223","442353","chrX","45324284","45324411","23","44882061"
"KN295038v1","556481","556775","chrX","7036164","7036451","72","6479683"
"KN295038v1","559431","559731","chr16","60383420","60383717","74","59823989"
"KN295038v1","591050","591170","chr14","55260194","55260313","5","54669144"
"KN295038v1","616634","616766","chr1","9431952","9432081","26","8815318"
"KN295038v1","619574","619718","chr7","45179071","45179211","25","44559497"
"KN295038v1","620020","620160","chrX","19691360","19691511","36","19071340"
"KN295038v1","646715","646859","chr14","55204105","55204251","7","54557390"
"KN295038v1","651523","651808","chr14","55199133","55199422","24","54547610"
"KN295038v1","654191","654473","chr10","139345962","139346228","85","138691771"
"KN295038v1","654786","655077","chr14","55195101","55195394","16","54540315"
"KN295038v1","668990","669114","chr7","5407438","5407561","14","4738448"
"KN295038v1","677703","677732","chr19","17204833","17204863","4","16527130"
"KN295038v1","678086","678196","chr11","60588518","60588626","24","59910432"
"KN295038v1","703134","703432","chr14","55146748","55147049","29","54443614"
"KN295038v1","716774","717055","chr14","55133023","55133323","29","54416249"
"KN295038v1","757059","757359","chr12","52967815","52968111","51","52210756"
"KN295038v1","804514","804642","chr6","75641832","75641963","22","74837318"
"KN295038v1","965987","966119","chr14","54870500","54870629","15","53904513"
"KN295038v1","1009923","1010225","chr8","84661464","84661754","67","83651541"
"KN295038v1","1010996","1011132","chr14","54822995","54823127","11","53811999"
"KN295038v1","1011430","1011603","chr16","31280012","31280184","31","30268582"
"KN295038v1","1123397","1123705","chr19","45615436","45615749","62","44492039"
"KN295038v1","1142711","1143018","chr14","54704541","54704846","23","53561830"
"KN295038v1","1191913","1192033","chr14","54637029","54637140","17","53445116"
"KN295038v1","1281019","1281326","chr14","54550815","54551095","37","53269796"
"KN295038v1","1379990","1380316","chr14","54453042","54453348","46","53073052"
"KN295038v1","1398444","1398562","chr14","54433453","54433572","8","53035009"
"KN295038v1","1402331","1402384","chr9","70080100","70080148","13","68677769"
"KN295038v1","1496829","1497120","chr8","123497156","123497437","70","122000327"
"KN295038v1","1520897","1521242","chr18","33884041","33884390","91","32363144"
"KN295038v1","1575406","1575707","chr7","36156236","36156533","64","34580830"
"KN295039v1","61946","62240","chr1","21132677","21132964","70","21070731"
"KN295039v1","206279","206581","chr1","24735115","24735424","53","24528836"
"KN295039v1","253164","253463","chr8","95792483","95792798","41","95539319"
"KN295039v1","301431","301561","chr8","95752474","95752604","7","95451043"
"KN295039v1","304498","304751","chr20","32936729","32936983","48","32632231"
"KN295039v1","316099","316374","chr16","32993582","32993870","65","32677483"
"KN295039v1","330982","331224","chr1","28451444","28451677","69","28120462"
"KN295039v1","379549","379860","chr8","95673574","95673881","23","95294025"
"KN295039v1","517905","518179","chr8","95520093","95520347","30","95002188"
"KN295039v1","529035","529325","chr8","95509743","95510045","31","94980708"
"KN295041v1","437888","438146","chr1","121534688","121534941","21","121096800"
"KN295045v1","56778","56947","chrX","9007521","9007689","29","8950743"
"KN295045v1","73597","73910","chr22","14345934","14346235","30","14272337"
"KN295045v1","165874","166177","chr22","14433939","14434271","41","14268065"
"KN295045v1","184312","184681","chr12","122712586","122712948","91","122528274"
"KN295045v1","185649","185922","chr22","14454753","14455021","24","14269104"
"KN295045v1","292964","293233","chr2B","111585943","111586201","68","111292979"
"KN295045v1","298640","298891","chr22","14572782","14573071","54","14274142"
"KN295045v1","311995","312339","chr22","14591395","14591726","25","14279400"
"KN295045v1","330365","330496","chr7","121907755","121907885","22","121577390"
"KN295045v1","340657","340937","chr1","182413502","182413765","63","182072845"
"KN295045v1","463204","463495","chr22","14752136","14752444","36","14288932"
"KN295045v1","499678","499923","chr22","14791293","14791573","46","14291615"
"KN295045v1","511465","511519","chr12","125993902","125993955","10","125482437"
"KN295045v1","534287","534598","chr6","157518219","157518526","55","156983932"
"KN295045v1","646458","646572","chr7","156707365","156707478","23","156060907"
"KN295045v1","658547","658565","chr3","57542940","57542954","7","56884393"
"KN295045v1","658607","658698","chr7","140066159","140066250","23","139407552"
"KN295045v1","685372","685713","chr22","14955224","14955561","26","14269852"
"KN295045v1","705582","705670","chr22","14980173","14980265","9","14274591"
"KN295045v1","705950","706259","chr22","14980588","14980887","39","14274638"
"KN295045v1","718922","719079","chr22","14993440","14993593","16","14274518"
"KN295045v1","719341","719470","chr22","14993879","14994010","6","14274538"
"KN295045v1","720728","721007","chr22","14995517","14995799","14","14274789"
"KN295045v1","721010","721134","chr22","14995802","14995926","9","14274792"
"KN295045v1","738873","739098","chr22","15013701","15013948","34","14274828"
"KN295045v1","776858","777033","chr9","111814304","111814490","39","111037446"
"KN295045v1","777297","777398","chr5","155654060","155654162","18","154876763"
"KN295045v1","780627","780925","chr5","35725332","35725634","65","34944705"
"KN295045v1","792932","793075","chr22","12655150","12655285","31","11862218"
"KN295045v1","799284","799443","chr1","39380094","39380248","40","38580810"
"KN295045v1","799688","799858","chr7","122063559","122063720","48","121263871"
"KN295045v1","809223","809295","chr3","138751097","138751170","19","137941874"
"KN295045v1","809353","809455","chr22","15079294","15079396","9","14269941"
"KN295045v1","880306","880535","chr10","39585714","39585920","63","38705408"
"KN295045v1","892776","893064","chr16","62695957","62696243","54","61803181"
"KN295045v1","976746","976868","chr8","75184071","75184194","19","74207325"
"KN295045v1","981768","981890","chr22","15254544","15254666","13","14272776"
"KN295045v1","986307","986585","chr1","51763709","51763995","78","50777402"
"KN295045v1","1003517","1003829","chr22","15279012","15279330","32","14275495"
"KN295045v1","1028472","1028611","chr8","28628786","28628916","39","27600314"
"KN295045v1","1028918","1029058","chr12","68198000","68198133","26","67169082"
"KN295045v1","1056883","1057104","chr9","76802368","76802591","49","75745485"
"KN295045v1","1059410","1059673","chr22","15340575","15340836","25","14281165"
"KN295045v1","1062895","1063170","chr22","15344075","15344351","17","14281180"
"KN295045v1","1068082","1068195","chr22","15348625","15348755","26","14280543"
"KN295045v1","1119866","1119987","chr22","15397467","15397589","8","14277601"
"KN295045v1","1154544","1154830","chr22","15432021","15432300","54","14277477"
"KN295045v1","1173849","1174117","chr7","43721637","43721904","64","42547788"
"KN295045v1","1253377","1253661","chr22","15530192","15530495","43","14276815"
"KN295045v1","1291251","1291383","chr22","15566970","15567102","15","14275719"
"KN295045v1","1299475","1299633","chr14","16863872","16864034","39","15564397"
"KN295045v1","1321397","1321551","chr22","15599588","15599743","6","14278191"
"KN295045v1","1331112","1331247","chr22","15609651","15609782","8","14278539"
"KN295045v1","1393139","1393273","chr22","15666398","15666532","4","14273259"
"KN295047v1","69280","69412","chr3","73959221","73959353","21","73889941"
"KN295047v1","78493","78772","chr7","32841286","32841561","18","32762793"
"KN295047v1","108249","108333","chr7","32869808","32869892","10","32761559"
"KN295054v1","27670","27956","chr9","86844106","86844398","40","86816436"
"KN295054v1","348713","348996","chrX","53825086","53825371","65","53476373"
"KN295055v1","79325","79632","chr4","187054462","187054767","28","186975137"
"KN295055v1","91351","91660","chr8","24708507","24708815","62","24617156"
"KN295055v1","252441","252570","chr6","13798919","13799051","23","13546478"
"KN295055v1","263655","263948","chr5","57772597","57772895","62","57508942"
"KN295055v1","413998","414184","chrX","103201801","103201983","53","102787803"
"KN295055v1","421555","421685","chr4","186683452","186683582","7","186261897"
"KN295057v1","473347","473575","chr18","44929992","44930227","56","44456645"
"KN295057v1","487575","487708","chr1","139241346","139241464","20","138753771"
"KN295057v1","583355","583654","chr1","139143415","139143716","25","138560060"
"KN295057v1","636189","636509","chr1","139090329","139090631","37","138454140"
"KN295057v1","668095","668404","chr1","139059090","139059400","26","138390995"
"KN295057v1","692220","692499","chr1","139007195","139007490","44","138314975"
"KN295057v1","727241","727559","chr1","138978409","138978720","29","138251168"
"KN295057v1","729358","729667","chr5","8270479","8270791","61","7541121"
"KN295059v1","87513","87663","chr8","26422896","26423061","35","26335383"
"KN295059v1","87963","88095","chr1","89938645","89938777","11","89850682"
"KN295065v1","133067","133321","chr4","62864008","62864300","52","62730941"
"KN295065v1","223970","224265","chr5","278737","279037","57","54767"
"KN295066v1","41878","42002","chr4","89713432","89713554","27","89671554"
"KN295070v1","5106","5292","chrX","103319902","103320060","38","103314796"
"KN295073v1","226057","226306","chr2B","23340199","23340460","27","23114142"
"KN295073v1","582030","582328","chr7","108437531","108437829","32","107855501"
"KN295073v1","973345","973553","chr7","108057734","108057952","33","107084389"
"KN295073v1","1069593","1069886","chr8","74116966","74117253","51","73047373"
"KN295073v1","1186860","1187157","chr6","155025672","155025969","59","153838812"
"KN295073v1","1336099","1336221","chr7","107716708","107716830","6","106380609"
"KN295074v1","4870","5004","chr1","32748533","32748664","29","32743663"
"KN295074v1","255034","255342","chr2B","132223050","132223359","27","131968016"
"KN295074v1","319212","319496","chr16","78223728","78224017","60","77904516"
"KN295074v1","710215","710309","chr16","58220653","58220744","13","57510438"
"KN295074v1","762503","762573","chr2B","132658776","132658832","17","131896273"
"KN295074v1","818369","818622","chr2B","132713645","132713900","18","131895276"
"KN295074v1","1014731","1015041","chr2B","132919267","132919579","24","131904536"
"KN295074v1","1104466","1104743","chr2B","133008911","133009188","19","131904445"
"KN295074v1","1139687","1139995","chr15","53426526","53426837","63","52286839"
"KN295074v1","1177921","1178220","chr2B","133081557","133081863","30","131903636"
"KN295074v1","1323781","1323969","chr4","20923075","20923248","46","19599294"
"KN295075v1","35286","35580","chr15","62100878","62101167","29","62065592"
"KN295075v1","186477","186606","chr15","61943983","61944105","14","61757506"
"KN295075v1","271312","271446","chr19","13124620","13124748","22","12853308"
"KN295075v1","276132","276401","chr10","16718076","16718345","56","16441944"
"KN295075v1","302045","302136","chr16","75515770","75515873","24","75213725"
"KN295075v1","327134","327379","chr19","32318202","32318451","60","31991068"
"KN295075v1","420487","420615","chr15","61740988","61741117","12","61320501"
"KN295075v1","436216","436337","chr15","6947585","6947709","11","6511369"
"KN295075v1","501656","501777","chr15","61658662","61658783","6","61157006"
"KN295075v1","609816","610089","chr15","61547020","61547297","24","60937204"
"KN295075v1","620280","620564","chr15","61537210","61537512","36","60916930"
"KN295075v1","632858","633155","chr15","61524898","61525186","43","60892040"
"KN295075v1","669826","670094","chr15","61484654","61484913","22","60814828"
"KN295075v1","671143","671433","chr15","61483007","61483297","19","60811864"
"KN295075v1","671608","671775","chr15","61482665","61482832","11","60811057"
"KN295075v1","706632","706921","chr8","10244688","10244977","60","9538056"
"KN295075v1","714497","714783","chr15","51393884","51394181","41","50679387"
"KN295075v1","734087","734228","chr7","30644845","30644985","16","29910758"
"KN295077v1","15964","16098","chr19","39732817","39732948","17","39716853"
"KN295077v1","40201","40325","chr14","61297659","61297780","24","61257458"
"KN295077v1","43847","43979","chr6","54116276","54116407","23","54072429"
"KN295077v1","48866","49163","chr11","108243357","108243646","22","108194491"
"KN295077v1","116635","116917","chr11","108166060","108166341","25","108049425"
"KN295077v1","127163","127363","chr8","48907477","48907654","55","48780314"
"KN295077v1","228337","228626","chr11","108058141","108058431","21","107829804"
"KN295077v1","243347","243641","chr6","2163091","2163379","76","1919744"
"KN295077v1","262305","262429","chrX","119011454","119011578","16","118749149"
"KN295077v1","286513","286776","chr11","107987689","107987981","49","107701176"
"KN295077v1","299315","299435","chr11","107974625","107974753","12","107675310"
"KN295077v1","306621","306755","chr5","34604244","34604378","25","34297623"
"KN295077v1","309797","309920","chr11","107964887","107965007","7","107655090"
"KN295077v1","320376","320669","chr7","76563235","76563536","60","76242859"
"KN295077v1","347383","347674","chr11","107925605","107925887","21","107578222"
"KN295077v1","358152","358447","chr3","7572187","7572473","74","7214035"
"KN295077v1","372711","372886","chr11","107899745","107899918","15","107527034"
"KN295077v1","377580","377822","chr12","88694609","88694845","61","88317029"
"KN295077v1","380573","380856","chr11","107890338","107890650","45","107509765"
"KN295077v1","385592","385878","chr9","83769712","83770008","62","83384120"
"KN295077v1","414009","414319","chr11","107856525","107856815","36","107442516"
"KN295077v1","414888","415195","chrX","45257371","45257658","93","44842483"
"KN295077v1","437186","437493","chr11","107831813","107832099","40","107394627"
"KN295077v1","460768","460896","chr5","15234520","15234643","21","14773752"
"KN295077v1","515281","515395","chr5","610740","610858","29","95459"
"KN295077v1","566772","566911","chr16","2604538","2604673","28","2037766"
"KN295077v1","577474","577824","chr16","30320746","30321073","90","29743272"
"KN295077v1","626949","627083","chr3","162952721","162952852","19","162325772"
"KN295077v1","662845","662968","chr11","107584982","107585105","6","106922137"
"KN295077v1","708619","708774","chr11","107549294","107549425","32","106840675"
"KN295077v1","782116","782404","chr11","107472494","107472779","29","106690378"
"KN295077v1","796936","797158","chr11","107458017","107458239","16","106661081"
"KN295079v1","447707","448013","chr16","60630135","60630442","50","60182428"
"KN295079v1","466755","467050","chr3","65633653","65633940","36","65166898"
"KN295079v1","473782","473922","chr1","91085288","91085428","19","90611506"
"KN295079v1","576596","576756","chr7","70744901","70745054","42","70168305"
"KN295079v1","741924","742218","chr2A","35691036","35691320","72","34949112"
"KN295079v1","755035","755319","chr6","91958386","91958678","56","91203351"
"KN295079v1","860371","860495","chr3","66030768","66030884","18","65170397"
"KN295079v1","1294325","1294599","chr10","139345962","139346228","52","138051637"
"KN295079v1","1349191","1349493","chr3","66512935","66513237","16","65163744"
"KN295080v1","308527","308731","chr1","11710884","11711065","51","11402357"
"KN295080v1","316242","316514","chr8","44260893","44261181","41","43944651"
"KN295081v1","11346","11634","chr16","46449425","46449726","41","46438079"
"KN295081v1","21417","21738","chr16","46459464","46459766","47","46438047"
"KN295081v1","37863","37984","chr16","46318833","46318957","19","46280970"
"KN295081v1","52083","52380","chr1","23854202","23854490","70","23802119"
"KN295085v1","446494","446796","chr17","66841292","66841595","34","66394798"
"KN295085v1","693145","693420","chr7","2797533","2797802","61","2104388"
"KN295085v1","779553","779850","chr12","130977041","130977340","74","130197488"
"KN295085v1","1095950","1096252","chr17","66209294","66209593","29","65113344"
"KN295087v1","12270","12358","chr2A","81600059","81600150","20","81587789"
"KN295087v1","14042","14318","chr5","49947359","49947634","24","49933317"
"KN295087v1","211039","211332","chr5","50142784","50143083","25","49931745"
"KN295090v1","61936","62224","chr9","112006801","112007102","27","111944865"
"KN295090v1","85563","85782","chr9","112030560","112030783","30","111944997"
"KN295090v1","88493","88768","chr9","112032917","112033185","22","111944424"
"KN295090v1","203330","203606","chr9","112147928","112148203","18","111944598"
"KN295090v1","224574","224829","chr9","112168256","112168544","58","111943682"
"KN295090v1","258462","258757","chr9","112198265","112198561","21","111939803"
"KN295090v1","306024","306244","chr9","76802368","76802591","48","76496344"
"KN295090v1","329038","329095","chr4","159990266","159990323","9","159661228"
"KN295090v1","336717","337025","chr9","112271683","112271979","37","111934966"
"KN295090v1","339167","339464","chr6","36992055","36992364","66","36652888"
"KN295090v1","371973","372131","chr9","112300233","112300393","14","111928260"
"KN295090v1","395451","395584","chr9","112333480","112333615","10","111938029"
"KN295090v1","404709","405001","chr9","112347390","112347693","36","111942681"
"KN295090v1","419407","419541","chr9","112362644","112362774","13","111943237"
"KN295090v1","419838","420007","chr8","48708800","48708952","41","48288962"
"KN295090v1","440986","441284","chr9","112382848","112383135","30","111941862"
"KN295090v1","446524","446656","chr19","39732817","39732948","17","39286293"
"KN295090v1","454896","454918","chr5","125817221","125817241","8","125362325"
"KN295090v1","455219","455352","chr9","112395672","112395805","6","111940453"
"KN295090v1","460320","460636","chr9","112401408","112401719","28","111941088"
"KN295090v1","491825","491963","chr8","128806651","128806791","33","128314826"
"KN295090v1","503099","503228","chr9","112440755","112440880","7","111937656"
"KN295090v1","503542","503552","chrX","41372965","41372975","4","40869423"
"KN295090v1","503848","503996","chr9","112441182","112441323","18","111937334"
"KN295090v1","554080","554206","chr10","142418117","142418238","20","141864037"
"KN295090v1","573915","574042","chr9","112513848","112513974","14","111939933"
"KN295090v1","590481","590608","chr11","66127290","66127417","29","65536809"
"KN295090v1","591293","591591","chr9","34513291","34513586","63","33921998"
"KN295090v1","608144","608396","chr9","112546383","112546662","53","111938239"
"KN295090v1","667714","667959","chr19","4937427","4937673","63","4269713"
"KN295090v1","768010","768285","chr9","112708498","112708765","25","111940488"
"KN295090v1","781749","781951","chrX","106890075","106890269","41","106108326"
"KN295090v1","807229","807539","chr11","71146200","71146505","64","70338971"
"KN295090v1","818861","819164","chr19","16599382","16599694","66","15780521"
"KN295090v1","819768","820064","chr9","112758302","112758599","15","111938534"
"KN295090v1","837259","837299","chr1","139280736","139280777","7","138443477"
"KN295090v1","853714","853977","chr1","29073054","29073333","67","28219340"
"KN295090v1","932424","932735","chr20","45903423","45903732","60","44970999"
"KN295090v1","946129","946398","chr9","112877157","112877419","18","111931028"
"KN295090v1","1030558","1030864","chr9","112962931","112963246","37","111932373"
"KN295090v1","1191804","1192095","chr9","113120443","113120734","24","111928639"
"KN295090v1","1246786","1247101","chr4","7977628","7977939","62","6730842"
"KN295090v1","1259832","1260091","chr9","113185862","113186133","31","111926030"
"KN295090v1","1261391","1261655","chr9","113187573","113187872","50","111926182"
"KN295090v1","1322984","1323193","chr9","113250607","113250816","17","111927623"
"KN295090v1","1335915","1336169","chr9","113262607","113262889","52","111926692"
"KN295090v1","1336521","1336539","chr18","55399764","55399780","4","54063243"
"KN295090v1","1353864","1354142","chr9","113281345","113281653","56","111927481"
"KN295090v1","1361549","1361845","chr9","113283555","113283848","47","111922006"
"KN295090v1","1366966","1367268","chr9","113286060","113286360","25","111919094"
"KN295090v1","1428648","1428762","chr2A","22670722","22670833","17","21242074"
"KN295090v1","1446553","1446850","chr9","113367799","113368100","20","111921246"
"KN295090v1","1466010","1466090","chrX","118800558","118800635","8","117334548"
"KN295090v1","1481807","1482133","chr9","113402929","113403235","41","111921122"
"KN295090v1","1504782","1505059","chr9","113426057","113426330","22","111921275"
"KN295090v1","1537141","1537242","chr9","113457113","113457214","4","111919972"
"KN295090v1","1673108","1673405","chr9","113594640","113594941","21","111921532"
"KN295090v1","1673453","1673589","chr9","113594990","113595123","10","111921537"
"KN295090v1","1690102","1690418","chr9","113610482","113610796","27","111920380"
"KN295090v1","1693546","1693729","chr16","2416546","2416730","43","723000"
"KN295090v1","1707253","1707533","chr5","42777038","42777327","64","41069785"
"KN295090v1","1708344","1708603","chr9","113629045","113629326","32","111920701"
"KN295090v1","1749584","1749712","chr2B","67591296","67591427","24","65841712"
"KN295090v1","1750015","1750160","chr12","4723246","4723377","37","2973231"
"KN295090v1","1750469","1750480","chr1","58828292","58828304","2","57077823"
"KN295090v1","1797870","1798163","chr9","113718042","113718364","54","111920172"
"KN295090v1","1940302","1940424","chr9","113825099","113825221","12","111884797"
"KN295090v1","1980835","1980956","chr9","113865032","113865154","7","111884197"
"KN295090v1","1981953","1982076","chr9","113866151","113866280","18","111884198"
"KN295090v1","2013446","2013647","chr6","147579736","147579933","51","145566290"
"KN295090v1","2106091","2106232","chr9","113984736","113984871","16","111878645"
"KN295090v1","2147591","2147714","chr9","114023088","114023211","11","111875497"
"KN295090v1","2175859","2175983","chr20","35800564","35800690","18","33624705"
"KN295090v1","2180952","2181075","chr9","114033733","114033860","9","111852781"
"KN295090v1","2187755","2188041","chr9","114035613","114035917","43","111847858"
"KN295090v1","2188797","2189083","chr9","114035613","114035917","43","111846816"
"KN295090v1","2196986","2197293","chr1","20061461","20061769","61","17864475"
"KN295090v1","2255248","2255378","chr15","69599317","69599445","19","67344069"
"KN295090v1","2306536","2306823","chr9","114166689","114166975","18","111860153"
"KN295090v1","2345515","2345660","chr9","114210847","114210991","15","111865332"
"KN295090v1","2400416","2400731","chr9","114272174","114272472","49","111871758"
"KN295090v1","2417929","2418049","chr9","114286531","114286652","9","111868602"
"KN295090v1","2438478","2438765","chr9","114297350","114297636","35","111858872"
"KN295090v1","2558026","2558321","chr9","114415370","114415660","30","111857344"
"KN295090v1","2563488","2563740","chr9","114420677","114420929","15","111857189"
"KN295090v1","2599974","2600220","chr9","114456162","114456445","53","111856188"
"KN295090v1","2688179","2688300","chr9","114541433","114541549","16","111853254"
"KN295090v1","2703046","2703178","chr7","93729722","93729855","29","91026676"
"KN295090v1","2703533","2703667","chr7","45472658","45472798","35","42769125"
"KN295090v1","2741265","2741568","chr20","33354427","33354729","57","30613162"
"KN295090v1","2769676","2769966","chr9","114620924","114621208","25","111851248"
"KN295090v1","2774278","2774460","chr13","22499604","22499774","42","19725326"
"KN295090v1","2774798","2774944","chr1","53255120","53255266","31","50480322"
"KN295090v1","2870086","2870362","chr9","114727698","114727974","15","111857612"
"KN295090v1","2921104","2921394","chr9","114776856","114777163","43","111855752"
"KN295090v1","2927255","2927362","chr9","114782065","114782167","10","111854810"
"KN295090v1","2927363","2927582","chr9","114782168","114782386","18","111854805"
"KN295090v1","2948199","2948470","chr5","159784522","159784791","54","156836323"
"KN295090v1","2961003","2961292","chr9","114813131","114813427","23","111852128"
"KN295091v1","4382","4644","chr2A","8457016","8457276","17","8452634"
"KN295091v1","207768","208044","chr2A","8655132","8655401","32","8447364"
"KN295091v1","237700","237843","chr8","9732985","9733123","27","9495285"
"KN295091v1","519556","519843","chr2B","103029546","103029836","66","102509990"
"KN295091v1","550915","551191","chr6","18841527","18841805","65","18290612"
"KN295091v1","627359","627529","chr2A","9106863","9107035","18","8479504"
"KN295091v1","912614","912906","chr2A","9408250","9408527","31","8495636"
"KN295091v1","1454900","1455198","chr2A","9957885","9958174","43","8502985"
"KN295091v1","1643214","1643509","chr2A","10160179","10160488","36","8516965"
"KN295091v1","1720890","1721192","chr2A","10239688","10239970","41","8518798"
"KN295091v1","1758686","1758998","chr3","41180572","41180873","65","39421886"
"KN295091v1","1787295","1787586","chr19","3667009","3667299","50","1879714"
"KN295091v1","1788758","1789054","chr2A","10313444","10313741","20","8524686"
"KN295091v1","1821415","1821532","chr2A","10348244","10348370","15","8526829"
"KN295091v1","1900532","1900588","chr7","37187962","37188017","9","35287430"
"KN295091v1","1900621","1900805","chr1","6263470","6263640","51","4362849"
"KN295091v1","1946197","1946492","chr2A","10480905","10481200","25","8534708"
"KN295091v1","1956725","1957026","chr2A","10491811","10492125","41","8535086"
"KN295091v1","1964802","1965103","chr2A","10499562","10499861","24","8534760"
"KN295091v1","1987560","1987837","chr7","77503434","77503704","69","75515874"
"KN295091v1","2033517","2033691","chr5","156082870","156083042","33","154049353"
"KN295091v1","2034025","2034158","chr14","14383754","14383888","25","12349729"
"KN295091v1","2111056","2111379","chr2A","10640750","10641079","25","8529694"
"KN295091v1","2244244","2244547","chr1","43833638","43833938","64","41589394"
"KN295091v1","2417915","2418213","chr2A","10963583","10963890","36","8545668"
"KN295091v1","2522710","2523012","chr2A","11064725","11065026","16","8542015"
"KN295091v1","2726817","2727115","chr2A","11299446","11299742","20","8572629"
"KN295091v1","2743863","2743994","chr1","32748533","32748664","22","30004670"
"KN295091v1","2815283","2815577","chr2A","11573886","11574188","40","8758603"
"KN295091v1","2945141","2945448","chr2A","11700987","11701306","42","8755846"
"KN295091v1","3034871","3035158","chr2A","11794207","11794490","26","8759336"
"KN295091v1","3247821","3248113","chr2A","12001436","12001729","28","8753615"
"KN295091v1","3523053","3523194","chr11","20577762","20577901","29","17054709"
"KN295091v1","3578090","3578362","chr2A","12335790","12336062","19","8757700"
"KN295091v1","3743574","3743694","chr2A","12488243","12488363","13","8744669"
"KN295091v1","3771031","3771276","chr2A","12514865","12515092","60","8743834"
"KN295091v1","3964652","3964734","chr6","113293687","113293759","20","109329035"
"KN295092v1","5852","6101","chr12","866709","866962","55","860857"
"KN295092v1","127884","128190","chr20","48762040","48762337","66","48634156"
"KN295092v1","136283","136577","chr19","3558505","3558805","54","3422222"
"KN295092v1","496483","496794","chr11","19814436","19814739","63","19317953"
"KN295092v1","572439","572781","chr5","95011235","95011529","66","94438796"
"KN295092v1","728292","728412","chr5","94858226","94858346","6","94129934"
"KN295096v1","1048417","1048721","chr13","10276898","10277192","57","9228481"
"KN295096v1","122521","122824","chr3","115680051","115680353","61","115557530"
"KN295096v1","136665","136796","chr5","2118955","2119086","16","1982290"
"KN295096v1","146137","146433","chr3","115656888","115657196","30","115510751"
"KN295096v1","173441","173504","chr7","76585518","76585579","14","76412077"
"KN295096v1","231320","231605","chr3","115571141","115571433","28","115339821"
"KN295096v1","267911","268206","chr3","115532752","115533048","40","115264841"
"KN295096v1","353479","353746","chr12","128725778","128726059","58","128372299"
"KN295096v1","396435","396729","chr2B","112801350","112801650","55","112404915"
"KN295096v1","419117","419290","chr16","31280012","31280184","40","30860895"
"KN295096v1","419323","419441","chr9","114310032","114310148","18","113890709"
"KN295096v1","497818","498123","chr3","115275260","115275553","39","114777442"
"KN295096v1","519593","519814","chr3","115253579","115253794","21","114733986"
"KN295096v1","698961","699243","chr19","3666459","3666747","74","2967498"
"KN295096v1","966244","966537","chr3","114819934","114820219","30","113853690"
"KN295096v1","970871","971013","chr3","53620062","53620198","34","52649191"
"KN295096v1","997362","997651","chr3","114788802","114789088","18","113791440"
"KN295096v1","1120460","1120772","chr3","114665204","114665517","27","113544744"
"KN295096v1","1280494","1280615","chr6","101384983","101385106","17","100104489"
"KN295096v1","1712636","1712760","chr3","114003980","114004104","6","112291344"
"KN295096v1","1801488","1801587","chr3","113910083","113910185","10","112108595"
"KN295096v1","1876693","1876998","chr3","113861494","113861814","35","111984801"
"KN295096v1","2259294","2259424","chr5","23090258","23090392","21","20830964"
"KN295096v1","2320561","2320696","chr8","87044617","87044751","22","84724056"
"KN295096v1","2377218","2377507","chr3","113369533","113369831","33","110992315"
"KN295096v1","2396676","2396988","chr3","113350659","113350968","24","110953983"
"KN295096v1","2402111","2402402","chr3","113344879","113345164","26","110942768"
"KN295096v1","3039314","3039601","chr3","112688996","112689234","61","109649682"
"KN295096v1","3269291","3269589","chr3","112459801","112460086","36","109190510"
"KN295096v1","3876214","3876516","chr5","72821162","72821465","59","68944948"
"KN295096v1","4430679","4430946","chr7","63265622","63265901","63","58834943"
"KN295096v1","4534061","4534349","chr3","111260540","111260814","27","106726479"
"KN295096v1","4706222","4706468","chr3","28203116","28203362","51","23496894"
"KN295098v1","369736","369814","chr20","40188982","40189063","16","39819246"
"KN295099v1","13964","14271","chr10","27273298","27273603","19","27259334"
"KN295099v1","149665","149941","chr1","37168840","37169117","66","37019175"
"KN295099v1","160372","160676","chr10","27132145","27132447","27","26971773"
"KN295099v1","196566","196828","chr10","27095528","27095780","35","26898962"
"KN295099v1","204384","204561","chr1","26457448","26457621","46","26253064"
"KN295099v1","241835","242132","chr16","78223728","78224017","65","77981893"
"KN295099v1","282853","283188","chr10","27005392","27005723","32","26722539"
"KN295099v1","409639","409784","chr19","19193930","19194076","30","18784291"
"KN295099v1","618556","618677","chr10","26656367","26656490","6","26037811"
"KN295099v1","643581","643865","chr10","26636077","26636361","26","25992496"
"KN295099v1","660169","660455","chr17","41372863","41373150","19","40712694"
"KN295102v1","79737","80060","chr8","63016473","63016791","52","62936736"
"KN295102v1","84337","84605","chr6","18841527","18841805","71","18757190"
"KN295102v1","85488","85803","chrX","49394776","49395092","12","49309288"
"KN295102v1","171937","172227","chrX","49304406","49304705","28","49132469"
"KN295102v1","205150","205291","chrX","49263948","49264087","10","49058798"
"KN295102v1","237011","237079","chrX","49236587","49236655","3","48999576"
"KN295102v1","237445","237711","chr3","12058477","12058744","53","11821032"
"KN295102v1","252532","252799","chrX","49221340","49221630","42","48968808"
"KN295102v1","272270","272330","chr7","3138255","3138317","6","2865985"
"KN295102v1","335300","335594","chr3","53570055","53570334","59","53234755"
"KN295102v1","342244","342514","chrX","49126550","49126829","23","48784306"
"KN295102v1","436550","436730","chrX","48862133","48862317","35","48425583"
"KN295102v1","436735","436989","chrX","53243889","53244149","58","52807154"
"KN295102v1","439166","439328","chr6","111600982","111601140","48","111161816"
"KN295102v1","447594","447920","chrX","48855936","48856284","56","48408342"
"KN295102v1","475384","475626","chr1","200690725","200690974","78","200215341"
"KN295102v1","475689","475885","chrX","48819424","48819620","23","48343735"
"KN295102v1","492938","493072","chr3","32900598","32900731","19","32407660"
"KN295102v1","493375","493547","chr19","38731330","38731491","44","38237955"
"KN295107v1","8419","8695","chr1","214023667","214023954","64","214015248"
"KN295107v1","8763","8775","chrX","4839562","4839573","2","4830799"
"KN295107v1","119651","119935","chr7","35674409","35674692","24","35554758"
"KN295107v1","200112","200294","chrX","130479094","130479282","39","130278982"
"KN295107v1","441172","441485","chr7","35977605","35977916","35","35536433"
"KN295107v1","535745","536050","chr7","36079335","36079637","17","35543590"
"KN295107v1","605799","606097","chr5","160573988","160574291","65","159968189"
"KN295107v1","610498","610796","chr7","36156236","36156533","19","35545738"
"KN295107v1","771017","771126","chr9","42921178","42921295","33","42150161"
"KN295107v1","807730","807778","chr7","36428536","36428583","4","35620806"
"KN295107v1","808131","808214","chr7","36428941","36429022","10","35620810"
"KN295107v1","816494","816776","chr7","36438344","36438647","50","35621850"
"KN295107v1","878533","878827","chr13","41597861","41598162","54","40719328"
"KN295107v1","888790","888807","chr6","22309774","22309790","6","21420984"
"KN295107v1","888850","888964","chr6","110933324","110933433","22","110044474"
"KN295107v1","978424","978678","chr6","40476885","40477138","57","39498461"
"KN295107v1","986840","986957","chr6","20486554","20486670","13","19499714"
"KN295107v1","993278","993569","chr7","36604702","36604994","27","35611424"
"KN295107v1","1041697","1041970","chr7","36653257","36653544","28","35611560"
"KN295107v1","1089916","1090200","chr7","36701276","36701574","28","35611360"
"KN295107v1","1113605","1113878","chr3","72805571","72805834","66","71691966"
"KN295107v1","1113882","1114023","chr16","64267195","64267323","34","63153313"
"KN295107v1","1163333","1163634","chr1","36757610","36757920","62","35594277"
"KN295107v1","1173637","1173892","chr20","50297510","50297761","64","49123873"
"KN295107v1","1194120","1194333","chr7","36807454","36807654","26","35613334"
"KN295107v1","1239062","1239354","chr7","36851011","36851313","26","35611949"
"KN295107v1","1314459","1314759","chr7","36927478","36927783","21","35613019"
"KN295107v1","1557020","1557211","chr2B","97697631","97697831","51","96140611"
"KN295110v1","79545","79757","chr11","85346644","85346857","15","85267099"
"KN295110v1","235628","235888","chr11","85191778","85192051","31","84956150"
"KN295110v1","236564","236830","chr11","85191778","85192051","27","84955214"
"KN295110v1","257069","257203","chr16","22415292","22415430","27","22158223"
"KN295110v1","283798","283930","chr11","85146088","85146220","7","84862290"
"KN295110v1","382389","382692","chr11","85053685","85053980","38","84671296"
"KN295111v1","12181","12480","chrX","115838781","115839052","57","115826600"
"KN295112v1","133881","134129","chr1","162776817","162777053","55","162642936"
"KN295112v1","363980","364111","chr16","9648740","9648872","13","9284760"
"KN295112v1","498192","498492","chr16","9520323","9520619","25","9022131"
"KN295112v1","501194","501462","chr19","5130734","5130999","60","4629540"
"KN295112v1","531878","532167","chr16","9483122","9483422","32","8951244"
"KN295112v1","557885","558020","chr1","177794781","177794914","27","177236896"
"KN295112v1","558313","558496","chr5","135373763","135373952","51","134815450"
"KN295112v1","594267","594319","chr16","9419501","9419553","1","8825234"
"KN295112v1","603800","604011","chr2A","63190290","63190501","44","62586490"
"KN295112v1","614203","614496","chr20","57061249","57061556","72","56447046"
"KN295112v1","615745","615873","chr16","9397339","9397467","14","8781594"
"KN295112v1","646965","647110","chr16","9363279","9363422","13","8716314"
"KN295112v1","647708","647881","chr16","9362502","9362677","16","8714794"
"KN295114v1","14687","14984","chr12","108438102","108438401","46","108423415"
"KN295114v1","29205","29507","chr5","59227030","59227318","45","59197825"
"KN295114v1","33581","33886","chr15","40542004","40542316","60","40508423"
"KN295114v1","38390","38709","chr5","59235139","59235468","26","59196749"
"KN295114v1","73354","73648","chr5","59271770","59272038","48","59198416"
"KN295114v1","76327","76596","chr5","59274747","59275021","23","59198420"
"KN295114v1","81667","81852","chr7","154817485","154817667","34","154735818"
"KN295114v1","86077","86199","chr5","59284901","59285017","15","59198824"
"KN295114v1","93574","93837","chr2B","57767642","57767908","69","57674068"
"KN295114v1","100942","101223","chr13","26829180","26829461","59","26728238"
"KN295114v1","137804","137932","chr3","201007189","201007320","19","200869385"
"KN295114v1","141926","142206","chr5","59338670","59338946","24","59196744"
"KN295114v1","163736","164038","chrX","44983424","44983724","64","44819688"
"KN295114v1","250891","251192","chr5","59446842","59447135","26","59195951"
"KN295114v1","269636","269937","chr1","118984423","118984731","63","118714787"
"KN295114v1","291895","292135","chr5","59484908","59485147","12","59193013"
"KN295114v1","357018","357305","chr5","7345854","7346155","65","6988836"
"KN295114v1","409112","409418","chr5","59605423","59605745","34","59196311"
"KN295115v1","245228","245550","chr7","49998547","49998872","26","49753319"
"KN295115v1","276519","276690","chr7","49969141","49969314","13","49692622"
"KN295117v1","29391","29691","chr1","125529178","125529481","59","125499787"
"KN295117v1","139529","139838","chrX","44902722","44903050","31","44763193"
"KN295117v1","145863","146125","chrX","44912365","44912630","21","44766502"
"KN295117v1","187564","187685","chrX","44954412","44954538","9","44766848"
"KN295117v1","209007","209300","chrX","44975957","44976266","35","44766950"
"KN295117v1","222025","222349","chrX","44983424","44983724","46","44761399"
"KN295117v1","252159","252473","chr5","34623698","34624013","54","34371539"
"KN295117v1","258947","259118","chrX","45007975","45008147","11","44749028"
"KN295117v1","278271","278532","chrX","2673174","2673445","64","2394903"
"KN295117v1","283807","284102","chrX","45037021","45037302","33","44753214"
"KN295117v1","287020","287132","chr6","113457794","113457906","18","113170774"
"KN295117v1","287672","287987","chrX","45041064","45041365","20","44753392"
"KN295117v1","327586","327831","chr1","31941794","31942030","62","31614208"
"KN295117v1","353348","353470","chrX","45107655","45107775","4","44754307"
"KN295119v1","38662","38962","chr1","204749910","204750205","24","204711248"
"KN295121v1","25013","25311","chr18","23519361","23519658","54","23494348"
"KN295122v1","419219","419444","chr4","11762800","11763027","19","11343581"
"KN295136v1","24774","25078","chr9","94475641","94475945","66","94450867"
"KN295142v1","405564","405847","chr3","78432975","78433231","45","78027411"
"KN295142v1","661722","662024","chr18","5539541","5539847","75","4877819"
"KN295142v1","716477","716564","chr11","1917119","1917205","19","1200642"
"KN295142v1","762205","762478","chr14","12323106","12323385","64","11560901"
"KN295142v1","818258","818559","chr9","14671778","14672076","60","13853520"
"KN295142v1","942369","942507","chr3","77909602","77909739","15","76967233"
"KN295142v1","969210","969333","chr3","77879447","77879577","18","76910237"
"KN295142v1","1092994","1093259","chr3","77764846","77765130","36","76671852"
"KN295142v1","1208344","1208649","chr6","31494956","31495257","66","30286612"
"KN295142v1","1470447","1470701","chr3","77395502","77395757","16","75925055"
"KN295142v1","1657601","1657902","chr2B","109085854","109086139","76","107428253"
"KN295142v1","1662909","1663212","chr21","5089540","5089840","28","3426631"
"KN295142v1","1668659","1668868","chr21","5084237","5084428","40","3415578"
"KN295143v1","4825","5093","chr6","75722008","75722299","75","75717183"
"KN295147v1","29550","29844","chr17","53557282","53557580","30","53527732"
"KN295147v1","166625","166937","chr17","53429039","53429350","23","53262414"
"KN295147v1","264222","264518","chr4","161866765","161867044","73","161602543"
"KN295147v1","264566","264588","chr12","32511412","32511434","3","32246846"
"KN295150v1","76221","76512","chr12","123466305","123466589","61","123390084"
"KN295152v1","14384","14574","chr9","112396874","112397068","44","112382490"
"KN295152v1","59982","60270","chr12","62726657","62726948","19","62666675"
"KN295152v1","81251","81521","chr12","62753177","62753464","40","62671926"
"KN295152v1","107849","108152","chr3","188258754","188259056","62","188150905"
"KN295152v1","121892","122221","chr12","62792108","62792444","71","62670216"
"KN295152v1","333907","334031","chr6","101384983","101385106","20","101051076"
"KN295152v1","365668","365789","chr7","2502463","2502586","20","2136795"
"KN295154v1","33713","33836","chr17","2409347","2409455","29","2375634"
"KN295154v1","50708","50838","chr1","40706193","40706325","21","40655485"
"KN295154v1","65687","65820","chr22","33978401","33978529","17","33912714"
"KN295154v1","88977","89248","chr7","43434864","43435134","61","43345887"
"KN295154v1","97397","97534","chr11","8586861","8586996","18","8489464"
"KN295154v1","136380","136702","chr22","34054515","34054810","44","33918135"
"KN295154v1","138139","138378","chr1","158826222","158826459","59","158688083"
"KN295154v1","224329","224625","chr22","34147573","34147868","46","33923244"
"KN295154v1","273305","273698","chr22","34200885","34201253","55","33927580"
"KN295154v1","297542","297629","chr22","34230879","34230964","6","33933337"
"KN295154v1","297655","297669","chr16","9362973","9362984","6","9065318"
"KN295154v1","297935","298070","chr22","34231270","34231405","9","33933335"
"KN295154v1","321392","321677","chr22","34243083","34243365","23","33921691"
"KN295154v1","353341","353630","chr16","7587809","7588093","57","7234468"
"KN295154v1","354291","354415","chrX","19969374","19969499","15","19615083"
"KN295157v1","122616","122730","chr3","33689070","33689186","25","33566454"
"KN295157v1","149325","149628","chr13","2507399","2507696","35","2358074"
"KN295157v1","185983","186246","chr13","2549349","2549619","31","2363366"
"KN295157v1","267320","267404","chr13","2621411","2621495","7","2354091"
"KN295159v1","288068","288205","chr2B","53179711","53179843","29","52891643"
"KN295159v1","358755","359047","chr4","61587129","61587430","28","61228374"
"KN295159v1","549177","549307","chr4","41394170","41394300","19","40844993"
"KN295159v1","631554","631842","chr4","61839695","61839980","32","61208141"
"KN295159v1","690675","690794","chr1","67602533","67602651","23","66911858"
"KN295159v1","754166","754473","chr4","6615194","6615493","60","5861028"
"KN295159v1","937990","938275","chr7","22236764","22237049","62","21298774"
"KN295160v1","2798","3096","chr7","72224551","72224867","52","72221753"
"KN295160v1","3883","4147","chrX","123713128","123713392","67","123709245"
"KN295161v1","9814","10108","chr11","8331598","8331899","37","8321784"
"KN295161v1","91504","91784","chr11","8262390","8262668","17","8170886"
"KN295161v1","92401","92527","chr11","8261655","8261782","9","8169254"
"KN295161v1","141273","141581","chr11","8213455","8213735","44","8072182"
"KN295161v1","189141","189444","chr11","8162603","8162906","31","7973462"
"KN295161v1","277335","277668","chr11","8071263","8071551","63","7793928"
"KN295161v1","302663","302942","chr11","8045307","8045584","35","7742644"
"KN295161v1","358653","358908","chr11","7942116","7942390","34","7583463"
"KN295162v1","153801","154089","chr13","29336834","29337115","29","29183033"
"KN295165v1","139500","139772","chr3","178395168","178395440","16","178255668"
"KN295165v1","139876","140160","chr5","143203603","143203885","73","143063727"
"KN295165v1","207555","207687","chr3","178322584","178322715","12","178115029"
"KN295165v1","232032","232306","chr5","123308566","123308854","65","123076534"
"KN295169v1","8695","8820","chr11","87332976","87333101","13","87324281"
"KN295171v1","84814","85102","chr3","187402472","187402765","60","187317658"
"KN295171v1","103127","103269","chr20","46869","47011","7","56258"
"KN295171v1","171099","171376","chr11","6417356","6417649","64","6246257"
"KN295171v1","322605","322908","chr16","5132250","5132552","56","4809645"
"KN295171v1","333470","333594","chr12","12525020","12525141","20","12191550"
"KN295171v1","335409","335698","chr20","284142","284431","15","51267"
"KN295171v1","336276","336567","chr20","285011","285303","14","51265"
"KN295171v1","340640","340905","chr20","290168","290432","18","50472"
"KN295171v1","375159","375468","chr20","319729","320024","37","55430"
"KN295171v1","408815","409107","chr20","352991","353290","41","55824"
"KN295171v1","420566","420767","chr16","32127947","32128143","44","31707381"
"KN295171v1","478732","478997","chr2A","96871192","96871468","65","96392460"
"KN295171v1","482415","482665","chr20","421579","421832","16","60836"
"KN295171v1","558580","558712","chr5","38339312","38339444","18","37780732"
"KN295171v1","560431","560747","chr20","494533","494831","53","65898"
"KN295171v1","562430","562743","chr20","497123","497430","24","65307"
"KN295171v1","623060","623335","chr19","41452474","41452747","56","40829414"
"KN295171v1","633413","633716","chr10","100681993","100682294","56","100048580"
"KN295171v1","642055","642351","chr20","572853","573150","22","69202"
"KN295171v1","684057","684338","chr20","614481","614779","48","69576"
"KN295171v1","761874","762174","chr20","691227","691515","34","70647"
"KN295171v1","801993","802289","chrX","109021398","109021695","49","108219405"
"KN295171v1","952692","952967","chr20","877992","878272","29","74700"
"KN295171v1","1015160","1015457","chr20","942088","942401","30","73072"
"KN295171v1","1240254","1240556","chr20","1167319","1167621","25","72935"
"KN295171v1","1251182","1251456","chr20","1178203","1178450","48","72979"
"KN295171v1","1272991","1273277","chr20","1207238","1207534","26","65753"
"KN295171v1","1299532","1299653","chr20","1234390","1234499","19","65142"
"KN295171v1","1385254","1385556","chr16","24918173","24918473","58","23532919"
"KN295171v1","1534588","1534712","chr20","1455302","1455434","14","79286"
"KN295172v1","80597","80727","chr11","110040185","110040320","15","109959588"
"KN295172v1","81033","81163","chr11","110040618","110040752","14","109959585"
"KN295172v1","99148","99459","chr11","110058565","110058876","25","109959417"
"KN295172v1","306943","307078","chr20","43186456","43186590","23","42879513"
"KN295172v1","307094","307220","chr11","110285837","110285959","9","109978743"
"KN295174v1","52615","52898","chr10","92000147","92000431","64","91947532"
"KN295174v1","202392","202525","chr8","20182552","20182683","21","19980160"
"KN295174v1","284662","284965","chr15","75125411","75125716","25","74840749"
"KN295174v1","288236","288513","chr15","75128703","75128980","23","74840467"
"KN295174v1","483740","484027","chr15","75328232","75328518","16","74844492"
"KN295174v1","569540","569667","chr15","75413871","75413992","15","74844331"
"KN295174v1","619172","619464","chr15","75464001","75464296","37","74844829"
"KN295174v1","716221","716343","chr15","75553826","75553952","20","74837605"
"KN295176v1","51943","52221","chr3","156741397","156741670","67","156689454"
"KN295176v1","56429","56698","chr1","74160558","74160835","29","74104129"
"KN295177v1","40466","40764","chr8","36070020","36070316","49","36029554"
"KN295185v1","120142","120416","chr10","44698830","44699121","42","44578688"
"KN295185v1","132631","132817","chr19","15866757","15866938","44","15734126"
"KN295185v1","219145","219264","chr2A","37486262","37486381","19","37267117"
"KN295185v1","219304","219487","chr10","1144144","1144329","42","924840"
"KN295185v1","277180","277495","chr10","44543269","44543579","30","44266089"
"KN295195v1","72928","72985","chr4","28013128","28013186","3","27940200"
"KN295195v1","85101","85270","chr7","77613401","77613566","38","77528300"
"KN295195v1","85299","85415","chr4","187053918","187054031","17","186968619"
"KN295195v1","436822","437128","chr8","77569378","77569682","64","77132556"
"KN295195v1","738382","738682","chr4","28650066","28650352","45","27911684"
"KN295195v1","758057","758336","chr4","28668139","28668404","33","27910082"
"KN295196v1","25691","25815","chrX","66623381","66623505","17","66597690"
"KN295196v1","35909","36196","chr19","40249482","40249784","78","40213573"
"KN295198v1","30026","30134","chr2B","123986016","123986127","29","123955990"
"KN295198v1","30434","30642","chr12","59603779","59603974","54","59573345"
"KN295198v1","39017","39317","chr9","94578388","94578690","27","94539371"
"KN295198v1","46609","46904","chr9","94571475","94571780","45","94524866"
"KN295198v1","63509","63763","chr4","87727935","87728186","46","87664426"
"KN295198v1","85212","85314","chr9","94532524","94532628","9","94447312"
"KN295198v1","110844","111004","chr9","94504860","94505038","27","94394016"
"KN295198v1","145575","145863","chr9","94469176","94469468","20","94323601"
"KN295198v1","228949","229281","chr9","89652313","89652608","108","89423364"
"KN295198v1","355273","355547","chr9","94267994","94268292","46","93912721"
"KN295198v1","432421","432616","chr9","94194141","94194336","5","93761720"
"KN295198v1","506936","507072","chr1","152782064","152782194","23","152275128"
"KN295198v1","514737","514930","chr9","94107659","94107867","29","93592922"
"KN295198v1","563808","564109","chr9","94051718","94052002","38","93487910"
"KN295198v1","668174","668488","chr5","553733","554029","69","114441"
"KN295198v1","681326","681450","chr9","93997988","93998121","13","93316662"
"KN295198v1","817811","818106","chr9","93854815","93855116","47","93037004"
"KN295202v1","97555","97871","chr12","19532917","19533241","43","19435362"
"KN295202v1","119621","119909","chr1","52176753","52177049","66","52057132"
"KN295202v1","131264","131580","chr11","71146200","71146505","61","71014936"
"KN295202v1","141809","142133","chr12","19577290","19577614","21","19435481"
"KN295202v1","183505","183778","chr7","2391375","2391657","57","2207870"
"KN295202v1","896560","896758","chr19","10170027","10170218","51","9273467"
"KN295202v1","1029054","1029283","chr2B","1093139","1093368","50","64085"
"KN295202v1","1701940","1702065","chr22","11274543","11274673","28","9572603"
"KN295202v1","1803106","1803385","chr6","18841527","18841805","59","17038421"
"KN295204v1","7293","7433","chrX","72260675","72260806","26","72253382"
"KN295205v1","196763","197060","chr15","31346955","31347242","29","31150192"
"KN295205v1","546817","546941","chr15","30989873","30989997","7","30443056"
"KN295205v1","560949","561230","chr7","85940841","85941125","53","85379892"
"KN295205v1","561409","561541","chr4","41394170","41394300","18","40832761"
"KN295205v1","616067","616382","chr15","30920400","30920703","32","30304333"
"KN295205v1","652568","652840","chr6","20681885","20682151","69","20029317"
"KN295205v1","664350","664511","chr15","30871363","30871537","27","30207013"
"KN295205v1","664550","664669","chr15","30871211","30871329","11","30206661"
"KN295205v1","671817","671949","chr7","137489955","137490085","21","136818138"
"KN295205v1","778081","778391","chr15","30765019","30765326","20","29986938"
"KN295205v1","790710","791019","chr15","30751325","30751635","23","29960615"
"KN295205v1","818033","818046","chr1","58828292","58828304","3","58010259"
"KN295205v1","818088","818366","chr15","30721337","30721607","22","29903249"
"KN295205v1","821480","821726","chr15","30718074","30718328","26","29896594"
"KN295205v1","850717","850841","chr4","72040044","72040168","18","71189327"
"KN295205v1","951549","951855","chr8","142792200","142792512","54","141840651"
"KN295205v1","1129317","1129626","chr7","25928728","25929034","63","24799411"
"KN295205v1","1197728","1198027","chr15","30327305","30327610","31","29129577"
"KN295205v1","1278623","1278918","chr12","110010286","110010585","49","108731663"
"KN295205v1","1294025","1294305","chr5","26427031","26427295","70","25133006"
"KN295205v1","1304155","1304417","chr15","30213791","30214076","39","28909636"
"KN295205v1","1309601","1309852","chr2A","19906247","19906491","56","18596646"
"KN295205v1","1311315","1311394","chr19","5450956","5451029","26","4139641"
"KN295205v1","1336834","1337129","chr5","26162320","26162606","68","24825486"
"KN295205v1","1346410","1346717","chr15","30174049","30174346","31","28827639"
"KN295205v1","1348918","1349045","chr15","30171774","30171899","15","28822856"
"KN295205v1","1351426","1351551","chr15","30169609","30169734","13","28818183"
"KN295205v1","1367731","1367748","chr3","57542940","57542954","6","56175209"
"KN295205v1","1454592","1454902","chr15","30066264","30066574","29","28611672"
"KN295205v1","1513063","1513278","chr3","54265288","54265496","46","52752225"
"KN295205v1","1528867","1529168","chr15","29983289","29983582","21","28454422"
"KN295205v1","1556671","1556965","chr15","29953404","29953691","28","28396733"
"KN295205v1","1649715","1650023","chr7","152468150","152468468","101","150818435"
"KN295209v1","374737","374861","chr5","106201866","106201998","18","105827129"
"KN295209v1","442615","442837","chr5","106143007","106143230","17","105700392"
"KN295209v1","468723","468859","chr6","20750678","20750808","18","20281955"
"KN295209v1","496147","496269","chr5","106098026","106098148","8","105601879"
"KN295209v1","503309","503590","chr5","106090650","106090931","21","105587341"
"KN295209v1","546051","546327","chr7","116599807","116600098","67","116053756"
"KN295209v1","547536","547720","chr3","184830150","184830324","49","184282614"
"KN295213v1","31370","31641","chr8","61689032","61689294","81","61657662"
"KN295215v1","83779","83910","chr6","105094143","105094274","11","105010364"
"KN295217v1","305688","305970","chr13","23818472","23818751","60","23512784"
"KN295217v1","343645","343766","chr11","41869537","41869658","9","41525892"
"KN295217v1","623094","623214","chr11","41581792","41581913","10","40958698"
"KN295217v1","887775","887941","chr1","224704872","224705030","41","223817097"
"KN295217v1","887969","888087","chr1","28974443","28974561","26","28086474"
"KN295217v1","1011559","1011822","chr11","41199956","41200244","52","40188397"
"KN295217v1","1053354","1053639","chr11","41151765","41152059","24","40098411"
"KN295217v1","1354529","1354855","chr11","40854550","40854871","36","39500021"
"KN295217v1","1387465","1387752","chr11","40818882","40819166","25","39431417"
"KN295221v1","1784","2027","chr1","37043302","37043548","77","37041518"
"KN295222v1","4772","5055","chr5","52342829","52343114","50","52338057"
"KN295225v1","139944","140117","chr2B","105529385","105529561","39","105389441"
"KN295225v1","231263","231531","chr7","113299067","113299347","36","113067804"
"KN295225v1","306373","306680","chr19","14107570","14107873","62","13801197"
"KN295225v1","347195","347439","chr2B","123551406","123551663","61","123204211"
"KN295225v1","403129","403354","chr1","182061416","182061639","51","181658287"
"KN295225v1","631647","631938","chr7","113711557","113711860","31","113079910"
"KN295225v1","1241318","1241521","chr7","114326199","114326401","10","113084881"
"KN295225v1","1557583","1557885","chr4","6615194","6615493","62","5057611"
"KN295225v1","1647057","1647373","chr7","114689018","114689319","28","113041961"
"KN295225v1","1858014","1858332","chr18","33116828","33117133","71","31258814"
"KN295231v1","2296","2597","chrX","84704069","84704371","16","84701773"
"KN295232v1","140673","140986","chr22","23175856","23176154","75","23035183"
"KN295233v1","4709","4840","chr1","43109976","43110110","28","43105267"
"KN295235v1","98980","99134","chr19","23710936","23711102","19","23611956"
"KN295235v1","123063","123356","chr19","23691261","23691551","26","23568198"
"KN295236v1","15151","15447","chr19","17786807","17787111","28","17771656"
"KN295236v1","29521","29631","chr19","17776585","17776695","9","17747064"
"KN295236v1","32697","32949","chr10","111314254","111314506","64","111281557"
"KN295236v1","35370","35544","chr3","46765091","46765261","39","46729721"
"KN295236v1","35575","35697","chr20","62538514","62538637","19","62502939"
"KN295236v1","67822","68128","chr19","17738242","17738543","22","17670420"
"KN295236v1","101386","101516","chr19","17706249","17706378","14","17604863"
"KN295236v1","119470","119762","chr19","17690111","17690408","29","17570641"
"KN295236v1","127553","127708","chr19","17682884","17683038","15","17555331"
"KN295236v1","131651","131955","chr1","182679730","182680038","75","182548079"
"KN295236v1","138809","139117","chr20","45903423","45903732","53","45764614"
"KN295236v1","145331","145615","chr8","145967816","145968103","58","145822485"
"KN295236v1","183988","184110","chr19","17617680","17617804","6","17433692"
"KN295236v1","208224","208359","chr5","40678429","40678564","23","40470205"
"KN295236v1","249972","250254","chr19","17556286","17556594","42","17306314"
"KN295236v1","262465","262750","chr19","17543147","17543438","26","17280682"
"KN295236v1","265576","265880","chr19","17538898","17539203","34","17273322"
"KN295236v1","267565","267826","chr19","17537287","17537546","17","17269722"
"KN295236v1","299569","299860","chr8","24363141","24363435","59","24063572"
"KN295236v1","307950","308075","chr6","43855524","43855650","24","43547574"
"KN295236v1","308363","308499","chr1","179587552","179587677","36","179279189"
"KN295236v1","325076","325376","chr5","118090168","118090476","62","117765092"
"KN295236v1","403579","403877","chr19","17402987","17403291","25","16999408"
"KN295236v1","407275","407383","chr7","56749121","56749226","36","56341846"
"KN295236v1","407410","407646","chr19","17399029","17399242","44","16991619"
"KN295236v1","430064","430194","chr19","17371975","17372107","13","16941911"
"KN295236v1","431394","431701","chr19","17370478","17370788","19","16939084"
"KN295236v1","441076","441220","chr9","113984736","113984871","28","113543660"
"KN295236v1","441513","441687","chr22","34008321","34008493","37","33566808"
"KN295236v1","516132","516251","chr19","17295545","17295666","14","16779413"
"KN295236v1","516434","516556","chr9","113151165","113151289","25","112634731"
"KN295236v1","518136","518443","chr19","18967441","18967744","54","18449305"
"KN295236v1","533089","533393","chr19","17278014","17278313","25","16744925"
"KN295236v1","542616","542740","chr19","17275583","17275706","7","16732967"
"KN295236v1","564682","564824","chr19","17253129","17253279","16","16688447"
"KN295236v1","587732","588035","chr19","17229099","17229421","38","16641367"
"KN295236v1","598939","599234","chr19","17216512","17216813","23","16617573"
"KN295236v1","599238","599543","chr19","17216203","17216507","12","16616965"
"KN295236v1","609405","609521","chr19","17205164","17205279","5","16595759"
"KN295236v1","609826","609863","chr19","17204833","17204863","8","16595007"
"KN295236v1","610164","610332","chrX","134491418","134491592","40","133881254"
"KN295236v1","624900","625180","chrX","53825086","53825371","61","53200186"
"KN295236v1","627537","627839","chr6","7697932","7698233","67","7070395"
"KN295236v1","629773","630062","chr19","17183293","17183582","21","16553520"
"KN295236v1","637800","638046","chr16","27676640","27676880","52","27038840"
"KN295236v1","735807","735973","chr13","26341708","26341882","45","25605901"
"KN295236v1","753464","753726","chr1","93056402","93056648","63","92302938"
"KN295236v1","770717","771014","chrX","119054378","119054665","60","118283661"
"KN295236v1","784026","784280","chr19","17020595","17020849","17","16236569"
"KN295236v1","793666","793981","chr19","17010970","17011286","30","16217304"
"KN295236v1","813823","814111","chr19","16992507","16992807","33","16178684"
"KN295236v1","815802","815962","chr19","16990963","16991141","27","16175161"
"KN295236v1","816253","816390","chr1","8430834","8430967","25","7614581"
"KN295236v1","830049","830087","chr7","110722567","110722607","12","109892518"
"KN295236v1","830391","830402","chr22","25607093","25607103","3","24776702"
"KN295236v1","869038","869195","chr11","17183","17344","52","851855"
"KN295236v1","869226","869333","chr8","94279350","94279459","23","93410124"
"KN295236v1","869820","869955","chr1","36304016","36304150","21","35434196"
"KN295236v1","871340","871639","chr5","52104388","52104696","73","51233048"
"KN295236v1","871645","871955","chr19","16932108","16932414","34","16060463"
"KN295236v1","875739","876046","chr1","31716781","31717079","66","30841042"
"KN295236v1","908031","908295","chr19","16893246","16893510","20","15985215"
"KN295236v1","935496","935639","chr19","16867538","16867680","13","15932042"
"KN295236v1","935929","936092","chr19","16867061","16867232","20","15931132"
"KN295236v1","948063","948346","chr19","16844094","16844375","14","15896031"
"KN295236v1","961703","962021","chr19","16832042","16832350","40","15870339"
"KN295236v1","983218","983385","chr19","16814076","16814240","17","15830858"
"KN295236v1","983700","983835","chr19","16813626","16813759","11","15829926"
"KN295236v1","989318","989609","chr19","16808221","16808500","60","15818903"
"KN295236v1","1042067","1042379","chr19","16740694","16741011","24","15698627"
"KN295236v1","1058368","1058642","chr19","16724264","16724543","76","15665896"
"KN295236v1","1064686","1065000","chr10","90100528","90100833","67","89035842"
"KN295236v1","1070820","1070984","chr6","45321329","45321498","31","44250509"
"KN295236v1","1071020","1071181","chr10","125077421","125077574","47","124006401"
"KN295236v1","1119162","1119511","chr19","16664387","16664743","32","15545225"
"KN295236v1","1174944","1175234","chr21","23303359","23303655","52","22128415"
"KN295236v1","1197418","1197659","chr7","3555884","3556121","55","2358466"
"KN295236v1","1211366","1211649","chr5","19744576","19744864","61","18533210"
"KN295236v1","1215897","1216208","chr19","16566768","16567069","37","15350871"
"KN295236v1","1226699","1226987","chr19","16555517","16555808","37","15328818"
"KN295236v1","1232978","1233067","chr6","84230374","84230462","17","82997396"
"KN295236v1","1235334","1235423","chr6","84230374","84230462","17","82995040"
"KN295236v1","1257362","1257633","chr1","221839356","221839626","69","220581994"
"KN295236v1","1260402","1260701","chr19","16524074","16524371","26","15263672"
"KN295236v1","1268369","1268683","chr2A","60381744","60382046","51","59113375"
"KN295236v1","1272990","1273279","chr19","16513525","16513839","47","15240535"
"KN295236v1","1273431","1273554","chr19","16513275","16513398","6","15239844"
"KN295236v1","1283361","1283525","chr7","71259252","71259407","32","69975891"
"KN295236v1","1283829","1283960","chr5","34967766","34967895","19","33683937"
"KN295236v1","1398431","1398725","chr19","16392803","16393099","28","14994372"
"KN295236v1","1421421","1421711","chr1","200227074","200227364","64","198805653"
"KN295236v1","1454499","1454730","chr19","16335267","16335498","20","14880768"
"KN295236v1","1459666","1459798","chr10","111817533","111817656","21","110357867"
"KN295236v1","1465559","1465847","chr1","17397499","17397793","60","15931940"
"KN295236v1","1481934","1482066","chr3","144456072","144456208","17","142974138"
"KN295236v1","1494194","1494325","chr19","16293074","16293197","14","14798880"
"KN295236v1","1520903","1521203","chr19","16266370","16266660","27","14745467"
"KN295236v1","1524060","1524319","chr19","16262279","16262558","37","14738219"
"KN295236v1","1534636","1534935","chr19","16252699","16253002","42","14718063"
"KN295236v1","1562215","1562515","chr1","62239418","62239712","53","60677203"
"KN295236v1","1653879","1654177","chr10","116928358","116928650","57","115274479"
"KN295236v1","1671255","1671382","chr19","16129727","16129848","15","14458472"
"KN295236v1","1671671","1671696","chr19","16129401","16129429","6","14457730"
"KN295236v1","1672315","1672457","chr19","16128953","16129096","9","14456638"
"KN295236v1","1677751","1677907","chr19","16122564","16122720","15","14444813"
"KN295236v1","1685741","1685867","chr19","16115249","16115375","5","14429508"
"KN295236v1","1686639","1686944","chr16","62141972","62142279","69","60455333"
"KN295236v1","1798050","1798192","chr19","16008185","16008327","8","14210135"
"KN295236v1","1800318","1800621","chr19","16004532","16004827","38","14204214"
"KN295236v1","1809344","1809621","chr10","12699679","12699948","74","10890335"
"KN295236v1","1815460","1815707","chr4","87727935","87728186","56","85912475"
"KN295236v1","1823511","1823806","chr19","15983672","15983975","41","14160161"
"KN295236v1","1829124","1829425","chr8","77569378","77569682","62","75740254"
"KN295236v1","1847943","1847987","chr19","15961986","15962026","4","14114043"
"KN295236v1","1850973","1851264","chr11","35748417","35748701","52","33897444"
"KN295236v1","1881656","1881785","chr19","15929790","15929928","15","14048134"
"KN295236v1","1883417","1883693","chr19","15928164","15928445","13","14044747"
"KN295236v1","1883697","1883844","chr19","15928006","15928160","15","14044309"
"KN295236v1","1896426","1896736","chr1","31716781","31717079","57","29820355"
"KN295236v1","1906340","1906456","chr2A","80118842","80118956","21","78212502"
"KN295236v1","1909362","1909657","chr19","15903949","15904243","18","13994587"
"KN295236v1","1931162","1931455","chr19","15882845","15883139","18","13951683"
"KN295236v1","1933985","1934292","chr19","15880404","15880711","20","13946419"
"KN295236v1","1964074","1964173","chr5","39356601","39356696","20","37392527"
"KN295236v1","2026242","2026541","chr7","72179457","72179751","57","70153215"
"KN295236v1","2105377","2105478","chr16","3328286","3328386","21","1222909"
"KN295236v1","2105647","2105807","chr7","68288419","68288570","41","66182772"
"KN295236v1","2105836","2105856","chr13","37051796","37051815","3","34945960"
"KN295236v1","2111057","2111176","chr19","15653919","15654042","20","13542862"
"KN295236v1","2150489","2150717","chr2B","1093139","1093368","48","1057350"
"KN295236v1","2248417","2248746","chr19","15415301","15415592","68","13166884"
"KN295236v1","2296001","2296312","chr19","15366468","15366767","27","13070467"
"KN295236v1","2300641","2300763","chr3","172898281","172898399","17","170597640"
"KN295236v1","2303164","2303436","chr19","15359115","15359401","27","13055951"
"KN295236v1","2304012","2304270","chr19","15358408","15358666","24","13054396"
"KN295236v1","2306743","2307011","chr2A","96871192","96871468","54","94564449"
"KN295236v1","2309193","2309486","chr19","15353265","15353553","26","13044072"
"KN295236v1","2316284","2316405","chr19","15346989","15347112","7","13030705"
"KN295236v1","2322572","2322740","chr19","15340677","15340846","14","13018105"
"KN295236v1","2324759","2325066","chr19","15338393","15338693","33","13013634"
"KN295236v1","2330490","2330665","chrX","103201801","103201983","43","100871311"
"KN295236v1","2337116","2337251","chr19","15325117","15325252","4","12988001"
"KN295236v1","2342599","2342764","chr19","15319588","15319752","7","12976989"
"KN295236v1","2380351","2380661","chr4","6615194","6615493","65","4234843"
"KN295236v1","2384298","2384593","chr19","15274851","15275151","22","12890553"
"KN295236v1","2396337","2396640","chr19","15260284","15260572","33","12863947"
"KN295236v1","2437222","2437495","chr19","15219241","15219517","31","12782019"
"KN295236v1","2445449","2445744","chr19","15211408","15211704","31","12765959"
"KN295236v1","2489089","2489363","chr19","15165202","15165485","33","12676113"
"KN295236v1","2496224","2496532","chr10","115817136","115817448","74","113320912"
"KN295236v1","2498146","2498268","chr11","3377147","3377267","22","879001"
"KN295236v1","2515254","2515528","chr19","7721254","7721535","60","5206000"
"KN295236v1","2516533","2516792","chr7","78859724","78859999","59","76343191"
"KN295236v1","2542119","2542249","chr19","15112359","15112484","27","12570240"
"KN295236v1","2590484","2590732","chr8","63007395","63007650","64","60416911"
"KN295236v1","2627359","2627530","chr19","15027626","15027791","19","12400267"
"KN295236v1","2627794","2627918","chr19","15027238","15027362","5","12399444"
"KN295236v1","2641221","2641538","chr9","65758267","65758587","59","63117046"
"KN295236v1","2660915","2661038","chr19","14994353","14994476","5","12333438"
"KN295236v1","2795889","2796016","chr19","14859626","14859754","9","12063737"
"KN295236v1","2837250","2837554","chr19","14812530","14812835","30","11975280"
"KN295236v1","2845230","2845491","chr19","14804962","14805227","39","11959732"
"KN295236v1","2853486","2853773","chr19","38515921","38516209","56","35662435"
"KN295236v1","2859455","2859754","chr19","14790232","14790544","38","11930777"
"KN295236v1","2882835","2883154","chr19","14765677","14765986","36","11882842"
"KN295236v1","2887652","2887945","chr19","14762325","14762623","23","11874673"
"KN295236v1","2896997","2897281","chr19","14754986","14755262","33","11857989"
"KN295236v1","2916236","2916531","chr19","10398058","10398350","52","7481822"
"KN295236v1","2939268","2939450","chr6","53349146","53349324","30","50409878"
"KN295236v1","2939650","2939961","chr10","12679089","12679403","55","9739439"
"KN295236v1","2942494","2942763","chr19","14144431","14144720","47","11201937"
"KN295236v1","2948469","2948631","chr19","14153410","14153585","26","11204941"
"KN295236v1","2948658","2948747","chr1","152718515","152718604","13","149769857"
"KN295236v1","2984565","2984867","chr19","14523406","14523674","50","11538841"
"KN295236v1","3031473","3031775","chr19","14480625","14480929","28","11449152"
"KN295236v1","3058495","3058793","chr19","14461146","14461432","34","11402651"
"KN295236v1","3080733","3081034","chr19","14442550","14442861","39","11361817"
"KN295236v1","3082864","3082929","chr19","14440382","14440444","8","11357518"
"KN295236v1","3083531","3083745","chr19","14439868","14440087","25","11356337"
"KN295236v1","3091544","3091699","chr7","138498513","138498668","34","135406969"
"KN295236v1","3092603","3092906","chr19","14431314","14431629","35","11338711"
"KN295236v1","3101683","3101873","chr18","56455814","56456000","46","53354131"
"KN295236v1","3128868","3129102","chr5","86183537","86183765","66","83054669"
"KN295236v1","3137156","3137279","chr3","102986868","102986992","16","99849712"
"KN295236v1","3154411","3154718","chr6","24882787","24883076","81","21728376"
"KN295236v1","3171203","3171455","chr2A","74259337","74259590","58","71088134"
"KN295236v1","3173828","3174117","chr19","14350059","14350349","33","11176231"
"KN295236v1","3176082","3176289","chr4","129707870","129708067","64","126531788"
"KN295236v1","3188588","3188733","chr19","14314589","14314739","17","11126001"
"KN295236v1","3189387","3189707","chr7","139688684","139689022","73","136499297"
"KN295236v1","3194880","3195019","chr19","39732817","39732948","23","36537937"
"KN295236v1","3198882","3199179","chr12","9093331","9093625","56","5894449"
"KN295236v1","3201170","3201296","chr7","83798796","83798921","18","80597626"
"KN295236v1","3202175","3202296","chr20","35800564","35800690","21","32598389"
"KN295236v1","3227452","3227583","chr19","14291481","14291598","24","11064029"
"KN295236v1","3260006","3260149","chr6","5854592","5854735","20","2594586"
"KN295236v1","3262102","3262398","chr19","14260598","14260896","23","10998496"
"KN295236v1","3266969","3267094","chr1","179674732","179674853","27","176407763"
"KN295236v1","3297059","3297191","chr19","14228985","14229117","8","10931926"
"KN295236v1","3297702","3297829","chr3","32900598","32900731","25","29602896"
"KN295236v1","3307456","3307755","chr19","14219089","14219394","31","10911633"
"KN295236v1","3329135","3329272","chr19","14197672","14197810","6","10868537"
"KN295236v1","3349577","3349744","chr7","77613401","77613566","43","74263824"
"KN295236v1","3350036","3350182","chr6","4222049","4222185","33","872013"
"KN295236v1","3353715","3354016","chr19","14176382","14176689","22","10822667"
"KN295236v1","3389594","3389889","chr7","5538312","5538611","59","2148718"
"KN295236v1","3398461","3398600","chr19","14131172","14131303","17","10732711"
"KN295236v1","3398860","3399021","chr20","32925600","32925756","32","29526740"
"KN295236v1","3428951","3429070","chr14","54433453","54433572","17","51004502"
"KN295236v1","3435820","3436164","chr19","18770160","18770495","63","15334340"
"KN295236v1","3449986","3450323","chr19","14080825","14081165","16","10630839"
"KN295236v1","3458152","3458438","chr4","106245985","106246267","65","102787833"
"KN295236v1","3492718","3493008","chr19","14043108","14043404","28","10550390"
"KN295236v1","3501369","3501683","chr19","14036915","14037222","39","10535546"
"KN295236v1","3528222","3528476","chr8","77926477","77926732","57","74398255"
"KN295236v1","3533288","3533581","chr5","52741107","52741402","23","49207819"
"KN295236v1","3556591","3556892","chr4","6615194","6615493","67","3058603"
"KN295236v1","3573782","3574060","chr5","52699810","52700097","32","49126028"
"KN295236v1","3581084","3581253","chr5","52694119","52694292","14","49113035"
"KN295236v1","3581549","3581689","chr5","52693690","52693822","16","49112141"
"KN295236v1","3588869","3589162","chr1","110388925","110389215","47","106800056"
"KN295236v1","3615345","3615475","chr19","13933877","13934005","9","10318532"
"KN295236v1","3631509","3631808","chr9","15179869","15180166","52","11548360"
"KN295236v1","3668360","3668486","chr6","5230811","5230938","19","1562451"
"KN295236v1","3678760","3678893","chr7","2256744","2256879","22","1422016"
"KN295236v1","3690558","3690839","chr19","13865041","13865334","34","10174483"
"KN295236v1","3694811","3694934","chr19","17617680","17617804","20","13922869"
"KN295236v1","3695767","3696063","chr19","13856721","13857018","20","10160954"
"KN295236v1","3719096","3719372","chr19","13827211","13827497","28","10108115"
"KN295236v1","3731567","3731687","chr16","63967567","63967689","21","60236000"
"KN295236v1","3756914","3757152","chr19","13783825","13784104","57","10026911"
"KN295236v1","3764175","3764485","chr12","125163839","125164147","59","121399664"
"KN295236v1","3764921","3765202","chrX","53825086","53825371","64","50060165"
"KN295236v1","3793418","3793678","chr15","20820047","20820320","68","17026629"
"KN295236v1","3796383","3796561","chr5","121595120","121595294","42","117798737"
"KN295236v1","3796872","3797004","chr19","10363898","10364030","36","6567026"
"KN295236v1","3812675","3812968","chr19","13730320","13730627","34","9917645"
"KN295236v1","3875511","3875653","chr3","144456072","144456208","24","140580561"
"KN295236v1","3886518","3886752","chr19","13661327","13661570","26","9774809"
"KN295236v1","3901862","3901988","chr19","13646394","13646525","13","9744532"
"KN295236v1","3923275","3923400","chr18","18212548","18212672","21","14289273"
"KN295236v1","3959195","3959494","chr9","78468070","78468390","66","74508875"
"KN295236v1","3974961","3975261","chr18","47530704","47530992","62","43555743"
"KN295236v1","3996216","3996490","chr19","13554962","13555239","22","9558746"
"KN295236v1","4006315","4006498","chr19","13545219","13545402","12","9538904"
"KN295236v1","4029468","4029578","chr5","19560402","19560523","23","15530934"
"KN295236v1","4037806","4038083","chr19","13514833","13515107","24","9477027"
"KN295236v1","4038383","4038425","chr1","19588855","19588891","13","15550472"
"KN295236v1","4049005","4049144","chr1","11753545","11753685","22","7704540"
"KN295236v1","4052069","4052221","chr5","3082088","3082228","31","969981"
"KN295236v1","4061695","4061876","chr19","13495007","13495182","25","9433312"
"KN295236v1","4085192","4085485","chr9","42699436","42699719","68","38614244"
"KN295236v1","4100045","4100365","chr19","13458229","13458552","37","9358184"
"KN295236v1","4144984","4144995","chr1","58828292","58828304","3","54683308"
"KN295236v1","4145306","4145518","chr15","78235674","78235896","71","74090368"
"KN295236v1","4154644","4154901","chr10","26189343","26189600","54","22034699"
"KN295236v1","4173426","4173733","chr1","125529178","125529481","67","121355752"
"KN295236v1","4183745","4184031","chr8","74437349","74437635","58","70253604"
"KN295236v1","4191025","4191304","chr19","17650068","17650349","65","13459043"
"KN295236v1","4211027","4211336","chr19","372518","372820","54","3838509"
"KN295236v1","4212945","4213122","chr19","13351910","13352088","13","9138965"
"KN295236v1","4213432","4213567","chr19","13351470","13351611","15","9138038"
"KN295236v1","4244132","4244419","chr19","13320472","13320775","40","9076340"
"KN295236v1","4269757","4270054","chr19","13296251","13296550","24","9026494"
"KN295236v1","4270483","4270661","chr5","19798992","19799166","34","15528509"
"KN295236v1","4275274","4275391","chr12","113089355","113089472","18","108814081"
"KN295236v1","4320535","4320846","chr19","13246433","13246749","32","8925898"
"KN295236v1","4327526","4327832","chr19","13239111","13239425","28","8911585"
"KN295236v1","4333679","4333953","chr19","13232846","13233117","19","8899167"
"KN295236v1","4342574","4342858","chr19","13224310","13224604","18","8881736"
"KN295236v1","4370725","4371007","chr19","13197438","13197722","20","8826713"
"KN295236v1","4373026","4373328","chr5","38811586","38811892","61","34438560"
"KN295236v1","4382865","4382996","chr19","13183391","13183522","7","8800526"
"KN295236v1","4391290","4391468","chr19","13173547","13173724","16","8782257"
"KN295236v1","4391781","4391920","chr19","13173106","13173244","12","8781325"
"KN295236v1","4430249","4430566","chr3","10244049","10244364","69","5813800"
"KN295236v1","4441151","4441282","chr19","13124620","13124748","13","8683469"
"KN295236v1","4458802","4458870","chr19","13107096","13107160","9","8648294"
"KN295236v1","4541032","4541340","chr19","13030231","13030529","30","8489199"
"KN295236v1","4557330","4557627","chr5","161821270","161821568","57","157263940"
"KN295236v1","4562843","4563140","chr19","13009054","13009356","16","8446211"
"KN295236v1","4567175","4567306","chr19","10195842","10195972","21","5628667"
"KN295236v1","4588120","4588338","chr12","122135480","122135697","35","117547360"
"KN295236v1","4601182","4601297","chrX","38552439","38552555","20","33951257"
"KN295236v1","4601635","4601669","chr7","78817649","78817679","13","74216014"
"KN295236v1","4602566","4602654","chr1","842463","842550","17","3760103"
"KN295236v1","4603173","4603331","chr3","176663905","176664059","50","172060732"
"KN295236v1","4664452","4664588","chr19","12898769","12898906","15","8234317"
"KN295236v1","4666315","4666420","chr19","12896601","12896722","18","8230286"
"KN295236v1","4684785","4685066","chr19","12878457","12878748","28","8193672"
"KN295236v1","4688892","4689194","chr19","12874368","12874676","26","8185476"
"KN295236v1","4731304","4731664","chr19","12830756","12831101","40","8099452"
"KN295236v1","4786472","4786602","chr5","25912414","25912549","26","21125942"
"KN295236v1","4816294","4816436","chr20","46869","47011","28","4769425"
"KN295236v1","4833924","4834057","chr19","18888053","18888184","24","14054129"
"KN295236v1","4834364","4834502","chr8","27174914","27175060","36","22340550"
"KN295236v1","4868350","4868471","chr19","12699174","12699294","16","7830824"
"KN295236v1","4868964","4869233","chr19","12698433","12698682","36","7829469"
"KN295236v1","4921702","4921983","chr19","12645352","12645624","31","7723650"
"KN295236v1","4938325","4938609","chr19","12627281","12627565","8","7688956"
"KN295236v1","4945481","4945591","chr19","12619803","12619917","9","7674322"
"KN295236v1","4974653","4974962","chr19","12594415","12594761","63","7619762"
"KN295236v1","4991745","4991875","chr19","12579525","12579655","10","7587780"
"KN295236v1","4995864","4996160","chr19","12575091","12575374","32","7579227"
"KN295236v1","4997841","4998147","chr19","12572774","12573076","29","7574933"
"KN295236v1","4998148","4998295","chr19","12572625","12572773","12","7574477"
"KN295236v1","5006226","5006518","chr14","21885805","21886099","59","16879579"
"KN295236v1","5013204","5013281","chr3","127082882","127082960","10","122069678"
"KN295236v1","5013598","5013790","chr19","12556958","12557146","16","7543360"
"KN295236v1","5025828","5026134","chr19","12543289","12543599","29","7517461"
"KN295236v1","5031954","5032080","chr19","12536969","12537095","7","7505015"
"KN295236v1","5048865","5048996","chr19","12522508","12522639","6","7473643"
"KN295236v1","5071840","5071965","chr19","12499075","12499206","21","7427235"
"KN295236v1","5072869","5072932","chr19","4660280","4660336","8","412589"
"KN295236v1","5090956","5091245","chr1","161332826","161333101","70","156241870"
"KN295236v1","5102309","5102561","chrX","37620605","37620868","56","32518296"
"KN295236v1","5139509","5139635","chr19","12432462","12432587","14","7292953"
"KN295236v1","5155806","5156074","chr19","12414826","12415089","19","7259020"
"KN295236v1","5188447","5188723","chr19","12371493","12371778","25","7183046"
"KN295236v1","5249909","5250146","chr19","9775700","9775922","64","4525791"
"KN295236v1","5258783","5259121","chr19","9824731","9825059","102","4565948"
"KN295236v1","5291347","5291362","chr3","55401043","55401058","3","50109696"
"KN295236v1","5291491","5291777","chr22","28355668","28355948","60","23064177"
"KN295236v1","5294476","5294759","chr3","104243198","104243482","67","98948722"
"KN295236v1","5404543","5404787","chr3","126311126","126311363","60","120906583"
"KN295236v1","5467472","5467652","chr18","46830954","46831136","50","41363482"
"KN295236v1","5547988","5548173","chr19","38140046","38140238","47","32592058"
"KN295236v1","5593288","5593420","chr19","11879435","11879557","18","6286147"
"KN295236v1","5606861","5607120","chr19","11855546","11855823","35","6248685"
"KN295236v1","5677932","5678210","chr19","11794855","11795146","41","6116923"
"KN295236v1","5695334","5695442","chr9","30039254","30039365","21","24343920"
"KN295236v1","5747547","5747864","chr19","11599507","11599810","43","5851960"
"KN295236v1","5787394","5787685","chr19","11682646","11682951","29","5895252"
"KN295236v1","5821435","5821541","chr19","11661343","11661449","6","5839908"
"KN295236v1","5843349","5843637","chr19","11682646","11682951","34","5839297"
"KN295236v1","5854567","5854674","chr19","11581297","11581405","11","5726730"
"KN295236v1","5876830","5876958","chr19","11544849","11544979","7","5668019"
"KN295236v1","5896381","5896685","chr19","11521925","11522220","19","5625544"
"KN295236v1","6014940","6015234","chr12","115638172","115638455","69","109623232"
"KN295236v1","6095527","6095740","chr19","11321496","11321673","49","5225969"
"KN295236v1","6095992","6096125","chr19","11321084","11321216","7","5225092"
"KN295236v1","6098444","6098733","chr1","24267104","24267389","61","18168660"
"KN295236v1","6138280","6138375","chr10","40937830","40937931","22","34799550"
"KN295236v1","6138427","6138539","chr12","28241550","28241665","19","22103123"
"KN295236v1","6143644","6143955","chr19","11272930","11273243","28","5129286"
"KN295236v1","6143958","6144260","chr19","11272617","11272923","14","5128659"
"KN295236v1","6149552","6149854","chr12","113286651","113286950","59","107137099"
"KN295236v1","6164192","6164488","chr19","11255390","11255686","19","5091198"
"KN295236v1","6203968","6204279","chr19","11239254","11239564","19","5035286"
"KN295239v1","110574","110869","chr15","70050061","70050345","35","69939487"
"KN295240v1","97678","97942","chr7","43721637","43721904","55","43623959"
"KN295241v1","2501","2647","chr9","117166045","117166181","32","117163544"
"KN295241v1","2951","3014","chr2B","111634098","111634151","14","111631147"
"KN295241v1","13974","14298","chr19","56100651","56100963","64","56086677"
"KN295241v1","53093","53391","chrX","118045975","118046275","61","117992882"
"KN295241v1","138926","139104","chr16","44059983","44060167","49","43921057"
"KN295241v1","143999","144146","chr12","25236149","25236293","30","25092150"
"KN295241v1","144450","144590","chr7","72995671","72995810","23","72851221"
"KN295241v1","244693","244976","chrX","154088871","154089156","31","153844178"
"KN295241v1","251806","251934","chr22","312286","312410","12","60480"
"KN295241v1","254336","254632","chr16","32416553","32416864","33","32162217"
"KN295241v1","269319","269451","chr13","6846093","6846225","23","6576774"
"KN295241v1","291675","291920","chr11","69698017","69698267","63","69406342"
"KN295241v1","321325","321384","chr19","44851983","44852042","11","44530658"
"KN295241v1","321807","322021","chr19","34313234","34313468","61","33991427"
"KN295241v1","339827","340121","chr9","114727698","114727974","68","114387871"
"KN295241v1","382609","382905","chrX","153918884","153919183","38","153536275"
"KN295241v1","418261","418485","chrX","153886370","153886589","19","153468109"
"KN295241v1","547285","547585","chrX","153754093","153754393","20","153206808"
"KN295241v1","562390","562688","chrX","153738177","153738481","22","153175787"
"KN295241v1","608158","608468","chrX","153694766","153695070","33","153086608"
"KN295243v1","17714","17971","chr10","87375231","87375503","37","87357517"
"KN295243v1","22864","22979","chr2A","80118842","80118956","15","80095978"
"KN295243v1","38610","38902","chr8","18359167","18359467","30","18320557"
"KN295243v1","61608","61864","chr10","87333307","87333562","23","87271699"
"KN295243v1","67712","67990","chr10","87327225","87327534","54","87259513"
"KN295243v1","70247","70553","chr17","63369994","63370290","70","63299747"
"KN295243v1","100362","100659","chr10","87294576","87294862","51","87194214"
"KN295243v1","112782","112954","chr20","34846734","34846887","56","34733952"
"KN295243v1","146132","146404","chr10","87262930","87263186","37","87116798"
"KN295243v1","268956","269274","chr2B","112801350","112801650","67","112532394"
"KN295243v1","452967","453266","chr19","2330652","2330950","55","1877685"
"KN295243v1","458131","458469","chr10","86942027","86942363","25","86483896"
"KN295243v1","509219","509262","chr19","47025754","47025794","8","46516535"
"KN295243v1","530266","530564","chr10","86869704","86869988","27","86339438"
"KN295243v1","680683","680974","chr21","22285252","22285539","67","21604569"
"KN295243v1","701176","701487","chr2A","95976628","95976933","61","95275452"
"KN295243v1","724288","724565","chr10","86681920","86682197","21","85957632"
"KN295243v1","768684","768961","chrX","55143893","55144187","66","54375209"
"KN295243v1","769138","769256","chr7","26329889","26330011","18","25560751"
"KN295243v1","791695","791972","chr7","141883252","141883535","61","141091557"
"KN295243v1","799321","799616","chr10","86605186","86605480","23","85805865"
"KN295243v1","810789","811092","chr7","535176","535485","66","275613"
"KN295243v1","825658","825933","chr10","86579819","86580093","12","85754161"
"KN295243v1","931394","931670","chr10","86476407","86476678","19","85545013"
"KN295243v1","943511","943804","chr10","86463812","86464103","22","85520301"
"KN295243v1","956588","956909","chr10","86450983","86451304","27","85494395"
"KN295243v1","968322","968600","chr10","85122365","85122644","51","84154043"
"KN295243v1","969114","969409","chr10","86439293","86439560","49","85470179"
"KN295243v1","1034348","1034637","chr10","86361717","86362019","36","85327369"
"KN295243v1","1059181","1059458","chr10","86347621","86347888","30","85288440"
"KN295243v1","1089869","1090163","chr10","86313962","86314255","14","85224093"
"KN295243v1","1091993","1092291","chr10","86311852","86312144","30","85219859"
"KN295243v1","1099415","1099768","chr18","60008640","60008986","98","58909225"
"KN295243v1","1136116","1136420","chr10","90308946","90309253","60","89172830"
"KN295243v1","1154520","1154794","chr7","75796080","75796354","67","74641560"
"KN295243v1","1175918","1175986","chr18","5875551","5875619","19","4699633"
"KN295243v1","1243550","1243841","chr3","39049197","39049471","60","37805647"
"KN295243v1","1296163","1296488","chr10","86109469","86109780","56","84813306"
"KN295243v1","1319012","1319128","chr10","86090531","86090645","20","84771519"
"KN295243v1","1355612","1355920","chr10","86056138","86056452","26","84700526"
"KN295243v1","1371888","1372119","chr10","86040607","86040842","17","84668719"
"KN295243v1","1375490","1375777","chr10","86036768","86037101","67","84661278"
"KN295243v1","1377129","1377254","chr1","24783784","24783908","14","23406655"
"KN295243v1","1385532","1385796","chr3","12562358","12562618","51","11176826"
"KN295243v1","1390870","1391164","chr10","86023644","86023943","23","84632774"
"KN295243v1","1450723","1450845","chr10","85950816","85950940","15","84500093"
"KN295243v1","1494382","1494670","chr10","85905867","85906145","29","84411485"
"KN295244v1","199120","199398","chrX","69511134","69511400","30","69312014"
"KN295244v1","419210","419338","chrX","69293846","69293974","3","68874636"
"KN295244v1","923322","923626","chrX","68781474","68781779","25","67858152"
"KN295248v1","17652","17954","chr14","72151452","72151760","64","72133800"
"KN295248v1","353337","353454","chr1","32003123","32003249","39","31649786"
"KN295248v1","353480","353655","chr20","2148227","2148400","45","1794747"
"KN295248v1","621590","621909","chr9","101977306","101977618","36","101355716"
"KN295249v1","488700","488832","chr5","41327799","41327936","27","40839099"
"KN295249v1","550456","550753","chr13","45302025","45302316","32","44751569"
"KN295251v1","30252","30550","chr10","21503060","21503357","28","21472808"
"KN295251v1","85470","85778","chr4","132866478","132866782","19","132781008"
"KN295254v1","65924","66238","chr5","48144755","48145064","70","48078831"
"KN295254v1","66286","66510","chr1","8584691","8584905","52","8518405"
"KN295255v1","17039","17343","chr21","23303359","23303655","66","23286320"
"KN295255v1","89054","89350","chr2A","18184918","18185234","44","18095864"
"KN295256v1","40955","41202","chr6","143517075","143517313","34","143476120"
"KN295257v1","23792","23951","chr7","62404559","62404715","39","62380767"
"KN295257v1","37745","38030","chr6","3693805","3694080","29","3656060"
"KN295257v1","189372","189643","chr6","3533204","3533461","32","3343832"
"KN295257v1","603837","603961","chr19","42989006","42989131","16","42385169"
"KN295257v1","612476","612761","chr11","28207685","28207970","63","27595209"
"KN295257v1","612769","612909","chrX","133082906","133083039","30","132470137"
"KN295257v1","620836","621145","chr6","3119604","3119911","43","2498768"
"KN295257v1","652525","652632","chr1","148896904","148897010","14","148244379"
"KN295257v1","653015","653217","chr12","35128354","35128544","57","34475339"
"KN295257v1","685091","685399","chr6","3042816","3043098","41","2357725"
"KN295257v1","704907","705228","chr6","3022681","3022991","29","2317774"
"KN295257v1","739547","739662","chr6","2991911","2992027","10","2252364"
"KN295257v1","815417","815672","chr9","112877157","112877419","55","112061740"
"KN295257v1","966539","966845","chr6","2756198","2756500","30","1789659"
"KN295257v1","988440","988736","chr6","2734173","2734470","30","1745733"
"KN295257v1","1173011","1173308","chr6","2548834","2549130","19","1375823"
"KN295257v1","1408831","1409126","chrX","154823983","154824277","57","153415152"
"KN295257v1","1532792","1533121","chr7","127771035","127771352","61","126238243"
"KN295257v1","1551509","1551794","chr6","2163091","2163379","20","611582"
"KN295257v1","1570310","1570585","chr6","2144597","2144872","14","574287"
"KN295257v1","1571067","1571200","chr12","101723772","101723903","21","100152705"
"KN295257v1","1587630","1587944","chr6","2129054","2129368","49","541424"
"KN295257v1","1593773","1594057","chr6","2122875","2123165","26","529102"
"KN295257v1","1700971","1701088","chr6","2005890","2006007","10","304919"
"KN295257v1","1740855","1741148","chr6","1964597","1964882","26","223742"
"KN295257v1","1859014","1859341","chr6","1842368","1842662","69","16646"
"KN295257v1","1876331","1876475","chr11","133625351","133625484","45","131749020"
"KN295257v1","1976426","1976692","chr6","1724905","1725171","21","251521"
"KN295257v1","1991020","1991327","chr6","1709870","1710178","26","281150"
"KN295258v1","19602","19898","chrX","6446790","6447088","43","6427188"
"KN295258v1","106081","106365","chrX","6681885","6682168","58","6575804"
"KN295258v1","196664","196794","chr12","8157127","8157256","32","7960463"
"KN295260v1","114187","114482","chr12","121368057","121368340","68","121253870"
"KN295260v1","114508","114538","chr1","45111462","45111487","7","44996954"
"KN295260v1","462716","462944","chr13","61077900","61078141","33","60615184"
"KN295260v1","471588","471778","chr13","61086483","61086702","39","60614895"
"KN295260v1","557939","558244","chr12","52967815","52968111","66","52409876"
"KN295260v1","580370","580603","chr4","181481972","181482192","52","180901602"
"KN295260v1","1055860","1056159","chr13","61690202","61690508","30","60634342"
"KN295260v1","1093389","1093693","chr13","61726194","61726508","41","60632805"
"KN295260v1","1131515","1131651","chr7","2562020","2562157","30","1430505"
"KN295260v1","1131942","1132050","chr4","124374082","124374188","36","123242140"
"KN295260v1","1204255","1204550","chr19","13848847","13849146","50","12644592"
"KN295260v1","1233924","1234238","chr13","61869328","61869646","19","60635404"
"KN295260v1","1256319","1256626","chr13","61892301","61892596","38","60635982"
"KN295260v1","1318837","1319013","chr13","61949619","61949795","16","60630782"
"KN295260v1","1544641","1544930","chr13","62192602","62192894","53","60647961"
"KN295260v1","1552696","1553012","chr19","17465894","17466187","84","15913198"
"KN295260v1","1964764","1965093","chr13","62631966","62632287","32","60667202"
"KN295260v1","2049880","2050170","chr13","62714797","62715090","23","60664917"
"KN295260v1","2213142","2213439","chr13","62881313","62881612","30","60668171"
"KN295260v1","2238843","2239112","chr19","41452474","41452747","56","39213631"
"KN295260v1","2319398","2319648","chr13","62993618","62993868","30","60674220"
"KN295260v1","2321897","2322067","chr6","45321329","45321498","41","42999432"
"KN295260v1","2322371","2322500","chr5","15536351","15536481","29","13213980"
"KN295265v1","71441","71572","chr8","13573570","13573701","8","13502129"
"KN295265v1","106955","107077","chr8","13535333","13535456","8","13428378"
"KN295265v1","233053","233356","chr8","13405311","13405613","18","13172258"
"KN295265v1","301227","301496","chr6","37455128","37455405","73","37153901"
"KN295267v1","692140","692295","chr10","46818086","46818238","27","46125946"
"KN295267v1","692355","692475","chr8","75184071","75184194","19","74491716"
"KN295272v1","27119","27372","chr5","21037939","21038175","44","21010820"
"KN295273v1","50388","50718","chrX","126506108","126506438","23","126455720"
"KN295274v1","23482","23715","chr9","16577389","16577612","22","16553907"
"KN295274v1","44361","44515","chr9","16598185","16598339","11","16553824"
"KN295274v1","49201","49472","chr9","16603525","16603796","16","16554324"
"KN295274v1","87979","88095","chr9","16633392","16633508","8","16545413"
"KN295281v1","9749","10042","chr11","107281426","107281723","29","107271677"
"KN295282v1","99615","99750","chr12","29581181","29581317","25","29481566"
"KN295284v1","21870","21998","chr5","162132651","162132775","9","162110781"
"KN295284v1","36180","36467","chr5","162145984","162146274","35","162109804"
"KN295284v1","36468","36551","chr1","60768007","60768091","11","60731539"
"KN295284v1","37166","37249","chr1","60768007","60768091","11","60730841"
"KN295284v1","38583","38870","chr5","162145984","162146274","35","162107401"
"KN295284v1","38871","38954","chr1","60768007","60768091","11","60729136"
"KN295284v1","75134","75414","chr5","162178907","162179188","36","162103773"
"KN295284v1","93365","93651","chr5","162196869","162197158","20","162103504"
"KN295284v1","105646","105778","chr5","162210681","162210813","9","162105035"
"KN295284v1","133357","133482","chr5","162234670","162234802","16","162101313"
"KN295284v1","149536","149655","chr6","160521833","160521953","21","160372297"
"KN295284v1","158854","159148","chr5","162267766","162268060","16","162108912"
"KN295284v1","202007","202282","chr21","35550848","35551132","73","35348841"
"KN295284v1","241308","241625","chr5","162351633","162351932","43","162110325"
"KN295284v1","377200","377422","chr3","115253579","115253794","61","114876379"
"KN295284v1","464115","464246","chr1","40706193","40706325","24","40242078"
"KN295284v1","574002","574133","chr5","162691590","162691724","14","162117588"
"KN295284v1","587589","587697","chr5","162705166","162705272","12","162117577"
"KN295284v1","602315","602437","chrX","119011454","119011578","20","118409139"
"KN295284v1","641386","641504","chr7","28741720","28741843","24","28100334"
"KN295287v1","1665","1789","chr7","5688842","5688966","6","5687177"
"KN295287v1","3021","3244","chr14","50700561","50700789","54","50697540"
"KN295287v1","11118","11396","chr17","25195829","25196099","69","25184711"
"KN295287v1","38551","38833","chr7","5650256","5650542","23","5611705"
"KN295287v1","43322","43627","chr7","5060359","5060662","33","5017037"
"KN295287v1","46246","46374","chr22","11274543","11274673","22","11228297"
"KN295287v1","46694","46888","chr19","37808580","37808770","42","37761886"
"KN295291v1","9085","9366","chrX","134357061","134357349","61","134347976"
"KN295293v1","45270","45534","chr2B","8613185","8613479","43","8567915"
"KN295293v1","63432","63577","chr2B","8604035","8604186","15","8540603"
"KN295293v1","63874","63957","chr2B","8603653","8603734","9","8539779"
"KN295293v1","140054","140182","chr2B","8525591","8525719","6","8385537"
"KN295293v1","289609","289716","chr1","91230341","91230446","17","90940732"
"KN295294v1","73707","73946","chr13","14914885","14915120","58","14841178"
"KN295294v1","93206","93491","chr5","19744576","19744864","57","19651370"
"KN295294v1","101282","101367","chr4","199368835","199368919","13","199267553"
"KN295294v1","101661","101709","chr1","8826867","8826913","7","8725206"
"KN295294v1","104509","104635","chr16","65567641","65567769","23","65463132"
"KN295294v1","121517","121812","chr3","136235690","136235988","62","136114173"
"KN295294v1","153773","153895","chr2A","36798922","36799043","8","36645149"
"KN295294v1","165166","165455","chr2A","36786990","36787279","20","36621824"
"KN295294v1","200485","200783","chr2A","36756068","36756366","30","36555583"
"KN295294v1","216594","216867","chr15","58974085","58974356","60","58757491"
"KN295294v1","216876","217055","chr2A","36744878","36745056","14","36528002"
"KN295294v1","274742","275049","chr2A","36676615","36676922","20","36401873"
"KN295294v1","275943","276051","chr10","5426535","5426652","25","5150592"
"KN295294v1","276084","276100","chr1","58828292","58828304","4","58552208"
"KN295294v1","281464","281593","chr2A","36669682","36669806","14","36388218"
"KN295294v1","298684","298785","chr3","44464613","44464711","26","44165929"
"KN295294v1","397329","397570","chr2A","36557409","36557653","18","36160080"
"KN295294v1","464777","465066","chr2A","36515077","36515369","23","36050300"
"KN295294v1","549599","549728","chr2A","36426995","36427115","12","35877396"
"KN295294v1","588799","589058","chr2A","36386859","36387148","51","35798060"
"KN295294v1","677827","677956","chr14","24126638","24126768","21","23448811"
"KN295294v1","767862","768012","chr2A","36194838","36194990","10","35426976"
"KN295294v1","915882","916178","chr2A","36045792","36046096","43","35129910"
"KN295294v1","1041986","1042112","chr2A","35905436","35905564","11","34863450"
"KN295294v1","1125261","1125485","chr2A","35768407","35768633","18","34643146"
"KN295294v1","1177806","1178108","chr2A","35724769","35725067","18","34546963"
"KN295294v1","1179162","1179455","chr1","130921283","130921568","69","129742121"
"KN295294v1","1233086","1233389","chr2A","35691036","35691320","29","34457950"
"KN295294v1","1353306","1353473","chr2A","35572904","35573073","8","34219598"
"KN295294v1","1353786","1353909","chr2A","35572470","35572591","10","34218684"
"KN295294v1","1355928","1356055","chr2A","35570342","35570472","10","34214414"
"KN295294v1","1378314","1378598","chrX","50262965","50263259","55","48884651"
"KN295294v1","1401324","1401618","chr2A","35523889","35524177","26","34122565"
"KN295294v1","1434002","1434275","chr2A","35492747","35493022","17","34058745"
"KN295294v1","1473101","1473396","chr2A","35454085","35454380","15","33980984"
"KN295294v1","1475580","1475864","chr2A","35451790","35452079","24","33976210"
"KN295294v1","1802457","1802717","chr2A","35129921","35130173","33","33327464"
"KN295294v1","2312223","2312520","chr2A","34606501","34606779","31","32294278"
"KN295294v1","2320291","2320536","chr2A","34597612","34597857","18","32277321"
"KN295294v1","2358401","2358465","chr2A","34554199","34554269","9","32195798"
"KN295294v1","2760498","2760617","chr2A","34186332","34186444","13","31425834"
"KN295294v1","2791123","2791255","chr3","26339940","26340072","19","23548817"
"KN295294v1","2850039","2850241","chr2A","34092006","34092208","5","31241967"
"KN295294v1","2850662","2850963","chr2A","34091280","34091592","33","31240618"
"KN295294v1","2861030","2861149","chr16","30069641","30069762","18","27208611"
"KN295294v1","2861177","2861399","chr15","37542611","37542839","65","34681434"
"KN295294v1","2894834","2895114","chr2A","34045239","34045529","23","31150405"
"KN295294v1","2971868","2972104","chr2A","33973191","33973427","17","31001323"
"KN295294v1","3133714","3134020","chr15","60958237","60958541","58","57824523"
"KN295294v1","3135808","3135943","chr5","34604244","34604378","19","31468436"
"KN295294v1","3225754","3226063","chr2A","33726006","33726320","25","30500252"
"KN295294v1","3238745","3239046","chr2A","33712407","33712716","27","30473662"
"KN295294v1","3242609","3242719","chr2A","33708694","33708814","16","30466085"
"KN295294v1","3256021","3256351","chr9","45257289","45257597","81","42001268"
"KN295294v1","3295166","3295281","chr1","182447721","182447839","23","179152555"
"KN295294v1","3344253","3344322","chr7","5403408","5403474","14","2059155"
"KN295294v1","3424059","3424354","chr7","77171848","77172144","57","73747789"
"KN295294v1","3442255","3442596","chr2B","94508051","94508356","77","91065796"
"KN295294v1","3622665","3622969","chr2A","33322631","33322937","29","29699966"
"KN295294v1","3758654","3758783","chr2A","33179448","33179580","12","29420794"
"KN295295v1","31334","31603","chr1","201964062","201964334","27","201932728"
"KN295301v1","390515","390804","chr14","7467083","7467372","13","7076568"
"KN295301v1","521743","522043","chr6","17206427","17206727","57","16684684"
"KN295301v1","655948","656270","chr14","7727643","7727965","30","7071695"
"KN295301v1","807168","807457","chr14","7879263","7879555","22","7072095"
"KN295301v1","851829","852139","chr4","6615194","6615493","69","5763365"
"KN295301v1","1063722","1064028","chr14","8115768","8116075","26","7052046"
"KN295301v1","1064651","1064765","chr6","81745536","81745652","21","80680885"
"KN295301v1","1073087","1073203","chr15","10290961","10291080","29","9217874"
"KN295301v1","1075971","1076094","chr10","112209212","112209332","19","111133241"
"KN295301v1","1107368","1107601","chr14","8148862","8149137","55","7041494"
"KN295301v1","1161821","1161954","chr14","8195672","8195820","24","7033851"
"KN295301v1","1561498","1561830","chr14","8580296","8580618","33","7018798"
"KN295301v1","1573089","1573205","chr14","8589891","8590007","8","7016802"
"KN295302v1","10957","11090","chr17","24608805","24608937","27","24597848"
"KN295302v1","93032","93204","chr3","49576714","49576879","35","49483682"
"KN295302v1","95238","95468","chr3","49709310","49709525","68","49614072"
"KN295302v1","132969","133274","chr2B","124537202","124537490","31","124404233"
"KN295302v1","152218","152522","chr2B","124555851","124556142","53","124403633"
"KN295302v1","162493","162792","chr2B","124565824","124566122","51","124403331"
"KN295302v1","173719","173843","chr2B","124576117","124576243","6","124402398"
"KN295302v1","303739","303919","chr20","46081847","46082024","45","45778108"
"KN295303v1","3377","3647","chr16","23932399","23932673","66","23929022"
"KN295303v1","24855","25193","chr9","111908412","111908737","30","111883557"
"KN295303v1","40818","41032","chr10","32213971","32214178","50","32173153"
"KN295303v1","41628","41746","chr5","38174055","38174170","25","38132427"
"KN295303v1","56794","56992","chr4","39227891","39228072","54","39171097"
"KN295303v1","57592","57681","chr12","121861106","121861198","11","121803514"
"KN295303v1","57695","58057","chrX","154755020","154755363","97","154697325"
"KN295303v1","66974","67108","chr1","38276091","38276227","26","38209117"
"KN295303v1","81019","81175","chr1","227367901","227368047","55","227286882"
"KN295303v1","97502","97800","chr9","111847027","111847325","17","111749525"
"KN295303v1","102634","102759","chr14","54076762","54076884","13","53974128"
"KN295304v1","3319","3614","chr5","39707706","39708001","52","39704387"
"KN295304v1","30564","30646","chr10","117399328","117399409","11","117368764"
"KN295304v1","109774","109852","chr14","87812924","87813002","9","87703150"
"KN295304v1","195773","195885","chr18","77863076","77863188","6","77667303"
"KN295304v1","237100","237403","chr19","46662297","46662602","61","46425197"
"KN295304v1","300748","301029","chr18","77739315","77739601","28","77438567"
"KN295304v1","306920","307126","chr8","33899864","33900076","51","33592944"
"KN295304v1","347533","347816","chr18","77702615","77702903","21","77355082"
"KN295304v1","534948","535233","chr18","77501338","77501638","64","76966390"
"KN295304v1","576981","577110","chr18","77453424","77453559","13","76876443"
"KN295304v1","577811","577972","chr17","18175239","18175403","41","17597428"
"KN295304v1","671729","672081","chr18","77352282","77352607","46","76680553"
"KN295308v1","62334","62559","chr3","189619436","189619668","66","189557102"
"KN295308v1","93340","93515","chr11","132347337","132347508","21","132253997"
"KN295308v1","127714","127828","chr9","120386725","120386852","33","120259011"
"KN295308v1","159083","159388","chr11","132411776","132412049","57","132252693"
"KN295308v1","514681","514983","chr11","132763856","132764151","29","132249175"
"KN295308v1","646251","646508","chr9","91894757","91895016","73","91248506"
"KN295308v1","1600698","1600994","chr1","8747549","8747832","61","7146851"
"KN295308v1","1979729","1979957","chr11","134206886","134207125","29","132227157"
"KN295308v1","1987406","1987697","chr11","134214583","134214874","24","132227177"
"KN295308v1","2023160","2023445","chr11","134250773","134251057","13","132227613"
"KN295308v1","2061392","2061685","chr11","134289223","134289523","35","132227831"
"KN295308v1","2078487","2078709","chr11","113982970","113983199","52","111904483"
"KN295308v1","2146436","2146766","chr11","134384018","134384316","47","132237582"
"KN295308v1","2171933","2172061","chr6","5230811","5230938","19","3058878"
"KN295308v1","2195417","2195511","chr20","15510224","15510310","28","13314807"
"KN295308v1","2355075","2355368","chr11","134589913","134590201","24","132234838"
"KN295315v1","15413","15579","chr2A","315475","315653","23","300062"
"KN295315v1","74826","75131","chr2A","388840","389126","49","314014"
"KN295315v1","101892","102184","chr10","38507119","38507420","63","38405227"
"KN295315v1","110563","110848","chr22","28790143","28790430","67","28679580"
"KN295315v1","136593","136904","chr2A","449687","449994","27","313094"
"KN295315v1","203635","203740","chr2A","505829","505926","16","302194"
"KN295315v1","238222","238480","chr2A","543379","543634","23","305157"
"KN295315v1","312150","312462","chr2A","636463","636762","35","324313"
"KN295315v1","485796","486106","chr16","77202423","77202738","59","76716627"
"KN295315v1","692763","692885","chr7","137715769","137715892","17","137023006"
"KN295315v1","696093","696410","chr2A","1420819","1421106","45","724726"
"KN295315v1","809154","809464","chr2A","1625306","1625614","26","816152"
"KN295315v1","853909","854175","chr3","39049197","39049471","64","38195288"
"KN295315v1","864295","864410","chr2A","1708493","1708608","6","844198"
"KN295315v1","900652","900729","chr2A","1743989","1744065","3","843337"
"KN295315v1","936529","936834","chr2A","1780180","1780487","29","843651"
"KN295315v1","994991","995113","chr2A","1832459","1832590","22","837468"
"KN295315v1","996008","996145","chr5","89369549","89369685","38","88373541"
"KN295315v1","996456","996599","chrX","125084909","125085049","30","124088453"
"KN295315v1","1000244","1000440","chr14","33647737","33647932","35","32647493"
"KN295315v1","1020567","1020790","chr1","25455978","25456199","50","24435411"
"KN295315v1","1021053","1021360","chr1","29391995","29392300","57","28370942"
"KN295315v1","1027631","1027884","chr14","80364060","80364324","60","79336429"
"KN295315v1","1030160","1030366","chr3","53696782","53696981","51","52666622"
"KN295315v1","1070367","1070709","chr2A","1909800","1910142","19","839433"
"KN295315v1","1211256","1211560","chr2A","2048239","2048542","31","836983"
"KN295315v1","1256906","1257194","chr2A","2090663","2090949","23","833757"
"KN295315v1","1259368","1259680","chr2A","2092871","2093178","25","833503"
"KN295315v1","1400989","1401274","chr12","99745472","99745758","56","98344483"
"KN295315v1","1416403","1416679","chr7","76575582","76575863","61","75159179"
"KN295315v1","1596723","1596997","chr2A","2795315","2795629","57","1198592"
"KN295315v1","1755731","1756011","chr2A","2941456","2941759","42","1185725"
"KN295315v1","2111305","2111592","chr2A","3322205","3322507","37","1210900"
"KN295315v1","2114388","2114608","chr2A","3325290","3325502","28","1210902"
"KN295315v1","2210514","2210809","chr2A","3417925","3418223","19","1207411"
"KN295315v1","2308020","2308227","chr9","15089435","15089642","48","12781415"
"KN295315v1","2359367","2359491","chr4","72040044","72040168","17","69680677"
"KN295315v1","2382723","2383082","chr5","37569171","37569500","98","35186448"
"KN295315v1","2427071","2427334","chr2A","3627278","3627548","25","1200207"
"KN295315v1","2442435","2442712","chr2A","3641861","3642172","59","1199426"
"KN295315v1","2520842","2520962","chr11","77041438","77041555","16","74520596"
"KN295315v1","2520994","2521152","chr1","39380094","39380248","31","36859100"
"KN295319v1","6906","7218","chrX","19047784","19048096","52","19040878"
"KN295319v1","32385","32507","chr7","83053990","83054109","16","83021605"
"KN295319v1","92615","92742","chr3","13031600","13031730","10","12938985"
"KN295319v1","109285","109563","chrX","9749257","9749548","76","9639972"
"KN295319v1","162383","162505","chr3","13096929","13097057","13","12934546"
"KN295319v1","187046","187323","chr18","18630396","18630676","68","18443350"
"KN295319v1","193462","193770","chr3","13127398","13127707","19","12933936"
"KN295319v1","382858","383039","chr2A","82298463","82298634","46","81915605"
"KN295319v1","542086","542222","chr9","22550283","22550410","40","22008197"
"KN295319v1","542535","542546","chr4","121695057","121695071","3","121152522"
"KN295319v1","602132","602264","chr3","13539438","13539570","5","12937306"
"KN295319v1","610801","611097","chr7","139968846","139969136","59","139358045"
"KN295319v1","686144","686439","chr6","21628842","21629141","55","20942698"
"KN295319v1","717703","718018","chr3","13655168","13655487","23","12937465"
"KN295319v1","781107","781399","chr5","91521677","91521966","55","90740570"
"KN295319v1","790098","790230","chr10","35820590","35820721","30","35030492"
"KN295320v1","11606","11901","chr2B","8373013","8373309","27","8361407"
"KN295320v1","27944","28250","chr12","34629813","34630128","56","34601869"
"KN295320v1","160882","161177","chr13","96212515","96212810","60","96051633"
"KN295320v1","226210","226527","chr10","128005144","128005456","71","127778934"
"KN295320v1","238539","238701","chr6","54501908","54502071","40","54263369"
"KN295320v1","238988","239128","chr17","95448674","95448812","28","95209686"
"KN295320v1","291037","291310","chr7","42542534","42542798","61","42251497"
"KN295320v1","301201","301497","chr2B","8074388","8074684","29","7773187"
"KN295320v1","371372","371678","chr2B","7991419","7991707","36","7620047"
"KN295320v1","372453","372579","chr2B","7990515","7990641","9","7618062"
"KN295320v1","427549","427828","chr2B","7936140","7936419","22","7508591"
"KN295320v1","469533","469662","chr9","58174384","58174515","27","57704851"
"KN295320v1","577108","577311","chr18","1244531","1244727","42","667423"
"KN295320v1","627363","627445","chr2B","7736491","7736582","14","7109128"
"KN295320v1","803295","803432","chr6","93246383","93246517","21","92443088"
"KN295320v1","898706","899007","chr2B","7408642","7408943","21","6509936"
"KN295320v1","997944","998066","chr2B","7309179","7309306","18","6311235"
"KN295320v1","1070886","1070998","chr2B","7222168","7222273","9","6151282"
"KN295320v1","1071062","1071232","chr2B","7221927","7222103","16","6150865"
"KN295320v1","1092171","1092453","chr2B","7200767","7201045","25","6108596"
"KN295320v1","1418573","1418853","chr2B","6867044","6867359","49","5448471"
"KN295320v1","1564792","1564908","chr2B","6724174","6724290","4","5159382"
"KN295323v1","67254","67469","chrX","41206873","41207084","58","41139619"
"KN295323v1","67520","67626","chr3","199483538","199483644","20","199416018"
"KN295323v1","95006","95126","chr8","2735632","2735752","8","2640626"
"KN295323v1","241223","241499","chr9","110031377","110031654","51","109790154"
"KN295323v1","291334","291568","chr8","2962505","2962726","36","2671171"
"KN295323v1","426011","426297","chr8","3123306","3123597","39","2697295"
"KN295323v1","472374","472628","chr6","110241295","110241549","70","109768921"
"KN295323v1","519378","519493","chr7","72934916","72935034","23","72415538"
"KN295323v1","822030","822158","chr8","3505832","3505953","21","2683802"
"KN295326v1","38387","38511","chr5","16877257","16877381","20","16838870"
"KN295326v1","72411","72547","chr15","1763960","1764094","9","1691549"
"KN295326v1","103310","103619","chr15","1796872","1797178","20","1693562"
"KN295326v1","106046","106343","chr15","1799622","1799927","37","1693576"
"KN295326v1","149615","149876","chr3","12799805","12800071","62","12650190"
"KN295326v1","162514","162641","chr15","1855651","1855778","7","1693137"
"KN295326v1","193340","193630","chr19","35684062","35684348","61","35490722"
"KN295326v1","221957","222167","chr19","52921027","52921231","62","52699070"
"KN295326v1","232917","233229","chrX","53811718","53812021","62","53578801"
"KN295326v1","245447","245743","chr15","1930823","1931120","28","1685376"
"KN295326v1","267491","267635","chr1","149058104","149058251","28","148790613"
"KN295326v1","279786","279897","chr15","594730","594853","22","314944"
"KN295326v1","357974","358144","chr1","215738887","215739056","36","215380913"
"KN295327v1","107917","108203","chrX","6367673","6367962","69","6259756"
"KN295328v1","325248","325514","chr12","68528421","68528688","57","68203173"
"KN295330v1","242413","242671","chr17","93970005","93970264","13","93727592"
"KN295337v1","27204","27478","chr3","68770113","68770399","33","68742909"
"KN295337v1","83333","83642","chr3","68712979","68713279","33","68629646"
"KN295337v1","83646","83933","chr2A","96012091","96012387","57","95928445"
"KN295337v1","97041","97232","chr3","68699779","68700004","47","68602738"
"KN295337v1","99771","99894","chr3","68697633","68697757","11","68597862"
"KN295337v1","178299","178602","chr3","68622464","68622761","29","68444165"
"KN295337v1","181710","181992","chr3","68619064","68619352","23","68437354"
"KN295337v1","729421","729708","chr3","68057807","68058074","39","67328386"
"KN295343v1","47727","47842","chr8","85100943","85101055","37","85053216"
"KN295343v1","48137","48275","chr1","20961478","20961618","27","20913341"
"KN295343v1","75184","75482","chr16","30720818","30721125","29","30645634"
"KN295343v1","80844","81142","chr19","38610887","38611183","60","38530043"
"KN295343v1","81547","81706","chr3","199878997","199879149","30","199797450"
"KN295343v1","99353","99513","chr16","30742383","30742543","10","30643030"
"KN295343v1","122517","122656","chr16","30760609","30760746","16","30638092"
"KN295343v1","122935","123085","chr16","30761018","30761167","8","30638083"
"KN295343v1","185463","185673","chr16","30821402","30821598","30","30635939"
"KN295343v1","198421","198729","chr16","30834777","30835075","40","30636356"
"KN295343v1","322587","322891","chr16","30954731","30955039","18","30632144"
"KN295343v1","334349","334527","chr16","30968393","30968578","16","30634044"
"KN295343v1","334835","334883","chr16","30968877","30968930","6","30634042"
"KN295343v1","357613","357923","chr16","30991082","30991399","28","30633469"
"KN295343v1","366732","366835","chr12","112398496","112398596","25","112031764"
"KN295343v1","375267","375527","chr16","31010430","31010699","29","30635163"
"KN295343v1","385804","385997","chr16","31020710","31020945","50","30634906"
"KN295343v1","386817","387135","chr16","31021431","31021751","27","30634614"
"KN295343v1","422066","422358","chr16","31059801","31060086","23","30637735"
"KN295343v1","454292","454498","chr9","15089435","15089642","42","14635143"
"KN295343v1","475290","475576","chr16","31110009","31110305","31","30634719"
"KN295343v1","481613","481891","chr16","31115993","31116273","29","30634380"
"KN295343v1","492197","492508","chr16","31126170","31126473","34","30633973"
"KN295343v1","516066","516220","chr1","45194108","45194263","32","44678042"
"KN295343v1","516534","516665","chr16","31149883","31150015","9","30633349"
"KN295343v1","536289","536597","chr9","89652313","89652608","61","89116024"
"KN295343v1","586220","586453","chr16","31222203","31222422","45","30635983"
"KN295343v1","643214","643430","chr6","157499804","157500000","65","156856590"
"KN295343v1","643479","643617","chr12","25236149","25236293","30","24592670"
"KN295343v1","645236","645337","chr16","31279612","31279711","9","30634376"
"KN295343v1","645640","645819","chr16","31280012","31280184","16","30634372"
"KN295343v1","664809","665099","chr1","33027881","33028181","61","32363072"
"KN295343v1","699119","699428","chr7","79483309","79483616","56","78784190"
"KN295343v1","703446","703664","chr16","31333386","31333604","10","30629940"
"KN295343v1","713391","713692","chr16","31343804","31344079","49","30630413"
"KN295343v1","717582","717889","chr3","125329164","125329471","57","124611582"
"KN295343v1","726672","726962","chr16","31361355","31361649","19","30634683"
"KN295343v1","731992","732285","chr16","31366577","31366843","50","30634585"
"KN295343v1","763164","763453","chr16","31383982","31384273","28","30620818"
"KN295343v1","779231","779535","chr2A","73665192","73665502","58","72885961"
"KN295343v1","815281","815412","chr4","44484687","44484820","15","43669406"
"KN295343v1","829147","829453","chr9","34638579","34638868","73","33809432"
"KN295343v1","852388","852691","chr16","31461797","31462102","25","30609409"
"KN295343v1","857206","857291","chr5","153825670","153825750","20","152968464"
"KN295343v1","857633","857818","chr18","60556687","60556851","39","59699054"
"KN295343v1","858579","858756","chr16","31477315","31477488","20","30618736"
"KN295343v1","859041","859174","chr16","31477787","31477930","18","30618746"
"KN295343v1","909070","909367","chr16","31527920","31528211","24","30618850"
"KN295343v1","913113","913406","chr16","31531750","31532041","24","30618637"
"KN295343v1","935019","935167","chr16","31554841","31554985","18","30619822"
"KN295343v1","936529","936662","chr16","31556379","31556509","16","30619850"
"KN295343v1","947267","947573","chr10","46400994","46401300","66","45453727"
"KN295343v1","950622","950749","chr16","31571018","31571144","9","30620396"
"KN295343v1","954103","954411","chr7","79592244","79592550","66","78638141"
"KN295343v1","964012","964301","chr16","31584182","31584467","33","30620170"
"KN295343v1","964906","965174","chr16","31585057","31585339","28","30620151"
"KN295343v1","999221","999345","chr16","31617470","31617601","14","30618249"
"KN295343v1","1010304","1010553","chr7","78926282","78926538","65","77915978"
"KN295343v1","1013080","1013204","chr16","31635998","31636122","8","30622918"
"KN295343v1","1101428","1101706","chr10","45506597","45506902","55","44405169"
"KN295345v1","21103","21362","chr1","57913795","57914057","72","57892692"
"KN295345v1","923044","923166","chr15","67021234","67021355","11","66098190"
"KN295345v1","981455","981750","chr15","67079293","67079588","26","66097838"
"KN295345v1","1056624","1056924","chr15","67176849","67177139","22","66120225"
"KN295345v1","1058586","1058715","chr3","162842915","162843041","25","161784329"
"KN295345v1","1065360","1065372","chr4","121695057","121695071","2","120629697"
"KN295345v1","1065475","1065748","chr1","133347830","133348114","79","132282355"
"KN295345v1","1067995","1068253","chr19","5675647","5675910","65","4607652"
"KN295345v1","1140944","1141070","chr3","119743514","119743642","19","118602570"
"KN295345v1","1209981","1210266","chr15","67331045","67331329","23","66121064"
"KN295345v1","1301331","1301384","chr9","90547445","90547496","14","89246114"
"KN295345v1","1301760","1301989","chr19","2047933","2048132","73","746173"
"KN295346v1","348310","348594","chr2B","110645425","110645733","45","110297115"
"KN295346v1","859312","859507","chr16","32127947","32128143","46","31268635"
"KN295346v1","969419","969703","chr15","44795451","44795737","43","43826032"
"KN295346v1","971013","971237","chr12","52296021","52296246","44","51325008"
"KN295346v1","1143318","1143615","chr9","97269120","97269416","57","96125802"
"KN295346v1","1150396","1150694","chr2B","109862656","109862959","26","108712260"
"KN295346v1","1240204","1240505","chrX","8400937","8401230","75","7160733"
"KN295346v1","1259339","1259487","chr1","62617347","62617493","23","61358008"
"KN295346v1","1293431","1293747","chr12","125163839","125164147","55","123870408"
"KN295346v1","1295936","1296226","chr12","70784225","70784515","24","69488289"
"KN295346v1","1344012","1344307","chr2B","109659714","109660011","38","108315702"
"KN295346v1","1375757","1375898","chr2B","109622448","109622584","6","108246691"
"KN295346v1","1425241","1425499","chr5","21257535","21257785","60","19832294"
"KN295346v1","1447621","1447752","chr16","29367142","29367271","21","27919521"
"KN295346v1","1584810","1585095","chr2B","109411813","109412107","32","107827003"
"KN295346v1","1648541","1648779","chr2B","109325029","109325287","35","107676488"
"KN295346v1","1699694","1699993","chr18","11465591","11465890","61","9765897"
"KN295346v1","1704108","1704395","chr2B","109273859","109274145","29","107569751"
"KN295346v1","1841330","1841622","chr2B","109134915","109135207","19","107293585"
"KN295346v1","1900133","1900419","chr2B","109085854","109086139","23","107185721"
"KN295346v1","1964593","1964709","chr2B","109028491","109028607","11","107063898"
"KN295346v1","2058465","2058768","chr11","123214119","123214405","55","121155654"
"KN295346v1","2213791","2214109","chr2B","108772592","108772893","38","106558801"
"KN295347v1","69271","69565","chr4","147378129","147378421","23","147308858"
"KN295349v1","40674","40952","chr16","60253726","60254006","22","60213052"
"KN295349v1","46434","46564","chr15","69599317","69599445","18","69552883"
"KN295349v1","85229","85506","chr16","60212236","60212531","41","60127007"
"KN295350v1","56642","56737","chr7","74605684","74605774","17","74549042"
"KN295350v1","57341","57413","chr5","61735459","61735527","20","61678118"
"KN295350v1","57673","57767","chr1","140174624","140174720","23","140116951"
"KN295350v1","80748","80945","chr22","1766436","1766597","64","1685688"
"KN295350v1","81294","81427","chr17","7442985","7443117","18","7361691"
"KN295350v1","112779","112905","chr12","12525020","12525141","22","12412241"
"KN295350v1","117188","117305","chr17","7478967","7479086","9","7361779"
"KN295350v1","167919","168037","chr17","7528128","7528243","19","7360209"
"KN295350v1","187836","188097","chr10","114686531","114686803","63","114498695"
"KN295350v1","188398","188443","chr6","170845307","170845350","11","170656909"
"KN295350v1","188605","188855","chr17","7553203","7553464","23","7364598"
"KN295350v1","321446","321571","chr17","7679474","7679599","4","7358028"
"KN295350v1","332588","332862","chr17","7691301","7691592","30","7358713"
"KN295350v1","362434","362643","chr17","7720392","7720601","13","7357958"
"KN295350v1","403808","404108","chr22","1709192","1709498","56","1305384"
"KN295350v1","413228","413506","chr9","115447640","115447932","65","115034412"
"KN295350v1","568900","569180","chr17","7920353","7920620","33","7351453"
"KN295350v1","642095","642347","chr17","7993147","7993399","27","7351052"
"KN295350v1","781465","781736","chr17","8137057","8137329","19","7355592"
"KN295350v1","845547","845852","chr17","8204588","8204890","41","7359041"
"KN295350v1","866604","866898","chr1","145128435","145128725","55","144261831"
"KN295350v1","914632","914763","chr5","45707500","45707636","27","44792868"
"KN295350v1","920030","920283","chr17","8279695","8279956","21","7359665"
"KN295350v1","949071","949361","chr17","8308542","8308812","49","7359471"
"KN295350v1","953179","953268","chr2A","89526314","89526404","15","88573135"
"KN295350v1","953312","953496","chr18","2394412","2394596","41","1441100"
"KN295350v1","1037694","1037833","chr9","114837511","114837645","27","113799817"
"KN295350v1","1047499","1047551","chr7","74275994","74276048","12","73228495"
"KN295350v1","1095436","1095565","chr17","8455528","8455657","12","7360092"
"KN295350v1","1103683","1103813","chr10","146644698","146644830","20","145541015"
"KN295350v1","1134122","1134246","chr17","8492140","8492266","11","7358018"
"KN295350v1","1239531","1239843","chr17","8599632","8599950","46","7360101"
"KN295350v1","1284524","1284822","chr17","8651269","8651564","28","7366745"
"KN295352v1","23312","23483","chr16","79046863","79047008","62","79023551"
"KN295352v1","25798","25864","chr14","8592197","8592263","8","8566399"
"KN295352v1","37618","37936","chr1","185031126","185031430","40","184993508"
"KN295352v1","106121","106418","chr7","5538312","5538611","65","5432191"
"KN295352v1","230773","230900","chr3","144616756","144616881","14","144385983"
"KN295352v1","251706","251956","chr1","185253166","185253418","28","185001460"
"KN295352v1","326845","326966","chr12","108695556","108695671","16","108368711"
"KN295352v1","380134","380422","chr1","185382642","185382939","29","185002508"
"KN295352v1","403171","403298","chr1","40706193","40706325","26","40303022"
"KN295352v1","403794","403991","chr1","185405312","185405512","17","185001518"
"KN295352v1","435230","435361","chr1","93500052","93500181","24","93064822"
"KN295352v1","574500","574628","chr1","185572702","185572825","13","184998202"
"KN295352v1","578621","578895","chr3","53570055","53570334","60","52991434"
"KN295352v1","622147","622436","chr1","185620985","185621272","21","184998838"
"KN295352v1","836433","836563","chr1","186863072","186863192","33","186026639"
"KN295352v1","925302","925618","chr1","186032676","186032984","28","185107374"
"KN295352v1","1007269","1007569","chr1","121810160","121810467","24","120802891"
"KN295352v1","1067019","1067167","chr1","121754953","121755101","21","120687934"
"KN295352v1","1067469","1067603","chr1","121754529","121754670","17","120687060"
"KN295352v1","1095959","1096240","chr1","124473673","124473986","52","123377714"
"KN295352v1","1113382","1113695","chr1","124488851","124489179","38","123375469"
"KN295352v1","1349340","1349677","chr1","186275496","186275839","26","184926156"
"KN295352v1","1425792","1426101","chr4","151379400","151379693","59","149953608"
"KN295356v1","43756","44059","chr4","134417864","134418168","18","134374108"
"KN295356v1","239295","239424","chr4","134673692","134673821","8","134434397"
"KN295356v1","306530","306803","chr17","92725052","92725335","56","92418522"
"KN295356v1","419494","419739","chr5","34782327","34782583","68","34362833"
"KN295356v1","490756","490929","chr4","134899881","134900044","21","134409125"
"KN295356v1","496350","496505","chr4","134904824","134905006","35","134408474"
"KN295356v1","613149","613424","chr4","135053347","135053622","25","134440198"
"KN295356v1","654657","654927","chr4","135093251","135093504","38","134438594"
"KN295356v1","979688","980004","chr4","135430059","135430377","29","134450371"
"KN295356v1","1004394","1004689","chr4","135454272","135454566","14","134449878"
"KN295356v1","1085706","1086007","chr9","89652313","89652608","54","88566607"
"KN295356v1","1175769","1175974","chr16","41363678","41363877","65","40187909"
"KN295357v1","17672","17972","chr19","50397853","50398149","65","50380181"
"KN295357v1","20025","20265","chr1","46906775","46907013","52","46886750"
"KN295361v1","166901","167041","chr16","26272733","26272873","12","26105832"
"KN295361v1","186499","186806","chr16","26253277","26253575","28","26066778"
"KN295361v1","195639","195857","chr16","26244663","26244881","18","26049024"
"KN295361v1","256737","257047","chr22","7161756","7162064","73","6905019"
"KN295361v1","285239","285521","chr1","207926843","207927124","66","207641604"
"KN295361v1","403216","403375","chr16","3757505","3757654","48","3354289"
"KN295361v1","403643","403810","chr11","71436994","71437175","41","71033351"
"KN295361v1","425621","425875","chr2B","92688122","92688379","65","92262501"
"KN295361v1","473241","473537","chr16","25931369","25931662","20","25458128"
"KN295361v1","496797","497086","chr16","25907648","25907935","19","25410851"
"KN295361v1","497504","497823","chr6","145738391","145738708","70","145240887"
"KN295361v1","507719","508017","chr16","25895832","25896151","53","25388113"
"KN295361v1","517585","517850","chr11","65060170","65060434","62","64542585"
"KN295361v1","526246","526447","chr16","25877217","25877418","15","25350971"
"KN295361v1","541076","541415","chr16","25862014","25862353","26","25320938"
"KN295361v1","565018","565316","chr16","25839173","25839474","34","25274155"
"KN295361v1","575742","576051","chr16","60630135","60630442","58","60054393"
"KN295361v1","596255","596457","chr5","121598585","121598786","47","121002330"
"KN295361v1","596756","596850","chr11","1917023","1917117","15","1320267"
"KN295361v1","629342","629651","chr16","25795280","25795605","45","25165938"
"KN295361v1","697595","697719","chr16","25702965","25703089","6","25005370"
"KN295361v1","721308","721591","chr6","13925985","13926271","61","13204677"
"KN295361v1","750637","750758","chr4","41961268","41961392","23","41210631"
"KN295361v1","758116","758423","chr16","25630177","25630511","48","24872061"
"KN295361v1","820033","820329","chr4","6615194","6615493","59","5795161"
"KN295361v1","821523","821792","chr16","25565218","25565490","46","24743695"
"KN295361v1","835873","836087","chr16","25550680","25550916","38","24714807"
"KN295361v1","876335","876639","chr16","25511378","25511680","29","24635043"
"KN295361v1","891287","891598","chr16","25497094","25497411","30","24605807"
"KN295361v1","902199","902325","chr16","25486005","25486136","17","24583806"
"KN295361v1","902638","902820","chr22","24273343","24273522","35","23370705"
"KN295361v1","907251","907530","chr1","47456442","47456714","54","46549191"
"KN295361v1","916900","917139","chr16","25469988","25470233","27","24553088"
"KN295361v1","943517","943581","chr3","76871767","76871832","13","75928250"
"KN295361v1","961467","961751","chr16","25426819","25427118","37","24465352"
"KN295362v1","235377","235505","chr11","64427061","64427191","22","64191684"
"KN295362v1","964997","965295","chr8","59616355","59616650","22","58651358"
"KN295362v1","1013981","1014287","chr8","59662086","59662367","46","58648105"
"KN295362v1","1072513","1072806","chr8","59717094","59717391","39","58644581"
"KN295362v1","1099647","1099939","chr2B","48857313","48857610","61","47757666"
"KN295362v1","1210657","1210941","chr10","54776863","54777137","49","53566206"
"KN295362v1","1228485","1228753","chr8","59886837","59887105","17","58658352"
"KN295362v1","1251882","1252153","chr4","71933998","71934269","60","70682116"
"KN295362v1","1275519","1275650","chr8","59932339","59932470","3","58656820"
"KN295362v1","1282136","1282394","chr8","59938542","59938804","21","58656406"
"KN295362v1","1291312","1291429","chr15","47655929","47656047","25","46364617"
"KN295362v1","1294581","1294711","chr8","59950418","59950549","7","58655837"
"KN295362v1","1371833","1372134","chr8","60029763","60030060","42","58657930"
"KN295362v1","1392068","1392370","chr10","102038292","102038579","68","100646224"
"KN295362v1","1429590","1429817","chr14","61136729","61136957","51","59707139"
"KN295363v1","101686","101999","chr3","6752575","6752873","41","6650889"
"KN295365v1","92777","93077","chr4","134263507","134263808","24","134170730"
"KN295365v1","148792","149065","chr4","134209019","134209289","21","134060227"
"KN295365v1","331821","332136","chr16","47768230","47768541","61","47436409"
"KN295365v1","342592","342713","chr4","134029801","134029925","12","133687209"
"KN295365v1","511593","511895","chr12","110920581","110920893","63","110408988"
"KN295365v1","591417","591700","chr4","133777197","133777509","53","133185780"
"KN295365v1","691013","691145","chr4","133661284","133661416","8","132970271"
"KN295365v1","767325","767637","chr4","133587638","133587946","28","132820313"
"KN295365v1","810193","810432","chr4","133549169","133549407","13","132738976"
"KN295366v1","58837","59122","chrX","49543499","49543768","42","49484662"
"KN295366v1","101266","101553","chr11","123214119","123214405","57","123112853"
"KN295366v1","184666","184799","chrX","49635934","49636070","22","49451268"
"KN295366v1","185113","185295","chrX","49636385","49636564","31","49451272"
"KN295366v1","230664","230804","chr12","12506697","12506822","38","12276033"
"KN295366v1","230807","230845","chr16","48524079","48524121","13","48293272"
"KN295366v1","231154","231290","chr3","32900598","32900731","29","32669444"
"KN295366v1","239362","239485","chr11","6883057","6883183","20","6643695"
"KN295366v1","246794","246933","chr17","62162879","62163017","22","61916085"
"KN295366v1","254252","254375","chrX","49708524","49708647","2","49454272"
"KN295366v1","265618","265670","chrX","49719093","49719146","2","49453475"
"KN295366v1","287597","287811","chrX","49747496","49747755","56","49459899"
"KN295366v1","307552","307731","chr6","53349146","53349324","30","53041594"
"KN295366v1","441337","441448","chrX","49999884","50000000","16","49558547"
"KN295366v1","460991","461031","chrX","50037656","50037695","4","49576665"
"KN295366v1","462821","462951","chrX","49897962","49898092","14","49435141"
"KN295368v1","222688","223013","chr1","125529178","125529481","86","125306490"
"KN295368v1","461644","461778","chr12","76635086","76635209","15","76173442"
"KN295368v1","542996","543191","chr12","76555507","76555703","14","76012511"
"KN295368v1","543590","543692","chr12","76554993","76555095","9","76011403"
"KN295368v1","721772","722057","chr12","76395145","76395432","34","75673373"
"KN295368v1","822599","822729","chr12","76331496","76331626","6","75508897"
"KN295368v1","1032234","1032558","chr20","39185398","39185709","66","38153164"
"KN295368v1","1162403","1162688","chr12","75983576","75983860","47","74821173"
"KN295368v1","1195178","1195488","chr12","75949685","75950008","31","74754507"
"KN295368v1","1196012","1196278","chr12","75948885","75949158","30","74752873"
"KN295368v1","1209333","1209633","chr12","75934561","75934854","28","74725228"
"KN295368v1","1335672","1335927","chr12","75803334","75803615","42","74467662"
"KN295368v1","1420761","1421065","chr12","75711911","75712211","30","74291150"
"KN295368v1","1456832","1457121","chr12","75684759","75685048","22","74227927"
"KN295368v1","1548005","1548132","chr1","136169581","136169710","21","134621576"
"KN295368v1","1576463","1576771","chr13","11509176","11509481","56","9932713"
"KN295368v1","1597719","1597873","chr4","139616883","139617048","41","138019164"
"KN295368v1","1614574","1614872","chr12","75534945","75535242","18","73920371"
"KN295368v1","1712597","1712743","chr12","75433652","75433793","16","73721055"
"KN295368v1","1717783","1718073","chr12","75425235","75425531","28","73707452"
"KN295368v1","1722042","1722168","chr12","75421081","75421207","5","73699039"
"KN295368v1","1735888","1735955","chr12","113350328","113350396","11","111614440"
"KN295368v1","1750499","1750612","chr1","180309351","180309464","27","178558852"
"KN295368v1","1813021","1813313","chr12","75335681","75335975","23","73522660"
"KN295368v1","1865824","1865955","chr12","38268757","38268886","15","36402933"
"KN295368v1","1906643","1906891","chr12","75244428","75244690","30","73337785"
"KN295368v1","1910653","1910933","chr7","78859724","78859999","57","76949071"
"KN295368v1","1967876","1968189","chr12","75185354","75185644","36","73217478"
"KN295368v1","2395870","2395998","chr20","55599798","55599928","30","53203928"
"KN295368v1","2462703","2462996","chr12","74698087","74698387","24","72235384"
"KN295368v1","2585329","2585614","chr12","74582475","74582779","45","71997146"
"KN295368v1","2874070","2874344","chr12","74295270","74295542","29","71421200"
"KN295371v1","14574","14824","chr7","74992904","74993153","56","74978330"
"KN295371v1","71113","71399","chr17","2047172","2047446","74","1976059"
"KN295371v1","189238","189361","chr1","179987110","179987225","13","179797872"
"KN295371v1","211581","211712","chr1","180007865","180007987","15","179796284"
"KN295371v1","266639","266964","chr1","180057822","180058128","32","179791183"
"KN295371v1","271066","271336","chr1","180061916","180062196","28","179790850"
"KN295371v1","272472","272747","chr5","26162320","26162606","56","25889848"
"KN295371v1","272793","272819","chr1","223864877","223864907","7","223592084"
"KN295371v1","295411","295521","chr17","2409347","2409455","15","2113936"
"KN295371v1","301895","302208","chr21","27064344","27064650","69","26762449"
"KN295371v1","367017","367346","chr16","28399033","28399343","75","28032016"
"KN295371v1","383799","383968","chr16","31061862","31062025","28","30678063"
"KN295371v1","384008","384077","chr12","76384148","76384217","14","76000140"
"KN295371v1","384161","384275","chr14","33589359","33589474","19","33205198"
"KN295371v1","384317","384463","chr12","25236149","25236293","28","24851832"
"KN295371v1","395333","395463","chr1","180171064","180171194","12","179775731"
"KN295371v1","405537","405841","chr1","180183331","180183628","28","179777794"
"KN295371v1","514060","514183","chr7","25244118","25244241","12","24730058"
"KN295371v1","541444","541555","chr1","180309351","180309464","9","179767907"
"KN295371v1","607312","607597","chr1","180372682","180372954","29","179765370"
"KN295371v1","690961","691090","chr1","180466033","180466162","10","179775072"
"KN295371v1","738365","738684","chr7","80029636","80029951","74","79291271"
"KN295371v1","775210","775499","chr1","180568923","180569215","13","179793713"
"KN295371v1","800429","800564","chr1","180597443","180597578","7","179797014"
"KN295371v1","817795","817915","chr19","42989006","42989131","17","42171211"
"KN295371v1","847543","847861","chr1","180646082","180646401","23","179798539"
"KN295371v1","869407","869530","chr1","180665800","180665923","4","179796393"
"KN295371v1","913690","913822","chr1","180709999","180710125","14","179796309"
"KN295371v1","1018595","1018856","chr1","180814675","180814937","17","179796080"
"KN295371v1","1045172","1045293","chr1","180836835","180836963","14","179791663"
"KN295371v1","1075717","1075999","chr2A","87429731","87430026","68","86354014"
"KN295371v1","1114314","1114617","chr1","180933626","180933931","22","179819312"
"KN295375v1","35188","35492","chr18","33116828","33117133","37","33081640"
"KN295375v1","102878","103060","chr15","63379212","63379392","40","63276334"
"KN295375v1","143985","144185","chr18","59997080","59997261","64","59853095"
"KN295375v1","167592","167901","chr18","32955541","32955841","35","32787949"
"KN295375v1","239056","239348","chr18","32878192","32878471","27","32639136"
"KN295375v1","306231","306545","chr4","6615194","6615493","74","6308963"
"KN295375v1","334109","334399","chr18","32784139","32784436","35","32450030"
"KN295375v1","345411","345539","chr5","34967766","34967895","18","34622355"
"KN295375v1","346617","346912","chr18","32773163","32773453","23","32426546"
"KN295375v1","363030","363299","chr10","41688668","41688941","60","41325638"
"KN295375v1","385881","386160","chr11","123630407","123630674","69","123244526"
"KN295375v1","405784","405963","chr1","26457448","26457621","30","26051664"
"KN295375v1","405998","406120","chr18","32705320","32705439","10","32299322"
"KN295375v1","441387","441652","chr15","63721013","63721271","69","63279626"
"KN295375v1","447878","448132","chr18","32653457","32653711","17","32205579"
"KN295375v1","504464","504610","chr5","100046093","100046234","41","99541629"
"KN295375v1","504643","504761","chr5","45205745","45205861","21","44701102"
"KN295375v1","648812","649110","chr16","15789091","15789382","66","15140279"
"KN295375v1","670698","671000","chr18","32444606","32444902","29","31773908"
"KN295375v1","718682","718954","chr18","32390793","32391066","22","31672111"
"KN295375v1","858039","858108","chr12","113350328","113350396","8","112492289"
"KN295375v1","867408","867699","chr18","32249085","32249388","35","31381677"
"KN295375v1","925713","925882","chr18","32181836","32182005","11","31256123"
"KN295375v1","937840","938066","chrX","16726184","16726410","67","15788344"
"KN295375v1","979826","980103","chr6","3042816","3043098","67","2062990"
"KN295375v1","994580","994839","chr10","14233452","14233707","46","13238872"
"KN295375v1","1045964","1046177","chr18","32072904","32073113","18","31026940"
"KN295375v1","1054967","1055251","chr18","32064210","32064489","19","31009243"
"KN295375v1","1078299","1078595","chr20","47310604","47310909","52","46232305"
"KN295375v1","1216178","1216489","chr11","86411184","86411485","66","85195006"
"KN295375v1","1283106","1283385","chr18","31833822","31834097","21","30550716"
"KN295375v1","1590367","1590649","chr18","31464797","31465081","22","29874430"
"KN295375v1","1597811","1598121","chr18","31449935","31450252","43","29852124"
"KN295375v1","1609116","1609412","chr18","31438696","31439003","36","29829580"
"KN295381v1","18381","18540","chr15","43179733","43179887","42","43161352"
"KN295381v1","18574","18685","chr3","199483538","199483644","26","199464964"
"KN295382v1","75405","75682","chr6","32139486","32139777","27","32064081"
"KN295382v1","146982","147160","chr6","32206432","32206610","7","32059450"
"KN295382v1","147471","147591","chr6","32206925","32207051","13","32059454"
"KN295382v1","189401","189698","chr2A","79595389","79595658","82","79405988"
"KN295384v1","4463","4748","chr1","203244962","203245243","23","203240499"
"KN295384v1","36957","37180","chr7","71594846","71595059","54","71557889"
"KN295384v1","177805","177942","chr9","12101762","12101895","27","11923957"
"KN295384v1","187254","187386","chr9","35918369","35918492","34","35731115"
"KN295388v1","95180","95302","chr22","26873285","26873404","22","26778105"
"KN295388v1","116094","116363","chr3","165392761","165393036","25","165276667"
"KN295393v1","72483","72754","chr8","41671342","41671614","66","41598859"
"KN295394v1","139371","139586","chr9","15089435","15089642","55","14950064"
"KN295394v1","405200","405497","chr11","106325947","106326246","27","105920747"
"KN295394v1","593746","594009","chr11","106151219","106151483","25","105557473"
"KN295394v1","896845","896971","chr11","105877215","105877342","9","104980370"
"KN295397v1","46480","46763","chr6","10740288","10740565","63","10693808"
"KN295402v1","108348","108646","chr16","64904511","64904809","59","64796163"
"KN295402v1","145464","145743","chr9","112722170","112722449","62","112576706"
"KN295402v1","317213","317505","chr2A","30617498","30617794","39","30300285"
"KN295402v1","462670","462993","chr2A","30796382","30796699","25","30333712"
"KN295402v1","712271","712455","chr14","46342377","46342570","48","45630106"
"KN295402v1","929404","929720","chr11","71146200","71146505","56","70216796"
"KN295402v1","984330","984629","chr2A","31269047","31269348","19","30284717"
"KN295402v1","991528","991769","chr2A","31276199","31276440","28","30284671"
"KN295404v1","106412","106534","chrX","88205794","88205916","7","88099382"
"KN295405v1","18006","18133","chr19","12377047","12377181","32","12359041"
"KN295405v1","18341","18439","chrX","314416","314512","24","296075"
"KN295405v1","65996","66160","chr8","14254385","14254549","40","14188389"
"KN295405v1","66189","66294","chr19","4432367","4432474","22","4366178"
"KN295405v1","94493","94644","chr3","73659542","73659695","48","73565049"
"KN295405v1","94934","95070","chr19","2369873","2369992","42","2274939"
"KN295405v1","127664","127926","chr9","73881590","73881857","59","73753926"
"KN295405v1","150802","150913","chr17","85154999","85155109","20","85004197"
"KN295405v1","163292","163603","chr10","40840522","40840834","23","40677230"
"KN295405v1","201355","201679","chr7","39628908","39629224","72","39427553"
"KN295405v1","226173","226467","chr10","40782487","40782785","21","40556314"
"KN295405v1","226794","227097","chr10","40781857","40782162","27","40555063"
"KN295405v1","256080","256353","chr10","40753339","40753604","31","40497259"
"KN295405v1","260686","260989","chr3","180264061","180264357","61","180003375"
"KN295405v1","296855","296981","chr10","40716347","40716471","10","40419492"
"KN295405v1","298571","298862","chr9","119262544","119262840","63","118963973"
"KN295405v1","327721","327977","chr10","40688102","40688360","28","40360381"
"KN295405v1","370580","370709","chr17","24608805","24608937","23","24238225"
"KN295405v1","464085","464183","chr1","133157282","133157381","18","132693197"
"KN295405v1","515487","515502","chr3","39022422","39022433","5","38506935"
"KN295405v1","515539","515689","chr3","200210685","200210828","35","199695146"
"KN295405v1","515994","516129","chr10","117206699","117206833","20","116690705"
"KN295405v1","522193","522313","chrX","24151117","24151236","24","23628924"
"KN295405v1","536625","536749","chr12","131633714","131633837","17","131097089"
"KN295405v1","573139","573433","chr10","40449643","40449940","30","39876504"
"KN295405v1","574199","574459","chr1","183074735","183075006","60","182500536"
"KN295405v1","654833","654946","chr10","40363050","40363167","13","39708217"
"KN295405v1","779954","780241","chr10","40245864","40246149","30","39465910"
"KN295405v1","839545","839854","chr19","10560533","10560841","60","9720988"
"KN295405v1","891938","892259","chr10","40118921","40119245","24","39226983"
"KN295405v1","1147044","1147316","chr10","39864940","39865210","16","38717896"
"KN295405v1","1151205","1151508","chr4","41860646","41860946","66","40709441"
"KN295405v1","1178952","1179019","chrUn_CABD030132876v1","1","67","13","1178951"
"KN295405v1","1201044","1201362","chr21","27913920","27914229","64","26712876"
"KN295405v1","1269536","1269663","chr10","39748624","39748751","12","38479088"
"KN295405v1","1291919","1291976","chr10","39721957","39722014","3","38430038"
"KN295405v1","1292300","1292419","chr10","39721523","39721647","12","38429223"
"KN295405v1","1300386","1300679","chr10","39713523","39713792","44","38413137"
"KN295405v1","1303236","1303551","chr10","39710645","39710945","65","38407409"
"KN295405v1","1329350","1329629","chr10","39685106","39685381","26","38355756"
"KN295405v1","1333862","1334190","chr10","39680564","39680884","27","38346702"
"KN295405v1","1423754","1423957","chr10","39585714","39585920","10","38161960"
"KN295405v1","1500371","1500671","chr18","11804496","11804796","61","10304125"
"KN295405v1","1506746","1507040","chr6","157715697","157715993","60","156208951"
"KN295405v1","1515590","1515865","chr10","39491411","39491670","29","37975821"
"KN295405v1","1519195","1519421","chr10","39487338","39487567","25","37968143"
"KN295405v1","1522877","1523184","chr10","39482901","39483216","25","37960024"
"KN295405v1","1579066","1579345","chr10","39433194","39433478","23","37854128"
"KN295405v1","1592161","1592293","chr4","37679962","37680095","22","36087801"
"KN295405v1","1656480","1656613","chr1","19356500","19356639","39","17700020"
"KN295405v1","1656913","1656978","chr16","29562691","29562764","21","27905778"
"KN295405v1","1684858","1684992","chr10","39348370","39348502","6","37663512"
"KN295405v1","1721702","1722002","chr16","75461413","75461707","57","73739711"
"KN295405v1","1744058","1744388","chr10","12679089","12679403","74","10935031"
"KN295405v1","1773305","1773440","chr5","40678429","40678564","16","38905124"
"KN295405v1","1883656","1883958","chr4","6615194","6615493","61","4731538"
"KN295405v1","1884382","1884678","chr10","39133531","39133823","34","37249149"
"KN295405v1","1911352","1911537","chr7","76999824","77000000","36","75088472"
"KN295405v1","2045939","2046209","chr10","38960388","38960650","26","36914449"
"KN295406v1","61234","61531","chr11","82787764","82788068","22","82726530"
"KN295406v1","102055","102281","chr11","82748990","82749221","24","82646935"
"KN295406v1","130637","130938","chr6","22404441","22404744","60","22273804"
"KN295406v1","150970","151054","chr11","82706732","82706816","6","82555762"
"KN295406v1","171917","172033","chrX","155094095","155094211","23","154922178"
"KN295406v1","205247","205557","chr15","63644215","63644513","58","63438968"
"KN295406v1","250180","250493","chr12","125163839","125164147","60","124913659"
"KN295406v1","312216","312398","chr11","82556101","82556283","11","82243885"
"KN295406v1","329030","329282","chr11","82539635","82539887","22","82210605"
"KN295406v1","372382","372636","chr11","82490455","82490728","31","82118073"
"KN295406v1","423910","424031","chr19","14994353","14994476","12","14570443"
"KN295406v1","435713","435999","chr11","82417955","82418233","22","81982242"
"KN295406v1","450782","450899","chr11","82403753","82403870","4","81952971"
"KN295406v1","450977","451100","chr11","82403537","82403676","23","81952560"
"KN295406v1","463422","463694","chr11","82390961","82391242","30","81927539"
"KN295406v1","499490","499623","chr11","82361265","82361398","9","81861775"
"KN295406v1","563741","564034","chr11","82295016","82295329","34","81731275"
"KN295410v1","385291","385402","chr12","9904494","9904601","20","9519203"
"KN295410v1","388658","388963","chr2A","73665192","73665502","56","73276534"
"KN295414v1","11533","11825","chrX","5750513","5750824","73","5738980"
"KN295414v1","155338","155640","chrX","5903158","5903463","48","5747820"
"KN295414v1","164770","165071","chr7","70152189","70152474","74","69987419"
"KN295414v1","206994","207289","chr1","221819177","221819473","78","221612183"
"KN295415v1","26887","27019","chr16","60887960","60888092","34","60861073"
"KN295420v1","159611","159754","chr15","9075876","9076017","9","8916265"
"KN295420v1","172545","172674","chr15","9062907","9063038","12","8890362"
"KN295420v1","279156","279288","chr15","8959272","8959404","4","8680116"
"KN295420v1","315565","315860","chr15","8923395","8923694","24","8607830"
"KN295420v1","315864","316007","chr9","78604822","78604968","28","78288958"
"KN295420v1","325630","325941","chr15","8913513","8913823","30","8587883"
"KN295424v1","209867","210154","chr17","59192613","59192905","25","58982746"
"KN295424v1","225261","225389","chr8","95084036","95084167","23","94858775"
"KN295424v1","325876","326181","chr8","42414444","42414750","54","42088568"
"KN295424v1","410632","410776","chr10","46818086","46818238","37","46407454"
"KN295424v1","411091","411221","chr8","20182552","20182683","27","19771461"
"KN295424v1","774177","774466","chr17","59708100","59708403","41","58933923"
"KN295428v1","24491","24767","chr5","82029501","82029777","19","82005010"
"KN295428v1","79822","79866","chr5","81984846","81984890","2","81905024"
"KN295428v1","89396","89504","chr7","64964390","64964498","18","64874994"
"KN295428v1","90559","90828","chr11","19126904","19127170","56","19036345"
"KN295428v1","110893","111123","chr16","19698223","19698450","63","19587330"
"KN295428v1","111982","112105","chr12","1281914","1282040","18","1169932"
"KN295428v1","115952","116123","chr1","26457448","26457621","41","26341496"
"KN295428v1","120082","120385","chr7","72450012","72450309","60","72329930"
"KN295428v1","132976","133056","chr9","61999190","61999266","21","61866214"
"KN295428v1","144893","145028","chr20","32758604","32758734","21","32613711"
"KN295428v1","252778","253082","chr5","81815136","81815439","21","81562358"
"KN295428v1","267329","267644","chrX","3036666","3036981","74","2769337"
"KN295430v1","121050","121349","chr9","53220916","53221207","40","53099866"
"KN295430v1","287605","287728","chr5","125182670","125182794","22","124895065"
"KN295430v1","342291","342443","chr9","34376325","34376471","31","34034034"
"KN295430v1","342754","342920","chr3","39058083","39058246","32","38715329"
"KN295430v1","430716","431024","chr9","52912219","52912525","32","52481503"
"KN295430v1","864662","864775","chr5","70537903","70538017","22","69673241"
"KN295430v1","864804","864988","chr14","56793215","56793396","60","55928411"
"KN295430v1","933228","933521","chrX","54145099","54145392","62","53211871"
"KN295430v1","1099196","1099478","chr9","52127649","52127937","25","51028453"
"KN295430v1","1109613","1109728","chr16","63363586","63363701","16","62253973"
"KN295430v1","1110036","1110202","chr19","8523413","8523570","51","7413377"
"KN295430v1","1127840","1127972","chr9","52099590","52099722","4","50971750"
"KN295430v1","1136160","1136385","chr9","52091155","52091379","50","50954995"
"KN295430v1","1136668","1136757","chr9","52090754","52090853","20","50954086"
"KN295430v1","1142847","1143141","chr9","52084884","52085182","28","50942037"
"KN295430v1","1146404","1146703","chr5","138734846","138735142","53","137588442"
"KN295430v1","1146735","1146748","chr8","46268509","46268524","3","45121774"
"KN295430v1","1156821","1157145","chr9","52070914","52071233","35","50914093"
"KN295430v1","1474929","1475177","chr9","51751797","51752044","17","50276868"
"KN295430v1","1515156","1515296","chr9","33129440","33129577","27","31614284"
"KN295430v1","1604917","1605049","chr7","155017241","155017375","18","153412324"
"KN295430v1","1902541","1902807","chr9","51338947","51339196","40","49436406"
"KN295430v1","1947369","1947588","chr9","51290435","51290654","12","49343066"
"KN295430v1","2042481","2042760","chr9","51194378","51194657","18","49151897"
"KN295430v1","2196329","2196621","chr9","51006628","51006919","22","48810299"
"KN295430v1","2270250","2270492","chr1","101628619","101628853","67","99358369"
"KN295430v1","2284486","2284609","chr9","50918185","50918307","9","48633699"
"KN295430v1","2284909","2285101","chr9","50917700","50917891","19","48632791"
"KN295430v1","2286960","2287289","chr9","50915543","50915867","23","48628583"
"KN295430v1","2342759","2342981","chr10","1737616","1737806","72","605143"
"KN295430v1","2380986","2381272","chr16","31585057","31585339","60","29204071"
"KN295430v1","2408869","2408913","chr19","15961986","15962026","7","13553117"
"KN295430v1","2415877","2416172","chr9","50783052","50783331","39","48367175"
"KN295430v1","2416843","2417146","chr9","50782064","50782365","21","48365221"
"KN295430v1","2427164","2427351","chr9","50772102","50772290","38","48344938"
"KN295430v1","2479701","2479833","chr22","11274543","11274673","17","8794842"
"KN295430v1","2488688","2488976","chr5","19934585","19934873","55","17445897"
"KN295430v1","2549947","2550084","chr1","36304016","36304150","24","33754069"
"KN295430v1","2550385","2550535","chrX","19691360","19691511","42","17140975"
"KN295430v1","2611588","2611828","chr9","50603685","50603923","17","47992097"
"KN295430v1","2896716","2896988","chrX","16554883","16555162","59","13658167"
"KN295430v1","2995494","2995624","chr9","50237646","50237771","17","47242152"
"KN295430v1","3053153","3053434","chr9","50178626","50178928","35","47125473"
"KN295432v1","38571","38870","chrX","50760334","50760634","25","50721763"
"KN295432v1","48860","49163","chrX","50753064","50753355","28","50704204"
"KN295433v1","756","886","chr3","126483087","126483211","23","126482331"
"KN295433v1","26131","26253","chr20","37061035","37061149","24","37034904"
"KN295433v1","29523","29555","chr16","3334394","3334427","5","3304871"
"KN295433v1","30851","30971","chr3","191443166","191443284","32","191412315"
"KN295433v1","30974","31270","chr4","25292500","25292803","40","25261526"
"KN295433v1","36377","36452","chr12","76384148","76384217","16","76347771"
"KN295433v1","40227","40361","chr4","25281077","25281208","14","25240850"
"KN295433v1","62161","62346","chr4","25264880","25265065","12","25202719"
"KN295433v1","62638","62769","chr4","25264463","25264593","11","25201825"
"KN295433v1","87660","87769","chr4","25239847","25239966","20","25152187"
"KN295433v1","116146","116276","chr19","44986470","44986599","22","44870324"
"KN295433v1","148367","148566","chr7","36649173","36649359","48","36500806"
"KN295433v1","148877","149001","chr4","25191339","25191449","21","25042462"
"KN295433v1","214689","214977","chr4","25137999","25138289","37","24923310"
"KN295433v1","218227","218540","chr10","11336660","11336971","60","11118433"
"KN295433v1","230189","230498","chr4","25122058","25122367","29","24891869"
"KN295433v1","230585","230711","chr4","25121839","25121967","9","24891254"
"KN295433v1","264469","264743","chr4","25089654","25089967","51","24825185"
"KN295433v1","277659","277964","chr17","17580815","17581115","61","17303156"
"KN295433v1","310959","311250","chr19","18591882","18592173","55","18280923"
"KN295433v1","334885","335069","chr7","86168256","86168450","42","85833371"
"KN295433v1","336988","337291","chr4","25033549","25033822","54","24696561"
"KN295433v1","343994","344287","chr9","89652313","89652608","56","89308319"
"KN295433v1","479139","479262","chr4","24888829","24888952","6","24409690"
"KN295433v1","494937","495095","chr4","24873154","24873314","8","24378217"
"KN295433v1","505451","505661","chr19","3659246","3659472","71","3153795"
"KN295433v1","508435","508733","chr4","24857117","24857414","27","24348682"
"KN295433v1","528468","528591","chr16","60058278","60058400","15","59529810"
"KN295433v1","529104","529391","chr9","89652313","89652608","61","89123209"
"KN295433v1","549249","549535","chr10","119111668","119111947","57","118562419"
"KN295433v1","631852","631967","chr7","45249487","45249599","20","44617635"
"KN295433v1","636159","636430","chrX","100983366","100983623","63","100347207"
"KN295433v1","681450","681733","chr4","24690214","24690498","16","24008764"
"KN295433v1","727324","727637","chr10","24859153","24859460","71","24131829"
"KN295433v1","763167","763190","chr13","9745036","9745060","6","8981869"
"KN295433v1","763230","763512","chr4","24592292","24592599","35","23829062"
"KN295433v1","776704","776987","chr4","24579391","24579680","28","23802687"
"KN295433v1","1146601","1146897","chrX","45463203","45463502","53","44316602"
"KN295433v1","1149610","1149726","chr12","368006","368130","18","781604"
"KN295433v1","1202942","1203244","chr21","23303359","23303655","62","22100417"
"KN295433v1","1284732","1285012","chr11","47181837","47182122","63","45897105"
"KN295433v1","1312875","1313036","chr9","53792082","53792234","47","52479207"
"KN295433v1","1633473","1633750","chr3","7572187","7572473","68","5938714"
"KN295433v1","2095569","2095684","chr4","23269208","23269318","12","21173639"
"KN295437v1","280726","280844","chr1","227320619","227320734","23","227039893"
"KN295437v1","281145","281297","chr12","111502170","111502316","42","111221025"
"KN295439v1","248524","248656","chr3","162570700","162570830","19","162322176"
"KN295440v1","11916","12216","chr2A","21352783","21353076","23","21340867"
"KN295441v1","296303","296586","chr1","47306776","47307064","35","47010473"
"KN295441v1","300963","301257","chr1","47302104","47302406","22","47001141"
"KN295441v1","358480","358729","chr1","31941794","31942030","54","31583314"
"KN295441v1","358958","359263","chr6","32169761","32170066","56","31810803"
"KN295441v1","412485","412520","chr14","14234538","14234574","6","13822053"
"KN295441v1","555117","555280","chr1","47057303","47057435","34","46502186"
"KN295441v1","584806","584928","chr1","47029325","47029455","35","46444519"
"KN295441v1","593815","594127","chr1","47019617","47019920","28","46425802"
"KN295441v1","630964","631155","chr16","31061862","31062025","55","30430898"
"KN295441v1","631457","631594","chr9","12101762","12101895","25","11470305"
"KN295441v1","642098","642388","chr1","46949160","46949446","23","46307062"
"KN295441v1","665853","666156","chr6","77891929","77892226","76","77226076"
"KN295441v1","681251","681389","chr20","49746874","49747004","26","49065623"
"KN295441v1","682818","683116","chr1","46908709","46909007","21","46225891"
"KN295441v1","685123","685407","chr2A","20508259","20508542","52","19823136"
"KN295441v1","691874","692160","chr1","54430148","54430420","62","53738274"
"KN295441v1","692618","692941","chr19","31649323","31649645","81","30956705"
"KN295441v1","698400","698652","chr7","64807503","64807767","62","64109103"
"KN295441v1","699836","699984","chr19","19031565","19031706","41","18331729"
"KN295441v1","700206","700338","chr17","61828275","61828408","43","61128069"
"KN295441v1","722547","722817","chr4","72339696","72339974","53","71617149"
"KN295441v1","749797","750087","chr1","46836305","46836560","53","46086508"
"KN295441v1","761461","761634","chr22","25556715","25556881","46","24795254"
"KN295441v1","761938","762074","chr16","3777662","3777798","18","3015724"
"KN295441v1","785903","786189","chr1","46794869","46795163","25","46008966"
"KN295441v1","811896","812183","chr1","46763403","46763695","29","45951507"
"KN295441v1","837458","837750","chr19","46797301","46797609","65","45959843"
"KN295441v1","877083","877377","chr1","46697411","46697702","20","45820328"
"KN295441v1","909771","909888","chr15","78766328","78766445","19","77856557"
"KN295441v1","931963","932233","chr1","46645027","46645294","18","45713064"
"KN295441v1","1034428","1034719","chr1","46518822","46519112","21","45484394"
"KN295441v1","1044657","1044792","chr1","46509402","46509533","16","45464745"
"KN295441v1","1090657","1090935","chr1","46477226","46477512","31","45386569"
"KN295441v1","1101556","1101884","chr11","30554914","30555237","76","29453358"
"KN295441v1","1110188","1110311","chr1","46459049","46459173","9","45348861"
"KN295441v1","1208940","1209100","chr16","63692403","63692566","37","62483463"
"KN295441v1","1209370","1209513","chr5","96050907","96051044","28","94841537"
"KN295441v1","1260546","1260840","chr16","31282904","31283185","89","30022358"
"KN295441v1","1265693","1265825","chr12","53264989","53265123","36","51999296"
"KN295441v1","1283304","1283433","chr16","40417747","40417875","24","39134443"
"KN295441v1","1303187","1303234","chr22","2309213","2309260","3","1006026"
"KN295441v1","1303532","1303678","chr22","2309566","2309695","23","1006034"
"KN295441v1","1403093","1403380","chr1","46225807","46226100","21","44822714"
"KN295441v1","1437243","1437532","chr1","46193266","46193557","29","44756023"
"KN295441v1","1443067","1443338","chr13","27014136","27014399","56","25571069"
"KN295441v1","1445645","1445771","chr1","46180247","46180377","12","44734602"
"KN295441v1","1446078","1446245","chr1","46179777","46179944","11","44733699"
"KN295441v1","1453924","1454187","chr1","46172481","46172755","43","44718557"
"KN295441v1","1460851","1460944","chr1","46158700","46158794","14","44697849"
"KN295441v1","1461251","1461379","chr22","4005606","4005729","36","2544355"
"KN295441v1","1463404","1463530","chr16","65567641","65567769","24","64104237"
"KN295441v1","1463858","1463975","chr12","103548926","103549038","37","102085068"
"KN295441v1","1485113","1485278","chr6","110679659","110679829","32","109194546"
"KN295441v1","1533865","1533993","chr1","46078365","46078492","6","44544500"
"KN295441v1","1538305","1538571","chr1","46073882","46074152","20","44535577"
"KN295441v1","1543492","1543792","chr1","46068499","46068796","25","44525007"
"KN295441v1","1573602","1573888","chr1","46044270","46044559","11","44470668"
"KN295441v1","1600673","1600973","chr20","45903423","45903732","57","44302750"
"KN295441v1","1607548","1607752","chr9","79323680","79323878","48","77716132"
"KN295441v1","1648175","1648477","chr2B","112801350","112801650","62","111153175"
"KN295441v1","1660467","1660590","chr1","45951935","45952058","6","44291468"
"KN295441v1","1664516","1664829","chr1","45948269","45948577","19","44283753"
"KN295441v1","1681630","1681808","chr16","51192050","51192230","31","49510420"
"KN295441v1","1682110","1682241","chr1","45930505","45930635","7","44248395"
"KN295441v1","1700224","1700336","chr1","45912493","45912614","14","44212269"
"KN295441v1","1710864","1711016","chr1","12424085","12424249","38","10713221"
"KN295441v1","1711044","1711178","chr15","4418544","4418674","42","2707500"
"KN295441v1","1775300","1775646","chr1","45849356","45849692","28","44074056"
"KN295441v1","1777283","1777562","chr10","116707450","116707728","48","114930167"
"KN295441v1","1800672","1800897","chr1","45825690","45825928","25","44025018"
"KN295441v1","1806270","1806390","chr5","164731260","164731382","19","162924990"
"KN295446v1","25940","26060","chr5","39586537","39586657","11","39560597"
"KN295446v1","35830","36125","chr5","39576399","39576702","33","39540569"
"KN295446v1","52540","52642","chr3","58621744","58621842","20","58569204"
"KN295448v1","132390","132699","chr20","45903423","45903732","53","45771033"
"KN295448v1","168171","168469","chr1","52648985","52649268","67","52480814"
"KN295448v1","334803","335108","chrX","133243653","133243960","62","132908850"
"KN295448v1","376524","376822","chr8","110356408","110356688","35","109979884"
"KN295448v1","437031","437323","chr1","148663671","148663962","52","148226640"
"KN295448v1","465078","465368","chr8","110445655","110445954","28","109980577"
"KN295448v1","591166","591462","chr8","110565713","110566008","21","109974547"
"KN295448v1","767446","767769","chr8","110756687","110756971","67","109989241"
"KN295449v1","144123","144262","chr14","42816305","42816442","12","42672182"
"KN295449v1","517279","517499","chr14","43210010","43210230","11","42692731"
"KN295449v1","628291","628574","chr14","43312182","43312469","21","42683891"
"KN295449v1","779681","779804","chr2B","99127070","99127194","18","98347389"
"KN295449v1","1084969","1085085","chr14","43775959","43776075","9","42690990"
"KN295449v1","1085117","1085265","chr14","43776114","43776273","19","42690997"
"KN295449v1","1146988","1147269","chr14","43835938","43836217","35","42688950"
"KN295449v1","1176837","1176968","chr3","74138089","74138225","32","72961252"
"KN295449v1","1177593","1177887","chr15","57590234","57590539","26","56412641"
"KN295449v1","1341595","1341792","chr4","108337766","108337974","49","106996171"
"KN295450v1","134","294","chr16","244498","244659","33","244364"
"KN295450v1","3197","3505","chr12","44226286","44226605","67","44223089"
"KN295450v1","79328","79584","chr8","82869536","82869818","63","82790208"
"KN295450v1","125167","125487","chr16","11736589","11736904","84","11611422"
"KN295450v1","147724","148020","chr1","45407201","45407492","59","45259477"
"KN295450v1","166307","166379","chr9","104400978","104401044","20","104234671"
"KN295453v1","21195","21502","chr19","23691261","23691551","61","23670066"
"KN295453v1","34265","34392","chr4","17249323","17249447","26","17215058"
"KN295453v1","49622","49925","chr19","23041356","23041646","55","22991734"
"KN295453v1","57803","58021","chr19","23033787","23034003","18","22975984"
"KN295453v1","60870","61074","chr19","23030564","23030783","31","22969694"
"KN295453v1","142310","142540","chr11","76649367","76649591","75","76507057"
"KN295458v1","2442","2613","chr18","47453617","47453791","16","47451175"
"KN295458v1","2911","3047","chr18","47453194","47453328","17","47450283"
"KN295458v1","27378","27665","chr18","47428414","47428702","13","47401036"
"KN295458v1","82382","82671","chr19","3488474","3488765","59","3406092"
"KN295459v1","117154","117444","chr19","38539667","38539947","68","38422513"
"KN295459v1","118555","118880","chr7","83115667","83115971","66","82997112"
"KN295459v1","175630","175851","chr13","29924378","29924626","70","29748748"
"KN295459v1","221238","221376","chr3","52520718","52520851","33","52299480"
"KN295459v1","254859","254995","chrX","40306352","40306485","13","40051493"
"KN295459v1","326329","326624","chr8","74039942","74040240","63","73713613"
"KN295459v1","339703","339990","chrX","40391140","40391426","19","40051437"
"KN295459v1","438165","438327","chr7","74773631","74773788","41","74335466"
"KN295459v1","438369","438484","chr1","130186722","130186837","15","129748353"
"KN295459v1","485984","486278","chrX","40539708","40540002","21","40053724"
"KN295459v1","521591","521864","chrX","40579559","40579830","24","40057968"
"KN295459v1","644624","644921","chrX","30845263","30845552","55","30200639"
"KN295459v1","660753","661048","chrX","40725577","40725873","17","40064824"
"KN295459v1","677841","678073","chrX","40742593","40742817","27","40064752"
"KN295459v1","692365","692654","chrX","40756772","40757051","27","40064407"
"KN295459v1","722565","722868","chrX","40786052","40786351","23","40063487"
"KN295459v1","732819","732973","chrX","40795474","40795629","16","40062655"
"KN295459v1","776350","776482","chr4","41394170","41394300","19","40617820"
"KN295459v1","804898","805121","chr5","32754236","32754465","45","31949338"
"KN295459v1","810699","811003","chrX","40892891","40893196","14","40082192"
"KN295459v1","815502","815625","chrX","40897375","40897498","7","40081873"
"KN295459v1","852024","852335","chr1","114841336","114841650","55","113989312"
"KN295459v1","868510","868794","chr12","11449412","11449696","67","10580902"
"KN295459v1","964091","964330","chr13","14914885","14915120","54","13950794"
"KN295459v1","1033349","1033720","chr1","63792736","63793082","96","62759387"
"KN295459v1","1036815","1037114","chr5","8270479","8270791","62","7233664"
"KN295459v1","1074498","1074634","chrX","41051453","41051585","11","39976955"
"KN295459v1","1103209","1103361","chr5","13711342","13711502","37","12608133"
"KN295459v1","1103674","1103810","chrX","41074526","41074662","9","39970852"
"KN295459v1","1132586","1132843","chr10","8205649","8205901","55","7073063"
"KN295459v1","1135567","1135718","chrX","41103132","41103283","13","39967565"
"KN295459v1","1183408","1183532","chr7","83637586","83637710","16","82454178"
"KN295459v1","1208815","1209123","chrX","119054378","119054665","72","117845563"
"KN295459v1","1225224","1225478","chrX","41190244","41190506","23","39965020"
"KN295459v1","1241700","1242013","chrX","41204793","41205109","22","39963093"
"KN295459v1","1485432","1485741","chrX","41444470","41444784","26","39959038"
"KN295459v1","1589146","1589394","chrX","41531692","41531942","27","39942546"
"KN295470v1","77898","78166","chr3","55863800","55864070","30","55785902"
"KN295470v1","329193","329503","chr8","77949296","77949593","70","77620103"
"KN295470v1","391423","391589","chr7","77613401","77613566","30","77221978"
"KN295470v1","391618","391734","chr4","4974650","4974766","19","4583032"
"KN295471v1","281387","281689","chr13","12160576","12160871","53","11879189"
"KN295471v1","285632","285653","chr14","87325255","87325277","1","87039623"
"KN295471v1","286031","286143","chr2B","115297502","115297614","18","115011471"
"KN295471v1","338090","338248","chr7","74897159","74897321","39","74559069"
"KN295471v1","338558","338691","chr19","39732817","39732948","21","39394259"
"KN295471v1","412660","412952","chr12","88299824","88300116","15","87887164"
"KN295471v1","728790","729101","chr12","88589570","88589875","25","87860780"
"KN295471v1","832261","832492","chr12","88694609","88694845","27","87862348"
"KN295471v1","843684","843897","chr2A","83010594","83010832","73","82166910"
"KN295474v1","479458","479740","chr10","129984487","129984771","26","129505029"
"KN295474v1","652999","653124","chr10","129807268","129807394","7","129154269"
"KN295474v1","682125","682258","chr10","129774337","129774471","8","129092212"
"KN295474v1","808371","808655","chr6","85816701","85816980","56","85008330"
"KN295474v1","808769","809075","chr10","129641428","129641733","32","128832659"
"KN295474v1","913090","913270","chr11","119771517","119771688","47","118858427"
"KN295474v1","955796","955919","chr11","69063187","69063307","19","68107391"
"KN295474v1","955956","956115","chr8","86052295","86052448","30","85096339"
"KN295474v1","1091223","1091536","chr22","1016314","1016621","67","74909"
"KN295474v1","1412356","1412603","chr14","38166446","38166682","53","36754090"
"KN295474v1","1421134","1421390","chr2A","96350975","96351231","54","94929841"
"KN295474v1","1434486","1434727","chr10","129007071","129007332","44","127572585"
"KN295474v1","1455829","1455960","chr10","128986222","128986353","7","127530393"
"KN295474v1","1702173","1702449","chr10","128738170","128738485","54","127035997"
"KN295474v1","1705866","1706178","chr10","128734450","128734763","33","127028584"
"KN295474v1","1813986","1814269","chr10","128629726","128630012","25","126815740"
"KN295477v1","10004","10336","chr2B","49786813","49787144","25","49776809"
"KN295480v1","117712","117995","chr10","33095717","33095998","17","32978005"
"KN295480v1","137965","138087","chr10","33075790","33075912","10","32937825"
"KN295480v1","550629","550742","chr10","32659372","32659492","14","32108743"
"KN295480v1","642919","643208","chr10","32564221","32564507","26","31921302"
"KN295480v1","729067","729258","chr3","59540968","59541164","41","58811901"
"KN295480v1","744302","744465","chr9","121353067","121353217","44","120608765"
"KN295480v1","880688","880993","chr10","32329530","32329841","32","31448842"
"KN295480v1","928997","929288","chr5","62248872","62249166","60","61319875"
"KN295480v1","999016","999065","chr3","123268243","123268290","12","122269227"
"KN295480v1","1001268","1001473","chr10","32213971","32214178","27","31212703"
"KN295480v1","1275867","1275997","chr10","31919499","31919629","6","30643632"
"KN295480v1","1295869","1296171","chr4","6615194","6615493","55","5319325"
"KN295480v1","1339059","1339177","chr10","31857789","31857904","16","30518730"
"KN295480v1","1387220","1387331","chr4","40298513","40298623","19","38911293"
"KN295480v1","1396106","1396229","chr10","31802851","31802974","12","30406745"
"KN295480v1","1404621","1404925","chr10","31788639","31788941","21","30384018"
"KN295480v1","1419932","1420217","chr10","31772958","31773244","32","30353026"
"KN295480v1","1451205","1451343","chr1","36304016","36304150","22","34852811"
"KN295480v1","1451643","1451820","chr12","363374","363545","39","1088269"
"KN295480v1","1469745","1469864","chr3","13782399","13782518","25","12312654"
"KN295480v1","1501952","1502207","chr19","5865762","5866018","51","4363810"
"KN295480v1","1505929","1506232","chr19","4328494","4328788","56","2822565"
"KN295480v1","1552748","1553041","chr10","31642854","31643148","16","30090106"
"KN295480v1","1592530","1592824","chr10","31586546","31586842","23","29994016"
"KN295480v1","1859080","1859416","chr5","38016451","38016769","79","36157371"
"KN295480v1","2234439","2234714","chr6","160918557","160918829","48","158684118"
"KN295480v1","2394479","2394778","chr10","30764756","30765063","38","28370277"
"KN295480v1","2535517","2535576","chr5","58798267","58798319","17","56262750"
"KN295480v1","2536611","2536918","chr12","125163839","125164147","49","122627228"
"KN295480v1","2677481","2677756","chr10","30492271","30492550","18","27814790"
"KN295480v1","2683647","2683957","chr10","30485986","30486275","64","27802339"
"KN295480v1","2684265","2684384","chr10","30485520","30485639","8","27801255"
"KN295480v1","2729646","2729961","chr10","30439982","30440296","26","27710336"
"KN295480v1","2839409","2839449","chr19","15961986","15962026","6","13122577"
"KN295480v1","3217428","3217659","chr22","13118980","13119200","53","9901552"
"KN295480v1","3217663","3217709","chr2A","81363930","81363979","8","78146267"
"KN295480v1","3283441","3283576","chrX","111733148","111733289","39","108449707"
"KN295480v1","3283882","3284007","chr10","94384921","94385043","17","91101039"
"KN295480v1","3310531","3310663","chr5","106201866","106201998","22","102891335"
"KN295484v1","69664","69967","chr3","55723992","55724295","19","55654328"
"KN295484v1","172208","172512","chr16","62063745","62064053","78","61891537"
"KN295484v1","218664","218979","chr6","157423258","157423565","68","157204594"
"KN295484v1","247128","247167","chr3","33166382","33166426","9","32919254"
"KN295484v1","247210","247400","chr1","45930901","45931092","46","45683691"
"KN295484v1","299314","299416","chr3","55480567","55480677","16","55181253"
"KN295484v1","416227","416505","chr1","111393435","111393706","59","110977208"
"KN295484v1","558460","558651","chr19","9462529","9462727","36","8904069"
"KN295484v1","641792","641971","chr6","152343662","152343839","41","151701870"
"KN295484v1","642278","642412","chr4","41394170","41394300","19","40751892"
"KN295486v1","177404","177581","chr5","80908837","80909013","12","80731433"
"KN295486v1","354958","355241","chr5","81088766","81089047","21","80733808"
"KN295486v1","673349","673629","chr5","81412369","81412643","28","80739020"
"KN295487v1","203683","203980","chr17","5563120","5563409","28","5359437"
"KN295489v1","469504","469784","chr2A","34606501","34606779","79","34136997"
"KN295489v1","506961","507235","chr4","145572083","145572352","25","145065122"
"KN295489v1","612866","613163","chr4","145479133","145479433","27","144866267"
"KN295489v1","825963","826298","chr4","145296147","145296472","62","144470184"
"KN295489v1","845172","845446","chr18","7209635","7209918","69","6364463"
"KN295489v1","938710","938827","chr5","39200906","39201015","32","38262196"
"KN295489v1","939186","939312","chr2B","57730807","57730932","19","56791621"
"KN295489v1","1169238","1169547","chr10","31586546","31586842","76","30417308"
"KN295489v1","1191055","1191337","chr4","144917878","144918167","31","143726823"
"KN295489v1","1256928","1257217","chr4","144858074","144858361","25","143601146"
"KN295490v1","105026","105293","chr7","80885729","80886002","28","80780703"
"KN295490v1","124640","124769","chr7","80904380","80904503","18","80779740"
"KN295497v1","107240","107532","chr3","139813719","139813990","54","139706479"
"KN295497v1","259097","259387","chr3","139964584","139964877","20","139705487"
"KN295497v1","880984","881177","chr4","140037362","140037555","42","139156378"
"KN295500v1","63310","63614","chr7","79592244","79592550","71","79528934"
"KN295500v1","164637","164692","chr10","88824845","88824901","7","88660208"
"KN295500v1","212184","212484","chrX","8030520","8030832","23","7818336"
"KN295501v1","309402","309526","chr19","42989006","42989131","18","42679604"
"KN295501v1","446753","447030","chr22","8738682","8738962","68","8291929"
"KN295501v1","607297","607604","chr4","114102799","114103112","27","113495502"
"KN295501v1","624029","624315","chr4","76134359","76134646","51","75510330"
"KN295501v1","657163","657394","chr13","14190603","14190822","62","13533440"
"KN295501v1","715482","715612","chr22","25509720","25509850","21","24794238"
"KN295501v1","796168","796454","chr4","114285134","114285418","23","113488966"
"KN295501v1","831567","831836","chr4","114319405","114319673","14","113487838"
"KN295501v1","862588","862901","chr3","125329164","125329471","62","124466576"
"KN295501v1","882559","882824","chr4","114375171","114375437","22","113492612"
"KN295501v1","941751","942038","chr14","73059687","73059990","61","72117936"
"KN295501v1","945507","945806","chr4","114437702","114437992","42","113492195"
"KN295501v1","1031466","1031589","chr12","108683569","108683694","25","107652103"
"KN295501v1","1042676","1042985","chr4","114529702","114530015","24","113487026"
"KN295506v1","203606","203834","chr7","44532732","44532963","59","44329126"
"KN295515v1","69501","69737","chr3","184320370","184320614","19","184250869"
"KN295523v1","3014635","3014749","chr12","53402925","53403040","17","50388290"
"KN295523v1","28270","28394","chr20","53832405","53832529","11","53804135"
"KN295523v1","136323","136431","chr20","53721618","53721726","4","53585295"
"KN295523v1","170780","171078","chr20","53688855","53689157","33","53518075"
"KN295523v1","437249","437384","chr6","20750678","20750808","21","20313429"
"KN295523v1","465341","465657","chr20","53385239","53385541","51","52919898"
"KN295523v1","546074","546362","chr20","53316829","53317120","20","52770755"
"KN295523v1","704931","705213","chr20","53153740","53154025","18","52448809"
"KN295523v1","829540","829704","chr20","53032697","53032868","12","52203157"
"KN295523v1","829756","829875","chr20","53032511","53032630","7","52202755"
"KN295523v1","921687","921807","chr4","72040044","72040168","18","71118357"
"KN295523v1","1010696","1010819","chr9","15012411","15012535","21","14001715"
"KN295523v1","1042958","1043131","chr3","43148909","43149071","44","42105951"
"KN295523v1","1043438","1043548","chr1","53377674","53377784","25","52334236"
"KN295523v1","1054400","1054510","chr13","9684696","9684808","16","8630296"
"KN295523v1","1147625","1147859","chr20","52730683","52730938","29","51583058"
"KN295523v1","1157354","1157437","chr20","52722106","52722195","13","51564752"
"KN295523v1","1158439","1158731","chr20","52720783","52721092","38","51562344"
"KN295523v1","1167433","1167489","chr20","35368007","35368063","5","34200574"
"KN295523v1","1167494","1167589","chr2B","131428890","131428982","15","130261396"
"KN295523v1","1171460","1171745","chr1","45407201","45407492","57","44235741"
"KN295523v1","1171834","1172130","chr20","52703128","52703399","47","51531294"
"KN295523v1","1190674","1190795","chr20","52688774","52688906","20","51498100"
"KN295523v1","1209117","1209247","chr19","44986470","44986599","25","43777353"
"KN295523v1","1215732","1216047","chr1","17473327","17473641","69","16257595"
"KN295523v1","1233664","1233950","chr20","52646696","52646992","32","51413032"
"KN295523v1","1284930","1285039","chr22","7273597","7273705","20","5988667"
"KN295523v1","1292046","1292176","chr5","34967766","34967895","23","33675720"
"KN295523v1","1294161","1294464","chr10","38507119","38507420","54","37212958"
"KN295523v1","1300501","1300804","chr20","52579751","52580055","36","51279250"
"KN295523v1","1302267","1302570","chr12","125163839","125164147","56","123861572"
"KN295523v1","1309158","1309456","chr20","52562489","52562790","31","51253331"
"KN295523v1","1316254","1316523","chr20","52555750","52556009","32","51239496"
"KN295523v1","1356143","1356357","chr20","52514603","52514812","27","51158460"
"KN295523v1","1358379","1358593","chr1","150419645","150419854","57","149061266"
"KN295523v1","1358869","1358981","chr2A","45005783","45005897","23","43646914"
"KN295523v1","1373949","1374251","chr12","125163839","125164147","59","123789890"
"KN295523v1","1396906","1397243","chr20","52458851","52459176","35","51061945"
"KN295523v1","1415579","1415909","chr20","52439703","52440023","30","51024124"
"KN295523v1","1416796","1416861","chr20","52438741","52438806","4","51021945"
"KN295523v1","1418388","1418688","chr20","52436906","52437206","22","51018518"
"KN295523v1","1434585","1434722","chr5","125572808","125572940","21","124138223"
"KN295523v1","1549728","1550015","chr20","52313047","52313326","26","50763319"
"KN295523v1","1661224","1661360","chr20","52196830","52196966","7","50535606"
"KN295523v1","1828563","1828881","chr15","45425946","45426267","70","43597383"
"KN295523v1","1872967","1873272","chr20","51984776","51985075","34","50111809"
"KN295523v1","2234525","2234826","chr3","41180572","41180873","61","38946047"
"KN295523v1","2265041","2265344","chr6","17206427","17206727","48","14941386"
"KN295523v1","2341077","2341386","chr20","51521076","51521376","25","49179999"
"KN295523v1","2457722","2457986","chr20","51401856","51402120","19","48944134"
"KN295523v1","2801226","2801377","chr3","199878997","199879149","32","197077771"
"KN295523v1","2811465","2811751","chr20","50975461","50975747","14","48163996"
"KN295523v1","2828272","2828548","chr20","50963575","50963859","34","48135303"
"KN295523v1","2857825","2858004","chr20","50933686","50933858","16","48075861"
"KN295523v1","2874340","2874520","chr20","50917882","50918072","21","48043542"
"KN295523v1","2876327","2876431","chr7","64964390","64964498","19","62088063"
"KN295523v1","2949998","2950260","chr20","50842416","50842721","60","47892418"
"KN295523v1","2957103","2957438","chr20","50835290","50835608","36","47878187"
"KN295523v1","3014797","3014874","chr1","17803625","17803686","34","14788828"
"KN295523v1","3015042","3015189","chr5","6772618","6772749","41","3757576"
"KN295523v1","3029028","3029165","chr11","3324492","3324629","25","295464"
"KN295523v1","3029468","3029506","chr3","53778762","53778799","11","50749294"
"KN295523v1","3036657","3036795","chrX","65083883","65084017","24","62047226"
"KN295523v1","3037074","3037085","chr16","29829292","29829303","2","26792218"
"KN295523v1","3037702","3037844","chr3","200210685","200210828","37","197172983"
"KN295523v1","3047934","3048256","chr19","10560533","10560841","70","7512599"
"KN295523v1","3069167","3069324","chr22","2918398","2918552","41","150769"
"KN295523v1","3069511","3069606","chr12","114733688","114733786","20","111664177"
"KN295523v1","3078612","3078749","chr1","31225514","31225651","32","28146902"
"KN295523v1","3084048","3084221","chr5","37480679","37480856","35","34396631"
"KN295523v1","3104248","3104558","chr1","51616687","51616997","63","48512439"
"KN295523v1","3113398","3113706","chr20","50667115","50667427","40","47553717"
"KN295523v1","3121759","3121883","chr4","72040044","72040168","21","68918285"
"KN295523v1","3126384","3126672","chr20","50651429","50651719","21","47525045"
"KN295523v1","3149681","3149802","chr7","83053990","83054109","24","79904309"
"KN295523v1","3151160","3151450","chr20","50624894","50625196","34","47473734"
"KN295523v1","3209409","3209723","chr20","50557717","50558022","33","47348308"
"KN295523v1","3256265","3256555","chr20","50510878","50511187","41","47254613"
"KN295523v1","3439157","3439485","chr20","50329804","50330114","40","46890647"
"KN295523v1","3483681","3483808","chr20","50283321","50283453","17","46799640"
"KN295523v1","3506001","3506318","chr20","50262838","50263156","37","46756837"
"KN295523v1","3568064","3568317","chr20","50201589","50201839","20","46633525"
"KN295523v1","3668767","3668893","chr3","38873963","38874091","21","35205196"
"KN295523v1","3724190","3724488","chr20","50045681","50045938","58","46321491"
"KN295523v1","3725553","3725823","chr20","50044006","50044293","36","46318453"
"KN295523v1","3820168","3820441","chr20","49952216","49952514","49","46132048"
"KN295523v1","3822494","3822737","chr14","38000001","38000234","64","34177507"
"KN295523v1","3831735","3832024","chr20","49940211","49940497","21","46108476"
"KN295523v1","3838279","3838553","chr20","49932995","49933269","11","46094716"
"KN295523v1","3891281","3891578","chr20","49881039","49881331","32","45989758"
"KN295523v1","3984054","3984321","chr20","49775674","49775938","19","45791620"
"KN295523v1","4026372","4026508","chr4","124215559","124215693","26","120189187"
"KN295523v1","4026795","4026936","chr1","24315627","24315775","35","20288832"
"KN295523v1","4062343","4062515","chr20","49700663","49700826","21","45638320"
"KN295523v1","4084024","4084329","chr6","32169761","32170066","60","28085737"
"KN295523v1","4099323","4099632","chr20","49663926","49664232","16","45564603"
"KN295523v1","4155210","4155506","chr20","49610285","49610582","19","45455075"
"KN295523v1","4190837","4191107","chr7","72941078","72941347","59","68750241"
"KN295523v1","4204670","4204798","chr5","15234520","15234643","22","11029850"
"KN295523v1","4205090","4205302","chr14","22429754","22429945","57","18224664"
"KN295523v1","4208020","4208136","chr11","122738681","122738797","15","118530661"
"KN295523v1","4208170","4208344","chr2A","4460553","4460726","36","252383"
"KN295523v1","4219831","4220126","chr20","49545303","49545604","24","45325472"
"KN295525v1","234901","234949","chr2B","134981360","134981407","11","134746459"
"KN295525v1","237951","238062","chr11","119166527","119166635","35","118928576"
"KN295525v1","238108","238256","chr1","39242065","39242221","45","39003957"
"KN295525v1","548049","548328","chr10","119111668","119111947","67","118563619"
"KN295525v1","763395","763521","chr3","148644959","148645085","9","147881564"
"KN295526v1","123320","123624","chr5","141855826","141856128","26","141732506"
"KN295526v1","156114","156249","chr5","141819528","141819660","10","141663414"
"KN295526v1","199474","199771","chr5","141777019","141777319","20","141577545"
"KN295526v1","218693","218815","chr5","141762303","141762425","11","141543610"
"KN295526v1","223564","223873","chr11","123418615","123418926","45","123195051"
"KN295526v1","238857","239014","chr5","141740072","141740230","13","141501215"
"KN295526v1","275795","276046","chr5","141691812","141692063","13","141416017"
"KN295526v1","282763","282903","chr6","43855524","43855650","38","43572761"
"KN295526v1","288345","288625","chr5","141679176","141679482","44","141390831"
"KN295526v1","291379","291680","chr18","5368277","5368578","59","5076898"
"KN295526v1","293260","293527","chr5","141674691","141674928","45","141381431"
"KN295526v1","348669","348962","chr1","186022125","186022419","59","185673456"
"KN295526v1","357936","358236","chr1","52648985","52649268","59","52291049"
"KN295526v1","360243","360579","chr5","157305440","157305738","84","156945197"
"KN295526v1","402319","402623","chr5","141569856","141570152","35","141167537"
"KN295526v1","463946","464256","chr5","141506755","141507075","31","141042809"
"KN295526v1","468356","468557","chr1","191871487","191871688","35","191403131"
"KN295526v1","479449","479572","chr22","26873285","26873404","18","26393836"
"KN295526v1","506248","506333","chr5","141488263","141488347","11","140982015"
"KN295526v1","550233","550425","chr5","141444327","141444514","23","140894094"
"KN295526v1","704012","704318","chr5","141289022","141289327","10","140585010"
"KN295526v1","877730","877851","chr5","141110991","141111112","4","140233261"
"KN295526v1","888070","888400","chr7","79584587","79584931","80","78696517"
"KN295526v1","949429","949707","chr5","141040120","141040399","21","140090691"
"KN295526v1","1079999","1080107","chr7","36640621","36640721","27","35560622"
"KN295526v1","1092506","1092737","chr9","104901755","104901971","53","103809249"
"KN295531v1","63909","64029","chr1","227000619","227000739","19","226936710"
"KN295531v1","80392","80486","chr1","14688445","14688536","22","14608053"
"KN295531v1","81407","81695","chr6","113294692","113294983","25","113213285"
"KN295531v1","123308","123617","chr22","1709192","1709498","52","1585884"
"KN295531v1","160323","160611","chr6","113384147","113384432","20","113223824"
"KN295531v1","181335","181458","chr6","113404922","113405043","12","113223587"
"KN295531v1","187729","188017","chr11","6417356","6417649","54","6229627"
"KN295532v1","190278","190394","chr5","8293750","8293872","24","8103472"
"KN295533v1","946788","947086","chr2B","17815140","17815443","28","16868352"
"KN295533v1","1273356","1273637","chr2B","17482696","17482995","38","16209340"
"KN295533v1","1558953","1559078","chr3","172898281","172898399","29","171339328"
"KN295533v1","1600345","1600468","chr6","109386555","109386681","19","107786210"
"KN295533v1","1644724","1644984","chr2B","17123741","17124007","34","15479017"
"KN295533v1","1645950","1646228","chr15","77474075","77474344","62","75828125"
"KN295533v1","1660254","1660540","chr3","144751554","144751839","53","143091300"
"KN295533v1","1662011","1662314","chr2B","17107244","17107542","31","15445233"
"KN295533v1","1671829","1672100","chr2B","17097605","17097893","46","15425776"
"KN295533v1","1680069","1680368","chr16","49908437","49908736","62","48228368"
"KN295533v1","1702940","1703083","chr4","116688443","116688573","32","114985503"
"KN295533v1","1707464","1707588","chr12","35102984","35103106","15","33395520"
"KN295533v1","1760140","1760417","chr17","5640820","5641103","61","3880680"
"KN295533v1","1779872","1780157","chr2B","16974606","16974898","29","15194734"
"KN295533v1","1789607","1789889","chr2B","16964583","16964870","27","15174976"
"KN295533v1","1838500","1838758","chr9","16603525","16603796","71","14765025"
"KN295533v1","1853527","1853839","chr7","2935770","2936066","68","1082243"
"KN295533v1","1857871","1858100","chr2B","16898274","16898485","30","15040403"
"KN295533v1","1858620","1858737","chr2B","16897669","16897782","16","15039049"
"KN295533v1","1888413","1888739","chr2B","16841379","16841691","35","14952966"
"KN295533v1","1899854","1900066","chr2A","34092006","34092208","47","32192152"
"KN295533v1","1918700","1918978","chr2B","16810875","16811150","24","14892175"
"KN295533v1","1929522","1929819","chr6","110177124","110177410","73","108247602"
"KN295533v1","1939288","1939552","chr2B","16790162","16790425","16","14850874"
"KN295533v1","1999632","1999906","chr2B","16728938","16729212","18","14729306"
"KN295533v1","2000819","2001075","chr2B","16727752","16728010","19","14726933"
"KN295533v1","2017299","2017432","chr20","49746874","49747004","22","47729575"
"KN295533v1","2126712","2126861","chr7","104930965","104931113","22","102804253"
"KN295533v1","2244521","2244624","chr2B","16484957","16485066","13","14240436"
"KN295533v1","2289647","2289778","chr2B","16435569","16435700","4","14145922"
"KN295533v1","2348715","2348842","chr2B","16382876","16383003","7","14034161"
"KN295533v1","2360589","2360726","chr2B","16371245","16371371","19","14010656"
"KN295533v1","2382665","2382968","chrUn_CABD030131548v1","924","1219","58","2381741"
"KN295533v1","2446830","2447135","chr6","161348931","161349242","52","158902101"
"KN295533v1","2449819","2450127","chr2B","16269836","16270121","59","13820017"
"KN295533v1","2475187","2475484","chr8","328338","328633","72","2146849"
"KN295533v1","2488812","2488911","chr5","153688856","153688958","26","151200044"
"KN295533v1","2524694","2525002","chr15","64104243","64104545","48","61579549"
"KN295533v1","2533299","2533488","chr16","43824942","43825127","35","41291643"
"KN295533v1","2548406","2548714","chr2B","16174263","16174571","39","13625857"
"KN295533v1","2602408","2602702","chr2B","16142967","16143269","27","13540559"
"KN295533v1","2602844","2603097","chr8","45126955","45127194","82","42524111"
"KN295533v1","2615198","2615376","chr4","39227891","39228072","46","36612693"
"KN295533v1","2615674","2615826","chr5","45884450","45884585","40","43268776"
"KN295533v1","2753619","2753916","chr8","21924045","21924337","57","19170426"
"KN295533v1","2873310","2873417","chr3","125311206","125311315","24","122437896"
"KN295533v1","2873871","2873894","chr14","87325255","87325277","6","84451384"
"KN295533v1","2985825","2986036","chr5","48100059","48100272","52","45114234"
"KN295533v1","3569680","3569955","chr1","3554442","3554717","75","15238"
"KN295534v1","170492","170752","chrX","24019971","24020234","72","23849479"
"KN295534v1","303238","303519","chr12","121368057","121368340","62","121064819"
"KN295534v1","315252","315403","chr6","144124832","144124979","22","143809580"
"KN295534v1","315725","315889","chr6","144124368","144124525","20","143808643"
"KN295538v1","38467","38591","chr8","73320878","73321001","20","73282411"
"KN295538v1","149240","149530","chr12","45519177","45519471","41","45369937"
"KN295540v1","182062","182185","chr19","29174734","29174855","19","28992672"
"KN295543v1","22546","22787","chrX","107429206","107429448","17","107406660"
"KN295544v1","13858","13985","chr21","32785139","32785269","17","32771281"
"KN295544v1","70454","70622","chr21","32541353","32541522","20","32470899"
"KN295544v1","202971","203119","chr21","32915219","32915367","14","32712248"
"KN295544v1","218702","218819","chr21","32897919","32898041","16","32679217"
"KN295544v1","276048","276200","chr12","116313495","116313650","28","116037447"
"KN295545v1","74365","74663","chr1","204666758","204667066","27","204592393"
"KN295545v1","78211","78506","chr5","33543745","33544041","64","33465534"
"KN295548v1","5867","6158","chr8","19050626","19050919","37","19044759"
"KN295548v1","30221","30509","chr17","42210627","42210913","67","42180406"
"KN295548v1","37589","37859","chr13","27014136","27014399","58","26976547"
"KN295548v1","43372","43675","chr8","18998850","18999148","22","18955478"
"KN295548v1","75423","75561","chr16","16138396","16138530","24","16062973"
"KN295548v1","88625","88875","chr8","18936084","18936328","24","18847459"
"KN295548v1","115339","115642","chr8","18907865","18908166","20","18792526"
"KN295548v1","122407","122703","chr8","18900732","18901030","23","18778325"
"KN295548v1","176244","176564","chr8","18843772","18844076","31","18667528"
"KN295548v1","179171","179244","chr7","5403408","5403474","16","5224237"
"KN295548v1","294881","295169","chr8","18721503","18721790","22","18426622"
"KN295548v1","353683","353962","chr8","18663954","18664274","61","18310271"
"KN295548v1","553690","553968","chrX","55979582","55979868","51","55425892"
"KN295548v1","559727","560039","chr8","18456090","18456404","36","17896363"
"KN295548v1","611120","611415","chr10","29489458","29489752","59","28878338"
"KN295548v1","621881","622176","chrX","49221340","49221630","66","48599459"
"KN295548v1","675026","675346","chr8","18361247","18361569","40","17686221"
"KN295548v1","813170","813489","chr8","18220676","18220987","41","17407506"
"KN295548v1","856744","857060","chr8","18176342","18176662","26","17319598"
"KN295548v1","868130","868443","chr8","18166012","18166323","23","17297882"
"KN295548v1","869149","869451","chr16","46741352","46741658","63","45872203"
"KN295548v1","912662","912970","chr13","18328261","18328571","69","17415599"
"KN295548v1","926578","926886","chr8","18108427","18108739","23","17181849"
"KN295548v1","986617","986922","chr8","18051405","18051711","43","17064788"
"KN295548v1","1125470","1125589","chr7","25244118","25244241","22","24118648"
"KN295548v1","1133925","1134043","chr4","157359337","157359454","18","156225412"
"KN295548v1","1147466","1147751","chr6","44179314","44179609","68","43031848"
"KN295548v1","1466009","1466179","chr1","26457448","26457621","34","24991439"
"KN295548v1","1466481","1466626","chr16","76475522","76475664","32","75009041"
"KN295548v1","1471089","1471377","chr8","17610590","17610876","30","16139501"
"KN295550v1","13348","13576","chr12","128261316","128261585","53","128247968"
"KN295550v1","405350","405650","chr12","127857769","127858083","35","127452419"
"KN295550v1","837906","838018","chr12","127407069","127407176","12","126569163"
"KN295550v1","868126","868431","chr4","73212798","73213100","61","72344672"
"KN295552v1","76889","77196","chr10","42583032","42583339","22","42506143"
"KN295552v1","173940","174227","chr10","42676089","42676378","16","42502149"
"KN295553v1","385526","385647","chr11","101745325","101745456","19","101359799"
"KN295554v1","135085","135352","chr6","78474974","78475290","67","78339889"
"KN295561v1","205176","205297","chr20","46964303","46964424","3","46759127"
"KN295564v1","68307","68543","chr3","11619639","11619877","58","11551332"
"KN295564v1","85014","85311","chr8","41892915","41893217","25","41807901"
"KN295564v1","116245","116481","chr5","21257535","21257785","60","21141290"
"KN295564v1","208688","208837","chr8","42015339","42015482","11","41806651"
"KN295564v1","247954","248267","chr8","42054790","42055102","25","41806836"
"KN295564v1","274131","274403","chr8","42080224","42080495","13","41806093"
"KN295564v1","285090","285360","chr8","42091171","42091451","18","41806081"
"KN295564v1","423646","423777","chr9","34191895","34192023","20","33768249"
"KN295564v1","477919","478234","chr8","42276575","42276887","22","41798656"
"KN295564v1","510225","510504","chr8","42306131","42306437","54","41795906"
"KN295564v1","539474","539600","chr9","34191895","34192023","21","33652421"
"KN295564v1","543514","543641","chr8","42338321","42338448","8","41794807"
"KN295564v1","572536","572659","chr8","42371618","42371742","12","41799082"
"KN295564v1","622122","622431","chr8","42414444","42414750","24","41792322"
"KN295564v1","749198","749321","chr8","42539602","42539730","10","41790404"
"KN295564v1","872136","872426","chr5","24108210","24108499","77","23236074"
"KN295564v1","976502","976702","chr14","38791314","38791523","44","37814812"
"KN295564v1","1124778","1125078","chr16","59163630","59163940","68","58038852"
"KN295566v1","34871","35172","chrX","18576485","18576782","27","18541614"
"KN295566v1","79763","80027","chrX","18530068","18530303","40","18450305"
"KN295566v1","80293","80567","chr20","35775262","35775536","57","35694969"
"KN295566v1","160751","161028","chrX","18449127","18449407","30","18288376"
"KN295566v1","263163","263459","chrX","18345260","18345556","10","18082097"
"KN295567v1","109","390","chr10","105264645","105264926","21","105264536"
"KN295567v1","14363","14668","chr10","105278603","105278913","27","105264240"
"KN295567v1","61949","62226","chr10","105325425","105325723","52","105263476"
"KN295567v1","345988","346130","chr6","123966319","123966468","35","123620331"
"KN295567v1","346490","346640","chr7","44691914","44692063","29","44345424"
"KN295568v1","14930","15045","chr3","3429241","3429355","18","3414311"
"KN295570v1","185712","185814","chr3","130108640","130108753","28","129922928"
"KN295570v1","388266","388538","chr10","52472900","52473172","13","52084634"
"KN295570v1","580146","580453","chr8","16184793","16185091","78","15604647"
"KN295570v1","724977","725102","chr2B","25676287","25676411","19","24951310"
"KN295570v1","774909","775214","chr10","52874985","52875285","34","52100076"
"KN295570v1","816540","816737","chr12","123328573","123328758","47","122512033"
"KN295570v1","1148964","1149108","chr1","71169438","71169578","39","70020474"
"KN295571v1","170015","170303","chr3","184543888","184544180","23","184373873"
"KN295571v1","191001","191231","chr3","184564149","184564374","18","184373148"
"KN295571v1","308156","308236","chr9","105261189","105261268","22","104953033"
"KN295571v1","318882","319175","chr3","184696363","184696668","37","184377481"
"KN295571v1","330532","330812","chr4","48736322","48736607","57","48405790"
"KN295571v1","344378","344501","chr3","184725031","184725153","6","184380653"
"KN295571v1","449728","450029","chr3","184826631","184826955","39","184376903"
"KN295571v1","466718","466842","chr3","184844301","184844429","12","184377583"
"KN295571v1","487042","487327","chr3","184861815","184862098","16","184374773"
"KN295571v1","514542","514665","chr9","50918185","50918307","19","50403643"
"KN295571v1","528020","528125","chr1","93161906","93162006","26","92633886"
"KN295571v1","722481","722797","chr3","185114822","185115104","57","184392341"
"KN295571v1","732996","733283","chr3","185125099","185125407","42","184392103"
"KN295571v1","762581","762891","chr3","185155358","185155658","32","184392777"
"KN295571v1","1092367","1092656","chr3","185464982","185465270","21","184372615"
"KN295572v1","6565","6670","chr5","20646072","20646174","9","20639507"
"KN295572v1","150609","150885","chr16","28931030","28931305","52","28780421"
"KN295572v1","204410","204704","chr5","36068774","36069074","15","35864364"
"KN295572v1","345036","345344","chr5","36193227","36193518","38","35848191"
"KN295572v1","364671","364923","chr5","36210121","36210381","20","35845450"
"KN295572v1","373228","373485","chr5","36218494","36218763","36","35845266"
"KN295572v1","373497","373766","chr5","36218773","36219051","25","35845276"
"KN295572v1","406441","406576","chr5","36251552","36251684","5","35845111"
"KN295572v1","454880","455182","chr11","123142979","123143277","77","122688099"
"KN295572v1","494977","495256","chr5","36337698","36337964","30","35842721"
"KN295573v1","15113","15442","chr12","379026","379303","70","363913"
"KN295573v1","20019","20315","chr12","384474","384779","30","364455"
"KN295573v1","29415","29661","chr12","394460","394706","23","365045"
"KN295573v1","34480","34598","chr10","30472822","30472943","17","30438342"
"KN295573v1","55281","55550","chr12","418992","419267","18","363711"
"KN295573v1","80485","80786","chr1","65670954","65671247","65","65590469"
"KN295573v1","98756","99044","chr12","464201","464477","26","365445"
"KN295573v1","132681","132940","chr8","28568856","28569124","74","28436175"
"KN295573v1","170964","171073","chr12","538157","538263","9","367193"
"KN295573v1","205015","205295","chr12","573971","574256","23","368956"
"KN295573v1","212763","212893","chr16","60930869","60930998","29","60718106"
"KN295573v1","241849","241974","chr15","21476177","21476301","19","21234328"
"KN295573v1","253629","253870","chr12","624832","625071","14","371203"
"KN295573v1","255913","255979","chr12","627045","627114","11","371132"
"KN295573v1","262497","262616","chr12","632936","633055","10","370439"
"KN295573v1","357404","357692","chr11","10810016","10810303","63","10452612"
"KN295573v1","361889","361993","chr12","723104","723209","3","361215"
"KN295573v1","428723","429024","chr12","791580","791869","62","362857"
"KN295573v1","429072","429313","chr12","791905","792168","36","362833"
"KN295573v1","435522","435805","chr2A","20508259","20508542","54","20072737"
"KN295573v1","483132","483403","chr12","844517","844795","30","361385"
"KN295573v1","499288","499616","chr12","861069","861398","23","361781"
"KN295573v1","501517","501842","chr12","864000","864318","37","362483"
"KN295573v1","555749","556042","chr11","13060844","13061129","56","12505095"
"KN295573v1","612744","613051","chr7","79592244","79592550","70","78979500"
"KN295573v1","653871","654038","chr12","1002084","1002251","19","348213"
"KN295573v1","708458","708636","chr15","68457373","68457541","38","67748915"
"KN295573v1","708918","709064","chrX","49381943","49382088","22","48673025"
"KN295573v1","717102","717231","chr16","29301371","29301501","25","28584269"
"KN295573v1","889380","889618","chr12","1211536","1211775","21","322156"
"KN295573v1","957549","957675","chr12","1281914","1282040","10","324365"
"KN295573v1","1037436","1037749","chr12","1359088","1359381","33","321652"
"KN295573v1","1117405","1117556","chr12","1441778","1441903","36","324373"
"KN295573v1","1127899","1128150","chr12","1452146","1452412","42","324247"
"KN295573v1","1236152","1236279","chr15","50772582","50772705","16","49536430"
"KN295573v1","1238459","1238751","chr12","1553458","1553737","26","314999"
"KN295573v1","1268492","1268782","chr12","1582948","1583229","25","314456"
"KN295573v1","1329387","1329493","chr14","13849500","13849608","18","12520113"
"KN295573v1","1380118","1380416","chr12","1710534","1710831","25","330416"
"KN295573v1","1384423","1384703","chr12","1715206","1715487","27","330783"
"KN295573v1","1391940","1392257","chr2B","66871816","66872122","66","65479876"
"KN295573v1","1403219","1403513","chr2A","96012091","96012387","54","94608872"
"KN295573v1","1663845","1664151","chr12","1988458","1988768","28","324613"
"KN295573v1","1667483","1667772","chr12","1991734","1992014","33","324251"
"KN295573v1","1792053","1792320","chr12","2125097","2125357","22","333044"
"KN295573v1","1802487","1802680","chr4","13077892","13078076","38","11275405"
"KN295573v1","1850704","1851014","chr12","2183756","2184072","25","333052"
"KN295573v1","1916715","1916998","chr12","2248940","2249223","37","332225"
"KN295576v1","358783","358944","chr12","89078684","89078845","13","88719901"
"KN295576v1","407836","407963","chr1","182447721","182447839","24","182039885"
"KN295576v1","436573","436860","chr12","89152348","89152660","54","88715775"
"KN295576v1","458622","458895","chr12","89174458","89174739","25","88715836"
"KN295576v1","481752","481854","chr12","89198465","89198576","13","88716713"
"KN295576v1","845343","845584","chr14","14028964","14029195","78","13183621"
"KN295576v1","845612","845714","chr8","45449118","45449226","26","44603506"
"KN295576v1","871339","871611","chr12","89591723","89591985","28","88720384"
"KN295576v1","1015434","1015524","chr12","89729915","89730016","18","88714481"
"KN295577v1","166388","166520","chrX","80391700","80391832","11","80225312"
"KN295577v1","204907","205179","chr18","66476055","66476307","91","66271148"
"KN295580v1","14886","15213","chr4","7977628","7977939","71","7962742"
"KN295580v1","29628","29737","chr8","94279350","94279459","22","94249722"
"KN295582v1","6676","6977","chr11","83066704","83067003","33","83060028"
"KN295582v1","42882","42997","chr11","83120075","83120188","10","83077193"
"KN295582v1","43048","43107","chr17","15848355","15848410","13","15805307"
"KN295582v1","476671","476974","chr9","16045178","16045496","76","15568507"
"KN295582v1","696546","696857","chr16","27793466","27793775","61","27096920"
"KN295582v1","1069751","1070044","chrX","151124597","151124886","54","150054846"
"KN295585v1","174811","175117","chr3","197106373","197106670","75","196931562"
"KN295585v1","188772","189078","chr3","197106373","197106670","74","196917601"
"KN295586v1","13815","13985","chr15","44270238","44270408","7","44256423"
"KN295586v1","38602","38888","chr7","78859724","78859999","50","78821122"
"KN295586v1","45350","45665","chr15","44292554","44292864","35","44247204"
"KN295586v1","70943","71073","chr15","44316901","44317039","15","44245958"
"KN295586v1","100295","100606","chr15","44345402","44345714","32","44245107"
"KN295586v1","107136","107472","chr15","44352715","44353038","38","44245579"
"KN295586v1","207211","207340","chr15","44453690","44453822","7","44246479"
"KN295586v1","234206","234501","chr15","44480373","44480637","52","44246167"
"KN295586v1","240132","240326","chr13","84074140","84074336","42","83834008"
"KN295586v1","246820","247023","chr15","44493335","44493536","16","44246515"
"KN295586v1","295365","295456","chr7","73185911","73185997","23","72890546"
"KN295586v1","295459","295660","chr10","39585714","39585920","53","39290255"
"KN295586v1","456459","456581","chr5","15029983","15030102","15","14573524"
"KN295586v1","551743","551867","chr15","44788631","44788753","5","44236888"
"KN295586v1","558520","558804","chr15","44795451","44795737","24","44236931"
"KN295586v1","559536","559847","chr15","44796792","44797103","17","44237256"
"KN295586v1","605764","606045","chr19","2445081","2445362","70","1839317"
"KN295586v1","611186","611474","chr15","44842624","44842902","36","44231438"
"KN295586v1","619650","619778","chr15","44850696","44850820","13","44231046"
"KN295586v1","627733","628053","chr15","44862464","44862787","24","44234731"
"KN295586v1","630755","631016","chr15","44866080","44866341","16","44235325"
"KN295586v1","641795","642065","chr15","44879745","44880015","14","44237950"
"KN295586v1","701850","702055","chr15","44934299","44934499","17","44232449"
"KN295586v1","754234","754502","chr8","83485377","83485638","59","82731143"
"KN295586v1","754519","754692","chr18","60556687","60556851","34","59802168"
"KN295586v1","755004","755142","chr1","149058104","149058251","27","148303100"
"KN295586v1","808376","808503","chr15","45034809","45034935","9","44226433"
"KN295586v1","851585","851879","chr7","78841829","78842115","61","77990244"
"KN295586v1","866232","866506","chr3","144751554","144751839","66","143885322"
"KN295586v1","900528","900802","chr12","95364366","95364634","61","94463838"
"KN295586v1","940531","940661","chr15","45165514","45165644","7","44224983"
"KN295586v1","944786","945099","chr6","32169761","32170066","73","31224975"
"KN295586v1","1059058","1059219","chr15","45281412","45281577","16","44222354"
"KN295586v1","1059720","1059998","chr15","45282077","45282350","30","44222357"
"KN295586v1","1318241","1318387","chr3","200210685","200210828","29","198892444"
"KN295586v1","1318684","1318819","chr11","46544521","46544659","25","45225837"
"KN295586v1","1321396","1321720","chr15","45526929","45527250","28","44205533"
"KN295586v1","1755786","1756116","chr15","45916801","45917133","30","44161015"
"KN295586v1","1801424","1801715","chr2A","96012091","96012387","46","94210667"
"KN295586v1","1810677","1810970","chr10","114172951","114173244","52","112362274"
"KN295586v1","1823014","1823136","chr15","46011184","46011307","5","44188170"
"KN295586v1","1912915","1913201","chr1","12033389","12033669","64","10120474"
"KN295586v1","1919675","1919919","chr15","46104254","46104531","56","44184579"
"KN295586v1","1953348","1953646","chr15","46140402","46140702","23","44187054"
"KN295586v1","2201915","2202047","chr7","77003816","77003950","17","74801901"
"KN295586v1","2204062","2204351","chr15","46388069","46388358","19","44184007"
"KN295586v1","2236401","2236522","chr15","46402906","46403027","9","44166505"
"KN295586v1","2254688","2254830","chr1","38276091","38276227","27","36021403"
"KN295586v1","2278993","2279290","chr15","46457928","46458224","33","44178935"
"KN295586v1","2322822","2323124","chr15","46500124","46500433","26","44177302"
"KN295586v1","2348134","2348437","chr15","46525087","46525389","24","44176953"
"KN295586v1","2417916","2418045","chr16","65963238","65963362","26","63545322"
"KN295586v1","2422951","2423084","chr1","14856454","14856585","22","12433503"
"KN295586v1","2431693","2432010","chr15","46606809","46607124","18","44175116"
"KN295586v1","2537291","2537410","chr6","48463186","48463300","17","45925895"
"KN295586v1","2586059","2586223","chr9","78322124","78322290","36","75736065"
"KN295586v1","2675572","2675904","chr3","121154590","121154909","65","118479018"
"KN295586v1","2699774","2699903","chr9","58174384","58174515","10","55474610"
"KN295586v1","2867265","2867578","chr15","47051205","47051516","20","44183940"
"KN295586v1","2944179","2944472","chr9","82551103","82551396","69","79606924"
"KN295586v1","2950313","2950616","chr5","138734846","138735142","62","135784533"
"KN295586v1","2957133","2957258","chr19","44986470","44986599","23","42029337"
"KN295586v1","3013025","3013337","chr22","1709192","1709498","59","1303833"
"KN295586v1","3036772","3037085","chr2A","81986117","81986422","71","78949345"
"KN295586v1","3096493","3096762","chr15","47274191","47274455","27","44177698"
"KN295586v1","3122916","3123222","chr15","47300354","47300664","29","44177438"
"KN295586v1","3127043","3127179","chr5","34604244","34604378","21","31477201"
"KN295586v1","3136780","3136913","chrUn_CABD030132826v1","1801","1933","19","3134979"
"KN295586v1","3161132","3161478","chr7","2899806","2900116","77","261326"
"KN295586v1","3171184","3171470","chr15","47343784","47344101","52","44172600"
"KN295586v1","3235125","3235260","chr15","47406619","47406750","14","44171494"
"KN295586v1","3252405","3252694","chr9","115447640","115447932","71","112195235"
"KN295586v1","3294136","3294425","chr15","47467704","47467993","23","44173568"
"KN295586v1","3314220","3314337","chr15","47490149","47490266","4","44175929"
"KN295586v1","3354020","3354306","chr15","47533912","47534223","44","44179892"
"KN295586v1","3406287","3406428","chr7","148208827","148208966","19","144802540"
"KN295586v1","3410412","3410633","chr3","50448174","50448392","64","47037762"
"KN295586v1","3446781","3446992","chr12","33040648","33040854","47","29593867"
"KN295586v1","3454041","3454163","chr15","47641611","47641733","6","44187570"
"KN295586v1","3468104","3468222","chr15","47655929","47656047","2","44187825"
"KN295586v1","3476925","3477072","chr15","47664088","47664205","38","44187163"
"KN295586v1","3477396","3477536","chr15","47664528","47664667","11","44187132"
"KN295586v1","3518023","3518100","chr15","47704025","47704106","6","44186002"
"KN295586v1","3656614","3656931","chr1","129908060","129908374","65","126251446"
"KN295586v1","3756166","3756450","chr15","47929657","47929921","30","44173491"
"KN295586v1","3758479","3758658","chr15","47931907","47932082","15","44173428"
"KN295586v1","3782578","3782875","chr15","47956843","47957136","27","44174265"
"KN295586v1","3870885","3871126","chr12","52296021","52296246","55","48425136"
"KN295586v1","3892981","3893269","chr15","48063376","48063664","17","44170395"
"KN295586v1","4183045","4183344","chr10","116537467","116537764","67","112354422"
"KN295586v1","4394010","4394097","chr15","48613552","48613639","3","44219542"
"KN295586v1","4555538","4555839","chr15","48789427","48789723","19","44233889"
"KN295586v1","4579084","4579372","chr15","48813319","48813607","24","44234235"
"KN295586v1","4825414","4825696","chr15","49058132","49058404","25","44232718"
"KN295586v1","5022328","5022494","chr19","8854244","8854408","42","3831916"
"KN295586v1","5159535","5159700","chr15","49401826","49401990","10","44242291"
"KN295586v1","5181230","5181475","chr5","21257535","21257785","66","16076305"
"KN295586v1","5185050","5185345","chr11","108527067","108527362","60","103342017"
"KN295586v1","5185427","5185725","chr11","120575589","120575875","79","115390162"
"KN295586v1","5210099","5210325","chr15","49456775","49456991","18","44246676"
"KN295586v1","5329460","5329762","chr4","93444398","93444688","65","88114938"
"KN295586v1","5512748","5513035","chr15","49749934","49750231","29","44237186"
"KN295586v1","5556237","5556572","chr15","49793458","49793738","64","44237221"
"KN295586v1","5621382","5621686","chr15","49883716","49884020","17","44262334"
"KN295586v1","5677305","5677583","chr15","49939665","49939943","24","44262360"
"KN295586v1","5761790","5762077","chr15","42605265","42605559","68","36843475"
"KN295590v1","93070","93255","chr19","21785727","21785912","21","21692657"
"KN295590v1","93285","93384","chr19","21785601","21785697","11","21692316"
"KN295590v1","210567","210870","chr7","64366941","64367248","64","64156374"
"KN295591v1","402150","402471","chr3","13127398","13127707","72","12725248"
"KN295591v1","452917","453037","chr1","90780963","90781084","6","90328046"
"KN295591v1","510571","510689","chr9","114793442","114793557","30","114282871"
"KN295591v1","722006","722315","chr17","10289719","10290016","78","9567713"
"KN295591v1","725044","725104","chr11","65738222","65738274","15","65013178"
"KN295591v1","725116","725384","chr1","91038656","91038936","29","90313540"
"KN295591v1","762480","762615","chr1","133284934","133285059","28","132522454"
"KN295591v1","773784","773916","chr1","91085288","91085428","21","90311504"
"KN295591v1","834567","834649","chr4","111396662","111396746","11","110562095"
"KN295591v1","835532","835843","chrX","108463096","108463407","57","107627564"
"KN295591v1","862476","862758","chr3","138073371","138073660","62","137210895"
"KN295591v1","875514","875810","chr1","91174885","91175175","38","90299371"
"KN295591v1","942333","942440","chr1","91230341","91230446","9","90288008"
"KN295591v1","1408861","1408992","chr1","91660179","91660313","12","90251318"
"KN295591v1","1448285","1448600","chr1","91691499","91691812","30","90243214"
"KN295591v1","1500166","1500289","chr8","77605031","77605153","15","76104865"
"KN295592v1","61875","62121","chr14","19260242","19260505","59","19198367"
"KN295592v1","918378","918533","chr14","20119753","20119924","22","19201375"
"KN295592v1","918581","918695","chr14","20119962","20120077","12","19201381"
"KN295592v1","934089","934399","chr14","20134973","20135287","32","19200884"
"KN295592v1","1234009","1234305","chr14","20424142","20424428","29","19190133"
"KN295592v1","1376383","1376663","chr14","20560085","20560372","21","19183702"
"KN295592v1","1535123","1535507","chr11","64171149","64171502","101","62636026"
"KN295592v1","1847070","1847193","chr14","21047774","21047897","5","19200704"
"KN295592v1","1980432","1980739","chr13","31480451","31480752","73","29500019"
"KN295592v1","2037113","2037235","chr14","21219925","21220049","6","19182812"
"KN295592v1","2080981","2081150","chr4","171690391","171690558","32","169609410"
"KN295592v1","2081458","2081593","chr22","11274543","11274673","21","9193085"
"KN295592v1","2167177","2167307","chr14","21406201","21406333","18","19239024"
"KN295592v1","2222294","2222360","chr14","21404654","21404711","14","19182360"
"KN295592v1","2223841","2223962","chr14","21406201","21406333","20","19182360"
"KN295592v1","2224084","2224354","chr14","21406450","21406728","41","19182366"
"KN295592v1","2250482","2250539","chr14","21404654","21404711","2","19154172"
"KN295592v1","2252275","2252556","chr14","21406450","21406728","41","19154175"
"KN295594v1","58851","59103","chr10","40688102","40688360","51","40629251"
"KN295594v1","73805","74041","chrX","18687806","18688088","61","18614001"
"KN295594v1","132261","132539","chrX","9176212","9176499","59","9043951"
"KN295594v1","168549","168705","chrX","18786863","18787009","10","18618314"
"KN295594v1","169014","169161","chr4","39633199","39633350","36","39464185"
"KN295594v1","248577","248871","chr9","14860135","14860432","55","14611558"
"KN295596v1","2621196","2621479","chr13","30750679","30750963","19","28129483"
"KN295596v1","172530","172847","chr13","33256933","33257246","30","33084403"
"KN295596v1","381202","381281","chr13","33050151","33050230","6","32668949"
"KN295596v1","787730","788003","chr13","32624205","32624463","26","31836475"
"KN295596v1","867597","867886","chr13","32548393","32548682","17","31680796"
"KN295596v1","1029474","1029777","chr2A","73665192","73665502","62","72635718"
"KN295596v1","1145842","1146130","chr13","32268437","32268718","26","31122595"
"KN295596v1","1268437","1268681","chr13","32157036","32157293","54","30888599"
"KN295596v1","1381609","1381893","chr12","60115827","60116118","69","58734218"
"KN295596v1","1529827","1529952","chr5","47288279","47288405","18","45758452"
"KN295596v1","1532352","1532644","chr14","75395367","75395649","59","73863015"
"KN295596v1","1725419","1725696","chr13","31658287","31658567","19","29932868"
"KN295596v1","1729781","1730063","chr13","31653630","31653925","29","29923849"
"KN295596v1","1758820","1759099","chr6","18841527","18841805","61","17082707"
"KN295596v1","1841057","1841374","chr13","31527529","31527846","17","29686472"
"KN295596v1","1852456","1852580","chr13","31517428","31517552","8","29664972"
"KN295596v1","1880166","1880299","chr13","31494897","31495029","9","29614731"
"KN295596v1","1896193","1896497","chr6","4946400","4946707","63","3050207"
"KN295596v1","1896610","1896737","chr13","31477884","31478011","8","29581274"
"KN295596v1","1968360","1968627","chr13","31403358","31403641","41","29434998"
"KN295596v1","1970468","1970766","chr7","36156236","36156533","62","34185768"
"KN295596v1","1974952","1975239","chr5","91521677","91521966","51","89546725"
"KN295596v1","1979055","1979180","chr21","16881368","16881489","40","14902313"
"KN295596v1","1994855","1995067","chr22","3450874","3451095","57","1456019"
"KN295596v1","2002129","2002430","chr13","31370884","31371188","22","29368755"
"KN295596v1","2056736","2056868","chr13","31318077","31318203","15","29261341"
"KN295596v1","2059118","2059237","chr6","160521833","160521953","17","158462715"
"KN295596v1","2087181","2087399","chr2A","80456598","80456815","48","78369417"
"KN295596v1","2124372","2124511","chr4","14921715","14921845","30","12797343"
"KN295596v1","2134913","2135205","chr13","31238044","31238342","22","29103131"
"KN295596v1","2183676","2183753","chr5","83020072","83020149","21","80836396"
"KN295596v1","2202322","2202664","chr13","31172471","31172783","60","28970149"
"KN295596v1","2224991","2225314","chr13","31151229","31151536","29","28926238"
"KN295596v1","2322593","2322906","chr7","70234517","70234823","66","67911924"
"KN295596v1","2357130","2357373","chr13","31018244","31018483","26","28661114"
"KN295596v1","2413130","2413428","chr13","30961954","30962225","49","28548824"
"KN295596v1","2422171","2422501","chr13","30953002","30953315","41","28530831"
"KN295596v1","2808058","2808218","chr3","49181044","49181210","30","46372986"
"KN295596v1","2895219","2895520","chr13","30489091","30489401","23","27593872"
"KN295596v1","2957423","2957689","chr13","30428530","30428785","29","27471107"
"KN295596v1","3053009","3053297","chr11","113770221","113770512","48","110717212"
"KN295596v1","3125948","3126257","chr11","2822246","2822545","65","303702"
"KN295596v1","3461912","3462197","chr13","29983692","29983996","33","26521780"
"KN295596v1","3501963","3502252","chr8","129712685","129712974","63","126210722"
"KN295596v1","3531959","3532082","chr13","29881642","29881765","4","26349683"
"KN295601v1","128461","128736","chr8","123645405","123645678","20","123516944"
"KN295601v1","180445","180737","chr8","123698938","123699260","44","123518493"
"KN295601v1","310931","311247","chr8","123821182","123821482","36","123510251"
"KN295601v1","477717","477845","chr8","124000129","124000258","10","123522412"
"KN295601v1","593020","593222","chr8","124106943","124107135","24","123513923"
"KN295601v1","694796","695094","chr1","186022125","186022419","63","185327329"
"KN295601v1","906433","906710","chr3","53570055","53570334","54","52663622"
"KN295601v1","941723","942023","chr8","124490478","124490779","22","123548755"
"KN295601v1","942430","942738","chr8","124491182","124491490","17","123548752"
"KN295601v1","956676","956986","chr8","124506075","124506381","22","123549399"
"KN295601v1","998275","998546","chr8","124548697","124548991","36","123550422"
"KN295601v1","1018298","1018367","chr8","124573247","124573316","3","123554949"
"KN295601v1","1090429","1090551","chr4","181845992","181846113","22","180755563"
"KN295601v1","1166315","1166620","chr1","51616687","51616997","67","50450372"
"KN295601v1","1208824","1209100","chr8","124758286","124758571","29","123549462"
"KN295601v1","1317593","1317642","chr1","36566125","36566174","9","35248532"
"KN295601v1","1499550","1499852","chr8","125048265","125048557","28","123548715"
"KN295601v1","1640693","1640813","chr3","57542989","57543107","19","55902296"
"KN295601v1","1947561","1947844","chr18","60856094","60856399","69","58908533"
"KN295601v1","2001284","2001403","chr5","34353162","34353277","20","32351878"
"KN295601v1","2017385","2017681","chr8","125549521","125549811","17","123532136"
"KN295601v1","2044239","2044531","chr8","125573585","125573882","23","123529346"
"KN295601v1","2156476","2156613","chr8","125678344","125678489","19","123521868"
"KN295601v1","2274418","2274540","chr7","104523972","104524096","18","102249554"
"KN295601v1","2275382","2275646","chr6","7021311","7021581","59","4745929"
"KN295601v1","2302880","2303209","chr8","125810703","125811030","40","123507823"
"KN295601v1","2306808","2307095","chr3","125818024","125818314","69","123511216"
"KN295601v1","2323504","2323578","chr1","32767670","32767744","22","30444166"
"KN295601v1","2324204","2324272","chr1","155714272","155714330","59","153390068"
"KN295601v1","2324497","2324635","chr14","14383754","14383888","21","12059257"
"KN295601v1","2418415","2418678","chr3","12182833","12183078","64","9764418"
"KN295601v1","2496265","2496566","chr8","126006697","126007000","34","123510432"
"KN295601v1","2568632","2568943","chr6","162995728","162996024","65","160427096"
"KN295601v1","2766524","2766748","chr14","72808786","72809010","43","70042262"
"KN295601v1","2842636","2842953","chr8","126355617","126355932","38","123512981"
"KN295601v1","2843875","2844187","chr11","65456609","65456909","59","62612734"
"KN295601v1","2865792","2865916","chr1","174762677","174762798","19","171896885"
"KN295601v1","2966267","2966573","chr8","126448916","126449217","31","123482649"
"KN295601v1","3043340","3043464","chr8","126526144","126526268","9","123482804"
"KN295601v1","3255019","3255302","chr8","126736328","126736611","18","123481309"
"KN295601v1","3278892","3279203","chr10","65163569","65163884","70","61884677"
"KN295605v1","38266","38387","chr12","122689984","122690093","30","122651718"
"KN295605v1","40782","41089","chr7","148122134","148122436","59","148081352"
"KN295605v1","41163","41301","chr1","139304076","139304211","21","139262913"
"KN295605v1","41615","41758","chr9","58174384","58174515","30","58132769"
"KN295605v1","82498","82555","chr11","64682738","64682797","6","64600240"
"KN295605v1","108646","108778","chr11","64642404","64642536","5","64533758"
"KN295605v1","157857","158140","chr11","64606579","64606863","21","64448722"
"KN295605v1","182801","182886","chr1","31495599","31495681","16","31312798"
"KN295605v1","183199","183351","chr3","127244182","127244338","29","127060983"
"KN295605v1","215708","215988","chr22","19434130","19434418","53","19218422"
"KN295605v1","234488","234625","chr11","64521848","64521978","16","64287360"
"KN295605v1","313305","313607","chr11","64409895","64410203","43","64096590"
"KN295605v1","327487","327618","chr11","64396138","64396279","11","64068651"
"KN295605v1","327622","327908","chr11","64395543","64395829","10","64067921"
"KN295605v1","336129","336264","chr1","10690045","10690175","19","10353916"
"KN295605v1","336573","336726","chr2B","101010454","101010600","46","100673881"
"KN295605v1","369339","369532","chr8","91884774","91884965","52","91515435"
"KN295605v1","374890","375025","chr11","8586861","8586996","18","8211971"
"KN295605v1","387106","387412","chr11","64334597","64334904","21","63947491"
"KN295605v1","412191","412477","chr11","64310091","64310383","34","63897900"
"KN295605v1","429596","429871","chr11","64293873","64294142","27","63864277"
"KN295605v1","445449","445587","chr1","40706193","40706325","22","40260744"
"KN295605v1","447417","447711","chr11","64280956","64281263","32","63833539"
"KN295605v1","484054","484313","chr21","16566389","16566651","55","16082335"
"KN295605v1","486601","486722","chr11","64235900","64236021","8","63749299"
"KN295605v1","491076","491200","chr11","64232011","64232135","5","63740935"
"KN295605v1","491393","491648","chr11","64231557","64231805","35","63740164"
"KN295605v1","501151","501207","chr10","88824845","88824901","7","88323694"
"KN295605v1","544265","544567","chr11","64182240","64182535","18","63637975"
"KN295605v1","545363","545496","chr11","64181318","64181451","7","63635955"
"KN295605v1","576658","576926","chr2B","111599861","111600132","71","111023203"
"KN295605v1","602895","603185","chr11","64120564","64120859","18","63517669"
"KN295605v1","614729","614979","chr11","64109309","64109584","47","63494580"
"KN295605v1","689787","690066","chr11","64026050","64026344","29","63336263"
"KN295606v1","162792","162904","chr16","75515770","75515873","29","75352978"
"KN295606v1","255507","255633","chr18","57967592","57967718","11","57712085"
"KN295606v1","400958","401238","chr19","40322015","40322302","64","39921057"
"KN295606v1","513474","513770","chr4","6615194","6615493","64","6101720"
"KN295606v1","550724","550854","chr18","57694500","57694630","10","57143776"
"KN295607v1","16060","16357","chr1","224194240","224194538","62","224178180"
"KN295607v1","86195","86496","chrX","139628296","139628608","71","139542101"
"KN295607v1","265560","265819","chr4","186191686","186191942","17","185926126"
"KN295607v1","306997","307102","chr19","8412124","8412228","24","8105127"
"KN295607v1","316795","317081","chr4","186140647","186140942","36","185823852"
"KN295607v1","725646","725953","chr7","45617343","45617648","57","44891697"
"KN295607v1","734292","734575","chr4","39427507","39427796","60","38693215"
"KN295607v1","1003663","1003788","chr15","21476177","21476301","22","20472514"
"KN295607v1","1165512","1165815","chr4","177546395","177546700","68","176380883"
"KN295607v1","1257875","1258041","chr4","185215429","185215593","13","183957554"
"KN295607v1","1451559","1451855","chr4","185016969","185017265","32","183565410"
"KN295607v1","1682382","1682685","chr4","184789995","184790295","30","183107613"
"KN295607v1","1780782","1780888","chr4","184672072","184672178","8","182891290"
"KN295607v1","1900096","1900423","chr12","121448792","121449108","83","119548696"
"KN295607v1","1912898","1913031","chr1","16784265","16784401","26","14871367"
"KN295607v1","2325012","2325080","chr10","116691719","116691788","18","114366707"
"KN295607v1","2583307","2583601","chr4","183942863","183943143","31","181359556"
"KN295607v1","2792899","2793187","chr3","48025077","48025366","65","45232178"
"KN295607v1","2829943","2830217","chr4","183710260","183710556","51","180880317"
"KN295607v1","3012638","3012707","chr11","69324588","69324656","11","66311950"
"KN295607v1","3054330","3054626","chr4","183496763","183497061","26","180442433"
"KN295607v1","3088835","3089085","chr4","87727935","87728186","48","84639100"
"KN295607v1","3555688","3555863","chr6","110679659","110679829","49","107123971"
"KN295607v1","3624874","3625155","chr21","35176069","35176349","65","31551195"
"KN295607v1","3822138","3822440","chr6","32169761","32170066","57","28347623"
"KN295607v1","3835082","3835212","chr4","182667217","182667348","12","178832135"
"KN295607v1","3854787","3854911","chr4","182646283","182646407","11","178791496"
"KN295607v1","3960386","3960509","chr4","182530538","182530661","5","178570152"
"KN295607v1","3997862","3998003","chrX","180334","180484","41","3817528"
"KN295607v1","3998036","3998157","chr3","45992523","45992640","18","41994487"
"KN295607v1","4006554","4006843","chr4","182488307","182488590","31","178481753"
"KN295607v1","4019571","4019861","chr1","125529178","125529481","61","121509607"
"KN295607v1","4052852","4053152","chr4","182441079","182441382","34","178388227"
"KN295607v1","4067440","4067748","chr4","182427663","182427954","33","178360223"
"KN295607v1","4080400","4080683","chr4","8455469","8455747","58","4375069"
"KN295607v1","4091186","4091472","chr4","182403338","182403640","28","178312152"
"KN295607v1","4172775","4173095","chr5","110411819","110412141","65","106239044"
"KN295607v1","4306140","4306271","chr1","29392940","29393070","24","25086800"
"KN295607v1","4306551","4306746","chr15","7843968","7844151","37","3537417"
"KN295607v1","4329077","4329332","chr4","182155719","182155996","39","177826642"
"KN295607v1","4336290","4336580","chr4","182148467","182148756","27","177812177"
"KN295607v1","4350958","4351280","chr4","182134348","182134665","31","177783390"
"KN295607v1","4374072","4374350","chr8","115956233","115956510","72","111582161"
"KN295607v1","4438400","4438665","chrX","16797749","16798024","49","12359349"
"KN295607v1","4546416","4546705","chr5","19744576","19744864","65","15198160"
"KN295607v1","4581598","4581861","chr4","181905339","181905603","14","177323741"
"KN295607v1","4611700","4611991","chr4","181876469","181876758","26","177264769"
"KN295607v1","4635962","4636238","chr4","181852326","181852604","25","177216364"
"KN295607v1","4645503","4645632","chr4","181844176","181844305","11","177198673"
"KN295607v1","4647058","4647193","chr4","181841535","181841669","8","177194477"
"KN295607v1","4667861","4668165","chr5","96078148","96078447","59","91410287"
"KN295609v1","162675","162846","chr13","22499604","22499774","35","22336929"
"KN295609v1","162872","162965","chr16","64109085","64109177","21","63946213"
"KN295609v1","227862","228073","chr4","12117082","12117303","31","11889220"
"KN295609v1","321921","322174","chr4","12018432","12018739","67","11696511"
"KN295609v1","348052","348104","chr7","158550531","158550579","20","158202479"
"KN295609v1","348444","348537","chr20","47390300","47390388","29","47041856"
"KN295609v1","348848","349003","chr6","151820195","151820341","43","151471347"
"KN295609v1","428440","428716","chr4","11911911","11912210","51","11483471"
"KN295610v1","110092","110384","chr10","18602347","18602642","21","18492255"
"KN295610v1","184028","184307","chr10","18673798","18674069","27","18489770"
"KN295610v1","203854","203974","chr10","18693592","18693710","16","18489738"
"KN295610v1","241050","241356","chr3","161223266","161223564","64","160982216"
"KN295610v1","272788","272853","chr16","81069543","81069603","15","80796755"
"KN295610v1","283483","283782","chr10","18773065","18773368","35","18489582"
"KN295610v1","294133","294442","chr10","18782762","18783069","24","18488629"
"KN295610v1","319821","320108","chr10","18809137","18809442","40","18489316"
"KN295610v1","389263","389558","chr5","41523124","41523423","56","41133861"
"KN295610v1","435940","436064","chr5","23931145","23931269","14","23495205"
"KN295610v1","442030","442283","chr10","18922967","18923217","15","18480937"
"KN295610v1","454111","454408","chr1","39376763","39377052","76","38922652"
"KN295610v1","463096","463379","chr10","18944730","18944997","28","18481634"
"KN295610v1","497226","497528","chr10","18979766","18980073","19","18482540"
"KN295610v1","524428","524711","chr10","19005843","19006151","41","18481415"
"KN295610v1","652772","652895","chr2A","68387040","68387160","24","67734268"
"KN295610v1","670720","670850","chr10","28041002","28041135","41","27370282"
"KN295610v1","670884","671062","chr17","28261207","28261372","60","27590323"
"KN295610v1","675742","675875","chr10","19181400","19181533","12","18505658"
"KN295610v1","691364","691677","chr7","79592244","79592550","61","78900880"
"KN295610v1","800368","800404","chr14","14234538","14234574","8","13434170"
"KN295610v1","837453","837574","chrX","68089248","68089369","14","67251795"
"KN295613v1","262748","263037","chr22","23658720","23658995","66","23395972"
"KN295613v1","273868","274172","chr7","38721606","38721894","45","38447738"
"KN295613v1","295603","295891","chr13","23818472","23818751","64","23522869"
"KN295623v1","82209","82482","chr16","80536988","80537261","24","80454779"
"KN295623v1","85550","85676","chr16","80541094","80541223","16","80455544"
"KN295623v1","86820","87109","chr16","80542688","80542980","36","80455868"
"KN295623v1","194434","194722","chr16","80661199","80661488","36","80466765"
"KN295623v1","204075","204198","chr16","80670454","80670577","7","80466379"
"KN295623v1","223243","223538","chr17","8279695","8279956","90","8056452"
"KN295623v1","227904","228208","chr5","133552328","133552628","89","133324424"
"KN295623v1","231825","231956","chr11","77041438","77041555","29","76809613"
"KN295623v1","232028","232222","chr5","17625392","17625581","50","17393364"
"KN295623v1","266659","266776","chr12","37395285","37395400","22","37128626"
"KN295623v1","268418","268714","chr17","78486564","78486860","63","78218146"
"KN295623v1","278437","278570","chr1","55872210","55872342","20","55593773"
"KN295623v1","286620","286817","chrX","2144488","2144679","40","1857868"
"KN295623v1","298649","298961","chr13","31653630","31653925","62","31354981"
"KN295623v1","326006","326308","chr16","80788087","80788400","37","80462081"
"KN295623v1","343142","343258","chr19","4949141","4949259","28","4605999"
"KN295623v1","343538","343668","chr11","9491585","9491727","47","9148047"
"KN295623v1","347930","348152","chr5","116003325","116003550","63","115655395"
"KN295623v1","362694","362882","chr6","32206432","32206610","54","31843738"
"KN295623v1","371082","371204","chr5","58958060","58958184","24","58586978"
"KN295623v1","384600","384898","chr7","2935770","2936066","56","2551170"
"KN295623v1","508243","508379","chr16","80985023","80985159","12","80476780"
"KN295624v1","70215","70390","chr20","15629643","15629813","41","15559428"
"KN295633v1","6405","6699","chr14","36942806","36943096","54","36936401"
"KN295633v1","9849","10146","chr17","17580815","17581115","64","17570966"
"KN295633v1","34150","34272","chr5","23721370","23721494","10","23687220"
"KN295633v1","34824","34957","chr5","23720672","23720806","7","23685848"
"KN295633v1","46737","47082","chr11","32284696","32284987","105","32237959"
"KN295633v1","48950","49223","chr13","29462186","29462470","67","29413236"
"KN295633v1","88809","89082","chr5","23667349","23667625","21","23578540"
"KN295633v1","133259","133383","chr5","23624431","23624560","9","23491172"
"KN295633v1","169334","169459","chr16","16421325","16421455","24","16251991"
"KN295633v1","169470","169687","chr19","17238568","17238782","46","17069098"
"KN295633v1","182214","182493","chr5","24676209","24676507","67","24493995"
"KN295633v1","186434","186554","chr7","28741720","28741843","16","28555286"
"KN295633v1","203152","203451","chr19","9978934","9979233","63","9775782"
"KN295633v1","239935","240180","chr10","26189343","26189600","62","25949408"
"KN295633v1","243705","243992","chr5","23515460","23515762","26","23271755"
"KN295633v1","278921","279044","chr7","66831388","66831507","26","66552467"
"KN295633v1","328566","328654","chrX","55002664","55002759","28","54674098"
"KN295633v1","408361","408586","chr5","58081115","58081341","17","57672754"
"KN295633v1","452902","453191","chr5","21101253","21101563","35","20648351"
"KN295633v1","453344","453658","chr5","21101253","21101563","19","20647909"
"KN295633v1","463421","463567","chr5","21109507","21109653","8","20646086"
"KN295633v1","463879","464087","chr5","21109963","21110147","44","20646084"
"KN295633v1","480827","481141","chr5","21130626","21130951","33","20649799"
"KN295633v1","549041","549198","chr11","16978932","16979092","42","16429891"
"KN295633v1","549511","549642","chr15","42720862","42720990","22","42171351"
"KN295633v1","557187","557483","chr5","2865718","2866014","50","2308531"
"KN295633v1","603465","603765","chr5","21263795","21264100","23","20660330"
"KN295633v1","606946","607193","chr19","1791940","1792175","64","1184994"
"KN295633v1","679328","679630","chr5","21335685","21335988","19","20656357"
"KN295633v1","748882","749089","chr5","21400624","21400821","24","20651742"
"KN295633v1","764849","765123","chr5","21418171","21418440","20","20653322"
"KN295633v1","774981","775295","chr5","21426505","21426787","56","20651524"
"KN295633v1","815137","815421","chr9","17122664","17122938","58","16307527"
"KN295633v1","830021","830382","chr5","21483547","21483909","26","20653526"
"KN295633v1","850002","850216","chr5","21501788","21501999","12","20651786"
"KN295633v1","865195","865527","chr7","139688684","139689022","84","138823489"
"KN295633v1","1072660","1072975","chr1","44177603","44177913","70","43104943"
"KN295633v1","1226178","1226303","chr5","3058714","3058832","24","1832536"
"KN295633v1","1226609","1226620","chr1","58828292","58828304","3","57601683"
"KN295633v1","1249516","1249805","chr5","21871349","21871632","19","20621833"
"KN295633v1","1350408","1350528","chr13","78633905","78634025","25","77283497"
"KN295633v1","1398148","1398281","chr7","77003816","77003950","21","75605668"
"KN295633v1","1508595","1508935","chr5","22131452","22131791","24","20622857"
"KN295633v1","1603416","1603599","chr5","22219767","22219947","12","20616351"
"KN295633v1","1738848","1738932","chr5","22343530","22343610","10","20604682"
"KN295633v1","1786704","1786953","chr8","77217268","77217510","61","75430564"
"KN295633v1","1821085","1821375","chr5","22415688","22415977","18","20594603"
"KN295633v1","1845775","1846058","chr5","22440082","22440366","22","20594307"
"KN295633v1","1910560","1910867","chr5","22510728","22511035","18","20600168"
"KN295633v1","1958995","1959306","chr1","115952376","115952682","58","113993381"
"KN295633v1","1980407","1980679","chr6","19535799","19536074","67","17555392"
"KN295633v1","2005610","2005856","chr1","185355695","185355935","62","183350085"
"KN295633v1","2016373","2016646","chr5","22622667","22622921","64","20606294"
"KN295633v1","2078137","2078246","chr13","6129331","6129442","22","4051194"
"KN295633v1","2086037","2086318","chr5","22692610","22692935","61","20606573"
"KN295633v1","2113207","2113459","chr10","114686531","114686803","63","112573324"
"KN295633v1","2126073","2126372","chr12","11449412","11449696","84","9323339"
"KN295633v1","2156958","2157197","chr5","22763585","22763825","17","20606627"
"KN295633v1","2159128","2159406","chr5","22765759","22766044","35","20606631"
"KN295633v1","2180137","2180434","chr5","22784164","22784460","19","20604027"
"KN295633v1","2181205","2181467","chr5","22785437","22785697","32","20604232"
"KN295633v1","2195460","2195613","chr20","30746885","30747033","41","28551425"
"KN295633v1","2204658","2204782","chr19","10373736","10373859","17","8169078"
"KN295633v1","2221944","2222052","chr5","22827822","22827931","7","20605878"
"KN295633v1","2233414","2233700","chr16","15150273","15150555","65","12916859"
"KN295633v1","2233827","2233959","chr14","63032745","63032877","27","60798918"
"KN295633v1","2234488","2234764","chr5","22839451","22839738","35","20604963"
"KN295633v1","2238951","2239223","chr1","184920094","184920371","66","182681143"
"KN295633v1","2283156","2283282","chr1","86038181","86038304","25","83755025"
"KN295633v1","2290206","2290473","chr12","32297808","32298068","62","30007602"
"KN295633v1","2331385","2331714","chr9","70781529","70781841","87","68450144"
"KN295633v1","2333275","2333575","chrX","42222221","42222514","60","39888946"
"KN295633v1","2362635","2362943","chr5","22959622","22959925","21","20596987"
"KN295633v1","2366939","2367071","chr5","22963958","22964091","10","20597019"
"KN295633v1","2396416","2396544","chr5","23011053","23011194","20","20614637"
"KN295633v1","2442807","2442939","chr5","23061516","23061645","16","20618709"
"KN295633v1","2454493","2454800","chr1","94184963","94185274","62","91730470"
"KN295633v1","2471721","2472027","chr16","46741352","46741658","48","44269631"
"KN295633v1","2564225","2564535","chr5","23192555","23192879","38","20628330"
"KN295633v1","2571411","2571713","chr5","38919984","38920284","63","36348573"
"KN295634v1","14148","14341","chr2B","22490217","22490411","33","22476069"
"KN295634v1","306315","306632","chr19","8744024","8744333","75","8437709"
"KN295637v1","28863","29183","chr10","101215914","101216207","87","101187051"
"KN295637v1","48112","48422","chr17","17005239","17005530","51","16957127"
"KN295637v1","137799","137940","chr9","16518510","16518642","20","16380711"
"KN295637v1","153795","153918","chr17","17111952","17112075","8","16958157"
"KN295637v1","206415","206593","chr17","17155432","17155612","15","16949017"
"KN295637v1","223168","223284","chr6","160521833","160521953","15","160298665"
"KN295637v1","244373","244676","chr22","1709192","1709498","61","1464819"
"KN295637v1","256176","256293","chr17","17204778","17204904","18","16948602"
"KN295637v1","325548","325826","chr14","44797078","44797352","54","44471530"
"KN295637v1","334089","334211","chr17","17283796","17283927","12","16949707"
"KN295637v1","353351","353649","chr16","11887182","11887470","69","11533831"
"KN295637v1","399263","399467","chr17","17354861","17355064","16","16955598"
"KN295637v1","452348","452615","chr10","111905261","111905528","52","111452913"
"KN295637v1","488264","488398","chr5","41191290","41191420","19","40703026"
"KN295637v1","535164","535300","chr1","55872210","55872342","18","55337046"
"KN295637v1","652180","652475","chr17","17580815","17581115","38","16928635"
"KN295637v1","703725","704005","chr6","18841527","18841805","53","18137802"
"KN295637v1","781844","781888","chr1","54348693","54348738","9","53566849"
"KN295637v1","796833","797136","chr17","17732659","17732965","23","16935826"
"KN295637v1","811107","811396","chrX","41769842","41770140","61","40958735"
"KN295637v1","903652","903774","chr17","17863220","17863343","6","16959568"
"KN295642v1","11546","11676","chrX","154458607","154458737","5","154447061"
"KN295642v1","41775","41899","chrX","154422756","154422881","4","154380981"
"KN295642v1","58037","58337","chrX","154407394","154407698","26","154349357"
"KN295642v1","58491","58743","chr11","65060170","65060434","63","65001679"
"KN295642v1","121649","121823","chr10","88369017","88369188","36","88247368"
"KN295642v1","122144","122278","chr5","34604244","34604378","20","34482100"
"KN295642v1","124053","124355","chrX","154344151","154344466","33","154220098"
"KN295642v1","130304","130432","chr20","36035124","36035245","28","35904820"
"KN295642v1","131816","132109","chrX","154336187","154336480","18","154204371"
"KN295646v1","29547","29841","chr1","183229610","183229909","70","183200063"
"KN295651v1","144858","145169","chr20","39185398","39185709","58","39040540"
"KN295651v1","391390","391711","chr21","14216583","14216907","36","13825193"
"KN295651v1","635826","636132","chr8","97089322","97089608","83","96453496"
"KN295651v1","646423","646557","chr3","47279004","47279144","34","46632581"
"KN295651v1","658752","659071","chr21","14474152","14474453","39","13815400"
"KN295651v1","698661","698896","chr21","14507081","14507320","23","13808420"
"KN295651v1","763399","763702","chr1","207988062","207988368","70","207224663"
"KN295651v1","780491","780780","chrX","151124597","151124886","59","150344106"
"KN295651v1","1280802","1281113","chr1","125529178","125529481","69","124248376"
"KN295651v1","1289812","1290116","chr21","15110199","15110495","29","13820387"
"KN295651v1","1440389","1440512","chr21","15249667","15249790","7","13809278"
"KN295651v1","1440807","1440977","chr21","15250085","15250252","14","13809278"
"KN295651v1","1879568","1879880","chr21","15601916","15602214","35","13722348"
"KN295651v1","1900476","1900771","chr16","60383420","60383717","68","58482944"
"KN295651v1","2149099","2149387","chr21","15835431","15835699","36","13686332"
"KN295658v1","309583","309879","chr6","35285996","35286281","82","34976413"
"KN295658v1","362956","363073","chr17","15938039","15938150","29","15575083"
"KN295661v1","114319","114582","chr18","42345947","42346203","33","42231628"
"KN295666v1","207535","207751","chr2A","68957182","68957396","19","68749647"
"KN295666v1","235741","236034","chr2A","68928925","68929216","21","68693184"
"KN295666v1","352484","352800","chr2A","68810910","68811237","36","68458426"
"KN295666v1","376072","376199","chr2A","68777679","68777804","18","68401607"
"KN295666v1","387361","387668","chr12","125163839","125164147","53","124776478"
"KN295666v1","404999","405131","chr2A","68747781","68747913","3","68342782"
"KN295666v1","454393","454579","chr2A","68699144","68699329","10","68244751"
"KN295666v1","470515","470819","chr2A","68682464","68682770","22","68211949"
"KN295666v1","531909","532043","chr2A","68622793","68622925","6","68090884"
"KN295666v1","557349","557476","chr9","107950050","107950177","19","107392701"
"KN295666v1","557477","557621","chr3","45719666","45719802","39","45162189"
"KN295666v1","557647","557767","chr14","40932430","40932547","20","40374783"
"KN295666v1","570744","570918","chr5","138441641","138441812","38","137870897"
"KN295666v1","571211","571341","chr1","144830045","144830169","28","144258834"
"KN295666v1","606987","607277","chr2A","68578466","68578760","15","67971479"
"KN295666v1","620066","620358","chr2A","68565521","68565825","55","67945455"
"KN295666v1","622333","622509","chr11","481081","481259","46","141252"
"KN295666v1","661801","662053","chr17","8279695","8279956","67","7617894"
"KN295666v1","704340","704587","chr20","38101987","38102256","62","37397647"
"KN295666v1","706949","707244","chr2A","68478769","68479062","21","67771820"
"KN295666v1","713513","713822","chrX","16763551","16763840","58","16050038"
"KN295666v1","751944","752239","chr2A","68433456","68433735","60","67681512"
"KN295666v1","771294","771566","chr2A","68414229","68414490","23","67642935"
"KN295666v1","774098","774456","chr2A","68411343","68411710","39","67637245"
"KN295666v1","795013","795314","chr2A","68390356","68390660","17","67595343"
"KN295666v1","858381","858682","chr2A","68325994","68326292","20","67467613"
"KN295666v1","896470","896696","chr2A","68287428","68287647","21","67390958"
"KN295666v1","950847","951119","chr19","50754283","50754560","60","49803436"
"KN295666v1","954474","954776","chr6","32169761","32170066","54","31215287"
"KN295666v1","983191","983503","chr2A","68201466","68201768","37","67218275"
"KN295666v1","988688","988931","chr2A","68195856","68196093","23","67207168"
"KN295666v1","1003549","1003716","chr17","18175239","18175403","43","17171690"
"KN295666v1","1106718","1106850","chr2A","68086039","68086172","8","66979321"
"KN295666v1","1107141","1107305","chr2A","68085563","68085727","7","66978422"
"KN295666v1","1154743","1155036","chr2A","68041229","68041520","26","66886486"
"KN295666v1","1221116","1221421","chr12","108178899","108179212","71","106957783"
"KN295666v1","1295906","1296162","chr19","43015453","43015710","69","41719547"
"KN295666v1","1365554","1365848","chr2A","67830057","67830357","36","66464503"
"KN295666v1","1392519","1392850","chr2A","67800343","67800668","26","66407824"
"KN295666v1","1502585","1502724","chr1","11753545","11753685","17","10250960"
"KN295666v1","1627311","1627610","chr5","37554110","37554405","59","35926799"
"KN295666v1","2137573","2137715","chr19","34572032","34572172","26","32434459"
"KN295666v1","2151873","2151998","chr7","11473451","11473572","23","9321578"
"KN295666v1","2254862","2255157","chr2A","66944811","66945103","26","64689949"
"KN295666v1","2318331","2318604","chr16","57499012","57499281","68","55180681"
"KN295666v1","2335470","2335589","chr2A","66865806","66865922","12","64530336"
"KN295666v1","2404938","2405061","chr17","23171541","23171663","20","20766603"
"KN295666v1","2422422","2422701","chr10","105264645","105264926","61","102842223"
"KN295666v1","2650779","2650900","chr12","112371144","112371261","17","109720365"
"KN295666v1","2650932","2651066","chrX","153984059","153984211","45","151333127"
"KN295667v1","125372","125609","chr12","120234296","120234512","48","120108924"
"KN295667v1","196363","196710","chrX","154755020","154755363","108","154558657"
"KN295667v1","211645","211915","chr1","10225082","10225352","21","10013437"
"KN295667v1","223514","223778","chr1","10213322","10213592","31","9989808"
"KN295667v1","254152","254322","chr1","10183485","10183665","25","9929333"
"KN295667v1","255203","255336","chr1","10182486","10182622","11","9927283"
"KN295667v1","273731","273895","chr1","10164159","10164331","31","9890428"
"KN295667v1","292208","292387","chr16","21460972","21461146","44","21168764"
"KN295667v1","294593","294883","chr11","33192820","33193103","53","32898227"
"KN295667v1","310681","310809","chr19","2125098","2125229","27","1814417"
"KN295667v1","315109","315256","chr1","10117747","10117896","7","9802638"
"KN295667v1","315548","315653","chr1","10117375","10117451","31","9801827"
"KN295667v1","348105","348238","chr1","10079410","10079543","6","9731305"
"KN295667v1","349593","349839","chr2B","111550381","111550623","57","111200788"
"KN295667v1","468480","468770","chr12","99745472","99745758","65","99276992"
"KN295667v1","500282","500449","chr1","9934661","9934806","36","9434379"
"KN295667v1","505238","505384","chr14","9791172","9791323","32","9285934"
"KN295667v1","505674","505808","chr4","44484687","44484820","26","43979013"
"KN295667v1","505819","505943","chr1","9930729","9930855","13","9424910"
"KN295667v1","509952","510243","chr11","64182240","64182535","50","63672288"
"KN295667v1","529331","529454","chr1","9907466","9907588","5","9378135"
"KN295667v1","533590","533845","chr1","9903780","9904036","19","9370190"
"KN295667v1","539157","539194","chr5","67989936","67989977","8","67450779"
"KN295667v1","545210","545347","chr16","4706226","4706365","25","4161016"
"KN295667v1","568153","568443","chr1","9863319","9863605","20","9295166"
"KN295667v1","596119","596254","chr1","9836250","9836385","9","9240131"
"KN295667v1","661685","661956","chr1","9770131","9770412","30","9108446"
"KN295667v1","670750","670828","chr19","6327992","6328067","20","5657242"
"KN295667v1","692182","692301","chr1","9745191","9745309","8","9053009"
"KN295667v1","727798","727905","chr1","110800786","110800888","21","110072988"
"KN295667v1","774635","774987","chr1","9669850","9670203","23","8895215"
"KN295667v1","940779","940989","chr1","9493609","9493824","20","8552830"
"KN295667v1","946586","946754","chr1","26893637","26893786","46","25947051"
"KN295667v1","947721","947776","chr7","7660603","7660650","16","6712882"
"KN295667v1","947989","948125","chr6","93246383","93246517","34","92298394"
"KN295667v1","973316","973355","chr6","163254227","163254265","7","162280911"
"KN295667v1","989714","990027","chr1","9435926","9436233","30","8446212"
"KN295667v1","995344","995471","chr1","9431952","9432081","9","8436608"
"KN295667v1","1029606","1029902","chr1","9399225","9399513","28","8369619"
"KN295667v1","1039384","1039709","chr12","6954259","6954590","78","5914875"
"KN295667v1","1058659","1058800","chr1","9366461","9366602","10","8307802"
"KN295667v1","1059104","1059263","chr1","9366002","9366154","20","8306898"
"KN295667v1","1059929","1060215","chr1","9365328","9365625","23","8305399"
"KN295667v1","1069989","1070119","chr1","9355091","9355218","12","8285102"
"KN295667v1","1070746","1070944","chr1","9354313","9354500","30","8283567"
"KN295667v1","1088886","1089191","chr19","46662297","46662602","59","45573411"
"KN295667v1","1095904","1096189","chr2B","124290797","124291071","60","123194893"
"KN295667v1","1166691","1166914","chr1","9267312","9267516","27","8100621"
"KN295667v1","1229102","1229383","chr4","39427507","39427796","70","38198405"
"KN295667v1","1245332","1245483","chr1","26744541","26744673","35","25499209"
"KN295667v1","1245726","1245927","chr10","25297975","25298153","47","24052249"
"KN295667v1","1267623","1267913","chr1","9173056","9173338","39","7905433"
"KN295667v1","1273005","1273298","chr1","9167827","9168119","21","7894822"
"KN295667v1","1290258","1290553","chr22","29952106","29952400","53","28661848"
"KN295667v1","1300408","1300508","chr14","74293735","74293833","21","72993327"
"KN295667v1","1306829","1307118","chr3","5358697","5358991","50","4051868"
"KN295667v1","1309432","1309727","chr1","9132655","9132934","38","7823223"
"KN295667v1","1329025","1329290","chr7","77503434","77503704","63","76174409"
"KN295667v1","1380060","1380319","chr1","9063804","9064063","15","7683744"
"KN295667v1","1447483","1447612","chr20","4973646","4973765","22","3526163"
"KN295667v1","1455085","1455212","chr1","8988950","8989076","5","7533865"
"KN295667v1","1601484","1601575","chr14","9820080","9820178","23","8218596"
"KN295667v1","1668717","1668996","chr1","8747549","8747832","15","7078832"
"KN295667v1","1677648","1677756","chr2B","123986016","123986127","29","122308368"
"KN295667v1","1677782","1677900","chr9","114310032","114310148","13","112632250"
"KN295667v1","1689464","1689744","chr1","8732872","8733153","21","7043408"
"KN295667v1","1731642","1731780","chr1","8687410","8687546","10","6955768"
"KN295667v1","1747318","1747626","chr1","8671846","8672138","39","6924528"
"KN295667v1","1750622","1750775","chr1","177000162","177000308","40","175249540"
"KN295667v1","1751079","1751212","chr1","33726659","33726789","16","31975580"
"KN295667v1","1758139","1758434","chr1","8663054","8663358","32","6904915"
"KN295667v1","1840214","1840344","chr1","140297302","140297431","16","138457088"
"KN295667v1","1847224","1847464","chr11","3712453","3712727","72","1865229"
"KN295667v1","1857934","1858252","chr8","142771932","142772241","72","140913998"
"KN295667v1","1861550","1861844","chr1","8567503","8567797","22","6705953"
"KN295667v1","1895291","1895427","chr1","8533466","8533609","16","6638175"
"KN295667v1","1924767","1924952","chr1","182564158","182564343","32","180639391"
"KN295667v1","1926969","1927137","chr6","53342354","53342526","39","51415385"
"KN295667v1","1965590","1965654","chr17","2408989","2409047","21","443399"
"KN295667v1","1965681","1965797","chr1","8472235","8472367","20","6506554"
"KN295667v1","1976958","1977045","chr1","8461188","8461276","8","6484230"
"KN295667v1","1977832","1977956","chr15","21476177","21476301","15","19498345"
"KN295667v1","2001602","2001844","chr1","8433448","8433706","32","6431846"
"KN295667v1","2004926","2005067","chr1","8430834","8430967","16","6425908"
"KN295667v1","2015628","2015930","chr1","8420817","8421112","24","6405189"
"KN295667v1","2074136","2074403","chr1","8362025","8362306","31","6287889"
"KN295667v1","2104917","2105268","chr3","5183469","5183804","96","3078552"
"KN295667v1","2113711","2113975","chr1","8321829","8322094","22","6208118"
"KN295667v1","2135456","2135572","chr1","8300061","8300174","19","6164605"
"KN295667v1","2174631","2174903","chr1","8257742","8258017","31","6083111"
"KN295667v1","2208021","2208305","chr1","8228743","8229040","32","6020722"
"KN295667v1","2244966","2245315","chr1","8192879","8193228","63","5947913"
"KN295667v1","2274846","2274941","chr1","93161906","93162006","27","90887060"
"KN295667v1","2296876","2297167","chr5","33058621","33058916","66","30761745"
"KN295667v1","2303540","2303669","chrX","123945016","123945140","35","121641476"
"KN295667v1","2363469","2363722","chr13","29924378","29924626","59","27560909"
"KN295671v1","6164","6465","chr17","4904189","4904488","15","4898025"
"KN295671v1","30329","30594","chr17","4876062","4876335","42","4845733"
"KN295671v1","38580","38876","chr12","60546582","60546876","71","60508002"
"KN295671v1","89775","89910","chr19","38379802","38379934","23","38290027"
"KN295671v1","95630","95926","chr17","4810237","4810541","32","4714607"
"KN295671v1","135940","136239","chr2B","102274735","102275012","44","102138795"
"KN295671v1","151676","151969","chr17","4752672","4752965","20","4600996"
"KN295671v1","181998","182300","chr17","4724733","4725030","29","4542735"
"KN295671v1","196815","196979","chr1","224704872","224705030","39","224508057"
"KN295671v1","197215","197226","chr1","22691056","22691066","12","22493841"
"KN295671v1","197524","197659","chr9","117166045","117166181","25","116968521"
"KN295671v1","206368","206651","chr17","6373955","6374231","68","6167587"
"KN295671v1","237925","238198","chr17","23883477","23883755","64","23645552"
"KN295671v1","264422","264489","chrX","19941574","19941642","13","19677152"
"KN295671v1","267455","267757","chr9","97129404","97129698","68","96861949"
"KN295671v1","307416","307696","chr17","4598765","4599070","44","4291349"
"KN295680v1","30689","30991","chr19","17748970","17749275","72","17718281"
"KN295683v1","24368","24410","chr2B","123323817","123323857","7","123299449"
"KN295685v1","202018","202310","chr4","29051720","29052012","18","28849702"
"KN295685v1","455866","456241","chr4","29305531","29305822","114","28849665"
"KN295685v1","575302","575596","chr13","10276898","10277192","66","9701596"
"KN295685v1","683162","683448","chr11","3918016","3918300","69","3234854"
"KN295685v1","746600","746913","chr4","29596507","29596786","50","28849907"
"KN295685v1","939305","939508","chr10","39585714","39585920","52","38646409"
"KN295685v1","989544","989667","chr21","24207928","24208051","20","23218384"
"KN295687v1","45868","46172","chr1","109641726","109642029","19","109595858"
"KN295692v1","105819","105937","chr7","39000705","39000825","11","38894886"
"KN295692v1","106240","106395","chr20","32925600","32925756","28","32819360"
"KN295692v1","298536","298664","chr3","115583347","115583475","23","115284811"
"KN295692v1","447190","447315","chr5","161182136","161182264","29","160734946"
"KN295692v1","485648","485946","chr7","39400267","39400572","36","38914619"
"KN295692v1","678345","678621","chr7","39601370","39601671","47","38923025"
"KN295692v1","690107","690233","chr18","33024316","33024440","19","32334209"
"KN295692v1","1100240","1100489","chr4","70973030","70973293","67","69872790"
"KN295692v1","1149843","1150146","chr7","40060091","40060418","44","38910248"
"KN295692v1","1156178","1156472","chr7","40066438","40066734","24","38910260"
"KN295692v1","1172185","1172488","chr7","40084305","40084610","27","38912120"
"KN295692v1","1180298","1180423","chr7","40092435","40092560","13","38912137"
"KN295692v1","1187854","1188061","chr7","40101106","40101313","9","38913252"
"KN295692v1","1192785","1193097","chr2B","101438363","101438666","64","100245578"
"KN295692v1","1270129","1270276","chr7","40182894","40183041","9","38912765"
"KN295692v1","1305096","1305411","chr7","40220071","40220346","58","38914975"
"KN295692v1","1344986","1345347","chr7","40261670","40262046","44","38916684"
"KN295692v1","1347324","1347628","chr7","36811105","36811408","58","35463781"
"KN295692v1","1386355","1386388","chr7","40402835","40402869","4","39016480"
"KN295692v1","1386653","1386750","chr7","40403139","40403236","11","39016486"
"KN295692v1","1423504","1423817","chr1","125529178","125529481","62","124105674"
"KN295692v1","1431001","1431124","chrX","467397","467523","18","963604"
"KN295692v1","1458915","1459201","chr4","93770319","93770606","57","92311404"
"KN295692v1","1487390","1487673","chr7","40513819","40514121","38","39026429"
"KN295692v1","1511614","1511913","chrX","22012616","22012912","62","20501002"
"KN295692v1","1521663","1521941","chr7","40548925","40549202","19","39027262"
"KN295692v1","1549054","1549376","chr7","40580128","40580440","44","39031074"
"KN295692v1","1587992","1588272","chr20","18241729","18242024","68","16653737"
"KN295692v1","1600545","1600811","chr12","95099233","95099505","84","93498688"
"KN295692v1","1637072","1637181","chr7","40667657","40667775","15","39030585"
"KN295692v1","1658246","1658552","chr9","104963416","104963708","82","103305170"
"KN295692v1","1673741","1674057","chrX","111100028","111100333","68","109426287"
"KN295692v1","1685880","1686178","chr7","40720475","40720771","20","39034595"
"KN295692v1","1689708","1689925","chr7","40725847","40726060","19","39036139"
"KN295692v1","1780660","1780968","chr7","40819515","40819818","22","39038855"
"KN295692v1","1867669","1867969","chr3","13127398","13127707","60","11259729"
"KN295692v1","1885105","1885400","chr7","74246353","74246650","57","72361248"
"KN295692v1","1918982","1919230","chr19","14846654","14846896","81","12927672"
"KN295692v1","2063381","2063502","chr14","36103934","36104044","34","34040553"
"KN295692v1","2140513","2140789","chr9","50084706","50084974","69","47944193"
"KN295692v1","2152103","2152346","chr7","41190466","41190712","13","39038363"
"KN295692v1","2281418","2281746","chr7","41299527","41299853","24","39018109"
"KN295692v1","2523310","2523473","chr19","3060144","3060311","32","536834"
"KN295692v1","2523762","2523899","chr10","101013053","101013188","25","98489291"
"KN295692v1","2749428","2749561","chr7","41789922","41790055","18","39040494"
"KN295692v1","2782510","2782785","chr7","41822912","41823190","17","39040402"
"KN295692v1","3011593","3011716","chr18","28062920","28063043","15","25051327"
"KN295692v1","3261455","3261767","chr7","42310567","42310885","35","39049112"
"KN295692v1","3519618","3519867","chr7","42542534","42542798","37","39022916"
"KN295692v1","3543424","3543547","chr1","62776420","62776542","34","59232996"
"KN295692v1","3543584","3543703","chr1","40876599","40876719","19","37333015"
"KN295692v1","3636834","3637133","chr1","224322462","224322759","65","220685628"
"KN295692v1","3983961","3984258","chr7","42987497","42987796","20","39003536"
"KN295692v1","4108368","4108436","chrX","49236587","49236655","9","45128219"
"KN295697v1","440413","440710","chr18","53811594","53811891","14","53371181"
"KN295697v1","532674","532960","chr10","90580669","90580954","63","90047995"
"KN295697v1","538979","539269","chr18","53920673","53920965","14","53381694"
"KN295697v1","569146","569430","chr18","53951622","53951910","30","53382476"
"KN295697v1","615793","616103","chr18","53995468","53995778","17","53379675"
"KN295700v1","361102","361389","chr12","98339675","98339955","59","97978573"
"KN295700v1","479344","479677","chr4","31884879","31885228","52","31405535"
"KN295701v1","77857","78159","chr6","65755351","65755642","67","65677494"
"KN295701v1","97165","97284","chr5","34296388","34296507","17","34199223"
"KN295701v1","522784","523088","chr6","65332289","65332586","30","64809505"
"KN295701v1","567830","567958","chr19","14994353","14994476","17","14426523"
"KN295701v1","568002","568149","chr20","34846734","34846887","48","34278732"
"KN295701v1","721000","721124","chr9","111813562","111813688","24","111092562"
"KN295701v1","742285","742416","chr6","65115009","65115140","10","64372724"
"KN295701v1","762039","762317","chr5","7822477","7822754","59","7060438"
"KN295705v1","155127","155395","chr2A","59368191","59368471","36","59213064"
"KN295705v1","168912","169192","chr2A","59382540","59382836","34","59213628"
"KN295705v1","208231","208472","chr2A","59419616","59419859","16","59211385"
"KN295705v1","210986","211257","chr2A","59422088","59422364","20","59211102"
"KN295705v1","215233","215526","chr2A","59425863","59426138","33","59210630"
"KN295705v1","237499","237872","chr5","21205374","21205680","129","20967875"
"KN295705v1","289103","289290","chr14","75694128","75694315","35","75405025"
"KN295705v1","337573","337705","chr12","32898640","32898773","23","32561067"
"KN295705v1","378185","378447","chr3","127383318","127383580","60","127005133"
"KN295705v1","479977","480168","chr16","48938071","48938263","50","48458094"
"KN295705v1","515885","516149","chr2A","59690835","59691118","40","59174950"
"KN295705v1","547521","547680","chr8","85124386","85124547","42","84576865"
"KN295705v1","553061","553333","chr1","134631614","134631891","66","134078553"
"KN295705v1","553566","553837","chr2A","59725696","59725987","38","59172130"
"KN295705v1","597383","597518","chr3","55792578","55792713","27","55195195"
"KN295705v1","602834","603128","chr2A","59772556","59772851","18","59169722"
"KN295705v1","635020","635301","chr2A","59810728","59811009","16","59175708"
"KN295705v1","686743","687039","chr3","146177325","146177626","62","145490582"
"KN295705v1","718975","719102","chr2A","59886091","59886218","7","59167116"
"KN295705v1","733237","733373","chr2A","59898497","59898633","11","59165260"
"KN295705v1","733684","733809","chr2A","59898945","59899079","20","59165261"
"KN295705v1","858336","858433","chr16","64109085","64109177","16","63250749"
"KN295705v1","867356","867453","chr2A","60042305","60042405","9","59174949"
"KN295705v1","876243","876499","chr10","1510973","1511212","69","634730"
"KN295705v1","901554","901687","chr1","1940892","1941022","19","1039338"
"KN295705v1","979105","979410","chr2A","60156936","60157233","20","59177831"
"KN295705v1","1030487","1030609","chr8","101010523","101010645","16","99980036"
"KN295705v1","1054049","1054180","chr1","28319213","28319345","25","27265164"
"KN295705v1","1077767","1077911","chr2A","60254431","60254574","11","59176664"
"KN295705v1","1078214","1078304","chr10","91701781","91701869","24","90623567"
"KN295705v1","1085541","1085679","chr7","2256744","2256879","27","1171203"
"KN295705v1","1124683","1124816","chr5","54598228","54598364","19","53473545"
"KN295705v1","1211589","1211870","chr2A","60364496","60364762","32","59152907"
"KN295705v1","1229658","1229960","chr2A","60381744","60382046","15","59152086"
"KN295705v1","1261871","1262071","chr2A","60409644","60409844","10","59147773"
"KN295705v1","1291983","1292264","chr2A","60438686","60438970","20","59146703"
"KN295705v1","1311309","1311590","chr2A","60458230","60458511","23","59146921"
"KN295705v1","1371941","1372054","chr17","15938039","15938150","22","14566098"
"KN295705v1","1465365","1465676","chr2A","60610321","60610602","48","59144956"
"KN295705v1","1630904","1631204","chr2A","60755057","60755359","25","59124153"
"KN295705v1","1714024","1714314","chr2A","60794261","60794552","17","59080237"
"KN295705v1","1774120","1774411","chr2A","60856853","60857143","37","59082733"
"KN295705v1","1880717","1881006","chr2A","60961836","60962133","32","59081119"
"KN295705v1","2145010","2145307","chr10","85457545","85457832","57","83312535"
"KN295705v1","2435918","2436001","chr5","55104428","55104510","18","52668510"
"KN295705v1","2436028","2436115","chr3","102848522","102848611","17","100412494"
"KN295705v1","2475129","2475433","chr2A","61598432","61598744","30","59123303"
"KN295705v1","2677048","2677287","chr2A","61799173","61799425","28","59122125"
"KN295706v1","21934","22054","chrX","151254064","151254184","4","151232130"
"KN295706v1","28382","28526","chr3","74124069","74124208","31","74095687"
"KN295706v1","28554","28770","chr9","48955370","48955561","70","48926816"
"KN295706v1","42486","42824","chrX","151232824","151233138","43","151190338"
"KN295706v1","103560","103874","chrX","151167146","151167458","16","151063586"
"KN295706v1","116446","116573","chrX","151154590","151154723","16","151038144"
"KN295706v1","134726","134985","chrX","151136554","151136803","19","151001828"
"KN295706v1","193109","193232","chrX","151078981","151079104","12","150885872"
"KN295706v1","201709","201999","chrX","151070104","151070396","18","150868395"
"KN295706v1","203594","203731","chr1","26618344","26618476","26","26414750"
"KN295706v1","236419","236653","chr16","19698223","19698450","50","19461804"
"KN295706v1","351502","351626","chr11","11472042","11472167","11","11120540"
"KN295706v1","386363","386547","chr1","26457448","26457621","47","26071085"
"KN295706v1","386586","386684","chr10","16661593","16661690","17","16275007"
"KN295706v1","401563","401871","chrX","150884273","150884568","39","150482710"
"KN295706v1","442222","442495","chrX","150844391","150844671","22","150402169"
"KN295706v1","446372","446654","chrX","150840226","150840508","12","150393854"
"KN295706v1","475097","475392","chrX","150809985","150810278","16","150334888"
"KN295708v1","227443","227722","chr1","20505629","20505899","23","20278186"
"KN295708v1","308060","308181","chr1","20583777","20583898","10","20275717"
"KN295708v1","308188","308530","chr1","20583905","20584246","31","20275717"
"KN295708v1","312381","312514","chr21","22741582","22741715","17","22429201"
"KN295708v1","378121","378402","chr16","38934579","38934858","50","38556458"
"KN295708v1","403803","404097","chr1","20681664","20681961","23","20277861"
"KN295708v1","428933","429211","chr1","20703451","20703713","41","20274518"
"KN295708v1","430035","430162","chr1","20704525","20704652","10","20274490"
"KN295708v1","469757","469922","chr1","20733302","20733467","11","20263545"
"KN295708v1","492717","493022","chr1","20759976","20760287","36","20267259"
"KN295708v1","506175","506445","chr7","72901310","72901573","68","72395135"
"KN295708v1","512285","512570","chr7","3844986","3845278","56","3332701"
"KN295708v1","549046","549349","chr3","41180572","41180873","61","40631526"
"KN295708v1","577812","578096","chrX","50262965","50263259","60","49685153"
"KN295708v1","592683","592977","chr11","75150212","75150513","70","74557529"
"KN295708v1","673492","673624","chr1","20925015","20925145","8","20251523"
"KN295708v1","693651","693956","chr1","20943788","20944089","22","20250137"
"KN295708v1","707313","707435","chr10","40749912","40750034","21","40042599"
"KN295708v1","709824","709954","chr1","20956510","20956658","25","20246686"
"KN295708v1","716618","716920","chr1","20966841","20967121","43","20250223"
"KN295708v1","719085","719212","chr1","20968961","20969085","11","20249876"
"KN295708v1","719506","719687","chr1","20969382","20969561","10","20249876"
"KN295708v1","727326","727452","chr1","20979411","20979537","4","20252085"
"KN295708v1","739584","739703","chr1","20994344","20994460","16","20254760"
"KN295708v1","770049","770377","chr19","49012001","49012330","68","48241952"
"KN295708v1","776638","776740","chr11","118689135","118689240","17","117912497"
"KN295708v1","777748","777982","chr1","21042659","21042916","39","20264911"
"KN295708v1","803705","803836","chr1","21063594","21063728","13","20259889"
"KN295708v1","827391","827664","chr5","53893819","53894089","84","53066428"
"KN295708v1","856409","856684","chr1","21132362","21132636","10","20275953"
"KN295708v1","856725","857025","chr1","21132677","21132964","26","20275952"
"KN295708v1","863167","863473","chr1","21139407","21139697","34","20276240"
"KN295708v1","944742","945052","chr1","21231616","21231928","25","20286874"
"KN295708v1","1017896","1018126","chr1","21314480","21314708","20","20296584"
"KN295708v1","1020765","1020954","chr12","98723892","98724071","39","97703127"
"KN295708v1","1054987","1055072","chr12","95795950","95796039","25","94740963"
"KN295708v1","1055509","1055720","chr9","15089435","15089642","43","14033926"
"KN295708v1","1085976","1086270","chr9","79869510","79869808","49","78783534"
"KN295708v1","1099228","1099534","chr1","21483349","21483664","31","20384121"
"KN295708v1","1110112","1110219","chr14","13849500","13849608","18","12739388"
"KN295708v1","1114637","1114934","chr1","21497179","21497473","20","20382542"
"KN295708v1","1121904","1122190","chr1","21504700","21504986","20","20382796"
"KN295708v1","1211549","1211847","chr1","21593675","21593974","20","20382126"
"KN295708v1","1277325","1277549","chr1","21659105","21659307","43","20381780"
"KN295708v1","1297193","1297478","chr1","21677945","21678223","23","20380752"
"KN295708v1","1353705","1354007","chr7","36156236","36156533","73","34802531"
"KN295708v1","1397380","1397555","chr20","46081847","46082024","44","44684467"
"KN295708v1","1419334","1419616","chr1","21792584","21792867","20","20373250"
"KN295708v1","1419617","1419738","chr1","21792868","21793003","21","20373251"
"KN295708v1","1512208","1512492","chr1","21883365","21883656","22","20371157"
"KN295708v1","1625487","1625617","chr1","22027497","22027627","7","20402010"
"KN295708v1","1628001","1628295","chr11","113761356","113761658","65","112133355"
"KN295708v1","1635439","1635621","chr19","45920975","45921153","41","44285536"
"KN295708v1","1729426","1729740","chr1","22130002","22130302","35","20400576"
"KN295708v1","1762420","1762800","chr1","22165291","22165688","56","20402871"
"KN295708v1","1859196","1859319","chr1","22272799","22272924","7","20413603"
"KN295708v1","1944060","1944370","chr1","22351346","22351656","7","20407286"
"KN295708v1","1981263","1981567","chr17","24622263","24622562","61","22641000"
"KN295708v1","2038125","2038428","chr1","22448413","22448724","39","20410288"
"KN295708v1","2100347","2100644","chr1","22512243","22512547","31","20411896"
"KN295708v1","2240733","2241039","chr6","32169761","32170066","58","29929028"
"KN295708v1","2320024","2320354","chr1","22738864","22739203","35","20418840"
"KN295708v1","2396188","2396498","chr7","148122134","148122436","53","145725946"
"KN295708v1","2426851","2426963","chr2B","63609639","63609750","19","61182788"
"KN295708v1","2444475","2444726","chr1","22857626","22857877","41","20413151"
"KN295708v1","2564184","2564269","chr1","22976119","22976204","5","20411935"
"KN295708v1","2635137","2635182","chr3","162535533","162535582","14","159900396"
"KN295708v1","2679989","2680266","chr10","139345962","139346228","71","136665973"
"KN295708v1","2694960","2695254","chr1","23119353","23119652","22","20424393"
"KN295708v1","2696840","2697149","chr1","23121201","23121524","30","20424361"
"KN295708v1","2743244","2743533","chr1","23167421","23167716","23","20424177"
"KN295708v1","2748411","2748715","chr1","23173648","23173941","33","20425237"
"KN295708v1","2775460","2775720","chr1","23200770","23201048","34","20425310"
"KN295708v1","2775964","2776239","chr6","161493897","161494172","57","158717933"
"KN295708v1","2781938","2782245","chr19","5056138","5056453","70","2274200"
"KN295708v1","2796509","2796650","chr6","37917367","37917506","21","35120858"
"KN295708v1","2844686","2844855","chr7","2562465","2562621","40","282221"
"KN295708v1","2844882","2844997","chr20","33532613","33532729","15","30687731"
"KN295708v1","2848068","2848378","chr1","23273460","23273793","39","20425392"
"KN295708v1","2850877","2850997","chr1","23277509","23277626","18","20426632"
"KN295708v1","2867246","2867382","chr1","23293231","23293355","19","20425985"
"KN295713v1","59832","60110","chr8","92194048","92194336","32","92134216"
"KN295713v1","383244","383363","chr8","91884999","91885118","10","91501755"
"KN295713v1","383391","383556","chr8","91884774","91884965","30","91501383"
"KN295717v1","178780","179041","chr5","46909689","46909953","63","46730909"
"KN295717v1","365969","366283","chr2B","127758937","127759250","17","127392968"
"KN295717v1","404545","404724","chr4","151766078","151766252","39","151361533"
"KN295717v1","415274","415397","chr8","43428984","43429110","13","43013710"
"KN295717v1","513345","513606","chr2B","127902095","127902359","22","127388750"
"KN295717v1","617091","617382","chr2B","128004429","128004721","26","127387338"
"KN295717v1","729859","730153","chrX","54145099","54145392","59","53415240"
"KN295717v1","765661","765955","chr2B","128160769","128161063","17","127395108"
"KN295717v1","1081397","1081688","chr4","39427507","39427796","54","38346110"
"KN295717v1","1134779","1134910","chr8","28740132","28740264","18","27605353"
"KN295717v1","1373070","1373407","chr2B","128778356","128778692","76","127405286"
"KN295717v1","1403433","1403735","chr2B","128809106","128809411","53","127405673"
"KN295717v1","1425066","1425374","chr2B","128829935","128830233","36","127404869"
"KN295717v1","1454684","1454961","chr5","6494094","6494371","59","5039410"
"KN295717v1","1525697","1525999","chr8","51086094","51086396","63","49560397"
"KN295717v1","1526000","1526133","chr5","23090258","23090392","28","21564258"
"KN295717v1","1541031","1541318","chr1","52648985","52649268","77","51107954"
"KN295717v1","1598568","1598872","chr2B","129000221","129000530","43","127401653"
"KN295717v1","1697673","1697978","chr12","125163839","125164147","64","123466166"
"KN295717v1","1849009","1849322","chr2B","129253960","129254273","28","127404951"
"KN295717v1","1914464","1914572","chr16","20842872","20842980","35","18928408"
"KN295717v1","2018000","2018273","chr2B","129425485","129425757","23","127407485"
"KN295717v1","2064818","2065084","chr2B","129469719","129470019","56","127404901"
"KN295717v1","2085018","2085292","chr1","38289033","38289276","82","36204015"
"KN295717v1","2113337","2113494","chr14","5908208","5908371","35","3794871"
"KN295717v1","2161266","2161566","chr2B","129567897","129568181","35","127406631"
"KN295717v1","2184395","2184711","chr1","205577029","205577337","59","203392634"
"KN295717v1","2191551","2191861","chr2B","129622386","129622682","36","127430835"
"KN295717v1","2363641","2363848","chr2B","129814500","129814707","8","127450859"
"KN295719v1","21360","21483","chr5","58989536","58989666","12","58968176"
"KN295719v1","21495","21742","chr5","58989671","58989931","23","58968176"
"KN295719v1","85346","85593","chr19","9997548","9997808","67","9912202"
"KN295719v1","99400","99683","chr5","59067329","59067640","41","58967929"
"KN295719v1","158829","159128","chr5","59140944","59141256","47","58982115"
"KN295719v1","169486","169790","chr5","59151319","59151615","29","58981833"
"KN295719v1","181362","181648","chr5","59164457","59164765","42","58983095"
"KN295719v1","215341","215564","chr9","34452728","34452954","54","34237387"
"KN295721v1","451","752","chrX","106398079","106398389","69","106397628"
"KN295721v1","491285","491402","chr17","44992908","44993019","11","44501623"
"KN295721v1","676386","676679","chr17","44830231","44830524","32","44153845"
"KN295722v1","84360","84474","chr3","72608821","72608933","31","72524461"
"KN295722v1","158593","158895","chr9","47825359","47825657","27","47666766"
"KN295722v1","1280897","1281203","chr9","48958504","48958814","24","47677607"
"KN295722v1","1284543","1284846","chr19","9978934","9979233","66","8694391"
"KN295722v1","1417786","1418006","chr15","61014097","61014314","64","59596311"
"KN295722v1","1501152","1501419","chr10","125317446","125317720","56","123816294"
"KN295722v1","1509565","1509858","chr1","41377479","41377769","61","39867914"
"KN295722v1","1555410","1555711","chr9","49238323","49238610","41","47682913"
"KN295722v1","1590097","1590367","chr9","49277187","49277472","35","47687090"
"KN295722v1","1648051","1648205","chr9","50568429","50568593","46","48920378"
"KN295722v1","1674238","1674510","chr9","49362443","49362722","24","47688205"
"KN295722v1","1700897","1701202","chr9","49396081","49396384","31","47695184"
"KN295722v1","1702533","1702619","chr9","49400280","49400366","4","47697747"
"KN295722v1","1920653","1920720","chr9","49613323","49613391","5","47692670"
"KN295722v1","1942727","1943075","chr9","49637804","49638107","58","47695077"
"KN295722v1","1984251","1984408","chr10","15309001","15309161","40","13324750"
"KN295722v1","1984438","1984556","chr12","53180786","53180903","19","51196348"
"KN295722v1","2015326","2015614","chr2B","28596857","28597135","47","26581531"
"KN295722v1","2078005","2078261","chr2B","123551406","123551663","54","121473401"
"KN295722v1","2141186","2141512","chr9","49843913","49844222","33","47702727"
"KN295722v1","2147786","2148092","chr9","49849629","49849936","22","47701843"
"KN295722v1","2278502","2278808","chr11","43398288","43398565","53","41119786"
"KN295722v1","2426617","2426874","chr9","50084706","50084974","29","47658089"
"KN295722v1","2592244","2592543","chr10","87550095","87550383","39","84957851"
"KN295722v1","2642538","2642849","chr10","87598698","87598999","27","84956160"
"KN295722v1","2644545","2644852","chr10","87600702","87601003","35","84956157"
"KN295722v1","2717980","2718297","chr10","87675052","87675355","30","84957072"
"KN295722v1","2799070","2799370","chr10","87758574","87758857","45","84959504"
"KN295722v1","2805793","2806020","chr20","35537525","35537749","56","32731732"
"KN295722v1","2889977","2890156","chr1","8329889","8330059","43","5439912"
"KN295725v1","470798","471031","chr1","225929479","225929699","59","225458681"
"KN295725v1","710410","710700","chr9","60683158","60683427","39","59972748"
"KN295725v1","1033116","1033383","chr7","107023688","107023964","61","105990572"
"KN295725v1","1050810","1051089","chr9","60326351","60326639","32","59275541"
"KN295725v1","1189497","1189802","chr9","60185935","60186258","34","58996438"
"KN295725v1","1253404","1253585","chr22","1464600","1464774","42","211196"
"KN295725v1","1253664","1253786","chr1","23553421","23553542","31","22299757"
"KN295725v1","1298100","1298390","chr3","5358697","5358991","51","4060597"
"KN295725v1","1416982","1417141","chr9","59945770","59945929","6","58528788"
"KN295725v1","1521959","1522264","chr9","59833475","59833769","33","58311516"
"KN295725v1","1525689","1525994","chr9","59829752","59830056","19","58304063"
"KN295725v1","1697260","1697553","chr9","59673021","59673318","25","57975761"
"KN295725v1","2125181","2125488","chrX","12838967","12839276","68","10713786"
"KN295725v1","2174210","2174490","chr6","21544270","21544560","76","19370060"
"KN295729v1","92746","93051","chr14","66168804","66169101","32","66076058"
"KN295729v1","893543","893831","chr14","65339083","65339372","24","64445540"
"KN295729v1","1115668","1115866","chrX","41206873","41207084","58","40091205"
"KN295729v1","1289095","1289378","chr14","64922454","64922770","52","63633359"
"KN295729v1","1639414","1639574","chr3","199878997","199879149","26","198239583"
"KN295731v1","11446","11727","chrX","3302757","3303054","29","3291311"
"KN295731v1","25835","26052","chrX","3319606","3319815","20","3293771"
"KN295731v1","47704","47950","chrX","3342577","3342823","17","3294873"
"KN295732v1","92903","93185","chr6","158400174","158400456","20","158307271"
"KN295732v1","182187","182484","chr18","11804496","11804796","62","11622309"
"KN295734v1","12556","12687","chr1","213823214","213823340","29","213810658"
"KN295735v1","48493","48678","chr3","172976232","172976417","42","172927739"
"KN295735v1","56058","56195","chr3","46633110","46633241","26","46577052"
"KN295735v1","78496","78540","chr5","67989936","67989977","7","67911440"
"KN295735v1","78714","78773","chr7","76585518","76585579","10","76506804"
"KN295735v1","248391","248614","chr12","96647838","96648087","73","96399447"
"KN295735v1","248621","248945","chrX","456970","457276","59","208349"
"KN295735v1","287188","287452","chrX","510093","510352","78","222905"
"KN295735v1","287479","287597","chr5","12904956","12905077","34","12617477"
"KN295735v1","287612","287733","chr9","34191895","34192023","32","33904283"
"KN295735v1","287738","287950","chr5","55417201","55417412","51","55129463"
"KN295735v1","319162","319485","chrX","553726","554021","67","234564"
"KN295735v1","339842","339972","chrX","574282","574399","24","234440"
"KN295735v1","367268","367529","chr17","22864048","22864304","60","22496780"
"KN295735v1","367533","367798","chr19","4938520","4938793","57","4570987"
"KN295735v1","367799","367848","chr19","49700496","49700545","7","49332697"
"KN295735v1","367849","368059","chr16","81244297","81244507","45","80876448"
"KN295735v1","368072","368185","chr7","36244624","36244739","28","35876552"
"KN295735v1","372002","372107","chr8","25536641","25536748","28","25164639"
"KN295735v1","379176","379373","chrX","613371","613576","43","234195"
"KN295735v1","424518","424759","chr3","121133296","121133527","63","120708778"
"KN295735v1","433015","433069","chr19","13195366","13195415","11","12762351"
"KN295735v1","471802","471937","chr19","39732817","39732948","25","39261015"
"KN295735v1","480868","481136","chrX","727258","727537","60","246390"
"KN295735v1","495543","495612","chrX","12661653","12661722","8","12166110"
"KN295735v1","528361","528583","chr16","16141237","16141444","65","15612876"
"KN295735v1","590367","590717","chr1","146275992","146276287","101","145685625"
"KN295735v1","649081","649244","chr19","55730844","55731009","39","55081763"
"KN295735v1","738586","738743","chr3","129472360","129472509","30","128733774"
"KN295735v1","810887","811007","chr10","31800738","31800858","23","30989851"
"KN295735v1","837102","837288","chrX","1112283","1112469","30","275181"
"KN295735v1","919270","919542","chr2A","59355785","59356044","79","58436515"
"KN295735v1","936904","937203","chrX","1233657","1233952","35","296753"
"KN295735v1","955767","956044","chrX","1259263","1259566","54","303496"
"KN295735v1","980753","980879","chr17","1604687","1604816","27","623934"
"KN295735v1","1059968","1060086","chrX","1379714","1379836","20","319746"
"KN295735v1","1079055","1079333","chr2A","4469045","4469322","68","3389990"
"KN295735v1","1103577","1103774","chr7","152282471","152282664","41","151178894"
"KN295735v1","1123842","1123932","chr1","153083603","153083694","13","151959761"
"KN295735v1","1139495","1139839","chr5","54192105","54192454","70","53052610"
"KN295735v1","1139862","1140196","chr19","10508855","10509186","67","9368993"
"KN295735v1","1200792","1201047","chr11","69698017","69698267","64","68497225"
"KN295735v1","1288446","1288752","chr12","38327283","38327592","58","37038837"
"KN295735v1","1396301","1396594","chr17","40204424","40204711","31","38808123"
"KN295735v1","1435077","1435143","chrX","12661653","12661722","12","11226576"
"KN295735v1","1444758","1444873","chr7","151236731","151236846","27","149791973"
"KN295735v1","1483664","1483749","chr16","80804691","80804769","24","79321027"
"KN295735v1","1555654","1555757","chr6","75426349","75426453","23","73870695"
"KN295735v1","1556054","1556208","chr3","59149972","59150119","52","57593918"
"KN295735v1","1602144","1602444","chrX","1918340","1918641","23","316196"
"KN295735v1","1610502","1610632","chrX","1925821","1925948","9","315319"
"KN295735v1","1610733","1610941","chrX","118339297","118339514","45","116728564"
"KN295735v1","1662078","1662199","chrX","1979802","1979924","21","317724"
"KN295735v1","1671047","1671336","chrX","1986596","1986879","30","315549"
"KN295735v1","1713566","1713643","chr9","54658788","54658871","15","52945222"
"KN295735v1","1749823","1750077","chrX","2068897","2069109","57","319074"
"KN295735v1","1760000","1760287","chrX","2077097","2077351","53","317097"
"KN295735v1","1788186","1788503","chrX","2100839","2101136","38","312653"
"KN295735v1","1820494","1820614","chr19","41441716","41441834","17","39621222"
"KN295735v1","1855942","1856241","chr7","148122134","148122436","59","146266192"
"KN295735v1","1881405","1881703","chr8","73604840","73605127","59","71723435"
"KN295736v1","60429","60727","chr8","140633234","140633525","25","140572805"
"KN295736v1","83180","83478","chr8","140616597","140616910","42","140533417"
"KN295736v1","403225","403511","chr8","140269580","140269866","39","139866355"
"KN295736v1","453326","453575","chr6","33542785","33543022","61","33089459"
"KN295736v1","525863","526140","chr17","14564899","14565175","70","14039036"
"KN295736v1","556925","557198","chr7","78859724","78859999","55","78302799"
"KN295736v1","980330","980631","chr8","139680001","139680299","55","138699671"
"KN295736v1","1272693","1272837","chr8","9732985","9733123","29","8460292"
"KN295736v1","1273136","1273291","chr12","95914792","95914944","38","94641656"
"KN295736v1","1273341","1273373","chr1","223864877","223864907","5","222591536"
"KN295736v1","1573382","1573547","chr18","549978","550131","50","1023404"
"KN295736v1","3099730","3100028","chr8","137474180","137474481","23","134374450"
"KN295736v1","3332617","3332687","chr2A","64825343","64825412","12","61492726"
"KN295736v1","3797582","3797860","chr8","136742203","136742513","48","132944621"
"KN295742v1","2631","2935","chr7","23688265","23688570","23","23685634"
"KN295744v1","22832","23145","chrX","54309261","54309560","64","54286429"
"KN295744v1","24217","24517","chrX","54307823","54308098","48","54283606"
"KN295744v1","96783","97016","chr7","131056604","131056836","56","130959821"
"KN295744v1","144397","144546","chrX","54156324","54156475","9","54011927"
"KN295744v1","155739","156033","chrX","54145099","54145392","13","53989360"
"KN295744v1","187997","188245","chrX","54113161","54113403","20","53925164"
"KN295744v1","254157","254284","chr8","99156429","99156555","17","98902272"
"KN295744v1","283546","283823","chr13","96292803","96293084","49","96009257"
"KN295744v1","307448","307646","chr12","59603779","59603974","47","59296331"
"KN295744v1","367389","367697","chrX","53917727","53918032","16","53550338"
"KN295744v1","371648","371767","chrX","53914104","53914224","7","53542456"
"KN295744v1","383995","384194","chrX","53901644","53901844","15","53517649"
"KN295744v1","384761","385069","chr1","94184963","94185274","54","93800202"
"KN295744v1","396771","397055","chrX","53889257","53889565","49","53492486"
"KN295744v1","462676","462961","chrX","53825086","53825371","12","53362410"
"KN295744v1","476309","476615","chrX","53811718","53812021","23","53335409"
"KN295744v1","529637","529763","chrX","53760914","53761044","11","53231277"
"KN295744v1","533900","534217","chr17","17580815","17581115","65","17046915"
"KN295744v1","583639","583941","chrX","53706617","53706917","22","53122978"
"KN295744v1","608892","609027","chr5","130933969","130934099","30","130325077"
"KN295744v1","645185","645449","chrX","53637563","53637833","15","52992378"
"KN295744v1","684905","685197","chrX","53599231","53599520","20","52914326"
"KN295744v1","694423","694721","chrX","53589834","53590139","22","52895411"
"KN295746v1","530726","530929","chr1","152774005","152774196","51","152243279"
"KN295747v1","324822","325131","chr15","26520920","26521218","80","26196098"
"KN295748v1","112775","113066","chr1","24267104","24267389","67","24154329"
"KN295748v1","211840","211964","chrX","107674607","107674737","13","107462767"
"KN295748v1","219401","219712","chrX","107682125","107682438","18","107462724"
"KN295748v1","346374","346687","chrX","107809437","107809741","32","107463063"
"KN295749v1","4859","4994","chr1","183729248","183729380","27","183724389"
"KN295753v1","106871","107005","chrX","12310163","12310297","6","12203292"
"KN295755v1","33864","34155","chr7","4855104","4855398","24","4821240"
"KN295755v1","35167","35424","chr1","185355695","185355935","72","185320528"
"KN295755v1","36283","36465","chr1","23528455","23528629","46","23492172"
"KN295755v1","51646","51958","chr7","4840580","4840874","35","4788934"
"KN295755v1","69716","69989","chr7","4819916","4820231","69","4750200"
"KN295755v1","71091","71213","chr7","4818986","4819108","9","4747895"
"KN295755v1","74428","74707","chr7","4815365","4815644","24","4740937"
"KN295755v1","76102","76369","chr15","1040239","1040505","58","964137"
"KN295758v1","65360","65636","chr4","178575396","178575672","26","178510036"
"KN295758v1","121030","121172","chr4","178504062","178504195","14","178383032"
"KN295758v1","488586","488898","chr4","178121647","178121961","24","177633061"
"KN295758v1","696033","696348","chr4","177933132","177933451","21","177237099"
"KN295758v1","739527","739820","chr4","177883336","177883626","16","177143809"
"KN295758v1","796779","796911","chr4","177822271","177822408","11","177025492"
"KN295758v1","801688","801945","chr20","31253199","31253462","65","30451511"
"KN295758v1","813516","813650","chr4","177799745","177799879","7","176986229"
"KN295758v1","816505","816630","chr4","177797200","177797325","4","176980695"
"KN295758v1","861541","861667","chr5","8293750","8293872","19","7432209"
"KN295758v1","874054","874180","chrX","103002094","103002221","21","102128040"
"KN295758v1","889394","889641","chr4","177742152","177742406","22","176852758"
"KN295758v1","891337","891655","chr12","125163839","125164147","79","124272502"
"KN295758v1","894677","894967","chr4","177736674","177736964","20","176841997"
"KN295758v1","978702","978820","chr17","58201248","58201370","24","57222546"
"KN295758v1","983916","984178","chr4","177648532","177648798","24","176664616"
"KN295758v1","1001773","1002062","chr4","177631642","177631935","25","176629869"
"KN295758v1","1043797","1044090","chr1","16809188","16809496","72","15765391"
"KN295758v1","1098116","1098423","chr4","177549546","177549827","45","176451430"
"KN295758v1","1354541","1354846","chrX","53589834","53590139","56","52235293"
"KN295758v1","1354982","1355277","chr10","53611496","53611792","59","52256514"
"KN295758v1","1451317","1451623","chr4","177196718","177197015","37","175745401"
"KN295761v1","21048","21349","chr2B","109085854","109086139","88","109064806"
"KN295761v1","108799","108943","chr4","159146117","159146262","19","159037318"
"KN295767v1","81386","81508","chr7","102456356","102456478","10","102374970"
"KN295767v1","150237","150568","chrX","48143355","48143682","90","47993118"
"KN295769v1","40416","40717","chr11","6677820","6678123","24","6637404"
"KN295772v1","1682","1775","chr17","69738635","69738722","26","69736953"
"KN295774v1","59950","60256","chr2A","45808642","45808943","62","45748692"
"KN295774v1","145674","145847","chr15","69132105","69132283","39","68986431"
"KN295774v1","201928","202062","chr7","78854300","78854432","24","78652372"
"KN295782v1","27542","27674","chr2A","27620417","27620538","19","27592875"
"KN295791v1","177605","177740","chr8","129994789","129994913","13","129817184"
"KN295801v1","418621","418896","chr8","74039942","74040240","63","73621321"
"KN295801v1","435957","436250","chr11","123142979","123143277","65","122707022"
"KN295801v1","468354","468517","chr3","199878997","199879149","31","199410643"
"KN295801v1","580488","580614","chr11","11472042","11472167","6","10891554"
"KN295801v1","691797","692078","chr11","11559945","11560214","54","10868148"
"KN295802v1","198474","198782","chr17","71342620","71342928","19","71144146"
"KN295803v1","148369","148659","chr1","19513839","19514136","59","19365470"
"KN295803v1","180872","181147","chr10","120423186","120423482","36","120242314"
"KN295803v1","468717","469012","chr10","120134967","120135264","46","119666250"
"KN295803v1","1118768","1119082","chr16","28399033","28399343","67","27280265"
"KN295803v1","1154798","1155014","chr3","54265288","54265496","58","53110490"
"KN295803v1","1178651","1178854","chr3","125747690","125747901","49","124569039"
"KN295803v1","1209068","1209346","chr10","119344427","119344704","7","118135359"
"KN295810v1","309189","309219","chr8","98658444","98658474","8","98349255"
"KN295810v1","309274","309543","chr3","156741397","156741670","65","156432123"
"KN295810v1","496749","496844","chr7","125185827","125185934","17","124689078"
"KN295810v1","668050","668357","chr7","125014288","125014589","28","124346238"
"KN295810v1","895061","895339","chr7","40061538","40061818","74","39166477"
"KN295814v1","10108","10421","chr1","118984423","118984731","55","118974315"
"KN295814v1","18115","18179","chr8","141788696","141788759","12","141770581"
"KN295814v1","86430","86492","chr22","24048484","24048541","9","23962054"
"KN295814v1","192071","192210","chr1","134065922","134066061","8","133873851"
"KN295814v1","193411","193703","chr6","33608729","33609015","56","33415318"
"KN295814v1","242445","242570","chr12","12205372","12205492","22","11962927"
"KN295814v1","248008","248203","chr18","59997080","59997261","58","59749072"
"KN295814v1","257492","257781","chr1","134003849","134004141","18","133746357"
"KN295814v1","260043","260351","chr19","5577020","5577323","67","5316977"
"KN295814v1","434229","434431","chrX","106890075","106890269","39","106455846"
"KN295814v1","564240","564537","chr1","133696569","133696870","28","133132329"
"KN295814v1","622461","622751","chr14","61069586","61069872","56","60447125"
"KN295814v1","642864","642996","chr15","37997907","37998038","20","37355043"
"KN295814v1","649513","649629","chr5","14808528","14808651","24","14159015"
"KN295814v1","713670","713977","chr1","133552728","133553037","22","132839058"
"KN295814v1","771369","771645","chr16","20229602","20229879","51","19458233"
"KN295814v1","773850","774040","chr19","7355213","7355408","39","6581363"
"KN295814v1","816778","816900","chr2A","41577631","41577754","22","40760853"
"KN295814v1","866148","866206","chr20","2612492","2612550","6","1746344"
"KN295814v1","888802","888928","chr6","140289812","140289936","16","139401010"
"KN295814v1","892677","892820","chr8","128806651","128806791","22","127913974"
"KN295814v1","905740","906047","chr1","133362282","133362589","27","132456542"
"KN295814v1","921903","922204","chr1","133347830","133348114","46","132425927"
"KN295814v1","940071","940343","chr3","12799805","12800071","65","11859734"
"KN295814v1","953866","954157","chr1","133316551","133316843","28","132362685"
"KN295814v1","985667","985936","chr1","133288612","133288885","18","132302945"
"KN295814v1","989550","989681","chr8","75184071","75184194","20","74194521"
"KN295814v1","989837","989958","chr1","133284934","133285059","12","132295097"
"KN295814v1","998143","998424","chr19","13197438","13197722","62","12199295"
"KN295814v1","1035669","1035847","chr1","133241140","133241313","18","132205471"
"KN295814v1","1046688","1046813","chr7","77693023","77693146","20","76646335"
"KN295814v1","1047022","1047311","chr1","133229659","133229950","21","132182637"
"KN295814v1","1049142","1049414","chr1","133227567","133227856","42","132178425"
"KN295814v1","1071089","1071380","chr7","79495897","79496189","47","78424808"
"KN295814v1","1112130","1112255","chr3","102986868","102986992","17","101874738"
"KN295814v1","1143137","1143322","chr1","133141769","133141959","14","131998632"
"KN295814v1","1145709","1145849","chr1","133139621","133139765","8","131993912"
"KN295814v1","1146130","1146306","chr3","129161410","129161590","52","128015280"
"KN295814v1","1162598","1162915","chr1","133115791","133116085","53","131953193"
"KN295814v1","1193384","1193663","chr1","133087721","133088000","10","131894337"
"KN295814v1","1197051","1197348","chr6","141859339","141859647","55","140662288"
"KN295814v1","1198173","1198467","chr3","142799893","142800197","57","141601720"
"KN295814v1","1300061","1300362","chr1","132975386","132975698","35","131675325"
"KN295814v1","1302188","1302469","chr8","46079933","46080222","62","44777745"
"KN295814v1","1322476","1322730","chr1","182413502","182413765","65","181091026"
"KN295814v1","1340690","1340969","chr4","1827947","1828222","69","487257"
"KN295814v1","1381531","1381655","chr5","45769672","45769794","23","44388141"
"KN295814v1","1383920","1384192","chr1","132897775","132898064","56","131513855"
"KN295814v1","1420162","1420482","chr9","120158250","120158578","70","118738088"
"KN295814v1","1475279","1475571","chr19","15408880","15409161","58","13933601"
"KN295814v1","1486044","1486165","chr4","198301394","198301520","15","196815350"
"KN295814v1","1510482","1510603","chr1","132772832","132772953","6","131262350"
"KN295814v1","1528556","1528859","chr1","132754643","132754946","21","131226087"
"KN295814v1","1573539","1573668","chr1","132709963","132710099","18","131136424"
"KN295814v1","1588924","1589042","chr12","122729585","122729709","17","121140661"
"KN295814v1","1618904","1619032","chr1","132664636","132664764","7","131045732"
"KN295814v1","1638840","1639131","chr1","132642947","132643273","62","131004107"
"KN295820v1","9771","10074","chr15","50068495","50068798","23","50058724"
"KN295820v1","96950","97233","chr15","50152799","50153082","19","50055849"
"KN295820v1","402811","403094","chr15","50448948","50449255","44","50046137"
"KN295820v1","417065","417372","chr12","128650527","128650829","63","128233462"
"KN295820v1","431003","431256","chr6","113201846","113202102","56","112770843"
"KN295820v1","475193","475468","chr2A","65414599","65414873","53","64939406"
"KN295820v1","766765","767061","chr15","50814692","50814980","21","50047927"
"KN295820v1","777968","778265","chr15","50827490","50827787","24","50049522"
"KN295820v1","828960","829268","chr7","148122134","148122436","61","147293174"
"KN295820v1","881349","881466","chr15","50929400","50929517","3","50048051"
"KN295820v1","921845","922107","chr15","50968358","50968608","30","50046513"
"KN295820v1","930435","930643","chr15","50976200","50976410","13","50045765"
"KN295820v1","949826","950080","chr1","215308654","215308915","61","214358828"
"KN295820v1","1064018","1064143","chr2A","75336053","75336177","21","74272035"
"KN295820v1","1076269","1076430","chr7","5391682","5391841","32","4315413"
"KN295820v1","1076734","1076877","chr7","139988771","139988914","30","138912037"
"KN295821v1","6181","6441","chr1","7892045","7892303","51","7885864"
"KN295825v1","676233","676522","chr3","139069111","139069394","26","138392878"
"KN295825v1","686679","686822","chr3","139057114","139057257","10","138370435"
"KN295825v1","771067","771383","chr3","138977014","138977298","50","138205947"
"KN295825v1","781572","781868","chr3","138969360","138969658","26","138187788"
"KN295825v1","787255","787515","chr3","138960257","138960526","22","138173002"
"KN295825v1","799025","799211","chr14","75694128","75694315","38","74895103"
"KN295825v1","840893","841101","chr1","191871487","191871688","37","191030594"
"KN295825v1","862019","862281","chr3","138885509","138885778","30","138023490"
"KN295825v1","913578","913815","chr1","115869323","115869549","74","114955745"
"KN295825v1","919224","919537","chr3","138831618","138831924","27","137912394"
"KN295825v1","927438","927745","chr2A","73665192","73665502","65","72737754"
"KN295825v1","982490","982628","chr1","194301362","194301499","33","193318872"
"KN295825v1","982660","982775","chr1","40876599","40876719","20","39893939"
"KN295825v1","994999","995074","chr3","138751097","138751170","7","137756098"
"KN295825v1","995380","995517","chr3","26339940","26340072","26","25344560"
"KN295825v1","1010978","1011158","chr4","2873688","2873868","38","1862710"
"KN295825v1","1114889","1115008","chr3","138636461","138636580","6","137521572"
"KN295825v1","1125364","1125674","chr11","113761356","113761658","69","112635992"
"KN295825v1","1185033","1185349","chr3","138565895","138566227","43","137380862"
"KN295825v1","1231555","1231677","chr3","138499034","138499163","17","137267479"
"KN295825v1","1306711","1306992","chr3","138421200","138421481","20","137114489"
"KN295825v1","1371779","1372081","chr2B","16681323","16681626","63","15309544"
"KN295825v1","1375391","1375689","chr10","53611496","53611792","47","52236105"
"KN295825v1","1394543","1394857","chr3","138326962","138327269","28","136932419"
"KN295825v1","1476064","1476187","chr3","138244122","138244247","11","136768058"
"KN295825v1","1543641","1543908","chr3","138176344","138176614","20","136632703"
"KN295825v1","1654347","1654634","chr3","138073371","138073660","12","136419024"
"KN295825v1","1674461","1674758","chr3","138057293","138057588","20","136382832"
"KN295825v1","2895591","2895851","chr12","103988904","103989159","51","101093313"
"KN295825v1","2997690","2997984","chr3","136706773","136707088","50","133709083"
"KN295825v1","3106673","3106798","chr3","136598904","136599027","12","133492231"
"KN295825v1","3209836","3210132","chr20","47913334","47913635","63","44703498"
"KN295825v1","3320098","3320395","chr3","136395116","136395410","20","133075018"
"KN295825v1","3461325","3461604","chr3","136251814","136252102","25","132790489"
"KN295825v1","3477275","3477569","chr3","136235690","136235988","19","132758415"
"KN295828v1","431328","431628","chr2B","101438363","101438666","62","101007035"
"KN295828v1","797075","797390","chr4","129972117","129972416","43","129175042"
"KN295828v1","907653","907974","chr9","16045178","16045496","73","15137525"
"KN295828v1","920998","921271","chr4","130097505","130097769","35","129176507"
"KN295828v1","923988","924117","chr4","130100520","130100650","16","129176532"
"KN295828v1","947775","947785","chr5","162207633","162207643","2","161259858"
"KN295828v1","947825","947940","chr1","227533025","227533140","18","226585200"
"KN295828v1","956079","956239","chr1","226229775","226229930","35","225273696"
"KN295828v1","1022903","1023186","chr1","115124053","115124336","99","114101150"
"KN295828v1","1109867","1110113","chr16","59894297","59894526","66","58784430"
"KN295828v1","1111458","1111751","chr4","130610545","130610838","21","129499087"
"KN295828v1","1413205","1413504","chrX","54145099","54145392","51","52731894"
"KN295828v1","1844507","1844572","chr14","77161158","77161224","17","75316651"
"KN295828v1","1986111","1986408","chr4","131589520","131589817","16","129603409"
"KN295828v1","2032369","2032675","chr18","6627048","6627360","58","4594679"
"KN295828v1","2138784","2138979","chr4","165094571","165094772","58","162955787"
"KN295829v1","481572","481801","chr5","68189183","68189411","16","67707611"
"KN295829v1","511371","511660","chr5","68217102","68217402","33","67705731"
"KN295829v1","726703","726834","chr5","68457161","68457289","10","67730458"
"KN295829v1","727122","727311","chr22","20065200","20065382","54","19338078"
"KN295829v1","744389","744513","chr5","68472936","68473065","11","67728547"
"KN295829v1","816533","816735","chr4","165094571","165094772","51","164278038"
"KN295829v1","848140","848452","chr12","125163839","125164147","69","124315699"
"KN295829v1","1169127","1169382","chr5","68858901","68859169","35","67689774"
"KN295830v1","26648","26883","chr11","113982970","113983199","55","113956322"
"KN295830v1","47459","47571","chr6","109343360","109343476","11","109295901"
"KN295830v1","72832","72960","chr6","109364588","109364720","10","109291756"
"KN295830v1","74760","75043","chr18","19919778","19920077","66","19845018"
"KN295830v1","95606","95732","chr6","109386555","109386681","5","109290949"
"KN295830v1","106067","106204","chr12","32898640","32898773","22","32792573"
"KN295830v1","128329","128646","chr6","109417237","109417554","26","109288908"
"KN295831v1","138387","138699","chrX","33837788","33838101","21","33699401"
"KN295832v1","75150","75449","chr12","92584594","92584897","66","92509444"
"KN295832v1","94478","94779","chr5","154788196","154788496","21","154693718"
"KN295832v1","205546","205798","chr12","95851260","95851518","53","95645714"
"KN295832v1","911299","911421","chr6","101384983","101385106","19","100473684"
"KN295832v1","958249","958540","chr5","153896011","153896291","26","152937762"
"KN295832v1","1018284","1018514","chr8","18936084","18936328","53","17917800"
"KN295832v1","1196594","1196795","chr5","153651802","153652003","16","152455208"
"KN295832v1","1198819","1199020","chr5","153651802","153652003","16","152452983"
"KN295832v1","1365943","1366255","chr3","46378051","46378354","67","45012108"
"KN295832v1","1410140","1410449","chr14","33419268","33419572","75","32009128"
"KN295835v1","86338","86640","chr4","73212798","73213100","60","73126460"
"KN295835v1","130292","130560","chr9","107567452","107567720","53","107437160"
"KN295835v1","191994","192117","chrX","135098242","135098362","9","134906248"
"KN295841v1","150546","150669","chr4","113034037","113034160","8","112883491"
"KN295841v1","586701","586974","chr4","112615728","112615996","29","112029027"
"KN295841v1","751053","751194","chr2B","116286393","116286531","39","115535340"
"KN295843v1","44861","45126","chr2A","73099274","73099561","40","73054413"
"KN295844v1","31699","31824","chr8","11428866","11428995","21","11397167"
"KN295844v1","39341","39471","chr2A","21319723","21319853","4","21280382"
"KN295844v1","40394","40526","chr2A","21320798","21320930","3","21280404"
"KN295846v1","298478","298802","chr11","15999685","16000000","26","15701207"
"KN295852v1","176057","176186","chr10","45291499","45291630","9","45115442"
"KN295852v1","252689","252922","chr8","45126955","45127194","67","44874266"
"KN295852v1","370376","370654","chr10","45506597","45506902","55","45136221"
"KN295852v1","429290","429413","chr19","14994353","14994476","21","14565063"
"KN295852v1","440738","441031","chr10","45553856","45554149","27","45113118"
"KN295852v1","496140","496265","chr10","45649850","45649975","9","45153710"
"KN295852v1","565109","565420","chr10","45709195","45709491","40","45144086"
"KN295854v1","144404","144684","chr21","21524476","21524760","29","21380072"
"KN295854v1","915423","915549","chr21","20769625","20769747","12","19854202"
"KN295854v1","1471896","1472192","chr21","20224584","20224880","20","18752688"
"KN295854v1","1511600","1511728","chr1","183449912","183450036","21","181938312"
"KN295854v1","1533308","1533608","chr9","77311455","77311745","71","75778147"
"KN295854v1","1533648","1533668","chr1","86298663","86298681","5","84765015"
"KN295854v1","1738711","1739027","chr21","19960355","19960678","29","18221644"
"KN295854v1","1891264","1891386","chr1","67602533","67602651","18","65711269"
"KN295855v1","5035","5158","chr10","35143766","35143895","13","35138731"
"KN295855v1","15275","15576","chr10","35155958","35156273","31","35140683"
"KN295855v1","34168","34299","chr5","1824878","1825008","19","1790710"
"KN295855v1","88974","89121","chr10","41136082","41136231","36","41047108"
"KN295857v1","5278","5578","chrX","74824516","74824809","30","74819238"
"KN295869v1","207805","208131","chr12","93107536","93107839","90","92899731"
"KN295869v1","298533","298782","chr6","43957340","43957587","63","43658807"
"KN295869v1","608221","608529","chr10","50063014","50063316","25","49454793"
"KN295869v1","845298","845585","chr10","49826611","49826897","10","48981313"
"KN295869v1","965659","965945","chr10","17585565","17585860","65","16619906"
"KN295869v1","1059553","1059843","chr12","115638172","115638455","64","114578619"
"KN295869v1","1161175","1161473","chr22","875532","875800","74","285643"
"KN295869v1","1246962","1247084","chr10","49417584","49417707","13","48170622"
"KN295869v1","1247103","1247399","chr10","49417263","49417567","30","48170160"
"KN295869v1","1302178","1302486","chr3","144640932","144641237","64","143338754"
"KN295869v1","1327471","1327523","chr10","49336244","49336297","2","48008773"
"KN295869v1","1344489","1344709","chr10","49313147","49313390","40","47968658"
"KN295869v1","1387117","1387428","chr1","130900859","130901161","66","129513742"
"KN295869v1","1412497","1412602","chr1","95156620","95156727","19","93744123"
"KN295869v1","1414596","1414718","chr10","49251755","49251878","9","47837159"
"KN295869v1","1463708","1463826","chrX","155094095","155094211","28","153630387"
"KN295871v1","61272","61581","chr1","31521301","31521604","76","31460029"
"KN295871v1","95731","96026","chr1","101760641","101760935","56","101664910"
"KN295871v1","225998","226294","chr3","53897917","53898209","34","53671919"
"KN295871v1","303201","303487","chr5","56157937","56158219","69","55854736"
"KN295871v1","360299","360601","chr3","53768041","53768348","27","53407742"
"KN295871v1","376969","377053","chr3","53748368","53748452","3","53371399"
"KN295871v1","446193","446460","chr3","53672703","53672994","41","53226510"
"KN295871v1","492014","492168","chr14","9791172","9791323","37","9299158"
"KN295871v1","492459","492584","chr7","76708243","76708371","25","76215784"
"KN295871v1","503438","503572","chr3","53620062","53620198","13","53116624"
"KN295871v1","548462","548729","chr3","53570055","53570334","25","53021593"
"KN295871v1","632125","632411","chr6","135675348","135675642","60","135043223"
"KN295871v1","741157","741406","chr3","53377049","53377330","43","52635892"
"KN295871v1","754985","755278","chr3","53363203","53363494","20","52608218"
"KN295871v1","757102","757405","chr3","53360906","53361215","15","52603804"
"KN295871v1","815515","815812","chr3","53307634","53307934","19","52492119"
"KN295872v1","142252","142542","chr1","141339767","141340071","38","141197515"
"KN295872v1","189260","189355","chr6","92015028","92015122","8","91825768"
"KN295872v1","200535","200840","chr2A","31269047","31269348","57","31068512"
"KN295872v1","220268","220565","chr1","141420945","141421245","28","141200677"
"KN295872v1","232555","232842","chr1","141433657","141433956","33","141201102"
"KN295880v1","105603","105785","chr16","43824942","43825127","36","43719339"
"KN295883v1","450054","450346","chr9","44276236","44276535","28","43826182"
"KN295883v1","467639","467943","chr7","127788921","127789228","70","127321282"
"KN295883v1","519663","519875","chr9","44196842","44197076","37","43677179"
"KN295883v1","580661","580909","chr1","215308654","215308915","66","214727993"
"KN295883v1","610874","611172","chr9","44122002","44122307","33","43511128"
"KN295883v1","652759","653031","chr9","44083134","44083439","46","43430375"
"KN295883v1","655710","656001","chr9","44080132","44080424","43","43424422"
"KN295883v1","737054","737318","chr9","43995826","43996107","38","43258772"
"KN295883v1","741956","742251","chr9","43991111","43991406","16","43249155"
"KN295883v1","820958","821268","chr9","43914038","43914353","33","43093080"
"KN295883v1","969790","970076","chr5","6725118","6725406","52","5755328"
"KN295884v1","70588","70903","chr11","28171398","28171708","25","28100810"
"KN295885v1","9313","9577","chrX","139682551","139682823","51","139673238"
"KN295885v1","9823","10001","chr14","9460940","9461110","39","9451117"
"KN295885v1","10060","10173","chrX","139823218","139823334","20","139813158"
"KN295886v1","127597","127906","chr5","110608226","110608522","37","110480629"
"KN295887v1","6603","6871","chrX","82480001","82480277","45","82473398"
"KN295892v1","98678","98914","chr6","163926737","163926960","43","163828059"
"KN295893v1","2730","3029","chr20","55592974","55593280","26","55590244"
"KN295893v1","10067","10202","chr5","42963355","42963483","26","42953288"
"KN295893v1","12857","13156","chr20","55602656","55602958","30","55589799"
"KN295893v1","21161","21199","chr9","16904853","16904890","3","16883692"
"KN295893v1","50096","50152","chr19","4660280","4660336","9","4610184"
"KN295893v1","51610","51900","chr14","87312887","87313170","72","87261277"
"KN295893v1","55355","55653","chr20","55647758","55648074","58","55592403"
"KN295893v1","74182","74478","chr20","55665875","55666175","21","55591693"
"KN295893v1","80356","80635","chr20","55671865","55672148","28","55591509"
"KN295893v1","362921","363219","chr8","77726765","77727057","65","77363844"
"KN295893v1","389322","389596","chr1","92999188","92999462","62","92609866"
"KN295893v1","407805","408101","chr20","55948077","55948381","32","55540272"
"KN295893v1","473546","473855","chr17","4504244","4504512","85","4030698"
"KN295893v1","584871","585076","chr2B","128828532","128828721","61","128243661"
"KN295893v1","604997","605294","chr20","56135125","56135409","39","55530128"
"KN295893v1","745124","745437","chr8","42414444","42414750","63","41669320"
"KN295893v1","859276","859445","chr7","39001121","39001291","36","38141845"
"KN295893v1","859749","859883","chr3","53064897","53065029","31","52205148"
"KN295893v1","925305","925592","chrX","151124597","151124886","49","150199292"
"KN295893v1","987639","987770","chr22","11274543","11274673","19","10286904"
"KN295893v1","1074286","1074305","chr1","86202732","86202751","6","85128446"
"KN295893v1","1074331","1074607","chr1","208294948","208295220","64","207220617"
"KN295893v1","1156004","1156344","chr20","56630629","56630958","36","55474625"
"KN295893v1","1208246","1208517","chr20","56721830","56722100","31","55513584"
"KN295893v1","1224036","1224327","chr22","8622066","8622356","60","7398030"
"KN295893v1","1412689","1412868","chr12","60174766","60174953","46","58762077"
"KN295893v1","1558964","1559240","chr20","57039131","57039405","28","55480167"
"KN295893v1","1581803","1582108","chr20","57061249","57061556","22","55479446"
"KN295893v1","1640484","1640652","chr1","26457448","26457621","43","24816964"
"KN295893v1","1640692","1640802","chr5","23948218","23948324","17","22307526"
"KN295893v1","1652231","1652525","chr7","23688265","23688570","59","22036034"
"KN295893v1","1766343","1766473","chr15","69599317","69599445","18","67832974"
"KN295893v1","1821859","1821982","chr20","57292431","57292554","5","55470572"
"KN295893v1","1874362","1874499","chr22","13856237","13856376","33","11981875"
"KN295893v1","1939288","1939599","chr20","57406248","57406556","33","55466960"
"KN295893v1","1949364","1949490","chr20","57417165","57417293","19","55467801"
"KN295893v1","2222902","2223033","chr4","71627175","71627305","21","69404273"
"KN295893v1","2400174","2400314","chr1","117962932","117963064","32","115562758"
"KN295893v1","2407851","2408131","chr20","57875497","57875761","38","55467646"
"KN295893v1","2440473","2440728","chr20","57906782","57907034","25","55466309"
"KN295893v1","2585585","2585961","chr5","37569171","37569500","117","34983586"
"KN295893v1","2825425","2825706","chr20","58311852","58312163","46","55486427"
"KN295893v1","2837378","2837596","chr3","59396015","59396234","49","56558637"
"KN295893v1","2901274","2901578","chr12","110010286","110010585","54","107109012"
"KN295893v1","2954470","2954600","chr20","58439592","58439722","10","55485122"
"KN295893v1","3187952","3188207","chr8","8289684","8289941","57","5101732"
"KN295893v1","3246550","3246860","chr20","58747668","58747977","28","55501118"
"KN295893v1","3274062","3274137","chr20","58773916","58773990","3","55499854"
"KN295893v1","3521847","3522156","chr20","59071065","59071403","58","55549218"
"KN295893v1","3686931","3687223","chr20","59227520","59227814","28","55540589"
"KN295893v1","4106635","4106936","chr20","59657561","59657863","24","55550926"
"KN295893v1","4458664","4458957","chr2B","94510799","94511086","58","90052135"
"KN295893v1","4519993","4520316","chr20","60108424","60108738","32","55588431"
"KN295893v1","4532659","4532971","chr20","60121080","60121387","36","55588421"
"KN295893v1","4763105","4763416","chr20","60350023","60350332","18","55586918"
"KN295893v1","4765066","4765320","chr20","60351991","60352251","22","55586925"
"KN295893v1","4777604","4777902","chr12","115638172","115638455","58","110860568"
"KN295893v1","4803136","4803435","chr20","60364786","60365080","29","55561650"
"KN295893v1","4827562","4827930","chr2A","1909800","1910142","97","2917762"
"KN295893v1","5257482","5257771","chr20","60830925","60831214","20","55573443"
"KN295893v1","5420215","5420527","chr20","60981360","60981668","20","55561145"
"KN295893v1","5424668","5424916","chr2B","41122098","41122372","64","35697430"
"KN295893v1","5459677","5459975","chr5","1990403","1990704","69","3469274"
"KN295893v1","5545408","5545702","chr2B","94510799","94511086","61","88965391"
"KN295893v1","5557183","5557453","chr20","61131040","61131312","29","55573857"
"KN295893v1","5560506","5560697","chr19","3490606","3490808","51","2069900"
"KN295893v1","5620125","5620426","chr20","61190314","61190612","36","55570189"
"KN295893v1","5620849","5621114","chr20","61191030","61191318","48","55570181"
"KN295893v1","5628959","5629259","chr20","61198861","61199157","30","55569902"
"KN295893v1","5631122","5631217","chr20","61201062","61201167","13","55569940"
"KN295893v1","5648816","5649097","chr20","61218811","61219152","80","55569995"
"KN295893v1","5703309","5703609","chr20","61271101","61271417","34","55567792"
"KN295893v1","5715942","5716252","chr20","61283060","61283361","37","55567118"
"KN295893v1","5730782","5730946","chr11","95039274","95039442","49","89308492"
"KN295893v1","5751459","5751725","chr20","61318054","61318337","34","55566595"
"KN295893v1","5903755","5904056","chr16","75589734","75590032","55","69685979"
"KN295893v1","5939962","5940123","chr15","68687281","68687441","28","62747319"
"KN295893v1","5940416","5940556","chr7","72995671","72995810","25","67055255"
"KN295893v1","6313170","6313467","chr20","61809116","61809403","38","55495946"
"KN295893v1","6398302","6398417","chr20","61887351","61887468","10","55489049"
"KN295893v1","6501185","6501302","chr20","61972428","61972550","16","55471243"
"KN295893v1","6613327","6613611","chr5","6725118","6725406","51","111791"
"KN295893v1","6701507","6701793","chr20","62168193","62168480","34","55466686"
"KN295893v1","7021837","7022133","chr20","62478189","62478486","30","55456352"
"KN295893v1","7101283","7101592","chr20","62569733","62570023","44","55468450"
"KN295893v1","7107034","7107319","chr15","53232511","53232787","52","46125477"
"KN295893v1","7119536","7119819","chr20","62587074","62587368","30","55467538"
"KN295893v1","7195924","7196217","chr8","10244688","10244977","55","3048764"
"KN295893v1","7200520","7200820","chr20","62672780","62673076","23","55472260"
"KN295893v1","7204871","7205115","chr20","62681551","62681781","41","55476680"
"KN295893v1","7269911","7270155","chr20","62747837","62748081","12","55477926"
"KN295893v1","7366804","7367057","chr1","92712630","92712899","69","85345826"
"KN295893v1","7369842","7370025","chr17","80735722","80735894","58","73365880"
"KN295893v1","7370313","7370443","chr16","31149883","31150015","22","23779570"
"KN295893v1","7412925","7413207","chr12","60546582","60546876","70","53133657"
"KN295893v1","7608423","7608551","chr16","15504467","15504598","23","7896044"
"KN295893v1","7737170","7737327","chr3","199878997","199879149","31","192141827"
"KN295894v1","134241","134383","chr1","224705333","224705474","28","224571092"
"KN295894v1","348824","348946","chr2B","58678770","58678892","11","58329946"
"KN295894v1","1020032","1020321","chr2B","58017979","58018265","26","56997947"
"KN295894v1","1039462","1039759","chr9","89652313","89652608","62","88612851"
"KN295894v1","1133727","1134051","chr1","20061461","20061769","75","18927734"
"KN295894v1","1274641","1274911","chr2B","57767642","57767908","28","56493001"
"KN295894v1","1354452","1354762","chr2B","51534614","51534919","66","50180162"
"KN295894v1","1652430","1652545","chr3","49657424","49657539","22","48004994"
"KN295894v1","1652591","1652756","chr11","13914115","13914290","46","12261524"
"KN295894v1","1689329","1689614","chr2B","57365212","57365505","23","55675883"
"KN295894v1","1789888","1790198","chr3","108692348","108692654","60","106902460"
"KN295894v1","1909880","1910093","chr2B","57147880","57148091","16","55238000"
"KN295894v1","1924325","1924634","chr2B","57134156","57134464","20","55209831"
"KN295894v1","2045670","2045837","chr1","161482333","161482507","38","159436663"
"KN295894v1","2052370","2052603","chr2B","57007092","57007359","53","54954722"
"KN295894v1","2328033","2328340","chr2B","56715032","56715333","30","54386999"
"KN295894v1","2400055","2400276","chr2B","56647352","56647573","13","54247297"
"KN295894v1","2848548","2848832","chr2B","56240052","56240326","32","53391504"
"KN295894v1","3035953","3036254","chr2B","56071025","56071322","21","53035072"
"KN295894v1","3111305","3111437","chr1","43109976","43110110","26","39998671"
"KN295894v1","3183813","3184026","chr1","11028945","11029141","50","7845132"
"KN295894v1","3316041","3316332","chr2B","55806212","55806503","38","52490171"
"KN295898v1","582404","582719","chr10","117863881","117864193","61","117281477"
"KN295898v1","674779","675114","chr2A","78100076","78100407","33","77425297"
"KN295898v1","714566","714698","chr8","101423501","101423630","24","100708935"
"KN295906v1","11286","11403","chr5","28429962","28430082","28","28418676"
"KN295906v1","144030","144152","chr14","9514850","9514974","11","9370820"
"KN295906v1","181123","181420","chr14","9476381","9476675","30","9295258"
"KN295906v1","181890","182120","chr1","28451444","28451677","53","28269554"
"KN295906v1","196688","196990","chr9","32864978","32865281","57","32668290"
"KN295906v1","203792","204082","chr8","77726765","77727057","65","77522973"
"KN295906v1","210585","210866","chr14","9456521","9456816","29","9245936"
"KN295906v1","234726","235034","chr14","9434371","9434683","20","9199645"
"KN295906v1","332213","332338","chr8","73320878","73321001","19","72988665"
"KN295906v1","550988","551261","chr10","119111668","119111947","54","118560680"
"KN295906v1","613646","613933","chr14","9038606","9038897","47","8424960"
"KN295907v1","273524","273654","chr8","20049802","20049932","8","19776278"
"KN295907v1","777485","777738","chr8","20555134","20555388","13","19777649"
"KN295907v1","1124558","1124818","chr13","34216265","34216533","63","33091707"
"KN295907v1","1144604","1144907","chr8","20956192","20956503","28","19811588"
"KN295907v1","1150491","1150780","chr8","20962031","20962321","24","19811540"
"KN295907v1","1173523","1173808","chr8","20992243","20992544","38","19818720"
"KN295907v1","1212851","1213160","chr8","21032776","21033065","39","19819925"
"KN295907v1","1249354","1249573","chr8","21064636","21064853","12","19815282"
"KN295907v1","1283261","1283571","chr8","21099311","21099628","37","19816050"
"KN295907v1","1317180","1317419","chr8","21130546","21130799","29","19813366"
"KN295907v1","1390249","1390542","chr8","21204350","21204649","37","19814101"
"KN295907v1","1447756","1448090","chr1","94184963","94185274","74","92737207"
"KN295907v1","1454934","1455225","chr8","21270117","21270405","17","19815183"
"KN295907v1","1523606","1523895","chr10","101215914","101216207","55","99692308"
"KN295907v1","1587368","1587678","chr8","21362858","21363174","20","19775490"
"KN295907v1","1609544","1609677","chr9","92744215","92744350","19","91134671"
"KN295907v1","1613328","1613637","chr15","55684150","55684453","62","54070822"
"KN295907v1","1671485","1671614","chr8","21429395","21429524","11","19757910"
"KN295907v1","1671770","1672038","chr8","21429688","21429970","32","19757918"
"KN295907v1","1687775","1687966","chr8","21432137","21432328","16","19744362"
"KN295907v1","1692600","1692795","chr8","21450355","21450546","21","19757755"
"KN295907v1","1703343","1703474","chr15","46889261","46889398","30","45185918"
"KN295907v1","1716591","1716798","chr9","48955370","48955561","71","47238779"
"KN295907v1","1750059","1750366","chr2B","101438363","101438666","60","99688304"
"KN295907v1","1763265","1763570","chr8","21517024","21517312","50","19753759"
"KN295907v1","1778125","1778435","chr8","21532397","21532705","24","19754272"
"KN295907v1","1796015","1796315","chr19","47857377","47857670","56","46061362"
"KN295907v1","1873770","1874050","chr11","32284696","32284987","58","30410926"
"KN295907v1","1887887","1888190","chr8","21629350","21629649","37","19741463"
"KN295907v1","2017612","2017905","chr8","21773283","21773598","36","19755671"
"KN295907v1","2101826","2102111","chr8","21863045","21863333","33","19761219"
"KN295907v1","2162486","2162785","chr8","21924045","21924337","33","19761559"
"KN295907v1","2191807","2192094","chr1","41665186","41665478","58","39473379"
"KN295907v1","2226403","2226711","chr8","21987951","21988256","22","19761548"
"KN295907v1","2294495","2294769","chr8","22056369","22056658","38","19761874"
"KN295907v1","2300083","2300368","chr2A","87477358","87477647","59","85177275"
"KN295907v1","2338354","2338472","chr6","52585901","52586022","23","50247547"
"KN295907v1","2343810","2344122","chr2A","73665192","73665502","55","71321382"
"KN295907v1","2397915","2398243","chr8","22112096","22112400","48","19714181"
"KN295907v1","2481403","2481521","chr8","22198307","22198425","11","19716904"
"KN295907v1","2602881","2603184","chr8","22355897","22356201","21","19753016"
"KN295907v1","2626794","2627104","chr8","22378918","22379225","40","19752124"
"KN295907v1","2640807","2641113","chr8","22392771","22393079","18","19751964"
"KN295907v1","2645132","2645422","chr8","22398071","22398371","34","19752939"
"KN295907v1","2681151","2681452","chr8","77569378","77569682","59","74888227"
"KN295909v1","32249","32371","chr1","128433407","128433529","13","128401158"
"KN295909v1","50615","50901","chr15","77572818","77573104","64","77522203"
"KN295909v1","63070","63217","chr12","87777324","87777472","32","87714254"
"KN295909v1","63261","63375","chr1","124358463","124358577","1","124295202"
"KN295910v1","103747","104050","chr4","92856847","92857134","35","92753100"
"KN295910v1","284482","284798","chr4","92691656","92691940","58","92407174"
"KN295910v1","416668","416950","chr4","92573750","92574063","50","92157082"
"KN295913v1","132699","132979","chr6","128709210","128709490","23","128576511"
"KN295919v1","26986","27109","chr16","48010041","48010163","20","47983055"
"KN295919v1","46345","46650","chr1","228844745","228845050","23","228798400"
"KN295919v1","92267","92570","chr16","78223728","78224017","72","78131461"
"KN295921v1","21222","21319","chr1","134356960","134357062","27","134335738"
"KN295921v1","89747","90006","chr2B","9795283","9795554","73","9705536"
"KN295921v1","171607","171888","chr19","20779927","20780226","29","20608320"
"KN295922v1","136049","136191","chr1","184919950","184920093","12","184783901"
"KN295922v1","136192","136469","chr1","184920094","184920371","12","184783902"
"KN295922v1","136470","136609","chr1","184920372","184920511","5","184783902"
"KN295922v1","183453","183677","chr10","100848906","100849113","42","100665453"
"KN295922v1","187834","188109","chr1","184976812","184977110","44","184788978"
"KN295923v1","204891","205185","chr16","46669634","46669928","12","46464743"
"KN295923v1","255523","255658","chr16","46718350","46718485","12","46462827"
"KN295923v1","280625","280918","chr16","46741352","46741658","30","46460727"
"KN295923v1","556252","556531","chr16","47050878","47051141","26","46494626"
"KN295923v1","602872","603184","chr5","55468127","55468429","66","54865255"
"KN295923v1","621718","621987","chr16","47114266","47114536","21","46492548"
"KN295923v1","625430","625725","chrX","53825086","53825371","62","53199656"
"KN295923v1","671740","671870","chr16","47163105","47163234","11","46491365"
"KN295923v1","673403","673674","chr1","215308654","215308915","56","214635251"
"KN295923v1","676364","676665","chr16","47167957","47168258","21","46491593"
"KN295923v1","677088","677216","chr2B","96432996","96433138","32","95755908"
"KN295923v1","677341","677387","chr5","5960677","5960723","14","5283336"
"KN295923v1","702113","702283","chrX","134491418","134491592","35","133789305"
"KN295923v1","702309","702428","chr3","126212184","126212301","18","125509875"
"KN295923v1","707315","707617","chr16","47191363","47191636","46","46484048"
"KN295923v1","719959","720091","chr16","47203415","47203544","18","46483456"
"KN295923v1","720092","720410","chr16","47203545","47203869","30","46483453"
"KN295923v1","852652","852774","chr16","47316157","47316279","10","46463505"
"KN295923v1","867764","868080","chr16","47333928","47334242","28","46466164"
"KN295923v1","895804","895956","chr7","62404559","62404715","31","61508755"
"KN295923v1","895991","896109","chr1","10846844","10846959","20","9950853"
"KN295923v1","1064174","1064244","chrX","12661653","12661722","24","11597479"
"KN295923v1","1125652","1125842","chr16","47591399","47591589","10","46465747"
"KN295923v1","1174478","1174792","chr16","47651997","47652316","23","46477519"
"KN295923v1","1189210","1189507","chr16","47659051","47659349","27","46469841"
"KN295923v1","1203940","1204248","chr16","47673390","47673691","30","46469450"
"KN295923v1","1217834","1218123","chr16","47686957","47687245","14","46469123"
"KN295923v1","1248046","1248179","chr16","47718071","47718207","14","46470025"
"KN295923v1","1307819","1307935","chr11","29513643","29513764","19","28205824"
"KN295923v1","1359421","1359550","chr22","16591693","16591821","23","15232272"
"KN295923v1","1425465","1425750","chr16","47890448","47890735","27","46464983"
"KN295923v1","1427111","1427415","chr16","47894986","47895293","19","46467875"
"KN295923v1","1448925","1449029","chr18","20087043","20087147","18","18638118"
"KN295923v1","1449069","1449236","chr3","46765091","46765261","30","45316022"
"KN295923v1","1463080","1463394","chr17","17580815","17581115","58","16117735"
"KN295923v1","1470252","1470466","chr2A","79833197","79833410","52","78362945"
"KN295923v1","1514972","1515099","chr16","47990536","47990655","22","46475564"
"KN295923v1","1515290","1515583","chr16","47990844","47991149","35","46475554"
"KN295923v1","1534460","1534582","chr16","48010041","48010163","9","46475581"
"KN295923v1","1561016","1561191","chr16","48031190","48031365","21","46470174"
"KN295923v1","1569487","1569625","chr16","48049974","48050116","14","46480487"
"KN295923v1","1616460","1616591","chr16","48094282","48094413","9","46477822"
"KN295923v1","1663569","1663871","chr16","48139192","48139505","33","46475623"
"KN295923v1","1683638","1683934","chr16","48162287","48162594","34","46478649"
"KN295923v1","1692984","1693173","chr5","21109963","21110147","49","19416979"
"KN295923v1","1693455","1693565","chr19","40251162","40251272","20","38557707"
"KN295923v1","1713096","1713248","chr1","62617347","62617493","35","60904251"
"KN295923v1","1713839","1714129","chrX","96599234","96599539","62","94885395"
"KN295923v1","1714719","1715033","chr16","60630135","60630442","54","58915416"
"KN295923v1","1793331","1793628","chr16","48272933","48273228","23","46479602"
"KN295923v1","1821221","1821388","chr1","186353628","186353800","46","184532407"
"KN295923v1","1821677","1821809","chr5","117986147","117986278","22","116164470"
"KN295923v1","1887134","1887430","chr16","48371330","48371629","16","46484196"
"KN295923v1","1945260","1945536","chr1","111393435","111393706","47","109448175"
"KN295923v1","1988388","1988700","chr16","48483064","48483375","14","46494676"
"KN295923v1","2012118","2012231","chr16","48505499","48505607","8","46493381"
"KN295923v1","2015767","2015891","chr16","48509354","48509481","13","46493587"
"KN295923v1","2029829","2030000","chr4","2873688","2873868","36","843859"
"KN295923v1","2038761","2039080","chr16","48532800","48533117","39","46494039"
"KN295923v1","2046596","2046890","chr16","48539943","48540240","26","46493347"
"KN295923v1","2057532","2057665","chr16","65826318","65826449","21","63768786"
"KN295923v1","2059716","2059891","chr7","73222849","73223027","43","71163133"
"KN295923v1","2081840","2082143","chr16","48575389","48575691","26","46493549"
"KN295923v1","2086422","2086545","chr16","48580032","48580155","6","46493610"
"KN295923v1","2098018","2098300","chr16","48592188","48592476","20","46494170"
"KN295923v1","2128099","2128357","chr6","103780930","103781172","78","101652831"
"KN295923v1","2137965","2138225","chr16","48630682","48630958","37","46492717"
"KN295923v1","2143664","2143972","chr17","9892621","9892929","58","7748957"
"KN295923v1","2152429","2152589","chr10","34680779","34680953","45","32528350"
"KN295923v1","2197876","2198166","chr16","48688568","48688873","38","46490692"
"KN295923v1","2318850","2319027","chrX","9596002","9596162","50","7277152"
"KN295923v1","2322999","2323208","chr14","47747200","47747412","36","45424201"
"KN295923v1","2327587","2327868","chr1","35881414","35881696","60","33553827"
"KN295923v1","2435998","2436190","chr16","48938071","48938263","9","46502073"
"KN295923v1","2438056","2438160","chr16","48939873","48939972","13","46501817"
"KN295925v1","560990","561308","chr12","66751094","66751411","43","66190104"
"KN295929v1","115826","116101","chr3","48235530","48235811","67","48119704"
"KN295929v1","195381","195683","chr4","110294661","110294957","23","110099280"
"KN295929v1","198573","198862","chr14","87788321","87788613","70","87589748"
"KN295929v1","212402","212705","chr20","45903423","45903732","64","45691021"
"KN295929v1","238360","238483","chr4","110250125","110250257","18","110011765"
"KN295929v1","247235","247365","chr4","110236014","110236155","14","109988779"
"KN295929v1","297607","297675","chr1","90128774","90128843","10","89831167"
"KN295929v1","301090","301341","chr12","125317666","125317914","59","125016576"
"KN295929v1","336165","336363","chr4","110147485","110147687","17","109811320"
"KN295929v1","338492","338613","chr20","35800564","35800690","20","35462072"
"KN295929v1","448218","448509","chr4","110037215","110037494","43","109588997"
"KN295929v1","452680","452801","chr4","110032820","110032941","5","109580140"
"KN295929v1","484911","485065","chr1","226229775","226229930","41","225744864"
"KN295930v1","69578","69698","chrX","119011454","119011578","7","118941876"
"KN295930v1","79076","79366","chr5","91521677","91521966","48","91442601"
"KN295930v1","82666","82964","chrX","118998921","118999217","23","118916255"
"KN295930v1","87290","87561","chr9","15332324","15332601","63","15245034"
"KN295930v1","308307","308530","chr14","72808786","72809010","38","72500479"
"KN295930v1","411006","411183","chr9","67064423","67064605","48","66653417"
"KN295930v1","415728","416028","chrX","118683730","118684031","30","118268002"
"KN295930v1","439484","439788","chrX","118656771","118657073","14","118217287"
"KN295930v1","482105","482408","chrX","118611592","118611889","26","118129487"
"KN295930v1","543415","543720","chrX","118549352","118549663","29","118005937"
"KN295930v1","598660","598962","chrX","118495425","118495727","18","117896765"
"KN295930v1","711551","711724","chr1","26457448","26457621","40","25745897"
"KN295930v1","718851","719153","chrX","118366158","118366472","26","117647307"
"KN295930v1","806992","807283","chr16","72513754","72514044","56","71706762"
"KN295930v1","830991","831089","chrX","118257782","118257898","18","117426791"
"KN295930v1","852807","853105","chrX","118237422","118237721","20","117384615"
"KN295930v1","921521","921830","chr2A","95976628","95976933","59","95055107"
"KN295931v1","37710","37833","chr8","75184071","75184194","20","75146361"
"KN295931v1","330356","330653","chr6","67761629","67761932","42","67431273"
"KN295931v1","568809","568933","chr6","67530363","67530487","8","66961554"
"KN295933v1","64245","64369","chr4","61132287","61132410","5","61068042"
"KN295933v1","111500","111808","chr4","61077273","61077572","44","60965773"
"KN295933v1","193733","193914","chr1","26457448","26457621","61","26263715"
"KN295933v1","470679","470941","chr4","60701492","60701755","22","60230813"
"KN295933v1","580726","580828","chr8","60067140","60067244","18","59486414"
"KN295933v1","580863","581046","chr7","36649173","36649359","56","36068310"
"KN295933v1","621769","621905","chr4","60538896","60539034","17","59917127"
"KN295933v1","882419","882705","chr4","60256557","60256850","60","59374138"
"KN295933v1","917523","917811","chr1","209186469","209186760","55","208268946"
"KN295933v1","1113996","1114276","chr14","83902404","83902680","74","82788408"
"KN295935v1","92584","92826","chr4","140651969","140652214","67","140559385"
"KN295936v1","28739","29028","chr6","77891929","77892226","59","77863190"
"KN295936v1","129690","129816","chr10","129807268","129807394","26","129677578"
"KN295936v1","135239","135282","chr3","64924882","64924925","7","64789643"
"KN295936v1","141037","141346","chr18","14563923","14564229","59","14422886"
"KN295936v1","184669","184782","chr5","38174055","38174170","14","37989386"
"KN295936v1","249570","249857","chr5","129555363","129555653","74","129305793"
"KN295936v1","290531","290653","chr9","93467756","93467885","15","93177225"
"KN295936v1","319813","320090","chr9","93440812","93441077","42","93120999"
"KN295936v1","493668","493969","chr9","93280490","93280794","25","92786822"
"KN295936v1","541126","541180","chr9","90547445","90547496","9","90006319"
"KN295936v1","666141","666439","chr9","93101779","93102078","14","92435638"
"KN295936v1","934255","934552","chr9","92845894","92846195","28","91911639"
"KN295936v1","1213741","1214059","chr9","92578500","92578807","31","91364759"
"KN295936v1","1300932","1301255","chr9","92490216","92490539","19","91189284"
"KN295936v1","1314955","1315098","chr19","13295683","13295823","22","11980728"
"KN295936v1","1330778","1331081","chr12","110010286","110010585","58","108679508"
"KN295936v1","1434270","1434573","chr8","10995801","10996101","59","9561531"
"KN295936v1","1455711","1455999","chr9","92327251","92327539","26","90871540"
"KN295936v1","1588976","1589112","chr1","28050037","28050170","22","26461061"
"KN295936v1","1778869","1779202","chr9","91997605","91997906","43","90218736"
"KN295936v1","1800345","1800638","chr9","91976764","91977056","18","90176419"
"KN295936v1","1826574","1826868","chr9","91946226","91946526","23","90119652"
"KN295936v1","1846202","1846526","chr9","91927000","91927301","46","90080798"
"KN295936v1","1866978","1867275","chr9","91905863","91906155","27","90038885"
"KN295936v1","1878156","1878412","chr9","91894757","91895016","16","90016601"
"KN295936v1","2007709","2007847","chr9","91762664","91762799","8","89754955"
"KN295936v1","2036620","2036749","chr1","126969267","126969399","20","124932647"
"KN295936v1","2059651","2059945","chr10","107942895","107943185","69","105883244"
"KN295936v1","2082950","2083255","chr9","91691655","91691959","21","89608705"
"KN295936v1","2181547","2181848","chr9","91576065","91576361","28","89394518"
"KN295936v1","2251751","2251891","chr9","91506707","91506845","7","89254956"
"KN295936v1","2281439","2281737","chr9","91479330","91479646","32","89197891"
"KN295936v1","2322612","2322761","chr16","26860697","26860847","31","24538085"
"KN295936v1","2410248","2410540","chr9","91326792","91327100","36","88916544"
"KN295936v1","2920557","2920857","chr13","82589331","82589636","78","79668774"
"KN295940v1","30620","30788","chr10","117206239","117206404","32","117175619"
"KN295940v1","30830","30947","chr11","116910545","116910662","16","116879715"
"KN295940v1","37399","37699","chr3","42919033","42919335","50","42881634"
"KN295940v1","50033","50338","chr3","188258754","188259056","58","188208721"
"KN295940v1","61905","62026","chr10","15397926","15398049","9","15336021"
"KN295940v1","62844","62989","chr10","15399139","15399290","19","15336295"
"KN295940v1","63300","63465","chr10","15399578","15399758","25","15336278"
"KN295940v1","64452","64689","chr1","185355695","185355935","51","185291243"
"KN295940v1","71590","71744","chr10","15425559","15425711","10","15353969"
"KN295940v1","72044","72178","chr10","15426029","15426165","9","15353985"
"KN295940v1","96589","96883","chr10","15448067","15448376","42","15351478"
"KN295940v1","109830","110145","chr10","15463150","15463459","30","15353320"
"KN295940v1","142614","142915","chr10","15510805","15511107","20","15368191"
"KN295940v1","216916","217051","chr10","15586004","15586135","13","15369088"
"KN295940v1","306979","307222","chr10","15672400","15672643","14","15365421"
"KN295940v1","318508","318808","chr5","91521677","91521966","57","91203169"
"KN295940v1","330102","330379","chr10","15694961","15695240","22","15364859"
"KN295940v1","351531","351754","chr14","72808786","72809010","45","72457255"
"KN295940v1","373466","373569","chr10","15737799","15737904","8","15364333"
"KN295940v1","404217","404498","chr10","37735706","37735994","63","37331489"
"KN295940v1","469011","469335","chr10","15837824","15838136","74","15368813"
"KN295940v1","548463","548644","chr5","121595120","121595294","33","121046657"
"KN295940v1","548733","548843","chr4","116512284","116512394","20","115963551"
"KN295940v1","596354","596662","chr16","29946402","29946703","67","29350048"
"KN295941v1","254539","254781","chr1","189249454","189249718","46","188994915"
"KN295941v1","461874","462182","chr1","189044905","189045199","33","188583031"
"KN295941v1","534712","534775","chr1","188972159","188972223","7","188437447"
"KN295941v1","722066","722326","chr1","188786184","188786440","35","188064118"
"KN295941v1","1384240","1384369","chr19","10195842","10195972","23","8811602"
"KN295941v1","1700208","1700342","chr9","58174384","58174515","22","56474176"
"KN295941v1","1822026","1822347","chr1","187776851","187777162","29","185954825"
"KN295941v1","2019090","2019397","chr15","69341616","69341915","57","67322526"
"KN295941v1","2108440","2108734","chr1","187301845","187302148","52","185193405"
"KN295941v1","2142597","2142872","chr1","187445013","187445288","27","185302416"
"KN295941v1","2636347","2636633","chr1","186929764","186930054","25","184293417"
"KN295941v1","2667263","2667554","chr4","119661847","119662138","62","116994584"
"KN295941v1","2834351","2834486","chr16","31149883","31150015","24","28315532"
"KN295941v1","2895116","2895415","chr1","186670015","186670317","22","183774899"
"KN295943v1","32131","32232","chr10","135402784","135402883","5","135370653"
"KN295943v1","539552","539876","chr10","135908668","135908970","44","135369116"
"KN295945v1","69949","70233","chr6","21628842","21629141","65","21558893"
"KN295949v1","110894","111198","chr1","176154441","176154750","28","176043547"
"KN295949v1","112355","112636","chr1","176152990","176153283","37","176040635"
"KN295955v1","73617","73870","chrX","97170964","97171196","76","97097347"
"KN295955v1","110685","110990","chrX","28022910","28023220","17","27912225"
"KN295956v1","303220","303536","chr4","6615194","6615493","69","6311974"
"KN295961v1","58514","58779","chrX","122850510","122850794","62","122791996"
"KN295962v1","114731","114996","chr6","150355504","150355783","67","150240773"
"KN295962v1","123553","123801","chr1","53219876","53220142","67","53096323"
"KN295962v1","125370","125669","chr15","60958237","60958541","57","60832867"
"KN295962v1","163367","163685","chr10","65163569","65163884","62","65000202"
"KN295962v1","169871","170166","chr7","68511301","68511600","22","68341430"
"KN295962v1","176978","177268","chr7","68504205","68504490","24","68327227"
"KN295962v1","182947","183226","chr1","93399776","93400060","55","93216829"
"KN295962v1","185633","185686","chr12","34427278","34427332","3","34241645"
"KN295962v1","187957","188246","chr6","110177124","110177410","59","109989167"
"KN295962v1","191155","191489","chr7","68488937","68489236","43","68297782"
"KN295962v1","198572","198875","chr8","34949381","34949695","63","34750809"
"KN295962v1","226581","226862","chr7","68449503","68449786","22","68222922"
"KN295962v1","257541","257845","chr7","68419758","68420056","26","68162217"
"KN295962v1","260556","260856","chr7","68415342","68415645","15","68154786"
"KN295962v1","267361","267675","chr7","68409100","68409398","36","68141739"
"KN295962v1","270403","270706","chr2B","92757122","92757413","57","92486719"
"KN295962v1","287932","288232","chr6","157323206","157323501","60","157035274"
"KN295962v1","288386","288694","chr7","68383612","68383888","52","68095226"
"KN295962v1","313264","313597","chr6","110180476","110180806","63","109867212"
"KN295962v1","344085","344363","chr7","68300154","68300437","27","67956069"
"KN295962v1","350704","350958","chr12","123965083","123965345","66","123614379"
"KN295962v1","352694","352942","chr7","68316016","68316252","26","67963322"
"KN295962v1","353198","353283","chr7","68315671","68315756","6","67962473"
"KN295962v1","353582","353884","chr8","142424790","142425090","59","142071208"
"KN295962v1","357547","357835","chr7","68309668","68309956","17","67952121"
"KN295962v1","373844","374024","chr1","194041609","194041781","41","193667765"
"KN295962v1","374322","374461","chr7","68287977","68288119","23","67913655"
"KN295962v1","401755","401966","chr9","71319005","71319212","52","70917250"
"KN295962v1","420159","420443","chr7","68246360","68246644","14","67826201"
"KN295962v1","428873","429161","chr7","76577461","76577747","63","76148588"
"KN295962v1","484851","485094","chr10","35564650","35564895","53","35079799"
"KN295962v1","487441","487717","chr7","68186713","68186990","17","67699272"
"KN295962v1","508785","509111","chr7","68159969","68160289","28","67651184"
"KN295962v1","561218","561520","chr7","68095467","68095779","31","67534249"
"KN295962v1","571182","571484","chr7","68085599","68085905","29","67514417"
"KN295962v1","575607","575896","chr6","18841527","18841805","61","18265920"
"KN295962v1","598064","598323","chr7","68058455","68058713","23","67460391"
"KN295962v1","635794","636053","chr7","68022107","68022395","49","67386313"
"KN295962v1","641282","641564","chr7","68016885","68017168","33","67375603"
"KN295962v1","642171","642408","chr7","68015899","68016135","15","67373728"
"KN295962v1","644461","644750","chr7","68013595","68013887","16","67369134"
"KN295962v1","646840","647139","chr7","68011273","68011519","72","67364433"
"KN295962v1","649004","649290","chrX","4621358","4621651","62","3972354"
"KN295962v1","678627","678935","chr15","67677890","67678201","76","66999263"
"KN295962v1","744311","744590","chr7","67920206","67920490","29","67175895"
"KN295962v1","818265","818371","chr7","67844751","67844857","9","67026486"
"KN295962v1","839103","839328","chr7","67824608","67824797","50","66985505"
"KN295962v1","839985","840283","chr7","67823672","67823959","34","66983687"
"KN295962v1","887903","888213","chr7","67777816","67778126","35","66889913"
"KN295962v1","929173","929446","chr7","67736441","67736698","41","66807268"
"KN295962v1","936205","936484","chr12","8944507","8944795","80","8008302"
"KN295962v1","961197","961507","chr7","40084305","40084610","63","39123108"
"KN295962v1","1016502","1016799","chr2B","126026802","126027094","54","125010300"
"KN295962v1","1062076","1062385","chr7","67608456","67608760","27","66546380"
"KN295962v1","1090366","1090587","chr3","59396015","59396234","44","58305649"
"KN295962v1","1118648","1118787","chr11","133625351","133625484","38","132506703"
"KN295962v1","1142789","1143095","chr7","67531585","67531893","19","66388796"
"KN295962v1","1145362","1145675","chr7","67529036","67529326","39","66383674"
"KN295962v1","1170596","1170916","chr7","67506087","67506404","24","66335491"
"KN295962v1","1193838","1194121","chr7","67484408","67484718","51","66290570"
"KN295962v1","1209444","1209740","chr7","67468780","67469088","23","66259336"
"KN295962v1","1217685","1217977","chr7","67460590","67460881","16","66242905"
"KN295962v1","1229427","1229686","chr7","67448858","67449080","61","66219431"
"KN295962v1","1256943","1257224","chr7","70401505","70401789","62","69144562"
"KN295962v1","1316215","1316507","chr6","10740288","10740565","69","9424073"
"KN295962v1","1361790","1361918","chr7","67312663","67312784","15","65950873"
"KN295962v1","1361953","1362095","chr7","67312484","67312635","30","65950531"
"KN295962v1","1452788","1453107","chr22","1709192","1709498","65","256404"
"KN295962v1","1529290","1529371","chr7","66409816","66409895","21","64880526"
"KN295962v1","1560208","1560400","chr13","9499055","9499253","35","7938847"
"KN295962v1","1579245","1579547","chr7","67110389","67110699","38","65531144"
"KN295962v1","1581052","1581355","chr7","67108570","67108901","53","65527518"
"KN295962v1","1621194","1621452","chr7","67069140","67069398","27","65447946"
"KN295962v1","1622909","1623200","chr7","67067668","67067949","50","65444759"
"KN295962v1","1623994","1624122","chr5","133665737","133665865","18","132041743"
"KN295962v1","1629069","1629402","chr17","1854032","1854372","86","224963"
"KN295962v1","1660069","1660371","chr10","38507119","38507420","56","36847050"
"KN295962v1","1695309","1695630","chr7","66983675","66983972","34","65288366"
"KN295962v1","1710728","1711047","chr1","208170928","208171244","84","206460200"
"KN295962v1","1720819","1721107","chr7","66956380","66956672","21","65235561"
"KN295962v1","1772310","1772336","chr1","136485457","136485485","8","134713147"
"KN295962v1","1772363","1772479","chr1","101099281","101099398","26","99326918"
"KN295962v1","1792827","1792947","chr7","66884815","66884932","9","65091988"
"KN295962v1","1824846","1825140","chr7","66853080","66853379","27","65028234"
"KN295962v1","1830655","1830957","chr17","26582896","26583193","63","24752241"
"KN295962v1","1834015","1834310","chr5","17693824","17694122","60","15859809"
"KN295962v1","1851819","1851967","chr7","104930965","104931113","23","103079146"
"KN295962v1","1910793","1911075","chr7","66762612","66762922","50","64851819"
"KN295962v1","1983606","1983874","chr7","66692062","66692352","39","64708456"
"KN295962v1","1989515","1989646","chr21","24019266","24019401","23","22029751"
"KN295962v1","2006556","2006859","chr7","66670856","66671160","27","64664300"
"KN295962v1","2057237","2057369","chr7","66623397","66623529","7","64566160"
"KN295962v1","2095634","2095942","chr1","163190826","163191138","81","161095192"
"KN295962v1","2126052","2126379","chr8","9076865","9077188","79","6950813"
"KN295962v1","2136733","2137019","chr7","66543516","66543803","15","64406783"
"KN295962v1","2147064","2147385","chr12","110634635","110634953","65","108487571"
"KN295962v1","2156753","2156889","chr5","8452004","8452134","22","6295251"
"KN295962v1","2194442","2194762","chr16","61076214","61076508","82","58881772"
"KN295962v1","2251889","2252058","chr13","22499604","22499774","34","20247715"
"KN295962v1","2252376","2252528","chr19","44278017","44278168","38","42025641"
"KN295962v1","2269302","2269512","chr7","66437308","66437532","32","64168006"
"KN295962v1","2280159","2280376","chr12","120234296","120234512","45","117954137"
"KN295962v1","2321543","2321780","chr14","38166446","38166682","62","35844903"
"KN295962v1","2357119","2357409","chr7","66352431","66352714","28","63995312"
"KN295962v1","2396417","2396766","chr7","66318911","66319227","48","63922494"
"KN295962v1","2401699","2401962","chr7","2619637","2619894","48","217938"
"KN295962v1","2443480","2443777","chr7","66300390","66300690","21","63856910"
"KN295962v1","2455594","2455894","chr4","7977628","7977939","56","5522034"
"KN295962v1","2484480","2484784","chr7","66249304","66249599","26","63764824"
"KN295962v1","2512832","2513096","chr12","68528421","68528688","58","66015589"
"KN295962v1","2522529","2522831","chr14","36313011","36313312","61","33790482"
"KN295962v1","2525075","2525389","chr7","73553246","73553553","32","71028171"
"KN295962v1","2525390","2525527","chr7","73973611","73973736","18","71448221"
"KN295963v1","18631","18911","chr13","96430434","96430718","63","96411803"
"KN295963v1","277232","277483","chr1","8738597","8738834","67","8461365"
"KN295965v1","8634","8758","chr4","196401944","196402075","34","196393310"
"KN295965v1","61023","61149","chr1","201885421","201885547","5","201824398"
"KN295965v1","129273","129404","chr1","201818445","201818577","11","201689172"
"KN295965v1","263898","264065","chr16","31061862","31062025","38","30797964"
"KN295965v1","264091","264210","chr1","43545944","43546061","17","43281853"
"KN295967v1","91471","91634","chr8","14254385","14254549","37","14162914"
"KN295967v1","91666","91784","chr5","45640624","45640740","17","45548958"
"KN295967v1","124107","124218","chr9","30039254","30039365","8","29915147"
"KN295967v1","248399","248699","chr9","30164212","30164514","20","29915813"
"KN295967v1","271221","271508","chr1","216472098","216472389","58","216200877"
"KN295967v1","320962","321273","chr14","32748210","32748522","60","32427248"
"KN295967v1","338129","338331","chr17","44807109","44807295","48","44468980"
"KN295967v1","349080","349188","chr7","72387158","72387267","18","72038078"
"KN295967v1","389268","389553","chr9","30296853","30297143","16","29907585"
"KN295967v1","395691","395774","chr11","65982682","65982766","13","65586991"
"KN295967v1","413266","413553","chr9","30318181","30318468","19","29904915"
"KN295967v1","430701","430961","chr7","138487267","138487525","57","138056566"
"KN295967v1","503611","503871","chr9","30406695","30406956","24","29903084"
"KN295967v1","531979","532289","chr6","32169761","32170066","67","31637782"
"KN295967v1","534952","535233","chr9","30438352","30438630","27","29903400"
"KN295967v1","557554","557720","chr12","100112413","100112580","35","99554859"
"KN295967v1","585458","585756","chr9","30483092","30483391","17","29897634"
"KN295967v1","597068","597341","chr12","115638172","115638455","67","115041104"
"KN295967v1","647555","647827","chr19","44475189","44475455","54","43827634"
"KN295967v1","689081","689359","chr9","30582720","30583005","26","29893639"
"KN295967v1","692101","692405","chr1","118984423","118984731","59","118292322"
"KN295967v1","720715","720894","chr16","31280012","31280184","37","30559297"
"KN295967v1","721196","721338","chr4","98190185","98190325","23","97468989"
"KN295967v1","755298","755367","chr7","5403408","5403474","13","4648110"
"KN295967v1","1129488","1129674","chr9","31040593","31040782","14","29911105"
"KN295967v1","1266183","1266483","chr9","31166780","31167081","23","29900597"
"KN295967v1","1441353","1441647","chr9","31366362","31366655","21","29925009"
"KN295967v1","1528539","1528675","chr2A","78255274","78255415","28","76726735"
"KN295967v1","1801963","1802278","chr9","31755365","31755690","24","29953402"
"KN295968v1","66462","66750","chr5","42777038","42777327","56","42710576"
"KN295968v1","73126","73428","chr7","83234605","83234916","24","83161479"
"KN295968v1","74859","75169","chr7","83236335","83236652","26","83161476"
"KN295968v1","193798","193949","chrX","19691360","19691511","39","19497562"
"KN295974v1","123733","124032","chr6","4764239","4764541","65","4640506"
"KN295974v1","218159","218437","chr1","56525912","56526194","39","56307753"
"KN295974v1","725276","725569","chr1","57064534","57064854","43","56339258"
"KN295974v1","886659","886799","chr1","57224702","57224842","7","56338043"
"KN295974v1","905143","905403","chr1","57243427","57243687","11","56338284"
"KN295974v1","1001163","1001434","chr1","57342053","57342325","51","56340890"
"KN295974v1","1016733","1016772","chr1","57359668","57359707","0","56342935"
"KN295974v1","1023729","1023853","chr1","57366578","57366701","10","56342849"
"KN295974v1","1216608","1216910","chr1","57543107","57543409","31","56326499"
"KN295974v1","1735717","1736038","chr1","58053881","58054198","20","56318164"
"KN295974v1","2289174","2289404","chr1","58642300","58642536","20","56353126"
"KN295974v1","2477565","2477880","chr1","58828464","58828754","56","56350899"
"KN295974v1","2766193","2766471","chr1","59136280","59136558","21","56370087"
"KN295974v1","3030325","3030460","chr11","8586861","8586996","23","5556536"
"KN295974v1","3084377","3084594","chr5","43286920","43287140","54","40202543"
"KN295974v1","3495056","3495240","chr1","59898787","59898968","20","56403731"
"KN295974v1","3495271","3495409","chr1","59898994","59899110","28","56403723"
"KN295974v1","4158515","4158813","chr1","60553556","60553854","18","56395041"
"KN295977v1","29546","29846","chr1","25384685","25384985","66","25355139"
"KN295977v1","40825","41143","chr11","77671633","77671948","31","77630808"
"KN295977v1","78098","78370","chr11","77635579","77635854","27","77557481"
"KN295977v1","93397","93707","chr11","77623534","77623832","35","77530137"
"KN295977v1","128077","128360","chr11","77578579","77578859","36","77450502"
"KN295977v1","140315","140601","chr11","77565530","77565830","33","77425215"
"KN295977v1","174105","174370","chr11","77531497","77531792","59","77357392"
"KN295977v1","191992","192131","chr22","13112927","13113067","27","12920935"
"KN295977v1","220845","221110","chr11","77475715","77475986","24","77254870"
"KN295977v1","240063","240340","chr11","77456414","77456694","31","77216351"
"KN295977v1","263171","263481","chr11","77433873","77434161","31","77170702"
"KN295977v1","362938","363232","chr3","50809382","50809681","62","50446444"
"KN295977v1","457067","457341","chr11","77224948","77225224","23","76767881"
"KN295977v1","521270","521418","chr11","77158806","77158956","14","76637536"
"KN295977v1","538374","538654","chr3","201143929","201144207","63","200605555"
"KN295977v1","584390","584695","chr11","77096064","77096371","40","76511674"
"KN295977v1","590668","590789","chr11","77090313","77090433","9","76499645"
"KN295977v1","610463","610760","chr4","151253148","151253437","66","150642685"
"KN295977v1","686512","686803","chr14","44797078","44797352","76","44110566"
"KN295977v1","692411","692682","chr11","76992313","76992591","19","76299902"
"KN295977v1","702934","703066","chr7","64148731","64148861","7","63445797"
"KN295977v1","715364","715664","chr12","52967815","52968111","54","52252451"
"KN295977v1","723474","723582","chr1","91230341","91230446","17","90506867"
"KN295977v1","882357","882544","chr17","44807109","44807295","41","43924752"
"KN295977v1","884792","885091","chr3","25655917","25656215","58","24771125"
"KN295977v1","925488","925794","chr11","123369288","123369590","54","122443800"
"KN295977v1","1039167","1039468","chr2A","45808642","45808943","62","44769475"
"KN295977v1","1060853","1061079","chr11","76667692","76667920","13","75606839"
"KN295977v1","1102291","1102411","chr3","62537828","62537948","25","61435537"
"KN295977v1","1109971","1110195","chr11","76649367","76649591","11","75539396"
"KN295977v1","1122504","1122795","chr3","155439367","155439663","55","154316863"
"KN295977v1","1134367","1134650","chr11","76624126","76624414","21","75489759"
"KN295977v1","1143542","1143835","chr11","76616273","76616562","28","75472731"
"KN295977v1","1153833","1154013","chr14","9460940","9461110","34","8307107"
"KN295977v1","1154044","1154156","chr4","43978316","43978429","24","42824272"
"KN295977v1","1173174","1173457","chr11","76589403","76589682","21","75416229"
"KN295977v1","1186613","1186926","chr1","118984423","118984731","58","117797810"
"KN295977v1","1194946","1195157","chr2B","18114829","18115037","49","16919883"
"KN295977v1","1216027","1216308","chr11","76541327","76541619","25","75325300"
"KN295977v1","1244727","1244804","chr9","112178923","112179000","14","110934196"
"KN295977v1","1280046","1280346","chr11","76479320","76479620","18","75199274"
"KN295978v1","24231","24517","chrX","84804048","84804326","27","84779817"
"KN295980v1","809048","809327","chr10","65022354","65022633","23","64213306"
"KN295980v1","841567","841698","chr3","13539438","13539570","19","12697871"
"KN295980v1","866268","866368","chr10","64968898","64968991","17","64102630"
"KN295980v1","892165","892461","chr10","64946096","64946392","25","64053931"
"KN295980v1","913534","913769","chr10","64921573","64921817","25","64008039"
"KN295980v1","945498","945624","chr21","4639466","4639587","28","3693968"
"KN295980v1","947096","947378","chr10","67444745","67445031","29","66497649"
"KN295980v1","948296","948596","chr9","8645816","8646116","34","7697520"
"KN295980v1","1058596","1058905","chr10","17114316","17114624","40","16055720"
"KN295980v1","1082124","1082417","chr19","2743283","2743577","60","1661159"
"KN295983v1","2376","2677","chr4","39042212","39042512","37","39039836"
"KN295983v1","6265","6561","chrX","53825086","53825371","59","53818821"
"KN295983v1","6679","6807","chr11","61938506","61938638","22","61931827"
"KN295983v1","99175","99481","chr4","38929372","38929678","36","38830197"
"KN295983v1","109478","109776","chr4","38918132","38918429","22","38808654"
"KN295983v1","133174","133298","chrX","107599569","107599695","21","107466395"
"KN295983v1","145722","146024","chr4","38876034","38876325","33","38730312"
"KN295983v1","146130","146393","chr4","38875646","38875907","16","38729516"
"KN295983v1","182132","182228","chr19","3050456","3050556","22","2868324"
"KN295983v1","243418","243696","chr13","23818472","23818751","55","23575054"
"KN295983v1","251607","251706","chr8","77312045","77312136","25","77060438"
"KN295983v1","345527","345838","chr4","38655083","38655378","39","38309556"
"KN295983v1","531435","531549","chr8","122086921","122087044","28","121555486"
"KN295983v1","567955","568086","chr3","42712940","42713074","26","42144985"
"KN295983v1","627433","627568","chr4","38364474","38364609","14","37737041"
"KN295983v1","654152","654417","chr4","38335959","38336233","32","37681807"
"KN295983v1","786019","786183","chr17","4379848","4380005","35","3593829"
"KN295983v1","866654","866821","chr1","39380094","39380248","39","38513440"
"KN295983v1","1267929","1268224","chr4","37736664","37736965","35","36468735"
"KN295983v1","1286095","1286348","chr4","37718797","37719053","19","36432702"
"KN295983v1","1321633","1321940","chr4","37681436","37681742","40","36359803"
"KN295983v1","1382021","1382132","chrX","19316669","19316776","24","17934648"
"KN295983v1","1398237","1398550","chr4","37599770","37600070","33","36201533"
"KN295983v1","1474046","1474348","chr4","37525834","37526137","19","36051788"
"KN295983v1","1537099","1537123","chr3","177161289","177161312","6","175624190"
"KN295983v1","1537152","1537437","chr4","37468426","37468714","24","35931274"
"KN295983v1","1541228","1541545","chr4","37464369","37464675","33","35923141"
"KN295983v1","1584323","1584509","chr4","37420811","37421009","23","35836488"
"KN295983v1","1656424","1656733","chr4","37358170","37358488","38","35701746"
"KN295983v1","2208212","2208450","chr7","76355800","76356030","60","74147588"
"KN295983v1","2306186","2306504","chr10","12679089","12679403","75","10372903"
"KN295983v1","2308715","2308847","chr2A","64529264","64529396","23","62220549"
"KN295983v1","2382660","2382786","chr19","7452591","7452717","32","5069931"
"KN295983v1","2987047","2987354","chr4","36044742","36045037","48","33057695"
"KN295983v1","3285044","3285335","chr4","35740975","35741265","30","32455931"
"KN295984v1","7184","7469","chr9","107102070","107102355","13","107094886"
"KN295984v1","103244","103528","chr9","107198016","107198301","25","107094772"
"KN295984v1","139750","139833","chr8","36579781","36579864","11","36440031"
"KN295984v1","171843","172124","chr9","107261762","107262063","52","107089919"
"KN295984v1","173478","173743","chr19","32281707","32281979","66","32108229"
"KN295984v1","174107","174406","chr9","107264050","107264343","26","107089943"
"KN295984v1","243582","243879","chr10","137324559","137324858","55","137080977"
"KN295984v1","297331","297610","chr7","77503434","77503704","62","77206103"
"KN295984v1","330767","331009","chr9","107427003","107427258","31","107096236"
"KN295984v1","421556","421862","chr9","107521561","107521861","32","107100005"
"KN295984v1","429638","429857","chr2B","94212450","94212669","50","93782812"
"KN295984v1","468957","469262","chr9","107581438","107581750","32","107112481"
"KN295984v1","748403","748682","chr7","75830548","75830834","64","75082145"
"KN295984v1","793523","793824","chr8","145526188","145526484","51","144732665"
"KN295984v1","833572","833711","chr9","107947705","107947836","24","107114133"
"KN295984v1","835947","836074","chr9","107950050","107950177","4","107114103"
"KN295984v1","865277","865409","chr9","107977164","107977296","5","107111887"
"KN295984v1","872585","872884","chr15","68143396","68143687","52","67270811"
"KN295984v1","963759","964030","chr9","108082793","108083061","25","107119034"
"KN295984v1","978365","978650","chr9","108096389","108096696","37","107118024"
"KN295984v1","1070655","1070945","chr9","108190665","108190960","31","107120010"
"KN295984v1","1131693","1131836","chr12","110453983","110454125","25","109322290"
"KN295984v1","1186983","1187208","chr9","108308702","108308927","20","107121719"
"KN295984v1","1296066","1296183","chr1","28308152","28308274","23","27012086"
"KN295984v1","1329336","1329640","chr9","108442077","108442389","32","107112741"
"KN295984v1","1339150","1339451","chr12","116620929","116621223","76","115281779"
"KN295984v1","1373532","1373832","chr9","108487142","108487434","24","107113610"
"KN295984v1","1522240","1522438","chr18","925116","925305","48","597124"
"KN295984v1","1522756","1522883","chr9","108632028","108632160","15","107109272"
"KN295984v1","1555028","1555147","chrX","3533817","3533929","28","1978789"
"KN295984v1","1555455","1555591","chr12","95795517","95795652","27","94240062"
"KN295984v1","1561414","1561716","chr9","108667534","108667827","21","107106120"
"KN295984v1","1575450","1575607","chr14","86281494","86281664","42","84706044"
"KN295984v1","1575902","1576051","chr12","110573514","110573668","31","108997612"
"KN295984v1","1640318","1640404","chr9","108741594","108741682","9","107101276"
"KN295984v1","1646855","1647031","chr1","42868965","42869142","39","41222110"
"KN295984v1","1648793","1648929","chr9","108750068","108750204","6","107101275"
"KN295984v1","1682218","1682517","chr9","108783190","108783487","26","107100972"
"KN295984v1","1692873","1693212","chr9","108793723","108794047","34","107100850"
"KN295984v1","1740819","1740949","chr3","45306982","45307120","24","43566163"
"KN295984v1","1750052","1750257","chr1","157420700","157420898","42","155670648"
"KN295984v1","1752199","1752328","chr9","108842588","108842722","12","107090389"
"KN295984v1","1883878","1884160","chr9","108985053","108985351","34","107101175"
"KN295984v1","2022763","2022906","chr9","109117466","109117605","17","107094703"
"KN295984v1","2035265","2035561","chr9","109127686","109127977","26","107092421"
"KN295984v1","2057637","2057748","chr4","106627324","106627440","28","104569687"
"KN295984v1","2205250","2205436","chr9","109289419","109289606","19","107084169"
"KN295984v1","2271856","2272160","chr7","156885225","156885531","56","154613369"
"KN295984v1","2272163","2272462","chr9","109354423","109354724","18","107082260"
"KN295984v1","2362109","2362239","chr20","31459769","31459900","14","29097660"
"KN295984v1","2388780","2388898","chr9","109469442","109469569","18","107080662"
"KN295984v1","2521771","2521946","chr19","3019920","3020089","40","498149"
"KN295984v1","2522571","2522720","chr20","32925163","32925309","30","30402592"
"KN295984v1","2626610","2626908","chr9","109702076","109702373","21","107075466"
"KN295984v1","2773259","2773380","chr14","58945348","58945472","19","56172089"
"KN295984v1","2949516","2949800","chr12","121769083","121769363","57","118819567"
"KN295984v1","2957032","2957247","chr3","162747492","162747699","45","159790460"
"KN295984v1","2958910","2959001","chr8","122091856","122091950","18","119132946"
"KN295984v1","2960519","2960795","chr9","110031377","110031654","14","107070858"
"KN295984v1","3043433","3043553","chr9","110113380","110113497","16","107069947"
"KN295984v1","3130751","3131044","chr8","27712271","27712562","60","24581520"
"KN295984v1","3184894","3185180","chr9","110227787","110228092","37","107042893"
"KN295984v1","3188491","3188733","chr2A","89599275","89599514","57","86410784"
"KN295984v1","3225921","3226194","chr15","10320685","10320953","58","7094764"
"KN295984v1","3260638","3260752","chr16","4208094","4208207","16","947456"
"KN295984v1","3263581","3263875","chrX","151124597","151124886","54","147861016"
"KN295984v1","3264231","3264552","chr8","11984036","11984340","62","8719805"
"KN295984v1","3387123","3387418","chr9","110463069","110463363","22","107075946"
"KN295987v1","37601","37771","chr3","158136587","158136759","13","158098986"
"KN295987v1","38091","38223","chr3","158137066","158137200","10","158098975"
"KN295987v1","159405","159615","chr3","158299536","158299777","42","158140131"
"KN295987v1","208015","208320","chr3","158342510","158342807","24","158134495"
"KN295987v1","243503","243787","chr3","158371406","158371690","45","158127903"
"KN295987v1","278874","279136","chr3","158402216","158402478","20","158123342"
"KN295987v1","305442","305567","chr20","23679330","23679453","20","23373888"
"KN295987v1","408903","408976","chr6","110130109","110130184","13","109721206"
"KN295987v1","1039126","1039429","chr3","159123806","159124108","19","158084680"
"KN295987v1","1562964","1563298","chr3","159629633","159629960","18","158066669"
"KN295987v1","1591680","1591995","chr6","157423258","157423565","63","155831578"
"KN295987v1","1737812","1737941","chr7","121907755","121907885","26","120169943"
"KN295987v1","1856764","1857010","chr19","4937427","4937673","55","3080663"
"KN295987v1","1950409","1950713","chr3","160014860","160015168","22","158064451"
"KN295988v1","60042","60327","chr10","126901442","126901723","53","126841400"
"KN295988v1","118744","119047","chr3","42919033","42919335","56","42800289"
"KN295988v1","253450","253734","chr10","127146412","127146697","15","126892962"
"KN295988v1","337182","337467","chr17","78486564","78486860","70","78149382"
"KN295988v1","490300","490481","chr5","58687579","58687757","34","58197279"
"KN295988v1","818784","819066","chr10","127721744","127722033","27","126902960"
"KN295988v1","903206","903494","chr10","127807491","127807783","34","126904285"
"KN295988v1","927241","927572","chr9","12780299","12780625","68","11853058"
"KN295988v1","928799","928921","chr6","30972658","30972778","18","30043859"
"KN295988v1","935614","935905","chr10","127850363","127850661","24","126914749"
"KN295988v1","1096976","1097118","chrX","147839285","147839407","38","146742309"
"KN295988v1","1110665","1110932","chr10","128020694","128020972","31","126910029"
"KN295988v1","1291632","1291764","chr10","128156976","128157109","7","126865344"
"KN295988v1","1643128","1643281","chr17","4379848","4380005","29","2736720"
"KN295991v1","24175","24429","chr2B","105701957","105702207","20","105677782"
"KN295991v1","32640","32925","chr2B","105711054","105711340","25","105678414"
"KN295991v1","85687","85842","chr2B","105764691","105764845","12","105679004"
"KN295991v1","475154","475426","chr2B","106152322","106152581","25","105677168"
"KN295994v1","38797","39094","chr18","28944784","28945081","28","28905987"
"KN295994v1","212315","212444","chr18","29118307","29118433","12","28905992"
"KN295994v1","255614","255738","chr7","100910910","100911033","17","100655296"
"KN295994v1","333141","333405","chr18","29237713","29237993","33","28904572"
"KN295994v1","383986","384282","chr7","122862805","122863106","66","122478819"
"KN295994v1","386401","386673","chr18","29286941","29287208","19","28900540"
"KN295994v1","401730","402062","chr18","29295810","29296138","39","28894080"
"KN295994v1","402065","402184","chr12","76325321","76325426","28","75923256"
"KN295994v1","434118","434439","chr4","196888880","196889196","83","196454762"
"KN295994v1","549930","550218","chr18","29431190","29431468","32","28881260"
"KN295994v1","601067","601371","chr18","29480064","29480372","27","28878997"
"KN295995v1","60343","60500","chr10","13373141","13373305","25","13312798"
"KN295995v1","84806","84934","chr10","13401457","13401585","10","13316651"
"KN295995v1","95465","95724","chr15","77474075","77474344","73","77378610"
"KN295995v1","103265","103563","chr10","13418845","13419134","26","13315580"
"KN295995v1","129662","129972","chr10","13443564","13443871","25","13313902"
"KN295995v1","131256","131563","chr10","13444870","13445177","8","13313614"
"KN295995v1","148647","148941","chr10","13465519","13465808","39","13316872"
"KN295995v1","159991","160136","chr1","149058104","149058251","26","148898113"
"KN295995v1","160443","160600","chr17","1711512","1711672","36","1551069"
"KN295995v1","188604","188740","chr7","92497970","92498103","26","92309366"
"KN295995v1","202095","202355","chr3","28203116","28203362","54","28001021"
"KN295995v1","204907","205229","chr13","6336210","6336518","71","6131303"
"KN295995v1","229140","229271","chr10","13551085","13551214","13","13321945"
"KN295995v1","284693","284849","chr12","70665430","70665587","41","70380737"
"KN295995v1","318154","318447","chr10","13658162","13658457","27","13340008"
"KN295995v1","361780","362065","chr15","49058132","49058404","71","48696352"
"KN295995v1","570928","571223","chr10","13910163","13910461","28","13339235"
"KN295995v1","607213","607442","chr1","101601091","101601323","40","100993878"
"KN295995v1","639617","639883","chr10","13978130","13978386","24","13338513"
"KN295995v1","656391","656699","chr10","13992685","13992993","27","13336294"
"KN295995v1","664976","665242","chr10","14001253","14001518","19","13336277"
"KN295995v1","676147","676350","chr15","28739024","28739223","54","28062877"
"KN295995v1","685967","686284","chr10","14021979","14022279","32","13336012"
"KN295995v1","691575","691872","chr8","74437349","74437635","63","73745774"
"KN295995v1","702913","703178","chr10","14038989","14039271","37","13336076"
"KN295995v1","753826","754109","chr10","14087785","14088072","22","13333959"
"KN295995v1","832006","832217","chr10","14165059","14165260","30","13333053"
"KN295995v1","838458","838765","chr13","18328261","18328571","51","17489803"
"KN295995v1","898156","898425","chr10","14233452","14233707","34","13335296"
"KN295995v1","936240","936531","chr20","30801767","30802056","77","29865527"
"KN295995v1","958482","958641","chr3","42398875","42399048","49","41440393"
"KN295995v1","1056484","1056809","chr10","14391422","14391733","51","13334938"
"KN295995v1","1065869","1066190","chr10","14401342","14401662","21","13335473"
"KN295995v1","1138088","1138392","chr10","65163569","65163884","71","64025481"
"KN295995v1","1527270","1527389","chr10","14859010","14859129","13","13331740"
"KN295995v1","1743008","1743316","chr10","15071042","15071328","42","13328034"
"KN295995v1","1825183","1825463","chr10","15156498","15156763","30","13331315"
"KN295995v1","1870105","1870228","chr2A","21792748","21792871","28","19922643"
"KN295995v1","1885950","1885977","chr10","35686165","35686186","10","33800215"
"KN295995v1","1886282","1886404","chr10","15209970","15210103","24","13323688"
"KN295995v1","1936689","1936886","chr5","45594276","45594468","45","43657587"
"KN295996v1","48231","48514","chr15","44795451","44795737","56","44747220"
"KN295996v1","183901","184231","chr8","41638671","41639031","60","41454770"
"KN295996v1","186368","186667","chr8","41635218","41635521","35","41448850"
"KN295996v1","206040","206351","chr8","41616409","41616694","38","41410369"
"KN295996v1","244567","244874","chr17","37653959","37654259","72","37409392"
"KN295996v1","266619","266868","chr8","18636281","18636545","68","18369662"
"KN295996v1","326998","327116","chr8","41486309","41486438","20","41159311"
"KN295996v1","335991","336272","chr8","41477968","41478251","36","41141977"
"KN295996v1","348383","348695","chr8","41465230","41465526","33","41116847"
"KN295996v1","356250","356506","chrX","51341655","51341920","73","50985405"
"KN295996v1","362247","362423","chr6","29676914","29677091","39","29314667"
"KN295996v1","385583","385716","chr1","19384877","19384997","43","18999294"
"KN295996v1","419831","419985","chr8","41394813","41394963","8","40974982"
"KN295998v1","110636","110754","chr6","18445243","18445360","22","18334607"
"KN295998v1","387229","387522","chr6","117490100","117490395","20","117102871"
"KN295999v1","38226","38522","chr2B","46345085","46345392","23","46306859"
"KN295999v1","38758","38827","chrX","12661653","12661722","18","12622895"
"KN296000v1","83139","83271","chr6","112147984","112148116","14","112064845"
"KN296000v1","185435","185715","chr6","112256609","112256888","24","112071174"
"KN296000v1","231110","231243","chr6","112303204","112303333","11","112072094"
"KN296000v1","293656","293771","chr6","112368269","112368384","8","112074613"
"KN296000v1","388513","388618","chr1","110257321","110257427","22","109868808"
"KN296000v1","539568","539863","chr11","113770221","113770512","43","113230653"
"KN296000v1","633358","633686","chr1","138953528","138953839","81","138320170"
"KN296000v1","633695","633829","chr6","112693180","112693315","9","112059485"
"KN296000v1","640557","640688","chr6","112700117","112700248","8","112059560"
"KN296000v1","715808","715934","chr12","4712795","4712919","16","3996987"
"KN296000v1","719918","719938","chr1","133139314","133139330","7","132419396"
"KN296000v1","720261","720402","chr6","112769507","112769638","22","112049246"
"KN296000v1","756005","756301","chr3","5358697","5358991","60","4602692"
"KN296000v1","807567","807696","chr6","112834382","112834511","12","112026815"
"KN296000v1","870367","870693","chr5","118111615","118111947","58","117241248"
"KN296000v1","913061","913365","chr10","46400994","46401300","53","45487933"
"KN296000v1","942775","942905","chr20","32758604","32758734","19","31815829"
"KN296000v1","960329","960629","chr3","53674352","53674655","69","52714023"
"KN296000v1","970991","971283","chr6","112992631","112992933","44","112021640"
"KN296000v1","973661","973795","chr6","112995301","112995434","15","112021640"
"KN296000v1","999728","999850","chr6","113021691","113021814","11","112021963"
"KN296000v1","1009646","1009954","chr3","47510469","47510778","70","46500823"
"KN296000v1","1069998","1070209","chr5","21501788","21501999","55","20431790"
"KN296000v1","1107488","1107762","chr6","113127254","113127530","26","112019766"
"KN296000v1","1114066","1114199","chr4","72040044","72040168","28","70925978"
"KN296000v1","1166085","1166378","chr12","98373787","98374081","53","97207702"
"KN296000v1","1171020","1171152","chr6","113187864","113187996","9","112016844"
"KN296000v1","1180924","1181228","chr6","113197857","113198151","24","112016933"
"KN296000v1","1188627","1188916","chr8","90581332","90581626","62","89392705"
"KN296000v1","1215920","1216055","chr6","113233823","113233958","7","112017903"
"KN296000v1","1269218","1269390","chr6","110679659","110679829","35","109410441"
"KN296000v1","1337681","1337932","chr8","145255184","145255456","54","143917503"
"KN296000v1","1434264","1434387","chr3","126483087","126483211","20","125048823"
"KN296000v1","1524620","1524742","chrX","70809834","70809959","17","69285214"
"KN296001v1","149395","149526","chr13","1810927","1811060","21","1661532"
"KN296001v1","150104","150411","chr5","73626343","73626627","79","73476239"
"KN296001v1","222019","222339","chr6","111918240","111918539","50","111696221"
"KN296001v1","233944","234219","chr6","111928902","111929195","29","111694958"
"KN296001v1","269091","269390","chr6","111968670","111968967","20","111699579"
"KN296002v1","137326","137457","chr2B","1772931","1773062","9","1635605"
"KN296002v1","319205","319376","chr2A","62887712","62887874","34","62568507"
"KN296004v1","9316","9440","chr18","28062920","28063043","14","28053604"
"KN296004v1","46800","47089","chrX","15561116","15561405","16","15514316"
"KN296004v1","487667","487948","chrX","15121666","15121948","15","14633999"
"KN296004v1","544989","545074","chrX","15046940","15047025","6","14501951"
"KN296009v1","63807","63936","chr1","76595810","76595939","23","76532003"
"KN296009v1","93487","93774","chr6","5057915","5058206","38","4964428"
"KN296009v1","133368","133657","chr7","76212394","76212691","67","76079026"
"KN296009v1","157192","157500","chr16","77202423","77202738","58","77045231"
"KN296009v1","174821","174952","chr6","4159389","4159520","4","3984568"
"KN296009v1","233570","233864","chr1","134003849","134004141","63","133770279"
"KN296009v1","263528","263831","chr6","4946400","4946707","45","4682872"
"KN296009v1","277209","277448","chr6","4932618","4932849","29","4655409"
"KN296009v1","281113","281393","chr6","4927317","4927626","48","4646204"
"KN296009v1","364928","365224","chr6","4843844","4844136","25","4478916"
"KN296009v1","438158","438463","chr6","4764239","4764541","23","4326081"
"KN296009v1","514907","515197","chr6","4687781","4688066","20","4172874"
"KN296009v1","565028","565150","chr2B","53458136","53458259","19","52893108"
"KN296009v1","622335","622483","chr6","4583207","4583339","24","3960872"
"KN296009v1","669389","669520","chr1","32748533","32748664","23","32079144"
"KN296009v1","778203","778366","chr6","4432388","4432552","21","3654185"
"KN296009v1","836466","836769","chr6","4374312","4374619","29","3537846"
"KN296009v1","974496","974628","chr6","4222049","4222185","14","3247553"
"KN296009v1","1037557","1037688","chr6","4159389","4159520","3","3121832"
"KN296009v1","1290813","1291116","chr10","16208354","16208648","74","14917541"
"KN296009v1","1328389","1328518","chr22","11274543","11274673","20","9946154"
"KN296009v1","1375834","1375946","chr6","3843399","3843506","9","2467565"
"KN296009v1","1383754","1384052","chr6","3835417","3835706","36","2451663"
"KN296009v1","1467565","1467850","chr6","3751061","3751338","27","2283496"
"KN296011v1","13689","13870","chr12","98723892","98724071","34","98710203"
"KN296011v1","78460","78742","chr1","192567717","192568002","16","192489257"
"KN296011v1","113707","113864","chr1","192535850","192536002","15","192422143"
"KN296011v1","130570","130825","chr1","192517008","192517266","28","192386438"
"KN296011v1","135388","135689","chr5","19744576","19744864","58","19609188"
"KN296011v1","242389","242689","chr1","192388281","192388584","41","192145892"
"KN296011v1","395841","396148","chr12","95072037","95072347","63","94676196"
"KN296017v1","67387","67673","chr1","2754447","2754744","33","2687060"
"KN296017v1","68818","68988","chr1","2753149","2753306","18","2684331"
"KN296017v1","146422","146694","chr1","2664675","2664960","40","2518253"
"KN296017v1","256766","257103","chr5","20644803","20645097","107","20388037"
"KN296017v1","368656","368788","chr6","5230811","5230938","17","4862155"
"KN296019v1","62812","63049","chr2A","89599275","89599514","67","89536463"
"KN296019v1","69756","70056","chr8","77569378","77569682","67","77499622"
"KN296019v1","71734","71868","chr3","162952721","162952852","22","162880987"
"KN296019v1","116084","116299","chr1","15494734","15494954","60","15378650"
"KN296019v1","169650","169957","chrX","47868144","47868442","37","47698494"
"KN296019v1","203983","204114","chr1","33726659","33726789","23","33522676"
"KN296019v1","216167","216469","chr13","78209166","78209473","61","77992999"
"KN296019v1","224527","224834","chrX","47927307","47927611","26","47702780"
"KN296019v1","230897","231037","chrX","47934019","47934168","15","47703122"
"KN296019v1","247517","247812","chrX","47960149","47960435","24","47712632"
"KN296019v1","248127","248429","chrX","47960764","47961050","35","47712637"
"KN296019v1","257691","257995","chr10","106510787","106511088","66","106253096"
"KN296019v1","263088","263394","chrX","47976669","47976975","18","47713581"
"KN296019v1","266807","266932","chr9","34191895","34192023","18","33925088"
"KN296019v1","297545","297759","chrX","48003102","48003310","11","47705557"
"KN296019v1","312315","312444","chr1","53806134","53806265","21","53493819"
"KN296019v1","340359","340494","chrX","48036215","48036350","9","47695856"
"KN296019v1","363127","363579","chr1","3222651","3223042","164","2859524"
"KN296019v1","367670","367977","chr7","148122134","148122436","51","147754464"
"KN296019v1","433202","433547","chrX","48135786","48136132","13","47702584"
"KN296019v1","435144","435433","chrX","48137522","48137816","16","47702378"
"KN296019v1","467169","467274","chr3","44464613","44464711","26","43997444"
"KN296019v1","600325","600609","chr13","23818472","23818751","48","23218147"
"KN296021v1","16967","17263","chrX","29238747","29239054","36","29221780"
"KN296021v1","126548","126836","chr19","7721254","7721535","65","7594706"
"KN296022v1","36323","36353","chr1","203828611","203828641","6","203792288"
"KN296022v1","36399","36664","chr9","76928200","76928479","63","76891801"
"KN296022v1","115479","115776","chrX","132973625","132973909","41","132858146"
"KN296024v1","130901","130970","chr1","90128774","90128843","1","89997873"
"KN296024v1","232552","232866","chr1","90213212","90213495","55","89980660"
"KN296024v1","245594","245868","chr6","36083692","36083989","71","35838098"
"KN296025v1","52323","52615","chr5","28012781","28013079","64","27960458"
"KN296025v1","64955","65271","chr4","99448521","99448847","34","99383566"
"KN296025v1","132042","132117","chr8","90857263","90857344","15","90725221"
"KN296025v1","149858","149982","chr4","99373086","99373210","13","99223228"
"KN296025v1","165768","165887","chr11","69842494","69842615","16","69676726"
"KN296025v1","166431","166685","chr4","99357692","99357973","49","99191261"
"KN296025v1","173084","173381","chr4","99350348","99350648","25","99177264"
"KN296025v1","263179","263492","chr6","123273648","123273956","59","123010469"
"KN296025v1","268160","268453","chr19","16561444","16561737","57","16293284"
"KN296025v1","334036","334326","chr4","99189690","99189991","30","98855654"
"KN296025v1","350512","350761","chr4","99173826","99174075","15","98823314"
"KN296025v1","417720","417836","chr12","37395285","37395400","27","36977565"
"KN296027v1","116464","116638","chr8","38602605","38602787","38","38486141"
"KN296035v1","829075","829194","chr1","78980030","78980153","15","78150955"
"KN296036v1","716392","716554","chr3","187367067","187367243","29","186650675"
"KN296036v1","716851","716985","chr3","187366647","187366770","18","186649796"
"KN296036v1","834776","835002","chr3","187250489","187250708","17","186415713"
"KN296036v1","893382","893609","chr3","187203768","187204019","39","186310386"
"KN296036v1","912876","913181","chr3","187185024","187185323","35","186272148"
"KN296036v1","918159","918424","chr1","9063804","9064063","60","8145645"
"KN296036v1","976894","977188","chrX","22025265","22025554","58","21048371"
"KN296036v1","979530","979802","chr3","187115611","187115884","31","186136081"
"KN296036v1","983028","983308","chr3","187112015","187112311","48","186128987"
"KN296036v1","1015676","1015927","chr3","187079622","187079873","22","186063946"
"KN296036v1","1038362","1038498","chr6","13798919","13799051","21","12760557"
"KN296036v1","1144441","1144713","chr3","186947204","186947491","32","185802763"
"KN296036v1","1165804","1166088","chr3","186920754","186921052","38","185754950"
"KN296036v1","1202278","1202527","chr3","186872046","186872288","19","185669768"
"KN296036v1","1218684","1218953","chr3","59022861","59023133","66","57804177"
"KN296036v1","1226790","1226974","chr7","39001121","39001291","44","37774331"
"KN296036v1","1227011","1227129","chrX","16933641","16933756","18","15706630"
"KN296036v1","1275909","1276148","chr9","41119611","41119837","71","39843702"
"KN296036v1","1311621","1311907","chr3","156504884","156505167","68","155193263"
"KN296036v1","1316202","1316465","chr8","8289684","8289941","62","6973482"
"KN296036v1","1319804","1320097","chr3","186757855","186758145","25","185438051"
"KN296036v1","1323489","1323780","chr4","42028775","42029076","68","40705286"
"KN296036v1","1402171","1402334","chr15","68687281","68687441","35","67285110"
"KN296036v1","1402600","1402751","chr4","151177378","151177518","29","149774778"
"KN296036v1","1441966","1442181","chr3","186629003","186629211","14","185187037"
"KN296036v1","1894876","1895043","chr3","186188092","186188266","32","184293216"
"KN296036v1","1895338","1895476","chr16","9060995","9061130","25","7165657"
"KN296036v1","1914263","1914560","chr3","186177749","186178017","51","184263486"
"KN296036v1","1958156","1958456","chr10","36454766","36455065","63","34496610"
"KN296036v1","2044033","2044270","chr16","75101253","75101499","67","73057220"
"KN296036v1","2060505","2060700","chr3","186036272","186036486","33","183975767"
"KN296036v1","2148645","2148876","chr3","185945816","185946053","20","183797171"
"KN296036v1","2357415","2357587","chr3","185733483","185733658","11","183376068"
"KN296037v1","76147","76441","chrX","152772365","152772661","29","152696218"
"KN296040v1","213220","213341","chr10","109728768","109728888","5","109515548"
"KN296040v1","222220","222508","chr10","109737293","109737574","29","109515073"
"KN296040v1","254144","254296","chr14","257402","257554","30","3258"
"KN296040v1","282245","282542","chr10","109798936","109799218","32","109516691"
"KN296040v1","362898","363187","chr7","36156236","36156533","64","35793338"
"KN296040v1","364550","364689","chr17","34920695","34920827","21","34556145"
"KN296040v1","421145","421446","chr11","71146200","71146505","53","70725055"
"KN296040v1","432154","432450","chr10","109962567","109962860","16","109530413"
"KN296040v1","467913","468206","chr14","89420211","89420506","58","88952298"
"KN296040v1","519347","519629","chr14","44611309","44611594","59","44091962"
"KN296040v1","564071","564251","chr10","110089985","110090167","12","109525914"
"KN296040v1","564581","564735","chr10","110090468","110090618","9","109525887"
"KN296040v1","574422","574714","chr10","110100300","110100599","26","109525878"
"KN296040v1","588124","588307","chr1","36141303","36141487","39","35553179"
"KN296040v1","588600","588737","chr17","15848712","15848848","24","15260112"
"KN296040v1","598684","598978","chr10","110124171","110124474","23","109525487"
"KN296040v1","619716","620024","chr10","110144702","110144996","33","109524986"
"KN296040v1","784167","784387","chr10","110308622","110308848","15","109524455"
"KN296040v1","927889","928078","chr14","75694128","75694315","43","74766239"
"KN296040v1","955017","955305","chr10","110475458","110475759","27","109520441"
"KN296040v1","972932","973230","chr10","110497077","110497369","23","109524145"
"KN296047v1","31486","31800","chr16","28552488","28552804","63","28521002"
"KN296047v1","270622","270879","chr7","43721637","43721904","68","43451015"
"KN296054v1","79358","79651","chr7","110576246","110576546","33","110496888"
"KN296054v1","218175","218461","chr16","48630682","48630958","74","48412507"
"KN296056v1","55790","56086","chr12","22260025","22260319","27","22204235"
"KN296056v1","68781","68899","chr1","186353850","186353968","22","186285069"
"KN296058v1","25422","25731","chr1","94184963","94185274","67","94159541"
"KN296058v1","27826","27936","chr2A","80118842","80118956","23","80091016"
"KN296058v1","190905","191186","chr10","6967515","6967803","72","6776610"
"KN296058v1","191801","192091","chrX","5071285","5071585","58","4879484"
"KN296061v1","47444","47738","chr18","51132389","51132682","21","51084945"
"KN296061v1","57471","57734","chr18","51121978","51122266","44","51064507"
"KN296062v1","68081","68242","chr5","55445449","55445600","35","55377368"
"KN296062v1","98100","98396","chr4","6615194","6615493","64","6517094"
"KN296062v1","219281","219409","chr11","67649941","67650071","5","67430660"
"KN296062v1","283112","283248","chr11","67559289","67559425","11","67276177"
"KN296062v1","283250","283535","chr11","67559427","67559735","43","67276177"
"KN296062v1","291623","291775","chr12","116465903","116466058","38","116174280"
"KN296062v1","291802","291921","chr3","199586744","199586862","14","199294942"
"KN296062v1","328817","329099","chr11","67516193","67516475","20","67187376"
"KN296062v1","337723","337966","chr11","67508016","67508263","26","67170293"
"KN296062v1","354292","354580","chr11","86352795","86353080","56","85998503"
"KN296062v1","378577","378796","chr12","33040648","33040854","59","32662071"
"KN296062v1","395327","395630","chr11","67453698","67453995","25","67058371"
"KN296062v1","483658","483902","chr11","67363514","67363778","33","66879856"
"KN296062v1","522774","523059","chr12","11449412","11449696","45","10926638"
"KN296062v1","528638","528932","chr1","41665186","41665478","56","41136548"
"KN296062v1","737827","738164","chr11","66810779","66811120","29","66072952"
"KN296062v1","738454","738465","chr19","19031245","19031255","2","18292791"
"KN296062v1","742450","742743","chr11","66807268","66807558","17","66064818"
"KN296062v1","777882","777987","chr11","66766681","66766778","14","65988799"
"KN296062v1","834098","834383","chr11","66713713","66713994","27","65879615"
"KN296062v1","919559","919859","chr6","32169761","32170066","78","31250202"
"KN296062v1","966199","966457","chr8","28568856","28569124","60","27602657"
"KN296062v1","973347","973485","chr4","41394170","41394300","28","40420823"
"KN296062v1","975209","975471","chr11","66566165","66566416","24","65590956"
"KN296062v1","981669","981967","chr14","57989515","57989808","54","57007846"
"KN296062v1","1129701","1129990","chr11","66415271","66415560","19","65285570"
"KN296062v1","1217136","1217309","chr7","76164027","76164190","51","74946891"
"KN296062v1","1238995","1239123","chr16","40417747","40417875","13","39178752"
"KN296062v1","1314322","1314620","chr11","66224082","66224385","30","64909760"
"KN296062v1","1314637","1314762","chr11","66223938","66224070","17","64909301"
"KN296062v1","1324770","1324928","chr8","14254385","14254549","34","12929615"
"KN296062v1","1325230","1325296","chr19","38440952","38441015","16","37115722"
"KN296062v1","1325581","1325657","chr11","66215195","66215271","4","64889614"
"KN296062v1","1393996","1394127","chr1","93500052","93500181","19","92106056"
"KN296062v1","1396301","1396427","chr11","66127290","66127417","13","64730989"
"KN296062v1","1401161","1401198","chr22","30267697","30267732","10","28866536"
"KN296062v1","1401513","1401662","chr11","66122459","66122635","47","64720946"
"KN296062v1","1478727","1478855","chr11","66041617","66041746","10","64562890"
"KN296062v1","1519264","1519484","chr11","65993334","65993551","10","64474070"
"KN296062v1","1544031","1544158","chr20","35800564","35800690","16","34256533"
"KN296062v1","1544424","1544713","chr11","65967468","65967758","26","64423044"
"KN296062v1","1557624","1557938","chr11","65955302","65955581","44","64397678"
"KN296062v1","1609826","1610132","chr11","65904918","65905222","26","64295092"
"KN296062v1","1681660","1681869","chr11","65840712","65840922","19","64159052"
"KN296062v1","1706286","1706426","chr11","65816352","65816493","11","64110066"
"KN296062v1","1706734","1706904","chr11","65815865","65816048","22","64109131"
"KN296062v1","1728804","1728996","chr8","38602605","38602787","39","36873801"
"KN296062v1","1737926","1738229","chr10","107135891","107136190","53","105397965"
"KN296062v1","1757411","1757529","chr19","11698621","11698733","36","9941210"
"KN296062v1","1772573","1772620","chrX","15683600","15683647","6","13911027"
"KN296062v1","1793937","1794248","chr11","65721477","65721798","32","63927540"
"KN296062v1","1796256","1796537","chr11","65719303","65719583","25","63923047"
"KN296062v1","1830766","1831070","chr11","65688066","65688375","23","63857300"
"KN296062v1","1855727","1856009","chr1","195960784","195961069","54","194105057"
"KN296062v1","2037006","2037315","chr3","125329164","125329471","56","123292158"
"KN296062v1","2052557","2052833","chr6","18841527","18841805","55","16788970"
"KN296062v1","2053366","2053670","chr6","34428776","34429070","60","32375410"
"KN296062v1","2075398","2075644","chr5","133372617","133372862","50","131297219"
"KN296062v1","2080847","2081150","chr11","65451101","65451395","30","63370254"
"KN296062v1","2102490","2102619","chr11","117258906","117259035","21","115156416"
"KN296062v1","2115260","2115434","chr5","121595120","121595294","34","119479860"
"KN296062v1","2115735","2115868","chr7","121907755","121907885","22","119792020"
"KN296062v1","2120416","2120541","chr20","9544356","9544483","32","7423940"
"KN296062v1","2142388","2142515","chrX","45324284","45324411","19","43181896"
"KN296062v1","2155226","2155359","chr11","65374480","65374613","7","63219254"
"KN296062v1","2227211","2227509","chr11","65295914","65296226","38","63068703"
"KN296062v1","2229724","2230024","chr11","65293501","65293798","24","63063777"
"KN296062v1","2243717","2243844","chr6","5230811","5230938","24","2987094"
"KN296062v1","2271004","2271313","chr19","14089649","14089951","61","11818645"
"KN296062v1","2324106","2324230","chr1","23553421","23553542","28","21229315"
"KN296062v1","2324543","2324704","chr7","5391682","5391841","31","3067139"
"KN296062v1","2338511","2338812","chr11","65186403","65186668","57","62847892"
"KN296062v1","2356334","2356541","chr11","65165908","65166116","18","62809574"
"KN296062v1","2361451","2361719","chr10","139345962","139346228","54","136984511"
"KN296062v1","2364587","2364737","chr15","59500784","59500924","44","57136197"
"KN296062v1","2392568","2392867","chr18","11465591","11465890","69","9073023"
"KN296062v1","2404196","2404492","chr10","92000147","92000431","68","89595951"
"KN296062v1","2428405","2428702","chr11","65090320","65090611","15","62661915"
"KN296062v1","2458918","2458981","chr16","4879169","4879232","18","2420251"
"KN296062v1","2459632","2459922","chr11","65060170","65060434","45","62600538"
"KN296062v1","2476375","2476697","chr19","45017485","45017803","70","42541110"
"KN296062v1","2534221","2534496","chr20","32593559","32593837","58","30059338"
"KN296062v1","2593260","2593367","chr10","16909293","16909398","21","14316033"
"KN296062v1","2609344","2609655","chr17","29143218","29143532","60","26533874"
"KN296062v1","2612113","2612322","chr11","64906177","64906388","23","62294064"
"KN296062v1","2612562","2612861","chr19","32566248","32566558","67","29953686"
"KN296062v1","2627357","2627623","chr3","198479938","198480211","60","195852581"
"KN296062v1","2627928","2627956","chr5","60576282","60576311","6","57948354"
"KN296063v1","118561","118863","chr10","5416396","5416697","22","5297835"
"KN296063v1","301603","301866","chr10","5599187","5599448","17","5297584"
"KN296063v1","363201","363515","chrX","53589834","53590139","66","53226633"
"KN296063v1","379693","379984","chr10","5673126","5673434","38","5293433"
"KN296063v1","423942","424064","chr9","114854634","114854737","36","114430692"
"KN296063v1","424746","424826","chr3","30185949","30186027","5","29761203"
"KN296063v1","481746","481877","chr10","5774200","5774332","11","5292454"
"KN296063v1","542932","543056","chr12","75421081","75421207","22","74878149"
"KN296063v1","547523","547809","chr10","5839954","5840237","27","5292431"
"KN296063v1","590665","590797","chr10","199438","199568","21","391227"
"KN296063v1","677061","677186","chr20","35145014","35145132","20","34467953"
"KN296063v1","697377","697642","chr10","5989011","5989286","24","5291634"
"KN296063v1","706331","706452","chr10","5999560","5999680","16","5293229"
"KN296063v1","708926","709052","chr19","42989006","42989131","18","42280080"
"KN296063v1","715959","716277","chr3","12674099","12674411","62","11958140"
"KN296063v1","721267","721377","chr10","6008522","6008632","5","5287255"
"KN296063v1","721681","721883","chr10","6008936","6009128","15","5287255"
"KN296063v1","736336","736566","chr10","6018425","6018650","22","5282089"
"KN296063v1","798328","798487","chr10","6076359","6076522","16","5278031"
"KN296063v1","813401","813696","chrX","150840226","150840508","59","150026825"
"KN296063v1","813824","814131","chr1","118984423","118984731","55","118170599"
"KN296063v1","949309","949559","chr13","71490839","71491084","53","70541530"
"KN296063v1","1012843","1012970","chr10","6268705","6268832","10","5255862"
"KN296063v1","1037606","1037782","chr3","46765091","46765261","49","45727485"
"KN296063v1","1038091","1038176","chr19","56432069","56432150","16","55393978"
"KN296063v1","1189519","1189821","chr7","142755298","142755598","72","141565779"
"KN296063v1","1251322","1251604","chr7","78859724","78859999","54","77608402"
"KN296063v1","1460873","1461028","chr6","20312584","20312752","46","18851711"
"KN296063v1","1461059","1461176","chr16","21276045","21276162","18","19814986"
"KN296065v1","481521","481592","chr1","169685155","169685226","8","169203634"
"KN296065v1","520665","520975","chr7","79592244","79592550","72","79071579"
"KN296065v1","638837","638977","chr1","169841823","169841973","21","169202986"
"KN296071v1","126341","126642","chr16","78223728","78224017","69","78097387"
"KN296071v1","236285","236549","chr9","90180794","90181076","31","89944509"
"KN296072v1","69124","69423","chr14","21887123","21887418","20","21817999"
"KN296072v1","162533","162745","chr7","97462430","97462642","37","97299897"
"KN296072v1","170907","171029","chr14","21771757","21771879","6","21600850"
"KN296074v1","7546","7708","chr12","110430185","110430336","43","110422639"
"KN296074v1","8010","8149","chr17","24504192","24504333","23","24496182"
"KN296075v1","15538","15750","chr16","15069803","15070013","16","15054265"
"KN296075v1","51699","51987","chr7","30238815","30239104","59","30187116"
"KN296075v1","76664","76929","chr16","15005922","15006192","19","14929258"
"KN296075v1","100865","101168","chr9","97269120","97269416","66","97168255"
"KN296075v1","116928","117118","chrX","47443665","47443852","44","47326737"
"KN296075v1","119629","119744","chr17","5424751","5424875","23","5305122"
"KN296075v1","152712","153010","chr16","14934718","14935018","30","14782006"
"KN296075v1","175934","176062","chr11","17148879","17148998","38","16972945"
"KN296075v1","182249","182369","chr2B","53458136","53458259","17","53275887"
"KN296075v1","203778","203895","chr16","14880411","14880528","12","14676633"
"KN296075v1","209317","209511","chr16","14875391","14875596","27","14666074"
"KN296075v1","211324","211626","chr16","14873311","14873606","36","14661987"
"KN296075v1","215121","215434","chr22","27597967","27598280","66","27382846"
"KN296075v1","238078","238203","chr4","2423656","2423780","23","2185578"
"KN296075v1","250043","250317","chr16","14837668","14837939","28","14587625"
"KN296075v1","254005","254321","chr4","42218632","42218961","64","41964627"
"KN296075v1","266427","266547","chr6","153614185","153614307","16","153347758"
"KN296075v1","279106","279410","chr16","14808774","14809084","19","14529668"
"KN296075v1","280509","280637","chr1","11539454","11539568","34","11258945"
"KN296075v1","280930","281071","chr1","177000162","177000308","34","176719232"
"KN296075v1","283856","284075","chr19","3490606","3490808","66","3206750"
"KN296075v1","301363","301667","chr16","14785544","14785843","31","14484181"
"KN296075v1","317724","317924","chr16","14771707","14771907","14","14453983"
"KN296075v1","318230","318378","chr16","14771245","14771397","19","14453015"
"KN296075v1","379187","379460","chr9","16603525","16603796","65","16224338"
"KN296075v1","408827","409111","chr16","14680808","14681094","27","14271981"
"KN296075v1","423610","423880","chr16","14643308","14643582","31","14219698"
"KN296075v1","481739","481902","chr16","14588700","14588863","19","14106961"
"KN296075v1","523520","523560","chr2B","123323817","123323857","4","122800297"
"KN296075v1","530418","530728","chr16","14548577","14548873","38","14018159"
"KN296075v1","566722","566867","chr19","3795070","3795212","33","3228348"
"KN296075v1","566897","567023","chr8","101010523","101010645","21","100443626"
"KN296075v1","569869","569974","chr5","158422190","158422297","22","157852321"
"KN296075v1","592513","592636","chr16","14470925","14471048","4","13878412"
"KN296075v1","615523","615809","chr16","14443064","14443350","23","13827541"
"KN296075v1","668166","668326","chr6","18669923","18670069","54","18001757"
"KN296075v1","668635","668763","chrX","45324284","45324411","18","44655649"
"KN296075v1","880012","880310","chr9","83769712","83770008","59","82889700"
"KN296075v1","985133","985443","chr16","14128242","14128553","18","13143109"
"KN296077v1","4086","4380","chr4","6615194","6615493","61","6611108"
"KN296077v1","105816","106119","chr2B","121339500","121339799","23","121233684"
"KN296078v1","90121","90242","chr5","15234520","15234643","29","15144399"
"KN296078v1","298792","298915","chr4","18157425","18157557","19","17858633"
"KN296078v1","945800","946087","chr4","18752049","18752361","41","17806249"
"KN296079v1","27262","27561","chr10","13290808","13291106","24","13263546"
"KN296079v1","51614","51738","chr20","49556451","49556567","21","49504837"
"KN296079v1","196388","196675","chr10","13109644","13109931","21","12913256"
"KN296079v1","200032","200193","chrX","71950571","71950739","40","71750539"
"KN296079v1","200225","200341","chr10","26152510","26152627","22","25952285"
"KN296079v1","226876","227147","chr10","13078766","13079035","19","12851890"
"KN296079v1","278816","279121","chr10","13018972","13019275","37","12740156"
"KN296079v1","305112","305394","chrX","53825086","53825371","57","53519974"
"KN296079v1","361745","361800","chr12","121984606","121984660","17","121622861"
"KN296079v1","440534","440833","chr10","12844089","12844387","27","12403555"
"KN296079v1","480346","480511","chr10","12807817","12807981","9","12327471"
"KN296079v1","508018","508301","chr10","12780482","12780788","41","12272464"
"KN296079v1","597482","597766","chr10","12690518","12690785","34","12093036"
"KN296079v1","609745","610050","chr10","12679089","12679403","25","12069344"
"KN296079v1","684814","684937","chr1","182479896","182480020","19","181795082"
"KN296079v1","698631","698918","chr10","12603719","12603983","44","11905088"
"KN296079v1","699837","700160","chr10","12602523","12602835","47","11902686"
"KN296079v1","709080","709352","chr7","74198934","74199204","68","73489854"
"KN296079v1","711397","711528","chr16","30069641","30069762","23","29358244"
"KN296079v1","714498","714659","chr19","8854244","8854408","32","8139746"
"KN296079v1","734323","734621","chr5","125176107","125176406","52","124441784"
"KN296079v1","759327","759635","chr10","12541368","12541678","25","11782041"
"KN296079v1","769828","770116","chr10","12535410","12535698","16","11765582"
"KN296079v1","791822","792115","chr10","12515510","12515796","35","11723688"
"KN296079v1","795366","795575","chr19","45097781","45097993","50","44302415"
"KN296079v1","818687","818973","chr10","12487003","12487290","32","11668316"
"KN296079v1","839649","839896","chr7","595812","596046","58","243837"
"KN296079v1","867949","868044","chr7","25537943","25538033","23","24669994"
"KN296079v1","877079","877379","chr10","12426686","12426987","29","11549607"
"KN296079v1","946024","946221","chr10","12359862","12360052","28","11413838"
"KN296079v1","963333","963646","chr10","12340580","12340895","32","11377247"
"KN296079v1","985422","985531","chr10","40486824","40486938","18","39501402"
"KN296079v1","1008069","1008362","chr10","12300630","12300923","16","11292561"
"KN296079v1","1061262","1061407","chr7","71412778","71412932","28","70351516"
"KN296079v1","1089308","1089614","chr10","12235772","12236080","25","11146464"
"KN296079v1","1171253","1171544","chr10","12159250","12159542","22","10987997"
"KN296079v1","1214296","1214582","chr10","12115695","12115959","41","10901399"
"KN296079v1","1260504","1260556","chr3","3201776","3201826","12","1941272"
"KN296079v1","1272321","1272620","chr10","12053200","12053498","27","10780879"
"KN296079v1","1273964","1274254","chr10","12051587","12051868","27","10777623"
"KN296079v1","1280905","1281201","chr10","12045425","12045717","24","10764520"
"KN296079v1","1283260","1283556","chr17","37653959","37654259","56","36370699"
"KN296079v1","1309092","1309386","chr4","166411339","166411615","73","165102247"
"KN296079v1","1311527","1311799","chr10","12019874","12020164","34","10708347"
"KN296079v1","1326791","1326926","chr10","12004670","12004804","8","10677879"
"KN296079v1","1329358","1329600","chr3","124845178","124845427","52","123515820"
"KN296079v1","1401027","1401154","chr12","120581355","120581481","19","119180328"
"KN296079v1","1413561","1413692","chr19","46616680","46616816","29","45203119"
"KN296079v1","1417661","1417971","chr10","11893649","11893959","38","10475988"
"KN296079v1","1430406","1430692","chr10","11881186","11881473","30","10450780"
"KN296079v1","1529906","1530193","chr10","11786221","11786508","16","10256315"
"KN296079v1","1654508","1654814","chr10","11669335","11669639","29","10014827"
"KN296079v1","1674614","1674903","chr14","58788109","58788400","53","57113495"
"KN296079v1","1675765","1676058","chr11","134214583","134214874","56","132538818"
"KN296079v1","1686521","1686832","chr10","11637622","11637904","50","9951101"
"KN296079v1","1725824","1726114","chr10","11594227","11594525","34","9868403"
"KN296079v1","1908954","1909228","chr10","11409565","11409855","44","9500611"
"KN296079v1","1982225","1982533","chr10","11336660","11336971","26","9354435"
"KN296079v1","2047347","2047641","chr10","11271872","11272183","51","9224525"
"KN296079v1","2148869","2149158","chr12","115638172","115638455","58","113489303"
"KN296079v1","2191571","2191864","chr10","11130163","11130491","58","8938592"
"KN296079v1","2237998","2238129","chr5","24503685","24503809","46","22265687"
"KN296079v1","2287495","2287775","chr10","11036127","11036405","58","8748632"
"KN296079v1","2349044","2349166","chr8","75184071","75184194","17","72835027"
"KN296079v1","2369066","2369258","chr4","98312824","98313023","46","95943758"
"KN296079v1","2454703","2455009","chr10","10854530","10854821","38","8399827"
"KN296079v1","2652159","2652410","chr15","28394915","28395174","66","25742756"
"KN296079v1","2680211","2680483","chr10","10632123","10632404","36","7951912"
"KN296079v1","2689976","2690202","chr10","10622987","10623216","21","7933011"
"KN296079v1","2802370","2802571","chr5","35874359","35874558","45","33071989"
"KN296079v1","2891153","2891269","chr10","10408443","10408561","6","7517290"
"KN296079v1","2961866","2962177","chr10","10340762","10341094","53","7378896"
"KN296079v1","3015729","3015848","chr2B","10597169","10597285","25","7581440"
"KN296079v1","3057349","3057665","chr10","10241898","10242208","40","7184549"
"KN296083v1","692","809","chr15","6988386","6988503","18","6987694"
"KN296083v1","1106","1128","chr1","86298663","86298681","8","86297557"
"KN296084v1","254","377","chr8","101423501","101423630","21","101423247"
"KN296084v1","17967","18285","chr6","25502246","25502551","77","25484279"
"KN296084v1","34268","34563","chr1","94184963","94185274","57","94150695"
"KN296085v1","39855","40036","chr13","70929793","70929974","15","70889938"
"KN296085v1","93868","93994","chr13","70876264","70876397","22","70782396"
"KN296086v1","235439","235731","chr1","39874990","39875282","55","39639551"
"KN296090v1","3570","3775","chr1","46507639","46507855","59","46504069"
"KN296090v1","5632","5770","chr11","13284222","13284361","37","13278590"
"KN296090v1","13141","13272","chrX","71257912","71258043","6","71244771"
"KN296090v1","45589","45768","chrX","71292346","71292526","13","71246757"
"KN296090v1","46353","46674","chrX","71293083","71293402","38","71246730"
"KN296090v1","56336","56439","chrX","71303137","71303240","5","71246801"
"KN296090v1","95416","95721","chr20","39185398","39185709","51","39089982"
"KN296090v1","169785","170087","chrX","71421500","71421799","30","71251715"
"KN296093v1","131034","131370","chr19","6224625","6224962","79","6093591"
"KN296093v1","12837","13173","chr1","135153977","135154287","42","135141140"
"KN296093v1","58826","59125","chr1","135196250","135196562","40","135137424"
"KN296093v1","141748","142038","chr17","62888971","62889267","61","62747223"
"KN296093v1","162867","162979","chr6","30972658","30972778","24","30809791"
"KN296093v1","182763","182849","chr20","15510224","15510310","12","15327461"
"KN296093v1","184372","184496","chr9","13918319","13918443","9","13733947"
"KN296093v1","187316","187632","chr4","6615194","6615493","67","6427878"
"KN296093v1","216302","216603","chr19","4986858","4987159","64","4770556"
"KN296094v1","99436","99729","chr19","27943635","27943929","23","27844199"
"KN296094v1","115945","115982","chr1","24540179","24540215","10","24424234"
"KN296094v1","116009","116131","chr5","28429962","28430082","23","28313953"
"KN296094v1","225886","226171","chr19","27796948","27797236","20","27571062"
"KN296094v1","248989","249274","chr19","38515921","38516209","64","38266932"
"KN296094v1","310074","310196","chr19","27713910","27714032","10","27403836"
"KN296094v1","353998","354299","chr19","27674583","27674864","45","27320585"
"KN296096v1","22921","23045","chrX","34959","35081","15","12038"
"KN296096v1","79331","79626","chr5","28012781","28013079","82","27933450"
"KN296096v1","122420","122682","chr7","223272","223534","19","100852"
"KN296096v1","186597","186779","chr12","98723892","98724071","34","98537295"
"KN296096v1","300577","300859","chr1","133174064","133174337","57","132873487"
"KN296096v1","422505","422751","chr8","78305012","78305259","52","77882507"
"KN296096v1","428826","429125","chr19","15366468","15366767","61","14937642"
"KN296096v1","444314","444586","chr16","28637015","28637281","73","28192701"
"KN296096v1","502072","502395","chr10","17919866","17920186","82","17417794"
"KN296096v1","557416","557612","chr3","186207601","186207797","36","185650185"
"KN296096v1","571069","571378","chr7","439007","439316","25","132062"
"KN296096v1","605680","605891","chr7","474743","474953","14","130937"
"KN296096v1","665371","665677","chr7","535176","535485","30","130195"
"KN296096v1","681155","681290","chr7","551539","551674","12","129616"
"KN296096v1","681582","681765","chr7","551967","552145","18","129615"
"KN296096v1","684190","684309","chr5","38236308","38236439","29","37552118"
"KN296096v1","688903","689209","chr7","559510","559800","41","129393"
"KN296096v1","693417","693710","chr7","563328","563620","28","130089"
"KN296096v1","709458","709728","chr19","37824542","37824804","57","37115084"
"KN296096v1","709732","710034","chr7","581254","581555","40","128478"
"KN296096v1","723981","724213","chr7","595812","596046","23","128169"
"KN296096v1","786047","786348","chr7","663916","664229","36","122131"
"KN296096v1","804383","804512","chrX","84345604","84345743","35","83541221"
"KN296096v1","805880","806185","chr7","698441","698735","31","107439"
"KN296096v1","806186","806331","chr7","698736","698869","21","107450"
"KN296096v1","813612","813811","chr9","15089435","15089642","35","14275823"
"KN296096v1","826116","826241","chr5","15234520","15234643","18","14408404"
"KN296096v1","826538","826549","chr5","43110122","43110133","4","42283584"
"KN296096v1","831919","832224","chr16","38582490","38582802","71","37750571"
"KN296096v1","841218","841524","chr7","127125393","127125684","76","126284175"
"KN296096v1","849569","849864","chr15","44795451","44795737","50","43945882"
"KN296096v1","854191","854367","chr8","146746743","146746917","66","145892552"
"KN296096v1","920971","921265","chr16","29946402","29946703","58","29025431"
"KN296096v1","962459","962737","chr9","82551103","82551396","70","81588644"
"KN296096v1","968917","968997","chr7","860572","860652","8","108345"
"KN296096v1","972476","972647","chr6","15668380","15668552","50","14695904"
"KN296096v1","972934","973113","chr16","16109869","16110041","36","15136935"
"KN296096v1","979503","979799","chr7","870995","871276","42","108508"
"KN296096v1","983519","983801","chr22","28355668","28355948","47","27372149"
"KN296096v1","997927","998205","chr7","101438364","101438649","64","100440437"
"KN296096v1","1019329","1019612","chr7","905447","905726","24","113882"
"KN296096v1","1022269","1022573","chr7","907995","908292","27","114274"
"KN296096v1","1068653","1068794","chr5","95909307","95909439","31","94840654"
"KN296096v1","1145087","1145386","chrX","50262965","50263259","49","49117878"
"KN296096v1","1148847","1149085","chr1","15494734","15494954","67","14345887"
"KN296096v1","1162961","1163256","chr1","19513839","19514136","58","18350878"
"KN296096v1","1199099","1199417","chr7","1099523","1099833","30","99576"
"KN296096v1","1220033","1220304","chr7","1118375","1118655","29","101658"
"KN296096v1","1220497","1220815","chr15","67677890","67678201","62","66457393"
"KN296096v1","1225822","1225966","chr10","17807931","17808059","40","16582109"
"KN296096v1","1226268","1226397","chr1","133284934","133285059","22","132058666"
"KN296096v1","1230391","1230555","chr1","219801766","219801942","41","218571375"
"KN296096v1","1230853","1230980","chr6","4159389","4159520","22","2928536"
"KN296096v1","1288195","1288492","chr7","1184030","1184332","27","104165"
"KN296096v1","1301170","1301495","chr7","1195992","1196305","49","105178"
"KN296096v1","1328114","1328405","chr7","1221794","1222084","47","106320"
"KN296096v1","1385031","1385325","chr7","1283764","1284069","38","101267"
"KN296096v1","1422972","1423127","chr13","2459103","2459263","38","1036131"
"KN296096v1","1423129","1423404","chr15","55930675","55930949","52","54507546"
"KN296096v1","1449300","1449478","chr5","3322001","3322166","35","1872701"
"KN296096v1","1449790","1449926","chr3","46656033","46656169","21","45206243"
"KN296096v1","1512054","1512188","chr7","1409533","1409662","20","102521"
"KN296096v1","1523237","1523362","chr20","35800564","35800690","15","34277327"
"KN296096v1","1530802","1530918","chr20","26315515","26315634","20","24784713"
"KN296096v1","1579029","1579319","chr7","1477934","1478223","21","101095"
"KN296096v1","1609981","1610281","chr7","1503974","1504275","40","106007"
"KN296096v1","1617876","1618178","chr7","1510169","1510463","44","107707"
"KN296096v1","1652605","1652883","chr10","6247382","6247662","52","4594777"
"KN296096v1","1677625","1677924","chr7","1565273","1565568","22","112352"
"KN296096v1","1824923","1825186","chr19","43788887","43789154","59","41963964"
"KN296096v1","1840877","1841189","chr7","1720612","1720902","40","120265"
"KN296096v1","1848322","1848611","chr11","113770221","113770512","50","111921899"
"KN296096v1","1871345","1871597","chr22","6809632","6809894","26","4938287"
"KN296096v1","1873231","1873494","chr22","6807774","6808066","53","4934543"
"KN296096v1","2041442","2041576","chr1","40706193","40706325","19","38664751"
"KN296096v1","2216823","2216977","chr12","116465903","116466058","40","114249080"
"KN296096v1","2217021","2217176","chr7","155017241","155017375","40","152800220"
"KN296096v1","2226978","2227266","chr22","28603437","28603731","68","26376459"
"KN296096v1","2243077","2243210","chr1","28050037","28050170","18","25806960"
"KN296096v1","2281029","2281189","chr7","2169883","2170045","15","111146"
"KN296096v1","2291979","2292235","chr7","2179720","2179932","65","112259"
"KN296096v1","2297362","2297512","chr7","2182273","2182429","17","115089"
"KN296096v1","2299597","2299719","chr11","72996404","72996531","19","70696807"
"KN296096v1","2310864","2311160","chr19","6218023","6218314","56","3907159"
"KN296096v1","2314241","2314538","chr7","2199445","2199743","18","114796"
"KN296096v1","2317681","2317991","chr16","75828769","75829078","65","73511088"
"KN296096v1","2323916","2324051","chr7","2210261","2210396","12","113655"
"KN296096v1","2327083","2327379","chr7","2212397","2212700","32","114686"
"KN296096v1","2331730","2331797","chr11","64332252","64332321","10","62000522"
"KN296096v1","2336506","2336813","chr7","2219983","2220291","37","116523"
"KN296096v1","2339187","2339450","chr11","68255320","68255579","58","65916133"
"KN296096v1","2339956","2340227","chr13","23818472","23818751","54","21478516"
"KN296096v1","2377370","2377620","chr7","2260927","2261195","45","116443"
"KN296096v1","2379017","2379082","chr7","2261706","2261769","5","117311"
"KN296096v1","2379405","2379554","chr1","181746791","181746943","28","179367386"
"KN296096v1","2399213","2399490","chr7","2280750","2281025","22","118463"
"KN296096v1","2465038","2465174","chr8","20182552","20182683","25","17717514"
"KN296096v1","2465476","2465622","chr16","3757505","3757654","28","1292029"
"KN296096v1","2476939","2477053","chr1","13611264","13611374","23","11134325"
"KN296096v1","2479644","2479906","chr3","49010877","49011127","59","46531233"
"KN296096v1","2488854","2488933","chr1","88108064","88108141","11","85619210"
"KN296096v1","2508638","2508769","chr7","2359165","2359296","7","149473"
"KN296096v1","2508770","2509047","chr7","2359297","2359578","28","149473"
"KN296096v1","2522371","2522655","chr7","2373339","2373624","21","149032"
"KN296096v1","2526273","2526567","chr7","2377966","2378256","25","148307"
"KN296096v1","2538163","2538441","chr7","2391375","2391657","21","146788"
"KN296096v1","2539838","2539970","chr7","56909925","56910060","21","54370087"
"KN296096v1","2542710","2542877","chr19","8854244","8854408","47","6311534"
"KN296096v1","2554198","2554499","chr7","2408073","2408355","46","146125"
"KN296096v1","2606035","2606325","chrX","38119177","38119470","87","35513142"
"KN296096v1","2622519","2622779","chr7","2574046","2574322","35","48473"
"KN296096v1","2623337","2623578","chr7","2574046","2574322","52","49291"
"KN296096v1","2624211","2624342","chr2B","2808621","2808756","25","184410"
"KN296096v1","2659288","2659446","chr7","2539729","2539887","11","119559"
"KN296096v1","2659754","2659917","chr7","2539253","2539420","14","120501"
"KN296096v1","2681066","2681365","chr7","2518059","2518356","19","163007"
"KN296096v1","2689691","2689978","chr7","2509697","2509986","31","179994"
"KN296096v1","2697417","2697527","chr7","2502463","2502586","24","194954"
"KN296096v1","2731640","2731955","chr11","63920621","63920940","57","61188981"
"KN296096v1","2759891","2760012","chr7","2604709","2604830","8","155182"
"KN296096v1","2761955","2762244","chr10","26847344","26847632","55","24085389"
"KN296096v1","2770787","2771075","chr7","2616480","2616766","26","154307"
"KN296096v1","2773921","2774163","chr7","2619637","2619894","33","154284"
"KN296096v1","2781736","2781991","chr7","2627172","2627373","72","154564"
"KN296096v1","2803868","2804146","chr7","2648398","2648666","35","155470"
"KN296096v1","2823275","2823568","chr1","19513839","19514136","52","16690564"
"KN296096v1","2865876","2866189","chr1","114841336","114841650","66","111975460"
"KN296096v1","2870636","2870933","chr7","2716820","2717126","29","153816"
"KN296096v1","2895652","2895762","chr5","506157","506255","32","2389495"
"KN296096v1","2931721","2932013","chr17","2127544","2127837","52","804177"
"KN296096v1","2969128","2969265","chr7","2814637","2814769","12","154491"
"KN296096v1","2979818","2979962","chr7","2823201","2823368","29","156617"
"KN296096v1","2980264","2980396","chr7","2823995","2824128","10","156269"
"KN296096v1","3003404","3003686","chr7","2848093","2848385","32","155311"
"KN296096v1","3004308","3004601","chr7","2848942","2849242","29","155366"
"KN296096v1","3036896","3037202","chr7","2882150","2882455","14","154746"
"KN296096v1","3041633","3041916","chr7","2886793","2887077","30","154840"
"KN296096v1","3054414","3054724","chr7","2899806","2900116","22","154608"
"KN296096v1","3057028","3057333","chr7","72179457","72179751","54","69122429"
"KN296096v1","3065141","3065437","chr7","2909485","2909780","21","155656"
"KN296096v1","3073991","3074284","chr7","2915673","2915972","41","158318"
"KN296096v1","3094771","3095072","chr7","2935770","2936066","28","159001"
"KN296096v1","3096300","3096422","chr19","42989006","42989131","12","39892706"
"KN296096v1","3109899","3110025","chr7","2950906","2951026","13","158993"
"KN296096v1","3133920","3134221","chr17","17580815","17581115","55","14446895"
"KN296096v1","3143778","3144084","chr7","2984346","2984629","39","159432"
"KN296096v1","3147827","3148143","chr7","2989150","2989463","34","158677"
"KN296096v1","3148833","3149134","chr7","2990027","2990317","37","158806"
"KN296096v1","3154526","3154596","chr7","2995770","2995839","6","158756"
"KN296096v1","3156249","3156565","chr7","2997513","2997818","30","158736"
"KN296096v1","3165747","3166045","chr7","3006997","3007296","28","158750"
"KN296096v1","3176609","3176928","chr7","36811105","36811408","75","33634496"
"KN296096v1","3194674","3194784","chr7","3034460","3034573","12","160214"
"KN296096v1","3194791","3195065","chr7","3034575","3034862","35","160216"
"KN296096v1","3203176","3203468","chr7","3043091","3043386","23","160085"
"KN296096v1","3222560","3222889","chr7","3068500","3068852","72","154060"
"KN296096v1","3227766","3227983","chr6","6504638","6504843","47","3276872"
"KN296096v1","3228359","3228451","chr8","88705417","88705507","16","85477058"
"KN296096v1","3235180","3235500","chr8","77569378","77569682","71","74334198"
"KN296096v1","3236108","3236120","chr2B","102396221","102396233","3","99160113"
"KN296096v1","3236390","3236429","chr16","4911595","4911635","8","1675205"
"KN296096v1","3245377","3245689","chr1","43833638","43833938","65","40588261"
"KN296096v1","3255898","3256234","chr7","3076625","3076949","47","179273"
"KN296096v1","3259805","3259927","chr7","3080500","3080617","16","179305"
"KN296096v1","3261966","3262238","chr7","3082659","3082930","41","179307"
"KN296096v1","3267067","3267370","chr9","89652313","89652608","50","86385246"
"KN296096v1","3287771","3287915","chr7","3102852","3102997","12","184919"
"KN296096v1","3288213","3288391","chr7","3103295","3103462","21","184918"
"KN296096v1","3296934","3297080","chr19","3020387","3020528","21","276547"
"KN296096v1","3297378","3297533","chr1","224704872","224705030","31","221407494"
"KN296096v1","3302169","3302354","chr12","121926422","121926604","48","118624253"
"KN296096v1","3302740","3302843","chr16","13145649","13145749","19","9842909"
"KN296096v1","3323141","3323448","chr7","3141135","3141441","23","182006"
"KN296096v1","3325880","3326170","chr7","3143855","3144173","55","182025"
"KN296096v1","3330084","3330359","chr10","114686531","114686803","59","111356447"
"KN296096v1","3439606","3439930","chr7","39628908","39629224","75","36189302"
"KN296096v1","3465014","3465138","chr19","51216800","51216923","19","47751786"
"KN296096v1","3513512","3513806","chr7","36156236","36156533","63","32642724"
"KN296096v1","3538003","3538200","chr12","23467705","23467910","67","19929702"
"KN296096v1","3589155","3589442","chr7","3400194","3400479","15","188961"
"KN296096v1","3657637","3657911","chr15","62792180","62792445","67","59134543"
"KN296096v1","3710873","3710916","chr10","23096325","23096368","6","19385452"
"KN296096v1","3807472","3807598","chr7","3603539","3603664","5","203933"
"KN296096v1","3874914","3875217","chr7","3671843","3672156","25","203071"
"KN296096v1","4052275","4052564","chr7","3844986","3845278","23","207289"
"KN296097v1","103673","103805","chr1","12132025","12132155","19","12028352"
"KN296097v1","205788","206092","chr9","113402929","113403235","73","113197141"
"KN296100v1","130921","131206","chr1","39552634","39552920","64","39421713"
"KN296100v1","40962","41129","chr1","198434685","198434847","26","198393723"
"KN296100v1","50848","51156","chr1","198444920","198445215","38","198394072"
"KN296101v1","11340","11484","chrX","9037624","9037768","6","9026284"
"KN296101v1","11792","11976","chrX","9038075","9038252","13","9026283"
"KN296101v1","30343","30593","chrX","9057401","9057674","36","9027058"
"KN296101v1","61483","61799","chrX","9090636","9090964","31","9029153"
"KN296104v1","44911","45172","chr8","145781741","145782014","72","145736830"
"KN296107v1","2","113","chr18","45443069","45443181","34","45443067"
"KN296107v1","816","1044","chr11","118957652","118957880","16","118956836"
"KN296108v1","180944","181134","chr3","162458103","162458295","11","162277159"
"KN296108v1","261671","261716","chr3","162535533","162535582","4","162273862"
"KN296108v1","295414","295544","chr3","162570700","162570830","12","162275286"
"KN296108v1","310172","310451","chr3","41238504","41238791","58","40928332"
"KN296108v1","322766","323052","chr3","162605459","162605741","16","162282693"
"KN296108v1","348708","348999","chr6","119628815","119629104","62","119280107"
"KN296108v1","353118","353407","chr2B","79684260","79684553","46","79331142"
"KN296108v1","358553","358861","chr1","52174229","52174539","65","51815676"
"KN296108v1","414313","414602","chr10","25391401","25391690","70","24977088"
"KN296108v1","526435","526693","chr8","85572992","85573245","59","85046557"
"KN296108v1","542141","542435","chr3","162777796","162778089","24","162235655"
"KN296108v1","556287","556579","chr3","162791869","162792175","37","162235582"
"KN296108v1","590664","590965","chr7","105681134","105681439","60","105090470"
"KN296108v1","624200","624315","chr2A","80118842","80118956","14","79494642"
"KN296108v1","682653","682918","chr3","162920681","162920936","35","162238028"
"KN296108v1","699729","700061","chr3","162937654","162937950","59","162237925"
"KN296108v1","803505","803793","chr3","163031099","163031396","28","162227594"
"KN296108v1","804946","805077","chr3","163034055","163034181","19","162229109"
"KN296108v1","837887","838172","chr3","163063726","163063999","27","162225839"
"KN296108v1","857643","857929","chr6","18841527","18841805","41","17983884"
"KN296108v1","877842","877976","chr3","163103790","163103920","13","162225948"
"KN296108v1","1063520","1063641","chr1","68481007","68481134","12","67417487"
"KN296108v1","1104104","1104330","chr18","44929992","44930227","53","43825888"
"KN296108v1","1395280","1395564","chr14","87312887","87313170","54","85917607"
"KN296108v1","1615726","1616002","chr3","163835818","163836100","29","162220092"
"KN296108v1","1662964","1663248","chr3","163882546","163882840","27","162219582"
"KN296108v1","1684572","1684904","chr3","163904187","163904511","44","162219615"
"KN296108v1","2083220","2083397","chr1","26457448","26457621","44","24374228"
"KN296108v1","2083711","2083857","chr1","149058104","149058251","26","146974393"
"KN296109v1","203603","203884","chr7","20699651","20699931","25","20496048"
"KN296109v1","336221","336560","chr7","20828517","20828832","47","20492296"
"KN296109v1","396724","397034","chr7","20889022","20889338","27","20492298"
"KN296109v1","426394","426517","chr7","20919935","20920058","11","20493541"
"KN296109v1","558766","558896","chrX","6957846","6957975","20","6399080"
"KN296109v1","599277","599534","chr10","117053768","117054035","61","116454491"
"KN296109v1","799955","800243","chrX","5605247","5605542","68","4805292"
"KN296109v1","803087","803207","chr6","16183581","16183702","22","15380494"
"KN296109v1","813694","814003","chr8","141674160","141674463","59","140860466"
"KN296109v1","818917","819053","chrX","97265097","97265243","36","96446180"
"KN296109v1","819690","819828","chr5","100046093","100046234","41","99226403"
"KN296109v1","867690","867943","chr3","187079622","187079873","56","186211932"
"KN296109v1","923716","923945","chr9","76802368","76802591","44","75878652"
"KN296109v1","930613","930911","chr7","21452962","21453253","28","20522349"
"KN296109v1","1062824","1063043","chr1","152803602","152803824","43","151740778"
"KN296109v1","1092204","1092493","chr7","21614685","21614988","46","20522481"
"KN296109v1","1199582","1199874","chr7","21702755","21703050","25","20503173"
"KN296110v1","249322","249611","chr1","20025633","20025923","19","19776311"
"KN296110v1","252357","252479","chr20","33776252","33776368","21","33523895"
"KN296114v1","18180","18401","chr9","45198953","45199166","67","45180773"
"KN296114v1","128083","128325","chr18","12409443","12409676","86","12281360"
"KN296117v1","88293","88401","chr3","140703403","140703514","11","140615110"
"KN296117v1","147123","147254","chr5","19539303","19539435","17","19392180"
"KN296117v1","155713","155947","chr1","29428100","29428331","54","29272387"
"KN296117v1","218728","219035","chr3","140838115","140838417","30","140619387"
"KN296117v1","221973","222274","chr3","140841235","140841540","27","140619262"
"KN296117v1","239238","239362","chr3","140858433","140858557","13","140619195"
"KN296117v1","239661","239834","chr3","140858855","140859024","23","140619194"
"KN296117v1","250064","250221","chr1","39242065","39242221","47","38992001"
"KN296117v1","263359","263473","chr3","140881586","140881692","10","140618227"
"KN296117v1","309170","309261","chr9","15567784","15567875","26","15258614"
"KN296117v1","309692","309994","chr5","5779942","5780240","54","5470250"
"KN296117v1","316095","316388","chr3","140932099","140932414","48","140616004"
"KN296117v1","328127","328451","chr4","98445543","98445850","66","98117416"
"KN296117v1","338344","338642","chr3","140952394","140952689","42","140614050"
"KN296117v1","369420","369629","chr3","140990173","140990380","23","140620753"
"KN296117v1","435081","435395","chr3","141055644","141055958","28","140620563"
"KN296117v1","465237","465523","chr10","111905261","111905528","66","111440024"
"KN296117v1","494129","494424","chr1","32108902","32109201","59","31614773"
"KN296117v1","500001","500161","chr13","42635516","42635677","46","42135515"
"KN296117v1","624552","624842","chr3","141246897","141247187","20","140622345"
"KN296118v1","84383","84495","chrX","28208141","28208253","7","28123758"
"KN296119v1","127081","127381","chr11","76169502","76169805","20","76042421"
"KN296119v1","217556","217844","chr11","76078770","76079061","8","75861214"
"KN296119v1","253553","253856","chr16","29946402","29946703","58","29692849"
"KN296119v1","302693","302823","chr11","75990916","75991048","10","75688223"
"KN296119v1","328652","328768","chr7","5407438","5407561","26","5078786"
"KN296119v1","401404","401526","chr11","75905649","75905768","11","75504245"
"KN296119v1","403835","403954","chr11","75903217","75903339","8","75499382"
"KN296119v1","431417","431704","chr2B","124194124","124194421","61","123762707"
"KN296119v1","433554","433670","chr3","118424519","118424645","34","117990965"
"KN296119v1","454295","454596","chr5","33543745","33544041","60","33089450"
"KN296119v1","483242","483381","chr16","10503690","10503839","37","10020448"
"KN296119v1","483414","483532","chr5","70537903","70538017","22","70054489"
"KN296119v1","491309","491603","chr19","16561444","16561737","51","16070135"
"KN296119v1","649071","649139","chr3","68644449","68644517","9","67995378"
"KN296119v1","660476","660699","chr6","164363020","164363240","48","163702544"
"KN296119v1","835668","835926","chr11","75478519","75478789","30","74642851"
"KN296119v1","881856","882156","chr11","75431360","75431663","50","74549504"
"KN296119v1","947063","947350","chr19","44464798","44465097","67","43517735"
"KN296119v1","1077080","1077200","chr7","141988047","141988165","21","140910967"
"KN296119v1","1164986","1165279","chr11","75150212","75150513","26","73985226"
"KN296119v1","1187114","1187425","chr11","75129199","75129506","28","73942085"
"KN296119v1","1208733","1208912","chr20","14029267","14029447","33","12820534"
"KN296119v1","1342592","1342728","chr11","74977083","74977213","15","73634491"
"KN296119v1","1360189","1360455","chr11","74959589","74959876","55","73599400"
"KN296119v1","1383495","1383680","chr11","74936482","74936657","19","73552987"
"KN296119v1","1383746","1383864","chr11","74936319","74936436","7","73552573"
"KN296119v1","1422537","1422709","chr1","25435038","25435205","28","24012501"
"KN296119v1","1491900","1492173","chr5","33109775","33110063","34","31617875"
"KN296119v1","1577432","1577562","chr11","74783513","74783634","16","73206081"
"KN296119v1","1696401","1696548","chr11","74659108","74659237","26","72962707"
"KN296119v1","1834148","1834198","chr11","74514143","74514194","3","72679995"
"KN296119v1","1883393","1883534","chr11","74463165","74463313","11","72579772"
"KN296119v1","1887043","1887171","chr17","26439238","26439359","22","24552195"
"KN296119v1","1894135","1894456","chr5","4798162","4798470","77","2904027"
"KN296119v1","1898475","1898654","chr1","6263470","6263640","41","4364995"
"KN296119v1","1898953","1899079","chr5","38236308","38236439","18","36337355"
"KN296119v1","1926491","1926726","chr1","189467923","189468157","56","187541432"
"KN296119v1","1928491","1928557","chr12","627045","627114","15","1301446"
"KN296119v1","1928871","1928946","chr4","127353860","127353935","11","125424989"
"KN296119v1","1929174","1929455","chr10","37735706","37735994","60","35806532"
"KN296119v1","1937343","1937406","chr7","68500001","68500059","12","66562658"
"KN296119v1","1937709","1937793","chr20","40188982","40189063","13","38251273"
"KN296119v1","1938107","1938307","chr7","76518706","76518897","60","74580599"
"KN296119v1","2007969","2008277","chr11","74354837","74355146","23","72346868"
"KN296119v1","2040222","2040351","chr11","74321850","74321972","16","72281628"
"KN296119v1","2102136","2102272","chr11","74259467","74259593","19","72157331"
"KN296119v1","2118621","2118877","chr16","29381118","29381363","55","27262497"
"KN296119v1","2254811","2255013","chr2A","79833197","79833410","48","77578386"
"KN296119v1","2259831","2260100","chr11","74108719","74108999","26","71848888"
"KN296119v1","2295569","2295880","chr16","11557401","11557706","61","9261832"
"KN296119v1","2335139","2335448","chr11","74036883","74037184","26","71701744"
"KN296119v1","2442897","2443213","chr11","73925767","73926086","19","71482870"
"KN296119v1","2460360","2460672","chr11","73906404","73906682","56","71446044"
"KN296119v1","2486772","2486853","chr16","10653494","10653577","9","8166722"
"KN296119v1","2515263","2515563","chr11","73845845","73846152","25","71330582"
"KN296119v1","2643342","2643431","chr6","53668575","53668659","18","51025233"
"KN296119v1","2643742","2643885","chr2A","36668591","36668730","35","34024849"
"KN296119v1","2652861","2653157","chr11","73700197","73700492","28","71047336"
"KN296119v1","2700935","2701252","chr16","77202423","77202738","58","74501488"
"KN296119v1","2729000","2729297","chr11","73624074","73624380","26","70895074"
"KN296119v1","2827741","2827881","chr11","73514338","73514478","3","70686597"
"KN296119v1","2839088","2839385","chrX","14346424","14346712","76","11507336"
"KN296119v1","2839474","2839780","chr19","44562110","44562413","57","41722636"
"KN296119v1","2921987","2922276","chr11","73412671","73412964","18","70490684"
"KN296119v1","3034073","3034383","chr12","125163839","125164147","58","122129766"
"KN296119v1","3041736","3042000","chr11","73280171","73280434","15","70238435"
"KN296119v1","3077166","3077344","chr11","63735884","63736062","38","60658718"
"KN296119v1","3077653","3077802","chr7","90313868","90314000","34","87236215"
"KN296119v1","3086433","3086697","chr11","73236382","73236667","44","70149949"
"KN296119v1","3091981","3092262","chr11","73230929","73231215","32","70138948"
"KN296119v1","3177747","3177870","chr12","368006","368130","16","2809741"
"KN296119v1","3275385","3275690","chr11","73051756","73052054","33","69776371"
"KN296119v1","3308409","3308718","chr9","32864978","32865281","66","29556569"
"KN296119v1","3343187","3343308","chr11","72996404","72996531","10","69653217"
"KN296119v1","3363284","3363405","chrX","115654856","115654980","19","112291572"
"KN296119v1","3366584","3366714","chr19","18888053","18888184","18","15521469"
"KN296119v1","3393048","3393339","chr11","72945696","72945987","15","69552648"
"KN296119v1","3404975","3405276","chr11","72934985","72935286","14","69530010"
"KN296119v1","3410820","3411139","chr11","72929686","72930002","24","69518866"
"KN296119v1","3415992","3416288","chr11","72925716","72926002","28","69509724"
"KN296119v1","3467386","3467569","chr1","26457448","26457621","43","22990062"
"KN296119v1","3467883","3468016","chr12","29584277","29584411","22","26116394"
"KN296119v1","3468373","3468504","chrX","107844883","107845014","21","104376510"
"KN296119v1","3473365","3473495","chr11","72878032","72878162","12","69404667"
"KN296119v1","3486900","3487183","chr11","72869512","72869795","33","69382612"
"KN296119v1","3500888","3501140","chr14","38166446","38166682","73","34665558"
"KN296119v1","3510071","3510203","chr11","72840319","72840450","12","69330248"
"KN296119v1","3527526","3527828","chr11","72827833","72828131","28","69300307"
"KN296119v1","3571524","3571779","chr7","85836919","85837180","75","82265395"
"KN296119v1","3606054","3606364","chr11","72755843","72756153","21","69149789"
"KN296119v1","3631910","3632013","chr3","44464613","44464711","22","40832703"
"KN296119v1","3648593","3648709","chr11","72711024","72711141","9","69062431"
"KN296119v1","3648950","3649220","chr11","72710521","72710795","43","69061571"
"KN296119v1","3671833","3672107","chr1","162041127","162041407","70","158369294"
"KN296119v1","3707014","3707170","chr11","72650335","72650494","24","68943321"
"KN296119v1","3721997","3722294","chr11","72636892","72637182","25","68914895"
"KN296119v1","3753157","3753310","chr11","72616592","72616746","12","68863435"
"KN296119v1","3761177","3761447","chr13","94214003","94214275","45","90452826"
"KN296119v1","3890024","3890316","chr11","72468459","72468758","31","68578435"
"KN296119v1","3938215","3938510","chr11","72419081","72419378","15","68480866"
"KN296119v1","4005795","4006103","chr16","24002487","24002792","68","19996692"
"KN296119v1","4022030","4022148","chr9","23442246","23442363","28","19420216"
"KN296119v1","4022201","4022374","chr6","117965262","117965428","43","113943061"
"KN296119v1","4152087","4152383","chr11","72206592","72206881","33","68054505"
"KN296119v1","4156984","4157294","chr7","138755697","138755986","71","134598713"
"KN296119v1","4178124","4178392","chr11","72168160","72168415","42","67990036"
"KN296119v1","4204030","4204337","chr11","72147630","72147936","25","67943600"
"KN296119v1","4251824","4251975","chr14","257402","257554","30","3994422"
"KN296119v1","4283363","4283441","chr14","47038048","47038125","10","42754685"
"KN296119v1","4363692","4363984","chr19","3667009","3667299","47","696683"
"KN296119v1","4490664","4490955","chr11","71867641","71867932","22","67376977"
"KN296119v1","4494460","4494680","chr11","71863784","71864004","14","67369324"
"KN296119v1","4603829","4604126","chr11","71753773","71754069","32","67149944"
"KN296119v1","4819611","4819903","chr11","71540835","71541121","30","66721224"
"KN296119v1","4859836","4860076","chr13","16219279","16219501","73","11359443"
"KN296119v1","4906742","4907008","chr10","98437967","98438225","59","93531225"
"KN296119v1","4931483","4931607","chr11","71437554","71437677","11","66506071"
"KN296119v1","4931926","4932112","chr11","71436994","71437175","29","66505068"
"KN296119v1","5031048","5031332","chr11","71316572","71316856","11","66285524"
"KN296119v1","5049162","5049443","chr11","71300088","71300392","37","66250926"
"KN296119v1","5052184","5052429","chr11","71296928","71297186","26","66244744"
"KN296119v1","5097734","5097817","chr11","71250626","71250709","0","66152892"
"KN296119v1","5116102","5116419","chr11","71238140","71238459","27","66122038"
"KN296119v1","5160688","5160793","chr5","4248741","4248845","23","911947"
"KN296119v1","5188165","5188470","chr10","13992685","13992993","57","8804520"
"KN296119v1","5190995","5191271","chr20","35775262","35775536","56","30584267"
"KN296119v1","5265008","5265316","chr11","71103396","71103703","22","65838388"
"KN296119v1","5265884","5265954","chr8","29943719","29943784","14","24677835"
"KN296119v1","5268224","5268391","chrX","71950571","71950739","26","66682347"
"KN296119v1","5268693","5268776","chr11","48046475","48046553","26","42777782"
"KN296119v1","5273437","5273472","chr5","7106853","7106884","10","1833416"
"KN296119v1","5273788","5273934","chr11","71095817","71095963","8","65822029"
"KN296119v1","5274274","5274428","chr12","110573514","110573668","33","105299240"
"KN296119v1","5277192","5277352","chr11","71092778","71092940","11","65815586"
"KN296119v1","5287671","5287972","chr11","71082929","71083228","24","65795258"
"KN296119v1","5360943","5361235","chr9","91946226","91946526","63","86585283"
"KN296119v1","5382675","5382943","chr1","101465349","101465615","55","96082674"
"KN296119v1","5420014","5420135","chr11","3357452","3357576","9","2062562"
"KN296119v1","5421030","5421147","chr5","19560402","19560523","22","14139372"
"KN296119v1","5465787","5465893","chrX","53256243","53256337","29","47790456"
"KN296119v1","5466178","5466321","chr10","114097370","114097515","28","108631192"
"KN296119v1","5466812","5467108","chr11","3408622","3408914","27","2058190"
"KN296119v1","5488280","5488564","chr16","20229602","20229879","73","14741322"
"KN296119v1","5516632","5516751","chr1","171939062","171939186","24","166422430"
"KN296119v1","5530679","5530797","chr11","3460554","3460674","16","2070125"
"KN296119v1","5535004","5535281","chr11","3464728","3465004","21","2070276"
"KN296119v1","5537141","5537351","chr3","74143323","74143517","66","68606182"
"KN296119v1","5538130","5538269","chr3","50971353","50971488","28","45433223"
"KN296119v1","5549548","5549742","chr7","5712830","5713004","63","163282"
"KN296119v1","5666260","5666569","chr11","3590592","3590902","17","2075668"
"KN296119v1","5672029","5672294","chr6","15670416","15670675","52","9998387"
"KN296119v1","5714959","5715059","chr11","3637855","3637955","5","2077104"
"KN296119v1","5715933","5716095","chr11","3638832","3638984","25","2077101"
"KN296119v1","5761161","5761296","chr11","3695065","3695200","5","2066096"
"KN296119v1","5768163","5768466","chr1","24625608","24625907","61","18857445"
"KN296119v1","5778089","5778360","chr11","3712453","3712727","28","2065636"
"KN296119v1","5796862","5797174","chr11","3733437","3733774","43","2063425"
"KN296119v1","5813654","5813925","chr11","3750512","3750783","17","2063142"
"KN296119v1","5871817","5872117","chr11","3834608","3834882","32","2037209"
"KN296119v1","5889262","5889539","chr19","40322015","40322302","51","34432753"
"KN296119v1","5906267","5906551","chr11","3868654","3868947","28","2037613"
"KN296119v1","5956201","5956502","chr11","3904899","3905211","28","2051302"
"KN296119v1","6044191","6044480","chr11","4069528","4069814","25","1974663"
"KN296119v1","6111055","6111331","chr11","4137295","4137571","16","1973760"
"KN296119v1","6337251","6337566","chr11","4381060","4381354","44","1956191"
"KN296120v1","35740","35864","chrX","118087582","118087706","11","118051842"
"KN296120v1","71746","71882","chrX","118053366","118053502","8","117981620"
"KN296122v1","35933","36249","chr7","5100011","5100318","34","5064078"
"KN296122v1","46473","46740","chr6","10740288","10740565","55","10693815"
"KN296122v1","50218","50388","chr19","18810250","18810417","40","18760032"
"KN296122v1","75555","75871","chr5","118111615","118111947","69","118036060"
"KN296122v1","75872","76203","chr19","18770160","18770495","70","18694288"
"KN296122v1","94612","94914","chr7","5156702","5156998","25","5062090"
"KN296122v1","115309","115629","chr19","49913706","49914019","69","49798397"
"KN296122v1","148882","149165","chr7","5209728","5210041","45","5060846"
"KN296122v1","153056","153226","chr16","31280012","31280184","34","31126956"
"KN296122v1","153529","153668","chr5","32501408","32501541","28","32347879"
"KN296122v1","163433","163571","chr1","22855168","22855303","21","22691735"
"KN296122v1","163580","163694","chr5","34353162","34353277","22","34189582"
"KN296122v1","163991","164191","chr16","40584700","40584893","51","40420709"
"KN296122v1","192504","192767","chr7","66288816","66289078","71","66096312"
"KN296122v1","192778","193050","chr7","5249582","5249854","21","5056804"
"KN296122v1","202768","203070","chr7","5259044","5259341","38","5056276"
"KN296122v1","212049","212184","chr7","5267008","5267144","10","5054959"
"KN296122v1","212497","212670","chr7","5267444","5267610","16","5054947"
"KN296122v1","257038","257150","chr19","17776585","17776695","24","17519547"
"KN296122v1","257728","257992","chr3","232150","232419","57","25578"
"KN296122v1","257993","258148","chr11","112212687","112212845","45","111954694"
"KN296122v1","258453","258482","chr4","40478845","40478875","6","40220392"
"KN296122v1","258503","258815","chr7","5311917","5312219","55","5053414"
"KN296122v1","282506","282653","chr12","30149912","30150059","27","29867406"
"KN296122v1","285675","285957","chr7","5335872","5336160","30","5050197"
"KN296122v1","305090","305394","chr7","5353441","5353758","38","5048351"
"KN296122v1","328049","328172","chr7","5378292","5378403","23","5050243"
"KN296122v1","328483","328618","chr7","5378697","5378832","6","5050214"
"KN296122v1","339855","340145","chr6","18841527","18841805","54","18501672"
"KN296122v1","342801","343112","chr17","4938125","4938427","64","4595324"
"KN296122v1","346137","346400","chr4","87727935","87728186","67","87381798"
"KN296122v1","355137","355203","chr7","5403408","5403474","4","5048271"
"KN296122v1","361988","362119","chr7","5407438","5407561","18","5045450"
"KN296122v1","396173","396336","chr7","5440959","5441121","18","5044786"
"KN296122v1","396640","396775","chr7","5441433","5441568","7","5044793"
"KN296122v1","416442","416744","chr6","17206427","17206727","47","16789985"
"KN296122v1","426041","426164","chr2B","53458136","53458259","18","53032095"
"KN296122v1","432170","432266","chr8","86126816","86126914","26","85694646"
"KN296122v1","447955","448241","chr1","3492383","3492666","48","3044428"
"KN296122v1","473599","473879","chr7","5513986","5514259","34","5040387"
"KN296122v1","513793","514051","chr6","94047219","94047482","66","93533426"
"KN296122v1","552903","552965","chr19","38440952","38441015","14","37888049"
"KN296125v1","7410","7686","chrX","139172211","139172483","10","139164801"
"KN296128v1","24718","24844","chrX","7843230","7843360","17","7818512"
"KN296128v1","150588","150858","chrX","8348696","8349005","55","8198108"
"KN296133v1","90295","90591","chr5","31908775","31909072","35","31818480"
"KN296134v1","16731","16880","chr2B","1118145","1118294","13","1101414"
"KN296134v1","21016","21316","chr2B","1122456","1122754","26","1101440"
"KN296135v1","74480","74769","chr12","39236403","39236695","24","39161923"
"KN296138v1","3436","3758","chr8","145114005","145114318","72","145110569"
"KN296138v1","7472","7746","chr19","32572320","32572613","38","32564848"
"KN296138v1","10314","10439","chr19","32570233","32570358","5","32559919"
"KN296138v1","14105","14412","chr19","32566248","32566558","26","32552143"
"KN296138v1","30135","30262","chr1","110323722","110323851","17","110293587"
"KN296138v1","47229","47359","chr5","106201866","106201998","20","106154637"
"KN296138v1","60696","60822","chr4","151826756","151826885","21","151766060"
"KN296138v1","68731","68886","chrX","119477925","119478068","39","119409194"
"KN296138v1","69193","69327","chr21","34375828","34375963","21","34306635"
"KN296138v1","73694","73859","chr19","32505495","32505671","34","32431801"
"KN296138v1","74167","74313","chr19","32505066","32505210","9","32430899"
"KN296138v1","78399","78658","chr19","32498379","32498638","20","32419980"
"KN296138v1","107908","108027","chr2B","111546145","111546265","19","111438237"
"KN296138v1","110388","110517","chr4","41394170","41394300","24","41283782"
"KN296138v1","138123","138255","chr2B","67591296","67591427","19","67453173"
"KN296138v1","152565","152855","chr15","291859","292145","27","139294"
"KN296138v1","154756","155057","chr15","289617","289913","47","134861"
"KN296138v1","161292","161539","chr4","87727935","87728186","41","87566643"
"KN296138v1","176095","176216","chr10","45103386","45103507","20","44927291"
"KN296138v1","178863","179097","chr19","32399359","32399628","56","32220496"
"KN296138v1","182215","182442","chr6","25102724","25102944","55","24920509"
"KN296138v1","191742","192018","chr19","32390261","32390573","48","32198519"
"KN296138v1","192056","192078","chrX","151124548","151124570","5","150932492"
"KN296138v1","204226","204512","chr19","32377757","32378053","22","32173531"
"KN296138v1","205477","205697","chr19","32376888","32377108","15","32171411"
"KN296138v1","207471","207593","chr3","72608821","72608933","29","72401350"
"KN296138v1","209738","210015","chr19","32372865","32373139","25","32163127"
"KN296138v1","211204","211480","chr7","6374738","6375025","63","6163534"
"KN296138v1","240978","241062","chr19","32340502","32340586","5","32099524"
"KN296138v1","242048","242281","chr1","28451444","28451677","47","28209396"
"KN296138v1","245370","245382","chr8","59662393","59662405","2","59417023"
"KN296138v1","245436","245553","chr7","25171190","25171307","19","24925754"
"KN296138v1","246667","246946","chr19","32335234","32335513","18","32088567"
"KN296138v1","262594","262907","chr19","32318202","32318451","76","32055608"
"KN296138v1","281620","281744","chr1","1182740","1182864","21","901120"
"KN296138v1","283626","283926","chr19","32298518","32298788","54","32014892"
"KN296138v1","295550","295850","chr6","532194","532497","55","236644"
"KN296138v1","330804","331103","chr19","32229694","32230001","37","31898890"
"KN296138v1","369686","369972","chr19","32184094","32184385","33","31814408"
"KN296138v1","404922","405122","chr7","64147926","64148127","44","63743004"
"KN296138v1","412461","412747","chr19","32132303","32132587","21","31719842"
"KN296138v1","418403","418685","chr19","32126306","32126603","44","31707903"
"KN296138v1","456136","456427","chr2A","96012091","96012387","51","95555955"
"KN296138v1","459784","459974","chr3","163070734","163070919","42","162610950"
"KN296138v1","461812","462138","chr19","32087908","32088232","21","31626096"
"KN296138v1","470491","470784","chr19","32078760","32079043","41","31608269"
"KN296138v1","473269","473377","chr5","20646072","20646174","29","20172803"
"KN296138v1","511211","511506","chr10","31586546","31586842","45","31075335"
"KN296138v1","517754","518051","chr19","32032147","32032446","23","31514393"
"KN296138v1","526731","526889","chr13","72790163","72790308","44","72263432"
"KN296138v1","534184","534314","chr10","199438","199568","17","334746"
"KN296139v1","28588","28897","chr4","40361287","40361598","52","40332699"
"KN296139v1","29489","29613","chr9","15142686","15142807","21","15113197"
"KN296139v1","45731","45865","chr15","20775109","20775241","15","20729378"
"KN296139v1","54191","54321","chr9","113984736","113984871","22","113930545"
"KN296139v1","80023","80285","chrX","4796706","4796976","64","4716683"
"KN296139v1","88402","88689","chr15","20734032","20734325","21","20645630"
"KN296139v1","122073","122286","chr9","76802368","76802591","48","76680295"
"KN296139v1","158733","159040","chr15","20665794","20666090","34","20507061"
"KN296139v1","176206","176414","chr11","72540307","72540511","46","72364101"
"KN296139v1","179236","179359","chr15","20646332","20646454","4","20467096"
"KN296139v1","190337","190499","chr13","2103524","2103681","37","1913187"
"KN296139v1","190804","190932","chr4","105831198","105831328","25","105640394"
"KN296139v1","196611","196768","chr17","24504192","24504333","35","24307581"
"KN296139v1","197080","197236","chr12","67517686","67517835","36","67320606"
"KN296139v1","243255","243472","chr1","8584691","8584905","33","8341436"
"KN296139v1","252221","252345","chr2B","53458136","53458259","12","53205915"
"KN296139v1","443226","443498","chr15","20379365","20379658","53","19936139"
"KN296139v1","459283","459580","chr3","187380841","187381136","63","186921558"
"KN296140v1","621989","622298","chr17","3900352","3900665","94","3278363"
"KN296140v1","643245","643546","chr11","105255610","105255900","32","104612365"
"KN296141v1","180022","180342","chr3","69604634","69604932","38","69424612"
"KN296141v1","329676","329964","chr3","69751588","69751864","31","69421912"
"KN296142v1","9309","9607","chr8","68290234","68290532","44","68280925"
"KN296142v1","205568","205858","chr12","2970455","2970734","70","2764887"
"KN296142v1","263970","264168","chr8","68570556","68570776","32","68306586"
"KN296142v1","279620","279947","chr8","68580562","68580866","41","68300942"
"KN296142v1","284291","284577","chr8","68582104","68582373","29","68297813"
"KN296142v1","297224","297392","chr8","68590963","68591131","12","68293739"
"KN296142v1","395320","395628","chr8","68687156","68687460","20","68291836"
"KN296144v1","2754","2872","chr1","144747409","144747533","27","144744655"
"KN296144v1","36279","36563","chr16","19268300","19268555","41","19232021"
"KN296144v1","38299","38454","chr12","104158563","104158706","43","104120264"
"KN296144v1","38775","38916","chr10","23159064","23159197","39","23120289"
"KN296145v1","169939","170230","chr1","63287542","63287829","51","63117603"
"KN296145v1","187120","187273","chr20","30746885","30747033","43","30559765"
"KN296145v1","361154","361439","chr13","14561207","14561508","32","14200053"
"KN296145v1","384553","384830","chr18","54235111","54235391","70","53850558"
"KN296145v1","550700","550944","chr20","62681551","62681781","74","62130851"
"KN296145v1","650534","650839","chr13","14254063","14254373","27","13603529"
"KN296145v1","665918","666209","chr19","32591845","32592137","53","31925927"
"KN296145v1","707254","707471","chr13","14190603","14190822","17","13483349"
"KN296145v1","785397","785671","chr7","43721637","43721904","53","42936240"
"KN296145v1","874676","874798","chr13","14032925","14033047","11","13158249"
"KN296145v1","2080169","2080473","chr5","36003856","36004148","73","33923687"
"KN296145v1","2153209","2153514","chr13","12708300","12708577","50","10555091"
"KN296145v1","2162343","2162476","chr13","12699005","12699138","5","10536662"
"KN296145v1","2292895","2293027","chr13","12556109","12556241","9","10263214"
"KN296145v1","2479531","2479813","chr13","12362120","12362408","29","9882589"
"KN296145v1","2541254","2541394","chr13","12297603","12297743","11","9756349"
"KN296145v1","2565099","2565333","chr13","12272244","12272476","15","9707145"
"KN296145v1","2577899","2578166","chr11","3200339","3200614","66","622440"
"KN296145v1","2582952","2583268","chr13","12254625","12254942","37","9671673"
"KN296145v1","2625510","2625669","chr18","56120659","56120829","53","53495149"
"KN296145v1","2638253","2638553","chr13","12197951","12198252","26","9559698"
"KN296145v1","2682473","2682756","chr19","35684062","35684348","61","33001589"
"KN296145v1","2832359","2832648","chr13","12002951","12003240","15","9170592"
"KN296145v1","2854582","2854813","chr13","11980425","11980655","14","9125843"
"KN296145v1","2889932","2890228","chr13","11945183","11945482","41","9055251"
"KN296145v1","2892154","2892419","chr13","11945183","11945482","56","9053029"
"KN296145v1","3112088","3112379","chr3","58597016","58597306","62","55484928"
"KN296145v1","3273734","3274039","chr13","11539115","11539405","28","8265381"
"KN296145v1","3331564","3331843","chr6","7074745","7075032","56","3743181"
"KN296145v1","3368340","3368492","chr5","1288832","1288999","35","2079508"
"KN296145v1","3368544","3368662","chr6","35364510","35364626","23","31995966"
"KN296145v1","3433510","3433631","chr8","75184071","75184194","15","71750561"
"KN296145v1","3481571","3481852","chr13","11293469","11293767","42","7811898"
"KN296145v1","3783764","3783895","chr5","106201866","106201998","20","102418102"
"KN296145v1","3785453","3785762","chr9","60167783","60168093","59","56382330"
"KN296146v1","31738","31965","chr9","41119611","41119837","40","41087873"
"KN296146v1","36167","36239","chr4","40408043","40408113","22","40371876"
"KN296146v1","49397","49762","chr1","140056684","140057051","41","140007287"
"KN296146v1","49767","50130","chr1","140056684","140057051","34","140006917"
"KN296146v1","129207","129496","chr9","108749427","108749724","58","108620220"
"KN296146v1","131632","131928","chr19","44178827","44179123","61","44047195"
"KN296146v1","149855","149990","chr16","65415921","65416052","21","65266066"
"KN296146v1","154523","154766","chr3","126311126","126311363","47","126156603"
"KN296146v1","215104","215397","chr1","140187855","140188169","31","139972751"
"KN296146v1","253960","254090","chr4","94248109","94248235","16","93994149"
"KN296146v1","259317","259532","chr12","117954297","117954497","68","117694980"
"KN296146v1","259842","259976","chr3","26339940","26340072","21","26080098"
"KN296146v1","266233","266474","chr5","49680861","49681092","61","49414628"
"KN296146v1","353966","354283","chr1","140274878","140275188","26","139920912"
"KN296146v1","366984","367090","chr1","140286901","140287007","5","139919917"
"KN296146v1","367369","367534","chr1","140287287","140287453","22","139919918"
"KN296147v1","162072","162279","chr5","121598585","121598786","46","121436513"
"KN296148v1","33771","34040","chr15","53160041","53160325","63","53126270"
"KN296149v1","56466","56597","chr6","80869096","80869228","9","80812630"
"KN296149v1","85412","85736","chr6","80834142","80834453","48","80748730"
"KN296153v1","3145524","3145815","chr1","110535463","110535757","64","107389939"
"KN296153v1","22511","22797","chr19","6649540","6649827","11","6627029"
"KN296153v1","32516","32846","chrX","53589834","53590139","86","53557318"
"KN296153v1","37537","37768","chr2B","44696153","44696374","70","44658616"
"KN296153v1","41789","42099","chr3","52360924","52361226","67","52319135"
"KN296153v1","45851","46169","chr7","535176","535485","62","489325"
"KN296153v1","53141","53334","chr19","6619646","6619839","15","6566505"
"KN296153v1","55084","55149","chr7","71924067","71924131","12","71868983"
"KN296153v1","66561","66690","chr20","35800564","35800690","18","35734003"
"KN296153v1","77954","78082","chr19","6591674","6591797","14","6513720"
"KN296153v1","93494","93820","chr16","24014273","24014600","71","23920779"
"KN296153v1","102439","102719","chr19","6567136","6567418","29","6464697"
"KN296153v1","147166","147468","chr19","6523831","6524123","41","6376665"
"KN296153v1","166667","166959","chr19","6502590","6502884","18","6335923"
"KN296153v1","206504","206596","chr7","90015529","90015630","19","89809025"
"KN296153v1","219355","219553","chr19","6446454","6446652","16","6227099"
"KN296153v1","301353","301610","chr12","120120097","120120360","59","119818744"
"KN296153v1","333576","333853","chr19","6329515","6329777","31","5995939"
"KN296153v1","335293","335336","chr5","58798267","58798319","12","58462974"
"KN296153v1","336866","336947","chr19","6327992","6328067","10","5991126"
"KN296153v1","347521","347810","chr19","6319689","6319992","35","5972168"
"KN296153v1","355052","355096","chr7","72358758","72358796","14","72003706"
"KN296153v1","355399","355524","chr6","43855524","43855650","23","43500125"
"KN296153v1","370476","370529","chr4","159990266","159990323","9","159619790"
"KN296153v1","370960","371043","chr18","60674359","60674442","12","60303399"
"KN296153v1","372002","372302","chr19","6293055","6293347","34","5921053"
"KN296153v1","400595","400904","chr19","6259546","6259822","50","5858951"
"KN296153v1","422251","422381","chr19","6238820","6238950","13","5816569"
"KN296153v1","432512","432806","chr19","6228983","6229263","28","5796471"
"KN296153v1","446490","446607","chr11","3377147","3377267","18","2930657"
"KN296153v1","489767","490057","chr19","6178833","6179122","28","5689066"
"KN296153v1","513259","513404","chr6","4159389","4159520","29","3646130"
"KN296153v1","513703","513745","chr12","35630122","35630149","18","35116419"
"KN296153v1","514056","514187","chr5","133665737","133665865","20","133151681"
"KN296153v1","516187","516408","chr19","6148668","6148899","32","5632481"
"KN296153v1","549137","549340","chr19","6114123","6114321","14","5564986"
"KN296153v1","549627","549739","chr19","6113718","6113821","12","5564091"
"KN296153v1","562250","562560","chr4","24592292","24592599","59","24030042"
"KN296153v1","567791","568014","chr19","6089517","6089774","47","5521726"
"KN296153v1","585547","585872","chr19","6070914","6071224","35","5485367"
"KN296153v1","611258","611523","chr1","52648985","52649268","67","52037727"
"KN296153v1","695559","695681","chr19","5952097","5952218","11","5256538"
"KN296153v1","732162","732450","chr5","41092210","41092501","53","40360048"
"KN296153v1","746309","746584","chr13","95584208","95584476","66","94837899"
"KN296153v1","748256","748324","chr7","147637940","147638007","6","146889684"
"KN296153v1","794380","794626","chr19","5865762","5866018","25","5071382"
"KN296153v1","803459","803766","chr19","5857013","5857301","35","5053554"
"KN296153v1","825121","825255","chr12","57258842","57258974","39","56433721"
"KN296153v1","825284","825357","chr3","161038080","161038153","13","160212796"
"KN296153v1","883523","883810","chr16","78223728","78224017","68","77340205"
"KN296153v1","886950","887241","chr19","5777012","5777299","50","4890062"
"KN296153v1","915237","915498","chr19","5749183","5749452","22","4833946"
"KN296153v1","951909","952106","chr5","135535175","135535375","57","134583266"
"KN296153v1","952418","952547","chr3","144616756","144616881","18","143664338"
"KN296153v1","982983","983281","chr12","108438102","108438401","49","107455119"
"KN296153v1","991461","991731","chr19","5675647","5675910","29","4684186"
"KN296153v1","1034311","1034602","chr19","5626475","5626780","35","4592164"
"KN296153v1","1092008","1092134","chr19","5583899","5584029","15","4491891"
"KN296153v1","1098421","1098722","chr19","5577020","5577323","29","4478599"
"KN296153v1","1099476","1099780","chr19","5575647","5575946","40","4476171"
"KN296153v1","1134014","1134310","chr6","32169761","32170066","62","31035747"
"KN296153v1","1151204","1151503","chr11","32284696","32284987","57","31133492"
"KN296153v1","1170019","1170088","chr19","5501180","5501249","3","4331161"
"KN296153v1","1191755","1192029","chr19","5479031","5479305","20","4287276"
"KN296153v1","1268404","1268697","chr8","90581332","90581626","68","89312928"
"KN296153v1","1273584","1273882","chr19","5394983","5395274","19","4121399"
"KN296153v1","1282976","1283247","chr19","5385945","5386216","31","4102969"
"KN296153v1","1285403","1285679","chr19","5383525","5383810","37","4098122"
"KN296153v1","1291146","1291268","chr19","5377955","5378078","13","4086809"
"KN296153v1","1327522","1327680","chr19","5316753","5316898","25","3989231"
"KN296153v1","1372595","1372859","chr19","5255474","5255748","33","3882879"
"KN296153v1","1377116","1377431","chr9","82345230","82345532","61","80968114"
"KN296153v1","1381371","1381661","chr19","5252841","5253130","24","3871470"
"KN296153v1","1410973","1411272","chr8","24708507","24708815","59","23297534"
"KN296153v1","1432832","1433150","chr19","5199254","5199562","30","3766422"
"KN296153v1","1447571","1447760","chr6","150358606","150358768","59","148911035"
"KN296153v1","1486422","1486724","chr19","5146544","5146827","36","3660122"
"KN296153v1","1519819","1520125","chr19","5111212","5111492","44","3591393"
"KN296153v1","1541746","1541882","chr9","52099590","52099722","27","50557844"
"KN296153v1","1542152","1542323","chr1","6263470","6263640","38","4721318"
"KN296153v1","1559802","1560121","chr9","15161925","15162231","60","13602123"
"KN296153v1","1571577","1571890","chr19","5056138","5056453","28","3484561"
"KN296153v1","1615492","1615803","chr19","5020680","5020993","27","3405188"
"KN296153v1","1621949","1622059","chr19","5014261","5014375","9","3392312"
"KN296153v1","1687558","1687675","chr19","4949141","4949259","7","3261583"
"KN296153v1","1702740","1702985","chr19","4937427","4937673","14","3234687"
"KN296153v1","1729254","1729383","chr19","4909752","4909883","9","3180498"
"KN296153v1","1797807","1798100","chr19","4838151","4838454","32","3040344"
"KN296153v1","1804825","1804949","chr19","4830887","4831008","17","3026062"
"KN296153v1","1809833","1809948","chr19","4825848","4825962","14","3016015"
"KN296153v1","1865666","1865975","chr19","4770042","4770345","34","2904376"
"KN296153v1","1872185","1872477","chr19","4763324","4763612","23","2891139"
"KN296153v1","1890525","1890806","chr19","4742709","4743013","40","2852184"
"KN296153v1","1900739","1901030","chr19","4735249","4735540","18","2834510"
"KN296153v1","1929221","1929532","chr19","4707668","4707963","43","2778447"
"KN296153v1","1973149","1973387","chr19","4666339","4666568","37","2693190"
"KN296153v1","1974671","1974974","chr8","145014321","145014619","62","143039650"
"KN296153v1","1986312","1986601","chr19","4652569","4652870","44","2666257"
"KN296153v1","1994313","1994598","chr19","4645819","4646106","35","2651506"
"KN296153v1","2009208","2009453","chr20","46212965","46213216","52","44203757"
"KN296153v1","2040431","2040515","chr19","4597193","4597277","2","2556762"
"KN296153v1","2041064","2041198","chr19","4596525","4596659","11","2555461"
"KN296153v1","2044643","2044920","chr19","4694076","4694346","70","2649433"
"KN296153v1","2045895","2046196","chr19","4590972","4591270","30","2545077"
"KN296153v1","2049412","2049678","chr7","50843972","50844228","86","48794560"
"KN296153v1","2058940","2059135","chr19","4579021","4579225","25","2520081"
"KN296153v1","2061453","2061762","chr4","7977628","7977939","70","5916175"
"KN296153v1","2065132","2065233","chr19","4572741","4572843","11","2507609"
"KN296153v1","2065242","2065527","chr19","4572448","4572732","19","2507206"
"KN296153v1","2070213","2070340","chr8","145971126","145971256","18","143900913"
"KN296153v1","2070367","2070486","chr19","4568104","4568223","13","2497737"
"KN296153v1","2088596","2088885","chr19","4551728","4552017","33","2463132"
"KN296153v1","2098705","2098993","chr19","4541394","4541684","20","2442689"
"KN296153v1","2132263","2132559","chr17","12176855","12177142","57","10044592"
"KN296153v1","2136844","2136966","chr3","5136828","5136950","20","2999984"
"KN296153v1","2140850","2141096","chr1","88025570","88025827","61","85884720"
"KN296153v1","2152350","2152659","chr19","4490788","4491143","64","2338438"
"KN296153v1","2154811","2154933","chr2B","63053441","63053561","31","60898630"
"KN296153v1","2155227","2155363","chr5","44173416","44173548","27","42018189"
"KN296153v1","2156814","2157114","chr20","32066370","32066668","50","29909556"
"KN296153v1","2159074","2159384","chr19","4485307","4485623","27","2326233"
"KN296153v1","2162845","2162913","chr2B","115621476","115621542","21","113458631"
"KN296153v1","2204543","2204581","chr19","11306582","11306620","11","9102039"
"KN296153v1","2204894","2205028","chr10","90086867","90086999","26","87881973"
"KN296153v1","2206501","2206814","chr5","133596393","133596704","66","131389892"
"KN296153v1","2245592","2245752","chr16","31280012","31280184","39","29034420"
"KN296153v1","2246060","2246187","chr6","166100718","166100849","21","163854658"
"KN296153v1","2248069","2248229","chr1","224704872","224705030","39","222456803"
"KN296153v1","2248510","2248536","chr1","227158547","227158569","11","224910037"
"KN296153v1","2248867","2248995","chr3","136598904","136599027","20","134350037"
"KN296153v1","2255482","2255787","chr11","48292930","48293233","56","46037448"
"KN296153v1","2264904","2265035","chr1","1940892","1941022","20","324012"
"KN296153v1","2302065","2302353","chr19","4363521","4363810","46","2061456"
"KN296153v1","2339982","2340268","chr19","4312314","4312588","40","1972332"
"KN296153v1","2340293","2340626","chr1","152918162","152918482","89","150577869"
"KN296153v1","2342283","2342497","chr3","59019189","59019406","64","56676906"
"KN296153v1","2380291","2380621","chr20","10478997","10479314","75","8098706"
"KN296153v1","2385113","2385392","chr19","4281150","4281439","39","1896037"
"KN296153v1","2398945","2399229","chr18","54235111","54235391","58","51836166"
"KN296153v1","2401509","2401770","chr7","71256204","71256454","58","68854695"
"KN296153v1","2478921","2479165","chr19","4193783","4194025","18","1714862"
"KN296153v1","2484220","2484514","chr19","4188922","4189225","37","1704702"
"KN296153v1","2490845","2490963","chr8","111104693","111104811","23","108613848"
"KN296153v1","2526149","2526309","chr8","27551139","27551281","36","25024990"
"KN296153v1","2562307","2562592","chr19","4126578","4126873","29","1564271"
"KN296153v1","2588242","2588536","chr19","4100640","4100939","25","1512398"
"KN296153v1","2615750","2616052","chr19","4069372","4069674","23","1453622"
"KN296153v1","2633451","2633776","chr19","4053622","4053924","43","1420171"
"KN296153v1","2660357","2660501","chr16","31477787","31477930","33","28817430"
"KN296153v1","2675371","2675676","chr16","29946402","29946703","66","27271031"
"KN296153v1","2675848","2676152","chr5","134357799","134358111","49","131681951"
"KN296153v1","2684526","2684803","chr19","4000922","4001209","37","1316396"
"KN296153v1","2690780","2691074","chr19","56305846","56306150","61","53615066"
"KN296153v1","2712191","2712515","chr7","1105389","1105702","73","1606802"
"KN296153v1","2712769","2712880","chr19","3974458","3974563","15","1261689"
"KN296153v1","2712925","2713194","chr19","3974146","3974402","37","1261221"
"KN296153v1","2715436","2715680","chr15","1391558","1391798","53","1323878"
"KN296153v1","2717201","2717499","chr19","3969555","3969857","22","1252354"
"KN296153v1","2719815","2719865","chr8","771501","771548","12","1948314"
"KN296153v1","2726794","2727073","chr3","52914203","52914483","52","50187409"
"KN296153v1","2753716","2754028","chr19","3934465","3934795","48","1180749"
"KN296153v1","2755136","2755254","chr13","12027114","12027230","17","9271978"
"KN296153v1","2755298","2755459","chr1","224704872","224705030","39","221949574"
"KN296153v1","2757990","2758325","chr3","129399909","129400254","77","126641919"
"KN296153v1","2764499","2764798","chr7","127125393","127125684","57","124360894"
"KN296153v1","2766612","2766889","chr12","121368057","121368340","44","118601445"
"KN296153v1","2792890","2793018","chr11","61938506","61938638","18","59145616"
"KN296153v1","2803044","2803192","chr1","224736651","224736801","24","221933607"
"KN296153v1","2813476","2813753","chr10","34587773","34588048","50","31774297"
"KN296153v1","2819709","2819850","chr19","3869564","3869710","20","1049855"
"KN296153v1","2827694","2827818","chr12","4712795","4712919","18","1885101"
"KN296153v1","2833496","2833650","chr16","23511474","23511618","39","20677978"
"KN296153v1","2834262","2834405","chrX","106665347","106665478","33","103831085"
"KN296153v1","2894078","2894196","chr19","3795513","3795641","20","901435"
"KN296153v1","2894502","2894642","chr19","3795070","3795212","18","900568"
"KN296153v1","2903129","2903396","chr12","122856419","122856677","70","119953290"
"KN296153v1","2916511","2916641","chr19","3771974","3772104","16","855463"
"KN296153v1","2917462","2917595","chr19","3771003","3771157","28","853541"
"KN296153v1","2920313","2920443","chr19","3767675","3767802","19","847362"
"KN296153v1","2920756","2920932","chr19","3766895","3767068","13","846139"
"KN296153v1","2923103","2923402","chrX","9749257","9749548","73","6826154"
"KN296153v1","2964485","2964764","chr19","3720847","3721126","43","756362"
"KN296153v1","2969693","2969885","chr5","121598585","121598786","54","118628892"
"KN296153v1","2970347","2970470","chr10","40749912","40750034","16","37779565"
"KN296153v1","2979272","2979552","chr19","13197438","13197722","60","10218166"
"KN296153v1","2981681","2981814","chr4","41394170","41394300","20","38412489"
"KN296153v1","2991852","2992067","chr19","3708881","3709097","14","717029"
"KN296153v1","2993811","2994014","chr19","3707357","3707563","18","713546"
"KN296153v1","3000003","3000175","chr3","184830150","184830324","27","181830147"
"KN296153v1","3028726","3028850","chr19","3673736","3673860","12","645010"
"KN296153v1","3036098","3036386","chr19","3666459","3666747","17","630361"
"KN296153v1","3037040","3037323","chr19","3667009","3667299","30","629969"
"KN296153v1","3039951","3040078","chr5","6507693","6507832","28","3467742"
"KN296153v1","3049090","3049381","chr19","3647836","3648147","45","598746"
"KN296153v1","3049975","3050254","chr19","3647044","3647331","36","597069"
"KN296153v1","3051179","3051314","chr1","47029325","47029455","33","43978146"
"KN296153v1","3051626","3051922","chr19","3645343","3645649","51","593717"
"KN296153v1","3051974","3052305","chr19","3645343","3645649","53","593369"
"KN296153v1","3052306","3052433","chr12","37395285","37395400","29","34342979"
"KN296153v1","3072894","3073192","chr19","3622036","3622332","21","549142"
"KN296153v1","3079506","3079810","chr19","3615778","3616081","22","536272"
"KN296153v1","3084855","3085131","chr19","3610486","3610760","21","525631"
"KN296153v1","3096587","3096892","chr9","118965241","118965543","59","115868654"
"KN296153v1","3098950","3099254","chr10","65163569","65163884","64","62064619"
"KN296153v1","3105538","3105669","chr4","39964539","39964673","20","36859001"
"KN296153v1","3118046","3118177","chr19","3576111","3576246","12","458065"
"KN296153v1","3118479","3118649","chr19","3575630","3575800","11","457151"
"KN296153v1","3119138","3119426","chr2B","95381647","95381940","61","92262509"
"KN296153v1","3132640","3132923","chr19","3562925","3563217","31","430285"
"KN296153v1","3152295","3152598","chr9","79420265","79420572","65","76267970"
"KN296153v1","3175892","3176067","chr19","3524645","3524815","13","348753"
"KN296153v1","3176372","3176503","chr19","3524206","3524337","8","347834"
"KN296153v1","3179745","3179868","chr2A","41577631","41577754","17","38397886"
"KN296153v1","3183632","3183931","chr19","3517236","3517541","41","333604"
"KN296153v1","3203123","3203259","chr19","3499834","3499983","19","296711"
"KN296153v1","3215174","3215371","chr19","3490606","3490808","11","275432"
"KN296153v1","3217716","3217999","chr5","91521677","91521966","58","88303961"
"KN296153v1","3233627","3233918","chr19","3475907","3476213","36","242280"
"KN296153v1","3243596","3243916","chr12","125163839","125164147","55","121920243"
"KN296153v1","3262722","3262989","chr19","3447079","3447354","33","184357"
"KN296153v1","3285816","3286115","chr8","129712685","129712974","66","126426869"
"KN296153v1","3290378","3290503","chr19","3415176","3415296","13","124798"
"KN296153v1","3294924","3295220","chr19","3411035","3411335","27","116111"
"KN296153v1","3319799","3320098","chr7","72179457","72179751","62","68859658"
"KN296153v1","3343412","3343691","chr3","52914203","52914483","46","49570791"
"KN296153v1","3361389","3361521","chr19","3346397","3346529","6","14992"
"KN296153v1","3363311","3363410","chr16","58709594","58709689","27","55346283"
"KN296153v1","3363711","3363870","chr18","60556687","60556851","36","57192976"
"KN296153v1","3382591","3382727","chr5","125572808","125572940","26","122190217"
"KN296153v1","3389040","3389321","chr19","3320720","3321003","24","68320"
"KN296153v1","3509796","3510079","chr19","3199667","3199959","36","310129"
"KN296153v1","3521376","3521686","chr19","3186771","3187076","23","334605"
"KN296153v1","3530915","3531214","chrX","53589834","53590139","64","50058919"
"KN296153v1","3540187","3540490","chr12","52967815","52968111","55","49427628"
"KN296153v1","3573231","3573537","chr19","3137534","3137844","35","435697"
"KN296153v1","3574764","3574871","chr22","27028205","27028316","25","23453441"
"KN296153v1","3575174","3575222","chr3","162535533","162535582","16","158960359"
"KN296153v1","3576053","3576168","chr2B","98920039","98920147","24","95343986"
"KN296153v1","3600495","3600782","chr19","17400563","17400858","60","13800068"
"KN296153v1","3618268","3618580","chr19","3094396","3094717","47","523872"
"KN296153v1","3632676","3632969","chr8","26699031","26699321","64","23066355"
"KN296153v1","3652867","3653162","chr19","3063792","3064082","18","589075"
"KN296153v1","3654011","3654219","chr9","92758739","92758941","54","89104728"
"KN296153v1","3654528","3654627","chr7","74605684","74605774","21","70951156"
"KN296153v1","3656436","3656608","chr19","3060144","3060311","35","596292"
"KN296153v1","3657205","3657339","chr19","3059708","3059841","14","597497"
"KN296153v1","3666103","3666412","chr19","3050570","3050875","25","615533"
"KN296153v1","3671344","3671648","chr19","3045995","3046301","23","625349"
"KN296153v1","3697982","3698296","chr9","79420265","79420572","64","75722283"
"KN296153v1","3698768","3699069","chrX","133672214","133672519","57","129973446"
"KN296153v1","3700994","3701280","chr12","121769083","121769363","47","118068089"
"KN296153v1","3713894","3714085","chr14","75694128","75694315","38","71980234"
"KN296153v1","3714791","3715085","chr19","3006172","3006474","26","708619"
"KN296153v1","3715168","3715306","chr3","200210685","200210828","33","196495517"
"KN296153v1","3715349","3715464","chr1","10846844","10846959","16","7131495"
"KN296153v1","3741482","3741797","chr19","2981125","2981437","32","760357"
"KN296153v1","3743298","3743595","chr6","44473073","44473368","57","40729775"
"KN296153v1","3747081","3747223","chr5","6507693","6507832","29","2760612"
"KN296153v1","3778324","3778438","chr19","2944203","2944316","11","834121"
"KN296153v1","3778744","3778942","chr19","2943695","2943891","20","835049"
"KN296153v1","3831079","3831376","chr19","2890005","2890300","23","941074"
"KN296153v1","3850483","3850683","chr12","14864634","14864838","36","11014151"
"KN296153v1","3871402","3871519","chr1","130186722","130186837","13","126315320"
"KN296153v1","3872654","3872780","chr5","115701533","115701661","20","111828879"
"KN296153v1","3873690","3873944","chr19","2848123","2848383","21","1025567"
"KN296153v1","3882077","3882257","chr15","4150109","4150289","41","268032"
"KN296153v1","3905566","3905695","chr19","2809467","2809597","8","1096099"
"KN296153v1","3915830","3915976","chr8","106841737","106841875","28","102925907"
"KN296153v1","3916259","3916434","chr20","53032697","53032868","36","49116438"
"KN296153v1","3964340","3964465","chr1","6507850","6507974","25","2543510"
"KN296153v1","3974157","3974494","chr19","2743283","2743577","96","1230874"
"KN296153v1","3986218","3986501","chr19","2735436","2735732","31","1250782"
"KN296153v1","3995105","3995279","chr14","9460940","9461110","45","5465835"
"KN296153v1","3995307","3995358","chr10","116811182","116811229","10","112815875"
"KN296153v1","4001895","4002216","chr8","100641294","100641603","77","96639399"
"KN296153v1","4036356","4036480","chr19","2690042","2690170","12","1346314"
"KN296153v1","4063318","4063476","chr5","160532043","160532193","39","156468725"
"KN296153v1","4064046","4064185","chr1","158987869","158988000","33","154923823"
"KN296153v1","4066103","4066333","chr13","14914885","14915120","64","10848782"
"KN296153v1","4070154","4070283","chr1","47029325","47029455","37","42959171"
"KN296153v1","4070870","4070994","chr3","102986868","102986992","18","98915998"
"KN296153v1","4136580","4136703","chr19","2580846","2580959","23","1555734"
"KN296153v1","4140114","4140399","chr19","2577744","2578027","24","1562370"
"KN296153v1","4147394","4147670","chr11","8480051","8480332","71","4332657"
"KN296153v1","4172580","4172838","chr19","2542172","2542431","19","1630408"
"KN296153v1","4181613","4181897","chr7","127125393","127125684","64","122943780"
"KN296153v1","4201692","4201979","chrX","55143893","55144187","63","50942201"
"KN296153v1","4215043","4215332","chr19","2500557","2500871","53","1714486"
"KN296154v1","63370","63493","chr1","135037879","135038000","28","134974509"
"KN296154v1","92402","92711","chr5","146139475","146139758","50","146047073"
"KN296154v1","311756","311886","chr6","5230811","5230938","16","4919055"
"KN296154v1","1233427","1233550","chr7","1440834","1440957","20","207407"
"KN296154v1","1240397","1240680","chr5","147365849","147366137","20","146125452"
"KN296154v1","1287539","1287816","chr5","147412918","147413217","45","146125379"
"KN296154v1","1287950","1288113","chr5","147413363","147413518","21","146125413"
"KN296154v1","1313808","1314009","chr1","53530394","53530583","57","52216586"
"KN296154v1","1327709","1327965","chr5","147452296","147452554","24","146124587"
"KN296154v1","1347766","1347889","chr5","147472954","147473077","10","146125188"
"KN296154v1","1364082","1364338","chr5","147488972","147489237","29","146124890"
"KN296154v1","1556524","1556606","chr13","77513494","77513577","14","75956970"
"KN296154v1","1653846","1654149","chr5","147763627","147763949","44","146109781"
"KN296154v1","2293994","2294302","chr5","148384729","148385049","51","146090735"
"KN296154v1","2469519","2469832","chr5","148568390","148568700","31","146098871"
"KN296154v1","2647581","2647698","chr11","18349367","18349483","21","15701786"
"KN296154v1","2730009","2730153","chr9","57865819","57865959","26","55135810"
"KN296154v1","2730473","2730634","chr15","43179733","43179887","31","40449260"
"KN296154v1","3072183","3072304","chr5","149164219","149164336","13","146092036"
"KN296154v1","3200675","3200959","chr5","149277094","149277379","15","146076419"
"KN296154v1","3233028","3233327","chr5","149310159","149310457","28","146077131"
"KN296154v1","3378728","3379022","chr10","130649377","130649686","70","127270649"
"KN296154v1","3400086","3400382","chr5","149487319","149487604","23","146087233"
"KN296154v1","3565208","3565352","chr1","38324019","38324160","33","34758811"
"KN296154v1","3598394","3598615","chr5","149660328","149660553","29","146061934"
"KN296154v1","3628524","3628792","chr8","80379956","80380236","89","76751432"
"KN296154v1","3683309","3683600","chr16","77202423","77202738","66","73519114"
"KN296157v1","257237","257413","chr16","31280012","31280184","32","31022775"
"KN296157v1","257453","257573","chr11","73640420","73640537","22","73382967"
"KN296157v1","896630","896821","chr1","152774005","152774196","17","151877375"
"KN296157v1","913899","913984","chr8","90857263","90857344","16","89943364"
"KN296157v1","972512","972639","chr1","152856708","152856837","6","151884196"
"KN296157v1","988785","988920","chr1","152872272","152872404","10","151883487"
"KN296157v1","991267","991550","chr3","55077500","55077777","65","54086233"
"KN296157v1","1004198","1004386","chr1","152883910","152884096","20","151879712"
"KN296157v1","1030570","1030868","chr1","152918162","152918482","49","151887592"
"KN296157v1","1104092","1104349","chr6","92146916","92147157","77","91042824"
"KN296157v1","1143145","1143427","chr1","153018787","153019070","20","151875642"
"KN296157v1","1189981","1190289","chr1","153063947","153064256","21","151873966"
"KN296157v1","1282496","1282668","chr1","25435038","25435205","33","24152542"
"KN296157v1","1286876","1287053","chr1","153157555","153157726","19","151870679"
"KN296157v1","1316824","1317077","chr1","153187602","153187855","16","151870778"
"KN296157v1","1362671","1362990","chr1","153236684","153236987","48","151874013"
"KN296157v1","1367223","1367487","chr1","153240882","153241178","47","151873659"
"KN296157v1","1378155","1378444","chr9","68508221","68508504","54","67130066"
"KN296157v1","1387723","1387894","chr13","94073009","94073177","34","92685286"
"KN296157v1","1394598","1394884","chr12","116876828","116877116","60","115482230"
"KN296157v1","1621473","1621742","chr1","153557824","153558090","23","151936351"
"KN296157v1","1626374","1626656","chr1","153562753","153563035","19","151936379"
"KN296157v1","1882574","1882882","chr1","153869331","153869639","25","151986757"
"KN296157v1","1918782","1919012","chr14","38166446","38166682","54","36247664"
"KN296157v1","2027553","2027851","chr1","154012413","154012715","39","151984860"
"KN296157v1","2059020","2059285","chr1","154045015","154045284","23","151985995"
"KN296157v1","2072571","2072705","chr1","154060949","154061083","6","151988378"
"KN296157v1","2078001","2078315","chr1","154068207","154068512","53","151990206"
"KN296157v1","2086511","2086798","chr16","14846101","14846389","60","12759590"
"KN296157v1","2097437","2097559","chr6","1091678","1091800","16","1005759"
"KN296157v1","2115258","2115390","chr20","4933814","4933947","23","2818556"
"KN296157v1","2320739","2320966","chr1","154269315","154269554","35","151948576"
"KN296157v1","2972972","2973097","chr1","121910472","121910598","24","118937500"
"KN296157v1","3050624","3050893","chr1","53200905","53201179","59","50150281"
"KN296157v1","3084473","3084733","chr7","68075249","68075499","51","64990776"
"KN296157v1","3097239","3097431","chr1","155037091","155037284","10","151939852"
"KN296157v1","3201873","3202157","chr12","11449412","11449696","65","8247539"
"KN296157v1","3438026","3438161","chr1","155399557","155399691","13","151961531"
"KN296157v1","3444684","3445001","chr1","155406115","155406431","17","151961431"
"KN296157v1","3526260","3526548","chr10","116537467","116537764","69","113011207"
"KN296157v1","3528483","3528733","chr1","155477204","155477455","22","151948721"
"KN296157v1","3567454","3567763","chr1","155536643","155536935","37","151969189"
"KN296157v1","3658807","3658929","chr1","155623632","155623754","15","151964825"
"KN296157v1","4546561","4546680","chr1","95047033","95047148","25","90500472"
"KN296157v1","4775300","4775368","chr1","27852030","27852095","10","23076730"
"KN296158v1","5598","5811","chr11","117152446","117152620","49","117146848"
"KN296158v1","7770","7968","chr11","117154290","117154474","25","117146520"
"KN296158v1","131777","131962","chr11","117266134","117266318","13","117134357"
"KN296158v1","156482","156774","chr11","117289895","117290194","21","117133413"
"KN296158v1","182818","183054","chr11","117317344","117317575","17","117134526"
"KN296158v1","190430","190709","chr7","5477863","5478135","62","5287433"
"KN296158v1","202612","202955","chr4","112554891","112555214","104","112352279"
"KN296158v1","211416","211716","chr11","117347962","117348270","37","117136546"
"KN296158v1","218416","218725","chr16","66029460","66029762","60","65811044"
"KN296158v1","235074","235299","chr11","117371190","117371424","32","117136116"
"KN296158v1","261533","261827","chr11","117397066","117397358","20","117135533"
"KN296158v1","393424","393744","chr11","117526901","117527217","14","117133477"
"KN296158v1","960464","960781","chr17","42893402","42893715","64","41932938"
"KN296158v1","976304","976382","chr7","131115156","131115231","18","130138852"
"KN296158v1","1071556","1071844","chr11","118209862","118210150","26","117138306"
"KN296158v1","1079306","1079576","chr11","118217413","118217673","33","117138107"
"KN296158v1","1142269","1142567","chr11","118282262","118282559","21","117139993"
"KN296158v1","1159841","1160132","chr11","118297076","118297363","23","117137235"
"KN296158v1","1160724","1160983","chr11","118297948","118298205","31","117137224"
"KN296158v1","1161349","1161482","chr11","118302040","118302175","11","117140691"
"KN296158v1","1325601","1325776","chr11","118455826","118455992","14","117130225"
"KN296158v1","1326053","1326159","chr11","10597264","10597368","23","9271211"
"KN296158v1","1330591","1330709","chr17","51777061","51777181","17","50446470"
"KN296158v1","1338984","1339256","chr1","1384338","1384609","53","45354"
"KN296158v1","1342170","1342401","chr11","118470728","118470959","12","117128558"
"KN296158v1","1386533","1386818","chrX","30845263","30845552","60","29458730"
"KN296158v1","1425338","1425619","chr15","35528680","35528964","63","34103342"
"KN296158v1","1444064","1444391","chr11","118564914","118565236","33","117120850"
"KN296158v1","1482029","1482190","chr11","118595490","118595651","11","117113461"
"KN296158v1","1594023","1594081","chr3","162938234","162938290","8","161344211"
"KN296158v1","1607527","1607796","chr7","77479603","77479864","54","75872076"
"KN296158v1","1647918","1648043","chr11","118758684","118758807","11","117110766"
"KN296158v1","1653568","1653884","chr11","118765549","118765836","59","117111981"
"KN296158v1","1704267","1704391","chr6","113021691","113021814","17","111317424"
"KN296158v1","1706757","1706885","chr9","120386725","120386852","23","118679968"
"KN296158v1","1707194","1707231","chr5","44152920","44152954","13","42445726"
"KN296158v1","1709471","1709772","chr11","118820120","118820421","46","117110649"
"KN296158v1","1731040","1731163","chr10","88845506","88845628","24","87114466"
"KN296161v1","534484","534771","chr4","40936752","40937032","77","40402268"
"KN296161v1","542473","542751","chr11","23707749","23708029","29","23165276"
"KN296161v1","561283","561418","chr16","15504467","15504598","31","14943184"
"KN296161v1","589267","589596","chr9","11892912","11893227","67","11303645"
"KN296161v1","594401","594731","chr9","11892912","11893227","67","11298511"
"KN296161v1","644221","644509","chr11","23643199","23643513","55","22998978"
"KN296161v1","644539","644559","chr3","55401043","55401058","5","54756504"
"KN296161v1","868498","868822","chr11","23418472","23418777","54","22549974"
"KN296162v1","215293","215423","chr2A","41073878","41074007","21","40858585"
"KN296162v1","250349","250484","chr5","106926374","106926513","10","106676025"
"KN296162v1","378272","378416","chr12","35128840","35128984","45","34750568"
"KN296162v1","378454","378562","chr8","7625708","7625818","20","7247254"
"KN296162v1","422119","422360","chr5","106745228","106745470","16","106323109"
"KN296162v1","545533","545655","chr5","106613010","106613132","11","106067477"
"KN296165v1","65023","65332","chr2B","94508051","94508356","64","94443028"
"KN296165v1","84624","84845","chr10","83646372","83646591","22","83561748"
"KN296167v1","9640","9961","chr7","158589170","158589484","93","158579530"
"KN296167v1","141187","141448","chr2B","10306481","10306738","17","10165294"
"KN296167v1","307135","307261","chr2B","10470333","10470459","10","10163198"
"KN296167v1","354257","354511","chr2B","10513726","10513981","9","10159469"
"KN296167v1","430509","430624","chr2B","10597169","10597285","5","10166660"
"KN296167v1","432006","432132","chr12","59247452","59247584","23","58815446"
"KN296167v1","502244","502388","chr2B","10665575","10665707","24","10163331"
"KN296167v1","549326","549598","chr2B","10708872","10709149","80","10159546"
"KN296167v1","620637","620935","chr5","27961581","27961874","62","27340944"
"KN296167v1","647544","647855","chr2B","10804655","10804969","30","10157111"
"KN296167v1","1179822","1180088","chr2B","11345520","11345791","24","10165698"
"KN296167v1","1414493","1414619","chr4","94248109","94248235","24","92833616"
"KN296167v1","1480514","1480633","chr11","77090313","77090433","22","75609799"
"KN296167v1","1502175","1502483","chr1","210706987","210707289","70","209204812"
"KN296174v1","124259","124545","chr17","41372863","41373150","60","41248604"
"KN296174v1","181194","181378","chr15","69132105","69132283","34","68950911"
"KN296174v1","344642","344942","chr17","62888971","62889267","66","62544329"
"KN296175v1","110536","110833","chr10","51925615","51925907","32","51815079"
"KN296175v1","148401","148549","chr10","51891397","51891544","11","51742996"
"KN296175v1","188153","188315","chr11","66179453","66179601","43","65991300"
"KN296175v1","195740","195902","chr11","66179453","66179601","43","65983713"
"KN296175v1","233034","233311","chr10","51817350","51817641","39","51584316"
"KN296175v1","321045","321166","chr10","51729277","51729394","15","51408232"
"KN296175v1","349573","349876","chr10","51700575","51700875","39","51351002"
"KN296175v1","452537","452798","chr10","51589856","51590117","26","51137319"
"KN296176v1","99726","100085","chr12","105773598","105773972","65","105673872"
"KN296176v1","230011","230319","chr12","105894189","105894475","45","105664178"
"KN296176v1","328936","329197","chr12","105992621","105992887","32","105663685"
"KN296176v1","476066","476356","chr12","106132052","106132342","21","105655986"
"KN296176v1","494631","494944","chr12","106151217","106151532","25","105656586"
"KN296176v1","541778","542085","chr12","106197104","106197399","32","105655326"
"KN296176v1","602953","603086","chr13","31561200","31561330","29","30958247"
"KN296178v1","917413","917655","chr16","27676640","27676880","19","26759227"
"KN296178v1","68840","68970","chr16","26835703","26835833","10","26766863"
"KN296178v1","93954","94203","chr16","26860857","26861165","72","26766903"
"KN296178v1","201442","201725","chr16","78223728","78224017","51","78022286"
"KN296178v1","426717","427008","chr3","44894249","44894519","67","44467532"
"KN296178v1","524952","525083","chr1","28319213","28319345","18","27794261"
"KN296178v1","589490","589757","chr1","37168840","37169117","64","36579350"
"KN296178v1","613611","613884","chr16","27361107","27361385","28","26747496"
"KN296178v1","713652","713988","chr5","59235139","59235468","79","58521487"
"KN296178v1","737399","737678","chr16","27497630","27497914","21","26760231"
"KN296178v1","762794","763135","chr16","27523194","27523480","68","26760400"
"KN296178v1","771109","771260","chr5","55445449","55445600","34","54674340"
"KN296178v1","773793","774002","chr16","27534433","27534641","20","26760640"
"KN296178v1","793563","793869","chr16","27553450","27553744","37","26759887"
"KN296178v1","818350","818610","chr16","27570558","27570834","46","26752208"
"KN296178v1","905872","906163","chr16","27663296","27663580","37","26757424"
"KN296178v1","914930","915219","chr14","87312887","87313170","53","86397957"
"KN296178v1","918073","918395","chr16","27677257","27677530","69","26759184"
"KN296178v1","921451","921578","chr16","27680272","27680398","12","26758821"
"KN296178v1","922431","922558","chr16","27680272","27680398","12","26757841"
"KN296178v1","972628","972938","chr16","27730628","27730932","31","26758000"
"KN296178v1","985789","986096","chr10","50128795","50129107","58","49143006"
"KN296178v1","987532","987834","chr16","27744601","27744896","44","26757069"
"KN296178v1","1042374","1042662","chr1","41206086","41206375","52","40163712"
"KN296178v1","1046960","1047245","chr19","32316644","32316931","60","31269684"
"KN296178v1","1047399","1047708","chr16","27793466","27793775","21","26746067"
"KN296179v1","26250","26487","chr4","117391586","117391824","65","117365336"
"KN296180v1","162300","162583","chr19","18354638","18354918","71","18192338"
"KN296180v1","173198","173496","chr2A","81644096","81644388","60","81470898"
"KN296180v1","222661","222986","chr4","125276375","125276692","69","125053714"
"KN296180v1","466690","467007","chr3","42919033","42919335","59","42452343"
"KN296180v1","706511","706800","chr15","13023039","13023328","9","12316528"
"KN296180v1","774903","775196","chr15","13098650","13098944","28","12323747"
"KN296180v1","796141","796465","chr15","13120012","13120314","45","12323871"
"KN296180v1","854835","854955","chr15","13179455","13179581","22","12324620"
"KN296180v1","1198560","1198855","chr15","13530928","13531218","23","12332368"
"KN296180v1","1356118","1356398","chr15","13690351","13690635","28","12334233"
"KN296180v1","1400601","1400889","chr5","91521677","91521966","60","90121076"
"KN296180v1","1541985","1542140","chr14","55204105","55204251","40","53662120"
"KN296180v1","1542814","1543051","chr1","45825690","45825928","58","44282876"
"KN296180v1","1589291","1589588","chr15","13965499","13965812","40","12376208"
"KN296180v1","1732899","1733211","chr19","46797301","46797609","57","45064402"
"KN296180v1","1762227","1762517","chr6","15469152","15469445","66","13706925"
"KN296180v1","1966300","1966600","chr15","14355429","14355735","30","12389129"
"KN296180v1","2362108","2362352","chr15","14753819","14754060","23","12391711"
"KN296180v1","2545347","2545516","chr1","211928434","211928605","32","209383087"
"KN296183v1","4220","4465","chr4","101699279","101699532","30","101695059"
"KN296185v1","7905","8026","chr16","15178574","15178703","14","15170669"
"KN296185v1","17353","17635","chr1","102853153","102853435","69","102835800"
"KN296186v1","16610","16894","chr6","161493897","161494172","71","161477287"
"KN296187v1","104341","104627","chr10","26516436","26516723","27","26412095"
"KN296187v1","122676","122806","chr10","26500624","26500751","12","26377948"
"KN296187v1","165638","165824","chr6","29676914","29677091","43","29511276"
"KN296187v1","199766","199895","chr5","125182670","125182794","24","124982904"
"KN296187v1","224091","224340","chr10","26378816","26379033","64","26154725"
"KN296187v1","298462","298749","chr10","26311547","26311854","41","26013085"
"KN296187v1","299642","299760","chr10","26310560","26310680","6","26010918"
"KN296187v1","299790","299961","chr10","26310325","26310507","27","26010535"
"KN296187v1","317775","318069","chr10","26292499","26292789","25","25974724"
"KN296187v1","319064","319199","chr10","26291050","26291183","12","25971986"
"KN296187v1","326204","326331","chr10","26283914","26284039","14","25957710"
"KN296187v1","347458","347740","chr10","26263646","26263928","19","25916188"
"KN296187v1","357829","357925","chr7","150453189","150453286","20","150095360"
"KN296187v1","357925","358043","chr2B","93627593","93627710","19","93269668"
"KN296187v1","372870","373171","chr10","26238716","26239029","37","25865846"
"KN296187v1","380181","380482","chr10","26231521","26231823","21","25851340"
"KN296187v1","388579","388851","chr10","11941043","11941299","83","11552464"
"KN296187v1","388902","389012","chr10","26223267","26223382","9","25834365"
"KN296187v1","398203","398384","chr10","26214161","26214355","26","25815958"
"KN296187v1","404752","405059","chr10","26207809","26208113","30","25803057"
"KN296187v1","469970","470260","chr10","26130118","26130409","36","25660148"
"KN296187v1","483039","483332","chrX","41327694","41327990","52","40844655"
"KN296187v1","503170","503274","chr3","58538851","58538957","25","58035681"
"KN296187v1","505823","506131","chr10","26090286","26090586","29","25584463"
"KN296187v1","648164","648466","chr10","25949213","25949489","49","25301049"
"KN296187v1","656018","656312","chrX","9841667","9841953","59","9185649"
"KN296187v1","657269","657566","chr10","25940101","25940402","25","25282832"
"KN296187v1","752512","752622","chr1","95326174","95326282","19","94573662"
"KN296187v1","752666","752843","chr1","26457448","26457621","39","25704782"
"KN296187v1","935376","935678","chr4","6615194","6615493","62","5679818"
"KN296187v1","1017381","1017663","chrX","133330263","133330549","55","132312882"
"KN296187v1","1019568","1019852","chr10","25578109","25578401","30","24558541"
"KN296187v1","1039925","1040221","chr10","25556483","25556779","28","24516558"
"KN296187v1","1072940","1073234","chr5","19744576","19744864","54","18671636"
"KN296187v1","1085150","1085441","chr10","25509907","25510189","34","24424757"
"KN296187v1","1123532","1123787","chr10","25472288","25472552","58","24348756"
"KN296187v1","1127618","1127922","chr10","25468280","25468590","26","24340662"
"KN296187v1","1195798","1196091","chr10","25391401","25391690","20","24195603"
"KN296187v1","1251454","1251618","chr10","25335057","25335233","23","24083603"
"KN296187v1","1254296","1254476","chr10","25332159","25332339","12","24077863"
"KN296187v1","1255181","1255303","chr10","25331333","25331455","10","24076152"
"KN296187v1","1255773","1256047","chr10","25330583","25330859","17","24074810"
"KN296187v1","1288353","1288479","chr10","25298464","25298585","9","24010111"
"KN296187v1","1288780","1288964","chr10","25297975","25298153","15","24009195"
"KN296187v1","1289507","1289640","chr10","25297300","25297426","15","24007793"
"KN296187v1","1316687","1316987","chr10","25268492","25268796","16","23951805"
"KN296187v1","1427299","1427419","chr10","25137890","25138010","8","23710591"
"KN296187v1","1430079","1430375","chr10","25134938","25135226","43","23704859"
"KN296187v1","1485265","1485543","chr10","25080725","25081004","19","23595460"
"KN296187v1","1499205","1499478","chr10","25068064","25068373","55","23568859"
"KN296187v1","1532267","1532546","chr10","25038433","25038707","22","23506166"
"KN296187v1","1537798","1538055","chr4","72339696","72339974","65","70801898"
"KN296187v1","1542555","1542844","chr10","25027764","25028031","46","23485209"
"KN296187v1","1584487","1584784","chrX","55143893","55144187","80","53559406"
"KN296187v1","1598201","1598510","chr10","24970303","24970630","31","23372102"
"KN296187v1","1598773","1599063","chr10","24969748","24970039","24","23370975"
"KN296187v1","1699746","1700055","chr10","24859153","24859460","21","23159407"
"KN296187v1","1763250","1763492","chr10","24798290","24798539","25","23035040"
"KN296187v1","1791355","1791486","chr1","164165050","164165182","15","162373695"
"KN296187v1","2006569","2006879","chr10","24534252","24534583","58","22527683"
"KN296187v1","2093100","2093416","chr16","27922395","27922712","70","25829295"
"KN296187v1","2185833","2186120","chr6","10740288","10740565","72","8554455"
"KN296187v1","2186894","2187007","chr10","24362983","24363110","17","22176089"
"KN296187v1","2187299","2187451","chr10","24362523","24362684","34","22175224"
"KN296187v1","2190347","2190498","chr10","24359774","24359912","21","22169427"
"KN296187v1","2190806","2190957","chr10","24359314","24359460","19","22168508"
"KN296187v1","2270039","2270344","chr10","24272044","24272353","24","22002005"
"KN296187v1","2283946","2284069","chr10","24258079","24258211","18","21974133"
"KN296187v1","2288785","2288888","chr10","16909293","16909398","24","14620508"
"KN296187v1","2297472","2297600","chr10","24239961","24240081","17","21942489"
"KN296187v1","2347721","2348031","chr10","24191556","24191839","50","21843835"
"KN296187v1","2350106","2350405","chr10","24189137","24189444","30","21839031"
"KN296187v1","2386963","2387279","chr10","24153111","24153393","57","21766148"
"KN296187v1","2395928","2396111","chr11","481081","481259","46","1914847"
"KN296187v1","2426476","2426772","chr10","24110614","24110896","36","21684138"
"KN296187v1","2447710","2447999","chr10","24089777","24090073","25","21642067"
"KN296187v1","2489059","2489351","chr10","24046656","24046949","14","21557597"
"KN296187v1","2501758","2501890","chr8","28740132","28740264","18","26238374"
"KN296187v1","2521721","2521990","chr10","24011493","24011760","19","21489772"
"KN296187v1","2547967","2548260","chr5","91521677","91521966","49","88973710"
"KN296187v1","2623099","2623409","chr10","23902506","23902826","25","21279407"
"KN296187v1","2633565","2633852","chr10","23891905","23892187","28","21258340"
"KN296187v1","2646769","2647077","chr2A","73665192","73665502","46","71018423"
"KN296187v1","2689091","2689368","chr10","23839752","23840058","45","21150661"
"KN296187v1","2763411","2763544","chr1","225532352","225532483","18","222768941"
"KN296187v1","2865734","2865823","chr10","23656605","23656694","7","20790871"
"KN296187v1","2941045","2941176","chr11","49454101","49454229","30","46513056"
"KN296187v1","2941246","2941363","chr5","75425743","75425859","18","72484497"
"KN296188v1","34669","34958","chr10","47830092","47830381","19","47795423"
"KN296191v1","3076","3230","chr7","2562465","2562621","34","2559389"
"KN296191v1","3274","3367","chr5","43427588","43427683","30","43424314"
"KN296191v1","313424","313701","chr3","21621243","21621527","59","21307819"
"KN296191v1","567386","567641","chr2A","65414599","65414873","61","64847213"
"KN296191v1","1012413","1012694","chrX","10270193","10270476","64","9257780"
"KN296191v1","1093333","1093463","chr3","20843591","20843721","8","19750258"
"KN296191v1","1211026","1211156","chr19","13124620","13124748","21","11913594"
"KN296191v1","1297035","1297153","chr3","20640470","20640589","12","19343435"
"KN296191v1","1308041","1308236","chr3","20628129","20628323","19","19320088"
"KN296191v1","1354676","1354801","chr3","20588019","20588144","9","19233343"
"KN296191v1","1426540","1426827","chr3","20517961","20518247","18","19091421"
"KN296191v1","1462797","1463112","chr3","20481652","20481957","39","19018855"
"KN296191v1","1469200","1469483","chr3","20475474","20475757","15","19006274"
"KN296191v1","1472068","1472305","chr3","20472543","20472790","26","19000475"
"KN296191v1","1482736","1482948","chr3","20462039","20462243","45","18979303"
"KN296191v1","1521663","1521753","chr3","20425370","20425459","4","18903707"
"KN296191v1","1555101","1555383","chr3","20386655","20386938","20","18831554"
"KN296192v1","100641","100925","chr16","43513300","43513592","27","43412659"
"KN296192v1","175776","175901","chr9","106197919","106198043","5","106022143"
"KN296192v1","181837","181967","chr16","43581864","43581994","11","43400027"
"KN296192v1","197296","197560","chr16","43598195","43598469","36","43400899"
"KN296192v1","225192","225485","chr16","43625802","43626098","37","43400610"
"KN296192v1","244009","244308","chr16","43645244","43645550","22","43401235"
"KN296192v1","283702","284003","chr16","43684407","43684715","41","43400705"
"KN296200v1","57763","57878","chr14","13849500","13849608","25","13791737"
"KN296200v1","188341","188644","chr4","6615194","6615493","56","6426853"
"KN296200v1","288199","288507","chr12","102594176","102594485","64","102305977"
"KN296200v1","289801","289939","chr13","1810927","1811060","23","1521126"
"KN296200v1","296766","297073","chr2A","37219076","37219373","30","36922310"
"KN296200v1","377540","377814","chr16","9335212","9335488","45","8957672"
"KN296200v1","396965","397254","chr11","6417356","6417649","55","6020391"
"KN296200v1","421688","421994","chr2A","37336612","37336911","19","36914924"
"KN296200v1","484347","484644","chr2A","37399410","37399691","39","36915063"
"KN296200v1","494126","494333","chr2A","37408607","37408817","31","36914481"
"KN296200v1","523006","523290","chr15","44795451","44795737","66","44272445"
"KN296200v1","531908","532039","chr22","10110256","10110387","18","9578348"
"KN296200v1","575545","575669","chr2A","37486262","37486381","11","36910717"
"KN296200v1","625681","625968","chr2B","89171012","89171300","62","88545331"
"KN296200v1","643501","643708","chr2A","37552213","37552418","27","36908712"
"KN296200v1","649788","650083","chrX","119054378","119054665","64","118404590"
"KN296200v1","655827","656026","chr13","5433010","5433206","48","4777183"
"KN296200v1","656333","656502","chr21","15250085","15250252","42","14593752"
"KN296200v1","662204","662252","chr2A","37572380","37572428","2","36910176"
"KN296200v1","663386","663683","chr1","150095041","150095348","61","149431655"
"KN296200v1","749287","749552","chr2A","37652544","37652816","24","36903257"
"KN296200v1","1248307","1248445","chr16","29829833","29829968","24","28581526"
"KN296200v1","1261242","1261366","chr2A","38167751","38167881","11","36906509"
"KN296200v1","1355325","1355444","chr2A","38259971","38260090","11","36904646"
"KN296200v1","1399545","1399868","chr2A","38306707","38307006","58","36907162"
"KN296201v1","264162","264280","chr7","28741720","28741843","20","28477558"
"KN296201v1","645160","645435","chr17","55778517","55778803","38","55133357"
"KN296201v1","1072803","1073116","chr17","56205757","56206071","20","55132954"
"KN296201v1","1360243","1360539","chrX","50262965","50263259","57","48902722"
"KN296201v1","1417090","1417386","chr19","32591845","32592137","56","31174755"
"KN296201v1","1492065","1492296","chr17","56614501","56614733","18","55122436"
"KN296201v1","1681101","1681324","chr17","56822943","56823168","38","55141842"
"KN296201v1","1801772","1801897","chr1","177355107","177355229","16","175553335"
"KN296201v1","1803972","1804255","chr11","82490455","82490728","79","80686483"
"KN296201v1","2086613","2086886","chr17","57247268","57247520","36","55160655"
"KN296201v1","2109025","2109152","chr17","57276720","57276847","6","55167695"
"KN296201v1","2299377","2299659","chr9","114727698","114727974","60","112428321"
"KN296201v1","2501865","2502136","chr9","97187766","97188023","66","94685901"
"KN296201v1","2766426","2766716","chr17","57924791","57925094","29","55158365"
"KN296201v1","2772082","2772382","chr1","7730662","7730942","86","4958580"
"KN296201v1","2829366","2829475","chr17","57987239","57987352","11","55157873"
"KN296201v1","2842975","2843292","chr17","58004572","58004888","34","55161597"
"KN296201v1","2852685","2852766","chr9","105261189","105261268","26","102408504"
"KN296202v1","97537","97814","chr12","128725778","128726059","51","128628241"
"KN296202v1","338476","338785","chr4","19902863","19903162","30","19564387"
"KN296205v1","123009","123126","chr1","223598267","223598385","16","223475258"
"KN296205v1","526312","526435","chr1","78980030","78980153","19","78453718"
"KN296205v1","551299","551409","chr11","118471520","118471634","29","117920221"
"KN296205v1","556314","556602","chr6","109147138","109147436","63","108590824"
"KN296205v1","562512","562634","chr6","101384983","101385106","10","100822471"
"KN296205v1","642749","642888","chr3","45306982","45307120","21","44664233"
"KN296205v1","695904","695994","chr17","38713465","38713560","21","38017561"
"KN296205v1","824230","824347","chr4","6897233","6897348","23","6073003"
"KN296205v1","897235","897353","chr1","121910472","121910598","23","121013237"
"KN296205v1","953249","953384","chr12","122318210","122318342","29","121364961"
"KN296209v1","78311","78489","chr8","81652787","81652971","20","81574476"
"KN296209v1","88850","89173","chr8","81661256","81661549","56","81572406"
"KN296209v1","103918","104201","chr3","5358697","5358991","72","5254779"
"KN296209v1","472904","473111","chr8","82095819","82096025","49","81622915"
"KN296210v1","6838","6954","chr17","30279859","30279977","10","30273021"
"KN296210v1","23364","23499","chr5","34604244","34604378","27","34580880"
"KN296210v1","168384","168691","chr5","6725118","6725406","74","6556734"
"KN296210v1","246616","246948","chr17","30045115","30045443","30","29798499"
"KN296210v1","271364","271533","chr3","49576714","49576879","32","49305350"
"KN296210v1","286642","286945","chr17","30003429","30003730","22","29716787"
"KN296210v1","394557","394844","chr10","112684325","112684617","50","112289768"
"KN296210v1","401467","401759","chr2A","22470542","22470826","77","22069075"
"KN296210v1","540228","540331","chr4","99558353","99558454","15","99018125"
"KN296210v1","540383","540572","chr6","101627863","101628046","44","101087480"
"KN296210v1","596380","596511","chr1","28507401","28507531","27","27911021"
"KN296210v1","613211","613259","chr5","39355601","39355648","8","38742390"
"KN296210v1","685568","685688","chr20","9925272","9925393","16","9239704"
"KN296210v1","729496","729797","chr8","10995801","10996101","59","10266305"
"KN296210v1","994875","995096","chr17","29292975","29293196","14","28298100"
"KN296218v1","154383","154506","chr8","62507073","62507196","8","62352690"
"KN296221v1","126857","127172","chr1","100401411","100401714","32","100274554"
"KN296223v1","30162","30313","chrX","29341437","29341585","20","29311275"
"KN296223v1","72829","73130","chr17","54745220","54745502","45","54672391"
"KN296225v1","524087","524403","chr7","6212057","6212338","57","5687970"
"KN296225v1","12278","12561","chr16","1303653","1303939","75","1291375"
"KN296225v1","16096","16308","chr2A","81363713","81363927","41","81347617"
"KN296225v1","24178","24457","chr7","5750495","5750782","42","5726317"
"KN296225v1","32543","32817","chr9","50816222","50816498","56","50783679"
"KN296225v1","43590","43735","chr6","5854592","5854735","30","5811002"
"KN296225v1","48534","48805","chr7","5772166","5772445","38","5723632"
"KN296225v1","55863","56183","chr22","13040285","13040598","67","12984422"
"KN296225v1","71063","71370","chr16","78223728","78224017","65","78152665"
"KN296225v1","90063","90201","chr7","6565134","6565272","13","6475071"
"KN296225v1","97794","97960","chr7","6557003","6557150","31","6459209"
"KN296225v1","111348","111608","chr7","5828392","5828651","21","5717044"
"KN296225v1","123255","123388","chr7","5839742","5839873","17","5716487"
"KN296225v1","176847","177134","chr7","138528778","138529067","63","138351931"
"KN296225v1","239697","239983","chr7","5945442","5945733","32","5705745"
"KN296225v1","240453","240714","chr13","30902672","30902932","57","30662219"
"KN296225v1","252399","252675","chr19","47347845","47348137","65","47095446"
"KN296225v1","253951","254263","chr7","5960039","5960355","23","5706088"
"KN296225v1","267660","267870","chr7","5973858","5974062","28","5706198"
"KN296225v1","276788","277094","chr7","5982364","5982642","57","5705576"
"KN296225v1","295146","295281","chr7","6000592","6000727","11","5705446"
"KN296225v1","296091","296148","chr8","134225014","134225073","11","133928923"
"KN296225v1","312070","312204","chr7","6017894","6018015","17","5705824"
"KN296225v1","327431","327633","chr7","6032344","6032555","20","5704913"
"KN296225v1","400243","400381","chr1","8514489","8514622","22","8114246"
"KN296225v1","400669","400823","chr20","456310","456464","39","55641"
"KN296225v1","406570","406857","chr6","44473073","44473368","55","44066503"
"KN296225v1","408650","408946","chr7","6111385","6111685","35","5702735"
"KN296225v1","423860","424128","chr10","14233452","14233707","66","13809592"
"KN296225v1","429898","430186","chr7","6129198","6129503","40","5699300"
"KN296225v1","441171","441480","chr7","6139777","6140092","27","5698606"
"KN296225v1","454157","454280","chr7","6151108","6151228","12","5696951"
"KN296225v1","487275","487577","chr7","6181053","6181370","41","5693778"
"KN296225v1","500268","500568","chr10","106510787","106511088","61","106010519"
"KN296225v1","509588","509866","chr5","42777038","42777327","79","42267450"
"KN296225v1","547539","547864","chr7","6234338","6234665","28","5686799"
"KN296225v1","555499","555791","chr7","6242114","6242406","22","5686615"
"KN296225v1","556084","556387","chr7","6242699","6243002","31","5686615"
"KN296225v1","563727","563975","chr7","6250994","6251247","16","5687267"
"KN296225v1","579848","579939","chr7","6265968","6266059","9","5686120"
"KN296225v1","586455","586758","chr7","6271144","6271442","24","5684689"
"KN296225v1","629251","629566","chr7","6311384","6311702","43","5682133"
"KN296225v1","634051","634310","chr12","52296021","52296246","76","51661970"
"KN296225v1","648749","649059","chr7","6332596","6332891","44","5683847"
"KN296225v1","651898","652194","chr8","90581332","90581626","51","89929434"
"KN296225v1","654592","654882","chr7","5339008","5339312","44","4684416"
"KN296225v1","661487","661770","chr7","6344258","6344536","44","5682771"
"KN296225v1","667353","667573","chr15","78235674","78235896","45","77568321"
"KN296225v1","700989","701290","chr1","19513839","19514136","53","18812850"
"KN296225v1","709799","709929","chr7","6386249","6386379","9","5676450"
"KN296225v1","710491","710605","chr15","22848079","22848193","20","22137588"
"KN296225v1","715762","715825","chr7","6392020","6392081","4","5676258"
"KN296225v1","721219","721513","chr7","6397752","6398045","40","5676533"
"KN296225v1","727422","727734","chr6","42676908","42677198","67","41949486"
"KN296225v1","729641","729859","chr16","19698223","19698450","43","18968582"
"KN296225v1","742483","742732","chr9","114420677","114420929","49","113678194"
"KN296225v1","787920","788103","chr1","186353628","186353800","43","185565708"
"KN296225v1","788419","788548","chr7","6446640","6446777","25","5658221"
"KN296225v1","821806","822075","chr7","153379767","153380037","20","152557961"
"KN296225v1","830219","830341","chr7","57394542","57394663","16","56564323"
"KN296225v1","835452","835744","chr7","6495076","6495374","26","5659624"
"KN296229v1","212484","212616","chr8","36508450","36508582","7","36295966"
"KN296229v1","284859","284937","chrX","118800558","118800635","6","118515699"
"KN296229v1","386431","386711","chr8","36677150","36677430","16","36290719"
"KN296229v1","1403620","1403825","chr5","33465463","33465651","59","32061843"
"KN296229v1","1669503","1669800","chr19","13848847","13849146","55","12179344"
"KN296231v1","265747","265864","chr8","89470715","89470837","13","89204968"
"KN296233v1","346588","346872","chr4","192639960","192640251","45","192293372"
"KN296233v1","636136","636267","chr4","192332908","192333036","14","191696772"
"KN296233v1","1124426","1124706","chr4","191829621","191829920","47","190705195"
"KN296233v1","1146850","1146959","chr4","191809422","191809531","8","190662572"
"KN296233v1","1284977","1285103","chr5","111864332","111864437","39","110579355"
"KN296236v1","150448","150754","chr19","4742709","4743013","79","4592261"
"KN296236v1","200965","201275","chr2B","42836398","42836690","37","42635433"
"KN296242v1","13222","13526","chr3","162110566","162110871","26","162097344"
"KN296242v1","873630","873765","chr5","133665737","133665865","16","132792107"
"KN296242v1","886940","887239","chr3","161223266","161223564","20","160336326"
"KN296242v1","973109","973427","chr4","40361287","40361598","66","39388178"
"KN296244v1","40204","40509","chr1","115952376","115952682","56","115912172"
"KN296244v1","59664","59957","chr9","111698264","111698557","24","111638600"
"KN296244v1","121982","122295","chr12","91679011","91679320","72","91557029"
"KN296244v1","167841","167964","chr1","36679350","36679474","19","36511509"
"KN296244v1","239223","239401","chr6","29676914","29677091","39","29437691"
"KN296244v1","247173","247459","chr9","111496311","111496614","35","111249138"
"KN296244v1","254875","255181","chr9","109711025","109711338","57","109456150"
"KN296244v1","403476","403774","chr9","111344422","111344738","42","110940946"
"KN296244v1","441039","441335","chr9","111308728","111309031","39","110867689"
"KN296244v1","485433","485488","chr19","4660280","4660336","6","4174847"
"KN296244v1","485799","485927","chr9","114490601","114490733","19","114004802"
"KN296244v1","491621","491811","chr10","36250219","36250410","40","35758598"
"KN296244v1","492115","492203","chr7","154569557","154569635","23","154077442"
"KN296244v1","546217","546558","chr11","48248755","48249087","79","47702538"
"KN296244v1","582071","582370","chr3","4851685","4851969","62","4269614"
"KN296244v1","617453","617766","chr16","65845823","65846126","45","65228370"
"KN296244v1","634557","634833","chr9","111131532","111131829","38","110496975"
"KN296244v1","726995","727302","chr6","35039309","35039622","69","34312314"
"KN296244v1","727867","728073","chr9","111035952","111036157","16","110308085"
"KN296244v1","735956","736259","chr9","111027680","111027974","31","110291724"
"KN296244v1","759451","759629","chr13","22499604","22499774","34","21740153"
"KN296244v1","759873","760008","chr13","25760253","25760388","19","25000380"
"KN296244v1","762329","762400","chr9","110998621","110998692","2","110236292"
"KN296244v1","831846","832139","chr9","110932490","110932781","26","110100644"
"KN296244v1","877853","878155","chr12","116620929","116621223","67","115743076"
"KN296244v1","923239","923492","chr9","110849979","110850238","22","109926740"
"KN296244v1","993100","993118","chr8","46268509","46268524","4","45275409"
"KN296244v1","993166","993460","chr9","68508221","68508504","57","67515055"
"KN296244v1","1041847","1042147","chr9","110724818","110725121","30","109682971"
"KN296244v1","1080289","1080589","chr9","110686715","110687014","21","109606426"
"KN296244v1","1084607","1084908","chr7","72179457","72179751","64","71094850"
"KN296244v1","1130643","1130811","chr5","52302882","52303043","40","51172239"
"KN296245v1","233203","233502","chr2B","59239340","59239638","31","59006137"
"KN296245v1","541761","541892","chr2B","59555194","59555325","7","59013433"
"KN296247v1","35508","35800","chr16","25324007","25324299","18","25288499"
"KN296247v1","47968","48273","chr16","25314775","25315081","29","25266807"
"KN296247v1","95137","95458","chr12","95410621","95410937","76","95315484"
"KN296247v1","105431","105558","chr4","198301394","198301520","21","198195963"
"KN296247v1","147690","147950","chr17","6588676","6588929","66","6440986"
"KN296247v1","170781","171077","chr4","119750239","119750533","57","119579458"
"KN296247v1","214785","215083","chr16","25150486","25150792","33","24935701"
"KN296247v1","220092","220398","chr16","25144607","25144906","28","24924515"
"KN296247v1","225428","225692","chr16","25139435","25139698","48","24914007"
"KN296247v1","247792","248076","chr1","206014730","206015006","67","205766938"
"KN296247v1","292416","292713","chr6","44473073","44473368","66","44180657"
"KN296247v1","318573","318855","chr16","25050479","25050754","26","24731906"
"KN296247v1","360328","360506","chr1","26457448","26457621","35","26097120"
"KN296247v1","360808","360949","chr1","164794890","164795021","40","164434082"
"KN296247v1","367159","367459","chr15","60958237","60958541","70","60591078"
"KN296247v1","377091","377393","chr16","24989568","24989874","25","24612477"
"KN296247v1","388454","388677","chr16","76608253","76608479","50","76219799"
"KN296247v1","392460","392614","chr7","138012150","138012303","28","137619690"
"KN296247v1","394108","394172","chrX","114128782","114128846","12","113734674"
"KN296247v1","398344","398616","chr14","14205936","14206211","63","13807592"
"KN296247v1","416971","417244","chr16","24945704","24945977","15","24528733"
"KN296247v1","419769","420053","chr9","114727698","114727974","63","114307929"
"KN296247v1","428347","428482","chr19","39732817","39732948","18","39304470"
"KN296247v1","437607","437928","chr16","24926005","24926319","42","24488398"
"KN296247v1","445046","445297","chr19","50228298","50228554","51","49783252"
"KN296247v1","447191","447480","chr16","24916032","24916316","16","24468841"
"KN296247v1","452706","452980","chr18","11739546","11739821","62","11286840"
"KN296247v1","489076","489365","chr16","24874215","24874507","23","24385139"
"KN296247v1","491336","491654","chr16","24872052","24872370","21","24380716"
"KN296247v1","549043","549325","chr19","32316644","32316931","54","31767601"
"KN296247v1","553820","553947","chr16","24800893","24801020","10","24247073"
"KN296247v1","554248","554395","chr16","24800417","24800583","35","24246169"
"KN296247v1","568207","568502","chr21","23303359","23303655","55","22735152"
"KN296247v1","580482","580763","chr16","24781433","24781718","21","24200951"
"KN296247v1","587578","587886","chr7","156885225","156885531","76","156297647"
"KN296247v1","600965","601077","chr16","24763326","24763445","13","24162361"
"KN296247v1","624946","625076","chr16","24739761","24739888","13","24114815"
"KN296247v1","646143","646268","chr7","107716708","107716830","17","107070565"
"KN296247v1","694189","694479","chr14","14205936","14206211","69","13511747"
"KN296247v1","758052","758353","chr9","79420265","79420572","62","78662213"
"KN296247v1","758692","758832","chr8","92911315","92911437","35","92152623"
"KN296247v1","790049","790343","chr16","24572707","24572978","45","23782658"
"KN296247v1","806027","806346","chr12","123934561","123934873","67","123128534"
"KN296247v1","822295","822552","chr5","133372617","133372862","65","132550322"
"KN296247v1","859121","859423","chr16","24509908","24510211","18","23650787"
"KN296247v1","920647","920846","chr16","24440863","24441061","17","23520216"
"KN296247v1","922143","922305","chr16","24439404","24439567","16","23517261"
"KN296247v1","935938","936223","chr16","24425369","24425657","26","23489431"
"KN296247v1","977727","977857","chr18","18212548","18212672","20","17234821"
"KN296247v1","982551","982702","chr11","58685118","58685271","31","57702567"
"KN296247v1","982743","982861","chr1","223598267","223598385","22","222615524"
"KN296250v1","106065","106300","chr1","185355695","185355935","56","185249630"
"KN296252v1","54158","54361","chr3","59540968","59541164","55","59486810"
"KN296252v1","54763","54876","chr8","29947891","29948005","17","29893128"
"KN296252v1","60784","61084","chr1","125529178","125529481","70","125468394"
"KN296252v1","121661","121976","chr4","86770645","86770955","70","86648984"
"KN296252v1","717985","718079","chr7","132043762","132043856","10","131325777"
"KN296252v1","718391","718606","chr7","132044156","132044374","29","131325765"
"KN296252v1","728684","728806","chr8","75184071","75184194","18","74455387"
"KN296252v1","913874","914154","chr7","132223335","132223615","20","131309461"
"KN296253v1","396284","396415","chr9","110298828","110298957","17","109902544"
"KN296253v1","546753","546863","chr1","118242149","118242255","12","117695396"
"KN296253v1","603441","603693","chr1","118189428","118189671","28","117585987"
"KN296253v1","642720","642919","chr8","27618882","27619071","58","26976162"
"KN296253v1","730172","730301","chr1","118062422","118062551","11","117332250"
"KN296253v1","775725","775880","chr7","72998459","72998615","37","72222734"
"KN296253v1","775913","776041","chrX","119011454","119011578","22","118235541"
"KN296253v1","786847","786958","chr2A","22670722","22670833","15","21883875"
"KN296253v1","1028387","1028558","chr1","117761013","117761185","8","116732626"
"KN296253v1","1050962","1051249","chr1","117739767","117740054","24","116688805"
"KN296253v1","1140566","1140682","chr1","227320619","227320734","18","226180053"
"KN296253v1","1183471","1183772","chr7","148122134","148122436","53","146938663"
"KN296253v1","1205629","1205849","chr1","117586371","117586591","19","116380742"
"KN296253v1","1549477","1549780","chr1","117232984","117233292","26","115683507"
"KN296253v1","1667643","1667946","chr4","8231017","8231321","55","6563374"
"KN296253v1","1676263","1676575","chr7","78839786","78840089","50","77163523"
"KN296253v1","1688802","1688935","chr1","117116189","117116322","7","115427387"
"KN296253v1","1689851","1690164","chr1","117114996","117115301","33","115425145"
"KN296255v1","127766","128051","chr2A","23285663","23285953","33","23157897"
"KN296255v1","272621","272916","chr2A","23164866","23165161","18","22892245"
"KN296255v1","377456","377738","chr2A","23070013","23070300","31","22692557"
"KN296255v1","819902","820182","chr3","37916995","37917289","74","37097093"
"KN296258v1","20447","20720","chr8","101897698","101897965","51","101877251"
"KN296258v1","34367","34688","chr7","6402891","6403213","75","6368524"
"KN296258v1","98765","99125","chrX","50365988","50366308","58","50267223"
"KN296258v1","113292","113597","chrX","50351892","50352190","32","50238600"
"KN296258v1","146080","146368","chrX","50327441","50327730","20","50181361"
"KN296258v1","214309","214604","chrX","50262965","50263259","13","50048656"
"KN296261v1","30426","30748","chr21","34724259","34724575","33","34693833"
"KN296261v1","61171","61531","chr21","34756011","34756375","29","34694840"
"KN296261v1","92053","92368","chr21","34785875","34786160","63","34693822"
"KN296261v1","203897","204024","chr1","62776006","62776124","28","62572109"
"KN296261v1","222138","222390","chr3","12562358","12562618","56","12340220"
"KN296261v1","312340","312660","chr9","93101779","93102078","70","92789439"
"KN296261v1","395878","396193","chr21","35095616","35095929","31","34699738"
"KN296261v1","479608","479898","chr21","35176069","35176349","24","34696461"
"KN296261v1","566381","566691","chr16","28542852","28543162","77","27976471"
"KN296261v1","581080","581367","chr21","35276162","35276460","21","34695082"
"KN296262v1","56753","57020","chr14","34855268","34855534","67","34798515"
"KN296262v1","89858","90162","chr1","101010691","101010982","38","100920833"
"KN296262v1","170785","171091","chr1","100936168","100936474","18","100765383"
"KN296262v1","180279","180338","chr9","58415127","58415183","12","58234848"
"KN296262v1","350235","350570","chr1","100738163","100738472","46","100387928"
"KN296262v1","564697","564941","chr10","28714871","28715112","67","28150174"
"KN296263v1","2732","3032","chr5","22923167","22923436","85","22920435"
"KN296263v1","36078","36381","chr17","5087331","5087641","33","5051253"
"KN296263v1","170286","170563","chr5","53045372","53045666","33","52875086"
"KN296263v1","189783","190055","chr5","53065041","53065300","31","52875258"
"KN296263v1","241781","242072","chrX","41327694","41327990","55","41085913"
"KN296263v1","289402","289710","chr5","53161983","53162278","34","52872581"
"KN296263v1","327130","327418","chr8","107148822","107149111","60","106821692"
"KN296263v1","328487","328773","chr5","53197915","53198205","16","52869428"
"KN296263v1","335311","335599","chr19","51195912","51196212","67","50860601"
"KN296263v1","365075","365201","chr20","35800564","35800690","21","35435489"
"KN296263v1","382455","382691","chrX","48034705","48034931","53","47652250"
"KN296263v1","428132","428444","chr7","535176","535485","64","107044"
"KN296263v1","456928","457229","chr11","118792832","118793136","51","118335904"
"KN296263v1","472731","472964","chr19","6148668","6148899","47","5675937"
"KN296263v1","534481","534654","chr7","64964822","64964998","44","64430341"
"KN296263v1","584760","585096","chr6","6938712","6939012","92","6353952"
"KN296263v1","585098","585145","chr5","53444199","53444245","1","52859101"
"KN296263v1","599440","599572","chr5","53455377","53455509","5","52855937"
"KN296263v1","630762","631043","chr5","6725118","6725406","55","6094356"
"KN296263v1","706976","707267","chr5","53572074","53572365","17","52865098"
"KN296263v1","710621","710723","chr10","15737799","15737904","15","15027178"
"KN296263v1","718730","719022","chr8","83104728","83104999","75","82385998"
"KN296263v1","739690","739813","chr5","53613778","53613902","8","52874088"
"KN296263v1","801439","801735","chr5","53674025","53674320","17","52872586"
"KN296263v1","879435","879750","chr5","53754464","53754756","58","52875029"
"KN296263v1","939420","939711","chrX","14346424","14346712","74","13407004"
"KN296263v1","964857","965049","chr8","105499420","105499611","49","104534563"
"KN296263v1","1023668","1023945","chr5","53893819","53894089","21","52870151"
"KN296263v1","1060523","1060815","chr6","138876907","138877195","58","137816384"
"KN296263v1","1091340","1091634","chrX","49221340","49221630","53","48130000"
"KN296263v1","1091874","1092140","chr6","38004878","38005146","59","36913004"
"KN296263v1","1109725","1110027","chr5","53985391","53985693","19","52875666"
"KN296263v1","1119560","1119862","chr5","53993831","53994110","36","52874271"
"KN296263v1","1156619","1156753","chr1","12132025","12132155","22","10975406"
"KN296263v1","1175045","1175338","chr7","22236764","22237049","66","21061719"
"KN296263v1","1175366","1175376","chr1","58828292","58828304","3","57652926"
"KN296263v1","1193526","1193824","chr11","113770221","113770512","64","112576695"
"KN296263v1","1203711","1203989","chr5","54056651","54056925","37","52852940"
"KN296263v1","1230404","1230734","chr5","54085749","54086098","36","52855345"
"KN296263v1","1234207","1234497","chr5","54089154","54089443","25","52854947"
"KN296263v1","1241792","1242075","chr5","54095780","54096065","25","52853988"
"KN296266v1","10745","10875","chrX","55056228","55056358","12","55045483"
"KN296266v1","19667","19893","chr15","78235674","78235896","63","78216007"
"KN296266v1","25393","25518","chr19","49540569","49540693","16","49515176"
"KN296266v1","87542","87834","chrX","54977192","54977485","23","54889650"
"KN296266v1","101782","102045","chrX","54965779","54966040","9","54863997"
"KN296266v1","124071","124393","chrX","69886895","69887214","60","69762824"
"KN296268v1","68898","69190","chr20","48369176","48369470","59","48300278"
"KN296268v1","230282","230598","chr7","122115390","122115677","61","121885108"
"KN296268v1","905816","906119","chr7","122973227","122973530","22","122067411"
"KN296268v1","1037964","1038101","chr7","123107971","123108108","11","122070007"
"KN296268v1","1044585","1044897","chr7","123114647","123114950","44","122070062"
"KN296268v1","1196732","1197028","chr7","123266381","123266680","29","122069649"
"KN296270v1","65589","65855","chr4","26095183","26095458","29","26029594"
"KN296270v1","147021","147297","chr2B","112174451","112174734","61","112027430"
"KN296270v1","220504","220792","chr4","25932408","25932695","23","25711904"
"KN296270v1","233933","234198","chr5","116455857","116456127","53","116221924"
"KN296270v1","258295","258586","chr4","25894274","25894578","31","25635979"
"KN296270v1","338636","338732","chr4","25806643","25806739","2","25468007"
"KN296270v1","417654","417781","chr4","25726304","25726430","12","25308650"
"KN296270v1","646651","646956","chr4","25495880","25496161","49","24849229"
"KN296270v1","651683","651838","chr6","137561400","137561551","33","136909717"
"KN296270v1","808190","808305","chr4","25339215","25339330","13","24531025"
"KN296270v1","808331","808504","chr4","25339015","25339189","15","24530684"
"KN296271v1","44967","45084","chr3","103929389","103929506","8","103884422"
"KN296271v1","250715","251059","chr12","110332135","110332468","96","110081420"
"KN296271v1","286449","286725","chr6","31243417","31243692","69","30956968"
"KN296271v1","368588","368870","chr3","104243198","104243482","22","103874610"
"KN296271v1","439840","440050","chrX","134491418","134491592","63","134051578"
"KN296271v1","440356","440508","chr7","78893711","78893854","41","78453355"
"KN296278v1","12603","12890","chr2B","53768167","53768448","24","53755564"
"KN296278v1","27617","27676","chr3","162938234","162938290","12","162910617"
"KN296278v1","38161","38443","chr2B","53748236","53748539","37","53710075"
"KN296278v1","38641","38929","chr1","45407201","45407492","59","45368560"
"KN296278v1","111819","112135","chr2B","53675768","53676083","25","53563949"
"KN296278v1","113680","113789","chr12","37395285","37395400","19","37281605"
"KN296278v1","128810","128947","chr22","14090137","14090271","30","13961327"
"KN296278v1","206210","206505","chr2B","53587014","53587307","23","53380804"
"KN296278v1","213753","214049","chr15","37820333","37820631","59","37606580"
"KN296278v1","227727","227999","chr2B","53568744","53569002","27","53341017"
"KN296278v1","234764","235049","chr2B","53536706","53536997","20","53301942"
"KN296278v1","537079","537360","chr2B","53250218","53250500","24","52713139"
"KN296280v1","197354","197499","chr4","17703124","17703280","29","17505770"
"KN296280v1","197552","197649","chr4","17702988","17703089","14","17505436"
"KN296280v1","560685","560814","chr15","69599317","69599445","17","69038632"
"KN296280v1","641686","641810","chr4","17249323","17249447","9","16607637"
"KN296281v1","18602","18867","chr8","73639211","73639466","30","73620609"
"KN296281v1","37329","37498","chr8","73649844","73650013","14","73612515"
"KN296281v1","95225","95527","chr8","73705000","73705295","20","73609775"
"KN296281v1","160709","160989","chrX","133749622","133749918","67","133588913"
"KN296281v1","210554","210798","chr8","73814756","73815018","53","73604202"
"KN296281v1","216132","216442","chr5","44103497","44103803","72","43887365"
"KN296281v1","313044","313317","chr8","73918666","73918940","14","73605622"
"KN296281v1","363079","363209","chr8","73968091","73968224","10","73605012"
"KN296281v1","375645","375787","chr8","73980977","73981119","15","73605332"
"KN296281v1","379216","379513","chr8","73984573","73984872","26","73605357"
"KN296281v1","424376","424609","chr8","74032542","74032774","22","73608166"
"KN296290v1","355156","355452","chr17","26582896","26583193","52","26227740"
"KN296290v1","362114","362389","chr13","27360891","27361155","28","26998777"
"KN296290v1","391763","392058","chrX","50262965","50263259","59","49871202"
"KN296290v1","395982","396285","chr13","27328269","27328579","31","26932287"
"KN296290v1","492259","492499","chr1","29428100","29428331","56","28935841"
"KN296290v1","511578","511713","chr13","27187872","27188001","13","26676294"
"KN296290v1","550087","550214","chr13","27151854","27151978","12","26601767"
"KN296290v1","598381","598676","chrX","54145099","54145392","51","53546718"
"KN296290v1","600233","600366","chr3","144616756","144616881","27","144016523"
"KN296290v1","626916","627228","chr15","55684150","55684453","58","55057234"
"KN296290v1","663195","663465","chr13","27042605","27042864","43","26379410"
"KN296290v1","675788","675910","chr13","27029399","27029514","19","26353611"
"KN296290v1","736233","736514","chr15","75328232","75328518","52","74591999"
"KN296290v1","741438","741740","chr8","10995801","10996101","55","10254363"
"KN296290v1","747710","748015","chrX","3302757","3303054","51","2555047"
"KN296290v1","786530","786660","chr13","26917181","26917310","16","26130651"
"KN296290v1","849078","849344","chr7","74198934","74199204","61","73349856"
"KN296290v1","870602","870907","chr13","26831276","26831573","24","25960674"
"KN296290v1","873093","873386","chr13","26829180","26829461","25","25956087"
"KN296290v1","881313","881509","chr9","66254707","66254908","51","65373394"
"KN296290v1","903934","904205","chr9","76928200","76928479","59","76024266"
"KN296290v1","906391","906682","chr22","7119688","7119976","57","6213297"
"KN296290v1","990114","990247","chr1","40706193","40706325","18","39716079"
"KN296290v1","999796","999858","chrX","3204688","3204749","14","2204892"
"KN296290v1","1011015","1011299","chr13","26685400","26685684","18","25674385"
"KN296290v1","1126331","1126459","chr1","137782772","137782903","24","136656441"
"KN296290v1","1135216","1135484","chr13","26566632","26566896","19","25431416"
"KN296290v1","1287691","1287981","chr13","26413207","26413510","33","25125516"
"KN296290v1","1305283","1305390","chr13","26395139","26395246","7","25089856"
"KN296290v1","1344795","1345081","chr13","26355414","26355688","35","25010619"
"KN296290v1","1511505","1511701","chr13","26188588","26188811","38","24677083"
"KN296290v1","1550005","1550047","chr5","67989936","67989977","9","66439931"
"KN296290v1","1668433","1668741","chr13","26025611","26025900","42","24357178"
"KN296290v1","1830269","1830400","chr13","25858709","25858840","11","24028440"
"KN296290v1","2348398","2348686","chr13","25329553","25329858","38","22981155"
"KN296290v1","2639925","2640214","chr13","25032787","25033072","23","22392862"
"KN296290v1","2705239","2705534","chr13","24964569","24964867","23","22259330"
"KN296290v1","2747428","2747680","chr5","134720159","134720409","51","131972731"
"KN296290v1","2751455","2751589","chr13","24919388","24919520","13","22167933"
"KN296290v1","2841999","2842290","chr13","24827843","24828138","38","21985844"
"KN296290v1","2844095","2844220","chr8","77605031","77605153","23","74760936"
"KN296290v1","2866154","2866441","chr13","24804814","24805102","26","21938660"
"KN296292v1","130877","131177","chr9","34513291","34513586","33","34382414"
"KN296292v1","18090","18361","chr1","163107424","163107688","71","163089334"
"KN296292v1","51587","51781","chr9","34430107","34430291","28","34378520"
"KN296292v1","85627","85951","chr7","1565273","1565568","94","1479646"
"KN296292v1","146612","146836","chr9","34533192","34533416","15","34386580"
"KN296292v1","158095","158226","chr9","34551317","34551450","11","34393222"
"KN296292v1","213484","213765","chr9","34603636","34603916","25","34390152"
"KN296292v1","247678","247967","chr9","34638579","34638868","19","34390901"
"KN296292v1","297305","297599","chr9","34684429","34684710","34","34387124"
"KN296292v1","331311","331555","chr17","23539500","23539742","67","23208189"
"KN296294v1","11744","11902","chr5","48275963","48276119","43","48264219"
"KN296294v1","43811","43989","chr1","199989734","199989910","11","199945923"
"KN296294v1","71013","71131","chr1","93325940","93326069","25","93254927"
"KN296294v1","183452","183552","chr1","186536623","186536716","29","186353171"
"KN296294v1","301750","302035","chr1","200227074","200227364","20","199925324"
"KN296294v1","339577","339876","chr1","200264666","200264969","30","199925089"
"KN296294v1","600690","600987","chr1","200497349","200497649","26","199896659"
"KN296294v1","799818","800087","chr1","200686728","200686999","18","199886910"
"KN296294v1","803502","803629","chr19","39732817","39732948","22","38929315"
"KN296294v1","865359","865588","chr4","181481972","181482192","64","180616613"
"KN296294v1","873538","873826","chr1","200753795","200754083","16","199880257"
"KN296294v1","885412","885682","chr3","151322921","151323192","60","150437509"
"KN296294v1","887953","888049","chr1","200768136","200768233","3","199880183"
"KN296294v1","935775","936100","chr1","227385359","227385663","77","226449584"
"KN296295v1","8027","8123","chr1","26234423","26234512","25","26226396"
"KN296295v1","88011","88252","chr1","66790369","66790623","30","66702358"
"KN296295v1","113657","113781","chr1","66816193","66816310","18","66702536"
"KN296295v1","310538","310775","chr1","8738597","8738834","58","8428059"
"KN296296v1","20943","21214","chr12","79279066","79279347","60","79258123"
"KN296296v1","21257","21277","chr1","125686748","125686765","5","125665491"
"KN296296v1","21282","21566","chr1","52176753","52177049","67","52155471"
"KN296296v1","59274","59541","chr8","59886837","59887105","56","59827563"
"KN296296v1","87644","87765","chr1","135063477","135063599","9","134975833"
"KN296296v1","125749","125859","chr1","191285296","191285402","23","191159547"
"KN296296v1","125938","126140","chr17","24985908","24986111","51","24859970"
"KN296296v1","180046","180342","chr1","134974889","134975184","14","134794843"
"KN296296v1","193688","193954","chr1","134963490","134963778","36","134769802"
"KN296296v1","244216","244331","chr1","134913293","134913413","9","134669077"
"KN296296v1","244354","244525","chr6","11862736","11862910","47","11618382"
"KN296296v1","254674","254982","chr1","134903065","134903376","24","134648391"
"KN296296v1","255632","255936","chr1","134902418","134902726","24","134646786"
"KN296296v1","271380","271672","chr1","125685341","125685626","59","125413961"
"KN296296v1","275538","275837","chrX","41327694","41327990","60","41052156"
"KN296296v1","342384","342680","chr1","134804223","134804515","25","134461839"
"KN296296v1","342738","342883","chr1","134804025","134804170","8","134461287"
"KN296296v1","343188","343203","chr9","112207957","112207970","3","111864769"
"KN296296v1","343493","343611","chr1","39405064","39405184","21","39061571"
"KN296296v1","352904","353211","chr16","29946402","29946703","77","29593498"
"KN296296v1","356433","356741","chr1","134788802","134789098","35","134432369"
"KN296296v1","357138","357450","chr1","134788103","134788420","28","134430965"
"KN296296v1","375299","375542","chr3","11619639","11619877","59","11244340"
"KN296296v1","391176","391475","chr1","134754738","134755037","24","134363562"
"KN296303v1","110047","110287","chr7","130335741","130335977","55","130225694"
"KN296303v1","200120","200431","chr1","94184963","94185274","60","93984843"
"KN296303v1","202971","203100","chr4","72381676","72381798","23","72178705"
"KN296303v1","208694","208846","chr5","73625013","73625165","34","73416319"
"KN296303v1","209100","209381","chr10","108998787","108999056","33","108789687"
"KN296303v1","267256","267525","chr19","32335234","32335513","59","32067978"
"KN296303v1","292791","292909","chr21","32137693","32137813","22","31844902"
"KN296303v1","300623","300740","chr10","108919144","108919270","16","108618521"
"KN296303v1","369792","370096","chr10","108855968","108856268","29","108486176"
"KN296303v1","393408","393704","chr10","108826223","108826520","22","108432815"
"KN296303v1","429749","429878","chr10","108791383","108791513","8","108361634"
"KN296303v1","462724","463015","chr10","108757218","108757496","26","108294494"
"KN296303v1","474159","474290","chr10","108745493","108745626","11","108271334"
"KN296303v1","690778","691082","chr15","63381464","63381762","64","62690686"
"KN296303v1","722572","722686","chr2A","80118842","80118956","24","79396270"
"KN296303v1","839612","839795","chr9","40974404","40974577","41","40134792"
"KN296303v1","856488","856685","chr3","59540968","59541164","53","58684480"
"KN296303v1","887402","887523","chr14","48609686","48609812","18","47722284"
"KN296305v1","602333","602637","chr14","39895394","39895695","31","39293061"
"KN296305v1","620046","620179","chr11","117258906","117259035","20","116638860"
"KN296305v1","620468","620684","chrX","41074018","41074212","51","40453550"
"KN296305v1","780885","781193","chr3","125329164","125329471","59","124548279"
"KN296305v1","848399","848744","chr1","32759338","32759678","85","31910939"
"KN296305v1","903939","904230","chr7","78960841","78961129","57","78056902"
"KN296305v1","940191","940483","chr14","40201380","40201676","31","39261189"
"KN296305v1","943520","943826","chr14","40204636","40204931","32","39261116"
"KN296306v1","376915","377225","chr19","3186771","3187076","77","2809856"
"KN296306v1","726293","726413","chr6","30972658","30972778","14","30246365"
"KN296306v1","789011","789166","chr7","44691914","44692063","45","43902903"
"KN296306v1","789193","789311","chr4","73833366","73833483","21","73044173"
"KN296306v1","882104","882414","chr7","149539969","149540249","66","148657865"
"KN296306v1","939204","939323","chr1","9745191","9745309","21","8805987"
"KN296306v1","1168864","1169129","chr2B","16790162","16790425","53","15621298"
"KN296306v1","1308690","1308757","chr7","154333288","154333355","8","153024598"
"KN296306v1","1822745","1822927","chr7","154817485","154817667","16","152994740"
"KN296306v1","2027498","2027631","chr7","155017241","155017375","13","152989743"
"KN296306v1","2057872","2058156","chr7","155046532","155046800","40","152988660"
"KN296306v1","2265253","2265573","chr14","50795067","50795383","68","48529814"
"KN296306v1","2358273","2358546","chr7","155366618","155366904","35","153008345"
"KN296306v1","2839284","2839416","chr1","158987869","158988000","33","156148585"
"KN296306v1","2839656","2839770","chr16","13782355","13782468","23","10942699"
"KN296306v1","3422730","3422849","chr5","134475702","134475824","28","131052972"
"KN296306v1","3636142","3636425","chr1","47277157","47277440","64","43641015"
"KN296306v1","3707012","3707325","chrX","133938620","133938929","70","130231608"
"KN296306v1","3759616","3759904","chr7","156801504","156801796","26","153041888"
"KN296306v1","3831165","3831417","chr1","46864744","46864992","52","43033579"
"KN296306v1","3848706","3849009","chr7","156901312","156901605","39","153052606"
"KN296306v1","3870218","3870339","chr7","156929002","156929123","11","153058784"
"KN296307v1","41591","41733","chr7","121803035","121803157","29","121761444"
"KN296307v1","72216","72327","chr7","121773250","121773361","8","121701034"
"KN296307v1","72382","72549","chr7","121773050","121773213","16","121700668"
"KN296308v1","80187","80474","chr6","30421566","30421880","61","30341379"
"KN296308v1","316627","316938","chr6","113015209","113015521","64","112698582"
"KN296308v1","325112","325427","chr6","30876323","30876639","31","30551211"
"KN296308v1","403755","403886","chr6","30954794","30954928","9","30551039"
"KN296308v1","534291","534412","chr6","31099260","31099381","9","30564969"
"KN296308v1","570871","571103","chr9","96661388","96661619","62","96090517"
"KN296308v1","576307","576589","chr7","2391375","2391657","69","1815068"
"KN296308v1","589194","589456","chr4","40286320","40286585","67","39697126"
"KN296308v1","617504","617794","chr15","75328232","75328518","71","74710728"
"KN296308v1","648056","648346","chr15","75328232","75328518","71","74680176"
"KN296308v1","662319","662442","chr6","4980838","4980961","24","4318519"
"KN296308v1","702213","702343","chr12","94718410","94718539","28","94016197"
"KN296308v1","703926","704057","chr6","31193064","31193195","7","30489138"
"KN296308v1","705798","706103","chr6","31194701","31195015","39","30488903"
"KN296308v1","706385","706521","chr3","49687081","49687223","36","48980696"
"KN296308v1","706821","706953","chr5","34604244","34604378","19","33897423"
"KN296308v1","743080","743209","chr6","31231971","31232088","15","30488891"
"KN296308v1","746675","746957","chr10","60468050","60468338","59","59721375"
"KN296308v1","754667","754968","chr6","31243417","31243692","51","30488750"
"KN296308v1","768948","769196","chr6","31257253","31257507","29","30488305"
"KN296308v1","856023","856188","chr7","5440959","5441121","36","4584936"
"KN296308v1","856501","856636","chr2B","116286393","116286531","21","115429892"
"KN296308v1","871232","871477","chr6","31356169","31356411","15","30484937"
"KN296308v1","873192","873327","chr5","38236308","38236439","23","37363116"
"KN296308v1","921000","921119","chr6","31407942","31408058","6","30486942"
"KN296308v1","936692","936937","chr4","87727935","87728186","64","86791243"
"KN296308v1","954441","954651","chr4","89588941","89589148","45","88634500"
"KN296308v1","964413","964526","chr12","40312724","40312840","21","39348311"
"KN296308v1","975190","975448","chr5","22985639","22985902","52","22010449"
"KN296308v1","975641","975742","chr2A","80663476","80663578","21","79687835"
"KN296308v1","986983","987281","chr6","31469916","31470225","40","30482933"
"KN296308v1","1011734","1012029","chr6","31494956","31495257","29","30483222"
"KN296308v1","1050886","1051046","chr14","5908208","5908371","32","4857322"
"KN296308v1","1169778","1169835","chr10","88824845","88824901","7","87655067"
"KN296308v1","1239820","1240006","chr6","31737661","31737848","9","30497841"
"KN296308v1","1240762","1240888","chr8","129994789","129994913","20","128754027"
"KN296308v1","1269477","1269608","chr9","120348552","120348683","21","119079075"
"KN296308v1","1298849","1299139","chr6","31795081","31795374","17","30496232"
"KN296308v1","1345305","1345460","chr21","893997","894152","35","451308"
"KN296310v1","179004","179124","chr6","160521833","160521953","20","160342829"
"KN296310v1","532153","532471","chr16","28552488","28552804","55","28020335"
"KN296310v1","573219","573494","chr14","47652471","47652740","71","47079252"
"KN296310v1","616045","616307","chr11","78885851","78886128","34","78269806"
"KN296310v1","667078","667312","chr11","78835161","78835388","33","78168083"
"KN296310v1","875478","875706","chr11","78714705","78714929","16","77839227"
"KN296310v1","942426","942648","chr11","78651217","78651440","28","77708791"
"KN296310v1","946795","947144","chr12","122712586","122712948","101","121765791"
"KN296310v1","1511170","1511413","chrX","51341655","51341920","60","49830485"
"KN296311v1","392905","393222","chr12","117698784","117699106","29","117305879"
"KN296311v1","26028","26310","chr12","117325733","117326015","21","117299705"
"KN296311v1","27251","27534","chr12","117326919","117327206","37","117299668"
"KN296311v1","44039","44227","chr12","117343439","117343630","14","117299400"
"KN296311v1","57460","57756","chr12","117357850","117358128","43","117300390"
"KN296311v1","61470","61590","chr12","117361931","117362051","6","117300461"
"KN296311v1","102426","102730","chr12","117403329","117403629","26","117300903"
"KN296311v1","106225","106425","chr2B","97697631","97697831","45","97591406"
"KN296311v1","249743","250033","chr16","37459301","37459589","73","37209558"
"KN296311v1","284899","285037","chr19","39732817","39732948","27","39447918"
"KN296311v1","355566","355854","chr12","117657435","117657720","22","117301869"
"KN296311v1","424931","425226","chr12","117729922","117730230","29","117304991"
"KN296311v1","507044","507319","chr12","117809709","117809988","20","117302665"
"KN296311v1","555530","555819","chr2A","97153706","97153996","57","96598176"
"KN296311v1","562348","562589","chr6","87743647","87743885","70","87181299"
"KN296311v1","596168","596289","chr18","28062920","28063043","13","27466752"
"KN296311v1","600398","600520","chr12","117907247","117907383","20","117306849"
"KN296311v1","647765","648061","chr8","24363141","24363435","62","23715376"
"KN296311v1","663833","664127","chr12","117969599","117969894","31","117305766"
"KN296311v1","666344","666473","chr1","39953587","39953717","21","39287243"
"KN296311v1","673954","674211","chr12","117979111","117979368","25","117305157"
"KN296311v1","742931","743299","chr10","126928801","126929124","109","126185870"
"KN296311v1","769007","769299","chr12","111048345","111048624","82","110279338"
"KN296311v1","784451","784583","chr7","56909925","56910060","20","56125474"
"KN296311v1","805635","805758","chr12","118107014","118107136","10","117301379"
"KN296311v1","806575","806874","chr12","118107951","118108255","26","117301376"
"KN296311v1","812946","813256","chr16","60630135","60630442","52","59817189"
"KN296311v1","813710","813833","chr12","118113822","118113946","5","117300112"
"KN296311v1","846022","846302","chr12","118152905","118153189","30","117306883"
"KN296311v1","851603","851687","chr1","78344766","78344837","28","77493163"
"KN296311v1","851988","852182","chr7","77275645","77275837","49","76423657"
"KN296311v1","942663","942861","chr12","118244351","118244555","19","117301688"
"KN296311v1","996942","997257","chr12","118295986","118296275","46","117299044"
"KN296311v1","1044932","1045220","chr12","118340326","118340619","23","117295394"
"KN296311v1","1076077","1076382","chr12","118365431","118365739","21","117289354"
"KN296311v1","1081268","1081556","chr6","157323206","157323501","74","156241938"
"KN296311v1","1131480","1131766","chr12","118421415","118421701","20","117289935"
"KN296311v1","1142427","1142714","chr16","78223728","78224017","54","77081301"
"KN296311v1","1242060","1242315","chr8","56496769","56497031","62","55254709"
"KN296311v1","1465516","1465817","chr12","118770955","118771251","28","117305439"
"KN296311v1","1552108","1552419","chr12","118853551","118853862","12","117301443"
"KN296311v1","1559939","1560072","chr1","36304016","36304150","19","34744077"
"KN296311v1","1647973","1648260","chr12","118945621","118945914","44","117297648"
"KN296311v1","1660335","1660616","chr12","118957867","118958157","25","117297532"
"KN296311v1","1817067","1817378","chr12","119113074","119113382","28","117296007"
"KN296311v1","1839328","1839620","chr12","119134645","119134927","32","117295317"
"KN296311v1","1891001","1891288","chr12","119189682","119189973","18","117298681"
"KN296311v1","1956725","1957016","chr12","119257018","119257323","36","117300293"
"KN296311v1","2048326","2048469","chr11","66543117","66543257","25","64494791"
"KN296311v1","2170930","2171054","chr12","119479535","119479660","9","117308605"
"KN296311v1","2353772","2354044","chr12","119653504","119653785","23","117299732"
"KN296311v1","2392464","2392756","chr6","44473073","44473368","52","42080609"
"KN296311v1","2417967","2418296","chr12","119729939","119730268","31","117311972"
"KN296311v1","2441315","2441612","chr12","119752684","119752986","29","117311369"
"KN296311v1","2565168","2565447","chr12","119872051","119872330","26","117306883"
"KN296311v1","2574487","2574785","chr8","90581332","90581626","57","88006845"
"KN296311v1","2613190","2613468","chr12","119912794","119913077","24","117299604"
"KN296311v1","2632905","2633115","chr12","119935032","119935233","19","117302127"
"KN296311v1","2667714","2667837","chr12","119967686","119967811","11","117299972"
"KN296311v1","2671839","2672148","chr12","119971480","119971792","24","117299641"
"KN296311v1","2672899","2673133","chr12","119972222","119972487","44","117299323"
"KN296311v1","2677029","2677151","chr12","119976631","119976756","8","117299602"
"KN296311v1","2704806","2705093","chr12","120001537","120001824","18","117296731"
"KN296311v1","2758427","2758718","chr12","120054024","120054306","30","117295597"
"KN296311v1","2831901","2832188","chr12","120120097","120120360","39","117288196"
"KN296311v1","2875330","2875463","chr1","52847100","52847233","20","49971770"
"KN296311v1","2891677","2891967","chr12","120205686","120205976","28","117314009"
"KN296311v1","2897332","2897497","chr16","66326189","66326355","39","63428857"
"KN296311v1","2918482","2918701","chr12","120234296","120234512","16","117315814"
"KN296311v1","2963806","2964109","chr5","18033627","18033927","56","15069821"
"KN296311v1","2996413","2996575","chr16","3797947","3798093","57","801534"
"KN296311v1","2996875","2997007","chr19","39732817","39732948","17","36735942"
"KN296311v1","3027238","3027495","chr12","120345063","120345327","25","117317825"
"KN296311v1","3045502","3045807","chr3","41180572","41180873","56","38135070"
"KN296311v1","3147042","3147087","chr12","120455331","120455376","1","117308289"
"KN296311v1","3160408","3160579","chr12","120468577","120468749","13","117308169"
"KN296311v1","3175887","3176209","chr7","150717452","150717773","69","147541565"
"KN296311v1","3177845","3177969","chr15","68505259","68505379","15","65327414"
"KN296311v1","3180690","3180999","chr5","130392946","130393254","51","127212256"
"KN296311v1","3212571","3212802","chr12","120525486","120525718","17","117312915"
"KN296311v1","3245377","3245642","chr12","120554461","120554685","55","117309084"
"KN296311v1","3250026","3250161","chr19","3143731","3143862","23","106295"
"KN296311v1","3250467","3250609","chr15","43179733","43179887","43","39929266"
"KN296311v1","3271270","3271589","chr9","15370636","15370939","82","12099366"
"KN296311v1","3316587","3316790","chr12","120622065","120622270","18","117305478"
"KN296311v1","3328496","3328555","chrX","128860957","128861019","14","125532461"
"KN296311v1","3372171","3372401","chr5","32754236","32754465","43","29382065"
"KN296311v1","3388338","3388656","chr12","120689364","120689681","26","117301026"
"KN296311v1","3388657","3388864","chr5","35874359","35874558","39","32485702"
"KN296311v1","3404018","3404072","chr11","74514143","74514194","9","71110125"
"KN296311v1","3404319","3404401","chr19","6327992","6328067","18","2923673"
"KN296311v1","3526327","3526528","chr12","120815326","120815513","29","117288999"
"KN296311v1","3526831","3526958","chr12","120815812","120815938","13","117288981"
"KN296311v1","3531067","3531336","chr5","107763495","107763768","58","104232428"
"KN296311v1","3546480","3546759","chr12","120834740","120835015","28","117288260"
"KN296311v1","3586721","3586842","chr10","83562151","83562275","18","79975430"
"KN296311v1","3597587","3597880","chr14","73628191","73628494","65","70030604"
"KN296311v1","3611064","3611361","chr12","120893600","120893902","35","117282536"
"KN296311v1","3622311","3622445","chr12","120912328","120912461","11","117290017"
"KN296311v1","3691009","3691065","chrX","115561017","115561073","11","111870008"
"KN296311v1","3703576","3703871","chr12","120991851","120992132","34","117288275"
"KN296311v1","3709687","3709906","chr12","120997612","120997830","37","117287925"
"KN296311v1","3722874","3723186","chr12","121011926","121012231","35","117289052"
"KN296311v1","3734196","3734318","chr12","121023146","121023269","13","117288950"
"KN296311v1","3756002","3756126","chr12","121043644","121043776","17","117287642"
"KN296311v1","3756164","3756449","chr12","121043806","121044096","22","117287642"
"KN296311v1","3762544","3762728","chr12","121050778","121050959","34","117288234"
"KN296311v1","3789816","3790124","chr12","121081039","121081348","9","117291223"
"KN296311v1","3813861","3814131","chr6","7085820","7086095","56","3271959"
"KN296311v1","3821680","3821969","chr12","97224866","97225161","55","93403186"
"KN296311v1","3901957","3902081","chr12","121197050","121197169","11","117295093"
"KN296311v1","3989417","3989713","chr12","121285845","121286139","24","117296428"
"KN296311v1","4007941","4008221","chr12","121305245","121305524","20","117297304"
"KN296311v1","4049044","4049322","chr8","90581332","90581626","62","86532288"
"KN296311v1","4066960","4067239","chr12","121368057","121368340","26","117301097"
"KN296311v1","4127994","4128273","chr12","121427645","121427936","36","117299651"
"KN296311v1","4161853","4161944","chr10","112319263","112319348","20","108157410"
"KN296311v1","4162288","4162406","chr12","121455895","121456013","11","117293607"
"KN296311v1","4177183","4177473","chr12","121468735","121469024","19","117291552"
"KN296311v1","4185456","4185759","chr12","121476000","121476297","26","117290544"
"KN296311v1","4208868","4209162","chr12","121500597","121500881","33","117291729"
"KN296311v1","4260973","4261277","chr1","144629438","144629734","58","140368465"
"KN296311v1","4263459","4263572","chr1","53377674","53377784","16","49114215"
"KN296311v1","4279264","4279439","chr9","90400157","90400326","33","86120893"
"KN296311v1","4279467","4279585","chr9","23442246","23442363","26","19162779"
"KN296311v1","4289603","4289889","chr12","121585027","121585349","51","117295424"
"KN296311v1","4290372","4290598","chr5","36616217","36616448","64","32325845"
"KN296311v1","4292279","4292548","chr12","121587736","121588031","48","117295457"
"KN296311v1","4338850","4338972","chr12","121629801","121629923","8","117290951"
"KN296311v1","4356671","4356962","chr12","121643653","121643938","33","117286982"
"KN296311v1","4362408","4362531","chr12","121648077","121648200","8","117285669"
"KN296311v1","4377407","4377710","chr11","113761356","113761658","47","109383949"
"KN296311v1","4388255","4388377","chr1","208765146","208765260","26","204376891"
"KN296311v1","4415037","4415288","chr19","5130734","5130999","79","715697"
"KN296311v1","4426241","4426537","chr8","10995801","10996101","52","6569560"
"KN296311v1","4439282","4439511","chrX","11217018","11217247","57","6777736"
"KN296311v1","4473781","4474058","chr12","121758861","121759145","24","117285080"
"KN296311v1","4481984","4482289","chr12","121766525","121766814","42","117284541"
"KN296311v1","4499212","4499329","chr2A","37221669","37221788","19","32722457"
"KN296311v1","4528522","4528786","chr12","121806587","121806879","45","117278065"
"KN296311v1","4558341","4558545","chr12","121832346","121832550","16","117274005"
"KN296311v1","4565517","4565791","chr7","567245","567510","63","3998272"
"KN296311v1","4628627","4628860","chr12","121905843","121906082","27","117277216"
"KN296311v1","4650229","4650478","chr12","18101238","18101486","57","13451009"
"KN296311v1","4651242","4651523","chr12","121927206","121927488","22","117275964"
"KN296311v1","4689210","4689340","chr11","117258906","117259035","23","112569696"
"KN296311v1","4696112","4696407","chr12","121971463","121971766","36","117275351"
"KN296311v1","4705992","4706348","chr12","121981116","121981493","39","117275124"
"KN296311v1","4715650","4715945","chr12","121990101","121990404","35","117274451"
"KN296311v1","4723689","4723967","chr12","121997331","121997625","29","117273642"
"KN296311v1","4742777","4742900","chr4","41961268","41961392","14","37218491"
"KN296311v1","4777923","4778211","chr12","122051413","122051699","21","117273490"
"KN296311v1","4795471","4795592","chr8","100160491","100160611","20","95365020"
"KN296311v1","4805388","4805513","chr12","122084680","122084805","5","117279292"
"KN296311v1","4820101","4820391","chr12","122099505","122099781","37","117279404"
"KN296311v1","4829115","4829248","chr3","19937169","19937300","21","15108054"
"KN296311v1","4830170","4830330","chr12","122110012","122110179","30","117279842"
"KN296311v1","4845060","4845354","chr12","122128492","122128785","13","117283432"
"KN296311v1","4848121","4848429","chr12","122131233","122131538","20","117283112"
"KN296311v1","4851121","4851425","chr12","122134554","122134830","46","117283433"
"KN296311v1","4852075","4852339","chr14","36391213","36391479","54","31539138"
"KN296311v1","4862664","4862969","chr12","122145183","122145488","25","117282519"
"KN296311v1","4874651","4874940","chr12","122157175","122157464","24","117282524"
"KN296311v1","4894557","4894879","chr4","42218632","42218961","69","37324075"
"KN296311v1","4903288","4903577","chr9","97269120","97269416","55","92365832"
"KN296311v1","4944171","4944295","chr12","122196443","122196567","7","117252272"
"KN296311v1","4952088","4952386","chr12","122203728","122204022","23","117251640"
"KN296311v1","4973417","4973544","chr12","122224846","122224973","6","117251429"
"KN296311v1","4987282","4987598","chr12","122238566","122238877","26","117251284"
"KN296311v1","5019889","5020198","chr8","77569378","77569682","61","72549489"
"KN296311v1","5025153","5025427","chr12","122274351","122274597","43","117249198"
"KN296311v1","5034153","5034440","chr2A","100578754","100579054","55","95544601"
"KN296311v1","5055448","5055512","chr12","122306300","122306364","2","117250852"
"KN296311v1","5059917","5060194","chr12","122312062","122312342","60","117252145"
"KN296311v1","5067438","5067567","chr12","122318210","122318342","11","117250772"
"KN296311v1","5078012","5078143","chr2B","116286393","116286531","27","111208381"
"KN296311v1","5078426","5078565","chr5","15234520","15234643","33","10156094"
"KN296311v1","5093544","5093765","chr12","122345920","122346130","31","117252376"
"KN296311v1","5162767","5163010","chr1","215308654","215308915","66","210145887"
"KN296311v1","5182848","5182978","chr12","32488679","32488809","46","27305831"
"KN296311v1","5183269","5183384","chr5","610740","610858","23","4572529"
"KN296311v1","5197198","5197505","chr12","122452179","122452466","56","117254981"
"KN296311v1","5212339","5212501","chr12","122469711","122469873","9","117257372"
"KN296311v1","5214887","5215087","chr10","114862862","114863072","41","109647975"
"KN296311v1","5222892","5223200","chr5","33543745","33544041","65","28320853"
"KN296311v1","5228023","5228327","chrX","13876295","13876595","57","8648272"
"KN296311v1","5236627","5236918","chr12","122489657","122489962","53","117253030"
"KN296311v1","5243472","5243754","chr12","122497788","122498077","31","117254316"
"KN296311v1","5244302","5244602","chr12","122498627","122498925","18","117254325"
"KN296311v1","5257876","5258175","chr10","108826223","108826520","61","103568347"
"KN296311v1","5260458","5260564","chr1","51174038","51174139","29","45913580"
"KN296311v1","5267825","5268129","chr11","71146200","71146505","61","65878375"
"KN296311v1","5308983","5309186","chr1","224900569","224900766","52","219591586"
"KN296311v1","5311581","5311777","chr1","11028945","11029141","51","5717364"
"KN296311v1","5349938","5350234","chr12","122597370","122597671","21","117247432"
"KN296311v1","5427466","5427504","chr2A","80601599","80601635","6","75174133"
"KN296311v1","5456988","5457262","chr3","44894249","44894519","62","39437261"
"KN296311v1","5484178","5484472","chr10","38507119","38507420","48","33022941"
"KN296311v1","5514899","5515192","chr17","17580815","17581115","53","12065916"
"KN296311v1","5540461","5540731","chr11","36896912","36897194","67","31356451"
"KN296311v1","5543223","5543431","chr15","62806441","62806661","65","57263218"
"KN296311v1","5628411","5628695","chr8","138262795","138263080","65","132634384"
"KN296311v1","5629537","5629834","chr12","122856419","122856677","61","117226882"
"KN296311v1","5656547","5656831","chr12","122880022","122880306","18","117223475"
"KN296311v1","5694138","5694394","chr12","122920243","122920498","26","117226105"
"KN296311v1","5699316","5699593","chr12","122924810","122925075","37","117225494"
"KN296311v1","5755692","5755807","chr12","122982240","122982357","7","117226548"
"KN296311v1","5772574","5772865","chrX","133330263","133330549","60","127557689"
"KN296311v1","5775466","5775744","chr12","122998286","122998576","43","117222820"
"KN296311v1","5775859","5776152","chr12","122998676","122998966","18","117222817"
"KN296311v1","5870199","5870369","chr5","19798992","19799166","29","13928793"
"KN296311v1","5871293","5871440","chr16","10503690","10503839","35","4632397"
"KN296311v1","5915933","5916165","chr12","123146385","123146620","15","117230452"
"KN296311v1","5943012","5943266","chr12","123173512","123173767","23","117230500"
"KN296311v1","5953232","5953404","chr12","123184250","123184424","15","117231018"
"KN296311v1","5956393","5956673","chr12","123186708","123186992","12","117230315"
"KN296311v1","5964711","5964834","chr3","133670992","133671114","22","127706281"
"KN296311v1","5998125","5998281","chr6","77282156","77282312","39","71284031"
"KN296311v1","6004942","6005211","chr12","123233136","123233405","16","117228194"
"KN296311v1","6018505","6018780","chr12","123246396","123246674","22","117227891"
"KN296311v1","6027857","6028136","chr10","85124132","85124400","67","79096275"
"KN296311v1","6034118","6034420","chr12","110010286","110010585","58","103976168"
"KN296311v1","6039527","6039838","chr7","148122134","148122436","62","142082607"
"KN296311v1","6063005","6063116","chr1","7524998","7525104","41","1461993"
"KN296311v1","6063439","6063547","chr17","2409347","2409455","25","3654092"
"KN296311v1","6102715","6102840","chr12","123331899","123332024","17","117229184"
"KN296311v1","6153012","6153280","chr12","123380885","123381150","25","117227873"
"KN296311v1","6192677","6192800","chr12","368006","368130","29","5824671"
"KN296311v1","6193102","6193257","chr6","77282156","77282312","47","71089054"
"KN296311v1","6193870","6193896","chr11","7863477","7863500","7","1669607"
"KN296311v1","6196478","6196600","chr12","123419655","123419778","14","117223177"
"KN296311v1","6218388","6218692","chr12","123442590","123442895","23","117224202"
"KN296311v1","6222183","6222459","chr18","43447861","43448143","57","37225678"
"KN296311v1","6239487","6239781","chr12","123466305","123466589","28","117226818"
"KN296311v1","6266607","6266667","chr12","123495067","123495126","6","117228460"
"KN296311v1","6288166","6288471","chr12","123517835","123518132","23","117229669"
"KN296311v1","6295181","6295398","chrX","119886123","119886333","46","113590942"
"KN296311v1","6295710","6295803","chr11","66457447","66457541","18","60161737"
"KN296311v1","6311412","6311712","chr12","123541011","123541317","25","117229599"
"KN296311v1","6315200","6315522","chr12","123544514","123544821","33","117229314"
"KN296311v1","6334601","6334877","chr12","123564535","123564842","45","117229934"
"KN296311v1","6336898","6337205","chr19","13679034","13679337","59","7342136"
"KN296311v1","6355411","6355703","chr12","123585005","123585298","33","117229594"
"KN296311v1","6360941","6361067","chr9","45100722","45100846","20","38739781"
"KN296311v1","6390604","6390782","chr20","46081847","46082024","44","39691243"
"KN296311v1","6391626","6391931","chr12","123626651","123626957","19","117235025"
"KN296311v1","6400251","6400611","chr12","123635257","123635571","73","117235006"
"KN296311v1","6412034","6412235","chr2A","34139371","34139581","49","27727337"
"KN296311v1","6429648","6429766","chr12","123661099","123661224","16","117231451"
"KN296311v1","6440271","6440551","chr11","3408622","3408914","60","3031649"
"KN296311v1","6460003","6460143","chr12","123691304","123691444","12","117231301"
"KN296311v1","6460447","6460587","chr12","123691733","123691887","24","117231286"
"KN296311v1","6469147","6469444","chr12","123701096","123701400","36","117231949"
"KN296311v1","6485676","6485783","chr19","55772473","55772576","18","49286797"
"KN296311v1","6494173","6494479","chr19","10560533","10560841","55","4066360"
"KN296311v1","6498045","6498186","chr3","158261325","158261465","25","151763280"
"KN296311v1","6498472","6498662","chr1","16867823","16867995","44","10369351"
"KN296311v1","6501359","6501675","chr20","17755444","17755743","65","11254085"
"KN296311v1","6508868","6509163","chr12","123736937","123737242","31","117228069"
"KN296311v1","6512663","6512951","chr12","123740734","123741010","48","117228071"
"KN296311v1","6527914","6527982","chr3","68644449","68644517","9","62116535"
"KN296311v1","6530980","6531127","chr5","124155891","124156042","29","117624911"
"KN296311v1","6580966","6581259","chr12","123804462","123804759","26","117223496"
"KN296311v1","6601417","6601714","chr12","123824238","123824527","32","117222821"
"KN296311v1","6608200","6608497","chr22","7161756","7162064","59","553556"
"KN296311v1","6649641","6649929","chr5","19744576","19744864","50","13094935"
"KN296311v1","6692853","6693155","chr12","123905725","123906002","37","117212872"
"KN296311v1","6704684","6704954","chr12","123916897","123917209","61","117212213"
"KN296311v1","6732487","6732784","chr19","17465894","17466187","73","10733407"
"KN296311v1","6754371","6754634","chr12","123965083","123965345","33","117210712"
"KN296311v1","6889632","6889720","chr12","124104349","124104439","3","117214717"
"KN296311v1","6972148","6972267","chr12","124183790","124183913","21","117211642"
"KN296311v1","6972568","6972713","chr12","124184209","124184366","25","117211641"
"KN296311v1","6978198","6978474","chr19","17650068","17650349","50","10671870"
"KN296311v1","7019861","7020159","chr12","124233061","124233357","23","117213200"
"KN296311v1","7065354","7065401","chr1","36566125","36566174","9","29500771"
"KN296311v1","7203802","7203954","chr17","62394539","62394696","35","55190737"
"KN296311v1","7204259","7204396","chr19","13295683","13295823","23","6091424"
"KN296311v1","7209160","7209306","chr12","124414685","124414831","8","117205525"
"KN296311v1","7251451","7251765","chr12","124457959","124458266","31","117206508"
"KN296311v1","7319557","7319845","chr12","124528153","124528441","8","117208596"
"KN296311v1","7491914","7492220","chr12","125163839","125164147","53","117671925"
"KN296311v1","7527494","7527677","chr12","124740191","124740374","15","117212697"
"KN296311v1","7581132","7581427","chr12","124799911","124800203","23","117218779"
"KN296311v1","7668250","7668376","chr12","124884664","124884790","7","117216414"
"KN296311v1","7682214","7682508","chr12","124899613","124899902","19","117217399"
"KN296311v1","7683672","7683969","chr12","124901044","124901340","21","117217372"
"KN296311v1","7685544","7685690","chr3","129472360","129472509","24","121786816"
"KN296311v1","7685988","7686165","chrX","457882","458058","37","7228106"
"KN296311v1","7741016","7741122","chr12","124961764","124961873","19","117220748"
"KN296311v1","7744335","7744615","chr1","134631614","134631891","60","126887279"
"KN296311v1","7752486","7752784","chr9","83769712","83770008","55","76017226"
"KN296311v1","7843516","7843629","chr12","125062668","125062789","17","117219152"
"KN296311v1","7864360","7864669","chr12","125084133","125084444","26","117219773"
"KN296311v1","7888435","7888542","chr10","16593378","16593481","30","8704943"
"KN296311v1","7913700","7913887","chr12","125134632","125134825","17","117220932"
"KN296311v1","7943194","7943496","chr12","125163839","125164147","25","117220645"
"KN296311v1","7986264","7986406","chr4","98028163","98028306","24","90041899"
"KN296311v1","8066188","8066257","chr12","125288440","125288509","3","117222252"
"KN296311v1","8066563","8066637","chr12","125288806","125288882","14","117222243"
"KN296311v1","8099449","8099697","chr12","125317666","125317914","15","117218217"
"KN296311v1","8110770","8111067","chr12","125329550","125329850","22","117218780"
"KN296311v1","8205054","8205387","chr12","125426743","125427054","43","117221689"
"KN296311v1","8281156","8281447","chr12","125504874","125505166","25","117223718"
"KN296311v1","8332835","8333113","chr14","55199133","55199422","71","46866298"
"KN296311v1","8348414","8348728","chr12","125567517","125567830","24","117219103"
"KN296311v1","8543868","8544161","chr10","85122365","85122644","62","76578497"
"KN296311v1","8544201","8544216","chr4","121695057","121695071","2","113150856"
"KN296311v1","8749773","8749905","chr1","26618344","26618476","24","17868571"
"KN296311v1","8758046","8758357","chr12","125975103","125975379","58","117217057"
"KN296311v1","8775963","8776014","chr12","125993902","125993955","2","117217939"
"KN296311v1","8808925","8809206","chr5","123308566","123308854","63","114499641"
"KN296311v1","8842088","8842365","chr12","126056236","126056540","43","117214148"
"KN296311v1","8892790","8892895","chr12","126108052","126108160","6","117215262"
"KN296311v1","8989800","8989885","chr12","126228829","126228914","8","117239029"
"KN296311v1","9224650","9224774","chr3","5136828","5136950","27","4087822"
"KN296311v1","9282248","9282552","chr12","126534430","126534731","39","117252182"
"KN296311v1","9336166","9336478","chr12","126610836","126611155","54","117274670"
"KN296311v1","9481042","9481167","chr12","126772950","126773074","13","117291908"
"KN296311v1","9624368","9624491","chr1","133284934","133285059","20","123660566"
"KN296311v1","9659686","9659995","chr12","126947876","126948178","51","117288190"
"KN296311v1","9761107","9761243","chr19","4909752","4909883","35","4851355"
"KN296311v1","9800537","9800841","chr12","127074629","127074931","18","117274092"
"KN296311v1","9811934","9812231","chr12","127086429","127086724","32","117274495"
"KN296312v1","30721","30773","chr1","36566125","36566174","7","36535404"
"KN296312v1","57986","58118","chr4","160071600","160071735","12","160013614"
"KN296312v1","205571","205893","chr15","67677890","67678201","72","67472319"
"KN296312v1","466322","466650","chr4","160498393","160498717","38","160032071"
"KN296312v1","620085","620401","chr4","160659993","160660304","19","160039908"
"KN296312v1","656407","656715","chr4","157533263","157533569","59","156876856"
"KN296312v1","700528","700804","chr4","160739567","160739835","25","160039039"
"KN296312v1","793210","793492","chr16","28973389","28973670","56","28180179"
"KN296314v1","31825","32125","chr9","29636111","29636395","41","29604286"
"KN296314v1","588595","588901","chr9","29073009","29073329","39","28484414"
"KN296314v1","652109","652377","chr4","140007821","140008095","63","139355712"
"KN296314v1","711685","711994","chr1","150095041","150095348","65","149383356"
"KN296314v1","742652","742968","chr16","60630135","60630442","67","59887483"
"KN296315v1","81174","81317","chr12","13993762","13993903","16","13912588"
"KN296315v1","118168","118451","chr12","14030805","14031108","38","13912637"
"KN296315v1","132974","133246","chr12","14052106","14052388","26","13919132"
"KN296315v1","246938","247229","chr6","5780179","5780469","52","5533241"
"KN296315v1","295595","295841","chr12","14234249","14234500","31","13938654"
"KN296315v1","301307","301609","chr12","14242266","14242574","40","13940959"
"KN296315v1","424830","425129","chr4","190526787","190527083","63","190101957"
"KN296315v1","430345","430637","chr12","14380550","14380848","22","13950205"
"KN296315v1","499654","499950","chr12","14447540","14447837","28","13947886"
"KN296315v1","536142","536277","chr1","28050037","28050170","28","27513895"
"KN296315v1","538593","538709","chr7","141988047","141988165","19","141449454"
"KN296315v1","715345","715654","chr16","60630135","60630442","69","59914790"
"KN296315v1","992421","992560","chr8","87044617","87044751","23","86052196"
"KN296315v1","1082937","1083056","chr12","14991051","14991174","12","13908114"
"KN296315v1","1466970","1467115","chr20","47948168","47948309","29","46481198"
"KN296315v1","1518087","1518374","chr8","26699031","26699321","58","25180944"
"KN296315v1","1724198","1724496","chr8","10957591","10957897","66","9233393"
"KN296315v1","1727657","1727919","chr12","15607890","15608166","30","13880233"
"KN296316v1","262084","262366","chr7","40283571","40283864","37","40021487"
"KN296316v1","103093","103253","chr7","57167137","57167297","8","57064044"
"KN296316v1","141770","142010","chr7","57609866","57610118","32","57468096"
"KN296316v1","142664","142780","chr7","63249869","63249984","21","63107205"
"KN296316v1","163105","163400","chrX","55143893","55144187","62","54980788"
"KN296316v1","248543","248823","chr7","40296163","40296450","26","40047620"
"KN296316v1","260428","260744","chr4","130358258","130358563","28","130097830"
"KN296316v1","281810","281943","chr14","12282622","12282764","48","12000812"
"KN296316v1","282369","282499","chr4","130334496","130334626","9","130052127"
"KN296316v1","290739","291039","chr5","91521677","91521966","63","91230938"
"KN296316v1","305578","305873","chr22","5034974","5035263","54","4729396"
"KN296317v1","1458","1527","chr12","97692724","97692794","11","97691266"
"KN296319v1","47699","47969","chr6","163290816","163291094","28","163243117"
"KN296319v1","81040","81343","chr6","163258165","163258457","35","163177125"
"KN296319v1","138822","138876","chr7","74275994","74276048","8","74137172"
"KN296319v1","154834","155160","chr6","163188219","163188530","48","163033385"
"KN296319v1","214816","214875","chr10","111263853","111263909","12","111049037"
"KN296319v1","230772","230896","chr12","120581355","120581481","23","120350583"
"KN296319v1","492026","492236","chr2B","93933598","93933809","39","93441572"
"KN296319v1","590478","590671","chr19","16263345","16263533","51","15672867"
"KN296319v1","654432","654734","chr6","162695785","162696096","36","162041353"
"KN296319v1","729917","730018","chr6","162623832","162623934","6","161893915"
"KN296319v1","761134","761383","chr6","162591927","162592179","24","161830793"
"KN296319v1","771951","772255","chr6","162581424","162581737","27","161809473"
"KN296319v1","781035","781348","chr6","162572337","162572649","22","161791302"
"KN296319v1","825357","825495","chr11","3324492","3324629","22","2499135"
"KN296320v1","71242","71549","chr12","45893403","45893718","24","45822161"
"KN296320v1","79234","79300","chr6","38406576","38406641","17","38327342"
"KN296320v1","272942","273131","chr8","21450355","21450546","41","21177413"
"KN296321v1","121370","121665","chr6","34428776","34429070","69","34307406"
"KN296322v1","1950","2236","chr1","164596223","164596483","75","164594273"
"KN296322v1","91128","91438","chr8","42414444","42414750","72","42323316"
"KN296322v1","95715","95905","chr19","15374291","15374479","43","15278576"
"KN296322v1","96202","96332","chr7","65398583","65398713","25","65302381"
"KN296322v1","97108","97383","chr13","83783147","83783423","15","83686039"
"KN296322v1","165555","165881","chr13","83710627","83710954","33","83545072"
"KN296322v1","435674","435976","chr13","83406990","83407316","50","82971316"
"KN296322v1","466351","466627","chr20","21942762","21943042","73","21476411"
"KN296322v1","538896","539081","chr13","83292779","83292966","13","82753883"
"KN296322v1","571115","571407","chr4","6615194","6615493","59","6044079"
"KN296322v1","641306","641436","chr13","83198471","83198593","21","82557165"
"KN296322v1","740100","740218","chr13","83097996","83098114","5","82357896"
"KN296322v1","787197","787514","chr13","83015183","83015515","33","82227986"
"KN296322v1","878140","878440","chr5","157305440","157305738","60","156427300"
"KN296322v1","915672","915921","chr13","22566580","22566822","55","21650908"
"KN296322v1","920293","920590","chr13","82865390","82865685","17","81945097"
"KN296322v1","974578","974845","chr13","82809790","82810035","41","81835212"
"KN296322v1","990943","991076","chr13","82791930","82792063","5","81800987"
"KN296322v1","1009182","1009342","chr13","82774848","82774999","25","81765666"
"KN296322v1","1075189","1075479","chrX","19637441","19637730","64","18562252"
"KN296322v1","1109797","1110009","chr13","82678501","82678728","32","81568704"
"KN296322v1","1110333","1110643","chr13","82677885","82678167","47","81567552"
"KN296322v1","1192596","1192897","chr13","82589331","82589636","29","81396735"
"KN296322v1","1220155","1220372","chr13","82567201","82567422","16","81347046"
"KN296322v1","1321657","1321949","chr13","82466619","82466910","15","81144962"
"KN296322v1","1359996","1360284","chr1","135644251","135644551","55","134284255"
"KN296322v1","1394996","1395301","chr7","77171848","77172144","55","75776852"
"KN296322v1","1432069","1432197","chr15","51046021","51046153","25","49613952"
"KN296322v1","1491991","1492110","chr16","4489483","4489600","16","2997492"
"KN296322v1","1660263","1660550","chr13","82119167","82119456","36","80458904"
"KN296322v1","1685486","1685610","chr13","82091683","82091809","8","80406197"
"KN296322v1","1771378","1771691","chr3","41180572","41180873","60","39409194"
"KN296322v1","1773918","1774165","chr13","82007137","82007384","26","80233219"
"KN296322v1","1777200","1777323","chr13","82004030","82004153","9","80226830"
"KN296322v1","1814730","1815016","chr13","81965699","81965983","11","80150969"
"KN296322v1","1827175","1827211","chr5","60576282","60576311","12","58749107"
"KN296322v1","1827587","1827821","chr22","4006255","4006506","67","2178668"
"KN296322v1","1849189","1849465","chr13","81933952","81934229","26","80084763"
"KN296322v1","1910178","1910455","chr13","81874812","81875091","22","79964634"
"KN296322v1","1984299","1984429","chr13","81801969","81802095","13","79817670"
"KN296322v1","2004357","2004484","chr3","45901693","45901816","19","43897336"
"KN296322v1","2052957","2053165","chr13","81723094","81723301","5","79670137"
"KN296322v1","2073800","2074132","chr13","81702901","81703214","40","79629101"
"KN296322v1","2246429","2246723","chr13","81539825","81540121","38","79293396"
"KN296322v1","2324603","2324897","chr13","81467562","81467865","33","79142959"
"KN296322v1","2477483","2477609","chr13","81319368","81319493","9","78841885"
"KN296322v1","2531940","2532245","chr13","81264242","81264547","20","78732302"
"KN296322v1","2536703","2536961","chr13","81259788","81260081","52","78723085"
"KN296322v1","2625513","2625607","chr13","81170697","81170797","14","78545184"
"KN296322v1","2643499","2643796","chr13","81152534","81152841","44","78509035"
"KN296322v1","2741010","2741295","chr13","81055948","81056221","44","78314938"
"KN296323v1","621482","621613","chr3","79913476","79913598","16","79291994"
"KN296323v1","739206","739514","chr13","96212515","96212810","71","95473309"
"KN296323v1","1152306","1152412","chr1","95156620","95156727","24","94004314"
"KN296323v1","1196776","1197079","chr18","33116828","33117133","77","31920052"
"KN296323v1","1411167","1411483","chr8","142771932","142772241","73","141360765"
"KN296323v1","1414429","1414695","chr18","2196281","2196533","80","781852"
"KN296323v1","1774859","1775122","chr3","81123638","81123904","27","79348779"
"KN296323v1","1846501","1846789","chr3","81194822","81195121","35","79348321"
"KN296323v1","2174773","2175051","chr8","100692247","100692522","71","98517474"
"KN296323v1","2316665","2316988","chr12","124947090","124947421","65","122630425"
"KN296324v1","8854","9183","chr1","203731466","203731776","54","203722612"
"KN296324v1","60476","60608","chr1","203672068","203672199","8","203611592"
"KN296324v1","90683","90937","chr1","203640447","203640700","20","203549764"
"KN296324v1","103796","104075","chr12","111730530","111730820","61","111626734"
"KN296324v1","366708","366977","chr1","203347567","203347865","44","202980859"
"KN296324v1","410719","411040","chr1","203306970","203307276","30","202896251"
"KN296324v1","440797","441002","chr22","1713759","1713955","50","1272962"
"KN296324v1","461254","461536","chr1","203255537","203255813","26","202794283"
"KN296325v1","516347","516624","chr17","76409722","76410030","55","75893375"
"KN296326v1","171035","171138","chr6","82810888","82810991","3","82639853"
"KN296334v1","143964","144247","chr6","121181165","121181430","69","121037201"
"KN296334v1","155347","155442","chr1","125745681","125745774","27","125590334"
"KN296337v1","75197","75321","chr4","16831122","16831235","16","16755925"
"KN296337v1","117302","117613","chr6","44833986","44834294","65","44716684"
"KN296337v1","351799","352093","chr4","16536617","16536912","20","16184818"
"KN296339v1","335722","335947","chr7","66314638","66314866","51","65978916"
"KN296339v1","984223","984524","chr13","41331280","41331576","25","40347057"
"KN296339v1","1053001","1053281","chr13","41401379","41401684","41","40348378"
"KN296339v1","1368803","1369095","chr5","32679940","32680230","59","31311137"
"KN296339v1","1395975","1396270","chr13","41748717","41749038","51","40352742"
"KN296339v1","1424897","1425169","chr15","75328232","75328518","61","73903335"
"KN296339v1","1425527","1425660","chr13","41790037","41790170","3","40364510"
"KN296339v1","1429039","1429341","chr12","29614525","29614816","77","28185486"
"KN296339v1","1454014","1454149","chr1","225532352","225532483","20","224078338"
"KN296339v1","1599274","1599571","chr13","41966973","41967290","44","40367699"
"KN296339v1","1745146","1745384","chr5","32754236","32754465","51","31009090"
"KN296339v1","1778165","1778496","chr4","6615194","6615493","77","4837029"
"KN296339v1","1784111","1784417","chr7","132541550","132541857","67","130757439"
"KN296339v1","1839603","1839910","chr13","42228072","42228366","28","40388469"
"KN296339v1","1861469","1861774","chr13","42250199","42250483","39","40388730"
"KN296339v1","1944184","1944317","chr13","42335192","42335325","7","40391008"
"KN296339v1","2505765","2506069","chr13","42930978","42931247","60","40425213"
"KN296339v1","2537287","2537584","chr3","5358697","5358991","49","2821410"
"KN296341v1","16621","16825","chr7","6382664","6382875","47","6366043"
"KN296342v1","372905","373171","chr2B","42448924","42449205","32","42076019"
"KN296343v1","3484","3801","chr1","16809188","16809496","78","16805704"
"KN296343v1","28310","28594","chr15","10483762","10484047","14","10455452"
"KN296343v1","89799","90072","chr16","59194613","59194894","75","59104814"
"KN296343v1","147305","147598","chr15","10602824","10603110","26","10455519"
"KN296343v1","209662","209927","chr15","10658594","10658858","19","10448932"
"KN296343v1","447014","447281","chr15","10898422","10898694","31","10451408"
"KN296345v1","26285","26406","chr9","13467852","13467973","16","13441567"
"KN296345v1","38293","38440","chr19","35410862","35411005","30","35372569"
"KN296345v1","38742","38879","chr1","76721874","76721998","21","76683132"
"KN296345v1","51233","51367","chrX","467397","467523","26","416164"
"KN296345v1","51398","51572","chr6","134372362","134372531","51","134320964"
"KN296345v1","64688","64746","chr1","76746856","76746914","3","76682168"
"KN296345v1","65476","65550","chr1","76747929","76748003","6","76682453"
"KN296345v1","70712","70836","chr12","4712795","4712919","19","4642083"
"KN296345v1","82119","82418","chr17","26582896","26583193","60","26500777"
"KN296345v1","98146","98444","chr1","76779349","76779673","48","76681203"
"KN296345v1","707164","707292","chr1","77342675","77342800","12","76635511"
"KN296347v1","27642","27781","chr9","58151445","58151587","44","58123803"
"KN296347v1","49944","50239","chr4","45611111","45611411","25","45561167"
"KN296356v1","598847","598961","chr1","207595254","207595366","18","206996407"
"KN296356v1","833065","833359","chr7","9277083","9277393","41","8444018"
"KN296356v1","900801","901039","chr9","114420677","114420929","67","113519876"
"KN296356v1","927765","928077","chr3","201159758","201160069","64","200231993"
"KN296357v1","13974","14107","chr15","4418544","4418674","38","4404570"
"KN296357v1","14403","14484","chr6","37259723","37259800","23","37245320"
"KN296357v1","14536","14629","chr6","42897287","42897383","22","42882751"
"KN296357v1","31454","31590","chr9","12101762","12101895","20","12070308"
"KN296357v1","75036","75168","chr19","48215522","48215659","14","48140486"
"KN296357v1","109805","109921","chr2A","96336151","96336265","22","96226346"
"KN296357v1","111380","111709","chr8","144322407","144322698","94","144211027"
"KN296357v1","121115","121414","chrX","133749622","133749918","51","133628507"
"KN296357v1","121738","122036","chr2A","45808642","45808943","50","45686904"
"KN296357v1","133724","133874","chr19","48166304","48166454","11","48032580"
"KN296357v1","136995","137277","chr12","117325733","117326015","48","117188738"
"KN296357v1","171684","171882","chr1","11028945","11029141","56","10857261"
"KN296357v1","207123","207253","chr19","48089137","48089267","8","47882014"
"KN296357v1","210284","210564","chr12","115638172","115638455","61","115427888"
"KN296357v1","235762","235855","chr19","48062170","48062263","10","47826408"
"KN296357v1","245851","246140","chr16","78223728","78224017","54","77977877"
"KN296357v1","285269","285423","chr1","53090312","53090467","51","52805043"
"KN296357v1","285722","285868","chr8","34828484","34828625","33","34542762"
"KN296357v1","288369","288501","chr19","48006109","48006241","9","47717740"
"KN296357v1","345141","345359","chr1","8584691","8584905","35","8239550"
"KN296357v1","415638","415768","chr19","13124620","13124748","21","12708982"
"KN296357v1","418445","418571","chr19","47874204","47874330","10","47455759"
"KN296357v1","435589","435717","chr5","58958060","58958184","25","58522471"
"KN296357v1","447362","447672","chr9","79420265","79420572","54","78972903"
"KN296357v1","452182","452453","chr12","120120097","120120360","66","119667915"
"KN296357v1","468351","468411","chr19","47825104","47825164","3","47356753"
"KN296357v1","475103","475230","chr19","47818185","47818311","14","47343082"
"KN296357v1","498448","498570","chr3","125210741","125210863","21","124712293"
"KN296357v1","505548","505681","chr8","145971126","145971256","20","145465578"
"KN296357v1","598977","599021","chr3","48148442","48148486","13","47549465"
"KN296357v1","599310","599482","chr16","31280012","31280184","33","30680702"
"KN296357v1","662636","662926","chr19","47626693","47626991","23","46964057"
"KN296357v1","668447","668750","chr19","47620840","47621142","25","46952393"
"KN296357v1","693984","694153","chr22","25556715","25556881","37","24862731"
"KN296357v1","694267","694389","chr12","122015419","122015538","16","121321152"
"KN296357v1","698528","698834","chr19","47594597","47594901","18","46896069"
"KN296357v1","731806","731931","chr19","47559794","47559919","10","46827988"
"KN296357v1","770143","770302","chr1","26626092","26626249","34","25855949"
"KN296357v1","770350","770396","chr10","116811182","116811229","11","116040832"
"KN296357v1","770866","770939","chr3","49050565","49050635","11","48279699"
"KN296357v1","776181","776457","chr3","195646190","195646445","66","194870009"
"KN296360v1","591852","591994","chr7","71382250","71382380","30","70790398"
"KN296360v1","592166","592289","chr2B","73691038","73691163","18","73098872"
"KN296360v1","816516","816740","chr22","21551393","21551614","69","20734877"
"KN296360v1","916449","916773","chr7","81697406","81697718","75","80780957"
"KN296360v1","1043492","1043756","chr2B","74083682","74083960","38","73040190"
"KN296360v1","1106989","1107304","chr2B","74163299","74163599","40","73056310"
"KN296360v1","1402288","1402572","chr2A","87429731","87430026","64","86027443"
"KN296360v1","1521191","1521329","chr3","45306982","45307120","21","43785791"
"KN296360v1","1551493","1551788","chr1","116009929","116010223","58","114458436"
"KN296360v1","1562133","1562358","chr2B","74552720","74552971","40","72990587"
"KN296360v1","1772572","1772876","chr2B","74779709","74779971","51","73007137"
"KN296360v1","1970020","1970287","chr8","131598633","131598899","57","129628613"
"KN296365v1","173284","173390","chr3","58538851","58538957","25","58365567"
"KN296365v1","342164","342453","chr21","30844674","30844972","24","30502510"
"KN296365v1","361604","361907","chr1","19513839","19514136","56","19152235"
"KN296365v1","408763","408904","chr9","103559102","103559241","23","103150339"
"KN296365v1","485248","485550","chr21","30703706","30704008","15","30218458"
"KN296365v1","528607","528881","chr21","30653765","30654040","22","30125158"
"KN296365v1","542458","542770","chrX","2100839","2101136","81","1558381"
"KN296365v1","554333","554516","chr3","57675247","57675438","52","57120914"
"KN296365v1","583597","583876","chr21","30600039","30600317","11","30016442"
"KN296365v1","593170","593466","chr12","57311360","57311657","58","56718190"
"KN296365v1","598010","598317","chr21","30587297","30587601","25","29989287"
"KN296365v1","626050","626337","chr11","344577","344837","73","281473"
"KN296365v1","650551","650817","chr21","30524018","30524264","42","29873467"
"KN296365v1","695229","695516","chr21","30501868","30502155","33","29806639"
"KN296365v1","714064","714339","chr2A","78526564","78526845","66","77812500"
"KN296365v1","720139","720452","chr15","63644215","63644513","62","62924076"
"KN296365v1","725793","725924","chrX","106665347","106665478","26","105939554"
"KN296365v1","729191","729480","chr21","30461729","30462008","26","29732538"
"KN296365v1","797667","797804","chr21","30397074","30397211","9","29599407"
"KN296365v1","841510","841638","chr20","49746874","49747004","26","48905364"
"KN296365v1","988331","988408","chr1","52235522","52235599","8","51247191"
"KN296365v1","1273156","1273423","chr7","71264458","71264719","53","69991302"
"KN296365v1","1522243","1522385","chrX","9037624","9037768","28","7515381"
"KN296365v1","1627664","1627904","chr21","29541270","29541515","22","27913606"
"KN296365v1","1928359","1928568","chrX","132916323","132916538","49","130987964"
"KN296367v1","57786","58105","chr9","97582356","97582656","87","97524570"
"KN296367v1","113881","114188","chr10","96663273","96663583","27","96549392"
"KN296367v1","421976","422305","chr10","96355674","96355965","56","95933698"
"KN296367v1","447636","447893","chr1","37043302","37043548","64","36595666"
"KN296367v1","468890","469183","chr10","96310420","96310712","30","95841530"
"KN296367v1","533263","533524","chr10","96244296","96244567","34","95711033"
"KN296367v1","553300","553426","chr8","101010523","101010645","21","100457223"
"KN296367v1","576582","576843","chr10","96201388","96201643","25","95624806"
"KN296367v1","606005","606278","chr10","96170817","96171097","24","95564812"
"KN296367v1","722175","722349","chr13","22499604","22499774","35","21777429"
"KN296367v1","722635","722769","chr20","32758604","32758734","27","32035969"
"KN296370v1","956","1156","chr7","64147926","64148127","64","64146970"
"KN296370v1","1467","1590","chr10","114146430","114146553","39","114144963"
"KN296371v1","86810","87093","chr6","33608729","33609015","17","33521919"
"KN296371v1","144051","144343","chr9","78835288","78835573","61","78691237"
"KN296371v1","169293","169542","chr6","33542785","33543022","19","33373492"
"KN296373v1","229331","229563","chr6","64689445","64689678","20","64460114"
"KN296373v1","512905","513180","chr18","4922892","4923188","74","4409987"
"KN296376v1","2002","2291","chr9","89652313","89652608","50","89650311"
"KN296376v1","30945","31077","chr2A","20210783","20210914","11","20179838"
"KN296376v1","142142","142435","chr2A","20125040","20125353","39","19982898"
"KN296376v1","162864","163146","chr2A","20101399","20101682","23","19938535"
"KN296378v1","78508","78824","chr12","112765425","112765725","33","112686917"
"KN296378v1","108445","108742","chr16","15280219","15280516","56","15171774"
"KN296378v1","144641","144942","chr12","112829880","112830190","24","112685239"
"KN296378v1","163139","163427","chr12","112847657","112847950","21","112684518"
"KN296378v1","178731","178994","chr12","112863774","112864039","22","112685043"
"KN296378v1","190993","191042","chr19","13195366","13195415","6","13004373"
"KN296378v1","192420","192764","chr7","139688684","139689022","88","139496264"
"KN296378v1","292387","292671","chr12","113001404","113001690","17","112709017"
"KN296378v1","330241","330536","chr12","113035120","113035414","20","112704879"
"KN296378v1","390064","390282","chr12","113091288","113091501","31","112701224"
"KN296378v1","392135","392350","chr12","113093346","113093561","13","112701211"
"KN296378v1","396947","396975","chr1","45111462","45111487","9","44714515"
"KN296378v1","397005","397284","chr12","113097651","113097935","17","112700646"
"KN296378v1","402663","402946","chr9","34638579","34638868","51","34235916"
"KN296378v1","453518","453832","chr12","113149623","113149952","29","112696105"
"KN296378v1","457823","458105","chr12","113153987","113154271","21","112696164"
"KN296378v1","463064","463325","chr12","113159145","113159406","19","112696081"
"KN296378v1","465489","465781","chrX","47454067","47454354","55","46988578"
"KN296378v1","512544","512584","chr2B","123323817","123323857","5","122811273"
"KN296378v1","574293","574579","chr12","113268928","113269224","25","112694635"
"KN296378v1","600683","600996","chr3","136706773","136707088","63","136106090"
"KN296378v1","611983","612112","chr1","224423984","224424115","28","223812001"
"KN296378v1","668680","668977","chr5","71011805","71012097","24","70343125"
"KN296378v1","691865","691994","chr18","18568915","18569038","23","17877050"
"KN296378v1","695935","696219","chr12","113392103","113392386","23","112696168"
"KN296378v1","745856","746165","chr12","113441570","113441880","29","112695714"
"KN296378v1","773406","773703","chr1","200049192","200049481","64","199275786"
"KN296378v1","785104","785405","chr12","113479742","113480044","23","112694638"
"KN296378v1","820920","821093","chr12","113511551","113511723","13","112690631"
"KN296378v1","845722","845851","chr4","74041374","74041503","22","73195652"
"KN296378v1","894423","894670","chr12","113580936","113581195","24","112686513"
"KN296378v1","971302","971427","chr9","96887914","96888038","22","95916612"
"KN296378v1","979340","979592","chr5","8350284","8350526","77","7370944"
"KN296378v1","994264","994443","chr14","72642461","72642637","39","71648197"
"KN296378v1","1031032","1031321","chr15","43160877","43161173","72","42129845"
"KN296378v1","1150832","1150948","chr1","180403867","180403978","30","179253035"
"KN296378v1","1159833","1160140","chr12","113864514","113864818","36","112704681"
"KN296378v1","1230183","1230470","chr12","113931979","113932270","33","112701796"
"KN296378v1","1231975","1232242","chr12","113933763","113934030","16","112701788"
"KN296378v1","1245121","1245409","chr12","113945609","113945890","23","112700488"
"KN296378v1","1254406","1254718","chr9","77311455","77311745","70","76057049"
"KN296378v1","1255525","1255836","chr9","89652313","89652608","57","88396788"
"KN296378v1","1390853","1391127","chrX","4796706","4796976","68","3405853"
"KN296380v1","172447","172759","chr8","107255092","107255395","41","107082645"
"KN296380v1","271384","271674","chr8","107148822","107149111","16","106877438"
"KN296381v1","7345","7502","chr19","35335428","35335585","5","35328083"
"KN296381v1","7808","7942","chr19","35335888","35336023","6","35328080"
"KN296381v1","8396","8686","chr19","35336473","35336765","17","35328077"
"KN296381v1","10186","10482","chr19","35338291","35338584","32","35328105"
"KN296381v1","21969","22276","chr12","110010286","110010585","65","109988317"
"KN296381v1","30641","30953","chr7","79558635","79558945","73","79527994"
"KN296381v1","31310","31433","chr8","73320878","73321001","15","73289568"
"KN296381v1","63137","63425","chr18","55324905","55325184","52","55261768"
"KN296381v1","64733","65047","chr2B","83263262","83263587","69","83198529"
"KN296381v1","74503","74774","chrX","71334969","71335230","63","71260466"
"KN296381v1","101333","101621","chr11","13758608","13758895","61","13657275"
"KN296381v1","102155","102466","chr19","35427513","35427803","31","35325358"
"KN296381v1","116234","116499","chr10","34291925","34292201","67","34175691"
"KN296381v1","147690","147986","chr19","35469291","35469586","22","35321601"
"KN296381v1","157507","157625","chr19","35479349","35479467","12","35321842"
"KN296381v1","160951","161229","chr13","23818472","23818751","75","23657521"
"KN296381v1","172143","172276","chr19","35493141","35493277","12","35320998"
"KN296381v1","176637","176939","chr1","141485711","141486019","66","141309074"
"KN296381v1","214809","215106","chr19","35533814","35534111","22","35319005"
"KN296381v1","216695","216945","chr19","35535385","35535640","20","35318690"
"KN296381v1","265351","265602","chr19","35583585","35583855","37","35318234"
"KN296381v1","285783","285885","chr19","35610102","35610204","5","35324319"
"KN296381v1","286894","287020","chr3","5136828","5136950","25","4849934"
"KN296381v1","322044","322356","chr16","76636505","76636809","75","76314461"
"KN296381v1","327711","327932","chr5","34352937","34353136","56","34025226"
"KN296381v1","328246","328352","chr12","76325321","76325426","25","75997075"
"KN296381v1","339126","339442","chr19","35657486","35657803","34","35318360"
"KN296381v1","341529","341665","chr4","109853636","109853766","27","109512107"
"KN296381v1","352371","352542","chr19","43501824","43502000","29","43149453"
"KN296381v1","353182","353465","chr19","35676531","35676813","23","35323349"
"KN296381v1","361588","361861","chr19","35684062","35684348","26","35322474"
"KN296381v1","378103","378252","chr7","45472658","45472798","32","45094555"
"KN296381v1","378568","378627","chr12","121984606","121984660","12","121606038"
"KN296381v1","408144","408444","chr19","35734171","35734461","35","35326027"
"KN296381v1","410428","410656","chr19","35737773","35737988","38","35327345"
"KN296381v1","462351","462484","chr20","34847196","34847339","25","34384845"
"KN296381v1","462789","462951","chr19","38731330","38731491","31","38268541"
"KN296381v1","486527","486821","chr3","189547726","189548007","69","189061199"
"KN296381v1","502904","503064","chr16","79171534","79171695","29","78668630"
"KN296381v1","512389","512514","chr19","35856721","35856846","12","35344332"
"KN296381v1","531676","531842","chr6","110679659","110679829","39","110147983"
"KN296381v1","547933","548224","chr2B","109134915","109135207","60","108586982"
"KN296381v1","589194","589486","chr10","34470961","34471244","84","33881767"
"KN296381v1","590560","590713","chr19","35931319","35931472","17","35340759"
"KN296383v1","52683","52988","chr2A","44318565","44318874","67","44265882"
"KN296383v1","195411","195606","chr16","4302707","4302892","53","4107296"
"KN296383v1","195902","196030","chr5","115097619","115097748","40","114901717"
"KN296383v1","263427","263675","chr5","141674691","141674928","71","141411264"
"KN296383v1","289284","289333","chr1","8826867","8826913","9","8537583"
"KN296386v1","64732","64863","chr10","142418117","142418238","25","142353385"
"KN296386v1","72863","73119","chr3","100922766","100923034","34","100849903"
"KN296386v1","335425","335492","chr22","27547789","27547855","15","27212364"
"KN296386v1","335520","335679","chr1","227496220","227496362","51","227160700"
"KN296386v1","374039","374171","chr10","111817533","111817656","34","111443494"
"KN296386v1","565867","566155","chr3","101351066","101351356","24","100785199"
"KN296386v1","668373","668649","chr3","101451701","101451967","33","100783328"
"KN296386v1","733959","734263","chr16","78223728","78224017","69","77489769"
"KN296386v1","737341","737635","chr3","101519548","101519839","21","100782207"
"KN296386v1","778786","779049","chr3","101561056","101561322","24","100782270"
"KN296386v1","835474","835754","chr2B","117528781","117529069","61","116693307"
"KN296387v1","87118","87426","chr19","20779927","20780226","65","20692809"
"KN296387v1","345992","346125","chr16","64267195","64267323","36","63921203"
"KN296387v1","352991","353264","chr17","54624850","54625136","72","54271859"
"KN296387v1","411192","411323","chr16","64267195","64267323","34","63856003"
"KN296390v1","18653","18832","chr12","123328573","123328758","62","123309920"
"KN296390v1","49122","49347","chr3","7892115","7892354","56","7842993"
"KN296390v1","72980","73314","chr16","37302291","37302590","99","37229311"
"KN296390v1","78320","78623","chr1","208199067","208199368","20","208120747"
"KN296390v1","106442","106559","chr5","111864332","111864437","30","111757890"
"KN296390v1","106623","106737","chr3","48154402","48154516","22","48047779"
"KN296390v1","182374","182637","chr10","38960388","38960650","62","38778014"
"KN296390v1","267594","267907","chr1","208016761","208017066","25","207749167"
"KN296392v1","64072","64363","chr8","44442846","44443129","66","44378774"
"KN296393v1","229428","229730","chr13","47579610","47579914","35","47350182"
"KN296394v1","66340","66632","chr4","165598931","165599220","70","165532591"
"KN296394v1","98818","99140","chr5","61296978","61297290","35","61198160"
"KN296394v1","145604","145887","chr5","61251173","61251458","34","61105569"
"KN296394v1","189943","190200","chr1","93056402","93056648","61","92866459"
"KN296394v1","250334","250632","chr1","202666052","202666349","57","202415718"
"KN296398v1","20347","20642","chr1","76679225","76679522","22","76658878"
"KN296402v1","64798","64913","chr13","809211","809318","13","744413"
"KN296402v1","282368","282529","chr10","49537009","49537154","49","49254641"
"KN296402v1","383026","383149","chr22","743504","743627","4","360478"
"KN296402v1","465399","465606","chr12","37403060","37403274","42","36937661"
"KN296402v1","485233","485504","chr22","822234","822508","22","337001"
"KN296402v1","486856","486980","chr22","824764","824894","11","337908"
"KN296402v1","487373","487495","chr1","182447721","182447839","22","181960348"
"KN296402v1","497012","497143","chr22","834146","834277","10","337134"
"KN296402v1","499185","499342","chr22","836323","836482","14","337138"
"KN296402v1","499648","499774","chr22","836785","836921","19","337137"
"KN296402v1","508701","509015","chr22","845322","845632","28","336621"
"KN296402v1","528948","529256","chr22","1709192","1709498","59","1180244"
"KN296402v1","529841","530144","chr22","866073","866365","42","336232"
"KN296402v1","532300","532605","chr6","33717387","33717693","54","33185087"
"KN296402v1","544593","544736","chr12","132173188","132173327","39","131628595"
"KN296402v1","545002","545139","chr1","40706193","40706325","30","40161191"
"KN296402v1","609106","609250","chr2B","2808621","2808756","36","2199515"
"KN296402v1","642001","642134","chr5","54799358","54799491","29","54157357"
"KN296402v1","654644","654947","chr1","125529178","125529481","69","124874534"
"KN296402v1","655761","656062","chr22","981008","981321","38","325247"
"KN296403v1","198376","198675","chr4","26361424","26361733","35","26163048"
"KN296403v1","222908","223169","chr9","115137244","115137515","73","114914336"
"KN296403v1","326662","326973","chr4","26493016","26493310","46","26166354"
"KN296403v1","387787","387913","chr3","48400790","48400914","22","48013003"
"KN296403v1","432522","432622","chr12","54635699","54635798","21","54203177"
"KN296403v1","511532","511839","chr3","42919033","42919335","54","42407501"
"KN296403v1","533608","533730","chr4","26702917","26703039","6","26169309"
"KN296403v1","608911","609053","chr3","34130996","34131131","38","33522085"
"KN296403v1","689533","689832","chr4","26865763","26866048","31","26176230"
"KN296403v1","811235","811520","chr2B","7991419","7991707","64","7180184"
"KN296404v1","315557","315693","chr1","160796186","160796320","13","160480629"
"KN296404v1","407769","408058","chr1","160893754","160894040","23","160485985"
"KN296404v1","515814","515936","chr6","30972658","30972778","15","30456844"
"KN296404v1","536414","536695","chr1","161017798","161018077","28","160481384"
"KN296404v1","870952","871250","chr1","161332826","161333101","35","160461874"
"KN296404v1","945436","945730","chr1","161408886","161409178","19","160463450"
"KN296404v1","955385","955673","chr1","161418745","161419025","27","160463360"
"KN296404v1","1030713","1030887","chr1","161482333","161482507","6","160451620"
"KN296404v1","1087367","1087648","chr18","55324905","55325184","55","54237538"
"KN296404v1","1094621","1094907","chr1","161549270","161549540","30","160454649"
"KN296404v1","1128293","1128432","chr1","161581615","161581755","9","160453322"
"KN296404v1","1235932","1236236","chr17","26582896","26583193","61","25346964"
"KN296404v1","1240081","1240207","chr1","161678825","161678951","5","160438744"
"KN296404v1","1271317","1271610","chr1","161714179","161714472","25","160442862"
"KN296404v1","1281545","1281667","chr4","21805457","21805579","27","20523912"
"KN296404v1","1539466","1539757","chr7","7717621","7717893","80","6178155"
"KN296404v1","1595040","1595326","chr1","162041127","162041407","25","160446087"
"KN296404v1","1697272","1697528","chr21","25393864","25394134","55","23696592"
"KN296404v1","1774214","1774336","chr1","162222110","162222230","7","160447896"
"KN296404v1","1898713","1898998","chr1","162353801","162354081","35","160455088"
"KN296404v1","1998625","1998907","chr1","162461371","162461681","50","160462746"
"KN296404v1","2055242","2055574","chr2B","127758937","127759250","79","125703695"
"KN296404v1","2107073","2107368","chr8","101558059","101558345","66","99450986"
"KN296404v1","2164776","2165014","chr5","134720159","134720409","60","132555383"
"KN296404v1","2199273","2199410","chr12","114728774","114728907","21","112529501"
"KN296404v1","2266402","2266733","chr5","110411819","110412141","66","108145417"
"KN296404v1","2389726","2389851","chr3","48400790","48400914","21","46011064"
"KN296404v1","2444589","2444710","chr3","155543949","155544071","22","153099360"
"KN296404v1","2453274","2453568","chr7","65934191","65934478","59","63480917"
"KN296404v1","2623037","2623339","chr1","163083995","163084292","26","160460958"
"KN296404v1","2646909","2647181","chr1","163107424","163107688","32","160460515"
"KN296404v1","2694616","2694679","chr1","163155068","163155131","2","160460452"
"KN296404v1","2731816","2731960","chr1","21359432","21359582","36","18627616"
"KN296404v1","2731994","2732121","chr1","133284934","133285059","26","130552940"
"KN296404v1","2982311","2982622","chr10","65163569","65163884","53","62181258"
"KN296404v1","3067882","3068015","chr6","4583207","4583339","20","1515325"
"KN296404v1","3068025","3068298","chr6","124832942","124833222","75","121764917"
"KN296404v1","3130259","3130572","chr1","163596864","163597160","37","160466605"
"KN296404v1","3150106","3150230","chr1","163617674","163617798","11","160467568"
"KN296404v1","3162323","3162418","chr6","92015028","92015122","10","88852705"
"KN296404v1","3165862","3166051","chr10","92468254","92468446","31","89302392"
"KN296404v1","3166346","3166464","chr3","57622160","57622275","35","54455814"
"KN296404v1","3206239","3206451","chr1","163671250","163671463","10","160465011"
"KN296404v1","3207815","3208077","chr1","163672782","163673065","45","160464967"
"KN296404v1","3218666","3218957","chr1","163683948","163684238","23","160465282"
"KN296404v1","3357300","3357441","chr1","163816576","163816716","8","160459276"
"KN296404v1","3599553","3599834","chr1","164052938","164053214","19","160453385"
"KN296404v1","3691585","3691717","chr1","164165050","164165182","7","160473465"
"KN296404v1","3712869","3713192","chr1","164185627","164185940","34","160472758"
"KN296404v1","3818876","3818960","chr1","88108064","88108141","17","84289188"
"KN296404v1","3844087","3844208","chr1","164316515","164316637","13","160472428"
"KN296404v1","3932017","3932153","chr1","36304016","36304150","19","32371999"
"KN296406v1","51657","51792","chrX","41727955","41728082","12","41676298"
"KN296406v1","52637","52875","chrX","41728934","41729173","5","41676297"
"KN296406v1","60691","60992","chrX","41736084","41736396","35","41675393"
"KN296406v1","61395","61496","chrX","41737109","41737210","7","41675714"
"KN296406v1","61836","61874","chrX","41737550","41737588","0","41675714"
"KN296406v1","87550","87852","chrX","41769842","41770140","20","41682292"
"KN296406v1","109342","109468","chrX","41798816","41798935","14","41689474"
"KN296406v1","111216","111523","chrX","41800343","41800661","22","41689127"
"KN296406v1","142731","142945","chrX","41832139","41832353","12","41689408"
"KN296406v1","188129","188284","chr1","26626092","26626249","32","26437963"
"KN296406v1","188633","188763","chr2B","62276239","62276373","26","62087606"
"KN296406v1","220483","220777","chrX","41899430","41899718","17","41678947"
"KN296406v1","292091","292344","chrX","41996956","41997218","16","41704865"
"KN296406v1","327253","327418","chrX","42031576","42031713","44","41704323"
"KN296406v1","327720","327854","chrX","42032012","42032146","13","41704292"
"KN296406v1","361274","361582","chrX","42070835","42071132","21","41709561"
"KN296406v1","371103","371240","chr5","34604244","34604378","18","34233141"
"KN296406v1","371241","371549","chr1","15410513","15410817","61","15039272"
"KN296406v1","385305","385565","chrX","42095124","42095386","51","41709819"
"KN296406v1","386682","386984","chrX","42096500","42096797","24","41709818"
"KN296406v1","402940","403126","chr18","56455814","56456000","44","56052874"
"KN296406v1","403410","403547","chr8","9732985","9733123","22","9329575"
"KN296406v1","503505","503642","chrX","42216544","42216679","10","41713039"
"KN296406v1","523924","524213","chrX","42241514","42241826","35","41717590"
"KN296406v1","541733","541863","chrX","42259116","42259245","8","41717383"
"KN296406v1","542594","542899","chrX","42260094","42260393","27","41717500"
"KN296408v1","6781","6959","chr6","15668380","15668552","35","15661599"
"KN296417v1","30528","30618","chr11","71250626","71250709","17","71220098"
"KN296417v1","36026","36136","chr16","1914707","1914812","29","1878681"
"KN296418v1","70941","71152","chr12","21517824","21518035","46","21446883"
"KN296418v1","80429","80726","chr10","109962567","109962860","62","109882138"
"KN296418v1","151682","151785","chrX","89959743","89959844","7","89808061"
"KN296418v1","257333","257520","chrX","89852387","89852556","34","89595054"
"KN296422v1","200834","201136","chr14","76552911","76553207","55","76352077"
"KN296424v1","4110","4313","chr14","86100772","86100981","52","86096662"
"KN296424v1","4795","4927","chr22","4353182","4353315","11","4348387"
"KN296424v1","105298","105595","chr22","14265474","14265761","60","14160176"
"KN296424v1","117805","118126","chr1","28282658","28282974","71","28164853"
"KN296424v1","159736","159976","chr7","68015899","68016135","61","67856163"
"KN296424v1","182380","182437","chr4","124677606","124677663","8","124495226"
"KN296424v1","186097","186224","chr22","825196","825324","34","639099"
"KN296424v1","291727","291901","chr5","50361968","50362144","32","50070241"
"KN296424v1","308442","308558","chr22","4033418","4033531","11","3724976"
"KN296424v1","308856","309025","chr1","181859314","181859479","37","181550458"
"KN296424v1","311941","312140","chr1","152774005","152774196","56","152462064"
"KN296424v1","312429","312597","chr1","26457448","26457621","35","26145019"
"KN296424v1","342926","343050","chr22","3973504","3973630","13","3630578"
"KN296424v1","393608","393736","chr21","37715663","37715791","19","37322055"
"KN296424v1","433152","433437","chr22","3886148","3886430","31","3452996"
"KN296424v1","448597","448871","chr22","3869144","3869420","15","3420547"
"KN296424v1","509898","510182","chr8","10205249","10205534","64","9695351"
"KN296424v1","533951","534226","chr22","4116471","4116763","38","3582520"
"KN296424v1","574226","574514","chr9","82551103","82551396","50","81976877"
"KN296424v1","581879","582053","chr11","95039274","95039442","41","94457395"
"KN296426v1","110004","110299","chr4","76134359","76134646","37","76024355"
"KN296426v1","468075","468373","chr4","75756014","75756308","32","75287939"
"KN296426v1","790424","790715","chr4","75442919","75443210","16","74652495"
"KN296426v1","799459","799749","chr2B","44188347","44188655","71","43388888"
"KN296426v1","839336","839619","chr4","75388068","75388355","27","74548732"
"KN296426v1","858507","858641","chr4","75369319","75369453","3","74510812"
"KN296426v1","912732","912853","chr4","75308675","75308796","6","74395943"
"KN296430v1","82314","82444","chr1","12132025","12132155","16","12049711"
"KN296430v1","91979","92103","chr19","42989006","42989131","18","42897027"
"KN296430v1","95083","95393","chr15","18950796","18951106","32","18855713"
"KN296430v1","166093","166218","chr7","152360352","152360478","22","152194259"
"KN296430v1","177634","177777","chr3","48082348","48082480","24","47904714"
"KN296430v1","178084","178138","chr5","35866627","35866679","15","35688543"
"KN296430v1","189969","190322","chr19","18770160","18770495","73","18580191"
"KN296430v1","197889","198181","chr15","19052146","19052438","25","18854257"
"KN296430v1","203770","203990","chr6","18336262","18336483","55","18132492"
"KN296430v1","275161","275485","chrX","134492955","134493268","88","134217794"
"KN296430v1","326274","326406","chr15","19190144","19190275","12","18863870"
"KN296430v1","338048","338300","chr3","127040076","127040332","54","126702028"
"KN296430v1","387117","387347","chr12","52296021","52296246","42","51908904"
"KN296430v1","417329","417625","chr15","19275210","19275512","28","18857881"
"KN296430v1","473611","473738","chr15","19341411","19341538","5","18867800"
"KN296430v1","477937","478223","chr17","42210627","42210913","58","41732690"
"KN296430v1","478725","478849","chr15","19346289","19346413","6","18867564"
"KN296430v1","480844","480957","chr15","19348430","19348561","26","18867586"
"KN296430v1","519106","519407","chr6","42868864","42869169","68","42349758"
"KN296430v1","527043","527216","chr5","19798992","19799166","37","19271949"
"KN296430v1","532187","532318","chr15","19392814","19392944","6","18860627"
"KN296430v1","573816","574107","chr15","19438770","19439060","20","18864954"
"KN296430v1","578500","578632","chr15","19443420","19443552","15","18864920"
"KN296430v1","613234","613560","chr15","19475696","19476014","32","18862462"
"KN296430v1","697151","697454","chr15","19563679","19563995","36","18866528"
"KN296430v1","773000","773108","chr1","11788343","11788449","26","11015343"
"KN296430v1","792647","792919","chr15","19622603","19622910","54","18829956"
"KN296430v1","794229","794512","chr16","59374272","59374558","63","58580043"
"KN296430v1","804318","804472","chr15","19638987","19639151","20","18834669"
"KN296430v1","897888","898157","chr15","19734951","19735205","28","18837063"
"KN296430v1","904349","904642","chr15","19741410","19741718","29","18837061"
"KN296430v1","949618","949859","chr15","19791018","19791235","45","18841400"
"KN296430v1","1101111","1101380","chr10","116707450","116707728","54","115606339"
"KN296435v1","131002","131313","chr20","23733330","23733631","26","23602328"
"KN296435v1","29182","29491","chr20","23807196","23807512","49","23778014"
"KN296435v1","511662","511955","chr12","95077434","95077721","67","94565772"
"KN296435v1","1043876","1044157","chr20","22815346","22815627","17","21771470"
"KN296435v1","1057774","1057902","chr16","40417747","40417875","22","39359973"
"KN296435v1","1207146","1207283","chr13","6846093","6846225","24","5638947"
"KN296435v1","1641179","1641471","chr20","22220976","22221274","29","20579797"
"KN296435v1","1714819","1715135","chr20","22128297","22128607","26","20413478"
"KN296435v1","1742399","1742708","chr19","13730320","13730627","61","11987921"
"KN296435v1","1863737","1864038","chr2A","73665192","73665502","52","71801455"
"KN296435v1","1920066","1920346","chr20","21942762","21943042","12","20022696"
"KN296435v1","1953944","1954269","chr1","118984423","118984731","75","117030479"
"KN296435v1","2029925","2030190","chr20","21831733","21831999","21","19801808"
"KN296435v1","2040913","2041225","chr20","21821068","21821378","24","19780155"
"KN296435v1","2279943","2280205","chr7","103782045","103782309","83","101502102"
"KN296435v1","2438419","2438693","chr1","172245930","172246202","71","169807511"
"KN296435v1","2517819","2518119","chr20","21349249","21349554","37","18831430"
"KN296435v1","2723405","2723714","chr21","23303359","23303655","57","20579954"
"KN296435v1","2726420","2726597","chr16","6390133","6390310","29","3663713"
"KN296435v1","2733923","2734225","chr20","21134841","21135165","40","18400918"
"KN296435v1","2796977","2797107","chr4","26322324","26322457","18","23525347"
"KN296435v1","2800377","2800665","chr15","64104243","64104545","60","61303866"
"KN296435v1","2829768","2829893","chr2A","79593216","79593344","25","76763448"
"KN296435v1","2865831","2866130","chr20","21000752","21001045","26","18134921"
"KN296435v1","2878092","2878369","chr20","20987145","20987387","47","18109053"
"KN296435v1","2878864","2878989","chr20","20986493","20986622","9","18107629"
"KN296435v1","2923960","2924247","chr20","20940819","20941091","35","18016859"
"KN296435v1","3039851","3040024","chr2B","105529385","105529561","39","102489534"
"KN296435v1","3217879","3218184","chr12","110010286","110010585","51","106792407"
"KN296435v1","3388073","3388208","chr13","1810927","1811060","17","1577146"
"KN296435v1","3569570","3569857","chr20","20269187","20269483","27","16699617"
"KN296442v1","11949","12232","chr2B","28596857","28597135","54","28584908"
"KN296442v1","15329","15550","chr9","76802368","76802591","44","76787039"
"KN296442v1","72773","73076","chr8","51086094","51086396","61","51013321"
"KN296442v1","90745","91051","chr2A","44918946","44919257","18","44828201"
"KN296442v1","151578","151871","chr2A","44858620","44858910","52","44707042"
"KN296442v1","164309","164579","chr9","17122664","17122938","62","16958355"
"KN296442v1","200991","201281","chr2A","44811486","44811762","20","44610495"
"KN296442v1","220189","220502","chr2A","44792078","44792397","30","44571889"
"KN296442v1","243962","244238","chr2A","44771017","44771300","21","44527055"
"KN296442v1","255267","255555","chr2A","44761184","44761458","27","44505917"
"KN296442v1","383596","383887","chr22","4333845","4334133","53","3950249"
"KN296442v1","430497","430795","chr1","39874990","39875282","54","39444493"
"KN296442v1","441296","441423","chr2A","44590253","44590378","8","44148957"
"KN296442v1","446850","447138","chr2A","44585190","44585485","28","44138340"
"KN296442v1","529054","529301","chr22","3087350","3087601","70","2558296"
"KN296442v1","555284","555572","chr6","34928415","34928705","50","34373131"
"KN296442v1","577986","578240","chr2A","44476436","44476680","19","43898450"
"KN296442v1","596921","597228","chr2A","44465596","44465891","27","43868675"
"KN296442v1","746137","746255","chr9","114854634","114854737","24","114108497"
"KN296442v1","910920","911214","chr2A","44166698","44166990","17","43255778"
"KN296442v1","912221","912539","chr2A","44165414","44165718","39","43253193"
"KN296442v1","1031383","1031675","chr2A","44041482","44041778","24","43010099"
"KN296442v1","1087753","1087867","chr9","12393723","12393840","19","11305970"
"KN296446v1","1271","1592","chr1","40217728","40218027","85","40216457"
"KN296446v1","3875","3983","chr3","190181751","190181860","18","190177876"
"KN296446v1","4291","4464","chr10","34680779","34680953","49","34676488"
"KN296446v1","6907","6964","chr4","167937515","167937578","15","167930608"
"KN296448v1","264268","264574","chr7","2899806","2900116","61","2635538"
"KN296453v1","93433","93672","chr15","1361979","1362212","52","1268546"
"KN296453v1","199395","199711","chr8","62826900","62827213","18","62627505"
"KN296453v1","391994","392289","chr19","46793729","46794022","69","46401735"
"KN296453v1","411199","411321","chr8","63040909","63041027","9","62629710"
"KN296453v1","526252","526371","chr8","63164071","63164190","11","62637819"
"KN296453v1","537906","538183","chr8","63172679","63172947","29","62634773"
"KN296453v1","576829","577045","chr8","63215921","63216152","26","62639092"
"KN296453v1","621107","621415","chr13","6336210","6336518","70","5715103"
"KN296453v1","658399","658697","chr8","63301332","63301622","28","62642933"
"KN296453v1","677124","677428","chr8","63319549","63319843","26","62642425"
"KN296453v1","814756","815020","chr8","63463250","63463514","19","62648494"
"KN296453v1","991388","991711","chr8","63640290","63640605","29","62648902"
"KN296453v1","1115885","1115968","chr8","63756990","63757074","6","62641105"
"KN296453v1","1224738","1225043","chr8","63875857","63876162","32","62651119"
"KN296453v1","1235114","1235422","chr8","63886433","63886741","30","62651319"
"KN296453v1","1279917","1280037","chr8","63932657","63932789","15","62652740"
"KN296453v1","1296646","1296939","chr8","63943444","63943746","30","62646798"
"KN296453v1","1336469","1336744","chr2B","28596857","28597135","63","27260388"
"KN296453v1","1365047","1365353","chr8","64010869","64011195","48","62645822"
"KN296453v1","1649461","1649560","chr8","64308751","64308847","4","62659290"
"KN296453v1","1787573","1787874","chr8","64442910","64443217","31","62655337"
"KN296453v1","1866673","1866730","chr8","64523713","64523770","6","62657040"
"KN296454v1","334073","334341","chr17","53657212","53657490","55","53323139"
"KN296455v1","314700","315009","chr9","79420265","79420572","65","79105565"
"KN296455v1","356434","356719","chr5","105372614","105372901","24","105016180"
"KN296455v1","356763","356774","chr8","101073529","101073540","1","100716766"
"KN296455v1","552627","552956","chr6","32169761","32170066","77","31617134"
"KN296458v1","6289","6446","chr2A","20917608","20917757","32","20911319"
"KN296458v1","6451","6734","chr4","76294557","76294841","68","76288106"
"KN296460v1","28563","28873","chr8","77569378","77569682","77","77540815"
"KN296460v1","162461","162758","chr16","78223728","78224017","58","78061267"
"KN296460v1","183989","184286","chr16","31126170","31126473","52","30942181"
"KN296460v1","301525","301804","chr12","115638172","115638455","61","115336647"
"KN296460v1","321757","322034","chr7","148851263","148851538","19","148529506"
"KN296460v1","352944","353236","chr7","148821129","148821414","30","148468185"
"KN296460v1","386178","386311","chr7","148788206","148788339","8","148402028"
"KN296460v1","386598","386769","chr7","148787406","148787592","32","148400808"
"KN296460v1","466953","467048","chr15","61725084","61725187","24","61258131"
"KN296460v1","482184","482511","chr7","148695448","148695742","58","148213264"
"KN296460v1","500924","501139","chr7","148680775","148680963","39","148179851"
"KN296460v1","636746","636875","chr7","148554282","148554413","18","147917536"
"KN296460v1","675656","675788","chr3","191176487","191176616","28","190500831"
"KN296460v1","762390","762547","chr3","199878997","199879149","26","199116607"
"KN296460v1","840271","840370","chr7","148368464","148368562","6","147528193"
"KN296460v1","947801","947968","chr6","45321329","45321498","29","44373528"
"KN296460v1","948273","948395","chr1","10319224","10319340","27","9370951"
"KN296460v1","953787","954097","chr7","148257627","148257933","31","147303840"
"KN296460v1","985988","986117","chr7","148208827","148208966","12","147222839"
"KN296460v1","1005954","1006072","chr8","146578638","146578755","13","145572684"
"KN296460v1","1006139","1006273","chr19","10218811","10218938","31","9212672"
"KN296460v1","1080636","1080938","chr7","148122134","148122436","21","147041498"
"KN296460v1","1112353","1112639","chr7","148088185","148088470","14","146975832"
"KN296460v1","1391247","1391557","chr2A","25383786","25384089","79","23992539"
"KN296460v1","1479578","1479888","chr7","147721692","147721999","33","146242114"
"KN296460v1","1560867","1560934","chr7","147637940","147638007","1","146077073"
"KN296460v1","1610470","1610772","chr7","147589357","147589657","24","145978887"
"KN296464v1","14991","15115","chr2A","45791414","45791537","22","45776423"
"KN296464v1","140432","140728","chrX","47312674","47312967","74","47172242"
"KN296464v1","173301","173439","chr1","31225514","31225651","21","31052213"
"KN296464v1","174551","174856","chr16","29946402","29946703","76","29771851"
"KN296464v1","176292","176555","chr3","12799805","12800071","72","12623513"
"KN296464v1","184565","184742","chr10","144377704","144377883","56","144193139"
"KN296464v1","321638","321922","chr1","91926605","91926891","68","91604967"
"KN296464v1","397028","397321","chr19","19522017","19522305","54","19124989"
"KN296466v1","58665","58918","chrX","154760487","154760740","13","154701822"
"KN296466v1","76169","76459","chrX","154778157","154778441","34","154701988"
"KN296466v1","80842","80975","chr1","40706193","40706325","18","40625351"
"KN296466v1","97835","97971","chrX","154797499","154797622","18","154699664"
"KN296466v1","99667","99758","chr16","13128652","13128747","20","13028985"
"KN296466v1","128765","129009","chr16","65829510","65829760","62","65700745"
"KN296466v1","176204","176316","chr16","27315619","27315722","22","27139415"
"KN296467v1","3596","3870","chr19","39502394","39502671","62","39498798"
"KN296467v1","9348","9527","chr13","27870537","27870715","14","27861189"
"KN296467v1","37772","38073","chr13","1783799","1784100","57","1746027"
"KN296467v1","73738","73991","chr13","27805029","27805304","39","27731291"
"KN296468v1","42223","42350","chrX","103002094","103002221","5","102959871"
"KN296474v1","325262","325577","chr1","106523346","106523643","46","106198084"
"KN296474v1","514223","514551","chr12","112082442","112082765","80","111568219"
"KN296475v1","74698","74925","chrX","30141942","30142194","36","30067244"
"KN296478v1","190686","190822","chr16","41994667","41994797","28","41803981"
"KN296478v1","419963","420251","chr4","19021004","19021302","89","18601041"
"KN296478v1","446245","446568","chr3","125329164","125329471","75","124882919"
"KN296478v1","584343","584494","chr5","3081642","3081784","43","2497299"
"KN296478v1","584525","584648","chr6","157473716","157473838","27","156889191"
"KN296478v1","598706","599011","chr9","89652313","89652608","66","89053607"
"KN296481v1","15049","15121","chr12","108684002","108684073","9","108668953"
"KN296481v1","27541","27668","chr4","72040044","72040168","15","72012503"
"KN296481v1","27708","27836","chr19","18667898","18668024","44","18640190"
"KN296481v1","158718","158925","chrX","16540329","16540536","18","16381611"
"KN296481v1","169915","170042","chrX","16552317","16552444","7","16382402"
"KN296481v1","170669","170851","chr1","26457448","26457621","37","26286779"
"KN296481v1","171160","171292","chr6","36482336","36482462","28","36311176"
"KN296481v1","172781","173054","chrX","16554883","16555162","21","16382102"
"KN296481v1","181625","181912","chrX","16564414","16564709","26","16382789"
"KN296481v1","192795","192963","chr5","1288832","1288999","29","1096037"
"KN296481v1","193270","193406","chr7","2562020","2562157","32","2368750"
"KN296481v1","217523","217653","chrX","16601704","16601834","8","16384181"
"KN296481v1","230647","230918","chrX","16613527","16613804","18","16382880"
"KN296481v1","286349","286664","chrX","16670290","16670584","42","16383941"
"KN296481v1","291361","291652","chrX","16675229","16675525","19","16383868"
"KN296481v1","293239","293527","chrX","16676905","16677200","29","16383666"
"KN296481v1","324935","325017","chrX","16713887","16713967","6","16388952"
"KN296481v1","351232","351514","chr1","46044270","46044559","61","45693038"
"KN296481v1","352427","352555","chr9","120386725","120386852","25","120034298"
"KN296481v1","369908","370150","chrX","16741563","16741850","64","16371655"
"KN296481v1","393632","393925","chrX","16763551","16763840","22","16369919"
"KN296481v1","400145","400425","chrX","16765370","16765651","18","16365225"
"KN296481v1","431687","431971","chrX","16797749","16798024","29","16366062"
"KN296481v1","445979","446293","chr6","157423258","157423565","72","156977279"
"KN296481v1","513066","513355","chrX","16904825","16905124","32","16391759"
"KN296481v1","513780","514085","chrX","16904087","16904388","20","16390307"
"KN296482v1","15598","15831","chr17","39033519","39033754","65","39017921"
"KN296482v1","230834","231119","chr11","22202162","22202468","35","21971328"
"KN296484v1","1787","2079","chr19","35324124","35324445","47","35322337"
"KN296484v1","13305","13461","chr13","10497142","10497299","35","10483837"
"KN296484v1","14768","15040","chr19","35311990","35312256","22","35297222"
"KN296484v1","22250","22390","chr15","46889261","46889398","24","46867011"
"KN296484v1","27491","27602","chr2B","98920039","98920147","19","98892548"
"KN296484v1","40513","40659","chr1","202843838","202843984","29","202803325"
"KN296484v1","53335","53611","chr19","35270197","35270463","23","35216862"
"KN296484v1","55770","56071","chr19","35267742","35268020","56","35211972"
"KN296484v1","56072","56358","chr19","35267742","35268020","29","35211670"
"KN296484v1","58842","59031","chr19","35265595","35265784","11","35206753"
"KN296484v1","59314","59448","chr19","35265177","35265311","10","35205863"
"KN296484v1","68687","68805","chr19","35255898","35256017","10","35187211"
"KN296484v1","97119","97414","chr19","35228439","35228737","11","35131320"
"KN296484v1","145774","146075","chr20","43849041","43849343","62","43703267"
"KN296484v1","147473","147709","chr9","54202817","54203054","47","54055344"
"KN296484v1","148247","148557","chr19","35174805","35175115","12","35026558"
"KN296484v1","153358","153646","chr19","35171609","35171897","22","35018251"
"KN296484v1","162272","162428","chr19","35161804","35161936","32","34999532"
"KN296484v1","213928","214219","chr12","97224866","97225161","50","97010938"
"KN296484v1","224551","224574","chr1","133139314","133139330","7","132914763"
"KN296484v1","224618","224789","chr4","2407694","2407860","36","2183076"
"KN296484v1","225079","225176","chr19","35117490","35117587","2","34892411"
"KN296484v1","276638","276931","chr19","35059149","35059431","32","34782511"
"KN296484v1","284883","285194","chr19","35050873","35051168","38","34765990"
"KN296484v1","320973","321295","chr1","152918162","152918482","79","152597189"
"KN296484v1","324146","324275","chr19","35007423","35007552","11","34683277"
"KN296484v1","343761","344062","chr19","34988725","34989008","42","34644964"
"KN296484v1","354364","354554","chr19","34978116","34978305","13","34623752"
"KN296484v1","354851","354980","chr19","34977688","34977819","12","34622837"
"KN296484v1","355836","356146","chr19","34976543","34976852","31","34620707"
"KN296484v1","423886","424191","chr19","34909050","34909358","20","34485164"
"KN296484v1","472411","472555","chr19","34855009","34855155","11","34382598"
"KN296484v1","476768","477075","chr19","34850403","34850704","25","34373635"
"KN296484v1","504321","504626","chr19","34828592","34828893","22","34324271"
"KN296484v1","510618","510915","chr18","9458529","9458828","60","8947911"
"KN296484v1","513676","513809","chr19","34819762","34819895","2","34306086"
"KN296484v1","520842","520977","chr4","39964539","39964673","23","39443697"
"KN296484v1","539154","539458","chr19","34793233","34793528","25","34254079"
"KN296484v1","609855","610168","chr19","34705396","34705709","28","34095541"
"KN296484v1","659361","659667","chr19","34658078","34658385","24","33998717"
"KN296484v1","674151","674453","chr19","34644043","34644343","26","33969892"
"KN296484v1","698533","698758","chr19","34620015","34620246","20","33921482"
"KN296484v1","716709","717003","chr8","10995801","10996101","57","10279092"
"KN296484v1","717016","717137","chr4","94248109","94248235","19","93531093"
"KN296484v1","724233","724405","chr19","38731330","38731491","34","38007097"
"KN296484v1","724434","724554","chr5","15029983","15030102","20","14305549"
"KN296484v1","753148","753279","chr19","34572032","34572172","15","33818884"
"KN296484v1","768643","768949","chr19","34557037","34557342","31","33788394"
"KN296484v1","822292","822602","chr19","34505650","34505956","28","33683358"
"KN296484v1","839991","840283","chr2B","67481782","67482064","68","66641791"
"KN296484v1","840338","840560","chr8","74039669","74039889","44","73199331"
"KN296484v1","845102","845396","chr19","34486038","34486327","38","33640936"
"KN296484v1","873092","873365","chr19","34457575","34457848","25","33584483"
"KN296484v1","894514","894596","chr8","90857263","90857344","15","89962749"
"KN296484v1","894653","894958","chr8","142771932","142772241","62","141877279"
"KN296484v1","914233","914540","chr19","34431504","34431811","11","33517271"
"KN296484v1","931429","931705","chr19","34407649","34407928","21","33476220"
"KN296484v1","950150","950191","chr7","36640268","36640310","6","35690118"
"KN296484v1","950526","950639","chr7","3034460","3034573","24","2083934"
"KN296484v1","1013718","1014012","chr5","117928992","117929293","52","116915274"
"KN296484v1","1040626","1040861","chr19","34313234","34313468","22","33272608"
"KN296485v1","4504","4618","chr3","10557923","10558037","2","10553419"
"KN296485v1","35595","35882","chr3","10528319","10528599","20","10492724"
"KN296485v1","59485","59626","chr3","10512464","10512607","11","10452979"
"KN296485v1","60214","60386","chr9","87438442","87438613","38","87378228"
"KN296485v1","61084","61209","chr3","10511463","10511593","16","10450379"
"KN296485v1","61514","61641","chr3","10511002","10511160","40","10449488"
"KN296485v1","73266","73500","chr22","25332358","25332587","46","25259092"
"KN296485v1","97603","97896","chr3","10483903","10484202","40","10386300"
"KN296485v1","100972","101095","chr3","10480567","10480691","10","10379595"
"KN296485v1","108084","108192","chr3","10473803","10473911","4","10365719"
"KN296485v1","108497","108669","chr3","10473329","10473498","13","10364832"
"KN296485v1","118656","118953","chr3","10451213","10451498","21","10332557"
"KN296485v1","126320","126536","chr3","10442723","10442928","43","10316403"
"KN296485v1","149353","149636","chr3","126535315","126535603","55","126385962"
"KN296485v1","154572","154692","chr6","37342201","37342328","25","37187629"
"KN296485v1","155003","155127","chr3","115630710","115630826","24","115475707"
"KN296485v1","171849","172147","chr6","42676908","42677198","56","42505059"
"KN296485v1","175323","175457","chr1","28050037","28050170","25","27874714"
"KN296485v1","195393","195681","chr3","10379623","10379884","41","10184230"
"KN296485v1","230872","231165","chr3","10345662","10345953","22","10114790"
"KN296485v1","273938","274063","chr3","10302193","10302310","13","10028255"
"KN296485v1","278364","278662","chr6","113351174","113351466","67","113072810"
"KN296485v1","289917","290120","chr12","52327665","52327833","62","52037748"
"KN296485v1","350256","350383","chr3","10247617","10247746","14","9897361"
"KN296485v1","353941","354267","chr3","10244049","10244364","33","9890108"
"KN296485v1","408582","408878","chr3","10197923","10198211","23","9789341"
"KN296485v1","434485","434542","chr19","4660280","4660336","7","4225795"
"KN296485v1","460472","460760","chr3","10150693","10150983","18","9690221"
"KN296485v1","466140","466368","chr6","75356988","75357217","61","74890848"
"KN296485v1","496959","497223","chr3","30194997","30195274","63","29698038"
"KN296485v1","593605","593790","chrX","19749568","19749759","52","19155963"
"KN296485v1","594103","594202","chr2A","45843562","45843660","17","45249459"
"KN296485v1","602553","602835","chr10","105264645","105264926","48","104662092"
"KN296485v1","680159","680284","chr3","9962014","9962139","8","9281855"
"KN296485v1","727417","727727","chr3","9913088","9913400","22","9185671"
"KN296486v1","25345","25474","chr10","6271185","6271313","28","6245840"
"KN296486v1","48618","48761","chr5","54897734","54897868","30","54849116"
"KN296486v1","49060","49197","chr1","53806134","53806265","28","53757074"
"KN296486v1","115185","115459","chr19","48462352","48462629","23","48347167"
"KN296486v1","139869","139958","chr1","183579341","183579428","17","183439472"
"KN296486v1","164923","165154","chr19","48514381","48514607","24","48349458"
"KN296486v1","175926","176226","chr18","23519361","23519658","63","23343435"
"KN296486v1","177947","178244","chr19","48527491","48527791","36","48349544"
"KN296486v1","262318","262629","chr6","43049065","43049371","60","42786747"
"KN296486v1","272041","272333","chr16","78223728","78224017","54","77951687"
"KN296486v1","306130","306262","chr8","132025908","132026038","29","131719778"
"KN296486v1","357741","357992","chr19","48730919","48731181","21","48373178"
"KN296486v1","452614","452931","chr19","48819676","48819982","37","48367062"
"KN296486v1","480095","480372","chr19","48848481","48848757","15","48368386"
"KN296486v1","495222","495325","chr12","9093817","9093920","23","8598595"
"KN296486v1","505409","505530","chr10","111817533","111817656","25","111312124"
"KN296486v1","537911","538219","chr11","19814436","19814739","61","19276525"
"KN296486v1","546394","546518","chr1","226721050","226721172","19","226174656"
"KN296486v1","546835","547004","chr16","44826991","44827168","36","44280156"
"KN296486v1","556291","556565","chr19","48924999","48925270","16","48368708"
"KN296486v1","588044","588349","chr19","48955228","48955528","30","48367184"
"KN296486v1","606653","606767","chr19","48973047","48973166","11","48366394"
"KN296486v1","641498","641783","chr19","49012001","49012330","60","48370503"
"KN296486v1","675579","675711","chr19","49057044","49057180","12","48381465"
"KN296486v1","676019","676034","chrX","154067014","154067029","4","153390995"
"KN296486v1","676344","676512","chr19","49057489","49057666","18","48381145"
"KN296486v1","679518","679816","chrX","53825086","53825371","61","53145568"
"KN296486v1","688167","688282","chr4","6897233","6897348","24","6209066"
"KN296486v1","688611","688776","chr9","50568429","50568593","44","49879818"
"KN296486v1","732715","732832","chr3","52321582","52321704","20","51588867"
"KN296486v1","739472","739604","chr9","114490601","114490733","21","113751129"
"KN296486v1","783651","783769","chr19","49151653","49151779","16","48368002"
"KN296486v1","835658","835797","chr21","24019266","24019401","21","23183608"
"KN296486v1","848784","849050","chr3","185124252","185124512","67","184275468"
"KN296486v1","850298","850382","chr19","49224848","49224932","4","48374550"
"KN296486v1","854463","854747","chr19","49228732","49229030","38","48374269"
"KN296486v1","921139","921248","chr19","49290573","49290682","7","48369434"
"KN296486v1","1039046","1039211","chr19","49495277","49495437","23","48456231"
"KN296486v1","1066099","1066284","chr19","49512275","49512460","18","48446176"
"KN296486v1","1076292","1076572","chr19","49521795","49522076","25","48445503"
"KN296486v1","1096118","1096241","chr19","49540569","49540693","7","48444451"
"KN296486v1","1134319","1134619","chr19","49579346","49579643","35","48445027"
"KN296486v1","1213634","1213948","chr6","137710200","137710501","65","136496566"
"KN296486v1","1259331","1259380","chr19","49700496","49700545","3","48441165"
"KN296486v1","1259686","1259846","chr3","78081918","78082080","38","76822232"
"KN296486v1","1297970","1298277","chr19","49741523","49741831","15","48443553"
"KN296486v1","1311419","1311722","chr22","14265474","14265761","58","12954055"
"KN296486v1","1327183","1327318","chr1","154897831","154897966","24","153570648"
"KN296486v1","1369873","1370008","chr19","49814005","49814140","11","48444132"
"KN296486v1","1370315","1370480","chr19","49814445","49814610","9","48444130"
"KN296486v1","1375930","1376228","chr4","7977628","7977939","60","6601698"
"KN296486v1","1392178","1392302","chr4","72040044","72040168","20","70647866"
"KN296486v1","1393360","1393682","chr19","49840853","49841162","41","48447493"
"KN296486v1","1410480","1410747","chr5","25344709","25344982","63","23934229"
"KN296486v1","1413101","1413375","chrX","122526937","122527209","51","121113836"
"KN296486v1","1419335","1419493","chr12","110573514","110573668","31","109154179"
"KN296486v1","1419787","1419921","chr12","127725987","127726117","34","126306200"
"KN296486v1","1467056","1467374","chr19","49913706","49914019","26","48446650"
"KN296486v1","1487447","1487575","chr19","49404919","49405046","16","47917472"
"KN296486v1","1494614","1494918","chr19","49953952","49954256","17","48459338"
"KN296486v1","1539305","1539439","chr19","49994190","49994324","10","48454885"
"KN296486v1","1539752","1539902","chr19","49994638","49994795","18","48454886"
"KN296486v1","1548369","1548488","chr19","50003702","50003821","9","48455333"
"KN296486v1","1548784","1548940","chr19","50004121","50004297","36","48455337"
"KN296486v1","1600013","1600315","chr7","76852696","76853000","50","75252683"
"KN296486v1","1617266","1617563","chr19","50071330","50071644","41","48454064"
"KN296486v1","1629079","1629213","chr14","38023370","38023502","28","36394291"
"KN296486v1","1656427","1656709","chr15","40804766","40805066","88","39148339"
"KN296486v1","1688510","1688602","chr10","60199051","60199143","19","58510541"
"KN296486v1","1695369","1695675","chr9","121198524","121198830","68","119503155"
"KN296486v1","1738699","1738960","chr19","50228298","50228554","22","48489599"
"KN296486v1","1754280","1754393","chr13","90283052","90283172","22","88528772"
"KN296486v1","1792906","1793188","chr19","50278982","50279271","19","48486076"
"KN296486v1","1830117","1830426","chr3","47510469","47510778","62","45680352"
"KN296486v1","1842911","1843218","chr12","115638172","115638455","77","113795261"
"KN296486v1","1861515","1861821","chr19","50344979","50345283","20","48483464"
"KN296486v1","1862656","1862821","chr14","58667627","58667790","26","56804971"
"KN296486v1","1866496","1866774","chr19","40322015","40322302","57","38455519"
"KN296486v1","1877342","1877653","chr19","50362445","50362754","23","48485103"
"KN296486v1","1908473","1908758","chr19","50397853","50398149","35","48489380"
"KN296486v1","2057480","2057785","chr19","50585527","50585833","24","48528047"
"KN296486v1","2066971","2067087","chr15","22848079","22848193","20","20781108"
"KN296486v1","2129876","2130144","chr19","50664107","50664376","14","48534231"
"KN296487v1","51381","51680","chr15","62161130","62161408","33","62109749"
"KN296487v1","351793","352037","chr15","62450874","62451118","17","62099081"
"KN296487v1","389289","389585","chr15","62493379","62493690","31","62104090"
"KN296495v1","32650","32851","chr7","79586004","79586207","57","79553354"
"KN296495v1","33167","33263","chr10","112319263","112319348","18","112286096"
"KN296495v1","60195","60328","chr12","4712795","4712919","22","4652600"
"KN296495v1","115065","115185","chr6","42358738","42358858","8","42243673"
"KN296495v1","115426","115540","chr3","130108640","130108753","18","129993214"
"KN296495v1","175199","175497","chr6","42418830","42419114","32","42243631"
"KN296495v1","261104","261416","chr20","39185398","39185709","57","38924294"
"KN296495v1","344802","345055","chr16","75101253","75101499","84","74756451"
"KN296495v1","366749","367037","chr6","42623166","42623439","30","42256417"
"KN296495v1","378407","378701","chr6","42634126","42634415","18","42255719"
"KN296495v1","414820","415110","chrX","50262965","50263259","68","49848145"
"KN296495v1","419006","419164","chr3","38887885","38888044","37","38468879"
"KN296495v1","419463","419596","chr9","58174384","58174515","21","57754921"
"KN296495v1","486055","486180","chr6","42738804","42738924","8","42252749"
"KN296495v1","489737","490031","chr6","42742455","42742739","33","42252718"
"KN296495v1","616838","616972","chr6","42874341","42874483","20","42257503"
"KN296495v1","617268","617425","chr6","42874780","42874944","17","42257512"
"KN296495v1","792961","793258","chr6","43049065","43049371","24","42256104"
"KN296495v1","936525","936824","chr6","32846799","32847087","62","31910274"
"KN296495v1","1027684","1027990","chr19","43498912","43499202","74","42471228"
"KN296495v1","1089932","1090225","chrX","50262965","50263259","51","49173033"
"KN296495v1","1090790","1091060","chr3","198479938","198480211","59","197389148"
"KN296495v1","1095955","1096254","chr6","43338124","43338423","18","42242169"
"KN296495v1","1113207","1113483","chr6","43354686","43354962","30","42241479"
"KN296495v1","1125708","1125965","chr19","43015453","43015710","46","41889745"
"KN296495v1","1152182","1152350","chr3","46765091","46765261","42","45612909"
"KN296495v1","1152367","1152654","chr6","43390690","43390963","35","42238323"
"KN296495v1","1170401","1170608","chr13","84074140","84074336","50","82903739"
"KN296495v1","1233862","1234214","chr6","43481884","43482176","80","42248022"
"KN296495v1","1240670","1240902","chr6","43488672","43488844","77","42248002"
"KN296495v1","1241228","1241375","chr6","43489154","43489301","8","42247926"
"KN296495v1","1310798","1310930","chr2A","97034318","97034458","24","95723520"
"KN296495v1","1318033","1318149","chr6","43561513","43561617","23","42243480"
"KN296495v1","1359666","1359839","chr3","33233384","33233556","31","31873718"
"KN296495v1","1372972","1373110","chr6","43612385","43612521","11","42239413"
"KN296495v1","1373713","1373865","chr6","43613123","43613272","9","42239410"
"KN296495v1","1396653","1396798","chr1","8533466","8533609","24","7136813"
"KN296495v1","1397092","1397268","chr16","31280012","31280184","35","29882920"
"KN296495v1","1405571","1405867","chr19","35645920","35646223","52","34240349"
"KN296495v1","1466635","1466951","chr6","43716341","43716655","23","42249706"
"KN296495v1","1473099","1473382","chr5","4950943","4951215","65","3477844"
"KN296495v1","1556144","1556474","chr6","110180476","110180806","71","108624332"
"KN296495v1","1558686","1558821","chr5","34604244","34604378","16","33045558"
"KN296495v1","1583886","1584183","chr6","43823855","43824150","23","42239969"
"KN296495v1","1615682","1615821","chr6","43855524","43855650","17","42239842"
"KN296495v1","1615822","1616094","chr6","43855651","43855928","22","42239829"
"KN296495v1","1694540","1694819","chr12","116747758","116748048","63","115053218"
"KN296495v1","1700613","1700775","chr19","37128126","37128286","27","35427513"
"KN296495v1","1708920","1709176","chr6","43957340","43957587","29","42248420"
"KN296495v1","1754107","1754233","chr20","35800564","35800690","14","34046457"
"KN296495v1","1778487","1778746","chr5","124038195","124038458","62","122259708"
"KN296495v1","1779446","1779514","chr6","44025773","44025841","4","42246327"
"KN296495v1","1793179","1793483","chr6","44039677","44039981","19","42246498"
"KN296495v1","1797545","1797852","chr7","907995","908292","53","889550"
"KN296495v1","1870552","1870835","chr12","121368057","121368340","55","119497505"
"KN296495v1","1916427","1916557","chr6","44171386","44171517","10","42254959"
"KN296495v1","1924824","1925100","chr6","44179314","44179609","27","42254490"
"KN296495v1","1934192","1934453","chr6","44188192","44188448","24","42254000"
"KN296495v1","1942017","1942321","chr6","44196052","44196386","45","42254035"
"KN296495v1","1944190","1944336","chr6","44197689","44197828","14","42253499"
"KN296495v1","1987947","1988312","chr3","37525373","37525730","91","35537426"
"KN296495v1","2001175","2001301","chr6","44248413","44248539","8","42247238"
"KN296495v1","2120789","2120904","chr1","208765146","208765260","19","206644357"
"KN296495v1","2125192","2125489","chr6","44378348","44378644","26","42253156"
"KN296495v1","2153342","2153659","chr6","44404903","44405205","35","42251561"
"KN296495v1","2167855","2167987","chr6","44422362","44422504","17","42254507"
"KN296495v1","2197979","2198047","chr7","5685439","5685508","12","3487460"
"KN296495v1","2249879","2250011","chr6","4159389","4159520","26","1909510"
"KN296495v1","2406658","2406941","chr9","34638579","34638868","56","32231921"
"KN296495v1","2473759","2474067","chr8","42414444","42414750","55","39940685"
"KN296495v1","2532855","2533143","chr3","56954699","56954977","58","54421844"
"KN296495v1","2562583","2562893","chr6","44833986","44834294","32","42271403"
"KN296495v1","2587322","2587643","chr7","77356043","77356357","72","74768721"
"KN296495v1","2700102","2700417","chr6","44964841","44965165","31","42264739"
"KN296495v1","2740673","2740806","chr3","32900598","32900731","19","30159925"
"KN296495v1","2743551","2743677","chr12","109720730","109720856","18","106977179"
"KN296495v1","2758393","2758699","chr6","45023701","45024013","53","42265308"
"KN296495v1","2763725","2763852","chr5","152214691","152214820","21","149450966"
"KN296495v1","3004749","3004876","chr6","45285768","45285899","6","42281019"
"KN296495v1","3019417","3019728","chr3","125329164","125329471","64","122309747"
"KN296495v1","3042508","3042825","chr3","42156165","42156478","59","39113657"
"KN296495v1","3066033","3066328","chr6","45344755","45345051","29","42278722"
"KN296495v1","3351560","3351852","chr6","45679511","45679803","24","42327951"
"KN296496v1","141733","142040","chr14","85599068","85599371","57","85457335"
"KN296496v1","145939","146234","chr1","184629312","184629607","26","184483373"
"KN296496v1","168900","169180","chr1","184607431","184607713","26","184438531"
"KN296496v1","206437","206730","chr7","66608930","66609221","51","66402493"
"KN296496v1","316575","316892","chr1","184458031","184458361","26","184141456"
"KN296496v1","321110","321237","chr19","44986470","44986599","25","44665360"
"KN296496v1","396323","396409","chr12","121926910","121926990","18","121530587"
"KN296496v1","396442","396611","chr6","11862736","11862910","47","11466294"
"KN296496v1","409575","409840","chr1","184365651","184365945","49","183956076"
"KN296496v1","412673","412842","chr1","184362659","184362829","9","183949986"
"KN296496v1","476379","476655","chr1","184302344","184302613","21","183825965"
"KN296496v1","499854","500000","chr19","19092893","19093036","29","18593039"
"KN296496v1","519118","519416","chr1","184256149","184256427","41","183737031"
"KN296496v1","536792","536916","chr1","184238681","184238804","10","183701889"
"KN296496v1","540838","541139","chr20","48261458","48261767","64","47720620"
"KN296496v1","542446","542744","chr1","52174229","52174539","72","51631783"
"KN296496v1","791684","791991","chr1","183987610","183987918","18","183195926"
"KN296496v1","936693","937020","chr8","34486698","34487004","66","33550005"
"KN296496v1","954686","954926","chr4","87727935","87728186","50","86773249"
"KN296498v1","94831","95142","chr22","7513969","7514272","29","7419138"
"KN296498v1","130369","130520","chrX","44932594","44932741","38","44802225"
"KN296498v1","143018","143147","chr5","46322543","46322672","24","46179525"
"KN296498v1","151984","152104","chr22","7452095","7452215","6","7300111"
"KN296498v1","198092","198257","chr4","40478384","40478544","35","40280292"
"KN296498v1","198300","198416","chr3","126212184","126212301","13","126013884"
"KN296498v1","213480","213781","chr22","7352599","7352918","53","7139119"
"KN296498v1","222832","223074","chr19","3636687","3636916","62","3413855"
"KN296498v1","230493","230721","chr12","120234296","120234512","55","120003803"
"KN296498v1","282531","282721","chrX","154346100","154346298","65","154063569"
"KN296498v1","326791","326943","chr1","21359432","21359582","31","21032641"
"KN296498v1","327254","327398","chr1","842842","842975","31","515588"
"KN296498v1","341923","342050","chr9","53278033","53278156","21","52936110"
"KN296498v1","383089","383223","chr11","64181318","64181451","24","63798229"
"KN296498v1","396471","396634","chr22","7166325","7166488","11","6769854"
"KN296498v1","401249","401356","chr22","7161623","7161730","7","6760374"
"KN296498v1","442437","442569","chr22","7121022","7121154","8","6678585"
"KN296498v1","460068","460216","chr5","578134","578283","49","118066"
"KN296498v1","462384","462604","chr7","63232316","63232518","38","62769932"
"KN296498v1","478470","478779","chr7","64854754","64855052","46","64376284"
"KN296498v1","480271","480558","chr22","7029458","7029754","39","6549187"
"KN296502v1","137858","138143","chr20","19978297","19978583","19","19840439"
"KN296502v1","479637","479916","chr20","19627539","19627830","29","19147902"
"KN296502v1","500715","501006","chr20","19606400","19606697","27","19105685"
"KN296502v1","869151","869253","chr9","74201171","74201270","23","73332020"
"KN296502v1","940946","941273","chr20","19134702","19135032","22","18193756"
"KN296502v1","1042896","1043022","chr20","19026885","19027009","14","17983989"
"KN296502v1","1101812","1102110","chr20","18961609","18961902","36","17859797"
"KN296502v1","1160711","1161008","chr20","18907322","18907617","22","17746611"
"KN296502v1","1186067","1186196","chr2A","98187910","98188040","19","97001843"
"KN296502v1","1199226","1199545","chr20","18869433","18869752","26","17670207"
"KN296502v1","1204039","1204328","chr20","18864324","18864609","31","17660285"
"KN296502v1","1233573","1233876","chr20","18828387","18828660","41","17594814"
"KN296502v1","1321915","1322211","chr20","18725442","18725741","25","17403527"
"KN296502v1","1444467","1444652","chr1","42868965","42869142","43","41424498"
"KN296502v1","1445781","1446088","chr1","130900859","130901161","59","129455078"
"KN296503v1","5536","5833","chr15","61238067","61238353","41","61232531"
"KN296503v1","24182","24249","chr10","118748544","118748614","16","118724362"
"KN296503v1","142345","142606","chr15","63721013","63721271","12","63578668"
"KN296503v1","219371","219668","chr15","63644215","63644513","20","63424844"
"KN296503v1","221246","221551","chr15","63642342","63642643","24","63421096"
"KN296503v1","246775","246903","chr7","65398583","65398713","17","65151808"
"KN296503v1","271570","271694","chr20","25425022","25425145","20","25153452"
"KN296503v1","302556","302861","chr15","63566837","63567147","43","63264281"
"KN296503v1","304932","305234","chrX","5903158","5903463","56","5598226"
"KN296503v1","331651","331773","chr15","63537458","63537580","7","63205807"
"KN296503v1","392891","393196","chr15","63478553","63478862","17","63085662"
"KN296503v1","402971","403097","chr15","63468622","63468748","8","63065651"
"KN296503v1","409647","410020","chr19","54904735","54905091","99","54495088"
"KN296503v1","411522","411835","chr15","63459398","63459699","32","63047876"
"KN296503v1","477217","477340","chr4","181845992","181846113","16","181368775"
"KN296503v1","488295","488599","chr15","63381464","63381762","21","62893169"
"KN296503v1","501941","502074","chr15","63368900","63369033","13","62866959"
"KN296503v1","509492","509787","chr15","63361733","63362032","21","62852241"
"KN296503v1","532031","532284","chr15","63342288","63342541","18","62810257"
"KN296503v1","575098","575400","chr15","63298404","63298685","39","62723306"
"KN296503v1","610559","610843","chr15","63274440","63274702","37","62663881"
"KN296503v1","641141","641262","chr15","63245914","63246032","13","62604773"
"KN296503v1","712244","712566","chr15","61238067","61238353","54","60525823"
"KN296504v1","5282","5410","chr8","132025908","132026038","20","132020626"
"KN296504v1","78988","79249","chr12","70350887","70351149","11","70271899"
"KN296505v1","860","930","chr12","97692724","97692794","9","97691864"
"KN296505v1","48692","48995","chr13","6336210","6336518","65","6287518"
"KN296505v1","59009","59301","chr3","9850389","9850681","19","9791380"
"KN296505v1","69252","69371","chr3","9834915","9835035","8","9765663"
"KN296505v1","157517","157777","chr3","9747114","9747359","32","9589597"
"KN296505v1","272224","272346","chr3","9633724","9633843","12","9361500"
"KN296505v1","349413","349731","chr3","9549197","9549507","50","9199784"
"KN296505v1","396803","397093","chr3","9492268","9492560","12","9095465"
"KN296505v1","409079","409374","chr3","9480159","9480456","21","9071080"
"KN296505v1","454392","454723","chr3","9435411","9435731","42","8981019"
"KN296505v1","575808","575938","chr3","9314401","9314531","5","8738593"
"KN296505v1","616350","616549","chr3","9270359","9270558","11","8654009"
"KN296505v1","800240","800286","chr3","64924882","64924925","8","64124642"
"KN296505v1","1002384","1002685","chr9","83769712","83770008","49","82767328"
"KN296505v1","1927163","1927397","chr3","7892115","7892354","49","5964952"
"KN296505v1","2084586","2084654","chr3","68644449","68644517","10","66559863"
"KN296507v1","51155","51457","chr22","1709192","1709498","59","1658037"
"KN296507v1","238289","238410","chr6","101384983","101385106","15","101146694"
"KN296507v1","250351","250488","chr5","143717203","143717340","6","143466852"
"KN296507v1","331188","331297","chr5","143799196","143799315","19","143468008"
"KN296507v1","345837","346118","chr5","143812614","143812912","34","143466777"
"KN296507v1","360201","360508","chr5","143828110","143828410","26","143467909"
"KN296507v1","378813","379026","chr18","46011236","46011448","52","45632423"
"KN296507v1","386590","386861","chr5","143854120","143854421","47","143467530"
"KN296507v1","406797","407093","chr5","143872338","143872635","24","143465541"
"KN296507v1","416160","416415","chr5","143881772","143881990","60","143465612"
"KN296507v1","416491","416677","chr5","143882066","143882259","16","143465575"
"KN296507v1","416990","417122","chr5","143882570","143882702","8","143465580"
"KN296507v1","422956","423246","chr5","143888913","143889199","23","143465957"
"KN296507v1","444485","444772","chr5","143909363","143909638","34","143464878"
"KN296507v1","500307","500580","chr5","143964722","143965028","50","143464415"
"KN296507v1","514517","514653","chr5","143974972","143975109","9","143460455"
"KN296507v1","514955","515107","chr5","143975409","143975555","21","143460454"
"KN296507v1","555070","555344","chr6","31243417","31243692","60","30688347"
"KN296507v1","591207","591454","chr16","27676640","27676880","66","27085433"
"KN296507v1","605998","606310","chr2A","73665192","73665502","64","73059194"
"KN296507v1","606321","606594","chr5","144077685","144077967","31","143471364"
"KN296507v1","684508","684641","chr17","24608805","24608937","20","23924297"
"KN296507v1","719302","719423","chr1","52618896","52619016","22","51899594"
"KN296507v1","719736","719931","chr3","59540968","59541164","40","58821232"
"KN296507v1","849750","850030","chr6","159630726","159631008","61","158780976"
"KN296508v1","15038","15341","chr4","7977628","7977939","74","7962590"
"KN296508v1","48941","49061","chr9","13467852","13467973","14","13418911"
"KN296508v1","127988","128283","chrX","16763551","16763840","53","16635563"
"KN296508v1","199906","200226","chr7","68085599","68085905","67","67885693"
"KN296508v1","256182","256308","chr9","13261723","13261850","12","13005541"
"KN296508v1","301977","302257","chr9","13213460","13213741","15","12911483"
"KN296508v1","306217","306336","chr5","15029983","15030102","19","14723766"
"KN296508v1","309420","309719","chr9","13205660","13205963","28","12896240"
"KN296508v1","322134","322264","chr16","1931177","1931315","30","1609043"
"KN296508v1","441619","441901","chr9","13070654","13070947","33","12629035"
"KN296508v1","541585","541805","chr10","101249719","101249923","56","100708134"
"KN296508v1","567032","567325","chr11","13758608","13758895","51","13191576"
"KN296508v1","570522","570643","chr9","12947075","12947196","9","12376553"
"KN296508v1","584284","584418","chr9","12933728","12933862","10","12349444"
"KN296508v1","686275","686574","chr8","18932796","18933096","59","18246521"
"KN296508v1","707647","707947","chr9","12812211","12812513","20","12104564"
"KN296508v1","735699","736015","chr9","12780299","12780625","24","12044600"
"KN296508v1","766625","766644","chr5","7565590","7565607","8","6798965"
"KN296508v1","766907","767152","chr4","91194989","91195228","55","90428082"
"KN296508v1","770710","771017","chr3","199790021","199790313","77","199019311"
"KN296508v1","852953","853062","chr9","12664916","12665039","22","11811963"
"KN296508v1","895478","895534","chr19","4660280","4660336","5","3764802"
"KN296508v1","978718","979024","chr9","12534963","12535276","27","11556245"
"KN296508v1","1036016","1036305","chr9","12474351","12474652","25","11438335"
"KN296508v1","1096268","1096565","chr9","12408783","12409067","30","11312515"
"KN296508v1","1174928","1175053","chr9","12333714","12333839","2","11158786"
"KN296508v1","1199198","1199481","chr9","12310074","12310355","32","11110876"
"KN296508v1","1207844","1207966","chr9","12301801","12301924","7","11093957"
"KN296508v1","1227685","1228001","chr9","12282501","12282816","23","11054816"
"KN296508v1","1288286","1288572","chr9","12223343","12223643","27","10935057"
"KN296508v1","1307329","1307613","chr9","12204369","12204659","28","10897040"
"KN296508v1","1334079","1334372","chr6","43263625","43263900","85","41929546"
"KN296508v1","1394620","1394746","chr9","12108930","12109062","12","10714310"
"KN296508v1","1398357","1398528","chr14","74225819","74225993","34","72827462"
"KN296508v1","1456051","1456365","chr9","12046773","12047095","34","10590722"
"KN296508v1","1459020","1459338","chr17","16161838","16162147","72","14702818"
"KN296508v1","1533014","1533326","chr9","11971617","11971901","41","10438603"
"KN296508v1","1634831","1635011","chr9","11869433","11869616","16","10234602"
"KN296508v1","1640077","1640368","chr9","11864081","11864372","19","10224004"
"KN296508v1","1802367","1802660","chr9","11696449","11696738","31","9894082"
"KN296508v1","1819550","1819823","chr9","11675229","11675493","46","9855679"
"KN296508v1","1837240","1837362","chr3","48400790","48400914","19","46563550"
"KN296508v1","1837485","1837572","chr9","11657896","11657989","10","9820411"
"KN296508v1","1850728","1850998","chr11","123630407","123630674","49","121779679"
"KN296508v1","1852137","1852259","chr9","11643958","11644080","8","9791821"
"KN296508v1","1893287","1893421","chr9","11600761","11600895","8","9707474"
"KN296508v1","1893718","1893894","chr9","11600271","11600449","13","9706553"
"KN296508v1","1940290","1940562","chr9","11550506","11550785","19","9610216"
"KN296508v1","1940923","1941041","chr7","139011148","139011266","16","137070225"
"KN296508v1","2072906","2073020","chr9","11416449","11416554","24","9343543"
"KN296508v1","2150151","2150450","chr9","11339303","11339602","25","9189152"
"KN296508v1","2258502","2258803","chr9","11234345","11234648","22","8975843"
"KN296508v1","2307454","2307754","chr9","11172647","11172969","47","8865193"
"KN296508v1","2386536","2386844","chr9","11092514","11092827","28","8705978"
"KN296513v1","38538","38814","chr4","164467","164739","20","125929"
"KN296513v1","178607","178911","chr4","8231017","8231321","37","8052410"
"KN296513v1","260123","260257","chr12","32898640","32898773","18","32638517"
"KN296513v1","294524","294842","chr4","8126819","8127135","33","7832295"
"KN296513v1","329170","329411","chr4","8093775","8094019","15","7764605"
"KN296513v1","364733","365027","chr19","15359115","15359401","79","14994382"
"KN296513v1","401167","401445","chr4","8026257","8026529","34","7625090"
"KN296513v1","449102","449404","chr4","7977628","7977939","34","7528526"
"KN296513v1","1006080","1006355","chr4","7405877","7406174","42","6399797"
"KN296513v1","1036816","1037092","chr4","7372531","7372795","39","6335715"
"KN296513v1","1042832","1043129","chr4","7366438","7366734","20","6323606"
"KN296513v1","1083671","1083918","chr3","126311126","126311363","55","125227455"
"KN296513v1","1087829","1087960","chr1","36304016","36304150","16","35216187"
"KN296513v1","1304599","1304847","chr22","22871464","22871683","87","21566865"
"KN296513v1","1338834","1339002","chr3","49576714","49576879","33","48237880"
"KN296513v1","1465156","1465457","chr4","6933182","6933494","29","5468026"
"KN296513v1","1488518","1488661","chr5","40678429","40678564","24","39189911"
"KN296513v1","1561024","1561286","chr4","6841469","6841727","24","5280445"
"KN296513v1","1621203","1621362","chr4","6773030","6773190","12","5151827"
"KN296513v1","1662629","1662938","chr4","6730386","6730707","26","5067757"
"KN296513v1","1713843","1714126","chr19","7721254","7721535","48","6007411"
"KN296513v1","1780117","1780408","chr4","6615194","6615493","26","4835077"
"KN296513v1","1971550","1971864","chr1","94535569","94535869","67","92564019"
"KN296513v1","1976498","1976610","chr4","6415033","6415145","7","4438535"
"KN296513v1","1976986","1977154","chr4","6414498","6414666","12","4437512"
"KN296513v1","2007172","2007484","chr19","18967441","18967744","65","16960269"
"KN296513v1","2048541","2048850","chr1","182679730","182680038","55","180631189"
"KN296513v1","2158978","2159287","chr4","6233878","6234185","28","4074900"
"KN296513v1","2498817","2499129","chr4","5879386","5879702","33","3380569"
"KN296513v1","2500459","2500760","chr4","5877754","5878054","19","3377295"
"KN296513v1","2519580","2519705","chr4","5855616","5855745","12","3336036"
"KN296513v1","2618178","2618266","chr4","5759695","5759790","11","3141517"
"KN296513v1","2896389","2896447","chr4","5447903","5447961","4","2551514"
"KN296515v1","127356","127667","chr6","81049993","81050301","21","80922637"
"KN296515v1","479121","479425","chr6","81410744","81411057","35","80931623"
"KN296518v1","25621","25925","chr1","15410513","15410817","21","15384892"
"KN296518v1","41886","42169","chr17","23883477","23883755","63","23841591"
"KN296518v1","49942","50233","chr1","15384047","15384340","32","15334105"
"KN296518v1","100191","100493","chr2B","16827940","16828245","62","16727749"
"KN296518v1","229975","230267","chr1","15214531","15214812","43","14984556"
"KN296518v1","242236","242518","chr1","15201384","15201665","15","14959148"
"KN296518v1","369570","369756","chr1","124358617","124358791","27","123989047"
"KN296518v1","369786","369902","chr1","124358463","124358577","8","123988677"
"KN296520v1","71325","71613","chr7","74283196","74283480","68","74211871"
"KN296520v1","83445","83742","chr21","37882496","37882796","25","37799051"
"KN296520v1","172376","172682","chr21","37756613","37756922","36","37584237"
"KN296520v1","324314","324559","chr8","56496769","56497031","59","56172455"
"KN296520v1","342419","342517","chr21","37557982","37558073","17","37215563"
"KN296520v1","342832","342962","chr21","37557533","37557661","10","37214701"
"KN296520v1","350019","350227","chr21","37549033","37549252","26","37199014"
"KN296520v1","363320","363628","chr21","37534713","37535017","26","37171393"
"KN296520v1","393812","393937","chr21","37504532","37504656","13","37110720"
"KN296520v1","407500","407670","chr12","98723892","98724071","36","98316392"
"KN296520v1","411157","411451","chr18","47530704","47530992","67","47119547"
"KN296520v1","428824","428965","chr11","117258906","117259035","30","116830082"
"KN296520v1","429320","429442","chr5","15029983","15030102","18","14600663"
"KN296520v1","460498","460791","chrX","9749257","9749548","72","9288759"
"KN296520v1","490988","491292","chr21","37407607","37407893","37","36916619"
"KN296520v1","517702","517993","chr21","37381170","37381453","32","36863468"
"KN296520v1","666116","666248","chr21","37231555","37231687","6","36565439"
"KN296520v1","783078","783373","chr21","37109590","37109886","26","36326512"
"KN296520v1","1037068","1037333","chr21","36825013","36825278","14","35787945"
"KN296520v1","1325640","1325933","chr21","36522477","36522772","28","35196837"
"KN296520v1","1368638","1368856","chr1","25455978","25456199","53","24087340"
"KN296528v1","28592","28829","chr11","17067628","17067891","45","17039036"
"KN296528v1","40247","40502","chr11","17079865","17080121","15","17039618"
"KN296528v1","46965","47282","chr11","17085974","17086277","44","17039009"
"KN296528v1","137184","137304","chr11","17148879","17148998","9","17011695"
"KN296528v1","169960","170268","chr11","17223459","17223770","15","17053499"
"KN296528v1","170629","170904","chr7","10787701","10787975","61","10617072"
"KN296528v1","230180","230477","chr1","28270612","28270904","52","28040432"
"KN296528v1","484352","484474","chr12","37395285","37395400","22","36910933"
"KN296528v1","628913","629201","chr11","17688966","17689265","24","17060053"
"KN296528v1","704662","704788","chr11","17764634","17764760","9","17059972"
"KN296528v1","853474","853794","chr11","17904108","17904424","36","17050634"
"KN296528v1","866904","867131","chr4","2768668","2768884","61","1901764"
"KN296528v1","899331","899470","chr11","17957999","17958138","12","17058668"
"KN296528v1","905220","905502","chr16","11139690","11139969","60","10234470"
"KN296528v1","921143","921433","chr4","6615194","6615493","54","5694051"
"KN296528v1","941481","941777","chr4","6615194","6615493","59","5673713"
"KN296528v1","1089957","1090253","chr11","18104666","18104958","21","17014709"
"KN296528v1","1125225","1125334","chrX","40904475","40904577","29","39779250"
"KN296528v1","1173547","1173851","chr11","18185159","18185440","52","17011612"
"KN296528v1","1205633","1205788","chr6","74543041","74543197","44","73337408"
"KN296528v1","1206098","1206232","chr13","1810927","1811060","21","604829"
"KN296528v1","1221236","1221359","chr7","5407438","5407561","20","4186202"
"KN296528v1","1229998","1230279","chr11","18239114","18239400","42","17009116"
"KN296528v1","1266776","1267075","chr11","18272523","18272823","24","17005747"
"KN296528v1","1277059","1277202","chr16","29829833","29829968","29","28552774"
"KN296528v1","1339891","1340039","chr1","149058104","149058251","37","147718213"
"KN296528v1","1340335","1340501","chr12","122110012","122110179","37","120769677"
"KN296528v1","1449054","1449171","chr22","26873285","26873404","21","25424231"
"KN296528v1","1515923","1516205","chr11","18484902","18485190","16","16968979"
"KN296528v1","1526255","1526561","chr1","94184963","94185274","54","92658708"
"KN296528v1","1781023","1781325","chr11","18752282","18752592","21","16971259"
"KN296536v1","107086","107217","chr1","181746349","181746479","24","181639263"
"KN296536v1","145004","145121","chr3","154700912","154701029","23","154555908"
"KN296536v1","145412","145586","chr16","68886336","68886521","40","68740924"
"KN296536v1","175838","176104","chr16","68861144","68861444","50","68685306"
"KN296536v1","179444","179742","chr16","68857511","68857800","33","68678067"
"KN296536v1","276343","276632","chr16","60383420","60383717","69","60107077"
"KN296536v1","276778","276998","chr16","68762288","68762522","29","68485510"
"KN296536v1","484094","484384","chr16","68555075","68555362","44","68070981"
"KN296536v1","558139","558431","chr16","68482374","68482635","53","67924235"
"KN296536v1","776774","777067","chr16","68309261","68309578","37","67532487"
"KN296536v1","1055476","1055696","chr10","39585714","39585920","44","38530238"
"KN296536v1","1123821","1124017","chr10","39585714","39585920","57","38461893"
"KN296536v1","1344091","1344260","chr16","31280012","31280184","40","29935921"
"KN296536v1","1344293","1344401","chr5","105173319","105173427","20","103829026"
"KN296536v1","1409665","1409966","chr16","31012734","31013037","54","29603069"
"KN296538v1","12376","12694","chr16","12390398","12390707","23","12378022"
"KN296538v1","24208","24487","chr1","1384338","1384609","61","1360130"
"KN296538v1","55804","56120","chr16","12349028","12349343","30","12293224"
"KN296538v1","85976","86103","chr19","41261240","41261371","20","41175264"
"KN296538v1","89155","89352","chr16","32127947","32128143","47","32038792"
"KN296538v1","95505","95795","chr12","110010286","110010585","61","109914781"
"KN296538v1","98977","99266","chr16","12318117","12318406","23","12219140"
"KN296538v1","100274","100407","chr9","14415214","14415345","19","14314940"
"KN296538v1","109249","109557","chr19","9978934","9979233","62","9869685"
"KN296538v1","113415","113610","chr3","54265288","54265496","63","54151873"
"KN296538v1","113778","113898","chr10","85654016","85654132","24","85540238"
"KN296538v1","151473","151596","chrX","133628784","133628908","19","133477311"
"KN296538v1","161043","161174","chr16","12201443","12201573","11","12040400"
"KN296538v1","171622","171913","chr16","12190161","12190450","22","12018539"
"KN296538v1","208410","208716","chr8","10995801","10996101","63","10787391"
"KN296538v1","211506","211594","chr5","83020072","83020149","24","82808566"
"KN296538v1","214503","214565","chrX","12661653","12661722","22","12447150"
"KN296538v1","231544","231798","chr11","76649367","76649591","77","76417823"
"KN296538v1","232768","233079","chr13","18414340","18414640","73","18181572"
"KN296538v1","262646","262941","chr16","12103658","12103954","21","11841012"
"KN296538v1","311025","311324","chr16","12043258","12043576","36","11732233"
"KN296538v1","335368","335503","chr5","125572808","125572940","25","125237440"
"KN296538v1","347215","347347","chr2A","98187910","98188040","22","97840695"
"KN296538v1","396193","396498","chr16","11951805","11952109","32","11555612"
"KN296538v1","401038","401171","chr15","37997907","37998038","25","37596869"
"KN296538v1","405062","405361","chr6","1135436","1135749","70","730374"
"KN296538v1","435676","435807","chr16","11940118","11940251","10","11504442"
"KN296538v1","471243","471541","chr5","35506106","35506401","53","35034863"
"KN296538v1","485980","486268","chr16","11887182","11887470","19","11401202"
"KN296538v1","495940","496240","chr16","11875686","11875993","32","11379746"
"KN296538v1","496614","496897","chr16","11875008","11875291","20","11378394"
"KN296538v1","533160","533264","chr18","23369766","23369869","21","22836606"
"KN296538v1","542947","543245","chr16","11829776","11830039","53","11286829"
"KN296538v1","544522","544796","chr16","11828440","11828736","48","11283918"
"KN296538v1","586407","586673","chr16","11773856","11774134","30","11187449"
"KN296538v1","608146","608430","chr16","11749375","11749663","25","11141229"
"KN296538v1","610958","611284","chr16","11746507","11746819","44","11135549"
"KN296538v1","620857","621157","chr16","11736589","11736904","36","11115732"
"KN296538v1","624205","624330","chr16","11733379","11733504","9","11109174"
"KN296538v1","625497","625584","chr5","46297651","46297738","27","45672154"
"KN296538v1","629907","630228","chr12","116657301","116657640","71","116027394"
"KN296538v1","633686","633995","chr10","65163569","65163884","63","64529883"
"KN296538v1","665058","665199","chr16","11692728","11692869","17","11027670"
"KN296538v1","715875","716193","chr16","11634575","11634889","29","10918700"
"KN296538v1","718011","718305","chr16","11632537","11632822","27","10914526"
"KN296538v1","726993","727234","chr3","49010877","49011127","68","48283884"
"KN296538v1","749343","749560","chr16","11601998","11602217","19","10852655"
"KN296538v1","775916","776220","chr16","11578367","11578675","26","10802451"
"KN296538v1","796885","797188","chr16","11557401","11557706","31","10760516"
"KN296538v1","814035","814340","chr7","2899806","2900116","54","2085771"
"KN296538v1","835090","835378","chr16","11521672","11521961","13","10686582"
"KN296538v1","846905","847220","chr16","11508219","11508519","40","10661314"
"KN296538v1","857060","857350","chr16","11498943","11499243","31","10641883"
"KN296538v1","858679","858943","chr16","11497659","11497923","69","10638980"
"KN296538v1","871980","872267","chr16","11484569","11484873","53","10612589"
"KN296538v1","880713","881019","chr16","11475832","11476133","43","10595119"
"KN296538v1","940656","940959","chr16","11418906","11419209","17","10478250"
"KN296538v1","950930","951198","chr19","5130734","5130999","59","4179804"
"KN296538v1","956270","956587","chr16","11403722","11404029","33","10447452"
"KN296538v1","991254","991567","chr16","11369210","11369508","59","10377956"
"KN296538v1","1089208","1089332","chr16","11267866","11267988","9","10178658"
"KN296538v1","1099338","1099462","chr9","35918369","35918492","19","34819031"
"KN296538v1","1122798","1123054","chr16","11234287","11234544","34","10111489"
"KN296538v1","1142676","1142970","chr16","11213325","11213632","36","10070649"
"KN296538v1","1202368","1202432","chr16","11155105","11155169","6","9952737"
"KN296538v1","1205663","1205876","chr2A","79833197","79833410","46","78627534"
"KN296538v1","1209340","1209644","chr16","11139690","11139969","45","9930350"
"KN296538v1","1219941","1220221","chr16","11130651","11130961","56","9910710"
"KN296538v1","1225775","1226055","chr16","11124868","11125163","37","9899093"
"KN296538v1","1237452","1237724","chr16","11113623","11113887","29","9876171"
"KN296538v1","1245432","1245620","chr1","182564158","182564343","35","181318726"
"KN296538v1","1256949","1257080","chr8","28740132","28740264","19","27483183"
"KN296538v1","1384075","1384370","chr16","10971131","10971415","43","9587056"
"KN296538v1","1391675","1391970","chr9","82551103","82551396","42","81159428"
"KN296538v1","1401763","1402060","chr4","6615194","6615493","56","5213431"
"KN296538v1","1411982","1412265","chr16","10942359","10942647","27","9530377"
"KN296538v1","1415749","1416049","chr16","10935517","10935818","24","9519768"
"KN296538v1","1424324","1424597","chr16","10926685","10926950","24","9502361"
"KN296538v1","1440697","1440995","chr16","10910856","10911160","26","9470159"
"KN296538v1","1445121","1445417","chr22","1709192","1709498","65","264071"
"KN296538v1","1469369","1469643","chr16","10882777","10883079","42","9413408"
"KN296538v1","1483316","1483629","chr8","134968756","134969072","59","133485440"
"KN296538v1","1520584","1520796","chrX","48034705","48034931","64","46514121"
"KN296538v1","1521148","1521214","chr9","58415127","58415183","18","56893979"
"KN296538v1","1714396","1714647","chrX","788681","788922","54","925715"
"KN296538v1","1715566","1715873","chr7","1099523","1099833","62","616043"
"KN296538v1","1731703","1731997","chr16","10619777","10620071","18","8888074"
"KN296538v1","1739534","1739795","chr16","10612560","10612821","29","8873026"
"KN296538v1","1780000","1780288","chr16","10564732","10565020","16","8784732"
"KN296538v1","1842445","1842566","chr8","75184071","75184194","21","73341626"
"KN296538v1","1842604","1842782","chr7","75635692","75635861","43","73793088"
"KN296538v1","1845076","1845402","chr16","10502005","10502330","30","8656929"
"KN296538v1","1850637","1850774","chr16","10496604","10496741","11","8645967"
"KN296538v1","1851074","1851245","chr16","10496130","10496308","19","8645056"
"KN296538v1","1925461","1925755","chr16","10420067","10420361","31","8494606"
"KN296538v1","2006522","2006802","chr16","10340796","10341077","18","8334274"
"KN296538v1","2295230","2295529","chr16","10051036","10051323","40","7755806"
"KN296538v1","2328135","2328439","chr1","118984423","118984731","58","116656288"
"KN296541v1","108879","109191","chr11","123418615","123418926","75","123309736"
"KN296541v1","113332","113605","chr1","203828705","203828987","70","203715373"
"KN296541v1","217121","217412","chr2B","82427435","82427727","18","82210314"
"KN296541v1","502370","502671","chr11","71146200","71146505","60","70643830"
"KN296541v1","543158","543442","chr2B","82117001","82117286","14","81573843"
"KN296541v1","750478","750772","chr9","108749427","108749724","68","107998949"
"KN296541v1","1603547","1603674","chr9","110298828","110298957","21","108695281"
"KN296541v1","1730079","1730373","chr3","32453199","32453480","75","30723120"
"KN296541v1","2171178","2171301","chr2B","80481413","80481537","9","78310235"
"KN296541v1","2666451","2666684","chr4","87727935","87728186","73","85061484"
"KN296541v1","2800533","2800831","chr15","63644215","63644513","63","60843682"
"KN296541v1","2907221","2907509","chr2B","79751428","79751712","31","76844207"
"KN296541v1","2976699","2976996","chr2B","79684260","79684553","49","76707561"
"KN296541v1","3232437","3232670","chr2B","79425004","79425256","31","76192567"
"KN296541v1","3297491","3297767","chr2B","79362155","79362432","9","76064664"
"KN296541v1","3329532","3329778","chr1","176700742","176700974","74","173371210"
"KN296541v1","3356946","3357273","chr3","110912771","110913091","71","107555825"
"KN296541v1","3381442","3381569","chr2B","79277710","79277832","18","75896268"
"KN296541v1","3421353","3421479","chr2B","79236442","79236571","10","75815089"
"KN296541v1","3508395","3508695","chr2B","79148932","79149233","18","75640537"
"KN296541v1","3618465","3618580","chr4","21368578","21368680","35","17750113"
"KN296541v1","3618608","3618724","chr19","57578201","57578316","22","53959593"
"KN296542v1","147933","148136","chr5","161590949","161591137","58","161443016"
"KN296547v1","10211","10366","chr10","125077421","125077574","37","125067210"
"KN296547v1","272380","272649","chr10","124964450","124964740","40","124692070"
"KN296547v1","305621","305862","chr10","125017902","125018147","22","124712281"
"KN296547v1","367579","367900","chr5","19744576","19744864","75","19376997"
"KN296547v1","388088","388377","chr10","125098421","125098727","42","124710333"
"KN296547v1","458459","458751","chr11","47738626","47738912","67","47280167"
"KN296547v1","490718","491011","chr10","125201606","125201904","26","124710888"
"KN296547v1","498305","498617","chr10","125208030","125208340","34","124709725"
"KN296547v1","530422","530705","chr11","117059306","117059587","53","116528884"
"KN296547v1","1043632","1043936","chr6","32169761","32170066","43","31126129"
"KN296547v1","1120134","1120388","chr10","125747125","125747407","53","124626991"
"KN296547v1","1152379","1152567","chr16","22556333","22556515","47","21403954"
"KN296547v1","1195106","1195411","chr10","125822169","125822462","25","124627063"
"KN296547v1","1272025","1272220","chr1","157420700","157420898","40","156148675"
"KN296547v1","1737998","1738203","chr19","40757228","40757418","52","39019230"
"KN296547v1","2172145","2172458","chr16","63231613","63231919","60","61059468"
"KN296548v1","116111","116282","chr5","13711342","13711502","54","13595231"
"KN296548v1","315586","315746","chr6","54501908","54502071","45","54186322"
"KN296548v1","315795","315913","chr6","139531834","139531950","21","139216039"
"KN296551v1","43436","43568","chr1","37725731","37725861","21","37682295"
"KN296551v1","118472","118765","chr10","60324964","60325240","37","60206492"
"KN296551v1","130284","130408","chr12","368006","368130","17","237722"
"KN296551v1","167926","168228","chr1","17397499","17397793","73","17229573"
"KN296551v1","213890","214186","chr7","148122134","148122436","51","147908244"
"KN296551v1","227562","227854","chr4","160739567","160739835","74","160512005"
"KN296551v1","240690","240816","chr10","60437287","60437413","7","60196597"
"KN296551v1","241272","241579","chr10","60437877","60438176","28","60196605"
"KN296551v1","265483","265769","chr13","27301060","27301353","58","27035577"
"KN296551v1","275782","276066","chr10","60468050","60468338","19","60192268"
"KN296555v1","9833","10129","chr18","77085666","77085940","44","77075833"
"KN296555v1","138495","138697","chr2B","22490217","22490411","45","22351722"
"KN296555v1","173016","173307","chr16","29946402","29946703","57","29773386"
"KN296557v1","10842","11169","chr22","6853106","6853407","58","6842264"
"KN296557v1","18034","18169","chr10","114146430","114146553","41","114128396"
"KN296557v1","18475","18516","chr17","8279344","8279386","13","8260869"
"KN296557v1","18815","18969","chr1","38324019","38324160","34","38305204"
"KN296557v1","30424","30728","chr8","77569378","77569682","46","77538954"
"KN296557v1","45130","45259","chr1","93500052","93500181","3","93454922"
"KN296557v1","48641","48961","chr1","93496677","93496998","19","93448036"
"KN296557v1","156378","156661","chr1","93399776","93400060","17","93243398"
"KN296557v1","203921","204050","chr1","93327691","93327823","8","93123770"
"KN296557v1","254226","254519","chr1","93274870","93275169","24","93020644"
"KN296557v1","283948","284211","chr13","29924378","29924626","54","29640430"
"KN296557v1","348063","348358","chr1","93182358","93182646","26","92834295"
"KN296557v1","368534","368663","chr1","93162413","93162539","6","92793879"
"KN296557v1","368713","368873","chr1","93162224","93162384","8","92793511"
"KN296557v1","467240","467483","chr1","93056402","93056648","23","92589162"
"KN296557v1","504966","505267","chr1","93008854","93009152","21","92503888"
"KN296557v1","512383","512692","chr1","93002527","93002829","39","92490144"
"KN296557v1","515617","515890","chr1","92999188","92999462","17","92483571"
"KN296557v1","525854","525985","chr1","92989662","92989792","13","92463808"
"KN296557v1","526279","526417","chr1","92989215","92989354","13","92462936"
"KN296557v1","545708","545832","chr1","32957402","32957525","18","32411694"
"KN296557v1","561635","561757","chr1","92954977","92955100","7","92393342"
"KN296557v1","564562","564686","chr1","92952522","92952653","10","92387960"
"KN296557v1","606553","606792","chr7","72971480","72971721","61","72364927"
"KN296557v1","609247","609558","chr3","42919033","42919335","52","42309786"
"KN296557v1","624180","624482","chr14","75395367","75395649","62","74771187"
"KN296557v1","655723","656020","chr1","92866180","92866481","23","92210457"
"KN296557v1","759395","759514","chr9","91677191","91677313","28","90917796"
"KN296557v1","800338","800607","chr1","92712630","92712899","17","91912292"
"KN296557v1","837263","837564","chr2B","112801350","112801650","58","111964087"
"KN296557v1","844942","845062","chr1","92673126","92673246","2","91828184"
"KN296557v1","916726","916786","chrX","19000414","19000474","14","18083688"
"KN296557v1","1127396","1127696","chr5","42777038","42777327","72","41649642"
"KN296562v1","169683","169985","chr19","372518","372820","55","202835"
"KN296562v1","303508","303796","chr5","71816973","71817246","32","71513465"
"KN296562v1","312013","312137","chr5","71808088","71808212","9","71496075"
"KN296562v1","343868","344184","chr5","71776495","71776802","47","71432627"
"KN296563v1","107837","107965","chr7","13924012","13924140","6","13816175"
"KN296564v1","118843","118975","chrX","138410184","138410316","6","138291341"
"KN296569v1","25523","25628","chr5","69107614","69107718","6","69082091"
"KN296569v1","25930","26083","chr7","64696807","64696960","36","64670877"
"KN296569v1","203119","203247","chrX","100378187","100378314","21","100175068"
"KN296569v1","410154","410460","chr5","69496098","69496409","29","69085944"
"KN296569v1","431875","432151","chr5","69518803","69519065","35","69086928"
"KN296572v1","34041","34350","chr9","16045178","16045496","73","16011137"
"KN296572v1","37415","37623","chr6","42753931","42754137","42","42716516"
"KN296572v1","172236","172561","chr11","79585226","79585517","52","79412990"
"KN296572v1","208269","208555","chr11","79554665","79554942","28","79346396"
"KN296573v1","12238","12492","chrX","45180760","45181008","69","45168522"
"KN296577v1","20112","20393","chr1","51652156","51652447","33","51632044"
"KN296577v1","93556","93852","chr9","82551103","82551396","47","82457547"
"KN296577v1","98613","98919","chr1","51725028","51725323","27","51626415"
"KN296577v1","102983","103264","chr7","4722417","4722713","63","4619434"
"KN296577v1","138359","138642","chr1","51763709","51763995","19","51625350"
"KN296577v1","139446","139748","chr1","51764754","51765059","26","51625308"
"KN296577v1","152897","153031","chr22","4279087","4279219","20","4126190"
"KN296577v1","154536","154831","chr15","57608160","57608452","63","57453624"
"KN296577v1","174988","175282","chr1","51802552","51802854","34","51627564"
"KN296577v1","186250","186535","chr1","51812344","51812637","21","51626094"
"KN296577v1","195407","195536","chr1","51820583","51820713","11","51625176"
"KN296577v1","197968","198179","chr13","81723094","81723301","39","81525126"
"KN296577v1","199011","199281","chr1","51824547","51824811","25","51625536"
"KN296577v1","203809","203949","chr1","51829908","51830048","10","51626099"
"KN296577v1","207279","207574","chr1","51833392","51833687","13","51626113"
"KN296577v1","314191","314497","chr1","51944167","51944465","50","51629976"
"KN296577v1","337058","337381","chr1","51980192","51980509","30","51643134"
"KN296577v1","403904","404207","chr1","52041070","52041389","35","51637166"
"KN296577v1","494716","494846","chr6","20750678","20750808","17","20255962"
"KN296577v1","511770","512042","chr1","92712630","92712899","69","92200860"
"KN296577v1","538669","538980","chr1","52174229","52174539","25","51635560"
"KN296577v1","570981","571109","chr3","127886956","127887078","33","127315975"
"KN296577v1","581675","581967","chr1","52218911","52219206","23","51637236"
"KN296577v1","640881","641188","chr1","52296279","52296573","32","51655398"
"KN296577v1","673081","673140","chr6","89913464","89913523","11","89240383"
"KN296577v1","707466","707747","chrX","119054378","119054665","62","118346912"
"KN296577v1","769606","769777","chr1","186353628","186353800","46","185584022"
"KN296577v1","785873","786000","chr6","166100718","166100849","25","165314845"
"KN296577v1","825620","825764","chrX","54156324","54156475","38","53330704"
"KN296577v1","847674","847995","chr7","77710099","77710400","90","76862425"
"KN296577v1","954002","954281","chr1","52605321","52605600","18","51651319"
"KN296578v1","42593","42728","chr17","24608805","24608937","16","24566212"
"KN296578v1","145686","145980","chr16","78223728","78224017","64","78078042"
"KN296579v1","246560","246671","chr3","143815184","143815294","30","143568624"
"KN296579v1","284797","285079","chr17","73184626","73184910","29","72899829"
"KN296580v1","114332","114453","chr1","90780963","90781084","20","90666631"
"KN296580v1","223349","223693","chr16","59001294","59001634","72","58777945"
"KN296580v1","232074","232168","chr5","153688856","153688958","24","153456782"
"KN296580v1","239996","240184","chr16","17187386","17187581","23","16947390"
"KN296580v1","286955","287269","chr4","7977628","7977939","66","7690673"
"KN296580v1","322176","322483","chr16","17259003","17259311","25","16936827"
"KN296580v1","373757","374061","chr10","101215914","101216207","60","100842157"
"KN296580v1","435211","435540","chr16","17380968","17381279","40","16945757"
"KN296580v1","471734","472031","chr16","17416890","17417192","37","16945156"
"KN296580v1","567205","567472","chrX","9524623","9524897","75","8957418"
"KN296580v1","709492","709611","chr16","17668750","17668867","9","16959258"
"KN296580v1","770051","770354","chr16","17727467","17727768","19","16957416"
"KN296580v1","818194","818490","chr16","17775370","17775673","44","16957176"
"KN296580v1","853610","853887","chr16","17810069","17810348","35","16956459"
"KN296580v1","909416","909538","chr16","17871174","17871295","6","16961758"
"KN296580v1","1021643","1021944","chr8","95486318","95486616","57","94464675"
"KN296580v1","1046188","1046471","chr16","18003620","18003903","13","16957432"
"KN296580v1","1104706","1105023","chr5","134357799","134358111","64","133253093"
"KN296580v1","1112351","1112487","chr16","18068466","18068602","8","16956115"
"KN296580v1","1112492","1112800","chr16","18068607","18068898","40","16956115"
"KN296580v1","1116571","1116873","chr8","45636040","45636343","70","44519469"
"KN296588v1","691","989","chr14","85599068","85599371","56","85598377"
"KN296588v1","5117","5362","chr9","94911933","94912197","62","94906816"
"KN296588v1","18195","18542","chr11","30554914","30555237","85","30536719"
"KN296588v1","30365","30656","chr18","28837393","28837676","59","28807028"
"KN296588v1","36779","36923","chr7","72995671","72995810","26","72958892"
"KN296588v1","37214","37310","chr6","42897287","42897383","21","42860073"
"KN296588v1","44488","44691","chr4","165094571","165094772","35","165050083"
"KN296588v1","45399","45698","chr9","94956250","94956550","18","94910851"
"KN296588v1","101213","101518","chr3","46467579","46467882","74","46366366"
"KN296588v1","103664","103923","chr9","95015674","95015940","33","94912010"
"KN296588v1","116634","116929","chr9","95028174","95028474","30","94911540"
"KN296588v1","162640","162764","chr22","13098899","13099028","25","12936259"
"KN296588v1","164803","164935","chr9","95074616","95074744","16","94909813"
"KN296588v1","192438","192567","chr10","199438","199568","22","7000"
"KN296588v1","272926","273242","chr9","49514169","49514474","64","49241243"
"KN296588v1","405084","405383","chr9","95321666","95321962","29","94916582"
"KN296588v1","422266","422386","chr9","95339239","95339356","11","94916973"
"KN296588v1","448565","448870","chr9","95364145","95364455","34","94915580"
"KN296588v1","455925","456208","chr9","95371270","95371532","42","94915345"
"KN296588v1","467198","467323","chr9","95381785","95381910","10","94914587"
"KN296588v1","500001","500183","chr6","110679659","110679829","33","110179658"
"KN296588v1","583042","583161","chr9","95527469","95527589","8","94944427"
"KN296588v1","590715","591001","chr9","95541539","95541810","35","94950824"
"KN296588v1","704324","704453","chr6","157473716","157473838","21","156769392"
"KN296588v1","704752","704915","chr22","1464600","1464774","39","759848"
"KN296588v1","760770","760899","chr9","95758746","95758875","9","94997976"
"KN296588v1","811113","811384","chr9","95812416","95812663","40","95001303"
"KN296588v1","818842","819141","chr9","95819841","95820147","24","95000999"
"KN296588v1","826640","826927","chr14","9992694","9992983","61","9166054"
"KN296588v1","879187","879486","chr9","95883267","95883569","17","95004080"
"KN296588v1","884170","884441","chr15","77474075","77474344","55","76589905"
"KN296588v1","984640","984933","chr9","95989298","95989601","23","95004658"
"KN296588v1","1015742","1016029","chr5","42777038","42777327","54","41761296"
"KN296588v1","1020385","1020676","chr9","96038285","96038591","40","95017900"
"KN296588v1","1023510","1023807","chr9","96038285","96038591","30","95014775"
"KN296588v1","1182163","1182434","chr9","96200599","96200884","45","95018436"
"KN296588v1","1271095","1271375","chr5","7822477","7822754","54","6551382"
"KN296588v1","1275269","1275537","chr7","72362288","72362539","63","71087019"
"KN296588v1","1636612","1636867","chr9","96661388","96661619","35","95024776"
"KN296588v1","1650067","1650346","chr5","91521677","91521966","50","89871610"
"KN296588v1","1650430","1650453","chr20","13303895","13303913","6","11653465"
"KN296588v1","1809988","1810246","chr9","96829431","96829703","35","95019443"
"KN296588v1","1826418","1826716","chr9","96846331","96846657","71","95019913"
"KN296588v1","1869667","1869788","chr9","96887914","96888038","13","95018247"
"KN296588v1","1874036","1874236","chr5","35874359","35874558","35","34000323"
"KN296588v1","1913336","1913635","chr9","96934812","96935137","46","95021476"
"KN296588v1","1934967","1935276","chr9","96962995","96963292","32","95028028"
"KN296588v1","1989274","1989561","chr9","97022582","97022855","32","95033308"
"KN296588v1","2018036","2018320","chr9","97055119","97055410","25","95037083"
"KN296588v1","2054734","2055043","chr9","97091381","97091686","20","95036647"
"KN296588v1","2079309","2079616","chr9","97116173","97116487","31","95036864"
"KN296588v1","2093543","2093835","chr9","97129404","97129698","18","95035861"
"KN296588v1","2102287","2102357","chr3","192415808","192415875","12","190313521"
"KN296588v1","2102659","2102888","chr9","97142538","97142765","16","95039879"
"KN296588v1","2124903","2125201","chr16","24002487","24002792","63","21877584"
"KN296588v1","2135792","2135967","chr21","32541353","32541522","40","30405561"
"KN296588v1","2145663","2145925","chr9","97187766","97188023","14","95042103"
"KN296588v1","2194991","2195247","chr7","71264458","71264719","48","69069467"
"KN296588v1","2211863","2212012","chr9","97243801","97243939","35","95031938"
"KN296588v1","2212316","2212465","chr9","97244236","97244382","10","95031920"
"KN296588v1","2236416","2236702","chr9","97269120","97269416","30","95032704"
"KN296588v1","2237484","2237769","chr1","17422487","17422745","77","15185003"
"KN296589v1","389123","389435","chr19","20779927","20780226","77","20390804"
"KN296590v1","464552","464826","chr14","16871149","16871425","25","16406597"
"KN296591v1","14524","14690","chr4","172469434","172469632","46","172454910"
"KN296591v1","14989","15109","chr4","172469012","172469132","6","172454023"
"KN296593v1","36941","37222","chr2A","50540387","50540678","30","50503446"
"KN296594v1","36224","36554","chr2A","68810910","68811237","77","68774686"
"KN296594v1","50971","51231","chr3","123099583","123099840","15","123048612"
"KN296594v1","83145","83300","chr12","87777324","87777472","38","87694179"
"KN296594v1","158805","159097","chr3","123204149","123204455","29","123045344"
"KN296594v1","201475","201751","chr3","123238597","123238892","33","123037122"
"KN296594v1","226715","226785","chr3","44656961","44657030","15","44430246"
"KN296594v1","227084","227329","chr1","176700742","176700974","81","176473658"
"KN296594v1","260382","260675","chr3","123292173","123292451","48","123031791"
"KN296594v1","301333","301445","chr3","123333044","123333159","9","123031711"
"KN296594v1","460370","460689","chr5","134357799","134358111","61","133897429"
"KN296594v1","502664","502952","chr3","123520217","123520504","32","123017553"
"KN296594v1","532148","532441","chr3","123549136","123549430","34","123016988"
"KN296594v1","782446","782701","chr3","123790852","123791113","28","123008406"
"KN296594v1","896316","896618","chr3","123915625","123915931","34","123019309"
"KN296594v1","1036117","1036421","chrX","38119177","38119470","77","37083060"
"KN296594v1","1057585","1057903","chr3","124080244","124080563","30","123022659"
"KN296594v1","1165076","1165376","chr3","124192666","124192976","30","123027590"
"KN296594v1","1231026","1231341","chr3","124259521","124259825","28","123028495"
"KN296594v1","1234245","1234524","chr3","124262365","124262626","37","123028120"
"KN296595v1","11477","11762","chrX","55263147","55263437","23","55251670"
"KN296599v1","298509","298801","chr13","51872394","51872674","37","51573885"
"KN296601v1","12224","12491","chr7","74816215","74816486","68","74803991"
"KN296606v1","183278","183576","chr16","46669634","46669928","60","46486356"
"KN296608v1","24251","24372","chr5","73920015","73920138","9","73895764"
"KN296608v1","116920","117004","chr12","122513071","122513148","21","122396151"
"KN296608v1","133656","133778","chr5","74020947","74021069","9","73887291"
"KN296608v1","222465","222736","chr5","74110206","74110477","13","73887741"
"KN296608v1","266675","266975","chr12","124243472","124243773","53","123976797"
"KN296608v1","415189","415472","chr5","74289878","74290163","26","73874689"
"KN296609v1","321667","321949","chr17","12794644","12794927","22","12472977"
"KN296609v1","604393","604652","chr1","46864744","46864992","62","46260351"
"KN296609v1","619321","619554","chr17","13104241","13104473","15","12484920"
"KN296609v1","619833","620066","chr17","13104241","13104473","15","12484408"
"KN296609v1","809992","810292","chr17","13288623","13288917","32","12478631"
"KN296609v1","854291","854593","chr17","13330439","13330741","23","12476148"
"KN296609v1","1388965","1389233","chr17","13895013","13895279","18","12506048"
"KN296609v1","1485582","1485715","chr10","44672334","44672466","21","43186752"
"KN296609v1","1793734","1794036","chr17","14295257","14295573","37","12501523"
"KN296609v1","1800809","1801116","chr7","139059261","139059566","60","137258452"
"KN296609v1","2020000","2020135","chr3","26339940","26340072","24","24319940"
"KN296609v1","2134037","2134298","chr17","14684818","14685081","46","12550781"
"KN296609v1","2155185","2155490","chr16","77202423","77202738","65","75047238"
"KN296609v1","2181881","2182170","chr17","14732694","14732983","21","12550813"
"KN296609v1","2263384","2263507","chr15","21476177","21476301","16","19212793"
"KN296609v1","2517234","2517492","chr19","43788887","43789154","56","41271653"
"KN296609v1","2824771","2825067","chr17","15358633","15358925","38","12533862"
"KN296609v1","3031890","3032163","chr17","15561951","15562224","14","12530061"
"KN296609v1","3038580","3038712","chr17","15566183","15566315","13","12527603"
"KN296609v1","3128999","3129101","chr10","36459828","36459930","18","33330829"
"KN296611v1","17286","17573","chrX","56834454","56834728","72","56817168"
"KN296611v1","20905","21186","chr7","64850123","64850410","34","64829218"
"KN296611v1","22658","22762","chr1","28299873","28299976","17","28277215"
"KN296611v1","25257","25556","chr7","64854754","64855052","24","64829497"
"KN296611v1","32600","32838","chr7","57609866","57610118","30","57577266"
"KN296615v1","21668","21983","chr1","128470926","128471240","20","128449258"
"KN296615v1","53127","53243","chr4","177749421","177749527","34","177696294"
"KN296615v1","66823","66945","chr1","128433407","128433529","5","128366584"
"KN296615v1","86798","87098","chr14","85599068","85599371","64","85512270"
"KN296615v1","105332","105463","chr1","128350493","128350629","15","128245161"
"KN296615v1","105617","105925","chr1","124306958","124307251","35","124201341"
"KN296620v1","84845","85050","chr2B","27885572","27885769","51","27800727"
"KN296620v1","120779","120898","chr14","53043024","53043146","24","52922245"
"KN296620v1","297702","297952","chr3","153482591","153482874","53","153184889"
"KN296620v1","337729","338013","chr3","153433086","153433374","35","153095357"
"KN296620v1","671106","671229","chr3","153048738","153048861","11","152377632"
"KN296620v1","684835","685062","chr3","153034846","153035082","24","152350011"
"KN296620v1","711595","711881","chr3","153015150","153015436","24","152303555"
"KN296620v1","765612","765895","chr17","40204424","40204711","63","39438812"
"KN296620v1","807959","808085","chr3","152919665","152919789","14","152111706"
"KN296620v1","818291","818413","chr3","152909266","152909388","6","152090975"
"KN296620v1","836465","836759","chr19","32591845","32592137","55","31755380"
"KN296620v1","845241","845386","chr1","62617347","62617493","37","61772106"
"KN296620v1","854160","854446","chr3","152877985","152878299","51","152023825"
"KN296620v1","876227","876406","chr3","152856723","152856904","11","151980496"
"KN296620v1","905206","905464","chr3","152830582","152830847","23","151925376"
"KN296620v1","919879","920255","chr3","152819010","152819389","38","151899131"
"KN296620v1","928992","929280","chr3","152803204","152803492","18","151874212"
"KN296620v1","943754","944054","chr3","152785968","152786277","43","151842214"
"KN296620v1","944787","944938","chr3","152785087","152785239","15","151840300"
"KN296620v1","960826","961097","chr3","152769132","152769414","31","151808306"
"KN296620v1","1043372","1043502","chr3","152677007","152677137","13","151633635"
"KN296620v1","1095245","1095407","chr3","152625737","152625896","16","151530492"
"KN296622v1","26885","27179","chr4","96952958","96953231","50","96926073"
"KN296622v1","46549","46680","chr4","96973221","96973353","16","96926672"
"KN296622v1","64329","64384","chr3","199768427","199768484","12","199704098"
"KN296622v1","64395","64459","chr6","34406869","34406935","10","34342474"
"KN296622v1","362258","362545","chr4","97307102","97307400","35","96944844"
"KN296622v1","481998","482268","chr4","97431799","97432063","24","96949801"
"KN296623v1","164631","164901","chr3","156504884","156505167","31","156340253"
"KN296623v1","389764","390062","chr14","47803853","47804148","57","47414089"
"KN296623v1","410610","410889","chr3","156741397","156741670","26","156330787"
"KN296623v1","664440","664731","chr6","138868729","138869013","57","138204289"
"KN296625v1","35613","35842","chr19","34313234","34313468","50","34277621"
"KN296625v1","50311","50432","chr5","129657476","129657597","6","129607165"
"KN296625v1","91242","91540","chr5","129617785","129618078","31","129526543"
"KN296625v1","131944","132240","chr2B","64397313","64397605","59","64265369"
"KN296625v1","152298","152583","chr5","129555363","129555653","13","129403065"
"KN296625v1","256169","256460","chr8","90581332","90581626","60","90325163"
"KN296625v1","268342","268454","chr5","129430512","129430624","7","129162170"
"KN296625v1","324575","324631","chr3","162938234","162938290","5","162613659"
"KN296625v1","540617","540924","chr5","129174397","129174696","40","128633780"
"KN296630v1","79382","79640","chr1","6338785","6339048","61","6259403"
"KN296634v1","14927","15234","chr7","91740090","91740399","26","91725163"
"KN296634v1","18593","18712","chr1","8962270","8962391","24","8943677"
"KN296634v1","18755","18883","chr11","110291800","110291921","45","110273045"
"KN296634v1","175759","175963","chr5","18272118","18272304","49","18096359"
"KN296634v1","628922","629213","chr5","39522398","39522694","55","38893476"
"KN296634v1","783316","783548","chr7","91012288","91012520","15","90228972"
"KN296634v1","1054875","1055181","chr7","90747544","90747848","16","89692669"
"KN296634v1","1100183","1100387","chr7","90703742","90703949","15","89603559"
"KN296634v1","1272432","1272500","chr7","90515129","90515197","1","89242697"
"KN296634v1","1287801","1288099","chr7","90508659","90508946","35","89220858"
"KN296634v1","1491404","1491694","chrX","133749622","133749918","56","132258218"
"KN296634v1","1789229","1789336","chr7","90015529","90015630","8","88226300"
"KN296635v1","128725","128820","chr1","60768007","60768091","15","60639282"
"KN296635v1","639811","640121","chr1","61300050","61300353","28","60660239"
"KN296635v1","795587","795886","chr1","61467562","61467856","27","60671975"
"KN296635v1","1132772","1133123","chr1","61799385","61799731","28","60666613"
"KN296635v1","1138139","1138411","chr1","52648985","52649268","53","51510846"
"KN296635v1","1178090","1178372","chr1","61845589","61845907","55","60667499"
"KN296635v1","1241972","1242244","chr19","43837466","43837735","63","42595494"
"KN296635v1","1501818","1502126","chr3","46467579","46467882","58","44965761"
"KN296635v1","1574972","1575280","chr12","123626651","123626957","64","122051679"
"KN296635v1","1673035","1673347","chr1","62417833","62418142","30","60744798"
"KN296635v1","1725529","1725833","chr1","62468859","62469181","42","60743330"
"KN296635v1","1738371","1738652","chr8","28568856","28569124","98","26830485"
"KN296635v1","1773115","1773383","chrX","71334969","71335230","59","69561854"
"KN296635v1","1799809","1799886","chr1","62541187","62541266","7","60741378"
"KN296635v1","1800555","1800632","chr1","62541187","62541266","7","60740632"
"KN296635v1","1800885","1801189","chr11","113761356","113761658","66","111960471"
"KN296635v1","1813585","1813753","chr6","110679659","110679829","31","108866074"
"KN296635v1","1818063","1818334","chr4","8026257","8026529","56","6208194"
"KN296635v1","1825976","1826065","chr1","62571359","62571448","3","60745383"
"KN296635v1","1832274","1832544","chr4","121222017","121222285","66","119389743"
"KN296635v1","1834238","1834534","chr1","62579200","62579495","17","60744962"
"KN296635v1","1866071","1866367","chr1","62609539","62609844","36","60743468"
"KN296635v1","1890663","1890720","chr12","36120575","36120631","13","34229912"
"KN296635v1","1899017","1899236","chr1","62642988","62643207","14","60743971"
"KN296635v1","1971684","1971975","chr1","62712123","62712440","51","60740439"
"KN296635v1","2002018","2002280","chr1","62742617","62742894","32","60740599"
"KN296635v1","2006811","2007109","chr1","62750590","62750880","27","60743779"
"KN296635v1","2013397","2013521","chr14","11200355","11200479","20","9186958"
"KN296635v1","2027546","2027873","chr1","62757480","62757783","46","60729934"
"KN296635v1","2044182","2044491","chr1","62793703","62793994","40","60749521"
"KN296635v1","2047226","2047371","chr1","62796708","62796841","21","60749482"
"KN296635v1","2124287","2124598","chr10","65163569","65163884","50","63039282"
"KN296635v1","2183458","2183746","chr10","29998732","29999026","59","27815274"
"KN296635v1","2191087","2191229","chr6","7152874","7153014","24","4961787"
"KN296635v1","2200544","2200675","chr7","74273201","74273327","28","72072657"
"KN296635v1","2213527","2213823","chr1","62973239","62973529","21","60759712"
"KN296635v1","2256353","2256482","chr7","121907755","121907885","23","119651402"
"KN296635v1","2276413","2276702","chr1","63029582","63029869","17","60753169"
"KN296635v1","2306597","2306648","chr8","29943952","29944002","10","27637355"
"KN296635v1","2312143","2312295","chr2A","6455493","6455646","41","4143350"
"KN296635v1","2312592","2312628","chr1","212956187","212956223","5","210643595"
"KN296635v1","2350555","2350664","chr1","207764610","207764719","15","205414055"
"KN296635v1","2494445","2494576","chr22","13187550","13187679","19","10693105"
"KN296635v1","2524106","2524246","chr14","87083777","87083918","24","84559671"
"KN296635v1","2541060","2541201","chr1","63286636","63286775","13","60745576"
"KN296635v1","2541955","2542243","chr1","63287542","63287829","20","60745587"
"KN296635v1","2557712","2557921","chr1","63301582","63301839","59","60743870"
"KN296635v1","2584342","2584461","chr6","113021691","113021814","20","110437349"
"KN296635v1","2623098","2623231","chr1","63367393","63367526","8","60744295"
"KN296635v1","2682715","2683007","chr20","60981360","60981668","29","58298645"
"KN296635v1","2712923","2713170","chr5","134720159","134720409","56","132007236"
"KN296635v1","2799661","2799940","chr6","160354355","160354636","57","157554694"
"KN296635v1","2841166","2841461","chr1","63597853","63598165","33","60756687"
"KN296635v1","2888412","2888724","chr1","63650289","63650599","34","60761877"
"KN296635v1","2911999","2912285","chrX","45463203","45463502","68","42551204"
"KN296635v1","2930095","2930373","chr1","63693148","63693437","26","60763053"
"KN296635v1","3011895","3012201","chr1","63771705","63771994","47","60759810"
"KN296635v1","3106912","3107229","chr9","78545818","78546130","66","75438906"
"KN296635v1","3146886","3147192","chr1","63925201","63925502","24","60778315"
"KN296635v1","3203519","3203816","chr16","40927394","40927687","61","37723875"
"KN296635v1","3278621","3278935","chr1","64055894","64056210","30","60777273"
"KN296635v1","3386704","3387014","chr22","1016314","1016621","55","2370390"
"KN296635v1","3427226","3427535","chr1","64192763","64193031","60","60765537"
"KN296635v1","3481603","3481736","chr1","40706193","40706325","22","37224590"
"KN296635v1","3493352","3493647","chr12","52967815","52968111","59","49474463"
"KN296635v1","3495196","3495511","chr1","64273039","64273356","16","60777843"
"KN296635v1","3689807","3690098","chr1","78733664","78733968","56","75043857"
"KN296635v1","3721868","3722156","chr1","64500633","64500928","22","60778765"
"KN296635v1","3836821","3836941","chr1","64632547","64632667","5","60795726"
"KN296635v1","3836968","3837065","chr1","64632694","64632791","7","60795726"
"KN296635v1","4146436","4146724","chr20","284142","284431","61","3862294"
"KN296635v1","4275869","4276180","chr1","65045951","65046254","25","60770082"
"KN296635v1","4416139","4416433","chrX","41964200","41964469","76","37548061"
"KN296635v1","4417587","4417917","chrX","51689694","51690018","75","47272107"
"KN296635v1","4495056","4495192","chr1","65272956","65273086","15","60777900"
"KN296635v1","4628108","4628344","chr3","52479314","52479548","50","47851206"
"KN296635v1","4809987","4810263","chr1","65489232","65489530","44","60679245"
"KN296635v1","4870907","4870978","chr1","65550443","65550514","1","60679536"
"KN296635v1","5038248","5038532","chr1","65714020","65714303","23","60675772"
"KN296635v1","5157963","5158250","chr1","65835670","65835943","39","60677707"
"KN296635v1","5197499","5197751","chr1","65876015","65876266","25","60678516"
"KN296635v1","5199123","5199320","chr15","11061529","11061728","60","5862406"
"KN296635v1","5224580","5224861","chr16","9483122","9483422","66","4258542"
"KN296635v1","5246357","5246567","chr3","54265288","54265496","55","49018931"
"KN296635v1","5249046","5249334","chrX","134357061","134357349","56","129108015"
"KN296635v1","5258558","5258848","chr12","108438102","108438401","52","103179544"
"KN296635v1","5268919","5269032","chr12","121687770","121687879","20","116418851"
"KN296635v1","5281986","5282277","chr6","107533529","107533823","61","102251543"
"KN296635v1","5313422","5313524","chr1","224751795","224751893","21","219438373"
"KN296635v1","5366593","5366871","chr1","66032462","66032760","54","60665869"
"KN296635v1","5368119","5368407","chr1","66033694","66034011","45","60665575"
"KN296635v1","5394871","5395214","chr9","16045178","16045496","79","10650307"
"KN296637v1","246343","246463","chr12","70644138","70644258","10","70397795"
"KN296637v1","264279","264403","chr20","3239723","3239846","17","2975444"
"KN296637v1","319772","319894","chr12","70713410","70713532","8","70393638"
"KN296637v1","460779","460905","chr22","10110256","10110387","30","9649477"
"KN296637v1","465312","465571","chr12","70866175","70866431","21","70400863"
"KN296637v1","467018","467192","chr14","86281494","86281664","43","85814476"
"KN296637v1","569477","569790","chr12","70967060","70967368","22","70397583"
"KN296637v1","753701","753891","chr12","71133580","71133768","13","70379879"
"KN296637v1","879127","879459","chr12","71262715","71263006","66","70383588"
"KN296637v1","893695","893956","chr12","71273941","71274208","28","70380246"
"KN296637v1","916217","916335","chr12","71296500","71296618","5","70380283"
"KN296637v1","982243","982365","chr12","71353891","71354006","11","70371648"
"KN296638v1","40090","40434","chr4","112554891","112555214","107","112514801"
"KN296638v1","55029","55352","chrX","6077620","6077924","79","6022591"
"KN296638v1","70040","70352","chrX","6062534","6062844","66","5992494"
"KN296639v1","20074","20226","chr5","74556172","74556324","15","74536098"
"KN296639v1","183793","183944","chr6","102123151","102123290","39","101939358"
"KN296641v1","175189","175500","chr3","691994","692305","26","516805"
"KN296641v1","504897","505020","chr1","133284934","133285059","20","132780037"
"KN296641v1","981919","982182","chr11","69698017","69698267","67","68716098"
"KN296641v1","1194581","1194879","chr6","5780179","5780469","61","4585598"
"KN296641v1","1435118","1435380","chr3","1985810","1986066","32","550692"
"KN296641v1","1467110","1467263","chr1","8927025","8927172","34","7459915"
"KN296643v1","64894","65175","chr7","4767715","4767992","23","4702821"
"KN296643v1","66704","66833","chr6","91447005","91447129","19","91380301"
"KN296643v1","67128","67304","chr3","11999046","11999221","35","11931918"
"KN296643v1","77693","77966","chr7","4755774","4756047","19","4678081"
"KN296643v1","86307","86599","chr8","85426912","85427202","62","85340605"
"KN296643v1","109712","110007","chr7","4722417","4722713","18","4612705"
"KN296643v1","134066","134198","chr8","132025908","132026038","19","131891842"
"KN296643v1","142518","142807","chr7","4687053","4687334","40","4544535"
"KN296643v1","167914","168180","chr7","4659664","4659927","35","4491750"
"KN296643v1","187509","187769","chr2A","61799173","61799425","67","61611664"
"KN296643v1","198504","198793","chr7","4630434","4630735","32","4431930"
"KN296643v1","202075","202284","chr7","4627086","4627295","16","4425011"
"KN296643v1","218797","218911","chr16","19713466","19713579","23","19494669"
"KN296643v1","219213","219339","chr5","1411175","1411293","41","1191962"
"KN296643v1","227785","228097","chr7","4601852","4602147","31","4374067"
"KN296643v1","256771","257065","chr7","4571064","4571359","27","4314293"
"KN296643v1","279502","279798","chr7","4548735","4549018","31","4269233"
"KN296643v1","286361","286653","chr1","216472098","216472389","60","216185737"
"KN296643v1","308762","308981","chr1","36587576","36587802","51","36278814"
"KN296643v1","309281","309389","chr5","35507459","35507553","32","35198178"
"KN296643v1","310896","311031","chr7","4522199","4522330","19","4211303"
"KN296643v1","344004","344308","chr7","4494256","4494551","40","4150252"
"KN296643v1","370942","371112","chr3","46765091","46765261","37","46394149"
"KN296643v1","378967","379252","chrX","19637441","19637730","59","19258474"
"KN296643v1","413512","413816","chr7","4401675","4401978","13","3988163"
"KN296643v1","446813","447097","chr7","4367027","4367312","13","3920214"
"KN296643v1","458747","458906","chr7","4356184","4356361","26","3897437"
"KN296643v1","469077","469199","chr2A","37221669","37221788","20","36752592"
"KN296643v1","469235","469408","chr16","31280012","31280184","35","30810777"
"KN296643v1","473058","473328","chr7","4343976","4344244","29","3870918"
"KN296643v1","480924","481225","chr7","71457978","71458279","55","70977054"
"KN296643v1","487833","488123","chr7","4327724","4328027","29","3839891"
"KN296643v1","554450","554732","chr7","4263058","4263339","21","3708608"
"KN296643v1","576014","576321","chr7","4243514","4243806","41","3667500"
"KN296643v1","626224","626493","chr7","74359012","74359289","56","73732788"
"KN296643v1","635528","635662","chr7","4190390","4190526","16","3554862"
"KN296643v1","635970","636143","chr7","4189917","4190086","23","3553947"
"KN296643v1","650802","651068","chr1","129542031","129542294","55","128891229"
"KN296643v1","719104","719427","chr4","157249109","157249413","68","156530005"
"KN296643v1","775458","775776","chr7","4055153","4055474","57","3279695"
"KN296643v1","804514","804642","chr7","4026425","4026547","15","3221911"
"KN296643v1","843319","843572","chr7","3984473","3984734","28","3141154"
"KN296646v1","30779","31071","chr2B","35382709","35382994","80","35351930"
"KN296646v1","152837","153094","chr2B","123551406","123551663","21","123398569"
"KN296646v1","192274","192424","chr9","58151445","58151587","35","57959171"
"KN296646v1","289121","289418","chr10","140758937","140759230","65","140469816"
"KN296646v1","292155","292281","chr18","18212548","18212672","17","17920393"
"KN296646v1","331916","332035","chr2B","123375285","123375399","15","123043369"
"KN296646v1","347313","347611","chr21","23303359","23303655","54","22956046"
"KN296646v1","351313","351436","chr8","75184071","75184194","12","74832758"
"KN296646v1","372909","373201","chr2B","123333576","123333883","35","122960667"
"KN296646v1","420601","420911","chr2B","123291190","123291474","47","122870589"
"KN296646v1","446158","446444","chr15","283729","284018","59","162429"
"KN296646v1","469072","469370","chr5","24108210","24108499","56","23639138"
"KN296646v1","570875","571004","chr9","34191895","34192023","23","33621020"
"KN296646v1","609689","609961","chr2B","123094716","123094991","26","122485027"
"KN296646v1","661274","661484","chr22","8966202","8966423","43","8304928"
"KN296646v1","664390","664693","chr1","144629438","144629734","62","143965048"
"KN296646v1","1054216","1054397","chrX","103201801","103201983","41","102147585"
"KN296646v1","1232562","1232847","chr11","13060844","13061129","55","11828282"
"KN296646v1","1926762","1926884","chr2B","121817571","121817694","8","119890809"
"KN296647v1","23696","23816","chr7","25244118","25244241","21","25220422"
"KN296649v1","56819","57063","chr7","78167554","78167797","52","78110735"
"KN296649v1","146913","147173","chrX","155149994","155150258","53","155003081"
"KN296649v1","203684","203791","chr3","124587349","124587462","14","124383665"
"KN296649v1","369993","370303","chr5","157142641","157142952","59","156772648"
"KN296649v1","390661","390965","chr3","124778117","124778413","26","124387456"
"KN296649v1","460105","460350","chr3","124845178","124845427","20","124385073"
"KN296649v1","561082","561380","chr3","124942701","124942999","22","124381619"
"KN296649v1","582330","582623","chr14","36942806","36943096","53","36360476"
"KN296654v1","18206","18334","chr19","39732817","39732948","22","39714611"
"KN296654v1","25718","26017","chr1","15771676","15771965","29","15745958"
"KN296654v1","27523","27659","chr7","40321885","40322020","9","40294362"
"KN296654v1","90281","90584","chrX","41966077","41966373","59","41875796"
"KN296654v1","103838","104148","chr12","52967815","52968111","64","52863977"
"KN296654v1","121911","122216","chr1","15854349","15854629","51","15732438"
"KN296654v1","138227","138354","chr1","15870173","15870300","8","15731946"
"KN296654v1","189493","189626","chr1","15920683","15920807","18","15731190"
"KN296654v1","215453","215744","chr10","116565477","116565766","51","116350024"
"KN296654v1","229061","229360","chr1","15961749","15962039","25","15732688"
"KN296657v1","73092","73402","chr12","125163839","125164147","58","125090747"
"KN296657v1","284394","284529","chr20","46205547","46205683","36","45921153"
"KN296657v1","284581","284696","chr9","114310032","114310148","15","114025451"
"KN296657v1","424518","424820","chr4","48082430","48082747","43","47657912"
"KN296658v1","2180","2296","chr8","121258853","121258974","16","121256673"
"KN296659v1","178","408","chr13","97052374","97052605","40","97052196"
"KN296659v1","5285","5564","chr7","5772166","5772445","26","5766881"
"KN296661v1","463","599","chr10","117206699","117206833","24","117206236"
"KN296661v1","394598","394873","chr8","109616521","109616798","13","109221923"
"KN296661v1","519763","520028","chr8","109478847","109479147","60","108959084"
"KN296661v1","558061","558200","chr8","109442315","109442452","10","108884254"
"KN296661v1","601129","601411","chr8","109402596","109402878","22","108801467"
"KN296661v1","659190","659478","chr1","20492011","20492300","65","19832821"
"KN296661v1","749106","749402","chr9","111145595","111145875","85","110396489"
"KN296661v1","932781","933067","chr11","111698652","111698946","62","110765871"
"KN296661v1","1327089","1327128","chr2B","123323817","123323857","6","121996728"
"KN296661v1","1590900","1591145","chr8","108426748","108426995","30","106835848"
"KN296661v1","1754804","1755075","chr8","108266375","108266668","41","106511571"
"KN296661v1","1827505","1827635","chr3","50520666","50520798","24","48693161"
"KN296661v1","1836173","1836468","chr22","11221052","11221348","62","9384879"
"KN296661v1","2032886","2033181","chr8","107993219","107993512","38","105960333"
"KN296661v1","2189733","2190035","chr8","107855295","107855596","40","105665562"
"KN296661v1","2238198","2238488","chr8","107805693","107805968","30","105567495"
"KN296662v1","225457","225748","chrX","67297551","67297839","23","67072094"
"KN296665v1","37927","38026","chr8","86126816","86126914","24","86088889"
"KN296665v1","52051","52350","chr16","78223728","78224017","54","78171677"
"KN296665v1","93237","93411","chr1","211928434","211928605","26","211835197"
"KN296665v1","107621","107761","chr16","23602570","23602700","32","23494949"
"KN296665v1","109051","109175","chr12","35646241","35646364","21","35537190"
"KN296665v1","157980","158118","chr22","14186410","14186553","13","14028430"
"KN296665v1","227640","227762","chr3","5136828","5136950","17","4909188"
"KN296665v1","247082","247377","chr22","14265474","14265761","40","14018392"
"KN296677v1","54301","54438","chr12","101386742","101386879","27","101332441"
"KN296679v1","68459","68593","chrX","80593644","80593794","24","80525185"
"KN296680v1","185508","185799","chr9","55309304","55309599","21","55123796"
"KN296680v1","311575","311891","chr10","67569371","67569654","66","67257796"
"KN296680v1","595589","595888","chr16","46741352","46741658","67","46145763"
"KN296680v1","658371","658509","chr9","55765432","55765563","15","55107061"
"KN296681v1","330128","330427","chr11","131917170","131917468","21","131587042"
"KN296681v1","333111","333349","chr11","131912957","131913218","36","131579846"
"KN296681v1","1062473","1062801","chr11","131161446","131161767","38","130098973"
"KN296681v1","1316174","1316228","chr8","103781034","103781088","14","102464860"
"KN296681v1","1439778","1440061","chr11","130791765","130792053","37","129351987"
"KN296682v1","2454","2578","chr8","83162353","83162477","5","83159899"
"KN296682v1","23199","23506","chr11","82295016","82295329","66","82271817"
"KN296682v1","269776","270092","chr8","83422245","83422545","44","83152469"
"KN296682v1","317714","318000","chr8","83485377","83485638","35","83167663"
"KN296682v1","364122","364457","chr1","19583872","19584209","85","19219750"
"KN296682v1","498372","498527","chr7","139942632","139942785","31","139444260"
"KN296682v1","498567","498620","chr12","111411194","111411246","17","110912627"
"KN296682v1","498657","498749","chr3","63851134","63851226","17","63352477"
"KN296682v1","721783","722061","chr14","74666657","74666932","70","73944874"
"KN296682v1","726825","726998","chr6","38853850","38854024","42","38127025"
"KN296682v1","727046","727149","chr5","117412146","117412249","20","116685100"
"KN296682v1","752881","753202","chr8","83910260","83910573","61","83157379"
"KN296682v1","828806","829085","chr8","83987715","83987997","22","83158909"
"KN296682v1","860421","860692","chrX","139682551","139682823","61","138822130"
"KN296682v1","909044","909347","chr2A","95976628","95976933","63","95067584"
"KN296682v1","1053315","1053574","chr8","84218323","84218623","60","83165008"
"KN296682v1","1103366","1103593","chr3","184564149","184564374","55","183460783"
"KN296682v1","1263672","1263963","chr7","78841829","78842115","60","77578157"
"KN296682v1","1500001","1500241","chr8","84661464","84661754","60","83161463"
"KN296682v1","1769850","1770130","chr8","84944858","84945140","25","83175008"
"KN296682v1","1979219","1979340","chr8","85115983","85116104","8","83136764"
"KN296682v1","2021824","2022113","chr8","85164067","85164362","25","83142243"
"KN296682v1","2032836","2033090","chr8","85175142","85175399","20","83142306"
"KN296682v1","2055140","2055444","chr8","85198196","85198499","18","83143056"
"KN296682v1","2072951","2073242","chr8","85215258","85215545","18","83142307"
"KN296682v1","2074877","2075183","chr8","85217180","85217481","17","83142303"
"KN296682v1","2077068","2077351","chr1","130921283","130921568","61","128844215"
"KN296682v1","2199544","2199850","chr22","1709192","1709498","66","490352"
"KN296682v1","2259011","2259294","chr8","85404315","85404617","33","83145304"
"KN296682v1","2262105","2262402","chr1","32237540","32237842","65","29975435"
"KN296682v1","2277818","2278065","chr8","85420663","85420913","13","83142845"
"KN296682v1","2295838","2296142","chr8","85438465","85438767","32","83142627"
"KN296682v1","2340163","2340274","chr19","15950872","15950974","31","13610709"
"KN296682v1","2345726","2346000","chr8","85480388","85480685","41","83134662"
"KN296682v1","2422229","2422396","chr4","165659947","165660124","40","163237718"
"KN296682v1","2422441","2422560","chr10","134876076","134876192","20","132453635"
"KN296682v1","2441267","2441467","chr22","8893571","8893790","55","6452304"
"KN296682v1","2442729","2442981","chr8","85572992","85573245","28","83130263"
"KN296682v1","2458073","2458301","chr8","85588857","85589085","13","83130784"
"KN296682v1","2505132","2505436","chr8","85660208","85660516","24","83155076"
"KN296682v1","2526951","2527172","chr8","85677864","85678085","16","83150913"
"KN296682v1","2584461","2584806","chr19","31720416","31720738","109","29135955"
"KN296682v1","2603480","2603778","chr8","85747507","85747813","30","83144027"
"KN296682v1","2669014","2669325","chr1","94184963","94185274","76","91515949"
"KN296682v1","2701858","2702145","chr10","119111668","119111947","71","116409810"
"KN296682v1","2725893","2726180","chr8","85865676","85865961","26","83139783"
"KN296682v1","2726603","2726889","chr1","206014730","206015006","74","203288127"
"KN296682v1","2730836","2731072","chr8","85868895","85869147","40","83138059"
"KN296682v1","2781155","2781399","chr8","85917026","85917269","21","83135871"
"KN296682v1","2805298","2805414","chr6","30972658","30972778","19","28167360"
"KN296682v1","2913224","2913403","chr6","11862736","11862910","48","8949512"
"KN296682v1","2920534","2920667","chr8","86052295","86052448","24","83131761"
"KN296682v1","2920717","2920837","chr8","86052479","86052597","13","83131762"
"KN296682v1","2934154","2934394","chr8","86065164","86065404","18","83131010"
"KN296682v1","2981366","2981641","chr8","86111445","86111728","36","83130079"
"KN296682v1","2996640","2996738","chr8","86126816","86126914","2","83130176"
"KN296682v1","3051488","3051794","chr8","142771932","142772241","57","139720444"
"KN296682v1","3117906","3118026","chr8","86252192","86252312","10","83134286"
"KN296682v1","3153626","3153739","chr19","8412124","8412228","35","5258498"
"KN296682v1","3222104","3222226","chr8","29189535","29189657","6","25967431"
"KN296682v1","3222496","3222623","chr8","29189140","29189262","14","25966644"
"KN296682v1","3230081","3230353","chr8","29179232","29179514","34","25949151"
"KN296682v1","3306790","3307079","chr20","40455295","40455605","58","37148505"
"KN296682v1","3536516","3536764","chr20","43757148","43757418","67","40220632"
"KN296682v1","3674603","3674903","chr8","28714835","28715135","22","25040232"
"KN296682v1","3709400","3709711","chr8","28688240","28688554","27","24978840"
"KN296682v1","3750931","3751220","chr8","28646849","28647137","23","24895918"
"KN296682v1","3836590","3836911","chr8","28558436","28558736","55","24721846"
"KN296682v1","3838155","3838334","chr8","28555998","28556178","15","24717843"
"KN296682v1","3880179","3880426","chr8","28512702","28512964","36","24632523"
"KN296682v1","3885665","3885978","chr1","94184963","94185274","69","90299298"
"KN296682v1","3930515","3930722","chr10","29873468","29873670","54","25942953"
"KN296682v1","3931279","3931350","chrX","3263618","3263689","19","667661"
"KN296682v1","3962423","3962719","chr4","15067521","15067814","54","11105098"
"KN296682v1","3979952","3980088","chr4","48601823","48601954","23","44621871"
"KN296682v1","3980372","3980542","chr1","6263470","6263640","36","2283098"
"KN296682v1","3982244","3982503","chr8","28403523","28403785","39","24421279"
"KN296682v1","3986027","3986332","chr8","20992243","20992544","54","17006216"
"KN296682v1","3995648","3995927","chr8","28389080","28389359","15","24393432"
"KN296682v1","4016311","4016615","chr8","96841088","96841388","64","92824777"
"KN296682v1","4041586","4041895","chr9","58597607","58597906","68","54556021"
"KN296682v1","4048308","4048584","chr22","28355668","28355948","56","24307360"
"KN296682v1","4053932","4054262","chr16","27922395","27922712","67","23868463"
"KN296682v1","4058069","4058189","chr2A","37221669","37221788","18","33163600"
"KN296682v1","4106491","4106653","chr8","28278875","28279003","54","24172384"
"KN296682v1","4106966","4107103","chr8","28278395","28278536","10","24171429"
"KN296682v1","4107556","4107850","chr8","28277629","28277938","32","24170073"
"KN296682v1","4129713","4130016","chr3","46378051","46378354","55","42248338"
"KN296682v1","4177688","4177974","chr8","28211886","28212172","27","24034198"
"KN296682v1","4181496","4181658","chr8","28208235","28208398","11","24026739"
"KN296682v1","4194708","4194841","chr8","28195216","28195344","10","24000508"
"KN296682v1","4336264","4336546","chr2B","94937791","94938074","54","90601527"
"KN296682v1","4411156","4411448","chr8","27994918","27995209","28","23583762"
"KN296682v1","4476721","4477026","chr8","27923147","27923455","28","23446426"
"KN296682v1","4503032","4503282","chr6","139841868","139842103","71","135338836"
"KN296682v1","4535960","4536219","chr1","215308654","215308915","63","210772694"
"KN296682v1","4616606","4616702","chr8","27787596","27787694","14","23170990"
"KN296682v1","4619886","4620196","chr4","7977628","7977939","69","3357742"
"KN296682v1","4621422","4621715","chr8","27781989","27782252","56","23160567"
"KN296682v1","4631073","4631382","chr8","27769304","27769610","35","23138231"
"KN296682v1","4634560","4634852","chr16","40927394","40927687","55","36292834"
"KN296682v1","4645912","4646222","chr8","27754411","27754697","40","23108499"
"KN296682v1","4665780","4666078","chr8","27734307","27734613","26","23068527"
"KN296682v1","4668268","4668580","chr8","27731126","27731443","25","23062858"
"KN296682v1","4689543","4689834","chr8","27712271","27712562","18","23022728"
"KN296682v1","4756805","4757089","chr8","27633291","27633579","16","22876486"
"KN296682v1","4770756","4770995","chr4","39950853","39951087","56","35180097"
"KN296682v1","4797570","4797825","chr9","13086123","13086368","62","8288553"
"KN296682v1","4801450","4801747","chr8","27589111","27589419","34","22787661"
"KN296682v1","4838970","4839113","chr8","27551139","27551281","15","22712169"
"KN296682v1","4876569","4876877","chr8","27513120","27513428","23","22636551"
"KN296682v1","4908241","4908370","chr1","23553421","23553542","24","18645180"
"KN296682v1","4908680","4908840","chr1","21359432","21359582","37","16450752"
"KN296682v1","4911172","4911477","chr8","27478917","27479227","44","22567745"
"KN296682v1","5042030","5042283","chr8","27355002","27355220","58","22312972"
"KN296682v1","5072550","5072840","chr8","27324344","27324645","23","22251794"
"KN296682v1","5085143","5085419","chr8","27312099","27312364","32","22226956"
"KN296682v1","5097734","5098030","chrX","50760334","50760634","59","45662600"
"KN296682v1","5100250","5100558","chr8","27295968","27296267","29","22195718"
"KN296682v1","5101066","5101359","chr8","27295187","27295452","48","22194121"
"KN296682v1","5221665","5221962","chrX","121711021","121711329","61","116489356"
"KN296682v1","5231652","5231933","chr16","78223728","78224017","57","72992076"
"KN296682v1","5349473","5349748","chr8","27062276","27062573","42","21712803"
"KN296682v1","5412820","5413112","chr8","27005800","27006058","48","21592980"
"KN296683v1","135559","135689","chr12","27873074","27873203","28","27737515"
"KN296684v1","124490","124644","chr6","97467704","97467842","26","97343214"
"KN296684v1","208439","208718","chr6","97542003","97542288","19","97333564"
"KN296684v1","246341","246466","chr6","97571768","97571903","19","97325427"
"KN296684v1","286182","286490","chr6","97617909","97618192","44","97331727"
"KN296684v1","298009","298089","chr6","97622640","97622720","4","97324631"
"KN296685v1","172721","172855","chr9","74851379","74851509","16","74678658"
"KN296685v1","300395","300520","chr15","47641611","47641733","26","47341216"
"KN296685v1","300813","300991","chr1","26457448","26457621","41","26156635"
"KN296685v1","339547","339667","chrX","18777178","18777297","18","18437631"
"KN296685v1","372319","372439","chr7","28741720","28741843","20","28369401"
"KN296686v1","64906","65247","chr4","39042212","39042512","107","38977306"
"KN296686v1","179263","179394","chr14","54897265","54897396","22","54718002"
"KN296688v1","16654","16960","chrX","80718824","80719135","46","80702170"
"KN296695v1","117928","118180","chrX","96533526","96533779","69","96415598"
"KN296695v1","130425","130700","chrX","122526937","122527209","70","122396512"
"KN296695v1","137681","137974","chr10","101215914","101216207","78","101078233"
"KN296695v1","148521","148654","chr8","82717291","82717422","22","82568770"
"KN296695v1","157257","157553","chr13","85893137","85893428","86","85735880"
"KN296698v1","1947","2164","chr8","74038520","74038737","9","74036573"
"KN296698v1","3100","3320","chr8","74039669","74039889","5","74036569"
"KN296698v1","39971","40241","chr8","74072089","74072376","37","74032118"
"KN296698v1","58279","58388","chr10","12734157","12734264","23","12675878"
"KN296698v1","79929","80234","chr5","125176107","125176406","50","125096178"
"KN296698v1","83272","83549","chr8","74112289","74112584","44","74029017"
"KN296698v1","87641","87928","chr8","74116966","74117253","25","74029325"
"KN296698v1","89694","89829","chr8","74119009","74119140","14","74029315"
"KN296698v1","192835","192930","chr14","74293735","74293833","25","74100900"
"KN296698v1","196629","196765","chr8","74224026","74224158","7","74027397"
"KN296698v1","197084","197238","chr8","74224477","74224640","23","74027393"
"KN296701v1","5122","5248","chr1","78424825","78424957","15","78419703"
"KN296701v1","58237","58538","chr1","78376159","78376458","33","78317922"
"KN296701v1","313240","313463","chr1","31941794","31942030","56","31628554"
"KN296701v1","515531","515833","chr1","77915872","77916176","26","77400341"
"KN296701v1","534520","534651","chr1","77898261","77898394","10","77363741"
"KN296701v1","534926","535226","chr1","77897693","77897987","34","77362767"
"KN296701v1","668409","668702","chr1","157755416","157755707","66","157087007"
"KN296702v1","513330","513622","chr1","24267104","24267389","64","23753774"
"KN296702v1","563488","563777","chr5","107763495","107763768","30","107200007"
"KN296702v1","591982","592255","chr6","160918557","160918829","61","160326575"
"KN296702v1","599671","599950","chr5","107801204","107801483","26","107201533"
"KN296702v1","731269","731404","chr5","107930630","107930765","12","107199361"
"KN296702v1","799038","799342","chr22","1709192","1709498","57","910154"
"KN296702v1","1017470","1017774","chr5","108234962","108235267","40","107217492"
"KN296702v1","1021110","1021425","chr10","24859153","24859460","69","23838043"
"KN296702v1","1039599","1039893","chr5","108252068","108252360","24","107212469"
"KN296703v1","129041","129322","chr13","46645449","46645736","31","46516408"
"KN296703v1","147437","147712","chr16","13640414","13640690","69","13492977"
"KN296705v1","189662","189874","chr20","8681842","8682054","22","8492180"
"KN296705v1","356829","356937","chr20","8520648","8520752","5","8163819"
"KN296705v1","357254","357326","chr20","8520255","8520327","7","8163001"
"KN296705v1","573437","573745","chr4","7977628","7977939","65","7404191"
"KN296705v1","611412","611708","chr20","8263769","8264072","29","7652357"
"KN296711v1","20065","20334","chr10","67363686","67363966","41","67343621"
"KN296711v1","89892","90068","chr16","36906783","36906934","46","36816891"
"KN296711v1","164271","164472","chr5","35874359","35874558","46","35710088"
"KN296711v1","217889","218197","chr10","92379262","92379566","68","92161373"
"KN296713v1","5583","5865","chrX","111224329","111224605","23","111218746"
"KN296714v1","39830","40118","chrX","3713483","3713774","72","3673653"
"KN296714v1","75946","76247","chr8","73318092","73318404","26","73242146"
"KN296714v1","109211","109337","chr10","88561482","88561594","30","88452271"
"KN296714v1","179920","180207","chr2B","95042113","95042403","59","94862193"
"KN296719v1","230940","231022","chr1","90128774","90128843","30","89897834"
"KN296719v1","266855","267039","chr4","173985316","173985502","19","173718461"
"KN296719v1","267131","267445","chr4","173985697","173986011","35","173718566"
"KN296723v1","244580","244878","chr6","104819234","104819539","56","104574654"
"KN296726v1","135066","135357","chr12","53012720","53013028","46","52877654"
"KN296726v1","141472","141613","chr12","53006905","53007046","15","52865433"
"KN296726v1","151897","152006","chrX","112108680","112108787","28","111956783"
"KN296726v1","163038","163152","chr7","134822555","134822669","20","134659517"
"KN296726v1","164050","164329","chr12","52987398","52987672","19","52823348"
"KN296726v1","175934","176235","chr12","52967815","52968111","59","52791881"
"KN296726v1","209210","209329","chr1","23553421","23553542","26","23344211"
"KN296726v1","209653","209799","chr10","125077421","125077574","38","124867768"
"KN296726v1","210076","210195","chr12","52937197","52937317","7","52727121"
"KN296726v1","214019","214257","chr12","52932835","52933074","22","52718816"
"KN296726v1","229386","229519","chr1","40706193","40706325","21","40476807"
"KN296726v1","301441","301742","chr12","52846014","52846319","21","52544573"
"KN296726v1","418443","418511","chrX","9660250","9660312","20","9241807"
"KN296726v1","531410","531734","chr9","43914038","43914353","82","43382628"
"KN296726v1","531806","532110","chr12","52612085","52612382","21","52080279"
"KN296726v1","580626","580971","chr5","44673335","44673691","93","44092709"
"KN296726v1","581004","581049","chr3","32928333","32928379","11","32347329"
"KN296726v1","590340","590635","chr8","90581332","90581626","56","89990992"
"KN296726v1","597902","598197","chr12","52544736","52545038","26","51946834"
"KN296726v1","607410","607663","chr12","52535363","52535616","17","51927953"
"KN296726v1","633890","634152","chr3","127234074","127234314","78","126600184"
"KN296726v1","634175","634342","chr12","80075586","80075757","48","79441411"
"KN296726v1","720990","721278","chr4","151253148","151253437","52","150532158"
"KN296726v1","761615","761920","chr12","52388914","52389235","25","51627299"
"KN296726v1","769199","769478","chr12","52383764","52384024","37","51614565"
"KN296726v1","798162","798287","chr12","52361103","52361239","21","51562941"
"KN296726v1","832519","832684","chr12","52327665","52327833","18","51495146"
"KN296726v1","848579","848913","chr12","52313046","52313385","47","51464467"
"KN296726v1","864109","864415","chr12","52294768","52295048","37","51430659"
"KN296726v1","955415","955547","chr12","52210983","52211118","8","51255568"
"KN296726v1","1016982","1017278","chr12","52147950","52148250","23","51130968"
"KN296726v1","1017766","1018059","chr12","124899613","124899902","58","123881847"
"KN296726v1","1027249","1027545","chr9","34638579","34638868","59","33611330"
"KN296726v1","1103670","1103721","chr12","118692236","118692292","23","117588566"
"KN296726v1","1104034","1104167","chr22","24850738","24850873","18","23746704"
"KN296726v1","1138966","1139261","chr16","40561713","40562007","64","39422747"
"KN296727v1","5103","5268","chrX","9007521","9007689","30","9002418"
"KN296728v1","112756","113048","chr8","32339436","32339728","40","32226680"
"KN296730v1","42125","42411","chr12","19405217","19405509","29","19363092"
"KN296730v1","47189","47452","chr5","96890200","96890473","66","96843011"
"KN296730v1","52040","52340","chr3","53234465","53234766","71","53182425"
"KN296730v1","113236","113539","chr12","19339550","19339850","20","19226314"
"KN296730v1","131177","131472","chr2B","67481782","67482064","70","67350605"
"KN296730v1","155798","156012","chr14","79548183","79548367","63","79392385"
"KN296731v1","83330","83609","chr10","105264645","105264926","63","105181315"
"KN296731v1","85154","85463","chr8","103939938","103940248","63","103854784"
"KN296731v1","92257","92562","chr12","11325015","11325323","25","11232758"
"KN296731v1","201415","201710","chrX","13876295","13876595","57","13674880"
"KN296731v1","351706","351892","chr12","11579554","11579739","18","11227848"
"KN296731v1","630820","631175","chr5","39497996","39498329","103","38867176"
"KN296731v1","637264","637575","chr12","11872320","11872622","34","11235056"
"KN296731v1","734227","734514","chr13","54931054","54931339","50","54196827"
"KN296731v1","750577","750876","chr1","220667403","220667700","30","219916826"
"KN296731v1","767765","768054","chr12","12003287","12003576","17","11235522"
"KN296731v1","776481","776786","chr12","12011799","12012063","52","11235318"
"KN296731v1","871362","871666","chr16","14785544","14785843","57","13914182"
"KN296731v1","877512","877803","chr1","94535569","94535869","80","93658057"
"KN296731v1","897738","898037","chr15","20665794","20666090","67","19768056"
"KN296731v1","911162","911443","chr12","12155363","12155639","20","11244201"
"KN296731v1","962431","962594","chr7","2562465","2562621","37","1600034"
"KN296731v1","962895","963026","chr12","12205372","12205492","20","11242477"
"KN296731v1","963327","963609","chr12","12206055","12206340","28","11242728"
"KN296731v1","995397","995526","chr12","12236938","12237067","6","11241541"
"KN296731v1","1046404","1046670","chr12","12290089","12290351","25","11243685"
"KN296731v1","1047983","1048224","chr18","5067043","5067287","61","4019060"
"KN296731v1","1127963","1128249","chr12","12368097","12368375","30","11240134"
"KN296731v1","1138890","1139020","chr5","129553930","129554060","17","128415040"
"KN296731v1","1183665","1183966","chr1","19513839","19514136","63","18330174"
"KN296731v1","1185950","1186094","chr1","21359888","21360032","9","20173938"
"KN296731v1","1186406","1186557","chr1","21359432","21359582","6","20173026"
"KN296731v1","1189467","1189760","chr12","12424234","12424523","29","11234767"
"KN296731v1","1270241","1270386","chr12","12511568","12511713","10","11241327"
"KN296731v1","1284611","1284732","chr12","12525020","12525141","2","11240409"
"KN296731v1","1333748","1334029","chr12","12564581","12564866","34","11230833"
"KN296731v1","1363456","1363718","chr12","12593354","12593651","48","11229898"
"KN296731v1","1366722","1366780","chr12","12596006","12596064","2","11229284"
"KN296731v1","1372648","1372946","chr7","4722417","4722713","51","3349769"
"KN296731v1","1435292","1435415","chr3","126483087","126483211","16","125047795"
"KN296731v1","1511100","1511386","chr7","2935770","2936066","59","1424670"
"KN296731v1","1558439","1558729","chr12","12749149","12749449","40","11190710"
"KN296731v1","1563316","1563499","chr7","154817485","154817667","40","153254169"
"KN296731v1","1568006","1568291","chr12","12760946","12761230","26","11192940"
"KN296731v1","1577039","1577289","chr3","12182833","12183078","54","10605794"
"KN296731v1","1631817","1632133","chr12","12822770","12823065","46","11190953"
"KN296731v1","1846239","1846502","chr12","12945459","12945731","48","11099220"
"KN296731v1","1876320","1876441","chr12","13087416","13087537","13","11211096"
"KN296732v1","5156","5436","chr11","44703176","44703460","32","44698020"
"KN296732v1","29014","29324","chr11","44726942","44727252","19","44697928"
"KN296732v1","37278","37583","chr11","113761356","113761658","51","113724078"
"KN296732v1","137005","137340","chr16","37417698","37418022","79","37280693"
"KN296732v1","240037","240304","chr11","44952438","44952700","30","44712401"
"KN296732v1","297040","297311","chr11","45008989","45009277","36","44711949"
"KN296732v1","976178","976450","chr11","45642125","45642383","36","44665947"
"KN296732v1","1357021","1357152","chr11","46032700","46032827","15","44675679"
"KN296732v1","1403511","1403808","chr11","46082731","46083029","22","44679220"
"KN296732v1","1457103","1457378","chr4","166411339","166411615","64","164954236"
"KN296732v1","1580365","1580669","chr11","46256788","46257095","18","44676423"
"KN296732v1","1747563","1747881","chr20","45903423","45903732","58","44155860"
"KN296732v1","1799481","1799713","chr7","76355800","76356030","66","74556319"
"KN296732v1","1800009","1800136","chr8","28628786","28628916","35","26828777"
"KN296732v1","1819699","1819817","chr9","22550283","22550410","19","20730584"
"KN296732v1","1849892","1850030","chr11","46544521","46544659","10","44694629"
"KN296732v1","1902196","1902505","chr11","46595488","46595799","36","44693292"
"KN296732v1","1905520","1905731","chr11","46598922","46599133","16","44693402"
"KN296732v1","1912715","1913017","chr19","56305846","56306150","60","54393131"
"KN296732v1","1923953","1924083","chr11","46615635","46615759","18","44691682"
"KN296732v1","1924375","1924573","chr11","46616058","46616258","20","44691683"
"KN296732v1","1936219","1936354","chr11","46627972","46628100","16","44691753"
"KN296732v1","1936355","1936645","chr11","46628101","46628375","42","44691746"
"KN296732v1","1936646","1936820","chr11","46628376","46628550","10","44691730"
"KN296732v1","1958874","1958981","chr11","46649885","46649992","6","44691011"
"KN296732v1","2055432","2055562","chr9","110298828","110298957","18","108243396"
"KN296732v1","2104978","2105279","chr6","131690975","131691273","66","129585997"
"KN296732v1","2201984","2202303","chr11","46884013","46884323","25","44682029"
"KN296732v1","2234499","2234801","chr14","85599068","85599371","64","83364569"
"KN296732v1","2261266","2261556","chr5","19744576","19744864","49","17483310"
"KN296732v1","2265260","2265381","chr11","46945407","46945522","18","44680147"
"KN296732v1","2265765","2266052","chr11","46945909","46946199","24","44680144"
"KN296732v1","2331209","2331319","chr9","11416449","11416554","28","9085240"
"KN296732v1","2342246","2342470","chr11","119567628","119567856","51","117225382"
"KN296732v1","2373440","2373738","chr11","47054347","47054645","21","44680907"
"KN296732v1","2404406","2404526","chr1","65272956","65273086","26","62868550"
"KN296732v1","2447721","2448027","chr7","73254269","73254581","51","70806548"
"KN296732v1","2492095","2492397","chr11","47172396","47172701","36","44680301"
"KN296732v1","2492462","2492786","chr11","47172778","47173093","41","44680316"
"KN296732v1","2500856","2501141","chr11","47181837","47182122","11","44680981"
"KN296732v1","2544051","2544356","chr7","535176","535485","65","2008875"
"KN296732v1","2626296","2626601","chr11","47310501","47310807","21","44684205"
"KN296732v1","2632992","2633305","chr11","47316227","47316555","43","44683235"
"KN296732v1","2634557","2634845","chr11","47317812","47318096","34","44683255"
"KN296732v1","2637872","2638177","chr11","47320897","47321190","24","44683025"
"KN296732v1","2645031","2645214","chr11","47327520","47327704","10","44682489"
"KN296732v1","2728908","2729178","chr11","47404906","47405141","58","44675998"
"KN296732v1","2810637","2810904","chr3","158402216","158402478","68","155591579"
"KN296732v1","2815577","2815875","chr11","47483994","47484288","28","44668417"
"KN296732v1","2818350","2818492","chr11","47481036","47481178","9","44662686"
"KN296732v1","2825653","2825956","chr11","47494105","47494401","23","44668452"
"KN296732v1","2841714","2841892","chr11","47507990","47508174","23","44666276"
"KN296732v1","2845574","2845820","chr11","47511281","47511521","16","44665707"
"KN296732v1","2991046","2991326","chr1","134631614","134631891","53","131640568"
"KN296732v1","2992105","2992299","chr1","26315466","26315648","41","23323361"
"KN296732v1","3072157","3072435","chr7","2848093","2848385","57","224064"
"KN296732v1","3084920","3085050","chr11","47745028","47745158","17","44660108"
"KN296732v1","3111540","3111813","chr7","78859724","78859999","59","75748184"
"KN296732v1","3131904","3132193","chr11","47789964","47790233","43","44658060"
"KN296732v1","3159219","3159482","chr3","12562358","12562618","64","9403139"
"KN296732v1","3177349","3177483","chr11","47832116","47832251","10","44654767"
"KN296732v1","3257524","3257804","chr3","199296183","199296461","69","196038659"
"KN296732v1","3273375","3273443","chrX","19000414","19000474","17","15727039"
"KN296732v1","3274063","3274112","chr9","89761818","89761864","14","86487755"
"KN296732v1","3304565","3304793","chr11","47954385","47954612","11","44649820"
"KN296732v1","3310479","3310770","chr16","64904511","64904809","52","61594032"
"KN296732v1","3320509","3320799","chr16","20229602","20229879","64","16909093"
"KN296732v1","3328253","3328605","chr1","46964088","46964419","99","43635835"
"KN296732v1","3376480","3376711","chr1","15494734","15494954","57","12118254"
"KN296732v1","3381800","3381892","chr19","1480367","1480454","26","1901433"
"KN296732v1","3392778","3392910","chr8","82717291","82717422","21","79324513"
"KN296732v1","3438146","3438262","chr6","20486554","20486670","29","17048408"
"KN296732v1","3439167","3439437","chr7","65934191","65934478","60","62495024"
"KN296732v1","3442605","3442712","chr11","48085566","48085674","11","44642961"
"KN296732v1","3495509","3495822","chr11","48139307","48139604","40","44643798"
"KN296732v1","3544383","3544458","chr11","48190925","48191000","4","44646542"
"KN296732v1","3548681","3548806","chr11","48194975","48195100","4","44646294"
"KN296732v1","3554031","3554164","chr1","110019268","110019398","22","106465237"
"KN296732v1","3582184","3582487","chr20","45903423","45903732","55","42321239"
"KN296732v1","3600872","3601048","chr6","45321329","45321498","48","41720457"
"KN296732v1","3601655","3601783","chr22","23831466","23831583","35","20229811"
"KN296732v1","3602317","3602613","chr11","48250404","48250697","40","44648087"
"KN296732v1","3613449","3613566","chr14","60493176","60493300","30","56879727"
"KN296732v1","3627943","3628229","chr11","48277211","48277503","25","44649268"
"KN296732v1","3675690","3675814","chr8","29189140","29189262","17","25513450"
"KN296733v1","3788","4097","chr6","30421566","30421880","49","30417778"
"KN296738v1","425","548","chr1","183449912","183450036","21","183449487"
"KN296738v1","36931","37063","chr5","24920314","24920446","15","24883383"
"KN296738v1","90463","90616","chr5","24866762","24866910","15","24776299"
"KN296738v1","102598","102907","chr5","24854275","24854566","35","24751677"
"KN296738v1","183038","183355","chr5","24777588","24777911","33","24594550"
"KN296739v1","58284","58411","chrX","118661074","118661197","21","118602790"
"KN296739v1","111094","111390","chr7","30751362","30751683","38","30640268"
"KN296739v1","123515","123810","chr7","30739204","30739502","17","30615689"
"KN296739v1","191168","191421","chr7","30679395","30679655","38","30488227"
"KN296739v1","301756","302021","chr7","30567114","30567371","21","30265358"
"KN296741v1","10112","10166","chr1","36566125","36566174","15","36556013"
"KN296743v1","146758","147049","chr22","29952106","29952400","64","29805348"
"KN296743v1","234130","234303","chr6","141614603","141614773","37","141380473"
"KN296743v1","234338","234436","chr16","13128652","13128747","20","12894314"
"KN296743v1","244249","244546","chr2A","78394812","78395113","32","78150563"
"KN296743v1","260988","261237","chr11","69698017","69698267","62","69437029"
"KN296743v1","294693","294974","chr2A","78443393","78443673","19","78148700"
"KN296743v1","321238","321567","chr2B","90222663","90222989","83","89901425"
"KN296743v1","345677","345837","chr2A","78504595","78504759","11","78158918"
"KN296743v1","346123","346253","chr2A","78505052","78505180","10","78158929"
"KN296743v1","366665","366967","chr2A","78526564","78526845","33","78159899"
"KN296743v1","436123","436405","chr2A","78593789","78594084","30","78157666"
"KN296743v1","444994","445254","chr2A","78602960","78603221","20","78157966"
"KN296743v1","456132","456428","chr2A","78613667","78613961","34","78157535"
"KN296743v1","502838","503013","chr5","156082870","156083042","36","155580032"
"KN296743v1","503259","503399","chr11","565818","565953","20","62559"
"KN296743v1","543684","543823","chr2A","78698270","78698406","12","78154586"
"KN296743v1","711545","711827","chr2A","78864776","78865059","36","78153231"
"KN296743v1","721216","721525","chr2A","78873820","78874126","23","78152604"
"KN296743v1","762199","762478","chr5","162548580","162548857","54","161786381"
"KN296743v1","842870","843004","chr2A","79005375","79005509","9","78162505"
"KN296743v1","862254","862551","chr2A","79024877","79025171","24","78162623"
"KN296743v1","986302","986604","chr2A","79150471","79150752","33","78164169"
"KN296743v1","1074674","1074924","chr2A","79240340","79240596","20","78165666"
"KN296743v1","1099349","1099437","chr7","35352760","35352847","22","34253411"
"KN296743v1","1258898","1259030","chr3","158252995","158253128","23","156994097"
"KN296743v1","1259031","1259317","chr2A","79421649","79421946","47","78162618"
"KN296743v1","1259318","1259460","chr2A","79421947","79422102","23","78162629"
"KN296743v1","1382756","1383058","chr2A","79547273","79547579","20","78164517"
"KN296743v1","1409127","1409388","chr7","129083384","129083652","59","127674257"
"KN296743v1","1429180","1429308","chr2A","79593216","79593344","3","78164036"
"KN296743v1","1431361","1431650","chr2A","79595389","79595658","50","78164028"
"KN296743v1","1448077","1448359","chr2A","79611367","79611662","29","78163290"
"KN296743v1","1478714","1479012","chr2A","79641823","79642127","25","78163109"
"KN296743v1","1552335","1552570","chr14","38166446","38166682","55","36614111"
"KN296743v1","1581947","1582233","chr12","115638172","115638455","61","114056225"
"KN296743v1","1726550","1726674","chr6","91975126","91975249","20","90248576"
"KN296743v1","1801158","1801455","chr20","32066370","32066668","61","30265212"
"KN296743v1","1836619","1836900","chr19","15408880","15409161","49","13572261"
"KN296743v1","1840901","1841179","chr6","146446330","146446598","64","144605429"
"KN296743v1","1869132","1869186","chr2A","80073929","80073983","5","78204797"
"KN296743v1","1869478","1869607","chr2A","80074275","80074404","4","78204797"
"KN296743v1","1880814","1881024","chr17","21145299","21145503","58","19264485"
"KN296743v1","2009631","2009929","chr2A","80210493","80210790","22","78200862"
"KN296743v1","2021713","2022029","chr2A","80221199","80221512","19","78199486"
"KN296743v1","2027305","2027618","chr13","95947709","95948005","63","93920404"
"KN296743v1","2054115","2054377","chr11","68255320","68255579","63","66201205"
"KN296743v1","2092504","2092829","chr7","152905198","152905506","79","150812694"
"KN296743v1","2101566","2101870","chr16","5132250","5132552","55","3030684"
"KN296743v1","2209264","2209398","chr5","40456047","40456176","27","38246783"
"KN296743v1","2272079","2272297","chr2A","80456598","80456815","23","78184519"
"KN296743v1","2402876","2402996","chr2A","80583449","80583568","11","78180573"
"KN296743v1","2408004","2408128","chr20","35800564","35800690","15","33392560"
"KN296743v1","2425723","2425860","chr2A","80611639","80611776","9","78185916"
"KN296743v1","2439588","2439880","chr2A","80624416","80624710","18","78184828"
"KN296743v1","2454587","2454724","chr2A","80640835","80640957","20","78186248"
"KN296743v1","2462824","2463105","chr2A","80649006","80649276","43","78186182"
"KN296743v1","2470655","2470953","chr2A","80655864","80656172","28","78185209"
"KN296743v1","2604984","2605284","chr2A","80788501","80788809","28","78183517"
"KN296743v1","2609363","2609435","chr12","108684002","108684073","9","106074639"
"KN296743v1","2623518","2623821","chr2A","80807395","80807703","21","78183877"
"KN296743v1","2652153","2652278","chr2A","80836627","80836757","13","78184474"
"KN296745v1","19707","19783","chr11","64332252","64332321","22","64312545"
"KN296745v1","28860","29111","chr6","36828078","36828336","52","36799218"
"KN296747v1","116618","116912","chr13","34248349","34248649","23","34131731"
"KN296749v1","244703","245018","chr1","150989766","150990074","23","150745063"
"KN296749v1","246679","246973","chr1","150987775","150988084","33","150741096"
"KN296749v1","346419","346704","chr1","150886758","150887065","38","150540339"
"KN296749v1","409508","409796","chr9","34638579","34638868","51","34229071"
"KN296749v1","491644","491950","chr1","150696668","150696955","47","150205024"
"KN296749v1","567751","567885","chr8","101423501","101423630","21","100855750"
"KN296749v1","635970","636238","chr1","150540870","150541136","16","149904900"
"KN296749v1","679479","679779","chr1","150495798","150496107","24","149816319"
"KN296749v1","696049","696351","chr7","23688265","23688570","55","22992216"
"KN296749v1","721297","721610","chr1","44177603","44177913","70","43456306"
"KN296749v1","760258","760383","chr1","150400450","150400575","11","149640192"
"KN296749v1","761678","761809","chr1","150398973","150399107","15","149637295"
"KN296749v1","762274","762352","chr1","150398494","150398572","2","149636220"
"KN296749v1","763014","763083","chr9","58415127","58415183","19","57652113"
"KN296749v1","769120","769401","chr1","150384459","150384757","36","149615339"
"KN296749v1","795511","795791","chr1","150355665","150355944","31","149560154"
"KN296749v1","795809","795902","chr16","13128652","13128747","12","12332843"
"KN296749v1","798770","798891","chr6","4896496","4896620","23","4097726"
"KN296749v1","824066","824180","chr1","150324576","150324695","8","149500510"
"KN296749v1","849054","849353","chr1","150290985","150291285","34","149441931"
"KN296749v1","962280","962408","chr1","150182675","150182795","19","149220395"
"KN296749v1","1049277","1049430","chr7","139942632","139942785","34","138893355"
"KN296749v1","1316907","1317172","chrX","37620605","37620868","62","36303698"
"KN296749v1","1337960","1338249","chr10","101157822","101158106","69","99819862"
"KN296749v1","1439188","1439495","chr8","34486698","34487004","60","33047510"
"KN296749v1","1499446","1499756","chr12","95140005","95140313","69","93640559"
"KN296749v1","1504825","1505141","chr16","30954731","30955039","72","29449906"
"KN296750v1","143718","143886","chr20","33901443","33901594","45","33757725"
"KN296750v1","143938","143960","chr1","198096629","198096649","5","197952691"
"KN296750v1","276188","276500","chr14","71629323","71629613","56","71353135"
"KN296750v1","920276","920580","chr18","11804496","11804796","61","10884220"
"KN296750v1","1316239","1316389","chr14","70582842","70582991","15","69266603"
"KN296750v1","1403389","1403704","chr14","70483337","70483635","39","69079948"
"KN296750v1","1609949","1610227","chr14","70273031","70273320","39","68663082"
"KN296751v1","24092","24395","chr7","66529961","66530264","76","66505869"
"KN296751v1","24843","25027","chrX","48726425","48726617","59","48701582"
"KN296751v1","31566","31915","chrX","48855936","48856284","35","48824370"
"KN296751v1","37061","37241","chrX","48862133","48862317","33","48825072"
"KN296752v1","23056","23284","chr11","12463707","12463934","35","12440651"
"KN296752v1","52301","52465","chr11","12440350","12440516","17","12388049"
"KN296752v1","59489","59701","chr2B","101630468","101630688","55","101570979"
"KN296752v1","83134","83415","chr5","160583688","160583971","68","160500554"
"KN296752v1","226051","226135","chr16","3016857","3016945","16","2790806"
"KN296752v1","249771","249827","chr9","3176321","3176378","12","2926550"
"KN296752v1","260503","260627","chr6","113442115","113442240","20","113181612"
"KN296752v1","320118","320446","chr11","12163111","12163421","33","11842993"
"KN296752v1","493367","493484","chr6","16183581","16183702","27","15690214"
"KN296752v1","512728","512856","chr11","11971906","11972037","8","11459178"
"KN296752v1","573418","573715","chr11","11908029","11908312","41","11334611"
"KN296754v1","29255","29571","chr1","205305974","205306290","31","205276719"
"KN296754v1","30585","30869","chr1","205304638","205304908","33","205274053"
"KN296754v1","40013","40149","chr1","205292702","205292838","6","205252689"
"KN296754v1","40461","40634","chr1","205292212","205292388","15","205251751"
"KN296754v1","119032","119161","chr2A","98187910","98188040","22","98068878"
"KN296754v1","234103","234289","chr1","205102741","205102928","10","204868638"
"KN296755v1","7344","7440","chr3","91885081","91885181","27","91877737"
"KN296759v1","9144","9235","chr8","90857263","90857344","20","90848119"
"KN296759v1","40090","40322","chr11","108346558","108346794","20","108306468"
"KN296759v1","40626","40654","chr11","108347098","108347126","3","108306472"
"KN296759v1","40950","41043","chr11","108347422","108347515","3","108306472"
"KN296759v1","105415","105676","chr1","163107424","163107688","71","163002009"
"KN296759v1","218245","218363","chr10","41494158","41494276","29","41275913"
"KN296759v1","228358","228668","chr11","108520695","108521000","31","108292337"
"KN296759v1","247697","248006","chr11","108538313","108538619","29","108290616"
"KN296759v1","253093","253310","chr7","90703742","90703949","43","90450649"
"KN296759v1","277395","277599","chr11","108567953","108568156","12","108290558"
"KN296759v1","431605","431724","chr18","18212548","18212672","18","17780943"
"KN296759v1","821613","821884","chrX","155149994","155150258","65","154328381"
"KN296759v1","1366014","1366134","chr2B","53458136","53458259","18","52092122"
"KN296759v1","1366186","1366349","chr19","38731330","38731491","33","37365144"
"KN296759v1","1578361","1578648","chr11","109950112","109950399","23","108371751"
"KN296761v1","159106","159415","chr6","5306402","5306711","29","5147296"
"KN296761v1","191267","191565","chr6","5332639","5332960","49","5141372"
"KN296761v1","358991","359106","chr10","101883179","101883288","27","101524188"
"KN296761v1","467123","467409","chr6","5623068","5623375","42","5155945"
"KN296761v1","574479","574773","chr6","5780179","5780469","32","5205700"
"KN296761v1","800893","801179","chr6","10531439","10531720","57","9730546"
"KN296761v1","842326","842402","chr3","37824279","37824361","25","36981953"
"KN296761v1","842446","842569","chr6","6075239","6075355","20","5232793"
"KN296761v1","1079576","1079660","chr1","31495599","31495681","13","30416023"
"KN296761v1","1254327","1254532","chr6","6504638","6504843","12","5250311"
"KN296762v1","188734","189025","chrX","111791011","111791303","19","111602277"
"KN296762v1","227848","228151","chrX","111759463","111759764","20","111531615"
"KN296762v1","243959","244082","chr19","39587328","39587451","17","39343369"
"KN296762v1","250328","250628","chrX","111737302","111737608","29","111486974"
"KN296762v1","275338","275480","chr7","72995671","72995810","26","72720333"
"KN296762v1","275770","275941","chr4","39227891","39228072","48","38952121"
"KN296763v1","3316","3625","chr4","39042212","39042512","60","39038896"
"KN296766v1","20764","20889","chr4","94248109","94248235","17","94227345"
"KN296766v1","54552","54859","chr1","109546245","109546556","30","109491693"
"KN296766v1","140840","141144","chr1","109641726","109642029","22","109500886"
"KN296766v1","206928","207068","chr1","109733839","109733979","8","109526911"
"KN296767v1","87572","87867","chr1","19513839","19514136","63","19426267"
"KN296767v1","417266","417541","chr7","29431452","29431740","22","29014186"
"KN296767v1","583460","583654","chr7","29594559","29594756","28","29011099"
"KN296770v1","143376","143497","chr9","96722654","96722771","19","96579278"
"KN296770v1","563995","564266","chr12","10622265","10622521","35","10058270"
"KN296770v1","640839","641136","chr12","59721739","59722030","31","59080900"
"KN296774v1","69986","70279","chr4","132718972","132719265","19","132648986"
"KN296774v1","158280","158582","chr4","132608730","132609026","30","132450450"
"KN296774v1","645762","645863","chr4","132130264","132130365","7","131484502"
"KN296775v1","174141","174271","chr22","17858702","17858833","13","17684561"
"KN296775v1","402510","402808","chr22","17641350","17641649","29","17238840"
"KN296775v1","442723","443024","chr16","40927394","40927687","56","40484671"
"KN296775v1","483055","483353","chr22","17564449","17564763","44","17081394"
"KN296775v1","530232","530546","chr7","2816612","2816926","72","2286380"
"KN296775v1","799475","799769","chr22","17235477","17235758","37","16436002"
"KN296775v1","833581","833806","chr19","5682674","5682887","53","4849093"
"KN296775v1","843366","843503","chr6","110135559","110135693","19","109292193"
"KN296775v1","885054","885363","chr4","6615194","6615493","64","5730140"
"KN296775v1","1059274","1059584","chr22","16966184","16966484","37","15906910"
"KN296775v1","1062457","1062765","chr22","16963450","16963753","27","15900993"
"KN296775v1","1123400","1123534","chr8","74224026","74224158","23","73100626"
"KN296775v1","1123843","1123997","chr10","46818086","46818238","37","45694243"
"KN296775v1","1125605","1125896","chr22","16916856","16917165","42","15791251"
"KN296778v1","51644","51936","chr10","91309429","91309723","31","91257785"
"KN296778v1","70943","71251","chr2A","73665192","73665502","59","73594249"
"KN296778v1","150769","150931","chr10","91403040","91403202","10","91252271"
"KN296778v1","171452","171691","chr10","91419303","91419551","30","91247851"
"KN296778v1","199092","199378","chr6","146135913","146136199","52","145936821"
"KN296778v1","244348","244618","chr9","65993354","65993631","57","65749006"
"KN296781v1","154001","154288","chr3","173840749","173841035","64","173686748"
"KN296782v1","41917","42124","chr7","90703742","90703949","45","90661825"
"KN296782v1","43130","43208","chr19","39876453","39876532","15","39833323"
"KN296782v1","122499","122725","chr7","134266396","134266675","69","134143897"
"KN296782v1","147807","147931","chr7","134243943","134244066","12","134096136"
"KN296783v1","251373","251651","chr13","29462186","29462470","60","29210813"
"KN296783v1","541666","541969","chr5","76438992","76439300","32","75897326"
"KN296783v1","961069","961349","chr5","76027789","76028062","20","75066720"
"KN296783v1","1433351","1433440","chr5","26194766","26194858","23","24761415"
"KN296783v1","1508165","1508337","chr10","25332159","25332339","49","23823994"
"KN296784v1","90143","90264","chr14","87884543","87884663","18","87794400"
"KN296784v1","138806","139090","chr13","33582324","33582615","25","33443518"
"KN296784v1","195253","195549","chr13","33642794","33643089","27","33447541"
"KN296795v1","151010","151319","chr15","71323806","71324113","23","71172796"
"KN296795v1","196125","196252","chr15","71363975","71364106","17","71167850"
"KN296795v1","235281","235579","chr15","71409283","71409600","54","71174002"
"KN296795v1","238874","239046","chr15","71412774","71412951","13","71173900"
"KN296795v1","273069","273190","chr15","71444894","71445016","9","71171825"
"KN296795v1","278957","279088","chr15","71450571","71450704","6","71171614"
"KN296795v1","618971","619027","chr19","4660280","4660336","6","4041309"
"KN296795v1","948593","948840","chr6","43957340","43957587","49","43008747"
"KN296795v1","1520565","1520804","chr15","72701684","72701920","28","71181119"
"KN296795v1","1589809","1590086","chr6","10740288","10740565","61","9150479"
"KN296795v1","1885975","1886101","chr11","117258906","117259035","28","115372931"
"KN296795v1","1938701","1939012","chr4","98471794","98472099","66","96533093"
"KN296795v1","2198467","2198766","chr15","73359008","73359294","40","71160541"
"KN296795v1","2289213","2289461","chr15","73715846","73716119","55","71426633"
"KN296795v1","2473335","2473630","chr15","60958237","60958541","72","58484902"
"KN296796v1","14650","14919","chr6","153888775","153889025","79","153874125"
"KN296796v1","63250","63380","chr4","80774565","80774697","14","80711315"
"KN296796v1","210041","210222","chr4","80621599","80621775","14","80411558"
"KN296801v1","15116","15388","chr5","37215371","37215647","16","37200255"
"KN296801v1","19249","19368","chr11","256245","256361","20","236996"
"KN296802v1","128022","128162","chr17","95722897","95723038","6","95594875"
"KN296802v1","282016","282298","chr17","94362033","94362320","29","94080017"
"KN296802v1","332167","332471","chr17","94413088","94413391","13","94080921"
"KN296802v1","441442","441578","chr17","94530079","94530217","17","94088637"
"KN296802v1","492194","492487","chr6","5780179","5780469","57","5287985"
"KN296802v1","514340","514640","chr2A","60381744","60382046","62","59867404"
"KN296803v1","19869","20048","chr7","122119107","122119293","18","122099238"
"KN296803v1","23453","23763","chr7","122115390","122115677","55","122091937"
"KN296803v1","56966","57065","chr7","122089600","122089695","10","122032634"
"KN296803v1","84302","84462","chr7","122063559","122063720","15","121979257"
"KN296803v1","90304","90427","chr10","112209212","112209332","17","112118908"
"KN296803v1","90476","90642","chr1","224704872","224705030","38","224614396"
"KN296803v1","232779","232909","chr7","121907755","121907885","10","121674976"
"KN296804v1","125545","125817","chr19","39502394","39502671","69","39376849"
"KN296804v1","144626","144898","chr12","87755518","87755799","25","87610892"
"KN296804v1","210275","210572","chr16","78223728","78224017","60","78013453"
"KN296804v1","999850","1000000","chr19","13139941","13140092","35","12140091"
"KN296804v1","1024661","1024936","chr12","86813184","86813477","41","85788523"
"KN296806v1","1106","1228","chr2A","83376448","83376570","16","83375342"
"KN296809v1","182957","183252","chr3","39314391","39314678","44","39131434"
"KN296809v1","187871","188164","chr3","39319319","39319601","31","39131448"
"KN296809v1","751093","751370","chr3","39932110","39932388","13","39181017"
"KN296809v1","908390","908474","chr1","60768007","60768091","16","59859617"
"KN296809v1","909727","909779","chr2A","103529143","103529196","13","102619416"
"KN296809v1","951826","952085","chr3","40152214","40152480","29","39200388"
"KN296809v1","987587","987866","chr3","40187047","40187326","27","39199460"
"KN296809v1","1001527","1001666","chr7","79401900","79402036","21","78400373"
"KN296810v1","1","76","chr9","13533103","13533170","15","13533102"
"KN296810v1","59059","59352","chrX","46336634","46336935","24","46277575"
"KN296812v1","44172","44303","chr2B","111979650","111979778","17","111935478"
"KN296812v1","323721","323781","chrX","19000414","19000474","11","18676693"
"KN296812v1","390469","390593","chr7","80434449","80434573","6","80043980"
"KN296812v1","508353","508555","chr7","6857749","6857951","13","6349396"
"KN296812v1","635959","636091","chr7","6968061","6968192","7","6332102"
"KN296812v1","756695","756758","chr12","97692724","97692794","15","96936029"
"KN296817v1","86316","86582","chr6","146446330","146446598","61","146360014"
"KN296817v1","113899","114205","chr10","36048504","36048807","35","35934605"
"KN296818v1","10295","10423","chr3","157666074","157666202","8","157655779"
"KN296818v1","198394","198512","chr15","47655929","47656047","20","47457535"
"KN296818v1","269835","270014","chr3","10511993","10512158","46","10242158"
"KN296818v1","270323","270462","chr10","85282396","85282530","23","85012073"
"KN296820v1","326347","326641","chr1","101760641","101760935","51","101434294"
"KN296820v1","444101","444361","chr11","69698017","69698267","65","69253916"
"KN296820v1","758269","758395","chr2A","75038225","75038353","17","74279956"
"KN296820v1","1060753","1061039","chr12","111331326","111331615","68","110270573"
"KN296820v1","1103184","1103391","chr12","59603779","59603974","57","58500595"
"KN296820v1","1210548","1210816","chr4","117308512","117308780","18","116097964"
"KN296820v1","1292191","1292430","chr4","117391586","117391824","13","116099395"
"KN296820v1","1431593","1431886","chr9","70261168","70261454","69","68829575"
"KN296821v1","36182","36488","chr2B","27930386","27930678","23","27894204"
"KN296821v1","40330","40446","chr17","54478580","54478702","21","54438250"
"KN296821v1","46888","47196","chr2B","27939909","27940211","21","27893021"
"KN296821v1","425098","425167","chr2B","28320569","28320638","6","27895471"
"KN296821v1","706124","706423","chr2B","28596857","28597135","33","27890733"
"KN296821v1","987283","987480","chr2B","28874702","28874898","17","27887419"
"KN296825v1","141869","142091","chr8","50262398","50262617","16","50120529"
"KN296825v1","402683","402960","chr8","50001529","50001806","21","49598846"
"KN296825v1","466927","467236","chr3","125329164","125329471","61","124862237"
"KN296825v1","513877","514006","chr1","65272956","65273086","25","64759079"
"KN296825v1","518474","518765","chr8","49884603","49884881","36","49366129"
"KN296825v1","524589","524755","chr8","49878335","49878480","32","49353746"
"KN296825v1","525044","525179","chr8","49877918","49878046","16","49352874"
"KN296825v1","530386","530682","chr8","49872735","49873022","31","49342349"
"KN296825v1","578936","579209","chr8","145255184","145255456","55","144676248"
"KN296825v1","613307","613593","chr8","49795883","49796169","12","49182576"
"KN296825v1","684645","684844","chr6","90923664","90923858","39","90239019"
"KN296825v1","753913","754212","chr8","49620183","49620473","44","48866270"
"KN296825v1","873601","873883","chr8","49513051","49513346","22","48639450"
"KN296825v1","1144130","1144433","chr8","49207631","49207911","46","48063501"
"KN296825v1","1164119","1164377","chr8","49187869","49188128","14","48023750"
"KN296825v1","1172218","1172297","chr9","54658788","54658871","17","53486570"
"KN296825v1","1275907","1275968","chr8","49059180","49059242","9","47783273"
"KN296825v1","1278994","1279273","chr9","115089482","115089757","61","113810488"
"KN296825v1","1344441","1344564","chr7","137715769","137715892","18","136371328"
"KN296825v1","1346611","1346731","chr8","48985814","48985925","19","47639203"
"KN296825v1","1356960","1357165","chr12","59603779","59603974","44","58246819"
"KN296825v1","1390456","1390608","chr8","48947035","48947175","17","47556579"
"KN296825v1","1390900","1391070","chr8","48946580","48946738","21","47555680"
"KN296825v1","1392827","1392947","chr8","48944694","48944807","11","47551867"
"KN296825v1","1421967","1422273","chr8","77569378","77569682","57","76147411"
"KN296825v1","1432156","1432477","chr8","48909935","48910224","54","47477779"
"KN296825v1","1434313","1434435","chr2A","83376448","83376570","16","81942135"
"KN296825v1","1490377","1490673","chr8","48850607","48850905","36","47360230"
"KN296825v1","1545369","1545672","chr8","48799244","48799563","39","47253875"
"KN296825v1","1582436","1582723","chr8","48763249","48763537","23","47180813"
"KN296825v1","1583635","1583753","chr20","35815413","35815529","17","34231778"
"KN296825v1","1594295","1594575","chr13","23818472","23818751","61","22224177"
"KN296825v1","1620669","1620934","chr8","48726234","48726529","45","47105565"
"KN296825v1","1664703","1664822","chr8","48675642","48675761","6","47010939"
"KN296825v1","1689319","1689630","chr8","48652117","48652440","31","46962798"
"KN296825v1","1699814","1700086","chr8","48642374","48642649","17","46942560"
"KN296825v1","1710778","1711090","chr8","48631639","48631952","20","46920861"
"KN296825v1","1753341","1753534","chr12","8418478","8418663","41","6665137"
"KN296825v1","1758700","1759004","chr1","94535569","94535869","58","92776869"
"KN296825v1","1764511","1764795","chr8","48579849","48580131","23","46815338"
"KN296825v1","1764845","1765043","chr8","48579608","48579801","11","46814763"
"KN296825v1","1782658","1782891","chr8","48561203","48561436","13","46778545"
"KN296825v1","1843896","1844052","chr8","48498138","48498294","8","46654242"
"KN296825v1","1930460","1930756","chr9","113187573","113187872","58","111257113"
"KN296825v1","1960403","1960718","chr8","48370131","48370431","31","46409728"
"KN296825v1","2200880","2201093","chr8","48125861","48126077","18","45924981"
"KN296825v1","2225100","2225421","chr8","48098962","48099273","48","45873862"
"KN296825v1","2261272","2261579","chr8","78196839","78197141","65","75935567"
"KN296825v1","2276006","2276185","chr8","48045005","48045185","11","45768999"
"KN296825v1","2294026","2294146","chr1","181062404","181062527","21","178768378"
"KN296825v1","2294553","2294651","chr8","48026208","48026306","5","45731655"
"KN296825v1","2323801","2323925","chr8","47995461","47995585","7","45671660"
"KN296825v1","2342558","2342698","chr1","71169438","71169578","19","68826880"
"KN296825v1","2425454","2425748","chr8","47898286","47898570","20","45472832"
"KN296825v1","2492335","2492646","chr8","47816711","47817018","24","45324376"
"KN296825v1","2954266","2954558","chr8","47358390","47358686","34","44404124"
"KN296825v1","2968942","2969064","chr8","47343115","47343238","10","44374173"
"KN296825v1","2985724","2986013","chr8","47326363","47326663","37","44340639"
"KN296825v1","3041695","3041773","chr8","47277539","47277617","2","44235844"
"KN296825v1","3133402","3133710","chr12","130918904","130919216","63","127785502"
"KN296825v1","3236338","3236593","chr8","47094379","47094622","31","43858041"
"KN296825v1","3252149","3252221","chr6","75315348","75315411","18","72063199"
"KN296825v1","3252548","3252681","chr5","34604244","34604378","23","31351696"
"KN296827v1","1012","1136","chr2A","75038225","75038353","22","75037213"
"KN296827v1","2861","2994","chrX","23240502","23240636","26","23237641"
"KN296827v1","11908","12198","chr22","3575278","3575581","44","3563370"
"KN296828v1","9743","10046","chr2B","117528781","117529069","58","117519038"
"KN296828v1","26610","26835","chr13","11980425","11980655","61","11953815"
"KN296828v1","82638","82956","chr6","111587699","111588020","16","111505061"
"KN296828v1","112719","112960","chr15","1391558","1391798","56","1278839"
"KN296828v1","271839","271962","chr5","62697459","62697583","18","62425620"
"KN296828v1","312577","312858","chr6","111355760","111356068","38","111043183"
"KN296829v1","427130","427444","chr4","110968202","110968530","36","110541072"
"KN296829v1","626520","626632","chr16","23671795","23671911","19","23045275"
"KN296829v1","626682","626852","chr8","102432786","102432947","55","101806104"
"KN296829v1","696727","696997","chr4","111252857","111253103","44","110556130"
"KN296829v1","737103","737408","chr4","111292393","111292702","28","110555290"
"KN296831v1","54734","55015","chr6","114205916","114206209","39","114151182"
"KN296831v1","97748","98044","chr5","42777038","42777327","59","42679290"
"KN296831v1","119713","120001","chrX","134357061","134357349","62","134237348"
"KN296831v1","203008","203297","chr6","114050411","114050694","24","113847403"
"KN296831v1","265760","266062","chr7","581254","581555","61","315494"
"KN296831v1","336209","336341","chr6","113891962","113892099","14","113555753"
"KN296831v1","336631","336721","chr6","113891589","113891672","17","113554958"
"KN296831v1","437456","437760","chr2B","101438363","101438666","39","101000907"
"KN296831v1","471875","472176","chrX","457522","457824","90","14353"
"KN296831v1","526503","526808","chr6","113699264","113699548","42","113172761"
"KN296831v1","543381","543660","chr6","113682815","113683102","28","113139434"
"KN296831v1","554712","554843","chr16","63519207","63519339","16","62964495"
"KN296831v1","597736","597858","chr6","113635831","113635954","9","113038095"
"KN296831v1","646397","646524","chr6","113576592","113576719","6","112930195"
"KN296831v1","646817","646979","chr6","113576132","113576289","14","112929315"
"KN296831v1","767021","767132","chr6","113457794","113457906","6","112690773"
"KN296831v1","772485","772745","chr2B","126896274","126896540","50","126123789"
"KN296831v1","781930","782054","chr6","113442115","113442240","15","112660185"
"KN296831v1","791860","791992","chr6","113432622","113432754","9","112640762"
"KN296833v1","28632","28955","chr10","118380582","118380901","68","118351950"
"KN296833v1","151497","151793","chrX","134717817","134718112","18","134566320"
"KN296833v1","173227","173496","chr3","130646764","130647033","59","130473537"
"KN296833v1","203753","203951","chrX","134666360","134666559","10","134462607"
"KN296833v1","286686","286981","chrX","134583839","134584120","35","134297153"
"KN296833v1","336632","336926","chr7","76852696","76853000","56","76516064"
"KN296833v1","364750","364856","chr7","64964390","64964498","16","64599640"
"KN296833v1","368767","369064","chrX","134502244","134502524","31","134133477"
"KN296833v1","378424","378543","chrX","134492788","134492909","22","134114364"
"KN296833v1","379283","379424","chrX","134491889","134492031","10","134112606"
"KN296833v1","379731","379895","chrX","134491418","134491592","20","134111687"
"KN296834v1","115677","115975","chr6","110209325","110209617","68","110093648"
"KN296834v1","597049","597304","chr13","49155538","49155792","19","48558489"
"KN296834v1","668226","668359","chr1","225532352","225532483","27","224864126"
"KN296834v1","818789","818935","chr13","49436394","49436540","12","48617605"
"KN296834v1","861969","862212","chr13","49478577","49478820","15","48616608"
"KN296834v1","1009736","1010038","chr8","21924045","21924337","66","20914309"
"KN296836v1","179565","179836","chr10","99449317","99449587","69","99269752"
"KN296836v1","233612","233907","chr6","168629736","168630026","27","168396124"
"KN296836v1","532927","533047","chr6","168925442","168925563","7","168392515"
"KN296836v1","628121","628406","chr6","169015173","169015459","17","168387052"
"KN296836v1","734152","734454","chr6","169126289","169126576","55","168392137"
"KN296836v1","806521","806645","chr6","169206635","169206758","8","168400114"
"KN296836v1","876481","876738","chr19","9120979","9121241","62","8244498"
"KN296836v1","889965","890222","chr6","169284280","169284532","18","168394315"
"KN296844v1","30960","31234","chr15","9271798","9272071","18","9240838"
"KN296844v1","101195","101318","chr15","9338490","9338613","6","9237295"
"KN296844v1","119619","119912","chr13","11539115","11539405","51","11419496"
"KN296844v1","128829","129122","chr15","9373283","9373567","30","9244454"
"KN296844v1","249216","249316","chr15","9493664","9493764","7","9244448"
"KN296844v1","391283","391436","chr15","8687361","8687507","22","8296078"
"KN296844v1","788099","788294","chr1","16244524","16244710","54","15456425"
"KN296844v1","978668","978953","chr15","10259791","10260095","36","9281123"
"KN296844v1","1007300","1007431","chr5","18376843","18376975","16","17369543"
"KN296846v1","956721","956835","chr15","68505259","68505379","23","67548538"
"KN296846v1","956877","956931","chr2A","80073929","80073983","17","79117052"
"KN296846v1","1265162","1265444","chr8","87953936","87954248","54","86688774"
"KN296847v1","48476","48768","chrX","18687806","18688088","64","18639330"
"KN296847v1","68697","68994","chr11","117074068","117074361","27","117005371"
"KN296847v1","82443","82560","chr7","4883355","4883474","18","4800912"
"KN296847v1","83265","83568","chr11","117059306","117059587","39","116976041"
"KN296847v1","90285","90481","chr11","117050283","117050493","23","116959998"
"KN296847v1","95676","95792","chr11","117044919","117045031","8","116949243"
"KN296847v1","112749","112867","chr2B","60611640","60611767","30","60498891"
"KN296847v1","125695","126014","chr20","45903423","45903732","66","45777728"
"KN296847v1","138248","138503","chr11","117003483","117003733","20","116865235"
"KN296847v1","158924","159047","chr11","116982745","116982868","15","116823821"
"KN296847v1","166440","166561","chr14","76903674","76903797","17","76737234"
"KN296847v1","185712","185999","chr11","116957125","116957409","18","116771413"
"KN296847v1","189399","189670","chr11","116953760","116954055","45","116764361"
"KN296847v1","224763","224895","chr11","116922611","116922742","11","116697848"
"KN296847v1","238788","239083","chr11","116909372","116909668","27","116670584"
"KN296847v1","300095","300341","chr11","116847945","116848196","20","116547850"
"KN296847v1","341055","341341","chr11","116811520","116811806","19","116470465"
"KN296847v1","342234","342535","chr16","61944127","61944438","55","61601893"
"KN296847v1","379136","379415","chr5","61095330","61095612","61","60716194"
"KN296847v1","462364","462652","chr11","116690018","116690306","24","116227654"
"KN296847v1","820894","821156","chr11","116324043","116324305","21","115503149"
"KN296847v1","846197","846488","chr11","116298985","116299272","26","115452788"
"KN296847v1","884602","884902","chr17","17580815","17581115","61","16696213"
"KN296847v1","1288794","1289103","chr11","115845255","115845560","29","114556461"
"KN296847v1","1470201","1470506","chr11","115649777","115650084","26","114179576"
"KN296847v1","1553205","1553326","chr3","102986868","102986992","16","101433663"
"KN296847v1","1564232","1564530","chr11","115557072","115557370","30","113992840"
"KN296847v1","1571574","1571662","chr12","124104349","124104439","18","122532775"
"KN296847v1","1871417","1871720","chr11","115232649","115232950","32","113361232"
"KN296847v1","2087210","2087495","chr18","9419109","9419396","59","7331899"
"KN296847v1","2118825","2118965","chr4","98190185","98190325","21","96071360"
"KN296849v1","917332","917621","chr1","11796957","11797270","44","10879625"
"KN296849v1","29243","29504","chr10","114686531","114686803","63","114657288"
"KN296849v1","32310","32485","chr18","60556687","60556851","46","60524377"
"KN296849v1","32794","32930","chr1","13321870","13321993","19","13289076"
"KN296849v1","95808","95957","chrX","90686852","90686990","36","90591044"
"KN296849v1","112802","113091","chr19","18591882","18592173","61","18479080"
"KN296849v1","143828","143949","chr1","12918808","12918918","22","12774980"
"KN296849v1","148756","148873","chr1","12754587","12754693","25","12605831"
"KN296849v1","149530","149647","chr1","12754587","12754693","25","12605057"
"KN296849v1","234567","234692","chr1","46459049","46459173","15","46224482"
"KN296849v1","259705","260017","chr2B","239285","239598","62","20420"
"KN296849v1","271467","271760","chr1","12440048","12440321","35","12168581"
"KN296849v1","287300","287427","chr1","12424547","12424676","8","12137247"
"KN296849v1","287736","287879","chr1","12424085","12424249","33","12136349"
"KN296849v1","290873","291179","chr20","45903423","45903732","55","45612550"
"KN296849v1","300693","301000","chr1","12409493","12409825","41","12108800"
"KN296849v1","303802","303930","chr19","44986470","44986599","22","44682668"
"KN296849v1","328501","328806","chr4","73212798","73213100","61","72884297"
"KN296849v1","387383","387696","chr1","12332882","12333202","33","11945499"
"KN296849v1","426764","427064","chr1","12295311","12295612","19","11868547"
"KN296849v1","434358","434672","chr1","12288732","12289049","32","11854374"
"KN296849v1","464010","464080","chr1","12252759","12252829","7","11788749"
"KN296849v1","517204","517468","chr12","123173512","123173767","62","122656308"
"KN296849v1","540119","540242","chr4","93956676","93956803","34","93416557"
"KN296849v1","540274","540354","chr1","180202132","180202201","23","179661858"
"KN296849v1","542087","542208","chr1","12175299","12175420","7","11633212"
"KN296849v1","580998","581313","chr3","188258754","188259056","70","187677756"
"KN296849v1","585704","585834","chr1","12132025","12132155","8","11546321"
"KN296849v1","688012","688288","chr1","12033389","12033669","24","11345377"
"KN296849v1","690042","690336","chr1","12031354","12031655","25","11341312"
"KN296849v1","701708","701986","chr13","96292803","96293084","63","95591095"
"KN296849v1","705107","705236","chr1","12017589","12017718","11","11312482"
"KN296849v1","707280","707402","chr1","12015745","12015868","12","11308465"
"KN296849v1","712523","712792","chr1","12010134","12010419","31","11297611"
"KN296849v1","721932","722247","chr1","12002751","12003059","25","11280819"
"KN296849v1","724475","724777","chr1","12000511","12000804","41","11276036"
"KN296849v1","741404","741544","chr19","47680720","47680868","31","46939316"
"KN296849v1","741841","741976","chrX","41727955","41728082","34","40986114"
"KN296849v1","759292","759596","chr1","11962790","11963099","16","11203498"
"KN296849v1","801143","801216","chr1","52235522","52235599","14","51434379"
"KN296849v1","812455","812719","chr1","11910568","11910864","49","11098113"
"KN296849v1","877822","878131","chr1","11838589","11838904","22","10960767"
"KN296849v1","883164","883421","chr4","72252909","72253163","68","71369745"
"KN296849v1","924824","924938","chr1","11788343","11788449","16","10863519"
"KN296849v1","960608","960744","chr1","11753545","11753685","16","10792937"
"KN296851v1","87760","87915","chr1","20733302","20733467","36","20645542"
"KN296851v1","92252","92551","chr15","52805259","52805557","32","52713007"
"KN296852v1","12703","12824","chr8","29189140","29189262","19","29176437"
"KN296852v1","18471","18739","chr2A","58650045","58650348","58","58631574"
"KN296852v1","20237","20423","chr2A","58648139","58648318","21","58627902"
"KN296852v1","51781","51910","chr1","79019834","79019959","17","78968053"
"KN296852v1","192689","192991","chr2A","58453289","58453569","42","58260600"
"KN296852v1","572653","572787","chr7","2256744","2256879","27","1684091"
"KN296852v1","572983","573063","chr1","180202132","180202201","28","179629149"
"KN296852v1","824984","825276","chr7","85613746","85614044","63","84788762"
"KN296852v1","1205700","1205987","chr2A","57393844","57394148","39","56188144"
"KN296852v1","1515707","1516014","chr1","125682964","125683256","68","124167257"
"KN296853v1","115744","115872","chr7","57394542","57394663","37","57278798"
"KN296854v1","224012","224277","chr2A","29448332","29448592","32","29224320"
"KN296859v1","118542","118837","chr5","38919984","38920284","63","38801442"
"KN296859v1","226724","226811","chrX","118445408","118445494","13","118218684"
"KN296859v1","890692","890955","chr16","57693384","57693635","73","56802692"
"KN296859v1","940858","941140","chr1","210270176","210270456","57","209329318"
"KN296859v1","949290","949588","chr22","13380489","13380783","61","12431199"
"KN296859v1","1030865","1031176","chr2B","16827940","16828245","68","15797075"
"KN296859v1","1075483","1075786","chr7","30739204","30739502","52","29663721"
"KN296859v1","1078737","1079026","chr1","147141423","147141720","33","146062686"
"KN296859v1","1176752","1177054","chr1","147044379","147044691","45","145867627"
"KN296859v1","1210588","1210814","chr12","67813791","67814010","61","66603203"
"KN296859v1","1220002","1220273","chr1","146998026","146998263","48","145778024"
"KN296859v1","1223154","1223430","chr1","146994906","146995197","30","145771752"
"KN296859v1","1247509","1247796","chr12","124856235","124856518","59","123608726"
"KN296859v1","1346292","1346595","chr1","146873995","146874297","18","145527703"
"KN296859v1","1466429","1466749","chr12","3100782","3101094","61","1634353"
"KN296859v1","1556509","1556809","chr1","146663218","146663520","24","145106709"
"KN296859v1","1813769","1814076","chr3","201159758","201160069","57","199345989"
"KN296859v1","1858715","1859004","chr7","155584438","155584727","56","153725723"
"KN296859v1","1909141","1909440","chr1","146275992","146276287","17","144366851"
"KN296859v1","1911022","1911266","chr1","28451444","28451677","62","26540422"
"KN296859v1","2012966","2013283","chr6","4946400","4946707","59","2933434"
"KN296864v1","3014548","3014871","chr6","54202766","54203079","70","51188218"
"KN296864v1","29239","29549","chr4","7977628","7977939","73","7948389"
"KN296864v1","88975","89222","chr1","42176691","42176939","17","42087716"
"KN296864v1","210260","210558","chr1","42298003","42298302","20","42087743"
"KN296864v1","287325","287602","chr1","42374641","42374919","16","42087316"
"KN296864v1","321136","321429","chr1","42409716","42410007","20","42088580"
"KN296864v1","470826","471115","chr1","42551928","42552217","20","42081102"
"KN296864v1","638455","638719","chr1","42720388","42720601","61","42081933"
"KN296864v1","819082","819183","chr1","42905935","42906033","17","42086853"
"KN296864v1","877936","878141","chr1","99271885","99272099","48","98393949"
"KN296864v1","885779","886017","chr1","42973753","42973989","18","42087974"
"KN296864v1","917871","918144","chr1","43008358","43008633","25","42090487"
"KN296864v1","999501","999616","chr2B","10597169","10597285","33","9597668"
"KN296864v1","1019311","1019443","chr1","43109976","43110110","10","42090665"
"KN296864v1","1042677","1042854","chr1","26457448","26457621","38","25414771"
"KN296864v1","1043165","1043300","chr1","26744541","26744673","25","25701376"
"KN296864v1","1063118","1063339","chr1","15494734","15494954","50","14431616"
"KN296864v1","1084266","1084558","chr1","43174221","43174514","16","42089955"
"KN296864v1","1097229","1097505","chr1","43189489","43189784","34","42092260"
"KN296864v1","1120393","1120632","chr1","166737175","166737413","66","165616782"
"KN296864v1","1133634","1133898","chr1","43224452","43224708","28","42090818"
"KN296864v1","1164663","1164796","chr1","163698346","163698477","24","162533683"
"KN296864v1","1181125","1181436","chr20","45903423","45903732","49","44722298"
"KN296864v1","1202702","1202993","chr6","5780179","5780469","51","4577477"
"KN296864v1","1247301","1247388","chr3","37824279","37824361","27","36576978"
"KN296864v1","1260089","1260222","chr1","43346183","43346314","7","42086094"
"KN296864v1","1330356","1330651","chr1","43424204","43424499","19","42093848"
"KN296864v1","1331163","1331379","chr6","164363020","164363240","50","163031857"
"KN296864v1","1356101","1356240","chr7","64148731","64148861","25","62792630"
"KN296864v1","1384725","1385020","chr1","130921283","130921568","69","129536558"
"KN296864v1","1417269","1417586","chr1","43516165","43516482","22","42098896"
"KN296864v1","1662415","1662725","chr7","78816351","78816647","80","77153936"
"KN296864v1","1698886","1699189","chr1","43663819","43664127","32","41964933"
"KN296864v1","1738170","1738497","chr12","56470316","56470616","81","54732146"
"KN296864v1","1813314","1813447","chr1","43781156","43781289","13","41967842"
"KN296864v1","1824116","1824409","chr1","43791119","43791411","22","41967003"
"KN296864v1","1862603","1862914","chr1","43833638","43833938","28","41971035"
"KN296864v1","2027399","2027488","chr6","164200455","164200536","18","162173056"
"KN296864v1","2061757","2061884","chr2A","75336053","75336177","24","73274296"
"KN296864v1","2181968","2182118","chr1","44150272","44150415","15","41968304"
"KN296864v1","2200741","2201048","chr1","44175880","44176187","27","41975139"
"KN296864v1","2202484","2202791","chr1","44177603","44177913","13","41975119"
"KN296864v1","2209688","2209839","chr1","44184357","44184509","24","41974669"
"KN296864v1","2210130","2210273","chr1","44184812","44184955","7","41974682"
"KN296864v1","2239835","2239991","chr1","44214199","44214355","8","41974364"
"KN296864v1","2249584","2249833","chr1","44222881","44223129","33","41973297"
"KN296864v1","2264536","2264805","chr7","72901310","72901573","62","70636774"
"KN296864v1","2267981","2268276","chr5","59151319","59151615","69","56883338"
"KN296864v1","2303270","2303561","chr1","44265208","44265492","30","41961938"
"KN296864v1","2317199","2317501","chr1","44278093","44278366","45","41960894"
"KN296864v1","2373652","2373776","chr6","140949301","140949425","20","138575649"
"KN296864v1","2384568","2384860","chr1","215980539","215980826","67","213595971"
"KN296864v1","2404818","2405019","chr1","44362598","44362800","14","41957780"
"KN296864v1","2445228","2445566","chr1","44403405","44403716","43","41958177"
"KN296864v1","2561166","2561452","chr6","140154230","140154511","53","137593064"
"KN296864v1","2606480","2606792","chr16","77202423","77202738","61","74595943"
"KN296864v1","2644516","2644827","chr1","44600709","44601008","44","41956193"
"KN296864v1","2645980","2646138","chr12","21382233","21382375","39","18736253"
"KN296864v1","2646435","2646612","chr9","87300857","87301037","41","84654422"
"KN296864v1","2709533","2709835","chr1","44656779","44657081","58","41947246"
"KN296864v1","2717938","2718253","chr6","3119604","3119911","67","401666"
"KN296864v1","2724518","2724646","chr1","44670821","44670944","12","41946303"
"KN296864v1","2730961","2731270","chr1","44676789","44677090","29","41945828"
"KN296864v1","2737155","2737284","chr9","87439234","87439366","18","84702079"
"KN296864v1","2759538","2759821","chr1","44705089","44705373","29","41945551"
"KN296864v1","2771227","2771359","chrX","39266510","39266642","26","36495283"
"KN296864v1","2804449","2804720","chr1","44753289","44753555","41","41948840"
"KN296864v1","3055504","3055766","chr1","45018331","45018593","22","41962827"
"KN296864v1","3057305","3057585","chr1","45020114","45020415","40","41962809"
"KN296864v1","3128764","3129074","chr1","203347567","203347865","76","200218803"
"KN296864v1","3173182","3173464","chr1","45130702","45130981","20","41957520"
"KN296864v1","3236347","3236396","chr1","45193750","45193798","5","41957403"
"KN296864v1","3236704","3236846","chr1","45194108","45194263","21","41957404"
"KN296864v1","3251714","3251841","chr19","16115249","16115375","21","12863535"
"KN296864v1","3279167","3279473","chr1","45236019","45236317","31","41956852"
"KN296864v1","3318250","3318548","chr9","103267834","103268133","60","99949584"
"KN296864v1","3323328","3323477","chr16","61297488","61297630","29","57974160"
"KN296864v1","3361050","3361184","chr1","45303014","45303163","23","41941964"
"KN296864v1","3361499","3361516","chr3","50776577","50776591","6","47415078"
"KN296864v1","3361542","3361655","chr20","4788401","4788515","25","1426859"
"KN296865v1","55834","55945","chr2A","22670722","22670833","26","22614888"
"KN296865v1","108246","108514","chr1","101465349","101465615","60","101357103"
"KN296865v1","375550","375690","chr2A","97034318","97034458","17","96658768"
"KN296865v1","497703","497987","chr1","116555530","116555818","20","116057827"
"KN296865v1","566685","566774","chrX","132897298","132897388","21","132330613"
"KN296865v1","701212","701491","chr1","116346784","116347058","28","115645572"
"KN296865v1","722347","722647","chr1","116321143","116321448","26","115598796"
"KN296865v1","723779","723904","chr6","140289812","140289936","19","139566033"
"KN296865v1","798283","798565","chr20","43757148","43757418","69","42958865"
"KN296865v1","839938","840234","chr5","8031285","8031573","76","7191347"
"KN296865v1","859246","859556","chr1","116187927","116188238","24","115328681"
"KN296865v1","902651","902818","chr5","135200486","135200651","40","134297835"
"KN296865v1","902864","902979","chr16","21276045","21276162","17","20373181"
"KN296865v1","904125","904423","chr1","116142252","116142544","32","115238127"
"KN296865v1","960262","960392","chr5","32334600","32334725","19","31374338"
"KN296865v1","988610","988918","chr1","116056110","116056402","39","115067500"
"KN296865v1","991303","991452","chr1","116051694","116051844","8","115060391"
"KN296865v1","998564","998697","chr5","8452004","8452134","19","7453440"
"KN296865v1","1008878","1009039","chr15","19638987","19639151","42","18630109"
"KN296865v1","1019930","1020176","chr1","116024838","116025090","25","115004908"
"KN296865v1","1083423","1083726","chr1","115959383","115959679","32","114875960"
"KN296865v1","1094393","1094686","chr1","115952376","115952682","35","114857983"
"KN296865v1","1102726","1103044","chr1","125529178","125529481","71","124426452"
"KN296865v1","1108970","1109171","chr1","115935420","115935621","11","114826450"
"KN296865v1","1175666","1175898","chr1","115869323","115869549","22","114693657"
"KN296865v1","1271014","1271299","chr1","115773489","115773784","37","114502475"
"KN296865v1","1467629","1467754","chr1","115562279","115562406","15","114094650"
"KN296865v1","1514080","1514198","chr1","115510931","115511049","5","113996851"
"KN296865v1","1543145","1543429","chr1","115481242","115481540","33","113938097"
"KN296865v1","1656719","1657011","chr7","72179457","72179751","62","70522738"
"KN296865v1","1703976","1704370","chr9","15353986","15354374","121","13650010"
"KN296865v1","1709911","1710157","chr18","1622246","1622504","56","87665"
"KN296865v1","1746973","1747246","chr1","115298445","115298721","35","113551472"
"KN296865v1","1757357","1757569","chr21","28521119","28521341","51","26763762"
"KN296865v1","1813524","1813816","chr1","115231933","115232218","30","113418409"
"KN296865v1","1823285","1823416","chr1","115222104","115222230","8","113398819"
"KN296865v1","2005440","2005746","chr1","115016312","115016617","31","113010872"
"KN296865v1","2005827","2005945","chr1","115016111","115016233","8","113010284"
"KN296869v1","143032","143242","chrX","119886123","119886333","48","119743091"
"KN296869v1","440547","440730","chr16","27975710","27975892","51","27535163"
"KN296869v1","441034","441140","chr18","11728860","11728970","24","11287826"
"KN296869v1","545768","545853","chr12","126228829","126228914","15","125683061"
"KN296869v1","596993","597124","chr21","19076283","19076412","11","18479290"
"KN296869v1","668060","668316","chr9","80206093","80206353","74","79538033"
"KN296870v1","1128","1268","chr7","148208827","148208966","21","148207699"
"KN296871v1","18997","19313","chr3","124317037","124317339","35","124298040"
"KN296872v1","63577","63637","chrX","55006567","55006626","5","54942990"
"KN296872v1","78735","78896","chr5","115194278","115194439","8","115115543"
"KN296873v1","78535","78791","chr5","34782327","34782583","72","34703792"
"KN296873v1","95651","95970","chr5","143369495","143369784","47","143273844"
"KN296873v1","166304","166441","chr5","143299119","143299261","11","143132815"
"KN296873v1","178108","178394","chr5","143287168","143287454","12","143109060"
"KN296873v1","247419","247696","chr5","143203603","143203885","21","142956184"
"KN296873v1","295825","295953","chr5","143160786","143160914","6","142864961"
"KN296873v1","343019","343309","chr2B","82427435","82427727","74","82084416"
"KN296873v1","354822","355108","chr5","143098009","143098313","43","142743187"
"KN296874v1","164928","165058","chr7","99156483","99156613","6","98991555"
"KN296874v1","234871","235001","chr7","99079702","99079823","21","98844831"
"KN296875v1","296189","296471","chr10","114686531","114686803","62","114390342"
"KN296877v1","59989","60035","chr9","89761818","89761864","1","89701829"
"KN296877v1","115744","115861","chr7","141988047","141988165","24","141872303"
"KN296877v1","136042","136344","chr4","177546395","177546700","71","177410353"
"KN296877v1","202974","203216","chr9","89909277","89909517","23","89706303"
"KN296877v1","264578","264893","chr9","89970700","89971028","27","89706122"
"KN296877v1","320515","320813","chr9","90031037","90031337","21","89710522"
"KN296877v1","430758","431069","chr12","125163839","125164147","58","124733081"
"KN296877v1","469335","469629","chr11","123142979","123143277","75","122673644"
"KN296879v1","786325","786612","chr9","77224786","77225075","22","76438461"
"KN296879v1","41561","41862","chr9","76528602","76528893","40","76487041"
"KN296879v1","42688","42990","chr9","8645816","8646116","26","8603128"
"KN296879v1","43958","44250","chr10","67444745","67445031","33","67400787"
"KN296879v1","96698","96942","chr6","153888775","153889025","71","153792077"
"KN296879v1","122659","122934","chr16","28705802","28706082","63","28583143"
"KN296879v1","180658","180967","chr9","76654301","76654613","32","76473643"
"KN296879v1","222874","223129","chr9","76698831","76699088","21","76475957"
"KN296879v1","298733","298945","chr7","73106320","73106544","48","72807587"
"KN296879v1","325083","325259","chr9","76793613","76793814","32","76468530"
"KN296879v1","333688","333911","chr9","76802368","76802591","12","76468680"
"KN296879v1","596617","596808","chr1","78882359","78882549","42","78285742"
"KN296879v1","609443","609738","chr9","77048151","77048470","43","76438708"
"KN296879v1","625470","625611","chr19","44880240","44880371","29","44254770"
"KN296879v1","636509","636801","chrX","42260094","42260393","78","41623585"
"KN296879v1","697175","697280","chr1","140286901","140287007","29","139589726"
"KN296879v1","697581","697777","chr12","120815326","120815513","44","120117745"
"KN296879v1","703354","703643","chr5","9915818","9916116","65","9212464"
"KN296879v1","801247","801533","chr8","21517024","21517312","61","20715777"
"KN296879v1","857778","858108","chr9","77296734","77297057","33","76438956"
"KN296879v1","872400","872691","chr9","77310597","77310891","26","76438197"
"KN296879v1","939582","939870","chr7","71232082","71232367","61","70292500"
"KN296879v1","1067270","1067569","chr9","77516701","77516987","32","76449431"
"KN296879v1","1124612","1124911","chr14","85599068","85599371","65","84474456"
"KN296879v1","1215101","1215400","chr9","77655171","77655470","22","76440070"
"KN296879v1","1346824","1347135","chr9","77797994","77798302","28","76451170"
"KN296879v1","1427598","1427792","chr14","79213960","79214145","57","77786362"
"KN296879v1","1497408","1497539","chr7","90313868","90314000","21","88816460"
"KN296880v1","34740","35060","chr8","54571769","54572084","66","54537029"
"KN296880v1","40856","40986","chr5","8452004","8452134","26","8411148"
"KN296880v1","83251","83563","chr9","103448494","103448801","26","103365243"
"KN296880v1","237905","238200","chr9","103602111","103602411","30","103364206"
"KN296880v1","263427","263725","chr9","103626393","103626695","35","103362966"
"KN296880v1","356385","356510","chr1","214884833","214884962","26","214528448"
"KN296880v1","431471","431783","chr9","103784948","103785258","30","103353477"
"KN296883v1","158727","159030","chr14","39106671","39106966","35","38947944"
"KN296883v1","180470","180740","chr14","39065320","39065619","43","38884850"
"KN296883v1","395158","395467","chr20","45903423","45903732","63","45508265"
"KN296883v1","470087","470402","chr14","38792798","38793113","28","38322711"
"KN296883v1","482628","482741","chr12","93137141","93137255","14","92654513"
"KN296883v1","515043","515343","chr2B","99332874","99333169","62","98817831"
"KN296883v1","538673","538781","chr14","38721595","38721703","3","38182922"
"KN296883v1","560494","560794","chr14","38699321","38699593","43","38138827"
"KN296883v1","650281","650600","chr14","38600464","38600750","60","37950183"
"KN296883v1","668061","668194","chr1","52847100","52847233","24","52179039"
"KN296883v1","731373","731606","chr7","2619637","2619894","63","1888264"
"KN296883v1","754002","754200","chr14","38498391","38498587","20","37744389"
"KN296883v1","788809","789048","chr14","38462845","38463091","18","37674036"
"KN296883v1","819223","819504","chr3","193447985","193448264","26","192628762"
"KN296883v1","823121","823288","chr14","38425295","38425457","14","37602174"
"KN296883v1","825822","826125","chr10","116537467","116537764","67","115711645"
"KN296883v1","888345","888479","chr14","38362590","38362725","11","37474245"
"KN296883v1","893168","893481","chr16","60630135","60630442","58","59736967"
"KN296883v1","901859","902046","chr14","38349561","38349741","26","37447702"
"KN296883v1","903598","903705","chr10","15737799","15737904","19","14834201"
"KN296883v1","939189","939487","chr9","43467361","43467652","67","42528172"
"KN296883v1","963115","963406","chrX","151124597","151124886","48","150161482"
"KN296883v1","995770","996060","chr14","38259452","38259736","29","37263682"
"KN296883v1","1028728","1028955","chr9","76802368","76802591","56","75773640"
"KN296883v1","1033192","1033366","chr10","64999827","65000000","30","63966635"
"KN296883v1","1044900","1045198","chr14","38213210","38213539","51","37168310"
"KN296883v1","1053804","1053933","chr1","36304016","36304150","19","35250212"
"KN296883v1","1062478","1062707","chr14","38189900","38190153","39","37127422"
"KN296883v1","1088520","1088756","chr14","38166446","38166682","19","37077926"
"KN296883v1","1105987","1106126","chr14","38150103","38150235","16","37044116"
"KN296883v1","1129004","1129288","chr14","38118455","38118739","20","36989451"
"KN296883v1","1221918","1222201","chrX","16554883","16555162","59","15332965"
"KN296883v1","1222202","1222335","chr14","38023370","38023502","10","36801168"
"KN296883v1","1278927","1279230","chr19","33310321","33310626","56","32031394"
"KN296883v1","1289060","1289364","chr14","37948122","37948423","19","36659062"
"KN296883v1","1350120","1350242","chr14","37886250","37886374","8","36536130"
"KN296883v1","1468361","1468645","chr12","120054024","120054306","58","118585663"
"KN296883v1","1482390","1482538","chr14","37753940","37754087","8","36271550"
"KN296883v1","1639557","1639855","chr14","37605513","37605828","44","35965956"
"KN296883v1","1669802","1670095","chr14","37574251","37574534","38","35904449"
"KN296883v1","1874312","1874558","chr14","37327837","37328114","48","35453525"
"KN296883v1","2087655","2087747","chr14","37139059","37139152","11","35051404"
"KN296883v1","2088564","2088858","chr8","138262795","138263080","63","136174231"
"KN296883v1","2156897","2157026","chr14","37071844","37071973","9","34914947"
"KN296883v1","2455733","2455835","chr1","127607529","127607623","33","125151796"
"KN296883v1","2806363","2806649","chr7","27106549","27106845","62","24300186"
"KN296883v1","2830430","2830700","chr14","36391213","36391479","15","33560783"
"KN296883v1","2913692","2913993","chr14","77124509","77124803","62","74210817"
"KN296883v1","2919552","2919767","chr14","72808786","72809010","42","69889234"
"KN296883v1","2923007","2923277","chr17","2102335","2102603","51","820672"
"KN296883v1","2967374","2967506","chr14","36268728","36268860","15","33301354"
"KN296883v1","2978743","2979042","chr14","36257501","36257802","24","33278758"
"KN296883v1","3111438","3111750","chr14","36130847","36131162","33","33019409"
"KN296883v1","3139996","3140228","chr14","36085409","36085641","23","32945413"
"KN296883v1","3161305","3161413","chr9","33985311","33985412","33","30824006"
"KN296883v1","3262665","3262944","chr14","35972101","35972363","36","32709436"
"KN296883v1","3372314","3372582","chr12","112863774","112864039","60","109491460"
"KN296883v1","3602187","3602358","chr8","38602605","38602787","38","35000418"
"KN296883v1","3818988","3819243","chr1","65876015","65876266","69","62057027"
"KN296884v1","63133","63423","chr3","155547634","155547927","20","155484501"
"KN296884v1","67062","67146","chr1","31495599","31495681","18","31428537"
"KN296884v1","67165","67292","chr5","34967766","34967895","20","34900601"
"KN296884v1","133804","133956","chr3","78081918","78082080","36","77948114"
"KN296884v1","133985","134106","chr3","126390306","126390424","17","126256321"
"KN296884v1","141339","141586","chr17","2102335","2102603","69","1960996"
"KN296884v1","161098","161220","chr3","155448214","155448336","8","155287116"
"KN296884v1","178815","178938","chr3","155432492","155432609","20","155253677"
"KN296884v1","214985","215287","chr3","155394115","155394417","23","155179130"
"KN296884v1","276745","277034","chr3","155321671","155321969","27","155044926"
"KN296884v1","328624","328859","chr19","46658097","46658337","50","46329473"
"KN296884v1","380315","380437","chr1","227320619","227320734","26","226940304"
"KN296884v1","599573","599695","chr3","154996793","154996917","8","154397220"
"KN296884v1","872653","872919","chr12","120834740","120835015","71","119962087"
"KN296884v1","918708","918967","chr3","154692924","154693185","17","153774216"
"KN296884v1","926899","927017","chr3","154684473","154684594","11","153757574"
"KN296884v1","987527","987812","chr3","154625375","154625679","37","153637848"
"KN296884v1","1079851","1079976","chr3","154534671","154534796","6","153454820"
"KN296884v1","1152152","1152284","chr3","154464108","154464240","3","153311956"
"KN296884v1","1159030","1159333","chr3","154457392","154457691","26","153298362"
"KN296884v1","1390929","1391053","chr3","154198689","154198817","20","152807760"
"KN296884v1","1415786","1416079","chr14","14205936","14206211","73","12790150"
"KN296884v1","1587099","1587229","chr12","31661933","31662063","20","30074834"
"KN296884v1","1653877","1653982","chr6","7071436","7071537","23","5417559"
"KN296885v1","77850","78083","chr5","88809166","88809400","18","88731316"
"KN296885v1","221755","221883","chr5","88654598","88654733","11","88432843"
"KN296885v1","255946","256107","chrX","111522916","111523078","41","111266970"
"KN296885v1","353740","353857","chr6","35312378","35312497","27","34958638"
"KN296885v1","353902","354070","chr5","163714526","163714694","41","163360624"
"KN296885v1","1301927","1302212","chr5","87574024","87574331","51","86272097"
"KN296885v1","1552826","1553047","chr22","3450874","3451095","65","1898048"
"KN296885v1","2443984","2444297","chr5","86435415","86435706","39","83991431"
"KN296885v1","2690742","2690970","chr5","86183537","86183765","27","83492795"
"KN296885v1","2762367","2762493","chr15","69599317","69599445","18","66836950"
"KN296885v1","2827136","2827445","chr20","45903423","45903732","59","43076287"
"KN296885v1","2882747","2882852","chr22","17596915","17597017","29","14714168"
"KN296885v1","3173301","3173429","chr7","155017241","155017375","27","151843940"
"KN296893v1","19862","20169","chr6","33717387","33717693","56","33697525"
"KN296893v1","23103","23396","chrX","5071285","5071585","35","5048182"
"KN296893v1","27792","28082","chr20","30801767","30802056","63","30773975"
"KN296893v1","33954","34210","chr2B","57767642","57767908","61","57733688"
"KN296893v1","140805","141063","chrX","4956377","4956638","17","4815572"
"KN296893v1","288334","288597","chr19","54662110","54662376","64","54373776"
"KN296900v1","133853","134123","chr2A","43205236","43205533","43","43071383"
"KN296900v1","210804","211044","chr2A","32623370","32623620","61","32412566"
"KN296900v1","214823","214998","chr14","75049781","75049960","34","74834958"
"KN296900v1","241069","241397","chr1","38229240","38229551","111","37988171"
"KN296905v1","184555","184843","chr20","46207827","46208100","74","46023272"
"KN296906v1","126135","126199","chr4","140567596","140567660","9","140441461"
"KN296907v1","119550","119848","chr10","114686531","114686803","76","114566981"
"KN296907v1","402709","402994","chr22","5034974","5035263","61","4632265"
"KN296907v1","432704","432974","chrX","10289948","10290213","65","9857244"
"KN296907v1","458011","458251","chr8","131323354","131323599","27","130865343"
"KN296907v1","486427","486550","chr8","131351031","131351154","12","130864604"
"KN296907v1","554823","555099","chr8","131422620","131422895","16","130867797"
"KN296907v1","585053","585336","chr8","131454256","131454522","27","130869203"
"KN296907v1","601006","601157","chr8","131471024","131471173","16","130870018"
"KN296907v1","639999","640294","chr8","131511571","131511866","18","130871572"
"KN296907v1","659108","659393","chr8","131530980","131531265","24","130871872"
"KN296907v1","700026","700329","chrX","40440416","40440713","62","39740390"
"KN296907v1","717949","718271","chr8","131595251","131595576","33","130877302"
"KN296907v1","721330","721625","chr8","131598633","131598899","51","130877303"
"KN296907v1","743643","743773","chr8","131617234","131617367","15","130873591"
"KN296907v1","778145","778427","chr8","131650759","131651064","48","130872614"
"KN296907v1","853340","853638","chr8","131729100","131729399","22","130875760"
"KN296907v1","856206","856475","chr10","41688668","41688941","59","40832462"
"KN296907v1","1029401","1029724","chr11","113761356","113761658","70","112731955"
"KN296907v1","1071146","1071440","chr8","131939214","131939500","40","130868068"
"KN296907v1","1085898","1086213","chr8","131954561","131954871","24","130868663"
"KN296907v1","1126897","1127189","chr8","131993889","131994181","25","130866992"
"KN296907v1","1142164","1142473","chr7","64366941","64367248","81","63224777"
"KN296907v1","1155788","1155920","chr8","132025908","132026038","10","130870120"
"KN296908v1","301793","302089","chr17","17580815","17581115","62","17279022"
"KN296908v1","532545","532854","chr4","156974374","156974674","28","156441829"
"KN296908v1","625107","625391","chr4","157066277","157066562","20","156441170"
"KN296910v1","28812","29092","chr2A","27584552","27584832","23","27555740"
"KN296913v1","951219","951501","chr2B","107682936","107683218","31","106731717"
"KN296913v1","952685","952957","chr2B","107684368","107684640","14","106731683"
"KN296913v1","1235390","1235483","chr2B","107966427","107966520","6","106731037"
"KN296913v1","1235869","1236081","chr2B","107966900","107967086","49","106731031"
"KN296913v1","1463858","1464168","chr2B","108196214","108196511","40","106732356"
"KN296913v1","1484588","1484884","chr2B","108209306","108209605","16","106724718"
"KN296913v1","1715310","1715447","chr5","34604244","34604378","21","32888934"
"KN296913v1","1715524","1715828","chr2B","108458712","108459006","26","106743188"
"KN296915v1","32040","32349","chr5","95652644","95652926","47","95620604"
"KN296915v1","231980","232256","chr1","44460999","44461278","74","44229019"
"KN296915v1","238903","239214","chr5","95847688","95847986","40","95608785"
"KN296915v1","257257","257508","chr5","95866181","95866442","24","95608924"
"KN296915v1","302030","302163","chr5","95909307","95909439","9","95607277"
"KN296915v1","327236","327451","chr1","114097062","114097261","64","113769826"
"KN296916v1","55049","55311","chr8","83104728","83104999","27","83049679"
"KN296916v1","154518","154803","chr6","119628815","119629104","62","119474297"
"KN296916v1","164619","164753","chr8","82992110","82992245","9","82827491"
"KN296916v1","165046","165218","chr8","82991649","82991814","16","82826603"
"KN296916v1","208338","208610","chr10","125317446","125317720","58","125109108"
"KN296916v1","250573","250870","chr8","82912290","82912573","26","82661717"
"KN296916v1","262770","262900","chr8","82903692","82903822","14","82640922"
"KN296916v1","268916","269196","chr8","82897721","82898007","26","82628805"
"KN296916v1","271315","271600","chr15","69814546","69814836","60","69543231"
"KN296916v1","286072","286403","chr1","21741048","21741367","71","21454976"
"KN296916v1","299298","299583","chr8","82869536","82869818","23","82570238"
"KN296916v1","307214","307494","chr8","82862270","82862570","38","82555056"
"KN296916v1","312014","312297","chr8","82857272","82857560","19","82545258"
"KN296916v1","351790","351859","chr12","627045","627114","12","275255"
"KN296916v1","375658","375950","chr8","82789366","82789675","32","82413708"
"KN296916v1","393667","393971","chr8","82778471","82778790","36","82384804"
"KN296916v1","435035","435313","chr17","23883477","23883755","70","23448442"
"KN296916v1","451177","451480","chr8","82722769","82723092","34","82271592"
"KN296916v1","463113","463246","chr8","82717291","82717422","6","82254178"
"KN296916v1","475813","476096","chr10","92000147","92000431","80","91524334"
"KN296916v1","511379","511660","chr5","32679940","32680230","67","32168561"
"KN296916v1","531984","532278","chr8","82641863","82642162","18","82109879"
"KN296916v1","549624","549907","chr8","82628344","82628641","35","82078720"
"KN296916v1","572942","573235","chr8","82604915","82605214","24","82031973"
"KN296916v1","606972","607257","chr8","82571221","82571508","29","81964249"
"KN296916v1","695527","695840","chr8","82492464","82492781","13","81796937"
"KN296917v1","20777","21066","chrX","54890581","54890870","8","54869804"
"KN296917v1","39789","40057","chrX","54870954","54871255","44","54831165"
"KN296920v1","296075","296383","chr5","31619722","31620017","36","31323647"
"KN296920v1","1121793","1121930","chr15","30822557","30822696","32","29700764"
"KN296920v1","1121968","1122134","chr19","39896361","39896531","41","38774393"
"KN296921v1","3820","4127","chr2B","22918313","22918618","66","22914493"
"KN296921v1","191105","191387","chr6","75014036","75014318","15","74822931"
"KN296921v1","227618","227828","chr7","71594846","71595059","35","71367228"
"KN296921v1","344898","345021","chr6","75149498","75149629","20","74804600"
"KN296921v1","404588","404916","chr6","75206310","75206641","55","74801722"
"KN296921v1","493363","493672","chr13","82589331","82589636","78","82095968"
"KN296921v1","493988","494112","chr6","75302067","75302188","8","74808079"
"KN296921v1","537984","538216","chr6","75356988","75357217","17","74819004"
"KN296921v1","538569","538841","chr6","75357589","75357862","31","74819020"
"KN296921v1","546187","546407","chr11","71863784","71864004","45","71317597"
"KN296921v1","603306","603317","chr5","162207633","162207643","4","161604327"
"KN296921v1","603614","603729","chr11","35329551","35329661","23","34725937"
"KN296921v1","646557","646680","chr7","83053990","83054109","20","82407433"
"KN296921v1","670561","670775","chr1","48862146","48862371","41","48191585"
"KN296921v1","687041","687309","chr10","116390809","116391077","83","115703768"
"KN296921v1","721276","721566","chr6","75527990","75528280","15","74806714"
"KN296921v1","829242","829517","chr6","75632611","75632909","42","74803369"
"KN296921v1","834157","834288","chr6","75641832","75641963","6","74807675"
"KN296921v1","859295","859591","chr6","75666808","75667108","33","74807513"
"KN296921v1","884385","884661","chr6","75692966","75693265","39","74808581"
"KN296921v1","953156","953294","chr1","11753545","11753685","20","10800389"
"KN296921v1","1437340","1437635","chr6","76270310","76270610","28","74832970"
"KN296921v1","2383332","2383492","chr6","77282156","77282312","20","74898824"
"KN296921v1","2483760","2484051","chr6","77412625","77412907","22","74928865"
"KN296921v1","2508643","2508947","chr6","77442120","77442430","26","74933477"
"KN296921v1","2622285","2622339","chr1","127875722","127875775","8","125253437"
"KN296921v1","2713506","2713799","chr6","77649028","77649320","15","74935522"
"KN296921v1","2749718","2749860","chr6","77681400","77681547","15","74931682"
"KN296921v1","2787163","2787435","chr6","77721655","77721922","22","74934492"
"KN296921v1","2837790","2837945","chr10","111866332","111866492","41","109028542"
"KN296921v1","2920626","2920892","chr22","28376420","28376678","64","25455794"
"KN296921v1","2928712","2928988","chr13","26355414","26355688","61","23426702"
"KN296921v1","2981304","2981423","chr10","111817533","111817656","17","108836229"
"KN296922v1","11312","11437","chr1","1182740","1182864","8","1171428"
"KN296922v1","29902","30026","chr1","1182740","1182864","15","1152838"
"KN296922v1","213157","213448","chr19","3665513","3665803","73","3452356"
"KN296922v1","299142","299427","chr2B","66247721","66247999","77","65948579"
"KN296922v1","405594","405901","chr5","59104388","59104700","65","58698794"
"KN296922v1","410597","410738","chr19","21158577","21158719","23","20747980"
"KN296922v1","611301","611602","chr19","21586935","21587230","22","20975634"
"KN296922v1","659890","660176","chr19","21485358","21485644","67","20825468"
"KN296922v1","765228","765359","chr19","21327948","21328079","13","20562720"
"KN296922v1","769301","769433","chr19","21324849","21324981","11","20555548"
"KN296923v1","28971","29296","chr2A","18318585","18318910","28","18289614"
"KN296925v1","60475","60761","chr14","11006186","11006484","31","10945711"
"KN296925v1","76789","76907","chr9","12393723","12393840","17","12316934"
"KN296925v1","76942","77068","chr12","57258842","57258974","33","57181900"
"KN296925v1","176537","176839","chr9","97055119","97055410","68","96878582"
"KN296925v1","183969","184235","chr1","40621951","40622220","66","40437982"
"KN296925v1","190570","190664","chr6","149245754","149245850","22","149055184"
"KN296925v1","255980","256119","chr5","54598228","54598364","27","54342248"
"KN296925v1","274578","274646","chrX","49236587","49236655","8","48962009"
"KN296925v1","330016","330133","chr2A","22670722","22670833","21","22340706"
"KN296925v1","367043","367350","chr14","10713747","10714079","47","10346704"
"KN296925v1","367421","367662","chr14","10714144","10714385","21","10346723"
"KN296926v1","134143","134253","chr5","50302900","50303010","2","50168757"
"KN296926v1","147610","147706","chr5","50315983","50316079","6","50168373"
"KN296926v1","170143","170430","chr15","63891016","63891294","75","63720873"
"KN296926v1","199123","199299","chr5","50361968","50362144","8","50162845"
"KN296926v1","205559","205845","chr5","19744576","19744864","54","19539017"
"KN296926v1","244971","245276","chr5","50411233","50411539","18","50166262"
"KN296926v1","308700","308825","chr9","13918319","13918443","21","13609619"
"KN296926v1","308876","309027","chr12","25236149","25236293","38","24927273"
"KN296926v1","368950","369254","chr5","50545842","50546168","38","50176892"
"KN296926v1","418709","419008","chr9","29802357","29802652","54","29383648"
"KN296926v1","503186","503441","chr5","50679977","50680259","44","50176791"
"KN296926v1","609305","609437","chrX","39266510","39266642","16","38657205"
"KN296926v1","614216","614353","chr5","50792378","50792532","25","50178162"
"KN296926v1","641788","642087","chr16","40400257","40400555","59","39758469"
"KN296926v1","665601","665742","chr5","50846735","50846876","12","50181134"
"KN296926v1","666037","666198","chr5","50847179","50847347","17","50181142"
"KN296926v1","674575","674880","chr5","50863774","50864041","50","50189199"
"KN296926v1","743355","743651","chr17","15024823","15025127","65","14281468"
"KN296926v1","752622","752815","chr5","50928794","50928979","22","50176172"
"KN296926v1","781011","781293","chr5","50971803","50972087","30","50190792"
"KN296926v1","783180","783496","chr5","50973346","50973674","32","50190166"
"KN296926v1","858116","858405","chr5","51043894","51044180","23","50185778"
"KN296926v1","868008","868147","chr20","48124582","48124724","29","47256574"
"KN296926v1","868525","868803","chr5","51053633","51053894","52","50185108"
"KN296926v1","882748","883059","chr5","51066658","51066966","23","50183910"
"KN296926v1","887309","887616","chr5","51071236","51071543","24","50183927"
"KN296926v1","906818","906998","chr19","43501824","43502000","30","42595006"
"KN296926v1","964929","965239","chr5","51152001","51152317","21","50187072"
"KN296926v1","999115","999439","chr5","51186961","51187284","25","50187846"
"KN296926v1","1034277","1034572","chr6","12989545","12989840","57","11955268"
"KN296926v1","1070925","1071049","chr5","52425660","52425784","2","51354735"
"KN296926v1","1155134","1155267","chr1","12132025","12132155","24","10976891"
"KN296926v1","1177593","1177902","chr5","52530449","52530780","58","51352856"
"KN296926v1","1188210","1188456","chr5","52541289","52541535","9","51353079"
"KN296926v1","1244714","1244879","chr16","79046863","79047008","50","77802149"
"KN296926v1","1246009","1246060","chr11","75943923","75943973","12","74697914"
"KN296926v1","1246467","1246561","chr5","52600047","52600141","10","51353580"
"KN296929v1","31858","32147","chr4","47355648","47355943","21","47323790"
"KN296929v1","49882","49923","chrX","104447283","104447322","9","104397401"
"KN296933v1","37128","37277","chr17","7149900","7150055","35","7112772"
"KN296933v1","41079","41364","chrX","13136382","13136667","11","13095303"
"KN296933v1","50669","50978","chr1","52227512","52227823","69","52176843"
"KN296934v1","42831","43122","chr5","55759124","55759418","30","55716293"
"KN296934v1","115257","115426","chr16","31280012","31280184","32","31164755"
"KN296934v1","115455","115574","chr6","169866329","169866445","22","169750874"
"KN296934v1","180356","180629","chr5","55628282","55628549","37","55447926"
"KN296934v1","228446","228731","chr5","55583497","55583795","28","55355051"
"KN296934v1","240354","240647","chr5","55571379","55571671","20","55331025"
"KN296934v1","276204","276490","chr5","55536847","55537134","52","55260643"
"KN296934v1","282131","282207","chr5","55531128","55531204","1","55248997"
"KN296934v1","290678","290972","chr21","20442660","20442952","55","20151982"
"KN296934v1","335542","335834","chr5","55478233","55478535","39","55142691"
"KN296934v1","340643","340778","chr5","55470739","55470873","19","55130096"
"KN296934v1","364845","364997","chr5","55445449","55445600","10","55080604"
"KN296934v1","366686","366829","chr5","55443574","55443740","35","55076888"
"KN296934v1","372482","372616","chr8","95224866","95224994","21","94852384"
"KN296934v1","443743","443975","chr15","22899240","22899456","48","22455497"
"KN296934v1","473663","473958","chr5","55333732","55334032","35","54860069"
"KN296934v1","477140","477420","chr5","55330226","55330547","60","54853086"
"KN296934v1","491018","491165","chr9","114490601","114490733","28","113999583"
"KN296934v1","491467","491639","chr16","31061862","31062025","34","30570395"
"KN296934v1","530024","530215","chr19","35265595","35265784","54","34735571"
"KN296934v1","530244","530363","chr1","28974443","28974561","15","28444199"
"KN296934v1","551583","551880","chr5","55241322","55241614","25","54689739"
"KN296934v1","554186","554311","chr19","44638157","44638279","28","44083971"
"KN296934v1","590484","590609","chr7","28741720","28741843","20","28151236"
"KN296934v1","620371","620655","chrX","41899430","41899718","74","41279059"
"KN296934v1","677305","677436","chr5","55122992","55123122","6","54445687"
"KN296934v1","701151","701445","chr5","55099497","55099793","16","54398346"
"KN296934v1","741844","742152","chr22","1709192","1709498","72","967348"
"KN296934v1","785014","785332","chr5","55013768","55014080","36","54228754"
"KN296934v1","805893","806208","chr16","17117731","17118036","61","16311838"
"KN296934v1","842358","842633","chr5","54956813","54957088","22","54114455"
"KN296934v1","844390","844658","chr5","54954780","54955049","26","54110390"
"KN296934v1","906197","906335","chr5","54897734","54897868","18","53991537"
"KN296934v1","906615","906699","chr4","99552664","99552742","20","98646049"
"KN296934v1","906779","907057","chr7","134348431","134348713","58","133441652"
"KN296934v1","989372","989662","chr19","706862","707152","61","282510"
"KN296934v1","998768","998892","chr8","1657845","1657966","35","659077"
"KN296934v1","999191","999352","chr18","32705471","32705632","42","31706280"
"KN296934v1","1002315","1002448","chr5","54799358","54799491","10","53797043"
"KN296934v1","1003322","1003482","chr1","224704872","224705030","36","223701550"
"KN296935v1","198930","199132","chr1","152774005","152774196","45","152575075"
"KN296935v1","372506","372628","chr3","160474430","160474552","5","160101924"
"KN296936v1","4195","4478","chrX","32140529","32140836","38","32136334"
"KN296938v1","232498","232800","chr11","114491494","114491794","21","114258996"
"KN296938v1","428957","429066","chr3","47641367","47641470","22","47212410"
"KN296938v1","566237","566549","chr4","6615194","6615493","67","6048957"
"KN296938v1","637195","637505","chr7","73135001","73135303","71","72497806"
"KN296938v1","698901","699191","chr9","82551103","82551396","61","81852202"
"KN296938v1","769285","769408","chr11","113956638","113956761","7","113187353"
"KN296938v1","787608","787879","chr11","113938111","113938392","19","113150503"
"KN296938v1","807698","807831","chr1","183116277","183116407","18","182308579"
"KN296938v1","823283","823344","chr7","65605268","65605328","8","64781985"
"KN296938v1","823345","823623","chr12","30026712","30026987","67","29203367"
"KN296938v1","850920","851211","chr11","113867945","113868240","19","113017025"
"KN296938v1","879052","879363","chr11","113842277","113842577","33","112963225"
"KN296938v1","923059","923190","chr11","113799631","113799759","13","112876572"
"KN296938v1","954813","955116","chr11","113770221","113770512","28","112815408"
"KN296938v1","972458","972588","chr11","113750919","113751045","14","112778461"
"KN296938v1","998113","998427","chr8","105312782","105313076","72","104314669"
"KN296938v1","1013012","1013267","chr11","113709589","113709842","16","112696577"
"KN296941v1","40884","41177","chr19","9868138","9868432","52","9827254"
"KN296945v1","56944","57165","chr3","16926896","16927114","39","16869952"
"KN296948v1","98252","98452","chr10","141535917","141536110","46","141437665"
"KN296948v1","98847","98944","chr16","20581698","20581801","24","20482851"
"KN296948v1","105600","105902","chr2A","73665192","73665502","21","73559592"
"KN296948v1","137621","137906","chr1","180568923","180569215","75","180431302"
"KN296948v1","141814","141886","chr2A","73718433","73718508","10","73576619"
"KN296948v1","351574","351846","chr2A","73930301","73930584","33","73578727"
"KN296948v1","662327","662573","chr2A","74259337","74259590","25","73597010"
"KN296948v1","708519","708801","chrX","10289948","10290213","67","9581429"
"KN296948v1","860288","860573","chr5","6725118","6725406","56","5864830"
"KN296948v1","1020464","1020771","chr2A","74629435","74629749","46","73608971"
"KN296948v1","1021238","1021546","chr2A","74629435","74629749","45","73608197"
"KN296948v1","1024219","1024348","chr1","37950211","37950340","22","36925992"
"KN296948v1","1084017","1084305","chr2A","74693052","74693342","29","73609035"
"KN296948v1","1150956","1151239","chr2A","74757163","74757442","21","73606207"
"KN296948v1","1162444","1162560","chr19","43984669","43984791","20","42822225"
"KN296948v1","1221471","1221547","chr2A","74829585","74829661","7","73608114"
"KN296948v1","1306401","1306661","chr2A","74919867","74920143","31","73613466"
"KN296948v1","1326245","1326538","chr8","129712685","129712974","74","128386440"
"KN296948v1","1390880","1391100","chr12","96096051","96096266","47","94705171"
"KN296949v1","66051","66101","chr7","143081497","143081550","16","143015446"
"KN296952v1","102237","102529","chr9","29802357","29802652","26","29700120"
"KN296953v1","49908","50043","chr7","155017241","155017375","22","154967333"
"KN296953v1","50312","50469","chr18","60556687","60556851","30","60506375"
"KN296955v1","917414","917688","chr20","1914985","1915260","66","997571"
"KN296955v1","73066","73373","chr3","102998573","102998878","66","102925507"
"KN296955v1","119581","119864","chr19","42675631","42675914","13","42556050"
"KN296955v1","141553","141687","chr19","42696072","42696206","9","42554519"
"KN296955v1","142805","143038","chr19","42697321","42697555","13","42554516"
"KN296955v1","158480","158812","chr19","42713463","42713778","47","42554983"
"KN296955v1","167226","167350","chr19","14994353","14994476","19","14827127"
"KN296955v1","175857","176143","chr1","52176753","52177049","64","52000896"
"KN296955v1","185133","185451","chr19","42737682","42738005","56","42552549"
"KN296955v1","186981","187127","chr19","35027712","35027865","38","34840731"
"KN296955v1","187155","187284","chr19","42989006","42989131","22","42801851"
"KN296955v1","192751","192968","chr22","8966202","8966423","49","8773451"
"KN296955v1","209740","210046","chr9","32864978","32865281","55","32655238"
"KN296955v1","218805","219049","chr19","42769964","42770196","46","42551159"
"KN296955v1","219359","219451","chr19","42770501","42770593","8","42551142"
"KN296955v1","258891","259034","chr6","5854592","5854735","31","5595701"
"KN296955v1","259337","259513","chr2B","63671216","63671392","36","63411879"
"KN296955v1","265944","266276","chr9","78545818","78546130","75","78279874"
"KN296955v1","269657","269959","chr19","42817149","42817443","25","42547492"
"KN296955v1","274878","275192","chr19","42822411","42822711","42","42547533"
"KN296955v1","305576","305703","chr19","42852924","42853055","12","42547348"
"KN296955v1","322452","322478","chr18","60070582","60070605","7","59748130"
"KN296955v1","322788","323062","chr16","20229602","20229879","60","19906814"
"KN296955v1","354133","354446","chr19","42889732","42890023","40","42535599"
"KN296955v1","364069","364398","chr16","39081584","39081870","96","38717515"
"KN296955v1","370431","370719","chr19","42905544","42905829","27","42535113"
"KN296955v1","396298","396592","chrX","119054378","119054665","69","118658080"
"KN296955v1","397515","397817","chrX","53589834","53590139","49","53192319"
"KN296955v1","440329","440380","chr1","36566125","36566174","10","36125796"
"KN296955v1","462284","462407","chr19","42989006","42989131","13","42526722"
"KN296955v1","498240","498537","chr19","43023919","43024204","27","42525679"
"KN296955v1","528660","528778","chr12","98430893","98431007","15","97902233"
"KN296955v1","840304","840542","chr6","36828078","36828336","59","35987774"
"KN296955v1","847885","848188","chr19","43397581","43397896","32","42549696"
"KN296957v1","5564","5856","chr10","41112454","41112751","37","41106890"
"KN296959v1","23930","24183","chr1","192197463","192197714","28","192173533"
"KN296959v1","77618","77857","chr1","58642300","58642536","59","58564682"
"KN296959v1","339176","339323","chr7","104930965","104931113","23","104591789"
"KN296959v1","431154","431460","chrX","5903158","5903463","65","5472004"
"KN296959v1","503788","504112","chr6","157518219","157518526","68","157014431"
"KN296959v1","542426","542717","chr1","191670418","191670707","16","191127992"
"KN296959v1","623517","623789","chr1","191584175","191584448","20","190960658"
"KN296959v1","633153","633461","chr1","191574380","191574691","24","190941227"
"KN296959v1","754953","755084","chr1","28050037","28050170","19","27295084"
"KN296959v1","782362","782480","chr1","191403316","191403437","10","190620954"
"KN296959v1","801881","801924","chr10","5718509","5718546","13","4916628"
"KN296959v1","802229","802303","chr1","209726997","209727056","25","208924768"
"KN296959v1","865039","865361","chr5","134357799","134358111","53","133492760"
"KN296959v1","980367","980667","chrX","42222221","42222514","62","41241854"
"KN296959v1","992707","993009","chr3","5358697","5358991","59","4365990"
"KN296959v1","1111864","1112167","chr1","191143109","191143410","23","190031245"
"KN296959v1","1147393","1147515","chr12","368006","368130","18","779387"
"KN296959v1","1154230","1154512","chr1","191101726","191102001","32","189947496"
"KN296959v1","1174375","1174661","chr1","191081955","191082252","37","189907580"
"KN296959v1","1211427","1211733","chr20","45903423","45903732","56","44691996"
"KN296959v1","1226730","1227014","chr1","191031720","191032028","40","189804990"
"KN296959v1","1228536","1228812","chr1","191029917","191030216","37","189801381"
"KN296959v1","1240604","1240885","chr14","61069586","61069872","61","59828982"
"KN296959v1","1300899","1301181","chr1","190962989","190963315","61","189662090"
"KN296959v1","1318045","1318127","chr5","29157923","29158005","13","27839878"
"KN296959v1","1454350","1454474","chr10","17807931","17808059","24","16353581"
"KN296959v1","1479777","1480058","chr1","190759380","190759669","59","189279603"
"KN296959v1","1711001","1711310","chr9","79420265","79420572","61","77709264"
"KN296959v1","1897571","1897867","chr1","190321898","190322205","45","188424327"
"KN296960v1","18978","19261","chr4","32916717","32917018","40","32897739"
"KN296960v1","376397","376699","chr15","19275210","19275512","67","18898813"
"KN296960v1","953304","953553","chr4","33815895","33816148","37","32862591"
"KN296960v1","1691794","1691918","chr17","14234414","14234540","17","12542620"
"KN296960v1","1697199","1697323","chr17","14234414","14234540","17","12537215"
"KN296960v1","1703262","1703555","chr16","29419771","29420070","66","27716509"
"KN296960v1","1975709","1975830","chr5","164731260","164731382","20","162755551"
"KN296960v1","2054744","2054820","chr19","5495050","5495125","12","3440306"
"KN296964v1","490000","490280","chr11","117059306","117059587","52","116569306"
"KN296964v1","602940","603093","chr15","37216478","37216627","45","36613538"
"KN296964v1","615373","615509","chr12","13182362","13182493","22","12566989"
"KN296964v1","654228","654545","chr1","52174229","52174539","65","51520001"
"KN296964v1","710134","710427","chr19","50754283","50754560","69","50044149"
"KN296964v1","779790","779926","chr19","51702229","51702370","31","50922439"
"KN296964v1","779959","780042","chr1","45665975","45666067","24","44886016"
"KN296964v1","821333","821608","chr4","163616586","163616862","18","162795253"
"KN296964v1","822553","822843","chr4","163615691","163615953","38","162793138"
"KN296964v1","864076","864307","chr4","163570094","163570327","9","162706018"
"KN296964v1","924082","924246","chr11","112212687","112212845","42","111288605"
"KN296964v1","959762","959957","chr4","163470313","163470511","15","162510551"
"KN296964v1","1070171","1070283","chr2A","80118842","80118956","19","79048671"
"KN296964v1","1097897","1098188","chr4","163315014","163315312","32","162217117"
"KN296964v1","1269995","1270156","chr6","77282156","77282312","46","76012161"
"KN296964v1","1308761","1309073","chr5","55468127","55468429","73","54159366"
"KN296964v1","1309256","1309442","chr16","2416546","2416730","53","1107290"
"KN296964v1","1325285","1325560","chr4","163102192","163102473","29","161776907"
"KN296964v1","1339850","1340129","chr6","85685618","85685889","72","84345768"
"KN296964v1","1340133","1340262","chr19","3143731","3143862","23","1803598"
"KN296964v1","1394605","1394876","chr4","163047718","163047992","34","161653113"
"KN296964v1","1443646","1443914","chr4","162998413","162998686","21","161554767"
"KN296964v1","1587426","1587749","chr9","16045178","16045496","71","14457752"
"KN296964v1","1691195","1691318","chr4","177676923","177677046","23","175985728"
"KN296964v1","1791617","1791743","chr3","144616756","144616881","19","142825139"
"KN296964v1","1799569","1799874","chr4","162656097","162656395","48","160856528"
"KN296964v1","1903232","1903531","chr2A","80669113","80669409","53","78765881"
"KN296964v1","1907562","1907693","chr3","67317337","67317468","24","65409775"
"KN296964v1","1923490","1923810","chr4","162534734","162535054","27","160611244"
"KN296964v1","1927411","1927529","chr4","162531094","162531212","9","160603683"
"KN296964v1","1931758","1931880","chr9","15012411","15012535","24","13080653"
"KN296964v1","1938275","1938600","chr4","162519536","162519868","29","160581261"
"KN296964v1","1970240","1970550","chr10","90308946","90309253","60","88338706"
"KN296964v1","1998237","1998530","chr8","131658599","131658873","72","129660362"
"KN296969v1","261347","261394","chr7","63800873","63800920","3","63539526"
"KN296970v1","34889","35012","chr6","45719352","45719474","9","45684463"
"KN296970v1","89973","90211","chr6","45801876","45802111","17","45711903"
"KN296970v1","195345","195647","chr6","45897728","45898027","29","45702383"
"KN296970v1","354574","354702","chr6","46054000","46054127","8","45699426"
"KN296970v1","393048","393155","chr6","46091960","46092072","10","45698912"
"KN296970v1","416466","416749","chr6","46122745","46123026","23","45706279"
"KN296970v1","459248","459365","chr1","208765146","208765260","24","208305898"
"KN296970v1","497187","497466","chr5","163995654","163995933","65","163498467"
"KN296970v1","516286","516487","chr6","46232017","46232214","21","45715731"
"KN296970v1","529348","529531","chr6","46244913","46245072","32","45715565"
"KN296970v1","529719","529850","chr6","46245354","46245490","12","45715635"
"KN296970v1","552843","553089","chr6","46299068","46299317","16","45746225"
"KN296970v1","1083423","1083650","chr1","176700742","176700974","65","175617319"
"KN296970v1","1094146","1094438","chr6","46892005","46892301","32","45797859"
"KN296974v1","105383","105541","chr7","2562465","2562621","40","2457082"
"KN296974v1","105579","105701","chr1","46592599","46592714","22","46487020"
"KN296974v1","233081","233385","chr12","81825502","81825809","25","81592421"
"KN296975v1","10142","10274","chr9","105760749","105760880","10","105750607"
"KN296976v1","1835","2129","chr2A","44123659","44123936","67","44121824"
"KN296977v1","13927","14229","chrX","77400165","77400464","18","77386238"
"KN296977v1","15738","15898","chr11","66179453","66179601","55","66163715"
"KN296977v1","28163","28427","chrX","77416173","77416438","14","77388010"
"KN296977v1","51495","51778","chr10","105264645","105264926","51","105213150"
"KN296980v1","27519","27832","chr5","142000421","142000731","37","141972902"
"KN296980v1","219873","220179","chr11","65456609","65456909","62","65236736"
"KN296980v1","417023","417318","chr5","109593048","109593345","43","109176025"
"KN296982v1","19468","19573","chr5","26430737","26430844","37","26411269"
"KN296982v1","20775","20919","chr11","74113469","74113620","36","74092694"
"KN296982v1","128811","129123","chr15","34018045","34018356","31","33889234"
"KN296982v1","140263","140389","chr12","67975575","67975700","20","67835312"
"KN296982v1","218484","218785","chr15","33930702","33930990","29","33712218"
"KN296982v1","241195","241412","chr1","28451444","28451677","58","28210249"
"KN296982v1","241578","241880","chr5","35506106","35506401","54","35264528"
"KN296982v1","301393","301691","chr1","29042863","29043156","62","28741470"
"KN296982v1","342664","342967","chr15","33783451","33783750","22","33440787"
"KN296982v1","401043","401337","chr9","78835288","78835573","55","78434245"
"KN296982v1","443302","443614","chr18","18500044","18500349","54","18056742"
"KN296983v1","224763","224891","chr2A","23806756","23806881","9","23581993"
"KN296984v1","249571","249681","chr14","13849500","13849608","22","13599929"
"KN296984v1","345572","345831","chr18","5067043","5067287","69","4721471"
"KN296984v1","406216","406408","chr1","148736074","148736263","58","148329858"
"KN296984v1","491911","492033","chr3","5136828","5136950","18","4644917"
"KN296986v1","153409","153586","chr2B","105529385","105529561","11","105375976"
"KN296986v1","265442","265511","chr4","171216415","171216480","19","170950973"
"KN296986v1","265538","265652","chr12","123690390","123690502","21","123424852"
"KN296986v1","284188","284464","chr2B","105392407","105392684","17","105108219"
"KN296989v1","3290","3410","chr6","30972658","30972778","16","30969368"
"KN296990v1","91409","91701","chr2B","109085854","109086139","65","108994445"
"KN296991v1","955535","955659","chr17","5424751","5424875","15","4469216"
"KN296991v1","976512","976778","chr15","64173537","64173801","27","63197025"
"KN296991v1","1069807","1069923","chr5","610740","610858","22","459067"
"KN296991v1","1167851","1168130","chr12","128725778","128726059","59","127557927"
"KN296991v1","1185580","1185701","chr20","35800564","35800690","17","34614984"
"KN296991v1","1193997","1194315","chr2A","73665192","73665502","65","72471195"
"KN296991v1","1245281","1245581","chr15","63909163","63909467","30","62663882"
"KN296991v1","1261692","1261983","chr4","190526787","190527083","63","189265095"
"KN296991v1","1315282","1315471","chr5","121386939","121387115","51","120071657"
"KN296991v1","1317421","1317714","chr5","9915818","9916116","78","8598397"
"KN296991v1","1317720","1317837","chr5","610740","610858","23","706980"
"KN296992v1","15998","16102","chrX","134682680","134682787","31","134666682"
"KN296992v1","22675","22792","chr2A","75279535","75279672","23","75256860"
"KN296992v1","24704","24876","chr1","194041609","194041781","38","194016905"
"KN296992v1","25177","25319","chrX","18786863","18787009","25","18761686"
"KN296992v1","30103","30384","chr2A","75286083","75286378","28","75255980"
"KN296992v1","52458","52504","chr5","39355601","39355648","9","39303143"
"KN296992v1","64364","64676","chr2A","75324083","75324391","26","75259719"
"KN296992v1","79124","79430","chr2A","75339647","75339941","35","75260523"
"KN296992v1","79642","79933","chr8","126736328","126736611","74","126656686"
"KN296994v1","15252","15559","chr5","56311084","56311396","30","56295832"
"KN296995v1","211164","211221","chr17","9673130","9673186","7","9461966"
"KN296996v1","134475","134763","chr12","120991851","120992132","96","120857376"
"KN296996v1","185699","185816","chr4","64415577","64415703","21","64229878"
"KN296996v1","202057","202335","chr3","186971093","186971382","69","186769036"
"KN296998v1","129608","129814","chr2B","67302509","67302710","52","67172901"
"KN296998v1","130216","130319","chr16","19713466","19713579","26","19583250"
"KN296998v1","317722","317834","chr3","73659384","73659497","24","73341662"
"KN296998v1","318206","318233","chr3","63120570","63120599","5","62802364"
"KN297000v1","215772","216045","chr1","151463305","151463572","29","151247533"
"KN297000v1","231357","231687","chr1","151478912","151479205","56","151247555"
"KN297000v1","284245","284376","chr5","7761762","7761895","22","7477517"
"KN297004v1","120671","120934","chr5","141869967","141870215","69","141749296"
"KN297004v1","173246","173522","chr6","85816701","85816980","60","85643455"
"KN297007v1","18994","19296","chr6","3654304","3654590","78","3635310"
"KN297008v1","6422344","6422662","chr9","115343596","115343901","32","108921252"
"KN297008v1","102854","103174","chr6","36992055","36992364","73","36889201"
"KN297008v1","105506","105776","chr9","121567367","121567639","18","121461861"
"KN297008v1","173524","173789","chr12","52932835","52933074","78","52759311"
"KN297008v1","249236","249316","chr6","92716963","92717036","20","92467727"
"KN297008v1","318165","318282","chr6","38537750","38537872","25","38219585"
"KN297008v1","444083","444376","chr10","35629972","35630260","69","35185889"
"KN297008v1","464963","465269","chr9","121198524","121198830","18","120733561"
"KN297008v1","473631","473919","chrX","151124597","151124886","57","150650966"
"KN297008v1","501298","501578","chr9","121165027","121165307","21","120663729"
"KN297008v1","511555","511860","chr1","31716781","31717079","52","31205226"
"KN297008v1","565583","565830","chr15","37126790","37127033","62","36561207"
"KN297008v1","573014","573274","chr9","121096612","121096872","23","120523598"
"KN297008v1","600271","600324","chr1","21392200","21392253","15","20791929"
"KN297008v1","628106","628383","chr7","68138596","68138871","48","67510490"
"KN297008v1","683571","683851","chr7","44714434","44714714","61","44030863"
"KN297008v1","721538","721732","chr10","144200752","144200939","49","143479214"
"KN297008v1","745400","745693","chr9","120908734","120909026","45","120163334"
"KN297008v1","793104","793409","chr5","9915818","9916116","71","9122714"
"KN297008v1","805796","805938","chr9","120875078","120875242","35","120069282"
"KN297008v1","902300","902574","chr9","120770455","120770744","42","119868155"
"KN297008v1","929145","929483","chr5","34151570","34151905","76","33222425"
"KN297008v1","952136","952420","chr9","120719526","120719813","35","119767390"
"KN297008v1","1088404","1088587","chr17","16402191","16402373","60","15313787"
"KN297008v1","1107865","1108123","chr3","126311126","126311363","73","125203261"
"KN297008v1","1123590","1123717","chr9","120551152","120551271","15","119427562"
"KN297008v1","1156309","1156619","chr9","120515056","120515366","22","119358747"
"KN297008v1","1213758","1214047","chr9","120452310","120452599","22","119238552"
"KN297008v1","1262643","1262758","chr9","120402946","120403064","12","119140303"
"KN297008v1","1279928","1280058","chr10","35819668","35819798","16","34539740"
"KN297008v1","1286876","1286997","chr5","106122568","106122685","21","104835692"
"KN297008v1","1287282","1287479","chr16","4302707","4302892","59","3015425"
"KN297008v1","1294528","1294799","chr1","172245930","172246202","50","170951402"
"KN297008v1","1319398","1319544","chr9","120348552","120348683","21","119029154"
"KN297008v1","1338850","1339006","chr17","4379848","4380005","33","3040998"
"KN297008v1","1383892","1384063","chr5","58687579","58687757","49","57303687"
"KN297008v1","1406477","1406628","chr3","199878997","199879149","29","198472520"
"KN297008v1","1493936","1494134","chr11","108004292","108004467","50","106510356"
"KN297008v1","1494446","1494559","chr16","31487829","31487944","22","29993383"
"KN297008v1","1510844","1510977","chr9","120164172","120164305","12","118653328"
"KN297008v1","1516995","1517159","chr7","104879097","104879261","29","103362102"
"KN297008v1","1517467","1517615","chr5","6507693","6507832","30","4990226"
"KN297008v1","1587125","1587256","chr5","40678429","40678564","22","39091304"
"KN297008v1","1755844","1756136","chr1","214023667","214023954","54","212267823"
"KN297008v1","1768098","1768406","chr9","119941770","119942074","11","118173672"
"KN297008v1","1804210","1804502","chrX","53825086","53825371","59","52020876"
"KN297008v1","2106056","2106350","chr16","75461413","75461707","51","73355357"
"KN297008v1","2123855","2123975","chr14","22548812","22548936","28","20424957"
"KN297008v1","2129158","2129275","chr19","46958429","46958546","27","44829271"
"KN297008v1","2134827","2135070","chr2B","111550381","111550623","49","109415554"
"KN297008v1","2188943","2189245","chr9","119562639","119562940","23","117373696"
"KN297008v1","2209018","2209194","chr1","203711188","203711380","37","201502170"
"KN297008v1","2346502","2346693","chr9","119420448","119420639","7","117073946"
"KN297008v1","2369311","2369434","chr1","36679350","36679474","18","34310039"
"KN297008v1","2376732","2376862","chr9","119392685","119392808","22","117015953"
"KN297008v1","2450489","2450797","chr2A","45067844","45068150","66","42617355"
"KN297008v1","2508073","2508371","chr9","119262544","119262840","29","116754471"
"KN297008v1","2510083","2510375","chr9","119260546","119260850","45","116750463"
"KN297008v1","2655155","2655504","chr9","119120590","119120938","72","116465435"
"KN297008v1","2672306","2672430","chr9","119105379","119105496","17","116433073"
"KN297008v1","2765658","2765925","chr9","118965241","118965543","42","116199583"
"KN297008v1","3042867","3043169","chr5","39211708","39212015","63","36168841"
"KN297008v1","3225874","3226160","chr18","28513859","28514140","60","25287985"
"KN297008v1","3671898","3672199","chr9","118011101","118011414","34","114339203"
"KN297008v1","3800444","3800746","chr9","117889678","117889955","51","114089234"
"KN297008v1","3974664","3974922","chr9","117714766","117715020","23","113740102"
"KN297008v1","4013665","4013905","chr6","136736340","136736575","84","132722675"
"KN297008v1","4013948","4014062","chr10","65217880","65217995","26","61203932"
"KN297008v1","4014484","4014780","chr14","85599068","85599371","65","81584584"
"KN297008v1","4119643","4119769","chr9","117593940","117594067","9","113474297"
"KN297008v1","4128266","4128572","chr9","117578704","117579001","34","113450438"
"KN297008v1","4158372","4158495","chr9","117549346","117549459","21","113390974"
"KN297008v1","4293688","4293811","chr5","52693690","52693822","38","48400002"
"KN297008v1","4294117","4294246","chr9","117403090","117403219","14","113108973"
"KN297008v1","4350093","4350210","chr10","41494158","41494276","18","37144065"
"KN297008v1","4464319","4464596","chr10","114686531","114686803","54","110222212"
"KN297008v1","4504787","4505107","chr10","85865994","85866304","68","81361207"
"KN297008v1","4531402","4531516","chr3","130108640","130108753","18","125577238"
"KN297008v1","4561428","4561732","chr7","79592244","79592550","66","75030816"
"KN297008v1","4690401","4690471","chr2A","64825343","64825412","10","60134942"
"KN297008v1","4691215","4691535","chr1","94184963","94185274","68","89493748"
"KN297008v1","4797711","4798008","chr9","116902098","116902395","34","112104387"
"KN297008v1","4910301","4910495","chr13","5433010","5433206","43","522709"
"KN297008v1","4938879","4939008","chr16","64267195","64267323","17","59328316"
"KN297008v1","4983169","4983297","chr9","116743939","116744073","16","111760770"
"KN297008v1","5066088","5066228","chr9","116643194","116643334","17","111577106"
"KN297008v1","5173642","5173859","chr9","116518382","116518590","33","111344740"
"KN297008v1","5203806","5203937","chr19","694184","694320","15","4509622"
"KN297008v1","5230184","5230344","chr10","15309001","15309161","27","10078817"
"KN297008v1","5230644","5230782","chr2B","100881750","100881888","26","95651106"
"KN297008v1","5234320","5234620","chr9","116459140","116459425","49","111224820"
"KN297008v1","5253565","5253850","chr10","105264645","105264926","57","100011080"
"KN297008v1","5254531","5254647","chrX","16933641","16933756","14","11679110"
"KN297008v1","5254673","5254843","chr1","26457448","26457621","36","21202775"
"KN297008v1","5297585","5297711","chr3","144616756","144616881","28","139319171"
"KN297008v1","5297976","5298121","chr3","45789146","45789282","38","40491170"
"KN297008v1","5332239","5332519","chr4","161866765","161867044","58","156534526"
"KN297008v1","5338151","5338401","chr9","116349958","116350221","32","111011807"
"KN297008v1","5368931","5369060","chr9","116320809","116320943","15","110951878"
"KN297008v1","5386898","5387032","chr9","116302822","116302945","17","110915924"
"KN297008v1","5515473","5515677","chr9","116215950","116216165","29","110700477"
"KN297008v1","5542406","5542667","chr9","116190353","116190623","33","110647947"
"KN297008v1","5670146","5670452","chr9","116071999","116072303","28","110401853"
"KN297008v1","5700725","5700907","chr9","116041745","116041932","21","110341020"
"KN297008v1","5703456","5703590","chr9","116039101","116039230","14","110335645"
"KN297008v1","5791808","5791934","chr9","115949585","115949711","14","110157777"
"KN297008v1","5861274","5861396","chr20","35800564","35800690","13","29939290"
"KN297008v1","5880743","5881035","chr9","115869380","115869695","64","109988637"
"KN297008v1","5885023","5885159","chr11","508387","508533","35","5376636"
"KN297008v1","5885445","5885591","chr9","115865335","115865477","12","109979890"
"KN297008v1","5928124","5928265","chr1","47776732","47776865","31","41848608"
"KN297008v1","5962365","5962657","chr16","78223728","78224017","61","72261363"
"KN297008v1","5967404","5967523","chr9","115783241","115783360","12","109815837"
"KN297008v1","6003937","6004059","chr9","115757317","115757435","11","109753380"
"KN297008v1","6023256","6023561","chr9","115738259","115738539","45","109715003"
"KN297008v1","6053961","6054094","chr9","115708954","115709087","7","109654993"
"KN297008v1","6138294","6138470","chr9","115623172","115623358","21","109484878"
"KN297008v1","6281105","6281422","chr9","115480491","115480792","30","109199386"
"KN297008v1","6292621","6292914","chr9","115468956","115469253","23","109176335"
"KN297008v1","6374223","6374482","chr9","115385034","115385272","38","109010811"
"KN297008v1","6389896","6390020","chr9","115370190","115370314","7","108980294"
"KN297008v1","6503941","6504186","chr9","115265723","115265966","21","108761782"
"KN297008v1","6556700","6556868","chr3","199878997","199879149","37","193322297"
"KN297008v1","6596451","6596573","chr15","59527293","59527413","24","52930842"
"KN297008v1","6601425","6601716","chr9","115137244","115137515","38","108535819"
"KN297008v1","6648861","6649157","chr3","72439107","72439403","57","65790246"
"KN297008v1","6652142","6652418","chr9","115089482","115089757","20","108437340"
"KN297008v1","6673558","6673832","chr9","115068808","115069095","41","108395250"
"KN297008v1","6754948","6755259","chr9","114984887","114985191","28","108229939"
"KN297008v1","6795472","6795590","chr6","6926468","6926587","25","130996"
"KN297008v1","6799751","6800005","chr1","46864744","46864992","62","40064993"
"KN297008v1","6864813","6865120","chr5","51071236","51071543","60","44206423"
"KN297008v1","6890182","6890469","chr9","114841810","114842100","21","107951628"
"KN297008v1","6893141","6893261","chr6","20486554","20486670","28","13593413"
"KN297008v1","6893583","6893731","chr7","44691914","44692063","40","37798331"
"KN297008v1","6895807","6896050","chr3","126311126","126311363","75","119415319"
"KN297008v1","6899617","6899767","chr5","3081642","3081784","42","3817975"
"KN297008v1","6900075","6900159","chr20","40188982","40189063","18","33288907"
"KN297008v1","6901394","6901430","chr4","8671927","8671965","13","1770533"
"KN297008v1","6912145","6912431","chr9","114821354","114821640","26","107909209"
"KN297015v1","121598","121735","chr1","70948566","70948703","7","70826968"
"KN297016v1","47359","47430","chr12","108684002","108684073","10","108636643"
"KN297016v1","65055","65355","chrX","39382644","39382956","21","39317589"
"KN297016v1","84013","84324","chr11","111767165","111767474","71","111683152"
"KN297016v1","106058","106367","chr3","9850389","9850681","61","9744331"
"KN297019v1","110051","110173","chr2B","44902190","44902309","12","44792139"
"KN297019v1","141320","141589","chr2B","44868649","44868958","58","44727329"
"KN297019v1","274305","274592","chr5","42777038","42777327","62","42502733"
"KN297019v1","312942","313168","chr2B","44696153","44696374","22","44383211"
"KN297019v1","335332","335613","chr2B","44675387","44675659","31","44340055"
"KN297019v1","378732","379024","chr2B","44631547","44631841","42","44252815"
"KN297019v1","405386","405617","chr1","166737175","166737413","61","166331789"
"KN297019v1","413365","413665","chr2B","44594073","44594398","49","44180708"
"KN297019v1","443600","443896","chr2B","44564730","44565038","35","44121130"
"KN297019v1","477984","478299","chr2B","44530160","44530455","33","44052176"
"KN297019v1","503234","503520","chr2B","44505129","44505435","65","44001895"
"KN297019v1","550607","550903","chr4","6615194","6615493","45","6064587"
"KN297019v1","577987","578173","chr2B","44420314","44420497","9","43842327"
"KN297019v1","597749","597866","chr2B","44400291","44400409","12","43802542"
"KN297019v1","605310","605589","chr18","28513859","28514140","56","27908549"
"KN297019v1","612924","613228","chr2B","44372300","44372599","23","43759376"
"KN297019v1","668253","668511","chr7","2619637","2619894","49","1951384"
"KN297019v1","694961","695241","chr2B","44293816","44294108","34","43598855"
"KN297019v1","699905","700135","chr14","3344572","3344788","53","2644667"
"KN297019v1","701533","701813","chr6","35767619","35767909","60","35066086"
"KN297019v1","728560","728837","chr2B","44256727","44257002","30","43528167"
"KN297019v1","756084","756382","chr2B","44224542","44224844","28","43468458"
"KN297019v1","776047","776223","chr18","25778362","25778541","33","25002315"
"KN297019v1","790758","790988","chr2B","44191418","44191650","44","43400660"
"KN297019v1","794098","794392","chr2B","44188347","44188655","25","43394249"
"KN297019v1","884719","885029","chr1","43833638","43833938","53","42948919"
"KN297019v1","930095","930364","chr2B","44057953","44058248","55","43127858"
"KN297020v1","3769","3972","chr13","81723094","81723301","36","81719325"
"KN297023v1","228761","228901","chr5","25658954","25659095","8","25430193"
"KN297023v1","331884","332179","chr5","25563780","25564076","23","25231896"
"KN297023v1","335869","336172","chr5","25559783","25560095","38","25223914"
"KN297023v1","463195","463289","chr5","25438200","25438291","7","24975005"
"KN297023v1","463590","463765","chr5","25437755","25437902","36","24974165"
"KN297023v1","490161","490385","chr5","25411023","25411252","18","24920862"
"KN297023v1","525610","525735","chr5","25373593","25373723","17","24847983"
"KN297023v1","555558","555839","chr5","25344709","25344982","29","24789151"
"KN297023v1","555999","556312","chr15","8640729","8641033","70","8084730"
"KN297023v1","596834","597122","chr5","25305534","25305823","28","24708700"
"KN297023v1","821858","822166","chr19","14352415","14352712","73","13530557"
"KN297023v1","823792","823976","chr5","25087266","25087453","33","24263474"
"KN297024v1","1295","1412","chr2A","37221669","37221788","19","37220374"
"KN297026v1","34653","34944","chr1","192705254","192705545","27","192670601"
"KN297026v1","73976","74272","chr1","192751609","192751901","25","192677633"
"KN297026v1","97856","98146","chr19","32591845","32592137","53","32493989"
"KN297026v1","115965","116253","chr1","192792822","192793121","35","192676857"
"KN297026v1","137767","138071","chr12","124457959","124458266","65","124320192"
"KN297026v1","167254","167510","chr12","115638172","115638455","74","115470918"
"KN297026v1","179286","179415","chr1","192861020","192861149","11","192681734"
"KN297026v1","180666","180798","chr9","58174384","58174515","17","57993718"
"KN297026v1","203356","203482","chr8","101010523","101010645","17","100807167"
"KN297026v1","203529","203687","chr14","9791172","9791323","34","9587643"
"KN297026v1","257614","257900","chr1","192937270","192937503","67","192679656"
"KN297026v1","294757","295059","chr1","192998158","192998471","33","192703401"
"KN297026v1","370580","370779","chr10","25332159","25332339","55","24961579"
"KN297026v1","607702","608006","chr1","193318880","193319184","24","192711178"
"KN297026v1","1369656","1369973","chr1","194069247","194069536","41","192699591"
"KN297026v1","1464674","1464990","chr15","21116408","21116707","69","19651734"
"KN297026v1","1605348","1605626","chr19","37575586","37575851","69","35970238"
"KN297026v1","1617907","1618147","chr1","194312808","194313060","33","192694901"
"KN297026v1","1652035","1652321","chr8","90581332","90581626","67","88929297"
"KN297026v1","1710813","1711092","chr1","194405316","194405604","31","192694503"
"KN297026v1","1714011","1714299","chr1","194408508","194408797","20","192694497"
"KN297026v1","1743363","1743638","chr5","24108210","24108499","73","22364847"
"KN297026v1","1826154","1826283","chr20","35800564","35800690","18","33974410"
"KN297026v1","2064726","2065014","chr1","194769011","194769296","38","192704285"
"KN297028v1","47522","47809","chr3","33451639","33451928","21","33404117"
"KN297028v1","64671","64970","chr3","33463735","33464034","14","33399064"
"KN297028v1","72030","72076","chr15","11928080","11928120","17","11856050"
"KN297028v1","72384","72525","chr3","74138089","74138225","20","74065705"
"KN297028v1","140766","140913","chr18","60673570","60673717","31","60532804"
"KN297028v1","141206","141379","chr5","156082870","156083042","34","155941664"
"KN297028v1","359182","359451","chr16","30181268","30181540","70","29822086"
"KN297028v1","389191","389315","chr3","33763832","33763956","9","33374641"
"KN297028v1","403280","403565","chrX","53599231","53599520","58","53195951"
"KN297028v1","413640","413951","chr3","33788544","33788859","47","33374904"
"KN297028v1","434896","435042","chr3","199878997","199879149","30","199444101"
"KN297028v1","616448","616705","chr3","34035925","34036222","57","33419477"
"KN297028v1","618130","618424","chr3","34035925","34036222","26","33417795"
"KN297028v1","623455","623772","chr3","34040747","34041064","24","33417292"
"KN297028v1","641644","641910","chrX","72007919","72008194","54","71366275"
"KN297028v1","647640","647773","chr3","34071592","34071730","14","33423952"
"KN297028v1","676071","676368","chr3","34096580","34096882","31","33420509"
"KN297028v1","715990","716142","chr3","34130542","34130685","20","33414552"
"KN297028v1","716447","716595","chr3","34130996","34131131","20","33414549"
"KN297028v1","735530","735828","chr3","34150192","34150488","20","33414662"
"KN297028v1","862838","862937","chr3","34286748","34286826","23","33423910"
"KN297028v1","865156","865432","chr20","23944506","23944792","63","23079350"
"KN297028v1","870715","870864","chr3","34294259","34294408","9","33423544"
"KN297028v1","953845","954141","chr3","34389437","34389730","23","33435592"
"KN297028v1","991404","991701","chr1","44177603","44177913","67","43186199"
"KN297028v1","1033200","1033318","chr3","34459160","34459287","14","33425960"
"KN297028v1","1631430","1631729","chr4","7977628","7977939","69","6346198"
"KN297029v1","8606","8886","chr6","30421566","30421880","66","30412960"
"KN297032v1","47614","47792","chr1","129193911","129194083","37","129146297"
"KN297032v1","47819","47944","chr1","17159638","17159756","20","17111819"
"KN297032v1","94320","94638","chr5","59151319","59151615","91","59056999"
"KN297032v1","183574","183879","chr5","51521498","51521804","20","51337924"
"KN297032v1","198151","198283","chr10","93291492","93291625","18","93093341"
"KN297032v1","212097","212361","chr5","51492550","51492816","24","51280453"
"KN297032v1","289059","289347","chr19","41424332","41424616","65","41135273"
"KN297032v1","311003","311303","chr14","56962022","56962314","69","56651019"
"KN297032v1","324001","324124","chr5","610740","610858","29","286739"
"KN297032v1","356814","357083","chr5","52627835","52628102","19","52271021"
"KN297038v1","116715","116996","chr18","12178607","12178887","57","12061892"
"KN297038v1","160357","160660","chr3","198070524","198070828","21","197910167"
"KN297038v1","202810","202929","chr3","198030733","198030858","9","197827923"
"KN297038v1","244002","244138","chr3","197984171","197984316","31","197740169"
"KN297038v1","260477","260768","chr3","197964637","197964941","43","197704160"
"KN297038v1","265231","265518","chr1","186022125","186022419","60","185756894"
"KN297038v1","331446","331734","chr3","197896601","197896889","24","197565155"
"KN297038v1","390443","390571","chr2A","59388217","59388343","19","58997774"
"KN297038v1","403328","403592","chr3","197827477","197827743","42","197424149"
"KN297038v1","418202","418331","chr3","197813074","197813206","9","197394872"
"KN297038v1","422260","422575","chr3","197809059","197809369","28","197386799"
"KN297038v1","429529","429662","chr19","3143731","3143862","19","2714202"
"KN297038v1","446241","446419","chr19","43501824","43502000","34","43055583"
"KN297038v1","875572","875752","chr12","80978758","80978941","40","80103186"
"KN297038v1","980293","980577","chr4","93770319","93770606","66","92790026"
"KN297038v1","1026521","1026830","chr3","197198149","197198482","41","196171628"
"KN297038v1","1126983","1127283","chr3","197106373","197106670","17","195979390"
"KN297038v1","1149468","1149768","chr3","197054680","197054967","38","195905212"
"KN297038v1","1153252","1153560","chr3","197050828","197051131","27","195897576"
"KN297038v1","1260611","1260886","chr3","196951940","196952215","32","195691329"
"KN297038v1","1274075","1274360","chr3","196933702","196933990","22","195659627"
"KN297038v1","1299424","1299717","chr3","196908005","196908300","29","195608581"
"KN297038v1","1406136","1406254","chr15","59527293","59527413","24","58121157"
"KN297038v1","1505394","1505677","chr15","64012560","64012848","60","62507166"
"KN297038v1","1913254","1913376","chr3","196310829","196310951","7","194397575"
"KN297038v1","2292127","2292419","chr16","41239263","41239544","75","38947136"
"KN297038v1","2396081","2396212","chr12","78031045","78031172","35","75634964"
"KN297038v1","2508979","2509270","chr6","146135913","146136199","67","143626934"
"KN297038v1","2519000","2519291","chr3","195676027","195676305","51","193157027"
"KN297038v1","2589855","2590045","chr7","72473882","72474079","47","69884027"
"KN297038v1","2654026","2654228","chr13","54821189","54821395","48","52167163"
"KN297038v1","2941353","2941674","chr3","195213909","195214207","47","192272556"
"KN297039v1","143906","144183","chr7","146442421","146442696","21","146298515"
"KN297039v1","389366","389649","chr7","146180694","146180964","54","145791328"
"KN297039v1","440110","440403","chr9","34638579","34638868","64","34198469"
"KN297039v1","766587","766865","chr15","60904831","60905111","52","60138244"
"KN297039v1","1029243","1029542","chr7","145522434","145522743","33","144493191"
"KN297039v1","1232551","1232846","chr7","145357437","145357739","28","144124886"
"KN297039v1","1468358","1468473","chr7","145132523","145132638","7","143664165"
"KN297042v1","203050","203355","chr18","42708280","42708595","28","42505230"
"KN297044v1","21924","22056","chr1","16784265","16784401","12","16762341"
"KN297044v1","101313","101625","chr1","16859696","16860011","29","16758383"
"KN297044v1","120391","120643","chr1","16879592","16879871","42","16759201"
"KN297044v1","176914","177013","chr4","133833680","133833764","29","133656766"
"KN297044v1","200613","200885","chr11","95026279","95026551","53","94825666"
"KN297044v1","248011","248298","chr5","19744576","19744864","54","19496565"
"KN297044v1","391863","391981","chr1","17159638","17159756","3","16767775"
"KN297044v1","399019","399326","chr1","17170217","17170528","16","16771198"
"KN297044v1","423239","423541","chr20","18241729","18242024","71","17818490"
"KN297044v1","458271","458336","chr1","17234737","17234802","3","16776466"
"KN297044v1","503742","504007","chr11","3200339","3200614","70","2696597"
"KN297044v1","615351","615677","chr1","17380470","17380823","45","16765119"
"KN297044v1","615975","616009","chr5","7106853","7106884","9","6490878"
"KN297044v1","632472","632766","chr1","17397499","17397793","32","16765027"
"KN297044v1","710768","711079","chr1","17473327","17473641","33","16762559"
"KN297044v1","790980","791270","chr1","17553838","17554147","43","16762858"
"KN297044v1","794643","794933","chr1","17553838","17554147","43","16759195"
"KN297044v1","840552","840683","chr18","57694500","57694630","22","56853948"
"KN297044v1","942192","942482","chr10","66900755","66901039","59","65958563"
"KN297046v1","198161","198275","chr1","8342733","8342848","5","8144572"
"KN297046v1","198321","198474","chr1","8342883","8343036","10","8144562"
"KN297046v1","465938","466231","chr10","38490022","38490311","12","38024084"
"KN297046v1","469370","469646","chr10","38486619","38486885","38","38017249"
"KN297046v1","486438","486742","chr10","38469517","38469831","35","37983079"
"KN297046v1","493971","494103","chr10","38461218","38461350","9","37967247"
"KN297046v1","538674","538964","chr10","38416874","38417165","20","37878200"
"KN297046v1","597401","597702","chr8","18932796","18933096","55","18335395"
"KN297046v1","623492","623702","chr7","6382664","6382875","40","5759172"
"KN297046v1","763344","763649","chr10","38201143","38201447","26","37437799"
"KN297046v1","768624","768907","chr10","38195888","38196172","24","37427264"
"KN297046v1","831332","831646","chr10","38129719","38130032","31","37298387"
"KN297046v1","852512","852829","chr10","38108306","38108617","38","37255794"
"KN297046v1","856091","856217","chr10","111817533","111817656","15","110961442"
"KN297046v1","862704","862822","chr17","9087641","9087740","39","8224937"
"KN297046v1","862823","863045","chrX","3237594","3237815","45","2374771"
"KN297046v1","892684","892806","chr10","38068827","38068949","4","37176143"
"KN297046v1","1063811","1063936","chr10","37875939","37876065","14","36812128"
"KN297046v1","1160119","1160136","chr5","118369716","118369731","4","117209597"
"KN297046v1","1170509","1170795","chr10","37776625","37776913","20","36606116"
"KN297046v1","1185212","1185298","chr15","15689476","15689561","19","14504264"
"KN297046v1","1196984","1197269","chrX","156303457","156303728","67","155106473"
"KN297046v1","1215096","1215395","chr10","37728035","37728343","32","36512939"
"KN297046v1","1255891","1256009","chr10","37688511","37688628","9","36432620"
"KN297046v1","1320101","1320383","chr12","115638172","115638455","52","114318071"
"KN297046v1","1336585","1336845","chr10","37602950","37603211","21","36266365"
"KN297046v1","1336851","1337107","chr3","12562358","12562618","52","11225507"
"KN297046v1","1343534","1343878","chr10","37596490","37596803","54","36252956"
"KN297046v1","1349568","1349695","chr5","41191290","41191420","27","39841722"
"KN297046v1","1350002","1350140","chr8","16957792","16957929","27","15607790"
"KN297046v1","1387760","1388056","chr17","82694706","82695002","30","81306946"
"KN297046v1","1434622","1434759","chr6","116070209","116070337","25","114635587"
"KN297046v1","1500073","1500197","chr5","15234520","15234643","16","13734447"
"KN297046v1","1586668","1586785","chr10","37341212","37341338","14","35754544"
"KN297046v1","1591137","1591247","chr19","8524291","8524403","21","6933154"
"KN297046v1","1594666","1594975","chr7","148122134","148122436","58","146527468"
"KN297046v1","1684588","1684789","chr5","21400624","21400821","58","19716036"
"KN297046v1","1709939","1710065","chr19","14994353","14994476","16","13284414"
"KN297046v1","1734483","1734611","chr1","225532352","225532483","26","223797869"
"KN297046v1","1739394","1739709","chr10","37201102","37201409","30","35461708"
"KN297046v1","1795017","1795148","chr3","174264352","174264483","27","172469335"
"KN297046v1","1797994","1798115","chr12","12525020","12525141","15","10727026"
"KN297046v1","1826052","1826359","chr11","9443855","9444156","64","7617803"
"KN297046v1","1831094","1831333","chr6","87743647","87743885","53","85912553"
"KN297046v1","1928319","1928444","chr10","37030728","37030854","6","35102409"
"KN297046v1","1941033","1941151","chr10","37023135","37023253","6","35082102"
"KN297046v1","1949904","1950192","chr10","37013624","37013926","25","35063720"
"KN297046v1","1952052","1952176","chr10","37011778","37011902","12","35059726"
"KN297046v1","2015656","2015931","chr10","36948253","36948528","14","34932597"
"KN297046v1","2054343","2054650","chr18","11804496","11804796","74","9750153"
"KN297046v1","2060074","2060400","chr1","110945820","110946155","70","108885746"
"KN297046v1","2069916","2070209","chr10","36896175","36896463","29","34826259"
"KN297046v1","2124747","2125011","chr3","138176344","138176614","58","136051597"
"KN297046v1","2128718","2128938","chr14","59628143","59628363","41","57499425"
"KN297046v1","2154276","2154590","chr10","36818867","36819182","25","34664591"
"KN297046v1","2159770","2159976","chr10","36813670","36813876","15","34653900"
"KN297046v1","2184246","2184537","chr10","8153346","8153623","71","5969100"
"KN297046v1","2204613","2204742","chr10","36768699","36768829","8","34564086"
"KN297046v1","2271427","2271580","chr10","36702903","36703046","24","34431476"
"KN297046v1","2271890","2272086","chr10","36702402","36702594","29","34430512"
"KN297046v1","2292053","2292368","chr10","36679142","36679447","28","34387089"
"KN297046v1","2307982","2308291","chr10","36657578","36657874","29","34349596"
"KN297046v1","2332206","2332357","chr3","199878997","199879149","27","197546791"
"KN297046v1","2439703","2439887","chr10","36546163","36546347","8","34106460"
"KN297046v1","2533968","2534297","chr10","36466226","36466552","26","33932258"
"KN297046v1","2540778","2540903","chr22","24310963","24311088","18","21770185"
"KN297046v1","2546235","2546544","chr10","36454766","36455065","32","33908531"
"KN297046v1","2546865","2547175","chr14","85599068","85599371","65","83052203"
"KN297046v1","2557218","2557419","chr1","111532592","111532788","44","108975374"
"KN297046v1","2620167","2620458","chr10","36369330","36369620","40","33749163"
"KN297046v1","2670083","2670359","chr10","36318013","36318288","14","33647930"
"KN297046v1","2684318","2684575","chr1","134169716","134169964","82","131485398"
"KN297046v1","2766911","2767219","chr16","41107072","41107372","55","38340161"
"KN297046v1","2774426","2774704","chr10","36217545","36217827","35","33443119"
"KN297046v1","2787826","2788093","chr10","36199857","36200127","14","33412031"
"KN297046v1","2789041","2789337","chr10","36198628","36198924","15","33409587"
"KN297046v1","2826778","2826899","chr10","36152607","36152725","15","33325829"
"KN297046v1","2835325","2835617","chrX","41949503","41949801","69","39114178"
"KN297046v1","2841280","2841666","chr21","34756011","34756375","133","31914731"
"KN297046v1","2846225","2846486","chr10","36132852","36133112","14","33286627"
"KN297046v1","2862280","2862382","chr5","2462887","2462988","27","399393"
"KN297046v1","2921500","2921801","chr10","35980976","35981283","22","33059476"
"KN297046v1","2922293","2922574","chr10","35980207","35980488","19","33057914"
"KN297046v1","3087512","3087643","chr10","35819668","35819798","11","32732156"
"KN297046v1","3091397","3091665","chr5","61095330","61095612","66","58003933"
"KN297046v1","3098002","3098301","chrX","2100839","2101136","53","997163"
"KN297046v1","3105012","3105331","chr10","35802393","35802711","35","32697381"
"KN297046v1","3162259","3162382","chr10","35742870","35742993","5","32580611"
"KN297046v1","3188305","3188605","chr10","35720795","35721060","54","32532490"
"KN297046v1","3209001","3209134","chr10","35700511","35700643","9","32491510"
"KN297046v1","3213500","3213802","chr10","35695807","35696104","26","32482307"
"KN297046v1","3278014","3278301","chr10","35629972","35630260","38","32351958"
"KN297046v1","3286459","3286761","chr10","116537467","116537764","55","113251008"
"KN297046v1","3304046","3304240","chr10","35605438","35605643","26","32301392"
"KN297046v1","3343428","3343672","chr10","35564650","35564895","14","32221222"
"KN297046v1","3407245","3407370","chr10","35495394","35495519","13","32088149"
"KN297046v1","3414158","3414450","chr10","35487974","35488258","33","32073816"
"KN297046v1","3416692","3416810","chr10","35485643","35485760","7","32068951"
"KN297046v1","3424693","3424999","chr5","160573988","160574291","58","157149295"
"KN297046v1","3431665","3431783","chr2A","37221669","37221788","19","33790004"
"KN297046v1","3433999","3434118","chr10","35471070","35471187","12","32037071"
"KN297046v1","3443058","3443188","chr19","39732817","39732948","19","36289759"
"KN297046v1","3503314","3503591","chr10","35403052","35403325","39","31899738"
"KN297046v1","3558777","3558911","chr1","8514489","8514622","26","4955712"
"KN297047v1","607070","607370","chr2B","112801350","112801650","66","112194280"
"KN297047v1","692314","692542","chr6","167697346","167697575","15","167005032"
"KN297047v1","841207","841270","chr6","167519861","167519924","2","166678654"
"KN297047v1","846799","846887","chr13","56465746","56465824","24","55618947"
"KN297047v1","1229521","1229791","chr6","167127230","167127539","63","165897709"
"KN297047v1","1504192","1504484","chr6","166845575","166845853","46","165341383"
"KN297047v1","2248650","2248931","chr6","166103898","166104183","29","163855248"
"KN297047v1","2252013","2252148","chr6","166100718","166100849","9","163848705"
"KN297047v1","2748634","2748766","chr10","85282396","85282530","22","82533762"
"KN297047v1","2750324","2750621","chr6","165563433","165563726","38","162813109"
"KN297047v1","2832337","2832612","chr11","117397066","117397358","69","114564729"
"KN297047v1","3061315","3061613","chr6","165248579","165248875","33","162187264"
"KN297047v1","3200926","3201241","chr6","165115287","165115595","34","161914361"
"KN297047v1","3384072","3384366","chr6","164915223","164915512","27","161531151"
"KN297047v1","3595337","3595603","chr6","164716653","164716916","21","161121316"
"KN297047v1","3661309","3661607","chr6","164643680","164643977","20","160982371"
"KN297047v1","3671452","3671748","chr6","164634165","164634476","37","160962713"
"KN297047v1","3794683","3794797","chr6","164524230","164524344","11","160729547"
"KN297047v1","4110999","4111095","chr6","164200455","164200536","18","160089456"
"KN297047v1","4111968","4112064","chr6","164200455","164200536","19","160088487"
"KN297047v1","4112656","4112752","chr6","164200455","164200536","18","160087799"
"KN297047v1","4171227","4171522","chr6","164135669","164135954","41","159964442"
"KN297047v1","4186207","4186329","chr6","164120065","164120187","6","159933858"
"KN297047v1","4379671","4379967","chr6","163976971","163977261","28","159597300"
"KN297047v1","4431569","4431795","chr6","163926737","163926960","16","159495168"
"KN297047v1","4449278","4449570","chr6","163910053","163910330","32","159460775"
"KN297047v1","4513837","4514196","chr22","14752136","14752444","106","10238299"
"KN297047v1","4554844","4555131","chr6","163811173","163811462","21","159256329"
"KN297047v1","4567912","4568036","chr8","43428984","43429110","25","38861072"
"KN297047v1","4568080","4568268","chr1","26457448","26457621","45","21889368"
"KN297048v1","143921","144239","chr3","102264771","102265081","35","102120850"
"KN297048v1","259720","259844","chr3","102380608","102380732","10","102120888"
"KN297048v1","368520","368825","chr3","102508242","102508554","29","102139722"
"KN297048v1","461985","462166","chr3","102598584","102598772","23","102136599"
"KN297048v1","519235","519515","chr1","182478501","182478789","70","181959266"
"KN297049v1","61426","61688","chr15","62792180","62792445","23","62730754"
"KN297049v1","81649","81912","chr15","62806441","62806661","56","62724792"
"KN297049v1","122670","122964","chr15","62853051","62853389","74","62730381"
"KN297049v1","287985","288103","chr15","63021581","63021699","9","62733596"
"KN297049v1","291440","291698","chr15","61106383","61106669","53","60814943"
"KN297050v1","22447","22743","chrX","45285161","45285460","22","45262714"
"KN297050v1","106119","106412","chrX","45207568","45207867","45","45101449"
"KN297050v1","130582","130845","chrX","45180760","45181008","24","45050178"
"KN297050v1","161203","161507","chr9","115343596","115343901","64","115182393"
"KN297052v1","76943","77242","chr15","49068421","49068714","67","48991478"
"KN297052v1","158325","158603","chr11","7862896","7863177","17","7704571"
"KN297052v1","158914","158937","chr11","7863477","7863500","3","7704563"
"KN297056v1","7901","8195","chr6","36083692","36083989","56","36075791"
"KN297058v1","18301","18585","chr20","61318054","61318337","62","61299753"
"KN297058v1","66027","66141","chr2A","22670722","22670833","22","22604695"
"KN297058v1","74180","74475","chr1","91926605","91926891","21","91852425"
"KN297058v1","198412","198684","chr1","92058025","92058292","21","91859613"
"KN297058v1","204705","204821","chr1","92071079","92071196","7","91866374"
"KN297058v1","289257","289431","chr1","92147679","92147862","19","91858422"
"KN297058v1","310008","310120","chrX","129840131","129840244","17","129530123"
"KN297058v1","310146","310179","chr7","72358758","72358796","8","72048612"
"KN297065v1","2341","2459","chrX","64231750","64231867","9","64229409"
"KN297065v1","2749","2907","chrX","64232156","64232314","13","64229407"
"KN297065v1","21957","22261","chr7","156885225","156885531","63","156863268"
"KN297066v1","473638","473938","chr2A","88036953","88037243","33","87563315"
"KN297066v1","539546","539652","chr2A","88109546","88109656","7","87570000"
"KN297066v1","798642","798966","chr5","110411819","110412141","67","109613177"
"KN297068v1","150987","151122","chr3","32900598","32900731","20","32749611"
"KN297068v1","327862","327957","chr12","59813340","59813443","13","59485478"
"KN297070v1","261197","261327","chr4","119379588","119379721","6","119118391"
"KN297074v1","307354","307482","chr8","13223577","13223699","14","12916223"
"KN297074v1","307505","307773","chr8","13223727","13223994","21","12916222"
"KN297077v1","77480","77680","chr12","23467705","23467910","53","23390225"
"KN297077v1","315508","315809","chr6","118930981","118931284","28","118615473"
"KN297077v1","376803","377098","chr6","118991820","118992157","59","118615017"
"KN297077v1","544195","544437","chr6","119197355","119197606","30","118653160"
"KN297077v1","556484","556613","chr6","119210054","119210173","17","118653570"
"KN297078v1","760735","760790","chr17","25443097","25443153","8","24682362"
"KN297078v1","793149","793268","chr1","144747409","144747533","25","143954260"
"KN297078v1","935215","935328","chr3","161295973","161296090","24","160360758"
"KN297078v1","957916","958145","chr1","32533765","32533976","66","31575849"
"KN297078v1","1085948","1086075","chr8","20182552","20182683","28","19096604"
"KN297078v1","1113835","1113965","chr20","15498870","15499001","9","14385035"
"KN297078v1","1125196","1125283","chr20","15510224","15510310","8","14385028"
"KN297078v1","1154844","1155137","chr20","15535889","15536188","44","14381045"
"KN297078v1","1176384","1176548","chr1","46379568","46379727","37","45203184"
"KN297078v1","1176574","1176665","chr15","36817038","36817123","19","35640464"
"KN297078v1","1210075","1210377","chr17","37653959","37654259","55","36443884"
"KN297078v1","1211919","1212221","chr17","37653959","37654259","53","36442040"
"KN297078v1","1213969","1214278","chr15","55684150","55684453","60","54470181"
"KN297083v1","27503","27641","chr22","24850738","24850873","32","24823235"
"KN297083v1","132282","132600","chr15","56473375","56473715","37","56341093"
"KN297083v1","143551","143858","chr15","56462151","56462458","23","56318600"
"KN297083v1","290075","290199","chr2B","53458136","53458259","16","53168061"
"KN297083v1","355130","355263","chr1","134065922","134066061","21","133710792"
"KN297083v1","391708","392010","chr18","5368277","5368578","66","4976569"
"KN297083v1","432185","432494","chr6","1135436","1135749","63","703251"
"KN297083v1","443241","443526","chr15","56168505","56168796","21","55725264"
"KN297083v1","519763","519795","chr11","64527904","64527934","8","64008141"
"KN297083v1","520091","520345","chr15","56085733","56086013","40","55565642"
"KN297083v1","632093","632397","chr15","55954204","55954503","28","55322111"
"KN297083v1","871602","871805","chr5","52364989","52365193","41","51493387"
"KN297083v1","1018853","1019163","chr13","18328261","18328571","61","17309408"
"KN297086v1","16871","17119","chr3","173192379","173192615","69","173175508"
"KN297087v1","19301","19566","chr1","128746939","128747212","25","128727638"
"KN297094v1","29298","29579","chr1","32707106","32707399","71","32677808"
"KN297094v1","141224","141512","chr19","32591845","32592137","61","32450621"
"KN297094v1","150590","150721","chr11","66041617","66041746","22","65891027"
"KN297094v1","151017","151073","chr7","143081497","143081550","20","142930480"
"KN297094v1","159837","160111","chr22","8462578","8462864","30","8302741"
"KN297094v1","228126","228437","chr22","8528593","8528909","53","8300467"
"KN297094v1","283731","284036","chr22","8574562","8574870","28","8290831"
"KN297094v1","290548","290854","chr22","8578872","8579177","21","8288324"
"KN297094v1","315238","315306","chr3","68644449","68644517","12","68329211"
"KN297094v1","332303","332598","chr22","8622066","8622356","26","8289763"
"KN297094v1","337443","337566","chr22","8627251","8627370","11","8289808"
"KN297094v1","378280","378593","chr8","77569378","77569682","67","77191098"
"KN297094v1","395841","396131","chr12","125163839","125164147","68","124767998"
"KN297094v1","398036","398159","chr17","32874740","32874863","17","32476704"
"KN297094v1","432047","432134","chr20","15510224","15510310","18","15078177"
"KN297095v1","48569","48692","chr20","35800564","35800690","16","35751995"
"KN297095v1","104035","104293","chr5","155004581","155004835","18","154900546"
"KN297095v1","147132","147332","chr5","21400624","21400821","49","21253492"
"KN297095v1","207573","207869","chr4","37525834","37526137","61","37318261"
"KN297095v1","209963","210225","chr5","155124757","155125016","19","154914794"
"KN297095v1","281709","282008","chr5","155207688","155207983","14","154925979"
"KN297095v1","389486","389611","chr17","5424751","5424875","22","5035265"
"KN297095v1","407532","407814","chr5","155339059","155339339","20","154931527"
"KN297095v1","424252","424369","chr7","22828817","22828934","19","22404565"
"KN297095v1","502950","503244","chr6","35767619","35767909","51","35264669"
"KN297095v1","523352","523650","chr1","125529178","125529481","63","125005826"
"KN297095v1","525159","525309","chr5","155460498","155460647","11","154935339"
"KN297095v1","525940","526066","chr5","155460972","155461099","11","154935032"
"KN297095v1","548203","548465","chr5","121646181","121646463","80","121097978"
"KN297095v1","623653","623928","chr5","155557578","155557854","22","154933925"
"KN297095v1","937934","938069","chr14","63032745","63032877","21","62094811"
"KN297095v1","939079","939215","chrX","101042649","101042786","21","100103570"
"KN297095v1","955445","955728","chr5","155912516","155912806","33","154957071"
"KN297095v1","1090382","1090689","chr5","156046684","156046998","27","154956302"
"KN297095v1","1094553","1094860","chr5","156049917","156050222","24","154955364"
"KN297095v1","1126969","1127075","chr20","4564924","4565032","15","3437955"
"KN297095v1","1127126","1127297","chr5","156082870","156083042","14","154955744"
"KN297095v1","1129327","1129521","chr2A","68699144","68699329","53","67569817"
"KN297095v1","1288550","1288872","chr5","156254661","156254972","37","154966111"
"KN297095v1","1310746","1311033","chr5","156272370","156272663","54","154961624"
"KN297095v1","1334119","1334426","chr5","156298616","156298923","17","154964497"
"KN297095v1","1378765","1378895","chr4","71627175","71627305","26","70248410"
"KN297095v1","1379916","1380211","chr5","156333028","156333327","27","154953112"
"KN297095v1","1403563","1403687","chr5","156355306","156355428","10","154951743"
"KN297095v1","1405958","1406088","chr5","156357504","156357628","14","154951546"
"KN297095v1","1448260","1448581","chr4","6615194","6615493","77","5166934"
"KN297095v1","1470712","1471013","chr5","156426268","156426560","27","154955556"
"KN297095v1","1496237","1496547","chr16","28399033","28399343","66","26902796"
"KN297095v1","1544253","1544334","chr1","31495599","31495681","16","29951346"
"KN297095v1","1606741","1607009","chr5","156570067","156570335","22","154963326"
"KN297095v1","1643928","1644230","chr5","156607004","156607308","21","154963076"
"KN297095v1","1772430","1772726","chr2B","135003036","135003334","65","133230606"
"KN297095v1","1830762","1831048","chrX","53825086","53825371","56","51994324"
"KN297095v1","1974565","1974696","chr4","41394170","41394300","22","39419605"
"KN297095v1","1976282","1976516","chrX","3574262","3574491","50","1597980"
"KN297095v1","1979493","1979757","chr5","156936361","156936645","49","154956868"
"KN297095v1","1979777","1979919","chr5","25437755","25437902","44","23457978"
"KN297095v1","1979957","1980136","chr5","138441641","138441812","39","136461684"
"KN297095v1","1981944","1982256","chr20","45903423","45903732","60","43921479"
"KN297095v1","1988098","1988377","chr2A","20508259","20508542","41","18520161"
"KN297095v1","2124449","2124699","chr5","157076807","157077072","30","154952358"
"KN297095v1","2125998","2126283","chr5","157078363","157078661","26","154952365"
"KN297095v1","2145699","2145820","chr19","49540569","49540693","22","47394870"
"KN297095v1","2172608","2172908","chr5","157130772","157131074","31","154958164"
"KN297095v1","2195419","2195614","chr9","116518382","116518590","47","114322963"
"KN297095v1","2195641","2195920","chr5","157153656","157153948","32","154958015"
"KN297095v1","2198252","2198370","chr5","138622564","138622679","30","136424312"
"KN297095v1","2239336","2239626","chr19","17465894","17466187","71","15226558"
"KN297095v1","2281351","2281609","chr5","157239101","157239387","42","154957750"
"KN297095v1","2307473","2307634","chr5","157265515","157265678","20","154958042"
"KN297095v1","2307947","2308075","chr5","157265985","157266113","6","154958038"
"KN297095v1","2332710","2332986","chr4","119582758","119583033","64","117250048"
"KN297095v1","2347466","2347630","chr19","15319588","15319752","43","12972122"
"KN297095v1","2390447","2390745","chr5","157355370","157355690","42","154964923"
"KN297095v1","2399082","2399402","chr5","157363667","157363972","44","154964585"
"KN297095v1","2443746","2444040","chr5","157404125","157404421","30","154960379"
"KN297095v1","2451617","2451932","chr5","157411951","157412267","22","154960334"
"KN297095v1","2456735","2456966","chr7","137406455","137406686","44","134949720"
"KN297095v1","2469767","2469900","chr5","157429608","157429741","9","154959841"
"KN297095v1","2508925","2509187","chr5","157468161","157468436","29","154959236"
"KN297095v1","2550401","2550457","chr11","65738222","65738274","11","63187821"
"KN297095v1","2668976","2669163","chr1","26315466","26315648","43","23646490"
"KN297095v1","2934220","2934547","chr5","157820635","157820958","26","154886415"
"KN297095v1","3003992","3004265","chr5","26573271","26573545","63","23569279"
"KN297095v1","3007140","3007454","chr5","157897984","157898296","25","154890844"
"KN297095v1","3015916","3016231","chr19","5577020","5577323","69","2561104"
"KN297095v1","3038234","3038527","chr5","157922771","157923076","34","154884537"
"KN297095v1","3058839","3058972","chr5","157943393","157943525","11","154884554"
"KN297095v1","3074332","3074427","chr7","150453189","150453286","18","147378857"
"KN297095v1","3151074","3151354","chr5","158029208","158029490","24","154878134"
"KN297095v1","3158631","3158898","chr6","146446330","146446598","61","143287699"
"KN297095v1","3378063","3378360","chr6","10740288","10740565","72","7362225"
"KN297095v1","3837995","3838275","chr5","158716814","158717111","46","154878819"
"KN297095v1","3932744","3933042","chr10","41998573","41998883","64","38065829"
"KN297095v1","3965544","3965818","chr5","158843206","158843469","48","154877662"
"KN297095v1","4097562","4097631","chr14","79380097","79380166","20","75282535"
"KN297096v1","342","633","chr19","3667009","3667299","55","3666667"
"KN297096v1","3001","3313","chr19","35324124","35324445","49","35321123"
"KN297096v1","15462","15733","chr19","35311990","35312256","25","35296528"
"KN297097v1","87628","87913","chr19","3667009","3667299","62","3579381"
"KN297097v1","150690","151007","chr4","157533263","157533569","65","157382573"
"KN297099v1","35500","35802","chr2A","93916449","93916744","21","93880949"
"KN297099v1","730837","731134","chr2A","93205162","93205461","31","92474325"
"KN297105v1","416022","416329","chr9","14671778","14672076","76","14255756"
"KN297105v1","547185","547468","chr17","23883477","23883755","57","23336292"
"KN297105v1","728288","728494","chr1","142524143","142524353","18","141795855"
"KN297105v1","878374","878509","chr5","125572808","125572940","24","124694434"
"KN297105v1","1504277","1504570","chr1","143340403","143340716","47","141836126"
"KN297105v1","1633865","1634043","chr8","38602605","38602787","40","36968740"
"KN297105v1","1634375","1634520","chr12","25236149","25236293","30","23601774"
"KN297105v1","1650796","1651093","chr2B","62983734","62984032","60","61332938"
"KN297105v1","1673250","1673382","chr11","20577762","20577901","28","18904512"
"KN297105v1","1878116","1878361","chr1","143707860","143708104","24","141829744"
"KN297105v1","1985525","1985813","chr1","143844227","143844507","34","141858702"
"KN297105v1","2652621","2652901","chr1","144490829","144491110","18","141838208"
"KN297105v1","2737740","2738009","chr1","144588599","144588869","24","141850859"
"KN297105v1","2770387","2770677","chr1","144613422","144613723","28","141843035"
"KN297105v1","2776582","2776738","chr1","144618417","144618561","19","141841835"
"KN297105v1","2777047","2777228","chr1","144618870","144619048","13","141841823"
"KN297105v1","2788035","2788333","chr1","144629438","144629734","21","141841403"
"KN297105v1","2803484","2803655","chr1","144642586","144642749","18","141839102"
"KN297105v1","2816141","2816359","chr1","144654917","144655135","6","141838776"
"KN297105v1","2837242","2837320","chr1","31495599","31495681","27","28658357"
"KN297105v1","2847113","2847386","chr1","144679404","144679695","39","141832291"
"KN297105v1","2903920","2904221","chr1","144729370","144729681","25","141825450"
"KN297105v1","2905771","2906058","chr12","1582948","1583229","76","1322823"
"KN297105v1","2910812","2911110","chr1","144737099","144737399","25","141826287"
"KN297105v1","2912885","2913192","chrX","133749622","133749918","56","130836737"
"KN297105v1","2915614","2915881","chr1","144742073","144742328","24","141826459"
"KN297105v1","2921578","2921699","chr1","144747409","144747533","18","141825831"
"KN297105v1","2965022","2965285","chr19","1791940","1792175","81","1173082"
"KN297105v1","2988783","2988969","chr1","144829557","144829732","25","141840774"
"KN297105v1","2989273","2989397","chr1","144830045","144830169","15","141840772"
"KN297105v1","3027304","3027612","chr18","55598146","55598455","63","52570842"
"KN297105v1","3063221","3063525","chr1","144903617","144903913","21","141840396"
"KN297105v1","3228932","3229066","chr9","91893688","91893818","30","88664756"
"KN297105v1","3295975","3296295","chr1","145128435","145128725","39","141832460"
"KN297105v1","3298723","3298863","chr1","145131181","145131318","9","141832458"
"KN297105v1","3392180","3392441","chr14","83555068","83555327","65","80162888"
"KN297105v1","3629561","3629805","chr7","74438705","74438949","57","70809144"
"KN297105v1","3744933","3745059","chrX","9601839","9601964","22","5856906"
"KN297105v1","3759575","3759842","chr1","145783039","145783309","23","142023464"
"KN297105v1","3809623","3809915","chr1","145836237","145836536","31","142026614"
"KN297105v1","3927994","3928309","chr1","145954461","145954768","18","142026467"
"KN297106v1","817337","817637","chr6","93535932","93536225","30","92718595"
"KN297106v1","882039","882318","chr6","93464495","93464774","19","92582456"
"KN297106v1","906788","907054","chr6","93440162","93440427","28","92533374"
"KN297106v1","1081541","1081675","chr6","93246383","93246517","8","92164842"
"KN297108v1","4636","4767","chrX","133297251","133297381","10","133292615"
"KN297108v1","6430","6720","chr18","19956994","19957277","71","19950564"
"KN297108v1","79697","79776","chr19","8061736","8061816","15","7982039"
"KN297108v1","80084","80318","chr5","129671392","129671621","60","129591308"
"KN297108v1","118239","118374","chrX","133410525","133410660","10","133292286"
"KN297108v1","140585","140702","chrX","133431216","133431336","11","133290631"
"KN297108v1","167617","167889","chrX","133454405","133454678","31","133286788"
"KN297108v1","174334","174613","chrX","133461647","133461928","19","133287313"
"KN297108v1","196769","196897","chr2B","60611640","60611767","18","60414871"
"KN297108v1","197189","197325","chr7","74591067","74591194","42","74393878"
"KN297108v1","201122","201403","chrX","16638875","16639156","57","16437753"
"KN297108v1","317790","318084","chr2A","79611367","79611662","54","79293577"
"KN297108v1","386143","386459","chrX","133672214","133672519","24","133286071"
"KN297108v1","399523","399836","chrX","133685240","133685539","30","133285717"
"KN297108v1","467843","468140","chrX","133749622","133749918","20","133281779"
"KN297112v1","447159","447325","chr3","46765091","46765261","37","46317932"
"KN297112v1","447398","447515","chr7","83053990","83054109","24","82606592"
"KN297112v1","946270","946570","chr18","9458529","9458828","21","8512259"
"KN297112v1","984986","985286","chr18","9419109","9419396","36","8434123"
"KN297112v1","1006237","1006357","chr18","9398239","9398359","9","8392002"
"KN297112v1","1296417","1296712","chr3","34349422","34349717","60","33053005"
"KN297112v1","1301214","1301482","chr18","9090042","9090307","22","7788828"
"KN297112v1","1405326","1405655","chr18","8964253","8964560","52","7558927"
"KN297112v1","1457894","1458199","chr18","8909342","8909648","18","7451448"
"KN297112v1","1729188","1729508","chr18","8612275","8612596","21","6883087"
"KN297112v1","1794433","1794699","chr18","8543796","8544059","13","6749363"
"KN297112v1","1968272","1968400","chrX","6957846","6957975","24","4989574"
"KN297112v1","2045105","2045237","chr12","99918679","99918805","52","97873574"
"KN297112v1","2045272","2045389","chr18","8302339","8302467","21","6257067"
"KN297112v1","2154095","2154389","chr18","8196296","8196593","24","6042201"
"KN297112v1","2295071","2295370","chr18","8042049","8042334","34","5746978"
"KN297112v1","2329135","2329425","chr11","35748417","35748701","64","33419282"
"KN297112v1","2346778","2347080","chr7","1565273","1565568","50","781505"
"KN297112v1","2377207","2377338","chr18","7952524","7952655","5","5575317"
"KN297112v1","2382767","2383065","chrX","30845263","30845552","58","28462496"
"KN297112v1","2429289","2429593","chr18","7901218","7901530","22","5471929"
"KN297112v1","2446765","2446915","chr6","44163402","44163522","45","41716637"
"KN297112v1","2657359","2657657","chr18","7640210","7640504","22","4982851"
"KN297112v1","2908261","2908562","chr18","7374071","7374352","42","4465810"
"KN297112v1","3020164","3020447","chr3","124942701","124942999","66","121922537"
"KN297112v1","3034844","3034977","chr9","52099590","52099722","26","49064746"
"KN297112v1","3071132","3071253","chr18","7220974","7221095","9","4149842"
"KN297112v1","3077351","3077513","chr16","28651723","28651886","38","25574372"
"KN297112v1","3077557","3077673","chr8","48591554","48591670","18","45513997"
"KN297112v1","3082839","3083123","chr18","7209635","7209918","20","4126796"
"KN297112v1","3149214","3149524","chr18","7150348","7150639","34","4001134"
"KN297112v1","3157305","3157608","chr18","7142369","7142666","27","3985064"
"KN297112v1","3280389","3280695","chr3","146177325","146177626","58","142896936"
"KN297112v1","3438342","3438623","chr18","6795203","6795499","29","3356861"
"KN297112v1","3571194","3571502","chr9","49514169","49514474","66","45942975"
"KN297112v1","3606211","3606523","chr18","6635823","6636137","17","3029612"
"KN297112v1","3633533","3633670","chr5","99488254","99488392","24","95854721"
"KN297112v1","3682918","3683204","chr19","17650068","17650349","64","13967150"
"KN297112v1","3786211","3786478","chr18","6451321","6451588","22","2665110"
"KN297112v1","3830257","3830505","chr18","6407513","6407798","54","2577256"
"KN297112v1","3847614","3847873","chr13","27105408","27105674","59","23257794"
"KN297112v1","3891901","3892194","chr12","37363315","37363614","65","33471414"
"KN297112v1","3899765","3900025","chr15","64173537","64173801","60","60273772"
"KN297112v1","3938604","3938820","chr18","6279218","6279435","7","2340614"
"KN297112v1","4124885","4125194","chr18","6092757","6093066","20","1967872"
"KN297112v1","4234519","4234830","chr1","125529178","125529481","65","121294659"
"KN297112v1","4307900","4307974","chr18","5875551","5875619","11","1567651"
"KN297112v1","4339284","4339588","chr6","36992055","36992364","60","32652771"
"KN297112v1","4379254","4379374","chr18","5812088","5812208","8","1432834"
"KN297112v1","4414988","4415074","chr7","76841290","76841378","18","72426302"
"KN297112v1","4544384","4544696","chr18","5580380","5580694","27","1035996"
"KN297112v1","4559514","4559815","chr18","5566350","5566650","18","1006836"
"KN297112v1","4585450","4585729","chr18","5540234","5540519","28","954784"
"KN297112v1","4586125","4586427","chr18","5539541","5539847","24","953416"
"KN297112v1","4612616","4612876","chr18","5504717","5504979","12","892101"
"KN297112v1","4709521","4709705","chr18","5393899","5394061","32","684378"
"KN297112v1","4709990","4710134","chr18","5393471","5393613","14","683481"
"KN297112v1","4736801","4737091","chr18","5368277","5368578","29","631476"
"KN297112v1","4768288","4768495","chr14","60630586","60630784","59","55862298"
"KN297112v1","4814452","4814625","chr5","37480679","37480856","29","32666227"
"KN297112v1","4839376","4839665","chr1","116009929","116010223","51","111170553"
"KN297112v1","4845210","4845342","chr7","74273201","74273327","32","69427991"
"KN297112v1","4845648","4845808","chr3","74137626","74137788","34","69291978"
"KN297112v1","4929385","4929700","chr18","5143834","5144137","30","214449"
"KN297112v1","4948902","4949189","chr18","5125065","5125351","18","176163"
"KN297112v1","4961963","4962227","chr18","5109891","5110168","30","147928"
"KN297112v1","4979588","4979891","chr17","42210627","42210913","67","37231039"
"KN297112v1","5012002","5012162","chr18","5058669","5058829","10","46667"
"KN297112v1","5058918","5059221","chr18","5013448","5013717","47","45470"
"KN297112v1","5094145","5094308","chr7","139943059","139943215","37","134848914"
"KN297112v1","5094600","5094784","chr18","4976411","4976594","16","118189"
"KN297112v1","5098125","5098421","chr18","4972881","4973171","30","125244"
"KN297112v1","5142666","5142944","chr18","4922892","4923188","31","219774"
"KN297112v1","5195266","5195584","chr18","4869453","4869747","38","325813"
"KN297112v1","5317561","5317862","chr17","26582896","26583193","61","21265335"
"KN297112v1","5474483","5474774","chr18","4559342","4559632","18","915141"
"KN297112v1","5783386","5783593","chr18","2759559","2759771","23","3023827"
"KN297112v1","5819976","5820271","chr18","2790413","2790718","38","3029563"
"KN297112v1","5825109","5825416","chr18","2795251","2795585","37","3029858"
"KN297112v1","5830709","5830984","chr18","2800497","2800774","24","3030212"
"KN297112v1","5849455","5849547","chr18","2821412","2821510","15","3028043"
"KN297112v1","5849811","5849976","chr19","15319588","15319752","63","9469777"
"KN297112v1","5852465","5852593","chr18","2824512","2824640","7","3027953"
"KN297112v1","5863494","5863793","chr5","33543745","33544041","55","27680251"
"KN297112v1","5872386","5872632","chr18","2844140","2844392","42","3028246"
"KN297112v1","5911474","5911616","chr3","42712940","42713074","25","36801466"
"KN297112v1","5960057","5960111","chr16","61616297","61616353","13","55656240"
"KN297112v1","5972360","5972650","chr12","57311360","57311657","57","51339000"
"KN297112v1","5990171","5990470","chr18","2959917","2960214","25","3030254"
"KN297112v1","6106137","6106454","chr18","3064805","3065103","39","3041332"
"KN297112v1","6282229","6282543","chr10","15379283","15379592","59","9097054"
"KN297112v1","6353311","6353600","chr12","115638172","115638455","69","109284861"
"KN297112v1","6369261","6369384","chr18","3430251","3430375","4","2939010"
"KN297112v1","6529640","6529949","chr19","56305846","56306150","53","49776206"
"KN297112v1","6608416","6608729","chr18","3675717","3676021","43","2932699"
"KN297112v1","6781324","6781625","chr18","3877491","3877800","31","2903833"
"KN297112v1","6853412","6853562","chr3","48157584","48157729","29","41304172"
"KN297113v1","94777","95070","chr1","22940276","22940568","59","22845499"
"KN297113v1","101130","101417","chr19","32316644","32316931","52","32215514"
"KN297114v1","37133","37445","chr22","27597967","27598280","62","27560834"
"KN297117v1","277031","277182","chr5","73625013","73625165","11","73347982"
"KN297117v1","407321","407436","chr5","73758034","73758162","20","73350713"
"KN297117v1","444994","445298","chr5","73795383","73795687","23","73350389"
"KN297118v1","114634","114923","chr1","147044379","147044691","50","146929745"
"KN297118v1","382926","383047","chr15","7099328","7099450","10","6716402"
"KN297118v1","424191","424323","chr15","7057957","7058089","9","6633766"
"KN297118v1","456961","457125","chr3","49576714","49576879","34","49119753"
"KN297118v1","503410","503691","chr11","8480051","8480332","53","7976641"
"KN297121v1","53117","53427","chr6","121493501","121493812","18","121440384"
"KN297121v1","96666","96944","chr9","68508221","68508504","60","68411555"
"KN297125v1","3161","3291","chrX","49897962","49898092","16","49894801"
"KN297125v1","28660","28832","chr20","50941769","50941935","32","50913109"
"KN297125v1","60505","60636","chrX","50118781","50118912","5","50058276"
"KN297125v1","123342","123644","chrX","50160158","50160458","20","50036816"
"KN297127v1","31513","31789","chr5","8484401","8484683","68","8452888"
"KN297130v1","39237","39520","chr8","44442846","44443129","30","44403609"
"KN297132v1","40003","40287","chrX","98471709","98471993","20","98431706"
"KN297132v1","107377","107645","chrX","98405675","98405947","24","98298298"
"KN297133v1","21829","22142","chr17","7173","7486","20","14656"
"KN297133v1","71062","71312","chr17","108751","109041","51","37689"
"KN297133v1","81700","81987","chr17","119961","120251","22","38261"
"KN297133v1","90373","90500","chr17","130910","131033","18","40537"
"KN297133v1","101604","101918","chr12","114637009","114637314","66","114535405"
"KN297133v1","153051","153256","chr17","195071","195293","40","42020"
"KN297133v1","160937","161060","chr9","82533267","82533396","33","82372330"
"KN297133v1","166325","166615","chr2B","27930386","27930678","61","27764061"
"KN297133v1","190452","190712","chr17","235938","236213","42","45486"
"KN297133v1","191527","191836","chr17","237014","237308","45","45487"
"KN297133v1","222438","222568","chr4","41394170","41394300","26","41171732"
"KN297133v1","222871","223041","chr18","60556687","60556851","29","60333816"
"KN297133v1","254799","254894","chr5","19708341","19708443","31","19453542"
"KN297133v1","255338","255467","chr16","60887960","60888092","38","60632622"
"KN297133v1","296151","296271","chr17","348790","348906","14","52639"
"KN297133v1","330649","330929","chr17","385365","385642","28","54716"
"KN297133v1","346292","346432","chr19","46616680","46616816","21","46270388"
"KN297133v1","356527","356818","chr17","411471","411758","38","54944"
"KN297133v1","369403","369592","chr10","102045272","102045454","40","101675869"
"KN297133v1","471804","472077","chr15","55930675","55930949","57","55458871"
"KN297133v1","495767","495859","chr7","100251092","100251185","21","99755325"
"KN297133v1","495898","496044","chr11","58685118","58685271","34","58189220"
"KN297133v1","498186","498315","chr7","158375878","158375978","50","157877692"
"KN297133v1","535149","535284","chr14","44627225","44627356","32","44092076"
"KN297133v1","542950","543085","chr17","637435","637570","20","94485"
"KN297133v1","543391","543513","chr8","85100943","85101055","36","84557552"
"KN297133v1","560696","560825","chr17","656041","656165","15","95345"
"KN297133v1","593436","593730","chr17","692379","692671","43","98943"
"KN297133v1","599054","599181","chr18","29118307","29118433","20","28519253"
"KN297133v1","631058","631345","chr17","726618","726909","23","95560"
"KN297133v1","659577","659836","chrX","201853","202121","59","457724"
"KN297133v1","671371","671491","chr1","140858330","140858451","17","140186959"
"KN297133v1","671532","671696","chr5","95311148","95311303","47","94639616"
"KN297133v1","682114","682405","chr11","32284696","32284987","58","31602582"
"KN297133v1","687583","687736","chr17","785775","785928","19","98192"
"KN297133v1","823658","823782","chr10","112209212","112209332","17","111385554"
"KN297133v1","936754","937055","chr8","85438465","85438767","65","84501711"
"KN297133v1","969858","969980","chr17","1055446","1055572","11","85588"
"KN297133v1","1012124","1012394","chr8","41671342","41671614","68","40659218"
"KN297133v1","1130366","1130580","chr17","1233074","1233288","13","102708"
"KN297133v1","1143980","1144251","chr7","43721637","43721904","55","42577657"
"KN297133v1","1146714","1146837","chr1","9745191","9745309","29","8598477"
"KN297133v1","1147134","1147279","chr1","21359432","21359582","37","20212298"
"KN297133v1","1150433","1150536","chr16","61091795","61091899","26","59941362"
"KN297133v1","1193560","1193684","chr8","75184071","75184194","22","73990511"
"KN297133v1","1276627","1276921","chr17","1389379","1389670","20","112752"
"KN297133v1","1305496","1305715","chr3","54265288","54265496","50","52959792"
"KN297133v1","1315648","1315833","chr7","78883332","78883528","45","77567684"
"KN297133v1","1357857","1358102","chr17","1468549","1468807","39","110692"
"KN297133v1","1392177","1392468","chr17","1502527","1502825","31","110350"
"KN297133v1","1398936","1399234","chr5","30617381","30617684","23","29218445"
"KN297133v1","1557798","1558095","chr3","42919033","42919335","65","41361235"
"KN297133v1","1569236","1569356","chr3","5136828","5136950","16","3567592"
"KN297133v1","1573425","1573729","chr17","1685505","1685807","25","112080"
"KN297133v1","1612227","1612513","chr6","85816701","85816980","71","84204474"
"KN297133v1","1615700","1615829","chr9","58174384","58174515","20","56558684"
"KN297133v1","1638336","1638585","chr17","1760173","1760429","20","121837"
"KN297133v1","1708036","1708311","chr15","62161130","62161408","44","60453094"
"KN297133v1","1710911","1711056","chr1","184920372","184920511","35","183209461"
"KN297133v1","1711359","1711530","chr4","155183544","155183713","38","153472185"
"KN297135v1","83701","83829","chr7","65398583","65398713","18","65314882"
"KN297137v1","21277","21561","chrX","154616953","154617248","27","154595676"
"KN297137v1","28238","28546","chrX","154609912","154610220","29","154581674"
"KN297137v1","35145","35406","chrX","154600963","154601220","22","154565818"
"KN297137v1","36087","36354","chrX","154600963","154601220","53","154564876"
"KN297137v1","48623","48941","chrX","154551833","154552145","20","154503210"
"KN297137v1","55879","56200","chrX","154507549","154507819","65","154451670"
"KN297138v1","37059","37178","chrX","106635578","106635694","10","106598519"
"KN297138v1","67249","67381","chrX","106665347","106665478","5","106598098"
"KN297138v1","274471","274751","chrX","106860099","106860378","13","106585628"
"KN297138v1","309852","310047","chrX","106890075","106890269","12","106580223"
"KN297138v1","370175","370293","chr9","12393723","12393840","15","12023548"
"KN297138v1","380252","380385","chrX","106940343","106940476","9","106560091"
"KN297138v1","413442","413554","chr12","119765087","119765201","19","119351645"
"KN297138v1","438589","438930","chrX","107004956","107005279","39","106566367"
"KN297141v1","104465","104603","chr22","33806875","33807013","11","33702410"
"KN297141v1","117177","117302","chr2B","44400291","44400409","35","44283114"
"KN297141v1","129754","130056","chr10","102286684","102286989","60","102156930"
"KN297141v1","132785","132915","chr22","33769806","33769936","17","33637021"
"KN297141v1","181130","181252","chr7","107716708","107716830","17","107535578"
"KN297141v1","1173998","1174291","chr22","32507513","32507807","26","31333515"
"KN297143v1","5740","6025","chr4","93770319","93770606","55","93764579"
"KN297143v1","68849","69140","chr1","32705341","32705624","70","32636492"
"KN297143v1","99470","99592","chr14","74952089","74952210","16","74852619"
"KN297143v1","120068","120287","chr4","181481972","181482192","46","181361904"
"KN297143v1","262749","262941","chr6","155855181","155855372","49","155592432"
"KN297144v1","170972","171268","chr9","73064552","73064850","25","72893580"
"KN297144v1","225463","225749","chr9","73125427","73125721","32","72899964"
"KN297144v1","735295","735585","chr9","73652779","73653068","33","72917484"
"KN297144v1","964417","964689","chr9","73881590","73881857","25","72917173"
"KN297144v1","1001852","1002159","chr9","73917030","73917339","25","72915178"
"KN297144v1","1087767","1088045","chr9","74001678","74001958","23","72913911"
"KN297144v1","1089404","1089554","chr9","74003011","74003161","10","72913607"
"KN297146v1","49437","49616","chr22","1464600","1464774","40","1415163"
"KN297146v1","50196","50264","chr12","97692724","97692794","10","97642528"
"KN297146v1","157112","157366","chr1","140713392","140713638","30","140556280"
"KN297146v1","190489","190806","chr16","2435904","2436225","81","2245415"
"KN297146v1","232660","232958","chr1","140785425","140785744","43","140552765"
"KN297146v1","246863","247131","chr1","140799641","140799878","41","140552778"
"KN297146v1","335795","335916","chr1","140858330","140858451","6","140522535"
"KN297146v1","517343","517625","chr1","141023898","141024189","26","140506555"
"KN297148v1","38651","38938","chr14","48027225","48027502","76","47988574"
"KN297148v1","340140","340281","chr7","92497970","92498103","24","92157830"
"KN297148v1","340595","340763","chr7","92497469","92497649","30","92156874"
"KN297148v1","445815","445857","chr4","8671927","8671965","9","8226112"
"KN297148v1","582964","583095","chr7","92299316","92299447","13","91716352"
"KN297150v1","11138","11430","chr4","119661847","119662138","16","119650709"
"KN297150v1","15028","15318","chr4","119665745","119666031","17","119650717"
"KN297153v1","1896","2023","chr5","133665737","133665865","5","133663841"
"KN297153v1","19844","20136","chr5","133683092","133683399","29","133663248"
"KN297153v1","45355","45656","chr5","133709653","133709962","34","133664298"
"KN297153v1","70009","70229","chr5","133734901","133735133","22","133664892"
"KN297153v1","255546","255686","chr5","133919427","133919559","20","133663881"
"KN297153v1","358063","358308","chr5","96034370","96034608","49","95676307"
"KN297153v1","375191","375481","chr5","134034476","134034762","28","133659285"
"KN297153v1","428349","428642","chr5","134088034","134088321","30","133659685"
"KN297153v1","463077","463383","chr14","76552911","76553207","62","76089834"
"KN297153v1","492875","493009","chr5","134156341","134156465","16","133663466"
"KN297153v1","504014","504309","chr5","134167244","134167556","35","133663230"
"KN297153v1","567997","568296","chr5","134228631","134228928","22","133660634"
"KN297153v1","647369","647679","chr16","60630135","60630442","53","59982766"
"KN297153v1","680801","681116","chr5","134340143","134340447","26","133659342"
"KN297153v1","699622","699928","chr5","134357799","134358111","24","133658177"
"KN297153v1","937413","937686","chr1","52648985","52649268","68","51711572"
"KN297153v1","948855","949158","chr4","195014322","195014624","69","194065467"
"KN297153v1","956689","956975","chr11","75968027","75968315","59","75011338"
"KN297153v1","985060","985306","chr5","134720159","134720409","27","133735099"
"KN297153v1","1031787","1032077","chr5","134776125","134776433","33","133744338"
"KN297153v1","1137803","1138101","chr5","134907239","134907537","15","133769436"
"KN297153v1","1138126","1138268","chr5","134907565","134907707","9","133769439"
"KN297153v1","1238019","1238250","chr14","72808786","72809010","44","71570767"
"KN297153v1","1309832","1310139","chr5","59164457","59164765","59","57854625"
"KN297153v1","1349207","1349305","chr1","144946556","144946652","20","143597349"
"KN297154v1","40776","41062","chr4","45516945","45517231","68","45476169"
"KN297154v1","50319","50612","chr19","11174221","11174506","25","11123902"
"KN297154v1","53110","53461","chr5","54192105","54192454","78","54138995"
"KN297154v1","74016","74272","chr7","101711725","101711977","68","101637709"
"KN297154v1","76758","76887","chr5","68457161","68457289","29","68380403"
"KN297154v1","77202","77358","chr19","47680720","47680868","44","47603518"
"KN297154v1","90968","91274","chr19","11140586","11140877","39","11049618"
"KN297154v1","101049","101304","chr7","78926282","78926538","58","78825233"
"KN297154v1","120780","120894","chr6","157091451","157091570","27","156970671"
"KN297154v1","123678","123983","chr19","11108607","11108920","25","10984929"
"KN297154v1","130343","130442","chr19","11102403","11102500","7","10972060"
"KN297154v1","130448","130684","chr19","46658097","46658337","56","46527649"
"KN297154v1","149471","149770","chr19","11083013","11083313","22","10933542"
"KN297154v1","167811","168116","chr19","11060024","11060331","22","10892213"
"KN297154v1","187523","187744","chrX","118339297","118339514","50","118151774"
"KN297154v1","213290","213417","chr4","181844176","181844305","20","181630886"
"KN297154v1","225238","225521","chr19","11001364","11001650","16","10776126"
"KN297154v1","229888","230042","chr2B","124335650","124335790","42","124105762"
"KN297154v1","230077","230221","chr17","61389285","61389424","27","61159208"
"KN297154v1","242260","242463","chr13","81723094","81723301","41","81480834"
"KN297154v1","259631","259773","chr19","10966473","10966620","17","10706842"
"KN297154v1","260395","260552","chr19","10966018","10966174","12","10705623"
"KN297154v1","267224","267350","chr11","117258906","117259035","21","116991682"
"KN297154v1","273700","273970","chr16","78223728","78224017","63","77950028"
"KN297154v1","293467","293748","chr19","10935729","10936017","35","10642262"
"KN297154v1","296200","296477","chr19","10932991","10933284","35","10636791"
"KN297154v1","316178","316441","chr5","118253079","118253355","52","117936901"
"KN297154v1","321403","321703","chr19","10911111","10911414","25","10589708"
"KN297154v1","334385","334663","chr19","10897703","10898004","61","10563318"
"KN297154v1","340281","340398","chr8","68070914","68071031","20","67730633"
"KN297154v1","346246","346543","chr19","10884100","10884413","36","10537854"
"KN297154v1","350169","350345","chr12","59416428","59416599","41","59066259"
"KN297154v1","363428","363717","chr19","10865299","10865599","31","10501871"
"KN297154v1","368325","368484","chr1","25607053","25607229","44","25238728"
"KN297154v1","377260","377566","chr1","94184963","94185274","55","93807703"
"KN297154v1","405748","406049","chr19","10822568","10822876","27","10416820"
"KN297154v1","411225","411518","chr19","10815638","10815936","41","10404413"
"KN297154v1","460448","460559","chr19","10767831","10767939","12","10307383"
"KN297154v1","476828","477136","chr19","10751405","10751713","20","10274577"
"KN297154v1","477797","478080","chr9","70292574","70292852","64","69814777"
"KN297154v1","482124","482414","chr19","10746149","10746439","22","10264025"
"KN297154v1","500682","500970","chr11","8480051","8480332","66","7979369"
"KN297154v1","504423","504558","chr8","9732985","9733123","21","9228562"
"KN297154v1","550401","550529","chr19","10675278","10675406","11","10124877"
"KN297154v1","573525","573645","chr22","26873285","26873404","19","26299760"
"KN297154v1","573955","574136","chr19","10650523","10650704","12","10076568"
"KN297154v1","610644","610776","chr19","10614625","10614754","14","10003981"
"KN297154v1","625887","626064","chr19","10598949","10599128","11","9973062"
"KN297154v1","633760","634071","chr19","10587639","10587950","33","9953879"
"KN297154v1","636985","637091","chr19","10584594","10584704","11","9947609"
"KN297154v1","653398","653687","chr19","10566789","10567097","41","9913391"
"KN297154v1","659703","660006","chr19","10560533","10560841","15","9900830"
"KN297154v1","706701","706932","chr19","34313234","34313468","62","33606533"
"KN297154v1","707254","707504","chr19","34313234","34313468","71","33605980"
"KN297154v1","714338","714470","chr19","10503373","10503505","12","9789035"
"KN297154v1","717772","718081","chr11","19814436","19814739","68","19096664"
"KN297154v1","719261","719563","chr19","10499420","10499712","30","9780159"
"KN297154v1","727476","727609","chr3","13539438","13539570","25","12811962"
"KN297154v1","729658","729955","chr12","125163839","125164147","61","124434181"
"KN297154v1","737372","737660","chr12","121769083","121769363","70","121031711"
"KN297154v1","752185","752493","chr6","33717387","33717693","72","32965202"
"KN297154v1","755701","755875","chr19","10463756","10463928","14","9708055"
"KN297154v1","787423","787544","chr7","4883355","4883474","17","4095932"
"KN297154v1","796817","796941","chr19","10423531","10423663","24","9626714"
"KN297154v1","842688","842836","chr5","7625236","7625388","27","6782548"
"KN297154v1","843145","843294","chr19","10951114","10951260","33","10107969"
"KN297154v1","846957","847077","chr2A","45791414","45791537","16","44944457"
"KN297154v1","849911","849974","chr4","28013128","28013186","17","27163217"
"KN297154v1","851414","851537","chr19","10373736","10373859","11","9522322"
"KN297154v1","854091","854403","chr19","10371449","10371766","24","9517358"
"KN297154v1","861756","861924","chr19","10364346","10364512","19","9502590"
"KN297154v1","862230","862362","chr19","10363898","10364030","8","9501668"
"KN297154v1","871829","871975","chr2B","100881750","100881888","25","100009921"
"KN297154v1","872922","873079","chr1","224704872","224705030","31","223831950"
"KN297154v1","875194","875436","chr16","30589559","30589793","62","29714365"
"KN297154v1","886568","886689","chr1","140858330","140858451","25","139971762"
"KN297154v1","906854","906976","chr16","30069641","30069762","15","29162787"
"KN297154v1","914127","914389","chr19","10317253","10317525","36","9403126"
"KN297154v1","918053","918064","chr5","43110122","43110133","4","42192069"
"KN297154v1","918356","918464","chr19","10313477","10313582","14","9395121"
"KN297154v1","939499","939705","chr19","16263345","16263533","57","15323846"
"KN297154v1","961128","961416","chr22","33223507","33223803","27","32262379"
"KN297154v1","982770","983063","chr7","137805795","137806088","65","136823025"
"KN297154v1","983684","983837","chr10","7937889","7938045","37","6954205"
"KN297154v1","991750","992057","chr19","10232348","10232643","33","9240598"
"KN297154v1","996039","996327","chr14","75395367","75395649","55","74399328"
"KN297154v1","999203","999505","chr19","10226669","10226971","22","9227466"
"KN297154v1","1001166","1001238","chrUn_CABD030132960v1","2514","2586","20","998652"
"KN297154v1","1007369","1007521","chr7","151384008","151384158","24","150376639"
"KN297154v1","1008148","1008273","chr19","10218348","10218473","10","9210200"
"KN297154v1","1017185","1017417","chr7","76807433","76807656","44","75790248"
"KN297154v1","1029250","1029381","chr19","10195842","10195972","9","9166592"
"KN297154v1","1033572","1033868","chr19","372518","372820","54","661054"
"KN297154v1","1048616","1048741","chr19","10176717","10176842","4","9128101"
"KN297154v1","1049624","1049758","chr5","34604244","34604378","17","33554620"
"KN297154v1","1053390","1053680","chr19","10172148","10172445","38","9118758"
"KN297154v1","1055219","1055414","chr19","10170027","10170218","21","9114808"
"KN297154v1","1056052","1056063","chr2B","102396221","102396233","2","101340169"
"KN297154v1","1140104","1140226","chr2B","25676287","25676411","21","24536183"
"KN297154v1","1147774","1148055","chr7","101438364","101438649","52","100290590"
"KN297154v1","1160623","1160737","chr2B","10597169","10597285","31","9436546"
"KN297154v1","1177484","1177792","chr19","10060999","10061306","14","8883515"
"KN297154v1","1204517","1204823","chr13","81539825","81540121","52","80335308"
"KN297154v1","1220542","1220666","chr12","368006","368130","20","852536"
"KN297154v1","1228319","1228624","chr3","123438768","123439076","65","122210449"
"KN297154v1","1235237","1235377","chrX","90686852","90686990","20","89451615"
"KN297154v1","1236613","1236901","chr19","10009688","10009974","25","8773075"
"KN297154v1","1250726","1250983","chr19","9997548","9997808","40","8746822"
"KN297154v1","1271061","1271367","chr19","9978934","9979233","38","8707873"
"KN297154v1","1282490","1282664","chr19","9967265","9967450","20","8684775"
"KN297154v1","1282978","1283105","chr19","9966853","9966981","9","8683875"
"KN297154v1","1286655","1286911","chr19","9962760","9963016","19","8676105"
"KN297154v1","1286921","1287176","chr19","9962493","9962750","16","8675572"
"KN297154v1","1312109","1312399","chr7","138528778","138529067","63","137216669"
"KN297154v1","1313788","1314078","chr7","138528778","138529067","63","137214990"
"KN297154v1","1319626","1319758","chr13","77624296","77624425","20","76304670"
"KN297154v1","1332803","1333114","chr19","9920900","9921198","28","8588097"
"KN297154v1","1368251","1368458","chr19","9887116","9887297","49","8518865"
"KN297154v1","1376579","1376712","chr19","9878935","9879057","15","8502356"
"KN297154v1","1377427","1377699","chr19","9877961","9878232","22","8500534"
"KN297154v1","1379912","1380182","chr19","9874860","9875113","41","8494948"
"KN297154v1","1386558","1386857","chr19","9868138","9868432","20","8481580"
"KN297154v1","1396468","1396753","chr19","9858841","9859135","35","8462373"
"KN297154v1","1409482","1409642","chr19","35027712","35027865","41","33618230"
"KN297154v1","1409677","1409791","chr19","484206","484323","19","925471"
"KN297154v1","1426132","1426426","chr19","9827382","9827675","27","8401250"
"KN297154v1","1429390","1429700","chr19","9824731","9825059","48","8395341"
"KN297154v1","1442483","1442793","chr19","9810752","9811058","23","8368269"
"KN297154v1","1473625","1473914","chr19","9776274","9776559","22","8302649"
"KN297154v1","1486477","1486719","chr19","33723943","33724178","54","32237466"
"KN297154v1","1488425","1488570","chr19","9762073","9762222","17","8273648"
"KN297154v1","1497209","1497331","chr19","9754873","9754994","10","8257664"
"KN297154v1","1572892","1573081","chr19","9680811","9681001","12","8107919"
"KN297154v1","1573108","1573376","chr19","9680516","9680784","17","8107408"
"KN297154v1","1575828","1576134","chr9","97269120","97269416","60","95693292"
"KN297154v1","1591855","1592159","chr19","9661729","9662035","41","8069874"
"KN297154v1","1613603","1613925","chr16","28399033","28399343","78","26785430"
"KN297154v1","1682519","1682730","chr19","9585400","9585612","14","7902881"
"KN297154v1","1753592","1753696","chr1","183484395","183484502","23","181730803"
"KN297154v1","1758538","1758667","chr5","34604244","34604378","26","32845706"
"KN297154v1","1776182","1776490","chr19","9468764","9469070","19","7692582"
"KN297154v1","1800275","1800399","chr19","9448691","9448815","6","7648416"
"KN297154v1","1857240","1857339","chr5","155654060","155654162","18","153796820"
"KN297154v1","1858241","1858278","chr4","17113853","17113890","4","15255612"
"KN297154v1","1953947","1954237","chr19","9295212","9295504","14","7341265"
"KN297154v1","1961054","1961355","chr7","70650216","70650506","58","68689162"
"KN297154v1","1991172","1991297","chr19","9252093","9252224","14","7260921"
"KN297154v1","1993063","1993312","chr19","9250337","9250618","49","7257274"
"KN297154v1","2071950","2072209","chr13","27014136","27014399","19","24942186"
"KN297154v1","2092042","2092347","chr19","9147934","9148241","36","7055892"
"KN297154v1","2094446","2094709","chr19","9146191","9146458","26","7051745"
"KN297154v1","2100482","2100757","chr10","114729327","114729602","58","112628845"
"KN297155v1","29750","30058","chr7","45155389","45155696","74","45125639"
"KN297157v1","333146","333413","chr10","67363686","67363966","30","67030540"
"KN297158v1","29336","29476","chr18","3059332","3059471","31","3029996"
"KN297158v1","61971","62241","chr7","3984473","3984734","56","3922502"
"KN297158v1","110997","111279","chr14","74742058","74742334","21","74631061"
"KN297158v1","120566","120720","chrX","19691360","19691511","35","19570794"
"KN297158v1","132073","132360","chr14","74722180","74722476","42","74590107"
"KN297158v1","147668","147795","chr20","35800564","35800690","18","35652896"
"KN297158v1","182328","182590","chr14","74666657","74666932","24","74484329"
"KN297158v1","200969","201093","chr14","74649376","74649500","9","74448407"
"KN297158v1","338033","338337","chr14","74510521","74510822","23","74172488"
"KN297158v1","445311","445436","chr14","74401234","74401360","8","73955923"
"KN297158v1","445732","445914","chr14","74400755","74400940","17","73955023"
"KN297158v1","531635","531767","chr6","13798919","13799051","16","13267284"
"KN297158v1","558784","559121","chr14","74255041","74255385","31","73696257"
"KN297158v1","564113","564401","chr14","74260094","74260386","22","73695981"
"KN297158v1","582715","582889","chr14","74225819","74225993","6","73643104"
"KN297158v1","591914","592113","chrX","16710161","16710358","44","16118247"
"KN297158v1","593935","594240","chr3","42919033","42919335","65","42325098"
"KN297158v1","596742","597050","chr14","74216396","74216695","48","73619654"
"KN297158v1","629855","630150","chr14","74189026","74189323","25","73559171"
"KN297158v1","675975","676102","chr7","25244118","25244241","24","24568143"
"KN297158v1","676410","676596","chr8","124106943","124107135","42","123430533"
"KN297158v1","745471","745762","chr14","74070861","74071148","20","73325390"
"KN297158v1","789009","789293","chrX","154823983","154824277","67","154034974"
"KN297159v1","276976","277100","chr12","31613128","31613251","6","31336152"
"KN297159v1","337627","337926","chr12","31675514","31675815","12","31337887"
"KN297159v1","345245","345564","chr2B","112801350","112801650","73","112456105"
"KN297159v1","393829","393963","chr12","31730101","31730225","16","31336272"
"KN297159v1","427721","428021","chr12","31762915","31763212","17","31335194"
"KN297159v1","503425","503626","chr20","37678697","37678898","48","37175272"
"KN297159v1","558610","558896","chr12","31885881","31886165","19","31327271"
"KN297159v1","560105","560206","chr10","16593378","16593481","29","16033273"
"KN297159v1","575568","575700","chr15","54208335","54208464","24","53632767"
"KN297159v1","580474","580758","chr1","15639800","15640083","69","15059326"
"KN297159v1","610698","610995","chr4","119661847","119662138","66","119051149"
"KN297159v1","709606","709908","chr12","32038479","32038774","29","31328873"
"KN297159v1","942382","942636","chr12","32270474","32270750","41","31328092"
"KN297159v1","970337","970593","chr12","32297808","32298068","26","31327471"
"KN297159v1","981843","982130","chr4","159766002","159766280","63","158784159"
"KN297159v1","1128957","1129260","chr12","32452557","32452859","30","31323600"
"KN297159v1","1142148","1142274","chr12","32464584","32464696","16","31322436"
"KN297159v1","1167722","1167851","chr12","32488679","32488809","8","31320957"
"KN297159v1","1191728","1191925","chr3","151383391","151383584","56","150191663"
"KN297159v1","1193777","1194069","chr22","20713203","20713487","69","19519426"
"KN297159v1","1200982","1201297","chr12","32516146","32516458","26","31315164"
"KN297159v1","1228925","1229109","chr12","32546578","32546783","38","31317653"
"KN297159v1","1256349","1256638","chr12","32569185","32569480","25","31312836"
"KN297159v1","1288262","1288575","chr12","32609103","32609414","21","31320841"
"KN297159v1","1321110","1321387","chr11","10225707","10225998","68","8904597"
"KN297159v1","1402863","1403151","chr19","35684062","35684348","64","34281199"
"KN297159v1","1509239","1509367","chr12","32825324","32825446","11","31316085"
"KN297159v1","1534301","1534533","chr9","113298761","113298991","68","111764460"
"KN297159v1","1534850","1534907","chr10","88824845","88824901","7","87289995"
"KN297159v1","1545651","1545831","chr12","32863249","32863428","19","31317598"
"KN297159v1","1546054","1546303","chr12","32863640","32863889","27","31317586"
"KN297159v1","1564572","1564862","chr12","32879911","32880192","25","31315339"
"KN297159v1","1595147","1595333","chr3","78081918","78082080","58","76486771"
"KN297159v1","1619735","1620009","chr12","32934075","32934349","20","31314340"
"KN297159v1","1741312","1741518","chr12","33040648","33040854","9","31299336"
"KN297159v1","1742543","1742881","chr12","33042218","33042544","40","31299675"
"KN297159v1","2135428","2135717","chrX","50262965","50263259","51","48127537"
"KN297159v1","2417307","2417352","chr3","64924882","64924925","8","62507575"
"KN297159v1","2573165","2573459","chr12","33822047","33822346","31","31248882"
"KN297159v1","2587497","2587619","chr12","33860108","33860233","16","31272611"
"KN297159v1","2629946","2630079","chr8","35313447","35313580","20","32683501"
"KN297159v1","2635365","2635657","chr7","122862805","122863106","65","120227440"
"KN297159v1","2701330","2701461","chr12","33973992","33974123","11","31272662"
"KN297159v1","2720198","2720486","chr12","33996266","33996562","31","31276068"
"KN297159v1","2816973","2817248","chr15","53232511","53232787","51","50415538"
"KN297159v1","2910171","2910495","chr19","46662297","46662602","70","43752126"
"KN297159v1","2911151","2911264","chr12","122698529","122698640","28","119787378"
"KN297159v1","2945681","2945969","chr12","34242537","34242823","29","31296856"
"KN297159v1","3001152","3001457","chr4","157533263","157533569","53","154532111"
"KN297159v1","3028724","3028847","chr6","30972658","30972778","26","27943934"
"KN297159v1","3107030","3107310","chr1","214634085","214634374","64","211527055"
"KN297159v1","3116471","3116525","chr12","34427278","34427332","3","31310807"
"KN297159v1","3280451","3280737","chr12","34629813","34630128","49","31349362"
"KN297159v1","3392602","3392868","chr12","34743356","34743619","42","31350754"
"KN297159v1","3397955","3398224","chr12","34748398","34748667","17","31350443"
"KN297159v1","3398425","3398717","chr12","34748888","34749167","32","31350463"
"KN297159v1","3402465","3402765","chr12","34752889","34753197","25","31350424"
"KN297159v1","3429149","3429424","chr12","34779343","34779617","26","31350194"
"KN297159v1","3435491","3435622","chr18","48058687","48058819","17","44623196"
"KN297159v1","3435925","3435981","chr17","15848355","15848410","12","12412430"
"KN297159v1","3467947","3468075","chr12","34816589","34816709","17","31348642"
"KN297160v1","16365","16559","chrUn_CABD030133070v1","1","195","40","16364"
"KN297162v1","50038","50345","chr9","2032607","2032918","28","1982569"
"KN297163v1","61781","61896","chr10","15737799","15737904","31","15676018"
"KN297163v1","242982","243268","chr7","78859724","78859999","57","78616742"
"KN297163v1","545993","546294","chr9","61969006","61969305","36","61423013"
"KN297163v1","644600","644638","chr6","163254227","163254265","6","162609627"
"KN297163v1","877232","877529","chr9","62290317","62290600","41","61413085"
"KN297163v1","1160833","1161126","chr9","62631113","62631410","29","61470280"
"KN297163v1","1679974","1680287","chr8","77569378","77569682","63","75889404"
"KN297163v1","1797315","1797599","chr17","41372863","41373150","59","39575548"
"KN297165v1","42900","43191","chr1","208431279","208431570","16","208388379"
"KN297165v1","102086","102398","chr10","12679089","12679403","66","12577003"
"KN297165v1","218748","219057","chr2B","50989367","50989672","70","50770619"
"KN297165v1","286767","287058","chr1","208684429","208684719","22","208397662"
"KN297165v1","371065","371171","chr1","208765146","208765260","14","208394081"
"KN297165v1","426776","426973","chr7","79586004","79586207","43","79159228"
"KN297165v1","477007","477280","chr1","208883799","208884092","60","208406792"
"KN297165v1","515755","516045","chr1","208927183","208927480","30","208411428"
"KN297165v1","533508","533813","chr1","208943062","208943339","50","208409554"
"KN297165v1","638543","638848","chr1","209045208","209045514","18","208406665"
"KN297165v1","651076","651365","chr1","16809188","16809496","83","16158112"
"KN297165v1","670393","670725","chr1","209072569","209072879","39","208402176"
"KN297165v1","687560","687879","chr5","118090168","118090476","69","117402608"
"KN297165v1","732386","732685","chr1","209120078","209120380","25","208387692"
"KN297165v1","743904","744163","chr1","209131599","209131887","41","208387695"
"KN297165v1","750004","750273","chr1","209136022","209136284","26","208386018"
"KN297165v1","751721","751843","chr8","92911315","92911437","16","92159594"
"KN297165v1","759357","759452","chr1","209145404","209145501","4","208386047"
"KN297165v1","795344","795632","chr1","209177227","209177542","44","208381883"
"KN297165v1","804718","805007","chr1","209186469","209186760","27","208381751"
"KN297165v1","831099","831420","chr4","7977628","7977939","70","7146529"
"KN297165v1","844454","844755","chr1","209223924","209224239","31","208379470"
"KN297165v1","844820","844952","chr1","209224303","209224434","16","208379483"
"KN297165v1","848099","848406","chr1","209227468","209227802","39","208379369"
"KN297165v1","926267","926399","chr17","33518412","33518544","18","32592145"
"KN297165v1","932627","932917","chr1","209313706","209313995","32","208381079"
"KN297165v1","1024523","1024625","chr1","209409135","209409240","6","208384612"
"KN297165v1","1024726","1025009","chr1","209409341","209409616","25","208384615"
"KN297165v1","1025013","1025145","chr1","209409620","209409752","13","208384607"
"KN297165v1","1270390","1270706","chr1","209658027","209658326","35","208387637"
"KN297165v1","1327765","1328075","chr1","209714889","209715199","25","208387124"
"KN297165v1","1340496","1340846","chr1","209729531","209729899","42","208389035"
"KN297165v1","1417897","1418189","chr1","209806146","209806446","22","208388249"
"KN297165v1","1479540","1479828","chr1","209866707","209866992","24","208387167"
"KN297165v1","1501110","1501410","chr1","209890977","209891275","39","208389867"
"KN297165v1","1520106","1520370","chr1","22746580","22746852","59","21226474"
"KN297165v1","1600239","1600348","chr3","199483538","199483644","17","197883299"
"KN297165v1","1600398","1600527","chr20","46205547","46205683","40","44605149"
"KN297165v1","1696990","1697290","chr1","210083815","210084130","57","208386825"
"KN297165v1","1715144","1715463","chr15","22440756","22441048","80","20725612"
"KN297165v1","1830845","1831003","chr1","210216822","210216979","17","208385977"
"KN297165v1","1849248","1849531","chr2B","17123741","17124007","59","15274493"
"KN297165v1","1861225","1861511","chr1","210240148","210240429","30","208378923"
"KN297165v1","1891752","1892013","chr1","210270176","210270456","32","208378424"
"KN297165v1","1907153","1907422","chr1","210279241","210279510","25","208372088"
"KN297165v1","2052743","2052792","chr8","145014955","145015000","9","142962212"
"KN297165v1","2097533","2097662","chr7","95940109","95940240","19","93842576"
"KN297165v1","2106677","2106848","chr1","210473471","210473661","29","208366794"
"KN297165v1","2108387","2108553","chr5","5857271","5857440","41","3748884"
"KN297165v1","2237971","2238275","chr16","25839173","25839474","58","23601202"
"KN297165v1","2299348","2299591","chr1","210665485","210665730","30","208366137"
"KN297165v1","2309298","2309577","chr1","210674017","210674266","38","208364719"
"KN297165v1","2322417","2322712","chr1","210683434","210683732","29","208361017"
"KN297165v1","2339950","2340259","chr1","210701429","210701740","25","208361479"
"KN297165v1","2340479","2340774","chr8","134632759","134633054","50","132292280"
"KN297165v1","2345163","2345467","chr1","210706987","210707289","19","208361824"
"KN297165v1","2368594","2368887","chr1","210733459","210733745","23","208364865"
"KN297165v1","2529496","2529788","chr1","210898056","210898348","25","208368560"
"KN297165v1","2530700","2530928","chr1","210899229","210899459","24","208368529"
"KN297165v1","2550872","2551141","chr20","1914985","1915260","59","635887"
"KN297165v1","2563962","2564084","chr1","210934768","210934889","9","208370806"
"KN297165v1","2564392","2564563","chr1","210935188","210935370","23","208370796"
"KN297165v1","2661690","2661857","chr1","211024953","211025121","17","208363263"
"KN297165v1","2691707","2691974","chr1","211056169","211056457","63","208364462"
"KN297165v1","2736842","2737060","chr16","27187423","27187643","61","24450581"
"KN297165v1","2737092","2737209","chr4","25905089","25905207","18","23167997"
"KN297165v1","2790161","2790458","chr1","211151561","211151857","13","208361400"
"KN297165v1","2825213","2825335","chr1","211190433","211190555","7","208365220"
"KN297165v1","2830429","2830561","chr16","81143287","81143414","28","78312858"
"KN297165v1","2901967","2902241","chr10","99449317","99449587","62","96547350"
"KN297165v1","2920266","2920351","chr8","90857263","90857344","15","87936997"
"KN297165v1","2957558","2957827","chr12","89591723","89591985","68","86634165"
"KN297165v1","3063481","3063781","chr5","38919984","38920284","69","35856503"
"KN297165v1","3100577","3100859","chr1","211461100","211461385","28","208360523"
"KN297165v1","3151143","3151411","chr1","211514264","211514531","21","208363121"
"KN297165v1","3522043","3522351","chrX","46402025","46402329","81","42879982"
"KN297165v1","3598433","3598571","chr1","36304016","36304150","20","32705583"
"KN297165v1","3673117","3673240","chr1","212061283","212061414","21","208388166"
"KN297165v1","3717152","3717455","chr1","212109431","212109737","26","208392279"
"KN297165v1","3845371","3845665","chr9","34638579","34638868","65","30793208"
"KN297165v1","3881883","3882169","chr1","212272839","212273126","28","208390956"
"KN297165v1","4078888","4079144","chr1","212473483","212473749","27","208394595"
"KN297165v1","4117256","4117563","chr1","212500275","212500579","40","208383019"
"KN297165v1","4160029","4160259","chr1","212545219","212545452","15","208385190"
"KN297168v1","214982","215099","chr15","23154329","23154455","22","22939347"
"KN297168v1","227865","228173","chr21","33698210","33698520","69","33470345"
"KN297168v1","237130","237416","chr13","64572207","64572494","25","64335077"
"KN297168v1","398500","398723","chr13","64436447","64436668","18","64037947"
"KN297168v1","443272","443568","chr7","62987148","62987447","62","62543876"
"KN297168v1","648334","648474","chr13","64185712","64185852","11","63537378"
"KN297168v1","671964","672289","chr13","64161590","64161898","34","63489626"
"KN297168v1","1078403","1078705","chr13","63755441","63755763","35","62677038"
"KN297168v1","1079748","1080015","chr13","63754105","63754412","60","62674357"
"KN297171v1","29370","29577","chr17","83043821","83044028","16","83014451"
"KN297171v1","104517","104649","chr17","82978252","82978384","12","82873735"
"KN297171v1","205158","205442","chr21","28381323","28381600","55","28176165"
"KN297171v1","1253813","1253937","chr17","82073118","82073243","7","80819305"
"KN297171v1","1370242","1370525","chr6","18841527","18841805","73","17471285"
"KN297171v1","1451163","1451424","chr10","114686531","114686803","54","113235368"
"KN297171v1","1716624","1716703","chr17","81574989","81575080","16","79858365"
"KN297171v1","1716741","1716755","chr9","111813978","111813991","5","110097237"
"KN297171v1","1826884","1827195","chr16","4413604","4413916","75","2586720"
"KN297171v1","1882491","1882791","chr17","81401805","81402106","26","79519314"
"KN297171v1","1905785","1906084","chr16","78223728","78224017","64","76317943"
"KN297171v1","2068989","2069282","chr1","180150873","180151166","58","178081884"
"KN297171v1","2161703","2162000","chr6","17206427","17206727","51","15044724"
"KN297171v1","2168819","2169136","chr17","81123769","81124074","38","78954950"
"KN297171v1","2321482","2321797","chr17","80976877","80977187","21","78655395"
"KN297171v1","2356965","2357126","chr7","76931198","76931353","43","74574233"
"KN297171v1","2357157","2357266","chr17","54456808","54456914","18","52099651"
"KN297171v1","2457470","2457777","chr17","80830939","80831251","31","78373469"
"KN297171v1","2473404","2473686","chr17","80815380","80815658","23","78341976"
"KN297171v1","2551179","2551481","chr1","32707106","32707399","68","30155927"
"KN297171v1","2560696","2560995","chr17","80726221","80726519","24","78165525"
"KN297171v1","2578678","2578814","chr1","38276091","38276227","23","35697413"
"KN297171v1","2720489","2720621","chr17","80564635","80564758","14","77844146"
"KN297171v1","3329164","3329264","chr17","79994363","79994464","4","76665199"
"KN297171v1","3646048","3646315","chr17","79666177","79666420","57","76020129"
"KN297172v1","109871","110164","chr7","72531190","72531470","61","72421319"
"KN297172v1","280112","280355","chr1","76623478","76623712","70","76343366"
"KN297172v1","316215","316341","chr3","89851361","89851494","19","89535146"
"KN297176v1","43570","43876","chr2B","117528781","117529069","67","117485211"
"KN297176v1","134094","134389","chr12","98373787","98374081","52","98239693"
"KN297176v1","142894","142976","chr10","63751333","63751415","8","63608439"
"KN297176v1","145559","145816","chr1","202824757","202825015","51","202679198"
"KN297176v1","154029","154154","chr10","101433633","101433758","4","101279604"
"KN297176v1","171614","171922","chr4","6615194","6615493","61","6443580"
"KN297176v1","189726","190033","chr10","101390026","101390337","29","101200300"
"KN297176v1","216614","216730","chr10","63106009","63106123","13","62889395"
"KN297176v1","276422","276731","chrUn_CABD030130358v1","1","270","53","276421"
"KN297176v1","282155","282427","chr6","146446330","146446598","67","146164175"
"KN297177v1","2371","2678","chr16","78223728","78224017","71","78221357"
"KN297177v1","28404","28739","chr2A","54741507","54741830","53","54713103"
"KN297180v1","299400","299524","chr2B","53179711","53179843","25","52880311"
"KN297180v1","359557","359678","chr9","82205116","82205237","1","81845559"
"KN297180v1","489004","489307","chr9","82345230","82345532","19","81856226"
"KN297180v1","528270","528554","chr9","82383775","82384068","25","81855505"
"KN297180v1","562641","562918","chr9","82416678","82416968","40","81854037"
"KN297180v1","686176","686305","chr9","82533267","82533396","10","81847091"
"KN297180v1","1040149","1040443","chr9","82913656","82913957","38","81873507"
"KN297180v1","1176810","1177133","chr6","109401487","109401797","72","108224677"
"KN297180v1","1849365","1849657","chr9","83769712","83770008","18","81920347"
"KN297180v1","1895350","1895474","chr9","83814644","83814768","9","81919294"
"KN297180v1","1900010","1900299","chr14","60216460","60216754","44","58316450"
"KN297180v1","2099999","2100310","chr9","84008837","84009128","45","81908838"
"KN297181v1","114706","115011","chr4","76294557","76294841","52","76179851"
"KN297181v1","131803","132109","chr4","76272128","76272416","35","76140325"
"KN297184v1","31099","31404","chr8","100902117","100902433","38","100871018"
"KN297184v1","158972","159094","chr8","101010523","101010645","6","100851551"
"KN297184v1","195463","195686","chr7","130335741","130335977","49","130140278"
"KN297184v1","219806","219981","chr3","11999046","11999221","42","11779240"
"KN297184v1","220286","220432","chr12","40671483","40671628","35","40451197"
"KN297184v1","220721","221006","chr7","127125393","127125684","60","126904672"
"KN297184v1","226837","227116","chr8","101073587","101073879","35","100846750"
"KN297184v1","253300","253577","chr8","101100260","101100535","14","100846960"
"KN297184v1","326630","326941","chr8","101172721","101173028","25","100846091"
"KN297184v1","476756","476862","chr8","101332172","101332278","7","100855416"
"KN297184v1","477427","477562","chr8","101332848","101332982","7","100855421"
"KN297184v1","494333","494628","chr8","101349089","101349409","51","100854756"
"KN297184v1","500049","500347","chr2A","79509468","79509765","49","79009419"
"KN297184v1","523143","523447","chr8","101377583","101377891","24","100854440"
"KN297184v1","564011","564140","chr8","101423501","101423630","10","100859490"
"KN297184v1","605021","605143","chr19","43984669","43984791","15","43379648"
"KN297184v1","638678","638842","chr17","28261207","28261372","30","27622529"
"KN297184v1","644024","644315","chr8","101495332","101495628","18","100851308"
"KN297184v1","661028","661328","chr2B","115028952","115029244","62","114367924"
"KN297184v1","707700","707985","chr8","101558059","101558345","24","100850359"
"KN297184v1","781372","781661","chr14","58858379","58858683","67","58077007"
"KN297184v1","785551","785788","chr9","113298761","113298991","70","112513210"
"KN297184v1","825929","826212","chr8","101673130","101673420","29","100847201"
"KN297184v1","830934","831055","chr10","40749912","40750034","19","39918978"
"KN297184v1","853326","853622","chr8","101704313","101704615","26","100850987"
"KN297184v1","885388","885661","chr8","101736154","101736440","31","100850766"
"KN297184v1","916381","916677","chr8","101778966","101779260","18","100862585"
"KN297184v1","916678","916801","chr8","101779267","101779385","7","100862589"
"KN297184v1","941613","941767","chr8","101800620","101800775","9","100859007"
"KN297184v1","999194","999463","chr15","53232511","53232787","47","52233317"
"KN297184v1","1020646","1020955","chr8","101879695","101880007","29","100859049"
"KN297184v1","1058819","1058938","chr8","101914514","101914628","8","100855695"
"KN297184v1","1101214","1101324","chr9","93500275","93500386","19","92399061"
"KN297184v1","1136708","1137012","chr8","101997572","101997869","24","100860864"
"KN297184v1","1397931","1398098","chr1","12424085","12424249","38","11026154"
"KN297184v1","1481089","1481201","chr2A","68577617","68577733","20","67096528"
"KN297184v1","1481237","1481414","chr1","16867823","16867995","47","15386586"
"KN297184v1","1506611","1506778","chr8","102393741","102393911","16","100887130"
"KN297184v1","1515325","1515615","chr8","24363141","24363435","62","22847816"
"KN297184v1","1550184","1550334","chr5","20634124","20634269","33","19083940"
"KN297186v1","420257","420544","chr7","127125393","127125684","64","126705136"
"KN297186v1","512463","512744","chr6","532194","532497","39","19731"
"KN297186v1","522147","522375","chr6","543992","544233","30","21845"
"KN297186v1","902299","902580","chr1","186022125","186022419","57","185119826"
"KN297186v1","952083","952375","chr8","85426912","85427202","62","84474829"
"KN297186v1","1057750","1057872","chr6","1091678","1091800","4","33928"
"KN297186v1","1101769","1102054","chr6","1134067","1134335","32","32298"
"KN297186v1","1105005","1105316","chr6","1135436","1135749","22","30431"
"KN297186v1","1230893","1231066","chr18","46575623","46575783","51","45344730"
"KN297186v1","1267975","1268254","chr12","112863774","112864039","60","111595799"
"KN297186v1","1318278","1318553","chr6","1372407","1372686","25","54129"
"KN297186v1","1332569","1332852","chr6","1387049","1387320","29","54480"
"KN297189v1","157359","157641","chr14","19042648","19042958","43","18885289"
"KN297189v1","209530","209811","chr18","28513859","28514140","67","28304329"
"KN297190v1","2186","2500","chr15","51401706","51402014","24","51399520"
"KN297190v1","29175","29475","chr19","10560533","10560841","61","10531358"
"KN297190v1","42226","42340","chr3","10557923","10558037","25","10515697"
"KN297190v1","44488","44766","chr15","41712871","41713148","29","41668383"
"KN297190v1","129979","130133","chr3","199878997","199879149","24","199749018"
"KN297190v1","171530","171802","chr15","41588003","41588267","34","41416473"
"KN297190v1","191662","191919","chr16","65829510","65829760","55","65637848"
"KN297190v1","198011","198284","chr15","41561320","41561624","45","41363309"
"KN297190v1","655549","655799","chr15","41099196","41099480","49","40443647"
"KN297190v1","689700","689828","chr15","41065761","41065889","10","40376061"
"KN297190v1","718024","718349","chr15","41044044","41044354","45","40326020"
"KN297190v1","772822","772945","chr15","63537458","63537580","23","62764636"
"KN297190v1","874502","874781","chr15","40886882","40887161","16","40012380"
"KN297190v1","959404","959690","chr15","40804766","40805066","36","39845362"
"KN297190v1","1152032","1152208","chr15","40598007","40598185","10","39445975"
"KN297190v1","1208797","1209104","chr15","40542004","40542316","21","39333207"
"KN297190v1","1335577","1335766","chr15","40396120","40396309","16","39060543"
"KN297190v1","1354901","1355187","chr15","40378001","40378285","16","39023100"
"KN297190v1","1517555","1517865","chr15","40216209","40216509","39","38698654"
"KN297190v1","1761580","1761856","chr15","39980518","39980784","25","38218938"
"KN297190v1","2224767","2225074","chr15","39524353","39524660","15","37299586"
"KN297190v1","2335061","2335319","chr3","126311126","126311363","64","123976065"
"KN297190v1","2756444","2756695","chr15","38995529","38995783","27","36239085"
"KN297190v1","2762921","2763052","chr15","38989054","38989185","8","36226133"
"KN297190v1","2763352","2763536","chr15","38988560","38988755","22","36225208"
"KN297190v1","2800029","2800339","chr15","38954212","38954520","32","36154183"
"KN297190v1","2856950","2857198","chr16","65829510","65829760","49","62972560"
"KN297190v1","2934880","2935155","chr15","38827997","38828272","19","35893117"
"KN297190v1","3069023","3069301","chr15","38696846","38697126","33","35627823"
"KN297190v1","3100574","3100701","chr11","117258906","117259035","24","114158332"
"KN297190v1","3252218","3252499","chr7","75796080","75796354","53","72543862"
"KN297190v1","3396509","3396528","chr13","29924330","29924348","3","26527821"
"KN297190v1","3396587","3396886","chr15","38380280","38380597","34","34983693"
"KN297190v1","3425410","3425688","chr15","38351760","38352060","35","34926350"
"KN297190v1","3430264","3430390","chr15","38348341","38348457","18","34918077"
"KN297190v1","3491255","3491311","chr3","162938234","162938290","6","159446979"
"KN297190v1","3539079","3539201","chr1","46849984","46850101","23","43310905"
"KN297190v1","3544968","3545282","chr15","38228843","38229152","40","34683875"
"KN297190v1","3585746","3586051","chr15","38195515","38195807","38","34609769"
"KN297190v1","3663459","3663577","chr15","38115530","38115649","9","34452071"
"KN297190v1","3668450","3668714","chr15","38109713","38109979","16","34441263"
"KN297190v1","3723586","3723883","chr1","144629438","144629734","62","140905852"
"KN297190v1","3725565","3725646","chr10","12477929","12478008","9","8752364"
"KN297190v1","3733422","3733722","chr7","2882150","2882455","58","851272"
"KN297190v1","3742850","3743141","chr8","45380450","45380742","54","41637600"
"KN297190v1","3777200","3777448","chr15","38014796","38015086","72","34237596"
"KN297190v1","3806230","3806521","chr15","37988993","37989273","30","34182763"
"KN297190v1","3897646","3897771","chr1","182479896","182480020","20","178582250"
"KN297190v1","3906106","3906366","chr15","37888179","37888434","23","33982073"
"KN297190v1","3978115","3978415","chr15","37820333","37820631","28","33842218"
"KN297190v1","3984440","3984726","chr15","37817031","37817319","26","33832591"
"KN297190v1","4024515","4024684","chr15","37763596","37763756","16","33739081"
"KN297190v1","4024999","4025139","chrX","41860606","41860739","33","37835607"
"KN297190v1","4034091","4034406","chr7","75642705","75643012","67","71608614"
"KN297190v1","4076707","4076953","chr19","47352125","47352369","53","43275418"
"KN297190v1","4082097","4082355","chr15","37706287","37706562","41","33624190"
"KN297190v1","4250769","4251010","chr15","37542611","37542839","24","33291842"
"KN297190v1","4258529","4258836","chr15","37534899","37535176","47","33276370"
"KN297190v1","4322800","4322942","chr15","37472000","37472122","35","33149200"
"KN297190v1","4322979","4323107","chr15","37471848","37471968","21","33148869"
"KN297190v1","4366424","4366726","chr15","37430548","37430851","17","33064124"
"KN297190v1","4409024","4409323","chr15","37395303","37395604","17","32986279"
"KN297190v1","4438453","4438764","chr15","37364985","37365309","33","32926532"
"KN297190v1","4478974","4479274","chr15","37306836","37307139","27","32827862"
"KN297190v1","4500600","4500724","chr1","133284934","133285059","12","128784334"
"KN297190v1","4515295","4515423","chrX","467397","467523","18","4047898"
"KN297190v1","4563932","4564226","chr15","37226580","37226878","16","32662648"
"KN297190v1","4572309","4572589","chr19","7721254","7721535","54","3148945"
"KN297190v1","4596586","4596912","chr6","7796927","7797248","72","3200341"
"KN297190v1","4603925","4603989","chr7","2261706","2261769","12","2342219"
"KN297190v1","4625061","4625178","chr19","46398682","46398800","14","41773621"
"KN297190v1","4625211","4625374","chr10","90087326","90087490","45","85462115"
"KN297190v1","4652001","4652304","chr9","78446338","78446643","57","73794337"
"KN297190v1","4656124","4656221","chr1","22976119","22976204","30","18319995"
"KN297190v1","4660940","4661244","chr15","37129749","37130056","21","32468809"
"KN297190v1","4661413","4661606","chr1","128970665","128970854","50","124309252"
"KN297190v1","4662251","4662392","chr1","31225514","31225651","25","26563263"
"KN297190v1","4705006","4705314","chr15","37081928","37082235","25","32376922"
"KN297190v1","4736455","4736750","chr15","37056153","37056447","22","32319698"
"KN297190v1","4778758","4778872","chr15","37015995","37016115","11","32237237"
"KN297190v1","4837321","4837445","chr5","28429962","28430082","19","23592641"
"KN297190v1","4838762","4839047","chr15","36942281","36942566","23","32103519"
"KN297190v1","5056846","5056961","chr15","36727536","36727665","27","31670690"
"KN297190v1","5125424","5125721","chr15","36657120","36657427","31","31531696"
"KN297190v1","5210358","5210645","chr15","36564769","36565034","43","31354411"
"KN297190v1","5279231","5279418","chr15","36491817","36492005","18","31212586"
"KN297190v1","5429641","5429903","chr15","36355258","36355514","28","30925617"
"KN297190v1","5578969","5579153","chr15","36206717","36206909","28","30627748"
"KN297190v1","5628098","5628370","chr15","36144655","36144929","19","30516557"
"KN297190v1","5666368","5666635","chr15","36103752","36104058","58","30437384"
"KN297190v1","5704962","5705268","chr15","36069341","36069646","20","30364379"
"KN297190v1","5801152","5801461","chr15","35960288","35960595","26","30159136"
"KN297190v1","6001615","6001751","chr15","35761720","35761856","5","29760105"
"KN297190v1","6035006","6035331","chr3","52360924","52361226","73","46325918"
"KN297190v1","6046005","6046308","chr15","35718589","35718902","38","29672584"
"KN297190v1","6081468","6081738","chrX","155149994","155150258","57","149068526"
"KN297190v1","6145776","6146041","chr14","22105923","22106196","64","15960147"
"KN297190v1","6163469","6163768","chr6","157423258","157423565","52","151259789"
"KN297190v1","6192684","6192821","chr2A","98187910","98188040","25","91995226"
"KN297190v1","6197021","6197292","chr1","36161033","36161319","33","29964012"
"KN297190v1","6200969","6201294","chr12","121585027","121585349","71","115384058"
"KN297190v1","6233392","6233676","chr15","35534069","35534338","36","29300677"
"KN297190v1","6235572","6235757","chr12","98723892","98724071","42","92488320"
"KN297190v1","6238804","6239087","chr15","35528680","35528964","20","29289876"
"KN297190v1","6246000","6246314","chr7","79695352","79695670","62","73449352"
"KN297190v1","6259194","6259500","chr8","42414444","42414750","59","36155250"
"KN297190v1","6285313","6285443","chr16","24800893","24801020","22","18515580"
"KN297190v1","6285735","6285891","chr5","24917923","24918080","53","18632188"
"KN297190v1","6604361","6604655","chr15","35169280","35169566","46","28564919"
"KN297190v1","6917080","6917236","chr1","39380094","39380248","36","32463014"
"KN297190v1","6917262","6917377","chr20","48638867","48638982","18","41721605"
"KN297190v1","6987230","6987366","chr16","9060995","9061130","20","2073765"
"KN297190v1","7121027","7121307","chr15","34627630","34627910","21","27506603"
"KN297191v1","28467","28591","chr1","1182740","1182864","17","1154273"
"KN297191v1","32685","32809","chr1","1182740","1182864","16","1150055"
"KN297191v1","43850","44058","chr3","163070734","163070919","65","163026884"
"KN297191v1","44332","44452","chr1","1182740","1182864","17","1138408"
"KN297192v1","91904","92199","chr14","41241303","41241625","46","41149399"
"KN297192v1","102643","102950","chr14","41230867","41231175","20","41128224"
"KN297192v1","175610","175905","chr14","41172479","41172770","27","40996869"
"KN297195v1","153270","153541","chr15","65695997","65696266","17","65542727"
"KN297195v1","522706","522981","chr15","65312410","65312687","21","64789704"
"KN297197v1","2632","2938","chr3","41714868","41715171","29","41712236"
"KN297197v1","159535","159815","chr3","41874272","41874569","37","41714737"
"KN297197v1","231030","231318","chr3","41944994","41945287","23","41713964"
"KN297197v1","348963","349242","chr11","117059306","117059587","60","116710343"
"KN297197v1","448588","448871","chr12","115638172","115638455","59","115189584"
"KN297197v1","527558","527732","chr6","54623768","54623948","44","54096210"
"KN297197v1","692551","692818","chrX","24019971","24020234","59","23327420"
"KN297197v1","792252","792370","chr3","42522048","42522166","5","41729796"
"KN297197v1","921264","921555","chr3","42668400","42668697","31","41747136"
"KN297197v1","954842","955140","chr3","42703207","42703512","29","41748365"
"KN297197v1","967204","967506","chr10","29998732","29999026","59","29031528"
"KN297197v1","999640","999762","chr1","93803761","93803884","17","92804121"
"KN297197v1","1010125","1010407","chr22","13829513","13829795","60","12819388"
"KN297197v1","1056196","1056299","chr22","1456376","1456477","16","400180"
"KN297197v1","1081042","1081179","chr3","42826080","42826214","16","41745038"
"KN297197v1","1126314","1126591","chr3","42874655","42874958","50","41748341"
"KN297197v1","1173353","1173659","chr3","42919033","42919335","23","41745680"
"KN297197v1","1200170","1200295","chr8","99156429","99156555","17","97956259"
"KN297197v1","1335255","1335386","chr19","43860505","43860636","27","42525250"
"KN297197v1","1422072","1422234","chr3","43148909","43149071","15","41726837"
"KN297197v1","1489142","1489426","chr3","43211035","43211329","31","41721893"
"KN297197v1","1491180","1491489","chr3","43213087","43213372","44","41721907"
"KN297197v1","1590403","1590579","chr3","43318881","43319057","7","41728478"
"KN297197v1","1624071","1624342","chr2A","36588251","36588519","61","34964180"
"KN297197v1","1918847","1919138","chr3","43629572","43629862","25","41710725"
"KN297197v1","2453965","2454277","chr13","14254063","14254373","65","11800098"
"KN297197v1","2730649","2730749","chr3","44464613","44464711","6","41733964"
"KN297197v1","2786739","2787029","chr3","44520391","44520676","24","41733652"
"KN297197v1","2875812","2875944","chr12","32898640","32898773","19","30022828"
"KN297197v1","3037110","3037397","chr3","44784652","44784940","16","41747542"
"KN297197v1","3136289","3136558","chr3","44894249","44894519","16","41757960"
"KN297197v1","3186306","3186563","chr3","44942169","44942426","11","41755863"
"KN297197v1","3268918","3269187","chr3","45015985","45016251","55","41747067"
"KN297197v1","3364746","3365042","chr3","45104761","45105053","23","41740015"
"KN297197v1","3419793","3420106","chr3","45175226","45175538","17","41755433"
"KN297197v1","3429543","3429743","chr6","7298702","7298919","57","3869159"
"KN297197v1","3430037","3430181","chr1","149058104","149058251","25","145628067"
"KN297197v1","3443084","3443314","chr3","45206007","45206240","15","41762923"
"KN297197v1","3449763","3450056","chr3","45212647","45212940","19","41762884"
"KN297197v1","3450414","3450538","chr3","45213000","45213124","5","41762586"
"KN297197v1","3452935","3453225","chr3","45215500","45215786","18","41762565"
"KN297197v1","3520683","3520812","chr3","45283746","45283871","12","41763063"
"KN297197v1","3553152","3553288","chr3","45306982","45307120","8","41753830"
"KN297197v1","3554251","3554504","chr3","45308233","45308471","32","41753982"
"KN297197v1","3589091","3589374","chr3","45338956","45339253","33","41749865"
"KN297197v1","3695284","3695388","chr6","35938952","35939043","18","32243668"
"KN297197v1","3695679","3695875","chr1","28271635","28271817","48","24575956"
"KN297197v1","3849187","3849460","chr19","50754283","50754560","49","46905096"
"KN297197v1","3887827","3888017","chr11","13914115","13914290","44","10026288"
"KN297197v1","3888277","3888412","chr7","6117656","6117787","22","2229379"
"KN297197v1","4034440","4034725","chr3","45788428","45788688","33","41753988"
"KN297197v1","4034726","4034895","chr3","45788689","45788856","21","41753963"
"KN297197v1","4035190","4035326","chr3","45789146","45789282","10","41753956"
"KN297197v1","4058255","4058373","chr3","45812054","45812172","5","41753799"
"KN297197v1","4095932","4096255","chr1","31716781","31717079","80","27620849"
"KN297197v1","4160161","4160438","chr3","45918841","45919137","37","41758680"
"KN297197v1","4233135","4233252","chr3","45992523","45992640","6","41759388"
"KN297197v1","4285493","4285619","chr5","23931145","23931269","21","19645652"
"KN297197v1","4355993","4356261","chr6","36828078","36828336","64","32472085"
"KN297197v1","4446391","4446700","chr16","11736589","11736904","84","7290198"
"KN297197v1","4557441","4557561","chr1","112920961","112921079","20","108363520"
"KN297197v1","4606347","4606640","chr3","46378051","46378354","45","41771704"
"KN297197v1","4621136","4621434","chrX","133243653","133243960","62","128622517"
"KN297197v1","4627881","4628185","chr3","46399318","46399631","36","41771437"
"KN297197v1","4680233","4680528","chr1","6214402","6214694","60","1534169"
"KN297197v1","4695428","4695696","chr9","115137244","115137515","78","110441816"
"KN297197v1","4698580","4698877","chr3","46467579","46467882","23","41768999"
"KN297197v1","4758411","4758723","chr3","46528620","46528924","33","41770209"
"KN297200v1","63312","63616","chr5","96495806","96496106","54","96432494"
"KN297200v1","146354","146662","chr17","52490452","52490739","34","52344098"
"KN297200v1","232112","232406","chr17","52418904","52419191","63","52186792"
"KN297200v1","360646","360942","chr21","33256766","33257055","78","32896120"
"KN297200v1","505006","505227","chr16","76608253","76608479","62","76103247"
"KN297200v1","534349","534476","chr17","52160807","52160936","9","51626458"
"KN297203v1","307303","307428","chr20","43115222","43115350","24","42807919"
"KN297203v1","447135","447445","chr7","47559796","47560102","24","47112661"
"KN297203v1","560361","560639","chrX","53825086","53825371","76","53264725"
"KN297203v1","1282107","1282307","chr4","172469434","172469632","49","171187327"
"KN297203v1","1282594","1282735","chr3","74138089","74138225","24","72855495"
"KN297203v1","1575746","1576043","chr7","48641260","48641558","18","47065514"
"KN297203v1","1576705","1576837","chr3","48008120","48008242","33","46431415"
"KN297203v1","1577143","1577313","chr3","10511993","10512158","39","8934850"
"KN297203v1","1618645","1618881","chr7","48672963","48673185","23","47054318"
"KN297203v1","1735894","1736182","chr7","48791426","48791715","28","47055532"
"KN297203v1","2135727","2136011","chr7","49154980","49155262","19","47019253"
"KN297203v1","2173711","2173846","chr7","49190996","49191133","18","47017285"
"KN297205v1","9711","9989","chr1","126269495","126269770","21","126259784"
"KN297205v1","95750","95995","chr1","128339206","128339444","27","128243456"
"KN297205v1","104457","104751","chr1","124306958","124307251","25","124202501"
"KN297205v1","104906","105020","chr9","26447052","26447170","31","26342146"
"KN297205v1","179141","179273","chr1","125437049","125437183","11","125257908"
"KN297205v1","205336","205649","chr22","1709192","1709498","54","1503856"
"KN297205v1","206509","206788","chr1","125463027","125463296","29","125256518"
"KN297205v1","209198","209490","chr1","125468048","125468371","51","125258850"
"KN297205v1","212173","212433","chr1","125471268","125471552","37","125259095"
"KN297205v1","271003","271304","chr1","125529178","125529481","40","125258175"
"KN297205v1","376517","376813","chr8","10995801","10996101","50","10619284"
"KN297205v1","402198","402340","chr5","125572808","125572940","26","125170610"
"KN297205v1","423641","423930","chr1","125685341","125685626","23","125261700"
"KN297205v1","424762","425029","chr1","125686452","125686718","17","125261690"
"KN297205v1","498653","498939","chr1","125761499","125761771","36","125262846"
"KN297205v1","586675","586797","chr3","48400790","48400914","20","47814115"
"KN297205v1","599744","599876","chr7","85600991","85601109","40","85001247"
"KN297205v1","599953","600088","chr4","17084676","17084811","21","16484723"
"KN297205v1","652716","652920","chr1","127311017","127311191","39","126658301"
"KN297205v1","662000","662286","chr6","35767619","35767909","62","35105619"
"KN297207v1","104974","105104","chrX","91290208","91290336","10","91185234"
"KN297208v1","727","1028","chr2A","96012091","96012387","67","96011364"
"KN297210v1","36922","37222","chr4","100298023","100298322","20","100261101"
"KN297211v1","123131","123262","chrX","133410525","133410660","19","133287394"
"KN297211v1","198091","198221","chrX","88807442","88807572","8","88609351"
"KN297211v1","203019","203314","chr10","38507119","38507420","77","38304100"
"KN297212v1","82179","82438","chr3","11796999","11797256","49","11714820"
"KN297212v1","85807","85941","chr3","57542989","57543107","18","57457182"
"KN297212v1","172983","173229","chr22","15013701","15013948","64","14840718"
"KN297212v1","286743","286867","chr3","57339102","57339234","17","57052359"
"KN297212v1","389356","389501","chr21","30575208","30575349","27","30185852"
"KN297215v1","80815","81120","chr8","16184793","16185091","33","16103978"
"KN297215v1","283758","284056","chr16","21302620","21302912","59","21018862"
"KN297215v1","290522","290807","chr8","16390957","16391243","23","16100435"
"KN297215v1","328323","328582","chr8","16428267","16428560","58","16099944"
"KN297215v1","408057","408310","chr6","22790272","22790532","61","22382215"
"KN297215v1","527326","527625","chr8","16632578","16632877","27","16105252"
"KN297215v1","554769","555067","chr8","16658808","16659117","34","16104039"
"KN297215v1","600403","600675","chr4","167077547","167077816","59","166477144"
"KN297215v1","609838","609970","chr8","16712316","16712448","11","16102478"
"KN297215v1","616378","616689","chr8","16719463","16719784","42","16103085"
"KN297215v1","733091","733406","chr7","535176","535485","77","197915"
"KN297215v1","778390","778689","chr8","16877909","16878208","34","16099519"
"KN297215v1","806837","807137","chr6","75666808","75667108","57","74859971"
"KN297215v1","819399","819694","chrX","129432663","129432951","79","128613264"
"KN297215v1","834173","834472","chr3","115400333","115400632","49","114566160"
"KN297219v1","164917","165186","chr13","24514494","24514771","47","24349577"
"KN297219v1","266528","266835","chr2A","77251015","77251329","62","76984487"
"KN297219v1","285521","285863","chr13","24398406","24398728","32","24112885"
"KN297219v1","436817","437124","chr8","10995801","10996101","57","10558984"
"KN297219v1","542369","542499","chr21","5730121","5730253","26","5187752"
"KN297219v1","584667","584911","chr6","36524593","36524842","74","35939926"
"KN297219v1","597401","597606","chr13","24079675","24079881","13","23482274"
"KN297219v1","602668","602795","chr13","24074775","24074902","7","23472107"
"KN297219v1","695390","695678","chr13","23983216","23983480","45","23287826"
"KN297219v1","870237","870538","chr13","23818472","23818751","41","22948235"
"KN297219v1","1094665","1094840","chr16","31280012","31280184","38","30185347"
"KN297219v1","1094872","1094997","chr13","27151854","27151978","24","26056982"
"KN297219v1","1146482","1146777","chr6","15426061","15426357","65","14279579"
"KN297219v1","1267664","1267984","chr13","23397004","23397317","33","22129340"
"KN297219v1","1290164","1290287","chr12","111057777","111057900","14","109767613"
"KN297219v1","1454284","1454562","chr19","32705243","32705502","85","31250959"
"KN297219v1","1686331","1686622","chr13","22922228","22922553","46","21235897"
"KN297219v1","1701511","1701827","chr13","22905376","22905680","25","21203865"
"KN297219v1","1716652","1716958","chr13","22882081","22882387","35","21165429"
"KN297219v1","1717501","1717625","chr7","104523972","104524096","18","102806471"
"KN297219v1","1756439","1756597","chr4","127245008","127245173","40","125488569"
"KN297219v1","1780690","1780769","chr9","115115752","115115833","13","113335062"
"KN297219v1","1797473","1797766","chr12","116747758","116748048","52","114950285"
"KN297219v1","1824441","1824738","chr13","22761830","22762123","32","20937389"
"KN297219v1","1848831","1849117","chr13","22739058","22739348","21","20890227"
"KN297219v1","1944900","1945189","chr1","134959854","134960141","53","133014954"
"KN297219v1","2010452","2010709","chr10","111910890","111911145","54","109900438"
"KN297219v1","2046335","2046637","chrX","18576485","18576782","48","16530150"
"KN297219v1","2047368","2047653","chr13","22497988","22498278","20","20450620"
"KN297219v1","2050100","2050216","chr19","43984669","43984791","22","41934569"
"KN297219v1","2145865","2146142","chr13","22396581","22396862","20","20250716"
"KN297219v1","2147505","2147808","chr14","76552911","76553207","59","74405406"
"KN297219v1","2165671","2165943","chr13","22376205","22376480","21","20210534"
"KN297219v1","2202872","2203037","chr13","22338161","22338325","17","20135289"
"KN297219v1","2203320","2203464","chr13","22337601","22337744","21","20134281"
"KN297219v1","2280842","2281149","chr13","22256465","22256777","19","19975623"
"KN297221v1","174615","174730","chr8","85100943","85101055","28","84926328"
"KN297221v1","174784","174934","chrX","44932594","44932741","34","44757810"
"KN297224v1","46223","46346","chr8","24786667","24786789","17","24740444"
"KN297225v1","47084","47406","chr11","26860378","26860674","49","26813294"
"KN297225v1","596621","596908","chr11","27428416","27428713","25","26831795"
"KN297225v1","599997","600116","chr13","85739450","85739567","25","85139453"
"KN297225v1","746535","746822","chr11","27568184","27568469","43","26821649"
"KN297225v1","773717","773844","chr3","49025259","49025391","23","48251542"
"KN297225v1","860528","860801","chr11","27676491","27676770","17","26815963"
"KN297225v1","914983","915301","chr11","27736630","27736900","65","26821647"
"KN297226v1","52739","52985","chrX","55778030","55778276","9","55725291"
"KN297227v1","27632","27933","chr4","195014322","195014624","66","194986690"
"KN297227v1","88871","89179","chr7","44491051","44491368","37","44402180"
"KN297227v1","113929","114212","chr7","44517971","44518272","32","44404042"
"KN297227v1","129919","130149","chr7","44532732","44532963","10","44402813"
"KN297227v1","181183","181309","chr2B","16856480","16856604","21","16675297"
"KN297227v1","210939","211219","chr7","44714434","44714714","15","44503495"
"KN297227v1","246161","246271","chr14","13849500","13849608","26","13603339"
"KN297227v1","248594","248851","chr4","41047771","41048026","57","40799177"
"KN297227v1","289761","290074","chr7","44805082","44805383","30","44515321"
"KN297227v1","435160","435286","chr7","44948285","44948414","12","44513125"
"KN297227v1","598948","599134","chr1","43092157","43092344","33","42493209"
"KN297227v1","636939","637246","chr7","45155389","45155696","28","44518450"
"KN297227v1","643325","643626","chr19","50397853","50398149","63","49754528"
"KN297227v1","654909","655031","chr7","25244118","25244241","16","24589209"
"KN297227v1","674123","674447","chr7","45198555","45198889","41","44524432"
"KN297227v1","718031","718286","chr7","45245845","45246099","13","44527814"
"KN297227v1","720535","720821","chr7","45248343","45248622","40","44527808"
"KN297227v1","766887","767021","chr5","34604244","34604378","23","33837357"
"KN297227v1","796330","796446","chr2B","98920039","98920147","25","98123709"
"KN297227v1","799360","799653","chr10","112684325","112684617","47","111884965"
"KN297227v1","801425","801695","chr5","61095330","61095612","62","60293905"
"KN297227v1","802021","802154","chr7","45317923","45318056","5","44515902"
"KN297227v1","822774","822997","chr8","74039669","74039889","41","73216895"
"KN297227v1","898006","898134","chr7","45408471","45408598","4","44510465"
"KN297227v1","913056","913181","chr20","36035124","36035245","28","35122068"
"KN297227v1","915277","915502","chr7","45426897","45427121","16","44511620"
"KN297227v1","918176","918495","chr7","45429605","45429898","43","44511429"
"KN297227v1","964729","965000","chr9","114727698","114727974","59","113762969"
"KN297227v1","1009488","1009673","chr7","78814290","78814473","44","77804802"
"KN297227v1","1009974","1010113","chr4","151177378","151177518","27","150167404"
"KN297227v1","1010923","1011009","chr7","45524741","45524829","4","44513818"
"KN297227v1","1043352","1043389","chr7","82396058","82396097","8","81352706"
"KN297227v1","1043942","1044122","chr7","45563487","45563665","41","44519545"
"KN297227v1","1095070","1095167","chr10","15737799","15737904","18","14642729"
"KN297227v1","1101411","1101692","chr7","43721637","43721904","67","42620226"
"KN297227v1","1106474","1106678","chr7","45622380","45622584","9","44515906"
"KN297227v1","1108119","1108411","chr14","85599068","85599371","58","84490949"
"KN297227v1","1248811","1249092","chr7","45773329","45773593","32","44524518"
"KN297227v1","1263527","1263703","chr16","48620858","48621040","45","47357331"
"KN297227v1","1327043","1327220","chr1","26457448","26457621","41","25130405"
"KN297227v1","1327264","1327398","chr7","45842752","45842876","23","44515488"
"KN297227v1","1391589","1391891","chr15","16471025","16471325","52","15079436"
"KN297227v1","1612072","1612367","chr7","46148186","46148477","32","44536114"
"KN297227v1","1619052","1619344","chr7","46155106","46155398","14","44536054"
"KN297227v1","1678572","1678882","chr7","46213662","46213949","43","44535090"
"KN297227v1","2051445","2051719","chr7","46775966","46776244","27","44724521"
"KN297227v1","2186726","2186873","chr7","46896293","46896440","13","44709567"
"KN297227v1","2245867","2246135","chr12","30026712","30026987","70","27780845"
"KN297227v1","2335548","2335848","chr7","47030475","47030776","26","44694927"
"KN297229v1","15448","15572","chr22","1766640","1766763","20","1751192"
"KN297229v1","78564","78870","chr19","13296251","13296550","69","13217687"
"KN297229v1","91632","91911","chr13","59795236","59795520","26","59703604"
"KN297229v1","333486","333699","chr13","59556546","59556758","35","59223060"
"KN297229v1","621997","622278","chr18","55399823","55400106","59","54777826"
"KN297229v1","881029","881150","chr13","58975921","58976047","16","58094892"
"KN297229v1","926588","926847","chr10","114686531","114686803","58","113759943"
"KN297230v1","98842","99118","chr4","166015966","166016243","62","165917124"
"KN297230v1","266476","266761","chr19","44007900","44008189","71","43741424"
"KN297230v1","267850","268160","chr7","112780366","112780652","43","112512516"
"KN297230v1","384724","384983","chr7","112669993","112670252","27","112285269"
"KN297230v1","659752","659876","chr7","112366434","112366560","14","111706682"
"KN297230v1","659991","660212","chr7","42158217","42158413","59","41498226"
"KN297230v1","1012839","1013123","chr7","72709256","72709542","58","71696417"
"KN297233v1","44805","45066","chr15","21974869","21975124","62","21930064"
"KN297233v1","814860","814988","chr20","49746874","49747004","19","48932014"
"KN297233v1","834900","835002","chr7","158606001","158606093","30","157771101"
"KN297233v1","877262","877385","chr5","27959844","27959967","21","27082582"
"KN297233v1","1013408","1013720","chr7","135094729","135095042","39","134081321"
"KN297233v1","1035446","1035742","chrX","40725577","40725873","58","39690131"
"KN297233v1","1071119","1071244","chr3","162842915","162843041","21","161771796"
"KN297233v1","1103397","1103519","chr1","207139069","207139199","29","206035672"
"KN297233v1","1156348","1156621","chr7","134951489","134951755","28","133795141"
"KN297233v1","1211713","1211831","chr6","140289812","140289936","19","139078099"
"KN297233v1","1217034","1217165","chr7","134892272","134892395","20","133675238"
"KN297233v1","1218721","1219039","chr7","134890109","134890411","41","133671388"
"KN297233v1","1260055","1260280","chr22","8966202","8966423","46","7706147"
"KN297233v1","1283864","1283984","chr7","134822555","134822669","11","133538691"
"KN297233v1","1310345","1310620","chr7","134811415","134811688","17","133501070"
"KN297235v1","926","1246","chr8","33881608","33881912","78","33880682"
"KN297242v1","184896","185184","chr12","112158621","112158915","68","111973725"
"KN297242v1","299236","299528","chr17","26582896","26583193","53","26283660"
"KN297242v1","323516","323673","chr5","121983275","121983416","44","121659759"
"KN297242v1","340598","340915","chr14","13099150","13099466","26","12758552"
"KN297242v1","380607","380828","chr14","13134445","13134672","21","12753838"
"KN297242v1","504348","504659","chr14","13268282","13268621","42","12763934"
"KN297242v1","627354","627654","chr14","13385916","13386205","47","12758562"
"KN297242v1","895181","895481","chr14","13684707","13685008","25","12789526"
"KN297242v1","929523","929821","chr14","13712141","13712429","21","12782618"
"KN297242v1","942065","942248","chr22","14626519","14626703","38","13684454"
"KN297242v1","1034435","1034695","chr4","8026257","8026529","56","6991822"
"KN297242v1","1037917","1038003","chr9","15194661","15194750","27","14156744"
"KN297242v1","1061321","1061440","chr14","13827872","13827991","8","12766551"
"KN297242v1","1070654","1070945","chr14","13836015","13836319","32","12765361"
"KN297242v1","1083395","1083503","chr14","13849500","13849608","5","12766105"
"KN297242v1","1087269","1087566","chr14","13852994","13853289","25","12765725"
"KN297242v1","1105975","1106169","chr14","13869738","13869940","24","12763763"
"KN297242v1","1115893","1116128","chr14","13879285","13879518","25","12763392"
"KN297242v1","1121473","1121638","chr5","53164307","53164477","47","52042834"
"KN297242v1","1137202","1137493","chr12","62726657","62726948","64","61589455"
"KN297242v1","1145605","1145908","chr14","13909414","13909718","23","12763809"
"KN297242v1","1147056","1147341","chr14","13910872","13911163","24","12763816"
"KN297242v1","1158593","1158902","chr2B","101438363","101438666","61","100279770"
"KN297242v1","1168795","1169098","chr14","13932801","13933101","26","12764006"
"KN297242v1","1170637","1170880","chr14","13934638","13934883","15","12764001"
"KN297242v1","1173970","1174265","chr14","13937945","13938246","18","12763975"
"KN297242v1","1194285","1194532","chr5","116363009","116363258","61","115168724"
"KN297242v1","1232093","1232145","chrX","49719093","49719146","10","48487000"
"KN297242v1","1259036","1259270","chr14","14028964","14029195","17","12769928"
"KN297242v1","1266249","1266554","chr14","14036180","14036499","31","12769931"
"KN297242v1","1294618","1294746","chr14","14069953","14070087","16","12775335"
"KN297242v1","1303353","1303651","chr14","14078876","14079175","16","12775523"
"KN297242v1","1327100","1327378","chr2A","74919867","74920143","62","73592767"
"KN297242v1","1332364","1332516","chr14","14104923","14105075","11","12772559"
"KN297242v1","1332807","1332949","chr14","14105362","14105501","13","12772555"
"KN297242v1","1337355","1337462","chr5","6057712","6057820","29","4720357"
"KN297242v1","1354852","1355139","chr14","14126614","14126876","63","12771762"
"KN297242v1","1356332","1356630","chr14","14128066","14128363","28","12771734"
"KN297242v1","1366551","1366700","chr14","14137238","14137387","12","12770687"
"KN297242v1","1405049","1405178","chr8","145971126","145971256","23","144566077"
"KN297242v1","1468521","1468816","chr14","14237703","14238000","54","12769182"
"KN297242v1","1473581","1473781","chrX","129913469","129913648","63","128439888"
"KN297242v1","1477830","1478121","chr14","14244497","14244796","32","12766667"
"KN297242v1","1497808","1497923","chr14","14252467","14252584","11","12754659"
"KN297242v1","1529806","1529929","chr11","73137851","73137965","38","71608045"
"KN297242v1","1530246","1530376","chr1","32305628","32305746","32","30775382"
"KN297242v1","1541813","1541942","chr19","52525918","52526048","21","50984105"
"KN297242v1","1576751","1577059","chr6","43049065","43049371","57","41472314"
"KN297242v1","1578124","1578340","chr14","14332689","14332920","26","12754565"
"KN297242v1","1613825","1613963","chr14","14362737","14362875","5","12748912"
"KN297242v1","1649330","1649611","chr14","14397949","14398237","24","12748619"
"KN297242v1","1667897","1668206","chr7","36811105","36811408","64","35143208"
"KN297242v1","1673649","1673692","chr1","139280736","139280777","8","137607087"
"KN297242v1","1689128","1689427","chr14","14437031","14437323","28","12747903"
"KN297242v1","1699157","1699295","chr14","14446565","14446703","8","12747408"
"KN297242v1","1711948","1712225","chr14","14459060","14459347","26","12747112"
"KN297242v1","1726516","1726795","chr14","14473890","14474170","25","12747374"
"KN297242v1","1838398","1838634","chr14","14580144","14580382","17","12741746"
"KN297242v1","1851666","1851932","chr19","4694076","4694346","63","2842410"
"KN297242v1","2382346","2382649","chr14","15124220","15124499","54","12741874"
"KN297242v1","2460862","2461151","chr15","44795451","44795737","53","42334589"
"KN297242v1","2976323","2976511","chr15","34174179","34174367","38","31197856"
"KN297242v1","2988566","2988865","chr6","39193490","39193789","66","36204924"
"KN297242v1","3019967","3020089","chr14","15752837","15752959","8","12732870"
"KN297242v1","3437518","3437717","chr1","38218272","38218465","46","34780754"
"KN297242v1","3709304","3709568","chr7","69831435","69831691","68","66122131"
"KN297245v1","209932","210181","chr20","38406366","38406615","17","38196434"
"KN297245v1","347434","347726","chr5","55468127","55468429","61","55120693"
"KN297245v1","409090","409255","chr3","10511993","10512158","37","10102903"
"KN297245v1","409287","409427","chr7","72995671","72995810","25","72586384"
"KN297245v1","912452","912548","chr5","39994935","39995032","25","39082483"
"KN297245v1","950942","951249","chr20","39185398","39185709","16","38234456"
"KN297245v1","1420486","1420714","chr20","49576222","49576449","48","48155736"
"KN297245v1","1424082","1424196","chr18","56177456","56177580","17","54753374"
"KN297245v1","1439985","1440290","chr18","56160849","56161172","42","54720864"
"KN297245v1","1483797","1483968","chr18","56120659","56120829","19","54636862"
"KN297245v1","1484269","1484403","chr18","56120224","56120359","3","54635955"
"KN297245v1","1502309","1502543","chr18","56104315","56104557","31","54602006"
"KN297245v1","1627482","1627748","chr18","55985305","55985592","49","54357823"
"KN297245v1","1635984","1636282","chr18","55977248","55977539","23","54341264"
"KN297245v1","1769301","1769573","chr18","55819794","55820075","32","54050493"
"KN297245v1","1783395","1783671","chr18","55805815","55806090","21","54022420"
"KN297245v1","1785196","1785301","chr8","94102379","94102484","13","92317183"
"KN297245v1","1826548","1826843","chrX","50262965","50263259","52","48436417"
"KN297245v1","1830058","1830358","chr18","55755894","55756190","25","53925836"
"KN297245v1","1832956","1833245","chr18","55755894","55756190","41","53922938"
"KN297245v1","1858050","1858360","chr18","55727589","55727880","40","53869539"
"KN297245v1","1896860","1896981","chr18","55689257","55689365","19","53792397"
"KN297245v1","2055866","2056059","chr21","5084237","5084428","50","3028371"
"KN297245v1","2177204","2177490","chr19","1105615","1105903","53","1071589"
"KN297245v1","2193464","2193775","chr18","55399823","55400106","44","53206359"
"KN297245v1","2201492","2201750","chr18","55392280","55392548","24","53190788"
"KN297245v1","2223286","2223409","chr8","29189140","29189262","20","26965854"
"KN297245v1","2276685","2276994","chr18","55333889","55334202","31","53057204"
"KN297245v1","2287158","2287466","chr18","55324905","55325184","50","53037747"
"KN297245v1","2318038","2318336","chr18","55294930","55295225","36","52976892"
"KN297245v1","2319014","2319294","chr2B","109085854","109086139","77","106766840"
"KN297245v1","2323460","2323758","chr5","33543745","33544041","46","31220285"
"KN297245v1","2356692","2357012","chr12","14290706","14291023","73","11934014"
"KN297245v1","2364450","2364750","chr16","78223728","78224017","57","75859278"
"KN297245v1","2431675","2431976","chr16","60630135","60630442","67","58198460"
"KN297245v1","2490579","2490694","chr18","55136486","55136606","13","52645907"
"KN297245v1","2500449","2500613","chr1","12424085","12424249","34","9923636"
"KN297245v1","2500643","2500749","chr18","12160233","12160346","21","9659590"
"KN297245v1","2554266","2554581","chr18","55071426","55071734","41","52517160"
"KN297245v1","2558873","2559185","chr18","55067295","55067578","48","52508422"
"KN297245v1","2633033","2633165","chr18","54983446","54983577","9","52350413"
"KN297245v1","2666509","2666625","chr2A","80118842","80118956","18","77452333"
"KN297245v1","2681462","2681750","chr18","54925851","54926142","21","52244389"
"KN297245v1","2704229","2704352","chr18","54901671","54901795","7","52197442"
"KN297245v1","2726017","2726296","chr15","53232511","53232787","50","50506494"
"KN297246v1","20423","20634","chr7","90703742","90703949","53","90683319"
"KN297246v1","21323","21608","chrX","7061137","7061422","50","7039814"
"KN297246v1","26156","26465","chr5","130392946","130393254","65","130366790"
"KN297246v1","45999","46266","chr5","35406948","35407200","80","35360949"
"KN297249v1","188538","188847","chr1","131789679","131789981","24","131601141"
"KN297253v1","18809","19098","chr15","51317711","51318008","37","51298902"
"KN297253v1","32403","32702","chr15","52805259","52805557","32","52772856"
"KN297253v1","115145","115260","chr15","61109875","61109991","10","60994730"
"KN297253v1","118602","118870","chr15","61106383","61106669","43","60987781"
"KN297253v1","184379","184565","chr15","59598705","59598882","38","59414326"
"KN297253v1","184617","184724","chr2A","42702702","42702818","19","42518085"
"KN297253v1","209007","209217","chr15","61014097","61014314","30","60805090"
"KN297253v1","269122","269423","chr15","60958237","60958541","50","60689115"
"KN297253v1","333321","333592","chr15","60904831","60905111","22","60571510"
"KN297253v1","457242","457370","chr15","60770288","60770416","4","60313046"
"KN297259v1","12788","12833","chr8","145014955","145015000","6","145002167"
"KN297259v1","37120","37241","chr3","49230196","49230320","18","49193076"
"KN297259v1","44463","44716","chr6","36828078","36828336","54","36783615"
"KN297259v1","62343","62468","chr3","49216443","49216557","18","49154100"
"KN297259v1","91561","91869","chr4","73212798","73213100","58","73121237"
"KN297259v1","105953","106116","chr3","49181044","49181210","11","49075091"
"KN297259v1","115489","115796","chr3","49174914","49175227","22","49059425"
"KN297259v1","152867","153167","chr19","47857377","47857670","60","47704510"
"KN297259v1","210908","211193","chr6","18841527","18841805","55","18630619"
"KN297259v1","230506","230578","chr3","49050565","49050635","5","48820059"
"KN297259v1","245829","246146","chr20","39185398","39185709","72","38939569"
"KN297259v1","251962","252133","chr3","49024378","49024566","41","48772416"
"KN297259v1","264879","265160","chr3","49002004","49002273","48","48737125"
"KN297259v1","296625","296910","chr3","48973940","48974226","14","48677315"
"KN297259v1","324615","324764","chr4","98028163","98028306","33","97703548"
"KN297259v1","331244","331367","chr3","48937786","48937918","14","48606542"
"KN297259v1","331683","331838","chr3","48937329","48937485","13","48605646"
"KN297259v1","353791","353921","chr3","48915358","48915489","11","48561567"
"KN297259v1","357192","357322","chr15","69599317","69599445","17","69242125"
"KN297259v1","361623","361907","chr3","48907388","48907674","30","48545765"
"KN297259v1","484516","484631","chr5","158422190","158422297","28","157937674"
"KN297259v1","484940","485120","chr1","26457448","26457621","41","25972508"
"KN297259v1","531424","531541","chr5","9280864","9280979","25","8749440"
"KN297259v1","531772","531826","chr19","4660280","4660336","6","4128508"
"KN297259v1","565960","566102","chr1","194301362","194301499","32","193735402"
"KN297259v1","566391","566530","chr3","48713837","48713976","6","48147446"
"KN297259v1","569939","570247","chr3","48708183","48708493","24","48138244"
"KN297259v1","597886","598003","chr3","63120084","63120195","23","62522198"
"KN297259v1","607323","607619","chr3","48672926","48673225","20","48065603"
"KN297259v1","615621","615753","chr13","12556109","12556241","25","11940488"
"KN297259v1","616107","616449","chr18","60008640","60008986","79","59392533"
"KN297259v1","616629","616930","chr3","48657661","48657944","44","48041032"
"KN297259v1","621974","622258","chr3","48652688","48652973","14","48030714"
"KN297259v1","648682","648813","chr1","110323722","110323851","28","109675040"
"KN297259v1","689151","689275","chr3","48582580","48582702","6","47893429"
"KN297259v1","689368","689494","chr4","38913028","38913152","22","38223660"
"KN297259v1","715699","716008","chr3","48556755","48557082","38","47841056"
"KN297259v1","719676","719797","chr3","48552916","48553039","6","47833240"
"KN297259v1","756216","756442","chr3","48517713","48517939","12","47761497"
"KN297259v1","774778","774910","chr12","59945879","59946008","21","59171101"
"KN297259v1","782150","782197","chr5","38934471","38934516","14","38152321"
"KN297259v1","782492","782609","chr3","48485639","48485759","13","47703147"
"KN297259v1","784861","785137","chr3","48482797","48483099","43","47697936"
"KN297259v1","821571","821668","chr3","48447621","48447712","15","47626050"
"KN297259v1","822877","823006","chr15","69599317","69599445","18","68776440"
"KN297259v1","842331","842615","chr3","48424882","48425172","25","47582551"
"KN297259v1","845044","845339","chr3","48421840","48422144","22","47576796"
"KN297259v1","869006","869130","chr3","48400790","48400914","9","47531784"
"KN297259v1","871597","871890","chr15","47179486","47179785","56","46307889"
"KN297259v1","896994","897052","chr3","48373804","48373866","4","47476810"
"KN297259v1","929291","929618","chr3","48341011","48341316","43","47411720"
"KN297259v1","933502","933774","chr3","48337235","48337505","14","47403733"
"KN297259v1","935658","935755","chr1","133157282","133157381","17","132221624"
"KN297259v1","965938","966241","chr6","36992055","36992364","66","36026117"
"KN297259v1","969954","970112","chr3","48308590","48308744","21","47338636"
"KN297259v1","1026408","1026702","chr3","48257443","48257750","29","47231035"
"KN297259v1","1028882","1029022","chr3","48246265","48246404","4","47217383"
"KN297259v1","1038513","1038805","chr3","48235530","48235811","26","47197017"
"KN297259v1","1065584","1065866","chr14","77217960","77218249","56","76152376"
"KN297259v1","1096295","1096576","chr2A","20508259","20508542","53","19411964"
"KN297259v1","1096677","1096772","chr14","74293735","74293833","23","73197058"
"KN297259v1","1111728","1111883","chr6","137561400","137561551","26","136449672"
"KN297259v1","1133998","1134305","chr3","48147677","48147988","25","47013679"
"KN297259v1","1162455","1162598","chr3","48109331","48109500","31","46946876"
"KN297259v1","1162880","1163015","chr3","48108914","48109049","14","46946034"
"KN297259v1","1190159","1190291","chr3","48082348","48082480","8","46892189"
"KN297259v1","1219050","1219345","chrX","41899430","41899718","72","40680380"
"KN297259v1","1229245","1229508","chr3","48043610","48043888","36","46814365"
"KN297259v1","1248655","1248947","chr3","48025077","48025366","14","46776422"
"KN297259v1","1265379","1265528","chr12","111544228","111544376","34","110278849"
"KN297259v1","1265853","1265977","chr3","48008120","48008242","11","46742267"
"KN297259v1","1387087","1387399","chr1","125529178","125529481","81","124142091"
"KN297259v1","1495485","1495605","chr3","47781323","47781439","7","46285838"
"KN297259v1","1571481","1571780","chr3","47700130","47700443","32","46128649"
"KN297259v1","1589858","1590114","chr3","47681789","47682045","9","46091931"
"KN297259v1","1606018","1606305","chr13","29462186","29462470","52","27856168"
"KN297259v1","1782854","1782919","chr12","34427278","34427332","18","32644424"
"KN297259v1","1794576","1794856","chr13","96194339","96194630","70","94399763"
"KN297259v1","1808701","1808831","chr3","47421145","47421275","7","45612444"
"KN297259v1","1810137","1810448","chr3","47419569","47419877","36","45609432"
"KN297259v1","1812622","1812927","chr12","125163839","125164147","55","123351217"
"KN297259v1","1903864","1904003","chr3","47316518","47316651","22","45412654"
"KN297259v1","1929098","1929388","chr1","145128435","145128725","57","143199337"
"KN297259v1","1939874","1940048","chr3","47279004","47279144","44","45339130"
"KN297259v1","1954823","1954977","chr7","139942632","139942785","34","137987809"
"KN297259v1","1955317","1955450","chr5","38236308","38236439","22","36280991"
"KN297259v1","1995044","1995166","chr3","47228850","47228972","7","45233806"
"KN297259v1","2062668","2062895","chr1","179197553","179197804","71","177134885"
"KN297259v1","2171801","2172068","chr3","47073159","47073413","28","44901358"
"KN297259v1","2327803","2327914","chr8","94102379","94102484","25","91774576"
"KN297259v1","2363201","2363465","chr17","8279695","8279956","52","5916494"
"KN297259v1","2364970","2365096","chr3","46863388","46863517","14","44498418"
"KN297259v1","2420808","2421045","chr3","46742217","46742465","26","44321409"
"KN297259v1","2463599","2463730","chr3","46756634","46756766","12","44293035"
"KN297259v1","2479886","2480158","chr3","46725422","46725676","33","44245536"
"KN297259v1","2550418","2550554","chr3","46656033","46656169","12","44105615"
"KN297259v1","2573412","2573543","chr3","46633110","46633241","7","44059698"
"KN297260v1","186014","186300","chr16","67322850","67323136","30","67136836"
"KN297263v1","749878","750194","chr8","4813491","4813810","28","4063613"
"KN297263v1","783171","783301","chr8","4748425","4748555","13","3965254"
"KN297263v1","785262","785340","chr19","6327992","6328067","16","5542730"
"KN297263v1","1455421","1455622","chr8","4122518","4122709","52","2667097"
"KN297263v1","1631501","1631625","chr7","25244118","25244241","16","23612617"
"KN297263v1","1653271","1653395","chr8","3904518","3904644","15","2251247"
"KN297263v1","1658269","1658426","chr8","3899473","3899630","12","2241204"
"KN297263v1","1658752","1658898","chr8","3899026","3899183","23","2240274"
"KN297264v1","53597","53728","chr13","97113243","97113374","9","97059646"
"KN297264v1","62123","62231","chr1","135134952","135135056","26","135072829"
"KN297264v1","93215","93491","chr13","97067548","97067798","42","96974333"
"KN297264v1","533258","533374","chr7","40667657","40667775","24","40134399"
"KN297264v1","543116","543355","chr7","66119343","66119578","36","65576227"
"KN297264v1","629451","629713","chr13","96466865","96467130","22","95837414"
"KN297264v1","661749","662026","chr13","96430434","96430718","29","95768685"
"KN297264v1","714457","714761","chr13","96377335","96377643","31","95662878"
"KN297264v1","741645","741767","chr13","96349259","96349381","4","95607614"
"KN297270v1","52487","52765","chrX","51809702","51809981","53","51757215"
"KN297271v1","178064","178195","chr1","33726659","33726789","20","33548595"
"KN297271v1","234789","235088","chr19","32591845","32592137","57","32357056"
"KN297271v1","285646","285777","chr3","109841962","109842091","22","109556316"
"KN297274v1","13317","13492","chrX","9038075","9038252","29","9024758"
"KN297274v1","13789","13929","chr8","101010523","101010645","31","100996734"
"KN297274v1","30554","30678","chr16","23494693","23494815","21","23464139"
"KN297274v1","30690","30983","chr13","11539115","11539405","55","11508425"
"KN297274v1","30984","31034","chr19","13195366","13195415","9","13164382"
"KN297274v1","31035","31248","chr4","181481972","181482192","46","181450937"
"KN297274v1","38005","38289","chr19","2445081","2445362","35","2407076"
"KN297274v1","39391","39676","chr19","2443379","2443687","45","2403988"
"KN297274v1","45617","45909","chr19","2437089","2437378","25","2391472"
"KN297274v1","58005","58135","chr19","2424315","2424445","10","2366310"
"KN297274v1","63379","63697","chr19","2418438","2418757","40","2355059"
"KN297274v1","73977","74323","chr19","2407379","2407719","38","2333402"
"KN297274v1","81478","81603","chr19","2401717","2401841","11","2320239"
"KN297274v1","83343","83648","chr19","372518","372820","51","289175"
"KN297274v1","113803","113924","chr19","2369873","2369992","12","2256070"
"KN297274v1","114233","114412","chr19","2369384","2369570","36","2255151"
"KN297274v1","119689","119969","chr19","2365384","2365648","36","2245695"
"KN297274v1","122454","122777","chr14","41418495","41418798","64","41296041"
"KN297274v1","122789","123096","chr9","89652313","89652608","61","89529524"
"KN297274v1","134155","134423","chr19","2352293","2352565","29","2218138"
"KN297274v1","161520","161574","chr1","36566125","36566174","11","36404605"
"KN297274v1","162716","163009","chr19","2330652","2330950","21","2167936"
"KN297274v1","178651","178788","chr3","129399013","129399146","25","129220362"
"KN297274v1","202813","203105","chr19","2293204","2293495","21","2090391"
"KN297274v1","254022","254153","chr19","2244374","2244495","14","1990352"
"KN297274v1","263227","263533","chr19","2219817","2220131","30","1956590"
"KN297274v1","280257","280287","chr15","30721644","30721671","9","30441387"
"KN297274v1","280594","280754","chr6","27466920","27467070","43","27186326"
"KN297274v1","281045","281164","chr4","94483678","94483799","19","94202633"
"KN297274v1","282393","282577","chr8","48045005","48045185","43","47762612"
"KN297274v1","282866","283049","chr5","10092146","10092321","48","9809280"
"KN297274v1","283210","283379","chr7","72122766","72122935","45","71839556"
"KN297274v1","283676","283808","chr8","101010523","101010645","25","100726847"
"KN297274v1","294526","294689","chr19","2204423","2204583","16","1909897"
"KN297274v1","294968","295101","chr19","2204001","2204134","8","1909033"
"KN297274v1","349757","350054","chr19","2149728","2150026","29","1799971"
"KN297274v1","365775","365986","chrX","119886123","119886333","44","119520348"
"KN297274v1","371524","371645","chr3","5136828","5136950","15","4765304"
"KN297274v1","386312","386626","chr12","125163839","125164147","48","124777527"
"KN297274v1","390499","390629","chr19","2101207","2101331","14","1710708"
"KN297274v1","412939","413074","chr19","2080820","2080949","22","1667881"
"KN297274v1","419327","419635","chr1","125529178","125529481","65","125109851"
"KN297274v1","442213","442521","chr19","372518","372820","62","69695"
"KN297274v1","455733","455884","chr12","123691304","123691444","35","123235571"
"KN297274v1","468501","468668","chr1","202843838","202843984","45","202375337"
"KN297274v1","469306","469489","chr2A","64073798","64073981","36","63604492"
"KN297274v1","566815","566939","chr19","1943099","1943223","9","1376284"
"KN297274v1","657095","657252","chr10","129090916","129091066","44","128433821"
"KN297274v1","657550","657670","chr8","101548752","101548875","24","100891202"
"KN297274v1","663299","663468","chr19","1840012","1840178","22","1176713"
"KN297274v1","693717","693827","chr2A","22670722","22670833","15","21977005"
"KN297274v1","706881","707162","chr19","1795046","1795330","26","1088165"
"KN297274v1","710567","710792","chr14","61136729","61136957","42","60426162"
"KN297274v1","735579","735707","chr22","21441390","21441516","17","20705811"
"KN297274v1","750450","750724","chr19","1754076","1754352","34","1003626"
"KN297274v1","797519","797796","chr12","2248940","2249223","62","1451421"
"KN297274v1","798698","798866","chr11","64718362","64718533","39","63919664"
"KN297274v1","823949","824243","chr16","75461413","75461707","64","74637464"
"KN297274v1","829155","829460","chr19","1681822","1682109","50","852667"
"KN297274v1","838383","838711","chr19","1672613","1672923","76","834230"
"KN297274v1","842185","842315","chr19","39499389","39499512","22","38657204"
"KN297274v1","870611","870891","chr19","1642836","1643118","28","772225"
"KN297274v1","903129","903386","chr8","8289684","8289941","68","7386555"
"KN297274v1","944263","944576","chr19","1568325","1568643","33","624062"
"KN297274v1","970326","970517","chr7","72996113","72996316","48","72025787"
"KN297274v1","971128","971272","chr11","66543117","66543257","31","65571989"
"KN297274v1","1003938","1004085","chr19","1515111","1515252","28","511173"
"KN297274v1","1004385","1004518","chr19","1514367","1514499","20","509982"
"KN297274v1","1049545","1049723","chr16","16109869","16110041","31","15060324"
"KN297274v1","1050034","1050173","chrX","133082906","133083039","20","132032872"
"KN297274v1","1052493","1052811","chr19","1495025","1495345","38","442532"
"KN297274v1","1081151","1081448","chr19","1465616","1465944","57","384465"
"KN297274v1","1083223","1083496","chr8","121732835","121733113","63","120649612"
"KN297274v1","1083804","1083852","chr17","8279344","8279386","15","7195540"
"KN297274v1","1105566","1105781","chr8","28417971","28418194","48","27312405"
"KN297274v1","1107689","1107809","chr1","8962270","8962391","21","7854581"
"KN297274v1","1108627","1108783","chr3","59149972","59150119","52","58041345"
"KN297274v1","1109063","1109192","chr17","1711954","1712075","31","602891"
"KN297274v1","1110660","1110958","chr10","116364408","116364705","64","115253748"
"KN297274v1","1117550","1117676","chr19","42989006","42989131","21","41871456"
"KN297274v1","1151979","1152263","chr14","56678511","56678795","66","55526532"
"KN297274v1","1156620","1156848","chr4","197593547","197593756","67","196436927"
"KN297274v1","1170092","1170207","chr3","135363969","135364084","19","134193877"
"KN297274v1","1194789","1195102","chr3","124259521","124259825","58","123064732"
"KN297274v1","1209242","1209538","chr7","79402037","79402356","66","78192795"
"KN297274v1","1224258","1224560","chr11","69990640","69990936","62","68766382"
"KN297274v1","1242183","1242323","chr19","44920511","44920645","22","43678328"
"KN297274v1","1321784","1321914","chr19","1239258","1239388","10","82526"
"KN297274v1","1355356","1355666","chr6","32169761","32170066","59","30814405"
"KN297274v1","1360497","1360623","chr7","5407438","5407561","16","4046941"
"KN297274v1","1363866","1364156","chr19","1198283","1198597","47","165583"
"KN297274v1","1413232","1413539","chr13","77483874","77484183","65","76070642"
"KN297274v1","1415072","1415321","chr19","1146344","1146595","29","268728"
"KN297274v1","1421078","1421196","chr19","1139530","1139638","15","281548"
"KN297274v1","1426753","1427012","chr19","1135230","1135476","48","291523"
"KN297274v1","1459594","1459882","chr19","1105615","1105903","23","353979"
"KN297274v1","1466230","1466339","chr19","1101270","1101379","10","364960"
"KN297274v1","1483909","1484043","chr3","73959221","73959353","25","72475312"
"KN297274v1","1505676","1505943","chr19","1060936","1061212","31","444740"
"KN297274v1","1513203","1513322","chr22","28836110","28836236","35","27322907"
"KN297274v1","1526071","1526214","chr19","1039347","1039490","9","486724"
"KN297274v1","1557333","1557594","chr3","151322921","151323192","63","149765588"
"KN297274v1","1623675","1623972","chr7","74246353","74246650","56","72622678"
"KN297274v1","1625120","1625255","chr8","2091148","2091283","20","466028"
"KN297274v1","1625569","1625653","chr1","10319370","10319456","19","8693801"
"KN297274v1","1629823","1630116","chr19","921067","921392","56","708756"
"KN297274v1","1695006","1695137","chr19","856590","856720","10","838416"
"KN297274v1","1696007","1696143","chr5","34604244","34604378","29","32908237"
"KN297274v1","1696750","1696931","chrX","457882","458058","36","1238868"
"KN297274v1","1741230","1741339","chr4","182062259","182062374","24","180321029"
"KN297274v1","1795562","1795728","chr13","2459103","2459263","36","663541"
"KN297274v1","1808222","1808520","chr19","742068","742363","32","1066154"
"KN297274v1","1823607","1823906","chr6","65332289","65332586","62","63508682"
"KN297274v1","1823910","1824016","chr19","55772473","55772576","20","53948563"
"KN297274v1","1830285","1830558","chr19","719757","720033","51","1110528"
"KN297274v1","1843825","1844114","chr19","706862","707152","23","1136963"
"KN297274v1","1864954","1865284","chr19","686598","686922","40","1178356"
"KN297274v1","1885723","1886043","chr3","48421840","48422144","68","46536117"
"KN297274v1","1902110","1902366","chr19","3073802","3074063","59","1171692"
"KN297274v1","1908886","1909019","chr16","65567641","65567769","25","63658755"
"KN297274v1","1933299","1933410","chr7","72387158","72387267","25","70453859"
"KN297274v1","1947295","1947427","chr8","28740132","28740264","17","26792837"
"KN297274v1","1973596","1973781","chr22","1464600","1464774","55","508996"
"KN297274v1","2030174","2030236","chr19","515017","515079","6","1515157"
"KN297274v1","2050481","2050775","chr4","6615194","6615493","55","4564713"
"KN297274v1","2070159","2070293","chr1","51820583","51820713","29","49750424"
"KN297274v1","2095116","2095236","chr16","19576399","19576519","22","17481283"
"KN297274v1","2151594","2151920","chr9","16045178","16045496","71","13893584"
"KN297274v1","2176067","2176373","chr19","372518","372820","47","1803549"
"KN297276v1","134677","134802","chrX","71827017","71827143","7","71692340"
"KN297276v1","151743","151873","chrX","71844192","71844321","9","71692449"
"KN297276v1","157933","158197","chr3","130646764","130647033","53","130488831"
"KN297276v1","167644","167951","chrX","71858994","71859310","22","71691350"
"KN297276v1","168114","168312","chr13","78565415","78565606","46","78397301"
"KN297276v1","181780","182082","chr3","41180572","41180873","47","40998792"
"KN297276v1","237889","238013","chrX","71922291","71922415","5","71684402"
"KN297276v1","238318","238364","chrX","71922712","71922756","6","71684394"
"KN297276v1","239325","239487","chrX","71923736","71923896","13","71684411"
"KN297276v1","252519","252648","chrX","71936668","71936796","10","71684149"
"KN297276v1","268563","268849","chrX","133330263","133330549","59","133061700"
"KN297276v1","272028","272309","chrX","71957396","71957707","46","71685368"
"KN297276v1","294159","294290","chrX","71978916","71979046","5","71684757"
"KN297276v1","298400","298707","chrX","71982930","71983240","28","71684530"
"KN297276v1","354334","354528","chr3","186207601","186207797","42","185853267"
"KN297276v1","376164","376455","chr1","210733459","210733745","51","210357295"
"KN297276v1","440582","440844","chrX","72116385","72116640","23","71675803"
"KN297278v1","117530","117647","chr2A","7675735","7675854","31","7558205"
"KN297278v1","149979","150267","chr22","17235477","17235758","75","17085498"
"KN297278v1","251258","251552","chr1","23426131","23426415","77","23174873"
"KN297279v1","18628","18749","chr16","46318833","46318957","15","46300205"
"KN297279v1","31859","31983","chr16","46318833","46318957","10","46286974"
"KN297279v1","288074","288345","chr16","46088029","46088309","22","45799955"
"KN297279v1","300058","300364","chr16","46075777","46076074","29","45775719"
"KN297279v1","448543","448854","chr16","45936997","45937307","21","45488454"
"KN297279v1","861938","862069","chr6","7139369","7139503","20","6277431"
"KN297279v1","895336","895455","chr1","224335086","224335203","15","223439750"
"KN297279v1","953747","953763","chr4","121695057","121695071","3","120741310"
"KN297279v1","953823","954104","chr13","23818472","23818751","57","22864649"
"KN297279v1","1007286","1007413","chr1","33726659","33726789","23","32719373"
"KN297279v1","1014827","1015136","chr1","125529178","125529481","71","124514351"
"KN297279v1","1092364","1092674","chr13","18328261","18328571","55","17235897"
"KN297279v1","1098222","1098486","chr4","40286320","40286585","71","39188098"
"KN297279v1","1099985","1100116","chr16","45297157","45297289","10","44197172"
"KN297279v1","1112939","1113244","chr21","23303359","23303655","60","22190420"
"KN297279v1","1146745","1147052","chr16","45251001","45251309","18","44104256"
"KN297279v1","1158128","1158249","chr16","45239640","45239761","11","44081512"
"KN297279v1","1214098","1214400","chr16","45185745","45186039","35","43971647"
"KN297279v1","1277357","1277659","chr16","45139729","45140037","32","43862372"
"KN297279v1","1474510","1474811","chr16","44945711","44945995","39","43471201"
"KN297279v1","1474822","1474950","chr5","129553930","129554060","20","128079108"
"KN297280v1","1319","1377","chr2B","61878612","61878677","18","61877293"
"KN297280v1","1748","1799","chr5","58798267","58798319","12","58796519"
"KN297281v1","356075","356257","chr3","46765091","46765261","46","46409016"
"KN297281v1","560672","560919","chr6","50710964","50711203","24","50150292"
"KN297281v1","608241","608521","chr6","50651651","50651932","19","50043410"
"KN297281v1","619414","619580","chr5","20535219","20535389","41","19915805"
"KN297281v1","643876","644000","chr12","35102984","35103106","18","34459108"
"KN297281v1","1030055","1030287","chr19","3931035","3931263","64","2900980"
"KN297281v1","1041158","1041377","chr12","67813791","67814010","59","66772633"
"KN297281v1","1069084","1069400","chr3","111135832","111136124","75","110066748"
"KN297281v1","1308272","1308405","chr6","49902566","49902699","9","48594294"
"KN297285v1","74622","74899","chrX","155149994","155150258","65","155075372"
"KN297286v1","20978","21276","chr12","11753892","11754192","60","11732914"
"KN297286v1","465797","466093","chr12","39464767","39465068","18","38998970"
"KN297290v1","23823","23934","chrX","23646363","23646474","4","23622540"
"KN297293v1","81669","81885","chr10","143007383","143007600","45","142925714"
"KN297293v1","196694","196956","chr5","164818047","164818320","27","164621353"
"KN297293v1","239786","239908","chr5","164731260","164731382","8","164491474"
"KN297293v1","350207","350487","chr5","96413450","96413727","70","96063243"
"KN297293v1","386010","386125","chr6","153571800","153571924","23","153185790"
"KN297293v1","386225","386468","chr5","164589280","164589529","26","164203055"
"KN297293v1","387033","387314","chr4","100168768","100169063","68","99781735"
"KN297293v1","417673","417759","chr5","164559646","164559750","21","164141973"
"KN297293v1","419969","420087","chr11","93239701","93239815","28","92819732"
"KN297293v1","425703","425980","chr1","216472098","216472389","64","216046395"
"KN297293v1","480089","480368","chr5","164493055","164493365","55","164012966"
"KN297293v1","495560","495840","chr5","164469970","164470250","16","163974410"
"KN297293v1","520615","520920","chr5","164442938","164443243","24","163922323"
"KN297295v1","178641","178925","chr12","25734723","25735006","12","25556082"
"KN297295v1","197315","197456","chr12","25718639","25718781","10","25521324"
"KN297299v1","3056","3184","chr1","16743384","16743516","13","16740328"
"KN297299v1","38177","38354","chr4","20923075","20923248","50","20884898"
"KN297304v1","225121","225416","chr5","159236928","159237232","41","159011807"
"KN297304v1","329985","330287","chr5","159340319","159340626","24","159010334"
"KN297304v1","470341","470647","chr5","159477658","159477964","22","159007317"
"KN297307v1","99319","99587","chr6","147353331","147353604","24","147254012"
"KN297307v1","191391","191582","chr22","14626519","14626703","38","14435128"
"KN297307v1","332215","332397","chr6","147579736","147579933","36","147247521"
"KN297308v1","5800","6078","chr15","51393884","51394181","53","51388084"
"KN297310v1","27125","27411","chr4","139864749","139865045","38","139837624"
"KN297310v1","124013","124233","chr7","40725847","40726060","51","40601834"
"KN297312v1","92430","92682","chr8","46079933","46080222","59","45987503"
"KN297312v1","189828","190104","chr4","87727935","87728186","79","87538107"
"KN297312v1","268874","269171","chr1","125529178","125529481","67","125260304"
"KN297312v1","391827","392100","chr8","45751216","45751480","28","45359389"
"KN297312v1","438972","439258","chr17","30078410","30078706","58","29639438"
"KN297312v1","515006","515304","chr8","45636723","45637025","19","45121717"
"KN297312v1","515702","515997","chr8","45636040","45636343","30","45120338"
"KN297312v1","603375","603490","chr10","29767888","29768002","19","29164513"
"KN297312v1","626269","626576","chr8","45525484","45525766","46","44899215"
"KN297312v1","629037","629303","chr3","173009756","173010012","77","172380719"
"KN297312v1","643077","643215","chr8","45495739","45495869","24","44852662"
"KN297312v1","678201","678403","chr9","79323680","79323878","62","78645479"
"KN297312v1","678490","678618","chr17","24608805","24608937","22","23930315"
"KN297312v1","707438","707574","chr8","45436429","45436575","22","44728991"
"KN297312v1","721619","721743","chr8","45422940","45423064","13","44701321"
"KN297312v1","722043","722215","chr8","45422157","45422329","25","44700114"
"KN297312v1","738125","738403","chr8","45413661","45413941","19","44675536"
"KN297312v1","746455","746583","chr8","45406796","45406921","13","44660341"
"KN297313v1","395546","395685","chr5","34604244","34604378","26","34208698"
"KN297313v1","742362","742663","chr19","46662297","46662602","70","45919935"
"KN297313v1","745185","745513","chr8","142424790","142425090","86","141679605"
"KN297313v1","770905","771242","chr3","151195695","151196008","67","150424790"
"KN297313v1","885539","885607","chr3","151317757","151317825","4","150432218"
"KN297313v1","893282","893598","chr19","44464798","44465097","66","43571516"
"KN297313v1","901280","901596","chr10","85767187","85767496","78","84865907"
"KN297314v1","78906","79197","chrX","50262965","50263259","51","50184059"
"KN297314v1","88237","88539","chr8","96691736","96692021","38","96603499"
"KN297314v1","236849","237149","chr8","96841088","96841388","9","96604239"
"KN297314v1","298998","299270","chr2B","98552977","98553247","63","98253979"
"KN297314v1","474767","475047","chr8","97089322","97089608","23","96614555"
"KN297314v1","548464","548644","chr15","40598007","40598185","31","40049543"
"KN297314v1","726483","726712","chr11","54903176","54903410","68","54176693"
"KN297314v1","1135612","1135741","chr8","97760834","97760963","10","96625222"
"KN297317v1","52026","52152","chrX","46648282","46648408","5","46596256"
"KN297319v1","3042","3309","chr13","9351709","9351974","20","9348667"
"KN297319v1","66950","67193","chr6","43957340","43957587","53","43890390"
"KN297319v1","106726","107029","chr13","9220374","9220681","31","9113648"
"KN297319v1","171903","172188","chr13","9149804","9150091","38","8977901"
"KN297319v1","226152","226471","chr13","9097377","9097682","32","8871225"
"KN297319v1","278333","278566","chr13","9046834","9047066","33","8768501"
"KN297319v1","299586","299878","chr13","9025170","9025459","32","8725584"
"KN297319v1","305893","306208","chr13","9019198","9019513","22","8713305"
"KN297319v1","332446","332690","chr1","21314480","21314708","59","20982034"
"KN297319v1","348599","348890","chr13","8977838","8978131","32","8629239"
"KN297319v1","474210","474333","chr5","17939274","17939398","18","17465064"
"KN297319v1","519048","519351","chr13","8765581","8765876","35","8246533"
"KN297319v1","529169","529454","chr13","8755125","8755415","29","8225956"
"KN297319v1","589091","589369","chr13","8683900","8684166","29","8094809"
"KN297319v1","623930","624196","chr13","8650792","8651023","60","8026862"
"KN297319v1","676789","676908","chr13","8602849","8602975","19","7926060"
"KN297319v1","685897","686043","chr7","104930965","104931113","21","104245068"
"KN297319v1","815987","816266","chr13","8456601","8456902","58","7640614"
"KN297319v1","1125130","1125186","chr19","4660280","4660336","5","3535150"
"KN297320v1","15522","15535","chr4","121695057","121695071","2","121679535"
"KN297320v1","15562","15856","chr7","78971585","78971868","64","78956023"
"KN297320v1","89820","90125","chr4","6615194","6615493","61","6525374"
"KN297320v1","102572","102866","chr9","74262758","74263059","25","74160186"
"KN297320v1","154635","154751","chr10","18693592","18693710","20","18538957"
"KN297320v1","276069","276334","chr9","74436545","74436811","12","74160476"
"KN297320v1","394439","394536","chr12","54635699","54635798","20","54241260"
"KN297320v1","423531","423820","chr22","12069829","12070128","73","11646298"
"KN297320v1","434044","434233","chr13","18606232","18606416","32","18172188"
"KN297320v1","491569","491859","chrX","54145099","54145392","43","53653530"
"KN297320v1","515643","515797","chr9","74677090","74677244","11","74161447"
"KN297320v1","553637","553933","chr9","74720812","74721104","29","74167175"
"KN297320v1","1157669","1157872","chr1","211390371","211390576","52","210232702"
"KN297320v1","1282443","1282703","chr1","67787175","67787442","64","66504732"
"KN297320v1","1290208","1290518","chr9","75619750","75620075","39","74329542"
"KN297320v1","1386294","1386585","chr8","98787911","98788190","59","97401617"
"KN297320v1","1586894","1587079","chr5","50928794","50928979","45","49341900"
"KN297320v1","1700065","1700233","chr17","6202012","6202177","32","4501947"
"KN297320v1","1845483","1845754","chr9","76201970","76202242","24","74356487"
"KN297320v1","1990304","1990420","chr9","76367537","76367652","9","74377233"
"KN297320v1","1990471","1990629","chr9","76367686","76367844","11","74377215"
"KN297320v1","2011560","2011782","chr3","28203116","28203362","65","26191556"
"KN297320v1","2050386","2050561","chr5","39747448","39747615","42","37697062"
"KN297320v1","2050855","2050989","chr20","50608279","50608412","26","48557424"
"KN297320v1","2093739","2094033","chr12","32569185","32569480","67","30475446"
"KN297322v1","285938","286055","chr2A","80583449","80583568","20","80297511"
"KN297322v1","286081","286298","chr6","6504638","6504843","62","6218557"
"KN297322v1","428347","428614","chr2A","34606501","34606779","76","34178154"
"KN297322v1","513058","513198","chr16","73109497","73109637","5","72596439"
"KN297322v1","543040","543349","chr16","73081853","73082157","38","72538813"
"KN297322v1","566254","566562","chr19","13848847","13849146","67","13282593"
"KN297322v1","579393","579695","chr6","34428776","34429070","55","33849383"
"KN297322v1","671227","671370","chr12","29584277","29584411","31","28913050"
"KN297322v1","671661","671847","chr6","38853850","38854024","41","38182189"
"KN297322v1","675239","675515","chr19","40838963","40839239","58","40163724"
"KN297322v1","846844","847132","chr5","42777038","42777327","57","41930194"
"KN297322v1","967617","967681","chr3","192415808","192415875","10","191448191"
"KN297322v1","976321","976601","chr16","72651790","72652089","41","71675469"
"KN297322v1","986066","986321","chr16","72636876","72637162","55","71650810"
"KN297322v1","987840","988120","chr14","52574479","52574757","70","51586639"
"KN297322v1","1050979","1051093","chr16","72572873","72572976","18","71521894"
"KN297322v1","1063314","1063428","chr10","114248067","114248179","21","113184753"
"KN297322v1","1063454","1063630","chr22","24273343","24273522","33","23209889"
"KN297322v1","1068904","1069201","chr16","72555841","72556133","26","71486937"
"KN297322v1","1113345","1113634","chr16","72513754","72514044","23","71400409"
"KN297322v1","1122760","1123055","chr16","72504546","72504837","23","71381786"
"KN297322v1","1177631","1177924","chr1","152398880","152399172","65","151221249"
"KN297322v1","1235918","1236030","chr9","91626750","91626863","20","90390832"
"KN297322v1","1236059","1236209","chr10","125077421","125077574","32","123841362"
"KN297322v1","1280915","1281055","chr1","101860721","101860855","25","100579806"
"KN297322v1","1301034","1301155","chr16","72330891","72331011","22","71029857"
"KN297322v1","1310026","1310149","chr5","46322543","46322672","33","45012517"
"KN297322v1","1378230","1378352","chr16","72250106","72250234","14","70871876"
"KN297322v1","1409933","1410230","chr6","35767619","35767909","63","34357686"
"KN297322v1","1512774","1513075","chr16","72114625","72114923","23","70601851"
"KN297322v1","1931753","1932043","chr16","71692852","71693143","16","69761099"
"KN297323v1","140994","141145","chr3","49338142","49338291","28","49197148"
"KN297323v1","142982","143099","chr8","146607111","146607236","13","146464129"
"KN297323v1","169791","169911","chr8","146578638","146578755","7","146408847"
"KN297323v1","202920","203190","chr8","146524205","146524475","33","146321285"
"KN297323v1","277988","278128","chr8","146454837","146454977","22","146176849"
"KN297323v1","371689","371987","chr14","75395367","75395649","51","75023678"
"KN297323v1","406884","407017","chr3","15784507","15784639","23","15377623"
"KN297323v1","485777","486085","chr5","15690508","15690812","67","15204731"
"KN297323v1","562916","563051","chr5","152214691","152214820","23","151651775"
"KN297323v1","709381","709605","chr14","78222397","78222616","50","77513016"
"KN297323v1","747342","747471","chr8","145971126","145971256","7","145223784"
"KN297323v1","752083","752404","chr8","145967816","145968103","51","145215733"
"KN297323v1","769772","770089","chr1","32803525","32803834","68","32033753"
"KN297323v1","771078","771246","chr8","145950267","145950436","12","145179189"
"KN297323v1","813530","813820","chr8","145856349","145856671","50","145042819"
"KN297323v1","828054","828319","chr8","145840040","145840303","22","145011986"
"KN297323v1","833620","833897","chr8","145834852","145835126","37","145001232"
"KN297323v1","860407","860694","chr8","145812082","145812369","20","144951675"
"KN297323v1","879251","879559","chr8","145791425","145791731","15","144912174"
"KN297323v1","893519","893790","chr8","145781741","145782014","19","144888222"
"KN297323v1","894084","894123","chr11","64527904","64527934","11","63633820"
"KN297323v1","899138","899447","chr8","145776383","145776681","39","144877245"
"KN297323v1","1023371","1023634","chr19","44475189","44475455","63","43451818"
"KN297323v1","1055482","1055621","chr8","145625189","145625316","22","144569707"
"KN297323v1","1101015","1101276","chr8","145582046","145582311","16","144481031"
"KN297323v1","1209781","1210114","chr1","23273460","23273793","82","22063679"
"KN297327v1","189935","190206","chr4","516500","516770","14","326565"
"KN297327v1","392709","392989","chr4","724610","724890","25","331901"
"KN297327v1","420622","420794","chr4","755786","755959","14","335164"
"KN297327v1","539278","539579","chr4","878704","879011","25","339426"
"KN297327v1","551721","551920","chr15","76843775","76843962","52","76292054"
"KN297327v1","716669","716995","chr4","1049169","1049492","24","332500"
"KN297327v1","869338","869620","chr14","11528146","11528428","64","10658808"
"KN297327v1","869987","870105","chr4","1201195","1201313","7","331208"
"KN297327v1","958805","958918","chr7","40667657","40667775","33","39708852"
"KN297327v1","998321","998609","chr4","1310645","1310933","21","312324"
"KN297331v1","8344","8488","chr1","192535850","192536002","39","192527506"
"KN297331v1","39397","39524","chr14","75502375","75502498","22","75462978"
"KN297331v1","161408","161697","chr13","39674649","39674917","45","39513241"
"KN297332v1","46744","47047","chr12","105065215","105065515","21","105018471"
"KN297332v1","146043","146287","chr19","52305584","52305827","53","52159541"
"KN297332v1","185260","185527","chrX","20152216","20152492","60","19966956"
"KN297332v1","259356","259660","chr12","105308600","105308907","33","105049244"
"KN297332v1","320976","321280","chr12","105372537","105372846","20","105051561"
"KN297332v1","360905","361199","chr12","105407617","105407911","21","105046712"
"KN297337v1","28985","29106","chrX","137141050","137141171","3","137112065"
"KN297338v1","17506","17639","chr9","28196422","28196555","10","28178916"
"KN297339v1","13848","14115","chr1","92712630","92712899","82","92698782"
"KN297340v1","81981","82275","chr3","188792601","188792894","59","188710620"
"KN297340v1","85175","85354","chr12","34907048","34907241","57","34821873"
"KN297341v1","65072","65357","chr5","89133959","89134256","38","89068887"
"KN297342v1","171417","171729","chr13","18328261","18328571","54","18156844"
"KN297342v1","299178","299374","chr18","51471199","51471393","18","51172021"
"KN297342v1","304582","304878","chr18","51476596","51476893","15","51172014"
"KN297342v1","415239","415538","chr5","159673734","159674037","68","159258495"
"KN297342v1","469401","469528","chr18","51660663","51660789","8","51191262"
"KN297343v1","71389","71513","chr6","42230723","42230846","26","42159334"
"KN297343v1","77120","77407","chr7","159038832","159039144","53","158961712"
"KN297343v1","97083","97377","chr7","159011141","159011436","17","158914058"
"KN297343v1","317329","317458","chr7","158780723","158780855","9","158463394"
"KN297343v1","361709","361978","chr7","43434864","43435134","61","43073155"
"KN297343v1","392735","393006","chr7","158694287","158694576","57","158301552"
"KN297343v1","502148","502465","chr7","158589170","158589484","22","158087022"
"KN297343v1","594989","595272","chr7","158503705","158503998","27","157908716"
"KN297343v1","638291","638594","chrX","30845263","30845552","71","30206972"
"KN297343v1","690126","690412","chr11","134482939","134483223","60","133792813"
"KN297343v1","724472","724571","chr7","158375878","158375978","9","157651406"
"KN297343v1","725676","725850","chr7","158372734","158372910","17","157647058"
"KN297343v1","754011","754293","chr7","158333194","158333475","16","157579183"
"KN297343v1","804009","804137","chr7","158283252","158283381","8","157479243"
"KN297343v1","1248608","1248737","chr16","4514693","4514819","29","3266085"
"KN297343v1","1325352","1325467","chr10","41494158","41494276","24","40168806"
"KN297343v1","1565005","1565144","chr7","157509251","157509391","13","155944246"
"KN297343v1","1607153","1607428","chr7","78859724","78859999","45","77252571"
"KN297343v1","1777140","1777267","chr1","153056209","153056327","35","151279069"
"KN297343v1","1855967","1856176","chr7","157224634","157224838","24","155368667"
"KN297343v1","1863049","1863171","chr7","157222485","157222608","7","155359436"
"KN297343v1","1919467","1919578","chr7","157164838","157164961","26","155245371"
"KN297343v1","1923406","1923701","chr7","157158450","157158766","55","155235044"
"KN297343v1","2000354","2000644","chr5","48382930","48383212","67","46382576"
"KN297343v1","2017882","2018008","chr7","157059057","157059193","19","155041175"
"KN297343v1","2018009","2018278","chr8","86656478","86656747","58","84638469"
"KN297343v1","2043241","2043532","chr7","157033964","157034255","29","154990723"
"KN297343v1","2069508","2069800","chr7","157008975","157009267","11","154939467"
"KN297343v1","2083138","2083444","chr20","45903423","45903732","55","43820285"
"KN297343v1","2143382","2143688","chr7","156943412","156943707","33","154800030"
"KN297343v1","2144636","2144760","chr20","18533726","18533856","32","16389090"
"KN297346v1","49571","49848","chr15","62161130","62161408","59","62111559"
"KN297349v1","116646","116944","chr4","154107817","154108080","56","153991171"
"KN297349v1","147022","147325","chr4","154077731","154078030","30","153930709"
"KN297349v1","276817","276934","chr4","153946562","153946679","7","153669745"
"KN297349v1","453524","453808","chr4","153775538","153775830","34","153322014"
"KN297349v1","498193","498492","chr4","153736041","153736323","35","153237848"
"KN297349v1","597566","597868","chr4","153622041","153622341","30","153024475"
"KN297354v1","420758","421040","chr1","168806369","168806669","41","168385611"
"KN297354v1","875143","875412","chr4","165628611","165628888","74","164753468"
"KN297354v1","957566","957705","chr1","168255230","168255369","9","167297664"
"KN297354v1","1277294","1277591","chr3","187380841","187381136","59","186103547"
"KN297361v1","7142","7263","chr5","125182670","125182794","26","125175528"
"KN297361v1","69810","70080","chr8","86656478","86656747","29","86586668"
"KN297361v1","93373","93497","chr8","86633289","86633416","7","86539916"
"KN297361v1","106107","106147","chr7","36640268","36640310","7","36534161"
"KN297361v1","106380","106427","chr5","116255018","116255067","14","116148638"
"KN297361v1","132775","133081","chr8","86594079","86594382","39","86461304"
"KN297361v1","139516","139827","chr8","86587322","86587634","26","86447806"
"KN297361v1","141536","141831","chr8","86585322","86585632","33","86443786"
"KN297361v1","173248","173371","chr8","86553937","86554058","9","86380689"
"KN297361v1","173410","173444","chr8","86553866","86553900","3","86380456"
"KN297361v1","174804","175115","chr8","86552122","86552409","48","86377318"
"KN297366v1","382161","382401","chr1","31941794","31942030","52","31559633"
"KN297366v1","704673","704988","chr21","24699566","24699873","69","23994893"
"KN297366v1","772085","772352","chr6","126004992","126005282","41","125232907"
"KN297366v1","1043536","1043799","chr3","11796999","11797256","64","10753463"
"KN297366v1","1800925","1801201","chr12","110101278","110101549","53","108300353"
"KN297366v1","1978883","1979002","chr1","32707853","32707976","23","30728970"
"KN297366v1","2070726","2071002","chr6","124676119","124676399","22","122605393"
"KN297366v1","2072684","2072967","chr6","124674169","124674454","22","122601485"
"KN297366v1","2560508","2560664","chr1","26457448","26457621","44","23896940"
"KN297366v1","2560697","2560841","chr4","181841535","181841669","31","179280838"
"KN297366v1","2708675","2708777","chr20","61803903","61803996","34","59095228"
"KN297366v1","2760683","2760797","chr10","29767888","29768002","31","27007205"
"KN297366v1","2833062","2833185","chr6","123930925","123931048","8","121097863"
"KN297366v1","2864195","2864475","chr6","10740288","10740565","68","7876093"
"KN297366v1","2870100","2870249","chr6","123966319","123966468","9","121096219"
"KN297366v1","2904387","2904567","chr12","98723892","98724071","36","95819505"
"KN297366v1","2956917","2957218","chr6","123821184","123821486","23","120864267"
"KN297366v1","2957493","2957659","chr7","76816863","76817010","52","73859370"
"KN297366v1","2992506","2992523","chr1","58828292","58828304","5","55835786"
"KN297366v1","2992611","2992895","chr6","123786174","123786488","52","120793563"
"KN297366v1","3025314","3025418","chr6","123751725","123751829","5","120726411"
"KN297367v1","154681","154990","chr12","107530897","107531197","31","107376216"
"KN297367v1","170053","170331","chr1","221420819","221421092","56","221250766"
"KN297367v1","194026","194285","chr12","107571222","107571481","52","107377196"
"KN297369v1","91793","92095","chr11","97668940","97669254","52","97577147"
"KN297369v1","377625","377909","chr11","97422559","97422836","27","97044934"
"KN297369v1","484869","485152","chr12","125286782","125287067","61","124801913"
"KN297369v1","653951","654246","chr11","97141508","97141803","25","96487557"
"KN297369v1","977806","977951","chr6","7152874","7153014","28","6175068"
"KN297369v1","2133910","2134048","chr11","95642737","95642865","19","93508827"
"KN297369v1","2419740","2419872","chr11","95360455","95360587","13","92940715"
"KN297370v1","213436","213720","chr3","117921110","117921392","28","117707674"
"KN297370v1","327179","327467","chr1","210270176","210270456","70","209942997"
"KN297370v1","455585","455789","chr12","59240494","59240686","50","58784909"
"KN297370v1","686007","686142","chr3","118424519","118424645","14","117738512"
"KN297370v1","911963","912269","chr3","118646100","118646386","51","117734137"
"KN297370v1","1000210","1000495","chr3","118735722","118736005","21","117735512"
"KN297371v1","34438","34541","chr7","72387158","72387267","19","72352720"
"KN297375v1","2556","2671","chr3","123333044","123333159","18","123330488"
"KN297376v1","168","450","chr2B","101032370","101032664","25","101032202"
"KN297381v1","91047","91345","chr5","7345854","7346155","58","7254807"
"KN297381v1","107803","108067","chr2B","39137686","39137949","18","39029883"
"KN297381v1","144290","144585","chr2B","39102320","39102610","35","38958030"
"KN297381v1","189559","189688","chr7","135243374","135243506","28","135053815"
"KN297382v1","22428","22736","chrX","118656771","118657073","65","118634343"
"KN297382v1","221531","221652","chr3","146665152","146665282","16","146443621"
"KN297386v1","27216","27393","chr13","83263904","83264086","47","83236688"
"KN297386v1","127578","127887","chr3","60066044","60066348","24","59938466"
"KN297386v1","287449","287757","chr3","60201411","60201709","33","59913962"
"KN297386v1","596077","596199","chr8","75184071","75184194","19","74587994"
"KN297386v1","854782","855094","chr3","60768171","60768478","32","59913389"
"KN297386v1","920563","920812","chr11","61224053","61224304","51","60303490"
"KN297386v1","1433902","1434170","chr3","61350971","61351268","40","59917069"
"KN297386v1","1591986","1592277","chr8","45380450","45380742","62","43788464"
"KN297386v1","1648318","1648637","chr3","61556233","61556550","44","59907915"
"KN297386v1","1727832","1728127","chr19","47857377","47857670","53","46129545"
"KN297386v1","2180514","2180751","chrX","45180760","45181008","59","43000246"
"KN297386v1","2180788","2180914","chr17","5424751","5424875","13","3243963"
"KN297386v1","2180917","2181159","chrX","45180760","45181008","54","42999843"
"KN297386v1","2371189","2371467","chr3","62247067","62247342","20","59875878"
"KN297388v1","15603","15900","chrX","15549537","15549831","60","15533934"
"KN297388v1","49315","49434","chr9","15012411","15012535","18","14963096"
"KN297388v1","49469","49628","chr19","38731330","38731491","34","38681861"
"KN297390v1","87703","87832","chr12","59945879","59946008","11","59858176"
"KN297390v1","186880","187177","chr12","60042047","60042357","27","59855167"
"KN297390v1","243101","243408","chr12","60101631","60101937","25","59858530"
"KN297390v1","309722","309916","chr12","60174766","60174953","21","59865044"
"KN297390v1","851690","851822","chr12","60711104","60711237","12","59859414"
"KN297390v1","889226","889493","chr12","60747856","60748157","60","59858630"
"KN297390v1","889541","889563","chrX","151124548","151124570","5","150235007"
"KN297390v1","1094563","1094871","chr12","60965946","60966263","34","59871383"
"KN297390v1","1185716","1186008","chr10","29489458","29489752","61","28303742"
"KN297390v1","1268443","1268729","chr1","28270612","28270904","69","27002169"
"KN297390v1","1304393","1304470","chr2A","80103985","80104052","21","78799592"
"KN297390v1","1558804","1559142","chr1","32759338","32759678","80","31200534"
"KN297397v1","8760","9054","chr16","75461413","75461707","45","75452653"
"KN297398v1","1","193","chr4","154634261","154634453","39","154634260"
"KN297398v1","30296","30558","chr4","121012582","121012858","28","120982286"
"KN297398v1","160445","160483","chr4","201808360","201808395","7","201647915"
"KN297398v1","162792","163084","chr12","60546582","60546876","55","60383790"
"KN297400v1","74363","74426","chrX","132191499","132191562","3","132117136"
"KN297400v1","77805","78098","chrX","132187832","132188125","16","132110027"
"KN297400v1","132737","133037","chr11","6417356","6417649","55","6284619"
"KN297400v1","166984","167124","chrX","132087291","132087431","11","131920307"
"KN297402v1","32290","32579","chrX","140422163","140422452","13","140389873"
"KN297402v1","161467","161762","chrX","140553985","140554271","41","140392518"
"KN297402v1","184211","184515","chr1","208927183","208927480","62","208742972"
"KN297402v1","188057","188269","chr12","113091288","113091501","52","112903231"
"KN297403v1","53391","53519","chrX","14554923","14555052","10","14501532"
"KN297403v1","54527","54662","chr5","44173416","44173548","22","44118889"
"KN297403v1","282892","283166","chrX","14346424","14346712","31","14063532"
"KN297404v1","3139","3430","chr5","134034476","134034762","58","134031337"
"KN297404v1","77531","77824","chr2B","93800406","93800696","24","93722875"
"KN297404v1","104877","105181","chr2B","93833996","93834301","20","93729119"
"KN297404v1","139740","140029","chr7","129459780","129460065","62","129320040"
"KN297404v1","142745","142953","chrX","80799301","80799512","55","80656556"
"KN297404v1","164693","164881","chr2B","93885876","93886091","37","93721183"
"KN297404v1","182158","182280","chr2B","93903371","93903493","10","93721213"
"KN297404v1","190485","190782","chr2B","93911611","93911905","25","93721126"
"KN297404v1","220203","220497","chr2B","93943453","93943746","28","93723250"
"KN297404v1","242721","243034","chr20","39185398","39185709","50","38942677"
"KN297404v1","252368","252492","chr2B","93973522","93973646","12","93721154"
"KN297404v1","416164","416453","chr2B","94151705","94152010","33","93735541"
"KN297406v1","1996","2213","chr11","71863784","71864004","35","71861788"
"KN297406v1","2351","2469","chr5","43476669","43476787","10","43474318"
"KN297406v1","40956","41247","chr5","43514092","43514381","18","43473136"
"KN297406v1","44063","44185","chr3","5136828","5136950","15","5092765"
"KN297408v1","8956","9256","chr10","35057004","35057307","21","35048048"
"KN297408v1","28289","28578","chr10","35035912","35036204","26","35007623"
"KN297408v1","33215","33528","chr10","35030989","35031301","20","34997774"
"KN297408v1","33915","34034","chr10","35030474","35030593","7","34996559"
"KN297408v1","67747","67873","chr10","34994460","34994586","7","34926713"
"KN297408v1","84817","85116","chr10","34976657","34976963","24","34891840"
"KN297408v1","107235","107526","chr22","29952106","29952400","51","29844871"
"KN297408v1","117093","117226","chr1","40706193","40706325","17","40589100"
"KN297408v1","127663","127959","chr16","40400257","40400555","64","40272594"
"KN297408v1","184064","184194","chr12","68198000","68198133","20","68013936"
"KN297408v1","200877","201152","chr10","34865610","34865886","17","34664733"
"KN297408v1","267751","268022","chr10","34801035","34801327","46","34533284"
"KN297408v1","277111","277401","chrX","139870349","139870644","76","139593238"
"KN297408v1","333216","333346","chr10","34721240","34721365","12","34388024"
"KN297408v1","335240","335374","chr6","5230811","5230938","23","4895571"
"KN297408v1","373432","373627","chr10","34680779","34680953","32","34307347"
"KN297408v1","373917","374041","chr10","34680350","34680474","12","34306433"
"KN297408v1","377111","377169","chr10","34677208","34677263","8","34300097"
"KN297408v1","413591","413741","chr10","34642329","34642473","15","34228738"
"KN297408v1","414047","414198","chr10","34641881","34642035","16","34227834"
"KN297408v1","459722","459997","chr10","34587773","34588048","14","34128051"
"KN297408v1","482085","482384","chrX","41327694","41327990","61","40845609"
"KN297408v1","488319","488449","chr10","34558394","34558530","9","34070075"
"KN297408v1","512277","512582","chr10","34537563","34537868","22","34025286"
"KN297408v1","612479","612615","chr7","74273201","74273327","29","73660722"
"KN297408v1","630737","631035","chr7","72179457","72179751","51","71548720"
"KN297408v1","657768","657968","chr10","34392977","34393191","21","33735209"
"KN297408v1","739106","739409","chr10","34314202","34314505","24","33575096"
"KN297408v1","829671","829970","chr10","34224079","34224377","14","33394408"
"KN297408v1","840531","840844","chr10","34212861","34213168","21","33372330"
"KN297408v1","897074","897368","chr10","34149943","34150239","18","33252869"
"KN297408v1","1076861","1077163","chr19","47347845","47348137","68","46270984"
"KN297408v1","1149687","1149972","chr10","33898229","33898505","30","32748542"
"KN297410v1","9601","9725","chr7","80098292","80098421","13","80088691"
"KN297415v1","20431","20556","chr1","171661674","171661799","9","171641243"
"KN297415v1","291637","291761","chr1","171939062","171939186","14","171647425"
"KN297415v1","410447","410741","chr12","493672","493970","67","83225"
"KN297415v1","569185","569395","chr8","81049823","81050022","63","80480638"
"KN297415v1","615926","616197","chr1","172245930","172246202","22","171630004"
"KN297415v1","719558","719870","chr1","172353824","172354111","46","171634266"
"KN297415v1","762607","762906","chr1","172402229","172402527","36","171639622"
"KN297415v1","780040","780346","chr1","172421499","172421789","43","171641459"
"KN297415v1","848646","848984","chr1","172511866","172512203","30","171663220"
"KN297415v1","851943","852151","chr1","172515036","172515249","19","171663093"
"KN297415v1","876996","877036","chr6","163254227","163254265","7","162377231"
"KN297416v1","20906","21218","chr3","67705938","67706251","23","67685032"
"KN297416v1","35343","35443","chr4","5759695","5759790","20","5724352"
"KN297416v1","35444","35728","chr3","67716724","67717014","28","67681280"
"KN297416v1","79989","80297","chr3","67761659","67761964","31","67681670"
"KN297416v1","153255","153553","chr3","67837600","67837904","28","67684345"
"KN297420v1","86","308","chr2A","81363713","81363927","43","81363627"
"KN297420v1","2218","2349","chr5","106201866","106201998","17","106199648"
"KN297421v1","18664","18815","chr19","22721670","22721825","15","22703006"
"KN297421v1","25775","25893","chr19","22719180","22719296","7","22693405"
"KN297421v1","67103","67202","chr19","21785601","21785697","13","21718498"
"KN297421v1","67229","67412","chr19","21785727","21785912","17","21718498"
"KN297421v1","173864","173980","chr11","256245","256361","24","82381"
"KN297422v1","304027","304337","chr12","110010286","110010585","59","109706259"
"KN297422v1","316204","316295","chr4","108081696","108081787","3","107765492"
"KN297423v1","8141","8437","chr20","61318054","61318337","96","61309913"
"KN297431v1","245485","245798","chr7","80029636","80029951","75","79784151"
"KN297431v1","424940","425240","chr6","151033464","151033759","26","150608524"
"KN297431v1","438096","438375","chr6","151046610","151046891","22","150608514"
"KN297431v1","515609","515779","chr6","110679659","110679829","39","110164050"
"KN297431v1","864859","865151","chr18","44424530","44424816","70","43559671"
"KN297432v1","225198","225481","chr7","65934191","65934478","67","65708993"
"KN297432v1","246363","246491","chr5","32334600","32334725","25","32088237"
"KN297432v1","544228","544522","chr14","31808952","31809231","38","31264724"
"KN297434v1","389342","389673","chr12","116657301","116657640","68","116267959"
"KN297434v1","434385","434482","chr3","199824547","199824649","22","199390162"
"KN297434v1","446020","446321","chr10","131789803","131790112","72","131343783"
"KN297441v1","1795","2070","chr6","18841527","18841805","72","18839732"
"KN297442v1","106560","106859","chr22","11634879","11635176","17","11528319"
"KN297442v1","226659","226774","chr22","11516547","11516661","10","11289888"
"KN297442v1","231803","231936","chr22","11510310","11510446","16","11278507"
"KN297442v1","266999","267284","chr14","22097904","22098185","60","21830905"
"KN297442v1","306503","306641","chr22","11431829","11431983","23","11125326"
"KN297442v1","306944","307097","chr22","11431374","11431531","17","11124430"
"KN297442v1","380589","380683","chr1","20795392","20795486","21","20414803"
"KN297442v1","461383","461511","chr22","11274543","11274673","6","10813160"
"KN297442v1","509960","510246","chr2A","81644096","81644388","58","81134136"
"KN297442v1","515883","516179","chr22","11221052","11221348","18","10705169"
"KN297442v1","633843","634139","chr22","11099864","11100180","47","10466021"
"KN297442v1","676865","677084","chr5","32130635","32130854","44","31453770"
"KN297442v1","679477","679755","chr16","78223728","78224017","67","77544251"
"KN297442v1","681462","681583","chr4","6415033","6415145","37","5733571"
"KN297442v1","742506","742796","chr22","10987222","10987537","51","10244716"
"KN297442v1","838560","838830","chr22","10891751","10892014","33","10053191"
"KN297442v1","862790","863075","chr22","10868197","10868488","24","10005407"
"KN297442v1","1022512","1022804","chr8","74116966","74117253","55","73094454"
"KN297442v1","1140248","1140550","chr22","10598182","10598493","41","9457934"
"KN297442v1","1292198","1292333","chr22","10445127","10445259","9","9152929"
"KN297442v1","1292951","1293120","chr22","10444650","10444824","17","9151699"
"KN297442v1","1518903","1519204","chr3","25655917","25656215","59","24137014"
"KN297442v1","1528422","1528700","chr22","10217515","10217798","30","8689093"
"KN297442v1","1573527","1573715","chr1","42868965","42869142","43","41295438"
"KN297442v1","1594790","1594924","chr22","10148300","10148434","5","8553510"
"KN297442v1","1630463","1630758","chr22","10110392","10110683","23","8479929"
"KN297442v1","1630759","1630893","chr22","10110256","10110387","17","8479497"
"KN297442v1","1633303","1633421","chr22","10107975","10108093","1","8474672"
"KN297442v1","1640154","1640416","chr22","10100661","10100923","21","8460507"
"KN297442v1","1645904","1646163","chr16","28931030","28931305","56","27285126"
"KN297442v1","1666569","1666857","chr22","10072288","10072574","20","8405719"
"KN297442v1","1677872","1678160","chr10","114686531","114686803","60","113008659"
"KN297442v1","1685469","1685585","chr8","101010523","101010645","26","99325054"
"KN297442v1","1719928","1720186","chr22","10018293","10018553","17","8298365"
"KN297442v1","1747616","1747863","chr22","9990218","9990462","28","8242602"
"KN297442v1","1803108","1803363","chr7","152526131","152526394","64","150723023"
"KN297442v1","1815793","1815943","chr22","9921215","9921353","17","8105422"
"KN297442v1","1816258","1816414","chr22","9920743","9920904","11","8104485"
"KN297442v1","1862249","1862374","chr4","93956676","93956803","38","92094427"
"KN297442v1","1862402","1862499","chr7","140066159","140066250","22","138203757"
"KN297442v1","1879124","1879399","chr22","9860193","9860468","13","7981069"
"KN297442v1","1935287","1935572","chr22","9805363","9805622","41","7870076"
"KN297442v1","2080906","2081083","chr11","589603","589777","38","1491303"
"KN297442v1","2081124","2081242","chr1","43545944","43546061","22","41464820"
"KN297442v1","2355490","2355780","chr22","9385968","9386261","31","7030478"
"KN297442v1","2378490","2378791","chr22","9364026","9364319","25","6985536"
"KN297442v1","2443077","2443395","chr22","9301740","9302057","33","6858663"
"KN297442v1","2513612","2513888","chr9","114727698","114727974","51","112214086"
"KN297442v1","2517292","2517338","chr16","58326548","58326592","5","55809256"
"KN297442v1","2627556","2627699","chr5","23090258","23090392","26","20462702"
"KN297442v1","2743597","2743882","chr22","8755375","8755663","22","6011778"
"KN297442v1","2767989","2768284","chr14","83981690","83981978","67","81213701"
"KN297442v1","2792930","2793219","chr22","8968745","8969045","29","6175815"
"KN297444v1","24008","24309","chr2B","121152405","121152704","21","121128397"
"KN297444v1","56161","56454","chr2B","121120254","121120549","25","121064093"
"KN297444v1","102513","102646","chr2B","121066824","121066956","10","120964311"
"KN297444v1","102954","103098","chr2B","121066372","121066516","8","120963418"
"KN297444v1","147570","147784","chr15","34639485","34639700","55","34491915"
"KN297444v1","148065","148106","chr7","36640268","36640310","8","36492203"
"KN297444v1","154962","155254","chr2B","121003710","121003994","27","120848748"
"KN297444v1","216216","216525","chr2B","120934176","120934484","26","120717960"
"KN297444v1","230987","231281","chr16","57830844","57831133","57","57599857"
"KN297444v1","232057","232333","chr2B","120915658","120915909","47","120683601"
"KN297444v1","411940","412133","chr2B","120730722","120730932","26","120318782"
"KN297444v1","412942","413245","chr2B","120729564","120729902","53","120316622"
"KN297444v1","424598","424726","chr2B","120718170","120718298","9","120293572"
"KN297444v1","505659","505829","chr3","49927241","49927415","37","49421582"
"KN297444v1","506112","506243","chr3","201300788","201300922","25","200794676"
"KN297444v1","552424","552690","chr8","73547867","73548133","54","72995443"
"KN297445v1","18478","18770","chr6","9215449","9215747","39","9196971"
"KN297445v1","589880","590177","chr6","9885215","9885513","29","9295335"
"KN297445v1","611917","612035","chr5","39050261","39050378","17","38438344"
"KN297445v1","889069","889312","chr6","10184351","10184602","25","9295282"
"KN297445v1","908219","908291","chr14","77161158","77161224","17","76252939"
"KN297445v1","1064306","1064611","chr6","10365072","10365382","31","9300766"
"KN297445v1","1271831","1272088","chr6","10556071","10556325","44","9284240"
"KN297445v1","1297449","1297713","chr6","10590056","10590328","26","9292607"
"KN297445v1","1319006","1319183","chr5","11158805","11158983","45","9839799"
"KN297445v1","1319367","1319609","chr6","10613812","10614054","18","9294445"
"KN297445v1","1326060","1326182","chr7","73724566","73724688","12","72398506"
"KN297445v1","1352577","1352846","chr13","82809790","82810035","79","81457213"
"KN297445v1","1433459","1433580","chrX","49369367","49369490","24","47935908"
"KN297445v1","1450911","1451200","chr6","10740288","10740565","27","9289377"
"KN297445v1","1452055","1452250","chr6","10741408","10741591","29","9289353"
"KN297445v1","1452546","1452670","chr6","10741888","10742013","9","9289342"
"KN297445v1","1459735","1459988","chr6","10749156","10749444","51","9289421"
"KN297445v1","1523011","1523136","chr5","44173416","44173548","27","42650405"
"KN297445v1","1523447","1523638","chr16","40584700","40584893","52","39061253"
"KN297445v1","1539429","1539725","chr6","10814568","10814858","28","9275139"
"KN297445v1","1571683","1571884","chr6","10845583","10845784","10","9273900"
"KN297445v1","1576559","1576675","chr6","10850195","10850304","10","9273636"
"KN297445v1","1603507","1603801","chr6","10878009","10878305","16","9274502"
"KN297446v1","48786","49003","chrX","53401328","53401537","23","53352542"
"KN297446v1","62967","63217","chrX","53360093","53360336","27","53297126"
"KN297448v1","234411","234720","chr6","96955851","96956159","22","96721440"
"KN297451v1","2242","2406","chr5","55181451","55181614","42","55179209"
"KN297452v1","1048441","1048735","chr22","2974294","2974590","55","1925853"
"KN297452v1","5396","5705","chr1","160473033","160473335","45","160467637"
"KN297452v1","20492","20801","chr17","2376109","2376416","59","2355617"
"KN297452v1","67470","67732","chr2B","57767642","57767908","60","57700172"
"KN297452v1","96777","97076","chr12","110010286","110010585","49","109913509"
"KN297452v1","110069","110338","chr1","160367374","160367632","20","160257305"
"KN297452v1","385687","385975","chr1","160091412","160091697","38","159705725"
"KN297452v1","531583","531841","chr1","159936019","159936285","25","159404436"
"KN297452v1","551300","551467","chr9","78322124","78322290","38","77770824"
"KN297452v1","568067","568371","chr1","159898390","159898692","26","159330323"
"KN297452v1","690456","690722","chr1","159778262","159778525","33","159087806"
"KN297452v1","721429","721713","chr1","159747601","159747910","42","159026172"
"KN297452v1","800058","800359","chr1","159664499","159664830","50","158864441"
"KN297452v1","826215","826337","chr18","28062920","28063043","17","27236705"
"KN297452v1","889054","889351","chr1","159569743","159570032","29","158680689"
"KN297452v1","915422","915751","chr1","159544103","159544413","37","158628681"
"KN297452v1","1017558","1017785","chr1","159430957","159431187","23","158413399"
"KN297452v1","1111216","1111491","chr7","72904663","72904936","59","71793447"
"KN297452v1","1124151","1124311","chr3","74137626","74137788","34","73013475"
"KN297452v1","1124338","1124458","chr12","131067760","131067880","21","129943422"
"KN297452v1","1237136","1237259","chr1","159223940","159224063","7","157986804"
"KN297452v1","1248767","1248891","chr3","2377024","2377148","22","1128257"
"KN297452v1","1332552","1332849","chr1","159130095","159130403","26","157797543"
"KN297452v1","1338008","1338132","chr1","159124746","159124870","8","157786738"
"KN297452v1","1360345","1360648","chr19","5577020","5577323","53","4216675"
"KN297452v1","1382329","1382544","chr1","159085326","159085534","22","157702997"
"KN297452v1","1398028","1398320","chr22","16963450","16963753","63","15565422"
"KN297452v1","1400164","1400298","chr18","45358266","45358397","18","43958102"
"KN297452v1","1478736","1478850","chr1","158988061","158988175","10","157509325"
"KN297452v1","1478880","1479010","chr1","158987869","158988000","6","157508989"
"KN297452v1","1631549","1631801","chr1","158826222","158826459","44","157194673"
"KN297452v1","1778130","1778251","chr2A","37486262","37486381","17","35708132"
"KN297452v1","1910994","1911271","chr1","158531563","158531844","27","156620569"
"KN297452v1","1933174","1933450","chr9","16603525","16603796","65","14670351"
"KN297452v1","1933451","1933664","chr13","81723094","81723301","44","79789643"
"KN297452v1","1949998","1950122","chr1","158496167","158496291","10","156546169"
"KN297452v1","2039501","2039813","chr1","158391015","158391336","30","156351514"
"KN297452v1","2041107","2041402","chr1","158389362","158389656","15","156348255"
"KN297452v1","2268772","2268896","chr1","158157681","158157805","3","155888909"
"KN297452v1","2269103","2269395","chr1","224322462","224322759","61","222053359"
"KN297452v1","2540997","2541299","chr1","157870210","157870514","25","155329213"
"KN297452v1","2559739","2559929","chr16","22556333","22556515","51","19996594"
"KN297452v1","2591600","2591895","chr1","157817914","157818203","34","155226314"
"KN297452v1","2653732","2653964","chr1","157755874","157756119","24","155102142"
"KN297452v1","2654154","2654445","chr1","157755416","157755707","10","155101262"
"KN297452v1","2680322","2680590","chr1","157731794","157732066","14","155051472"
"KN297452v1","2715655","2715777","chr19","43984669","43984791","15","41269014"
"KN297452v1","2741910","2742158","chr1","157651363","157651648","56","154909453"
"KN297452v1","2759159","2759454","chrX","68125277","68125565","65","65366118"
"KN297452v1","2886771","2887074","chr1","157506361","157506657","21","154619590"
"KN297452v1","2964008","2964204","chr1","157420700","157420898","13","154456692"
"KN297452v1","3036229","3036503","chr1","157350651","157350927","25","154314422"
"KN297452v1","3147414","3147572","chr1","157253838","157253998","10","154106424"
"KN297452v1","3168264","3168578","chr1","157232878","157233190","22","154064614"
"KN297452v1","3184368","3184669","chr1","157217317","157217624","26","154032949"
"KN297452v1","3194260","3194567","chr1","157205902","157206211","18","154011642"
"KN297452v1","3303671","3303794","chr7","25244118","25244241","18","21940447"
"KN297453v1","151475","151738","chr1","52648985","52649268","60","52497510"
"KN297453v1","152958","153093","chr1","207506768","207506904","17","207353810"
"KN297453v1","153392","153475","chr1","207507207","207507292","11","207353815"
"KN297453v1","230117","230396","chr1","207583517","207583818","43","207353400"
"KN297453v1","240632","240757","chr1","207595254","207595366","18","207354622"
"KN297453v1","246031","246287","chr1","207600126","207600382","9","207354095"
"KN297453v1","251643","251946","chr1","207602390","207602696","23","207350747"
"KN297453v1","375940","376049","chr1","207764610","207764719","9","207388670"
"KN297453v1","391094","391384","chr1","207779455","207779745","20","207388361"
"KN297453v1","417624","417852","chr1","207806074","207806307","20","207388450"
"KN297453v1","534869","535134","chr1","207926843","207927124","43","207391974"
"KN297453v1","553691","553933","chr6","21045474","21045718","57","20491783"
"KN297453v1","563363","563643","chr1","207952849","207953129","17","207389486"
"KN297453v1","572734","572861","chr20","35800564","35800690","19","35227830"
"KN297456v1","150640","150792","chr7","128970063","128970216","34","128819423"
"KN297456v1","582833","583144","chrX","2574711","2575008","76","1991878"
"KN297458v1","74645","74812","chr3","61406713","61406875","52","61332068"
"KN297458v1","307710","307842","chr2B","67591296","67591427","16","67283586"
"KN297458v1","330827","331124","chr2B","101438363","101438666","52","101107536"
"KN297458v1","568262","568546","chr15","54573960","54574236","20","54005698"
"KN297458v1","572886","573174","chr15","12297972","12298258","58","11725086"
"KN297460v1","19791","20049","chr1","27851599","27851856","60","27831808"
"KN297462v1","90143","90388","chr12","16764814","16765056","21","16674671"
"KN297462v1","458068","458294","chr19","3931035","3931263","53","3472967"
"KN297462v1","681901","682190","chr12","16183782","16184081","27","15501881"
"KN297464v1","145262","145580","chr6","157518219","157518526","74","157372957"
"KN297467v1","44129","44376","chr19","32318202","32318451","56","32274073"
"KN297467v1","130635","130920","chr19","35684062","35684348","57","35553427"
"KN297467v1","133000","133202","chr2B","88543068","88543270","15","88410068"
"KN297467v1","155816","156107","chr2B","88520097","88520398","34","88364281"
"KN297467v1","188863","189173","chr1","32707106","32707399","73","32518243"
"KN297467v1","196563","196858","chr2B","88479749","88480068","48","88283186"
"KN297467v1","290427","290559","chr2B","88377953","88378086","9","88087526"
"KN297467v1","311808","312092","chr2B","88356216","88356505","25","88044408"
"KN297467v1","323412","323520","chr2B","98920039","98920147","17","98596627"
"KN297467v1","461174","461470","chr2B","88178850","88179147","32","87717676"
"KN297467v1","500003","500252","chr2B","88143055","88143336","45","87643052"
"KN297467v1","510220","510512","chr12","113286651","113286950","54","112776431"
"KN297467v1","706399","706703","chr2B","87961981","87962284","17","87255582"
"KN297467v1","852463","852776","chr2B","87819068","87819375","32","86966605"
"KN297467v1","1007103","1007413","chr10","65163569","65163884","68","64156466"
"KN297467v1","1432663","1432976","chr2B","87242849","87243157","31","85810186"
"KN297468v1","4054","4124","chr3","68644449","68644517","17","68640395"
