"KN294147v1","48133","48414","chr8","28568856","28569124","76","28520723","GGGCAAGTGTGGTGGCTCACACCTATAATCCCAGCACTTTGGGAGGCAGAGGCGGGAGGATTGCTAAAGCCTAGAAATTTGAGACCACCTGTCTTTTCAAAAAATAAAAAAAATCCAGGTGTGTTGGTGTGCCTATAGTTCTAGCTACTTGGAGGCTGAGGCAGGAGGATTCCTTAAGCCTGAGAGTATGAGGCTGCAGCGAACTGTAATCACACCACCATACTCCAGCTTAGGGGACAGAATGAGGCCTCGTCTCTAAAATAAATAAATAAATAAAAGAAA","GACTGGGTGTGGTGGCTCACACCTGTAATCCCAGCACTTGGGGAGGCAGAGGGAGGAGGATTGTTTGAGCCCAGGAGTTTGAGACCAGTCTGGGAAACATAGTAAGACTCTGGGTGTGGTGGTGTGTGCCTGTAGTCCCAGCTACTTGGGAGGCTGAGGCAGGAGGATTGCTTAAGCTCAGAAATTCGAGGCTGCAGTGAGCTCTGATTGCACCACTGCACTCCAGCCTGGGTGACAGAGCAAGACCCTGTCTCAAAACAAACCAAAAA"
"KN294147v1","99166","99213","chr1","223864877","223864907","18","223765711","GAGAGAGAGAGAGAGAGGAAGGAAAAGAAACAAAGAAAAAGAAAAAAA","GAGAAAAGAAAGAAAGAGAAAAAGAAAGAAA"
"KN294147v1","99247","99462","chr9","12299022","12299240","59","12199775","GGGAGGCCAAGGCAGGTGGATAGATTGAGCTTAGGAGTTCGAGACCAGCTTAGGCAACATAGAAAAATGCTATCTGTACAAACAATACAAAAATTAGCTGGGTGTGGTGGCATGCACCGATAGTCCCATCTACTCAGGAGGCTGAGGTGGGAGGATTGCTTGAGCCCAGGAGGCAGAGGTTGCAGTGGAGATCACATCACTGCCAGCCTGGGCCAT","TGGGAGGCTGAGGGAGGATTGCCTGAGCCTAGGAGTTAGAGACCAGCCTGAGCAAGATGACAAGACACCATCTCTAAAAAAAACTTTTTAAAATTAGCTGGGCATGGTGGCATGCACCTGTAGTCCCAGCTACTCAGGAGGCTGAGGGAGGAGGATTCCTCAAGCCCAGGAATTCGAGGCTGCAGTGAGCTTATGATCGCACCACTGCACTTCCGCCTG"
"KN294147v1","175923","176227","chr3","174330243","174330540","19","174154320","GGCTGGGTGCAGTGGCTCACACCTGTAATCTCAGCACTTTGAGAGACTGAGGCGGGAGGATTACTTGAGTCTAGGAGTTCAAGACCATCCTGGGCAACATAGCATGATCCAGTCTTTACAAAAATTAAAAAGTTAGCTGGGTGTGGTGGTGTACTTCTGTAGTCCCAGCTACTCTGGAGGCTAAGGAAGGAGGATAGCTTGAGCCCAAGAGGCTGAGGCTGCAGTGTGCCGTGATCATTTCACTGCACTCCAGCATGGGCAACACAGTGAGACCCTGTCGCTATTTAAAAAAAAAAACATAAAAA","GGCCGGGTGCAGTGGCTCACACCTGTAATCTCAGCACTTTGAGAGACTGAGGCAGAAGGATTACTTGAGTCTACGAGTTCAAGACCAGCCTGGGCAACATAGCATGATCCAGTCTACAAAAATTAAAAAGTTAGCTGGGTGTGGTGGTGCACTTCTGTAGTCCCAGCTACTCTGGAAGCTAAGGAAGGAGGATAGCTTGAGCCCAAGAGGCTGAGGCTGCAGTGTGCCATGATCATTTCAGTGCCCTCCAGCATGGGCAACAGAGTGAGACCCTGTCTCTATTTAAAAAAAATAAAAA"
"KN294147v1","209456","209719","chr3","174296073","174296339","26","174086617","GGCTAGGCACAGTGGCTCAAGCTTCTAATCTCAGCACTTTGGGATGCTGAGGCAGGAGGATCACTTGAGCTCAGGAGTTCAAGACCAGCCTGGGTAACGTAGTGAGACCCCATCTACAAAAAATTGAAAAAAAAAAAATAGCCAGGCATGGTGGCATTGGCCCTATAGCCCTAGCTACTCAGGACGCTGAGATGGATCACTTGAGCCCAGGAAATCAAGGCTACAATGAGCCATAATTATGCCATTAAACTCCAGCCTGGGCAA","GGCTAGGCACAGTGGCTCAAGCTTCTAATCTCGGCACTTTGGGAGGCTGAAGCAGGATGATCGCTTGAGCTCAGGAGTTCAAGACCAGCCTGGGTAACACAGTGAGATCCCATCTACAAAAAATTGAACAACAACAACAAAAAAGCCAGGCATGGTGGCACTGGCCTGTAGCCCTAGCTACTCAGGAGGCTGAAGTGGATCACTTGAGCCCAGGAAATCAAAGCTGCAATGAGCCATGATTGTGCCATTGCGCTCCAGCCTGGGCAA"
"KN294147v1","243090","243390","chr5","16757890","16758192","75","16514800","GGCCCAGCACACTGGTCCTACCTGTAATCCCAGCACTTCTGGGAGGCTGAGCCCAAGAGTTTGAGACCACGCTGGGCAACACAGGGAGACCCCTATCTCTACAAAAAAAAAAAAAAAAAAAAAAACTCAAAAATTAGCTGGATGCAGTAGCACACACCTGTAATCCCAGCTCAAGAGGCTGAAGTGGGAGGATCACTTGTACCCAGAAGTTTGAGGCTATAGTGAGCCATGACTGAGCCACTGCACTCCAGCCTGGGCAACAGAGCAAGACCCTGTCTCAAAAAATAAAATAAAAATAAAA","GGCTGCGCGCAGTGGCTCATGCCTGTAATCCCAGCACTTTGGCAGGATCCTTTGACCCCAGGAATTCAAGACCAGCCTGGATAACATAGAAAGAATCTATCTTAAAAAAAAAAAAAAAAAAAAAAAAGCCAGATGTTGGTGCTACAGGGGCACAACTATACTCTCAACTGCTTAGGAGGCTGAGGTAGGAGGATCACTTGAGCCCAGGAGGTTGAGGCTGCAGTGAGCCATGACTGCACCACTGCACTTCAGCCTGGGCGACAGGGCAAGACCCTGTCCCCAAAACAAAACAAACAAAACAAA"
"KN294147v1","283678","283983","chr3","174219493","174219772","48","173935815","GGTCAGGCACGGTAGCTCACACCAGTAATCCCAACACTTTGGGAGGCCAAGGCAGGAGGATTGTTTAAGCCCAGGAGTTTGAGACCAGCCTAGGCAACATAGTGAGACCTCACCTCTACAAAAAATTTTACAAAAAAAATGGCTGGGCAAGGCAGTGTACTCCTGTAGTCCCAGCTACTTGGGAGGCTAATATTGAAGGATCATTTGGGCCCAGGAGGTCAAGGCTGCAGTGAGCATACTGCACCACTGCACTCCAGCCAGGGCAACAGAGTGAGACCCTCCTATCTCACACACACAAAAATAAAA","GGCCAGGCACGGTAGGTCACACCTATAATCCCAACACTTTGGGAGGCCAAGGTGGGAGGATTGCTTAAGCCCAGGAGTTTGAGACCAGCCGAGGCAACATAGTGAGACCTCATCTCTACAAAAAATTTTACAAAAAATTGGCTGAGCATGGTAGTGCATTCCTGTAGTCCCAGATACTTGGAAGGCTAAGATTGAAGGATCATTTGGGCCCAGGAGGTCAAGGCTGCAGTGAGCCATATTGCACCACTGCACTCCAGCCTGGGCAACAGAGTGAGACCCT"
"KN294147v1","480098","480232","chr3","174027604","174027740","15","173547506","GGCTGGGCATGGTGGCTTATGTCTATTATCCCAGTACTGTGGGAGAGCAAGGCTGGGAGAATTGCTTGAGCCCAAGAGTCTGAGACTAGCATGGGCAACATAATGAAACCTCATCTCTACCAAAAAAATTAAAAT","GGCTGGGCATGGTGGCTCATGTCTATTATCCCAGTACTTTTGGAGACCAAGGCTGGGAGGGTTGCTTGAGCCCAAGAATCTGAGACCAGCGTGGGTAACATAGTGAGACCTCATTTCTACCAAAAAAATTAAAATTA"
"KN294147v1","673486","673773","chr3","173840749","173841035","15","173167263","GGCCAGGCATAGTGGCTAACACCTGTAATCCCAGCACTTTGAGGGACTGAGGTGGGCAGATGGCTTGAGCCCAAGAGTTCGAGACCAGCCTGGGTAGCATAGCAAGACCTCGTCTCTACAAAAAAAATACAAAGATGAGCAGGGCATGGTGGTGTATGCCTGTAGTCCCAGCTACTCGGGAGGCTGAGGTGGGAGGATTGCTTGAGCCCAGGAGGTCGACGCCGCAGTGAGCTATGGTTGCACCACTGCACTCCAGCCTGGGTGACAAAGCAAGACCCTGTCTCAAAA","GGCCAGGCATAGTGGCTCACACCTGTAATCCCACCACTTTGAGGGACAGAGGTGGGCAGATGGCTTGAGCCTAAGAGTTCGAGACCAGCCTGGGTAGCATAGCAAGACCTTGTCTCTACAAAAAAATACAAAGATTAGCAGGGCATGGTGGTGTATGCCTGTAGTCCCAGCTACTCAGGAGGCTGAGGTGGGAGGATTGCTTGAGCCCAGGAGGTTGCTGCTGCAGTGAGCTATGATTGCACCACCGTACTCCAGCCTGGGTGACAAAGCAAGACCCTGTCTCAAAA"
"KN294147v1","714680","714931","chr10","101050170","101050428","71","100335490","GGCCAAATACAGTGGCTCATGTCAGTAATTCTAGCACTTTGAGCAAGACCAGCCTAGACCTTGTCTCCACAAAAAATAAAAAATAATTAGCCGGGCATGGCGACACACACATGTAGTCCCAACTACTTGGGAGGTTGAGACAGAAAGATCACTTCAGCCCCGCAGTTTGAAGCTGCAGTGAGCTATGAACATGCCACTGCACTCCAGCCTGGGTGACAGAATGAGATCTTGTCTCTAAAAGAAACCAAAAAA","GGCCAGCACAGTGGCTCACACCTGTAATTCCAGCACTTCGAGACCAGCTTGGGCAAGATGGCAAGACCCCATCTGTACAAAAAATTTAAAAGTTAGCTGGTCATGGTGATGCAGGCCTGTAGTCCCAGCTACGCGGAAGGCTGAGGCAGGAGGATCTCTTGAGCCCAGCAGTGGGAGGTGGCAGTGAGCCATGATCGCGCCACTGCACTCCAACCTGGGTGACAGAACGAGATCCCGTTTCTAAAAAAATAAAGTAAAA"
"KN294147v1","830828","831130","chr10","43526047","43526327","82","42695219","GGCTGGGCACAGTGGCTCGCTCCTGTAATCCCAGCACTTTGGGAGGCTGAGGCAGGAGGATCCTTGAGCCCACAAGTTCAAGACCAACGTGAGGGATATAGCAAGAGCTCATCTCTACAAAAATAAAAAACACACAAAAAAAAGAGAGAGAGAGAGGGAAAAAAATTAGCTGGGTGTCATGGCACACACCTGTAGTCCCAGCTACTTGGGAGGCTGGGGTGGGAATATCCTTGAATCCAGGAAGTGAAGGCTGCAGTGAACTGTGATCTGCACTCTAGCCTGGGTGAGACAGCCAGACCCTGT","GGCTGGGCACAGTGGCTCATGCCTGTAATCCCAGTACTTTAGGGGGCTGAGACAGGTAGATTGCTTGAGCCCAGGAGTTCGAGAACAGCCTGGGCAGCATAGTGAGACCTCACTTCTACTAAAAAAAAAAAAAAAAAAAAAAAAAATTTCAAAATTTAGCTGGGTGTGAAGGTGCATGCCTGTAGTCCTAGCTACTCAGGAGGCTGAGGTAGGAGGATCACTTGAGCCCAGGAGTTCAAGGATGCAATGAACTATGATTGCACTACTGTACTCCAGCTGGG"
"KN294147v1","1211276","1211411","chr3","173268549","173268682","11","172057273","GTCAAGCTCGGTGACTCACACCTATAATCCTAGCACTTTGGAAGGCTGAGGCAGGTAGATTGCTTGAACCCAGGAGTTCAAGATCAGCCTGAGAAATATGAGGAAACCCAGTCTCTACAAAAAAATACAAAATTTA","GCCAAGCTCGGTAACTCACACCTATAATCCCAGCACTTTGGAAGGCTGAGGCAGGGAGATTGCTTGAACCCAGGATTCGAGATCAGCCTGGGAAACATGAGGAAACCCAGTTTCTACAAAAAATACAAAAATTA"
"KN294147v1","1277876","1278102","chr3","173192379","173192615","34","171914503","GGTTGCTTATGCCTGTGATACTAGTGCTTTGGGAGTTAGACACGGGAGGGTATCACTTGAGCCCAGGAGTTCAAGGCCAACTTGGCAGCCTAGGAAGACCCCATCTCTAAAAAAAAAATGGGAATGTGTCTTCCCAGCTACCTGGGATGCTAAAGCAGGAGGATTGCTTGAGCCCAGGAGTTACAGGTCACAGTGAGCCATGATCACACCATTACACCCAGCCTGGG","GCTGGTTATGGTTGCTTATGCCTGTAATCCTAGTACTTTGGGAGTTGGAGGTGGGAGGGTATCACTTGAGCCCAGGAGTTCAAGACCAACTTGGCAGCATAGCAAGACCCTATCTCTAAAAAAAAAACGGGTATGTGTGGTCCCAGCTACCTGGGATGCTGAGGCAGGAAGATTGCTTGAACCCAGGAGTTAGAGGTTACAGTGAGCCATGATCATACCACTACGCTCCAGCCTGGG"
"KN294147v1","1353201","1353483","chr3","173114588","173114840","66","171761387","GGCTGGGTGTGGTGGTCATGTCTACAATCTAAGCGCTTTGGGAGGCCAAATTGGGTGGATCACTTGAGCCCAGGAGTTTGAGACCAGCCTTGGCAACATAGCGAGACCTCATCTCTACCCCCCGCAAAAAAAAAAAAAAAAAAATAGCCATGTGTCATGGTGTATGCCTGTAGTCCCAGCTACTCCAAGCTGAAGCTCCCATGAGCCTGAGTTCAAGGTTAGGAACTCTAGCCTGCACTCTAGCCTGGGTGACTGAGTGAGCCCGTTGCTAAAATAAATAAAA","TGGAAGGCCAAATTGGGTGGATCACTTGAGCCCAGGAGTTTGAGACCAGCCTTGGCAACATAGCGAGACCTCATCTCTACCAAAAAAAAAAAAAAAAATAGCCATGTGTCTGTGGTGTATGCCTGTAGTCCCAGCTACTCCAAGCTGAAGATCCCATGAGCCTATGAGTTCAAGGTTATTAGTGAGCTATGACCATGCCACTGCACTCTAGCCTGGGTGACTGAGTGAGACCCTGTTGCTAAAATAAATAAAA"
"KN294147v1","1353558","1353843","chr2A","20508259","20508542","52","19154701","GCTGGACATAGTGGCTCACACCTGTAATCCCAGCACTTTGGGAGACTGAGGTGGGAGGATCACTTGACCCTAGGAGTTTGAATTCAGCCTGGGCAATATAATGAGACCCAATCTCTACAAACAGAAAAATAAGAAATTAGCCAGGCATGCTGGCAAAGTGCCTATAGTCCCAGCTACTTGGGAGACTGAGGCAGGAAGATTGCTTGAGCCCAGGAGGTTGTGGCTGCAGTGAACTATGATCATGCCACTGCACTCCAGCCTGGGCAACAAAGTGAGATCCTGTCTC","GGCCAGTCATGGTGGCTCACACCTATAATCCCAGCACTTTGGGAGGCCGAGGTGGGAGAACTGCTTGAGCTCAGGAGTTAGAGACCAGCCTGGGTAACATAGTGAGACCCTGTCTCTACAAAAAATTAAAAATTAGCCAGGCATGGTGGCATGTGCCTATAGTCCCAGCTACCTGGGAGACAGAGGCAGGAGGATCATCGCTTGAGCCCAGGAGGTAGAGACTGCAGTGAGCTATGATCATGCCACTGCACTCTAGCCTAGGTGACAGAGCAAGACCTTGTCTC"
"KN294147v1","1397022","1397285","chr20","52555750","52556009","68","51158728","CAGTGGCTAATGCCTGTAATCCCAGCACTGTGGGAGGCTGAGGTTGGAGGATCGTTTAAGCCCAGGAGTTCAAGACCAGGCTGGGCAAAAAGTGAGACCTTGTCTTTCCAAAAACACACAAAAAAGTTAGCATGGTATGTGCCTATAATCTCAGCTACTTGGGAGGTTGAGGTGGGAGGATCCCTTGAGCCCAGGAGTTTGAGGCTACAGTGAGTCTAGTGTGGGTGACAGAGACAGGCCTTGTCTCAAGGAAAAAAAAAAAAA","GTGGCTCATGCCTGTAATCCCAACATGTTGGGAGACTGAGGTTGTAGGATCGCTTGAGCCCAGGAGTTCGAGATCAGCCTAGGCAACTGAGACCCCATCTCTACAAAAAATCAAAAAACTAGCCGGTTGTGGTGGCGCACACCTGTGGTCCCTGCTACTTGGGAGGCTGAGGTAGGAGGATTTCATGAGCTCAGGAGGTTGAGGCTGCTGCAGTGAGCCTGGGTGACAGAGTGAGATCCTATCTCAAAAAAAAAAAAAAA"
"KN294147v1","1480105","1480275","chr3","172976232","172976417","27","171496127","CGGGGACAATGGCTCACCCTCATAATCCCAGCACTTTGGGGGGATTGCTTGAGCCTGGGAGTTTGAGACCAGCCTGGGCAACATGGGGAAACCCCATCTCTACAAAAACTACAAAAAGTAGCCGGATGTCATGTTGTGCACCTGTGGTCCCAGCTACTCAGGAGGCTGAGG","GACCGGGACGATGGCTCACCCTCATAATACCAGCACTTTGGGAAGCGAAGTTGGGAGGATTGCTTGAGCCCGGGAGTTTGAGACCAGCCTGGGCAACATGGGGAAATCCCATCTCTACAAAAAATACAAAAATTAGCCGGATGTCGTGGCGCGCACCTGTCGTCCCAGCTACTCAGGAGGCTGAGG"
"KN294147v1","1495920","1496188","chr3","172960482","172960750","16","171464562","GGTGGCTAATGCTTGTAATCCTAGTGGTTTGGGAGGCTGAGGTGGGGGGATCACTTGAGTCTAGCAGCTTGAGACCAGCCTGGGCAGCATAGACCCCATCTAATAAAAAGAAATTAGCCAGGTGTGGTGGCGTGTGCCTGTAGTCCCAGCTGCTGAAGAGACTGAGGCAGGAGGATTGCTTGAACCTAGGAGTTTGAGGCCACAGTGAGCTATAATTGTGCCACTGCACTCTAGCCTGGGCAACAGTATGAGACCCTGTTTCAAAAAAA","GGTGGTTCATACTTGTAATCCTAGTGCTTTGGGAGGCTAAGGTGGGGGGATCACTTGAGTCTAGCAGTTTGAGACCAGCCTGGGCAACGTAGACCCCATCTAATAAAAAGAAATTAGCCAGGTGTGGTGGTGTGTGCCTGCAGTCCCAGCTGCTCAAGAGGCTGAGGCAGGAGAATTGCTTGAGCCTAGGAGTTTGAGGCTACAGTGAGCTATAATTGTGCCACTGCACTCTAGCCTGGGCAACAGTATGAGGCCCTGTTTCAAAAAAA"
"KN294147v1","1518633","1518907","chr3","172938601","172938875","18","171419968","GGTCGGGTGCAGTGGCTCATGCCTTTAATCCCAGCACTTTTTGGAGGCCCAGGTAGGAGGATTGCTTGAGCTCAGGCATTAAAGACCAGCCTGGGCAAAATAGCAAGACCCGGTCTTTACTAAAAATAAAAAAAATTAGCTAGTTGTGGTGCTGTGCAGCTGTAATTCCAGCTTTTCAGGAAGCTGAGGCAGGAGGATTGCTCAAGCCTGGGAGATTGAGGCTGCAGTGAACTATGATAGTGCCACTGGATTCCAGTCTGGGTGACACAGTGAGA","GGTCAGGTGCAGTGGCTTATGCCTGTAATCCCAGCACTTTTTGGAGGCCCAGGTAGGAGGATTGTGTGAACTCAGGCATTAAAGACCAGCCTGGGCAAAATAGTAAGACCCGGTCTTTACTAAAAATGAAAAAAATTATTTAAGTGTGGTGCTGTGCTGCTGTAATTCCAGCTTTTCAGGAGGCTGAGGCAGGAGGATTGCTCGAGCCTGGGAGATTGAGGCTGCAGTGAACTATGATAGTGCCATTGCTTTCCAGTCTGGGTGACACAGTGAGA"
"KN294147v1","1559691","1559814","chr3","172898281","172898399","8","171338590","GGCTGGGTGTGGTGCCACATGCCTGTAATCCCAGCACTTTGGGAGGCTGAGGTGGGAAGATTGCTTGAGCCCAGGAGTTTGAGACCAACCTGGGCAACATAGTGAGACCCCCATCTCTACAAAA","GGTGTGGTGGCACATGCTTGTAATCCCAGCACTTTGGGAGGCTGAGGTGGGAAGATTGCTTGAGCCCAGGAATTTGAGACCAACCTGGGCAACATAGTGAGACCCCCATCTCTACAAAA"
"KN294147v1","1649716","1649838","chr3","172803625","172803750","15","171153909","CAGTGGCTCGTGCCTGTAATTCCAACACTTGATCTCTTGGAAGCAAGAGGATCACTTGAGACCAGGAGTTCGGCACTAGCCTTGCCAACATAACAAGATCCAATCTCTACCAAAAAACAAAAA","CGCAGTGGCTCATGCCTGTAATCCCAGCACTTGATCTCTCAGAGACAAGAGGATCGCTTGAGACTAGGGGTTCGGCACCAGCCTCGCCAACATAACAAGATCCAATCTCTACCAAAAAAACAAAAA"
"KN294147v1","1694474","1694780","chr3","172757337","172757648","32","171062863","CGGTCACAATGGCTCACGCCTGTAGTTCCAGTTACTTAGGAGACAGAGACAGGTGGATTGTTTGAGCCCAGGAGTTCAAGACCGGCCTCGTAAACATAAGAAAACTCCATCTCCACACAAAAAAAAGTAAAAATTAGCCAGGTGTGGTGGTGCATGCCTGTAGTCCCAGCTACTCAGGAGGCTGAAGAGGGAGATCAGTTGAGGAGTTCGGTGATGCAGTGAGCCGAGATTGAGCCACTGCACTCCAGCTTGGGCAATACAGAGGGAGACTCAGTCTCAAAAAAAAAAAAAGACAAGAAAGAAAGAA","CGGTCACAGTGGCTCACGCCTATAGTTCCAGTTACTCAGGAGACAGAGACAGGTGGATCGTTTTGAGCCCAGGAGTTCAAGACCCGCCCGGGCAACATAAGGAAACTCCGTCTCCACACAAAAAAAGTAAAAATTAGCCAGGTGTGGTGGCGCATGCCTGTAGTTCCAGCTACTCAGGAGGCTGAGGAGGGAGATCAGTTGAGACGAGGAGTTCGGTGATGCAGTGAGCCGAGACTGCGCCACTGCACTCCAGCTTGGGCAATATAGAGCGAAACTCAGCCTCAAAAAAAAAAAAAAAAAAAAAAAAAAAAA"
"KN294147v1","1727910","1728062","chr3","172724703","172724855","13","170996793","GCCAAGTGCAGCGGCTCACACCTGTAATTTCAGTTACTTGGGAGGCTAAGGCTGGAGGATCACTTGAGCCCAGGAGTTTGAGACAAGCCTGGGCAACATAGTAGACCCCCATCTCTTTTAAAAACATTAACTGGGTGTGGTGGTATGCACCTG","GCCAGGTGTGGTGGCTCACATCTGTAATCTCAGTTACTTGGGAGGCTAAGGCTGGAGCATCACTTGAACCCAGGAGTTTGAGACAAGCCTGGGCAACATAGTAGACCCCCATCTCTTTAAAAAAAATTAGCTGGGTGTGGTAGTGTGCACCTG"
"KN294147v1","1916713","1917008","chr1","19513839","19514136","58","17597126","CGAGCGAGGTGGCTCACACCTGTAATCCCAGCACTTTGGGAGGCTGAGGCTGAAGGATTGTTTGAGCCCAGGAGTTCAAGACCAGCCTAGGCAACATAGCAAGAACCCATCTCTACCAATAAAAAACAAAAATAGCCCCGTGTGGTGGCATGCACCTGTAGTCCCAGCTACCGGGGAGGCAGAGGCAGGAAGATCTTATGACCCCAGGAGTTTGATGCTGCAAGTGAGTCGTAATTGCACCACTTTACTCCAGCCTGGGCAAGAGTGAGATCCTGTCTCAAACAAACAAGAAGAAA","GGCTGGGCACAGTGGATCACACCTGTAACCCCAGCACTTTGGGAGGCTGAGGCAGGTGGATTGCTTGAGCCCAGGAGTTCCAGACCAGCCTGGGCAACATAGCAGGACCCCATCTCTACAAAAAACACAAAAATTAGCCAGGGATGGTGGCATGCACCTGTTGTCCCAGCTACTTGGGAGGCTGAGGAGGGAAGATCACTTGAGCTCAGGAGGTTGAGGCTGCAGTGAGCCATGATCATGACACTACACTTCAGCCTGGGTGACAGAGTGAGACCCTGTCTTAAAAAAAAATAAAAAA"
"KN294147v1","2090539","2090798","chr3","172347163","172347414","26","170256624","GGCTGGACACGGTGGCTTATGCCTGTAATCCCAGCCCTTTGGGAGGCCAAAGCAGGAGAATTGCTTAACCCCAGGGGTTCAAGACCAGCCTGAGCAACACAGTGAGACTTCGTTTCTCAGGAAAAAAAAAAAAAAAAAAAAAAATTAGCCAGGCATGGTCGCATACTTGGGTCCAGGAGGTAGAGGCTGTAGTGAGATCTGTTTGTGTCCAATCTGGGTGACACAGTAAGACTCTGTCTCAAAAAAAACAAAAAACAAAA","GGCTGGACACGGTGGCTTATGCCTATAATCCCAGCACTTTGGGAGGCCAAGGCAGGAGAATTGCTTAACCCCGGGAGTTCAAGACCAGCCTGAGCAACATAGTGAGACTTCGTTTCTTAAAAAAAAAAAAAAAAAAAATTAGCCAGACGTGGTGGCATGCTTGGGTCCAGGAGGTAGAGGCTGTAGTGAGTTCTGTTTGCATCCAATCTGGGTGACATAGTGAGACTCTGTCTCAAAAAACAAACAAACAAA"
"KN294148v1","76097","76230","chr4","40475132","40475251","44","40399035","CAGGCATGGTGGCTCATGCCTTCACTTTGGGAGGCTGAGGCAGTGTTCACTTTTGCAGGCTGAGGCAGAAGGATCACAGAAGCCCAGGAGTTCAAAATCAGCTGGGCCAGTAAAGAAAGATTCCTTCTCTACAA","CAGGCATGGTGGCCCATGCCTGTAATCCCAGCACTTTGGGAGGTCAAGGCAAGAGGATCACTTGAGCCCAGGAGTTTAAAATCAGCCTGGGCAACATAGCGAGATCCCCACTCTACAAAA"
"KN294152v1","32304","32426","chr11","90485414","90485536","7","90453110","GCTGGCCACAGTGGCTCATGCTTGAAATCCCAGCACTTTTGATGTCTGAAGAGGAAGGGTCACTTGAGCCCAGGAATTCAAGACCAGCCTGGGCAACACAGTGAGACCCTATATCTACAAAAA","GCTGGCCACAGTGGCTCATGCTTGAAATCCCAGCACTTTGGATGTCTGAAGAGGAAGGGTCACTTGAGCCCAGGAATTGAAGACCAGCCTGGGCAATATAGAGAGACTCTGTATCTACAAAAA"
"KN294152v1","58633","58751","chr11","90462800","90462918","5","90404167","GGCTGGGAACCAGTGGCTCACACCTGTAATCCCTGCACTCTGGGAGGCCAAGTCTGTAGAATGGCTTAAGCCCAGAAGTTTGAGATCACTCTGGGCAGCACAACCAGCCACCATCTGTA","GGCTGGGAACCAGTGGCTCACACCTGTAATCCCTGCACTCTGGGAGGCCGAGGCTGTAGAATGGCTTAAACCCAGAAGTTTGAGATCACTCTGGGCAGCACGACCAGCCACCATCTCTA"
"KN294152v1","61041","61335","chr11","90460236","90460524","36","90399195","GGCTGAACGTGGTATCTCACGCCTGTAATCACAGCCCTTTGGGAGACTGAGGAGGGAATATCACATGAGCTCAAGAGTTTGAGACCAGCCTGGGCAACATAGTAAGCCCTCACTTCTACTACAAATTAAAAAAAAAAAAAAAATCAGGTGTTGTGACATGTACCTGCGATCTCAGCTACTTGGGAGACTGAGCCAGGACCATCACTTCAGCCCAAGAGGTTGAAGCTGCAGTGAGATGTTGATTATTCCCCTGCATCTGAGTCTGGGCAACAGAATGAGATCCTGTCTCAAAAAA","GGCTGGACGTGGTATCTCATGCCTGTAGTCGCTGCACTTTGGGAGGCTGAGGAGGGAATATCACATAAGCCCAAGAGTTTGAGACCAGCCTGGGCAACATAGTAAGCCCTCATCTCTACTACAAATTTAAAAAAACATCAGGTGTTGTGGCACATACCTGTGATCTTAGCTACTTAGGAGGCTGAGCCAGGACCATCACTTCAGCTCAAGAGGTCGAAGCTGTAGTGAGCTGTTGATTGTTCTACTGCATCTCAGTCTGGGCAACAGAGTGAGACCCTGTCTCAAAAAA"
"KN294152v1","127097","127219","chr6","29846386","29846508","22","29719289","GGCCTGGTGTGTTGGCTCATACCTATAATCCCAGCAATTTGTAGGCTCAGGTAGGAGGATCACTTGAGCCTGGGAGTTCATGATTAGCCTGGGCAACATAACAAGATTTCATTTCTACAAAAA","GGCCAGGTGCGGTGGCTCATATCTGTAATCCCAGCACTTGGGAGGCAGAGGCAGGAAGATCGCTTGAGCCCAGGAGTTCAAGACTAGCCTGGGCAAAATAGCAAGACTCCATCTCTACAAAAA"
"KN294161v1","366452","366733","chr1","3492383","3492666","54","3125931","GGCCGGGCACAGTGGCTCATGCCTGTAATCTCAGCACTTTGGGAAGGCCAAAGTGGGAGGATCGCTTGAGCCCAGGAGTTCAAGACCAGCCCAGGCAACACAGCAAAAGCCCATCTCTACAAAAATACAAAAAGTAGCCAGGCCTGTTGGCATACGCCTATAGTCCCAGCTACTCAAAAGGCTGAGATGGGAGAATTGCTTGAACCCAGGAGGCTGAGGTTGCAGTGAGCTGAGATTGTGCCACTGCACTCTAGCCTGTGCACCAGAGCAAGAGTCTATCTC","GGCCAGGCACAGTGGCTCACACCTGTAAATCCAGCACTTTGGGAGGTTGATGTGGGAGGATTGCTTGAGCTCAGGAGTTCAAGACTAGCCTGGACAACACAGCAAGACCCCATCTCTACAAAAAAATACAAAAATTAGCCGGGTGTGGTGCCATGCACCTGTGGTCCCAGCTACTCAGGAGGCTGACATGGGAGGATTGCTTAAGCCCAAGAGTTTGAGGCTGCAGTGAGCTATGATCTTGCCACTGCACTCCAACTTTGGCAACAGAGCAAGACCTATCTCAA"
"KN294161v1","429829","429941","chr15","55295657","55295774","19","54865828","GGCTGGGCATGGTGGCTCACACCTGTAATCCCAGCCCTTTGGAACACTGAAGCAGGAGGATCCATTGAGCCCAGGAGTTTGAGAACAGCTTGGGCAACTAGCAAGACCCCATC","GGCTGGGCATGGTGGGCTCACACCTGTAATCCCAGCACTTTGGGAGGCTGAGGCAGGAGGATCACTTGAGCCCAGGAGTTCAAGAACAGTGTGGGCAACATAGCGAGACCCTGTCTTT"
"KN294161v1","429974","430137","chr19","48946252","48946415","37","48516278","CAAGCCAGATGTGGTGGCATGCTCCTGTAGTCCCAGCTACTTGAGAGGTAGAGGCAGAAGGATCACTTGAAGGCGGGAGTTTGAGTTGCAGTGAGCTATATGATTGTACCACTGTACTCTAACCTGGGGAACAGAAAGACCCTGTCTCCAAAGGAAAAAAAAAA","CTAGCCAGGCATGGTGGCATGCACCTGTAGTCCCAGCTACTCCAGAGACTGAGACAACAGGATAACTTGAGCCCGGGAATTTGAGGCTGCAGTGAGCTGTGACTGTGCCACTGCACTCTAGCCTGGGGGATGCAGTGAGACCCTGTCTCAAAAAAAACAAACAA"
"KN294161v1","482651","482769","chr4","87606719","87606852","19","87124068","GCACGGTGGCTTTTGCCTGTAATCCTAGCACTTTGGGAGGCCGAGGTGGGCAGATCACTTGAGCCCAGGAGTTTATGACCAGCCTGGGCAACACAGTGAGACCACATCTCAAAAATATA","GGTCGAGCACGGTGGCTTTTGCCTGTAATCCTAGCACTTTGGTAGGCCGAGGTGGGCAGATCACTTGAGCCCAGGAGTTTGAGACCAGCCTGGGCAACACAGTGAGACCACGTCTCAAAAATATGTATATTAAC"
"KN294161v1","503887","504067","chr3","46765091","46765261","42","46261204","TAAAAATAAAAAAATTAGCCAGGCGTGGTGGCATGCACCTGTGGTCCTAGATATTAATGATAGGGAGGCTGAGGCAGGAGGATCATTTGTGCCTAGGAGTTTGAAGCTGCAGTGAGCTAGGGTCGTGTCACTGCACTCCAGTGTGAGCAACACAGCAAGACCCTGCCTCTAAAAAAAAAAA","AAATAAAAAACAATTAGCCGGGCATGGAGGCATGCTCCTGTAGTCCCAGCTACTTGGGAGGCTGAGGCAGGAGGATCACTTGAGCTCAGGAGTTCGAGGCTGTAGTGAGCTATGATCAGGCCACTGCACTCCAGCATGGGCAACAGAGTAAGACTTTGTCTCTAAAGAAAA"
"KN294161v1","504377","504483","chr5","19708341","19708443","25","19203964","GGCTCATGCCTATAATCCCAGAATTTTGGGAGGCTGAGGTGGGAGGATCACTCAGGACCAGCCTGGGCAACATAGGGAGACGCCATCTCTACAAAAAGTAAAAATAA","GGTGGCTCATGCCTATAATCCCAGCATTTTGGGAGGCTGAGGTGTGAGGACCAGTTGAACCCAGCCTGGGCAACATAGCAAGATCTTGTCTCTACAAAAAATA"
"KN294161v1","611506","611812","chr4","87731602","87731914","23","87120096","GCCAGGCATGGTGGCTCATGTTTATAATCCCATCTGTTTGGAAGGCTGAGGCAGGAGGATTGCTTGAGCCCAGGAGTTCAAGACAAGCCTGAGTAACATAGCAAGACTCTATATCTACAAAATATATATTTTTTAAATTAGCCAGGCATAGTGGCAGTCTCCTATAGTCCTTGCTACTCAGGAGGCTGGGACAGGAGGATTGCTTGAGCTGAGGTGTTCAAGGCTGCAATGAGCTACGACTGCATTCCAGCCTGGGGAACAGAGCAAGATCCTGTTTCTAAAAATATGAAATAAAAAAAGGAAAAAA","GCCAGGCACGGTGGCTCATGTTTATAATCCCATCCGTTGGGAAGGCTGAGGCAGGAGGATTGCTTGAGCCCAGGAGTTTGAGACAAGCCTCAGTAACATAGCAAGAGTCTATATCTACAAAATATTTTTTTTAAAAATTAGCCAGGCATAGTGGCAGTCTCCTATAGTCCTTGCTACTCAGGAGGCTGGGACAGGAGGATTGCTTGAGCTGAGGTGTTCAAGGCTGCAATGAGCTATGACTGCACCACTGCATTCCAGCCTGGGGAACAGAGCAAGATCCTGTCTCTAAAAAAATGAAATAAAAAAGGAAAAA"
"KN294161v1","624006","624134","chr20","8520648","8520752","39","7896642","GCCCAGGAATTTGGGACCAGCCTGGGTAACATAGCAAGATCTCATTTCTACAAAAAAATTGTTTAAATTAAAAAAATCAGCCAGGCATGGTGGTGTGCACCTGTAGTCCTAGCTACAAGGCAGGCTGAG","CCAGCCTGGGCAACATGGCAAAACTCCATCTCTACAGAAAAATACAAAAAAATTTAGCAAGGCATGGTGGTGTGCACCTGTAGTCCCAGCTACTCAGAGGCTGAG"
"KN294161v1","693949","694254","chr4","87804055","87804352","28","87110106","GCCGGGTGTGGTGGCTCACTTCTATAATCTCAACAGTTTTGGGTGGCCAAGGCAGGAGGATCACTTGAGCCCAGGAGTTCGAGACCAGCCTGGGTAACATTGCAAGATGCCATCTCTACAAAAAAATAAAAAATAAAAATTAACTGGGTGCAGTGGTGCACACTTGTAGTCCCAGCTACTTGGAAGGGGAGGCAGAAGGGTGCCTTGAACCCACAAGTTTGAGGTTGCAGTGAGCTATGATTGTACCACTGCACTCCAGCCTGGGTGATAGAGCAAGACCCTGTCTCAAAAAAATAAATAAATAAA","GGCTGGGTGTGGTGGCTCACTCCTATAATCTCAACACTTTTGGTGGCCAAGGCAGGAGGATCACTTGAGCCCAGGAGTTTGAGACCAGCCTGGGAACACTGCAAGATGCCATCTCTACAAAAAACAAAAAATAAAAATTAACTGGGTGCAGTGGTGTGCACCTGCAGTCCCAGCTACTTGGGAGGTGAGGCAGAAGGGTGCCTTGAGCCCAGAAGTTTGAGGTTGCAGTGAGCTATGATTGTGCCACTGCACCCCAGCCTGGATGACAGAGCAAGACCCTGTCTCAAAAATAAATAAA"
"KN294161v1","839566","839665","chr16","28829835","28829930","21","27990269","AATCCCAGTGCTTCAGGAGGCCAAGGCAGGAGAAATGCCTGAGTCCAGGAGTCTGAGACTAGCATGGGGAACACAGTGAGACCCTGTCTGTTACAGAAAA","ATCCCAGCACTTTGGGAGGCCAAGTCGGGAGGATTGCCTGAGCCCAGGAGTTTGAGACCAGCATGGACAACATGGTGACACCCGTCTTTATAAAAA"
"KN294161v1","909055","909179","chr5","16877257","16877381","23","15968202","GGCCAGATGCTGTAGCTGATTTCTTTAATTTCAACACTTTGGGAGGCCAAGGCAGGAGGATCACTGGAGCACAATAGTTCAAGACCAGCCTGGGCAACATAGTGAAAACCTTTCTCTATATAAAA","GGCCAGGTGCAGTGGCTCATGCCTGTAATCTCAGCACTTTGGGAGGCCAAGGTGGGAGGATCACTTGAGCTCAGGAGTTCAATACCAGACTGGGCAACATTGTGTGACCCTGTCTCTATAAAAAA"
"KN294161v1","1349540","1349666","chr4","88474679","88474808","9","87125139","GGCCAGGTGTGGTGGCTCGTGCCTATAATCCCAGCACTCTGGGAGGCCAAGAAGGTGGATCACTTGAGCCCAGGAGTTTGAGACCAGCCTGGCCAACATGGTGAGACCCCCATCTCTAGAAATAATA","GGCCAGGTTTAGTGGCTCATGCCTGTAATCCCAGCACTCTGGGAGGCCAAGAAGGTGGATCACTTGAGTCCAGGAGTTTGAGACCAGCCTTGCCAACATGGTGAGACCCCCCCCATCTCTAGAAATAATA"
"KN294167v1","77499","77792","chr11","16523687","16523978","21","16446188","GGCTGGGCATGGTGGTTCATGCCTATAATCCCAGCAAGGCCAAGGTGGGTGGATTGCTTTAGCTCAGGTGTTTGAGACCAGCCTGGGAAACATGGTGATACCCCGCATCTGCAAAAAATACAAAAATTAGCTGAGCATGGTGTCAGGTACCTGTAGTCCCAGCCACTTGGGGGGCTGAAGCAGGAGGACACCTTGAGCCCAGGAGTTTGATGTTGCAGTGAGTTGTGTTTGTACCATTGCACTCCAGGCTGGGTGACAAAGTGACACCCTATCTCAAAAATAAGAAAAAAAAAA","GGCTGGGCATGGTGGCTCATGCCTGTAATCCCAGCAGGGCTGAGGTGGGTGGATTGCTTTAGCTCAGGCATTTAAGACCAGCCTGGGGAACATGGTGATACCCCGTATCTGCAAAAAATGCAAAAATTAGCTGAGTATGGTGTCATGCACCTGTAGTCCCAGCCACTTGGGGGGCTGAAGCAGGAGGATCCCTTGAGCCCAGGAGTTTGATGTTGCAGTGAGTTTGTTTGTACCATTGCACTCCAGGTTGGTTGACAAAGTGACACCCTGTCTCAAAAATAAGAAAAAAAAA"
"KN294167v1","180225","180468","chr1","39408503","39408753","59","39228278","GGCCAGGCATGGTGGTTCACGCCTGTAGTTCCAGCACTTTGGGAGGCGGAAAGATCACTTGAACCCAGGAGTTTGAGACCAGCCTGGGCAACATAGCAAAAGTCCATCTTTACAAAAAATACAAAAATTAGCTAGGTGTGGTGGTGCAGGCCTATATCCCAGGTCCTCGGGAGGCTAAAGTGGCAGTGAGACTGTGCCACTCTACTCCAGCCTGGGTGACAGAGTGAGAACCTGTCTCAAAAAA","GGCCACATGTGGTAGTGCACGCCTGTAGTCCCAGTACTTTGGGAGGCCAAGCTGGGACAATTGCTTGAGCTCAGGAGTTCAAGACCAGCCTGGGCAACATGGCAAAACCCCGTCTCTACAAAAAATTGAAAAATTAGCTGGGTGTGGTGGCACATGTCTATAGTTGAAGCTACTCGGGAGGCTGCAGTGGGCCAAGATCGTGCCACTGCACTCCAGCCTGGCTGACAGAGCAAGACCTTATCTCAAAAAAA"
"KN294167v1","310272","310594","chr15","49068421","49068714","86","48758149","GGTGGTTCATGCCTGTAATTCCAGTGCTTTGGGAGGCCAAGACAGGAGGATTGCCTGAGTACAGTAGTTTGAGACCAGCCTGGGAAACATAGCAAGATCCCATCTCAGAATGGAATGGAATGGAATGGGATGGGAGAGGAGGGGAGGGGAGTCTGGCATGGTGGCACTGCATCTATAGTCCTAGCTACTCAGGAGGCTGAGGCAGGATCATCACTTGAGCCCAGGAGTTTGAGACTGCAGTAAGCTATCAACATGCCACCCACTCCAGCCTGGGTGACAGAGTAAGACCCTGACTCTAAAGACATTTTTAAAAAGAAAAAAAA","GGTGGCTCATGCCTGTAATCCCAGCACTTTGGGAGGCCAAGGCAGGAGGATCTCTTGAGCCCAGGAATTCAAGACCAGCGTGGGCAATGTAGCGAGACCCCTTCTCTACAAAAATAATTAAAAATTAGCCAGATATGGTGGCTAATGTGCACCTGTAGTCCTAGCTACTTGGGATGCTGAGGCAGGAGGATCACTTGAGCCCAGGAGTTTGAGACTGCAGTGAGCTATAATCACATCACTGCACTCCAGTCTGGCTGACAGAATGAGACCCTATTAAAAAAAAAAAAAAAAAAA"
"KN294167v1","441773","442088","chr11","16852886","16853204","13","16411113","GGTTGGGCACTGTGGCTCAAGCCTGTAATCCAGCACTTTGGGAGGCCAAGATGGGAGAATTACTTGAACTCAGGAGTTCAAGACCAGCCTGGGCTGTATAGCAAGGCCTTGCCTCTACTAAAAAAATTTAAAAAACAAAAATTAGCCAGATGTGGTGGCATATGCCTGTAGTCCCAGCTACATGGGAGACTGAGGCAGAAGGATCCTTTGAGCCCAGGAGATGGAGGCTGCAGCGAGCTGATATGGCACCACTGTACTCCAGCCTAGGGGACAGAGAAAGACCCTGCCTCAAAAGCAAAACAAAACAAAAAAAGAA","GGGCAGGCACTGTGGCTCAAGCCTGTAATCCCAGCACTTTGGGAGGCCAAGATGGGAGGATTACTTGAACTCAGGAGTCCAAGACCAGCCTGGGCTGTATAGCAAGACCTTGCCTCTACTAAAAAAATTTTAAAAAAACAAAAATTAGCCAGATGTGGTGGCATATGCCTGTAGTCTCAGCTACTTGGGAGACTGAGGCAGAAGGATCCCTTGAGCCCAGGAGATGGAGGCTGCAGCGAGCTGATATGGCACCACTGTACTCCAGCCTAGGGGACAGAGAAAGACCCTGCCTCAAAAGTAAAACAAAACAAAAAAAGAA"
"KN294167v1","445232","445504","chr6","36155134","36155412","77","35709902","GGCTGGGTATGGTAACTGATGTCTGTAATGCCAGCCAAAGTGGAAGGAGTTCTCAACCTAGGAGCTCTCAACCAGCCTAAGCAACCTAGTGGGACCCTGTCTCTACAAAAATTTTTTAAAATGTTAGCTAGGCATAATGGCACATCCATTAGTCCCAGCTACTCAAGGGGCTGAAGCAGGGGGATCACTTGAGCCCAGGAGGTCAAGGTTGCAATAAGCTATGATGGTGCCACTGCACTTCATCCTGAGCAACAGGGTGAAACTGTCTCAAAA","GGCAAGGAGCAGTGGCTTATGCCTGTAATCCCAGCACTTTGGGAGGATCACTTGAGCCCAGGAGCTCAAGACCAGGCTGAGCAACATAGTGAGACTTTGTCTCTACAAAAAATTTAAAAATTAGCTGAGCAATGTGGTACATGCCTGAGGTCCCAGCTACTTGGGAGGCTGAGGCAGGAGGATGACTTGAGCCCAGGAGGCAGAGGCTGCAATGAGCTAAGACAGTGCCACAGCACTCCAGCCTGGGCAATGGAGTGAGACCCTGTCTCAAAAACAAAA"
"KN294167v1","508816","509141","chr3","9549197","9549507","74","9040381","GCTGGGCACAGTGGTGCATGCCTACATTCCCTGCTACTTGGGAGGCTGAGGTGGTAGGACTGCTTGAGCCTAGTTCGAGGCCGGCCTGGACAACATAGTGAGACCCCTGTCTTTACGAAAAAATTTAAAAAATTAGCTGGGTGTGGTGGCATGTCACAGGTGCATGCCATCATATCCAGCTAATTTTGGGAGGCTGAGGCAAGTGGATTTCTTGAGCCCAGGAGTTTGAGGCTGCAGTGAGCTATGATCACACCACTGCACTCCAGCCTGGGTGACAGACAGAGTAAGATCCCATCTCTGAAAAAAGAAAGAAAAGAAAAAGAAAA","GGCCAGGCATAGTGGCTCATACCTGCAATCCCGCACTTTGGGAGGCTGAGGTAAGAGAATCACTTGAGCCCAGGAGTTCAAGACCAGCCTGGGCAACATAGTGGGACCCCTGTCTCTACAAAAAATTTAAAAAATTAGCTGGGTGTGACATGCACTATAGTGACATGCACTATAGTCCCAACTACTTGGGAGGCTGAGGCAGGAGGATTACTTGAGCCCAGGAGTTGGAGGCTGCAGTAAGCTCTGATCACACACTGTACTCCAGCCTGGGTGACAGAGTGAGACCTTGTCTAAAAAAAAAAAAAGACAAA"
"KN294167v1","534258","534431","chr11","16978932","16979092","18","16444674","TAGCCAGTGGTGGTGTGCACCTGTAGTCCCAGCTACTGAGAAGATTGAGGCAGGAGTATTGCTCGAGCCAGGAGATGAAGACTGCAGTGAGCTATGATCATGCCACTGCGCTCCAGCCTGGGTGACAGAGCAAGACCCTGTCTCAAAAAAATAAAAATAAAACATAAAAGAAAA","TAGCCAGTGGTGGTGTGCACCTGTAGTCCCAGCTACTCAGAAGGCTGAGGCAGGAGTATTGCTCGAGCCAGGAGATGAAGACTGCAGTGAGCTATATCATGCCACTGCACTCCAGCCTGGGTGACAGAGCAAGACTCTGTCTCAAAAAAATAAAAAGAAAA"
"KN294167v1","534724","534868","chr11","16979389","16979528","14","16444665","GCCGGGCATGGTGGCTTGCACCTGTAATCCCAGTGCTTTGTGAAGCCACAGTGGGAGGATTGCTTGAGCCGAGGAGTTGGAGACCAGCCTGGGCAACGTAGCAAGACCTCATCTCTACTATAAAGAATTTTTAAAAAATTAGCCA","GCCAGGCATGGTGGCTTGCACCTGTAATCCCAAGGCTTTGTGAGGCCACAGTGGGAGGATTGCTTGACCCCAGGAGTTGGAGACCAGCCTTGGCAATGAGACCTCATCTCTACTAAAAAGAATTTTAAAAAAATTAGCCA"
"KN294167v1","573867","573980","chr2B","450015","450132","24","123852","GGCTGGGCGAGGTGACTCTTAAACTTTGGGAGGCTGAGGTAGGAGGATTGCTTGAGCCCATGGGTACTAGACCAGCCTGGGCAACAGAGTCAGACCCCTCTCTACAAATAAATA","GGCTAGGCGTGGTGGCTCCCAGCACTTTGGGAGGCCGAAGCGGGAGGATTGCTTGAGCCCAGGAGTTCAAGATCAGCCTGGGCAACAGAGTGAGACAAGTCTCTACCAAAAATAAAAA"
"KN294169v1","92673","92968","chr10","101215914","101216207","56","101123241","GGCCAGGCACAGTGGCTCACGCCTGTAATCCCAGGACTTTGGGAGCCTGAAATGGGAGGATAGATTGAGCCTAGGAGTTCAAGACCAGCCTGGGCAACATGTCAAAACCGCAGCTCTACAAAAATTAGCTGGGCATGGCGGTGTGAGCCTGCAGTCCCAGTTACTTGGGAGGCTGAGGTTGGAGGATCACTTGAGTCAAGGAGTTTGAGGCTGCAGTGAGCCACGTCTATACCACTGCACTCCAGCCTGGGTGACAGAGCAAGACCTTGTCTCAACAACAACAAAAAAAAAAAAAA","GGCCAGGTACAGTGGCGCACGCCTGTAATCCCAGCACTTTGGGAGGCTGAGGTGGGAGGATCCTTTGAGCCCAGGAGTTTGAGTCCAGCCTGTGCAACGTAGTGAGACCTCATCCCTACAAAAAATTAGCCAGGTGTGGTGGCGCATGCCTGTAGTCCCAGCTATTCAGGAGGCTGAGGTAGGAGGATTGCTTGAGCCCAGAAGTTTGAGGCTGCAGTGAGCCATGATTATGCCACTACACTTCAGCCTGGGTGCACAGCAAGACCCTATCTCAAAAAAAAAAAAAAAAAAAAA"
"KN294170v1","5893","6191","chr15","34152804","34153089","38","34146911","GCTGGGTGCAGTGGCTCACATCTGTAATCCCAGCACTTTGAGAGGTTGAGGCAGAGGATCGTTTGAGCCCAGGAGTTCGAGACCAGCCTGGGTGACATAGGGAGACCCCATTCCTACAAGAAAGAAAAAGAAGAATATTAACCAGGCATGGTGGCACATGGTGGCACATGGTCCCAGCTACTTGGGAAGCTGAGGTAGGAGGATTGCTTGGGCCCAGGAGGTCAAGGCTGCAGTGAGCTATGACTGCATCACTGCACTGTGGCCTGAGCAAGACACTGTCTTAAAAAAAAAAAAAAAAA","GGGTACAGTGGCTTATATCTGTAATCCCAGCACTTTGAGAGCGTGAGGCAGGAGGATCGTTTGAGCCCAGGAGTTCGAGACCAGCCTGGGTGACACAAGGAGACCCCATCTCTACAAAAAAGAAAAAGAAAAATATTAGCCAGGCGTGGTGGCACATGCCTGTGGTCCCAGCTACTTGGGAAGCTGAGGTAGGAGGATTGCTTGGGCCCAGGAGGTCAAGGCTGCAGTAAGCTGTGATTGCATCACTGCACTGCAGCCTGAGAAAGACACGGTCTTAAAAAAAAAA"
"KN294170v1","29498","29657","chr15","34176015","34176174","11","34146517","TAGCTTGGTGTCATGGCATGTGCGTATGGTCACAGCTACTTGGGAGGCTGAGGCTAGAGAATCACTTGAGCCTAGGAAGTCGAGGCTACAGTGATCTGTGAGCTATGATGGCACCACTGCACTCCAGTCTGGGCTACAGAGTGAAACCTTGTCTCTAAAA","TTAGCCTGGTGTCATGGCATGTGCATATGGTCACAGCTACTTGGGAGGCTGAGGCTGGAGGATCACTTGAGCCTGGGAAGTCGAGGCTACAGTCAGCTATGAGCTATGATGGCACTACTGCACTCCAGTCTGGGCTACAGAGTGAAACCTTGTCTCTAAA"
"KN294170v1","29963","30096","chr15","34176465","34176599","13","34146502","GGCTGGGCGTGGTGGCTCATGCCTATAATCCCAACACTTGAGGAGGATGAGGCGGGAGGACTGCTTGAGCCCAGAGTTTGAGACCAGCATGGACAACATAGGAAGACCTTATCTCTATAAAAAATTTAAAATTA","GGCTGGGCATGGTGGCTGACGCCTAAAATCCCAACACTTGAGGAGGCTGAGGCGGGAGGATTGCTTGAGCCCAGGAGTTCGAGACCAACGTGGACAACATAGGGAGACCTTATCTCTATAAAAAATTAAAAATTT"
"KN294170v1","41952","42230","chr15","34182048","34182323","24","34140096","GGCTGGGTGCCATCGCTCATGCCTGTAATCTCAGCACTTTGGGAGGCCAAAGCAGGAGGATTGCTTGAACTTAGGAGTATGAGACCAGCCTGGGCAAGATGGCAAGACCTCAAAAACGTAAAAAATTAGCCAGGCATGATGGCACGCGCCTATGGTCCAGTTACTTAGGAAGCAGAGGCAAGAGGATCACTTGAGCCCATGAGGTCAAGGCTGCAGTAAGCCATGTTCACGCCACTGCACTCCAGCCTGGATTACAGAGCTGTCTCCAAAAAACAAAAA","GGCCGGTGCCATGGCTTATGCCTGTAATCTCAGCACTTTGGGAGGCCAAGGCGGGAGGATTGCTAGAGCTTAGGATTTTGAGACCAGCCTGGGCAAGATGGCAAGACCTCAAAAACTTAAAAAATTAGTCAGACATGATGGCATGCACCTGTGGTCCAGTTACTTAGGAATCGGAAGCAAGAGGATCACTTGAGCCCATGAGGTCGAGGCTGCAGTAAGCCATGTTCATGCCACTGCACTCCAGCCTGGACTACAGAGCTGTCTCCAAAAACAAAA"
"KN294170v1","67690","67933","chr10","14233452","14233707","53","14165762","GGTTGGGCACAGTGGCTCACGCTGGTAATCCCAGCACTTTGGGAGACCAAGGCAGGAGGATTACTTGAGCCCAGGAGTTTGAGACCAGCCTGGGCAGCATAGCGAGACCCCATCTCTACAAAAAATAAAATAAAAAATTAGCTCGGAATGGTAGTATGCACCTAAAGCCTAAGGTGAAAGATAACTTAAGCTCAGGAGGTCAAGGCTGCAGTGAGCTGTGATGGCACCACTGCACTCCAACCTG","GCTGGGCATAGTGGCTCATGCCTGTAATCCCAGCACTTTGGGAGGCCAAGGCAGGAGGATCACTTGAGCCCGGGAGTTCGAGGCCACCCTGGGCAACATAGGAGGACCCCATCTCTACAAAAAATAAAAAATTAGCTGGGCACGGTGGTATGCGCCTGTAATTCCAACACTTAGAGAGGCTGAGGTAGGAGAATGACTTGAGCCCAGGAGGTCAAGGCTACAGTAAGCTGTGATTTCACCACTGTACTCCAGCCTG"
"KN294170v1","99406","99730","chr15","34239206","34239515","39","34139800","GCCAGGCACAGTGGCTCACGCCTGTAAGTCCAGCATTTAGGAGACTGAGATTGGAGGATCACTTTAGCCCAGGTGTTCAAGACCAGCCTGGGCAACAGAGTGAGACCCCTGTCTCTATTTTTAAAAAAAAAAAAATTTCTTTTTTTTAAATTAGCCAGGTGTGGTGGCACTTGCGTATAGTCCCAGCTACTCAGGGGCTGAAGCGGGAAAATCGCTTGAGTCCAGGAGTTCCAGTTGCACTGAGCTATGATTGTGCCACTGTAGTTAGCCTGGGCAACAGAGTAAGACCTTGTCTCAAAAAAAAAAAGAAAAGAAAAGAAAGAAA","GGCCAGGTACAGTGGCTCACGCCTGTAAGCCCAGCACTTAGGAGACCAAGATTGGAGGATCACTTTAGCCCGGGAGTTCAAGACCAGCCTGGGCAACAGAGTGAGACCCCTGTCTCTATTTTAAAAAAAATTGTTTTTAATTAGCCAGGTGTGGTGGCGCTTGCCTATAGTCCCAGCTACTCAGGGACTGAAGCAGGAGAATCACTTGAGCCCAGGAGTCCGAGCTGCATTGAGCTACGATTGTGCCACTGTATTTAGCCTGGGCAACAAAGTAAGACCTTGTCTCAAAAAAAAAAAAAAAAAAAAAAAA"
"KN294170v1","165677","165944","chr15","34308876","34309132","31","34143199","GCCAGTTACGCTGGCACACACCTATAATCACAGCACTTTGGAAGGCCAACATGAGAGAATCGCTTAAGCCCAGGAGTTCAAGACCAGCCTAGGCGATATAACAAGACCCCATCCCTCCAAAAAATAAGCCAGGCATGATCACTTGTGTCTGTAATCCCAGCTACTAGGGAGGCTGAGGCAGGAGGATTGCCTGAATTTGAGATTACACTGAGCTATGAACACCACTGCACTCCAGGCTGGGTGACAGAGCAAGACCTTATTTTAAAAA","GGCACACACCTATAGTCATAGCACTTTGGGTGGCCAACGTGAGAAAACTGCTTGAGCCCAGGAGTTCAAGACCAGCTTAGGCAATATAACAAGACCCCATCCCTCCAAAAAATAAGCCAGGCATGATAACTTGTGTCTGTAATCCCAGCTACTAGAGAGGTTGAGGCAGGAGGATTGCCTGAATTTGAGGTAACAGTGAGCTATGAACACCACTGCACTCCAGCCTGGGTGACAGAGCAAGACCTTATTTTAAAAAA"
"KN294170v1","171777","172076","chr15","34314370","34314671","30","34142593","GCTAGGCACAATGGTTCATGCCTGTAATTCCAACGCTTTGGGACGCCGAGGTGGGTGGACTTCTTGGACCCAGGAGTTTGAAACCAGCCTGGGCAACATAGTCAGACCCTACCTCTCAAAAACAAACAAACAAACAACAACAACAACAACAAAAAGGCAGAGTGGTACTCCCAGCTCATCAGGGGGCTGAGGTGGGAGGATCACTCGAGCCCAAGAGTTGAGGCTGCAGGGAGCCGTGACTGTGCCACTGCAGTCCAGCCTGTTCAACAGAGTAGTCCTGTCTTGAAAAAGAAAAAAAAA","GCTAGGCACAATCGTTCATGCCTGTAATTCCAACACTTTGGGACGCCAAGATGGGAGGACTTCTTGGGCCCAGGAGTTTGAAACCAACCTGGGCAACACAGTCAGACCCTATCTCTTAAAAACAAACAAAAAAACAACAACAACAAAACAGGCAGAGTGGTACTCCCAGCTCATCAGGAGGCTGAGGTGGGAGGATCACTTGAGCCCAAGAGTTGAGGCTGCAGGGAGCCATGACTGTGCCACTGCAATCCAGCCTGGTGAACAGAGTAGCCCTGTCTTGAAAAAGAAAAAAATTTAAAAAA"
"KN294170v1","253754","253896","chr11","13284222","13284361","31","13030468","GAGGGTGAGGCAGATTGCTTTGAGCTCAGGAGTTCGAGACCAACCTATCCAACATGGCAAAACCCCGTCTCTACAAAAAACACAAAATTAGCCAGGTGTGGTGGCACACACCTTTAGTCCCAGCTACTCAGGAGGCTGAGGCA","CCCAGCCTGGCAGATCACTTGAGCCCAGGAGTTCGAGACCAGCCTTTGGCAACGTGGCAAAGCCTCATCTCTACAAAAAATACAAAAATTAGCTGGGTGTGGTGGCACATGCCTGTGGTCCCAGCTACTCAGGAGGCTGA"
"KN294170v1","259672","259965","chr9","68347232","68347519","83","68087560","GGCCAGGCATGGTGGCTCACACCTGTAATCCTAGCACTTTGGGAAGCTGACGCGGGTAGATTGTTTAAGCCCAGGGGAGTGAGACAAAACCTGGGCAACACAGTAAGACTTTGTCTCTAGTGGTGCATGCCCATGATCCCAGGTACTTGGGAGGCTGAGGTAGAATGTTCAGTTGAGCCTGGGAGGTTGGGACTGCAGTGAGACATGATTATGCCACTGTACTGCAGCCTGGGTGACAGAATGAGACTTTGTTTAAAAAACAAAAAGCCCCCCCCAAAAAAAAAAAACCAAAAA","GACCAGGCATGGTGGCTCACACCTGTAATCCCTGCACACTGGGAGCCTGAGGCAGTGGACTGCTTGAGCCCAGGAGTTCGAGACCAGCCTGGGCAACCCAGGGAGACCCTAGGTGCATGCATGATGGTGCACACCGGTGGTCCCAGCGACTTGGGAGCCTGAGGTGGGAGGATCGCTTGGGCCCAGGAGGTTGATGCTGCAGTGTGCCATGATTGCACCACTGAACTACAGCCTGGGAGATAGAGTGAGACCCTGTCTCCAAAAACAAAACAAACAAAAACAAACAAA"
"KN294172v1","4980684","4980982","chr9","32864978","32865281","56","27884294","GGCTAGGTACAGTGGCTCACGCCTGTAATCCCAGCATTTTGGGAAGCCAAGGCAGGAGGATTGCTTAAGCCCAGGAATTTGAGACTAGCCTGGGCAACAAGGCGAGACCCTGTCTCTACAAATAATAAAAAACTTTCACTGGGCATGGTGGTGTGTGCCTGTAGTCCCAGCTACTGGGGAGGCTAAGGCAGGAAGATTGCTGGAACCCAGGAAGTCAAGGCTGCAGTGAGCCATGTTCGTGCCACTGCATTCCAGCCTGGGTGACAGAGACTGTGTCTCAGAAAATAAATTTTAAAAAA","GGCTGGGTGCAGTGGCTCATGCCTATAATCCCAGCACTTTGGGAGGCCAAGGCAGGAGGACTGCTTGATCCCAGGAGTTTGAGACCAGCCTGGGCAGCATAGTGAGACCGTGTCTCTACAAAAAAAAAAACTTACCCAGGCATGATGGCTCATGCGTGTAGTCCCAGCTACTCAGGAGGCTGAGGCAGCAGGATTGCTGGAGCCCAGCAGGTTGAGGCTGCAGTGAGCCATGATCATGCCACTACACTCCAGCCTGGGTGACAGGGTGAGACCCTGTCTCAAAAAAATAAAAATAAAATGAAAA"
"KN294172v1","6553579","6553697","chr1","32305628","32305746","12","25752049","GGCTGGGCATGGTGGCTCATGCCTGTAATCCCAACACTTTTGGAGGCCAAAACAGGAGGATCACTTGAGCTCAGGAGTTCGAGACCAGCCTGGGCAACATGGCGAGACTCTGTCTCTAC","GGCTGGGCATGGTGGCTCATGCCTGTAATCCCAACACTTTGGGAGGCCAAGGCAGGAAGATCACTTGAGCCCAGGAGTTCAAGACCAACCTGGGCAACAAAGTGAGGCCCTGTCTCTAC"
"KN294172v1","232735","233050","chr22","30464209","30464520","38","30231474","GGCCAGGCGCGGCGGCTCACGCCTGAAAGCCCAGTGCTTTGTGAGGCTGAGGCAGGAGGATCTCTTGAGCCTAGGAGTTCAAGACCAGCCTGGGCAACACAGGGAGACCCCTATCTCTAGAAAAAAATGTTTAAAGAATTTGGTGAGCGTGCCGGCACAATCCTGTAGTCCCAGATACTCAGGAGGCTGAGGCAGGAGGATCGCTTGAACCCAGGAATTCCAGGTGGCAGTGCGCTGTGATTGCACCACTGCACTCCAGTCTGGGCGACAGAGTAAGACCTTGCCTCAAATTTTAAAAAAAGAACACCAAAAGGAA","GGCCAGGTGTGGTGGATCACGCCTATAAGCCCAGTGCTTTGTGAGGCTGAGGCAGGAGGATCTCTGAAGCCTAGGAGTTCAAGACCAGCCTGGGCAACATAGGGAGACCCGTATCTGTAGAAAAAATTGTTTAAAAAATCTGGTGAGCATGGTGGCACAATCCTGTAGTCCCACATACTCAGGAAGCTGAGGCAGGAGGATTGCTTGAGCCCAGGAATTCCAGGTTGCAGTGAGCTATGATCACACCACTGCACTCCAGCCAGGCAACAAAGTAAGACCTTGTCTCAAATTTTAAAAAAAAGAAAACAAAAA"
"KN294172v1","316751","317035","chr22","30378821","30379106","21","30062070","GGCCGAGCATAGTAGCTCACCCTGGTAATGTCAATGCTTTGGGAGGCTGAGGTGGGAAGACTCCTTGAACCTAGGAGTTTGAGACCAGCCTGGCAACACAGCAAGACCCCAGATCTATGAAAACACTTTCAAAAAATTAGCCAGGCATGGTGACGTGCGCCTGTAGTCCCAGCTACTTGGGAGGCTGAGGCAGAAGCATTGCTTGAGTTCAGGAGTTCAAAGCTGCAGTGAACCGTGATCATGCCATTGCACTCTGGCCTGGGTGACAGAACAAGACCTCATCTC","GGCTGAGCATAGTAGCTCACCCTGGTAATGTCAATGCTTTGGGAGGCTGAGGTGGGAGGATTCTTTGAGCCTAGGAGTTTGAGACCAGCCTGGGCAACACAGCAAGACCCCAGCTCTATGAAAAAATTTTCAAAAAATCAGCCAGGCACAGTGACATGTGCCTGTAGTCTCAGCTACTTGCGAGGCTGAGGCAGAAGCATTGCTTGAGCTCAGGAGTTCAAAGCTGCAGTGAACCGTGATTGTGCCACTGCGCTCTGGCCTGGGTGACAGAACAAGACCTCATCTC"
"KN294172v1","419553","419824","chr22","30268057","30268340","45","29848504","GTGGCTCACGCCTGAAAGCCCAGTACTCTGGGAGTCCAATGCAGGAGAATCGCTGAGCCCAGGAGTTCAAGACCAACCTGGACAATAAAGCAAGACCCCACCTCTACAAAAAATAAAAGATAAATTAGCCAGCTGTGGTGGTGTACACCTGTAGTCTCAGCTTCTCAGAAGGCTGAGGCAGGAGGGTCGCTTGAGCCACGAGTTCAAGGCTGCAATGAGCTACAACTGCACCACTGCACTCCAGCCTGGGCAACAGATCGAGACCCTGTCTC","GGCCAGCCTCAGTGGCTCACACCTGAAATCCCAGTACTCTGGGAGTCCAATGCAGGAGAGTCACTTGAGCCCAGGAGTTCAAGACCAGGCCAGACAACACGGCAAGACCCCGCCTCTACGAAAAATAAAAGATAAGTTAGCCAGGCAGGATGGTGTGCACCTGTAGTCCCAGCTTCTCAGAAGGCTGAGGCAGGAGAGTCGCTTGAGACCAGGAGTTCAAGGCTGCAGTGAGCTATGATCGAACCACTGCACTCCAGCCTGGGCAACAGAATCAAGACCCTGTC"
"KN294172v1","474707","474842","chr3","162570700","162570830","20","162095993","GCCGGGTGCAGCGGCTCATGCCTGTAATCCCAGCACTTTGGGAGGCCGACATGGCAGATTGCTTGAGCCCAGGAGTTCATAACTAGCCTGGGCAACATGGCAAAACCCCATCTCTACAAAAATGTGCAAAAACTAG","GGCCAGGTGCAGTGACTCATGCCTGTAATCCCAGCACTTTGGAAGGCCGAGATGGAGGATTGCTTGAGCCCAGGAGTTCAAGACCAGCCTGGGCAACATGGCAAAATCCCCATCTCTACAAAAAATAAAAA"
"KN294172v1","601605","601725","chr1","32957402","32957525","20","32355797","GGCCAGGCAAGGTGGCTCATGCCTGTAATCCTAGCATTTTGAGAGGCTAAGGAAGGCAGACTGAGCCCAGAAGTTCAAGACCAGCCTGGGCAACATAGCGAGACCCTGTCTCTTTTAAAAA","GGCCTGGCACATTGGCTCATGCCTGTAATCCTAGCACTTTGGGAGGCAGAGGCAGGCAGATTGCCTGAACCCAGGAGTTCAAGACCAGCCTGGGTAACATAGCAAGACCCTGTCTCTACAAAAA"
"KN294172v1","819112","819389","chr5","9750035","9750310","54","8930923","GCCTGTAATCTCAGCACTTTGGGAGGTCAAGGTGGGTGGATCGCTTGAGCCCAGGAGTTTGAGACCAGCCTGGGCAACATGGCAAGACCCTGTCTCTACAAAAAAAAGTACAAAAAATTGGTCTTGTATGGTGGCATGTACCTGTAGTCCCAGCTACCTGGGAGGCTGAGGTGGGAGGATTACTTGAGCTCAGGAGACAAGGGTTGCAGTGAGCTGAGGTCGTGCCACTGCACTCCAGCCTGGGCGACGGAGGAAGACCCTGTCTCAGGAAAAAAAAA","TAATCCCAGAACTTTTGGAGGTTGAGGTGGGTGGATTGCTTGAGCTCAGGAGTTTGAGACCAGCCTGGGCAACATGACAAAACCCTGTCTCCACAAAAGAAAAAGTACAAAATATGTAGCTGGGCATGGTGGCGCACACCTGTAGTCTCAGCTACTCAGGAGGGTGAGGTGGGAGGATCGCTTGAGCCCAGGAGGCCAAGGCTATAGTGAGCTATGATTGCAGCACTGCACTCCAGCCTGGGCGACAGAGCAAGACCCTGTCTCCAAAAAAAAAAA"
"KN294172v1","827853","828136","chr22","29869980","29870265","21","29042127","GCTGGGCATGGTGGCATGTGCCTGTGGTCCCAGCTACTTGGGAAGCTGAGGCAGGAGGATGGCTTGAGCCCAGGAGTTCAAGACCAACCTGGGCAACATGGCAAGACCATATCTCTACACAAAATAAAAACATTAGCCAGGCATGGTGGCACATGCCTGTAGTCCCTGCGACTTGGGAGTTTGAGGCAGGAGGATGCCTTGAGGCCAGGAGTTCAAGGCTGCAGCGAGCCATGATTGCGCCACTGCACTCCAGCCTAGGCAACAGGGGAGACTCTCTAAAAAAA","GCTGGGCATGGTGGCATGTGCCTGTGGTCCCAGGTACTTGGGAAGCTGAGATGGGAGGATGGCTTGAGCCCAGGAGTTCAAGACCAACCTGGGCAACATGGCAAGACCACATCTCTACAAAAAATAAAAACATTATCTAGCCATGGTGGCACATGCCTATAGTCCCCGCGACTTGGGAGGTTGAGGCAGAAGGATGCCTCGAGGCCAGGAGTTCAAGGCTGCAGCGAGCCATGATCGTGCCACTGCACTCCAGCCTAGGCGACAAAGCGAGACTCTCTAAAAAAAA"
"KN294172v1","878895","879174","chr22","29823009","29823287","24","28944114","GCCAGGCACGGTGGCTTATGCCTGTAATCCTAACACTTTGGAAGGCTGAGGCAGGAGGATTGTTTGAGCTCAGAAGTTTTAGGCCAGCCTGGGTAACAAAGCGAGACTCCGACTCTACAACAAAAATAAAAAAATTGGCCCTGCATGATGATGTGCGCCTGTAATCCTAGGTACTTGAGAGGTTGAGGTAGAAGGTCTGCTTGATCCTAGGAGGCAGAGGTTGCAAGCAGCCGAGATTGTGCCACTGTCTCCAGCCTGGGCAACAGAGCAAGACCCTGTC","GCCAGGCACGGTGGCTCACACCTGTAATCCTAACACTTGGAAGGCTGAGGCAGGAGGATTGTTTGAGCTCAGAAGTTTTAGACCAGCCTGGGTAGCATAGCGAGACTCCAACTCTACAAAAAAATCAAAAACTTAGCCCTGCATGGTGATGTGTGCCTGTAATCCCAGGTACTTGAAAGGCTGAGGTAGGAGGACTGCTTGATCCTAGGAGGCAGAGGTTGCAAGGAGCTGAAATTGTGCCACTGTACTCCAGCCTGGGCAACATAGCAAGACCCTGTC"
"KN294172v1","880349","880658","chr22","29821551","29821852","33","28941202","GGCCAGACATAGTAACTCCCTCCTGTAATCCCAGCACTTTGGGAAGCTGAGGGGGGTAGGATGACCTGAGCTCAGGAGTTCGAGAACAGCCTGGGAAACATAGTGAGACCCTGTCTGTACAGAAATTTAAAAAATTAGCCAGGCATCATGGTTCATGCCTGTAGTCCTAGCTGCTCAGAAGGCTGAGGCAGGAGGCTTGCTTGAGCCTGCGATTTTGAGGCTTCAGTGAGCCATGATCACACTACTGTACTCTAGCCTGGGCAACAGAGCGAGACCCTGTCTCAAAACAAACAGACAAACACACAAAAAA","CCAGACATAGTAACTCACTCCTGTAATCCCAGCACTTTGGGAAGCCGAGGTGGGAGGATCACCTGAGCTCAGGAGTTTGAGAACAGCCTGGGAAACATAGTGAGACCCTGTCTCTACAAAAATTTAAAAAATTATCCAGGCATCATGGTTCGTGCCTGTAGTCCTAGCTACTCAGGAGGCTGAGGTAGGAGGATTGCTTGAGCCTGGGAGTTCGAGGCTGCAGTGAACCATGATCACACTAAAGCACTCTAGCCTGGGCAACAGAGCAAGACCCTGTATCAAAAAAACAATCAAACAAAAAA"
"KN294172v1","902972","903276","chr22","29801642","29801952","28","28898670","GGCCGGGTGCAATGGTTCATGGCTGTAGTCCCAGCCCTATGGGAGGCTGAGGCAGGAGGATGGCTTGAGCCCAGGAGTTTGAGACAGGCCTGAACAACATAGCAAGACCCCGTCTCTGCAAAAAATACAAAAATTAGTCAGGCATGGTGGCGTGTGCCTGTGGTCCTAGCTGCTTGGGAGGCTGAGGTGGGAGGATCGCCAGAGCCCAGGGAGGTCGAGGCTGCATCAGGCCATTATCACGCACCTGTGCTCTAGCCTAGGTGACACAGTGAGATTCTGTCTCAAAAATAAGTAAATAAATAAAA","GGCCGGGTGCAGTGGTTCATGGCTTAGTCCCAGCACTACGGGAGGCCGAGGCAGGAGGATGGCTTGAGCTCAGGAGTTTGAGACAGGTCTGAACAACATAGCAAGACCCCGTCTCTGCAAAAAATACAAAAATGAGTCAGGCCTGGTGGCGTGTGCCTGTGGTCCTAGCTGCTTGGGAGGCTGAGGTGGGAGGATCACCTGAGCCCAGGGAGGTCGAGGCTGCAATAGGCCGTGATCATGCAGCTGTGCTCTAGCCTAGGTGACACAGCGAGACCCTGTCTCAAAAATAAATAAATAAATAAAATTAAAAA"
"KN294172v1","1016195","1016277","chr17","1104847","1104929","15","88652","GGGCGTGGTGGTTCACTCCTGTAATTCCAACACTTTAAGAAGCCAAGGCAGGAGGATTGCTTGAGCTCAAGAGCTCAAGACCA","GGGCGCGGTGGCTCACGCCTATAATCCCAGCGCTATGAGAGGCCGAGGCAGGAGGATTGCTTGAGCCCAGGAGTTCCAGACCA"
"KN294172v1","1016538","1016610","chrX","128860957","128861019","19","127844419","GCTGGAGACCAGCCTGGACAACTTAGTGAGAACTCGTCTTTACAAAAGATGTAAACATTAGCCCTGTTGGTGG","GCTCGAGACCAGCCTGGACAACATAGTGAGACCTCATCTCTACAAAAAATAAAAATATTGGCC"
"KN294172v1","1021921","1022051","chr22","29672084","29672222","16","28650163","GGCCAGATGCAGTAGCTCATGCCCGTAATCCCAGCACTTTGGGAGACTACAATGGGCGGATCACTTGAGCTCAGGACTTCCAGACCGGCCTGGGCAACATTAGTGTGATACCTTGTCTCCACAAAATAATA","GGCCAGATGCAGTAGATCTTGCCTGTAATCCCAGCACTTTGGGAGACTGAGGTGGGCGGATCACTTGAGCTCAGGACTTCCAGACCAGCCTGGGCAACATTAGTGTGATACCTTGTCTCCACAAAATAATAATAATAAT"
"KN294172v1","1042442","1042737","chr22","29650650","29650936","27","28608208","GGCTGGGTGCGGTGGCTCACGCCTATGATCCCAGCACTTTGGGAGGCTGAGGCAGGTAGATCGCTTGAACTGAGGAATTTGAGACCAGTCTGGGCAATACAGGGAGACCCTGTCTCTACAAAAACGAACCAACAAACAAAAATTAGCCAGACATGGTGGTGTGCACCTGTGGGCCCAGCTACTTGAGAGACTGAGCCGGGAGGATTGCTTGAGCCCAGGAGGTAGAGGTTGCAGTGAGCCATGATCTCAACCACAGCACTCCAGCCTGGGTGACAGAGAAAGACCCTATCTACAAA","GGCTGGGCGCAGTGGCTCACGCCTGTAATCCCAGCACTTTGGGAAGCTGAGGCAGGCAGATCGCTTGAGCTGAGTTTGAGACCAGTATGGGCAACATAGGGAGACCCTGTCGCTACAAAAATGAACCAACAAACAAAAATTAGCCAGGCATGGTGGTGTGCACCTGTGGTCCCAGCTACTCGAGAGACTGAGGCGGGAGGATTGCTTAAGCCCAGGAGGTAGAGGTTGCAGTGAGCCATGATCGCACCACAGCACTCCAGCCTGGGTGACAGAGAAAGACCCTATCT"
"KN294172v1","1111538","1111732","chr10","36250219","36250410","45","35138681","GGCTGGGCACGGTTGCTCACACCTATAGTCCCGACGCTTTGGGAAGCCGAGACGGGCGGATCCCTTAAGCCCAGAAATTTGAGACCAGTCCGGGCAACATGGCAAAACCCTGTCTCTACAAAAAGAAAAAAAAGGGCCAGGCGCGGTGGCTCAAGCCTGTAATCCCAGCACTTTGGGAGGCCGAGACGGGCGGAT","GGCCGGGCGTGGTGGCTCACACCTGTAATCCCAGCACTTTGGGAAGCTGAGGCAGGTGGATTGCTTGAGCTCAGAGTTTGATACCAGCCTGGGCAACATGGTGAAACCCCGTCTCTACAAAATATACAAAAATTAGTCAGGTGTGGTGGCACATGCCTGTAATCCCAGCTACTTGGGAGGCTGAAGCACGAG"
"KN294172v1","1195362","1195510","chr3","199878997","199879149","28","198683635","GACTGGGCACAGTGGCTCATGTCTGGAATCCCAGCACTTTGGGAGGCTGAGGTAGGAGTATTGCGTGGGCCCAGGAGTTCAAGGCCAGACTAGGCAACATGGTGAAACCTGTCTCTACTCAAAATAGAAAGATTAGCTGGATGGAGTGG","GGCCGGGCATGGTGGCTCATGCCTGTAATCCCAGCACTTTGGGAGGCTGAGGCGGGCGGATTGCTTGAGCCCAGGAGTTCAAGACCAGCCTGGGCAACATGGTGAAAACCCATCTCTATTAAAAATACAAAAATTAGCTGGGTGTGGTGGCGC"
"KN294172v1","1307593","1307735","chr5","125817551","125817687","22","124509958","GGCCGGGCGTGGTGACTCACATCTGTAATCCCAGCACTTTGGGAGGCCAAGGTGGGCAGACTGCTTGAGCTCAGGAGTTCAAGACCAGCCTGGGCAACATAGCAAAATCCCACTGCTACAAAAAAAAAATATAAAAATTCGCC","GACCGGGCGTGGTGGCTCCCGTCTGTAATCCCAGCACTTTGGGAGGCCAAGGCGGGCAGATTCCTTGAGCCCAGGAGTTCGGGACCAGCCTGGGCAACATGGCAAAACCTCATCTCTACCAAAAAAATATAAAAATT"
"KN294172v1","1308039","1308189","chr15","43179733","43179887","34","41871694","TTCGCCAGGCATGGTGACACATCTGTAGTACCAGCTACTTGGGTGGCTGAGGCAGGAGGATCACTTGAGCACAGGACTACAGTGGGCTGCATGCCACTGCACTTCAGCCTGGGTGACAAAAGTGAGACCCTGTCTCAAAAATAAAATAAAA","TTAGCCAGGCATGGTGGTGCACACCTGTAGTCCCAGCTACTTGGGAGACTGAGGCAGGAGAATCACCTGAGTCCAGGATGGAGGCTGCAGTGAGCTGACTGCACTGCTGCACTCCAGCCTGGGTGACAGAGCAAGACCCTGTCTCAAAAAAAAAA"
"KN294172v1","1327235","1327541","chr22","29299889","29300190","22","27972654","GACTGGGAACAGTGGCTCATGCCCATAATCCCAATACTTTGGGGCGCCAAGGTGTGGGAGGATTGCTTAAGCCCAGGAGTTGGAGACCAGCCTGGGCAACATAAGGAGACTCCATCTGTACAAAAAAACAAAGAATTAGCTGGGCGTGGTGGTGTGCGCCTGTGGTCCTAGCTACTGGGGAGGCTGAGGTGGGAGGCTTGCCTAAGCCCAGAAGGTTGAGGCTGCAGTGAGCTGTGATTGCGCTACTGCACTCCAGCCTCGGGAAGAGTGAGACCCTGTCTCAAAAACAAAACAAAACAAAACAAAA","GACTGGGAACAGTGGCTCATGCCCGTAATCCCAATACTTTGGGACGCCAAGGCGTGGGAGGATTGCTTAAGCCCAGGAGTTGGAGACCAGCCTGGGCAACATAAGGAGACTCCATCTGTACAAAAAAAACAAAGAATTAGCTGGGTGTGGTGGTGTGTGCCTGTGGTCCTAGCCACTGGTGAGGCTGAGATGGGAGGCTTGCCTAAGCCCAGAAGATTGAGGCTGCAGTGAGTTGTGATTGCGCTACTGCATTCCAGCCTGGGGAAGAGTGAGATCCTGTCTCCAAAAAAAAAAAGAAAAAA"
"KN294172v1","1376897","1377195","chr22","29251653","29251960","36","27874756","GGCCAGACACAGTGGTTCATGCCTATAATTCCAGTGCTTTGAGAGGCAGAAGCCAGGAGTTCAAGAATCTGCCTAACATAGCAAAACCCTGTATCTACAAAAAAAAAAAAAAAAAACACTTGTTTTAATTAGCTAGGCTTGACGGTCTGTGCCTCGTAGTCCCAGCTACTCAGGAGCCTGAGGCAGGACTGCTTGAACCCAGGAGTTCAAGGCTGTAGTGAGTTATTATCACAACACTGTACTCTGGCCTGGGTGACACAGCAAGACCTTGCCTCTAAAAAACATGAAAAGAAAAGAAA","GGCCAGGCGCAGTGGTTCATATGCCTATAATTCCAGTGCTTTGAGAGGCAGAAGCCAGGAGAGTTCAAGACCTGCCTAACGTAACAAGACCCTATCTCTACAAAACAAAAAAACAAAAAAAAAACTTGTTTTAATTAGCTGGGCTTGATGGTCTGTGCCTCGTAGTCCCAGCTACTTGGGAGCCTGATGCAGAAGGACTGCTTGAACCCAGGAGTTCAAGGCTATGGTGAGCTATGATCACAACACTGCACTCAGGCCTGGGTGACACAGTGAGACCTTGTCTCTAAGAAAACATGAAAAGAAAAGAA"
"KN294172v1","1380314","1380436","chr17","30178490","30178608","17","28798176","GTCAGGCACAGTGGCTCACACCTGTAATCTCAACACTATGGGAGGCTGAGGTGGAAGATCACTTGAGCCCAGGAGTTCAAGACCAGCCTGGGAAACATAGTGAAACCTAATCTTTACAAAAAA","GGGCACAGTGGCTCACACCTATAATCCCAGCACTTTGGGAGGCTGAGGTGAGAAGATCACTTGAGCCCAGGAGTTCGAGACCCCTGGGCAATATAGTGAGACCTTATCTCTATAAAAAA"
"KN294172v1","1652788","1652875","chr2A","75163990","75164066","25","73511202","TCCTGCATCATGATCATGCCACTGCACTCCAGCCTGAGTGACACAGCGAGACCCTATCTCTACAAAATTAAAATTAAAAATAAATAAA","CTTCAGTGAGCTGATCATGCCCCTGCACTCCAACCTGGGTGACAGAGTGAGACCCTCAAAAAAAAAAAAAAAAGAAA"
"KN294172v1","1654288","1654498","chr5","35874359","35874558","49","34220071","GGCTAGGCACAGTGGATCATGCCTGTAATCCCAGCCCTTTGGGAAGCTGAGGCAAGAGGATCACTTGAGCCCAGGAGTTCAAGACCAGCCTGGGCAACACAGTGTGACCTCATCTCTACAAAAACTTTAAAAATTAGCCAGGTGTGGTAGCATGCGCCTGTAGACAGGAGAATAGACTAAGCCCAGGAGTGACACTGTCGTGAACTATGAT","GGCCAGGCACCGTGGCTCACGCCTGTAATCCCAGCACTTTGGGAGGCTGAGGCAGGCGGATCACTTGAGCCCAGGAGTTTGAGACCAGCCTGGACAACATAGTGAAACCCCATCTCTACAAAAAATACAAACATTAGCTGGGTATGGTGGCGTGCTCCTGTAGTCCCAGCTACTTAGGAGGCTGAGGCAGGAGAATCGCT"
"KN294172v1","1743243","1743382","chr22","28873700","28873843","22","27130457","GACTGGGTGCAGTGGCTCATGCCTGTAATCCCAGCACTTTGGGGGGCTGAGGTGGGAGGATCACTAGAGCCTAAGAGTTCAAGACCAGCCTAGGTACCATGGTGAGACTGTCTCCATGAAAAATAATTAATTAAAAATTA","GGCTGGATGCGGTGGCTCATGCCTGTAATCCCAGCACTTTGGGAGGCTGAGGTGGGAGGATCACTTGAGCCCAGGAGTTCAAGACCAGCCTGGACTGGTGGAGACATGGTGAGACTCTGTCTCCATGAAAAATAATTAAAAATT"
"KN294172v1","1746182","1746491","chr9","70282281","70282590","52","68536099","GACTGGGTACAGTGGCTCACACCTATAATCCCAGCACTTTGGGAGGCCAAGGCTGGCAAATTGCTTGAGCTCAGGAGTTCAAGACCAGCCTCAGCAACATAACGAAACTGCGTCTCTACAAAAAATACAAAAATTAGCTGGGCGTGGTGGTGCACACCTGTGGTCCCAGCTACTTGGGAGGCTGAGATGGAAGGATCACTTGAGCCCAGGAGTCAGAGGTTGCAGTAAGCCAAGATCGCGCCACTTCACTCCAGTCTGTGTGACAGGGCGAGACCCTGTCTCAAAAAAAAAAAAAAAAAAAAAAAAAAAA","GGCCTGGGCGTGGTGGCTCATGCCTGTAATCTCAGCACTTTCGGAGGCTGAGGTGGGAGGATTGCTTGAGCTCAGGAGTTCAAGACCATCCTGGGCAACACAGCGAAACTCCGTCTCTACAAAAAATACAAAAATTAGCTGGGTGTGGTGGTGTGCGCCTGTAGTTCCAGCTACTTGGGGGACCGAGACAGGAAAATCACTTGAGCCCAGGAGGTAGAGGTTGCACTGAGCCAAGATTGCACCACTGCACTCCAGCCTGTGGAACAGAACAAAACTCTGTCTCAAAAAAAAAAAAAAAAAAAAAAAAAAA"
"KN294172v1","1783348","1783472","chr8","29189140","29189262","15","27405792","GGCTGGGTCCAGTGGCTCACGCCTGTAATCCCAGCACTTTGGAAAGCCGAGGTGGGAGGATCACTTGAGCTCAGGAGTTTGAGACCAGCTAGGGCAGCATAGTGAGACTCCCTTCTCTACTAAAA","GGCTGGGTGCAGTGGCTCATGCCTAGAATCCCAGCACTTTGGGAGGCCGAGGTGGGAGGATCACTTGAGTCCAGGAGTTTGAGATCAGCTTGGGCAACATAGTGAGACCCTGTCTCTATAAAA"
"KN294172v1","1787925","1788179","chr11","68255320","68255579","50","66467395","GGCAGGAGGATCATTTGAGCCCAGGAGTTCAAGACCAGCCTGGGCAACATAGTGAGACCTCATCTCTATAAAAATAAAAGATTAGCTGGGTGTGGTGGCGCGTGCCTGTAATCCCACCTACTGAGGAGGCTGAGGCAGGAAGATTGCTTGAGCCCTGGAGTTCAAGGCTACAGTGAACTGTGATAGTGCCACTGCACTCCAGCCTGGATGGCAAAGCAAGACCCTGTCTCAAAATAAAATAATAAAATAAAATAA","AGGCAAGAGGATTGCTTGAGCCCAGGGCTTTAAGATCAGCCTGGGCAACATACCAAGACCCCATCTCTACAAAAAATAAAAAATAGCTAGGTGTGGTGGCTTGCACCTGTAGTCCCAGCTACTCAGGAGGCTGAGGTAGGAGGATCACTTGAGCCCAGGAGTTCAAGTCTGCAGTGAGCTATGATTGTGCCACTGTACTCCAGCTTGGGTAACATAGTGAGACCCTGTCTCAAAAAGTAAAAAAATAAAAAAAAAAAAAA"
"KN294172v1","1799202","1799338","chr22","28824628","28824764","10","27025426","GACTGGGCACAGTATCTCATGCCTGTAATTCCAGCACTTTAGAAGGCAGAGCCAAGAGGATCACTTGAACCCAGGAGTTTGAGACCAGCCTGGGCAACATAGTGAGATCTTGTTTCTATTTTTAAAAAATAATAAAT","GGCTGGCCACAGTGTCTCATGCCTGTAATCCCAAAACTTCGGGAGGCAGAGCCAAGAGGATCACTTGAACCCAGGAGTTTGAGACCAGCCTGGGCAACATAGTGAGACCTTGTTTCTATTTTTAAAAAATAATAAAT"
"KN294172v1","1799352","1799660","chr22","28824316","28824614","29","27024964","GGCCAAGCACAGTGGCTCACACCTGTAATCTTAGCACTTTGGGAGGCCAAGGTGGATGGATTGCTTGAGCCCAGGAGTTCAAGACCAGCCTCACCAACATAGCAAGCCACCATCTTTAGCAAAAAAAAGATACGAAAATTAGCTGGGCATGGTGGTGTGCACTTGTAGTCCCAGCTAGTTGGAAGGCTGAGGTGGGGGGATCGCTTGAGCCCAGGAGGTTGAAGCTACAGTGAGTTGAGATTGCACCACTGCACTCCAGCCTGGGCAACAAAGTGAGACCCCGTCTAAAAAAAAAAAAAAAAAAAAAAA","GGCCAAGCACAGTGGCTCACACCTGTAATCCTAGCACTTTGGGAGGCCAAGGTGCATGCATTGCTTGAGCCCAGGAGTTCAAGACCAGCCTCACCAACATAGCAAGCCACCGTCTTTACCAAAAAAAGATACAAAAATTAGCTGGGCATGGTGGTGTGCACCTGTGGTCCCAGCTAGTTGGAAGGCTGAGGTGGGGGGATCGGTTGAGCCCAGGAAGTTGAAGCTACAGTGAGCTGAGATCATACCACTGCACTCCAGCCTGGACAACAGAGCGAGACCCTGTCTAAAAAAAATAAAAA"
"KN294172v1","1833102","1833394","chr22","28790143","28790430","21","26957041","GGCCAAGCCCAGTGGCTCATGCTTGTAATTCCAGCACTGTGGGAGGCCAAGGCGAGCTGATTGCTTGAGCTCAGGAGTTTGAGACCAGCCTGGGCAACATAGTGAGACCTCATCTCTACAAAAAATACAAAAATTAGCCAGGTGTGGTGGCGTGTGCCAATAGTCCCAGCCACTCAGGAGGCTGAGGTGGGAGGATCACTTGAGACTGGGGAGGTCAAGGTTGCAGTGATTGTGCCACTGCACTCCAGCCTAGGTGACAGAGTGGGACCCTGTCTCAAATAAAAAAAAAAAGA","GGCCAGGCCCAGTGGCTCATGCTTGTAATCCCAGCACTTTGGGAGGCCAAGGCAAGCGGATTGCTTGAGCTCAGGAGTTTGAGACCAGCCTGGGCAACATAGTGAGACCTCATCTCTACAAAAAATACAAAAATTAGCCAGGTGTGGTGGCGTGCGCCTATAGTCCCAGCCACTTAGGAGGCTGAGGTGGGAGGATCACTTGAGCCTGGTGAGGTCAAAGTTGCAGTGATTGTGCTACTGGACTCCAGCCTAGGTGGCAGAGTGGGACCCTGTCTCAAATAAGAGAAA"
"KN294172v1","1867613","1867864","chr22","28756619","28756866","24","26889006","GGCTGGGCAAGGTAGCTCATGCCTGTAATTGCAACACTTTGGAAGGCTGAGGTGGGAAGCTTGCTTGAGCCCAGGAGTTAGAGACCAGCCTGGGCAACACAGCAAGATCCTGTCTCTACAAAAAAAGAAAATCTTTTTTTTAATTAGCTGGGCGTGGTAGTGAAAGGAATCGCTTAAGCCCAGGAGTTCCAGGCTGTAGTAAGCTGTGGCCGCACCACTCTACTCCAATCTGGGTGAGAGGACAAGACTGTC","GGCTGGGCAAGGTAGCTCATGCCTGTAATTGCAGCACTTTGGGAGGCTGAGGTGGGAAGATTGCTGAGCTCAGAGTTAGAGACCAGCCTGGGCAACACAGCAAGACCCTGTCTCTAGAAAAAAAAAAATTTTTTTTTAATTAGCTGGGCATGGTGGTGGAAGGAATCGCTTAAGCCCAGGAGATCCAGGCTGTAGTAAGCCGTGGCTGTGCCACTGTACTCCAATCTGGGTGACAGCAAGACCCTGTC"
"KN294172v1","1867874","1868084","chr22","28756400","28756610","12","26888526","TGCAACATAGCAAAACCCTGGCTCTACAAAGAATACAAAATTTAATCAGGCATGATGGCACGCACCTGTAGTCCCAGCTACTTGTTTGGCTGAGGTGGGAGGATGGCTTGATCCCAGGAGGTGAAGGCTCCAGGGAGTGAGCAGTGATCATGCCACTGCACTCCAGCCTGGGTGACAAAGCAAGACCCTATCTCAAAAAAAAAAAAAAAAA","TGCAACATAGCAAAAACCCTGGCTCTACAAAGAATACAAAATTTAGCCAGGCATGATGGCATGCACCTGTAGTCCCAGCTACTTGGGAGGCTGAGGTGGGAGGATGGTTTGATCCCAGGAGGTGGAGGCTCCAGGGAGTGAGCAGTGATCATGCCACTGCACTCCAGCCTGGGTGACAAAGCAAGACCCTATCTCAAAAAACCAAAAAAAA"
"KN294172v1","1868616","1868712","chr22","28755756","28755852","9","26887140","GGCCGGACGCGGTGGCTCACGCCTGTAATCCTAACACTTTGGGAGGCCGAGGCGGTGGATCGCTTGAGCCCAGGAGTTCAAGATCAGCCTGTGCAAC","GGCCGGCCCAGTGGCCCACGCCTGTAATCCTAACACTTTGGGAGGCCGAGGTGGGTGGATCGCTTGAGCCCAGGAGTTTGAGACCAGCCTGTGCAAC"
"KN294172v1","1896762","1896884","chr22","28720466","28720596","13","26823704","GGCCGGGCGTAGTGGCTCACCTGTAATCCCAACACTTTGGGAGACCAAGGCAGGAGGATTGCTTGAGCCCAGGAGTTAGAGACCAGCCTGAGCAACATAATGAGACCTCGTCTCATCAAAAAA","GGCCAGGTGTAGTGGCTCACACCTGTAATCCCAACACTGTGGGAGACCAAGGCAGGAGGATTGCTTGAGCCCAGGAGTTGGAGACCAGCCTGAGCAACATAATGAGACCTCGTCTCGTCAAAAAACAAAAA"
"KN294172v1","1919370","1919560","chr1","152774005","152774196","46","150854635","GGCTGGGTGCGATGACTCCCTCCCGTATCCCAGCACTTGGGACGTCAAGGCAGGAGGATCACTTGAGCCTAGGAGTTTAAGACCAGGGTGGGCAACATAGTGAGACCTTTCCCTATAAAAAAATAAAAATAAAAACGAGCCGGGTGTGGTGGTGCACATCTGTGGTCCCAGCTACTCAGGAGGCTGAAGTA","GCTGGGTGTGGTGGCTTATGTCTCTAATCCCAGCACTTTGGGAGGCCAAGGTGAGAGGATCACTTGAGCCCAGGAGTTCAAGACCAGCCTGGGCTACATAGTGAGACCTCGTCTCTACAAAACAAAAAAACAAACAAAATAGCTGGGCATGGTGGAACACTCCTGTGGTCCCAGCTACCGAAGAGGCTGAGG"
"KN294172v1","1975231","1975532","chr22","28627929","28628220","29","26652698","CCAGTCATGGTGGCTCTTGCTTTTTATTCCAGCACTTTGGAGGTGGAGGCAGTAGGACTGCTTGAGCCCAGGAGTTCGAGACCAGCCTGGGCAACATAAGGAGACCCTCCCCCCGCCGCCGTCTTTACAAATAATTGTAAAAATTAGCCAGGCATGGTGCCACACACATGTAGTCCCAGCTGGGAGCCTGAGGCAGGAGGATCACCTGAGCCTAAGAGGTTGAGGTTGCAGTGAGATGTGATTGTGCCACTGCAGTCTAGTCTGGGTAACAGAGAGCCCATCTCAAAATAAATAAATAAAAA","GCCGGGCATGGTGGCTCATGCCTTTTATTCCAACACTTTGGAGGTGGAGGCAGTAGGACTGCTTGAGCCCAGGAGTTCGAGACCAGCTTGGGCAACATAAGGAGACCCCCGTCTTTACAAATAATTTAAAAAATTAGCCAGGCATGCTGCCACACACCTGTAGTCCCAGCTGGGAGCCTGAGGCAGGAGGATCACCTGAGCCTAGGAGGCGGAGGTTGCAGTGAGATGTGATTGTGCCACTGCAGTCTAGTCTGGGTCACAGAGACCCCATCTTAAAGTAAATAAATAAAAA"
"KN294172v1","1998092","1998372","chr22","28603437","28603731","28","26605345","GGTTGGTCATGGTGGCTCATGCCTATAATCCCAGCACTTTGGGAGGCCAAGGTGGGAGGATTGCTTGAACCCAGGAGTTCAAGGCCAGCCTGGGCAACATAGGGAGACCCCATCTCCATCAAAAAGTAAAAAAATTAGCCAGGCATGGTGGCATGCACCTGTGGCCCCAGCTACTGGGGAATTTGAAGATCACTCGAAGCTGTAGCAAGACATGATTTCTCCACTGCACTCCAGCCTGGGTGACAGAGTGAGACCCTGTCTCAAAAGAAAAAAGAAAAAAA","GGTTGGTCATGGTGGCTCATGCCTATAATCCCAGCACTTTGGGAGGCCAAGGTGGGAGGATTGCTTGAACCCAGGAGTTCAAGGCCAGCCTGGGCAACATAGGGAGACCCCATCTCTACCAAAAAATACAAAAATTAGCCAGGCATGATGGCATGCACCTGTGGTCCCAGCTACTGGGCATGTTGAAGATCACTCGAACCCGGGAGGTCAAAGCTGCAGTGACACATGATTGCTCCACTGCACTCCTGCCTGGGTGACAGAGTGAGACCCTGTCTCAAAAGAAAAAAGAAAAAAA"
"KN294172v1","2002056","2002177","chr22","28599986","28600107","10","26597930","TCCCAGCACTTTTTGAGGCTGACACAGGTGGATCACTTGAGACCAGGAGTTCAGGATGAGGCTTGGCAACAGAGCGAAACCCTGTCTCTGCAAAAAATACAAAAATTAGCCAGGCGTGGTGG","TCCCAGCACTTAGTGAGGCTGACGCAGGTGGATCGCTTGAGACCAGGAGTTCAAGATGAGCCTCGGCGACACAGCGAAACCCTGCCTCTGCAAAAAATACAAAAATTAGCCAGGCGTGGTGG"
"KN294172v1","2013226","2013347","chr9","114310032","114310148","15","112296806","GACTGGGTGAGGTGGGTCACGCCTGTAATCTCAGCACTTTGGGAGGCCGAGGCAGGTGGATTGCTTAAGCCCAGGAGTTTGAGGCCAGCCTGGGCAACATAGTGAGACCCCATCTCTTACAA","GGCTGGGTGCGGTGGCTCATGCCTGTAATCCCAGCACTTTGGGAGGCTGAGGCGGGAGGATTGCTTGAGCCCAGGAGTTTGAGACCAGCCTGGGCAACATAGTGAGACCCATCTCTA"
"KN294172v1","2220812","2220934","chr5","143799196","143799315","29","141578384","GTGGCACACACCTGTAATCCCAGCTACTCAGGAGGGTGAGGCAGGAACATTACTTGGCCCCAAGAGTTTGAAAGAGCCTCGGCAACATAGTGAGATCCTGTCTCACACACACACACACAAAAA","TGGCCACACCTGTAATCCCACCACTCTGGGAGGCTAAGGCGGGAGGAACACTTGAGCCCAGGAGTTCCAGAGCAGCCTGGGCAACACAGTGAGACCCTCATCTCTACAAACACACAAAAA"
"KN294172v1","2240140","2240271","chr10","7275593","7275724","21","5035453","GGCCAGGTGAGGTGGCTCATGCCTATAATCCCAGCACTTTGGGAGGCCAAGGCTGAAGGACAGCTTGAGCTTAGGAATTCAAAACAAGCCTGGGTAACATGGCAAAACCCTGTCTCTACTAAAAAAACAAAA","GGCCGGGTGTGGTGGCTCATGACTGTAATCCCAGCACTTTGGGAGGCCAAGGCAAGCAAATTGCTTGAGCCTAGGAGTTCAAGATCAGCCTGGGTAACATGGCAAGACCTCATCTCTACAAAAAATACAAAA"
"KN294172v1","2244262","2244464","chr9","15089435","15089642","38","12845173","GGCGTGGTGGCTCACGCCTGTAATCCCAGTACTTCCGGAGGCTGAGCTGGGAGGATCGCTTGAGCCTGGAGTTCGAGACCAGCCTGGGCCACAAAGTGAGATCCCCGTCTCTACAAAAAAATACAAAAACTAGCTGGGTGTGGTGATGCGTACCTGTAGTCCCAGCTACTCAGGTGGCTGAAGCAAGAGGATTGCTAGAGCCC","GGCCAGGTGCAGTGGCTCACACCTGTAATCCTAGCACTTTGGGAGGCTGAGGCAGGAGGATTGCTTGAGCCCAGGAGTTCAAGACCAGCCTGGGCAACATAGTGAGACCCCGTCTCTACAAAAAAATTTAAAAATTAGCCAGGTGTGGTGGCACGCACCTATGGTCCCAGCTGCTGCGGAGGCTGAAGCAGGAGGAATGCTTGAGCCC"
"KN294172v1","2276687","2276999","chr5","59104388","59104700","60","56827701","GACCAGGTGCGGTGGCTCATGCCTGTAATCCCAGTGCTTTGGGAGGCTGAGGCGGGAGAAGTGCTTGACCCCAGGAGTTCGAGACCAGCCTGGGTAATGCAGCAAAACCTGTCTCTGCAAGATTAAAAAAAAAAATTAGCCAGATGTAGCGGTGTACACCTGTAGTCTCAGCTACTCAGGAGGCTGAGGTAGGAGGATCGCTTGAGCCCAGGAGGTTGAGACTGCAGTTGAGGTTGGTTGCACCACTGCCCTCCAGCCTGGGTGAAAGAGTGAGACGCTGTCTCAAAAACAGCAAAAAAAAAAAAAAAAAAAA","GGCCAGGTGCCATGGCTCATGCCTGTAATCCTAGCACTTTGGGAGGCCAAGGCAGGAGGACTGCTTAAGCCCAGGAGCTCAAGACTAGCCTGGACAACATGGCAAGATTCCATCTCTACAAAACTTTAAAAAGAAAATTAGCCAGGCATGGTAGTGCACACCTGTAGTCCCAGCTACTCAGGAGGCTGAGGTAGGAGGATTGCTTGGGCCCAGGTGGTCGAGGCTGCAGTGAGCTGAGATGGCATCACTGCACTCCAGCCTGGGTGACAGAGTGAGACCTGTCTCAAAAAAAAAAAAAAAAAAAAAAAGCAAA"
"KN294172v1","2353476","2353726","chr22","28240191","28240454","43","25886715","TGGGTGGCCAAGGTGGTTGGGTTGCTCGATCCCAGGAGTTCAAGACCAGCCTTGGCAACCTAGCAAGACCCTGTCTCTACCAAAAGTCCTAACTGGTCAGGTGTGGTGGCGTGTGCCTGTAGTCCGAGCTACCAGGGAGGCTGCGGTGGGAGGATCACCTGAACCCAGGAGATCAAGGCTGCAGTGAGCCATGATCACACCACTGCGCTGCAGCCTGGGTGACAGAGTAAGACCTGTCTAAAAAAAAAAAA","TGGGAGGCCAAGGTGGTTGGGTTGCTTGATCCCAGGAGTTCGAGACCAACTTTGGCAACATAGAAAGACCCTGTCTCTACCAAAAATACAAACTAGTCAGGTGTGGTGGCGTGTGCCTGTAGTCCTAGCTACCAGGGAGGCTGTGGGAGGATCACCTGAGCCCAGGAGGTCAAGGCTGCAGTGAGTCACGATCACACCACTGCACTTCAGCCTGGCTGGGTAACAGAGCGAGCCCCGGGCTCAAAAAAAAAAAAAAAAAAAAAA"
"KN294172v1","2370571","2370682","chr22","28222140","28222251","10","25851569","GGTCAGATGTGGTGGCTCATGCCTGTAATCCCAGCATTTTGGGAGGCCAAGGCAGGAGGATGGTTTGAGCCTAGGAGTTCAAAACCAGCTTGGGAAACATGGCAAAACCCCA","GGCCAGACGTGGTGGCTCATGCCTGTAATCCCAGCACTGTGGGAGGCCAAGGCAGGAGGACAGTTTGAGCCTAGGAGTTCAAAACCAGCCTGGGCAACGTGGCAAAACCGCA"
"KN294172v1","2370986","2371197","chr22","28221316","28221518","34","25850330","TGCAAAACCTCATTTCTACTATAAAAAAAAAAAAAAAAAAAAGAAAAGAAAAAGAAAACCAAAAAACCAAAACCCAAAAACAAATAAAAAGATTGGCAGGGTGTGGTGGTGCGTGCCTGTGGTCCCAGCTACCGGAATGTGGTGATTGTGCCACTGCACTCCAGCCTGGGCGCAAGAGCAAGCCACTGTCTAAAAAAGCAAAGCAAAGCAAA","TGCAAAACCTCATTTCCACACACACACACACACAAAATAAAAATAAACCCAAAAAACCAAAAACAAAAAACAAATAAAAACATTGGCAGGGTGTGGTGGTGCGTGCCTGTGGTCCCAGCTACCCGGAATGCGGTGATTGTGCCACTGCACTCCAGCCTGGGCAAAAGAGCAAGGCACTGTCTAAAAAAAAAAAAGAAAAGAAA"
"KN294172v1","2379658","2379877","chr11","71863784","71864004","35","69484126","GGCTGGGCGTGGTGGCTCACACCTGTAATCCCAGCACTTTGGAAGGCCAAGGCGTGGGGATTGCTTGAGCCCAGGAGTTTGAGACCAGTCTGGGCAACATGGAGAAACTGTCTTTACTAAAAATCCCAAAAATTAGGCTGGGCGCGGTGGCTCACGCCTATAATCCCAGCACTTTGGGAGGCCAAGGCGTGGGGATTGCTTGAGCCCAGGAGTTTGAGAC","GGCCAGGTGGGGTGGTTCACGCCTGTAATCCCAGCACTTTGGGAGCCAAGGCAGGAGGATCCCTTGAACTCAAGAGTTTGAGACCAGCCTGGGCAACATGGCGTAACCCTGTCTCTACAAAAATCACAAAAAATTAGGCTGGGCGCGGTGGCTCACACCTGTAATTCCAGCACTTTGGGAGGCCAAGGCAGGGGGATCACCTGAGGTCAGGAGTTTGAGAC"
"KN294172v1","2450218","2450505","chr22","28150873","28151181","44","25700655","GGCAGGGCGTGGTGGTGCATGCCTGGAGTCCCAACATTTTGGGAGGCCGAGGCGGGAGGATTGCTTGAGCTCATGAGTTTGGGACCGGCCTGGGCAAATGGCAAGGCCCCATCTCTACAAAAAAATTTAAAAATTAGCCAGGTGTCATGCTGCACACCTGTAGTCCCAGTTACTTGGGAGGTTGAGGCAGGAGGATTGCTTGAGCCCAGAAAGCCAAGGCTGCCGTGAGCCATGACTGCACCAGTGCACTCAGCCTATGTGACAAACTGAGATCCTGTCTCAAAAGAA","GGCGGGGCGTGGTGGTGCATGCCTGGAGTCCCAGCCAGCACTTTGGGAGGCTGAGGCAGGAGGATTGCTTGAGCTCAGGAGTTTGAGACCAACCTAGGCAAATGGCAAGACCTCATCTCTACAAAAAAATTTAAAAAATTAGCTAGGTGTGGTGCTGCACACCTGTAGTCCCAGCTACTCGGGAGGTTGAGGCAGGAGGATTGCTTGAGCCCAGGAAGCCGAGGCTGCAGTGAGCCATGACTGCACCAGTGCACTCAGCCTGTGTGACAGACTGAGACCCTGTCTCAAAAAAAAAAAAAAAAAAAAAAA"
"KN294172v1","2503561","2503862","chr22","28078602","28078898","25","25575041","CCCGGCATGGTGGCTCATGCCTATAGTCCCAGTACTTTGGGAGGTCGAGGAGGGGGGATTGCTTGAGCCCAGGAGTTCGAGACCAGCCTGGGCAACCAAGTGAGACCCTTATCTCTACAAAAAATACCAAAAAAACTGGCCAGGTGTGGTGGTGCACACCTGTAGTCCCAGCTACTGGGCAGGCTGAGGTGGGAGATTCGCTTGAGCCTGGGGAGGGGGGGTGGAGGCTGCAGTGAGCTAAGATCGCGCCACTGCACTCCAGCCTGGGTGACAGAGTGAGACCCCTGTCTCTGAAACCAAAA","CCTGGCATGGTGGCTCATGCCTGTAGTCCCAGTACTTTGGGAGGTCGAGGAGGGGGGGATTGCTTGAGCCCAGGAGTTCGAGACCAGCCTGGGCAACCAAATGAGACCCTTGTCTCTACAAAACATACCAAAAAAAACTAGCCAGGGGTGGTGGCGCACACCTGTAGTCCCAGCTACTCGGGAGGCTGAGGTGGGAAGTTCACTTGAGCCTGGGAGATGGAGGCTGCAGTGAGCTAAGATCACGCCACTGAACTCCAGCCTGGGTGACAGAGTGAGACCCTGTCTCTGAAACCAAAA"
"KN294172v1","2518752","2519075","chrX","44233570","44233887","65","41714818","GGCCAGGCATGGTGGCTCATACCTGTAATCTCAGCACTTTGGGAGGCAGGGGCAGGCAAATAGCTTGAGCCCTGGAGTTCAAGACCAGCCTGGGCAACATAGTGAGACCTCATCTCTACAAAACAAACAGATAAATAAATAAATAAATGTAAATAAATTAGCCAGGCATGGTGGCACCCACCTGTTGTCTCAGCTACCTGGGAGGCTGAGGCAAGAGGATCATTTGAGCACGAGAGGTTGAGGCTGCAGTGAGCTATGATCTTGCCTCTGCACTCCAGCTTGGGTGACAGAGAACCTGTCTCTAAAAAAAAAAAAAAAAAAAAA","GGCCAGGCACAGTGGCTCATGCCTGTAATCCCAGCACTTTGGGAGGCCAAGACAGGAGGATCACTTGAGCCCAGGAGTTCAAGACCAGCCTGAGCAATAAAGTGAGGCCCCATCTCTACAACATAAATAAATAAATAAATAAAAATACAAAAATTAGCCATGCATAGTGGCACACACCTATAGTCCCAGCTTACTTGGGAGGCTGAGGCTGGAGAATCACTTAAACCTGAGAGTTTGAGACTGCAGTGAGCTGTGATCACAACACTACACTCCAGCCTGGGTGACAGAGAAAGATCCTGTCAAAAAAAACAAATAAAA"
"KN294172v1","2849374","2849562","chr8","34731086","34731265","47","31881712","ACAAAAGATCACATCCAAGCCGGGTATGGTGGCATGCACCTGCGGTTCCAGGGACTCGGGATGCAGAAGCAGGTGGATCACCTGAGCCCAGGAGTTCAAGGCTGTAGTCTGCTACAGGTGCGTCTGTGAATGACCACTGCACTCCAGCCTGGGCAACGCAGCAAGACCTTATCTCAAAATTTTAAAAAA","ACAAGGATAATCCAGGCATGGTGGTGTGCACCTATAGTCCCAGCTACTCAGGAGACTGAGGCAGGAGGATCACTTGAGCCCAGGAGTTCAAGGATGTAGTGTGTTATGATTATGCCTGTGAATGGCCTCTGCACTACAGCCTGGGCAACCAAACAAGACCCCATCTCAAAAAAAAAAAAA"
"KN294172v1","2887017","2887149","chr12","68198000","68198133","20","65310983","GCCAGGCATGGCTGCTCCCACCTATAATCACAGCACTTTGGGAGGCTGAGATGGGAGGATCGCTCGAGCCCAGGACTTCCAGATCAGCCTGGGCAACATAGTAAGTCCCTGTCTCTACAAAAATCTAAAATTA","GGCTAGGCATGGTGGCTCACGCTTATAATCACAGCACTTTGGGAGGCTGAGATGGGAGAATTGCTTGAGCCCAGGAGTTCGAGACCAGCCTGGGCAACATAGTGAGACCCTGTCTCTACAAAAAATAATAAAAT"
"KN294172v1","2903436","2903730","chr22","27680065","27680363","32","24776629","GCCTGGCGCAGAGGCTCACACCTGCAATCCTAGCACTTTGGGAGGCTGAAGCGGGAGGATTGTTTGAGTCCAGGAGTTTGAGACTACCCTGGGCAACAAAGTGAGACCCCATCTTTACAAAAAAAAAATTTTAATTAGCCAGGTGTAGCAGTGCACACCTGTTGTCCCAGCTACTCGGGGGTCTGAGGCAGAAGGATTGCTTGAGCCTGGGAGGAAGCTGCAGTGAGCTGTGATGGGGACACTGCACTCCAGCCTGGGTGACAGAGCAAGACCCTGTCTCAAAAAAAAAAAGAAA","GCCTGGGGCAGCGGCTCATACCTGTAATCCTAGCACTTTGGGAAGCTGATGCAGGATGATTGTTTGAGCCCAGGAGTTTGAGACTACCCTGGGCAACAAAATGAGACCCCATCTCTACAAAAAAATTTAAAAATTAGCCAGGTGTGGCAGTGCACACCTGTAGTCCCAGCTACTCAGGAGTCTGAGGCAGGAGGATTGCTTGAGCCTGGGAGGAAGCTGCAGTGAGCTGTGATGGTGACATTGCACTCCAGCCTGGGCAACAGAGCAAGACCCTGTCTCAAAAAAAAAAAAAAAAAAAA"
"KN294172v1","2915624","2915762","chr1","40706193","40706325","25","37790569","GCTGGGCATAGTGGCTCACGCCTGTAATCCCAGAACTTTGGGAGGCTGAGGAGGGAGGACGGTTTGAGCCCAGGAGTTCCAGACCAACCTGGGCTACATAGTGAAATCCCTGTCTCTATTTTTAAAAATGAATATAAAA","GGCCCGGCACAGTGGCTCACGCCTGTAATCCCAGCACTTTGGGAGGCCAAGGTGGGAGGATCGCTTGAGCCCAGGAGTTCAAGACCAGCCTGGACAACATAGTGAGACCTCTTCTCTATTAAAAATAAATAAA"
"KN294172v1","2950137","2950415","chr22","27626501","27626780","21","24676364","GGCCTGGCACAGTAGCTCACATCTGTAATCCCAGCACTTTGGGAGGCTGAGGCAGGAGGGCTGCTTGAGCCCAGGAGTTGGAGACCAGCCTAAGCAACATAGTGAGACCCTGTCTCTACAAAAACTTAGCCAGATACAATGACACACACCTGTAGTTCCAGTTACTCAGGAGGCTGAGGCAGGAGGACACTTGAGCCTAGGATCATCCCACTGCACTCCAGCCTGGGCAACAGAGTGAGACCCGGTCTAAGAAGAAGAAAAAGAAAGAAGAAGAAGAAA","GGCCTGGCACAGTGGTTCACACCTGTACTCCCAGCACATTGGGAGGCCAAGGCAGGAGGACCGCTCGAGCCCAGGAGTTGGAGACCAGCCTAAGCAACATAGTGAGACCCTGTCTCTACAAAAACTTAGCCAGATACAATGGCACATACCTGTAGTTCCAGTTACTCAGGAGGCTGAGGCAGGAGGATCACTTGAGCCTATGACCATTCCACTGCACTCTAGCCTGGGCAACAGAGTGAGACCCTGCCTAAGAAGAAGAAAAAGAAAGAAGAAAGAAGAA"
"KN294172v1","2963537","2963829","chr22","27613159","27613461","30","24649622","GGCCGGGTGTGGTGGCTCATGCCTGTAATCCCAGCACTTTGGGAGGCTGAGGCAGGCGGATTGCTTGAGCCCGAGAGTTCAAGACCAGCCTGAGCAACATGGCGAGACCCTGTCTCTACAACAAATACAAAAATTAGTTGGGTGTGGTGGTGTGCACCTGTAGTCTCAGCTACTTGGGAGGCTGAGGTGGGAAGATCCCTTGAGCTCAGGAGGTCGAGGCTACAGTGAACAATGTTGTGCCACTGCACCCCAGCCTGGGAGACAGAGCAAGATCCTATCTCGAAAACAAACAA","GGCTGGGTGTGGTGGCTCATGCCTGTAATCTCAGCACTTTGGGAGGCTGAGGCAGGTGGATTTCTTGAGCCCAGGAGTTCAAGACCAGCCTGAGCAACATAGCAAGACCCTGTCTCTACAACAAATACAAAAATTAGTTGGGTGTGGTGGTGCACACCTGTAGTCTCAGCTACGTGAGAGGCTGAGGTGGGAAGATCCCTTGAGCTCAGGAGGTCGAAGCCACAGTGAACTGTGATTGTGCCACTGCACCCCAGCCTGGGAGACAGAGCAAAGCCCTATCTCAAAAAACAAAACAAAACAAAA"
"KN294172v1","2980343","2980513","chr16","49287161","49287322","53","46306818","ATGCTTATAATCCCAGTATTTTGGGAGGCCAAGGTAGGAGGATCACTTGAACCCAGGAGTTTGAGACTAGTCTGGGCAATATAGTGAGACCTTATCTCTACAAAACAAAACAAAACAAAACAACAGCAAAAAAGAAAAAACAGCTGAGCATGGTGGCACCTACCTGTAGTC","CCTGTAATCCCAGCACTTTCGGAAGCCAAGGCAGGAGGAGTGCCTCAGCTCAGGAGTTTGAGACCATCCTGGGCAACATGGTGAAGCCCCATTTCCACAAAAAATTAAAAATAAAAATAAATTTAAAAAATAGGCATGCATGATGGCATGTGCCTGTAATCC"
"KN294172v1","2988590","2988900","chr6","119863979","119864283","50","116875389","GGCTGCGCACTGTGGCTCACGCATGTAATCCCAGCACTTTGGGAGGCCGAGGCAGGTGGATCTCCTGAGCCCAGGAGTTTGAGACCAGCCTGGGCAACATAGCGAGAACCCATCTCTACAAAAAATACAAAAATTAGCTGGGCATGGGGGTATATGCCTGTAGTCCCAACTACTCCAGAGGCTGAGGCATGAGGATCAATTGAGCCCCAGGAGGTTGAGACTGCAGTGAGCCAGGATTGTGCCACTGCACTCCAGCCTGGGCTACAGTGAGACCCTGTCTCAAAAATAAAATAAAAATAAAAATAAATAAA","GGCTGGGCATGGTGGCTCACACCTTAATCCCAGCACTTTAGGAGCCCAAGGCGGGTGGATTGCTTGAGCTTAGGAGATCGAGCCAGCCTGGGCAACATAGTGAGACCCTGTCTCTACAAAAATTACAAAGAATTAGCTGGGCGTGGTGGTATATGGCTGTAGTCCCAGCTACTCAGGAGGCTGAGGTCAGAGGATCACTTGAGCCCGGGAGGTCGAGGCTGCAGTAAGCCATGATCGTGTCACTACACTCCAGCCTGGGCAAGAGTGGGACCCTGTCTCAAAAAAAAAAAAAAAAAAAAAAAAAA"
"KN294172v1","3007469","3007624","chr14","74922123","74922270","38","71914654","GGTCAGGTACATGTGGCACCCACCTTCATCCCAGTACTTAGGGAGGCTGAAGCAGGAAGATCACTCAAGCCCTGGAGTTCGAGAACAACCTGGGCAACACAGCAAGACTCCATCTCTATGAAAAATATTTTTAAAAAATCAGTCGCAGGCATGATG","GGTCAGGCACAATGACTCACACCTGAAATCCCAGCACTTTGGGAGGCTGAAGCAGGAGGATTGCTTGAGCCCAGGAGTTCAAGACCAGGCTGGGAAACATAGTAAGATCCATCTCTATTTCAATTTAAAAAAATAAGCCAGGCATGGT"
"KN294172v1","3009919","3010032","chrX","16933641","16933756","22","13923722","GCCGGGCATGGTACCCTGCACGTGTAATCTCAGCACTTTGGGAGTTCAAGACAGTAGGATTGCTTGAGCCCAGGAGTTTGAGAACAGCCTAGGCAATATAGCAACACCCTGTCT","GGCCAGGCATGGTGGCTCACACCTGTAATGACAGCACTTTGGGAGGCCAAGGCAGGAGGATTGCTTGAGCCCAGGAGTTTGAGACCAGCCTGGGCAACATAGTGAGACCCTGTTTC"
"KN294172v1","3010106","3010236","chr7","69300725","69300850","37","66290619","GAGGGAGGGAGGCTGAGGCAGGAGGATGGCTTAAGTCCAAAAGGTTGAAGCTGCAGTGAGCTGTGATTGCACCACTGCACTCCAGCCTGGGCTACAGAGTGAAACCCTGTCTCAAAAATAAATAAATAAAA","GTCAGAAAACGAGATGGGAGGATCGCTTGAGCCCAGGGTGTTGAGGCTGCAGTGAATTGTAATCGCACCACTGCACTCCCACCTGGGTGACAGAGCGAGACCCTGTGGAAAAAAAAAAAAAAAGAA"
"KN294172v1","3058864","3058930","chr22","27547789","27547855","1","24488925","ATCACTTGAGCCTAGGAGTTTGAGACCAGCCTGGGCAATATAGGACACTTCATCTCTACTAAAAATA","ATCACTTGAGCCTAGGAGTTTGAGACCAGCCTGGGCAATATAGGAGACTTCATCTCTACTAAAAATA"
"KN294172v1","3061440","3061569","chr22","27545420","27545548","14","24483980","GCCAGGCACAGTAGCTCGTGTCTGTAATCCTAGCACTTGCACTCTGGGAGGCCCAGGTGGGAGGATCACTTGAGCCCAGGAGTTTGAGACCAGCCTGGGCAACATAGTGAGATCCTGCTTCTATTAAAAA","GGCTAGGCACAGTAGCTCATGTCTGTACCTAGCACTGGCACTTTGAGAGGCCAAGGCAGGAGGATCACTTGAGCCCAGGAGTTTGAGACCAGCCTGGGCGACATAGTGAGACCCTGTTTCTATTAAAAA"
"KN294172v1","3234720","3235017","chr6","5780179","5780469","56","2545459","GACCAGGCATGGTGGCTCATGCCTGTTAATCCCAGCACTTTGGGAGGTTGAGGCAGGAGGATTGCTTGAGCCCAGGGGTTCCAGACCAAACTGGGTAACATAGTAAGACCTTGTCTCTACTAGAAATAAATACAAACAATTAGCCAGGCATAGTGGTACATGCCTAGAGTCCCAGCTACTTGGGAGGCTGAGGTGGGAGGATGACTTGAGCCCTCGAGGTCAAGGCTTCAGTGAGTCATGATTGTGCCACAGCACTCCAGCCTGGGTGACAGAGTAAGACCCTGTCTGAATAAATAAA","GGGTGCAGTGGCTCACACCTGTAATCCCAGCACTTTGTGAGGCCGAGGTGGGAGGATGACTTGAGCCCAGGAGTTTGAGACTAGCCTGGGTAACATAGTAAGACCTCATATCTACAAAAAAATACAAAAATTAGCCAGGCATGGTGGTGCGTGCCTTGTAGTCCCAGCTACTTAGAAGGCTGAGGTGGGAGGATTGCTTGAGCACAGGTGGCAGAGGCTGCAGTGACTCAAGATCATGCCACTGCACTCCAGCCTGGGTGACAGAGTGAGACCCTGTCTCAAAATAAAAAA"
"KN294172v1","3300321","3300618","chr22","27233698","27233999","16","23933377","GCTAGGCACAGTGGCTTACACATGTAATCCCAGCACTTTGAGAGACCGAGGCAGGAAGCCAGGAGTTCAAGACCAGCATGGGCAACAAAGCAGAACCTGTCTCTACAAAAGATTAAAAAAAAAAAATTAACCAGGCACAGTAGCATGTACCTGTGGTCCAAGCTACTAGGGAGGCTGAGGCAGGAGAACTGCTTGAACCCAGGAGTTCAAAGCTGCAGTGAGCTATGATCATACCATTGCACTCCAGCCTGGGTGACAGAGCAAGACCCTGTCTCTAAAAATAAAATAAAGTAAGAAA","GCTGGGCACAGTGGCTTACACATGTAATCCCCCAGCACTTTGAGAGACCGAGGCAGGAAGCCAGGAGTTCAAGACCAGCATGGGCGACAAAGCAGAACGTGTCTCTACAAAAGATTAAAAAAAAAAAAAATAGCCAGGCACAGTAGCATGTACTTGTGGTCCAAGCTACTCGGGAGGCTGAGGCAGGAGAACTGCTTGAGCCCAGGAGTTCAAGGCTGCAGTGAGCTATGATCATGCCATTGCGCTCCAGCCTGGGTGACAGAGCAAGACCCTGTCTCTAAAAAATAAAATAAAATAAGAAA"
"KN294172v1","3396116","3396250","chr22","27126239","27126373","15","23730123","GCCAGGGACCGTGGCTCACACCTGTAATCTCAGCACTTTGGGAGGCTGAGGTGGGAGGATCACTGGAGCCCAGGAGTTTGAGACCAGCCTGGGCAACATGGCAAGACTTCATCTCTACCAAAAAAAATTCAAAAA","GGCCAGGGACAGTGGCTCATGCCTGTAATCCCAGCACTTTGGGAGGCTGAGGTCGGAGGATCGCTTGAGCCCAGGAGTCTAAGACCAGCCTGGGCAACGTAGCAAGACTTCGCCTCTACCAAAAAAATTCAAAAA"
"KN294172v1","3500741","3500936","chr19","6114123","6114321","56","2613382","TCCCACCCCCCAAAAATACAAAAATTAGCTGATTGTGGTGGCTTGTGCCTGTGGTCCTAGTTAGTTGAGATGCTGAAGCAGGAGGACCACCTAAGCTGGGAGTTCGAGGCTGCAGTGAACCGTGAACCAGTGTTCTCCAGCCTGGGCAATAGAGTAAGACCCTATCTTGAAAAAACTAAAAATAAAAAAATAAAAA","ACCCATCTGTATAAAAATTTAAAAATTAGCTGTGTTTGGTGGCATGCACCTGTGGTCCCAGCTACTTTGAAGGCTGGGGCAGGAGGATCACTTAAGCCCAGGAGGTCAAGGCTGCAGTGAGCTATGATGGCACCACTCCATCCCAGGCTGGGCAATAGAGTGAGACTGTGTCTCTAAAACAGGTAAAATAAAAATAAAA"
"KN294172v1","3501300","3501411","chr22","27028205","27028316","10","23526905","GGCTGGGTTTGGTGGCTCATGCCTGTAATCTCAGCACTTTGGAAAGCTGAGGTGGGTAGACTGCTTGAGCCCAGGAGTTTGAGACCAGCCTGGGCAACATGGCAAAACTCTG","GGCTGGGTGCGGTGGCTCATGCCTGTAATCACAGAACTTTGGGAAGCTGAGGCGGGTGGATTGCTTGAGCCCAGGAGTTCAAGACCAGCCTGGGCAACATGGCAAAACTCTG"
"KN294172v1","3711899","3712147","chr22","26817501","26817779","39","23105602","CTTTGAGAGGTCGAGGTGGGCAGATCACCTGAACCCAGGAGTTCCAGAGGCCTGGGCAATATAGCGAGACCCTGTCTCTACAAAAAAACCCAAAAGTGAGCCAGTAGCAGTGGAATGTGCCTATGGTCCCAGCTATTCTGGAGGCTGAGGTGGGAGGATTACCTGAGTTCCAGAGGTTAAGGCTGCACTGAGCCATACTGCAATCCAGCCTGGGTGACAGAGTGAGACTCTCTCAAAAGAAAACCAAAA","GTGGTGGGTCAAGCCTGTAATCCCAGCACTTTTGGAGGTTGAGGTGGGCAGATCACCTGAGCCCAGGAGTTCCAGAGGCCTGGGCAATATAGCAAGACCCTGTCTCTACAAAAAAACCCAAAAGTTAGCCAGTAGCAGTGGAATGTGCCTATGGTCCCAGCTATTCTCGAGGCTGAGGTGGGAGGATCACCTGAGTTCCAGAGGTTAAGGCTGCACTGAGCCATACTGTACTCCAGCCTGGGTGACAGAGTAAGACTCTGTCTCAAAAGAAAACCAAAA"
"KN294172v1","3837230","3837359","chr22","26695660","26695794","12","22858430","GGCCAGGTGCAGTGGCTCACACCTATAATCCCAGCACTTTGGGAGGCCAAGGCAGGAGGATTGCATGTGTCCAGGAGTTCGAGACCAGCTTGGGCAACGTGGCGAGACCATCTCTACAAAAAATGAAAAA","GGTCAGGTGCAGTGGCTCACACGTATAATCCCAGCACTTTGGGAAGCCAAAGCAGGAGGATTGCATGTGTCCAGGAGTTCGAGACCAGCCTGGGCAACATGGCAAGACTCCCCCATCTCTACAAAAAATGAAAAA"
"KN294172v1","3856102","3856399","chr22","26674288","26674599","39","22818186","GGTGGCTCAAGCCAGTAATGCCTGTACTTTGGGAAGCTGAGATGGAAGACTGCCTGAGCCCAGGCGTGTAGGAACAGCCCGGGCAACACACTGAGACCCCGTCTCTACAGAAAAATTAAATAATTCGCGGGGCTTGGTGGCCGTTGCCTGGAATTCCAGCTACTTGGGAGGCTGAGGCAGGAGGATTGCCTGAACCCAGGAATTAGAGGTGGCAGTTAGCTAGGATGATGCCACTGTACTCTAGCCTGGACAAAAGCAAGACCCCATCTTTAAAAAAAAAAAAAAAAAAAGATTAAAA","GGCTGCACATGGTGGCTCAAGCCAGTAATCCCTGCACTTTGGGAAGCTGAGGTGGAGGAGTACCTGAGCCCAGGTGTGTAGGACCGGCCTGGGCAACATAGTGAGACCCCTTCTCTACAGAAAAGTTGAATAATTAGCGGGGCTTGGTAGCAGTTGCCTGGAATCCCAGCTACTCGGGAGGCTGAGGCAGGAGGATTGCCTGAGCCCAGGAATTGGAGGTGGCAGTTAGCTAGGATCATGCCACTGTACTCTAGCCTGGACAAAAGCAAGACCCTATCTTTTTTAAAAAATTAAAAAAAAAAAAGATTAAAA"
"KN294172v1","3886483","3886567","chr9","16129123","16129202","19","12242640","GGCCAGAGCAGGAGGATTGCTTGAGCCCAGGAGTTGGAAACCTGTCTGAGCAACATAGTGCGACCCTGTGTCTACAAAAACAAAA","GGCTAGGGCAGGAGGATTGCTCGAGCCCAGGAATTTGAGACCAGCCTGGCCAACACAATGAGACCCTGTCTCTACCAAAA"
"KN294172v1","3963512","3963624","chr22","26571113","26571226","12","22607601","GGGCACAGTGGCTCATGCCTGTAATCCCAGCACTTTGGGAAGAGTTTGAGACCAGCCTGGGCAATATACTGAGACCCTGTCTCAAAAAAAAAATTAGCTGGGTGGTGGGGTGC","GGCTGGGCACAGTGGCTCATGCCTGCAATCCCAGCACCTTGGGAGGAGTTTGAGACCAGCCTGGGCAGTATGCTGAGACCCTGTCTCAAAAAAATTAGCTGGGTGGTGGGGTGC"
"KN294172v1","3981768","3982001","chr22","26548894","26549151","42","22567126","CTCCAGCTTGCGCAGCATAGTGAGACCCCATCTCTAAAAAAAGAAAAAAAAAAAGCCAGGCATGGTGGCGCGTGCCTGTAATCCCAGCTACTCGGGAGGCTGAGGCAGGAGAATCACTTAAGCCCAGAAGCTGGAGGCTGCAGTGAGCTATGATTACGCCATTGCCTCCAGCCTAGGCCACAGAGTGGGACCCTGTCTCGAGACAGAAAAAAAAAAAAAGAAAAGAAAAAAAAA","CACACACAAAAAAACCCAGCTTGCGCAACATAGTGAGACCCCATCTCCACAAAAAAAAAAAAAAAAAAAAAAAAATTAGCCAAGCATGGTGGCACATGCCTGTAATCCCAGCTACTCAGGAGGCTGAGGCAGGAAGATCACTAAAGCTCAGAAGGTGGAGGCTGCAGCGAGCTATGATTACACCATTGCCTCCAGCCTAGGCCACAGAGTGGGACCCTGTCTCAAGACAGAAAAAAAAAAAAGAAAAGAAAAAAAAAA"
"KN294172v1","3982317","3982411","chr22","26548485","26548579","2","22566168","GGCTGGGAGCAGTTGCTCACACTTGTAATTCCAGCACTTTGGGAAGCCAAGGCAGGAGAATCACTTGAGCTCAGGAGTTCAAAACCAGCTTGGGA","GGCTGGGAGCAGTTGCTCACACTTGTAATTCCAGCACTTTGGGAAGCCAAGGCAGGAGGATCACTTGAGCCCAGGAGTTCAAAACCAGCTTGGGA"
"KN294172v1","4003825","4003914","chr22","26531874","26531964","11","22528049","GCTAAGCATGGTAGCTCATGCCTGTAATCTTGGTACATTGGGAGGTTGAGGTGGCCGAGGATTCGCTTGAGTCCAGGAGTTCGAGATTAG","GGCTAAGCATGGTGGCTTATGCCTGTAATCTCAGCACGTTGGGAGGTTGAGGTGGGAGGATTCGCTTGAGTCCAGGAGTTCGAGATTAGCC"
"KN294172v1","4051450","4051683","chr22","26485256","26485492","21","22433806","GGCCAGGCACAGTGACTCATGTCTATAATCCCAGCACTTGGAGAGGCCGAGGCAGGAGGACTGCTTGAGCCCAGGAGTTCAAGACCAGCCTGGGCAAAACGGCAGGACCTTGTCTCTACTAAAAATAAAAAACACTAGCTTGTCATGGTCATTAGGAGGTCAAGGCTGCATGATCGCACCACGACACTCCAGCCTGGGCAACAGAGAGACCCTGCCTCAAAAAAGAAACAACAA","GGCCACACACAGTAGCTCATGCCTATAATCCCAGCACTTTGAGAGGCCAAGGCAGGAGGACTGCTTGAGTCCAAGAGTTCAAGAACAGCCTGGACAACATGGCAGGACCTTGTCTCTACTAAAAATCAAAAACACTAGCTTGTCATGGTCATTAGGAGGTCAAGGCTGCATGATCACACCACGACACTCCAGCCTGGGCAACAGAGAGAGACCATGCCTTAAAAAAACAAACAACAA"
"KN294172v1","4057747","4057858","chr17","15938039","15938150","19","11880292","GGCAGGGCACGATGGCTTACACCTATAATCCCAGCACTTTGGGAGGCTGAGGCAGGAGAATTGCTTGAGCTCAGGAGTTTGGGCGAGACCGTCTCTACAAAAACAAATAAAA","GGCCGGGTGCAGTGGCTCATACCTGTAATCCCAGCACTTTGGGAGGCTGAGGCAGGAGGATTGCTTGCAGCCAGGAGTTTGGGACCAGACTCTCTACAAAAAATAAAGAAAT"
"KN294172v1","4085189","4085320","chr22","26454371","26454491","25","22369182","GGCCAGGCACAGGGGCTCCCGCCTGTGATCCTGGCACTTTGGGAAGCGGAGGTGGAAAGATTGCTCGAGCCCAGGAGTTACAAGCCAGCCTAAGCAACATGGTGGGACCCTGTCTCTATAAGGAGGACAAAA","GGCCAGGCATAGTGGCTCACGCCTGTAATCCCAGCACTTTGGGAGGTGGAGGTGGAAGGATTGCTTGAGCCCGGGAGTTACAAACCAGCCTGAGCAACATGGTGGGATCCTGTCTCTATAA"
"KN294172v1","4144078","4144255","chr5","58687579","58687757","38","54543501","GGTCAGGTGCAGTATCTCATGCCTGTAATCCCAGCACTTTGGGAGGTCATGTTGGGAGGATTGCTTGAGCCTAGGAGTTTGAAATTAGCCCTGGCAGCATAGTAAGAACCTGTCTCTCCAAAAAATAGAAAAAATTAGCCAGGCGTAGTGGTACATGCCTGTGGTCCCAGCTACTCAG","GGCCAGGCACAGTGGCTCATGCCTGTAATTCCAATATTTTGGGAGGCCAAAGTGGGAGGATCACTTGAGTCTAGGAGTTTGAGACCAGCCTGGGCAACATAGCAAGACTCTGTCTCTACAAAAAATACAAAAATTAGCCAGGCATGGTGGTGCACACCTGTAGTCCCAGCTACTTGGGA"
"KN294172v1","4168606","4168824","chr22","26380061","26380273","20","22211455","CTGAGCAACAGAGCAAGACCCTGTCTCAAATAAATAAACAAACCAAAGTAGCAGGTTAGCTGGGTGTGGTGTTGCATACCTATAGTCCCAGCTGCTTGGGAGGCTAAGGCAGGAGGATCACTGAAACCCAAGAGGATGCAGTGAGCCATGTTCGTACCACTGTACTCTAGCCTAGAAGACAGAGCAAGACCCCATCTCTTAAAAAAAAAAAAAAAAAAA","CCTGGGCAACAGAGCGAGATCCTGTCTCAAATAAATAAACAAACAAAAGTAGCAGATTAGCTGGGCGTGGTGTTGCATACCTATAGTCCCAGCTGCTTGGGAAGCTGAGGCAGAGGATCACTTAAACCCAAGAGGATACAGTGAGCCATGTTCATACCACGTACTCTAGCCTAGAAGAGAGAGCAAGACCCCATCTCTTAAAAAAAAAAAAAA"
"KN294172v1","4202439","4202580","chr22","26346864","26346994","23","22144425","CTGGGCATGGTGGCTCACACCTGTAATCCCAACACTGAGAGGCTGAGGTGGGAGGATTGCTTGAGCTCAGAAGTTCTAGACAAGCTTGGGCAACACAAGACCCTATCTCTAGTAAAAAACAACAAAGAACAAACAAACAAAA","CTGGGCATGGTGGCTCACACCTGTAATCCCAACACTGAGAGGCTGAGGTGGGAGGATTGCATGAGCCCAGGAGTTCTAGACCAGCTTGGGCAACATAACAAGACCCTATCTCTATTTAAAAAAAAAAAAAA"
"KN294172v1","4202885","4203026","chr22","26346397","26346546","19","22143512","GCCAGGCATGGTGGCTACCATCTACTTGGGAGGCTGAGACAGGAGGATTTCTTGAGCAATCCTGGTTGAGGCTGCAGTGAGCTGTGATCACACTACTCTATTCCTAGGTGACGGAGTGAGACCCCGTCTCAAAAAAAAGAAA","GCCCTGCATGGTAGCTACCATCTACTTGGGAGGTTGAGACAGGAGGATTGCTTGAGCAATCCTGGTTGAGGCTGCAATGAGCTGTGATCACACCACTCCATTCCTGGGTGATGGAGTGAGACCCTGTCTCAAAAAAAAAAAAAAAAGAAA"
"KN294172v1","4203614","4203685","chr14","50977568","50977635","18","46773954","GGAGGCCGAGGCGGGAGGACCACTTGAGCTCATGAGTTCAATACCAGCCTGGACAACAAAGTCTACAAAAAA","GGAGGCCCAGGCGGGAAGATCACTTGAGCTCCGGAGTTCGAGTCCAGCCTGGGCAACATAGCGAGACC"
"KN294172v1","4204062","4204190","chr22","26345272","26345409","22","22141210","GGCTAGGTGCAGTGGCTCGTGCCTGTAATCTCAGCCGTTTGGGAAGCTGAGGTGGAGGATCCCTGGAGCCCAGGAGTTCAAGACCACCCTGTGCAACATGGCAAGACCCTCTATTTATAAAAAACAAAA","GGCTAGGTGCAGTGGCTCATGCCTATAATCTCAGCCATTTGGGAGGCTGAAATTACAGGCGTTTGGGAGGATCACTGGAGCCCAGGAGTTCAAGACCACCCTGGGCAACATGGCAGGACCCTCTATTTATAAAAAACA"
"KN294172v1","4245267","4245568","chr11","64182240","64182535","63","59936973","GGCTGGGCACAGTGATACACACCTGTAATCCCAACACTTCAGGAGGCCAAAGTAGGATTGCTTGAGCCCAGGAGTTCCAGACCAGCCTGGAAAACATAGTGGGACCCCCATTTCTATAAAAGATTTAAAAATAAAAAAATTAGCTAGGTGTGATGGTTCACGCCTGTAGTTCCAATTGCTCAGGAGGCTAAGGCAGGAGGATCACTTGAGCCCAAAAGATTGAGGCTGCAGTGAGCCGTGATCACACCACTGTACTCCAACCTGGGCAACAGAGTGAGTCCCTGTCTCAAACAAACAAACAA","GGCTGGGCACAGTGGCTCACACCTGTAATCCTAGCACTTTGGGAGGCTGAGGCTGGAGGATTGTTTGAGCCCAGGAGTTCAAGACCAGCCTGGGCAATATAGTGAGACTCTGTCTCTACAAAAATTAAAAAATAGTTAGCTGGGCATGATGGTGCACACCTGTAGTCCCAGCTACTCAGGAAACTGAGGCAGGAGGATCGCTTGAGCCCAGAAGTTCAAGGCTGCAGTGAGCCATGATTGCACCACTGCATCCAACCTGGGCAACAGATTGAGACCCTGTCTATAGAGAAAAAAAA"
"KN294172v1","4252183","4252479","chr22","26277091","26277381","42","22024908","GGCCAGGTGTGGCAGCTCACACCTGTAATCCTAGCACTTCGGGAGGCTGGGGCGGGAGGATTGCCTGAGCCCAGGAATTTGAAACCAACCTGGACAACATAGCAAGACCCTGCCTCTACCAAAAAAGAAAAAATTCAGCCGGGTGCAATGGCGTGTGCCTGTAATTCCAACTACTTGGGAGGCTGCAGCAGGAGGATCCCTTGAGCCCAGGAGGTCAAGGCTGCAATGAGCTATGATATCAACACTGCACTGCAGCCTGGATGACAGAGCAAGACCCTGTCCCCCCCCAAAAAAAAA","TGGCTCACACCTGTAATCCTAGCACCTTAGGAGGCTGGGGCGGGAGGATTGCCTGAGCCCAGGAGTTTGAAACCAGCCCGGACAACACAGCAAGACCCCGCCTCTACCAAAAAAGAAAAAATTCAGCCGGGTGCAGTGGCATGTGCCTATAATTCCAGCTACTCGGGAAGCTGCAGCAGGAGGATCCCTTGAGCCCAGGAGGTCAAGGCTGCAATGAGCTATGACCTGGACACTGCACTGCAGCCTGGATGACAGAGCAAGACCCTGTCTCAAAAGAAAAAAAAAGAGGAA"
"KN294172v1","4272051","4272343","chr1","45407201","45407492","47","41135150","GGCCAGGCGCGGTGGCTCACACCTGTAATCCAGCACTTTGGAAGGCTGGGGCAGGCGGATCGCTTGAGCCCAGGGGTTCAAGACCAGCCTGGGCAACATAGTGAGACCTTGTCTCTACAAAAAATGCAAACATTAGCTGGGCGTGGTGGCACGTGCCGGTGGTCCCAGCTACATGGGAGGCTGAGGCAGGAGAATCCCTTGAGCTCAGAAAGGCAGAGGTTGCAATGAGCTGTGATTGTGCCATTGCACTCCAGCCTGGGCAACAGAGTGAGACCCTGTCTCAGGAAAAAAAA","GCCAGGTGCGGTGGCTCACACCTGTAATCCCAGCACTTTGGGAGGCTGAGGTGGGAGGACTGCTTGAGTCCAGGAGTTCAAGACCAGCCTGGGCAACATAGTGAGACTTTGCCTCTACAAATAATAAAAAAATTAGCTGGGCATGGTGGCACGTGCCTGTGGTCCCAGCTACTTGGGAGGCCAAGGCAGGAGGATCACTTGAGCCCAGGTAGTCAAGACTGCCGTGAGTTGTGATTGCACCACTGCACTCCAGCCTGGGCAGCAGAGCAAGACCCCGTCTAACAAGGAAAAA"
"KN294172v1","4273012","4273304","chr1","45407201","45407492","47","41134189","GGCCAGGCGCGGTGGCTCACACCTGTAATCCAGCACTTTGGAAGGCTGGGGCAGGCGGATCGCTTGAGCCCAGGGGTTCAAGACCAGCCTGGGCAACATAGTGAGACCTTGTCTCTACAAAAAATGCAAACATTAGCTGGGCGTGGTGGCACGTGCCGGTGGTCCCAGCTACATGGGAGGCTGAGGCAGGAGAATCCCTTGAGCTCAGAAAGGCAGAGGTTGCAATGAGCTGTGATTGTGCCATTGCACTCCAGCCTGGGCAACAGAGTGAGACCCTGTCTCAGGAAAAAAAA","GCCAGGTGCGGTGGCTCACACCTGTAATCCCAGCACTTTGGGAGGCTGAGGTGGGAGGACTGCTTGAGTCCAGGAGTTCAAGACCAGCCTGGGCAACATAGTGAGACTTTGCCTCTACAAATAATAAAAAAATTAGCTGGGCATGGTGGCACGTGCCTGTGGTCCCAGCTACTTGGGAGGCCAAGGCAGGAGGATCACTTGAGCCCAGGTAGTCAAGACTGCCGTGAGTTGTGATTGCACCACTGCACTCCAGCCTGGGCAGCAGAGCAAGACCCCGTCTAACAAGGAAAAA"
"KN294172v1","4281166","4281295","chr8","101010523","101010645","21","96729357","CACAGTGGCTCACAACTGTAATCCCAGCACTTCGGGAATCTGAAGTGGGAGGATCACTTGAGCCCAGGAGTCCAAGACCAGCTTGGGCAACAGAGCGAGACCCCATCTCTATTTTTAAAAAGTAAATAAA","GCAGTGGCTCACACCTGTAATCCCAGCACTTTGGGAGGCCGAGGTGGGAGGATCACTTGAGCCCAGGAGTTGCAGACCAGCCTGGGCAACATAGCGAGACCCCATCTCTACAAAAACTAAAAA"
"KN294172v1","4362192","4362318","chr1","46849984","46850101","27","42487792","GGCCGGGCATGGTGACTCACACCTATAATCTTAGCACTTTGGGAGGCCAAAGCAGGTGGATCCCTTGAGCTCAGGAATTCGAGACCATTCGAGACCAGCCCGGGCAACGTGGCAAAACCCTGTCTCA","GGCCGGGCATGGTGGCTCACACCTGTAATCCTAACACTTTGGGAGGCCAAGGCAGGAGGATCACTTAGGTCTGGGAGTTCGAGACCAGCCTGGGCAATATAGCAAGACCCCATCTCTA"
"KN294172v1","4362361","4362372","chr10","98568174","98568184","3","94205813","TATATAAAAAAT","AAATAAAAATT"
"KN294172v1","4366633","4366789","chr2A","51495461","51495619","31","47128828","GGCCAGGTATGGTGGCTCACCCCTATAACCCAGGCACTTTGAGAGCCCAAAGTGGGCAGATTGCTTGAGCCCAGGAGTTTGAGACCAGCCTGGGCAACATAGGGAGATCGTCTATACTAAAAATAAAAAAAATTAGCCAGGCATGGTGGCCTGTAGT","GGCCAGGCATGGTGGCTCACGCCTATAATTCCAGCACTTTGGGAGGCCAAGGTGGGCAGATTGCTTGAGCTCAGGAGTTTGAGACAAGCCTGGGCAACATGGTGAAACTCCAACTCTATAAAATACAAAAAAATTAGCAGGGCATTGTGGTACACACCT"
"KN294172v1","4368224","4368368","chr22","26179159","26179299","10","21810935","GGCTGGGTGTGATGGTTCACGCCTGTAATCCCAACACTTCAGGAGGCCGAGGCGGGTGGATCAATTGAGTCCAAGAGTTAGAAACCAGCCTGGGCAATATGGCAAAACCCTGTCTCTACAAAAAATACAAAAGAAATCAGCCGAG","GGCTGGGTGTGATGGTTCACGCCTGTAATCCCAACACTTCGGGAGGCCGAGGCTGGTGGATCAATTGAGTCCAAGAGTTAGAAACAAGCCTGGGCAATACGGCAAAACCCCGTCTCTACAAAAAATACAAAAAAATTAGCC"
"KN294172v1","4368369","4368652","chr19","17650068","17650349","63","13281699","CACCTGTAATCCCAGCTACTCGGGAGGGTGAGGCAGGAAGATCACTTGAGCCCAGGAGTTTGAGACCACCTTGGGCAACATAGCAAGATCTGTCTGTTCTTAAAAAGCTATATATATTAGCTGGCATGGTAGCATGAGCCTGTAGTCCCAGCAACTCAGGAGGCTGAGACAGGAGGATCACCTGAGCCCAGGAGATCAAGGCTGTGATGAGCAATGATGCCACTGCACTCCAGGATGAGCAATAGAGTAAGACCCTGTCTAAAAGAAAAGAAAGGAAAGGAAAA","GCCTATAGTCCCAGCTACTCAGGAGGCTGAGGTGGGAGGATCACTTGAGCCCAAGAGTTCAAGACCAGCCTGGGCAACATGGTGAGACTCTGTCTCTACAAAAAGTGTAAAAATTAGCCAGGTGTGGTGGCGTGCACCTGTAGTCCCAGCTACTTGGGAAGCTGAGGCAGGAGAATCGCTTGAGCCCAGGAGTTCAAGGCTGCAGTGAGCTATGATAGCACCACTGCACTCCAGCCTGGGCAACAGAGCAAGATCCTGTCTCAAAACAAAAAAACAAAAAAA"
"KN294172v1","4385681","4385956","chrX","8082470","8082741","61","3696789","CAGCAATTTGGGAGGCGGAGTTGTGAGGATCGCTTGAGCTCAGGAGTTCGTGTCCAGCCTAGGCAATACAGCGAGACCCCATCTCAACAAAAATTCAAGAAAAATTAGCCAGGCGTGATGTCGCATGCCTGTACTCAGCTACTTGTGAGGCTGAGGCAAGAGGATCTCTTGAGCCCAGGAGTTGGAGGCTTCAGGGAGCTATGATCTCACCACTGCACTCCAGCCTGGGCAACAGAGCAAGACCCTGTTTTGAAAAATAATAATAATAAAATAAAA","CACATTGGGAGGCTGAGGTGGGAGGATAGCTTGAACCCAGGAGGTTGAGACCAGCCTAGGCAATATGGTGAGACCCCATCTCTACAAAACGTTAAAAAATTAGCCAGGTGTGGTGGCACATGTCTGTCATCTCAGCTACTCAGGAGGCTGAGGCAGGAGGATCACTTGAGCACAGATCAAGGCTGCAGTGAGCGATGGTCTTACCACTGCATTCCAGCCCAGGCAACAGAGTGAGACCCTGTCTCAAAAAACAAAACAAAACAGAAAACAAA"
"KN294172v1","4392916","4393124","chr10","100848906","100849113","31","96455990","GTGGCTCACGCCTGTAATCCCAGCACTTTGGGAGGCCAAGGTGGAAGGATGGCTTGAACCCAGGAGTTCCAGACCAGCCTGGGAAACATAGTGAAACCCGTCTCTACAAAAAAATACAAAAATGGCCGGGCGCGATGGCTCACGCCTGTAATCCCAGCACTTTGGGAGGCCGAGGCAGGTGGATCACCTGAGGTCGGAAGTTCGAGACT","TGGCTCACCCCTGTAATCCTAGCACTTTGGGAGGCCAAGGTGGGAGGATTGCTTGAGCCCAGGAGTTCAAGACCAGCCTGAGCAACATAGTGAGACCCTGTCTCTATAAAAAATTTAAAAATTGGCCAGGCGTGGTAGCTCACGCCTGTAATCCCAGCACTTTGGGAGGCCAAGGCAGGAGGATCTCTTGACTCAAGGAGTTCAAGAC"
"KN294172v1","4395960","4396110","chr22","26150916","26151066","17","21754956","TCAGCCGGGCGTGTTGGCGCGTGCCTGTACTCAGAATGCTGAGGTAGAAGGATCACTTGTGCCCAAGAGGTTGAGGCTGCAGTGAGCTATGATCACGCCACTACACTATGGTCTGGGTGAGAGACTCTGTCTCAAAAAAGAAAAAAAGAAA","CTTAGCCAGGCATATTGGCACGTGCCTGTACTCAGGACACTGAGGTAGAAGGATCACTTGTGCCCAAGAGGTTGAGGCTGCAGTGAACTATGATCGCGCCACTGCACTACTGTCTGGGTGAGAGACTCTATCTCAGAAAAGAAAAAAGAAA"
"KN294172v1","4396414","4396550","chr22","26150478","26150611","12","21754064","GGCCAGGCACACCAGCTCACACCTGTAATCCCAGCACTTTGAGGAACTGGGACGGGAGGATCACTTGAGCTCAGAAGTTTGTGACCAGCCTGGGCAACATAGCAAGACGTTGTCTCCATTAAAAATACAAAAAATTA","GGCCAAGAACGGCAGTTCACACCTGTAATCCCAGCACTTTGAGGAGCTGGGACGGCAGGATCACTTGAGCTCAGTTTGTGGCCAGCCTGGGCAACATAGCAAGACATTGTCTCCATTAAAAATACAAAAAATTA"
"KN294172v1","4439962","4440128","chr10","85559075","85559244","50","81119113","TGAAAGCAGGAAATTATCTGGGCATGGCAGCGTGAGTCTGTAGTCTCAGCTACTCCAGAGGCTGAAACAGGAAAATCACTTGAGCCCCAAACTGCGATGATGCCGTGAGCCAGGGCCGTGATACTGTCCTCCAGGCTGGGCAACAGAGCAAGACCCTGTCTCAAAAA","AAAAAATAAAATAAGTTAGCTGGGCATGGTGGCATGTGCCTGTAGTCCCAGTCACTCGAGAGGCTGAGGCAGGAGGATCACTTGAGCCCAGGAGTTTGAGGCTGCAGTGAACTATGATTGTGCCACTGTACTCCAGCCTGGGCAAAAGAACAAAACTCTATTAAAAAAAA"
"KN294172v1","4440440","4440572","chr1","136169581","136169710","23","131729141","CTGGGCATGGTGGCTCACACCTGTAATCTCAGCACTTTGGAAGGCTGAAGCAGGACGACGGCTTGAGCCCAGGAGTTCAGGACCAGCCTGGGCAACAAAGTGAGACTCCATCTCTATAAAAATGAAAGCAGAG","CCAGGCAGGGCGGCTCACACCTGTAATCCCAGCACTTTGGGAGGCTGAGGTGGGAAGATCACTTGAGCCCAGGAGTTCAAGACCAGCCTGGGCAACAAAGCGAGATCCCCATCTCTATAAAAAATAAAAA"
"KN294172v1","4516011","4516330","chr22","25993846","25994183","43","21477835","CCGGTTGCAGTGACTCACACCTGTAATCCTAGCACTTTGGGAGGCTAAGGTGGGTGGACTGATTGAGCCCAGGAGTTCGAGACCACCTGGGCAACATAGTGAGACCATGTCTCTATGTAAAAACATCTTATTAATTTAAAAAATTGAAAAATTAGCCTAGTGTGGTGGCAGTGCCTGTAGAATCAGCTACTCAGGAGGCTGAGTCAGGAGGATCACTTGAGCTCAAGAGGTAGAGGCAGCAGTGAGCTATGGTCACACCATTGCATTTCAGCCTAGGCAAAAAACCAAGACCCTGTCTTTAAAAAAAGAAAAAGAAAAAA","GCCAGGTGCAGTGGCTCACACCTGTAATCCTAGCACTTTGGGAGGCTAAGGTGGGTGGATTGATTGAGCCTAGGAGTTCGAGACCAGCCTAGGCGACATAGTGAGACTATGTCTCTATGTAAAAACATTTTATTGATTTAAAATTTTTTGAAAAATTAGCCTAGTGTGGTGGCAGTGCCTGTAGAATCGAATCAGCTACTCAGGAGGCTGAGGCAGGAGGATCACTTGAGCCCAAGAGGTAGAGGCAGCAGTAAGCTGTGATCACACCACTGCACTTCAGCCTAGGCAAAAAACCAAGACACTGCCTCAAAAAAAAAAAAAAAAAAAAAAAAAAAAAA"
"KN294172v1","4551393","4551705","chr22","25993846","25994183","51","21442453","GGCCGGTTGCAGTGACTCACACGTGTAATCCTAGCACTTTGGGAGGCTAAGGCAGGTGGATTGATTGAGCCCAGGAGTTCGAGAACAGCCTGGGCAACACAGTGAGACTATGTCTCTATGTAAAAACATTTTATTGATTTTTTAAAATTTGAAAAATTAGCCTAGTGTGGTGGCAGTGCCTGTAGAATCAGCTACTCAGGAGGCTGAGGCAGGAGGATCACTTGAGCCTAAGAGGTAGAGGCAGCAGTGAGCTGTGATCACACCATTGCACTTCAGCCTAGGCAACAAACCAAGATGCTGTCTCAAAAAAAAA","GCCAGGTGCAGTGGCTCACACCTGTAATCCTAGCACTTTGGGAGGCTAAGGTGGGTGGATTGATTGAGCCTAGGAGTTCGAGACCAGCCTAGGCGACATAGTGAGACTATGTCTCTATGTAAAAACATTTTATTGATTTAAAATTTTTTGAAAAATTAGCCTAGTGTGGTGGCAGTGCCTGTAGAATCGAATCAGCTACTCAGGAGGCTGAGGCAGGAGGATCACTTGAGCCCAAGAGGTAGAGGCAGCAGTAAGCTGTGATCACACCACTGCACTTCAGCCTAGGCAAAAAACCAAGACACTGCCTCAAAAAAAAAAAAAAAAAAAAAAAAAAAAAA"
"KN294172v1","4572608","4572899","chr3","123238597","123238892","59","118665989","GGCCAGGCATGGTGGCTCTTGCCTGTAATCCCAGCAATTTGAGTGGCTGAGGATCACTTAAGCCTAGGAGTTCAAGACTAGCCTGGGCAACATAGCGAGACCCCATCTCCACAAAAATAGAATAAAATTACCTGGGCATGGTGGTGCATACCTGTAGTCCCAGCTACACAGGAGGCTGACACAGGAGGATTGCTTCAGCCCAGAAAGTTGAAGTAGCAGTGAGCTTTGATTGTGCCACTGTGCTCCAGCCTGGGCAACAGAGCAAGACCCTGTCTCAAAAAGAAAAAAAAAA","CCAGGCATGGTGGCTGACACCTGTAATCCCAGCACTTTGGAAGGCTGATGTGGGAGGATCACTTGAGCCTGAGTTCCAGACCAGCCTGGGCAACACAGTGAGACCCCATTTCTATAAATAATAAAAAAAATTAGCTGGGCATGGTGGCACACACCTGTAGTCCCAGCTTCTCAGTAGGCTGAGGCAGGAGGATTACTTAAGCCCAAGAGTTCCAGGCTGCAATGAGGTATGATTGTGCCACTTTACTCTAGCCTGGGCAACAGAGCAAGACCATGTCTCTAACAACAACAGAAAAA"
"KN294172v1","4613857","4614084","chr22","25926096","25926323","22","21312239","GATCTCTTGAGCTCAGGACTAAGACCAGCCTGGGGAATATAGCGAGACCCCATCTCTACTAAATAAATAAATTAGCCAGGCATGATGGCATGCCTGTAGTCATAGCTACTCAGGAGGCTGAGGCAGGAGGATCACTTGAGCCTGGGAGTTCGAAGCTGCAATGAGTTATGATCATGCCACTGCACTCCAGCCTGAGTGACAGAGAGAGACCCTGTCTCAGAAAGCAAA","TTGAGCTCAGGACTTTAAGAGCAGCCTGTGGAATATAGCGAGACCCCATCTCTACTCAATAAATAAATAAATTAGCCAGGCATGATGGCATGCCTGTAGTCCTAGCTACTCAGGAGGCTGAGGCAGGAGGATCACTTGAGCCTGGGAGTTCGAAGCTGCAATGAGTTATGATCATGCCACTGCACTCCATACTGGGTGACAAAGAGAGACCCTCTCTCAAAAAACAAA"
"KN294172v1","4672586","4672875","chr2B","109085854","109086139","54","104413268","GTGGCTCATGCCTGTAATCCCAGCATTTTGGCAGATGCAGGTGGGAGGATCGCTTGAGCCCAGAAGTTTGAGACCAGCCTGAGCAACATGGCGAGACCCTTTCTCTACAAAAAATAAAAATCAGCTGGGCGTGGTGGTGTGCGCTTATAGACCCAGCTACTCTGGAGGCTGAGGTAGGAGGATCGCTTGAGCCCCAGAGATAGAGGCTGAAGTGAGCTATGATGGTGCCACTGCTCTCCAGCCTAGGTGACACAGCAATACCCTAGCTCTTAAAAAAAACAAAAAAAAAA","CTCATGCCTGTAATCCCAGCACTTTGGGAAACCAAGATGGGAGGATTGTTTGAGCACAGGAGTTTGAGACCAGCCTGAGCAACATAGCAAGACCCCATCTCTACAAAAATTTTTAAAAATTGGCTTGGCGTGATGGTGCGTGCCTGTAGTCCCAGCTACTGGGGAGGCTGAGGCAGGAGGATCGCTTGAGCCCAAGAGGTCAAGGCTGCAGTGAGCCATGATTGTGCCGCTGCACTCCAGCCTGGGTGATAGAGTGAGACCCTGTCTCAAAAAAAAAAAAAAAAAA"
"KN294172v1","4790593","4790705","chr7","105307406","105307524","31","100516813","GTGGGGGCTCATGCCTGTAATTCCATCTATTCAGAAGGCTGAGGTGGGAGGATTGTTGAGGCGAGGAGTTGGAGACCAGCCTGGGCAACGTAGTATTCAAAAAATACATAAAT","GTGCAGTGGCTCACACCTGTAATCACACTCAGTGCTTTGGGAGGCTGAGGCAGGAGGACTGCTTGAGCCCAGGAATTTGAGACCAGCCTGGGCAACATCTCTACAATAAACATATAAAT"
"KN294172v1","4791149","4791305","chr22","25749470","25749626","13","20958321","GCTGGACACAGTGGTTCACGCCTACAATGGGAGGCTAGGTGGGAGGATCACTTGAACCCAGGTGTTGGAGACCAGCCTGGACAGCATAGTGAGACCTTGTCTCTACAAAATTAAAAAAATAGCCGGGAATAGTGGTGCGTGCCTGTAGTCCCGCTAC","GGCTGGACACAGTAGTTGACGCCTACAATGGGACGCTAGGTGGGAGGATCACTTGAACCCAGGTGTTGGAGACCAGCCTGGGCAGCATAGTGAGACCTCGTCTCGACAAAATTAAAAATAGCCGGGCATAGTGGTGCATGCCTGTAGTTCCAGCTAC"
"KN294172v1","4827118","4827403","chr22","25713196","25713482","21","20886078","GGCCAAGAGTGGTGGCTCACGCCTATAATTCCAGAACTTTGGAAGGCTGAGGTGGGAGGATTGCTTAAGCTCAGGAGGTGAGACCAGCCTGCCTGGGCAACAAAGTAAGATGCTGTCTCTACAAAAAGTAAAAAAACTTTGCCAGGTATACTGGCATGCACCTGTGGTCCAGCTACTTGGGAGGATCCCTTGAGCCCAGTGGTTGGAGGCCGCAGTGAGCCATGATCACATCACTGCACTCCAGCCTGTGTACGGGCGTGAAACTGTCTGAAACAAAAACAAAAAA","GGCCAAGTGTAGTGGCTTACGCCTGTAATTCCAGCACTTTGGAAGGCTGACGTGGGAGGATTGCTTAAGCTCAGGTGGTGAGACCAGCCTGCCTGGGCAACAAAGTGAGATGCTGTCTCTACAAAAAGTAAAAAACTTAGCCAGGTGTACTGGCATGCACCTGTGGTCCAGCTACTTGGGAGGATCCCTTGAGCCCAGTGGTTGGAGGCTGCAGTGAGCCATCATCACATCACTGCACTCCAGCCTGGGTAAGGGCATGAAACTGAAACAAAAACAAAAACAAAAAA"
"KN294172v1","4842768","4843102","chr22","25698555","25698891","25","20855787","GGCTTGGCATGGTGGCTCACACCTGTAATCCCATCACTTTAGGAGGCTGAAGTGGGAGGATTGCCTAAGCCCAGGAGTTTGAGACCAGCTTGGGCAACAAAGTGAGATGCCGTCTCTACAAAAAATAAATTAGCCAAGTGCAGTGGTATATACCTGAAGTCCCAGCTACTAAGGAAGTAGAAGCAAGAGAATTCCTCTAGCCCAGAAATTTGAGGTTGCAGTGAGCTCTGATTGCTCTACTATGAGTACAGTGGCACAATCAAAGCTCACTGCAACCTCAAGCTCTGGCTCGATGAATGAGGGACAGAGTGAGACCCTGTCTCAAAAAAAAAAAA","GGCCTGGGCATGGTGGCTCACATCTGTAATCCCATCACTTTAGGAGGCTGTGGTAGGAGGATTGCCTAAGCCCAGGAGTTTGAGACCAGCTTGGGCAACAAAGTGAGATGCCGTCTCTACAAAAAATAAATCAGCCAAGTGCAGTGGTATGCACCTGTGGTCCCAGCTACTAAGGAAGTAGAGGCAAGAGGATTCCTCTAGCCCAGGAATTTGAGGTTGCAGGGAGCTCTGATTGCTCCCCTATGAGTACAGTGGCACAATCAAAGCTCACTGCAACCTCAAACTCTTCGGCTTGATGAATGAGTGACAGAGCGAGACCCTATCTCAAAAAAAAAAA"
"KN294172v1","4894353","4894484","chr7","4119584","4119717","26","774769","GGCCAGGCACAGCAGCTCAGACCTGGAATCCCAGCCTTTTCAGAGACTGAGGTGGAAGGTTCTCTTGAGACCAGGAGTTGGAGACCAGCCTGGGTAACATAGCAAGACCCCATTTCTACCAAAAAACAAAAA","GGCCAGGTGCAGTGGCTCACGCCTGCAATTCCAGCACTTTGAGAGGCCGAGATGGAAGGATCACTTGAGCCCAGGAACTCGAAACCAGCCTGGGCAACATAGCGAGACCCCATCTCTACCAAAACAAACAAAAA"
"KN294172v1","4917973","4918116","chr1","134875798","134875940","31","129957825","GGGCGTGGTAGCTCACCCCTGTAATCCCAGCATTTTGGGAGGCAGAGGCAGAAGGATTGCTTGAGCCCAGGAGTTTGAGACCATCCTGGACAACACAGTAAGATGCCATCTCTACAAAAAACACAAAGATTAACTGAGTGTGGG","CTGGGCGTAGTGGCTAACATCTGTAATCCCAGCACTTTGGGAGGCTGAGGCAGGAGGATCGCTTGAGCACAGGAGTTTGAGATCGGCTGGGCGACATACTGAGATCCCATCTCTACAAAAAACTTTAAAATTATCTGGGTGCA"
"KN294172v1","4918412","4918562","chr10","25522347","25522500","36","20603935","TTGAGTGTGGTGGTGCACACTGTGGTCCCAGCTACTCTGGGGGCAGAAGTGGGAGGAACGCTCGAGCCTGGAAGGTCTAGGTTGCAGTGAGTCATGATTCTGCCACTGTACTCCAGCCTGGGTAACAGAGTAAGACACTGTTTCAAAAAAA","GCCAGGTGTGGTGGTGCACCTCTGTAGTTTCAACTACTTGGGAGGCTGAGGCAGGAGGATCTCTTGAGCCCAGGAGGTTGAGGCTGCAATGAGCCATGATAGTGCCACTGTACTCCAGCACGGGTGACAGAGTGAGACCCTGTCTCAAAAGAAA"
"KN294172v1","4926607","4926884","chr14","21885805","21886099","57","16959198","GGTGGCTCACGCCTGTAATCCCAGCACTTTGGGAGGCTGAGGTGGGAGGATTGCTTGAGCCCAGGAGTTCAAGACAAGCCTGGGCAACAAGGTAAGACCCAGTCTCTACAAAAAAATTACAAAACAATTTAGCTGTACATGGTGGTATGTGCCTGTAGTCCCAGCTACTTGGGAGGCTGAGGTGGAAGGATCTCAAGGGGAGGCTGCAGTGAGTCAAGATTGTATCACTACACTCCAGCCTGGGCCACAGAGTAAGATGCTGTCTCAAAAAACAAAAA","GCACGGTGGCTCACGCCTGTAATCCCAGCACTTTGGAAGGCTGAGGCAGGAGGATTGCTTGAGCCCAGGAGTTCAATACCAGCCTGGCAACATAGGGAGACCCCATTTCTACAAAAAAAAAATACGAAAAATTAGCCAGGCATGGTGGCTTGTGCCTCTAGTCCCAGGTACTTGGGAGGCTGAGGTGGGAGGATCGCTTAAGCCCAGGAGGTCAAGGCTGCAGTGAGTCGTGATTGCACTACTGCACTCCAGCCTGGGCTATAGAGCAAGATCCTGTCTAAAACAAAAACAAAAA"
"KN294172v1","5004185","5004499","chr22","25537776","25538097","22","20533591","GGCTGAGTGCAGTGGCTCACACCTGTAATCCCAACACTTCAGGAGGCCAAGATGGGAGGATTGCTTGACCCAGGAGTTCAAGACCAGCCTGGGAAACATGGCAAGACCCTATCTCTACAAAAATTTATTTAAAAATTAGCCAGGCATGGTGGTGCATACCTGTCATGCCAGCTACTCACGAAGCTGAGGCAGGAGGATTGCTTGAGCCTGGAAGTTTGAGGCTGCAGTGAGCCTTATTTGTGCCACTGCACTGGAGCCTCCAGCCTGGGCGACAGAGTAAGACCTTGTCTCAAAAAAAAAAAAAAAAAAAAAAAA","GGCTGGGTGAAGTGGCTCACACCTGTAATCCCAACACTTTAGGAGGCCAAGATGGGAGGACTGCTTGACCCCAGGAGTTCAAGACCAGCCTGGGCAACATGGCAAGACCCTATCTCTACAAAAAATTTTTTAAAAATTAGCCAGGCATGGTGGTGCATGCCTGTGGTCCTAGCTACTCAGGAAGCTGAGGCAGGAGGATTGCTTGAGCCTGGAAGTTTGAGGCTGCAGTGAGCCTTATCTGTGCCACTGCACTGGAGCCTCCAGCCTGGGTGACAGAGTAAGACCTTGTCTCAAAAAAAAAAAAAGAAAGAAAGAAAGAAAA"
"KN294172v1","5032207","5032481","chr22","25515551","25515825","21","20483344","GGCCAAGTACAGTGGCTCATGCCTCTAATTCCAACACTTTGGAAAGCTGAAGTGGCCCAGGAGTTTGAGACAAGCCTGGGCAACATAGTGAGACCCCATCTCTACAAAAAGTAGAAAATTAGCGGGGCATGGTGGTGTGCACCCATAATCCCAGCTGCTTGGGATGCTGTGGTAGGAGGATCGTTTGAACCCAGGAGTTTGGGCTGCAGTGAGCCCAGACTGTACCACTGCACTCTAGCCTGGGTGACAGAGCCAGATCTGGTCTTAAAATAAAA","GGCCAGGTGTAGTGGCTCATGCCTCTAATCCCAACAGTTTGGGAAGCTGAGGTGGCCCAGGAGTTTGAGACAAGACTGGGCAACATAGTGAGACCCCATCTCTACAAAAAGTAGAAAATTAGCGGGCCATGGTGGTGTGCACCCATAATCCCAGCTGCTTGGGAGGCGATGGTAAGAGGATCCCTTGAACCCAGGAGTTCGGGCTGCAGTGAGCCCAGATTGTACCACTGCACTCCAGCCTGGGTAACAGAGCCAGATCCTGTCTTAAAATAAAA"
"KN294172v1","5034929","5035061","chr6","20750678","20750808","14","15715749","GGCTGGGCGTGGTGGCTCATGCCTGTAATCCCAGAACTTTGGGAGGCCAAGGCAGGAGGATCACTTGAGCCTAGGAGTTCAAGACCAGCCTGGGCAATACAACGAGACCCTGTCTCAAAAATAAATACATAAA","GGCTGGGTGTGGTGGCTTCCGCCTGTAATCCCAGCACTTTGGGAGGCCAAGGCAGGAGGATCACTTAAGCCCAGGAGTTCAAGACCAGCCTGGGCAACACAGTGAGACCCTGTCTCAATAAAAAATAAAAA"
"KN294172v1","5039991","5040121","chr22","25509720","25509850","13","20469729","GGCTGGGTGCCATGGCACATGCCTGTAATCCCAGCACTTTGGGGGGCCAAGGTGGGAGGATTACTTGAGCCCAGGAGTTCGAGATTAGCCTGGGTAACATAATGAGACCCCACTTCTATTAAAAATAAAAA","GGCCAGGCGCTGTGGCTCATGCCTGTAATCCCAGCACTTTGGGAGGCCAAGGTAGGAGGATTACTGGAGCCCAGGAGTTTGAGATCAGCCTGGGTAACATAGTGAGACCCCACCTCTATTAAAAATAAAAA"
"KN294172v1","5065031","5065333","chr7","28542861","28543167","55","23477830","GGCCGTGCATAGTGGCTTATGACTGTAATCCCAGCACTTTGGGAGGTGGAGGTAGGAGTATTGCTTGAGCTCAGAAGTTTGAGACCAGCCTGAGCAACACAGGGAGACCCCCATCTCTACAAAAAATAAAAAATTAGCTGGGCATGGTGGTGCATGCCTGTGGTCCCAGCTACTCTGGAGGCAGAAGCAGGAGGATCGCTTGTGCCCAGGAGGCTGCAGTGAGCCATGATTGCGCCACTGTCTTCCAGCCTGGGCGACAGAGTGAAACCCGTTCAAAAGAACTAACAACAACAACAAACGAAA","GGCCGGGCGTGGTGGCTTACACCTATAATCCCAGCACTTTCGGAGGTCAAGGTGGGAGGATTGCTTGAGTCCAGAAGTTTGAGACAAGTCTGGGCAACATAGTAAGACCCCATCTCTACAAAAAATCAACAAAATTAGCTGGGCATGGTGGCACATGCCTGTAGTCCTGGCTACTCTGGAGGCTGGGGCAGGAGGATTGCTTGTGCCTGGGAAGTAGAGGCTGCTGTGAGCCATGATTGTGCCACTGCACTCCAGCCTGGGTGACAGAGCGAGACCCTGTCTCAAAACAACAACAACAACAACAAAA"
"KN294172v1","5145030","5145329","chr5","17693824","17694122","55","12548794","GGCTGGGCGCAGTGGCTCATGCCTGTAATTCCAACACTTTGGGAGGCTGAGGTGGGCTGATCGCTTGAGCCCAGGAGTTTGAGACTAGCCTGGGAAACATAGCAAAAACCCATTTCTACAAAAAAAATACAAAAAAATTTAGCCAGGCATGGTAGCATATGCCTGTAGTCCCAGCTACTTGGGAGGCTAAGGTGGGGATCATCTGATCCCAGAGATTGAGGCTGCAGTGAGCCGTGATCACCCACTTGCACTCCAGCCCAGGTGATAAAGTGAGACCCTGTCACAAAAAAAAAAAAAAAA","GTCAGGCGCGGTGGCTCACACCTGTAATCCTGGCACTTTGGGAGGCTGAGGCAGGCTGATTACTTGAGCCCTGGAGTTTGAGACCAGCCTGGGCAACATAGCAAGACCCCATCTCTGCAAAAAAAAATACGAAAATTAGTCAGGCATGGTGGCACATGCCTGTAGTCCCAGCTACTAGGGAGGCTGAGGTGGGAGGATCGTCTGAGCCCAGGAGGTCGAGGCTGCAATGAGCCGTGATTGCACCAGTGCACTCCAGCCTAGTTGTCAGAGACCCTGTCTCAAAAAAGAAAAAGAAAAAA"
"KN294172v1","5154096","5154344","chr5","132795556","132795802","65","127641460","GGCACAGCAATTCACGTCTGTAATCCCAGAACTTTGGGAGGTCAAGGAAGGAAGGTTGCTTGAGCCCAGGAGTTTCCCACCAGCCTGGAAAACACAGGGAGACTGCATCTCTACAAAAAAATTCAAAAATTAGCTGGTCTTTGTGGTGTGCACCTGTGGTTCCAGCTACTTGAGAGGCCAAGGTGGGAGGATCACTTGAGCTTGGGAGGTAGGTCGAGGCTGCAGTGAGCTATGATCATGCCATAGCAC","GGCAGGGACAGTGGCTCATGCTTGTAATCCCAGCACTTTGGGAGGCTGAGGCAGGGAGGATTGCTTGACCCCAGAAGTTTGAGATTAGCCTAGGCAACATAGGGAGACCCCATTTCTACAAAAAATCAAAAACTTAGCTGGGCATGATAATGTTCACCTGTAGCCCCAGGTGCTTGGGAGGCTGAGGTGGGAGAATCACTTGAGCCAGGAAGTGAAGGCTGCAGTGAGTCGTGATCATGCCACTGCA"
"KN294172v1","5157560","5157684","chr22","25418938","25419062","10","20261378","GCCAGGCGTGGTGGCTCATGCCTATAATCCCAACATTTTGGGAGGTCAAGGTGAGAGGATCACTTGAGCCTAGGAGTTTGGGACCAGCCAGACAACATAGTGAGACCTTGTCTCTACTTAAAAAA","GCCAGGCGTGGTGGCTCATGCCTGTAATCCTAACACTTTGAGACGTCAAGGTGAGAGGATCACTTGAGCCTAGGAGTTCAGGACCAGCCAGGCAACACAGTGAGACCTTGTCTTTACTTAAAAAA"
"KN294172v1","5194446","5194739","chr5","62218254","62218546","60","57023808","GACCAGGTGCAGTGGCTCATGCCTGTAATCCTACCACTTTGGGAGGCCAAGGTGGGAGGATCACTTAAGTCCAGGAGTTCAAGACCAGCTTGAGTAACACAGCAAGACCCCGTGTCTACAAAAAATACAAAAAAAGTAGCCAGGCTTGGTGGCGTGTGCCTGCAGTCTCAGCTACTTGCGAGGCTAAGGCAGGAAGATCATTGGAGCCTAGGAGTTTAAGGCTGTGATATGCCATGATCACATCAATGCACTCCAGCCTGGGGGACAGAGCTAGACTCTGCATCAAAAAAAAAA","GGCCAGGTGCAGTGGCTTGCACCTGTAATCCTAGCACTTTGGGAGACCAAGGCAGGAGAATTGCTTGAACCCAGGAGTTCAAGACCAGCTTGGGCAACACGGCAAGACCTGGTATCTACAAAAAATACCAAAATTAGCCAGGCATGGTGGTGTGTGCTTGTAGTCTCAGCTACTTGGGAGGCTGAGGTGGGAGGATCACTTGAGCCTGGGGAGTTTGAGGCTGCAGTGAGCTGTGATTGTGCCACTGAACTCCAGCCTGGGCGAAAGACTGAGACCCTGTCTCAAAAAAAAAA"
"KN294172v1","5232048","5232337","chr4","124440542","124440825","69","119208494","CCTGGCAGGGTGGCTCATGCCTGTAATCTCAGCACTTTGGGAGTCCAAGGCAGGAGGATTGCTTGAGCTCAGGAATTTGAGACCAGCCTAGGTAGTATAGCAAGATCCCACCTCTACAAAAAAATTTAAAAAATTATAATAGCTGGGCATGGTGACATGTGCTTGTAGCCTCAGCTACACAGGATGTTGAGGTAGGAGGCTTGCTTAAGCCCAAGAGGTTGAGGCTGCAGTGAGCCTGGATGACAGGGAGACCCTGTCTCAAAAAAAAAAAAAAAAAAAAAGAAAAGAAA","GCTGGGTGCAGTGGCTCATGCCTGTAATCCCAGCACTTTGGGAGGCTGAGGCAGGAGAATTGCTTGAGCTCAGGAATTCAAGACCAGCCTTGGCAACATGGCAAAATTCCATCTCTACAAAAAAATACAAAAATTAGCAGGGCGTGGCACATGCCTGTAGCCCCAGCTACTTGGAAGGCTGAGATGAGAGGATTGTTTGAGCCGAGATCGCACCACTGCACTCCAGCCTGGGCAATACAGTGAAACCCTGCCTCAAAAAAAAAAGAAAAAAAAAGAAAAAGAAA"
"KN294172v1","5250688","5250810","chr22","25327347","25327473","11","20076659","GGCCAGGTGCAGTGACTCACACCTGTAATCCTAGCACTTTGGGAGGTCAAGGCCAGAGGATTGCTTGAGCCCAGGAGGTCAAGACCACCCTGGGCAACATAGTGAGATATCATCTCTACAAAA","GGCCAGGTGCAGTGACTCACACCTGTAATCCTAGCACTTTGTGAGGCCAAAGCTAGAGGACTGCTTGAGCCCAGGAGGTCAAGACCAGCCTGGACAACATAGTGAGATATCATCTCTACGAAAGTAT"
"KN294172v1","5316274","5316565","chr16","22451491","22451786","55","17135217","GGCTGGGTGCAGTGGCTCATACCTGTAATCCCAGAACTTTGGAGGCCAAGGTGGGAGGATCACTTGAGCCCAGGAGTTGAGACCAGCCCAGGCAACACAGAAAGATCCTGTCTCTACAAAATATTAAAAATTAGCCACGCCTCATGGCGAACACCTGTAGTCTCAGCTACTCAGGAAGCTGAGACAAGAGGATCGCTTGAGCCCAGGAGGCTGAGGCTGCAGTGAGCTGTGACTGTGCCACTACATTCCAGCCTGAGTGGATAGAGCAAGACCTCGACACTTAAAAAAAAAA","GGCTGGGCGTGGTGGCTCATGCCTGTAATCCCAGCGCTTTGGAAGGACAAGGCAGGAGGATCACTTGAGCCCAGAAGTTTGAGAACAGCCTGGGCAACATATCGAGATCCTGTCTGTACAGAAATTTAAAAAATTAGCCAGGCATGATGGCAAGCACCTGTCATCCCAGCTATTCGGGAAGCTGAAGCAGGAGGATCACTTGAACCCAGGAGTTTGAGGCTGCGGTGAGCTATGATCATGCCACTGCATTCCAGCCTGAGTGACAGAGCAAGACCCTGTCTCTTTAAGAGAAAAAA"
"KN294172v1","5358446","5358607","chr22","25223063","25223222","15","19864617","GCCAGGAGTGGTGGCCCACACTTGTAGTCCCAGTTACTGAGGAGGCTGAGGCAGGAGGATCACTTGAGCCCTGAAGGTCGAGGCTGCAGTGAGCTATTGTCATGCCACTGCACTCTGGCCTCAGTGACAGAGTGAGACCTTGTCTCAACAACAAAAAGGTAA","TTAGCCAGGAGTGGTGGCCCACACTTGTAGTCCCAGTTACTGAGGAGGCTGAGGCAGGAGGATCGCTTGAGCCCTGGAGGTCGAGGCTGCAGTGAGCTATTGTCATGCCACTGCACTCTGATCTCAGTGATCGAGTGAGACCCTGTCTCAACAACAAAAA"
"KN294172v1","5359127","5359159","chr22","25223540","25223571","2","19864413","TAAACAATTTTTTTTTTTAATTAGCCAGAAGTT","TAAACAATTTTTTTTTTAATTAGCCAGGAGTT"
"KN294172v1","5359469","5359628","chr22","25223063","25223222","7","19863594","TTAGCCAGGAGTGGTGGCCCACACTTGTAGTCCCAGTTACTGAGGAGGCTGAGGCAGGAGGATCACTTGAGCCCTGAAGGTCGAGGCTGCAGTGAGCTATTGTCATGCCACTGCACTCTGGCCTCAGTGACAGAGTGAGACCTTGTCTCAACAACAAAAA","TTAGCCAGGAGTGGTGGCCCACACTTGTAGTCCCAGTTACTGAGGAGGCTGAGGCAGGAGGATCGCTTGAGCCCTGGAGGTCGAGGCTGCAGTGAGCTATTGTCATGCCACTGCACTCTGATCTCAGTGATCGAGTGAGACCCTGTCTCAACAACAAAAA"
"KN294172v1","5392091","5392373","chr10","114686531","114686803","54","109294440","GTCAGGTGCAGTAGCTCATGCCTGTAATCCCAGCACTTTGGTAGGCCAAGGTAAGCGGAATGTTTGAGTCCAGCAGTTCGAGACCAGCTTGGGCAACATGGTGAGACCCTGTCTCTACAAAAAATTCAAAAATCAGCCAGGCATGCTGGTGTACGCCTGTGGTCCCAGCTACTCAGAAGGCTTAGGTAGGAAGACTGCTTGAGTCCAGGAGATCGAGGCTGCAGTGAGCCATGACCATGCCACTGTACCCCAGCCCGGATGGCAGAGCCAGACTTCGTCTCAA","GTGGTGGCTCACACCTGTAATCCAAGCACTTTGGGAGGCCAAGGCATGAGGATTGTTTGAGCCCAGGAGTTTGAGACCAGCCTGGGCAACATGGCAAGACCCCATCTCTACAAAAAATCAAAGGTTAGCCAGGCATGGTGGTGCATGCCTGTGGTCTCAGCTACTCAGGAGGCTGAGGTGGGAGGATCGCTTGAGCCCAGGAGGTCAAGGCTGCAGTGAGCCACGGTCATGCCACTGCACTCCAGCCTTGGTGACAGAGTGAGACCTGTCTCA"
"KN294172v1","5397437","5397730","chr6","35767619","35767909","58","30370182","GGCCGGGTGAGGTGGCTCACGCTTACAGTCCCAGCACTCTGGGAGGCCAAGACAGGTGGATTGCTTGAGCCCAGGAGTTCGAGACCAGCCTGCCCAACACAACACAACCCCTGTCTCTACTAAAAATACAAAAGATTAGCTGGATGTGGTGGTGTGGGCCTGTAGTCTCAGTTGCTCGAGAGGCTGAGGTGGGAGAATCACCTGAGCCTGGGAGCTTGAGGCTACAGTGAGCTAAGATGGTGCCACTGGACTCCAGCCTGGGTGACACAGTGAGACTGTCTCCAAAAAAAAAAA","GCCAGGCACTGTGGCTCATGCTTGTAATTCAGCACTTTGGGAGGCTGAGGCAGATGGATTGCTTGAGCCCAGGAGTTCAAGACCAGTCTGGGCAACATGGCAAAACCTCATCTCTACAAAAATACAAAAAATTAGCTGGGTGTGGTGGTGCGTGCCTGTAGTCCCAGCTATTCAGGAGGCAGAGGTGGGAGGATCACCTGAGCCCAGGTGGCTGAGGCTGCAGTGAGCTATGATCGCACCACTGCACTCCAGCCTGGGTGACAAAGTAAGATCCTGTCTCAAAAAAGAAAA"
"KN294172v1","5399735","5400034","chr22","25187473","25187775","32","19787738","GGCTGGGTGCAGTGCCTCATGCCTGTAATCCCAGCACTTTGAAAGGCTGAGGCAAGACTGTTTGAGCCCAGGAGTTCAAGACCAGCCTGGACAACATGGCAAGACCCTATCTGTATAAAAAAATTAAAAGCTGGGCAGAGCGGTACACACTTGTGGTCCCAGATACTTGGGAGGCCAAGGCTGGAGGATCGCTTGAGCCCAAGAGTTTGAGGATGCAGTATGCCAAGATGGTGCCACTGTACTGCAGCCTGGGTACCAGAGCAACTCTATTCCCCCAACCCAAAAAAAGAAAAAAAAAAA","GGCTAGGTGCAGTGCCTCATGCCTGTAATCCCAGCACTATGAGAGCGGAGGCAAGACTGCTTAAGCCCAGGAGTTCAAGACCAGCCTGGACAACATGGCAAGACCCTATCTGTATAAAAAAAATTAAAAATTAGCTCGGTATAGTGGTACACACCTGTGGTCCCAGCTACTTGGGAGGCTGAGACTGGAGGACCGCTTGAGCCCAGGAGTTCGAGGATGCAGTGTGCCAAGATGGCACCACTGCACTGCAACCTGGGTACCAGAGCAACTCTATCCCCCCAACTCAAAAAAAGAAAAAAAAAA"
"KN294172v1","5422287","5422557","chr9","97187766","97188023","76","91765479","GAGGCCTCGGCGGAAGGATTGCCTGAGCTCAGAAGTTTGAGAACAGCCTGCGCAATGTATCACGATACCATCTCTACAGTACATTTAAAAAATTAGCTGGTCATGGTGGCATACACCTGTAGTCCCAGTTACTCGGGAGGCTGAGGCAGGATAGCTTGAACCCAGGAGTTCAAGGTTGCAGTGAGCTGTGATTGTGTGATTGTGTCACTGCACTCCAGCCTGGGTGATGGGGTGATGGGAGTGAGACTGTATCTCCAAAAAAAAAAAAAAA","GGCCAAGGTGGGTGGATAGCTTGAGCCCAGAAGTTTAAGACCAGCCTGGGCAACATAGTGAGACCTCTTCTCTACAAAAAATTCAAAAAATTAGCCAGGCATGGTGGCACATGCCTGTGGTCCCAGGTACTCTAAAGGCTGAGGCAGAAGGATTGCTTGAGCCTAGGAGTTGAAGGCTGCAGTGAGCTGTGATCACGCCATTGTACTCTAGCCTGGGTGACAAAGTGAGACCCTGTCTCAAAAAAAAAAAAAAAAAAA"
"KN294172v1","5446869","5446986","chr1","11860146","11860267","36","6413277","GGCTTATGCAGGGGATTGCTTGAGTCCAGGAGTTTGAGATCAGTCTGGGAAACATAGGGAGATCCTATCTCTACAAAAAACAGAATAGCAGGGGGTGGTGGTGCTGAGTCCTAGCTAC","AGGTGGGAGGATCTCTTGAGTCCAGAAGTTCAAGACCAGTCTGGGCAACATAATGAGACCTTATCTCTACTAAAAAAAAAAAAAAAGCCAGGGGTGTTGGCACATGCCTGTAGTCCCAGCTA"
"KN294172v1","5495216","5495477","chr9","97187766","97188023","59","91692550","GACGCCTAGGCAGAAGGATTGCCTGAGCTCAGAAGTTTGAGAACAGCCTGGGCAATGTATCACAATACCATCTCTACAGTAAATTTAAAAAATTAGCTGGTCATGGTGGCATACACCTGTAGTCCCAGTTACTCGGGAGGCTGAGGCAGGAGGATAGCTTGAGCCCAGGAGTTCAAGGTTGCAGTGAGCTATGATTGTGTCACTGCACTCCAGCCTGGGTGATGGGAGTGAAACTGTATCTTAAAAAAAAAAAAAAAAAAAA","GGCCAAGGTGGGTGGATAGCTTGAGCCCAGAAGTTTAAGACCAGCCTGGGCAACATAGTGAGACCTCTTCTCTACAAAAAATTCAAAAAATTAGCCAGGCATGGTGGCACATGCCTGTGGTCCCAGGTACTCTAAAGGCTGAGGCAGAAGGATTGCTTGAGCCTAGGAGTTGAAGGCTGCAGTGAGCTGTGATCACGCCATTGTACTCTAGCCTGGGTGACAAAGTGAGACCCTGTCTCAAAAAAAAAAAAAAAAAAA"
"KN294172v1","5529853","5529963","chr6","75426349","75426453","26","69896496","AATCTCAACATTTTGAGAGGCTGAGGCAGGAGGATCATATTTGATCCCAGGAGTTCAAGACGATCCTGGGCATCATGGTGAGACTTCGTCTCTATAAAAATAAAAATTTTT","TCTCAGCACTTTGGGAGGCCAAGGCAGAAGGATTGCTTGAGCCCAGGAGTTCAAGACCAGCCTGGCCAACAAAGTGAGAGTCCATCTCTACAAAAAAAAATTTTA"
"KN294172v1","5557477","5557781","chr22","25034078","25034374","32","19476601","GGCCAGGCACAGTGGCTCACACCTGTAATCCCAACACTTTGGGAGGCTGAGGCAGGAGGATCAATTGAGCCCAGGAGTTCAAGACTAGCCTAGGCAAGACAGCAAGACCTCGTCTCTACAAAATAAAACAAAATATAAATTAGCTGAGCGTGGTGGCACACACCTATAGTCCCAGCTGCTCAAGAGGCAGGAGATCACTTGAGCCCATGAGTTCCAGACTACAGTGAGCTATGATCTCGCCACTGCACTCCAGCCTGGGCAACAGAGCAAGACCTTGTCTCAAAACAAAAAACAAAACAAAACAA","GGCCAGGCACAGTGGCTCACACCTGTAATCCCAACACCTTGGGAGGCTGAGGCAGGAGGATCAATTGAGCCCAGGAGTTCAAGACCAGCCTGGGCAAGACAGCAAGACCTTGTTTCTACAAAATAAAATAAAACATAAATTAGCTGAGCGTGGTGGCATACACCTATAGTCCCAGCTGCTCAAGAGGCTGAGGCAGGAGGGTCACTTGAGCCCATGAGTTCCAGACTGCAGTGAGCTATGATCTCACCACTGCACTCCAGCCTGGGCAACAGAGCAAGACCTTGTCTCAAAACAAAA"
"KN294172v1","5576152","5576468","chr22","25018981","25019276","44","19442829","GGCCAAGGGTAATGGCTCATGCCTGTAATCCCAGCACTTTAGGAAGCCGAGACAGGTGGATCACCACCACTACTGAGCCCAGGAGTTCAAGACCAGCTTAGGCAACAAAGTGAGACCCCATCTCTACAAAAAAAATACAAAAATTAGCCAGGCATGGTGGTGTGTGTCTATAGTCTGAGCTACTCAGGAGGCTGAGGCGGGAGAATTGCTTGAACCCAGAAGTCTGAGGCTGCTGTGAGCCAAGATCGAGCCTCTGTACTGCAGCCTGGGTGACAGAGCAAGACTCCATCTCGGAAGAACAACAACAACAGAAAAAA","TGGCTCATGCCTGTAATCCCAGCACTTTAGGAAGCCGAGAAAGGTGGATCACCACCACTCCTGAGCCCAGAGTTCAAGACCAGCTTAGGCAACAAAGCGAGACCCCCATCTCTACAAAAAAATACAAAAATTAGCCTGTGTCTATAGTCTGAGCTACCCAGGAGGCTGAGGTGGGAGAATTGCTTGAGCCCAGGAGTTTGAGGCTGCTGTGAGCCAAGATCGAGCCACTGTACTGCAGCCTGGGTGACAGAGCAGGACTCCATCTCGGAAGAACAACAACAACAACAACAACAAAA"
"KN294172v1","5598884","5599008","chr18","5330777","5330905","30","268107","AAGATAAAAAATTTAGGCCCAGTGTGGTAGCATGTGCCTTTAGTCCCAGCTACTACTCAGAAGGCCGAGGCAGGAGGATTGCTGGAGCCCAGGAGTTCGAGGCTGTAGTGAGCTATGATTATGCC","TTTAGAAAAAGTACAGTTATCACGCCCAGCATGGTGGTGTGTGCCTGTAGTCCCAGCCACTCAGGAGGCTGAGGCAGAAGGATTGCTTGAGCCCAGGGGTTCAGTGCTTCAGTGAGCTATGATCATGCC"
"KN294172v1","5633601","5633728","chr22","24956615","24956743","10","19323014","GCCAGACATGGTGGCTCATGTTGGTAATACCAGTACTTTGGGAGGTCAAGGCGGGAGGATTGTTTGAGCCCAAGGAGTTCAAGACCAGCCTGTGCAACACAGTGAGGAGATCTTGCCTCTACAAAAAA","GCCAGACATGGTGGCTCATGTCGGTGATCCCAGTACTTTGGGAGGCCAAGGTGGGAGGATTGTTTGAGCCCAAGGAGTTCAAGACCAGCCTGTGCAACACAGTGAGAAGACCTCGTCTCTACAAAAAAT"
"KN294172v1","5635846","5635963","chr22","24954996","24955113","9","19319150","GGTGCCGTGGCTCATGCCTATAATCCCAAGTATTTGGCAGGCCGAGGTAGCAGTATCATTTGGGTCTAGGAGTTTGAGACCAGCCTGGGCAACATAGCAAGACCCTATCTCTACAGAA","GGTGCAGTGGCTCATGCCTATAATCCCAAGTATTTGGCAGACCAAGGTGGGAGGATCACTTGGGTCCAGGAGTTTGAGACCAGCCTGGGCAACATAGCAAGATCCTATCTCTACAGAA"
"KN294172v1","5637441","5637561","chr1","114014861","114014982","22","108377420","GCCAGGCATGGTAGCTCACACATGTGATCCCAACACTTTAGGAGGCTGTGGTGGGAGGATCACGTCAGTCCAGGAGTTTGAGACCAGCCTGGGAAACACAGACTTCATCTCTACTTAAAAT","GACCAGGCGCGATGGCTCACACCTGTAATTCCAACATTTTGGGAGGCTGAGGTGGGAGGATCACTTGAGCCCAGGAGTTCGAGACCAGCCTGGGCAACAGTGAGACCTCATCTCTATTAAAA"
"KN294172v1","5684372","5684710","chr3","5183469","5183804","70","500903","GGCCGAGAGCAGGGGCTCATGCCTGTAATCCCAGCACTTTGGGAGGCTAAAGTGGGAGAGTACTTGAGCCCAGGAGTTTGAGACCAGCCTGAGCAACATAGTGAGACCCTGTCTCTACAAAAAAATCAAAAATTAACCAGGCAAGGTAGTGCACACCTGAAATCCAAGCTACTCTGGAGGTTGGGGCAGGAGGATTGCTTGAGACCAGCAGTTCAAGGCTGCAGTGAGCTATGACAGCACCGCTGCACTCCAGCCTGGAGGATAGAGCGAAACTGTCTCAAAAAAAAAAAAAAAAAAGAAAGAAAGAAAGAAAGAAAGAAAGAAAATAATAACAGAAAA","GGCTGAGCATGGTGGCTCATGCCTGTAATCCCAGCACGTTGGGAGGCCAAGGCAGGTGGATTGCTTGAGCCCAGGAGTTTGAGACCAGCCTGAACAACACAGGGAGACTCTGTCTCTACAAAAAAAAAAAAAAATGCCTGGGGGTGGTGGTGCGAGTCTGTAGTCCCAGCTACTCAGGAGGCTGAGGCGGGAGGATCACTTGAGCCTGGGAGGTCAAGGCTGCAGTGAGCTAAGATTGCACCACTGCACTCCAGCCTGGGCTACAGAACCAGATCCTGTCTCAAAAAAAAAAAAAAAAAAAAAAAAAAAAAGAATGAAAGAAAGAAAAGAAAACAA"
"KN294172v1","5692890","5693145","chr1","94535275","94535535","64","88842385","GGCCAGGGGCAGTATTCACACCCATAATCCCAGGACTTTGGGAGGCCAAGACCGGAGGATGGCTTGAACCCAGGATTTGAGACCAGCCTGGGCAACAGTGAGACCCTGTCTTTACACAAGAAAAAAAAAGTCCAGTGTGGCAGCATGCACCTATAGTCCCAGCTACTCGCAAGGATAAGGCAGTGAGCCATGATCCCACCACTGCACTTCAGCCTGAGCAACAAAGACCCTATCTCAAAAAAAAAAAAAAAAAAAA","CTGGGTGCAGTGGGTCATGCCTATAATCCCAACAATTTGGGAGGCCAAGATGGGAGGATCGCTTGAGCCCAGGGGTTCGAGACCAGCCTGGGCAACATAGTGAGAGCCTATCTCTACTAAAAAAAATTAGCCAGGCATGGTGGCGCACACCTGTAGTCCCAGCTACTGGGGAAGAAGAGACTGGAGTGAGCTATGATCAAGCCACTGCACTTCAGCCTAAGTAACAGAGTGAGACCCTGTCTCAAAAAAAAAGGAAAAAAA"
"KN294172v1","5741349","5741484","chr22","24850738","24850873","11","19109389","GGCCAGGCACGGTGGCTCACGTCTGTAATCCCAGCACTTTGGGAGGCTGAGGCAGGAGGATCACTTGAGCCCAGGAGTTTGAGACCAGCCTGGGCAACATACCAAGGCCCCGTCTCTACAAAAAACTAAAAAGATT","GGCCAGGCACAGTGGCTCATGTCTGTAATCCCAGCACTTTGGGAGGCTGAGGCAGGAGGATCACTTGAGCCCAGGAGTTTGAGACCAGCCTGGGCAACATAGCAAGACCACGTCTCTACAAAAAAATTTTAAAAAT"
"KN294172v1","5741772","5741909","chr22","24850307","24850441","13","19108535","TTAGCTGGGTATGGTGGTGTGCACCTATGGTCCCAGCTACCTGGGAGGCGGAGGCAGGAGGATTACTTGAGCCCAGGAGGTCAGGAGCACCATTCACTCGAGCTGGGGCAACAAGGAGAGACTCTGTCTCAAAGAAGA","TTAGCTCGCTATGGTGGTGTGCACCTATGGTCCCAGCTACATGGGAGGTGGAGGCAGGATTGCTTGAGTCCAGGAGGTCAGGAGCACCATTCACTCCAGCCAGGGCAACAAGGAGAGATTCTGTCTCAAAGAAGA"
"KN294172v1","5761733","5762021","chr7","72179457","72179751","51","66417724","CCAGGGGCAGTGGCTCACACCTGTAATCCCGGCACTTTGGGAGGTTTAGGCAGGAGGATCACTTGAGCCCAGGAGTTCAAGACCAGCCTGGGCAACATAGTGAGACCCCATCTCTACAAAAAATTAAAGAATTAGCTGGCATGTGCTGTAGTCCCAGCTACTCTGGAGGCTGAGGCAGGAAGATCACTTGAGGCCAGGAGTTTGAGGCTGCAGTGAGTGATGATCATGCCACCTGCACTCCAGCCTGGGTAACACAGCGAGGCCCTGTCCCTAAAAACAAAACAAAAAA","GGCAGGGCACTGTGGCTCACGCCTGTAATCCCAGCACTGTGGGAGGCTGAGGCAGGAGAATCACCTGAGCCCAGGAATTTGAGACCAGCCTGGCCAACATAGTGAGACCCCATCTCTACAAAGTAAAAAAATTAGGCGTGGTGGTGCATGCCTGTAGTCCCAGCTACTCAGGAGGCTGAGGCAGGAGGATTGCTTGAGCCCAGGAGTTTGAGGCTGCAGTGAGCTGTGATCACACCACTGCACTCCAGCCTGGGCCACAGAGTGAGATCCTGTCTCAACAAAGAAAAAAAAAAAA"
"KN294172v1","5767270","5767394","chr11","46032700","46032827","22","40265430","GGGCATGGTGGCTTACCCAAAATCCCAACACTGGGGGGCCGAAGTGGGCAGATCACTTGAGCCCAGGAGTTTGAGACCAGCCTGGGCAACATGACAAAACCTTAACTCTGCAAAAAATACAAAAA","GGGCATGGTGGCTCACGCCTGTAATCCCAGCATTCTGGGAGTCCGAGGCAGGCAATCACTTGAGCCTAGGAGTTCAAGACCAGCCTGGGCAACATGGCAAAACCCCATCTCTACAAAAAATACAAAAA"
"KN294172v1","5770082","5770374","chr22","24815401","24815712","37","19045319","GGCTGGGCACGGTGACTCACAACCAGCTGTAATGCAAGCACTTTGGGAGGCCAAGGCAGGAAGAGTGCTAGAGCCCAGGATTTGAGACCAGCCTGGGCAACATAGTGAGACCCTGTCTCTGTTAAAAACAATTAGCCAGGCATGGTGGTACATACTTGGAGTCCCAGCTACTAGGGAGGCTGATGCAGGAGGATCCTTGAGCCCAGAAGGTGGAGGTTGGTTGCAATGAGCCATGGTCAGGCCACTGCACTCCAGCCTGAATGACAGAAAAAGACCCTGTCTCAAAGAAAAAA","GGCTGGACATGGTGGCTCACAACCAACTGTAATGCCAGCACTGTGGGAGGCCAAGGCAGGAAGATTGCTAAAGCCCAGGATTTGAGACCTGTCTGGGCAATATAGTGAGACTCTGTCTCTACTAAAAACAATTAGCCAGGCATGGTGGTACATACTTGGAGTCCCAGCTACTAGGGAGGCTGATGCAGGAGGATCCTTGAGCCCAGAACGTGGAGGTTGGTTGCAGTGAGCCATGGTCAGGCCACTGCACTCCAGCCTGAATGATAGAACAAGACCCTGTCTCAAAGAAAAAAAAAAAGAGAGAGAGAGAAA"
"KN294172v1","5847246","5847377","chr22","24744617","24744750","11","18897371","GGCCGGTGTCGTGGCTCACACCTCTAATCCCAGCACTTTGGGAGGCGGAGGCAGGAGGATTGTTTGAGCTCAGGAGTTCGAGACCAGCCTGGGCAACAGAGTGAGACACTGTCTCTACAAAAAATGAAAAAA","GGCCAGGTTTCATGGCTCACACCTCTAATCCCAGCACTTTGGAGGCAGAGGCAGGAGGATTGTTTGAGCTCAGGAGTTCGAGACCAGACGGGGCAACATAGTGAGATACTGTCTCTACAAAAAATGAAAAAATT"
"KN294172v1","5875880","5876150","chr22","24716483","24716767","30","18840603","GCCAGGTGCGGGCTCACACCTGTAATCCCAACCATTTAGGAGGCCAAGGTGAAAGCATTACCTGAGCCCAGGAGTTTGCGACCAGCCTGGGCACCATGTCAAGGCCCTGTCTACAAAAATTACAAAAAATTAGCTAGGCATGGTGGTGCACACCTCTGGTCCCAGCTACTTGGGAGGCTGAGGTGGAGGATCGCTTGAGCCCGGGAAGTGGGGGTTGACATTTTCCAGTCTGGGCAACAGAGGGAGACCCTGTCTCCAAAAATAATAATAA","GCCAGGTGCGGGCTCACACCTGTAATCCCAACAATTTAGGAGGCCAAGGCGAAAGCATTACCTGAGCCCAGGAGTTTGAGACCAGCCTGGGCAACATGTCAAGGCCCTGTCTCTACAAAAAATACAAAAAACTAGCCAGGCGTGGTGGTGCACACCTCTGGTCCCAGCTACTTGGGAGGCTGAGGTGGGAGGATCACTTGAGCCCGGGAAGTGGGGGTTGACATATTCCAGCCTGGGCAACAGAGCGAGACCCTGTCTCAGAAAAAAAAAAAAAAGAAAGAAAAA"
"KN294172v1","5898712","5899021","chr4","7977628","7977939","67","2078916","GCTGGGAGATGTGGCTCATGCCTGTAATTCCAGCACTCTGGGAAGCGGAGGTAGGGGGACTGCTTGAGCCCAGGAGTTCAAGACCAGCCTGAGCAACATGATAAGACCCTGTTTCTACAAAACAAATTCAATAAAAAAGCCAGGCATGGTGGCGTATGGCTGTAGTCCCAGCTGCTCAGGAGGCTGAGGCAGGAGAATTGCTTGAGCCCAGGTTGAGGTTGCAGTGAGCTATGACCTCACTATTGCACTCCAGCCTGGAAGAGTAAGACCCTGTCAAAAAGAAAAAAGAAAAAGGGGGAAAAAAAAAAAA","GCTGGGCATGGTGGCTCACAACTGTAATCCTAGCACTTTGGGAGGCTGAGGTAGGAGAATCGCTTGAGCCCGGGAGTTCAAGACCAGCCTGGGCAAGATGGTGAGACCCTGTCTCTACAAATAAAAAATTAAAAAATTAGCTGGACTTGGTGGTGAACATCTGTAGTCCCAGCTGCTTGGGAGGCTGAGGCAGGAGGATTGCTTGAGCCTAGGAGTTGGAGGCTGCAGTGAGCTATGATCACACCACTGCACTCCAGCCTGGGTGACAGAGCGAGACCCTGTCTCAAAAAAAAAATAAAAATAAAAATAAAA"
"KN294172v1","5928031","5928143","chr14","54433453","54433572","18","48505422","GGCCAGGTGCGGTGGCTCACGCCTGTAATCCCAGCACTTTGGGAGCCCAAGGCAGGAGGATTGCTTGAGCCCAGGAGTTCAAGACCAGCCCAGACAAGACCCCGTCTCTACAA","GGCCAGGTGCAGTGGCTCATGCCTGTAATCCCAGCACTTTGGGAGGCCAAGGCAGGAGGATTGCTTGAGCTCAGGCGTTCAAGACCAGCCTGGGCAACATGGCAAAACCCCATCTCTATA"
"KN294172v1","5948940","5949181","chr13","29924378","29924626","67","23975438","GGCTGAGTACTCTGGCTCACACCTGTAATCCCAGCACTTTGTGAAGCTGAGGAGGGCAGATGGCTCGAGCTTAGGAGACCAGCCTGGGCAACATGGCGAAAACCAAACTGTACAAAAAAATACAAAACTTAGCCAGGCCTGGTGGCCTGTGCCTGTCCCAGCTACTAGAGAGGCTGAAGGAGGAGGATCACGGCAGCTTGGGTGACTCTAGCCTGGGTGACAGAGCGAGATCCTATCTCAAA","GGCTGGGCATGGTGGCTCATACCTGTAATCCCAGCACTTTGGGAGGCCGAGGTGGGCAGATCGCTTGAGCCCAGGAGTTGGAGACCAGCCTGGGCAATATGGCAAATCCCCATCTCTACAAAACATACAAACTTAGCTAAGTGTGGTGGCACGTGCCTGTAGCTCAAGCTACTCAGGAGGTCAAGGCTGCAGTGAGCTGTGATCATGCCACTGCACTCCAGCCTTGGTGACAGAGTGAGACCCTGTCTC"
"KN294172v1","5954565","5954878","chr22","24630304","24630609","26","18675739","GGTTGGACACCGTGGCTCACGCCTATAATCCTAGCACTTTGGAAGGCCAAGGCTGGATGGTTGCTTGAACGCAGGAGTTCAAGGCCAGCCTGGAATGCAGAAAGACTCTAGTGTCAACAAAAAAATACAAAAATTAGCCAGGCATGGTGGTCAGCACACCTGTAGTCCCAGCTACTTGGGAGGCTGAGATGGGAGGATTGCTTGAGCCCAGGAGGTTGAGGTTGCAGTGAGCCATGATCACGCCACTGCACTCCAGTTTGGGCAACAGAATGAGACCCTGTCTCAAAAAAAAAAAAAAAAAAAAAAAAAAGAAA","GGTTGGGCACCATGGCTCACGCCTATAATCCTACCACTTTGGAAGGCCGAGGCTGGAGGGTGCTTGAACACAGGAGTTCAAGGCCAGCCTGGAATGTAGAAGGACACCAGTGTCAACAAAAAAATACAAAAATTAGCCAGGCATGGTGGTGCACATCTGTAGTCCCAACTACTTGGGAGGCTGAGATGGGAGGACTGCTTGAGCCCAGGAGGTTGAGGTTGCAGTGAGCCATGATCACGCCACTGCACTCCAGACTGGGCGACAGAATGAGACCCTGTCTCAAAAAAAAAAAAAAGAAAAAGAAAA"
"KN294172v1","5994688","5994915","chr22","24589665","24589891","14","18594977","GGCCAGGCGTGGTGGCTCGTCCCTGTAATGCCAGCACTTTGGGAGGCCAAGGTGGGTGGACTGCTTGAGCTCAGGTGTCTGAGACCAGCCTGGGCAACACCACGAAACCCCATCTATACCAAAAATACAAAAATTAGCTGGTCGTGGTGGTGTGCACCTGTGGTCCCAGCTACTTGAGAGACTGAGGTGGAAGGATCTCTTGAGCCCAGGAGGCAAGGCTGCAATGAG","GGCCAGGCATGGTGGCTCGTCCCTGTAATCCCAGCACTTTGGGAGGCCAAGGTGGGTGGATTGCTTGAGCTCAGGTGTTTGAGACCAACCTGGGCAACACCACAAAACCCCATCTCTACCAAAAATACAAAAATTTGCCGGTCATGGTAGTGTGCACCTGTCGTCCCAGCTACTTGAGAGACTGAGGTGGAGGATCTCTTGAGCCCAGGAGGCGAGGCTGCAATGAG"
"KN294172v1","5999254","5999371","chr5","106122568","106122685","14","100123314","GGCCAGGCTCGGTGGCTCACGCCTGTAATCCCAGCATTTGAGAGGCCAAGGCAGCACGATCACTTGAGCTCAGGAGTTCAAGACCAACCTGGGCAACATAGCAAGACCCTGTCTCTAA","GGCTGAGCTTGGTGGCTCATGCCTGTAATCTCAGCACTTTGGGAGGCCAAGGCAGGACGATCACTTGAGCCCAGGAGTTCAAGACCAGCCTGGGCAACATAGTGAGACCCTGTCTCTA"
"KN294172v1","5999718","5999822","chr1","39452368","39452466","27","33452650","TGAAATAAATACCGAGCTCAGGCTGGGCACATTGATTCACGCCTGTAATCCCAACACTTTGGGAGGCTGAGGTAGGAGGATGGCTTGAGCCCAGGAGTTGGAGAC","AACTATTTCTTTAATGCTATGCATGGTGGCTCACACCTGTAATTCCAACACTTTGGGAGGCCGAGGCAGGAGGATCGCTTGAGCCCAGGAGTTCAAGAC"
"KN294172v1","6001790","6002089","chr17","26582896","26583193","52","20581106","GGCTGGGTGTGGTGGCTCACACCTGTAATCTCAGCACTTTGGGAGGCAGAAAGCGGGAGGATCACTTGAGCTCAGGAGTTCAAGGCTAGCCTGGGCAACATGGCGAAACCCTGTCCCTACAAAAACTACAAAAATTATCTGGGCACGGTGACTTGCACCTGTAGTCTCAGCTACTTGGGACTATGAGGTGTGGGGATTGCTTTGGCCCAGGAGTTTAAAGCTGTAGTGAACTATGACTACACCACTGCATTCTAGCCTGGGCAACAGAGTGAGACCCTGTCTCAAAAAAAAAAAAAAAAA","GGCTGGGCATGGTAGCTCACACCTGTAATCCCAGCACTTTGGGAGGCTGAGGAGGGCAGATCACTTGAGCTCAGGAGTTTGAGACAAGCCTGGGCAATATGGCAAAACCCTGTCTCTACAAAAAATACAAAAATTAGCCGGGCGCAGTGGCATGTGCTTGTAGTCCCAGCTACTTGGGAGGCTGAGGTGGGAGGATTGCTTAAGCCCAGGAGTTGGAGGTTGCAGTGAGCTATGATCGCACCACTGCACTCCAGTTTGGGTGACAGAGTGAGACCCTGCCTCAAAAAAAAAAAAAAAA"
"KN294172v1","6002941","6003262","chr22","24580023","24580335","36","18577082","GCTGGGTGTGGTGGCTTGTGCCTGTAACCCCTGCACTTTGTGAGGCTGGGGCAGGATAATCGTTTGAGCCCACGAGTTTGAGACCAGCCTGGGCAACATAGCAAGACCCCATCTCTAAAAAAAAAAAAAAAGAATTAAAATTAAAAAATTAGCCTGGCGTGGTGGCACATCATGAACACCCGTAATCCCAGCTCCTTGGAGGTGGAGGCGGGAGGATCCCTTGAGCTCAGGAGGTTGAGGCTGCAGTGAGCCCTGATTGCACTACTGCACTCTTGCCGAGGCAACAAGAGCTAGACCCCGTCTCAGGAAAGGAAAAAAAAAA","GGCTGGGTGTGGTGGCTCGCTCCTGTAACCCCTGCACTTTGTGAGGCTGAGGCAGGAGAATCGTTTGAGCCCAGGAGTTTGAGACCAGCCTGGGCAACATAGAAAGACCCCATCTCTACAAAAAAAATTAAAATAAAAAAATTAGCCCAGCGTGGTGGCACATGAACACCTGTAATCCCAGCTCCTTGGAGGTGGAGGTAGGAGGATCCCCTGAGCTCAGGAGGTTGAGGCTGCAGTGAGCCCTGACTGTACTACTGCACTCTTGCATAGGCAACAAGAGCTAGACCCCGTCTCAAAAGAAAAAAAAAAAAAA"
"KN294172v1","6007727","6007861","chr2B","67591296","67591427","20","61583569","GCCAGGTGCAGGGGCTCATTCCTATAACCCCAGCAGTTTGGAAGGCTGAAGTGGGTGAATTGCTTGAGCTCAGGAGTTTGAGACCAGCCTGGGCAACACGGCAGAAACCCGTCTCTACAAAAAATACAAAATTTA","GGCCAGGTATAGTGGCTCATGCTTGTAATCCCAGCACTTTGGGAGGCTGAGGTGGGTGAATTGCTTGAGCTCAGGAGTTCAAGACCAGCCTGGGCAAATGGCAAAACCCTGTCTCTACAAAAAATACAAAAA"
"KN294172v1","6016094","6016392","chr22","24565795","24566081","44","18549701","CTGGGCACGGTGCCTCACCCCTGTAATCCCAGCACTTCGGGAGACTGAGGTAGGCAGACTACCCGAGCCCAGGACTCTGAGACCATCCTAAGCAACACACCAAAGCCCTAAAAAAAATACAAAAAAAAAAAAAAAAATTAGCTGGGCATGGTGGTGCATGCCTGTAGTCCCAGCTACTAAGGAGACTAAGGTAGGAGGATCACTTGAGCCCAGGAAGTCAAGGCTGCAGTGAGCTTTGATCATGCCACTGCACCCCCAGCCTGAGTGACAGAGTGAGACCCTATCTCAAATAATAATAA","GACTGGACACAGTGCCTCACCCCTGTAATCTCAAAACTTTGGGAGACTGAGGTAGGCAGACTGCCTGAGCCCAGGACTTCGAGACCATCCTAGGCAACACACAAAACCCTAAAAAAAAATACAAAAAAAAAAAATTAGCTGGGTGTGGTGGTGCGTGCCTGTAGTCCCAGCTACTCGGGAGACTAAGGTAGGAGGACCACTTGAGCCTAGGAGGTGAAGGCTGCCATAAGCCTTGATCATGTCACTGCACCCCCAGCCTGAGTGACAGAGTGAGACCCTATCTCAAA"
"KN294172v1","6023604","6023884","chr3","198479938","198480211","60","192456334","GGGTATGGTGGCTCATACCAGTAATCCCAATCCTGAACCTTTGGGAGGCTTAGACGAGAGGATTGCTCGAGCCCGGGAGTTCAAGACCAGCCTGGACAACATAATGAGACTGCCATCTCTATAAAAAATAAAATAAAATTAGCTGGGCGTGGTGGCTCGTGCCTGTGGTTTCAGCTACATGGGAGGCTAAGGCAGGAGGATCACTTGAGCCTGGGAGGTTGAGGCTGCAGGTGAGCTATGATCTCACCACTGCACTCCAGGTGGGGCAACAGAGCAACACC","GTCAGGTGTGGTGGCTCATGCCTGTAATCCCAGCATTTTAGGAGGCCGAGACAGGAGGATTACTTGAGCCCAGGAGTTCAAGGCCAGCATGGGCAACATACTGAGACCCTATCTCTACAAAAAATCAAAACAATTTGCTGGGCATGGTGACACGTGCCTGTAGACCCAGCTACTTGGGAGGCTGAGGCAGGAGGATCACTTGAGCCCAGGAGGTTGAGGCTGCAGTGAGCCATGATCATGCCACTGCTCTCCACCTTGGGTGACAGAGTGAGAC"
"KN294172v1","6054231","6054518","chr22","24531037","24531288","56","18476806","CTGGGCGTGGCCACTCACACCTGTAATCCTAGCATTTTGGGAGGCTAAGGTAAGGAGATTGCTTGAGCCCAGGAATTCAAGACCACCCTGGGCAACATGGCGAGACCCTGTCTTTACATTAGCCAGGCATGGTGGAACACACCTGTTAGTCTCAGCTACTCAGGTGGCTGAGACAGGAGGATCACTTGAGCCCAGGAGTTGGAGGCTGCAGTGAGCCACGATAACACCACTGTACTTCAGCCTGGGCAACAGAACAACACTGTCAAAGAAAAAAAAAAAAGAAAAAAA","GGCTGGGCGTGATCACTCACACCTGTAATCCTAGCGCTTTGGGAGGCTGAGATGAGAGGATTGCTTGAGCCCAGGAATTCAAGACCACCCTGGGCAACATGGCAAGACCCTGTCTCTACATTAGCCAGGCATGGTAGAACACACCTGTTAGTCTCAGCTACTCAGGTGGCTGAGGCAGAAGGATCACTTGAGCCCAGGAGTTGGAGGCTGCAGTGAGCCATGATCACACCACTGTACTTCAGCCTGGGCAAC"
"KN294172v1","6149388","6149537","chr2A","20917608","20917757","31","14768220","GGCTAGGCATAGTGGCTCATGCTTGTAATTCCAGTGTTTTGGCATGTCAAGGCAAGAGGATCGTTTGAGCCAAGGAGTTGCAGACCAGCCTGGGCAACATAGCAAAACCCTGCTTCTATAAAAAAACAAAATATCAGCCAGGCATGGAGG","GGCCAGGCGCAGTGGCTCATGCCTATAATCCCAGCACTTTGGGAGGCCAAGGCAGGAGGATCGCTTGAGCTCAGGAGTTCAGGACCAGCCTGGGCAACATAGAGACAGCTTGTCTCTACAAAAAATCAAAAAGTCAGCCAGGCATGGTAG"
"KN294172v1","6161481","6161600","chr22","24435381","24435486","22","18273900","GGTGGCTCACACCTGTAACCCAGCACTTTAGGACGCTGAGGTGAGAGGATCGCTTGAGCTCAGGAGCTCGAGACCGGCCTGGACAATATAGTGAAACACTATCTCTCTAAAGAAAACAAA","GGTGGCTCACACCTGTAACCCAGCACTTCAGGACACTGAGATGAGAGGATCGCTTGAGCTCAGGAGCTCGAGACCAGCCTGGGCAACACAGTGAGACACTATCTCT"
"KN294172v1","6165712","6165849","chr22","24430868","24431009","11","18265156","CGGGCGCAGTGGCTCACGCCTGTAGTCCCAGCACTTTGGGTGGACTGCTTGAGTCCAGCAGTTCGAAACCAGCCTCAGCAACATGGTGAAACTCAGTATTTACAAAAAATACAAAAATTAGCCAGGCGTGGTAGCGCG","GCCGGGCGCAGTGGCTCACGCCTGTAGTCCCAGCACTTTGGTGGGTGGATTGCTTGAGTCCAGCAGTTCGAAACCAGCCTTGGCAACATGGTGAAACCCAGTCTTTACAAAAAATACAAAAATTAGCCAGGCGTGGTAGCGC"
"KN294172v1","6170997","6171127","chr1","7408206","7408335","32","1237209","GGCCAGGCGTGGTGGCTCATGCCTGTAATCTCAGCACTTTGGGAGGCCCAGGTGGAAAGAGTGCTCAAGCTCAGGACCTCATGGCCAACATGGTGAAACCCTGTTTCTCCAAAAATAATGATACAAAAATT","GGCTGGGCCTGCTGGCTCATGCCTGAAATCCTAGCACTTTGGGAGGCCGAGGTGGGAGGATTGCTCAGGAGTTTGAGACCAGCCTGGGCAACATGGTGAGACCCCGTCTCTACAAAAAGTACAAAATTTA"
"KN294172v1","6193971","6194275","chr22","24403981","24404265","48","18210010","GGCTGAGTATGGTGGCTCATGCCTATAATTCCAGCACTTTGGGGGGGCCAAGGTGGTAGAATTGCTTGAGTCCAGGAGTTCAAGACAAGCCTGGGCAACATAGTGAGACCCTATCTCTATAATACAAAAATTAGTTGGGCAGTTGGGCATGGTGATGCATGCCTGTAGTTCTAGTTATTCAGGAGGCTGAAGCAGAAGATTGCTTGACCCCCGGAAGTCAAGATTCCAGTGAGCTGTGATCTCGGCACTGTACTCCAACCTTGGAGACAGAGTGAGACCCTGTCTCAAAAAACCAAAAACAAAAA","GGTTGGGTATGGTGGCTCATGCCTATAATTCCAGCACTTTGGGGGGCCAAGGTGGTAGAATTGCTTGAGTCCAGGAGTTCAAGACCAGCCTGGGCAACATAGTGAGACCTTATCTCTATAAAAAATACAAAAATTAGTTGGGCATGATGGTGCATGCCTGTAGTCCCAGCTATTCAGGAGGTTGAGACAGGAAGATTGTTTGACCCCAGGAGGTCAAGACTCCAGTGAGCCATGATCTCAGCACTGTACTCCAACCTTGGAGACAGAGTGAGACTCTGTCTCAAA"
"KN294172v1","6199892","6199997","chr1","134356960","134357062","18","128157068","CCAGCCTGGGCAACATAGTGAGACCTCATCTCTACCAAAAATAAAAAAAATTAACCAAGCTTGGTGGCACATACCTGTAGTCCCAGCTACTTGGGAGGCTGAGCCA","CAGCCTGGGCAACATAGTGAGACCTCATCTCAACAACAAATAAAAAAAATTAGCCAGGCCAGGTGGTGCACACCTAAAGTCCCAGCTACTCAGGAGGCTGAGG"
"KN294172v1","6230352","6230471","chr7","134822555","134822669","20","128592203","CTCATGCCTGTAATCTCAGCACTTTGGGAGGCCGAGGCAGGTGGATCCCTTGAGCCCAGGAATTCAAGACCAACCTGGGCAACATGGCAAAACCTCGTCTCTACAAAAAATAAACAAAAA","GCTCATGCCTGTAATCCCAGCACTTTGGGAGGCCAAGGCAGGTGGATCGCTTGAGCTCAGGAGTTCAAGACCAGCCTGGGCAATATGGCGAAACCCTATCTCTATAAAAAATATA"
"KN294172v1","6321668","6321975","chr14","85599068","85599371","58","79277400","GGCCAGGCACAGTGGCTCATGCCTGTAATCCCAGCACTTTGGGAAGCCAAAGTTGGGAGATCATTTGAGCCCAGTTCGAGACGAGCAAAGGAAACATAATGAGACCTTGTCTCTATAAAAAAATTTTTTTTTAATTAGCTGGGTGTGGTGGTGCACACCTGTAGTTCCAGCTACTTGGGAGGCTGAGACAGGAGGATTACTTGAGCTCAGGAGGTGGAGGCTGCAGTGAGCTATGATCATGCCATTGCACTCCAGGCTGGGCAACAGAGTGAGACCTTGTCTCCAAAAATAAAAATAAAAATAAAAAA","GGCCGGGTGCAGTGGCTCATGCCTGTAATCCCAGCACTTTTGGTAGGCCAAGGTGGGAGGATTGCTTGAGCCCAGGAGTTGGAGACCAGCCTGAACAACAAAGTGAGACCCCTATCTCCATAAAAAACCAAAAAATTAGCTGAGTGTGGTAGTGCACGCCTGTAGTCCCAGCTACTTGGGAGGCTGAGGCAGGAGGATGGCTTGAGCCCAGGAGGTCAGGCTGCAGTGAGCTGTGATCAGGCCACTGCACTCCAGCCTGGGCAACAGAGTGAGACCCTGTCTTAAAAAAAAAAAAAAAAAAAAA"
"KN294172v1","6358598","6358724","chr22","24237942","24238070","7","17879344","GGCTGGGCATGGTGGCTCATGCCTGTAATCTCAGTTCCTTGGGAGGCTGAGGTGGGAGGATCACTTGAGCCCAGGAGTTCGATTAGCCTCGGCAACATAGTGAGACCCTGTCTTTACAAGAACAAAA","GGCTGGGCATGGTGGCTCATGCCTGTAATCCCAGCTCTTTGGGAGGCTGAGGTGGGAGGATCTCTTGAGCCCAGGAGTTCAAGACTAGCCTCGGCAACATAGTGAGACCCTGTCTTTACAAGAACAAAA"
"KN294172v1","6384147","6384442","chr22","24200056","24200352","19","17815909","GGCCAGGTGTGGTGGCTTATGCTTGCAATACCAGCACCTCAAGAGGCTGAGGCAGTAGGATCCCTTGAGCTCAGGAGTTCAAGACCAGCTTGGGCAACATAGCGACACCTTGTCTCTACAAAAAATTTTAAAAAACAAAATTAGTTGGGCGCCGTGGCTTGTGCCTATAGTACCAGCTACTAGGGAGGCTGAGGTAGGAGGATCACTTGAACCAGGGAGTCAGAAGTTGCAGTGAGCTGAAATCTCACCACTGCACTCCAGCCTGGATGACAGAGTGAGCCCCTGTCTCAAACAAA","GGCCAGGCGTGGTGGCTTATGCTTATAATACCAGCACCTTGAGAGGTCGAGGCAGTAGGATCCCTTGAGCTCAGGAGTTCAAGACCAGCTTGGGCAACACAGCAACACCTTGTCTCTACAAAAAATTTTAAAAACCAAAATTATTTGGGCGTTGTGGCTTGTGCCTATAGTACCAGCTACTCGGGAGGCTGAGGTAGGAGGATCACTTGAACCGGGGAGTCAGAAGTTGCAGTGAGCTGAAATCTCACCACTGCACCCCAGCCTGGGTGACAGAGTGAGCCCCTGTCTCAAATAAAA"
"KN294172v1","6384505","6384803","chr22","24199707","24199996","36","17815202","GGCTGGGTGCGGTGGCTCTCACCTGTAACCCAGCACGATGGGAGGTGGAGGCCAGAGAATCACTTGAGCCTAGGAGTTCAAGACCAGCCTGGGCAACACAGTAAGGCCCTCTCTACAAAAAATTAAAAATTAGCCAGGCATGGTGGCGTGTGACTATAGTTCCAGCTACTCGGGAGTCTGAGGCAGGAGGATTGCTTGAACCCAGGAGATTGAGGTTGTAGAGAGAAGTGTTTGCACCATGGCACTTCAGCATGGGTGACAAAGCAAGGCCCTCTCTTAAAAAAAAAAAAAAAAAAAAA","GGCCAGATGGGGTGGCTCTCACCTGTAACCCAGCACTGTGGGAGGTAGAGGTGAGAGAATCGCTTGAGCCTAGGAGTTCAAGACCAGCCTGGGAAACACAGCGAGGCCCTCTCTACAAAAAATTAAAAATTAGCCAGCCATGGTGACATGCGACTATAGTCCCAGCTACTTGGGAGTCTGAGGCAGGAGGATTGCTTGAGCCCAGGAGATTGAGGCTGTAGAGAGAAGTGTTTGCACAATGGTGCTTCAGCATAGGTGACAAAGCAAGACCCTCTCTCAAAAAAAAAAAA"
"KN294172v1","6394835","6395142","chr22","24184924","24185233","22","17790089","CTGGGCTTGGTGGCTCATGCCTGTAATCCCATCACTTTGGGAGGCTGAGGCAGAAAGCTCACTGGAGCCAAGGAGTTCAAGACCAGCCTGAGCAATATAGTAAGACCCCCGTCTCTACAAAAGAATAATTTAAAAATTAGCCAGGCATGGTGGTATGTGCCTGTAGTCCCAGCTACTTAAGACACTAAGGCAGGAGAATCCCTTGAGCCCAGGAGTTCAGGGCTATAATGAGTCATGATCGTGCCACTGCACTGCAAGCTGGGCAACTGAGTGAGGCTGTGTGTCAAAAACAAAAACAAACCAAAAAA","GGCTGGGCTTGGTGGCTTATGCCTGTAATCCCAGCACTTTGGGAGGCTGAGGCGGGAAGCTCACTGGAGCCCAGGAGTTCAAGACCAGCCTGAGCAATATAGTAAGACCCCCGTCTCTACAAACAAATAATTAAAAAATTAGCCAGGCATGGTGGTATGTGCCTGTAGTCCCAGCTACTTAAGAGGCTAAGGCAGGAGAATCCCTTGAGCCCAGGAGTTCAGGGCTGCAACGAGTCATGATCGTGCCACTGCACTGCAGGCTGGGCAGCAGAGTGAGGCTCAGTCTCAAAAACAAAAGCAAACCAAAAAA"
"KN294172v1","6438978","6439184","chr22","24146031","24146242","17","17707053","GCTCAGTGGCTCATGCCTGTAATCCCAACACTTTAAGAGGCCAAGATGGGAGGATCACTTGAGCCCAGGAGCTCAAGATCAGCCTGGGCAACAGAGTGAGACCCCATCCCTAAAAAAAATAAAAATAGGAGGGGCATGGTGGCTTACACCTGTAATCCCAACACTTTGGGAAGCCAAGGCAGGAAGGCTGCTTGAGGCGAGGAGTTC","GGCTCAGTGGCTCATGCCTGTAATCCCAACATTTTAAGAGGCCAAGATGGGAGGATCACTTGAGCCCAGGAGATCAAGATCAGCCTAGGCAACAGAGTGAGACCCCCATCCCTAAAAAAAAAAATAAAAATAGGAGGGGTGTGTTGGCTCAAACCTGTAATCCCAACACTTTGGGAAGCCAAGGCAGGTAGACTGCTTGAGGCCAGAAGTTC"
"KN294172v1","6443349","6443642","chr22","24141735","24142039","31","17698386","GGCTGGATGTGGTAGCTCACGCCTGTAATCCCAGCATTTTGGCAGGCCAAGGTAGGAGGATAGCTTGGCCCCAGGAGTTCGAGACCAGCCTGGGCAACAAAATGAGACCATCCCTACAAAAAATACAAAAAATGAGCCAAGTGTGGTGGTGCATGCCTGTAGTCCCAGCTACTCAGGAGGCTGAGGCGGGAGAATTGCTTGAGCCCCAGGAGATGGAGGCTGTACTGAGCCATGATTGTGTCACTGCACTCCAGCCTGGGTGACAGAGTAAGACTCTGTCCAAAAAAAAAAGAA","GGCTGGATGTGGTAGCTCACGTCTGTAATCCCAGCACTTTGAGAGGCCAAGGCAGGAGGATAGCTTGAGCCCAGGAGTTCAAGACCAGCCTGGGCAACAAAATGAGACCATCCCTACAAAAAATACAAAAAATGAGCCAAGTCTGGTGGTGCATGTCTGTAGCCCCAGCTACTCAGGAGGCTGAGGCAGGAGAATTGCTTGAGCCCCAGGAGATGGAGGCTGCATTGAGCCATGACTGTGCCACTGCACTCCAGCCTGGGTGACAGAGCGAGACTCTGTCTTTAAAAAAAAAAAAAAAAAAAAAA"
"KN294172v1","6464729","6465040","chr2B","101438363","101438666","64","94973634","GTCAGGCACAGTGGCTCACACTTATAATCCCAACACTCTGGGAGGCAGAAGCGAGTGGACTGTTCGAACCCAGGAGTTTGAGACCAGACTGTGCAGTATGGCAAAACCCCATCTCTACAAAAATACAAAAATTAACCAGGCATGGTGGTGTTTGCCTAAAGTCCCAACTACTCAGGAGGCTGAGGTAGGAGGATCGCTTGACCCCAGGAGGTTGAGGCCGCAGTGAGATATGATTACACCACTGCACTCCAGTCTGAGTGACAGAGTGAAACACTGTCTCTTTAAAAAAAAAAAAAGAAGAAGAAGAAGAAA","GGCTGGGCATGGTGGCTCCCACCTGTAATCCCAGCACTATGGGAGGCAGAGGTGAGTGGATTGCTTGAGCCCAGGAGTTTGAGACCAGCCTGGACAACATGGCAAAATCACATCTCTACAAAAAATACAAAAATTAGCCGGGCATGGTGGCACATGCCTGTAGTCCTACTTACTCAGGAGGCTGAGGCAGGAGGATCACTTGAGCCCAGGAGATCAAGGCTACAGTGAGCCATGATTGCACCACTGCACTCCAGCCTGGGTGACAGAGTGAGATCCTGTCTCAAAAAAACAAACAAACAAAGAA"
"KN294172v1","6476357","6476660","chr22","24109396","24109695","38","17633039","GCCAGGTGCATTGGCTCACACCTATAATCCCAATGCTTTGAAAAGCCAAAGCCAGAGGACTGCTCGAGCCCAGGAGTTCAAGACCACCCTGGGCAACACAGTGAGACTCCATCTCCACAAAAAACTTAAAAATCAGCCAGGCATAGTGGCACATGCCTGCAATCCTAGCTACTGAGGAGACTAAGGCAGGAGGACTGCTGGAGTCCAGGAGTGCAAAGCTGCTGTGAGCTATGACGGAGCCACTGTATTCCAGCCTGGGGCAACAGAATAAGACCTTGTCCCTGGAAAAAAAAAAAAAAAAAAA","GGCCAGATGTATTGGCTCACACCTATAATCCCAATGCCTTGGGAAGCCAAAGGCAGAGGACTGCTCGAGCCCAGGAGTTCGAGACCACCCTGGACAACATGGCAAGACTCCATCTCTACAGAAAATTTAAAAATTAGCCAGGCATAGTGGCACATGCCTGCAATCCTAGCTACCGAGGAGGCTGAGGCAGGATGACTGCTTGAGTCCAGGAGTGCAAAGCTGCTATGAGCTATGATTGCGCCACTGCATTCCAGCCTGGGGCAATAGAGTAAGACCTTGTCTCAGGGGAAAAAAAAAAAA"
"KN294172v1","6503401","6503513","chr22","24084262","24084374","10","17580861","GGCCAGGTGTGGTAGCTCACACCTGTAATTCCAGCGCTTTGGGAAGCCAAGCGGGGAGGATCCCGTGAGCCCAGTAGTTCAAGACCAACCTGGTTAACAAATATGCAATACCC","GGCCAGGTGTGGTAGCTCACACCCATAATCCCAGCACTTTGGGAAGCCAAGCGGGGAGGATCCCTTGAGCCCAGGAGTTCAAGACCAACCTGGTCAACAAATATTGAGTACCC"
"KN294172v1","6545239","6545549","chr22","24040047","24040355","26","17494808","GGGCGGGCACAGTGGCTCACACCTGTAATCCCAGCACTTTGGGATGCTGAGGCAGGAGGATTGCTTGAGTCCAGGAGCTGTAGACCAGTCTGGGCAACGTAGTGAGACCCCCATCTCTACAAATAATGAAAAATTAGCCAAGCGTGGTAGTGCACACCTATCGTCCCAGCTGCTCGGGAGCTGGGACAGGAGAATTGCTTGAGCCCAGGAAGTTGAGGCTGCAGTGAGCTGTGATTGTGCCACTGCACTCCAGCCTGGGTGACAGAGTGAGAGCCTGTCTCAAAAAGAAAAAAAAAAAAAGAAGAAAGAAA","GGCCAGGCACAGTGACTCACACCTGTAATCCCAGCACTTTGGGATGCCGAGGCAGGAGGATTGCTTGAGTCTAGGAGCTCTAGAACAGCCTGGGCAACATAGTGAGACCGCCATCTCTACAAATAATGAAAAATTAGCCAGGCGTGGTAGTGCACACCTATAGTCCCAGCCGCTTGGGAGGCTGGGGCAGGAGAATTGCTTGAGCCCAGAAAGTCGAGGCTGCCGTGAGCTGTGATTGCGCCACTGCACTCCAGCCTGGGTGACAGAGTGAGAGCCTGTCTCAAAAAAAGGAAAAAAAAAAGAAAAAAA"
"KN294172v1","6562700","6562833","chr2A","21206595","21206728","17","14643895","GGCAAAGCACAGTAGCTCATGCCTGTAATCCCAGCACTTTGGGAGGCTGAGGTGAGAGGACTGCTTGAGCCCAGGAGTTCAAGACCAGCCTGAGCAACACAGTGAGACACCATCTCTACTAAAAATAAAAATTA","GGCCGGACACAGTGGCTCATGCCTGTAATCCCAGCACTTTGGGAGGCCGAGGTGGGAGGACTGCTTGAGCCCAGAAGTTCAAGACCAGCCTGGGCAACAAAGCGAGACCCCATCTCTATTTAAAAATAAATAAA"
"KN294172v1","6682250","6682553","chr12","110010286","110010585","52","103328036","GGCTGGGCATGGTGACTTATGCCTGTAATCCCAGTACTTTGGGAGGCCAAGATGGAAGGATCACTGGAGCCCAGGAGGTCAAGACCAGCCTGAGCAACATAGTGAGACCCTGCCTCTCCAAAAAGTTTCTAAAAATTAACCAGATATGGTGGCGTGTGCTTGTGGTCCCACCTACTCAGGAGGCTGAGGCAAGAGGATCACTTGAGCTCAGGAGATTGAAGTTGTAGTGAGCCATGATCACACCACACACTCCAGCCTGGGTGACAAAGGGAGACCCTGTCTCAAAAAACTAGGAAAAAAAAAA","GGCTGGGTGTGGTGGCTCACGCCTGTAATCCCAGCCTCTTGGGAGGCCAAGGCGGGAGAATTGCTTGAGCCCAGGAGTTCAAGACCAGCTTGGGCAACGTAGTGAGACCCTGTCTCTAAAGAAAAATGCAAAAATTAGCCAGGTATGGTGGTGCTCGCTTGTAGTCCCAGCTACTCAGGAGGCTGAGGCAGGAGGATCTCTTGAGCCCAGGAGGTTGAGGCTGCAGTGAGCCATGATCACACCACTGCACTCCAGCCTGGGTGACAAAGTGAGACTGTCTAAAAAAAGAAAAACAAAAAA"
"KN294172v1","6683408","6683695","chr22","23898914","23899200","19","17215506","GGCCCAACATGGTGGCTTATGCCTGTAATCCCAGCACTTTGGGAGGCCAAGGTAGGAGGATTGCTTGAGCCCAGGAGTTCAAGACCGGTCTGGGCAACATGGCAAGATGCCATCTTGACCAAAAAAATAAAATTGCCAGTCATGGTGATGTGTGCCTGTGGTCCCAGCTACTTGGGAGGCTGAGGCAGGAGGATTGCTTGGGCTCAGCTCAGGAGGTCGAAGTTGCAGTGAGCCATGTTTGTACCACTGCACTCCAGTCTGGGGAAGAGAATGAGACCTTGTCTCAAA","GGCCCAGCACGGCGGCTCACGCCTGTAATCCCAGCACTTTGGGAGGCCAAGGTAGAGGATTGCTTGAGCCTAGGAGTTCAAGACTGGTCTGGGCAACATAGCGAAATGCCATCTCGACCAAAAACATAAAATTGCCAGTCATGGTGATGTGCACTTGTGGTCCCAGCTACTCGGGAGGCTGAGGCAGGAGGATTGCTTGGGCTCAGCTCAGGAGGTCGAAGTTGCAGTGAGCCATGTTTGTACCACTGCACTCCAGCCTGGGGAAGAGAATGAGACCTTGCCTCAAA"
"KN294172v1","6717082","6717381","chr22","23873127","23873428","28","17156045","GGCCGGGCGCATTGACTCACGCCTGTAATCCCATCACTTTGGGTGGCTGAGGTGGACTGATCGCTTGAGCTCAGGAGTTCAAGACCAGCCTGGGCAACATAGCAAGACCCTATCTCTGCCAAAAAATAGCAAGGCATGGTGGTGCCTATGGTCTCAGGTACCTGGGAGGCTGAGACAAGAGGATTGCTTGAGCCCAGGAGGTTGAGGATGCAGTGAGCCGTGATCATGCCACTGCACTCCAGCCTGAGTGACACAGCAAGACCCTGTCTCAAAACAAAAAACAAAAACAAAACAAAACAA","GGCCGGGCACGTTGGCTCATGCCTGTAATCCCATCACTTTAGGTGGCTGAGGTGGGCTGATCACTTCAGCTCAGGAGTTCAAGACCAGCCTGTGCAACACAGCAAGACCCTATCTCTGCCAAAAATAGCTGGGCATGGTGGTGTGTGCCTATAGTCTCAGGTAACTGGGAGGCTGAGACAAGAGGATTGCTTGAGCCCAGGAGGTTGAGGATGCAGTGAGCTGTGATCATGGCACTGCACTCCAGCCTGAGCGACACAGCAAGACCTTGTCTCAAAACAAAACAAAACAAAACAAAACAAAA"
"KN294172v1","6849565","6849840","chr22","23742933","23743204","22","16893368","GGCTGGGCATGGTGGCTCATGCCTGTAATCCCAACACTCTGAGAGGCCAAGGTGAAGAATCGCTTGAGTCCAGGAGTTAGAGACCAGCCTGGCCAACATGGCAAGACCTCGTTTCTACAAAAAATAAAAAAATTAGCTGGCATGGTGGCACACACCTGTAGTCCCAACTACGTAGGAGGCTGAGGCTGCAGTGAGCCATGAGCATGCCACTGCACTCCAGCTTGGATGACAAAGCAAGATCCTGTCTCAGAAAAGAAGACGACGAAGAAAAAGAAA","GGCCGGGCATGATGGCTCATGCCTGTAATCCCAATACTCTGGGAGGCCAAGGTGGAGAATCGCTTGAGTCCAGGAGTTAGAGACAGCCTGACCAACGTGGCAAGACCTCCTTTCTACAAAAAATTAAAAAATTAGCTGGCGTGGCAGCACACACCTGTAGTCCCAGCTACGTAGGAGGCTGAGGCTGCAGTGAGCCAGGAGCATGCCACTGCACTCCAGCCTGGATGACAAAGCAAGATCCTGTCTCAAAAAAGAAGAAGATGAAGAAGAAA"
"KN294172v1","6863790","6864098","chr22","23729469","23729789","27","16865679","GGCCAGGCATGGTGGCTCATGCCTGTAATCCTAGCGCTTTGGGAGGCTGAGGTGGGAGAATCACTTGAGCCCAGGAGTTCAAGAACAGCGTGAGCAGCATAGGGAGACCCTATCTCTGCTAAAAGTTTTTTTTAATTAGCCAGGCGTGGTGGCTCATGCCTGTAGTCCCAATTACTTGGGTGGCTGAGACAGGAGGATCGCTTGAACCCAGAAGGTCGAGGCTGCAGTGAGCTATGAATCGCACCACTGCACTCCAACCTGGGCAACAGAACAAGACCTTGTCTCAAAAAAGAAAAAGAAAAAGAAAAA","GGCCAGGCATGGTGGCTCATGTCTGTAATCCCAGCGCTTTGGGAGGCTGAGGTGGAAGAATCACTTGAGCCCAGGAGTTCAAGACCAGCCTGAGCAGCACAGGGAGACCCTGTCTCTGTTAAAAAAAGTTTTTTTTTAATTAGCCAGGCATGGTGGCTCATGCCTGTAGTCCCAATTACTTGCGTGGCTGAGACAGGAGGATCTCAGCTTGAGCCCAGAAGGTCGAGGCTGCAGTGAACTATGAATCGCACCACTGCACTCCAACCTGGGCAACAGAACAAGACTTGTCTCAAAAAAAAAAAAAAAAAAGAAAAAGAAAAA"
"KN294172v1","6869505","6869635","chr19","18888053","18888184","23","12018548","GGCCGGGCATAGTTGCTCACACCTGTAATCTCAGCACTTTGGGAGGGCGAGGTGGGAAAATCACTTGAGGTCAGGAGTTCGAGACCAGGCTAGGCAAAAAAGCAAGCTCCTATCTATAAAAAATAAAAATA","GGCCAGGCATAGTGGCTCAAACCTATAATCCCTGCACTTTGGGAGGCCGAGGTGGGAGGATCACTTGAGCCCAGGAGTTCGAGACCAGCCTGGGCAACATAGCGAGACCCTATCTCTGTCAAAAATAAAAAA"
"KN294172v1","6869899","6870076","chr6","92399550","92399728","46","85529651","TCAATCAATCAATAAATAAGCTGGCCATGATGGCACACGTTTGCAGTCTCAGCTACTCAGGAGGCTGAGGCAGGAGGATCGCTTGAGCCTAGGAGTTCAAGGTCACAGTGAGCTAGGATCACACTATAGCACTCTAGCCTGGAGTGAGAACTTGTCTTGTTTAAAAAAATAAAACAAA","AAAAACAAAAAACATAGCCAGTTTTAAGGGCACACACCTGTAGTCCCAGCTACTCAGGAGGCTGAGGCCGGAGGATCGCTTGAGCCCAAGAGTTCGAGGATGCAGTGAGCTATGATCACGCCACGGTACTCCAGCCTGGGTGACAGAGCAAGACCCTGTCTAAAAAAAATAAAACAAAA"
"KN294172v1","6894007","6894171","chr4","40478384","40478544","42","33584377","GCTCGTCATGGTGGTGGATGCCTATAGTCCTAGCTACTTGGGAGGTTGAGTTTGAGACAGGAGGACTGCTTGAACCTGGCAGTTTGAGGCTGCAGTGAGCCATGATTGTGCCACTGCCCTCTAGCCGAGACAACAGAGCGAGACCTGGTCTCCAAAAACAAAAAA","TTAGCTGGGTATGGTGGCTTGTGCCTATAGTCCTAGCTACTCAGGAAGCTGAGGAGGGAGGATCGCTTGAGCCCAGAAGTTTAAAGCTGCAGCGAGCTATGATCGTGCCACTGCACTCCAGCCTGAGTGACAGAGGAGATCTTGTCTCTAAAGAAAAAAAA"
"KN294172v1","6894207","6894327","chr6","81745536","81745652","28","74851329","GGCCACGTGCCATGGCTCAATCCCAGCACTTTGGGAGGCCAAGGTGGGAGGGTTGTTTGAGCCCAAAATTCGAGACCAGCATGGGCAACATGGTGAGATCCCCACTGCTACCAAATCATAC","GCAATGGCCCATGCCTGTAATCCCAGCTCTTTGGGAGGCCAAGGTGGGAGGATTGCTTGAGCCCAGGAGTTCAAGACCAGCCTGGGCAATATAGTGAGAACCTATCTCTACAAAAAA"
"KN294172v1","6903144","6903439","chr22","23692293","23692525","80","16789149","GGCCAGGGGTGATGGCACATGCCTTGTAATCCCAGGATTTTGGGAGGCTGAGGTGGGAGGATTGCTTGAGCCTGAGCCCAAGAGTTTGAGACTAGCCTGGGCAACACAGTGAGGACCCGTTTCTACTTAAAGCAAAAAGAAGTACCTGGGCTTGGTAGTATGTGCCTGTAGTACTAGCTACTCAGAAGTCTAAGGTGGAAGATCGCTGGTGCCCTGGAATTTGAGGTTACAAGTGAGTTACCTCGCTGCAGGTACTGCTGTGTTATCTAGCCTGAGCAACATAGTGAGACCCTGTC","GGCCAGGGGTGATAGTGCATGCCTGTAATCCCAGGACTTTGGGAGGCTGAGGTGGGAGGATTGCTTAAGCCTGAGCCCAAGAGTTTGAGACCAGCCTTGGCAACATAGTGAGGCCCTGTTTCTACTCAAAGCAAAAAAAAGTATCTGGGCTTGGTAGTGCATGCCTGTAGTACAGCTACTCAGAAGGCTAAGGTGGAAGATCGCTGGTGCCCTGGAGTTTGAGGTTGCAGTGA"
"KN294172v1","6944498","6944812","chr18","48222853","48223158","64","41278355","GACCGGGCGTGGTGGCTCACTCCTGTAATCCTAGCACTTCACTTTGGGAGGCCAAGGCAGGAGGATTGGTTGAGCTCAGGAGTTCGAGATCAGCCTGAGCAACATAGGAAGACTCTGCCTCTACAAAAAAATGTAAAAAATTAACGGAGCATGGTGGCATGTGCCTGTAGTCTCAGCTACTAAGGAGGCTAAGGCAGGAGAATTGCTTGAGTCTGGGAGGTCGAGGCTGCAGTCAACCATGATCACACCACTGCACTCCAACCCGCGTGACACAGCAAGAACCAGTCTCAAAAAAATAAAAATAAAAATAAAGAA","GACTGGGCATGGTGGCTCACACCTGTAATCCCATCACTTTGGGAGGCCAAGGCAGGAGGATCGCTTGAGCCCAGGAGTTCAAGACCAGCCTGGACAACATGGCAAGACCCTTGTCTCCACAAATAATAAAAAATTACCCAGGCGTGGTGGTATGTGCCTGTAGTCCTAGCTACTCAGGAGGCTAAGGCAGGAGAACTGCATAAGCCCAGTAGGTCAAGGCTGCAGTGAGCCATGTTTTGCACCACTGCACTCTAGCTTGGGCAAAAGTAAGACCATGTCTCAAAAAAATAAAATAAAATAAATAAA"
"KN294172v1","7040804","7041108","chr11","123369288","123369590","59","116328484","GGCTGGGCACAGTGGATTACACCTATAATCCCAGCACTTTGGGAGGCTGAGGCAGGAGGGCTGCTTGAGCTCAGGAGTTTCAGATCCACCTCAGCAACATAGCAAAACCCTGACTCTACAATACAAAAATTAGCTAGGCATGGTGGCGCATGCCTGTAGTTCCAGCTACTTGGGAGGCTGAGGCTGGAGGATTGCTTGAGCCCATGAGATTGAGACTGCAGTGAGCCATGATGGCACCACTGCATTCCAGTCCAGCCTAGGCAACAGAGTGAGACTCTATCTCAAAAAGGAAAACAAAGAAACAA","GACCGGGCACAGACGCTCACACCTGTAATCCCAGCACTTTGGGAGGCTGAGGTAAGTGGATGGTTTGAACCTAGGAGTTCAAGACCAGCCTTGGCAATATAGCAAAACCCTGTCTCCACTAAAAATACAAAAATTAGCTGGGTGTGGTGGTGTGTGCCTATAGTCCCAGCTACTTGGGAGGCTGAGGCGGGAGGATTGCTTGAGCCCAGGAGATTGAGACTGCAGTGAGTCCTGAGTACACCACTGAACTCTAGCCTGGGCAACAGAGTGAGACTCTGTCTCAAAAAAAAAAAAAAAAAAAAA"
"KN294172v1","7087469","7087735","chr22","23502598","23502862","21","16415129","GGCCAGGCACGGTGGCTCACACCTGTAATCCCAGCACTTTGGGAGGCTGAGGTAGGAGGATTGCTTGAGCCCAGGAGTTCCAGACCAGCCTAGGCAATATAGTGAGAGCTTATCGCTACAAATAGTATACCTAGCTGCTTGGGAAGCTGAGGCAGGAGGATCACTTGAGCCTAGGAGTTTGAATCTGCAGTGAGCCGTGATTGTGCCACTGCACTCAAACCTGGGAGTCAGAGTGAGACCCTGTCTCAAAAAACAAAACAAAAAAAA","GGCCAGGCACGGTGGGTCATGCCTGTAATCCCAGCACTGTGGGAGGCTGAGGTAGGAGGATTGCTTGAGCCCAGGAGTTCCAGACCAGCTTGGGCAATATAGCAAGAGCTTATCGCTACAAATAATATACCTAGCTACTTGGGAAGCAGAGGCAGGAGGATCGCTTGAGCCTAGGAGTTTGAATCTGCAGTGAGCCATGATTGTGCCACTGCACTTGAGCCTGGGAGACAGAGTGAGACCCGGTCTCAAAAAACAAAAAAAAAGA"
"KN294172v1","7095201","7095493","chr19","706862","707152","58","6388339","GGTTGGGCACTGTGGCTCATGCCTGTAACCTCAGCATTTTGGGAGGCTGAGGTGGGAGGATTGCTTGAGCCAACGAGTTGGGAGACCAGCCAGGGCAACATAACGAGACCTCATCTCTACTAAAAATAAAAAAATTAACCCATTGCGGTGGCACGTGCCTGTGGTCCCAGCTACTTGGAAGGCTGAGGTAAAGGGATCGCTGGGGCCTGGGAGGTTGAGGCTGTGGTGAGCCAAGGTCATGCCACTGCACTCTAGCCTGGGTGACAGAGCAAGATCCTGTCTCAAAAGAAAAA","GGCTGAGCACCGTGGCTCAAGACTGTAATCCTAGCACTTTGGGAAGCTGAGGAAGGAGGATCTCTTGAGCCCCGGAGTTTGAGACTAGCCTGGGCAACGTAACAAGACCCCATCTCTACAAAAAATACAAAAATTAGCCAATTGTGGTGGCACACACCTGTAGTCCCAGCTACTCGGGAGGCCGAGGCAAGAGGATTGCTTGAGCCCAGGTGGTCGAGGCTGCAGTGAGCCATGATCACACCACTGCACTCTAGTCTGGGCCACAGAGCAAGACTGTCTCAAAAAATAAAA"
"KN294174v1","385151","385440","chr13","90386768","90387053","27","90001617","CCAGGTGTGGTGGCTCATGTCTGTAATTTCCACTTTGGGGGACCAAGGTGAGAGGATCGTTTGAGCCCAGGAGTTCAAGATCACCCTGGGCAACAGAGTGAGACCCCCATCTCCACAGAAAAATAAAATAGTTGGGTGTAGTGGTGCATGCCAGTGGTCCGAGCTACTTGTGAGGTTGAGGCTGCAGAATTACTTGAGCCCAGGAGGTTGAGGCTGCAGTGAGCTATGACCATACCACTGCACTCCAGCCTGGGCAACAGAGCAATCATTTGTCTCAAAAAAAAAAAAAA","CCGGGTGTGGTGGCTCACATCTATAATTTCCACTTTGGGGGACCAAGGTGAGAGGATTGTTTGAGCCCAGAAGTTCAAGACCAGCCTGGGCAACACAGTGAGACCCCATCTCTACAGAAAAATAAAATAGTTGGGTGTAGTGGTGCATGCCAGTGGTCCCAGCTACTTGGGACATTGAGGCTGCAGGATCGCTTGAGCCAAAGAGGTTGAAGCTGCAGTGAGCTATGACCATGCCACTGCACTCCAGCCTGGGCAACAGAGCAAGAATTTGTCTCAAAAAAAAAAA"
"KN294174v1","388664","388780","chr13","90383024","90383138","10","89994360","CAGGCACGGTGGCTCACACCTGTAATCCCAGCACTCTGGAAGAATCACTTGAGCCCAAGAGTTCGAAACCAGCCTGAGCAACATAAGGAAATACTGTCTTTATGAAAAAATAAAAAT","GGCACAGTGGCTCACACCTGTAATCCCAGTACTCTGGGAGGATCACTTGAGCCCAAGAGTTCGAAACCAGCCTAGGCAACAGAAGGAAATACTGTCTCTATGAAAAAATAAAAAT"
"KN294174v1","442430","442661","chr13","90329584","90329816","15","89887154","CCAGGACTTTGGGAGGCTGAGGCAGGAGGATCGCTTGACCCCAGGTGCTGAGCAGCCTGGGCAACATAGCAAGACCCTATCTCTATGAATAACTGAAAAATTAGCTGGCATGGTGACGTGTGCCTGCAGTCCCAGCTATTCAGGAGGCTGAGGCAGGAAGATCCCTTGAGTCCAAGAATTCGAGGTTACCGTGGGCTATGATTGTGCCACTGCACTCCAGCCTAGGTGACAG","CCAGGACTTTGGGAGGCTGAGGCAGAAGGATCGCTTGACCCCAGGAGTTGATCAGCCTGAGCAACATAGCAAGACCCTATCCCTATGAATAATTGAAAAATTAGCCGGCATGGTGATGTGTGCCTGTAGTCCCAGCTATTCAGGAGGCTGAGGCAGGAGGATCCCTTGAGTCCAAGAATTCGAGGTTACAGTGGGCTATGATTGTGCCACTGCACTCCAGCCTAGGCAACAGA"
"KN294175v1","2426","2545","chr1","12175299","12175420","31","12172873","CCGGGTTGTGATAACTCACATTTGCAACATCAGCACTTTGGGAGGCTGAGGTGGGAGGATCACCCAGGAGTTCAAGATCAGACTGGGCAACATAGGGATACCCAGTATCTCTAAAAAGTA","CTGGGTGTGGTGGCTTACACCTGTAATCCCAGCACTTTGGGAGGCCTAGGTGGGAGGATCACTTGAGCCCAGGAGTTCAGGACCAGCCTGGGCATCATAGGGAGACCCTGTCTCTATAAAAA"
"KN294175v1","19139","19411","chr7","64807503","64807767","62","64788364","GCACTTTGCGAAGCCAAGGTGGGAGTATAACTTGAGCCCAAGAGTTCAAGACCAGCCTGGACAACATAGTTAGACCCTACCTCTACAAAAAGTAAAAAATATATATATAGCAGAGTGTGGTGGTTCACATCTGTGGTCCCAGCTACTCGGAGGCTAAAGCAAGGAGGATCTCTGGAGCCACGGAGGTCGCAGCTGCAGTGAGCTCTGATTGCACCACTGCATTCCAGAGCCTAGGTGACAGAGACCCTGTTTCAACAACAACAATAACAAAAA","GCACTTTGGGAGGCCAAGGCAGGTGAATCGCTTGAGCCCTGACGTTCAAGACCAGCCTGGGCAACATAGCAAGACCCTGACTCTCAACAAATCACAAAAATTAGCCGGGTGTTGTGGTGCATGCCTGTAATTCCAGCTACTTGGGAGGCTGAGGCAGGAGGATCACTTGAGCCTGGGGAGGTCAAGGCTGCAGTGAGTTGTGATTGCACCACTGCACTCCAGCCTAGGCGATAGAGACCCTGTCTCAAAAAGAAAAAAAAAAAAA"
"KN294175v1","75966","76264","chr1","6680671","6680965","64","6604705","GGCTCATGCCTGTAATCCCAGCACTTTAGGAGGCCGGGATGGTCAGATTGCTTGAGTCCAGGAGTTCGAGACCAGCTAGGGCAACATGGCAAAACCTTGTCTCTACAAAAAAAACCCACAAACTAGCTGAGTGTGGTGGCACACACCTATCATCCCAGCTACTGGGGAGGCGGAGGCAGGAGGATCACTTGAGCCAGGGAGTTGGAGGCTGGAGTGCACCAAGATTGCACCACTGTGCTCCAGCCTGGGCGACAGAGTGAGACACTGTCTCAAAAAAAAAAAAAAAAAAAAAAGAAAAA","GCTCATGCCTGTAATCTCAGCACTTCGGGAGGCTGAGGTGAGCAGATTGCTTGAGCCCAGGAGTTAGAGACCAGCCTGGGCAACAACATGGCAAGACCCTGTCTCTACAGAAAATACAAAAGTTAGCTGAGTGTGATGGCAGATGCCTGTGGTCCCAGGTACTTGGGAGGCTGAGGCAGGAGGATTGCTTGAGCCCAGAAGATGGAGGCTGCAGTGAGTTGTGATTGTACCACTGCACTCAAACCTGGGCAACAGAGCGAGACCCTGCCTTAAAAAAAAAAAAAAGAAACAAAAA"
"KN294175v1","88757","89051","chr7","65644927","65645224","38","65556170","GGCTGGGCGCATTGACCTACACCTGTAATCCCAGCACTTTGGGAGGCCAAGGTGGGAGGCTCACTTGAGCCCAGGAGTTCAAGACCAGCCTGGGCAACAAGGACCTCATCTATATAAACAAAAATAAAAAAAAAAAACTATCCAGATGTGGTGGCTTGAACTAATGGTACCAGATACTCAGGAGGCTGAGGCTCAAGATTGCTTGAGCCCAGGCGTTCGAGGCTGCAGTGAGCCATGATTGTGCCACTGCATTCCAGCCTGGGTGACAGGGAGACTCTGTCCCAATTTAAAAAAA","GGCTGGGCACATTGGCTCACACCTGTAATCCCAGCACTTTGGGAAGCCAAGGTGGGAGGCTCACTTGAGCCCAGGACTTCAAGACCAGCCTGGGCAACAGAGACCCCATCTATATAAACAAACCAAAAAAAAAAACCACAAAAAACTAGCCAGGTGTGGTGGCTTGGACTCAGCTACTCAGGAGGCTGAGGCTCAAGATTGCTTGAGCCCAGGCGTTTGAGGCTACAGTGAGCCATGATTGTGCCACTGCATTCCAGCCTGAGTGACAGTGAGACTCTGTCCCAATTAAAAAAAAAAA"
"KN294175v1","121075","121267","chr7","65675577","65675766","18","65554502","TCTCCACAAAAAGTAAGAACATTAGCCAGGCATGGTAGTGCATACCTATAGTGCCAGCTACTTGGGGGGGCTGAAGCAGGAGGATCGCTTGAGCCCAGGAGTTTGACACTGCGGTGAGTTATGAGATCGCCCCACTGCACTCCAGCCTGGGCGACAGAATGAGACCTTGTCTTTTCAAAAAAAAAAAAAAAAA","TCTCTACAAAAAGTAAGAACATTAGCCAGGCATGGTAGTGCATACCTATAGTGCCAGCTATTTGGGGGGGTTAAAGCAGGAGGATCGCTTGAGCCCAGGAGTTTGACGCTGCAGTGAGCTACGAGATCATCCCACTACACTCCAGCCTGGGTGAAAGAATGAGACCTTGTCTCTTCCAAAAAAAAAAAAA"
"KN294175v1","140300","140417","chr7","65463434","65463548","10","65323134","CCAGGCGTGGTGGCTCACACCTGTAATCCCAGCACTTTGGGAGACCAAGGCCAGAGGATCACTTGAACCCAGGAGTTTAAGACCAGCCTGGGCAACACAGTGAGACCTTATCTCTATA","CCAGGCGTGGTGGCTCACACCTGTAATCGCAGCACTTTGGGAGGTCAAGGCAGAAGGATCACTTGAACCCAGGAGTTAGGACCAGCCTGGGCAACACAGTGAGACCTTGTCTCTA"
"KN294175v1","162801","163045","chr15","5433071","5433326","58","5270270","GGAGGCTGAAGCAAGGGGATCGCTTTGAGCCCAGGAGTTTGAGACCAGCTTGGGCAACATAGTGAGACTCCTTCTCTACAAAAAATGTAAAACTTAGCCAGGTTTGGTGGTGTGCTCCTGCCTGCCGTCCCAGCTACTCAGGAGGCTGAGGCAGGGTTGCTTGAGCCCAGGAGTTTAAGGCTGCAGTGAATTATGACTATGACACTCCAGCCTGGGCTACAGAAAGACCTGTCTCTTAAAACAAA","TGGAAGGCTGAGGCAGGAAGATTGCTTGAGCCCAGGAGTTCGAGACCAGTCTGAGCAACATAAGAGACCTTGTTTCTACAAAAATAATAGTAAAAAATAGCCAGGTGTGGTGGCACATGCCTGTGGTCCCAGCTACTCAGGAGGCTGAGGCAGGAGGATGGCTTGAGTCCAGGAGTTCAAGGCTGCAGTGAGCTATGACTGTGCCACTGCACTCCAGCTTGGTAGATGGTGCAAGAACCTGTCTCTAAAAGGAAAA"
"KN294175v1","168153","168271","chr7","65718015","65718136","8","65549862","CAGGAACAGTGGCTCGTGCCTATAATCCCAGCACTTTGGGAAGCTGAGGTGGGAGGATTGCTTGAGTCCAGGAGTTCAAGACCAGCCTGGGCAACATAGCAAGACTGTGTCACTACAAA","CAGGAACAGTGGTTCATGCCTGTAATCCCAGCACTTTGGGAAGCTGAGGTGGGAGGATTGCTTGAGCCCAGGAGTTCAAGACCAGCCCGGGCAACATAGCAAGACTGTGTCACTACAAAAAA"
"KN294175v1","169025","169143","chr3","144616756","144616881","24","144447731","GGCTAGGCATGGTGGCTCACGCCTGTAATCACTTTGGGAGGACCAGGCAGGAGATGGCTTGAGTCCAGGAGTTTGAGAACAGTCTGGGCAATGTGGCCAGACCCTCTCTCTAAAAAAAT","GACTGGGCATGGTGGTTCATGCCTGTAATCCCAGCACTTTGGGAGGCTGAGGCGGGAGGATCACTTGAGCCCAGGAGTTTGAGACCAGCCTGGGCAACATGGCAAGACCCTGTCTCTACAAAAAAT"
"KN294175v1","169196","169265","chr3","192415808","192415875","21","192246612","AATTAGCTGGGCATGGTGACACACCTGTGGTCCCAGCTATTCGTGTGGGTGAGGCACAAGAATCACTTGA","GGCTGGGCGTGGTGGCTCACACCTGTAATCCCAGCACTTTGGGAGGCTGAGGCAGGAGGATCACCTGA"
"KN294175v1","176307","176437","chr7","65398583","65398713","7","65222276","GGCCAGGCACAGTGGCTCACACCTGTAATCCCAGCACTTCAGGAGGCTGAGGAAGAAGGATTGCTGGAAGCCCAGGAGTTTGAGACCAGCCTGGGCAACATAGTGAGATCCTACCTCTACAAAAAATAAAA","GGCCAGGCACAGTGGCTCACACCTGTAATCCCAGCACTTTGGGAGGCTGAGGCAGGAGGATGGCTGGAAGCCCAGGAGTTTGAGACCAGCCTGGGCAACATAGTGAGATCCCATCTCTACAAAAAATAAAA"
"KN294175v1","190536","190712","chr5","121595120","121595294","41","121404584","TTAGCACTGTATGGTGGTGCACACCTGTAGTCGCTACTACTTGAGTGGCTAAGACAAGAGGATCACTGGGCCCAGGAGTCTGAGGTTACAGTGAGCTATGATTGTGCCACTGCATTCAAGCCTGGGCAACAGAACAAGACTGTCTCAAAAAAAAAAAAAAAAAAAAAAAAAGAAAAA","TTAGCCAAGCATGGTGGCGTGTGCCTGTAGTACCAGCTATTCAGGAGGCTGAGGCAGGAGGATTGAGCCCAGAAGGTCAAGGCTACAGTGAGCTGTGATCACGCCACAGCACTCCAACCTGGGCAACAGAATAAGACCCTGTCTCAAAAAAAAAAAAAAAAAAAAAAAAAAAAAA"
"KN294175v1","190741","190887","chr3","200210685","200210828","35","200019944","GGCCAAACATGGTGTCTCATGCCTGTAATCGCAGCATCTTGGGAGACTGAAGTGAGAGGATCCCGTGAACCCAGGAGGGTCAGGCTGCAGTGAGCCATGATCATGCCACTGCATTCCAGCCTGGGATACAGAGGGAGACCCTGTCTC","TCAGCCAGGTGTGGTGGTGCACGCCTGCAGTCCCAGCTACTTGGGAGGCTGAAGCAGCAGGATCACTGAGCCCAGGAGGTCGAGGCTGCAGTGAGCCATGATCACACCTCTGCATTCCAGCCTGGGCGACAGAGTGAGACCCTG"
"KN294175v1","231476","231599","chr5","156357504","156357628","15","156126028","GGCCAGGCATGGCGGCTCACACCTGTAATCCCAGAACTTTGGGAGGCCGAGGCAGGAGGATCACTTGGGCAGAGTAGTTTGAGACCAGCTTGAGTAACATAGGGAGACCCTGTCTCTACAAAAA","GGCCAGTCATGGTGGCTGACACCTGTAATCCCAGCACTTTGGGAGGCTGAGGCAGGAGGCTCACTTGAGCCCAGGAGTTTGAGACCAGATTCGGTAACATAGTGAGACCCTGTCTCTACAAAAAA"
"KN294175v1","239170","239480","chr7","65826772","65827098","38","65587602","CGCGATGGTTCACGCCTGTAATCCCAACACTTTGCGAGGCCAAGGTCGGAGGATAGCTTGAGCACAGGAGTTCGAGACCAGCCTGGACAACACAGTGAGACCCCGTCCCTTAAAAAAAAACCCAAATTAAAAAAAAATTAGCTGGGCATGGTTTCACCTATAGTCCCAGCTAATTGGGAGGGCAAGGCAGGATGATCAGTTGAGTCCAAGAGTTCAAGGCTACTGTGAGCCATGGTCACACCACTGCACTCCAGCCTCAGTAACAGGGAGAGACCCTGTTTCAAAAAAAAAAAAAAAGATCAAATGAAAAA","GACTGGGCGTGGTGGTTCATGCCTGTAATCCCAACACTTTGGGAGGCCAAGGTTGGAGGATCACTTGAGCACAGGAGTTCGAGACCAGCCTGGACAACACAGTGAGACCCCGTCCCTAAAAAAAAAAACAAAACCCAAATTAAAAAAAATTAGCTGGGCATGGTTTCACCTATAGTCCCAGCTAATTGGGAGGGCAAGGCAGGAGGATCAGTTGAGTCCAAGAGTTCAAGGCTACTGTGAGCCACGGCCATGGTCACGCCACTGCACTCCAGCCTCGGTGACAGGGAGAAACCTTGTCTCAAAAAAAAAAAAAGATCAAATAAGAAA"
"KN294175v1","240510","240688","chr1","205605560","205605739","38","205365050","TTTAGCTGGGTGGGGTGGTGCACACCTGTAGTCCCAGCTACTTGGGAGGCTGATGTGGAGGGATCACCTGAACCCAGAAGTTTGAGGCTGCAGTGAACTGTGACGGCACCACTGCACTCTAGCCTGGGAGACAGAGTTAAACCCTATCTCAAAAAAAGAAAATAAAAAGGAAAAAAAAA","TTCAGCTGGGTGTGGTGGTGCACATCTGTGGTTCCAGTTACTCGGGAGACTGAGGCAGGAGGATCCCTTGAGCCCAAGAGGTTGAGGCTGCAATGAGCTGAGATGGCACCAGTGCACTCCAGGCTGAGCAACAGAGTGAGACCTTGTCTCAAAAAATAAATAAATAAAAATAAAATAAAA"
"KN294175v1","240993","241127","chr4","140768049","140768181","25","140527056","GGCAGGGCACAATGGCTCACGCCTGTAATTCTAGCACTCTGGGAGGCTGAGGCCAGCCGATCACTTGAGCCCAGGAGTTCAAGACCAGCCTGGGAAACACAAGAAGATCCCGGGTCTACAAAGAATACAACATTT","GGCTGGGCACAGTGGCTATGCCTGTAATCCCAGCAATTTGGGAGGCTGAGGTGGGAGGATCACTTGAGCCCAGGAGTTCAAGACCAGCCTGGGTAACAAAGGAAGACCCCAGCTCTACAAAAAATGTAAAAAT"
"KN294179v1","10787","11074","chr13","46852654","46852951","34","46841867","GGCCAGGCATGGTGGCTCACGACTGTAATCCCAGCACTTTGGGAGGCTGAGTCTGGAGGATTGCTTGAGAGTCCAGCAGTTCAATACTAGCTGGGCAACATAGTGAATCCCCAGCTTTACAAAAAAAAACACAAAAATTAGCTAGGTGTGGTGGCATGCACCTGTAGTCCCAGCTACTTGGGAGGCTGAGGAAAGCAGATTGCTTGAGCCCAGGGAAATTGAGGCTGCAGTGAGCTCTGGTTGCACCACTGCACTTCCGTCTGGCTGATAGAGTGAGACCCTGTCTCA","GGCCAGGCATGGTGGCTCATGACTGTAATCCCAGCACTTTGGGAGGTTAAGTCTGGAGGATTGCTTGAGAGTCCAGCAGTTCAAGACCAGCTGGGCGACGTAGTGAATCCCCATCTCTACAAAACAATACAAAAATTAGACAGGTATGGTGGCATGCACCTGTAGTCCCAGCTACTTGGGAGGCTGAGGAAAGCGGATTGCTTGAGCCCAGGGAAATTGAGGCTGCAGTGAGCTCTGGTTGCACCACTGCACTTCAACCTGGCTGACAGAATGAGACCCTGTCTCAAAAAAAAGAAAA"
"KN294180v1","199","492","chr2B","22963729","22964011","36","22963530","GGCTGGGCGCAATGGCTTATATCTGTAATCCCAGCACTTTGGGAGGTTGAGGTGGAAGGATCGCTTGAGCCCAGGAGTTTGAGACCAGCCTGGGCTGCATAGCAAGACCCCATCCCTACAAAGAGGAAAATGGGCAGACATGCTAACACAGGCCAGCAGTCCCAGCTACTTGAGATTCTGAGGCAGGAGGACCACTTGAACCTGGGAGATCAAGGCTGCAGTGAGCAGTTATCACGCCATTGCACTCCAGCCTAGGCGACAGGGCAAGACCCTGTCTTAAAAATAAAAAGAAAA","GGCTGGGCGCAATGGCTCATATCTGTAATTCCAGCACTTTGGGAGGCTGAAGTGGAAGGATCACCTGAGCCCAGGAGTTTGAGACCAGCCTGGACTACAAAGCAAGATCCCGTCTCTACAAAGAGAAAAATAGCCAGACATGCTAACACAAGCCAGCAGTCCCAGCTACTTGGGAGTCTGAGTCAGGAGGACCACCTGAACCTGGAAGATCAAGGCTGTAGTGAGCAGTTATCACGCCACTGCACTCCAGCCTAGGCAACAGAGCAAGACCCTGTCTTAAAAA"
"KN294180v1","7445","7620","chr10","102069494","102069667","39","102062049","GGCCAGGTGTGGTGGCTCACACCTGTAACCCCAGTACTTTGAGAGGCGAAAGTGGGAGGATCACTTGAGCCCAGGAGTTTGATACCAGCATGGGTAACATAGTGAGACCTTGTCTCCAAAAAAACATTTTTCTAAATAAGCTAGGCATGGCAGCATGGGCCTATAGTCCCAGCTAC","GGCTGGGTGTGGTGTTTCACATCTGTAATCCCAGCACTTTGGGAGGCTGAGGGGGGAGGATCGCTTGAGCCCAGAGGTTTCAGACCAGCATAGGCAACATAGTGAGACCTTGTCTCTACTAAAGACGGAAAAATCAGCTAGGCACAGTGGCATGTGCCTGTAGTCCCAGCTACT"
"KN294180v1","8831","9120","chr2B","22972185","22972470","26","22963354","GGCCAGGTGCAATGGCTCACATCTGTAATCCCAACACTTTGGAAGGCTGAGTGAGAGGATCGCTAGAGCCCAGGAGTTCCAAGTCCAGCCTAGGCAACAGAGGGAGAGCCCATCTCTACAAAAAAAAAACAAGAAATTAACTGGGCATGGTGCTTATGGCCCCAGTTACTCAAGGGTCTAAATCTCAAGGATCACTTGAGCCCGGGAGCTCTAGACTGCAGTGAGCCAAGATCGAGTCACTGCACTCCAGCCCAGGGAACAGGGCGAGACTCTATCTCCAAAGAAATAAA","GGCCAGGCGCAATGGCTCACACCTGTAATCCCAACACTTTGGGGAGGCTGGGTGAGAGGATCGCCAGAGCCCAGGAGTTCCAAGGCCAGCCTAGGCAACAGAGGGAGAGCTCATCTCTACAAAAAAACAAGAAATTAACTGGGCATGGTGCTTATGGCCCCAGCTACTCAGAAGGCTAAGTCTCAAGGATCACTCGAGCCCAGGAGCTCGAGACTGCAGTGAGCCAAGATCAAGTCACTGCACTCCAGCCCAGGCAACAAGGCGAGATTGTCTCCAAAAAAATAAA"
"KN294181v1","71068","71364","chr21","28876697","28876989","36","28805629","GGCAAGGCACGGTAGCTAACACCTGTAATCCCAGCACTTTGGGAAGCCAAGGCAGGAGGATCACTGGAGTTCAGGAGTTCAAGACCAGCCTGGGAAACAGCAAGCTCTCATCTCTATGAAAAATCAAAAGAACTAGGTAGTCATGGTGTGGTAGTCACCTGTGGTCCTGGGAGGCTGAGACAAGAGGATCACTTAATCCCAAGAGGTTCACGGTTGCAGTGAGCTATCATGGCACCACTGCACTCCAGCCTGGGCAACAGAGCCAGACCCTGTCTCAAAAATAAATAAATAAATAAA","GGCCGGGAAGTCACGGTGGCTCACACCTGTAATCCCAGCACTTTGGGAGGCCAAGGCAGGAGGATCACTGGAGCTCAGGAGTTCAAGACCAGCCTGGGAAACACAGAAAGCTCTCATCTCTACAGAAAAACAAAAAAGTAGGCAGGCATGGTGGCATGTACCTGTGGTCCTGGGAGGCTGAGGCAGGAGGATCACTTAATCCCAAGAGGTTCAAGGTTGCAGTGAGCTATCACGGCACCACTGCACTGCAGCCTGGGCAACAGAGCCAGACCCTGTCTCAAAAAAAAAAAAAA"
"KN294181v1","134036","134362","chr5","118111615","118111947","78","117977579","GCCAAGCATGGTGGCACACACATGTAATCCCACCTGCTCAGGAGGCCGAGGCATGAAAATCATTTGAACCCTGAAGGTAGAAGTTACAGTAAGCCAAGATCATGCACTCCATCCTGGGTGACAGAGCAAGACTCTGTCTCAAAAAAAAAAAAAAAAAAAAATTAGCTGGGCATGGTGGCACACGTTTGTGGTCCCAGCTACTAGAGAGGCTGGGGCAGGAGAATCAACTGAGTCTGGGAGGTCGAGGCTGCAGTGAGCTATGATGGTGCCACTGCACTCTAGCCTGGGCAACAGAGCGAGATCCTGTCTCAAACAACAACAAAAAAA","GCTGGGCGTGTTGGCGGGCACCTGTAATCCCAGCTACTCGGGAGGCTGAAGTAGGAGAATTGCTTGAACCCAGGAGACAGAAGTTGCAGTGAGCCACGATTACGCCACTGCACTCCAGCATGGGTGACAGAGCGAGACTCTGTCTCAAAAAAAAAAAAAAAATTAGCCGGGCACGGTGGCACACGCCTGTAGTCCCAGCTCCTCTGGAGGCTGAGGCAGGAGAATCGCTTGAACCTGGAAGGCGGAGGTTGCAGTGAGCCAAGATCACGCCACTGCACTCCAGTCTGGGTAACAGAGTGAGATTCTGTCTCAAAAAGAGAAAAGGAAAAAGAA"
"KN294181v1","160171","160396","chr21","28790695","28790919","23","28630524","CTAGCCTGGAAAATGTAGTGAGACTCTGGCTCTACAAAACGTAAAATAATTAACAGGGCACAGCAGCATGCACCTGTAGTCCTAGCTATTTGGGAGGCTGAGACAGGAGGACCACTTTAGCCCAGGAGTTTGAGTCTGCAGTAAGCTATGACGGTACCACTGCACTCCTGCCTTAGCCACTTAGCCAGATCCTATTTCAAACAAAGAGAGAGAGAGAAGAAAGAAA","GCCTGGACAATGTAGCAAGACTCTGTCTCTACAAAAAATAAAATAATTAACAGGGCACAGCAGCATGCACCTGTAGTCCCAGCTACTTGGGAGGCTGAGACAGGAGGACCACTTTAGCCCAGGAGTTCGAGGCTGCAGTAAGCTATGATGGTACCACTGCACTCCCACCTTAGCCGCATAGCCAGATCCTGTCTCAAGAAAACAGAGAGAGAGAGAAGAAAGAAA"
"KN294181v1","193981","194161","chrX","9007521","9007689","42","8813540","GGCCAGCACAGTGACTCATGCCTATAATCCCAACACTTTGGGAGGCTAAAGAGGGTGGATTTCTTGAGCCAAGGAGTTTGAGACCAGTCTGGGTAACATGGTAAAACCCCATTCCTGCAAAACAAAAACAAAAACAAAAAACAGAAATTAGCCAGGCGTGGTGGTGTGCACCTGTAGTCCC","GGCCAGGCGCGGTGCCTCACGCCTGGAATCCCAGCACTTTGGGAGGCCGAGGCGGGTGGATCACTTGAGCGCAGGAGTTTGAGACCAGCCTGAGCAACATGGCAAAACCTCATCTCTACAAAAAAAATACAAAAATTAACCAGGCATGGTGGCAGGCACCTGTAGTCTC"
"KN294181v1","253402","253533","chr6","113187864","113187996","15","112934462","GGCCAGGTGCAGTGGCTCATGCCTGTAATCTCAGCACTTTGGGAGGCCGAGTTGGGAGGATTGCTTGAGCCCAGGAGTTCAAGACCAGCCTGGAAAACATAGCAAGACCCTGTCTCTATTTAAAAAATAAAA","GGCCAGACACAGTAGCTCACGCCTGTAATCCCAGCACTTTGGGAGGCCAAGGCAGGAGGATTGCTTGAGCCTAGGAGTTCGAGACCAGCTTGGAAAACGTAGCAAGACCCTGTCTCTATTTAAAAAATAAAAA"
"KN294181v1","272515","272810","chr12","52967815","52968111","56","52695300","CAGTGGCTCATTCCTTTAATCCCAGCACTTTAGAAGACCGAGGAGGGAGGATTGCTGGACCCCAAGAGTTTGAGACTAGCCTAGACAACAAAGCAAGACCTCATCTCTACAAAAAATAAGAAATTAGCTGAGCATGGTGGTGTGCAACTGTGGTCCCAGTTACTCAGGAGGCTGAGGTTGGAGGATCACTTGATCCCAAGAGTTTGAGGCTGCAGTGAACCATGATTGCACCACTGCACTCCAGCCTGGGCAACAGAGCAAGACCTTGTCTCTAAATAAATAAATAAACAAACAAA","CTGGGCACAGTGGCTCACACCTGTAATCCCAGCACTTTGGGAGGCTGAGGCTGGAGGATCGCTTGAGCTCAGGAGTTTGAGACCAGCCTGGGCAACAAAGTAAGACCTCATCTCTACAAAAAATAAAAGTTAGCTGGGCATGGTTGTGAGCACCTGGGGTCCCAGCTACGCAGGAAGCTGAAGTAGGAGAATCACTTGAGCCCAGGAGGTCAAGGCTGCAGTGAGCTGTGATTGTACCACTGCACTCCAGCCTGGGCAACAGAGCAAGTCCCTGTCTAAAAAAAAAAAAAAAAAAAA"
"KN294181v1","289164","289460","chr21","28685120","28685402","35","28395956","GGCCAGACACAGTGGTGGCTCATGCCTGTAATCCCAACACTTTGGGAGGCCAAGGTGGGAAGATCTCTTGAGCTCAGAAGTTCAAGACCAGCCTGGGCAACATGGTGAGACCCCCCCCATCTCCACAAAAAATCAAAAAAATTAGCTGTAAGTGATGGCACATACCCATAGTCCCAGTTTCTGGGGAGGCTGAAAAGGGAGGATCCCTTGAGCCCAGGAGTTGGAGGCTTCAGTGAGCTATGATCATGCCACTGTACTCCAGCCTGGGAGTGCAGACCCTGTCTCCAAAATGAAAAA","GTGGTGGCTCATGCCTGTAATTCCAGCACTTTGGGAGGCCAAGGTGGGAAGATCTCTTTCAGCTCAGAAGTTCAAGAGCAGCCTGGGCAACACAGTGAGACCCTCTTCTCCACAAAAAATCAAAAAATTAGCTGTGAGTGATGGCACATACCTATAGTACCAGTCTTTGGGGAGGCTAAAGAGGGAGGATCCCTTGAGCCCAGGAGCTGGAGGCTTCAGTGAGCTATGATCACACCACTGTACTCCAGCCTGGGAGTGCAGACACTGTCTCCAAAATGAAAAA"
"KN294181v1","297086","297369","chr21","28676895","28677173","24","28379809","GACCGGGCACGGTGGCTCACGCCTGCAATCCCAGCACTTTGGGAGGCCGAGGCAGGAGGACCCCTTGAGCCCAGGAGTTCGAGCACCAGCCTGGGCAACACAACTAGACCCCATCTCTACTAAAATTACAAAAATTAGCCAGGTGTGGTGGTGCATGCCTATAGTCCCAGCTACTCGGGAGGCTGAGGTGGGAGGATCACTTGTGCCCAGGAGGTCGAGAATGCAGTGAGCCATGATCAAGCCACTGCACTCCAGCCTGAGCAATAGAGCAAAACCCTGTGTCA","GGCTGGGCACAGTGGCTCATGTCTGCAATTCCAGCACTTTGGGAGGCCGAGGCAGGAGGATCACTTGAGCCCAGGAGTTCGAGACCAGCCTGGGCAACACAACGAGACCCTATCTCTACTAAAATTACAAAAATTAGCCAGGTGTGGTGGTGCACGCCTATAGTCCCAGTTACTCGGGAGGCAGAGGTGGGAGGATCACTTGTGCCCAGGAGGTCAAGAATGCAGTGAACCATGATCAAGCCACTGCACTTCAGCCTGAGTGACAGAGCAAAACCCTGT"
"KN294181v1","491520","491793","chr15","68380129","68380402","61","67888609","TAACCCCAGCACTTTGGGAAGTTGAGGCGGGAGGATCACTTGAGCCCAGGAGTTCAAGACCAGCCTGGACAACATAGTGAGACCCTGGGTCTACAAAAACTACAAAAGTTAGCCAGGCATAGTGGCGCAGGCCTGTAGCCCCAGTTACTTGGGTAGCTGTGGCAGGAGGATCCATTCAGCAGAGACAGAGGCTGCAGTGAGCCAAGAGCATGCCACTGCACTCCAGCCTGATGACAGAGTGAGACCATCTCAAAAAGAAGAAAACAAAAGAAAA","TAATCCCAGCACTTTGGAAGGCTGAGGTGAGAGGATTGCTTGAGCCCAGGAGTTCAAGACCAGCCTGGGCAACATAGTCAGACCCCGCATCTAAGAAAAAAAAAAATTAGCCAGGCATGGTGGTGTGGGCCCTGTAGTCCCAGCTACTTGGGAGGCTGAGGCAGGAGGATCCCCTGAACCCAGGAGTTTGAGGTTGCAGTGAGCTATGATCGTACCACTGTGCTCCAGTCTGGCCACAGAGCAACACCCTGTCTCAAAAAAAAAAAAAAAAAAA"
"KN294181v1","504594","504896","chr1","206070965","206071268","61","205566371","GGCTGGGTATAGTGGCTTATGCCTATAATCCCCACACTTTGGGAAACCAAGACAGGAGGATCGCTTGAGCCCAGGAGCTCAAGCTCAGCCCTGGCAACATAGCGATACCCCATCTCCATAAAAAATAAAAATTAAAAAATTAGCCAAGTATGGTGGCATGCACCTGTAGTCCCAGCTACTTGGGAGGCTGAGGCAGGAGGATTGCTTGAGCCCAGAAGGCAGAGAATGCAGTGAGTAGAGATTGCGCCACTGCACTCTAGCCTGGGTGACAGAGTGAGACCTCAAAAAAGAAAAGAAAAGAAA","GGCCAGGCACAGTGGCTATGCCTGTAATCCCAGAACTTTGGGAGGCTGAGAAGGAGGATTGCTTGAACCCAGGAGTTCAAAACCAGCCAGTCAACATAGTCAGACCCCATGTCTATAAACAATAAAAATAAAAATTAGCCTGGTGTGGTGGCATGCGCCTGTAGTCCCAGCTACTGGGGAGGCTGAGGCAGGAGGATCACTTGAACCCAGGAGGCAGAGGTTGCAGTGAGCCAAGATTGTACCACTGCACTCCAGCCTGGGCAACAAAGAAAGACCCTGTCTCAAAAAAAAAAAGAAAAAAAAA"
"KN294181v1","504923","505216","chr21","28476655","28476952","15","27971732","GGCCAGGTGTGATGGCTCCTGCCTGTAATCTGGCACTTTGGGAGGCCAAGGTGAGCAGAATGCTGGAGCCCAGGAGTTCAAGACCAACTTGGGCAATGTAGTGAGACTCTGTCTCTACAAAACAATACAAAAATTAGCTGGGCATAGTGTTGTGCACCTTTAGTCTCAGCTACTCAAAAGCTGAGGTGAGAGGACTGCTTGAGCCCAGCAGGTAGAGGCTGCAGTGAGCCACAATCATGCTACTGCCTTCCAGACTGGGCAAGAGAGCGAGACCCTGTCTCAAAAAAAAAAAAA","GGCCAGGTGTGATGGCTCCTGCCTGTTATCTGGCACTTTGGGAGGCCAAGGTGAGCAGATTGCTGGAGCCCAGGAGTTCAAGACCAACTTGGGCAATATAGTGAGACTCTGTCTCTGCAAAACAATACAAAAATTAGCTGGGCATGGTGTTGTGCACCTTTAGTCTCAGCTACTCAAAAGCTGAGGTGAGAGGACTGCTTGAGCCCAACAGGTCGAGGCTGCAGTGAGCCACAATCGTGCTACTGCACTCCAGCCTGGGCAAGAGAGCGAGACCCTGTCTCAAAAAAAAAAAAAAAAA"
"KN294181v1","509237","509556","chr21","28472589","28472893","32","27963352","GGCTGGACGTGGCGGCTCACACCCGTAATCTCAGTCCTTTGGGAGGCCCTGGAGGAAGGATCGCCTGAGTCCAGGAGTTTGAGACCAGCCTGGGCAACACAGAAATACCCAGTCTCTACAAAAGATACAAAAATTAGCCTGGCGTTGTAGCTGCACCTGTAGTCCCAGCTACTGGAGAGACTGAGGCTGGAGGATGGCTTGAGCCTAGGAGATTGGGGCTGCAGTGAGCCATGATCGCAACACTGCTCTCCAGCCTGAGTGACAAAGGGAGACCTTGTCAAAAAAAAAAAAAAAAAAAGAAAAGAAAAAAAAGAAAAAAA","GGCTGGACGTGGCGGCTCACACCCATAATCTCAGCCCTTTGGGAGGCCCTGGAGGAAGGATCGCCTGAGCCCAGGAGTTTGAGACCAGCCTGGGCAACACAGAGAGACCCAGTCTCTACAAAAAATACAAAAATTAGCCTGGCATTGTGGCTGCGCCTGTAGTCCCAGCTACTGGAGAGACTGAGGCTGGAGGATGGCTTGAGCCCAGGAGATTGAGGCTGCAGTGAGCCGTGATTGCAACACTGCTCTCCAGTCTGAGTGACAAAGGAAGACTCTGTCAAAAAAAAAAAAAGAAAGAAAGAAAA"
"KN294181v1","514984","515290","chr21","28455771","28456083","37","27940787","GCCAGGGATAGTGGCTCATGCCTGTAATCCCATCTCTTTGTGAGACCAAGACAGGAGGATGGCTTGAGCCCAGGAGTTCAAGACCAGACTGGGCAACACAGTGAGAACTTGTCTCTACAAAAACTACAAACAAAAAATTAGCTGGCAGTGCGTGCTGGCATATACCAGTAGTCCCAGATACTCGAGAGGCTGAGGTGGGAGGATAGCCCGAGCCTGAGAGTTCGAGGCTGCAGTGAGCCATGATCATGCCACTGCACTCTAGTTGGGGCAACAGAGTGAGACTCTGTCTCAAAACAATAAAATAAAA","GCCAGGGGTAGTGGCTCACGCCCATAATCCCAGCACTTTATGAGACCAAGGTGGGAGGATCTCTTGAGCCCAGGAGTTCAAGACCAGACTGGGCAACATAGTGAGACCTTGTCTCTACAAAAACTACAAACAAAAAATTAGCTGGCCATGCCTGGTGGCATGCACCTGTAGTCCCAGCTACTCAAGAGGCTGAGGTGGGAGGAAGGCCTGAGCCTGGGAGTTCGAGGCTGCAGTGAGCCATGATCGTGCCACTGCACTCTAGTTGGGGCAACAGAGCAAGACTCTGTCTCAAAAAATAAAGTAAAATATAAAA"
"KN294181v1","595597","595729","chr21","28371487","28371619","8","27775890","GGCCAGGCACAGTGGCTCACGCTTGTCATCCCAGCACTTTGGGAGGCCACGGCAGGAGGACTGCTTGAACTCAGGAGTTCAAGACCAGCCTAGGCAACAAAGCAAGATCTCGTCTCTACAAAACAAAACAAAA","GGCCAGGCACAGTGGCTCACGCTTGTCATCCCTGCACTTTGGGAGGCCATGGCAGGAGGAATGCTTGAACCCAGGAGTTCAAGACCAGCCTGGGCAACAAAGCAAGATCTCATCTCTACGAAAGAAAACAAAA"
"KN294181v1","699097","699227","chr3","54131286","54131407","31","53432189","GCTGGGTGTGATAGCTCACGCCTGTAATCCCAACACTTTAGAAGGATTGCTTGAGGCCAGGAGTTTGAAACCAACCTGGACAACATAGTGAGGCCCCACCTCTACAAAACTACAATATAATACAATAATTA","GGCTGGGTGTAGTGTCTCCTGCCTGTAATCCCAGCACTTTGGGTGGATTGCTTGAGCCTAGGGGTTTGAGACCAGCCTGGGCAACTTAGTGAGACCCCACCTCTACAAAAAATTCCAGAATT"
"KN294181v1","791536","791702","chr10","25297975","25298153","49","24506439","AAAAAAATTTTTTTTTAAATTAGCCAGGCATGGTGGTGAGTCCTGTAGTTCCAGGTAGGATGTTCACTTGAGTCCGGGAGGTCAAGACTGGAGTAAGCCATGATAGCAACCCTGCACTCCAGCCTGAGTGAGAAAGTATGGCCCTGTCTGAAAGAAAAAAAAAAAAA","ACAAAAAATTTTTTTTAAGTAGCCAGGCATGGTGGTGTGTGCCTGTGGTCCCAGCTACTTGGGAGGCTGAGAGAGGATCACTTGAGCCCAGGAAGTTGAAGCTGCTGTGAGCCATGATTGCACCACTGCACTCCAGTCTGGCTGACAAAGGGAGACCCTGTCTCAAAAACAAACAAAAA"
"KN294181v1","792002","792119","chr12","120885659","120885782","20","120093657","CTGGGCACAGTGGCTCGCGCCTGTAATCCTGGCACTTTGGGAGCCTGAAGCAGGAGGTTTGCTTGAGCCCAGGAGTTCAGACCAACCTGGGAAACATATGGAGATCCCATCTCTACAA","GGCTGGGCACAGTGGCTCACGCCTGTAATCCCAACACTCTGGGAGGCTGAGGCAGGAGGATTGCTTGAGCCTAGCAGTTCAAGACCAACCTGAAAAACATATGGAGACCCCATCTCCACAAAAA"
"KN294181v1","794630","794929","chr9","118965241","118965543","58","118170611","GCCAGGCACGGTGGCTCATGCCTGTAATCCCAGGTCTGTGGGAGATCGAGGCAGGAGGATCACTTGAGCCGAGGTGTTTTGAGACCAGCCTGAATAACATAGCAAGACTCTGTCCCTGCAAAAAATAAAACAATGAGCAGGGCATGATGGTTGCACCTGTAGTCCCAGATACTCAGGAGGCTGAGACAGGAGAATCGCTTGAGTCTAGGAGTTCGAGACTACAGTGAGCTGTGATTGCTCCACTGAACTCCAGCCTGGGCGATGGGGCAAGACCCTGTCTCTAAAAACTAAATAAATAAA","GGCCGGGCACGGTTGCTCATGCCTGTAATACCAGGCTTTGGGAGGCCAAAGTGGGAGGATCGCTTGAGCCCAGGAGTTTGAGACCAGCCTGAGCAACATAGTTGAGACCTCATCTCTACAAAAGATTTAAAAATCAGCAGGGCATGGTGCTGTGCACCTGTAGTCTCAGCTACTCTGGAGGCTGAGACAGGAGGATCGCTTGAGCCCAGGAGGTCGAGGCTGCGGTGAGCTGTGATTGTTCCACTGCACTCCAGCCTGGGCAATAGAGCAAGACACTGTCTTAAAAAAAAAAAAAAAAAAAAA"
"KN294181v1","801760","801872","chr6","113457794","113457906","15","112656034","GGTTGGGCATGGTGGCTTACACCTGTAATTCCAGCACTTTGGGAGGCCGAGGCAGGAGGATCGCTTGTGACCAGCCTGGGCAACATAGCAAGACCACATCTCTACAAAAAATA","GGCCAGGCACAGTGGCTCACACCTGTAATCTCAGCACTTTGGGAGGCTGAAGCAGGAGGATCGCTTGAGCCCAGCCTGGGCAACATGGCAAGACCTCATCTCTACAAATAATA"
"KN294181v1","802079","802349","chr2A","36588251","36588519","52","35786172","GCTGAGCACGGTAGCTCATACCTGTAATCACAGCACTTTGGGAGGCTGAGGCAGGAGGATCACTTGAGCCCAGGAGTTTGAGACCAGCCTGGGCAACAGAGGGAGACCTCCTTCTCAACAAAAAATTTAAAAGCTAGCCAGGTGCAGTGGTGTGTGCCTATAGTCCCAGCAACTCAGGAGCCTTGAGCCTAGGAGTTCAAGGTTGCAGTGAGCTATGATTGCACCACTGCACTCCAGCCTGGGCAACAGAGTAAGACTCTGTCTCAAAAAA","GGCTGGGCACAGTAGCTCACATCTATAATCCCAGCACTTTGAGAGGCTGAAGCAGGAGGATCACTTGAGCCCAGGAGTTTGAGATCAGCCTGGGCAACATAGTGAGACCTCATCTCTACAAAAAAATTAGAAAATTAGCCGGGCATGGTGGTGTGCACCTGCAGTCCCAGCTACTCAGGAGGCTGAGGCAGGAAGTCGAAGCTGCAGTGAGCTGACATCACACCACTGCACTCCAGTCTGTGTGACAAAGCGAGATCCTGTCTCAAAAA"
"KN294181v1","861543","861680","chr5","40678429","40678564","20","39816886","GGCCGGGCACGGTGGCTCACGCTTGTAATCCTGGTACTTTGGGAGGCCGCGGTGGGTAGATTGCTTGAATCCAGGAGTTCGAGACAAGCCTGGGCAACATGGCAAAATCCTGTCTCTACAAAAAAAATTCAAAAATTA","GGCCAGGCATGGTGGCTCACGCCTGTAATCCCTGCATTTTGGGAGGCCGAGGTGGGTGGATTGCTTGAGCTCAGGAGTTCAAGACCAGCCTGGGCAACATGGCGAAACCCTGTCTCTACTAAAAATACAAAAATTA"
"KN294181v1","906444","906731","chr9","34638579","34638868","48","33732135","GGCTGGGCATAGTGGCTCACACCTGTAATCCCGACACTTTGGAAGGCCGAGATGGTAGGATTGCTTGAGCCTAGGAGTTTCAGACCAGCCTGGGCAACACAGTGAGACCCTGTCTCTACAAAAAATACAAAAATTAGCCAGGCGTGGGTGGTGCACCTGTAGTCCCAACTACTTGGGAGGCTGAGCTGGGAGGATCCCTTGAACTCAGGAGGTTGAGGCTGCAGTGAGCCATGATCGTGCCAGTGCACTCCAGCCTGGGCAACAGAGTGCGACCATTTAAAAAAAAAA","GCTGGGGATGGTGGCTCACACCTGTAATCCCAGCACTTTGGGAGGCCAAGGCAGGAGGATCGCTTGAGCCCAGGAGTTTGAGACCAGCCTGGGCAACATAGTGGGACCCTGCCTCTACCAAAAAATACAAAAATTAGCCAGGCGTGGTGGTGCACACCTGTAGTCCCAGTTACTTGGGAGGCTGAGGCAAGAGAATCGCTTGAACACAGAAAGTCGAGGCTGCAGTGAGCCATGATGGCACCACTGCACTCCAGCCTGGGTGACAGAAGCGAGATCCTGTCTCAAAAAAA"
"KN294181v1","929751","930021","chr11","65060170","65060434","61","64130419","AATCCCAGCATTTTGGGAGGCTGAGGCAGGAGGACTGCTTGAGCCCAGGAATGTGAGACCAGCCTGAGCAACACAGTGACCCCCAGTCTCTACAAAAAAAAAAAAAAAAACTAGTCAGGAGTGGTTGTACGCACCTGTATCCCACCTACTCAGGAGGTTGAGGTAGCAGGATCACTTGAGCCCAGGAATCCAAGACTACAGTGAGCCATGACTGTGCCACTGCACTGACAGCCTGGGAAACAGAGCAAGATCCTGTCTCTTAAAATAAAAA","TTCCGGCCCTTTGGGAGGCTGAGGTGGGAGGATTGCTTGAGCCCAGGAGTTTGAGACCAGCCTAGGCAACATAGCAAGACCCTGTCTCTAAAAAAAAAAAAAAAAAGCTTGGCATGGTGGTACATGCCTGTAGTCCCAGCTACCCGGGAGGCTAAGGCAGGAGGATCACTTGAGCCCAGGAGTTGGAGGCTGCAGTGAGCTATGATGGCACCACTGCATTACAGCCTGAGTGACAGAGCGAGACCCTGTCTCAAAAATAAATAAA"
"KN294181v1","931895","932203","chr21","28048450","28048738","49","27116555","CTGGGCATCATGACTCATACTTGTAATCCCAGCACTTCGGAAGGCTGAGGCAGGAGGATCACTTGAGCCCAGAAATTTGAGATCAGCCTGGGCAACTCAGAAAGACTCCATGTCTAAAAAAAAGAGTTTTCCTTTAATTAGCTGGGTGTGGTGGCGTGTACCTGTCGTCCCAGCTACTCAGGAGGCTGAGGTGAGAGGATCACTTGAGGCCAGGAGCTAGGCTGCAACAAGCCGTGATGCCACCACTGCACTCCGGCCTGGGTGACAGAGTGAGACCCCATCTCAAAAAAACAAAAAGAAAATTAAAAA","CTCATACTCGTAATCCCAGCACTTTGGAAGGCTGAGTATGGAGGATCACTTGAGCCCAGGAATTTGACACCAGCTTGGGCAACATAGAAAGACCTCATGTCTAAAAAAAAGAGTTTTTCTTTAATTAGCTGGGTGTGGTGGCATGCACCTGTGGTCCCAGCTAGTCAGGAGGCTGAGGTGAGAGGATCACTTGAGCCCAGGAGCTAGGCTGCAACCAGCCATGATGGCACCACTGCACTCCAGTCTAAGCGACAGAGCGAGACCCCATCTCAAAAACACAAAAGGAAAA"
"KN294181v1","995229","995532","chr21","27985597","27985895","14","26990368","GGCTGGGTGCAGTGGCTCATGCCTGTAATCCCAACACTTAGGGAGGTCAAGAGGTAGGAGGCCTGCTTCAAGCCCAGGAGTTCAAGACCAGCCTGGGCAACAAAGAGAGACCCCATCACTATGAAATATTCTAAAAAATTACCTGGGTATGGTGACATGCACCTGTAGTACCAGCTCTTGGGAAGGCTGAGGCAGGAGGATCACTAGAGCCCAGGAGATTGAGGCTGCAGTGAGCCATGATCATACTGCTGCACTCTAGCCTGTGTGACAGAGCAAGACCCTGTCTCTAAAAGAGAAAATAAAA","GGCTGGGTGCAGTGGCTCATGCCTGTAATCCCAACACTTAAGGAGGTCAAGAGGTAGGAGGCCTGCTTCAAGCCCAGGAGTTCAAGACCAGCCTGGGCAACAAAGAGAGACCCCGTCACTATGAAATATTCTAAAAAATTACCTGGGTATGGTGGCATGCACTTGTAGTACCAGCTGTTGGGAAGGCTGAGGCAGGAGGATCACTAGAGCCCAGGAGATTGAGGCTGCAGTGAGCCATGATCATACCACTGCACTCTAGCCTGTGTGACAGAGCAAGACACTGTCTCTGAAAGATAAAA"
"KN294181v1","1073280","1073590","chr21","27913920","27914229","27","26840640","GCCAGGCTCAGTGGCTCATGTTTATAATCCCAGCACTTTGGGAGGCTGAGGTGGGTGGACCACTTGAGCCCAGGAGTTCAAGACCAGCCTGGGCAACATGGCAAAGCCCCACGTCTATCAAAAAATACAAAAATTTAGCCAGGCATGGTGGCACATGCCTGTAGTTCCAGCTACTTGGGAGGCTGAGGTGGGAGGATCAGTTGAGGGAGGGAGTTCAATGCTGCAGTAAGCAAAGATCATGCCACTGCACTCCAGCCTGGGCAACAGAGCAAGATGCTGTTTCAAAAAAGAAAAAAGAAGAAGAAGAAGAA","GGCCAGGATCAGTGGCTCATGCTTGTAATCCCAGCACTTTGGGGGGCTGAGGTGGGTGGATCACTTGAGCCCAGGAGTTCAAGACCAGCTTAGGCCACATGGCAAAACCCCATGTCTATCAAAAAATACAAAAATTTAGCCAGGCATGGTGGTACATGCCTGTGGTTCCAGCTACTTGGGAGGCTGAGATGGGAGGATCACTTGAGGCAGGGAGTTCAAGGCTGCAGTGAGCAAAGATCATGCCACTGCACTCCAGCCTGGGCAACAGAGCAAGACACTGTCTCAAAAAAAAAAAAAAAAAAAAAAAAAA"
"KN294181v1","1184409","1184719","chr21","27804086","27804382","39","26619677","GGCTGGGCACTGTGGCTCATAACTGTAATCCCAGCACTTTGAGAAGCCAAGGCAGGAGGATTGCTTAAGCTCAGGAGTTCGACACCAACCTGGGCAATATAGTGAGACCCATCTCTACAAAAATTACAAAAAAATTAGCAAGGCGTGGTGATTCATGCCTGAAGTCCTAGCTGCTCCAGAAGCTGAGGTGGGAGGATTGCTGGAGTCCAGGAGGTCGAGGCTGCAGTGAGCCATGATTGTGCTAGTGCACTCTAGCCTGGGAGACAGAGCAAGACCCTGTCTCAAAAAAAAAAAAAAAGAAAAAAAGAAAA","GGCCAGGCACTGTGGGTCATACCTGTAATCCCAGCACTTTCAGAGGCCGAGGCAGGAAGATTGCTTAAGCTCAGGAGTTCGACACCAACCTGGGCAATATAGTGAGACCCATCTCTACAAAAATTACAAAAAAAAATTAGCCAGGCATGGTGGTTCATGCCTGAAGTCTTAGCTGCTCCGGAGGCTGAGGCAGGAGGATTGCTGGAGTCCAGGACGTCGAGGCTGCAGTGAGCCATGACTGTGCCAGTGCACTCCAGCCTGGGAGACACAGCAAGACCCTGTCTCAAAAAAAAAAAA"
"KN294181v1","1253853","1254160","chr21","27710116","27710413","24","26456263","GACTGGGCGCGGTGTGTCACACCTATAATCTCAGCACTTTGGGAGGCCGTGATGGGTGGCTTGCTTGAGCCAAGGAATTGGAGATCAGCCTGGGCAACATGGCAAGACCCCGTCTCTACAAAAAATGCAAAAATTAGCCAGGCATGGTGGCTCACGCCTGTACTGCCACCTACTTAGAGGCTGAAGTGGGAGGATCACTTGAGTCTGGGAGGTCAAGGCTGCAGTAAGTTTGATCACACCACTACACTCTTCAGCCTAGGTGATAGAGTGAGAACCTGACTCAAAAGAAAATAGAAAGAAAAAGAAAA","GACTGGGCACGGTGTGTCACACCTATAATCTCAGCACTTTGGTGGGTGGATTGCTTGAGCCAAGGAATTGGAGATCAGCCTGGGCAACATGGCAAGACCCTGTCTCTACAAAAAATACAAAAATTAGCCGGGCATGGTGGCTCATGTCTGTACTCCCACCTACTTAGAGGCTGAAGTGGGAGGATCACTTGAGCCTGGGAGGTCGAGGCTGCAATGAGTATGATCACACCACTACACTCTTCAGCCTAGGTGATAGAGTGAGAACCTGACTCAAAAGACAATAGAAAGAAAAAGAAAA"
"KN294181v1","1328867","1329162","chr10","112684325","112684617","60","111355458","GGCCAGGTGCAGTGGCTCACACCTATAATCCCAGTGTTTTGGGAGGCCAACGCGGGAGGATCCCTTGAGCCCAGGAGTTTGAGACCAGCCTGGGCAACATAAAAGACCCTGTCTCTAAAAAAATAAAAATAAAAAAATTACCTGAGCATGGTGGTGTTTGCGTGTAGTTCCAGCTACTCAGGAGGCTGAGGCAGAAGGGCTACATGAGCCTAGGAGCTCGAGGCTGCAATGAGCTATGATCACACCACTGTACTTCAGCCTAGGCAGCAGAATGAGATGCCCCCTCTTAAAAAAAA","GGCTGGATGCAGTGGCTCACACCTGTAATCCCAACACTTTTTGGAAGGCCAAGGCAAGAGGATCACTTGAGCCCAGGAGTTTGAGACCAGCCTGGGCAACACAGGGAGAATCTGTCTCTACAAAAAATAAAAAATTAGCCAGGTGTGGTGGTGCATGCCTGTAGTGCCAGCTACTCAGGAGGCTCAGGCAGGAGGATTGCTTGAGCCCAGGAGTTCAAGGCTGCAGTGAGCCATGATCACACCACTGCACTCCAGCCTGGGCAACAGTGAGACCCCCGTCTCCAAAAAAAAAA"
"KN294181v1","1380000","1380123","chr21","27585698","27585816","15","26205698","GCCAGGCATGGTGGCCTGTAATCCCAGCATTTTGGGAGGCTGAAGTGAGAGGATTGCTTGAACCTAGGAGTTCAAGACCAGCCTGGGCAATGAAACAAGACCTCAGTCTCTACAAATAAAACAA","GCCAGGCATGGTGGCCTGTAATCCCAGCATTTTGAGAGGCCAAGGTGAGAGGATTGCTTGAACCTAGAAGTTCAAGACCAGCCTGAGCAATGTAACAAGACGTCAGTTTCCACAAATAA"
"KN294181v1","1417851","1418141","chr1","125682964","125683256","72","124265113","GACCAGGCATGGCGTCTCACGCCTGTAATCCCAACACAGGGAGGCTGGGGAGGGAGGATTGCTTGAGCCCCAGGACTTTGAGACCAGCCTGGGCAACATGACAAGAGCCCCATCCCTAGAAAAAAGGTTTGAAAAACTAGCCGTGTGCAGTTGTGTGCACCTGTGGTCTCAGGAGGCTGAGGCAGGAGAATCTCTTAAGCCCAGGAGATCAAGGCTGCAATGAGCCACGTTCAGGCCACTGCATGCCAGCCTGGGCGACAGAGCAAGACGGCATCTCCAAAAACAAACAAA","GGCCAGGCATGGTGGCTCATGCCTATAATCTTAACACTTTGGGAGGCTGAGGCAGGAAGATCACTTCAGTTCAGGAGTTTGAGATCAGCTTGGGCAACATAGCAAGACCTCATCCTCTACAAAAAGTAAAAAAAATTAGGTATGTTGGCATGTGCCTGTGGTCCTAGCTACTCTGAAGGCTGAGGCAGGAGGATCTCTTGAGCCTGGGAGATCGAGGCTGCAGTGAGCCATGATCATACCACTGCAGTCCAGCCTGGGTGACAGAGCGAGACACCATTTCAAAAAAAAAAAAA"
"KN294181v1","1431444","1431749","chr4","3310452","3310746","63","1879008","GGGTGTGGTGGCTCACACCTGTAATCCCAGCTCTTTGGGAGGCTGAAATGGGAGGGCTGCTTGAGCCCAGGAGTTTAAGACCAGCCTGGACAACACAGCAAGACCCTGTCTCTACAAAAAATTAAGAAAATGAGCCGGGTATGGTGCTACATGCCCATGGTCCCAGCTACTAGGGAGGCTGAGATAGGAGGATTCCCTGAACTCAGGAGATCAGGGCTGCAGTGATGCAGTGGGCCATGATCACACCACTATACTCCAGCCTGGGTGACAGAGTGAGACCCTGTCTCAAATAAATAAATAAATAAA","GCCAGGTGTGGTGGCTCACACCTGTAATCTCAGCACTTTGGGATGCTGAGGTGAGTGATTGCTTGAACCCAGGAGTTTCAGATCAGCCTGGGCAACATAGCAAGACCCAGTCTCTACAAAAAATACAAACATTAGCCGGGCCTGTTGGCACATGCCTGTGGTCCCAGCTACTCAGGAGGCTGAGGTGGGAGGATCACTTGAGCCTGGGAGGTCGCGGCTGCTGTGAGCCATGATCATACCTCTCCCTCCAGCCTGGGTGACAGAGTGAGATCCTGTCTCAAAAGAAAAAAAAAAA"
"KN294181v1","1454051","1454353","chr21","27508438","27508744","47","26054387","GGCCAGGCACAGTGGCTTATGCCTGTAATACCAACACTTTGGGAGGCTGAAGCAGCCCAGGAGTTCAAGACCAGCATGAGCAATGCAGCAAGACCCCGTATCTAGAAAAAAAAAAAAAAAAATCAGCCAGGCACGGTGGGACGCACCTATAGTCCCAGGTACTTGGGAGGCTGAGGAAGGTGGAGCACTTGAGCCCAGGAGTTTGAGGCTGTAGTGAGCTATGATTATGCCATTGTACTCCAACCTGGACAACAGAGCAAGACCTTGTCTAAAAAAAAAAAAAAAAAAAAAAAAAAGCAAAAA","GGCCAGGCACAGTGGCTTATGCCGGTAATATCAACATTTTGGGAGGCTGAAGCAGGAGGATCACTTGAGCCCAGGAGTTCAAGACCAGCGTGGGCAACGTAGCAAGACTCTGTATCTAGAAAAAAAAAAATCAGCCAGGCATGGTGGCATGCACCTATAGTTCCAGGTACTTGGGAGGCTGAGGAAGGCGAAGCACTTGAGCCCAGGAGTTTGAGGATGTAGTGAGCTATGATTATGCCATTGTACTCCAGCCTGGGCAACAGAGCAAGACCTGTCGCAAAAGAAAAAAAAAAAAAAAGAAGAAGAA"
"KN294181v1","1479976","1480104","chr9","113984736","113984871","31","112504760","GCTGGGCATGGCGGCTCATGCCTATAATCCCGGCACTTTGGGTGCGAGGCACCTGAACCCAGGACATTGAGACCAGCCTGGGCAACATAGTGAGACCCCATCTGTATAAAACTTTTTTAAATATAAAAA","GGCTGGGCATGGTGGCTCATGCCTGTAATCCCAGCATTTTGGCAGGCTGAGGCAGGTGAATCACTTGAGCCCAGGAGTTTGAGACCAGCCTGGGCAACATAGTGAGACTCCATCTCTATTTATTTAAAATATAAAA"
"KN294181v1","1544450","1544548","chr7","143342118","143342222","28","141797668","GGCCATATGTGGTGGCTCACACCTCAGACTTTGGGATGCCAAGGCAGGAGGATTTCTTGAGCCCAGGAGACTGACCTGGACAACATAGAGAGATCCCTG","GGCCAGGTGCCATGGCCTATAATCCCAGCACTTTGGGAGGCCAAGGCAGGAGGATTGCTTGAGCCCAGGAGTTCAAGACCAACCTGAGCAACATAGTGAGACCCC"
"KN294181v1","1544918","1545112","chr3","49024378","49024566","38","47479460","CCCATCTCTACTAACAATCAAAAAGTTGACTGGGCATGGTAGTGTGCACCTGTAGTCCCAGCTACTCAGGAGGCTGAGGCAGGAGGATCGCTTTGAGCCCAAGAGTTCGAGGCTGCAGTGAGCTATAATCATGCCACTGTACTCCAGCATGGGTGACACAGCAAGACTCTATCTCTAAAAACTAAAAAGAACAAA","CCCATCTCTACAAAAAAAGAAAAAAATTGCCAGCCTTGGTAGTGTGCACGTGTAGTCCCATCTACTATGGAGGCTGAGGCAGGAGGACTGCTTGAACCCAGAAGTTCCAGGCTGCAGTGAGTTATGATCGTGCCACTGCACTCCAACTTGGGTAACAAAGCAAGACACTGTCTCTTAAAAAAAAAAAAA"
"KN294181v1","1562090","1562369","chr16","15789091","15789382","59","14227001","GGCTGGGCATGGTGGCTCATACCTGTAATCCAACATTTGGGGAGGCGTAGGCAGGAGGATTGCTTGAGCCCAGGACTTGGAGACCAGCCTGGGCAACAAAGTGAAACCCCATCTCTACAAAAAAAAAAAAAAAAATGAAAAAAATTAGCCAGGCATGCTGCTACATGGAAGCTACATGGAAGCCTGAGGCAGGAGGATCACTTGAGCCCAGGAGATTGAGGCTGCAGTAGGCTGTGATTGTGCCACTGCACTCCATCCTGGGTGACAGTGCAAGACCCTG","GGCCGGATGTGGTGGCTCATGCCTGTAATCCCAGCAGTTTGGGAGGACAAGGCAGGTGGATTGCTTGAACCCAGGAGTTTGAGACCAGCCTGGGCAACACAGCAAACCCCATCTCTACAAAAATACAAAAACAAAACACAAAAATTAGCCAGGTGTGGTTGTGTGCACCTGTAGTACCAGCTACTTGGGAGGTTGAGGCAGGAGGATCACCTGAGCCCAGGAGGTTGAGGCTATAGTGAGCTGTGATTGGGCCACTGCACTCCAGCCTGGGTAACAGTAAGACCCTGTTTCA"
"KN294181v1","1576151","1576417","chr7","77073550","77073810","63","75497399","GGCTGGGCATGGTGGCTCATGCCTGTAATCCTAGCACATTAGTCCAGGAGCTCAAGACCAGCCTGGGCAACGTAGGGAGACACTGTCTCTACAATAAATTAAAAAATTAGCTGGGGGTGGTAGTGCACACTTGCAGCCCCAGCTACGTGGGAGGCTGAGGCAGGTGGATCAGTTGAGCACACGAGTATGAGGTTGTAGTGAGCTATGATGGAGCCATTGCACTCCAGCCTGGGTGACAGAGTGAGACCCTGTCTACAAAAAAGAAAA","GGCCAGGTGCTGTGGCTCACACCTGTAATCCCAGTGCATTGGGGAGATGGGAAGACCTGCCTGGGCAACAAAGTGAGACCCTGTCTCCACAAAAATAAAAAAATTAACCAGGCATGGTAGTGCACGCCTGTAGTCCCAGCTACTCAGGAGGCTGAGGCCAGAGGATAACTTGAGCCCAGGAGTTCGAGGCTGTGGTGAGCTATGATCTGCACCTCTGCACTCCAGCCTGGGCCACAGAGTGAGACCCTATCTCAAAAGAAA"
"KN294181v1","1588068","1588344","chr21","27369673","27369946","34","25781605","TTTGGGAGGCCAAGGTAGGAGGATTGCTTGAGCCCAAGAGTTCCAAACCAGCCTGGGCAACATGGAAAAACACAACCTCTACAAAAAATTTAAAAGTTATCTAGGTATGGTGACACACACTGGTAGTCCCAGCTACTCGGGAGGCTGAGGCTGGAGGGTCTCTTGAGCCCAGGAGTTTGAGACTGCAGTGAGCTATGATGCAGAGTGCAGTGAGTCACTGCACTCCAGCTTGGGCAACCGAGTGAGACCCCTGTCTCTAGAAAGAAAGGAAAAAAAA","TTTGGGAGGCCAAGGCCAAGGTAGGAGGATTGCTTGATCCCAAGAGTTCCAAACCAGCCTGGGCAACATGGAAAAACTCCATCTCTAGAAAAAATTTAAAAGCTTTCTAGGTATGGTGACACACACTTGTAGTCCTAGCTACTCGGGAGGCTGAGGCAGGAGGGTCTCTTGAGCCCAGGAGCTCAAGACTGCAGTGAGCTATGATGGTGTCACTGCACTCCAGCTTGGGCAACAGAGTGAGACCCCTGTCTCTAAAAAGAAAGGAAAAAAAAAA"
"KN294181v1","1642595","1642892","chr16","40400257","40400555","52","38757662","GGCCAGGTGCAGTGGCTTATGCCTATAATCCCAGCACTTTGGGAGGCCAAGGCGGGTGAACTGCTTCAGTCCAAGAGTTGAAGACCAACAACATGGCAAAACCCTGTCTCTACAAAAAAATACAAAAATTAGCTGGGCATGGTGATGTGCACCTGTAGTCCTAGCTACTCTGGAGGCTGAGGCAGGAGGATCACTTGAGTCTAGGAGATCAAGGCTGTGGTGAGCTACGAACACACCTCTGCACTCCAGCCTGGGCAACAGAGTGAGACCCTGTCTCAAAAATAAAAAATAAAATAAA","GCCGGGCACAGTGGCTCATGCCTGTAATCCCAGCACTTTGGGAGGCTGAGGCTGGCTGATCGCTTGAATTCAGGAGTTTCAGACCAGCCTGGACAACATGGCAAAACCCTGTCTCTACAAAAAATACAAAAATTAGCTGGGTGTGGTGGTGTGTGCCTATGGTCTTAGCTGCTCAGGAGGCTGGGGCAGGAGAATCGCTTGAGCCCAGGAGATCAAGGCTGCAGTGAGCTAAGATCACACCACTGCACTCCAGCCTGGGCAACAGAGCGAAACCCTGTCACCAAAAAAAAAAAAAAAAA"
"KN294181v1","1704446","1704737","chr10","117731139","117731419","71","116026693","CTGGGCGCAGTGGCTCATGCCTGTAATCTCAGCACTTTGGGAGGCTGTAGTGGGTAGGATCATTTGAGCCCAGGAGTTTGAGACCAGCCTGAGCAACACAGTGAGAACCCATGTCTACCAAAAATTTATCCAAGTTTGGTGGTGCACACTTGTAGTCCCAACTGCTCAGGAGGCTTGAACCCAAGAGTTTGAAGCTGCAGTGAGCCAAGATCATGCCACTGCATTCCAGCCTGGCCAACAGAGGGAGCCTGTCTCAAAAAAAAAAAAAAAAAAAAAAAAAGAATAAAAAAAA","GGCTGGGAGCAGTGGCTCATACCTGTAACCTCAGCACTTTGGGAGACCGAGGCAGGCAAATTGCTTGAGCCCAGGAGTTCAAGATCAGCCTGGGCAACACAGCAAGACCCCATCTCTACAAAAATTAGCCAGGCATGGTGGCGTGCACCTGTAGTCTCAGCTACTTGGGAGGATTACTTGAACCTGTGAGGCAGTGAGCCATGATCACGCCACTGCACTCCAGCCCAGGCCACAGAATGAGACCCTGTCTCAAAGAAAAAAAAAAAAAAAAAAAAAAAAAA"
"KN294181v1","1710964","1711185","chr4","181481972","181482192","43","179771008","GTCAGGTGTGGTGGCTTACACTTGTAATCCTAGCACTTTGGGAGCCAAGGCAGGTGGATTGCTTGAGTCTAGGAGTTTGAGACCAGCCTGGGTAATATAGTGAAACCCTGTCTCTACCAAAAGGATACAAAAATTAGCCAAGTGTGGTAGTGCATGCCTGTGGTCCCAGCTACTTGGGAGGATGAGGCAGGAGGATAGCTTGAGCCCAGGAGGGGGAGGTTG","GGCCAGGCACAGTGGCTTACATCTGTAATCCTAGCACCTTGGGATGCCAAGGCAGGAAGATTGCTTGAGCCCAGGAGTTCAAGACCAGCCTGGGCAACATAGCAAGACCCCGTCTCTAAAAAAAAAAAAAAATTAGCCAGGTATGGTGGTGCATGCCTATAGTCCCAGCTACTCAGGAGGCTGAGGTTGGAGGATCCCTTGAGCCCAGGAGTTTGAGGTTG"
"KN294181v1","1720844","1720975","chr13","12699005","12699138","23","10978161","GGCTGGGTGTGGTGGTTGACACCTACAATCCCAACTCCTTGGGAGGGTGAAGCAGGTGGATCGCCTGAGTCCAGGAGTTTGAGACCAGCCTGGGCAACATAGCAAAACCCTGTCTCTACCAAAAATACAAAA","GGCTGGGAGCCAGTGGTTCATACCTGTAATCCCAGCACTTTGGGAGGCTGAGGCAGGAGGATTGCTTGAGTCCAGGAGTTTGAGACCAGCCTGGGCAACATAGCAAGAACCCATCTCTACAAAAATTAAAGAAA"
"KN294181v1","1752313","1752647","chr9","16045178","16045496","76","14292865","GGCTGGACACAGTGACTCATGCCTGTAATCCCAGTGCTTTGGGAGGCCAAGGCAGGAGGACCACTTGCGCCCAGGAGTTCAAGACTGGCCTGGGCAACATAGTGAGACCCTGTCGCTAAAACAAATTTAAAAAAACATTAGCCGGATGGAGTGGCATGTACCTGTAGTCCGAGGTACTTGGGAGGCTGAGGCAGGAGGGAGGCTAAGGCAGGAGATCACTTGAGCCTGGCAGTTCAAGGTTGTAGAGAGCCATGATCACGCCACTGCTCTCCACTCTGGGTAACAGAGTGTACCTTGTCTCCAAAAAAAAAAAAAAAAAAAAAAAAAAGAAAAAA","GGCCAGACATGGTAGCTCAGGCCTGTAATTCCAGGGCTTTGGGAGGCTGAGGCAGGAGGACCCCTTGAGCCCAGGAGTTCAAGACCAACCTGGGCAACATAGTGAGACCCTGTCTCTACAAAACAAAGAACAAAAAAAAATTAGCCAGGTATGGTGGCATGCACCTGTAGTCCCAGCTACTTAGAAGGCTGAGGCAGAAGAATCACTTGAGCCCAGGAGTTCAAGGCTACAGTGAGCCATGATTGTGACACTGCACTCCAGCCTGGGTGACAGAGCAAAATCCTGTCTCTAAAAAAAAAAAAAAAAAAAAGAAAAGAAA"
"KN294181v1","1858602","1858906","chr21","27064344","27064650","20","25205742","GGTCAGGTGCAGTGGCTCACACTCGTAATCCAGCACTTTGGGAGGCCAAGGCAGGAGGATTGCTTGAGCCTAGGAGTTCGAGACCAGCCTGGGCAACAGAGGGAGACCCCCATCTCTACAATATATTTAAAAAATCAGCTGGGTATGGTGGCGCGTGCCTGTGGCCCCAGCTACTCTGGAGACTGAGGCAAGAGGATCACCTAAGCCCATGAGGTCAAGGCTGCAGTGAGCCATGTTCATTCCAGTACACTCCAGCCTGGGTGACAGAACGAGACCCTGTCTCAAAAGAGAGAGAGAGAAAGAAA","GGCCAGTTGCAGTGGCTCACACTTGTAATCCCAGCACTTTGGGAGGCCAAGGCAGGAGGATTGCTTGAGTCTAGGAGTTCGAGACCTGCCTGGGCTACATAGGGAGACCCCCATCTCTACAATATATTAAAAAATCAGCTGGGTATGGTGGCGCGTGTCTGTGGCTCCAGCTACTCAGGAGGCTGAGGCAGGAGGATCACTTAAGCCCATGAGGTCTAGGCTGCAGTGAGCCATGTTCATGCCAGTACACTCCAGCCTGGGTGACAGAAAGAGACCCTGTCTCAAAAAAGAGAGAGAGAGAAAGAAA"
"KN294181v1","1879673","1879973","chr5","33058621","33058916","64","31178948","GGCCAGGCATGGTGGCCCACACCTGTAATCCCAGCACTTTGGGAAGCTAAGGCAGGAGGATAGCTTGAGCCCAGTAGTTTGAGATCAGCCTAGGCAACACAGTGAGACCCTCTCTCTACAAAAAAAAAAAAAAAAAATTAGTTAGCTGGGCACGGTGGTACTTGCTTTAGTCCTAGCTACTGGGAAGGCTGAGGTAGGAGGATCACTTGAGCCCAGGAGTTTGAGGCTACAGTGATCAGTGATTGTACCACTCACTCCAAGCCTGGGCAACATTGTCTCTATAAAAACATAAAATAAAAAA","GGCCAGGCATAGTGACTCACACCTGCAATCCCAGCACTTTGGGAAACTGAGGCAGGAGGATCGCTTGAGCCTAGGAGTTTGAGACTAGCCTGGGCAACATAGTGAGACCCTGTCTCTATAAAAATAAAAAAAAATTAGCCAGGCGTGGTGGTGCACGCCTATAGTCCTAGCTACTAGGGAGGCTGAGGCAGGAGGATCATTTGAGCCCAGAAGGTTGAGAGTGTAGTGAGCTATGATTGTGCCACTGCACTCCAGCTTGGGCAACAGAAGGAGATCCTGTCTAAAAAAAGAAAAAA"
"KN294181v1","2017551","2017614","chr17","1321790","1321852","8","695761","GCTGGGTGCAGTGGCTCACACCTGTAATCTCAGCACTTTGTGAGGCTGAGGCAGAAGGATCACT","CAGGTGCGGTGGCTCACACCTGTAATCTCAGCACTTTGGGAGGCTGAGGCAGGAGGATCTCTT"
"KN294181v1","2031361","2031667","chr21","26897386","26897693","30","24866025","GGCTTGGTGCCGCGGCTCATACCTGTAATCAGCACTTTGGGAGGCCAAGGCTGGAGGATCACTTAAGCTCAAAAGTTTGAGATCAGCCTGGGTAACATAGTGAGAACTTGTCCCCACTGAAAAAAATGTTCTTAAATTTAGCTGGGTACAGTGGCGTGCACCTGTAGTCTCAGCTACTTGGGAGACTGAAGCAGGAGATCACTTGAGCACAGGTCAAGGCTGCAATGAGCTATGATTATTCTATGCACTATAGCCTGGGTGACAGAGCAAGGCCCTATCTCAAAAAAAATAAAAAATAAAATAAAAA","GGCCTGGTGCCGTGGCTCATACCTGTAATCAGCACTTTCGGAGGCCGAAGGGGGAGGATCACTTAAGCCCAAAAGTTTGAGATCAGCCTGGGTAGCATAGTGAGAACTTGTCCCTACTAAAAAAAATTTCTTAAATTTAGCTGGGTACAGTGGTGTGCACCTGTAGTCCCAGCTACTTGGGAGTCTGAAGCAGGAGATCACTTGAGCACAGGAGGTCAAGGCTGCAATGAGTTATGATCACTCTATGCACTATAGCCTGGGTGACAGAGCAAGGCCCTATCTAAGAAGAAGAAGAAAGAAGAAGAGAA"
"KN294182v1","91471","91744","chr11","837921","838194","16","746450","GGTGTGGTGACTTAGGCCTGTAATTCCAGCACTTTGGGAGGCCGAGGTGGGAGGATCACTTGAGCCTAGGTGTTTGAGACCAGCCTGCACAACATGGTGAGACCCCATCTCTACAAAAAATACAAAAATTAGCTAGATGTGGTGGTGCACACCTGTGGTCCCAGCTACTCGGGAGGCAGGCGGGGGAGGATCGCTTGAGTCCAGGTGTTTGAGGCTGCAGTGAGCTGAGATCATGCCACTGCACTGCAGCCTGGGCAGCAGAGCGAGACCCTGT","GGCCTGGTGACTTAGGCCTATAATTCCAGCACTTTGGGAGACCGAGGTGGGAGGATCACTTGAGCCCAGGTGTTTGAGACCAGCCTGCACAACACTGTGAGACCCCATCTCTACAAAAAATACAAAAATTAGGTAGACATGGTGGTGCACACCTGTGGTCCCAGCTACTCGGGAGGCAGAGGTGGGAGGATCGCTTGAGCCCAGGTGTTTGAGGCTGCAGTGAGCTGAGATCTTGCCACTGCACTGCAGCCTGGGCAACAGAGCGAGACCCTGT"
"KN294182v1","159396","159665","chr7","79958771","79959037","69","79799375","GCCAGGCATGGTGGCTCACACCTGTAATTCTAGCACTTTGGGAGGCTGAGGCAGGTGGACCGCTCAAGCCTAGGAGTTCGTTATCAGGCTGGGCTACAAAGCAAAACCCTATTTCTACAAACAAGTTTTTTAAAAATTAGCCAGGTGTGTGGTCCCAGCCACTCAAGAAGCTGAGGCAAGAGGGTCACCTGAGCCCAGGAAGTCAAGGCTGAAGTAAGCTATGATCGCACCATTGCACTCCGGCCTGGGCAATGAGAATGAGACCCTGTC","GCTAGGCACAGTGGCTCACGCCTGTAATCCCAGTGCTTTGGGAGGCTGAGGTAGGAGGATCACTTGAGCCCAGGAGTTCAAGACCAGCATGGGCAACATAGTGAGACATCATCTCTACAAAAAGTGTGAAAAATCAGCCAGGTACGGTGACACACACCTGTAGTCCCAGCTACTTGGGAGGCTCACCTGAGCACAGGAGGTCAAGGCTGAAGTAAGCTACGATCACACCACTGCACTCCAGCCTGGACAATAAAGTGAGACCCTATC"
"KN294182v1","172859","173151","chr11","734663","734958","24","561804","GGCTGGGCACAGTGGCCTGTAATCTTAGCACTTTGGGAAGCCAAGGTGGGAGGCTTGCTTGAGCCCAGGAGTTCAAGACCAGCCTGGGCTGGTCTAGTGAGCCCCATCTCCACAAAAAATCAGAAACTTAGCCAGGTGTGGTGGCATGCACCTGCAGTCTCAGCACTTTGGGAGCCAAGGCAGGAGGATGGTTTGAGCCCAGAAGGTCGAGGCTGTAGTGATTCATGATTGCACCACTGCACTCCAGCCTGGGAGACAAAGGGAGAGACCCTGTCTCTAAAATTAAATATAAA","GGCTGGGCACAGTGTCTTGTAATCTCAGCACTTTGGGAAGCCAAGGCAGGAGGACTGCTTGAGCCCAGGAGTTCAAGACCAGCCTGGGCAACATAGTGAGACTCCATCTCCACAAAAATCAGAAACTTAGCCAGGTGTGGTGGCGTGCACCTGCAGTCCAAGCACTTTGGGAGCCAAGGCAGGAGGATGGTTTGAGCCCAGAAGGTCGAGGCTGTAGTGATTCATGATTGTACCACTGCACTCCAGCCTGGGAGACAAAGGGAGAAACCCTGTCTCTAAAATTAAACATAAATAAA"
"KN294182v1","191558","191673","chr8","1657845","1657966","22","1466287","GTGGCTCACACCTGTAATTCCAACACTTTGGGAGACTGACGTGGGAAGATTACTTGAGCCCAGGAGTTCGAGACCAGCCTGGGTAACATAGTGAGATCCTGCAAAAATTAAATATT","TAGCTCACACCTGTAATGCCAGCACTTTGGGAGACTGAGGTGAGTGAATCACTTGAGCCCAGGAGTTTGAGACCAGCCTGGGCAACATAGTGAGACCCCATCTCTGCAAAAAGAATAATAAT"
"KN294182v1","207957","208151","chr22","12940168","12940362","56","12732211","GGCTGGGTGTGGAGGCTCGCGCCTGTGATGCCAGCATTTGGGGAGGCTGAGGCGGGAGGATCGCTTGAGCCCAGGAGTTTGAGACCAAGTGGTGGGAATGCAGCAAGGGGCTGGGTGTGGAGGCTCGCGCCTGTGATGCCAGCATTTGGGGAGGCGGAGGCGGGAGGATCGCTTGAGCCCAGGAGTTTGAGACCG","GGCTGGGTGTGGTGGCTCACACCTGTAATCCCAGCACTTTGGGAGGCCAAGGTGGGTGGATCACTTGAGCACATGAGGCAAAACCCTGTCTCCACAAAAAATACAAAAATTAGCCAGGCGTGGTGCACGTGCCTGTAATCCCAGCACTTTGGGAGGCCAAGGCAGGAGGATCACTTGAGGCCAGGAGTTCGAGAC"
"KN294182v1","213938","214071","chr1","14856454","14856585","21","14642516","GGCCAGGCTCGGTGGCTCGCGCCTGTCACAGTAGCACTTTGGGAGGCTGAGGCAGGAGGATGGTTGAGCCCAGGAGTTCGAGACCAGCCTGGGCAACATAGTGAGACCCTCCCATCTCATAAAAAATAAAACAA","GGCCAGGCACGGTGGCTCACTCCTGTAATAATAGCACTTTGGGAGGCTGAGGTGGGAGGATCGCTTGAGCCTAGGAGTTCAAGACCAGCCTGGGCAACATAGTGAGACCCCATTTCTACAAAAACAAACAAA"
"KN294182v1","216383","216515","chr2B","116295463","116295601","28","116079080","GGCTCAGGCCTGTGGTCCTAGCTACTCAGGAGGCTGAGGCAGGAGGATGACTGGAGCCCAGGAGTTCAAGACCAGCCTGGGCAACATAGTAAAATCCTGTCTCTACTAAAAATACAAAAAGTTAGCTGGGCGT","GTAGCTCACGCCTGTAATCCCAGCACTTTGGGAGGCTGAGGTGGGAGAATTGCTTGAGCCCAGGAGTTCAAGACCAGCCTGGGCAACATGGTGAAATTTTGTCTCTACAAAAAAATACAAAAATTAGCTGGGTGTAGTG"
"KN294182v1","218179","218442","chr9","95812416","95812663","68","95594237","GGCCTGGCACAACAGCTCACACCTGTAATCCCAGCACTTTGGGGGGCCAAGGCAGGAGGATTGCTTGAGCCCAGGGGTTCGAGACCTTCTGTGTAAAATAGACCCCGTCATTACAAATAGTTTAAAAAAAAAAAAAAGTAGCCAGGTATGGTGGTGCACACCTGTGGTCCCAGCTACTCAGGAATGCCTGAGCTGTGGAGGTGGGGACTGCACTGCACTCCAGTCTGGGCTACAGAGCAAGACCCTGTCTCCAAAACAACCAAA","GGGCACAGTGGCTTACACCTGTAATCCCAACACTTTGGGAGGCCAAGGCAAGAGGATTGCTTGAGCTCAGGAGTTCGAGACCTGCCTGGGCAACACGAGACCTCATCTGTACGATAAAACAAAAAATTAGCTGAGCATGGCAGTGGTGCAGGCCTGTGATTCCACCTACTCAGGAGGCTGAGGTTGAGGCTGCGGTGAGTTGCACTCCAGCCTGGGTGATGGAGCAAGACCCTGTCTCAAAAAAAAAA"
"KN294182v1","308694","308829","chr11","590077","590207","18","281383","GGCCGGGCACGGTGGCTCACACCTGTAATCCCAGCACTTTGGGAGGCCAACGTGGACAGATGGCTTGAGCTCAGGCGTTTGAGACCAGCCTGGCCAACATAGTGAGACCCCTGTCTCTATAATACAAATATAGCAA","GGCTGGGCACGGTGGCTCACACCTGTAATCCCAGCACTTTGGAAGGCCGAGGTGATAGATGGCTTGAGCTCAGGAGTTTGAGACCAGCCCGGCCAACACAGTGAGACCTCCGTCTGTACAATAAAAATATA"
"KN294182v1","309121","309298","chr11","589603","589777","8","280482","TTAGCCAGGCATGGTGGTGTGCGTCTGTGGTCCCAGCTACTCAGGAGGCTGAGGCAGGAGGATTGCCTGAGCCAGGGAGGTTGAGGCTGCAGTGAGCTATGACTGTGCCACTGCCTTCCAGCCTGGGCAACACAGCAAGACCCTGTCTCAAACGACAACAACAAAAACACCAAGAAAA","TTAGCCAGGCATGGTGGTGTGCGCCTGTGGTCCCAGCTACTCAGGAGGCTGAGGCAAGAGGATTCCCTGAGCCAGGGAGGTTGAGGCTGCAGTGAGCTATGACTGTGCCACTGCCCTCCAGCCTGGGCAACACAGCCAGACCCTGTCTCAAACAACAACAAAAACACCAAGAAAA"
"KN294182v1","350836","350971","chr7","121907755","121907885","21","121556919","GGCCTGGCACGGTGGCTCATGCCTGTAATCCCAGCACTTTGGGAGGCCAAGGTAGGAGGATTGCTTGAGCTCAGGAGTTCAAGACTAGCCTGGGGAATATGGTAAGACCACATGTCTACAGATAATACGAAAATTA","GGCTGGGCACAGTGGCTCATGCCTATAATCCCAGCACTTTGGGAGGCCAAGGTGGGTGGACTGCTTGAGCTCAGGAGTTCAAGACCAGCCTGGGCAACACGGCAAAACCCCATCTCTACAAAAACAAAAAT"
"KN294182v1","419531","419829","chr4","6615194","6615493","63","6195663","GTGCAGTGGCTCATGCCTGTAATCCCTACACTTTGGGAGGCTGAGGTGGGAGGATCACTTGAGCCTAGGAGTTCAAGACCAGCCGGGCAACATAGCAAGACCTTGTCTCTACAAAACAAAAATCAAAAACAAAAACAACTAGCTAGGTATGGTGGCATTCACCTGCGATCCCAGTTACTTAGGAAGCTGAGGCGGGAGGATGGTTTGAGCCCAGGTGGTCGAGGCTACAGAGAGCCATGAATGCACCACCGTCCTTTGGCCTTGGTGACCTAATGAGACCCTGTCTCAAAAAGAAAAAA","GGTTGGGCATTGTGGCTCACACCTGTAATCCAAGCACTTTGGGAGGCTGAGGTGGGAGGATCGCTTGAGCCCAGGAGTTCGAGACCAGCCTGGGCAATATAGTGAGACCCTGTCTCTTCAAAAAACAAAAAAAAAAATTAGCCAAGGATGGTGGCATGTACCTGTAGTCCCAGCTACTCAGGAGGCTGAGGCTGGAGGATCACTTGAACCCAGGAGGTTGAGGCTGCAGTGAGCTATGATTGCACCACTGTACTCCAGCCTGGGTGACAGAGCGAGACCCTGTCTCAAAAAGAAAAAAAA"
"KN294182v1","421198","421478","chr7","63265622","63265901","59","62844424","GGCCGGGCACAGTGGTTCACGCCGGTACTCCCAGCACTTTGAGAGGCTGAGGTGGGCGCATGGCTTGAGCTCAGGAGTTGCAGATCAGCCTGGCAGCACAGCGAGACCCTCTCTCCACAAAAAATACAAAAATCAGCCAAGCATGGTGGCACATGCCCATAGTCCCAGCTACCTGGGGGGCTGAGGCGGGAGGACTGCTTGAGCTTGGGAACTTGAGGCTGCAGTGAGCCGAGGTCACATCTCTGTACTCCAGCCTGGGTGACAAAGTGAAATCCTCTCTC","GGCCAGGTGCAGTGGCTCATGCCTGTTATCCCAGCACTTTGGGAGGCCAAGGTGGGAGGATTGCTTGAGCCCAGGTGTTCAAGACCAGCCTGGGTAACACAGCAAGACCTCATCTGTACAAAAAACACAAAAATCAGCCAAGCATGGTGGCACATACCTGTGGTCCCAGCTATTTGGGAGGCAGAGGTGGGAGGACTGCTTGAGCCCCAGAGGTCGAAGCTGCAGTGAGCTGTGTTTACACCACTGCACTCCAGCCTGAGTGACAGAGCGAGACCCTGTC"
"KN294182v1","445530","445710","chrX","9038075","9038252","39","8592545","TATCAGCCGGGGATGGTGGCATGCGGCTGCTGTCCCAGCTATTCGGGGGAACTGAGGCAGGAGAATCGCTTAAACCCGGAGGCGGAGGTTGCAGTGAGCTGAGATCGCGCCACTGCACTCCAGCCTGGGCAACAAGAGTGAAACTCTGTCTCAAAAAAACAAACAAAAAGAAAAACAAAAA","TTAGCCAGGCATGCATGGTATCAGGTGCCTGTAGTCCCAGCTACTCGGGAGGCTGAGGCAGGAGGATCGCTTGAGCCCAGGAGGCAGAGGTTGCAGTGAGCTGAGACCACACCATTGCACTCCAGCCTGGGGGATAGAGTGAGACCCTGTCTCAAAAAATAAACAAAAAAAAAGAAAA"
"KN294182v1","446017","446149","chr3","13539438","13539570","23","13093421","GTCAGGAACGGTGGCTCATGCCTCTAATCCCAGAACTTTGGGAGGCCAAGGCAGGAGGATCGCTTGAGCCCAGGACTTTGAGACCAGCCTGGGAAACATACCGGGCCGGGTCTCTACAAAAAATTAAAATATC","GGCAGGGTGCGGTGGCTCACGCCTCTAATCCCAGCACTTTGGGAGGCCGAGGCAGGAGGATCGCTTGAGCCCAGGAGTTTGAAACCAGCCTGGGCAAAAGAGCGAGACCCTGGCTCTACAAAAATAACAATAA"
"KN294182v1","449667","449893","chr10","137237931","137238160","52","136788264","GGCTGGGTGTGTGGCTCATGCCTGTAATCGTAGCACTTTGGGAGGCTGAGGTGGGAGGATCATTTGAGCCCAGGAGTTTGAGATCAGCTGGGCTAACATAGCGAGACCCCCTCTCTACAAAAAATAAGAAAATTAGCTGGGTGTGGCACCACTCATCTGTGGTCTCCAGCTGGGGCCGGAGGATCACTTGAGCCCAGGAGATTGAGGCTGCAGTGAGCCATGATTGC","GGCTGGGCACCGTGGCTCACGTCTGTAATCCCAGCACTTGGGGAGGCCGAGGTGGGAGGATTGCTTGAGCCCAGGAGTTCAAGACCAGCCTGGGCAACATAGTGAGACCTTGTCTCTACCAAAAAATAAACAAAATTAGGTGCGTGTGGTGGTGCATAACTGTGGTCCCAGCTACTCAGGAGGCTGATGTGCTTGAGTCCAGCAAATTGAGGCTGCAGTGAGCCATGATC"
"KN294182v1","485791","486080","chr11","407119","407400","36","78672","GGGCAGGGGCAGTGGCTCACACCTGTAATCCTAGCTCTTCAGGAGGCTGAGGCAGGAGGATTGCTGGAGCCCAGAGACCAGCTTGGGCGACATGGTGAGCCCTATCTATAAAGACAATGAGCTGGGCACGGTGGTACATACCCATAGTTCAAGCTGCTTGGGAGGCTGAGGCAGAAGAATCATGTGAGCCCAGGAGTTTGAGCCTGCTGTGAGCCGAGATCATGCCACTGCACTCCAGCCTGCGTGACAGAGCAAGATCCTGTCTAAAAAAAAAAAAAAAAAAAAAAAAA","GGGCAGGCGTGGTGGCTCACACCTGTAATTCTAGCTCTTTAGGAGGCTGAGGCAGGAGGATTGCTTGAGCCCAGAGACCAGCCTGGGCAACATGATAAGCCCTATCTATAAAAAAAATTAGCTGGGCACGGTGGTGCCTACCTGTAGTTCCAGCTGCTTGGGAGGCTGAGGCAGGAGAATCACGTGAGCCCAGGAGTTTGAGGCTGCTGTGAGCTGAGATTGTGCCACTGCACTCCAGCTTGGGTGACAGGGCAAGATCCTGTCTCAAAAAAAAAAAAAAAA"
"KN294182v1","494449","494749","chr22","26114294","26114596","62","25619845","GCTGGGCGCAGTGGCTCACGCCTGTAATCCCAGCACTTTGGGAGGCTGAGGCAGGAGGACGGCTTGAGCCTAGGAGTTCGAGACCCACCTGGACAATACAGTGAGACCTCGTCTCCACTTAAATAACAACAAAAAAAAGCCAGGTGTGGTGGCAAAGGCCTGTGGAGCCAGCTACTCAGGAGGCTGAGGCAGGAGAGGATGGCTTAAGCCCAGGAGGCTGAGGCTGTAACAAGCTGTGACTGTGCCACTGCGCCCCAGCCTGGGTGAAAGAGAAGATGGTGTCTCAAGAATAAAATAAAGA","GCTGGGCACAGTGGCTCACACCTGTAACCCCAGCACTTTGTGAGGCAGAGGCAGGAGGACTGCTTGAGTCCAGGAGTTCGAAACCAGCCTGGGCAACATGGCGAGACCTTGTCTCTACAGAAAATACAAAAATAATTAGCCAGGCATGATGGCATATGCCTGTGGTCCCAGCTACCTGGTAGGCTGAGGCAGGAAGACTGCTTAAGCCCAGGAGGCAGAGGTTGGAGTGAGCTGTGATCTTGCCACTGCACTCCAGCCTGGATGACAGAGCAAGATCCTGTCTCAAATAAATAAAGGAGAAAA"
"KN294182v1","504594","504736","chr16","22415292","22415430","35","21910698","CGCCCCACAAAAATTACCTGGGCACAGTGATGTGTGCCTGTAATCCCCACTACTCAGTAGGCTGAGGTTGGAGGATCGCTTGAGCCCAAGAGGTCCAGGCTGCAGTGAGCTGTGATCGTGCCATCACACTCCAGCCTGGGCAA","TAGAAAAATTAGCCAGGCTCGGTGGTGTGTGCCTGTAGTCCCAGCTACTCGACAGGCTGAGGTTGGAGGATAGCTTGAGCCCAGGAGTTGGAGGCTGCAGTGAGCTATGATTGCACCACTGCACTCCAGCGTGGGTGAC"
"KN294182v1","505318","505451","chr11","47832116","47832251","23","47326798","GGCTGGGCACGGTGCTCACGCCTGTAGGCCCAGCACTTTGGGAACATGAAGCAGGTGGATTTCTTGAGCTCAGAAGTTGAAGACCAGCCTGAACAACATAGCGAGACCTCATCTGTACAAAAAATACAAAAATT","GGCTGGGCATGGTGGTGCATGCCTGTAATCCCAGCACTTTGGAAGACTGAGGTGGGCAGATTGCTTGAGCTCAGGAGCTTGAGACCAGCCTGGGCAACATAGCTAGACCTCATCTCTACAAAAAATACAAAAATTA"
"KN294182v1","547027","547297","chr11","344577","344837","30","202450","GCCAGGCACAGGGGCCATGCCTGTGATCCCAGCACTGTGGGAGGCCAAGGCAGACGGATCACTTGAGCCCAGGAGTTTGAGATCAGCCTGGGCAACATAGCAAGACCCCTGTCTCTAAAAATAAAAAATTAGACAGGCATGGTGGCACCTGTAGTCACAGCTACTCAGAAGGCGGGGAGGTCAAGCTGCAGCGAGCTGAGATTGCACCGCTGCACTCTAGACTGGGCGACAGAGCAAGACCCTGTTGCAAAAAAAGAAAGAAAAAACAAAA","GCCGGGCACAGGGGCCACGCCTGTAATCCCAGCACCGAGTCCAAGGCGGATGGATCACTTGAGCCCAGGAGTTTGAGATCAGCCTGGGCAACATAGCAAGACCCCTGTGTCTAAAGATAAAAAATTAGACAGGCATGATGGCACCTGTAGTCACAGCTACTCATAGGAGGCGGGGAGGTCAAGCTGCAGTGAGCTGAGATTGCACCGCTGCACTCCAGACCGGGCGACAGAGCAAAACCCTGTCGCAAAAAAAAAAAAAAA"
"KN294182v1","564721","564983","chr1","205527415","205527684","64","204962694","GGCTGGGCTTGTTGGCTCACACCTATAATCCCTCCACGTTGGGAGGCCAAGGCAGGAGGATTGTGTGAGCCCAGGGGTTCCGGACCAGCCTGGGTAACACAGGAGACCCCATCTCTAAAATAAAGTTAGCTGGGTACAGTGGCTCACACCTGTGATCCCAGCTACTCGGGAGCCTGAGGCAGCAGGATCACTTGAGGACAGGAGTTTGAGACCAGCATGGGCAACATAGCAAGATCCTGTCTCTGTTTAAACAAAGGAAAAAA","GGCTGGGCAAGATGGCGCACACCTGTAATCCCAGCATTTTGGGAAGCTGAGGTGGGTGGATCACTTGAGCCCAGGAGTTCTGAGACCAGCCTGGGCAACAAAGTGAGACCTCGTCTCTATAAAGAATAAATTAGCTGGGAGCGGTGGAGCACACCTGTAATCCCAGCACTTTAGGAAGCTGAGGCAGGAGGATCTCTTGAGCCCAAGAGTTCAAGACCACCCTGGGCAACATAGCAAGACCCTGTCTCAAATAATTTTTAAAAAGAAAAA"
"KN294182v1","582605","582834","chr11","306724","306963","27","275881","GGCTGGATGCGCTGGCACGCCTGTAATCCCAGCACTTAGGGAGGCTGAGGCGGGCAGATCTCTTGAGCCCAGGAGTTTGCGACCAGCCTGGCCAACATAGTGAGACCTCCGTCTCTACAAAAAATAGAAAAAATTAGCCAGTTGCGGTATTGAACTCTTGTAGTCCCAGCTACTTGGGATGCTGAGGCAGGAGGATCGCTTGAGCCCTGGAGGAGGAGGCTGCAGTGAGC","GGCTGGGTGCGCTGGTGCAACCTGTAATCCCAGCACTTTGGGAGGCCGAGGCGGGCGGATCTCTTGAGCCCAGGAGTTTGCGACCAACGTATTGAGTTTGGCCAACATAGTGAGACCCCCGTCTCTACAAAAGATAGAAAAAATTAGCCAGTTGCGGTAGTGAATCCTTGTAGTCCCAGCTACTTGGGACGCTGAGGGAGGAGGATCACTTGAGCCCTGGAGGAGGAGGCTGCAGTGAGC"
"KN294182v1","622129","622396","chr11","257721","257994","30","364408","CATGTCTGCAGTCCCTATACTTTGGGAGGCTGAGACAGGAGGACTGCTTGAGCCCAGGCGTTCAGGACCAGACTGGGTAACACAGTGAGACCCCATCTCTATAAAAAATTAGCCGGGCATGACGAGGGCACCTGCAGTCCCAGCTACTCGGGAGGCAGTAGATTCGCTTGAGCCCAGGTCGAGGCTGCAGTGAGCTAGAATGATCGTGCCACTGCACTCCAGCCTGGGAGACAGAGCAAGATCTCTCTCAAAAAAACAAAACAAAAGA","GCACGCGTCTGTAGTCCCAACACTTTGGGAGGCTGAGACAGGAGGATTGCTTGAGCCCAGGCGTTCAGGACCAGACTGGATAACACAGTGAGACCCCATCTCTATAAAAAATTAGCCAGGCGTGGTGGCAGGCACCTGTAGTCCCAGCTACTCGGGAGGTGGCAGATTCGCTTAAGCCCAGGTCGAGGCTGCAGTGCGCTAGGATGATTGTGCCACTGCACTCCAGCCTGGGAGACAGAGCAAGATCTGTCTCAAAAAAAAAAAAAAAAAAAAA"
"KN294182v1","623628","623892","chr13","30902672","30902932","67","30279044","CGGGGAAAGAGGATCAACTGAGCCCAGGAGTTGGAGACCAGCTCGGGCAACATAGTGAGACCCTGTTTCTACCCCAAAAAAAATAAATAAATAACTGGGCGTGGTGGCATGTGTCTGGCCCCAGCTACTTGGGAGGAGGCAGGGTGAAGGGAGATTACTTCGGCCCAGGAGTTGGGGGCCACAGTGAGCTGAGATCACATCCCTGCACTCCAGCCTGGGTGACAGAGTGAGATCCTGTCTCAAAAAAAAAAAAAAAAAAAAAAAA","CAAGGCAGGAAGATCACTTGAGCCCAGGAGTTCAAGACCAGCCTGGGCAACATAGTGAGACTCTGTCTCTATAAAAAAATAACAGAATTAGCTGGGTGTGGTGGCATATGCCTGTAGTTCTAGCTACTCAGGAGGCTGAGGCAGGAGGATCACTTAAGCCCAGGAGACTGAGGCTGCAGTGAGCCATGATCACACCACTGCACTCTGGCCTGGGTAACAGAACAGGACCCTGTCTTAAAAAAACAATAAAACAAAACAAAA"
"KN294182v1","650943","651246","chr11","225996","226302","22","424947","CAGGCACGGAGGCTCACACCTGTCATCTCAGCACGTGGGGAGGCCGAGGCAGGAGGATTGCTTGAACCCAGGAGTTCGAGACCAGCCTGGGCAACATGACAAAACCCCGTCTCTACAAAAAATAGAAAAAATTAGCCAGGCATGGTGGCACATGCCTGTAGTCCCAGCTATTCAGGAGGCTGAGGCAGGGGGATCGCTTGAACCAGGAGTTTGAGGCTGTAGTGAGCCGTGATTGTACCACTGTACTCCAGCCTGGGGCAATGGATCAAGATACTGTCTCAAAGAGTAAATAAATAAAATAAAA","CAGGCGTGGTAGCTCACACCTGTCATCCCGTAGCACGTTGGGAAGCCGAGGCAGGAGGATTGCTTGAGCCCAGGAGTTCGAGACCAGCCTGAGCAACATGACAAAACCCCATCTCTACAAAAAATAGAAAAAATTAGCCAGGCATGCTGGCACATGCCTGTAGTCCCAGCTATTCAGGAGGCTGAGGCAGGAGGATTGCTGGAACCAGGAGTTTGAGGCTGTAGTGAGCTGTGATTGTACCACTGTACTCCAGTCTGGGGCAATGGATCAAGACACTGTCTCTAAAAGTAAATAAATAAAAATAAAA"
"KN294184v1","44357","44668","chr3","76543309","76543582","69","76498952","GCCAGGCGTGATAACTCATACCAGTAATTTCAGAAATTTGGAAGGCCAAGAGAGGAGGATCACTTGAGTCTAGGAGTTTGAGACCAGCCTGGCAAACATAGCAAAACCTCGTGTCTAAAAAAAAAAAAAAAAAATGACTTGGGTTTGGTGGCTCACATCGGTAGTCCCATAGTCCCAGTTATTTAGGAGGCTCACACAAGAGGAATGCTTGAGCCCAAGAGTTTGAAGCTGCAGTGAGCTGTGACCTTACCACTGCACTCCAGTTTGGGGAACAGCGTGAGGCCTTGTCTCTAAAAACAAATAAACAACAAA","GCCAGACATGATAACTCATACCAGTAATTTTAGAACTTTGGAAGGCCAAGAGAGGAGGATCACTTGAGTCTAGGAGTTTGAGACCAGCCTGGCAAACATAGCAAAACCTCATATCTACCAAAAAAAAAAAAAAAAAAAAGTGAGTTGGATTCGGTGACTCACATCTGTAGTCCCAGCTACTTGGGAGGCTCACACAGGAGGATTGCTTGAGCCCAAGAGTTTGAAGCTGCAGTGAACTGTGATCTTGCCACTGCACTCCAGTTTGGGCAACAGA"
"KN294184v1","75324","75547","chr3","18368","18591","10","56956","ACCAGACTGGGCAGTATAGCAAGACCACATCTCTACAAAAAGTACAAAATTAGCTAGGTGTGGTGGTGTGCACCTGTAGTCCTAGCTACTTGGGAGGCTGAGGCTAGAGGATCCCTTGGGCCAGGATTTGGAGGCTGCAGTAAACTATGATCACATCACTGTATTCCAGCCTGGTTGACAGAGCAAAACCTTGTCTCAGGAAAAATTAAAAAAAAAAAAAAAAA","ACCAGACTGGGCAGCATAGCAAGACCACATCTCTACAAAAAGTACAAAATTAGCTAGGTGTGGTGGTGTGCACCTGTAGGCTTAGCTACTTGGGAGGCTGAGGCTAGAGGATCCCTTGGGCCAGGATTTGGAGGCTGCAGTAAACTATGATCACATCACTGCATTGCAGCCTGGGTGACAGAGCAAGACCTTGTCTCAGGAAAAATAAAAAAATAAAAAATAAA"
"KN294184v1","139571","139728","chr3","83725","83883","19","55846","GGTTCTCGTCTGTACGTCAGCATTTTGAGAGACTGAGGTGGGAGAATCACTTGAGCCCAGTTGTTCGAGACCAGCCCGGGCAACGTAGGGAGACCTTGCTTTAAAAAAGCAAAACATTAGCAAGCATGATGGTGCACACCTGTGGTCCCATCTTCTTG","CTCACACCTGTAATGTCAGCACTTTGAGAGACTGAGGTGGGAGAATCACTTGAGCCCAGATGTTCGAGACCAGCTTGGGCAACATAGGGAGACCTTGTTTCTAAAAAAACAAAAACATTAGCAGGCAGGATGGTGCACACCTGTGGTCCCATCTTCTTG"
"KN294184v1","200451","200727","chr3","142674","142950","15","57777","GCCAGGTATGGCGGCTCATGCCTATAATCTTAGCACACTGGCAGGCAGAGGCAGGAGGCTTGCTTGAGTCCAGGAGTTTGAGACCAGCCTGGGCAACATAGTAAGATCCCTTTTCTACAAAAAATAAACAAAATTATCCAGTTGTGGTGGTGCATGCCTGCAGTCCCAGCTATTCAGGAGGCTGAGGCAGAAGGATCTCTTGAGCCCAGGAGGTGAAGCTGCAGTGAGTTATGATCATACCATTGCACTCCAGCCTGGGCAACAAAGCAAAACTCTG","GCCAGGTATGTTGGCTCATGCCTATAACCTCAGCACTCTGGCAGGCAGAGGCAGGAGGCTTGCTTGAGTCCAGGAGTTTGAGACCAGCCCGGGCAACATAGTAAGATCCCTTCTCTACAAAAAATAAACAAAATTATCCAGTTGTGGTGGTGCATGCCTACAGTCTCAGCTACTCAGGAGGCTGAGGCAGAAGGATCTCTTGAGCCCAGGAGGTGAAGTTGCAGCGAGTTATGATCATACCATTGCACTCCAGCCTCGGCAACAGAGCAAAACCCTG"
"KN294184v1","289642","289910","chr3","232150","232419","12","57492","GCTTGTAATCCTAGCAATTTGGGAGGCTGAGGCAGGAGAATTGCTTGTGCTCAGGATTTCAAGACCAGCCTGGGCAACATAGTGTGACCCCATCTCTATGGATATAAAAACTTAGCCAGGTATGGTGATGCATGCCTGTAGTCCCAGCTGCTCAAGAGGCTGAGGCAAGAGAATCATCTGAGCCTGGGACATCAAGGCTGCAATGAGCTATGATTGCACCGCTACACTCCAACCTGGGTGACAGAGTGAGACTTGTCTCAAAAAAAAAA","GCTTGTAATCCCAGCAATTTGGGAGGCTGAGGCAGGAGAATTGCTTGAGCTCAGGAGTTCAAGACCAGCCTGGGCAACATAGTGTGACCCCATCTCTATGAATATAAAAAATTAGCCAGGTGTGGTGATGCACGCCTGTAGTCCCAGCTGCTCAAGAGGCTAAGGCAAGAGAATCATTTGAGCCTGGGAGATCAAGGCTGCAATGAGCTATGATTGCACCACTACACTCCAACCTGGGTGACAGAGTGAGACTTGTCTCAAAAAAAAAAA"
"KN294184v1","359968","360168","chr11","117266134","117266318","52","116906166","AAGAAATACATCAGCATCAGCAGGACATGGTGATACATGCCTGTAGTCCCAGCTATTTGGGAGTCTGAGGCAGAAGGATTGCCTGAGTCCAGGAGTTCAAGACTATAGTGTGCAATGATCACACCAGTGAATAGACATTGGACGCCAACCTGGACAATACAGTGAGACTTTGTCACACACACACACAAAAAGCTAAAAAAA","ACACAAAAATTAATTTGAAGAGTGTGGTGATACATGGCTGTAGTCCCAGCTACTTGGGAGGCTGAGACAGAAGGATTGCTTGAGGCCAGGAGTTCAAGGCTACAGTGAGCTATGACTGCACCTGTGAATAGCCACTGCACTCCAACCTGGACATCATAGTGAGACCTCGTCTATAAAAAAACAAA"
"KN294184v1","365337","365537","chr11","117266134","117266318","52","116900797","AAGAAATACATCAGCATCAGCAGGACATGGTGATACATGCCTGTAGTCCCAGCTATTTGGGAGTCTGAGGCAGAAGGATTGCCTGAGTCCAGGAGTTCAAGACTATAGTGTGCAATGATCACACCAGTGAATAGACATTGGACGCCAACCTGGACAATACAGTGAGACTTTGTCACACACACACACAAAAAGCTAAAAAAA","ACACAAAAATTAATTTGAAGAGTGTGGTGATACATGGCTGTAGTCCCAGCTACTTGGGAGGCTGAGACAGAAGGATTGCTTGAGGCCAGGAGTTCAAGGCTACAGTGAGCTATGACTGCACCTGTGAATAGCCACTGCACTCCAACCTGGACATCATAGTGAGACCTCGTCTATAAAAAAACAAA"
"KN294184v1","479670","479783","chr5","106122568","106122685","22","105642898","CTAGGCTTAGTGGCTCATGCCTGTAATTTGAGCAGTTTTGGAGGCCTAGGCGAGATCACTTGAGCCCTGGAGTTTGAGACCAGCCTAAGCAACATAGCGAGACCTGTCTCTATA","GGCTGAGCTTGGTGGCTCATGCCTGTAATCTCAGCACTTTGGGAGGCCAAGGCAGGACGATCACTTGAGCCCAGGAGTTCAAGACCAGCCTGGGCAACATAGTGAGACCCTGTCTCTA"
"KN294185v1","151200","151494","chr5","163995654","163995933","61","163844454","GGCCGGGTGCTGTGACTCATACCTGTAATCCCAGCACTTTGAGAGGCCAAGGTGAGTGGATCGCTTGAGCTCAGGGGTTTGAGACCAGCCTGGGCAATGTAGCAACACCCCATCTCTACAAAAAATACAAAAATTAGCCAGGTGCAGTGGCATATGCCTGTAGTCCCAGCTACTTGTGGCGGCGGGGGAGGGGTGCGGTGGGAGGATTGCTTGAGCCCGGGAGGCAGAGGTTGTACAGTGACCTTAGATTGCACCACTGCACTCCAGCCTAGGTGACAGAGCAAGACCCTGCCTC","GGCTGGGCGCGGTGACTCGTGCCTGTGATCCCAGTACTTTGAGAGGCCAAGGAGGGTGGATTGCTTGAGCACAGGAGTTCAAGACCAACCTGGGCAATGTGGCAAAACCCCATCTCTACAAAAAAATACAAAAATTAGCCAGACGTGGTGCCGCGTACCTGTAGTCCCAGCTACTCGGGAGGCTGAGGTGGGAGGATCACTTGAGCCCGGGAGTCTGGGTTGTGGAGCTGTGATCACTGCCACTGCACTCTAGCCTAGGTGACAGAGTGAGACCCTGTCT"
"KN294185v1","210629","210800","chr9","40974404","40974577","8","40763775","GGACAGGAGTGGCAGCCCATGCCTGTAATTTCAGCACTTTGGGAGGCCAAGGTAGGAGGATCCCTTGAGCCCAGGAGTTCGAGAGCCTGGGCAACAGAATGAGACTGATCTCTACAAAAATATTTTTTTTAATTAGCCAGACATAGTGGCACATTCCTGTAGTCCCAGCTAC","GGACAGGCGTGGTAGCCCATGCCTATAATTTCAGCACTTCGGGAGGCCGAGGTAGGAGGATCCCGTGAGCCCAGGAGTTCGAGAGCCTGGGCAACAGAATGAGACTGATCTCTACAAAAATAATTTTTTTTTAATTAGCCAGACATAGTGGCACATTCCTGTAGTCCCAGCTAC"
"KN294185v1","273146","273384","chr9","41030422","41030660","24","40757276","GGCCTGGTGCGGTGACTCATACCTGTAATCCCAGCACTGCAGGAGGCAGAGGCAGGAGGATCGCTTTAGCACAGGAGCTTGAGTTCAGCATGGGTAACAAAGCAAGACCTTGTCTCTAACAGAAACTTTTTAAATTGTCTGGGCGTGGTAGCATGTGCATTGTAGTCACAAGTACCCAGGAGGCTGAGGCAGGAGGATTGCTTGAGCCTAGGAGGTTAAGGCTGCAGCAGTGAGCTGTG","GGCCCGGCGCGGTGGCTCATACCTGTAATCCCAGCACTGCAGGAGGCCGAGGCGGGAGGATTGCTTTAGCCTAGGAGTTTGAGTCCAGCATGGGTAACAAAGCAAGACCTTGTCTTTAACAGAAGATTTTTAAATTGGCTAGGCATGGTGGCACGTGCCTTGTAGTCACAAGTACCGAGGAGGCTGAGGCAGGAGGATTGCTTCAGCCTAGGAGGTCAAGGCTGTAGCATTGAGCTGTG"
"KN294185v1","282733","283029","chr16","47915968","47916271","63","47633235","GGCCAGGCACAGTGGCTCACACTTGCAATCCCAGCATTTTGGGAGCCCAGAGCAGGAGGATCACTAGAACCCACAAGTTTCAGACCAGCCTGGGCAACATAAGAAGTCTCCATCTCTACAAATAAAAAAAAAAAAAACTAGCCAGGCATGGTGGTGCATGCCTGTGGTCCCAGTTACTTGGGAGGCTGGGATCGGAGAATTGCAGGGCCCTTAAGGTCAAGGTTGCAGCGAGCTGTGATCACACCAATGCACTGCAGTCCCATGTGACAGACAGACACTCTGTCTCCAAAAAACAAA","GGCAGAGCACAGTGGCTCATACCTGCAATCCCAGCACTTTGGGAGGCCAAGGTAGGAGGAACGCTTGAGCCCAGGAATTCGAGACCAGCCTGGGCAACATAAGCAAGATCCCCATCTCTACAAAAAAACAAAACCAAAATTAGCCAATTAGCCAGGCATGGGGTGCATGCCTGTGGTCCCAGCTACTTGGGAGGCTGAGGCGGGAGGATCATGTGAGCCCAGGAGGTCAAGGCTGCAGTGAGCCATGATCACACTACTGCACTCCAGCCTGAGTGACAGAGTGAGACCCTGTCTCAAAAAAAAA"
"KN294185v1","311620","311746","chr9","41068349","41068475","9","40756729","GGCTGGGTATGGTGGCTCACACCTGTAATCCCAGAACTCTGGGAGGCCAAGGCAGGAGGATTACTTGAGCTCAGGAGTTCAAGACCAGCCTGGGCAACATAGTGAGGCTAAGTCTCTATAAACAATA","GGCTGGGCATGGTAGCTCACACCTGTAATCCCAGCACTTTGGGAAGCCAAGGCAGGAGGATTACTTGAGCTCAGGAGTTCAAGACCAGCCTGGACAACATAGTGAGGCCAAGTCTCTCTAAAAAATA"
"KN294185v1","341708","341977","chr9","41099997","41100273","27","40758289","GGTGGCTCATGCCTGTAATTCCAACACCTTGGGAGGTCAATGTGGGAGGATTGCTTGAGTCCAGAAGTTCAAGACCGGTCTGGGCAACGTAGCAAGACCCCTTCCCAATAAAAACTGAAAAACCAAGTGTAGTGGCACTCGCCAGTAGTCCCAGATACTCTGGGGGCAGAGGCAGGAGAATAGCTTGAGCCCGGGATTTCTAGGCTGCAGTGACCTGTGATTGTGCTACTGCATTCCAACCTGGGCGGCAGAACAAGACCCTATCTAAAA","GGGCATGGTGGCTCATGCCTGTAATTCCACCACCTTGGGAGGCCAGTGTGGGAGGATTGTTTTGAGTCCAGGAGTTCAAGACCAGTCTGGGCAACATAGCAAGACCCCTTCCCAATAAAAATTGAAAAACCAAATGTGGTGGCACTTGCCAGTAGTCCCGGATACTCTGGGGGTAGAGGCAGGAGGATAGCTTGAGCCCAGGATTTCCAGGCTGCAGTGACCTGTGATTGTGCCACTGCACTCCAGCCTGGGCGACAGAACAAGACCCTATCTAAAA"
"KN294185v1","513610","513872","chr15","63721013","63721271","61","63207403","GGCTAGGTGTGGTGGCTCATGCCTGTAATCCCAGCACTTTGGGAGGCCAAGGCAGGAGGACTGCTTGAGCTCAGGAGTTTGAGACCAGTCTGGGGAACATAATGAGACCTCATCTCTACAAAAAAAAACAAATAAAATTAGCTGGGTGTACTCGGGAGGCTCAAGTGGTTGGATCACCTGATCTCAGGAGGTAGAGCCTTCAGTGAGCCAAGATAGTACCACCGTACTCCAGACCAGGTGACAAAATGAGACCTTGTCTCAAA","GGCTGAGTGTGCTGGCTCACGCCTGTAATCCCAGCACTTTGGGAGGCCAAGGCAGGAGACTGCTTGAATGCAGGAGTTCGAGACCAGCCTGGGCAATGTAGTGAGACCTCGTCTCTACAAAAAATAAAAAAATTAGCCAGTGGCATGTGCCAGAGGTCCCAGCTACTCATAGCTGGAGCCCAGGAGGTCAAGACTGCAGTGAGCTGTGATTGCACCACTGTACTCCAGCCTGGTGACAAATGGGAACCTGTCTCAAAAA"
"KN294185v1","696674","696804","chrX","106665347","106665478","19","105968673","GGCAAAGTGTGGTAGTTCATGCCTGTAATCCCCACATTTTGAGAGGCTGAGGCAGAAGGATCACTTGAGCCCAGGAGTTTGAGCCAGCCTGAGCAACATTGTGAGACCCTGTCTCTACAAAAAACAAAAAT","GGCCGGGTGTGGTGGCTCATGCCTGTAATCCCAGCATTTTGAGAGGCTGAGGCAGGAGAGTTGCTTGAGCCCAGGAGTTTGAGACCAGCCTGGGCAACATAGCGAGACCCTGTCTCTACAAAACATAAAAAA"
"KN294187v1","22145","22286","chr3","201300788","201300922","29","201278643","GGCCATGCAAGGTGGCTCACGCTTGTAATCCCAGCACTTTAGGAGGCCAAGGCTGGAAAGTTGCTTGATCCCAGGAGTTTGAGACTAGACTTGACAATATAGTGAGACCCTATCTCTACTAAAAATTAAAAAAACAAAACAA","GCCAGGCGTGGTGGCTCATGCCTGTAATCCCAGCACTTTGGGAGGCCAAGGCAGGAGGCTTGCTTGAGCTCAGGAGTTTGGGACCAGCCTGGGCAATAGAGTGAGACCTTGTCTCTACTTAAAAAAATAAACAAA"
"KN294187v1","22321","22476","chr19","35027712","35027865","33","35005391","TAGCCAGGTGTGGTGATGTGCGCCTGTAGTCCTAGCTAATTGGGAGGCTGAGGCAGAAAGATTGCTGGAGCCCAGGTGTTCTAGGTTGCAATGAGCTATGATCGCGCCACTGCACTCCAGCCTGGGTGAGACCCCGTCTCTAAAAGAAAAGAGAGA","TTAGCTGAGTGTGGTGGTGTGCATCTATAGTCCCAGCTACTTGGGAGGCTGAGACGGGAGGATTGCTTGAGCCCAGGAGGTCGATGCTGCAGTGAGCTACAATTGTGCCACTGTACTCCAGCCTGGGCAAGACCCTGTCTCTAGAAAAAAAGAA"
"KN294187v1","52194","52484","chr5","35665297","35665561","44","35613103","CTCTCTCCTATACTCCCAGCACTTTGGGAGACTGACGCAGGAGAATCGCTTCAGCCCAGGAGTTTGAGACCAGCCTGGGCAATAGAGTGAGAATCCTATCTCTAAAAATAAAAATAAATTAGCTGAGTATGGTGGTGCACACACACCTGTAGTCCTAGGTACTTGGGAGGCTGAGGCAGGAGGATCACTTGAGCCCAGGTACCTGTGGCTGCAGTAAGCTATGATCATGCCATTGCATGACAGCCTGGGCAACAGGGTAAGGCCCTGTTTCTAAAACAAACACAAAATAAA","CCCACCACTTTGGGAGGCTGAGGCAGGAGGATCACTTGAGCCCAGGAGTTTGAGACCAGCCTGGGCAATAGAGACAGAATCCTATCTCTAAAAATAAAAATAAACTAGCTGAGCATGGTGGTGCACACCTGTAGTCCTAGGTGGCTGAGACAGGAGGATCACTTGAACCCAGGTACCTGTGGCTGCAGTAAGCTATGATCATGCCATTGCATGCCAGCCTGGGCAACCGGGTGAGACCCTATTTCTAAAACAAACAAAAAGTAAA"
"KN294187v1","81614","81914","chr5","35635884","35636185","23","35554270","GGTGGCTCACACCTATAATCCCAGCACTTTAGGAGGCCAAAGTGGGCAGACTGCTTCAGCCCAGGGATTCAAGACCAGCCTGGGCAACATAGCCAGACCCCATTTCTACAAAAAGTACAAAAATTAGTTGGGCATGGTGGGGGTGCCTGTAGTCCCAGCTACTTGGGAGGCTGAGGTAGGAGGATCACCTGAGCCCAGGAGGTCAAGGCTGCAGTGAGCTATGATCACACCACTGCATTCCAGCCTGGGAGACAGAATGAGACTCTGCCGCCCCACCAAAAAAAAAAAAAAAAAAAAAAAA","GCCAGCCACGGTGGCTCACACCTATAATCCCAGCACTTTAGGAGGCCAAAGTGGGCAGACTGCTTAAGCCCAGGGATTCAAGACCAGCTTGGGCAACATAGCCAGACCCCATTTCTACAAAAAGTACAAAAATTAGTTGGGCATGGTGAGGGTGCCTGTAGTCCCAGCTACTTGGGAGGCTGAGGTAGGAGGATCACCTGAGCCCAGGAGGTCAAGGCTGCAGTGAGCTATGATCACACCACTGCATTCCAGCCTGGGAGACAGAATGAGACCCTGTCTCAAAAAAAAAAAAAAAAAAAAAA"
"KN294187v1","145112","145415","chr5","35570538","35570846","27","35425426","GGCTAGGTACAGTGGCTCATACCTGTAATCCCAGCACTCTGGCAGGCAGGACAATTGCTTGGGCCCAGGAGTTCAAGACCAGCCTGGGCAACATATGGAGATCCCCTCCTGTACAAAAAACTAAAAAATTGGCTGGGCATGGTGCTACATGCCTGTATTCCCAGCTACTCAGGAAGCAGAAGTAGGAGGACTGCTTGAGCCCAGGAGGCTGAGGCTGCACTGAGCCATGATCTTGCCACTGCACTTCAGCCAGCATGACAGAGCAAGGCCTTGAGGCCATGTCTTAAAAAAAAAAACAAAAAAA","GGCTAGGTACAGTGGCTCATAGCTGTAATGCCAGCACTCTGGCAGGCAGGACAATTGCTTGGGCCCAGGAGTTCAAGACCAGCCTGGGCAACATAGGGAGACCCCCATCTCTACAAAAAACTAAAAAATTGGCCAGGCATGGTGCTACATGCCTGTAGTCCCAGCTACTCAGGAAGAAGAAGTAGGAGGACTGCTTGAGCCCAGGAGGCTGAGGCTGCATTGTCATGATCGTGCCACTGCACTTCAGCCTGGATGACAGAGCGAGGCCCTGAGGCCATGTCTTAAAAAAAAAAACCAAAAAACACAAAA"
"KN294187v1","155223","155354","chr5","35560724","35560859","11","35405501","GGCCGGGCATGGTGGCTCATGCCTGTCATCCCAAAACTTTGGGAGGCCTAGGTGAGCAGATCCTTGAGCCCAAGAGTTTGAGACCAGCCTGGGCAACATAGGGAGACTCCAACTCTACCAAAAAAATAAAAA","GGCCAGGCATGGTGGCTCACGCCTGTCATCCCAACACTTTGGGAGGCCTAGGTGAACGGATCCTTGAGCCCAAGAGTTTGAGACCAGCCTGCGCAACATAGGGAGACTCCATCTCTACCAAAAAAATAAAAACTAG"
"KN294187v1","172551","172853","chr5","35543666","35543969","25","35371115","GGGTATGGTGGCTCAGGCCTGTAATCCTAGCACTTTGGGAGGCTGAGGTGGGAGGACTGCTTGAGCCCAGGAGTTTGGACTAGCCTAGGCAACATAGTGAGACCCCATGTCTAAAAAAAGAAACCAACTACCAAACAAAAAGGAGCTGACTGTGCTGGCACATGCCTATAGTCCTATCTACCTGGGAGGCTGAGGTGGGAGGATTGCTTGAGTCCAGGAGTTGAAGACTACAGTGAGCTATGATTGTAGCACTGCACTACAACCTGGGTGACAGAACTAGATCTTATCTCGAGAGAAAAAAAA","GGGTATGGTGGCTCAGGCCTGTAATCCTAGCACTTTGGGGGCTGAGGTGGGAGGATTGCTTGAGCCCAGGGGTTTGAGACCAGCCTAGGCAACATAGAGAGACCCCGTGTCTAAAAAAAAACCAACCAACAAACAAAAAGTAGCTGACTGTGGTGGCACATGCCTGTAGTCCTATCTACTTGGGAGGCTGAGGTGGGAGGATTGCTTGAGTCCAGGAGTTCAAGACTACAGTGAGCCATGACTGTGGCACTGCACTACAACCTGGGTGACAGAACTAGGTCTTATCTCTAGGGGAAAAACAAAA"
"KN294187v1","223500","223732","chr3","121133296","121133527","61","120909796","GGTCGGGTGTGGTGGCTCATGCTTGTAATCCCAGCACTTTGGGAGGCCAAGGCAGGGCCATCCCTTGAGCCCAGGGATTTGAGACCAATGTAGGCAACATAGCAAAACCCCATCTCTACAAAACCCCATCTCTACAAAAACTAAAATAAAATAAATAGCTGGAGGTGTTGGCGTGCACCTGTAATCCCAGCTGCTCAGGAGGCTGAGGCAAGAGAATTGCTTTAGCTCCGGAG","GGCCAGGCACTGTGGCTCATGCCTGCAATCCCAGCACTTTGGGAGGCCAAGGCAAGAGGATTGTTTGAGCCCAGGAATTCAAGACCAGCCTGGGCAACTCAGGAAGACCCCATCTCTACAAAAAACAAAAACAAACAAACAAACAAACAAAAAAATTAGCTGGGCGTGGTGGCACATGCCTGTAGTCCCAGGTACTCAGGAGGCTGAGGTAGGAGAATCACCTGAGCCTGGG"
"KN294187v1","272994","273246","chr22","21647344","21647595","70","21374350","GGCCGGGCACAGTGGCTCACAGTAGCACCTTGGGAGGCCAAGGGAGGAGGATTGCTTGAACTCGGGAGTTCAAGACCAGCCTGGGCAGCATAGTGAAACCCCCGTCTCTACAAAAAAACAAGCTGGGCCTGGTGCCACAAATCTATAGTCCCAACTACTCAGGAGGCTGAGGTGGGAGGATTGCTTGAAGCTGCAGTGAGCTATGATGGTGCCAGTCTGGGCAACAGTGAGATCCTCAAAAAACAAAAGAAAA","GGCTGGGCATGGTGGCTCCCAGCACTTCGGGAGGCCAAGGCAGAGAAATCGCTTGAGCCCAGGGGTTCGAGACCAGCCTGGGCAACACAGTGAAACCCTGTCTCTACAAAAAATACAAGTTTAACCGGGCCTGTTGGTGTGCGCCTGTAATCCCAGCTACTTGGAAGGCTGAGGTAGGAGGGTCGATTGAGCCCAGGAGTTTGAGACCAGCCTGGGCAACATAGTGAGACTGTGTCTCAAAAAAAAGAGAAA"
"KN294187v1","308570","308705","chr7","56909925","56910060","23","56601355","GGCCAGGCGCAGTGGCTCATACCTGTGATCCCAACACTTTGGGAGGCTGAGGTGGGTGGACTGCTTGAGCCCAGGTGTTCAAGATAAGCCTGGGCAACATAGCACGATGCTGTCTCTACAAAAAATTGACAAATTA","GGCCAGGTGTGGTGGCTCATGCCTGTAATCCCAACACTTTGGGAGGCTAAGGAGGGTGGATCTCTTGAGCCCAGGAGATCAAGACCAGCCTGGGCAACATGGCGAGACCCCATCTCTACAAAAAATACAAAAATTA"
"KN294187v1","309002","309172","chr1","224704872","224705030","45","224395870","TTTTACGAATTAGTCAGGTGTGGTGGTGTGTGCTTGTAATCCTAGCTACCTGGGAGGCTGAGGTGGGAGGACTGCTTGAGCCTAGGAGTTTGAGGTTATAATGAACTATGATAGTGCTACTAGACTCCAGCCTGGGTGACAGAGCGCAATCCTATCTCCAAACAAAACAAA","TTAGCCAGGTGTGGTGGTATGCACCTGTAGTCCTAGCTACTTGGGAGGCTGAGGCAGGAGGATCACTTGAGCCCAGGAGTTAGAGGCTGCAGTGAGCTATGATTGCACCACTGCACTCCAGCATGGGTGACAGAGCATGACCTCATCTCTTAAAAAAAA"
"KN294187v1","378225","378524","chr5","35348408","35348706","20","34970183","GGTCAGGCACAGTGGCTCACTTCAGTAATCCCAACAAGCAAGAGGATTGCTTGAACCCAGAAGTTTAGGACCAGCCTGGGCAACACAGGGAGACCCCATCTCTATAAAACAAAACAAAGTTTTTGTTAACTAGCCAGGCATGGTGACATGTACCTGTAGTCCTAGTTACTTAGGAGGCTGAAGCAGGAGGATCACTTGAGCCCAGGAGTTGGAGGTTGCAGTGAGCTATACTTGCACCACTGCACTCCATCCTGGGCAACAGAGCGAAACCCTGTCTCAAAAAACAAAACAAGAAAAGAA","GGTCAGGCACAGTGGCTCACTCCAGTAATCCCAACAAGCAGGAGGATTGCTTGAACCCAGGAGTTCAGGACCAGCCTGGGCAACATAGGGAGACCCCATCTCTACAAAAAAAAAAAAAGTTTTTTTTTTTAACTAGCCAGGCATGGTGAAATGCACCTGTAGTCCTAGTTACTTAGGAGGCTGAAGCGGGAGGATCACTTAAGCCCAGGAGTGGTTGCAGTGAGCTATACTTGCACCACTGCACTCCATCCTGGGCAACAGAGCGAAACCCTGTCTCAAAAAACAAAACAAGAAAAGAA"
"KN294187v1","378615","378905","chrX","9057401","9057674","73","8678786","TGTAATCCCAGCACTTTGGGTCCCGAGGCCGGGGGATCACTTGAGCTCAGGAGTTCAAGGCTAGCCTAGGCAACATAGCAAAACCCCATGTCTACAAAAAATAATAATAATAATAATTAGCAAGTAAAAAATAATTAGGCAATGGCATGCACCTGTGGTCCCAGCTCCTCCAGAGGCTGAGGCAGGAAAATCTCTTGAGCCCAGGAGGCAGAGGTTGCAGTGAGCTAAAATCATGCCACTGTACTTCAGCCTAGGTGAAGGGAGTGAAATCCTGTATCCCCCCCAAAAAAA","TGTAATCCCAACACTTTTCAAGCCCGAGGCAGGTGGATCACTTGAGCCCAGGAGCTCAAGACCAGCCTGGGCAGCATAGCAAGACCCCATCTTTACAAAAAAATAAAAAAAAAATAGACAAGTGTGGTAGCACATGCCTATAGTCCAGCTACTCGGAAGGCTGAGGTAGGAGAATCTCTTGAGCCCAGGAGGTCAAGGCTGCAGTGAGCCATGATCATGCCACTGTACTCCAGCCTAGGCAACAGAGCAAGAACGTGTCTAAAGAAAAAAAAAA"
"KN294187v1","402768","403066","chr5","35324747","35325052","24","34921979","CTGGGCACAGTAACTCACATCTGTAATTCCAGCACTTTGGGAGGCTAAGATGGGAGAATTTCTTGAGCCCGGGAGTTTGAGATCAACCTGGGCAACAAAGCGAGATCCTGTGTTTTCACAAAATTAAAAAGATTAGCTGGGTGTGGTGGCATGCACCTGTAATCCCAGCGACTCAGGAGGCTGCAGGGGGAAGATAGTTTGAGCCCAGGAGTTCGCGGCTGCAGTGAGCTATGATTGTGCCACTGCACTTCAGCCTGGGTGACAGAGCAAGACCCTGTCTCAAAAAAAAAAAAAGAAAA","GGCTGGGCGCGGTAACTCACATCTGTAATTCCAGCACTTTGGGAGGCGAAGATGGGAGAATTGCTTGAGCCCGGGAGTTTGAGATCAACTTGGGCAACAAAGTGAGACCCTGTGTTTTCAAAAAATTAAAAAGATTAGCTGGGTGTCGTGGCATGCACCTGTAGTCCCAGCTACTCAGGAGGCTGCAGGGGGAAGACAGCTTGAGCCCAGGAGTTCGAGGCTGCAGTGGGTTATGATTGTGCCACTGCACTTCAGCCTGGGTGACAGAGCAAGACCCTGTTTCAGAAAAAAAAAAAAAAGGAAAAA"
"KN294187v1","409977","410269","chr5","35318724","35319032","34","34908747","GGCCAGTTGTGGTGGCTCACACCTGCAATCCCAGCACTCTCGTAGGCTGAGATGGGAGGATCGCTTGAGCCTAAGAGTTAGAGACCAGCGTAGACAACAGAGCAAGACCCTGTCTCTATAAAAAATAAAAATAAAAATTAGCTAGGCACAGTGGTGCACACCTGTAGTTCCAGCTACTTGGGAGACTGAGGCAGGAGGATCGCCTGAGCTCAGGAGTTTGAGGCTGATTGCACCACTGCAGTCCAGCCTGGGCCTGGGCAACAGAGTGAGAACTTGTCTCTTAAAAAAAAAAA","GGCCAGGTGTGGTGGCTCATGCCTGTAATCCCAGCACTCTGGTAGGCTGAGATGGGAGGATCACTTGAGCCCAAGAGTTAGACACCAGCATAGGCAACAGAGCAAGACCCTGTCTCTATAAAAAATAAAAATAAAAATTAGCTAGGCACAGTGATGCACACCTGTAGTTCCAGCTACTTGGGAGACTGAAGCAAGAGGATTGCCTGAGCCCAAGAGTTTGAGGCTGCAGTAAGCCATGATTGCACCACTGCAGTCCAGCCTGGGCCTGGGCAACAGAGTGAGACCTTGTCTCTAAAAAAAAAAAAAAAA"
"KN294187v1","443587","443852","chr10","114686531","114686803","54","114242944","GTAGCTCACACCTGTAATCCCAGCACTTTGGGAGGCCGAGGCAGGATTTCTTGAGCCCAGGAGTTCTAGACCAGCCTGGGCCACATAGCTAAACCTCATCTCTACCAAAAAATCCAAAAATTAGCCAGGCATGGTGGCACGTGCCTGTAGTTTCAGCTACTCGGAAGGCTGAGGTGGGAGGATTGCTTAAGCCTGGGAGTTGGAGACTGCCGTGAACCAAGATGAAGCCACTTTACTCCAGCCTGGGCAACAGAGTGATACCCTGT","GTGGTGGCTCACACCTGTAATCCAAGCACTTTGGGAGGCCAAGGCATGAGGATTGTTTGAGCCCAGGAGTTTGAGACCAGCCTGGGCAACATGGCAAGACCCCATCTCTACAAAAAATCAAAGGTTAGCCAGGCATGGTGGTGCATGCCTGTGGTCTCAGCTACTCAGGAGGCTGAGGTGGGAGGATCGCTTGAGCCCAGGAGGTCAAGGCTGCAGTGAGCCACGGTCATGCCACTGCACTCCAGCCTTGGTGACAGAGTGAGACCTGTCTCA"
"KN294187v1","450145","450260","chr12","119765087","119765201","21","119314942","GGCTGGGTGCAGTGGCTCATGCTTGTAATCCCAGCACTTTGGAAGGCCAAGGTGGGAGGATGGCTTAAACCCAGGAGTTCGAGCACAACACAGTGAGACCCCACCTCTATAAAAAA","GGCCGGGTGCAGTGGCTCACTCTTGTAATCCTAGCACTTTGGGAGGCCAAGGCAGGAGGATCGCTTGAGCCCAGGAGTTTGAGGGCAACATAGGGAGACGCCGTCTCCACAAAAA"
"KN294187v1","616160","616514","chr16","37548532","37548845","101","36932372","GCTGGATGCAGTGGCTCATCCCTGTAATCCCAACACTTTGGGATGCCAAAGTGGGAGGATTGCTTAAGCCCCAGCCTGGGCAACAAAGTGAGACCCCATTGCTACCAAAAAAAAAAAAGACAAAAAACAGTAATTGCTTTTCACTCTCTCATTGCAAGGTCATTGAGAACTAGTAGTAATGTGTGTAAGCATCTAGATGTGGTGGCACATGCCTGTGGCCCCAGCTACATGGGAGGCTGAGGCAGGAGGATCTCTTGGGCCCAGCAGGTCAAGGCTGCAGTGAGTGATGTTCATGCCATTGCATTCCAGCTTGGGTGATAGAGCAAGACCCAGTCTCAGGAAAAAAAAAAAAAAA","GGCTGGACACAGTGGCTCACACCTGTAATCCCAGCTCTTTGGGAGGCCAAGGTGGGAAGATTGCCTGAGACCAGCCTGGGCAACATAATGGGACAACATCTCTACAAAAAAAAAAAAAAAAAAAAAAAACCAAAACAGTTTTAAATGAGTTGGGCATGGTGGTGCAAACCTGTGGTTCCAGCTACTCTGGAGGCTGAGACAGGAGGATCACTTGAGCCCAGGAGGTTGAGGCTGCAGTGAGCTGTGAATTATGCCACTGCATTCCAGCCTGGGCAACAGAGTGAGACTCTTGTCTCCAAAAATAAAAATAAAAA"
"KN294187v1","648942","649204","chr5","35067279","35067545","26","34418337","CTGTAATCTCAGCACTTTGGAAAGCCAAGGTAGGAGAATTGCTTGCGCCCAGGAGTTCAAGACAAGCCTGGGCAAAAAGCAAGACCCTGTGTCTAAAAAAAAAAAAAAAGTATTAAATTAGCTGGACATGGTGGTGCATACCTAGAGCTACTCAGGAGGCTGAGACAGGAGAATCCATTGAGTCCAGGAGTTCGAGGTTGCAGAGAGCTATGATTAACCCACTGCACTCCAGTTGGGCAACAGTGCAAGACTCTGTCTCAAAA","CCTGTAATCTCAGCATTTTGGGAAGCCAAGGTAGGAGAATTGCTTGAGCCCAGGAGTTCAAGACAAGCCTGGGCAAAAAGCAAGACCCTGTCTCTACAAAAAAAAAAAAAAAAGTTTTTAATTAGCTGGACATGGTGGTGCACGCCTGTAACTACTTGGGAGGCTGAGACAGTAGGATCCATTGAGCCCAGGAGTTCAAGGTTGCAGAGAGCTGTGATTAACCCACTGCATTCCAGCTGGGTGACAGTGCAAGACTCTGTCTCAAAA"
"KN294187v1","680610","680872","chr12","14234249","14234500","68","13553639","TCCCAGTACTTTGGGAGGCCGAGGCAGGGGAATCACTTGAGACAGGGAGTTGGAGATCAACCTGGGCAACATACTGAGACCCCTGTCTCTACAAAAAATACAAAGATTTCAAATATTAGCTGGGTATGGTGGCATGAGCCTGTAGTGCCAGCTACTCTTGAGGCCTAGGCAGGAGGATTGTTTGAGCCCAGGAGTTCGAGGTTGCCGTGCCACTGCACTCCAGCCTGGGCAACAAAGCTGAGACCCTGTCTCAAATAAATAAA","CTATAATCCCAGTACTTTGGGAGGCCAAGGCAGGAGCATCACTTGAGCCCAGGAGTTTGAGACCAGCCTGGGCAACATAGTGAGACTTTGTCTCTACAGAAAATAAACCAAATTAGCCAGGCATGATGGCACAGGCCTGTTTCAGCTATTTGGGAGGCTGAGGTGGATTGCTGGAGCCTGGGAGTTCGAGTGAGCCACTGCACTCCAGCCTGGGTAACAGAGTGAGACCCTGCCTCCAAATAAATAAATAAA"
"KN294187v1","747544","747854","chr5","34970750","34971060","23","34223206","CCGGGCTTGGTGGCTCATGCCTGTAATCCTAGCACTTTGGGAGGCTGAGCGGGGAGGATCACTTGAGCCCAGGAATTCAAGACCAGCCTGGGCAACATAGCAAGACCTCATCTCTATGAATAATAATTTAAAAATATTAGCTGGATGTGGTGGCACAGGGCTGTAGTCCCAGCTACTCTGGAGGCTGAAGCAGGAAGATTGTTTGAGCCTAGGAGGTTGAGGCTGCAATGAACTGTGATTGCACCATTGCACTCCAGCCTGGGCAACATAACGAGACTTTGTCTCAAAACAAACCAACAAACAAAAAAGAA","GCCGGGCTTGGTGGCTCATGCCTGTAATCCCATCACTTTGGGAGGCTGAGCAGGGAGGATCACTTGAGCCCAGGAATTCAAGACCAGCCTTGGCAACATAGCAAGACCTCATCTCTACAAATAATAATTTAAAAATATTAGCTGGATGTGGTGGCACAGGCCTGTAGTCCCAGCTACTCTGGAGGTTGAGGCAGGAAGATTGCTTGAGCCTAGGATGTCGAGACTGCGATGAACTGTGATCGCACCACTACACTCCAGCCTGGGCAACATAATGAGACTTCATCTCAAAAAAACAAACAAACAAAAAAGAA"
"KN294187v1","750730","750852","chr9","114023088","114023211","16","113272358","GCTGGGCATGGTGGCTCACGCCTGTAATCCCAGCCACTTTGGAAGGCCGAGGTGGGAGGATTGCTTGAGCCCAGGAATTCTAGACTAGCCTGGGCAACATAGTGAGACCTTGTTTCTACAAAA","GGCTGGGCACGGTGGCTCACGCCTGTAATCCCAGCACTTTGGGAGGCCGAGGCGGGAGGATTGTTTGAGTCCAGGAGTTCAGGACCCGCCTGGGCAATAGAGTGAGACCTTGTCTCTACACAAA"
"KN294187v1","782524","782823","chr5","34936129","34936406","39","34153605","GGCTGGGCACAATGGCTTGCACATTTAATCCCAGCATTTTGGAAGGCCAAGGTGAGAGGATCACTTGAGCCCAGGACTTCGAGACCAGCCTGGTCAAGATGGTGAGACCACATCTCTACAAAAATAAAGAAATTTAAAAATTAGCTGGGTGTGGTGGTGCCCCCACGAAGTCCCAGCTGCTCAGAAGGGAAGATTGCTTGAGCCCCGGAGTTCAAGGCTGCAGCGAGCTATGACCACACCACTGCACTCTAGCCTGGGTGACAGAGACCCTGTCTCTATTTAAAAAAAGAAAAAAAAAAA","TGCAGTCCCAGCGCTTTGGAAGGCCAAGGCAAGAGGATCACTTGAGCCCAGGACTTCGAGACCAGCCTGGGCAAGATGGTGAGACCACATCTCTACAAAAATAAAGAAATTTAAAAATTAGCTGGGTGTGGTGGTGCCTCCCTGAAGTCCCAGCTGCTCAGAAGGGAGGATGGCTTGAGCCCAGGAGTTCAAGGCTGCAATGAGCTATGACCACACCACTGCACTCTAGCCTGGGTGACAGAGAACCTGTCTCTATTTAAAAAAAAAAAAAAAAAAAA"
"KN294187v1","930150","930273","chr5","34797205","34797327","13","33867055","GCCAGGCATGGTGGCTCATGCCTGTAATCCCAGCACTTTGAGAGGCCAAGGCAGAAGGGTCACTTGAGCCCAGGAGTTCAAGATCAGTCTGTGCAATAGAGCCAGACCTCATCTTTACAAAAAA","GCCAGGCATGGTGCTCACACCTGTAATCCTAGCACTTTGGGAGGCCAAGGCAGAAGGGTCACTTGAGCCCAGGAGTTCAAAATCAGCCTGGGCAATAGACTGAGACCATATCTTTACAAAAAA"
"KN294187v1","931813","931946","chr16","15504467","15504598","22","14572654","GCTGCGTGTGGTGGCTCATGCCTATAATCTGAGCACTTTGAGAGGCTGAGACGGGATGATGACTTGAGCCCAGGAGTTCAAGAACAGCCTGGGCACCATAGTGAGACCCCATCTCTATTCGAAAAATAAACAAA","GCTGGGTGTGGTGGGTCATGCCTGTAATCCCAGCACTTTGGGAGGCCAAGGCAGGAAGATTGCTTGAGCCCAGGAGTTCAAGACCAGCCTGGGCAACATAGTGAGGCCCTGTCTCTTTAAAAAACAAACAAA"
"KN294187v1","934132","934448","chr5","34792558","34792841","54","33858426","GGCCGGGTACAGTGGCTCATGCCTGTAATCCCAACACTTTGGGAGGCCAAGGCAGGAGGATTGCTTGAGCCCAGGAGTTCAAAACCAGCCTAGTCAACATCAAGAGACTTTGTCTCTACAAAATAAATAAATAAATAACATAAAAACCAAAAAATTAAAAATTAAAAAATCAGCTGGGCGTGGTGGCAAGCACCTGTAGTCCCAGCTACTGGGGAGGCTGAACTCGAATTCGAGGCTGCAGTGAGTCATGATCGCGCCACTGCACTCTAGGTTGGGTGACAGAGCGAGACCCTCCTTCAAAACAAACAAACAAAAAA","GGCCGGGTACAGTGGCTTATGCCTGTAATCCCAACACTTTGGGAGGCCAAGGCAGGAGGATTGCTTGAGTCCAGGAGTTCGAAACTAGCCTAGTCAACATCGAGAGACTTTGTCTCTCCAAAAAAAAAAATCAGCTGGGTGTGGTGGCAAGCACCTGTAGTCCCAGCTACTGGGGAGGCTGAACTCAGGAATTTGAGGCTGCAGTGAGTCATGATCGCGCCACTGCACTCTAGGTTGGGTGACAAAGCGAGACCCTCCCTCAAAACAAACAAACAAACAAAAAA"
"KN294187v1","943491","943769","chr5","34782327","34782583","42","33838836","GGCCAGATGCAGTGGCTCATACCTGTAATGTCAGCACTTTGGGAGGCAGAGGCAGGTGAATCACCGAGTGCAGGAGTTGGAGACCAGCCTGGGCAAAACAGGGAGACCCCATCTCTACAAAAAATCCAAAAATTAGCCAAGCATGGTAGTGTGCTCTTGTAGTCCTAGACACTCGGGAGGTTGAGGCTGCACTGAGCTGTGATAGTGCCACTGAGTTCCAGCCTGGGCAACAGAGCAAGAGCCCATCTCTAAAAAAAGAATAAATAAATAAATAAATAA","GGCCAGGTGCAGTGACTCACACCTGTAATATCAGCACTTTGGGAGGCAGAGGCGGGTGAATCACCTGAGTGCAGGAGTTGGAGACCAACCTGGGCAACACAGGGAGACCCCATCTCTACAAAAAAATCCAAAAATTAGCCAAGCGTGGTAGTGTGATCTTGTAGTCCTAGCTACTCGGGAGGTTGAGGCTGCAGTGAGCTGTGATAGCGCCACTGCATTCCAGCCTGGGCAACAGAGCGAGAGCCCATCTCTAAAAA"
"KN294187v1","947760","947890","chr5","34778278","34778398","18","33830518","GGCCAGGCATGATGGCTCATGTCTGTAATCCCAGTAATTTGGGAGGCCGAGGCAAGAGGATCACTTGAGCCCAGGAGTTCAAGATCAGTCTGGGTAACAGTGAGACCCTGTTTCTACAAAATTAAAAAAAT","GGCCGGGCATGATGGCTCATGTCTGTAATCCCAGTAATTTGGAAGGCTGAGGCAAGAGGATCATTTGAGTCCAGGAGTTGAAGACCAGTCTGGATAACAGTGAGACCCTGTTTCTACAAAA"
"KN294187v1","958885","959153","chr16","20229602","20229879","67","19270717","GGCCAGGTGCAGTGGCTCACGCCTGTAATCCTAGCACTTTAGAAGGCTGGCTGGCGGATCGCTTGAACCCAGGAGTTCGAGACCAGCCTGGGCAACACAGGGAAACCCTACAAAAAATACAAAAAATTAGCTAAGCGTGGTGGTATGCACCTGTAGTCCTAGCTACTCCAAAGAGGGAGGGGGAGGATCGCTTGAGACTGGGAGTTCAAGGTTGCTGTTGAGTGATGATTGTGCCACTGTATGCCAGCCAGGGCGACTCAGCAATATCC","GGCCAAGCGCAGTAGCTCACACCTGTAATCCCAGCACTTTGGGAGGCCCAAGGCAGGCAAATCGCTTGAGCCCAGGAGTTGGAGACCAGCCTGGGCAACATAGTGAAACCCTGTCTCTATAAAAATACAAAAATTAGCCAGGTGTGGTGGTGTGTGCCTGTAATCCTAGCTACTCAGGAGGCTGAGGTGGGAGGATCGCTTGAGCCCAAGAGTTTGAGCTGCAGTGAGCCGTGATTGAGCCACTTCACTCCAGCCTAGGTGACAGCATAAAGACCCTG"
"KN294187v1","989676","989944","chr5","39718819","39719105","75","38729143","GGCCGGGCGCAGTGGCTCTTGTCTATAATCCCACCACTTTGGGAAGCCAAAGCGGCAGATCGCTTGAGCAAGGGAGTTTGAGACCAACCTGGGAACCCCTGTCTCTACCAAAAAAAAAAAAAAGTACCCAGGCATGGTAGCACATGCATGTAGTCCTATAGTCCTAGGCATGGGATCACTTGAGCCCAGGAGTTCAAGGCTTCAGTGATGCTGCACTCCAGCCTGGGTGACAGAGCAAGATCCGTCTCTAAAAACAAACAAACAAAAAA","GGCAGGACTCAGTGACTCATGCCTATAATCCCAGCACTTTGGGAAGCTGAAGTGGGAGGATCGCATGAGCTCAGGAGTTTGAGACCAGCCTGGGCGACACAGGGAGACCTCATCTTTACAAAAAATGTAAAAAGTAGCCAGTGTGCTGGTGCATGCCTGTAGCTCCAAGTTACTTGGGAGGATCACTTGAGCCCAGGAGGTCAAGGCTGCAGTGAGCTATGCATTCAAGCCTGGGAGACAGAGTGAGACCATGTCTCAAAAAACCAAAAACCAACAAACAGAAACAA"
"KN294187v1","1006170","1006462","chr5","91521677","91521966","54","90515507","GGCTGGGTGTGTGGCTCACACCTGTAATTCTAGCACTTTGGGAGGCTGAGGTGGGAGGATCACTTGAGCCTAGGAGTTTGAGACCAGCTTAGGCAACATAGCAACCCCGTCTCTACTAAACAACAACAGCAACAAAATTTGCCAGGCATGGTGAGGCACACCTGTAGTCCCAGCTACTCGGGAAACTGAGGTGGGAGGATTGCTTGAGCTCAGGAGGTCGAGGCTACAGTGAGCTATGATCGTGCCACTATACTCCAGCCTGGGTGACAGAGGGCGACCCTGTTTCAAAAAAA","GCTGGATGCAGTGGCTCACACCTGTAATCCTAGCACTTTGGGAGGCTGAGGTGGGTGGATTGCTTGAGCCCAGGACTTTGAGACCAGCCTGGGCAACATGGCAAAACCCCATCTCTACAAAAAAATACAAAAATTAGCTGGGCATGGTGGTGCATGCCTGTAGTCCCAACTACTCGGGCAGCTGAGGTAGAAGGATCACCTGAGCCCAGGGAGTTCAAGGCTGCAGTGAGCTGTGATTGTAACACAGCACTCCAGCCTGGGTAACAGAGTGAGACCCTGTCTCAAAAAAA"
"KN294187v1","1053939","1054168","chr22","3450874","3451095","43","2396935","GGCCAGGTGCAGTGGCTCATGCCTGTAATCCCAACATTTTGGGAGGCCAAGGTGCGAGGATTGCTTGAGCCCAGGAGTTCAAAACCAGCCTGGGCAACAAAGTGAGCCTCCATCTCTATTAAAAAAAAAAAAAAAAAGCTGGGTACAGTGCCACATGCCTGTAGTCCCAGCTACTCAGGGGGCTGAGGTAGGAGGATTGCTTGAGCCTAGGAGTTTAAGGCAGCAGTGAG","GGCTGGGTGCAGTGGCTCACACCTGTAATCCCAGCACTTTGGGAGGCCAAGGTGGGAGGATTGCTTGAGCACAGGAATTTGAGAGCAGCCTGGGCAACATAGAGAGACCCCGTCTCTACAAAAAAAAAATTCACCAGGTGTGGCGGCACATGCCTGTAGTCCCAGCTATTCAGAAGGCTGAGGCAGGAGGATTCCTTGAGTCCAGGAGTTTGAGGCAGCAGT"
"KN294187v1","1104700","1104987","chr5","34623698","34624013","43","33518998","GGCCGGGCGTGGTGGCTCATGTCTGTAATCCCAGCACTTTGGGAGGCCAAGGCAGGAGGACTGCTTGAGCCCAGGAGTTTAAGACCAGCTTGGGCAACATAGCAAGACCTTGTCTATACTAAAAATAAAAAAAAATTGGCTGGGCATGGTGGCATATGCCTATAGTCGCAGCTACTTGGGAGGCTGTGGCAGGAGGATCACTTGAGCCCACGAGATCAAGGCTGTAGTGAGCCAAGTTTGTGCCACTGCACCCCAAGCCTGGGTGACAGAGTGAGACCTCGTCTCAAA","GGCCGGGCATGGTGGGTCATGTCTGTAATCCCAGCACTTTGGGAGGCCAAGGCAGGAGGACTGCTTGAGCCCAGGAGTTTGAGAGCAGCTTGGGCAACACAGCAAGACCTTGTCTCTACTAAAAATAAAAAAAAAATTAGCCGGGCATGGTGGCATATGCCTATAGTCCCAGCTACTTGGGAGGCTGTGGCAGGATGATCACTTGAGCCCAGGAGATCAAGGCTGCAGTGAGCCAAGCTTGTGCCACTGCACTCCAAGCCTGGGTGACAGAGTGAGACCTTGTCTCAAAAACAACAACAACAACAAAAGAAAAAAA"
"KN294187v1","1118056","1118120","chr10","118748544","118748614","20","117630488","AGTCTGTGCAACATGGCAAGACCCCTATCTACAAAAAAAGAAAAAGCCAGGCTTGGTGGCATGTG","ACCAGCCTGGGTAACATGGCAAAACCCTGACTCTACAAAAAATACAAAATTAGCCAAGCGTAGTGGTGTGC"
"KN294187v1","1131798","1132071","chrX","69608949","69609210","69","68477151","GGCCAGATGCGGTAGTTCATGCCTGTAATCCCACCACTTTGGTAGGCCAAAGCGTGAGGATCACTTGATCTCAGGATTTTGAGACCATACTGGGCAACATAGCAAGATGTCATCTCTACTTAAAAAAAAACAAAAAAGAAAATAGCCAGGCCTCAGGAGGCTGAGATGGGAGGATCGCTTGAGCCCAGGAGATCAAGGCTGCAATGAGCTATTATCATGCCACTGCACTCCAGCCTGGGCAGCTGAATGAGATCCTGTCTGAAAACAAAGAAAA","GGCCAGGTGTGGTGGCTCATGCCTGTAATCCCAGCATTTTGGGAGGCTAAGGTGGGAGGATCACTTGAGCCCGGGAGTTTGAGATCAGCCAGGGTAACATAGCAAGACATTGTCTCTACAAAAAATAAAGAAGAGAAAAATTAGCCAGGCATGGTGGGAGGATTGCTTGAGCCTGAGAGGTCAAGGCTGGAGTGAGCTATGATTGCACCACTGCATTCCAGGCTGGGCAATAGAGCAAGACCCTATCTCAAAAAAAAAAGAA"
"KN294187v1","1140225","1140527","chr1","94535569","94535869","59","93395344","GGTCAGGAGCAGTGGCTCATGCCTGTAAACCCAGCACTTTGGGAGGCCGAAGCAGGTGGATTGCTTGAGCCCAGGAGTTCAAGACCAGCCTGTGCAATGTGACAACACCCCCATCTCTACCAAAAATACACACAAAAAATAGCTGGGCATGGTGGCATGCGCCTGTAGTCCCAACTACTTGAGAGGCTGAGGTGGGAGAATCACTGGAGCCCAGGAAGTCGAGGCTGCAGTGAGCCATGATTGCGCTGCTGCAAGCGAGCCTGGCTGACAGAGACTCTATCTAAAAAAAAAAAGAAAAAAAAA","GGCCAGGCATAGTGGCTTACACCTATAATCCCAGCACTTTGGAGGGCGAAGGCAGGTGGATTGCTTGAGCCCAGGAGTTCGAGACCAGCCTGGGCAACATGGCGAAATCCCATCTCTACAAAAAATACAAAAAGTAGTCGGCATTGTGGCATGTGCCTGTAGTGCCAGCTACTTGGGAGGCTGAGGTGAGAGAATCACTTGAGCCCAGGAATTTGAGGCTGCAGTGAGCTGAGATCATGCCACTGCACTCCATCCTGGGTGACAGAGCAAGACCCTGTCTCAAAAAAAAAAGAAAGAAAAA"
"KN294187v1","1176178","1176475","chr11","113770221","113770512","61","112594043","GGCTGGGCCTGATGGCTCATGCCTGTACTTCCGACACTTTGGGAAGCCAATGCAGGCGGATTGCTTGAGTTCAGAAGTTCAGGATCAGCATCGGCAACATGGTGAGATCCCGTCTCTATAAAAAATACAAAAATTAGCTGGGCATTGGTGGTGTGCACCTGTCGTCCCAGCTACTCAGGAGGCTGAGGCAAGAGGATGGCTAGAGCCCAGGAGTTCCAGGCTTCAGTGAGCTATGACTGTGCCACTGTACTCCAGCCTGGGTGACAGAGCAAGACTTTGTCTCATAGAAATAGTAAAA","GGCTGGGCGTAGTGGCTCATGCCTGTAATCCCAGCACTTTGGGAGGCCAAAGTGGGTGGATTGCTTGAGCTCAGGAGTTCGAGACCAGCCTGGGCAACATGGCGAAACCCAATCTCTATCAAAAATACAAAAATTAACTGGGCATGGTGGTATATGCCTGTAGTCCCAGCTACTTGGGAGGCTGAGGTGGGAGGATCACCTGAGCCCAGGAGTTCAGGGCTGCAGTGAGCTGTGATCATGTCACTGAACTCCAGCCTGGGTGACAAAGTGATATTCTGTCTCAAAAAAAAAA"
"KN294187v1","1176672","1176909","chr5","34561345","34561558","41","33384673","CCAGCCTGGGCAACCTAGTGAGACTTTGTCTCTACCGAAAAAATAAAAAAAAAAAAAAATAGCTGGGCATTATGACATGCATCTTGAGTCCCAGCTACTTGGGAAGCTGAGGAGAGGAGCATCACTTGAACCCAGGAATTCAAGGCAGCAGTAACCTCTGATCATGCCACCACTTTCCAGCCTGGACGACAAAGCAAGAGCCCGCCTCTTAAAAATTTTTAAAATAAAAGACAAATAA","CCAGCCTGGGCAAAGTTGTGAGACCTTGTCTCTACCGAAAAAATTAAAAAAAAAAAAATAGCTGGGCATTGTGACATGTGCCTTGAGTCCCAGCTACTCGGGAAGCTGAGGAGAGGAGCATCGCTTGAGCCCAGGAATTCGAGTCAGCAGTAACCTCTGATCATGCCACCACTCTCCAGCCTGGATGACAAAGCAAGAGCCTGCCTCTTAAAAA"
"KN294187v1","1205762","1206070","chr5","34528840","34529149","23","33323078","GGCTGAGTGCACTGGCTCACACCTGTAATCCCAGTATTTAGGGAGGCCAAGGTGAGAGAATCGCTTGAGCCCAGGAGATCAAGACTAGCCTGGGAAACAAGGCCAGACCCTATCTCTATGACAATTTAAAAAAATTAACAAGGCATGGTGGCATGCATCTGTAGTCCCAGCTGCCTGAAAGGCTGAGGTCACAGGATCCCTTAAGCCCAGGAGTTCAAGGTTACAATGAGCTATGATGGCACCACTGCATTCCAGCCTGTGTGACATAATGAGGCCCTGTCTCAAAAAAAAAAAAAAAAAAAAAAAAAA","GGCTGAGTGCGGTGGCTCACGCCTGTAATCCCAGTATTTAGGGAGGCCAAGGTGAGAGGATGGCTTGAGCCCAGGAGATCAAGACCAGCCAGGGAAACAAAGCCAGAACTTGTCTCTACGACAATTTAAAAAAATTAACCAGGCATGGTGGCATGCATCTGTAGTCCCAGCTGCTTGAAAGGCTGAGGCCACAGGATCCCTTAAGCCCAGGAGTTCGAGGTTACAATGAGCTATGATGGCACCACTGCATTCCAGCCTGTGTGACATAGTGAGACCCTGTCTCCAAAAAAATAAATAAATAAAAATAAAA"
"KN294187v1","1231853","1231922","chr5","34505945","34506017","10","33274092","AGTGAGCTGTGATTGTACCACTGCATTCCAGTCTGGGCGACAAAGTGAGACCCTATCTCAAAAATAAAAA","AGTGAGCTGTGATTGTACCACTGCACTCCAGCCTGGGTGACAGAGTGAGAAGACCCTAAATTAAAAATAAAAA"
"KN294187v1","1232230","1232308","chr5","34505559","34505637","5","33273329","ACTAGCCAGGCATGGTGGTGTGCGCCTGTAATCCCAACTACTCAGGAGTTGGAGGAGGTCAGGCTAGAGTGAGCTGTGA","ATTAGCCAGGCATGGTGGTGCATGCCTGTAATCCCAACTACTCAGGAGTTGGAGGAGGTCAGGCTACAGTGAGCTGTGA"
"KN294187v1","1232617","1232738","chr5","34505125","34505251","11","33272508","CCAAGCACAGTGGCTCACACCTCTAATCTCAGCACTTTGGAAAGCCAAGGCATGGGGATTACTTGAGCCCAGGAGTTCAACCAGCCTGGGGCAACATAGCAAGACCTGTACTTAAATAAAAT","CCAAGCACAGTGGCTCACACCTCTAGTCTCAGCACTTTGGGAAGCCAAGGCAGGAGGATTACTTGAGCCCAGGAGGTCAAAACCAGCCTGGGGCAACATAGCAAGATCTGTACTTAAAAAATAAAAT"
"KN294187v1","1243845","1244137","chr5","34488198","34488490","18","33244353","GCTGGGCATTATGGCTAATGTCTGTAATCCCAGTATTTCGAGAGGCCAAGGCAGGAGGATCCTTTGAGCCCAGGAGTTCGATTCGAGCCCGGGCAGCATAGCAGAGATCTCATCACTACTAAAAGTCAAAAAAGCTGGGTGTGGTGGTCCGTGTCTATAGACCCAGCTACTAGGAAGGCTGAGGCAGGAAGATCTCTGGAGCCCGGGAAGTTGAGGCTGCAGCAAGCTATGATCACTCCACTGCACTCCAGCCTGGGCAACAAAGGGAGACCTCATCTCTAAAAAGAAAAAAA","GCCAGGCATTGTGGCTAATGCCTGTAACCCCAGTATTTCGGGAGGCCAAGGCAGGAGGATCATTTGAGCCCAGGAGTTTGATTCGAGCCCGGGCAACATAGCAGAGATCTCATCTCTACTAAAAGTCAAAAAAGCCGGATGTGGTGGCCCGTGTCTATAGACCCAGCTACTAGGAAGGCTGAGGCAGGAAGATCTCTGGAGCCCAGGAAGTTGAGGCTGCACTAAGCTATGATCGCTGCACTGCACTCCAGCCTGGGCAACAAAGGGAGACCTCATCTCTAAAAAGAAAAAAA"
"KN294187v1","1305321","1305634","chr5","34428621","34428921","30","33123300","GTGCAGTGGCTCATGCTTATAATCCTAGTACTTTAGGAGGCCAAGGCAGGAGAATCGCTTGAGCCCAGGAGTTCAAGACCAACCTGGGTGACGCAGCAAGACCCTGTTCCAAAAAATAAAATTTTTTTAAATTAGCTGGGCATGGTGGTGCACACCTGTAGTCTCCTAGGTACTTGGGAGGCTGAAGCAGGAGTATCCCTTCAGCCCAGGGGGTCAAGGCTGCAGTAAGCTATGATTGTGCCATTGCGCTCCAACCTGGGCAACAGACCAAGACCCTATCTCAAAAAAATTTAAAAAAAAAAAAAAAAAAAAAA","GTGCAGTGGCTCATGCTTATAATCCTAGTACTTCGGGAGGCCAAGGTAGGAGAATCGCTTGAGCCCAGGAGTTCTAGACCAACCTGGGTGACACAGCAAGACCCTGTTTCCAAAAAATAAAATTTTTAAAAATTAGCTGGGCATGGTGGTGTACACCTGTAGTCTCCTAGGTACTTGGGAGGCTGAAGCAGGAGTATCCCTTGAGCCCAGGGGGTCAAAGCTGCAGTAAGTTATGATTGCGCCATTGTGCTCCAACCTGGGCAACAGACCAAGACCCTGTCTCAAAAAAATAAAACAAAAA"
"KN294187v1","1333373","1333547","chr5","34400800","34400979","24","33067427","GAATTTTTTTTTAATTGGATGGGCATGGTGGCACAAACCTCCAGTACCAGCTACTAGGGAGGCAGAAGCAAGAGGATAGCTTGAGCCCAGGAGTTCGAGGCTGCAAGGACCTAGGATAGCACCACTGTACTCCAGCCCGGGTGAGAGAACAACACCCTGTCTCAAAATAAATAAA","GAATTTTTTTTTTTAATTGGATGGGCATGGTGGCACAAACCTGTAGTCCCAGCTACTAGGGAGGCAGAAGCAGGAGAATAACTTGAGCCCAGGAGTTCAAGGCCACAGTGAGCTAGGATTGCACCACTGTACTCCGGCCTCGGTGACAGAACAAAACCCTTTCTCAAAATAAATAAATAA"
"KN294187v1","1333870","1333936","chr5","34400434","34400487","16","33066564","GCCCAGGAGTTTAAGACAAGCCTGGTCAACATAGTGAGACCCCAACTCTACGAATTTTTTTTTTTTT","GCCCAGGAGTTTAAGACCAGCCTGGTCAACATAGTGAGACCCCAACTCTATTAA"
"KN294187v1","1374003","1374202","chr5","34352937","34353136","10","32978934","GCCGGGCTTGGTGGCTCACGCCTGTAATCCCAGCCCTTTGGGAGGCCTAGGCGGGTGGATCACTTGAGCTCAGGAGTTTGGGACCAGGCTGGGCAACATAGCAATACCTCATCTCTACTAAAAAATAATAGAAATAAAAAATTATCCAGGCATGGTGGCACACACCTGTGGTGCCCAGGCTAAGGCAGGAAGATTGCCTG","GCCAGGCATGGTGGCTCATGCCTGCAATCCCAGCACTTTGGGAGGCCTAGGCGGGTGGATCACTTGAGCTCAGGAGTTTGGGACCAGCCTGGGCAACATAGCAAGACCTCATCTCTACTAAAAAATAATAAAAATAAAAAATTATCCAGGCATGGTGGCACACACCTGTGGTGCCCAGGCTAAGGCAGGAGGAGTGCCTG"
"KN294187v1","1381060","1381241","chr15","47931907","47932082","29","46550847","GCCAGGCACAGTGGTTCATGCCTGTAATTCCAATATTTTGGGAGGCCAAGGCAGGTGGATTGCTTGAGCCCAGGAGTTCAAGACCAGCCTGGACAACATGGCAAAACCCCATCTCTTCAAAAAATACAAAAATTAGACAGGCATATTGGCACGTGCCTGTGGTCCCAGCTACTAGGGAGACT","GCCGGGCACGGTGGCCCATGCCTGTACAGCACTTTGGGAGGCCAAGGCAGGTGGATTGCTTGAGTCCAGGAGTTCAAAACCAGCCTGGGCAACATGGTGAAACCCCATCTCTACCAAAAATACAAAAATAAGCCAGGCATGGTGGCATGTGCCTGTGGTCCCAGCCACTCAGGAGG"
"KN294187v1","1520097","1520377","chr5","34222864","34223152","32","32702767","GGCCAGGTGCGGTGGCTCACGCCTGTCCTCCCAGCACTTTGGGAGGCTGAGGCGGGAGGATTGCTTGAGCCTAGGAGTTTGAGACCAGCCTGGGCAATATGGCGAGACCCTATCTCTACCAAAAATTTAAAAAATTAGCCAGGTGTGGTGGTGCGTGCCTGTAGTCCCAGAAGGCTGAGGCAGGAGGATCTCTTGAGGTCTAGGCTGCAGTGAGCTGAGGTTGCACCACTGCACTCCAGCCTGGGCAACAGAGCAAGACCCTGTCTCTAAAATAAACAAAA","GGTCAGGTGTGGTGGCTCACGCCTGTCATCCCAGCACTTTGGGAGGCTGAGGCAGGAGAATTTCTTGAGCCCAGGAGTTGGAGACCAGCCTGGGCAACGTGGCGAGACCCCATCTCTACCAAAAATTTAAAAAATTAGCCAGATGTGGTGGTGCGCACCTGTAGTCCCAGGAGGCTGAAGCAGGAGGATCTCTTGAGGTCTAGGCTGCAATGAGCGAAGGTTGCACCACTGCACTCCGGCCCAGGCAACAGAGCAAGACCCTGTCTCTAAAAAAAAAAAAAAAAAAAAA"
"KN294187v1","1561815","1562008","chr2B","27885572","27885769","45","26323757","AAGATTCAAAAATGGACTGGGCATGGTAGTGTGTGCCAGTAGTCCCAGCTACTTGGTTAGCTGAGGCAGGATTGCTTGAGCCCAAGAGTTGGAGGCTGTAGTGTGCTATAGTTGCACCTGTGAATAGCCACTGCACTCTAGCCTGGGCAACATAGCAAGACCTTGTCTTCAAAAAAAAAAAAAAAAAAAAAAAA","AAAAGGCAAAAGCAAGCTGGGCACAGTGGGGCATAACTACAGTCACAGCTACTTGGGAGGGTGAGGCAGGAGGATTGTATGAGGCCAAGAGTTGGAGGCTGCAGTGCGCTATAATCATACCTGTGAATAACCACTGTACTCTAGCCTGGGCAACATAGTGAGACCCTGCCTCAAAAAAAAAAAAAAAAAAAAAAAAAA"
"KN294187v1","1586869","1587188","chr5","34151570","34151905","40","32564701","CTGGGTGCAGTGGCTTACACCTGTAATCCCAGCACTTTGGGAGGCTGAGGCAAGAGAATTGCTTGAACCCGGGAGGTGGAGTCTGCAGTGAGCTGAGATTGCGCCACTGCACTCTAGCCTGGGTGACAGAGCAAGACTCTGTCTCAAAAAAAAAAAAAATGAGCTGGCCATGGTGGGGGGTATAGCCCCAGCTACTCCAGAGGCTGAGACAGGAGAATTGCTTGAACCCAGGAGGTGTGGTTGCAGTGAGCCGAGATTGCACCATGCACTCCAGCTCGGGCGACAGAGCAAGACTCCGTCTCCAAAAAAAAAAAAAAAAA","GGCTGGGTGCAGTGGTTCAAGCCTGTAATCCCAGCACTTTGGGAGGCTGAGGCAGGAGAATTGCTTGAACCCGGGAGGCGGAGTTTGCAGTGAGCCAAGATTGCACCACTGCACTCTAGCCTGGGTGACAGAGCAAGACTCTGTCTCAAAAAAAAAAAAAAAAAAAATGAGCTGGGCATGGTGGTATGCACCTATGGCCCCAGCTACTCCAGAGGCTGAGACAGGAGAATTGCTTGAACCCAAGAGGCGTGGTTGCAGTGAGACGAGATCGCACCACTGCACTCCAGCGTGGGTGACAGAGCGAGACTCTGTCTCCAAAAAAAAAAAAAAAAAAAA"
"KN294187v1","1605735","1606004","chr5","5188838","5189125","72","3583103","GGCATGGTGCCTCACACCTATACTTCCAACACTTTGGGAAGCTGAAGCGGGCGGATAGGTTGAGCTGAGGAGTTCAGCCTGAGAAGCATGGCAAAACCCCATCTCTACAAGAAATACAAAAAATTAGCCAGGTAGGGTAGTGTACCTGTAGTCTCAGCTACTCGGAAAGCTGAGGCAGGAGGATAGCTTGAGCCCAGGAGGCTGGGGCTGCAGTGGAATGGAACTCTTGGGGCCTGGGCCACAGAGTGAGACCCTGTCTCAACAACAAAA","CTGGGTGTGGTGACTCACACCCGTAATTCAAGCAATTTGGGAGGCTGAAGTAGGAGGATCTCTTCAGCCCAGAAGTTAGGGGCCAGCCTGGGCAACATAGCAAGACCCCACCTCTACAAAATTAGAAAGTTAGCCAGGCATGGTGGTACACACCTTTAGTCTCAGCTACTTGGGAGGCTGAGGCAGGAGGATTGCTTGAGCCCAGGAGTTTGAGGCTGCAGTGAGCAATGGCTCCAACAATGCACTCTGGCCTGGGCCACAGAGTGAAACCCTGTCTCAAAAAAAAAA"
"KN294187v1","1612667","1612950","chr5","34123972","34124272","33","32511305","GGGTGCGGTGGCTCACGCCTGTAATCCTAGCACTTTGGGAGGCCGAGGCAGGTGGATTGTTTGAGCCCAGGAGTTTGAGAACAGCCTGGGTGACATAGTGAGATCCCCATCTCTACAAAAAATACAAAAATTAGCTGTGTGTGGTGGCGCACACCTATAGTCCCAGCTATTCGGGAAGCTGAGGTGGGAGGAGTGATTGGTGGAGGCTCTGGTAAGCTGTGATCATGCCACTGCATTTCCAGCCTCAGTGACAGAGTGTGTCTCAAAACAAAACAAAACAAAAA","GGGTGTGGTGGCTCACACCTGTAATCCCAGCCCTTTGGGAGGCCAAGGCAGGTGGATTGTTTGAGCCCAGGAGTTTGAGAACAGCCTGGGCAACATAGTGAGATCCCCATCTCTACAAAAAATACAAAAATTAGCTGGGTGTGGTGGTGCACACCTCTAGTCCCAGCTATTCGGGAAGGTGAGGTGGCAGGAGTGATTGAGCCTAGGAGGTTGAGGCTCTAGTGAGCTGTGATCATGCCACTGCATTTCCAGCCTCAGTGACAGAGTGACTGTGTCTCAAAAAAAAAAAAAAACGAAAAAA"
"KN294187v1","1616860","1617162","chr5","34120082","34120372","31","32503222","GTGACTCACGCCTGTAATCCCAGCACTTTGGGAGGCTGAGGTGGGAGGATTGCTCGAGCTCAGGAGTTTGAGGCCAGCCTGGGCAACATAGTGAGACCCCACCTATACAGGAAAAAGTACAAAAAATAGCCAGGTGCCATGGCACACGTCTGTAAGCCCAGCTATTCAGGAGGCTGAGGCGGGAGGATCACTTGAGCCCAGGAGTTCAAGGCTGCAGTGAGTTAGGATCACACCACTGCGATCACACCACTCTAGCCTGGGTGACAGTGCAAGACTGTCTCAAAACCAAAAAATAAACAAAAA","GTGACTCATGCCTGTAATCCCAGCACTTTGGGAGGCTGAGATGGGAGGATTGCTTGAGCTCAGGAGTTTTGAGGCCAGCCTGGGCAACATAGTGAGAGCCCACCTATACAGGAAAAAGTACAAAAATTATCCAGGTGCCATGGCACATGTCTGTAAGCCCAGCTACTCAGGGGGTTGAGGCAGGAGGATCACTTGAGCCCAGGAGTTCAAGGCTGCAGTGAGTTAGGATCACACCACTCCAGCCTGGGTGACAGCGCAGGACTGTCTCAAAAACAAAAAAACAAACAAAAA"
"KN294187v1","1640052","1640255","chrX","41074018","41074212","50","39433966","CAGAGAGAGAAAGAGAAAAGAAAATTTAAAAATTACCCGGACATGGTGGCACAAGCCTGTAGTCCCAGCTACTCAGGAGGCTACAGCAGGAGGATCACTTGAGCCTGGGAGTTCGAGGCTGCAGTGAACCGTGATTGCGCCACTGTACTCCAGCCTGAGTGACAGAGCAAGACTCTGTCTAAAATAAAATAAAAAATAAATAAA","TAAAAATTTTTTAAAAAAAACAACAAAAATTAGCTAGGCATGGTGGCACACACCTATAGTCCCAGGTACCTGGGAGGCTGAGGTGGGAGGATCACTTGAGCCTGGGAGGTGGAGGCTGCAGTGAGCCATGATTGTGTCACTGCACTCCAGCCTGGGTAACAGAGCAAGACCCTGTCTCAAAAAAGAAAAAAAAAA"
"KN294187v1","1640515","1640647","chr8","20182552","20182683","18","18542037","CCAGGTGCAGGGTCTCATGCCTGTAATCCCAACACTTTGGGAAGCCAAGGTGGGAGAATTGCTTGAGCCCAGGAGTTCAAGACCAGCCTGGGGAACATAGTGAGACCGCCATTCCTACAGAAAATTTAAAAAT","CCAGGTGCAGTGGCTCATGCCTGTAATCCCAGCACTTTGGGAAGCTGAGGCAGGAGGATTGCTTGAGCCCAGGAGTTCAAGACCAGGCTGGGCAACATAGTGAAACCCCCATCTCTACAAAAAATAAAAAAA"
"KN294187v1","1646910","1647212","chr3","187402472","187402765","63","185755562","CTGGGCACGGTGGCGCATGCCTGTAATCCCAATGCTTTGTGAGGCCAAAGTGGGCGGATTACTTGATCTCCCAGGAGTTCAAAACCAGCCTGGGCAACATAGTGGGACCCCATCTCTATAAAGAATTAAAAAAAAAAAAAAAGCTGTGCATTGTGGTGTGTGTCTGTGGTCCCAGCTAGTTGGGAGGCTGAGGTAGGAGGATCACTTGAGCCCAGGAGGTCAAGGGTCAAGGTTGCAGTGAGCCATGATCGCACCACTGCACTCCAGCCTGGGCGACACAACAAGACCCTGTCTCAAAAAGAA","GGCCGGGCACGGTGGCTCATGCCTTTAATCCCAGCACTTTGGGAGGCCAAAGCGGGCAGATCGCTTGAGCTCAGGAGTTCAAGACCAGCCTGGGAAACATAGTGAGACCCCTTCTGTACTAAAAATACAAAAGAAAATAGCTGGGTGTGGTGACACGTGCCTGGGGTCCCAGCTACTCGAGAGGCTGAGGTGGGAGGATCGCTTGAGCCCTGGGGACAGAGGTTGCAGTGAGCAGTGATTGCACCACTATACTCCAGCCTGGGTGACAGAGCAAGACCCTGTCTCAAAAAAAGA"
"KN294187v1","1669536","1669655","chr13","2668765","2668890","22","999229","GTACGGTGGCTCACGCCTGTAATCCTAACACTTTGGGAGGCAGAGGCAGGTGAATCACCTGAGTCCAGGAGTTCAAGACCAGCCTGGACATAGCGAAGTCTCATCTCATTTTAAAAAATA","CAGGTACAGTGGCTCACGCCTGTAATCCCAGCACTTTGGGAGGCCAAGGCAGGTGAATCACTTGAGCTCAGGAGTTCAAGACCAGCCTGGGCAATATAGTAAGACCTCATCTCTATGTTTAAAAAA"
"KN294187v1","1956612","1956892","chr5","33798007","33798288","11","31841395","GCTGGGCACACTGGCTCACGCCTGTAATCCCAACACTTTGGGAGGCTGAGGTGGGAGGATCCCTTGAGCCCAGGAGTTGGAAACCAGCCCGAGCAACAAAGCAAGATTCCGTTCTACAAAAAAATTAGCCAAGTGTGGTGGTACCTGCCTGTAGTCCCAGCTACTCAGGAGGCTGAGGCAGGAGGATCCCTCAAGCCCAGGACTTTAAGGTTACAGTGAGCTGATTGTGCCACTGCACTCCAAAGTGGGCAACAGAGTAATACCTTGTCTTAAAAAAAAAA","GGCTGGGCACAGTGGCTCATGCCTGTAATCCCAACACTTTGGGAGGCTGAGGTGGGAGGATCGCTTGAGCCCAGGAGTTGGAAACCAGCCTGGGCAACAAAGCAAGACTCCGTTCTACAAAAAAATTAGCCAAGTGTGGTGGTACCTGCCTGTAGTCCCAGCTACTCAGGAGGCTGAGGCAGGAGGATCCCTTGAGCCCAGGACTTTAAGGTTACAGTGAACTGATTGTGCCACTGCACTCCAAAGTGGGCGACAGAGTAATACCTTGTCTTAAAAAAAAAA"
"KN294187v1","1978258","1978389","chr5","33777017","33777148","5","31798759","GGCCTGGTGCAGTGGCTCACACCTGTAATCCCAGCACTTTGGGAGGCTAAGGCGGCAGGATCACTTGAGCTCAGGAGTTTGAGACCAGCCTAGACAACATAGTTAGACCTTGTCTCCACTAAAAATCAAAAA","GACCTGGTGCAGTGGCTCACACCTGTAATCCCAGCACTCTGGGAGGCTAAGGCAGCAGGATCACTTGAGTTCAGGAGTTTGAGACCAGCCTAGACAACATAGTTAGACCTTGTCTCCGCTAAAAATCAAAAA"
"KN294187v1","1990837","1991138","chr5","33764765","33765085","38","31773928","GCTGGGTGCGGTGGCTCATGCCTGTCATCCCAGTACTCTGGGAGGCCAAGGCAGGAGGATCACTTGAGCCCAGGAGTTCAAGACCAGCCTGGGCAACACAGTGAGACCCCATTTCTATCAAAAAAAAAAAAAAAAGGAAAAAAATTAGCCTAGAATGGTGGCAGGCGTCTGTAATCCCAGCTACTTGGGAAGCTGAGCAGGAGGATTACTTGCACCTAGGAGTTTGGGGCTGCAGTGAGCTATGATCACACCACTGTACTCCAGCCTGGGTGAGAGAGCAAGACCCTGTCTCTAAAAACAAA","GGCTGGGTGCGGTGGCTCATGCCTGTCATCCCAGTGCTCTGGGAGGCCAAGGCAGGAGGATCACTTGAGCCCAGGAGTTCAAGACCAGCCTGGTCAACATAGTGAGACTCCCATCTCTACCAAAAAAAATAATAATAATAAAATTAGCCTAGAATGGTGGCAGGCGTCTGTAATCCCAGCTCCTTGGGAAGCTGAGCAGGAGGATTACTTGCACCTAGGAGTTTGAGGCTGCAGTGAGCTATGATCACACCACTGTATTCCAGCTTGGGTGAGAGAGCAAGACCCTGTCTCTAAAAACAATTAAAAAATTAAAATTAAAAA"
"KN294187v1","2011387","2011515","chr6","20750678","20750808","14","18739291","GGTTGGGTGTGGTGGCTCATGCCTGTAATTCCCAGCACTTTGGGAGGCCAAGGCAGGAGAATCACTTGAGCCCAGGAGTTCAAGACCAGCCTGGGCAACACAGCGAGACCCTGACTCAAAAAAGACAAA","GGCTGGGTGTGGTGGCTTCCGCCTGTAATCCCAGCACTTTGGGAGGCCAAGGCAGGAGGATCACTTAAGCCCAGGAGTTCAAGACCAGCCTGGGCAACACAGTGAGACCCTGTCTCAATAAAAAATAAAAA"
"KN294187v1","2070618","2070921","chr7","73135001","73135303","81","71064383","CTGGGCATGGTGGCTCACGCTTGTAGACCCAGCTACTCAGCAGGCTGAGTGGCGAGGATTGCTTGAGCCCAGGAGTTGGAAGACCTGAACAACACAGAAAAAACCTCATCCCTAAAAAATAAGACCAAAAAAAAAAAAAAAAAAAAGGTAAGACACATGTCTATAGTCCCAGCTACTTGGGAGGCTGAGATGGGAAGATTACTTAAGCCTAGGAGTTGAGGCTGCAGTGAGCTATGATTATGCCACTGCGCCCCTGCCTGGGGAACAAAGTGAAACCCCTGTCTCTCTATAAAAATGAACAAAA","GGCTGGGTGTGGTGACTCATGCCTGTAATTCCAGCACTCCAGGAGGCTGAGGTGGACAGATGGCTTGAGCCCAGGAGTTCAAGACCAGCCTGGACAACACAGCAAGACCCCATCTCTGCAGAAAGTAAAATACAAAAAGCTAGGTATGGTGGTGCACGCCTGTGGTCCCAGCTACTCGGGAGGCTGAGGTGGGAGAATCACTTGAGCCTAGGAGTTCGAAGCTGCAGTGAGCCAAGATCATGCCACTGCACTCCAGCCTGGGCAACAGAGTGAGACCCTGTCTCAAAAAATAAAAATAAAAAA"
"KN294188v1","10353","10661","chrX","76349505","76349813","27","76339152","CAGCATTTTGGGAGGCCAAGGTGGGTAGGATTGCTAGAGCTCAGTGGTTTCAGACCAGTCTGGGCAACATAGCAAGACCCCTGATCTTTACTAAGAAAACAAAACAAAACAAAAACAAGCATGGTGGTACATGCTTGTAGTCCCAACTATTCAGGAGGCTGAGGTGGAAGGATCACTCGAGCCCAGGAGTCAAAGCTACAGTGAGCCGAGATTGAAGTTGCAGTGTGCCATGATCATGCCACTGCACTCCACCTAGGAGACAGAGTAAAACCCCATTTAAGAAAGAAAGAAGAGAAAGAAACAGAGAAA","CAGCATTTTGGGAGGCCAAGGTGGGTAGGATTGCTTGACTCAGGAGTTCAAGATCAGTCTGGGCACCATTGCAAGACCCCTGATCTTTACTAAGAAAACAACAACAACAACAACAAAAACAAGCATGGTGGTACGTGCTTGTAGTCCCAAGTATTCAGGAGGTGGAGGTGGAAGGATCACTTGAGCCCAGGAGTCAAAGCTACAGTGAGCTGAGATTGAGGTTGCAGTGTGCCATGATCATGCCACTGCACTCCACCTAGAAGACAGAGTAAAACCCCATTTAAGAAAGAAGAGAAAGAAAGAGAGAAA"
"KN294192v1","83239","83513","chr6","128611330","128611617","29","128528091","GGTTGGGCATAGTAGCTCATGCCTTTAATCTCAGCCCTTTGGGAGGGTGAGGAGGGAGGATCACTTGAGCCCAAGAGTTTGAGATCAGCCTGAGCAACATAGTGAGACCCTGTCTCCACAAAAAATAAAAAAAATTAGCGGCGTATGGTGGCATGCCCCTGTTGTCCCAGCTACTCAGGAGGCTGAGGCAGGAGGGTTGTTTGAAACCAGGAGTTTGAGGGTGCAGTGAGCTATGATTGTACCACTGTAGTCTAGACTGGGTGGCAGAGTGAGAC","GGTTGGGCATAGTAGCTCATGCCTTTAATCTCAGCCCTTTGGGAGGCTGAGGAGGGAGGATCACTTGAGCCCAAGAGTTTGAGATCAGCCCGAGCAACATAGTGAGACCCTATCTCTATAAAAAATAAAAAAAATTAGCTGGGTGTGGTGGCATGCCCCTGTTGTCCCAGCTACTCAGGAGGCTGAGGCAGGAGGATTGCTTGAAACCAGGAGTTTGAGGGTGCAATGAGCTGTGATTGTACCACTGTACTCTAGCCTTGGAGGCAGAGTGAGACCCTGTTATAAAAA"
"KN294192v1","306567","306847","chr6","128385638","128385917","22","128079071","GGCCAAGCATAGTGGTTAATGCCTGTAATGCCAGCACTTTGGGAGGCCAAGGTGGGTGGATCACTGGAGCCCGGGAGTTCAAGACCAGCCTGGGCAACATAGCAAAACCTTGTCTCTACAAAAAAGGCAAAAAATTGGCCAGGCATGGTGGCACACACCTGTAGCCCCAGCTACTTGGGAGGCTGAGGTGGGAGGATCACCTGAGCCCTGGAATTTGAGACTAACATGAGCCAAGATCATGTCACCACACTCCGGCTTGGGCAACAGAGTGAGACGCTGTC","GCCAGGCACAGTGGTTAACGCCTGTAATCCCAGCATTTTGGGAGGCTGAAGTGGGTGGATCACTGGAGCCCAGGAGTTCAAGACCAGCCTGGGCAACATAGTAAAACCTTGTCTCTACAAAAGAGGCAAAAAATCGGCCAGGCATGGTGGCACACACCCATAGCCCCAGCTACTTGGGAGGCTGAGGTGGGAGGATCACCTGAGCCCTGGAATTTGAGACTAAAATGAGCCAAGATCATGTCACCGCACTCCAGCATGGACAACAGAGTGAGGCTCTGTC"
"KN294192v1","517407","517696","chr6","128171969","128172254","28","127654562","GGCCAGGTGCAGTGGCTCATGTCTGTAATTCTAGCACTTTGGGAGGCCGAGGCAGATGGATTGCTTGAGCCTGGGAGTTTGAGACCAGCCTGGGTAACATGGCGAAACTCCATCTCTACAAAAAATACAAAAATTAGCCGGGTGTGGTGGTGCATGCCTGTAGTCCCAGCTACTTGGGAAACTGAGGTGGGAAGATCACTGGAGCCGGGAGTTGGAGGTCGCACTCTAGCCTGGGTGACAGAATGAGACCCTGTCTTGGAAAAAAAAAAAAAAAAAGAATGTAAAAGAAA","GGCCAGGCGCAGGGGCTCATGTCTGTAGTCCCAGCACTTTGGCAGACCGAGGCAGATGGATTGCTTGAGCCTAGGAGTTTGAGACCAGCCTGGGCAACATGACGAAACTCCATCTCTACAAAAAATACAAAAATTAGCCGGGTGTGGTGGTGTATGACTGTAGTCCCAGCTACTTGGGAGGCTGAGGTGGGAAGATCAATGGAGCTGGGAGTTGGAGGTTGCACTCTAGCCTGGGTGACCTAATGAGACCCTGTCTGGAAGAAAAAAAAAAAACCAGAAAAGAAAA"
"KN294192v1","800923","801209","chr6","127855985","127856270","23","127055062","GGGCACAGTGGCTCACGCCTGTAATCCTAGCACTTTGGGAGGACAAGGCAGGTGAATCACTTGAGCCCAGGAGTTCAAGACCAGCCTGGGCAACATGGCAAAACCCCACCTCTACAAAAAATACAAAAATTAGCAGGGCATCGTGCTGTGCACCTGTGGTCCCAGCTACTCAGGAGATGGGAGGATCGCTTGAGCCCAGAAGTATAAGGCTGCAGTGAGCTATGATTGTGCCACTTCACTCCAGCTTGGGCAATATAGTGAGACTCTGTCTCAAAGGAAAAAAAAAA","GGGCACAGTGGCTCACACCTGTAATCCCAGCAGTTTGGGAGGACAAGGCAGGTGGATCACTTGAGCCCAGGAGTTCGAGACCAGCCTGGGCAGCATGGCAAAACACCATCTCTATAAAAAATACAAAAATTAGCCGGGCATGGAGCTGTTCACCCGTGGTCCCAGCTACTCAGTAGATGGGAGGATCTCTTGAGCCCAGAAATATAAGTCTGCACTGAGCTATGATTGTGCCACTTCACTCCAGCCTGGGCAACATAGTGAGACTCTGTCTCAAAAGAAAAAAAAA"
"KN294193v1","112965","113134","chr4","151766078","151766252","39","151653113","GGTCTGGCGTGGTGGCTCACACCTGTAATTCTAACACTTTGGGAGGCTGACGCAGGAGGATCGCTTGTGCCCCAGAAATCAAGGCCAGCCAGGGCCACATAGGGAGACCCCATCTCTATAAAAAAATGAAAAAATCAGCTAGGCATCAGGGTGTGCACCTGTGGTCCCAG","GGCTGGGTGCAGTGGCTCATGCCTGTAATCCTAGCACTTTGGGAGGCTGAGGTGGGTGGATGGCTTGGGCTCAGAATTTCAAGGCCAGCCTGGGCAACATGGCGAAACCCCATCTATATAAAAAAATTAAAAAATTAGCCAGGTGTAGTGGTGCACACCTGTAGTCCCAGCTACT"
"KN294193v1","359779","359955","chr5","10092146","10092321","36","9732367","GGCCAGGTGCAGTAGCTCACACCTATTAGCCAAGTACTTTGGCAGGCTGAGGCAGGAGGCTTGCTTGAGCCCAGGAGTTTGAGATCACCTGGGCAACATAGCAAGACTGTCTCTACCAAAAAAAAAAAAAAAAAAAAAAAAAAAAAAAAAATTAAAAAAAAAGGAGGCTGGGAGCAA","GGCCAGGTGCAGCGGCTCACACCTGTCAGCCAAGTACTTTGGCAGGCTGAGGCAGGAGGATCGCTTGAGCCCAGGAGTTTGAGATCACCTGGGCAACATAGTAAAACCCTGTCTCTACAAAAAAAAAAAAAAAATTAAAAATAAGGGCTGGGAGCAAAAATAAATAAATAAATAAG"
"KN294193v1","360278","360444","chr5","10091691","10091848","36","9731413","TCAATAAATAAATAAGCCGGGCACAGTGGCATGTACCTGTAGTTCCAGCTGAGGCCAGGCTGAACCCAGAAGTTGTGATTGTGTTACTGCACTCCAGTGTGGGCAACAGAGTGAGACCCTGTCTCTAAAAATAATTAAATAGGTAAATAAACAAACAAATAAATAAA","TAAGCTGGGCACAGTGGCATGTACCTATAGTTGCAGCTGAGGCCAGGCATCCACTTGAGCCCAGGAGCTGTGATTGTGTCACCGCACTCCAGGGTGGCCAATAGAGTGAGACCCTGTCTCTAAAAATAATTACATAGGTAAATAAATAAATAAATAAA"
"KN294193v1","412595","412888","chr6","35285996","35286281","63","34873401","GGCTAGGCACAGTGGCTCACGCCTGCAATCCCAGCACTTTGGGAGGCTGAAGTGGAAGGATCGCTTGGGCCCAGGAGTTCAACACCGGCCTGGGCAACATAGTGAGACCCCGTCACTAAAAAAAAAAAAAAAAAAATGGCCAAGCATGGCAGCACATGCCTGTAGTCCCAGCTACTCAAGAGGCTGAGGCAGGTGGATCACTTGAGTCTCAGGCCCTTAAGGCTGCAGTGAGCTGCCACTGAGATGCTGCACTGTAGCCTGGGTGACCTGTCTCAAAAAAAAAAAAAAAAAAAA","GCTGGGCACACTGGCTCACGCCTGTAATCCCAACACTTTAGGAGGCTGAGGAGGGAGGACCACTTGAGTCCAGGAATTGAGACCAACCTGGGCAACATAGGGAGGTCCCGTCTCTACCAAAAAAAAAAAAAAAAAAGGCATGATGGCACATGCCTGTAGTCCCAGCTACTTGCGAGGCTGAGGCAAGAGGATCACTTGAGCCCAGGACTTTGAGGCTGCAGTGAGCTATGATCGTTCCACTGCACTCCAGCCTGGGTGACCGAGGAGAAAAAAAAAAAGGAAAGAA"
"KN294193v1","414733","415017","chr5","10037467","10037749","31","9622734","CGGACACAGTGCCTCGTGCCTGTAATCCCAGCACTTTGAGAGGCCAAGGCGGAAGAACTGCTTGAGCCCAGGAGCTCAAGACCAACCTGGGCAATGTAACAAGACCCTGTCTCTACAAAAAATGAAAAAGAATCAGTTGCTTGTGGTAACATGAGCTGTATTCTGGCTATTCAAGAGACTGAAACAAGAGGATCGTGTGAGCCTAGAAGTTCAAGGCTGCAGTGAACTGTGATCATGCCACTGCACTCCAGTTTGGATGACAAAGTGAGACCCTTTCTCAAAAAA","CGGGCACAGTGCCTCATGCCTGTAATCCAGCACTTTGAGAGGCCCAGGTGGAAGAACTGCTTGAGCCCAGGAGCTCAAGACCAACCTGGGCAACGTAGCAAGACCCTGTCCTACAAAAACTGAAAAAGAATTAGTCGGTCATGTTAACATGAGCTGTATCCCAGCTATTCAGGAGACTGAGGCAAGAGGATCGTGTGAGCCTGGAAGTTCAAGGCCGCAATGAACTGTGATCGTGCCACTGCACTCCAACTTGGGTGACAAAGCGAAACCCTTTCACAAAAAA"
"KN294193v1","493369","493671","chr1","95522967","95523271","71","95029598","GGCTGGGCGCAGTGGCTCACACCTGTAATCCCAGCACTTTGGGAGGACAAGGTGGGCACATTGTTTGAGCCCAAGAGTTTGAGACCGGCCTGGGCAACAAAGCAAGACCTCATCGCTATAAAAAGTTAAAAAAAAAAAAAAAAGTAGCTGGGCACCGTGGCAGGTGGTAGCTGGGCCTGTAGTCCCAACTATTAGGGAGGCTGAGTGGGGAGGATCTCTTGAGCCCAGGAGTTTGAGGCTGCAGTGAGCTGTAATGGTGCTACTGCACTCCAGTGAAAGACCCTGTCTCTTAAAAATAAAAAA","GGCTAGGCACGGTGACTCAGGCCTGTAATCCCAGCACTTTGGGAGGCCGAGGTGGGCGGGTTGTTTTAGCCCAGGAGTTTAAGACCAGCCTGGGCAACATGGCAAGACCTCATCTCTACAAAAAAAAAAAAAAAAAAAAAAAAACAAAAATTAGCCAGGCGTGCTGATACATGCCTGTAGTCCCTGCTATTAGGGAGGCTAAAGTGGGAGGATCGTTTGAGCCCTGGAGTTTGAGGACGCAGTGAGCTATGATGTTGCCACTGCACTCCCAGCCCAGGTGACAGAGCGAGTCTCAAAAAATAAAA"
"KN294193v1","507915","508219","chr7","68085599","68085905","68","67577684","GCCAGGCATGGTAGCTATGTCTGTAATCCCAGCACTTTAGGAGGCTGAGGTGGGAGGATCTTTGAGCCCAGGACTTCAAGACCAGCCTGAGCAATATAGCAAGACCCTATCTCTACTTAAAAAAAAAAAAAAAAATCAAAAAAATTAGCTAGATGTAGTGGTGCACTCAGGAGGCCGAGGTAGGAGGATCACTTTAGCCTCAGGAGAAGGACGCTGTAGTGAGTCACAATTGTGCCACTGCACTCCAGCCTGGATGACAGAGTAAGACCCTATTTAAAAAAAAAAAAAAAAAAAAAAAAAGAGAA","GCTGGGCACAGTGGCTCATGCCTGTAATCCCAACACTTTGGGAGGCTGAGGTGGGAGGATCGCTTGAGCCTAGGAGATCAAGACCAGCCTGGGCAATATAACAAGACCCCCATATCTTAAAAAAAAAAAAACAGCCAGGTATGGTGGTGAACATCTGTAGTTCAAGCTACTCAGGAGGCTGAGACAGGAGGATCACTTGAGCCCAGGAGTTGGAGGCTGCAGTGAGCTATGATTGCACCACTGCACTCCAGCCTGGGTGATAGAGACAGACCTTGTCTATAAAAAAAAAAAAAAAAAAAAAAAAGAA"
"KN294193v1","520792","521085","chr5","9924640","9924942","25","9403848","GACCTGGTGTGATGGCTCATGCCTGTAATCCCAGCACTTTGGGAAATGCAGGAGGATTGCTTGAGTTCAGGAGTTCGAGACCAACCTGGGCAATATAGTGAGACCCCTATCTCTACAAAAAAAGTTTAAAAAACTAGCCAAGCATGGTGGCACGTGCCTGTAGTCCCAGCTCCTTGGGAGGCTGAGGCAGGAGGATCACTTGAGCCCAGGAGGTGGAGGCTGCAGTGAGCAGAGATCACACAATTGCACTCCAGGCTAGGCAACAGAGCAAGATCCTGTCTCAAAAAAATAAAA","GGCTTGGTGTGATGGCTTATGCCTATAATCCCAGCACTTTGGGAGACCAATGCAGGGGGATTGCTTGAGTTCAGGAGTTCAAGACCAGCCTGGGCAATATAGTGAGACCCCTGTCTCTACAAAAAAATGTTTAAAAAACTAGCCAAGCATGATGGCATGTGCCTGTAGTCCCAGCTACTTGGGAGACTGAGGCAGGAGGATCACTTGAGCCCAGGAGGTGGAGGCTGCAGTGAGCAGAGATCACACCACTGCACTCCAGGTTAGGCAACAGAGCAAGATCTTGTCTCAAAAAATAAAATAAAA"
"KN294193v1","531560","531866","chr5","9915818","9916116","33","9384258","GGCTGGGTGCAGTAGCTCAGGCCTATAATCCCAGCACTTTGGGAAGCTGAGGTAGATGAATAGCTTCAGCCCAGGAGTTCAAGACTAGTCTGGGCAACATGGCAAGATCCTGTTTCTACTAAAAATACAAAAATTAGCCAGGCATGGTGGCACATACCTGTAGTCCCAGCTACTTGGGAGGTTGAGGTGGGAAGATTAACTTGAGCCCAGTAGATCAAGGTTGCAGTGAGCTGTGATCATGCACTCCAGCATGGGTGACAGGGCAAGACCCTATCTCAAATAAATAAATAAATAAATAAAGAGAGAA","GGCTGGGTGCAGTAGCTCAGGCCTATAATCCCAGCACTTTGGGAGGCTGAGGTAGATGAATAGCTTCAGCCCAGGAGTTCAAGACTAGCCTGGGCAACATGGCAAGACCCTGTTTCTACTAAAAATACAAAAATTAGCCAGACCTGGTGTCACACACCTGTAGTCCCAGCTACTTGGGAGGCTGAGGTGGGAAGATCAACTTGAGCCCAGGAGATCAAGGATGCAGTTAGCTGTGATCATGCTACTGCACTCCAGCATGGGTGACAGAGCAAGACCCTATCTCAAAAAAAAAAAAAAAA"
"KN294193v1","660071","660370","chr5","9801868","9802175","27","9141797","GGCCAGGTGCAGTGGCTCACACTTGTAATCCCAGCATTTTCAGAGGCCAAGGTGGGAGGATAGCTTGAGCCCAGGAGTGCAAGACCAGCATGGGCAACAAAGCAGGACTCCCATCTCTACAAAAAATCAAAACATTATTAGGTGGGCATGGTGGTGCATGCCTGTAGTTCCAGTTACTTGGGAGGCTGAGGCAGGAGGATTACTTGAGTCCAGGAGGTTGAGGCTGCAGTGAGCCATGACTGCACCACTGCACTCCAGCCTGGGTGACAGCAAGACCCTTTTTTCAAAGAAAAAAAAAAA","GGCCAGGTGCAGTGGCTCATGCCTGTAATCCCAGCATTTTCAGAGGCCAAGGCAGGAGGATCGCCTGAACCCAGGAGTGCAAGACCAGCCTGGGCAACAAAGCAGGACTCCCATCTCTACAAAAAATTAAAAAATTATTAGGTGGGCATGGTGGCACATGTCTGTAGTTCCAGCTACTTGGGAGGCTGAGGCAGGAGGATTGCTTGAGTCCAGGAGGTTGAGGCTGCAGTGAGCCATGATTGCACCACTGCACTCCAGCCTGGGTGACAGAGAAATACCCTTTTTTCAAAGGAAAAAAAAAAAAAAAA"
"KN294193v1","670275","670607","chr19","8150716","8151047","74","7480441","GTCAGGTGTGGTGGCAAACACCTGTGTTCCCAGCTACTCGGGAGGCTGAGGCAGGGGAATTGCTTGAGCCTCAGAGGTGGAGGATGCAGTGAGCTGAGATTGTATCACTGCACTCTAGCCTGGGTGATACAGCAGACTCTATCTCAAAAAACACAAAAAATAAAAAATTAACTGGGCATGGTGGCATGCCTATAGTTCCAGCTACTCAGAGACTGAGGCAGGAGGCTCCCTCAAGCCCAGGAGTTTGAGGCTACAGTGAGTGAGCTATGATAGTGCCACTGCACTCCAGCCTGAGTGACAGAACAAGACTCTGTCTCTAAAACAAAAAAAAGA","GCCAGGCGCGATGGCTCACGGCTGTTGTAATCCCAGCTACTTGGGAGGCTGAGGCAGGAGAATTTCTTGAACCTGGGAGGTGGAGGTTGCAGTGAACTGAGATTGTGCCACTGCACTCCAGCCTGGGTGACAGAGCGAGACTCTTGTCTTCAAACAAAAAAAAAAAATTAGCTGGGCATGGTAGCATGTGCCTGTAGTCCCAGCTACTTGAGAGGCTGAGGCAGAAGAATCGCTTGAACCCCAGAGGTGGAGGTTGCAGTGAGCTGCAGTCGCCCCACTGCACTCTAGCCTCGGTGACAGAGGAAGACTCCATCTCAAAAATAAATAAAAAA"
"KN294193v1","681868","682008","chr5","9777335","9777466","17","9095467","GGCTGGGCACAGTAGGTCACAACTATAATCCCAGCACTTTGGGAGGCTATGGCAGGAGGATCAGTTGAGCCCAGGAGTTCCAGACCAGCCTGGGCAATACAGTGAGACCCCATCTCTACACAAAATTAAAAAAAAGAGCCG","GGCCGGGCACAGTGGGTCACAACTGTAATCCCAGCACTCTGGGAGGCTACGGCAGGAGGATCAGTTGAGCCCAGGAGTTCCAGACCAGCCTGGGCAACACGGTGAGACCCCATCTCTACACAAAATCAAAAA"
"KN294193v1","722857","722934","chr19","12957776","12957857","22","12234919","TTGGCAGGCTGAGGCGGGAGGATTGCTTGAGCCCAGGACCAGCCTGGGCAACATGGTGAGTTCCCATCTTTACCGAAA","TTGGAAGGCTGAGGTGGGAGGGTCACTGGAGCTCAGGGATTCAAGACCAGCCTAGGCAACATAGTGAGATCCCATCTTTACA"
"KN294193v1","722976","723157","chr16","51192050","51192230","32","50469074","GAAAGGAAGAAATTAGCTGGGTATGGTGGTGCATGCCTATAGTCCTAGCTATTTGGGAGGCTGAGGCAGGAGGATGGCTTGAGCTCAGGAGTTCGAGGCTGCAGTGAGCCATGATCACGCCACTGCACTCCAGCCTGGGTGATAGAGCAAGACCCTGTCTCAAAAAAAAAAAAAAAAAAAAA","CAAAAGTTGAGCTAGGTGTGGTGGTGCATGCCTGTAGTCCCAGCTATTCAGAAGGCTGAGGCAAGAGAATTGCTTGAGCCCAGGAGTTCGAGGCTGCAGTGAGCTATGATCATGCCACTGCACTCCAGCCTGAGCGACAGAGTGAAATCCTGTCTCAAAAACAAAACAAAACAAAAAAAAA"
"KN294193v1","808528","808825","chr5","9651899","9652201","31","8843371","GGCTGGGCACCGTGGCTCACACCTGTAATCCCAGCACTTTGGGAGGCCAAGGCAGGGGGATCCCTTGAGCCCAGGAGTTTGAGACCAACCTGGGCAACATGGCAAGACCCCATCTTTACACACACACAAAAAGTTAGTCAGGTATGGTGTTGAGTGCCTGTGATCACAGCTACTCAGGAGGCTAAGATGGGAGGATTGTTTGAGACCAGGATTCGAGGCTGCAGTGAGGTGAAATCAAGCCACTGCACTCCAGCCCAAGTGACAGAGCGATACCCTGTGTCAAAAAAAGAAAGAGAGA","GGCTGGGCACTGTGGCTCATGCCTGGAATCGCAACACTTTGGGAGGCCAAGACAGGGGGATCTCTTGAGCCCAGGAGTTTGAGACCAGCCTGGCAATACGGCAAGACTCCATCTTTACACACACAAAAAAGTTAGTCAGGTGTGGTGTTGAGTGCCTGTGATCACAGCTACTCAGGAGGCTAAGACAGGGAGGATTGTTTGAGACCATGATTCGAGGCTACAGTGAGCTGAAATCACGTCACTGCACTCCAGCCCGAGTGACAGAGTGAGACCCTGTGTCAAAAAAAGAAAGAGAGAGAGAGA"
"KN294193v1","813940","814095","chr5","9646036","9646191","14","8832096","GACCAGACACAGTGGCTCATGTGTTTAATCCTAGCACTTTGAGAGGTCAAGATGGGAGGACTGCTCAAGCCCAGGAGTTTTAAACCAGCCTGGGCAACATAGGGAGACTCCGTCGCTACAAAAAGTGAAAACAATTAGCTGGGTGTGGTGGCACGC","GACCAGGCGCAGTGGCTCATGCGTATAATCCTAGCACTTTGGGAGGCCAAGACGGGAGGATTGCTCAAGCCCAGGAGTTTTAAGCCAGCCTGGGCAACATAGGGAGACTCCATCTCTACAAAAAGTGAAAAAAATTATCTGGGTGTGGTGGCATGC"
"KN294193v1","886808","887102","chr17","26582896","26583193","52","25696088","GGCCGAGAGCAGTGACTCACACCTGTAATCCCATCACTTTGGGAAGCCAAGGCAGGGGGAAGGCTCAAGTCCTGGAGTTTGAGACTAGCCTGGGCAACATAGCAAGAACCTATCTCTACCAAAAAATAAAACAATTAGCCAGGCGTAGTGGCATATGCTTGTAGTCCCAGCTACTTGGGAGGCTAAGGAAGGAGGATTGCTTGAGACCAGGAGTTGGAGGCTGCAGTAAGCTATGATTGCATCACTGTACTCCAGCCTGGGTGACAGAGTGAGACTCTGCCTCTAAAAAAAAAAA","GGCTGGGCATGGTAGCTCACACCTGTAATCCCAGCACTTTGGGAGGCTGAGGAGGGCAGATCACTTGAGCTCAGGAGTTTGAGACAAGCCTGGGCAATATGGCAAAACCCTGTCTCTACAAAAAATACAAAAATTAGCCGGGCGCAGTGGCATGTGCTTGTAGTCCCAGCTACTTGGGAGGCTGAGGTGGGAGGATTGCTTAAGCCCAGGAGTTGGAGGTTGCAGTGAGCTATGATCGCACCACTGCACTCCAGTTTGGGTGACAGAGTGAGACCCTGCCTCAAAAAAAAAAAAAAAA"
"KN294193v1","982503","982794","chr5","9480145","9480418","38","8497642","GCTGGGCGCAGTGGCTCACACTGGTAATCCCAGCACTTTGGGGAGGCCAAGGTGGGTGGATCACTTGAGCCCAGGAGTTTGAGACCCACCTGGGCAACATGATGAGACGCTATCTCTAAAAAAAAAAAAAAAAAAAAAAATTTAGCTGGGCCTGGCAGCACGCATCTGTGGTCCCAGTGACTCCGGAGGCTGGGACACACTTGAGCCCAGGAGTTCGAGGCTGCAGTGAGCAGTATTCACACCACTGCACTCCAGCCTGGATGAGAGGGCAAGACCCTGTCTCAGATAAAAA","GCTGAGCGCAGTGGCTCACACTGGTAATCCCAGCACTTTGGGGAGGCCAAGGTGGGTGGATCAATTGAGCTCAGCAGTTGGAGACCCACCTGAGCAACATGATGAGACCCTATCTCTGAAAAAAAAAACAAAAAATACAAAAATTAGCTGGGCATGTGGTCCCAGTGACTTGGAAGGCTGAGACACTTGAGCCCAGGAGTTCGAGGCTGCAGTGAGCAGTATTCACACCACTGCACTCCAGCCTGGATGAGAGAGCAAGACCCTGACTCAAAAA"
"KN294195v1","120152","120461","chr4","75160930","75161246","23","75040778","GACTGGGTACCATGGCTCACACCTGCTAATCCAGCACTTTGGAAGACTGAGGCAGGAGGACTGCTTGAGCCCAGAAGTTTGAGACCAGCCTGGGCAACATAGTGAGACTTCATCAGTACAACAAATAAAACTAAAAATTAGCTGTATGTGGTAGTGTGCACCTGTAGTACCAGCTACATGGGAAGCTGAGGCAGGAGGATCACTTAAGCCCATGCAGTGAGCTATGATCACATGATTGCACTCCAGCCTGGATGACAGAGTGAGACCCTGTCTCTCTTAAAAAATAATAATAATAATAAATTAAAAAAAA","GGCTGGGCACCATGGCTCACACCTGCTATTCCAGCACTTTAGAAGACTGAGGCAGGAGGATTGCTTGAGCCCAGAAGTTTGAGACCAGCCTGGGCAACATAGTGAGACTTCATCCATACAAAAAATAAAACTAAAAATTAGCTGTATATGGTAGTGTGCACCTGTAGTCCCAGCAACATGGGAAGCTGAGGCAGGAGGATCAATTAAGCCCATGCAGTGAGCTACGATCCCATGATTGCACTCCAGCCTGGGTGACAGAGTGAGACCCTGTCTCTCTTAAAAAAATAATAATAATAAAAAATTAAAAAAGAAAAAAA"
"KN294195v1","210946","211236","chr4","6615194","6615493","60","6404248","GGGTGCAGTGGCTCACACCTGTAATCCCAACACTTTGGGAGGCTGAGACAGGAGGATCTCTTGAGCCTAGGAGATCCAGAGCAGCCTGGGCAACATAGCAAGACCTTGTCTCTGAAAAGAAAAAATTACAAAAAATTAGCCAAGCATTGAGGGCATGCTTGTAGTCTCAGCTATTTAGAAGGCTGAGGTGGGAGGATCACTTAAACCCAGGAGTTTGAGGTTGTAAAGAGCTATGGTCACACCACTGTACTCTAGTCTGGGTAACAGAGCAACACCCTGTCTCTAAAAAAA","GGTTGGGCATTGTGGCTCACACCTGTAATCCAAGCACTTTGGGAGGCTGAGGTGGGAGGATCGCTTGAGCCCAGGAGTTCGAGACCAGCCTGGGCAATATAGTGAGACCCTGTCTCTTCAAAAAACAAAAAAAAAAATTAGCCAAGGATGGTGGCATGTACCTGTAGTCCCAGCTACTCAGGAGGCTGAGGCTGGAGGATCACTTGAACCCAGGAGGTTGAGGCTGCAGTGAGCTATGATTGCACCACTGTACTCCAGCCTGGGTGACAGAGCGAGACCCTGTCTCAAAAAGAAAAAAAA"
"KN294195v1","223425","223682","chr4","75281783","75282039","13","75058358","GGATGTGGTGAGTCTCACTGGTAGTCCAGCTAGTTAGGAGATTGAGATGGAAGGATTGCTTGTACCTAGAAATTCAAGACCAGCCTGGGCAACATAGTCTCTACAAAAAAATTAATGAAAAAGTTAGCCAGTTGTGATGGTATACACCTGTAGTCCTAGCTACTCAGGAGACTGAGGAGGGAGGATCCCTTGAGCCCAGGAGGTTGAGGCTGTGGTAAACTATGATGATGCCACTGCACTCCAGCCTGGGGGACAGAG","GGGTGTGGTGGCTCTCACTGGTAGTCCAGCTAGTTGGGAGATCGAGATGGAAGGATTGCTTGTGCCTAGAAATTCAAGGCCAGCCTGGGCAACATAGTCTCTACAAAAAAATTAATGAAAAAGTTAGCCAGTTGTGGTGGTATACACCTGTAGTCCTAGCTACTCAGGAGGCTGAGGAGGGAGGATCCCTTGAGCCCAGGAGGTTGAGGCTGTGGTAAGCTATGATGATGCCACTGCACTCCGGCCTGGGGTCAGAG"
"KN294198v1","17411","17737","chr13","46837561","46837854","55","46820150","GCCAGGAGCAATGGCTCACGACTGTTATCTCAGCACTGTGGAAGGCTAAGGCAGCAGGATTGCTTGAGCCCAGAGTTTGAGAGTAGCCTGAGCAACATAGTGAGATCCCATCTCTACCAAAAAACAAAACAAAACGAAAAACAATTTGCTGGGTGTAGTGGTGCATGCCTGTAATCCCAGCTGCTCAGGGGACTCAGGTGGATCACTTGATTCCAGAAGTTCGAGGCTGTAATGAGCTATGATCTAGCCACTGCAGTTCAGCATGGATGAAAGAGGAAGACTGTCTCAAAACAAACAAACAAACAAACAAACAAACAAACAAACAAA","GCCAGGAGCAATGGCTCACGACTGTAATCTCAGCACTGCGGGAGGCCAAGGCAGCAGGATTGCTTGAGCCCAGAGTTTGAGACTAGCCTGGGCAACTAAGTGAGATCCCATCTCTACAAAAAACAAAAAACAATTTGCTGGGTGTAGTGGTGCATGCCTGTAGTCTCAGCTGCTTGGAGGACTCAGGCGGATCACTTGAGTCCAGGAGTTCAAGGCTGTAATGAGCTATGATCTAGCCACTGCAGTTCAGCATGGACAAAAGAGGAAGACTTTGTCTCAAAAAAAAAAAAAAAA"
"KN294199v1","468","760","chr12","109211355","109211647","20","109210887","GGCCAGGCATAGTGGTTTATGCCTACAATCCCAGTGCTTTAAGAGACTGAGGTGGGAAGATTGCTTGAACCCAGGAGTTTGAGACCAGCCTGGGCAACTGAGAGACTGTTCCTACAAAAAATAAAAATTAAAAATAGTTGGGCATGGTGGGAGGTTCCTGTAGTCCCAGCTACTTGGGAAGCAGAGGTAGGAGGATCACTTGAGCCCAGGAGTTTGAGGTTGTAGGGAGCTGTTATTGTACCACTGCACTCCAGACTGGGTGACAGAGCAAGATTCTGTCTCAAAAGAAAAAA","GGCCAGGCATAGTGGTTTATGCCTGTAATCCCAGTGCTTTAGGAGACTGAGGTGGGAAGATCACTTGAGCCCAGGAGTTTGAGACCAGCCTGGGCAACTGAGAGATTGTCTCTACAAAAAATAAAAATTAAAAATAGCTGGGCATGGTGGGAGGTTCCTGTAGTCCCAGCTGCTTGAGAAGCAGAGGTAGGAGGATCACTTGAGCCCAGGAGTCTGAGGCTGCAGAGAGCTATTATTGTTCCACTGCACTCCAGACTGGGTGACAGAGCAAGACCCTGTCTCAAAAGAAAAAA"
"KN294199v1","46355","46467","chr2B","53068102","53068214","14","53021747","GCCAGGTGTGGTGGCTCACACCTGTAATCCCAGCACTTTGGGAGGCTGAGGCAGATGGATTGCCTGAGCCCAGGAGTTTGAGACCAGCCTGGGCAACATACTAAGACTCCATC","GCTGGGAGTGGTGGCTCACACCTGTAATCCCAGCACTTTGGGAGGCTGAGCCGGAGGGATTGTTTGAGCCCAGGAGTTTGAGACCAGCCTAGGCAACATAGTGAAACCCTATC"
"KN294199v1","46778","46977","chr1","215292657","215292865","44","215245879","CTAAGACTCCATCTTTACAAAAAAAATAAAGGATTAGCCAAGCAGGGTAGTGCATGCCTGTAGTCTCAGCTACTCAGGAGGCTGAGGCAGGAGAATCACTTGAGTCTGGGAGATCAAGCCTGCAGTGAGCTGTGATTGCACCACCGCACTCCAGGCTGGGTGACAGAGCAAGATACTGTCTCAAAAAAAAAAAAAAAAAA","CTAGCCTGGGCAACATAACAAGACTCTACCACAAAATGAAAAAATTAGCCAGGCATGATAGTGCACACCTGCAGTCCCAGCTACTCGGGAGGCTGAGGCAGGGATATCGCTTGAGTCCGGGAGTTCAAGGCTGCAGTGAGCTGTGATCGCACCACTGCACACCAGCCTGGGTGGCAGAGCAAGACCCTGTCTCTAAAAAAAAAAAAAAA"
"KN294199v1","106821","107143","chr14","76597501","76597814","64","76490680","GGCCAGGCGCAATGGCTCATGCCTGTTATCCCAGCACTTTGGGAGGCCAAAGCAGGAAGATTGCTTGAGCCCAGGAGTTCAAGATCAGCCTGGGCAACATGGTGAGACCTCATCTCTACAAAACAAACAAATAAACAAACAAACAAACTAGCTGGGTATGGTAGAGTGAGTCTGCAATCCCAGCTACCTGGGAGGCTGAGGTGGGAGGATGGCTTAAGGCCAGGGGATAGAGGCTACAGTGAGCCATGATGGTGCCACTGCACTCTAGCCTGGGCAACAGAGCGAGACCCTGTTTCAAAAGAAAAAATAGACAAAAAACAAAA","GCCGGGTGCAGTGGCTTATACCTGTAATCCCAACACTTTGGGAAGACAAAGAGGAAGGATTGCTTGAGCCCAGGAGTTCAAGACCAGCCTGGGCAACATACTGAGACCCCATATCTACAACAACAATAACAGCAAAAATTAGCTGGGCATGGTGGTGCATGCCTGTAGTCCCAGCTACTTGGGAGGCTTAGCTGAGAGGATTGCTTAAACCCAGGATGTTCAGGCTACAGTGAGCCATGATCACACCACTGCATTCTAGTCTGGGTAACAGAGCAGGACCCTGTCTCAAAAAATAAATAAATAAATAAAGACAA"
"KN294199v1","109193","109280","chr12","109106777","109106864","7","108997584","GGACACGGAGATGGAAGGATCACTGGAGCCCAGGAGTTCAAGCCTGGGCAATATTGCCAAGACCCAATTTCTACAAAACAAAACAAAA","GGACACTGAGGTGGGAGGATCACTGGAGCCCAAGAGTTCAAGCCTGGGCAATATAGCCAAGACCCCATATCTACAAAACAAAACAAAA"
"KN294199v1","139546","139687","chr2B","2808621","2808756","27","2669075","GTTCATGCCTGTAATCCCAGCACTTTGGGAGGCCGAAGCAGGCAGATCGCTCGAGCCTAGGAGTTGGAGACCAGTCTGGGCAACATAATGAGACCCCATCTCTACAGAAAAAATTAAAAAAACATTAGCCGGGCATGGTGAC","GGCTCATGCCTGTAATCGCAACATTTTGGGAGGCTGAGGCAGGTGGATCACTTGAGCCCAGGAGTTCGAGACCAGCCTGGGCAACATAGTGAGACCCCGTCTACAAAAATTACAAAAATTAGCTGGGCGTGGTGGC"
"KN294199v1","153734","154045","chr12","109069015","109069328","21","108915281","GCCAGGCACGGTGGCTCATGCCTATAATCCCAGCACTTTGGGAGGCTGAGGTGGGGGGACCGCTTGAACCCAGGAGCTTAAGACCAACCCTGGCAACATAGTGAGACCTTGTCTTTACAAAAAAATGTTTATAATTAGCCAGGCATGGTGGCATGGGCCTGTAGCCCCAGCTACTGGAGAGGCTGATGCAGGAGGATCACTTGAGCCCAGGAGGTCAAGACTGCAGTGAGCCATGATCATGCCACTAGAGTCTAGCCTGGGTGACAGAGTGAGACCCTGTCTCAAAAACACAACAACAAACAAGGAAAGAAA","GCCAGGCGTGGTGGCTCATGCTTATAATCCCAGCACTTTGGGAGGCTGAGGTGGGGGGAATCGCTTGAACCCAGGACTTTAAGACCAACCCTGGCAACATAGTGAGACCTTGTCTTTACAAAAAAAAATTTTATAATTAGCCAGGCATGGTGGCATGGGCCTGTAGTCCCAACTACTTGGGAGGCTGATACAGGAGGATCACTTGAGCCCAGGAGGTCAAGACTGCTGTGAGCTATGATCATGCCACTACAGTCTAGCCTGGGTGACAGAGTGAGACCCTGTCTCGAAAACAAAACAACAAAAAAGGAAAGAAA"
"KN294199v1","163758","164009","chr19","50664107","50664376","56","50500349","GGCTGGACATGGTGGCTCACATCTGTAATTTCAGCACTTTTTGGGGGCAAGGCAGGAGGATTGATTGAGCCCAAGAGTTTGAGACCAGCCTGGGCAACATAGCAAGACCCCATCTCTACAAAAAATAAAAAAATTACCTGAGTGTGCTGGTGCATGCCTTTAGTGCCAGCTACTCAGGAGGCTGAGGCAAGATGAACTTGAGGGGTTGAGGCTGCAGTGAACTATGATTGCACTACAGCCTGGATGACAGAG","GGCTGGGAGTGGTGGCTCACATCCATAATGTCAGCATTTTGGGAGGCCAAGGTAGGAGGATCGCTTGAGCCCAAGAGTTTGAGATCAGATTGGGCAACACAGCAAGACCCCATCTCTACAAAAAATCTTAAGAAAATTAGCCAGGTGTGGTGGCACATGCCTGTAGTCCCAGCTACTCAGGAGGCTGAGGCAGGAGGTTTCCTTGAGCCCAGGAGTTCAAGGCTGCAGTGAGCTGTGATGGTGCCACTGCACTCCAGCCTGGGAGAGAGA"
"KN294199v1","164779","165094","chr3","39885339","39885652","68","39720560","GGCACGGTGGCTATGCTAGTAATCCCAAGACTTTAGGAGGCCAAAGAAGGAAGATCACTTGAGCTCAGGAGTTCAAGACCAGCCTGGGCAACATAATGAGACCCCTATCTCTAGAAAAACAAAAAAGAAAACTAGCCAGGCATAGTGGTGCACACCTACAATCCCAGCTGCTCAGGAGGCTGAGGCAGGAGGATCACTTGAGCCCAGGAGGTTGAGGCTGTAGCCAAACTATGATTGTGCCACTGCACTTTAGCCTGGGCAACAGAGTGAGACCCTATCTCTACAAAAATGATAACTTAAAAAACTAAAATAAAAA","GGGCACAGTGGCTCATGCCTGTAATCCCAACACTTTGGGAGGCCGAGGCAGGAGGATTGCTTGAGCCCAGAAGTTCAAGACCAGCCTCGGCAACATAGTGAGACCTTGTCTCTACAGAAAATTAAAAAATAAAATCAGCTGGGCATGGTGGTATGCACCTGAAGTCCCAGCTACTAGGGAGGCTGAGGCAGGAGAATCACTTGAGCCCAGGAAGGTTGAAGCTGCAGTGAGCTGCGATTGTGTCACTGTGCTCCAGCCTGGGTGACAGAATGAGACCCTGTCTCGAAAAAAATAAATAAATAAAATAAAATAAA"
"KN294199v1","168438","168684","chr12","109058224","109058516","65","108889786","GGCCAGGCATGGTGGCTCACACCTGTAATCCCAGCACTTTGGAAAGCCGAGGAGGGAGAATTGCTTGAACCCGGGAGGCAGAGGTTGCAGTGAGCCGAGATTGCGCCACTGCACTCCAGACTGAGCAACAGGGTCAGACTACACCTGCCTGTAGTCCTAGTTACTCAGGAGGCTAAGGTAGGAAGATTGCTTGAGTCCAGGAGGTCAAGGCTGCAGTGAGCTGGATTGCACCATTGCACTTCAGCCT","GGCCAGGCGTGGTGGCTCACACACATAATCCCAGCACCTTGGAAAGCCAAGGAGGGAGAATTGCTTGAACCCAGGAGGTGGAGGTTGCAGTGAGCCGAGATTACACCACTGCACTCCAGACTGGGCAACAGGCTCAGACTCCATTTCAAAAAAAAAAAAAAAATTTAAATTAGCCAGGCATGGTGGCACCTGCCTGTAGTCCTAGCTACTCAGGAGGCTAAGGTAGAAGGATCACTTGAGCCCAGGAGGTCAAGGCTGCAGTGAGCTAGGATTGCACCATTGCACTTCAGCCT"
"KN294199v1","172072","172208","chr17","26184133","26184271","19","26012061","GGCTGGGTGTGGGAGCTCACATCTGTAATCCCAGCACTTTGGGAGGCCGAGGTGGGTGGATTGCTTGAGCCCAGGAGTTCAAGACCAGCCTGGGTAACGTGGCAAAATTCCATCTCTACCAAAAATACAAAAATTAG","GGCCAGGAGCGGTGGCTCACACCTGTAATCCCAGCACTTTGCGAGGCCGAGGTGGGTAGATTGCTTGAGCCCAGGAGTTCGAGACCAGCTTGGGCAACATGGCAAAACCCTGTCTCTACCAAAAATACAAAAATTAGCC"
"KN294199v1","177790","178086","chr12","109049698","109049986","23","108871908","GGTCAGATGTGGTGGCTCATGCCTGTAATCCCAGCACTTTGGGAGGCCAAGGCAGGAGGATTGCTTGAACTAGGGAGTTCGAGACCAGTTTGGGCAACATAGTGAGACCCCCATCTCTACTAAAAAAAAAAAAAAAAATTAGCTGAGGATGGTGATGCATGTCTGTAGTTTCAGCTACTCGAAAGACTAAGGGAAGAGGATCGCTTGAGCCTGGGAGATCAAGGCTGTAGTGAGCAATGATTGTGCTACTGCACTCCAGCCTGGGCAACAGAGCAAGACCCTGTCTCTTAGAAAAAA","CCAGGTGTGGTGGCTCATGCCTGTAATCCTAGCAGTTTGGGAGGCCAAGGCAGGAGAATTGCTTGAACTTGGGAGTTCGAGACCAGCTTGGGCAACATAGTGAGACCCCCATCTCTACTTAAACAAAAAATTAGCTGAGGATGGTGATGCATGCCTGGAGTTTCAGCTACTGGAAAGACTAAGGGAAGAGGATTGCTTGAGCCTGGGAGATCGAGGCTGTAGTGAGCAATGATTGTGCTACTGCACTCCAGCCTGGGCAACAGAGCAAGACCCTGTCTCTTAAAAAAAA"
"KN294199v1","247203","247523","chr12","108982530","108982839","27","108735327","GCCGGTTGTGGTGGCTCACGCCTATAATCCCAACAATTTGGGAGGCCCAGGTGGGAGGATCACTTGAGCCCAGGAGTTTGAGACCAGCCTGGGTAACATAGCAAGACCCCATCTCTACTAAAAATCATTAAAAAAAAATTAGCTGGGTGGGGTGGGATGTGCCTGTAGTCCCAGCTACTCCAGAGGCTGAGACGGGAGGATCGCTCGAACCCAGGAGTTCAAGGCTGCAGTGAGCTATGATCATGCCATTGCATTCCAGCTTGGGCAACAGAGTGAGATCCTGTTTCAAAAAAACAAGAACAATATCAAAAAACAAGAAAA","GCCAGTCGTGGTGGCTCACGCCTGTAATCCCAACAATTTGGGAGGCCCAGGTGGGAGGATCACTTGAGCCCAGGAGCTTGAGACCAGCCTGGGCAACATAGCAAGCCCCTATCTCTACTAAAAATAATAAAAAAATTATTTAGGGTGGGGTGGGATGTGCCTGTAGTCCCAGCTACTCCAGAGGCTGAGACGGGAGGATCGCTCTAACCCAGGAGTTCAAGGCTGCAGTGAGCTATGATCATGCCATTGCATTCCAGCTTGGGCAACAGAGTGAGATTCTGTCTCAAAAAAACAAAACAAACAAGAACAA"
"KN294199v1","332683","332961","chr4","38734873","38735151","50","38402190","GTGGTTCAAGCCTGTAATCCCAGCACTTTGGGAGGCCAAAGCAGGTGGATTGTTTGAGCCCAGGAGTTTGAGACCAGCCTGGACAACATAGCAAAACCCCGTCTCTACCAAAAATACAAAAAATTAGCCAGGTGTGGTGTCATGTGCCTGTAGTCCAAGCTACTCGGGAGGTTGAGGTGAAAGAATCAGCTGAGCCCAGGAGGTTGAGACTGCAGTGAGCCATGATTGTGCCACTGCACTCGAGCCTGGGTAACTGGAGTGAGAGCCTGTCTCAAAAAA","GTGGTGTCTCATACCTGTAATACCAGCACTTTGGGAGGCCAAGGCAGGTGGATTGCTTAAGCCTAGGAGTTCAAGACCAGCCTGGGCAACATGACAAGACCCCGTCTCTATTAAAAATACAAAAAATTAACCAGGTGTGGTGGTGCACACCTGTAGTCCCAGCTACTCAGGAGGCTGAGGTGGGAGGATCACCTGAGCCCAGGGAAGTCAAGGCTGCAATGAGCAGTGATCGTGTCACTGCACTCCAGCCTGGGCAACAGAGTGAGACCCTGTCTCAAA"
"KN294199v1","342523","342814","chr12","108888720","108889019","33","108546197","GGTTGGGCTCTGTGGCTCATGCCTGTAATCCCAGCACTTTGGGAGGCCGAGGCAGGAGGACTGCTCAAGCCCAGGAGTTTGAGACCAGCCTGGGCAACACAGTGAGACCCTAACTCTATAAGAAATTTAAAAATTTGCGGGATATGGTGGCGCACGCCTGCAGTCCCAGCTACTATGGAAGCTGAGGCAGGAGGATCACTTGAGCCCAGGTGTTGTAGGGTGCAGTGAGCTTTAGTGCACTCCAGCCTGGGTGACAGAGCAAGACCCTGTCTCAAAAAATAAATAAATAAAA","GGTTGGGCTCTGTGGCTCACGCCTGTAATCCCAGCACTTCAGGAGGCTGAGGCAGGAGGACCACTCGAGCCCAGGAGTTTGAGACCAGCCTGGGCAACATAGTGAGACCCTATCTCTCCAGGAAATTTTAAAATTGGCTGGATACGGTGGCACATGCCTGCAGTCCTAGCTACTGTGGAAGCTGAGGCAGGAGGATCGCTTGAGCCCAGGAGTTGGAGGGTGCAGTGAGCTTTATTGAACGACTGCACTCCAGCCTGGGTGACAGAGCAAGACTATGTCTCAAAAAATAAATAAATAAAA"
"KN294199v1","343414","343724","chr12","108887814","108888124","24","108544400","GGTCAGGTGTCGTGGCTCATACCTGTAATCTCAGCACTTTGGGAGGCTGAGGCTGGAAGATTGCTTGAGCCCAGGAGCTATAGACCAGCCTGGGTAACAAAGTGAGACCTCCATCTCTACAAAAAATACAGAAATTAGTCGGGCGTAGCGGTGTTGCCTGTAGTCCCAGCTACTTAGGAGGCTGAAGTGGGAGAATCACTTGAGCCCAGGAGTTTGAGGTTGCAGTGGGCTGTGATTTCACCACTGCGCTCTAGCCTGGGTGACAGAACAAGACCCTGTCTTAAAAAATAAAAATAAAAATAAAAAAACAA","GGCCAGGTGTCGTGGCTCATACCTATAATTCTAGCACTTTGGGAGGCTGAGGCTGGAAGATCGCTTGAGCCCAGGAGCTTTAGACCAGCCTGGGTAACAAAGTGAGACCTCCATCTCCACAAAAAATACAGAAATTAGTCAGGCGTAGTGGCGTGTGCCTGTAGTCCCAGCTACTCAGGAGGCTAAAGTGGGAGAATCACTTGAGCCCAGGAGTTTGAGGTTGCAGTGGGCTGTGATTACACCACTGCACTCCAGCCTGGGTGACAGAACAAGACCCTGTCTCAAAATAAATAAATAAATAAAAATAAAAA"
"KN294199v1","355608","355734","chr1","163617674","163617798","21","163262066","CCAAGCGTGGTAGCTCGCACCTGCAATCCCAGCACTTTGGTAGGCTGAGGAAGGAGGATCACTTGAGCTCAGGAGTTTTAGACCAGTCTGGGCAACATAGTGAAACCTTGTCTCTATTCTAAAAAAT","CCAGGCGTGGTGGCTCATGCCTGTAATCCTAGCACTTTGGGAGGCTGAGGCAGGAGGATTACTTGAGCCCAGGAGTTCAAGACCAGCCTGGGCAACATAGTGAAATACTAGTCTCTGTCAAAAAT"
"KN294199v1","361411","361716","chrX","133672214","133672519","53","133310803","GGCCAGGCATGGTGGCTCACATCGGTAATCCTAACACTTTGGGAGGCTGACGTGGGAAGATAGCTTGAGCTCAGGAGTTCAAGACCAGCCTGGGCAACATAGTGAGATCTCATCTCTACAAAAATAGAAAAAAATTAGCTGGGCATGGTGGCATGGGCTTGTAGTCCCAGCTACTTGGGAGACTGAGGCAGGAGGATGACTTGAGCCCAGGAGATCGAGGCTGCAGTGAGCTATGATTATACCACCGAGCTCCAGCCTGGGCAACAGAGCAAGACGTCTCAAAACAAAACCAAAACAAACAAAAAA","GACCAGGCATGGTGGCTCACACCTGTAGTCCTAGCACTTTGCGGGGCTCATGCAGGAGGATTGCTTGAGCCCAGGAGTTCGAGACCAGCCTGGGCAACATAGTGAGACCTCATCTCTACAAAAAAATTAAACATTAGCCAGGTATGGTGGTGCATGCCTATAGTACCAGCTACTCGGGAGGCTGAGACACGAGAATATCTTGAGCCCAGGAGGTCAAGACTGCAGTAAGCCATGATTGTGCCACTGAGCTCCAGCCTGGGCAACAGAGCAAGACCGTGTCTCAAAACAATACAAAACAAAACAAAA"
"KN294199v1","391106","391414","chrX","5605247","5605542","61","5214141","GGCCAGGCATGGTGGCTCATGCCTGTAGTTCCAGCACTTTGGGAGGCCAAGGCAAAAGGATTGCTTGAGCCCAGGAGTGTGAGACCAGCCTGGACAAAATAGTGAGACTCCATGTCTACAAAAAAAAAGAAGAAAGAAAAGGAAAAATTAGCTGGGCATGACTGTGCATGCCTGTCACCCCAGCTACTTGGGAGACTGAGGCGGGAGAATCATTTGAGCCCAGGAGCTCAAGGCTGCAGTGAGCTATGATCGCACCACTACACTCCAGCCTGGGTGACACACCAGACCCTGTCTCAAAAATAAATAAAA","GGCGTGGTGGCTCATCCCTGTAATCCCAGCACTTTTGGGAGGTCGAGGCAGGAGGATTACTTGAGCCCAGGACTTTGAGACCAGCCTGGGCAACATAGTGAGACCTCATCTCTTAAAAAAAAAAAAAAAAAAAAAGTTAGCCAAGCATGCTGGTGCCTGCCTGTAGTCCCAGCTACTTGAGAGGCTGAGGCTGGAGGATCATTGAGTCCCGCAGTTGGAGGCTGAAATGAGCTGTGATTGCACCACTGCACTCCAGCCTGGGTGACAGAACAAGACCCTGTCTCTAAATAAATAAA"
"KN294199v1","411982","412258","chr11","18971068","18971351","60","18559086","GGCTCACACCTGTAATTCCAGCACTTTGGGAGGCAAAAGGGGGAGAATTGCTTATACTCAGAAGTTCGAGAACAGCCTGGGCAACATAGTGAGACCCCATCTGTACAAAATGTAGAAAAAATTAGCATGCCTGTGGTCCCAGCTACTTAGGAGGCTGAGGCAGGCGAGTCGCCTGGGCCCGGGTAAGTCAAAGCTGCAGTGAGCTGTGATCACACCACTGCATTCCAGCCTGGGCAACAGAGCGAGGCCCTGTCTCTAAAATAAATAAATAAATAAA","CACAGTGGCTCACACCTGTAATCCCAGCACTTTGGGAGGCTGATGTGGGAGGATTGCTTGAGCCCAGGAGTTTGAGACCAGCCTGGGCAACAAAGTGAGATCCCGTCTCTACAAAAAGTTGAAAAATTAGCCAGACATGGTGCCTGTGATCCCAGTTACTCAGGAGGCTAAGGCTGGAGGATCACCTGAGCCCGGGAGGTCAAGGCTGCAGTGAGCTGAGACCACGCCACTGCACTCCAGCCTGGGCAACAGAGTGAGATCCTGTCTCAAAGAAAAAAAAAAAA"
"KN294199v1","413689","414011","chr12","108864413","108864714","32","108450724","GCTGAGCATGGGGGCTCATGCCTTTAATCCCAGCACTTTGGGAGGCCAAGGCAGGTGAATCACTTGAGCTCAGGAGTTCAAGACCAGCCTGGGCAACATGATAAGACCCCATCTCTATAAAAAATACAAAAAAGTAGCCTGATGAAGTGGTGATGTGTGCCTGTGGTCCCAGCTACTCAGGAGGCTAAAGTGGGAGGATCACTTGAGCCTGCAGGGGTGGAGGGTTGCAGTGAGCGAAAATTGTGCCACTGCACAATCCTGCTCCAGCCTGGGCAACAGAATGAGACCCTCTCTCAAAAAAAAAAAAAAAAAAAAAAAAAAAA","GCTGAGCATGGTGGCTCATGCCTTTAATCCCAGCACTTTGGGAGGCTGAGGCGGGTGAATCACTTGAGCTCAGGAGTTCAAGACCAGCCTGGGCAAATGGTAAGACCCCATCTCTATAAAAAATACAAAAAAGTAGCCTGACTTGGTGTGCCTGTGGTCCCAGCTACTCAGGAGGCTGAAGTGGGAGGATCACTTGAGCCTGCAGGTGTGGAGGGTTGCAGTGAGCGAAGATTGTGCCACTGCACAATCCTGCTCCAGCCTGGGCAACAGAGTGAGAGCCTCTCTCAAAAAAAAAAAAAAAA"
"KN294199v1","423616","423923","chr12","125163839","125164147","49","124740223","GGCGCAGTGGCTCACACCTGTAATCCCAACACTTTGGGAGGCCAAGGCGGGAGGATCACTTGAGCCTGGAAGTTTGACATCAGCCTGAGCAACATAGCAAGACCCTCTCTCTGAAAAAATAAAATAAAAATTAACCAGGCTGTGGTGGTGCACACCTGTAGTTCCAGCTACTCAGAAGACTGAGACAGGAGGATCACTTAAGCCCAGGAGTTGAAGGCTGCAGTGAGCCATGATCATGCCACTGCACTCCAGCCTGGGCAACAGAGCAAGACCCTATCTCAAAAAAAAAAAAAAAAAAAAAAGAAGAA","GACTAGACGCAGTGGCTCATGCCTGTAATCCCAACACTTTAGGAGGCCATGGCAGGAGGATCTCTTGAGCCCAGAAGTTTGAGACCAGCCTGGACAACATAGCAAGACCCTGTCTCTACCAAAAATACAAAAATTAGCCAGGCATGGTGGCACGTGCCTGTAGTCCCAGCTACTCAGGAGGCTGAGGTAGGAGGATCCCTTGAGCCCAGGAGTTCGAGGCTGCAGTTGAGCCATGATCACGCCACTGCAGTCCAGCCTGGGCAACAGAGTGAGACCCTGTCTCAAAAAAAAAAAAAAAAAAAAAAAAAA"
"KN294199v1","588241","588535","chr12","108693629","108693934","28","108105388","GGCTGGGCATGGTGGCTCATCCCTGTAATCCCAGCACTTTGGGAGGCCAAGGCAGGACGATTGTGTGAGCTAAGGAGTTCAAGACCAGCCTGGGTAACATAGCAAGACCTTGTCTCTATTTAAAATTTTAAAATTTAAAAAATTAGTTGTGTGTGTTGGTACATGCCTATAGTCTCAGCTACTTGGGAGGCTGAGGCAGGAGCATCACTTGAACTGGAGAGATGAAGGCTGCAGTGAGCTGTGATTGTACTACTGCCCTCCAGCCTAGGCAACAGAACGAGATCCTGTCTCAAAA","GCTGGGCATGGTGGCTTGTACCTGTAATCCCAGCACTTTGAGAGGCCAAGGCAGGAGGATTGTGTGAGCTCAGGAGTTCAAGACCAGCCTGGGTAACATAGCAAGACCTTGTCTCTATTAAAAATTTTAAAATTAAAAAAAATAGTTGAGTGTGTTGGTACATGCCTATAGTCTCAGCTACTTGGGAGGCTGAGACAGGAGGATCACTTGAACTGGAGAGATGAAGGCTGCAGTGAGCTGTGATTGCACTACTGCCCTTCAGCCTAGGCAACAGAATGAGATCCTGTCTCAAAACAACAACAACAA"
"KN294199v1","593810","594115","chr12","108688331","108688628","35","108094521","GGCCAGGTATGGTGGCTTATGCCTGTAATCCCAGCACTTTGAGAGGCCGAGGTAGGAGGATTGCTTGAGCTTAGGAGCTTGGGACCAGCCTGGCCAACACAGTGAGACCTCTGTCTCTACAAAAAATACAAAAATTCACCGGGTATGGTGGTGTGTGGCTGCACTCCAAGCTCCTCAGGAGGCTGAGGCAAGAGGACTGCTTGAGCCTAGGAGTTTGAAGCTGCAGTGAGCCTTGATCGCACCACTGCACTCCACTCCAGGCTGGGTGACAGACTGAGACCTTATCTCAAAACAACAAAACAACAA","GGCCAGGTCTGGTGGCTTATGCCTGTAATCCCAGCACTTTGAGAGGCCGAGGTGGGAGGATTGCTTGAGCTTAGGAGTTTGAGACCAGCCTGGCCAACACAGCGTAGACCTCCATCTCTACAAAAAATACAAAAATTCACCAGGTGTGGTGGCATGTGGTTGTGTACTCCAAGCTACTCAGGAGGCTGAGGCAAGAGGATTACTTGAGCCTATGAGTTTGAAGCTGCAGTGAGCCTTGATTGCACCGCTGCACTCCACTCCAGGCTGGGTAACAGACTGAGACCTTACCTCAAAACAA"
"KN294199v1","598361","598432","chr12","108684002","108684073","1","108085641","GGCTGGGTACAGTGGCTCATGCCTGTAATCCCAGCACTTTGGGAGGCTGAGGTGGGAGGATTACTTGAGCCC","GGCTGGGTACAGTGGCTCATGCCTGTAATCCCAGCACTTTGGGAGGCTGAGGTGGGAGGATCACTTGAGCCC"
"KN294199v1","609532","609657","chr12","108673047","108673171","10","108063515","GGCCAGGTACAGTGGCTCACGCCTGTTATCCTAGCAGTTTGGGAGGCCAAGGCAAGTGGATCGCTTGAGCTCAGAAGTTTGAGACCACTCTGGGCAACATAGTGAAACCTCATCTCTACAAAGAAT","GGCCAGGTACAGCGGCTCACGCCTGTAATCCTAGCATTTTGGAGGCCAAGGCAAGTGGCTCACTTGAGCTCAGAAGTTTGAGACCACTCTGGGCAACTTAGTGAAACCCCATCCCTACAAAAAAT"
"KN294199v1","612232","612505","chr7","2391375","2391657","58","1779143","GGGCGCAGTGGCTCAGGCCTGTAATCCCAACACTTTGGGAGGCCGAGGTGGGAGGATCTCTTGAGCTCAGGAGTTTGAGGCCAGCCTGGGCAACACAGCAGGACCTCATCTCTACAAAAAAATGTTAAAAATTTAACTGGGCATGGTGGCACGTGCCTGTAGTCTCAGCTACGTGGGAGGTTGAGCCCGGGTCCATGCTGCAGTGAGCCGTGGACCGCCCCACTGCACTCCAGCCTGAGCGACAGAGCAAGAGTCTGTCTCAAACAAACAAAAA","GGCCAGGTACAGTGGCCCACACCTGTAATCCCAGCACTCTGGGAGGCCGAGGTGGGAGGATTGCTTGAGCCCAGGAGTTCAAGACCAACCTGGGCAACATGGCGAGACCTTGTCTCTATAAAAATAAAAATAAAAAATTAGCTGGGCATGGTGGCATGTGCCTGTAGTTCCAGCTACTTGGGAGGCTGAGGCGGGAGGACGGAGGCAGCAGTGAGCTGTTAACTGCCCTGCTGCACTCCAGCCTGGGTGACAGAGCAAGACCCTGTCTCAAAAGAAAAGAAAA"
"KN294199v1","619070","619202","chr12","108663261","108663393","9","108044191","GGCTGGACATGGTGTATCACGCCTATAATCCCAGCACTTTCAGAGGCTAAGGTAGGAGGCTTGCTTGACCCCAGGAGTTCAAGACCAGCCTGTGTAACATAGTGAGACCCCATCTCTACAAAACATTAAAAAA","GGCTGGGCATGGTGCATCACGCCTATAATCCTAGCACTTTCGGAGGCTAAGGTAGGAGACTTGCTTGAGCCCAGGAGTTCAAGACCAGCCTGTACAACACAGTGAGACCCCATCTCTACAAAACATTAAAAAA"
"KN294199v1","754759","754888","chr1","225532352","225532483","20","224777593","GGCTGGGTGCGGAGGCTCATGCCTGTAATCCCAGCATTTTGGGAGGCCAAGTCCAGACGTCGCTTGAGACCAGGAGTTCAAAACCAGCCCTGGCAACATTGCGAGACCCCCATCTCTACAAAAACAAAAA","GGCTGGGTGTGGTGGCTCACGCCTGTAATCCCAGCACTTTGGGAGGCTGAGGTGGGAGGATCACTTGAGTCCAGGAGTTCAAAACCAGCCTAGGCAACATAGTAAGACCCCCATCTCTACAAAAACAAAAAT"
"KN294199v1","811165","811443","chr12","108481637","108481930","46","107670472","GGCTGGGCACAGTGGCTTATGCCTATAATCCCAGCACTTTGGGAGGCGAAGGCGGGAGGATTGCTGGAGCCCAGGAATTTGAGATCAGCCTGGGCAACGTAGCATGACCCTGTCTCTACAGAAAAAAAAAATTAGTCGGGCTTGGTGGCACGTGTCTGTGTGTCTGTAGTCCCAGCTACTCCAGAGGTGAAGCCCAGGAGGTCAAGGCTGCAGTGAGCTGTAATCATGCCACTGCATTCTCGCCTGAGTGACAAAGCAAAACCCTGTTTCTTTAAAAAA","GGCTGGGCACAGTGGCTTATGCCTATAATCCCAGCACTTTGGGAGGCCAAGGCTGGAGGATTGCTGGAGCCCAGGAGTTTGAGATCAGCCTGGGCAACGTAGCACAACCCTGTCTCTACCAAAAAAAAAAAAAAAAAAAGCTGGGCTTGGTGGCATGTGTCTGTAGTCCCAGCTTCTCCAGAGGCGAAGGTAGGAGGATTGTTTGAGTCCAGGAGGTCACGGCTGCAGTGAGCTGTAATCATGCCACTGCATTGTCACCTAAGCGACAAAGCAAAACCCTATTTCTTAAAAAAA"
"KN294199v1","981705","981988","chr12","108306172","108306469","26","107324467","ATCCCAGCACTTTGGGAGGCTAAGGCTGGAGGATCACTTGAGCTCAGGACTTCGAGTGCAGCCTGGACAACCTAACAAGACCCCTGTCTCTACAAAAAAAAAAAAATTAATTAATTACCTGGACATGGTTGCTGGTGCGTGTAGTCCTAGATTCTCCAGAGGCTAAGGCAGGAGGATCACTTGAGCCCAGGAGTTTGAGGTTGCAGTGAGCTATGATTTCACCACTATACTCCAACCTGGGCAACAAAGTGAGACCCTGTCTCTAAATAATAAATAAATAAAAA","ATCCCAGCACTTTGGGAGGCTAAGGCTGGAGGATCACTTGAGCTCAGGACTTCGAGTGCAGCCTGGACAACATAACAAGACCCCTGTCTCTACAAAAAAAAAAAAAAAAAAAAAAAATTAATTACATGGGCCTGGTTGCTGGTGCGTGTAGTTCTAGATTCTCCAGAGGCTAAGGCAGGAGGATCACTTGAGCCCAGGAGTTTGAGGCTGCAGTGAGCTATGATTTCACCACTGCAGTCCAGCCTGGGCAACAAAGTGAGACCCTGTCTCTAAAAAATAAATAAATAAAAAATAAAAA"
"KN294199v1","1112226","1112541","chr12","108178899","108179212","20","107066673","GGCTAGGCACAGTGACTCATGCCTGTAATCCCAGCACTTTGGGAGGCCAAGGTGGGAGGATAGTATGCTCCCAGGAGTTCGAAACCAGCCTGGGCAACATAGTGAGACGCCATTCTCTACAATAAAAATTAAAAAAAAATTTAGCTAGGCATGGTGGCGTGCACCTGTAGTCCAAGCCACTTGGGGGACTGAGGCGGGAGGATTGCTTGAGCTAGACGGTTGAGGCTGCAGTGAGTGATGATCATGCCACTGCACTTCAGCCTGGATGACAGAGTAAGACCCTGTCTCTTGACAAAAAAAGAAAAGAGGAGAAAAA","GCTAGGCACAATGGCTCACGCCTGTAATCCCAGCACTTTGGGAGGCCAAGGTGGGAGGATAGCTTGCTCCCAGGAGTTCGAAACCAGCCTGGGCAACATAGTGAGACCCCATTCTCTACAATAAAAAATTAAAAAAAAATTAGCCAGGCATGGTGGCATGCACCTGTAGTCCCAGCCACTTGGGGGGCTGAGGCGGGAGGATTGCTTGAGCTAGAAGGTTGAGGCTGCAGTGAGCTATGATCATGCCACTGCACTCCAGCCTGGATGACAGAGTGAGACCCTGTCTCTTGACAAAAAAAGAAAAGAAGAGAAAA"
"KN294199v1","1208444","1208710","chr12","108086314","108086601","45","106877870","CGGGTATGGTGGCTCATGCCTGTAATTCCAGCACTTTGGGAGGCCAAGGCGGACTAATTGCTTGAGCTCAAGAGTTTGAGACCAGCCTGGGCAATGTGGCAAAACTCTGCCTCTACAAAAAAAAAATACAGAAATTAGCCGGGTGTGGTGCTGAACATTCTTGGGGAGCTGAGACGGGTCAAGGCTGCAGTAAGCTATGACCACACCACCGCATCCCACCCTGGGAGACCAAGTGGGACCCTGTCTCAAAAAAAGAAAAGAAAAAGA","CGGGTATGGTGGCTCATGCCTGTAATTCCAGCACTTTGGGAGGCTGAGGCAGGCTAATTGCTTGAGCTCAAAAGTTTGAGACCAGCCTGGGCAATGTGGCAGAACTCTGCCTCTACAAAAAAATTACAGAAATTAGCTGGGTGTGGTGCTGCACACCTGTGGTCCCAGCTTCTTGGGGAGCTGAGATGGGTCGAGGCTAAAGTGAGCTATGATCACACCACTGCACCCCAGCCTGGGAGACAAAGTGAGACCCTGTCTCAAAAAAAAAAAAGAAAAAAGAAAAGAAAA"
"KN294199v1","1331293","1331426","chr5","34604244","34604378","27","33272951","CCCGGTGCCGTGGCTCACGACTGTAATTCCAGCACTTTGGGAGGTCGAGGCGGACAGACTGCTTGAGCCCAAGAATTCGAGATGAGCTTGGGCAACATGGTGAAACCCCATTTTTACACAAAATATAAAAATTA","GGCAGGGCATGGTGGCTCACACCTGTAATCCCAGCACTTTGGGAGGCTGAGGCTGGCAGATTGCTTGAGCCCAGGAGTTTGAGACCAGCCTGGGCAACATGGTGAAACCCCGTCTCTACAAAAAATACAAAAATT"
"KN294199v1","1331427","1331721","chr12","107963541","107963829","30","106632114","GCTAGTCACGGTGGCATGCACCTGTAATCCCAGGTATTCAGAAGACTGAGGTGGGAGGATTACTTGAACCCAGGTGTTTGAGATGAGCCTAGGCAGCATGACAAGACCCTGTTTCTACAAAAAATAGAAAAATTAGCCAGGGGTGGTGGCATGTGACTGTAGTCCCAGCTATTCAGGAAGCTGAGGCTAAGAGGATTGCTTGAGCCCAGGAATTCAAGGCTGCAGTGGGCTGTGATTGCACCACTGTACTCCAGCTTGGGCAGCAAAGTGAGATCCTGTTTGCTAAAAAGACAAA","GCCAGGCATGGTGGCATGCACCTGTAGTCCCAGCTATTCAGGAGGTGGGAGGATTACTTGAGCCCAGGTGTTTGAGATGAGCCTAGGCAATATGGCAAGACCCTGTTTCTACAAAAAATAGAAAAATTAGCCAGGGGTGGTGGTATGTGCCTGTAGTCCCAGCTACTCAGGAAGCTGAGGCTAAGAGGATTTCTTGCGCCCAGGAGTTCAAGGCTGCAGTGAGCCGTGATCGCACCACTGCACTCCAGCCTGGGCAGCAAAATAAGACCCTGTCTGCTAAAAAGACAAA"
"KN294199v1","1391867","1392151","chr12","107904918","107905188","30","106513051","GGCCGGATATGTGGTGGCTCATGCCTGTAATCCTAGCATTGAAGGAAGCTGAGGCAGAAGGATTGCTTGATCCCAGAAGTTTGAGACCAGCCTGGGCAACATAGTAAGACCTTATTTGTACTAAAACTTAAAAAGAAATTAACCAGGTGTGGTTATGCTATAGTCTCAGCTACTCAAGAGGCTGAGGCGAGAGGATTGCTTGAGTCCAGGAGATCGAGGCTGCAGTGAGCTGTGATTGTACCACTGCGCTCCAGCCTGGGTGACAGAGGGAGACCCTGTCCCAAA","GTGGTGGCTCATGCCTGTAATCCTAGCATTGTGGGAGGCTGAGGCAGGAGTATTGCTTGATCCCAGGAGTCTGAGACCAGCCTGGGCAACATAGTAAGACCTTATTTCTACTAAAACTTAGAAATTAGCCAGGTGCGGTTGTGCTATAGTCTCAGCTACTCAAGAGGCTGAGGCAAGAGGATTGCTTCAGTCCAGGAGATCGAGGCTGCAGTGAGCTGTGATTGCACCACTGCACTCCAGCCTGGGTGACAGAGGGAGACCCTGTCTCAAA"
"KN294199v1","1428993","1429277","chr12","107866625","107866907","13","106437632","GCCAGACATGGTGGCTCACGCCTATAATCCCAGCACTTTGGGAGGCCAAAGTGGGAGGGTCACTTGAGCTCAGGAGTTTAAGACCAGCCTGAGCAACATAGCAAGACCTTGTCTACTAAACATAAAAAAATAATAATAACCTGGCATGGTGGCAGGTGCCTGTAGTCCCAGTTCTTCGGGAAGCTGAGGAAGGAGAATCACTTCAGCCCAGAAGGTTGAGGTGGCAGTGAGCTGTGACAGTGCCACTGTACTCCAGCCTGGGTAACAGAGTGAGACCTGTCTCAA","GCCAGACATGGTGGCTCACGCCTGTAATTCCAGCACTTTGGGGGGCCAAAGTGGGAGGGTCACTTGAGCTCAGGAGTTTAAGACCAGCCTGAGCAACATAGCAAGACCTTGTCTACTAAAAATAAAAAAAAATTAACCTGGCATGCTGGCAGGTGCCTGTAGTCCCAGTTCTTTGGGAAGCTGAGGAAGGAGAATCACTTCAGCCCAGAAGGTTGAGGTGGCAGTGAGCTGTAACAGTACCACTGTACTCCAGCCTGGGTAACAGAGCGAGACCCTGTCTCAA"
"KN294199v1","1565799","1566067","chr12","107684408","107684689","58","106118609","GGTGCAGTGGCTCTCACCTCAGCACTTTGGGAAGCTGAGGTAGGAGGATCAGTTGAGCCCAGGTGTTTGAGACAATCCTGGGCAATAAAATGAGACCCTGTCTCTACAAAAAATAAAAAAATTAGCTGGGCATGGTGGTATGCATGTGTAGCTCCAGCTACTGTGCCCGGGAGTGTGAGGTTGCAATGAGCTAAGATTGTGCCACTGCACTCCAGCTCAGGTGACAGAGGGAGACCCTATCTCAAAAAAAAAAAAAAAAAAAAAAAAAA","GTGCAGTGGGTCTCGCCTCAGCACTTTGGGAAGCTGAGGTAGGAGGATCGCTTGAGCCCAGGAGTTTGAGACCATCCTGGGCAACAAAGTGAGACCCTGTCTCTACAAAAAATAAAAAAAAATTAGCTGGGCATGGTGGTATGCACGTGTAGCCCCAGCTACTTGGGAGGCTGAGACAGGAGGATAGCTTGTGCCCAGGAGTATGAGGTTGCAATGAGCTAAGACTGTGCCACTGCACTCCAGCTCAGGTGACAGAGAGAGACCCTATCTCAAAAAAAAAAA"
"KN294199v1","1582113","1582238","chr8","43428984","43429110","19","41846871","GGCTGGGTATGGTGGTTCACGCCAGTAAACCCAGCAGTTTGGGAGGCTGAGGTGGGAGGATCACTTGAGCCCAGGAGTTCAAGACCAGTCTGGGGTAACATAGTGAAATCCCGTCTGTTTAAAAAA","GGCCAGGCATGGTGGTTCACGCCTGTAATCCCAGCACTTTGGGAGGCTGAGGTGGGAGGATCACTTGAGCCCAGGAGTTCAAGACCAGCTTGGGCAACATGGCAAGACCCTGTGTCTATTTAAAATA"
"KN294199v1","1616399","1616713","chr6","157462525","157462829","70","155846126","GGCTGGGCGTGGTGGCCCACACTGTAATCCCAGGACCTTGGGAAGCTAATGTGGGAACATCGCTTAAGCCCAGGAGTTCAAGACCAGCCCAGCCAACATAGCAAAACTCTGCCTTTACAAAAAAGGCAAAACTTAGCCAGGCATGGCAGCATGAGCCTATAGTCTCAGCTACTTGGGAAGCTGAGGTAGGAGAATAAGAGGATCTCTTGAACCCAGGAGTTTGAGGCTGCAGTGAATTATAATCATGCCACTGCACTCCAGTCTTGGGAGACAGAGCAAGACCTTACCTCTTAAAAAAAAAAAAAGAAAAAAAAA","GACTGGGCGTGGTGGCTCACACCTGTAATCCCAGCACTTTGGGAGGCCCAGGTGGGAGGACCACTTATGCCCAGGAGTTCAAGACCAGCCTGTGCAAGATAGTGAGACCCAGTCTCCACAAAAAAAGGAAAAAGTTAGCCAGGCATGGTGGTGTGTGCCTGTGGTCCCAGCTACATAGGATTCTGAGGTGGGAGGAGGATGGCTTGAGCCCAGGAGTTTGAGGCTGCAGTGAGCCATGTTCATGCCACTGCATTTCGCCTTGGGCGACAGAGCAAGACCCTGTCTCAAAAAAAAAAAAAAAAAAA"
"KN294199v1","1622189","1622319","chr12","80807762","80807893","28","79185573","GGCCAGGTGTGGTGGCTCACACCTGTAATACAGCACCTAGCACTTTGGGAGGTCAAAGCAGGATTGCCTGAGCCCAGTTCAGGACAGCCTGGGCAACACAGTGAGACCCTGTTTATATATGAAAACAAAAA","GGCCAGGCGTGGTGGCTCACGCTTGTAATCCCAGCACTTTGGGAGGCCAAAGTGAGTGGATTACCTGAGCTCAGGAGTTCGAGAACAGCCTGGGCAACACAGTGAAACCCTGTCTCCAATAAAATACAAAAA"
"KN294205v1","1048517","1048632","chr13","20705417","20705539","14","19656900","GCTGTGGCTCACACCTGTAATCCCCACACATTCCAATGCTGAGGCAGGAGAATCACTTCAGCCCAGGAGTGAGACCAGCCTGGGCAACATAGTGAGGTCCAGTCTCTGTAAAAAAT","GTTGGATGCAGTGGCTCACACCTGTAATCCCCATACATTCCAATGGCGAGGCAGGAGAATCACTTTAGCCCAGGAGTGAGACCAGCCTGGGCAACATAGTGAGGTCCAGTCTCTACAAAAAAT"
"KN294205v1","95302","95408","chr13","21692782","21692901","23","21597480","GGCTCCTGCCTCTAATCCGAGCACTTTTGAAGGCTGAGGTGGGTGGATCACTAAGGCCCAGAAGTTCGAGATCGGCCTGGGCAACATGGTGAGAGCCCGTCTCTACA","GGCCAGATACGGTGGCTCCTGCCTGTAATCCAAGCACTTTTGGAGGCTGAGGTGGGCAGATCACTAAGGCCCAGAAGTTCAAGATCAGCCTGGGCAACATGGTGAGACCCCATCTCTATA"
"KN294205v1","355353","355696","chr7","40580128","40580440","107","40224775","GACTAGGTGCGGTGGTTCACACCTGTAATCCCAGTATTTTGGCAGATGCATAGTTTGAGCCTAGGAGTTTGAGACCAGCTTGGGCATACATTTTTAATCTTATATTTTTAATCAAATATATATTGACTAAGCAAGGCAACACCACAGATAACTTATCACTACCAAAAACACAAAATTTAGCCAGGCATGGTTGACATGCACCTGTGGTCCCAGTTACTCAAGAGGCTGAGGTGGGAGAATCACCTGAGCCCAGTAAGCTGAGACTGCAGTGAGCCATGATGGCGCCACTGCATTCCAGCCTGGGAGACAGGAGTGAAACGCTATCTGAAACAACAAGAACAAAA","GACTGAGTGCGGTGGCTCATGCCTGTAATCCCCGCATTTGGGAGGCCGAGGCAGGATCACTCGAGCCCAGGAGTTTTAGACCAGCCTGAGCAATATAGTGAGAACTTGTCTCTACAAATTAAAACAAACAAACAAAAACAACAACAACAACAAATTAGCTAGTCATTGGAGTGTGAACATGTGGTCCGTACTACTCGTGAAGCTGAGGTGAGAGGATTACTTGAGCCCAGGAAGTCGAGACTGCAGTGAGCTAATGACACCACTGCATTCCAGCCTGGTTGACAGAGTGAGACCCTGTCTCCAAAATAAAAAA"
"KN294205v1","374886","375167","chr13","21412448","21412731","37","21037562","GCCAGGCTTGGTGACTCATGCCTGTAACCCCAGCACTTTGTGGGAGCCAAGGCAGGAGGATTGCTTGAGCTCCAGATCTCAAGACCAGCCTAGGCAAAATAGGGAGACTCCCATCTCTACAAAAAAGTAAAAAATTTGCCAGGTGTTATGGTGCATGCCCGTGGTCCCAGCTACTTCGGAGGCTGAGGTAGGGGGAATTGCTTGAGAGTAGGAAGTTGAGGCTGCAGCAAGCCATGATCGCACCAGTATGCTCCAGCCTAGGTGACAGAGTGAGACCCTGTC","GCCAGGCTTGGTGGCTCATGCCTGTAATCCCAGCACTTTGGCGGGGCCAAGGCAGGAGGATTGCTCGAGCTCCGGATTTCAAGATCAGCCTAGGCAACATAGTGAGACCCCATCTCCACAAAAAGTAAAAAATTTGCCAGGTGTGGTGGTGCATGCCTGTGGTCACAGCTACTTGGCAGGCTGACGTAGGGGGAATTGCTGAGGCATAGGAGGTTGAGGCTGCAGGGAGCCATGATCGCACCACTGTGCTCCAGCCTAGGTGCGAGAGTTAGACCCTGTCTCAA"
"KN294205v1","428018","428140","chr3","136598904","136599027","19","136170886","GCCAGGCATAGTGGATTATGCCTATAATCTCAGCACTTTGGGACAGCAAGGCTGGAAGATGCTTGAGTCCAGGAGTTTAAGACCAGCCTGGCCAACATAGTGACACACTGTCTCTACAAAAAA","GCCAGGTAGAGTGGCTCACACCTGTAATCTCAGCACTTTGGGAGGCAGAGGCAGGAGGATGGCTTGAGCCCAGGAGTTTAAGACCAGCCTGGGCAACATGGTGAGACCCTTTCTCTACAAAAAA"
"KN294205v1","498962","499264","chr1","186022125","186022419","57","185523163","GGCCAGGCACGGTGGCTCATGTCTATAATGCCAGCACTTTGGGAGTTTGGGAGGTGGGAGGATTGCTTGAGCCTAGGAATTTGAGAGCAGCCTGGGCCACGTAGAGAGACCTCGTCTCTACACAAAATAAAAAATTAGCCAGACATGGTGGCATGCACCTATAGTCCCAGCTACTTGGGAGGCTGAAGTTGAAGGATCACTTGAGCCCAAGAGGTTGAGGCTTCAGTGAACTGTGATTGCACCATCACTGCACTCCAGCCCGGGCAACAGAGCAAGACCCTGTCTCAAAATAAAACAGAAAAA","GGCTGGGCACTGTGGCTCACACCTGTAATCCCAGCACTTTGGGAGGCTGAGACAGGAGGATTGCTTGAGCCCAGGAGTTTGAGAACAGCCTGGGCAACATGGCAAGATCCTGTCTCTCAAAAATTAAAAAATTAGCCAGCCATGGTGGTATGCACCTGTGGTCCCAACTACTCGGGAGGCTGAGGCGGGAGGATTGCTTGAGCCCAGGAGGTCGAGGCTGCAGTGAGCCGTGCTTGCACCACTGGACACTCCAGCCTGGGCAACAGAGCAAGACCCTGTCTAAAGAAAAGAAAAA"
"KN294205v1","522189","522286","chr7","85745703","85745804","16","85223514","GGCTGGGCGTGGTTGCTCATGCCTGTAATCCCAGCGCTTTGGGAGGCCAAGGCAGGAGGATCGCTTGAGCCCAGGACTTTCAGACTAGCGAGACATAG","GGCTGGGAGTGGTGGCTCATGCCTGTAATCTCAGCACTTTGGGAGGCCGAGGCAGGAGGATTGCTTGAGTTCAGGAGTTTAAGTCTAGCCTGGGCAACATAG"
"KN294205v1","614757","614983","chr13","21172106","21172329","19","20557349","ACCAGCCTGGGCAACACAGCAAGACTCCTTCTCTTAAAAAAGAAAATAATATTAGCCACGTGTGGTGGTACATGCCTGTAGTCCCAAATACTAATGCAGCTGAGGCAGGAGGATTGCTTAAGCCCAGGGGTTCAAGGCTGCAGTGAGCTATGACTGCATCACTGCACTCCAGCCTGGGAGATAGAATGAGACTCTGTCTCTAAAAATAAAAGAAAAAACAAAAGAAA","ACCAGCCTGGGCAACACAGCAAGACTCCTTCTCTTAAAAAAGAAAAAAAAATTAGCCACACGTGGTGGTACATGCCTGTAGTCCCAACTACTAAGGCGGTTGAGGCAGGAGGATTGCTTAAGCACAGGGGTTCAAGCCTGCAGTGAGCTATGACTGCACCATTGCACTCCAGCCTGGGAGAGAGAATGAGACTCTGTCTCTAAAACTAAAAAAGAAAAAACAAA"
"KN294205v1","994895","995165","chr19","5130734","5130999","56","4135839","GGCCTGGCACAGTGGCTCATGCCTATAATCCTAGCACTTTGAGAGGCTGAGGCTGGAGGATCGCTTAAGCCCAAAAGTTCGAGACCAGCCTGGGCAATATGCCAAAACCAGATTTCTATTAAAAAAATACAAAAATTAGCCAGGCATGGTGGTGCGCACCTGTAGTCCCAGCTACTCAGGAGGCTGAGGTTGCAGTGAGTTGAGATTGCACCACTCCACTCTAGCCTGGGCGACCGAGAAAGACTCCATCTCTAAACATAAAAGAAATAAA","GCCTGGCGCAGTGGCTACTGCCTGTAATCCCAGCACTTTGGGAAGCCAAGGTGGGAGGATCGTTTAAGCCCAGGAGTTCAACACCAGCCTGGGCAACATGGCAAAACCCCATCTCTACCAAAAATTAAAACATTAGCTGGGTGTGGTGGTGCACACCTGTAGTCCCAGCTACTTGGGAGGCTGGTTGCAGTGAGCTATGATCACGCCACTGCACTCTAGCCTGGGTGACAGAGTGAGACCCCATCTCAAGTAAAAAAGAAGGAAAA"
"KN294206v1","3919","4107","chr12","11579554","11579739","47","11575635","GGGCACAGTGGCTCATGCCTGTAATCCTAGCACTTCGGGAGGCAGAGGTGGATGGATTGCTTGAACTTAGGAATCTGGACCAGACTGAGCAACGTGTGAAAACCCCACCTCTACCAAAAATACAATTAGCTGGGTGTACTGGCGGGCAGCTGTGGTCCCAGCTACTCTGGAGGCAGAGGTGGGAGGATC","CTGGGCGCAGTGGTTCATGCCTGTAATCCCTACACTTCGGGAGGCCAAGATGGGTGGATTGCTTGAGCTCAGGAGTTCGAGACCAGCCTGGGCAACATGACGAAACCTCGTCTCTACAAAAAATATAAAAATTAGCTGTGTGTGGTGGTGCTCACCTGTGGTCCCAGCTACCTGGGGGGCTGAGAC"
"KN294207v1","149062","149364","chr2B","109085854","109086139","64","108936792","TAGCTCATGTCTGTAATCCCAGCACTTTGGGGGACCGAGGTGGGAGAATGGCTGAAGCCCAGGAGTTCAAGACGAGCCTGGGCAACATAGCGAGACCCCTCCATCTCTACAAAATTTTTTTTTAAAACTTAGCGAGGAGCGGCGGCGCATCTCTGTGGTCCCAGCTAGTTGAGAGGATGAAGCAGGAGGATCCCTTGTGCCCAGGAGATCAAAGTTGCAGTGAGCCGTGATTGTGCCACTGCACTCCAGCCTCCGTGACAGAGTGAGAACCTGTCTCAAAAAAAGAAAAAAGGAAGAAAAAAA","CTCATGCCTGTAATCCCAGCACTTTGGGAAACCAAGATGGGAGGATTGTTTGAGCACAGGAGTTTGAGACCAGCCTGAGCAACATAGCAAGACCCCATCTCTACAAAAATTTTTAAAAATTGGCTTGGCGTGATGGTGCGTGCCTGTAGTCCCAGCTACTGGGGAGGCTGAGGCAGGAGGATCGCTTGAGCCCAAGAGGTCAAGGCTGCAGTGAGCCATGATTGTGCCGCTGCACTCCAGCCTGGGTGATAGAGTGAGACCCTGTCTCAAAAAAAAAAAAAAAAAA"
"KN294207v1","195148","195251","chr9","43212232","43212332","34","43017084","CTTGCCAGGTGTGGTGGCAAGTGCCTGTAGTCCTAGCTACTTGGTAGACTTAAGCGGGAGGATCGCCACTGCACTCCAACCTGGGTGACAGAATGGGACCCTGT","GCCCAGCATGGTGGCTCATGCCTGTAATCCTAGCACTTTGGGAGGCTAGGGCAGGAGGACCACTTGAGACCAGCCTGGGCAACAGAGTGGGACCCCTCTCT"
"KN294207v1","195554","195696","chr1","71169438","71169578","25","70973884","GGCCCAGCATGGTAGCTCACGTCTGTAATCCCAGCACTTTGGGAGGCCAAGGCAGGATGATCGCTTGAGCCCAGGAGATCAAGACCAGTTTGGGCAACATAGCAAGACCCCATCTTTACAAAAAATAAAAACTAGCCAGGTAT","GGCCCGGTATGGTAGCTCACACCTGTAATCCCAGCACTTTGAGAGGCCAAAGCGGATAAATCGCTTGAGCCCAGGAGTTCAAGACCAGCCTGGGCAACATGGCGAAACCCCATCTCTATCAAACATACAAAAATTAGCCAG"
"KN294207v1","272373","272502","chr3","67402267","67402392","21","67129894","GACCGGGTGTGGTGGCTCATGCCTGTAATCCCAGTACCTGGGGAGGCCAAAGCGGGAGGATCACTTGAACTCGGGAGTTCGAGACCAGTGCAGGCAATACAGCGAAACCCCACCTCTACCAAAAACAAAA","GGCTGGGTATGGCGGCTCATGCCCATCCAGTACTTGGGGAGGCCGAAGAAGGAGGATCGCTTGAGCTCGGGAGTTCGAGACCAGCACGGACAATATAGCGAAACCCCATCTCTACCAAAAACAAAA"
"KN294207v1","483358","483668","chr12","43265366","43265675","63","42782008","GGCCGGGTGCAGTAGCTTTCGCCTATAATCCCAGCATTTTGGGGCTGAGGTGGGAGAGTTGCTTGAGCCCGAGAGTTCAAGACCAGCCTGGGTAACATGGCAAAAGTCCATCTCGACAAATAAATACAAAAATTAGCCTCACGTGTTGGCGTGCTCCTGTAGCCCCAGCTACTCAAGAAACTGAGGTGGGAGGATTGTTTGAGCCCTGGAGGTCGAGGCTGCAGTGAGCAAAGATCACACCATCGTACTCCAGCCTGGGAGGCAGAGTGAGACCCCCATCTCAAAAAAAAAAAAAAAAAAAAAAAAAAAAA","GGCCAGGTGCAGTGGCTTACGCCTATAATCCCAGCACTCTGGGAGGCTGAGGTGGGTGGATTGCTTGAGCCCAGGAGTTTGAGACCAATCTGGGCAAGATGGCAAAACCCATCTCTACAAAAAACACAAAAATTAGCCAAGTTTGGTGGTGTGTGCCTGTAGTTCCAGCTACTCGGGAGGCTGAGTTGGGAGGATCACTTGAGTCCAGGAGCTGGAGCTTGCAGTGAGCCGAGATGGCACCACTGCACTCCAGGCTGGGCAACAGAGTGAGACCCCATCTCAAAAAAAGAAAAAAAAAAGAAAAAGAAAA"
"KN294207v1","504309","504615","chr6","13944966","13945269","59","13440657","GGCTGGGTGCAGTGGCTCACACCTGTAATCCTAGTACTTTGGGAAGCTGAGGTGGGAGGATCACTTGAACTGAGGAGTTCAAGACCAGTCTGGGCAACATGGTAAGACCTTGTCTCTATTTAAAAAAAAAAAAAATTAATTATCTAGGAGTGGTGGTGCATGCCTATAGTTGCAGCCACTCAGGAGGCTGAGGAGGGAAAGTCGCTTGAGCCCAGGAGTTTGAGGCTGCAGTGAGCCACGATCATACCACTGCACTCCAGCTTGGGCAACAGAGCGAGATCCTGTCTGAAAAGAAAAGAAAAGAAAA","GGCTGGGTGCCGTGGCTCATGCCTGTAATTCCAGCACTTTGGGAGGCTGAGGTGGGAGGATAGCTTGAGCTCAGGTGTTCAAGTCCAGCCTGAGCAACATGGCAAGACGTTGTCTCTACTAAAGAAAAAAAAAATAGCTTGACTTGGTGGTGCATGCCTGTAGTGCCAGCTACTCGAGAGGCTGAGGCGGGAGGGCTGCTTGAGCTTAGAAGGTGGAAGCTGCAGTGAGCTATGATCGTGCCACTGTACTCCAGCCTGGGCAACAGAGCAAGATCTTGTCTCAAAAAGAAAAAGAAAAGAAAAA"
"KN294207v1","524888","525187","chr14","76552911","76553207","54","76028023","GGCCAGATATGGTGGCTTACGCCTGTAATCCCAGCCCTCTGGAAGGCCAAGGAGGGAGGATGGCTTGAGCCTAGGAGTTCAAGACCCGCTTGAGCAACATAGCAAGACCTGGTCTATACAAAACATTTTTTAAAAATTAGCTTGGCATGGTGGTGTGTGCCTGTAGTCCCAGCTACTTGGGAGGCTGAGGCAGGAGAATCCCTGGAGCCCAGGTGTTCGAGGCTGCAGTGAGCTATGATCGCATTACTGCTATCCAGTCTGGGTGACAGAGCAAGACCCTGTATCTAAAAGAAAAGAAAA","GGCCAGGCATGGTGGCTCATGCCTGTAATCCCAGTGGTATGGGAAGCCGAGGTGGGAGGATTGCTTGAGCCCAGGAGTTCAAGACCAGCCTGGGCAACATAGGGAGACCTCGTCTCTACAAAAAGTAAAAAATAAATTAGCTGGGCATGGTAGTGTGTGCCTGTAATCCCAGCTACTCAGGAAGCTGAGGCAGGAGAATCACTTGAGCCTAGGAGGTAGGCTGCAGTGAGCCATGATCGCGCCACTGCACTCCAGATTGGGTGACAGAGCAAGACCTGTCTCAAAAACAAAACAAAA"
"KN294207v1","581212","581342","chr7","95940109","95940240","16","95358897","GGCTGGGTGCAGTAGTTCATGACTGTAATCCCAGCACTTTGGGAGGCTGAGGCAGGAGAATTGCTTAAGCCTAGGAGTTCAAGACTAGCCTGGGCAACACAGCAAGACCCCATCTCTATAGAAAAACAAAA","GGCTGGGTGCAGTAGTTCACACCTGTAATCCCAGCACTTTGGGAGGCTGAGGCAGGAGGATCGCCTGAGCCCGGGAGTTTGAGACTAGCCTGGGCAACACAGCGAGAGCCCATCTCTATAAGAAATAAAAAA"
"KN294207v1","599055","599360","chr7","5339008","5339312","62","4739953","GCCTGGTGTGGTGGTGCACAGCCTATAGTCCAGCTACTCAGGAGGCCGAGGTAGGTGGATTGCTTGAGCCCAGGAGTTTGAGACCAGCCTGGGAATCATAGGGAGATACTGTCTCTATGAAAAATTAAAAAATTAGCTGGATGTGGTGGTACACACCTGTGGTCCCAGCTACTCAGGAGGCTGAGATAGGAGGATTGCTTGGATTTGCGAGTGGAGGCTGCAGTGAGCAGTGATTGTGCCACTGTAGTTCAGCCTGGGTGACAGAGCAAGACTCTGTCTTTTGTCAAAAAAAAAAAAAAAAAGAAA","GCCAGGTGTGGTGGTGCACACCTGTAGTCCCAGCTACTCTGGAGGATGAGGTGGGAGGAGCACTGGAGCTCAGGAGTTGGAGACCAGCCTGGGCAACATAGCAAGACCCCTTCTCTACAAAAAATTTAAAAACTAGCTGGGTGTGGTGGCATGCACCTGCAATCCCAGCTACTGAGGAGGCTCAGGCAGGAGGATCTCTTGAGCCTGGGAGTTCAAGGCTGCAGTGAGCCTTGATTGTGCCACTGTACTCCAGCCTGGGAGACACAGTGAGACCCTGTCTTTAAAAAAAAAAAAAAAAAAAAAAA"
"KN294207v1","627720","628004","chr3","67126530","67126828","35","66498810","CTGGGTGCAGTGGTTTATGCCTATAATCCCAACACTATGGGAGATCAAGCTTCCAGGAAGAATGATTGACCCAGGAATTTGAGACCAGCCTGAGCAACATAGCAAGACCCCGTTGCTTCCAAAAAATTTAAAAATTAGGGAGGCATGGTGGTGCATGTGTCTATAGTCCCAGTCACTCAGGAGGCTGAGGCAGGAGGATCGCTTGAGCCCAGGACTTACAGCAAGCTATGATGGTGCCACTGCACTCCAGCCTGGGAGAAAATCTCTTAAAAAAAAAAAACAAAA","GCTGGGTGCAGCGGTTTATGCCTGTAATCCCAACACTATGGGAGACCAAGCTTCCAGGAGGAATGATTGAGCCCAGGAGTTTGAGACCAGCCTGAGCAACACAGCAAGACCCGTCTCTATCAAAAAATTTAAAAATTAGGGAGGCGTGGTGGTGCATGTGCCTATAGTACCAGCCACTCAGGAGGCTGAGGCAGGAGGATCACTTGAGCCCAGGAGTTACAGCGAGCTATGATGGTGCCACTGCACTCCAGCCGGGGAGAAAGTCTCTTAAAAAAAACAAAAACAAAACAAAAAACAAA"
"KN294207v1","677263","677392","chr11","96119784","96119913","18","95442521","GACCAGACAGGGTGGCTCATGCCTGTAATCCCTGCACTTTGGGAGACTGAGGCAGAAGGATTGCTTGAGCCCAGGAGTTCAAGACCAGCCTAGTCAATATAGTGAGACCCTGTCTCTACAAAAAAATAAA","GGCCAGGCGTGGTGACTCACACCTGTAATCCCAGCATTTTTGGAGGCTGAGGCAGGAGGATTGCTTGAGCCCAGGAGTTCGAGACCAGCCTAGGCAATGTAGTGAGACCCTGTCTCTATAAAAAATAAAA"
"KN294207v1","700349","700630","chr15","68380129","68380402","62","67679780","TGTAGTCCCAGCACTTTGGGAGGCTGAGGTGAGAGGATTGCTTGAACCCAGGAGTTCTAGACCACCCTGAGCAATATAGTGAGCCGTGCCTCTACGAAAAATAATTGAAAAACATAGCCAGGCATGATGGCGTGTGCTTGTAGTCCCATCTACTCAGGAGGCTGAGGCAGGAGGATCTGTTGACCCAGGAGGTTGAGTCTGCAGTGAGCCATGATCATGCCACTTCACTCCAGCCTAAATGAGAGAGTGAAACCATATCACAACAACAACAACAACAATAAA","TAATCCCAGCACTTTGGAAGGCTGAGGTGAGAGGATTGCTTGAGCCCAGGAGTTCAAGACCAGCCTGGGCAACATAGTCAGACCCCGCATCTAAGAAAAAAAAAAATTAGCCAGGCATGGTGGTGTGGGCCCTGTAGTCCCAGCTACTTGGGAGGCTGAGGCAGGAGGATCCCCTGAACCCAGGAGTTTGAGGTTGCAGTGAGCTATGATCGTACCACTGTGCTCCAGTCTGGCCACAGAGCAACACCCTGTCTCAAAAAAAAAAAAAAAAAAA"
"KN294207v1","710468","710674","chr3","67047175","67047391","25","66336707","CCAGCCTGGGCAACAAAGCAAGACCCCATTTCAACAAAAACAAAAATAACAGGCATGGTAGCATGAGCCTGTGCTCCCAGCTGCTCAGAAGGCTGAGGCAGGAAGATCCCTTGAGCCCAGGACTTGGAGGTTGCAGTGAGCTATGATTGTGCCACTGCACTGTAGCCTAGGTGATGGGGGGAGAGCCTGTCTTTAAACAAAACAAAA","CCAGCCTGGGCAACAAAGCAAGACCCCATTTCAACAAAAACAAAAATAACCTGGGCATGGCAGCATGAGCCTGTGGTCCCAGCTGCTCAAAAGGCTGCTGCAGAAGGAGCCCTTGAGCCCAGGAGTTGGAGGTTGCAGTGAGCTATGATTGTGCCACTGTACTGTAGCCTAGGTGACGGAGGGAGAGCCTGTCTTTAGAAAAATAAAAAAATGAAAA"
"KN294207v1","718324","718460","chr3","67039718","67039854","11","66321394","GGCCAGGCACAGTGGCTCAAGCCTGTAATCCCAGCACATTGGAAAGCAGAGGTGGGAGGATCGTTTGAGCCCAGGAGTTTGAGACCAGCCTGGGCAACATGGCAAAATCCCCTCTCCACCAAAAATACAAAAATTAG","GGCCGGGCACAGTGGCTCAAGCCTGTAATCCCAGCACTTTGGAAGGTGGAGGTGGGCGGATCGTTCGAGCCTAGGAGTTCAAGACCAGCCTGGGCAACATGGCAAAATCCCCTCTCTACCAAAAATACAAAAATTAG"
"KN294207v1","817072","817374","chr3","66943364","66943671","26","66126292","GGCCGGGCATGTGGCTCATGTCCCTAATCCCAGCACTTTGGGAAGTCGAGGTAGGAGGATTGCTTGAGCCCAGGAGTTTGAGACCAGCCTAGGCAACATGGTGAGACACTGTCTCTACAAAAAGTGTTCGAAAAAATTAGTCAGGCACAATGGTGCACACCTGTGGCACCGGTTTTCAGGAGGCTTACGCAGGAGGATCACCTGTGCTGAGGAGTTGGAAACTGCAGTAAATCATGATCACACCACTGCACTCCAGCTTACGTGACAGAGTGAGGTCCTGTCTCAAAAAAAAAAGGAAAAAAA","GGCCAGGCATGTGGCTCATGTCTGTAATCCCAGCACTTTGGGAAGTCAAGGTAGGAGGACTGCTTGAGCCCAGGAGTTTGAGACCAGCCTGGGCAATATGGTGAGACACTGTCTCTACAAAAAGTGTTTTAAAACATTAGTCAGGCACAGTGGCGCACACCTGTGACACCAGCTTCTCAGGAGGCTTAGGCAGGAGGATCACCTGTGCCAAGGAGTTGGAAACTGCAGTAAGTCATCATCACACCACTGCACTCCAGCCTACGTGACAGAGTGAGGTCCTGTCTCAAAAAAAAAAAGGAAAAAAAAAA"
"KN294207v1","818886","819065","chr11","119771517","119771688","45","118952631","CCACGTCATAAAAAAGCAATACAGCTGGGTACAGTGGCACATGTCTGTGGTCCCAGCTACTCAGGAGGCTAATGCAAGAGGATCACTTGGGCCCAGGAGTTCAAGGCTACAGTGTTCTATGATCACACCTGTGAACAGCCACTGCACTCCAGCCTGGGCAATACAGTAAGAACCCATCTC","AAAAATCAATCATTTAACTGGGTATGGTGTTGCATGCCTGTAATACCAGCTACTCAGGAGGCTGAGACAGGAGGATCACTTGAGCCCAGGAGTTTAGGGCTGTAATGCACTATGACTGTGCCTGTGAATAGCCACTGCACTCCAGCCTAGGCAACACAGCAAGACCCATCTC"
"KN294207v1","821231","821512","chr19","3667009","3667299","59","2845778","GCTAGGTGCAGTGGCTCATGCCTGCAGTCCCAGTACTTTGGGAACCCCCAAGGCGGGCAAATAGCTTGAGCCCAAGAGTTCGATATTAGCCTGGGCAACACAGCAAGACCCCATCTCTATAAAAAATACAAAAATTAGCCAGGTGTGGTGGCGTGCACCTGTAGTCCAAGCTACTCAGAAGGCTGGGGTGGGAAGATCACTTGGACCCAGGAGGTGGTGGTTGTAGTGAGCCAAGATCTCACCACTGCACTCCAGCTTAGGAGGCAGACTCTGTCTCAAAAA","GGCTGGGTGCAGTGGCTCATGCCCGTAATCCCAACACTTTGGGAGGCCAAGGTGGGAAGATGGCTTGAGCCCAGGAGTTCAAGAGCAGCCTGGGCAACATAGTGAGACACCATCTCTACAAAAAACTACAAAAATTAACCAGCCGTGGTGGTGTGCACCTGTAGTCCCAGCTACTCAGGAGGCTGAGGCAGGAGGATCTCTTGAGCCCAGGAGGTTGAGGCTGCAGTGAGCCATGATCACACTACTGCACTCCAGCCTGGGCGATAGAGTGAGGCTCTGTCTCCAAAAAAA"
"KN294207v1","912680","912862","chr15","4150109","4150289","38","3237429","GGCTGGGTGTGGTGGCTCACATCTGTAATCTCAGCACTTTGAGAGGCCGAGGTGGGCAGATTGCTTGAGCCCTGGATTTTGAGACCAGCCTGGGCAACATGGCAAAATGCCATTACTGCTGAAAATACAAAAAAAAATTAGCTGGGCGCGGTGATGCACGCCTGAAGTCCCAGCCACTCAGGA","GCCTGGTGTGGTGGCTCATGCCTGTAATCCCAGCACTTTGGGAGGCTGAGGTTGGTAGATTGCTTGAGCCCAGGAGTTCGAGACCAGCCTGGGCAGCACGGCAAAACCCCATCTCTACAAAAGATACAAAAATTAGCCAGGAGTGTTGATGCACGCTTGTAGTCCCAGCTACTCGAGAGGC"
"KN294207v1","960017","960288","chr3","66778398","66778712","59","65818381","GGCTGGGTGCAGTGGCTTACACCTATAATCTCAGCACTTTGGGAGGCTGAGGCAGGAGTTGGGAGGAAGGCTTGATCCCAGGAATTCAAGCACCCTGAGCAACACAGGAAGACCCTACCTCTACAAAAATTTAAAGACTTGGCCAGGTATGGTGGCACTTGCCTGTAGCCCTAGCTACTTTGGAGACTGAGGCAGGAGGTCGAGGCAGCAGTGAGCTGTCATCACACCACAGCACTTCAGCCTGGGCAACAGAGTGAGACCCTGTCTCGAAA","GACTGGGTGCAGTGACTCACACCTGTAATCTCAGCACTTTGGGAGGCTGAGGCAGGAGGTGGGAAGAAGGCTTGATCCCAGGAGTTCGAGCACCCTGAGCAACACAGGGAGACCCTGCCTCTACAAAAATTTAAAGACTTGGCCAGGTATGGTGGCACTTGCCTGTAGCCCTAGCTACTTTGGAGACTGAGGCAGGAGGATCTCTTGAGCCCAGGAGGTCGAGGCAGCAGTGAGCCATGATCACGCCACAGCACTTCAGCCTGGGCAACAGAGTGAGACCCTGTCAAGAAAAAAAAAAGAAAGAAAGAAAGAAAA"
"KN294207v1","1006739","1006924","chr5","121595120","121595294","44","120588381","TTATCCAGGATGGATGGCGTACACCTGTAGTCCCAGCTACTCAGGAGGCTGGGGCAGGAGGATTTTTTGAGCCCAGAAATCTGAGGCTACAGTTAGCTATGATCATGCCGCTGGATTCCAGGCTGATCAACAGAGACCCTGTCTCAAAAAAAAAAAAAAAAAAAAAAAAAAAAAAAAAAAAAAAAA","TTAGCCAAGCATGGTGGCGTGTGCCTGTAGTACCAGCTATTCAGGAGGCTGAGGCAGGAGGATTGAGCCCAGAAGGTCAAGGCTACAGTGAGCTGTGATCACGCCACAGCACTCCAACCTGGGCAACAGAATAAGACCCTGTCTCAAAAAAAAAAAAAAAAAAAAAAAAAAAAAA"
"KN294207v1","1007221","1007345","chr13","27399177","27399301","35","26391956","GTAACTGCAGCACTTTGGGAGGCCAAGGAAGGCGGTTCGCTTGAGCCCAGGAGTTTGATACCAGCCTAGGCAACCTAAAGACAGCTCATCTCTACAAAAAAAATTTTTTTTACTTATCTAGGATT","CTGTAACCCCAGGGCTTTGGGAGGCCAAGACAGGTGGATCCCTTGAGCCTAGGAGCTTGAGACCAGCTTGGGCAACATAGCAAGACCCCTTCTCCACAAAAAATTTTTAAAATTAACTGGGCGTG"
"KN294207v1","1010976","1011270","chr3","66734262","66734551","19","65723286","GGCCAGGTGTTGAGGCTCACCCCTGCAATCCTAACACTTTGGAAGGCTGAGGCTGGAGGATCACTTGAGCCCAGGAGTTCAAGAGCAGCCTGGACAATATAGCAAGACCTTGTCTCTACTAAAAATTAAAAAATAAAAATTAACCAGGTGTGGTGGTATGTGCTTGTAGTCCCAGCTCCTCAGGAGACTGAGGCAGGAGGATCACTTGAGCCCAGGAGGTTGAAGATTCTATGAGCTATGATGCACCACTGCTCTCTAGCCTGGACAACAGAGCAAGAGACTGTCTCTAAATAAA","GGCCAGGTGTTGAGGCTCACTCCTGCAATCCTAGCACTTTGGAAGTCTGAGGCCGGAAGATCACTTGAGTTCAGGAGTTCAAGACCAGCCTGGACAACATAGCAAGACCTTGTCTCTACTAAAAATTAAAAAAGAAAAATTAACCAGGTGTGGTGGTGTGTGCTTGTAGTCCCAGCTCCTCAGGAGACTGAGGCAGGAGGATCACTTGAGCCCAGGAGATTGAGATTCTATGAGCTATGATGCACCACTGCTCTCCAGCCTGGGCAACAGAGCAAGAGACTGTCTCTAAA"
"KN294207v1","1062910","1063203","chr2B","52249572","52249875","57","51186662","GGGCACGGTGGCTCACACTTTTAGTCCCAGCGCTTTGGGAGGCTGAGACAGAAGGATTGCTTGAGCCCAGGAGTTCAAGACCAGCCTGGGCAACATAGCAAGAACCTGTATCTACAAAAATTTAAAAAATAGCTGGACATAATGGTGCATGCCTGTAGTCCCAGCTACTTGGGAAGCTGAGGCTGGAGGATTACTTGAGCCTGAAAGGTCAAAGCTACTGTGAGCCATGATAACACCAATGCACTCCAGCCTGGGTGATAGGGTGAGACTCTGTCTCCAGAAAAATAAAAAAAA","GGGTACAGTGGCTCACACCTATAATCCCAGCACTTTGAGAGGCAGAGGCAGGAGGATTGCTTGAGCCTAGGAGTTCAAGACCAGCCACGGCAACATGGCAAGAACCTGTCTCTGTAAAAAATTTTAAAAAATTAGCCAGGCATGGTGGTACATGCCTGTAGTCCCAACTACTTGGGGGGCTGAGGCAGGAGGATTACTTGAGCCCAGGAGGTCAAAGCTGCAGTGAGTCATGAAGGCACCACTACACTCCAGCCTGGGCAACAGAGTGAGACACAGTCTCAAAAATAAATGAAAGTAAAATAAA"
"KN294207v1","1083121","1083259","chr7","148208827","148208966","19","147125706","GCAGGGCATGATGGCTCATGCCTGTAATCCCAGCACTTTGGGAAGCCAAGGTGAGCAGATCATTTGAGCCCAGGAGTTTGAGACCAACCTAGGCAACATAGTGAAACCCCATCTCTACAAAAAATACAAAAATTAGCCG","GCCTGGCATGGTGGCTCATGCCTGTAATCCCAGCACTTTGAGAGGCCAAGGTGGGTGGATCGCTTGAGCCCAGGAGTTTGAGACCAGCCTGGGCAACATGGCAAAACCCCTTCTCTACCAAAAATATAAAAATTAGCCAG"
"KN294207v1","1083563","1083625","chr5","122216595","122216656","15","121133032","TATCCGGGTGTGGTGGCACACACCTGTAGTCACAGCTACTCTGAGGGCTAAGGTGGGAGGATC","GGCCGGATGCAGTGGCTCACACCTGTAATCCCAGTGCTTTGAGAGGCCAAGGTGAGAGGATC"
"KN294207v1","1132283","1132374","chrX","132897298","132897388","18","131765015","GCTGAGGCAAGAGGATCACTTGAGACTACGAACTTGAGACCAGCCTGGGCAACATAGCACAACCCTGTCTCTTTATTAGAAAAAAACAAAAA","GCTGAGGTGGGAGGATCACTTGAGCCAAGGAATTTGAGACCAGCCTGGGCAACATAGGGAGACCCCATCTCTATATTTAAAAAAATCAAAA"
"KN294207v1","1160329","1160565","chr3","66585414","66585651","19","65425085","TTTGGAGAGGCTGAGGTAGTGTATTGCTTGAGCCCAGGAGTTCTAGACCAGCCTAGGCAATGTAGTGAGACCCTGTCTCTACAAAAAATACCAAAATTAGCTGGGTGTGGTGGTGTGTGCCTGTAGTTCCAGCTGCTACTGGAGAGACTGAGGTGGGAGGATTGCTTGAGTTCAGAAGGCTGAGGTTGCAGTGAGCCAAGATTGCACACTACTCCAGCCTGGGCAACAGAGCAAAAC","TTTGGAGAGGCTGACGTAGGCATACTGCTTGAGCCCAGGAGTTCTAGACTAGCCTGGGCAATGTAGTGAGACCCCGTCTCTACAAAAAATACCAAAATTACCCAGGTGTGGTGGTGTGTGCCTGTAGTTCCAGCTGCTACTGGAGAGACTGAGGTGGGAGGATTGCTTCAGCCCAGGAGGCAGAGGTTGCAATGAGCCAAGATTGCACACGACTCCAGCCTGGGCAACAGAGCAAGAC"
"KN294208v1","26597","26911","chr1","203347567","203347865","85","203320970","CTGGGTGCCATGGCTCACATCTGTAATCCCAGAACTTTGGAAGGCTCCCTTGAACTCAGGAGGTTGAGACCAGCCTGGGCAACACAGGGAGACCCTATCTCTATAAAAATTTAAAACAGTGGCCAGGCATGGTGGCACACACTCGTAGTCCCAGCTACTTGGCAGGCTGAGGCAGGAGGATCACTTGAGTGACTCACGGAGGTAGAGGCTCAAGGAGGTAGAGGCTGTAGCAAGCTATGATAATATCACTGCACTCCAGCTTGTGTGACAGAGCGAGACTGTCTGATTAAATAAACAAACAAACAAACAAATAAA","GGTCAGGTGTGGTGGCTCACACCTGCAATCCCAGCACTTTGGGAGGTTTTGCTTGAGCCCAGGAGTTTGAGACCAGCCTGGGCAACATAGTGAAACCCTGCCTATACAAAAAATAAAAATGTTAGCCACATGTGGTGGCACGTGCCTGTAGCCCCAGCTATTCAGGAGGCTGAGGCAGGAGGATCCCTGGAGCCCAGGAGTTTGAGGCTGCAGTGAGCCATGATCGCACCACTGCACTCCAGCCTGGGTAACAGAGCGAGATGTTGTCTCATAAAACAAACAAACAAACAAACAAAAAA"
"KN294208v1","455678","455958","chr1","148663671","148663962","30","148207993","GGCTGGGAGCAGTGGCTCACGCCTGTAATCCCAACACTTCGGCAGGCCAAGGTGTGTGGATTGCTTGAGCCCAGGAGTTCAAGACCAGCCTGGGCAACATAATGAGACCTCATCATTACAAAAAAATACAAAAATTAGCCAGGCATGGGGGCACATGCCTATAGCCCCAGCTACTCAGGAGGCTGAGGTGGGAGGATCACTAGAGCCTGAGAGGTCAAGGCTGCAGTGAGCTATGATTGTACTACTGTACTCCAGCCTGGGTGACAGAGTGAGACCCTGCC","GGCTGGGTGCAGTGGCTCACGCCTGTAATCCCAACACTTTGGGAGGCCAAGGTGTGTGGATCGCTTGAGCCCAGGACTTCAAGACCAGCCTGGGCAACATAATGAGACCTCGTCATTACAAAAAAATACAAAAATTAGCCAGGTGTGGGGGCACATGCCTATAGTCCCAGCTACTTGGGAGGCTGAGGTGGGAGGATCACTAGAGCCTTGGAGGTCAAGGCTGCAGTAAGCTATTATTGCAGTACTGTACCCCAGCCTGGGTAACAGAGTGAGACCCTGCCAAAAAATAAAA"
"KN294208v1","634479","634741","chr1","215308654","215308915","57","214674175","GCCTGTAATCTCAGCACTTTTAAGAGGCCAAGGCAGAAGGATTGCTTGAGTCTAGGAGTTCGAGACCAGCCTGGGCAATACAGGGAGACCCCCATCTCTACAAAAAATAAAAAAATTACCCAGGCCTTGTGGCACATACCTGTAGTTCTAGTTACTTGGAAGACTGGGGCAGGAGGATGCATTGAGCCCAGGAGATTGAGGCTGCAGTGAGCCATGATCGGGCCACTGTACTCCAGCCTGGACAACAGAGTGAGACCCTGTTT","CTGTAATCCTAGCACTTTGGGAGGCCAAGGCAGGAGGATCACTTGAGCTCACGAGTTTGAAACCAGGCTGGGCAACATAGTGAGACCCTGTCTCTACTAAAAATTCAAAAAAGTAAGCTGGATGTGGTGCACACCTGTAGTCCCAGCTACTTGGGAGGCTGAGGCAGGAGGATCGCTTGAGCCCAGGAGTTGAGGCTGCAGTGAGCCCTGATCATGCCACTGCACTCCAGCCTGGATGAGAGAGTGAGACCCTGTCTCAAAA"
"KN294208v1","655515","655811","chr1","148851291","148851582","21","148195776","GGCTGAGTGTGGTCGTTCGCAACTATAATCCCAGCACTTTGAGAGGCCAAGGTGGAAGGACTGCTTGAGCCCAGGAGTTTGAGACTAGCCTGGACAACACAGCAAGAACCCCATATCCACAGAAAGTTTTAAAAATGAGCTGGGTATAGTGGTGCATGCCTGTAGTCCCAGCTACTCAGGAAGGTGAAGGAGGAGGACCATTTGCACCCAGAAGTTTGAGGCTGTAGTGAACTATGATTGCACACCACTGCATTCTAGCCTGGGTGACAGAATGAGACCCTGTCTCTAAGAAAAAAA","GGCTGAGTGTGGTGGTTCACAGCTGTAATCCCAGCACTTTGGGAGGCCAAGGTGGGAGGACTGCTTGAGCCCAGGAGTTTGAAACTAGCCTGGGCAACACAGCAAGAACTCCATATCCAAGTTTTAAAAATCAGCTGGGCATAGTGGCGCATGCCTGTAGTCCCAGCTACTCAGGAGGGTAAGGGAGGAGGACCATTTGCACCCAGAAGTTTGAGGCTGTAGTGAACTATGATTGCACACCACTGCATTCCAGCCTGGGTGACAGAATGAGACCCTGTCTCTAAGAAAAAAA"
"KN294208v1","841916","841999","chr16","64046431","64046510","18","63204515","TTTTAGAGGCCAAGGTGGGAGGATCACTGGAGCCCAGGAGTTCAAGACCAGCCTGGGTGATATGGTGAGACTCTCTATTAAAAA","TTTGGAGGCCAAGGTAGGAGGACCACTTGAGCCCAGGAGTTTGAGACCAGCCTGGGCAACATAGTGAGACCCTGTTTCTA"
"KN294208v1","867612","867760","chr1","149058104","149058251","13","148190492","GCTGGGCACAGTGCCTCATGCCTATAATCAAAGCACTTTGGGAAGCCGAGGCAGGAAGATCGCTTGAACCCAGGAGTTTGAGACTAGCCTAGGCAACATAGTGAGACTCCCATCTCTACAAAAAATGTAAAAAATTAGCCAGGTGTGGT","GCTGGGCACAGTGGCTCATGCCTGCAATCCCAGCACTTTGGGAGGCCAAGGCAGGAGGATTGCTTGAGCCCAGGAGTTTGAGACTAGCCTAGGCAACATAGTGAGACCCCGTCTCTACAAAAAATGTAAAAAATTAGCCAGGTATGGT"
"KN294209v1","10076","10150","chr14","89954124","89954196","8","89944048","GGCCAGATGCAGTGGCTTATGCCTCTAATTCCAGCACTTTGGGAGGCCAAGGCAGGAGGATCACTTGAGCAGGAG","GGCCAGATGTAGTGGCTCATGCCTCTAATTCTAGCACTTTGGGAGGCCAGGGCAGGAGGATCACTTGAGCCCA"
"KN294210v1","152826","153122","chr19","7939133","7939429","66","7786307","GCTGGGCATGGTGGCTCATGCCTGTAATCTCAACTACTTAGGGGGCCGAGGTGGGAGAATCGCTTGAGCCCAGGAGTTTAAGACCAGCCTGGGCAACATATTGAGACTCCATCTCTAAAAAAATTTTAAAAATTGTGTGGTGATGGTGGTTTGCACCTGTAGTCCCAGCCACTTGGGAGGATCCCTTTAGCCCAGTAATTTGAGTCTGTGGTGAGCTAGGATCATCCCACTGCACTCCAGCCTAGGTGACAAAGTGAGACTCTATCTCTAAAAAAAAAATAGAGAGGAAAAAAAGAA","GGCTGGGCATGGTGGCTCATGCCTGTAATCTGAGCACTTTGTGATGCTGAGGTGGGAGGATCATTTGAGCCCGGAGTTCGAGACCAGTCTGGGCAACATAGCAAGACCCCATCTCTACTAAAAATTTTTAAAAATTAGCTGGGCATGGTGGTGCATGCCTGCAGTCCCAGCCACTTGGGAGGATCACTTGAGTCCAGGAGGTTAAGGTTGCAGTGAGCCGTGATCACGCCTCTGCACTCCAGCCTGGGTGCAGAATGAGATCCTGGCTCTAAAAAACAAACAAACAAACAAAAACAA"
"KN294210v1","160448","160760","chr4","157249109","157249413","28","157088661","GGCCAGGTGCGATGGCTCACATCTGTAATCCTAGCACTTTGGTTGGGAGGCCAAGGTGGGAGGATTGCTTGAGCCCAGGAGTTTGAGACCAGCCTGGGCAACATAGCAAGACCTTGTCTCTTCAAAAATGTAAAAAATTAGCCAGGCATGGTGGCATGCACCTGTAGTCCCAGCTACTCAGCAGGCTGACAGCAGGAAGATCGTTTGAGCTCAGGAGGTTGAGGCTGCAGTGAGCTATGATTGCACCACTGCACTCTAGTCTGGGTGACAGAGATCCCGTCTCACAAACAACAACAACAAAAACAAACAAAAA","CCGGGTGCAATGGCTCACAACTGTAATAGCACTTTGGGAGGCCAAGGTGGGAGGATTGCTTGAGCCCAGGAGTTTAAGACCAGCCTGGGCAACATAGCAAGACCTTGTCACTACAAAAATTTAAAAAAATAATTAGCCAGGCATGGTGGCATGCACCTGTAGTCCCAGCTACTCAGCAGGCTGAGAGCAGGAAGATTGTTTGAGCTCAGGAGGTTGAGGCTGCAGTGAGCTATGATTGCACCACTGCACTCTAGTCTGGGTGACAGAGACCCTGTCTCAAAAACAACAACAAAAAAAAACAAAAA"
"KN294210v1","286043","286227","chr4","157348144","157348349","32","157062101","CCAGCCTGTGCAACATAGTGAAACACTGTCTATACAAAAATTAAAAAGCTTAGCCAGGTGTGATGGTACTCATGTGACTGAGGCAGGGGGATCACTTGAGTCCTGGAGTTCAAGGCTGCAGTGAGCCATGACTGTACCACTGCACTCTAGCCTGGGCAACAGTGCGAGAACCCAACAAAAAAAAA","ACCAGCCTGTGCAACATAGTGAGACACTGTCTGTACAAAAAATAAAAAAACTTAGCCAGGCGTGATGGCACTCATGTGGCTGAGGCAGGGGGATCACTTGAGTCCTGGAGTTCGAGGCTGTAGTAAGCCATGACTGTACCACTGCACTCTAGCCTGGGCAACAGTGCGAGAACCGGACAAAAAAATAAAAATAAAAATAAAAAAAA"
"KN294210v1","470244","470542","chr4","157533263","157533569","34","157063019","GGCTGGGTGCAGTGACCCATGCTTGTAATCCCAGCGCTTTGGGAGGCTGAGGCAGGATTGCTTGAGCTCTGGAATTCAAGACCAGCCTGTGCAACATAGTAAGAGCCCCATCACTACAAATACTAATAAAAAAATTAGCCAGACATGCTGGCTCACACCTGTAGTTCTAAGCTACTCAGGAGGCTGAGGTAGGAGGGTTGCTTGAGCCCGGGAGGTTGAGACTGCAGTGAGCTGTGCTTATGCCACAGTGTTCTAGCCTGGGCAACAGAGTGAGACCCTGTCACCAAAAAAAAAAAAAA","GGCTGGGTGTGGTGACTCATGCTTGTAATCCCAGCACTTTGGTAGGCTGAGGCAGGATTGTTTGAGCCCAGGAATTCAAGACCAGCCTGGGCAACATAGTGAGACCCCCATCTCTACAAATAATAATTAAAAAATTAGCCAGGCATGCTGGCTCACACCTGTAGTCCTAAGCTACTCAGGAGGCTGAGGTAGGAGGATTGCTTGAGCCCAGGAGGTTGAAGCTGCAGTGAGCTGTGATTATGCCACTGCACTCTAGCCTGGGCAACAGAGTGAGACCCTGTCTCCAAAAAAAAAAAAAAAAAAAAAA"
"KN294210v1","911147","911453","chr4","158068092","158068400","29","157156945","CTGAGCACCATGGCTCATGCCTGTAATCCCAGCATTTTGGGAGGCTGAGCTAGGAGGATTCTTTGAGCTCGGGTGTTTGAGACCAGCATGGGCAATAGAGCGAGAACTCATCTCTATGAAAAATGTTGAAAACTTAACTGAGTGTGGTGGCACGTTCCTGTAGTCCCAGCTTCTTGGGAGGCTGAGGCAGGAGGATCACTTGAACCTGGAAGTTGAAGGTTGCAGTGAGCCATGATCATGCACTGCACTCCAGCCTGGGTGGCAGAGCAAGACTGTCTGAAAAAAAAATAAAGAAAAAGAAAGAGAA","CTGGGCACCATGGCTCATGCCTGTAATCCCAGCACTTTGGGAGGCTGAAGTAGGAGGACTGCTTGAGCTCGGGAGTTCGAGACCAGCCTGGGTAATAGAGTGAGAACTCATTTCTATGACAAATTTTAAAAAATTAACTGAGTGTGGTGGCACGTGCCTGTAGTCCCAGCCACTTGAGAGGCTGAGGCAGGAGGATCCCTTGAGCCTGGAAGTTGGAGGTTGCAGTGAGCCATGATCATGCACTGCACTCCAGCCTGGGTGGCAGAGCAAGACTGTCTCAAAAAAAAAAAAAAAAAAAGAAAGAAAGAA"
"KN294210v1","1176556","1176859","chr2B","92757122","92757413","56","91580566","GGACATGCTGGCTCATACCTGCAATCCCAGCACTTTGGGAGGCCAAGGCAGGAGGACTGCTTGAGCCCAGAAGTTTGAGATCATCCAAGGCAACATAGTGAGACCCTGTCTCTACAAAAAATAGAAAAGATTAGCCAGGGATGGTGGCACACACCTGTAGTCCCAGCTGCTTGGGAGGTTGAGGTAGGGGGAATCACTTGAGCCCAGGAGTTCAAGGCTGTAGTGAGCTGTGATAGTGCCCCACTGCAGTCTAGCCTGGGTGAAAGAGCAAGACCCTATCTCAAAAGGAAAAAAAAAAAAAGAA","GGTGTGGTGGTTCATGCCTGTACTCCCAGCACTTTTGGAGGCCAAGGCAGGAGGGTTGCTTGAGCCCAGGAGTTTGAGATCAGCTTGGGCAACATAGGGAGATCCTATCTCTACAAATAATTTAAAAATTAGCTGAGCATGGTGGCACACACCTGTAGTCTCAGCTACTCAGGAGGCTGAGGCAGGAGGAACACTTGAGCCCAGGAGTTCAAGGCTGCAGTGAGCCGTGATCTCACTACTGCACTCCAGCCTGGGCGACAGACCAAGACTCTGTCTCAAAAAAAAAAAAAAA"
"KN294210v1","1194948","1195236","chr19","40322015","40322302","57","39127067","GGCTGGGTGCACTAGCTCATGCCTATAATTCTAACACTTTGGTAGGCTGGCATGGGAGGATTGCTTGAGCTCAGAAGTTTGAGACCACCCTAGGCAACATAGTGGGACCCCACCTTTACAAAAATGTTTCTAAAAATTAGCAGGGTGTGGTGGTGTGTGCTTGTACTCCCAGCTACCAGGAGGCTGAGGCAGGAGGATTTCTTGAGCCTGAGAGGTAGAGGCTGCAGTGAGCTATGATCATGCCACTGCACTCCAGTCTGGGCAACAAAGCGAGACCCTGTCTCAGAAA","GGCTGGGTGCAGTGGCTCACACCTGTAATCCCAGCAGTTTGGGAGGCCAAGGTGGGAGGACTGCTTGAGCCCAGGAGTTTGAGACCAGCCTGGACAACATAGTGAGATCCTATCTCTACAAAAAATTTTAAAAATTAGCTGGGTGTGGTGGCTCATGGCTGTAGTCCCAGCTACAGTGGAGGCTGAGGCAGGAGGATCACCTGAGCCTGAGAGTTTAAGACTGCAGTGAGCTGTGATCACGCCATTGTACTCCAGTCTGGGAGACAGAGCAAGACACTGTCTCCAAAA"
"KN294210v1","1253939","1254028","chr7","79063545","79063638","27","77809606","CCAGCACTTTGAGAGGCTGAGGCGGGAGGGTCACTTGAGCCACTGCACTCCAGCCTGGGTGACGGAGTGAGAGCTTCTCTCAAAATACAA","CAGCACTTGGGGAGGCTGAGGCGGGAGGATCGCTTAAGCTCAGTTTGAGACCAGCCTGGGCAACATAGCAAAATCCTATCTCTATAAAATAATA"
"KN294210v1","1325942","1326160","chr12","120234296","120234512","42","118908354","GGACAGGTGCAGGGCTCATGCCTGTAATCCCCACACTTTGGGAGGCCAAGGTGGGAGGACTGCTTGAGCCCAGGAGTTGGAGACCAACCTGCTTAACAGAGTGAGAACCCTGTCTCTAGCCAAAAGATTAAAATTAGCCAGGCGTGGTGGCACACACCTGTAGTCCCAGCTACTCAGGAAGCTGAGGCAGGAGGATTGCTTGAGCCTAGGGGATCAAGG","CAGGCGAGCTGGCTCACGCCTGTAATCCCAACACTTTGGGAGGCTGAGGTGGGAGGACTGCTTGAGCCCAGGAGTTTGAGACCAGCCTGGGCAACAAAGTGAGACCCCCATCTCTACAAAAAAATTAAAAAAATAGCTGGGCATGGTGGTACATGCCTGTGGTCCCAGCTACACAGGTGGCTGAGGCAGCGGGATTGCTTGAGCCCAGGAGTTCAAG"
"KN294210v1","1416133","1416360","chr4","158567232","158567444","30","157151099","GGCTAGGCATGGTGGCTTGTGCCTGCAATCCCAGCAGTTTGGGAGGCTGAATCAGGAGGTTCACTTGAGCCCAGGAGTTCGAGACCAGACTGGGCAACATACCAAGACTCTGTCTCTAAAAAAATAAAAATACAAAAAATTAGCATGGCACAGTGGTATATGTGCCTGTAGTCCCATTTTCTTGGGAGCCTGAGGTGGGAGGACCACTTGAGCCCAGGAGTTCCAGAC","GGCTGGGCATGGTAGCTTGTGCCTGTAATCCCAGCACTTTGGGAGGCTGAATCAGGAGGCTCACTTGAGCCCAGGAGCTTGAGACCAGACTGGGCAACATACAAAGACCCTGTCTCTAAAAAAAATACAAAAAATTAGCAGGGCACAGTGGCATGTGCCTGTAGTCCCAGCTTCTTGGGAGCCTGAGGTGGGAGGATCACTTAAGCCCAGGAG"
"KN294210v1","1549816","1549999","chr8","38602605","38602787","43","37052789","GTCTCTACTAAGAAAAAAAAATTAGCCAGGTGTGGTGTTGCCTGCCTGTGTTTCCAGTTACTCAGAAAGCTGAGGCAGGAGGATATTTTGAGCCCAAGAGTTTGAAGTTGCAGTGAGCTATGATTGTACCACCGCACTCCAGCCTGGGCAACAGAGCAAGACCCTGTCTCAGAGAGAAGAAGAA","CTACAAAGATAAGAAAGTTGAGCTAGGTGTGGTGGTGCATGCTTGTAGTCCCAGCTACTTGGGAGGCTGAGGCAGGAGGATTGCTTGAGCCCAGGAGTTCAAGACTGCAGTGAGCTATGATTCTGCCACTGCACTCCAGCCTGGGAAACAGAGTGAGACCCTGTCTCAATAAAATAAAATAAA"
"KN294210v1","1614659","1614785","chr4","158770149","158770275","2","157155490","GGCCAGGTGCTGTGGCTCACGTCTGTAATCCCAACACTTTGGGAGGCCAAGGTGAAAGGATCACTTGAGCTTAGGAACTCAAGACCAGTCTAGACAATACAGCAAAACCCCATCTCTACAAAAAATA","GGCCAGGTGCTGTGGCTCACGTCTGTAATCCCAACACTTTGGGAGGCCAAGGTGAAAGGATCACTTGAGCTTAGGAATTCAAGACCAGTCTAGACAATATAGCAAAACCCCATCTCTACAAAAAATA"
"KN294210v1","1634391","1634543","chr19","37447485","37447631","31","35813094","GCTGGGTATGGTGACTCACACCTGTAATCTCAATACTTTAGGAGGCTGAGATGGGAGGATCGCTTGAGTCCAGGAGTTCAAGACCAGCCTGGGCAACATAAGGAAATCCTGTCTCTACAAAAAAATTAAAAAATTGTAACTAGGCATGGTTGC","GCTGGGCACGGTGGCTCACACCTGTAATCCCAGCACTTTGGGAGGCTGAAGTGGGAGGATCGCTTGAGCCCCAGGAGTTCGAGACCAGCCTGGGCAACAAAGTGAGACCTCGTCTCTATGAATGATTAAAAAATTAGCCAGACATGG"
"KN294210v1","1653592","1653893","chr13","18328261","18328571","65","16674669","GGCCAGGCGTGGTGACTCATGCCTATAATCCCAGCATTCAGGGAGGCCAAGGCGGAAGGATTGCTTGAGCCCAGGAATTCCAAGACCAACCTGGGCAACATAGTGGGACCCCATCTCTCAAATATTAGCTGGGCATGGTGGCACATACCTGTAGTCCCAACTACTTGGGAGGCTGAGGAGGTGGGAGATCGTCTGAACCCAGGAGATCGAGACTGCAGTGAACTGATTGTGCCACTGCACTCTAGCCTGGGCAAAAGGGTGAGACTTTGTCTCAAAAAAAAAAAAAAAAAAAAAAAGGAAAA","GGCCGGGCATGGAGGCTCATGCCTATAATCCAGCACTTTGGGAGGCCAAGGCAGGAGGATTTCTTGAGCCCAGAATTTCAAGACTAGCCTGGGCAACATAGGGAGACCTCATCTCTACAAAAAATCAACAAATTAGCCAGGTGTGGTGGCACTTGCCTGTGGTCCCAGCTACTTGGGAGACTGAGGTGGGAGGATGGCTTGAGCCCAGGAGATTGAGGCTGCAGTGAGCCATGATTGCACCACTGCACTCCAGCCTGGGCGACAGAGTGAGACCGTCTCTCAAAAAACAAAACAAAGAAACAAAAACAAAA"
"KN294210v1","1874962","1875255","chr4","159036424","159036720","39","157161462","GGCCGGATGCAGTGACTCACACCTGTAATCTCAACACTTTGGGAGACCAAGGAGGGAGGATAGCTTGAGCCCAGGAATTCAAGGCTAGCCTGGGCAACATAAGGAGACCTCACCTCTACTAAAAATAAAAATAAAAATTAGCTACACTAGCTGTGCATGCCTGTAGTTTTAGCTACTCAGGAGGTTGAAACAGAAGGATCGCTTGAGCCCAGGAGCTAGAGGCTGCAGTGAGCTGTGATCACACCACTACACTCCAACCTGGGTGACAGAGTGATACCCCCCTCTTAAAAAAAA","GGCCAGGTGCAGTGGCTCATGCCTGTAATCCCAACATTTTGGGAGACCGAGGAGGGAGGATCGCTTGAGCCCAGGAATTCAAAGCTAGCCTGGGCAACATAGGGAGACTTCGCCTCTACTAAAAATAAAAATTAGCACATGTATAGCTGTGCATGCCCATAGTCTTAGCTACTCAGGAGGTTGAGACAGAAGGATCGCTTGAGCCCAGGAGTTTGAGGCTGCAGTCAGCTGTGATCATACACCACTCACTCCAACCTGGGTGACAGAGTGATACCCCCGCCTCTTAAAAAAAAAAAA"
"KN294213v1","178391","178632","chr14","72808786","72809010","73","72630395","GCTGGGTGTGGTAGCTCACACATGGAATCCTAGCACTTTAAGAGACTGAGGCAGGAGGAAGAGTTGAGCCTAGGAGTTTGAGACCCACCTGAGCAACATAGTGAGACCCTATCTCTGTAAATACTTTTTTGTGGTTGTTGTTTTTTTAATGAACTGCATATAGTGGTATGCACCTGTGATCCCAGCTACTTGGGAGGCTCAGGCTGGAGGATCACGTAAGCCTGGGAGTTCAAGACTGCAGT","GGCTGGGCATAGTGGCTCACACCTATAATCCCAGCACTTTGGGAGGCAGAGGCAGGAGGATTGCTTGAGCCCAGGAGTTTGAGACCAGCCTGGGCAACATATTGAGACTCCCATCTCTACAAAAAACTAAAAATTAGCTGGGCATGATGGCATGTACCTGTGGTCCCAGCTACTCAGGAGGCCGAGGAAGGAGGATCACTTGAGCCCAGGATTTTGAGGCTGCAG"
"KN294213v1","178708","178763","chr18","50442172","50442227","4","50263464","GCCCCTGAGCCCAGGAATAAAGGTGGTAGTGAAGCACAATTGTGTCACTGCACTTC","GCCCTTGAGCCCAGGAATAAAGGGTGTAGTGAAGCACAATTGAGTCACTGCACTTC"
"KN294213v1","179072","179190","chr18","50442534","50442652","9","50263462","CTAGTCTGGGCAACAAAATGAGACCCTGCCTCTACAAAAAATAAAAATATTACCTGGGCACTGTGACCTATGCCTGTAGTTCCAGCTACTCGGGAGGCTTCAGCAGGAAAATCCCTTGA","CTAGCCTGGGCAACAAAGTGAGACCCTGCCTCTGCAAAAAATAAAAATATTAGCTGGGTGCTGTGGCCTATGCCTGTAGTTGCAGCTACTCGGGAGGGTTCAGCAGGAAAATCCCTTGA"
"KN294214v1","10329","10453","chr3","144616756","144616881","16","144606427","GGTTGGGCTTGATGGTTCATGCCTGCAATTCCAGTACTTTGGGAGGCTGAGGTGGGAGGATCACTTGAGCCCAGGGGTTTAAGTACAGCCTGGGCAACATGGTGAGACCCTGTCTCTACATAAAA","GACTGGGCATGGTGGTTCATGCCTGTAATCCCAGCACTTTGGGAGGCTGAGGCGGGAGGATCACTTGAGCCCAGGAGTTTGAGACCAGCCTGGGCAACATGGCAAGACCCTGTCTCTACAAAAAAT"
"KN294214v1","121241","121367","chr1","92954977","92955100","19","92833736","GGTCGGGCACAGTGGCTCATGCCTATAATCCCAGCACTTTGGGAGGCTGAGATGGGAGGATCACTTGAGTATAGGAGTTCGAGACCAACCTGGTCAACATAGTGAGACCCCCCCATCTCTTTAAAAA","GGCCAGGCACAGTGGCTCACACCTGTAATTCCAACACTTTGGGAGGCTGAGGTAGGAGGATCACTTGGCCAAGGAGTTCGAGACCAGCCTGGGTAATATAGTGAGACCCCCATCTCTTTAAAAA"
"KN294214v1","162588","162782","chr20","25900028","25900221","14","25737440","GGCTGGGTGTGGTGGCTCATGCCTGTAATTCCAGCTCTTTGGGAGACCAAAGCAAGAGGATTGCTTGAGCCCAGGAGAACAATCTGGGCAACAAAGCAAGACCTCATCTCTACAAAAAAATCAAAATATTAGCCTGTCATGGTAGCTGGGTATGGTGGCATATACCTGTGGTCTCAGCTACTTGGGAGGCTGAGG","GGCTGGGCGTGGTGGGTCACGCCTGTAATTCCAGCTCTTTGGGAGACCAGGCAAGAGGATTGCTTTAGCCCAGGAGACCAACCTGAGCAACAAAGCAAGACCTCATCTCTACAAAAAAATCAAAATATTTGCCCGGCATGGTAGCTGGGTGTGGTGGCACATACCTGTGGTCTCAGCTACTTGGGAGGCTGAGG"
"KN294214v1","213859","214168","chr14","58913228","58913526","65","58699369","GGCCGGGTGTGGTGGCTCATGCCTGTAATCCCACTGTAATCCCAGCACTTTGGGAGGCAGAGGCAGGGTGATTGCTTGAGCTCAGGAGTTGGAGACCAGCCTGGGCAACATAGTGAACCCTCATCTCTACAAAAAAGCACAATAATTAGCCAGGCATGGTGGTGCATGCCTGTAGACCCAGCTACCTGGGGGGCTGAGGCAGGAAGACTGCTTGAGCTCAGGAGGTCAAGGCTACAGTGAGCTAAGATCATGCCTGGGTGACAAAGTGAGACCCTGTCTCAAAAAAAAAAAAAGAGAAAAAAAAAGAAAA","GGCCAGGCGTGGTGGCTCACGCCCAGAATCCCAATACTTTGGGAGGCCAAAGTGGGAGGATTGCTTGAGCCCAGGAGTTCGAGACCAGCCTGGACAATATAGTGAGACCCCATCTCTACAAATAATAAAAAAAAGTAGCCGGGCTTGGTGGCCCATGCCTGTGGTCCCAGCTACTCGGGAGGCTGAGGCAAGATGATCGCCTGAGCCCAGGAGGTCGAGGCTGCAGTGAGCCACCGCATCCTAGCCTGGGTGACAGAGTGAGACCCTGTCTCAAAAAAATAAATAAACAAAAATAAAAA"
"KN294214v1","229293","229510","chr5","32754236","32754465","49","32524943","GCACAGTGGCTCATGCCTATAGTCCCAGCAGTCTGGGAGGCCAAGGTAGGCAGATCACTTGAGCCCAGGAGTTTGAGAGAAGGTGAGACAACATAGTGAGACCCCATCTCAAAGATTTAAAAATTATCTAAGTGCAGTGGCACATGCCTGTGGTCCCAGCTACTTGGGAGGCTGAGCAGGAGGATCACTTGAGTCCAGGAGGTCAAGGCTGCAGTGAG","GGTCAAGTGCGGTGGCTCATGCCTGTAATCCCAGCACTTTGGGAGGCCGAAGCAGGAGGATCACTTGAGCCCAGAAGTTCGAGACCAGTCTGGGCAACATAGTGGGACCGCATCTCTACAAAAAAATTAAAAAATTAGCTGGGTGTGGTGGCACATGCCTGTAGTCCCAGCTACTCAGGAGGCTGAGGCAGGAGGATCACTTGAGCCCAAGAGGTCAAGATTACAATGGG"
"KN294214v1","259199","259460","chr20","25804475","25804740","22","25545276","GGCTAGGCATGGTGGCTTACATCTGTGATCCCAGCACTTTGGGAGGCCTAGGTGAGAGGATCACCAGGAATTCAAGACCAGCCTGGGCAACATATCAAGACCCCATCTCAACCACAACAAAAATTATCCAGGTGTGGTGACGCATGCCTACTATAGTCCCAGCTCCTGGGCCCAGGAGTTCAAGGCTGCAGTGAGCCATGATTGTGCCACTGTACTGCAGCCTGGGTGATCGAATGAGATCCCATCTCGAAGAAAAAAAAAA","GGCTGGGCGTGGTGGCTCACATCTGTGATCCCAGCACTTTGGGAGGCCTAGGTGAGAGGATCACCAGGAATTCGAGACCAGCCTGGGCAACATATTGAGACCCCATCTCCACCACAACAAAAATTATCCAGGCGTGGTGGCGCATGCCTACTGTAGTCCCAGCTCCTGGGCCTGGGAGTTCAAGGCTGCAGTGAGCCATGATCGTGCCACTGTACTCCAGCCTGGGTGACAGAATGAGACCCCATCTCAAAGAAAAAACAAAAAAA"
"KN294214v1","279551","279816","chr7","77503434","77503704","58","77223883","GGCTGGGCACAGTGGCTCACGCCTGTAATCCCAGCACTTTGGGAGGCCAAGGCAGGAGGATTACTTGAGCTCAGGAGTTTGAGACCAGCCTGAGCAACATAGTGAGATGTCAGGAAAAAAATAAAAATTACCAGGTGTGGTGCTATGCACCTGTAGTCTCAGCTACTCAGGAGGCTGAGGCAGGGGTTGGAGGCTACAGTGAGCTATAATCATTGCCACTGCACTCCAGCCTAGGCAACAGTGAGACCTTGTCTCAAAAAATAAAA","GGCCAGGCTTGGTGGCTCACGCTTATAATCCCAGCACTTCGGGAGGCCAAGGTGGGAGCATTGCTTGAGCCCAGGAGTTTGAGATCAGCCTGGGCAACATAGTAGGACCCTGTCTCTACAAAAAATACAATTAGCTGGCATGGTGATGCGTGCTTGTAGTCCCAGTTACTCGGGAGGCTGAGGTGGGAGGTTGAGGCTGCAGTGAGCTGCGATCAAGCCACTGCACTCCAGCCTGGGCAACAGAGCGACTCTGTCTCAAAAGAAAGAAAAA"
