"KN294146v1","17679","17753","chr8","16251801","16251875","12","16234122"
"KN294146v1","34247","34359","chr5","36135293","36135405","19","36101046"
"KN294147v1","204662","204764","chr15","17989360","17989465","7","17784698"
"KN294147v1","648360","648417","chr12","72832774","72832833","17","72184414"
"KN294147v1","717406","717460","chr1","1958222","1958279","16","1240816"
"KN294147v1","743020","743319","chr6","21066333","21066631","40","20323313"
"KN294147v1","762644","762948","chr20","100772930","100773237","32","100010286"
"KN294147v1","859658","859781","chr15","18615997","18616120","5","17756339"
"KN294147v1","1239377","1239555","chr15","18998078","18998253","9","17758701"
"KN294147v1","1255028","1255314","chr5","2376614","2376910","46","1121586"
"KN294147v1","1260648","1260832","chr10_KE148023v1_random","379045","379231","33","881603"
"KN294147v1","1431035","1431146","chr8","26467282","26467388","24","25036247"
"KN294147v1","1448819","1449127","chr15","19186542","19186843","19","17737723"
"KN294147v1","1515421","1515694","chr15","19247196","19247469","11","17731775"
"KN294147v1","1586627","1586725","chr22","40865531","40865623","22","39278904"
"KN294147v1","1633921","1634051","chr15","19371225","19371355","2","17737304"
"KN294147v1","1807130","1807248","chr3","9501712","9501828","19","7694582"
"KN294147v1","1838929","1839206","chr2","10197809","10198088","36","8358880"
"KN294152v1","138165","138463","chr1","82137575","82137853","39","81999410"
"KN294161v1","52576","52882","chr7","24743592","24743899","22","24691016"
"KN294161v1","539841","540129","chr16","8095492","8095779","33","7555651"
"KN294161v1","540617","540696","chr19","32305478","32305555","13","31764861"
"KN294161v1","834540","834713","chr19","7192289","7192466","28","6357749"
"KN294161v1","905517","905813","chr7","25567164","25567463","15","24661647"
"KN294161v1","937334","937467","chrX","1165807","1165940","15","228473"
"KN294161v1","944262","944550","chr20","107475222","107475512","39","106530960"
"KN294161v1","1255820","1255900","chr28","2919408","2919489","15","1663588"
"KN294166v1","54410","54558","chr21","80145390","80145531","13","80090980"
"KN294166v1","75204","75306","chr21","80130668","80130783","20","80055464"
"KN294166v1","149016","149297","chr7","87079141","87079422","32","86930125"
"KN294167v1","92414","92522","chr28","10409307","10409417","18","10316893"
"KN294167v1","225793","226087","chr14","2633896","2634192","45","2408103"
"KN294167v1","480181","480357","chr21","107819096","107819263","28","107338915"
"KN294170v1","40346","40642","chr26","27641373","27641670","13","27601027"
"KN294170v1","103573","103753","chr9","106491473","106491651","30","106387900"
"KN294170v1","198824","198947","chr6","33280274","33280395","17","33081450"
"KN294172v1","186483","186563","chr11","112367219","112367296","9","112180736"
"KN294172v1","224475","224593","chr19","29307589","29307705","6","29083114"
"KN294172v1","240538","240651","chr9","102911776","102911884","24","102671238"
"KN294172v1","328023","328140","chr15","12056017","12056135","14","11727994"
"KN294172v1","330053","330352","chr19","29202282","29202579","24","28872229"
"KN294172v1","465316","465428","chr19","29058252","29058364","0","28592936"
"KN294172v1","531889","532037","chrX","108711335","108711486","25","108179446"
"KN294172v1","664047","664168","chr28","11903807","11903926","20","11239760"
"KN294172v1","730470","730656","chr12","106787522","106787700","31","106057052"
"KN294172v1","802123","802206","chr11","112367219","112367296","14","111565096"
"KN294172v1","861862","861976","chr1","17486662","17486767","19","16624800"
"KN294172v1","872726","872840","chr19","28651817","28651935","8","27779091"
"KN294172v1","884727","884841","chr28","13656554","13656672","31","12771827"
"KN294172v1","905522","905814","chr19","28615877","28616176","15","27710355"
"KN294172v1","935461","935612","chr19","28584794","28584958","21","27649333"
"KN294172v1","1365113","1365418","chr19","28152785","28153100","31","26787672"
"KN294172v1","1447796","1447923","chrX","562747","562872","21","885049"
"KN294172v1","1447924","1448110","chr8","48888653","48888832","29","47440729"
"KN294172v1","1487040","1487366","chr19","28029858","28030167","42","26542818"
"KN294172v1","1571048","1571144","chr4","80559773","80559862","14","78988725"
"KN294172v1","1638920","1639103","chr10","19939788","19939971","34","18300868"
"KN294172v1","1729136","1729264","chr9","105850038","105850165","14","104120902"
"KN294172v1","1751872","1752049","chr5","737199","737370","26","1014673"
"KN294172v1","1774964","1775107","chr19","27746846","27746978","14","25971882"
"KN294172v1","1802115","1802214","chr25","3724493","3724591","12","1922378"
"KN294172v1","1825691","1825818","chr19","27699849","27699978","8","25874158"
"KN294172v1","1895136","1895266","chr19","27631820","27631950","2","25736684"
"KN294172v1","1919929","1920172","chr11","124277362","124277609","38","122357433"
"KN294172v1","1940921","1941066","chrX_KE148108v1_random","1282629","1282776","28","658292"
"KN294172v1","2001668","2001803","chr19","27532856","27532991","9","25531188"
"KN294172v1","2109535","2109685","chr6","7839767","7839914","28","5730232"
"KN294172v1","2208379","2208467","chr7","13026508","13026594","12","10818129"
"KN294172v1","2227928","2227940","chr21","126653116","126653129","2","124425188"
"KN294172v1","2228255","2228429","chrX","63534112","63534291","30","61305857"
"KN294172v1","2316653","2316815","chr10","113647543","113647707","31","111330890"
"KN294172v1","2347736","2347865","chr6","3981429","3981559","12","1633693"
"KN294172v1","2404935","2405074","chr11","118122348","118122488","23","115717413"
"KN294172v1","2408754","2409047","chr19","27126396","27126688","15","24717642"
"KN294172v1","2533137","2533246","chr20","85379885","85379994","14","82846748"
"KN294172v1","2588394","2588493","chr19","26929619","26929714","7","24341225"
"KN294172v1","2759995","2760132","chr16","6556261","6556395","34","3796266"
"KN294172v1","2993862","2994008","chr19","26535545","26535692","9","23541683"
"KN294172v1","3034585","3034886","chr19","26497482","26497786","24","23462897"
"KN294172v1","3050317","3050619","chr19","26482600","26482897","17","23432283"
"KN294172v1","3249549","3249658","chr6","4502159","4502271","11","1252610"
"KN294172v1","3637963","3638189","chr16","74851808","74852031","28","71213845"
"KN294172v1","3668738","3668907","chr20","12577124","12577295","27","8908386"
"KN294172v1","3884161","3884469","chr11","8684527","8684834","35","4800366"
"KN294172v1","3916438","3916533","chr4","3920986","3921080","17","4548"
"KN294172v1","3930907","3930942","chr9","32905284","32905310","14","28974377"
"KN294172v1","3945438","3945532","chr8","22419157","22419248","16","18473719"
"KN294172v1","3957464","3957566","chrX","46275521","46275619","16","42318057"
"KN294172v1","3969404","3969720","chr9","34572023","34572338","49","30602619"
"KN294172v1","3970497","3970618","chr19","25598612","25598731","5","21628115"
"KN294172v1","3999111","3999395","chr19","25569909","25570208","30","21570798"
"KN294172v1","4088076","4088205","chr19","25488579","25488708","3","21400503"
"KN294172v1","4145333","4145479","chr22","13060735","13060882","17","8915402"
"KN294172v1","4179396","4179701","chr19","25407186","25407488","11","21227790"
"KN294172v1","4183829","4184128","chr2","87728411","87728707","37","83544582"
"KN294172v1","4201997","4202066","chr19","25385601","25385670","2","21183604"
"KN294172v1","4257091","4257385","chr19","25335186","25335480","37","21078095"
"KN294172v1","4283375","4283592","chr16","11738189","11738404","42","7454814"
"KN294172v1","4284661","4284675","chr1","32678869","32678883","3","28394208"
"KN294172v1","4284991","4285202","chr19","5197047","5197260","37","912056"
"KN294172v1","4301127","4301416","chr4","204996","205286","39","4096131"
"KN294172v1","4309982","4310154","chr20","8927653","8927826","25","4617671"
"KN294172v1","4341169","4341478","chr19","25259504","25259807","19","20918335"
"KN294172v1","4393125","4393173","chr11","117635832","117635881","9","113242707"
"KN294172v1","4437979","4438077","chr19","25161700","25161799","7","20723721"
"KN294172v1","4534060","4534304","chr14","97806022","97806272","39","93271962"
"KN294172v1","4544004","4544303","chr1","15860008","15860303","28","11316004"
"KN294172v1","4560383","4560488","chr13","63348533","63348632","23","58788150"
"KN294172v1","4561730","4562038","chr26","20294856","20295160","36","15733126"
"KN294172v1","4605955","4606120","chr19","24959819","24959984","12","20353864"
"KN294172v1","4611191","4611497","chr19","24954345","24954652","23","20343154"
"KN294172v1","4675113","4675279","chr7","60520663","60520834","41","55845550"
"KN294172v1","4884145","4884428","chr9","21358440","21358726","38","16474295"
"KN294172v1","4916282","4916446","chr24","66134690","66134855","25","61218408"
"KN294172v1","4973982","4974107","chr2","7069148","7069271","20","2095166"
"KN294172v1","5078620","5078905","chr20","80989705","80989991","46","75911085"
"KN294172v1","5119114","5119423","chr12","11331203","11331507","38","6212089"
"KN294172v1","5144725","5145029","chr2","80041154","80041464","35","74896429"
"KN294172v1","5250816","5250937","chr1","104571784","104571905","16","99320968"
"KN294172v1","5272991","5273273","chr7","98960815","98961105","41","93687824"
"KN294172v1","5291051","5291377","chr19","24284761","24285085","17","18993710"
"KN294172v1","5297936","5298132","chr6","40250730","40250921","40","34952794"
"KN294172v1","5357480","5357665","chr10","19939788","19939971","35","14582308"
"KN294172v1","5357675","5357764","chr3","89451431","89451520","12","84093756"
"KN294172v1","5390394","5390562","chr16","59100684","59100846","26","53710290"
"KN294172v1","5398319","5398619","chr6","50473108","50473409","45","45074789"
"KN294172v1","5427706","5427994","chr25","29775529","29775818","32","24347823"
"KN294172v1","5439765","5440061","chr23","71299643","71299943","35","65859878"
"KN294172v1","5606681","5607004","chr19","23991240","23991544","34","18384559"
"KN294172v1","5668047","5668239","chr21","45329482","45329674","39","39661435"
"KN294172v1","5680396","5680480","chr1","121076939","121077022","28","115396543"
"KN294172v1","5680779","5680963","chr14","36731633","36731798","33","31050854"
"KN294172v1","5685409","5685696","chr19","23916207","23916494","18","18230798"
"KN294172v1","5757901","5758018","chr21","74667857","74667972","18","68909956"
"KN294172v1","5807758","5807940","chr10","117385991","117386167","32","111578233"
"KN294172v1","5809606","5809798","chr6","6863726","6863917","33","1054120"
"KN294172v1","5861881","5862160","chr19","23749429","23749711","12","17887548"
"KN294172v1","5863143","5863249","chr25","16264522","16264623","22","10401379"
"KN294172v1","6019245","6019521","chr19","23583607","23583882","21","17564362"
"KN294172v1","6020397","6020533","chr6","3981429","3981559","31","2038968"
"KN294172v1","6022980","6023284","chr26","55641816","55642122","38","49618836"
"KN294172v1","6052350","6052469","chr21","74667857","74667972","22","68615507"
"KN294172v1","6121573","6121754","chr15","18998078","18998253","36","12876505"
"KN294172v1","6125561","6125652","chr12","65190832","65190923","21","59065271"
"KN294172v1","6133443","6133516","chr16","21962406","21962483","24","15828963"
"KN294172v1","6185887","6186005","chr2","38982522","38982641","19","32796635"
"KN294172v1","6187065","6187355","chr19","23422671","23422948","21","17235606"
"KN294172v1","6276458","6276562","chr5","74607971","74608072","12","68331513"
"KN294172v1","6277575","6277877","chr27","9778999","9779300","27","3501424"
"KN294172v1","6282079","6282381","chr19","23343526","23343833","18","17061447"
"KN294172v1","6289585","6289894","chrUn_KE147541v1","229930","230239","32","6059655"
"KN294172v1","6311961","6312107","chr21","127188135","127188283","21","120876174"
"KN294172v1","6364669","6364771","chr19","23257897","23257999","3","16893228"
"KN294172v1","6365081","6365391","chr19","23257271","23257580","16","16892190"
"KN294172v1","6391147","6391314","chr9","41950879","41951039","34","35559732"
"KN294172v1","6452973","6453101","chr16","25984166","25984283","30","19531193"
"KN294172v1","6592735","6592829","chr19","23035363","23035457","4","16442628"
"KN294172v1","6663841","6664140","chr19","22964937","22965235","16","16301096"
"KN294172v1","6703494","6703592","chr2","25365259","25365352","16","18661765"
"KN294172v1","6844359","6844476","chr9","84500001","84500121","21","77655642"
"KN294172v1","6896992","6897080","chr7","7174323","7174408","21","277331"
"KN294172v1","6908491","6908798","chr19","22730252","22730560","8","15821761"
"KN294172v1","6947029","6947320","chr19","22688395","22688686","9","15741366"
"KN294172v1","6955187","6955465","chr19","22680193","22680466","15","15725006"
"KN294172v1","6960367","6960698","chr20","7848020","7848329","59","887653"
"KN294172v1","7038654","7038807","chr19","22594501","22594655","8","15555847"
"KN294172v1","7063619","7063929","chr19","22570434","22570764","28","15506815"
"KN294174v1","26408","26691","chr3","86134175","86134454","15","86107767"
"KN294174v1","143115","143236","chr3","86015371","86015494","14","85872256"
"KN294174v1","316725","317032","chr3","85841405","85841710","15","85524680"
"KN294174v1","457930","458081","chr3","85707941","85708080","20","85250011"
"KN294175v1","7603","7908","chr28","2243792","2244093","20","2236189"
"KN294175v1","16311","16462","chr28","2251652","2251806","6","2235341"
"KN294175v1","49094","49404","chr22","45276225","45276538","34","45227131"
"KN294175v1","53962","54242","chr10","4552268","4552559","79","4498306"
"KN294175v1","55782","55908","chr28","2286063","2286194","15","2230281"
"KN294175v1","83411","83581","chr14","70326149","70326316","30","70242738"
"KN294175v1","116753","116859","chr1","114686644","114686755","24","114569891"
"KN294175v1","121271","121405","chr28","2350160","2350295","6","2228889"
"KN294175v1","139757","140055","chr1","28417643","28417948","44","28277886"
"KN294175v1","155068","155362","chr28","2383248","2383549","16","2228180"
"KN294175v1","183345","183451","chr2","80385704","80385808","16","80202359"
"KN294175v1","185745","186013","chr1","114384451","114384712","47","114198706"
"KN294175v1","190016","190218","chr1","15557479","15557663","44","15367463"
"KN294176v1","73913","74016","chr11","59189198","59189302","3","59115285"
"KN294176v1","109695","109855","chr11","59155772","59155934","14","59046077"
"KN294181v1","463036","463338","chr2","81326980","81327289","25","80863944"
"KN294181v1","541918","542207","chr6","5084216","5084520","45","4542298"
"KN294181v1","606592","606904","chr16","7965180","7965491","37","7358588"
"KN294181v1","735361","735478","chr28","12590482","12590598","23","11855121"
"KN294181v1","737999","738304","chr2","81059951","81060256","13","80321952"
"KN294181v1","772718","773005","chr27","35645029","35645316","28","34872311"
"KN294181v1","790774","791079","chr2","81019922","81020227","10","80229148"
"KN294181v1","895393","895495","chr6","10962751","10962855","14","10067358"
"KN294181v1","1156259","1156348","chr1","32663530","32663618","14","31507271"
"KN294181v1","1190807","1191079","chr2","80636951","80637243","32","79446144"
"KN294181v1","1336660","1336790","chr2","80493453","80493583","13","79156793"
"KN294181v1","1443464","1443568","chr2","80385704","80385808","2","78942240"
"KN294181v1","1495539","1495823","chr2","80336984","80337274","43","78841445"
"KN294181v1","1532047","1532195","chr2","80304280","80304428","9","78772233"
"KN294181v1","1532380","1532454","chr7","118470880","118470952","13","116938500"
"KN294181v1","1535559","1535726","chr27","33925863","33926033","25","32390304"
"KN294181v1","1546179","1546303","chr2","80294772","80294900","11","78748593"
"KN294181v1","1630115","1630280","chr14","70326149","70326316","26","68696034"
"KN294181v1","1724633","1724932","chrUn_KE147547v1","354402","354703","38","1370231"
"KN294181v1","1736210","1736376","chrUn_KE147541v1","70880","71041","24","1665330"
"KN294181v1","1761582","1761873","chr2","80075116","80075403","10","78313534"
"KN294181v1","1797012","1797324","chr2","80041154","80041464","13","78244142"
"KN294182v1","21568","21752","chr20_KE148049v1_random","829078","829264","36","807510"
"KN294182v1","39838","40145","chr11","8684527","8684834","23","8644689"
"KN294182v1","173156","173264","chr16","72435596","72435702","19","72262440"
"KN294182v1","272505","272670","chr21","107819096","107819263","20","107546591"
"KN294182v1","288259","288524","chr17","30052039","30052319","65","29763780"
"KN294182v1","308830","309120","chr4","31030949","31031241","37","30722119"
"KN294182v1","313091","313392","chr1","583777","584072","18","270686"
"KN294182v1","322846","323115","chr1","574444","574717","19","251598"
"KN294182v1","325787","326086","chr1","571072","571376","28","245285"
"KN294182v1","353863","353933","chr1","52194455","52194521","24","51840592"
"KN294182v1","371721","372027","chr11","24437414","24437719","35","24065693"
"KN294182v1","435712","435881","chr16","70224259","70224419","39","69788547"
"KN294182v1","506558","506720","chr25","27497903","27498067","25","26991345"
"KN294182v1","524816","524980","chr14","70326149","70326316","25","69801333"
"KN294182v1","568958","569081","chr12","6578368","6578490","17","6009410"
"KN294182v1","740969","741060","chr17","48787078","48787167","10","48046109"
"KN294184v1","72807","72924","chr15","33461793","33461910","18","33388986"
"KN294184v1","207936","208244","chr2","80041154","80041464","37","79833218"
"KN294184v1","443591","443781","chr19","7192289","7192466","35","6748698"
"KN294184v1","446454","446587","chr22","36506300","36506423","17","36059846"
"KN294185v1","263445","263736","chr12","70729251","70729549","22","70465806"
"KN294185v1","296038","296151","chr1","114684461","114684569","20","114388423"
"KN294185v1","297107","297263","chrX","36908669","36908820","28","36611562"
"KN294185v1","309655","309732","chr1","24886470","24886549","9","24576815"
"KN294185v1","380890","381055","chr20","96338788","96338956","24","95957898"
"KN294185v1","383394","383693","chr5","53222290","53222595","48","52838896"
"KN294185v1","387665","387820","chr12","70851095","70851247","7","70463430"
"KN294185v1","482923","483195","chr12","70950704","70950996","36","70467781"
"KN294185v1","541988","542285","chr25","59237084","59237377","36","58695096"
"KN294187v1","17434","17718","chr16","68200582","68200875","28","68183148"
"KN294187v1","107382","107450","chr6","6790829","6790881","21","6683447"
"KN294187v1","141147","141283","chr5","2785589","2785721","17","2644442"
"KN294187v1","159421","159555","chr16","68345842","68345972","5","68186421"
"KN294187v1","187179","187485","chr14","60556136","60556443","35","60368957"
"KN294187v1","226956","227066","chr7","66118163","66118277","36","65891207"
"KN294187v1","241581","241701","chr16","68416772","68416892","3","68175191"
"KN294187v1","323600","323858","chr16","68495836","68496075","37","68172236"
"KN294187v1","363246","363496","chr3","230855","231116","48","132391"
"KN294187v1","408869","409165","chr10","126637376","126637670","34","126228507"
"KN294187v1","462156","462464","chr11","8684527","8684834","34","8222371"
"KN294187v1","590781","591091","chr16","68749212","68749516","22","68158431"
"KN294187v1","591092","591240","chr9","58679425","58679572","25","58088333"
"KN294187v1","883126","883446","chr16","69046958","69047267","24","68163832"
"KN294187v1","913385","913515","chrX","6430548","6430668","26","5517163"
"KN294187v1","914704","914805","chr16","69079248","69079352","7","68164544"
"KN294187v1","1015630","1015941","chr20","100393182","100393486","33","99377552"
"KN294187v1","1096554","1096842","chr16","69260347","69260635","12","68163793"
"KN294187v1","1134291","1134587","chr20","107475222","107475512","37","106340931"
"KN294187v1","1142019","1142325","chr16","69301803","69302103","19","68159784"
"KN294187v1","1199945","1200246","chr12","52933869","52934172","30","51733924"
"KN294187v1","1235824","1236128","chr16","69386959","69387273","41","68151135"
"KN294187v1","1236129","1236434","chr16","69386959","69387273","36","68150830"
"KN294187v1","1280476","1280639","chr2","36923940","36924102","40","35643464"
"KN294187v1","1294939","1295021","chr8","95737652","95737735","14","94442713"
"KN294187v1","1321211","1321503","chr16","69467502","69467798","18","68146291"
"KN294187v1","1321504","1321778","chr16","69467799","69468092","36","68146295"
"KN294187v1","1322213","1322331","chr16","69468686","69468813","12","68146473"
"KN294187v1","1323742","1324041","chr16","69469622","69469920","11","68145880"
"KN294187v1","1369116","1369219","chr5","74607971","74608072","16","73238855"
"KN294187v1","1422289","1422597","chr16","69563836","69564138","17","68141547"
"KN294187v1","1455978","1456264","chrX","22293419","22293712","49","20837441"
"KN294187v1","1510752","1511057","chr16","69648604","69648909","20","68137852"
"KN294187v1","1515824","1516137","chr6","8113448","8113758","49","6597624"
"KN294187v1","1551179","1551380","chrX","18599460","18599668","32","17048281"
"KN294187v1","1570614","1570732","chr4","77620980","77621096","14","76050366"
"KN294187v1","1583885","1584168","chr16","69718265","69718556","17","68134380"
"KN294187v1","1592740","1593019","chr2","10197809","10198088","38","8605069"
"KN294187v1","1618683","1618781","chr12","8858808","8858907","19","7240125"
"KN294187v1","1621014","1621182","chr25","15904393","15904561","27","14283379"
"KN294187v1","1621420","1621721","chr13","76591614","76591913","45","74970194"
"KN294187v1","1934035","1934332","chr2","9826203","9826494","44","7892168"
"KN294187v1","1999524","1999725","chr21","45329482","45329674","45","43329958"
"KN294187v1","2032065","2032370","chr16","70152273","70152578","13","68120208"
"KN294187v1","2099605","2099705","chr22","60162505","60162606","16","58062900"
"KN294192v1","207259","207555","chr13","47623791","47624086","15","47416532"
"KN294192v1","360362","360668","chr5","4164212","4164516","46","3803850"
"KN294192v1","687618","687815","chr6","14861387","14861589","35","14173769"
"KN294192v1","848776","848889","chr16","17573488","17573597","18","16724712"
"KN294193v1","127321","127464","chr16","48905388","48905528","15","48778067"
"KN294193v1","300157","300249","chr22","10137205","10137298","14","9837048"
"KN294193v1","389416","389541","chr19","21995982","21996112","26","21606566"
"KN294193v1","448676","448809","chr4","53367597","53367723","27","52918921"
"KN294193v1","450470","450572","chr16","48580788","48580889","7","48130318"
"KN294193v1","454904","455213","chrX","60632162","60632462","65","60177258"
"KN294193v1","475065","475168","chr27","19881572","19881674","10","19406507"
"KN294193v1","506025","506128","chr16","48525538","48525649","12","48019513"
"KN294193v1","542923","543178","chr6","4880562","4880810","43","4337639"
"KN294193v1","670162","670260","chr14","21133457","21133552","17","20463295"
"KN294193v1","751593","751768","chr14","18470427","18470606","30","17718834"
"KN294193v1","769869","770046","chr6","11874536","11874713","32","11104667"
"KN294193v1","815751","815929","chr14","36731633","36731798","33","35915882"
"KN294195v1","149999","150307","chr7","14934992","14935300","21","14784993"
"KN294195v1","181119","181410","chr7","14965859","14966161","17","14784740"
"KN294195v1","190164","190474","chrX","114986563","114986873","37","114796399"
"KN294198v1","1831","1926","chr24","81418244","81418339","14","81416413"
"KN294198v1","5027","5340","chr5","8802079","8802388","45","8797052"
"KN294199v1","106594","106691","chr11","104438424","104438519","9","104331830"
"KN294199v1","148400","148502","chr11","104399730","104399832","5","104251330"
"KN294199v1","197206","197291","chr9","82561941","82562022","17","82364735"
"KN294199v1","234754","234921","chr3","37397752","37397911","29","37162998"
"KN294199v1","239004","239305","chr11","104307495","104307797","20","104068491"
"KN294199v1","263745","264042","chr17","40162788","40163087","47","39899043"
"KN294199v1","320486","320613","chr11","104223850","104223979","8","103903364"
"KN294199v1","459068","459375","chr11","104086312","104086618","22","103627244"
"KN294199v1","481420","481607","chr23","46446460","46446648","35","45965040"
"KN294199v1","566259","566537","chr3","23383151","23383427","34","22816892"
"KN294199v1","581969","582276","chr6","8296516","8296820","41","7714547"
"KN294199v1","606071","606350","chr16","70363818","70364109","47","69757747"
"KN294199v1","683497","683622","chr11","103861501","103861627","5","103178004"
"KN294199v1","693032","693205","chr24","11295357","11295530","29","10602325"
"KN294199v1","693484","693520","chr5","74176221","74176260","14","73482737"
"KN294199v1","694057","694253","chr19","7192289","7192466","38","6498232"
"KN294199v1","795345","795479","chr11","103748059","103748193","4","102952714"
"KN294199v1","1176293","1176484","chr16","72182974","72183157","34","71006681"
"KN294199v1","1472640","1472925","chr11","103068202","103068475","26","101595562"
"KN294199v1","1509614","1509749","chr11","115793605","115793740","2","114283991"
"KN294205v1","200385","200674","chr3","18177694","18177984","27","17977309"
"KN294205v1","269321","269630","chr3","18113972","18114276","11","17844651"
"KN294205v1","273968","274261","chr3","18109645","18109948","25","17835677"
"KN294205v1","347394","347479","chr5","8661889","8661970","15","8314495"
"KN294205v1","373131","373309","chr20","96338788","96338956","35","95965657"
"KN294205v1","1035299","1035440","chr3","23052634","23052774","18","22017335"
"KN294205v1","1102717","1102799","chr1","117658552","117658633","11","116555835"
"KN294205v1","1410626","1410771","chr4","20858912","20859062","26","19448286"
"KN294205v1","1458081","1458197","chr3","16953768","16953907","28","15495687"
"KN294207v1","786316","786602","chr17","29235311","29235611","45","28448995"
"KN294207v1","133924","134231","chr6","27788548","27788847","48","27654624"
"KN294207v1","398070","398366","chr23","81672950","81673245","33","81274880"
"KN294207v1","409839","409954","chr8","65662352","65662462","23","65252513"
"KN294207v1","501650","501957","chr22","27205167","27205465","24","26703517"
"KN294207v1","616680","616781","chr22","27092648","27092749","7","26475968"
"KN294207v1","763634","763748","chr22","26948326","26948441","5","26184692"
"KN294207v1","817457","817555","chrX","20534133","20534232","30","19716676"
"KN294207v1","923966","924273","chr6","21066333","21066631","44","20142367"
"KN294207v1","1000001","1000101","chr15","10432185","10432289","16","9432184"
"KN294207v1","1083626","1083680","chr22","26629873","26629927","0","25546247"
"KN294207v1","1206558","1206653","chr24","64978103","64978195","11","63771545"
"KN294208v1","505862","506159","chr25","59356795","59357095","27","58850933"
"KN294208v1","588508","588659","chr25","59287936","59288088","5","58699428"
"KN294208v1","604648","604940","chr25","59271557","59271853","34","58666909"
"KN294208v1","638368","638660","chr25","59237084","59237377","17","58598716"
"KN294208v1","734151","734341","chr20","8927653","8927826","38","8193502"
"KN294210v1","127332","127610","chr7","91524594","91524866","33","91397262"
"KN294210v1","370474","370631","chr7","91742669","91742826","12","91372195"
"KN294210v1","379635","379923","chr7","91751605","91751900","15","91371970"
"KN294210v1","692557","692857","chr7","92059383","92059681","18","91366826"
"KN294210v1","1292498","1292794","chr7","92650326","92650623","15","91357828"
"KN294210v1","1295393","1295689","chr7","92650326","92650623","15","91354933"
"KN294210v1","1695533","1695643","chr12","75166153","75166258","18","73470620"
"KN294213v1","318048","318139","chr13","41945452","41945541","12","41627404"
"KN294214v1","100402","100523","chr9","29603421","29603533","21","29503019"
"KN294214v1","318687","318988","chr2","56460559","56460861","14","56141872"
"KN294214v1","351491","351778","chr2_KE147943v1_random","6762","7051","23","344729"
"KN294214v1","472423","472606","chr25","3319529","3319701","46","2847106"
"KN294214v1","487916","488027","chr2","56098537","56098651","6","55610621"
"KN294214v1","514254","514559","chr2","75171030","75171331","53","74656776"
"KN294214v1","643013","643185","chr14","36731633","36731798","31","36088620"
"KN294214v1","889432","889538","chr19","23348460","23348562","18","22459028"
"KN294214v1","1104344","1104496","chr16","63516031","63516179","21","62411687"
"KN294214v1","1511415","1511720","chr19","22184863","22185162","40","20673448"
"KN294214v1","1853495","1853559","chr9","28225548","28225604","14","26372053"
"KN294216v1","120673","120980","chr26","50826422","50826725","41","50705749"
"KN294217v1","101916","102221","chr20","128474382","128474687","21","128372466"
"KN294217v1","747283","747583","chr16","6040211","6040505","35","5292928"
"KN294217v1","1184850","1185119","chr2","10270776","10271050","35","9085926"
"KN294217v1","1665855","1665953","chr12","70774063","70774157","16","69108208"
"KN294217v1","1787771","1788073","chr11","8684527","8684834","39","6896756"
"KN294217v1","1902937","1903031","chr5","32476193","32476284","13","30573256"
"KN294217v1","1991778","1992039","chr6","3305002","3305266","43","1313224"
"KN294217v1","2046205","2046513","chr12","102408120","102408425","29","100361915"
"KN294217v1","2051488","2051790","chr20","126555240","126555542","14","124503752"
"KN294217v1","2129366","2129489","chr20","126477025","126477151","8","124347659"
"KN294217v1","2232805","2232955","chr24","26988575","26988724","25","24755770"
"KN294217v1","2452814","2452921","chr20","126169168","126169281","10","123716354"
"KN294217v1","2462752","2463033","chr16","12709267","12709539","47","10246515"
"KN294217v1","2679073","2679225","chr9","58679425","58679572","29","56000352"
"KN294218v1","143161","143256","chr4","70311569","70311664","17","70168408"
"KN294218v1","292245","292265","chr12","79182749","79182767","4","78890504"
"KN294218v1","292295","292558","chr9","2806510","2806785","19","2514215"
"KN294218v1","611471","611698","chr5","67189291","67189521","46","66577820"
"KN294218v1","739190","739473","chrX","109370939","109371228","44","108631749"
"KN294218v1","769482","769661","chr15","33336831","33337009","32","32567349"
"KN294218v1","771673","771786","chr9","29603421","29603533","16","28831748"
"KN294218v1","843491","843577","chr14","12560060","12560143","14","11716569"
"KN294218v1","945690","945865","chr20","8927653","8927826","28","7981963"
"KN294218v1","1184371","1184664","chr9","1885939","1886241","25","701568"
"KN294218v1","1206832","1207111","chrX","60711286","60711566","38","59504454"
"KN294218v1","1289574","1289900","chr21","120625123","120625419","66","119335549"
"KN294218v1","1386718","1386801","chrX","43385332","43385416","15","41998614"
"KN294218v1","1392851","1392952","chr24","29611425","29611522","16","28218574"
"KN294218v1","1553736","1553873","chr1","54191733","54191864","27","52637997"
"KN294218v1","1577444","1577753","chr5","66640620","66640927","50","65063176"
"KN294218v1","1981738","1982030","chr25","59237084","59237377","37","57255346"
"KN294218v1","2050121","2050292","chr17","48522634","48522804","24","46472513"
"KN294218v1","2153990","2154283","chr9","945818","946121","21","1208172"
"KN294218v1","2223178","2223260","chr9","879491","879570","5","1343687"
"KN294218v1","2285964","2286153","chr5","8682427","8682613","40","6396463"
"KN294218v1","2304612","2304866","chr9","802047","802295","17","1502565"
"KN294218v1","2305509","2305658","chr9","801254","801400","14","1504255"
"KN294218v1","2522109","2522222","chrUn_KE147540v1","1248353","1248467","17","1273756"
"KN294218v1","2648701","2648852","chr10_KE148023v1_random","287871","288019","25","2360830"
"KN294224v1","86041","86325","chr21","35018958","35019244","37","34932917"
"KN294224v1","530735","530879","chr3","7785596","7785747","14","7254861"
"KN294224v1","537201","537505","chr3","7779229","7779532","14","7242028"
"KN294224v1","640642","640796","chr3","7689367","7689532","20","7048725"
"KN294224v1","665006","665174","chr11","108651238","108651415","27","107986232"
"KN294224v1","755147","755373","chr21","119442218","119442448","28","118687071"
"KN294224v1","955058","955222","chr2","35368136","35368290","25","34413078"
"KN294224v1","999832","1000000","chr10","19929334","19929499","23","18929502"
"KN294224v1","1027061","1027361","chr1","65106207","65106504","35","64079146"
"KN294224v1","1047504","1047777","chr3","7279087","7279370","24","6231583"
"KN294224v1","1104777","1105048","chr9","93001276","93001549","48","91896499"
"KN294224v1","1286997","1287299","chr5","22901496","22901790","38","21614499"
"KN294224v1","1359191","1359403","chr22","19763747","19763965","27","18404556"
"KN294226v1","47969","48242","chr5","3502183","3502453","42","3454214"
"KN294226v1","119937","120230","chr13","29214233","29214530","14","29094296"
"KN294226v1","146618","146911","chr23","81672950","81673245","34","81526332"
"KN294226v1","245766","246077","chr6","32795599","32795909","41","32549833"
"KN294226v1","405728","405833","chr6","8198811","8198916","21","7793083"
"KN294226v1","627730","627841","chr22","68066876","68066983","15","67439146"
"KN294226v1","647618","647740","chr13","29750048","29750169","3","29102430"
"KN294226v1","872576","872872","chr8","9650849","9651146","38","8778273"
"KN294226v1","970799","971099","chr13","30069593","30069895","15","29098794"
"KN294229v1","9224","9394","chr2","81247077","81247245","24","81237853"
"KN294229v1","23586","23724","chr6","23937110","23937257","30","23913524"
"KN294229v1","62619","62905","chr11","31104580","31104872","17","31041961"
"KN294229v1","68448","68586","chr21","95187904","95188038","18","95119456"
"KN294229v1","79712","79893","chr14","18470427","18470606","30","18390715"
"KN294229v1","82529","82661","chr7","60547984","60548121","21","60465455"
"KN294229v1","100374","100549","chr21","107819096","107819263","33","107718722"
"KN294229v1","137584","137668","chr6","2957395","2957480","11","2819811"
"KN294229v1","170512","170730","chr16","74851808","74852031","45","74681296"
"KN294229v1","195103","195270","chr1","117375330","117375494","24","117180227"
"KN294229v1","265217","265518","chr11","30914892","30915189","18","30649675"
"KN294229v1","298722","299006","chr11","30883202","30883490","6","30584480"
"KN294229v1","302166","302254","chr1","32663530","32663618","16","32361364"
"KN294230v1","70010","70077","chr24","73991686","73991747","27","73921676"
"KN294233v1","364752","365035","chr20","123471137","123471428","37","123106385"
"KN294233v1","417508","417792","chr26","10699864","10700150","39","10282356"
"KN294233v1","497108","497392","chr7","13226957","13227240","16","12729849"
"KN294233v1","516563","516685","chr6","518047","518158","25","1484"
"KN294233v1","583380","583544","chr1","80523957","80524122","28","79940577"
"KN294233v1","702811","702900","chr7","13026508","13026594","5","12323697"
"KN294234v1","185814","185942","chr2","43414929","43415064","22","43229115"
"KN294234v1","208707","208970","chr8","2627437","2627687","23","2418730"
"KN294234v1","227346","227415","chr8","2609097","2609167","3","2381751"
"KN294234v1","322656","322963","chr8","2511020","2511327","12","2188364"
"KN294234v1","349636","349928","chr21","100099667","100099959","35","99750031"
"KN294234v1","497829","497990","chr25","27497903","27498067","26","27000074"
"KN294234v1","552227","552322","chr6","1144352","1144440","22","592125"
"KN294234v1","574742","575036","chr8","2264586","2264872","17","1689844"
"KN294234v1","697159","697470","chrUn_KE147541v1","229930","230239","37","467229"
"KN294234v1","859713","859919","chr20","87023843","87024048","43","86164130"
"KN294234v1","943125","943320","chr10","19939788","19939971","39","18996663"
"KN294234v1","963987","964105","chr8","1862240","1862375","22","898253"
"KN294234v1","964411","964425","chr1","40331274","40331287","3","39366863"
"KN294234v1","1165653","1165786","chrX","99705181","99705308","22","98539528"
"KN294234v1","1406408","1406551","chr8","1429652","1429791","10","23244"
"KN294234v1","1435492","1435657","chr16","70224259","70224419","30","68788767"
"KN294234v1","1816305","1816483","chr22","32414322","32414499","34","30598017"
"KN294234v1","1886265","1886361","chr1","4000001","4000097","17","2113736"
"KN294234v1","2270574","2270696","chrUn_KE147541v1","395207","395327","31","1875367"
"KN294235v1","71273","71575","chr25","12225130","12225434","13","12153857"
"KN294235v1","124924","125083","chr23","4466105","4466255","31","4341181"
"KN294235v1","125115","125131","chr17","43891415","43891430","3","43766300"
"KN294235v1","165173","165280","chr6","1694984","1695087","28","1529811"
"KN294235v1","177553","177721","chr16","70224259","70224419","29","70046706"
"KN294235v1","292426","292739","chr25","12003731","12004040","30","11711305"
"KN294235v1","498008","498278","chr20","95341517","95341796","45","94843509"
"KN294235v1","739786","740062","chr25","11560259","11560536","11","10820473"
"KN294235v1","841977","842081","chr25","11459064","11459169","4","10617087"
"KN294235v1","882206","882375","chr1","117375330","117375494","27","116493124"
"KN294235v1","897279","897471","chr14","18470427","18470606","36","17573148"
"KN294235v1","906558","906684","chr25","11398816","11398954","18","10492258"
"KN294239v1","191410","191499","chr4","69405303","69405390","8","69213893"
"KN294239v1","251317","251441","chr4","69351200","69351323","3","69099883"
"KN294239v1","347032","347335","chr16","61916805","61917100","40","61569773"
"KN294239v1","401796","401890","chr4","69208630","69208724","6","68806834"
"KN294239v1","421116","421405","chr4","69189277","69189562","10","68768161"
"KN294239v1","458973","459140","chr25","3319529","3319701","25","2860556"
"KN294239v1","1553490","1553594","chr9","60825849","60825952","10","59272359"
"KN294239v1","1777743","1778051","chr4","67847701","67848006","21","66069958"
"KN294239v1","1788896","1789074","chr15","33336831","33337009","32","31547935"
"KN294239v1","1867672","1867912","chr5","45739331","45739557","43","43871659"
"KN294239v1","2144938","2145102","chr25","27497903","27498067","24","25352965"
"KN294242v1","41300","41466","chr3","90477940","90478106","24","90436640"
"KN294243v1","161209","161510","chr11","8684527","8684834","43","8523318"
"KN294243v1","244372","244672","chr9","41373701","41374001","7","41129329"
"KN294243v1","276573","276710","chr9","41346436","41346579","10","41069863"
"KN294244v1","19125","19298","chr11","59155772","59155934","30","59136647"
"KN294245v1","72802","72866","chr12","7728989","7729052","14","7656187"
"KN294245v1","121124","121402","chr4","9012309","9012587","32","8891185"
"KN294245v1","307478","307636","chr19","22594501","22594655","31","22287023"
"KN294245v1","534329","534435","chr12","83966788","83966894","17","83432459"
"KN294245v1","1593488","1593783","chr27","6738940","6739236","20","5145452"
"KN294250v1","196823","196940","chr20","103694235","103694348","18","103497412"
"KN294251v1","521666","521976","chr11","8684527","8684834","36","8162861"
"KN294251v1","601178","601391","chr20","87023843","87024048","45","86422665"
"KN294251v1","931177","931340","chr1","25036789","25036954","24","24105612"
"KN294251v1","1253420","1253555","chr17","19175870","19176004","12","17922450"
"KN294251v1","1450266","1450566","chr17","19370110","19370407","16","17919844"
"KN294251v1","1466770","1466912","chr4","9883306","9883434","20","8416536"
"KN294251v1","1563614","1563898","chr17","19479326","19479617","20","17915712"
"KN294251v1","1693585","1693698","chr5","65450314","65450424","19","63756729"
"KN294251v1","1797784","1797901","chr27","18833663","18833780","22","17035879"
"KN294251v1","2043107","2043365","chr19","16286678","16286927","45","14243571"
"KN294251v1","2278231","2278511","chr8","40061557","40061837","28","37783326"
"KN294251v1","2335348","2335500","chrX","108711335","108711486","30","106375987"
"KN294251v1","3057692","3057796","chr17","20962266","20962370","9","17904574"
"KN294251v1","3237910","3238223","chr17","21127967","21128279","19","17890057"
"KN294251v1","3663430","3663467","chr12","3445948","3445985","15","217482"
"KN294251v1","3970064","3970358","chr8","117985778","117986075","39","114015714"
"KN294251v1","4175921","4176216","chr9","51981018","51981314","43","47805097"
"KN294257v1","117386","117669","chr17","45612741","45613024","12","45495355"
"KN294257v1","126384","126662","chr18","13847079","13847356","37","13720695"
"KN294257v1","148878","149124","chr11","124277362","124277609","35","124128484"
"KN294257v1","167011","167109","chr17","45664573","45664671","7","45497562"
"KN294257v1","174006","174118","chr3","12970708","12970821","14","12796702"
"KN294257v1","206391","206695","chr17","45703830","45704132","17","45497439"
"KN294257v1","295170","295298","chr17","45849108","45849234","6","45553938"
"KN294257v1","309187","309471","chr17","45863634","45863925","14","45554447"
"KN294257v1","364776","365079","chr11","105204330","105204627","38","104839554"
"KN294257v1","367726","367820","chr12","70774063","70774157","11","70406337"
"KN294257v1","467985","468158","chr20","8927653","8927826","27","8459668"
"KN294257v1","473313","473627","chr29","21914305","21914613","37","21440992"
"KN294257v1","577749","577851","chr11","11520976","11521077","19","10943227"
"KN294257v1","752975","753075","chr17","46279517","46279618","8","45526542"
"KN294257v1","783788","783880","chr17","46315123","46315215","4","45531335"
"KN294257v1","815399","815510","chr18","57049109","57049219","16","56233710"
"KN294257v1","818816","818988","chr3","37397752","37397911","29","36578936"
"KN294257v1","824310","824599","chr17","46357870","46358157","17","45533560"
"KN294257v1","928563","928810","chr17","46448237","46448483","10","45519674"
"KN294257v1","964386","964625","chr12","44519999","44520223","58","43555613"
"KN294257v1","1167014","1167314","chr17","46694608","46694895","26","45527594"
"KN294257v1","1407450","1407520","chr17","46928458","46928529","7","45521008"
"KN294257v1","1415281","1415403","chr4","20961424","20961545","15","19546143"
"KN294257v1","1425186","1425480","chr16","2621276","2621572","37","1196090"
"KN294257v1","1532176","1532256","chr10","100555495","100555565","23","99023319"
"KN294257v1","1741983","1742120","chr21","95187904","95188038","15","93445921"
"KN294257v1","1821198","1821468","chr20","62646568","62646835","38","60825370"
"KN294257v1","1840281","1840393","chr2","58504374","58504493","19","56664093"
"KN294257v1","1918587","1918884","chr17","47428115","47428421","18","45509528"
"KN294257v1","1920867","1921176","chr14","89910303","89910602","49","87989436"
"KN294257v1","1977369","1977515","chr11","111922232","111922372","21","109944863"
"KN294257v1","1988780","1988971","chr7","35714639","35714831","37","33725859"
"KN294257v1","2148568","2148868","chr16","18596663","18596956","34","16448095"
"KN294257v1","2168813","2169106","chr17","47674881","47675171","16","45506068"
"KN294257v1","2213843","2214153","chr17","47720364","47720649","49","45506521"
"KN294257v1","2336882","2337186","chr17","47849550","47849854","15","45512668"
"KN294257v1","2442982","2443072","chr10","79376723","79376811","14","76933741"
"KN294257v1","2483155","2483257","chr6","1694984","1695087","22","788171"
"KN294257v1","2690345","2690456","chr16","60592319","60592428","25","57901974"
"KN294260v1","393298","393484","chr11","64990360","64990552","40","64597062"
"KN294260v1","457367","457639","chr14","22221461","22221740","55","21764094"
"KN294260v1","516954","517082","chr17","52575629","52575753","26","52058675"
"KN294260v1","534423","534568","chr5","2785589","2785721","41","2251166"
"KN294260v1","534874","535035","chr20","12577124","12577295","41","12042250"
"KN294260v1","660599","660688","chr22","41205680","41205771","5","40545081"
"KN294260v1","717044","717343","chr1","65106207","65106504","36","64389163"
"KN294260v1","882366","882642","chr20","106755626","106755912","44","105873260"
"KN294260v1","993451","993552","chr22","40865531","40865623","15","39872080"
"KN294260v1","1449532","1449843","chr6","7204387","7204703","39","5754855"
"KN294260v1","1495202","1495371","chr11","25827870","25828027","29","24332668"
"KN294260v1","1693541","1693846","chr22","40179547","40179853","21","38486006"
"KN294260v1","1883454","1883743","chr22","39995025","39995306","19","38111571"
"KN294260v1","2395485","2395731","chr22","39488296","39488561","35","37092811"
"KN294261v1","295868","295976","chr20","67339379","67339488","7","67043511"
"KN294262v1","1368815","1368995","chr24","11295357","11295530","35","9926542"
"KN294262v1","1538820","1539126","chr25","42749768","42750081","19","41210948"
"KN294262v1","1556657","1556778","chr25","42767362","42767484","7","41210705"
"KN294262v1","1587088","1587276","chr25","42796895","42797079","11","41209807"
"KN294262v1","1592646","1592945","chr25","42802773","42803071","11","41210127"
"KN294262v1","1895229","1895406","chr25","43089902","43090090","17","41194673"
"KN294262v1","1959818","1960128","chr26","17432632","17432929","39","15472814"
"KN294262v1","1979032","1979232","chr6","38827882","38828097","47","36848850"
"KN294262v1","2025849","2025980","chr25","43222530","43222661","2","41196681"
"KN294262v1","2094939","2095085","chr20","71110293","71110440","28","69015354"
"KN294262v1","2256859","2256965","chr12","67988222","67988330","14","65731363"
"KN294262v1","2572542","2572842","chr25","43753379","43753673","25","41180837"
"KN294262v1","2958212","2958314","chr10","51388491","51388591","15","48430279"
"KN294264v1","1572","1875","chrX","124363662","124363963","11","124362090"
"KN294264v1","12262","12394","chrX","124373872","124373997","10","124361610"
"KN294266v1","1","92","chr10","55206214","55206302","16","55206213"
"KN294266v1","150640","150783","chr8","95832482","95832619","19","95681842"
"KN294266v1","152474","152766","chr11","36498963","36499251","24","36346489"
"KN294266v1","173291","173575","chr2","38921771","38922054","45","38748480"
"KN294266v1","295188","295307","chr11","36500281","36500401","14","36205093"
"KN294266v1","316722","316993","chr21","125095843","125096118","50","124779121"
"KN294266v1","495915","496212","chr11","36179865","36180167","17","35683950"
"KN294266v1","692695","692825","chr11","35999318","35999445","10","35306623"
"KN294269v1","16196","16498","chr2","59973326","59973630","34","59957130"
"KN294269v1","373380","373687","chr12","17538996","17539305","37","17165616"
"KN294269v1","556740","556828","chr20","118619742","118619831","11","118063002"
"KN294269v1","578370","578506","chr2","60528603","60528737","11","59950233"
"KN294269v1","719879","720078","chr23","22563678","22563870","41","21843799"
"KN294269v1","766459","766735","chr9","94866486","94866757","51","94100027"
"KN294269v1","799135","799441","chr16","52204777","52205086","34","51405642"
"KN294269v1","850969","851081","chr2","60807209","60807327","13","59956240"
"KN294269v1","877025","877114","chr25","43448216","43448307","17","42571191"
"KN294269v1","978626","978777","chr6","2935048","2935204","24","1956422"
"KN294269v1","1015746","1015884","chr2","60970574","60970705","11","59954828"
"KN294269v1","1213712","1214015","chr14","64691189","64691488","29","63477477"
"KN294269v1","1378960","1379074","chr5","65450314","65450424","30","64071354"
"KN294269v1","1505603","1505940","chr7","102600782","102601117","55","101095179"
"KN294269v1","1618482","1618608","chr2","61552625","61552749","6","59934143"
"KN294271v1","183614","183735","chr20","103694235","103694348","21","103510621"
"KN294271v1","390868","391008","chr2","77590287","77590420","27","77199419"
"KN294271v1","624172","624480","chr18","55237441","55237750","17","54613269"
"KN294271v1","636885","637127","chr18","55250486","55250728","5","54613601"
"KN294271v1","749589","749809","chr16","53306089","53306296","52","52556500"
"KN294271v1","880020","880275","chr18","55492110","55492357","21","54612090"
"KN294271v1","981810","981919","chr7","75641666","75641775","17","74659856"
"KN294271v1","1082910","1083214","chr18","55697601","55697911","31","54614691"
"KN294271v1","1100533","1100840","chr18","55715249","55715556","12","54614716"
"KN294278v1","94761","95047","chr19","26992368","26992672","46","26897607"
"KN294279v1","37157","37452","chr25","12358209","12358512","20","12321052"
"KN294279v1","53503","53564","chr10","54977186","54977245","13","54923683"
"KN294279v1","242340","242510","chr14","70326149","70326316","27","70083809"
"KN294279v1","256941","257230","chr25","12578676","12578977","30","12321735"
"KN294281v1","47393","47669","chr7","95115155","95115426","19","95067762"
"KN294281v1","124731","124816","chr23","61996892","61996979","12","61872161"
"KN294281v1","1287600","1287704","chr7","96322028","96322114","20","95034428"
"KN294284v1","88552","88861","chr11","8684527","8684834","44","8595975"
"KN294284v1","106212","106516","chr24","11419598","11419898","25","11313386"
"KN294284v1","107025","107187","chr24","11418936","11419091","17","11311911"
"KN294284v1","124354","124646","chr19","4361166","4361457","38","4236812"
"KN294284v1","124764","125069","chr24","11401598","11401908","18","11276834"
"KN294287v1","93834","94104","chr5","2397363","2397635","38","2303529"
"KN294287v1","202735","203035","chr24","44997962","44998254","25","44795227"
"KN294287v1","203385","203510","chr24","44997491","44997612","11","44794106"
"KN294287v1","220676","220971","chr24","44980497","44980795","18","44759821"
"KN294287v1","329846","330143","chr7","99802568","99802862","52","99472722"
"KN294287v1","371781","371927","chr9","96731301","96731449","21","96359520"
"KN294287v1","507186","507481","chr24","44705141","44705440","17","44197955"
"KN294287v1","664394","664548","chr11","47211300","47211455","23","46546906"
"KN294287v1","682919","683212","chr14","20752433","20752730","32","20069514"
"KN294287v1","770003","770307","chr24","44452228","44452536","14","43682225"
"KN294287v1","770754","771020","chr6","42326206","42326474","41","41555452"
"KN294287v1","855248","855419","chr25","15904393","15904561","25","15049145"
"KN294287v1","879103","879169","chr19","19105803","19105866","20","18226700"
"KN294287v1","1059388","1059445","chr2","80760402","80760459","17","79701014"
"KN294287v1","1081273","1081584","chr2","81059951","81060256","46","79978678"
"KN294287v1","1170379","1170676","chr24","44059056","44059352","19","42888677"
"KN294289v1","213228","213396","chrUn_KE147541v1","70880","71041","41","142348"
"KN294289v1","337460","337577","chr4","54692243","54692365","11","54354783"
"KN294289v1","495002","495120","chr2","32374400","32374526","33","31879398"
"KN294289v1","627206","627488","chr4","54403301","54403583","12","53776095"
"KN294291v1","151456","151531","chr5","19497747","19497824","19","19346291"
"KN294291v1","210881","211198","chr3","3098607","3098920","47","2887726"
"KN294291v1","229986","230085","chr5","13489837","13489925","19","13259851"
"KN294291v1","255369","255491","chr3","31256041","31256170","21","31000672"
"KN294292v1","23922","24233","chr11","8684527","8684834","45","8660605"
"KN294292v1","130724","131032","chrX","85990043","85990349","12","85859319"
"KN294294v1","81926","82112","chr19","7192289","7192466","38","7110363"
"KN294294v1","101741","101908","chr21","117660942","117661108","26","117559201"
"KN294294v1","153864","154036","chr14","36731633","36731798","25","36577769"
"KN294294v1","190954","191110","chr1","116732178","116732337","31","116541224"
"KN294302v1","313829","313961","chr23","2620222","2620338","31","2306393"
"KN294302v1","582510","582798","chr9","15199539","15199828","38","14617029"
"KN294302v1","683774","683887","chr8","117999888","118000000","17","117316114"
"KN294303v1","293883","293985","chr8","40250327","40250427","11","39956444"
"KN294303v1","299873","300160","chr5","17335299","17335587","28","17035426"
"KN294303v1","337719","338028","chr16","51631281","51631589","34","51293562"
"KN294318v1","101123","101249","chr20","13107482","13107603","20","13006359"
"KN294318v1","355911","356004","chr11","18150178","18150271","5","17794267"
"KN294322v1","5150","5336","chr10_KE148023v1_random","379045","379231","32","373895"
"KN294325v1","2056","2249","chr6","33868715","33868906","37","33866659"
"KN294325v1","271543","271712","chr10","19929334","19929499","7","19657791"
"KN294325v1","274603","274903","chr10","19926771","19927064","16","19652168"
"KN294325v1","300965","301128","chr3","90477940","90478106","34","90176975"
"KN294325v1","427793","428052","chr10","19782431","19782688","10","19354638"
"KN294325v1","482830","483052","chr10","19730285","19730508","14","19247455"
"KN294325v1","499911","499994","chr10","58779500","58779586","12","58279589"
"KN294325v1","558282","558591","chr10","19653228","19653536","14","19094946"
"KN294325v1","627305","627481","chr13","38693871","38694044","38","38066566"
"KN294325v1","700694","700991","chr10","19513326","19513621","19","18812632"
"KN294325v1","753024","753292","chr13","28742715","28742991","39","27989691"
"KN294325v1","932352","932626","chr11","75115871","75116156","41","74183519"
"KN294325v1","973921","974193","chr10","19256607","19256846","43","18282686"
"KN294325v1","1021368","1021661","chr4","70660275","70660566","30","69638907"
"KN294325v1","1037568","1037879","chr10","19189746","19190041","29","18152178"
"KN294325v1","1260975","1261138","chr10","122138385","122138550","26","120877410"
"KN294325v1","1415205","1415302","chr1","115520059","115520154","20","114104854"
"KN294326v1","340527","340801","chr16","17005194","17005484","30","16664667"
"KN294326v1","667901","668024","chr18","67782940","67783059","23","67115039"
"KN294326v1","746281","746388","chr16","17409195","17409299","8","16662914"
"KN294326v1","748481","748646","chrUn_KE147579v1","39723","39885","32","708758"
"KN294326v1","847902","848203","chr16","17538060","17538368","21","16690158"
"KN294335v1","652517","652670","chr10","12418896","12419048","7","11766379"
"KN294336v1","10684","10866","chr19","33115164","33115349","32","33104480"
"KN294339v1","381","535","chr6","2935048","2935204","23","2934667"
"KN294339v1","49989","50105","chr22","28996716","28996832","15","28946727"
"KN294345v1","1135458","1135757","chr4","60621149","60621456","17","59485691"
"KN294345v1","1176994","1177293","chr1","103448848","103449156","46","102271854"
"KN294345v1","1610145","1610434","chr4","61083703","61083993","16","59473558"
"KN294345v1","1684971","1685115","chr8","31652622","31652762","27","29967651"
"KN294345v1","1685159","1685231","chr14","98570724","98570787","24","96885565"
"KN294345v1","1765061","1765357","chr11","19933381","19933679","37","18168320"
"KN294345v1","1765523","1765824","chr4","61234154","61234455","15","59468631"
"KN294345v1","1977685","1977978","chr4","61439014","61439308","19","59461329"
"KN294345v1","2145194","2145364","chr17","68350038","68350213","40","66204844"
"KN294345v1","2203266","2203352","chr12","94398899","94398984","13","92195633"
"KN294346v1","300909","301225","chr21","100320721","100321025","30","100019812"
"KN294346v1","334659","334958","chr21","100288679","100288973","16","99954020"
"KN294346v1","528877","529176","chr21","100099667","100099959","18","99570790"
"KN294346v1","608478","608778","chr13","61726000","61726297","18","61117522"
"KN294347v1","2670","2801","chr20","116440483","116440594","28","116437813"
"KN294349v1","152701","153003","chrX","74718076","74718365","23","74565375"
"KN294364v1","51560","51843","chr17","32917975","32918262","36","32866415"
"KN294365v1","118300","118432","chr14","11360362","11360493","5","11242062"
"KN294365v1","248498","248802","chr14","11472688","11472980","27","11224190"
"KN294365v1","355665","355968","chr14","11579477","11579780","26","11223812"
"KN294365v1","518420","518721","chr14","11718808","11719092","32","11200388"
"KN294365v1","629111","629350","chr14","11847303","11847553","36","11218192"
"KN294365v1","730021","730180","chr6","2935048","2935204","29","2205027"
"KN294365v1","743023","743107","chr8","28899294","28899381","15","28156271"
"KN294365v1","767723","767815","chr1","46852099","46852196","16","46084376"
"KN294365v1","885601","885915","chr14","12102284","12102599","19","11216683"
"KN294365v1","1034438","1034683","chr6","45460141","45460368","49","44425703"
"KN294365v1","1036252","1036371","chr6","12731805","12731925","22","11695553"
"KN294365v1","1097314","1097431","chr25","35168624","35168741","30","34071310"
"KN294365v1","1107622","1107785","chr10","19929334","19929499","29","18821712"
"KN294365v1","1182440","1182743","chr14","12397385","12397684","21","11214945"
"KN294365v1","1317075","1317357","chr14","12534048","12534330","18","11216973"
"KN294365v1","1342869","1342952","chr14","12560060","12560143","5","11217191"
"KN294365v1","1392507","1392806","chr14","75193338","75193633","47","73800831"
"KN294365v1","1404999","1405277","chr3","23383151","23383427","33","21978152"
"KN294365v1","1887681","1887822","chr14","13094772","13094911","14","11207091"
"KN294365v1","1906469","1906568","chr20","108798105","108798208","28","106891636"
"KN294365v1","1907542","1907641","chrX","20534133","20534232","32","18626591"
"KN294365v1","1907644","1907781","chr27","38860831","38860962","23","36953187"
"KN294365v1","1922499","1922759","chr5","26425000","26425265","47","24502501"
"KN294365v1","1955532","1955837","chr14","13157926","13158219","28","11202394"
"KN294365v1","1956787","1957074","chr26","53914369","53914658","33","51957582"
"KN294365v1","1964228","1964529","chr14","13166461","13166763","17","11202233"
"KN294365v1","1974567","1974722","chr13","22990575","22990730","32","21016008"
"KN294365v1","1981706","1981970","chr14","13183641","13183914","17","11201935"
"KN294365v1","2018993","2019296","chr14","13220265","13220566","14","11201272"
"KN294365v1","2023526","2023829","chr14","13225724","13226003","39","11202198"
"KN294365v1","2033496","2033822","chr20","120774195","120774519","47","118740699"
"KN294365v1","2061503","2061741","chr6","48621903","48622145","59","46560400"
"KN294365v1","2071040","2071315","chr14","13276029","13276304","12","11204989"
"KN294365v1","2082670","2082947","chr6","633194","633483","37","1449476"
"KN294366v1","497691","497861","chr14","36731633","36731798","25","36233942"
"KN294366v1","497863","497982","chr6","40506259","40506380","38","40008396"
"KN294372v1","217547","217650","chr8","15274422","15274520","14","15056875"
"KN294372v1","281590","281879","chr21","100099667","100099959","33","99818077"
"KN294372v1","354221","354512","chr15","1462896","1463192","47","1108675"
"KN294372v1","592216","592410","chr19","25599493","25599672","39","25007277"
"KN294372v1","776028","776198","chr20","8927653","8927826","33","8151625"
"KN294372v1","843420","843723","chr21","13859037","13859338","41","13015617"
"KN294372v1","866327","866636","chr22","11471359","11471672","15","10605032"
"KN294372v1","876948","877260","chr22","11461221","11461530","28","10584273"
"KN294372v1","903970","904253","chr22","11434189","11434491","36","10530219"
"KN294372v1","981929","982209","chr13","28742715","28742991","41","27760786"
"KN294372v1","985178","985383","chr6","14861387","14861589","54","13876209"
"KN294372v1","988074","988364","chr22","11353368","11353655","11","10365294"
"KN294372v1","1000001","1000147","chr6","7968956","7969087","39","6968955"
"KN294372v1","1116247","1116552","chr7","100563987","100564294","44","99447740"
"KN294372v1","1117192","1117336","chrX_KE148108v1_random","1282629","1282776","26","165437"
"KN294372v1","1218744","1218856","chr22","11124078","11124188","7","9905334"
"KN294372v1","1218940","1219219","chr26","6538749","6539030","42","5319809"
"KN294372v1","1342989","1343287","chr22","11002083","11002384","14","9659094"
"KN294372v1","1398443","1398739","chr22","10948569","10948870","19","9550126"
"KN294372v1","1409405","1409589","chr2","84460702","84460880","38","83051297"
"KN294372v1","1454608","1454910","chr12","44257101","44257398","38","42802493"
"KN294372v1","1473601","1473668","chr22","10880122","10880189","3","9406521"
"KN294372v1","1479894","1480026","chr1","22022929","22023055","26","20543035"
"KN294372v1","1480333","1480496","chr13","21963737","21963894","26","20483404"
"KN294372v1","1505199","1505507","chr22","10848318","10848610","27","9343119"
"KN294372v1","1517722","1517815","chr4","70311569","70311664","18","68793847"
"KN294372v1","1519200","1519491","chr22","10832492","10832783","14","9313292"
"KN294372v1","1555197","1555493","chr14","44969288","44969585","37","43414091"
"KN294372v1","1575219","1575507","chr5","22901496","22901790","36","21326277"
"KN294372v1","1585167","1585333","chr6","4157525","4157687","29","2572358"
"KN294372v1","1623324","1623632","chrX","80711023","80711325","44","79087699"
"KN294372v1","1637922","1638215","chr22","10725970","10726259","14","9088048"
"KN294372v1","1728470","1728748","chr4","37323635","37323912","41","35595165"
"KN294372v1","1776995","1777106","chr22","10595918","10596029","6","8818923"
"KN294372v1","1781280","1781456","chr22","8659871","8660042","31","6878591"
"KN294372v1","1789694","1790018","chrX","43812074","43812380","48","42022380"
"KN294372v1","1820979","1821286","chr26","33080181","33080476","48","31259202"
"KN294372v1","1833208","1833352","chr12","53066244","53066408","38","51233036"
"KN294372v1","1866780","1867077","chr22","10509669","10509948","29","8642889"
"KN294372v1","1891034","1891330","chr22","10484850","10485145","19","8593816"
"KN294372v1","1902638","1902734","chr13","28535491","28535589","17","26632853"
"KN294372v1","1916578","1916720","chr22","10014303","10014440","9","8097725"
"KN294372v1","1937517","1937828","chr22","10439001","10439310","14","8501484"
"KN294372v1","1952795","1952951","chr16","70224259","70224419","27","68271464"
"KN294372v1","1999866","2000000","chr16","68345842","68345972","17","66345976"
"KN294372v1","2001588","2001686","chr22","10378432","10378530","5","8376844"
"KN294372v1","2016407","2016598","chr10","19939788","19939971","39","17923381"
"KN294372v1","2059627","2059714","chr10","79376723","79376811","13","77317096"
"KN294372v1","2073468","2073776","chr10","35202908","35203214","43","33129440"
"KN294372v1","2075341","2075520","chr15","18998078","18998253","33","16922737"
"KN294372v1","2075568","2075665","chr9","124609102","124609190","27","122533534"
"KN294372v1","2185876","2186016","chr22","10191995","10192133","15","8006119"
"KN294372v1","2247269","2247361","chr22","10137205","10137298","10","7889936"
"KN294372v1","2267451","2267756","chr19","14526001","14526299","37","12258550"
"KN294372v1","2350480","2350681","chr6","14861387","14861589","47","12510907"
"KN294372v1","2476461","2476658","chr2","20144961","20145151","36","17668500"
"KN294372v1","2480016","2480166","chr16","63516031","63516179","17","61036015"
"KN294372v1","2497093","2497343","chr22","9885310","9885566","17","7388217"
"KN294372v1","2521227","2521402","chr11","44985103","44985269","27","42463876"
"KN294372v1","2543330","2543629","chr1","65106207","65106504","20","62562877"
"KN294372v1","2659166","2659330","chr1","117375330","117375494","29","114716164"
"KN294373v1","400825","400925","chr25","48878806","48878903","30","48477981"
"KN294373v1","525203","525512","chr8","34673017","34673328","17","34147814"
"KN294373v1","683593","683878","chr8","34531485","34531772","14","33847892"
"KN294373v1","782071","782344","chr8","34431591","34431866","17","33649520"
"KN294373v1","817450","817755","chr11","8684527","8684834","34","7867077"
"KN294373v1","1627260","1627530","chr5","3258118","3258393","49","1630858"
"KN294375v1","280370","280523","chr13","41683778","41683922","27","41403408"
"KN294375v1","484839","485031","chr19","33115164","33115349","35","32630325"
"KN294375v1","697157","697286","chr9","14680535","14680665","16","13983378"
"KN294375v1","888919","889198","chr7","87079141","87079422","37","86190222"
"KN294375v1","922972","923262","chr13","38728535","38728832","25","37805563"
"KN294377v1","547412","547711","chr7","25567164","25567463","38","25019752"
"KN294377v1","1720809","1721105","chr21","43544039","43544334","15","41823230"
"KN294377v1","1869247","1869521","chr21","43690605","43690897","31","41821358"
"KN294378v1","67762","67828","chrX","11215961","11216022","20","11148199"
"KN294378v1","176220","176348","chr8","1855152","1855275","17","1678932"
"KN294378v1","543646","543751","chr16","63309997","63310100","21","62766351"
"KN294378v1","911708","911875","chr4","63793855","63794017","24","62882147"
"KN294378v1","943920","944095","chr28","1349405","1349577","30","405485"
"KN294378v1","959978","960082","chr12","104563316","104563418","21","103603338"
"KN294378v1","978264","978531","chr2","14011679","14011946","51","13033415"
"KN294378v1","1000001","1000103","chr8","62785272","62785372","15","61785271"
"KN294378v1","1045389","1045533","chr5","15014795","15014935","12","13969406"
"KN294378v1","1049633","1049932","chr15","89254056","89254351","36","88204423"
"KN294378v1","1090687","1090868","chr25","68556168","68556336","36","67465481"
"KN294378v1","1111785","1111941","chr6","7839767","7839914","28","6727982"
"KN294378v1","1124251","1124509","chr5","14934320","14934560","30","13810069"
"KN294378v1","1129315","1129421","chr5","14930093","14930205","9","13800778"
"KN294378v1","1289135","1289305","chr10","19929334","19929499","33","18640199"
"KN294378v1","1308962","1309096","chr24","47738419","47738551","21","46429457"
"KN294378v1","1309402","1309547","chrX","108711335","108711486","32","107401933"
"KN294378v1","1370709","1370851","chr9","41346436","41346579","17","39975727"
"KN294378v1","1379828","1380121","chr5","14679568","14679862","23","13299740"
"KN294378v1","1392313","1392451","chr5","14667097","14667239","10","13274784"
"KN294378v1","1410957","1411064","chr1","17486662","17486767","14","16075705"
"KN294378v1","1460425","1460590","chr25","27497903","27498067","20","26037478"
"KN294378v1","1514941","1515085","chr5","14546057","14546205","6","13031116"
"KN294378v1","1597886","1598074","chr20","129565248","129565429","37","127967362"
"KN294378v1","1634712","1634799","chr1","25147531","25147618","12","23512819"
"KN294378v1","1639323","1639460","chr5","14422123","14422264","4","12782800"
"KN294378v1","1641149","1641305","chr5","14420552","14420713","13","12779403"
"KN294378v1","1653614","1653773","chr1","55471710","55471867","24","53818096"
"KN294379v1","47077","47385","chrX","30135732","30136031","14","30088655"
"KN294383v1","39550","39711","chr6","2935048","2935204","33","2895498"
"KN294385v1","43365","43415","chr2","47792593","47792644","9","47749228"
"KN294385v1","43461","43516","chr5","16778443","16778494","12","16734982"
"KN294385v1","166990","167087","chr12","98685929","98686023","8","98518939"
"KN294385v1","250860","251026","chr21","107819096","107819263","31","107568236"
"KN294385v1","311584","311820","chr5","14934320","14934560","37","14622736"
"KN294385v1","328192","328357","chr10","122138385","122138550","25","121810193"
"KN294385v1","337784","337934","chr12","98842439","98842589","7","98504655"
"KN294385v1","359239","359339","chr9","62295692","62295792","15","61936453"
"KN294385v1","421712","421896","chr14","18470427","18470606","34","18048715"
"KN294385v1","451819","452113","chr12","98956676","98956963","21","98504857"
"KN294385v1","475045","475344","chr16","44886702","44886999","33","44411657"
"KN294385v1","500002","500077","chr7","118470880","118470952","14","117970878"
"KN294385v1","884964","885244","chr5","11278597","11278892","45","10393633"
"KN294385v1","1172907","1173167","chr12","99639708","99639972","17","98466801"
"KN294385v1","1458420","1458724","chr11","8684527","8684834","42","7226107"
"KN294385v1","1584942","1585003","chr6","6790829","6790881","17","5205887"
"KN294387v1","1308697","1308973","chr17","3536642","3536921","23","2227945"
"KN294387v1","1396835","1397025","chr20","122226432","122226619","39","120829597"
"KN294387v1","1464343","1464637","chr6","33770311","33770609","40","32305968"
"KN294387v1","1904061","1904227","chr25","27497903","27498067","28","25593842"
"KN294387v1","2143675","2143824","chr17","4347372","4347529","13","2203697"
"KN294387v1","2247269","2247571","chr20","70620441","70620744","35","68373172"
"KN294387v1","2268583","2268751","chr17","48522634","48522804","29","46254051"
"KN294387v1","2318517","2318643","chr17","4512125","4512246","11","2193608"
"KN294387v1","2364243","2364532","chr25","28632871","28633170","38","26268628"
"KN294387v1","2404032","2404324","chr17","4584365","4584660","10","2180333"
"KN294387v1","2522624","2522697","chr24","73991686","73991747","22","71469062"
"KN294387v1","3059578","3059893","chr17","5222200","5222506","18","2162622"
"KN294387v1","3325293","3325413","chrUn_KE147573v1","53526","53645","20","3271767"
"KN294387v1","3508972","3509255","chr12","100063729","100064018","43","96554757"
"KN294387v1","3688910","3689187","chr17","5822749","5823030","18","2133839"
"KN294387v1","3730212","3730461","chr10","19256607","19256846","44","15526395"
"KN294387v1","4454482","4454632","chr17","6579761","6579913","14","2125279"
"KN294389v1","224258","224376","chrX","94100937","94101055","4","93876679"
"KN294391v1","41313","41601","chr21","105491714","105492010","21","105450401"
"KN294391v1","72129","72237","chr8","26467282","26467388","13","26395153"
"KN294396v1","5400","5528","chr8","90060565","90060690","26","90055165"
"KN294396v1","12115","12407","chr18","20729087","20729377","35","20716972"
"KN294396v1","288841","289050","chr6","14861387","14861589","36","14572546"
"KN294399v1","77060","77157","chrX","46275521","46275619","18","46198461"
"KN294399v1","106404","106684","chr2","38945977","38946261","51","38839573"
"KN294399v1","133082","133387","chr6","33770311","33770609","59","33637229"
"KN294404v1","123331","123633","chr1","103448848","103449156","37","103325517"
"KN294404v1","351327","351498","chr20","96338788","96338956","27","95987461"
"KN294404v1","404463","404524","chrX","81522180","81522247","11","81117717"
"KN294404v1","404586","404648","chrX","81522180","81522247","12","81117594"
"KN294404v1","404648","404710","chr4","52344997","52345056","12","51940349"
"KN294404v1","404710","404783","chr14","59740671","59740742","10","59335961"
"KN294404v1","426532","426653","chr3","3681972","3682093","6","3255440"
"KN294407v1","120392","120690","chr7","85908526","85908824","54","85788134"
"KN294407v1","140613","140912","chr20","80779872","80780169","13","80639259"
"KN294407v1","218990","219164","chr11","32974627","32974802","35","32755637"
"KN294407v1","319513","319654","chr7","60547984","60548121","27","60228471"
"KN294407v1","367669","367679","chr24","56732217","56732227","3","56364548"
"KN294407v1","367975","368119","chr20","71110293","71110440","25","70742318"
"KN294407v1","375940","376072","chr14","59427074","59427214","28","59051134"
"KN294407v1","436011","436297","chr11","6474804","6475104","45","6038793"
"KN294407v1","474446","474639","chr6","14861387","14861589","39","14386941"
"KN294407v1","486389","486539","chr17","61434676","61434822","21","60948287"
"KN294407v1","627257","627530","chr21","125095843","125096118","39","124468586"
"KN294407v1","627537","627700","chr7","12120533","12120704","29","11492996"
"KN294407v1","661962","662230","chr20","80257937","80258207","10","79595975"
"KN294407v1","668617","668727","chr24","1371761","1371862","19","703144"
"KN294407v1","691416","691725","chr20","80230375","80230678","24","79538959"
"KN294407v1","702959","703263","chr20","80219152","80219420","46","79516193"
"KN294407v1","705309","705393","chr2","55206007","55206091","8","54500698"
"KN294407v1","750460","750752","chr2","79100092","79100390","29","78349632"
"KN294407v1","845664","845963","chr14","75415431","75415732","43","74569767"
"KN294407v1","851534","851643","chr4","33400128","33400238","15","32548594"
"KN294407v1","908544","908632","chr20","80032747","80032836","2","79124203"
"KN294407v1","982304","982598","chr7","85908526","85908824","34","84926222"
"KN294407v1","995289","995586","chr20","79940862","79941161","14","78945573"
"KN294407v1","1334931","1334987","chr20","79605553","79605609","3","78270622"
"KN294407v1","1834610","1834827","chr6","14861387","14861589","51","13026777"
"KN294407v1","1853733","1853926","chr6","14861387","14861589","26","13007654"
"KN294407v1","1900819","1901116","chr20","79047387","79047680","17","77146568"
"KN294407v1","1908488","1908779","chr1","18440198","18440492","43","16531710"
"KN294407v1","1925322","1925452","chr20","79023742","79023863","12","77098420"
"KN294407v1","2034422","2034708","chr20","78899586","78899871","17","76865164"
"KN294407v1","2210614","2210715","chr28","16189476","16189601","37","13978862"
"KN294407v1","2451892","2452211","chr20","78474903","78475208","25","76023011"
"KN294407v1","2453411","2453720","chrX","59517419","59517721","32","57064008"
"KN294407v1","2459605","2459768","chr17","40227255","40227414","39","37767650"
"KN294407v1","2496911","2497058","chr19","1256170","1256325","38","1240741"
"KN294407v1","2515165","2515467","chr20","78416736","78417060","30","75901571"
"KN294407v1","2517808","2518097","chr20","107475222","107475512","25","104957414"
"KN294407v1","2520941","2521235","chr20","78411728","78412027","13","75890787"
"KN294407v1","2553959","2554148","chr20_KE148049v1_random","24491","24663","44","2529468"
"KN294407v1","2623833","2624076","chr14","75205613","75205848","39","72581780"
"KN294407v1","3529598","3529694","chr6","47763563","47763658","12","44233965"
"KN294407v1","3529740","3529750","chr10","34280207","34280218","1","30750467"
"KN294409v1","357960","358257","chr6","30061144","30061439","29","29703184"
"KN294409v1","376278","376585","chrX","43812074","43812380","45","43435796"
"KN294409v1","758135","758436","chr11","107389579","107389874","38","106631444"
"KN294410v1","51481","51765","chr20","24524356","24524638","12","24472875"
"KN294410v1","65004","65294","chr20","24544796","24545093","19","24479792"
"KN294410v1","70476","70764","chr20","24549907","24550196","15","24479431"
"KN294410v1","90650","90949","chr20","24567628","24567927","18","24476978"
"KN294410v1","237379","237675","chr6","2359073","2359369","38","2121694"
"KN294410v1","249462","249553","chr22","41205680","41205771","16","40956218"
"KN294415v1","159164","159465","chr3","19285476","19285775","44","19126312"
"KN294416v1","44195","44478","chr14","69939993","69940276","7","69895798"
"KN294416v1","137938","138076","chr14","70036959","70037086","13","69899021"
"KN294416v1","265016","265308","chr14","70159172","70159466","13","69894156"
"KN294416v1","343062","343369","chr1","114337364","114337672","30","113994302"
"KN294416v1","343664","343782","chr21","121105692","121105807","20","120762028"
"KN294416v1","440170","440303","chr14","70325720","70325853","1","69885550"
"KN294416v1","440608","440788","chr14","70326149","70326316","20","69885541"
"KN294416v1","485067","485338","chr12","7415637","7415908","33","6930570"
"KN294416v1","498503","498798","chr16","7832484","7832778","40","7333981"
"KN294416v1","729046","729347","chr14","70609194","70609499","13","69880148"
"KN294416v1","957250","957547","chr1","18440198","18440492","40","17482948"
"KN294416v1","1014370","1014572","chr20","87023843","87024048","40","86009473"
"KN294416v1","1163892","1164044","chr8","121203379","121203534","27","120039487"
"KN294419v1","51648","51949","chr1","65106207","65106504","36","65054559"
"KN294419v1","66736","66869","chr9","125170751","125170879","23","125104015"
"KN294419v1","205029","205149","chrX","60836254","60836379","19","60631225"
"KN294419v1","238575","238668","chr8","22419157","22419248","17","22180582"
"KN294420v1","760035","760162","chr4","35974899","35975026","2","35214864"
"KN294420v1","920179","920476","chr4","36132287","36132586","18","35212108"
"KN294421v1","91290","91394","chr1","55379193","55379297","16","55287903"
"KN294421v1","91582","91878","chr1","55618806","55619095","43","55527224"
"KN294421v1","177550","177804","chr20","113045196","113045454","43","112867646"
"KN294421v1","484120","484332","chr14","49783725","49783939","38","49299605"
"KN294421v1","586891","587066","chr2","81247077","81247245","31","80660186"
"KN294421v1","852606","852724","chr10","85752086","85752202","5","84899480"
"KN294421v1","927892","928077","chr10_KE148023v1_random","379045","379231","37","548847"
"KN294421v1","1000001","1000104","chrX","20534133","20534232","34","19534132"
"KN294421v1","1005740","1005825","chr20","81072789","81072868","17","80067049"
"KN294421v1","1610478","1610573","chr21","2281264","2281356","14","670786"
"KN294421v1","1621188","1621273","chr10","103398497","103398583","18","101777309"
"KN294421v1","1621568","1621753","chr17","38474331","38474525","51","36852763"
"KN294421v1","1718144","1718324","chr21","107819096","107819263","37","106100952"
"KN294429v1","54461","54640","chr22","8659871","8660042","24","8605410"
"KN294429v1","149090","149270","chr7","57440733","57440908","25","57291643"
"KN294429v1","149575","149707","chr19","23551907","23552040","14","23402332"
"KN294429v1","193737","193874","chr6","4543679","4543826","25","4349942"
"KN294433v1","37850","37969","chr15","9821541","9821658","6","9783691"
"KN294433v1","57860","58155","chr15","9840978","9841275","15","9783118"
"KN294433v1","186829","186956","chr15","9972687","9972811","6","9785858"
"KN294433v1","314250","314556","chr27","9778999","9779300","33","9464749"
"KN294433v1","372891","373013","chr1","18207787","18207902","27","17834896"
"KN294433v1","422628","422902","chr25","28869789","28870071","55","28447161"
"KN294433v1","470268","470554","chr15","10248575","10248872","24","9778307"
"KN294433v1","499864","500000","chr14","104600816","104600948","19","104100952"
"KN294433v1","615458","615759","chr6","27788548","27788847","41","27173090"
"KN294433v1","649996","650103","chr15","10432185","10432289","8","9782189"
"KN294433v1","786069","786355","chr15","10566678","10566966","21","9780609"
"KN294434v1","197216","197339","chr12","6578368","6578490","16","6381152"
"KN294434v1","805715","805884","chr16","59100684","59100846","26","58294969"
"KN294437v1","14390","14691","chrX_KE148108v1_random","3941048","3941349","10","3926658"
"KN294439v1","60892","61008","chrX_AQIB01158121v1_random","34005","34125","8","26887"
"KN294439v1","175613","175907","chr1","18440198","18440492","36","18264585"
"KN294439v1","199904","200071","chr10","122138385","122138550","21","121938481"
"KN294439v1","299761","299932","chr13","38693871","38694044","27","38394110"
"KN294443v1","26953","27115","chr25","27497903","27498067","45","27470950"
"KN294443v1","34796","35096","chr17","45451445","45451747","14","45416649"
"KN294443v1","66545","66860","chr8","119259189","119259507","50","119192644"
"KN294443v1","98361","98588","chr4","70850112","70850329","46","70751751"
"KN294443v1","98594","98760","chrX","104947191","104947350","26","104848597"
"KN294443v1","211986","212287","chr17","45282951","45283252","13","45070965"
"KN294443v1","240548","240845","chr16","66366617","66366913","35","66126069"
"KN294443v1","253454","253592","chr9","105850038","105850165","24","105596584"
"KN294443v1","297612","297781","chr20","12577124","12577295","30","12279512"
"KN294443v1","339951","340051","chr10","72911490","72911595","15","72571539"
"KN294443v1","476140","476180","chr12","64235047","64235086","9","63758907"
"KN294443v1","484171","484346","chr20","8927653","8927826","34","8443482"
"KN294443v1","485160","485459","chr17","45004162","45004472","21","44519002"
"KN294443v1","600663","600967","chrX","35836665","35836974","36","35236002"
"KN294443v1","665579","665635","chr17","44836395","44836452","1","44170816"
"KN294443v1","724397","724681","chr15","61974796","61975095","47","61250399"
"KN294443v1","785281","785432","chr7","125398032","125398180","28","124612751"
"KN294443v1","817499","817801","chr12","78710905","78711200","47","77893406"
"KN294443v1","860189","860505","chr17","44656834","44657155","21","43796645"
"KN294443v1","865722","865991","chr17","44651023","44651300","18","43785301"
"KN294443v1","878146","878433","chr17","44638439","44638733","15","43760293"
"KN294443v1","879769","880050","chrX","22293419","22293712","62","21413650"
"KN294443v1","960183","960512","chr17","44505520","44505823","39","43545337"
"KN294443v1","1345209","1345465","chrX","128421470","128421715","45","127076261"
"KN294444v1","15395","15505","chr16","63936680","63936792","29","63921285"
"KN294444v1","46097","46382","chr9","21358440","21358726","31","21312343"
"KN294444v1","48344","48632","chr1","18440198","18440492","40","18391854"
"KN294444v1","92949","93125","chr17","48522634","48522804","37","48429685"
"KN294444v1","146624","146906","chrX_KE148108v1_random","1358828","1359114","15","1212204"
"KN294444v1","148640","148928","chrX_KE148108v1_random","1360384","1360680","19","1211744"
"KN294444v1","149240","149362","chrX_KE148108v1_random","1360994","1361113","6","1211754"
"KN294444v1","165628","165936","chr14","60556136","60556443","33","60390508"
"KN294444v1","308264","308541","chr21","125095843","125096118","49","124787579"
"KN294445v1","34336","34639","chr17","16021238","16021543","20","15986902"
"KN294445v1","299963","300253","chr4","31030949","31031241","39","30730986"
"KN294445v1","472079","472366","chr10","92956825","92957111","39","92484746"
"KN294445v1","584584","584845","chr20","22026505","22026784","54","21441921"
"KN294445v1","609795","610107","chr11","100463375","100463680","44","99853580"
"KN294445v1","749421","749733","chr17","16736336","16736623","35","15986915"
"KN294445v1","888233","888528","chr10","124197593","124197882","43","123309360"
"KN294445v1","960718","960996","chr10_KE148023v1_random","344538","344813","35","616180"
"KN294446v1","63736","64023","chr9","86475233","86475524","42","86411497"
"KN294446v1","67420","67719","chr9","62666517","62666812","19","62599097"
"KN294446v1","135385","135501","chr13","38694071","38694188","16","38558686"
"KN294446v1","135551","135711","chr9","62734330","62734495","15","62598779"
"KN294446v1","141722","141825","chr12","19534181","19534283","17","19392459"
"KN294446v1","147440","147557","chr9","62745845","62745958","9","62598405"
"KN294446v1","162953","163019","chr13","24621237","24621299","16","24458284"
"KN294446v1","166907","167161","chr9","62764561","62764819","15","62597654"
"KN294446v1","189609","189814","chr20","100688602","100688768","69","100498993"
"KN294446v1","190016","190121","chr1","15530641","15530730","26","15340625"
"KN294446v1","197251","197376","chr9","125170751","125170879","21","124973500"
"KN294446v1","201182","201461","chr21","57054405","57054682","37","56853223"
"KN294446v1","256969","257146","chr11","32974627","32974802","31","32717658"
"KN294446v1","259583","259865","chrX","34011305","34011568","59","33751722"
"KN294446v1","272375","272673","chr9","62860491","62860799","20","62588116"
"KN294446v1","277427","277730","chr9","62864920","62865214","17","62587493"
"KN294446v1","305499","305759","chr19","20240763","20241037","58","19935264"
"KN294446v1","318487","318647","chr6","2117208","2117370","30","1798721"
"KN294446v1","362603","362894","chr9","62942704","62942996","17","62580101"
"KN294446v1","380288","380450","chr10","122138385","122138550","24","121758097"
"KN294446v1","381219","381515","chr9","62959046","62959341","13","62577827"
"KN294446v1","450522","450824","chr9","63026566","63026864","14","62576044"
"KN294446v1","468737","468890","chr6","2935048","2935204","26","2466311"
"KN294446v1","497378","497437","chr14","64607489","64607545","10","64110111"
"KN294446v1","654635","654772","chr9","63225441","63225574","11","62570806"
"KN294446v1","672019","672318","chr9","63243171","63243462","23","62571152"
"KN294446v1","717261","717492","chrX_KE148108v1_random","8050216","8050453","39","7332955"
"KN294446v1","775039","775348","chr17","35457291","35457601","40","34682252"
"KN294446v1","849831","850050","chr16","12537195","12537404","35","11687364"
"KN294446v1","876829","877127","chr9","63443618","63443912","19","62566789"
"KN294446v1","918617","918853","chr23","80503609","80503843","34","79584992"
"KN294446v1","945113","945295","chr28","14374070","14374256","38","13428957"
"KN294446v1","1007731","1007896","chr16","70224259","70224419","23","69216528"
"KN294446v1","1028503","1028791","chr9","63588828","63589118","22","62560325"
"KN294446v1","1038841","1039162","chr9","63598779","63599102","17","62559938"
"KN294451v1","115849","115996","chr18","72198934","72199080","13","72083085"
"KN294451v1","138490","138790","chr1","65106207","65106504","34","64967717"
"KN294451v1","190082","190388","chr1","65106207","65106504","40","64916125"
"KN294451v1","418777","419049","chr8","51728052","51728322","41","51309275"
"KN294451v1","649878","650169","chr18","71670124","71670421","17","71020246"
"KN294451v1","954431","954724","chr18","71377722","71378017","12","70423291"
"KN294451v1","965058","965290","chr18","71364088","71364320","10","70399030"
"KN294451v1","1008679","1008979","chr18","71670124","71670421","52","70661445"
"KN294451v1","1046583","1046768","chrX","63534112","63534291","31","62487529"
"KN294451v1","1086574","1086860","chr18","71237733","71238026","16","70151159"
"KN294451v1","1147996","1148297","chr23","81672950","81673245","34","80524954"
"KN294451v1","1194437","1194570","chr19","27631820","27631950","30","26437383"
"KN294451v1","1194573","1194648","chr18","71140340","71140415","4","69945767"
"KN294451v1","1194959","1194971","chr18","71140016","71140028","0","69945057"
"KN294451v1","1405497","1405793","chr18","70934349","70934645","10","69528852"
"KN294451v1","1416136","1416437","chr1","4778731","4779031","35","3362595"
"KN294451v1","1425962","1426098","chr18","70914788","70914923","17","69488826"
"KN294451v1","1438629","1438933","chr11","8684527","8684834","44","7245898"
"KN294451v1","1502162","1502466","chr11","8684527","8684834","35","7182365"
"KN294451v1","1526911","1527203","chr6","29541281","29541569","36","28014370"
"KN294452v1","341075","341381","chr18","23964615","23964938","41","23623540"
"KN294452v1","394726","394832","chr18","24018370","24018476","3","23623644"
"KN294452v1","427016","427101","chr14","91991733","91991816","13","91564717"
"KN294452v1","520886","521081","chr10","117385991","117386167","42","116865105"
"KN294452v1","856505","856640","chr14","100342600","100342742","39","99486095"
"KN294452v1","901246","901411","chr19","6853318","6853483","48","5952072"
"KN294452v1","1103455","1103756","chr18","24697012","24697320","16","23593557"
"KN294452v1","1302500","1302646","chr7","60547984","60548121","26","59245484"
"KN294452v1","1472525","1472631","chr5","32993900","32994010","16","31521375"
"KN294452v1","1558282","1558423","chr17","64549122","64549265","19","62990840"
"KN294453v1","18713","18847","chr11","391553","391692","9","372840"
"KN294453v1","64511","64800","chr29","23245783","23246074","50","23181272"
"KN294453v1","286470","286772","chr6","27788548","27788847","31","27502078"
"KN294454v1","298110","298216","chr9","102911776","102911884","24","102613666"
"KN294454v1","367471","367619","chr20","71110293","71110440","23","70742822"
"KN294455v1","136487","136571","chrX","76190350","76190437","9","76053863"
"KN294455v1","201489","201799","chr17","10433588","10433899","22","10232099"
"KN294455v1","385808","386069","chr22","61256285","61256541","38","60870477"
"KN294456v1","786163","786454","chr1","10277227","10277515","12","9491064"
"KN294456v1","19714","19848","chr1","11037895","11038029","7","11018181"
"KN294456v1","25578","25880","chr1","11034382","11034686","14","11008804"
"KN294456v1","48802","48903","chr1","11002406","11002501","8","10953604"
"KN294456v1","104086","104384","chr8","26697765","26698062","38","26593679"
"KN294456v1","274752","275046","chr1","10789387","10789664","25","10514635"
"KN294456v1","340863","341034","chr6","42756418","42756585","32","42415555"
"KN294456v1","406228","406534","chr6","383868","384175","36","22360"
"KN294456v1","474070","474236","chr20","96338788","96338956","31","95864718"
"KN294456v1","487864","487992","chr1","10572779","10572912","18","10084915"
"KN294456v1","545520","545807","chr1","10515859","10516149","23","9970339"
"KN294456v1","570551","570664","chr20","98285891","98286009","18","97715340"
"KN294456v1","601234","601369","chr1","10460847","10460980","7","9859613"
"KN294456v1","640761","641067","chr1","10426006","10426304","23","9785245"
"KN294456v1","649036","649363","chrX","22269787","22270106","52","21620751"
"KN294456v1","676443","676749","chr6","8296516","8296820","38","7620073"
"KN294456v1","788804","789057","chr21","36839500","36839755","47","36050696"
"KN294456v1","800303","800594","chr1","10269668","10269963","16","9469365"
"KN294456v1","804564","804783","chr16","11738189","11738404","46","10933625"
"KN294456v1","808048","808333","chr1","10263826","10264115","13","9455778"
"KN294456v1","1104759","1105040","chr1","9960470","9960779","39","8855711"
"KN294456v1","1131545","1131833","chr1","9935425","9935726","22","8803880"
"KN294456v1","1141445","1141740","chr21","103799077","103799372","34","102657632"
"KN294456v1","1494188","1494491","chr19","26992368","26992672","33","25498180"
"KN294456v1","1568773","1568871","chr8","15274422","15274520","12","13705649"
"KN294457v1","37090","37365","chr13","28742715","28742991","38","28705625"
"KN294457v1","44351","44532","chr2","84460702","84460880","38","84416351"
"KN294457v1","44533","44711","chr20","12577124","12577295","29","12532591"
"KN294457v1","96423","96532","chr12","64267990","64268099","14","64171567"
"KN294457v1","138110","138402","chr14","45324948","45325240","4","45186838"
"KN294457v1","157781","158077","chr1","65106207","65106504","32","64948426"
"KN294457v1","163432","163534","chr14","45361117","45361216","9","45197685"
"KN294457v1","177896","178026","chr14","45376593","45376729","14","45198697"
"KN294457v1","186211","186511","chr8","40067381","40067682","36","39881170"
"KN294457v1","264711","265017","chr11","8684527","8684834","34","8419816"
"KN294457v1","302444","302632","chr20","104124772","104124963","34","103822328"
"KN294457v1","330330","330433","chr8","10452397","10452499","16","10122067"
"KN294457v1","345934","346227","chr14","45537382","45537687","24","45191448"
"KN294457v1","351468","351612","chr21","16188108","16188251","25","15836640"
"KN294457v1","437707","438014","chr14","45624959","45625275","32","45187252"
"KN294457v1","457669","457786","chr5","5222401","5222517","18","4764732"
"KN294457v1","535915","536189","chr14","45721007","45721281","15","45185092"
"KN294457v1","557995","558290","chr16","7832484","7832778","40","7274489"
"KN294457v1","600624","600906","chr22","44927034","44927311","33","44326410"
"KN294457v1","644264","644562","chr14","45831483","45831794","26","45187219"
"KN294457v1","720265","720561","chr14","45905443","45905730","18","45185178"
"KN294457v1","751396","751698","chr11","38708755","38709057","41","37957359"
"KN294457v1","778914","779158","chr14","45965485","45965733","14","45186571"
"KN294457v1","791747","792064","chr14","45978532","45978849","15","45186785"
"KN294457v1","964871","965006","chr7","108373876","108374012","28","107409005"
"KN294457v1","1066539","1066714","chr1","80523957","80524122","43","79457418"
"KN294457v1","1158212","1158374","chr22","56808429","56808582","37","55650217"
"KN294457v1","1205932","1206033","chr25","48878806","48878903","20","47672874"
"KN294457v1","1654626","1654724","chr5","69697561","69697662","19","68042935"
"KN294457v1","1931506","1931636","chr14","47113387","47113521","10","45181881"
"KN294457v1","3021722","3021919","chr14","48189883","48190072","16","45168161"
"KN294457v1","3521552","3521664","chrX","20534133","20534232","32","17012581"
"KN294457v1","3532658","3532816","chr13","771511","771669","29","2761147"
"KN294457v1","3869851","3870141","chr14","49024163","49024447","23","45154312"
"KN294457v1","3871532","3871640","chr5","74607971","74608072","21","70736439"
"KN294458v1","97874","98010","chr12","96817866","96818002","7","96719992"
"KN294458v1","102101","102206","chr18","34429293","34429397","15","34327192"
"KN294458v1","109890","110190","chr11","2723114","2723408","44","2613224"
"KN294458v1","113572","113784","chr16","12537195","12537404","32","12423623"
"KN294458v1","192913","193096","chr25","3319529","3319701","40","3126616"
"KN294458v1","260604","260705","chrX","17052248","17052348","14","16791644"
"KN294458v1","279600","279693","chr12","96987759","96987851","7","96708159"
"KN294458v1","343424","343733","chr11","100463375","100463680","41","100119951"
"KN294458v1","505485","505779","chr12","97208379","97208679","22","96702894"
"KN294458v1","512734","513022","chr12","97215731","97216019","13","96702997"
"KN294458v1","561395","561691","chr24","60952290","60952581","42","60390895"
"KN294458v1","1264961","1265241","chr12","97991434","97991714","8","96726473"
"KN294458v1","1414773","1415081","chr12","98126602","98126905","26","96711829"
"KN294458v1","1511223","1511339","chr12","98224761","98224878","8","96713538"
"KN294458v1","1644024","1644143","chr5","14930093","14930205","28","13286069"
"KN294458v1","1744164","1744353","chr17","48074159","48074349","37","46329995"
"KN294461v1","6149","6447","chr12","11331203","11331507","37","11325054"
"KN294462v1","326893","327020","chr17","39611563","39611690","4","39284670"
"KN294462v1","369654","369940","chr25","69512081","69512362","35","69142427"
"KN294462v1","387700","388003","chr17","39678082","39678387","16","39290382"
"KN294462v1","426186","426322","chrX_AQIB01158121v1_random","34005","34125","27","392181"
"KN294462v1","636146","636337","chr20","122226432","122226619","33","121590286"
"KN294466v1","1","222","chr12","644019","644223","45","644018"
"KN294467v1","24315","24488","chr5","737199","737370","28","712884"
"KN294467v1","34143","34247","chr8","15274422","15274520","16","15240279"
"KN294467v1","40981","41015","chr5","74039482","74039520","13","73998501"
"KN294467v1","60081","60223","chr17","29959931","29960071","41","29899850"
"KN294467v1","95384","95688","chr5","75132620","75132928","24","75037236"
"KN294467v1","110884","111192","chr5","52846213","52846522","40","52735329"
"KN294467v1","115180","115311","chr9","86726610","86726745","27","86611430"
"KN294467v1","145280","145448","chr20","96338788","96338956","28","96193508"
"KN294467v1","214397","214549","chr13","771511","771669","25","557114"
"KN294467v1","224018","224126","chr9","89944165","89944264","22","89720147"
"KN294467v1","234734","234864","chr24","47738419","47738551","11","47503685"
"KN294467v1","235164","235337","chr25","15904393","15904561","38","15669229"
"KN294467v1","236026","236155","chr11","10012821","10012950","19","9776795"
"KN294467v1","349460","349609","chr9","58679425","58679572","19","58329965"
"KN294467v1","349895","350028","chr24","47738419","47738551","21","47388524"
"KN294467v1","355877","356166","chr5","75372077","75372358","27","75016200"
"KN294468v1","232936","233026","chr5","32476193","32476284","10","32243257"
"KN294469v1","87271","87401","chr20","20891465","20891599","37","20804194"
"KN294469v1","282306","282612","chrX","97538608","97538915","8","97256302"
"KN294469v1","307190","307489","chrX","97514663","97514952","21","97207473"
"KN294469v1","432537","432834","chrX","97397629","97397925","15","96965092"
"KN294470v1","202904","203082","chr19","33115164","33115349","39","32912260"
"KN294470v1","215839","215938","chr9","89944165","89944264","16","89728326"
"KN294470v1","311695","311881","chr17","68350038","68350213","34","68038343"
"KN294470v1","349191","349483","chr11","107642856","107643139","23","107293665"
"KN294470v1","438004","438178","chr21","107819096","107819263","26","107381092"
"KN294470v1","533485","533630","chr11","107465235","107465377","12","106931750"
"KN294470v1","642727","642815","chr11","107359069","107359157","1","106716342"
"KN294470v1","717049","717241","chrX","92168581","92168768","37","91451532"
"KN294470v1","774405","774634","chr28","7255640","7255866","41","6481235"
"KN294470v1","855890","856197","chr11","107183329","107183631","22","106327439"
"KN294470v1","921640","921720","chr11","107120012","107120093","7","106198372"
"KN294470v1","951517","951758","chrX","27265488","27265737","52","26313971"
"KN294470v1","952218","952505","chr11","2723114","2723408","42","1770896"
"KN294470v1","1012875","1013193","chr20","124097842","124098151","41","123084967"
"KN294470v1","1013224","1013517","chr3","91568297","91568590","42","90555073"
"KN294470v1","1123512","1123616","chr19","12388385","12388487","20","11264873"
"KN294470v1","1150445","1150582","chr14","97806283","97806418","24","96655838"
"KN294470v1","1156798","1157085","chr4","74600463","74600757","50","73443665"
"KN294470v1","1177911","1178056","chr11","64030370","64030511","22","62852459"
"KN294470v1","1210119","1210264","chr11","106854071","106854220","10","105643952"
"KN294470v1","1227010","1227305","chr11","106835270","106835578","30","105608260"
"KN294470v1","1323561","1323731","chr18","58468561","58468729","33","57145000"
"KN294470v1","1328012","1328183","chr1","27101304","27101474","31","25773292"
"KN294470v1","1333808","1333978","chr5","737199","737370","34","596609"
"KN294470v1","1334283","1334293","chr22","44927362","44927372","3","43593079"
"KN294470v1","1335712","1335874","chr16","70224259","70224419","29","68888547"
"KN294470v1","1369506","1369632","chr11","106694300","106694425","6","105324794"
"KN294470v1","1409185","1409486","chr5","34230687","34230990","37","32821502"
"KN294470v1","1427818","1427985","chr14","70326149","70326316","26","68898331"
"KN294470v1","1448148","1448228","chr1","99418280","99418361","17","97970132"
"KN294470v1","1448548","1448647","chr10","116753504","116753602","32","115304956"
"KN294470v1","1462168","1462330","chr3","37397752","37397911","41","35935584"
"KN294470v1","1479935","1480058","chr11","106587000","106587123","3","105107065"
"KN294470v1","1643804","1643905","chr11","106419094","106419197","7","104775290"
"KN294470v1","1954496","1954653","chr9","122678397","122678550","22","120723901"
"KN294470v1","2195228","2195390","chr10","113647543","113647707","25","111452315"
"KN294470v1","2211821","2212120","chr11","105850945","105851232","24","103639124"
"KN294470v1","2304678","2304970","chr11","105761324","105761616","12","103456646"
"KN294470v1","2403572","2403730","chr25","27497903","27498067","31","25094331"
"KN294470v1","2424323","2424620","chr6","33770311","33770609","36","31345988"
"KN294470v1","2440064","2440374","chr11","105617999","105618309","17","103177935"
"KN294470v1","2469032","2469352","chr11","105595515","105595823","26","103126483"
"KN294470v1","2511622","2511791","chr14","70326149","70326316","36","67814527"
"KN294470v1","2516949","2517227","chr11","105549725","105549997","13","103032776"
"KN294470v1","2534131","2534322","chr20","122226432","122226619","37","119692301"
"KN294470v1","2567006","2567140","chr10","113933710","113933845","24","111366704"
"KN294470v1","2594722","2594772","chr11","105474815","105474865","4","102880093"
"KN294470v1","2595084","2595185","chr11","105474388","105474486","17","102879304"
"KN294470v1","2652811","2652898","chr11","96721267","96721351","15","94068456"
"KN294470v1","2661288","2661453","chr17","54416955","54417122","36","51755667"
"KN294470v1","2756036","2756117","chr5","50838187","50838253","31","48082151"
"KN294470v1","2771036","2771210","chr14","36731633","36731798","25","33960597"
"KN294470v1","2773740","2774030","chr11","105301699","105301991","13","102527959"
"KN294470v1","2840811","2841081","chr11","105236255","105236507","31","102395444"
"KN294470v1","2871602","2871867","chr1","17463735","17464007","35","14592133"
"KN294470v1","2944061","2944211","chr25","23869750","23869893","24","20925689"
"KN294470v1","2986240","2986384","chrX","99705181","99705308","35","96718941"
"KN294470v1","3022283","3022584","chr17","20198044","20198340","39","17175761"
"KN294470v1","3170768","3170890","chr20","62146977","62147100","13","58976209"
"KN294470v1","3259756","3259876","chr11","104821900","104822019","5","101562144"
"KN294470v1","3360684","3360835","chr16","70224259","70224419","27","66863575"
"KN294470v1","3408004","3408172","chr12","53066244","53066408","29","49658240"
"KN294470v1","3429110","3429290","chr15","33336831","33337009","26","29907721"
"KN294470v1","3526596","3526724","chr8","69330858","69330977","20","65804262"
"KN294471v1","87110","87322","chr12","12943941","12944146","30","12856831"
"KN294471v1","100151","100284","chr1","54191733","54191864","26","54091582"
"KN294471v1","108303","108439","chr3","23052634","23052774","19","22944331"
"KN294471v1","129249","129328","chr3","3154524","3154594","12","3025275"
"KN294471v1","192526","192649","chr25","55333367","55333487","18","55140841"
"KN294471v1","216543","216852","chr20","101046658","101046967","38","100830115"
"KN294471v1","223789","223909","chr1","77488455","77488578","19","77264666"
"KN294471v1","279451","279581","chr10","102421753","102421883","18","102142302"
"KN294471v1","279603","279696","chr24","41395877","41395968","28","41116274"
"KN294471v1","413565","413863","chr3","3421075","3421375","16","3007510"
"KN294472v1","288562","288654","chr24","13863012","13863103","15","13574450"
"KN294475v1","534299","534446","chr21","36080619","36080756","16","35546320"
"KN294475v1","797001","797244","chr18","55250486","55250728","57","54453485"
"KN294475v1","801453","801723","chr21","91086877","91087152","51","90285424"
"KN294478v1","132570","132860","chr10","46926867","46927157","11","46794297"
"KN294479v1","18899","19194","chr9","86760056","86760360","22","86741157"
"KN294479v1","30367","30668","chr9","86749262","86749561","17","86718895"
"KN294479v1","55323","55479","chr4","20858912","20859062","21","20803589"
"KN294479v1","56789","57095","chr23","44817650","44817951","43","44760861"
"KN294479v1","80861","81169","chr9","60555678","60555986","39","60474817"
"KN294479v1","92531","92713","chr12","106787522","106787700","30","106694991"
"KN294479v1","105902","106193","chr2","49533561","49533851","39","49427659"
"KN294479v1","126503","126668","chr25","27497903","27498067","28","27371400"
"KN294479v1","132552","132730","chr19","7192289","7192466","37","7059737"
"KN294479v1","209299","209573","chr17","34045844","34046122","40","33836545"
"KN294479v1","308367","308671","chr9","86475233","86475524","24","86166866"
"KN294484v1","362626","362752","chr19","3811003","3811128","32","3448377"
"KN294484v1","526112","526400","chr1","55618806","55619095","41","55092694"
"KN294484v1","675314","675622","chr20","16725832","16726122","69","16050518"
"KN294485v1","119221","119399","chr27","33925863","33926033","34","33806642"
"KN294485v1","257999","258268","chr25","72868787","72869052","44","72610788"
"KN294485v1","289285","289384","chr20","108798105","108798208","23","108508820"
"KN294485v1","296679","296957","chr13","28742715","28742991","17","28446036"
"KN294486v1","122144","122432","chr11","63006313","63006601","17","62884169"
"KN294486v1","362736","362905","chr3","52082928","52083094","42","51720192"
"KN294486v1","442848","443043","chr16","69225504","69225711","45","68782656"
"KN294486v1","542867","543166","chr11","62595034","62595334","21","62052167"
"KN294486v1","932216","932496","chr6","29541281","29541569","43","28609065"
"KN294486v1","973869","974163","chr11","62190179","62190467","23","61216310"
"KN294486v1","1144594","1144734","chr14","13811771","13811920","30","12667177"
"KN294486v1","1145919","1146008","chr11","62022157","62022250","8","60876238"
"KN294486v1","1492264","1492357","chr11","120556142","120556229","16","119063878"
"KN294486v1","1638935","1639098","chr16","58858328","58858499","36","57219393"
"KN294487v1","146278","146566","chr4","73821847","73822143","44","73675569"
"KN294488v1","247760","248037","chr18","22743038","22743315","11","22495278"
"KN294493v1","452612","452895","chr15","57983589","57983870","22","57530977"
"KN294493v1","507678","507769","chr25","70237154","70237243","16","69729476"
"KN294493v1","1024113","1024422","chr15","58540642","58540930","29","57516529"
"KN294493v1","1084577","1084879","chr1","65106207","65106504","43","64021630"
"KN294493v1","1657753","1658054","chr15","59167793","59168098","19","57510040"
"KN294493v1","1678155","1678468","chr15","59187798","59188097","21","57509643"
"KN294493v1","1994020","1994123","chr27","19881572","19881674","14","17887552"
"KN294493v1","2018042","2018221","chr11","108651238","108651415","21","106633196"
"KN294498v1","145154","145452","chr14","64691189","64691488","47","64546035"
"KN294499v1","160566","160697","chr21","72876213","72876334","13","72715647"
"KN294499v1","451612","451903","chr21","73145746","73146033","15","72694134"
"KN294499v1","539198","539325","chr19","3811003","3811128","34","3271805"
"KN294499v1","624247","624546","chr21","73326558","73326848","20","72702311"
"KN294499v1","743152","743304","chr24","11354944","11355093","37","10611792"
"KN294499v1","1153942","1154283","chr22","57615936","57616246","79","56461994"
"KN294499v1","1173184","1173292","chr28","10374817","10374920","22","9201633"
"KN294499v1","1211170","1211356","chr21","73892014","73892197","7","72680844"
"KN294499v1","1213189","1213388","chr20","87023843","87024048","38","85810654"
"KN294499v1","1249222","1249502","chr9","12354158","12354440","44","11104936"
"KN294499v1","1298570","1298861","chr21","73976669","73976960","19","72678099"
"KN294499v1","1335329","1335634","chr11","8684527","8684834","38","7349198"
"KN294499v1","1580296","1580476","chr12","60617467","60617647","38","59037171"
"KN294499v1","1630101","1630400","chr9","92876560","92876859","42","91246459"
"KN294499v1","1668726","1669037","chr10","101523824","101524133","36","99855098"
"KN294499v1","1699138","1699296","chr21","74367914","74368067","11","72668776"
"KN294499v1","1729876","1730166","chr21","74397831","74398128","26","72667955"
"KN294499v1","1733264","1733372","chr21","74400933","74401044","8","72667669"
"KN294499v1","1813689","1813981","chr26","33080181","33080476","36","31266492"
"KN294499v1","1837151","1837314","chr1","55471710","55471867","28","53634559"
"KN294499v1","1847578","1847746","chr3","52082928","52083094","42","50235350"
"KN294499v1","1891131","1891250","chr8","7137713","7137833","16","5246582"
"KN294499v1","1909585","1909875","chr1","65106207","65106504","17","63196622"
"KN294499v1","1920785","1921074","chr21","74580595","74580885","16","72659810"
"KN294499v1","1933953","1934065","chr5","57716578","57716696","22","55782625"
"KN294499v1","1934313","1934489","chr24","40971585","40971760","36","39037272"
"KN294499v1","2010377","2010494","chr21","74667857","74667972","9","72657480"
"KN294499v1","2031904","2032213","chr11","123717553","123717853","42","121685649"
"KN294499v1","2115775","2115947","chr7","87721899","87722069","43","85606124"
"KN294499v1","2175306","2175614","chr7","131881510","131881819","35","129706204"
"KN294499v1","2220200","2220491","chr21","74876611","74876903","13","72656411"
"KN294499v1","2225826","2225979","chrX","107098131","107098285","28","104872305"
"KN294499v1","2447364","2447673","chr21","75098772","75099076","22","72651408"
"KN294501v1","53356","53463","chr18","48645463","48645570","3","48592107"
"KN294501v1","73274","73576","chr13","65587063","65587353","38","65513789"
"KN294501v1","76951","77248","chr18","48669425","48669721","13","48592474"
"KN294501v1","95769","95872","chr18","48685331","48685434","2","48589562"
"KN294501v1","114626","114758","chr29","8667210","8667343","19","8552584"
"KN294501v1","142889","143054","chrX","11232302","11232463","29","11089413"
"KN294501v1","165076","165221","chr17","54634148","54634281","18","54469072"
"KN294501v1","188187","188300","chr1","94389727","94389842","18","94201540"
"KN294501v1","212042","212333","chr6","27788548","27788847","45","27576506"
"KN294501v1","224824","224992","chr14","36731633","36731798","31","36506809"
"KN294501v1","234342","234527","chr16","72182974","72183157","38","71948632"
"KN294501v1","280397","280526","chr18","48862218","48862346","6","48581821"
"KN294501v1","505373","505673","chr3","1613391","1613699","50","1108018"
"KN294501v1","506974","507131","chr3","37397752","37397911","30","36890778"
"KN294501v1","507710","507867","chr3","37397752","37397911","30","36890042"
"KN294501v1","1071394","1071510","chr14","70197307","70197422","12","69125913"
"KN294501v1","1122828","1123038","chr2","86769531","86769743","43","85646703"
"KN294501v1","1181162","1181466","chr17","33351868","33352162","34","32170706"
"KN294501v1","1844933","1845037","chr5","31841247","31841347","22","29996314"
"KN294501v1","2424022","2424309","chr20","123471137","123471428","40","121047115"
"KN294501v1","2617327","2617520","chr8","81480742","81480931","42","78863415"
"KN294501v1","2716070","2716379","chr21","13859037","13859338","44","11142967"
"KN294501v1","3554590","3554868","chr18","52029875","52030153","7","48475285"
"KN294501v1","3608543","3608667","chr18","52082203","52082324","13","48473660"
"KN294501v1","4182071","4182351","chr4","37323635","37323912","46","33141564"
"KN294506v1","31446","31736","chr5","22908675","22908967","36","22877229"
"KN294506v1","56133","56297","chr1","55471710","55471867","32","55415577"
"KN294506v1","61610","61768","chr16","83430","83586","28","21820"
"KN294506v1","151139","151223","chr12","86784808","86784887","15","86633669"
"KN294506v1","216664","216937","chr28","2049394","2049669","9","1832730"
"KN294506v1","231370","231535","chr16","70224259","70224419","31","69992889"
"KN294506v1","241120","241434","chr11","8684527","8684834","46","8443407"
"KN294506v1","246904","247191","chr28","2078082","2078369","17","1831178"
"KN294506v1","363114","363416","chr5","27301054","27301362","55","26937940"
"KN294509v1","45820","45974","chr13","771511","771669","32","725691"
"KN294509v1","91024","91313","chr24","10923652","10923940","19","10832628"
"KN294509v1","165864","166042","chr10","117385991","117386167","28","117220127"
"KN294509v1","284008","284297","chr26","27987700","27987994","35","27703692"
"KN294509v1","292923","293230","chr24","10726262","10726569","15","10433339"
"KN294509v1","673247","673336","chr24","10338733","10338826","8","9665486"
"KN294509v1","872540","872717","chr17","54540626","54540798","30","53668086"
"KN294509v1","1093371","1093657","chr24","9935681","9935967","12","8842310"
"KN294509v1","1359187","1359481","chr24","54053805","54054099","43","52694618"
"KN294509v1","1642698","1642790","chr24","9412707","9412800","1","7770009"
"KN294509v1","1675423","1675743","chr24","9379539","9379857","16","7704116"
"KN294510v1","28582","28860","chr2","38921771","38922054","35","38893189"
"KN294513v1","186836","187142","chr20","118328470","118328761","49","118141634"
"KN294513v1","193956","194057","chr5","74607971","74608072","13","74414015"
"KN294513v1","399365","399540","chr15","33336831","33337009","23","32937466"
"KN294513v1","424860","424953","chr19","13288078","13288171","13","12863218"
"KN294513v1","459785","460071","chr11","102216667","102216961","19","101756882"
"KN294516v1","1569","1851","chr1","77293311","77293587","61","77291742"
"KN294516v1","5728","5826","chr1","15861844","15861941","20","15856116"
"KN294520v1","25538","25845","chr8","87155233","87155542","39","87129695"
"KN294520v1","569694","569791","chr8","115160050","115160147","3","114590356"
"KN294520v1","1190358","1190479","chr10","108411470","108411587","15","107221112"
"KN294520v1","1321070","1321321","chr8","115899852","115900123","41","114578782"
"KN294520v1","1516889","1517083","chr6","14861387","14861589","36","13344498"
"KN294520v1","1605802","1605904","chr8","62515316","62515417","18","60909514"
"KN294520v1","1609480","1609781","chr8","116184842","116185123","31","114575362"
"KN294520v1","1671463","1671767","chr8","116245338","116245653","33","114573875"
"KN294520v1","1672641","1672727","chr14","81680282","81680374","20","80007641"
"KN294520v1","1749792","1750098","chr8","116315783","116316095","24","114565991"
"KN294520v1","1804762","1805057","chr17","70501508","70501804","36","68696746"
"KN294520v1","1812222","1812350","chr8","116375470","116375598","5","114563248"
"KN294520v1","1962337","1962478","chr5","10031169","10031312","22","8068832"
"KN294520v1","2021716","2022004","chr8","116569629","116569918","15","114547913"
"KN294520v1","2106999","2107291","chr4","65208628","65208919","39","63101629"
"KN294520v1","2229833","2230119","chr20","33479605","33479899","45","31249772"
"KN294521v1","53266","53573","chrX","20836132","20836421","38","20782866"
"KN294521v1","364716","364801","chrX","20534133","20534232","19","20169417"
"KN294521v1","397182","397460","chr4","36915476","36915756","37","36518294"
"KN294521v1","414112","414341","chrX","20488858","20489094","18","20074746"
"KN294521v1","477191","477322","chrX","20436990","20437118","20","19959799"
"KN294523v1","12046","12161","chr6","30724125","30724240","2","30712079"
"KN294524v1","54077","54308","chrX","29957402","29957630","14","29903325"
"KN294526v1","393166","393328","chr11","25827870","25828027","30","25434704"
"KN294526v1","377159","377460","chr22","12769407","12769707","11","12392248"
"KN294526v1","385214","385525","chr2","80041154","80041464","50","79655940"
"KN294526v1","420954","421253","chr22","12806283","12806592","21","12385329"
"KN294526v1","464521","464796","chr2","10270776","10271050","40","9806255"
"KN294526v1","526847","527154","chr6","39376230","39376534","39","38849383"
"KN294526v1","527606","527910","chr4","14478145","14478451","38","13950539"
"KN294527v1","58341","58492","chr12","64496323","64496475","23","64437982"
"KN294527v1","181479","181592","chr27","32660812","32660926","3","32479333"
"KN294527v1","213834","214193","chr1","92184112","92184473","77","91970278"
"KN294527v1","239620","239899","chr27","32608310","32608592","24","32368690"
"KN294527v1","255746","255875","chr27","32597091","32597221","5","32341345"
"KN294535v1","155697","155991","chr4","39961544","39961839","11","39805847"
"KN294535v1","292975","293155","chr19","7192289","7192466","26","6899314"
"KN294535v1","422931","423021","chrX","41947974","41948058","14","41525043"
"KN294535v1","470899","471005","chr20","108798105","108798208","28","108327206"
"KN294535v1","500269","500595","chr4","39617366","39617695","15","39117097"
"KN294535v1","512507","512596","chr4","39606278","39606368","3","39093771"
"KN294536v1","423341","423478","chr6","4450484","4450630","30","4027143"
"KN294536v1","453791","454062","chr22","36232131","36232409","43","35778340"
"KN294536v1","913398","913676","chr25","2892557","2892832","19","1979159"
"KN294536v1","954988","955284","chr25","2925748","2926045","17","1970760"
"KN294536v1","1036053","1036223","chr21","107819096","107819263","26","106783043"
"KN294536v1","1113795","1114096","chr25","3074501","3074809","14","1960706"
"KN294536v1","1208182","1208484","chrX","99604395","99604703","44","98396213"
"KN294536v1","1364636","1364809","chr25","3319529","3319701","7","1954893"
"KN294536v1","1384247","1384554","chr11","8684527","8684834","46","7300280"
"KN294536v1","1479258","1479577","chr26","38781049","38781370","44","37301791"
"KN294536v1","1542033","1542116","chr25","3491333","3491419","7","1949300"
"KN294536v1","1592084","1592178","chrX","17052248","17052348","12","15460164"
"KN294536v1","1641476","1641639","chr5","14109803","14109966","27","12468327"
"KN294536v1","1647380","1647478","chr9","60825849","60825952","18","59178469"
"KN294536v1","1724840","1725146","chr25","3668654","3668950","21","1943814"
"KN294536v1","1731252","1731418","chr25","3669649","3669815","5","1938397"
"KN294536v1","1733963","1734050","chr10","14776737","14776818","16","13042774"
"KN294536v1","1740081","1740252","chr10","19929334","19929499","26","18189253"
"KN294536v1","1742559","1742723","chr25","3678745","3678891","25","1936186"
"KN294536v1","1786675","1786778","chr25","3724493","3724591","8","1937818"
"KN294536v1","1790482","1790790","chr25","3728361","3728641","33","1937879"
"KN294536v1","1817558","1817725","chr12","53066244","53066408","27","51248686"
"KN294536v1","1869630","1869922","chr27","10163169","10163460","37","8293539"
"KN294536v1","1878799","1879082","chr25","3816659","3816942","12","1937860"
"KN294536v1","1905691","1905978","chr15","6799661","6799961","44","4893970"
"KN294539v1","37584","37773","chr15","60147045","60147238","33","60109461"
"KN294539v1","338184","338367","chr28","13814772","13814964","36","13476588"
"KN294539v1","364775","364860","chr14","91991733","91991816","14","91626958"
"KN294539v1","412634","412938","chr10","61941576","61941885","22","61528942"
"KN294539v1","888150","888483","chr20","100265127","100265459","53","99376977"
"KN294539v1","984790","984985","chr16","44663834","44664028","40","43679044"
"KN294539v1","1349381","1349545","chr14","70326149","70326316","20","68976768"
"KN294539v1","1377676","1377977","chr10","62890832","62891128","12","61513156"
"KN294539v1","1425667","1425762","chr9","67931734","67931826","18","66506067"
"KN294539v1","1432834","1433141","chr10","62948128","62948435","24","61515294"
"KN294539v1","1635874","1636178","chr10","63147546","63147835","32","61511672"
"KN294539v1","1748042","1748183","chr10","63257866","63258007","10","61509824"
"KN294539v1","1886142","1886270","chr10","63388648","63388782","10","61502506"
"KN294539v1","1949521","1949653","chr10","124597851","124597969","26","122648330"
"KN294539v1","2047971","2048257","chr9","12354158","12354440","31","10306187"
"KN294539v1","2114771","2115067","chr10","63597517","63597813","15","61482746"
"KN294539v1","2307810","2307966","chrX","108711335","108711486","29","106403525"
"KN294539v1","2310882","2311167","chr10","63794889","63795168","16","61484007"
"KN294539v1","2349087","2349184","chrX","17052248","17052348","12","14703161"
"KN294539v1","2368360","2368655","chr11","10039301","10039596","17","7670941"
"KN294539v1","3196734","3197045","chr10","64656977","64657271","26","61460243"
"KN294539v1","3340898","3341037","chr10","64797375","64797512","7","61456477"
"KN294539v1","3460496","3460804","chr6","8296516","8296820","43","4836020"
"KN294539v1","3512238","3512539","chr10","64997154","64997457","15","61484916"
"KN294539v1","3993629","3993934","chr21","13859037","13859338","43","9865408"
"KN294539v1","4419229","4419441","chr4","36251770","36251955","51","31832541"
"KN294540v1","260361","260670","chr7","131881510","131881819","31","131621149"
"KN294540v1","322862","322984","chr27","27195064","27195182","30","26872202"
"KN294540v1","347877","348165","chr29","2553667","2553953","29","2205790"
"KN294540v1","647772","647940","chr4","63793855","63794017","30","63146083"
"KN294540v1","677436","677722","chr23","55829597","55829887","35","55152161"
"KN294540v1","748333","748615","chr2","65851273","65851557","49","65102940"
"KN294540v1","769389","769550","chr6","7839767","7839914","38","7070378"
"KN294540v1","982877","982984","chr7","105235301","105235400","13","104252424"
"KN294540v1","1068385","1068486","chr1","55379193","55379297","13","54310808"
"KN294540v1","1232962","1233111","chrX_KE148108v1_random","1282629","1282776","22","49667"
"KN294540v1","1464590","1464892","chr20","9145662","9145963","37","7681072"
"KN294545v1","57357","57487","chr24","36015083","36015217","28","35957726"
"KN294546v1","109704","109965","chr22","18984943","18985221","46","18875239"
"KN294548v1","160683","160837","chr9","95419422","95419569","25","95258739"
"KN294548v1","177560","177647","chr25","71660223","71660311","4","71482663"
"KN294548v1","287130","287413","chr16","72639699","72639985","34","72352569"
"KN294548v1","413586","413726","chr10","93624400","93624538","14","93210814"
"KN294548v1","460469","460569","chr25","71387915","71388017","6","70927446"
"KN294548v1","680133","680250","chr25","71172714","71172831","9","70492581"
"KN294548v1","843171","843251","chr25","71005068","71005149","6","70161897"
"KN294548v1","845374","845683","chr25","71002636","71002945","15","70157262"
"KN294548v1","1005987","1006227","chr7","132010958","132011198","37","131004971"
"KN294548v1","1130659","1130960","chr25","70735790","70736092","16","69605131"
"KN294548v1","1272826","1273115","chr25","70584480","70584766","15","69311654"
"KN294548v1","1319574","1319719","chr11","68959703","68959847","20","67640129"
"KN294548v1","1391100","1391390","chr4","31030949","31031241","38","29639849"
"KN294548v1","1425747","1426044","chr25","70426019","70426320","17","69000272"
"KN294548v1","1440452","1440530","chr25","70411210","70411287","10","68970758"
"KN294548v1","1554090","1554383","chr25","70299049","70299342","19","68744959"
"KN294548v1","1559779","1560074","chr1","65106207","65106504","44","63546428"
"KN294548v1","1607925","1608229","chr20","124097842","124098151","35","122489917"
"KN294548v1","1616070","1616157","chr25","70237154","70237243","7","68621084"
"KN294552v1","459860","459971","chr14","94599367","94599478","11","94139507"
"KN294552v1","489186","489479","chr24","60952290","60952581","74","60463104"
"KN294552v1","832040","832336","chr14","94973250","94973540","25","94141210"
"KN294552v1","883609","883889","chr14","95024285","95024563","12","94140676"
"KN294552v1","979758","979965","chr16","53306089","53306296","44","52326331"
"KN294552v1","1510467","1510762","chr14","95627917","95628221","25","94117450"
"KN294552v1","1555778","1555864","chr8","129353932","129354018","13","127798154"
"KN294552v1","1660766","1660849","chr2","85445888","85445973","8","83785122"
"KN294556v1","25026","25226","chrX_KE148108v1_random","4853292","4853495","24","4828266"
"KN294556v1","120185","120352","chr14","70326149","70326316","27","70205964"
"KN294556v1","169572","169878","chr7","30404497","30404802","6","30234925"
"KN294557v1","21101","21309","chrX","10093269","10093473","9","10072168"
"KN294558v1","32474","32587","chr8","57304678","57304795","17","57272204"
"KN294558v1","98999","99295","chr26","52373097","52373392","14","52274098"
"KN294558v1","128583","128712","chr26","52403503","52403632","7","52274920"
"KN294558v1","183929","184220","chr26","52459704","52459992","18","52275775"
"KN294558v1","235099","235292","chr9","96331966","96332148","56","96096867"
"KN294558v1","251771","251861","chr23","61769910","61769995","15","61518139"
"KN294558v1","377516","377693","chr26","52651998","52652175","3","52274482"
"KN294558v1","573891","574091","chr1","15557479","15557663","44","14983588"
"KN294558v1","611910","612212","chr26","52878542","52878835","17","52266632"
"KN294561v1","640126","640324","chr3","47294644","47294826","39","46654518"
"KN294561v1","654465","654621","chr13","771511","771669","27","117046"
"KN294561v1","691512","691793","chr7","19296166","19296451","15","18604654"
"KN294561v1","708818","709128","chr7","19309022","19309353","36","18600204"
"KN294561v1","784452","784724","chr4","16616310","16616589","42","15831858"
"KN294561v1","826419","826681","chr26","30939371","30939630","41","30112952"
"KN294561v1","1184437","1184735","chr7","19764211","19764509","15","18579774"
"KN294561v1","1204929","1205107","chr12","106787522","106787700","31","105582593"
"KN294561v1","1247738","1247895","chr7","19821065","19821216","12","18573327"
"KN294561v1","1397434","1397564","chr10","117385550","117385683","18","115988116"
"KN294561v1","2054639","2054815","chr7","20666275","20666443","16","18611636"
"KN294561v1","2302398","2302695","chr9","124610123","124610419","35","122307725"
"KN294561v1","2412151","2412440","chr2","10487801","10488094","36","8075650"
"KN294564v1","137330","137475","chr19","11279984","11280131","8","11142654"
"KN294564v1","197363","197640","chr9","12354158","12354440","36","12156795"
"KN294564v1","217193","217345","chr19","11200787","11200934","18","10983594"
"KN294566v1","151713","151978","chrX","89811932","89812189","41","89660219"
"KN294566v1","298730","299025","chr25","27645459","27645765","43","27346729"
"KN294569v1","273222","273312","chr1","25147531","25147618","22","24874309"
"KN294569v1","389191","389373","chr19","7192289","7192466","33","6803098"
"KN294569v1","434435","434566","chr8","66160302","66160427","10","65725867"
"KN294569v1","559659","559770","chr8","115765319","115765429","15","115205660"
"KN294569v1","703773","703922","chr7","60547984","60548121","30","59844211"
"KN294569v1","753904","754037","chr8","65843170","65843305","9","65089266"
"KN294569v1","813919","814212","chr13","89008609","89008903","36","88194690"
"KN294570v1","92767","92900","chrX","6430548","6430668","25","6337781"
"KN294570v1","147462","147760","chr4","87595419","87595719","37","87447957"
"KN294570v1","151338","151472","chr28","1348973","1349107","2","1197635"
"KN294570v1","151792","151956","chr28","1349405","1349577","18","1197613"
"KN294570v1","154380","154682","chr23","26074668","26074970","34","25920288"
"KN294570v1","161172","161298","chr11","18933160","18933283","18","18771988"
"KN294570v1","268188","268490","chr23","26655146","26655450","37","26386958"
"KN294570v1","299267","299565","chr19","14526001","14526299","44","14226734"
"KN294570v1","302079","302168","chr11","124277143","124277232","14","123975064"
"KN294570v1","378903","379031","chrX","60836254","60836379","28","60457351"
"KN294570v1","394111","394405","chr28","1591685","1591963","24","1197574"
"KN294571v1","12014","12154","chr1","65266617","65266759","19","65254603"
"KN294571v1","71270","71554","chr12","47686146","47686436","49","47614876"
"KN294571v1","114487","114767","chr11","102216667","102216961","37","102102180"
"KN294571v1","158883","158959","chr11","107359069","107359157","26","107200186"
"KN294571v1","159278","159412","chr24","47738419","47738551","9","47579141"
"KN294571v1","211142","211324","chr17","68350038","68350213","32","68138896"
"KN294571v1","214231","214408","chr18","58468561","58468729","27","58254330"
"KN294571v1","253283","253429","chr4","34518326","34518473","39","34265043"
"KN294571v1","270045","270336","chr27","10760110","10760409","32","10490065"
"KN294571v1","392412","392693","chr25","69512081","69512362","33","69119669"
"KN294571v1","393544","393844","chr21","3306202","3306503","40","2912658"
"KN294571v1","463560","463822","chr26","24319531","24319792","37","23855971"
"KN294571v1","483292","483425","chrX","76333637","76333771","23","75850345"
"KN294571v1","500643","500751","chr9","102911776","102911884","17","102411133"
"KN294571v1","564429","564503","chr27","10485524","10485603","5","9921095"
"KN294571v1","567015","567294","chr27","10481248","10481507","28","9914233"
"KN294571v1","647046","647181","chr4","34518326","34518473","35","33871280"
"KN294571v1","649621","649911","chr27","10402012","10402299","16","9752391"
"KN294571v1","693564","693860","chr27","10359493","10359784","21","9665929"
"KN294571v1","730157","730318","chr20","96338788","96338956","28","95608631"
"KN294571v1","742441","742620","chr13","34627000","34627173","30","33884559"
"KN294571v1","750626","750947","chr27","10300296","10300605","26","9549670"
"KN294571v1","769972","770242","chr20","21770796","21771063","47","21000824"
"KN294571v1","795258","795411","chr11","25827870","25828027","28","25032612"
"KN294571v1","811231","811401","chr22","8659871","8660042","27","7848640"
"KN294571v1","828442","828611","chr19","7192289","7192466","37","6363847"
"KN294571v1","854417","854724","chr14","98188552","98188861","38","97334135"
"KN294571v1","905228","905518","chr27","10163169","10163460","14","9257941"
"KN294571v1","941196","941358","chr29","8002834","8002989","24","7061638"
"KN294571v1","998065","998213","chr27","10071557","10071700","9","9073492"
"KN294571v1","1049585","1049892","chr27","1978623","1978933","34","929038"
"KN294571v1","1095716","1095846","chr4","35974899","35975026","18","34879183"
"KN294571v1","1194011","1194131","chr27","9881820","9881947","13","8687809"
"KN294571v1","1328401","1328523","chr1","34447012","34447135","14","33118611"
"KN294571v1","1330004","1330124","chr28","4555337","4555457","18","3225333"
"KN294571v1","1334410","1334523","chr20","109716896","109717012","19","108382486"
"KN294571v1","1392668","1392967","chr13","66806436","66806727","27","65413768"
"KN294571v1","1460291","1460465","chr14","70326149","70326316","29","68865858"
"KN294571v1","1460786","1460798","chr2","4047053","4047066","2","2586267"
"KN294571v1","1499865","1500000","chr10","102421753","102421883","18","100921888"
"KN294571v1","1632068","1632195","chr27","9487515","9487641","11","7855447"
"KN294571v1","1636548","1636804","chr18","703007","703257","36","933541"
"KN294571v1","1643249","1643407","chr1","10055596","10055753","21","8412347"
"KN294571v1","1831683","1831695","chr10","105614392","105614403","2","103782709"
"KN294571v1","1831721","1831862","chr3","23052634","23052774","16","21220913"
"KN294571v1","1899266","1899547","chr19","14427407","14427685","23","12528141"
"KN294571v1","1958411","1958532","chr1","69315551","69315686","32","67357140"
"KN294571v1","2133901","2134203","chr27","8997910","8998216","10","6864009"
"KN294571v1","2254943","2255240","chr27","8877765","8878062","8","6622822"
"KN294571v1","2720387","2720682","chr29","8326246","8326540","36","5605859"
"KN294571v1","2884131","2884335","chr20","60747889","60748104","42","57863758"
"KN294573v1","11057","11351","chr21","2107983","2108277","12","2096926"
"KN294573v1","107825","107936","chr1","114684461","114684569","16","114576636"
"KN294573v1","153162","153456","chr2","24892855","24893152","53","24739693"
"KN294578v1","232431","232695","chr25","19461299","19461571","15","19228868"
"KN294578v1","490745","490990","chr12","44519999","44520223","63","44029254"
"KN294578v1","509029","509212","chr2","84460702","84460880","33","83951673"
"KN294578v1","693571","693845","chr2","10270776","10271050","45","9577205"
"KN294578v1","758494","758794","chr25","18961006","18961295","21","18202512"
"KN294581v1","61171","61466","chr28","18370175","18370456","47","18309004"
"KN294581v1","113155","113452","chr4","58432007","58432309","24","58318852"
"KN294581v1","116240","116538","chr21","31446688","31446995","31","31330448"
"KN294581v1","280768","280987","chr6","50149293","50149512","40","49868525"
"KN294581v1","281032","281075","chr3","52112552","52112597","6","51831520"
"KN294581v1","327383","327625","chr24","53199738","53199979","36","52872355"
"KN294581v1","420203","420293","chr4","58735773","58735865","9","58315570"
"KN294581v1","425135","425281","chrX_KE148108v1_random","1282629","1282776","28","857494"
"KN294581v1","516202","516504","chr5","516542","516843","33","340"
"KN294581v1","663085","663365","chr7","87079141","87079422","32","86416056"
"KN294582v1","334463","334586","chr13","46787791","46787920","11","46453328"
"KN294582v1","597911","598155","chr7","132010958","132011198","45","131413047"
"KN294582v1","630744","630842","chr13","47077681","47077781","6","46446937"
"KN294583v1","49788","49911","chr9","25980104","25980225","12","25930316"
"KN294583v1","134894","135035","chr14","59427074","59427214","29","59292180"
"KN294583v1","143046","143257","chr16","53306089","53306296","32","53163043"
"KN294585v1","47916","48073","chr1","55471710","55471867","29","55423794"
"KN294585v1","100398","100672","chr4","89124751","89125020","39","89024353"
"KN294588v1","232570","232687","chr25","73612600","73612722","19","73380030"
"KN294588v1","657776","657925","chr18","43885457","43885609","7","43227681"
"KN294588v1","1629825","1630114","chr18","34774859","34775154","37","33145034"
"KN294588v1","2113705","2113800","chr20","13447248","13447342","15","11333543"
"KN294588v1","2320329","2320633","chr11","4138694","4138986","55","1818365"
"KN294588v1","2768836","2769129","chr1","32867052","32867348","40","30098216"
"KN294588v1","3063300","3063581","chr7","87079141","87079422","42","84015841"
"KN294591v1","360992","361305","chr24","12130138","12130442","29","11769146"
"KN294591v1","417542","417840","chr6","34700995","34701286","32","34283453"
"KN294591v1","498963","499259","chr6","33770311","33770609","32","33271348"
"KN294591v1","590819","590973","chr24","11905461","11905602","17","11314642"
"KN294592v1","9364","9525","chr25","27497903","27498067","28","27488539"
"KN294592v1","41047","41187","chr19","22594501","22594655","37","22553454"
"KN294592v1","89242","89553","chr10","91785461","91785764","40","91696219"
"KN294592v1","89558","89856","chr6","46904351","46904647","34","46814793"
"KN294592v1","241600","241708","chr10","120609115","120609221","16","120367515"
"KN294592v1","266211","266519","chr1","114337364","114337672","36","114071153"
"KN294592v1","290693","290800","chr5","36135293","36135405","17","35844600"
"KN294592v1","301996","302280","chr16","63523716","63524003","15","63221720"
"KN294592v1","338542","338696","chrX_KE148108v1_random","1282629","1282776","22","944087"
"KN294592v1","375623","375754","chr15","13896407","13896536","12","13520784"
"KN294592v1","500001","500073","chr22","71989921","71989993","17","71489920"
"KN294592v1","541046","541335","chr16","63751937","63752223","19","63210891"
"KN294592v1","561301","561605","chr16","63771931","63772236","20","63210630"
"KN294592v1","595584","595876","chr16","63803257","63803544","13","63207673"
"KN294592v1","640620","640744","chr16","10087420","10087549","18","9446800"
"KN294592v1","694822","694943","chr16","63893681","63893802","4","63198859"
"KN294592v1","745594","745889","chr8","26697765","26698062","32","25952171"
"KN294592v1","760364","760436","chr18","71140340","71140415","16","70379976"
"KN294592v1","784888","784982","chr16","63967102","63967196","3","63182214"
"KN294592v1","840258","840581","chr16","64028675","64028998","15","63188417"
"KN294592v1","914651","914959","chr11","8684527","8684834","52","7769876"
"KN294592v1","996380","996539","chr1","99948504","99948656","28","98952124"
"KN294592v1","1029485","1029602","chr16","64213713","64213830","5","63184228"
"KN294592v1","1123099","1123307","chr21","73892014","73892197","59","72768915"
"KN294592v1","1128795","1128913","chr16","64311895","64312013","7","63183100"
"KN294592v1","1129067","1129178","chr16","49090865","49090977","20","47961798"
"KN294592v1","1158696","1158799","chr2","80385704","80385808","22","79227008"
"KN294592v1","1160011","1160308","chr17","33351868","33352162","30","32191857"
"KN294592v1","1197560","1197637","chrX","52233766","52233842","9","51036206"
"KN294592v1","1204340","1204442","chr25","48878806","48878903","20","47674466"
"KN294592v1","1206432","1206532","chr21","107741320","107741419","9","106534888"
"KN294592v1","1246437","1246729","chr16","64421351","64421643","7","63174914"
"KN294592v1","1338853","1339136","chr16","64506305","64506574","37","63167452"
"KN294592v1","1355999","1356283","chr11","51174756","51175050","38","49818757"
"KN294592v1","1394583","1394699","chr6","40506259","40506380","17","39111676"
"KN294596v1","451819","451953","chr11","90237732","90237865","20","89785913"
"KN294598v1","45697","45884","chr20","122226432","122226619","36","122180735"
"KN294598v1","46433","46557","chr1","1453580","1453704","5","1407147"
"KN294598v1","192229","192534","chr13","60629514","60629818","30","60437285"
"KN294598v1","348966","349224","chr14","97806022","97806272","31","97457056"
"KN294598v1","387513","387803","chr21","100099667","100099959","47","99712154"
"KN294599v1","80374","80506","chr3","23052634","23052774","18","22972260"
"KN294599v1","110910","111210","chr16","2621276","2621572","38","2510366"
"KN294599v1","431050","431158","chr13","24314359","24314467","4","23883309"
"KN294599v1","639219","639394","chr11","108651238","108651415","40","108012019"
"KN294599v1","914728","915039","chr11","50184801","50185107","43","49270073"
"KN294601v1","63080","63172","chr2","85445888","85445973","15","85382808"
"KN294602v1","14498","14607","chr20","108798105","108798208","25","108783607"
"KN294602v1","27822","28002","chr18","47604543","47604725","26","47576721"
"KN294602v1","170926","171038","chr7","69248161","69248275","15","69077235"
"KN294604v1","194213","194467","chr11","105236255","105236507","43","105042042"
"KN294609v1","32348","32535","chr23","46446460","46446648","27","46414112"
"KN294611v1","14000","14293","chrX","51281272","51281571","26","51267272"
"KN294613v1","58232","58354","chr5","26506229","26506351","1","26447997"
"KN294613v1","65635","65848","chr9","85642154","85642354","56","85576519"
"KN294613v1","145057","145224","chr16","31645987","31646145","37","31500930"
"KN294613v1","279066","279168","chr2","47476238","47476338","15","47197172"
"KN294613v1","368529","368688","chr13","771511","771669","26","402982"
"KN294613v1","408288","408452","chr2","17083941","17084094","30","16675653"
"KN294613v1","504304","504476","chr21","107819096","107819263","33","107314792"
"KN294613v1","649767","650035","chr1","17346894","17347153","46","16697127"
"KN294613v1","653908","654118","chr15","28923042","28923249","47","28269134"
"KN294613v1","670070","670263","chrX","92168581","92168768","32","91498511"
"KN294613v1","672497","672705","chr20","87023843","87024048","43","86351346"
"KN294613v1","768130","768417","chr5","27213367","27213656","19","26445237"
"KN294614v1","732171","732294","chr7","66536479","66536599","31","65804308"
"KN294614v1","733528","733701","chr20_KE148049v1_random","24491","24663","34","709037"
"KN294614v1","765370","765652","chr11","118782213","118782486","43","118016843"
"KN294614v1","868062","868360","chr8","71072026","71072324","13","70203964"
"KN294614v1","1083115","1083414","chr17","40162788","40163087","36","39079673"
"KN294618v1","95525","95617","chr11","60000001","60000094","21","59904476"
"KN294619v1","111819","111928","chr26","8528333","8528444","20","8416514"
"KN294619v1","942931","943204","chr12","106461134","106461400","52","105518203"
"KN294619v1","1267993","1268077","chr16","21962406","21962483","24","20694413"
"KN294619v1","1493412","1493499","chr25","54517793","54517883","8","53024381"
"KN294619v1","1615212","1615515","chr25","52302005","52302309","33","50686793"
"KN294627v1","551520","551828","chr21","23707996","23708296","24","23156476"
"KN294627v1","561949","562157","chr15","48214277","48214486","46","47652328"
"KN294629v1","110479","110765","chrX","97918481","97918771","14","97808002"
"KN294630v1","51454","51628","chr3","90477940","90478106","33","90426486"
"KN294630v1","146150","146456","chr28","14566595","14566903","20","14420445"
"KN294630v1","229241","229348","chr1","11854256","11854363","13","11625015"
"KN294630v1","327746","327901","chrX","108711335","108711486","29","108383589"
"KN294630v1","372202","372343","chr28","14782468","14782609","5","14410266"
"KN294630v1","396996","397161","chr10","122138385","122138550","25","121741389"
"KN294630v1","419183","419349","chr10","19929334","19929499","32","19510151"
"KN294630v1","443178","443487","chr28","14850315","14850617","26","14407137"
"KN294630v1","454062","454347","chr6","6384874","6385167","46","5930812"
"KN294630v1","497555","497849","chr28","14900766","14901059","16","14403211"
"KN294630v1","503772","503905","chr28","16189476","16189601","27","15685704"
"KN294630v1","520422","520750","chrX","50590083","50590370","81","50069661"
"KN294630v1","529245","529418","chr16","58858328","58858499","27","58329083"
"KN294630v1","675372","675672","chr28","15077197","15077503","20","14401825"
"KN294630v1","678101","678319","chr8","50609542","50609769","40","49931441"
"KN294630v1","699532","699820","chr21","100099667","100099959","39","99400135"
"KN294630v1","745667","745721","chr24","69029689","69029742","4","68284022"
"KN294633v1","20049","20325","chr26","42347704","42347996","28","42327655"
"KN294633v1","23231","23523","chr26","42346136","42346430","21","42322905"
"KN294633v1","54734","54865","chr14","104600816","104600948","35","104546082"
"KN294633v1","69841","70136","chr26","42306345","42306639","22","42236504"
"KN294633v1","128823","129109","chr11","18972643","18972925","41","18843820"
"KN294633v1","171226","171530","chr13","60629514","60629818","42","60458288"
"KN294633v1","198689","198873","chr28","14374070","14374256","36","14175381"
"KN294634v1","569293","569603","chr11","117399497","117399806","40","116830204"
"KN294644v1","601387","601479","chr21","7654402","7654495","13","7053015"
"KN294644v1","1229246","1229550","chr21","103799077","103799372","50","102569831"
"KN294647v1","5404","5705","chrX","22293419","22293712","53","22288015"
"KN294647v1","61547","61649","chr6","42178187","42178291","16","42116640"
"KN294647v1","94624","94913","chr7","75071119","75071405","13","74976495"
"KN294647v1","192150","192243","chr9","124609102","124609190","26","124416952"
"KN294647v1","201704","201835","chr7","75173451","75173572","12","74971747"
"KN294650v1","390639","390758","chr12","75030624","75030743","3","74639985"
"KN294650v1","530537","530642","chr12","75166153","75166258","5","74635616"
"KN294650v1","700884","701046","chr9","56928320","56928476","31","56227436"
"KN294650v1","1090710","1091023","chr12","75711373","75711690","22","74620663"
"KN294650v1","1422286","1422586","chr12","76004418","76004718","8","74582132"
"KN294650v1","1512168","1512254","chr10","45917702","45917786","11","44405534"
"KN294650v1","2008487","2008600","chr12","76572666","76572773","10","74564179"
"KN294652v1","1","99","chr20","122337114","122337214","14","122337113"
"KN294654v1","3","141","chr9","62827064","62827205","17","62827061"
"KN294657v1","130759","130890","chr12","64662202","64662340","13","64531443"
"KN294657v1","182286","182408","chr20_KE148049v1_random","1163618","1163739","16","981332"
"KN294657v1","195880","195985","chr1","55379193","55379297","13","55183313"
"KN294657v1","294835","294940","chr12","64822246","64822352","10","64527411"
"KN294657v1","348160","348248","chr19","32310526","32310616","13","31962366"
"KN294657v1","673754","673854","chr9","89944165","89944264","9","89270411"
"KN294662v1","289168","289477","chr21","56445042","56445349","18","56155874"
"KN294665v1","45252","45437","chr3","47294644","47294826","32","47249392"
"KN294665v1","55407","55711","chrX","112079536","112079813","40","112024129"
"KN294665v1","196240","196546","chr11","8684527","8684834","38","8488287"
"KN294668v1","413770","413972","chr11","64990360","64990552","49","64576590"
"KN294668v1","861994","862280","chr15","79907881","79908170","26","79045887"
"KN294668v1","1264701","1264972","chr15","80283215","80283511","37","79018514"
"KN294668v1","2007227","2007329","chr12","19534181","19534283","15","17526954"
"KN294668v1","2008873","2008982","chr15","16311393","16311504","20","14302520"
"KN294668v1","2036863","2037167","chr11","6474804","6475104","42","4437941"
"KN294668v1","2044713","2044898","chr21","45329482","45329674","29","43284769"
"KN294668v1","2167601","2167722","chr18","34198468","34198590","18","32030867"
"KN294668v1","2226984","2227293","chr15","81285923","81286232","11","79058939"
"KN294668v1","2228935","2229239","chrUn_KE147541v1","229930","230239","38","1999005"
"KN294668v1","2296250","2296370","chr13","56137401","56137506","27","53841151"
"KN294668v1","2302270","2302461","chr28","14374070","14374256","40","12071800"
"KN294668v1","2307785","2307878","chr15","81363684","81363785","10","79055899"
"KN294668v1","2381441","2381550","chr15","81449692","81449803","10","79068251"
"KN294668v1","2478337","2478637","chr5","74170141","74170442","47","71691804"
"KN294668v1","3193502","3193807","chr15","82250124","82250426","22","79056622"
"KN294668v1","3271306","3271569","chr11","99495426","99495706","59","96224120"
"KN294668v1","3367171","3367465","chr19","33141919","33142207","45","29774748"
"KN294668v1","3487153","3487294","chr15","82542008","82542157","16","79054855"
"KN294668v1","3563180","3563477","chr15","82617215","82617514","31","79054035"
"KN294668v1","3650515","3650674","chr14","70326149","70326316","32","66675634"
"KN294668v1","3735937","3736076","chr15","82785284","82785429","12","79049347"
"KN294668v1","3904918","3905009","chr24","66387381","66387471","18","62482463"
"KN294668v1","3941251","3941506","chr17","65073252","65073507","50","61132001"
"KN294671v1","98017","98126","chrX","129323965","129324073","5","129225948"
"KN294671v1","312157","312285","chr4","16622683","16622804","28","16310526"
"KN294677v1","105985","106107","chr11","75493705","75493833","9","75387720"
"KN294684v1","76089","76263","chr20","12577124","12577295","29","12501035"
"KN294685v1","61459","61759","chr11","61095994","61096290","34","61034535"
"KN294685v1","228258","228437","chr7","60522588","60522762","31","60294330"
"KN294685v1","277392","277684","chr26","53914369","53914658","39","53636977"
"KN294685v1","403414","403599","chr15","18998078","18998253","30","18594664"
"KN294685v1","529637","529949","chr20","97641107","97641414","37","97111470"
"KN294685v1","584573","584760","chr12","60617467","60617647","36","60032894"
"KN294685v1","665816","666064","chr14","97806022","97806272","37","97140206"
"KN294685v1","780269","780460","chr20","104124772","104124963","36","103344503"
"KN294685v1","787035","787220","chr19","25599493","25599672","35","24812458"
"KN294685v1","806853","806969","chr5","11500676","11500780","26","10693823"
"KN294685v1","809127","809247","chr18","26693607","26693722","20","25884480"
"KN294685v1","848058","848195","chr26","7624405","7624551","35","6776347"
"KN294685v1","854145","854442","chr3","1174375","1174674","25","320230"
"KN294685v1","965361","965532","chr22","8659871","8660042","47","7694510"
"KN294685v1","967097","967404","chr11","8684527","8684834","30","7717430"
"KN294685v1","1067682","1067956","chr15","3456812","3457094","46","2389130"
"KN294685v1","1102747","1103005","chr3","1457166","1457429","33","354419"
"KN294685v1","1106123","1106217","chr14","45361117","45361216","18","44254994"
"KN294685v1","1248005","1248305","chr6","10036988","10037293","35","8788983"
"KN294685v1","1251547","1251723","chr14","36731633","36731798","27","35480086"
"KN294693v1","232753","233041","chr21","27000522","27000802","25","26767769"
"KN294693v1","334925","335230","chr15","40159772","40160079","53","39824847"
"KN294693v1","355926","356062","chr21","26883039","26883173","5","26527113"
"KN294693v1","590317","590612","chr20","67965913","67966210","46","67375596"
"KN294693v1","1188284","1188583","chr23","44984534","44984834","38","43796250"
"KN294693v1","1384958","1385255","chr9","115686879","115687176","40","114301921"
"KN294695v1","7327","7622","chr8","28173535","28173828","36","28166208"
"KN294697v1","47230","47317","chr5","61047793","61047876","14","61000563"
"KN294698v1","63521","63615","chr10","98829892","98829985","13","98766371"
"KN294698v1","136798","136959","chr10","122138385","122138550","29","122001587"
"KN294698v1","151384","151678","chr20","40781151","40781443","12","40629767"
"KN294698v1","179658","179842","chr12","60617467","60617647","32","60437809"
"KN294698v1","181465","181774","chr20","40812056","40812365","18","40630591"
"KN294700v1","60595","60877","chr26","6538749","6539030","11","6478154"
"KN294700v1","60905","60919","chr17","43891415","43891430","1","43830510"
"KN294700v1","122411","122537","chr4","53367597","53367723","15","53245186"
"KN294701v1","74409","74548","chr5","26023768","26023910","22","25949359"
"KN294703v1","120350","120452","chr6","45138407","45138503","20","45018057"
"KN294703v1","146235","146410","chr17","68350038","68350213","30","68203803"
"KN294705v1","1","94","chr1","114154122","114154211","13","114154121"
"KN294705v1","1293","1613","chr21","116690699","116691017","34","116689406"
"KN294705v1","139900","139910","chr16","65770489","65770499","4","65630589"
"KN294705v1","140205","140372","chr20","112122691","112122859","31","111982486"
"KN294705v1","195785","195934","chr16","57646308","57646447","30","57450523"
"KN294705v1","227076","227249","chr16","11746102","11746270","27","11519026"
"KN294705v1","239934","240013","chr1","99418280","99418361","12","99178346"
"KN294705v1","278413","278721","chr20","101645412","101645725","21","101366999"
"KN294705v1","300476","300604","chr29","8654581","8654706","30","8354105"
"KN294705v1","378700","378865","chr24","66134690","66134855","32","65755990"
"KN294705v1","392190","392350","chr14","1181634","1181795","26","789444"
"KN294705v1","408461","408596","chr20","101515559","101515694","4","101107098"
"KN294705v1","509229","509385","chrUn_KE147541v1","70880","71041","29","438349"
"KN294705v1","533064","533229","chr21","45236409","45236574","24","44703345"
"KN294705v1","560750","560919","chr20","101366062","101366235","8","100805312"
"KN294705v1","657372","657686","chrX","114986563","114986873","41","114329191"
"KN294705v1","720356","720450","chr9","81303230","81303324","14","80582874"
"KN294705v1","776577","776685","chr5","6142187","6142293","24","5365610"
"KN294705v1","883822","884129","chr20","101046658","101046967","30","100162836"
"KN294705v1","1002315","1002399","chr20","106480329","106480413","12","105478014"
"KN294705v1","1065448","1065716","chr21","125095843","125096118","38","124030395"
"KN294705v1","1145829","1145916","chr23","61769910","61769995","14","60624081"
"KN294705v1","1161992","1162295","chr20","100772930","100773237","14","99610938"
"KN294705v1","1216292","1216395","chr13","76191138","76191239","21","74974846"
"KN294705v1","1312131","1312321","chr20","129565248","129565429","31","128253117"
"KN294705v1","1380880","1381025","chr14","91898736","91898878","22","90517856"
"KN294705v1","1429447","1429591","chr16","6556261","6556395","27","5126814"
"KN294705v1","1438648","1438821","chr21","67869598","67869767","23","66430950"
"KN294705v1","1519153","1519247","chr20","100415138","100415227","11","98895985"
"KN294705v1","1531371","1531527","chr20","100402970","100403143","35","98871599"
"KN294705v1","1583694","1583865","chr18","58468561","58468729","35","56884867"
"KN294705v1","1590788","1591075","chr20","100348843","100349137","21","98758055"
"KN294705v1","1597812","1597923","chr20","100341836","100341945","4","98744024"
"KN294705v1","1604692","1604998","chr20","100336575","100336899","32","98731883"
"KN294705v1","1635357","1635646","chr9","21358440","21358726","37","19723083"
"KN294705v1","1655202","1655507","chr29","8326246","8326540","33","6671044"
"KN294705v1","1655850","1656016","chrX","55056641","55056797","38","53400791"
"KN294705v1","1676152","1676461","chr26","50826422","50826725","22","49150270"
"KN294705v1","1710065","1710179","chr4","14205339","14205452","14","12495274"
"KN294705v1","1719506","1719696","chr20","129565248","129565429","38","127845742"
"KN294705v1","1746956","1747269","chr5","73276958","73277265","50","71530002"
"KN294705v1","1752977","1753197","chr25","64560611","64560840","49","62807634"
"KN294705v1","1753499","1753547","chr13","23404680","23404721","14","21651181"
"KN294705v1","1754454","1754728","chr20","100182638","100182905","13","98428184"
"KN294705v1","1760877","1761002","chr20","100176596","100176722","6","98415719"
"KN294705v1","1765044","1765337","chr21","103799077","103799372","30","102034033"
"KN294705v1","1788494","1788644","chr20","100152035","100152182","11","98363541"
"KN294705v1","1797829","1798134","chr20","100143200","100143507","16","98345371"
"KN294705v1","1805360","1805559","chr16","44663834","44664028","39","42858474"
"KN294705v1","1805849","1805979","chr6","40251206","40251334","13","38445357"
"KN294705v1","1831436","1831632","chr17","48074159","48074349","38","46242723"
"KN294705v1","1846754","1847056","chr20","100094628","100094937","20","98247874"
"KN294705v1","1861582","1861788","chr20","67929191","67929398","27","66067609"
"KN294705v1","1866439","1866741","chr27","9778999","9779300","33","7912560"
"KN294705v1","1916393","1916548","chr20","100031878","100032033","9","98115485"
"KN294705v1","2024073","2024382","chr20","99926690","99926998","13","97902617"
"KN294705v1","2062117","2062411","chr4","74600463","74600757","43","72538346"
"KN294705v1","2210472","2210569","chr13","54292204","54292297","17","52081732"
"KN294710v1","25505","25814","chrX","50573330","50573639","13","50547825"
"KN294710v1","28120","28292","chr21","107819096","107819263","31","107790976"
"KN294710v1","87622","87650","chr10","75112120","75112142","12","75024498"
"KN294710v1","87828","87987","chr20","96338788","96338956","39","96250960"
"KN294711v1","1108166","1108327","chr20","100688602","100688768","33","99580436"
"KN294711v1","1134401","1134499","chr22","55222439","55222537","20","54088038"
"KN294713v1","128213","128501","chr16","56610949","56611249","48","56482736"
"KN294713v1","180156","180488","chr22","52529578","52529886","37","52349422"
"KN294713v1","235143","235439","chr1","10269668","10269963","45","10034525"
"KN294713v1","313899","314033","chr22","52397686","52397820","6","52083787"
"KN294713v1","314468","314636","chr2","81247077","81247245","26","80932609"
"KN294713v1","330250","330546","chr22","52381368","52381660","22","52051118"
"KN294713v1","386706","386889","chr20","122226432","122226619","34","121839726"
"KN294713v1","457333","457471","chr22","52262463","52262605","7","51805130"
"KN294713v1","605232","605329","chr13","67554341","67554435","19","66949109"
"KN294713v1","621049","621234","chr5","75187134","75187314","34","74566085"
"KN294713v1","641562","641727","chr9","13402188","13402355","26","12760626"
"KN294713v1","722463","722573","chr15","16311393","16311504","17","15588930"
"KN294713v1","793096","793400","chr20","124097842","124098151","37","123304746"
"KN294713v1","797894","798197","chr23","29598265","29598555","43","28800371"
"KN294713v1","826499","826675","chr20","96338788","96338956","31","95512289"
"KN294713v1","832344","832455","chr20","95476261","95476383","27","94643917"
"KN294713v1","833089","833250","chr16","22637283","22637451","40","21804194"
"KN294713v1","849065","849353","chr20","85616236","85616532","38","84767171"
"KN294713v1","850616","850907","chr17","20198044","20198340","37","19347428"
"KN294713v1","866235","866420","chr8","25634226","25634403","34","24767991"
"KN294713v1","926023","926327","chr22","51807012","51807326","18","50880989"
"KN294713v1","948529","948835","chr15","90985625","90985922","41","90037096"
"KN294713v1","964150","964259","chr22","51771734","51771843","5","50807584"
"KN294716v1","22692","22980","chr8","40061557","40061837","40","40038865"
"KN294717v1","42725","43018","chr25","49728336","49728637","34","49685611"
"KN294717v1","92504","92811","chr10","35202908","35203214","32","35110404"
"KN294717v1","111991","112156","chr19","32985481","32985647","7","32873490"
"KN294717v1","139597","139789","chrX","92168581","92168768","28","92028984"
"KN294717v1","241672","241783","chr5","65450314","65450424","19","65208642"
"KN294717v1","270511","270799","chr19","33141919","33142207","16","32871408"
"KN294723v1","10058","10365","chr11","66405819","66406128","19","66395761"
"KN294723v1","12638","12783","chr16","31561074","31561214","30","31548436"
"KN294723v1","262243","262506","chr4","31545807","31546067","39","31283564"
"KN294726v1","252769","252998","chr24","62409463","62409728","45","62156694"
"KN294726v1","253078","253094","chr12","44129905","44129921","2","43876827"
"KN294726v1","367750","368054","chr21","13859037","13859338","45","13491287"
"KN294726v1","433576","433746","chr6","47227176","47227352","33","46793600"
"KN294726v1","433780","433901","chr1","34447012","34447135","22","34013232"
"KN294728v1","1048486","1048791","chr7","131446554","131446852","44","130398068"
"KN294728v1","323094","323225","chr9","68714162","68714302","13","68391068"
"KN294728v1","837359","837482","chr8","134733924","134734043","19","133896565"
"KN294728v1","857520","857823","chr9","68207277","68207580","14","67349757"
"KN294728v1","971677","971987","chr9","68088745","68089049","26","67117068"
"KN294728v1","981802","982093","chr9","68078696","68078987","10","67096894"
"KN294728v1","1007116","1007474","chr9","68054266","68054630","21","67047150"
"KN294728v1","1040974","1041103","chr24","47738419","47738551","14","46697445"
"KN294728v1","1131093","1131183","chr9","67931734","67931826","6","66800641"
"KN294728v1","1284872","1285159","chr9","67782226","67782509","13","66497354"
"KN294728v1","1353867","1354146","chr9","67715592","67715879","28","66361725"
"KN294728v1","1512685","1512978","chr9","67557709","67558013","23","66045024"
"KN294728v1","1557741","1557838","chr13","67554341","67554435","12","65996600"
"KN294728v1","1584632","1584749","chrX","35211237","35211359","17","33626605"
"KN294728v1","1801333","1801619","chr11","18972643","18972925","32","17171310"
"KN294728v1","1807958","1808043","chr1","99418280","99418361","14","97610322"
"KN294729v1","2870","2991","chrX","99705181","99705308","35","99702311"
"KN294732v1","552972","553291","chr8","119259189","119259507","43","118706217"
"KN294733v1","27414","27708","chr21","100099667","100099959","29","100072253"
"KN294733v1","165777","165943","chr21","107819096","107819263","27","107653319"
"KN294733v1","173932","174215","chr20_KE148051v1_random","6082","6374","32","167850"
"KN294733v1","203473","203791","chr20","24289776","24290102","23","24086303"
"KN294733v1","310181","310251","chr20","106182061","106182131","9","105871880"
"KN294733v1","398331","398636","chr20","24100743","24101051","15","23702412"
"KN294733v1","518974","519262","chr20","23982096","23982383","21","23463122"
"KN294733v1","524068","524204","chr20","23977192","23977341","17","23453124"
"KN294733v1","637316","637619","chr15","61974796","61975095","41","61337480"
"KN294734v1","499612","499921","chr11","8684527","8684834","38","8184915"
"KN294734v1","714008","714109","chr28","8783480","8783585","24","8069472"
"KN294734v1","754978","755276","chr10","112175727","112176026","31","111420749"
"KN294739v1","285381","285484","chr16","63309997","63310100","13","63024616"
"KN294739v1","536566","536867","chr24","50204033","50204320","24","49667467"
"KN294739v1","566369","566656","chr14","33159127","33159417","30","32592758"
"KN294739v1","567250","567343","chr24","50234619","50234712","2","49667369"
"KN294739v1","618542","618819","chr24","50279625","50279901","11","49661083"
"KN294739v1","638219","638515","chr1","65106207","65106504","32","64467988"
"KN294739v1","662482","662647","chr14","70326149","70326316","27","69663667"
"KN294739v1","769713","770001","chr24","50424472","50424769","26","49654759"
"KN294739v1","826685","826863","chr19","7192289","7192466","28","6365604"
"KN294739v1","829105","829262","chr19","20300937","20301099","31","19471832"
"KN294739v1","921719","922015","chr24","50565842","50566152","23","49644123"
"KN294739v1","963312","963486","chr10","117385991","117386167","26","116422679"
"KN294739v1","1033716","1034010","chr17","60238337","60238633","29","59204621"
"KN294739v1","1116991","1117296","chr8","2511020","2511327","39","1394029"
"KN294741v1","28310","28381","chr15","8514430","8514502","10","8486120"
"KN294741v1","86901","87200","chr11","113496708","113497000","39","113409807"
"KN294741v1","187469","187761","chr26","55829444","55829732","20","55641975"
"KN294741v1","325653","325755","chr5","74607971","74608072","19","74282318"
"KN294741v1","451148","451252","chr3","73890806","73890910","13","73439658"
"KN294741v1","485942","486108","chr16","70224259","70224419","29","69738317"
"KN294741v1","500372","500549","chr13","38693871","38694044","28","38193499"
"KN294741v1","573750","573906","chr26","56213061","56213219","8","55639311"
"KN294741v1","601429","601510","chr1","117658552","117658633","15","117057123"
"KN294741v1","1036078","1036192","chr13","22825178","22825284","17","21789100"
"KN294741v1","1132841","1133140","chr26","56770360","56770658","15","55637519"
"KN294741v1","1153839","1154132","chr26","56788834","56789122","17","55634995"
"KN294741v1","1311730","1311796","chr26","56940207","56940273","6","55628477"
"KN294741v1","1480513","1480680","chr21","107819096","107819263","26","106338583"
"KN294741v1","1507406","1507697","chr26","57124363","57124663","23","55616957"
"KN294741v1","1509120","1509413","chr7","134423867","134424162","38","132914747"
"KN294741v1","1538333","1538614","chr26","57153441","57153722","13","55615108"
"KN294741v1","1561200","1561485","chr26","53914369","53914658","39","52353169"
"KN294741v1","1562639","1562937","chr14","75415431","75415732","36","73852792"
"KN294741v1","1605442","1605736","chr26","57208004","57208303","15","55602562"
"KN294741v1","1610684","1610976","chr26","57212972","57213264","13","55602288"
"KN294741v1","1633236","1633518","chr1","65106207","65106504","42","63472971"
"KN294741v1","1727475","1727767","chr26","57314871","57315159","21","55587396"
"KN294741v1","1936017","1936149","chr26","57512809","57512941","10","55576792"
"KN294741v1","2039487","2039769","chr26","57625264","57625549","19","55585777"
"KN294741v1","2125034","2125175","chr2","43414929","43415064","18","41289895"
"KN294741v1","2125295","2125589","chr13","34764102","34764393","39","32638807"
"KN294745v1","76037","76329","chr8","40865958","40866252","9","40789921"
"KN294745v1","126096","126415","chr8","40817317","40817624","24","40691221"
"KN294745v1","143458","143739","chr25","69512081","69512362","35","69368623"
"KN294745v1","156243","156404","chr16","70224259","70224419","26","70068016"
"KN294745v1","156717","156849","chr11","8083693","8083823","18","7926976"
"KN294745v1","234309","234447","chr2","84664572","84664709","19","84430263"
"KN294747v1","222713","222823","chr9","12560878","12560986","14","12338165"
"KN294747v1","238432","238729","chr1","120508985","120509273","19","120270553"
"KN294747v1","288530","288830","chr27","9778999","9779300","38","9490469"
"KN294747v1","289340","289611","chr3","63981759","63982039","39","63692419"
"KN294747v1","351134","351440","chr11","8684527","8684834","38","8333393"
"KN294747v1","953834","953949","chr9","102911776","102911884","20","101957942"
"KN294747v1","1030281","1030571","chr11","111575377","111575667","36","110545096"
"KN294747v1","1174421","1174729","chr1","121435812","121436120","13","120261391"
"KN294747v1","1231784","1232066","chr5","54462905","54463200","53","53231121"
"KN294747v1","1242370","1242669","chr1","121506087","121506387","12","120263717"
"KN294758v1","176848","176970","chr4","11929773","11929895","7","11752925"
"KN294758v1","222234","222529","chr15","1462896","1463192","37","1240662"
"KN294758v1","238264","238563","chr25","36003207","36003509","39","35764943"
"KN294758v1","427186","427494","chr4","11708418","11708725","13","11281232"
"KN294758v1","843972","844078","chr19","23348460","23348562","15","22504488"
"KN294758v1","898724","898882","chr25","27497903","27498067","27","26599179"
"KN294758v1","899405","899562","chrX","107098131","107098285","29","106198726"
"KN294758v1","980327","980636","chr4","11158063","11158372","13","10177736"
"KN294758v1","1299272","1299446","chr13","76883005","76883173","33","75583733"
"KN294758v1","1434577","1434786","chr3","47294644","47294826","49","45860067"
"KN294758v1","1572922","1573099","chr15","33336831","33337009","31","31763909"
"KN294758v1","1578975","1579129","chr13","22990575","22990730","39","21411600"
"KN294758v1","1742744","1743065","chr2","34576422","34576741","51","32833678"
"KN294758v1","1821239","1821342","chr10","72911490","72911595","11","71090251"
"KN294758v1","2120047","2120345","chr4","10047976","10048276","16","7927929"
"KN294758v1","2349110","2349401","chr4","9822643","9822935","9","7473533"
"KN294758v1","2351436","2351736","chr11","10039301","10039596","36","7687865"
"KN294758v1","2745147","2745249","chr23","41875553","41875656","19","39130406"
"KN294758v1","2888385","2888513","chr8","22363474","22363600","17","19475089"
"KN294761v1","29904","30100","chr9","85642154","85642354","48","85612250"
"KN294761v1","51620","51732","chr10","4180861","4180977","10","4129241"
"KN294761v1","387530","387825","chr10","4552268","4552559","29","4164738"
"KN294761v1","760312","760617","chr10","4908108","4908416","24","4147796"
"KN294761v1","1151476","1151807","chrX","96948634","96948958","60","95797158"
"KN294761v1","2125796","2126099","chr10","6227748","6228055","16","4101952"
"KN294761v1","2531118","2531369","chr10","6640733","6640980","19","4109615"
"KN294764v1","594915","595035","chr3","40076794","40076913","7","39481879"
"KN294767v1","44371","44502","chr25","14511596","14511723","11","14467225"
"KN294767v1","210565","210845","chr25","14355769","14356075","38","14145204"
"KN294767v1","252844","252935","chr3","89451431","89451520","16","89198587"
"KN294767v1","414359","414509","chr25","14163309","14163454","11","13748950"
"KN294767v1","924196","924284","chr3","89451431","89451520","10","88527235"
"KN294767v1","973944","974238","chr26","37722852","37723150","47","36748908"
"KN294767v1","984748","985041","chr25","13605460","13605753","13","12620712"
"KN294767v1","1135036","1135316","chr10_KE148023v1_random","344538","344813","42","790498"
"KN294768v1","44272","44567","chr11","10039301","10039596","34","9995029"
"KN294777v1","121740","122039","chr15","61974796","61975095","34","61853056"
"KN294777v1","130672","130971","chr6","46904351","46904647","37","46773679"
"KN294777v1","452880","453179","chr20","82447374","82447673","11","81994494"
"KN294777v1","502154","502463","chr12","8607525","8607833","46","8105371"
"KN294777v1","696824","697060","chr20","82206655","82206901","22","81509831"
"KN294777v1","701483","701787","chr20","82202240","82202555","23","81500757"
"KN294777v1","709119","709411","chr20","82194798","82195098","23","81485679"
"KN294777v1","812131","812268","chr20","82094815","82094947","8","81282684"
"KN294782v1","8365","8694","chr6","19039899","19040227","8","19031534"
"KN294782v1","23110","23410","chr6","19054467","19054772","13","19031357"
"KN294782v1","39397","39578","chrX","14216408","14216597","41","14177011"
"KN294782v1","101212","101371","chr6","19259331","19259475","19","19158119"
"KN294782v1","145214","145303","chr6","19303677","19303766","3","19158463"
"KN294782v1","166522","166618","chr6","1694984","1695087","22","1528462"
"KN294782v1","170317","170633","chr1","114337364","114337672","50","114167047"
"KN294782v1","185984","186147","chr3","37397752","37397911","32","37211768"
"KN294782v1","200426","200609","chr6","47227176","47227352","31","47026750"
"KN294782v1","205148","205445","chr6","19358734","19359040","19","19153586"
"KN294782v1","210777","211064","chr19","33141919","33142207","43","32931142"
"KN294782v1","270734","271020","chr9","45048471","45048756","41","44777737"
"KN294782v1","272645","272737","chr6","19409300","19409391","7","19136655"
"KN294786v1","161828","162006","chr11","108651238","108651415","32","108489410"
"KN294787v1","178846","179145","chr20","70620441","70620744","38","70441595"
"KN294789v1","60570","60848","chr22","39259509","39259791","15","39198939"
"KN294790v1","282687","282782","chr9","115071674","115071770","5","114788987"
"KN294790v1","482038","482200","chr10","19929334","19929499","28","19447296"
"KN294790v1","910760","911049","chr9","115686879","115687176","18","114776119"
"KN294790v1","922931","923226","chr9","115702447","115702743","12","114779516"
"KN294790v1","956248","956555","chr9","115735441","115735753","15","114779193"
"KN294790v1","997307","997393","chr15","83900308","83900402","12","82903001"
"KN294790v1","1053395","1053498","chr24","26689092","26689196","18","25635697"
"KN294790v1","1194796","1194923","chr24","11585608","11585722","37","10390812"
"KN294790v1","1243303","1243421","chr19","23308628","23308748","14","22065325"
"KN294790v1","1457421","1457523","chr9","116217830","116217942","17","114760409"
"KN294790v1","1558778","1559079","chr9","116317906","116318211","11","114759128"
"KN294790v1","1652793","1652957","chr21","107819096","107819263","23","106166303"
"KN294790v1","1960178","1960277","chr9","89944165","89944264","13","87983987"
"KN294790v1","2343585","2343672","chr11","104438424","104438519","17","102094839"
"KN294790v1","2344852","2345168","chr9","117097048","117097368","17","114752196"
"KN294790v1","2583610","2583705","chr9","117333388","117333473","13","114749778"
"KN294790v1","2678290","2678569","chr20","95341517","95341796","33","92663227"
"KN294790v1","2719666","2719783","chr1","112165433","112165551","16","109445767"
"KN294790v1","2720978","2721274","chr9","117463437","117463748","23","114742459"
"KN294790v1","2754527","2754699","chr21","107819096","107819263","31","105064569"
"KN294790v1","2844548","2844860","chr9","117586376","117586688","12","114741828"
"KN294790v1","3101497","3101774","chr1","67071364","67071642","38","63969867"
"KN294790v1","3323485","3323748","chrX","34011305","34011568","43","30687820"
"KN294790v1","3626475","3626561","chr20","106480329","106480413","17","102853854"
"KN294790v1","3646811","3646907","chr9","89944165","89944264","15","86297354"
"KN294790v1","3800173","3800484","chr9","118527929","118528238","29","114727756"
"KN294790v1","3837363","3837438","chr5","31726737","31726809","14","27889374"
"KN294790v1","3854648","3854926","chr20","11857992","11858270","40","8003344"
"KN294790v1","3856052","3856340","chr9","118585173","118585476","24","114729121"
"KN294790v1","4223987","4224114","chr9","118948440","118948572","6","114724453"
"KN294790v1","4593601","4593875","chr11","18972643","18972925","44","14379042"
"KN294790v1","4628058","4628123","chr24","39086005","39086070","5","34457947"
"KN294790v1","4951776","4951882","chrX","20534133","20534232","32","15582357"
"KN294790v1","5211658","5211771","chr14","70197307","70197422","21","64985649"
"KN294790v1","5377557","5377745","chrX","92168581","92168768","34","86791024"
"KN294790v1","5583771","5584068","chr6","9616386","9616693","45","4032615"
"KN294790v1","6120042","6120340","chr14","62953376","62953669","35","56833334"
"KN294790v1","6773293","6773603","chr9","121429953","121430265","17","114656660"
"KN294790v1","7013570","7013734","chr21","107819096","107819263","25","100805526"
"KN294790v1","7158636","7158918","chr9","121814780","121815065","15","114656144"
"KN294790v1","7289228","7289321","chr9","115298232","115298323","18","108009004"
"KN294790v1","7393822","7393969","chr2","17083941","17084094","24","9690119"
"KN294790v1","7641473","7641593","chr12","51297127","51297243","17","43655654"
"KN294790v1","7679542","7679626","chr9","122351120","122351206","2","114671578"
"KN294791v1","12157","12305","chr4","20858912","20859062","19","20846755"
"KN294800v1","388542","388633","chr19","4265915","4266005","13","3877373"
"KN294803v1","110981","111170","chr8","81480742","81480931","11","81369761"
"KN294803v1","124697","124791","chr12","43474148","43474242","19","43349451"
"KN294806v1","351147","351436","chr20","110637568","110637857","28","110286421"
"KN294806v1","388824","388963","chr17","54634148","54634281","15","54245324"
"KN294809v1","33032","33196","chr25","15904393","15904561","31","15871361"
"KN294809v1","36005","36172","chr7","12120533","12120704","27","12084528"
"KN294809v1","261719","261839","chr4","38206308","38206425","24","37944589"
"KN294809v1","464798","465097","chr13","45730734","45731043","30","45265936"
"KN294809v1","598517","598655","chr24","47590663","47590803","28","46992146"
"KN294809v1","1155856","1156141","chr28","9831325","9831615","39","8675469"
"KN294809v1","1253044","1253145","chr13","44956698","44956799","1","43703654"
"KN294809v1","1368121","1368281","chr20","96338788","96338956","38","94970667"
"KN294809v1","1424974","1425094","chrX","35211237","35211359","10","33786263"
"KN294813v1","170782","171087","chr12","11331203","11331507","36","11160421"
"KN294816v1","75236","75544","chr2","72746784","72747112","44","72671548"
"KN294816v1","129221","129511","chr2","72781668","72781970","35","72652447"
"KN294821v1","313841","314130","chr4","56924150","56924447","59","56610309"
"KN294822v1","98613","98708","chr10","44674169","44674263","17","44575556"
"KN294822v1","138363","138670","chr2","81854212","81854512","35","81715849"
"KN294824v1","67938","68102","chr7","60522588","60522762","40","60454650"
"KN294824v1","186627","186935","chrX","126015663","126015967","15","125829036"
"KN294824v1","271685","271990","chrX","80711023","80711325","38","80439338"
"KN294825v1","24191","24478","chr7","46809551","46809861","36","46785360"
"KN294825v1","128791","128888","chr7","46707553","46707647","6","46578762"
"KN294825v1","378122","378232","chr25","5649294","5649401","12","5271172"
"KN294827v1","306793","306947","chr9","62999845","63000000","21","62693052"
"KN294828v1","3497","3578","chr10","95179365","95179427","33","95175868"
"KN294831v1","22484","22615","chr6","36808839","36808974","10","36786355"
"KN294831v1","114295","114580","chr11","18972643","18972925","31","18858348"
"KN294831v1","200796","200974","chr21","107819096","107819263","30","107618300"
"KN294831v1","221372","221489","chr19","23308628","23308748","16","23087256"
"KN294831v1","369521","369830","chr6","36467104","36467413","25","36097583"
"KN294831v1","484809","484929","chr14","2091637","2091755","18","1606828"
"KN294831v1","620569","620660","chrX","2707759","2707852","15","2087190"
"KN294831v1","692375","692535","chr6","36148557","36148701","23","35456182"
"KN294831v1","693372","693513","chr2","43414929","43415064","34","42721557"
"KN294834v1","172502","172808","chr12","11331203","11331507","36","11158701"
"KN294834v1","263859","264144","chr4","48091179","48091488","34","47827320"
"KN294834v1","295869","296168","chr1","64971331","64971633","52","64675462"
"KN294834v1","345610","345900","chr12","28080477","28080769","48","27734867"
"KN294837v1","39262","39398","chr8","6434277","6434410","18","6395015"
"KN294837v1","53245","53553","chr20","106565835","106566142","37","106512590"
"KN294837v1","160157","160238","chr24","81165197","81165256","33","81005040"
"KN294837v1","187910","188173","chr16","15512960","15513223","36","15325050"
"KN294837v1","278927","279225","chr17","38438873","38439171","17","38159946"
"KN294837v1","312015","312314","chr17","38470826","38471119","18","38158811"
"KN294837v1","361327","361553","chr20","87216661","87216886","38","86855334"
"KN294837v1","386057","386349","chr17","38544490","38544779","16","38158433"
"KN294837v1","415209","415490","chr17","38575331","38575612","9","38160122"
"KN294842v1","154138","154433","chr19","11584378","11584684","20","11430240"
"KN294842v1","165323","165431","chrX","18552405","18552520","19","18387082"
"KN294842v1","206664","206966","chr1","18440198","18440492","45","18233534"
"KN294842v1","210795","210902","chr6","42178187","42178291","21","41967392"
"KN294842v1","222277","222579","chr19","11653355","11653655","13","11431078"
"KN294842v1","227815","227973","chr13","21963737","21963894","27","21735922"
"KN294842v1","247200","247291","chr19","11677576","11677676","11","11430376"
"KN294842v1","322289","322452","chr25","27497903","27498067","35","27175614"
"KN294842v1","346314","346487","chr11","117758459","117758631","44","117412145"
"KN294842v1","422446","422528","chr20","106480329","106480413","12","106057883"
"KN294842v1","515926","516218","chr13","78191522","78191821","36","77675596"
"KN294842v1","692136","692437","chr11","71599750","71600054","42","70907614"
"KN294842v1","773739","774046","chr6","383868","384175","43","389871"
"KN294842v1","774858","775028","chr14","46186614","46186787","32","45411756"
"KN294842v1","930446","930737","chr24","70815469","70815761","37","69885023"
"KN294842v1","951872","951978","chr26","54754959","54755062","11","53803087"
"KN294842v1","970728","970916","chr8","81480742","81480931","36","80510014"
"KN294842v1","1045504","1045626","chr19","12479166","12479290","6","11433662"
"KN294842v1","1085969","1086151","chr19","12521214","12521392","5","11435245"
"KN294842v1","1110395","1110691","chr21","103799077","103799372","31","102688682"
"KN294842v1","1194502","1194807","chr11","8684527","8684834","33","7490025"
"KN294842v1","1194810","1194960","chrUn_AQIB01158015v1","565","709","22","1194245"
"KN294842v1","1238845","1239138","chr19","12679317","12679625","31","11440472"
"KN294842v1","1282955","1283051","chr19","12723250","12723349","10","11440295"
"KN294842v1","1294089","1294359","chr15","56439323","56439590","61","55145234"
"KN294842v1","1337818","1337954","chr19","12777304","12777441","10","11439486"
"KN294842v1","1410566","1410657","chr1","101972713","101972795","21","100562147"
"KN294842v1","1558772","1558952","chr10_KE148023v1_random","379045","379231","43","1179727"
"KN294842v1","1865019","1865103","chr2","85445888","85445973","8","83580869"
"KN294842v1","1969009","1969308","chr19","13386692","13386977","25","11417683"
"KN294842v1","1974353","1974573","chr20","87023843","87024048","61","85049490"
"KN294844v1","103449","103528","chr23","59490737","59490814","14","59387288"
"KN294844v1","355003","355134","chr11","73730208","73730343","13","73375205"
"KN294844v1","556147","556245","chr10","87167334","87167432","17","86611187"
"KN294844v1","892454","892722","chrX","89811932","89812189","54","88919478"
"KN294844v1","1083541","1083838","chr10","119148635","119148933","38","118065094"
"KN294844v1","1207237","1207535","chr11","74543257","74543564","23","73336020"
"KN294845v1","12742","12894","chrX","30389640","30389780","15","30376898"
"KN294846v1","142262","142393","chr16","70503661","70503787","24","70361399"
"KN294847v1","86625","86924","chr9","64927723","64928015","28","64841098"
"KN294847v1","163213","163516","chr9","64858447","64858739","26","64695234"
"KN294847v1","195262","195421","chr7","60522588","60522762","44","60327326"
"KN294847v1","204938","205220","chr9","64816660","64816932","28","64611722"
"KN294847v1","335135","335188","chr6","6790829","6790881","14","6455694"
"KN294848v1","171205","171522","chr11","14038393","14038703","38","13867188"
"KN294848v1","409714","409977","chr6","28587284","28587554","19","28177570"
"KN294848v1","410277","410446","chr28","7422124","7422300","35","7011847"
"KN294848v1","459452","459552","chr9","89944165","89944264","16","89484713"
"KN294848v1","511285","511477","chrX","92168581","92168768","36","91657296"
"KN294848v1","604333","604639","chr11","8684527","8684834","37","8080194"
"KN294848v1","678575","678857","chr6","28849643","28849938","24","28171068"
"KN294848v1","767085","767189","chr6","28928811","28928898","19","28161726"
"KN294848v1","845837","845935","chr6","29008342","29008438","9","28162505"
"KN294848v1","926074","926410","chr20","95340263","95340577","70","94414189"
"KN294848v1","1224865","1225035","chr21","107819096","107819263","29","106594231"
"KN294848v1","1241736","1242039","chr6","29387147","29387446","18","28145411"
"KN294848v1","1306716","1306881","chr21","107819096","107819263","34","106512380"
"KN294848v1","1400222","1400528","chr11","8684527","8684834","32","7284305"
"KN294850v1","43664","43821","chr16","57646308","57646447","29","57602644"
"KN294850v1","84287","84418","chrX","89606916","89607049","17","89522629"
"KN294850v1","132490","132594","chr5","74607971","74608072","16","74475481"
"KN294850v1","143703","144006","chr20","119684678","119684977","32","119540975"
"KN294850v1","157488","157634","chrX","89679466","89679616","10","89521978"
"KN294850v1","255684","255931","chr24","11354103","11354348","33","11098419"
"KN294855v1","100813","101015","chr1","8878922","8879108","62","8778109"
"KN294856v1","19665","19829","chr14","70326149","70326316","24","70306484"
"KN294856v1","58863","58982","chr20","8298045","8298166","12","8239182"
"KN294856v1","66066","66171","chr9","17225425","17225528","11","17159359"
"KN294856v1","67522","67608","chr20","8313731","8313816","9","8246209"
"KN294856v1","199250","199567","chr14","21408849","21409155","47","21209599"
"KN294856v1","251479","251733","chr20","8489479","8489736","15","8238000"
"KN294856v1","251824","252118","chr20","8489827","8490121","30","8238003"
"KN294856v1","281432","281720","chr20","8520087","8520379","20","8238655"
"KN294856v1","287814","288001","chr12","60617467","60617647","47","60329653"
"KN294856v1","291471","291761","chr20","8530336","8530628","8","8238865"
"KN294856v1","362931","363042","chr6","40397864","40397980","14","40034933"
"KN294856v1","364983","365080","chrX","20534133","20534232","24","20169150"
"KN294856v1","377182","377293","chr16","70887413","70887525","16","70510231"
"KN294856v1","413795","414080","chr24","82005066","82005346","39","81591271"
"KN294859v1","1","230","chr22","42834308","42834523","47","42834307"
"KN294861v1","100088","100193","chr16","63309997","63310100","11","63209909"
"KN294861v1","184025","184324","chr16","14838817","14839119","13","14654792"
"KN294861v1","221607","221917","chr11","8684527","8684834","39","8462920"
"KN294861v1","272629","272936","chrX","59517419","59517721","39","59244790"
"KN294861v1","279329","279570","chrX","45698334","45698566","41","45419005"
"KN294863v1","240829","241094","chr9","65255028","65255281","27","65014199"
"KN294864v1","253460","253768","chr14","36803452","36803758","38","36549992"
"KN294864v1","765257","765563","chr20","70725982","70726289","47","69960725"
"KN294864v1","937250","937358","chr1","33728410","33728517","15","32791160"
"KN294864v1","971949","972061","chr15","10432185","10432289","16","9460236"
"KN294873v1","48400","48710","chr24","45235439","45235739","19","45187039"
"KN294873v1","158935","159245","chr11","50184801","50185107","38","50025866"
"KN294873v1","453626","453923","chr6","30061144","30061439","37","29607518"
"KN294873v1","593410","593700","chr24","45774689","45774984","20","45181279"
"KN294873v1","731203","731481","chr24","45909838","45910118","13","45178635"
"KN294873v1","731709","731968","chr24","45909838","45910118","30","45178129"
"KN294873v1","984259","984555","chr10","53721851","53722146","45","52737592"
"KN294873v1","1187966","1188245","chr2","65851273","65851557","52","64663307"
"KN294873v1","1265843","1266000","chr16","70224259","70224419","31","68958416"
"KN294873v1","1544775","1544979","chr20","87023843","87024048","37","85479068"
"KN294873v1","1640917","1641081","chr5","14109803","14109966","31","12468886"
"KN294873v1","1656162","1656344","chr15","33336831","33337009","31","31680669"
"KN294873v1","1669583","1669704","chr24","46851208","46851330","7","45181625"
"KN294873v1","1715240","1715548","chr24","46896029","46896336","18","45180789"
"KN294873v1","2255139","2255439","chr9","26472570","26472870","37","24217431"
"KN294874v1","82972","83275","chr17","60238337","60238633","36","60155365"
"KN294874v1","118853","119157","chr3","76648017","76648321","38","76529164"
"KN294874v1","629833","630142","chr11","8684527","8684834","29","8054694"
"KN294874v1","649321","649458","chr26","42998063","42998200","13","42348742"
"KN294874v1","678190","678301","chr1","17486662","17486767","25","16808472"
"KN294874v1","704411","704717","chr26","43050967","43051273","9","42346556"
"KN294874v1","1360589","1360883","chr22","52381368","52381660","38","51020779"
"KN294874v1","1645675","1645972","chr26","43975590","43975887","18","42329915"
"KN294875v1","108713","109009","chr13","73704262","73704569","28","73595549"
"KN294875v1","158810","158979","chr4","75069564","75069716","27","74910754"
"KN294879v1","131004","131175","chr21","107819096","107819263","28","107688092"
"KN294879v1","2860","3156","chr21","109221266","109221561","15","109218406"
"KN294879v1","3158","3306","chrX","108711335","108711486","18","108708177"
"KN294879v1","46201","46494","chr19","24088352","24088645","45","24042151"
"KN294879v1","79048","79350","chr14","60556136","60556443","35","60477088"
"KN294879v1","109780","110083","chr14","64691189","64691488","36","64581409"
"KN294879v1","165873","166040","chr20","96338788","96338956","28","96172915"
"KN294879v1","177549","177847","chr21","109383218","109383519","11","109205669"
"KN294879v1","188959","189219","chr20","32178760","32179039","49","31989801"
"KN294879v1","208035","208138","chr25","17279094","17279196","25","17071059"
"KN294879v1","217341","217585","chr10","94415968","94416204","37","94198627"
"KN294879v1","235305","235627","chr21","109438885","109439190","34","109203580"
"KN294879v1","387171","387356","chr18","47604543","47604725","28","47217372"
"KN294879v1","612442","612578","chr21","109805431","109805569","7","109192989"
"KN294879v1","884092","884378","chr21","110075353","110075639","9","109191261"
"KN294879v1","1179809","1179986","chr7","57440733","57440908","31","56260924"
"KN294879v1","1234034","1234129","chr21","110427689","110427785","3","109193655"
"KN294879v1","1438773","1438840","chr19","25385601","25385670","7","23946828"
"KN294883v1","260949","261080","chr12","46550053","46550184","18","46289104"
"KN294884v1","155283","155592","chr14","72864554","72864863","13","72709271"
"KN294893v1","121326","121624","chr14","22300457","22300736","35","22179131"
"KN294893v1","125475","125570","chrX","81024947","81025033","24","80899472"
"KN294893v1","217234","217538","chr14","22206940","22207237","25","21989706"
"KN294893v1","224664","224955","chr20","110637568","110637857","54","110412904"
"KN294893v1","229787","230064","chr14","22194856","22195142","21","21965069"
"KN294893v1","246938","247173","chr8","97835849","97836083","37","97588911"
"KN294893v1","256946","257025","chr14","22167227","22167305","4","21910281"
"KN294893v1","374610","374885","chr22","18984943","18985221","35","18610333"
"KN294893v1","564540","564721","chr4","36251770","36251955","41","35687230"
"KN294897v1","181666","181969","chrX","22558882","22559190","43","22377216"
"KN294897v1","182177","182414","chr1","54632127","54632362","47","54449950"
"KN294897v1","463910","464207","chr9","124610123","124610419","13","124146213"
"KN294897v1","660592","660688","chr20","118619742","118619831","21","117959150"
"KN294899v1","719749","719884","chr24","11354944","11355093","40","10635195"
"KN294899v1","881411","881719","chr23","31566785","31567085","25","30685374"
"KN294900v1","261840","262019","chr14","85152652","85152821","33","84890812"
"KN294900v1","454874","455174","chr13","60908117","60908419","28","60453243"
"KN294900v1","864867","864999","chr8","108013861","108013991","26","107148994"
"KN294900v1","882013","882315","chr13","61342085","61342387","17","60460072"
"KN294900v1","1363794","1363931","chr6","39688455","39688584","26","38324661"
"KN294901v1","29352","29638","chr14","75193338","75193633","73","75163986"
"KN294901v1","58676","58882","chr10","17173712","17173919","61","17115036"
"KN294906v1","271495","271671","chr6","12380347","12380519","26","12108852"
"KN294906v1","413724","413995","chr21","4539951","4540221","17","4126227"
"KN294907v1","34331","34575","chr11","124277362","124277609","43","124243031"
"KN294911v1","481012","481083","chr21","108844811","108844886","16","108363799"
"KN294911v1","563739","563895","chr11","31088397","31088554","27","30524658"
"KN294911v1","755624","755712","chr23","38836549","38836637","6","38080925"
"KN294911v1","905461","905775","chr23","38693623","38693928","19","37788162"
"KN294911v1","1118628","1118764","chr23","38510672","38510809","7","37392044"
"KN294911v1","1340716","1340843","chr23","38291550","38291679","7","36950834"
"KN294911v1","1900303","1900599","chr23","37733894","37734190","12","35833591"
"KN294911v1","1989879","1990134","chr23","37654578","37654838","15","35664699"
"KN294911v1","2000002","2000129","chr2","39157858","39157984","16","37157856"
"KN294911v1","2008247","2008389","chr23","37631599","37631740","4","35623352"
"KN294911v1","2087259","2087356","chr14","20993171","20993268","15","18905912"
"KN294911v1","2105210","2105391","chr24","40971585","40971760","33","38866375"
"KN294911v1","2111238","2111356","chr23","37533577","37533695","7","35422339"
"KN294911v1","2176062","2176357","chr13","66806436","66806727","36","64630374"
"KN294911v1","2178523","2178806","chr11","75115871","75116156","34","72937348"
"KN294911v1","2210812","2211100","chr23","37457109","37457407","20","35246297"
"KN294911v1","2232238","2232539","chr1","64971331","64971633","34","62739093"
"KN294911v1","2435968","2436159","chr21","107819096","107819263","43","105383128"
"KN294911v1","2463581","2463891","chr23","37210531","37210830","19","34746950"
"KN294911v1","2487720","2487809","chr19","4265915","4266005","20","1778195"
"KN294911v1","2488946","2489116","chr14","70326149","70326316","27","67837203"
"KN294911v1","2502798","2502967","chr2","84460702","84460880","31","81957904"
"KN294911v1","2509002","2509175","chr3","37397752","37397911","35","34888750"
"KN294911v1","2653539","2653838","chr2","86777449","86777748","46","84123910"
"KN294911v1","2712835","2713022","chr10","19939788","19939971","38","17226953"
"KN294911v1","2784461","2784622","chr11","25827870","25828027","27","23043409"
"KN294911v1","2880556","2880724","chr20","96338788","96338956","30","93458232"
"KN294911v1","2897635","2897915","chr25","60872370","60872653","33","57974735"
"KN294911v1","3143693","3143998","chr23","36550703","36551001","13","33407010"
"KN294911v1","3317653","3317771","chr23","36386495","36386614","4","33068842"
"KN294911v1","3778136","3778436","chr11","91342997","91343295","40","87564861"
"KN294911v1","3852395","3852520","chr4","69660730","69660857","30","65808335"
"KN294911v1","3883882","3884193","chr23","35823180","35823497","15","31939298"
"KN294911v1","3916566","3916722","chr23","35792039","35792190","10","31875473"
"KN294911v1","3919828","3920030","chr6","14861387","14861589","43","10941559"
"KN294911v1","3973177","3973484","chr14","60556136","60556443","39","56582959"
"KN294911v1","3981343","3981626","chr23","35727873","35728158","10","31746530"
"KN294911v1","4016602","4016725","chr23","35692964","35693097","11","31676362"
"KN294911v1","4061006","4061121","chr5","36135293","36135405","16","32074287"
"KN294911v1","4071732","4071878","chr23","35638766","35638908","7","31567034"
"KN294911v1","4150309","4150448","chr11","105141917","105142058","19","100991608"
"KN294911v1","4160968","4161274","chr23","35549350","35549653","17","31388382"
"KN294911v1","4347061","4347367","chr23","35367439","35367743","15","31020378"
"KN294911v1","4365238","4365532","chr23","35349636","35349932","13","30984398"
"KN294911v1","4560188","4560316","chr23","35161263","35161398","9","30601075"
"KN294917v1","321071","321357","chrX","22293419","22293712","52","21972348"
"KN294917v1","339989","340096","chr1","106072797","106072902","20","105732808"
"KN294917v1","365256","365405","chr14","100342600","100342742","29","99977344"
"KN294917v1","1282559","1282864","chr9","42275528","42275834","37","40992969"
"KN294917v1","1322793","1322975","chr12","106787522","106787700","32","105464729"
"KN294920v1","22615","22911","chr21","103799077","103799372","39","103776462"
"KN294920v1","223426","223591","chr3","52082928","52083094","34","51859502"
"KN294920v1","320807","320973","chr19","25599493","25599672","34","25278686"
"KN294920v1","327208","327343","chr1","89791584","89791713","13","89464376"
"KN294921v1","474046","474352","chr12","105886284","105886605","22","105412238"
"KN294921v1","509088","509387","chr12","105853347","105853624","35","105344259"
"KN294922v1","6273","6369","chr21","36228618","36228706","18","36222345"
"KN294922v1","17132","17235","chr14","38982676","38982784","9","38965544"
"KN294922v1","501865","502135","chr11","105549725","105549997","45","105047860"
"KN294922v1","544183","544507","chr14","62503238","62503556","39","61959055"
"KN294922v1","689986","690279","chr1","18440198","18440492","25","17750212"
"KN294923v1","1","91","chr15","16928991","16929081","14","16928990"
"KN294923v1","10802","11012","chr16","35926099","35926306","8","35915297"
"KN294926v1","30601","30887","chr18","29657750","29658033","23","29627149"
"KN294932v1","105655","105952","chr19","4361166","4361457","43","4255511"
"KN294933v1","524133","524432","chr3","90813184","90813483","28","90289051"
"KN294933v1","6842","6939","chr3","91313443","91313543","12","91306601"
"KN294933v1","36652","36829","chr20","96338788","96338956","33","96302136"
"KN294933v1","44832","45116","chr21","125095843","125096118","41","125051011"
"KN294933v1","45782","46038","chr10","89022849","89023113","42","88977067"
"KN294933v1","52695","52987","chr3","23488604","23488909","63","23435909"
"KN294933v1","189098","189422","chr20","12053846","12054185","81","11864748"
"KN294933v1","264145","264238","chr17","54433049","54433139","18","54168904"
"KN294933v1","511822","512117","chr11","2723114","2723408","40","2211292"
"KN294933v1","630291","630551","chr15","30867205","30867477","41","30236914"
"KN294933v1","641557","641659","chr5","74607971","74608072","15","73966414"
"KN294934v1","109243","109531","chr7","120509964","120510260","27","120400721"
"KN294934v1","154104","154407","chr21","103799077","103799372","45","103644973"
"KN294934v1","290097","290271","chr3","90477940","90478106","42","90187843"
"KN294939v1","361072","361364","chr10","39166470","39166761","14","38805398"
"KN294940v1","206565","206717","chr1","114013131","114013279","23","113806566"
"KN294940v1","273222","273342","chr5","42705503","42705623","19","42432281"
"KN294940v1","300155","300252","chr29","16692609","16692704","12","16392454"
"KN294940v1","500108","500392","chr14","76591717","76592003","12","76091609"
"KN294940v1","582225","582358","chr9","111375273","111375407","19","110793048"
"KN294941v1","22592","22892","chr3","16707768","16708054","29","16685176"
"KN294945v1","54328","54452","chr24","48034376","48034500","14","47980048"
"KN294945v1","78956","79041","chr6","2957395","2957480","9","2878439"
"KN294945v1","142841","143136","chr1","18440198","18440492","38","18297357"
"KN294945v1","732477","732782","chr2","88648765","88649075","17","87916288"
"KN294946v1","206592","206670","chr20","80217039","80217115","11","80010447"
"KN294946v1","296936","297078","chr21","77375075","77375214","11","77078139"
"KN294949v1","30232","30403","chr20","96338788","96338956","32","96308556"
"KN294949v1","254182","254358","chr10","117385991","117386167","44","117131809"
"KN294949v1","570909","571057","chr14","80317483","80317632","31","79746574"
"KN294949v1","600855","601163","chr23","26655146","26655450","40","26054291"
"KN294949v1","646883","647176","chr3","4710690","4710985","15","4063807"
"KN294949v1","1168521","1168825","chr12","11331203","11331507","40","10162682"
"KN294949v1","1203156","1203455","chr3","5247273","5247570","18","4044117"
"KN294949v1","1231065","1231381","chr3","5274990","5275316","35","4043925"
"KN294949v1","1340047","1340314","chr23","57570021","57570286","43","56229974"
"KN294949v1","1550159","1550463","chrX","59517419","59517721","41","57967260"
"KN294954v1","18635","18762","chr7","53148494","53148621","22","53129859"
"KN294957v1","27575","27655","chr4","49326108","49326186","14","49298533"
"KN294957v1","58234","58344","chr12","64267990","64268099","17","64209756"
"KN294959v1","262202","262332","chr20","27109063","27109196","18","26846861"
"KN294959v1","525203","525511","chr20","27387122","27387430","20","26861919"
"KN294959v1","752439","752735","chr20","27600564","27600836","38","26848125"
"KN294959v1","1030915","1031223","chr20","27879044","27879353","29","26848129"
"KN294959v1","1050673","1050982","chr20","27897326","27897629","25","26846653"
"KN294959v1","1138867","1138998","chr9","14680535","14680665","15","13541668"
"KN294959v1","1188880","1189047","chr20","28035459","28035631","12","26846579"
"KN294959v1","1189355","1189488","chr20","28035951","28036084","5","26846596"
"KN294960v1","20729","20969","chr20","100757227","100757462","44","100736498"
"KN294961v1","43192","43470","chr11","116573867","116574145","32","116530675"
"KN294964v1","431152","431447","chr10","104082105","104082406","21","103650953"
"KN294964v1","457273","457451","chr7","12120533","12120704","36","11663260"
"KN294964v1","527138","527292","chr13","771511","771669","26","244373"
"KN294964v1","541802","542110","chr11","84650723","84651027","38","84108921"
"KN294964v1","562800","563067","chr21","125095843","125096118","34","124533043"
"KN294964v1","593601","593891","chrX","14817479","14817767","41","14223878"
"KN294964v1","617007","617295","chr13","34764102","34764393","41","34147095"
"KN294964v1","659105","659412","chrX","43812074","43812380","35","43152969"
"KN294964v1","690475","690769","chr10","104344569","104344865","23","103654094"
"KN294964v1","696948","697067","chr1","104571784","104571905","19","103874836"
"KN294964v1","715231","715532","chr10","104370562","104370843","31","103655331"
"KN294964v1","799917","800007","chr10","104456839","104456925","7","103656922"
"KN294964v1","842237","842531","chr10","104497042","104497335","8","103654805"
"KN294964v1","987303","987580","chr10","104637901","104638198","32","103650598"
"KN294964v1","1101816","1102010","chr3","47294644","47294826","42","46192828"
"KN294964v1","1295339","1295483","chr8","108013861","108013991","28","106718522"
"KN294964v1","1455511","1455807","chr10","105105882","105106170","18","103650371"
"KN294964v1","1495288","1495433","chr16","8045542","8045684","34","6550254"
"KN294964v1","1527760","1527861","chr10","105179518","105179621","10","103651758"
"KN294964v1","1637910","1638212","chr16","1105832","1106136","45","532078"
"KN294964v1","1639732","1639896","chr12","53066244","53066408","25","51426512"
"KN294970v1","666886","667184","chr13","17516844","17517142","25","16849958"
"KN294976v1","100301","100446","chr4","20858912","20859062","21","20758611"
"KN294976v1","213913","214205","chr8","10069578","10069873","79","9855665"
"KN294976v1","501543","501843","chr19","14526001","14526299","39","14024458"
"KN294976v1","515972","516054","chr7","78018335","78018418","12","77502363"
"KN294976v1","807731","807810","chr1","99418280","99418361","11","98610549"
"KN294977v1","11548","11841","chr23","81672950","81673245","32","81661402"
"KN294977v1","49328","49619","chr25","3984158","3984453","18","3934830"
"KN294977v1","93024","93127","chr1","121726172","121726267","14","121633148"
"KN294977v1","115586","115776","chr19","7192289","7192466","35","7076703"
"KN294977v1","116132","116261","chr11","8083693","8083823","16","7967561"
"KN294977v1","175419","175576","chr9","43107566","43107722","25","42932147"
"KN294978v1","268449","268701","chr2","36701769","36702021","47","36433320"
"KN294978v1","1224577","1224710","chr1","54191733","54191864","17","52967156"
"KN294978v1","1230052","1230185","chr1","54191733","54191864","17","52961681"
"KN294978v1","1325032","1325107","chr11","112367219","112367296","11","111042187"
"KN294978v1","1605913","1606222","chr8","56920484","56920787","19","55314571"
"KN294978v1","1795982","1796148","chr11","44985103","44985269","28","43189121"
"KN294978v1","2003702","2003978","chr9","12354158","12354440","39","10350456"
"KN294978v1","2247458","2247736","chr8","57541960","57542238","10","55294502"
"KN294978v1","2498287","2498554","chrX","60711286","60711566","46","58212999"
"KN294978v1","2498607","2498620","chr14","22300415","22300429","2","19801808"
"KN294978v1","3047004","3047085","chr8","58324669","58324746","7","55277665"
"KN294978v1","3845384","3845485","chr9","60825849","60825952","15","56980465"
"KN294978v1","3852670","3852835","chr3","90477940","90478106","25","86625270"
"KN294978v1","3929361","3929661","chr8","59195634","59195939","19","55266273"
"KN294978v1","4024821","4025121","chr21","13859037","13859338","35","9834216"
"KN294978v1","4632159","4632432","chr5","39239438","39239727","67","34607279"
"KN294978v1","4702124","4702440","chr8","59947676","59947992","15","55245552"
"KN294980v1","50657","50970","chr7","135723768","135724074","34","135673111"
"KN294980v1","380569","380872","chr2","78253179","78253476","21","77872610"
"KN294980v1","715241","715481","chr2","77943324","77943564","15","77228083"
"KN294983v1","30303","30585","chr8","116184842","116185123","33","116154539"
"KN294983v1","33307","33400","chr5","73280653","73280741","16","73247346"
"KN294983v1","90439","90748","chr10","72072928","72073237","38","71982489"
"KN294984v1","83935","84216","chr9","48010035","48010319","42","47926100"
"KN294987v1","91477","91652","chr4","72210350","72210529","43","72118873"
"KN294987v1","228761","229055","chr20","97307272","97307567","21","97078511"
"KN294987v1","363696","363878","chr19","25599493","25599672","29","25235797"
"KN294987v1","425452","425745","chr20","97115519","97115817","20","96690067"
"KN294987v1","427478","427697","chr6","19339925","19340135","53","18912447"
"KN294987v1","492720","492818","chr20","97048640","97048741","6","96555920"
"KN294987v1","552384","552554","chr14","36731633","36731798","33","36179249"
"KN294987v1","585789","585937","chrX","108711335","108711486","29","108125546"
"KN294987v1","712859","712960","chr18","34942905","34943003","13","34230046"
"KN294987v1","796240","796409","chr12","53066244","53066408","29","52270004"
"KN294987v1","812329","812450","chr1","104571784","104571905","16","103759455"
"KN294987v1","884512","884679","chr25","27497903","27498067","30","26613391"
"KN294987v1","1052281","1052296","chr5","43750902","43750914","6","42698621"
"KN294987v1","1052594","1052748","chr6","9430201","9430347","36","8377607"
"KN294987v1","1096624","1096901","chr10","83669374","83669649","36","82572750"
"KN294987v1","1214744","1214926","chr20","96338788","96338956","20","95124044"
"KN294987v1","1271174","1271332","chr20","96283786","96283939","14","95012612"
"KN294987v1","1533107","1533269","chr20","63135424","63135577","30","61602317"
"KN294989v1","24151","24451","chr6","33770311","33770609","38","33746160"
"KN294989v1","83159","83339","chr6","10189432","10189604","29","10106273"
"KN294991v1","34131","34413","chr22","17881110","17881397","25","17846979"
"KN294991v1","43308","43603","chr10","46493136","46493430","30","46449828"
"KN294991v1","201068","201355","chr22","18049496","18049811","43","17848428"
"KN294991v1","205544","205663","chr15","12056017","12056135","24","11850473"
"KN294991v1","314074","314382","chr22","18162665","18162975","21","17848591"
"KN294991v1","428940","429078","chr22","18278669","18278810","8","17849729"
"KN294991v1","460739","460817","chr12","27119764","27119841","11","26659025"
"KN294991v1","543955","544265","chr1","56286061","56286364","36","55742106"
"KN294991v1","574817","575011","chr6","14861387","14861589","32","14286570"
"KN294991v1","662423","662532","chr9","102911776","102911884","17","102249353"
"KN294991v1","679832","679898","chr22","10880122","10880189","9","10200290"
"KN294991v1","804395","804522","chr2","38552847","38552974","21","37748452"
"KN294991v1","852626","852825","chr20","87216661","87216886","55","86364035"
"KN294991v1","889860","890187","chr22","18730015","18730318","49","17840155"
"KN294991v1","953610","953913","chr1","65106207","65106504","37","64152597"
"KN294991v1","962500","962805","chr17","29094436","29094742","44","28131936"
"KN294991v1","989726","989862","chr22","18826579","18826703","14","17836853"
"KN294991v1","1006368","1006661","chr22","18842787","18843080","24","17836419"
"KN294991v1","1022650","1022852","chr21","45329482","45329674","33","44306832"
"KN294991v1","1041145","1041210","chrX","81522180","81522247","11","80481035"
"KN294991v1","1042176","1042478","chr22","18881333","18881633","13","17839157"
"KN294991v1","1058939","1059238","chr22","18896984","18897285","15","17838045"
"KN294991v1","1078472","1078754","chr16","61916805","61917100","44","60838333"
"KN294991v1","1080075","1080291","chr22","18915528","18915748","13","17835453"
"KN294991v1","1084669","1084963","chr20","80979480","80979779","43","79894811"
"KN294991v1","1085014","1085321","chr22","18920359","18920669","18","17835345"
"KN294991v1","1142095","1142187","chr19","4265915","4266005","17","3123820"
"KN294991v1","1151052","1151338","chr6","48685739","48686024","36","47534687"
"KN294991v1","1192966","1193128","chr5","14109803","14109966","28","12916837"
"KN294991v1","1230567","1230755","chr12","60617467","60617647","57","59386900"
"KN294991v1","1252358","1252529","chr19","7192289","7192466","31","5939931"
"KN294991v1","1334748","1334918","chr14","36731633","36731798","34","35396885"
"KN294991v1","1422279","1422561","chr22","19248545","19248817","21","17826266"
"KN294991v1","1431023","1431318","chr22","19257076","19257371","13","17826053"
"KN294991v1","1459849","1459957","chr27","19881572","19881674","14","18421723"
"KN294991v1","1490420","1490607","chr22","19315479","19315646","25","17825059"
"KN294991v1","1544680","1544978","chrX","12379863","12380163","40","10835183"
"KN294991v1","1631523","1631616","chr23","79396036","79396125","14","77764513"
"KN294991v1","1794112","1794275","chr19","7192289","7192466","36","5398177"
"KN294991v1","1896384","1896476","chr3","89451431","89451520","11","87555047"
"KN294991v1","1897326","1897525","chr6","14861387","14861589","29","12964061"
"KN294991v1","1966672","1966890","chr22","19763747","19763965","6","17797075"
"KN294991v1","1980998","1981298","chr16","72012345","72012642","38","70031347"
"KN294991v1","2031978","2032287","chr21","13859037","13859338","39","11827059"
"KN294992v1","71947","72105","chr7","19821065","19821216","30","19749118"
"KN294992v1","97793","97993","chr20","87023843","87024048","30","86926050"
"KN294992v1","341379","341680","chr7","93843103","93843404","10","93501724"
"KN294993v1","25176","25475","chr3","23936858","23937157","14","23911682"
"KN294995v1","13598","13887","chr2","7578157","7578449","19","7564559"
"KN294995v1","70663","70971","chr9","60555678","60555986","38","60485015"
"KN294995v1","72117","72288","chrX","61147970","61148143","26","61075853"
"KN294996v1","34634","34779","chr18","48516306","48516448","25","48481672"
"KN294996v1","68531","68678","chr12","45582153","45582296","16","45513622"
"KN294998v1","7488","7787","chrX","59517419","59517721","41","59509931"
"KN294998v1","36861","37075","chr10","119099228","119099443","26","119062367"
"KN295003v1","113458","113761","chr9","92876560","92876859","38","92763102"
"KN295004v1","37580","37667","chr20_KE148050v1_random","64833","64920","5","27253"
"KN295004v1","42513","42651","chr5","60325253","60325388","25","60282740"
"KN295005v1","133666","133954","chr1","44171384","44171670","8","44037718"
"KN295006v1","164895","165176","chr3","57084657","57084956","34","56919762"
"KN295006v1","165217","165235","chr1","27640006","27640023","3","27474789"
"KN295006v1","543964","544257","chr3","56709500","56709793","13","56165536"
"KN295022v1","126842","127143","chr23","56459242","56459516","37","56332400"
"KN295022v1","215290","215448","chr6","4157525","4157687","27","3942235"
"KN295022v1","293175","293453","chr23","56622864","56623174","45","56329689"
"KN295022v1","555076","555367","chr6","28849643","28849938","41","28294567"
"KN295022v1","631452","631752","chr23","56960454","56960758","19","56329002"
"KN295022v1","640424","640588","chr23","56969550","56969716","10","56329126"
"KN295022v1","654426","654739","chr26","51111570","51111887","44","50457144"
"KN295022v1","694233","694443","chr20","87023843","87024048","39","86329610"
"KN295022v1","735579","735640","chr1","112864328","112864385","10","112128749"
"KN295022v1","766368","766676","chr11","8684527","8684834","41","7918159"
"KN295022v1","795022","795337","chr25","73640536","73640846","32","72845514"
"KN295022v1","809153","809331","chr23","57133655","57133833","13","56324502"
"KN295022v1","850175","850310","chr23","57177992","57178131","6","56327817"
"KN295022v1","866636","866771","chr6","39204774","39204908","36","38338138"
"KN295022v1","867076","867245","chr25","27497903","27498067","27","26630827"
"KN295022v1","997535","997670","chr17","51711470","51711606","11","50713935"
"KN295027v1","197756","197890","chr1","85685469","85685607","7","85487713"
"KN295027v1","202721","202889","chr8","36264373","36264544","30","36061652"
"KN295027v1","403039","403326","chr1","85881646","85881937","11","85478607"
"KN295027v1","415739","415915","chr22","8659871","8660042","29","8244132"
"KN295027v1","719331","719421","chr3","89929739","89929825","19","89210408"
"KN295032v1","130040","130141","chr4","36193677","36193773","18","36063637"
"KN295032v1","315618","315918","chr25","3005833","3006134","32","2690215"
"KN295034v1","5050","5302","chr3","73018641","73018903","46","73013591"
"KN295034v1","80774","80907","chr2","38268819","38268952","5","38188045"
"KN295034v1","205590","205882","chr10","17730182","17730478","41","17524592"
"KN295034v1","232769","232924","chr7","19821065","19821216","26","19588296"
"KN295034v1","308480","308571","chr14","36971556","36971644","12","36663076"
"KN295034v1","512292","512589","chr2","37846910","37847210","19","37334618"
"KN295034v1","512931","513090","chr11","25827870","25828027","25","25314939"
"KN295034v1","527601","527688","chr3","89451431","89451520","14","88923830"
"KN295034v1","548646","548777","chr24","19804468","19804594","21","19255822"
"KN295034v1","554761","554933","chr20","12577124","12577295","25","12022363"
"KN295034v1","567892","568193","chr2","37793094","37793392","19","37225202"
"KN295034v1","621480","621679","chr20","87023843","87024048","38","86402363"
"KN295034v1","637776","638060","chr2","37730629","37730923","28","37092853"
"KN295034v1","667949","668082","chr1","15744598","15744733","17","15076649"
"KN295034v1","864944","865092","chr11","15478591","15478732","24","14613647"
"KN295034v1","1030343","1030468","chr2","37369525","37369661","17","36339182"
"KN295036v1","410507","410595","chr5","73280653","73280741","10","72870146"
"KN295037v1","135753","136038","chr1","110339963","110340250","34","110204210"
"KN295037v1","312815","312941","chr20","31829512","31829629","14","31516697"
"KN295037v1","440271","440569","chr20","31707103","31707402","18","31266832"
"KN295037v1","686639","686747","chr16","17573488","17573597","22","16886849"
"KN295037v1","875185","875383","chr6","14861387","14861589","40","13986202"
"KN295038v1","308423","308739","chr24","49124611","49124924","20","48816188"
"KN295038v1","322910","323079","chr14","36731633","36731798","25","36408723"
"KN295038v1","391350","391527","chr22","32414322","32414499","28","32022972"
"KN295038v1","594850","595118","chr15","78888348","78888621","47","78293498"
"KN295038v1","790068","790361","chr24","48621649","48621943","18","47831581"
"KN295038v1","1232430","1232725","chr16","74612443","74612741","40","73380013"
"KN295038v1","1261392","1261543","chr8","121203379","121203534","34","119941987"
"KN295038v1","1355479","1355772","chr14","20987256","20987544","33","19631777"
"KN295038v1","1371763","1371900","chr3","23052634","23052774","18","21680871"
"KN295038v1","1374237","1374363","chr24","48034376","48034500","7","46660139"
"KN295038v1","1525151","1525412","chr24","47881642","47881912","21","46356491"
"KN295038v1","1665876","1666008","chr24","47738419","47738551","4","46072543"
"KN295039v1","55052","55151","chr16","40823884","40823973","22","40768832"
"KN295039v1","219122","219278","chr25","27497903","27498067","33","27278781"
"KN295039v1","220006","220108","chr8","15274422","15274520","24","15054416"
"KN295039v1","276590","276897","chr8","90032048","90032349","25","89755458"
"KN295039v1","492996","493298","chr8","89807237","89807544","20","89314241"
"KN295039v1","513556","513845","chr9","57225378","57225670","33","56711822"
"KN295039v1","533209","533309","chr12","19534181","19534283","16","19000972"
"KN295041v1","86535","86638","chr20","13447248","13447342","13","13360713"
"KN295041v1","215204","215332","chr20","13574520","13574652","14","13359316"
"KN295041v1","248179","248479","chr20","13607075","13607385","24","13358896"
"KN295041v1","386755","387042","chr20","13749208","13749494","17","13362453"
"KN295045v1","31652","31953","chr19","13663718","13664019","16","13632066"
"KN295045v1","39569","39732","chr6","2935048","2935204","30","2895479"
"KN295045v1","171943","172237","chr4","73821847","73822143","49","73649904"
"KN295045v1","187543","187685","chr19","13812670","13812810","4","13625127"
"KN295045v1","216850","216979","chr6","3981429","3981559","14","3764579"
"KN295045v1","244716","244871","chr6","2935048","2935204","26","2690332"
"KN295045v1","376066","376234","chr13","62948328","62948496","31","62572262"
"KN295045v1","393775","394055","chr7","87079141","87079422","30","86685366"
"KN295045v1","408105","408405","chr9","26472570","26472870","36","26064465"
"KN295045v1","442832","442944","chr10","120341885","120341994","15","119899053"
"KN295045v1","487782","488070","chr19","14110248","14110535","16","13622466"
"KN295045v1","501048","501203","chr11","44985103","44985269","24","44484055"
"KN295045v1","668197","668399","chr2","50409485","50409686","35","49741288"
"KN295045v1","709239","709405","chr14","70326149","70326316","32","69616910"
"KN295045v1","761432","761727","chr2","81854212","81854512","43","81092780"
"KN295045v1","805227","805357","chr19","14398715","14398841","9","13593488"
"KN295045v1","806581","806851","chr1","15604499","15604761","59","14797918"
"KN295045v1","809941","810068","chr24","82955192","82955317","19","82145251"
"KN295045v1","823492","823784","chr19","14427407","14427685","27","13603915"
"KN295045v1","841469","841661","chr20_KE148049v1_random","829078","829264","36","12391"
"KN295045v1","887393","887496","chr4","70311569","70311664","22","69424176"
"KN295045v1","925567","925870","chr19","14526001","14526299","19","13600434"
"KN295045v1","951187","951319","chr12","45582153","45582296","26","44630966"
"KN295045v1","951618","951790","chr20","12577124","12577295","28","11625506"
"KN295045v1","1068519","1068617","chrX","17052248","17052348","12","15983729"
"KN295045v1","1079954","1080262","chr19","14676759","14677066","18","13596805"
"KN295045v1","1087473","1087586","chr19","14684517","14684630","5","13597044"
"KN295045v1","1159337","1159431","chr21","7654402","7654495","11","6495065"
"KN295045v1","1189373","1189500","chr1","104571784","104571905","20","103382411"
"KN295045v1","1269990","1270069","chr1","117658552","117658633","13","116388562"
"KN295045v1","1272609","1272713","chr6","40377439","40377543","14","39104830"
"KN295045v1","1350608","1350688","chr4","49326108","49326186","18","47975500"
"KN295047v1","47336","47631","chr17","47674881","47675171","39","47627545"
"KN295047v1","52923","53218","chr17","40216360","40216654","35","40163437"
"KN295047v1","183706","184011","chr21","25718099","25718404","16","25534393"
"KN295054v1","310766","311024","chr16","65318403","65318658","44","65007637"
"KN295054v1","423201","423515","chr21","106277247","106277561","50","105854046"
"KN295055v1","239732","239945","chr16","12537195","12537404","46","12297463"
"KN295055v1","611539","611821","chr2","37771631","37771924","38","37160092"
"KN295057v1","411806","411921","chr20","70117821","70117930","17","69706015"
"KN295057v1","471445","471544","chr20","93948919","93949015","12","93477474"
"KN295057v1","511994","512295","chr20","3716059","3716364","15","3204065"
"KN295057v1","806640","806950","chr20","4003000","4003311","19","3196360"
"KN295057v1","1030726","1030832","chr16","7663530","7663636","18","6632804"
"KN295059v1","74370","74500","chr4","35974899","35975026","18","35900529"
"KN295059v1","74809","74981","chr19","7192289","7192466","31","7117480"
"KN295059v1","82335","82471","chr20","44567857","44567986","16","44485522"
"KN295059v1","366214","366510","chr1","65106207","65106504","39","64739993"
"KN295068v1","22251","22559","chr1","52206400","52206712","15","52184149"
"KN295070v1","11737","11909","chr14","36731633","36731798","31","36719896"
"KN295070v1","12193","12226","chr28","6405531","6405565","4","6393338"
"KN295070v1","12661","12961","chr15","88458761","88459056","35","88446100"
"KN295073v1","818604","818895","chr21","78218036","78218331","18","77399432"
"KN295073v1","1247655","1247772","chr9","74785663","74785773","26","73538008"
"KN295074v1","102692","102975","chr10","124660249","124660527","32","124557557"
"KN295074v1","107094","107388","chr24","69808297","69808594","33","69701203"
"KN295074v1","244669","244972","chr10","124800461","124800757","23","124555792"
"KN295074v1","277768","278067","chr10","124834008","124834303","16","124556240"
"KN295074v1","497789","497938","chr8","114759064","114759219","30","114261275"
"KN295074v1","1077596","1077766","chr10","117385991","117386167","39","116308395"
"KN295074v1","1142969","1143260","chr10","125707432","125707722","14","124564463"
"KN295074v1","1570515","1570630","chr19_KE148046v1_random","7248","7370","20","1563267"
"KN295075v1","141717","142003","chr29","2553667","2553953","9","2411950"
"KN295075v1","163201","163511","chr29","2575539","2575817","44","2412338"
"KN295075v1","271616","271916","chr19","26992368","26992672","35","26720752"
"KN295075v1","341667","341960","chr1","38816622","38816912","36","38474955"
"KN295075v1","539426","539715","chr29","2940424","2940711","14","2400998"
"KN295075v1","600844","601127","chr29","3002461","3002744","16","2401617"
"KN295075v1","640742","641048","chr29","3042300","3042608","16","2401558"
"KN295075v1","713217","713359","chr14","13811771","13811920","29","13098554"
"KN295077v1","41702","42011","chrX","22558882","22559190","33","22517180"
"KN295077v1","254775","255091","chr1","99598799","99599084","40","99344024"
"KN295077v1","289319","289397","chr9","117009344","117009425","10","116720025"
"KN295077v1","404436","404735","chr1","99453174","99453469","13","99048738"
"KN295077v1","431394","431524","chr3","88911455","88911582","19","88480061"
"KN295077v1","438272","438366","chr6","40405265","40405359","9","39966993"
"KN295077v1","486405","486706","chr28","14295167","14295467","32","13808762"
"KN295077v1","494107","494269","chr14","1181634","1181795","24","687527"
"KN295077v1","504743","505054","chr1","99351441","99351752","16","98846698"
"KN295077v1","551570","551660","chr1","99303617","99303707","2","98752047"
"KN295077v1","558518","558800","chr1","99295427","99295712","21","98736909"
"KN295077v1","594871","595159","chr9","21358440","21358726","39","20763569"
"KN295077v1","603848","604111","chr6","3305002","3305266","38","2701154"
"KN295077v1","733988","734261","chr2","10270776","10271050","35","9536788"
"KN295079v1","358454","358754","chr22","25504278","25504548","43","25145824"
"KN295079v1","397523","397816","chr22","25537637","25537927","12","25140114"
"KN295079v1","735003","735314","chr1","11942768","11943076","44","11207765"
"KN295079v1","772215","772321","chr27","19881572","19881674","14","19109357"
"KN295079v1","1012889","1013195","chr16","19378541","19378845","41","18365652"
"KN295079v1","1191714","1192021","chrX","22269787","22270106","53","21078073"
"KN295080v1","330679","330985","chr14","83520911","83521218","38","83190232"
"KN295085v1","507","687","chr20","95325500","95325684","40","95324993"
"KN295085v1","692","845","chr4","20858912","20859062","16","20858220"
"KN295085v1","270371","270712","chr18","27059464","27059801","79","26789093"
"KN295085v1","328003","328109","chr17","67350007","67350119","18","67022004"
"KN295085v1","504653","504750","chr15","16904684","16904779","15","16400031"
"KN295085v1","625544","625744","chr9","85642154","85642354","35","85016610"
"KN295085v1","659452","659770","chr3","3098607","3098920","48","2439155"
"KN295085v1","963230","963485","chr5","53395354","53395602","69","52432124"
"KN295090v1","31538","31845","chr5","26250155","26250463","41","26218617"
"KN295090v1","46998","47141","chr5","60325253","60325388","27","60278255"
"KN295090v1","86249","86539","chr12","9574573","9574854","26","9488324"
"KN295090v1","121524","121815","chr11","51806387","51806665","48","51684863"
"KN295090v1","165637","165923","chr11","34227403","34227691","62","34061766"
"KN295090v1","170932","171226","chr12","9493916","9494207","15","9322984"
"KN295090v1","207953","208062","chr25","35445440","35445553","19","35237487"
"KN295090v1","210828","210984","chr6","2935048","2935204","22","2724220"
"KN295090v1","275551","275688","chr10","87391669","87391807","23","87116118"
"KN295090v1","348872","349047","chr19","7192289","7192466","30","6843417"
"KN295090v1","349595","349738","chr12","9337699","9337847","7","8988104"
"KN295090v1","354254","354429","chr19","7192289","7192466","30","6838035"
"KN295090v1","354977","355120","chr12","9337699","9337847","7","8982722"
"KN295090v1","423630","423772","chr12","9254168","9254310","7","8830538"
"KN295090v1","510528","510836","chr12","9183060","9183371","17","8672532"
"KN295090v1","528465","528712","chr12","9165453","9165697","9","8636988"
"KN295090v1","573752","573913","chr15","20844791","20844949","25","20271039"
"KN295090v1","581786","582083","chr12","9116002","9116309","23","8534216"
"KN295090v1","633860","634024","chr13","21963737","21963894","26","21329877"
"KN295090v1","650294","650374","chr12","94398899","94398984","13","93748605"
"KN295090v1","732488","732794","chr7","131881510","131881819","34","131149022"
"KN295090v1","1095246","1095404","chr9","95419422","95419569","27","94324176"
"KN295090v1","1099243","1099339","chr11","62022157","62022250","13","60922914"
"KN295090v1","1099341","1099470","chr12","8608895","8609022","10","7509554"
"KN295090v1","1106555","1106853","chr12","8607525","8607833","19","7500970"
"KN295090v1","1160972","1161093","chr5","65450314","65450424","19","64289342"
"KN295090v1","1214271","1214573","chr20","100393182","100393486","35","99178911"
"KN295090v1","1242002","1242310","chr12","8476797","8477105","18","7234795"
"KN295090v1","1260094","1260160","chr5","2786031","2786087","24","1525937"
"KN295090v1","1286662","1286823","chr13","21963737","21963894","28","20677075"
"KN295090v1","1287159","1287313","chr12","8433058","8433211","10","7145899"
"KN295090v1","1307607","1307899","chr22","5791943","5792231","46","4484336"
"KN295090v1","1412267","1412558","chr21","100099667","100099959","28","98687400"
"KN295090v1","1414561","1414735","chr20","107912103","107912285","33","106497542"
"KN295090v1","1494404","1494444","chr5","74039482","74039520","15","72545078"
"KN295090v1","1525993","1526155","chr9","45077194","45077349","31","43551201"
"KN295090v1","1576928","1577227","chr12","8148498","8148798","15","6571570"
"KN295090v1","1735696","1735897","chr20","87023843","87024048","37","85288147"
"KN295090v1","1743318","1743489","chr16","22637283","22637451","27","20893965"
"KN295090v1","1752188","1752321","chr12","7981138","7981276","8","6228950"
"KN295090v1","1789412","1789679","chr12","44286240","44286518","57","42496828"
"KN295090v1","1820784","1821064","chr12","7914979","7915283","29","6094195"
"KN295090v1","1870520","1870828","chr12","7863874","7864174","20","5993354"
"KN295090v1","1905346","1905537","chr12","7828936","7829156","36","5923590"
"KN295090v1","1905615","1905646","chr6","24782205","24782246","13","22876590"
"KN295090v1","1905647","1905744","chr18","58152824","58152924","13","56247177"
"KN295090v1","2143167","2143471","chr12","7602055","7602366","26","5458888"
"KN295090v1","2172036","2172327","chr12","7570923","7571212","19","5398887"
"KN295090v1","2315964","2316261","chr6","33770311","33770609","34","31454347"
"KN295090v1","2334377","2334678","chr14","75415431","75415732","32","73081054"
"KN295090v1","2384505","2384802","chr9","19597808","19598111","44","17213303"
"KN295090v1","2475401","2475497","chr4","70311569","70311664","16","67836168"
"KN295090v1","2558323","2558625","chr12","7197905","7198199","20","4639582"
"KN295090v1","2874151","2874454","chr18","44613273","44613575","36","41739122"
"KN295091v1","128084","128385","chr14","7228626","7228931","22","7100542"
"KN295091v1","230701","231001","chr14","7336730","7337039","25","7106029"
"KN295091v1","768624","768934","chr14","7904930","7905238","21","7136306"
"KN295091v1","1091257","1091457","chr23","22563678","22563870","36","21472421"
"KN295091v1","1232854","1233137","chr14","8365071","8365368","29","7132217"
"KN295091v1","1276289","1276380","chr12","46810665","46810755","13","45534376"
"KN295091v1","1518279","1518376","chrX","85494431","85494530","9","83976152"
"KN295091v1","1543313","1543408","chrX","51381252","51381345","13","49837939"
"KN295091v1","1872197","1872444","chr6","8707864","8708111","50","6835667"
"KN295091v1","2057858","2058157","chr14","9173435","9173740","30","7115577"
"KN295091v1","2499578","2499711","chr1","5550072","5550209","20","3050494"
"KN295091v1","2579785","2579890","chr14","9696807","9696912","5","7117022"
"KN295091v1","2583186","2583421","chr20","87216661","87216886","50","84633475"
"KN295091v1","2749601","2749910","chr2","57604383","57604686","58","54854782"
"KN295091v1","2812673","2812975","chr14","9982593","9982898","22","7169920"
"KN295091v1","3130633","3130772","chr14","10284766","10284895","26","7154133"
"KN295091v1","3636199","3636316","chr8","57304678","57304795","18","53668479"
"KN295091v1","3637689","3637789","chr14","10786813","10786913","3","7149124"
"KN295092v1","188900","188963","chr7","111382444","111382508","12","111193544"
"KN295092v1","275567","275647","chr23","15552406","15552486","0","15276839"
"KN295092v1","282257","282546","chr23","15545498","15545784","12","15263241"
"KN295092v1","376307","376611","chr7","1583122","1583424","37","1206815"
"KN295092v1","397447","397741","chr20","37306614","37306907","29","36909167"
"KN295092v1","831993","832149","chr23","15030700","15030856","14","14198707"
"KN295092v1","1024450","1024730","chr23","14848256","14848537","4","13823806"
"KN295092v1","1124699","1125008","chr23","14749425","14749718","29","13624726"
"KN295094v1","37702","37922","chr8","50117212","50117461","60","50079510"
"KN295096v1","99660","99807","chr22","66697729","66697866","17","66598069"
"KN295096v1","162103","162424","chr22","66756591","66756905","27","66594488"
"KN295096v1","223535","223682","chr26","7624405","7624551","24","7400870"
"KN295096v1","280558","280845","chr19","14110248","14110535","35","13829690"
"KN295096v1","401326","401635","chr22","66996065","66996354","32","66594739"
"KN295096v1","777146","777307","chr19","7192289","7192466","29","6415143"
"KN295096v1","1077161","1077332","chr13","76883005","76883173","24","75805844"
"KN295096v1","1303688","1303841","chr6","7839767","7839914","20","6536079"
"KN295096v1","1467389","1467681","chr24","21565081","21565379","52","20097692"
"KN295096v1","1956849","1956984","chr7","8287442","8287577","23","6330593"
"KN295096v1","2087905","2088185","chr22","68638073","68638356","19","66550168"
"KN295096v1","2094522","2094829","chr22","68645006","68645315","19","66550484"
"KN295096v1","2593652","2593943","chr22","69150029","69150321","15","66556377"
"KN295096v1","3021175","3021472","chr14","2633896","2634192","39","387279"
"KN295096v1","3222702","3223016","chr11","8684527","8684834","43","5461825"
"KN295096v1","3389133","3389386","chr22","4417623","4417879","39","1028490"
"KN295096v1","4004051","4004350","chr22","70524648","70524948","22","66520597"
"KN295096v1","4400687","4400789","chr22","70890177","70890278","6","66489490"
"KN295096v1","4468513","4468755","chr19","26655748","26655996","46","22187235"
"KN295098v1","268600","268908","chr23","3582188","3582496","15","3313588"
"KN295099v1","75616","75857","chr8","31577327","31577563","45","31501711"
"KN295099v1","121919","121981","chr5","21321683","21321741","21","21199764"
"KN295099v1","211039","211216","chr18","58468561","58468729","37","58257522"
"KN295099v1","497233","497319","chr20","57183545","57183629","17","56686312"
"KN295099v1","546919","547070","chr21","17251394","17251546","21","16704475"
"KN295102v1","37","332","chr11","10039301","10039596","29","10039264"
"KN295102v1","23018","23323","chr27","9778999","9779300","30","9755981"
"KN295102v1","82174","82266","chr21","107897993","107898083","7","107815819"
"KN295102v1","101061","101198","chr14","59427074","59427214","40","59326013"
"KN295102v1","159800","159965","chr6","15718718","15718885","25","15558918"
"KN295102v1","183848","184155","chr11","8684527","8684834","36","8500679"
"KN295102v1","209985","210276","chr1","65106207","65106504","35","64896222"
"KN295102v1","292523","292813","chr10","100654763","100655057","34","100362240"
"KN295102v1","302838","303011","chr1","8878701","8878875","31","8575863"
"KN295102v1","443566","443770","chr11","64990360","64990552","41","64546794"
"KN295102v1","475937","476029","chrX","45520843","45520935","2","45044906"
"KN295102v1","499031","499141","chrX","45504699","45504806","3","45005668"
"KN295107v1","162021","162129","chr9","102911776","102911884","12","102749755"
"KN295107v1","283787","283884","chr7","29792573","29792674","11","29508786"
"KN295107v1","483253","483409","chr12","98842439","98842589","39","98359186"
"KN295107v1","641508","641780","chr21","22641383","22641669","20","21999875"
"KN295107v1","641782","641932","chr12","45582153","45582296","29","44940371"
"KN295107v1","667547","667748","chr21","22615617","22615818","9","21948070"
"KN295107v1","819296","819398","chr6","50163460","50163564","27","49344164"
"KN295107v1","821147","821302","chr21","22467257","22467415","10","21646110"
"KN295107v1","1045798","1045959","chr9","41950879","41951039","23","40905081"
"KN295107v1","1069122","1069414","chr21","22219351","22219646","21","21150229"
"KN295107v1","1145793","1146082","chr2","14274108","14274405","40","13128315"
"KN295107v1","1262930","1263076","chr16","43640568","43640721","26","42377638"
"KN295107v1","1322582","1322686","chr4","5728762","5728876","27","4406180"
"KN295107v1","1486559","1486724","chr25","27497903","27498067","26","26011344"
"KN295108v1","63205","63314","chr22","75928634","75928736","11","75865429"
"KN295108v1","206129","206434","chr7","100563987","100564294","45","100357858"
"KN295108v1","397218","397498","chr22","76254194","76254494","33","75856976"
"KN295108v1","865452","865759","chr22","76758181","76758489","20","75892729"
"KN295108v1","893330","893636","chr22","76788970","76789275","16","75895640"
"KN295109v1","29801","29991","chr20","124571620","124571808","36","124541819"
"KN295110v1","73853","74027","chr8","36525786","36525960","34","36451933"
"KN295110v1","208264","208377","chrX","22581182","22581289","17","22372918"
"KN295110v1","402740","402875","chr11","31238560","31238698","17","30835820"
"KN295110v1","402877","403127","chr14","97806022","97806272","41","97403145"
"KN295112v1","188680","188995","chr5","9047705","9047995","39","8859025"
"KN295112v1","410913","411217","chr5","8834025","8834334","19","8423112"
"KN295112v1","442538","442848","chr5","8802079","8802388","19","8359541"
"KN295112v1","520512","520701","chrX","92168581","92168768","37","91648069"
"KN295112v1","568985","569169","chr5","8682427","8682613","8","8113442"
"KN295112v1","621454","621553","chr13","90776529","90776624","23","90155075"
"KN295114v1","195285","195563","chr16","18007616","18007897","17","17812331"
"KN295115v1","87474","87538","chr14","59740671","59740742","12","59653197"
"KN295115v1","354268","354568","chr11","123717553","123717853","36","123363285"
"KN295117v1","161885","162076","chr10","19939788","19939971","36","19777903"
"KN295117v1","211960","212146","chr12","64232235","64232398","44","64020275"
"KN295117v1","245983","246273","chr10","92956825","92957111","40","92710842"
"KN295117v1","325797","326103","chrX","41732635","41732934","17","41406838"
"KN295117v1","341916","342156","chrX_KE148108v1_random","8050216","8050453","36","7708300"
"KN295118v1","228645","228941","chr8","105833074","105833360","52","105604429"
"KN295121v1","27444","27530","chr24","29611328","29611414","9","29583884"
"KN295122v1","258236","258526","chr9","59169918","59170211","41","58911682"
"KN295131v1","2844","3038","chr20","122226432","122226619","47","122223588"
"KN295135v1","110359","110506","chr15","22798711","22798858","10","22688352"
"KN295135v1","116952","117085","chr2","43414929","43415064","13","43297977"
"KN295135v1","141678","141954","chr2","10270776","10271050","33","10129098"
"KN295136v1","60621","60914","chr6","50872515","50872813","16","50811894"
"KN295142v1","423241","423343","chr16","59539720","59539823","33","59116479"
"KN295142v1","905322","905466","chr22","100523221","100523356","22","99617899"
"KN295142v1","1092672","1092846","chr20","12577124","12577295","25","11484452"
"KN295142v1","1701344","1701521","chr10","117385991","117386167","32","115684647"
"KN295147v1","189199","189314","chr4","40671435","40671550","6","40482236"
"KN295147v1","356358","356483","chr5","17726961","17727092","30","17370603"
"KN295150v1","84462","84753","chrX_KE148108v1_random","6679410","6679719","29","6594948"
"KN295152v1","181834","182111","chrX","14817479","14817767","44","14635645"
"KN295152v1","192766","192937","chr20_KE148049v1_random","24491","24663","30","168275"
"KN295152v1","212780","212847","chr24","39086005","39086070","11","38873225"
"KN295152v1","310363","310458","chr11","21938148","21938241","5","21627785"
"KN295152v1","318780","319073","chr11","21929160","21929455","25","21610380"
"KN295152v1","698320","698417","chr12","39573408","39573507","13","38875088"
"KN295152v1","725187","725363","chr2","84460702","84460880","36","83735515"
"KN295154v1","14344","14501","chr19","32526423","32526580","10","32512079"
"KN295154v1","53223","53516","chr5","60242716","60243013","35","60189493"
"KN295154v1","88574","88862","chr16","23858039","23858332","45","23769465"
"KN295154v1","89249","89538","chr8","117985778","117986075","36","117896529"
"KN295154v1","120298","120379","chr19","32629659","32629740","3","32509361"
"KN295154v1","121603","121911","chr10","35202908","35203214","37","35081305"
"KN295154v1","137374","137555","chr28","14374070","14374256","42","14236696"
"KN295154v1","137584","137768","chr10_KE148023v1_random","379045","379231","43","241461"
"KN295154v1","185742","185857","chr19","32695962","32696084","15","32510220"
"KN295154v1","195683","195844","chrUn_KE147541v1","70880","71041","21","124803"
"KN295154v1","254278","254458","chr15","18998078","18998253","32","18743800"
"KN295154v1","302404","302711","chr16","74612443","74612741","48","74310039"
"KN295154v1","337935","338260","chr5","42805869","42806195","51","42467934"
"KN295157v1","1938","2242","chr5","516542","516843","44","514604"
"KN295157v1","2359","2482","chr2","49564161","49564286","18","49561802"
"KN295157v1","106022","106123","chr17","56389141","56389240","13","56283119"
"KN295157v1","133598","133894","chr21","125006440","125006732","42","124872842"
"KN295157v1","137045","137342","chr6","33770311","33770609","37","33633266"
"KN295157v1","139942","140204","chr3","230855","231116","14","90913"
"KN295157v1","143645","143952","chr23","26655146","26655450","45","26511501"
"KN295157v1","153410","153508","chr13","67554341","67554435","14","67400931"
"KN295157v1","154195","154305","chr20","103694235","103694348","19","103540040"
"KN295157v1","232971","233270","chr3","151040","151338","15","81931"
"KN295157v1","265841","266121","chr3","120390","120683","28","145451"
"KN295157v1","290955","291123","chr6","10189432","10189604","33","9898477"
"KN295159v1","85327","85625","chr7","1583122","1583424","18","1497795"
"KN295159v1","111929","112240","chr7","1610362","1610663","30","1498433"
"KN295159v1","339395","339566","chr17","54416955","54417122","47","54077560"
"KN295159v1","726747","727039","chr7","2197247","2197538","15","1470500"
"KN295161v1","79003","79310","chr1","56373599","56373903","16","56294596"
"KN295161v1","206651","206842","chr3","47294644","47294826","40","47087993"
"KN295162v1","62331","62667","chr3","25484909","25485219","40","25422578"
"KN295162v1","119864","119971","chr3","25427174","25427289","10","25307310"
"KN295162v1","239544","239791","chr14","10809538","10809803","60","10569994"
"KN295165v1","124901","125038","chr15","13896407","13896536","10","13771506"
"KN295165v1","161656","161803","chr6","4316199","4316341","21","4154543"
"KN295165v1","295970","296133","chr21","107819096","107819263","26","107523126"
"KN295165v1","366338","366642","chr11","8684527","8684834","39","8318189"
"KN295165v1","440224","440525","chr15","14202781","14203075","25","13762557"
"KN295171v1","8905","9199","chr1","15860008","15860303","38","15851103"
"KN295171v1","246362","246510","chr2","35368136","35368290","12","35121774"
"KN295171v1","283013","283305","chr13","66806436","66806727","37","66523423"
"KN295171v1","538278","538422","chr2","56020840","56020985","8","55482562"
"KN295171v1","575220","575515","chr2","55983363","55983657","17","55408143"
"KN295171v1","798883","799030","chrX_KE148108v1_random","1282629","1282776","26","483746"
"KN295171v1","804619","804779","chr6","2935048","2935204","21","2130429"
"KN295171v1","885771","886065","chr2","55687986","55688274","16","54802215"
"KN295171v1","904196","904495","chr6","50473108","50473409","36","49568912"
"KN295171v1","998247","998542","chr22","34034792","34035091","38","33036545"
"KN295171v1","1032582","1032875","chr2","55552781","55553074","11","54520199"
"KN295171v1","1036850","1037028","chr12","106787325","106787503","30","105750475"
"KN295171v1","1143239","1143532","chr2","55442630","55442930","29","54299391"
"KN295171v1","1167551","1167823","chr16","49595213","49595488","35","48427662"
"KN295171v1","1267560","1267695","chr8","6434277","6434410","19","5166717"
"KN295171v1","1403510","1403591","chr2","55206007","55206091","6","53802497"
"KN295171v1","1482866","1483174","chr2","55140346","55140655","14","53657480"
"KN295174v1","158598","158899","chr29","14636098","14636399","23","14477500"
"KN295174v1","163326","163624","chr20","38149866","38150159","39","37986540"
"KN295174v1","328584","328728","chr6","23937110","23937257","25","23608526"
"KN295174v1","336142","336449","chr29","14805717","14806020","21","14469575"
"KN295174v1","354944","355272","chr22","41073829","41074137","54","40718885"
"KN295174v1","373469","373750","chr29","14843644","14843925","14","14470175"
"KN295174v1","388606","388904","chr11","14038393","14038703","44","13649787"
"KN295174v1","539255","539433","chr14","70897136","70897302","38","70357881"
"KN295174v1","961756","961822","chr22","9646866","9646927","20","8685110"
"KN295195v1","37759","38068","chr27","22028646","22028954","16","21990887"
"KN295195v1","52691","52842","chr6","4450484","4450630","24","4397793"
"KN295195v1","52887","52999","chr13","38694071","38694188","27","38641184"
"KN295195v1","128945","129026","chr13","92684221","92684299","15","92555276"
"KN295195v1","166372","166664","chr27","21905173","21905466","18","21738801"
"KN295198v1","44830","45129","chrX","22293419","22293712","50","22248589"
"KN295198v1","86217","86331","chr12","27480645","27480758","4","27394428"
"KN295198v1","129200","129314","chr12","27524682","27524797","3","27395482"
"KN295198v1","225601","225674","chr15","8514430","8514502","16","8288829"
"KN295198v1","649114","649294","chr5","737199","737370","31","88085"
"KN295198v1","664886","665125","chrX_KE148108v1_random","8050216","8050453","41","7385330"
"KN295198v1","700712","701009","chr12","28080477","28080769","23","27379765"
"KN295198v1","712086","712244","chr9","96731301","96731449","32","96019215"
"KN295198v1","752237","752374","chr11","103748059","103748193","22","102995822"
"KN295202v1","76716","77002","chr11","10039301","10039596","29","9962585"
"KN295202v1","362346","362653","chr2","80041154","80041464","51","79678808"
"KN295202v1","381717","382018","chr11","19782119","19782414","22","19400402"
"KN295202v1","539999","540288","chr11","19933381","19933679","26","19393382"
"KN295202v1","545808","546121","chr11","19939163","19939479","16","19393355"
"KN295202v1","1315756","1316063","chr11","20676001","20676309","25","19360245"
"KN295202v1","1578495","1578633","chr25","69547024","69547161","19","67968529"
"KN295202v1","1980596","1980905","chr11","21472045","21472353","16","19491449"
"KN295202v1","2027928","2028221","chr11","21515711","21516014","23","19487783"
"KN295202v1","2030017","2030168","chr16","8045542","8045684","27","6015525"
"KN295202v1","2030694","2030845","chr16","8045542","8045684","27","6014848"
"KN295205v1","54018","54100","chr26","30167225","30167305","5","30113207"
"KN295205v1","576323","576399","chr18","71140340","71140415","13","70564017"
"KN295205v1","652247","652558","chr26","30758017","30758328","12","30105770"
"KN295205v1","728921","729211","chr16","1870347","1870633","49","1141426"
"KN295205v1","875149","875236","chr11","96721267","96721351","11","95846118"
"KN295205v1","1040306","1040487","chr15","33336831","33337009","32","32296525"
"KN295205v1","1040781","1040792","chr1","62838567","62838579","6","61797786"
"KN295205v1","1041096","1041127","chr28","6405531","6405565","5","5364435"
"KN295205v1","1070566","1070857","chr17","47250831","47251121","41","46180265"
"KN295205v1","1280306","1280591","chr8","92635049","92635333","39","91354743"
"KN295205v1","1283186","1283480","chr26","31374031","31374310","24","30090845"
"KN295205v1","1374446","1374720","chr2","38945977","38946261","52","37571531"
"KN295205v1","1588613","1588686","chr19","15599846","15599916","25","14011233"
"KN295209v1","282804","282948","chr23","26109332","26109476","5","25826528"
"KN295209v1","353984","354140","chr4","20858912","20859062","20","20504928"
"KN295209v1","461730","462046","chrX","22269787","22270106","41","21808057"
"KN295213v1","232820","233122","chr25","41004167","41004488","34","40771347"
"KN295215v1","18917","19197","chr13","70791487","70791767","18","70772570"
"KN295215v1","320617","320805","chr2","20144961","20145151","39","19824344"
"KN295217v1","178966","179270","chr1","23497413","23497713","18","23318447"
"KN295217v1","180658","180751","chr17","48787078","48787167","15","48606420"
"KN295217v1","248399","248522","chr1","23558840","23558962","7","23310441"
"KN295217v1","315310","315476","chr1","117375330","117375494","27","117060020"
"KN295217v1","389264","389421","chr7","102901345","102901507","30","102512081"
"KN295217v1","984078","984162","chr1","24306620","24306704","7","23322542"
"KN295217v1","1012819","1012947","chr1","24335590","24335724","10","23322771"
"KN295217v1","1237501","1237576","chr6","31234031","31234108","11","29996530"
"KN295217v1","1401122","1401188","chr1","24724034","24724101","5","23322912"
"KN295219v1","3785","3912","chr4","69660730","69660857","30","69656945"
"KN295225v1","66010","66103","chr19","13288078","13288171","11","13222068"
"KN295225v1","346043","346199","chr24","41015969","41016128","29","40669926"
"KN295225v1","417464","417765","chr3","6982461","6982763","34","6564997"
"KN295225v1","1075496","1075634","chr21","83750574","83750704","11","82675078"
"KN295225v1","1226463","1226546","chr14","20635210","20635295","11","19408747"
"KN295225v1","1717627","1717864","chrY","635454","635687","52","1082173"
"KN295225v1","1933351","1933472","chr21","84582608","84582733","8","82649257"
"KN295225v1","2293913","2294190","chr24","81558938","81559212","41","79265025"
"KN295225v1","2460189","2460428","chr19","16286678","16286927","43","13826489"
"KN295232v1","75636","75718","chr20","28787508","28787586","11","28711872"
"KN295232v1","183416","183723","chr20","28887740","28888041","21","28704324"
"KN295232v1","206749","206970","chr26","9240580","9240788","45","9033831"
"KN295235v1","73308","73611","chrX","43812074","43812380","33","43738766"
"KN295235v1","116883","117178","chr6","21579878","21580183","25","21462995"
"KN295236v1","27986","28108","chr2","58504374","58504493","24","58476388"
"KN295236v1","36838","36993","chrX","108711335","108711486","29","108674497"
"KN295236v1","74733","74822","chr17","48787078","48787167","15","48712345"
"KN295236v1","100029","100172","chr24","38014551","38014694","23","37914522"
"KN295236v1","160071","160229","chr16","70224259","70224419","21","70064188"
"KN295236v1","211771","211947","chr15","48648204","48648385","42","48436433"
"KN295236v1","254677","254997","chr6","16179940","16180260","13","15925263"
"KN295236v1","303628","303945","chr11","8684527","8684834","53","8380899"
"KN295236v1","356205","356364","chr6","2935048","2935204","30","2578843"
"KN295236v1","396770","396950","chr20","65622544","65622720","32","65225774"
"KN295236v1","499855","500000","chr1","111717580","111717725","23","111217725"
"KN295236v1","533408","533420","chr1","80524170","80524180","2","79990762"
"KN295236v1","533723","533879","chr6","2935048","2935204","23","2401325"
"KN295236v1","535066","535362","chr24","69808297","69808594","33","69273231"
"KN295236v1","579778","579789","chr10","105614392","105614403","2","105034614"
"KN295236v1","580098","580267","chr15","33336831","33337009","32","32756733"
"KN295236v1","580933","581092","chr10","19929334","19929499","30","19348401"
"KN295236v1","662138","662443","chr4","71826265","71826565","37","71164127"
"KN295236v1","675958","676256","chr6","15804098","15804396","11","15128140"
"KN295236v1","682500","682849","chr6","15797148","15797460","57","15114648"
"KN295236v1","719526","719689","chr21","107819096","107819263","26","107099570"
"KN295236v1","743027","743204","chr9","106491473","106491651","29","105748446"
"KN295236v1","751032","751192","chr6","15718718","15718885","14","14967686"
"KN295236v1","751496","751628","chr6","15718275","15718407","8","14966779"
"KN295236v1","772010","772227","chr6","19339925","19340135","43","18567915"
"KN295236v1","772584","772706","chr1","34447012","34447135","13","33674428"
"KN295236v1","783823","784022","chr20","87023843","87024048","39","86240020"
"KN295236v1","849416","849707","chr6","15621873","15622170","16","14772457"
"KN295236v1","886525","886710","chr20","12577124","12577295","32","11690599"
"KN295236v1","901614","901907","chr6","15567845","15568137","14","14666231"
"KN295236v1","921151","921440","chr6","15549270","15549562","24","14628119"
"KN295236v1","964838","964999","chr6","2935048","2935204","34","1970210"
"KN295236v1","965307","965321","chr11","106104529","106104542","5","105139222"
"KN295236v1","1165981","1166139","chr27","1802597","1802755","31","636616"
"KN295236v1","1171241","1171541","chr6","15299960","15300257","17","14128719"
"KN295236v1","1231526","1231696","chr6","15718718","15718885","29","14487192"
"KN295236v1","1252788","1253019","chr13","78169976","78170210","35","76917188"
"KN295236v1","1253022","1253161","chr10","93624400","93624538","14","92371378"
"KN295236v1","1256878","1257181","chr27","9778999","9779300","38","8522121"
"KN295236v1","1259261","1259568","chrX","22558882","22559190","41","21299621"
"KN295236v1","1320875","1321019","chr3","23052634","23052774","15","21731759"
"KN295236v1","1414172","1414230","chr21","41381512","41381569","13","39967340"
"KN295236v1","1436985","1437278","chr6","15043210","15043504","17","13606225"
"KN295236v1","1469754","1469889","chr6","15010524","15010658","6","13540770"
"KN295236v1","1478072","1478232","chr6","2935048","2935204","24","1456976"
"KN295236v1","1486164","1486466","chr2","57604383","57604686","36","56118219"
"KN295236v1","1624406","1624606","chr6","14861387","14861589","10","13236981"
"KN295236v1","1634092","1634390","chr17","40216360","40216654","43","38582268"
"KN295236v1","1679274","1679418","chr14","79247942","79248086","19","77568668"
"KN295236v1","1680256","1680557","chr6","14806370","14806671","15","13126114"
"KN295236v1","1707609","1707785","chr25","15904393","15904561","28","14196784"
"KN295236v1","1723329","1723610","chr6","14766442","14766721","18","13043113"
"KN295236v1","1728745","1728849","chr6","14761096","14761189","13","13032351"
"KN295236v1","1729685","1729792","chr16","17573488","17573597","14","15843803"
"KN295236v1","1775478","1775656","chr20","96338788","96338956","36","94563310"
"KN295236v1","1837267","1837461","chrX","92168581","92168768","36","90331314"
"KN295236v1","1878138","1878417","chr6","14613681","14613958","15","12735543"
"KN295236v1","1898666","1898852","chr9","106491473","106491651","34","104592807"
"KN295236v1","1945686","1945791","chr5","11500676","11500780","15","9554990"
"KN295236v1","2087608","2087718","chr19","23348460","23348562","24","21260852"
"KN295236v1","2104079","2104180","chr12","101078710","101078812","21","98974631"
"KN295236v1","2123738","2123953","chr6","14861387","14861589","43","12737649"
"KN295236v1","2128118","2128321","chr1","46556864","46557071","48","44428746"
"KN295236v1","2202842","2203136","chr6","14251328","14251622","14","12048486"
"KN295236v1","2266115","2266292","chr9","106491473","106491651","27","104225358"
"KN295236v1","2332752","2333060","chr17","64830358","64830657","36","62497606"
"KN295236v1","2364240","2364374","chr6","14090433","14090567","9","11726193"
"KN295236v1","2473245","2473505","chr6","13984248","13984510","12","11511003"
"KN295236v1","2484361","2484668","chr14","98188552","98188861","41","95704191"
"KN295236v1","2494070","2494177","chr8","10452397","10452499","15","7958327"
"KN295236v1","2576962","2577274","chr6","13874593","13874904","14","11297631"
"KN295236v1","2630076","2630366","chr18","9552882","9553174","37","6922806"
"KN295236v1","2638419","2638536","chr20","103694235","103694348","20","101055816"
"KN295236v1","2645333","2645479","chr6","41536843","41536980","30","38891510"
"KN295236v1","2705400","2705568","chr20","100688602","100688768","41","97983202"
"KN295236v1","2754468","2754770","chr6","13703695","13703977","32","10949227"
"KN295236v1","2787175","2787461","chr20","32178760","32179039","35","29391585"
"KN295236v1","2797495","2797787","chr6","13661825","13662108","23","10864330"
"KN295236v1","2849248","2849550","chr1","65106207","65106504","33","62256959"
"KN295236v1","2933937","2934078","chr11","93512368","93512511","21","90578431"
"KN295236v1","2942935","2943128","chr19","33115164","33115349","39","30172229"
"KN295236v1","2944776","2944914","chr6","13437478","13437616","3","10492702"
"KN295236v1","2979755","2979923","chr16","59100684","59100846","24","56120929"
"KN295236v1","3059686","3059983","chr20","38149866","38150159","36","35090180"
"KN295236v1","3130950","3131099","chr14","59427074","59427214","22","56296124"
"KN295236v1","3188037","3188127","chr12","70774063","70774157","10","67586026"
"KN295236v1","3248261","3248459","chr9","86364959","86365149","55","83116698"
"KN295236v1","3251036","3251117","chr28","10495847","10495929","13","7244811"
"KN295236v1","3288446","3288721","chr6","13122949","13123229","16","9834503"
"KN295236v1","3307913","3308060","chrX_KE148108v1_random","1282629","1282776","26","2025284"
"KN295236v1","3326859","3327010","chr2","73839990","73840131","28","70513131"
"KN295236v1","3327305","3327612","chr2","45029726","45030036","40","41702421"
"KN295236v1","3328263","3328581","chr8","37977619","37977929","48","34649356"
"KN295236v1","3411087","3411390","chr18","44613273","44613575","36","41202186"
"KN295236v1","3457659","3457773","chr4","40671435","40671550","19","37213776"
"KN295236v1","3484344","3484462","chr2","7069148","7069271","17","3584804"
"KN295236v1","3485031","3485046","chr1","62838567","62838579","7","59353536"
"KN295236v1","3506177","3506360","chr16","23292904","23293077","34","19786727"
"KN295236v1","3552581","3552869","chr21","103799077","103799372","37","100246496"
"KN295236v1","3626295","3626579","chr7","56614602","56614897","36","52988307"
"KN295236v1","3627802","3627940","chr12","47687061","47687198","18","44059259"
"KN295236v1","3676954","3677248","chr25","59237084","59237377","41","55560130"
"KN295236v1","3689162","3689282","chr6","12731805","12731925","7","9042643"
"KN295236v1","3714359","3714517","chr6","2935048","2935204","25","779311"
"KN295236v1","3722994","3723305","chr14","60556136","60556443","44","56833142"
"KN295236v1","3821885","3822166","chr6","29541281","29541569","41","25719396"
"KN295236v1","3825212","3825337","chr8","66160302","66160427","17","62335090"
"KN295236v1","3848234","3848343","chr6","1694984","1695087","27","2153250"
"KN295236v1","3861938","3862187","chrX","29957402","29957630","54","26095464"
"KN295236v1","3892062","3892374","chr6","12539652","12539945","29","8647590"
"KN295236v1","3898697","3898939","chr21","36839500","36839755","61","32940803"
"KN295236v1","3917191","3917490","chr12","82945296","82945594","42","79028105"
"KN295236v1","3981660","3981737","chr20","8927868","8927948","23","4946208"
"KN295236v1","3982083","3982104","chr12","79182749","79182767","7","75200666"
"KN295236v1","4032310","4032606","chr6","12406716","12407012","22","8374406"
"KN295236v1","4033764","4033916","chr6","12405410","12405559","18","8371646"
"KN295236v1","4098622","4098797","chr20","12577124","12577295","30","8478502"
"KN295236v1","4098806","4098984","chr25","27497903","27498067","33","23399097"
"KN295236v1","4098988","4099177","chrX","92168581","92168768","34","88069593"
"KN295236v1","4109731","4109873","chr9","39124573","39124716","19","35014842"
"KN295236v1","4122253","4122362","chr18","44851168","44851279","15","40728915"
"KN295236v1","4195889","4196121","chrX","45698334","45698566","28","41502445"
"KN295236v1","4215947","4216116","chr20","112122691","112122859","27","107906744"
"KN295236v1","4261478","4261783","chr8","40067381","40067682","36","35805903"
"KN295236v1","4329756","4329930","chr13","34627000","34627173","45","30297244"
"KN295236v1","4389586","4389681","chr25","55769141","55769236","19","51379555"
"KN295236v1","4456703","4456800","chr6","12011364","12011458","20","7554661"
"KN295236v1","4468402","4468571","chr14","70326149","70326316","23","65857747"
"KN295236v1","4475093","4475377","chr20","95341517","95341796","35","90866424"
"KN295236v1","4475425","4475439","chr20","64453083","64453097","3","59977658"
"KN295236v1","4568195","4568496","chr11","93918770","93919073","35","89350575"
"KN295236v1","4571478","4571648","chr10","19929334","19929499","31","15357856"
"KN295236v1","4602759","4602968","chr20","87023843","87024048","34","82421084"
"KN295236v1","4626689","4626971","chr20","14771558","14771837","49","10144869"
"KN295236v1","4642334","4642623","chr6","11829432","11829731","23","7187098"
"KN295236v1","4873985","4874127","chr10","569386","569524","43","4304599"
"KN295236v1","4883024","4883314","chr6","11592314","11592607","15","6709290"
"KN295236v1","4883606","4883782","chr17","68350038","68350213","32","63466432"
"KN295236v1","4888117","4888427","chr6","11579352","11579662","18","6691235"
"KN295236v1","4907546","4907722","chr1","8878701","8878875","41","3971155"
"KN295236v1","4952461","4952559","chr1","15861844","15861941","16","10909383"
"KN295236v1","4983074","4983202","chr17","51711470","51711606","21","46728396"
"KN295236v1","5139192","5139480","chr6","11350332","11350625","13","6211140"
"KN295236v1","5249702","5249890","chr12","46467064","46467252","38","41217362"
"KN295236v1","5370320","5370616","chr6","11147995","11148290","22","5777675"
"KN295236v1","5462627","5462923","chr6","11062424","11062721","14","5599797"
"KN295236v1","5506505","5506808","chr17","60238337","60238633","34","54731832"
"KN295236v1","5549702","5549921","chr12","44519999","44520223","56","38970297"
"KN295236v1","5566511","5566805","chr1","8447422","8447710","48","2880911"
"KN295236v1","5568634","5568930","chr6","10969061","10969363","23","5400427"
"KN295236v1","5615328","5615495","chr9","56928320","56928476","32","51312992"
"KN295236v1","5636660","5636912","chr10","25135674","25135928","31","19499014"
"KN295236v1","5663889","5664066","chr19","7192289","7192466","28","1528400"
"KN295236v1","5664880","5665163","chr6","10873885","10874183","36","5209005"
"KN295236v1","5684209","5684504","chr6","10855224","10855511","18","5171015"
"KN295236v1","5690137","5690432","chr6","10849544","10849849","23","5159407"
"KN295236v1","5704182","5704482","chr25","36003207","36003509","37","30299025"
"KN295236v1","5772172","5772313","chr6","10801066","10801207","3","5028894"
"KN295236v1","6039479","6039681","chr10","101950017","101950233","43","95910538"
"KN295236v1","6097343","6097491","chr20","71110293","71110440","22","65012950"
"KN295236v1","6112094","6112420","chr6","10480263","10480603","88","4368169"
"KN295236v1","6136706","6136877","chr13","34627000","34627173","40","28490294"
"KN295236v1","6141467","6141617","chr23","4466105","4466255","27","1675362"
"KN295236v1","6142236","6142250","chr1","32678869","32678883","3","26536633"
"KN295236v1","6144312","6144617","chr2","81059951","81060256","35","74915639"
"KN295236v1","6213129","6213432","chrX","43812074","43812380","28","37598945"
"KN295239v1","82057","82362","chr22","52444972","52445253","64","52362915"
"KN295239v1","825064","825203","chr29","10720839","10720983","10","9895775"
"KN295239v1","890901","891052","chr29","10787811","10787958","17","9896910"
"KN295241v1","98768","98822","chr14","95935714","95935772","17","95836946"
"KN295241v1","134740","134832","chr20","65732336","65732422","20","65597596"
"KN295241v1","161296","161602","chrX","128265255","128265567","13","128103959"
"KN295241v1","202053","202257","chr20","87023843","87024048","43","86821790"
"KN295241v1","236451","236623","chr24","68960816","68960982","27","68724365"
"KN295241v1","278903","279069","chr7","60522588","60522762","33","60243685"
"KN295243v1","263790","263921","chr9","32905152","32905283","6","32641362"
"KN295243v1","263922","263948","chr9","32905284","32905310","3","32641362"
"KN295243v1","264535","264693","chr9","32905896","32906053","6","32641361"
"KN295243v1","664259","664547","chr9","33291453","33291739","16","32627194"
"KN295243v1","676086","676200","chr7","18338584","18338697","21","17662498"
"KN295243v1","1257196","1257479","chr9","33873597","33873884","15","32616401"
"KN295243v1","1436105","1436306","chr18","27344651","27344838","40","25908546"
"KN295244v1","305164","305466","chrX","59526704","59527011","15","59221540"
"KN295244v1","315069","315373","chrX","59517419","59517721","14","59202350"
"KN295244v1","665296","665607","chr12","58364061","58364370","46","57698765"
"KN295244v1","739118","739208","chr17","48787078","48787167","9","48047960"
"KN295244v1","745108","745224","chr2","56098537","56098651","18","55353429"
"KN295248v1","725489","725772","chr12","20257199","20257494","22","19531710"
"KN295249v1","166484","166767","chr3","41487692","41487986","26","41321208"
"KN295249v1","217985","218128","chr13","44775865","44776008","24","44557880"
"KN295251v1","141827","142110","chrX","92066720","92067008","42","91924893"
"KN295255v1","41351","41647","chr14","17945028","17945305","29","17903677"
"KN295256v1","112667","112971","chr13","32357383","32357676","28","32244716"
"KN295256v1","176824","176906","chr2","55206007","55206091","15","55029183"
"KN295256v1","223425","223524","chr16","18137770","18137870","12","17914345"
"KN295256v1","401745","401876","chr13","32068871","32069003","7","31667126"
"KN295257v1","385875","386170","chr17","68748727","68749013","24","68362852"
"KN295257v1","738513","738797","chr11","6718491","6718785","38","5979978"
"KN295257v1","748185","748327","chr13","40527462","40527601","24","39779277"
"KN295257v1","840401","840575","chr2","84460702","84460880","33","83620301"
"KN295257v1","890162","890467","chr17","69231134","69231444","17","68340972"
"KN295257v1","969286","969420","chr1","54191733","54191864","15","53222447"
"KN295257v1","1077838","1077996","chr1","55471710","55471867","31","54393872"
"KN295257v1","1672391","1672546","chr11","108651238","108651415","42","106978847"
"KN295258v1","190027","190156","chrX","5573757","5573870","22","5383730"
"KN295260v1","26249","26358","chr5","65450314","65450424","20","65424065"
"KN295260v1","1250184","1250474","chr3","58423727","58424030","28","57173543"
"KN295260v1","1732207","1732298","chr14","81680282","81680374","12","79948075"
"KN295260v1","1744053","1744356","chr3","58897334","58897627","23","57153281"
"KN295260v1","1946111","1946362","chr22","14145470","14145728","46","12199359"
"KN295260v1","1993264","1993399","chr3","59139486","59139626","11","57146222"
"KN295260v1","2052649","2052958","chr14","32743432","32743734","38","30690783"
"KN295260v1","2070745","2070779","chr21_KE148062v1_random","55746","55774","12","2014999"
"KN295260v1","2107247","2107553","chr3","59245832","59246138","14","57138585"
"KN295260v1","2174779","2174865","chr3","59308657","59308743","0","57133878"
"KN295261v1","92334","92441","chr5","74607971","74608072","18","74515637"
"KN295261v1","333081","333197","chr19","3811003","3811128","31","3477922"
"KN295262v1","1","115","chr25","85493062","85493176","17","85493061"
"KN295263v1","246515","246665","chr11","105088998","105089145","32","104842483"
"KN295263v1","598292","598398","chr5","11500676","11500780","13","10902384"
"KN295264v1","130618","130775","chr27","1802597","1802755","32","1671979"
"KN295265v1","58200","58305","chr12","94522934","94523033","18","94464734"
"KN295267v1","128914","129225","chr23","78553083","78553379","45","78424169"
"KN295267v1","344939","345105","chr11","47211300","47211455","23","46866361"
"KN295267v1","754865","755140","chr2","10270776","10271050","33","9515911"
"KN295267v1","1163092","1163258","chr21","107819096","107819263","30","106656004"
"KN295267v1","1219045","1219161","chr5","11372290","11372402","21","10153245"
"KN295268v1","14373","14668","chr24","57632578","57632875","13","57618205"
"KN295268v1","246047","246226","chr20","8927653","8927826","31","8681606"
"KN295281v1","46808","46936","chr2","38552847","38552974","19","38506039"
"KN295281v1","262859","263173","chr1","98620964","98621275","26","98358105"
"KN295282v1","202532","202642","chrX","25443350","25443459","8","25240818"
"KN295282v1","344338","344646","chrX","25300503","25300804","19","24956165"
"KN295284v1","16694","16811","chr23","79752615","79752733","5","79735921"
"KN295284v1","17308","17426","chr4","37197317","37197432","23","37180009"
"KN295284v1","19210","19512","chr21","58783858","58784162","31","58764648"
"KN295284v1","125815","126114","chr13","65587063","65587353","44","65461248"
"KN295284v1","525575","525750","chr14","18470427","18470606","40","17944852"
"KN295284v1","542824","543106","chr23","80267579","80267864","19","79724755"
"KN295287v1","11919","12051","chrUn_AQIB01159040v1","7220","7346","12","4699"
"KN295287v1","29373","29514","chr2","84664572","84664709","20","84635199"
"KN295287v1","37704","37890","chrX","92168581","92168768","31","92130877"
"KN295287v1","44633","44923","chr28","16565460","16565750","19","16520827"
"KN295293v1","4998","5285","chr10","10472165","10472447","14","10467167"
"KN295293v1","131833","131955","chr10","10596542","10596664","11","10464709"
"KN295294v1","110874","110957","chr14","37062015","37062094","6","36951141"
"KN295294v1","111038","111336","chr14","37061647","37061936","22","36950609"
"KN295294v1","125214","125511","chr14","37048252","37048554","18","36923038"
"KN295294v1","176198","176361","chr22","32414322","32414499","37","32238124"
"KN295294v1","210257","210347","chr14","36971556","36971644","4","36761299"
"KN295294v1","221488","221574","chr14","36961648","36961733","5","36740160"
"KN295294v1","233961","234261","chr14","36949619","36949918","14","36715658"
"KN295294v1","240155","240247","chr22","6133206","6133295","14","5893051"
"KN295294v1","249083","249380","chr14","36932490","36932789","10","36683407"
"KN295294v1","265874","266166","chr4","31030949","31031241","34","30765075"
"KN295294v1","281600","281748","chrUn_AQIB01158015v1","565","709","24","281035"
"KN295294v1","328662","328955","chr16","11729161","11729450","33","11400499"
"KN295294v1","389092","389373","chr9","21358440","21358726","37","20969348"
"KN295294v1","395009","395124","chr9","74785663","74785773","17","74390654"
"KN295294v1","420403","420545","chrUn_AQIB01158015v1","565","709","12","419838"
"KN295294v1","472169","472329","chr14","36731633","36731798","17","36259464"
"KN295294v1","587588","587835","chr14","36616235","36616481","23","36028647"
"KN295294v1","1043961","1044238","chr25","28869789","28870071","50","27825828"
"KN295294v1","1132720","1132830","chr14","36071617","36071732","6","34938897"
"KN295294v1","1189303","1189436","chr13","90177430","90177561","27","88988127"
"KN295294v1","1247295","1247589","chr14","35969687","35969995","28","34722392"
"KN295294v1","1514024","1514114","chr23","61996892","61996979","19","60482868"
"KN295294v1","2080929","2081247","chr14","35155809","35156108","38","33074880"
"KN295294v1","2266702","2266816","chr16","17636428","17636539","24","15369726"
"KN295294v1","2465398","2465500","chr7","29792573","29792674","17","27327175"
"KN295294v1","2697313","2697595","chr5","39239438","39239727","43","36542125"
"KN295294v1","2890246","2890334","chr14","34379799","34379889","5","31489553"
"KN295294v1","3230886","3230982","chr17","56389141","56389240","20","53158255"
"KN295294v1","3264712","3264842","chr9","12337580","12337709","15","9072868"
"KN295294v1","3319096","3319191","chr16","17772130","17772228","24","14453034"
"KN295294v1","3647073","3647380","chr14","33636569","33636866","22","29989496"
"KN295294v1","3712803","3712980","chr15","33336831","33337009","30","29624028"
"KN295294v1","3713010","3713134","chr10","98153770","98153894","17","94440760"
"KN295295v1","3260","3545","chr21","126652795","126653078","46","126649535"
"KN295300v1","23229","23371","chrX","49301024","49301171","25","49277795"
"KN295301v1","14460","14774","chr4","23606198","23606506","52","23591738"
"KN295301v1","700082","700369","chr24","14336670","14336965","15","13636588"
"KN295301v1","715468","715562","chr7","131383060","131383155","16","130667592"
"KN295301v1","911942","912116","chrX","61147970","61148143","26","60236028"
"KN295301v1","1097331","1097499","chr19","25599493","25599672","35","24502162"
"KN295301v1","1263236","1263417","chr1","34446792","34446979","44","33183556"
"KN295301v1","1510837","1511148","chr24","13562622","13562933","13","12051785"
"KN295302v1","137243","137415","chr21","107819096","107819263","21","107681853"
"KN295302v1","210517","210612","chr20","100112314","100112409","11","99901797"
"KN295302v1","290332","290631","chr3","77024089","77024388","41","76733757"
"KN295302v1","390004","390299","chr10","117454782","117455086","23","117064778"
"KN295302v1","390300","390605","chr10","117454782","117455086","18","117064482"
"KN295303v1","18700","18824","chr12","9686046","9686166","9","9667346"
"KN295303v1","25543","25705","chr25","27497903","27498067","33","27472360"
"KN295303v1","26003","26017","chr12","46251851","46251861","5","46225848"
"KN295303v1","59948","60220","chr4","37323635","37323912","33","37263687"
"KN295303v1","65445","65623","chr1","8878701","8878875","30","8813256"
"KN295303v1","65934","66078","chr16","17804949","17805092","19","17739015"
"KN295304v1","66640","66930","chr14","107219218","107219506","28","107152578"
"KN295304v1","151075","151209","chr10","93624400","93624538","20","93473325"
"KN295304v1","209250","209527","chr20","22026505","22026784","39","21817255"
"KN295304v1","354362","354653","chr12","47686146","47686436","35","47331784"
"KN295304v1","717074","717369","chr20","5800901","5801202","36","5083827"
"KN295305v1","15912","16064","chrX","65560991","65561124","23","65545079"
"KN295306v1","29018","29293","chrX","58058263","58058530","22","58029245"
"KN295307v1","35772","36062","chr5","44217088","44217375","37","44181316"
"KN295308v1","151880","152168","chr1","123228512","123228806","29","123076632"
"KN295308v1","605031","605080","chr5","133789","133825","19","471242"
"KN295308v1","713915","714137","chr16","11738189","11738404","50","11024274"
"KN295308v1","866316","866411","chr1","123944842","123944937","2","123078526"
"KN295308v1","895910","896205","chr1","123975152","123975443","19","123079242"
"KN295308v1","973737","973869","chr1","124053981","124054117","9","123080244"
"KN295308v1","1624959","1625207","chr1","124711329","124711579","12","123086370"
"KN295308v1","1637309","1637579","chr7","78602997","78603274","51","76965688"
"KN295308v1","1852421","1852573","chr1","124928465","124928617","6","123076044"
"KN295308v1","2028975","2029265","chr1","125121939","125122227","13","123092964"
"KN295308v1","2040527","2040831","chr1","25859144","25859449","42","23818617"
"KN295308v1","2190945","2191239","chr1","125291553","125291871","38","123100608"
"KN295313v1","37975","38078","chr4","74483370","74483469","17","74445395"
"KN295313v1","45717","45837","chr28","1326317","1326427","21","1280600"
"KN295313v1","86126","86222","chr22","52314574","52314676","20","52228448"
"KN295313v1","98747","98847","chr21","2548245","2548345","1","2449498"
"KN295313v1","172403","172494","chr24","36259604","36259689","22","36087201"
"KN295315v1","16644","16774","chr13","4194855","4194975","24","4178211"
"KN295315v1","83824","84112","chr14","121463","121751","15","37639"
"KN295315v1","176645","176924","chr15","55218539","55218819","36","55041894"
"KN295315v1","204686","204986","chr14","234909","235214","30","30223"
"KN295315v1","448665","448849","chr19","33115164","33115349","40","32666499"
"KN295315v1","522585","522869","chr14","577345","577633","13","54760"
"KN295315v1","610054","610185","chrX","6430548","6430668","24","5820494"
"KN295315v1","782156","782267","chr5","21327852","21327951","24","20545696"
"KN295315v1","877926","878038","chr14","942210","942319","11","64284"
"KN295315v1","925146","925428","chrX","61119128","61119417","49","60193982"
"KN295315v1","931503","931565","chr14","95935714","95935772","18","95004211"
"KN295315v1","943821","943894","chrX","45129236","45129312","9","44185415"
"KN295315v1","944230","944366","chr14","1008153","1008289","2","63923"
"KN295315v1","1017296","1017470","chr6","12380347","12380519","36","11363051"
"KN295315v1","1031394","1031491","chr9","89944165","89944264","15","88912771"
"KN295315v1","1079494","1079659","chr20","96338788","96338956","26","95259294"
"KN295315v1","1178172","1178359","chr20","81752031","81752229","33","80573859"
"KN295315v1","1238232","1238362","chr4","73746202","73746333","27","72507970"
"KN295315v1","1270979","1271145","chr16","59100684","59100846","26","57829705"
"KN295315v1","1319339","1319517","chr13","34627000","34627173","30","33307661"
"KN295315v1","1344004","1344145","chr21","46924188","46924332","29","45580184"
"KN295315v1","1583668","1583767","chrX","46275521","46275619","21","44691853"
"KN295315v1","1842752","1842887","chr14","1901616","1901758","9","58864"
"KN295315v1","1915010","1915105","chr5","41659627","41659720","12","39744617"
"KN295315v1","2001081","2001209","chr29","21780925","21781052","21","19779844"
"KN295315v1","2031554","2031687","chr19","21995982","21996112","22","19964428"
"KN295315v1","2032355","2032475","chr14","2091637","2091755","8","59282"
"KN295315v1","2313024","2313127","chr28","16189476","16189601","35","13876452"
"KN295315v1","2313611","2313709","chr14","2367514","2367618","11","53903"
"KN295315v1","2383083","2383247","chr24","66134690","66134855","32","63751607"
"KN295315v1","2444699","2444827","chr14","2492983","2493108","9","48284"
"KN295315v1","2534301","2534612","chr11","84650723","84651027","45","82116422"
"KN295315v1","2589236","2589535","chr14","2633896","2634192","21","44660"
"KN295319v1","11991","12283","chr26","10699864","10700150","41","10687873"
"KN295319v1","432698","432826","chr1","54191733","54191864","22","53759035"
"KN295319v1","562413","562546","chr22","49225378","49225506","7","48662965"
"KN295319v1","748707","748981","chr16","16319063","16319341","37","15570356"
"KN295319v1","749105","749255","chr9","114091406","114091563","22","113342301"
"KN295319v1","770342","770648","chr22","49446245","49446554","23","48675903"
"KN295319v1","773571","773866","chr6","30061144","30061439","38","29287573"
"KN295320v1","281730","281906","chr21","107819096","107819263","31","107537366"
"KN295320v1","1037740","1038040","chr10","11780851","11781153","17","10743111"
"KN295320v1","1367897","1368206","chr10","12103549","12103854","29","10735652"
"KN295323v1","325364","325537","chr15","33336831","33337009","29","33011467"
"KN295323v1","406229","406527","chr16","61916805","61917100","38","61510576"
"KN295326v1","26274","26571","chr26","53520501","53520799","14","53494227"
"KN295326v1","129527","129835","chr26","53627939","53628235","20","53498412"
"KN295326v1","188907","189085","chr19","25599493","25599672","34","25410586"
"KN295326v1","204901","205196","chr8","28173535","28173828","49","27968634"
"KN295326v1","249676","249988","chr26","53740339","53740641","29","53490663"
"KN295326v1","252246","252548","chr26","53742280","53742581","17","53490034"
"KN295326v1","266068","266380","chr26","53756305","53756619","15","53490237"
"KN295326v1","282339","282625","chr20","118328470","118328761","38","118046131"
"KN295326v1","390893","391057","chr6","2935048","2935204","31","2544155"
"KN295326v1","396539","396827","chr26","53914369","53914658","10","53517830"
"KN295328v1","473916","474146","chr13","12474370","12474602","24","12000454"
"KN295330v1","2220","2372","chr5","8355308","8355461","22","8353088"
"KN295330v1","98433","98609","chr24","40971585","40971760","29","40873152"
"KN295330v1","98947","99123","chr13","62948328","62948496","34","62849381"
"KN295330v1","108748","108898","chr6","4157525","4157687","29","4048777"
"KN295330v1","217847","218151","chr4","1671214","1671515","18","1453367"
"KN295337v1","249028","249204","chr11","2776931","2777102","29","2527903"
"KN295343v1","10378","10672","chr13","65587063","65587353","34","65576685"
"KN295343v1","52834","53137","chr6","21066333","21066631","33","21013499"
"KN295343v1","82200","82504","chr5","27301054","27301362","25","27218854"
"KN295343v1","99624","99929","chr5","27315943","27316247","14","27216319"
"KN295343v1","161128","161428","chr5","27372428","27372711","29","27211300"
"KN295343v1","284212","284526","chr27","40812328","40812634","44","40528116"
"KN295343v1","285146","285442","chr5","27492391","27492689","14","27207245"
"KN295343v1","310591","310891","chr5","27509693","27509988","19","27199102"
"KN295343v1","332485","332768","chr6","29541281","29541569","34","29208796"
"KN295343v1","423883","424178","chr5","27628743","27629053","26","27204860"
"KN295343v1","431408","431689","chr2","36197770","36198042","37","35766362"
"KN295343v1","505363","505496","chr5","27703038","27703171","6","27197675"
"KN295343v1","508449","508761","chr5","27706084","27706394","17","27197635"
"KN295343v1","587631","587934","chr5","27788951","27789225","34","27201320"
"KN295343v1","649919","650215","chr11","8684527","8684834","53","8034608"
"KN295343v1","661082","661243","chrUn_KE147541v1","70880","71041","25","590202"
"KN295343v1","675399","675695","chr1","65106207","65106504","36","64430808"
"KN295343v1","697609","697773","chr10","56610949","56611115","30","55913340"
"KN295343v1","711222","711515","chr5","27914242","27914543","20","27203020"
"KN295343v1","721301","721488","chr6","15842335","15842510","34","15121034"
"KN295343v1","898460","898647","chr6","47177516","47177697","33","46279056"
"KN295343v1","993810","993919","chrUn_KE147811v1","4719","4826","13","989091"
"KN295343v1","1049105","1049237","chr11","103748059","103748193","15","102698954"
"KN295343v1","1101866","1101975","chr1","11854256","11854363","18","10752390"
"KN295343v1","1103118","1103227","chr1","11854256","11854363","18","10751138"
"KN295345v1","13386","13702","chr29","6095135","6095437","28","6081749"
"KN295345v1","266964","267099","chr29","6341351","6341484","12","6074387"
"KN295345v1","609229","609517","chr9","21358440","21358726","45","20749211"
"KN295345v1","1152585","1152890","chr8","40067381","40067682","46","38914796"
"KN295345v1","1400441","1400719","chr9","12354158","12354440","36","10953717"
"KN295346v1","960306","960478","chr13","34627000","34627173","34","33666694"
"KN295346v1","1040398","1040529","chr10","102606933","102607068","12","101566535"
"KN295346v1","1103626","1103720","chr10","102546524","102546617","2","101442898"
"KN295346v1","1164292","1164414","chr12","6578368","6578490","23","5414076"
"KN295346v1","1164707","1164720","chr22","70814636","70814649","2","69649929"
"KN295346v1","1182932","1183116","chr12","60617467","60617647","36","59434535"
"KN295346v1","1227783","1227916","chr10","102421753","102421883","5","101193970"
"KN295346v1","1322014","1322090","chr8","118027193","118027266","12","116705179"
"KN295346v1","1705296","1705509","chr10","101950017","101950233","12","100244721"
"KN295346v1","1802534","1802649","chr10","101852673","101852791","6","100050139"
"KN295346v1","2009929","2010219","chr10","101652557","101652847","20","99642628"
"KN295346v1","2117231","2117331","chr10","101545051","101545150","6","99427820"
"KN295346v1","2129153","2129244","chr5","29109177","29109270","10","26980024"
"KN295346v1","2134497","2134640","chr10","113933710","113933845","24","111799213"
"KN295346v1","2140551","2140860","chr10","101523824","101524133","18","99383273"
"KN295347v1","26371","26665","chr7","82312992","82313293","22","82286621"
"KN295349v1","7029","7320","chr5","58166411","58166705","17","58159382"
"KN295349v1","33806","34074","chr5","58190667","58190939","16","58156861"
"KN295349v1","60939","61250","chr5","58214722","58215027","18","58153783"
"KN295349v1","61618","61700","chr26","30167225","30167305","21","30105607"
"KN295349v1","91548","91720","chr27","33925863","33926033","23","33834315"
"KN295349v1","92028","92156","chrX","14215957","14216090","18","14123929"
"KN295350v1","27201","27375","chr13","34627000","34627173","25","34599799"
"KN295350v1","182060","182361","chr9","45780295","45780589","34","45598235"
"KN295350v1","257676","257757","chr1","99418280","99418361","11","99160604"
"KN295350v1","258068","258086","chr13","32246995","32247011","4","31988927"
"KN295350v1","264183","264485","chr16","6981228","6981537","15","6717045"
"KN295350v1","308063","308149","chr16","7026616","7026702","2","6718553"
"KN295350v1","325097","325397","chr16","7043267","7043578","27","6718170"
"KN295350v1","332076","332376","chr16","7050573","7050870","11","6718497"
"KN295350v1","333639","333982","chr16","7052126","7052451","39","6718487"
"KN295350v1","403500","403799","chr16","7120774","7121075","21","6717274"
"KN295350v1","432214","432497","chr16","7147435","7147725","15","6715221"
"KN295350v1","778049","778322","chr7","87079141","87079422","33","86301092"
"KN295350v1","843065","843231","chr7","57605546","57605713","35","56762481"
"KN295350v1","844804","845074","chr16","7552087","7552347","18","6707283"
"KN295350v1","881707","882003","chr16","7585257","7585553","14","6703550"
"KN295350v1","891542","891849","chrX","85990043","85990349","42","85098501"
"KN295350v1","929767","929847","chr16","7631528","7631607","3","6701761"
"KN295350v1","943844","943925","chr16","7645257","7645345","8","6701413"
"KN295350v1","1019700","1020008","chr1","25859144","25859449","37","24839444"
"KN295350v1","1092629","1092788","chr16","70224259","70224419","25","69131630"
"KN295350v1","1109212","1109324","chr2","11784440","11784561","16","10675228"
"KN295350v1","1142285","1142579","chr16","7832484","7832778","13","6690199"
"KN295350v1","1208671","1208951","chr4","37323635","37323912","43","36114964"
"KN295350v1","1250550","1250714","chr14","70326149","70326316","26","69075599"
"KN295350v1","1275249","1275561","chr16","7965180","7965491","13","6689931"
"KN295350v1","1341360","1341664","chr16","8029735","8030034","23","6688375"
"KN295350v1","1357259","1357401","chr16","8045542","8045684","3","6688283"
"KN295352v1","64234","64336","chr25","24119454","24119558","8","24055220"
"KN295352v1","131807","132112","chr12","11331203","11331507","37","11199396"
"KN295352v1","240125","240417","chr16","66366617","66366913","51","66126492"
"KN295352v1","533168","533469","chr20","119171696","119171987","47","118638528"
"KN295352v1","679159","679476","chr8","119259189","119259507","36","118580030"
"KN295352v1","684552","684687","chr25","23512367","23512502","6","22827815"
"KN295352v1","894831","895110","chr25","23304204","23304483","10","22409373"
"KN295352v1","983480","983602","chr2_KE147953v1_random","3344","3466","15","980136"
"KN295352v1","1325621","1325922","chr25","36003207","36003509","41","34677586"
"KN295352v1","1630408","1630718","chr25","22581809","22582109","23","20951401"
"KN295352v1","1673544","1673806","chr10","89022849","89023113","38","87349305"
"KN295354v1","281812","281952","chr7","112537457","112537598","5","112255645"
"KN295354v1","307910","308163","chr14","97806022","97806272","41","97498112"
"KN295356v1","28679","28835","chr7","69745439","69745594","9","69716760"
"KN295356v1","317685","317991","chr11","8684527","8684834","36","8366842"
"KN295356v1","588635","588907","chr24","68805898","68806165","54","68217263"
"KN295356v1","740310","740487","chr19","25599493","25599672","28","24859183"
"KN295356v1","921451","921545","chr14","74952571","74952666","12","74031120"
"KN295356v1","978062","978190","chr7","70673625","70673753","5","69695563"
"KN295356v1","1183501","1183791","chr7","70874269","70874560","30","69690768"
"KN295356v1","1232171","1232315","chr10","116205366","116205505","25","114973195"
"KN295356v1","1238055","1238349","chr4","31030949","31031241","37","29792894"
"KN295356v1","1608703","1608998","chr7","71263852","71264151","12","69655149"
"KN295361v1","179433","179562","chr5","23629274","23629410","14","23449841"
"KN295361v1","371143","371339","chr15","18998078","18998253","40","18626935"
"KN295361v1","411543","411690","chr5","23405218","23405365","7","22993675"
"KN295361v1","424687","424839","chr22","56808429","56808582","19","56383742"
"KN295361v1","486347","486489","chr14","1901616","1901758","23","1415269"
"KN295361v1","741549","741647","chr5","23065362","23065456","11","22323813"
"KN295361v1","805453","805604","chr4","20858912","20859062","15","20053459"
"KN295361v1","816809","816909","chr4","6524732","6524835","17","5707923"
"KN295361v1","897946","898075","chr5","22920838","22920968","4","22022892"
"KN295361v1","899594","899856","chr6","4621158","4621423","44","3721564"
"KN295361v1","905817","905873","chr26","23754899","23754957","6","22849082"
"KN295361v1","908247","908531","chr10","64997154","64997457","48","64088907"
"KN295361v1","959385","959530","chr5","22857105","22857248","9","21897720"
"KN295361v1","1017159","1017289","chr3","88793946","88794079","31","87776787"
"KN295362v1","54124","54324","chrX_KE148108v1_random","4853292","4853495","23","4799168"
"KN295362v1","197856","197941","chr13","12238540","12238622","17","12040684"
"KN295362v1","531816","532034","chr28","7255640","7255866","45","6723824"
"KN295362v1","615327","615620","chr9","57225378","57225670","38","56610051"
"KN295362v1","760743","760873","chr8","52399327","52399457","5","51638584"
"KN295362v1","901733","901903","chr14","36731633","36731798","24","35829900"
"KN295362v1","905166","905432","chr23","57570021","57570286","37","56664855"
"KN295362v1","1045532","1045621","chr7","5676682","5676779","20","4631150"
"KN295362v1","1045885","1045902","chr26","7624087","7624100","8","6578202"
"KN295362v1","1081173","1081250","chr9","58939305","58939385","18","57858132"
"KN295362v1","1211084","1211447","chr8","51974388","51974680","85","50763304"
"KN295362v1","1257829","1258015","chr20","122226432","122226619","42","120968603"
"KN295362v1","1318578","1318631","chr3","36261455","36261506","6","34942877"
"KN295363v1","356442","356527","chr22","42383629","42383721","9","42027187"
"KN295363v1","468157","468472","chr5","73276958","73277265","43","72808801"
"KN295365v1","487099","487262","chr12","53066244","53066408","29","52579145"
"KN295365v1","521379","521456","chrX","45129236","45129312","14","44607857"
"KN295365v1","776582","776872","chr1","65106207","65106504","41","64329625"
"KN295365v1","892112","892277","chr7","68860116","68860290","13","67968004"
"KN295366v1","958","1231","chr12","100063729","100064018","40","100062771"
"KN295366v1","46884","47160","chr2","10270776","10271050","38","10223892"
"KN295366v1","48112","48390","chr2","36197770","36198042","31","36149658"
"KN295366v1","127601","127776","chr17","48522634","48522804","33","48395033"
"KN295366v1","128946","129076","chrX","46105310","46105451","17","45976364"
"KN295366v1","195174","195442","chr16","49595213","49595488","37","49400039"
"KN295366v1","231302","231465","chr18","58468561","58468729","30","58237259"
"KN295366v1","239487","239597","chr18","24018370","24018476","13","23778883"
"KN295366v1","239905","240083","chr14","18470427","18470606","34","18230522"
"KN295366v1","365415","365716","chrX","46338536","46338839","22","45973121"
"KN295366v1","428558","428660","chr22","92051817","92051916","17","91623259"
"KN295366v1","440873","441177","chr24","71230172","71230479","41","70789299"
"KN295366v1","470115","470202","chr10","55206214","55206302","20","54736099"
"KN295368v1","344970","345251","chr25","28869789","28870071","31","28524819"
"KN295368v1","1276068","1276355","chr16","11729161","11729450","35","10453093"
"KN295368v1","1308782","1309040","chr21","9976085","9976338","48","8667303"
"KN295368v1","1496128","1496278","chr23","29726560","29726709","26","28230432"
"KN295368v1","1844254","1844548","chr11","71599750","71600054","19","69755496"
"KN295368v1","1887820","1888121","chr11","71556681","71556982","12","69668861"
"KN295368v1","1914634","1914937","chr11","71529379","71529684","20","69614745"
"KN295368v1","1925914","1926046","chr11","71518247","71518379","8","69592333"
"KN295368v1","1926131","1926446","chr22","50974097","50974409","50","49047966"
"KN295368v1","2582088","2582249","chr14","70326149","70326316","27","67744061"
"KN295370v1","14553","14822","chrX","53784804","53785070","15","53770251"
"KN295370v1","159772","160060","chr4","65208628","65208919","42","65048856"
"KN295371v1","3080","3370","chr26","53914369","53914658","36","53911289"
"KN295371v1","5318","5396","chr25","29249045","29249123","8","29243727"
"KN295371v1","200988","201297","chr11","8684527","8684834","39","8483539"
"KN295371v1","259085","259353","chr25","29000429","29000721","33","28741344"
"KN295371v1","262178","262352","chr25","28997428","28997600","8","28735250"
"KN295371v1","263009","263285","chr10","126222520","126222801","43","125959511"
"KN295371v1","299853","299906","chr22","9646866","9646927","17","9347013"
"KN295371v1","386009","386297","chr25","28869789","28870071","21","28483780"
"KN295371v1","491911","492205","chr25","28765267","28765564","15","28273356"
"KN295371v1","624195","624496","chr25","28632871","28633170","12","28008676"
"KN295371v1","636311","636484","chr11","44985103","44985269","27","44348792"
"KN295371v1","652986","653266","chr25","28609059","28609338","52","27956073"
"KN295371v1","768122","768287","chr25","28493846","28494011","10","27725724"
"KN295371v1","1096595","1096894","chr11","7765482","7765778","37","6668887"
"KN295375v1","82519","82825","chr18","44613273","44613575","12","44530754"
"KN295375v1","207544","207692","chr14","13811771","13811920","27","13604227"
"KN295375v1","208003","208148","chrX","14215957","14216090","20","14007954"
"KN295375v1","242137","242444","chr18","44766093","44766399","13","44523956"
"KN295375v1","327236","327354","chr18","44851168","44851279","13","44523932"
"KN295375v1","434109","434236","chr20","125598558","125598683","23","125164449"
"KN295375v1","741916","742022","chr22","68066876","68066983","13","67324960"
"KN295375v1","749003","749313","chr18","45261145","45261445","29","44512142"
"KN295375v1","1015363","1015658","chr18","45502853","45503146","19","44487490"
"KN295382v1","59193","59347","chr7","125398032","125398180","21","125338839"
"KN295382v1","93436","93606","chr6","2935048","2935204","29","2841612"
"KN295382v1","94806","95098","chr17","40433236","40433531","18","40338430"
"KN295382v1","144701","144999","chr9","45780295","45780589","29","45635594"
"KN295382v1","150396","150675","chr12","100063729","100064018","47","99913333"
"KN295382v1","158481","158625","chrX_KE148108v1_random","1282629","1282776","29","1124148"
"KN295382v1","210367","210462","chr8","62310827","62310924","18","62100460"
"KN295384v1","7271","7414","chrX_KE148108v1_random","1282629","1282776","31","1275358"
"KN295384v1","75539","75849","chr25","6493806","6494110","14","6418267"
"KN295394v1","71279","71457","chr25","3319529","3319701","35","3248250"
"KN295394v1","772732","772867","chr1","97566675","97566810","6","96793943"
"KN295402v1","738162","738328","chr10","19929334","19929499","33","19191172"
"KN295404v1","54793","55077","chrX","77132620","77132906","23","77077827"
"KN295405v1","1619","1910","chr9","62439366","62439657","15","62437747"
"KN295405v1","89557","89815","chr9","62358279","62358537","17","62268722"
"KN295405v1","131112","131403","chr9","62317387","62317679","12","62186275"
"KN295405v1","136875","136987","chr8","7137713","7137833","18","7000838"
"KN295405v1","140935","141205","chr8","51728052","51728322","33","51587117"
"KN295405v1","149039","149161","chr7","75173451","75173572","20","75024412"
"KN295405v1","159255","159420","chr14","70326149","70326316","27","70166894"
"KN295405v1","237151","237456","chr9","62214401","62214702","23","61977250"
"KN295405v1","284777","284948","chr6","15718718","15718885","32","15433941"
"KN295405v1","354236","354383","chr9","62100964","62101111","4","61746728"
"KN295405v1","425107","425257","chr7","60547984","60548121","31","60122877"
"KN295405v1","465244","465403","chr9","61994703","61994868","18","61529459"
"KN295405v1","586817","587117","chr9","61876231","61876531","17","61289414"
"KN295405v1","838263","838509","chr1","7133233","7133479","39","6294970"
"KN295405v1","1334630","1334797","chr14","70326149","70326316","30","68991519"
"KN295405v1","1375163","1375467","chr11","6474804","6475104","39","5099641"
"KN295405v1","1558059","1558377","chr10","53736862","53737177","44","52178803"
"KN295405v1","1632626","1632738","chr9","60825849","60825952","11","59193223"
"KN295405v1","1678404","1678687","chr9","21358440","21358726","37","19680036"
"KN295405v1","1741432","1741707","chr9","60719710","60719987","10","58978278"
"KN295405v1","1910135","1910429","chr9","60555678","60555986","26","58645543"
"KN295405v1","1975070","1975207","chr9","60479901","60480044","13","58504831"
"KN295406v1","203297","203470","chr20","96338788","96338956","34","96135491"
"KN295406v1","259744","259827","chr1","74290246","74290329","2","74030502"
"KN295410v1","259485","259601","chr12","101078710","101078812","14","100819225"
"KN295410v1","523730","523882","chr12","100815167","100815319","7","100291437"
"KN295410v1","526142","526445","chr11","6474804","6475104","35","5948662"
"KN295410v1","605718","606021","chr1","25859144","25859449","43","25253426"
"KN295410v1","632008","632306","chr12","100732123","100732428","23","100100115"
"KN295410v1","653343","653476","chr20","87216209","87216343","9","86562866"
"KN295410v1","680171","680481","chr1","25859144","25859449","38","25178973"
"KN295414v1","28787","28968","chr8","48888653","48888832","40","48859866"
"KN295414v1","147210","147306","chrX","20534133","20534232","32","20386923"
"KN295414v1","207447","207561","chr17","62794759","62794875","18","62587312"
"KN295415v1","5182","5284","chr16","59573591","59573693","19","59568409"
"KN295420v1","88211","88501","chr26","51468293","51468589","17","51380082"
"KN295420v1","347110","347411","chr26","51706150","51706443","14","51359040"
"KN295420v1","407746","408042","chr26","51763639","51763935","11","51355893"
"KN295424v1","331509","331595","chr14","91991733","91991816","19","91660224"
"KN295424v1","556783","556893","chr5","65450314","65450424","16","64893531"
"KN295424v1","649488","649614","chr4","34586608","34586734","7","33937120"
"KN295424v1","721527","721812","chr23","46217061","46217349","40","45495534"
"KN295428v1","21001","21186","chr14","18470427","18470606","34","18449426"
"KN295428v1","120945","121016","chr4","72870249","72870322","8","72749304"
"KN295430v1","764836","765135","chr12","81905341","81905640","17","81140505"
"KN295430v1","788847","789156","chr12","81881458","81881766","19","81092611"
"KN295430v1","1032638","1032941","chr12","81649393","81649701","22","80616755"
"KN295430v1","1137320","1137391","chr12","81546618","81546689","3","80409298"
"KN295430v1","1138534","1138842","chr12","81545162","81545470","12","80406628"
"KN295430v1","1295265","1295435","chr14","70326149","70326316","27","69030884"
"KN295430v1","1535335","1535621","chr25","55788139","55788427","41","54252804"
"KN295430v1","2042772","2042970","chr12","46467064","46467252","42","44424292"
"KN295430v1","2248682","2248953","chr12","80431944","80432215","12","78183262"
"KN295430v1","2248984","2249009","chr12","55347766","55347787","7","53098782"
"KN295430v1","2353558","2353823","chr4","31545807","31546067","49","29192249"
"KN295430v1","2482788","2483084","chr24","69808297","69808594","37","67325509"
"KN295430v1","2491538","2491702","chr15","49830666","49830839","28","47339128"
"KN295430v1","2539258","2539345","chr12","80153237","80153324","3","77613979"
"KN295430v1","2620298","2620387","chr12","80073075","80073164","4","77452777"
"KN295430v1","2681825","2682122","chr8","20006505","20006805","12","17324680"
"KN295430v1","2970433","2970712","chr3","7279087","7279370","41","4308654"
"KN295433v1","94627","94924","chr1","65106207","65106504","34","65011580"
"KN295433v1","208038","208209","chr10","117385991","117386167","33","117177953"
"KN295433v1","277040","277218","chr19","25599493","25599672","31","25322453"
"KN295433v1","565441","565616","chr14","36731633","36731798","31","36166192"
"KN295433v1","566066","566357","chr27","25166175","25166472","19","24600109"
"KN295433v1","764378","764682","chr27","25355433","25355737","13","24591055"
"KN295433v1","1275802","1276109","chr20","100772930","100773237","33","99497128"
"KN295433v1","1281481","1281603","chr23","45510216","45510334","26","44228735"
"KN295439v1","52151","52465","chr7","100271249","100271559","47","100219098"
"KN295439v1","61390","61492","chr4","33400128","33400238","18","33338738"
"KN295439v1","63326","63441","chr19","1059984","1060103","19","996658"
"KN295439v1","63549","63756","chr12","34753725","34753929","42","34690176"
"KN295439v1","76657","76959","chr20","124097842","124098151","39","124021185"
"KN295439v1","86627","86798","chrX","63534112","63534291","12","63447485"
"KN295439v1","135712","136017","chrX","80711023","80711325","44","80575311"
"KN295441v1","66815","66983","chr17","48522634","48522804","22","48455819"
"KN295441v1","355477","355622","chrX","53619966","53620134","44","53264489"
"KN295441v1","446739","446892","chr19","1256170","1256325","23","809431"
"KN295441v1","623091","623247","chr24","27002182","27002346","37","26379091"
"KN295441v1","642722","642844","chr14","13811616","13811739","13","13168894"
"KN295441v1","708071","708328","chr3","230855","231116","39","477216"
"KN295441v1","722223","722527","chr20","86518601","86518901","32","85796378"
"KN295441v1","730320","730626","chr20","86526757","86527056","16","85796437"
"KN295441v1","752382","752676","chr20","86549307","86549609","18","85796925"
"KN295441v1","1018696","1018849","chr1","10597738","10597895","34","9579042"
"KN295441v1","1054176","1054485","chr20","86841952","86842262","11","85787776"
"KN295441v1","1213014","1213310","chr20","86993871","86994167","18","85780857"
"KN295441v1","1260391","1260542","chr20","87037036","87037188","24","85776645"
"KN295441v1","1263130","1263413","chrX","22293419","22293712","51","21030289"
"KN295441v1","1319428","1319719","chr20","87091862","87092156","11","85772434"
"KN295441v1","1389982","1390065","chr14","91991733","91991816","12","90601751"
"KN295441v1","1474813","1475112","chr20","87249717","87250017","22","85774904"
"KN295441v1","1513920","1514005","chr10","14776737","14776818","15","13262817"
"KN295441v1","1524435","1524558","chr6","27911489","27911611","15","26387054"
"KN295441v1","1614695","1614963","chr16","49595213","49595488","32","47980518"
"KN295441v1","1811961","1812259","chr6","28849643","28849938","46","27037682"
"KN295441v1","1825241","1825532","chr2","36542903","36543193","35","34717662"
"KN295443v1","8244","8550","chrX","57004982","57005284","15","56996738"
"KN295446v1","34","139","chr13","22825178","22825284","16","22825144"
"KN295446v1","51165","51274","chr2","80926408","80926512","18","80875243"
"KN295448v1","418305","418479","chr6","10071778","10071949","29","9653473"
"KN295448v1","422292","422586","chr8","104045713","104046012","13","103623421"
"KN295448v1","586028","586312","chr6","41686394","41686678","41","41100366"
"KN295449v1","776599","776742","chr8","117977949","117978081","26","117201350"
"KN295449v1","971708","971789","chr7","78018335","78018418","15","77046627"
"KN295449v1","1273916","1274033","chr23","45510216","45510334","16","44236300"
"KN295450v1","50805","51107","chr4","42066457","42066765","23","42015652"
"KN295453v1","38717","38741","chr9","32905284","32905310","7","32866567"
"KN295453v1","39196","39342","chr6","6260386","6260528","29","6221190"
"KN295453v1","47465","47709","chr26","24535323","24535571","36","24487858"
"KN295453v1","80823","80975","chr6","21460189","21460346","17","21379366"
"KN295453v1","173064","173360","chr11","31785497","31785793","50","31612433"
"KN295458v1","1","209","chr1","1416088","1416298","38","1416087"
"KN295459v1","231252","231403","chrX","36908669","36908820","5","36677417"
"KN295459v1","455827","456131","chr11","29037777","29038080","37","28581950"
"KN295459v1","645069","645190","chr20","100610324","100610446","20","99965255"
"KN295459v1","665931","666043","chr22","82154944","82155057","20","81489013"
"KN295459v1","1340306","1340604","chr13","65587063","65587353","35","64246757"
"KN295459v1","1341338","1341431","chr13","67554341","67554435","16","66213003"
"KN295459v1","1371093","1371392","chrX","38034402","38034701","16","36663309"
"KN295459v1","1501901","1501984","chr25","75492680","75492762","18","73990779"
"KN295459v1","1518317","1518463","chr20","71110293","71110440","25","69591976"
"KN295459v1","1592785","1593087","chrX","38249154","38249454","13","36656369"
"KN295459v1","1620096","1620389","chrX","38276336","38276629","16","36656240"
"KN295459v1","1661851","1662011","chr15","20844791","20844949","26","19182940"
"KN295471v1","400296","400440","chr11","84134441","84134581","14","83734145"
"KN295471v1","492555","492663","chr9","17225425","17225528","23","16732870"
"KN295471v1","765778","766079","chr6","33770311","33770609","39","33004533"
"KN295474v1","103323","103584","chr14","97806022","97806272","39","97702699"
"KN295474v1","501821","502122","chr9","107859364","107859664","9","107357543"
"KN295474v1","802872","802994","chr9","107561739","107561863","10","106758867"
"KN295474v1","851548","851856","chr6","50473108","50473409","47","49621560"
"KN295474v1","1047514","1047656","chr1","111717580","111717725","21","110670066"
"KN295474v1","1190271","1190553","chr25","69512081","69512362","37","68321810"
"KN295474v1","1239047","1239347","chr6","29541281","29541569","38","28302234"
"KN295474v1","1325079","1325242","chr11","44985103","44985269","27","43660024"
"KN295474v1","1342993","1343170","chr5","737199","737370","34","605794"
"KN295474v1","1371787","1372083","chr9","107010490","107010793","21","105638703"
"KN295474v1","1406455","1406768","chr9","91572495","91572809","44","90166040"
"KN295474v1","1675443","1675608","chr2","84460702","84460880","41","82785259"
"KN295474v1","1719399","1719696","chr10","93453351","93453648","38","91733952"
"KN295477v1","30716","30978","chr14","97806022","97806272","46","97775306"
"KN295480v1","704987","705063","chrX","33949315","33949389","10","33244328"
"KN295480v1","705966","706145","chr13","76883005","76883173","30","76177039"
"KN295480v1","1013758","1013864","chr2","14786600","14786700","18","13772842"
"KN295480v1","1204347","1204594","chr9","53720456","53720699","34","52516109"
"KN295480v1","1316725","1316787","chr9","53610303","53610361","9","52293578"
"KN295480v1","1394993","1395183","chr10","117385991","117386167","45","115990998"
"KN295480v1","1406085","1406381","chr8","94255223","94255517","39","92849138"
"KN295480v1","1425206","1425344","chr9","53506449","53506581","17","52081243"
"KN295480v1","1453702","1454004","chr9","53479192","53479502","27","52025490"
"KN295480v1","1474909","1475199","chr9","53459019","53459311","18","51984110"
"KN295480v1","1513268","1513560","chr9","53421510","53421802","10","51908242"
"KN295480v1","1585262","1585570","chr16","74605652","74605958","38","73020390"
"KN295480v1","1909027","1909314","chr9","53028743","53029030","22","51119716"
"KN295480v1","2261538","2261851","chrUn_KE147541v1","229930","230239","42","2031608"
"KN295480v1","2910930","2911112","chr2","84460702","84460880","34","81549772"
"KN295480v1","3145345","3145646","chr9","51797060","51797353","29","48651715"
"KN295480v1","3152433","3152738","chr9","51790061","51790370","25","48637628"
"KN295480v1","3162093","3162177","chr22","70814500","70814588","16","67652407"
"KN295480v1","3185511","3185790","chr15","55218539","55218819","44","52033028"
"KN295480v1","3191787","3191917","chr9","51751987","51752117","6","48560200"
"KN295480v1","3238208","3238399","chr10","117385991","117386167","42","114147783"
"KN295484v1","64029","64129","chr14","18211242","18211338","14","18147213"
"KN295484v1","104645","104952","chr14","32743432","32743734","39","32638787"
"KN295484v1","250923","251232","chr1","25859144","25859449","43","25608221"
"KN295484v1","412869","413154","chr16","35322471","35322763","41","34909602"
"KN295484v1","665236","665357","chr22","15388937","15389062","7","14723701"
"KN295484v1","678149","678284","chr22","15376024","15376167","9","14697875"
"KN295486v1","115644","115734","chr21","2281264","2281356","19","2165620"
"KN295486v1","275712","276036","chr15","90985625","90985922","54","90709913"
"KN295486v1","795403","795734","chr20","24289776","24290102","57","23494373"
"KN295487v1","164218","164376","chr12","45582153","45582296","25","45417935"
"KN295487v1","169159","169461","chr16","5044041","5044341","24","4874882"
"KN295489v1","220410","220573","chr6","4157525","4157687","33","3937115"
"KN295489v1","220608","220733","chr13","38694071","38694188","24","38473463"
"KN295489v1","657918","658165","chr1","7133233","7133479","57","6475315"
"KN295489v1","1125467","1125686","chr16","11738189","11738404","36","10612722"
"KN295489v1","1197902","1198151","chr14","97806022","97806272","40","96608120"
"KN295489v1","1300558","1300872","chr8","40504645","40504949","50","39204087"
"KN295489v1","1362037","1362350","chr7","79791807","79792107","24","78429770"
"KN295490v1","214841","215003","chr25","15904393","15904561","30","15689552"
"KN295490v1","263128","263153","chr22","41886813","41886838","5","41623685"
"KN295490v1","263184","263311","chr11","106587000","106587123","25","106323816"
"KN295497v1","375819","376117","chr25","79049240","79049540","39","78673421"
"KN295497v1","472125","472417","chr13","34764102","34764393","53","34291977"
"KN295497v1","495925","496152","chr15","52366696","52366913","23","51870771"
"KN295497v1","526768","526894","chr5","13885924","13886053","31","13359156"
"KN295497v1","689258","689562","chr15","52179588","52179867","38","51490330"
"KN295497v1","882947","883062","chr15","52004606","52004717","13","51121659"
"KN295497v1","897106","897269","chr20","96338788","96338956","25","95441682"
"KN295497v1","897464","897481","chr13","32246995","32247011","3","31349531"
"KN295498v1","10318","10619","chr20","11401060","11401367","21","11390742"
"KN295500v1","145359","145508","chrUn_AQIB01158665v1","921","1083","36","144438"
"KN295501v1","4690","4771","chrX","54243878","54243956","15","54239188"
"KN295501v1","98468","98591","chr4","71053793","71053912","26","70955325"
"KN295501v1","299809","300100","chr7","50529419","50529721","26","50229610"
"KN295501v1","313017","313310","chr19","22688395","22688686","33","22375378"
"KN295501v1","622027","622329","chr12","10352392","10352691","36","9730365"
"KN295501v1","711989","712159","chr20","96338788","96338956","27","95626799"
"KN295501v1","736484","736770","chr7","50964272","50964575","27","50227788"
"KN295501v1","740196","740491","chr7","50967174","50967471","14","50226978"
"KN295501v1","777039","777184","chrX","108711335","108711486","31","107934296"
"KN295501v1","788487","788634","chr7","51015680","51015827","7","50227193"
"KN295501v1","1014974","1015277","chr7","51230901","51231203","13","50215927"
"KN295506v1","90456","90736","chr19","14110248","14110535","43","14019792"
"KN295507v1","370","459","chr25","48878806","48878903","21","48878436"
"KN295508v1","157221","157333","chr5","73931361","73931476","23","73774140"
"KN295508v1","157650","157930","chr1","61543148","61543440","23","61385498"
"KN295508v1","165799","166094","chr5","3174914","3175205","36","3009115"
"KN295519v1","1","111","chr13","40799129","40799224","33","40799128"
"KN295523v1","6663","6980","chr2","9255627","9255970","39","9248964"
"KN295523v1","611894","612163","chr2","9826203","9826494","33","9214309"
"KN295523v1","752733","753003","chr2","9962719","9962989","15","9209986"
"KN295523v1","822741","822892","chrX","11232302","11232463","41","10409561"
"KN295523v1","916883","917079","chr18","27344651","27344838","35","26427768"
"KN295523v1","975417","975560","chr15","11932951","11933088","23","10957534"
"KN295523v1","976599","976783","chrX","92168581","92168768","33","91191982"
"KN295523v1","991904","992201","chr14","75415431","75415732","29","74423527"
"KN295523v1","997981","998092","chr2","10202680","10202793","5","9204699"
"KN295523v1","1070487","1070761","chr2","10270776","10271050","14","9200289"
"KN295523v1","1102587","1102874","chr2","10299549","10299832","30","9196962"
"KN295523v1","1108765","1108885","chr2","10305614","10305728","10","9196849"
"KN295523v1","1119792","1119953","chr21","107819096","107819263","27","106699304"
"KN295523v1","1128317","1128623","chr19","26992368","26992672","33","25864051"
"KN295523v1","1144746","1145029","chr2","10332816","10333102","23","9188070"
"KN295523v1","1198678","1198988","chr23","19210897","19211203","36","18012219"
"KN295523v1","1216427","1216719","chr2","10400432","10400739","33","9184005"
"KN295523v1","1297157","1297430","chr2","10270776","10271050","33","8973619"
"KN295523v1","1310421","1310555","chr2","30114395","30114528","14","28803974"
"KN295523v1","1327176","1327303","chr2","77590287","77590420","30","76263111"
"KN295523v1","1332708","1332896","chr19","7192289","7192466","38","5859581"
"KN295523v1","1797156","1797235","chr7","81660343","81660420","15","79863187"
"KN295523v1","1798759","1798884","chr18","34198468","34198590","15","32399709"
"KN295523v1","2068791","2069082","chr14","107219218","107219506","35","105150427"
"KN295523v1","2261085","2261384","chr6","50473108","50473409","32","48212023"
"KN295523v1","2640831","2640946","chr2","11784440","11784561","9","9143609"
"KN295523v1","2662441","2662748","chr2","11808031","11808338","10","9145590"
"KN295523v1","2679760","2680066","chr2","11822316","11822623","19","9142556"
"KN295523v1","2714727","2714831","chr2","11857653","11857753","8","9142926"
"KN295523v1","2780550","2780690","chr11","50498097","50498237","15","47717547"
"KN295523v1","2789329","2789422","chr6","45988842","45988936","19","43199513"
"KN295523v1","2932944","2933250","chr11","8684527","8684834","32","5751583"
"KN295523v1","2962695","2962992","chr2","12100585","12100879","20","9137890"
"KN295523v1","2965686","2965798","chr5","36135293","36135405","18","33169607"
"KN295523v1","2966784","2967087","chr12","81881458","81881766","36","78914674"
"KN295523v1","2975431","2975727","chr11","119408808","119409103","40","116433377"
"KN295523v1","3040365","3040672","chr27","45654637","45654936","48","42614272"
"KN295523v1","3121453","3121746","chr25","59237084","59237377","34","56115631"
"KN295523v1","3207619","3207867","chr20","85653984","85654228","34","82446365"
"KN295523v1","3513541","3513675","chr2","12622851","12622985","2","9109310"
"KN295523v1","3672248","3672538","chr1","65106207","65106504","34","61433959"
"KN295523v1","3769788","3770108","chr2","12878327","12878663","33","9108539"
"KN295523v1","3900050","3900112","chr22","54416022","54416079","15","50515972"
"KN295523v1","4057014","4057117","chr1","55379193","55379297","11","51322179"
"KN295523v1","4057279","4057293","chr1","32678869","32678883","3","28621590"
"KN295523v1","4092723","4092898","chr6","50266105","50266277","31","46173382"
"KN295523v1","4209862","4210119","chr2","13316337","13316591","14","9106475"
"KN295523v1","4215475","4215604","chr2","13321909","13322036","7","9106434"
"KN295525v1","351800","352088","chrX","18022104","18022400","41","17670304"
"KN295525v1","462899","463208","chr15","43930912","43931220","26","43468013"
"KN295525v1","568547","568683","chr15","44017610","44017746","2","43449063"
"KN295525v1","727557","727849","chr5","22901496","22901790","40","22173939"
"KN295525v1","1043024","1043225","chr22","11734912","11735107","29","10691888"
"KN295525v1","1085970","1086267","chr15","44547695","44547983","32","43461725"
"KN295525v1","1101591","1101801","chr6","19621428","19621629","49","18519837"
"KN295526v1","8086","8376","chr12","60617759","60618054","54","60609673"
"KN295526v1","116897","117070","chr14","70326149","70326316","27","70209252"
"KN295526v1","147252","147401","chr18","29645900","29646050","24","29498648"
"KN295526v1","422124","422231","chr23","60124272","60124379","5","59702148"
"KN295526v1","433247","433380","chr23","60113447","60113580","6","59680200"
"KN295526v1","495730","495821","chr17","48787078","48787167","13","48291348"
"KN295526v1","539345","539555","chr1","1416088","1416298","41","876743"
"KN295526v1","828581","828676","chr11","18243501","18243594","15","17414920"
"KN295526v1","891176","891299","chr23","59657031","59657154","6","58765855"
"KN295526v1","908177","908469","chr26","53914369","53914658","35","53006192"
"KN295526v1","1035480","1035578","chr2","85445888","85445973","20","84410408"
"KN295526v1","1061461","1061540","chr23","59490737","59490814","3","58429276"
"KN295526v1","1094555","1094732","chr11","44985103","44985269","32","43890548"
"KN295531v1","97503","97597","chr22","26534995","26535083","15","26437492"
"KN295531v1","188135","188430","chr17","60238337","60238633","27","60050202"
"KN295533v1","65224","65412","chr15","9748464","9748648","31","9683240"
"KN295533v1","132888","133032","chr10","569386","569524","8","436498"
"KN295533v1","174553","174837","chr6","13703695","13703977","38","13529142"
"KN295533v1","175313","175597","chr6","13703695","13703977","38","13528382"
"KN295533v1","186253","186366","chrX","3243434","3243542","17","3057181"
"KN295533v1","551800","551928","chr10","982127","982250","15","430327"
"KN295533v1","1566165","1566336","chr10","122138385","122138550","24","120572220"
"KN295533v1","1584592","1584852","chr10","2014046","2014328","42","429454"
"KN295533v1","1647353","1647441","chr2","85445888","85445973","8","83798535"
"KN295533v1","1680532","1680693","chr10","122138385","122138550","33","120457853"
"KN295533v1","1718074","1718204","chr14","70353011","70353137","25","68634937"
"KN295533v1","1724111","1724283","chr13","38693871","38694044","35","36969760"
"KN295533v1","1759585","1759755","chr21","107819096","107819263","22","106059511"
"KN295533v1","1949312","1949486","chr13","62948328","62948496","34","60999016"
"KN295533v1","2241319","2241617","chr1","65106207","65106504","34","62864888"
"KN295533v1","2545917","2546218","chr3","25833754","25834060","40","23287837"
"KN295533v1","2928139","2928285","chr10","3330715","3330854","18","402576"
"KN295534v1","34771","34893","chr1","10752907","10753031","21","10718136"
"KN295538v1","191519","191581","chr12","7728934","7728992","9","7537415"
"KN295540v1","61546","61832","chrX","22293419","22293712","49","22231873"
"KN295543v1","155805","155945","chr14","59427074","59427214","28","59271269"
"KN295543v1","157359","157498","chr26","52257962","52258101","20","52100603"
"KN295544v1","15570","15651","chr2","85445888","85445973","6","85430318"
"KN295544v1","245969","246262","chr11","119408808","119409103","34","119162839"
"KN295544v1","273959","274259","chr11","51804257","51804550","29","51530298"
"KN295546v1","20230","20542","chr24","49624710","49625008","33","49604480"
"KN295548v1","341384","341754","chr1","10656191","10656571","81","10314807"
"KN295548v1","345982","346142","chr8","114759064","114759219","31","114413082"
"KN295548v1","647311","647628","chr8","17405561","17405877","18","16758250"
"KN295548v1","727028","727196","chr14","36731633","36731798","29","36004605"
"KN295548v1","1095601","1095741","chr8","16961310","16961449","2","15865709"
"KN295548v1","1244330","1244608","chr9","48010035","48010319","50","46765705"
"KN295548v1","1331832","1332085","chr6","1615559","1615816","34","283727"
"KN295550v1","430477","430723","chr5","1565684","1565937","47","1135207"
"KN295550v1","499041","499115","chr1","30942965","30943042","11","30443924"
"KN295550v1","499234","499244","chr18","34770835","34770845","2","34271601"
"KN295550v1","594293","594596","chr22","45254046","45254348","40","44659753"
"KN295550v1","686460","686770","chrX","43812074","43812380","41","43125614"
"KN295550v1","934414","934587","chr2","81247077","81247245","36","80312663"
"KN295550v1","992861","993169","chr11","8684527","8684834","33","7691666"
"KN295550v1","1029301","1029583","chr20","11857992","11858270","34","10828691"
"KN295553v1","63183","63507","chr6","40534284","40534594","64","40471101"
"KN295564v1","85374","85473","chr1","5794934","5795031","21","5709560"
"KN295564v1","207405","207710","chr8","69000155","69000461","13","68792750"
"KN295564v1","241046","241211","chr21","67869598","67869767","25","67628552"
"KN295564v1","404554","404854","chr7","85908526","85908824","28","85503972"
"KN295564v1","641956","642267","chr8","68576868","68577182","22","67934912"
"KN295564v1","1104341","1104641","chr24","79862117","79862416","36","78757776"
"KN295566v1","123523","123604","chr9","58939305","58939385","9","58815782"
"KN295566v1","256418","256528","chr6","4502159","4502271","16","4245741"
"KN295566v1","275610","275920","chrX","16900020","16900328","12","16624410"
"KN295567v1","329403","329699","chr21","103799077","103799372","39","103469674"
"KN295570v1","523998","524152","chr6","23937110","23937257","32","23413112"
"KN295570v1","577586","577692","chr9","73847325","73847433","9","73269739"
"KN295570v1","1239419","1239727","chr12","17538996","17539305","36","16299577"
"KN295570v1","1316960","1317106","chr22","14155566","14155708","22","12838606"
"KN295571v1","285952","286256","chr20","14915148","14915430","66","14629196"
"KN295571v1","467033","467300","chr4","62461901","62462159","44","61994868"
"KN295571v1","467864","467957","chr21","7654402","7654495","9","7186538"
"KN295571v1","472933","473096","chr6","4157525","4157687","25","3684592"
"KN295571v1","489708","490013","chr19","26992368","26992672","40","26502660"
"KN295571v1","533929","534153","chr11","7931903","7932138","40","7397974"
"KN295571v1","560617","560926","chr15","7519764","7520066","23","6959147"
"KN295571v1","601386","601524","chrX","1165807","1165940","18","564421"
"KN295571v1","619438","619523","chr2","85445888","85445973","14","84826450"
"KN295571v1","1073541","1073834","chr2","78648513","78648808","35","77574972"
"KN295571v1","1143508","1143644","chr26","27480094","27480229","22","26336586"
"KN295572v1","47721","47883","chr16","59100684","59100846","8","59052963"
"KN295572v1","253358","253523","chr11","64990360","64990552","42","64737002"
"KN295572v1","346585","346719","chr18","22141282","22141416","14","21794697"
"KN295572v1","351363","351658","chrX","96445083","96445375","38","96093720"
"KN295572v1","389666","389804","chr4","13932993","13933126","21","13543327"
"KN295572v1","432805","433056","chr16","59455700","59455966","33","59022895"
"KN295572v1","442740","442865","chr14","21144204","21144327","19","20701464"
"KN295572v1","485217","485514","chr16","59507629","59507916","26","59022412"
"KN295573v1","393214","393357","chr3","23052634","23052774","20","22659420"
"KN295573v1","106352","106650","chr17","45282951","45283252","47","45176599"
"KN295573v1","155636","155728","chr23","61996892","61996979","12","61841256"
"KN295573v1","158792","158918","chr11","565926","566056","9","407134"
"KN295573v1","291643","291778","chr9","53506449","53506581","20","53214806"
"KN295573v1","295328","295483","chr11","25827870","25828027","29","25532542"
"KN295573v1","329525","329816","chr16","7832484","7832778","37","7502959"
"KN295573v1","358864","359143","chr11","768159","768438","10","409295"
"KN295573v1","363180","363459","chr11","772508","772787","20","409328"
"KN295573v1","460894","461064","chr21","107819096","107819263","21","107358202"
"KN295573v1","574518","574677","chr11","972639","972803","8","398121"
"KN295573v1","579841","580131","chr4","87595419","87595719","51","87015578"
"KN295573v1","581168","581462","chr11","10039301","10039596","34","9458133"
"KN295573v1","597088","597385","chr23","26655146","26655450","45","26058058"
"KN295573v1","654854","655146","chr11","1060118","1060421","30","405264"
"KN295573v1","680379","680684","chr23","26655146","26655450","30","25974767"
"KN295573v1","869242","869550","chr11","1268466","1268763","30","399224"
"KN295573v1","964073","964154","chr9","82561941","82562022","13","81597868"
"KN295573v1","964152","964245","chr20","13447248","13447342","17","12483096"
"KN295573v1","970099","970387","chr28","9831325","9831615","35","8861226"
"KN295573v1","1002671","1002816","chr14","59427074","59427214","29","58424403"
"KN295573v1","1045248","1045419","chr10","19929334","19929499","35","18884086"
"KN295573v1","1122561","1122656","chr11","8017951","8018054","19","6895390"
"KN295573v1","1252921","1253211","chr11","10039301","10039596","25","8786380"
"KN295573v1","1308075","1308383","chr11","8684527","8684834","38","7376452"
"KN295573v1","1314904","1315205","chr21","13859037","13859338","41","12544133"
"KN295573v1","1805061","1805368","chrUn_KE147541v1","229930","230239","41","1575131"
"KN295575v1","11038","11319","chr7","9572480","9572762","15","9561442"
"KN295576v1","62345","62641","chr11","84650723","84651027","25","84588378"
"KN295576v1","250533","250838","chr5","19058107","19058407","48","18807574"
"KN295576v1","721597","721895","chr11","85311786","85312084","20","84590189"
"KN295577v1","187696","188000","chrX","69760685","69760981","26","69572989"
"KN295577v1","205946","206255","chr1","64971331","64971633","39","64765385"
"KN295580v1","21294","21464","chr25","3319529","3319701","29","3298235"
"KN295580v1","28365","28653","chr26","53914369","53914658","33","53886004"
"KN295580v1","31403","31501","chr6","48305151","48305242","23","48273748"
"KN295580v1","47134","47227","chr13","67554341","67554435","15","67507207"
"KN295582v1","13231","13375","chr11","52509044","52509189","21","52495813"
"KN295582v1","282793","283028","chr6","48621903","48622145","61","48339110"
"KN295582v1","310590","310697","chr1","33728410","33728517","11","33417820"
"KN295582v1","794218","794314","chr1","75518579","75518676","7","74724361"
"KN295586v1","35430","35605","chrX","63534112","63534291","31","63498682"
"KN295586v1","96328","96431","chr26","17708796","17708899","3","17612468"
"KN295586v1","212898","213093","chr21","45329482","45329674","37","45116584"
"KN295586v1","373849","374162","chr26","17432632","17432929","24","17058783"
"KN295586v1","403326","403409","chr20","81072789","81072868","21","80669463"
"KN295586v1","543243","543407","chr10","122138385","122138550","27","121595142"
"KN295586v1","577617","577919","chr1","32867052","32867348","42","32289435"
"KN295586v1","631557","631845","chr5","44217088","44217375","38","43585531"
"KN295586v1","633011","633159","chr22","94057807","94057950","25","93424796"
"KN295586v1","677731","678020","chr26","17135237","17135535","22","16457506"
"KN295586v1","683321","683486","chr25","27497903","27498067","29","26814582"
"KN295586v1","733087","733389","chr26","17081127","17081434","20","16348040"
"KN295586v1","743728","743848","chrX","60237365","60237485","23","59493637"
"KN295586v1","890941","891240","chr26","17432632","17432929","33","16541691"
"KN295586v1","932671","932967","chr4","50447744","50448039","49","49515073"
"KN295586v1","1267256","1267538","chr22","48153550","48153834","37","46886294"
"KN295586v1","1279263","1279379","chr20","103694235","103694348","15","102414972"
"KN295586v1","1306785","1307058","chr2","10270776","10271050","39","8963991"
"KN295586v1","1333130","1333423","chr26","16482437","16482730","11","15149307"
"KN295586v1","1361627","1361918","chr26","16456686","16456975","20","15095059"
"KN295586v1","1362016","1362312","chr26","16456686","16456975","25","15094670"
"KN295586v1","1382245","1382436","chr20","87023843","87024048","42","85641598"
"KN295586v1","1645183","1645483","chr13","78191522","78191821","39","76546339"
"KN295586v1","1893855","1894142","chr26","15934042","15934335","15","14040187"
"KN295586v1","1930353","1930652","chr10","91632067","91632372","39","89701714"
"KN295586v1","1954594","1954894","chr26","15875433","15875735","12","13920839"
"KN295586v1","2222119","2222318","chr6","14861387","14861589","44","12639268"
"KN295586v1","2510943","2511254","chr26","15338071","15338380","12","12827128"
"KN295586v1","2524694","2524797","chr6","46691376","46691476","23","44166682"
"KN295586v1","2544822","2545104","chr26","15304065","15304347","13","12759243"
"KN295586v1","2750707","2750823","chr16","60592319","60592428","22","57841612"
"KN295586v1","2961943","2962211","chr26","14899574","14899868","31","11937631"
"KN295586v1","3010440","3010626","chr10","117385991","117386167","40","114375551"
"KN295586v1","3030985","3031150","chr14","36731633","36731798","22","33700648"
"KN295586v1","3145559","3145656","chr12","70774063","70774157","11","67628504"
"KN295586v1","3156811","3156991","chr14","18470427","18470606","34","15313616"
"KN295586v1","3726736","3726832","chr13","67554341","67554435","13","63827605"
"KN295586v1","3941343","3941584","chr26","13936987","13937248","30","9995644"
"KN295586v1","3977225","3977336","chr26","13901448","13901559","6","9924223"
"KN295586v1","4061222","4061509","chr6","48685739","48686024","32","44624517"
"KN295586v1","4073211","4073375","chr9","13379894","13380048","25","9306683"
"KN295586v1","4074383","4074687","chr26","13802758","13803079","25","9728375"
"KN295586v1","4226590","4226900","chr29","8870811","8871109","52","4644221"
"KN295586v1","4470820","4471104","chr26","13410634","13410894","30","8939814"
"KN295586v1","5252286","5252580","chr26","12638347","12638644","14","7386061"
"KN295586v1","5317034","5317333","chr26","12573822","12574120","17","7256788"
"KN295586v1","5750920","5751065","chr26","12147280","12147423","10","6396360"
"KN295586v1","5778887","5779050","chr1","117375330","117375494","31","111596443"
"KN295590v1","30480","30649","chr23","80649248","80649415","24","80618768"
"KN295590v1","167364","167481","chr6","20131696","20131827","15","19964332"
"KN295590v1","207864","208224","chr1","92184112","92184473","103","91976248"
"KN295591v1","258004","258259","chr20","43953884","43954161","39","43695880"
"KN295591v1","380028","380322","chr20","43835707","43836014","31","43455679"
"KN295591v1","730763","731070","chr15","6426018","6426320","42","5695255"
"KN295591v1","911369","911547","chr12","106787325","106787503","36","105875956"
"KN295591v1","1579879","1580040","chrX","11232302","11232463","26","9652423"
"KN295592v1","22962","23109","chr6","40506259","40506380","37","40483297"
"KN295592v1","67010","67288","chr11","51806387","51806665","31","51739377"
"KN295592v1","541376","541460","chrX","143564","143650","13","397812"
"KN295592v1","830850","830995","chr17","38481635","38481781","31","37650785"
"KN295592v1","874741","874889","chr24","2254853","2254997","8","1380112"
"KN295592v1","1276547","1276841","chr24","1890896","1891187","21","614349"
"KN295592v1","1907224","1907533","chr11","8684527","8684834","30","6777303"
"KN295594v1","172423","172553","chrX","80886083","80886215","20","80713660"
"KN295596v1","260176","260213","chr28","6405531","6405565","8","6145355"
"KN295596v1","260507","260669","chrUn_KE147541v1","70880","71041","29","189627"
"KN295596v1","267272","267477","chr20","87023843","87024048","39","86756571"
"KN295596v1","273247","273550","chr18","44613273","44613575","32","44340026"
"KN295596v1","629371","629497","chr3","28738438","28738554","14","28109067"
"KN295596v1","673601","673720","chr5","73931361","73931476","20","73257760"
"KN295596v1","947941","948276","chr3","28435577","28435907","27","27487636"
"KN295596v1","1409627","1409672","chr6","2372891","2372937","9","963264"
"KN295596v1","1431186","1431465","chr3","27967434","27967716","15","26536248"
"KN295596v1","1443442","1443730","chr7","59661924","59662212","45","58218482"
"KN295596v1","1447399","1447658","chr3","27951814","27952070","11","26504415"
"KN295596v1","1480748","1480965","chr22","19763747","19763965","29","18282999"
"KN295596v1","1485262","1485557","chr3","27915398","27915697","15","26430136"
"KN295596v1","1500225","1500319","chr9","81303230","81303324","11","79803005"
"KN295596v1","1574632","1574930","chr25","28632871","28633170","30","27058239"
"KN295596v1","1672612","1672743","chr3","27727763","27727883","13","26055151"
"KN295596v1","1796188","1796444","chr7","31560549","31560795","42","29764361"
"KN295596v1","1990316","1990618","chr16","51631281","51631589","49","49640965"
"KN295596v1","2102569","2102745","chr11","32974627","32974802","33","30872058"
"KN295596v1","2310126","2310417","chr21","103799077","103799372","34","101488951"
"KN295596v1","2423089","2423263","chr16","11746102","11746270","28","9323013"
"KN295596v1","2429322","2429458","chr6","41536843","41536980","16","39107521"
"KN295596v1","2641456","2641617","chr14","13811771","13811920","32","11170315"
"KN295596v1","2641913","2642043","chrX","14215957","14216090","22","11574044"
"KN295596v1","2931049","2931206","chr9","96731301","96731449","38","93800252"
"KN295596v1","3032071","3032204","chr1","117374889","117375021","12","114342818"
"KN295596v1","3032512","3032667","chr6","2935048","2935204","25","97464"
"KN295596v1","3089464","3089559","chr3","26344900","26344998","14","23255436"
"KN295596v1","3381125","3381300","chr13","34627000","34627173","30","31245875"
"KN295596v1","3410673","3410980","chr6","8296516","8296820","39","4885843"
"KN295601v1","301431","301690","chr10","19782431","19782688","41","19481000"
"KN295601v1","318809","319107","chrX","120343813","120344115","29","120025004"
"KN295601v1","445523","445823","chr11","84650723","84651027","30","84205200"
"KN295601v1","826746","827040","chr8","40865958","40866252","43","40039212"
"KN295601v1","881679","881981","chr8","117640579","117640880","24","116758900"
"KN295601v1","943510","943631","chr8","117700247","117700368","1","116756737"
"KN295601v1","961947","962123","chr21","107819096","107819263","29","106857149"
"KN295601v1","1007543","1007803","chrX","34011305","34011568","37","33003762"
"KN295601v1","1084071","1084288","chr6","50149293","50149512","41","49065222"
"KN295601v1","1134757","1134868","chr8","15274422","15274520","27","14139665"
"KN295601v1","1186033","1186152","chr8","117934966","117935085","7","116748933"
"KN295601v1","1227983","1228103","chr8","117977949","117978081","14","116749966"
"KN295601v1","1235445","1235727","chr8","117985778","117986075","34","116750333"
"KN295601v1","1257118","1257371","chr9","43324206","43324441","51","42067088"
"KN295601v1","1278743","1278818","chr8","118027193","118027266","5","116748450"
"KN295601v1","1284932","1285024","chr20","38857687","38857781","15","37572755"
"KN295601v1","1756091","1756185","chr9","101296093","101296180","22","99540002"
"KN295601v1","1758905","1759188","chr3","60267987","60268258","58","58509082"
"KN295601v1","1784261","1784404","chr7","27252892","27253029","26","25468631"
"KN295601v1","2190651","2190965","chr8","118906010","118906306","33","116715359"
"KN295601v1","2300255","2300550","chr8","119001962","119002262","23","116701707"
"KN295601v1","2323721","2324023","chr8","119025976","119026279","22","116702255"
"KN295601v1","2343850","2343990","chr2","84664572","84664709","16","82320722"
"KN295601v1","2353963","2354272","chr8","119056244","119056549","35","116702281"
"KN295601v1","2540813","2540990","chr20","12577124","12577295","23","10036311"
"KN295601v1","2559298","2559594","chr2","78648513","78648808","31","76089215"
"KN295601v1","2634183","2634334","chrX","107098131","107098285","30","104463948"
"KN295601v1","2680645","2680947","chr19","22184863","22185162","40","19504218"
"KN295601v1","2715563","2715692","chr14","76301761","76301888","20","73586198"
"KN295601v1","2888461","2888750","chr26","53914369","53914658","26","51025908"
"KN295601v1","3271034","3271217","chr20","129565248","129565429","40","126294214"
"KN295605v1","5201","5325","chr1","1453580","1453704","4","1448379"
"KN295605v1","74721","74900","chr19","33115164","33115349","38","33040443"
"KN295605v1","183480","183792","chr1","8858598","8858910","14","8675118"
"KN295605v1","192802","192976","chr20","12577124","12577295","29","12384322"
"KN295605v1","300510","300809","chr21","2605347","2605650","36","2304837"
"KN295605v1","357265","357574","chr3","8332191","8332499","32","7974926"
"KN295605v1","376925","377001","chr1","9075407","9075485","5","8698482"
"KN295605v1","438368","438662","chr9","59169918","59170211","36","58731550"
"KN295605v1","438872","439046","chr21","107819096","107819263","27","107380224"
"KN295605v1","483632","483724","chr11","46265710","46265803","16","45782078"
"KN295605v1","565680","565787","chr12","27480645","27480758","17","26914965"
"KN295605v1","629249","629553","chr5","2872237","2872532","36","2242988"
"KN295605v1","673978","674277","chr25","28632871","28633170","40","27958893"
"KN295607v1","21642","21936","chr26","42346136","42346430","47","42324494"
"KN295607v1","1332119","1332191","chr7","118470880","118470952","0","117138761"
"KN295607v1","1373497","1373808","chr7","118429655","118429951","28","117056158"
"KN295607v1","1847616","1847701","chr7","117973670","117973755","3","116126054"
"KN295607v1","2332029","2332171","chr7","117504565","117504707","8","115172536"
"KN295607v1","2859596","2859901","chr22","40179547","40179853","39","37319951"
"KN295607v1","3006160","3006449","chr7","116869017","116869306","11","113862857"
"KN295607v1","3753294","3753432","chr19","27746846","27746978","20","23993552"
"KN295607v1","3807188","3807272","chr20","8927868","8927948","18","5120680"
"KN295607v1","3935338","3935635","chr7","116015519","116015819","11","112080181"
"KN295607v1","3956504","3956590","chrX_KE148108v1_random","967836","967921","11","2988668"
"KN295607v1","4045940","4046224","chr16","8095492","8095779","36","4049552"
"KN295607v1","4057073","4057381","chr16","12381366","12381673","36","8324293"
"KN295607v1","4097174","4097460","chr2","38921771","38922054","53","34824597"
"KN295607v1","4145653","4145794","chr7","115790660","115790802","5","111645007"
"KN295607v1","4176194","4176325","chr7","115759059","115759188","9","111582865"
"KN295607v1","4523264","4523550","chrX","22293419","22293712","64","17770155"
"KN295607v1","4727292","4727474","chr12","106787522","106787700","29","102060230"
"KN295607v1","4763788","4764024","chrX","128421470","128421715","33","123657682"
"KN295609v1","196877","197175","chr15","1462896","1463192","35","1266019"
"KN295609v1","227032","227395","chr6","10388707","10389030","79","10161675"
"KN295610v1","260915","261209","chr5","22901496","22901790","35","22640581"
"KN295610v1","297164","297423","chr6","1615559","1615816","42","1318395"
"KN295610v1","304518","304764","chr1","55409921","55410170","60","55105403"
"KN295610v1","350156","350442","chr9","18282641","18282935","22","17932485"
"KN295610v1","411410","411695","chr9","18342626","18342926","28","17931216"
"KN295610v1","522299","522604","chr9","18452445","18452740","20","17930146"
"KN295610v1","669902","670079","chr15","33336831","33337009","32","32666929"
"KN295610v1","684255","684420","chr25","27497903","27498067","25","26813648"
"KN295610v1","779718","779822","chr5","74607971","74608072","16","73828253"
"KN295610v1","1000723","1001007","chr15","31579671","31579959","43","30578948"
"KN295610v1","1089819","1090039","chr14","63602048","63602261","42","62512229"
"KN295613v1","202264","202499","chr17","64139967","64140203","35","63937703"
"KN295619v1","17499","17586","chrX","30774823","30774912","16","30757324"
"KN295619v1","17642","17729","chrX","30774823","30774912","16","30757181"
"KN295619v1","17785","17872","chrX","30774823","30774912","16","30757038"
"KN295619v1","17928","18015","chrX","30774823","30774912","16","30756895"
"KN295619v1","18071","18158","chrX","30774823","30774912","16","30756752"
"KN295623v1","36132","36243","chr5","74574996","74575111","6","74538864"
"KN295623v1","76637","76733","chr12","70774063","70774157","13","70697426"
"KN295623v1","92348","92564","chr5","74628472","74628684","19","74536124"
"KN295623v1","193993","194298","chr5","74727809","74728120","19","74533816"
"KN295623v1","229377","229472","chr6","47763563","47763658","16","47534186"
"KN295623v1","251958","252261","chr19","26992368","26992672","29","26740410"
"KN295623v1","305329","305423","chr20","35877975","35878072","16","35572646"
"KN295623v1","342332","342609","chr7","87079141","87079422","43","86736809"
"KN295623v1","344317","344480","chr16","59100684","59100846","22","58756367"
"KN295623v1","363729","363816","chr5","74895606","74895690","6","74531877"
"KN295623v1","373032","373151","chr22","8588863","8588981","29","8215831"
"KN295623v1","432545","432662","chr8","28610139","28610259","26","28177594"
"KN295623v1","442816","442932","chr16","70887413","70887525","13","70444597"
"KN295623v1","448166","448458","chr21","100099667","100099959","30","99651501"
"KN295623v1","490702","490996","chr5","75015053","75015350","13","74524351"
"KN295623v1","496462","496629","chr21","107819096","107819263","25","107322634"
"KN295628v1","7446","7605","chr11","50498527","50498693","35","50491081"
"KN295633v1","45622","45717","chr15","8697195","8697285","13","8651573"
"KN295633v1","59085","59204","chr16","33795866","33795992","10","33736781"
"KN295633v1","136284","136565","chr16","33721666","33721945","16","33585382"
"KN295633v1","141161","141461","chr16","33717379","33717679","21","33576218"
"KN295633v1","182620","182915","chr16","33678865","33679156","17","33496245"
"KN295633v1","199590","199897","chr16","33662419","33662720","18","33462829"
"KN295633v1","202549","202710","chr7","60520663","60520834","45","60318114"
"KN295633v1","213982","214166","chr11","108651238","108651415","28","108437256"
"KN295633v1","228682","228853","chr10","19929334","19929499","29","19700652"
"KN295633v1","229298","229599","chr21","103799077","103799372","44","103569779"
"KN295633v1","237336","237622","chr16","33624681","33624946","30","33387345"
"KN295633v1","242361","242433","chr26","41605547","41605623","18","41363186"
"KN295633v1","275084","275381","chr16","33583574","33583863","15","33308490"
"KN295633v1","278277","278567","chr7","59661924","59662212","43","59383647"
"KN295633v1","394090","394395","chr16","33475114","33475417","15","33081024"
"KN295633v1","420895","421193","chr16","33445366","33445660","11","33024471"
"KN295633v1","434832","435108","chr8","83837428","83837722","67","83402596"
"KN295633v1","442481","442660","chr12","78637219","78637392","32","78194738"
"KN295633v1","472242","472531","chr16","23858039","23858332","32","23385797"
"KN295633v1","478714","478894","chr25","28997428","28997600","38","28518714"
"KN295633v1","480477","480759","chr16","33387006","33387298","30","32906529"
"KN295633v1","505324","505624","chr16","33359894","33360198","24","32854570"
"KN295633v1","521141","521315","chrX","92168581","92168768","36","91647440"
"KN295633v1","632970","633282","chr9_AQIB01159014v1_random","19209","19518","44","613761"
"KN295633v1","654386","654689","chr16","33213248","33213554","20","32558862"
"KN295633v1","687928","688088","chr1","117375330","117375494","28","116687402"
"KN295633v1","690666","690956","chr16","33177702","33177993","14","32487036"
"KN295633v1","714808","714965","chr13","771511","771669","20","56703"
"KN295633v1","950906","951027","chr19","28651817","28651935","20","27700911"
"KN295633v1","975308","975596","chr16","32918810","32919096","30","31943502"
"KN295633v1","1101481","1101596","chr27","24130264","24130386","21","23028783"
"KN295633v1","1302972","1303272","chr12","11331203","11331507","47","10028231"
"KN295633v1","1457671","1457974","chrX","43812074","43812380","37","42354403"
"KN295633v1","1460960","1461262","chr16","32441485","32441792","16","30980525"
"KN295633v1","1585115","1585230","chr12","64078069","64078184","15","62492954"
"KN295633v1","1641458","1641540","chr20","8927868","8927948","18","7286410"
"KN295633v1","1869907","1870203","chr16","32057589","32057880","28","30187682"
"KN295633v1","1892177","1892450","chr21","2704873","2705148","39","812696"
"KN295633v1","1901588","1901895","chr13","86352126","86352427","41","84450538"
"KN295633v1","1983678","1983761","chr10","14776737","14776818","15","12793059"
"KN295633v1","1990294","1990383","chr16","31939764","31939854","1","29949470"
"KN295633v1","2011566","2011862","chr24","69808297","69808594","45","67796731"
"KN295633v1","2056303","2056406","chr16","16326186","16326288","15","14269883"
"KN295633v1","2072829","2073137","chr20","124097842","124098151","36","122025013"
"KN295633v1","2077802","2077944","chr16","31850403","31850545","3","29772601"
"KN295633v1","2166949","2167028","chrX","45129236","45129312","14","42962287"
"KN295633v1","2200873","2201039","chr21","107819096","107819263","22","105618223"
"KN295633v1","2228537","2228683","chr16","31702041","31702187","8","29473504"
"KN295633v1","2271170","2271311","chr1","68432971","68433106","27","66161801"
"KN295633v1","2285876","2286028","chr16","31645987","31646145","13","29360111"
"KN295633v1","2295968","2296277","chr11","8684527","8684834","36","6388559"
"KN295633v1","2363679","2363969","chr16","31560018","31560309","24","29196339"
"KN295633v1","2426721","2427033","chr16","31500318","31500624","19","29073597"
"KN295633v1","2432366","2432548","chr19","33115164","33115349","38","30682798"
"KN295633v1","2441086","2441379","chr20","121381801","121382096","44","118940715"
"KN295633v1","2574423","2574547","chr7","62952012","62952129","25","60377589"
"KN295637v1","165552","165857","chr4","73571436","73571736","23","73405884"
"KN295637v1","269245","269534","chr4","73468579","73468889","38","73199334"
"KN295637v1","324587","324855","chrX","34011305","34011568","37","33686718"
"KN295637v1","394293","394571","chr28","11330460","11330743","40","10936167"
"KN295637v1","406071","406169","chr1","5794934","5795031","9","5388863"
"KN295637v1","825538","825833","chr4","72932093","72932389","18","72106555"
"KN295637v1","887223","887312","chr5","21238031","21238119","13","20350808"
"KN295642v1","33633","33825","chr7","35714639","35714831","30","35681006"
"KN295642v1","71621","71884","chrX","34011305","34011568","37","33939684"
"KN295642v1","128558","128800","chrX","128421470","128421715","14","128292912"
"KN295644v1","32954","33271","chr12","35359281","35359586","29","35326327"
"KN295646v1","50546","50679","chr11","40745601","40745732","6","40695055"
"KN295651v1","52956","53256","chr5","516542","516843","39","463586"
"KN295651v1","58629","58779","chr14","43891949","43892090","25","43833320"
"KN295651v1","697595","697718","chrX","128763604","128763725","18","128066009"
"KN295651v1","700769","701084","chrX","22558882","22559190","43","21858113"
"KN295651v1","740607","740888","chr22","18984943","18985221","37","18244336"
"KN295651v1","941829","941989","chr9","43107566","43107722","30","42165737"
"KN295651v1","1155875","1155986","chr2","68430041","68430152","1","67274166"
"KN295651v1","1394066","1394245","chr15","18998078","18998253","36","17604012"
"KN295651v1","1496499","1496791","chr2","68127332","68127641","31","66630833"
"KN295651v1","1572986","1573269","chr22","48153550","48153834","37","46580564"
"KN295651v1","1635662","1635905","chr26","47864119","47864359","42","46228457"
"KN295651v1","1739215","1739523","chr2","67891872","67892174","34","66152657"
"KN295651v1","1776253","1776375","chr6","41746623","41746743","18","39970370"
"KN295651v1","1839883","1840002","chr2","67794837","67794956","5","65954954"
"KN295651v1","1860869","1861047","chr5","737199","737370","30","1123670"
"KN295651v1","1988146","1988451","chr2","67654585","67654890","15","65666439"
"KN295652v1","215507","215810","chr8","22490008","22490278","50","22274501"
"KN295652v1","288882","288973","chr8","22419157","22419248","2","22130275"
"KN295657v1","52770","53021","chr22","49435111","49435367","47","49382341"
"KN295658v1","98406","98729","chrX","43812074","43812380","56","43713668"
"KN295658v1","108711","108830","chr28","11903807","11903926","25","11795096"
"KN295665v1","5348","5469","chr23","36386495","36386614","13","36381147"
"KN295665v1","13992","14344","chr14","62503238","62503556","72","62489246"
"KN295665v1","18600","18784","chr1","15557479","15557663","57","15538879"
"KN295666v1","140412","140510","chr11","104495467","104495562","17","104355055"
"KN295666v1","335929","336238","chr14","68963413","68963721","17","68627484"
"KN295666v1","384410","384591","chr15","18998078","18998253","28","18613668"
"KN295666v1","531168","531473","chr9","24933804","24934113","47","24402636"
"KN295666v1","576515","576671","chr6","2935048","2935204","31","2358533"
"KN295666v1","588108","588221","chr5","21327852","21327951","26","20739744"
"KN295666v1","621732","622040","chr14","68676551","68676859","14","68054819"
"KN295666v1","702570","702769","chr6","14861387","14861589","29","14158817"
"KN295666v1","708341","708450","chrX","17052248","17052348","20","16343907"
"KN295666v1","715771","716069","chr14","68586876","68587170","24","67871105"
"KN295666v1","723585","723744","chr6","2935048","2935204","25","2211463"
"KN295666v1","748504","748647","chr14","68555890","68556029","12","67807386"
"KN295666v1","1046821","1047100","chr14","68256744","68257023","20","67209923"
"KN295666v1","1053689","1053786","chr2_AQIB01158193v1_random","9325","9420","16","1044364"
"KN295666v1","1087081","1087185","chr13","28535491","28535589","16","27448410"
"KN295666v1","1408062","1408364","chr14","67895306","67895610","13","66487244"
"KN295666v1","1526319","1526617","chr23","37210531","37210830","29","35684212"
"KN295666v1","1920758","1920884","chr14","67364587","67364717","10","65443829"
"KN295666v1","2602638","2602935","chr16_KE148036v1_random","11116","11404","45","2591522"
"KN295667v1","106352","106523","chr14","70897136","70897302","34","70790784"
"KN295667v1","172235","172535","chr20","121239233","121239533","18","121066998"
"KN295667v1","189460","189575","chr1","65126087","65126198","19","64936627"
"KN295667v1","248984","249281","chr19","14526001","14526299","38","14277017"
"KN295667v1","254749","255047","chr23","49491652","49491948","39","49236903"
"KN295667v1","274701","274820","chr20","121338987","121339107","3","121064286"
"KN295667v1","319895","320189","chr20","121381801","121382096","14","121061906"
"KN295667v1","332400","332706","chr20","121392684","121392985","18","121060284"
"KN295667v1","357543","357677","chr20","121417656","121417788","10","121060113"
"KN295667v1","464721","464942","chr20","114990490","114990715","47","114525769"
"KN295667v1","472121","472295","chr19","7192289","7192466","32","6720168"
"KN295667v1","540409","540539","chr4","35974899","35975026","17","35434490"
"KN295667v1","554159","554457","chr20","121603989","121604281","18","121049830"
"KN295667v1","579481","579536","chr4","21102019","21102073","12","20522538"
"KN295667v1","603509","603794","chr20","121655669","121655960","19","121052160"
"KN295667v1","690278","690396","chr19","3811003","3811128","31","3120725"
"KN295667v1","784657","784748","chr14","36971556","36971644","12","36186899"
"KN295667v1","786180","786251","chr5","22923786","22923845","24","22137606"
"KN295667v1","788055","788244","chr1","8878922","8879108","36","8090867"
"KN295667v1","803873","804176","chr28","11255835","11256140","40","10451962"
"KN295667v1","808544","808744","chr20","121852193","121852393","9","121043649"
"KN295667v1","896372","896673","chr14","20752433","20752730","48","19856061"
"KN295667v1","926483","926769","chr20","121959684","121959979","26","121033201"
"KN295667v1","987967","988133","chr18","58468561","58468729","24","57480594"
"KN295667v1","990797","990902","chr15","17989360","17989465","15","16998563"
"KN295667v1","1009114","1009395","chr7","87079141","87079422","37","86070027"
"KN295667v1","1116125","1116409","chr20","122145753","122146037","14","121029628"
"KN295667v1","1117899","1118078","chr12","106787522","106787700","30","105669623"
"KN295667v1","1166967","1167068","chr9","89944165","89944264","21","88777198"
"KN295667v1","1174280","1174454","chr20","8927653","8927826","29","7753373"
"KN295667v1","1202056","1202220","chr9","114091406","114091563","34","112889350"
"KN295667v1","1338130","1338421","chr1","65106207","65106504","38","63768077"
"KN295667v1","1558636","1558810","chr7","60522588","60522762","42","58963952"
"KN295667v1","1605471","1605565","chr19","26929619","26929714","8","25324148"
"KN295667v1","1643668","1643765","chr14","20993171","20993268","15","19349503"
"KN295667v1","1823194","1823492","chr20","122831253","122831558","20","121008059"
"KN295667v1","1882323","1882427","chr5","11372290","11372402","16","9489967"
"KN295667v1","1909797","1909927","chr7","60547984","60548121","41","58638187"
"KN295667v1","1953699","1953863","chr24","31605057","31605220","45","29651358"
"KN295667v1","1965084","1965363","chr20","122970386","122970665","11","121005302"
"KN295667v1","2010945","2011094","chrX","53619966","53620134","43","51609021"
"KN295667v1","2176771","2176816","chr19","27973334","27973377","12","25796563"
"KN295667v1","2299338","2299650","chr20","123297055","123297365","20","120997717"
"KN295667v1","2366410","2366543","chr1","54191733","54191864","23","51825323"
"KN295667v1","2377036","2377326","chr20","123369156","123369437","27","120992120"
"KN295667v1","2465296","2465326","chr28","6405531","6405565","14","3940235"
"KN295667v1","2465612","2465667","chr7","134155168","134155219","14","131689556"
"KN295667v1","2480428","2480718","chr20","123471137","123471428","10","120990709"
"KN295671v1","115991","116129","chr14","59427074","59427214","30","59311083"
"KN295671v1","133733","134003","chr15","78888348","78888621","36","78754615"
"KN295671v1","165493","165597","chrX","29154987","29155088","17","28989494"
"KN295671v1","257293","257596","chr9","19597808","19598111","40","19340515"
"KN295671v1","264542","264844","chr16","4183145","4183448","23","3918603"
"KN295672v1","2009","2095","chr2","59240823","59240909","11","59238814"
"KN295685v1","255674","255820","chr27","20889077","20889216","10","20633403"
"KN295685v1","590582","590834","chr4","62461901","62462159","80","61871319"
"KN295685v1","1159537","1159635","chr10","118073022","118073118","16","116913485"
"KN295689v1","31209","31286","chr6","38119729","38119806","17","38088520"
"KN295689v1","491814","491888","chr11","120237318","120237389","13","119745504"
"KN295692v1","257361","257501","chr3","23052634","23052774","18","22795273"
"KN295692v1","267932","268227","chr6","46904351","46904647","29","46636419"
"KN295692v1","539654","539949","chr15","61974796","61975095","33","61435142"
"KN295692v1","595497","595780","chr21","19516850","19517133","15","18921353"
"KN295692v1","628968","629260","chr21","19487278","19487586","38","18858310"
"KN295692v1","751881","752170","chr21","19365359","19365650","12","18613478"
"KN295692v1","759778","759926","chr23","4466105","4466255","28","3706327"
"KN295692v1","799717","799814","chr21","19318039","19318136","4","18518322"
"KN295692v1","851479","851785","chr27","9778999","9779300","51","8927520"
"KN295692v1","1316565","1316862","chr6","21066333","21066631","37","19749768"
"KN295692v1","1390264","1390368","chr21","18744765","18744867","6","17354501"
"KN295692v1","1484682","1484848","chr25","3319529","3319701","30","1834847"
"KN295692v1","1525217","1525370","chr12","45581710","45581860","35","44056493"
"KN295692v1","1532771","1532905","chr9","86726610","86726745","29","85193839"
"KN295692v1","1632568","1632639","chr8","2609097","2609167","16","976529"
"KN295692v1","1716048","1716340","chr21","18404023","18404309","19","16687975"
"KN295692v1","1727063","1727348","chr21","18392021","18392311","19","16664958"
"KN295692v1","1910886","1911172","chr9","21358440","21358726","33","19447554"
"KN295692v1","2046475","2046638","chr6","4157525","4157687","26","2111050"
"KN295692v1","2133027","2133259","chr10_KE148023v1_random","205890","206124","59","1927137"
"KN295692v1","2814885","2815185","chr21","17319736","17320025","23","14504851"
"KN295692v1","2880868","2880993","chr4","80234267","80234395","17","77353399"
"KN295692v1","3138691","3138999","chr11","8684527","8684834","36","5545836"
"KN295692v1","3262269","3262401","chr1","117374889","117375021","14","114112620"
"KN295692v1","3288714","3289020","chr21","16845408","16845701","30","13556694"
"KN295692v1","3401387","3401468","chr13","92684221","92684299","15","89282834"
"KN295692v1","3530958","3531264","chr12","11331203","11331507","39","7800245"
"KN295692v1","3987166","3987310","chr21","16188108","16188251","8","12200942"
"KN295692v1","4138823","4139096","chr5","2397363","2397635","41","1741460"
"KN295694v1","128789","129015","chr9","11711856","11712084","34","11583067"
"KN295697v1","537141","537294","chr4","20858912","20859062","28","20321771"
"KN295700v1","282936","283207","chr9","12354158","12354440","47","12071222"
"KN295700v1","473855","474142","chr14","107219218","107219506","38","106745363"
"KN295700v1","504762","505012","chr1","7133233","7133479","46","6628471"
"KN295701v1","292657","292810","chr9","12634089","12634243","21","12341432"
"KN295701v1","331906","332055","chr17","11001374","11001515","31","10669468"
"KN295701v1","348786","348911","chr17","11017475","11017600","3","10668689"
"KN295701v1","519919","520227","chr1","114337364","114337672","44","113817445"
"KN295701v1","566114","566399","chr17","11240933","11241223","20","10674819"
"KN295701v1","637353","637540","chr14","18470427","18470606","35","17833074"
"KN295705v1","71894","71991","chr1","5794934","5795031","14","5723040"
"KN295705v1","114412","114540","chr14","59314045","59314171","7","59199633"
"KN295705v1","156513","156637","chr14","59355972","59356096","2","59199459"
"KN295705v1","163293","163425","chr1","117374889","117375021","13","117211596"
"KN295705v1","197536","197838","chr17","45282951","45283252","40","45085415"
"KN295705v1","198164","198473","chr9","91907474","91907778","40","91709310"
"KN295705v1","230887","231049","chrX","11232302","11232463","24","11001415"
"KN295705v1","283838","284145","chr16","51631281","51631589","32","51347443"
"KN295705v1","413616","413926","chr14","59602731","59603039","21","59189115"
"KN295705v1","490806","490985","chr21","124933236","124933409","32","124442430"
"KN295705v1","491255","491362","chr14","59680342","59680445","14","59189087"
"KN295705v1","534078","534348","chr29","23145069","23145342","35","22610991"
"KN295705v1","578786","579078","chr14","59766454","59766753","20","59187668"
"KN295705v1","629615","629810","chr20","87023843","87024048","43","86394228"
"KN295705v1","640610","640896","chr13","65587063","65587353","33","64946453"
"KN295705v1","651392","651692","chr11","84650723","84651027","41","83999331"
"KN295705v1","798410","798587","chr10","117385991","117386167","31","116587581"
"KN295705v1","1093264","1093352","chr12","108416680","108416767","15","107323416"
"KN295705v1","1130870","1131060","chr7","57440733","57440908","35","56309863"
"KN295705v1","1398010","1398302","chr6","29541281","29541569","45","28143271"
"KN295705v1","1625987","1626194","chr25","15158445","15158647","41","13532458"
"KN295705v1","1725230","1725527","chr14","60879811","60880105","18","59154581"
"KN295705v1","1806434","1806538","chr14","60962440","60962541","6","59156006"
"KN295705v1","1843833","1843939","chr1","112647148","112647243","25","110803315"
"KN295705v1","1900753","1901013","chr27","25264465","25264725","46","23363712"
"KN295705v1","1994336","1994441","chr21","104358686","104358783","19","102364350"
"KN295705v1","2038260","2038336","chr14","61198899","61198974","2","59160639"
"KN295705v1","2230319","2230459","chr14","61391849","61391988","6","59161530"
"KN295705v1","2445747","2445918","chr14","61608025","61608199","9","59162278"
"KN295706v1","26550","26654","chrX","17052248","17052348","18","17025698"
"KN295706v1","111326","111602","chrX","125514673","125514956","17","125403347"
"KN295708v1","245711","246003","chr20","111929387","111929670","30","111683676"
"KN295708v1","263903","264194","chr20","111917013","111917289","29","111653110"
"KN295708v1","445572","445725","chr11","47211300","47211455","24","46765728"
"KN295708v1","558230","558395","chr15","47933934","47934093","28","47375704"
"KN295708v1","586977","587277","chr20","111604955","111605244","26","111017978"
"KN295708v1","617950","618250","chr20","111574841","111575139","13","110956891"
"KN295708v1","750088","750194","chr20","111441878","111441998","19","110691790"
"KN295708v1","806758","807028","chr1","65520875","65521151","58","64714117"
"KN295708v1","838419","838708","chr11","32307311","32307602","39","31468892"
"KN295708v1","1011863","1012036","chr20","111193997","111194160","21","110182134"
"KN295708v1","1040673","1040854","chr12","60617467","60617647","28","59576794"
"KN295708v1","1073193","1073328","chr20","111138868","111139003","5","110065675"
"KN295708v1","1352575","1352687","chr20","110874800","110874916","8","109522225"
"KN295708v1","1403511","1403600","chr20","110819537","110819631","7","109416026"
"KN295708v1","1515002","1515107","chr22","68066876","68066983","10","66551874"
"KN295708v1","1576264","1576348","chr9","117009344","117009425","17","115433080"
"KN295708v1","1576372","1576456","chr9","117009344","117009425","16","115432972"
"KN295708v1","1595367","1595666","chr20","110637568","110637857","31","109042201"
"KN295708v1","1627397","1627705","chr1","114337364","114337672","38","112709967"
"KN295708v1","1724916","1725091","chr20","12577124","12577295","30","10852208"
"KN295708v1","2048060","2048363","chr11","8684527","8684834","30","6636467"
"KN295708v1","2094504","2094671","chr21","107819096","107819263","28","105724592"
"KN295708v1","2165414","2165705","chr20","110071511","110071801","15","107906097"
"KN295708v1","2406819","2407119","chr20","109834692","109834991","15","107427873"
"KN295708v1","2569918","2570093","chr4","63793855","63794017","34","61223937"
"KN295708v1","2728787","2729093","chr20","109529713","109530022","15","106800926"
"KN295708v1","2748095","2748392","chr20","109510986","109511285","18","106762891"
"KN295708v1","2765894","2766157","chr1","15604499","15604761","36","12838605"
"KN295708v1","2827655","2827830","chr13","34627000","34627173","27","31799345"
"KN295717v1","86556","86838","chr20","23522526","23522818","58","23435970"
"KN295717v1","151953","152087","chr10","120200521","120200653","15","120048568"
"KN295717v1","160848","160923","chrX","52233766","52233842","10","52072918"
"KN295717v1","229123","229415","chr17","45282951","45283252","44","45053828"
"KN295717v1","235117","235382","chr10","120286286","120286551","17","120051169"
"KN295717v1","260438","260596","chr9","122678397","122678550","20","122417959"
"KN295717v1","293971","294184","chr6","14861387","14861589","38","14567416"
"KN295717v1","353265","353425","chr16","43640568","43640721","29","43287303"
"KN295717v1","663213","663345","chr24","47738419","47738551","12","47075206"
"KN295717v1","794062","794132","chr5","2145348","2145421","17","1351286"
"KN295717v1","1257991","1258291","chr10","121315105","121315408","19","120057114"
"KN295717v1","1318344","1318442","chr15","51851900","51851988","23","50533556"
"KN295717v1","1322638","1322926","chr10","121373857","121374155","26","120051219"
"KN295717v1","1344238","1344543","chr10","121396067","121396375","19","120051829"
"KN295717v1","1417075","1417236","chr14","13811771","13811920","31","12394696"
"KN295717v1","1711656","1711826","chr14","77715779","77715953","29","76004123"
"KN295717v1","1878357","1878498","chr14","68555890","68556029","19","66677533"
"KN295717v1","1917632","1917829","chr9","86364959","86365149","43","84447327"
"KN295717v1","1996058","1996152","chr14","81680282","81680374","17","79684224"
"KN295717v1","2065681","2065985","chr10","122109570","122109876","18","120043889"
"KN295719v1","6719","6963","chr23","80503609","80503843","35","80496890"
"KN295719v1","17654","17948","chr16","18382353","18382622","33","18364699"
"KN295719v1","71275","71562","chr16","18328645","18328951","31","18257370"
"KN295721v1","56366","56495","chr6","39688455","39688584","17","39632089"
"KN295721v1","246456","246788","chr13","57100449","57100781","66","56853993"
"KN295721v1","345115","345424","chr3","74390966","74391270","45","74045851"
"KN295721v1","441335","441643","chr4","47302460","47302767","16","46861125"
"KN295721v1","554657","554759","chr10","127859281","127859383","12","127304624"
"KN295721v1","712787","712882","chr4","47559156","47559248","8","46846369"
"KN295722v1","4772","4922","chr1","55471710","55471867","39","55466938"
"KN295722v1","446898","447204","chr11","8684527","8684834","33","8237629"
"KN295722v1","476598","476927","chr25","82362746","82363067","46","81886148"
"KN295722v1","1221893","1222183","chr12","78378568","78378854","19","77156675"
"KN295722v1","1420796","1420891","chr13","67554341","67554435","15","66133545"
"KN295722v1","1538792","1539092","chr12","78697209","78697487","31","77158417"
"KN295722v1","1898107","1898441","chr17","33360064","33360394","64","31461957"
"KN295722v1","2032871","2033153","chr12","79182440","79182719","20","77149569"
"KN295722v1","2524898","2525191","chr9","32581187","32581487","20","30056289"
"KN295722v1","2797357","2797650","chr9","32310603","32310895","15","29513246"
"KN295722v1","2828197","2828310","chr3","12970708","12970821","17","10142511"
"KN295722v1","2948936","2949069","chr9","32169470","32169603","4","29220534"
"KN295725v1","224845","225140","chr12","90192002","90192286","24","89967157"
"KN295725v1","415750","416053","chr12","90009099","90009404","24","89593349"
"KN295725v1","444339","444609","chrX","34011305","34011568","37","33566966"
"KN295725v1","646435","646535","chr22","75928634","75928736","17","75282199"
"KN295725v1","896142","896434","chr6","50727624","50727902","47","49831482"
"KN295725v1","1088504","1088812","chr12","89366509","89366820","19","88278005"
"KN295725v1","1218021","1218330","chr17","44628015","44628317","35","43409994"
"KN295725v1","2003109","2003217","chr12","88478703","88478811","8","86475594"
"KN295725v1","2012135","2012314","chr24","40971585","40971760","39","38959450"
"KN295725v1","2053222","2053501","chr28","18370175","18370456","34","16316953"
"KN295729v1","257519","257827","chr24","59553166","59553474","15","59295647"
"KN295729v1","527591","527874","chr24","59269783","59270075","25","58742192"
"KN295729v1","979797","980105","chr11","8684527","8684834","37","7704730"
"KN295729v1","996235","996349","chr13","38694071","38694188","19","37697836"
"KN295729v1","996379","996539","chr1","104132215","104132368","37","103135836"
"KN295729v1","1082623","1082931","chrUn_KE147547v1","354402","354703","39","728221"
"KN295729v1","1524599","1524739","chr24","58267073","58267209","17","56742474"
"KN295729v1","1547710","1547843","chr24","58242462","58242597","6","56694752"
"KN295729v1","1643031","1643147","chr24","58142642","58142756","4","56499611"
"KN295731v1","5745","5886","chrX","2031117","2031263","7","2025372"
"KN295732v1","110526","110832","chr9","103352167","103352471","38","103241641"
"KN295735v1","50190","50338","chr9","94167364","94167517","36","94117174"
"KN295735v1","59217","59408","chr8","81480742","81480931","39","81421525"
"KN295735v1","62125","62423","chr1","110339963","110340250","50","110277838"
"KN295735v1","64137","64287","chr3","23052634","23052774","23","22988497"
"KN295735v1","65825","65916","chr20","8927868","8927948","26","8862043"
"KN295735v1","66838","67129","chr26","30682990","30683283","43","30616152"
"KN295735v1","99200","99503","chr8","64025823","64026127","32","63926623"
"KN295735v1","145674","145980","chr19","26992368","26992672","37","26846694"
"KN295735v1","152896","153035","chr14","59427074","59427214","27","59274178"
"KN295735v1","155206","155471","chrX","53784804","53785070","43","53629598"
"KN295735v1","166371","166495","chr20","125598558","125598683","18","125432187"
"KN295735v1","228098","228185","chr1","25147531","25147618","15","24919433"
"KN295735v1","247479","247757","chr4","16616310","16616589","36","16368831"
"KN295735v1","248209","248340","chr17","51711470","51711606","16","51463261"
"KN295735v1","356100","356387","chr15","88458761","88459056","45","88102661"
"KN295735v1","357511","357682","chr25","45906388","45906552","40","45548877"
"KN295735v1","364520","364819","chrUn_KE147541v1","422914","423216","28","58394"
"KN295735v1","366329","366610","chrUn_KE147541v1","420169","420470","38","53840"
"KN295735v1","375442","375618","chr11","108651238","108651415","21","108275796"
"KN295735v1","395408","395709","chr23","46217061","46217349","44","45821653"
"KN295735v1","396929","397177","chr2","28133166","28133413","41","27736237"
"KN295735v1","404102","404408","chr11","8684527","8684834","34","8280425"
"KN295735v1","414896","415197","chr6","33770311","33770609","42","33355415"
"KN295735v1","418850","418988","chrUn_KE147541v1","355711","355850","13","63139"
"KN295735v1","422349","422567","chr16","11738189","11738404","35","11315840"
"KN295735v1","444414","444708","chr6","6384874","6385167","31","5940460"
"KN295735v1","469680","469802","chrUn_KE147541v1","318760","318882","8","150920"
"KN295735v1","490126","490232","chrUn_KE147541v1","290085","290191","2","200041"
"KN295735v1","499867","500000","chr14","104600816","104600948","15","104100949"
"KN295735v1","526532","526834","chrUn_KE147541v1","256707","256996","34","269825"
"KN295735v1","527809","528084","chr6","41686394","41686678","49","41158585"
"KN295735v1","542157","542463","chrUn_KE147541v1","240175","240485","33","301982"
"KN295735v1","547771","547855","chrUn_KE147541v1","232852","232935","4","314919"
"KN295735v1","548008","548101","chrUn_KE147541v1","232602","232695","4","315406"
"KN295735v1","550800","551109","chrUn_KE147541v1","229930","230239","19","320870"
"KN295735v1","598171","598459","chr10","90654139","90654428","35","90055968"
"KN295735v1","611430","611449","chr1","11992746","11992759","10","11381316"
"KN295735v1","611475","611552","chr1","23697267","23697330","29","23085792"
"KN295735v1","718443","718631","chrX","92168581","92168768","32","91450138"
"KN295735v1","720990","721298","chr11","8684527","8684834","37","7963537"
"KN295735v1","721793","721914","chr22","19088440","19088564","32","18366647"
"KN295735v1","753630","753815","chr10","117385991","117386167","35","116632361"
"KN295735v1","761212","761303","chr6","1144352","1144440","15","383140"
"KN295735v1","764936","765218","chr16","52013734","52014015","32","51248798"
"KN295735v1","768275","768423","chrUn_KE147541v1","48615","48763","4","719660"
"KN295735v1","770927","771234","chrUn_KE147541v1","45470","45778","12","725457"
"KN295735v1","779519","779846","chr5","52846213","52846522","54","52066694"
"KN295735v1","791272","791433","chr10","19929334","19929499","23","19138062"
"KN295735v1","848319","848508","chrX","108711335","108711486","51","107863016"
"KN295735v1","865239","865541","chr6","10969061","10969363","42","10103822"
"KN295735v1","872609","872665","chr7","134155168","134155219","14","133282559"
"KN295735v1","872667","872804","chr2","77590287","77590420","16","76717620"
"KN295735v1","873072","873233","chr25","27497903","27498067","21","26624831"
"KN295735v1","874221","874388","chrUn_KE147549v1","51639","51817","32","822582"
"KN295735v1","875420","875581","chr16","70224259","70224419","20","69348839"
"KN295735v1","885284","885301","chr1","8731327","8731343","6","7846043"
"KN295735v1","885615","885786","chr10","122138385","122138550","30","121252770"
"KN295735v1","895928","896209","chrX","79992983","79993266","46","79097055"
"KN295735v1","910073","910378","chr22","57615936","57616246","53","56705863"
"KN295735v1","961169","961467","chr5","42248522","42248818","53","41287353"
"KN295735v1","999775","1000000","chr5","45739331","45739557","44","44739556"
"KN295735v1","1053032","1053114","chr13","77308046","77308103","36","76255014"
"KN295735v1","1062659","1062742","chr27","10485524","10485603","12","9422865"
"KN295735v1","1081024","1081325","chrUn_KE147541v1","229930","230239","38","851094"
"KN295735v1","1126423","1126519","chr14","74952571","74952666","17","73826148"
"KN295735v1","1139315","1139479","chr12","53066244","53066408","29","51926929"
"KN295735v1","1153566","1153869","chr11","8684527","8684834","41","7530961"
"KN295735v1","1166409","1166589","chrX","92168581","92168768","28","91002172"
"KN295735v1","1191564","1191852","chrX","60610","60908","32","1130954"
"KN295735v1","1221275","1221574","chr16","74612443","74612741","35","73391168"
"KN295735v1","1227982","1228290","chrUn_KE147541v1","229930","230239","37","998052"
"KN295735v1","1258164","1258455","chr17","60238337","60238633","37","58980173"
"KN295735v1","1300133","1300420","chr12","83584681","83584968","39","82284548"
"KN295735v1","1312130","1312224","chr21","2281264","2281356","14","969134"
"KN295735v1","1314277","1314418","chr8","31652622","31652762","15","30338345"
"KN295735v1","1351908","1351988","chr7","31696946","31697021","12","30345038"
"KN295735v1","1352960","1353040","chr7","31696946","31697021","12","30343986"
"KN295735v1","1378547","1378857","chr11","100463375","100463680","38","99084828"
"KN295735v1","1378860","1379139","chr6","34700995","34701286","45","33322135"
"KN295735v1","1435406","1435692","chrX","293151","293435","28","1142255"
"KN295735v1","1509515","1509620","chr6","39200410","39200516","15","37690895"
"KN295735v1","1509651","1509960","chr1","65106207","65106504","38","63596556"
"KN295735v1","1516826","1517122","chrX","371038","371334","19","1145788"
"KN295735v1","1558291","1558495","chr9","85642154","85642354","57","84083863"
"KN295735v1","1560559","1560725","chr6","42756418","42756585","30","41195859"
"KN295735v1","1570255","1570531","chr16","49595213","49595488","40","48024958"
"KN295735v1","1590260","1590571","chrX","427538","427840","27","1162722"
"KN295735v1","1637284","1637455","chr14","70326149","70326316","31","68688865"
"KN295735v1","1641430","1641543","chrX","473699","473822","13","1167731"
"KN295735v1","1643927","1644050","chr14","92833282","92833407","15","91189355"
"KN295735v1","1644979","1645256","chrX","487633","487932","31","1157346"
"KN295735v1","1652108","1652273","chr12","53066244","53066408","24","51414136"
"KN295735v1","1691648","1691749","chrX","105344103","105344206","17","103652455"
"KN295735v1","1693338","1693643","chr25","59356795","59357095","49","57663457"
"KN295735v1","1715322","1715446","chrX","562747","562872","9","1152575"
"KN295735v1","1715766","1715782","chr1","32678869","32678883","3","30963103"
"KN295735v1","1727902","1728035","chrX","562747","562872","20","1165155"
"KN295735v1","1728351","1728365","chr1","32678869","32678883","2","30950518"
"KN295735v1","1763031","1763327","chrX","629241","629526","17","1133790"
"KN295735v1","1767448","1767733","chrX","634403","634691","16","1133045"
"KN295735v1","1783109","1783276","chr14","70326149","70326316","31","68543040"
"KN295736v1","120716","120825","chr2","84176364","84176472","18","84055648"
"KN295736v1","179875","180151","chr3","12821582","12821863","40","12641707"
"KN295736v1","202569","202875","chr8","133186498","133186803","18","132983929"
"KN295736v1","829113","829238","chr11","106587000","106587123","20","105757887"
"KN295736v1","864129","864291","chr14","70326149","70326316","27","69462020"
"KN295736v1","864318","864439","chr4","72210203","72210324","17","71345885"
"KN295736v1","1131596","1131699","chr8","132264329","132264437","12","131132733"
"KN295736v1","1774544","1774794","chr15","78690950","78691189","49","76916406"
"KN295736v1","1859814","1860103","chr8","131541962","131542249","15","129682148"
"KN295736v1","3580856","3581152","chr15","61974796","61975095","34","58393940"
"KN295744v1","6215","6423","chr11","64990360","64990552","42","64984145"
"KN295744v1","88005","88185","chr11","32974627","32974802","33","32886622"
"KN295744v1","215407","215639","chr20","116684960","116685196","28","116469553"
"KN295744v1","226922","227223","chrX","49615825","49616126","6","49388903"
"KN295744v1","246086","246388","chrX","49597005","49597299","28","49350919"
"KN295744v1","290085","290182","chr10","87167334","87167432","16","86877249"
"KN295744v1","362768","363059","chr9","21358440","21358726","40","20995672"
"KN295744v1","370527","370781","chrX","49475180","49475462","35","49104653"
"KN295744v1","377425","377628","chr6","14861387","14861589","38","14483962"
"KN295744v1","483824","483947","chr23","42186746","42186860","20","41702922"
"KN295744v1","654769","654853","chr13","92684221","92684299","11","92029452"
"KN295744v1","677824","677970","chrX","108711335","108711486","27","108033511"
"KN295746v1","209462","209592","chr24","47738419","47738551","15","47528957"
"KN295746v1","235342","235438","chr3","74171436","74171534","13","73936094"
"KN295746v1","266078","266379","chr1","61115697","61116006","30","60849619"
"KN295747v1","157813","157896","chr27","6397634","6397717","6","6239821"
"KN295747v1","161658","161959","chr16","7832484","7832778","41","7670826"
"KN295747v1","321523","321826","chr11","8684527","8684834","40","8363004"
"KN295748v1","84164","84264","chr15","16904684","16904779","19","16820520"
"KN295748v1","125826","126004","chr20","8927653","8927826","30","8801827"
"KN295748v1","235325","235501","chr28","1349405","1349577","28","1114080"
"KN295748v1","276542","276857","chrX","95526156","95526465","25","95249614"
"KN295748v1","354169","354218","chr5","133789","133825","18","220380"
"KN295753v1","99237","99545","chr10","91632067","91632372","39","91532830"
"KN295753v1","249950","250047","chr10","45917702","45917786","18","45667752"
"KN295757v1","64852","65155","chr11","8684527","8684834","36","8619675"
"KN295758v1","82491","82795","chr20","85616236","85616532","47","85533745"
"KN295758v1","213206","213281","chr7","112064283","112064360","5","111851077"
"KN295758v1","376270","376440","chr16","22637283","22637451","26","22261013"
"KN295758v1","376477","376602","chr1","34447012","34447135","15","34070535"
"KN295758v1","558880","559012","chr7","111724988","111725125","11","111166108"
"KN295758v1","665570","665676","chr7","111624912","111625022","8","110959342"
"KN295758v1","773841","774148","chr7","128664821","128665124","39","127890980"
"KN295758v1","781990","782279","chr17","11240933","11241223","47","10458943"
"KN295758v1","793894","794080","chr24","40971585","40971760","39","40177691"
"KN295758v1","816276","816455","chr25","78349361","78349534","35","77533085"
"KN295758v1","872393","872653","chr13","89419406","89419673","52","88547013"
"KN295758v1","881999","882184","chrX","92168581","92168768","39","91286582"
"KN295758v1","929068","929158","chrX","41947974","41948058","13","41018906"
"KN295758v1","1282459","1282551","chr7","111007368","111007460","3","109724909"
"KN295775v1","10459","10736","chr4","9012309","9012587","42","9001850"
"KN295777v1","3890","3984","chrX","106102749","106102847","5","106098859"
"KN295777v1","30545","30835","chr11","75115871","75116156","49","75085326"
"KN295787v1","25484","25579","chr3","42475204","42475289","13","42449720"
"KN295789v1","53416","53517","chr2","14786600","14786700","18","14733184"
"KN295791v1","13190","13483","chr8","122931083","122931386","29","122917893"
"KN295801v1","339318","339628","chr1","53455443","53455757","22","53116125"
"KN295801v1","643957","644045","chr1","53151544","53151631","9","52507587"
"KN295801v1","774395","774497","chr1","17486662","17486767","15","16712267"
"KN295801v1","989745","989965","chr1","52833032","52833252","8","51843287"
"KN295802v1","1","126","chr2","86618279","86618402","27","86618278"
"KN295802v1","79839","80062","chr15","48214277","48214486","55","48134438"
"KN295802v1","117462","117632","chr20","96338788","96338956","26","96221326"
"KN295803v1","220231","220313","chr9","98692752","98692841","10","98472521"
"KN295803v1","857377","857681","chr9","98068800","98069107","26","97211423"
"KN295810v1","162910","163185","chr21","95017388","95017687","38","94854478"
"KN295810v1","453429","453702","chr2","10270776","10271050","43","9817347"
"KN295810v1","541127","541291","chr21","94651830","94652000","15","94110703"
"KN295810v1","544897","545041","chr11","15478591","15478732","21","14933694"
"KN295810v1","694473","694666","chr20","87023843","87024048","47","86329370"
"KN295810v1","779350","779638","chr21","94421290","94421571","25","93641940"
"KN295810v1","860439","860729","chr5","60977054","60977353","42","60116615"
"KN295814v1","28260","28401","chrX","27940314","27940435","38","27912054"
"KN295814v1","306581","306723","chr14","59427074","59427214","33","59120493"
"KN295814v1","511432","511731","chr10","4552268","4552559","62","4040836"
"KN295814v1","538797","538943","chr20","9185270","9185416","7","8646473"
"KN295814v1","555696","555988","chr21","116236507","116236804","59","115680811"
"KN295814v1","715356","715537","chr24","11295357","11295530","42","10580001"
"KN295814v1","866440","866520","chr16","21962406","21962483","23","21095966"
"KN295814v1","879025","879152","chr20","9510144","9510271","5","8631119"
"KN295814v1","922277","922575","chr20","9551946","9552244","9","8629669"
"KN295814v1","992908","993082","chr11","108651238","108651415","36","107658330"
"KN295814v1","1010443","1010786","chr20","9636070","9636424","32","8625627"
"KN295814v1","1159012","1159318","chr11","14038393","14038703","33","12879381"
"KN295814v1","1185979","1186113","chr28","16189476","16189601","27","15003497"
"KN295814v1","1194539","1194787","chr6","4880562","4880810","39","3686023"
"KN295814v1","1244551","1244855","chr20","9859302","9859610","18","8614751"
"KN295814v1","1270702","1270870","chr1","15530206","15530378","26","14259504"
"KN295814v1","1283558","1283841","chr20","33479605","33479899","45","32196047"
"KN295814v1","1304313","1304617","chr20","9915063","9915365","14","8610750"
"KN295814v1","1383320","1383613","chr20","9988016","9988310","17","8604696"
"KN295814v1","1555784","1555959","chr14","46186614","46186787","24","44630830"
"KN295814v1","1558261","1558398","chrX","108711335","108711486","41","107153074"
"KN295814v1","1650706","1650805","chr8","10452397","10452499","13","8801691"
"KN295816v1","30580","30881","chrX","128686147","128686436","21","128655567"
"KN295816v1","30882","31172","chr17","47250831","47251121","48","47219949"
"KN295818v1","16704","16843","chr11","391553","391692","24","374849"
"KN295820v1","108821","109115","chr26","11987549","11987841","10","11878728"
"KN295820v1","609484","609782","chr26","11497802","11498103","15","10888318"
"KN295820v1","642855","643139","chr26","11464532","11464816","13","10821677"
"KN295820v1","691702","691784","chr26","11416332","11416404","11","10724630"
"KN295820v1","706191","706489","chr6","15156505","15156810","40","14450314"
"KN295820v1","723775","723892","chr16","2278712","2278830","23","1554937"
"KN295820v1","747633","747747","chr4","68068943","68069063","17","67321310"
"KN295820v1","771368","771668","chr26","11331294","11331594","10","10559926"
"KN295820v1","797368","797589","chr22","48640006","48640246","48","47842638"
"KN295820v1","802869","803163","chr16","7832484","7832778","25","7029615"
"KN295820v1","895123","895254","chr1","124726233","124726361","18","123831110"
"KN295820v1","978441","978585","chr26","11126771","11126915","9","10148330"
"KN295820v1","999914","1000000","chr11","96721267","96721351","12","95721353"
"KN295820v1","1036826","1037119","chr4","30874127","30874421","50","29837301"
"KN295825v1","36147","36245","chr8","15274422","15274520","14","15238275"
"KN295825v1","521991","522137","chr15","53303030","53303176","12","52781039"
"KN295825v1","639998","640193","chr12","46467064","46467252","41","45827066"
"KN295825v1","668912","669057","chr15","53440648","53440788","11","52771736"
"KN295825v1","704732","704816","chr22","81127192","81127276","13","80422460"
"KN295825v1","860050","860342","chr7","27126518","27126827","42","26266468"
"KN295825v1","878956","879068","chrUn_AQIB01158748v1","787","900","8","878169"
"KN295825v1","914407","914689","chr8","92635049","92635333","29","91720642"
"KN295825v1","916281","916589","chr15","53683328","53683638","14","52767047"
"KN295825v1","954445","954595","chr14","70326149","70326316","31","69371704"
"KN295825v1","960048","960337","chr15","53724466","53724756","13","52764418"
"KN295825v1","1092363","1092461","chr2","11857653","11857753","22","10765290"
"KN295825v1","1093938","1094049","chr15","53846948","53847057","2","52753010"
"KN295825v1","1106233","1106354","chr15","53858342","53858463","3","52752109"
"KN295825v1","1111164","1111291","chr20","85379885","85379994","48","84268721"
"KN295825v1","1254278","1254574","chr15","54004085","54004380","16","52749807"
"KN295825v1","1299371","1299563","chr8","48888653","48888832","42","47589282"
"KN295825v1","1383166","1383303","chr15","54134434","54134565","12","52751268"
"KN295825v1","1501639","1501930","chr16","7147435","7147725","34","5645796"
"KN295825v1","1763274","1763377","chr15","54500276","54500379","8","52737002"
"KN295825v1","2023639","2023752","chr15","10432185","10432289","16","8408546"
"KN295825v1","2891657","2891952","chr16","47007804","47008097","41","44116147"
"KN295825v1","3341322","3341493","chr6","42756418","42756585","39","39415096"
"KN295825v1","3597361","3597460","chr3","45994999","45995100","16","42397638"
"KN295828v1","114057","114241","chr1","34446792","34446979","38","34332735"
"KN295828v1","274540","274656","chr7","65473161","65473277","4","65198621"
"KN295828v1","641379","641642","chr7","65833749","65833999","27","65192370"
"KN295828v1","833638","833841","chrX","92168581","92168768","38","91334943"
"KN295828v1","934401","934515","chr7","66118163","66118277","10","65183762"
"KN295828v1","1008032","1008171","chr7","66185908","66186050","8","65177876"
"KN295828v1","1178125","1178435","chr7","66353946","66354254","14","65175821"
"KN295828v1","1367492","1367613","chr7","66536479","66536599","2","65168987"
"KN295828v1","1381507","1381815","chr7","66550456","66550746","34","65168949"
"KN295828v1","1619562","1619644","chr9","26705464","26705542","14","25085902"
"KN295828v1","1624680","1624988","chr7","66788417","66788724","15","65163737"
"KN295828v1","1683776","1684085","chr24","81027448","81027759","34","79343672"
"KN295828v1","2229252","2229535","chr7","67350983","67351266","13","65121731"
"KN295828v1","2235374","2235630","chr19","1738094","1738359","40","497280"
"KN295829v1","122515","122801","chr4","79293802","79294100","29","79171287"
"KN295829v1","422889","423016","chr24","81505782","81505911","15","81082893"
"KN295829v1","605347","605437","chr8","90706120","90706212","18","90100773"
"KN295829v1","768235","768396","chrX","108711335","108711486","42","107943100"
"KN295829v1","892170","892465","chr4","80019349","80019623","35","79127179"
"KN295829v1","989900","990070","chr9","109340244","109340396","32","108350344"
"KN295829v1","1144992","1145147","chrX","7906595","7906751","17","6761603"
"KN295829v1","1145564","1145640","chrX","54243878","54243956","16","53098314"
"KN295830v1","15395","15690","chr13","66682507","66682799","14","66667112"
"KN295830v1","51394","51698","chr13","66647872","66648175","19","66596478"
"KN295830v1","93809","94104","chr13","66605277","66605575","10","66511468"
"KN295830v1","97825","98113","chrX","104772488","104772776","59","104674663"
"KN295830v1","117208","117302","chr6","40405265","40405359","9","40288057"
"KN295832v1","397796","397904","chr23","72629933","72630041","8","72232137"
"KN295832v1","582622","582913","chr11","113496708","113497000","28","112914086"
"KN295832v1","795937","796240","chr9","9637110","9637416","36","8841173"
"KN295832v1","1066240","1066515","chr23","71978769","71979045","15","70912529"
"KN295832v1","1093038","1093209","chr1","25036789","25036954","40","23943751"
"KN295832v1","1425742","1426036","chr23","71634591","71634890","15","70208849"
"KN295832v1","1521848","1522133","chr23","71542197","71542482","16","70020349"
"KN295835v1","120246","120361","chr6","4502159","4502271","20","4381913"
"KN295835v1","124619","124835","chr15","48214277","48214486","61","48089658"
"KN295835v1","142798","143106","chr11","123717553","123717853","41","123574755"
"KN295841v1","83654","83912","chr7","49874461","49874758","54","49790807"
"KN295841v1","168087","168230","chr29","19307109","19307249","24","19139022"
"KN295844v1","39030","39109","chr19","28966940","28967021","10","28927910"
"KN295852v1","211022","211316","chr1","18440198","18440492","41","18229176"
"KN295852v1","438975","439284","chr9","66900402","66900692","36","66461427"
"KN295852v1","545140","545267","chr5","45749334","45749463","15","45204194"
"KN295852v1","615516","615667","chr9","67060124","67060257","23","66444608"
"KN295853v1","19920","20214","chr1","65106207","65106504","46","65086287"
"KN295854v1","49900","50028","chr13","4194855","4194975","25","4144955"
"KN295854v1","287471","287776","chr25","59356795","59357095","50","59069324"
"KN295854v1","523927","524226","chr7","85908526","85908824","40","85384599"
"KN295854v1","548641","548897","chr2","62148925","62149175","18","61600284"
"KN295854v1","608007","608168","chr11","44985103","44985269","30","44377096"
"KN295854v1","927351","927518","chr21","107819096","107819263","24","106891745"
"KN295854v1","1037124","1037219","chr25","7012407","7012497","19","5975283"
"KN295854v1","1251393","1251674","chr2","62837910","62838190","13","61586517"
"KN295854v1","1279304","1279576","chr2","10270776","10271050","34","8991472"
"KN295854v1","1377095","1377384","chr19","20661024","20661319","33","19283929"
"KN295854v1","1378415","1378695","chr6","28587284","28587554","61","27208869"
"KN295854v1","1455787","1456063","chr2","63033041","63033318","11","61577254"
"KN295854v1","1481421","1481543","chr2","63059083","63059210","9","61577662"
"KN295854v1","1521952","1522230","chr2","63098210","63098500","25","61576258"
"KN295854v1","1554103","1554401","chr2","63134561","63134853","19","61580458"
"KN295854v1","1588837","1589125","chr13","34764102","34764393","38","33175265"
"KN295854v1","1620459","1620674","chr2","63199489","63199702","15","61579030"
"KN295854v1","1635788","1635966","chr10","117385991","117386167","31","115750203"
"KN295854v1","1652117","1652419","chr11","8684527","8684834","42","7032410"
"KN295854v1","1663997","1664296","chr17","43586615","43586914","35","41922618"
"KN295854v1","1813757","1813888","chr2","63370266","63370393","15","61556509"
"KN295855v1","20922","21011","chr25","71660223","71660311","19","71639301"
"KN295865v1","431","552","chr10_KE148023v1_random","553638","553761","5","553207"
"KN295869v1","283735","283834","chr9","71599273","71599365","15","71315538"
"KN295869v1","379127","379407","chr9","71506634","71506917","17","71127507"
"KN295869v1","451317","451564","chrX","7091973","7092214","45","6640656"
"KN295869v1","451595","451606","chr1","18449621","18449635","3","17998026"
"KN295869v1","518768","519049","chr4","36915476","36915756","38","36396708"
"KN295869v1","530642","530749","chr2","84176364","84176472","19","83645722"
"KN295869v1","693107","693413","chr9","71196680","71196978","19","70503573"
"KN295869v1","713599","713732","chr1","54191733","54191864","18","53478134"
"KN295869v1","877022","877296","chr9","71014038","71014312","11","70137016"
"KN295869v1","1195581","1195897","chr9","70699803","70700120","13","69504222"
"KN295869v1","1280797","1281084","chr9","70615904","70616199","25","69335107"
"KN295871v1","159063","159260","chr10","117385991","117386167","41","117226928"
"KN295871v1","207823","208114","chr9","59169918","59170211","35","58962095"
"KN295871v1","311493","311750","chr22","14145470","14145728","15","13833977"
"KN295871v1","350688","350997","chrX","43812074","43812380","37","43461386"
"KN295871v1","384194","384495","chr22","14074700","14075004","15","13690506"
"KN295871v1","431822","432122","chr19","26992368","26992672","36","26560546"
"KN295871v1","436604","436902","chr22","14022794","14023090","11","13586190"
"KN295871v1","499692","499980","chr22","13961764","13962071","36","13462072"
"KN295871v1","500001","500285","chr6","46933363","46933641","41","46433362"
"KN295871v1","552435","552719","chr9","26472570","26472870","44","25920135"
"KN295871v1","756311","756452","chr29","8667210","8667343","24","7910899"
"KN295871v1","813450","813767","chr22","13646924","13647228","19","12833474"
"KN295871v1","819248","819508","chr22","13641135","13641393","9","12821887"
"KN295871v1","919951","920016","chr9","2603960","2604023","10","1684009"
"KN295871v1","941470","941580","chr16","49090865","49090977","15","48149395"
"KN295871v1","1061937","1062127","chr6","40250730","40250921","41","39188793"
"KN295871v1","1129169","1129472","chr22","13345715","13346022","14","12216546"
"KN295872v1","136126","136276","chr18","29645900","29646050","26","29509774"
"KN295872v1","185259","185345","chr1","62838954","62839045","18","62653695"
"KN295878v1","170468","170576","chr6","1694984","1695087","24","1524516"
"KN295880v1","99268","99580","chr16","34929223","34929534","60","34829955"
"KN295883v1","358589","358877","chr12","73935842","73936129","10","73577253"
"KN295883v1","428159","428485","chr12","73866126","73866422","43","73437967"
"KN295883v1","525590","525879","chr21","31335542","31335829","35","30809952"
"KN295883v1","541380","541675","chr5","59615720","59616020","25","59074340"
"KN295883v1","574433","574540","chr12","73719473","73719582","6","73145040"
"KN295883v1","716523","716645","chr12","73582688","73582799","15","72866165"
"KN295883v1","1016818","1016968","chr12","73317654","73317798","14","72300836"
"KN295891v1","30761","30883","chr1","104571784","104571905","14","104541023"
"KN295892v1","48014","48321","chr9","6420355","6420664","38","6372341"
"KN295892v1","86993","87133","chr24","47590663","47590803","3","47503670"
"KN295892v1","101941","102217","chr24","47606852","47607116","20","47504911"
"KN295893v1","64859","64983","chr21","74667857","74667972","24","74602998"
"KN295893v1","137371","137474","chr11","19071804","19071905","17","18934433"
"KN295893v1","207212","207374","chr2","7329705","7329869","7","7122493"
"KN295893v1","468537","468660","chr2","7069148","7069271","5","6600611"
"KN295893v1","474452","474555","chr16","30499900","30500000","21","30025448"
"KN295893v1","705060","705216","chrX","53619966","53620134","33","52914906"
"KN295893v1","895061","895370","chrX","22558882","22559190","50","21663821"
"KN295893v1","908782","908944","chrUn_KE147541v1","70880","71041","30","837902"
"KN295893v1","1662814","1662968","chr7","19821065","19821216","19","18158251"
"KN295893v1","1776001","1776105","chr8","15274422","15274520","17","13498421"
"KN295893v1","1776934","1777014","chr28","2919408","2919489","13","1142474"
"KN295893v1","1827051","1827348","chr2","5745177","5745464","25","3918126"
"KN295893v1","2214931","2215245","chr2","5371869","5372165","25","3156938"
"KN295893v1","2303937","2304234","chr2","5283874","5284173","11","2979937"
"KN295893v1","2388628","2388912","chr2","5200135","5200428","30","2811507"
"KN295893v1","2506606","2506909","chr2","5083599","5083902","11","2576993"
"KN295893v1","2615417","2615546","chr1","54191733","54191864","14","51576316"
"KN295893v1","2665803","2665881","chr2","4926491","4926570","5","2260688"
"KN295893v1","2882268","2882544","chr14","97983260","97983539","39","95100992"
"KN295893v1","3105259","3105551","chr2","4492005","4492298","15","1386746"
"KN295893v1","3554524","3554538","chr2","4047053","4047066","2","492529"
"KN295893v1","3554567","3554674","chr2","4046920","4047026","10","492353"
"KN295893v1","3871571","3871884","chr2","3735468","3735772","26","136103"
"KN295893v1","4161052","4161184","chr2","3456164","3456285","17","704888"
"KN295893v1","4301588","4301874","chr2","3310941","3311227","18","990647"
"KN295893v1","4755803","4756110","chr8","37977619","37977929","37","33221816"
"KN295893v1","4941396","4941691","chr14","62443102","62443397","28","57501706"
"KN295893v1","4984066","4984246","chrX","63534112","63534291","33","58550046"
"KN295893v1","5450255","5450533","chr2","2235490","2235786","28","3214765"
"KN295893v1","5638252","5638417","chr6","42756418","42756585","27","37118166"
"KN295893v1","5656795","5656905","chr25","54693332","54693442","21","49036537"
"KN295893v1","6326805","6326947","chr14","106639870","106640017","19","100313065"
"KN295893v1","6329777","6330086","chr2","1354924","1355233","15","4974853"
"KN295893v1","6376837","6377137","chr2","1309987","1310297","22","5066850"
"KN295893v1","6421365","6421688","chr19","12494918","12495225","47","6073553"
"KN295893v1","6688684","6688968","chr15","90985625","90985922","45","84296941"
"KN295893v1","6689512","6689656","chr2","1005549","1005690","6","5683963"
"KN295893v1","6827737","6827847","chr9","17225425","17225528","20","10397688"
"KN295893v1","7049309","7049593","chr26","53914369","53914658","56","46865060"
"KN295893v1","7072941","7073113","chr20","12577124","12577295","30","5504183"
"KN295893v1","7152985","7153288","chr2","550699","551001","15","6602286"
"KN295893v1","7154664","7154784","chr2","549254","549378","11","6605410"
"KN295893v1","7191598","7191894","chr6","27788548","27788847","44","20596950"
"KN295893v1","7195462","7195633","chr22","8659871","8660042","28","1464409"
"KN295893v1","7257275","7257555","chr16","49595213","49595488","32","42337938"
"KN295893v1","7315312","7315631","chr11","24638230","24638544","39","17322918"
"KN295893v1","7350587","7350892","chr2","358563","358868","9","6992024"
"KN295893v1","7367072","7367363","chr2","341318","341612","18","7025754"
"KN295893v1","7373966","7374142","chr14","70326149","70326316","33","62952183"
"KN295893v1","7423609","7423783","chr25","15904393","15904561","32","8480784"
"KN295893v1","7475706","7475806","chr25","48878806","48878903","25","41403100"
"KN295893v1","7476099","7476114","chr1","62838567","62838579","6","55362468"
"KN295893v1","7476468","7476755","chr2","248639","248925","17","7227829"
"KN295893v1","7498169","7498479","chr2","226514","226825","14","7271655"
"KN295893v1","7517990","7518103","chr16","70887413","70887525","11","63369423"
"KN295894v1","23499","23792","chr10","52196802","52197084","20","52173303"
"KN295894v1","407563","407741","chr20","96338788","96338956","33","95931225"
"KN295894v1","502572","502642","chr17","27053821","27053892","8","26551249"
"KN295894v1","786877","787060","chr19","25599493","25599672","32","24812616"
"KN295894v1","855455","855555","chr10","51388491","51388591","6","50533036"
"KN295894v1","1074651","1074945","chr24","79862117","79862416","43","78787466"
"KN295894v1","1123806","1124041","chr1","7133233","7133479","48","6009427"
"KN295894v1","1205969","1206280","chr10","51046295","51046600","18","49840326"
"KN295894v1","1345492","1345683","chr10","19939788","19939971","40","18594296"
"KN295894v1","1579179","1579258","chr24","27261491","27261570","8","25682312"
"KN295894v1","1910233","1910528","chr10","50340315","50340612","11","48430082"
"KN295894v1","2243164","2243462","chr10","50003509","50003807","22","47760345"
"KN295894v1","2249993","2250049","chr7","134155168","134155219","17","131905175"
"KN295894v1","2829446","2829537","chr3","89451431","89451520","14","86621985"
"KN295894v1","2908311","2908602","chr10","49366709","49366997","11","46458398"
"KN295894v1","3410545","3410847","chr10","48894265","48894547","36","45483720"
"KN295898v1","724887","725184","chr12","11331203","11331507","37","10606316"
"KN295906v1","175010","175119","chr2","26183013","26183120","19","26008003"
"KN295906v1","383368","383664","chr24","69808297","69808594","36","69424929"
"KN295906v1","591348","591663","chrX","22269787","22270106","49","21678439"
"KN295906v1","741812","742115","chr19","22184863","22185162","38","21443051"
"KN295907v1","148536","148691","chr6","7839767","7839914","24","7691231"
"KN295907v1","148738","148847","chr24","22133252","22133361","20","21984514"
"KN295907v1","1100132","1100434","chr8","19833806","19834108","40","18733674"
"KN295907v1","1100594","1100901","chr8","19833806","19834108","15","18733212"
"KN295907v1","1182711","1182884","chr1","8878701","8878875","36","7695990"
"KN295907v1","1223093","1223390","chr5","57897079","57897385","45","56673986"
"KN295907v1","1249588","1249877","chr8","19977913","19978201","14","18728325"
"KN295907v1","1278822","1279122","chr8","20006505","20006805","8","18727683"
"KN295907v1","1288500","1288614","chr8","20017501","20017617","3","18729001"
"KN295907v1","1530971","1531169","chr8","20254794","20254989","16","18723823"
"KN295907v1","1593651","1593958","chr8","20315371","20315680","13","18721720"
"KN295907v1","1646029","1646131","chr8","20360897","20360998","11","18714868"
"KN295907v1","1650964","1651125","chr10","19929334","19929499","29","18278370"
"KN295907v1","1700317","1700524","chr2","86769531","86769743","34","85069214"
"KN295907v1","1805586","1805719","chrX","46835523","46835653","20","45029937"
"KN295907v1","1809213","1809375","chr8","20518913","20519073","9","18709700"
"KN295907v1","1850526","1850823","chr6","50473108","50473409","35","48622582"
"KN295907v1","1869759","1869837","chr11","12069377","12069457","5","10199618"
"KN295907v1","2405977","2406223","chr8","21111184","21111431","13","18705207"
"KN295907v1","2585025","2585335","chrX","43812074","43812380","41","41227049"
"KN295907v1","2592960","2593251","chr8","21351677","21351972","13","18758717"
"KN295909v1","77116","77255","chr1","54191733","54191864","23","54114617"
"KN295916v1","389","515","chr28","16189476","16189601","26","16189087"
"KN295919v1","121080","121215","chr14","80831905","80832037","13","80710825"
"KN295921v1","1867","1951","chr6","19029743","19029827","3","19027876"
"KN295921v1","34838","35141","chr10","100654763","100655057","55","100619925"
"KN295921v1","37449","37751","chr25","36003207","36003509","39","35965758"
"KN295921v1","39034","39302","chr21","125095843","125096118","49","125056809"
"KN295921v1","73501","73693","chr15","18998078","18998253","39","18924577"
"KN295921v1","119689","119792","chr5","31841247","31841347","15","31721558"
"KN295921v1","126827","127049","chr2","64147718","64147936","34","64020891"
"KN295921v1","152844","152963","chr1","107946753","107946878","18","107793909"
"KN295921v1","214440","214626","chrX","14216408","14216597","36","14001968"
"KN295921v1","245505","245797","chr6","18811797","18812086","27","18566292"
"KN295921v1","251298","251460","chr6","18792801","18792961","6","18541503"
"KN295921v1","310478","310762","chr6","18738189","18738482","26","18427711"
"KN295921v1","329696","329995","chr24","48388669","48388962","51","48058973"
"KN295922v1","39522","39612","chr25","24343131","24343222","6","24303609"
"KN295922v1","45528","45706","chr10","117385991","117386167","29","117340463"
"KN295922v1","173222","173521","chr15","1462896","1463192","31","1289674"
"KN295923v1","348752","349061","chr5","42130720","42131029","12","41781968"
"KN295923v1","530230","530513","chr7","87079141","87079422","40","86548911"
"KN295923v1","613897","613991","chrX","50007830","50007924","10","49393933"
"KN295923v1","658388","658687","chr17","11240933","11241223","53","10582545"
"KN295923v1","765297","765457","chr3","90748339","90748496","34","89983042"
"KN295923v1","765488","765616","chr7","84680615","84680741","27","83915127"
"KN295923v1","857694","857827","chr1","24335590","24335724","14","23477896"
"KN295923v1","895129","895359","chr11","7931903","7932138","36","7036774"
"KN295923v1","925838","925970","chr17","54634148","54634281","14","53708310"
"KN295923v1","1027510","1027816","chr14","60556136","60556443","40","59528626"
"KN295923v1","1043025","1043216","chr12","46467064","46467252","33","45424039"
"KN295923v1","1062892","1063059","chr16","70224259","70224419","25","69161367"
"KN295923v1","1117566","1117862","chr24","79862117","79862416","36","78744551"
"KN295923v1","1121190","1121476","chr5","42898520","42898800","34","41777330"
"KN295923v1","1190257","1190452","chr19","33115164","33115349","32","31924907"
"KN295923v1","1313544","1313841","chr5","43087775","43088079","25","41774231"
"KN295923v1","1371584","1371765","chr5","43144457","43144644","9","41772873"
"KN295923v1","1410102","1410205","chr6","40377439","40377543","22","38967337"
"KN295923v1","1412684","1412896","chr14","63602048","63602261","40","62189364"
"KN295923v1","1453623","1453760","chr5","43226894","43227031","9","41773271"
"KN295923v1","1475162","1475238","chr11","102122774","102122851","17","100647612"
"KN295923v1","1496239","1496539","chr14","63379039","63379336","29","61882800"
"KN295923v1","1781738","1781889","chr24","26988575","26988724","21","25206837"
"KN295923v1","2043618","2043924","chr1","114337364","114337672","42","112293746"
"KN295923v1","2248480","2248783","chr2","75171030","75171331","47","72922550"
"KN295923v1","2327871","2328175","chr5","44086943","44087250","17","41759072"
"KN295923v1","2391287","2391381","chr13","67554341","67554435","15","65163054"
"KN295925v1","426469","426589","chr5","36135293","36135405","17","35708824"
"KN295925v1","454905","455011","chr22","68066876","68066983","12","67611971"
"KN295929v1","292562","292867","chr7","47033865","47034167","25","46741303"
"KN295929v1","292894","293196","chr7","47033865","47034167","24","46740971"
"KN295930v1","588094","588242","chr5","26023768","26023910","22","25435674"
"KN295930v1","616139","616426","chr13","41739317","41739602","34","41123178"
"KN295930v1","641531","641821","chr20","107475222","107475512","32","106833691"
"KN295930v1","659875","660032","chr7","19821065","19821216","37","19161190"
"KN295931v1","199604","199695","chr12","80153237","80153324","18","79953633"
"KN295931v1","462323","462614","chr17","9005931","9006242","30","8543608"
"KN295931v1","492525","492649","chr6","3162186","3162312","23","2669661"
"KN295933v1","62093","62275","chr21","116466768","116466947","37","116404675"
"KN295933v1","278918","279200","chr9","91929735","91930010","56","91650817"
"KN295933v1","392580","392885","chr7","1117819","1118122","17","725239"
"KN295933v1","528686","528824","chr7","976093","976229","6","447407"
"KN295933v1","798168","798426","chr20","7253245","7253502","46","6455077"
"KN295933v1","952151","952232","chr4","49326108","49326186","11","48373957"
"KN295933v1","1134004","1134297","chr16","44886702","44886999","44","43752698"
"KN295933v1","1374753","1374919","chr21","107819096","107819263","21","106444343"
"KN295935v1","84881","84977","chr20","110819537","110819631","14","110734656"
"KN295936v1","491670","491954","chr13","59835559","59835838","40","59343889"
"KN295936v1","498714","498831","chr10","2160205","2160312","25","1661491"
"KN295936v1","893195","893516","chr3","78771032","78771345","48","77877837"
"KN295936v1","1049848","1050028","chr9","58014990","58015155","58","56965142"
"KN295936v1","1054855","1055133","chr11","116573867","116574145","29","115519012"
"KN295936v1","1128227","1128357","chr12","29316319","29316449","4","28188092"
"KN295936v1","1141908","1142232","chr12","29328126","29328444","35","28186218"
"KN295936v1","1221853","1221940","chr14","91991733","91991816","16","90769880"
"KN295936v1","1294637","1294914","chr5","1025496","1025773","46","269141"
"KN295936v1","1311201","1311512","chr12","29496603","29496905","22","28185402"
"KN295936v1","1882650","1882818","chr21","107819096","107819263","18","105936446"
"KN295936v1","2079112","2079403","chr12","30253354","30253653","22","28174242"
"KN295936v1","2132187","2132341","chr8","121203379","121203534","35","119071192"
"KN295936v1","2162400","2162487","chr12","30336740","30336828","5","28174340"
"KN295936v1","2448739","2449032","chr12","30617503","30617801","15","28168764"
"KN295940v1","71745","72043","chr15","90985625","90985922","34","90913880"
"KN295940v1","97773","98056","chr9","15199539","15199828","17","15101766"
"KN295940v1","142103","142408","chr9","15244383","15244687","28","15102280"
"KN295940v1","148049","148197","chr9","15250263","15250410","5","15102214"
"KN295940v1","276478","276773","chr9","15377774","15378064","17","15101296"
"KN295940v1","294183","294264","chr9","15395142","15395219","6","15100959"
"KN295940v1","460067","460366","chr1","65106207","65106504","40","64646140"
"KN295940v1","462688","462955","chr9","15562500","15562765","15","15099812"
"KN295941v1","50961","51257","chr25","19741959","19742246","18","19690998"
"KN295941v1","132055","132357","chr11","6474804","6475104","38","6342749"
"KN295941v1","395177","395299","chr21","106991622","106991744","20","106596445"
"KN295941v1","930615","930712","chr24","1034425","1034517","14","103810"
"KN295941v1","1373149","1373454","chr25","21026537","21026846","18","19653388"
"KN295941v1","1543438","1543740","chr2","75171030","75171331","41","73627592"
"KN295941v1","2027241","2027541","chr25","21676676","21676983","18","19649435"
"KN295941v1","2156930","2157021","chr14","33971515","33971601","15","31814585"
"KN295941v1","2247036","2247190","chr1","55471710","55471867","30","53224674"
"KN295941v1","2431301","2431426","chr8","7137713","7137833","27","4706412"
"KN295941v1","2694693","2694993","chr25","22265282","22265589","21","19570589"
"KN295943v1","38557","38781","chr25","64560611","64560840","43","64522054"
"KN295943v1","93187","93308","chr13","29750048","29750169","16","29656861"
"KN295943v1","459080","459191","chr9","29603421","29603533","22","29144341"
"KN295943v1","507742","508050","chr9","113585701","113586012","18","113077959"
"KN295943v1","646812","646949","chr9","113713687","113713831","15","113066875"
"KN295949v1","72621","72730","chr1","114461647","114461755","21","114389026"
"KN295954v1","66540","66835","chr19","21696657","21696957","23","21630117"
"KN295954v1","67668","67856","chr19","33115164","33115349","39","33047496"
"KN295957v1","122547","122713","chr20","96338788","96338956","37","96216241"
"KN295960v1","362572","362876","chr8","104968109","104968413","18","104605537"
"KN295962v1","9117","9414","chr24","69808297","69808594","29","69799180"
"KN295962v1","240088","240251","chr3","52082928","52083094","31","51842840"
"KN295962v1","321887","322006","chr28","5944485","5944604","3","5622598"
"KN295962v1","360882","361177","chr6","10969061","10969363","42","10608179"
"KN295962v1","373195","373308","chr28","5995465","5995578","1","5622270"
"KN295962v1","409227","409517","chr16_KE148036v1_random","11116","11404","34","398111"
"KN295962v1","474976","475153","chr17","48522634","48522804","28","48047658"
"KN295962v1","575311","575497","chrX","63534112","63534291","36","62958801"
"KN295962v1","663700","663983","chrX","60711286","60711566","29","60047586"
"KN295962v1","908643","908760","chr6","4502159","4502271","25","3593516"
"KN295962v1","912181","912486","chr11","8684527","8684834","41","7772346"
"KN295962v1","1138268","1138480","chr14","49783725","49783939","37","48645457"
"KN295962v1","1239993","1240196","chrX","92168581","92168768","40","90928588"
"KN295962v1","1415363","1415637","chr28","7019631","7019898","23","5604268"
"KN295962v1","1457393","1457507","chr5","36135293","36135405","21","34677900"
"KN295962v1","1534848","1535142","chr7","133952560","133952863","46","132417712"
"KN295962v1","1567080","1567304","chr28","7255640","7255866","39","5688560"
"KN295962v1","1588119","1588235","chr28","7177483","7177598","8","5589364"
"KN295962v1","1610023","1610141","chr28","8808781","8808903","27","7198758"
"KN295962v1","1646007","1646307","chr14","64691189","64691488","35","63045182"
"KN295962v1","1667080","1667295","chr28","7255640","7255866","34","5588560"
"KN295962v1","1710226","1710506","chr28","7301169","7301478","35","5590943"
"KN295962v1","1721185","1721275","chr28","7312050","7312148","10","5590865"
"KN295962v1","1783529","1783622","chr25","63188504","63188599","16","61404975"
"KN295962v1","1815779","1816086","chr13","86113448","86113756","38","84297669"
"KN295962v1","1828466","1828777","chr28","7409012","7409330","28","5580546"
"KN295962v1","1831654","1831928","chr20","89538413","89538691","38","87706759"
"KN295962v1","1848249","1848559","chr28","7438019","7438324","22","5589770"
"KN295962v1","1915480","1915731","chr3","13336264","13336512","32","11420784"
"KN295962v1","1964304","1964414","chr5","36135293","36135405","20","34170989"
"KN295962v1","1972480","1972779","chr28","7560227","7560531","23","5587747"
"KN295962v1","1989693","1989986","chr1","18440198","18440492","40","16450505"
"KN295962v1","2044183","2044432","chr28","7624698","7624946","9","5580515"
"KN295962v1","2120858","2120960","chr4","74483370","74483469","13","72362512"
"KN295962v1","2124837","2124964","chr28","7703108","7703236","10","5578271"
"KN295962v1","2261219","2261381","chr3","52082928","52083094","27","49821709"
"KN295962v1","2392253","2392405","chr28","7973765","7973915","10","5581512"
"KN295962v1","2455193","2455280","chr28","8034694","8034778","13","5579501"
"KN295962v1","2508383","2508490","chr9","94503818","94503925","16","91995435"
"KN295962v1","2508538","2508558","chr25","70743913","70743930","4","68235375"
"KN295963v1","144742","145001","chr21","49677439","49677724","42","49532697"
"KN295963v1","392070","392327","chr21","49925064","49925318","14","49532994"
"KN295967v1","121387","121529","chr14","100342600","100342742","31","100221213"
"KN295967v1","282889","283027","chr19","12289205","12289344","19","12006316"
"KN295967v1","492161","492456","chr19","4361166","4361457","36","3869005"
"KN295967v1","513506","513796","chr12","60489228","60489516","16","59975722"
"KN295967v1","559599","559725","chr8","90060565","90060690","18","89500966"
"KN295967v1","561292","561405","chr20","70117821","70117930","21","69556529"
"KN295967v1","571703","571993","chr6","28356222","28356506","41","27784519"
"KN295967v1","581208","581526","chr3","76909433","76909740","47","76328225"
"KN295967v1","583850","584168","chr3","76909433","76909740","47","76325583"
"KN295967v1","589873","590167","chr12","60558329","60558624","17","59968456"
"KN295967v1","614874","615039","chr20","96338788","96338956","28","95723914"
"KN295967v1","625722","625822","chr1","105231298","105231407","20","104605576"
"KN295967v1","627770","627994","chr26","24535323","24535571","52","23907553"
"KN295967v1","653747","653925","chr5","737199","737370","34","83452"
"KN295967v1","654931","655150","chr24","64203318","64203539","44","63548387"
"KN295967v1","839396","839698","chr7","56408041","56408348","64","55568645"
"KN295967v1","861347","861460","chr8","20017501","20017617","14","19156154"
"KN295967v1","869278","869418","chr2","26292597","26292733","25","25423319"
"KN295967v1","940959","941257","chr12","60877056","60877363","21","59936097"
"KN295967v1","1124954","1125259","chr12","61062164","61062470","21","59937210"
"KN295967v1","1373000","1373284","chr12","61301436","61301736","31","59928436"
"KN295967v1","1767304","1767610","chr12","61690151","61690454","23","59922847"
"KN295968v1","65331","65498","chr12","53066244","53066408","25","53000913"
"KN295969v1","6861","7154","chr6","27788548","27788847","46","27781687"
"KN295974v1","484491","484738","chr15","78690950","78691189","63","78206459"
"KN295974v1","804421","804722","chr20","76486042","76486346","11","75681621"
"KN295974v1","1087197","1087304","chr28","10374817","10374920","22","9287620"
"KN295974v1","1089591","1089898","chr20","76205554","76205861","17","75115963"
"KN295974v1","1894324","1894621","chr20","75442643","75442937","21","73548319"
"KN295974v1","2091832","2092117","chr25","3816659","3816942","58","1724827"
"KN295974v1","2286797","2286973","chr21","107819096","107819263","30","105532299"
"KN295974v1","2478583","2478823","chr2","68433629","68433859","54","65955046"
"KN295974v1","2479583","2479863","chr25","3816659","3816942","48","1337076"
"KN295974v1","3058376","3058505","chr20","74308544","74308669","8","71250168"
"KN295974v1","3064578","3064736","chr1","10597738","10597895","25","7533160"
"KN295974v1","3589594","3589886","chr4","31030949","31031241","50","27441355"
"KN295974v1","4137932","4138122","chr20","104124772","104124963","31","99986840"
"KN295976v1","26632","26878","chr27","27418766","27419013","11","27392134"
"KN295976v1","196287","196589","chr23","19210897","19211203","42","19014610"
"KN295977v1","1081","1385","chr1","69849853","69850156","16","69848772"
"KN295977v1","112591","112758","chr8","44076853","44077017","31","43964262"
"KN295977v1","147306","147402","chr10","87167334","87167432","20","87020028"
"KN295977v1","470446","470526","chrX","52233766","52233842","20","51763320"
"KN295977v1","499886","500000","chr16","17573488","17573597","17","17073602"
"KN295977v1","526037","526329","chr26","30682990","30683283","33","30156953"
"KN295977v1","544880","545018","chr1","69315551","69315686","11","68770671"
"KN295977v1","545326","545458","chr1","69315110","69315242","6","68769784"
"KN295977v1","545822","546120","chr24","69808297","69808594","29","69262475"
"KN295977v1","677576","677665","chr5","32476193","32476284","13","31798617"
"KN295977v1","679685","679992","chr7","27126518","27126827","37","26446833"
"KN295977v1","687991","688110","chr16","70887413","70887525","19","70199422"
"KN295977v1","818802","819110","chr19","16092941","16093246","40","15274139"
"KN295977v1","909330","909603","chr1","68964480","68964768","21","68055150"
"KN295977v1","971748","972055","chr26","25879337","25879644","39","24907589"
"KN295977v1","1054444","1054734","chr1","68825660","68825953","15","67771216"
"KN295977v1","1065336","1065387","chr6","2372891","2372937","17","1307555"
"KN295977v1","1065747","1065899","chr6","2935048","2935204","31","1869301"
"KN295977v1","1075928","1076009","chr1","68805221","68805307","9","67729293"
"KN295977v1","1121392","1121674","chr20","110637568","110637857","37","109516176"
"KN295977v1","1176172","1176342","chr18","58468561","58468729","32","57292389"
"KN295977v1","1441454","1441604","chr1","68432971","68433106","22","66991517"
"KN295980v1","89914","90044","chr9","39978024","39978151","14","39888110"
"KN295980v1","423311","423645","chr3","86901357","86901679","54","86478046"
"KN295980v1","680205","680374","chr14","36731633","36731798","34","36051428"
"KN295980v1","858165","858336","chr7","39223535","39223704","31","38365370"
"KN295980v1","939185","939473","chr28","16552872","16553163","42","15613687"
"KN295980v1","951800","951919","chr17","62794759","62794875","18","61842959"
"KN295980v1","1057459","1057599","chr17","51711470","51711606","17","50654011"
"KN295980v1","1078011","1078305","chr1","18440198","18440492","32","17362187"
"KN295980v1","1122685","1122835","chr27","9474808","9474953","25","8352123"
"KN295980v1","1144060","1144141","chr1","24886470","24886549","13","23742410"
"KN295980v1","1158248","1158417","chr3","90477940","90478106","32","89319692"
"KN295983v1","130979","131260","chr8","122004666","122004948","35","121873687"
"KN295983v1","48508","48643","chr9","13835099","13835235","17","13786591"
"KN295983v1","82637","82931","chr27","11100940","11101245","28","11018303"
"KN295983v1","91894","92012","chr16","70887413","70887525","23","70795519"
"KN295983v1","117730","118029","chr10","91785461","91785764","37","91667731"
"KN295983v1","138394","138495","chr15","10432185","10432289","14","10293791"
"KN295983v1","195077","195376","chr19","14526001","14526299","36","14330924"
"KN295983v1","246042","246345","chr19","22184863","22185162","36","21938821"
"KN295983v1","250373","250459","chr2","85445888","85445973","13","85195515"
"KN295983v1","316835","317136","chr14","60556136","60556443","43","60239301"
"KN295983v1","351082","351375","chr27","11368391","11368683","15","11017309"
"KN295983v1","459557","459704","chr27","11476685","11476827","13","11017128"
"KN295983v1","622848","623158","chr27","11653173","11653473","17","11030325"
"KN295983v1","659565","659892","chr27","11689813","11690128","38","11030248"
"KN295983v1","861401","861694","chr8","94255223","94255517","41","93393822"
"KN295983v1","880379","880474","chr14","74952571","74952666","14","74072192"
"KN295983v1","1013353","1013649","chr27","12033976","12034269","13","11020623"
"KN295983v1","1034459","1034761","chr27","12054955","12055258","15","11020496"
"KN295983v1","1341544","1341848","chr27","12356391","12356687","18","11014847"
"KN295983v1","1977022","1977329","chr14","60556136","60556443","39","58579114"
"KN295983v1","2140299","2140608","chr1","25859144","25859449","44","23718845"
"KN295983v1","2202000","2202303","chrX","120343813","120344115","44","118141813"
"KN295983v1","2249005","2249309","chr27","13227414","13227718","23","10978409"
"KN295983v1","2316514","2316670","chr27","13298699","13298850","14","10982185"
"KN295983v1","2377818","2378096","chr1","30488926","30489207","33","28111108"
"KN295983v1","2379840","2379957","chr27","13363141","13363258","9","10983301"
"KN295983v1","2833226","2833523","chr27","13793569","13793867","18","10960343"
"KN295983v1","3529938","3530254","chr25","32250207","32250512","52","28720269"
"KN295983v1","3543000","3543093","chr5","31841247","31841347","16","28298247"
"KN295984v1","140420","140593","chr25","15904393","15904561","24","15763973"
"KN295984v1","444213","444493","chr4","36915476","36915756","38","36471263"
"KN295984v1","684574","684705","chr15","5595133","5595260","20","4910559"
"KN295984v1","913293","913594","chr12","13518654","13518953","11","12605361"
"KN295984v1","1021904","1022203","chr29","8326246","8326540","34","7304342"
"KN295984v1","1054558","1054850","chr15","90985625","90985922","39","89931067"
"KN295984v1","1101418","1101724","chr12","13338993","13339299","13","12237575"
"KN295984v1","1114852","1115018","chr14","36731633","36731798","30","35616781"
"KN295984v1","1117914","1118221","chr9","19597808","19598111","33","18479894"
"KN295984v1","1141732","1142032","chr8","9650849","9651146","36","8509117"
"KN295984v1","1146781","1147094","chr11","8684527","8684834","49","7537746"
"KN295984v1","1181507","1181674","chr21","107819096","107819263","26","106637589"
"KN295984v1","1236425","1236731","chr1","25859144","25859449","49","24622719"
"KN295984v1","1236737","1236904","chr21","107819096","107819263","25","106582359"
"KN295984v1","1296578","1296876","chr13","64950349","64950657","53","63653771"
"KN295984v1","1297516","1297799","chr12","13150790","13151065","34","11853274"
"KN295984v1","1402644","1402770","chr14","18470633","18470756","21","17067989"
"KN295984v1","1420872","1421170","chr12","13033870","13034161","22","11612998"
"KN295984v1","1428622","1428929","chr12","13027177","13027482","15","11598555"
"KN295984v1","1439559","1439847","chr12","13016695","13016981","19","11577136"
"KN295984v1","1493630","1493764","chr12","12958144","12958275","10","11464514"
"KN295984v1","1512297","1512405","chr15","17989360","17989465","17","16477063"
"KN295984v1","1514180","1514288","chr15","17989360","17989465","17","16475180"
"KN295984v1","1525770","1525974","chr12","12943941","12944146","11","11418171"
"KN295984v1","1554224","1554517","chr12","12912824","12913118","12","11358600"
"KN295984v1","1571579","1571800","chr22","79356315","79356548","44","77784736"
"KN295984v1","1580545","1580833","chr12","12890108","12890395","18","11309563"
"KN295984v1","1604152","1604459","chr1","65106207","65106504","46","63502055"
"KN295984v1","1645332","1645631","chr13","65587063","65587353","44","63941731"
"KN295984v1","1780385","1780507","chr21","11575693","11575812","29","9795308"
"KN295984v1","1873233","1873526","chr12","12603238","12603541","18","10730005"
"KN295984v1","1954190","1954298","chr12","12528534","12528647","7","10574344"
"KN295984v1","2082342","2082425","chr10","45917702","45917786","16","43835360"
"KN295984v1","2445737","2445834","chr20","100112314","100112409","18","97666577"
"KN295984v1","2815623","2815814","chr28","14374070","14374256","31","11558447"
"KN295984v1","2868214","2868523","chr12","11633684","11633993","13","8765470"
"KN295984v1","2870009","2870304","chr12","11631917","11632213","21","8761908"
"KN295984v1","2952968","2953266","chr9","1025372","1025668","29","1927596"
"KN295984v1","3171193","3171484","chr12","11331203","11331507","23","8160010"
"KN295984v1","3259615","3259772","chr12","18498518","18498675","25","15238903"
"KN295984v1","3345852","3345981","chr12","11153882","11154002","15","7808030"
"KN295987v1","59003","59292","chr9","21358440","21358726","26","21299437"
"KN295987v1","95615","95777","chrUn_KE147541v1","70880","71041","30","24735"
"KN295987v1","106829","107128","chr15","35040458","35040756","18","34933629"
"KN295987v1","146753","147055","chr15","34999409","34999714","22","34852656"
"KN295987v1","285458","285641","chr18","58468561","58468729","32","58183103"
"KN295987v1","330748","330931","chr13","38693871","38694044","38","38363123"
"KN295987v1","335615","335717","chr8","62515316","62515417","11","62179701"
"KN295987v1","391363","391493","chr15","34780053","34780183","4","34388690"
"KN295987v1","446855","446981","chr14","18470633","18470756","17","18023778"
"KN295987v1","456682","456768","chr9","117009344","117009425","18","116552662"
"KN295987v1","565583","565744","chr10","122138385","122138550","34","121572802"
"KN295987v1","565781","565837","chr2","80415349","80415405","6","79849568"
"KN295987v1","614691","614976","chr13","63299463","63299760","46","62684772"
"KN295987v1","1044220","1044495","chr2","85444963","85445236","40","84400743"
"KN295987v1","1340660","1340968","chr15","33859181","33859462","36","32518521"
"KN295987v1","1710614","1710783","chr21","67869598","67869767","26","66158984"
"KN295987v1","1755074","1755403","chr1","66091724","66092057","62","64336650"
"KN295987v1","1901508","1901683","chr15","33336831","33337009","8","31435323"
"KN295987v1","1960918","1961195","chr23_AQIB01158991v1_random","8995","9272","51","1951923"
"KN295988v1","259525","259650","chr11","106587000","106587123","16","106327475"
"KN295988v1","348118","348435","chr9","105218488","105218806","22","104870370"
"KN295988v1","350589","350898","chr23","26655146","26655450","43","26304557"
"KN295988v1","417380","417683","chr20","104230321","104230629","38","103812941"
"KN295988v1","418031","418211","chr19","7192289","7192466","33","6774258"
"KN295988v1","456472","456567","chr9","105322219","105322320","13","104865747"
"KN295988v1","896954","897235","chr18","52029875","52030153","30","51132921"
"KN295988v1","990876","990999","chr9","57620344","57620466","10","56629468"
"KN295988v1","1012315","1012621","chr9","105870868","105871171","16","104858553"
"KN295988v1","1116836","1116953","chr20","70117821","70117930","17","69000985"
"KN295991v1","447509","447816","chr11","8684527","8684834","38","8237018"
"KN295991v1","470258","470349","chr10","98829892","98829985","7","98359634"
"KN295994v1","125525","125664","chr22","83059235","83059369","29","82933710"
"KN295994v1","400004","400130","chr27","38860831","38860962","23","38460827"
"KN295994v1","431665","431758","chr4","70311569","70311664","16","69879904"
"KN295994v1","561467","561701","chr26","52945037","52945282","47","52383570"
"KN295994v1","792910","793230","chr18","47834203","47834515","26","47041293"
"KN295995v1","74519","74661","chr24","11354944","11355093","37","11280425"
"KN295995v1","75790","76083","chr9","13195898","13196191","18","13120108"
"KN295995v1","82538","82816","chr13","42319396","42319678","45","42236858"
"KN295995v1","209766","210067","chr9","13325046","13325347","17","13115280"
"KN295995v1","221526","221800","chr9","13336321","13336596","10","13114795"
"KN295995v1","263052","263216","chr9","13379894","13380048","15","13116842"
"KN295995v1","269424","269570","chrX","108711335","108711486","25","108441911"
"KN295995v1","279831","279940","chr2","84176364","84176472","13","83896533"
"KN295995v1","286687","286863","chr9","13402188","13402355","17","13115501"
"KN295995v1","287175","287325","chr9","13402671","13402821","3","13115496"
"KN295995v1","347925","348228","chr9","13462678","13462985","23","13114753"
"KN295995v1","453409","453707","chr9","13568003","13568301","26","13114594"
"KN295995v1","470698","471002","chr16","51631281","51631589","50","51160583"
"KN295995v1","476260","476394","chr9","13590921","13591055","4","13114661"
"KN295995v1","591885","592185","chr16","2621276","2621572","41","2029391"
"KN295995v1","647094","647182","chr18","59219505","59219594","16","58572411"
"KN295995v1","726868","727008","chr9","13835099","13835235","14","13108231"
"KN295995v1","982606","982894","chr14","33159127","33159417","40","32176521"
"KN295995v1","1583340","1583449","chr20","85379885","85379994","18","83796545"
"KN295995v1","1696235","1696285","chr3","36261455","36261506","6","34565220"
"KN295995v1","1704272","1704563","chr9","14795429","14795736","30","13091157"
"KN295995v1","1898831","1898987","chrUn_KE147541v1","70880","71041","33","1827951"
"KN295995v1","1960173","1960464","chr9","15055549","15055854","33","13095376"
"KN295996v1","53284","53491","chr7","55642951","55643146","57","55589667"
"KN295996v1","134870","134991","chr8","69330858","69330977","6","69195988"
"KN295996v1","173915","174223","chr8","69370565","69370875","25","69196650"
"KN295996v1","218197","218371","chr21","107819096","107819263","28","107600899"
"KN295996v1","316567","316839","chr8","69512957","69513225","17","69196390"
"KN295996v1","316842","317025","chrX","92168581","92168768","30","91851739"
"KN295996v1","321884","322058","chr19","25599493","25599672","25","25277609"
"KN295996v1","329282","329430","chr16","67037376","67037523","32","66708094"
"KN295996v1","341114","341279","chr9","104581949","104582115","32","104240835"
"KN295996v1","353334","353451","chr8","69549358","69549478","5","69196024"
"KN295996v1","415516","415806","chr8","69610048","69610337","24","69194532"
"KN295996v1","438962","439253","chrX","14817479","14817767","34","14378517"
"KN296000v1","10657","10960","chr19","26992368","26992672","41","26981711"
"KN296000v1","192705","192989","chr3","17740244","17740531","52","17547539"
"KN296000v1","710748","711044","chr13","63341266","63341562","12","62630518"
"KN296000v1","761631","761924","chr13","63299463","63299760","15","62537832"
"KN296000v1","808090","808200","chr15","16311393","16311504","16","15503303"
"KN296000v1","864577","864679","chr25","71387915","71388017","13","70523338"
"KN296000v1","959935","960204","chr9","21358440","21358726","50","20398505"
"KN296000v1","960966","961264","chr13","63086716","63087008","12","62125750"
"KN296000v1","968932","969043","chr13","64178076","64178184","25","63209144"
"KN296000v1","982704","983009","chr13","63063441","63063745","19","62080737"
"KN296000v1","983531","983823","chr14","33159127","33159417","35","32175596"
"KN296000v1","987717","988023","chr13","63058200","63058495","25","62070483"
"KN296000v1","991968","992065","chr13","63053836","63053937","8","62061868"
"KN296000v1","1026572","1026672","chrX","17052248","17052348","15","16025676"
"KN296000v1","1155168","1155454","chr13","62895519","62895817","26","61740351"
"KN296000v1","1181913","1182083","chr14","70897136","70897302","31","69715223"
"KN296000v1","1197377","1197485","chr9","12560878","12560986","19","11363501"
"KN296000v1","1204514","1204706","chr10","117385991","117386167","43","116181477"
"KN296000v1","1223198","1223504","chr13","87240745","87241053","22","86017547"
"KN296000v1","1240563","1240846","chrX","50590083","50590370","37","49349520"
"KN296000v1","1303424","1303599","chr20","8927653","8927826","27","7624229"
"KN296002v1","5283","5497","chr6","43202416","43202630","31","43197133"
"KN296002v1","164453","164760","chr1","114337364","114337672","46","114172911"
"KN296002v1","235145","235450","chr14","16182377","16182684","17","15947232"
"KN296002v1","245287","245444","chrUn_KE147541v1","70880","71041","25","174407"
"KN296002v1","364077","364368","chr14","16051516","16051807","9","15687439"
"KN296004v1","8645","8828","chrX","14216408","14216597","28","14207763"
"KN296004v1","9146","9279","chrX","14215957","14216090","5","14206811"
"KN296004v1","494245","494536","chrX","13754052","13754343","12","13259807"
"KN296004v1","511288","511567","chr20","110637568","110637857","44","110126280"
"KN296004v1","541156","541250","chr11","38491243","38491337","13","37950087"
"KN296008v1","90694","90943","chr6","4880562","4880810","39","4789868"
"KN296009v1","27400","27496","chr17","56389141","56389240","18","56361741"
"KN296009v1","424556","424668","chr17","67350007","67350119","3","66925451"
"KN296009v1","520697","520996","chr17","67447345","67447637","21","66926648"
"KN296009v1","557540","557829","chr17","67483597","67483899","26","66926057"
"KN296009v1","562506","562816","chr11","8684527","8684834","47","8122021"
"KN296009v1","744370","744535","chr17","67660502","67660664","11","66916132"
"KN296009v1","1006317","1006460","chr17","67917551","67917704","15","66911234"
"KN296009v1","1056064","1056151","chr10","73357970","73358049","21","72301906"
"KN296009v1","1253450","1253753","chr17","68158363","68158672","21","66904913"
"KN296009v1","1255078","1255373","chr20","33479605","33479899","36","32224527"
"KN296009v1","1455211","1455387","chr17","68350038","68350213","6","66894827"
"KN296009v1","1455695","1455827","chr17","68350521","68350653","7","66894826"
"KN296011v1","243657","243754","chr24","81544617","81544715","17","81300960"
"KN296011v1","245169","245342","chr11","91553458","91553627","24","91308289"
"KN296011v1","395087","395371","chr6","30061144","30061439","39","29666057"
"KN296017v1","67095","67377","chr20","128637920","128638204","16","128570825"
"KN296017v1","238784","238909","chrX","69044896","69045023","22","68806112"
"KN296019v1","30711","30888","chr21","107819096","107819263","28","107788385"
"KN296019v1","73505","73617","chr5","36135293","36135405","14","36061788"
"KN296019v1","145319","145429","chrX","44424941","44425051","1","44279622"
"KN296019v1","290996","291137","chrX","44563876","44564014","8","44272880"
"KN296019v1","300371","300498","chr10","111191081","111191207","17","110890710"
"KN296019v1","380158","380266","chr5","11500676","11500780","20","11120518"
"KN296019v1","432171","432458","chrX","44708664","44708970","30","44276493"
"KN296019v1","546395","546536","chr14","68555890","68556029","21","68009495"
"KN296019v1","570487","570789","chrX","44831256","44831559","14","44260769"
"KN296021v1","39355","39655","chrX","27388291","27388591","18","27348936"
"KN296021v1","170045","170349","chr11","8684527","8684834","33","8514482"
"KN296024v1","53481","53614","chr20","44434649","44434776","7","44381168"
"KN296024v1","108511","108625","chr20","44379965","44380086","13","44271454"
"KN296025v1","277706","278009","chr21","13859037","13859338","34","13581331"
"KN296027v1","28148","28444","chrX","35380605","35380915","46","35352457"
"KN296027v1","86818","87121","chr10","38416320","38416663","52","38329502"
"KN296027v1","104651","104938","chr17","45612741","45613024","35","45508090"
"KN296035v1","88492","88797","chr14","60556136","60556443","41","60467644"
"KN296035v1","286584","286770","chr9","99198588","99198763","17","98912004"
"KN296035v1","316213","316312","chr20","116482976","116483074","12","116166763"
"KN296035v1","765869","765978","chr6","4502159","4502271","13","3736290"
"KN296035v1","816259","816557","chr9","99719769","99720077","24","98903510"
"KN296036v1","243005","243313","chr15","4681005","4681306","22","4438000"
"KN296036v1","485004","485298","chr1","49081899","49082197","44","48596895"
"KN296036v1","539923","540113","chr20","122226432","122226619","32","121686509"
"KN296036v1","622312","622596","chr15","5077172","5077465","26","4454860"
"KN296036v1","623526","623841","chr15","5078386","5078688","27","4454860"
"KN296036v1","678793","679086","chr17","40216360","40216654","32","39537567"
"KN296036v1","749097","749267","chr7","12120533","12120704","24","11371436"
"KN296036v1","766125","766275","chrX","108711335","108711486","23","107945210"
"KN296036v1","826608","826883","chr22","4417623","4417879","55","3591015"
"KN296036v1","836867","836988","chrX","59096751","59096859","23","58259884"
"KN296036v1","866800","866923","chrX","25443350","25443459","26","24576550"
"KN296036v1","979976","980273","chr15","5432710","5433006","17","4452734"
"KN296036v1","980460","980678","chr6","45460141","45460368","38","44479681"
"KN296036v1","996122","996252","chr6","42033420","42033551","17","41037298"
"KN296036v1","1054554","1054740","chr19","33115164","33115349","32","32060610"
"KN296036v1","1076914","1077006","chr12","65190832","65190923","14","64113918"
"KN296036v1","1116318","1116483","chrX","11232302","11232463","26","10115984"
"KN296036v1","1253110","1253395","chr15","5701373","5701658","18","4448263"
"KN296036v1","1265836","1265981","chr15","5713298","5713436","14","4447462"
"KN296036v1","1357637","1357782","chr15","5796396","5796539","9","4438759"
"KN296036v1","1362526","1362701","chr25","78349361","78349534","30","76986835"
"KN296036v1","1485534","1485780","chr15","5913179","5913452","30","4427645"
"KN296036v1","1507080","1507377","chr21","103799077","103799372","36","102291997"
"KN296036v1","1566279","1566546","chr15","5981093","5981360","12","4414814"
"KN296036v1","1584232","1584519","chr5","59615720","59616020","45","58031488"
"KN296036v1","1655191","1655276","chr22","70814500","70814588","15","69159309"
"KN296036v1","1722838","1723010","chr20","8927653","8927826","27","7204815"
"KN296036v1","1777608","1777906","chr15","6181584","6181889","21","4403976"
"KN296036v1","1845438","1845737","chr15","6253622","6253914","21","4408184"
"KN296036v1","1847495","1847802","chr15","6255675","6255965","23","4408180"
"KN296036v1","1915477","1915551","chr4","72870249","72870322","14","70954772"
"KN296036v1","2028549","2028850","chr15","6426018","6426320","10","4397469"
"KN296036v1","2122702","2122999","chr15","6517688","6517985","16","4394986"
"KN296036v1","2266437","2266730","chr12","7914979","7915283","64","5648542"
"KN296036v1","2415687","2415995","chr15","6799661","6799961","30","4383974"
"KN296040v1","123784","123949","chr20","115272624","115272788","31","115148840"
"KN296040v1","190269","190563","chr21","103799077","103799372","37","103608808"
"KN296040v1","314580","314877","chr9","88516553","88516863","24","88201973"
"KN296040v1","379051","379172","chr3","78063776","78063902","19","77684725"
"KN296040v1","389655","389968","chr28","19825395","19825717","45","19435740"
"KN296040v1","481265","481433","chr11","57523921","57524086","28","57042656"
"KN296040v1","489834","489997","chr11","44985103","44985269","27","44495269"
"KN296040v1","495156","495463","chr9","88702601","88702905","24","88207445"
"KN296040v1","795235","795535","chr9","88989902","88990195","15","88194667"
"KN296042v1","14846","15118","chr5","35847091","35847353","57","35832245"
"KN296042v1","82135","82262","chr8","69549358","69549478","27","69467223"
"KN296042v1","116885","117075","chr27","48072431","48072616","37","47955546"
"KN296042v1","159139","159258","chr8","78811446","78811565","5","78652307"
"KN296042v1","266164","266362","chr12","34753725","34753929","38","34487561"
"KN296042v1","430937","431054","chr8","79058294","79058411","4","78627357"
"KN296042v1","493148","493245","chr5","70170941","70171034","24","69677793"
"KN296042v1","618439","618700","chr4","53277483","53277749","51","52659044"
"KN296043v1","13879","14141","chrX","57088529","57088795","15","57074650"
"KN296052v1","16568","16861","chr4","59072752","59073036","29","59056184"
"KN296054v1","68621","68846","chr21","80457374","80457626","35","80388753"
"KN296054v1","120302","120475","chr1","15530206","15530378","31","15409904"
"KN296056v1","81678","81913","chr12","44519999","44520223","48","44438321"
"KN296058v1","36163","36456","chr3","58897334","58897627","56","58861171"
"KN296058v1","198560","198788","chr3","14250498","14250728","55","14051938"
"KN296061v1","36551","36636","chr5","8661889","8661970","18","8625338"
"KN296061v1","59165","59484","chr18","27059464","27059801","48","27000299"
"KN296061v1","90132","90454","chr22","49446245","49446554","54","49356113"
"KN296062v1","47027","47308","chr1","6009008","6009295","20","5961981"
"KN296062v1","480942","481250","chr14","20755884","20756188","41","20274942"
"KN296062v1","507222","507522","chr14","13220265","13220566","41","12713043"
"KN296062v1","610304","610484","chr1","6556006","6556184","9","5945702"
"KN296062v1","738698","738977","chr2","36197770","36198042","36","35459072"
"KN296062v1","746587","746894","chr1","6703181","6703488","15","5956594"
"KN296062v1","838463","838606","chr14","59427074","59427214","31","58588611"
"KN296062v1","928993","929151","chr7","39223535","39223704","30","38294542"
"KN296062v1","1081244","1081518","chr1","7030184","7030461","14","5948940"
"KN296062v1","1099689","1099989","chr29","8326246","8326540","34","7226557"
"KN296062v1","1116715","1116795","chr20","70751635","70751716","11","69634920"
"KN296062v1","1151361","1151646","chr1","7099796","7100097","23","5948435"
"KN296062v1","1181565","1181645","chrX","11215961","11216022","29","10034396"
"KN296062v1","1196532","1196701","chr14","70326149","70326316","25","69129617"
"KN296062v1","1280161","1280441","chr24","82005066","82005346","31","80724905"
"KN296062v1","1281865","1282012","chr6","4157525","4157687","36","2875660"
"KN296062v1","1288327","1288426","chr3","89451431","89451520","23","88163104"
"KN296062v1","1320978","1321131","chr1","7271510","7271660","10","5950532"
"KN296062v1","1350958","1351254","chr20","38149866","38150159","41","36798908"
"KN296062v1","1352316","1352516","chr9","95599716","95599904","42","94247400"
"KN296062v1","1355326","1355616","chr27","8432216","8432508","51","7076890"
"KN296062v1","1398863","1399136","chr1","7350876","7351137","19","5952013"
"KN296062v1","1409406","1409557","chrX","108711335","108711486","27","107301929"
"KN296062v1","1467931","1468013","chr1","7419446","7419528","2","5951515"
"KN296062v1","1482816","1483125","chr19","12494918","12495225","44","11012102"
"KN296062v1","1535658","1535812","chr10","122138385","122138550","34","120602727"
"KN296062v1","1551123","1551306","chr10","19929334","19929499","44","18378211"
"KN296062v1","1579198","1579499","chr1","7541595","7541897","15","5962397"
"KN296062v1","1603941","1604119","chr19","25599493","25599672","32","23995552"
"KN296062v1","1639464","1639597","chr1","7601918","7602047","11","5962454"
"KN296062v1","1776087","1776268","chr19","7192289","7192466","35","5416202"
"KN296062v1","1797321","1797621","chr1","7756214","7756515","14","5958893"
"KN296062v1","1802302","1802597","chr1","7762246","7762541","12","5959944"
"KN296062v1","1858666","1858772","chr27","19881572","19881674","14","18022906"
"KN296062v1","1866019","1866299","chr25","28869789","28870071","45","27003770"
"KN296062v1","1918112","1918217","chr15","17989360","17989465","19","16071248"
"KN296062v1","1996855","1997033","chr6","29996165","29996327","43","27999310"
"KN296062v1","2123487","2123616","chr4","73746202","73746333","15","71622715"
"KN296062v1","2285042","2285204","chr14","36731633","36731798","28","34446591"
"KN296062v1","2336584","2336669","chr14","91991733","91991816","18","89655149"
"KN296062v1","2490016","2490309","chr1","8447422","8447710","18","5957406"
"KN296062v1","2551012","2551315","chr13","78191522","78191821","46","75640510"
"KN296062v1","2586990","2587294","chr11","6474804","6475104","34","3887814"
"KN296062v1","2692786","2692853","chr24","39086005","39086070","12","36393219"
"KN296063v1","48894","49041","chr9","5437230","5437373","6","5388336"
"KN296063v1","53318","53461","chr9","5441676","5441819","6","5388358"
"KN296063v1","247032","247178","chr6","1947496","1947639","28","1700464"
"KN296063v1","257530","257672","chr9","5627501","5627627","22","5369971"
"KN296063v1","343260","343568","chr25","27645459","27645765","42","27302199"
"KN296063v1","417355","417507","chrX","108711335","108711486","21","108293980"
"KN296063v1","549627","549920","chr9","5906125","5906415","18","5356498"
"KN296063v1","626292","626450","chr1","99948504","99948656","22","99322212"
"KN296063v1","908860","908984","chr8","69330858","69330977","17","68421998"
"KN296063v1","997716","998034","chr1","66884694","66885012","50","65886978"
"KN296063v1","1022496","1022804","chr14","35969687","35969995","42","34947191"
"KN296063v1","1045479","1045649","chrX","53619966","53620134","36","52574487"
"KN296063v1","1072286","1072595","chr9","6420355","6420664","25","5348069"
"KN296063v1","1107152","1107346","chr6","14861387","14861589","56","13754235"
"KN296063v1","1151456","1151773","chr9","6498420","6498737","26","5346964"
"KN296063v1","1212223","1212531","chr9","6555898","6556202","19","5343675"
"KN296063v1","1218590","1218807","chr22","42834308","42834523","48","41615718"
"KN296065v1","304558","304742","chr25","39346871","39347062","17","39042313"
"KN296067v1","1","73","chr5","60875969","60876044","12","60875968"
"KN296071v1","226614","226821","chr12","31528024","31528236","14","31301410"
"KN296072v1","129800","130085","chr6","41686394","41686678","35","41556594"
"KN296075v1","46879","47172","chrX","97514663","97514952","33","97467784"
"KN296075v1","167570","167697","chr5","13885924","13886053","6","13718354"
"KN296075v1","175644","175933","chr5","13877663","13877965","22","13702019"
"KN296075v1","209092","209248","chr8","121203379","121203534","33","120994287"
"KN296075v1","244960","245089","chr4","53367597","53367723","23","53122637"
"KN296075v1","255713","255875","chr21","107819096","107819263","27","107563383"
"KN296075v1","258701","258864","chr3","37397752","37397911","28","37139051"
"KN296075v1","267641","267929","chr5","13788532","13788801","33","13520891"
"KN296075v1","281580","281961","chr1","10656191","10656571","92","10374611"
"KN296075v1","430241","430415","chr24","11295357","11295530","31","10865116"
"KN296075v1","574047","574135","chr5","13489837","13489925","4","12915790"
"KN296075v1","616398","616690","chr7","70874269","70874560","32","70257871"
"KN296075v1","666987","667033","chr9","60782982","60783018","21","60115995"
"KN296075v1","698430","698553","chr3","7221691","7221814","17","6523261"
"KN296075v1","863715","864008","chr5","13215062","13215364","23","12351347"
"KN296077v1","157407","157707","chr10","114109690","114109985","19","113952283"
"KN296078v1","82205","82509","chr27","31827119","31827431","28","31744914"
"KN296078v1","335836","336145","chr27","31584119","31584426","21","31248283"
"KN296078v1","345523","345780","chr27","31575033","31575299","21","31229510"
"KN296078v1","881608","881873","chr2","36197770","36198042","43","35316162"
"KN296078v1","1224795","1225068","chr16","49595213","49595488","43","48370418"
"KN296079v1","37918","38225","chr9","13086833","13087141","14","13048915"
"KN296079v1","152308","152591","chr9","12972555","12972832","18","12820247"
"KN296079v1","165272","165397","chr9","12960533","12960654","13","12795261"
"KN296079v1","187675","187777","chr1","89670860","89670964","14","89483185"
"KN296079v1","234826","234977","chr4","75069564","75069716","21","74834738"
"KN296079v1","244492","244794","chr9","12880372","12880664","18","12635880"
"KN296079v1","364904","365189","chr1","110339963","110340250","44","109975059"
"KN296079v1","478688","479018","chr11","10039301","10039596","69","9560613"
"KN296079v1","493871","494010","chr9","62827064","62827205","15","62333193"
"KN296079v1","506815","507124","chr9","12622659","12622968","16","12115844"
"KN296079v1","550928","551070","chr14","13811771","13811920","26","13260843"
"KN296079v1","568172","568280","chr9","12560878","12560986","5","11992706"
"KN296079v1","608378","608520","chr9","12521945","12522091","8","11913567"
"KN296079v1","630055","630357","chr16","74612443","74612741","38","73982388"
"KN296079v1","715533","715680","chr8","7279135","7279283","13","6563602"
"KN296079v1","778413","778709","chrX","18022104","18022400","34","17243691"
"KN296079v1","812970","813279","chr1","114337364","114337672","35","113524394"
"KN296079v1","851841","852131","chr9","12286451","12286738","30","11434610"
"KN296079v1","864763","864858","chr9","31185516","31185609","15","30320753"
"KN296079v1","888822","889023","chr6","4586396","4586574","53","3697574"
"KN296079v1","992897","993031","chr23","70718642","70718779","18","69725745"
"KN296079v1","1077960","1078261","chr26","10021314","10021623","42","8943354"
"KN296079v1","1103802","1104006","chr14","49783725","49783939","39","48679923"
"KN296079v1","1161581","1161880","chr17","60238337","60238633","30","59076756"
"KN296079v1","1258906","1259065","chr8","121203379","121203534","24","119944473"
"KN296079v1","1265335","1265503","chr14","36731633","36731798","26","35466298"
"KN296079v1","1422269","1422346","chr4","72870249","72870322","16","71447980"
"KN296079v1","1453801","1454094","chr12","29496603","29496905","35","28042802"
"KN296079v1","1457705","1458007","chr9","11702885","11703181","23","10245180"
"KN296079v1","1478808","1479087","chr9","101204881","101205166","43","99726073"
"KN296079v1","1495804","1496095","chr9","11659852","11660143","16","10164048"
"KN296079v1","1656811","1656986","chr11","64990360","64990552","35","63333549"
"KN296079v1","1696185","1696322","chr9","11468021","11468158","3","9771836"
"KN296079v1","1811608","1811939","chr9","11354357","11354689","10","9542749"
"KN296079v1","1908633","1908922","chr9","11258226","11258501","30","9349593"
"KN296079v1","2258392","2258696","chr9","10912014","10912314","19","8653622"
"KN296079v1","2342016","2342098","chr24","27261491","27261570","14","24919475"
"KN296079v1","2378812","2378905","chr12","34422627","34422719","15","32043815"
"KN296079v1","2479456","2479599","chr9","10693891","10694034","8","8214435"
"KN296079v1","2563024","2563334","chr14","20755884","20756188","43","18192860"
"KN296079v1","2623910","2624067","chr9","13379894","13380048","23","10755984"
"KN296079v1","2704591","2704723","chr9","10481664","10481809","20","7777073"
"KN296079v1","2722834","2723143","chr9","10463235","10463542","17","7740401"
"KN296079v1","2816686","2816767","chr19","32305478","32305555","11","29488792"
"KN296079v1","2816815","2816906","chr9","10369755","10369847","5","7552940"
"KN296079v1","2966069","2966376","chr17","43932024","43932331","40","40965955"
"KN296079v1","2978159","2978272","chr12","64267990","64268099","18","61289831"
"KN296079v1","2989544","2989726","chr19","25599493","25599672","28","22609949"
"KN296079v1","2998295","2998590","chr11","6474804","6475104","37","3476509"
"KN296079v1","3005309","3005606","chr9","10187730","10188028","17","7182421"
"KN296079v1","3026076","3026158","chr28","2919408","2919489","12","106668"
"KN296080v1","3","149","chr14","1901616","1901758","20","1901613"
"KN296083v1","71854","72155","chr26","53459135","53459432","22","53387281"
"KN296085v1","15438","15616","chr10","19929334","19929499","36","19913896"
"KN296085v1","30088","30301","chr3","67114390","67114598","19","67084302"
"KN296086v1","269515","269819","chr7","51908374","51908673","16","51638859"
"KN296086v1","269842","270126","chr7","51908067","51908351","18","51638225"
"KN296086v1","270392","270540","chr1","20716808","20716956","22","20446416"
"KN296090v1","11221","11385","chr27","33925863","33926033","25","33914642"
"KN296090v1","62414","62722","chr14","60556136","60556443","31","60493722"
"KN296090v1","173461","173590","chr18","67642006","67642138","24","67468545"
"KN296090v1","176622","176684","chr4","52344997","52345056","11","52168375"
"KN296093v1","14364","14519","chr1","117375330","117375494","25","117360966"
"KN296093v1","40009","40114","chr10","116753504","116753602","24","116713495"
"KN296093v1","83182","83484","chr20","7738520","7738828","21","7655338"
"KN296093v1","87223","87390","chr14","70326149","70326316","27","70238926"
"KN296093v1","127113","127315","chr21","45329482","45329674","42","45202369"
"KN296093v1","133110","133234","chr22","19088440","19088564","27","18955330"
"KN296093v1","142045","142202","chr20","7680859","7681009","10","7538814"
"KN296093v1","169859","170167","chr20","7654408","7654720","15","7484549"
"KN296093v1","193628","193935","chr11","8684527","8684834","37","8490899"
"KN296094v1","292812","293102","chr6","23450874","23451164","23","23158062"
"KN296094v1","297682","297981","chr14","32743432","32743734","47","32445750"
"KN296095v1","152629","152755","chr13","2135201","2135327","6","1982572"
"KN296096v1","22029","22317","chrUn_KE147541v1","784233","784522","25","762204"
"KN296096v1","31796","31977","chrX","63534112","63534291","29","63502316"
"KN296096v1","54831","55129","chrUn_KE147541v1","557210","557507","39","502379"
"KN296096v1","58973","59259","chr6","48685739","48686024","31","48626766"
"KN296096v1","156934","157243","chr11","26121681","26121986","47","25964747"
"KN296096v1","366151","366260","chr8","62785272","62785372","22","62419121"
"KN296096v1","366267","366541","chr10","122750510","122750777","33","122384243"
"KN296096v1","540043","540125","chr19","1372846","1372930","19","832803"
"KN296096v1","706446","706629","chr28","20904837","20905003","30","20198391"
"KN296096v1","837015","837298","chr9","92876560","92876859","43","92039545"
"KN296096v1","838285","838593","chrX","43812074","43812380","42","42973789"
"KN296096v1","851758","851802","chr1","104856485","104856526","23","104004727"
"KN296096v1","852102","852264","chr14","36731633","36731798","24","35879531"
"KN296096v1","1004302","1004606","chr28","20608866","20609173","19","19604564"
"KN296096v1","1138402","1138594","chr20","122226432","122226619","33","121088030"
"KN296096v1","1158760","1158869","chr17","41611219","41611323","23","40452459"
"KN296096v1","1159033","1159107","chr24","56136470","56136537","21","54977437"
"KN296096v1","1159081","1159155","chr24","56136470","56136537","21","54977389"
"KN296096v1","1159177","1159251","chr24","56136470","56136537","20","54977293"
"KN296096v1","1209112","1209262","chr7","125398032","125398180","22","124188920"
"KN296096v1","1213034","1213330","chr16","64198225","64198517","50","62985191"
"KN296096v1","1218141","1218325","chr19","7192289","7192466","37","5974148"
"KN296096v1","1232941","1233129","chr28","14374070","14374256","36","13141129"
"KN296096v1","1411932","1412126","chrX","92168581","92168768","37","90756649"
"KN296096v1","1620836","1620996","chr1","55471710","55471867","28","53850874"
"KN296096v1","1667365","1667547","chr10","117385991","117386167","31","115718626"
"KN296096v1","1806614","1806941","chr28","19825395","19825717","28","18018781"
"KN296096v1","2204702","2204858","chr1","99948504","99948656","29","97743802"
"KN296096v1","2235714","2236038","chr16","25480218","25480540","52","23244504"
"KN296096v1","2332183","2332352","chr2","81247077","81247245","28","78914894"
"KN296096v1","2412725","2412869","chr17","38473926","38474065","36","36061201"
"KN296096v1","2451046","2451139","chr13","67554341","67554435","13","65103295"
"KN296096v1","2461070","2461227","chr19","22594501","22594655","26","20133431"
"KN296096v1","2516373","2516539","chr25","27497903","27498067","27","24981530"
"KN296096v1","2563185","2563389","chrX","92168581","92168768","36","89605396"
"KN296096v1","2621911","2622066","chr14","59427074","59427214","41","56805163"
"KN296096v1","2658840","2658981","chr11","12220770","12220908","19","9561930"
"KN296096v1","2684551","2684854","chr28","18998841","18999147","31","16314290"
"KN296096v1","2763085","2763378","chr20","119171696","119171987","36","116408611"
"KN296096v1","3070356","3070519","chr24","68960816","68960982","28","65890460"
"KN296096v1","3084137","3084263","chr28","18612434","18612561","12","15528297"
"KN296096v1","3195262","3195548","chr16","18596663","18596956","37","15401401"
"KN296096v1","3236526","3236684","chr28","18463948","18464089","25","15227422"
"KN296096v1","3245973","3246161","chr12","60617467","60617647","30","57371494"
"KN296096v1","3803425","3803575","chr3","15227038","15227184","25","11423613"
"KN296096v1","3856235","3856544","chr21","13859037","13859338","35","10002802"
"KN296096v1","4015319","4015499","chr25","3319529","3319701","26","695790"
"KN296096v1","4030017","4030155","chr28","17675630","17675768","5","13645613"
"KN296097v1","140584","140709","chr11","47028523","47028648","20","46887939"
"KN296100v1","95168","95482","chr14","35969687","35969995","43","35874519"
"KN296100v1","639341","639496","chr25","10520043","10520198","5","9880702"
"KN296100v1","647410","647711","chr25","10511634","10511943","25","9864224"
"KN296108v1","312363","312662","chr9","51981018","51981314","37","51668655"
"KN296108v1","315675","315878","chr20","87023843","87024048","35","86708168"
"KN296108v1","342546","342849","chr15","30832260","30832564","23","30489714"
"KN296108v1","346050","346342","chr15","30828759","30829053","12","30482709"
"KN296108v1","362292","362520","chrX","88271454","88271687","44","87909162"
"KN296108v1","841038","841362","chr13","22867230","22867542","48","22026192"
"KN296108v1","846018","846325","chr11","8684527","8684834","34","7838509"
"KN296108v1","925143","925299","chr15","30265381","30265537","10","29340238"
"KN296108v1","1079021","1079314","chr15","30126858","30127166","29","29047837"
"KN296108v1","1484647","1484794","chr15","29738505","29738652","7","28253858"
"KN296108v1","1556792","1557046","chr14","97806022","97806272","42","96249230"
"KN296108v1","2111551","2111828","chr20","11857992","11858270","44","9746441"
"KN296109v1","97256","97364","chr21","37633922","37634025","9","37536666"
"KN296109v1","107464","107627","chr21","37624106","37624251","23","37516642"
"KN296109v1","219010","219311","chr21","37514745","37515031","24","37295735"
"KN296109v1","239038","239325","chr1","55618806","55619095","33","55379768"
"KN296109v1","318003","318304","chr21","37419980","37420277","24","37101977"
"KN296109v1","722168","722257","chr21","37020232","37020320","6","36298064"
"KN296109v1","797300","797511","chr21","36945870","36946081","6","36148570"
"KN296109v1","825274","825497","chr13","93447190","93447418","43","92621916"
"KN296114v1","4624","4911","chr8","95801104","95801402","71","95796480"
"KN296117v1","75118","75434","chr8","37977619","37977929","46","37902501"
"KN296117v1","136450","136538","chr15","51851900","51851988","4","51715450"
"KN296117v1","219593","219895","chr20","119684678","119684977","32","119465085"
"KN296117v1","228640","228937","chr13","65587063","65587353","33","65358423"
"KN296117v1","243746","243923","chr9","106491473","106491651","24","106247727"
"KN296117v1","295003","295160","chr17","40233382","40233536","27","39938379"
"KN296117v1","314381","314514","chr3","24723540","24723672","18","24409159"
"KN296117v1","363340","363517","chr27","33925863","33926033","26","33562523"
"KN296117v1","420148","420328","chr11","108651238","108651415","30","108231090"
"KN296117v1","428159","428246","chr1","24306620","24306704","13","23878461"
"KN296117v1","579296","579597","chr8","20006505","20006805","38","19427209"
"KN296117v1","835829","835945","chr5","36135293","36135405","18","35299464"
"KN296118v1","15488","15620","chr1","54191733","54191864","18","54176245"
"KN296118v1","89260","89580","chr21","33812386","33812707","45","33723126"
"KN296119v1","377152","377359","chr16","53306089","53306296","37","52928937"
"KN296119v1","512981","513299","chr1","67927345","67927653","26","67414364"
"KN296119v1","1314489","1314728","chrX","45698334","45698566","38","44383845"
"KN296119v1","1358881","1359189","chr18","56360386","56360693","42","55001505"
"KN296119v1","1395522","1395813","chr1","67071364","67071642","32","65675842"
"KN296119v1","1590973","1591277","chr17","37612172","37612475","18","36021199"
"KN296119v1","1622812","1622920","chr5","11500676","11500780","16","9877864"
"KN296119v1","1696556","1696709","chr16","22637283","22637451","34","20940727"
"KN296119v1","1749611","1749757","chr1","66725007","66725149","7","64975396"
"KN296119v1","1832458","1832574","chr1","66640537","66640655","7","64808079"
"KN296119v1","1859580","1859713","chr1","66614114","66614259","14","64754534"
"KN296119v1","1967704","1967990","chr23","26655146","26655450","51","24687442"
"KN296119v1","2233726","2234021","chr16","64198225","64198517","35","61964499"
"KN296119v1","2393150","2393432","chr16","54550466","54550758","43","52157316"
"KN296119v1","2394207","2394543","chr1","66091724","66092057","22","63697517"
"KN296119v1","2500286","2500463","chr3","37397752","37397911","42","34897466"
"KN296119v1","2642137","2642432","chr14","62443102","62443397","48","59800965"
"KN296119v1","2652276","2652569","chr10","57415571","57415864","41","54763295"
"KN296119v1","2674424","2674731","chr11","8684527","8684834","32","6010103"
"KN296119v1","2830013","2830320","chr11","50184801","50185107","34","47354788"
"KN296119v1","2866473","2866647","chr12","56710192","56710367","42","53843719"
"KN296119v1","2866667","2866764","chr7","20835976","20836068","18","17969309"
"KN296119v1","2905820","2906110","chr1","65588394","65588694","23","62682574"
"KN296119v1","2923473","2923609","chr1","65570902","65571041","9","62647429"
"KN296119v1","3234585","3234724","chr1","65266617","65266759","11","62032032"
"KN296119v1","3283536","3283710","chr16","18138152","18138320","33","14854616"
"KN296119v1","3351802","3352103","chr12","10352392","10352691","31","7000590"
"KN296119v1","3361969","3362270","chr1","65136135","65136440","16","61774166"
"KN296119v1","3371502","3371661","chr16","70224259","70224419","21","66852757"
"KN296119v1","3375537","3375669","chr5","22920838","22920968","23","19545301"
"KN296119v1","3382536","3382826","chr5","39239438","39239727","27","35856902"
"KN296119v1","3389077","3389225","chr19","12289205","12289344","24","8900128"
"KN296119v1","3391812","3391908","chr1","65107530","65107623","9","61715718"
"KN296119v1","3403518","3403678","chr8","76588442","76588588","34","73184924"
"KN296119v1","3430649","3430788","chr1","5550072","5550209","21","2119423"
"KN296119v1","3439683","3439979","chr1","65062316","65062612","14","61622633"
"KN296119v1","3469421","3469581","chr7","103731453","103731609","39","100262032"
"KN296119v1","3478801","3479080","chr10","57121126","57121406","49","53642325"
"KN296119v1","3520358","3520473","chr1","64991117","64991232","7","61470759"
"KN296119v1","3520782","3520955","chr1","15530206","15530378","27","12009424"
"KN296119v1","3540284","3540573","chr1","64971331","64971633","24","61431047"
"KN296119v1","3540759","3541037","chrX","60711286","60711566","36","57170527"
"KN296119v1","3776989","3777289","chr12","11331203","11331507","41","7554214"
"KN296119v1","3844829","3845108","chr1","64675949","64676228","11","60831120"
"KN296119v1","4000454","4000592","chr1","64518716","64518855","9","60518262"
"KN296119v1","4105100","4105368","chr20","32178760","32179039","54","28073660"
"KN296119v1","4151433","4151736","chr13","65587063","65587353","47","61435630"
"KN296119v1","4366050","4366347","chr1","64167200","64167493","17","59801150"
"KN296119v1","4379531","4379824","chr1","64154337","64154629","11","59774806"
"KN296119v1","4401875","4401939","chr21","107964452","107964515","9","103562577"
"KN296119v1","4402871","4402975","chr1","64131838","64131942","9","59728967"
"KN296119v1","4765516","4765812","chr1","63761674","63761974","9","58996158"
"KN296119v1","4857003","4857299","chr14","44969288","44969585","36","40112285"
"KN296119v1","4877402","4877709","chr16","1105832","1106136","37","3771570"
"KN296119v1","4919318","4919411","chr12","39573408","39573507","12","34654090"
"KN296119v1","5351422","5351631","chr1","63183853","63184061","7","57832431"
"KN296119v1","5383308","5383458","chrX_KE148108v1_random","1282629","1282776","28","4100679"
"KN296119v1","5393207","5393372","chr19","7192289","7192466","36","1799082"
"KN296119v1","5410090","5410243","chr1","63124829","63124967","18","57714739"
"KN296119v1","5485273","5485399","chr13","76593584","76593707","22","71108311"
"KN296119v1","5590262","5590562","chr12","10352392","10352691","42","4762130"
"KN296119v1","5600848","5601153","chr1","62944048","62944340","23","57343200"
"KN296119v1","5629176","5629412","chr1","62915990","62916219","19","57286814"
"KN296119v1","5706115","5706201","chr1","62838954","62839045","7","57132839"
"KN296119v1","5839192","5839501","chr23","26655146","26655450","35","20815954"
"KN296119v1","5926679","5926788","chr22","75928634","75928736","21","70001955"
"KN296122v1","22985","23279","chr28","16552872","16553163","20","16529887"
"KN296122v1","68384","68676","chr20","119171696","119171987","30","119103312"
"KN296122v1","84364","84543","chr7","131179078","131179238","46","131094714"
"KN296122v1","110722","110891","chr20","96338788","96338956","30","96228066"
"KN296122v1","166086","166277","chrX","92168581","92168768","33","92002495"
"KN296122v1","174461","174749","chr28","16394114","16394406","20","16219653"
"KN296122v1","183638","183742","chr7","29792573","29792674","16","29608935"
"KN296122v1","222784","223092","chr21","31446688","31446995","37","31223904"
"KN296122v1","236385","236398","chr1","62838567","62838579","4","62602182"
"KN296122v1","236701","236864","chr3","90477940","90478106","28","90241239"
"KN296122v1","236896","236906","chr1","80524170","80524180","3","80287274"
"KN296122v1","243787","244084","chr6","33770311","33770609","36","33526524"
"KN296122v1","244683","244977","chr11","10039301","10039596","35","9794618"
"KN296122v1","393686","393861","chr2","84460702","84460880","40","84067016"
"KN296122v1","459949","460140","chr1","8878922","8879108","43","8418973"
"KN296122v1","480316","480617","chr11","105204330","105204627","44","104724014"
"KN296122v1","484333","484587","chr2","14011679","14011946","57","13527346"
"KN296122v1","527192","527490","chr1","65106207","65106504","43","64579015"
"KN296128v1","63297","63438","chrX","7232294","7232430","9","7168997"
"KN296133v1","118997","119317","chr8","116245338","116245653","45","116126341"
"KN296134v1","28012","28314","chr14","15601662","15601966","14","15573650"
"KN296135v1","16215","16346","chr11","43228646","43228782","16","43212431"
"KN296137v1","1","208","chr8","81480742","81480931","53","81480741"
"KN296138v1","4543","4721","chr16","68127977","68128155","30","68123434"
"KN296138v1","63184","63363","chr10","117385991","117386167","33","117322807"
"KN296138v1","99368","99522","chr23","4466105","4466255","28","4366737"
"KN296138v1","102821","103116","chr6","28079419","28079715","13","27976598"
"KN296138v1","114955","115205","chrX","128421470","128421715","50","128306515"
"KN296138v1","124699","124988","chrX","59517419","59517721","37","59392720"
"KN296138v1","146227","146515","chr1","64167200","64167493","42","64020973"
"KN296138v1","233338","233635","chr6","27955046","27955344","18","27721708"
"KN296138v1","321970","322140","chr6","4157525","4157687","36","3835555"
"KN296138v1","433750","433871","chr6","27756448","27756568","11","27322698"
"KN296138v1","454474","454621","chr6","27735812","27735959","5","27281338"
"KN296138v1","457307","457431","chr13","78941386","78941509","24","78484079"
"KN296138v1","570793","570930","chr20","78372912","78373051","19","77802119"
"KN296139v1","96076","96355","chr26","40452695","40452974","9","40356619"
"KN296139v1","115611","115925","chr1","114319561","114319870","37","114203950"
"KN296139v1","127598","127636","chr19","27973334","27973377","12","27845736"
"KN296139v1","140306","140627","chrX","22558882","22559190","52","22418576"
"KN296139v1","141203","141369","chr14","70326149","70326316","32","70184946"
"KN296139v1","165506","165670","chr6","15718718","15718885","27","15553212"
"KN296140v1","354577","354730","chr8","121203379","121203534","27","120848802"
"KN296141v1","277123","277393","chr15","30867205","30867477","37","30590082"
"KN296141v1","331505","331613","chr20","107947855","107947964","14","107616350"
"KN296142v1","53060","53276","chr21","14819134","14819359","53","14766074"
"KN296142v1","141123","141419","chr8","43574036","43574324","21","43432913"
"KN296142v1","142361","142638","chr17","29158343","29158626","38","29015982"
"KN296142v1","166454","166656","chr6","14861387","14861589","31","14694933"
"KN296144v1","31994","32096","chr5","17244295","17244396","2","17212301"
"KN296144v1","32097","32235","chr26","52257962","52258101","18","52225865"
"KN296145v1","184925","185247","chr11","8684527","8684834","44","8499602"
"KN296145v1","376576","376873","chr3","11606257","11606552","18","11229681"
"KN296145v1","614890","615183","chr3","11375483","11375787","23","10760593"
"KN296145v1","796108","796428","chr3","11198360","11198675","17","10402252"
"KN296145v1","819676","819975","chrX","22293419","22293712","57","21473743"
"KN296145v1","944042","944337","chr16","70363818","70364109","45","69419776"
"KN296145v1","968164","968471","chr19","26992368","26992672","38","26024204"
"KN296145v1","1359954","1360041","chr12","108416680","108416767","14","107056726"
"KN296145v1","1412130","1412252","chr3","78063776","78063902","15","76651646"
"KN296145v1","1817316","1817616","chr9","19597808","19598111","42","17780492"
"KN296145v1","1973141","1973429","chr7","24200742","24201030","38","22227601"
"KN296145v1","2005154","2005451","chr3","10080858","10081155","16","8075704"
"KN296145v1","2057386","2057578","chr3","10031296","10031503","23","7973910"
"KN296145v1","2398538","2398825","chr3","9696111","9696398","25","7297573"
"KN296145v1","2592575","2592884","chr8","94255223","94255517","48","91662648"
"KN296145v1","2704775","2704839","chr14","59740671","59740742","17","57035896"
"KN296145v1","2707812","2707934","chr3","9388612","9388732","6","6680800"
"KN296145v1","2770321","2770621","chr3","9326794","9327092","11","6556473"
"KN296145v1","2799061","2799354","chr3","9299332","9299623","20","6500271"
"KN296145v1","2975348","2975422","chrX","110584941","110585008","23","107609593"
"KN296145v1","3113205","3113341","chr10","120200521","120200653","21","117087316"
"KN296145v1","3443868","3444031","chr7","39223535","39223704","31","35779667"
"KN296145v1","3655575","3655749","chrUn_KE147579v1","39723","39885","44","3615852"
"KN296145v1","3655782","3655797","chr1","40331274","40331287","5","36675492"
"KN296145v1","3740532","3740601","chr16","21962406","21962483","19","18221874"
"KN296145v1","3799479","3799655","chr2","84460702","84460880","32","80661223"
"KN296146v1","21809","22107","chr14","20755884","20756188","48","20734075"
"KN296146v1","58065","58371","chr11","71599750","71600054","33","71541685"
"KN296146v1","82429","82607","chr10","26172875","26173053","25","26090446"
"KN296146v1","133263","133387","chr20","2872876","2873001","9","2739613"
"KN296146v1","188420","188727","chr1","114337364","114337672","36","114148944"
"KN296146v1","200798","201091","chr20","2805799","2806089","15","2605001"
"KN296146v1","205606","205958","chr20","2801385","2801743","21","2595779"
"KN296146v1","234814","234995","chr15","18998078","18998253","32","18763264"
"KN296146v1","238015","238165","chr20","2766230","2766380","7","2528215"
"KN296146v1","287300","287588","chr6","30061144","30061439","36","29773844"
"KN296146v1","339123","339399","chr1","47332731","47333002","62","46993608"
"KN296146v1","362640","362913","chr20","2634627","2634923","36","2271987"
"KN296146v1","362984","363096","chr20","2634455","2634567","5","2271471"
"KN296148v1","8568","8875","chr5","28402042","28402351","22","28393474"
"KN296149v1","83361","83539","chr19","7192289","7192466","30","7108928"
"KN296149v1","83575","83696","chr15","33461793","33461910","21","33378218"
"KN296149v1","210360","210615","chr13","50059083","50059349","56","49848723"
"KN296149v1","213180","213334","chr9","41950879","41951039","30","41737699"
"KN296151v1","36878","37156","chr11","56046625","56046919","23","56009747"
"KN296153v1","4508","4796","chr6","6435325","6435610","19","6430817"
"KN296153v1","4804","4944","chr6","6435179","6435320","8","6430375"
"KN296153v1","11713","12021","chr6","6418728","6419037","17","6407015"
"KN296153v1","31975","32290","chr16","18695101","18695404","53","18663126"
"KN296153v1","48635","48931","chr6","6384874","6385167","13","6336239"
"KN296153v1","94714","94877","chr10","19929334","19929499","33","19834620"
"KN296153v1","183157","183294","chr6","6260386","6260528","9","6077229"
"KN296153v1","240746","240943","chr21","45329482","45329674","34","45088736"
"KN296153v1","279257","279411","chrUn_AQIB01158668v1","2","156","17","279255"
"KN296153v1","389908","390234","chr26","41928180","41928481","57","41538272"
"KN296153v1","405025","405127","chr16","32608657","32608766","21","32203632"
"KN296153v1","411871","412061","chr6","7969090","7969285","34","7557219"
"KN296153v1","412062","412128","chr20","106182061","106182131","14","105769999"
"KN296153v1","412130","412426","chr6","6066535","6066845","35","5654405"
"KN296153v1","426965","427257","chr8","36894323","36894606","46","36467358"
"KN296153v1","478051","478350","chr16","57053419","57053722","41","56575368"
"KN296153v1","489138","489447","chr16","47744199","47744502","43","47255061"
"KN296153v1","508657","508747","chr21","2281264","2281356","12","1772607"
"KN296153v1","531112","531410","chr6","6494662","6494959","27","5963550"
"KN296153v1","538233","538348","chr12","67988222","67988330","14","67449989"
"KN296153v1","538353","538460","chr6","4502159","4502271","13","3963806"
"KN296153v1","550272","550562","chr1","18440198","18440492","36","17889926"
"KN296153v1","610452","610592","chr6","5893922","5894062","6","5283470"
"KN296153v1","708691","708973","chr9","18452445","18452740","45","17743754"
"KN296153v1","795495","795563","chr13","90230254","90230321","8","89434759"
"KN296153v1","875573","875712","chr18","10304880","10305014","26","9429307"
"KN296153v1","877702","877828","chr9","12337580","12337709","28","11459878"
"KN296153v1","1017276","1017574","chr4","90458876","90459172","42","89441600"
"KN296153v1","1017616","1017768","chr23","4466105","4466255","34","3448489"
"KN296153v1","1033194","1033506","chrX","59517419","59517721","45","58484225"
"KN296153v1","1163684","1163868","chr11","108651238","108651415","30","107487554"
"KN296153v1","1263676","1263822","chr6","5295060","5295203","14","4031384"
"KN296153v1","1348683","1348827","chr20","88045164","88045310","31","86696481"
"KN296153v1","1367140","1367217","chr6","5195826","5195905","3","3828686"
"KN296153v1","1368303","1368404","chr20","116482976","116483074","11","115114673"
"KN296153v1","1384323","1384397","chr6","5178983","5179057","4","3794660"
"KN296153v1","1391064","1391203","chr24","11354944","11355093","37","9963880"
"KN296153v1","1446914","1447027","chr18","44851168","44851279","15","43404254"
"KN296153v1","1448701","1448719","chr17","38215356","38215373","2","36766655"
"KN296153v1","1448811","1449104","chr29","23245783","23246074","45","21796972"
"KN296153v1","1481747","1482052","chr6","5084216","5084520","20","3602469"
"KN296153v1","1504995","1505287","chr6","34700995","34701286","40","33196000"
"KN296153v1","1623086","1623386","chr6","4948211","4948519","33","3325125"
"KN296153v1","1666531","1666711","chr14","18470427","18470606","28","16803896"
"KN296153v1","1689692","1689938","chr6","4880562","4880810","22","3190870"
"KN296153v1","1822968","1823162","chr20","122226432","122226619","37","120403464"
"KN296153v1","1848083","1848233","chr6","4726246","4726398","10","2878163"
"KN296153v1","1961997","1962289","chr11","111575377","111575667","41","109613380"
"KN296153v1","2005776","2006088","chr11","14038393","14038703","44","12032617"
"KN296153v1","2013307","2013438","chr6","4576811","4576943","3","2563504"
"KN296153v1","2014781","2015060","chr7","87079141","87079422","34","85064360"
"KN296153v1","2015383","2015698","chr5","73276958","73277265","51","71261575"
"KN296153v1","2031017","2031323","chr26","52459704","52459992","68","50428687"
"KN296153v1","2034235","2034540","chr6","4560198","4560503","15","2525963"
"KN296153v1","2042327","2042490","chr17","40233382","40233536","28","38191055"
"KN296153v1","2044101","2044302","chr1","8878922","8879108","44","6834821"
"KN296153v1","2048556","2048856","chrX","115818760","115819061","36","113770204"
"KN296153v1","2051483","2051556","chr14","59740671","59740742","12","57689188"
"KN296153v1","2075284","2075444","chr11","25827870","25828027","28","23752586"
"KN296153v1","2108086","2108178","chr19","13288078","13288171","13","11179992"
"KN296153v1","2142925","2143016","chr22","79107288","79107379","16","76964363"
"KN296153v1","2151678","2151966","chr9","21358440","21358726","36","19206762"
"KN296153v1","2152105","2152291","chr15","18998078","18998253","40","16845973"
"KN296153v1","2152809","2153104","chr13","65587063","65587353","31","63434254"
"KN296153v1","2163273","2163420","chr6","4450484","4450630","8","2287211"
"KN296153v1","2191672","2191835","chr14","36731633","36731798","25","34539961"
"KN296153v1","2202015","2202315","chr23","37210531","37210830","34","35008516"
"KN296153v1","2221300","2221547","chr11","8626933","8627168","43","6405633"
"KN296153v1","2273989","2274287","chr2","75171030","75171331","33","72897041"
"KN296153v1","2285121","2285285","chr1","10597738","10597895","33","8312617"
"KN296153v1","2291586","2291769","chr6","10189432","10189604","36","7897846"
"KN296153v1","2306021","2306315","chr6","33770311","33770609","34","31464290"
"KN296153v1","2308051","2308174","chr19","3811003","3811128","33","1502952"
"KN296153v1","2314711","2314872","chr3","90477940","90478106","35","88163229"
"KN296153v1","2335588","2335700","chr20","70295144","70295254","23","67959556"
"KN296153v1","2422869","2423048","chr14","36731633","36731798","41","34308764"
"KN296153v1","2436901","2437080","chr12","60617467","60617647","33","58180566"
"KN296153v1","2437574","2437861","chr6","4205723","4206024","25","1768149"
"KN296153v1","2446862","2447145","chr27","35645029","35645316","42","33198167"
"KN296153v1","2475453","2475762","chr3","25833754","25834060","43","23358301"
"KN296153v1","2489244","2489568","chr16","12381366","12381673","57","9892122"
"KN296153v1","2489570","2489736","chr6","4157525","4157687","16","1667955"
"KN296153v1","2600334","2600634","chr15","61974796","61975095","35","59374462"
"KN296153v1","2613240","2613545","chr6","4038980","4039280","14","1425740"
"KN296153v1","2682665","2682796","chr6","3981429","3981559","4","1298764"
"KN296153v1","2724363","2724460","chr5","74607971","74608072","19","71883608"
"KN296153v1","2739619","2739790","chr14","36731633","36731798","23","33992014"
"KN296153v1","2836573","2836677","chr20","108845680","108845783","20","106009107"
"KN296153v1","2836691","2836789","chr22","71256565","71256661","15","68419874"
"KN296153v1","2843645","2843806","chr8","114759064","114759219","34","111915419"
"KN296153v1","2894644","2894737","chr18","58571427","58571517","15","55676783"
"KN296153v1","2901351","2901536","chrX","92168581","92168768","48","89267230"
"KN296153v1","2983279","2983577","chr1","65106207","65106504","32","62122928"
"KN296153v1","3004674","3004754","chr2","4926491","4926570","12","1921817"
"KN296153v1","3004756","3004817","chr13","24621237","24621299","11","21616481"
"KN296153v1","3004819","3004880","chr13","24621237","24621299","11","21616418"
"KN296153v1","3004882","3004943","chr13","24621237","24621299","11","21616355"
"KN296153v1","3004945","3005006","chr13","24621237","24621299","11","21616292"
"KN296153v1","3005008","3005069","chr13","24621237","24621299","11","21616229"
"KN296153v1","3005071","3005132","chr13","24621237","24621299","11","21616166"
"KN296153v1","3005134","3005195","chr13","24621237","24621299","11","21616103"
"KN296153v1","3005197","3005258","chr13","24621237","24621299","11","21616040"
"KN296153v1","3005260","3005321","chr13","24621237","24621299","11","21615977"
"KN296153v1","3005323","3005384","chr13","24621237","24621299","11","21615914"
"KN296153v1","3005386","3005447","chr13","24621237","24621299","11","21615851"
"KN296153v1","3005449","3005510","chr13","24621237","24621299","11","21615788"
"KN296153v1","3005512","3005573","chr13","24621237","24621299","11","21615725"
"KN296153v1","3046015","3046325","chr3","8332191","8332499","46","5286176"
"KN296153v1","3060688","3060988","chr9","56666102","56666403","34","53605414"
"KN296153v1","3100907","3101084","chr11","108651238","108651415","30","105550331"
"KN296153v1","3122864","3122972","chr16","1941603","1941704","23","1181261"
"KN296153v1","3179456","3179699","chr6","3513086","3513329","17","333630"
"KN296153v1","3209911","3210082","chr6","3484112","3484289","11","274201"
"KN296153v1","3228261","3228395","chrX","14215957","14216090","12","10987696"
"KN296153v1","3228692","3228871","chr25","3319529","3319701","33","90837"
"KN296153v1","3235704","3236015","chr6","3462217","3462517","30","226513"
"KN296153v1","3381498","3381667","chr21","107819096","107819263","30","104437598"
"KN296153v1","3386584","3386888","chr10","35202908","35203214","35","31816324"
"KN296153v1","3408264","3408564","chr6","3304441","3304735","18","103823"
"KN296153v1","3456875","3457181","chr8","117985778","117986075","33","114528903"
"KN296153v1","3520040","3520324","chr6","3195479","3195766","12","324561"
"KN296153v1","3552459","3552643","chrX","92168581","92168768","30","88616122"
"KN296153v1","3553576","3553760","chrX","92168581","92168768","30","88615005"
"KN296153v1","3559300","3559426","chr6","3162186","3162312","7","397114"
"KN296153v1","3560156","3560462","chr6","3161143","3161449","16","399013"
"KN296153v1","3561169","3561463","chr21","103799077","103799372","32","100237908"
"KN296153v1","3581172","3581269","chr17","48787078","48787167","13","45205906"
"KN296153v1","3617761","3618057","chr6","3102931","3103227","26","514830"
"KN296153v1","3632328","3632628","chr16","65201359","65201667","39","61569031"
"KN296153v1","3703680","3703840","chr6","2935048","2935204","21","768632"
"KN296153v1","3719722","3720018","chr6","3006535","3006833","20","713187"
"KN296153v1","3740799","3740943","chr6","2986494","2986639","7","754305"
"KN296153v1","3741290","3741476","chr2","84460702","84460880","30","80719412"
"KN296153v1","3767380","3767469","chr6","2957395","2957480","8","809985"
"KN296153v1","3780217","3780514","chr1","18440198","18440492","34","14659981"
"KN296153v1","3790673","3790739","chr20","106182061","106182131","10","102391388"
"KN296153v1","3791039","3791196","chr6","2935048","2935204","13","855991"
"KN296153v1","3930923","3931087","chr5","14109803","14109966","32","10178880"
"KN296153v1","3976286","3976523","chr20","116684960","116685196","35","112708674"
"KN296153v1","4007799","4007922","chr6","2727583","2727705","9","1280216"
"KN296153v1","4052832","4053124","chr6","2687864","2688156","29","1364968"
"KN296153v1","4073669","4073762","chr19","13288078","13288171","11","9214409"
"KN296153v1","4088391","4088471","chr6","2650064","2650142","7","1438327"
"KN296153v1","4181183","4181401","chr8","50117212","50117461","58","45936029"
"KN296153v1","4217191","4217375","chr14","18470427","18470606","33","14253236"
"KN296153v1","4217676","4217689","chr1","62838567","62838579","5","58620891"
"KN296154v1","252856","253145","chr23","64742021","64742312","25","64489165"
"KN296154v1","424832","425134","chr20","33479605","33479899","43","33054773"
"KN296154v1","600477","600535","chr16","74067989","74068047","11","73467512"
"KN296154v1","672062","672337","chr23","65147695","65147970","10","64475633"
"KN296154v1","696943","697077","chr12","7981138","7981276","20","7284195"
"KN296154v1","1093545","1093681","chr23","65560333","65560469","3","64466788"
"KN296154v1","1268442","1268728","chr10","90654139","90654428","35","89385697"
"KN296154v1","2559538","2559839","chr11","8684527","8684834","40","6124989"
"KN296154v1","2656863","2656944","chr8","58324669","58324746","15","55667806"
"KN296154v1","2866556","2866743","chr12","46467064","46467252","38","43600508"
"KN296154v1","3138005","3138308","chr23","67543810","67544123","26","64405805"
"KN296154v1","3296738","3296873","chr23","67697510","67697638","10","64400772"
"KN296154v1","3514672","3514754","chr7","13026508","13026594","9","9511836"
"KN296154v1","3628904","3629050","chr15","82785284","82785429","24","79156380"
"KN296154v1","3812625","3812718","chr23","68199726","68199824","9","64387101"
"KN296157v1","271917","272203","chr25","56064243","56064538","20","55792326"
"KN296157v1","335973","336186","chr16","53306089","53306296","34","52970116"
"KN296157v1","498444","498561","chr25","55851038","55851155","5","55352594"
"KN296157v1","562464","562755","chr25","55788139","55788427","18","55225675"
"KN296157v1","581509","581609","chr10","72911490","72911595","14","72329981"
"KN296157v1","595518","595620","chr3","51835292","51835396","17","51239774"
"KN296157v1","602969","603249","chr25","55755215","55755514","28","55152246"
"KN296157v1","649384","649498","chr20","98285891","98286009","19","97636507"
"KN296157v1","817178","817474","chr8","94255223","94255517","33","93438045"
"KN296157v1","926538","926639","chrX","46275521","46275619","13","45348983"
"KN296157v1","983042","983315","chr25","55392645","55392938","29","54409603"
"KN296157v1","992959","993231","chr2","63033041","63033318","39","62040082"
"KN296157v1","1019310","1019452","chr9","13402671","13402821","26","12383361"
"KN296157v1","1019753","1019907","chr16","43640568","43640721","27","42620815"
"KN296157v1","1049038","1049162","chr25","55333367","55333487","9","54284329"
"KN296157v1","1052766","1052976","chr25","55329683","55329895","12","54276917"
"KN296157v1","1062797","1062921","chr24","82955192","82955317","22","81892395"
"KN296157v1","1134299","1134587","chr25","55250395","55250695","28","54116096"
"KN296157v1","1136994","1137166","chr20_KE148049v1_random","24491","24663","34","1112503"
"KN296157v1","1151552","1151739","chrX","14216408","14216597","33","13064856"
"KN296157v1","1257660","1257784","chr25","55129987","55130107","13","53872327"
"KN296157v1","1427384","1427499","chr11","49500629","49500744","22","48073245"
"KN296157v1","1441442","1441599","chr16","83430","83586","28","1358012"
"KN296157v1","1465625","1465748","chr14","53898477","53898602","23","52432852"
"KN296157v1","1688928","1689038","chr25","54693332","54693442","4","53004404"
"KN296157v1","1724734","1725028","chr25","54662621","54662904","19","52937887"
"KN296157v1","1772739","1773053","chr11","14038393","14038703","47","12265654"
"KN296157v1","1870000","1870094","chr25","54517793","54517883","6","52647793"
"KN296157v1","1878934","1879127","chr15","18998078","18998253","39","17119144"
"KN296157v1","1985228","1985404","chr15","33336831","33337009","30","31351603"
"KN296157v1","2026940","2027252","chrX","43812074","43812380","39","41785134"
"KN296157v1","2198596","2198692","chr9","31185516","31185609","16","28986920"
"KN296157v1","2923719","2924008","chr25","53496166","53496472","25","50572447"
"KN296157v1","3088577","3088871","chr27","45654637","45654936","38","42566060"
"KN296157v1","3240465","3240616","chr25","53175774","53175920","9","49935309"
"KN296157v1","3260976","3261069","chr10","44674169","44674263","17","41413193"
"KN296157v1","3614347","3614639","chr25","52800682","52800982","20","49186335"
"KN296157v1","4120378","4120681","chr25","52302005","52302309","21","48181627"
"KN296157v1","4399637","4399944","chr25","52026874","52027189","28","47627237"
"KN296158v1","21152","21442","chr1","108533245","108533533","15","108512093"
"KN296158v1","191488","191626","chr11","12220770","12220908","13","12029282"
"KN296158v1","403060","403131","chr13","24621237","24621299","18","24218177"
"KN296158v1","636484","636657","chr11","64990360","64990552","42","64353876"
"KN296158v1","948938","949241","chr5","60977054","60977353","34","60028116"
"KN296158v1","1036862","1037150","chr21","35018958","35019244","32","33982096"
"KN296158v1","1037249","1037384","chr7","60547984","60548121","28","59510735"
"KN296158v1","1191298","1191581","chr1","109700854","109701151","32","108509556"
"KN296158v1","1298531","1298703","chr14","70326149","70326316","23","69027618"
"KN296158v1","1341170","1341298","chr11","106564715","106564841","13","105223545"
"KN296158v1","1433529","1433826","chr1","109942299","109942592","13","108508770"
"KN296158v1","1508058","1508214","chr8","114759064","114759219","33","113251006"
"KN296158v1","1606786","1607094","chr11","72948756","72949057","37","71341970"
"KN296158v1","1683820","1683922","chr10","116753504","116753602","20","115069684"
"KN296158v1","1731717","1731851","chr21","26883039","26883173","14","25151322"
"KN296159v1","106","208","chr13","23278928","23279038","18","23278822"
"KN296161v1","549807","550088","chr1","40796744","40797025","16","40246937"
"KN296161v1","555991","556288","chr18","44613273","44613575","36","44057282"
"KN296161v1","742362","742619","chr14","64766900","64767160","44","64024538"
"KN296161v1","880385","880661","chr1","41562705","41563000","30","40682320"
"KN296162v1","109884","110187","chr4","28770590","28770891","39","28660706"
"KN296162v1","339630","339931","chr23","26655146","26655450","22","26315516"
"KN296162v1","534978","535107","chrX","63538993","63539120","20","63004015"
"KN296165v1","57603","57911","chr11","8684527","8684834","39","8626924"
"KN296165v1","58756","59040","chr9_KE147979v1_random","1411970","1412267","22","1353214"
"KN296167v1","242302","242608","chr10","8728473","8728787","20","8486171"
"KN296167v1","242680","242772","chr10","8728305","8728397","5","8485625"
"KN296167v1","246141","246268","chr17","27822341","27822472","32","27576200"
"KN296167v1","307929","308053","chr10","8664649","8664771","4","8356720"
"KN296167v1","319199","319480","chr8","76331684","76331965","42","76012485"
"KN296167v1","345743","345881","chr14","59427074","59427214","26","59081331"
"KN296167v1","439698","439847","chr8","121203379","121203534","27","120763681"
"KN296167v1","563879","564001","chr16","62048189","62048313","21","61484310"
"KN296167v1","1422726","1422856","chr10","7573509","7573636","13","6150783"
"KN296172v1","2692","2978","chr1","55522241","55522528","40","55519549"
"KN296174v1","61399","61698","chr8","6035987","6036281","20","5974588"
"KN296174v1","105536","105688","chrX","49301024","49301171","24","49195488"
"KN296174v1","139675","139974","chr8","5958377","5958672","16","5818702"
"KN296174v1","362558","362682","chr16","64213713","64213830","24","63851155"
"KN296175v1","386853","387146","chr5","22901496","22901790","35","22514643"
"KN296176v1","430523","430629","chr29","17652062","17652171","19","17221539"
"KN296176v1","639978","640267","chr22","48153550","48153834","38","47513572"
"KN296178v1","5831","6131","chr5","24143313","24143621","25","24137482"
"KN296178v1","96960","97214","chr13","690404","690655","52","593444"
"KN296178v1","128117","128421","chr5","24253364","24253662","10","24125247"
"KN296178v1","279218","279515","chr5","24392068","24392376","22","24112850"
"KN296178v1","391426","391519","chr7","131383060","131383155","21","130991634"
"KN296178v1","484478","484588","chr22","68066876","68066983","13","67582398"
"KN296178v1","506772","506935","chr6","4157525","4157687","25","3650753"
"KN296178v1","846650","846828","chr10","19939788","19939971","41","19093138"
"KN296178v1","909818","910007","chr20","122226432","122226619","38","121316614"
"KN296178v1","913348","913650","chr1","65106207","65106504","33","64192859"
"KN296180v1","456358","456656","chr1","65106207","65106504","39","64649849"
"KN296180v1","540218","540517","chr14","79887870","79888171","41","79347652"
"KN296180v1","553380","553628","chr26","47864119","47864359","20","47310739"
"KN296180v1","690756","691049","chr25","70584480","70584766","38","69893724"
"KN296180v1","693592","693890","chr26","47725138","47725442","22","47031546"
"KN296180v1","938760","938868","chr12","75166153","75166258","14","74227393"
"KN296180v1","974226","974345","chr20","116440483","116440594","18","115466257"
"KN296180v1","2010750","2011040","chr26","46418383","46418672","13","44407633"
"KN296180v1","2526029","2526338","chr11","14038393","14038703","36","11512364"
"KN296181v1","2","139","chr11","12220770","12220908","21","12220768"
"KN296187v1","262080","262387","chr9","23238453","23238753","33","22976373"
"KN296187v1","284073","284379","chr22","65940583","65940906","81","65656510"
"KN296187v1","296435","296592","chr16","83430","83586","36","213005"
"KN296187v1","606975","607272","chr9","22891778","22892073","18","22284803"
"KN296187v1","670239","670541","chr9","22828967","22829264","28","22158728"
"KN296187v1","948598","948773","chr10","26172875","26173053","34","25224277"
"KN296187v1","1013522","1013656","chr9","22491387","22491523","8","21477865"
"KN296187v1","1168404","1168681","chr9","22344716","22345004","20","21176312"
"KN296187v1","1437961","1438258","chr9","22067200","22067495","20","20629239"
"KN296187v1","1456176","1456365","chr21","45329482","45329674","28","43873306"
"KN296187v1","1767084","1767369","chr9","21748403","21748684","10","19981319"
"KN296187v1","1951042","1951337","chr9","21570461","21570770","30","19619419"
"KN296187v1","2000001","2000137","chr1","76576249","76576379","24","74576248"
"KN296187v1","2117619","2117798","chr24","11295357","11295530","30","9177738"
"KN296187v1","2122358","2122662","chr13","55147271","55147570","39","53024913"
"KN296187v1","2167332","2167617","chrX","112682954","112683251","45","110515622"
"KN296187v1","2173518","2173811","chr9","21358440","21358726","20","19184922"
"KN296187v1","2185600","2185771","chr13","21963737","21963894","35","19778137"
"KN296187v1","2191497","2191651","chr16","43640568","43640721","27","41449071"
"KN296187v1","2309698","2309996","chr11","123717553","123717853","36","121407855"
"KN296187v1","2345670","2345838","chr14","70326149","70326316","31","67980479"
"KN296187v1","2378741","2378950","chr8","103000001","103000207","28","100621260"
"KN296187v1","2396290","2396586","chr16","74612443","74612741","40","72216153"
"KN296187v1","2399494","2399769","chr7","88756561","88756832","45","86357067"
"KN296187v1","2571004","2571169","chrX","108711335","108711486","37","106140331"
"KN296187v1","2624802","2625103","chr5","2872237","2872532","37","247435"
"KN296187v1","2819645","2819946","chr2","5283874","5284173","37","2464229"
"KN296188v1","45291","45482","chr20","122226432","122226619","33","122181141"
"KN296188v1","67436","67733","chr9","69104544","69104840","13","69037108"
"KN296188v1","116667","116811","chr11","50498097","50498237","22","50381430"
"KN296188v1","118203","118490","chr9","69150206","69150493","15","69032003"
"KN296188v1","296461","296742","chr15","77239634","77239911","47","76943173"
"KN296189v1","133312","133433","chr12","74392532","74392656","11","74259220"
"KN296190v1","37229","37348","chr3","63447187","63447308","30","63409958"
"KN296191v1","18887","19181","chr16","2621276","2621572","40","2602389"
"KN296191v1","554589","554670","chr15","65637804","65637869","18","65083215"
"KN296191v1","1041805","1042097","chr15","65161109","65161398","38","64119304"
"KN296191v1","1119015","1119319","chr15","65097233","65097529","26","63978218"
"KN296191v1","1346869","1347010","chr3","23052634","23052774","18","21705765"
"KN296191v1","1445905","1446229","chr15","64799924","64800222","35","63354019"
"KN296191v1","1553282","1553406","chr15","64690094","64690219","5","63136812"
"KN296191v1","1554471","1554553","chr5","57580422","57580504","9","56025951"
"KN296191v1","1554552","1554621","chr19","15599846","15599916","11","14045294"
"KN296191v1","1554626","1554685","chr19","29344944","29345001","7","27790318"
"KN296192v1","9464","9657","chr28","14374070","14374256","37","14364606"
"KN296192v1","270280","270582","chr5","38934487","38934797","21","38664207"
"KN296193v1","11453","11767","chr5","34230687","34230990","51","34219234"
"KN296200v1","117371","117560","chr17","48074159","48074349","36","47956788"
"KN296200v1","308462","308768","chr14","37470293","37470589","21","37161831"
"KN296200v1","539822","539978","chr6","2935048","2935204","27","2395226"
"KN296200v1","571330","571628","chr1","65106207","65106504","40","64534877"
"KN296200v1","873290","873579","chr14","23478836","23479120","31","22605546"
"KN296200v1","1251143","1251337","chr10","19939788","19939971","39","18688645"
"KN296200v1","1381774","1382062","chr14","38510524","38510804","26","37128750"
"KN296201v1","393995","394084","chr2","85445888","85445973","17","85051893"
"KN296201v1","619863","620178","chr4","38363921","38364226","27","37744058"
"KN296201v1","659321","659586","chr6","13984248","13984510","45","13324927"
"KN296201v1","758716","758900","chr18","47604543","47604725","37","46845827"
"KN296201v1","763399","763667","chr26","3346229","3346503","53","2582830"
"KN296201v1","791105","791370","chr28","7019631","7019898","55","6228526"
"KN296201v1","1524675","1524785","chr19","6663567","6663679","16","5138892"
"KN296201v1","1534100","1534375","chr4","37490131","37490407","20","35956031"
"KN296201v1","1707652","1707920","chr4","37323635","37323912","16","35615983"
"KN296201v1","1820569","1820885","chr4","37211294","37211618","25","35390725"
"KN296201v1","1834729","1834844","chr4","37197317","37197432","4","35362588"
"KN296201v1","2117607","2117898","chr4","36915476","36915756","21","34797869"
"KN296201v1","2476723","2477025","chr4","36568413","36568718","15","34091690"
"KN296201v1","2688176","2688478","chr15","90985625","90985922","40","88297449"
"KN296201v1","2732118","2732276","chr28","15151292","15151445","30","12419174"
"KN296201v1","2763656","2763950","chr4","36294561","36294855","12","33530905"
"KN296201v1","2806578","2806754","chr4","36251770","36251955","16","33445192"
"KN296201v1","2820882","2821173","chr9","53421510","53421802","37","50600628"
"KN296201v1","2830211","2830288","chr13","92684221","92684299","16","89854010"
"KN296201v1","2830820","2830946","chr4","36231023","36231147","10","33400203"
"KN296201v1","2899837","2900098","chr4","36160133","36160417","35","33260296"
"KN296201v1","2903069","2903355","chr4","36156875","36157169","23","33253806"
"KN296202v1","179643","179714","chr1","92152979","92153052","15","91973336"
"KN296205v1","129876","130085","chr6","14861387","14861589","34","14731511"
"KN296205v1","162587","162700","chr13","74939074","74939194","12","74776487"
"KN296205v1","539337","539631","chr6","27788548","27788847","38","27249211"
"KN296205v1","593100","593262","chr13","771511","771669","30","178411"
"KN296205v1","596187","596270","chr1","112165562","112165645","13","111569375"
"KN296205v1","600991","601294","chr13","74512324","74512627","15","73911333"
"KN296205v1","676648","676951","chr13","74424628","74424921","22","73747980"
"KN296205v1","954977","955075","chr20","100112314","100112409","12","99157337"
"KN296209v1","60464","60762","chr25","70426019","70426320","39","70365555"
"KN296209v1","276921","277222","chr13","65587063","65587353","39","65310142"
"KN296209v1","570323","570414","chr20","68367343","68367431","20","67797020"
"KN296210v1","51336","51644","chr4","61721855","61722155","22","61670519"
"KN296210v1","196258","196411","chr4","61857129","61857259","27","61660871"
"KN296210v1","208038","208124","chr3","89451431","89451520","13","89243393"
"KN296210v1","231474","231561","chr16","21962406","21962483","36","21730932"
"KN296210v1","245392","245687","chr4","61905029","61905348","35","61659637"
"KN296210v1","815969","816226","chr4","62461901","62462159","6","61645932"
"KN296210v1","1010462","1010750","chr10","126222520","126222801","47","125212058"
"KN296213v1","129031","129310","chr10","14559065","14559368","37","14430034"
"KN296213v1","330732","331035","chr10","14754874","14755172","24","14424142"
"KN296213v1","352398","352487","chr4","39606278","39606368","11","39253880"
"KN296213v1","516127","516286","chr7","131179078","131179238","23","130662951"
"KN296213v1","593751","594048","chr2","81854212","81854512","39","81260461"
"KN296213v1","595409","595553","chr7","27252892","27253029","26","26657483"
"KN296213v1","653931","654098","chr7","39223535","39223704","28","38569604"
"KN296213v1","900079","900206","chr10","15309123","15309249","10","14409044"
"KN296213v1","1033043","1033380","chr21","92353373","92353710","51","91320330"
"KN296218v1","109270","109362","chr14","81680282","81680374","20","81571012"
"KN296218v1","141258","141365","chr1","94083868","94083967","19","93942610"
"KN296218v1","192327","192448","chr20","116440483","116440594","30","116248156"
"KN296221v1","8153","8449","chr1","65106207","65106504","40","65098054"
"KN296221v1","452149","452458","chr11","8684527","8684834","30","8232378"
"KN296221v1","473859","473994","chr12","26082315","26082450","31","25608456"
"KN296223v1","27882","27945","chr16","58959687","58959749","15","58931805"
"KN296225v1","109472","109527","chr6","35693470","35693523","15","35583998"
"KN296225v1","122628","122919","chr10","124197593","124197882","39","124074965"
"KN296225v1","151071","151343","chr28","18370175","18370456","38","18219104"
"KN296225v1","165583","165890","chr11","8684527","8684834","39","8518944"
"KN296225v1","208300","208485","chr28","15294147","15294320","28","15085847"
"KN296225v1","265423","265718","chr28","15348576","15348875","17","15083153"
"KN296225v1","312484","312575","chr28","15396266","15396356","3","15083782"
"KN296225v1","316615","316790","chr12","106787522","106787700","36","106470907"
"KN296225v1","392005","392289","chr11","32307311","32307602","44","31915306"
"KN296225v1","465132","465298","chr10","122138385","122138550","27","121673253"
"KN296225v1","486263","486392","chr3","23052634","23052774","16","22566371"
"KN296225v1","519913","520208","chr8","28173535","28173828","31","27653622"
"KN296225v1","538245","538473","chr11","12865706","12865946","53","12327461"
"KN296225v1","548891","549059","chr25","27497903","27498067","29","26949012"
"KN296225v1","564149","564283","chr14","59427074","59427214","25","58862925"
"KN296225v1","705354","705656","chr28","15762714","15763016","9","15057360"
"KN296225v1","707211","707514","chr6","33770311","33770609","40","33063100"
"KN296229v1","771728","771843","chr14","81296079","81296195","29","80524351"
"KN296229v1","771869","771885","chrX","44283875","44283891","3","43512006"
"KN296229v1","1057237","1057336","chr16","63967102","63967196","17","62909865"
"KN296229v1","1204450","1204611","chrUn_KE147579v1","39723","39885","37","1164727"
"KN296229v1","1391413","1391553","chr2","43414929","43415064","25","42023516"
"KN296229v1","1516031","1516162","chr8","72963804","72963933","17","71447773"
"KN296229v1","1819549","1819830","chr16","37912686","37912967","35","36093137"
"KN296229v1","1830913","1831222","chr8","72664437","72664730","33","70833524"
"KN296231v1","64520","64713","chr8","103000001","103000207","39","102935481"
"KN296231v1","329597","329898","chr12","8148498","8148798","48","7818901"
"KN296232v1","1","117","chr11","48034593","48034707","13","48034592"
"KN296233v1","291209","291499","chr7","125817675","125817965","12","125526466"
"KN296233v1","543602","543941","chr20","100265127","100265459","60","99721525"
"KN296233v1","578171","578292","chr7","125534047","125534167","7","124955876"
"KN296233v1","593652","593753","chr7","125518322","125518418","7","124924670"
"KN296233v1","715673","715814","chrX","7619153","7619294","19","6903480"
"KN296233v1","917053","917381","chr28","19825395","19825717","67","18908342"
"KN296236v1","180713","181007","chr10","36163796","36164091","21","35983083"
"KN296242v1","112282","112400","chr4","68068943","68069063","16","67956661"
"KN296242v1","292425","292703","chr15","31579671","31579959","27","31287246"
"KN296242v1","434710","435010","chr15","31707906","31708209","15","31273196"
"KN296242v1","757500","757803","chr11","6474804","6475104","35","5717304"
"KN296242v1","835880","836175","chr11","10039301","10039596","31","9203421"
"KN296242v1","861010","861298","chr20","65971401","65971696","46","65110391"
"KN296242v1","896771","897081","chr15","32168750","32169060","18","31271979"
"KN296242v1","967784","968080","chr2","14274108","14274405","36","13306324"
"KN296244v1","1","203","chr20","87023843","87024048","39","87023842"
"KN296244v1","80051","80356","chr12","9931034","9931343","14","9850983"
"KN296244v1","103028","103136","chr9","17225425","17225528","18","17122397"
"KN296244v1","112260","112558","chr17","40216360","40216654","32","40104100"
"KN296244v1","133743","134039","chr1","65106207","65106504","28","64972464"
"KN296244v1","166602","166720","chr1","10752907","10753031","24","10586305"
"KN296244v1","172015","172174","chr1","117375330","117375494","28","117203315"
"KN296244v1","186925","187106","chr12","106787522","106787700","28","106600597"
"KN296244v1","188604","188899","chr12","10033188","10033477","15","9844584"
"KN296244v1","197365","197663","chr12","10040984","10041275","18","9843619"
"KN296244v1","203136","203229","chr12","10050285","10050377","6","9847149"
"KN296244v1","238211","238356","chr7","108373876","108374012","26","108135665"
"KN296244v1","291919","292226","chr12","17538996","17539305","41","17247077"
"KN296244v1","301374","301451","chr12","10138636","10138718","6","9837262"
"KN296244v1","306054","306226","chr10","19929334","19929499","36","19623280"
"KN296244v1","333481","333606","chr12","10169796","10169927","9","9836315"
"KN296244v1","455637","455932","chr12","10295611","10295895","28","9839974"
"KN296244v1","464605","464722","chr12","10306115","10306228","8","9841510"
"KN296244v1","489447","489738","chr12","10329517","10329809","10","9840070"
"KN296244v1","496392","496681","chrX","104772488","104772776","39","104276096"
"KN296244v1","497598","497755","chr13","21963737","21963894","30","21466139"
"KN296244v1","500524","500827","chr20","9145662","9145963","43","8645138"
"KN296244v1","570384","570649","chr12","10410762","10411010","25","9840378"
"KN296244v1","638238","638544","chr14","75230966","75231271","43","74592728"
"KN296244v1","689813","690105","chr1","65106207","65106504","33","64416394"
"KN296244v1","695709","695798","chr12","10529979","10530068","5","9834270"
"KN296244v1","715349","715649","chr10","19453040","19453337","46","18737691"
"KN296244v1","783430","783725","chr15","88458761","88459056","32","87675331"
"KN296244v1","810531","810837","chr9","19597808","19598111","39","18787277"
"KN296245v1","246007","246089","chr10","30849146","30849234","19","30603139"
"KN296245v1","600479","600574","chr22","70814500","70814588","16","70214021"
"KN296247v1","1600","1859","chrX","34011305","34011568","55","34009705"
"KN296247v1","43480","43564","chr13","64818738","64818817","17","64775258"
"KN296247v1","49963","50250","chr5","22743277","22743560","18","22693314"
"KN296247v1","199171","199471","chr11","8684527","8684834","39","8485356"
"KN296247v1","244597","244896","chr5","22558837","22559130","26","22314240"
"KN296247v1","392730","392843","chr23","22881450","22881556","20","22488720"
"KN296247v1","465853","466001","chr5","22339325","22339473","5","21873472"
"KN296247v1","880619","880897","chr5","21932944","21933223","7","21052325"
"KN296247v1","888850","889020","chrX","61147970","61148143","26","60259120"
"KN296247v1","980010","980062","chr22","26629873","26629927","9","25649863"
"KN296253v1","157960","158250","chr17","49795909","49796199","33","49637949"
"KN296253v1","276542","276824","chr20","16725832","16726122","16","16449290"
"KN296253v1","369542","369598","chr7","134155168","134155219","16","133785626"
"KN296253v1","383798","384086","chr27","35645029","35645316","32","35261231"
"KN296253v1","407306","407612","chr20","16855807","16856127","28","16448501"
"KN296253v1","437568","437868","chr20","16882618","16882917","14","16445050"
"KN296253v1","1459769","1459896","chr14","76301761","76301888","21","74841992"
"KN296255v1","60104","60179","chr20","80217039","80217115","13","80156935"
"KN296255v1","301147","301454","chr14","23463676","23463973","29","23162529"
"KN296255v1","777939","778253","chr14","23033859","23034178","18","22255920"
"KN296255v1","786539","786841","chr17","40162788","40163087","47","39376249"
"KN296255v1","1076656","1076915","chr13","88967500","88967747","50","87890844"
"KN296258v1","42015","42146","chrX","46835523","46835653","9","46793508"
"KN296258v1","203728","203822","chr6","1144352","1144440","17","940624"
"KN296261v1","6034","6216","chr11","108651238","108651415","30","108645204"
"KN296261v1","87184","87481","chr6","33770311","33770609","42","33683127"
"KN296261v1","88948","89065","chr12","27524682","27524797","14","27435734"
"KN296261v1","138556","138730","chr6","47177516","47177697","36","47038960"
"KN296261v1","418371","418483","chr5","32993900","32994010","17","32575529"
"KN296261v1","461946","462244","chr2","87789339","87789637","21","87327393"
"KN296261v1","472965","473171","chr12","644019","644223","39","171054"
"KN296261v1","495097","495197","chr2","87821368","87821470","4","87326271"
"KN296261v1","542134","542303","chr10","122138385","122138550","23","121596251"
"KN296262v1","86819","87039","chr20","33706835","33707056","7","33620016"
"KN296262v1","108760","109060","chr6","27788548","27788847","45","27679788"
"KN296262v1","279763","279924","chr16","43640568","43640721","31","43360805"
"KN296263v1","63277","63574","chr16","24268885","24269177","17","24205608"
"KN296263v1","90971","91248","chr7","97700632","97700910","41","97609661"
"KN296263v1","496664","496958","chr16","23858039","23858332","11","23361375"
"KN296263v1","739957","740241","chr16","23622187","23622471","16","22882230"
"KN296263v1","740896","741203","chr16","23621224","23621525","23","22880328"
"KN296263v1","837769","837923","chr1","55471710","55471867","36","54633941"
"KN296263v1","842694","842857","chr19","22594501","22594655","29","21751807"
"KN296263v1","846473","846606","chr9","111375273","111375407","28","110528800"
"KN296263v1","935003","935302","chr16","23430358","23430658","16","22495355"
"KN296263v1","979829","979920","chrX","81024947","81025033","15","80045118"
"KN296263v1","1024067","1024333","chr16","23342591","23342876","29","22318524"
"KN296263v1","1073567","1073729","chr16","23292904","23293077","13","22219337"
"KN296263v1","1086993","1087124","chr7","108875042","108875170","24","107788049"
"KN296263v1","1093896","1094046","chr4","20858912","20859062","19","19765016"
"KN296263v1","1108922","1109217","chr16_AQIB01159032v1_random","5805","6099","19","1103117"
"KN296263v1","1215107","1215410","chr12","10352392","10352691","51","9137285"
"KN296266v1","71257","71339","chr16","21962406","21962483","25","21891149"
"KN296266v1","72359","72472","chrX","98947625","98947736","11","98875266"
"KN296266v1","111823","112016","chr17","48074159","48074349","34","47962336"
"KN296266v1","120722","121026","chrX","50428963","50429262","20","50308241"
"KN296266v1","148122","148414","chrX","50402100","50402405","27","50253978"
"KN296268v1","1969","2106","chr21","91593993","91594141","14","91592024"
"KN296268v1","157137","157263","chr20","125598558","125598683","20","125441421"
"KN296268v1","553336","553631","chr21","92127158","92127462","25","91573822"
"KN296268v1","632715","633019","chr6","10969061","10969363","39","10336346"
"KN296268v1","795665","795991","chr21","92353373","92353710","31","91557708"
"KN296268v1","887781","888081","chr6","21066333","21066631","34","20178552"
"KN296268v1","1161983","1162093","chr9","74785663","74785773","15","73623680"
"KN296270v1","58580","58754","chr24","11295357","11295530","29","11236777"
"KN296270v1","187930","188238","chr27","23977788","23978096","10","23789858"
"KN296270v1","257576","257884","chr27","24050545","24050848","18","23792969"
"KN296270v1","340667","340810","chr28","11208468","11208610","22","10867801"
"KN296270v1","370883","371035","chrX","108711335","108711486","27","108340452"
"KN296270v1","396779","396912","chr1","54191733","54191864","17","53794954"
"KN296270v1","630726","630861","chr27","24419033","24419172","10","23788307"
"KN296270v1","648386","648678","chr27","24436639","24436929","28","23788253"
"KN296270v1","689438","689743","chr27","24476977","24477286","16","23787539"
"KN296271v1","396691","396875","chr19","7192289","7192466","35","6795598"
"KN296275v1","290534","290853","chr28","19825395","19825717","53","19534861"
"KN296275v1","338505","338607","chr4","74483370","74483469","21","74144865"
"KN296277v1","141768","141911","chr6","2935048","2935204","38","2793280"
"KN296278v1","307033","307153","chr5","65450314","65450424","16","65143281"
"KN296278v1","698026","698132","chr9","102911776","102911884","16","102213750"
"KN296280v1","524691","524984","chr27","32401823","32402122","21","31877132"
"KN296281v1","121628","121935","chr8","40570060","40570369","15","40448432"
"KN296281v1","144968","145089","chr8","40546306","40546423","10","40401338"
"KN296281v1","148769","149063","chr8","40542359","40542653","8","40393590"
"KN296281v1","254686","254985","chr8","40436898","40437205","14","40182212"
"KN296281v1","283951","284078","chr1","34447012","34447135","16","34163061"
"KN296287v1","1","135","chr5","22983862","22983997","19","22983861"
"KN296287v1","28008","28216","chr6","38827882","38828097","40","38799874"
"KN296287v1","38105","38410","chr11","31298792","31299085","44","31260687"
"KN296287v1","93855","94007","chr11","31238560","31238698","19","31144705"
"KN296289v1","17857","17992","chr12","6597249","6597393","13","6579392"
"KN296290v1","116538","116833","chr12","11331203","11331507","49","11214665"
"KN296290v1","326462","326775","chr3","23621943","23622246","29","23295481"
"KN296290v1","341546","341718","chr13","38693871","38694044","29","38352325"
"KN296290v1","430261","430571","chr3","23517602","23517897","30","23087341"
"KN296290v1","446300","446466","chr14","70326149","70326316","27","69879849"
"KN296290v1","457783","458094","chr3","23488604","23488909","19","23030821"
"KN296290v1","462288","462561","chr3","23487388","23487661","11","23025100"
"KN296290v1","470087","470393","chr14","75230966","75231271","39","74760879"
"KN296290v1","484105","484172","chr5","8700285","8700352","9","8216180"
"KN296290v1","506873","507041","chr10","122138385","122138550","22","121631512"
"KN296290v1","514823","515006","chr19","7192289","7192466","34","6677466"
"KN296290v1","535888","536184","chr3","4710690","4710985","33","4174802"
"KN296290v1","559797","559925","chr2","56081432","56081554","24","55521635"
"KN296290v1","572435","572710","chr3","23383151","23383427","9","22810716"
"KN296290v1","586331","586506","chr19","7192289","7192466","27","6605958"
"KN296290v1","588644","588826","chr2","80959654","80959829","31","80371010"
"KN296290v1","650962","651119","chr3","37397752","37397911","33","36746790"
"KN296290v1","680920","681164","chr6","48621903","48622145","58","47940983"
"KN296290v1","738406","738607","chr20","87023843","87024048","39","86285437"
"KN296290v1","756808","756939","chr3","23201163","23201294","2","22444355"
"KN296290v1","1063583","1063684","chr6","1694984","1695087","17","631401"
"KN296290v1","1090439","1090492","chr11","7067662","7067708","18","5977223"
"KN296290v1","1101187","1101489","chr3","22856759","22857054","18","21755572"
"KN296290v1","1117570","1117732","chr11","44985103","44985269","25","43867533"
"KN296290v1","1144987","1145269","chr25","69512081","69512362","38","68367094"
"KN296290v1","1155826","1156144","chrX","43812074","43812380","52","42656248"
"KN296290v1","1164372","1164675","chr3","22789451","22789758","18","21625079"
"KN296290v1","1771441","1771463","chr5","75179050","75179069","6","73407609"
"KN296290v1","1771499","1771776","chr22","18984943","18985221","40","17213444"
"KN296290v1","2258232","2258540","chrX","43812074","43812380","37","41553842"
"KN296290v1","2430300","2430571","chr2","85444963","85445236","41","83014663"
"KN296290v1","2652008","2652310","chr3","21332783","21333072","28","18680775"
"KN296290v1","2871059","2871357","chr23","49491652","49491948","39","46620593"
"KN296292v1","11718","12013","chr16","18596663","18596956","32","18584945"
"KN296292v1","35049","35173","chr6","31524179","31524300","23","31489130"
"KN296292v1","181690","181812","chr12","64413119","64413244","12","64231429"
"KN296294v1","80211","80519","chr25","9569562","9569870","11","9489351"
"KN296294v1","136137","136320","chr11","64990360","64990552","34","64854223"
"KN296294v1","150033","150324","chr25","9502276","9502569","23","9352243"
"KN296294v1","157027","157305","chrX","23269234","23269522","43","23112207"
"KN296294v1","269448","269580","chr18","67642006","67642138","20","67372558"
"KN296294v1","477148","477422","chr1","18440198","18440492","46","17963050"
"KN296295v1","319424","319745","chr3","25833754","25834060","42","25514330"
"KN296295v1","383974","384125","chr20","66863276","66863426","5","66479302"
"KN296296v1","11578","11887","chr20","7830483","7830790","11","7818905"
"KN296296v1","30416","30725","chr20","7848020","7848329","12","7817604"
"KN296296v1","42996","43091","chr25","48878806","48878903","22","48835810"
"KN296296v1","145602","145687","chr2","85445888","85445973","12","85300286"
"KN296296v1","149967","150101","chr2","38552847","38552974","27","38402880"
"KN296296v1","185437","185743","chr20","7992269","7992573","13","7806832"
"KN296296v1","235380","235663","chr20","8035971","8036259","17","7800591"
"KN296296v1","239387","239685","chr20","8039780","8040087","21","7800393"
"KN296296v1","300451","300747","chr20","8100745","8101035","19","7800294"
"KN296296v1","359181","359296","chr4","5728762","5728876","16","5369581"
"KN296296v1","426161","426338","chr5","737199","737370","30","311038"
"KN296296v1","445677","445779","chr25","48878806","48878903","26","48433129"
"KN296296v1","446697","446995","chr16","37987573","37987873","42","37540876"
"KN296303v1","95660","95797","chr9","87898875","87899018","12","87803215"
"KN296303v1","114281","114510","chr9","87877681","87877915","14","87763400"
"KN296303v1","127183","127492","chr25","21676676","21676983","47","21549493"
"KN296303v1","218585","218887","chr9","87780659","87780967","26","87562074"
"KN296303v1","219272","219433","chr9","41950879","41951039","37","41731607"
"KN296303v1","287714","287825","chr1","106072797","106072902","18","105785083"
"KN296303v1","399932","400235","chr23","26655146","26655450","38","26255214"
"KN296303v1","508002","508108","chr18","31654210","31654303","24","31146208"
"KN296303v1","527941","528248","chr9","87473106","87473404","26","86945165"
"KN296303v1","784878","785166","chr1","18440198","18440492","33","17655320"
"KN296303v1","801444","801723","chr9","87205378","87205678","34","86403934"
"KN296304v1","8618","8737","chrX","70428830","70428950","9","70420212"
"KN296305v1","379480","379616","chr24","33561339","33561487","17","33181859"
"KN296305v1","536484","536661","chr16","57073294","57073465","31","56536810"
"KN296305v1","654505","654862","chr24","33832500","33832797","72","33177995"
"KN296305v1","658128","658417","chr4","74600463","74600757","51","73942335"
"KN296305v1","834476","834770","chr17","40216360","40216654","33","39381884"
"KN296305v1","905518","905648","chr19","21995982","21996112","18","21090464"
"KN296306v1","41425","41524","chr21","121478256","121478356","2","121436831"
"KN296306v1","574718","574860","chr23","57177992","57178131","15","56603274"
"KN296306v1","622165","622436","chr16","52013734","52014015","38","51391569"
"KN296306v1","948281","948409","chr21","122361565","122361695","5","121413284"
"KN296306v1","1295711","1295854","chr14","13811771","13811920","28","12516060"
"KN296306v1","1326560","1326652","chr3","89451431","89451520","12","88124871"
"KN296306v1","1802794","1803082","chrX","109370939","109371228","38","107568145"
"KN296306v1","1874934","1875082","chr23","43317698","43317864","36","41442764"
"KN296306v1","2283702","2283843","chr3","23052634","23052774","19","20768932"
"KN296306v1","2758514","2758816","chr21","124156053","124156355","9","121397539"
"KN296306v1","3069531","3069635","chr27","19881572","19881674","11","16812041"
"KN296306v1","3091642","3091936","chr6","30061144","30061439","31","26969502"
"KN296306v1","3249876","3250030","chr19","1256170","1256325","23","1993706"
"KN296306v1","3560522","3560695","chr21","124933236","124933409","7","121372714"
"KN296306v1","3635831","3636131","chr21","125006440","125006732","23","121370609"
"KN296306v1","3638012","3638325","chr21","125008306","125008615","22","121370294"
"KN296307v1","146537","146811","chr21","91159982","91160279","34","91013445"
"KN296308v1","1048345","1048645","chr24","51086962","51087258","43","50038617"
"KN296308v1","378295","378412","chr5","11372290","11372402","16","10993995"
"KN296308v1","385182","385331","chr6","23937110","23937257","25","23551928"
"KN296308v1","452245","452394","chr11","7917306","7917450","35","7465061"
"KN296308v1","556065","556343","chrX","60711286","60711566","41","60155221"
"KN296308v1","696258","696382","chrX","113591117","113591244","16","112894859"
"KN296308v1","735032","735328","chr17","60238337","60238633","30","59503305"
"KN296308v1","827727","828021","chr1","112180224","112180517","42","111352497"
"KN296308v1","848841","849119","chr2","36197770","36198042","38","35348929"
"KN296308v1","962520","962611","chr23","61996892","61996979","14","61034372"
"KN296308v1","962643","962946","chr17","41673618","41673922","12","40710975"
"KN296308v1","1001584","1001822","chr8","97835849","97836083","35","96834265"
"KN296308v1","1002616","1002801","chr6","47177516","47177697","33","46174900"
"KN296308v1","1073881","1074178","chr17","41560629","41560925","13","40486748"
"KN296308v1","1175308","1175585","chr25","81975017","81975291","54","80799709"
"KN296308v1","1200487","1200787","chr17","41433940","41434232","20","40233453"
"KN296308v1","1351550","1351850","chr17","41289317","41289603","32","39937767"
"KN296308v1","1354476","1354754","chr10","57121126","57121406","55","55766650"
"KN296310v1","668098","668376","chr22","18984943","18985221","36","18316845"
"KN296310v1","721657","721858","chr20","122226432","122226619","46","121504775"
"KN296310v1","1371858","1372162","chr1","70008758","70009060","12","68636900"
"KN296310v1","1435340","1435472","chr1","69951598","69951741","16","68516258"
"KN296311v1","48048","48233","chr19","7192289","7192466","29","7144241"
"KN296311v1","345468","345594","chr2","58504374","58504493","15","58158906"
"KN296311v1","464896","465036","chrX","7619153","7619294","21","7154257"
"KN296311v1","592232","592425","chr11","64990360","64990552","38","64398128"
"KN296311v1","716693","716984","chr11","113342427","113342720","9","112625734"
"KN296311v1","777081","777204","chr11","113402855","113402980","6","112625774"
"KN296311v1","801075","801195","chr11","113427574","113427686","17","112626499"
"KN296311v1","830030","830322","chr2","81854212","81854512","35","81024182"
"KN296311v1","840321","840584","chr11","113462139","113462400","19","112621818"
"KN296311v1","878206","878497","chr11","113496708","113497000","12","112618502"
"KN296311v1","989801","989956","chr11","113606015","113606166","15","112616214"
"KN296311v1","1146959","1147268","chr11","113756966","113757275","9","112610007"
"KN296311v1","1206331","1206635","chr25","52302005","52302309","33","51095674"
"KN296311v1","1220036","1220106","chr6","1953889","1953959","12","733853"
"KN296311v1","1834032","1834231","chrX","92168581","92168768","38","90334549"
"KN296311v1","1912738","1913046","chr11","114521197","114521505","13","112608459"
"KN296311v1","1929931","1930219","chr13","34764102","34764393","37","32834171"
"KN296311v1","1935575","1935864","chr11","114543436","114543718","20","112607861"
"KN296311v1","1941539","1941829","chr11","114549709","114550010","18","112608170"
"KN296311v1","2029518","2029708","chr12","46467064","46467252","35","44437546"
"KN296311v1","2140446","2140557","chr22","68066876","68066983","14","65926430"
"KN296311v1","2543885","2543988","chr11","115153546","115153650","7","112609661"
"KN296311v1","2612465","2612754","chr28","9831325","9831615","37","7218860"
"KN296311v1","2664912","2665013","chr16","16326186","16326288","15","13661274"
"KN296311v1","2677696","2677822","chr9","14680535","14680665","22","12002839"
"KN296311v1","2692522","2692676","chr6","2935048","2935204","27","242526"
"KN296311v1","2803316","2803485","chr3","90477940","90478106","30","87674624"
"KN296311v1","2866070","2866367","chr11","115471282","115471582","12","112605212"
"KN296311v1","2883285","2883515","chr16","11738189","11738404","44","8854904"
"KN296311v1","2923342","2923471","chr11","115527817","115527949","8","112604475"
"KN296311v1","2943265","2943346","chr1","14790331","14790414","14","11847066"
"KN296311v1","2950268","2950573","chr11","115555869","115556154","30","112605601"
"KN296311v1","2981887","2982176","chr6","33770311","33770609","37","30788424"
"KN296311v1","3000704","3000900","chr16","44663834","44664028","38","41663130"
"KN296311v1","3038033","3038328","chr11","115640757","115641054","24","112602724"
"KN296311v1","3043248","3043560","chr11","115646288","115646592","16","112603040"
"KN296311v1","3060801","3061047","chr25","72602374","72602611","43","69541573"
"KN296311v1","3070452","3070601","chr10","56000003","56000148","27","52929551"
"KN296311v1","3149882","3150153","chrX","34011305","34011568","36","30861423"
"KN296311v1","3193542","3193837","chr11","115789233","115789532","18","112595691"
"KN296311v1","3197970","3198105","chr11","115793605","115793740","2","112595635"
"KN296311v1","3211267","3211556","chr11","115804057","115804351","18","112592790"
"KN296311v1","3269903","3270071","chr14","70326149","70326316","28","67056246"
"KN296311v1","3271608","3271693","chrX","81024947","81025033","11","77753339"
"KN296311v1","3272466","3272556","chr11","115863716","115863803","7","112591250"
"KN296311v1","3276978","3277254","chr11","115867889","115868167","16","112590911"
"KN296311v1","3288926","3289110","chr11","115880032","115880209","15","112591106"
"KN296311v1","3293483","3293553","chr19","6421044","6421108","21","3127561"
"KN296311v1","3337025","3337311","chr1","864939","865227","41","2472086"
"KN296311v1","3368846","3369000","chr18","5404363","5404520","19","2035517"
"KN296311v1","3487641","3487938","chr11","116071613","116071908","17","112583972"
"KN296311v1","3617257","3617398","chr7","108373876","108374012","27","104756619"
"KN296311v1","3618582","3618845","chrX","89811932","89812189","40","86193350"
"KN296311v1","3619400","3619482","chr11","116205691","116205769","10","112586291"
"KN296311v1","3643497","3643574","chr20","80217039","80217115","13","76573542"
"KN296311v1","3650497","3650581","chr20","81072789","81072868","15","77422292"
"KN296311v1","3715541","3715708","chr21","67869598","67869767","25","64154057"
"KN296311v1","3794905","3795187","chr17","47250831","47251121","45","43455926"
"KN296311v1","3802946","3803242","chr19","20661024","20661319","35","16858078"
"KN296311v1","3918838","3919117","chr11","116508780","116509059","21","112589942"
"KN296311v1","3951438","3951591","chr11","116541915","116542067","5","112590477"
"KN296311v1","3984086","3984213","chr11","116569044","116569175","13","112584958"
"KN296311v1","4081713","4081880","chr5","737199","737370","25","3344514"
"KN296311v1","4083795","4084104","chr11","116677113","116677416","18","112593318"
"KN296311v1","4166272","4166462","chr6","42756418","42756585","52","38590146"
"KN296311v1","4167471","4167635","chr11","25827870","25828027","44","21660399"
"KN296311v1","4236091","4236390","chr19","25407186","25407488","47","21171095"
"KN296311v1","4272281","4272410","chr20","87216209","87216343","19","82943928"
"KN296311v1","4283970","4284265","chr11","116874633","116874928","9","112590663"
"KN296311v1","4360836","4360968","chr1","117374889","117375021","16","113014053"
"KN296311v1","4361271","4361441","chr14","70326149","70326316","27","65964878"
"KN296311v1","4367489","4367788","chr17","39867140","39867440","38","35499651"
"KN296311v1","4399938","4400245","chr9","26472570","26472870","35","22072632"
"KN296311v1","4418927","4419228","chr20","9145662","9145963","30","4726735"
"KN296311v1","4429816","4429994","chr19","7192289","7192466","20","2762473"
"KN296311v1","4432565","4432857","chr11","117007904","117008195","17","112575339"
"KN296311v1","4467291","4467380","chr7","132953642","132953729","14","128486351"
"KN296311v1","4481100","4481237","chr11","117055059","117055196","3","112573959"
"KN296311v1","4518160","4518463","chr18","44613273","44613575","32","40095113"
"KN296311v1","4537161","4537315","chr6","383434","383575","22","4153727"
"KN296311v1","4551305","4551587","chr10","90654139","90654428","50","86102834"
"KN296311v1","4587994","4588307","chr11","117153905","117154214","24","112565911"
"KN296311v1","4675409","4675505","chr20","92835754","92835849","15","88160345"
"KN296311v1","4684387","4684689","chr11","117238804","117239106","12","112554417"
"KN296311v1","4713219","4713312","chr11","117265520","117265609","4","112552301"
"KN296311v1","4795009","4795137","chr8","27652077","27652207","20","22857068"
"KN296311v1","4958937","4959235","chr11","117503851","117504140","16","112544914"
"KN296311v1","4959531","4959721","chr26","42203157","42203345","39","37243626"
"KN296311v1","5067843","5067988","chr11","117610944","117611094","11","112543101"
"KN296311v1","5071016","5071325","chr15","76718977","76719286","40","71647961"
"KN296311v1","5093494","5093543","chr11","117635832","117635881","2","112542338"
"KN296311v1","5108861","5108979","chr11","117650795","117650925","15","112541934"
"KN296311v1","5134147","5134257","chr11","117676084","117676194","3","112541937"
"KN296311v1","5164369","5164666","chr11","117705578","117705875","19","112541209"
"KN296311v1","5181326","5181622","chr16","7832484","7832778","24","2651158"
"KN296311v1","5216510","5216683","chr11","117758459","117758631","12","112541949"
"KN296311v1","5239523","5239808","chrX","14817479","14817767","38","9577956"
"KN296311v1","5259883","5260022","chr19","16286391","16286532","17","11026508"
"KN296311v1","5297412","5297554","chrX_KE148108v1_random","1282629","1282776","24","4014783"
"KN296311v1","5300481","5300773","chr16","74612443","74612741","45","69311962"
"KN296311v1","5330022","5330189","chr11","108651238","108651415","35","103321216"
"KN296311v1","5331142","5331308","chr10","19929334","19929499","32","14598192"
"KN296311v1","5334794","5334970","chr1","8878701","8878875","36","3543907"
"KN296311v1","5402403","5402701","chr21","103799077","103799372","40","98396674"
"KN296311v1","5442731","5442903","chr11","117983311","117983480","9","112540580"
"KN296311v1","5467508","5467559","chr11","7067662","7067708","17","1600154"
"KN296311v1","5539460","5539728","chr2","10270776","10271050","39","4731316"
"KN296311v1","5565460","5565756","chr11","118095707","118096008","21","112530247"
"KN296311v1","5592148","5592282","chr11","118122348","118122488","10","112530200"
"KN296311v1","5597155","5597445","chr14","20987256","20987544","31","15390101"
"KN296311v1","5633513","5633787","chr11","118163439","118163714","18","112529926"
"KN296311v1","5721858","5722040","chr19","7192289","7192466","31","1470431"
"KN296311v1","5778005","5778290","chr11","118295682","118295983","26","112517677"
"KN296311v1","6018810","6019112","chr20","100393182","100393486","42","94374372"
"KN296311v1","6034821","6035115","chr11","118557590","118557884","17","112522769"
"KN296311v1","6074620","6074807","chr18","47604543","47604725","30","41529923"
"KN296311v1","6087659","6087840","chr14","70326149","70326316","33","64238490"
"KN296311v1","6096093","6096463","chr20","12053846","12054185","89","5957753"
"KN296311v1","6131602","6131904","chr11","118648388","118648686","23","112516786"
"KN296311v1","6131907","6132005","chr21","2281264","2281356","16","3850643"
"KN296311v1","6162755","6163079","chr28","19825395","19825717","62","13662640"
"KN296311v1","6165891","6166183","chr6","33770311","33770609","43","27604420"
"KN296311v1","6173353","6173531","chr19","7192289","7192466","29","1018936"
"KN296311v1","6196800","6197097","chr10","45086611","45086907","41","38889811"
"KN296311v1","6238888","6239153","chr11","118745893","118746162","14","112507005"
"KN296311v1","6244003","6244128","chr16","69630","69758","26","6174373"
"KN296311v1","6279335","6279507","chr14","70326149","70326316","28","64046814"
"KN296311v1","6281047","6281333","chr1","15860008","15860303","46","9578961"
"KN296311v1","6282484","6282694","chr20","87023843","87024048","40","80741359"
"KN296311v1","6316941","6317249","chr5","73276958","73277265","41","66960017"
"KN296311v1","6361647","6361928","chr23","62376095","62376387","47","56014448"
"KN296311v1","6388692","6388788","chr11","118896142","118896238","4","112507450"
"KN296311v1","6394523","6394700","chr11","118902266","118902441","13","112507743"
"KN296311v1","6402105","6402283","chr11","118909564","118909742","8","112507459"
"KN296311v1","6415167","6415381","chr13","63050901","63051107","50","56635734"
"KN296311v1","6464733","6464840","chr1","114686644","114686755","22","108221911"
"KN296311v1","6559118","6559390","chr11","119063996","119064283","34","112504878"
"KN296311v1","6622629","6622916","chr13","65587063","65587353","33","58964434"
"KN296311v1","6763873","6763964","chr18","31654210","31654303","16","24890337"
"KN296311v1","6907602","6907904","chr11","119408808","119409103","16","112501206"
"KN296311v1","6995521","6995568","chr7","134155168","134155219","11","127159647"
"KN296311v1","7475856","7476144","chrX","50590083","50590370","44","43114227"
"KN296311v1","7620325","7620612","chrX","22293419","22293712","53","14673094"
"KN296311v1","7668384","7668575","chr20","122226432","122226619","30","114558048"
"KN296311v1","7689048","7689352","chr11","120197074","120197369","22","112508026"
"KN296311v1","7696131","7696235","chrX","20549561","20549665","15","12853430"
"KN296311v1","7738753","7739036","chr10","126222520","126222801","36","118483767"
"KN296311v1","7868931","7869232","chr11","120375529","120375833","15","112506598"
"KN296311v1","8064805","8064914","chr11","120570108","120570215","9","112505303"
"KN296311v1","8121080","8121256","chr25","27497903","27498067","38","19376823"
"KN296311v1","8701049","8701333","chr8","92635049","92635333","35","83934000"
"KN296311v1","8843359","8843464","chr1","120077612","120077711","16","111234253"
"KN296311v1","8846005","8846071","chr11","121362138","121362204","2","112516133"
"KN296311v1","8866068","8866200","chr14","70325720","70325853","9","61459652"
"KN296311v1","9217271","9217566","chr11","121743525","121743820","15","112526254"
"KN296311v1","9390849","9391003","chr7","103731453","103731609","24","94340604"
"KN296311v1","9830027","9830150","chr11","122393089","122393208","10","112563062"
"KN296311v1","9840545","9840613","chr13","90230254","90230321","13","80389709"
"KN296312v1","30422","30537","chr27","10127807","10127921","13","10097385"
"KN296312v1","34336","34424","chr6","50687411","50687499","18","50653075"
"KN296312v1","163113","163422","chr11","8684527","8684834","39","8521414"
"KN296312v1","478612","478789","chr7","60522588","60522762","36","60043976"
"KN296312v1","479596","479929","chr7","94648614","94648952","13","94169018"
"KN296314v1","546523","546815","chr13","34764102","34764393","40","34217579"
"KN296314v1","583192","583478","chr12","59192366","59192652","18","58609174"
"KN296315v1","113210","113494","chr6","28356222","28356506","32","28243012"
"KN296315v1","242560","242665","chrUn_KE147811v1","4719","4826","11","237841"
"KN296315v1","280912","281200","chr10","92956825","92957111","46","92675913"
"KN296315v1","285409","285705","chr11","119408808","119409103","37","119123399"
"KN296315v1","333575","333870","chr11","14262419","14262712","17","13928844"
"KN296315v1","373249","373467","chr1","40061707","40061922","51","39688458"
"KN296315v1","627673","627804","chr11","14561666","14561797","3","13933993"
"KN296315v1","628160","628297","chr5","26023768","26023910","34","25395608"
"KN296315v1","781033","781320","chr9","109854529","109854816","40","109073496"
"KN296315v1","900943","901208","chr16","15512960","15513223","37","14612017"
"KN296315v1","1039179","1039484","chr11","14944595","14944902","18","13905416"
"KN296315v1","1372503","1372814","chr11","15277275","15277577","24","13904772"
"KN296315v1","1577990","1578137","chr11","15478591","15478732","11","13900601"
"KN296315v1","1779850","1780146","chr21","120625123","120625419","35","118845273"
"KN296316v1","47419","47520","chr4","74483370","74483469","15","74435951"
"KN296316v1","202987","203171","chr5","737199","737370","28","534212"
"KN296316v1","215513","215626","chr4","77620980","77621096","19","77405467"
"KN296316v1","258315","258605","chrX","59517419","59517721","52","59259104"
"KN296316v1","258849","259091","chr14","97806022","97806272","47","97547173"
"KN296316v1","345962","346128","chr25","27497903","27498067","25","27151941"
"KN296319v1","314191","314344","chr2","81247077","81247245","36","80932886"
"KN296319v1","391586","391676","chr16","40823884","40823973","11","40432298"
"KN296319v1","410906","411112","chr29","7558892","7559100","31","7147986"
"KN296319v1","426928","427080","chr6","2935048","2935204","32","2508120"
"KN296319v1","430447","430743","chr13","87681307","87681598","19","87250860"
"KN296319v1","607595","607901","chr6","21066333","21066631","32","20458738"
"KN296319v1","783407","783545","chr14","59427074","59427214","27","58643667"
"KN296321v1","321135","321438","chr9","71506634","71506917","71","71185499"
"KN296322v1","47863","48154","chr3","79497931","79498240","30","79450068"
"KN296322v1","146173","146299","chr1","104571784","104571905","26","104425611"
"KN296322v1","169955","170255","chr6","27788548","27788847","30","27618593"
"KN296322v1","328253","328404","chr2","10493379","10493531","20","10165126"
"KN296322v1","502582","502861","chr3","79044039","79044319","16","78541457"
"KN296322v1","503139","503276","chr7","117504565","117504707","39","117001426"
"KN296322v1","507879","508172","chr3","79039738","79040028","16","78531859"
"KN296322v1","764356","764465","chr9","59046412","59046516","31","58282056"
"KN296322v1","772478","772781","chr3","78791287","78791581","27","78018809"
"KN296322v1","792556","792905","chr3","78771032","78771345","44","77978476"
"KN296322v1","829566","829716","chr9","13379894","13380048","19","12550328"
"KN296322v1","885598","885862","chr3","78680561","78680823","15","77794963"
"KN296322v1","888050","888209","chr1","117375330","117375494","28","116487280"
"KN296322v1","1039343","1039622","chr11","116573867","116574145","36","115534524"
"KN296322v1","1153121","1153430","chr5","26250155","26250463","45","25097034"
"KN296322v1","1172482","1172781","chr1","32867052","32867348","41","31694570"
"KN296322v1","1218066","1218359","chr23","81672950","81673245","37","80454884"
"KN296322v1","1223909","1223968","chr24","30081139","30081197","11","28857230"
"KN296322v1","1229049","1229196","chr3","78349922","78350069","7","77120873"
"KN296322v1","1285264","1285566","chr3","78296519","78296821","14","77011255"
"KN296322v1","1359804","1359971","chr3","52082928","52083094","31","50723124"
"KN296322v1","1386535","1386847","chr3","78197482","78197793","29","76810947"
"KN296322v1","1905658","1905938","chr3","77690349","77690629","20","75784691"
"KN296322v1","2278449","2278573","chr19","3811003","3811128","28","1532554"
"KN296322v1","2286636","2286819","chrX","92168581","92168768","34","89881945"
"KN296322v1","2287125","2287258","chr6","38881862","38881995","24","36594737"
"KN296322v1","2309171","2309332","chr3","37397752","37397911","30","35088581"
"KN296322v1","2325256","2325549","chr3","77283848","77284145","21","74958592"
"KN296322v1","2346613","2346920","chr11","100463375","100463680","38","98116762"
"KN296322v1","2394952","2395244","chr1","65106207","65106504","38","62711255"
"KN296322v1","2594700","2594990","chr3","77024089","77024388","19","74429389"
"KN296322v1","2710024","2710332","chr3","76909433","76909740","18","74199409"
"KN296322v1","2717186","2717316","chr1","117374889","117375021","9","114657703"
"KN296323v1","200031","200315","chr22","98966502","98966787","16","98766471"
"KN296323v1","995087","995274","chr28","14374070","14374256","34","13378983"
"KN296323v1","1024906","1025206","chr22","98132123","98132415","24","97107217"
"KN296323v1","1109631","1109867","chrX","128421470","128421715","43","127311839"
"KN296323v1","1118703","1119012","chr22","98034995","98035293","24","96916292"
"KN296323v1","1359825","1359942","chr14","87677683","87677804","17","86317858"
"KN296323v1","1548214","1548505","chr9","26472570","26472870","36","24924356"
"KN296323v1","2161281","2161568","chr2","248639","248925","34","1912642"
"KN296323v1","2205469","2205549","chr22","10312165","10312244","12","8106696"
"KN296323v1","2326404","2326708","chr16","1105832","1106136","41","1220572"
"KN296325v1","237389","237492","chrX","17052248","17052348","14","16814859"
"KN296325v1","344888","345204","chr6","2311277","2311599","48","1966389"
"KN296326v1","535691","535774","chr25","30838261","30838343","7","30302570"
"KN296331v1","11995","12120","chrX","73592766","73592878","17","73580771"
"KN296337v1","374874","374985","chr9","102911776","102911884","19","102536902"
"KN296337v1","517648","517840","chr17","48074159","48074349","44","47556511"
"KN296337v1","661950","662242","chr27","33496564","33496852","24","32834614"
"KN296337v1","1017413","1017510","chr18","58152824","58152924","16","57135411"
"KN296339v1","482337","482607","chr3","36647213","36647496","24","36164876"
"KN296339v1","738904","739012","chr19","6663567","6663679","17","5924663"
"KN296339v1","1005665","1005974","chr14","60556136","60556443","47","59550471"
"KN296339v1","1149526","1149826","chr3","37297341","37297642","15","36147815"
"KN296339v1","1424100","1424193","chr1","115520059","115520154","15","114095959"
"KN296339v1","1922168","1922455","chr3","38058738","38059026","14","36136570"
"KN296339v1","2049977","2050272","chr3","38178102","38178401","17","36128125"
"KN296339v1","2308101","2308386","chr3","38428740","38429027","18","36120639"
"KN296339v1","2783203","2783497","chr6","30061144","30061439","44","27277941"
"KN296341v1","37024","37296","chr26","57799286","57799560","41","57762262"
"KN296342v1","131716","131901","chr15","33336831","33337009","34","33205115"
"KN296342v1","131927","132067","chr6","39204774","39204908","22","39072847"
"KN296342v1","318328","318598","chr20","106984828","106985114","50","106666500"
"KN296342v1","455252","455398","chr16","61252375","61252516","34","60797123"
"KN296342v1","455431","455567","chr15","48648415","48648550","26","48192984"
"KN296342v1","456331","456474","chr21","98721242","98721378","25","98264911"
"KN296343v1","81350","81632","chr26","50212273","50212558","15","50130923"
"KN296343v1","162595","162775","chr26","50135143","50135315","18","49972548"
"KN296343v1","192844","192924","chr26","50105978","50106057","6","49913134"
"KN296343v1","242525","242668","chr26","50054896","50055044","11","49812371"
"KN296345v1","83575","83890","chr2","45029726","45030036","44","44946151"
"KN296345v1","301084","301179","chr20","93948919","93949015","11","93647835"
"KN296345v1","725220","725303","chr2","85445888","85445973","13","84720668"
"KN296349v1","10770","10942","chr24","27809157","27809320","33","27798387"
"KN296356v1","347289","347367","chr9","26705464","26705542","7","26358175"
"KN296356v1","364409","364746","chr21","49192291","49192567","73","48827882"
"KN296356v1","855509","855581","chr21","48718020","48718092","6","47862511"
"KN296356v1","967296","967373","chr12","27119764","27119841","10","26152468"
"KN296357v1","60507","60582","chr24","65642241","65642319","16","65581734"
"KN296357v1","68438","68596","chr6","2935048","2935204","31","2866610"
"KN296357v1","68794","68959","chr14","70326149","70326316","23","70257355"
"KN296357v1","69257","69272","chr2","4047053","4047066","5","3977796"
"KN296357v1","70227","70406","chr2","80959654","80959829","39","80889427"
"KN296357v1","90481","90525","chr6","24782205","24782246","12","24691724"
"KN296357v1","113526","113824","chr6","42154670","42154989","41","42041144"
"KN296357v1","167331","167517","chr19","25599493","25599672","40","25432162"
"KN296357v1","225202","225415","chr15","3089065","3089284","41","2863863"
"KN296357v1","244161","244456","chr21","103799077","103799372","26","103554916"
"KN296357v1","251700","252054","chr7","102600782","102601117","66","102349082"
"KN296357v1","252560","252851","chr6","42027757","42028042","26","41775197"
"KN296357v1","266451","266596","chr14","13811771","13811920","31","13545320"
"KN296357v1","271174","271348","chr6","42014564","42014746","34","41743390"
"KN296357v1","271713","271868","chrX","108711335","108711486","32","108439622"
"KN296357v1","308596","308872","chr20","32178760","32179039","37","31870164"
"KN296357v1","338722","338812","chr2","85445888","85445973","10","85107166"
"KN296357v1","344822","344930","chr20","108798105","108798208","29","108453283"
"KN296357v1","381757","381844","chr6","41897677","41897762","4","41515920"
"KN296357v1","439490","439610","chr6","41851361","41851483","9","41411871"
"KN296357v1","461357","461471","chr14","18470633","18470756","22","18009276"
"KN296357v1","461982","462073","chr4","39606278","39606368","20","39144296"
"KN296357v1","462207","462218","chr10","34280207","34280218","3","33818000"
"KN296357v1","463492","463845","chr20","12053846","12054185","83","11590354"
"KN296357v1","472802","473089","chr8","116569629","116569918","43","116096827"
"KN296357v1","476764","476924","chr6","2935048","2935204","33","2458284"
"KN296357v1","483463","483512","chr20","40463875","40463922","12","39980412"
"KN296357v1","483784","483880","chr7","131383060","131383155","14","130899276"
"KN296357v1","488062","488230","chr14","85152652","85152821","28","84664590"
"KN296357v1","489907","490208","chrX","35380605","35380915","39","34890698"
"KN296357v1","491541","491689","chr9","58679425","58679572","20","58187884"
"KN296357v1","492297","492424","chr9","62734148","62734275","14","62241851"
"KN296357v1","500282","500587","chr12","52933869","52934172","43","52433587"
"KN296357v1","509044","509174","chr15","11932951","11933088","19","11423907"
"KN296357v1","599887","600073","chr1","8878922","8879108","35","8279035"
"KN296357v1","637031","637191","chr7","88915415","88915556","34","88278384"
"KN296357v1","660955","661308","chr7","111907411","111907764","88","111246456"
"KN296357v1","661319","661625","chr7","100563987","100564294","37","99902668"
"KN296357v1","697480","697669","chr1","8878922","8879108","32","8181442"
"KN296357v1","733010","733278","chr6","41570601","41570895","50","40837591"
"KN296357v1","760639","760804","chr2","81247077","81247245","37","80486438"
"KN296357v1","764771","764860","chr14","91991733","91991816","14","91226962"
"KN296357v1","764894","765027","chr7","117254717","117254849","21","116489823"
"KN296357v1","766748","766891","chr6","41536843","41536980","9","40770095"
"KN296357v1","779113","779206","chr6","41446808","41446911","12","40667695"
"KN296360v1","1","157","chr18","67640941","67641102","36","67640940"
"KN296360v1","274571","274887","chr10","66227857","66228154","34","65953286"
"KN296360v1","635245","635413","chr10","66580994","66581158","13","65945749"
"KN296360v1","812056","812340","chr10","66764553","66764847","22","65952497"
"KN296360v1","1315760","1316053","chr10","67243812","67244092","24","65928052"
"KN296360v1","1363574","1363639","chr10","118714057","118714119","20","117350483"
"KN296360v1","1810770","1811063","chr6","28079419","28079715","32","26268649"
"KN296360v1","1964626","1964933","chr10","67883818","67884122","21","65919192"
"KN296360v1","2051596","2051703","chr25","48878806","48878903","28","46827210"
"KN296361v1","101641","101929","chr9","12354158","12354440","53","12252517"
"KN296362v1","489","597","chr27","19881572","19881674","16","19881083"
"KN296365v1","59814","60115","chr2","83879401","83879704","13","83819587"
"KN296365v1","256394","256548","chr21","17251394","17251546","20","16995000"
"KN296365v1","300189","300345","chr1","11992290","11992449","35","11692101"
"KN296365v1","463924","464134","chr6","39204265","39204462","48","38740341"
"KN296365v1","594656","594798","chr2","83349676","83349818","7","82755020"
"KN296365v1","648407","648495","chr11","124277143","124277232","15","123628736"
"KN296365v1","658155","658433","chr2","11927320","11927602","40","11269165"
"KN296365v1","662857","663142","chr28","18370175","18370456","45","17707318"
"KN296365v1","724608","724696","chr15","51851900","51851988","18","51127292"
"KN296365v1","735109","735273","chr14","70326149","70326316","35","69591040"
"KN296365v1","917235","917477","chr7","31560549","31560795","36","30643314"
"KN296365v1","960715","960976","chr8","27709822","27710077","40","26749107"
"KN296365v1","969316","969427","chr2","82972046","82972157","5","82002730"
"KN296365v1","1023559","1023640","chr12","5324868","5324945","12","4301309"
"KN296365v1","1397427","1397543","chr15","16311393","16311504","17","14913966"
"KN296365v1","2096050","2096327","chr2","10270776","10271050","28","8174726"
"KN296367v1","196283","196552","chr22","45326708","45326971","43","45130425"
"KN296367v1","330401","330578","chr5","737199","737370","33","406798"
"KN296367v1","555693","555827","chr9","49867803","49867925","20","49312110"
"KN296367v1","705919","706226","chr9","50017541","50017844","17","49311622"
"KN296370v1","95958","96075","chr11","106587000","106587123","25","106491042"
"KN296371v1","210202","210415","chr17","39264256","39264474","15","39054054"
"KN296373v1","45017","45146","chrX","1165807","1165940","28","1120790"
"KN296373v1","190868","191151","chr1","19469328","19469625","43","19278460"
"KN296373v1","383828","384137","chr17","12061074","12061383","15","11677246"
"KN296373v1","443403","443503","chr14","20993171","20993268","14","20549768"
"KN296373v1","682063","682387","chr23","19182773","19183076","58","18500710"
"KN296373v1","771862","772139","chr22","52444972","52445253","42","51673110"
"KN296375v1","58884","59185","chrX","88803719","88804004","30","88744835"
"KN296376v1","29693","29778","chr14","20635210","20635295","4","20605517"
"KN296376v1","45910","45993","chr14","20625147","20625232","6","20579237"
"KN296377v1","35046","35328","chrX","15828341","15828623","8","15793295"
"KN296378v1","104144","104280","chr11","108103102","108103241","6","107998958"
"KN296378v1","371475","371745","chr14","83230907","83231168","50","82859432"
"KN296378v1","391494","391580","chr2","85445888","85445973","9","85054394"
"KN296378v1","492401","492485","chr20","81072789","81072868","15","80580388"
"KN296378v1","525416","525711","chr26","30682990","30683283","36","30157574"
"KN296378v1","565117","565254","chr2","30114395","30114528","20","29549278"
"KN296378v1","568518","568705","chrX","92168581","92168768","35","91600063"
"KN296378v1","598956","599087","chr18","55596917","55597052","17","54997961"
"KN296378v1","620323","620430","chr23","44916282","44916384","14","44295959"
"KN296378v1","652633","652801","chr11","108651238","108651415","23","107998605"
"KN296378v1","871763","871863","chr21","109399126","109399227","27","108527363"
"KN296378v1","871895","871979","chr10","34391060","34391144","30","33519165"
"KN296378v1","962850","963118","chr11","108969701","108969975","20","108006851"
"KN296378v1","1039202","1039499","chr11","109047561","109047855","16","108008359"
"KN296380v1","131072","131183","chr8","101015082","101015192","5","100884010"
"KN296380v1","72924","73233","chr8","101070346","101070639","27","100997422"
"KN296380v1","87829","87953","chr8","101055681","101055807","10","100967852"
"KN296381v1","86170","86475","chr6","30818398","30818691","25","30732228"
"KN296381v1","90058","90120","chr16","74067989","74068047","10","73977931"
"KN296381v1","184253","184339","chr9","98692752","98692841","15","98508499"
"KN296381v1","188708","188824","chr1","114686644","114686755","15","114497936"
"KN296381v1","230540","230709","chr14","70326149","70326316","31","70095609"
"KN296381v1","306572","306772","chr6","14861387","14861589","31","14554815"
"KN296381v1","319913","320019","chr5","65450314","65450424","20","65130401"
"KN296381v1","320895","320967","chr6","1953889","1953959","7","1632994"
"KN296381v1","372837","373014","chr13","38693871","38694044","28","38321034"
"KN296381v1","390930","391074","chr28","20836744","20836880","27","20445814"
"KN296381v1","406916","407088","chr14","36731633","36731798","22","36324717"
"KN296381v1","436799","436950","chr6","31148984","31149135","6","30712185"
"KN296381v1","471870","472185","chr12","11331203","11331507","48","10859333"
"KN296381v1","503065","503344","chr6","31221783","31222067","16","30718718"
"KN296381v1","511333","511478","chr7","108373876","108374012","23","107862543"
"KN296381v1","516537","516630","chr21","7654402","7654495","9","7137865"
"KN296381v1","549215","549543","chr6","31265465","31265791","16","30716250"
"KN296381v1","584470","584757","chrX","50590083","50590370","37","50005613"
"KN296381v1","591344","591630","chr17","11240933","11241223","39","10649589"
"KN296383v1","213312","213472","chrUn_KE147579v1","39723","39885","43","173589"
"KN296383v1","215815","216110","chr11","78160300","78160595","16","77944485"
"KN296386v1","140280","140364","chr22","81127192","81127276","5","80986912"
"KN296386v1","545408","545542","chr16","23171999","23172132","18","22626591"
"KN296386v1","610806","610961","chr29","17958904","17959053","19","17348098"
"KN296386v1","701225","701370","chr22","80578840","80578973","19","79877615"
"KN296386v1","795069","795144","chr2","82919514","82919604","25","82124445"
"KN296386v1","811750","811915","chr22","79356034","79356200","35","78544284"
"KN296386v1","832006","832315","chr11","8684527","8684834","43","7852521"
"KN296386v1","895925","896025","chr22","80392775","80392875","3","79496850"
"KN296387v1","952","1232","chr6","21143538","21143819","20","21142586"
"KN296387v1","20895","21202","chr20","70620441","70620744","41","70599546"
"KN296387v1","29686","29944","chr6","21122440","21122696","15","21092754"
"KN296387v1","36474","36753","chr4","36915476","36915756","44","36879002"
"KN296387v1","69031","69326","chr6","21084081","21084375","12","21015050"
"KN296387v1","79593","79696","chr21","107741320","107741419","19","107661727"
"KN296387v1","83678","83968","chr6","21066333","21066631","24","20982655"
"KN296387v1","103782","104091","chr19","16092941","16093246","52","15989159"
"KN296387v1","145665","145946","chr15","58540642","58540930","42","58394977"
"KN296387v1","231427","231728","chr6","27788548","27788847","41","27557121"
"KN296387v1","232789","232953","chr6","4157525","4157687","33","3924736"
"KN296387v1","246613","246875","chr13","89419406","89419673","52","89172793"
"KN296387v1","256817","256920","chr11","19071804","19071905","22","18814987"
"KN296387v1","272783","273055","chr9","93001276","93001549","42","92728493"
"KN296387v1","292293","292587","chr6","20902099","20902382","19","20609806"
"KN296387v1","293250","293530","chr25","81290652","81290942","43","80997402"
"KN296387v1","315933","316109","chr20","96338788","96338956","36","96022855"
"KN296390v1","43095","43203","chr22","9059629","9059739","14","9016534"
"KN296390v1","62664","62827","chr4","75069564","75069716","37","75006900"
"KN296391v1","67383","67708","chrX","116429184","116429509","8","116361801"
"KN296391v1","107398","107697","chrX","116389817","116390107","17","116282419"
"KN296392v1","19197","19415","chr25","43089902","43090090","63","43070705"
"KN296392v1","404360","404656","chr1","65106207","65106504","44","64701847"
"KN296392v1","426790","427089","chr2","86777449","86777748","39","86350659"
"KN296393v1","12686","12989","chr11","44486970","44487271","39","44474284"
"KN296393v1","98066","98364","chr1","65106207","65106504","39","65008141"
"KN296393v1","225993","226171","chr6","9318996","9319173","31","9093003"
"KN296394v1","74","153","chr9","58939305","58939385","10","58939231"
"KN296394v1","24687","24796","chr20","85379885","85379994","19","85355198"
"KN296394v1","26872","27080","chr20","87023843","87024048","39","86996971"
"KN296394v1","119916","120213","chr16","16490802","16491096","18","16370886"
"KN296394v1","191173","191477","chr16","16560476","16560781","17","16369303"
"KN296394v1","238937","239227","chr16","16607300","16607610","31","16368363"
"KN296394v1","239272","239294","chr21","67879292","67879311","6","67640020"
"KN296395v1","114639","114732","chr11","107359069","107359157","23","107244430"
"KN296395v1","116643","116936","chr18","34774859","34775154","35","34658216"
"KN296398v1","139235","139339","chr2","80385704","80385808","18","80246469"
"KN296398v1","161251","161397","chr20","57626736","57626885","9","57465485"
"KN296402v1","189343","189463","chr19","1059984","1060103","10","870641"
"KN296402v1","296241","296538","chr1","65106207","65106504","38","64809966"
"KN296402v1","348838","348895","chr7","134155168","134155219","14","133806330"
"KN296402v1","405312","405467","chr19","1256170","1256325","3","850858"
"KN296402v1","432109","432410","chr14","62443102","62443397","36","62010993"
"KN296402v1","511174","511318","chr9","95419422","95419569","18","94908248"
"KN296402v1","520377","520454","chr16","58641618","58641696","11","58121241"
"KN296402v1","545577","545870","chr11","109047561","109047855","40","108501984"
"KN296402v1","569499","569834","chr13","77938885","77939191","87","77369386"
"KN296402v1","579297","579447","chr28","16189476","16189601","39","15610179"
"KN296402v1","612110","612399","chr19","1466080","1466375","19","853970"
"KN296403v1","337672","337960","chr27","23458620","23458908","21","23120948"
"KN296403v1","567777","567964","chrX","92168581","92168768","36","91600804"
"KN296403v1","934974","935169","chr23","22563678","22563870","37","21628704"
"KN296404v1","132239","132508","chr2","9962719","9962989","53","9830480"
"KN296404v1","330589","330882","chr20","12494655","12494948","36","12164066"
"KN296404v1","656078","656185","chr25","47505662","47505769","7","46849584"
"KN296404v1","818982","819277","chr6","28079419","28079715","33","27260437"
"KN296404v1","919527","919829","chr7","133952560","133952863","35","133033033"
"KN296404v1","935660","935811","chr25","47222011","47222148","17","46286351"
"KN296404v1","1175498","1175671","chr11","44985103","44985269","32","43809605"
"KN296404v1","1236701","1237000","chr25","46924873","46925173","22","45688172"
"KN296404v1","1360867","1360986","chr25","46802317","46802435","6","45441450"
"KN296404v1","1635914","1636201","chr12","60617759","60618054","56","58981845"
"KN296404v1","1798662","1798763","chr20","100112314","100112409","15","98313652"
"KN296404v1","1804568","1804861","chr2","43160695","43160992","36","41356127"
"KN296404v1","1885136","1885217","chr2","58907285","58907365","11","57022149"
"KN296404v1","1941642","1941929","chr25","46222111","46222399","21","44280469"
"KN296404v1","1945422","1945572","chr25","46218482","46218618","15","44273060"
"KN296404v1","2044206","2044514","chr3","25833754","25834060","38","23789548"
"KN296404v1","2080290","2080582","chr16","61916805","61917100","33","59836515"
"KN296404v1","2137629","2137926","chr25","46026743","46027033","21","43889114"
"KN296404v1","2150157","2150315","chr22","90558070","90558237","41","88407913"
"KN296404v1","2285808","2286109","chr25","45882426","45882725","20","43596618"
"KN296404v1","2296996","2297294","chr25","45871239","45871521","38","43574243"
"KN296404v1","2393270","2393564","chr25","45775488","45775778","15","43382218"
"KN296404v1","3412655","3412791","chr25","44763674","44763808","7","41351019"
"KN296404v1","3449656","3449827","chr14","70326149","70326316","29","66876493"
"KN296404v1","3875065","3875212","chr25","44322177","44322314","23","40447112"
"KN296404v1","3972125","3972403","chr25","44225874","44226170","40","40253749"
"KN296406v1","175239","175528","chr1","99679047","99679328","38","99503808"
"KN296406v1","208114","208185","chr20","8927868","8927948","28","8719754"
"KN296406v1","237244","237369","chr14","92833282","92833407","10","92596038"
"KN296406v1","353557","353689","chrX","38769034","38769164","13","38415477"
"KN296406v1","554756","554868","chr12","27480645","27480758","17","26925889"
"KN296407v1","261393","261677","chr9","21358440","21358726","44","21097047"
"KN296424v1","1","116","chr12","39055286","39055403","18","39055285"
"KN296424v1","12201","12324","chr8","69330858","69330977","26","69318657"
"KN296424v1","45376","45637","chr20","70298453","70298709","34","70253077"
"KN296424v1","95424","95578","chr19","4940698","4940854","9","4845274"
"KN296424v1","196956","197219","chr19_AQIB01158124v1_random","30629","30893","13","166327"
"KN296424v1","202596","202691","chr1","99686755","99686848","14","99484159"
"KN296424v1","238987","239119","chrX","14215957","14216090","13","13976970"
"KN296424v1","239458","239519","chr9","81857938","81857997","13","81618480"
"KN296424v1","255904","256220","chr19","5061251","5061576","25","4805347"
"KN296424v1","295456","295754","chr19","5093233","5093517","30","4797777"
"KN296424v1","402595","402813","chr19","5197047","5197260","15","4794452"
"KN296424v1","411432","411721","chr19","5206209","5206495","20","4794777"
"KN296424v1","466318","466622","chr19","5260977","5261274","21","4794659"
"KN296424v1","516543","516711","chr14","70326149","70326316","28","69809606"
"KN296426v1","42543","42848","chr7","15867367","15867673","8","15824824"
"KN296426v1","499911","500000","chr5","32476193","32476284","11","31976282"
"KN296426v1","510065","510396","chr7","15415579","15415888","38","14905514"
"KN296430v1","194088","194396","chr26","41928180","41928481","31","41734092"
"KN296430v1","249582","249883","chr23","71634591","71634890","34","71385009"
"KN296430v1","256170","256497","chr26","41866361","41866684","23","41610191"
"KN296430v1","259209","259500","chr26","41863038","41863335","19","41603829"
"KN296430v1","273188","273302","chr26","41850771","41850883","6","41577583"
"KN296430v1","290279","290420","chr9","58679425","58679572","33","58389146"
"KN296430v1","303636","303945","chr11","8684527","8684834","39","8380891"
"KN296430v1","338559","338853","chr26","41795012","41795316","25","41456453"
"KN296430v1","341384","341483","chr20","108798105","108798208","22","108456721"
"KN296430v1","365902","366200","chr26","41768823","41769122","18","41402921"
"KN296430v1","386110","386402","chr26","41748103","41748399","16","41361993"
"KN296430v1","393490","393617","chr26","41740692","41740818","6","41347202"
"KN296430v1","393946","394056","chr15","16311393","16311504","15","15917447"
"KN296430v1","410916","411086","chr9","106491473","106491651","36","106080557"
"KN296430v1","433019","433308","chr26","41700706","41700995","9","41267687"
"KN296430v1","434215","434374","chr11","25827870","25828027","26","25393655"
"KN296430v1","457171","457324","chr1","10055596","10055753","21","9598425"
"KN296430v1","474761","474957","chrX","92168581","92168768","39","91693820"
"KN296430v1","475953","476073","chr25","85493062","85493176","23","85017109"
"KN296430v1","499292","499407","chr4","37197317","37197432","18","36698025"
"KN296430v1","522942","523047","chr5","74607971","74608072","29","74085029"
"KN296430v1","523977","524132","chr26","41597109","41597257","16","41073132"
"KN296430v1","544544","544829","chr9","21358440","21358726","34","20813896"
"KN296430v1","550291","550422","chr26","41573680","41573807","7","41023389"
"KN296430v1","584699","584816","chr16","48525538","48525649","18","47940839"
"KN296430v1","673124","673261","chr2","12622851","12622985","20","11949727"
"KN296430v1","704501","704514","chr10","34280207","34280218","3","33575706"
"KN296430v1","704813","704983","chr18","59848764","59848935","26","59143951"
"KN296430v1","721649","721772","chr2","7069148","7069271","20","6347499"
"KN296430v1","735168","735333","chr12","53066244","53066408","25","52331076"
"KN296430v1","743509","743689","chr19","25599493","25599672","37","24855984"
"KN296430v1","791534","791620","chr22","70814500","70814588","13","70022966"
"KN296430v1","798000","798089","chr16","63967102","63967196","16","63169102"
"KN296430v1","826031","826192","chr24","66134690","66134855","31","65308659"
"KN296430v1","902475","902685","chr26","41232306","41232516","5","40329831"
"KN296430v1","1201835","1201972","chr3","23052634","23052774","26","21850799"
"KN296435v1","1662","1932","chr12","102976664","102976950","66","102975002"
"KN296435v1","138560","138866","chr13","85930048","85930349","41","85791488"
"KN296435v1","206423","206635","chr12","34753725","34753929","41","34547302"
"KN296435v1","275028","275135","chr16","53792781","53792879","18","53517753"
"KN296435v1","298273","298473","chr14","70326149","70326316","51","70027876"
"KN296435v1","1237015","1237322","chr2","51335590","51335896","22","50098575"
"KN296435v1","1940419","1940523","chr2","50644353","50644458","10","48703934"
"KN296435v1","2171584","2171789","chr2","50409485","50409686","9","48237901"
"KN296435v1","2336638","2336771","chr8","9167103","9167235","18","6830465"
"KN296435v1","2341580","2341701","chr11","106587000","106587123","15","104245420"
"KN296435v1","2841317","2841391","chr1","92152979","92153052","21","89311662"
"KN296435v1","2895968","2896241","chr20","70599752","70600027","39","67703784"
"KN296435v1","2900010","2900119","chr22","68066876","68066983","15","65166866"
"KN296435v1","3020551","3020673","chr2","49564161","49564286","7","46543610"
"KN296435v1","3051849","3052142","chr2","49533561","49533851","16","46481712"
"KN296435v1","3061087","3061382","chr2","49524718","49525019","13","46463631"
"KN296435v1","3560180","3560344","chr12","53066244","53066408","33","49506064"
"KN296442v1","59954","60249","chr14","45011367","45011661","11","44951413"
"KN296442v1","98201","98498","chr14","44969288","44969585","16","44871087"
"KN296442v1","241733","242051","chr11","14038393","14038703","37","13796660"
"KN296442v1","278755","279062","chr8","87155233","87155542","35","86876478"
"KN296442v1","472512","472807","chr14","44631438","44631745","26","44158926"
"KN296442v1","494423","494520","chr1","120077612","120077711","12","119583189"
"KN296442v1","639075","639185","chr15","17989360","17989465","14","17350285"
"KN296442v1","681305","681425","chrUn_KE147811v1","4719","4826","31","676586"
"KN296442v1","817717","818026","chr21","31446688","31446995","36","30628971"
"KN296442v1","1016328","1016450","chr14","44128893","44129014","7","43112565"
"KN296442v1","1052317","1052617","chr14","44095050","44095347","12","43042733"
"KN296442v1","1152242","1152366","chr14","43994262","43994384","6","42842020"
"KN296442v1","1160097","1160229","chr14","43986410","43986540","3","42826313"
"KN296453v1","202697","202999","chr20","119684678","119684977","36","119481981"
"KN296453v1","418951","419130","chr8","48888653","48888832","4","48469702"
"KN296453v1","445112","445426","chr11","8684527","8684834","49","8239415"
"KN296453v1","516711","516820","chr16","70887413","70887525","20","70370702"
"KN296453v1","549242","549569","chr8","48758269","48758574","40","48209027"
"KN296453v1","557065","557178","chr9","74785663","74785773","17","74228598"
"KN296453v1","719733","719860","chr11","106564715","106564841","14","105844982"
"KN296453v1","1004750","1005049","chrUn_KE147541v1","229930","230239","48","774820"
"KN296453v1","1081275","1081634","chr18","16150558","16150903","75","15069283"
"KN296453v1","1383470","1383660","chr19","33115164","33115349","40","31731694"
"KN296453v1","1562505","1562795","chr8","47760007","47760297","12","46197502"
"KN296453v1","1956114","1956217","chr8","47351701","47351802","12","45395587"
"KN296453v1","2368840","2369140","chr8","46939740","46940042","10","44570900"
"KN296453v1","2549404","2549705","chr8","46763357","46763660","17","44213953"
"KN296455v1","13392","13495","chr16","35497911","35498005","21","35484519"
"KN296455v1","792269","792577","chr23","24807622","24807936","25","24015353"
"KN296455v1","1028984","1029078","chr12","87645693","87645787","16","86616709"
"KN296455v1","1066866","1067169","chr21","43690605","43690897","51","42623739"
"KN296456v1","24273","24396","chr13","29750048","29750169","18","29725775"
"KN296460v1","219854","220160","chrX","120343813","120344115","36","120123959"
"KN296460v1","316308","316472","chr21","117821734","117821873","28","117505426"
"KN296460v1","362490","362663","chr21","107819096","107819263","31","107456606"
"KN296460v1","405411","405704","chr1","18440198","18440492","38","18034787"
"KN296460v1","419541","419819","chr22","18984943","18985221","34","18565402"
"KN296460v1","428309","428607","chr15","59187798","59188097","44","58759489"
"KN296460v1","433331","433437","chr21","117717161","117717271","9","117283830"
"KN296460v1","469740","469899","chr1","117375330","117375494","27","116905590"
"KN296460v1","489676","489858","chr21","117660942","117661108","22","117171266"
"KN296460v1","490164","490322","chr2","13790238","13790392","37","13300074"
"KN296460v1","494657","494954","chr7","85908526","85908824","28","85413869"
"KN296460v1","553297","553494","chrX","92168581","92168768","41","91615284"
"KN296460v1","556418","556524","chr20","110711402","110711504","12","110154984"
"KN296460v1","556526","556649","chr21","117605519","117605644","4","117048993"
"KN296460v1","607645","607950","chr11","14038393","14038703","37","13430748"
"KN296460v1","639896","640200","chr21","117523164","117523467","13","116883268"
"KN296460v1","645721","645853","chr17","27822341","27822472","27","27176620"
"KN296460v1","653000","653308","chr9","51981018","51981314","46","51328018"
"KN296460v1","673831","673980","chrX","108711335","108711486","26","108037504"
"KN296460v1","717801","717971","chr19","25599493","25599672","39","24881692"
"KN296460v1","736365","736660","chr1","18440198","18440492","42","17703833"
"KN296460v1","740377","740480","chrX","17052248","17052348","21","16311871"
"KN296460v1","788880","789165","chr2","12246226","12246506","36","11457346"
"KN296460v1","888718","889028","chr11","8684527","8684834","33","7795809"
"KN296460v1","954585","954706","chr2","86618279","86618402","16","85663694"
"KN296460v1","967803","968102","chr25","28632871","28633170","32","27665068"
"KN296460v1","975802","976099","chr21","117190595","117190882","22","116214793"
"KN296460v1","982950","983091","chr11","15478591","15478732","14","14495641"
"KN296460v1","1123982","1124068","chr11","12069377","12069457","16","10945395"
"KN296460v1","1133628","1133836","chr16","11738189","11738404","43","10604561"
"KN296460v1","1188320","1188612","chr21","116977696","116977988","13","115789376"
"KN296460v1","1478818","1479128","chr21","116690699","116691017","27","115211881"
"KN296460v1","1707933","1708081","chrX","108711335","108711486","26","107003402"
"KN296460v1","1709910","1710205","chr5","36295717","36296012","34","34585807"
"KN296464v1","175708","175831","chr16","56999881","57000000","31","56824173"
"KN296464v1","184179","184323","chr8","114759064","114759219","59","114574885"
"KN296464v1","233642","233771","chr2","66684517","66684642","17","66450875"
"KN296464v1","341838","342134","chrX","938876","939167","22","597038"
"KN296464v1","345143","345327","chr11","117758459","117758631","41","117413316"
"KN296466v1","32323","32628","chr2","42982725","42983017","42","42950402"
"KN296466v1","94412","94712","chrX","128741870","128742163","15","128647458"
"KN296466v1","123860","124011","chr7","19821065","19821216","26","19697205"
"KN296466v1","143595","143754","chr6","2935048","2935204","34","2791453"
"KN296474v1","140158","140452","chr19","4361166","4361457","45","4221008"
"KN296476v1","1","187","chr17","48074159","48074349","50","48074158"
"KN296476v1","8868","9150","chr8","69610048","69610337","46","69601180"
"KN296478v1","654038","654185","chr14","28749157","28749299","9","28095119"
"KN296478v1","678347","678451","chr9","39129328","39129431","15","38450981"
"KN296478v1","771613","771632","chr20","106181753","106181765","9","105410140"
"KN296478v1","772130","772279","chr7","19821065","19821216","32","19048935"
"KN296478v1","1020430","1020742","chr14","28389193","28389493","27","27368763"
"KN296481v1","190238","190374","chrX","15130509","15130637","13","14940271"
"KN296481v1","232997","233137","chrX","15170378","15170521","9","14937381"
"KN296481v1","235644","235943","chr11","119408808","119409103","42","119173164"
"KN296481v1","256518","256628","chrX","15193001","15193109","4","14936483"
"KN296481v1","265340","265498","chr25","68556168","68556336","35","68290828"
"KN296481v1","275874","276008","chrX","15204654","15204799","17","14928780"
"KN296481v1","385548","385853","chrX","15317632","15317939","11","14932084"
"KN296482v1","228803","228932","chr1","42741865","42741994","4","42513062"
"KN296484v1","1","125","chr4","52199377","52199504","20","52199376"
"KN296484v1","8523","8636","chr6","30724125","30724240","7","30715602"
"KN296484v1","115123","115440","chr6","30610606","30610901","32","30495483"
"KN296484v1","122553","122678","chr1","107946753","107946878","15","107824200"
"KN296484v1","133094","133288","chr19","7192289","7192466","43","7059195"
"KN296484v1","156794","156984","chrX","92168581","92168768","30","92011787"
"KN296484v1","160817","160929","chr6","30571823","30571927","14","30411006"
"KN296484v1","196668","196945","chr2","71498929","71499206","38","71302261"
"KN296484v1","256083","256190","chr1","55379193","55379297","16","55123110"
"KN296484v1","365625","365794","chr14","70326149","70326316","22","69960524"
"KN296484v1","507385","507588","chrX","92168581","92168768","39","91661196"
"KN296484v1","626339","626639","chr6","30126174","30126482","22","29499835"
"KN296484v1","691626","691918","chr6","30061144","30061439","14","29369518"
"KN296484v1","746339","746417","chr25","30838261","30838343","12","30091922"
"KN296484v1","766285","766446","chr6","29996165","29996327","9","29229880"
"KN296484v1","784905","784993","chr10","10387151","10387239","15","9602246"
"KN296484v1","847681","847827","chr5","60325253","60325388","30","59477572"
"KN296484v1","1007548","1007685","chr6","29788657","29788788","10","28781109"
"KN296485v1","5392","5673","chr4","65208628","65208919","40","65203236"
"KN296485v1","141909","142037","chr2","81246627","81246760","19","81104718"
"KN296485v1","221968","222162","chr20","87023843","87024048","45","86801875"
"KN296485v1","267835","268138","chr8","26697765","26698062","39","26429930"
"KN296485v1","335213","335263","chr22","46023545","46023591","5","45688332"
"KN296485v1","367099","367195","chr12","34422627","34422719","18","34055528"
"KN296485v1","431947","432244","chr9","86475233","86475524","45","86043286"
"KN296485v1","438478","438646","chr22","45922239","45922416","16","45483761"
"KN296485v1","475716","475958","chr11","8626933","8627168","37","8151217"
"KN296485v1","526369","526475","chr20","74649516","74649626","28","74123147"
"KN296485v1","526777","526931","chr24","11418936","11419091","25","10892159"
"KN296485v1","557759","557926","chr25","27497903","27498067","32","26940144"
"KN296485v1","591467","591632","chr8","121203379","121203534","29","120611912"
"KN296485v1","664926","665216","chr19","22184863","22185162","41","21519937"
"KN296486v1","32550","32846","chr6","42302760","42303053","15","42270210"
"KN296486v1","49838","50126","chr27","35645029","35645316","34","35595191"
"KN296486v1","54392","54656","chr6","42326206","42326474","15","42271814"
"KN296486v1","62083","62264","chr10","19939788","19939971","31","19877705"
"KN296486v1","138429","138733","chr16","19378541","19378845","36","19240112"
"KN296486v1","139358","139538","chr12","46467064","46467252","37","46327706"
"KN296486v1","161235","161429","chr6","14861387","14861589","33","14700152"
"KN296486v1","192822","192917","chr6","42469054","42469151","11","42276232"
"KN296486v1","208688","208989","chr17","33351868","33352162","38","33143180"
"KN296486v1","289019","289152","chr16","73566843","73566976","19","73277824"
"KN296486v1","290094","290258","chr1","117375330","117375494","27","117085236"
"KN296486v1","302535","302654","chr9","29603421","29603533","22","29300886"
"KN296486v1","323779","323959","chr19","25599493","25599672","35","25275714"
"KN296486v1","408027","408234","chr1","46556864","46557071","41","46148837"
"KN296486v1","426706","427014","chr6","42683872","42684171","26","42257166"
"KN296486v1","467404","467709","chr27","9778999","9779300","35","9311595"
"KN296486v1","503585","503731","chr12","98842439","98842589","31","98338854"
"KN296486v1","512270","512463","chrX","92168581","92168768","30","91656311"
"KN296486v1","534692","534992","chr21","13859037","13859338","40","13324345"
"KN296486v1","654179","654264","chr22","81127192","81127276","12","80473013"
"KN296486v1","678806","679105","chr26","20294856","20295160","36","19616050"
"KN296486v1","681693","681981","chr11","51804257","51804550","39","51122564"
"KN296486v1","880366","880548","chr7","56217404","56217590","36","55337038"
"KN296486v1","926016","926294","chr6","43132032","43132310","15","42206016"
"KN296486v1","988508","988696","chrX","14216408","14216597","36","13227900"
"KN296486v1","989006","989027","chr15","7475142","7475157","7","6486136"
"KN296486v1","994351","994639","chr6","43196044","43196334","16","42201693"
"KN296486v1","1001935","1002239","chrX","43812074","43812380","32","42810139"
"KN296486v1","1009840","1010001","chr9","41950879","41951039","27","40941039"
"KN296486v1","1059370","1059517","chr6","43252286","43252412","27","42192916"
"KN296486v1","1065481","1065603","chr6","40637980","40638105","14","39572499"
"KN296486v1","1186382","1186393","chr4","14205042","14205053","6","13018660"
"KN296486v1","1186511","1186611","chr27","19881572","19881674","12","18695061"
"KN296486v1","1233158","1233455","chr13","65587063","65587353","33","64353905"
"KN296486v1","1262483","1262790","chr21","29703834","29704145","49","28441351"
"KN296486v1","1283932","1284084","chr28","9883710","9883862","20","8599778"
"KN296486v1","1346430","1346640","chr20","87023843","87024048","39","85677413"
"KN296486v1","1362898","1363192","chr15","90985625","90985922","42","89622727"
"KN296486v1","1413407","1413705","chr17","60238337","60238633","29","58824930"
"KN296486v1","1414133","1414433","chr9","56666102","56666403","32","55251969"
"KN296486v1","1551218","1551460","chr4","53277483","53277749","48","51726265"
"KN296486v1","1617889","1617986","chr1","5794934","5795031","15","4177045"
"KN296486v1","1635209","1635412","chr6","43817865","43818077","24","42182656"
"KN296486v1","1726209","1726379","chr14","36731633","36731798","27","35005424"
"KN296486v1","1757858","1758161","chr27","9778999","9779300","26","8021141"
"KN296486v1","1776224","1776407","chr1","8878922","8879108","34","7102698"
"KN296486v1","1810600","1810706","chr1","106072797","106072902","12","104262197"
"KN296486v1","1865793","1866099","chr27","9778999","9779300","34","7913206"
"KN296486v1","1938188","1938305","chr1","11854256","11854363","20","9916068"
"KN296486v1","2068104","2068170","chr10","113445305","113445378","13","111377201"
"KN296487v1","29283","29421","chr29","2389143","2389278","17","2359860"
"KN296487v1","178028","178118","chrX","50007830","50007924","19","49829802"
"KN296487v1","201223","201319","chr18","34942905","34943003","17","34741682"
"KN296491v1","3513","3637","chr10_KE148023v1_random","553638","553761","6","550125"
"KN296492v1","112798","112890","chr28","15396266","15396356","15","15283468"
"KN296495v1","24551","24842","chr17","30629367","30629666","18","30604816"
"KN296495v1","126992","127188","chr22","8659871","8660042","46","8532879"
"KN296495v1","163435","163615","chr12","106787522","106787700","30","106624087"
"KN296495v1","253654","253969","chr17","30408240","30408540","23","30154586"
"KN296495v1","264017","264302","chr17","30398253","30398545","19","30134236"
"KN296495v1","288533","288842","chr17","30374841","30375139","19","30086308"
"KN296495v1","385918","386212","chr9","19597808","19598111","56","19211890"
"KN296495v1","488129","488427","chr17","30179917","30180214","15","29691788"
"KN296495v1","498115","498414","chr6","27788548","27788847","36","27290433"
"KN296495v1","545952","546253","chr16","29279201","29279506","36","28733249"
"KN296495v1","578046","578351","chr2","53998402","53998708","36","53420356"
"KN296495v1","616973","617267","chr17","30052039","30052319","30","29435066"
"KN296495v1","635553","635842","chr11","4138694","4138986","42","3503141"
"KN296495v1","652211","652522","chr17","30016333","30016646","8","29364122"
"KN296495v1","719691","719991","chr1","65106207","65106504","30","64386516"
"KN296495v1","785501","785673","chr12","53066244","53066408","38","52280743"
"KN296495v1","993304","993395","chr25","48878806","48878903","19","47885502"
"KN296495v1","1389165","1389362","chr17","48074159","48074349","46","46684994"
"KN296495v1","1396799","1397091","chr16","7832484","7832778","31","6435685"
"KN296495v1","1407774","1407863","chr14","36971556","36971644","14","35563782"
"KN296495v1","1445090","1445171","chr3","89451431","89451520","17","88006341"
"KN296495v1","1469791","1470091","chr17","29235311","29235611","19","27765520"
"KN296495v1","1514330","1514609","chr18","52029875","52030153","42","50515545"
"KN296495v1","1515457","1515736","chr4","37323635","37323912","35","35808178"
"KN296495v1","1560041","1560332","chr17","29158343","29158626","23","27598302"
"KN296495v1","1571095","1571396","chr17","29150154","29150450","15","27579059"
"KN296495v1","1712336","1712624","chr5","5901396","5901685","37","4189060"
"KN296495v1","1715955","1716262","chr1","65106207","65106504","22","63390252"
"KN296495v1","1788700","1788944","chrX_KE148108v1_random","8050216","8050453","41","6261516"
"KN296495v1","1931162","1931322","chr21","107819096","107819263","27","105887934"
"KN296495v1","1958531","1958655","chr9","57620344","57620466","11","55661813"
"KN296495v1","2034239","2034348","chr17","28693051","28693161","4","26658812"
"KN296495v1","2055690","2055846","chr1","10597738","10597895","26","8542048"
"KN296495v1","2123047","2123352","chr23","37210531","37210830","44","35087484"
"KN296495v1","2181470","2181761","chr17","28547904","28548192","15","26366434"
"KN296495v1","2202056","2202218","chr10","122138385","122138550","25","119936329"
"KN296495v1","2281149","2281317","chr21","107819096","107819263","36","105537947"
"KN296495v1","2639197","2639303","chr1","105231298","105231407","23","102592101"
"KN296495v1","2756927","2757096","chr17","27976074","27976245","13","25219147"
"KN296495v1","2972558","2972724","chr1","117375330","117375494","31","114402772"
"KN296495v1","3127313","3127484","chr21","107819096","107819263","26","104691783"
"KN296496v1","27489","27779","chr10","101652557","101652847","52","101625068"
"KN296496v1","419750","420019","chr25","24810977","24811258","22","24391227"
"KN296496v1","870817","871116","chr24","79862117","79862416","40","78991300"
"KN296496v1","918203","918512","chr25","25298808","25299112","22","24380605"
"KN296496v1","953893","953941","chr5","133789","133825","16","820104"
"KN296498v1","39633","39938","chr19","7242669","7242970","10","7203036"
"KN296498v1","92487","92663","chr19","7192289","7192466","16","7099802"
"KN296498v1","251802","252118","chr19","7045284","7045606","19","6793482"
"KN296498v1","252232","252378","chr11","52509044","52509189","20","52256812"
"KN296498v1","335042","335161","chr6","40506259","40506380","22","40171217"
"KN296498v1","335452","335624","chr13","34627000","34627173","32","34291548"
"KN296498v1","424265","424568","chr6","8296516","8296820","35","7872251"
"KN296498v1","432363","432642","chr3","17740244","17740531","45","17307881"
"KN296498v1","452038","452343","chr9","26472570","26472870","46","26020532"
"KN296498v1","454490","454655","chr19","6853318","6853483","11","6398828"
"KN296502v1","9926","10220","chr1","123975152","123975443","34","123965226"
"KN296502v1","672668","672970","chr25","28632871","28633170","40","27960203"
"KN296502v1","726298","726408","chr8","26717103","26717215","16","25990805"
"KN296502v1","1102561","1102612","chr2","47792593","47792644","2","46690032"
"KN296502v1","1238033","1238318","chr2","47661668","47661953","12","46423635"
"KN296502v1","1437758","1437858","chr2","47476238","47476338","8","46038480"
"KN296503v1","46717","47009","chr11","10039301","10039596","20","9992584"
"KN296503v1","63716","63794","chr21","10344488","10344564","12","10280772"
"KN296503v1","68168","68470","chr7","26305402","26305706","34","26237234"
"KN296503v1","493028","493109","chr20","8927868","8927948","20","8434840"
"KN296503v1","545479","545644","chr18","29978650","29978826","41","29433171"
"KN296503v1","562713","562848","chr29","3697958","3698087","6","3135245"
"KN296503v1","595283","595587","chr29","3731334","3731638","14","3136051"
"KN296503v1","612427","612564","chr29","3741229","3741354","17","3128802"
"KN296504v1","73326","73622","chr11","66777350","66777646","13","66704024"
"KN296505v1","110578","110669","chr6","14761096","14761189","18","14650518"
"KN296505v1","149129","149428","chr22","45486665","45486953","23","45337536"
"KN296505v1","275979","276280","chr22","45361763","45362058","17","45085784"
"KN296505v1","276647","276940","chr16","1990856","1991149","39","1714209"
"KN296505v1","279861","280145","chr22","45358336","45358624","15","45078475"
"KN296505v1","301206","301374","chr5","14109803","14109966","29","13808597"
"KN296505v1","301382","301692","chr6","48484125","48484431","44","48182743"
"KN296505v1","312769","313031","chr22","45326708","45326971","14","45013939"
"KN296505v1","358450","358755","chr22","45276225","45276538","24","44917775"
"KN296505v1","381560","381869","chr22","45254046","45254348","22","44872486"
"KN296505v1","571938","572216","chr6","40645472","40645747","39","40073534"
"KN296505v1","583515","583776","chr22","67756415","67756677","38","67172900"
"KN296505v1","712158","712435","chr22","44927034","44927311","14","44214876"
"KN296505v1","810826","810920","chr18","31654210","31654303","17","30843384"
"KN296505v1","1132919","1133209","chrX","73798583","73798864","44","72665664"
"KN296505v1","1481639","1481939","chrUn_KE147547v1","354402","354703","27","1127237"
"KN296505v1","1664422","1664731","chr22","43967457","43967756","22","42303035"
"KN296505v1","2022486","2022794","chrX","118218632","118218943","38","116196146"
"KN296507v1","1403","1484","chr23","61996892","61996979","9","61995489"
"KN296507v1","38748","39047","chr11","49639501","49639799","35","49600753"
"KN296507v1","188467","188683","chr10","88590869","88591086","29","88402402"
"KN296507v1","229156","229461","chr20","70620441","70620744","44","70391285"
"KN296507v1","401561","401855","chr23","62376095","62376387","24","61974534"
"KN296507v1","500001","500178","chr6","42756418","42756585","34","42256417"
"KN296507v1","515904","516038","chr23","62487781","62487924","12","61971877"
"KN296507v1","537830","537995","chr9","13379894","13380048","32","12842064"
"KN296507v1","541265","541574","chr23","62517675","62517984","11","61976410"
"KN296507v1","546709","547028","chr3","3098607","3098920","46","2551898"
"KN296507v1","564004","564296","chr23","62539138","62539432","22","61975134"
"KN296507v1","564534","564650","chr13","38694071","38694188","10","38129537"
"KN296507v1","592347","592441","chr23","62566756","62566849","4","61974409"
"KN296507v1","612808","613072","chr5","57524680","57524943","40","56911872"
"KN296507v1","613653","613956","chr29","7496014","7496320","35","6882361"
"KN296507v1","621247","621553","chr23","62593497","62593801","19","61972250"
"KN296507v1","709994","710294","chr23","62683679","62683972","19","61973685"
"KN296507v1","775238","775541","chr23","62748001","62748293","24","61972763"
"KN296507v1","777334","777648","chr4","4248062","4248368","53","3470728"
"KN296508v1","136254","136347","chr20_KE148049v1_random","985135","985230","11","848881"
"KN296508v1","299770","300064","chr12","44286240","44286518","25","43986470"
"KN296508v1","330440","330744","chr12","44257101","44257398","16","43926661"
"KN296508v1","356530","356687","chr13","21963737","21963894","25","21607207"
"KN296508v1","433932","434108","chr19","7192289","7192466","30","6758357"
"KN296508v1","463067","463174","chr12","44130229","44130338","4","43667162"
"KN296508v1","471081","471180","chr12","4755281","4755385","20","4284200"
"KN296508v1","481633","481933","chr10","53721851","53722146","42","53240218"
"KN296508v1","491742","492029","chr16","70363818","70364109","34","69872076"
"KN296508v1","518501","518669","chr10","122138385","122138550","25","121619884"
"KN296508v1","552410","552588","chr25","78349361","78349534","33","77796951"
"KN296508v1","566268","566582","chr14","60556136","60556443","45","59989868"
"KN296508v1","567460","567570","chr5","1728153","1728264","18","1160693"
"KN296508v1","576877","576984","chr12","44032789","44032894","12","43455912"
"KN296508v1","591253","591541","chr1","18440198","18440492","51","17848945"
"KN296508v1","637715","637811","chr1","62838954","62839045","18","62201239"
"KN296508v1","685517","685814","chr7","54388413","54388709","35","53702896"
"KN296508v1","737984","738281","chr21","103799077","103799372","31","103061093"
"KN296508v1","739120","739421","chr19","20825470","20825772","31","20086350"
"KN296508v1","1077125","1077403","chr12","43538468","43538769","36","42461343"
"KN296508v1","1142163","1142464","chr12","43478523","43478823","8","42336360"
"KN296508v1","1147349","1147440","chr12","43474148","43474242","6","42326799"
"KN296508v1","1504058","1504358","chr5","42248522","42248818","44","40744464"
"KN296508v1","1515811","1516102","chr16_KE148036v1_random","11116","11404","38","1504695"
"KN296508v1","1610238","1610433","chr12","106787522","106787700","42","105177284"
"KN296508v1","1612159","1612440","chr20","95341517","95341796","42","93729358"
"KN296508v1","1637982","1638141","chr7","129266666","129266823","29","127628684"
"KN296508v1","1758817","1758966","chr12","42872268","42872416","8","41113451"
"KN296508v1","1772399","1772494","chr7","134179794","134179887","13","132407395"
"KN296508v1","2004629","2004812","chr15","18998078","18998253","31","16993449"
"KN296508v1","2209454","2209757","chr3","19606643","19606941","36","17397189"
"KN296508v1","2419082","2419239","chr12","42212090","42212242","18","39793008"
"KN296513v1","867090","867295","chr20","87023843","87024048","37","86156753"
"KN296513v1","920228","920397","chrX","53619966","53620134","49","52699738"
"KN296513v1","1116734","1117012","chr27","43235679","43235949","22","42118945"
"KN296513v1","1237292","1237587","chr27","43121842","43122137","13","41884550"
"KN296513v1","1288326","1288495","chr17","68350038","68350213","29","67061712"
"KN296513v1","1331389","1331694","chr27","43024171","43024475","25","41692782"
"KN296513v1","1464288","1464404","chr13","29750048","29750169","20","28285760"
"KN296513v1","1589588","1589891","chr4","87595419","87595719","44","86005831"
"KN296513v1","1693359","1693666","chrX","90921550","90921852","39","89228191"
"KN296513v1","1791436","1791550","chr5","36135293","36135405","17","34343857"
"KN296513v1","1926913","1927039","chr14","41844726","41844842","36","39917813"
"KN296513v1","2162778","2162878","chr12","8858808","8858907","13","6696030"
"KN296513v1","2305262","2305559","chr15","90985625","90985922","31","88680363"
"KN296513v1","2957429","2957577","chr12","45582153","45582296","19","42624724"
"KN296515v1","86800","87066","chr2","14011679","14011946","47","13924879"
"KN296515v1","217376","217491","chr13","3726230","3726348","13","3508854"
"KN296515v1","691833","691951","chr13","4194855","4194975","6","3503022"
"KN296515v1","825728","826032","chr13","4323471","4323774","19","3497743"
"KN296516v1","113298","113385","chr12","96833935","96834020","10","96720637"
"KN296516v1","128990","129112","chr10","124597851","124597969","18","124468861"
"KN296518v1","6643","6761","chr14","14034468","14034579","25","14027825"
"KN296518v1","34833","35128","chr20","116834110","116834401","18","116799277"
"KN296518v1","37866","38034","chr25","27497903","27498067","29","27460037"
"KN296518v1","75568","75728","chr20","116869102","116869250","17","116793534"
"KN296518v1","98923","99216","chrX","96445083","96445375","40","96346160"
"KN296518v1","180834","181030","chrX","92168581","92168768","38","91987747"
"KN296520v1","297930","298208","chr9","21358440","21358726","40","21060510"
"KN296520v1","390099","390195","chr2","89934817","89934913","10","89544718"
"KN296520v1","545811","546106","chr2","89785358","89785653","22","89239547"
"KN296520v1","562234","562542","chr4","41988774","41989080","48","41426540"
"KN296520v1","678734","678787","chr13","10420262","10420316","8","9741528"
"KN296520v1","1014121","1014215","chr12","34422627","34422719","14","33408506"
"KN296520v1","1129406","1129532","chr2","89221474","89221600","8","88092068"
"KN296524v1","3962","4056","chr10","44674169","44674263","17","44670207"
"KN296526v1","360335","360609","chr23","65147695","65147970","45","64787360"
"KN296528v1","67521","67822","chrX","120343813","120344115","36","120276292"
"KN296528v1","68890","69142","chr13","62665729","62666002","58","62596839"
"KN296528v1","100205","100296","chr19","2709535","2709622","17","2609330"
"KN296528v1","116932","117213","chr9","12354158","12354440","39","12237226"
"KN296528v1","154896","155182","chr1","47630108","47630393","15","47475212"
"KN296528v1","848498","848593","chr24","81418244","81418339","10","80569746"
"KN296528v1","879347","879524","chr10","117385991","117386167","37","116506644"
"KN296528v1","883932","884110","chr17","68350038","68350213","33","67466106"
"KN296528v1","1151497","1151611","chrX","18552405","18552520","16","17400908"
"KN296528v1","1187403","1187507","chr18","48685331","48685434","47","47497928"
"KN296528v1","1213314","1213457","chr3","23052634","23052774","16","21839320"
"KN296528v1","1255663","1255955","chr1","46548221","46548522","26","45292558"
"KN296528v1","1290014","1290108","chr11","18150178","18150271","13","16860164"
"KN296528v1","1415761","1415860","chr1","46400760","46400858","12","44984999"
"KN296528v1","1560317","1560599","chr1","46251320","46251604","17","44691003"
"KN296528v1","1571555","1571834","chr1","46258910","46259187","14","44687355"
"KN296528v1","1695213","1695364","chr20","71110293","71110440","31","69415080"
"KN296529v1","114681","114800","chr1","104571784","104571905","20","104457103"
"KN296535v1","31789","31943","chrX","79150803","79150942","29","79119014"
"KN296536v1","75261","75552","chr5","63268300","63268602","33","63193039"
"KN296536v1","442367","442660","chr5","62902554","62902848","17","62460187"
"KN296536v1","645424","645572","chr14","13811771","13811920","26","13166347"
"KN296536v1","836324","836612","chr17","19370110","19370407","38","18533786"
"KN296536v1","931312","931602","chr26","14899574","14899868","45","13968262"
"KN296536v1","1003801","1004101","chr4","38363921","38364226","60","37360120"
"KN296536v1","1102296","1102592","chr16","2621276","2621572","41","1518980"
"KN296536v1","1135901","1136015","chr5","62213934","62214054","17","61078033"
"KN296536v1","1293180","1293273","chr5","62066121","62066214","5","60772941"
"KN296537v1","83948","84059","chr1","106072797","106072902","23","105988849"
"KN296538v1","11584","11699","chr21","74667857","74667972","10","74656273"
"KN296538v1","22752","23059","chr25","28632871","28633170","45","28610119"
"KN296538v1","37961","38275","chr5","11475578","11475900","19","11437617"
"KN296538v1","74344","74504","chr16","70224259","70224419","26","70149915"
"KN296538v1","85534","85581","chr21","125448730","125448780","9","125363196"
"KN296538v1","118700","118852","chr16","67037376","67037523","32","66918676"
"KN296538v1","119051","119351","chr15","61974796","61975095","33","61855745"
"KN296538v1","148310","148417","chr5","11372290","11372402","6","11223980"
"KN296538v1","234406","234674","chr5","11273782","11274051","19","11039376"
"KN296538v1","244822","244948","chr25","35168624","35168741","33","34923802"
"KN296538v1","245260","245297","chr28","6405531","6405565","6","6160271"
"KN296538v1","294126","294294","chr5","17960019","17960187","30","17665893"
"KN296538v1","451526","451689","chr10","122138385","122138550","28","121686859"
"KN296538v1","479600","479902","chr5","11040857","11041155","21","10561257"
"KN296538v1","496504","496602","chr14","74952571","74952666","14","74456067"
"KN296538v1","588545","588677","chr5","10946168","10946304","10","10357623"
"KN296538v1","978636","978801","chr9","104581949","104582115","29","103603313"
"KN296538v1","1329273","1329428","chr6","2935048","2935204","22","1605775"
"KN296538v1","1371978","1372165","chr16","44663834","44664028","38","43291856"
"KN296538v1","1491050","1491363","chr5","10047059","10047369","33","8556009"
"KN296538v1","1507125","1507265","chr5","10031169","10031312","16","8524044"
"KN296538v1","1551490","1551680","chr26","19029723","19029904","40","17478233"
"KN296538v1","1571413","1571524","chr15","17989360","17989465","21","16417947"
"KN296538v1","1658006","1658290","chr5","9893621","9893918","35","8235615"
"KN296538v1","1768266","1768384","chr10","100481608","100481724","24","98713342"
"KN296538v1","1834795","1834917","chr7","42366670","42366794","20","40531875"
"KN296538v1","2251754","2252056","chr5","9313461","9313761","18","7061707"
"KN296541v1","163352","163645","chr10","75285849","75286141","11","75122497"
"KN296541v1","165026","165152","chr10","75284346","75284474","6","75119320"
"KN296541v1","276056","276219","chr20","8927653","8927826","32","8651597"
"KN296541v1","404003","404173","chr20","96338788","96338956","35","95934785"
"KN296541v1","431708","431786","chr10","79703999","79704076","7","79272291"
"KN296541v1","993660","993814","chr11","47211300","47211455","22","46217640"
"KN296541v1","1005836","1006138","chr8","64025823","64026127","33","63019987"
"KN296541v1","1165524","1165833","chr2","81059951","81060256","41","79894427"
"KN296541v1","1171365","1171469","chr8","62785272","62785372","20","61613907"
"KN296541v1","1382756","1383061","chr6","33770311","33770609","49","32387555"
"KN296541v1","1474879","1475034","chr10","73961912","73962068","14","72487033"
"KN296541v1","1478029","1478147","chr10","73958796","73958914","6","72480767"
"KN296541v1","1549464","1549577","chr16","25984166","25984283","21","24434702"
"KN296541v1","1758948","1759257","chr9","16068893","16069202","39","14309945"
"KN296541v1","2356730","2356814","chr11","76312881","76312957","23","73956151"
"KN296541v1","2384542","2384827","chr21","35018958","35019244","33","32634416"
"KN296541v1","2542312","2542442","chr12","86498485","86498615","13","83956173"
"KN296541v1","2977179","2977468","chr1","18440198","18440492","44","15463019"
"KN296541v1","3341795","3342094","chr10","72122731","72123033","19","68780936"
"KN296542v1","121628","121745","chr6","4502159","4502271","13","4380531"
"KN296547v1","158253","158361","chr9","102911776","102911884","5","102753523"
"KN296547v1","330935","331235","chr9","103084425","103084724","18","102753490"
"KN296547v1","342715","343023","chr20","67965913","67966210","41","67623198"
"KN296547v1","437625","437904","chr10","126222520","126222801","47","125784895"
"KN296547v1","603920","604244","chr9","103352167","103352471","30","102748247"
"KN296547v1","636349","636494","chr2","84664572","84664709","21","84028223"
"KN296547v1","655037","655222","chr22","8659871","8660042","33","8004834"
"KN296547v1","830295","830597","chr9","103555013","103555318","10","102724718"
"KN296547v1","1143358","1143463","chr16","9690549","9690651","18","8547191"
"KN296547v1","1432399","1432693","chr21","103799077","103799372","33","102366678"
"KN296548v1","92428","92709","chr19","21360868","21361148","35","21268440"
"KN296548v1","221086","221409","chr2","10404938","10405260","58","10183852"
"KN296549v1","93304","93609","chr11","72948756","72949057","42","72855452"
"KN296551v1","16962","17254","chr26","33080181","33080476","38","33063219"
"KN296551v1","52812","52950","chr9","41983272","41983408","8","41930460"
"KN296551v1","209348","209464","chr5","36135293","36135405","19","35925945"
"KN296554v1","151673","151982","chrX","118218632","118218943","47","118066959"
"KN296554v1","156286","156572","chr16","11729161","11729450","39","11572875"
"KN296554v1","243260","243557","chr23","35820096","35820392","42","35576836"
"KN296557v1","63811","64106","chr20","40880358","40880651","16","40816547"
"KN296557v1","165688","165801","chr22_AQIB01158174v1_random","9826","9941","20","155862"
"KN296557v1","460830","461140","chr20","41259134","41259435","24","40798304"
"KN296557v1","497921","498211","chr20","41297555","41297851","29","40799634"
"KN296557v1","499740","499954","chr10","119099228","119099443","34","118599488"
"KN296557v1","509155","509229","chr8","2609097","2609167","10","2099942"
"KN296557v1","529577","529720","chr20","41326990","41327136","5","40797413"
"KN296557v1","594659","594954","chr20","41384221","41384514","17","40789562"
"KN296557v1","623366","623651","chr20","41419784","41420069","15","40796418"
"KN296557v1","846940","847074","chr20","41634532","41634664","7","40787592"
"KN296557v1","1108000","1108273","chr4","49856004","49856279","39","48748004"
"KN296563v1","86381","86688","chr21","44086000","44086304","21","43999619"
"KN296569v1","175130","175297","chr4","80272605","80272773","13","80097475"
"KN296569v1","175607","175742","chr4","80272149","80272275","18","80096542"
"KN296569v1","194600","194894","chr4","80252504","80252802","23","80057904"
"KN296573v1","10032","10124","chr4","39606278","39606368","14","39596246"
"KN296576v1","1","211","chr20","101732798","101733002","38","101732797"
"KN296577v1","85380","85411","chrX","583336","583363","8","497956"
"KN296577v1","85412","85502","chr20","79502531","79502624","9","79417119"
"KN296577v1","101677","101986","chr24","40734033","40734338","42","40632356"
"KN296577v1","168581","168867","chr20","81738055","81738345","18","81569474"
"KN296577v1","198187","198485","chr20","81709217","81709508","16","81511030"
"KN296577v1","214660","214802","chr20","81689130","81689284","18","81474470"
"KN296577v1","338711","338852","chr14","100342600","100342742","30","100003889"
"KN296577v1","393879","394078","chr6","14861387","14861589","29","14467508"
"KN296577v1","516840","517025","chr20","12577124","12577295","35","12060284"
"KN296577v1","528198","528279","chr20","81378452","81378527","8","80850254"
"KN296577v1","534674","534960","chr16","23858039","23858332","36","23323365"
"KN296577v1","628878","628969","chr20","81279703","81279793","7","80650825"
"KN296577v1","659432","659572","chr20","81249584","81249725","2","80590152"
"KN296577v1","834606","834699","chr19","32310526","32310616","23","31475920"
"KN296577v1","916914","917207","chr20","80989705","80989991","27","80072791"
"KN296577v1","927335","927633","chr20","80979480","80979779","17","80052145"
"KN296577v1","967796","967902","chr20","80938594","80938707","12","79970798"
"KN296578v1","29878","30174","chr21","56064850","56065149","21","56034972"
"KN296578v1","92060","92190","chr21","56001885","56002021","10","55909825"
"KN296579v1","130762","131062","chr7","85908526","85908824","56","85777764"
"KN296579v1","266593","266870","chr2","18885936","18886213","43","18619343"
"KN296579v1","428735","429035","chr4","21947267","21947564","15","21518532"
"KN296580v1","8391","8685","chr5","17151916","17152210","11","17143525"
"KN296580v1","43922","44217","chr5","17117803","17118109","22","17073881"
"KN296580v1","49623","49786","chr24","41015969","41016128","40","40966346"
"KN296580v1","76439","76714","chr5","17086050","17086326","17","17009611"
"KN296580v1","121075","121246","chr6","15718718","15718885","29","15597643"
"KN296580v1","214299","214599","chr16","62093502","62093797","42","61879203"
"KN296580v1","580763","581060","chr5","16591241","16591536","27","16010478"
"KN296580v1","694426","694684","chr5","63577150","63577405","40","62882724"
"KN296580v1","728581","728775","chr10","19939788","19939971","43","19211207"
"KN296580v1","900892","901061","chr14","70326149","70326316","26","69425257"
"KN296588v1","1","124","chr11","22754779","22754906","15","22754778"
"KN296588v1","10520","10829","chr2","80041154","80041464","40","80030634"
"KN296588v1","684356","684475","chr21","106991622","106991744","15","106307266"
"KN296588v1","699841","700141","chr1","25859144","25859449","48","25159303"
"KN296588v1","766415","766559","chr11","15478591","15478732","22","14712176"
"KN296588v1","805242","805342","chr18","34942905","34943003","15","34137663"
"KN296588v1","841341","841458","chr12","26284408","26284525","4","25443067"
"KN296588v1","847689","847795","chr10","40667549","40667662","15","39819860"
"KN296588v1","860786","861109","chr9","19597808","19598111","53","18737022"
"KN296588v1","910308","910485","chr14","18470427","18470606","31","17560119"
"KN296588v1","931613","931919","chrUn_KE147541v1","229930","230239","40","701683"
"KN296588v1","957146","957437","chr12","26169593","26169882","12","25212447"
"KN296588v1","1043594","1043728","chr21","11575693","11575812","31","10532099"
"KN296588v1","1060598","1060880","chr12","26065555","26065836","14","25004957"
"KN296588v1","1157159","1157331","chr5","737199","737370","38","419960"
"KN296588v1","1218253","1218439","chr6","33868715","33868906","37","32650462"
"KN296588v1","1874338","1874456","chr4","68068943","68069063","21","66194605"
"KN296588v1","1909278","1909366","chr14","42608367","42608455","15","40699089"
"KN296588v1","2105120","2105205","chr2","85445888","85445973","9","83340768"
"KN296588v1","2137106","2137404","chr12","25017493","25017802","30","22880387"
"KN296588v1","2147850","2148160","chr12","25006775","25007080","24","22858925"
"KN296589v1","33121","33459","chr17","44897116","44897451","62","44863995"
"KN296589v1","108105","108384","chr16","52013734","52014015","35","51905629"
"KN296589v1","234536","234843","chr10","35202908","35203214","35","34968372"
"KN296589v1","252662","252949","chr9","59169918","59170211","51","58917256"
"KN296589v1","267116","267414","chr10","19453040","19453337","37","19185924"
"KN296589v1","340690","340981","chr6","21239068","21239364","15","20898378"
"KN296589v1","357853","358157","chr6","21222432","21222738","32","20864579"
"KN296589v1","406423","406722","chr7","85908526","85908824","43","85502103"
"KN296589v1","430045","430354","chr11","8684527","8684834","36","8254482"
"KN296594v1","206777","206972","chr26","42203157","42203345","41","41996380"
"KN296594v1","215916","216208","chr22","59334073","59334379","21","59118157"
"KN296594v1","369024","369139","chr4","77620980","77621096","18","77251956"
"KN296594v1","527215","527521","chrUn_KE147541v1","229930","230239","40","297285"
"KN296594v1","942937","943081","chr22","58599745","58599889","8","57656808"
"KN296594v1","1012545","1012834","chr5","60242716","60243013","38","59230171"
"KN296594v1","1051021","1051312","chr26","52459704","52459992","48","51408683"
"KN296594v1","1230629","1230712","chr2","52278987","52279068","18","51048358"
"KN296595v1","8608","8738","chr19","27631820","27631950","24","27623212"
"KN296596v1","133065","133369","chr26","44641297","44641600","42","44508232"
"KN296596v1","169883","170194","chr15","83447978","83448273","31","83278095"
"KN296606v1","194947","195238","chr21","23388431","23388723","34","23193484"
"KN296608v1","222760","222914","chr16","43640568","43640721","30","43417808"
"KN296608v1","244904","245006","chr8","15274422","15274520","24","15029518"
"KN296608v1","463376","463464","chr23","38836549","38836637","16","38373173"
"KN296609v1","80099","80378","chr16","11729161","11729450","19","11649062"
"KN296609v1","88886","89090","chr16","11738189","11738404","18","11649303"
"KN296609v1","96770","96934","chr16","11746102","11746270","23","11649332"
"KN296609v1","320155","320337","chr16","72182974","72183157","31","71862819"
"KN296609v1","406302","406628","chr16","12045469","12045775","34","11639167"
"KN296609v1","449497","449603","chr6","39200410","39200516","14","38750913"
"KN296609v1","463996","464261","chrX","50166617","50166896","52","49702621"
"KN296609v1","484169","484473","chr14","21408849","21409155","31","20924680"
"KN296609v1","571468","571688","chr6","39204265","39204462","50","38632797"
"KN296609v1","733549","733836","chr16","12368628","12368914","12","11635079"
"KN296609v1","746797","747084","chr16","12381366","12381673","32","11634569"
"KN296609v1","761028","761343","chr16","12395761","12396053","38","11634733"
"KN296609v1","831408","831708","chr11","123717553","123717853","32","122886145"
"KN296609v1","882254","882359","chr16","12512217","12512326","16","11629963"
"KN296609v1","911405","911628","chr16","12537195","12537404","23","11625790"
"KN296609v1","951698","951994","chr14","68586876","68587170","44","67635178"
"KN296609v1","1080998","1081270","chr16","12709267","12709539","18","11628269"
"KN296609v1","1223760","1223895","chr19","27631820","27631950","27","26408060"
"KN296609v1","1234000","1234209","chr16","11738189","11738404","44","10504189"
"KN296609v1","1321477","1321781","chr16","12943319","12943616","22","11621842"
"KN296609v1","1364111","1364413","chr21","13859037","13859338","41","12494926"
"KN296609v1","1455596","1455823","chr6","45460141","45460368","47","44004545"
"KN296609v1","1517280","1517584","chr16","13133545","13133861","27","11616265"
"KN296609v1","1597055","1597332","chr18","13847079","13847356","42","12250024"
"KN296609v1","1686457","1686546","chr21","125283242","125283331","19","123596785"
"KN296609v1","1765548","1765671","chr2","49564161","49564286","15","47798613"
"KN296609v1","1954074","1954223","chr1","11992290","11992449","40","10038216"
"KN296609v1","1961867","1962143","chr11","51806387","51806665","39","49844520"
"KN296609v1","2100020","2100158","chr16","13706393","13706531","8","11606373"
"KN296609v1","2206501","2206795","chr15","61974796","61975095","43","59768295"
"KN296609v1","2241663","2241971","chr11","8684527","8684834","32","6442864"
"KN296609v1","2331660","2331742","chrX","41947974","41948058","15","39616314"
"KN296609v1","2480486","2480790","chr16","14066766","14067070","29","11586280"
"KN296609v1","2526270","2526383","chr16","70887413","70887525","17","68361143"
"KN296609v1","2604000","2604258","chr10","89022849","89023113","34","86418849"
"KN296609v1","2771064","2771361","chr21","100099667","100099959","53","97328603"
"KN296609v1","2990040","2990219","chr10","26172875","26173053","33","23182835"
"KN296611v1","17861","18138","chr4","36915476","36915756","41","36897615"
"KN296614v1","9242","9399","chr11","25827870","25828027","25","25818628"
"KN296614v1","9736","9865","chr6","40251206","40251334","19","40241470"
"KN296614v1","11704","11843","chr11","118122348","118122488","20","118110644"
"KN296614v1","23586","23875","chrX","50006514","50006804","7","49982928"
"KN296615v1","43019","43111","chr20_KE148050v1_random","64833","64920","13","21814"
"KN296620v1","524209","524328","chr15","39745272","39745387","5","39221063"
"KN296620v1","41274","41433","chrX","107098131","107098285","22","107056857"
"KN296620v1","47586","47746","chr16","70224259","70224419","23","70176673"
"KN296620v1","355611","355720","chrX","22581182","22581289","13","22225571"
"KN296620v1","460208","460487","chr21","60383065","60383346","39","59922857"
"KN296620v1","724320","724396","chr10","100555495","100555565","21","99831175"
"KN296620v1","873793","874093","chr15","40072136","40072440","19","39198343"
"KN296620v1","892734","892859","chr15","40091203","40091328","5","39198469"
"KN296620v1","936197","936356","chr15","40133679","40133833","10","39197482"
"KN296620v1","961860","962167","chr15","40159772","40160079","15","39197912"
"KN296620v1","1089964","1090177","chr4","70850112","70850329","44","69760148"
"KN296620v1","1163663","1163846","chr20","122226432","122226619","28","121062769"
"KN296622v1","89193","89437","chr13","88967500","88967747","33","88878307"
"KN296623v1","14816","14931","chr1","68256800","68256913","21","68241984"
"KN296623v1","382457","382566","chr28","10409307","10409417","18","10026850"
"KN296623v1","625899","626201","chr15","36213134","36213442","17","35587235"
"KN296625v1","388230","388517","chr5","22908675","22908967","45","22520445"
"KN296625v1","539510","539785","chr25","55788139","55788427","45","55248629"
"KN296625v1","797498","797619","chr23","47941424","47941545","4","47143926"
"KN296630v1","202471","202628","chr9","114091406","114091563","28","113888935"
"KN296634v1","216144","216433","chr8","28173535","28173828","40","27957391"
"KN296634v1","235186","235331","chr13","24987480","24987623","27","24752294"
"KN296634v1","458961","459062","chr21","62049540","62049638","19","61590579"
"KN296634v1","601337","601646","chr21","61908830","61909133","20","61307493"
"KN296634v1","835378","835488","chr20","70295144","70295254","18","69459766"
"KN296634v1","989009","989309","chr7","85908526","85908824","34","84919517"
"KN296634v1","1049828","1049950","chr21","61468499","61468622","5","60418671"
"KN296634v1","1085152","1085296","chr21","61433348","61433492","3","60348196"
"KN296634v1","1461264","1461545","chr1","65520875","65521151","50","64059611"
"KN296634v1","1702968","1703122","chr3","52082928","52083094","36","50379960"
"KN296634v1","1703453","1703734","chr10","92956825","92957111","46","91253372"
"KN296634v1","1840044","1840257","chr20","87023843","87024048","45","85183799"
"KN296635v1","3407650","3407952","chr1","15860008","15860303","34","12452358"
"KN296635v1","62071","62157","chr14","73541552","73541638","11","73479481"
"KN296635v1","174477","174622","chr20","72962754","72962884","18","72788277"
"KN296635v1","550760","551067","chr20","72578537","72578836","26","72027777"
"KN296635v1","888090","888391","chr20","72246486","72246791","19","71358396"
"KN296635v1","1050934","1051059","chr20","72089071","72089196","8","71038137"
"KN296635v1","1233772","1233860","chr20","71907853","71907947","8","70674081"
"KN296635v1","1303516","1303810","chr20","71838217","71838497","20","70534701"
"KN296635v1","1519557","1519851","chr28","9831325","9831615","38","8311768"
"KN296635v1","1645019","1645265","chr14","75291048","75291295","60","73646029"
"KN296635v1","1734221","1734346","chr24","81505782","81505911","16","79771561"
"KN296635v1","1824121","1824367","chr27","47121567","47121812","40","45297446"
"KN296635v1","1833841","1833928","chr1","32663530","32663618","13","30829689"
"KN296635v1","1852079","1852299","chr13","38693871","38694044","74","36841792"
"KN296635v1","1852383","1852534","chrX","14215957","14216090","32","12363574"
"KN296635v1","1968498","1968580","chr1","99418280","99418361","11","97449782"
"KN296635v1","1993114","1993216","chr5","31841247","31841347","14","29848133"
"KN296635v1","2047603","2047800","chr11","64990360","64990552","36","62942757"
"KN296635v1","2113665","2113855","chr20","122226432","122226619","32","120112767"
"KN296635v1","2152248","2152536","chr20","71008708","71009012","43","68856460"
"KN296635v1","2271384","2271675","chr3","79039738","79040028","36","76768354"
"KN296635v1","2284873","2285152","chr7","134088321","134088618","60","131803448"
"KN296635v1","2322049","2322223","chr14","70326149","70326316","27","68004100"
"KN296635v1","2422205","2422286","chr20","70751635","70751716","2","68329430"
"KN296635v1","2446808","2447113","chr20","70725982","70726289","17","68279174"
"KN296635v1","2555509","2555809","chr20","70620441","70620744","16","68064932"
"KN296635v1","2576894","2577169","chr20","70599752","70600027","9","68022858"
"KN296635v1","2581557","2581853","chr20","70595189","70595473","27","68013632"
"KN296635v1","2594480","2594779","chr20","70582086","70582389","20","67987606"
"KN296635v1","2632439","2632533","chr20","70546270","70546360","9","67913831"
"KN296635v1","2892615","2892725","chr20","70295144","70295254","16","67402529"
"KN296635v1","2895774","2896016","chr18","55250486","55250728","58","52354712"
"KN296635v1","2938670","2938975","chr1","25859144","25859449","41","22920474"
"KN296635v1","3305538","3305670","chrX","1165807","1165940","16","2139731"
"KN296635v1","3427747","3428048","chrUn_KE147547v1","354402","354703","29","3073345"
"KN296635v1","3435529","3435634","chr12","19534181","19534283","16","16098652"
"KN296635v1","3499893","3500000","chr12","19534181","19534283","17","16034288"
"KN296635v1","3515875","3516177","chr20","69681190","69681492","12","66165315"
"KN296635v1","3587183","3587313","chr21","95187904","95188038","20","91600721"
"KN296635v1","3648516","3648826","chr20","69556259","69556569","24","65907743"
"KN296635v1","3803660","3803772","chr20","69407195","69407313","9","65603535"
"KN296635v1","3847656","3847836","chr2","80959654","80959829","31","77111998"
"KN296635v1","3865559","3865846","chr24","78226242","78226532","37","74360683"
"KN296635v1","4102793","4102902","chrX","15193001","15193109","12","11090208"
"KN296635v1","4191474","4191638","chr20","112122691","112122859","33","107931217"
"KN296635v1","4449641","4449831","chr10_KE148023v1_random","379045","379231","42","4070596"
"KN296635v1","4743527","4743834","chr20","68479919","68480231","15","63736392"
"KN296635v1","4775627","4775925","chr12","44257101","44257398","32","39481474"
"KN296635v1","4860062","4860159","chr25","25614063","25614159","12","20754001"
"KN296635v1","5218523","5218632","chr20","68009783","68009900","10","62791260"
"KN296635v1","5265288","5265585","chr20","67965913","67966210","6","62700625"
"KN296635v1","5303490","5303789","chr29","8326246","8326540","20","3022756"
"KN296635v1","5492529","5492652","chr20","67743147","67743277","10","62250618"
"KN296635v1","5598592","5598700","chr20","67638391","67638502","7","62039799"
"KN296635v1","5600881","5601062","chr20","67635901","67636082","5","62035020"
"KN296637v1","364934","365045","chr16","4193571","4193689","24","3828637"
"KN296637v1","622756","623039","chr4","36915476","36915756","33","36292720"
"KN296637v1","623079","623089","chr1","80524170","80524180","1","79901091"
"KN296637v1","787949","788250","chr23","26655146","26655450","43","25867197"
"KN296637v1","942844","943142","chr11","67762076","67762372","16","66819232"
"KN296637v1","970072","970159","chr14","33971515","33971601","12","33001443"
"KN296637v1","1038355","1038653","chr6","30061144","30061439","32","29022789"
"KN296641v1","816649","816956","chr14","21408849","21409155","34","20592200"
"KN296641v1","974021","974126","chr8","40250327","40250427","18","39276306"
"KN296641v1","1264474","1264611","chr22","37860705","37860844","9","36596231"
"KN296643v1","5121","5217","chr16","11268968","11269068","19","11263847"
"KN296643v1","172949","173072","chr28","16867095","16867213","13","16694146"
"KN296643v1","282807","282888","chr10","73357970","73358049","11","73075163"
"KN296643v1","366445","366584","chr14","100342600","100342742","34","99976155"
"KN296643v1","418288","418466","chr13","38693871","38694044","34","38275583"
"KN296643v1","480659","480917","chr26","24319531","24319792","33","23838872"
"KN296643v1","573562","573697","chr8","9167103","9167235","20","8593541"
"KN296643v1","618835","618983","chrX_KE148108v1_random","1282629","1282776","22","663794"
"KN296643v1","624108","624256","chrX_KE148108v1_random","1282629","1282776","22","658521"
"KN296643v1","633606","633836","chr21","119442218","119442448","34","118808612"
"KN296643v1","752256","752435","chr28","7422124","7422300","37","6669868"
"KN296643v1","798598","798900","chr28","17466829","17467134","21","16668231"
"KN296643v1","809915","810223","chr28","17477724","17478032","14","16667809"
"KN296643v1","810491","810786","chr28","17478297","17478592","19","16667806"
"KN296646v1","62099","62216","chr5","36135293","36135405","14","36073194"
"KN296646v1","320853","320992","chr10","116079823","116079966","18","115758970"
"KN296646v1","321983","322240","chr10","116078582","116078840","18","115756599"
"KN296646v1","349562","349764","chr20","101732798","101733002","40","101383236"
"KN296646v1","352291","352597","chr11","14038393","14038703","37","13686102"
"KN296646v1","408886","409180","chr10","115995166","115995464","16","115586280"
"KN296646v1","416329","416622","chrUn_KE147541v1","688147","688448","65","271818"
"KN296646v1","433950","434247","chr10","115972010","115972309","22","115538060"
"KN296646v1","503996","504265","chr10","115900910","115901174","28","115396914"
"KN296646v1","593163","593316","chrX","108711335","108711486","25","108118172"
"KN296646v1","631460","631586","chr10","58214274","58214395","30","57582814"
"KN296646v1","727876","728016","chr10","115685606","115685731","21","114957730"
"KN296646v1","1048583","1048836","chr10","115344178","115344431","7","114295595"
"KN296646v1","1051908","1052058","chrX","108711335","108711486","25","107659427"
"KN296646v1","1068836","1069154","chr10","115323150","115323465","21","114254314"
"KN296646v1","1720054","1720348","chr1","4778731","4779031","50","3058677"
"KN296649v1","65709","66002","chr6","6384874","6385167","36","6319165"
"KN296649v1","298092","298398","chr22","57912726","57913034","10","57614634"
"KN296649v1","598399","598697","chr22","57615936","57616246","29","57017537"
"KN296654v1","4488","4779","chr20","116521829","116522119","12","116517341"
"KN296654v1","25214","25505","chr4","77677009","77677293","53","77651795"
"KN296654v1","38031","38324","chr20","116490666","116490960","16","116452635"
"KN296654v1","43966","44276","chr20","116485815","116486129","24","116441849"
"KN296654v1","92545","92654","chr20","116440483","116440594","9","116347938"
"KN296654v1","116652","116785","chr1","117374889","117375021","15","117258237"
"KN296654v1","117097","117272","chr19","7192289","7192466","31","7075192"
"KN296654v1","123038","123175","chr20","116411976","116412113","11","116288938"
"KN296654v1","125730","125813","chr20","116409987","116410063","13","116284257"
"KN296654v1","206751","206845","chr16","63967102","63967196","13","63760351"
"KN296657v1","359678","359976","chr27","2112373","2112668","16","1752695"
"KN296657v1","436021","436313","chr26","53914369","53914658","30","53478348"
"KN296658v1","2464","2542","chr5","42393367","42393445","13","42390903"
"KN296661v1","440316","440409","chr8","15274422","15274520","13","14834106"
"KN296661v1","452225","452516","chr4","37323635","37323912","51","36871410"
"KN296661v1","669284","669590","chr19","26992368","26992672","33","26323084"
"KN296661v1","678908","678984","chr22","54612718","54612794","17","53933810"
"KN296661v1","749582","749676","chr9","98692752","98692841","20","97943170"
"KN296661v1","1063616","1063738","chr27","38860831","38860962","23","37797215"
"KN296661v1","1107433","1107721","chr21","98695555","98695846","41","97588122"
"KN296661v1","1153560","1153870","chr8","102537981","102538287","14","101384421"
"KN296661v1","1217124","1217403","chr25","69512081","69512362","34","68294957"
"KN296661v1","1560577","1560741","chr14","36731633","36731798","31","35171056"
"KN296661v1","2010948","2011251","chr8","101706129","101706429","19","99695181"
"KN296661v1","2091018","2091115","chr8","81880018","81880110","21","79789000"
"KN296661v1","2178822","2178946","chr2","56081432","56081554","18","53902610"
"KN296661v1","2379493","2379773","chr8","101369454","101369735","22","98989961"
"KN296665v1","18128","18285","chr19","13409350","13409507","5","13391222"
"KN296665v1","44762","44881","chr16","17636428","17636539","31","17591666"
"KN296665v1","79725","79893","chr21","107819096","107819263","28","107739371"
"KN296665v1","132000","132238","chr19","13514242","13514479","13","13382242"
"KN296665v1","134149","134387","chr19","13514242","13514479","13","13380093"
"KN296665v1","140612","140911","chr19","13520795","13521101","21","13380183"
"KN296665v1","217486","217687","chr6","14861387","14861589","42","14643901"
"KN296667v1","31386","31664","chr20","4523672","4523943","19","4492286"
"KN296672v1","11683","11942","chrX","34011305","34011568","44","33999622"
"KN296677v1","344389","344493","chr18","7635442","7635546","1","7291053"
"KN296680v1","592559","592855","chr12","84981040","84981335","25","84388481"
"KN296681v1","1276507","1276605","chr13","89350261","89350354","23","88073754"
"KN296681v1","1279627","1279726","chr1","112814997","112815097","17","111535370"
"KN296681v1","1514306","1514445","chr1","121590921","121591059","7","120076615"
"KN296682v1","108548","108854","chr11","72948756","72949057","39","72840208"
"KN296682v1","467227","467536","chr11","8684527","8684834","33","8217300"
"KN296682v1","624916","625071","chr26","56213061","56213219","26","55588145"
"KN296682v1","957918","958226","chr13","23399975","23400281","37","22442057"
"KN296682v1","1505816","1505987","chr25","15904393","15904561","30","14398577"
"KN296682v1","1832082","1832347","chr21","125095843","125096118","52","123263761"
"KN296682v1","1835442","1835728","chr8","29467672","29467955","18","27632230"
"KN296682v1","1913047","1913339","chr28","18370175","18370456","48","16457128"
"KN296682v1","2445091","2445184","chr8","28899294","28899381","13","26454203"
"KN296682v1","2450659","2450790","chr21","95187904","95188038","17","92737245"
"KN296682v1","2459075","2459374","chr8","28885123","28885421","23","26426048"
"KN296682v1","2460946","2461104","chr16","43640568","43640721","30","41179622"
"KN296682v1","2467901","2468183","chr17","40216360","40216654","43","37748459"
"KN296682v1","2495643","2495945","chr8","28849343","28849665","31","26353700"
"KN296682v1","2518486","2518645","chr7","131179078","131179238","35","128660592"
"KN296682v1","2565870","2566172","chr16","66366617","66366913","41","63800747"
"KN296682v1","2588280","2588579","chr8","28760863","28761162","15","26172583"
"KN296682v1","2600183","2600448","chrX","34011305","34011568","42","31411122"
"KN296682v1","2744736","2744857","chr8","28610139","28610259","2","25865403"
"KN296682v1","2781643","2781843","chrUn_KE147564v1","104804","105006","47","2676839"
"KN296682v1","2787341","2787580","chrX","128421470","128421715","41","125634129"
"KN296682v1","2972127","2972265","chr8","28384432","28384574","12","25412305"
"KN296682v1","2975269","2975399","chrX","63538993","63539120","20","60563724"
"KN296682v1","3004454","3004633","chr24","40971585","40971760","30","37967131"
"KN296682v1","3029155","3029468","chr8","28327266","28327574","15","25298111"
"KN296682v1","3055294","3055343","chr6","6790829","6790881","17","3735535"
"KN296682v1","3156562","3156729","chr16","59100684","59100846","37","55944122"
"KN296682v1","3164083","3164382","chr8","110251947","110252258","46","107087864"
"KN296682v1","3176014","3176307","chr8","28173535","28173828","15","24997521"
"KN296682v1","3219762","3219826","chr4","52344997","52345056","13","49125235"
"KN296682v1","3312198","3312508","chr8","28046244","28046553","15","24734046"
"KN296682v1","3656918","3657209","chr8","27713908","27714189","22","24056990"
"KN296682v1","3661045","3661314","chr8","27709822","27710077","30","24048777"
"KN296682v1","3727849","3727971","chr8","27652077","27652207","13","23924228"
"KN296682v1","3794024","3794304","chr16","54880680","54880960","43","51086656"
"KN296682v1","3980546","3980841","chr7","98960815","98961105","45","94980269"
"KN296682v1","4105002","4105120","chr8","61605613","61605730","14","57500611"
"KN296682v1","4370600","4370716","chr7","66536479","66536599","17","62165879"
"KN296682v1","4557103","4557416","chr2","45029726","45030036","36","40472623"
"KN296682v1","4561921","4562217","chr8","26832360","26832654","16","22270439"
"KN296682v1","4672346","4672654","chr2","56900525","56900834","35","52228179"
"KN296682v1","4681659","4681788","chr1","124726233","124726361","13","120044574"
"KN296682v1","4695903","4696198","chr8","26697765","26698062","14","22001862"
"KN296682v1","4766948","4767079","chr8","26626871","26627005","6","21859923"
"KN296682v1","4805037","4805164","chr8","26589148","26589275","5","21784111"
"KN296682v1","4926331","4926439","chr8","26467282","26467388","7","21540951"
"KN296682v1","5059945","5060142","chr6","14861387","14861589","34","9801442"
"KN296684v1","6118","6326","chr20","87023843","87024048","39","87017725"
"KN296685v1","305637","305649","chr11","106104529","106104542","3","105798892"
"KN296685v1","305979","306144","chr1","117375330","117375494","29","117069351"
"KN296685v1","324715","324834","chr16","16282284","16282403","3","15957569"
"KN296685v1","330658","330806","chr16","16298801","16298950","14","15968143"
"KN296685v1","343652","343944","chr26","53914369","53914658","35","53570717"
"KN296685v1","355946","356244","chr23","37210531","37210830","26","36854585"
"KN296685v1","370456","370560","chr16","16326186","16326288","6","15955730"
"KN296686v1","354110","354416","chr8","105665262","105665558","25","105311152"
"KN296695v1","82302","82412","chr9","102911776","102911884","19","102829474"
"KN296695v1","140244","140381","chr24","47738419","47738551","21","47598175"
"KN296695v1","189064","189369","chr6","27788548","27788847","38","27599484"
"KN296697v1","1","191","chr23","22563678","22563870","36","22563677"
"KN296698v1","16393","16588","chr4","36251770","36251955","40","36235377"
"KN296698v1","20104","20393","chr8","40238745","40239039","16","40218641"
"KN296698v1","196766","197083","chr19","26992368","26992672","50","26795602"
"KN296698v1","199880","200160","chr8","40061557","40061837","21","39861677"
"KN296699v1","11050","11176","chr6","33450882","33451011","25","33439832"
"KN296702v1","75137","75437","chr23","27066910","27067208","18","26991773"
"KN296702v1","327984","328100","chr23","27308735","27308852","5","26980751"
"KN296702v1","352123","352426","chr23","27331290","27331595","25","26979167"
"KN296702v1","357298","357628","chr28","13974127","13974460","57","13616829"
"KN296702v1","773432","773588","chr23","27743594","27743750","8","26970162"
"KN296702v1","984158","984466","chr23","27948211","27948506","29","26964053"
"KN296709v1","125191","125493","chrX","78400436","78400734","17","78275245"
"KN296711v1","71691","72006","chr9","110061379","110061682","43","109989688"
"KN296711v1","264009","264323","chr3","3098607","3098920","57","2834598"
"KN296711v1","367988","368282","chr16","60582924","60583214","56","60214936"
"KN296711v1","394661","394777","chr21","11575693","11575812","25","11181032"
"KN296714v1","7379","7682","chr8","40948056","40948356","22","40940677"
"KN296714v1","112763","113039","chr8","41051223","41051499","13","40938460"
"KN296714v1","128748","128902","chr16","2278558","2278711","21","2149810"
"KN296714v1","203478","203691","chr20","87023843","87024048","41","86820365"
"KN296714v1","233165","233466","chr8","41154994","41155297","17","40921829"
"KN296714v1","238172","238347","chr6","10189432","10189604","31","9951260"
"KN296718v1","12665","12968","chrX","21697661","21697969","15","21684996"
"KN296719v1","26101","26280","chrX","1919809","1919991","33","1893708"
"KN296719v1","116422","116717","chr1","32867052","32867348","30","32750630"
"KN296723v1","125709","125830","chr9","57620344","57620466","17","57494635"
"KN296726v1","262079","262206","chr6","42033420","42033551","24","41771341"
"KN296726v1","64084","64389","chr11","31370508","31370817","17","31306424"
"KN296726v1","66757","66867","chr9","102911776","102911884","14","102845019"
"KN296726v1","91994","92289","chr24","69808297","69808594","36","69716303"
"KN296726v1","120007","120328","chr11","31420003","31420324","15","31299996"
"KN296726v1","154316","154478","chr25","27497903","27498067","20","27343587"
"KN296726v1","168230","168399","chr11","31471464","31471619","26","31303234"
"KN296726v1","192895","193187","chr16","56610949","56611249","49","56418054"
"KN296726v1","202748","203031","chrX","60711286","60711566","37","60508538"
"KN296726v1","216909","217028","chr20_KE148049v1_random","1143413","1143522","24","926504"
"KN296726v1","222677","222809","chr11","31520722","31520858","11","31298045"
"KN296726v1","224771","225063","chr13","65587063","65587353","36","65362292"
"KN296726v1","399593","399829","chrX","128421470","128421715","35","128021877"
"KN296726v1","484923","485165","chr11","12865706","12865946","47","12380783"
"KN296726v1","542303","542432","chr4","35974899","35975026","10","35432596"
"KN296726v1","599706","600013","chr6","9616386","9616693","38","9016680"
"KN296726v1","630195","630491","chr11","31918174","31918474","14","31287979"
"KN296726v1","683907","684192","chr11","31971356","31971641","18","31287449"
"KN296726v1","999894","999999","chr1","64131838","64131942","16","63131944"
"KN296726v1","1028451","1028751","chr11","32304363","32304669","16","31275912"
"KN296726v1","1031375","1031666","chr11","32307311","32307602","10","31275936"
"KN296726v1","1040736","1041033","chr12","17538996","17539305","38","16498260"
"KN296726v1","1091428","1091590","chr9","114091406","114091563","31","112999978"
"KN296727v1","3535","3615","chr5","31726737","31726809","16","31723202"
"KN296728v1","118118","118230","chr8","78183569","78183681","6","78065451"
"KN296730v1","45966","46275","chr11","19362826","19363128","20","19316860"
"KN296730v1","72442","72593","chr12","64496323","64496475","33","64423881"
"KN296730v1","117001","117095","chr1","77343531","77343628","12","77226530"
"KN296730v1","128643","128737","chr19","4265915","4266005","14","4137272"
"KN296730v1","142302","142606","chr21","13859037","13859338","38","13716735"
"KN296731v1","94519","94781","chr1","114384451","114384712","41","114289932"
"KN296731v1","224487","224589","chr11","11520976","11521077","9","11296489"
"KN296731v1","660488","660771","chr9","21358440","21358726","45","20697952"
"KN296731v1","672074","672200","chr11","11969175","11969299","5","11297101"
"KN296731v1","759328","759575","chr26","24535323","24535571","29","23775995"
"KN296731v1","795113","795254","chr11","12086493","12086626","9","11291380"
"KN296731v1","888782","889072","chr11","12179402","12179703","27","11290620"
"KN296731v1","927938","928077","chr11","12220770","12220908","7","11292832"
"KN296731v1","969779","970070","chrX","14817479","14817767","37","13847700"
"KN296731v1","1217923","1218220","chr11","12507332","12507630","19","11289409"
"KN296731v1","1393901","1394034","chr11","12666539","12666676","14","11272638"
"KN296731v1","1411858","1412169","chr16","74605652","74605958","32","73193794"
"KN296731v1","1499892","1500000","chr8","103213466","103213569","18","101713574"
"KN296731v1","1505260","1505407","chr17","29959931","29960071","36","28454671"
"KN296731v1","1571949","1572244","chr11","12838920","12839215","10","11266971"
"KN296731v1","1805836","1806128","chr11","13063723","13064015","7","11257887"
"KN296732v1","217525","217691","chr12","53066244","53066408","27","52848719"
"KN296732v1","241641","241943","chr15","10248575","10248872","34","10006934"
"KN296732v1","433221","433393","chr12","74782530","74782700","30","74349309"
"KN296732v1","559592","559897","chr5","516542","516843","30","43050"
"KN296732v1","574170","574469","chr1","20368634","20368943","22","19794464"
"KN296732v1","1010435","1010726","chr1","19932491","19932783","13","18922056"
"KN296732v1","1194556","1194869","chr1","19739514","19739823","16","18544958"
"KN296732v1","1464139","1464445","chr1","19469328","19469625","21","18005189"
"KN296732v1","1529755","1530061","chrX","43812074","43812380","45","42282319"
"KN296732v1","1858980","1859068","chr17","55405675","55405761","11","53546695"
"KN296732v1","1909659","1909834","chr1","19019428","19019594","22","17109769"
"KN296732v1","2025409","2025714","chr1","18903641","18903944","18","16878232"
"KN296732v1","2174618","2174725","chr9","115877459","115877567","23","113702841"
"KN296732v1","2199762","2200052","chr1","18733548","18733845","14","16533786"
"KN296732v1","2214207","2214338","chr6","40251206","40251334","26","38036999"
"KN296732v1","2240299","2240592","chr13","65353125","65353418","41","63112826"
"KN296732v1","2297422","2297716","chr1","18636275","18636568","33","16338853"
"KN296732v1","2343068","2343355","chr1","18595657","18595943","15","16252589"
"KN296732v1","2343379","2343536","chr10","113647543","113647707","30","111304164"
"KN296732v1","2411500","2411689","chrX","92168581","92168768","35","89757081"
"KN296732v1","2517527","2517815","chr9","86475233","86475524","41","83957706"
"KN296732v1","2560883","2561205","chr9","63598779","63599102","49","61037896"
"KN296732v1","2575481","2575650","chr14","36731633","36731798","23","34156152"
"KN296732v1","2613656","2613784","chr11","47028523","47028648","22","44414867"
"KN296732v1","2616235","2616525","chr1","18299372","18299662","19","15683137"
"KN296732v1","2617339","2617497","chr9","114091406","114091563","24","111474067"
"KN296732v1","2647085","2647398","chr1","18269728","18270035","18","15622643"
"KN296732v1","2714216","2714326","chr1","18207787","18207902","12","15493571"
"KN296732v1","2805009","2805305","chr1","18127955","18128253","13","15322946"
"KN296732v1","2843415","2843517","chr5","31841247","31841347","19","28997832"
"KN296732v1","2989850","2990027","chr7","57440733","57440908","29","54450883"
"KN296732v1","3039552","3039853","chr1","17898361","17898673","29","14858809"
"KN296732v1","3052253","3052547","chr1","18440198","18440492","35","15387945"
"KN296732v1","3146386","3146480","chr20","100112314","100112409","17","96965928"
"KN296732v1","3159961","3160145","chr20","122226432","122226619","33","119066471"
"KN296732v1","3171048","3171350","chr1","65106207","65106504","36","61935159"
"KN296732v1","3179868","3180169","chr1","17770247","17770548","18","14590379"
"KN296732v1","3235676","3236013","chr1","17716634","17716959","26","14480958"
"KN296732v1","3256831","3256987","chr11","25827870","25828027","26","22571039"
"KN296732v1","3297041","3297172","chr1","104571784","104571905","17","101274743"
"KN296732v1","3323835","3323917","chr20","106480329","106480413","14","103156494"
"KN296732v1","3355928","3356224","chr1","65106207","65106504","32","61750279"
"KN296732v1","3380049","3380349","chr1","17575914","17576204","19","14195865"
"KN296732v1","3406724","3407017","chr1","17549648","17549943","10","14142924"
"KN296732v1","3494896","3495186","chr1","17463735","17464007","30","13968839"
"KN296732v1","3529215","3529378","chr14","70326149","70326316","26","66796934"
"KN296732v1","3566289","3566439","chr12","100815167","100815319","16","97248878"
"KN296732v1","3581398","3581537","chr10","113933710","113933845","25","110352312"
"KN296732v1","3614198","3614462","chr1","17346894","17347153","10","13732696"
"KN296732v1","3717697","3717979","chr9","12354158","12354440","28","8636461"
"KN296732v1","3760600","3760770","chr20","12577124","12577295","24","8816524"
"KN296732v1","3792351","3792543","chr12","46467064","46467252","35","42674713"
"KN296732v1","3815561","3815676","chr7","75443234","75443353","18","71627673"
"KN296738v1","56241","56514","chr8","51728052","51728322","39","51671811"
"KN296738v1","117345","117638","chr26","30682990","30683283","33","30565645"
"KN296738v1","151612","151755","chr16","3095467","3095610","19","2943855"
"KN296738v1","160201","160489","chr16","34825341","34825633","21","34665140"
"KN296738v1","165363","165651","chr16","34825341","34825633","21","34659978"
"KN296738v1","174650","174993","chrX","54241871","54242208","59","54067221"
"KN296738v1","194375","194468","chr16","34798085","34798188","15","34603710"
"KN296739v1","164133","164421","chr20","14915148","14915430","47","14751015"
"KN296739v1","207821","207954","chr11","31057709","31057840","19","30849888"
"KN296739v1","365416","365491","chr14","59740671","59740742","11","59375255"
"KN296743v1","18410","18575","chr16","59100684","59100846","31","59082274"
"KN296743v1","205181","205346","chr10","122138385","122138550","34","121933204"
"KN296743v1","370039","370210","chr17","48522634","48522804","29","48152595"
"KN296743v1","376852","377021","chr3","9501503","9501673","31","9124651"
"KN296743v1","390555","390795","chr14","78791636","78791875","9","78401081"
"KN296743v1","438049","438331","chr23","20234918","20235201","47","19796869"
"KN296743v1","448041","448317","chr2","71498929","71499206","45","71050888"
"KN296743v1","545762","545874","chr8","24212337","24212447","18","23666575"
"KN296743v1","572977","573250","chr14","78971685","78971952","28","78398708"
"KN296743v1","671888","672182","chr4","73821847","73822143","40","73149959"
"KN296743v1","963968","964273","chr14","79375985","79376287","12","78412017"
"KN296743v1","1236968","1237073","chrX","22581182","22581289","13","21344214"
"KN296743v1","1369217","1369358","chr3","23052634","23052774","17","21683417"
"KN296743v1","1455127","1455210","chr8","129353932","129354018","11","127898805"
"KN296743v1","1469473","1469809","chr21","15869522","15869860","47","14400049"
"KN296743v1","1472341","1472644","chr14","79887870","79888171","20","78415529"
"KN296743v1","1487453","1487737","chr20","14771558","14771837","38","13284105"
"KN296743v1","1586325","1586600","chr14","80005299","80005574","11","78418974"
"KN296743v1","1627481","1627554","chr14","80046062","80046135","4","78418581"
"KN296743v1","1782410","1782584","chr3","37397752","37397911","30","35615342"
"KN296743v1","1791145","1791238","chr29","16692609","16692704","15","14901464"
"KN296743v1","1792412","1792692","chr14","80204278","80204551","18","78411866"
"KN296743v1","1841969","1842144","chr28","14374070","14374256","33","12532101"
"KN296743v1","1889309","1889615","chr11","8684527","8684834","28","6795218"
"KN296743v1","1905824","1905975","chr14","80317483","80317632","6","78411659"
"KN296743v1","1916834","1917131","chr15","61974796","61975095","35","60057962"
"KN296743v1","2006998","2007121","chr2","64280254","64280373","25","62273256"
"KN296743v1","2123973","2124282","chr14","80527280","80527589","14","78403307"
"KN296743v1","2279603","2279899","chr14","80686053","80686355","22","78406450"
"KN296743v1","2384458","2384548","chr2","85445888","85445973","16","83061430"
"KN296743v1","2409607","2409732","chr2","7069148","7069271","22","4659541"
"KN296743v1","2418180","2418262","chr20","81072789","81072868","10","78654609"
"KN296743v1","2731552","2731841","chrX","18022104","18022400","43","15290552"
"KN296745v1","11259","11567","chrX","43812074","43812380","44","43800815"
"KN296745v1","30561","30868","chr16","45064454","45064761","45","45033893"
"KN296747v1","48950","49266","chr17","70798183","70798497","43","70749233"
"KN296747v1","63059","63387","chr3","30142525","30142828","37","30079466"
"KN296749v1","133274","133433","chr9","96731301","96731449","29","96598027"
"KN296749v1","294549","294710","chr24","41015969","41016128","34","40721420"
"KN296749v1","430860","431180","chr20","70620441","70620744","49","70189581"
"KN296749v1","570393","570672","chr10","57121126","57121406","66","56550733"
"KN296749v1","577259","577427","chr5","14109803","14109966","42","13532544"
"KN296749v1","637661","637962","chr25","57568966","57569271","20","56931305"
"KN296749v1","825551","825652","chr25","57752250","57752351","3","56926699"
"KN296749v1","1052206","1052493","chr25","57997055","57997341","19","56944849"
"KN296749v1","1054627","1054737","chr27","19881572","19881674","22","18826945"
"KN296749v1","1340671","1340985","chr25","58282941","58283248","28","56942270"
"KN296750v1","997316","997389","chr8","118027193","118027266","15","117029877"
"KN296750v1","1011461","1011747","chr16","61916805","61917100","49","60905344"
"KN296750v1","1198397","1198494","chr9","124609102","124609190","22","123410705"
"KN296750v1","1441538","1441634","chr20_KE148049v1_random","985135","985230","12","456403"
"KN296752v1","141736","142038","chr21","13859037","13859338","33","13717301"
"KN296752v1","556484","556793","chr1","52763727","52764030","20","52207243"
"KN296752v1","559866","560149","chr16","64434305","64434601","57","63874439"
"KN296756v1","74859","74984","chrX_KE148109v1_random","226326","226451","3","151467"
"KN296759v1","70946","71145","chrX","92168581","92168768","36","92097635"
"KN296759v1","84513","84819","chrUn_KE147541v1","229930","230239","41","145417"
"KN296759v1","137045","137340","chr17","40216360","40216654","35","40079315"
"KN296759v1","176362","176659","chr1","100036073","100036374","20","99859711"
"KN296759v1","229789","229943","chr11","25827870","25828027","30","25598081"
"KN296759v1","541259","541556","chr25","28632871","28633170","39","28091612"
"KN296759v1","653143","653449","chr1","100498316","100498597","41","99845173"
"KN296759v1","751083","751383","chr14","89910303","89910602","40","89159220"
"KN296759v1","1338234","1338339","chr1","101143727","101143837","11","99805493"
"KN296761v1","101799","101962","chr3","90477940","90478106","27","90376141"
"KN296761v1","116630","116732","chr17","66873241","66873338","13","66756611"
"KN296761v1","321849","322016","chr1","117375330","117375494","27","117053481"
"KN296761v1","375601","375892","chr3","5149329","5149621","36","4773728"
"KN296761v1","433445","433543","chr5","70170941","70171034","16","69737496"
"KN296761v1","699963","700275","chr17","66310862","66311176","16","65610899"
"KN296761v1","777010","777108","chr5","74607971","74608072","17","73830961"
"KN296761v1","829371","829477","chrX","3243434","3243542","18","2414063"
"KN296762v1","90003","90296","chrX","99604395","99604703","27","99514392"
"KN296762v1","144891","145047","chr24","41015969","41016128","28","40871078"
"KN296762v1","179493","179768","chrX","99521290","99521565","7","99341797"
"KN296767v1","21025","21140","chr21","29428352","29428467","14","29407327"
"KN296767v1","140952","140963","chr28","7157162","7157175","2","7016210"
"KN296767v1","141015","141099","chr22","70814500","70814588","13","70673485"
"KN296767v1","433286","433583","chr21","29018395","29018693","12","28585109"
"KN296767v1","593829","593971","chr21","28859539","28859680","4","28265710"
"KN296768v1","20093","20402","chr23","19182773","19183076","41","19162680"
"KN296770v1","18947","19236","chr9","21358440","21358726","18","21339493"
"KN296770v1","20580","20748","chr3","90477940","90478106","36","90457360"
"KN296770v1","43893","44200","chr9","19597808","19598111","43","19553915"
"KN296770v1","101562","101751","chrX","92168581","92168768","34","92067019"
"KN296770v1","191037","191178","chr8","95832482","95832619","21","95641445"
"KN296770v1","407910","408038","chr11","10410929","10411059","7","10003019"
"KN296770v1","472927","473110","chr23","46446460","46446648","31","45973533"
"KN296770v1","615200","615313","chr11","10627829","10627946","11","10012629"
"KN296770v1","641277","641376","chr19","12723250","12723349","20","12081973"
"KN296770v1","653132","653243","chr11","10670735","10670846","8","10017603"
"KN296774v1","194949","195023","chr6","2957395","2957480","21","2762446"
"KN296774v1","256804","257054","chr14","97806022","97806272","37","97549218"
"KN296774v1","591854","591945","chr6","1144352","1144440","13","552498"
"KN296775v1","1","105","chr1","33728410","33728517","21","33728409"
"KN296775v1","22328","22635","chr19","17196080","17196383","21","17173752"
"KN296775v1","171388","171691","chr21","13859037","13859338","42","13687649"
"KN296775v1","208816","209116","chr18","44613273","44613575","38","44404457"
"KN296775v1","241755","241917","chr1","117375330","117375494","28","117133575"
"KN296775v1","481268","481382","chr5","36135293","36135405","14","35654025"
"KN296775v1","519670","519971","chr19","16700545","16700852","12","16180875"
"KN296775v1","609731","610022","chr19","16611486","16611774","15","16001755"
"KN296775v1","801135","801450","chr19","16421068","16421385","13","15619933"
"KN296775v1","933075","933322","chr19","16286678","16286927","9","15353603"
"KN296775v1","933471","933625","chr19","26535545","26535692","21","25602074"
"KN296775v1","965750","966066","chrX","22269787","22270106","55","21304037"
"KN296775v1","1078420","1078492","chr8","118027193","118027266","12","116948773"
"KN296775v1","1096738","1096859","chr6","40506259","40506380","21","39409521"
"KN296775v1","1116855","1116962","chr19","16109241","16109344","9","14992386"
"KN296775v1","1137335","1137640","chr19","16092941","16093246","16","14955606"
"KN296775v1","1178070","1178371","chr19","16055608","16055906","25","14877538"
"KN296781v1","4002","4165","chr3","52082928","52083094","33","52078926"
"KN296781v1","54540","54718","chrX","101497455","101497632","9","101442915"
"KN296782v1","122380","122485","chr10","116753504","116753602","22","116631124"
"KN296783v1","142817","142900","chr7","98663463","98663546","17","98520646"
"KN296783v1","935332","935483","chr8","121203379","121203534","25","120268047"
"KN296783v1","1259653","1259923","chr8","51728052","51728322","41","50468399"
"KN296783v1","1494903","1495140","chr4","86589462","86589733","38","85094559"
"KN296784v1","116662","116847","chr14","58186463","58186657","41","58069801"
"KN296784v1","136976","137065","chr22","70814500","70814588","11","70677524"
"KN296784v1","161225","161529","chr3","29524663","29524965","23","29363438"
"KN296788v1","34361","34654","chr9","21358440","21358726","48","21324079"
"KN296795v1","166902","167061","chr14","70326149","70326316","31","70159247"
"KN296795v1","178412","178532","chr29","11314545","11314664","3","11136133"
"KN296795v1","233054","233142","chr21","120713874","120713964","19","120480820"
"KN296795v1","240258","240357","chr1","115520059","115520154","18","115279801"
"KN296795v1","249288","249577","chr16","23858039","23858332","36","23608751"
"KN296795v1","265453","265623","chr24","27809157","27809320","31","27543704"
"KN296795v1","373544","373765","chrX","45698334","45698566","41","45324790"
"KN296795v1","375819","376103","chr29","11491441","11491720","23","11115622"
"KN296795v1","381522","381667","chr20","78372912","78373051","21","77991390"
"KN296795v1","406511","406590","chr29","11520564","11520643","4","11114053"
"KN296795v1","594889","595198","chr29","11706640","11706935","28","11111751"
"KN296795v1","784311","784633","chr28","19825395","19825717","52","19041084"
"KN296795v1","846449","846627","chr14","18470427","18470606","25","17623978"
"KN296795v1","846653","846777","chr14","92833282","92833407","13","91986629"
"KN296795v1","950456","950739","chr29","12050430","12050713","9","11099974"
"KN296795v1","989508","989687","chr2","81247077","81247245","39","80257569"
"KN296795v1","1103232","1103527","chr25","52302005","52302309","47","51198773"
"KN296795v1","1515610","1515708","chr9","11901795","11901894","14","10386185"
"KN296795v1","1668839","1669102","chr16","15512960","15513223","35","13844121"
"KN296795v1","1833213","1833380","chr25","27497903","27498067","27","25664690"
"KN296795v1","2075015","2075103","chr14","33971515","33971601","14","31896500"
"KN296795v1","2106134","2106414","chr29","13177875","13178156","11","11071741"
"KN296795v1","2281259","2281585","chr23","29317178","29317505","48","27035919"
"KN296795v1","2285161","2285468","chr29","13355708","13356007","19","11070547"
"KN296795v1","2326195","2326328","chr6","23937110","23937257","33","21610915"
"KN296795v1","2431593","2431740","chr20","13500001","13500147","26","11068408"
"KN296795v1","2500396","2500590","chr6","33868715","33868906","45","31368319"
"KN296795v1","2691347","2691634","chr9","12354158","12354440","46","9662811"
"KN296795v1","2867954","2868053","chr21","121478256","121478356","19","118610302"
"KN296796v1","189316","189447","chr17","52575629","52575753","27","52386313"
"KN296801v1","18776","19075","chr8","26697765","26698062","36","26678989"
"KN296802v1","393513","393821","chr2","75171030","75171331","45","74777517"
"KN296803v1","269387","269703","chr21","91332767","91333071","25","91063380"
"KN296803v1","292390","292538","chr26","50054896","50055044","34","49762506"
"KN296804v1","228959","229242","chr11","83528746","83529028","22","83299787"
"KN296804v1","828640","828935","chr17","29235311","29235611","42","28406671"
"KN296806v1","11571","11748","chr10","19939788","19939971","40","19928217"
"KN296809v1","65702","65855","chr15","910109","910261","8","844407"
"KN296809v1","190654","190756","chr9","11901704","11901803","17","11711050"
"KN296809v1","647500","647809","chr15","357835","358144","18","289665"
"KN296809v1","750220","750242","chr24","48458885","48458900","7","47708665"
"KN296809v1","750542","750714","chr21","107819096","107819263","23","107068554"
"KN296809v1","1006700","1006988","chr19","20825470","20825772","49","19818770"
"KN296810v1","27940","28059","chr21","74667857","74667972","20","74639917"
"KN296810v1","34580","34880","chr11","8684527","8684834","44","8649947"
"KN296810v1","36879","37177","chrX","43039500","43039797","5","43002621"
"KN296810v1","52578","52666","chr9","58939305","58939385","20","58886727"
"KN296812v1","47712","48017","chr21","51685243","51685540","23","51637531"
"KN296812v1","62377","62648","chr4","53277483","53277749","64","53215106"
"KN296812v1","373120","373428","chr21","51351108","51351414","15","50977988"
"KN296812v1","738126","738429","chr1","10269668","10269963","38","9531542"
"KN296818v1","82830","83132","chr15","35628754","35629044","26","35545924"
"KN296818v1","95066","95394","chr12","5255253","5255563","56","5160187"
"KN296818v1","108531","108820","chr16","64198225","64198517","37","64089694"
"KN296820v1","77573","77782","chr20","87023843","87024048","42","86946270"
"KN296820v1","156032","156138","chr20","85379885","85379994","24","85223853"
"KN296820v1","287321","287634","chr6","16179940","16180260","48","15892619"
"KN296820v1","435330","435457","chr7","53148494","53148621","5","52713164"
"KN296820v1","483393","483512","chr7","53190180","53190298","5","52706787"
"KN296821v1","1","151","chr25","83754886","83755038","18","83754885"
"KN296821v1","381941","382069","chr6","40637980","40638105","18","40256039"
"KN296821v1","425816","425957","chr7","108373876","108374012","22","107948060"
"KN296821v1","772703","772865","chr1","80523957","80524122","25","79751254"
"KN296821v1","920809","921139","chr23","22339638","22339932","91","21418829"
"KN296825v1","177036","177171","chr24","36015083","36015217","17","35838047"
"KN296825v1","185538","185628","chr11","52981320","52981410","15","52795782"
"KN296825v1","249935","250243","chr11","8684527","8684834","31","8434592"
"KN296825v1","265161","265263","chr1","75518579","75518676","14","75253418"
"KN296825v1","464066","464359","chr8","61451696","61451990","19","60987630"
"KN296825v1","483523","483828","chr3","25833754","25834060","39","25350231"
"KN296825v1","490683","490754","chr19","15599846","15599916","10","15109163"
"KN296825v1","492361","492482","chr8","61481427","61481546","8","60989066"
"KN296825v1","498878","499081","chr8","61487957","61488164","12","60989079"
"KN296825v1","554542","554677","chr8","61544722","61544857","10","60990180"
"KN296825v1","564604","564743","chr26","7624405","7624551","28","7059801"
"KN296825v1","565856","565935","chr20","77398402","77398478","15","76832546"
"KN296825v1","633431","633534","chr9","89944165","89944264","20","89310734"
"KN296825v1","633616","633917","chr8","61624811","61625106","13","60991195"
"KN296825v1","649692","649806","chr7","18338584","18338697","21","17688892"
"KN296825v1","788994","789126","chr21","3460064","3460196","18","2671070"
"KN296825v1","794731","794962","chr14","75205613","75205848","46","74410882"
"KN296825v1","846913","847011","chr17","56389141","56389240","17","55542228"
"KN296825v1","1328909","1329007","chr8","62310827","62310924","2","60981918"
"KN296825v1","1423738","1423917","chr19","7192289","7192466","35","5768551"
"KN296825v1","1526120","1526319","chr20","87023843","87024048","31","85497723"
"KN296825v1","1547595","1547867","chr8","62525600","62525880","36","60978005"
"KN296825v1","1559451","1559756","chr21","2605347","2605650","37","1045896"
"KN296825v1","1559908","1560196","chr8","62537539","62537831","21","60977631"
"KN296825v1","1560605","1560681","chr8","62538240","62538315","3","60977635"
"KN296825v1","1602803","1602929","chrX","60154321","60154453","10","58551518"
"KN296825v1","1603658","1603956","chr8","62573736","62574040","16","60970078"
"KN296825v1","1721502","1721805","chr19","26992368","26992672","36","25270866"
"KN296825v1","1756918","1757205","chr8","62729802","62730093","18","60972884"
"KN296825v1","1787800","1787883","chr8","62761557","62761640","3","60973757"
"KN296825v1","1803112","1803418","chr8","62777216","62777525","11","60974104"
"KN296825v1","1811415","1811514","chr8","62785272","62785372","8","60973857"
"KN296825v1","1852785","1852883","chr18","34942905","34943003","19","33090120"
"KN296825v1","1963975","1964264","chr27","35645029","35645316","44","33681054"
"KN296825v1","1983414","1983582","chr1","19019428","19019594","29","17036014"
"KN296825v1","1983722","1984026","chr8","62957803","62958108","16","60974081"
"KN296825v1","2165447","2165744","chr8","63140394","63140688","7","60974947"
"KN296825v1","2232553","2232734","chr10","117385991","117386167","35","115153438"
"KN296825v1","2233791","2233972","chr10","117385991","117386167","35","115152200"
"KN296825v1","2270654","2270781","chr14","92833282","92833407","13","90562628"
"KN296825v1","2311613","2311757","chr3","23052634","23052774","21","20741021"
"KN296825v1","2421545","2421850","chr8","63386806","63387115","15","60965261"
"KN296825v1","2574030","2574138","chr8","63533043","63533152","8","60959013"
"KN296825v1","3228746","3228914","chr10","19929334","19929499","32","16700588"
"KN296826v1","113662","113956","chrX","62516481","62516777","19","62402819"
"KN296828v1","83926","84017","chr16","31939764","31939854","13","31855838"
"KN296828v1","103239","103406","chr24","66134690","66134855","25","66031451"
"KN296828v1","171890","172164","chr4","37323635","37323912","58","37151745"
"KN296829v1","287755","288025","chr7","47696863","47697162","40","47409108"
"KN296829v1","371470","371659","chr21","45329482","45329674","43","44958012"
"KN296829v1","517737","517887","chr14","100342600","100342742","37","99824863"
"KN296829v1","612037","612119","chr7","48011955","48012037","4","47399918"
"KN296829v1","732033","732331","chr7","48130755","48131055","19","47398722"
"KN296831v1","351868","352017","chr11","97393301","97393444","23","97041433"
"KN296831v1","396272","396451","chr2","84460702","84460880","27","84064430"
"KN296831v1","443429","443717","chr13","62306671","62306969","24","61863242"
"KN296831v1","458562","458672","chr5","36135293","36135405","18","35676731"
"KN296831v1","458764","458829","chr1","99770833","99770889","20","99312069"
"KN296831v1","724248","724430","chr11","108651238","108651415","27","107926990"
"KN296831v1","734201","734379","chr27","33925863","33926033","29","33191662"
"KN296831v1","767657","767951","chr11","111577480","111577774","34","110809823"
"KN296833v1","53041","53350","chrX","109932238","109932548","11","109879197"
"KN296833v1","225665","225763","chr21","104358686","104358783","17","104133021"
"KN296833v1","257322","257613","chr19","4361166","4361457","42","4103844"
"KN296833v1","259680","259856","chr2","81247077","81247245","31","80987397"
"KN296833v1","349770","350074","chrX","109636048","109636346","13","109286278"
"KN296833v1","450594","450886","chrX","109525050","109525342","19","109074456"
"KN296834v1","641310","641435","chr1","10752907","10753031","16","10111597"
"KN296834v1","907589","907870","chr3","46252006","46252289","13","45344417"
"KN296834v1","996396","996521","chr11","47028523","47028648","19","46032127"
"KN296836v1","160168","160464","chr13","93301215","93301514","15","93141047"
"KN296836v1","162576","162692","chr13","93303637","93303753","3","93141061"
"KN296836v1","285914","286220","chr13","93423302","93423608","22","93137388"
"KN296836v1","312403","312674","chr13","93447421","93447713","29","93135018"
"KN296842v1","42240","42537","chr16","2621276","2621572","40","2579036"
"KN296844v1","270835","271149","chr26","51111570","51111887","20","50840735"
"KN296844v1","569620","569789","chr2","81247077","81247245","29","80677457"
"KN296844v1","739157","739355","chr8","81480742","81480931","43","80741585"
"KN296844v1","890069","890370","chr26","50516985","50517282","14","49626916"
"KN296846v1","537726","538025","chr29","8870811","8871109","47","8333085"
"KN296846v1","620575","620706","chr8","83170570","83170703","18","82549995"
"KN296846v1","632433","632687","chr2","14011679","14011946","64","13379246"
"KN296847v1","6731","7036","chr9","26472570","26472870","40","26465839"
"KN296847v1","114799","114901","chr9","115877459","115877567","21","115762660"
"KN296847v1","119336","119461","chr21","66576172","66576293","18","66456836"
"KN296847v1","227536","227632","chr5","31841247","31841347","17","31613711"
"KN296847v1","398413","398715","chr1","108114425","108114728","18","107716012"
"KN296847v1","430302","430398","chr9","71599273","71599365","13","71168971"
"KN296847v1","556319","556419","chr20","63409266","63409366","8","62852947"
"KN296847v1","635948","636246","chr7","134423867","134424162","33","133787919"
"KN296847v1","820581","820747","chr21","107819096","107819263","23","106998515"
"KN296847v1","1275549","1275835","chr17","54801851","54802134","35","53526302"
"KN296847v1","1356664","1356969","chr3","76648017","76648321","39","75291353"
"KN296847v1","1425035","1425162","chr11","106587000","106587123","17","105161965"
"KN296847v1","1585999","1586077","chr23","59490737","59490814","11","57904738"
"KN296847v1","1637705","1637986","chr25","28869789","28870071","36","27232084"
"KN296847v1","1748896","1749193","chr1","106750222","106750513","29","105001326"
"KN296847v1","1978522","1978607","chr24","80502351","80502440","15","78523829"
"KN296848v1","9949","10096","chr16","59100684","59100846","36","59090735"
"KN296849v1","79294","79591","chr20","118948099","118948396","15","118868805"
"KN296849v1","144970","145276","chr20","118992368","118992674","18","118847398"
"KN296849v1","150739","150834","chr11","18150178","18150271","13","17999439"
"KN296849v1","207172","207302","chr20","119050845","119050965","16","118843673"
"KN296849v1","296667","296725","chr20","119148230","119148288","3","118851563"
"KN296849v1","322204","322501","chr20","119172381","119172667","27","118850177"
"KN296849v1","356837","357117","chr20","111917013","111917289","39","111560176"
"KN296849v1","510117","510283","chr18","59848764","59848935","32","59338647"
"KN296849v1","625638","625746","chr4","33400128","33400238","14","32774490"
"KN296849v1","730050","730245","chr20","122226432","122226619","33","121496382"
"KN296849v1","789780","789903","chr11","18933160","18933283","17","18143380"
"KN296849v1","801792","802077","chr20","119641167","119641462","24","118839375"
"KN296849v1","844942","845242","chr20","119684678","119684977","9","118839736"
"KN296851v1","71482","71592","chr2","84176364","84176472","22","84104882"
"KN296851v1","88699","88863","chr25","15904393","15904561","29","15815694"
"KN296852v1","95074","95368","chr16","72012345","72012642","42","71917271"
"KN296852v1","105575","105882","chr11","66405819","66406128","38","66300244"
"KN296852v1","649557","649871","chr25","32250207","32250512","53","31600650"
"KN296852v1","915606","915897","chr12","92743436","92743726","36","91827830"
"KN296852v1","1336504","1336618","chr14","57331453","57331574","10","55994949"
"KN296852v1","1431296","1431599","chr9","26472570","26472870","44","25041274"
"KN296852v1","1467982","1468151","chr3","37397752","37397911","36","35929770"
"KN296852v1","2213643","2213796","chr14","56463805","56463951","11","54250162"
"KN296852v1","2313416","2313692","chr14","56356871","56357147","19","54043455"
"KN296852v1","2366465","2366574","chrX","20534133","20534232","30","18167668"
"KN296852v1","2408441","2408577","chr11","128397525","128397647","39","125989084"
"KN296852v1","2409893","2410023","chr1","117374889","117375021","11","114964996"
"KN296852v1","2498076","2498195","chr3","88911455","88911582","21","86413379"
"KN296852v1","2551586","2551861","chr20","89538413","89538691","42","86986827"
"KN296852v1","2586395","2586530","chr14","56080233","56080368","10","53493838"
"KN296852v1","3119469","3119771","chr21","98235635","98235937","41","95116166"
"KN296859v1","449627","449904","chr21","125095843","125096118","42","124646216"
"KN296859v1","829738","830015","chr20","14771558","14771837","45","13941820"
"KN296859v1","993199","993281","chr1","24886470","24886549","11","23893271"
"KN296859v1","1030369","1030676","chr25","60872370","60872653","33","59842001"
"KN296859v1","1745605","1745703","chr3","74171436","74171534","17","72425831"
"KN296859v1","1846408","1846508","chr14","62539364","62539465","21","60692956"
"KN296859v1","1854062","1854183","chr25","61674962","61675080","5","59820900"
"KN296859v1","1887162","1887257","chr16","63967102","63967196","16","62079940"
"KN296859v1","1921978","1922057","chr1","121076939","121077022","22","119154961"
"KN296859v1","2027202","2027482","chr7","87079141","87079422","32","85051939"
"KN296859v1","2120490","2120785","chr12","50946307","50946579","56","48825817"
"KN296859v1","2187469","2187779","chr18","55715249","55715556","43","53527780"
"KN296864v1","190722","191027","chr20","91131293","91131587","30","90940571"
"KN296864v1","678474","678645","chr9","13379894","13380048","38","12701420"
"KN296864v1","686640","686897","chr20","90657478","90657735","18","89970838"
"KN296864v1","760003","760111","chr20","90585233","90585339","7","89825230"
"KN296864v1","937529","937660","chr9","105850038","105850165","16","104912509"
"KN296864v1","963547","963743","chr11","105952812","105952992","66","104989265"
"KN296864v1","1125674","1125927","chr11","124277362","124277609","47","123151688"
"KN296864v1","1381473","1381767","chr20","89965593","89965889","18","88584120"
"KN296864v1","1470881","1471168","chr2","36278384","36278672","41","34807503"
"KN296864v1","1482378","1482551","chr20","96338788","96338956","38","94856410"
"KN296864v1","1739464","1739592","chr20","89602512","89602641","10","87863048"
"KN296864v1","1804918","1805196","chr20","89538413","89538691","12","87733495"
"KN296864v1","1851805","1852099","chr20","89490513","89490809","16","87638708"
"KN296864v1","1864572","1864861","chr4","204996","205286","36","1659576"
"KN296864v1","1941791","1942097","chr20","89401979","89402290","29","87460188"
"KN296864v1","1943307","1943478","chr11","47211300","47211455","29","45267993"
"KN296864v1","1945642","1945810","chr6","42756418","42756585","36","40810776"
"KN296864v1","2027106","2027398","chr16","18596663","18596956","43","16569557"
"KN296864v1","2165895","2166176","chr20","89186023","89186306","16","87020128"
"KN296864v1","2167692","2167868","chr10","117385991","117386167","27","115218299"
"KN296864v1","2263193","2263278","chr20","89094638","89094735","13","86831445"
"KN296864v1","2417876","2418011","chr21","56001885","56002021","14","53584009"
"KN296864v1","2425576","2425865","chrX","49627176","49627471","30","47201600"
"KN296864v1","2717347","2717624","chr20","88642550","88642817","20","85925203"
"KN296864v1","2772411","2772531","chr20","97823617","97823740","19","95051206"
"KN296864v1","2967479","2967618","chr20","88397411","88397561","17","85429932"
"KN296864v1","3261039","3261322","chr9","12354158","12354440","43","9093119"
"KN296864v1","3301784","3302095","chr20","88068427","88068730","20","84766643"
"KN296864v1","3306981","3307286","chr20","88064790","88065093","42","84757809"
"KN296864v1","3326733","3326870","chr20","88045164","88045310","13","84718431"
"KN296864v1","3355384","3355550","chrUn_KE147541v1","70880","71041","31","3284504"
"KN296864v1","3370893","3371010","chr12","10306115","10306228","18","6935222"
"KN296864v1","3371322","3371334","chr3","43053427","43053439","3","39682105"
"KN296865v1","843049","843350","chr16","61916805","61917100","37","61073756"
"KN296865v1","1010870","1010945","chr20","19123446","19123521","6","18112576"
"KN296865v1","1073403","1073679","chr20","19183867","19184149","17","18110464"
"KN296865v1","1127137","1127239","chrX","17052248","17052348","19","15925111"
"KN296865v1","1194755","1195063","chr13","63299463","63299760","39","62104708"
"KN296865v1","1373275","1373371","chr19","12723250","12723349","13","11349975"
"KN296865v1","1722576","1722680","chrX","17052248","17052348","16","15329672"
"KN296865v1","1876495","1876666","chr5","737199","737370","27","1139296"
"KN296865v1","1920331","1920552","chr21","41449470","41449693","34","39529139"
"KN296865v1","1925331","1925445","chr20","20018232","20018344","4","18092901"
"KN296865v1","1963674","1963765","chr20","20056013","20056104","3","18092339"
"KN296865v1","2050664","2050857","chr21","45329482","45329674","29","43278818"
"KN296869v1","107677","107812","chr2","63698698","63698831","10","63591021"
"KN296869v1","356796","356962","chr2","81247077","81247245","27","80890281"
"KN296869v1","540770","540988","chr2","64147718","64147936","10","63606948"
"KN296869v1","651270","651568","chr11","6474804","6475104","28","5823534"
"KN296869v1","678515","678646","chr2","64280254","64280373","17","63601739"
"KN296873v1","72512","72821","chr5","66640620","66640927","40","66568108"
"KN296873v1","78339","78451","chr23","61918535","61918648","3","61840196"
"KN296873v1","124278","124574","chr23","61873249","61873548","14","61748971"
"KN296873v1","143024","143169","chr12","45582153","45582296","15","45439129"
"KN296874v1","235363","235530","chr24","11295357","11295530","31","11059994"
"KN296874v1","361928","362168","chr25","72602374","72602611","43","72240446"
"KN296875v1","122268","122578","chr14","37712314","37712621","51","37590046"
"KN296875v1","229441","229589","chr17","38473926","38474065","40","38244485"
"KN296877v1","19340","19609","chr23","57570021","57570286","40","57550681"
"KN296877v1","50529","50697","chr14","36731633","36731798","29","36681104"
"KN296877v1","80934","81228","chr12","32034021","32034316","11","31953087"
"KN296877v1","101042","101349","chr12","52933869","52934172","35","52832827"
"KN296877v1","102550","102871","chr9","63598779","63599102","56","63496229"
"KN296877v1","103484","103578","chr11","107359069","107359157","24","107255585"
"KN296877v1","272796","272889","chrX","20534133","20534232","22","20261337"
"KN296877v1","465654","465812","chr14","1181634","1181795","35","715980"
"KN296879v1","128396","128500","chr18","24018370","24018476","19","23889974"
"KN296879v1","194121","194412","chr9","57225378","57225670","40","57031257"
"KN296879v1","198949","199256","chr24","46896029","46896336","47","46697080"
"KN296879v1","242415","242504","chr12","108416680","108416767","10","108174265"
"KN296879v1","244423","244727","chr12","108414296","108414589","33","108169873"
"KN296879v1","265844","266133","chr12","108395658","108395948","15","108129814"
"KN296879v1","287010","287123","chr12","108372215","108372327","3","108085205"
"KN296879v1","438071","438153","chr14","91991733","91991816","16","91553662"
"KN296879v1","524650","524753","chr22","60162505","60162606","25","59637855"
"KN296879v1","542107","542406","chr9","92876560","92876859","38","92334453"
"KN296879v1","648520","648814","chr16","23858039","23858332","34","23209519"
"KN296879v1","664261","664551","chr12","108013957","108014248","16","107349696"
"KN296879v1","880241","880403","chr1","65026830","65026993","30","64146589"
"KN296879v1","880431","880455","chr28","6405531","6405565","11","5525100"
"KN296879v1","957963","958084","chr19","23308628","23308748","18","22350665"
"KN296879v1","1264288","1264507","chr15","48214277","48214486","52","46949989"
"KN296879v1","1375318","1375624","chr11","8684527","8684834","38","7309209"
"KN296883v1","163618","163760","chr1","27282150","27282295","19","27118532"
"KN296883v1","250417","250523","chr19","25598612","25598731","29","25348195"
"KN296883v1","603401","603561","chr6","42756418","42756585","30","42153017"
"KN296883v1","730285","730573","chr24","32447114","32447399","12","31716829"
"KN296883v1","807899","808191","chr11","32307311","32307602","34","31499412"
"KN296883v1","839957","840159","chr18","65701288","65701484","56","64861331"
"KN296883v1","845239","845370","chr24","47738419","47738551","13","46893180"
"KN296883v1","932968","933267","chr24","32245784","32246083","4","31312816"
"KN296883v1","959082","959379","chr24","32219235","32219533","12","31260153"
"KN296883v1","962802","963093","chr24","32215507","32215797","14","31252705"
"KN296883v1","965397","965678","chr24","32212820","32213103","15","31247423"
"KN296883v1","1048818","1049126","chr24","32126893","32127190","24","31078075"
"KN296883v1","1049991","1050117","chr24","32125717","32125849","8","31075726"
"KN296883v1","1071798","1072011","chr28","13811597","13811816","39","12739799"
"KN296883v1","1123363","1123498","chr5","22983862","22983997","18","21860499"
"KN296883v1","1169897","1170202","chr14","79375985","79376287","35","78206088"
"KN296883v1","1372032","1372333","chr24","31803431","31803737","24","30431399"
"KN296883v1","1468096","1468197","chr4","74483370","74483469","14","73015274"
"KN296883v1","1567947","1568093","chr24","31605057","31605220","21","30037110"
"KN296883v1","1817606","1817914","chr16","19378541","19378845","37","17560935"
"KN296883v1","2315991","2316132","chr24","30831050","30831194","8","28515059"
"KN296883v1","2365391","2365686","chr24","30781369","30781677","26","28415978"
"KN296883v1","2527957","2528115","chr6","2935048","2935204","27","407091"
"KN296883v1","2544864","2544957","chr24","27261491","27261570","27","24716627"
"KN296883v1","2624111","2624271","chr24","30515063","30515227","12","27890952"
"KN296883v1","2785729","2785911","chr19","33115164","33115349","41","30329435"
"KN296883v1","2868047","2868132","chr9","58939305","58939385","15","56071258"
"KN296883v1","2963809","2964090","chr21","117190595","117190882","34","114226786"
"KN296883v1","3016018","3016252","chr10","94415968","94416204","36","91399950"
"KN296883v1","3029550","3029702","chr12","106832435","106832593","31","103802885"
"KN296883v1","3140229","3140369","chr24","29986855","29986993","9","26846626"
"KN296883v1","3206031","3206186","chr6","39204774","39204908","38","35998743"
"KN296883v1","3218886","3218986","chr1","77343531","77343628","18","74124645"
"KN296883v1","3277755","3277846","chr24","29845502","29845589","7","26567747"
"KN296883v1","3476888","3477130","chr24","29646334","29646579","13","26169446"
"KN296883v1","3639498","3639573","chr9","124800339","124800414","10","121160841"
"KN296884v1","23234","23392","chr11","47211300","47211455","20","47188066"
"KN296884v1","44294","44594","chr14","20752433","20752730","43","20708139"
"KN296884v1","68243","68539","chr15","37497006","37497303","15","37428763"
"KN296884v1","169071","169190","chr15","37613260","37613383","17","37444189"
"KN296884v1","180179","180480","chr11","60386014","60386311","38","60205835"
"KN296884v1","193533","193723","chr12","60617467","60617647","38","60423934"
"KN296884v1","555939","555994","chr22","26629873","26629927","6","26073934"
"KN296884v1","1128911","1128990","chr9","82561941","82562022","16","81433030"
"KN296884v1","1139226","1139530","chr7","100271249","100271559","42","99132023"
"KN296884v1","1469801","1470070","chr15","78888348","78888621","35","77418547"
"KN296884v1","1521653","1521758","chr16","63309997","63310100","10","61788344"
"KN296884v1","1675205","1675273","chr8","2609097","2609167","15","933892"
"KN296885v1","3014490","3014801","chr23","6410914","6411223","17","3396424"
"KN296885v1","874533","874843","chr2","80041154","80041464","43","79166621"
"KN296885v1","935070","935196","chr17","36204673","36204799","20","35269603"
"KN296885v1","1344606","1344913","chr23","8054777","8055083","21","6710171"
"KN296885v1","1349256","1349370","chr20","69611223","69611337","19","68261967"
"KN296885v1","1349888","1350145","chr3","230855","231116","52","1119033"
"KN296885v1","2151401","2151712","chr11","29037777","29038080","50","26886376"
"KN296885v1","2222788","2223090","chr6","10969061","10969363","33","8746273"
"KN296885v1","2225167","2225465","chr23","7193755","7194053","12","4968588"
"KN296885v1","2523813","2524120","chr23","6905468","6905780","18","4381655"
"KN296886v1","93034","93346","chr13","26100113","26100419","16","26007079"
"KN296891v1","48310","48608","chr17","60238337","60238633","40","60190027"
"KN296900v1","13004","13309","chr18","44613273","44613575","36","44600269"
"KN296900v1","50071","50177","chr18","34429293","34429397","18","34379222"
"KN296900v1","98106","98291","chr28","14374070","14374256","29","14275964"
"KN296900v1","175321","175446","chr25","23512367","23512502","26","23337046"
"KN296900v1","191131","191432","chr14","43386888","43387181","22","43195757"
"KN296900v1","266234","266420","chr19","7192289","7192466","34","6926055"
"KN296900v1","266430","266630","chrX","18599460","18599668","30","18333030"
"KN296900v1","554048","554327","chr14","43754518","43754783","26","43200470"
"KN296905v1","9774","10087","chrX","43812074","43812380","40","43802300"
"KN296907v1","147634","147795","chr16","59100684","59100846","30","58953050"
"KN296907v1","562659","562768","chr8","124444259","124444362","9","123881600"
"KN296907v1","656833","657125","chr9","111966935","111967229","41","111310102"
"KN296907v1","742787","743076","chr8","124625924","124626214","14","123883137"
"KN296907v1","850154","850437","chr7","24200742","24201030","40","23350588"
"KN296907v1","856518","856599","chr28","2919408","2919489","18","2062890"
"KN296907v1","970763","971065","chr8","124843896","124844196","23","123873133"
"KN296907v1","1074257","1074568","chr8","37977619","37977929","56","36903362"
"KN296907v1","1107058","1107330","chr8","124979522","124979798","16","123872464"
"KN296908v1","69199","69497","chr1","65106207","65106504","46","65037008"
"KN296913v1","54743","55032","chr10","99467199","99467493","22","99412456"
"KN296913v1","176474","176770","chr10","99605918","99606214","17","99429444"
"KN296913v1","177424","177713","chr10","99606850","99607138","19","99429426"
"KN296913v1","432155","432290","chr2","43414929","43415064","22","42982774"
"KN296913v1","571247","571361","chr12","67988222","67988330","22","67416975"
"KN296913v1","662419","662712","chr10","100087414","100087711","22","99424995"
"KN296913v1","881286","881443","chrX","104947191","104947350","25","104065905"
"KN296913v1","1016309","1016618","chr7","26305402","26305706","44","25289093"
"KN296913v1","1221209","1221306","chr1","4000001","4000097","16","2778792"
"KN296913v1","1221606","1221799","chr28","13814772","13814964","36","12593166"
"KN296913v1","1227391","1227685","chr10","100654763","100655057","10","99427372"
"KN296913v1","1239578","1239779","chr2","20144961","20145151","46","18905383"
"KN296913v1","1482649","1482919","chr10","100916485","100916744","31","99433836"
"KN296913v1","1503414","1503546","chr10","100939290","100939420","8","99435876"
"KN296913v1","1791543","1791641","chr12","70774063","70774157","17","68982520"
"KN296915v1","273582","273876","chr23","16086076","16086369","12","15812494"
"KN296915v1","313678","313860","chrX","92168581","92168768","29","91854903"
"KN296916v1","270543","270823","chr2","10270776","10271050","34","10000233"
"KN296916v1","271245","271310","chr5","8700285","8700352","7","8429040"
"KN296916v1","283684","283975","chr8","31540690","31540990","26","31257006"
"KN296916v1","296024","296328","chr8","31552507","31552801","28","31256483"
"KN296916v1","326904","327130","chr8","31577327","31577563","14","31250423"
"KN296916v1","370605","370903","chr8","31624162","31624466","20","31253557"
"KN296916v1","399190","399330","chr8","31652622","31652762","0","31253432"
"KN296916v1","423317","423594","chr16","18947753","18948034","36","18524436"
"KN296916v1","443391","443495","chr14","13111068","13111180","21","12667677"
"KN296916v1","463819","463942","chr8","31706899","31707025","9","31243080"
"KN296916v1","678169","678468","chr20","12411326","12411632","40","11733157"
"KN296916v1","822670","822788","chr3","12970708","12970821","24","12148038"
"KN296916v1","847904","848202","chr8","32084513","32084819","37","31236609"
"KN296918v1","56","195","chr1","15744598","15744733","17","15744542"
"KN296920v1","63319","63649","chr16","41707485","41707813","22","41644166"
"KN296920v1","193459","193596","chr16","41576138","41576273","16","41382679"
"KN296920v1","498434","498597","chr1","65026830","65026993","32","64528396"
"KN296920v1","664121","664247","chr16","41104079","41104197","15","40439958"
"KN296920v1","744819","744921","chrX","29154987","29155088","13","28410168"
"KN296920v1","954519","954636","chr23","2620222","2620338","15","1665703"
"KN296920v1","960391","960606","chr16","12537195","12537404","56","11576804"
"KN296920v1","1064598","1064743","chr14","87772186","87772332","22","86707588"
"KN296921v1","337951","338065","chrX","3243434","3243542","19","2905483"
"KN296921v1","441866","441981","chr16","6501900","6502015","20","6060034"
"KN296921v1","486728","486875","chr17","31371497","31371639","23","30884769"
"KN296921v1","489293","489589","chr15","61974796","61975095","29","61485503"
"KN296921v1","503199","503394","chr20","122226432","122226619","35","121723233"
"KN296921v1","507937","508228","chr24","69808297","69808594","40","69300360"
"KN296921v1","531876","532019","chr17","1778766","1778898","15","1246890"
"KN296921v1","541137","541290","chr5","14109803","14109966","38","13568666"
"KN296921v1","614519","614818","chr17","1704868","1705167","9","1090349"
"KN296921v1","628256","628558","chrX","120343813","120344115","39","119715557"
"KN296921v1","658330","658497","chr24","11295357","11295530","32","10637027"
"KN296921v1","678409","678717","chr25","27645459","27645765","41","26967050"
"KN296921v1","732319","732433","chr18","44851168","44851279","19","44118849"
"KN296921v1","737028","737202","chr14","70326149","70326316","29","69589121"
"KN296921v1","743599","743679","chr17","1584538","1584623","9","840939"
"KN296921v1","774498","774661","chrX","107098131","107098285","31","106323633"
"KN296921v1","791106","791401","chr17","1536657","1536954","11","745551"
"KN296921v1","838000","838309","chrX","114986563","114986873","31","114148563"
"KN296921v1","1509031","1509128","chr10","72911490","72911595","19","71402459"
"KN296921v1","2650590","2650849","chr1","63652106","63652368","40","61001516"
"KN296921v1","2757647","2757952","chr11","8684527","8684834","40","5926880"
"KN296921v1","2789497","2789678","chr7","57440733","57440908","43","54651236"
"KN296921v1","2871769","2872075","chr13","471244","471535","28","2400525"
"KN296921v1","2943847","2943964","chr13","536631","536752","10","2407216"
"KN296922v1","2843","3125","chr20","129996643","129996926","20","129993800"
"KN296922v1","5159","5318","chr6","7839767","7839914","41","7834608"
"KN296922v1","40619","40895","chr20","129996643","129996926","27","129956024"
"KN296922v1","153546","153703","chr6","2935048","2935204","23","2781502"
"KN296922v1","302034","302186","chr13","21963737","21963894","37","21661703"
"KN296922v1","303064","303332","chr15","30867205","30867477","41","30564141"
"KN296922v1","317983","318292","chr9","26472570","26472870","41","26154587"
"KN296922v1","341556","341740","chr11","32974627","32974802","37","32633071"
"KN296922v1","508643","508835","chr4","36251770","36251955","34","35743127"
"KN296922v1","509882","510125","chr6","19751207","19751449","8","19241325"
"KN296922v1","634662","634904","chr6","19677357","19677599","7","19042695"
"KN296922v1","696205","696275","chr10","100555495","100555565","22","99859290"
"KN296922v1","712222","712528","chr5","60931192","60931491","46","60218970"
"KN296922v1","715144","715231","chr2","85445888","85445973","12","84730744"
"KN296922v1","725178","725294","chr27","13363141","13363258","20","12637963"
"KN296922v1","725608","725789","chr19","33115164","33115349","45","32389556"
"KN296922v1","755753","755856","chr17","46279517","46279618","17","45523764"
"KN296922v1","798531","798826","chr6","19504836","19505124","21","18706305"
"KN296922v1","822848","823154","chr16","57053419","57053722","43","56230571"
"KN296925v1","41840","42154","chr28","15598279","15598582","42","15556439"
"KN296925v1","260783","261084","chrX","120343813","120344115","46","120083030"
"KN296925v1","282202","282379","chr24","11295357","11295530","17","11013155"
"KN296925v1","329215","329380","chr10","122138385","122138550","18","121809170"
"KN296925v1","343041","343349","chr24","69808297","69808594","33","69465256"
"KN296925v1","355733","355855","chr24","11366785","11366910","7","11011052"
"KN296926v1","54955","55245","chr16","26687038","26687338","19","26632083"
"KN296926v1","326997","327245","chr8","27709822","27710077","41","27382825"
"KN296926v1","546962","547241","chr16","26199044","26199332","24","25652082"
"KN296926v1","668498","668800","chr20_KE148049v1_random","561186","561490","37","107312"
"KN296926v1","768201","768318","chr16","25984166","25984283","3","25215965"
"KN296926v1","796503","796648","chr16","25957915","25958060","5","25161412"
"KN296926v1","802595","802879","chr1","4769635","4769923","40","3967040"
"KN296926v1","831856","832153","chr16","25922547","25922840","29","25090691"
"KN296926v1","1007012","1007292","chr16","25752856","25753135","30","24745844"
"KN296926v1","1078558","1078856","chr16","25682290","25682582","25","24603732"
"KN296926v1","1187831","1187954","chr5","13885924","13886053","33","12698093"
"KN296926v1","1203031","1203206","chr2","84460702","84460880","32","83257671"
"KN296934v1","264523","264692","chr11","44985103","44985269","26","44720580"
"KN296934v1","287891","287931","chr5","74039482","74039520","12","73751591"
"KN296934v1","509390","509467","chr16","21962406","21962483","2","21453016"
"KN296934v1","525897","526175","chrX","97514663","97514952","49","96988766"
"KN296934v1","543782","543916","chr16","21996812","21996946","12","21453030"
"KN296934v1","599170","599298","chr5","22920838","22920968","23","22321668"
"KN296934v1","632891","633173","chr16","22099872","22100162","23","21466981"
"KN296934v1","909240","909342","chr16","22362328","22362430","3","21453088"
"KN296934v1","914464","914548","chr23","61996892","61996979","11","61082428"
"KN296934v1","945111","945253","chr16","22407724","22407866","3","21462613"
"KN296934v1","1016134","1016215","chr5","13489837","13489925","19","12473703"
"KN296934v1","1046201","1046494","chr16","22503655","22503943","21","21457454"
"KN296936v1","56826","57112","chr1","47624434","47624731","20","47567608"
"KN296936v1","122222","122500","chrX","30291169","30291446","15","30168947"
"KN296938v1","84947","85056","chr1","106072797","106072902","13","105987850"
"KN296938v1","141109","141400","chr1","106008586","106008892","26","105867477"
"KN296938v1","254775","254940","chr3","52082928","52083094","38","51828153"
"KN296938v1","768802","769106","chr1","105369545","105369848","18","104600743"
"KN296938v1","873563","873701","chr1","105263026","105263154","10","104389463"
"KN296938v1","913791","914100","chr1","105221915","105222223","20","104308124"
"KN296940v1","38118","38228","chrX","77849490","77849611","16","77811372"
"KN296940v1","61380","61677","chr17","11240933","11241223","49","11179553"
"KN296948v1","166143","166242","chrX","46275521","46275619","20","46109378"
"KN296948v1","223271","223561","chr5","22901496","22901790","34","22678225"
"KN296948v1","447663","447849","chr11","108651238","108651415","30","108203575"
"KN296948v1","970614","970901","chr17","60238337","60238633","48","59267723"
"KN296948v1","1007923","1008047","chr14","74788914","74789040","9","73780991"
"KN296948v1","1068673","1068969","chr9","92383401","92383697","32","91314728"
"KN296948v1","1106649","1106818","chr12","60617467","60617647","39","59510818"
"KN296948v1","1109677","1109819","chr8","114759064","114759219","33","113649387"
"KN296948v1","1124005","1124189","chr24","11354753","11354933","36","10230748"
"KN296948v1","1156646","1156932","chr14","74938933","74939222","19","73782287"
"KN296948v1","1169922","1170022","chr14","74952571","74952666","9","73782649"
"KN296948v1","1195291","1195436","chr13","44775865","44776008","24","43580574"
"KN296948v1","1384225","1384506","chr14","75167688","75167969","7","73783463"
"KN296948v1","1408046","1408238","chr8","81480742","81480931","36","80072696"
"KN296948v1","1417767","1418066","chr14","75193338","75193633","33","73775571"
"KN296948v1","1429544","1429779","chr14","75205613","75205848","14","73776069"
"KN296948v1","1438824","1439102","chr2","10270776","10271050","31","8831952"
"KN296948v1","1445755","1446042","chr14","75211642","75211941","21","73765887"
"KN296949v1","278134","278245","chr7","82852683","82852792","27","82574549"
"KN296952v1","16331","16660","chr17","70798183","70798497","45","70781852"
"KN296955v1","77324","77503","chr17","68350038","68350213","30","68272714"
"KN296955v1","82159","82333","chr21","67869598","67869767","27","67787439"
"KN296955v1","108624","108755","chr6","36952173","36952303","7","36843549"
"KN296955v1","109434","109528","chr1","77343531","77343628","13","77234097"
"KN296955v1","139979","140087","chr25","48207350","48207460","14","48067371"
"KN296955v1","193363","193494","chr2","8081922","8082053","17","7888559"
"KN296955v1","207264","207359","chr1","75518579","75518676","12","75311315"
"KN296955v1","210922","211056","chr5","39327251","39327380","25","39116329"
"KN296955v1","256419","256714","chr11","111577480","111577774","34","111321061"
"KN296955v1","257700","257998","chr13","61726000","61726297","36","61468300"
"KN296955v1","320307","320602","chr6","37152202","37152506","18","36831895"
"KN296955v1","452170","452256","chr10","58779500","58779586","12","58327330"
"KN296955v1","796910","797218","chr6","37589076","37589388","16","36792166"
"KN296955v1","811981","812313","chr6","37603978","37604279","43","36791997"
"KN296955v1","917714","918007","chr26","48974742","48975033","38","48057028"
"KN296955v1","965280","965584","chr6","37755580","37755889","19","36790300"
"KN296955v1","988926","989237","chr6","37779394","37779703","31","36790468"
"KN296955v1","989381","989673","chr16","46233913","46234203","34","45244532"
"KN296958v1","227104","227368","chr12","67090141","67090435","43","66863037"
"KN296959v1","106447","106712","chr25","17206626","17206858","39","17100179"
"KN296959v1","118926","119214","chr25","17217801","17218102","31","17098875"
"KN296959v1","181994","182121","chr1","85507569","85507701","19","85325575"
"KN296959v1","355289","355599","chr1","11942768","11943076","39","11587479"
"KN296959v1","375207","375537","chrX","89684203","89684517","60","89308996"
"KN296959v1","653219","653393","chr20","129565248","129565429","33","128912029"
"KN296959v1","736307","736452","chr14","1901616","1901758","16","1165309"
"KN296959v1","745410","745714","chr25","17827474","17827771","21","17082064"
"KN296959v1","797926","798235","chr11","8684527","8684834","37","7886601"
"KN296959v1","856585","856763","chr23","46446460","46446648","40","45589875"
"KN296959v1","857149","857314","chr10","113647543","113647707","29","112790394"
"KN296959v1","984556","984839","chr25","18061225","18061508","16","17076669"
"KN296959v1","1008747","1009051","chr25","18084754","18085059","17","17076007"
"KN296959v1","1024357","1024643","chr25","18096118","18096408","17","17071761"
"KN296959v1","1051887","1052178","chr11","32307311","32307602","33","31255424"
"KN296959v1","1144651","1144944","chr25","18207748","18208049","19","17063097"
"KN296959v1","1223558","1223611","chr4","21102019","21102073","14","19878461"
"KN296959v1","1292926","1293238","chr28","12935313","12935623","33","11642387"
"KN296960v1","305246","305363","chr15","33461793","33461910","18","33156547"
"KN296960v1","632929","633230","chr25","70735790","70736092","47","70102861"
"KN296960v1","757279","757383","chr12","94522934","94523033","22","93765655"
"KN296960v1","1531053","1531169","chr27","15625081","15625197","5","14094028"
"KN296960v1","1610001","1610281","chr27","15554718","15555016","34","13944717"
"KN296960v1","1881364","1881661","chr11","6756695","6756991","40","4875331"
"KN296960v1","1999928","2000000","chr1","30942965","30943042","11","28943037"
"KN296960v1","2012614","2012889","chr27","15175350","15175639","26","13162736"
"KN296964v1","164842","165135","chr7","98463448","98463740","18","98298606"
"KN296964v1","373683","373978","chr7","98253715","98254014","21","97880032"
"KN296964v1","925900","926196","chr7","97708677","97708972","18","96782777"
"KN296964v1","933168","933281","chr8","69330858","69330977","14","68397690"
"KN296964v1","933602","933907","chr7","97700632","97700910","37","96767030"
"KN296964v1","1046649","1046801","chr8","121203379","121203534","22","120156730"
"KN296964v1","1058935","1059105","chr10","19929334","19929499","29","18870399"
"KN296964v1","1096849","1097144","chr7","97546360","97546648","24","96449511"
"KN296964v1","1180505","1180791","chr6","3324067","3324354","36","2143562"
"KN296964v1","1352792","1352927","chr1","117374889","117375021","15","116022097"
"KN296964v1","1859433","1859572","chr7","96660123","96660262","10","94800690"
"KN296964v1","1861572","1861715","chr7","96657992","96658130","12","94796420"
"KN296966v1","56317","56579","chr16","15512960","15513223","35","15456643"
"KN296969v1","84856","85136","chr12","50946307","50946579","52","50861451"
"KN296969v1","110499","110591","chr21","2281264","2281356","1","2170765"
"KN296969v1","136425","136689","chr11","103068202","103068475","41","102931777"
"KN296969v1","146597","146890","chr8","117985778","117986075","38","117839181"
"KN296969v1","193266","193476","chr21","2206862","2207083","21","2013596"
"KN296969v1","215595","215899","chr21","2180377","2180682","22","1964782"
"KN296969v1","271249","271527","chr22","86367512","86367778","58","86096263"
"KN296970v1","69110","69168","chr5","22923786","22923845","13","22854676"
"KN296970v1","94252","94375","chr17","27274700","27274820","5","27180448"
"KN296970v1","152157","152267","chr17","27215854","27215967","10","27063697"
"KN296970v1","327074","327160","chrX","40713032","40713119","8","40385958"
"KN296970v1","390659","390914","chr17","26992777","26993029","29","26602118"
"KN296970v1","631902","632065","chr17","26750748","26750912","5","26118846"
"KN296970v1","827138","827419","chr17","26556743","26557015","25","25729605"
"KN296970v1","1044398","1044549","chr17","26346329","26346483","7","25301931"
"KN296970v1","1103300","1103411","chr3","51835292","51835396","22","50731992"
"KN296974v1","37320","37448","chr11","77715104","77715231","3","77677784"
"KN296974v1","156097","156229","chr11","77821157","77821289","9","77665060"
"KN296975v1","41675","41806","chr12","17133488","17133619","5","17091813"
"KN296977v1","8758","9072","chrX","66781526","66781839","20","66772768"
"KN296977v1","32887","33197","chr6","27788548","27788847","39","27755661"
"KN296977v1","50229","50528","chr23","71634591","71634890","34","71584362"
"KN296980v1","429284","429437","chr11","15478591","15478732","25","15049307"
"KN296980v1","1040564","1040695","chr23","61550768","61550899","5","60510204"
"KN296982v1","96148","96457","chr26","27769756","27770066","19","27673608"
"KN296982v1","103601","103910","chr26","27776814","27777119","18","27673213"
"KN296982v1","335765","336060","chr26","27987700","27987994","16","27651935"
"KN296982v1","364066","364186","chr10","116050819","116050938","16","115686753"
"KN296982v1","365412","365583","chr1","15530206","15530378","28","15164794"
"KN296982v1","387170","387472","chr1","65106207","65106504","45","64719037"
"KN296982v1","409986","410287","chr26","28060910","28061211","14","27650924"
"KN296982v1","445653","445968","chr20","20996581","20996894","40","20550928"
"KN296982v1","519359","519657","chr14","45154966","45155261","34","44635607"
"KN296982v1","763829","764007","chr19","7192289","7192466","28","6428460"
"KN296982v1","897506","897614","chr20","70117821","70117930","18","69220315"
"KN296982v1","897925","897938","chr26","18784698","18784708","5","17886773"
"KN296982v1","898188","898495","chr20","48298788","48299099","40","47400600"
"KN296983v1","144555","144857","chr1","108114425","108114728","45","107969870"
"KN296983v1","164798","164881","chr10","58779500","58779586","15","58614702"
"KN296984v1","763780","763896","chr15","16311393","16311504","21","15547613"
"KN296984v1","853809","853997","chr12","53066244","53066408","52","52212435"
"KN296990v1","55616","55906","chr15","88791777","88792060","40","88736161"
"KN296991v1","314031","314321","chr4","65208628","65208919","41","64894597"
"KN296991v1","467541","467630","chr12","80073075","80073164","15","79605534"
"KN296991v1","512380","512696","chrX","43812074","43812380","49","43299694"
"KN296991v1","726658","726790","chr6","6148404","6148531","25","5421746"
"KN296991v1","741281","741574","chr6","45849032","45849319","41","45107751"
"KN296991v1","762369","762537","chr1","80523957","80524122","31","79761588"
"KN296991v1","1120071","1120366","chr1","65106207","65106504","32","63986136"
"KN296991v1","1271103","1271230","chr29","3914424","3914550","3","2643321"
"KN296991v1","1296586","1296829","chr5","53395354","53395602","52","52098768"
"KN296992v1","7483","7779","chr14","75415431","75415732","10","75407948"
"KN296992v1","130542","130834","chr14","75535978","75536270","12","75405436"
"KN296992v1","522424","522723","chr14","75960993","75961299","21","75438569"
"KN296995v1","121422","121732","chrX","118801401","118801711","16","118679979"
"KN296996v1","32321","32420","chr10","51388491","51388591","17","51356170"
"KN296996v1","203952","204108","chrX","108711335","108711486","31","108507383"
"KN296996v1","285955","286236","chr20","69407919","69408204","42","69121964"
"KN296998v1","117794","117871","chr8","45729114","45729192","6","45611320"
"KN297000v1","622616","622912","chr16","74605652","74605958","54","73983036"
"KN297008v1","7892","8181","chr17","40216360","40216654","34","40208468"
"KN297008v1","84976","85086","chr10","40667549","40667662","21","40582573"
"KN297008v1","134455","134563","chr10","120341885","120341994","19","120207430"
"KN297008v1","212728","213026","chr19","12306722","12307027","46","12093994"
"KN297008v1","288701","288834","chr6","40251206","40251334","13","39962505"
"KN297008v1","289149","289316","chr4","80272605","80272773","31","79983456"
"KN297008v1","319464","319756","chr9","1025372","1025668","37","705908"
"KN297008v1","571889","572203","chr22","57615936","57616246","50","57044047"
"KN297008v1","625144","625444","chr12","614067","614368","18","11077"
"KN297008v1","666598","666769","chr5","737199","737370","20","70601"
"KN297008v1","696264","696433","chr14","70326149","70326316","27","69629885"
"KN297008v1","789256","789375","chr8","20017501","20017617","23","19228245"
"KN297008v1","881856","882026","chr21","107819096","107819263","27","106937240"
"KN297008v1","919860","920012","chr16","34921099","34921248","23","34001239"
"KN297008v1","942156","942258","chr12","917871","917978","9","24285"
"KN297008v1","944081","944377","chr12","919783","920077","20","24298"
"KN297008v1","973977","974276","chr12","949401","949702","19","24576"
"KN297008v1","1015707","1016004","chr14","44969288","44969585","43","43953581"
"KN297008v1","1081276","1081432","chr12","1058167","1058321","10","23109"
"KN297008v1","1081500","1081817","chr22","57615936","57616246","56","56534436"
"KN297008v1","1084155","1084268","chr5","73931361","73931476","27","72847206"
"KN297008v1","1113745","1113862","chr2","56098537","56098651","24","54984792"
"KN297008v1","1160371","1160665","chr2","47189465","47189768","55","46029094"
"KN297008v1","1354636","1354939","chr12","1323864","1324166","15","30772"
"KN297008v1","1428414","1428706","chr12","1397205","1397498","27","31209"
"KN297008v1","1524615","1524918","chr7","85908526","85908824","33","84383911"
"KN297008v1","1534535","1534699","chr10","122138385","122138550","24","120603850"
"KN297008v1","1595478","1595776","chr12","1556251","1556554","20","39227"
"KN297008v1","1685409","1685727","chr12","5255253","5255563","42","3569844"
"KN297008v1","1723510","1723664","chr26","52257962","52258101","32","50534452"
"KN297008v1","1798427","1798721","chr17","40135876","40136176","47","38337449"
"KN297008v1","1990909","1991200","chr12","1945317","1945608","9","45592"
"KN297008v1","2036980","2037064","chr9","26705464","26705542","14","24668484"
"KN297008v1","2062026","2062334","chr12","29496603","29496905","47","27434577"
"KN297008v1","2185519","2185723","chr6","14861387","14861589","32","12675868"
"KN297008v1","2328827","2328995","chr16","18138152","18138320","20","15809325"
"KN297008v1","2354440","2354588","chr23","4466105","4466255","28","2111665"
"KN297008v1","2438592","2438763","chr14","70897136","70897302","40","68458544"
"KN297008v1","2467129","2467427","chr12","2401159","2401456","25","65970"
"KN297008v1","2623187","2623297","chr12","64262119","64262229","14","61638932"
"KN297008v1","2742901","2742997","chr23","79396036","79396125","22","76653135"
"KN297008v1","2784715","2784888","chr10","19929334","19929499","25","17144619"
"KN297008v1","2888328","2888408","chr12","27119764","27119841","7","24231436"
"KN297008v1","3536489","3536566","chr20","80217039","80217115","10","76680550"
"KN297008v1","3703445","3703608","chr10","122138385","122138550","24","118434940"
"KN297008v1","3709675","3709827","chr10","8413175","8413328","25","4703500"
"KN297008v1","4019244","4019440","chr10","19939788","19939971","37","15920544"
"KN297008v1","4020808","4021132","chr6","20854373","20854695","51","16833565"
"KN297008v1","4045362","4045668","chr26","25879337","25879644","36","21833975"
"KN297008v1","4434854","4435156","chr12","4382375","4382671","16","52479"
"KN297008v1","4795052","4795335","chr12","4736720","4737022","33","58332"
"KN297008v1","4862345","4862636","chr16","64198225","64198517","36","59335880"
"KN297008v1","5046439","5046568","chr12","4972479","4972592","19","73960"
"KN297008v1","5059493","5059795","chr7","85908526","85908824","33","80849033"
"KN297008v1","5078987","5079286","chr9","51981018","51981314","33","46902031"
"KN297008v1","5110568","5110727","chr12","5033779","5033940","8","76789"
"KN297008v1","5119691","5119852","chr11","25827870","25828027","27","20708179"
"KN297008v1","5188222","5188407","chr10","19939788","19939971","35","14751566"
"KN297008v1","5200765","5200941","chr7","19821065","19821216","45","14620300"
"KN297008v1","5201242","5201347","chr1","106072797","106072902","16","100871555"
"KN297008v1","5227950","5228157","chr20","87023843","87024048","42","81795893"
"KN297008v1","5238684","5238882","chr12","5172962","5173139","32","65722"
"KN297008v1","5284783","5284963","chr14","46186614","46186787","30","40901831"
"KN297008v1","5328661","5328972","chr12","5255253","5255563","18","73408"
"KN297008v1","5376276","5376371","chr20","13447248","13447342","14","8070972"
"KN297008v1","5617118","5617406","chr16","8475491","8475790","38","2858373"
"KN297008v1","5623079","5623245","chr20_KE148049v1_random","24491","24663","30","5598588"
"KN297008v1","5770155","5770462","chr12","5675983","5676292","27","94172"
"KN297008v1","5818335","5818632","chr2","80041154","80041464","38","74222819"
"KN297008v1","5879159","5879459","chr12","5765374","5765673","14","113785"
"KN297008v1","5990894","5991060","chr12","53066244","53066408","25","47075350"
"KN297008v1","6025121","6025209","chr6","27733742","27733830","15","21708621"
"KN297008v1","6311764","6311844","chr10","79703999","79704076","15","73392235"
"KN297008v1","6364049","6364284","chr12","6258661","6258898","25","105388"
"KN297008v1","6395928","6396032","chr20","110711402","110711504","19","104315474"
"KN297008v1","6498367","6498542","chr5","737199","737370","28","5761168"
"KN297008v1","6501957","6502261","chr12","6389935","6390244","21","112022"
"KN297008v1","6709820","6709967","chr12","6597249","6597393","6","112571"
"KN297008v1","6712182","6712472","chr9","21358440","21358726","35","14646258"
"KN297008v1","6750959","6751211","chr16","65318403","65318658","38","58567444"
"KN297008v1","6869932","6870065","chr12","6753340","6753473","6","116592"
"KN297008v1","6870365","6870564","chr12","6753765","6753966","7","116600"
"KN297008v1","6902393","6902677","chr9","21358440","21358726","37","14456047"
"KN297015v1","20411","20716","chr2","56900525","56900834","40","56880114"
"KN297015v1","40101","40258","chrUn_AQIB01158668v1","2","156","20","40099"
"KN297016v1","118015","118167","chrX","108711335","108711486","25","108593320"
"KN297016v1","118194","118298","chr13","38694071","38694188","27","38575877"
"KN297017v1","21689","21944","chr18","55250486","55250728","52","55228797"
"KN297019v1","40087","40240","chr6","2935048","2935204","26","2894961"
"KN297019v1","113216","113522","chr10","38205839","38206146","19","38092623"
"KN297019v1","865079","865110","chr5","74176221","74176260","12","73311142"
"KN297019v1","865405","865665","chr20","21770796","21771063","39","20905391"
"KN297019v1","884207","884344","chr10","37409844","37409981","4","36525637"
"KN297019v1","1040132","1040435","chr10","37250222","37250523","8","36210090"
"KN297023v1","260626","260729","chr4","80559773","80559862","22","80299147"
"KN297023v1","559644","559769","chr16","35371988","35372115","16","34812344"
"KN297023v1","610482","610780","chr16","35322471","35322763","17","34711989"
"KN297023v1","761152","761453","chr16","35172849","35173150","11","34411697"
"KN297026v1","174998","175110","chr16","25984166","25984283","18","25809168"
"KN297026v1","207306","207490","chrX","92168581","92168768","26","91961275"
"KN297026v1","277742","277916","chr6","42756418","42756585","33","42478676"
"KN297026v1","716051","716194","chr9","77378636","77378766","40","76662585"
"KN297026v1","796764","797088","chr2","37066677","37066987","45","36269913"
"KN297026v1","1108895","1109028","chr25","15603092","15603226","6","14494197"
"KN297026v1","1325710","1326008","chr24","81288192","81288487","42","79962482"
"KN297026v1","1565465","1565771","chr8","20006505","20006805","17","18441040"
"KN297026v1","1886411","1886654","chr25","14836616","14836865","14","12950205"
"KN297028v1","44763","44866","chr28","12888460","12888566","11","12843697"
"KN297028v1","134483","134644","chr6","29472569","29472729","30","29338086"
"KN297028v1","279727","280037","chr15","77605202","77605512","13","77325475"
"KN297028v1","287312","287613","chrX","43812074","43812380","37","43524762"
"KN297028v1","290606","290918","chr8","40570060","40570369","34","40279454"
"KN297028v1","291145","291276","chr15","77616308","77616441","15","77325163"
"KN297028v1","511983","512052","chr24","76642567","76642643","13","76130584"
"KN297028v1","647950","648219","chr16","15512960","15513223","42","14865010"
"KN297028v1","919263","919396","chr15","78253406","78253541","15","77334143"
"KN297028v1","920444","920748","chr1","65106207","65106504","35","64185763"
"KN297028v1","988199","988338","chr15","78318898","78319038","5","77330699"
"KN297028v1","1298420","1298725","chr15","78620114","78620410","23","77321694"
"KN297028v1","1527894","1528199","chr10","37250222","37250523","33","35722328"
"KN297028v1","1600221","1600523","chr8","123545725","123546026","33","121945504"
"KN297032v1","52470","52642","chr9","106491473","106491651","29","106439003"
"KN297032v1","94987","95282","chr6","48162711","48163008","38","48067724"
"KN297032v1","147958","148264","chr16","25308655","25308966","22","25160697"
"KN297032v1","176509","176664","chr4","75069564","75069716","24","74893055"
"KN297032v1","181608","181740","chrX","14215957","14216090","12","14034349"
"KN297032v1","182034","182207","chr16","25342296","25342460","22","25160262"
"KN297032v1","213998","214106","chr16","25374662","25374771","2","25160664"
"KN297032v1","231891","232023","chr20","87285019","87285155","21","87053128"
"KN297032v1","236957","237129","chr16","25395950","25396126","13","25158993"
"KN297032v1","247180","247308","chrX","59096751","59096859","44","58849571"
"KN297032v1","247605","247779","chr21","67869598","67869767","32","67621993"
"KN297032v1","255227","255313","chr3","89451431","89451520","10","89196204"
"KN297032v1","269796","269933","chr19","27631820","27631950","40","27362024"
"KN297032v1","283912","284217","chr16","25439647","25439955","31","25155735"
"KN297032v1","296549","296835","chr16","25452017","25452315","23","25155468"
"KN297032v1","323136","323435","chr2","37771631","37771924","44","37448495"
"KN297032v1","343472","343593","chr1","34447012","34447135","18","34103540"
"KN297037v1","1126","1278","chr2","17083941","17084094","26","17082815"
"KN297038v1","88195","88388","chr21","45329482","45329674","37","45241287"
"KN297038v1","155995","156304","chr11","14038393","14038703","33","13882398"
"KN297038v1","182484","182619","chr14","59427074","59427214","27","59244590"
"KN297038v1","222816","222923","chr1","3646925","3647031","19","3424109"
"KN297038v1","358125","358419","chr4","31030949","31031241","41","30672824"
"KN297038v1","391189","391366","chr19","33115164","33115349","38","32723975"
"KN297038v1","391367","391423","chr14","95935714","95935772","22","95544347"
"KN297038v1","391429","391563","chr19","3811003","3811128","37","3419574"
"KN297038v1","391570","391624","chr14","95935714","95935772","19","95544144"
"KN297038v1","391631","391691","chr14","95935714","95935772","17","95544083"
"KN297038v1","391692","391752","chr14","95935714","95935772","15","95544022"
"KN297038v1","391753","391813","chr14","95935714","95935772","16","95543961"
"KN297038v1","391814","391874","chr14","95935714","95935772","16","95543900"
"KN297038v1","391875","391935","chr14","95935714","95935772","16","95543839"
"KN297038v1","391936","391996","chr14","95935714","95935772","16","95543778"
"KN297038v1","461202","461510","chr15","88489920","88490242","33","88028718"
"KN297038v1","492935","493228","chr15","88458761","88459056","20","87965826"
"KN297038v1","561775","561950","chr6","50144484","50144645","39","49582709"
"KN297038v1","596567","596708","chr15","88352114","88352253","12","87755547"
"KN297038v1","676814","677101","chr15","88279849","88280158","40","87603035"
"KN297038v1","864589","864896","chr15","88092412","88092716","23","87227823"
"KN297038v1","1076078","1076386","chr15","87884894","87885202","19","86808816"
"KN297038v1","1809898","1810140","chr8","31577327","31577563","43","29767429"
"KN297038v1","1904388","1904686","chr15","87083183","87083470","31","85178795"
"KN297038v1","1917991","1918168","chr20","104124772","104124963","40","102206781"
"KN297038v1","2108002","2108302","chr24","69808297","69808594","38","67700295"
"KN297038v1","2393996","2394273","chr15","86604638","86604921","14","84210642"
"KN297038v1","2625355","2625646","chr15","86378652","86378943","12","83753297"
"KN297038v1","2730100","2730239","chr15","86273738","86273861","23","83543638"
"KN297039v1","326516","326811","chr21","115266573","115266871","14","114940057"
"KN297039v1","504006","504185","chr23","46446460","46446648","35","45942454"
"KN297039v1","521479","521596","chrX","15193001","15193109","20","14671522"
"KN297039v1","545087","545204","chr1","94389727","94389842","18","93844640"
"KN297039v1","683621","683791","chr4","63793855","63794017","34","63110234"
"KN297039v1","822910","823210","chr1","4778731","4779031","49","3955821"
"KN297039v1","1000537","1000799","chr5","1565684","1565937","51","565147"
"KN297039v1","1425954","1426053","chr21","114211965","114212064","4","112786011"
"KN297040v1","17447","17574","chr9","578224","578344","17","560777"
"KN297041v1","25803","25889","chr9","101296093","101296180","18","101270290"
"KN297044v1","74111","74406","chr20","115586165","115586460","11","115512054"
"KN297044v1","180884","181168","chr21","113905223","113905505","45","113724339"
"KN297044v1","347836","347995","chr6","2935048","2935204","23","2587212"
"KN297044v1","353619","353924","chr20","115299285","115299589","13","114945666"
"KN297044v1","387709","387793","chr22","70814500","70814588","14","70426791"
"KN297044v1","411409","411498","chr16","64567032","64567123","13","64155623"
"KN297044v1","478890","478997","chr5","3062123","3062231","17","2583233"
"KN297044v1","478998","479298","chr20","115299285","115299589","36","114820287"
"KN297044v1","508138","508416","chr20","115144006","115144284","16","114635868"
"KN297044v1","525137","525259","chr18","19914689","19914801","26","19389552"
"KN297044v1","549770","550046","chr20","115103757","115104033","12","114553987"
"KN297044v1","551077","551382","chr20","115102736","115103039","15","114551659"
"KN297044v1","552509","552619","chr20","115101500","115101610","7","114548991"
"KN297044v1","557839","557999","chr14","1181634","1181795","28","623795"
"KN297044v1","563842","564005","chr4","63793855","63794017","38","63230013"
"KN297044v1","566696","567022","chr12","64111908","64112226","57","63545212"
"KN297044v1","579749","580053","chr11","8684527","8684834","44","8104778"
"KN297044v1","999736","1000000","chr22","4417623","4417879","41","3417887"
"KN297046v1","486758","486849","chr9","59927446","59927541","7","59440688"
"KN297046v1","720392","720685","chr9","59700500","59700785","20","58980108"
"KN297046v1","796865","797026","chr21","107819096","107819263","24","107022231"
"KN297046v1","971802","972103","chr9","59452030","59452338","22","58480228"
"KN297046v1","1000281","1000362","chr9","59422978","59423062","7","58422697"
"KN297046v1","1009606","1009759","chr20","100688602","100688768","36","99678996"
"KN297046v1","1026691","1026847","chr29","9500377","9500526","30","8473686"
"KN297046v1","1029416","1029536","chr9","59394948","59395067","5","58365532"
"KN297046v1","1165391","1165495","chr9","59267291","59267395","10","58101900"
"KN297046v1","1168601","1168787","chr10","117385991","117386167","46","116217390"
"KN297046v1","1270889","1271181","chr9","59169918","59170211","18","57899029"
"KN297046v1","1357871","1358042","chr27","33925863","33926033","25","32567992"
"KN297046v1","1365876","1365964","chr9","59082277","59082362","7","57716401"
"KN297046v1","1402559","1402707","chr20","115272624","115272788","29","113870065"
"KN297046v1","1402737","1402844","chr9","59046412","59046516","9","57643675"
"KN297046v1","1454469","1454772","chr9","58996152","58996449","19","57541683"
"KN297046v1","1490191","1490495","chr14","37712314","37712621","40","36222123"
"KN297046v1","1674099","1674211","chr9","29603421","29603533","14","27929322"
"KN297046v1","1698567","1698735","chr2","81247077","81247245","31","79548510"
"KN297046v1","1730248","1730554","chr11","123708707","123709012","36","121978459"
"KN297046v1","1780867","1781138","chr15","78888348","78888621","50","77107481"
"KN297046v1","1838801","1839102","chr9","58624543","58624868","37","56785742"
"KN297046v1","1923116","1923248","chr1","107864456","107864585","18","105941340"
"KN297046v1","1964552","1964667","chr22","34145997","34146108","21","32181445"
"KN297046v1","1997269","1997575","chr9","58469598","58469904","12","56472329"
"KN297046v1","2095937","2096260","chrX","22269787","22270106","38","20173850"
"KN297046v1","2262427","2262723","chr16","44886702","44886999","35","42624275"
"KN297046v1","2338551","2338842","chr21","100099667","100099959","35","97761116"
"KN297046v1","2338950","2339084","chr9","58147223","58147347","15","55808273"
"KN297046v1","2474896","2475048","chr9","58014990","58015155","18","55540094"
"KN297046v1","2492631","2492766","chr9","57996216","57996351","5","55503585"
"KN297046v1","2602747","2602901","chr11","47211300","47211455","23","44608553"
"KN297046v1","2630953","2631252","chr9","57873689","57873981","14","55242736"
"KN297046v1","2644741","2644915","chr5","737199","737370","28","1907542"
"KN297046v1","2754785","2754963","chr10","117385991","117386167","28","114631206"
"KN297046v1","2781029","2781194","chr13","76883005","76883173","26","74101976"
"KN297046v1","2798981","2799262","chr9","57712146","57712427","11","54913165"
"KN297046v1","2842485","2842648","chr1","117375330","117375494","30","114532845"
"KN297046v1","2850680","2850843","chr6","42756418","42756585","54","39905738"
"KN297046v1","2879903","2879961","chr24","73991686","73991747","19","71111783"
"KN297046v1","2880033","2880172","chr9","75514553","75514692","21","72634520"
"KN297046v1","3069658","3069945","chr6","6384874","6385167","52","3315216"
"KN297046v1","3231831","3232006","chr27","33925863","33926033","33","30694032"
"KN297046v1","3296131","3296433","chr9","57225378","57225670","20","53929247"
"KN297046v1","3315269","3315395","chr11","117791047","117791175","17","114475778"
"KN297046v1","3380716","3380887","chr19","7192289","7192466","31","3811573"
"KN297046v1","3420554","3420861","chr11","8684527","8684834","40","5263973"
"KN297046v1","3594149","3594469","chrX","22558882","22559190","54","18964733"
"KN297047v1","99570","99898","chr13","93044131","93044442","34","92944561"
"KN297047v1","178664","178981","chrX","43812074","43812380","50","43633410"
"KN297047v1","380982","381107","chr13","92743920","92744055","12","92362938"
"KN297047v1","511119","511216","chr8","81880018","81880110","18","81368899"
"KN297047v1","511707","511990","chr15","55218539","55218819","46","54706832"
"KN297047v1","582626","582740","chr16","17573488","17573597","22","16990862"
"KN297047v1","639764","639852","chr16","11309163","11309252","22","10669399"
"KN297047v1","915269","915353","chr1","24306620","24306704","14","23391351"
"KN297047v1","1409040","1409219","chrX","63534112","63534291","30","62125072"
"KN297047v1","1866033","1866339","chr13","91244109","91244421","21","89378076"
"KN297047v1","1950906","1951187","chr5","21608063","21608355","44","19657157"
"KN297047v1","1958598","1958712","chr18","21723464","21723572","21","19764866"
"KN297047v1","2501906","2502196","chr13","90577303","90577597","36","88075397"
"KN297047v1","2587999","2588166","chrX","61147970","61148143","38","58559971"
"KN297047v1","2852018","2852128","chr4","33400128","33400238","19","30548110"
"KN297047v1","2886207","2886499","chr17","40162788","40163087","33","37276581"
"KN297047v1","2910994","2911146","chr6","2935048","2935204","24","24054"
"KN297047v1","2925417","2925516","chr12","8858808","8858907","17","5933391"
"KN297047v1","3032333","3032448","chr1","33728410","33728517","20","30696077"
"KN297047v1","3256648","3256766","chr19","1059984","1060103","15","2196664"
"KN297047v1","3311027","3311332","chr16","65201359","65201667","39","61890332"
"KN297047v1","3490419","3490574","chr13","89529230","89529402","31","86038811"
"KN297047v1","3522529","3522631","chr13","89495930","89496030","8","85973401"
"KN297047v1","3557362","3557468","chr16","34798085","34798188","16","31240723"
"KN297047v1","3594317","3594584","chr13","89419406","89419673","12","85825089"
"KN297047v1","3663523","3663615","chr13","89350261","89350354","5","85686738"
"KN297047v1","3716854","3717162","chr13","89290319","89290627","14","85573465"
"KN297047v1","3821675","3821734","chr10","54977186","54977245","14","51155511"
"KN297047v1","3898406","3898505","chr1","55379193","55379297","16","51480787"
"KN297047v1","3906662","3906940","chr19","14427407","14427685","33","10520745"
"KN297047v1","4025639","4025931","chr12","28080477","28080769","33","24054838"
"KN297047v1","4071096","4071380","chr13","88919703","88919991","17","84848607"
"KN297047v1","4088225","4088413","chrX","92168581","92168768","27","88080356"
"KN297047v1","4088414","4088525","chr13","88902491","88902602","6","84814077"
"KN297047v1","4133831","4134124","chr13","88855843","88856134","33","84722012"
"KN297047v1","4139673","4139952","chr9","12354158","12354440","37","8214485"
"KN297047v1","4237313","4237532","chr10","119099228","119099443","24","114861915"
"KN297047v1","4298181","4298261","chr13","88683509","88683600","14","84385328"
"KN297047v1","4475103","4475409","chr13","88503980","88504293","21","84028877"
"KN297047v1","4502466","4502786","chr13","88476800","88477128","21","83974334"
"KN297047v1","4694731","4695039","chr13","88234942","88235206","61","83540211"
"KN297049v1","146436","146599","chr25","27497903","27498067","28","27351467"
"KN297049v1","163187","163484","chr29","1662156","1662453","7","1498969"
"KN297050v1","47911","48212","chr19","26992368","26992672","40","26944457"
"KN297050v1","107064","107156","chr8","129353932","129354018","18","129246868"
"KN297050v1","113176","113402","chr28","13811597","13811816","40","13698421"
"KN297050v1","199736","200032","chrX","41782355","41782650","7","41582619"
"KN297050v1","203448","203623","chr27","33925863","33926033","29","33722415"
"KN297050v1","204285","204296","chr1","80524170","80524180","4","80319885"
"KN297052v1","141225","141286","chr22","9646866","9646927","21","9505641"
"KN297058v1","67758","68060","chr20","42596188","42596476","30","42528430"
"KN297058v1","178079","178144","chr12","7728989","7729052","9","7550910"
"KN297058v1","265301","265432","chr20","42405210","42405341","5","42139909"
"KN297058v1","304455","304622","chr14","70326149","70326316","36","70021694"
"KN297064v1","34333","34553","chr3","22865340","22865553","42","22831007"
"KN297066v1","489730","489877","chr8","7279135","7279283","19","6789405"
"KN297068v1","195120","195218","chr4","70311569","70311664","20","70116449"
"KN297068v1","234465","234600","chr2","43414929","43415064","16","43180464"
"KN297068v1","267974","268269","chr21","103799077","103799372","33","103531103"
"KN297068v1","322876","322985","chr20","107947855","107947964","16","107624979"
"KN297068v1","352191","352473","chr11","24920158","24920440","15","24567967"
"KN297070v1","291","475","chr4","36251770","36251955","36","36251479"
"KN297070v1","185927","186018","chr10","45917702","45917786","12","45731775"
"KN297070v1","488239","488435","chr7","55642951","55643146","15","55154712"
"KN297070v1","521939","522050","chr15","16311393","16311504","18","15789454"
"KN297074v1","110329","110554","chr16","74851808","74852031","32","74741479"
"KN297077v1","130725","131032","chr5","73276958","73277265","30","73146233"
"KN297077v1","367864","368170","chr5","57897079","57897385","32","57529215"
"KN297078v1","952","1242","chr2","43160695","43160992","21","43159743"
"KN297078v1","34460","34637","chr25","15904393","15904561","30","15869933"
"KN297078v1","265967","266097","chr2","43414929","43415064","9","43148962"
"KN297078v1","616577","616743","chr4","63793855","63794017","27","63177278"
"KN297078v1","892153","892255","chr19","12388385","12388487","14","11496232"
"KN297078v1","907454","907728","chr9","12354158","12354440","39","11446704"
"KN297078v1","1155364","1155630","chr9","71014038","71014312","41","69858674"
"KN297078v1","1343984","1344290","chr2","44471992","44472299","14","43128008"
"KN297078v1","1527826","1527913","chr10","55206214","55206302","10","53678388"
"KN297083v1","442872","443008","chr6","43252286","43252412","30","42809414"
"KN297083v1","504965","505251","chr26","5946210","5946495","23","5441245"
"KN297083v1","646488","646787","chr26","6094641","6094942","20","5448153"
"KN297083v1","697125","697426","chr21","31446688","31446995","39","30749563"
"KN297083v1","759336","759635","chr26","6204960","6205263","17","5445624"
"KN297083v1","963054","963212","chr13","771511","771669","22","191543"
"KN297083v1","985768","985852","chr26","6426274","6426360","4","5440506"
"KN297084v1","24997","25226","chrX","88271454","88271687","16","88246457"
"KN297085v1","40973","41108","chr6_KE147963v1_random","16085","16220","14","24888"
"KN297086v1","67808","67862","chr7","134155168","134155219","12","134087360"
"KN297087v1","39697","39782","chr25","30838261","30838343","10","30798564"
"KN297087v1","78078","78211","chr7","108373876","108374012","29","108295798"
"KN297091v1","175132","175248","chr10","124597851","124597969","16","124422719"
"KN297094v1","174321","174630","chr19","8077926","8078236","29","7903605"
"KN297094v1","284723","284875","chr19","8180945","8181096","7","7896222"
"KN297094v1","316718","317023","chr19","8209562","8209861","28","7892844"
"KN297094v1","391860","391949","chr12","98685929","98686023","16","98294069"
"KN297095v1","20965","21069","chr23","73050124","73050229","4","73029159"
"KN297095v1","500001","500133","chr8","95832482","95832619","20","95332481"
"KN297095v1","532872","532996","chr1","17722498","17722620","18","17189626"
"KN297095v1","539658","539770","chr23","73547731","73547838","8","73008073"
"KN297095v1","583494","583783","chr23","73593744","73594033","9","73010250"
"KN297095v1","659576","659691","chr1","94389727","94389842","17","93730151"
"KN297095v1","714284","714426","chr2","43414929","43415064","21","42700645"
"KN297095v1","1197075","1197186","chr25","35168624","35168741","27","33971549"
"KN297095v1","1264467","1264763","chr2","81854212","81854512","37","80589745"
"KN297095v1","1268336","1268642","chr23","74274507","74274799","24","73006171"
"KN297095v1","1298291","1298593","chr8","40067381","40067682","36","38769090"
"KN297095v1","1345144","1345433","chr6","19504836","19505124","43","18159692"
"KN297095v1","1421927","1422194","chr3","60267987","60268258","40","58846060"
"KN297095v1","1451232","1451382","chr2","56020840","56020985","31","54569608"
"KN297095v1","1454203","1454337","chr6","39688455","39688584","21","38234252"
"KN297095v1","1509236","1509360","chr13","76593584","76593707","19","75084348"
"KN297095v1","1609842","1609945","chr7","29792573","29792674","17","28182731"
"KN297095v1","1919149","1919301","chr23","74914505","74914635","24","72995356"
"KN297095v1","1948743","1949046","chr23","74942964","74943265","28","72994221"
"KN297095v1","1957030","1957335","chr23","74949920","74950215","23","72992890"
"KN297095v1","2152691","2152999","chr23","75144026","75144333","15","72991335"
"KN297095v1","2185685","2185805","chr1","18731915","18732031","17","16546230"
"KN297095v1","2211882","2212028","chr5","26023768","26023910","18","23811886"
"KN297095v1","2220745","2221029","chr23","75212164","75212449","15","72991419"
"KN297095v1","2233498","2233805","chr23","75225539","75225841","17","72992041"
"KN297095v1","2722879","2723174","chr12","11331203","11331507","43","8608324"
"KN297095v1","2751865","2752176","chr23","75743385","75743696","11","72991520"
"KN297095v1","2812014","2812153","chr23","75802957","75803099","9","72990943"
"KN297095v1","3178926","3179014","chr2","85445888","85445973","12","82266962"
"KN297095v1","3213245","3213539","chr23","76190448","76190740","13","72977203"
"KN297095v1","3579768","3579949","chr16","23292904","23293077","33","19713136"
"KN297095v1","3605329","3605619","chr13","87681307","87681598","34","84075978"
"KN297095v1","3757120","3757300","chr15","33336831","33337009","28","29579711"
"KN297095v1","3785947","3786245","chr15","90985625","90985922","41","87199678"
"KN297095v1","3789268","3789576","chr11","8684527","8684834","39","4895259"
"KN297095v1","3815034","3815331","chr23","76779125","76779421","28","72964091"
"KN297095v1","3876028","3876337","chr23","76839341","76839650","9","72963313"
"KN297095v1","3924586","3924870","chr23","76887531","76887818","13","72962945"
"KN297095v1","3970756","3971057","chr23","76933588","76933904","28","72962832"
"KN297099v1","94275","94384","chrX","15193001","15193109","30","15098726"
"KN297099v1","255648","255783","chr14","93878548","93878684","15","93622900"
"KN297099v1","494318","494616","chr14","93643831","93644134","21","93149513"
"KN297105v1","31584","31886","chr25","65933254","65933549","22","65901670"
"KN297105v1","584737","584835","chr25","65393400","65393498","8","64808663"
"KN297105v1","648310","648412","chr25","65329320","65329423","9","64681010"
"KN297105v1","1437411","1437640","chr25","64560611","64560840","15","63123200"
"KN297105v1","1437987","1438037","chr25","64560255","64560305","2","63122268"
"KN297105v1","1669999","1670325","chr14","35969687","35969995","54","34299688"
"KN297105v1","1722319","1722600","chr25","64282562","64282850","20","62560243"
"KN297105v1","1879824","1880119","chr7","56614602","56614897","42","54734778"
"KN297105v1","2937511","2937578","chr8","137898530","137898596","17","134961019"
"KN297105v1","2971838","2972127","chr9","118585173","118585476","51","115613335"
"KN297105v1","2986658","2986734","chr13","92684221","92684299","17","89697563"
"KN297105v1","3118979","3119189","chr20","87023843","87024048","36","83904864"
"KN297105v1","3735364","3735531","chr8","50354456","50354611","29","46619092"
"KN297105v1","3764499","3764801","chrX","59517419","59517721","31","55752920"
"KN297106v1","5416","5556","chr11","50498097","50498237","23","50492681"
"KN297106v1","202620","202706","chr13","16621367","16621448","10","16418747"
"KN297106v1","534937","535034","chr13","16266846","16266943","2","15731909"
"KN297106v1","614030","614298","chr13","16191919","16192189","14","15577889"
"KN297108v1","40486","40588","chr17","46279517","46279618","17","46239031"
"KN297108v1","207670","207978","chrX","114986563","114986873","34","114778893"
"KN297108v1","284142","284330","chr10","118840688","118840875","24","118556546"
"KN297108v1","284333","284407","chr20","106182061","106182131","14","105897728"
"KN297108v1","284879","284985","chr27","19881572","19881674","17","19596693"
"KN297110v1","1627","1792","chr9","13379894","13380048","27","13378267"
"KN297112v1","453969","454248","chr18","64210103","64210389","22","63756134"
"KN297112v1","737877","738187","chr18","64471521","64471821","31","63733644"
"KN297112v1","1211505","1211669","chr3","52082928","52083094","32","50871423"
"KN297112v1","1571874","1572158","chr18","65311487","65311773","13","63739613"
"KN297112v1","1856778","1856967","chr8","81480742","81480931","34","79623964"
"KN297112v1","1965469","1965669","chr18","65701288","65701484","19","63735819"
"KN297112v1","2242935","2243217","chr18","65961838","65962120","10","63718903"
"KN297112v1","2253544","2253628","chr25","75492680","75492762","17","73239136"
"KN297112v1","2432021","2432322","chr1","65106207","65106504","42","62674186"
"KN297112v1","2709604","2709901","chr21","120625123","120625419","34","117915519"
"KN297112v1","2716509","2716637","chr18","66430154","66430282","14","63713645"
"KN297112v1","2778554","2778734","chr6","47227176","47227352","29","44448622"
"KN297112v1","3028821","3028914","chr14","81680282","81680374","16","78651461"
"KN297112v1","3419058","3419189","chr18","67115090","67115222","3","63696032"
"KN297112v1","3909287","3909399","chr25","35168624","35168741","32","31259337"
"KN297112v1","3955328","3955475","chr23","29726560","29726709","20","25771232"
"KN297112v1","4098326","4098439","chr18","67782940","67783059","10","63684614"
"KN297112v1","4299797","4299975","chr5","737199","737370","29","3562598"
"KN297112v1","4613777","4614074","chr23","81672950","81673245","37","77059173"
"KN297112v1","4758697","4758737","chr12","3445948","3445985","11","1312749"
"KN297112v1","4772532","4772690","chr8","121203379","121203534","21","116430847"
"KN297112v1","4806864","4806981","chr19","23308628","23308748","20","18501764"
"KN297112v1","4865041","4865139","chrX","46275521","46275619","12","41410480"
"KN297112v1","5000863","5001049","chr12","60617467","60617647","32","55616604"
"KN297112v1","5362442","5362723","chr9","12354158","12354440","40","6991716"
"KN297112v1","5562021","5562245","chrX","29957402","29957630","37","24395381"
"KN297112v1","5860785","5860933","chr8","121203379","121203534","28","115342594"
"KN297112v1","5966004","5966200","chr21","45329482","45329674","33","39363478"
"KN297112v1","5966209","5966331","chr18","69571229","69571352","9","63605020"
"KN297113v1","192107","192239","chr5","22920838","22920968","23","22728731"
"KN297114v1","23570","23679","chr1","33728410","33728517","19","33704840"
"KN297114v1","55258","55545","chr19","7827918","7828212","19","7772660"
"KN297117v1","160345","160422","chr20","77398402","77398478","16","77238057"
"KN297117v1","160424","160679","chr4","84663499","84663765","51","84503075"
"KN297117v1","361285","361392","chr23","41875553","41875656","18","41514268"
"KN297118v1","13743","13881","chr26","52257962","52258101","13","52244219"
"KN297118v1","31068","31245","chr15","33336831","33337009","28","33305763"
"KN297118v1","111471","111748","chr21","125095843","125096118","44","124984372"
"KN297118v1","131764","132067","chr5","516542","516843","34","384778"
"KN297118v1","482883","483180","chr26","51807245","51807535","21","51324362"
"KN297118v1","488518","488651","chr26","51802863","51802996","4","51314345"
"KN297118v1","504476","504595","chr26","51790962","51791081","7","51286486"
"KN297120v1","156059","156360","chr12","58563273","58563555","40","58407214"
"KN297121v1","132509","132637","chr1","77488455","77488578","20","77355946"
"KN297121v1","392213","392519","chr13","54280938","54281237","17","53888725"
"KN297121v1","623049","623354","chr13","54052909","54053216","9","53429860"
"KN297121v1","650079","650373","chr11","6474804","6475104","42","5824725"
"KN297121v1","823802","824107","chr13","53843273","53843572","21","53019471"
"KN297125v1","6306","6367","chr22","10880122","10880189","12","10873816"
"KN297125v1","88479","88593","chr13","38694071","38694188","14","38605592"
"KN297127v1","85886","85986","chr16","3476739","3476835","14","3390853"
"KN297130v1","78398","78505","chr20","110711402","110711504","16","110633004"
"KN297130v1","87689","87800","chr8","66607373","66607483","6","66519684"
"KN297132v1","147420","147702","chrX","86847257","86847539","16","86699837"
"KN297132v1","168860","168960","chr24","81418244","81418339","21","81249384"
"KN297133v1","24434","24606","chr16","26848","27023","11","2414"
"KN297133v1","24908","25027","chr16","27321","27436","12","2413"
"KN297133v1","76123","76420","chr15","61974796","61975095","21","61898673"
"KN297133v1","269350","269653","chr21","120822293","120822596","42","120552943"
"KN297133v1","282792","283029","chr16","269102","269363","39","13690"
"KN297133v1","303458","303625","chr13","771511","771669","33","468053"
"KN297133v1","359228","359543","chr16","342660","342966","21","16568"
"KN297133v1","476961","477088","chr2","7069148","7069271","25","6592187"
"KN297133v1","492057","492213","chr6","7839767","7839914","29","7347710"
"KN297133v1","546616","546787","chr19","25599493","25599672","35","25052877"
"KN297133v1","583320","583619","chr16","554624","554925","13","28696"
"KN297133v1","602173","602329","chr15","33336831","33337009","43","32734658"
"KN297133v1","619761","619930","chr5","737199","737370","26","117438"
"KN297133v1","641948","642238","chr1","55618806","55619095","37","54976858"
"KN297133v1","649753","650033","chr4","36915476","36915756","33","36265723"
"KN297133v1","664419","664556","chr6","39688455","39688584","24","39024036"
"KN297133v1","674467","674766","chr4","63877044","63877340","36","63202577"
"KN297133v1","825894","826154","chr6","7754042","7754291","54","6928148"
"KN297133v1","911249","911341","chr3","89451431","89451520","13","88540182"
"KN297133v1","932606","932721","chr8","20017501","20017617","17","19084895"
"KN297133v1","947301","947595","chr16","896710","897018","36","50591"
"KN297133v1","986470","986781","chr16","927769","928078","17","58701"
"KN297133v1","993267","993450","chr19","7192289","7192466","22","6199022"
"KN297133v1","994363","994670","chr11","8684527","8684834","43","7690164"
"KN297133v1","997355","997664","chr14","7904930","7905238","39","6907575"
"KN297133v1","1013250","1013551","chr16","74612443","74612741","42","73599193"
"KN297133v1","1016338","1016492","chr6","2935048","2935204","28","1918710"
"KN297133v1","1022013","1022147","chr28","16189476","16189601","30","15167463"
"KN297133v1","1028595","1028719","chrX","14215957","14216090","23","13187362"
"KN297133v1","1029025","1029203","chr11","2776931","2777102","30","1747906"
"KN297133v1","1037988","1038095","chr16","969624","969731","9","68364"
"KN297133v1","1057826","1057919","chrX","30774823","30774912","19","29716997"
"KN297133v1","1132571","1132858","chr9","21358440","21358726","46","20225869"
"KN297133v1","1149254","1149559","chr16","1072587","1072885","23","76667"
"KN297133v1","1162125","1162426","chr27","43024171","43024475","49","41862046"
"KN297133v1","1177480","1177663","chr20","96338788","96338956","44","95161308"
"KN297133v1","1183585","1183889","chr16","1105832","1106136","24","77753"
"KN297133v1","1233696","1233873","chr20","122226432","122226619","30","120992736"
"KN297133v1","1239016","1239320","chr19","26992368","26992672","33","25753352"
"KN297133v1","1291479","1291644","chr6","10189432","10189604","31","8897953"
"KN297133v1","1333066","1333367","chr12","7863874","7864174","41","6530808"
"KN297133v1","1358143","1358439","chr16","1264660","1264963","26","93483"
"KN297133v1","1367623","1367722","chrX","17052248","17052348","14","15684625"
"KN297133v1","1433875","1434184","chr11","14038393","14038703","35","12604518"
"KN297133v1","1438082","1438379","chr8","28173535","28173828","37","26735453"
"KN297133v1","1480073","1480221","chr24","11354944","11355093","28","9874871"
"KN297133v1","1508413","1508702","chr10","124197593","124197882","36","122689180"
"KN297133v1","1677933","1678260","chr16","25480218","25480540","51","23802285"
"KN297133v1","1697464","1697761","chr16","1586409","1586700","17","111055"
"KN297133v1","1703250","1703327","chr12","27119764","27119841","18","25416514"
"KN297134v1","4394","4512","chr5","14110266","14110384","5","14105872"
"KN297134v1","4809","4971","chr5","14109803","14109966","4","14104994"
"KN297134v1","13154","13461","chr1","65106207","65106504","43","65093053"
"KN297135v1","51662","51966","chrX","80711023","80711325","47","80659361"
"KN297135v1","171387","171589","chr23","22563678","22563870","39","22392291"
"KN297135v1","171728","171776","chr13","23404680","23404721","10","23232952"
"KN297137v1","38455","38599","chrX","128611374","128611508","18","128572919"
"KN297138v1","385788","385942","chr3","90477940","90478106","33","90092152"
"KN297138v1","398123","398411","chr3","79578292","79578594","60","79180169"
"KN297141v1","121785","122066","chr21","26210630","26210918","55","26088845"
"KN297141v1","148938","149243","chr19","32338479","32338783","12","32189541"
"KN297141v1","176525","176588","chr12","7728989","7729052","11","7552464"
"KN297141v1","185184","185479","chr19","32297731","32298026","13","32112547"
"KN297141v1","187983","188047","chr19","32295143","32295226","21","32107160"
"KN297141v1","563785","564060","chr20","89186023","89186306","38","88622238"
"KN297141v1","690996","691273","chr19","31789405","31789679","14","31098409"
"KN297141v1","854089","854104","chr6","9318674","9318689","4","8464585"
"KN297141v1","854454","854617","chr25","27497903","27498067","24","26643449"
"KN297141v1","947196","947321","chr19","31538949","31539074","5","30591753"
"KN297141v1","1040356","1040500","chr19","31449730","31449864","21","30409374"
"KN297141v1","1166339","1166520","chr19","7192289","7192466","37","6025950"
"KN297141v1","1185170","1185321","chr14","13811771","13811920","26","12626601"
"KN297141v1","1222363","1222672","chr19","31278740","31279053","16","30056377"
"KN297143v1","247426","247721","chr14","75415431","75415732","32","75168005"
"KN297144v1","543431","543716","chr12","101985257","101985539","13","101441826"
"KN297144v1","798448","798573","chr12","102241768","102241882","15","101443320"
"KN297144v1","846503","846597","chrX","109628023","109628117","13","108781520"
"KN297146v1","69662","69754","chr13","67554341","67554435","8","67484679"
"KN297146v1","97847","98003","chr13","771511","771669","39","673664"
"KN297146v1","137022","137311","chr16_KE148036v1_random","11116","11404","46","125906"
"KN297147v1","411837","412142","chr14","30258115","30258416","25","29846278"
"KN297148v1","38983","39163","chr21","63501950","63502130","15","63462967"
"KN297148v1","435228","435452","chr28","7255640","7255866","45","6820412"
"KN297148v1","788051","788349","chr21","62795601","62795900","17","62007550"
"KN297150v1","105401","105588","chr7","56217404","56217590","5","56112003"
"KN297153v1","16809","16988","chr10","118840688","118840875","26","118823879"
"KN297153v1","494692","494799","chr12","75166153","75166258","22","74671461"
"KN297153v1","504406","504699","chr23","53072510","53072803","13","52568104"
"KN297153v1","678262","678564","chr23","53246184","53246479","21","52567922"
"KN297153v1","754477","754764","chr17","49786649","49786933","39","49032172"
"KN297153v1","808307","808398","chr23","53378410","53378493","10","52570103"
"KN297153v1","832625","832788","chr6","2935048","2935204","29","2102423"
"KN297153v1","1100291","1100586","chr8","117985778","117986075","51","116885487"
"KN297153v1","1206311","1206600","chr23","53792141","53792433","18","52585830"
"KN297153v1","1210794","1211000","chr17","48074159","48074349","47","46863365"
"KN297153v1","1362468","1362770","chr23","53950514","53950811","31","52588046"
"KN297153v1","1432987","1433289","chr11","123717553","123717853","34","122284566"
"KN297154v1","168401","168525","chr9","57620344","57620466","19","57451943"
"KN297154v1","182895","182997","chr6","10206723","10206828","6","10023828"
"KN297154v1","198670","198847","chr6","10189432","10189604","11","9990762"
"KN297154v1","208724","208861","chr6","10179025","10179160","6","9970301"
"KN297154v1","364584","364762","chr6","10071778","10071949","20","9707194"
"KN297154v1","370256","370526","chr6","10065976","10066265","31","9695720"
"KN297154v1","379944","380131","chr27","48072431","48072616","37","47692487"
"KN297154v1","390250","390580","chr3","86901357","86901679","60","86511107"
"KN297154v1","404276","404455","chr22","32414322","32414499","34","32010046"
"KN297154v1","437471","437605","chr6","10005132","10005275","14","9567661"
"KN297154v1","517217","517355","chr1","110321884","110322022","17","109804667"
"KN297154v1","570957","571268","chr6","9881894","9882208","21","9310937"
"KN297154v1","653108","653397","chr6","9803109","9803401","19","9150001"
"KN297154v1","696113","696297","chr20","129565248","129565429","39","128869135"
"KN297154v1","746284","746593","chr2","75171030","75171331","35","74424746"
"KN297154v1","759813","760104","chr26","19045741","19046036","46","18285928"
"KN297154v1","778017","778297","chr22","17881110","17881397","57","17103093"
"KN297154v1","787778","787879","chr8","50663676","50663779","23","49875898"
"KN297154v1","806132","806401","chr20","101159231","101159497","48","100353099"
"KN297154v1","829156","829280","chr22","15388937","15389062","14","14559781"
"KN297154v1","831875","832012","chr8","4631638","4631768","28","3799763"
"KN297154v1","847583","847889","chr6","9616386","9616693","15","8768803"
"KN297154v1","849599","849907","chr6","9614333","9614641","14","8764734"
"KN297154v1","862883","863190","chr6","28079419","28079715","47","27216536"
"KN297154v1","867495","867683","chrX","14216408","14216597","35","13348913"
"KN297154v1","891177","891363","chrX","92168581","92168768","36","91277404"
"KN297154v1","943199","943381","chr10","118840688","118840875","32","117897489"
"KN297154v1","975105","975271","chr25","15904393","15904561","26","14929288"
"KN297154v1","987404","987599","chr6","42756418","42756585","59","41769014"
"KN297154v1","1033247","1033540","chr12","44286240","44286518","51","43252993"
"KN297154v1","1035968","1036239","chr20","101159231","101159497","36","100123263"
"KN297154v1","1069537","1069683","chr6","9430201","9430347","7","8360664"
"KN297154v1","1078196","1078271","chr14","37062015","37062094","14","35983819"
"KN297154v1","1099614","1099910","chr6","9407177","9407471","15","8307563"
"KN297154v1","1166275","1166577","chr10","35202908","35203214","55","34036633"
"KN297154v1","1200074","1200251","chr6","9318996","9319173","11","8118922"
"KN297154v1","1200558","1200573","chr6","9318674","9318689","0","8118116"
"KN297154v1","1203503","1203690","chrX","92168581","92168768","28","90965078"
"KN297154v1","1219726","1219824","chr6","1144352","1144440","18","75374"
"KN297154v1","1223129","1223293","chr17","48522634","48522804","28","47299505"
"KN297154v1","1227892","1228186","chr6","9299355","9299646","17","8071463"
"KN297154v1","1233968","1234062","chr1","15530641","15530730","16","14296673"
"KN297154v1","1264354","1264648","chr6","9271517","9271816","22","8007163"
"KN297154v1","1312826","1312986","chr2","17083941","17084094","37","15771115"
"KN297154v1","1336150","1336438","chr26","53914369","53914658","38","52578219"
"KN297154v1","1343734","1344045","chr12","17538996","17539305","62","16195262"
"KN297154v1","1345268","1345386","chr23","61918535","61918648","23","60573267"
"KN297154v1","1356515","1356692","chr5","737199","737370","29","619316"
"KN297154v1","1356988","1357000","chr1","80524170","80524180","3","79167182"
"KN297154v1","1373927","1374218","chr6","9172790","9173081","16","7798863"
"KN297154v1","1424235","1424425","chr28","14374070","14374256","36","12949835"
"KN297154v1","1489904","1490019","chr12","108372215","108372327","18","106882311"
"KN297154v1","1670127","1670229","chr6","8912593","8912693","10","7242466"
"KN297154v1","1717742","1717921","chr17","48074159","48074349","44","46356417"
"KN297154v1","1742577","1742736","chr5","64767213","64767360","31","63024636"
"KN297154v1","1768459","1768750","chr10","92956825","92957111","52","91188366"
"KN297154v1","1782831","1782918","chr7","132953642","132953729","9","131170811"
"KN297154v1","1862774","1862884","chr3","51835292","51835396","25","49972518"
"KN297154v1","1884998","1885254","chr6","8707864","8708111","17","6822866"
"KN297154v1","1939628","1939711","chr20","106480329","106480413","11","104540701"
"KN297154v1","1959422","1959729","chr27","9778999","9779300","35","7819577"
"KN297154v1","2017929","2018006","chr11","12069377","12069457","17","10051448"
"KN297157v1","262507","262655","chr1","69315551","69315686","50","69053044"
"KN297157v1","297332","297448","chrX","25443350","25443459","14","25146018"
"KN297158v1","56631","56772","chr3","23052634","23052774","16","22996003"
"KN297158v1","215404","215708","chr1","65106207","65106504","38","64890803"
"KN297158v1","242969","243267","chr1","18733548","18733845","43","18490579"
"KN297158v1","332256","332521","chr18","13847079","13847356","39","13514823"
"KN297158v1","549136","549246","chr24","68137338","68137455","10","67588202"
"KN297158v1","625051","625177","chr24","68059172","68059306","10","67434121"
"KN297158v1","697617","697748","chr24","67983401","67983530","9","67285784"
"KN297158v1","700328","700609","chr5","42898520","42898800","48","42198192"
"KN297158v1","763192","763301","chr5","32865494","32865602","24","32102302"
"KN297159v1","146374","146654","chr28","18370175","18370456","38","18223801"
"KN297159v1","159954","160082","chr1","25147677","25147804","22","24987723"
"KN297159v1","216182","216313","chr11","50721335","50721466","10","50505153"
"KN297159v1","352429","352524","chr24","81418244","81418339","14","81065815"
"KN297159v1","388733","388877","chr20","104358830","104358974","15","103970097"
"KN297159v1","415585","415869","chr11","50524287","50524565","16","50108702"
"KN297159v1","464112","464306","chrX","92168581","92168768","38","91704469"
"KN297159v1","480717","480796","chr20","8927868","8927948","20","8447151"
"KN297159v1","481080","481198","chr19","27631820","27631950","35","27150740"
"KN297159v1","504228","504520","chr11","50438600","50438898","21","49934372"
"KN297159v1","567069","567402","chr11","50377404","50377734","12","49810335"
"KN297159v1","604854","604943","chr17","48787078","48787167","11","48182224"
"KN297159v1","747291","747590","chr11","50205596","50205907","24","49458305"
"KN297159v1","767690","767996","chr11","50184801","50185107","12","49417111"
"KN297159v1","774504","774636","chr11","50178234","50178360","9","49403730"
"KN297159v1","1015601","1015894","chr13","34764102","34764393","35","33748501"
"KN297159v1","1060053","1060194","chr14","59427074","59427214","25","58367021"
"KN297159v1","1060682","1060697","chrX","44283875","44283891","4","43223193"
"KN297159v1","1065194","1065376","chr12","106787522","106787700","27","105722328"
"KN297159v1","1142915","1143230","chr11","49809455","49809767","18","48666540"
"KN297159v1","1176313","1176503","chr23","16161510","16161710","51","14985197"
"KN297159v1","1181372","1181534","chr21","107819096","107819263","29","106637724"
"KN297159v1","1222547","1222847","chr14","36949619","36949918","38","35727072"
"KN297159v1","1326521","1326826","chr11","49639501","49639799","22","48312980"
"KN297159v1","1420055","1420191","chrX","49888887","49889026","17","48468832"
"KN297159v1","1422686","1422987","chr11","49538738","49539039","9","48116052"
"KN297159v1","1698500","1698588","chr2","85445888","85445973","11","83747388"
"KN297159v1","1712124","1712431","chr10","88146198","88146497","33","86434074"
"KN297159v1","1724017","1724186","chr24","66134690","66134855","28","64410673"
"KN297159v1","1736925","1736972","chr6","9591837","9591879","9","7854912"
"KN297159v1","1829140","1829233","chr14","42725891","42725986","15","40896751"
"KN297159v1","1848930","1849237","chr11","49136688","49136992","13","47287758"
"KN297159v1","1875995","1876151","chr17","43336969","43337127","23","41460974"
"KN297159v1","1908571","1908880","chr2","80041154","80041464","38","78132583"
"KN297159v1","1971618","1971914","chr6","28849643","28849938","87","26878025"
"KN297159v1","1972757","1973040","chr17","33351868","33352162","40","31379111"
"KN297159v1","2398584","2398892","chrUn_KE147541v1","229930","230239","37","2168654"
"KN297159v1","2810365","2810674","chr24","52091143","52091451","41","49280778"
"KN297159v1","2902730","2903040","chr11","48105781","48106091","10","45203051"
"KN297159v1","3162714","3162845","chr9","125170751","125170879","16","122008037"
"KN297159v1","3176137","3176439","chr11","47826113","47826410","22","44649976"
"KN297163v1","603922","604204","chr12","91010766","91011075","35","90406844"
"KN297163v1","816673","816983","chr12","91199616","91199911","33","90382943"
"KN297164v1","98945","99067","chr20","25641346","25641469","7","25542401"
"KN297165v1","710410","710533","chr25","66674017","66674138","4","65963607"
"KN297165v1","723386","723489","chrX","20534133","20534232","31","19810747"
"KN297165v1","908363","908662","chr25","66864855","66865151","16","65956492"
"KN297165v1","987467","987729","chr15","17533945","17534208","42","16546478"
"KN297165v1","987734","987875","chr11","50498097","50498237","22","49510363"
"KN297165v1","1135890","1136035","chr25","67087678","67087820","12","65951788"
"KN297165v1","1343565","1343681","chr25","67293252","67293368","1","65949687"
"KN297165v1","1425934","1426205","chr25","67372757","67373037","21","65946823"
"KN297165v1","1764478","1764775","chr25","67712364","67712663","11","65947886"
"KN297165v1","1841958","1842148","chr17","48074159","48074349","32","46232201"
"KN297165v1","1876457","1876576","chr25","67811057","67811174","8","65934600"
"KN297165v1","2055064","2055154","chr9","98692752","98692841","15","96637688"
"KN297165v1","2365353","2365639","chr25","68290166","68290467","24","65924813"
"KN297165v1","2575156","2575448","chr26","30682990","30683283","32","28107834"
"KN297165v1","2620952","2621137","chr25","68556168","68556336","26","65935216"
"KN297165v1","2670347","2670481","chr24","38014551","38014694","21","35344204"
"KN297165v1","2892282","2892574","chr25","68802110","68802404","22","65909828"
"KN297165v1","3022191","3022368","chr2","84460702","84460880","30","81438511"
"KN297165v1","3345552","3345618","chr1","18250767","18250835","10","14905215"
"KN297165v1","3367213","3367388","chr20","96338788","96338956","34","92971575"
"KN297165v1","3367390","3367594","chr12","12943941","12944146","34","9576551"
"KN297165v1","3440539","3440826","chr25","69333744","69334032","12","65893205"
"KN297165v1","3612002","3612255","chr25","69505230","69505456","43","65893228"
"KN297165v1","3620996","3621275","chr25","69512081","69512362","16","65891085"
"KN297165v1","3656355","3656493","chr25","69547024","69547161","4","65890669"
"KN297165v1","3903721","3903882","chr6","2935048","2935204","31","968673"
"KN297165v1","4000001","4000155","chr10","45186565","45186720","37","41186564"
"KN297165v1","4070909","4071210","chr25","69960513","69960812","19","65889604"
"KN297167v1","155886","156044","chr21","107819096","107819263","34","107663210"
"KN297168v1","110056","110350","chr3","61096955","61097253","30","60986899"
"KN297168v1","384198","384383","chrX","92168581","92168768","27","91784383"
"KN297168v1","967232","967538","chr14","20755884","20756188","40","19788652"
"KN297168v1","967539","967654","chr3","60267844","60267969","17","59300305"
"KN297168v1","1170910","1171210","chr20","124097842","124098151","33","122926932"
"KN297168v1","1268687","1269011","chr3","59977040","59977347","28","58708353"
"KN297171v1","126877","126954","chr16","21962406","21962483","21","21835529"
"KN297171v1","178385","178573","chrX","92168581","92168768","33","91990196"
"KN297171v1","178598","178762","chr9","13379894","13380048","27","13201296"
"KN297171v1","246794","247087","chr11","10039301","10039596","40","9792507"
"KN297171v1","688639","688773","chr1","124726233","124726361","23","124037594"
"KN297171v1","1394311","1394433","chr4","13410700","13410832","15","12016389"
"KN297171v1","1923420","1923552","chr4","13932993","13933126","3","12009573"
"KN297171v1","2153568","2153748","chr19","7192289","7192466","35","5038721"
"KN297171v1","2257796","2258060","chr11","118163439","118163714","58","115905643"
"KN297171v1","2472777","2472956","chr20","12577124","12577295","33","10104347"
"KN297171v1","2484531","2484832","chr4","14478145","14478451","16","11993614"
"KN297171v1","2524610","2524828","chrUn_KE147564v1","104804","105006","50","2419806"
"KN297171v1","2578291","2578461","chr4","14569032","14569208","18","11990741"
"KN297171v1","3130282","3130576","chr4","15087744","15088047","23","11957462"
"KN297171v1","3131971","3132308","chr4","15089445","15089773","27","11957474"
"KN297171v1","3284588","3284762","chr10","117385991","117386167","30","114101403"
"KN297171v1","3371698","3371868","chr14","70326149","70326316","29","66954451"
"KN297171v1","3380191","3380305","chr18","44851168","44851279","17","41470977"
"KN297171v1","3404250","3404407","chrX","107098131","107098285","30","103693881"
"KN297171v1","3442069","3442378","chr4","15396476","15396786","24","11954407"
"KN297171v1","3453519","3453539","chr1","27640006","27640023","5","24186487"
"KN297171v1","3453568","3453845","chr4","15407746","15408018","24","11954178"
"KN297171v1","3463318","3463529","chr7","80012211","80012406","49","76548893"
"KN297172v1","135364","135657","chr22","88887261","88887552","21","88751897"
"KN297172v1","316550","316841","chr22","88707522","88707813","16","88390972"
"KN297176v1","175991","176151","chr5","14109803","14109966","28","13933812"
"KN297177v1","32742","33006","chrX","34011305","34011568","48","33978563"
"KN297177v1","276630","276772","chr22","32924957","32925101","19","32648327"
"KN297177v1","348742","348880","chr14","55023403","55023544","5","54674661"
"KN297177v1","422046","422337","chr9","21358440","21358726","44","20936394"
"KN297179v1","17","275","chr1","16840987","16841245","16","16840970"
"KN297180v1","408775","408942","chr7","39223535","39223704","21","38814760"
"KN297180v1","500001","500156","chr18","29645900","29646050","25","29145899"
"KN297180v1","638241","638358","chr12","39055286","39055403","4","38417045"
"KN297180v1","681802","682163","chr12","39010554","39010907","28","38328752"
"KN297180v1","725181","725474","chr16","18596663","18596956","38","17871482"
"KN297180v1","1347401","1347556","chr12","38367233","38367384","12","37019832"
"KN297180v1","1347559","1347670","chr16","17636428","17636539","32","16288869"
"KN297181v1","79792","79906","chr7","15996170","15996284","8","15916378"
"KN297183v1","85946","86063","chr16","25374662","25374771","28","25288716"
"KN297184v1","105971","106143","chr20","96338788","96338956","37","96232817"
"KN297184v1","211776","211938","chr3","90477940","90478106","29","90266164"
"KN297184v1","588279","588387","chr8","95413176","95413283","8","94824897"
"KN297184v1","707322","707602","chr8","95531782","95532086","38","94824460"
"KN297184v1","786112","786409","chr8","95608236","95608531","21","94822124"
"KN297184v1","911606","911725","chr8","65677688","65677805","21","64766082"
"KN297184v1","999919","1000000","chr1","99418280","99418361","10","98418361"
"KN297184v1","1005315","1005450","chr8","95832482","95832619","7","94827167"
"KN297184v1","1019840","1020143","chr8","95846482","95846784","21","94826642"
"KN297184v1","1243105","1243434","chr9","70699803","70700120","61","69456698"
"KN297184v1","1264660","1264952","chr15","5077172","5077465","35","3812512"
"KN297184v1","1377436","1377749","chr14","60556136","60556443","38","59178700"
"KN297184v1","1383372","1383681","chr8","96209967","96210276","9","94826595"
"KN297184v1","1465795","1465952","chr8","96291789","96291949","11","94825994"
"KN297184v1","1729913","1730085","chr3","52082928","52083094","36","50353015"
"KN297184v1","1771028","1771332","chr8","116245338","116245653","56","114474310"
"KN297186v1","302709","302807","chrX","17052248","17052348","11","16749539"
"KN297186v1","437548","437729","chr6","47227176","47227352","26","46789628"
"KN297186v1","490029","490150","chr19","23308628","23308748","17","22818599"
"KN297186v1","1011501","1011793","chr17","70962590","70962882","12","69951089"
"KN297186v1","1174581","1174889","chr17","70798183","70798497","18","69623602"
"KN297189v1","44403","44597","chr14","18470427","18470606","58","18426024"
"KN297190v1","161428","161728","chr1","125121939","125122227","52","124960511"
"KN297190v1","190102","190268","chr10","19929334","19929499","29","19739232"
"KN297190v1","347514","347675","chr1","117375330","117375494","19","117027816"
"KN297190v1","577316","577609","chr26","20787637","20787930","19","20210321"
"KN297190v1","716329","716491","chr1","117375330","117375494","28","116659001"
"KN297190v1","815369","815682","chr26","21021549","21021845","30","20206180"
"KN297190v1","958366","958462","chr6","47763563","47763658","18","46805197"
"KN297190v1","1019882","1020161","chr10","79348283","79348561","39","78328401"
"KN297190v1","1027689","1027771","chr18","56088319","56088400","14","55060630"
"KN297190v1","1487758","1488041","chr7","87079141","87079422","40","85591383"
"KN297190v1","1504993","1505299","chr2","57604383","57604686","40","56099390"
"KN297190v1","2464716","2465028","chr26","22634072","22634354","41","20169356"
"KN297190v1","3468821","3469126","chr26","23630519","23630816","24","20161698"
"KN297190v1","3592066","3592382","chr16","51631281","51631589","37","48039215"
"KN297190v1","3772335","3772468","chr26","23922604","23922732","9","20150269"
"KN297190v1","3786106","3786389","chr14","62443102","62443397","40","58656996"
"KN297190v1","3789097","3789393","chr20","33596640","33596941","47","29807543"
"KN297190v1","3818629","3818940","chr6","15156505","15156810","47","11337876"
"KN297190v1","3824560","3824841","chr22","18984943","18985221","31","15160383"
"KN297190v1","3882685","3882958","chr15","78888348","78888621","39","75005663"
"KN297190v1","3972471","3972602","chr24","47738419","47738551","12","43765948"
"KN297190v1","4061077","4061209","chr26","24206457","24206602","19","20145380"
"KN297190v1","4173152","4173325","chr20","96338788","96338956","29","92165636"
"KN297190v1","4178198","4178503","chr14","60556136","60556443","37","56377938"
"KN297190v1","4301895","4301995","chr7","111007368","111007460","19","106705473"
"KN297190v1","4326588","4326895","chr19","26992368","26992672","35","22665780"
"KN297190v1","4367882","4367976","chr23","24550155","24550257","22","20182273"
"KN297190v1","4387322","4387443","chr10","57623943","57624056","24","53236621"
"KN297190v1","4412453","4412580","chr26","24549052","24549180","12","20136599"
"KN297190v1","4567133","4567295","chr19","18813629","18813787","28","14246496"
"KN297190v1","4569115","4569422","chr26","24704335","24704645","16","20135220"
"KN297190v1","4583045","4583342","chr9","21358440","21358726","52","16775395"
"KN297190v1","4949817","4949960","chr26","20209667","20209815","17","15259850"
"KN297190v1","5025762","5025884","chr26","25148838","25148959","8","20123076"
"KN297190v1","5114335","5114512","chr25","78349361","78349534","35","73235026"
"KN297190v1","5262704","5262884","chr22","32414322","32414499","32","27151618"
"KN297190v1","5306248","5306538","chr26","25419606","25419906","25","20113358"
"KN297190v1","5340410","5340491","chr13","92684221","92684299","11","87343811"
"KN297190v1","5647107","5647252","chr26","25757403","25757548","8","20110296"
"KN297190v1","5773689","5774016","chr26","25879337","25879644","33","20105648"
"KN297190v1","6038899","6039208","chr26","26143855","26144141","45","20104956"
"KN297190v1","6040355","6040465","chr16","9690549","9690651","17","3650194"
"KN297190v1","6148493","6148794","chr26","26252096","26252393","16","20103603"
"KN297190v1","6231978","6232261","chr3","27967434","27967716","51","21735456"
"KN297190v1","6366009","6366087","chr26","26462178","26462253","6","20096169"
"KN297190v1","6472975","6473048","chr5","2145348","2145421","13","4327627"
"KN297190v1","6518428","6518530","chr1","121726172","121726267","14","115207744"
"KN297190v1","6523982","6524128","chr12","45582153","45582296","20","39058171"
"KN297190v1","6585004","6585107","chr10","51388491","51388591","19","44803487"
"KN297191v1","47144","47415","chr20","129996643","129996926","22","129949499"
"KN297192v1","141106","141411","chr9","110061379","110061682","44","109920273"
"KN297195v1","271450","271757","chr29","5602307","5602622","24","5330857"
"KN297197v1","266540","266654","chr22","2707264","2707380","12","2440724"
"KN297197v1","335757","336056","chr18","44613273","44613575","35","44277516"
"KN297197v1","435712","435802","chr1","69641579","69641668","16","69205867"
"KN297197v1","911667","911979","chr11","14038393","14038703","40","13126726"
"KN297197v1","923540","923734","chr20","67929191","67929398","40","67005651"
"KN297197v1","932445","932754","chr22","3355984","3356306","32","2423539"
"KN297197v1","957870","957997","chr22","3381768","3381901","17","2423898"
"KN297197v1","1125712","1125808","chr1","15861844","15861941","14","14736132"
"KN297197v1","1158178","1158326","chr6","24459245","24459391","24","23301067"
"KN297197v1","1192473","1192599","chr5","53625811","53625940","34","52433338"
"KN297197v1","1239882","1239897","chr2","4047053","4047066","3","2807171"
"KN297197v1","1239947","1240035","chr13","41015188","41015272","16","39775241"
"KN297197v1","1322292","1322377","chr22","3747488","3747560","15","2425196"
"KN297197v1","1495260","1495340","chr29","11520564","11520643","20","10025304"
"KN297197v1","1813632","1813724","chr24","36259604","36259689","12","34445972"
"KN297197v1","1824284","1824394","chr22","68066876","68066983","9","66242592"
"KN297197v1","1869749","1870059","chr22","4273916","4274232","27","2404167"
"KN297197v1","2020813","2021075","chr22","4417623","4417879","30","2396810"
"KN297197v1","2205647","2205769","chrX","109402688","109402807","18","107197041"
"KN297197v1","2229100","2229378","chr22","4619246","4619535","24","2390146"
"KN297197v1","2315412","2315718","chr22","4704322","4704631","29","2388910"
"KN297197v1","2411045","2411131","chr22","4798564","4798648","4","2387519"
"KN297197v1","2413987","2414154","chr21","107819096","107819263","25","105405109"
"KN297197v1","2472556","2472865","chrX","120343813","120344115","36","117871257"
"KN297197v1","2490453","2490633","chr19","7192289","7192466","34","4701836"
"KN297197v1","2522708","2522913","chr6","14861387","14861589","43","12338679"
"KN297197v1","3247229","3247359","chr22","5614305","5614427","10","2367076"
"KN297197v1","3425447","3425720","chr22","5791943","5792231","27","2366496"
"KN297197v1","3490086","3490161","chr22","5902538","5902614","7","2412452"
"KN297197v1","3588797","3589065","chr3","84434432","84434695","46","80845635"
"KN297197v1","3945499","3945819","chr1","34559511","34559827","49","30614012"
"KN297197v1","4077027","4077177","chrX","107098131","107098285","38","103021104"
"KN297197v1","4110230","4110354","chr16","63936680","63936792","32","59826450"
"KN297197v1","4471670","4471975","chr22","6849152","6849457","15","2377482"
"KN297197v1","4562520","4562723","chr6","14861387","14861589","34","10298867"
"KN297197v1","4716475","4716627","chr14","13811771","13811920","24","9095296"
"KN297200v1","18228","18427","chr4","41502694","41502893","9","41484466"
"KN297200v1","237416","237610","chr20","87023843","87024048","37","86786427"
"KN297200v1","249806","249889","chr2","59240823","59240909","10","58991017"
"KN297200v1","282328","282411","chrX","143564","143650","14","138764"
"KN297200v1","530102","530399","chr4","41988774","41989080","17","41458672"
"KN297203v1","234046","234171","chr21","12144424","12144548","10","11910378"
"KN297203v1","561638","561775","chr14","73642117","73642254","32","73080479"
"KN297203v1","582426","582547","chr13","29750048","29750169","17","29167622"
"KN297203v1","689535","689839","chr21","11698153","11698459","15","11008618"
"KN297203v1","721024","721096","chr8","2609097","2609167","8","1888073"
"KN297203v1","1131976","1132236","chr27","25264465","25264725","49","24132489"
"KN297203v1","1208835","1209136","chrX","90921550","90921852","48","89712715"
"KN297203v1","1295698","1295998","chr21","11134551","11134835","28","9838853"
"KN297203v1","1380778","1381071","chr21","11048978","11049285","30","9668200"
"KN297203v1","1442815","1442920","chr1","33728410","33728517","20","32285595"
"KN297203v1","1711546","1711841","chr21","10708032","10708340","26","8996486"
"KN297203v1","1812224","1812508","chr9","21358440","21358726","52","19546216"
"KN297203v1","2061607","2061681","chr21","10344488","10344564","3","8282881"
"KN297203v1","2106551","2106849","chr21","10299997","10300302","22","8193446"
"KN297204v1","92202","92510","chr1","114337364","114337672","39","114245162"
"KN297204v1","92623","92917","chr1","19469328","19469625","34","19376705"
"KN297205v1","146806","147095","chr1","110339963","110340250","61","110193157"
"KN297205v1","166819","166989","chr21","107819096","107819263","31","107652277"
"KN297205v1","224633","224916","chr20","12762425","12762703","12","12537792"
"KN297205v1","246345","246649","chr15","90985625","90985922","33","90739280"
"KN297205v1","247305","247600","chr20","12781563","12781840","31","12534258"
"KN297205v1","369139","369290","chr26","7624405","7624551","36","7255266"
"KN297205v1","400547","400761","chr12","34753725","34753929","45","34353178"
"KN297205v1","498288","498576","chr20","13023378","13023669","16","12525090"
"KN297205v1","570711","570819","chr20","13094349","13094457","7","12523638"
"KN297205v1","579446","579742","chr20","13102765","13103058","22","12523319"
"KN297205v1","584176","584296","chr20","13107482","13107603","3","12523306"
"KN297207v1","111447","111745","chrX","80179205","80179494","21","80067758"
"KN297215v1","26433","26568","chr8","15147951","15148083","10","15121518"
"KN297215v1","89510","89816","chr8","15210523","15210831","23","15121013"
"KN297215v1","106093","106400","chr8","15229567","15229850","34","15123474"
"KN297215v1","151449","151559","chr5","32993900","32994010","14","32842451"
"KN297215v1","423330","423441","chr8","15540967","15541079","6","15117637"
"KN297215v1","800618","800897","chr2","10270776","10271050","31","9470158"
"KN297215v1","887767","887897","chr1","76576249","76576379","18","75688482"
"KN297219v1","254009","254293","chr3","20763551","20763859","39","20509542"
"KN297219v1","750751","751092","chr11","67458911","67459244","59","66708160"
"KN297219v1","803861","803954","chr5","34182219","34182314","19","33378358"
"KN297219v1","964427","964697","chr3","20089321","20089591","18","19124894"
"KN297219v1","1001206","1001503","chr3","20049569","20049865","24","19048363"
"KN297219v1","1454866","1455165","chr3","19606643","19606941","9","18151777"
"KN297219v1","1537666","1537805","chr3","19528362","19528487","20","17990696"
"KN297219v1","1636023","1636197","chr27","33925863","33926033","33","32289840"
"KN297219v1","1733137","1733434","chr3","19343060","19343355","15","17609923"
"KN297219v1","1789524","1789818","chr3","19285476","19285775","27","17495952"
"KN297219v1","1871827","1872109","chr3","19198378","19198660","15","17326551"
"KN297219v1","1874048","1874219","chr7","39223535","39223704","22","37349487"
"KN297219v1","1904942","1905040","chr9","85374629","85374725","18","83469687"
"KN297219v1","1908786","1909087","chr1","65106207","65106504","36","63197421"
"KN297219v1","2056887","2057189","chr2","89785358","89785653","38","87728471"
"KN297219v1","2309335","2309659","chr3","18794852","18795163","33","16485517"
"KN297219v1","2345524","2345722","chr20","87023843","87024048","34","84678319"
"KN297219v1","2478166","2478263","chr21","104358686","104358783","12","101880520"
"KN297225v1","141013","141311","chr1","38098658","38098952","23","37957645"
"KN297225v1","606599","606897","chr1","37646447","37646743","10","37039848"
"KN297227v1","27941","28238","chr21","14745514","14745809","15","14717573"
"KN297227v1","162889","163057","chr25","27497903","27498067","25","27335014"
"KN297227v1","256735","257018","chr8","36365333","36365620","30","36108598"
"KN297227v1","288491","288651","chr13","771511","771669","26","483020"
"KN297227v1","757511","757806","chr16","74612443","74612741","29","73854932"
"KN297227v1","808275","808566","chr16","25922547","25922840","55","25114272"
"KN297227v1","828852","829150","chr5","74170141","74170442","37","73341289"
"KN297227v1","833132","833305","chr10","122138385","122138550","34","121305253"
"KN297227v1","959612","959727","chr21","13828685","13828805","6","12869073"
"KN297227v1","970459","970777","chr21","13816626","13816946","15","12846167"
"KN297227v1","1081724","1082031","chr21","13707035","13707325","30","12625311"
"KN297227v1","1090491","1090799","chr19","26992368","26992672","43","25901877"
"KN297227v1","1145843","1145953","chr21","13639429","13639540","2","12493586"
"KN297227v1","1595894","1596183","chr21","13191873","13192162","18","11595979"
"KN297227v1","1990471","1990773","chr21","12795984","12796286","11","10805513"
"KN297227v1","2015918","2016006","chr11","28733517","28733606","15","26717599"
"KN297227v1","2109663","2109943","chr21","12690142","12690422","11","10580479"
"KN297227v1","2214219","2214512","chr12","82945296","82945594","51","80731077"
"KN297227v1","2240660","2240965","chr17","67067788","67068090","41","64827128"
"KN297227v1","2269484","2269748","chr5","35847091","35847353","56","33577607"
"KN297229v1","136160","136447","chr3","56388717","56389004","8","56252557"
"KN297229v1","181134","181422","chr3","56346566","56346866","29","56165432"
"KN297229v1","272861","273170","chr11","8684527","8684834","42","8411666"
"KN297229v1","309032","309128","chr9","124609102","124609190","37","124300070"
"KN297229v1","489995","490300","chr3","56044527","56044835","21","55554532"
"KN297229v1","556571","556688","chr5","73931361","73931476","23","73374790"
"KN297229v1","714381","714522","chr3","55837206","55837338","18","55122825"
"KN297229v1","828953","829134","chr12","60617467","60617647","29","59788514"
"KN297229v1","913549","913843","chr11","10039301","10039596","41","9125752"
"KN297229v1","986706","986992","chr10","64955262","64955544","43","63968556"
"KN297230v1","251399","251599","chrX","92168581","92168768","34","91917182"
"KN297230v1","405827","406115","chr2","46828113","46828399","45","46422286"
"KN297230v1","743129","743218","chr23","61996892","61996979","12","61253763"
"KN297230v1","901475","901778","chr21","81804491","81804786","32","80903016"
"KN297230v1","954889","955057","chr24","41015969","41016128","30","40061080"
"KN297230v1","990033","990333","chr21","81716260","81716557","15","80726227"
"KN297231v1","98164","98470","chr15","37152893","37153190","37","37054729"
"KN297231v1","233806","234101","chr23","81672950","81673245","40","81439144"
"KN297233v1","433269","433476","chr6","14861387","14861589","33","14428118"
"KN297233v1","623005","623260","chr21","104789205","104789461","24","104166200"
"KN297233v1","1055852","1055942","chr3","89451431","89451520","11","88395579"
"KN297233v1","1076952","1077249","chr21","104335749","104336048","25","103258797"
"KN297233v1","1163666","1163949","chr16","11729161","11729450","41","10565495"
"KN297233v1","1170367","1170655","chr21","104241166","104241454","17","103070799"
"KN297233v1","1263005","1263288","chr20","37306614","37306907","35","36043609"
"KN297233v1","1266716","1266790","chr20","19123446","19123521","10","17856730"
"KN297236v1","37405","37714","chr3","6982461","6982763","45","6945056"
"KN297240v1","24454","24730","chr12","7415637","7415908","50","7391183"
"KN297240v1","58146","58453","chr16","29279201","29279506","34","29221055"
"KN297242v1","123278","123466","chr24","9220985","9221165","18","9097707"
"KN297242v1","591736","592043","chr24","8769497","8769792","30","8177761"
"KN297242v1","624987","625157","chr14","70326149","70326316","29","69701162"
"KN297242v1","738045","738157","chr24","8625654","8625748","23","7887609"
"KN297242v1","906519","906633","chr24","8462346","8462452","10","7555827"
"KN297242v1","920398","920675","chr24","8449574","8449881","40","7529176"
"KN297242v1","969502","969790","chr4","59072752","59073036","41","58103250"
"KN297242v1","1081239","1081446","chr20","87023843","87024048","35","85942604"
"KN297242v1","1218087","1218205","chr23","45510216","45510334","17","44292129"
"KN297242v1","1267321","1267603","chr24","8109409","8109713","31","6842088"
"KN297242v1","1293110","1293194","chr20","81072789","81072868","13","79779679"
"KN297242v1","1328396","1328695","chr24","8052973","8053276","16","6724577"
"KN297242v1","1343375","1343671","chrX","80711023","80711325","41","79367648"
"KN297242v1","1407826","1407962","chr24","7976705","7976847","19","6568879"
"KN297242v1","1482487","1482781","chr7","56614602","56614897","33","55132115"
"KN297242v1","1549655","1549749","chr24","7847863","7847951","12","6298208"
"KN297242v1","1686361","1686583","chr24","7710549","7710770","6","6024188"
"KN297242v1","1908824","1909123","chr14","36932490","36932789","44","35023666"
"KN297242v1","1974967","1975101","chr10","59752869","59752999","20","57777902"
"KN297242v1","2119288","2119409","chr24","7280795","7280916","4","5161507"
"KN297242v1","2457442","2457759","chr24","6950930","6951237","28","4493488"
"KN297242v1","3023062","3023215","chr24","6390686","6390828","13","3367624"
"KN297242v1","3057790","3058131","chr24","6355150","6355494","32","3297360"
"KN297242v1","3292015","3292098","chr28","13907931","13908014","16","10615916"
"KN297242v1","3746770","3747052","chr24","5683519","5683801","8","1936749"
"KN297242v1","3909882","3910007","chr24","5525071","5525205","14","1615189"
"KN297245v1","85826","86000","chr20","96338788","96338956","32","96252962"
"KN297245v1","1323485","1323607","chr19","29268332","29268453","18","27944847"
"KN297245v1","1402878","1403169","chr18","20874501","20874800","21","19471623"
"KN297245v1","1452024","1452318","chr18","20920146","20920451","26","19468122"
"KN297245v1","1464193","1464518","chr18","20934687","20934981","63","19470494"
"KN297245v1","1570218","1570512","chr18","21029115","21029412","13","19458897"
"KN297245v1","1637209","1637504","chr18","21097395","21097702","23","19460186"
"KN297245v1","1828041","1828228","chr20","122226432","122226619","29","120398391"
"KN297245v1","2149843","2150104","chr11","52611407","52611663","55","50461564"
"KN297245v1","2168188","2168485","chr18","21618603","21618897","14","19450415"
"KN297245v1","2275023","2275131","chr18","21723464","21723572","4","19448441"
"KN297245v1","2317860","2318031","chr18","21762183","21762352","19","19444323"
"KN297245v1","2425202","2425504","chr18","21868650","21868950","19","19443448"
"KN297245v1","2484320","2484627","chr18","21921877","21922182","17","19437557"
"KN297245v1","2490398","2490578","chr19","33115164","33115349","39","30624766"
"KN297245v1","2581428","2581736","chr18","22024832","22025135","27","19443404"
"KN297245v1","2612084","2612227","chr18","22057222","22057356","20","19445138"
"KN297245v1","2621550","2621857","chr18","22066477","22066775","23","19444927"
"KN297245v1","2658665","2658947","chr22","17881110","17881397","49","15222445"
"KN297245v1","2672865","2672948","chr18","22115494","22115577","2","19442629"
"KN297245v1","2697593","2697733","chr18","22141282","22141416","12","19443689"
"KN297245v1","2918410","2918704","chr3","18903236","18903532","42","15984826"
"KN297249v1","27827","27952","chr8","20017501","20017617","23","19989674"
"KN297249v1","105077","105186","chr20","10901215","10901319","10","10796138"
"KN297253v1","290353","290676","chr19","7640516","7640839","49","7350163"
"KN297253v1","386654","386819","chr25","15904393","15904561","29","15517739"
"KN297253v1","386876","386992","chr14","92833282","92833407","24","92446406"
"KN297253v1","456752","457010","chr26","1477541","1477797","15","1020789"
"KN297256v1","230274","230375","chr16","3476739","3476835","19","3246465"
"KN297259v1","8527","8690","chr10","113647543","113647707","31","113639016"
"KN297259v1","50733","50801","chr1","23697267","23697330","15","23646534"
"KN297259v1","51628","51696","chr1","23697267","23697330","15","23645639"
"KN297259v1","116423","116547","chr22","9575549","9575680","12","9459126"
"KN297259v1","230636","230942","chr10","61941576","61941885","46","61710940"
"KN297259v1","235287","235472","chr12","106787325","106787503","31","106552038"
"KN297259v1","237208","237371","chr16","59100684","59100846","27","58863476"
"KN297259v1","237770","238056","chr14","33159127","33159417","33","32921357"
"KN297259v1","258686","258865","chr19","25599493","25599672","33","25340807"
"KN297259v1","281200","281370","chr14","70326149","70326316","21","70044949"
"KN297259v1","355490","355681","chr26","42203157","42203345","29","41847667"
"KN297259v1","413195","413480","chr2","80075116","80075403","39","79661921"
"KN297259v1","535826","536116","chr20","107475222","107475512","46","106939396"
"KN297259v1","557518","557795","chr22","9156604","9156880","17","8599086"
"KN297259v1","571020","571192","chr20","12577124","12577295","35","12006104"
"KN297259v1","571282","571557","chr22","9143186","9143484","33","8571904"
"KN297259v1","605206","605340","chr1","68432971","68433106","17","67827765"
"KN297259v1","609517","609798","chr5","39239438","39239727","44","38629921"
"KN297259v1","639213","639324","chr20","70117821","70117930","16","69478608"
"KN297259v1","665208","665316","chr22","9059629","9059739","7","8394421"
"KN297259v1","695329","695587","chr17","65073252","65073507","64","64377923"
"KN297259v1","769198","769321","chr20_KE148050v1_random","310084","310212","28","459114"
"KN297259v1","804740","804922","chr6","15842335","15842510","38","15037595"
"KN297259v1","837577","837708","chr15","13896407","13896536","23","13058830"
"KN297259v1","859665","859959","chr22","8878674","8878968","8","8019009"
"KN297259v1","946665","946789","chr13","29750048","29750169","23","28803383"
"KN297259v1","960244","960544","chr22","8774321","8774627","21","7814077"
"KN297259v1","982540","982682","chr12","9254168","9254310","36","8271628"
"KN297259v1","999259","999352","chr22","62708656","62708746","17","61709397"
"KN297259v1","1012733","1012915","chr19","7192289","7192466","29","6179556"
"KN297259v1","1017674","1017832","chr5","26023768","26023910","28","25006094"
"KN297259v1","1081736","1082045","chrX","43812074","43812380","38","42730338"
"KN297259v1","1128557","1128727","chr9","122678397","122678550","30","121549840"
"KN297259v1","1143303","1143593","chr12","83584681","83584968","38","82441378"
"KN297259v1","1159508","1159590","chr22","8573735","8573810","7","7414227"
"KN297259v1","1168052","1168225","chr6","10189432","10189604","29","9021380"
"KN297259v1","1173808","1174105","chr22","8562942","8563238","15","7389134"
"KN297259v1","1242849","1243053","chr17","38709482","38709681","31","37466633"
"KN297259v1","1314527","1314828","chr22","8427595","8427895","23","7113068"
"KN297259v1","1409918","1410009","chr11","62022157","62022250","20","60612239"
"KN297259v1","1497245","1497349","chr16","34798085","34798188","19","33300840"
"KN297259v1","1806427","1806520","chr22","7948278","7948376","12","6141851"
"KN297259v1","2138092","2138394","chr20_KE148049v1_random","561186","561490","36","1576906"
"KN297259v1","2458495","2458830","chr22","7348351","7348657","51","4889856"
"KN297259v1","2487871","2488163","chr22","7319351","7319645","10","4831480"
"KN297261v1","58637","58923","chr20","25822298","25822573","22","25763661"
"KN297263v1","587335","587490","chr4","20858912","20859062","22","20271577"
"KN297263v1","748189","748481","chr23","62376095","62376387","40","61627906"
"KN297263v1","1294970","1295265","chr8","4323740","4324046","33","3028770"
"KN297263v1","1381612","1381912","chr8","4238105","4238415","28","2856493"
"KN297264v1","50069","50367","chr3","92081924","92082223","10","92031855"
"KN297264v1","62696","62967","chr3","92068756","92069027","10","92006060"
"KN297264v1","383788","384070","chr14","20987256","20987544","38","20603468"
"KN297264v1","594364","594658","chr3","91568297","91568590","12","90973933"
"KN297269v1","19199","19321","chr8","7137713","7137833","19","7118514"
"KN297272v1","3963","4151","chr11","64990360","64990552","41","64986397"
"KN297274v1","108519","108639","chr11","53850590","53850707","20","53742071"
"KN297274v1","146776","147072","chr6","2359073","2359369","9","2212297"
"KN297274v1","189188","189499","chr6","2320052","2320352","32","2130864"
"KN297274v1","191514","191620","chr6","2318209","2318321","7","2126695"
"KN297274v1","197834","198154","chr6","2311277","2311599","13","2113443"
"KN297274v1","257391","257682","chrX_KE148108v1_random","1358828","1359114","51","1101437"
"KN297274v1","273011","273322","chr6","2242064","2242366","23","1969053"
"KN297274v1","301969","302148","chr7","60522588","60522762","34","60220619"
"KN297274v1","330139","330303","chr24","66134690","66134855","32","65804551"
"KN297274v1","338440","338739","chr6","2184245","2184544","20","1845805"
"KN297274v1","417162","417273","chr20","25071570","25071678","16","24654408"
"KN297274v1","450719","450894","chr2","36923940","36924102","37","36473221"
"KN297274v1","549843","550138","chr16","61916805","61917100","39","61366962"
"KN297274v1","591148","591291","chr6","1947496","1947639","12","1356348"
"KN297274v1","646361","646654","chr26","53914369","53914658","37","53268008"
"KN297274v1","664113","664284","chr14","70326149","70326316","32","69662036"
"KN297274v1","672161","672456","chr6","1865971","1866279","26","1193810"
"KN297274v1","682430","682573","chr16","58500001","58500145","11","57817571"
"KN297274v1","692925","693219","chr6","1829001","1829304","31","1136076"
"KN297274v1","709054","709349","chr3","32701211","32701511","39","31992157"
"KN297274v1","732971","733272","chr2","81854212","81854512","34","81121241"
"KN297274v1","819726","820035","chr11","6361819","6362125","42","5542093"
"KN297274v1","846226","846316","chr11","18150178","18150271","18","17303952"
"KN297274v1","869559","869748","chr26","42203157","42203345","39","41333598"
"KN297274v1","908875","909022","chr6","9430201","9430347","28","8521326"
"KN297274v1","943865","944033","chr12","53066244","53066408","30","52122379"
"KN297274v1","1000647","1000938","chr14","61540380","61540672","37","60539733"
"KN297274v1","1001104","1001345","chr2","28133166","28133413","37","27132062"
"KN297274v1","1044867","1045153","chrX","109370939","109371228","28","108326072"
"KN297274v1","1082028","1082236","chr20","87023843","87024048","38","85941815"
"KN297274v1","1168911","1168921","chr1","80524170","80524180","3","79355259"
"KN297274v1","1168964","1169123","chrX","108711335","108711486","40","107542371"
"KN297274v1","1169414","1169428","chr6","9318674","9318689","5","8149260"
"KN297274v1","1172764","1172861","chr16","34714030","34714135","16","33541266"
"KN297274v1","1190647","1190891","chr6","1341213","1341431","35","150566"
"KN297274v1","1225559","1225732","chr13","771511","771669","32","454048"
"KN297274v1","1226376","1226554","chr12","8334183","8334343","37","7107807"
"KN297274v1","1356577","1356761","chr14","18470427","18470606","37","17113850"
"KN297274v1","1371675","1371974","chr6","27788548","27788847","46","26416873"
"KN297274v1","1387888","1388198","chr6","1144605","1144912","19","243283"
"KN297274v1","1417712","1417889","chr6","47177516","47177697","37","45759804"
"KN297274v1","1561720","1562076","chr21","92353373","92353710","61","90791653"
"KN297274v1","1670753","1671064","chr6","856349","856636","36","814404"
"KN297274v1","1733045","1733332","chr6","785240","785517","15","947805"
"KN297274v1","1829395","1829574","chrX","14216408","14216597","36","12387013"
"KN297274v1","1834870","1835001","chr8","65768577","65768707","13","63933707"
"KN297274v1","1845220","1845521","chr6","5084216","5084520","42","3238996"
"KN297274v1","1880662","1880857","chr14","5613589","5613789","28","3732927"
"KN297274v1","1921158","1921270","chr6","597324","597437","10","1323834"
"KN297274v1","1936120","1936404","chrX","50590083","50590370","39","48653963"
"KN297274v1","1989278","1989439","chr10","122138385","122138550","27","120149107"
"KN297274v1","1996059","1996305","chr13","93447190","93447418","67","91451131"
"KN297274v1","2002046","2002210","chr14","70326149","70326316","22","68324103"
"KN297274v1","2036171","2036466","chr11","8684527","8684834","41","6648356"
"KN297274v1","2042441","2042570","chr6","469898","470029","15","1572543"
"KN297274v1","2071447","2071632","chr11","64990360","64990552","36","62918913"
"KN297274v1","2072066","2072194","chr8","90060565","90060690","17","87988499"
"KN297274v1","2123905","2124037","chr6","383434","383575","14","1740471"
"KN297274v1","2169950","2170233","chr6","29541281","29541569","44","27371331"
"KN297274v1","2193926","2194245","chr14","21408849","21409155","54","19214923"
"KN297276v1","101363","101374","chrX","61919048","61919059","0","61817685"
"KN297276v1","101743","101877","chrX","61919430","61919564","2","61817687"
"KN297276v1","238014","238317","chr8","23466375","23466688","53","23228361"
"KN297278v1","252119","252409","chr15","26192985","26193279","24","25940866"
"KN297278v1","322767","323060","chr15","26122109","26122400","23","25799342"
"KN297278v1","351660","351959","chr15","26095473","26095777","20","25743813"
"KN297278v1","402685","403003","chr15","26052594","26052906","36","25649909"
"KN297278v1","406572","406707","chr15","26036958","26037090","12","25630386"
"KN297279v1","936050","936359","chr5","40675996","40676302","16","39739946"
"KN297279v1","1044124","1044402","chr5","40569056","40569334","17","39524932"
"KN297279v1","1473680","1473943","chr3","84434432","84434695","39","82960752"
"KN297281v1","8498","8811","chr10","44966767","44967073","41","44958269"
"KN297281v1","149927","150209","chr25","28869789","28870071","39","28719862"
"KN297281v1","193966","194244","chr17","22428446","22428744","31","22234480"
"KN297281v1","202679","202772","chr17","22436841","22436936","9","22234162"
"KN297281v1","501634","501909","chr17","22730343","22730622","19","22228709"
"KN297281v1","653684","653981","chr23","44171644","44171934","43","43517960"
"KN297281v1","806733","806883","chr17","23021218","23021354","19","22214485"
"KN297281v1","897733","897871","chr17","23113288","23113428","8","22215555"
"KN297281v1","1271990","1272111","chr17","23474281","23474391","13","22202291"
"KN297281v1","1502796","1502921","chr17","23702868","23702990","11","22200072"
"KN297283v1","194168","194476","chr26","25879337","25879644","53","25685169"
"KN297286v1","9736","9915","chr11","108651238","108651415","31","108641502"
"KN297290v1","229533","229829","chr1","114337364","114337672","46","114107831"
"KN297293v1","115063","115358","chr23","82550687","82550977","17","82435624"
"KN297293v1","134909","135217","chr23","82531118","82531426","32","82396209"
"KN297293v1","235961","236246","chr23","82387890","82388184","21","82151929"
"KN297293v1","355897","356183","chr16","67808416","67808701","50","67452519"
"KN297293v1","389991","390261","chr12","90046356","90046630","39","89656365"
"KN297293v1","479389","479559","chr14","36731633","36731798","31","36252244"
"KN297293v1","500001","500097","chr11","111882465","111882560","13","111382464"
"KN297293v1","502636","502930","chr27","9778999","9779300","48","9276363"
"KN297293v1","584315","584487","chr19","7192289","7192466","26","6607974"
"KN297294v1","38977","39057","chr17","27053821","27053892","19","27014844"
"KN297294v1","54060","54179","chrX","112777483","112777603","17","112723423"
"KN297295v1","52313","52611","chr11","10039301","10039596","33","9986988"
"KN297295v1","90047","90178","chr11","56180479","56180607","8","56090432"
"KN297295v1","104027","104160","chr11","56194997","56195127","12","56090970"
"KN297295v1","269744","269892","chr6","23937110","23937257","27","23667366"
"KN297295v1","424110","424411","chr11","56496215","56496521","24","56072105"
"KN297295v1","474180","474322","chr3","23052634","23052774","25","22578454"
"KN297295v1","475333","475636","chr27","9778999","9779300","27","9303666"
"KN297296v1","6515","6604","chr25","30838261","30838343","25","30831746"
"KN297299v1","16937","17227","chr9","21358440","21358726","48","21341503"
"KN297304v1","148576","148880","chr6","27788548","27788847","39","27639972"
"KN297307v1","234683","234959","chr13","62665729","62666002","34","62431046"
"KN297307v1","241267","241485","chr10","88590869","88591086","30","88349602"
"KN297310v1","95359","95633","chr9","109854529","109854816","43","109759170"
"KN297312v1","387887","388055","chr10","122138385","122138550","27","121750498"
"KN297312v1","424731","425005","chr2","10270776","10271050","36","9846045"
"KN297312v1","503421","503709","chr8","65535177","65535471","13","65031756"
"KN297312v1","646693","646870","chr13","34627000","34627173","35","33980307"
"KN297312v1","647433","647551","chr8","65677688","65677805","5","65030255"
"KN297312v1","671877","672179","chr11","10039301","10039596","41","9367424"
"KN297312v1","727177","727425","chr21","119442218","119442448","51","118715041"
"KN297313v1","466596","466730","chr6","33592440","33592575","17","33125844"
"KN297313v1","589283","589582","chr15","41908401","41908700","18","41319118"
"KN297313v1","867104","867202","chr22","71256565","71256661","20","70389461"
"KN297313v1","898402","898573","chr6","10189432","10189604","27","9291030"
"KN297314v1","623942","624079","chr11","99136300","99136434","13","98512358"
"KN297314v1","624386","624547","chrUn_KE147541v1","70880","71041","28","553506"
"KN297314v1","1143033","1143180","chr20","71110293","71110440","26","69967260"
"KN297319v1","287727","287815","chr7","13026508","13026594","10","12738781"
"KN297319v1","346761","346950","chrX","92168581","92168768","35","91821820"
"KN297319v1","353540","353651","chr13","14630693","14630802","19","14277153"
"KN297319v1","380249","380347","chr5","31841247","31841347","19","31460998"
"KN297319v1","898383","898558","chr25","15904393","15904561","30","15006010"
"KN297319v1","930511","930631","chr3","5946996","5947124","13","5016485"
"KN297319v1","962539","962668","chr3","24723540","24723672","13","23761001"
"KN297319v1","1009360","1009523","chr25","27497903","27498067","27","26488543"
"KN297319v1","1033151","1033346","chr20_KE148049v1_random","829078","829264","41","204073"
"KN297319v1","1069968","1070067","chr9","31281650","31281751","24","30211682"
"KN297320v1","13959","14267","chr11","8684527","8684834","39","8670568"
"KN297320v1","44591","44758","chr14","36731633","36731798","29","36687042"
"KN297320v1","79994","80129","chr12","102798463","102798598","15","102718469"
"KN297320v1","91061","91360","chr2","601237","601533","54","510176"
"KN297320v1","176643","176779","chr17","54634148","54634281","18","54457505"
"KN297320v1","257989","258238","chr8","31577327","31577563","48","31319338"
"KN297320v1","266187","266467","chr12","102976664","102976950","22","102710477"
"KN297320v1","313539","313687","chrX","108711335","108711486","25","108397796"
"KN297320v1","322995","323298","chrX","59517419","59517721","44","59194424"
"KN297320v1","349278","349476","chr12","103059079","103059279","16","102709801"
"KN297320v1","354092","354237","chr12","103063858","103063994","13","102709766"
"KN297320v1","361347","361654","chr12","103070423","103070727","23","102709076"
"KN297320v1","376688","376825","chr12","103085510","103085651","10","102708822"
"KN297320v1","389618","389944","chr14","60556136","60556443","53","60166518"
"KN297320v1","440643","440723","chr11","53405982","53406062","17","52965339"
"KN297320v1","629699","629810","chr3","73890806","73890910","18","73261107"
"KN297320v1","655088","655265","chr13","34627000","34627173","30","33971912"
"KN297320v1","656998","657171","chr6","42756418","42756585","36","42099420"
"KN297320v1","721295","721452","chr9","114091406","114091563","20","113370111"
"KN297320v1","762204","762313","chr12","64267990","64268099","13","63505786"
"KN297320v1","840234","840542","chr19","26992368","26992672","36","26152134"
"KN297320v1","1015830","1015999","chr25","15904393","15904561","20","14888563"
"KN297320v1","1040887","1041194","chr12","30617503","30617801","44","29576616"
"KN297320v1","1074635","1074735","chr12","103780162","103780258","9","102705527"
"KN297320v1","1128702","1129001","chr12","103833454","103833738","28","102704752"
"KN297320v1","1823391","1823503","chr9","102911776","102911884","18","101088385"
"KN297320v1","1867854","1868004","chr7","125398032","125398180","22","123530178"
"KN297320v1","1891259","1891361","chr12","104563316","104563418","2","102672057"
"KN297320v1","1904623","1904923","chr12","104573985","104574288","16","102669362"
"KN297320v1","1912690","1912909","chr10","5273215","5273411","57","3360525"
"KN297320v1","1922200","1922329","chr14","70325720","70325853","16","68403520"
"KN297320v1","2068435","2068723","chr12","104745923","104746212","14","102677488"
"KN297322v1","207355","207476","chr18","19914689","19914801","29","19707334"
"KN297322v1","215786","216078","chr5","67589261","67589550","7","67373475"
"KN297322v1","228144","228314","chr13","34627000","34627173","31","34398856"
"KN297322v1","637627","637870","chr5","67189291","67189521","31","66551664"
"KN297322v1","650151","650437","chr5","67176103","67176397","23","66525952"
"KN297322v1","792040","792276","chr11","12865706","12865946","48","12073666"
"KN297322v1","905030","905119","chr3","89451431","89451520","21","88546401"
"KN297322v1","981450","981628","chr14","18470427","18470606","34","17488977"
"KN297322v1","1158906","1159191","chr11","111575377","111575667","70","110416471"
"KN297322v1","1208476","1208782","chr5","66640620","66640927","11","65432144"
"KN297322v1","1315212","1315333","chr13","29750048","29750169","20","28434836"
"KN297322v1","1333579","1333725","chr8","114759064","114759219","32","113425485"
"KN297322v1","1340643","1340852","chr16","53306089","53306296","42","51965446"
"KN297322v1","1340853","1340947","chr1","34336770","34336865","17","32995917"
"KN297322v1","1384277","1384379","chr10","15180096","15180200","14","13795819"
"KN297322v1","1393727","1394027","chr5","66460489","66460789","8","65066762"
"KN297322v1","1493047","1493203","chr16","70224259","70224419","25","68731212"
"KN297322v1","1584207","1584376","chr11","52232529","52232701","30","50648322"
"KN297322v1","1854568","1854719","chrX","108711335","108711486","31","106856767"
"KN297323v1","142856","142961","chr3","51835292","51835396","20","51692436"
"KN297323v1","146857","147138","chr25","3816659","3816942","53","3669802"
"KN297323v1","166964","167083","chr13","15883866","15883988","18","15716902"
"KN297323v1","226124","226415","chr1","18440198","18440492","34","18214074"
"KN297323v1","247145","247263","chr8","139011239","139011357","16","138764094"
"KN297323v1","256478","256584","chr15","90397213","90397318","20","90140735"
"KN297323v1","262534","262824","chr8","138995296","138995587","20","138732762"
"KN297323v1","273141","273462","chr8","138984833","138985154","7","138711692"
"KN297323v1","292547","292840","chr6","33770311","33770609","35","33477764"
"KN297323v1","314958","315147","chr19","7192289","7192466","36","6877331"
"KN297323v1","389785","389914","chr1","117374889","117375021","12","116985104"
"KN297323v1","689628","689716","chr19","4265915","4266005","12","3576287"
"KN297323v1","840777","841050","chr8","138425669","138425942","14","137584892"
"KN297323v1","877422","877717","chr16","61916805","61917100","35","61039383"
"KN297323v1","886833","887142","chr8","138377586","138377879","29","137490753"
"KN297323v1","977213","977391","chr27","33925863","33926033","40","32948650"
"KN297323v1","1069449","1069750","chr8","138196466","138196769","20","137127017"
"KN297323v1","1260714","1260871","chr24","15585901","15586054","20","14325187"
"KN297327v1","20853","21150","chr27","48413692","48414005","26","48392839"
"KN297327v1","32262","32554","chr8","97083079","97083371","47","97050817"
"KN297327v1","58655","58926","chr20","122970386","122970665","45","122911731"
"KN297327v1","113345","113467","chr23","42267999","42268122","13","42154654"
"KN297327v1","128306","128576","chr27","48312696","48312976","22","48184390"
"KN297327v1","129092","129179","chr27","48312060","48312157","14","48182968"
"KN297327v1","159553","159833","chr22","18984943","18985221","42","18825390"
"KN297327v1","335363","335673","chr27","48094831","48095136","16","47759468"
"KN297327v1","355520","355715","chr27","48072431","48072616","24","47716911"
"KN297327v1","460758","460945","chr5","737199","737370","30","276441"
"KN297327v1","505835","506139","chr6","33770311","33770609","34","33264476"
"KN297327v1","534599","534698","chr11","38491243","38491337","15","37956644"
"KN297327v1","632834","632975","chr27","47794646","47794782","10","47161812"
"KN297327v1","656721","656869","chrX_KE148108v1_random","1282629","1282776","22","625908"
"KN297327v1","934472","934625","chr14","100342600","100342742","32","99408128"
"KN297327v1","975474","975670","chr27","47454868","47455066","10","46479394"
"KN297332v1","9444","9741","chr11","100350471","100350764","30","100341027"
