"KN294146v1","17679","17753","chr8","16251801","16251875","12","16234122","GTTGCAGTGAGCTGAAATGGTACCACTGCACTCCAGCCTGGATGAGAGAGTAAGACCCTGTCTCAAAAATAAAAA","GTTGCAGTGAGCTGAGATCATGCCACTGCACTCCAGCCTGAGTGACAGAGCAAGACTCCATCTCAAAAAAAAAAA"
"KN294146v1","34247","34359","chr5","36135293","36135405","19","36101046","GAATCCCTTAGAACTTGGGAGACATAGGTTGCAGTGAGCCAAGTTTGCGCCACTGCACGCCAGCCTGGGTGACAGAGCGAGACTCTTGTCTCAAAAAAAGAAAAAAAGAAAAA","AGAATCGCTTGAACCCGGGAGGCAGAGGTTGCAGTGAGCCGAGATTGCGCCACTGCACTCCAGCCTGGGTGACAGAGTGAGACTGTCTCAAAAAAAACAAAAAACACAAAAAA"
"KN294147v1","204662","204764","chr15","17989360","17989465","7","17784698","AGGAGAATCGCTTGAACCCAGGAGGCAGAGGTTGCAGTGAGCCGAGATCACGCCACTGCACTCCAGCCTGGGCAACAGAGTGAGACTGTCTCAAAAAAAAAAA","AGGAGAATTGCTTGAACCCAGGAGGCAGAGGTTGCAGTGAGCCAAGATCGCGCCACTGCACTCCAGCCTGGGCAACAGAGTGAGACTCTCTCAAAGAAAAATAAAA"
"KN294147v1","648360","648417","chr12","72832774","72832833","17","72184414","AACCTGGGAAGTGGAGATTGTAGTGAGCCCACTGTACTCCAGCCTGGGAGAGCAAGAC","ACCTGGGAGGTGGAAGTTGGCAGTGAGCCACTGCACTGCAGCCTGGGCAACAGAGAGGGA"
"KN294147v1","717406","717460","chr1","1958222","1958279","16","1240816","GGAGGTTGCAGTGAGCCAAGATTGCACCAGCCTGGGCAACAGAGCAAGACTCTGT","GGCAGAGGTTGCAGTGAACCGAGATCGCGCCATTGGACTGGACGACAGAGCAAGACTC"
"KN294147v1","743020","743319","chr6","21066333","21066631","40","20323313","GGCCAGGCATGGTGGCTCATGCCTGTAATCCCAGGACTTTGGGAGGCTGAGGTGTGTGAATCACGAAGTCAGGAGTTCAAGACCAAGATGGTGAAACCCCGTCTCTACTAAAAATACAAAAATTAGCTGGGTGTGGTGGCAGGTGCTTGTAATCCCAGCTACTTGGGAGGCTGAGGCAGGAGAATTGCTTGAACCTGGGGGTGGAGGTTGTAGTGAGCCAAAATTGCTCCATTGCACTACAGCCTAGGCAACAGAGTGAGACTCCGTCTCAAGAAAAAAAAAAAAAAAAAAAAAAAAGAA","GGCCGGGCACGGTGGCTCACGCCTGTAATCCCAGCACTTTGGGAGGCTGAGGCGGGTGGATCACGAGGTCAGGAGTTCAAGACCAGCAAGATGGTGAAACCCCATCTCTACTAAAAATACAAAAATTAGCTGGGTGTGGTGGCGGGCACCTGCAATCCCAGCTACTCGGGAGGCTGAGGCAGGAGAATCGTTTGAACCTGGGAGGTGGAGGTTGCAGTGAGCTGAGATTGCGCCTCTGCACTCCAGCTTGGGTAACAGAGCAAGACTCTGTCTCAAAAAAAAAAAAAAAAAAAAAAAAA"
"KN294147v1","762644","762948","chr20","100772930","100773237","32","100010286","GGCAGGGTGCAGTTGCTCACGCTTATAATCCCAGCACTTTGGGAGGCCGAGGCAGGAGGATCATGAGGTCAGGAGTTCGAGACCAGCCTAGCCAACACAGTGAAACCCCATCTCTACTAAAAATAAAAAATTAGCTGGGTGTGGTGGCAGGCACCTGCAATCCCAGCTACTCAGGAGGCTGAGGCAGGAGAATCACTTGAACCCAGGAGGCAGAGGTTGCAGTGAGCCAAGATTGTACCACTGGACTCCAGCCTGGGTGACAGAGCTAGACTCTGTCTCAAAAAACAAACAAACAAACAAAAAAA","GGCTGGGCGTAGTGGCTCACGCTTGTAATCCCAGCACTTTGGGAGGCTGAGGCGGGTGGATCACGAGGTCAGGAGTTCGAGACAAGCTTGGCCAACACAGTGAAACCCCGTCTCTACTAAAAATACAAAAATCAGCTGGGTATGGTGGCAGGCACCTGTAATCCCAGCTACTCGGGAGACTGAGGCAGGAGAATCGCTTGAACCCAGGAGGCAGAGGTTGTAGTGAGCCGAGATTGTGCCACTTTACTCCAGCCTGGGCGACAGAGCTAGACTCTGTCTCAAAAAGAAACAACAACAACAAAAAAAAA"
"KN294147v1","859658","859781","chr15","18615997","18616120","5","17756339","GCTACTCGAGAGGCTGAGGCAGGAGAATCACTTGAACCCGGGAGGCGGAGGTTGCAGGTTGCAGTGAGCCAAGATCACACCACTGCACTCCAGCCTGGGCGACAGAGCAAGACACTGTCTCAAA","GCTACTTGAGAGGCTGAGGCAGGAGAATCGCTTGAACCCGGGAGGCGGAGGTTGCAGGTTGCAGTGAGCCGAGATCACACCACTGCACTCCAGCCTGGGCAACAGAGCAAGACTCTGTCTCAAA"
"KN294147v1","1239377","1239555","chr15","18998078","18998253","9","17758701","AAAATACAAAAATTAGCCAGGTATGGCAGGTGCCTGTAATCCCAGCTACTTGGGAGGCTGAGGCACAAGAATTGCTTGAACCCACGTGGTGGAGTTTGTAGTGAGCTGAGATCATGCCACTGCACTCCAGCCTGGGCAACAGAGTGAGACCGTCTCAAAAAAAAAAAAAAAAAAAAAAA","AAAATACAAAAATTAGCCAGGTATGGCAGGCGCCTGTAATCCCAGCTACTTGGGAGGCTAAGGCACAAGAATTGCTTGAACCCACGTGGTGGAGTTTGCAGTGAGCTGAGATCATGCCACTGCACTCCAGCCTGGGCGACAGAGTGAGACTGTCTCAGAAAAAAAAAAAAAAAAAA"
"KN294147v1","1255028","1255314","chr5","2376614","2376910","46","1121586","GGCCAGGCGCGGTGGTTCACGCCTATAATCCTAGCACTTTGGGAGGCTGAGGCGGGTGAATCATGAGGTCAGGAGTTCAAGACCAGCCTGTGGTGAAACCCCATCTCTACTAAAAATACAAAAAAGTAGCTGGGTGTAGTGGGGAGTGCCTATAAACCCACCTACTCAGGAAGCTGAGGCAGGAGAATCACTTGAGTCCGGGAGGTGGAGGTTGCAGTGAGCTGAGATTCGTGCCACTGCATTCCAGCCCAGGAGACAGAGTAAGACTCTGTCTCAAAAAAAAAGAA","GACTGGGCGCGGTGGCTCACGCCTGTCATCCTAGCACTTTGGGAGGCTGAGGCGGGTGGATCACGAGATCAGGAGATCAAGACCAGCCTGGACAACATGGTGAAACCCCATCTCTACTAAAAATACAAAAACTAGCTGGGCGTGGTGGCGGGTGCCTGTAATCCCAGCTACTCAGGAGGCTGAGGCAGGAGAATCGCTTGAGCCCGGGAGGCGGAAGTTGCAGTGAGCCGAGATTACGCCACTGCACTCCAACCCGGGCGACAGTGCAAGACTCTGTCTCAAAAAAAAAAGAGAGAA"
"KN294147v1","1260648","1260832","chr10_KE148023v1_random","379045","379231","33","881603","TACAAAAATTAGCCGGGCATGGTGGTGGGCACCTGTAAACCCAGCTACTCAGGAGGCGTAGGCAGGAGAATCATTTGAACCTGGGAGGTGGAGGTTGCAGTGAGCAGAGATTGCGTCATTGTACTCCAGCCTGGGTGACAGAGTGAGACTGTCTCAAAAAAAATAAAAAAAATTAAAGTAAAAAA","ATACAAAAATTAGCCGGGCGCAGTGGTGGGCACCTGTAGTCCCAGCTACTTGGGAGGCTGAAGCAGGAGAATCACTAGAACCGGGGAGGCAAAGGTTGCAGTGAGCCGAGATCGTGCCACTGCACTCCAGCCTGGGCGACAGAGTGAGACTCTGTCCCCAAAAGAATAAAAAGAAAGAAAGAAAAAA"
"KN294147v1","1431035","1431146","chr8","26467282","26467388","24","25036247","GAGAAGTGTTAGAACCCAGGAGGCAAAGGTTGCAGTAAGACGAGATCACGCCACTGGGTCCCACCCTGGGAAAGAAAGCGAGACTCTGTCTCAAAAAAAAAAAAAAAAAAAA","TCACTTAAACCCAGGAGGCAGAGGTTGCAGTGAGCCGAGATCACACCACTGCACTCCAGCCTGGGAGACAGAGCGAGACTCCATCTCAAAAAAAGAAAAAGAAAAAA"
"KN294147v1","1448819","1449127","chr15","19186542","19186843","19","17737723","GGCTGGGCGCGGTGGCTCACACCTGTAATCTCAGCACTTTGGGAGGCCGAGGCGGGTGGATCATGAGGTCAGGAGTTTGAGACCAGTCTGGCCAACATGGTGAAACCCTGTCTCTACTAAAAAATACAAAAATTAGCCAGGCGCGGTGGTGAGCACCTGTGATCCCAGCTACTCAGGAGGCTGAGGCAGGAGAATCACTTGAACCTGGGAGGCAGAGGTTGCAGTGAGCCAAGATCACGCCACTACACTCCAGCCTGGGCAACAGAGCAAAACTCCATCTTAAATAAATAAATAAAAATCAAAGAAAAA","GGCTGGGCGCGGTGGCTTACACCTGTAATCCCAGCACTTTGGGAGGCCAAGGTGGGTGGATCATGAGGTCAGGAGTTTGAGACCAGTCTGGCCAACATGGTGAAACCCTGTCTCTACTAAAAAATACAAAAATTAGCCAGGCGCGGTGGTGAGCACCTGTGATGCCAGCTACTCAGGAGGCTGAGGCAGGAGAATCACTTGAACCCGGGAGGCAGAGTTTGCAGTGAGCCAAGATCATGCCACTGCATTCCAGCCTGGGCAACAGAGCATAACTCTATCTTAAATAAATAAATAAATAAAAA"
"KN294147v1","1515421","1515694","chr15","19247196","19247469","11","17731775","GCCAGGTGTGGTGGTTCACGTCTGTAATCCCAGCACTCTGGGAGGTGAGGCGGGTGGATCACGAGGTCGGGAGTTTGATACCAGCCTGGCCAAGATGGTGAAACCCCGTCTCTACTAAAAATACAAAAATTAGCAGGGCGCGGTGGCAGGCATCTGTAACCCCAGCTACTCAGGAGGCAGAGGTTGCAGTGAAGAGAGATCACACCACTGCACTCTAGCCTGGGCAACAGAGTGAGACTCCGCCTCAAAAAACAATAACAACAACAAAAAAAAA","GCCAGGTGTGGTGGTTCACGTCTGTAATCCCAGCACTCTGGGAGGTGAGGCAGGTGGATCACGAGGTCGGCAGTTTGAGACCAGCCTGGCCAAGATGGTGAAACCCCGTCTCTACTAAAAATACAAAAATTAGCAGGGCGCAGTGGCAGGCACCTGTAACCCCAGCTACTCAGGAGGCAGAGGTTGCAGTGAGGAGACATCATGCCACTGCACTCTAGCCTGGGCGACAGAGTGAGACTCTGCCTCAAAAAACAATAACAACAACAAAAAAAAA"
"KN294147v1","1586627","1586725","chr22","40865531","40865623","22","39278904","GGACGCGGGATGGGGAGGTTGCAGTGAGCTGAGACTGCATCACTACACTCTAGCCTGAGCAACAGAGTGAGACAGAGTTGTCTCAAAAAAAAAAAAAAA","CCAGGAGGTGGAGGTTGCAGTGAGCTGAGAGTGCACCACTACACTCCAGCCTGGACAACAAAATGAGACTCCATCTCAAAAGAAAAAAAAAAA"
"KN294147v1","1633921","1634051","chr15","19371225","19371355","2","17737304","AGTTAGTCAGGAGGCTGAGGCAGGAGAATTGCTTGAACCCGGGAGGTGGAGGTTGCAGTGAGCCGAGATCGCACCAGTACACTTCGGCATGGACGACAGAGCAAGACTCCGTCTCAAAAAAAAAAAAAAAA","AGTTAGTCAGGAGGCTGAGGCAGGAGAATTGCTTGAACCCGGGAGGTGGAGGTTGCAGTGAGCCGAGATCGCACCAGTGCACTTCGGCATGGACGACAGAGCGAGACTCCGTCTCAAAAAAAAAAAAAAAA"
"KN294147v1","1807130","1807248","chr3","9501712","9501828","19","7694582","GACCAGGCGTGGTGACTCTCATCTGTAATCCCAGGACTTTGGGAGGCCAAGTGGGGTGGATCATGGGGTCAGGAGTTCAAGTCCAGCCTGACCAAGATGGTGAAACCCCATCTCTACTA","GCCAGGTGTGGTGGCTCACACCTGTAATCCTAGTACCTTGGGAGGCTGAGGGGGGTGGATCATGAGGTCAGGAGTTCAAGACCAGCCTGGCCAAGGTGGTGAAACCCTGTCTCTGCT"
"KN294147v1","1838929","1839206","chr2","10197809","10198088","36","8358880","GCTGGGCGCGGTGGCTCACGCTTGTAATCCCAGCACTTTGGGAGGCTGAGGCGGGGGGATCACGAGGTCAGGAGTTTGAGACCAGCCTAGACAACACAGTGAAACCCCGTCTCTACTAAAAATACAAAAATTAGCTGGGCATGGTGGCAGGTGCCTGTAATCCCAGCTATTCGAAAGGCTGTGGCAGGAGAACCGCTTGAACCCGGGAGGCGGACGTTGCAGTAAGCCGAGATCACCCAACTGCACTCTAGCCTGGGCGACAAAGCTAGACTCCATCT","GGCTGGGCACAGTGGCTCATGCTTGTAATCCCAGCACTTTGGGATGCTGAGGCGGGTGGATCACGAGATCACGAGTTTGAGACCAGCCTTGCTAACACAGTGAAACCCTGTCGCTACTAAAAATACAAAAATTCGCTGGGCATGGTGGCAGGTGCCTGTAATCCCAGCTACTCAGGAGGCTGAGGCAGGAGAATTGCTTGAACCCATGAGGCGGAGGTTGCAGTGAGCCAAGATCGTACCACTGCACTCCAACCTGGGTGACAGAGCTAGATTCCATCTC"
"KN294152v1","138165","138463","chr1","82137575","82137853","39","81999410","CAGTACTTTGGGAGATGGAGGCGGGTAGATCATGAGGTCAGGAGTTCAACACCAGCCTGGCCAAGATAGTAAAACCCCGTCTCTATTAAAAATACAAAAATTACCCAGGCATGATGGTGGGCACCTGTAATCCCAGCTACTCGGAAGGCTGAGGCAGGAGAATTGCTTGAACGCAGGAGGCAGAGGTTTAAGTGAGGTGAGATCTTGCCACTGCACTCTAGCCTGTGTGACAGAGCAAGACTCCGTCTCAAAAACAAATAAAAAAAAAAAAAAAAAAAAAAAAAAAAAAAAAAAAAAAA","CAGTACTTCGGGAGGTGGAGGCAGGTAGATCATGAGGTCAGGAGTTCGACACCAGCCTGGCTAAGATAGTGAAACCCCGTCTCTATTAAAAATACAAAAATTACCCAGGCACGGTGGTGGGCGCCTGTAATCCCAGCTACTAGGAAGGCTGAGGCAGGAGAATTGCTTGAACCCAGGAGGCAGAGGTTGCAGTGTGGTGAGATCTTGCCACTGCACTCTAGCCTGTGTGACAGAGCAAGACTCCGTCTCAAAAACAAAAAGCCAAAAAAAACCAAAAAA"
"KN294161v1","52576","52882","chr7","24743592","24743899","22","24691016","CCAGGCGTGGTGGCTCATGCCTGTAATCCCAACACTTTGGGAGGCCGAGGAGGGTGGATCACGAGGCCAGGAGTTCAAGACCAGCCTGGTCAAGATGGTGAAACCCCTTCTCTACTAAAAATACAAAAATTAGCCAGGCGCAGTGGCAGGTGCCTGTAATCCCAGCTACTCAGGAGGCTGAGGCGGGAGAATCACTTGAACTCATGGGGGTGGAGGTTGCAGTGAGCTGAGACTGTGCCATAGCACTGCAGCCTGGGCAACAGAGTGAGACTCCGTCTCAAAAAAAAAAAAAAAAAAAAAAAAAAAA","GGCCAGGCATGGTGGGGCTCATGCCTGTAATCCGAACACTTTGGGAGGCCGAGGCGGGTGGATCACGAGGCCAGGAGTTCAAGACCAGCCTGGTCAAGATGGTGAAACCCCTTCTCTACTAAAAATATAAAAATTAGCCAGGCGCAGTGTCAGGTGCCTGTAATCCCAGCTACTCAGGAGACTGAGACAGGAGAATCACTTGAACTCGGGGGGGTAGAGGTTGCAGTGAGCTGAGATCATGCCATAGCACTGCAGCCTGGGCAACAGAGTGAGACTCCATCTCAAAAAAAAAAAAAAAAAAAAAAAAA"
"KN294161v1","539841","540129","chr16","8095492","8095779","33","7555651","GGCTGGGTGTGGTGGCTCAGGCCTGTAATCCCAGCACTTTAGGAGGCCAAGGCAGGTGGATCACGAGGTCAGGAGTTCGAGACCAGCCTGACCGACACGGTGAAACCCTGTCTGTACTAAAAATGCAAAAATTAGCCGGGCATGGTGGCAGGTGCCTGTAATCCCAGCTACTCAGGAGGCTGAGCCAGGAGAATCGCTTGAACCTGGGAGGGAGAGGTTACAGTGAGCCAAGATCGTACCATTGCACTCCAGCCTGGGCGACAGAGCAAGACTCTGTCTCGAAAGGAAA","GCCAGGCATGGTGGCTCATGCCTGTAATCCCAGCACTTTGGGAGGCCAAGGTGGGTGGATCACGAGGTCAGGAGTTCGAGACCAGCCTGGTCAACACAGTGAAGCCCTGTCTCTACTAAAAATACAAAAATTAGCTGGGCATGGTGGCAGGTGCCTATAATCCCAGCTACTCTGGAGGCTGAGACAGGAGAATCGCTTGAACCCGGGAGGTGGAGGTTGCAGTGAGCCAAGATCGTGCCATTGCATTCCAGCCTGAGCGACAGAGCTAGACTCCATCTCAAAAAAAAA"
"KN294161v1","540617","540696","chr19","32305478","32305555","13","31764861","GAGGTTACAGTGAGCCAAGATCGTACCATTGCACTCCAGCCTGGGCGACAGAGCAAGACTCTGTCTCGAAAGGAAAGGAA","GGTTGCAATGAGCCAAGATCACACCATTGCACTCCAGCCTGGGTGACAGAGCAAGACTCCGTCTCAAAAAAAAGAAAA"
"KN294161v1","834540","834713","chr19","7192289","7192466","28","6357749","ATACAAAAAATTAGCCGGGCGTGGTGGTGGGCACCTGTAATCCCAGCTACTCAGGAGGTTGAGGCAGGAGAATTGCTTGAACCTGGGAGGCAGACGCTGCAGTGAGCCGAGATCGCCCCACAGCACTCCAGCCTGGTCAACAGGGCAAGACTCCTCCAAAAAAAAAAAAAAAAA","TACAAAAATTAGCTGGGTGCAGTGGCAGGCGCCTGTAATCCCAGCTACTCAGGAGGTTGAGGCAGGAGAATCTCTTGAACCTGGGCAGCAGAGGTTGCAGTGAGCCGAGATCGTGCCACTGCACTCCAGCCTGGGCAACAGAGTGAGACTCCATCTCAAAAAAAAAAAAAAAAAAAAA"
"KN294161v1","905517","905813","chr7","25567164","25567463","15","24661647","GGCCGGGCGTGGTGGCTCATGCCTGTAATCCCAGCACTTTGGGAGGCCAAGGCACGTGGATCACTAGGTCAGGAGTTGGAGACCAGCCTGGCCAACATGGTGAAACCCTGTCACTACTGAAAACACAAAAATTAGCTGGGCATGCTGGCGGGTGCCTGTAATCCCAGCTACTCGGGGGGCTGAGGCAGGAGAACCCTTTGAACCTGGGAGGCGGAGGTTACAGTGAGCTGAGATCATGCCATTGCACTCCAGCCTGGGCAACAAGGTGAGATTCTGTCTCAAAAACAAACAAAAAAA","GGCCAGGCGTGGTGGCTCATGCCTGTAATCCCAGCACTTTGGAAAGCCAAGGCAGGTGGATCACTAGGTCAGGAGTTGGAGACCAGCCTGGCCAACATGGTGAAACCCTGTCACTACTGAAAACACAAAAATTAGCTGGGCATGCTGGCAGGTGCCTGTAATCCCAGCTACTCGGGAGGCTGAGGCAGGAGAATCCTTTGAACCTGGGAGGCGGAGGTTGCAGTGAGCTGAGATCACGCCATTGCACTCCAGCCTGGGCAACAGGGTGAGACTCCGTCTCAAAAACAAACAAACAAAAAA"
"KN294161v1","937334","937467","chrX","1165807","1165940","15","228473","GAGGCTGAGGCAGGAGAATTGCTTAAACCCGGGAGGCGGAGCTTGCAGTGGGCTGAGATCGCGCCACTGCACTCCAGCCTGGGCAACGAGCGAGACTCTGTCTCAAAAAAAAAAAAAAAAAAAAGAGAAACAAA","GGAGGCTGAGGCAGGAGAATCACTTGAACCCGGGAGGCGGAGCTTGCAGTGAGCCAAGATCGCGCCATTGCACTCCAGCCTGGGCAACAGAGCGAGACTCTGTCTCAAAAAAGAAAAACAAACAAACAAACAAA"
"KN294161v1","944262","944550","chr20","107475222","107475512","39","106530960","GGTTGGGCACAGTGGCTCACACCTGTAGTCCCAGCACTTTGGGAGGCCGAGGCAGGAGGATCACAAGGTCAGGAATTTGAGACTAGCCTGGCCAACATGGTGAAACCCTATCTCTACTAAAAATACAAAAATTAGCTAGGCGTGATGATGGGCACCTGTAATGCCAGCTACTCGAGAGGCTCAGGCAAGAGAATTGCTTGAACCTGGGAGGTGGAGGTCGCAGTGACCCAAGATCACGCCACTGCATTCCAGCCTGGGAGACAGAGCAAGACTCCATCAAGGAAAAAAA","GGCTGGGCACGGTGGCTCACGCCTGTAATCCCAGCACTTTGGGAGGCTGAGGCAGGCGGATCACGAGGTCAGGAGTTTGAGACCAGCCTAGCCAAGATGGCAAAACCCTGTCTCTACTAAAAATACAAAAATTAGCTGGGTGTGGTGGCAGGCACCTGTAATCCCAGCTACTTGGGAGGCTGAGACAGGAGAATTGCTTGAACCTGGGAGGCTGAGGTTGCAGTGAGCCAAGATCACACCACTGCACTCCAGCCTGGGCAACAGTGCAAGACTCCACCTCAAAAAAAAAAA"
"KN294161v1","1255820","1255900","chr28","2919408","2919489","15","1663588","CAGGAGGTGGAGGCTGTGGTGAGCCGAGATCTGGCCACTCTACTCCAGCCTGGGTGACAGAGCGAGACCCTGTCTTCAAAA","CCGGGAGGTGGAGGCTGCAGTGAGCAGAGATCATGCCATTGCACTCCAGCCTGGGTGACAGAGTGAGACTCCGTCTCAAAAA"
"KN294166v1","54410","54558","chr21","80145390","80145531","13","80090980","TCCCAGCTACTTGAGAGGTTGAGGTAGGAGAATCACATGAACCTGGGAGGCGGAGGTTACAGTGAGCTGAGATCACGCCACTGCACTCCAGCCTAGGCGACAAAGTGAGACTCTACCTCAAAAAAAAAAAAAAAAAAAAAAAAAAAAAA","TCCCAGCTACTCGAGAGGTTGAGGTAGGAGAATCACATGAACCTGGGAGGCGGAAGTTATAGTGAGCTGAGATCACGCCACTGGACTCCAGCCTGGGTGACAAAGTGAGACTCTACCTCAAAAAAAAAAAAAAAAAAAAAAA"
"KN294166v1","75204","75306","chr21","80130668","80130783","20","80055464","GGAGAAACGTTTGAACCGGTGAGGCAGAGCTGAGATCACGCCGCTGCACTCTAGCCTGGGTGGCAGAGTGAGACTCCATCTTCAAAAACAAAACAAAACAAAA","CTAAGTCTGGAGAAACGTTTGAGCCGGGGAGGCAGAGCTGAGATCACGCCATTGCACTCCAGCCTGGGTGGCAGAGTGAGACTCCATCTCAAAAAACAAAACAAAACAAAACAAAA"
"KN294166v1","149016","149297","chr7","87079141","87079422","32","86930125","GGCCAGGCGCAGTGGCTCACGCCTGTAATCCCAGCACTTTGAGAACCCAAGGCAGGTGGATCACGAGGTCAGGAGTTTGAGACCAGCCTGGTCAACCTGGTGAAACCCCGTCTCTACTAAAAATAAAAAATTAGCCGGGTGTGGTGGCGGGCACCTGTAATCCCAGCTACTTAGGAGGCTGAGGCAGGAGAACTGCTTGAACCGGGTAGGCGGAGGTTGTAGTGAGCCAAGATTGTACCACTGCACTCCAGCCTGAGTGACTGAACAAGATTGTCTCAAAAA","GGCCAGGCACGGTGGCTCACGCCTGTAATCCCAGCACTTTGGGAAGCCGAGGCAGGTGGATCACGAGGTCAGGAGTTTGAGACCAGCCTGACCAACATGGTGAAACCCCGTCTCTACTAAAAATACAAAAATTAGCTGGGTGTGGTGACAGGCGCCTGTAATCCCAGCTACTCAGGAGGTTGAGGCAGGAGAATCGCTTGAACCTGGGAGGCGGAGGTTGCAGTGAGCCAAGATCGAACCACTGTACTCCAGCCTAGGTGACAGAGCAAGACTCTGTCTCAA"
"KN294167v1","92414","92522","chr28","10409307","10409417","18","10316893","ACACAGCAGGCGGAGGTTGCAGTTAGCTGAGATCATGCCACTGCACTCCAGCCTGAGTGACAGAGCAAGCCTATGCCTCAACAAAAAAAAAAAAAAAAAAAAAAAAAAA","CCCAGGAGGTGGAGGTTGCAGTGAGCTGAGATCACACCACTGCACTCCAGCCTGGGTGACAGAGCGAGACTCCATCTCAAAAAAAAAAAAAAAAAAAAAAAAACCCAAAAA"
"KN294167v1","225793","226087","chr14","2633896","2634192","45","2408103","CTGGGTGCAGCGGCTTATGTCTGTAATCTCAGCACTTTGGAAGCCCAAGGCAAGTGGATCACGAGGTTAGGAGTTTGAGACCAGTGTGACAAACATGGTGAAACCCTGTCTCTACTAAAAATACAAAAATTAGGTGGGCGTGGTGGTGGGCGTCTGTAATCCCAGCTACTCAGGAGGCTAAGGCAGAATTGCTTGAACCCGGGAGGCAGAGGTTGCAGTGAGCCGAGATTGCGCCACTGTATTCTAGCCTAGGTGACAGAGGAAGACTTCGTCTCAGGAAAATAAAAAAAAAAAA","CCGGGCGCAATGGCTCACACCTGTAATCCCAGCACTTTGGGAGGCCAAGGCGGGTGGATCACGAGATCAGGAGTTCGAGACCAGTCTGGCCAACATGATGAAACCCCATCTCTACTAAAAATACAAAAATTAGCTGGGCGTGATGGTGGGCGCCTGTAATCCCAGCTACTCAGGAGGCTGAGGCAGGAGAATTGCTTGAACCCGGGAAGCAGAGGTTGCAGTGAGCCGAGATCGGGCCATTGCACTGCAGCCTGGGTGACAGAGCGAGACTCCGTCTCAAAAAAAAAAAAAAAAGAA"
"KN294167v1","480181","480357","chr21","107819096","107819263","28","107338915","ACACAAATTCGCCAGGCCTGGTGGCGGGTGCCTGTAATCCCACCTATTCGGGAGGCTGAGGCAGGAGAATCGCTTGAATCCAGGAGGTGGAGGTTGCAATGAGCTGAGATCGCGCCACTGCACTCCAGGCTGGCAGACAAGAGCAAGACTCTGTCTCAAAAAAAAAAAAAAAAAAAA","TAGCCAGGTAAGGTGGCGGGCACCTGTAATCCAGCTACTTGGGAGGCTGGGGCAGGAGAATCGCTTGAACCCAGGAGGCAGAGGTTGCAGTGAGCTGAGATCGCGCCACTGCACTCCAGCCTGGGCGACAAGAGTGAGACTCTGTCTCAAAAAAAAAAAAAAAAAAAA"
"KN294170v1","40346","40642","chr26","27641373","27641670","13","27601027","GGCCAGGCGCGGTGGCTCACACCTGTAATCCCAGCACTTTGGCAGGCCGAGGCAGGTGGATCACAAGGCCAGGAGTTCAAGACAAGCCTGGCCAACATAGTGAAACCCTGTCTCTACTAAAAATACAAAAATTAACCAGGCATGGTGGAAGGCACCTCTAATCCCAGCTACCTGGGAGGCTGAGACAGGAGAATCACTTGAACCTGGGAGGCAGAGGTTGCAGTGAGCTGAGACTGTGTCATTGCACTCCAGCCTGGGGAACAGAGCAAGACTCCATCTCGAAAACAAACAAACAAA","GGCCAGGCGCGGTGGCTCACGCCTGTAATCCCAGCACTTTGGGAGGCCGAAGCAAGTGGATCACAAGGCCAGGAGTTCAAGACAAGCCTGGCCAACATAGTGAAACCCTGTCTCTACTAAAAATACAAAAATTAACCAGGCATGGTGGCGGGCACCTCTAATCCCAGCTACTTGGGAGGCTGAGACAGGGGAATCACTTGAACCTGGGAGGTGGAGGTTGCGGTGAGCTGAGACCGTGTCATTGCACTCCAGCCTGGGGAACAGAGCAAGACTCCATCTCGAAAACAAACAAACAAAA"
"KN294170v1","103573","103753","chr9","106491473","106491651","30","106387900","AAATTAGGTTGGCATGGTGGCAGGCACCTGTAATCCCAGCTAGTCGGGAGGCTGAGGCAGAAGAATCGCTTGAACCCAAGAGGCGGAGGTGGCAGTGAGCCGAGATCATGCCATTGCACTCCACCTGGGTGACAGAGCGAGACTCCATCTCAAAAAAAAAAAAAAAAAAAAAAAAGAAAAA","TTAGCCAGGCATGGTGGCAGGAGCCTGTAATCCCAGCTACTCAGGAGGCTGAGGCAGGAAAATCGCTTGAACCCAGAAGGCAGAGGTTGCAGCAAGCCGAGATACCACCACTGCACTCCATCCTGGGTGAAAGAACGAAACTCTGTCTCAAAAAAAAAAAAAAAAAAAAAAAAAAAAAA"
"KN294170v1","198824","198947","chr6","33280274","33280395","17","33081450","TACTTGGGAGGCTGAGGCAGGAGAATCACTTCAACCCGGAAGGTGGAGGTTGCAATGAGCTGAGATTGCGCCACTACACTCCAGCCTGGGTGACAGAGTAAGACTGACTCTCAAAAAAAAAAAA","TACTTGGGAGACTGAGGCAGGAGAATCGCTTCAACCCGGAAGGTGGAGGTTGCAGTGAGCTGAGATCGCTCCACCGCACTCCACCCTGGGCAACAGAATGAGACTCTGTCTCAAAAAAAAAA"
"KN294172v1","186483","186563","chr11","112367219","112367296","9","112180736","AGGTTGCAGTGAGCTGAGATAGCGCCACTGCACTCCAGCCTGGGTGACAGAGTGAGGCTCCGTCTCAAAAAAAAAGAAGAA","GGTTGCAGTGAGCCGAGATTGCGCCACTGCACTCCAGCCTGGGCGACAGAGCGAGGCTCCGTCTCAAAAAACAAACAA"
"KN294172v1","224475","224593","chr19","29307589","29307705","6","29083114","AATCACTTGAACCTTGGAGGCGGAGGCTGCAGTGGGCCGAGATCAAGCCACTGCACTCCAGCCTGGGCGACAGAGCGAGACTCCATCTCAAAATAATAAACAAAAAAAAAAAAAAACAA","AATCACTTGAACCTGGGAGGCGGAGGCTGCAGTGGGCCAAGATCAAGCCACTGCACTCCAGCCTGGGCGACAGAGCGAGACTCCATCTCAAAATAATAAACAAAAATAAATAAAAAA"
"KN294172v1","240538","240651","chr9","102911776","102911884","24","102671238","GGTGGGATGATCACTCGAGCCTGGGAGGTGGAGGTTGTAGTGAGCCAAGAAGGTACCACTGCACTCCAATCTGGGTTACGGAGTAAGACCCTGTCTCTAAAAAATAAAATAAAA","GAGAATCACTTGAACCTGGGAGGTGGAGGTTGCAGTGAGCCAAGATTGTGCCACTGCACTCCAGCCTGGGTGACAGAGTGAGACTCCGTCTCAAAAAACAACAAATAAA"
"KN294172v1","328023","328140","chr15","12056017","12056135","14","11727994","GGAGGCTGAGGCAGGAGAATCGCTTGAACCCGAGAGGCGGAGGTTGCAATGAACCAAGATCGTGCCACTGCACTCCAGCCTGGGTGACAGACCTAGACTCTGTCTCAAAAAAAAGAAA","GGAGGCTGAGGCAGGAGAATCGCTTGAACCCAGGAGGCGGAGGTTGCAGCGAGCCGAGATCGCGCCATTGTATTCCAGCCTGGGTGACAGAGCGAGACTCTGTCTCAAAAAAAAAAAAA"
"KN294172v1","330053","330352","chr19","29202282","29202579","24","28872229","GGCCGGGCGCGGTGGCTCACGCCTGTAATTCCAGCTCTTTGGGAGGCCAATGTGGGCCGATCACGAGGTCAGGAGTTCACGACTAGCCTGGCCAACGTGGTGAAGCCCTGTCTCTACTAAAAATATAAAAATTAGCCGGGCACAACGGCAGGCGCCTGTAATCGCAGCTACTGGGGAGGCTGAGGCAGAAGAATTGCTTGAACCTGGGAGGCGGAGGTTGCCGTGAGCTGAGATCATGCCACTGCACTCCAGCCTGGGTAAAAGAGTAAGACTCTAGCTCAAAAAGAAAAAAAAAAAAAA","GGCCGGGCATGGTGGCTCACGCCTGTAATCCTAGCACTTTGGGAGACCGAGGTGGGCAGATCACGAGGTCAGGCGTTCAAGACTAGCCTGGCCAACATGGTGAAACCCTGTCTCTACTAAAAATATAAAAATTAGCTGGGCACAATGGCAGGCGCCTGTAATCGCAGCTACTGGGGAGGCTGAGGCTGGAGAATTGCTTGAACCTGGGAGGCGGAGGTTGCAGTGAGCTGAGATCATGCCCCTGCACTTCAGCCTGGGTAAAAGAGCAAGACTCTATCTCAAAAAAAAAAAAAAAAAA"
"KN294172v1","465316","465428","chr19","29058252","29058364","0","28592936","AGGCAGGAGAATCGCTTGAACCCTGGAGGTGGAGGTTGCAGTGAGCTGAGATCTCACCACTGCAGTCCAGCCTGGGTGATAGAGCGATACTCTGTCTCAATAAATAAATAAAA","AGGCAGGAGAATCGCTTGAACCCTGGAGGTGGAGGTTGCAGTGAGCTGAGATCTCACCACTGCAGTCCAGCCTGGGTGATAGAGCGATACTCTGTCTCAATAAATAAATAAAA"
"KN294172v1","531889","532037","chrX","108711335","108711486","25","108179446","TTAACCGGGCATGGTGGCAGTGCCTGTAATCCCAGCTACTTGGGAGGCCAAGGCAGGAGAATTGCTTGGACCTGGGAGGCAGAGGTTGCAGTGAGCCAAGATCGTGCCATTGCACTCTAACCTGGGTGACAGAGCAAGAGTCCGTCTCA","TTAGCCAGGCCTGGTGGCGGGGCCTGCAGTCCCAGCTACTCGGGAGGCTGAGGCAGGAGAATCGCTTGAACCTGGGAGGCGGAGGTTGCAGTGAGCCAAAGATCACACCACTGCACTCCAGCCTGGGCGACAGAGCAAGACTCTGTCTCAAA"
"KN294172v1","664047","664168","chr28","11903807","11903926","20","11239760","AGAATCGCTTGAACCCAGAAGGTGGAGGCTGCAGTGAGCTGAGACCACGCCATTGCACTCCAGCCTGGGTTGACAGAGCAAGACTCTATCTCATTAAAAAAAAAAAAAGAAAGAAAAGAGAA","GAATCGCTTGAACCTGGGAGATGGAGGTTGCAGTGAGCTGAGATGGTGCCACTGCATTCCAGCCTGGGTGACAGAGCGAGACTCCATCTCAAAAAAAAAATAAAAAGAAAAGAAAAAGAA"
"KN294172v1","730470","730656","chr12","106787522","106787700","31","106057052","TAAAAAAATTACCAGGGCATGGTGGTGGGCAGCTGTAATCCCAACTACTCGGGAGGCTGAGGAAGGAGAATTGCTTGAACTCAGTAGGTGGAGGTTGCAGTGAGCCAAGATCATGCCAGTGCATTCCAGCCTGGGTGACAGAGCGAGACTCCGTCTCAAAAAACAAAAAATAAAAAAAAAATAAAAA","AAAAATTAGCCGGGCACGGTGGTGGGCACCTGTAATCCCAGCTACTTGGGAGGCTGAGGCAGAAGAATTGCTTGAATCTGGCAGACGGAAGTTGCAGTGAGCCACGATCGTACCACTGCACTCCAGCTTGGGTGACAGAGGGAGACTCTGTCTCAAAAAAAAAAAAAAAAAAAAAAAAA"
"KN294172v1","802123","802206","chr11","112367219","112367296","14","111565096","GGCTGCGGTGAGCCGAGATCGCGCCACTGCATTCCAACCCGGGCGACAGAGCGAGACTCTGTCTCAAAACAAAACAAAACAGAA","GGTTGCAGTGAGCCGAGATTGCGCCACTGCACTCCAGCCTGGGCGACAGAGCGAGGCTCCGTCTCAAAAAACAAACAA"
"KN294172v1","861862","861976","chr1","17486662","17486767","19","16624800","CGCCTGAACCCAGGAGGCGGAGGTTTCAGTGAGCTGAGATCACGCCACTGCACTCCAGGGTAGGCGAGAGAACAAGACTCTGTCTCAAAAAAAAAAAAAAAGAAAAGAAAAGAAA","CCGGGAGGAGGAGGTTGCAGTGAGCTGAGATCACACCACTGCACTCCAGCCTAGGCGACAGAGCAAGACTCCGTCTCAAAAAAAAAAAAAAGAAAAGGAAAAGAAA"
"KN294172v1","872726","872840","chr19","28651817","28651935","8","27779091","GGAGGCGGAGGTAGGATAATTGCTTGAACCCGGGAGGCAGAGGTTGCAGTGAGCCGAGATCATGCCACTGCAGTCCAGCCGGGACAACAGAACAAGACTCCACCTCAAAAAAAAA","GGAGGCTGAGGTAGGAGAATTGCTTGAACCCGGGAGGCAGAGGTTGCAGTGAGCCGAGATCATGCCACTGCAGTCCAGCCTGGACAACAGAACAAGACTCTACCTCGAAAAAAAAAAAA"
"KN294172v1","884727","884841","chr28","13656554","13656672","31","12771827","AACTGCTTAGCAAGCTGAGGTAGGTGAATCACTCAAGGCCAGGAGTGAGCCAAAATCATGCCACTGCACTCCAGCCTGGGTGACAGAGTAAGACCGTCTCAACAAAACAAAACAA","TCAGGAGACTGAGGCAGGAGAATCAACCCAGGAGGCGGAGGTTGCAGTGAGCCGAGATCAGGCCACTGCACTCCAGCCTGGGTGACAGAGCAAGATGCCGTCTAAAAAAAAGAAAAAAA"
"KN294172v1","905522","905814","chr19","28615877","28616176","15","27710355","GGCTGGGCACGGCGACTCACGCCTGTAATCCCAGCACTTTGGGAGGCTGAGGCAGGTGGATCGCGAGGTCAGGAGTTCAAGACCAGCCTGGCCAAGATGGTGAAACCCCATCTCTACTAAAACTGCAAAAATTAGCTGGGAGTGGTGGCAGGTGCCTGTAATCCCAGCTACTCTGGAGGCTGAGGCAGGAGAATCGCTTGAACCCCAGCAGCACAGGTTGCTGTGAGCTGAGATCAGGCCACTGCACTCCAGCCTGGGCGACCGAGGGAGACTTCGTCTCAAAAAAAAAAAAA","GGCCGGGCACGGTGACTCACGCCTGTAATCCCAGCACTTTGGGAGGCTGAGGCAGGTGGATCGCGAGGTCAGGAGTTCAAGACCAGCCTGGCCAAGATGGTGAAACCCCATCTCTACTAAAACTGCAAAAATTAGCTGGGAGTGGGGGCAGGCGCCTGTAATCCCAGCTACTCTGGAGGCTGAGGCAGGAGAATCGCTTGAACCCCAGCAGCAGATGTTGCTGTGAGCTGAGATCAGGCCACTGCACTCCAGCCTGGGCGACAGAGGGAGACTCCGTCTCAAAAAAAAAAAAAAAAAAAA"
"KN294172v1","935461","935612","chr19","28584794","28584958","21","27649333","CGGGCGCCTGTAATACCAGCTACTCAGGAGGCTGAGGCAAGATAATCACTTGAGCCCAGGAGGTGGAGGTTGCAGTGAGGTGAGATCACGCCACTGCACTCCAGCCAGCCTGGTGACAGAGTGAGATGCCATCTCAAAAAAAAAAAAAAAAA","CGGGTGCCTGTAATACCAGCTACTCAGGAGGCTGAGGCAAGAGAATTACTTGAGCCCAGGAGGTAGAGGTTGCAGTGAAGTGAGATCACACCACTGCACTCCAGCCAGCCTGGTGACAGAGCAAGATGCCATCTCAAAAAACAAAAACAAAAACAACAAAACAAA"
"KN294172v1","1365113","1365418","chr19","28152785","28153100","31","26787672","GCGCGGTGGTTCACGCCTGTAATCTCAGCACTTTGGGAGGCCGAGGCGTGTGGATTACATGGTCAGGAGTTCAAGACCAGCTTGGTCAAAATGGCGAAACCCCATCTCTACTAAAAAAAACACACACAAAAAATTACCCGGGCACTGTGGCAGATGCCTGTAATCTCAGCTCCTCGGGAGGCTGAGGCAGGAGAATCGCTTGAACCCCGGGGGAAAGCGGCAGTTGCAGTGAGCCAATATTGCACCACTGCACTCCAGCCTGGGCAACAGAGTTAAGACTCCGTCTCAAAAAAAAAAAAAAAGAAA","GGCCAGGTGCAGTAGTTCACGCCTGTAATCTCAGCACTTTAGGAGGCGGAGGCGTGTGGATTACATGGTCAGGAGTTCAAGACCAGCCTGGCCAAAATGGCGAAACCACATCTCTACTAAAAAAAAACACAAAAAATTACCCGGGCACTGTGGCAGGTGCCTGTAATCTCAGCTACTCAGGTGGCTGAGGCAGGAGAATCGCTTGAACCCCGGGGGAAAGCGGCAGTTGCAGTGAGCCAATATTGCACCACTGCATTCCAGCCTGGGCAAGAGAGTTAAGACTACGTCGCAAAAAAAAAAAAAAAACAAAAAGAAA"
"KN294172v1","1447796","1447923","chrX","562747","562872","21","885049","CTACTCGGAAGGCTGAGGTGGGAGGACCACTTGAGCCTGGGGGGTGGGAGGTTGCAGTGAGCAGAGATCATACCACTGCACTCCAGCCTGGGCAACAGAGCAAGACTCTGTTTCAAAAAAACACAAAA","CTACTCGGGAGGCTGTGGCCGGAGAATCGCTTGAACCCGGGAGGCAGAGGTTGCAGTGAGCTGAGATCACACCACTGCACTCCAGCCTGGGCGACACAGCAAGACTCCGTCTCAAAAAAGCAAAAA"
"KN294172v1","1447924","1448110","chr8","48888653","48888832","29","47440729","CTAAAAATACAAAAATTAGCTGGTCACAGTGGTGGGCACCTGTAATCCCAGCTACTCGGGAGGCTGATGCAGGAGAATCAGTTGAGCCCAGGAGGTGGAGGTTGCAGTGAGCAGAGATCATGCCACTGCACTCCAGCCTGGGTGACTGAGTGAGACTCTATCTCAAAAAATAAATAAATAAATAAAA","AAAAATACAAAAATTAGCCAGGCACAGTGGCGTGCACCTGTAATCCCAGCTGGTCGGGAGGCTGAGGCAGGAGGATCTTGAACCCAGGAGGTGGAGGCTACAGTGAGCTGGGATCATGCCACTGAACTCCAGCCTGGGCAACAGAGTAAGACTCCATCTCAAAAAATAAAATAAAAAGAA"
"KN294172v1","1487040","1487366","chr19","28029858","28030167","42","26542818","GGCCGGATGTGGTCACTCACACCTGTAATCTCAGCACTTTGGGAGGCCGAGCTGGGTGGATCACAAGGTCGAGAGTTCAAGAGCAGCCTGGCCCACATGGTGAAACCGCCTCTCTACTAAGAATACAAAAATTAGCCAAGCGTGGTGGCAGGTGCCTGTAATCCCAGCTACTCGGGAGGCTGAGGCAGGAGAATCACTTGAACCTGGGAGGCGGAGGTTGCAGTGAGCCAAGATTATGCCACTGTCCTCTGGCCTGGGTGACAGAGAAAGACTGTCTCAAAAAAAAAAAAAAAAAAAAAAAAAAAGAAAGAAAGATAAAAAGAAAAA","GGCTGGATGTGGTGGCTCACACCTGTAATCTCAGCACTTTGGGAGGCCGAGCTGGGTGGATCACAAGGTCGAGAGTTCGAGAGCAGCCTGGCCCACATGGTGAAACCGCCTCTCTACTAAGAATACAAAAATTAGCTGAGCGTGGTGGCAGCTGCCTGTAATCCCAGCTACTCGGGAAGCTGAGGCAGCAGAATCGCTTGAACCTGGGAGGCAGAGGTTGCAGTGAACTGAGATCATGCCACTGCCCTCCAGCCTGGGTGACAGGGCAAGACTCTGTCTCAAAAAAAAAAAAAAAGAAGAAGAAGAAGAA"
"KN294172v1","1571048","1571144","chr4","80559773","80559862","14","78988725","GGGAGGAAGAGGTTGCAGTAAGCCAAGATCACACCACTGCACTCCAGCCTGGATGACAGAGTGAGACTCTGTCTCAAAAAAAAAAGAAAGAAAGAGA","GGAGGGGGAGGTTGCAGTGAGCCGAGATCACACCATTGCACTCCAGCCTGGATGACAGAGTGAGACTCCCTAAAAAAAAAAAAAAAAAAA"
"KN294172v1","1638920","1639103","chr10","19939788","19939971","34","18300868","TCTTTATTAATAACACAAAAATTAGCCGGGTGTGGTGGCGAGTGCCTGTAATCCCAGCTACTCTGGAGGCTGAGGCAGGAGAATTGCTTGAACCTGGGAGGTGGAAGTTGCATTGAGCTGAGATCACGCCATTGCACTCCAGCCTGGGCGACACAGTGTGACTCTGTCAAAAAAAAAAAAAAAA","CTACTAAAAATACAAAAATTAGCGGGGCCGGGTGGGGACACTCTGTAATCCCAGCTACTCAGGAGGCTGAGGTAGGAGAACTGCTTGAACCCAGGACGTGGAGGTTGCAGTGAGCTGAGATTCTGCCACTGCACTCCAGCCTAGGCGACAGAGTGACACTCTGTCTCAAAAAAAAAAAAAAAAA"
"KN294172v1","1729136","1729264","chr9","105850038","105850165","14","104120902","GGGAGGCTGAGGCAGGAGAATATCTTGAACCCAGGAGGTGGAGGTTGCAGTGAGCTGAGATCACGCCACTGCACTCCAGCCTGGGCAACAGAGCAAGACTCCGTCTCAAAAATAAATAAACAAACAAAA","CGGGAGGCTGAGGCAGGAGAATCACTTGAACTCAGGAGGTGGAGGTTGCAGTGAGCTGAGATAGTGCCACTGCACTCCAGCCTGGGCAATAGAGAGAGACTCCGTCTCAAAAAAAAAGAAAAAAAAAA"
"KN294172v1","1751872","1752049","chr5","737199","737370","26","1014673","TTAGCCCGGGCATGGGGGTGGGCACCTGTAGTCCCAGCTACTCAGGAGGCTGAGGCAGGAGAATCACTTGAAGCCAGGAGGCAGAGGTTGCAGTGAGCTGAGATCACACCACTGCACTCCAGCCTGGGTGGCAGAGTGAGACTCTGTCTCAAAAAAAAACAAAAAAAAAAAAAAACAA","TTAGCCTGGCGCGGTGGTGGGCACCTGTAATCCCAGCTACTCAGGGGGCTGAGGCAGGAGAATCACTTGACCCAGGAAGCGGAGCTTGCAGTGAGCTGAGATCGCGCCATTGCACTCCAGCCTGGGCAACAGAGCGAGACTCTGTCTCAAAAAAAAGAAAAAAGAAAAGAAA"
"KN294172v1","1774964","1775107","chr19","27746846","27746978","14","25971882","GCTACTTGAGAGACTGAGGCAGGGGAATCGCTTGAACCCAGGAGGTGGAGGTTGCAGTGAGTTGAGATCGTGCCATGCCACTGTACTCCAGCCTGGGTGACAGAGTGAGACTCTGTCTCAAAAAAAAAAAAAAAAAAAAAACAA","GCTACTTGGGAGACTGAGGCAGGAGAATCGCTTGAACCCAGGAGGTGGAGGTTGCAGTGAGTTGAGATCGTGCCATGCCACTGTACTCCAGCCTGGGTGACAGAGTGAGACTCTGTCTACAAAAAAAAAAAAA"
"KN294172v1","1802115","1802214","chr25","3724493","3724591","12","1922378","CTTGAACCCGGGAGGTAGAGGTTGCAGTGAGCCAAGATTGCGCCACTGCACTCCATCCTGGGCAACAAAGCGAGACTCTGTCTCAAAAAAAAAAAAAAAA","TTGAACCCGGGAGGTGGAGGTTGCAGTGAGACAAGATCACACCACTGCACTCCATCTTGGGCGACAAAGTGAGACTCCATCTCAAAAAAAAAAAAAGAA"
"KN294172v1","1825691","1825818","chr19","27699849","27699978","8","25874158","GGAAGCCGAGGCAGGAGAATTGCTTGAACCCAGGAAGGGCAGAGGTTGCAGTGAGCTGAGATTGCACCACTGCACTCCAGCCTGGGCAATAGAACAAGACTCCATCTCAAAAAAAAAAAAAAAGAAAA","GGAAGGTGAGGCAGGAGAATCGCTTGAACCCAGGATGGGCAGAGGTTGCAGTGAGCCGAGATTGCACCACTGCACTCCAGCCTGGGCAACAGAACAAGACTCCATCTCAAAAAAAAAAAAAAAAAGAAAA"
"KN294172v1","1895136","1895266","chr19","27631820","27631950","2","25736684","CGGGCCGCGGGGGTGGCAGCTGTAATCCCAACTACTCGGGAGGCTGAGGCAGGAGAATCGCTTGAACCCAGGGGACGGAGGTTGCAGTGAGCCAAGATCGCGCCACTTCAGTCCAGCCTGGGTGAAAAAGC","CGGGCCGCGGTGGTGGCACCTGTAATCCCAACTACTCGGGAGGCTGAGGCAGGAGAATCGCTTGAACCCAGGGGACGGAGGTTGCAGTGAGCCAAGATCGCGCCACTTCAGTCCAGCCTGGGTGAAAAAGC"
"KN294172v1","1919929","1920172","chr11","124277362","124277609","38","122357433","GCGGTGGCTCACGCCTGTAATCCCAGCACTTTGGGAGGCCAAGGTGGGTGGACCATGAGGTCAGGAGTTTGAGACCAGCCTGGCCAAGATGGTGAAACTCCGTCTCTACTAAAAAATACAACAATTAGCCGTGTGTGGTGGCAGGCGCCTGTAATCCCAGCTACTTGGGAGGCTGAGGCAGGAGAATCGCTTGAACCTGGGAGGTGGAGTCTGCAGTGAGCCGAGATTGCGCCACTGCACTCTA","GGCCAGGTGCAGTGGCTCATGCCTGTAATCCCAGCACTTTGGGAGGCCAAGGCAGGTGGATCACGAGGTCAGGGGTTTGAGACCACCCTGGCCAACATGGTGAAACTCGGTCTCTAATAAAAATACAAAAATTAGCTGGGCAGGATGGCAGGTGCCTGTAATCCCAGCTACTCAGGAGGCTGAGGCAGGAGAATCGCTTGAACCTGGGAGGCGAAGGTTGCAGTGAGCCTAGACTGCGCCACTGCACT"
"KN294172v1","1940921","1941066","chrX_KE148108v1_random","1282629","1282776","28","658292","GCCTGGCGTGGTGACGGGCACCTGTAGTCCCAACTACTCAGGAGGCTGAGCTAGGAGAATCTTTTGAACCAGGAGGTGGAGGGTTGCAGTGAGCCAATATTGCGCCACTGCTCTCCAGCCTGGGTGACAGAGCAGGACTCCATCTC","CCAGGCGCGGTGGCGGGCACCTGTAATCCCAGCTACTCAGGAGGCTGAGGCAGGAGAATCACTTGAACCCAGGAGGCGGAGGTTGCAATGAGCTGAGATTGCGGCACCGCACTCCAGCCTGGGCGACAGAGAGAGACTCTGTCTCAAA"
"KN294172v1","2001668","2001803","chr19","27532856","27532991","9","25531188","TCGGCAGGGCTGAGGCAGGAGAATCTCTTGAACCTGGGAGGTGGAGGTTGCAGTGAGTTGAAATTGCACCACTGCCCTCGAGCCTAGACAGCAGAATGAGACCCTGTGTCAAAACCACAACAAAACAAAAAATAAA","TCGGGAGGGCTGAGGCAGGAGAATCTCTTGAACCTGGGAGGTGGAGGTTGCAGTGAGTCGAGATTGCACCACTGCCCTCGAACCTGGACAGCAGAACAAGACTCTGTCTCAAAACCACAACAAAACAAAAAATAAA"
"KN294172v1","2109535","2109685","chr6","7839767","7839914","28","5730232","GGGCATGGTGACGGGCACCTGTAATCCCAGCTACTCAGGAGACTGAAGCATGAGAATCGCTTGAACCTGGGAGGCGGAGGTTGCAGTGAGCCGAGATCGAGCTACTGCACTCCATCCTGGGTGACAGAGCGAGACACTCTCAAAAATAAAA","GGAGGCGGGCACCTGTAATCCCAGCTACTCAGGAGGCTGAGGCAGGAGAATCGCTTGAACCCAGGAGGCAGAGGTTGCAGTGAGCGAGATCTTGCCACTGCACTCCAGCCTGGGCAAGAGTGAGACTCTGTCTCAAAAATGAAAAAAA"
"KN294172v1","2208379","2208467","chr7","13026508","13026594","12","10818129","AGGTGGAGGTTGCAGTGAGCCGAGATCACGCCACGGGACTCCAGCCTGGGCGACAGAGCAAGACACCATCTCAAAAATAAATAAATAAA","GAGCTGGAGGTTGCAGTGAGCCAAGATCACACCACTGCACTCCAGCCTGGGTGACAGAGCAAGACTCCATCTCAAAAACAAAAAAAA"
"KN294172v1","2227928","2227940","chr21","126653116","126653129","2","124425188","AAACATAAAAACA","ACACATAAAAACAA"
"KN294172v1","2228255","2228429","chrX","63534112","63534291","30","61305857","AATTAGCTGGGTATGGTGGCAGTTACTTGCAATCCTAGCTACTCAGGAGGCTGAGGCAGGAGAATCATCTGAACTGGAAGGCAGAAGTTGCAGTGAGCCAGATTGTGCCACTGCACTCCAGCCTGGGCAATGGAGCAAGACTCCACCTAAAAAAAAAAAAAAAAAAAAAAAAAAA","AAAATTAGCTGGGCACGGTGGCAGGTGCCTGCAATCCCAGATACTCAGGAGGCTGAGGCAGGAGAATCGCTTGAACTCGGGTGGCGGAGGTTGCAGTGAGCCAAGATTGCACCACTACACTCTAGCCTGGGTGACAGAGCAAGACTTCATCTTTAAAAAAAAAAAAAAAAAAAAAAAAAA"
"KN294172v1","2316653","2316815","chr10","113647543","113647707","31","111330890","ACAAAAATTAGCCAGGCGTGGTGGTGGGTGCCTGTAATCCCCAGCTATTCAGGAGGCTAAGGTGTGAGAATCGCTTGAACCGGGAGGCAGAGGTTGCGGTGAGCTGAGATCATACCATTGCACTCCAGCCTGGGCGACAGAGGGAGACTGTCTCAAAAAAGAA","ATAAATATTAGCCAGGTACGGGGGCAGGTGCCTGTAATCCCAGCTACTCAGGAGGCTAAGGCAAAAGAATCACTTGACCCTGGGAGGTAGAGGTTGCAGTGAACCGAGATCGCACCATTGCACTCCAGCCTGAGTGACAGAGCAAGACTCTGTCTCAAAAATAAA"
"KN294172v1","2347736","2347865","chr6","3981429","3981559","12","1633693","CAGCTACTCCGGAGGCTGAGGCAGGAGAATGGCTTGAACCTGGGAGGCAGAGGTTGCAGTAAGCCGAGATCGTGCCACTGCACTCCAGCCTGGGTGACAAAGTGAAACTCCGTCTCAAAAAAAAAAAAAA","CAGCTACTCGGGAGGCTGAGGCAGGAGAATCGCCTGAACCTGGGAGCCAGAGGTTGCAGTGAGCTGAGATCGTGCCACTGTACTCCAGCCTGGGTGACAGAGTGAGACTCCGTTTCAAAAACAAAAAACAA"
"KN294172v1","2404935","2405074","chr11","118122348","118122488","23","115717413","ATCCCAGCTACTTGGGAGGCTGAGGCACGAGAATCACTTGAGCCCAGGAGGTGGAGCTTGCAGTGAGCAGAGATCGCACCATTGCACTCCAGCCTGGAAGACAGAGCGAGGTTCCATCTCAAAACAAGCAAACAAACAAA","ATCCCAGCTACTCCGGAGGCTGAGGCAGGAGAATCACTTGAACCCAGGAGGCGGAGGTTGCAGTGAGCCGAGATCATCCCACCAGTGCACTCTAGCCTGGGTGACAGAGTGAGACTCCATCTCAAAAAAAAAAAAAAAAAA"
"KN294172v1","2408754","2409047","chr19","27126396","27126688","15","24717642","GTGGCTCACGCCTGTAATTCCAGCATTTTGGGAGGCCTAGGCAGGTGGATCATGAGGTCAGGAGTTCGAAACCAGCCTGGCCAATATGGTGAAACCCCATCTCTACTAAAAATACAAGAATTAGCTAGGTGTGGTGGCGGTAGCCTGTAGTCCCAGCTGCTTGAGAGACTGAGGCAGGAGAATCGCTCAAACTCAGGAGACAGAGGTTGCAGTGAGCCGAAATCGTGCCACTGCACTCCAGCCTGGGTGACAGAGTGAGACTCCATCTCAAAAGAAAAGAAAAAAGGAAAAAAA","GTGGCTCACACCTGTAATTCCAGCATCTTGGGGGGCTGAGGCAGGTGGATCATGAGGTCAGGAGTTCGAAACAAGCCTGGCCAATATGGTGAAACCCTGTCTCTACTAAAAATACAAGAATTAGCTAGGTGTGGTGGCGGTAGCCTGTAGTCCCAGCTGCTTGGGAGACTGAGGCAGGAGAATCGCTCGAACTCGGGAGACAGAGGTTGCAGTGAGCCGAAATCGTGCCACTGCACTCCAGCCTGGGTGACAGAGTAAGACTCCATCTCAAAAGAAAATAGAAAAGAAAAAAA"
"KN294172v1","2533137","2533246","chr20","85379885","85379994","14","82846748","CAGCTACTCAGGAAGCTGAGGCAGGAGAATCGCTTGAACCCAGGAGGCAGAGGTTGCAGTGAGCCGAGATCATGCTGCTGCACTCCAGCCTGGGTGACAGAGTCAGACTC","CAGCTACTGGGGAGGCTAAGGCAGCAGAATCACTTGAACCTGGGAGGCATAGGTTGCAGTGAGCCAAGATCATGATACTGCACTCCAGCCTGGGTGACAGAGTGAGATTC"
"KN294172v1","2588394","2588493","chr19","26929619","26929714","7","24341225","GGAGGTTGCAGTGAGCTGAGATCGCACCACTGCACTCCAGTCTGGGTGACAGAGCAAGACTCCATCTCAAAAAAAAAAAAAAAAAAAAAAAAAGCAAAAA","GGAGGTTGCAGTGAGCTGAGATCGTACCACTGCACTCCAGTCTGGGCGACAGAGCAAGACTCCATCTCACAAAAAAAAAAAAAAAAAAAGCAAAAA"
"KN294172v1","2759995","2760132","chr16","6556261","6556395","34","3796266","TTAGCCAGGCATGGTGATGGGCACCTTTGGGAGGCTGAGGCAGGAGAATCATTCGAATCCTGGGGGTAGAGGTTGCAATGAGCTGAGACCGTGCCACTGCACTCCAGTCTGGGTGGCAGAGCGAGACCGTCTCAAAAA","TACGTGCCTGTAGTCCCAGCTACTCGGGAGGCTGAGGCAGGAGAATGGCTTGAACCTGGGAGGCAGAGGTTGCCATGAGCCAAGATCGTGCCACTGCACTCCAGCCTGGTGACAGAGCGAGACTCCGTCTCAGAA"
"KN294172v1","2993862","2994008","chr19","26535545","26535692","9","23541683","CACCTGTAATCCCAGCTACTCAGGAGGCTGAGACAGGAGAATCGCTTGAACCTAAGAGATGGAGGTTGCAGTGAGCCGAGATTGTGCCACTGCACTCCAGCCTGGGCAACAGAGCAAGACTCTGTCTTTAAAAAAAAAAAAAAAAAA","CACCTGTAATCCCAGCTACTCGGGAGGCTGAGACAGGAGAATCGCCTGAACCCAAGAGGTGGAGGTTGCAGCGAGCCGAGATTGTGCCACTGCACTCCAGCCTGGGCAACAGAGCAAGACTTTGTCTAAAAAAAAAAAAAAAAAAAAA"
"KN294172v1","3034585","3034886","chr19","26497482","26497786","24","23462897","GGCCGGGCACGGTGGCTCATTCCTATAATCCCAGTACTTTGGGAGGCTGAGGCAGGTGGATCACGAGGTCAGGAGTTTGAGACCAGCCGGACCAACATGGTAAAAACCCATCTCTACTAAAAACACAAAAATTAGCTGGAGGTGGTGGCAGGCACCTGTAATCCCAGCTACTTGGGAGGTTGAGGCCGGAGAATCATTTGAACCCAGGAGGCGGAGCTTGCAGTGAGCTGAGATCGCGCCATTGCACTCCAGCCTGGGCAACAGGCCGAGACTCCGTCTCAAAAATAAAATAATAATAATAA","GGCCAGGCACGGTGGCTCATTCCTATAATCCCAGTACTTTGGGAGGCTGAGGCAGGTGGATCACCAGGTCAGGAGTTTGAGACCAGCCTGGCCAATATGGTAAAACCCCATCTCTACTAAAAATACAAAAATTAGCTGGACGTGGTGGTGGGCACCTGTAATCCCAGCTACTTGGGAGGCTGAGGCCAGAGAATCGTTTGAACCCAGGAGGTGGAGCTTGCAGTGAGCCGAGATCACGCCATTGCACTCCAGCCTGGGCAACAGAGGGAGACTCCATCTCTAAAATAAAATAATAATAATAATAA"
"KN294172v1","3050317","3050619","chr19","26482600","26482897","17","23432283","GGCCAGGCGTGTAGCTCATGCCTGTAATTCCAGCACTTCTGGAGGCCGAGGCAAGTGGATCACGAGGTCAGGAGTTCAAGACCAGCCTGGTCAAGGTACGGAAACCCTGTCTCTACTAAAAATACAAAAATTAGCTGGGCGTAGTGGCGCACGCCTGTAATCCCAGCTACTCGGGAGGCTGAGGCAGGAAAATCACTTGAACTCGGGAGGCAGAGGTTGCAGTGAGCTGAGATTGCGTCACTGCACTCCAGCCTGGGTGACAGAGCAAGACTCTGTCTCAAAACAAAAACAAACAAACAAAAA","GGCCAGGCGTGTGGCTCATGCCTGTAATTCCAGCACTTCTGGAGGCCGAGGCAAGTAGATCACGAGGTCAGGAGTTCAAGACCAGCCTGGCCAAGATACGGCAACCCTGTCTCTACTAAAAATACAAAAATTAGCTGGGCGTAGTGGCCCGCGCCTGTAATCCCAGCTACTCGGGAGGCTGAGGCAGGAAAATCACTTGTACTAGGGAGGCAGAGGTTGCAGTGAGCTGAGATTGCGCCACTGCACTCCAGCCTGGTGACACAGCGAGACTCTGTCTCAAAACAAAAACAAACAAAAA"
"KN294172v1","3249549","3249658","chr6","4502159","4502271","11","1252610","GAATTGCTTGAACCCGGGAGGCAGAGATTGTAGTGAGCCGAGATCGTGCCACTGCACTCCAGCCTGGGCGACAGAGTGAGACTCCGTCTCAAAAAAAAAAAAAAAAAAAA","AGAATCGCTTGAACCCTGGAGGCGGAGCTTGCAGTGAGCCGAGATCATGCCACTGCACTCCAGCCTGGGCGACAGAGCAAGACTCCGTCTCAAAAAAAAAAAAAAGAAAGAAA"
"KN294172v1","3637963","3638189","chr16","74851808","74852031","28","71213845","GGCCAGGCGCGGTGGCTCACGCTTATAATCCCAGCACTTTGCGAGGCCAAGGCAGGTGGATCAGCTGAAGTCAGGAGTTCAAGACCAGCCTGGCCAAGATGGTGAAACCCTGTCTCCACTAAAAATACAAAAATTAGCCAGGCATGGCGGTGGGTGCCTGTAATCCCAGCTACTCAGGAGGCTGAGGCAGGAGAATCGCTTGAACCCAGGAGGCAGAGGTTGCAGTG","GGCCAGGGGGGTGGCTCACCCCTGTCATCCCAGCACTTTGGGAGGCTGAGGCGGGTGGATCACAAGGTCAGGAGTTCAAGACCAGCCTGGCCAAGATGGTGAAACCCTGTCTTTACTGAAAATACAACAATTAGCCAGGCGTGGTGGCGGGCGCCTGTAATCCCAGCTACTCGGGAGGCTGAGGCAGGAGAATGGCGTGAACCCGGGAGGCGGAGCTTGCAGTG"
"KN294172v1","3668738","3668907","chr20","12577124","12577295","27","8908386","TTAGCTGGGTGCAGTGGCAGGCACTTCTAATCCCAGCGACTCAGGAGGCTGAGGCAGGAGAATCTCTTGAACCCAGGAGGTGGAGGTTGCAGCGAGCGGAGACTGTGCCACTTCACTCCAGCCTGGGCGACAGAGCAAGACTCTTAAAAAAAGAAAGGAAAAGAAAAGAA","TTAGCCGGGGCAGTGGCGGGCGCCTGTAATCCGAGCTACTCAGGAGGCTGAGGCAGGAGAATTGCTTGAACCCATGAGGTGGAGGTTGCAGTGAGCTGAGATTGCACCACTTTACTCTAGCCTGGGTGACAGAGCAAGACTCCGTCTCAAAAAAAAAAAAAAAAAGAAAAAA"
"KN294172v1","3884161","3884469","chr11","8684527","8684834","35","4800366","GGCCAGGCACGGTGGCTCATGCCTGTAATTCCAGCACTTTGGGAGGCCGAGGTGGGTGGGTCACTAGGTCAGGAGTTCAAGACCAGCCTGACCAACATGGTGAAACCCTGTCTCTACTAAAAATACAAAAATTAGCTGGGTGTGGTGGCAGGTGCCTGTAATCCTGGCTACTCAGGAGGCTGAGGCAGGAGAATCGCTTGAACTGGGAGGCGGAGGTTGCAGTGAGCCGAGATCACACCTTTGCTCTCCAGCTTGGGCAACACAGTGAGACTCTTTATCAAAAGACAAAATAAAATAAAACAAAAATAA","GGCTGGGCGCGGTGGCTCAAGCCTGTAATCCCAGCACTTTGGGAGGCCGAGGTGGGTGGATCACGAGGTCAGGGGTTCGAGACCAGCCTGACCAACATGGTGAAACCCTGTCTCTACTAAAAATACAAAAATTAGCTGGGCGTGGTGGCAGGTGCCTGTAATCCCAGCTACTCGGGAGGCTGAGGCAGGAGAATTGCTTGAACCCGGGAGGTGGAGGTTGCAGTGAGCCAAGATCACACCACTGCACTCCAGCCTGGGCGACAGAGCGAGACTCCATCTCAAAAAAAAAAAAAAAAGAAAAAGAAAAA"
"KN294172v1","3916438","3916533","chr4","3920986","3921080","17","4548","GAGGCGGAGGCTGCAGTGAGCCGAGATCACGCCACTGCACTCCAGCCTGAGCAACCGAGCGAGGCTCCCTCTTGAAGAAATTTAAAAAAAAGGAAA","GAGGCGGAGATTGCAGTGAGCCAAGATCGCGCCACTGCACTCCAGCCTGGGCGACAGAGCGAGACTCCATCTAAAAAATAAAAATAAAAAAGAGA"
"KN294172v1","3930907","3930942","chr9","32905284","32905310","14","28974377","TACAAAAATTAGCCGGGCACGGTGGCAGGTACCTGT","TTAGCTGGGCACAGTGGTGGGCACCTG"
"KN294172v1","3945438","3945532","chr8","22419157","22419248","16","18473719","TTCAGCCCAGGAGGCAGAGGTTGCAGTGAGCCGAGATCTCGCCACCGCACTGCAGCCTGGGCAACAAAGCAAGACTTCGTCTCAAAAAAAAAAGA","TTTAATCCAGGAGGCAGAGGTTACAGTGAGCTGAGATCACGCCAATGCACTCCAGCCTGGGCAACAGAGCGACACCATCTCAAAAAAAAAAA"
"KN294172v1","3957464","3957566","chrX","46275521","46275619","16","42318057","TTGCTTGAACCCAGGAGGCAGAGGTTATAGTGAGCCAAGATGTGCCACTGCACTCCAGCCTGAGCAACAGAGCGAGACTTTGTCTCAGAAAAAAAAAAAAAAA","CGCTTGAACCCAGGAGGCGGAGGTTGCAGTGAGCCTAGATCATGCCACTGCACTCCAGCTTGGGCAAAGAGCGAGACTCCGTCTCAAAAAAAAAAAAAA"
"KN294172v1","3969404","3969720","chr9","34572023","34572338","49","30602619","GGCCGGGCATGGTGGCTCATGCCTATAATCCCAGCCCTTTGGGAGGCCGAGGTGGGTGGGTCACGAGGTCAGGAGATGAAGACCAGCCTGGCCAAGATGGCAAAACTCCGTCTCTACTAAAAATACAAAAAAAAAAAAAAAAAAAAAAAAAAATTAGCTGGGTGAGGTGGCAGGTGCCTGTAATCCCAGTTACTGAGGGGGCTGAGGCAGGAGAATCGCTTGAACCCGGGAGGCAGAGGTTGCAGTGAGCTGCGATCGCGCCATGCACTCCAGCCTGGGTGACAGAGTGAGACTCTGTCTAAAATAAGAAAGAGAGA","GGCCAGACATGGTGGCTCACGCCTGTAATCCCAGCACTTTGGAAGGCCGAGGCAGGTGGATCACGAAGTCAGGAATTCAAGACCAGCCTGGCCAAGATGGTGAAACCCCGTCTCTACTAAAAATACAAAAAAAAAAAAAAAAAAAAAATTAGCCAGGTGCGGTGGCAGGTGCCTGTAATCCCAGCTATTGGAGAGGCTGAGGCAAGATAATCACTTGAACCCAGGGGAAAGAGGTTGCAGGGAGCTGAGATCATGCCACTGCACTCCACCCTGGGTGACAGAGTGAGACTCTGTCTCAACAACAAGAACAAAAAAA"
"KN294172v1","3970497","3970618","chr19","25598612","25598731","5","21628115","GAGGCAGGAGAATCATCTGAACCCAGGAAGTGGAGGTTGCAGTGAGCTGAGATTGCACCACTGTACTCTAACCTGGGCGACAGAGTGAGACTCCATCTCAAAAAAAAAAAAAAAAAAGTAAA","GAGGCAGGAGAATCATCTGAACCCAGGAAGTGGAGGTTGCAGTGAGCTGAGATTGCACCACTGTACTCCAGCCTGGGCAACAGAGTGAGACTCCATCTCAAAAAAAAAAAAAAAAGTAAA"
"KN294172v1","3999111","3999395","chr19","25569909","25570208","30","21570798","GGCTGGGCACAGCGGCTCACGCCTGTAATCTCAGCACTTTGGGAGGCCGAGGCGGGTGGATCACAACGTCAGGAGTTCAAGACCAGCCTGGCCAAGATGGTGAAACCCTCTCTACTAAAAATACAAAGATTATTTTGCCGGGTGTGGTGGCGGGCGCCTGTAATCCCGGCTGAGACAGGAGAATCACTGGAACCCAGGAGGTGGAGGTTGCTGTGAACCGAGATGACGCCATTGCACTCCAGCCTGGGCAACAGAGCAAGACTCTGTCTCAAAAAAACAAAAAGA","GGCTGGGCATGGTGGCTCACGCCTGTAATCCCGGCACTTTGGGAGGCCGAGGCAGGTGGATCACAAGGTCAGGAGTTCAAGACCAGCCTGGCCAAGATGGTGAAACCCTGTCTCTACTAAAAATACAAAAATTATTTTGCCGGGTGTGGTGGCGGGCGCGGTGGCGGGCGCCTGTAATTCCGGCTAAGACAGGAGAGTCGCTGGAACCCAGGAGGTGGAGGTTGCTGTGAACCGAGATGACGCCATTGCACTCCAGCCTGGGCAACAGAGCAAGACTGCATCTCAAAAAAACAAAAAGAA"
"KN294172v1","4088076","4088205","chr19","25488579","25488708","3","21400503","CCCACTACTTGGGAGGCTGAGGCAGGAGAATCACTTGAACCCAGGTGATGAAGGTTGCAGTGAGATCACACCACTGCACTCCAGCCTGGGAGACAGAGCGAAACTCTGTCTCAAAAAACAAAAAGAACAA","CCCACTACTTGGGAGGCTGAGGCAGCAGAATCACTTGAACCCAGGTGATGAAGGTTGCAGTGAGATCACACCACTGCACTCCAGCCTGGGAGACAGAGCAAAACTCTGTCTCATAAAACAAAAAGAACAA"
"KN294172v1","4145333","4145479","chr22","13060735","13060882","17","8915402","CTGTCATCCTAGCTACTCGGGAGGCTGAGGCAGGAAAATTGCTTGAACCCGGGAGGCAGAGGTTGCAGTGAGCCGAGATCGCACCACTGTACTCTAGCTTGGGCAACAGAGCTAGACTCCGTCTCAAAAAAAAAAAAAGAAAAAGAA","GCCTGTAATCCCAGCTACTCGGGAGGCTGAGGCAGGAGAATTGCTTGAACCCAGAAGGCAGAGGTTGCGGTGAGCCGAGATCACAGCACTGCACTCCAGCTTAGGCAACAGAGTGAGACTCCGTCTCAAAAAAAAAAAAAAAAAAAAA"
"KN294172v1","4179396","4179701","chr19","25407186","25407488","11","21227790","GGCCTGGCACAGTGGCTCACGCCTGTAATCCCAGCATTTTGGGAGGCTGAGGCAGGTGGATCACGAGGTCAGGAGTCCGAGACCAGCCTGACCAACATGGTGAAACCCCCTCTCTACTAAAAATACAAAAATTAGCTGGGCATGGTGGTGGGCGCCTGTAGTCCAGCTACTTGAGAGGTTGAGGCAGGCGAATCGCTTGAACCCAGGAGGCGGAGGTTGCAGTGAGCCAAGATGGTGCCACTACACTCCAGCCTGGGCAACAGAGGGAGACTCCATCTATAAAAAAAAAAAAAAAAAAAAAAAAAA","GGCCTGGCACAGTGGCTCACGCCCGTAATCCCAGCATTTTGGGAGGCTGAGGCAGGTGGATCACGAGGTCAGGAGTTTGAGACCGGCCTGACCAACATGGTGAAACCCCCTCTCTACTAAAAATACAAAAATTAGCTGGGCATGGTGGTGGGCGCCTGTAGCCCAGCTACTTGAGAGGTTGAGGCAGGAGAATCGCTTGAACCCAGGAGGCGGAGGTTGCAGTGAGCCAAGATGGTGCCACTGCACTCCAGCCTGGGCAACAGAGGGAGACTCCATCTATAAAAAAAAAAAAAAAAAAAAAGA"
"KN294172v1","4183829","4184128","chr2","87728411","87728707","37","83544582","GGCTGGGTGTAGTGCCTCACACCTGTAATCCCAGCACTTTGGGAAGTCGAGGTGGGTGGATTACGAGGTCCGGAGTTCGAGACCAGCCTGACCAACATGGTGAAACCCCGTCTCTACTAAAAATACAAAAATTAGCCAGGCGCGGTGGTGGGCACCTGTAATCCCAAGTACTCAGGAGGCTGAAGCAGGAGAATCACTTGAACCTGAGAGGCAGAGGTTGCAGTGGGCCGAGATCACACCACTGCATTCCAGCCTAGGCGACAGAGCAAGACTCTGTTTCAAAAACAAACAAACAAAAAA","GGCTGGGCGTGGTGACTCAAGCCTGTAATCCTAGCACTTTGGGAGGCTGAAGTGGGTGGATCACGAAGTCAGGAGTTCGAGACAAGCCTGGCCAACATGGTGAAACCCTGTCTCCACTAAAAATACAAAAATTAGCCAGGCGTGGTAGTGGGCACCTGTAATCCCAGCTACTCAGGAGGCTGAGGCAGGAGAATCACTTGAACCTGGGAGGCAGAGGTTGCAGTGAGCCGAGATCACACCACTACACTCCAGCCTGGGCAACAGAGTGAGACTCCGTCTCAAAAAAAAAAAGAAAGA"
"KN294172v1","4201997","4202066","chr19","25385601","25385670","2","21183604","TGAACCTGGGAGGCAGAGGTTGCAGTGAGCCAAGATCACACCACTGCACTCCAGACTGGGTGACAGAGCG","TGAACCTAGGAGGCAGAGGTTGCAGTGAGCCAAGATCACACCACTGCACTCCAGCCTGGGTGACAGAGCG"
"KN294172v1","4257091","4257385","chr19","25335186","25335480","37","21078095","GGCCAGGCGCGGTGGCTCACGCCTGTATTCCCAGCACTTTGGGAGGCCGAGGTGGGTGGATCACGAGGTCAGGAGATCGAGACCATTTTGGCCAAGATGATGAAACCCCATCTCTACTAAAAATACAAAAATTAGCCCACCATGGCGGTGGGCTCCTGTAATCCCAGCTACTCAGGAGGCTGAGGCAGGAGAGTTGCTTGAACCCAGGAGGCGGAGGTTGCAGTGAACCAAATTTGTGCCACTGCACTCCAGCCTGGGTGACAGCAAGACTGTCACACACACACACAAAAAGAAA","GGCCAGGCGCGGTGGCTCACGCCTGTAATCCCAGCACTTTGGGAGGCCGAGGTGGGTGAATCACGAGGTCAGATCGAGACCATTCTGGCCAAGATGATGAAACCCCATCTCTACTAAAAATACAAAAATTAGCCCAGCATGGCGGTGGGCTCCTGTAATCCCAGCTACTCAGGAGGCTGAGGCAGGAGAATCGCTTGATCCCAAGAGGCGGAGGTTGCAGTGAGCTGAGATCGCCCCATTGCATTCCAGCCTGGGCAACAAGAGGGAGACTCTGTCTCAAAGAAAATAAAAAGAA"
"KN294172v1","4283375","4283592","chr16","11738189","11738404","42","7454814","TGGCCAAGATGGTGAAACCTTGTCTCTATTAAAAACACCAAAAATGTAGCCGAGCGTGGTGGCAACGCGCCTGTAATCCCAGCTACTCGGGAGGCTGAGGCACAAGAATCACTTGAATCTGAGAGGCAGAGGCTGCAGTGAGCCGAGACTGCACCACTTCACTCCAGCCTGGGTGACAGAATGAGACTGCAGCTCAGACAACAAACAAACAAACAAAA","GGCCAAGATGGTGAAACCCCATCTCTACTAAAAATGCAAAAAGTTAGACGGGTGTGGTGGCAGGCACCTGTAATCCTAGCTACTTGGGAGACTGAGGCAGGAGAATTGCTTGAACTCGGAGGGCGGAGGTTGCAGTGAGCCGAGATCGCACCACTGCACTCCAGCCTGGGTGACAGAGTGAGACTCCGTCTCAAAAAAAAAAAAAAGAAAAGAAAA"
"KN294172v1","4284661","4284675","chr1","32678869","32678883","3","28394208","TAATAAAAATAAAAA","TAAAAAAGAATAAAA"
"KN294172v1","4284991","4285202","chr19","5197047","5197260","37","912056","GCCTGGTCAGCATGGTGAAACCCCATCTCTACCAAAAATACAAAAATTAGCCAGACACAGCGGGGAATGCTTGTAATCCCAGCTACTTGGGAGGCTGAGGTGGGAGAATCACTTGAACCGGGGAGGCGGAGGTTGCAGTGAGCCAAGATCGCGCCACTGCACTCCAGCCTGGGCAACAGAGTGAGACTCTGTCTCAAAAAAAAATAAAAATA","CAGCCTGGCCAAGATGGTGAAGCCCTGTCTCTACTAAGCATACAAAAAATTAGCCAGGCTTGGTGGCAGACATGTGTAATCCCAGCTACTTGGGAGGCTGAGGCAGGAGAATCACTTGAACCCGGGAGGCGGAGGTTGCAGTGAGCCGAGATGGCACCACAGCACTCCAGCCTGGGCAACAGGGCGAGACTCCATCTCCAAAAAAAAAGAAAAA"
"KN294172v1","4301127","4301416","chr4","204996","205286","39","4096131","GCTGGGGGTGGTGGCTCTTGCCTGTAATCTCAGCACTTTGGGAGGCTGAGGCGGGCGGATCACAAGGTCAGGACTTCGAGACCAGCCTGGCCAAGATGGTGAAACCCCATCTCTACTAAAAATACAAAAATTAGCTGGGCGTGGTGGCAGGTACCTATAGTCCCAGCTACTCGGGAGGCTGAGGCAGGAGGATTGCCTGAACCCAGGAGGCAGAGGTTGCGATGAACGGAGATCTCACCACTGTACTCCAGCCTGGAGACAGAGTGAGACTCTGTCTCTCAAAAAAAAAA","GGCTGGGCGTGGTGGCTCAAGCCTGTAATCCCAGCACTTTGGGAGGCTGAGGCAGGTGGATCACAAGGTCAGGATTTTGAGACCAGCCTGGCCAATATGGTGAAACCCTATCTCTACTAAAAATACAAAAATTAGCCAGGAGTGGTGGCAGACGCCTGTAGTCCCAGCTACTCAGGAGGCTGAGGCAGGAGAATTGCTTGAACCCGGGAGGCGGAGGTTGTAGTGAGCTGAGATCAGGCCACCGCACTCCAGCCTGGGAGACAGAGCGAGACTCCATCTCAAAAAAAAAAA"
"KN294172v1","4309982","4310154","chr20","8927653","8927826","25","4617671","GGGCGCAGTGGCTCAAATGCCTATAATCTCAGCTACTTGGGAGGCTGAGGCAGGAGAATCACTTGAACCTGGAGGTGGAGGTTGCAGTGAGCTGAGATCGCGCCACTGCCCTCCAGCCTGGGCAACAGAGCGAGACTCCATCTCAAAAACAAACAAAAAAATATAAAAATAAA","GCCGGGCGCGGTGGCTAAAGCCTGTAATCCCAGCTACATGGGAGGCTGAGGCAGGAGAATCGCTTGAACCAGGAGGCGGAGGTTGCAGTGAGCCAAGATCACGTCACTGCACTCCAGCCTGGGCAACAGAGTGAGACTCCATCTCAAAAAAAAAACAAAAACAAAAAAACAGAA"
"KN294172v1","4341169","4341478","chr19","25259504","25259807","19","20918335","GGCTGGGCATGGTGGTTCACGTCTGTAATCCCACCACTTTGGGAGGCTGAGGCCAGTGGATCACAATGTCAGGAGTTCAAGACCAGCCTGGCCAACATGGTGAAACCCCATCTCTACTAAAAATACAAAAATTAGCCAGATACGGTGGCAGGTGCCTGTAGTCCCAGCTACTCGGGAGGCTGAGGCAGGAGAATCACTTGAACCCAGGAGGCAGAGCTTGCAGTAAGCTGAAATCATGCCACTGAACTCCAGCCTGGGCAACAGAGTGAGACTCCGTCTCAAAAACAACAACAACAAACAAACAAACAAA","GGCCGGGCATGGTGGTTCACGCCTGTAATCCCACCACTTTGGGAGGCTGAGGCCAGTGGATCACAATGTCAGCAGTTCAAGACCAGCCTGGCCAAGATGGTGGAACCCCATCTCTACTAAAAATACAAAAATTAGCCAGATGCGGTGGCAGGTGCCTGTAGTCCCAGCTACTCGGGAGACTGAGGCAGGAGAATCACTTGAACCCAGGAGGCAGAGCTTGCAATAAGCTGAGATCATGCCACTGCACTCCAGCCTGGGCAACAGAGCAAGACTCCATCTCAAAAACAACAACAACAACAACAAA"
"KN294172v1","4393125","4393173","chr11","117635832","117635881","9","113242707","AGCCTGACCAAAATGTTGAAACCCCATTTCTACTAAAAATACAAAATTA","CAGCCTGGCAAAATAGTGAAACCCAGTCTCTACTAAAAATACAAAAATTA"
"KN294172v1","4437979","4438077","chr19","25161700","25161799","7","20723721","CGGGAGGTGGAGGTTGCTGTGAGCCAAGATCGCACCACTGCACTCCAGTCTGGGCCACAGCGCAAGACTCAGTCTTAAAAAAACAAACAAACAAAAAAA","CGGGAGGCAGAGGTTGCTGTGAGCCAAGATCGCACCAATGCACTCCAGTCCGGGCCACAGCGCAAGACTCCCTCTTAAAAAAACAAACAAACAAGAAAAA"
"KN294172v1","4534060","4534304","chr14","97806022","97806272","39","93271962","GGTCAGGCACGGTGGCTCATGCCTGTAATCCCAGCACTTTGGGAGGCTAAGGCGGGTGGATCATGGGGTAAGGGGATGGAGATCAGCCTGGCCAACATGGTGAAACCTCATCTCTACTAAAAATACAAAAGTCAGTCAGGCGTGGTGGCGGGCACCTGTAGTCCCAGCTACTCGGGAGGGTGAGGAAGGAGAATCGCCTGAATCCGGGAGGCTGAGGTTGCAGTGAGCCAAGATTGTGCTCACTG","GGCTGGGCGCAGTAGCTCACGCCTGTAATCCCAGCACTTTGGGAGGCCGAGGTGGGTGGATCACGAGGTCAGGAGTTCGAGACCAGCCTGGCCAATATGGTGAAACCTCATCTCTACTAAAAATACAAAAATTAGCCAGGCGTGGTGGTGGGTACCTGTAGTCCCAGCTACTCCGGAGGCTGAGGCAGGAGAATCACTTGAATCTGGGAGGCGGAGGTTGCAGTGAGCCAAGATCGCGCCATTGCACTTCA"
"KN294172v1","4544004","4544303","chr1","15860008","15860303","28","11316004","GCCGAGTGCAGTGGCTCACACCTGTAATCCCAGCACTTTGGGAGGCTGTGGCGGGTGGATCACAAGGTCAGGAGTTCGAGACCAGCCTGGCCAACATGGTGAAACCCCCATCTCTACTAAAAATACAAAAATTAGCCAGGTGTGGTGGCAGGCGCCTGTAATCACAGCTACTCGGGAGGCTGAGGCATGAGACTCGCTTGAACCCGGGAAGCAGAGGTTGCATTGAGCCAAGATCATGCGCCATTGCACTCCAGCCTGGGTGACAGAGCAAGACTCCATCTCAAAAAAAAAAAAAAAGAA","CAGGCGCAGTGGCTCGTGTCTGTAATCCCAGCACTTTGGGAGACCGAAGTGGGTGGATCACGAGGTCAGGAGTTCGAGACCAGCCTGGCCAACATAGTGAAACCTCATCTCTACTAAAAATACAAAAATTAGCCAGGTGTGGTGGTGGGCGCCTGTAATCCCAGCTACTCGGGAGGCTGAGGCAGGAGAATCGCTTGAACCCGGGAGGCAGAGGTTGCAGTGAGCCAAGATCGCGCCATTGCACTCCAGCCTGGGTGACAGAGCAAGACTCCATCTCAAAAAGAAAAAAAAAAAAA"
"KN294172v1","4560383","4560488","chr13","63348533","63348632","23","58788150","GAGGGGGAAGTTGGAGTCATTGTTGACTGAGATTGCACTACTGCACTCCAGTCTGGGCGACAGAGTGAGACTCCTTCGCAAAAAAACTAAAATATAATGAAACAAA","CCTGGGAAGTGGAGGTTATAGTGAGCTGAGACTGCGCCACTGCACTCCAGGCTGGGCGACAAAGTGAGACTCCATCTCAAAAAAATAAAAATAAAAAGAA"
"KN294172v1","4561730","4562038","chr26","20294856","20295160","36","15733126","GGCCAGGTGCAGTGGCTCACGCCTGTAATCCCAGCACTTTGGGAGTCCAAGGTGGGTGGATCACAAGGTCAGGAGTTTGAGATCAGCCTGGTCAATATGGTGAAACCCCGTCTCTACCAAAAAATACAAAAATTAGCTGGTCATGGTGGTGGGTGCCTGTAGTACCAGTTACTTGGGAGACCGAGGCAGGAGAATCGCTTGAACCCAGGAGGCGAAGGTTGCAGTGAGCCGAGATCATGCCACTGCACTCCAGCCTGAGCGACAGAATGAGGCTCCGTCTCAAAAAATAAAAATAAATAAATAAATAAA","GGCCAGGTGCGGTGGCTCACACCTGTAATCCCAGCACCTTGGGAGACCGAGGCGGGTAGATCACAAGGTCAGGAGTTGGAGACCATCCTGGCCAATATGGTGAAACCCCGTCTCTACTAAAAATACAAAAATTAGCTGGGCATGGTGGTGGGTGCCTGTAGTCCCAGCTACTTGGGAGACTGAGGCAGGAGAATCACTTGAACCCGGGAGGCAGAGGTTGCAGGGAGCCAAGATCATGCCACTGCACTCCAGCCTGGGCAACAGAGCGAGACTCTGTCTCAAAAACAAACAAACAAATAAACAAA"
"KN294172v1","4605955","4606120","chr19","24959819","24959984","12","20353864","GGTGGTGGGCGCCTGTAATCCCAGCTACTCAGGAGGCTGAGGCAGGAAAATTGCTTGAACCCGGGAGGCAGAGGTTGCGTTGAGCTGAGATCGTGCCACTGAACTCCAGCCTGGGTGACAGAGCAGGACTCTGTCTCAAAAAAGTAATAATAATAAAAAAAAAAGA","GGTGGCAGGTGCCTGTAATCCCAGCTACTCAGGAGGCTGAGGCAGGAAAATTGCTTGAACCTGGGAGGCAGAGGTTGCGTTGAGCTAAGATTGTGCCACCGAGCTTCAGCCTGGGTGACAGACCAGGACTCTGTCTCAAAAAAGTAATAATAATAAAAAAATAAAA"
"KN294172v1","4611191","4611497","chr19","24954345","24954652","23","20343154","GGCCAGGCGCGGTGGCTCACACCTATAATCCTAGCACTTTGGGAGGCTGAGGTGGGTGGATCACGAGGTCAGGAGTTCAAGACCAGCGTGGCCAATATGGTGAAACCCCGTCCCTACTAAAAATACAAAAATTATCTAGGCGTGGTGGTGGGTGCCTGTAATCCTAGCTACTTGGGAGACTGAGGCATGAGAATCACTTGAACCCATGAGGCAGAGATTGCAGTGAGCCAAGATCGCGCCACTGCATTCCAGGCCAGGCGACAGAACAAGACTCCATCTCAAAAAAAAAAAAAAAAAAAAAAGGAAA","GGCCAGCTGCGGTGGCTCACACCTGTAATCCTAGCACTTTGGAAGGCTGAGGTGGGTGGATCACGAGATCAGGAGTTCAAGATCAGTGTGGCCAAGATGGCGAAACTCCGTCTCTACTAAAAATACAAAAATTAGCTAGGCGTGTTGGTGGGTGCCTGTAATCCTAGCTACTTGGGAGACTGAGGCATGAGAATCACTTGAACCCACGAGGCAGAGATTGCAGTGAGCCAAGATTGTGCCACTGCACTCCAGGCTAGGCGATAGAACAAGACTCCCTCAAAAAAAAAAAAAAAAAAAAAAAAAGGAAA"
"KN294172v1","4675113","4675279","chr7","60520663","60520834","41","55845550","AACATTAGGTGGGTGTGGTTCTCGCTGCCTGTAATCCCAGCTATTCGGGAGACTGAGGCAGGAGAATCACTGGACGTTACAGTGAGCTAAGATCACACCACCGCACCCCAGCCTGGGGAACAGAGTGAGACTCCGTTTAAAAAAATATTAAAATTAAAATTAAAAAA","ACAAAATAGCTGGGCACGATGGCATGTGCCTGTAATCCCAGCTACTCAGGAGGCTGAGACAGGAGAATCACTTGAACTGAGGTTGCAGTGAGCGGAGATCACGCGACTGCACTCCAGCCTGGGTGACAGAGTGAGACTCAGTCTCAAAAAAATAATAATAATACATAAAAAA"
"KN294172v1","4884145","4884428","chr9","21358440","21358726","38","16474295","GCTGGGCACGGTGGCTCACACCTATAATCCCAGCATCTTGGGAGACTGAGGTGGGGGAATCACAAGGTCAGGAGTTCGAGACCAGCCTGGCCAACATGGTGAAACCCATCTCTACTAAAAATACAAAAATTAGCCGGGTGCGGTGGCAGGCACCTGTAATCCCAGCTACTCGTGAGACTGAGGCAGGAGAATTGCTTGAACCCGGGAGGTGGAGGTTGCAGTAAGCCAAGATCGCACCATTGCACTCCAACATGGGTGACAGAGCCAGACTTGGTCTAAAGAAA","GGCCGGGCGTGGTGGCTCACGCCTGTAATCCCAGCACTTTGGAGGCCGAGGTGGGTGGATCACGAGGTCAGGGGTTCGAGACCAGCCTGACCAACATGGTGAAACCCCATCTCTACTAAAAATACAAAAATTAGCTGGGTGTGGTGGCGGGCACCCTGTAATCCCAGCTACTCAGGAGGCTGAGGCAGGAGAATTGCTTGAACCCGGGAGGCGGAGGTTGCAGTGAGCCGAGATCGCACCACTGCACTCCAGCCTGGGCAAAAGAGCGAGACTCCATCTAAAAAAAA"
"KN294172v1","4916282","4916446","chr24","66134690","66134855","25","61218408","GTCAGGAGTGGTGGCAAGCACCTGTAATTCCAGCTACTCAGGAGGCTGAGGCAGGGAAATCACTTGAACCTAGGAGGCAGAGGTTGCAGTGAGCCAAGATTGTGCCACTGCACTCTAGCCTGGGCAACAGAGCAAGACTCCATCTCAAAAACAAGCAAACAAAAA","GCCAGGCAAGGTGGCAAGCACCTGTAATCCCAGCTACTCAGGAGGCTGAGGCAGAAGAATCGTCTGAACCCAGGAGGCAGAGGTTGCAGTGAGCCAAGATCGCGCCATTGCATGCCAGCCTGGGCAACAGAGCGAGACTCCGTCTCAAAAAAAAAAAAAAAAAAAA"
"KN294172v1","4973982","4974107","chr2","7069148","7069271","20","2095166","GTTGATGCAGGAGAATCATTTGAATTTGGGAGGCAGAGGATGCAGTGAGCCGAGATCACACCATTGCACTCCAGCCTGGGTGACAGAGTGAAACTCTGTCTCAGAAGAAAAAAAAAAAAAAAAAAA","CTGAGACAGGAGAATCGCTTGAACCTGGGAGGCGGAAGTTGCAGTGAGCCAAGATCGCGCCACTGCACTCCAGCCTGGGGGACAGAGCGAGACTCTGTCTCAAAAAAAAAAAAAAAAAAAAAAA"
"KN294172v1","5078620","5078905","chr20","80989705","80989991","46","75911085","GTGGTGGGTCACGCCTGTAATTCCAGCATTTTGGGAGGCTGAGGCAGGTGGATAAGTCCAGGAGTTCAAGACCAGCCTAGCCAACATGGAGAAACCTCGTCTCTTCTAAAAGTACAAAAATTAGCCAGGGGTGGTGGCAGGCACCTGTGATCCCAGCTACTCGAGAGGCTGAGGCAGGAGAATTGCTTAAGCCTGGGAGGCAGAGGTTGCAGTGAGCCGAGATGGTGCCATTGTACTCCAGCATGGGCAACAGAGTGAGACTGTTTTTAAAAAAAAAAAAGAAAAA","CGGTGGCTCACCCCTATAATCCAAGCACTTTGGGAGGCTGAGGTGGGTGGATCATGAGGTCAGGAGTTCAAGGCCAGCCTGGCCAACATGGCGAAACCCTGTCTCTACTAAAAGTACAAAAATTAGCCAGGTGCGGTGGCGGGCACGTGTAATCCCAGCTACTCGGGAGGCTGAGGCAGGAGAATTGCTTGAACCTGGGAAGCGGAGGTTGCAGTGAGCCGAGATCATGCCACTGCACTCCAGCCTGGGCAACTGAGCAAGGCTTCATCTCAAAAAAAAAAAAAAAA"
"KN294172v1","5119114","5119423","chr12","11331203","11331507","38","6212089","GGCTGGGGGCAGTGGCTCACGCCTGTAATCCCAGCACTTTGGGAGGCAGAGGCAGGTGGATCATGAGGTCAGGAGTTGGAGACCAGCCTGACCAACACGGTGAAACCCCACCTCTACTAAAAATACAAAAATTAGCTGGGCGTGGTGTCGGGCACCTGTAATCCCAGCTACTGGGGAGGCTGAGGCCCGAGAATCGCTTGAACCTGGGAGGCAGAGGTTGCAGTGAGCCAAGATTGTGCCATTGCACTGCAGCCTGGGCAATAGATTGAGACTCTGTCTTCAAAAAAAGAAAAAGAAAAAGAAAAAAAAA","GGCTAGGCGCAGTTGCTCATGCCTGTAATCCCAGCACTTTGGGAGGCCAAGGTGGGTGGATCATGAGGTCAGGAGTTTGAGACCAGCCTGGCCAAGATGGTGAAACCCCGTCTCTACTAAAAATACAAAAATTAGCTGGGCATGGTGGCGGGCACCTGTAGTCTCAGCTACTGGGGAGGCTGAGGCAGGAGAATTGTTTGAACCTGGGAGGTGGAGGTTGCAGTGAGCCGAGATTGCGCCACTGCACTCCAGCCTGGGCAACAGAGCAAGACTTTGTCTCAAAAAAAAAAAAAAAAAAAAAAAAA"
"KN294172v1","5144725","5145029","chr2","80041154","80041464","35","74896429","GCCAGGCATGGTGGCTCACACCTGTAATCCCAGCACTTTGGGAGGCTGAGGCAGGTGGATCACAAGATCAGGAGTTCAAGACCAGCCTGACCAAATGGTGAAACATTGTTTCTACTAAAAATACAAAAATTAGCTGGTCGCGGTGGCAGGCGCCTATAATCCCAGCTACTCAGGAGGCTGAGGCAGGAGAATTGCTAGAACCCGGGAGGCAGAAGTTGCAGTGAGCCGAGATCGCACCACTGCACTCCAGCCTGGGTGACAGAGCAAGACTCTGTCTTTAATAAAAAAAAAGAAAAAGAAAAGAA","GGCCGGGCGTGGTGGCTCATGCCTGTAATCCCAGCACTTTGGGAGGCTGAGGTGGGTGGATCACAAGGTCAGGGGTTCGAGACCAGCCTGACCAACATGGTGAAACCCTGTCTCTACTAAAAATACAAAAATTAGCTGGGCGTGGTGGCGGGCGCCTGTAATCCCAGCTACTCAGGAAGCTGAGGCAAGAGAATTGCTTGAACCCGGGAGGCGGAGGTTGCAGTGAGCCGAGATTGCACCACTGCACTCCAGCCTGGGCTGAGACAGAGCGAGACTCTGTCTCAAAAAAAAAATAAAGAAAAGAAAAAAAA"
"KN294172v1","5250816","5250937","chr1","104571784","104571905","16","99320968","GAGCATCACTTGAACCCGGGAGGTGGAGGTTGCAGTGAGCCAAGATCATGCCAGTGCACTCCAGCCTGGGTGACACAGCAAGACTCAATCTCAAAAAAAAAAATAAATAAAAAATAAAATAA","AGGAGAATCACTTGAACCCGGCAGGCAGAGGTTGCAGTGAGCCGAGATCATGCCACTGCACTCCAGCCTGGGCAACAGAGCAAGACTCCATCTCAAAAAAAAAAAAAAAAAAAAAAAAAAAA"
"KN294172v1","5272991","5273273","chr7","98960815","98961105","41","93687824","GCCAGGCATGGTGGCTCACGCCTGTAATCCCAGCACTTTGGGAGGCCGAGGCAAGTGGATCACGAGGTCAGGAGTTCGAGACCAGCCTGGCCAACATGGTGAACCCGTCTCAACTAAAAACACAAAAATTAGCCAGGTATGGTGGCAGGCACCTATAATCCCAGCTACCTGGGGGGGCTGAGGCAGGATAATTGCTTGAATCTGAGGCAGAGGTTGCAGTAAGCCGAGATTGCACCACTGCACTCCAGCTTGGGCAACAGGGCAAAACTCTCTAAAAAACAAA","GCCAGGCATGGTGGCTCACGCCTGTAATCCCAGCACTTTGGGAGTCCAGGGCAGGTGGATCACAAGGTCAGGAGTTCGAGACCAGCCTGGCCAACATAGTAAAACTCTGTCTCTACTAAAAATACAAAAATTAGCTGGGCGTGGTGGCAGGCACCTGTAATCCTGCTACTCAGGAGGCTGAGGCAGGAGAATGGCTTGAACCTGGGAGGCGGAGGTTGCAGTGAGCCGAGATTGCAACACTGCACTCCAGCCTGGGCAACAGAGCAAGACTCAGTCTCAAAAAAAAAAAAA"
"KN294172v1","5291051","5291377","chr19","24284761","24285085","17","18993710","GGCCAGGAACAGTGGTTCACGCCTCTAATCTTAGCACTTTGGGAGGCCAAGGTGGGCAGATCATGAGATCAAGAGATCGAGACCAGCCTGGCCAAGATGGTGAAATCCCATCTCTACTTTAAAAAAAAAAAAAAAAAATTACAAAAATTAACCAGGCGCAGTGGCAGATGCCTGCAATCCCAGCTACTTAGGAGGCTGAAGCAGGAGAATCGCTTGAACTGGGCGGGGCGGAGACTGCAGTGAGCTGAGATCATGCCACTATACTCCAGCCTAGGCAACAGAGTGAGACTCTGTCTCAAAAAAATAAATAAATAAATAAGAAAAAAA","GGCCAGGAACAGTGGTTCACACCTCTAATCTCAGCACTTTGGGAGGCCGAGGTGGGCGGATCATGAGCTCAAGAGATCGAGACCAGCCTGGCCAAGATGGTGAAATCCCATCTCTACTTAAAAAAAAAAAAAAAAATTACAAAAATTAGCCAGGTGCAGTGGCAGATGCCTGCAATCCCAGCTACTTAGGAGGCTGAGGCAGGAGAATCACTTGAATCGGGTGGGGCGGAGACTGCAGTGAGCTGAGATCATGCCACTGCACTCCAGCCTAGGCGACAGAGTGAGACTCTGTCTCAAAAAAATAAATAAATAAATAAGAAAAAAA"
"KN294172v1","5297936","5298132","chr6","40250730","40250921","40","34952794","TGGTGTGATCACGGCTCCACTAAAAATACATAAAGTATCCAGGCATGGTGGCAGGCACCTGTAGTCCCAGCTACTCGGGAGGCTAAGGCAGGAGAATCGCTTGAACCTAGGAGGTGGAGGTTGCAGTGGACCGAGATTGAGCCACTGCACTCCAGCCTGAGCAACAGAGCGAGACTCCACCTCAAAAAAAAAAAAAA","GGTGCGGTGGTGAAAAATACAAAAATTAGCCGGGCACAGTGGCAGGCACCTGTAGTCCCAGCTACTTGGGAGGCTGAGGCAGGAGAATCTCTTGAACCTGGGCGGCAGAGGTGGCAGTGAGCCGAGATCGCACCACTGCACTCCAGCCTGGGTGGGTGACACAGCGAGACTCCAACTCAAAAAAAAAAAAAA"
"KN294172v1","5357480","5357665","chr10","19939788","19939971","35","14582308","TCTCTACTAAAAATACAAAAATTATCCGGGCGTGGTGGCAGGCACCTGTAATCCGAGCTACTTGGAGGCTGAGGTAGGAGAATGGCTTGAATCCGGGAAGTGGAGGTTGCAGTAGGCTGAGATCCCACCACTTCACTTCAGCCTGGGTGAAAGAGTGGAACTCCACTCAAAAAAAAAAAAAAAGAA","CTACTAAAAATACAAAAATTAGCGGGGCCGGGTGGGGACACTCTGTAATCCCAGCTACTCAGGAGGCTGAGGTAGGAGAACTGCTTGAACCCAGGACGTGGAGGTTGCAGTGAGCTGAGATTCTGCCACTGCACTCCAGCCTAGGCGACAGAGTGACACTCTGTCTCAAAAAAAAAAAAAAAAA"
"KN294172v1","5357675","5357764","chr3","89451431","89451520","12","84093756","GGAGGCAGTGGTTGCAGTGAGCTGACATCATGCCACTGCACTACAGCCTGGGTGACAAAGCAAGACTCTGTCTCAAAAAATAAAATAAAA","GGAGGCAGAGGTTGCAGTGAGCTGAGATCGCGCCACTGCACTCCAGCCTGGGTGACAGAGTGAGACTCCGTCTCCAAAAAGAAAAAAAAA"
"KN294172v1","5390394","5390562","chr16","59100684","59100846","26","53710290","TTAGCTGGGTGCGGTGGCAAGCACCTGTAATCCCAGCTACTGAGGATGCTGAGGCAGGAGAATTGCTTGAACCCAAGAGGCGGAGGTTGCAGTGAGCCGAGATCACACCACCGCCCTGCAGCCTGGGAAACACAGCAAGACTCTGTCTCAAAAAACAAAGAAAAAAAAA","TAGCTGGGCACACTGGTGGCACCTGTAATCTCAGCTACTTGGGAGGCTGAGGCAGGATAATTGCTTGAACCCAAGAGGCGGAGGTTGCAGTGAGCTGAGATTGCACCACTGCACTCTAGCCTGGGCAACAGAGCAAGACTCTGTCTCAAAAAAAAAAAAAAAA"
"KN294172v1","5398319","5398619","chr6","50473108","50473409","45","45074789","GGCCGGGCACAGTGGCTCACACCTATAATCTCAGCACTTTGGGAGGCCGAGATGGGTGAATCACGAGGTCGAGTTCGAGACCAGACTGGTCAAAAAGGTGAAACCCCATCTCTACTAAAAATACAAAAATTAGCTACACGTGGTAGCGGGTTCCTGTCATCCCAGCTACTCGAGAGGCTGAGGAAGAAGAATCGTTCGAACCAGGGGGGCGGAGGTTGCAGTGAGCCGAGATCGCGCCATTGTACTCCAGCCTGGGTGACAGGGCGAGACTCTGTCTCAAAAATAAATAAATAAATAAAAA","GGCTGGGCACAGTGGCTCACGCCTGTAATCCCAGCACTTTGGGAGGCTGAGGTGGGTGAATCACAAGGTCAGGAGTTCAAGACCAGCCTGGCCAACATGGTGAAACCCCATCTCTACTAAAAACACAAAAATTAGCCAGACATGGTGGCAGGTGCCTGTAATCCCAGCTACTCAGGAGGCTGAGACAGGAGAATCGCTTGAACCCAGGAGGCAGAGGTTGCAGTGAGCCGAGATTGTGCTACTGCACTCCAGCCTGGGTGATGGAGCAAGACTCTGTCTCAAAAAATAAATAAATAATAAAA"
"KN294172v1","5427706","5427994","chr25","29775529","29775818","32","24347823","GGCCGGACGCGGTGGCTCACGCCTGTAATCCCAGCACTTTGGGAGGCCGAGGAGGGTGGATCACAAGGTCAGGAATTCAAGATCAGCCTGGCCAAGACGGGTGAAACCCCATCTCTACTAAAAGTATAAAAATTACAGCGCGCCTGTAATCCCAGCTACTCGGGAGGCTGAGGCAGGAGAATCGCTTGAACCTGGGGATTGGAGGTTGCAGTGAGCCGAGATCGTGCCACTGCACTCCAGACTGGATGACAGAGCAAGACTCCATCTCAAAAAAAAAAAAAAAAAAAAA","GACCAGGCGTGGTGGCTCACACCTGTAATCCCAGCACTTTGGGAGGCTGAGGCAGGTGGATCACGAGGTCAGGAGTTCAAGACCAGCCTGGCCAAGATGGTGAAACCCCGTCTCTACTAAAAATACAAAAATTACAGTGCGCCTGTAATCCCAGCTACTCGGGAGGCTAAGGCAGGATAATCACTTGAACCTGGGGGGTGGAGGTTGCAGTGAGCCAAGATTATGCCACTGCACTCCAGCCTGGGTAACAGAGAGAGACTCCATCTCAAAAAAAAAAAAAAAGAAAAAAA"
"KN294172v1","5439765","5440061","chr23","71299643","71299943","35","65859878","GCCGGTCGCAGTGGCTCACACCTGTAATCCCAACACTTTGGGAGCCCGAGGCAGTTGGATCATGAGGTCAGGAGTTCAAGACCAGCCTGGCCAACATGGTGAAACCCCATCTCTACTAAAAATACAAAAATTAACTGGGCATGGTGACAGGTGCCTGTAATTCCAGCTACTTGGGAGGCTGAGGCAGGAGAATCACTTGAACTCGGAGGTTGGAGGTTGCAGTGGCCCAAGATCACGCCACTGCACTTCAGCCTGGGTGACAGAGTGAGACTCTGTCTCAAAAGGAAAAAAAAAAAA","GGCTGGGCGCAGTGGCTCACACCTGTAATCCCAGCACTTTGGGAGGCTGAGGCGGGTGGATCACGAGGTCAGGAGTTCAAGACCAGCCTGGCCAAGATGGTGAAACCCCCATCTCTACTGAAAAAATACAAAAAAATTAGCTTGGCATGGTGGCAGGTGCCTGTAATCCCAGCTACCTGGGAGGCTGAGTCAGGAGAATCACTTGAATTCAGAGGCTGGAGGTTGCAGTGAGCTAAGATCACACCACTGCACTCTAGCCTGGGTGACACAGTGAGACTCCATCTCAAAAAAAAAAAAAAAA"
"KN294172v1","5606681","5607004","chr19","23991240","23991544","34","18384559","GGCCAGCTGCGGTGGCTCACGTGTATAATTTCAGCACTTTGGGAAGCCGAGGCAGGTGGATCACAAGGTCAGGAGTTCAAGACCAGCCGGGCCAATATGGTAAAACCCCGTCTCTACTAAAAATACAAAAATTAACTGAGCATGGTATTGGGCGCCTGTAGTCCCAGCTACACAGGAGGCTGAGGCAGGAGAATTGCTTGAACCCAGGAGGTGGAGTTTGCAGGGAGCTGAGATCGTGCCACTGCACTCCAGCCTGGGTGACCGAGACCCTGTCTCAAAATAAAAAAAAAAAAAAAAAAAAAAAAAAAAAAAAGAAGAAGAAAA","GGCCAGGTGCAGTGGCTCACGCATATGATTTCAGCACTTTGGGAAGCCGAGGCAGGTGGATCACAAGGTCAGGAGATCAAGACCAGCTGAGCCAATATGGTAAAACCCCATCTCTACTAAAAATACAAAAATTAACTGAGCGTGGTGGTGGGCGCCTGTAGTCCTAACTACACAGGAGGCTGAGGCAGGAGAATCGCTTGAACCCAGGAGGTGGAGTTTGCAGGGAGCTGAGATCGTGCCACTGCACTCCAGCCTGGGTGACCGAGACCCTGTCTCAAAAAAAAAAAAAAAAAAAAAAAGAAGAA"
"KN294172v1","5668047","5668239","chr21","45329482","45329674","39","39661435","TGAAACCCTGTCTCTACTAAAAATACAAAAATTAGCCAGGCGTGCTGTTGGGCGCCAGTAGTCCCATCTACTTGGGAGGCTGAGGCAGGAGAATAGCTTGAACCCAGGAGACTGTGGTTGCAGTTAGCTGAGATCACAGCACTGTACTCCACCCTGGGAAACAGAGTAAGACTCCTGAAAAAAAAAAAAAAAA","GTGAAACCCTGTCTCTACTAAAAATACAAAAATTATCTGGGTGCAGTGGTGGGCACCTGTAATCCCAGCTACTCCAGAGGCTGAGGCAAAAGAATCGCTTGAACCCGGGAGGCAGAGGTTGCAGCGAGCCGAGATCATGCCACTGCACTCCAGCCTGGGCGACAGAGTCAGACTCCGTCTAAAAATAAATAAA"
"KN294172v1","5680396","5680480","chr1","121076939","121077022","28","115396543","GACCGGATGCGGTGGCTCACGCCTATAATCCCAGTACTTTGGGAGGCCAAGGCACCTCTACTAAAAAATACAAAAAACTAGCTGG","GGCTGGGTGCAGTGGCTCACACCTGTAATCCCAGCACTTTGGGAGGCCAAGGTGGGTGGTCAGGAGTTCGAGACCAGCCTGGTC"
"KN294172v1","5680779","5680963","chr14","36731633","36731798","33","31050854","TTTAGCTGGGTGTGGTGGTGAGCACCTGTAATCCCAGCTACTCAGGAGGTGGAGGCGGAGGCAGGAGAATCGCTTGAACCTGGGAGGCAGAGGTTGCAGTGAGCCAAGACCATGCCACTGCACTCCAGTCTGGGCAAGAGAGTGAGACTCTGTCTCAAAAAAAAAAAAAAAAAAAGAAAAGAAAA","TAGTCGGGTGAGGTGGCGCCTGTAATCCCAGCTACTTGGGAGGCTGAGGCAGGAGAATCGCTTGAACCCAGGAGGCAGAGGTTGCAGTGAGCCAAGATCGTGCCACTGCACTCCAGCCCGGGCAACAGTGTGAGACTCCGTCTCAAAAAAAAAAAAAAAAAAAAAA"
"KN294172v1","5685409","5685696","chr19","23916207","23916494","18","18230798","GGCCGGGCGTGGTGACTCACACCTGTCATCCCAGCACTTTGGGAGGCCAAGGCGGGTAGATCACGAGGTCAGGAGTTCGAGACCAGCCTGGCCAAGATGGTGAAACCCCATCTCTACTAAAAATACAAAAATTATCCGGACGTGGTGGTGGCGCCTATGATCCCAGCTACTCGGGAGGTCAAGGCAGGAGAATCACTTGAACCCAGGAGGCAGAGGTTGCAGTGAGCCTAGATCATGCCACTGCACTCCAACCTGGGGGACAGAGTGAGACTCCGTCTAAAAAAAAAA","GGCCGGGCGTGATGACTCACGCCTGTAATCCCAGCACTTTGGGAGGCCAAGGTGGGTAGATCACGAGGTCAGGAGTTTGAGACCAGCCTGGCCAAGATGATGAAACCCCATCTCTACTAAAAATACAAAAATTATCCGGACATGGTGGTGGGTGCCTGTAATCCCAGCTACTCGGGAAGTCGAGGCAGGAGAATCACTTGAACCCAGAAGGCAGAGGCTGCAGTGAGCCTAGATCATGCCACTGCACTCCAACCTGGGCGACAGAGTGAGACTCTGTCTAAAAAAAAA"
"KN294172v1","5757901","5758018","chr21","74667857","74667972","18","68909956","GAATCACTTGAACCCAGGAGGCAGAGGTTGCAGTGAGCTAAGATCGTGCCACTGCACTCCAGCCTGGGTAACAGAGTGAGACTCTGTCAAAAAAAAGAAAGAAAGGAAAAAAAGGAAA","AGAATCACTTGAACCCAGGAGGCGGAGGTTGCAGTGAGGTGAGATTGTGCCACTGCACTCCAGCTTGGGTGACAGAGCGAGACTGTCTTACAAAAAAAAAAAAAAAAAAAAAAAAA"
"KN294172v1","5807758","5807940","chr10","117385991","117386167","32","111578233","TAGAAACAAATAAAGGGGCCAGGTGTGGTGGTGGGTGCCTGTAATCCCAGCTACTTGGAAGGCCGAGGCAGGAGAATCGCTTGAACCCAGGAGGTGGAAGCTGCAGTGAGCTGAGATAGCACCACTGTACTTCAGCCTGGGCAACAGAGCAAGACTCCGTCTCAAGAAAAAGAAAGAAAGGAA","TACAAAAATTAGCCGGGTGTGGTGGTGGGTGCCTGTAATCCCAGCTACTTGGAAGGCTGAGGCAGGAGAATCGCTTGAACCAGGGAGGCTGAGATTGCAGTGAGCCGAGATCATGCCACTGTACTCCAGCCTAGGCAACAGAGTGAGACTCTATCTACAAAAAAAAAAAGAAAGAAA"
"KN294172v1","5809606","5809798","chr6","6863726","6863917","33","1054120","AAAAAAAAAAAAATTAGCCAGACATGGCGGCAAGCACCTGTAACCCCAGCTATTTGGGAGGCTGAGGCATGAGAATCGCTAGAACCCAGGAGGCAGAGGTTGCAGTGAGCCGAGATCACACCACTGCACTCCAGCCTGGGTGACAAGAGTGAGACTCCGTCTCAAAAAAAAAAAAGAAAAAAAGAAAAAAGAA","AAAAAAAAAAAAATTAGCCTAGTACGGTGGCAGGCGCCTTTTATTCCAGCTACTCGGGAGGCTGAGGCAGTAGAATTGTTTGAACCCAGGAGGCAGAGATTGCAGTGAGCCGAGATAGCACCGTTGCACTCCAGCCTGGGCGACAGAGTGAGACTGCATCTCAGAAAAATAAAAATAAAATAAAAAAAGGAA"
"KN294172v1","5861881","5862160","chr19","23749429","23749711","12","17887548","GACGCGGTGGCTCACGCCTGTAATCCCAGCACTTTGGGAGGTTGAGGCGGGTGGATCACGAGGTCAGTTCAAGACCAGCCTGGCCAAGATGGTGATACTCCGTCTCTACTAAAAAATACAAAACTTAGCCGGGCTTGGTGGCGGGCGCCTGTAATCCCAGCTACTTGGGAGGCTGAGGCACGAGAATCGCTTGAACCCGGAAGGTGGAGGTTGCAGTGAACCAAGATCGCGCCACTGCACTCCAGCCTGGGTGACAGGGCAAGACTTCGTCTCAGGAAAA","GACGCGGTGGCTCACGCCTGTAATCCCAGCACTTTGGGAGGCTGAGGCGGGGGGATCATGAGGTCAGGAGTTCAAGACCAGCCTGGCCAAGATGGTGAAACCCCATCTCTACTAAAAAATACAAAACTTAGCCGGGCTTGGTGGCGGGCGCCTGTAATCCCAGCTACTTGGGAGGCTGAGGCGCGAGAATCGCTTGAACCCGGAAGGTGGAGGTTGCAGTGAACCAAGATCGCGCCACTGCACTCCAGCCTGGGCGACAGGGCAAGACTTCGTCTCAAGAAAA"
"KN294172v1","5863143","5863249","chr25","16264522","16264623","22","10401379","AACCATGGGAGGCGGAGGTTGCAATGAGCAGAGATCCCACTGCACTCCAGCCTGGATGACAGAGGGAGACTCCATCTCAATCAACCAATCAATCAATAAAAGAAAGA","CCTGGGAGGCAGAGGTTGCAGTGAGCCGAGATCACGCCACTGCACTCCAGCCTGGGTGACAGAGTGGGACTTCATCTCAAACAAACAACAACAACAACAAAA"
"KN294172v1","6019245","6019521","chr19","23583607","23583882","21","17564362","GCTGGGCACGGTGGCTCACGCCTGTAACCCCAACACTTCGGGAGGCCGAGGCGGGTGGATCAAAAGGTCAGGAGTTCGAGACTAGCTTGGCCAACATGGTGAAACCCCATCTCTACTAAAAATACAAAAATTAACTGGGCATGGTGGTGGGCGCCTCTAATCCCAGCTACTTAGGAAGCTAAGGGAAGAGAATCGCTTGAACCCAGGAGGTGGAAGTTGCAGTGAGCTGAGATCACGCCACTGCGATCCAGCCTGGGTGACAGAGCAAGATTCCATC","CTGGGCACGGTGGCTTAGGCCTGTAATCCCAGCACTTCGGGAGGCCGAGGCGGGTGGATCACAAGGTCAGGAGTTCAAAACTAGCTTGGCCAACATGGTGAAACCCCGTCTCTACTAAAAATTACAAAATTAGCTGGGCATGGTGGCGGGCGCCTCTAATCCCAGCTACATAGGAGGTTGAGGGAGGAGAATCGCTCGAACCCAGGAGGTGGAAGTTGCAGTGAGCTGAGATCACGCCACTGCGATCCAGTCTGGGTGCCAGAGCAAGATTCCATC"
"KN294172v1","6020397","6020533","chr6","3981429","3981559","31","2038968","CCAGCTACTCGGGAGGCTGACGCAGGAGAATCGCTTGAACCCGGGAGACAAAGGTTGCAATAAGCTGAGATCGCGCCACTGCATTCCTGCACTCCATCCTGGGTGACAAAGTGAGGCTTCAGCTAAGGAAAGAAAGA","CAGCTACTCGGGAGGCTGAGGCAGGAGAATCGCCTGAACCTGGGAGCCAGAGGTTGCAGTGAGCTGAGATCGTGCCACTGTACTCCAGCCTGGGTGACAGAGTGAGACTCCGTTTCAAAAACAAAAAACAA"
"KN294172v1","6022980","6023284","chr26","55641816","55642122","38","49618836","GGCCAGGTGCGGTGGCTCATGCCCATAATCCCAGCACTTTGGGAGGCTGAGGTGGGTGGATCACAAAGTCAGGAGTTCGAGACCAGCCTGGCCAATACAGTGAAACCCCATCTCTACTAAAAATACAAAAATTAGTCGGTGTGGTGGGGGGCGCCTATAGTCCCAGCTACTCGGGAGGCTGAGGCAGGAGAATTGCTTGACCCCGGGAGGCTCGGAGGTTGCAGTGAGCCAAAATGGTGCCACTGCACTCTAGCTTGGGCAACAGAGAGAGACTCTGTCTCAAAAAAGAAAGAAAAGAAAAGAAA","GGCCAGGGACGGTGGCTCATGCCTGTAATCCCAGCACTTTGGGAGGCCGAGGCGGGTGGATCACAAGGTCAGGAGTTTGGGACCAGCCTGGCCAATATGTGAAACCCCGTCTCTACTAAAAGTACAAAAATCAGCCGGGTGTGGTGGTGGGCGCCTGTAGTCCCAGCTATTCGGGAGGCTGAGGCAGGAGAATTGCTTGAACCCGGGAGGCGAAGGTTGCAGTGAGTCAAGATTTGCACCACTGCACTCCAGCCTGGGCAACAGAGCAAGACTCTGTCTCAAAAAAAAAAAAAAAAGAAAAAAGAAA"
"KN294172v1","6052350","6052469","chr21","74667857","74667972","22","68615507","GAATTGCTTGAACCCGGAGGTGGAGGTTGTTGCAGTAAGCAGAGAATGCACCACTGCACTCCAGCCTGGGCGACAGAGCGAGACTGTGTCAAAAAAAAAAAAAAAAAAAGAAAGAAAGAA","AGAATCACTTGAACCCAGGAGGCGGAGGTTGCAGTGAGGTGAGATTGTGCCACTGCACTCCAGCTTGGGTGACAGAGCGAGACTGTCTTACAAAAAAAAAAAAAAAAAAAAAAAAA"
"KN294172v1","6121573","6121754","chr15","18998078","18998253","36","12876505","CTAAAAATACAAAAACTTACCCAGGTGTGGTAGGGGGCGCCTATAATCCTAGCTACGGGGGAGGCTGCAGAAGGAGAATCGCTTGAACCCAGGAGGTGGAGACTGCAGTGAGCTGAGATTACACCACTGCACTCCAGCCTGGGCAACAGAGCAAGACTCTCAAAAAGAAAAAAGAAAAAAAA","AAAATACAAAAATTAGCCAGGTATGGCAGGCGCCTGTAATCCCAGCTACTTGGGAGGCTAAGGCACAAGAATTGCTTGAACCCACGTGGTGGAGTTTGCAGTGAGCTGAGATCATGCCACTGCACTCCAGCCTGGGCGACAGAGTGAGACTGTCTCAGAAAAAAAAAAAAAAAAAA"
"KN294172v1","6125561","6125652","chr12","65190832","65190923","21","59065271","CAGGAGGTAGAAATTGCAGTGAGCTGAGATGGTGCTACTGCACTCAGCCTGGGCAATAGACCCAGAAATTGTCTCAAAGGAAAAAACAAAAA","CAGGAGGCAGAGGTTGCAGTGAGCAGAGATCACGCCACTGCACTCCAGCCTGGGCAACAGAGCGAGACTCCATCTCAGGAAAAAAAAAAAAA"
"KN294172v1","6133443","6133516","chr16","21962406","21962483","24","15828963","CAAAAATTTACCATCAGGCACAGTAGTGGTTGTAGTCCCAGGTACTTGAGAAGTTGAACAGCAGAATTGCCTGA","AAAAATTAGAAGCCAGGCACAATGGTGTGTGCCTGTAATCCCAGCTATTTGGGAGGCTGAGGCAAGAGGATTGCTTGA"
"KN294172v1","6185887","6186005","chr2","38982522","38982641","19","32796635","TCGGGAGGCTGAGGCAGGAGATCACTTGAACCCAGGAGGTGAAGGTTGCAGTGAGCCAACACCCCGCTACTGCACTCCAGCCTAGGTGACAGAGCAAGACTGCATCTCAAAAAATAAAA","TCGGGAGGCTGAGGCAGGAGAATCGCTTGAACCCGAGAGTGGAGGTTAAAGTGAGTCGAGATCACGCCACTGTACTCCAGCCTGGGTGACAGAGCAAGACTCCATCTCAAAAAAAACAAA"
"KN294172v1","6187065","6187355","chr19","23422671","23422948","21","17235606","GGCTGGGCGCGGTGACTCACGCCTGTAATCCCAGCACTTTGGGAAGCCAAGACAGGTGGATCACTAGGTCAGGAGTTCAAGACCAGCCTGCCCAATGTGGTGAAACCCCATCTCTGCTAAAAATACAAAAAAAATTAGCCAGGCGCAGTGGTAGGTGCCTCTAATCCTAGCTATTCAGGAGGCTGAGGCAGGACAATCGCTTGAACCTGGGCAGTAGAGGTTGCATTGAGCCAACATCAAGCCACTGCACTCCAGCCTTGGTGACAGAGTGAGACTATCTCGAAAAAAAAA","GGCTCACGCCTGTAATCCCAGCACTTTGGGAAGCCAAGACAGGTGGATCACTAGGTCAGGAGTTCAAGACCAGCCTGGCCAATATGGTGAAACCCCATCTCTGCTAAAAATACAAAAAAAATTAGCCAGGCGCGGTGGTAGGTGCCTCTAATCCTAGCTATTCAGGAGGCTGAGGCAGGAGAATCGCTTGAACCTGGGCAGTAGAGGTTGCAGTGAGCCAACATCAAGCCACTGCACTCTAGCCTTGGTGACAGAGTGAGACTGTCTCAAAAAAAAAA"
"KN294172v1","6276458","6276562","chr5","74607971","74608072","12","68331513","GAGGTGGAGGCTGCAGTGAGCCAAGATCGCGCCACTGCACTCCAGCCTGGGGGACAGAGCAAGACTCTGTCTCAAAAAAAAAAAAGAAAAAAAATTGAAAAAAAA","AGGCGGAGGTTGCAGTGAGCCGAGATCGCGCCTCTGCACTCCAGCCTGGAGGACAGAGCGAGACTCCGTCTCAAAAAAAAAAAAAAAAAAAAAAAAAAAAAA"
"KN294172v1","6277575","6277877","chr27","9778999","9779300","27","3501424","GCCAGGCACAGTGGCTCACGTCTGTAATCTCAGCACTTTGGGAGGCCGAGGTGGGTAGATCACGAGGTCAGGAGTTTGAGACGAGCCTGACCAACATGGTGAAACCCCATCTCTACTAAAAATACAAAAATTAGTCTGGCGCGGTGGCAGGCGCCTGTAATCCCAGCTACTCAGGAGGCTGAGGCAGAAGAATCGCTTGGACCTGGGAGGCGGAGGTTGCAGTGAGCCGAGATCGCGCCACTGCACTCTAGCCTGGGCAACAGAGCGAGACTCCATCTCAAAAAAAAAAAAAAAAAAAAAAAA","GGCCGGGCGCAGTGGCTCACACCTGTAATCCCAGCACTTTGGGAGGCTGAGGTGGGTGGATCACGAGGTCAGGGGTTCGAGACCAGCCTGACCAACATGGTGAAACCCCATCTCTACTAAAAATGCAAAAATTAGCTTGGCGTGGTGGCGGGTGCCTGTAATCCCAGCTACTCAGGAGGCTGAGGCAGGAGAATTGCTTGAACCCGGGAGGCGGAGGTTGCAGTGAGCCGAGATCGCGCCACTGCACTCCAGCCTGGGCAAAAGAGCGAGACTCCATCTAAAAAAAGAAAAAAAAAAGAAAA"
"KN294172v1","6282079","6282381","chr19","23343526","23343833","18","17061447","GGACATGGTGGCTGATGCCTATAATCCCAGCACTTTGGGAAGCCGAGGCGAGTGGCTACCAAGGTCAGGAGTTCGAGACCAACCTGGCCAGCATGGTGAAATCCCGTCTCTACTAAAAAAAAAAAAAAAAATTAGCTGGGCATGGTGGCAGGAGCCTGTAATCCCAGCTACTTAGGAGGCTAAGGCAGGAGAATAGCTTGAACCCAGGAGGCAGAGGTTGCAGTGAGCCAAGACCACACCACGGCACTCCAACCTGGGTGACAAAGCGAGACTCTGTCTCAAAATAAAAAAAGAAAAAAGAAA","GGTTGGACATGGTGGCTGATGCCTGTAATCCCAGCACTTTGGGAGGCCGAGGCGAGTGGATAACAAGGTCAGGAGTTTGAGACCAACCTAGCCAGTATGGTAAAATCCCGTCTCTACTAAAAAAAAAAAAAAAAAATTAGCTGGGCATGGTGGCAGGAGCCTGTAATCCCAGCTACTCAGGAGGCTAAGGCAGGAGAATTGCTTGAACCCAGGAGGCAGAGGTTGCAGTGAGCCGAGACCACACCACTGCACTCCAGCCTGGGTGACAAAGCGAGACTCTGTCTCAAAATAAAAAAAGAAAAAAGAAA"
"KN294172v1","6289585","6289894","chrUn_KE147541v1","229930","230239","32","6059655","GGCCGGGCGCGTTGGCTCCCGCCTGGAATTCCAGCACTTTGGGAGGCTGAGGCAGGTGGATCACGAGGTCAGGAGTTAGAGACCAGCCTGGCCAACATGGTGAAACCCCGTCTCTACTAAAAATACAAAAATTAGCAGGGCATGGTGGCGGGTGCCTGTAATCCCAGCTACTCGGAAGGCTGAGGCAGGAGAATCGCTTGAACCCGGGTGGCGGAGGTTGCAGTGAGCCGAGATTGCGCCACTGGACTCCAGCATGGGCGACAGAGCGAGACTCCATCTCAAAACAAACAAACAAACAAACAAAAAAGAA","GGCCGGGCGCGGTGGCTCACGCCTGTCATCCCAGCACTTTGGGAGGCCGAGGCGGGTGGATCACGAGGTCAGGAGTTCGAGACCAGCCTGGCCAACATGGTGAAACCCCGTCTGTACTAAAAATACAAAAATTAGCCAGGGGTGGTGGCAGGTGCCTGTAGTCCCAGCTACTCGGGAGGCTGAGGGAGGAGAATGGCCTGAACCCGGGAGGCGGAGGTTGCAGTGAGCCGAGATCCGGCCACTGCACTCCAGCCTGGGCGACAGAGCGAGACTCCGTCTCAAAAAAAAAAAAAAGAAAGAAAGAAAGAAA"
"KN294172v1","6311961","6312107","chr21","127188135","127188283","21","120876174","CCTGCTACTTGGAAAGCTGAGGCGGGAGAATATTGCTTGAACCCAAGAGGCGGAGGTTGCAGTGAGCCGAGATCATGCCATTGCCCTCCAGCCTGGGTGACAGAGTGAGACTCTATCTCAAAAAAAAAAAAAAAGAAAAAAAAAAAA","TCCCAGCTACTCAGGACGCTGAGGCGGGATAATTTCTTGAACCCAAGAGGTGGAGGTTGTAGTGAGCTGAGATCACGCCACTGCACTCCAGCCTGGGTGACAGAGCGAGACTGTATCTCAAAAAAAAAAAAAAAGAAGAAGAAAAGAAA"
"KN294172v1","6364669","6364771","chr19","23257897","23257999","3","16893228","GGGAGGCCCAGGTTGCAGTGAGACAAGATCATGCCACTGCACTACAGCCTGGGAGACAGAGTGAGATTCCGTCTCAAAAACAAAAACAAAAAACAAAACAAAA","GGGAGGCCCAGGTTGCAGTGAGACAAGATCATGCCACTGCACTCCAGCCTGGGAGACAGAGCGAGATTCCATCTCAAAAACAAAAACAAAAAACAAAACAAAA"
"KN294172v1","6365081","6365391","chr19","23257271","23257580","16","16892190","GGCCGCACGCGGTGGCTCACGTCTGTAATCCCAATACTTTGGGAGTCCAAGACAGGTGGATCACGAGGTCAGGAGCTTGAGACCAGCCTTACCAACATGCTGAAACCCTGTCTCTACTAAAAAATACAAAAATTAGCTTGGCATGGTGGTGGGCGCCTGTAGACTCAGCTACTCGGGAGGCTGAAGGAGGAGAATCATTTGAACTCGGGAGGCGGAGGTTGCAGTGAGCCGAGATCACACTGTTGTACTCCAGGCTGGGTGACAGGGCGAGACTCCATTTCAAAAACAAAAAAAGAAAGAAAAAATAATAA","GGCCACACACGGTGGCTCACATCTGTAATCCCAATACTTTGGGAGACCAAGACAGGTGGATCACGAGGTCAGGAGTTCGAGACCAGCCTTGCCAACATGGTGAAACCCCCTCTCTACTAAAAATACAAAAATTAGCTTGGCATGGTGGTGGGCACCTGTAGACTCAGCTACTCGGGAGGCTGGAGGAGGAGAATCATTTGAACTCGGGAGGCGGAGTTTGCAGTGAGCCGAGATCACACTGTTGCACTCCAGGCTGGGTGACAAGGCGAGACTCCATTTCAAAAACAAAAAAAGAAAGAAAAAATAATAA"
"KN294172v1","6391147","6391314","chr9","41950879","41951039","34","35559732","ATTAGCCTGGCGTGGTGGCTGGCACCTATAATCTCAGCTTCTTGGGAGGCTGAGACACAAGAATCTCTTGAACTCGGGAGGTAGAGGTTCCAATGAGCTAAGATTGTGCCACTGCACTCCAGCCTGGGCAATAGAGCAAGACTCAGTTGCCATCTCAAAAAATAAAAA","TTAGCCGGGCACAGTGGTGGGAGCCTGTAATCCCAGCTACTCGGGAGGTTGAGGCACAAGAATCACTTGAACCCTGGAGGTGGAGGTTGCAGTGAGCTGAGATTGTGCCCCTGCACTTTAGCCTGGGTGACAGAGCAAGACTCTGTCTCAAAAAAAAAAAA"
"KN294172v1","6452973","6453101","chr16","25984166","25984283","30","19531193","GGTGGCAGACACCTGTAATCCCAGCTGTGTAGGAGGCTGAGGCAGGAGAATCACTTGAGCCTGGGATGAAAGGTTGCAGTGAGCCGAGATTACGCCACTCTCCTCCAGCCTGGACAACAGAGCAAGTCT","GCACCTGTAATCCCAGCTACTCGGGAGGCTGAGGCAGGAGAATCGCTTGAACCCGGGAGGCAGAGGTTGCAGTGAGTCGAGATCACGCCACTGCACTCCAGCCTGGGCAACAGAGAGA"
"KN294172v1","6592735","6592829","chr19","23035363","23035457","4","16442628","GCAGTGGTTGCAGTGAGCTGAGATCATACCACTTCACTCCAGCCTGGGTGACAGAGCAAGACTCCATGTCAAAAAAGAAAACAAAAAAAAGAAAA","GCAGTGGTTGCAGCCAGCTGAGATCACACCACTTCACTCCAGCCTGGGTGACAGAGCAAGACTCCATGTCAAAAAATAAAACAAAAAAAAGAAAA"
"KN294172v1","6663841","6664140","chr19","22964937","22965235","16","16301096","GGCCAGGCGCAGTGGCTCACGCCTGTAATCCCAACCCTTTGGGAGGCCAAGGCGGGTGGATCACTAGGTCAGGAGTTCGAGACCAGGCTGGCCAACATGGTGTAACCCCATCTCTACTAAAAATAACAAAAATTAGCCGGGTGCGGTGGCGGGCACCTGTAATCCCAGCTACTCGGGAGGCTGAAGCAGGAGAATCGCTTGAACCCAGGAGGCAGAGGTTGCAGTGAGTGAGATTGTGCCACTGCACTCCAGCCTGGTGACAGAGCAAGACTCCTGTCTCAAAAAAAAAAAAAAAGAAAA","GGCCAGGCGCAGTGGCTCACGCCTGTAATCCCAGCCTTTTGGGAGACCAAGGCGGGTGGATCACTAGGTCAGGAGTTCGAGACCAGGCTGGCCAACATGATGTAACCCTCTCTCTACTAAAAATAAAAAATTAGCCAGGCGCGGTGGCGGGCACCTGTAATCCCAGCTGCTCAGGAGGCTGAAGCAGGAGAATCGCTTGAACCCAGGAGGCAGAGGTTGCAGTGAGTGAGATTGTGCCACTGCACTCCAGCCTGGTGACAGAGCAAGACCCCTGTTTCAAAAAAAAAAAAAAAAAAAAA"
"KN294172v1","6703494","6703592","chr2","25365259","25365352","16","18661765","AACCCAGGAGGCAGAGGTTGCAGTGAACCGAGATCGCACCACTGCATTTCAGTTTGGGCAACAGAGCAAGACTCCGTCTCAAAAAAAAAAGAAGAAAAA","ACCCTGGAGGTGGAGGTTGCAGTGCACCGAGATCGCACCACTGCATTCCAGCCTGAGTGACAGAGCAAGACTCCATCTCAAAAAAAAAAAAAAA"
"KN294172v1","6844359","6844476","chr9","84500001","84500121","21","77655642","GAATCCCATGAACCTAGGACGCAGAGGTTGTATTGAGTCTAGATTGCATCACTGCACTCCAGCCTGGGTGACAGTGAAACTGTCTCAAAAATCAAAAAAAAAAAAAACAGAAACAAAA","AGAATCACATGAACCCAGGAGGCTGAGGTTGCAGTGAGCCGAGATTGCACCATTGGACTCCAGCCTGGGTGACAGTGAGAGACTCCGTCTCAAAAAACAAAAAACAAACAAACAAACAAAA"
"KN294172v1","6896992","6897080","chr7","7174323","7174408","21","277331","TCACTGCAACCTGGGAGGCGGAGGTTGCAGTGAGCAAAGATCACAGCACTGCAGTACAGCCTGGGCAACAGATTGAGACTCTGCCTTAA","TNGCTTGAACCCAGGAGGCGGAGGTTGCAGTGACCGAGATCACTCCACTGCACTCCAGTCTGGGCAGCAGAGTGAGACTCCATTGC"
"KN294172v1","6908491","6908798","chr19","22730252","22730560","8","15821761","GGCCGGGCGCGTTGGCTCACGCCTGTAATCCCAGCACTTTGGGAGGCCAAGGTGGGTGGATCACGAGGTCAGGAGATGGAGACCATCCTGGCCAACACGGTGAAACTCAGTCTCTACTAAAAAAATACAAAAATTAGCTGGACATGGTGACGGGTGCCTGAAATCCCAGCTACTTGGGAGGCTGAGGCAGGAGAATCATTTGAACCTGGGAGGTGGAGGTTGCAGTAAGCCAAGATCGTGCCATTGCACTCCAGCCTGGGTGACAGGGCTAGACTCCATCTCAAAAATAAATAAATAATAAAATAAAA","GGCCGGGCGCATTGGCTCACGCCTGTAATCCCAGCACTTTGGGAGGCCAAGGTGGGTGGATCACGAGGTCAGGAGATGGAGACCATCCTGGCCAACATGGTGAAACTCAGTCTCTACTAAAAAAAATACAAAAATTAGCTGGGCATGGTGATGGGTGCCTGAAATCCCAGCTACTTGGGAGGCTGAGGCAGGAGAATCATTTGAACCTGGGAGGTGGAGGTTGCAGTGAGCCGAGATCGTGCCATTGCACTCCAGCCTGGGTGACAGGGCGAGACTCCATCTCAAAAATAAATAAATAATAAAATAAAA"
"KN294172v1","6947029","6947320","chr19","22688395","22688686","9","15741366","GGCTGGGTGCAGTGGCTCATGCCTGTAATCCCAACACTTTGGGAGGTCGAGGTGGGTGGATCACGAGGTCAGGAGTTCAAGACCAGCCTGGCCAAGATGGTGAAACCCCGTATCTACTAAAAATACAAAAACTAGCTGGGCGCAGTGGCAGGTGCCTGTAATTCCAGCTACTCGGGAGGCTGAGACAGGAGAATTGCTTGAACCCGGGCGGCAGAGGTTGTAGTGAGCCGAGATTGTGCCACTGCATTCCAGCCTGCGCGATAGAGTGAGACTCCGTCTCAAAAAAGAGAAA","GGCTGGGTGCAGTGGCTCATGCCTGTAATCCCAACACTTTGGGAGGTTGAGGCGGGTGGATCACGAGGTCAGGAGTTCAAGACCAGCCTGGCCAAGATGGTGAAACCCCGTATCTACTAAAAATACAAAAATTAGCTGGGCGCAGTGGCAGGTGCCTGTAATTCCAGCTACTCGGGAGGCTGAGACAGGAGAATTGCTTGAACCCGGGCAGCAGAGGTTGTAGTGAGCCGAGATTGCGCCACTGCAGTCCAGCCTGGGCAATAGAGTGAGACTCCATCTCAAAAAAGAGAAA"
"KN294172v1","6955187","6955465","chr19","22680193","22680466","15","15725006","GGCCTGGCCCGGTGTCTCATGCCTGTTATCCCAGCACTTTGGGAGGCCGAGGCAGGTGGATCACGAGGTCAGGAGTTCAAGACCAGCCTGGCCAACATGGTGAAACCTCGTCTCTACTGAAAACACAAAAATTAGCCAGACGTGGTGGCAGGTGCCTATAATCCCAATTAGTCAGGAGGCTGAGGCAGGAGAATCGCTTGAGCTCGGGAGGCGGAGGTGGTAGTGAGCGGAGATTGTACCATTGCATTCCAGCCTGGGCAACAGAGCAAGACTCCGTCT","GGCCGGGCCCGGTGTCTCATGCCTGTTATCCCAGCACTTTGGGAGGCTGAGGCAGGTGGATCACGAGGTCAGGAGTTCAAGACCAGCCTGGCCAACGTGGTGAAACCCCGTCTCTACTAAAAACACAAAAATTAGCCAGACGTGGTGGCGGGTGCCTATAATCCCGACTAGTCAGGAGGCTGAGGCAGGAGAATCGCTTGAACTCGGGAGGCGGATGTTGAGCGGAGATCGTACCATTGCATTCCAGCCTGGGCAACAGAGCAAGACTCCGTCT"
"KN294172v1","6960367","6960698","chr20","7848020","7848329","59","887653","GACCAGGCACGATGGCTCACGCCTGTAATCCCAGCGCTTTGGGAGGCCGAGGTGGGTGGATCACGAGGTCAGCAGTTCGAGACTAGCCTGGCCAAGATGCTGAAACCCTGTCTCTACAAAAAACACAAAAATTAGCTGGGCACCATGGCGGACGCCTGTAATTCCAGCTACTCGTGAGGCTGAGACAGGAGAATCGCTTGAACCCGGGAGGCAGAGGTTGTGGTGAGCTGAGATCGCACACACCACTGCACTCTAGCCTGGGCAACAGTGTGAGACTCTGGGTGACAGTGTGAGACTCTGTCTCAGAAAAAAAAAAAAAAAAAGAAAGAAAA","GGCCAGGCACGGTGGCTCACGCCTGTAATCCCAGCACTTTGGAAGGCCGAGGTGGGTGGATCACGAGGTCAGGAGTTCGAGACTAGCCTGGCAAAAATGGTGAAACCCCCGGCTCTACTAAAAATACAAAAAATTAGCCGGGCACAGTGGCGGGCGCCTGTAATCCCAGCTACTCGGGAGGCTGAGGTAGGAGAATCGCTTGAACCTGGGAAGTGGAGGTTGCAGTGAGCTGAGATCGCGCCACTGCACTCTAGCCTGGGCAACAGCAAGACTCTGTCTCAAAAATTAAAAAAAAAAAAAAAAAAAAAAA"
"KN294172v1","7038654","7038807","chr19","22594501","22594655","8","15555847","TTACCCAGGCGTGGTGGTGGGCACCTGTAATCCCAGCTGCTGGGGAGGCTGAGGCAGGAGAATTGCTTGAACCTGGGAGGTGGAGGTTGCAGTGAGCCAAGACCATGCCACTGTACTCCAGCCTGGGTGATAGAGTGAGGCTCTGTCTCAAAAA","TTACCCAGGCGGGGGGGTGGGCACCTGTAATTCCAGCTGCTGGGGAGGCTGAGGCAGGAGAATTGCTTGAACCTGGGAGGTGGAGGTTGCAGTGAGCCAAGATCGTGCCACTGCACTCCAGCCTGGGTGATAGAGTGAGACTCTGTCTCAAAAAA"
"KN294172v1","7063619","7063929","chr19","22570434","22570764","28","15506815","GGCCAGGCGCGGTGGCTCATGCCTGTAATCCCAGCACTTTGGGAGGCCAAGGCGAGTGGATCACAAGGTCAAGAGTTCAAGACCCGCCTGGCCAAAATGGTGAAACCCTGTCTCTACTAAAAATACAAAATTTAGCCGGGCACAGTGGCAGGTGCCTGTAATCCCAGTAACTCGGAGGCTGGGACAGAAGAATCGCTTGAACCCAGGGGGCAGAGGTTGCAGTGAGCCAAGATTGTGCCCCTGCACTGTAGCCTGGTTGACAGAGTGAGACTCTGTCTCAAACAAAACAAAGTAAAACAAAACAAACAAAA","GGCCAGGCACGGTGGCTCATGCCTGTAATCCCAGCACTTTGGGAGGCCAAGGCGAGTGGATCACAAGGTCAAGAGTTCAAGACCAGCCTGGCTAAAATGGTGAAACCCTGTCTCTACTAAAAATACAAAAATTAGCCAGGCATAGTGGCAGGTGCCTGTAATCCCAGTAACTCGGAGGCTGAGACAGAAGAATCGCTTGAACCCAGGGGGCAGAGGTTGCAGTGAACCAAGATTGTGCCCCTGCACTGTAGCCTGGTTGACAGAGTGAGACTCTGTCTCAAACAAAACAAAGTAAAACAAAACAAAACAAACAAACAAAAAACCAAAAAAC"
"KN294174v1","26408","26691","chr3","86134175","86134454","15","86107767","GACTGGGCACGGTGGCTCACGCCTGTAATCACAGCACTTTGGGAGGCTGAGGTGGGTGGATCACGAGGTCAGGAGTTCGAGACCAGACTGGCCAGCATGGTGAAACCCCGTCTCTACTGAAAATACGAAAATGAGCCAGTCGTGGTGGCGGGCACCTGTAGGCCCAGCTACTCGGGAGGCTGAGGCAGAATCACTTGACTCCAGGAGGCAGAGGTTGCAGTGAGCCGAGATCACCCCACTGCATTCCAGCCTGGGCAACAGAGCTAGACTCCATTTCAAGAAAA","GGGCGCGGTGGCTCACGCCTGTAATCACAGCACTTTGGGAGGCTGAGGTGGGTGGATCACGAGGTCAGGAGTTTGAGACCAGCCTGGCCAGCATGTTAAAATCCCGTCTCTACTGAAAATACGAAAATGAGCCGGTCGTGGTGGCGGGCACTTGTAGTCCCAGCTACTCGGGAGACTGAGGCAGAATCACGTGACTCCAGGAGGCAGAGGTTGCAGTGAGCCGAGATCACCCCACTGCATTCCAGCCTGGGCAACAGAGCTAGACTCCATTTCAAGAAAA"
"KN294174v1","143115","143236","chr3","86015371","86015494","14","85872256","CTTGGGAGGCTGAGGCGGGGTAATTGCTTGAACCTGGGGGCAGAGGTTGCAGTGAGCTGAGATTGTACCACTGCACTCCAGCTTAGTTGACCGAGTGAGACTCAGTTTCAAAGAAAAAAAAA","CTTGGGAGGCTGAGGCAGGATAATTGCTTGAACCTAGGGGCAGAGGCTGCAGTGAACTGAGATTGCGCCACTGCACTCCAGGTTGGTTGACAGAGTGAACTCAGTTTCAAAGAAAAAAAGAAAA"
"KN294174v1","316725","317032","chr3","85841405","85841710","15","85524680","GCCAGGTGCAGTGGCTCACTCCTGTAATCCTAGCATTTCGGGGGCCGAGGCAGGTGGATCACGAGGTCAGGAGTTCGAGACCAGCCTGACCAACATGGTGAAACCCCGTCTCAACTAAAAATACAAAAATTAGCCAGGCATGCTGGCAGGCACCTGTAATCCCAGCTACACAGGAGGATGAGGCAGGAGAATCATTTGAACCTGGGAGGCAGAGGTTGCAGTGAGCCAAGATCACACTATTGCGCTCCAGCCTGGGCAACAGGGTGAGACTCTGTCTCAAAAAACAATAATAAAATAAAAATAAAAAA","GCCAGGTGCAGTGGCTCACTCCTGTAATCCTAGCGCTTTGGGGGCCGAGGCAGGTGGATCACGAGGTCAGGAGTTCGAGACCAGCCTGGCCAACCTGGTGAAACCCCGTCTCAACTAAAAATACAAAAATCAGCCAGGCATGCTGGCAGGCACCTGCAATCCCAGATACACAGGAGGATGAGGCAGGAGGATCATTTGAACCTGGGAGGCAGAGGTTGCAGTGAGCCGAGATCACACTATGGCGCTCCAGCCTGGGCAACAGGGTGAGACTCTGTCTCAAAAAATAATAAAATAAAAATAAAAAAA"
"KN294174v1","457930","458081","chr3","85707941","85708080","20","85250011","CCAGCTACTCAAGAAGCTGAGGCAGGAGAATCGCTTGAACCCGGGAGGCGGAGATTGCAGTGAGCTGAGATCGCACCACACCACTGCACTGCAGCCTGGGTGACAGAGCGAGGCTCAGTCTCAAAAAAAAAAAAAAAAAAAAAAAAAAAAAA","CTAGCTACTCAGGAAGCTGAGGCAGGAGAATCGCTTGAACCCGGGAGGCGGAGATTGTAGTGAGCTGAGATCTCACCACACCACTGCATTCCAACCTGGGTGACAGAGCGAGGCTCGGTCTCAAAAAAAAAAAAAAAAAA"
"KN294175v1","7603","7908","chr28","2243792","2244093","20","2236189","GGCCGGGCACGGTGGCTCACGCCTGTAATCCCAGCACTTTGGGAGGCCGAGGCTTGTGGCTCAGGAGGTCAGGAGCTCGAGACCAGCCTGGCTAAGGTGGTGAAACCCCGTCTCTACTAAAAATACAAAAATTAGCTGGGTGTGGTGGTGGGTGCCTGTAATCCCAGCTACTCGGGAGGCTGAGGCAGGAGAATCACTTGAACCTGGGAGGCAGGCGGAGGTTGCAGTGAGCCAAGATGGTGCCAGGGTACTCAAGCCTAGCTGACAGAGTGAGACTCCATCTCAAAAAAAAAAAAAAAAAAAAAA","GGCTGGGCACGGTGGCTCACGCTTGTAATCCCAGCACTTGGGAGGCTGAGGCGGGTGGATCAGGAAGTCAGGAGCTCGAGACCAGCCTGGCCAAGGTGGTGAAACCCCCTCTCTACTAAAAATACAAAAATTAGCTGGGCATGGTGGCGGGTGCCTGTAATCCCAGCTACTCGGGAGGCTGAGGCAGGAGAATCACTTGAACCTGGGAGGCAGGCGGAGGTTGCAGTGAGCCGAGATGGCGCCACGGTACTCAAGCCTAGGTGACAGAGTGAGACTCCATCTCAAAAAAAAAAAAAAAAAAA"
"KN294175v1","16311","16462","chr28","2251652","2251806","6","2235341","GGCAGGTGACTGTACTCCCAGCTACCTGGGGGCTGAGGTGGGAGGATTCCTTGAGCCCATCAGGCAGAGGTTGAAGTGAGCTGAGACTACACCACTGCACTCTAGCCTGGGTGACAGAGTGAGACCCTGTCTCAAAAAAAAAAAAAAAAAAA","GGCAGGTGACTGTACTCCCAGCTACCTGGGGGCTGAGGTGGTAGGATTCCTTGAGCCCATCAGGCAGAGGTTGCAGTGAGCTGAGACTATACCACTGCACTCTAGCCTGGGTGACAGAGTGAGACCCTGTCTCAAAAAAAAAAAAAAAAAAAAAA"
"KN294175v1","49094","49404","chr22","45276225","45276538","34","45227131","GGCCGGGTGCAGTGCCTCACGCCTGTAATCCCAGCACTTTGGGAGGCCAAGGCGGGTGGATCACGAGGTCAGGAGTTCGAGACCAGTCTGGTCAAGATGGTGAAACCCTGTTTCTACTAAAAATAAAGAAAATTAGCCCGGGGTGGTGGTGGGTGTCTGTAATCCCAGCTACTCGGGAGGCTGAGACAGGGAAATCGCTTGAAACCGGGAGGCAAAGGTGGTTGTGAGCCGAGATTGCGCCACTGCACTCCAGCCTGGGCAACAGAGTGAGACTCCATCTCAAAAAAAAAAAAAAAAAAAAAAAAAAAAAA","GGCTGGGCGCAGTGGCTCACGCCTGTAATCCCAGCACTTTGGGAGGCCAAGGCGGGTGGATCACGACGTCAGGAGTTTGAGACCAGCCTGGTCAAGATGGTGAAACCCCGTCTCTACTAAAAATAAAGAAAATTAGCTGGGCGTGGTGATTGGCGCCTGTAATCCCAGCTACTCGGGAGGCTGAGGCAGGAGAATTGCTTGAACCTGGGAGGCGGAGGTGGCTATGAGGCGAGATTGCGCCACTGCACTCCAACCTAGGCAACAGAATGAGACTCCATCAAAAAAAAAAAAAAAAAAAAAGAAAAGAAAAAAAA"
"KN294175v1","53962","54242","chr10","4552268","4552559","79","4498306","GGCCAGGCGTGGTGGCTCAGGCCTGTAATCCCAGCACTTTGGGAGGCCGAGGTGGGTGGATCTCTACCAAAAATATAAAAATATAAAAATCAGCCAGGTGTGGTGGCGGATGCCTGTAATCCCAGCTACTCGAGAGGCTGAGGCAGGAGAATTGCTTCAACTGGGAGGTGCAGGTTACGGTAAGCTGAGATTGTGCCGCTGCACTCCAGCCTGGATGAGACCTGCCACCAAAAAATAAAAATAAAAAATAAATAAAAAAAAAGAAAAAAAAGAAAAAGAAA","GGCCGGGCGCGGTGGCTCACGCCTGTAATCCCAGCACTTTGGGAGGCCCAGGAGCGTGGATCACGAGGTCCGAAGTTTGAGACCCCATCTCTATTAAAAATACAAAAATTAGCGGGTGCGGTGGCAGACGCCTGTAATCCCAGCTACTCAGGAGGCTGAAACAGGAGAATCGCTTAAACCGGGGAGGTGGAGGTTGCAGTGAGCCTAGATGGCCGCCATTGCACCCAGCATGAGCAACAGAGTGAGACTCCGTCTCAAAAAAAAAAAAAAAAAAAAAAAAAAAAAAAAAAAA"
"KN294175v1","55782","55908","chr28","2286063","2286194","15","2230281","CAGCTGCTCTGGAGGCTGAGGTGGGAGAATCGCTTGAACCTGAGAGGTGGTGGTTGCAGTGTGCAGAGATCGTGCCACGGCACTTCAGCCTGGGCGACAGTGACAGTCTGTCTCAAAAACAAAAAAA","CAACTACTCTGGAGGCTGAGGTGGGAGAATCGCTTGAACCTGAGAGGTGGTGGTTCAGAGATCGCGCAGAGATCGCACCACGGCACTCCAACCTGGGGGACAGAGTGACAGTCTGTCTCAAAAACAAAAAAA"
"KN294175v1","83411","83581","chr14","70326149","70326316","30","70242738","AAAAATTAGCTGGGCATGGTGGCAGGAGCCCATATTCCCAGCTACTCAGGTGGCTGAGGCACGAGAATCACTTGAACTGGGGAGGCGGAAGTTGCAGTGAGTAGAGATCGCGCCACCACACTCCAGCCTGGGTGACAGAACAAGACTCCATCTCAAAAAAAGAAAAAAAAA","TTAGCCGGGCATGGTGGTATGCACCTGTAATCCCAGCTACTCAGGAGGCTGAGGCAGGAGAATCGCATGAACCTGGGCAGCAGAGGTTGCAGTGAGCCGAGATCGCGCCACTGCACTCCAGCCTGGGTGACAGAGCAAGACTCCATCTCAAAAAATAAAAAAAAAAAA"
"KN294175v1","116753","116859","chr1","114686644","114686755","24","114569891","TCGCTTCAATCTGGGAGGTGGAAGTTGCAGTGAGCTGAGATTGTGCCACTCCAGCCTGGGCAACAAAACGAGACTCCGTCTTAAACAATAAATAAAAGAAAATAAAA","AATCGCTTGAATCTGGGAGGCGGAGGTTGCAGTGAGCTGGGATCGTGCCAGTGCACTCCAGCCTGGGTGACAGAGTAAGACTCCGTCTCAAAAATAAATAAATAAATAAAAA"
"KN294175v1","121271","121405","chr28","2350160","2350295","6","2228889","CAGCTACTCGGAGACTGAGTAGCTCAGTAGGAGAATCGCTTGAACCTGGGAGGTGGAGGTTGCAGTGAGCTGAGATCATGCCACTGCACTCCAGCCTGGGTGGCAAAGCAAGATTTCGTCTCAAAAAAAATAAAA","CAGCTACTTGGAGACTGAGTAGCTCGGTAGGAGAATTGCTTGAACCTGGGAGGTGGAGGTTGCAGTGAGCTGAGATCATGCCACTGCACTCCAGCCTGGGTGGCAAAGCAAGACTTCATCTCAAAAAAAAATAAAA"
"KN294175v1","139757","140055","chr1","28417643","28417948","44","28277886","GGTATGGTGGCTCATGCCTGTAATACCAGCACTTTGGGAGGCCAAGGCAGCTGGATCACGAGACCAGGAGTTTAAGACCAGCCTGGCCAACATGGTGCAACTCTGTCTCCACTAAAAATACAAAAATTAGCTGGGCATGGTGGCCGGTGCCAGTAATCCTAGAGCTACTCAGGAGGCTGAGGCAGGAGAATCGCTTGAACCGGGAGGCGGAGATTGCAGTGAGCCAAGATCCCACCATTGCACTCCAGCCTGGGTGACAGAGCGAGACTGTCTCAAAAAAAAAAAAGAAAAGAAAAAAA","GCCAAGTGTGGTGGCTCAAGCCTGTAATCCTAGCACTTTGGGAGGCCAAGGCAGGTGGATCACGAAGTCAGGAGTTCAAGATCAGCCTGGCCAAGGTGGTGAAACTCTGACTCTACTAAAAATACAAAAATTAGCCGGGCACAGTGGCGGGTGCCTGTAATCCCAGCTACTCAGGAGGCTGAGGTAGGAGAATCGCTTGAACCTGGGTGGCAGAGGTTGCAGTGAGCCAAGATCGCACCACTGCACTCCAGCCTAGGCAACAGAGTGAGACTCCGTCTCAAAAAAAAAAAAAAAAAAAAAAAAAAA"
"KN294175v1","155068","155362","chr28","2383248","2383549","16","2228180","GGCCGAGCCCGGTGGCTCAAGCCTGTAATCCCAACACTTTGGGAGGCTGGGACGGGTGGATCATGAGGTCAGGAGTTTGAGACCAGCCTGGCCAATATGGTGAAACCCCATCTTTACTAAAAATACAAAAATTAGCTGGGTACAGTTATGGTGCCTGTCATCCCAGCTACCTGGGAGGCTAAGGCAGGAGAATCGCTTGAACCTGGGAGGCGGAGGTTGCAGTGAGCCGAAATCATGCCACTGCACTCCAGACTGGATGACAGAGCAAGACTCTGTCTCAGGAGAAAAAAATAAA","GGCCGAGCCCGGTGGCTCAAGCCTGTAATCTCAACACTTTGGGAGGCTGGGACAGGTGGATCATGAGGTCAGGAGTTTGAGACCAGCCTGGCCAATATGGTGAAACCCCGTCTTTACTAAAAATACAAAAATTAGCTGGGTGCAGTTATGGTGCCTGTCATCCCAGCTACCTGGGAGGCTGAGGCAGGAGAATCACTTGAACCTGGGAGGCGGAGGTTGCAGTGAGCCGAAATCATGCCACTGTACTCCAGCCTGGATGACAGAGCAAGACTCTGTCTCAGGAGGGAAAAAAAAAAAAAGAA"
"KN294175v1","183345","183451","chr2","80385704","80385808","16","80202359","CCGGGAGGGAGAGGTTACAGTGAGCCAAGATCACACTACCACACTCCAGCCTGGGTGACAGAGTGAGACTCTGTCTCAAAAATAAATAAATGAATAAATAAATAAAA","CCTGGGAGGCGGAGGTTGCAGTGAGCCAAGATCACGCCACTGCACTCCAGCCTGGGCGACAGAGCGAGACTCCGTCTCAAAAATAAATACATAAATAAATAAAAA"
"KN294175v1","185745","186013","chr1","114384451","114384712","47","114198706","GGCCGGGCGCAGTGGCTCATGCCTGTAATCTCAGCACTTTGGGAGGCCAAGGCGGTGGATCTTAGGGTCAGGAATTCAAGACCATCCTGGCCAGCATAGTGAAACCCCGTCTCTACTAAAAATACAAAAATTAGCCGGGCGTGTTGGCGGCCACCTGTAATACCAGCTACTCGGGAGACTGAGGCAGAGGCGGAGCCAGAGAATTGCTTGAACCCAGGAGGCGGAGGCTGCAGTGAGCCGAGATCGCGCCACTGCACTCCAGCCTGGGC","GGCCAGGCGCAGTGGCTCGCGCCTGTAATCTCAGCACTTTGGGAGGCCGCGATGGGTGGATCATGAGGTCAGGAGTTCGAGACCAGCCTGGCCAAGATGGTGAAACCCCGTCTCTATTAATAAATACAAAAATTAGCCAGGCGTGGTGGTGGGCACCTGTAATTCCAGCTACTCGGGAGGCTGAGGCAGGAGAATTGCTTGAATCCGGGAGGTGGAGGTTGCAGTGAGCTGAGATCACACCACTACACTCTAGCCTGGGCAA"
"KN294175v1","190016","190218","chr1","15557479","15557663","44","15367463","ACCCCGGTCTCTACCAAAAACACAAAACTTAGCCAGTCCTGGTGGCAGGCGCCTGTAGTCCCAGCTACTCAGGAGGATAAAGCAGGAGAATTGCTTGAACCCAGGAGGCAGATGTTGCAGTGGGCTGAGACCGCACCACTACCAGCCTGGATAACAGAACAAGACTCTGTCTCAGAAAAGAAAAAAAACAAACAAAAACAAAA","CCCTTCTCTACTAAAAATACAAAAATTAGCCAGGCGGGCACCTGTAGTCCCAGCTTACTCAGGAGGCTGAGGCAGGAGAATCACCTGAACCCAGGAGGCAGAGGTTGCAGTGAGCCACTGCACTCCAGCCTCGGCAACACAGCAAGACTGTGTCTCAAAAAAGAAAAAAAAAAAAGAAAAAAAAA"
"KN294176v1","73913","74016","chr11","59189198","59189302","3","59115285","TGAACCCAGGAGGCAGAGGTGGGAGTGAGTCGAGATCGCACCACTGCACTCCAGTCTGGGCAACACAGTGAGACTTAGTCTCAAAACAAACAAACAAACAAAAA","TTGAACCCAGGAGGCAGAGGTGAGAGTGAGTCCAGATCGCACCACTGCACTCCAGTCTGGGCAACACAGTGAGACTTAGTCTCAAAACAAACAAACAAACAAAAA"
"KN294176v1","109695","109855","chr11","59155772","59155934","14","59046077","TGGCAGGCGCCTGTAATTCCAGCTACTCAGGAGGCTGAGGCAGGAGAATTGCTTGAACCTGGGAGGAGGAGGTTGCAATAAGCCGAGATCACACCACTGCACTCCACCCTGGACGACAGAGCAAGACTCTGTCTCAAAAAAATAAAATAAAATAAAACAAA","TGGCGGGCGCCTGTAATCCCAGCTACTCAGGAGGCTGAGGCAGGAGAATTGCTTGAACCCGGGAGGCGGAGGTTGCAGTAAGCCGAGATCACGCCACTGCACTCCACCCTAGATGACAGAGCAAGACTCCATCTCAAAAAATAAATAAATAAAATAAAATAAA"
"KN294181v1","463036","463338","chr2","81326980","81327289","25","80863944","GGCCAGGCACAGTGGCTCATGCCTGTAATCCCAACACTTTGGGAGTCCAAGGTGGGTGAATCACGAGGTCAGGAGTTCGAGACCAACCTGGCTAACATGGTGAAACCCTATCTCTACTACAGATACAAAAATTAGCCAGGTGCAGTGGTGGGCACCTGTAGTCCCAGCTACTCGGGAGGCGGAGGCAGGAGAATTGTTTGAACCCTGGAGGCGGAGGTTGCAGTGAGCTGAGATCGTGCCACTGCATTCCAGCCTGGGCGACAGAGGGAGACTCCATCTCAAATAAAATAAAATAAAATAAAA","GGCCAGGCGCAGTGGCTCATGCCTGTAATCCCAGCACTTTGGGAGTCCGAGGCGGGTGAATCACGAGGGCAGGAGTTCGAGACTAACCTGGCTAACATGGTGAAACCCTCTCTCTACTACAGATACAAAAATTAGCCAGGTGCAGTGGTGGGCGCCTGTAGTCCCAGCTACTTGGGAGGCGGAGGCAGGGTAATTGTTTGAACCCTGGAGGTGGAGCTTGCAGTGAGCTGAGATCGTGCCATTGCACTCCAGCCTGGGCGACAGAGTGAGACTCCGTCTCAAAAAAATAAATAAATAAATACAAATAAAA"
"KN294181v1","541918","542207","chr6","5084216","5084520","45","4542298","CATGCCCGTAATTCCAGCATTTTGGGAGGCCGAGGCAAGTGGATCACGAGGTCAGGAGTTCAACACCAGTCTGGCCAAGATGGTGAAATCCCCATCTCTACTAAAAATATAAAAATTAGCTGGGCATGGTGGCAGGCACCTGTAGTCCCAGTTACTTGGGAGACTGAGGCAGGAGAATTGCTTGAACCCGAGAGGCAGAGGCTGCAGTAAGCCGAGATAGTGCCACTGCACTCCAGCCTGGGCAACAGAGTGAGACTCCATCTCAAAAAAAGAAAAAGACAAAAAAGAAA","GGCGCAGTGGCTCAAGCCTGGAATTCCAGCACTTTGAGAGGCCGAGGCGGGTGCATCACGAGGTCAGGAGTTTGAGACCAGCCTGGCCAAGATGGTGAAACCCCCATCTCTACTAAAAATACAAAAATTAGCCGGGCGTGGTGGCGGGCACCTGTAGTCCCAGCTACTAGGGAGGCTGAGGCAGGAGAATTGCTTGAACCTGGGAGGTGGAGGCTGCAGTGAGCTGAGATTGTGCCACCGCACTCTAGCCTGGGCAACAGAGCGAGACTCCATCTCAAAAAAAAAAGAAAGAAAGAAAAAGAAAA"
"KN294181v1","606592","606904","chr16","7965180","7965491","37","7358588","GGCTGGGTGTGTTGGCTCACGCCTGTAATCCCAGCACTTTGGGAGGCCAAGGCGGGTGGATCACGAGGTCAGGAGTTCAAGACGAGCCTGGTCAAGATGGTGAAATCCTGTCTCTACTAAAAATACAAAAATTAGCCGGGCATGGTGGCAGTCACCTGTAATCCCAGCTACGCAGGAGGCTGAGGCAGGAGAGTTGCTTGAACCTGGGAGGCAGAGGTTGCAGTGAGTCCAGATCACGCCACTGCACTCCAGCCTGGGTGAAAGAGTGAGACTCCGTCTCAAAAAACAAAAACAAAAACCAAAACCAAAAAAA","GGCCGGCCATGGTGGCTCATGCCTGTAATCCCAGCACTTTGAGAGGCTGAGGCAGGTGGATCACAAGGTCAGGAGTTCAAGACCAGCCTGGCCAAGATGGCGAAATCCCGTCTCTACTAAAAATACAAAAATTAGCCAGGCACAGTGGCAGGCTCCTGTAATCCCAGCTACTCAGGAGGCTGAGGCAGGAGAATTGCCTGAACCCCGGGGGGCGGAGGTTGCAGTGAGCCTAGATCACGCCACTGCACTCCAGCCTAGGCGACAGACTGAGACTCCATCTCAAAAAACAAAAACAAAAATAAACCAAAAAAA"
"KN294181v1","735361","735478","chr28","12590482","12590598","23","11855121","GAGTTGCCTGAACCCAAGAGGCAGAGTTTGCAGTGAGCTGAAATCATATCATTGTACTCCAGCCTGGGTGACGGAGTGAGACTCTTGTCTCTTAAAAAAAAAAAAAAAAGAAAGAAAA","AGTCGCTTGAATCCAAAAGGCGGAGCTTGCAGTGAGCCGAGATCGCGCCACTGCACTCCAGCCTGGGCGACAGAGTGAGACTCCGTCTCAAAAAAAAAAAAAAAAAGAAAAGAAAAA"
"KN294181v1","737999","738304","chr2","81059951","81060256","13","80321952","GGCTGGGTGCGGTGGCTCACGCCTGTAATCCCAGCACTTTGGGAGGCCGAGGCGGGTGGATCACAAGGTCAGCAGTTCAAGACCAGCCTGGCCAATATGGTGAAATCCCGTCTCTACTAAAAATACAAAAATTAGCCGGGCGTGGTGGTGGGCGCCTGTAATCCCAGCTACTTGGGAGACTGAGGCAGGAAAATCGCTTGAACCTGGGAAGTGGAGATTGCAGTGAGCCGAGATCGTGCCAGTGCACTCCAGCCTGGGTGACAGAGTGAGACTCTGTCTCAAACAAACAAACAAACAAACAAAAAA","GGCCGGGTGTGGTGGCTTACGCCTGTAATCCCAGCACTTTGGGAGGCCGAGGCGGGTGGATCACAAGGTGAGGAGTTCAAGACCAGCCTGGCCAATATGGTGAAATCCTGTCTCTACTAAAAATACAAAAATTAGCCGGGCGTGGTGGTGGGCGCCTGTAATCCCAGCTGCTTGGGAGGCTGAGGCAGGAAAATCGCTTGAACCCGGGAAGTGGAGGTTGCAATGAGCCGAGATTGTGCCAGTGCACTCCAGCCTGGGTGACAGAGTGAGACTCCGTCTCAAACAAACAAACAAACAAACAAAAAA"
"KN294181v1","772718","773005","chr27","35645029","35645316","28","34872311","GGCCAGGTGCAGTGGCTCACGCCTGTAATCCCAGCACTTTGGGAGGCCGAGGCAGGTGGGTCACGAGGTCAGGAGTTTGAGACCAGCCTGACCAACATGGTGAAACCCTGTCTCTACTAAAAATACAAAAATTAGCTGGGCATGGCGGCAGGCGCCTGTAGTCCCAGCTACTCAGGAGGCTGAGGCAGGAGAATCGCTTGAACCTGGGAGGTGGAGGCTGCAGTGAGCCGAGATCGCGCCATTGCACTCTAGCCTGGGTGAGAGAGTGAGACTCTGTCTCAAAAAAAA","GGCCAGGTGCGGTGGCTCACGCCTGTAATCCTAGCACTTTGGGAAGCCGAGGCAGGTGGATCACGAGGTCAGGGGTTCGAGACCAGCCTGGCCAACATGGTGAAACCCTGTCTTTACTAAAAATACAAAAATTAGCCAGGCGTGGTGGCGGGCACCTGTAATCCCAGCTACTCAGGAGGCTGAGGCAGGAGAATTGCTTGAACCTGGGAGGCGGAGGTTTCAGTGAGCTGAGATAGCACCACTGCACTCCAGCCTGGGTGACAGAGCGAGACTCTATCTCAGAAAAAA"
"KN294181v1","790774","791079","chr2","81019922","81020227","10","80229148","CAGGTGCAGTGGCTCACGCCTGTAATCCCAGCACTTTGAGAGGCCGAGGTGGGTGAATCACGAGGTCAGGAGTTCAAGACCAGCCTGGCCAACATGGTGAAACCCCATCTCTACTAAAAATACAAAAATTAGCCAGGCATGGTGGCGGGTTCCTGTAATCCCAGCTACTTGGGAGGCTGAGGCACGAAAATCGCTGGAACCCAGGAGGTGGAAGTTGCAGTTAGTTGAGATCATGCCACTGCACTCCACCCTGGATGACAGTGAGCTTCCGTCTCAAACAAATAAATAAATAAAAATTTAAAAAAA","CAGGCGCAGTGGCTCACGCCTGTAATCCCAGCACTTTGAGAGGCCGAGGTGGGTAAATCACGAGGTCAGGAGTTCAAGACCAGCCTGGCCAACATGGTGAAACCCCATCTCTACTAAAAATACAAAAATTAGCCAGGCATGGTGGCGGGTTCCTGTAATCCCAGCTACTTGGGAGGCTGAGGCACGAAAATCGCTGGAACCCAGGAGGTGGAAGTTGCAGTTAGCTGAGATCATGCCACTGCACTCCACCCTGGATGACAGTGAGCTTCCGTCTCAAAAAAAAAAAAAAATTAAAAAAAAAAAAAA"
"KN294181v1","895393","895495","chr6","10962751","10962855","14","10067358","CCTGGGAGGAAGAGGTTGCGGTGAGCTGAGATTGTGCCATTACACTCCAGCCTGGGCGACAGAGCAAGGCCCCGCCTCAAAAAAAAAAAAAAAAAAAAAAGAA","ACTCGGGAGGCAGAGGTTGTGGTGAGCTGAGAATGTGCCACTGCACTCCAGCCTGGGCGACAGAACAAGACTCCATCTCAAAAAAAAAAAAAAAAAAAAAGAAAA"
"KN294181v1","1156259","1156348","chr1","32663530","32663618","14","31507271","TTGTTTCAAGCCAGGAGGCGGAGGTTGCAGTGAGCCAAGATCGTACCACTGCACTCCATCCTGGGTGACAGAACAAGACTCTGTCTCAAA","CGCTTGAACCCGGGAGGCGGAGCTTGCAGTGAGCTGAGATCGTACCACTGTACTCTAGCCTGGGTGACAGAGCAAGACTCCGTCTCAAA"
"KN294181v1","1190807","1191079","chr2","80636951","80637243","32","79446144","TCATGCCTGTAATCCCAGCACTTTGGGAGGCCAAGGCAGGTGAATCATGAGGTCAGGCGTTCAAGACCAGCCTGGCCAAGATGCTAAGACCTGTCTCTACTAAAAACACACACACACACAAATTAGCCAGGCGCGGTGGCGAGCGCCTGTAATCCCAGCTACTGGGGAGGCTGAAGCAGGAGAATCACTTGAACCCAGCAGGCAGAGGTTGCAGGGAGCCGAGATCGCACCACTGCATTCCAGCCTGGGCAATAGTGCGAGACTCCATCTCAA","TCACGCCCGTAATCCCAGCACTTTGGGAGGCCAAGGCAGGTGGATCATGAGGTCAGGAGTTCAAGACCAGCCTGGCCAAGATGCTAAGACCCTGTCTCTACTAAAAACACACACATACACACACAAATTACCCAGGTGTGGTGGCGAGCGCCTGTAATCCCAGCTACTGGGGAGGCTGAGGCAGGAGAATCACTTGAACCCAGGAGGCAGAGGTTGCAGTGAGCCGAGATCGCACCATTGCATTCAAGCCTGGGCAATAGTGCGAGACTCCATCTCAAAAATAAATAAATAAA"
"KN294181v1","1336660","1336790","chr2","80493453","80493583","13","79156793","ACTCGGGAGGCTGAGGCAGGAGAATCGCTTGAACCCGGGAAGCAGAGGTTGCAGTGAGCTGAGATCACACCACTGCACTCCAGCCTGGGTGACAGAGTGAGACCAAAAAACAAACAAACAAATGAAAAAAA","ACTTGGGAGGCTGAGGCAGGAGAATTGCTGAAACCCGGGAAGCAGAGGTTGCAGTGAGCTGAGATCACACCACTGCATTCCAGCCTGGGGGACAGAGTGAGACCAAAAACCAAATGAATGAACAAAAAAAA"
"KN294181v1","1443464","1443568","chr2","80385704","80385808","2","78942240","CCCGGGAGGCGGAGGTTGCAGTGAGCCAAGATCGCGCCACTGCACTCCAGCCTGGGCGACAGAGCGAGACTCCGTCTCAAAAATAAATACATAAATAAATAAAAA","CCTGGGAGGCGGAGGTTGCAGTGAGCCAAGATCACGCCACTGCACTCCAGCCTGGGCGACAGAGCGAGACTCCGTCTCAAAAATAAATACATAAATAAATAAAAA"
"KN294181v1","1495539","1495823","chr2","80336984","80337274","43","78841445","CCGTGCGCGGTGGTTCACACCTGTAATCCCACCACTTTGGGAGGCCACGATGGGTGGATCACAAGGTCAGGAGTTCAAGACCAGCCTGGTCAAGATTCTGAAACCCCATCTCTACTAAAAATACAAAATCGGGCGCTGTGGCAGACACTTGTAATCCCAGCTACTCAGGAGACTGAGGCAGGAGAATCGCTTGAACCTGGAGGTGGGGCAAGAGGGGGCAGAGGTTGCAGTGAGCTGAGATTACGCCACTGCACTCCAGCCTGGGTGACAGAGTGAGACTCCATC","GCGCGGTGGTTCACACCTGTAATCCCACCACTTTGGGAGGCCAAGATGGGTGGATCACAAGGTCAGGAGTTCAAGACCAGCCTGGCCAGGATTCTGAAACCCCGTCTCTACTAAAAATACAAAAATTAGTCGGGCGCGGTGGCAGACACTTGTAATCCCAGCTACTCGGCAGGAAAATCGCTTGAACCTGGAGGTGGGGCAAGAGGGGGCGGAGGTTGCAGTGAGCCGAGATTGCACCACTGCACTCCAGCCTGGGTGACAGAGTGAGACTCCATCACTCACACAAAAAAA"
"KN294181v1","1532047","1532195","chr2","80304280","80304428","9","78772233","CTGTAACCCCAGCTACTGGAGATGCTGAGGCAGGAGCATCGCCTGGGAGATGGAGGTTGCAGTGAGCTGAGATCATGCCACTGTACTCCAGCCTGGGCGACAGAATGGGACTCCGTCTCAAAAAAAAAAAAAAAAAAAAAAAAGGAAAA","CTGTAACCCCAGCTACTGGAGATGCTGAGGCAGGAGCATCGCCTGGGAGACGGAGGTTGCAGTGAACTGAGATCACGCCACTGTACTCCAGCCTGGGCGACAGAATGGGACTCTGTCTCAAAAAAAAAAAAAAAAAGAAAAGAAAAGAA"
"KN294181v1","1532380","1532454","chr7","118470880","118470952","13","116938500","AGGGGGAGGTTGCAGTGAGCCAAGATCACACCACTGCACTCCAGCCCAGATGATAGTGCGAGACTCTGTCTCAAA","GGCGGAGGTTGCAGTGAGCTGAGATCCCACCACTGCACTCCAGCCCGGGTGACAGAGTGAGACTCCATCTCAA"
"KN294181v1","1535559","1535726","chr27","33925863","33926033","25","32390304","AGCCAGGCATAGTGGTGGGCACCTATAATCCCAGCTACTCAGGAGGCTGAGGCAGGATAATCAGTTGAACCCAGCAGGTGGAGGTTGCACTGAGCCGAGATCGCCCTACTGCACTCCAGCCTGGTCAACAGAGCGAGGCTCTATCTCACAAAAAAAAAAAGAAAAAAA","TTAGCCAGATGTTGTGGCGGGCGCCTGTAATCTCAGCTACTCAGGAGGCTGAGGCAGGATAATCACTTGAACCCAGGAGGTGGAGGTTGCAGTGAGCTGAGATCGCACCAGTGCACTCCAGCCTGGGAGACAGTGCGAGACTCCATCTCAAAAAAAAAAGAAAGAAAAAAA"
"KN294181v1","1546179","1546303","chr2","80294772","80294900","11","78748593","CTGTAATCCCAGCTACTCAGGAGCCAGAGGCAGGAGAATCGCTTGAATGCAGGAGGCGGAGGTTGCGGTGAGCCGAGATCGCGTCACTGCATCCAGCCCAGGTGACAGAGCAAGGCTCTGTCTCA","CTGTAATCCCAGCTACTCAGGAGTCAGAGGCAGGAGAATCGCTTGATTGCAGGAGGCGGAGGCTGCAGTGAGCCGAGATCGCGTCACTGCATCCAGCCCGGGTGACAGAGCAAGACTCTATCTCAAAAA"
"KN294181v1","1630115","1630280","chr14","70326149","70326316","26","68696034","TAGCCAGGTGTGGTGACAGGCACCTGTAATCCCAGCTACTTGGAAGACTGAGGCAGAAGAATCGTTTGAACCTAGGAAGTGGAGGTTGCAGTGAGCTGAGATCGCACCACTGCACTCCAGCCTGGGCAACGGAGCAAGACTCCATCTCAAAAAGAAAAGAAAAAAA","TTAGCCGGGCATGGTGGTATGCACCTGTAATCCCAGCTACTCAGGAGGCTGAGGCAGGAGAATCGCATGAACCTGGGCAGCAGAGGTTGCAGTGAGCCGAGATCGCGCCACTGCACTCCAGCCTGGGTGACAGAGCAAGACTCCATCTCAAAAAATAAAAAAAAAAAA"
"KN294181v1","1724633","1724932","chrUn_KE147547v1","354402","354703","38","1370231","GGCCAGGTGCGGTGGCTTATGCCTATAGTCCCAGCACTTTGGGAGGCTAAGGTGGGTGAATCACGAGGTCAGGAGTTCGAGACCAGCCTGGCCTACATGGTGAAACCCCATCTGTACTAAAAATATGAAAATTAGTCAGGCATGGTGGCAGGTGCCTGTAACCCCAGCTGCTCAGGAGGCTGAGGCAGGAGAATCACTTGGGCCTGGGAGGCAGAGGATGCAGTGAGCCAAGATAGTGCCATTGCACTCCAACCTGGGTGACAGAGCAAGACTCTGTCTCAAAAAAAAAAAAGAAAAAAA","GGCCAGGCGCGGTGGCTCATGCCTGTAATCCCAGCACTTTGGGAGGCCAAGGTGGGTGGATCACAAGGTCAGGGGTTCGAGACCAGCCTGACCAACATGGTGAAATCCCTTCTGTACTAAAAATACAAAAATTAGCTGGGCATGGTGGCAGGCGCCTGTAATCCCAGCTACTCAGGAGGCTGAGGCAGGAGAATTGCTTGAACCTGGGAGGCAGAGGTTGCAGTGAGCCGAGATCGCGCCACTGCACTCCAGCCTAGGGGACAGAGCAAAACTCCATCTCCAAAAAAAAAAAAAAAAAAAAA"
"KN294181v1","1736210","1736376","chrUn_KE147541v1","70880","71041","24","1665330","AAATTAGCTGGGTGTGATGGTGGGCGCTTGTAATCCCAGCTACTCGGGAGGCTGAGGCAGGAGAATCGCTTGAACCCAGGGGGCGGAGGTTGCAGTGAGCCGAGATAGCACCACTGCACTCCAGCCTGGGTGACAGAGCAAGACTTCATCTCAAAAAAAAAAAAAAA","TTAACTGGGTGAGGTGGTGGACGCCTGTAATCCCAGCCACTCGGGAGGCTGAGGCGGGAGAATTGCTTGAACCCGGGAGGTGGAGGTTGCAGTGAGCTGAGATTGCACCACTGCACTCCAGCCTGGGTGACAGAGCGAGACTCTGTCTTAAAAAATATAAAA"
"KN294181v1","1761582","1761873","chr2","80075116","80075403","10","78313534","GGCTGGGCACAGTGGCTCACACCTGTAATCCCAGCACTTTGGGAGGCCGAGGCGGGAGGATCACGAGGTCAGGAGTTCAAGACCAGCCTGGCCAAGATGGTGAAACCCTAACTCTACTAAAAATACAAAAAAAAAAAAAAAATTAGCCAGGCATGGTGGCAGGCCCTTGTAATCCCAGCTACTTGGGAGGTTGAGGCAGGAGAATCGCTTCAACCCAGGAGGCAGTGGTTGCAATGAGCCAAGATCACACCACTGCACTCCAGCCTGGGCAACAGGTGAGACTCCGTCTCAA","GGCTGGGCACGGTGGCTCACACCTGTAATCCCAGCACTTTGGGAGGCCGAGGCGGGAGGATCACGAGGTCAGGAGTTCAAGACCAGCCTGGCCAAGATGGTGAAACCCTAACTCTACTAAAACTACAAAAAAAAAAAAATTAGCCAGGCATGGTGGCGGGCCCCTGTAATCCCAGCTACTTGGGAGGTTGAGGCAGGAGAATCGCTTGAACCCAGGAGGCAGTGGTTGCAATGAGCCAAGATCACACCACTGCACTCTAGCCTGGGCAACAGGTGAGACTCCGTCTCA"
"KN294181v1","1797012","1797324","chr2","80041154","80041464","13","78244142","GGCCAGGCGTGGTGGCTCATGCCTGTAATCCCAGCACTTTGGGAGGCCGAGGTGGGTGGATCACAAGGTCAGGGGTTCGAGACCAGCCTGACCAACATGGTGAAACCCCGTCTCTACTAAAAATACAAAAATTAGCTGGGCGTGGTGGCGGGTGCCTGTAATCCCAGCTACTCAGGAGGCTGAGGCAGGAGAATTGCTTGAACCCAGGAGGCGGAGGTTGCAGTGAGCCGAGATTGCACCACTGCACTCCAGCCTGGGCTGAGACAGAGCGAGACTCCGTCTCAAAAAAAGAAAAGAAAGAAAGAAAAAGAAA","GGCCGGGCGTGGTGGCTCATGCCTGTAATCCCAGCACTTTGGGAGGCTGAGGTGGGTGGATCACAAGGTCAGGGGTTCGAGACCAGCCTGACCAACATGGTGAAACCCTGTCTCTACTAAAAATACAAAAATTAGCTGGGCGTGGTGGCGGGCGCCTGTAATCCCAGCTACTCAGGAAGCTGAGGCAAGAGAATTGCTTGAACCCGGGAGGCGGAGGTTGCAGTGAGCCGAGATTGCACCACTGCACTCCAGCCTGGGCTGAGACAGAGCGAGACTCTGTCTCAAAAAAAAAATAAAGAAAAGAAAAAAAA"
"KN294182v1","21568","21752","chr20_KE148049v1_random","829078","829264","36","807510","TCTCTACTGAAAATACAAAAATTAGCCAGGTGTGGTGGCAGGCACCTGTAGTCCCAGCTACTCAGAAGGCTGAGGCAGGAGAATCGCTTGAACCCGGGCGGCGGAGGTTGCAGTGAGCCTAGACCACGCCATTGCATCCCAGCTTGGGTGACAGAGAGAGATTCTGCCTTAAAAAAATAAATAAA","TCTCTACTAAAAATAAAAAAATTAGACGGGCGAGGTGGTGGGCACCTGTAATCCCAGCTACTCACGAGGCAGAGGCAGAAAAATCGCTTGAACCTAGGAGGCGGAGGTTGCGGTGAGCCAAAATCACGCCAGTGCATTCCAGCCCGGGTGACAGAGTTAAACTGTATCGCCAAAAAAAAAAAAAAAA"
"KN294182v1","39838","40145","chr11","8684527","8684834","23","8644689","GGCTGGGCGCGGTGGCTCACGCCTGTAATCCCAGCACTTTGGGAGGCCGAGGCGGGTGGATCACAAGGTCAGGAATTCGAGACCAGCCTGGCCAACATGATGAAAACCCGTCTCTACTAAAAATACAAAAATTAGCTGGGCGTGGTGGCAGGTGCCTGTAGTCCCAGCTACTCAGGAGGCTGAGGCAGGAGAATTCACTTGAACCCGGGAGGCAGAGGTTTCAGTGAGACAAGATCACACCACTGCACTCCAGCCTGGGCAACAGAGTGAGACTCTGTCTCAAAAAAAAAAAAAAAAAAAAAAAAAAA","GGCTGGGCGCGGTGGCTCAAGCCTGTAATCCCAGCACTTTGGGAGGCCGAGGTGGGTGGATCACGAGGTCAGGGGTTCGAGACCAGCCTGACCAACATGGTGAAACCCTGTCTCTACTAAAAATACAAAAATTAGCTGGGCGTGGTGGCAGGTGCCTGTAATCCCAGCTACTCGGGAGGCTGAGGCAGGAGAATTGCTTGAACCCGGGAGGTGGAGGTTGCAGTGAGCCAAGATCACACCACTGCACTCCAGCCTGGGCGACAGAGCGAGACTCCATCTCAAAAAAAAAAAAAAAAGAAAAAGAAAAA"
"KN294182v1","173156","173264","chr16","72435596","72435702","19","72262440","GAAGCCGAGAGGCGGAGGTTGCAGTGAGCTGAGATTATGCCATTGCACTCCAGCCTGGGCAACAGAGCAAGACTCTGTCTTGAGGGGGAAAAAAAAAAAAAGAAAGAAA","GAACCTGAGAGGCAGAGGTTGCAATGAGCTGAGATTATACCATTGCACTCCAGTCTGGGCAACAGAGCTAGACTCCGTCTTAAAAAAAAAAAAAAAAATTAGAACAA"
"KN294182v1","272505","272670","chr21","107819096","107819263","20","107546591","GCCAGGCATGGTGGCAGGCACCTGTAATCCCAGCTACTTGGGAGGTTGAGGCAGGAGAATAGCTTGAACCCAGGAGGCAGAAGTTGTAGTGAGCTGAGATCGCATTACTGCACTCCAGCCTTGGCAACAGAGCGAGACTCCATCTCAAAAAAAAAAAAAAAAAAAA","TAGCCAGGTAAGGTGGCGGGCACCTGTAATCCAGCTACTTGGGAGGCTGGGGCAGGAGAATCGCTTGAACCCAGGAGGCAGAGGTTGCAGTGAGCTGAGATCGCGCCACTGCACTCCAGCCTGGGCGACAAGAGTGAGACTCTGTCTCAAAAAAAAAAAAAAAAAAAA"
"KN294182v1","288259","288524","chr17","30052039","30052319","65","29763780","GCTGTGGCTTACACCAGTAATCCCAACATTTTGTGAGGCTGAGGTGGGTGGATCACTTGAGATCAGTATGGTGAAGCCCTGTGTCTACTGAAAATACAAAAATTACCCGGGTCTGGTGGCAGGCGCCTGTAATCCTCCCAGCTGGAGGCTGAGGCACGATAATGGCTTGAACCCAGGGGGTGGAGGTTGCAGTGAGTTGAGATCTCCGCACTGCATTCCAGCTTGGATGACAGAGTGAGACTCCCTCTCAAAAACAAACACAAAAA","GTGCGGTGGCTCACGCCTGTAATCCCAGCACTTTGGGAGGCCGAGGTGGGTGGATCACGAGGTCGAGAGTTCAAGACCAGCCTGGTGAAACCCTGTCTCTATTAAAAATACAAAAAGTAGCCAGGTGTGGTGGCGGGTGCCTGTAATCCCAGCTACTCAGGAGGCTGAGACAGGAGAATCGCTTGAACCCAGAGGGCAGAGGTTGCAGTGAGCCGAGATCACACCACTGCACTCCAGCCTGGCGACAAAGCAAGACTCCATCTACAAAAAAAAAAAAAAAA"
"KN294182v1","308830","309120","chr4","31030949","31031241","37","30722119","GGCACACTGGCTCATGCCTGTAAGCCCAGCACTTTGGGAGGCCAAGGCAGGTGGATCACGAGGTCAGGAGTTCGAGACCAACCTGACCAACATGGTGAACCCCTGTCTCTATTAAAAATACAAAAATTAGTCAGGCCTGGTGGCGGGCACCTATAATCCCAGCTACTCAGGAAGCTGAGGGAGGAGAATCGCTAGAACTCGGGAAGCGGAGGTTGCAGTGAGCCGAGATCACACCACTGCACTCCAGCCTGGGTGAAAGAGCAAGACTCCATCTCAATAAATAAATAAAAA","GCCAGGTGCGATGGCTCACGCCTGTAATCCCAGCACTTTGGGAGGCCCAGGCAGGTGGATCACAAGGTCAGGAGTTCGAGACCAGCCTGACCAACATGGTGAAACCCTGTCTCTACTAAAAATACAAAAATTAGCCGGGCATGGTGGCAGGTGCCTGTAATCCCACCCACTCGGGAGGCTGAGGCAGGAGAATCACTTGAACCCGGAAGGCGGAGGTTGCAGTGAGCCGAGATCATGCCACTGCACTCCAGCCTGGGTGAAAGAGCAAAACTCCATCTCAAAAAAAAAAAAAA"
"KN294182v1","313091","313392","chr1","583777","584072","18","270686","GCTGGGTGCGGTGACTCACGCCTGTAATCCCAGCACTTTGGGAGGCCCAGGCTAGTGGATCACGAGGTCAGGAGTTCAAGACCAGCCTGGCCTAGAAAACCCCGTCTCTACTAAAAAAAAAAAAAAAATACAAAAATTAGCCAGGTGCGGTGGCAGGCACCTGTAATCCAAGCTACTCGGGGGACTGAGACGGGAGAATCGTGTGAACCCAGGGGGCAGAGGTTGCAATGAGCCAAGATCACGCCACTGCACTCCAGCCTGGGTGACAGAGTGAGACTCTTTCTCAAAAAAAAAAAAAAAAA","GCTGGGCGCGGTGACTCACGCCTGTAATCCCAGCACTTTGGAAGGCCCAGGCTAGTGGATCACGAGGTCAGGAGTTCAAGACCAGCCTGGCCTAGCAAACCCCGTCTCTACTAAAAAAAAAAAAAATACAAAATTAGCCTGGTGCGGTGGCAGGCACCTGTAATCCAAGCTACTCGGAGGATTGAGAAGGGAGAATCGTGTGAACTCAGAGGGCGGAGGTTGCAATGAGCCAAGATCACGCCACTGCACTCCAGCTTGGGTGACAGAGTGAGACTCCTTCTCAAAAAAAAAAAAAA"
"KN294182v1","322846","323115","chr1","574444","574717","19","251598","GTCTGTAATCCCAGCACTTTGGGAGGCTGAGGCGGGTAGATCACAAGGTCAGGAGTTCAAGACCAGCTTGACCAAGATGGTGAAACCCCGTCTCTACTAAAAATACCAAAAATTAACCAGGCGTGGTGGCGGGCGCTTGTAGTCCCAGCTACTCGGGAGGCTGAGGCAGGAGGATCACTTGAACTCGGAGGGCAGAGGTTGCAGTGAGCCGAGATCGCACTACTGCACTCAAGCCTGGGTAACACAGACTCCATCTCAACAAAAAAAAGA","GCCTGTAATCCCAGCACTTTGGGAGGCTGAGGCGGGTGGATCACAAGGTCAGGAGTTCAAGACCAGCCTGACCAAGATGGTGAAACCCCGTCTCTACTAAAAATACCAAAAATTAACCAAGTGTGGTCGCGGGCTCTTGCAGTCCCAGCTACTCGGGGGGCTGAGGCAGGAGGATCGCTTGAACTCGGAGGGCGGAGGTTGCAGTGAGCCGAGATCGCACTACTACACTCAAGTCTGGGTAACAGAGACTCCATCTCAAAAATATAAAAAAAGA"
"KN294182v1","325787","326086","chr1","571072","571376","28","245285","GGACGGGCGGGGTGGCTCATGCCTGTAATCCCAGTACTTTGGGAGGCCGGGGTGGGTGGATCACAAGGTCAGGAGTTCAAGACCAGCTTGGCCAAAATGGTGAAACCCAGTCTCTACTAAATACACAAAAATTAGCTAGGCATGGTGGCTGGCACCTGTAATCCCAGGTACTCAGGAGGCTGAGGCAGGAGAATCGCTTGAACCCGGGAGGCGGAGGCTGTGGTTAACTGACATCGTGCCACTGCACTCCAGCCTGGGTGACAGAGTGAGACTCCCATCTCAAAAAAAGAAAAACGAAAA","GGCCAGGTGGGGTGGCTTACGCCTGTAATCCCAGTATTTTGGGAGGCTGGGGTGGGTGGATCCCAAGGTCAGGAGTTCAAGACCAGCTTGGCCAAAATGGTGAAACCCAGTCTCTACTAAATATACAAAAATTAGGTAGGCGTGGTGGCAGGCATCTGTAATCCCAGTTACTCAGGAGGCTGAGGCAGGAGAATCGCTTGAACCCGGGAGGCGGAGGCTGCGGTTAACTGACATGCCACTGCACTCCAGCCTGGGTGACAGAGTGAGACTCCATCTCAAAAAAAAAAAAAAAAGAAAAACGAAAA"
"KN294182v1","353863","353933","chr1","52194455","52194521","24","51840592","TTAGCCCAGTGTGGTGGTAGGCACCTGTAATCCCAGCTCCTTGGGAGACTGAGAGAGGAGAGTTACCTGAA","GGCCGGGTGTGGTAGCTCATGCCTGTAATCCCAGCACTTTGGGAGGCCGAGGCGGGTGGATCATGAG"
"KN294182v1","371721","372027","chr11","24437414","24437719","35","24065693","CGGGCATGGGGGCTCACACCTGTAATCCCAGCACTTTGGGAGGCTGAGGCGGGTGGATCACAAGGTCAGGAGTTCGAGACCAGCCTGACCAACATGGTGAAACCCCATCTCTACTAAAAATATAAAAATTAGCTCGGCATGGTGGTGGGCACCTGTAATCCCAGCTACTCGGGAGGCTGAGGCAGGAGAATCGCTTGAACCTGGGAGGCAGAGGTTACAGTGAGCCAAGATCCCACCACCACACTCCAGGCTGGACAACAGAGCAAGACTCTGTCTCAAAAAAAAAAAAAAAAAAAAAAAAGAATAA","GCCGGGCACGGTGGCTCACACCTGTAATCCCAGCACTTTGGGAGGCTGAGGAGGGTGGATCACAAGGTCAGGAGTTTGAGTCCAGCCTGACCAACATGGTGAAACCCCATCTCTACTAAAAATACCAAAAATTAGCTGGGCGTAGTGGTGGGCGCCTGTAACCCAAGCTACTCAGGAGGCTGAGACAGGAGGATCGCTTGAACATGGGAGGCAGAGGTTGCAGTGAGCCGAGATCAAGCCACCACACTCCAGCCTGGCAACAGAGTGACACTCCATCTCAAAAAAAAAAATAAAAAAAAAAAGAAA"
"KN294182v1","435712","435881","chr16","70224259","70224419","39","69788547","CGGGCATGGTGGCAGGTGCCTGTAATCCCAGCTATTTGGGAGGCTGAGGGAGGAGTATTGCTTGAACCCGGGAAGCGGTGGCTGCACTGAGCTGAGATTGTGCCACTGCACTGCACTGCACTGCACTCCAGCCTGGGTGACAGAGCGAGACTCCCCTTCAAAAAAAAAAA","GCTGGGCGCGGTGGCAGGCGCCTGTAGTCCCAGCTGTTCGGGAGGCTGAGGCAGGAGAATTGCTTGAACCTGGGAGGTGGAGGTTGCAGTGAGCCGAGATCACACCACTGCACTCCAGCCTGGGTGACAGAGTGAGACTCCATCTCCAGATAAAAAAAAAA"
"KN294182v1","506558","506720","chr25","27497903","27498067","25","26991345","TTAGCCAGGCGTGGTGGCAGGGGCCTGTAATCCCAGCTCCTCGGGAAGCTGAGGCAGGAGAACTGCTTGAGCCCAGGAGGCGGAGCTTGCAGTGCGCTGAGATCACACCACTGCACTCCAGCCTGGGCGACAGAGCAAGACTCCGTCTTAAAAAAAAAAAAAA","ATCAGCCATGCAAGGTGGCAGGCACCTGTAATCCCAGCTACTCGGGAGGCTGAGGCAGGAGAATCGCTTGAACCCAGGAGGCGGAGGTTACAGTGAGCTGAGATCGTGCCACTGCACTCCAGCCTGGGTGACAGAGCAAGACTGTCTACAAAAAAAAAAAAAAAA"
"KN294182v1","524816","524980","chr14","70326149","70326316","25","69801333","GTCAGGCGTGGTGGCAGGCGCCTGTAATCCCAGCTACTTGGGAGGCTGAGGCAGGAGAATCGCTTGAACCTGGGAGGCGGAGCTTGCAGTGAGCCGAGATCGCACCTAGGCACTCCAGCCTAGGTGACAGAGCAAGACTCTGTCTCCAAAAAAAAAAAAAAAAAA","TTAGCCGGGCATGGTGGTATGCACCTGTAATCCCAGCTACTCAGGAGGCTGAGGCAGGAGAATCGCATGAACCTGGGCAGCAGAGGTTGCAGTGAGCCGAGATCGCGCCACTGCACTCCAGCCTGGGTGACAGAGCAAGACTCCATCTCAAAAAATAAAAAAAAAAAA"
"KN294182v1","568958","569081","chr12","6578368","6578490","17","6009410","GGCTGAGGCAAGAGAATTGCTTGAACCCGGGAGGCAGAGGTTGTAGTGAGCCGAGAGCACGCCACTGCCCTCCAGCCTGGGTGATAGAGTGAGACTCCGTCTCAAAAAGAAAACACAATTAAAA","GGCTGAGGCAGGAGAATTGCTTGAACCTGGGAGGCGGAGGTTGCAGTGAGCTGAGATTGTGCCACTGCACTCCAGCCTGGGTGACAGAGTGAGACTCCGCCTCAAAAACAAACAAACAAAAAA"
"KN294182v1","740969","741060","chr17","48787078","48787167","10","48046109","GTGGACGTTGCAGTGAGCCAAGATTGCACCACTACACTCCAGCCTGGGCAACAGAGCGAGACTCTGTCTAAAAAAAAAAAAAAAAAAAAAAA","GGAGGTTGCAGTGAGCCAAGATGGTGCCACTGCACTCCAGCCTGGGCAACAGAGGGAGACTCCATCTAAAAAAAAAAAAAAAAAAAAAAA"
"KN294184v1","72807","72924","chr15","33461793","33461910","18","33388986","GGCTGGGCGCCACAGCTCACGCCTGTAATCCCAGCACTTTGGGAGGCTGAAGTGGGTGGATAACGAGGTCAGGAGTTCAAGACCAGGCGGGCCAAGATGGTGAAACCTTGTCTCTACT","GGCCAGGTGTGGTGGCTCATGCCTGTAATCCCAGCACTTTGGGAGGCGGAGGTGGGTGGATCACAAGGTCAGGAGTTCAAGATCAGCCTGGCCAAGATGATGAAACCCTGTCTCTACT"
"KN294184v1","207936","208244","chr2","80041154","80041464","37","79833218","GGTCAGGCAGGGTTGCTCATGCCTGTAATCCCAGCACTTTGGGAGGCTGAAGTGAGTGGATCACAAGGTCAGGTGTTCGAGACCAGCCTGGTCAATATGGCGAAACCCTGTCTCTACTAAAAATACAAAAATTTGCTGGTCATGGTGGCAGGCACGTGTAATCCCAGCTACTCAGGAGGCTGAGGCAGGAGAATTGCTTGAACCTGGGAGGCAGAGGTTGCCGTGAGCCGAGATCATGCCATTGCACTCCAGCCTGGGTGACAAGAGAGAGAATCTGTCAAAAAAAAAAAAAAAAGAAAAGAAAAGAAA","GGCCGGGCGTGGTGGCTCATGCCTGTAATCCCAGCACTTTGGGAGGCTGAGGTGGGTGGATCACAAGGTCAGGGGTTCGAGACCAGCCTGACCAACATGGTGAAACCCTGTCTCTACTAAAAATACAAAAATTAGCTGGGCGTGGTGGCGGGCGCCTGTAATCCCAGCTACTCAGGAAGCTGAGGCAAGAGAATTGCTTGAACCCGGGAGGCGGAGGTTGCAGTGAGCCGAGATTGCACCACTGCACTCCAGCCTGGGCTGAGACAGAGCGAGACTCTGTCTCAAAAAAAAAATAAAGAAAAGAAAAAAAA"
"KN294184v1","443591","443781","chr19","7192289","7192466","35","6748698","TCTACTAATACAAAAATTAGCTGGGCGTGGTGGTGGCTGCCTGTAATCCTAGCTACTCAGGAGGCTGAGGCATGAGAATCCCTTGAACCCGGGAGGCAGAGGTTGCAGTGAGCAGAGATCATGCCACTGCACTCCAGCCTGGGTGACCGAGTAAGACTTTGTCTCGAAACAAAACAAAACAAAACAAAAAA","TACAAAAATTAGCTGGGTGCAGTGGCAGGCGCCTGTAATCCCAGCTACTCAGGAGGTTGAGGCAGGAGAATCTCTTGAACCTGGGCAGCAGAGGTTGCAGTGAGCCGAGATCGTGCCACTGCACTCCAGCCTGGGCAACAGAGTGAGACTCCATCTCAAAAAAAAAAAAAAAAAAAAA"
"KN294184v1","446454","446587","chr22","36506300","36506423","17","36059846","GAAGTTGAGGCAGGAGAATTGCTTAAACTCAGGAGGCGGAGGTTGCAGTGAGCCGAGACTGTGCCACTGCATTCCAGCCTGGGCAACATAGTGAGACTCCATCTCAATAAAAAAAAAAAACACAAACAAACAAA","GAAGTTGAGGCAGGAGAATTGCTTGAACTCAGGAGGCAGAGGTTGCAGTGAGCCGAAACTGTGCCACTGCATTCCAGCCTGGGCAACACAGTGAGACTCCATCTCAATTTTAAAAAAAAAAAAA"
"KN294185v1","263445","263736","chr12","70729251","70729549","22","70465806","GGCCAGATGGGTGGTTCACGCCTGTAATCCCAGCACTTTGGGAGACTGAGGCGGGTGGATCACGAGGTCAGGAGTTCAATGCCAGTCTGGCCAAGATGGTGAAACCCCGTCTCTACTAAAAATACAAAAATTAGCGGGGCATGGTGGCAGGTACCTGTAGTTCCAGCTACTTGGGAGACTGAGGCAGGAGAATGGCGTGAACCTGGGAGGCGGAGCTTGCAGCGAGCTGAGATTGTGCTACTGCACTCCAGCCTGGACAACAGAGCGAGACTCCATCTCAAAAAAAAAAGAA","GGCCAGATGGGTGGTTCACGCCTGTAATCCCAGCACTTTGGGAGACTGAGGCAGGTGGATCATGAGGTCAGGAGTTCAATGCCAGCCTGGCCAAGATGGTGAAACCCCGTCTCTACTAAAAATACAAAAATTAGTAGGGCATGGTGGCAAGCGCCTGTAGTCCCAGCTACTTGGGAGACTGAGGCAGGAGAATGGTGTGAACCTGGGAGGCGAAGCTTGCAGTGAGCTGAGATTGTGCTACTGCACTCCAGCCTGGGCAACCGAACGAGACTCCATCTCAAAAAAAAAGAAAGAAGAAA"
"KN294185v1","296038","296151","chr1","114684461","114684569","20","114388423","AGAATCGCTTGAACCTGGGAGACAGAGGTTGCAGTGAGCCGGGATGGCCCTATTGCACTATAGGCTGGGAGACAGAGCAGGACTCTGTCTCAAAATAAAAGAAAAAAAAAAGAA","AATCGCTTGAACCTGGGAGGCAGAGGTTGCAGTGAGCCGGGATGGTGCCAATGCACTCCAGCCTGGGTGACAGAGTAAGACTCATCTCAAACAAAACAAAACAAAAAAA"
"KN294185v1","297107","297263","chrX","36908669","36908820","28","36611562","GCAGGCACCTGTTGTCCCAGCTCCTCAGGAGGCTGAGGCAGGAAAATTGCTTGAACCTGGGAGGCAGCGGTTACAGTGAGCCACGATCGCACCCTGCACTCCAGCCTGGACAACCGAGCGAGACTCCGTCTCAAAAACACGAAATAAAACAAAAAAA","GCCTGTAATCCCAGCAACTCAGGAGGCTGAGACAGGAGAATTGCTTGAACCCAGGAGGCAGAGGTTACAGTGAGCCAAGATCACACCACTGCACTCCAGCCTGGGCGACAGAGCAAGACTCCGTCTCAAAAAAAGTAAATAAATAAAAATAA"
"KN294185v1","309655","309732","chr1","24886470","24886549","9","24576815","GCGGAGGTTGCGGTGAGCCGAGATCGCGCCACTGCACTCCAGCCTGGGCGACAGAGCGAGACTCCGTCTCAAAAAAAA","AGGCGGAGGTTGCAGTGAGCCGAGATTGCGCCACTGCACTTCAGTCTGGGCAACAGAACGAGACTCCATCTCAAAAAAAA"
"KN294185v1","380890","381055","chr20","96338788","96338956","24","95957898","TACAGAAATTAGCTGGGCGTGGTGGCGGGTGCCTGTAATCCCAGCTACTTAGGAGGCTGAGGCAGGAGAATCACAGAACCCTGGAGGCGGAGGTTGCAGTGAGCCGAGATGGTGCCACTGCACTTCAGCCTGGGCAACAGAAGCGAGACCATCTCAAAAAACAAAA","TACAAAAATTATCAGGGCACGGTGGCGGGCGCCTGTAATCCCAGTTACTCAGGAGGCTGAGTCAGGAGAATCACTTGAACCCGGGAGGCAGAGGTTGCAGTGAGCCGAGATCGTGCCACTGCACTCCAGCCTGGGTGACAGAGCAAGACTCAGTCTAAAAAAAAAAGAA"
"KN294185v1","383394","383693","chr5","53222290","53222595","48","52838896","GCGCAGTGGCTCACACTTGTAATCCCAACACTTTGGGAGGCCAAGGCAGGCGAATCATGAGGTCAGGAGTTCGAGATCGGCCTGGCCAACATGGTAAAACCCGGTCTTTACTAAAACAAAAAAAAATTTGCTGGGCGTAGTGGTGGGCACCTGTAATCCCAGCTGCTCCAGAGGCTGAGGCAGGAGAATCACTTGAACACGGGAGGTTGTAGTGAGCGGAGATTGTGCCACTGCACTCCAGCCTGGGTGACAGAGTAAGACTCCTATCTAAAAAAAAAAAAAAAAAAAAAAAAAAAAAAA","GCCGGGCGCAGTGGCTCACACATGTAATCCCAGCACTTTGGGAGGCTGAGGCGGGTGGATCATGGGGTCAGGAGTTCAAGACCAGCCTGGCCAAGATGGTGAAACCCCGTCTCTACTAAAAATATAAAAATTAGCTGGGGGTGGTGGCGGGCGCCTGTAATGCCAGCTACTCCGGAGGCTGAAGCAGGAGACTCGCTTGAACCTGGGAGGAGGTTGCAGTGAACTGAGATCGTGCCACTGCACTCCAGCCTGGGTGACATAGTGAGACTCTGTCTCAAAAAAAAAAAAAAAAAAAAAAAAAAAAAA"
"KN294185v1","387665","387820","chr12","70851095","70851247","7","70463430","GTGCCTATAATCCCAGCTACTTGGGAGGCTGAGGCAGGAGAATCACTTGAACCTGGAAGGTGGTGATTGCAGTGAGCCGAGATTGTGCCACTGCATTCTAGCCTGGGCGGCAGAGAGAGACTCCGTCTCAAAAACAAAAACAACAAAAACAAAAAA","GCGCCTGTAATCCCAGCTACTTGGGAGGCTGAGGCAGGAGAATCACTTGAACCTGGAAGGTGGTGATTGCAGTGAGCTGAGATCGTGCCACTGCATTCTAGCCTGGGCGGCAGAGAGAGACTCCGTCTCAAAAACAAAAACAAAAACAAAAAA"
"KN294185v1","482923","483195","chr12","70950704","70950996","36","70467781","GGCTGGGTACGGTGGCTCACTCCTATAATCCCAGCACTTTGTGAGGCCAAGGCGGGTGGATCACGAGGTCAGGAGTTCAAGACCAGCCTAGCCAACATGGTAAAACCTGTCTCTACTAAAAATACAAAAATTAGCTGGGCATGGTGGAAGGCACCTATAATTCCAGCTACTCAGCTACACTTGAACCTGGGAGGTGGAGGTTGGGGAACTGGCAACAGCCTGGGTGACAGAGCGAGTCTGTCTCAAAATAATAATAATAAAAATAAATAAAAA","GGCTGGGTACGGTGGCTCACGTCTATAATCCCAGCACTTTGTGAGGCCAAGGCGGGTGGATCACGAGGTCAGGAGTTCAAGACCACCCTAGCCAACATGGTAAAACCCCATCTCTACTAAAAATACAAAAATTAGCTGGGCATAGTGGAAGGCACTTATAATTTCAGCTACTCAGGAGGCTGAGGCAGGAGAATCACTTGAACCTGCGAGGCGGAGGTTGGAGAACTGGCAACAGCCTAGGCGACAGAGCGACATTCTGTCTCAAAATAATAATAATAATAAATAAAAATAAA"
"KN294185v1","541988","542285","chr25","59237084","59237377","36","58695096","CCGGGCACGGTGGCTCACGCCTGTAATCCCAGCACTTTGGGAGGCTGATATGGGTGGATCACTGAAGGTCAGGAGTTCGAGATCAGCCTGGCCAGCATGGTGAAACCCCGTCTCTACTAAAAATACAAAAATTAGCTGGGCACAGTGGCCGGTGCCTGTAATCCCAGCTACTGGGGAGGCTGAGGCAAGAGGATCACTGGAACCCAGGAGGTGGAGGTTGTAGTGAACCGAGATCACACCCCTGCACTTCAGCCTGTGCAACAAAGTGAGACTGTCTCAAAAAAAAAAAAAAAAAAAA","GGCCAGGCACGGTGGCTCACGCCTGTATTCCCAGCACTTTGGGAGGCTGAGGTGGGTGGATCACGAGGTCAGGAGTTCAAGACCAGCCTGGCCAACATGGTGAAACCCCGTCTCTACTAAAAATACAAAAATTAGCTGGGCACGGTGGCGGGCGCCTGTAATCCCAGCTACTCAGGAGGCTGAGACAGGAGAATCACTTGAACCCAGGAGGTGGAGGTTGCAGTGAGCCGAGATCACGCCACTGCACTCCAGCCTGGGTGACAGAGTAAGACTCCAAAAAAAAAAGAAAAGAAA"
"KN294187v1","17434","17718","chr16","68200582","68200875","28","68183148","GGCCGGGTGCAGTGGCTCATGCCTGTAACCCCAGCACTTTGGGAGCCGAGGCGGGTGGATCACAAGGTCAGGAGTTCAAGACTAACCTGGCCAACATAGTGAAACCCCGTCTCTACTAAAAATACAAAAATTAGCCAGGCGCACTGGCAGGTGCCTGTGATCCCAGCTACTTGGGAGGCTGAGGCAGAATCGCTTAAACTCGGGAGGTGGAGTTTGCGGTGAGCCGAGATTGTGCCACTGGACTCCAGCCTGAGTGACAGAGTGAGACTCTGTCTCAAAAAAAAA","GGCCGGGTGCAGTGGCTGACGCCTGTAACCCAGCACTTTGGGAGGCCAAGGCGGGCGGATCACGAGGTCAGGAGTTCGAGACTAACCTGGCCAACATGGTGAAACCCCGTCTCTACTAAAAATATAAAAATTAGCCAGGTGCACTGGCAGGTGCCTGTAATCCCAGCTATTTGGGAGGCTGAGGCAGAATTGCTTAAACCCGGGAGGTGGAGGTTGTGGTGAGCCGAGATTGTGCCACTGGACTCCAGCCTGAGTGACAGAGCGAGACTCCGTCTCAAAAAAAAAAAAAAAAAA"
"KN294187v1","107382","107450","chr6","6790829","6790881","21","6683447","TACAAAAATTAGCCTGGCGTGGTGGCTGGTGGCAGGTGCCTGTAATCCCAGCTACTCGGGAGGCTGAGG","TTAGCCAGATGGTGTGGTAGGCGCCTATAATCCCAGCTACTCAGGAGGCTGAG"
"KN294187v1","141147","141283","chr5","2785589","2785721","17","2644442","GGCCGGGTGTGGTGGCTCGTGCCTGTAATCCCAGCACTTTGGGAGGCCAAGGCGGATGGATCACGAGGTCAGGAGTTCAAGACCAGCCTGGCCAAGATGGTAAAATCCTGTCTCTACTAAAAAAAAATACAAAAATT","GGCCGGGCACGGTGGTTCATGCCTGTAATCCCAGCACTTTGGGAGGCCAAGGAGGGTGGATCACGAGGTCAGGAGCTCAAGACCAGCCTGGCCAAGATGCTAAAACCCCATCTCTACTAAAAATACAAAATTT"
"KN294187v1","159421","159555","chr16","68345842","68345972","5","68186421","CTTGGGAGGCTGAGGCAGGAGAATCGCTTGAACCCAGGAGGCAGAGGTTGCAGTAAGCCAAGATCGTGGCACTGCACTCCAGCCTGGGTGACAGGGTGAGACTCTGTCTCAAAAAAAAAGAAAAAAAAAAAAAAA","CTCGGGAGGCTGAGGCAGGAGAATCGCTTGAACCCAGGAGGCAGAGGTTGCAGTAAGCCAAGATCGTGGCACTGCACTCCAGCCTGGGTGACAGGGTGAGACTCTGTCTCAAAAAAAAAAAAAAAAAAAAA"
"KN294187v1","187179","187485","chr14","60556136","60556443","35","60368957","CCAGGCATCGTGGCTCACGCCTGTAATCCCAGCACTTTGGGAGGCCAAGGTGGGTGGATCACAAGGTCAGGAGTTTAAGACCACCCTAGCCAACATGGTGAAACCCCGTCTCTACTAAAAATACAAAAATTAGCTGGGCATGGTGGCGGGTGCCTGTAATCCCAGCTACTTGGGCGGCTGAGGTAGGAGAATCGCTTGAACCCGAAAGGGGGAGGTTGCAGTGAGCTGAGATCGCATCACTGCACTCCAGCCTGGATGACAGAGCGAGACTCCATCTCAAAAAAAAAAAAAAAAAGAAAGAAAGAAA","GGCCGGGAGTGGTGGCTCACGCCTGTAATCCCAGTACTTTGGGAGGCTGAGGCGGGTGGATCACAAGGTCAGGAGTTCAAGACCAGCTTGGCCAATATGGTGAAACCCCATCTCTACTAAAAATACAAAGATTAGCTGGGCATGGTGGCAGGTGCCTGTAATCCCAGCTACTCAAGAGGCTGAGGCAGGAGAATCGCTTGAACCCAGGAGGCAGAGATTGCAGTGAGCTGAGATCGCACCACTGCACTCCAGCCTGGGCGACAGAGCGAGATTCCATCTCAAAAAAAAAAAAAAAAAAAAGAAAAAAA"
"KN294187v1","226956","227066","chr7","66118163","66118277","36","65891207","AGGCTGGAGTATAGCTCCGGAGGTGGAGGGTGCAGTGAGTGGTGTTTTTACCACTGCTTTCCAGCATGTAGCAAGAGAGCGAGACTCAGTTGGAAGGAAGGAAGGAAGGAA","GAGGCAGGAGAATCGCTTGAAGCCGGGAGGCAGAGGCTGCGGTGAGCTGAGTTTTTGCCACTGCACTCCAGCCTGGGCAACGGAGCGAGATTCCGTCTTGAAAAAAAGAAAAAAA"
"KN294187v1","241581","241701","chr16","68416772","68416892","3","68175191","CAGGAGGCTGAGGGAGGAGAATCACTTGAACCCTGGAGGCAGAGGTTGCAGTGAGTGGAGACGGTGCCACTGTTCTCCAGCCTGGGCAACAGAGTGAGACTGTCTCAAAAATAAAACAAAA","CAGGAGGCTGAGGGAGGAGAATCACTTGAACCCTGGAGGCAGAGGTTGCAGTGAGTGGAGATGGTGCCACTGCTCTCCAGCCTGGGCGACAGAGTGAGACTGTCTCAAAAATAAAACAAAA"
"KN294187v1","323600","323858","chr16","68495836","68496075","37","68172236","GCTGGGCGCAGTGACTCACACCTGTAATCCCAGCACTTTGGGAGGCCGAGGTCAGGAGTTCAAGACCAGCCTGGCCAAGATGGTGAAACCTCATCTCTACTAACAATAGAAAAATTAGCCAGGCGCTTGTAATCCCAGTTACTCAGGAGGCTGAGGCAGGAGAATCGCTTGAATCCGGGAGGCGGAGGTTGTGAGCCAAGATCACTGCACTCTAGCCTGGGTGACAGAGCAAGACTCCCTCTCAAAAGAAAAAAAGAAA","CCAGCACTTTGGGAGGCCAAGGTGGGCAGATCACGAGGTCAGGAGTTCAAGACCAGCCTGGCCAAGATGGTGAAACCTCATCTCTACTAAAAATAGAAAAATTAGCCAGGCGCTTGTAATCCCAGTTACTCAGGAGGCTGAGGCAGGAGAATCGCTTGAATCCGGGAGGCAGAGGTTGTGAGCCAAGGTCACTGCACTCTAGCCTGGGTGACAGAGCAAGACTCCCTCTCAAAAAAAAAA"
"KN294187v1","363246","363496","chr3","230855","231116","48","132391","GCTGGGCACAGTGGCTCATGCCTGTAATCCCAGCATTTTGGGAGGCTGAGGCAGGTGGATCATGAGGTTAGGAGTTCAAGAACAGCCTGGCCAAGATGGTGAAACCCTGTCTCTACTAAAAATACAAAAATTAGCTGGATGTAGTGGTGGGCGCCTGTAATCCCAGCTACACGGGAGGCTGAGGCAGAGATCGCATCACTGCACTCCAGCCTGGGTGACAGAGGGGAGACTAGATCTCAAAAAAAAAAAAA","GGCCTGGCACGGTGGCTCTTGCCTGTAATCCCAGCACTTTGGGAGGCCGAGGCAGGTGGATCACAAGGTCAGGAACTCGAGACCAGCACGGCCAAGATGGTGAAACCCCGTCTCTACTAAAAATACAAAAATTAGCCGGGCATGGTGGCAGGCACCTGTAATCCCAGCTGCTCGGGAGGCTGAAGTTGCAGTGAGTCGAGATTGCTCCACTGCGCTCCAGCCTGGGCAAAAGAGCGAGACTCCATCTCAAAAAAAAAAAAAA"
"KN294187v1","408869","409165","chr10","126637376","126637670","34","126228507","GGCTGGGTGCGATGGCTCATGCCTGTAATTCCAACACTTTGGGAGGCCAAGGCGGGCGGATCATGAGGTCAGGAGTTGGAGACCAGCCTGGCCAACATGGTGAAACCCTGTCTCTACTAAAAATACAAAAATTAGCCGGGCACGGTGGCGGGCACCTGTAATCCCGGCTACTCAGGAGGCTGAGGCAGGAGAATTGCTTGAACCCAGGAGGCAGAGGTTGCAGTGAGCCGAGATTTTGCCACTGCACTCCAGCCTCGGTGACAGAGCAAGACTCTGTCCCTGGGAAAAAACAAAAAA","GGCTGGGCGCGGTGGCTCATGTCTGTAATTCCAGCACTTTGGGAGGGTGAGGTGGGCAGACCATGAGGTCAGGAGCTTGAGACCAGCCTGGCCAAGATGATGAAACCCTGTCTCTACTAAAAATATAAAAATTAGCCAGGCGCAGTGGTGGGCACCTGTAATCCCAGCTACTCAGGAGGCTGAGGCAGGAGAATCACTTGAACCCAGGAGGCAGAGGTTGCAGTGAGCCGAGACTGTGCCACTGCACTCCAGCCTGGGTGACAGAGCAAGACTCCACTTCAAAAAAAAAAAAAAA"
"KN294187v1","462156","462464","chr11","8684527","8684834","34","8222371","GGCCGGGTGCGGTGGCTCACACCTGTAATCCCAGCACTTTGGGAGGCTGAGGGGGTGGATCATGAGGTCAGGAGTTCGAGACCAGCCTGGCTAAGATGGTGAAACACTGTCTCTACTAAAACTACAAAAATTAGCTGGGCGTGGAGGCAAGTGCCTGTAATCCCAGCTACTTGGGAGGCTGAGGCAGGAGAATCGCTCGAACCTGGGAGGCGGAGGTTGCAGCGAGCAGAGATCACGCCATTGCACTCTAGCCTGGGCAACAGGGTGAGACTCCGTCTCAAAAAAAAAAAAAAAAAAAAAAAAAAGAAA","GGCTGGGCGCGGTGGCTCAAGCCTGTAATCCCAGCACTTTGGGAGGCCGAGGTGGGTGGATCACGAGGTCAGGGGTTCGAGACCAGCCTGACCAACATGGTGAAACCCTGTCTCTACTAAAAATACAAAAATTAGCTGGGCGTGGTGGCAGGTGCCTGTAATCCCAGCTACTCGGGAGGCTGAGGCAGGAGAATTGCTTGAACCCGGGAGGTGGAGGTTGCAGTGAGCCAAGATCACACCACTGCACTCCAGCCTGGGCGACAGAGCGAGACTCCATCTCAAAAAAAAAAAAAAAAGAAAAAGAAAAA"
"KN294187v1","590781","591091","chr16","68749212","68749516","22","68158431","GGCCGGGCGCGGTGGCCCACGCCTGTAATCCTTGCACTTTGGGAGGCCAAGGTGGGTGGATCACGAGGTCAGGAGTTCAAGACCAGCCTGACCAACATGGTGAAACCCTGTCTTTACTAAAAATACAAAAATTAGCCAGGCATGTGGTGGGTGCCTGTAATCCCAGCTACTCAGGAGGCTGAGGCAAGAGAATCACTTGAATCTGGGAGATGGAGGTTGCAGTGGGCCAAGATCATGCCACTACACTCTAGCCTGGGTGACACAGTGAGACTCCATCTCAAAAAAAAAAAAAAAAAAAAAAAAGCAAAAAA","GGTTGGGCGCGGTGGCCCACGCTTGTAATCCTTGCACTTTGGGAGGCCAAGGTGGGTGGATCACGAGGTCAGGAGTTCAAGACCAGCCTGACCAACATGGTGAAACCCTACCTTTACTAAAAATACAAAAATTAGCTGGGCGTGTGGTGGGTACCTGTAATCTCAGCTACTCAGGAGGCTGAGGCAAGAGAATCACTTGAATCTGGGAGATGGAGGCTGCAGTGGGCCGAGATCACACCACTGCACTCTAGCCTGGGTGACACAGTGAGACTCCATCTCAAAAAAAAAAAAAAAAAATAAAAAAA"
"KN294187v1","591092","591240","chr9","58679425","58679572","25","58088333","TTAGCTGGGCGTGGTGGTGGGCACCTGTAGTCCTAGCTACTTAGGAGGCTGAGGCAGGAGAATCACTTGCACCCAGGAGGTGGAGATTGCAGTAAGCCAAGGTCATGCCACTGTACTCCAGCCTGGGCAACAGAGCTAGACTCCGTCTC","TTAGCTGCGAGTGTGGCGGGCACCTGTAATCCCAGCTACTCAGGAGGCTGAAGCAGGAGAATCACTTGAACCTGGGAGGTGGAGGTTGCAGTCAGCTGAGATTGTGCCACTGTACTCTAGCCTGGGTGACAGAGCAAGACTTCTTTTC"
"KN294187v1","883126","883446","chr16","69046958","69047267","24","68163832","GGCCGGGCGCGGTTGCTCACGCCTGTAATCCCAGCACTTTGGGAGGCCGAGGAGGGTGGATCACGAGGTCAGGAGTTCGAGATCAGCCTGGCCAACATCGTGAAACCCCGTCTCTACTAAAAATACAAAAATTAGCAGGGCGTGGTGGCGGGCGCCTGTAGTTCCAGCTACTTGGGAGGCTGAGGCAGGAGAATCGCTTGAACCCGGGAGGCGGAGGTTGCAGTGAGCCGAGATCCTGCCACTGCACCCCATCCTGGGTGACACAGCGGGACTCTGAAGAAAAAAAGTCTGAAAAAAAGAAAAAGAAAGAAAGAAAAGAAA","GGCCGGGCGCTGTGGCTTACGCCTGTAATCCCAGCACTTTGGGAGGCCAAAGAGGGTGGATCACGAGGTCAGGAGTTCGAGATCAGCCTGGCCAATATCGTGAAACCCCGTCTGTACTAAAAATACAAAAATTAGCAGGGCGTGGTGGCGGGCGCCTGTAGTTCCAGCTACTTGGGAGGCTGAGGCAGGAGAATCGCTTGAACCCGGGAGGCGAAGGTTGCAGTGAGCCGAGATCCTGCCACTGCATCCCAACCTGGGTGACACAGCGGGACTCTGTCTGAAAAAAAAAAAAAAGAAAGAAAGAAAAGAA"
"KN294187v1","913385","913515","chrX","6430548","6430668","26","5517163","ACTTAGGAAGCAGAGGTTGCAGTGAGCCGAGATCATGCCACTGTACTCCAACTTGGGCGACAGAGTGAGACTCTGTCTCAAAACAAAACAAAACAAAACAAAACAGAAAAAACAAACACTCAAACAAAAAA","CAGGAGGCAGAGGTTGCAGTGAGCCAAGATCGTGCCACTGCACTCCAGCCTGGGCAACAGAGCAAGACTCCATCTCCAAAACAAAACAAAACAAAAAACAAACAAAAACAAAACAAAGAAA"
"KN294187v1","914704","914805","chr16","69079248","69079352","7","68164544","TGAAGCAGGAGAATTGCTTGAACTCAGGAGGTGGAAGTTGCAGTAGCCGAGATCATGCCACTGCACTCCAGCCTGGGCAACAGAGCTAGACTCTGTCTCAAA","TGAAGCAGGAGAATTGCTTGAACTCAGGAGGCAGAGGTTGCAGTAGCCGAGATCATGCCACTGCACTCCAGCCTGGGCAACAGAGCTAGATTCTGTCTCAAAAAA"
"KN294187v1","1015630","1015941","chr20","100393182","100393486","33","99377552","GGCTGGGTGCAGTGGCTCATGCCTGTAATCTCAGCACTTTGGGAGGCCGAGGCGGGTGGGTCACAAGGGCAGGAGTTCAAGACCAGCCTGGCCAAGATGGTGAAATCCCGTCTCTACTAAAAATACAAAAATTAGCCGGGTGAGGTGGCGGGCGCCTGTAGTCCCAGCTACTCGGGAGGTTGAGGCAGGAGAATGGCATGAACCCAGGAGGCGAAGCTTGCAGTGAACCAAGATCGCACCACTGCACTCCAGCCTGGGTGACAGAGTGAGACTCCGTCTCAAAAAAACAAACACAAAAACCAAAACAAAAAA","GGCCAGGTGCAGTGGCTCACGCCTGTAATCCCAGCACTTTGGGAGGCCGAGGTGGGTGGGTCACAAGGTCAGGAGTTCGAGACCAGCCTGGCCAATATGGTGAAATCCCGTCTCTACTAAAAATACAAAAATTAGCCGGGAGTGGTGGCGGACGCCTGTAGTCCTAGCTACTCGGGAGGCTGAGGCAGGAGAATCGCTTGAACTCAGGAGGCGGAGGTTGTAGTGAGCCAAGATCGGGCCACTGCACTCCAGCCTGGGAGACAGAGTGAGACTCCATCTCAAAAAAAAAAAAAAAAGTACAAAAA"
"KN294187v1","1096554","1096842","chr16","69260347","69260635","12","68163793","GGCTAGGTGCAGTGGCTCACACCTGTAATCCCAGCACTTTGGGAGGCTGAGGCAGGTGGATCACAAGGTCAGGAGTTTGAGACTAACCTGGCCAAGATGGTGAAACCCTGTCTCTACTGAAAATACAAAAATTAGCCAAGCATGCTGGTAGGTGCCTATAATCCAAGCTACTCAGGAGGCTGAGGCAGGAGAACTGCTCGAACCTGGGAGGTGGAAGTTGCAGTGAGCCAAGATCACACCCTTGCACTCTGGCCTGGGCGACAGAGCAAGACTCCGTCTCAAGAAAAAA","GGCTAGGTGCAGTGGCTCACACCTGTAATTCCAGCACTTTGGAAGGCTGAGTCAGGTGGATCACAAGGTCAGGAGTTTGAGACCAGCCTGGCCAAGATGGTGAAACCCTGTCTCTACTAAAAATACAAAAATTAGCCAAGCATGCTGGTAGGTGCCTGTAATCCAAGCTACTCAGGAGGCTGAGGCAGGAGAACTGCTCAAACCTGGGAGGCGGAAGTTGCAGTGAGCCAAGATCACACCCCTGCACTCTGGCCTGGGCAACAGAGCAAGACTCTGTCTCAAGAAAAAA"
"KN294187v1","1134291","1134587","chr20","107475222","107475512","37","106340931","GGCTGGGCACAGTGGCTCATGCCTGTAATCCCAGCACTTTGGGAGGCTGAGGCAGGTGGATCACGAGGTCAGGAGTTCAAGACCAGTCTAGCCAAGATGGTGAAACCCCGTCGCTACTAAAAATACAAAAATTAGCCAGGCATGGTGGTGGGTGTCTGTAATCCCAGCTACTCAGGAGGCTGAGGCAGGAGAATTGGAATTGCTTGAACCTGTGAGGCAGAGGCTGCAGTGAGCCGAGGTCACACCATTGCACTCCAGCCTGGGCGACAGAGCAAGACTCCATCTCAAAAAAAAAAA","GGCTGGGCACGGTGGCTCACGCCTGTAATCCCAGCACTTTGGGAGGCTGAGGCAGGCGGATCACGAGGTCAGGAGTTTGAGACCAGCCTAGCCAAGATGGCAAAACCCTGTCTCTACTAAAAATACAAAAATTAGCTGGGTGTGGTGGCAGGCACCTGTAATCCCAGCTACTTGGGAGGCTGAGACAGGAGAATTGCTTGAACCTGGGAGGCTGAGGTTGCAGTGAGCCAAGATCACACCACTGCACTCCAGCCTGGGCAACAGTGCAAGACTCCACCTCAAAAAAAAAAA"
"KN294187v1","1142019","1142325","chr16","69301803","69302103","19","68159784","GCCGGGCCCGGTGGCTTACATCTGTAATCCCAGCACTTTGGGAGGCCAAGGTGGGTGGATCACTAGGTGAGGAATTCAAGACCAGCCTGGCCAAGATGGTGAAACCCCCATCTCTACTAAAACTACAAAAATTAGCTGGGTGCAGTGGCAGGCACCTGTAATCCCAGCTACTTGGGAGGCTGAGGCAGGAGAATCGCTTGAACCCGGGTGGCAGAGGTTGTTGCCGTGAGTCAAGATCGTGCCACCGCACTCCAGCCTGGGCGACAGAGTGAGACTCTGTCTCAGAAAAAAAAAAAAAAAAGAAAAA","GGCCGGGCCCGGTGGCTTACATCTGTAATCCCAGCACTTGGGGAGGCCAAGGTGGGTGGATCATTAGGTCAGGAATTCAAGACCAGCCTGGCCAAGATGGTGAAACCCCATCTCTACTAAAACTACAAAAATTAGGTGGGTGCAGTGGCAGCCACCTGTAATCCCAGCTACTTGGGAGGCTGAGGCAGGAGAATCGCTTGAACCTGGGTGGCAGAGGTTATTGCCATGAGTCAAGATTGCGCCACCGCACTCCAGCCTGGGCGACAGAGTGAGACTCTGTCTCAGAAAAAAAATAGAAAAA"
"KN294187v1","1199945","1200246","chr12","52933869","52934172","30","51733924","GGCTGGGCGTGGTGGCTCACGCTTGTAATCCCAGCACTTTGACAGGCCGAGGCAGGTGGATCATGAGGTCAGGAGTTCGAGACCAGCCTGGACAAGATGGTGAAACCCCGTCTCTACTAAAAATACAAAAATTAGCCGGGTGCAGTGGCGGGTGCCTGTAATTCCAGCTACTCAGGAAGCTGAGGCAGGAGAATCGCTTGAACCTGGGAGGCGGAGGTTGCAGTGAGCGGAGATTGCGCCACTGCGCTCTAACCTGGGAGACAGAGCAACACTTCGTCTCAAAAAAAAAAAAAAAAAAAAAA","GCCGGGCGTGGTGGCTCACGCCTGTAATCCCAGCACTTTGGGAGGCCAAGGCAGGTGGATCATGAGGTCAGGAGTTCGAGACAAGCCTGACTAAGATGGTGAAACCCCGTCTCTACTAAAAATACAAAAATTAGCCGGGTGCAGTGGCAGGTGCCTGTAATCCCAGCTACTCAGGAGGCTGAGGCAGAAGAATCACTTGAACCTGGGAGGCGGAACTTGCAGTGAGCTGAGATTGTGCCACTGCACTCCAGCCTGGGCAACAGAACAAGACTCCATCTAACAAAAAAAAAAAAAAAAAAAAAAA"
"KN294187v1","1235824","1236128","chr16","69386959","69387273","41","68151135","GGCCACGTGTGGTGGCTCAAGCCTGTAATCCCAGCACTTTGGGAGGCCGAGATGGGTGGATCACGAGGTCAGGAGTTCAAGATCAGCCTGGCCAAGATGGTGAAACCCCGTCTCCACAAAAAAAACAAAAAAAAAAAAAAAAATTAGCTGGGCGCGGCGGGGGGCACCTATAATCCCAGCTACTGAGGAGCCTGAAGGAGGAAAACCACTTGAACCCCACAGGTAGAGGTTACAGTGAGCTGAGATCATGCCACTGAACTCTAGCCTGGGTGACAGAACAAGACTCCATCTCAAAAAAAAAAAAA","GGCAGGGTGCAGTGGCTCACGCCTGTAATCCCAGCACTTTGGGAGGCTGAGGTGGGTGGATCACGAGGTCAGGACTTCAAGACCAGCCTGGCCAAGATGTTGAAACCCCGCCTCCACTAAAAATACAAAAAAAAAAAAATTAGCTGGGCGCGGTGGTGGGCACCTATAATCCCAGCTACTGAGGAGCCTGAGGGAGGAGAATCACTTGAACCCCACAGGTAGAGGTTGCAGTGAGCCGAGATCATGCCACTGAACTCTAGCCTGGGCGACAGAGCAAGACTCCATCTCAAAAAAAAAAAATAATAATAATAAGAA"
"KN294187v1","1236129","1236434","chr16","69386959","69387273","36","68150830","GGCCGGGCGCGGGGGCTTAAGCCTGTAATCCCAGCACTTTGGGAGGCCGAGATGGGTGGATCACGAGGTCAGGAGTTCAAGATCAGCCTGGCCAAGATGGTGAAACCCCGTCTCCACTAAAAATAAAAAAAAAAAAAAAAAAATTAGCTGGGCGCGGTGGTGGGCACCTATAATCCCAGCTACTGAGGAGCCTGAAGGAGGAAAATCACTTGAACCCCACAGGTAGAGGTTACAGTGAGCTGAGATCATGCCACTGAACTCTAGCCTGGGTGACAGAACAAGACTCCATCTCAAAAAAAAAAAAAA","GGCAGGGTGCAGTGGCTCACGCCTGTAATCCCAGCACTTTGGGAGGCTGAGGTGGGTGGATCACGAGGTCAGGACTTCAAGACCAGCCTGGCCAAGATGTTGAAACCCCGCCTCCACTAAAAATACAAAAAAAAAAAAATTAGCTGGGCGCGGTGGTGGGCACCTATAATCCCAGCTACTGAGGAGCCTGAGGGAGGAGAATCACTTGAACCCCACAGGTAGAGGTTGCAGTGAGCCGAGATCATGCCACTGAACTCTAGCCTGGGCGACAGAGCAAGACTCCATCTCAAAAAAAAAAAATAATAATAATAAGAA"
"KN294187v1","1280476","1280639","chr2","36923940","36924102","40","35643464","ACAAAAATTAGCCAGGCATGCACCTGTGGTCCCAGCTACTCCGGAGACTGAGATGGGAGGATCACCTGGGCCCGGGAGGCAGAGGTTACAGTTAGCCAAGATGGCACCATTGCACTCCAGCCTGGGTGACAGAGTGAGATCCTGTCTCAAACTAAATAAATAAA","TAGATATACAAATATTGGCCGGGTGCAGTGGCCCAGCTACTCGGGAGGCTGAGACAGAAGAATCGCTTGAACCTGGGAGGCAGAGGTTGCAGTGAGCTAAAATCGCACCATTGCACTCCAGCCTGGGCGACAGAGTGAGACTCCGCCTCAAAAAAACAAAAAA"
"KN294187v1","1294939","1295021","chr8","95737652","95737735","14","94442713","AGAATTGCTTGAACCCAGGAGGTGCAGGTTGCAGTGAGCCAAGATTGCGCCACTGCACTCCAGCCTGGATGACAGAGCAAGAC","GAGAATCACTTGAACCCGCGAGGTGGAGGTTGTAGTGAGCTGAGATCTCGCCACTGCACCCCAGCCTGGGTGACACAGCAAGAC"
"KN294187v1","1321211","1321503","chr16","69467502","69467798","18","68146291","GGCTGGGCGGGTGGCTCACGCCTGTAATCCCAGCGGGAGGCTGAGGCGGGTGGATCACAAGGTCAAGAGTTTGAGACCAGCCTGGCCAATATGGTGAAACCCCGTCTCTACTAGAAATACAAAAATAAGCCAGGTGTGGTGGTGGGTACCTGTAGTCCAAGCTACTTGGGAGGTTTAGGCAGGAGAACCGCTTGAACCCAAGAGGTGGTTTCAGTGAGCTGAGATCGTGCTATTGCACTCCAGCCTGGGCAACAGAGAGAGACTCCGTCTCAAAAAAGAAAGAAAGAAAGAAA","GGCCGGGCGGATGGCTCATGCCTGTAATCCCAGCGGGAGGCTGAGGCGGGTGGATCACAAGGTCAAGAGTTTGAGACCAGCCTGGCCAATACGGTGAAACCCTGTCTCTACTAGAAATACAAAAATAAGCCAGGTGTGGTGGCAGGTACCTGTAATCCAAGCTACTCGGGAGGCTGAGGCAGGAGAACCGCTTGAACCCAAGAGGCGTGAAGTTTCAGTGAGCTGAGATTGTGCTATTGCACTCCAGCCTGGGCAACAGAGAGAGACTCCGTCTCAAAAAAAAAAAAAAGAAAGAAA"
"KN294187v1","1321504","1321778","chr16","69467799","69468092","36","68146295","GGGTGCGGTGACACACCTGTAATCCCAGCACTTGGGGAGGATGAGGCAGGTGGACCATGAGGTCAGGAGTTTGAGACCAGCCTGGATAATATGGTGAAACCCCGTCTCTACTAAAAATACAAAAATAAGCCAGGTGTGGTCATGGGCGCCTGTAGTCCCAGCTACTCGGGAGGCTGAGACAGGAGAGTTGCTTGAACCTGAGAGGCGGAGGTTGCAGTGAGCTGAGATTGCGCCACTGCACTCCAGCCTGGGAGACAGAGTCTCGCTCTGTCTCA","GGGTGCAGTGACACACCTGTAATCCCAGCACTTTGAGAGGATGAGGCAGGTGGACCATGAGGTCAGGAGTTTTGAGACCAGCCTGGCCAATATGGTGAAACTCCGTCTCTACTAAAAATACAAAAATAAGCCAGGTGTGGTCGTGGGCACCTGTAGCCCCGGCTACTCGGGAGGCTGAGGCAGGAGAGTTGCTTGAACCTGAGAGGCGGAGGTTGCAGTGAGCTGAGATCGCGCCACTGCATTCCAGCCTGGGAGACAGAGTCTCTGTCTTAAAAAACAAAAACAAAAACAAAA"
"KN294187v1","1322213","1322331","chr16","69468686","69468813","12","68146473","CAGGAGGCTGAAGTGGGAGGATCACCTGAGTCCAGGAGGCAGAGGTTGCAGTGAGCCCAGATGGTGCCACTGCACTCCAGCCCAAGCAATAGAGAGAGACACAATCTTAAAAAAAAAAA","ACTCAGGAGGCTGAGGTGGGAGGATTACCTGAGTCCGGGAGGCAGAGGTTGCAGTGAGCCCAGATGGTGCCACTGCACTCCAGCCCAAGCAATAGAGAGAGACACAATCTTAAAAAAAAAAAAAAAAA"
"KN294187v1","1323742","1324041","chr16","69469622","69469920","11","68145880","GGCCGGGTGCGGTGGCTCATGCCTGTAATCCGAACACTTTGGGAGGCTGAGGCAGGCGGATCATGAGGTGAGAAGTACAAGACCAGCCTGGCCAACATGGTGAAACCCCATCTCTACAAAAATACAAAAATTAGCCAGGCACGGTGGCAGGCGCCTGTAATCCCACCTACTTGGGAGGCTGAGGCAAGAGAATTGCTTGAGTCCAGGAGGTGGAGGTTGCAGTGAGCCGAGATTGCACCATCGCACTCCAGCCTGGGCGACAGAGCAAGAATCCGTCTCAGGAAAAAAAAAAAAAAAAAA","GACTGGGTGCAGTGGCTCATGCCTGTAATCCGAACACTTTGGGAGGCCGAGGCAGGTGGATCATGAGGTCAGAAGTACAAGACCAGCCTGGCCAACATGGTGAAACCCCATCTCTACAAAAATACAAAAATTAGCCAGGCACGGTGGCGGGCGCCTGTAATCCCACCTACTTGGGAGGCTGAGGCAGGAGAATTGCTTGAGTCCAGGAGGTGGAGGTTGCAGTGAGCCGAGATTGCACCATCACACTCCAGCCTGGGCGACAGAGCGAGAATCCGTCTCAGAAAAAAAAAAAAAAAAAA"
"KN294187v1","1369116","1369219","chr5","74607971","74608072","16","73238855","AAGTGGAGGTTGCAGTGAGCCGAGATTGCGCCACCGCACTCCAGCCTGGACCACAGAGTGAGATTCTGTCTCGAAAAAAAACAAAAACCAAAAACCAAAAAAAA","AGGCGGAGGTTGCAGTGAGCCGAGATCGCGCCTCTGCACTCCAGCCTGGAGGACAGAGCGAGACTCCGTCTCAAAAAAAAAAAAAAAAAAAAAAAAAAAAAA"
"KN294187v1","1422289","1422597","chr16","69563836","69564138","17","68141547","GGCTGGGTGCAGTAGTTCATGCCTGTAATGCCAGCACTTTGGGAGGCCGAGGCAGGTAGATCATGAGGTCAGGAATTCAAGACCAGCCTGGCCAAGATGGTGAAACCCTGTCTCTATTCAAAATACAAAAAATTAGCCAGGTGTGGTGGCAGGTGCCTGTAATCCCAGCTACTTGGGAGGTTGAGGCAGGAGAATCGCTTGAACCTGGGAGGTGGAGGTTGCAGTGAGCAGAGATCACAACACTGCACTCCAGCCTGGGTGGCAGAGTGAGACTCTGTCTCAAACAAACAAACAAAAAACACACAAAAA","GGCTGGGTGCAGTAGTTCACACCTGTAATGCCAGCACTCTGGGAGGCCGAGGCAGGTAGATCATGAGGTCAGGAGTTCAAGACCAGCCTGGCAAAGATGGTGAAACCCCGTCTCTATTCAAAATACAAAAATTAGCCGGGCATGGTGGCAGGCGCCTGTAATCCCAGCTACTTGGGAGGTTGAGGCAGGAGAATCGCTTGAACCTGGGAGGTGGAGGTTGCAGTGAGCAAAGATCACAACACTGCACTCCAGCCTGGGTGGCAGAGTGAGACTCTGTCTCAAACAAACAAACAAACAAAAAAA"
"KN294187v1","1455978","1456264","chrX","22293419","22293712","49","20837441","GGCTGTATGCGGTGGCTCACGCCTGTAATCCCAGCACTTTGAGAGGCCGGAGTTCGAGACCAGCCTGGCCAAGATGGTGAACCCTCGTCTCAACTAAAAATACAAAAATTAGCTGGGCGTGGTGACGCGCGCCTGTAATCTCAGCTACTGGGGAGGTTGAGGCAGGAGAATGGCTTGAACCCGGGAAGTGGAGGTTGCAGTGAGCCGAGATCGCGCCAGTGAATTCCAGCCTGGGAGACAGAGCGAGACTTCATCTCAGAAAAAAAGAAAAAAAAACAAAAACGAAA","GGCCAGGTGCGGTGGCTCACGCCTGTAATCCCAGCACTTTGGGAGGCCGAGGTGGGAGTTCGGGACCAGCCTGGCCAAGGTGGTGAAACCCTGTCTCTACTAAAAAATACAAAAATTAGCTGGGTGTGGTAGCAGGCACCTGTAATCCCAGCTACTCAGGAGGCTGAGGCAGGAGAACTGCTTGAACCCGGGAGGCGGAGGTTGCAGTGAGCTGAGATCGTGCCACTGCACTCCAGCCTGGGCAACAGAGCGAAACTCTATTTCGAAAAAAAATAAAAAAATAAAAAAAATAAA"
"KN294187v1","1510752","1511057","chr16","69648604","69648909","20","68137852","GCTGGGCGTGGTGGCTCATGCCTGTAATCCCAGCACTTTGGGAGGCCTAGGCGGGTGGATCAAGAGGTCAGGAGTTCAAGACCAGCCTGGCCAAGATGGTAAAACCAGTCTCTACTAAAAATACAAAAATTACCTGGGTGCGGTGGCAGAAGCCTGTAATCCCAGCTACTCGGGAGGCTGAGGCAGAAGAATTGCTTGAACCCGGGAGGCAGAGGTTGCAGTGAGCCAAGATTGTGCCACTGCACTCCAGCCGGGGTGACAGAGTGAGGTTCCTTATCAAAAAATAATAATAATAAAACAAACAAA","GCTAGGCATGGTGGCTCATGCCTGTAATCCCAGTACTTTGGGAGGCCTAGGCGGGCGGATCAAGAGGTCAGGAGTTCAAGACCAGCCTGGCCAAGATGGTAAAACTCGTCTCTACTGAAAATACAAAAATTAGCTGGGTGCAGTGGCAGGTGCCTGTAATCCCAGCTACTCAGGAGGCTAAGGCAGAAGAATTGCTTGAACCCAGGAGGCAGAGGTTGCAGTGAGCTAAGATTGTGCCACTGCACTCCAGCCGGGGTGATAGAGTGAGACTTCTTATCAAAAAATAATAATAAAAAAACAAACAAA"
"KN294187v1","1515824","1516137","chr6","8113448","8113758","49","6597624","GGCCGGGCATCGTGGCTCACGCCTGTAATCCCAGCACTTAGGGAGGCTGAGGCGGGAAGGTCAGGAGTTCAAGATCAGCCTGGCCAACATGGTAAAACCCCATCTCTACTAAAAATACAAAAATTAGCATACAAAAATTAGCCAGGCGTTATGGCAGGCATCTGTAATCCCAGCTACTCGGGAGACTGAGGCAGAAGAATTGCTTCAACCCGGGAGGTGGAGGTTGCAGTGAGCTGAGATCGTGCCACTTCACTCCAGCCTGGGCAACAGAGCAAGACTCCATCTCGCAAAAAAAAAAGAAAAAGAAAAAAAAA","GGCCGGGCATGGTGGCTCACACCTGTAATCCCAGCACTTTGGGAGGCCGAGGTGGGTGGATCACGAGGTCAGGAGTTTGAGACCAGCCTGTCTAACATGGTAAAACCCCATCACTACTAAAAAAAAAAATACAAAAATTAGCCAGGCGTTTTGGCAGGCGCCTGTAATCCCAGCTACTTGGGAGGTTGAGGCAGGAGAATTGCTTGAACCTGGGAAGTGGAGGTTGCAGTGAGCCAAGATCATGCCACTGCAATCTAGCCTGGGCAACAGAGCAAGACTCCATCTCCAAAAAAAAAAAGAAAAGAAAAGAA"
"KN294187v1","1551179","1551380","chrX","18599460","18599668","32","17048281","GCTGGGTGCAGTGGCTCATGCCTGTAATTCCAGCACTTTGGGAAGCCGAGGTGAATCACGAGGTCAGGAGTTCGAGACCAGCCTGGCCAAGATGGTGAAACCCCATCACTAAAAATACAAAAATTAGCTGGGCATGGTGGCAGGCAACTGTAGTCCCAGCTACTTGGGAGGCTGAGGCAGGAGAATCCCTTGAACCCCGGGA","GGCCGGGCGCGGTGGCTCAAGCCTGTAATCCCAGCACTTTGGGAGGCTGAAGTGGGTGGATCATGAGGTCAGAAGTTCAAGACCAGCTTGGCCAAGTTGGTGAAACCCCATCTGTATTAAAAACTACAAAAATTAGCTGGGCGTGGTGGCAGGCGCCTGTAATCCCAGCTACTCGGGAGGCTGAGGCTGGAGAATCACTTGAACCCGGG"
"KN294187v1","1570614","1570732","chr4","77620980","77621096","14","76050366","GGAGAATCGCTTGAACCCAGGAGGTGGAGGTTGCAGTGAGCTGAGATCACGCCACTGCACTCCAGCCTGGGTGACAGAGCGAGACTCTGTTTCAAAAATAAATAAATAAATAAAATAAA","AGGAGAATCGTTTGAACCCAGGAGGCAGAGGTTGCAGTGAGCTGAGATCACACCACTGCACTCCAGCCTGGGCGACAGAGCGCGACTCCGTATCAAAAAAAAAAAAAAAAAAAGAAA"
"KN294187v1","1583885","1584168","chr16","69718265","69718556","17","68134380","GGCCGGGTGTGGTGGTTCATGCTTATAATCCCAGCACTTTGGGAGCCCGAGGTGGGTGGATCACGAGGTCAGGAGTTCAAGACCAGCCTGGCCAGGATGGCGAAACCCCGACTGTACTAAAAATACAAAAATTAGCCCAGCGTGGTGGCAGCTGCCTGTAATCCCAGCTACTGAGGAAGCTAAGGCAGGGAAATCGCTTGAACCCGGGCGGCAGAGGTTGCAGTAAGCCAAGACTGCACTACTGCACTCCAGCCTGGGTGACAGAGTGAGACTCCATCTCTAAA","GGCCGGGTGTGGTGGCTCATGCTTGTAATCCCAGCACTTTGGGAGCCCGAGGTGGGTGGATCACGAGGTCAGGAGTTCAAGACCAGCCTGGCCAAGATGGTGAAACCCCGTCTGTACTAAAAATACAAAAATTAGCCCAGCGTGGTGGCAGCTGCCTGTAATCCCAGCTACTCAGGAGGCTAAGGCAGGGAAATCGCTTGAACCTGGGCAGCAGAGGTTGCAGTAAGCCAAGACTGCACTACTGCACTACTGCACTCTAGCCTGGGTGACAGAGTGAGACTCCATCTCTAAA"
"KN294187v1","1592740","1593019","chr2","10197809","10198088","38","8605069","GACCAGGCGCAATGGCTCATGCTTGTAATCCCAGCACTTTGGGAGGCTGAGGTGGCGGATCATGAGATCAGGAGTTCGAGACCAGCCTGGCCAACACAGTGAAAGCCCGTCTCTACTAAAAGTACAAAAATTAGCTGGGCGTAGTGGCAGGGACCTGTAATCCCAGCTACTAGGGAGGCTGAGGCAGGAGAATCACTTGAAACCCAGGAGGCGGAGGTTGCAGTGAACTGAGATTGTGCCACTGCACTCCAACCTGGGCAACAGAGCTAGATTCTGTCTC","GGCTGGGCACAGTGGCTCATGCTTGTAATCCCAGCACTTTGGGATGCTGAGGCGGGTGGATCACGAGATCACGAGTTTGAGACCAGCCTTGCTAACACAGTGAAACCCTGTCGCTACTAAAAATACAAAAATTCGCTGGGCATGGTGGCAGGTGCCTGTAATCCCAGCTACTCAGGAGGCTGAGGCAGGAGAATTGCTTGAACCCATGAGGCGGAGGTTGCAGTGAGCCAAGATCGTACCACTGCACTCCAACCTGGGTGACAGAGCTAGATTCCATCTC"
"KN294187v1","1618683","1618781","chr12","8858808","8858907","19","7240125","CCCAGGAGGTGGAGGTTGTAGTAAGCCAAAATCACATCACTGCACTCCAGTCCAGGTGACAGAGCAAGACTCTGTCTCAAAAAAAAAAAAACCAAAAAA","CCCAGGAGGTGGAGGTTGCAGTGAGCCAAGATCATGCCACTGCTCTCCAGCCTGGGCAACAGAGCGAGACTCCATCTCAAGAAATAAAAAAAAAAAAAAA"
"KN294187v1","1621014","1621182","chr25","15904393","15904561","27","14283379","AGCCGGGCGTGGTGGGGGGCACCTGTAATCCCAGCTACTCAGGAGTCTAAGGCAGGAGAATTGCTTGAACCCGGGAGGGGGAGGTTGCAGTGAGCTGAGACCACGCCATTGTACTGAAGCCTGGGCAACAGAGCAAGACTCCAACTCAAAAAACAAACAAACAAAAAAA","CTGGGCGTGGTGGTGGGCACCTGTAATCCCAGCTACTCAGGAGGCTGAGGCAGGAGAATGCCTTGAACCTGGGAGGCCGAGGTTGCAGTGAGCGCAGATTACGCCACTGTACTCCAGCCTGGGCGACAGAGTGAGACTCCATCTCAAAAAAAAAAAAGGAAAAAAAAAA"
"KN294187v1","1621420","1621721","chr13","76591614","76591913","45","74970194","GGCTGGGCGCAGTGGCTCACACCTGTAATCCCAGCACTTTGGGAGGCTGAGGCAGGCGGATCATAAGGACAGGAGTTCAAGACCAGCCTGGCTAACATGGCAAAATCTCGTCTCTACTAAAAAATACAAAAATAAGCCAGGCACAGTGGCAGAGACCTGTAGTCCCAGCTACTAGGGAGGCTGAGGCAGGAGAACTGCCTGAACCCAGGAGGTGGAGGATGCAGTGAGCTGAGATCCTGCCACTGCGCTCCATCCTGGGCAACAGAGAGAGACTCTGCCTTGGAAAAGAAAAAAGAAAAAAA","GGCTGGGCGCAGTGGCTCAAGACTGTAATCGCAGCACTTTGGGAGGCTGAGGCGGGTGGATCATGAGGTCACGAGTTCAAGACCAGCCTGGCCAAGATGGTGAAACCTTGTCTCTACTAAAAATACAAAAATTAGCCAGGCACAGTGGCAGGCAACTGTAATCCCAGTTACTCAGGAGGCTGAGGCAGGAGAATCACTTGAACCCAGGAGGTGGAAGTTGCAGTGAGCCGAGATCACGCCACTGCACTCCAGCCTGGGCAACAGAGTGAGACTCCATCTCAGAAAAAAAGAAAAAACAAA"
"KN294187v1","1934035","1934332","chr2","9826203","9826494","44","7892168","GCCGAGTACGGTGGCTCACGCCTGTAGTCCCAGCACTTTGGGAGGCTGAGGCGAGTGGATCACAAGGTCAGGCGTTCGAGACCAGCCTGGCCAACATAGTGAAACCCTGTCCCTACTAAAAATATGCAAATTAGCTGGGCGTGGTGGCCGGCACCTGTAATCCCAGCTACTTGAGAGGCTGAGGCAGGAGAATCGTTTGAACCCAGGAGGCAGAGTTTGCAGTTTGCAGTGAGCCGAGGTCACACCATTGTATTCCAGCCTGGGTGACACTGCAAGACTACATCTCAAAAAGAAAAAA","GCCGGGTGAGGTGGCTCACGCCTGTAATCCCAGCACTCTGGGAGGCCGAGGCAGGTGGATCACAAGGTCAGGAGTTCGAGACCAGTCTGCCCAACACGGTGAAACCCTGTCTCTACTAAAAGTACAAAAATTAGCTGGGCGTGGTGGCGGGCGCCTGTAATCCCAGCTACTCGGGAGGCTGAGGCAGGAGAATTGTTTGAACCCAGGAGGCAGACGTTGCAGTGAGCCGAGATTGCGCCATTGCACTCCAGCCTGGGTGACAGGGTAAGACTCCACCTCAAACACTAAAAAA"
"KN294187v1","1999524","1999725","chr21","45329482","45329674","45","43329958","GAAACCCGTCTCTACTAAAAAAAAAAAAAATACAAAAATTAGCTGGGTGTGGTGGTGGGTGCCTGCAATCTAAGCTACTTGGGAGGCTGAGGCAGAAGAATCGCTTGAACCCAGGAGGCGGAAGTTGCAGTGAGCTGAGATTGTGCCACTGTACTCCAGTCCGGCCAACACAGTGAGACTCTGCTTCCAAAAAAAAAAAAAA","GTGAAACCCTGTCTCTACTAAAAATACAAAAATTATCTGGGTGCAGTGGTGGGCACCTGTAATCCCAGCTACTCCAGAGGCTGAGGCAAAAGAATCGCTTGAACCCGGGAGGCAGAGGTTGCAGCGAGCCGAGATCATGCCACTGCACTCCAGCCTGGGCGACAGAGTCAGACTCCGTCTAAAAATAAATAAA"
"KN294187v1","2032065","2032370","chr16","70152273","70152578","13","68120208","GCTGGGCGTGGTGGCTCACACCTGTAATCCCAGCACTTTGGGAGGCCGAGGTAGGTGGATCACAAGGTCAGGAGTTTGAGAACAGCCTGGCCAATATGGTGAAACCCCATCTCTACTAAAAATACAAAAATTAGCTGGGTGTGGTGGTAGGCGCCTGTAGTCCCAGCTACTCGAAAGGCTAAGACAGGAGAACGGCTTGAACCTGGGAGGCAGAGGTTGCAGTGAGCTGAGATCGTGCCATTGCACTTCATCCTGGGTGACACAGTGAGACTCTGTCTCAAAAAAATAATAAAAATAAAAATAAAA","GCTGGGCGCGGTGGCTCACGCCTGAAATCCCAGCACTTTGGGAGGCCGAGGCAGGTGGATCACAAGGTCAGGAGTCTGAGACCAGCCTGGCCAATATGGTGAAACCCCATCTCTACTAAAAATACAAAAATTAGCCGGGTGTGGTGGTAGGCGCCTGTAGTCCCAGCTACTTGAAAGGCTGAAACAGGAGAACGGCTTGAACCTGGGAGGAAGAGGTTGCAGTGAGCCGAGATCGTGCCATTGTACTTCATCCTGGGTGACACAGTGAGACTCTGTCTCAAAAAAATAATAAAAATAAAAATAAAA"
"KN294187v1","2099605","2099705","chr22","60162505","60162606","16","58062900","GAGAATCACTTGAACCCGGGAGGCAGAGGTTACAGTGAGCCGAGAACGGCCATTGCACTCCAATCTGGGTGACACAGCCAGACTCTGACTCAAAAAAAAAA","AGAATCACTTGAACCCAGGAGGCGGAGGTTGCAGTGAGCCGATATTGTGCCATTGCACTCCAGTCTGGGTGACAGAGCGAGACTCCATCCCAGAAAAAAAAA"
"KN294192v1","207259","207555","chr13","47623791","47624086","15","47416532","GACTGGGTGCAGTGGCTCACTCCTGTAAGCCCAGCACTTTGAGAGGCTGAGGCGGGTGGATCACAAGGTCAGGAGTTCAAGACCAGCCTGGCCAACATGGTGAAAACCTGTCTCTACTAAAAATACGAAAATTAGCTGGGCACGGTGGCAGGTGCCTGTAATCCCAGCTACTCAGGAGGCTGAGGCAGGAGAATTGCTCAAACCCGGGAGATGGAGGTTGCAATGAGTCAAGGTCATGCCACTGCACTCCAGCCTGGGTAACAGAGCAAGACTCCGTCTCAGGGAAAAAAAAAAAAA","GGCTGGGTGCGGTGGCTCACTCCTGTAAGCCCAGCACTTTGGGAGGCTGAGGCGGGTGGATCACAAGGTCAGGAGTTCAAGACCAGCCTGGCCAACATGGTGAAAACCTGTCTCTACTAAAACTAAGAAAATTAGCTGGGCACGGTGGCAGGTGCCTATAATCCCAGCTACTCAGGAGGCTGAGGCAGGAGAATTGCTCAAACCCGGGAGATGGAGGTTGCAGTGAGTCAAGGTCGCGCTACTGCACTCCAGCCTGGGTGACAGAGCAAGACTCCGCCTCGGGGGAAAAAAAAAAA"
"KN294192v1","360362","360668","chr5","4164212","4164516","46","3803850","GGCCAGGTGCGGTGGCTTACACCTGCAATCCCAGAATTCTGGGAGGCCAAGGTGGGCAATCACAAGGTCAGGAGAAGACCAGCCTGGCCAACACAGTGAAACCTCATCTCCACTAAAAATACAAAAACTTAGCCAGGCGCGGTGGTGGGTGCCTGTAATCCCAGCTACTCAGGAGGCTGAGGCAGGAGAATCACTTGAACCAGGGAGGCAGTGGTTGCAGTAAGCTGAGATCGCACCATTGCACTCCAGCCTGGGCGACAGTGCAAGACTCTGTCTCAAAATAAATAAATAAATAAAAATAAATAAA","GGCCGGGTGAGGTGGCTCACGCCTGTAATCCCAGCAATTTGGGAGGCCGAGGTGGATGAATCACGAGGTCAGGAGTTCAAGACCAGCCTGGCCAAGAAAGTGAAACCCTGTCTCTACTAAAAATACAAAAACTAGCCGGGCGCGGTGGTGGGTGCCTGTAATCCCAGCTACTCGGGAGGCTCAGGCAGGAGAATCTCTTGAACCCGGGGGGCGGAGGTTGCAGTGAGCCGAGATCGCACCACTGCACTCCAGCCTGGACGACAGAGGGAGACCTTGTCTCAAAAAAATAAAATAAAATAATAAAA"
"KN294192v1","687618","687815","chr6","14861387","14861589","35","14173769","TGATGAAACGTTGTCTCCTAAAAATACAAAAATTAGCTGGGTATGGTGGTGGGTGCCTGTAATCCCAGCTACTCGGGAGGCTGAGACAGGAGAATTGCTTGAATCCAGGAGGCAGAGGTTGCAGTGAGCCGAGATTATGCCACTGCACTCCAGCCTGGTGACACAGCGAGACTCCTTCTCAAAAAAAAAAAAAAAAAA","GGTGAAACCCCATCTCTACTAAAAATACAAAAATTAGCTGGGCACGGTGGCAGGTGCCTGTAATCCCAGTTACTCGGGAGGCTGAGGCAGGAGAATCACTTGAACCTGGGGGGCCGAGGTTGCAGTGAGCCAAGATCACGCCGCTGCACTCCAGCCTGGGCGACAAGAGTGAGACTCTTGTCTCAAGAAGAAAAAAAAAAGAA"
"KN294192v1","848776","848889","chr16","17573488","17573597","18","16724712","ATCATTTGAACCTGGGAGACAGAGGTTGCAGTGAGCTGAGATCACACCACTGCACTCCAGCCTGGGTGACAGAGAGAGAGTCTGTCCCAAAACAAAACAAAACAAAAAAACAAA","AATCGCTCGAACCCTGGAGGCAGAGGTTGCAGTGAGCTGAGATCACACCACTGCACTCCAGCCTGGGTGACAGAGCAAGACTCCATCTCAAAAAAAAAAAAAAAAAAAAA"
"KN294193v1","127321","127464","chr16","48905388","48905528","15","48778067","GCTACTCAGGAGGTTGAGGCAGGAGAATCGCTTGAACTGGGGAGGTGGAGGTTGCAGTGAGCTGAGATTGTGCCACTGTACTCCAACCTGGGTGACAGAGCAGGACTGTGTCTCAAAAAAAAAAAGGAAAAAAAAGAAAAGAAA","GCTACTCAGGAGGTTGAGGCAGGAGAATCGCTTGAACCGGGGAGGTGGAGGTTGCAGTGAGCTGAGATGGTGTCACTGTACTCCAGCCTGGGTGACAGAGCAAGACTGCGTCAAAAAAAAAAAAAAGAGGAGAGAGAGAAA"
"KN294193v1","300157","300249","chr22","10137205","10137298","14","9837048","AACCCACAAGGTTAAGGCTGCAGTGAGCTGAGATTGTGCCACTGCACTCCAGCCTGGGCGACAGAGCGAGACTCCGTCTCAAAAAAAAAAAAA","ACCCAGGAGGTGGATGTTGCAGTGAGCCGAGATTGCACCACTGCACTCCAGCCTGGGCGACAGAGCGAGCCCCCGTCTCAAAAAAAAAAAAAGA"
"KN294193v1","389416","389541","chr19","21995982","21996112","26","21606566","GCCTGTAATCCCAGCTACTAGAGAGACTAAGGCAGCAGAATCACTTGAACCAAGGAGGTGGAGGTTGAAGTGAGCCACGGTCCACTGTACTCCAGCCTGGGCCATAGAACAAGACTCTACCTCAAA","GCGCTTGTAATCCCAGCTACTTGGGAGACTGAGGCAGGAGAATCACTTAAACCTGGGAGGCGGAGGTAGCAGTGAGCCAAGATTGTGCCATTGCACTCCAGCCTGGGCAACAGAGCAAGACTCCTTCTCAA"
"KN294193v1","448676","448809","chr4","53367597","53367723","27","52918921","TACTCAGGAGGTCGAATCAGGAGAATTGCTTGAATCCAGGAGGCAGAGGTTGTAGTGAGCCAAGATCACGCTTGTGCCCCTGCACTCCAACCTGGGTGATAGAGTGAGACTCTGTTGCAAAAAAAAAAAAAAAA","TACTCAGGAGGCTGAGGCAGGAGAATTGCTTGAACCCAGGAGGTGGAGGTTGCAGTGAGCCGAGATCACACCACTGCACTCCAATCTGGGCGACAGGGCGAGACTTTCTCAAAAAAAAAAAAAAAAA"
"KN294193v1","450470","450572","chr16","48580788","48580889","7","48130318","GAAACGGAGGCCACAGTGAGCCAGGATCGCACCACCACATTCCAGCCTGGGCAACAGAGCGTGACCCCATCTCAAACAAAACAACAACAACAACAACAACAAA","GAGACGGAGGCCACAGTGAGCCAGGATCGCACCACCACATTCCATCCTGGGCAACATAGCGTGACCCCATCTCAAACAACAACAACAACAACAAAAAAAAAA"
"KN294193v1","454904","455213","chrX","60632162","60632462","65","60177258","GGCCAGGTGCAGTAGCCCATGCTGTAATCCCAGCACTTTGGGAGGCCGAGGCAGGTGGATGGCTTGAGCCCAGGAGTTCGAGCCCAGCCTAGGCAAGATGGCGAAACCCCATCTTTAAAAAAAAAAAAGATATATATCCCACAAAAAATTAACTGGGCATGGTTGCAGGTGCTTGTAGTCCCAGCTACTCAGGAGGCTGAGGCAGGGAGGATCAATTGAGCTCAGGAGGCAGAGGTTGCAGTGAGTTGAAATCATACCACTGTACTCCAGCCTTGGTGACAGAGTGAGACTGTATCTCAGGAAAAAAAAA","GGCCGGGCGCGGTAGCTCATGCCTGTAATCCCAGCACTTTGGGAGGCCGAGGCGGGTGGATCACAAGGTCAGGAGTTCGAGACCAGCCTGGCCAATATGGTGAAACCCCATCTCTATTAAAAATACAAAAAAATTAGCCGGGCATGGTGGCAGGTGCTTGTAATCCCAGCTACTCGGGAGGCTGAGGCAGGAGAATCACTCGAACCCGGGAGGCGGAGGTTGCAGTGAGTCGAAATCATGCCACTGCACTCCAGCCTGGGTGACTGAGCGAGACTCCATCTAAAACAAAACAAAACAAAAA"
"KN294193v1","475065","475168","chr27","19881572","19881674","10","19406507","TGAACCCGGGAGGTGGAGATTGCAGTGAGCCGAGATCGCGCCATTGCACTGCAGCCTAGGCAACAGAGTGAGTCTCCGTCTCAAAAAAAAAAAAAAAAAAAAGA","TGAACCCAGGAGGTGGAGATTGCAGTGAGCCGAGATCGCACCACTGCACTCCAGCCTGGGTGACAGAGTGAGACTCCATCTCAAAAAAAAAAAAAAAAAAAAA"
"KN294193v1","506025","506128","chr16","48525538","48525649","12","48019513","ATCACTTGAACCCAGGAGGTGGAGGTTGCAGTGAGCCAAGATGGCACCACTCCAGGCTGGGTGACAGAGAGAGACTCGGTCTTAAACAACAACAACAACAAAAA","ATCACTTGAACCCAGGAGGTAGAGGTTGCAGTGAGCCAAGATTGCACCACTACACTCCAGGCTGGGTGACAGAGAGAGACTCAGTCTTAAAAAACAACAACAACAAAAACAA"
"KN294193v1","542923","543178","chr6","4880562","4880810","43","4337639","GGAGGCCTAGGCAGGTGAATCATGAGGTCAGGAGTTCGAGACCAGCCTGGCCAACATGGCAAAACCCTGTCTCTACTAAAAATACAAAAATTAGTCCCACGTGGTGGTGGGCGCCTGTAATCCCAACTACTCAGGAGGCTAAGGCAGGAGAATCGCTTGAACCAAGGAGGCAGAAGTTGCAGTGAGCCGAGATCACTCCACTGCACTCCAACCTCTACGACAGAGCAAGACTCCATCTCAGGAAAAAAAAAAAAAA","GCTGAGGCGGGTGGATCACAAGGTCAGGGGTTCGAGACCAGCCTGGCCAAGATGGTGAAACCCCCGTCTCTACTACAAATACAAAAATTAGCCGGGCGCAGTGGCGGGGACCTGTAATCCCAGCTACTCAGGAGGCTGAGGTAGGAGAATCGCTTGAACCCAGGAGGCAGAGGTTGCAGTGAGCCGAGACCACACCACTGCACTCCAGCCTGGGCAACAGAGCAAGACTCCGTCTCAAAAAAAAAAAAA"
"KN294193v1","670162","670260","chr14","21133457","21133552","17","20463295","GAGGTTGCAGTGACTCAAGATCATTCTACTATACTCCAGCCTGGGCAACAGAGCCAGACTCTGTCTCAGAAAAACAAAACAAAACAAAAACAACCAAAA","AGGTTGCAGTGAGCCGAGATCGTGCCACTGCACTCCAGCCTGGGTAACAGAGAGAGACTCCATCTCAAAAAACAAAACAAAACAAAAACAAACAAA"
"KN294193v1","751593","751768","chr14","18470427","18470606","30","17718834","TTAGCCAGGCGTGGTGGCAGGTGCCTATAATCCCAGCTACTCAAGAGACTGAGGTAGGAGAATCTCTTGAATGGGAGGCAGAGCTTCCAGTGAGCCGAGATCGTGCCATCGCACTCCAGCTTGGGCGACAGAGCGAGACTCCGTCTCAAAAAAAAAAAAAAAAAAAAAAAAAAAAA","TTAGCCAGGTGCAGTGGCAGGTGCCTGTAATCCCAGCTACTCAGGAGGCTGAGGCAGGAGAATTGCTTGAACTTGGAGGGCGGAGGTTGCAGTGAGCTGAAATCACGCCACTGTACTCCAGCCTGGGCAACAAAGTGAGATTCCATCTCAAAAAAAAAAAAAAAAAAAAAAAAAAAAAAA"
"KN294193v1","769869","770046","chr6","11874536","11874713","32","11104667","TAGCCAGGTGTGGTGGTGGGTGCCTGTAATCCCAGCTATTTGGGAGGCTGGGGTAGGAGAATCCCTTGAGTCTAGGAAGTGGATGTTGCAGTGAGTGGAGATTGCGCCACTGCACTCCAGCATGGGTGACAGAGTGAGACTCTGTCTCAAAAACAAACAAACAAACAAAACAAAACAA","AGCCAGGCACAGTGGTGGGTGCCTGTAATTCCAGCTACTTGAGGAGGCTGAGGCAGGCGAATCGCTTGAGCCGGGGAGGCAGAGGCTGCAGTGAGCCGAGATTGCGCCATTGCACTCCAGCCTGGGTGACAGAGTGAGACTCTGCCTCAAAAAAAAAAACCAAAAAACAAACAAACAA"
"KN294193v1","815751","815929","chr14","36731633","36731798","33","35915882","AAAATTAGCCAGGCGTGATAGTGGGCACCTCTAATCCTAGCTACTCGGGAGGCTGAGGCAGAAGAATTGCTTGAAACAGGGAGGCAGAGGTTGCATGCAATGAGCTAAGATTGAGCCACTGCACTCCAGCCTGGGCAATGGAGTGAGACCTCGTCTCAAAAAAAAAAAAAAAAAAAAAA","TAGTCGGGTGAGGTGGCGCCTGTAATCCCAGCTACTTGGGAGGCTGAGGCAGGAGAATCGCTTGAACCCAGGAGGCAGAGGTTGCAGTGAGCCAAGATCGTGCCACTGCACTCCAGCCCGGGCAACAGTGTGAGACTCCGTCTCAAAAAAAAAAAAAAAAAAAAAA"
"KN294195v1","149999","150307","chr7","14934992","14935300","21","14784993","GCCAGGCACGGTGGCTCACACCTGTAATTCCAGCACTTTGGGAGGCCAAGGCTGGTGGGTCACTAGGTCAGGAGTTTGAGACCAGCCTGGCCGACATGGTAAAACTCCATCCCTACTGAAAATACAAAAATTAGCCAGGTGTGGTGGCGGGCACCTGTAATCCCAGCTACTCAGGAAGCTGAGGCAGGATAATCACCTGAACCCAGGAGCCAGAGGTTGCAGTGAGCTGACATCGCACCACTGCACTCCTGCCTGGGCGACAGAGTGAGACTCTGTCTCAAAAAAAAAAAAAAAAAAAAAAAAAAAAAA","GCCAGGCATGGTGGCTCATACCTGTAATTCCAGCACTTTGGGAGGCCAAGGTGGGTGGGTCACAAGGTCAGGAGTTTGAGACCAGCCTGGCCAACATGGTAAAACCCCATCCCTACTAAAAATACAAAAATTAGCCAGGTGTGGTGGCAGGCACCTGTAATCCCAGCTACTCAGGAGGCTGAGGCAAGATAATCACTTGAACCCAGGAGCCAGAGGTTGCTGTGAGCTGAGATTGCACCACTGCACTCCACCCTGGGCAACAGAGTAAGACTCTGTCTCAAAAAAAAAAAAAAGAAAACAAAAAAAAAA"
"KN294195v1","181119","181410","chr7","14965859","14966161","17","14784740","CTGGGCGCGGTGGCCCATGCCTGTAATCCCAGCATTTTGGGAGGCCAAGGCGGGCGGATCACGAGGTCAGGAGTTCGAGACCAGCCTGACCAAAATGGTGAACCCCATCTCTACCAAAAATTCAAAAATTAACCAGGCGTGGTGATGGGTGCCTGTAATCCCAACTACTCAGGAAGCTGAGGCAGGAGAATCTCTGGAACCTGGGAGGCGGAGGTTGCAGTGAGCTGAGGTCATGCCACTATACTCCAACCTGGGTGACAGAGTGAGACTCTGTCTCAAAAAAAAAAAAAAA","CTGGGCGCGGTGGCCCATGCCTGTAATCCCAGCATTTTGGGAGGCCAAGGGGGGCGGATCACGAGGTCAGGAGTTCGAGACCAGCCTGACCAAAATGGTGAACCCCGTCTCTACCAAAAATTCAAAAATTAACCAGGCGTGGTGACGGGTGCCTGTAATCCCAACTACTCAGGAGGCTGAGGCAGGAGAATCGCTGGAACCTGGGAGGCGGAGGTTGCAGTGAGCTGAGGTCATGCCACTATACTCCAGCCTGGGTGACAGAGTGAGACTCTGTCTCAAAAAAAAAAAAAAAAAAAGAAAGAA"
"KN294195v1","190164","190474","chrX","114986563","114986873","37","114796399","GGCTGGGCACGGTGGCTCACGCCTGTAATCCCAGCACTTTGGGAGGCCAAGGCGGGTGGATCACAAGGTCAGAAGTTCAAGACCAGCCTGGCCAATACGGCAAAACCCCATCTCTACTAAAATTACAAAGATTAGCCAGGTGTGGTAGTGGGCGCCTGTAATCCCAGCTACTCAGGAGGCTGAGGCAGGAGAATCACTTGAACCCAGGAGGCGGAGGTTGCAGCTAGCTGAAATTGTGCCACTGCACTCCAGCCTGGGCAACAGAGTGAGATTCTGTCTCAAAAAACAAAACAAAACAAAACAAAACAAAA","GGCCGGGCGTGGTGGCTCACACCTGTAATCCCAGCACTTTGGGAAGTTGAGGCGGGTGGATCACAAGGTCAGGAGTTCAAGACCAGCCTGGCCAAGATAGTAAAACCCCGTCTCTACTAAAAATACAAAAATTAGCCTGGTGTGGTGGCAGGCACCTGTAATCCCAGCTACTCAGGAGGCTGAGGCAGGAGAATCGCTTGAACCCAGGGAGCAGAGGTTGCAGTGAGCCAAGATCATACCACTGCACTCCAGCCTGGGCAACAGAGTGAGACTCTGTCTACAAAAAAAAAAACAAACAAAACAAAACAAAA"
"KN294198v1","1831","1926","chr24","81418244","81418339","14","81416413","GTAGAGGTTGCAGTGAGCCGGGATTGCGCCACTGCACTCCTGCCTGGGTGACTGAGACTCCATCTCAAAAAAAAAAAAAAAAAAAAAAAAAAAAAA","GAGGTTGCAGTGAGCTGAGATTGCGCCACTGCACTCCAGCCTGGGTGACAGAGCAAGATTCCATATCAAAAAAAAAAAAAAAAAAAAAAAAAAAAA"
"KN294198v1","5027","5340","chr5","8802079","8802388","45","8797052","GCCGGGCGCAGTGGCTCATGCCTGTAATCCCAGCACTTTGGGAGGCCGAGGCAGATGGATCACGAGGTCAGGAGTTCAAGATTAACCTGGCGAAGATGGTGATACCCCCATCTACTAATACAAAAAAATTAGCCAGGCATGGTGGCAGGTGCCTGTAATTCCAGCTACTCAGGAGGGTGAGGAAGGAGAATCCCTTGATCCCAGGTGGCAGAGGTTGCAGTGAGCCAAGATCCAAGATCACACCACTGTACTCCAGCCTGGGTGACAGGCTAAGACTCCGTCTCAAAAAAAAAAAAAAAAAAAAAAAAAAAAAA","GGCCGGGCGCGGTGGCTCATGCCTGTAATCCCAGCTCTTTGGGAGGCCGAGGCCAGTGGATCATGAGGTCAAGAGTTCAAGACCAGCCTGGCCAAGATGGTGAAACCCCATCTCTACTAAAAATACAAAAATTAGCCAGGCACGGTGGCAGGTGCCTGTAATCCCAGCTACTCAGGAGGCTGAGGTAGGAGACTCACTTGAACCCTGAGGGCAGAGGTTGCAGTGAACCAAGATCACACCACTGCACTACAGCCTGGGTGACACAGCAAGACTCCATCTCAAAAAAAAGAAAAAAAAAGAAAAAAAGAAA"
"KN294199v1","106594","106691","chr11","104438424","104438519","9","104331830","GAACCCAGGAGGCGGAGGTTGCAGTGAGCCAAGATTATGCCATTGCACTCCAGCCTGGGCGACAGAGCAAGACTCCGTCTCAAAAAAAAAAAAAAAAA","GAACCCGGGAGGTGGAGGTTGCAGTGAGCCAAGACTGTGCCATTGCACTCTAGCCTGGGCGAAAGAGCAAGACTCCGTCTTAAAAAAAAAAAAAAA"
"KN294199v1","148400","148502","chr11","104399730","104399832","5","104251330","CCTGGGAGGTGGAGGCTGCAGTGAGCCGAGATTGTGCCATTGCACTCTAGCCTGGGCGACAGAGCAAGACTCCGTGTCAAAAAAACAAAAACAAAAACAAAAA","CCTGGGAAGTGGAGGCTGCAGTGAGCTGAGACTGTGCCATTGCACTCTAGCCTGGGCGACAGAGCAAGACTCCATCTCAAAAAAACAAAAACAAAAACAAAAA"
"KN294199v1","197206","197291","chr9","82561941","82562022","17","82364735","CCTGGCAGGCGGAGGTTGAAGTGAGCCAAGATGCCACCACTGCACTCCAGCCTGGACAACAGAGTGAGACCCTATTTCAAAAAAAA","CTGGGAGGCAGAGGTTGCGGTGAGCCGAGATCGCTCCACTACACTCCAGCCTGGGCAACAGAGTGAGACTCCATCTCAAAAA"
"KN294199v1","234754","234921","chr3","37397752","37397911","29","37162998","ATAAAAAATATTAGCTGGGTGTGGTGGCAGGCAACTGTAATCCTAGCTACTTGGGAGGCTGAGGCAGGAGAATTGCTTAAACCCAGGAGGCGGAGGTTACAGTGAGCTGAGATTGTGCCACTGCACTCCAGCCTGGGCGACAGAGTGAGACTCCATCTCAAAAAACAA","TACAAAAATTAGCCAGGCGTGGCGGGCGCCTGTAGTCCCAGCTACTTGGGAGGCTGAGGCAGGAAAATTGCTTGAACCTGGGAGGCAGAGGTTGCAGTGAGCCGAGATTGCGCCACTGTACTCCAACCTGGGCGAGGGAGAGACTCCATCTCAAAAAAAA"
"KN294199v1","239004","239305","chr11","104307495","104307797","20","104068491","GGCCGGGCGCGGTGGCTCATGCCTGTAATCCCAGCACTTTGGGAGACCAAGGCGGGTGGATCACGAGGTCAGGAGTTCGAGACCAGCCTGGCCAAGATGGTGAAACTCTGTTTCTACTAAAAATAAAAAAATTAGCTAGATGCGGTGGCCGGTGCCTGTAATCCCAGCTACTCAGGAGGCTGAGGCAGGAGAATCACTGGATTCTGGGAGGCAGAGGTTGCAGTGAGCTGAGATCCTGCTACTGCACCACTCTAGCCTGGGCGACAGAGCAAGACTCTGTCTCAAAAAAAAAAAAAAAAGAA","GACCAGGCGTGGTGGCTCATGCCTGTAATCCCAGCACTTTGGGAGACTGAGGCGGGTGGATCACGAGGTCAGGAGTTCGAGACCAGCTTGGCCAAGATGGTAAAACTCTGTTTCTACTAAAAATAAAAAAATTAGCTAGATGCGGTGGCGGGTGCCTGTAATCCCAGCTACTCAGGAGGCTGAGGCAGGAGAATCACTGGATTCCGGGAGGCAGAGGTTGCAGTGAGCCGAGATCCTGCTACTGCACTCTAGTTTGGGTGACAGAGCAAGACTCTGTCTCAAAAAAAAAAAAAAAAAAAAGAA"
"KN294199v1","263745","264042","chr17","40162788","40163087","47","39899043","GCCAGGCGCTATGGCTCACGTCTGTAATCCCAGCACTTCGGGAGGCTAAGGCGAGTGGCTCACAAGGTCAGGAGTTCAAGACCAGCATGGCCAACATGGTGAAACCCCGTCTCTACTAAAATTACAAAACTTAGCCAGGCATGGTGGCAGGCGCCTGTAATCCCAGCTACTCCAAAGGCAGACACAGGAGAATGGCTTGAACCTAGGAGGCCAAGGTTGTATTGAGCCAAGATCACTCCACTACCCTTTAGTCCAGGCGACAGAGCGAGACTCAGTCTCAAAAAAAAAAAAAAAAAAA","GCCAGGTGCGGTGGCTCACGCCTGTAATCCCAACACTTTGGGAGGCTGAGGCGGATGGATCACAAGGTCAGGAGTTCGAGACCAGCCTGGCCAACATGGTGAAACCCCGTCTCTACTAAAAATACAAAAATTAGCCGGGCATGGTGGTAGGTGCCTGTAATCTCAGCTACTCAGGAGGCTGAGGCAGGAGAATGGCTTGAACCCGGGAGATGGAGGTTGTAGTGAGCCAAGATCGCACCACTGCACTCCAGCCTGGGTGACAGAGTGAGACTCCATCTCAAAAAAAAAATAAATAAATAA"
"KN294199v1","320486","320613","chr11","104223850","104223979","8","103903364","CTGTTCGGGAGGCTGAGGTGGGAGAATGGCTTGAGCCTGAAAGGTGGAGGTGGCAATGAGCTGAGATCGTACCACCGCACTCCAGCCTGGATGATAGAGCCAGACCTTGTCTCAAAAAAAAAAAAAAA","CCATTCGGGAGGCTGAGGTGGGAGGATGGCTTGAGCCTGAAAGGTGGAGGTGGCAATGAGCTGAGATCGCACCACTGCACTCCAGCCTGGATGATAGAGCCAGACTTTGTCTCAAAAAAAAAAAAAAAAA"
"KN294199v1","459068","459375","chr11","104086312","104086618","22","103627244","CCAGGCTCAGTGGCTCACGCCTGCAATCCTAGTACTTTGGAAGGCCGAGGCAGGTGGATCACGAGGTCAGGAGTTCAAGACCAGTCTGGCCAAGATGGTGAAACGCCATCTCTACTAAAAACTACAAAAATTAGCCGAGCGCAGTGGCGGGCGCCTGTAATCCCAGCTACTCGGGAGGCTGAGGCAGGAGAATCTCTTGAAGAACCCCAGGCAGCAGAGGTTGCAGTGAGTTGAGTTCGCACCACTGCATTCCAGTCTGGACAACACAGCGAGACTCTCTCCAAAAAAAAAAAAAAAGAAGAAGAGAA","CCAGGCTCAGGGGCTCACGCCTGTAATCCCAGTACTTTGGGAGGCCGAGACAGGTGGATCACGAGGTCAGGAGTTCAAGACCAGTCTGGCCAAGATGGTGAAATCCCGTCTCTACTAAAATCTACAAAAATTAGCCGGGCGCAGTGGCAGGCACCTGTAATCCCAGCTACCCGGGAGGCTGAGGCAGGAGAATCTCTTGAAGAACCCCGGGCAGCAGAGGTTGCAGTGAGTCGAGTTCGCACTACTGCATTCCAGTCTGGACAACACAGACAGACTCTCTCCAAAAAAAAAAAAAAAAAAAAAAAAA"
"KN294199v1","481420","481607","chr23","46446460","46446648","35","45965040","ATGTTGAAACCCCATCTCTCCTAAAAATACAAAAAATTAGCCAGACGTAGTGGCGGGCACCTGTAATCTCAGCTACTCAGGAGGCTGAGGCAGGAGAATCAATTGAACCCAGGAAGCAGAGGTTGCAGCGAGCCGAGATCGTGCCACTGCACTCCAGCCTGGGTGACACAGCGAGACTCAGTCTGAAA","CCAAGGTGATGAAACCCTGTCTCTACTAAAAATACAAAAATTAGCCGGGTGTGGTGGTGGGTGCCTGTAGTCCCAGCTACTTGGGAGGCTGAGGCAGGAGAATCACTTGAACCCAGGGGGCGGAGGTTGCAGTGAGCCGAGATCTCACCACTGCACTCCAGCCTGGGTGACAGAGCGAGACTCTGTCTC"
"KN294199v1","566259","566537","chr3","23383151","23383427","34","22816892","GGCTGAGCTAGGTGGCTCACACCTGTAATCCCAGCACTTTGGGAGGCCGAGGCGGGTGGATCACGAGGTCATGAGTTCAAGACCAACCTGGCCAACATGATGAAACTCCACCTCTATTAAAAATTCAAAAATTAGCCGGGTGTGGTGGCAGGCACCTGTAATCCCAGCTACTCAGGAGGCTGAGGCAGGAGAATTGCTTGAACCCGGGAGGCAGAGGTTGCAGTGAGCTGAGATTGTTCCACTGCACTCCAGCCTGGGTGACAGAGCGAGACACTGTCT","GGCTGGCTGTGGTGTCTCATGCCTGTAATCCCAGCACTTTGGGAGGCCGAGGCAGGTGGATCACAAGGTTAGGAGTTTGAGACCAGCCTGGCCAACATGATGAAACCCCGTCTCTACTAAAAATACAAAAATAAGCCAGGTGCGGTGGCAGGCACCTGTAATCCCAGCTACTCAGGAGGCTAAGGCAGGAGAATTGCTTGAACCCAGGAGGCAGAGGTTGCAGTGAGCTGAGATCTCACCACTACATTCCAACCTGGGTGACAGCAAGACTCTGTCT"
"KN294199v1","581969","582276","chr6","8296516","8296820","41","7714547","GGCCAGGCACGGTGGCTCACACCTGTAATCCTAGCACTTTGGGAGCCCGAGGCAGGTGGATCACGAGGTCAGGAGATCAAGACCATCCTGGCCAATATGGTGAAACCCGTCTCTACCAAAAATACAAAAATTAGCTGGGCATGGTGGCAGGCGCCTGTAATCCCAGCTACTCGGGAGGAGGCTGAGGCAGGAGAATTGCTTGAACCTGGCAGGCAGAGGTTGCAGTGAGCCGAGATCACGCCTTTGCACTCCAGCCTGGGCAACAGAGCGAGACTCCGCTGAAAGAAAGAAGGGAGGAAAGGAAAGAA","GGCCAGGCACAGTGGCTCACACCTGTAATCCCAGCACTTTGGGAGGCCGAGGCAAGTGGATCACAAGGTCAGGAGTTCGGGACCAGCCTGGTCAACATGGTGAAACCCCGTCTCTACTAAAAATACAAAAATTTGCTGGGCATGGTGGCAGGCACTGTAATCCCAGTTACTCGGGAGGCTGAGGCAGGAGAATTGCTTGAACCCGGGAGACGGAGGTTGCAGTGAGCTGAGATCATTCCACTGCCCTCCAGCCTGGGCGACAGAGCGAGACTCCATCTCAAAAAAAAAGAAAAGAAAAGAAAAAA"
"KN294199v1","606071","606350","chr16","70363818","70364109","47","69757747","GGCCGGGCGCGGTGGCTGATGCCTGTAATCCCAGCACTTTGGGAGGCTGAGGTCACAAGGTCAGGAGTTTGAGACCAGTCTGGCCAATATGGTGAAACCTCGGAAAATACAAAAATTAGCCGGGCGTGGTGGCAGGCACCTGTAGTCCCAGCTACTCGGCAGGCTGAGGAAGGAGAATGGCCTGAACCTGGGAGGCGGAGCTTACAGTGAGCCGAGATTGCACCGCTGCACTCCAGCCTGGGCGACAGAGCAAGACTGTCTCAAACAAACAAACAAAAAA","GGCCAGGGGTGGTGGCTCATGCCTGTAATCCCAGCACTTTGGGAGGCTGAGGCTGGTGGATCACAAGGTCAGGAGTTCGAGACCAGCCTGGCCAATATGGTGAAACCCCGTCTCTACTAAAAAATACAAAAATTAGCCCGGTGTGCTGGCGGGCTCCTGTAGTCCCAGCTACTCGGGAGGCTGAGGCAGGAGAATCGCTTGAACCCAGGAGGCGGAGGTTGCAGTGAGCCGAGATTGCCCCCCTGCACTCCAGCCTGGGCGACAGCGCGAGACTGTCTCAAACAAAAAACAA"
"KN294199v1","683497","683622","chr11","103861501","103861627","5","103178004","TACTTGGGAGGCTGAGGCAGGAGAATTGCTTCAACCTGGGAGATGGAGGTTGCAGTGAGCTGAGATTGCGCCACTGCACTCCAGCTCGTTCAACAGTGTGAGACTCCGTCTCAAAAAAAGAAAAAA","TACTTGGGAGGCTGAGGCAGGAGAATTGCTTCAACCTGGGAGACGGAGGTTGCAGTGAGCCGAGATCGCGCCACTGCACTCCAGCTCGTTCAACAGTGTGAGACTCCGTCTCAAAAAAAAAGAAAAA"
"KN294199v1","693032","693205","chr24","11295357","11295530","29","10602325","GCCGGGTGTGGTGGTGGGTGCCTGTAATCCCAGCTACTTGGAAGGCTAAGGCAGGAGAATTGCTTGAACCAGGGAGGCAGAGGTTGCAGTGAGCTGAGATCACAACACTGCACTTCTGCCTGGGCAACAACAGAGCAAGACTCTGTCTCAAAAAAAAAAAAAAAAAAAAAAAAA","GCCTAGTGCGGTGGTGGGTGCCTGAAATCCCAACTACTCGGGAGGCTGAGTCAGGAGAATCGCTTGAACCTGGGAGGCGGAGGTTGCAGTGAGCCGAGATCACACCACTGCTCTCCAGCCTTGGTGACAGAGCAAGATTCCATCTCAAAAAAAAAAAAAAAAAAAAAAGAAAAA"
"KN294199v1","693484","693520","chr5","74176221","74176260","14","73482737","GCCGGGTGTGGTGGTGGGTGCCTATAATCCCAGCTAC","GGCCGGGTACGGTGGCCCACGCCTGTAATCCCAACAAGAA"
"KN294199v1","694057","694253","chr19","7192289","7192466","38","6498232","TCTCTAGTAAAAATACAAAAATTAGCTGTGTGTGGTGGTGGGTGCCTGTAATCCCAGCTACCCAGGAGGCTGAGGCAGGAGAATCACTTGAACCTGGAAGGTGGAGGTTGCAGTGAGCCGAGATGGTGCCACTGAACTCCAGCCTGGGCAACAGAGTGAAACTCTGTCTCAAACAAACAAAAACAAACAAACCAAAA","TACAAAAATTAGCTGGGTGCAGTGGCAGGCGCCTGTAATCCCAGCTACTCAGGAGGTTGAGGCAGGAGAATCTCTTGAACCTGGGCAGCAGAGGTTGCAGTGAGCCGAGATCGTGCCACTGCACTCCAGCCTGGGCAACAGAGTGAGACTCCATCTCAAAAAAAAAAAAAAAAAAAAA"
"KN294199v1","795345","795479","chr11","103748059","103748193","4","102952714","TAATCCCAGCTACTCAGGAGGCTGAGGCAGGAGAATCACTTGAACCCGGGAGGCAGAGGTTGCAGTGAACTGAGATCACACCACTGCACTCCAGCCTGGGTGACAGTGCAAGACTCCATCTCAAAAAAAAAAAAA","TAATCCCAGCTACTCGGGAGGCTGAGGCAGGAGAATCACTTAAACCCGGGAGGCAGAGCTTGCAGTGAACTGAGATCACACCACTGCACTCCAGCCTGGGTGACAGAGCAAGACTCCATCTCAAAAAAAAAAAAA"
"KN294199v1","1176293","1176484","chr16","72182974","72183157","34","71006681","AAATACAAAAAAATTAGCGGGGCGTGGTGGCGGATACCTGTAATCCCAGCTACTCAGGAGGTTGAGGCAGGAGAATCTCTTGAACCTGGGAAGGAGAGGTGGCAGCGAGCCGAGGTCACGCCATTGCACTCCAGCCTGGGTGACAGAGAAAGATTCCATCTCAAAAAAAAAAAAAAAAAAAATTAAAGAAAA","CAAAAAAAAGCCAGGCACGGTGGCTGATATCTATAATCCCAGCTATTCAGGAGGCTGAGGCAGGAGAATCTCTTGAACCCGGGAGGTGGAGGTTGCAGTGAGCTGAGATCATGCCACTGCACTCCAGCCTGGGTGACAGAGTAAGACTTGGTCTCAAAAAAAAAAAAAAAAAAAGAAAAGAAAA"
"KN294199v1","1472640","1472925","chr11","103068202","103068475","26","101595562","TAATCCCAGCACTTTGGGAGGCCAAGGTGGGTGGATCACAAGGTCAGGAGTTCAAGACCAGCCTGGCCAACATGGTGAAACCCCATCTCTAGTAAAAATACAAAAATTAGCCCGGCGTGGTGGCGGGTGCCTGTAGTCCCAGCTACTCAGGAGGCTGAGGGAGGAGAATCGCTTGAACCTGGGAGGTGGAGGTTTCAGTGAGCCGAGATCGCACCATTGCACTCCAGCCTGGGTGACAGAGTGAGACTCCGTCTCAAAAAAAAAAAAAAAAAAAAAAAAAAAAAAA","TAATCCCAGCACTTTGGGAGGCCAAGGCGGGTGGATCACAAGGTCAGGAGTTGAAGACCAGCCTGGCCAACAGGGTGAAACCCCGTCTCTACTAAAAATACAAAAATTAGCCAGGTGTGGTGGCAGGTGCCTGTAGTCCCAGCTACTTAGGAGGCTGAGGGAGGAGAATCGCTTGAACCTGGGAGGTGGAGGTTTCCGTGAGCCGAGATCGTGCCATTGCACTCCAGCCTGGGTGACAGAGTGAGACTCCGTCTCAAAAAAAAAAAATAAAGAA"
"KN294199v1","1509614","1509749","chr11","115793605","115793740","2","114283991","CCCAGCTACATGGGGGAGGCTGAAGCAGGAGAATCCCTTGAACCTAGGAGGCGGAGTTTGCAGTGAGCTGAGATCGTGCCACTGCACTCCAGCCTGGGCGACACAGCGAGACTCTAGTCTCAAAACAACAACAAAA","CCCAGCTACATGGGGGAGGCTGAAGCAGGAGAATCCCTTGAACCTAGGAGGCGGAGTTTGCAGTGAGCTGAGATCGTGCCACTGCACTCCAGCCTGGGTGACAGAGCGAGACTCTAGTCTCAAAACAACAACAAAA"
"KN294205v1","200385","200674","chr3","18177694","18177984","27","17977309","GCCAGGCATGGTGGCTCTCACCTGTAATCCCAGCACTTTGGGAGGCTGAGGCAGGTGGATCATGAGGTCAGGAGTTCAAGACCAGCCTGGCCAAAATGGTGAAACCCCATCTCTACTAAAAATACAAAAAATTAGCTGGGCATAGTGGCAGGCACCTGTAATCCCAGTTACTCGGGAGGCTGAGGCAGGAGAATCGCTTGAACTCAGAGGGCAGAGGTTGCAGTGAACCGAGATCACACACTGTACTCCAGCGTGGGCAACAGAGACTCTATCTCGAAAAAAAAAAAAAA","GCCAGGCATGGTGGCTCTCACCTGTAATCCCAGCACTTTGGGAGGTCGAGTCAGGTGGATCATGAGGTCAGGAGTTCAAGACCAGCCTGGCCAAAGTGGTGAAACCCCGTCTCTACTAAAAATACAAAATATTAGCTGGGCATGGTGGCAGGCACCTGTAATCCCAGTTACTTGGGAGTCTGAGGCAGGAGAATCACTTGGAGGGCAGAGGTTGCAGTGAACCGAGATCGCACCACTGTACTCCAGCCTGGGCAACAGAGACTCTGTCTCAAAAAAAAAAAAAAAAAAAAA"
"KN294205v1","269321","269630","chr3","18113972","18114276","11","17844651","GGCCAGGCACAGTGGCTCACACCTGTAATCCCAGCACTTTGGGAGGCCGAGGTGGGTGGATCACGAGGTCAGGAATTTGAGATCAGCTTGGCCAACATGGTGAAACCCCGTCTCTACTAAAAATACAAAAATTAGCCAGGCGCGTTAGCAGGTGCCCATATTCCTACCTACTCAGGAGGCTGAGGCAGGAGAGTTGCTTGAACCTAGGACGCAGAGGTTGCAGTTAGCCAAGATCGTACCACTCTACTCCAGCCTGGGTGACACAGCAAGACTCCATCTCAAAAAAAAAAGAAAGAAAAAAAAAAAAGAA","GGCCAGGCACAGTGGCTCACACCTGTAATCCCAGCACTTTGGGAGGCCGAGGTGGGTGGATCACGAGGTCAGGAATTTGAGATCAGCTTGGCCAACATGGTGAAACCCCGTCTCTACTAAAAATACAAAAATTAGCCAGGCGCGTTGGCAGGCGCCCATATTCCTACCTACTCAGGAGGCTGAGGCAGGAGAGTTGCTTGAACCCAGGACGCAGAGGTTGCAGTTAGCCAAGATCGCACCTCTCTACTCCAGCCTGGGTGACACAGCAAGACTCCGTCTCAAAAAAAAAGAAAAAAAAAAAAGAA"
"KN294205v1","273968","274261","chr3","18109645","18109948","25","17835677","GGCTGGGTGCAGTGGCTCACGCCTGTAATCCCAGAACTTTGGGAGGCCGAGGTGGGTGGATCACGAGGTCAGGAGTTCGAGACCAGCCTGGCCAATATGGTGACCTCCATCTCTACTAAAAATACAAAAATTAGCTGGGTGCAGTGGTGGGCGCCTGTAATCCCAGTTACTTGGGAGGCTGAGGCAGGAGAATTGCTTGAACCTGGGAGGCAGAGATGGCACTGAGTCAAGATCACTGCACTCTAGCCTGGGCAACAGAGCAAGACTCCATCTCAAAAAAAAAGAGAGAAAAAA","GGCAGGGTGAGGTAGCTCACGCCTGTAATCCCAGAACTTTGGGAGGCCGAGGTGGGTGGATCACGAGGTCAGGAGTTCGAAACCAGCCTGGCCAATATGGGGAAACTCCATCTCTACTAAAAATACAAAAATTAGCTGGGTGCGGTGGTGGGTGCCTGTAATCCCAGTTACTTGGGAGGCCCAGGCAGGAGAATCGCTTGAACCTGGGAGGCAGAGATGGCACTGAGCCAAGATCACTGCACTCTAGCCTGGGCAACAGAGCAAGACTCCATCTCAAAAAAAAAAAAAAAAAAAAGAAAAAAAA"
"KN294205v1","347394","347479","chr5","8661889","8661970","15","8314495","GGGAGGCAGAGGTTGCAGTGAACCAAGATTGCACCACTGCACACCAGCCTGGATGGTAGAGCAAGACTCCTTCTTTAAAAGAAGAA","GAGGCAGAGGTTGCAGTGAGCCAAGACTGTACCACAGCACTCCAGGCTGGGTGACAGAGCAAGACTCCATCTCAAAAGAAAA"
"KN294205v1","373131","373309","chr20","96338788","96338956","35","95965657","AATACAAAAAAATTAGCCAGGCATTGTGGCGGGCACCTGTAATCCCAGCTACTCGGGAGACTGAAGTAGGAGAATTGCTTGAACCCAGGAAACAGAGGTTGCAGTGAGCCGACACAGTGCCACTGCACTACAGCCTGGGCGATAGAGCTAGACTCTGTCTCAATAAATAAATAAATAAA","TACAAAAATTATCAGGGCACGGTGGCGGGCGCCTGTAATCCCAGTTACTCAGGAGGCTGAGTCAGGAGAATCACTTGAACCCGGGAGGCAGAGGTTGCAGTGAGCCGAGATCGTGCCACTGCACTCCAGCCTGGGTGACAGAGCAAGACTCAGTCTAAAAAAAAAAGAA"
"KN294205v1","1035299","1035440","chr3","23052634","23052774","18","22017335","GCCTGTAATCCCAGCTACTCCGGAGGCTGAGGCAAGAGAACTGCTTGAACCCCGTAGGCAGAGGTTGCAGTGAGCTGAGATCGTGCCACTGCACTCCAGCCTGGGAGACAGTGAGACTCCGTCTCAAAAAAAGAAAAAGAAA","GCCTGTAATCCCAGCTACTTGGGAGGCTGAGGCAGGAGAATCGCTTGAACCCAGGAGGTGGAGGTTGCAGTGAGCAGAGATCGTGCCACTGCACTCCAGCCTGGGTGACAGAGCGAGACTCTGTCTCAAAAAAAAAAAAAA"
"KN294205v1","1102717","1102799","chr1","117658552","117658633","11","116555835","GGTTGCAGTGAGCCAATATTGCACCATTGCACTCCAGCCTGGGTGACAGAGCCAGACTCTGTATTAAAAAAAAAAAAAAAAAA","AGGTTGCAGTGAGCCAAGATTGCCCCACTGCACTCCAGCCTGGGTGACAGAGTGAGACTTGGACCAAAAAAAAAAAAAAAAA"
"KN294205v1","1410626","1410771","chr4","20858912","20859062","26","19448286","CCTGTAATTCCAGCTACTTGGGAGGCCAAGGCAGAAGAATTGCTTTCTGGGAGGCGGAGGTTGCAGTAAGCCGAGATCATGACACTGCACTCTAATCTGGGTGACAGAGCAAGACTCATCTCAAAAAAAAAAAAAAAAAAAAAAAA","CACCTGTAATCCCAGCTACTTGGGAGGCTGAGGCAGGAGAATCACTTGAACCCAGGAGGCAGAGGTTGCAGTGAGCCGAGATCATACCACTGCACTCCAGCCTGGGTGACAGAGTGAGACTCCATCTCAAAAAAAAAAAAAAAAAAAAGAA"
"KN294205v1","1458081","1458197","chr3","16953768","16953907","28","15495687","GGGAGGCTGAGACAGGAGAATTGCTTGAACTGGGACCTGGAGGGCAGAGGTTGCAGTGAGCCGAGATCACCCCACTGTATTATGGGCTGTGCTACACAGCAAGATTCTGTCAAAAAA","GGGAGGCTGAGGCAGGAGAATTGCTTGAACTGGGACCTGAAGGGCAGAGGGTGCAGTGAGCCGAGATCACCCCACTGTATTACGGGCTGGGCTACACAGCAAGATTCTGTCAAAAAAGAAGAAAGGAAGAAAGGAAAAAA"
"KN294207v1","786316","786602","chr17","29235311","29235611","45","28448995","GGCTGGGCGCGGTGGCTCATGCCTCTGATTCCAGCACTTTGGGAGGCCAAGGCAGGTGGATCACAAGGTCAGGAGTTCAAGACCAGCCTGGTCAAGATGGTGAAACCCCATCTCTACTAAAAATACAAAAAATTAGCCAGGCGTGATAGCGGGTGCCTGTAATCCCAGCAGAGCTTGAACCTGGGAGGCAGAGGTTGCAGTGAGCTGAGATCACGCCACTGCACTCCAGCCTGGGCGACAGAGTAAGACTCTGTCTCAAAAAAAAAAAAAAAAAAAAAAAAAGGAAA","GACTGGGCACGGTGGCTCACGCCTGCAATCCTAGCACTTTGGGAGACTGAGGCAGGTGGATCACAAGGTCAGGAGTTCAAGACCAGCCTGGCCAAGATGGTGAAACCCCATCTCTACTAAAAATACAAAAATTAGCCAGGCGTGGTGGTAGGCACCTGTAATCCCAGCTACCCAGGGGAATCACTTGAACCTCAGCAGGCAGAGGTTGCAGTGAGCTGAGATCCTGCCACTGCACTCCAGCCTGGGCGACAGAGCAAGACTCAGTCTCAAAAAATAAAAATAAAAAATAAATACAAAAAAA"
"KN294207v1","133924","134231","chr6","27788548","27788847","48","27654624","CCTGGCGTGGTGGCTCACACCTATAATCCTAGCACTTTGGGAGGCTGAGATGGGTGAATCATGAGATCAGGAGTTCCAGACCAGCCTGGCCAACACGGTGAAACCCCATCTCTACTAAAAATACAAAAAATTTAGCTGGCATAGCGGCGGGCGCCTGTAATCTTAGCTACTTGAGAGGCTGAGGCAGGAGAATTGCTTAAACCTGGAAGATGGAGGTTGCAGTGAGCTGAGATCATGCCAATGCATTCCAGCCTGGGTGACAGAGTGAGACTTTGTCTCTAAATACATAAATAAATAAATAAACAAAA","GGCTGGGCGCGGTGGCTCACGCCTGTAATCCCAGCACTTTGGGAGGCTGAGGCGGGTGGATCACGAGGTCAGGAGTTTGAGACCAGCCTATCCAACATAGTGAAACCCTGTCTCTACTAAAATACAAAAATTAGCCAGGCATGGTGGTGGGCGCCTGTAATCCCAGCTACTTGGGAGGCTGAGGCAAGAGAATTGCTTGAACCTGGGAGGTGGAGGTTGCAGTGAGCTGAGATTGTGCCACTGCACTCCAGCCTGGGTGACAGAGTGAGACTCTGTCTCAAAAAAATAAATAAATAAAAA"
"KN294207v1","398070","398366","chr23","81672950","81673245","33","81274880","GGCCGGGCATAGTGGCTCATGCCTGTAATCCCAGCACTTTTGGAAGCTGAGGTGGGTGGATCATGAGGTTAGGAGTTTGAGACCAGCCTGACCAACGTGGTGAAACCTTATCTCTAATAAAAATAGAAAAATTAGCCAGGTGTGGTGGCAGGCACCTGTAATCCCAGCTACTCGGGAGGCTGAGGCAGGAGAATAGCTTGAACCCGGGAGGCGGAGGTTGCAATGAGCCACGATCATGCCATTGCACTCCAGCCTGGGTGACAGAGCAAGACCCTGTCTTGGAAAAAAAAAAAAAAA","GGTCGGGTGTGGTGGCTCATGCCTGTAGTCCCACCACTTTGGGAGGCTGAGGCAGGTGGATCACGAGGTCAGGAGTTCGAGACCAGCCTGGCCAATATGGTGAAACCCCATCTCTACTAACAATACAAAAATTAGCCAGGTGTGGTGGCGGGCACCTGTAGTCCCAGCTACTCGGGAGGCTGAGGCAGGAGAATTGCTTGAACCCAGGAGGCAGAGGTTGCAGTGAGCCAAGATCATGCCACTGCACTCCAGCCTGGGTGACAGAGCAAGACTCTGTCTCCAAAAAAAAAAAAAAA"
"KN294207v1","409839","409954","chr8","65662352","65662462","23","65252513","TTGAACTCGGCAGGAGGAGTTTGCAATGAGCTGAGATCATGCCACTACACTCCAGCCTGGGTGAAAGAGCAAGCAAGATCCTGTCTCAAAACAAAAAACAAAACAAAACAAAAAAA","TTGAATCTGGGAGGCAGAGACTGCAGTGAGCTGAGATTGTGCTACTGCACTCCAGCCTGGGTGACAGAGCAAGACTCAATCTCAAAACAAAAAAAAAAAAAAACAAACAAA"
"KN294207v1","501650","501957","chr22","27205167","27205465","24","26703517","GGCCAGGTGCAGTGGCTCACGCCTGTAATCCCAGCACTTTGGGAGGCCAAGGCAGGCAGATCATGAGGTCAGGAGTTTGAGACCAGCATGTCCAAAGATGGTTAAACCCCCTCTGTGCTAAAAATACAAAAATTAGCTGGGTGTGGTGCCAGGTGCCTATAATCCCAGCTACTCAGAGGCTGAGGCAGGAGAATTGCTTGAACCTGGGAGGCGGAGGTTGCAGTGAACCGAGATCGTACCATTGCACTCCAGCCTAGGCAAAAGAGCAAGATTCCATCTCAAAAAAAAAAAAAAAAAAAAAAAAAAAA","GGCCGGGTGCAGTGGCTCACGCCTGTAATCCCAGCACTTTGGGAGGCCGAGGCAGGCAGATCACTAGGTCAGGAGTTTGAGACCAGCATGTCCAAAGATGGTTAAACCCCCTCTGTGCTAAAAATACAAAAATTAGCTGGGTGTGGTGCTGGGCACCTATAATCCCAGCTACGCAGAGGCTGAGGCAGGAGAATCGCTTGAACCTGGGAGGCGGAGGTTGCAATGAACCAAGATCGTACCACTGCACTCCAGCCTAGGCGAAAGAGCAAGACTCCATCTCAAAAAAAAAAAAAAAAAAA"
"KN294207v1","616680","616781","chr22","27092648","27092749","7","26475968","GCAGAGGTTGCAGTGAGCGGAGATCACATCCCTGCACTCTGGACTGGGCAACAGAGTGAGACTCCATCCCGAAAAAAACAAAAAACAAGCAAACAAACAAAA","GTGGAGGTTGCAGTGAGCGGAGATCACGTCACTGCACTCTGGACTGGGCAACAGAGTAAGACTCCATCCCGAAAAAACAAAAAACAAGCAAACAAACAAAAA"
"KN294207v1","763634","763748","chr22","26948326","26948441","5","26184692","GAATCGCTTGAACCGGGGAGGCAGGGGTTGCAGTGAACTGAGATCACACTACTGCACTCCAGCCTAAGCGACAGAGTGAAACTCAGTTTCAAGAAACAAAAAGAAAAAAGAAAGA","GAATCGCTTGAACCCGGGAGGCAGGGGGTTGCAGTGAACTGAGATCACACTACTGCACTCCAGCCTAAGCGACAGAGTGAAACTCAGTTGCAAGAAACAAAAATAAACAAGAAAGA"
"KN294207v1","817457","817555","chrX","20534133","20534232","30","19716676","GTCTCTACAAAAATACAAAAATTAGCCAGGCATGATGGTGAGTGCCTATAATCCCAGCTACTTGGGAGGCTGAGGCAGGAGAATTGCTTGAACCTGGGA","ATTAAAATTAAAATATTAGCCAGGTGGGATGGCAGGCGCCTGTAATCCCAGCTACTTGGGAGGCTGAAGCAGGAGAATCATTTGAATCGGGGAGGCGGAG"
"KN294207v1","923966","924273","chr6","21066333","21066631","44","20142367","GGCCGGGCACGGTGTCTCATGCCTGTAATCCTAGCACTTTGGGAGGTTGGTGGGGGGAGGGGGTGGATCACAAGGTCAGGAGTTCGAGACCAGTGAAGATGGTGAAACCCCATCTCTACTAAAAATACAAAAATTAGCTGGCAGTGGTGGCAGGTGCCTGTAATCCCAGCTACTCGGGAGGCTGAGGCAGGAGAATTGCTTGAACCTGGGAGGCGGAGGCTGCAGTGAACTGAGATCACACCACTGCACTCTAGTCTGGGCAACAGAGCAAGATTCCGTCTCAAGAAGAAAAAGTAAATAAAAAAGAA","GGCCGGGCACGGTGGCTCACGCCTGTAATCCCAGCACTTTGGGAGGCTGAGGCGGGTGGATCACGAGGTCAGGAGTTCAAGACCAGCAAGATGGTGAAACCCCATCTCTACTAAAAATACAAAAATTAGCTGGGTGTGGTGGCGGGCACCTGCAATCCCAGCTACTCGGGAGGCTGAGGCAGGAGAATCGTTTGAACCTGGGAGGTGGAGGTTGCAGTGAGCTGAGATTGCGCCTCTGCACTCCAGCTTGGGTAACAGAGCAAGACTCTGTCTCAAAAAAAAAAAAAAAAAAAAAAAAA"
"KN294207v1","1000001","1000101","chr15","10432185","10432289","16","9432184","GAATGCAGGAGGTGGAGGTTGTAGTGAATCAAGATTGTGATACTGCACTCCAGCCTGAGTGACAGAGCAAGACTCTGTCTCAAAAAAAAAAAAAAAAAAAA","TGAACCCAGGAGGTGGAGGTTGCAGTGAGCCAAGATCGTGCCACTGCACTCCAGCCTGGGCGACAGAGCAAGACTCCGTATCAGGAAAAAAAAAAAAAAAAAAAA"
"KN294207v1","1083626","1083680","chr22","26629873","26629927","0","25546247","AGGTTGCAGTGAGCCAAGATTGTGCCACTGTACTCCTGCCTGGGTGACAGAGCAA","AGGTTGCAGTGAGCCAAGATTGTGCCACTGTACTCCTGCCTGGGTGACAGAGCAA"
"KN294207v1","1206558","1206653","chr24","64978103","64978195","11","63771545","CCTGGAGGGCAGAGGTTGCAGTGAGCCGAGATTGCACCACTGCACTCTGGCCTGGGTGACAGAACAAGATTCTGTCTCAAAAAATATAAATAAAAA","CTGGGAGGCGGAGGTTGCAGTGAGCCGAGATTGCACCACTGCACTCTGGCCTGGGTGACAGAGCAAGACTCTCTCAAAAAAAACAAAAAAAAA"
"KN294208v1","505862","506159","chr25","59356795","59357095","27","58850933","GGCCAGATGCGGTGACTCACACCTGTAATCCCAGAACTTTGGGAGGCCAAGGCGGGAGGATCACAAGGTCAGCAGTTCAAGACCAGCCTGGCCAACATGGTGAAACCCCATCTCTACTAAAAATACAAAAATTAGCCAGGCGTGGTGGTGGGCACCTGTAATCCCAGCTACTTGGAAGGCTGAGACAGAAGAATCGCTTGAACCCGGGAGGTGGAGGTTGCAGTGAGCCGAGACTGTGCCATTGCACCCCAGCCTGGGCGACAGAGCGAGACTTCATCTCCAAAAAAAAAAAAAAAAA","GGCCAGATGCGGTGACTCACGCCTGTAATCCCAGCACTTTGGGAGGCCAAGGTGGGTAGATCACGAGGTCAGCAGTTCAAGACCAGCCTGGCCAACATGGTGAAATCCCGTTTCTACTAAAAATACAAAAGTTAGCCAGGCATGGTGGCAGGCACCTGTAATCCCAGCTACTCAGGAGGCTGAGACAGAAGAATCGCTTGAACCCAGGAGGCAGAGGTTGCAGTGAGCCGAGACCGTGCCATTGCACTCCAGCCTGGGCAACAGAGTGAGACTTCATCTCAAAAAAAAAAAAAAAAAAAAA"
"KN294208v1","588508","588659","chr25","59287936","59288088","5","58699428","GTGGCAGGTACCTGTAATCCCAGCTACTTGGGAAGCTGAGGCAGGAGAATCGCTTGAACCCGGGAGGTGGAGGTTGCAGTGAGCAGAGATCACACCACTGCAGTCTAGGCTGGGAGACAGAGGGAGATTCTGTCTCAAAAAAAAAAAAAAAA","GTGGCAGGTACCTGTAATCCCAGCTACTTGGGAAGCTGAGGCAAGAGAATCTCTTGAACCCGGGAGGTGGAGGTTGCAGTGAGCAGAGATCACACCACTGCAGTCTAGGCTGGGAGACAGAGTGAGACTCTGTCTCAAAAAAAAAAAAAAAAA"
"KN294208v1","604648","604940","chr25","59271557","59271853","34","58666909","GCTGGGCACAGTGGCTCATGCCTGTAATGCCCCAGCACTTTGGGAGGCCAAGGTGGGTGGATCATGAGGTCAGGAGTTCAATACCAGCCTGGCCAACATGGTGAAACCCCATCTCTACTAAAAATACAAAAATGAGCCAGAGGCAGTGGTAGGCGCCTGTAATCCCAGCTACTTGGGAGGCTGAGGCAGGAGAATTGCTTAAACCCAGGTGGCAGAGGTTACAGTGAGCCAAGATCGCACCACTGCACGCGAGCCTGAGTGATAGAGTAAGACTCCGTCTCAGAAAAGAAAAA","GGCTGGGTGCAGTGGCTCACGCCTGTAATCTCAGCACTTTAGGAGGCTGAGGAGGATGATTCATGAGGTCAGGAGTTCAAGACAAGGCTGGTCAAGATGGTGAAACCCCATCTCTACTAAAAATACAAAAATGAGCCGGAGGCAGTGGTAGGCGCCTGTAATCCCAACTACTTGGGAGGCTGAGGCAGGAGAATTGCTTGAAACCAGGTGGCAGAGGTTACAGTGAGCCAAGATCGCACTACTGCACACCAGCCTCGGTGATAGAGTAAAACTCCGTCTCAGAAAAGAAAAGAAAAA"
"KN294208v1","638368","638660","chr25","59237084","59237377","17","58598716","GGCCAGGCACAGTGGCTCACACCTGTATTCCCAGCACTTTGGGAGGCTGAGGTAGGTGGATCACAAGGTCAGGAGTTCGAGACCAGCCTGGCCAACATGGTGAAAACCCATCTCTACTAAAAATACAAAAATTAGCTGGGCACGGTGGCGGGCGCCTGTAATCCCAGCTACTCAGGAGGCTGAGACAGGAGAATCGCTTGAACCCAGGAGGTGGAGGTTGCAGTGAATCGAGATCACGCCACTGCACTCCAGCCTGGGTGACAGAGCAAGACTCCGTCTCAAAAAGAAAAAAA","GGCCAGGCACGGTGGCTCACGCCTGTATTCCCAGCACTTTGGGAGGCTGAGGTGGGTGGATCACGAGGTCAGGAGTTCAAGACCAGCCTGGCCAACATGGTGAAACCCCGTCTCTACTAAAAATACAAAAATTAGCTGGGCACGGTGGCGGGCGCCTGTAATCCCAGCTACTCAGGAGGCTGAGACAGGAGAATCACTTGAACCCAGGAGGTGGAGGTTGCAGTGAGCCGAGATCACGCCACTGCACTCCAGCCTGGGTGACAGAGTAAGACTCCAAAAAAAAAAGAAAAGAAA"
"KN294208v1","734151","734341","chr20","8927653","8927826","38","8193502","AGCTGGGTGTGGTGGCGGGCACCTGTGGTCCCAGCTACTTTGGGAGGTTGAGGCAGGAGAATCACTTGAACCCAGGAGGCGGAGGTTGCAGTGAGCCAAGATCACGCCACTTCACTCCAGCCTGGGCAACAGAGGGATACTTCATCTCAAAATAATAATAATAAATAAATAAGCAATAAAAAAATAAAAAA","GCCGGGCGCGGTGGCTAAAGCCTGTAATCCCAGCTACATGGGAGGCTGAGGCAGGAGAATCGCTTGAACCAGGAGGCGGAGGTTGCAGTGAGCCAAGATCACGTCACTGCACTCCAGCCTGGGCAACAGAGTGAGACTCCATCTCAAAAAAAAAACAAAAACAAAAAAACAGAA"
"KN294210v1","127332","127610","chr7","91524594","91524866","33","91397262","GGCCAGGGCCGGTAGCTCATGCCTGTAATCCTAGCACTTTGGGAGGTCGAGAGGGGTGGATCACAAGGTCAGGAGTTCAAGACCAGCCCGGCCAAGGTGCTGAAACCCTGTCTCTACCAAAAATACAAAAATTAGCAGGCACGGTGGCACAAGCCTATAATCCCAGCTACTTGGGAGGCTGAGGTAAGAGAATTGCTTGAACCCGCACATCAGAAGTTGCAATGAGCTGAGATTGCACCACTGCACTCCAGCCCAGCAACAGAGCAAGACTCTGTCCCA","GGCTGGGCCCAGTAGCTCATGCCTGTAATCCCAGCACTTTGGGAGGTGGATCACAAGGTCAGGAGTTCAAGACCAGCCTGGCCAAGATGCTGAAACCGTGTCTTTACCAAAAATACAAAAATTAGCGGGCATAGTGGCACAAGCCTGTAATCGCAGCTACTTGGGAGGCTGAGGTAAGAGAATTGCTTGAACCCGCGCAGCAGAGGTTGCAGTGAGCTGAGATTGCACCACTGCCCTCCAGCCCAGGCAACAGAGCAAGACTCTGTCCCAAAA"
"KN294210v1","370474","370631","chr7","91742669","91742826","12","91372195","GCTTGTAATCCCAACTATTCAGGAGGCTAAGGCAGGGCACTCGCTTGAACTCGGGGAGGCAGAGGTTTCAGTGAACTGAGATCGTGCGACTTCACCCCAGCCTGGACAACAGAGCAAAACTCTGCCTCAAAAAAAAAAAAAAAAAAAAAACAAATAAA","GCTTGTAATCCCAACTATTCAGGAGGCTGAGGCAGGGGACTTGCTTGAACTCGGGGAGGCAGAGGTTTCAGTGAGCTGAGATCGTGCCACTTCACCCCAGCTTGGGCAACAGAGCAAAACTCTGCCTCAAAAAAAAAATAAATAAAATAAATAAAAAA"
"KN294210v1","379635","379923","chr7","91751605","91751900","15","91371970","GGCTGGGTGCGGTGGCTCATGCCTGTAATCCCAGCACATTGAGAGGTTGAGGTGGGTGGATCGCGATATCAGGAGTTTGAGACCAGCCTGGCCAAGATGGTGAAACCCTGTCTCTACTAAAAATACAAAAATTAGCCAAGCTCTGTGGTGGGTGCCTGTAATCCCAGCTACTCAGGAGGCTGAGGAAGAATTGCTTGAACCCGGGAGGCGGAGGTTGCAGTGAGCCGAGATTGTGCCACTGCACTCTAACCTGGGCAACAGAGCAAGACTTCGTCTCAAAAAAAAAAAA","GGCTGGGTGTGGTGGCTCATGCCTGTAATCCCAGCACATTGAGAGGTTGAGGTGGGCGGATCGCGAGATCAGGAGTTTGAGACCAGCCTGGCCAAGATGGTGAAACCCTGTCTCTACTAAAAATACAAAAATTAGCCAAGCTCCATGGTGGGTGCCTGTAATCCCAGCTACTCAGGAGGCTGAGGTAGGAGAATTGCTTGAACCCGGGAGGCGGAGGTTGCAGTGAGCCGAGATTGTTCCACTGCACTCTAGCCTGGGCAACAGAGCAAGACTCCGTCTCAAAAAAAAAAAAAAAA"
"KN294210v1","692557","692857","chr7","92059383","92059681","18","91366826","GGCTGGGCGCGGTGGCTCACGCCTGCAATCCCAGCACTTTGGGAGGGTGAGGCAGGTGGATCACGAGGTCAGGAGTTTGAGACCAGCCTGGCCAACATGGTGAAACCCCGTCTCTACTAAAAACACAAAAATCGGCTGGATGTGGTGGCGGGCACCTGTAATCCCAGCTACTCAGGAGGCCGAGGCAAGAGAATCGCTATAGTCTGGGAGGCGGAGGTTGCAGTGAGCCGAGATCGCGCCACTGCACTCCAGCCTGGGTGACAGGGTAAGACTCCGTCTCAAAAAAAGAAAAAAGAATAAA","GGCTGGGCACGGTGGCTCACGCCTGCAATCCCAGCACTTTGGGAGGGTGAGGCAGGTGGATCACAAGGTCAGGAGTTTGAGACCAGCCTGGCCAACATGGTGAAACCCCATCTCTACTAAAAACACAAAAACCAGCTGGATTTGGTGGTGGGCACCTGTAATCCCAGCTACTCAGGAAGCCAAGGCAGGAGAATCGCTATAGTTTGGGAGGCGGAGGTTGCAGTGAGCTGAGATCGCACCACTGCACTCTAGCCTGGGTGAGGGCGAGACTCCGTCTCAAAAAAAGAAAAAAGAATAAA"
"KN294210v1","1292498","1292794","chr7","92650326","92650623","15","91357828","GGCCAGGCACGGTGGCTCATGTCTGCAATCCCAGCACTTTGGAGGCCAAGGTGGGTGGATCACAAGGCCAGGAGTTTGAGACCAACCTAGCCAGCATGGTAAAACCCCGTCTCTACTAAAAATACAAAAATTAGCTTGGCGTGGTAGTGGGTGCCTGTAGTCCCAGCTACTCGGGAGGCTGAGGCAGGAGAATCGCTTGAACCCAAAAGACAGAGGTTGCAGTGAGCCGAGATCTTGCCACTGCACTCCAGTCTGGGCAACAGAGCAAAACTCCGTCTCGGAAAAAAAAAAAAAAAA","GGCCAGGCACGGTGGCTCATGTCTGCAATCCCAGCACTTTGGAGGCCGAGGTGGGTGGATCACAAGGCCAGGAGTTTGAGACCAACCTGGCCAGCATGGTAAAACCCCCTCTCTACTAAAAATACAAAAATTAGCTTGGAGTGGTTGTGGGCGCCTGTAGTCCCAGCTACTCGGGAGGCTGAGGCAGGAGAATCACTTGAACCCAAAAGGCAGAGGTTGCAGTGAGCCGAGATCTCGCCACTGCACTCCAGCCTGGGCGACAGAGCAAAACTCCGTCTTGGGGGAAAAAAAAAAAAAA"
"KN294210v1","1295393","1295689","chr7","92650326","92650623","15","91354933","GGCCAGGCACGGTGGCTCATGTCTGCAATCCCAGCACTTTGGAGGCCAAGGTGGGTGGATCACAAGGCCAGGAGTTTGAGACCAACCTAGCCAGCATGGTAAAACCCCGTCTCTACTAAAAATACAAAAATTAGCTTGGCGTGGTAGTGGGTGCCTGTAGTCCCAGCTACTCGGGAGGCTGAGGCAGGAGAATCGCTTGAACCCAAAAGACAGAGGTTGCAGTGAGCCGAGATCTTGCCACTGCACTCCAGTCTGGGCAACAGAGCAAAACTCCGTCTCGGAAAAAAAAAAAAAAAA","GGCCAGGCACGGTGGCTCATGTCTGCAATCCCAGCACTTTGGAGGCCGAGGTGGGTGGATCACAAGGCCAGGAGTTTGAGACCAACCTGGCCAGCATGGTAAAACCCCCTCTCTACTAAAAATACAAAAATTAGCTTGGAGTGGTTGTGGGCGCCTGTAGTCCCAGCTACTCGGGAGGCTGAGGCAGGAGAATCACTTGAACCCAAAAGGCAGAGGTTGCAGTGAGCCGAGATCTCGCCACTGCACTCCAGCCTGGGCGACAGAGCAAAACTCCGTCTTGGGGGAAAAAAAAAAAAAA"
"KN294210v1","1695533","1695643","chr12","75166153","75166258","18","73470620","TTGCTTGAACCCAGGAGGCGGAGGTTGCAGTGAGCCAAGATCGCGCCACTGCACTCCAGCTGGGCAGCAGAGCGAGATGCCATCTCAAAAATAAATAAATAAAAGACAAAA","TCGTTTGAACCCGGAATGCGGAGGTTGCAGTGAGCCAAGATCGCACCACTGCACTCCGGCCTGGGCAACAGAGAGAGACTCCATCTCAAAAAAAAAAAAAAAAAAA"
"KN294213v1","318048","318139","chr13","41945452","41945541","12","41627404","GAGGTTGCAGTGAGCCAAGATCACCCCTTTGCACTCCAGCCTGGGTGACAGAGCAAGACTCTGTGTCAGAAAAAAAAAAGAAAGAAAAGAAA","AGGTTGCAGTGAGCCGAGATCACACCACTGCACTCCAGCCTTGGCGACAGAGCAAGACTCCGTGTCAAAAAAAACAAAAAACAAAAGAAA"
"KN294214v1","100402","100523","chr9","29603421","29603533","21","29503019","GGTGGGAGGATCACTTGAGCCCAGGAGACAGAGGTTGCAGTGAGCCGAGATTGCGCCACTGCCCTCCAGCCTGGGCAACAGAGCAAGATCCTGTCTCAAATAATATTAATTAAAAAAATAAA","AGGAGGATCACTTGAGCCCGGGAGACAGAGGTTGCAGTGAGTCAAGATCACACCACTGCACTCCAGCCTGGGCAACAGAGCGAGACTCTGTCTCAAAAAAAAAAAAAAAAAAA"
"KN294214v1","318687","318988","chr2","56460559","56460861","14","56141872","GGCTGGGCGCGGTGGCTCACGCCTGTAATCCCAGCACTTTGGGAGGCTGAGGTGGGTGGATTACAAAGTCAGGAGTTTGAGATCAGCCTGGCCAACATGGTGAAACCTCGTCTCTACTAAAAATACAAAAATTAACCTGGCATAGTATTGGGCGCCTGTAATCCCAGCTACTCAGGAGGCTGAGGCAGGAGAATTGTTTGAACCCGGGAGGTGGAGGTTGCAGTGAGCCAAGACTGCACCACTTCACTCCAGCCTGGCAATAGGGCAAGACTGTGTCTCCAAAAAGGAAAAAAAAAAAAAAA","GGCTGGGTGCGGTGGCTCACGCCTGTAATCCCAGCACTTTGGGAGGCTAAGGCGGGTGGATTACGAAGTCAGGAGTTTGAGATCAGCCTGGCCAACATGGTGAAACCTAGTCTCTACTAAAAATACAAAAATTAACCTGGCATGGTATTGGGTGCCTGTAATCCCAGCTACTCAGGAGGCTGAGGCAGGAGAATTGTTTGAACCCCGGAGGCGGAGGTTGCAGTGAGCCAAGATTGCATCACTTCACTCCAGCCTGGCAATAGGGCAAGACTGTGTCTCCAAAAAAAAGAAAAAAAAAAAAAA"
"KN294214v1","351491","351778","chr2_KE147943v1_random","6762","7051","23","344729","GGCCAGGCACTGTGGCTTATGCCTATAATGCCAGCAATTTCGGAGGCCGAGGCAGGTGGATCACTAGGTCAGGAGTTTGAGACCAGCCTGGTCAACATGGTGAAAACGCATCTCTACTAAAAACACAAAAATTAGCCTGGCTCGGTGGCGGGCGCCTGTAATCCCAGCTACTTGGGAGGCTGAAGCTGGAGAATTGCTTGAACCCGGGAAGTAGAGGCTGTAGTGAGCCAAGATCGCCACTGCACTCCAGCCTGGACGACAGTGCGAGACTCCTTCTCAAAAAAAAAA","GGCCGGGCACTGTGGCTCACGCCTATAATCCCAGCAATTTCGGAGGCCGAGGCAGGTGGATCACGAGGTCAGGAGTTTGAGACCAGCCTGGCCAACATGGTGAAACCCTGTCTCTACTAAAAATACAAAAATTAGCCTGGCTCGGTGGCGGGTGCCTGTAATCCCAGCTACTTGGGAGGCTGAAGCAGGAGAATTACTTGAACCCGGGAGGTGGAGGCTGCAGTGAGCCAAGATCACCACTGCACTCCAGCCTGGATGACAGAACGAGACTCCTTCTCAAAAAAAAAAAA"
"KN294214v1","472423","472606","chr25","3319529","3319701","46","2847106","TGCTAGAAATGCAAGGGAAGTCCGGGTGTCGTGGCGGGCAGCTGGAGTCCCTGCACTTTGGGAGGCTGAGGCAGGTGAATCGCTTGAGCCCTGGAGGCAGAGGTTGCAGTGAGCCAAGATTGCACCGCTGCACTCCCGCCTAGGTAACAGAGCAAGACAGACTCTGCCTTTGAAAAAAAAAAAA","TACAAAAATTAGACAATCACGGTAGTGGGCGCCTATAATCCCAGCTACTTGGGAGGCTGGGGCAGGAAGAATTGCTTGAACCCAGGAGGCAGAGGTTGCAGTGAGCTGAGATTGCACCACTGCACTCCAGCCTGGGCAACAGAGCAACACTCCGTCTCAAAAAAGAAAAAAAA"
"KN294214v1","487916","488027","chr2","56098537","56098651","6","55610621","GCTTGAACCCAGGAGGCGGAGGTTGCAGTGAACCAAGATTGCACCATTGCATTCCAGCCTGGGCAACAGAGCGAAACTCCATCTCAAAAAAAAAAAGAACAACAGAAAAAAA","GCTTGAACCCAGGAGGCGGAGGTTGCAGTGAACCAAGATTGCACCATTGCATTCCAGCCTGGGCAACAGAGCGAAACTCCGTCTCAAAAAAAAAAAAAAAGAACAACAGAAAAAA"
"KN294214v1","514254","514559","chr2","75171030","75171331","53","74656776","GGGTACGGTGGCTCATGCCTGTAATCCCAGCACTTTAGGAGACCCAGATGGGTGGATCACCTGGTCAGGAGTTCAAAACCAGCCTGGACAAGACTCAAACCCTATCTCTACTAAAGATACAAAAATTAGCTAGGCCCAGTAGCGGGTGCCTGTAATCCCAGTTACTCATGAGGATGAGGCAGGACAATTGCTTGAACCTGGGAGGTAGAGGTTGCAGTGAGCCCACATTGCACCACTGCACTCCAGCCTGGGTGACAAAGGGAGATTCTATCTCAAAAATAAATAAATAAATGAATAATTAAAAAA","GGGTGCGGTGGCTCACGCCTGTAATCCCAGCACTTTGGGAGGCCAAGGTGGGTGGATCACAAGGTCAGGAGTTTGAAACCAGCCTGGACAATATGGTGAAACCCCATCTCTACTAAAAATACAAAAATTATCCAGATATGGTGGCGGGTGCCTGTAGTCCCAGCTGCTCGGGAGGCTGAGGCAGGAGAATCGCTTGAACTGGGAGGTGGAGGTTGCAGTGAGCTGAGATTGTGCCACTGCACTCCAGCCTGGGTGACAGAGCAAGAGTCCATCTCAAAAAAAAAAAAAAAAAAAAAAAAAAA"
"KN294214v1","643013","643185","chr14","36731633","36731798","31","36088620","AATTAGCTGGCATAGTGATGGGCGCCTGTAATCCCAGTTACTTGGGAGGCTGAGGCAGGAGAATTGCTTGAACCCGGGAGGCAGAGGTTGCAGTGAACCGAGATTGTGCCACAACATTCCAGCCTGGGCGACAGTGAGACTCTGTTTCAAAAACAAACGAAAAACACAAAAAA","TAGTCGGGTGAGGTGGCGCCTGTAATCCCAGCTACTTGGGAGGCTGAGGCAGGAGAATCGCTTGAACCCAGGAGGCAGAGGTTGCAGTGAGCCAAGATCGTGCCACTGCACTCCAGCCCGGGCAACAGTGTGAGACTCCGTCTCAAAAAAAAAAAAAAAAAAAAAA"
"KN294214v1","889432","889538","chr19","23348460","23348562","18","22459028","GAGGTGGAGGTTGCAGTGAGCTGAGATTGCAACACTGCACTCCAGCCTGGGCAACAGAGTAACACTCTGTCTCAAAAAAATTTTAAATAAATAAAAAAGAAAAGAAA","GAGGTGGAGGTTGCAGTGAGCTGAGATCGCGCCACTGCACTCCAGCCTGGGGGACAGAGAGAGACTCCGTCTCAAAAAAAAAAAAAAATTGAAAAAAAAAAAA"
"KN294214v1","1104344","1104496","chr16","63516031","63516179","21","62411687","CTGTAATCCCAGCTACTCGGAAGGCTGAGGCAGGAGAACCACTTGAACCCGGGAGGCAGAGGTTATGGTGGGCTGAGATCATGCCCCTGCACTCCAGCTTGGGCAACAGAGCAAGACTCCCTCAAAAAAAAAAGAAAAGAAAAGAAAAGAAAA","CTGTAATCCCAGCTGCTCAGGAGGCTGCGGCAGGAGAATCACTTGAACCCGGGAAGTGGAGGTTGCAGTGCGCCAAGATCATGCCACTGCACTCCAGCCTGGGCAACAGAGCAAGACTCCGTCAAAAAAAAAAAAAAAAAAAAAAAAAA"
"KN294214v1","1511415","1511720","chr19","22184863","22185162","40","20673448","GGCTGGGCATGGTGGCTCATGCCTGTAGTCCCAACACTTTGGGAGGCCAAGGGGGGGGGGGGTGGATCACGAGATCAGGAGTTCAAGACCAGCCTGGCCAAGATGGTGAAACTTCATCTCTACTAAAAATACAAAACTTAGCCGAGTGTGATGGCAGGCACCTGTAATCCCAGCTACTTGGGAGGCTGAAGCAGGAGAATTGCTTGAACCTGGGCAGCAGAGGTTGCAGTGAGCTAAGATCGCGCCACTGCACTCCAGCCTGGGCGACAGACTGAGGCTCCATCTCAAAAAGAAAAAAAAAAGAAA","GCCAGGCGCGGTAGCTCACGCCTGTAATCCCAGCACTTTGGGAGGCGAAGGTGGGTGGATCACAAGGTCAGGAGTTCAAGACCAGCCTGGCCAAGATGGTGAAACCCCATCTCTACTAAAAACTACAAAAAATTAGCCGGGTGTGGTGGCAGACACCTGTAATCCCAGCTACGTGGGAGGCTGAGGCAGGAGAATCGCTTGAACCCGGTGGCAGAGGTTGCAGTGAGCCAAGATTGCGCCACTGCACTCCAGCCTGGGCGACAGAGTGAGACTCCATCTCAAAAAAAAAAAAAAAAAAAA"
"KN294214v1","1853495","1853559","chr9","28225548","28225604","14","26372053","GAGGTGGAGGCTGTAGTGAGCCAGGCTGCACTCCAGCCTGGGCAACAGAGTGAGACTCCATCTCA","GTTGCAGTGAGCCCAGGCTGTACTCCAGCCTGGGCAACAGAATGAGATTCCATCTCA"
"KN294216v1","120673","120980","chr26","50826422","50826725","41","50705749","GGCCTGGTGCGGTGGCTCACGTCTGTAATCCCAGCACTTTGGGAGGTTAAGGCAGGTGGATCACAAGGTCAGGAGTTCAAGATCAGCCTGGCCAAGATGGTGAAACCCCATGTCTACTAAAAATACAAAAATTAGCTGGGTGTAGTGGCGGGTGCCTGTAATCCCAGGTACTCAGGAGGCTGAGGCAGGAAAATTACTTGAACCCTAGAGGTGGAGGTTGCAGTGAGCTGAGATAGTGCCACTGCACTCCAGACTGGGCAACAGAGCAAGACTCCAAACAAAACAAAACAACCCAAAAAGAAAAGAAA","GGCCGGGCGCGGTGGCTCGCGCCTGTAATCCCAGCACTTTGGGAGGCCAAGGTGGGTGGATCACGAGGTCAGGGGTTCGAGACCAGCCTGACCAACATGGTGAAACCCCATCTCTACTAAAACTACAAAAATTAGCTTGGCGTGGTGGCGGTCGCCTGTAATCCCAGCTACTCAGGAGGCTGAGGCAGGAGAATTGCTTGAACCCGGGAGGCGGAGGTTGCAGTGAGCCGAGATTGTGCCACTGCACTCCAGCCTGGGCAAAAGAGCGAGACTCCATCAAAAAAAAAAAAAAAAAAAAAAAGAA"
"KN294217v1","101916","102221","chr20","128474382","128474687","21","128372466","GGCCAGGCGCGGTGGCTCACGCCTGTAATCCCAGCACTTTGGGAGGCCAAGGAGGGTGGATCACAAGGTTAGGAGTCCGAGATCAGCCTGACCAACATGGTGAAACCTTGTCTCTACTAAAAATACAAAAGTTAGCTGGATGTGGTGGTGGGCGCCTGTAATCCCAGCTACTCGGGAAGCTGAGGCAGAAGAATCTCTTGAACCCGGTAGGCAGAGGTTGCAGTGAGCCGAGATTGCGCCACTGCCCTCCAGCCTGGTGACAGAGCGAGACTCCGTCTCAAAAAAAGAAAAGAAAAGAAAAGCAAA","GGCCGGGTGTGGTGGCTCACGCCTGTAATCCCAGCACTTTGGGAGGCCAAGGAGGGTGGATCACAAGGTCAGGAGTTCGAGATCAGCCTGACCAACATGGTGAAACCTTGTCTCTACTAAAAATACAAAAGTTAGCTGGACGTGGCGGTGGGCGCCTGTACTCCCAGCTACTCGGGAGGCTGAGGCAGAAGAATCGCTTGAACCCGGGAGGCAGAGGTTGCGGTGAACTGAGATCGCGCCACTGCACTCCAACCTGGTGACAGAGCGACACTCCCTCTCTAAAAAAGAAAAGAAAAGAAAAGAAAA"
"KN294217v1","747283","747583","chr16","6040211","6040505","35","5292928","GGCCTGGCTCAGTGGCTCACGCCTGTAATTCTGGCACTTTGGGAGGCTGCAGCAGGTGGATCACGAGGTCAGGAGTTCAAGACCAGTTTGGCCAAGATGGTGAAACCCCATCTCTACTAAAAATACAAAAATTGGCCAGGCACGGTGGCAGGTGCCTATAATCCCAGCTACTCAGGAGGCTGAGGCAGGAGAATTGCTTGAACCCGCGGGGGGACGGAGGCTGCAGTGAGCCAAGATCGCACCACTGCACTCCAGCCTGGGTGACAGAGTGAGACTCTGTCTCAAAAAAAAAAAAAAGAAA","GACCGGGCACGATGGCTCACGCTTGTAATCCCAGCACTTTGGGAGGCTGAGGCGGGTGGATCACGAGGTCAGGAGTTCAAGACCAGCTGGCCAAGATGGTGAAACCCCATGTCTACTAAAAATACAAAAATTAGCCGGGTACAGTGGCAGCCGCCTGTAATCCCAGCTGCTCAGGAGGCTGAGGCAGAAGAATTGCTTGAGCCCGGGGGACGGAGGTTGCAGTGAGCCGAGATCGCACCACTGCACTCCAGCCTGGGTGACAGAGTGAGACTTCATCAAAAAAAAAAAAAAAAAA"
"KN294217v1","1184850","1185119","chr2","10270776","10271050","35","9085926","GGCCAGGCGTGGTGGCTTACGCCTGTAATCCCAGCACTTTGGGAGGCTGAGGTAGGCAGATCACAAGGTCAGGAGTTCACAACCAGCCTGGCCAAGATGGTGGAACCCCATCTGTACTAAAAATACAAAAATTAGCTGGGCGTGGTGGCAGGTGGCTGTAGTCCCAGTTACTCAGGAGGCTGAGGCAGGAGAATTGCTTGAACCTGGGAGGTGGGGGTTGCAGTGAGCCAAGATTACACCACTGCACTCCAGCCTGGGTGACAGAGTGAG","GGCTGGGGACGGTGGCTCACGCCTGTAATCCCAGCACTTTGGGAGGCCGAGGCAGGTGGATCACAAGGTCAGGAGTTCAAAACCAACCTGGCCAAGATGGTGAAACCCCATCTCTACTAAAAATACAAAAATTAGCTGGGCACAGTGGCAGGCGCCTGTAATCCCAGCTACTCGGGAGGCTGAGGCAGGAGAATTGCTTGAACCTGGGTGGCAGAGGTTGCAGTGAGCCAAGATCATGCCACTGCACTCCAGCCTGGGCGACAGAGTGAGACTCC"
"KN294217v1","1665855","1665953","chr12","70774063","70774157","16","69108208","GGACGTGGAGGTTGCAGTGAGCCGAGATCGAGTGGCTGCACTCCAGCCTGGGCGACAGAGTGAAACTCTGTCTCAAAAAGAAAAAAAAGAAAAAAGAAA","GCGGAGGTTGCAGTGAGCCGGGAACGCGCCACTGCACTCCAGCCTGGGCGACAGAGCGAGACTCCGTCTCAAAAAAAAAAAAAAAAAAAAAAAAA"
"KN294217v1","1787771","1788073","chr11","8684527","8684834","39","6896756","GGCAGGACACGATGGCTCACACCTGTAATCCCAGGGAGGCCGAGGTGGGTGGATCATGAGGTCAGAAGTTCGAGACCAGCCTGATCAACATGGTGAAACCCCGTCTCTACTAAAAATACAAAAATTAGCTGGGCGTGGGGGCGGGCGCCTGTAATCCCAGCTACTCGGGAGGCTGAGGCAGGAGAATCTCCTGAACTCAGGAGGCAGAGGTTGCAGTGAGCCAAGATTGCACCATTGTATTCCAGCCTGGGCGACAGAGCGAGACTTGGTCTCAAAAAAAAAAAAAAAAAAAAAAGAAAAGAA","GGCTGGGCGCGGTGGCTCAAGCCTGTAATCCCAGCACTTTGGGAGGCCGAGGTGGGTGGATCACGAGGTCAGGGGTTCGAGACCAGCCTGACCAACATGGTGAAACCCTGTCTCTACTAAAAATACAAAAATTAGCTGGGCGTGGTGGCAGGTGCCTGTAATCCCAGCTACTCGGGAGGCTGAGGCAGGAGAATTGCTTGAACCCGGGAGGTGGAGGTTGCAGTGAGCCAAGATCACACCACTGCACTCCAGCCTGGGCGACAGAGCGAGACTCCATCTCAAAAAAAAAAAAAAAAGAAAAAGAAAAA"
"KN294217v1","1902937","1903031","chr5","32476193","32476284","13","30573256","GGCGGAGGTTGCAGTAAGCCAAGATCCCGCCACTGCACTCCAGCCTGAGTGACAGAGTGAGACCCTGTCTCAAAAATAAATAAATAAAATAAAAA","GCGGAGGTTGCAGTGAGCCAAGATGATGCCACTGCACTCCAGCCTAAGCAACAGAGTGAGACTCCATCTCAAAAAAAATAAATAAATAAAAA"
"KN294217v1","1991778","1992039","chr6","3305002","3305266","43","1313224","GGGTGCGGTGTCTCACGCTTGTAATCCCAGCACTTTGGGAGGCCAAGGCAGGAGGATGACAAGGTCAGGAGTTCGAGACCAGCCTGGCGAACACAGTGAAACCCCTTCTCTACTAAAAATACAAAACTTAGTTGGGCTTGGTAGTGGGCGCCTGTATTCCCAGCTACTCGGGAGGCTGAGGCAGGAGAATTGCTTGAACACAGAAGGCAGAGGTTGCAATGAGCTGAGATCGTGCCAGTACATTCCAGCCTGGGCAACAGAG","CCCGGCGCAGTGGCTCACGCCTGTAATCTCAGCACAGTGGGAGGCTGAGGCAGGTGGATCACGAGGTCAGGAGTTTGAGACCAGCCTGGCCAACATGGTGAAACCTCCGTCTCTACTAAAAATACAAAAATTAGCCGGGCGTGGTGGCAGGTGCCTGTAATCCCAGCTACTCGGGAGGCTGAGGCAGGAGAATCGCTTGAACCCAGGAGGCAGAGGTTGCAGTGAGCTGAGACCTTGCCTCTTCCCTCCAGCCGGGGCAACTGAG"
"KN294217v1","2046205","2046513","chr12","102408120","102408425","29","100361915","GGCCAGGTGCAGTGGCTCACGCCTGTAATCCCAGCACTTTGGGAGGCTGAGGTGGGTGGATTATTAGGTCAGGAGTTCGAGACCATCCTGGCCAACATAGTGAAACCCTGTCTCTACTAAAAATACAAAAATTAGCTGGGCATGGTGGCGGGTGCCTTTAATCCCAGCTACTCGGGAGGCTGAGGCAGGAGAATCGCTTGAACCCGGGAGGTGGAGGTTGCAGTGAGCTGAGATCGCACCATTGAACTCCAGCCTGGGTGACAGGGTGAGATTCTGTCTCAAAAAAAAAAAAAAAAAAAAAAGAATAAA","GCTGGGCGCAGTGGCTCACGCCTGTAATCCCAGCACTTGGGGAGGCTGAGGTGGGTGGATCACGAGGTCAGGAGTTCGAGACCAGCCTGGCCAACATGGTGAAACCCCTGTCTCTACTAAAAATTAAAAAATTAGCTGGGCATGGTGGCGGGCGCCTGTAATCCCAGCTACTCAGGAGGCTAAGGCAGGAGAATGGTTTGAACCCGGGAGCTGGAGCTTGCAGTGAGCTGAGATCGCGCCATTGCACTCCAGCCTGGGCGACAGGGTGAGATGCTGTCTCAAAAAAAAAAAAAAAAGAAAGAAAAA"
"KN294217v1","2051488","2051790","chr20","126555240","126555542","14","124503752","GGCCGGGCACGGTGGCTCATGCCTGTAATGCCAGCACCTTGGGAGGCCGAGGTGGGCTGATCACGAGGTCAGGAGTTAGAGACCAGCCTGGCCAAAATGTTGAAACCCCATCTCTACTAAAAATACAAAAATTAGCCAGGCATGGTGGCGGGTGCCTGTAATCCCAACTACTCAGGAGGCTGAGGCAGGAGAATCGCTTGAATCCGGGAGGCGGAGGTTGCAGTGAGCTGACATTGCACCACTGCACTTCAGCCTAGGCAACAGAGTGAGACTCCATCTCAAAGAAAAAAAAAGTAAAAGAAA","GGTCGGGCGTGGTGGCTCATGCCTGTAATGCCAGCACCTTGGGAGGCTGAGGTGGGCTGATCATGAGGTCAGGAGTTCGAGACAAGCCTGGCCAAAATGTTGAAACCCCATCTCTACTAAAAATACAAAAATTAGCCAGGTGTGGTGGCGGGTGCCTGTAATCCCAACTACTCAGGAGGCTGAGGCAGGAGAATCGCTTGAACCTGGGAGGCAGAGGTTGCAGTGAGCTGAGATTGCACCACTGCACTCCAGCCTAGGCAACAGAGTGAGACTCCATCTCAAAGAAAAAAAAAGTAAAAGAAA"
"KN294217v1","2129366","2129489","chr20","126477025","126477151","8","124347659","GGCAGGAGAATTAGTTGATCCTGGGAGGTGGAGGTTGCAGTAAGCTGAGATCATGCCACGGCACTCCGGCCTGGGCGACAGGGCAAGACTCCATCAAAAAAAAAAAAAAAAAAAAAAAAAAGAA","GGCAGGAGAATTACTTGATCCTGGGAGGTGGAGGTTGCAGTAAGCTGAGATCATGCCACGGCATTCCAGCCTGGGTGACAGGGCAAGACTCCATCAAAAAAAAAAAAAAAAAAAAAGAAGAAGAAGA"
"KN294217v1","2232805","2232955","chr24","26988575","26988724","25","24755770","TAATCCCAGCTACTGAGAGGGAGGTTGAGGCAAGAGAATCACTTGAACCTGGGAGGTGGAGGTTGCAGTGAGCCAAGCGCCACTGCACTCCAGTCTGGGTGACAGAGCGAGACTCTGTCTCAAAAAAACAAAAAACAAAAACAAACAAAAA","GTAATCCCAGCTACTTGGGAGGCGGAGGCTGGAGAATCACTTGAACCCAGGAGGTGGAGGTTGCAGTGAGCCGAGATTGTGCCACTGCACTCCAGCCTGGGTGACAGAGTAAGACCCTGTCTCAAGAAAAAAAAAAAAAAAAAAAAAAAA"
"KN294217v1","2452814","2452921","chr20","126169168","126169281","10","123716354","CTTGAACCCGGGACGCAGAAGTTGCTGTGAGCCGAGATCACGCCACTGCACTCCAGCGTAGGCAACAGAGTGAGACTCCATCTCAAAAAAAAAAAGAAAAGAAAGAAA","CTTGAACCCGGGATACAGAAGTTGCTGTGAGCCGAGATCACGCCACTGCACTCCAGCGTAGGCAACAGAGTGAGACTGCATTTCAAAAAGAAAAAAGAAAAGAAAAGAAAGGAA"
"KN294217v1","2462752","2463033","chr16","12709267","12709539","47","10246515","GGCCAGGCATGGTGGCTCATGCCTGTAATCCCAGCACTTTGGGAGGCTGAAGGGGGGGGGGGGGTGGTCGGTTGAGGTCAGGAGTTCAAGTCCAGCCTGGCCAAAATGGAGAAACCCCATCTCTACTAAAAATACAAAAATTAGCCAGGTGTGGTGGCAGGTGCCTGTAATTGCAGCTACTTGGGAGGCTGAGGCAAGAGAATCACTTGAACCCAGGAGGTGAAGGTTGCAGTGAGCTGAGATCATGCCACTGCACTCTAGCCTGGGTGACAGACCGAGACT","GGCTGGGCACGGTGGCTCATACCTGCAATCTCAGCACTTTGAGAGGCTGAGGCGGGTGGATCACTAGGTCAGGAGTTCAAGACCAGCCTGGCCAAGATGGTGAAACCATATCTCTACTAAAAATACAAAAGTTAGCCAGACGTGGTGGCAGGTGCCTGTAATTCCAGCTACTCGGGAGTCTGAGGCAGGAAAATCTCTTGAATCTGGGAGGCAAAGGTTGCAGTGAGCCGAGATCGCACCACTGCACTCTAGCCTGGGTGACAGAGCAACACT"
"KN294217v1","2679073","2679225","chr9","58679425","58679572","29","56000352","ACTAGCTGGGTGTGGTAGCAGGCGCCTATAATCCCAGCTACCCAGGAGGCTGAAGCAGGAGAATCACTTGAACCTGGGAGACAGAGGTTGCAGTAAGCCAAGATTGTGACACTGAACTCCAACCTGGGTGACAGAGGTGAGACTCCAACTCAA","TTAGCTGCGAGTGTGGCGGGCACCTGTAATCCCAGCTACTCAGGAGGCTGAAGCAGGAGAATCACTTGAACCTGGGAGGTGGAGGTTGCAGTCAGCTGAGATTGTGCCACTGTACTCTAGCCTGGGTGACAGAGCAAGACTTCTTTTC"
"KN294218v1","143161","143256","chr4","70311569","70311664","17","70168408","GAGGTTGCAGTGAGTGGAGATTGTGCCACTGCACTTCAGCCTGGGAGACAGAGAGAGACCTTGTCTCAAAAAAAAGAAAAAGAAGAGAAAAGAAAA","GGAAGTTGCAGTGAGCTGAGATTGTGCCACTGCACTCCAGCCTAGGCAACAGAGCAGGACTGTCTCAAAAAAAAAAAAAAAAAGAAAAGAAAAAAA"
"KN294218v1","292245","292265","chr12","79182749","79182767","4","78890504","AAACAAACAAACAAAAACAAA","CAACAACAACAACAACAAA"
"KN294218v1","292295","292558","chr9","2806510","2806785","19","2514215","CTCAGGCCTGTAATCTCAGCACTTTGGGAGGTCAAGGCGGGTGGATCACGAGGTCAGGAGTTCGAGACCAGCATGGGTAACATGGTGAAACCCTGTCTATACTAAAAATACAAAAATTAGCCGAACATGGTGGGGGGCGTCTAATCCCAGCTACTCAGGAGCTGAGGCAGAAGAATCACTTGAACCCAGGATGCGGAGGTTGCAGTGAGCTGAGATCGCACCACTGCACTCCAACCAGGATGGACAGAACAAGACTCCATTAAA","GTGTCTCAGGCCTGTAATCCCAGCACTTTGGGAGGTCAAGGCGGGTGGATCACGAGGTCAGGAGTTCGAAACCAGCATGGCTAACATGGTGAAACCCTGTCTATACTAAAAATACAAAAATTAGCCGAACATGGTGGGGGGCGTCTAATCCCAGCTACTCAGGAGCTGAGGCAGAAGAATCACTTGAACCCGGGATGCGGAGGTTGCAGTGAGCTGAGATCGTACCACTGCACTCCAACCTGGATGGACAGAGCAAGACTCCATTAAAAAAAAAAA"
"KN294218v1","611471","611698","chr5","67189291","67189521","46","66577820","GACCATCCTGGCCAGCAAGGTGAAACCCTGTCTCTACTGAAAATACAAAAAGTTAGCCGTGTGCAGTGGTAGGCGACTGTAATCACAGCTACTCAGGAGGCTGAGGCACGAGAATGGCTTGAACCCGGGAGGCAGACGTCGCAGTGAGCCGAGACCACGCCGCTGCACGCCAGCCTGGGCTACAGAGTGAGACTCCGTCTCAAAAAAACAAAAACAAACAAAAACAAA","GACCAGCCTGGCCAAGATGGTGAAACCCTGTCTCTACTAAAAATATGAACGTTAGCCAGGTGCGGTGGCAGGTGGTTGTAATCCCAGCTACTTGGGAGGGTGAGGCAGGAGAATTGCTTGAACCCGGTAGGCAGAGTTTGCAGAAGAGCCGAGATAGCGTCACTGCACTCCAACCTGGGTGACAGAGCGAGACTCTGTCTCAAAAAAAAAAAAAAAAGAAAGAAAAAGAAA"
"KN294218v1","739190","739473","chrX","109370939","109371228","44","108631749","GCCAGGTGTGGTGGCTCACGCCTATAATCCCAGCACTTTGGGGGATCAAGGCAGGTGGATCACGAAGTCAGGCACTCAGACGAACCTAGCCAACAGGGTGAAACCCCGTCTCTACTAAAAATACAAAAATTAGCCAGCCATGGTGGCAGGCACCTGTAATCCCAGCTACTTGGGAGGCTGAGGCAGGAGAATCACTTGAGCCTGGAAGGCGGAGGTGGCAGTGAGCCGAGATCACGCCATTGTACTCCAGCCTGGAGACAGTGTGAGACTGCCTCAAAAAAAAA","GCCAGGTGTGGTGGCTCATGCCTATAATCCCAGCACTTTGGGAGGCTGAGGCAGGTGGATCACAAGGTCAGGAGTTTGAGACCAGCCTGGTCAATATGATGAAACCCCGTCTGTACTGAAAATACAAAAATTAGCCAGATGTGGTGGCAGGCACCTGTAGTCCCAGCTACTCGGGAGGCTGAGGCAGGAGAATCACTTGAACCTGAGAGGCAGAGGTTGCAGTGAGCCAAGATCATGCCACTGCACTCCAGCCTGGGTGACAGAGTGAGATTCCATCTCAAAAAACAAAA"
"KN294218v1","769482","769661","chr15","33336831","33337009","32","32567349","ATCAGCCGGATGTGGTGGCAGGTGCCTGTAGTCCCAGCTACTCGGGAGGCTGAGGCAGGAGAATCGCTTGAACCCAGAAGGTAGAGATTGAAGTGAGCTGAGACCGTGCCACTGCACTCCACCCTGGGTGACAGCGTGAGATTCTGTCTCAAATAATAATAATAATAATAAAACAAAAAA","TTAGCTGGGCGTGGTGGCAGGAGCCTGTAATCCCAGCTACTCCGGAGGCTGAGGCAGGAGAATCGCTTGAACCCAGGTGGCAGAGGTTGCAGTGAGCTGAGATAGAGCCACTGAACTCCAGCCTGGGTGATACAGTGAGACTCTGTCTCAAAAAACACAAAACAAACAAACAAACAAAA"
"KN294218v1","771673","771786","chr9","29603421","29603533","16","28831748","AGAATCACTTGAACCCAGGTGACCGAGGTTGCAGTGAACCAAGATCACACCAATGCACTTCAGCCTGGGCAACAGAGTGAGACTCTGTCTCAAAAAACAAAAACAAAAACAAAA","AGGAGGATCACTTGAGCCCGGGAGACAGAGGTTGCAGTGAGTCAAGATCACACCACTGCACTCCAGCCTGGGCAACAGAGCGAGACTCTGTCTCAAAAAAAAAAAAAAAAAAA"
"KN294218v1","843491","843577","chr14","12560060","12560143","14","11716569","GAGGTTGCAGTGAGCCGAGATTGTGCCATTGCACTTCAGCCTTCAACCTGGGTTACAGAGTGAGACTCTGTCTCAAAAACAAAAGAA","GAAGGTTGCAGTGAGCCGAGATCGTGCCACTGCACTGCACTCCAGCCTGGGCGACAGAGCGAGACTCCGTCTCAAAAAAAAGAA"
"KN294218v1","945690","945865","chr20","8927653","8927826","28","7981963","GTCAGGTGAGGTAGAGGGCACCTGTAATCCCAGCTACTTGGGAGGCTGAGGCAGGAGAATCGCTTGAACATGGGAGGTGGAGGTTGCAGTGAGCCAAGATCATGCCACTGCACTCCTGCCTGGGTGACAGAGTGAGACTCTATCTCAAAAAATAAAGAAAAAAAAGAAAGAAAGAA","GCCGGGCGCGGTGGCTAAAGCCTGTAATCCCAGCTACATGGGAGGCTGAGGCAGGAGAATCGCTTGAACCAGGAGGCGGAGGTTGCAGTGAGCCAAGATCACGTCACTGCACTCCAGCCTGGGCAACAGAGTGAGACTCCATCTCAAAAAAAAAACAAAAACAAAAAAACAGAA"
"KN294218v1","1184371","1184664","chr9","1885939","1886241","25","701568","GGCCAGGCAAGGTGGCTCAGGTCTGTAATTCCAGCACTTTGGGAGGGTGAGGTGGGTGGACCACAAGGTCAGGAGTTTGAGATCAGCCTGGCCAACACAGTGAAACCCTATCTCTACTGAAAACACAATATTAGCCTGGCGTGATGGCGGGCAGCTGTAATCCCAGCTACTCAGGAAGCTGAGGCAGGAGAATCGCTTGAATCCGGGAGGCAGAGGCTGTAGTGAGCCAAAATCATGCCACTGCACTCCATCTTGGGCAATAGAGCAAGACTCCATCTCAAAAAAAAAAAAAAA","GGCCAGGCAAGGTGGCTCAGCTCTGTAATCCCAGCACTTTGGGTGGGTGAGGTGGGTGGACCACAAGGTCAGGAGTTTGAGATCAGCCTGGCCAACATAGTGAAACCCTATTTCTACTAAAAACACAATATTAGCCTGGCGTGATGGTGGGCACCTGTAATCCTAGCTCCTCAGGAGGCTGAGGCAGGAGAATCGCTTGAGCCCGGGAGACAGAGGCTGTAGTGAGCCAAAATCATGCCACTGCACCCCATCCTGGGCAATAGAGCAAGACTCCATCTCACAAAAAAAAAAAAAAAAAAAAAA"
"KN294218v1","1206832","1207111","chrX","60711286","60711566","38","59504454","GGCCGGGCGCGGTGGCTCACACCTGTAATCCCAACACTTTGGGAGGCCGAGGCGAGGGGGATCACGACGTCAGGAGTTCAAGATCAGCCTGGACAAGATGGTGAAACCCTGTCTCTACTATAAATACAAAATTAGTTGGGCATGGCGGCACCTGCCTGTAATCCCAGCTACTCCTGAGGCTGAGGCAGGAGAATTGTGTGAACCCGGGAGGCGGAGGTTACAGTGAGCCGAGATCGCGCCACTGCACTTCAGCCTGGGCGACAGAGTGAGACTCCTTCTC","GGCCGGGCGCAGTGGCTCACGCCTGTAATCCCAGCACTTTGGGAGGCCGAGGCAGGTGGATCACAAGGTCAGGAGTTCAAAACCGGCCTGGCCAAGATGGTGAAACCCTGTCTCTACTAAAAATACAAAAATTAGCTAGGCGCAGTGGCAGGTGCCTGTAATCCCAGCTACTTGGGAGGCTGAGGCAGGAGAATTGCTTGAAACCGGGTGGCAGAGGCTGCAGTGAGCCAAGATCGTGCCACTGCAATCCAGCCTGGGTGACAGAGTGAGACTCCATCTCA"
"KN294218v1","1289574","1289900","chr21","120625123","120625419","66","119335549","GGCTGGGCACAGTGGCTGACACCTGTAATCCCAGCACTTTGGGAGGCCGAGGCAGGCCTCCCAATCACGAAGGGATAGTGACCTCCTGATCACGAGGCCAGGAGTTCAAGACCAGCCTGACCAACATGGTGAAATCTGTCTCTACCACAAATACTAAAATTAGCTGCACATAGTGGCAGGCACCTGTAATCCCAGCCACCCAGGATGCTGAGGCAGGAGAATCACTTGAACCCAGGAGGTGGAGGTTGCAGTGAGCCAAGATCGCACCACTGCACTCAGCCTGGACGACAGAACGGGACTGCATTTCACAAAAAAAAGAAAACAAAA","GGCTGGGCATGGTGGCTCACGCCTGTAATCCCAGCACTTTGGGAGGCAGAGGTGGGTGGATCACAAGGTCAAGAGTTCAAGACCAGCCTGGCCAAGATGGTGAAATTCTGTCTCTACTAAAAATACAAAAATTAGCTGGGCGTGGTGGCAGGCGCCTGTAATCCCAGCTACTCAGGAGGCTGAGGCAGGAGAATCGCTTGAACCCAGGAGACGGAGGTTGCAGTGAGCTGAGATCGCACCACTGAACTCCAGCCTGAGCGACAGAGCATGACTCATCTCAAAAAACAAAAAACAAAA"
"KN294218v1","1386718","1386801","chrX","43385332","43385416","15","41998614","GGAGGTTCAGGAACAATATCGTGCCACTGCACTCCAGCCTAGGCAACAGAACGAGACTCTGTCTTAAAAAAAAAGAAAAGAAAA","GAGGTTGCAGTGAACCAAGATTGTGCCACTGCACTCCAGCCTGGGCGACAGAGTGAGACTCCGTCTCAAAAATAAAAAATGAAAA"
"KN294218v1","1392851","1392952","chr24","29611425","29611522","16","28218574","GGAGGTTGCAGTGAGTGGAAATCACGCCACTGCACTCCAGCCTGGGTGATAGAGTCAGACTCTGTCTCAAAATAAATAAATAAATAAATAATAAATAATAAA","GAGGTTGCAGTAAGCCAAGATCATGCCACTGCACTCCAGCCTGGGTGACAGAGTAAGACTCCATCTCAAAATAAAAAAAAAATAAAACTAAATAAAAA"
"KN294218v1","1553736","1553873","chr1","54191733","54191864","27","52637997","TTGGGAAGCTGAGCGAGGAACATCACTTGAGCCCCAGGGATGGAGGCTGCAGTCAGCCAAGATTGTGCCTCTGCACTCCAGCCTGTGTGACAGTGCAAGACCTGTCTCAAAAAAAAAAAAAAAAAGAAAAGAAAAGAA","GAGGCTGAGGCAGGAGAATCACTTGAACCCAGGAGGTGGAGGTTGCAGTGAGCCGAGATTGTGCCACTGCACTCCAGCCTGGGCCACAGAGTGAGACTCTGTCTCAAAAAAAAAAAAAAAAAAAAAAAAAAA"
"KN294218v1","1577444","1577753","chr5","66640620","66640927","50","65063176","GGCCGGGTGCAGTGGTTCACGCTTGTAATCCCAGCACTTTGGGAGACTGAGGCTGGTGGATCATGAGGTCAGGAATTCAGGACCAGCCTGGCCAACATAGTGAAATCTGTCTCTACTGAAAATACAAAAATTAGCCAGGCGAGGCTGTGGGCGCCTGTAATCCCAGCTACTTGGAAGGCCGAGGCAGAGAGACTTGCTTAAAATCCAGGAGGCGGAGGTTGCAGTGACCTGAGATCACGTCACTTGCACTCCAGCCTGGGGGATAGAGCGAGACTCCATCTCAAAAGAAAAAATCAAAAAACAAACAAAA","GGCCGGGCGCCGAGGCTCATGCCTGTAATCCCAGCACTTTGGGAGGCCAAGGCAGGTGGATCATGAGGTCAGGAGTTCCAGACCAGCCTGGCCAATATGGTGAAACCCTGTCTCTACTAAAAATACAAAAATTAGCTGGGTATGGTGGTGGGCGCCTGTAATCCCAGCTACTAGGGAGACTGAGGCAGGAGAATCGCTTAAATCCGAGAGGCGGAGGTTGCATTGAGCTAAGATCATGCCACTGCACTCCAGCCTGGGACACAGCGAGACTCCATCTCAAAACAAAAAACAAACAAAACAAAACAAAA"
"KN294218v1","1981738","1982030","chr25","59237084","59237377","37","57255346","GGCCAGGCGCGGTGGCTCACGCCGATAATCCCAGTGCTTTGGGAAGCCAAGGCAGGTGGACCACGAGGTCAGGAGTTCGAGACCAGCCTGGCCAGCATGGTGAAACCCCATCTCTATTAAAAATACAAAAATTAGCTGGGCATGGTGGCAGGCGCCTGTAATCCCAGCTACTCAGGAGGCTGAGGTAGGAGAATCGCTTGACCCCAGGAGGTGGAGGTTGCAATGAGCAGATATCATGTCATTGTACTCCAGCCTGGGTGATAAAGTGAGACTCCAAGAAAGAAAAGAAGAGA","GGCCAGGCACGGTGGCTCACGCCTGTATTCCCAGCACTTTGGGAGGCTGAGGTGGGTGGATCACGAGGTCAGGAGTTCAAGACCAGCCTGGCCAACATGGTGAAACCCCGTCTCTACTAAAAATACAAAAATTAGCTGGGCACGGTGGCGGGCGCCTGTAATCCCAGCTACTCAGGAGGCTGAGACAGGAGAATCACTTGAACCCAGGAGGTGGAGGTTGCAGTGAGCCGAGATCACGCCACTGCACTCCAGCCTGGGTGACAGAGTAAGACTCCAAAAAAAAAAGAAAAGAAA"
"KN294218v1","2050121","2050292","chr17","48522634","48522804","24","46472513","TACAAAATGTAGCCAGGCATGGTGGCGGGCACCTGTAATCCCAGCCACTCGGGAGGCTGAAGCAGGAGAATCATTTCAACATGGGAGGCAGAGGTTGCAGTGAATGGAGATCGCACCACTGCACTCCAGCCTGGGTGACAGAGTGAGACTCCGTCTCAAAAACAACAAAAAA","CAAAAATTACCCAGGTAAGGTGACGGGTGCCTGTAATCCCAGCTACTTGGGAGGCTGAGGCAGGAGAATCACTTGAACGTGGGAGGCAGAGGTTGCACTGAACTGAGATCGTGCCACTGCACTCCAGCCTGGGTGACAGAGTGAGACTCCATCTCAAAAAAATAAAAAAAA"
"KN294218v1","2153990","2154283","chr9","945818","946121","21","1208172","GGCTGGGTGTGGTGGCTCATGCCTGTAATCCCAGCACTCTGGGAGGCTGAGGCAGGTGGATCATGAGGTCAGGAGTTCAAGACCAGCCTGGCCAAGATGGTGAAGCCCTGTCTCTACTAAAACTGCAAAAATTAGCTGGGTGCGGTGGCAGGCATTTGTAATCCCAGCTACTCTGGAAGCTGAGCAGGAGAATTGCTTGAACCTGGGTGGCAGAGGTTGTGGTGAGTCAAGATCATGCTACTGCACTCCAGCCTGGGTGACAGAGTGAGACTCCGTCTCAAAAAACAAAACAAA","GGCTGGGCACGGTGGCTCATGCCTGTAATCCCAGCACTTTGGGAGGCTAAGGCAGGTGGATCATGAGGTCAGGAGTTCAAGACCAGCCTGGCCAAGATGGTGAAGCCCTGTCTCTACTAAAACTGCAAAAATTAGCTGGGTGCGGTGGCAGGCATTTGTAATGCCAGCTACTCTGGAAGCTGAGCAGGAGAATTGCTTGAACCTGGGTGGCAGAGGTGGTGGTGAGTGAAGATCATGCTACTGCACTCCAGCCTGGGCAACAGAGTGAGACTCCATCTCAAAAAACAAAACAAAACAAAAAAAA"
"KN294218v1","2223178","2223260","chr9","879491","879570","5","1343687","AGGTTGCAGTGAGCTGAGACTGTGCCACTGTACTCCAGCCTGGACTACAGAGGGAGACTCAGCCAAAAGAAAAAAAAAAAAAA","AGGTTGCAGGGAGCTGAGACTGTGCCACTGCACTCCAGCCTGGACTACAGAGGGAGACTCAGCCAAAAAAAAAAAAAAAA"
"KN294218v1","2285964","2286153","chr5","8682427","8682613","40","6396463","AAACCCCGTCTCTACTAAAAATACAAAAATTAGCCGGGTGTGGTAGTGGGCGCCTGTGGTCGCAGCTACTTGGGAGGCTGAGGCAAGTGAACTGCTTGAACCCAGGAGACGGAGGTTGTAGTGAGCCAGGATCGCACCATTGCATTCCAGCATGGGGGACAGAGCAAAACTCCATCTAAAAAAAAAAAAA","TGAAACCCCGTATCTAACAAAAATACAAAAATTAGCCAGGTGCAGTGGCAGACGCCTGCCAGCTACTTGGGAGGCTGAGGAATGAAAATTGCTTGAACCTAGGAGGCAGAGGTTGCGGTGAGCCAAGATCGTGCCGCTGCACTCCAGCCTGGGTGACAGAGTGAAACTCCGTCTCAAATAAAAAAAA"
"KN294218v1","2304612","2304866","chr9","802047","802295","17","1502565","CCAAGTCGGGTGAATCATGAGGTCAGGAGTTCGAGAGCAGCCTGGCCAAGAGGGTGAAACCCTGTCTCTACTAAAAAATACAAAAATCAGCCAGGCACAGTGGCAGGCGCCTGTAATCCCAGCTACTCGGGAGGCTGTGGCAGGAGAATCGCTTGAGCCTGGGAGGTGGGGCTTGAAGTGAGCCGAGATCGCGCCACTGCACTCTAGCCTGGGCAACAGAGTAAGATTCCGTCTCCAAAAAAAAGAAAAAAAAAA","CCAAGTCGGGTGAATCATGAGGTCAGGAGTTCGAGACCAGTCTGGCCAAGAGGGTGAAACCCTGTCTCTACTAAAAAATACAAAAATTAGCCAGGCACAGTGGCAGGCGCCTGTAATCCCAGCTACTCAGGAGGCTGAGGCAGGAGAATCGCTTGAGCCCGGGAGGCAGGGCTTGAAGTGAGCCGAGATCACGCCACTGCACTCTAGCCTGGGCAACACAGTAAGACTCCGTCTCAAAAAAAAAAAAAA"
"KN294218v1","2305509","2305658","chr9","801254","801400","14","1504255","GTAATCCCAGCTACTCAGGAGGCTGAGGCAGGAGGAGCACTTGAACCCGGGAGGCAGAGGTTGCAGTGAGCCAAGATCGCGTCACTGCATGCCAGCCTGGATGACAGAGCAAGACTCCGTCTCAAAAAAAAAAAAAAAAAAAGCAAGAAA","CCGTAATCCCAACTACTCGGGAGGCTGAGGCAGGAGAAGTGCTTGAACCCGGGAGGCAGAGGTTGCAGTGAGCCAAGATCGCGCCACTGCATGCCAGCCTGGATGACAGAGCAAGACTCTGTCTCAAAAAAAAAAAAAAGCAAGAAA"
"KN294218v1","2522109","2522222","chrUn_KE147540v1","1248353","1248467","17","1273756","GGAGGCTAAGGCAGGAAAATCGCTTGAGCACAGGCAGCGGAGGTTGCAGTGAGCCGAGACTGCGCCACTGTACTCCAGTCTGGGTGACAGAACGTAAAAAAAAAAAAAAAAAGA","GGAGGCTGAGGCAGGAGAATCACTTGAGCACAGGCGGCGGAGGTTGCAGTGAGCCGAGACCGCGCCACTGTACTCCAGGCTGGGTGACAGAACGAGACTCCATCTCAAAAAAAAA"
"KN294218v1","2648701","2648852","chr10_KE148023v1_random","287871","288019","25","2360830","GTCAGGCATGGTGGCGGGCACCTGTAGTTCCAGCTACTCAGCAGGCTGAGGCAGGAGAAGTGCTTGAACCTGGGAAGCGGAGGTTGCAGTGAGCCGAGATCATGCTACTGCACCCCAGTCTGGGAGACAGGGCAAAACTCCATCTCAAAAAA","TGTCGGGCACCTGTAGTTCCAGCTACTCAGCAGGCTGAGGCAGGAGAAATGCTTGAACCTGGGAGGTGGAGGTTGCAGTGAGCCAAGATCATGCTACTGCACCCCAGCCTGGGAGACAGGGGAAAACTCCATCTCAAAAACAACGAAAA"
"KN294224v1","86041","86325","chr21","35018958","35019244","37","34932917","GGGCACCGTGGCTCACACCTGTAATCCCAGCACTTTGGGAGGCTAAGGTGGGTGGATCACGAGGTCAGAAGTTCAAGAACAGCCTGGTCAGGATGGTTGAAACCCCGTCTCTACTAAAAATACAAAAATGAGCCAGGCATGGTGGCAGGCACCTGTAATCTCAGCTACTCGGCAAGTTGAGGCAGGAGAATTGCTTGAACCCGGGAGGCAGAGGTTGCAGTGAGCCAAGATCGTGCCACTGCACTCCAGCCTGGGTGACAGAGCAAGACTCCACCTCAAAAAAAA","GGCTGGGTGCAGTGGCTCACACCTGTAATCCCAGCACTTTGGGAGGCCAAGGTGGGTGGATCATGCGGTCAGGATTTCGAGACCAGCCTGGTCAAGATGGTGAAACCCCGTTTCTACTAAAAATACAAAAATTAGCCAGGCACGGTGGCGGGTGCCTGCAATCCCAACTACTCGGGAGGCTGAGGCAGGAGAATCACTTGAACCTGGGAGGCAGAGGTTGCAGTGAGCCAAGATTGCACCACTGCACTCCAGCCTGGGTGACAGAGCAAGACTCCATCTCAAAAGAA"
"KN294224v1","530735","530879","chr3","7785596","7785747","14","7254861","CAGGTACGTGGGAGGCTGAGGCAGGAGAATCGCTTGAACCTGGGAGGCGGAGGTTGCAGTGAGCTGAGATTGTGCCACTGCACTCCAACTTGGGCTACAGAGTGAGACTCTGTCTCAAAAAACAACAACAAACAAAAAAAACAAA","AACCCCAGGTACTTGGGAGGCTGAGGCAGGAGAATCGCTTGAACCTGGGAGGCGGAGGTTGCAGTGAGCTGAGATTGTGCCACTGCACTCCAACTTGGGCTATGGAGTGAGACTCTGTCTCAAAAAACAACAAACAAAAACAAAACCAAAAA"
"KN294224v1","537201","537505","chr3","7779229","7779532","14","7242028","GGCCGGGCGTGGTGGCTAACGCCTGTAATCCCAGCACTTTGGGAGGCTGAGGTGGGTGGACTACTGGAGGTCAGGAGTTTGAGACCAGCCTGACCAAGATGGTGAAACCCTGACTCTACTAAAACACAAAATTAGGCGGGCGTGGTGGTGGGCACTTGTAATCCCAGCTACTTGGGAGGCTGAGGCAGGAGAATCGCTTGAACCCGGGAGGTTGGAAGTTGCAGTGAGTCGAGATCGCGCCACTGCACTCCAGCCTGGGTGACAGAGGAAGACTCTGTCTCAAAAAAAAAAAAAAAAAAAAAAAA","GGCCGGGCATGGTGGCTCACGTCTGTAATCCCAGCACTTTGGGAGGCTGAGGTGGGTGGACTACCGGATGTCAGGAGTTTGAGACCAGCCTGACAAAGATGGTGAAACCCTGACTCTACTAAAATACAAAATTAGGCGGGCGTGGTGGTGGGCAAATGTAATCCCAACTACTTGGGAGGCTGAGGCAGGAGAATCGCTTGAACCCGGGAGGTTGGAGGTTGCAGCGAGTCGAGATCGCGCCACTGCACTCCAGCCTGGGTGACAGAGCAAGACTCTGTCTCAAAAAAAAAAAAAAAAAAAAAAA"
"KN294224v1","640642","640796","chr3","7689367","7689532","20","7048725","GTAGTGGGTGCCAGTAATCCCAGCTACTCAGGAGGCTGAGGCGGAAGAATCACTTAAGCCCAGGAGGTGGAGGTTACAGTAAGCCAAGATTGTGCCACTGCACTCCAGCCTGGGCGACAGAGGGAGACTCTGTCTCAAAAAAAAAAAAAAAAAAA","GTAGTGGGCGCCGGTAATCCCAGCTACCCGGGAGGCTGAGGCAGAAGAATCACTTAAGCCCAGGAGGTGGAGGTTATAGTAAGCCAAGACTGCACCACTGCACTCCAGCCTGGGCGACAGAGGGAGACTCTGTCTCCAAAAAAAAAAAAAAAAAAAAAAAAAAAAA"
"KN294224v1","665006","665174","chr11","108651238","108651415","27","107986232","CCAGACGTGGTGGCAGGCGCCTGTAACCCCAGTTACTCAGGAGGCTGAGGCAGGAGAATCACTTGAACCCGGGAGGCGGAGGTTGCAGTGAGCCGAGATCATGTCACTGCACTCCAGCCTGGGGCACAGCAGGACACTATCTCAAAAAAAAAAAAAAAAAAAAAAAAAA","AAATAGCCAGGCACGGTGGCAGGCACCTGTAATCCCAGCTACTCAGGAGGCTGAGGCAGGAGCATCACTTGAACCCGGGAGGTGGAGGTTGTAATGAGCCAAGATCAAGTCACTGCACTCCAGCCTGGGCAACAGAGTGAGACTGCTTCTCCAAAAAAAAAAAAAAAAAAAAAAAAAA"
"KN294224v1","755147","755373","chr21","119442218","119442448","28","118687071","GGCCAGGCGCAGTGGCTCACACCTGTTATCTCAGCACTTTGGAAGGCCGAGGCGGGTGGATCACGAGGTCAGGAGCTCAAGACCAGCCTGGCCAACATGGTGAAACCCCGTCTCTACTAAAAATACAAAAATTAGCTGGGTGTGTTGGTGGGCACCTGTAATCCCAGCTACTTGGGAGGCTGAGGCACAAGAACCGTTTGAACCCAGGAGGCGGAGGTTGCAGTGAG","GCCAGGTGCAGTGGCTCACACCTGTAATCCCAGCACTTTGGGAGGCCGAGGCGGGTGGATCACAAGGTCGGGAGTTCGAGACCAGCCTGGCCAATATGGTGAAACCCCGTCTCTACTAAAAATACAAAAATTAGCCGGGTGTGATGGCGGGCACCTGTAGTCCCAGTTACTTGGGAGGCTGAGGAGGAGAATCACTTGAACCCAGGAGGTGGAGGTTGCAGTAGGTTAAGA"
"KN294224v1","955058","955222","chr2","35368136","35368290","25","34413078","GCCATGCTTAGTGGCAGGTGCCTGTAATCCCAGCTACTCAGGAGACTGAGGCAGGAGAATCGCTTGAAACTGGGAGGTGGAGGCTGCAGTGAGCCGAGATCATGCCACTGCACTCCAGCCTGGGTGACAGAACAAGACTCTGTCTCAAAAAAAAAAAAAAAAAAA","TGGCAGGTGCCTGTAATCCCAGCTACTCAAGAGGTTGAGGCAGGGGAATCGCTTGAAACTGGGAGGTGGAAGTTTCAGTGAGCCGAGATCGTGCCACTGCACTCCAGCCTGGATGACAGAGCAAGACTCGGTCTCAAGAAGGAAAAAAAAAAAAA"
"KN294224v1","999832","1000000","chr10","19929334","19929499","23","18929502","CAAAAATTAGCCAGATGCTGTGGTGGGCGCCTGTAATCCCAGCTACTCTGGAGGCCGAGGCAGGAGAATCGCTTGAACCTGGGGGGCAGAAGTTGCAGTGAGCCGAGATCATGCCGCTGCACTCCAGCCTGGGTGACAGAGTAAAACTCTGTCTCAAAAAAAAAAAAAA","AAAAATTAGCTGGGCGCAGTGGTGGGCACCTGTAATCCCAGCTACTCAGGAAGCTGAGGCAGGAGAATCACTTGAACCTGGGAGGCAGAGGTTGCAGTGAGCAGAGTTGGTGCCACTGCACTCCAGCCTGGGTGACACAGCAAGACTCTGTCTCAAAAAAAAAAAA"
"KN294224v1","1027061","1027361","chr1","65106207","65106504","35","64079146","GCCGGGCGTGGTGACTCACACCTGTAATGCCAGCACTTTGGGAGGCTGAGCTGGGTGGATCATGAGGTCAGGAGTTCAAGACCAGCCTGGCCAACATGGTGAAACCCCATCTCTACTCAAAATACAAAAATTAGCCAGGCGTGGTGGTGGGCCTCTATAATCCCAGCTGCTCAGGAGGCTGAACCAGGAGAATGGCTTGAACCCAGGAGGCGGAGGTTGCAGTGAGCTGAGATCGCGCCACTGCACTCCAGCCTGGGGCGGCAGAATGAGACTCCATCTCAAAAACAAACAAACGAAAAAA","GGCCGGGCGCGGTGGCTCACGCCTGTAATCCCAGCACTTTGGGAGGCCGAGGTGGGTGGATCACGAGGTCAGGGGTTCGAGACCAGCCTGACCAACATGGTGAAACCCCATCTCTACTAAAAATACAAAAATTAGCTTGGCGTGGTGGCGGGCGCCTGTAATCCCAGCTACTCAGGAGGCTGAGGCAGGAGAATTGCTTGAACCCAGGAGGCGGAGGTTGCAGTGAGCTGAGATTGTGCCACTGCACTCCAGCCTGGGCAAAAGAGAGAGACTCCATCTAAAAAAAAAAAAAAAAAAA"
"KN294224v1","1047504","1047777","chr3","7279087","7279370","24","6231583","GGCTGGGCACAGTGGCTCATGCCTGTAATCCCAGCACTTTGGGAGGCCGAGGCGGGTGGATCACGAGTTCAGAAGTTTGAGACCAGCCTGGTCAAGATGGTGAAACCCCATCTGTACTAAAAATACAAAAACTAGCTGGGCGTGGTCGGGGGCACCTGTAATCCCAGCTACTTGGGAGGCTGAGGCAGGAGAGTCACTTGAACCCAAGAGGCAGAGGTTGCAAGCACGCCACTGCCCTCCAGCCTGGGCGACAGAGCAAGACTCCATCTCAAAA","GGCCGGGCGCAATGGCTCATGCCTGTAATCCCAGCACTTTGGGAGGCTGAGGTGGGTGGATCATGAGGTCAGAAGTTTGAGACCAGCCTGGTCAAGATGGTGAAACCCCATCTCTACTAAAAATACAAAAACTAGCTGGGCGTGATGGGGGGCACCTGTAATCCCAGCTACTTGGGAGGCTGAGGCAGGAGAGTCGCTTGAACCCAGGAGGCGGAGGTTGCAGTGAGCTGAGATGACGCCACTACCCTCCAGCCTGGGCGACAGAGCAAGACTCCATCTCAAAA"
"KN294224v1","1104777","1105048","chr9","93001276","93001549","48","91896499","GACTGGCCATGGTGACTCACACCTGTAATCCCAGCACTTTGGGAGGCCAAGGCGGGTGGATCACTTGGTCAGGAGTTTGAGACCAGCCTGGCCAAGATAGTAATACAAACTTAGCCGGGCGCAGTGGCAGGCGCCTGTAATCCCAGCTACTCAGGGGGCTGAGGCAGGGGAATTGCTTGAGCCTGGGAAGCAGGAGTTGTAGTGAGCCGAGATCGCACCACTGCACTCTAGCCTGGGTGACAGAGCAAGACTCCGTCTCAGAAAAAAAGAAA","GGGCGCAGTGGCTCACACCTGTAATCCCAGCACTTTGGGAGGCCGAGGCGGGTGGATCACGAGGTCAGGAGTTTGAGATCAGCCTGGCCAAGATGGTGAAACCCCATCTCCACCAGCGCAGTGGCAGGCACCTGTAATCCCAGCTACTCAGGAGACTGAGGCAGGAGAATCACTCGAACCCAGGAAGCAGAAGTTGCAGCGAGCTGAGATCGCATCACTGCACTCCAGCCTGGGCGACAGAGCAAGACTCTGTCTACAAAAAAAAAAAAAAAAA"
"KN294224v1","1286997","1287299","chr5","22901496","22901790","38","21614499","GGCCAGGCGCGGTGGCTCATGCCTGTAATCCCAGCACTTTGGGAGGCCGAGGTGAGTGGATCACAGGGTCAGGAGTTCGAGACCAGCCTGGCCAATATGGTGAAACTCTGAAACCCTGTCTCTACTAAAAGTACAAAAATTAGCCAGGCCTAGTGGCAGGTACCCGTAGTCCCAGCTACTTGGGAGGCTGAGGCAGGAGAATCACTTGAACCTGGGAAGCAGAGGTAGCAGTGAGCCAAGATCGCGCCACTGCACTCTAGCCTGGGCGACAGATTGAGACTGTGTCTCAAAAAAAAAAAAAAA","GGCCAGGCGCGGTGGCTCACGCTTGTAATCCCAGCACTTTGGGAGGCCGAGGCGGGTGGATCACAAGGTCAGGAGTTCCAGACCAGCCCAGCCAATATGGTGAAACCCCGTCTCTACTAAAAATACAAAAATTAGCTGGGCGCGGTGGTGGGTGGCTATAGTCCCAGCTACTTGGGAGGCTGAGGCAGGAGAATCGCTTGAACTTGGGAGGCGGAGGTTGCAGTGAGCCAAGATCGTGCCACTGCACTCCAGCCTGGGCGACAGAGTGAGACTCCGTCTCAAAAAAAAAAAAAAA"
"KN294224v1","1359191","1359403","chr22","19763747","19763965","27","18404556","GGCTGGGCGCGGTGGCTCACGCCTGTAATCCCAGCACTTTGGGAGGCCAAGGCGGGTAGATCACGAGGTCAGGAGTTCAAGACCAGCCTGGCCAAGATGGTGAAACCCTATCTCTACTAAAAATACAAAAATTAGCCAGGCACGGTTGCAGGTGCCTGTAGTCCCAGCTACACAGGAGGCTGAGGCAGGAGAATCGCTTGAACCCAGGGGACG","GGCCGGGCACAGTGGCTCACGCCCGTAATCCCAGAACTTTGGGAGGCCAAGGCAGGTGGATCACGAGGTCAGGAGTTCAAGACCAGCCTGGCCAAGATGGTGAAACCCCGTCTCTACTAAAAATACAAAAATTAGCCGGGCATGGTGACAGATGCCTGTAATCCCAGCTACTCGGGAGGCTGAGGCAGGAGAATCACTTGAACCTGGGTGGCAGGGGTT"
"KN294226v1","47969","48242","chr5","3502183","3502453","42","3454214","GGCCGGGCATGGTGGCTCACACCTGTAATCCCAGCTCTTGGGGAGGCTGAGGTGGGTGGATCATGAGGTCAGGGGTTCAAGACCAGCTTGGTCAATATAGTGAAACCCTGTCTCTACTAAAAACACAAAAAAGTTAGCCGGGTCGGGTGGCGGGTGCCTGTAATCCCAGCTACTTGGGAGGTTGAGGCAAGGAGAATCGCTTGAACCTGGAAGGTGGAGATTGCAGTGAGCCGAGATCATGCCACTGCACTCCAGGCTGGGTGACAGTGCAAGA","GGCCGGGCATGGTGGCTCACACCTGTAATCCCAGCACTTTGGGAAGCTGAGGTGGGTGGATCACGAGGTCAGGAGTTCGAGACCAGGCTGGCCAAGATGATGAAACCCCGTCTCTACTAAAAATACAAAAATTAGCTGGGTGTGGTGGCGGACACCTGTAATCCCAGTTACTCAGGAGGCTGAGGTGGGAGAATTGCTTGAACCCGGGAGGCGGAGGTTGTAGTGAGCCGAGATCGCATCACTGCACTCTAGCCTGGGTGACAGAGCAAGA"
"KN294226v1","119937","120230","chr13","29214233","29214530","14","29094296","GGCCAGACACGGTGGCTCATGCCTGTAATCTCAGCACTTTGGGAGGCCAAGTGGGTGGATCACAAGGTCAGGAGTTCGAGAACAGCCTGGCCAACATGGTGAAATGCCATCTCTACTAAAAATATAAAAATTGGTCAGGCATGGTGGTGGGCGCCTGTAATCTCAGCTACTCAGGAGGCTGAGGCAGGAGAATTGCTTGAACCTGGAAGGCGGAGGTTGCAATGAGCCGATATGGCGCCACTGCACTGCAGCCTGGGCAACAGAGTGAGACTCTGTCTTGAGGGAAAAAAAAAA","GGCCGGACACTGTGGCTCATGCCTGTAATCTCAGCACTTTGGGAGGCCAAGTGGGTGGATCACGAGGTCAGGAGTTTGAGAACAGCCTGGCCAACATGGTGAAATGCCATCTCTACTAAAAATACAAAAATTGGCCAGGCATGGTGGTGGGTGCCTGTAATCTCAGCTACTCAGGAGGCTGAGGCAGGAGAGTTGCTTGAACCTGGAAGGCGGAGGTTGCAATGAGCCGATATGGCACCACTGCACTGCAGCCTGGGCAATAGAGTGAGACTCTGTCTTGAGGGAAAAAAAAAAAAAA"
"KN294226v1","146618","146911","chr23","81672950","81673245","34","81526332","GGCTGGGTGTGGTGGCTCACACTTGTAATGCCAGCACTTTGGGAGGCCGAGGCGGGAGGATCATGAGGTCAGAAGTTCGAGAACAGCCTGGCCAACACAGTGAAACCCCATCTATACTAAAAATAGAAAAATTAGCTGGGTGTGGTGGCGGGCACCTGTAATCCCAGCTACTCAGGAGGCTGGGGCAGGAGAATTGCTAGGACCCAGGAGGCAGAGTTTGCAGTGAGCCAAGATCATGCCACTGCACTCTAGCCTGGGTGACAGAGCCAGACTCTGTCTCAAAAAACAAACAAA","GGTCGGGTGTGGTGGCTCATGCCTGTAGTCCCACCACTTTGGGAGGCTGAGGCAGGTGGATCACGAGGTCAGGAGTTCGAGACCAGCCTGGCCAATATGGTGAAACCCCATCTCTACTAACAATACAAAAATTAGCCAGGTGTGGTGGCGGGCACCTGTAGTCCCAGCTACTCGGGAGGCTGAGGCAGGAGAATTGCTTGAACCCAGGAGGCAGAGGTTGCAGTGAGCCAAGATCATGCCACTGCACTCCAGCCTGGGTGACAGAGCAAGACTCTGTCTCCAAAAAAAAAAAAAAA"
"KN294226v1","245766","246077","chr6","32795599","32795909","41","32549833","GGCTGGGCGTGGCAGCTCATACCTGTAATTCCAGCACTTTGGGAGGCCGAGGCAGGTGGATCACAAGGTCAGGAGTTTGAGACCAGCCTGGCCAAGATGGCGAAACTCCATCTCTATTAAAAAAAATACAAAAATTAGCCAGGTGCAGTGGCGGGTGCCTGTAATCCCAGCTACTCCAGAGGCTGAGGCAGGAGAATCACTTGAACTGGGAAGCAGAGGTTGCAGTGAGCTGAGATCGTACCACTGCACTCTAGCCTGGGCGATAGAGCAAGACTCCATCTCAAACAAAAAAAAAAGAAAGAAAAGAAAGAA","GGCTGGGCTTGGTGGCTCAAGCCTGTAATCCTAGCACTTTGGGAGGCCGAGGTGGGTGGATCACGAGGTCAGGAGTTTGAGACCAGCCTGGCCAAGATGGTGAAACCCCATCTCTACTAAAAATACAAAAGTTAGCCTGGGCGCGGTGGCAGGTGCCTGTAGTCCCAGCTACCCAGGAGGCTGAGGCAGGAGAATCACTTGAATCCGGAAGGCGGAGGTTGCAGTGAGCTGAGATCGTGCCACTGCACTCTAGCCTGGGTGACAGAACAAGACTCTGTCTCAAAAAAAAAAAAAAAAAAAAAAGGAAGGAA"
"KN294226v1","405728","405833","chr6","8198811","8198916","21","7793083","TGAGGCAGGAGGATTGCTTGTACCCAGGAGTTAGAGGTTACAGTGAGTTATGATTGTGCCAGTGCACTCCCGCCTGGGTGACAGAGAGAGAATCTATCTACAAAAA","TGAGGCAGGAAAATTGCAGGAACCCAGGAGGTAGAGGTTCCAGTGAGCCAAGAGCGTGTCACTGCACTCCAGCATGGGTGACAGAGTGAGACTCCATCTCAAAAAA"
"KN294226v1","627730","627841","chr22","68066876","68066983","15","67439146","TTGAACCTGGGAGGCGGAGGTTGCAGTGAGCTGAGATGGTGCCACTGGACTCCAGCCTGGGCTACAGAGTGAGACTCCCTCTCAAAAATAAAATAAAAAATAAAATTAAAAA","TGAACCTGGGAGGTGGAGGTTGCAGTGAGCCGAGATGGCGCCACTGCACTCCAGCCTGGGCGACAGAGCGAGACTCCGTCTCAGAAAAAAAAAAAAAAAAAAAAAGAA"
"KN294226v1","647618","647740","chr13","29750048","29750169","3","29102430","AGCTACTTGGGAGGCCGAGGCAGGAGAATCATTTGAACCTGGGAGGCGGAGGTTGCAGTGAGCTGAGATCATGCCACTGCACTCCAGCCTGGGCGACAGAGTGAGACTCTTGTCTCAAAAAAA","AGCTACTTGGGAGGCCGAGGCAGGAGAATCACTTGAACCTGGGAGGCAGAGGTTGCAGTGAGCTGAGATCATGCCACTGCACTCCAGCCTGGGCGACAGAGTGAGACTCTGTCTCAAAAAAA"
"KN294226v1","872576","872872","chr8","9650849","9651146","38","8778273","GGCCAGGCGCAATGGCTCACACCTGTAATCCCAGCACTTTGGGAGGCCGAAGCGGGTGAATCACGAGGTCAGGAGTTCAAGACCAGCCTGACCAACATGGTGAAACCCCGTTTCTACTAAAAATACAAAAATTAGCCAGGCATAGTGGTGGGTGCCTGCTATCCCAGCTACTTGGGAGGCTGAGGCAGGAGAATTGCTTGAACCTGGGAGAGCGAGGTTGAAGTGAGACGGGATCACGACATTGCACTCCAGTCTAGGCAACAGAGTGAGACTCCATCTCAAAAAAAAAAAAAAAAA","GGCTGGGCGCAGTGGCTTATGCCTGTAATCCCAGCACTTTGGGAGGCCAAGGCGGGTGGATCATGAGGTCAGGAGTTCGAGACCAGCCTGGCCAAGATGGTGAAACCCCGTCTCTACTTAAAATACAAAAAATTATCCAGGCATTGTGGTGGGCGCCTGTAATCCCAGCTATTTGGGAGGCTGAGGCAGGAGAATCACTTGAACCTGGGAGGCAGAGGTTGCAGTGAGCCGAGATTGGGCCACTGCACTCCAGCCTGGGCTAAAGAGTGAGACTCCATCTCAAAAAAAAAAAAAAAAA"
"KN294226v1","970799","971099","chr13","30069593","30069895","15","29098794","GGCCAGGCACGGTGGCTCACGCCTGTAATCCCAGCACTTTGGGAGGCCGAGGCAGGTGGATCACGAGGTCAGGAGTTCAAGACCAGTCTGGCCAAGATAGTGAAACCCTGTCTCTAATAAAAATGCAAAAATTAGCTAGGCATGGTGGCAGGTGCCTGTAATCCCGGCTACTCAGGAAGCTGAGGCAGGAGAATCACTTGAACCTAGGAGGCAGAAGTTGCAGTGAGCAGAGACCATACCATTGCACTCCAGCCTGGGTGACAGAGTAAGACTCCATCTCAAAAAGAAAAGAAAAAGAAAA","GGCCAGGCACGGTGGCTCACGTCTGTAATCGCAGCACTTTGGGAGGCCGAGGCAGGTGGATCACGAGGTCAGGAGTTCAAGACCAGCCTGGCCAAGATAGTGAAACCCCGTCTCTAATAAAAATGCAAAAATTAGCTAGGCATGGTGGCGGGCACCTGTAATCCCGGCTACTCAGGAGGCTGAGGCAGGAGAATCACTTGAACCCAGGAGGCAGAAGTTGCAGTGAGCAGAGACCATACCATTGCACTCCATCCTAGGTGACAGAGTAAGACTCCATCTCAAAAAAAACAAAGAAACAGAAAA"
"KN294229v1","9224","9394","chr2","81247077","81247245","24","81237853","ATTGGCCGGGCGTGGTGGCGGGCGCCTGTAGTCCCAGCTACTTGGGAGGCTGAGGCAGGATAATCACTTGAATCCAGGAGATGGAAGTTGCAGTGAGCTGAGATGGCACCATTGCACCCCAGCCTGGGTGACAGAGCGAGACTCCATCTCAACAACAACAACAACAAAAAA","TTAGCCAGGCGTGGTGGCAGGTGCCAGTAGTCCCAGCTACTCAGGAGGCTGAGGTAGGAGAATCACTTGAATCTGGGAGATGGAGGTTGCAGTGAGCAGAGATCTCACCACTGCACTCCAGCCTGGGTGACAGAGCAAGACTGCATCTCAAAAACAAACAAACAAAAAA"
"KN294229v1","23586","23724","chr6","23937110","23937257","30","23913524","TTAGCGAGGGGTGGTGGCGGGTGCCTGTAATCTCAGCTACTCAGGAGGCTGAGGCAGAATTGCTTGAACCAGGGAAGCAGAGTTTGCAGTGAGCCAAGATTGCACCACTGCACCCCAGCCCGGGTGACACAGTGAGACT","TTAGCCGGGAGTGGTGCCAGATGCCTGTAATTCCGGCTACTCAGCAGGCTGAGGCAGGAGAATTTCTTGAACCCAGGAGGCGGAGTTTGCAGTGAGCCAAGATAGCACCACTGCACTCCAGCCTGGGTGACAGAGCAAGACTCCATCT"
"KN294229v1","62619","62905","chr11","31104580","31104872","17","31041961","GGCCGGGTGCTGTGGGTCACACCTGTGATTCTAGTACTTTGGGAAGCCGAGGCAGGTGGATCACGAGGTCAGGAGTTATAGACTAGCCTGGCCAAGATGGTGAAACCCCGTCTCTACTACAAATACAAAAAAATTAGCCAGACGTTGGGGCAGGTGCCTGTAATCCCAGCTACTTGGGGGTTGAGGCAGGAGAATTGCTTGAACCCGGGAGGCGGAGGTTGCAGTGAGCTGAGATTGAGCCACTGCACTCCAGCCTGTGTGACAGAGCAAGATTCTGTCTCAAAAAA","GGCTGGGAGCTGTGGGTCACGCCTGTGATTCTAGCACTTTGGGAAGCCGAGGCAGGTGGATCACGAGGTCAGGAGTTATAGACTAGACTGGCCAAGATGGTGAAACCCCGTCTCTACTACAAATACAAAAAAATTAGCCAGACGTTGGGGCAGGTGCCTGTAATCCCAGCTACTTGGAGTCTGAGGCAGGAGAATTGCTTGAACCCGGGAGGCGGAGGTTGCAGTGTGCTGAGATTACGCCACTGCACTCCAGCCTGTGTGACAGAGCAAGATTCTGTCTCAAAAAAAAAAAA"
"KN294229v1","68448","68586","chr21","95187904","95188038","18","95119456","ACTTGGGAGGCTGAAGCAGGAGAATATCGAACCTGGGAGGCAGAGATTGCAGTGAGCCGAGATTGCACCATTGCACTGCAACCTGGGCAACAAAGTGAGGCTCCGTCGCAAAAAAAAAAAAAAAAGAAGAAGAAGAAAA","TTGGGAGGCTGAGGCAGGAGAATCACTTGAACCTGGGAGGCAGAGGTTGCAGTGAGCCGAGATTGCACCATTGCACTCCAGCCTGGGCAACAGGGTGAGACTCTGTCTCAAAAAAAAAAAAAAAAAAAAAAAAAA"
"KN294229v1","79712","79893","chr14","18470427","18470606","30","18390715","TAGCCAGGCATGTGGCGGGTGCCTGTAATCCCAGCTACTTAGGAGGTTGAGGCAGGAGAATCGCTTGAACCTGGGAGGCAGAAGTTGTAGTGAGCCGAGATCGTGCCACTTCACTCCAGCCTGGGCAACAAAGCAAGACTTTGCCTCAAAAAAAAAAAAAAAAAAAAAAAAAAAAAAAAAAA","TTAGCCAGGTGCAGTGGCAGGTGCCTGTAATCCCAGCTACTCAGGAGGCTGAGGCAGGAGAATTGCTTGAACTTGGAGGGCGGAGGTTGCAGTGAGCTGAAATCACGCCACTGTACTCCAGCCTGGGCAACAAAGTGAGATTCCATCTCAAAAAAAAAAAAAAAAAAAAAAAAAAAAAAA"
"KN294229v1","82529","82661","chr7","60547984","60548121","21","60465455","TGGCAGGTGACCGTGATCCCGGTTACTCGGGAGGCTGAGGCAGGAGAATCGCTTGAACAGGGAGGCAGAGGTTGCAGTGAGCCAAGATTGCACCACTGCACTCCAGCCTGGGTGACAGAGCAAGGCTCTGTCT","GGTGGCAGGCGCCTGTAATCCCAGCTACTCGGGAGGCTGAGGCAAGAGAATCACTTGAACCTGGGAGGCGGAGGTTGCAGTGAGCCAAGATTGTGCCACTGCACTCCAGCCTGAGTGACAGAGCAAAACTCCGTCTCA"
"KN294229v1","100374","100549","chr21","107819096","107819263","33","107718722","TAGCAGGGCGTGGTGCAAGGCACCCGTAATCCTAGCTATGTGGGAGGCTGGAGGCAGGAGAATCACTTGAGCTCGGGAGGTAGAAGTTGCAGTGAGCGGAGATCGCAACACTACACTCCAGCCTGGGTGACAGAGCGAGACTCTGTCTCAAAAAAAAAAAAAAGGAAAAAGAAAAA","TAGCCAGGTAAGGTGGCGGGCACCTGTAATCCAGCTACTTGGGAGGCTGGGGCAGGAGAATCGCTTGAACCCAGGAGGCAGAGGTTGCAGTGAGCTGAGATCGCGCCACTGCACTCCAGCCTGGGCGACAAGAGTGAGACTCTGTCTCAAAAAAAAAAAAAAAAAAAA"
"KN294229v1","137584","137668","chr6","2957395","2957480","11","2819811","GAGGTTGCGGTGAGCCGAGATCGCGCCACTGCACTCCAGCCTGGGCAACTGAGCGAGACTGTGTCTAAAAAAAAAAAACAAAAAA","AGGTTGCAGTGAGCCAAGATCGCGCCACTGCACTCCAGCCTGGGCAAAGGAGCGAGACTCCATCTCAAAAAAAAAAAAGAAAAAGA"
"KN294229v1","170512","170730","chr16","74851808","74852031","45","74681296","GGTTGGGCACGGTGGCTCACACCTGTAATCCCAGCACTTTAGGAGGCTGGATCATGAGGTCAGGAGTTCAAGACCACCCTGGCCAACATGGAGAAACTCTGTCTCTACTAAAAAATACAAAAATTAGCCTGGCATGGTGGCGGGTGCCTGTAATCCCAGCTACTGAGGAGGCTACGGTAGGGTGAATTGCTTGAACCCAGGAGGCAGAGGGTGCAGTAA","GGCCAGGGGGGTGGCTCACCCCTGTCATCCCAGCACTTTGGGAGGCTGAGGCGGGTGGATCACAAGGTCAGGAGTTCAAGACCAGCCTGGCCAAGATGGTGAAACCCTGTCTTTACTGAAAATACAACAATTAGCCAGGCGTGGTGGCGGGCGCCTGTAATCCCAGCTACTCGGGAGGCTGAGGCAGGAGAATGGCGTGAACCCGGGAGGCGGAGCTTGCAGTG"
"KN294229v1","195103","195270","chr1","117375330","117375494","24","117180227","TTAGCTGGGTGTGGTGGTGGGAGCCTGTAGTCCCAGCTCCCGGGGAGGCTGAGGCAGGAGAATTGCTTGAACCCGGGAGGCAGAGGTTGCAGTGAGCTGAGATTGTGCCATTGTACTCCAGCCTGGGTGACAGAGCGAGACTCCATCTCAAAAATAAAAATAAAGAAA","TTAGCTGGGTGCAGTGGCAGGTTCCTGTAATCCCAGCTACTTGGGAGGCTGAGGCAGGAGAATTGCTTGAACCCGGCGGGGCAGAGGTTGCAGTGAGCTGAGATCATGCCACTGCACTCCAGCCGGGGTGACAGAACGAGACTCCGTCTCAAAAAAAAAAGAAAA"
"KN294229v1","265217","265518","chr11","30914892","30915189","18","30649675","GGCCAGGCGCGGTGGCTCACGCCTGTAATCCCAGCAGTTTGGGAGGCCAAGGTGGGTGGACAATGAGGTCAGGAGTTCAAGGCCAGCCTGGCCAAGATGGTGGATCCCCATCTCTACTAAAAATACAAAAATTAGCGGGGCACAGTGGCTGAAGCTTGTAATTCCAGCTACTCGGGAGGCTGAGGCAGGAGAATCACTTGAACTCGGGCGGCAGAGGTTGCAGTGAGCTGAGACCAAGCCGCTGTACTCCAGCCTGGGTGACAGAGTGAGACTCCGTCTCAAAAAAAAAAAAAAAAAAAAAA","GGCCAGGCGTGGTGGCTCACGCCTGTAATCCCAGCAGTTTTGGAGGCCAAGGCGGGTGGATAATGAGGTCAGGAGCTCAAGGCCAGCCTGGCCAAGATGGTGGATCCCCACCTCTACTAAAAATACAAAAATTAGCGGGCACGGTGGCTGAAGCTTGTAATTCCAGCTACTTGGGAGGCTGAGGCAGGAGAATCACTTGAACTCGGGCGGCAGAAGTTACAGTGAGCTGATACCAAGCCACTGCACTCCAGCCTGGGTGACAGAGTGAGACTCCGTGTCAAAAAAAAAAAAAAAAAAA"
"KN294229v1","298722","299006","chr11","30883202","30883490","6","30584480","GACCGGGTGCGGTGGCTCACACCTGTAATCCCAGCACTTTGGGAGGCATTGGTCAGTAGATCACGTGGTCAGGAGTTCAAGACCAGCCTGGCCAAGATTATGAAACCCCGCCTCTACTAAAAGTACAAAAATTAGGCACGGTGGCAGGTCCCTGTATTCCCATCTTCTTTGGAGACTGAGGCAGGAGAATTGCTTGAACCCGGGTGGCAGAGGTTGCAGTGAGCCGAGATTGCACCACTGCACTCCAGCCTGGGAGACAGAGTGAAACTCTGTCTCAAAAATAAA","GACCGGGTGCGGTGGCTCACACCTGTAATCCCAGCACTTTGGGAGGCATTGGTCGGTAGATCACGTGGTCAGGAGTTCAAGACCAGCCTGGCCAAGATTATAAAACCCCGCCTCTACTAAAAGTACAAAAATTAGTCAGGCACGGTGGCAGGTCCCTGTATTCCCATCTTCTTTGGAGACTGAGGCAGGAGAATTGCTTGAACCCGGGTGGCAGAGGTTGCAGTGAGCCGAGATTGCACCACTGCACTCCAGCCTGGGAGACAGAGTGAAACTCTGTCTCAAAAATAAA"
"KN294229v1","302166","302254","chr1","32663530","32663618","16","32361364","CGCTTGAACCCAAGAGGTGGGGGTCGCAATGAGTGGAGATCACACCACTGCACTGCAGCCTGGGTGAAAGAGCAAGACTCTGTCTCAAA","CGCTTGAACCCGGGAGGCGGAGCTTGCAGTGAGCTGAGATCGTACCACTGTACTCTAGCCTGGGTGACAGAGCAAGACTCCGTCTCAAA"
"KN294230v1","70010","70077","chr24","73991686","73991747","27","73921676","TGGTGAAATCCCATCTCTGCTAAAAATACAAAAATTACCTAAGTGACAGAGAAGCCAGCTGCAATCCC","CCCCCGTATCTACTAAAAATATAAAAATTAGCTGGGCACAGTGGCAGGTGCATGTAATCCCA"
"KN294233v1","364752","365035","chr20","123471137","123471428","37","123106385","GGCCAGATGTGGTGGCTCATGCCTGTAATCCCAGCACTTTGGGAGGCCGAGGCAGGTGGATCACAAGGTGAGGAGTTTGAGACCAGCCTGGCCAAAATGGTGAAAGTCCATCTCTACTAAAAATACAAAAATTAGCCCAGTGTGGTGGCAGGTGCCTGTAGTCCCAGCTACTCAGGAGGCTGAGGTGGAAGAATTGTTTGAACCCAGGAGGCAGAGGTTGCATCGAGCTGAGATCATGCCACTGTACTCCAGCCTGGGCAACAGAGTGAGACTCTGTCTCAAAA","GGCCAGGTGTGGTGGCTCATGTCTGTAATCCCAGCACTTTGGGAGGCCGAGGCAGGTGGATCACAAGGTCAGGAGTTAAAGACCAGCCTGGCCAAAATGGTGAAACCCCATCTCTACTAAAAATACAAAGATTAGCCAGGCATGGTGGCAGGTGCCTGTAATCCCAGCTACTTTGGGAGGCTGAGGCAGGAGAATCACTTGAACCCAGGGGGCAGAGGTTGCAGTGAGCTGAGATCATGCCACTGCACTCCACCCTGGGCGACAGAGCGAGACTTTGTCTCAAAAAAAGAAA"
"KN294233v1","417508","417792","chr26","10699864","10700150","39","10282356","GCTCATGCCTGCAATACCAGCACTTTGGGAGGCTGAGGTGGGTGGATCATGAGGTCAGGAGTTCAAGACCAGCCTGGCCAAGATGGTGAAACCCCATCTGTACTAAAAGTACAAAAATTAACTGGGCATGGTGGTGGGCGCCTGTAATCCCAGCTACTTGGGAGGCTGAGACAGAATTGCTTGAACCCGGGAGGCGGAGGTTACAGTGAGCAGAGATCACACCACTGCACTCCAGCCTGGTTGACAGAGTGAGACCCCGTCTCAAAAAAGGAAAAAAGAAAGAAA","CTCAAGCCTGTAATCCCAGCACTTTGGGAGGCTGAGGCGGGTGGATCATGAGGTCAGGAGTTCGAGACCAGCCCGGCCAAGATGGTGAAACCCCATCTCTACTGAAAATACAAAAATTAGCTGGGCATGGTGGTGGGCACCTGTAATCCCAGCTACTTGGGAGGCTGACGCAGGAGAATCGCTTGAACCCGGGAGGTGGAGGTTGCAGTGGGCTGAGACTGTGCCACGGTACTCCAGCCTGGGTGACAGAGTGAGACTGTCTCAAAAAACAAACAAACAAACAAAAA"
"KN294233v1","497108","497392","chr7","13226957","13227240","16","12729849","GGAGGCTCACGCCTGTAATCCCAGCACTTTGGGAGGCCAAGGCAGGTGAATCACAAGGTCAGGAGTTCAAGACCAGTCTGGCCAATATGGTGAAACCTCGTCTCTACTAAAAATACAAAAATTAGCCAGGTGTGGTGGCGGGTGCCTGTAATCCCAGCTACTTGGGAGGCTGAAGCAGCAGAACCACTTAAGTCCGGAAGGCGGTGGTTGTAGTGAGTTGAGATCACACCACTGCACTCCAGCCTGGCGACAGAGTGAGACTCTGTTTAAAAAAAAAAAAAAAAA","GGAGGCTCACGCCTGTAATCCCAGCACTTTGGGAGGCCAAGGCAGGTGAATCACAAGGTCAGGAGTTCGAGACCAGTCTGGTCAATATGGTGAAACCCCGTCTCTACTAAAAATACAAAAATTAGCCAGGCATGGTGGCGGGTGCCTGTAATCTCAGCTACTTGGGAGGCTGAAGCAGCAGAACCGCTTAAGCCAGGAAGGTGGTGGTTGTAGTGAGTTGAGATCACACCACTGCACTCCAGCCTGGCGACAGAGTGAGACTCTGTTTTTTTAAAAAAGAAAAA"
"KN294233v1","516563","516685","chr6","518047","518158","25","1484","ACCCGGGAGGTGGAGGTTACAGTGAGCCAAGATCGCGCCATTGCACGCCAGCCTGGGCGACAGAGTGAGACTCCGTCTCAAGTAAATAAAATAAAATAAATAAATAAATAAATAAATAATAAA","ACCCGGGAGGTGGAGGCTGCAGTGAGACGAGATCGTGCCACTGCACTCCAGGCTGGGTGACAGAGCAAGACTCAGACCCTAAATAAATAAATAAATAAATAAATAAATAAAA"
"KN294233v1","583380","583544","chr1","80523957","80524122","28","79940577","AATTAGCTGGGCGTGGCGGCAGGTGCCTGTAATCCTAGCTACTAGGGAGGCTGAGGCAGGAGAATCACTTGAACCCAGGAGGCAGAGGTTGCAGTGAGCCGAGATCGTGCCACTGTTCTGCAGCCTAGGTGACAGAGTGAGACACTATCTTAAATAAAAAAAAAA","AATTAGCTGGACACGGTGGCAGGTGCCAGTAATCCCAGCTACTTGGGAGGCTAAGGCAGGAGAATTGCTTGAACTCAGGCGGCAGATGTTGCAGTAAGCCGAGATCACACCACTGCACTCCAGCCTGGGTGACAGAGTGAGATTCTGTCTCAAAATAAATAAACAA"
"KN294233v1","702811","702900","chr7","13026508","13026594","5","12323697","GAGCTGGAGGTTGCAGTGAGCCAAGATCACACCACTGCACTCCAGCCTGGGCGACAGAGCAAGACTCCATCTCAAAAAAAAAAAAAAAAA","GAGCTGGAGGTTGCAGTGAGCCAAGATCACACCACTGCACTCCAGCCTGGGTGACAGAGCAAGACTCCATCTCAAAAACAAAAAAAA"
"KN294234v1","185814","185942","chr2","43414929","43415064","22","43229115","GGGGGGCTGAGACAGGAAAATTGCTTGAACCTGGGAGGCAGGGGTTGCAGTGAGCTGAGATCGGGCCACTGCACTCCAGCCTGGGCAACAGATACTTTATCTAAAGAAAAAAAAAAAAAGAAAAAAAAA","CAGGAGGCTGAGGCAGGAGAATCGCTTGAACCTGGGAGGCAGAGGTGGCAGTGAGCCGAGATCATGCCACTGCACTCCAGCCTGGGCAACAGAGCAAGACTCTGTCTCAAAAAAAAAAAAAAAAAAAAAAAAAAAA"
"KN294234v1","208707","208970","chr8","2627437","2627687","23","2418730","GCTGGGCGTGGTGGCTCACGCCTGTAATCCCAGCACTTTGGGAGGCTGAGGTGGGTGGATCATGAAGTCAGGAGTTCAAGACCAGTCTGGCCAAGATGGTGAAACCCTGCCTCTGCTAAAAGTACAAAAATTAGCTAGGTGCAGTGGTGGGTGCTGTAATCCCAGCTACTCGGGAGGCTGAGGCAGGAGAATCACTTGAACCTGGGAAGTGGAGGTTGCAGTGAGTCGAGATCATGCCACTGTACTCTAGCCGGGGTGACTGAG","GCTCACGCCTGTAATCCCAGAACTTTGGGAGGTTGAGGTGGGTGGATCATGAAGTCAGGAGTTCGAGACCAGCCTGGCCAAGATGGTAAACTCCTGCCTCTGCTAAAAATACAAAAATTAGCTAGGTGCAGTGGTGGGTGCTGTAATCCCAGCTACTCGGGAGGCTGAGGCAGGAGAATCACTTGAACCTGGGAAGTGGAGGTTGCAGTGAGTCAAGATCATGCCACTGTACTCTAGCCTGGGTGACAGAG"
"KN294234v1","227346","227415","chr8","2609097","2609167","3","2381751","GTTGCAGTGAGCCGAGATCGTGCCACTGCCCTCCAGCTTGGGTGACAGAGTAAGACTGCGTTCAAAAAAA","GTTGCAGTGAGCCGAGATCGTGCCACTGCCCTCCAGCTTGGGCGACAGAGTAAGACTCCGTTTCAAAAAAA"
"KN294234v1","322656","322963","chr8","2511020","2511327","12","2188364","GGCGGGGCGTGGAGGTTCACGCCTGTAATCCCAGCACTTTGGGAGGCCAAGGTGGGTGGTTCACAAGGTCAGGAGTTTGAGACCAGCCTGGCCAACATGGCAAAACCCCATCTCTACTAAAACTACAAAAATTAGCCGGGCGTGGTGGCGGGCACCTGTAATCCCAGCTGCTCAGGAGGCTGAGGCAGGAGAATTGCTTGAACCCAAGAGGCGGAGGTTGCAGTGAGCCGAGATCTCACCAGTGCACTCCAGCCTGGGTAATAGAGGGAAACTCCATCTCAAAAAAGAAAAAAAGAAAGAAAAAGAAA","GGCTGGGTATGGAGGCTCATGCCTGTAATCCCAGCACTTTGGGAAGCCGAGGTGGGTGGTTCACAAGGTCAGGAGTTTGAGACCAGCCTGGCCAACATGGCAAAACCCCATCTCTACTAAAACTACAAAAATTAGCCGGGCGTGGTGGTGGGCACCTGTAATCCCAGCTGCTCAGGAGGCTGAGGCAGGAGAATTGCTTGAACCCAAGAGGCGGAGGTTGCAGTGAGCCGAGATCTCACCACTGCACTCCAGCCTGGGTCACAGAGGGAGACTCCATCTCAAAAAAGAAAAAAAGAAAGAAAAAGAAA"
"KN294234v1","349636","349928","chr21","100099667","100099959","35","99750031","GACTGGGCACGGTGGCTCATGCATGTAATCCCAGCACTTTGGGAGGCTGAGGCGGGTGGATCACGAGGTCAGGAGTTCAAGACCAGCCTGGCCAACATGGTGAAACCCCATCTCAACTAAAAATACAAAAATTAGCCGGGCATCATGGTGGGCACCTGTAATTCCAGCAAACTCGGGAGGCTAAGGCAGGAGAATTGCTTGAACCTGAGAGGTGGAGGTTGCAGTGAGCTGGAATTGCACCACTGCACCCCAGCCTGGGCGATAGAGCAAGACTCCATCTCAAAAACAAAAAA","GGCTGGGCGCGGTGGCTCACGCCTGTAATCCCAGCACTTTGGGAGGCTGAGGTGGGTGGAACACGAGGTCAGGGCTTCGAGACCAGCCTGACCAACATGGTGAAACCCCATCTCCACTAAAAATACAAAAATTAGCTGGGCGTGGTGGCGGGCGCCTGTAATCCCAGCTACTCAGGAGGCTGAGGCAGGAGAATTGCTTGAACCCGGGAGGTGGAGGTTGCAGTGAGCCGAGATTGCGCCACTGCACTCCAGTCTGGGCGACAAAGCGAGACTCCATCTCAAAAAAAAAAAAA"
"KN294234v1","497829","497990","chr25","27497903","27498067","26","27000074","TAGCTAGGCATGGTGGTGGGCACCTGTAGTCCCAGCTACTCAGGAGGCTGAGGCAGGAGAATCGCTTGAACCCAGGAGATGGAGGTTACAGTGAGTCGATATCACGCCACTGCACTCCAGCCTCGGTGACATAGCAAGACTCTGCCACAAACACACAAAAAA","ATCAGCCATGCAAGGTGGCAGGCACCTGTAATCCCAGCTACTCGGGAGGCTGAGGCAGGAGAATCGCTTGAACCCAGGAGGCGGAGGTTACAGTGAGCTGAGATCGTGCCACTGCACTCCAGCCTGGGTGACAGAGCAAGACTGTCTACAAAAAAAAAAAAAAAA"
"KN294234v1","552227","552322","chr6","1144352","1144440","22","592125","GGAGAGTTGCTTGAACCCAGGAGCCGAGATCACGCCACTACACTATAGCTTGGGTGACAGCAAGATCCTCTCTCAAAAAAAAGAAAAGAGAAGAAA","GCAGAGGTTGCAGTGAGCTGAGATCACGCCACTGCACTCCAGCCTGGGTGACAGAGCAAGACTTCGTCTCAAAAAAAAAAAAAAAGAAA"
"KN294234v1","574742","575036","chr8","2264586","2264872","17","1689844","GGGAGCGGGGCTCATGCCTGTAATCCCAGCAATCTGGGAGGCTGAGGTGGGTGACTCATGAGGTCAGGAGTTCAAGACCAGCTTGGCCAATATGGGGAAACCCCATCTCTACTAAAAATACAAATATATATCTATTAGCTGGGCATAGTGGCAGGTGTCTGTAATCCCAGCTACTCAGGAGGCTGAGGCAGGAGAATCAGGAGGCAACGGTTGCAGTGAGCCACGACTGTGCCACTGCACTCCAGCCCAGGCGACAGAGTGAGACTCCATCTCAAAAAAATGAAATAAAATAAAA","GGCTCATGCCTGTAATCCCAGCACTCTGGGAGGCTGAGGCTGGTGACTCATGAGGTCAGGAGTTCAAGACCAGCTTGGCCAATGTGGCGAAACCCCATCTCTACTAAAAATACAAATATATATCTATTAGCTGGGCATAGTGGTGGGTGCCTGTAATCCCAGCTACTCAGGAGGCTGAGGCAGGAGAATCAGGAGGCAACGGTTGCAGTGAGCCACGATTGTGCCACTGCACTCCAGCCCAGGCGACAGAGTGAGACTCCATCTCAAAAAAATGAAATAAAATAAAA"
"KN294234v1","697159","697470","chrUn_KE147541v1","229930","230239","37","467229","GGCCGGGTGCGGTGGCTCACGCCTGTAATCCCAGCACTTCGGGAGGCCAAAGCGGGTGGATCACAAGGTTAGGAGTTCGAGACCAGCCTGGCCAATATGGTGAAACCCCGTCTCTATAAAAACACACACAAAAATTAGCCAGGCGTAGTGGCGGGTGCATGTAGTCCCAGCTACTTGGGAGGCTGAGGCAGGAGGAACCCTTGAACCCAGGAGGCAGAGGTTGCAGTGAGCCACCATCGCACCACTGCACTCCAGCCTGGGCGACAGAGCGAGACTCCGTCTCAAAAAAAAAAAAAAAGAAAGAAAGAAAAA","GGCCGGGCGCGGTGGCTCACGCCTGTCATCCCAGCACTTTGGGAGGCCGAGGCGGGTGGATCACGAGGTCAGGAGTTCGAGACCAGCCTGGCCAACATGGTGAAACCCCGTCTGTACTAAAAATACAAAAATTAGCCAGGGGTGGTGGCAGGTGCCTGTAGTCCCAGCTACTCGGGAGGCTGAGGGAGGAGAATGGCCTGAACCCGGGAGGCGGAGGTTGCAGTGAGCCGAGATCCGGCCACTGCACTCCAGCCTGGGCGACAGAGCGAGACTCCGTCTCAAAAAAAAAAAAAAGAAAGAAAGAAAGAAA"
"KN294234v1","859713","859919","chr20","87023843","87024048","43","86164130","CTGTCTTTACTAAAAATACAAAAATTAGCTGGGCGTGGTGGCGGGCATCTGTAGTCCCAGCTACTTGGGAGGCTGGGGCAGGAGAATCGCTTGAAGCTAGCAAGCAGAGGTTGCAGTGAGCCAAGATCGCACCGTTATACTCCAGCCCGGACAAAAGTGTGAGACTCCATCTCAAAACAAAAAACAAAAACCACAAAACCAAAAAAA","AACCCCATCTCTACTAAAAATACAAAAATTAGCCAGACACGGTGGTGGGCACCTGTAGTCCCAGCTACTTGGGAGGTTGAGGCAGGAGAATCACTTGAACCTGAAAGGCAGAGGTTGCAGTGAGCCGAGATGGCGCCACTGCACTCCAGCCTGGGCAACAGAGTGAGACTCTATCTCAAAAAAAAAAGAAGAAAGAAAGAAAGAAA"
"KN294234v1","943125","943320","chr10","19939788","19939971","39","18996663","TCTACTGAAAATACAAAAATTAGCCGGGCATGGGGCAGGCACCTGTAGTCTCAGCTACTCAGGAGGCTAAGGCAGGAGAATCGCTTGAACCCAGGAGTTGAAGGTTGCAGTGAGCTGAGATTGAGCCATTGCACTCCAGCCTAGGCAACAGAGCAAAACTCTGCCTCAAAAAAGCAAAAAAAAAAAAAACAAAAAA","CTACTAAAAATACAAAAATTAGCGGGGCCGGGTGGGGACACTCTGTAATCCCAGCTACTCAGGAGGCTGAGGTAGGAGAACTGCTTGAACCCAGGACGTGGAGGTTGCAGTGAGCTGAGATTCTGCCACTGCACTCCAGCCTAGGCGACAGAGTGACACTCTGTCTCAAAAAAAAAAAAAAAAA"
"KN294234v1","963987","964105","chr8","1862240","1862375","22","898253","GAAGCAAGAGAATCACTTGAATCCGCGAGGCGGAGGCTGCAGTGAACGGAGGTCTCACCACTGCACTCCAGCCTGGGTGACTGGGCGACAGAGCGAGACTGTTAAAAAAAAAAAGAAGA","GAAGCAGGAGAATCACTTGAATCCGGGAGGCGGAGGCTGCTGCAGTGAGCCGAGATCTCACCACTGCACTCCAGCCTGGGTGACTGGGCGACAGAGCGAGACTGTTAAAAAAAAAAAAGAAGAAGAAGAAGAAGAA"
"KN294234v1","964411","964425","chr1","40331274","40331287","3","39366863","GAAGAAGAAGAACAA","GAAAGAAAAGAAAA"
"KN294234v1","1165653","1165786","chrX","99705181","99705308","22","98539528","GCGGACACCTGTAATCCCAGCTGCTCAGGGGGCTGAGGCAGGAGAATCTCTTGAAACAGGGATGTGGAGGTTGCAGTGAGTTGAGATCGCACCACTGCACTCCAGCCTGGGCTACAGAGCGAGACTCTGTCTCA","CACCTGTAATCCCATCTACTCGGGAGGCTGAGGCAGTAGAATCACTTGAACCCAGGAGGTGGAGGTTGCAGTGAGCGAAGATCGCACCACTACACTCCAGCCTGGGTGACAGAGCGAGACTCTGTCTC"
"KN294234v1","1406408","1406551","chr8","1429652","1429791","10","23244","GCCTGTAATCCCAGCTACGTGGGAGGCTGAGGCAGGAGAATTGCTTGAACCTGGGAGGCAGAGGTTGCAGTGAGCCAAGATCACGCCACTGCACTTCAGCCTGAGCAACAGAGCGAGACTCCATCTCAAAAAAAAAAAAAAAAA","GCCTGTAATCCCAGCTACGTGGGAGGCTGAGGCGGGAGAATTGCTTGAACCTGGGAGGCAGAGGTTGCAGTGAGCCAAGATCATGCCACTACACTCCAGCCTGAGCAACAGAACGAGACTCCATCTCAAAAAAAAAACAA"
"KN294234v1","1435492","1435657","chr16","70224259","70224419","30","68788767","TTAGCCAGGCGTGGTGGCAGGCGCCTGTAGTCCTAGCTACCTGGGAGGCTGAGGCAGGAGAATGGCTTGAACCTGGGAGGCAGAAGTTGCAGTGAACTGAGATCACACCACTGCCCACCAGCCTGGGTGACAGAGCAAGACTCTGTCTTGGGGCAAAAAAAACAAA","GCTGGGCGCGGTGGCAGGCGCCTGTAGTCCCAGCTGTTCGGGAGGCTGAGGCAGGAGAATTGCTTGAACCTGGGAGGTGGAGGTTGCAGTGAGCCGAGATCACACCACTGCACTCCAGCCTGGGTGACAGAGTGAGACTCCATCTCCAGATAAAAAAAAAA"
"KN294234v1","1816305","1816483","chr22","32414322","32414499","34","30598017","ACAAAAATTAGCTGGGTGTGGTGGTGGGTGCCTGCAGTCCCAGCTACTCAGGAGGCTGGGACCGGAGAATTGCCTGAAACCAGAAGGTAGAGGTTGCAGTGAGCCGAGATCGCACTACTGCACTCCAGCTTGGGTGACATAATGAGATTCCATCTTAAAAAACAACAACAAAAAAAAAA","CAAAAATTAGCCGGGTGTGGTGGCAGGTGCCTGTGATCCCAGCTACTCGGGAGGCTGAGGCAGGAGAATCGCTTGAGTCCAGGAGGCAGAGGTTGCAGTGAGCTGAGATCACGCCACTGCACTCCAGCTTGGGTGATAGAGTGAGACTGTCACAAAAACAAACAAACAAACAAAAAAA"
"KN294234v1","1886265","1886361","chr1","4000001","4000097","17","2113736","GAGAATTGCTTGAACTTGGGAGGTGGAGGTTGCAGTGAGCCAAGATGGCGCCCCTGCACTCCAGTCTGGGCGACAGAGCAGAACTCCATCTTAAAGA","GAGAATCCCTTGAACCCAGGAGGCGGAGGTGGCAGTGAGCCGAGATAGCGCCACTGCACTCCAGCTTGGGCGACAGAGTGAGACTCCATCTCAAAAA"
"KN294234v1","2270574","2270696","chrUn_KE147541v1","395207","395327","31","1875367","TCCCAGCTACTCAGGAGGCTGAGAAGGGAGGATCTCTTCAGCCTGGGAGGCGGAGTGAGCCCAGACTGTGCCCTCCAGCCTGGGTGACAGAAGGAGACCCTGTCCCAAAAAAGAAAAAAAAAA","TTCCAGCTATTCAGGAGGCTGAAGCAGGAGAATCGCTTGAACCTGGGAGGCGGAGCTTGCAGTGAGCACTCCAGTGTTGGTGACAGAGCAAGACTCCGTCTCCAGAAAAAAGAAAAAAAGA"
"KN294235v1","71273","71575","chr25","12225130","12225434","13","12153857","GGCCAGGCATGGTGGCTTACCCCTGTAATCCCAGCATTTAGGGAGGCCGAGGCGTGTGGATCACGAGGTCAGGAGTTTGAGATCAGCCTGGCCAAGATGGTGAAACCCCCGTCTCTACTAAAAATAAAAATAAAATTAGCCGGGCTTGGTGGTGGGTGCCTGTAATCCCAGCTACTCAGAAGGCTGAGGCAGGAGAATTGCTTGAATCCATGAGGCGGACATTGCAGTGAGCCGAGATCACGCCAGTGCACTCCAGCCTTGGCAACAGAATGAGTCTCCCTCTCAAAAAAAAAAAAAAAAAAA","GGCCAGGCATAGTGGCTTACCCCTGTAATCCCAGCACTTAGGGAGGCCGAGGCGTGTGGATCACTAGGTCAGGAGTTTGAGATCAGCCTGGCCAAGATGGTGAAACCCTCGTCTCTACTAAAAACAAAAATAAAATTAGCCGGGCTTGGTGGTGGGAGCCTGTAATCCCAGCTACTCAGAAGGCTGAGGCAGGAGAATTGCTTGAATCCATGAGGTGGACATTGCAGTGAGCCGAGATCAGGCCACTGCACTCCAGCCTTGGCAACAGAATGAGCCTCCCTCCCAAAAAAAAAAAAAAGAAAAAA"
"KN294235v1","124924","125083","chr23","4466105","4466255","31","4341181","AATTAGACAGGCATGGTAGCAGGTGCCTGTAATCCCAGCTACTCAGAGGCTGAGGCAGGAGAATCACTTGAACCCAGGGGGAAGAGCTCGCATTGAGCTGAGATCATGCCACTTCACTCCAGCCTGGGCAAAAGAGTGAGACTCTGTCTCAATAAATAAA","TTAGCCAGGCACGGTGGCAGGCGCCTGTAATCCCAGCTACTCAGGAGGTTGAGGCAGGAGAATCGCTTGAACCCAGGGAGTGGCGGCTGCAGTGAGCCAAGATCGTGCCACTGCACTCCAGCCTGGGCAACAGAGTGAAACTCCGTCTCAA"
"KN294235v1","125115","125131","chr17","43891415","43891430","3","43766300","AAATAAAATAAAAAGAA","AAATAAATAAATAAAA"
"KN294235v1","165173","165280","chr6","1694984","1695087","28","1529811","GAGAATCACTTGAAGTCAGGAGGCAGAGGTCACAGTGAGCAGCGCCACTGCATTCCAAACTGGGGGACAGTGAGTCTCTGTCTCAAAAAGGGAGGAAAAAAAAGAAAA","AATCACTTGAACCCGGGAGGTAGAGGTTGCAGTGAGCCTAGAACTGCATTCCAGCCTGGGTGACAGAGCGAGACTCCGTCTCAAAAAAAAAAAAAAAAAAAAAA"
"KN294235v1","177553","177721","chr16","70224259","70224419","29","70046706","GCTAGGTGTGGTGGCAGGTGCCTGTGGTCCCAGCTACTCAGGAGGCTGAGGCAGGAGAATCGCTTGTACAAACCTGGGAGGTGGACGTTGCAGTGAGCCAAGATCATGCCAGTGCTCTCCAGCCTGGGTGATAGAGTGAGGCTCCGTCTCAAAAAAAAAAAAAAAAAAA","GCTGGGCGCGGTGGCAGGCGCCTGTAGTCCCAGCTGTTCGGGAGGCTGAGGCAGGAGAATTGCTTGAACCTGGGAGGTGGAGGTTGCAGTGAGCCGAGATCACACCACTGCACTCCAGCCTGGGTGACAGAGTGAGACTCCATCTCCAGATAAAAAAAAAA"
"KN294235v1","292426","292739","chr25","12003731","12004040","30","11711305","GCCAGGCACGGTGGCTCTCGTCTGTAATTCCAGCACTTTGGGAGGCTGAGGTGGGCAGATCACGAGGTCAGGAGTTCGAGACCAGTCTGGCCAAAATAGTGAGACCCCACCCCCCCGTCTCTACTAAAAATACAAAAATTAGCCGGCCGCAATAACAGGCACCTGTAATCCCAGCCACTCAGGAGTCTGAGGCAGGAGAATCGCTTGAACCTGGGAGGCAGAGGTTGCAGTGAGCCAAGATTGAACCACTGCACTCCAGACTGGGCGACAGAGTGAGACTTCATCTTAAAAAAACAAACAAACAAACAAAAAAA","GCCAGGCACGGTGACTCTCGCCTGTAATTCCAGCACTTTGGGAGGCCGAGGTGGGCAGATCACAAGGTCAAGAGTTTGAGACCAGCCTGGCCAAAATGGTGAGACCGCCGTCTCTACTAAAAATACAAAAATTACCCAGCCAGCCGCAGTAACAGGCGCCTGTAATCCCAGCTACTCAGGAGTCTGAGGCAGGAGAATCGCTTGAACCTGGGAGGCAGAGGTTGCAGTGAGCCAAGATTGAGCCACTGCACTCCAGACTGGGTGACACAGCGAGACTTCATCTTAAACAAACAAACAAACAAACAAAAAA"
"KN294235v1","498008","498278","chr20","95341517","95341796","45","94843509","GGCTGGGCGTGGTGGCTCACAGCTGTAATCCCACAACTTTGGGAGACCAAGGCAATGAGGTCAGAAGTTCGAGACCAGCGTGGCCAACATAGCAAAACCCCATCTCTACTAAAAATACAAAAATTAGCCAGGCATGATGGCAGGTACTTGTAATCCCAGCTACTCGGGAGGCTGAGGCAGGGAGAATTACTTGAACCCAGGAGGCAGAGGTTGCAGTGAGCTGAGACTGCCCTGCTGCACTCTCGCCTGGGTGACAAGAAACTCCGTCTCA","GGCTGGGTGTGGTGGCTCACACTTGTAATCCCAGCACTTTGGGAGGCCAAGGCGGGTGGATCACGAGGTCAGGAGTTCGAGACCAGCCTAGCAACATGGTGAAATCTCATCTCTACTAAAAATACAAAAATTAGCCAGGCATGGTGGCGGGCGCCTGTAATCCCAGCTACTCGGGAGGCTGAGGCAGGAGAATCACTTGAACCCAGGAGGCAGAGGTTGTGGAGAGCTGAGATCGCACCACTGCACTCCAGCCTGGGTGACAGAGCAAGACTCCATCTCA"
"KN294235v1","739786","740062","chr25","11560259","11560536","11","10820473","GGCTGGGCGCTGTAGCTCACACTGGTAATCCCTGTACTTTGGGATGCCAAGGCAGGTGGATCACAAGGCAGGAGTTCAAGACCAGCCTGGCCAAGATGGTGAAACCCCATCTCTACTAAAAATACAAAATTAACTGAGCATGGTGGCAGATCTAATCCCAGCTACTCAGGAAGCTGAGGCAGGAGAATCACTTGAACCTTGGAGGCAGAGGTTGCAGTGAGCCAAGATTATGCCATTGCACTCCAGCCTGGGCAACAGAGCAAGACCTCTGTCTCAA","GGCTGGGCACTGTAGCTCACACTGGTAATCCCTGTATTTTGGGATGCCAAGGCAGGTGGATCACAAGGCAGGAGTTCAAGACCAGCCTGGCCAAGATGGTGAAACCCCATCTCTACTAAAAATACAAAATTAACTGAGCATGGTGGCAGATGCCTCTAATCCCAGCTACTCAGGAAGCTGAGGCAGGAGAATCACTTGAACCTGGGAGGCAGAGGTTGCAGTGAGCCAAGATTATGCCATTGCACNCCAGCCTGGGCAACAGAGCAAGACTCTGTCTC"
"KN294235v1","841977","842081","chr25","11459064","11459169","4","10617087","GGAGGCTGAGGCAAGAGAGTCACTTCAACCCAGGAGGCGGAGCTTGCCGTGAGCCGAGATTGCACCACTGCACTCCAGCCTGGGAGACAGCAAGACTCCATCTCA","GGAGGCTGAGGCAAGAGAGTCACTTCAACCCAGGAGGCGGAGCTTGCAGTGAGCCGAGATTGCACCACTGCACTCCAGCCTGGGAGACAGAGCAAGACTCCATCTC"
"KN294235v1","882206","882375","chr1","117375330","117375494","27","116493124","AAATTAGCCAGGCGTGGTGGCAGGTGCCTGTAATCCCAGCTACTTGGGAGGCTGAGGCAGGAGAATTGCTTTAACCTGGGGGCGGAGGTTGCAGTGAGCCTAGATCATGCCATTGCACTCCATCCAGCCTGTGTGACAGAGCGAGAGTCCCTCTCAAAAAAAAAAAAAAA","TTAGCTGGGTGCAGTGGCAGGTTCCTGTAATCCCAGCTACTTGGGAGGCTGAGGCAGGAGAATTGCTTGAACCCGGCGGGGCAGAGGTTGCAGTGAGCTGAGATCATGCCACTGCACTCCAGCCGGGGTGACAGAACGAGACTCCGTCTCAAAAAAAAAAGAAAA"
"KN294235v1","897279","897471","chr14","18470427","18470606","36","17573148","TTAGCCGGGCATGGTGGTGGGTGCCTGTAATCCCGGCTACTCAGGAGGCTGAGGCAGGAGAATTGCTTGAACTCAGGAGGCAGAGGTTGCAGTGAGCCGAGATCACGCCACTGCACTCCAGCCTGGCGACACAGCGAGACCCCATCAAAAAAAAAAAAACAAAAAGAAAGAAAGAAAAGAAAAGAAAAGAAAA","TTAGCCAGGTGCAGTGGCAGGTGCCTGTAATCCCAGCTACTCAGGAGGCTGAGGCAGGAGAATTGCTTGAACTTGGAGGGCGGAGGTTGCAGTGAGCTGAAATCACGCCACTGTACTCCAGCCTGGGCAACAAAGTGAGATTCCATCTCAAAAAAAAAAAAAAAAAAAAAAAAAAAAAAA"
"KN294235v1","906558","906684","chr25","11398816","11398954","18","10492258","AATCCCAGTTACTCTGGAGGCCGAGACAGGAGAATCGCTTGAACCTGGGACGTGGAGGTTGCAATGAGCTGAGATTGCACTGCTGCACTGCAGCCTGAGAGACAGAGTAAGACTGCATCTCAAAAAA","AATCCCAGGTACTCTGGAGGCCGAGGCAGGAGAATCGCTTGAACCTGGGAGGTGGAGGTTGCAGTGAGCTGAGATTGCACCACTGCACTGCAGCCTGAGAGACAGAGTAAGACTGCATCTCAAAAAATAAATAAATAAA"
"KN294239v1","191410","191499","chr4","69405303","69405390","8","69213893","AATCTGGGAGGCGGAGGTTGCAGTGAGCCGAGTTCACACCACTGCACTCCAGCCTGGGCGGCAGTGCGAGACTCTCTCAAAAACAAAAGA","AATCTGGGAGGCGGAGGTTGCAGTGAGCCAAGTTCATGCCACTGCACTCCAGCCTGGGCGGCAGTGCTAGACGCTCTCAGAAACAAAA"
"KN294239v1","251317","251441","chr4","69351200","69351323","3","69099883","TTGAGAGGCTGAGGCAGGAGAGTCACTTGAACCCGGGAGGCAGAGGTTGCAGTGAGCCGAGATTGTGCCACTGCACTCCACCCTGAGTGACAGAGCAAGACCCTGTCTCAAAGAAAAAAAAAGAA","TTGGGAGGCTGAGGCAGGAGAGTCACTTGAACCCGGGAGGCAGAGGTTGCAGTGAGCCGAGATTGTGCCACTGCACTCTACCCTGAGTGACAGAGCAAGACCCTGTCTCAAGAAAAAAAAAGAA"
"KN294239v1","347032","347335","chr16","61916805","61917100","40","61569773","GGCCAGGTGCAGTGGCTCACACCTGTAATCCCAGCACTTTGGGAAGCTAAGGTGGGCTGATCACAGGGTCAGGAGTTCGAGACCAGCCTGGCCAAGATGGTGAAACCCCATCTCTACTAAAAATACAAAAATTAGCCACGCATGGTGGCAGACGCGTGTAGTCCCAGCTAACTACTTGGGAGGCTGAGGAGGGAGAATCGCTTGAACCTGGGAGGCAGAGGTTGTAGTAAGCCGAGATTGTGCCACTACACTCCAGCCTGGGCAACAGAACAAGACTCCCTCTCAAAAAATAAAATAAGGAAAA","GGCCGGGTGCAGTGGCTCACACCTGTAATCCCAGCACTTTGGGAGGCTGAGGCGGGTGGATCACAAGGTCAGGAGTTCGAGACCAGCCTGACCAAGATGGTGAAACCCCATCTCTACTAAAAATACAAAAATTAGCCAGGCGCGGTGGTAGGCGCCTGTAGTCCCAGCTACTCGGGAGGCTGGGGCAGGAGAATGGCTTGAACCTGGGAGGCGGAGGTTGCAGTGAGCCGAGATCGTGCCACTGCACTCTAGCCTGGGTGACAGAGCGAGACTCGGTCTCAAAAACAAACAAAAAA"
"KN294239v1","401796","401890","chr4","69208630","69208724","6","68806834","CACTTGAACCCAGAGGCAGAGGTTGTGGTGAGCTGAGATTGCACCACTCACTCCATCCTAGGTGACAGAGTGAGGCTCCGTTTCAAAAATAAAAA","CACTTGAACCCGGAGACAGAGGTTGTGGTGAGCCAAGATTGTACCACTCACTCCATCCTAGGTGACAGAGTGAGGCTCCATTTCAAAAATAAAAA"
"KN294239v1","421116","421405","chr4","69189277","69189562","10","68768161","CAGGCACAGTGGCTCACGTCTGTAATCCCAGCACTTTGGGGGGCTGAGGCAGGTGGATCATGGGGTCAGGAGTTCAAGACCAGCCTGGCCAAGACAGTGAAACCTCGTCTCTACTAAAAATACAAAAATTAGTCAGGCATGGTGGCAGGTGCCTGTAATCCCAGCTACTGGGGAAGCTGAGGCAAGAGAATCGCTTGAACCCGGGAGGTGGAGGTTGCAGTGAGCCAGGATCGCACCACTGTACTCCAGCCTGGATGAAAGAGTGAGTGTCTCAAAAAAAAAAAAAAAAA","CAGGGACAGTGGCTCACGTCTGTAATCCCAGCACTTTGGGGGGCTGAGGCAGGTGGATCATGAGGTCAGGAGTTCAAGACCAGCCTGGCCAAGACAGTGAAACCCCGTCTCTACTAAAAATACAAAAATTAGTCAGGCATGGTGGCAGGTGCCTGTAATCCCAGCTACTGGGGAGGCTGAGGCAAGAGAATCGCTTGAACCCGGGAGGTGGAGGTTGCAGTGAGCCCCATCGCACCACTGTACTCCAGCCTGGATGAAAGAGTGAGTGTCTCAAAAAAAAAAAAAA"
"KN294239v1","458973","459140","chr25","3319529","3319701","25","2860556","TACAAAAATTAGCCAGGCATGGTGGTGGGCACCTGTAATCCCAGCTACTCGGGAGGCCGAGGCAGGAGAATTGCTTGAACCCAGGAGGCGGAGGTTGCACTGAGCCCAGATTGCGCCACTGCACTCCGGCCTGGGCAACACAGCAAGACTCCATCTCCAAAAAAAAAA","TACAAAAATTAGACAATCACGGTAGTGGGCGCCTATAATCCCAGCTACTTGGGAGGCTGGGGCAGGAAGAATTGCTTGAACCCAGGAGGCAGAGGTTGCAGTGAGCTGAGATTGCACCACTGCACTCCAGCCTGGGCAACAGAGCAACACTCCGTCTCAAAAAAGAAAAAAAA"
"KN294239v1","1553490","1553594","chr9","60825849","60825952","10","59272359","CAGGAGAATTGCTTGAACCCGGGAGGCAGAGGTTGCAGTGAGCCGAGATCACGCCACTGCACTCCAGCCTGGGTGACAGAGTGAGACTCCATCTCAAAGCAAAAA","CAGGAGAATCGCTTGAACCTGAGAGGCAGAGGTTGCAATGAGCCAAGATCACACCACTGCACTCCAGCCTGGGCGACAGAGTGAGACTCTATCTCAAAAAAAAA"
"KN294239v1","1777743","1778051","chr4","67847701","67848006","21","66069958","GGCCAGGTGCGATGGCTCACGCTTGTAATCCCAACACTTTGGGAGGCCGAGGCGGGTGGATCACAAGGCCAGGAGTTCGAGACCAGCCTGGCTTATATGGTGAAACCCCATCTCTACTAAAAATACAAAAATTAGCTGGGCATGGTGCAGGCACCTGTAGTCCCAGCTACTCGGGAGGCTAAGGCAGGAGAATCACTTGAACCCGGGAGGCGGAGGTTGCAGTCAGCCAAGATCGCGCCACTGCACTCCAGCCTTGGTAACCAGCCTGGGTAAGAGTGAGACTCCATTACCAAAAAAAAAAAAAAAAAA","GGCCAGGTGCGATGGCTCACGCCTGTAATCCTAACACTTTGGGAGGCCGAGGAGGGTGGATCACAAGGCCAGGAGTTCGAGACCAGCCTGGCCAATATGGTGAAACCCCATCTCTACTAAAAATACAAAAATTAGCTGGGCATGGTGGCAGGCACCTGTAGTCCCAGCTACTCGGGAGGCCGAGGCAGGAGAATCGCTTGAACCTGGGAAGTGGAGGTTGCAGTCAGCCAAGATCACGCCACTGCACTCCAGCCTTGGTAACCAGCTGGGTAACAGTGAGACTCCGTTAACCAAAAAAAAAAAAAA"
"KN294239v1","1788896","1789074","chr15","33336831","33337009","32","31547935","TTAGCCAGGCATGGTGGCAGGTGTCTGTAATCCCAGCTATTTGGTAGGCTGTGGCATGAGAATCCCTTGAACCCAGGAGACAGAGGTTGCAGCGAGCCAAGATTGTATCACTGCACTCCAGCCTGGAGGATACAGTGAGACTCTGCCTCCAGAAAAACAAACAAACAAAACAAAACAAA","TTAGCTGGGCGTGGTGGCAGGAGCCTGTAATCCCAGCTACTCCGGAGGCTGAGGCAGGAGAATCGCTTGAACCCAGGTGGCAGAGGTTGCAGTGAGCTGAGATAGAGCCACTGAACTCCAGCCTGGGTGATACAGTGAGACTCTGTCTCAAAAAACACAAAACAAACAAACAAACAAAA"
"KN294239v1","1867672","1867912","chr5","45739331","45739557","43","43871659","GGCTCATGCCTGTAATCCCAGCACTTTGGGAGGCTAAGGCAGGAGAATCACAAGGTCAGGAGTTCAAGACCAGCCTGGCCAACATGGTAAAACCCCATCTTTACTAAAAATACAAAAAAAATTAGCTGGGCATAGTGGTGGGGGCCTGTAATCCCAGCTACTTAGAAGGCTGAGGCAGGAGAATCGCTTGAACCCGGGAGGCAGAGGTTGCAGTGAGCTGAGATAGCACCACTGCACTCCA","TAGCTCATGCCTGTAATCCCAGCACTTTGGGAGGCCAAGGTGGGTGGATTACAAGGTCAGGAGTTCGAGACCAACCTGGCCAACATGGTGAAACCCCATCTCTACTAAAAATACGAAAATTAGCCGGGTGTGGTGGTCAGGCGCCTGTAATCCCAGCTACTCAGGAAGCTGAGGCAGGAGAATCGCTTGAACCTGGGAGGTGGAAGTTGCAGTGAGCTGAGATCACG"
"KN294239v1","2144938","2145102","chr25","27497903","27498067","24","25352965","TAGCTGGGGATGGTGGCAGGCACCTGTAATCCCAGCTACTTGGGAGGCTGAGGTGAGAGGATCACTTGAACCCGGGAGGTGGAGGCTGCAGTGAGCTGAGATCGTGCCACTGCACTCCAGGCCTGGGTGACAGAGCGAGACTCCAAGTCAAAAAAAAAAAAAAAA","ATCAGCCATGCAAGGTGGCAGGCACCTGTAATCCCAGCTACTCGGGAGGCTGAGGCAGGAGAATCGCTTGAACCCAGGAGGCGGAGGTTACAGTGAGCTGAGATCGTGCCACTGCACTCCAGCCTGGGTGACAGAGCAAGACTGTCTACAAAAAAAAAAAAAAAA"
"KN294242v1","41300","41466","chr3","90477940","90478106","24","90436640","TAGCCAGACGTGATGGCGGGCGTCTGTAATCCCAGCTACTTGCGAGGCTGAGGCAGGAGAATCGCTTGAACCAGGGAGGCGGAGGTTGCATTGAGCTGAGAGCGTGCCACTGCACTCCAGCCTGGGTGACAGGAGCAAGACTCCATCTTTAAAAAAAAAAAAAAAAA","TAGCCAGAGGCAGTGGTGGGTGCCTGTAATTCCAGCTGCTTGGGAGGCTGAGGCAGGAGAATTACTTGAACCCAGGAGGCGGAGGTTGCAGTAAGCTGAGATCATGCCACTGCACTCCAGCCTGGGTGACAAGAGCAAGACTCTGTTTCAAAAAAAAAAAACAAAAA"
"KN294243v1","161209","161510","chr11","8684527","8684834","43","8523318","GCCGGGCGCGGTGGCTCACACCTGTAATCCCTGCACTTTGGGAGGTCGAGGCGGGCGAATCACGAGGTCAGGAGTTCGAGACCAGCCTGGCCAACATGGTGAAACCCTGTCTCTACTAAAAATACACAAAATTAGCTGGGAGTAGTGGTGGGCGCCTGTAATTCCAGCTACTCGGGAGGCTGAGGCAGGAGAATTGCTTGAACGCGGGAGGTGCAGTGAGCGGAGATGGCGCCACTGCCCTTCAGCCCGGAGGACAGACCGAGACTCCGTCTCAAAAAGAAAAAAAAGAAAAGAAAAAAAAA","GGCTGGGCGCGGTGGCTCAAGCCTGTAATCCCAGCACTTTGGGAGGCCGAGGTGGGTGGATCACGAGGTCAGGGGTTCGAGACCAGCCTGACCAACATGGTGAAACCCTGTCTCTACTAAAAATACAAAAATTAGCTGGGCGTGGTGGCAGGTGCCTGTAATCCCAGCTACTCGGGAGGCTGAGGCAGGAGAATTGCTTGAACCCGGGAGGTGGAGGTTGCAGTGAGCCAAGATCACACCACTGCACTCCAGCCTGGGCGACAGAGCGAGACTCCATCTCAAAAAAAAAAAAAAAAGAAAAAGAAAAA"
"KN294243v1","244372","244672","chr9","41373701","41374001","7","41129329","GGCCAGGCATGGTGGCTTACGCCTGTAATCCCAGCACTTTGGGAGGCCAAGGTGGGTGGATCACGAGGTCAGGAGTTCGAGACCAACCTGGCTAACATGGTGAAACCTCGTCTCTACTACAAATACAAAAATTAGCTGGGTGTGGTGGCAGGCGCCTGTAATCCCAGCTACTTGGGAGGCTAAGGCAGGAGCATCGCTTGAAGCCGAGAAACAGAGGTTGCAGTGAGCTGAGATCACATGACTGCACTCCAGCCTAGGTGACAGAGCAAGACTCTGTCTCAAAAAAATAAATAAAATAAAA","GGCCAGGCATGGTGGCTCATGCCTGTAATCCCAGCACTTTGGGAGGCCAAGGTGGGTGGATCACGAGGTCAGGAGTTCGAGACCAACCTGGCCAACATGGTGAAACCTCGTCTCTACTACAAATACAAAAATTAGCTGGGTGTGGTGGCAGGCACCTGTAATCCCAGCTACTTGGGAGGCTAAGGCAGGAGCATCGCTTGAAGCTGAGAAACAGAGGTTGCAGTGAGCTGAGATCATATGACTGCACTCCAGCCTAGGTGACAGAGCAAGACTCTATCTCAAAAAAATAAATAAAATAAAA"
"KN294243v1","276573","276710","chr9","41346436","41346579","10","41069863","GTGCCTATAATCCCAGCTACTCAGGAGGCTGAGGCAGGAGAATCACTTGAACCCAGGTGGCAGAGGTTGAAGTGAGCTGAGATCAAGCCACTGCACTCCAGCCTGGGCAACAGAACAAGACTCCATCTCAAAAAAAAA","GTGCCTATAATCCCAGCTACTCAGGAGGCTGAGGCAGGGGAATCACTTGAACTCAGGTGGCAGAGGTTGAAGTGAGCTGAGATCAAGCCACTGCACTCTAGCCTGGGCAACAGAGCAAGACTCCATCTCAAAAAAAAAAAAAAA"
"KN294244v1","19125","19298","chr11","59155772","59155934","30","59136647","AGCTAGGCATGGCGGTGGGAGCTTGTAATCCTAGCTACTCAGGAGGCTGAGGCAGGAGAATTGCTTGAACCCAGGAGGCGGAAGTTGCAGTAAGCCGAGATCATGCCATTGCACTCCAGCCTGGGTGACAGAGCAAGACTCCATCTCAGGGATAAAAAAAGATAAATAAATAAA","TGGCGGGCGCCTGTAATCCCAGCTACTCAGGAGGCTGAGGCAGGAGAATTGCTTGAACCCGGGAGGCGGAGGTTGCAGTAAGCCGAGATCACGCCACTGCACTCCACCCTAGATGACAGAGCAAGACTCCATCTCAAAAAATAAATAAATAAAATAAAATAAA"
"KN294245v1","72802","72866","chr12","7728989","7729052","14","7656187","GGGACACAGAGGTTGCTGTGAGCTGAGATGGTACCACTGCACTTCCATCTGGGTAACAGAGTGAG","GAGATGGAGGTTGCAGTAAGCTGAGATCGTGCCACTGCACTCCAGCCTGGGTGACAGAGTGAGA"
"KN294245v1","121124","121402","chr4","9012309","9012587","32","8891185","GCTGGGCTTGGTGGCTCACGCCTGTAATCCCAGCACTTTGGGAGGCTGAGGCGGGTGGATTACGAGGTCAGGAGTTCGAGACCAGTCTGGACAACATGGTGAAACCCCATCTCTACTAAAAATACAAAAATTCGCCAGGCGTAGTGTAGGGTGCCTGTAATCCCAGCTACTCAGGAGGCTGAGGCAGAAGAATTGCTTGAACCCGGGAGGCAGAGGTTGCAGGGAGCTGAGATCACACCACTGCACTCCAGCCTGGGTGACAGAGCAAGAGTCTGTCTC","GCCGGGCGTGGTGGCTCACGTCTGTAATCCCAGCACTTTGGGAGGCTGAGGTGGGTGGATCACGAGGTCAAGAGTTCAAGACAAGCCTGGCCAAAATGGTGAAACCCTGTCCCTACTAAAAATACAAAATTTAGCCAGGCATAGTGATGGGTGCCTGTAATCCCAACTATTCAGGAGGCTGAGGCAGGAGAATCCCTTGAACCCAGGAGGTGGAGATTGCAGTGAGCCGAGATCACACCACTGCACTCCAGCCTGGGTAACAGAGCAAGACTCTGTCTC"
"KN294245v1","307478","307636","chr19","22594501","22594655","31","22287023","TAGCCAGGTGTGGTGGCAGCCGCCTGTAATCCCAGCTACTTGGGAGGCTGAGGCAGGGGAATCGCTTCAACCTGGGAAGTGGAGGTTGCAGTGAACCAAGATTGTGCCATTGCACTTCAGCCTGTGTGTCACAGTGAGACTACGTCTCAGAAACAAAAA","TTACCCAGGCGGGGGGGTGGGCACCTGTAATTCCAGCTGCTGGGGAGGCTGAGGCAGGAGAATTGCTTGAACCTGGGAGGTGGAGGTTGCAGTGAGCCAAGATCGTGCCACTGCACTCCAGCCTGGGTGATAGAGTGAGACTCTGTCTCAAAAAA"
"KN294245v1","534329","534435","chr12","83966788","83966894","17","83432459","GAGAATTGCTTAAACCCTGGAGGCAGAGATTGCAATGATCCAAGATCCCACCACTGCACTCCAGCCTGGGCGACAGAGCAAGACTCCATCTTAAAAAAAAAAAAAAA","GAGAATCGCTTGAACCCGGGAGGCGGAGGTTACAGTGAGCCACGATCGCACCACTGCACTGCAGCCTGGGTGACAGTGTGAGACTCCGTCTCAAAAAAAAAAAAAAA"
"KN294245v1","1593488","1593783","chr27","6738940","6739236","20","5145452","GGCCAGGTGTGGTGGCTCACTATGTAATTCCAGCACTTAGGGAGGCCAAGGCGGGTGGATCACGTGGTCAGGAGTTCGAGACCAGCCTGGTCAATACAGTGAAACCCTATCTCTACTAAAAATACAAAAATTAGCTGGGCATGGTGGTGGGCGTCTGTAATCCCAGCTACTCGGAGGCTGAAGCGGAAGAATCACTTGAACGAAGGAGGCGGAGGTTGCAGTGAGCCAATATTGTACCACTGCACTCCAGCCTGGGCGACAGAGTGAGACTACGTCTCAAAAACAATAAAAATAAA","GGCCGGGTGTGGTGACTCACTCCTGTAATTCCAGCACTTAGTGAAGCCAAGGTGGGTAGATCACGTGGTCAGGAGTTCGAGACCAGCCTGGTCAATACAGTGAAACCCTGTCTCTACTAAAAATACAAAAATTAGCTGGGCATGGTGGTGGGCATCTGTAATCCCAGCTACTCAGAGGCTGAGGCAGAAGAATCACTTGAATCAAGGACACAGAGGTTGCAGTGAGCCAATATTGTACCACTGCACTCCAGCCTGGGCGACAGAGTGAAACTACATCTCAAAAACAATAAAAATAAA"
"KN294250v1","196823","196940","chr20","103694235","103694348","18","103497412","ATCGCTTGAACCCAGGTGGCGGAGGTTGCAGTGAGCCAAGATCGCACCACTGCACTCCAGCCTGCGTGACACAGCAAGAGTCTGACTCAAAAAAGAAAAAAAAAAAAGAAAGAAAGAA","GCTTGAACCCAGGAGGCGGAGGTTGCAGTGAGCCGAGATGGCACCACTGTACTCCAGCCTGGGTGACAGAGTGAGACTCAGTCTCAAAAAGAAAAAAGAAAAAAGAAAAAAAGA"
"KN294251v1","521666","521976","chr11","8684527","8684834","36","8162861","GGCCGGGCGCAGTGGCTCACACCTGTAATACTAGCACTTTGGGAGGCCGAGGCGGGTGGATCATGAGGTCAGGAGTTCAAGACCAGCCTGGCCAACGTGGTGAAACCCTGTCTCTACTAAAAATGCAAAAATTAGCTGTGCGTGGTGGTGGGCACCTGTAATCCCAGCTATTCGGGAGGCAGAGGTAGGAGAATTGCTTGAACCCAGGAGACGGAGGTTGCAGTGAGCTGAGATCACACCACTGCACTCCAGCTTGGGTGACAAAAGAGAGACTCTGTCTCAAAAAAAAAAAAAAAAAAAAAAGAAAGAAA","GGCTGGGCGCGGTGGCTCAAGCCTGTAATCCCAGCACTTTGGGAGGCCGAGGTGGGTGGATCACGAGGTCAGGGGTTCGAGACCAGCCTGACCAACATGGTGAAACCCTGTCTCTACTAAAAATACAAAAATTAGCTGGGCGTGGTGGCAGGTGCCTGTAATCCCAGCTACTCGGGAGGCTGAGGCAGGAGAATTGCTTGAACCCGGGAGGTGGAGGTTGCAGTGAGCCAAGATCACACCACTGCACTCCAGCCTGGGCGACAGAGCGAGACTCCATCTCAAAAAAAAAAAAAAAAGAAAAAGAAAAA"
"KN294251v1","601178","601391","chr20","87023843","87024048","45","86422665","AAAGCCTGTCTCTACTAAAAATACAAAAATAATTAGCTGGGTGTGGTAGCGGGTGCCTGTAATCCCAGCTACTAGGGAGGCTGAGGTAGGAGAATTGCTTGAACCTGGGAGGCGGAGGTTGTAGTGAGCCGAGAGCACCCACTGCACTCCAACCTGGGCAACGATGTGAGACTCTGTCTCAAAACAAAAACAAAAACAAAAACAAAAACAAAAA","AACCCCATCTCTACTAAAAATACAAAAATTAGCCAGACACGGTGGTGGGCACCTGTAGTCCCAGCTACTTGGGAGGTTGAGGCAGGAGAATCACTTGAACCTGAAAGGCAGAGGTTGCAGTGAGCCGAGATGGCGCCACTGCACTCCAGCCTGGGCAACAGAGTGAGACTCTATCTCAAAAAAAAAAGAAGAAAGAAAGAAAGAAA"
"KN294251v1","931177","931340","chr1","25036789","25036954","24","24105612","TTGGGAGGCTGAGGCAGGAGAATCGCTTGAATCCAGGAGGCGGAGGTTGCAGTGGGCCGTGATCATGCCACTGCACTCCAGTCTGGGTGACAAAGAGAGACTCCGTCTCAGAAAAAAAAAAAAAAAAAAAAAAAAAAAAAAAAAAAAAAAGTAAAAGAAAAAAA","TTGGGAGGCTGTGGCAGGAGAATCGCTTGAACCTGGGAGGTGGAGGTCGCAGTCAGCCGAGATTGCACCACTGCACTCCAGTCTGGGTGATAGAGCCAGACTCTTGTCTCAAAAAAAAAAAAAAAAAAAAAAAAAAAAAAAAAAAAGAAAGAAAGAAAGAAAAAAA"
"KN294251v1","1253420","1253555","chr17","19175870","19176004","12","17922450","CCCAGCTACTCAGGAGGCTGAGGCAGCAGAATCGCTTGAATCTGGGAGGCAGAGTTTGCAGTGAGCTGAGATCGCACCACTGCACTCCAGCCTTGGAAACAGAGCAAGACTCCATTTCAAAAAAAAAAAAAAAAAA","AATCCCAGCTATTCAGGAGGCTGAGGCAGCAGAATCGCTTGAATCTGGGAGGCGGAGGTTGCAGTGAGCTGAGATCGCACCACTGCACTCCTGCCTTGGAAACAGAGCAAGACTCCGTTTCAAAAAAAAAAAAAA"
"KN294251v1","1450266","1450566","chr17","19370110","19370407","16","17919844","GGCCGGGCACGGTGGCTCACACCTGTAATCCCAGGACTTTGGGAGGCCGAGGTGGATTGATCACGAGGTCAGGAGTTCAAGACCAGCCTGGCCAAGATGGTGAAAACCCGTCTCTACTCAAAATACAAAAATTAGGCAGGCGTGGTGGCAGGCGCCTGTAATCCCAGCTACTCAGGAGGCTGAGGCATGAGAATCACTTGAACCCAGGAGACAGAGGTTGCAGTGAGCCGAGATTGCACCATTGCACTCCAGCCTGGGCAACAGAGCAAGACTCTGTCTCAAAAAAAAAACAAAAAAAAAA","GGCCGGGCACGGTGGCTCACACCTGTAATCCCAGCACTTTGGGAGGCCAAGGTGGGTCGATCACGAGGTCAGGAGTTCAAGACCAGCCTGGCCAAGATGGTGAAAACCCGTCTCTACTCAAAATACAAAAATTAAACAGGCGTGGTGGCAGGCGCCTGTAATCCCAGCTACTCAGGAGGTTGAGGCATGAGAATCACTTGAACCCGGGAGGCAGAGGTTGCAATGAGCCGAGATTGCACCATTGCACTCCAGCCTGGGCAACAGAGCAAGATTCTGTCTCAAAAAAATTAAAAAAAAA"
"KN294251v1","1466770","1466912","chr4","9883306","9883434","20","8416536","CTGTAATCCCAGCTATAGGCAAGAGAATCGCTTGAACCTGGGAGGCGGAGGTTGCAGTGAGCCAAGATCGCGCCACTGCACTCCAGCAGAGGCAACAGAGCGAGACTCCGTCTAAAAATAAAAAATAAACATAAATAAATAAA","CTGTAATCCCAGCTATAGGCAAGAGAATCGCTTGAACCCGGGAGGCGGAGGTTGCAGTGAGCCAAGATCGCCCCACTACACTCCAGCCGAGGCAGCAGAGCGAGACTCCGTCTGAAAATAAAAAATAAA"
"KN294251v1","1563614","1563898","chr17","19479326","19479617","20","17915712","GACTGGCCACAGTGGCTCATGCCTGTAATCCCAGCACTTTAGGAGGCCGAGGCAGATGGATCACGAGGTCAGGAGGTCGAGACCAGCCTGGCCAGCATAGTGAAACCCCTTCTCTACTAAAAATACAAAAATTAGCCAGGCATGGTGGCAGGTGCCTACAGTCCCAGCTACTCAGGAGGCCGAGGCAGAATTGCTCGAACCTGGGAGACGGAGGTTGCAGTGAGCCACGACTGCACCACTGCACTCCAGCCTAGGTGACAGGGTGAGACTCCGTCTCAAAACAAA","GACTGGGCACGGTGGCTCATGCCTGTAATCCCAGCACTTTAGGAGGCCGAGGCAGGTGGATCACAAGGTCAGGAGGTCGAGACCAACCTGGCCAGCATAGTGAAATCCCTTCTCTACTAAAAATACAAAAATTAGCCGGGCATGGTGGCAGGTGCCTATAGTACCAGCTACTCAGGAGGCCGAGGCAGGAGAATTGCTTGAACCTGGGAGACGGAGGTTGCAGTGAGCCACGACTGCACCACTGTACTCCAGCCTAGGCGACAAGGTGAGACTCCGTCTCAAAACAAACAAA"
"KN294251v1","1693585","1693698","chr5","65450314","65450424","19","63756729","ATTGGTTGAACCTGAAAGGCAGAGGTTGCGGTGAGCCGAGATTGCGCCACTGCACTCCAGCCTGGGTGATGTAGCCAGACTCTGTCTCAAAATAAATAAATAAAAATAAATAAA","ATCGCTTGAACCTGGAAGGCGGAGGTTGCAGTGAGCAGAGATGGTGCCACTGCACTCCAGCCTGGGTGACAGAGCAAGACTCCATCTCAAAAAAAAAAAAAAAAAAAAAAA"
"KN294251v1","1797784","1797901","chr27","18833663","18833780","22","17035879","AAAATCACTTGAACCTGGGAGGCAGAGGTTATAGTGAGTTAAGATCATGCCACCCCACTCCAGCCTGGGTGACAGAATGATACCCTGTCTCAAAAAAATAAAAATAATAATAAAAAAA","AAAACCGCTTGAACCTGGGAGGTGGAGGTTGCAGTGAGCCAAGATCCTACCACTGCACTGTAGCCTGGGTGACAGAGTGAGACCCCATCTCCAAAAAAATAAAAATAAAAAAATAAAA"
"KN294251v1","2043107","2043365","chr19","16286678","16286927","45","14243571","TCCCAGCACTTTGGGAGGCCGAGGCGGGTGAATCACGAGGTCAGCAGTTCAAGACCACGCTGGCCAACACAGTGAAAACCCGTCTCGACTAAAAATACAAAAATTAGCTGGGCTTGGTGGCAGGTGCTTGTAATCCCAGCTACTCAGGAGGCTGAGGCAGGAGAATCACTTGAACCTGTGGTTGAGTGGAGGCTGCAGTGAGCCGAGACTGCGCCACTGCACTCCAGCCTGGGTGACAGAGCTAGACTCCGTCTCAAAA","AGCACTTTGGGAGGCCGAGGCGGGTGGATCACGAGGTCAGGAGTTTGAGACCAGCCTGGCCAACATGGTGAAACCATGTTTCTACTAAAAATACAAAAATTAGCTGGGTGCGGTGGTGGGCGCCTGTAATCCCAGCTACTCAGGAGGCTGTCGCAGGAGAATCACTTGAATCCGGGAGGTGGAGCTTGCAGTGAGCTGAGATCGCACCACTGCACTCTAGCCTGGGCGACAGAGCAAGACTCTGTCTTAA"
"KN294251v1","2278231","2278511","chr8","40061557","40061837","28","37783326","GGCCAGGTGCGGTGGCTCACACCTGTAATCCCAGCACTTTGGGAGGCCGAGGCGGGTGGATCACGAGTTCAGGAGTTCGAGACCAGCCTGGCCAAGATGGTGAAATCCTGTCTCTACTAAAAATACAAAAATCAGCTGGGCGCGGTGGCGGGCGCCTGTAATCCCAGCTACTCAGGAGGCTGAGGCAGGAGAATTGCTTGAACCCAGGAGGTGGAGGTTGCAGTGAGCTGAGATCGCGCCACTGCACTCTAGCCTGGGCAACACAGCAAGACTCCGTCTCA","GGCCGGGTGCAGTGGCTCACGCCTGTAATCCCAGTACTTTGGGAGGCCAAGGCAGCTGGATCATGAGGTCAGGAGTTTGAGACCAGCCTGGCCAAGATGGTGAAACCCCGTCTCTACTAAAAATACAAAAATTAGCTGGGCATGGTGGTAGGCGCCTGTAATCCCAGCTACTCAGTAGGCTGAGGCAGCAGAATTGCTTGAACCCGGGAGGCGGAGGTTGCAGTGAGCCGAGATGGCGCCACTATACTCCAGCCTGGGCAACACAACAAGACTCTGTCTCA"
"KN294251v1","2335348","2335500","chrX","108711335","108711486","30","106375987","AATTAGCCAGGCGTGGCAGTGGGTACCTGTAATCCCAGCTACTATGGAGGCTGAAGCTGGAGAATCGCTTTAGCCTGGAGACAAAGGTTGCAGTGAGCCGAGATCACAGCATTACATTCTAGCCTAGGCGACACAGCAAGACCCTGTCTCAAA","TTAGCCAGGCCTGGTGGCGGGGCCTGCAGTCCCAGCTACTCGGGAGGCTGAGGCAGGAGAATCGCTTGAACCTGGGAGGCGGAGGTTGCAGTGAGCCAAAGATCACACCACTGCACTCCAGCCTGGGCGACAGAGCAAGACTCTGTCTCAAA"
"KN294251v1","3057692","3057796","chr17","20962266","20962370","9","17904574","GGGAGGCAGAGGTTGCAGTGAGCTGAGATAACGCCACTTAACTCCAGCCTGGGCGACAGAGGAAGACTCCATCTGAAAAAAAAAAAAAAAAAAAAAAAAAAAAAA","GGGAGGTGAAGGTTGCAGTGAGCTGAGATCACGCCACTTAACTCCAGCCTGGGCGACAGAGCAAGACTCCATCTGAAAAAAGAAAAAAAGAAAGAAAAAACAAAA"
"KN294251v1","3237910","3238223","chr17","21127967","21128279","19","17890057","GGCTGGGTGCAGTGACTCATGCCTGTAATCCCAGAACTTTGGGAGGCTGAGGTGGGTGGATCACAAGGTCAGGAGTTCGAGACCAGCCTGGCCAATATGTTGAAACCCCATCTCTACTAAAAATACAAAAATTAGCTGGGTGTGGTGGTGGGCACCTGTACTCCCAGTCACTCAGGAGGCTGAGGCAGGAGAATCACTTGAACCCGGCAGAGGTTGTAGTGAACCAAGACTGTGCCATTGTGCCACTGCACTGCAGCCTGGGTGACAGAGTGAGACTCTGTCTCAAAAAAGGAAAAAAAAAAAAAAAAAAAAAA","GGCTGGGTTCAGTGGCTCATGCCTGTAATCCCAGAACTTTGGGAGGCTGAAGTGGGTGGATCACAAGGTCTGGAGTTTGAGACCAGCCTGGCCAATATGTTGAAACCCCATCTCTACTAAAAATACAAAAATTAGCTGGGTTTAGTGGTGGGCACCTGTACTCCCAGTCACTCAGGAGGCTGGGACAGGAGAATCACTTGAACCCGGAGGAGGTTGTAGTGAACCAAGACTGTGCCATTGTGCCACTGCACTCTAGCCTAGGTGACAGAGTGAAACTCTGTCTCAAAAACAGAAAAAAAAAAAAAACAAAAAA"
"KN294251v1","3663430","3663467","chr12","3445948","3445985","15","217482","CCAGGCGTGGTGTCTGGAGCCTGTAATCCCAGCTACTC","GGCACAGTGGCTCAGGCCTGTAATCCCAGCACTTCGGG"
"KN294251v1","3970064","3970358","chr8","117985778","117986075","39","114015714","GGCCCAGCGCGGTGGCTCACACCTGTAATCCCAGCACTTTGGGAGGCCGAGGCGGGTGGATCATGAGGTCAGGAGCTCAAGACTAGCCTGGCCAACATGGTGAAACCCCGTCTCTACTAAAAATACAAAATTAGCCAGGCGTGGTGGTGGGCGCCTGTAATCCTAGCTACTCAGGAGACTGAGGCAGCACAATCTCTTGAACCCGGGAGGCGGAGGTTGCAGTGAGCTGAGATGGCGCCATTGCATGCCAGCTTGCCTGACAAAGTGAGACTCCATCTCAAAAAACAAACAGAAA","GGCTGAGTGCGGTGGCTCACACCTGTAATTCCAACACTTTGGGAGGCCAAGGCAGGTGGATCATGAGGTCAGGATTTCGAGACCAGCCTGGCCAAGATGGTGAAACCCCATCTCTACTAAAAATACAAAAATTAGCCGGGCGTGGTGGCAGGTGCCTGTAATCCCAGCTACTCTGGAGGCTGAGGCAGGAGAATCGCTTGAACCCAGGAAGCAGAGGTTGCAGTGAGCTGAGATCGCGCCACTGCACCCCAGCCTGGGTGACAGAGTGAGACTCCATCTCAAAAAAAAAAAAAAGAAA"
"KN294251v1","4175921","4176216","chr9","51981018","51981314","43","47805097","GGCCAGGTGCAGTAGCTCATGCCTGTAATCCCAGCACTTTGGGAGGCTGAGGCAGATGGATAATGAGGTCAGGAGTTCGAGACCAGCCTGGACAACGTGGTGAAACCCTGTCTCTACTAAAAATACCAAAAATTAGCTGGGCGTAAGGGCAGGCACCTGTCAGCTACTTGGGAGTCTGAGACAGGAGAATCACTTGAACCCGGGAGGCGGAGGTTGCAGTGAGCTGAGATTATGCCACTGTACTCCAGCCTGGGCGACAGTGCAAGATTCCATCTCAAAATAAATAAATGAAAAAA","GGCCAGGTGCAGTGGCTCATGCCTGTAATCCCAGCACTTTGGGAGGCCGAGGCAGGTGGATCACGAAGTCAGGAGTTCAAGACCAGCCTGGCCAACATGGTGAAACCCCGTCTTTACTAAAAATACAAAAATTAGCTGAACGTGGTGGCGGGTGCCTGTAGTCCCAGCTACTCGGGAGGCTGAGACAGGAGAATCGCTTGAACCCAGGAGGCAGAGGTTGCAGTGAGCCAAGATCGTGCCACTGCACTGCAGCCTGGGCAACAGAGCAAGATTCCACCTCAAAAAAAAAAAAAAAAA"
"KN294257v1","117386","117669","chr17","45612741","45613024","12","45495355","GGCTTGGCACGGTGGCTCACGCTGTAATCCCAGCACTGTGGGAGTCTGAGGCGGGTGGATCATGAGGTCAGGAATTCCAGACCAGCCTGGCCAACATGGTGAAACCTGTCTCTACTAAAAATGCAAAAATTAGCCGGGCATGGTGGTGGGCACCTGTAACCCCAGCTACTCGGGAGGCTGAGGCAGGCGAATTGCTTGAACCCGGGAAGCAGAGGTTGCAGTGAGCTGAGATCACACCACTGTACTCCAGCCTGGGTGACAGAGCAAGACTCCATCTCAGAAAA","GGCTTGGCGCGGTGGCTCACGCTGTAATCCCAGCACTGTGGGAGTCTGAGGCGGGTGGATCACGAGGTCAGGAGTTCCAGACCAGCCTGGCCAACATGGTGAAATCTGTCTCTACTAAAAATACAAAAATTAGCCGGGCATGGTGGCGGGCACCTGTAACCCCAGCTACTTGGGAGGCTGAGGCAGGAGAATTGCTTGAATCCGGGAAGCAGAGGTTGCAGTGAGCTGAGATGACACCACTGTACTCTAGCCTGGGTGACAGAGCAAGACTCCATCTCAAAAAA"
"KN294257v1","126384","126662","chr18","13847079","13847356","37","13720695","GCTGGGCTCGGTGGCTCACGCCTGTAATCCCAGCACTTTGGGAGGCCAAGGTGGGTGGATCATGAGGTCAGGAGTTTGAGACCAGCCTGGCCAACATGGTGAAATCCCGTCTCTACTAAAAATACAAAAATTAGCCGGGTGTGGTGGCGGGCATCTGTAATTCTAGGTACTCGGGAGATTGAAGCAGGAGAATTGCTTGAACCCGGAAGGCAGAGGTTGCAGTGAGCCAAGATCATTGCACTCCAGCCTGGGCGACAGAGCCAGACTCCAACTCAAAAA","GCTGGGCACGGTGGCTCACGCCTGTAATCCCAGCACTTTGGGAGGCCAAGGTGGGTGGATCACGAGGTCAGGGGTTCGAGACCAGCCTGACCAACGTGGTGAAACCCCATCTCTACTAAAAATACAAAAATTAGCCGGGCGTGGTGGCGGGCACCTGTAATCCCAGTTACTCAGGAGGCTGAGACAGGAGAATTGCTTGAACCCGGGAGGCGGAGCTTGCAGTGAGCCGAGATCACGTCACTGCACTCCAGCCTGGGCAAAAGAGCGAGACTCCATCT"
"KN294257v1","148878","149124","chr11","124277362","124277609","35","124128484","GGCCAGACACAGTGGTTCACGCCTATAATCCCAGCAGTTTGGGAGGCTGAGGTGGGTTGATCACGAGGTCAGGATTTCGAGACCAGCCTGGCCAACATGGTGAAACCCTGTCTCTACCCAAAATACAAAAATTAGCTGGGCACGGTGGCGGGCGCTTGTAATCCCAGCTACTAGGGAGGCTGAGGCAGAAGAATCGTTTGAACTTGGGAGGCGGAGGTTGCAGTGAGCCAAGACTGGGCCACTGCAC","GGCCAGGTGCAGTGGCTCATGCCTGTAATCCCAGCACTTTGGGAGGCCAAGGCAGGTGGATCACGAGGTCAGGGGTTTGAGACCACCCTGGCCAACATGGTGAAACTCGGTCTCTAATAAAAATACAAAAATTAGCTGGGCAGGATGGCAGGTGCCTGTAATCCCAGCTACTCAGGAGGCTGAGGCAGGAGAATCGCTTGAACCTGGGAGGCGAAGGTTGCAGTGAGCCTAGACTGCGCCACTGCACT"
"KN294257v1","167011","167109","chr17","45664573","45664671","7","45497562","GGTTGCAGTGAGCCGTGATCGCACCCCTGAACTCCATCCGGCCTGGGAGATAGAGTGAGACTCCGTTTCAAAAAAAAAGGAAAGAAAAGAAAAAAAAAA","GGTTGCAGTGAGCCGTGATCGCTCCCCTGAACTCCATCCGGTCTGGGAGATAGAGTGAGACTCCGTTTCAAAAAACAAAAAAGAAAAAGAAAAAGAAAA"
"KN294257v1","174006","174118","chr3","12970708","12970821","14","12796702","AGAATCGCTTGAAACCGGGAGGTGGAGGATGCAGTGAGCCGAGATCGTGCCACTGCACTCCAGCCTGGGGGACAGAGCGAGAGTCTATCTCAAAAAAAAAATAAAATAAAAAA","AGAATCGCTTGAACCCGGGAGGTGGAGGTTGCAGTGAGCCAATATCGTGCCACTGCACTCCAGCCTGGGTGACTGACAGAGCGAGACTCCATCTCAAAAAAATAAAATAAAGAA"
"KN294257v1","206391","206695","chr17","45703830","45704132","17","45497439","GGCTGGGCACGGTGGCTCACGCCTGTAATCCCAGCACTTTGGGAGGCCGAGACGGGTGGATCACGAGGTCAGGAGTTTGAGACTAGCCTGACAAACATGGTGAAACCCCGCCTCTACTAAAAATACAAAAATCAGCCAGGTGTGGTGGCAGGCACCCGTAATCTAAGCTACTCAGAAGGCTGAGGCAGGAGAATCACTTGAACCTGGGACACGGAGGTTGCAATGAGCTGAGATCGTACCATTGCACTACAGCCTGGGTGACACAGCAAGACTCCGTCTCAGAAAAAAAAAAAAAAAGATAAGAA","GGCCGGGCACGGTGGTTCACGCCTGTAATCCCAGCACTTTGGGAGGCGAGACGGGTGGATCACGAGGTCAGGAGTTTGAGACCAGCCTGACAAACATGGTGAAACCCCACTTCTACTAAAAATACAAAAATTAGCCAGGTGTGGTGGCAGGCACCCGTAATCCCAGCACTCAGAAGGCTGAGGCAGGAGAATCACTTGAACCCGGGAGGCAGAGGTTGCAATGAGCTGAGATCGTACCATTGCACTCCAGCCTGGGTGACACAGCAAGACTCTGTCTCAGAAAAAGAAAAAAAAAGATAAGAA"
"KN294257v1","295170","295298","chr17","45849108","45849234","6","45553938","CTCAGCTACCCAGGAGACTGTGGCAGGAGAATCGCTGGAACCTGGGGAACAGGCTGCAATGAGCTGAGAATGCGCCACTGCACTCCAGCCTGGGTCACAGAGCAAGACTCCATCTCAAAACAAACAAAA","CTCAGCTACCCAGGAGACTGTGGCAGGAAAATCTCTGGAACCTGGGAAACAGGCTGCAATGAGCTGAGAATGCGCCACCGCACTCCAGCCTGGGTCACAGAGCGACTCCATCTCAAAACAAACAAAA"
"KN294257v1","309187","309471","chr17","45863634","45863925","14","45554447","GCCGGGCACGATGGCTCATGTCTGCAATCCCAGCACTTTGGGAGGCCAAGGCGGGTGGATCACAAGTTCAGGAGTTCAAGACCAGCCTGGCCAAGATGGTGAAACACCATCTCTACCAAAACTACAAAAATTAGCCGAGTGCAGTAGCAGGCGCCTGTAATCCCCGCTGCTTGGGAGGATGAGCAGGAGAATCGCTTGAACCTGGGTGGCAGAGCTTGAGCCGAGATCGCGCCACTGCACTCCAGCCTGGGCGACAGAGTGAGACTCTGTCTTAAAAAAGAAAAA","GCCGGGTACGATGGCTTATGTCTGCAATCCCAGCACTTTGGGAGGCCAAGGCGGTGGATCACAAGTTCAGGAGTTCAAGACCAGCCTGGCCAAGATGGTGAAACACCATCTCTACCATAACTACAAAAATTAGCCGAGTGCAGTAGCAGGCGCCTGTAATCCCCGCTGCTTGGGAGGCTGAGCAGGAGAATCGCTTGAACCTGGGTGGCAGAGCTTGAGCCGAGATCGCGCCACTGCACTCCAGCCTGGGCGACAGAGTGAGACTCTCTCTTAAAAAAGAAAAAGCAAAAAA"
"KN294257v1","364776","365079","chr11","105204330","105204627","38","104839554","GCCAGACACGGTGGCTCACACTTGCAATCCCAGCACTTTGGGAGGCCGAGGTGGGTGGATCACAAGGTCGGGAGTTCAAGACCAGCCTGGCCAGTATGGTGAAACCCTGTCTCTACTAAAAATACAAAAACTGGCCAGGTGTGGTGGCGGGTGCCTGTAGCTCCAGCTACTCGGGAGGCTGAGGCAGGAGAATCACTTGAACCCGAAAGGCAGAGGTTGCAGTGAGCTGAGATAGCACCACTGCACTCCAGCCTGGGCGACAGAGTGAGCGAGACTCCATCTCAAAAAAAAAAAAAGAAAAAAA","GCCAGGCACGGTGGCTCACACCTGTAATCCCAGCACTTTGGGAGGCCGAAGCGGGTGGATCACGAGGTTAGGAGTTCGAGACCAGCCTGGCCAAGATGGTGAAACCCTGTCTCTACTAAAAATACAAAAACTAGCCAGGCACAGTGGTGTGTGCCTGTAATCCCAGTTACTCTGGAGGCTGAGGCAGGAGAATTGCTTGAACCCGGGTGGCAGAGGCTGCAGTGAGCCGAGATTGCACCACTGCACTCCAGCCTGGGTGACAGAGTGAGACTCCATCTCAAAAAAAAAAAAAAAAAAA"
"KN294257v1","367726","367820","chr12","70774063","70774157","11","70406337","GTGGAGGTTGCAGTGAGCCAAGACCGAGTAACTGCACTCCAATCTGGGTGACAGAGTGAGACTCCGTCTCAAAAAAAAAAAAAAAAAAAAAAAAA","GCGGAGGTTGCAGTGAGCCGGGAACGCGCCACTGCACTCCAGCCTGGGCGACAGAGCGAGACTCCGTCTCAAAAAAAAAAAAAAAAAAAAAAAAA"
"KN294257v1","467985","468158","chr20","8927653","8927826","27","8459668","GTCGGGCGCGGTGGCTAACGCCTGTAATCCCAACACTTTGGGAGGCTGAGGCAGGAGAATCACTTGAACCCAGGAGGCAGAGGTGGCAGTGAGCCGAGATCGTGCCCCTGCACGCCAGCCTGGGTGACAGTGAGATTCCGTCTCAAAAAAAAAAAACAAAAAAAGAAAAAAGAA","GCCGGGCGCGGTGGCTAAAGCCTGTAATCCCAGCTACATGGGAGGCTGAGGCAGGAGAATCGCTTGAACCAGGAGGCGGAGGTTGCAGTGAGCCAAGATCACGTCACTGCACTCCAGCCTGGGCAACAGAGTGAGACTCCATCTCAAAAAAAAAACAAAAACAAAAAAACAGAA"
"KN294257v1","473313","473627","chr29","21914305","21914613","37","21440992","GGCCGGCCAAGGTGGCTCACACCTGTAATCCCAGCATTTTGGGAGGCCAAGGTGCGTGGATCACGAGGTCAGGAGTTCAAGACCAGCCTGGCCAAGATGGTGAAACCCCATGTCTACTAAAAAATACAAAAATTAGCCGGGCATGGTGGCAGGCACCTGTAATCCCAGCTACTCAAGAGGCTGAGGCAGGAGAATTGCTTGAACCCAAGCGGCAGAGGTTGCAGTGAGCCAAGATCATGCCACTGCACTCCAGCTTGGCCAATAGAGTGAGATTCCATCTCAAAAAAAAAAAAAAAAAAAAAAAAAAAAAAAAAA","GCTGGGCGCAGTGGCTCACACCTGTAATCCCATTACTTTGGGAGGCCAAGGTGGGTGGATCACGAGGTCAGGAGTTTGAGACCAGCCTGGCCAAGATGGTGAAACCCCGTCTCTACTAAAAATACAAAAATTAGCTGGGCATGGTGGCAGGCACCTGTAATCCCAGCTACTAGGGAGGCTGAGGCAGGAGAATTACTTGAACTCGGGCAGCAGAGGTTGCAGTGAGCCAAGATCATGCCACTGCACTCCAGCCTGGGTAACACAGTGAGATTCCATCTCAAAAAAAAAAAAAAAGAAAAGAGAAGAAAA"
"KN294257v1","577749","577851","chr11","11520976","11521077","19","10943227","GAGACAGTGGTTGCAGTGAACAGAGATCCCGCCATTGCACTCCAGCCTAGGTGACACAGTGAGACTCTGTCTGAAAAAAAAAAAAAAGAGAAAGAAAAGAAAA","GAGGCGGAGATTGCAGTGAGCTGAGATCGCACCCCTGCACTCCAGCCTGGGAGACAGGGATAGACTCCATCTGAAAAAAAAAAAAAAGAAAAGAAAAGAAAA"
"KN294257v1","752975","753075","chr17","46279517","46279618","8","45526542","TCACTTGACCCGGAAGGTGGAGCTTGCAGTGAGCCGAGATCATGCTTCTGCACTCCAGTCTGAGCGACAGAGCGAGACTCTGTCTCAAAAAAACAAAAAAA","TCACTTGACCCGGAAGGTGGAGCTTGCAGTGAGCCGAGATCACGCCTCTGCACTCCAGTCTGGGTGACAGAGTGAGACTCCGTCTCCAAAAAAAAAAAAAAA"
"KN294257v1","783788","783880","chr17","46315123","46315215","4","45531335","GAAGCGGAGGTCGCAGTGAGCCGAGATCTCGCCACTGCACTCCAACCTGGGTGACAGAGTGAGACTCCGTCTCGACAAAACAAAGCAAAAAAA","GAGGCGGAGGTTGCAGTGAGTCGAGATCTCGCCACTGCACTCCAACCTGGGTGACAGAGGGAGACTCCGTCTCGACAAAACAAAGCAAAAAAA"
"KN294257v1","815399","815510","chr18","57049109","57049219","16","56233710","CAGGAGAATTGCTTGAACCCAGGAGATGGAGGTTGCAGTGAGCCGACACAGTGCCACTGCCCTCCAGCCTTGGCGACAGAGTGAGACTCTGTCTCAAAAAAAAAAAAACAAA","CAGGAAAATCGCTTGAACCTGGGAGGCGGAGGTTGCAGTGAGCTGAGATCATGCCACTGCACTCCAGCCTGGGCGACAGAGTGAGACTCTGTCTCCAGGAAAAAAAAAAAA"
"KN294257v1","818816","818988","chr3","37397752","37397911","29","36578936","TACTAAAAATACAAAAATTAGCAGGGGATGGTGGTGAGCGCCTGTAGTCCCAGCTACTTGGGAGGCTGAGGCAGGAGAATAGCTTGAACCCGGGAGGCAGGGGTTGCAGTGAGCTGAGATTGTGCCACTGTACTCCAGCCTGGGTGACAGAGTGAGACTCCATCCAAAAAAAA","TACAAAAATTAGCCAGGCGTGGCGGGCGCCTGTAGTCCCAGCTACTTGGGAGGCTGAGGCAGGAAAATTGCTTGAACCTGGGAGGCAGAGGTTGCAGTGAGCCGAGATTGCGCCACTGTACTCCAACCTGGGCGAGGGAGAGACTCCATCTCAAAAAAAA"
"KN294257v1","824310","824599","chr17","46357870","46358157","17","45533560","GCTAGGCGCGGTGGCTCATGCCTCTAATGCCAGCACTTTGGGAGGCTAAGGCAGGTGGATCACGAGGTCAGGAGTTCAAGGCCAGCCTGGCCAACATGGTGAAACCCCATCTCTACTAAAAATAGAAAAAATAGCTGGGCATGCTGGTGGGCACCTGTAATCCCAGTTGCTAGGGAGACTGAGGCAGGAGAATTGTTTGAACCTGGGAGGTGGGGGTTGCAGTGAGCCGAGACTGCACAACTGCACACCAGCCTGGGTGACAGAGTGAGACAATGTCTTAAAAAAAAAAA","GCTAGGCGCGGTGGCTCACGCCTGTAATGCCAGCACTTTGGGAGGCTAAGGCGGGTGGATCACGAGGTCGGGAGTTCGAGACCAGCCTGGCCAACATGGTGAAACCCCATCTCTACTAAAAATAGAAAAATTAGCTGGGCATGCTGGTGGGCACCTGTAATCTCAGTTGCTAGGGAGACTGTGGCAGGAGAATTGTTTGAACCTGGGAGGTGGGAGTTGCAGTGAGCCGAGACTGCACAACTGCACTCCAGCCTGGGGGACAGGGTGAGGCAATGTCTTTAAAAAAAA"
"KN294257v1","928563","928810","chr17","46448237","46448483","10","45519674","GGGAGGCCGAGGCGGGTGGATCATGAGGTCAGGAGTTCAAGACCAGCCTGGCCAAGATGGTGAAACCCCGTCTCTATTAAAAATACAAAAATTAGCCAGGCGCGGTGGCGGGCACCTGTAATCTCAGCTATTCAGGAGGCTGAGGCAGGAGAATCTCTTGCACTTGGAAGGCAGAGGTTGCAGTGAGCCGAGATCACTGCACTTTAGCCTGGGCAACAGAGCAAGACTCCGTCTGAAGAAAACAAAAA","GGGAGGCCGAGGCGGGTGGATCATGAGGTCAGGAGTTCAACACCAGCTTGGCCAAGATGGTGAAACCCCGTCTCTACTAAAAATACAAAAATTAGCCAGGCGCGGTGGCAGGCACCTGTAATCTCGCTATTCAGGAGGCTGAGGCAGGAGAATCTCTTGCACTTGGGAGGCAGAGGTTGCAGTGAGCCGAGATCACTGCACTTTAGCCTGGGAGACAAAGCAAGACTCCGTCTGAAAAAAACAAAAA"
"KN294257v1","964386","964625","chr12","44519999","44520223","58","43555613","GGCCAAGTATGGTGGCTCACACCTGTAATCCCAGCACTTTGGGAGGCCGAGGCATCCTTACTAAAAATATGGAAGTCAGCCAGGCATAGTCGTAGGCACCTGTAATCCCAGCTACTCTGGAGGCTGAGACAGAAGAATTGATTGAACTGGGGAGGCGGAAGTTGCAGTGAGCAGAGATCGTGCCACTGCACTCCAGTCTGGGTGAAAAGAGATTCTGTCTTAAAAAAAGAAAAAAGAAAA","GGCTGCGCACGGTGGCTCACGCCTGTAATCCCAGCACTTTGGAAGGCCAAGGCAGGTGGATCATGAGGTCAGGAGTTCGCACCTATAATCCCAGCTACTCAGGAGGCTGAGGCAGGAGAATCACTTGAACCTGGGAGGCGGAGGTTGCAGTGAGCCGAGATCGTGCCATTGCACTCCAGCCTGGGTGACAGAGCGAGACTCCATCTCAAAAAAAACAACAAAAAA"
"KN294257v1","1167014","1167314","chr17","46694608","46694895","26","45527594","GGCTGGGTGTGGTGGCTCATGCCTGTAATCCCAGCACTTTGGGAGGCCGAGGCAGGTGGGTCATGAGGTCAGGAGTTTGAGACCAGCTTGGCCAAGATGGTGAAATCCCATCTCTACTAAAAGATACAAAAATTAGCCTTGCGCAGTAGTGGGTGCCTGTAATCCCAGCTACATGGGAGGCTGAGGGGCAGGAGAATCGCTTGAATCTGGGAGGCGGAGTCTGGAGTGCCGAGATCACGCCACTGCACTCTAGCCTGGGAGACAGAGCAAGACTCCGTCACAAAAAAAGAAAAAAAAAAAA","GGCTGGGTATGGTGGCTCATGCCTGCAATCCTAGCACTTTGGGAGGCTGAGGCAGGTGGGTCATGAGGTCAGGAGTTTGAGACCAGCTTGGCCAAGATGGTGAAATCCCATCTCTACTAAAAGATACAAAAATTAGTCGTGTGCAGTAATCCCAGCTACATGGGAGGCTGAGGCAGGAGAATCGCTTGAACCTGGGAGGCGGAGTCTGGAGTGCCGAGATCACGCCACTGCACTCTAGCCTGGGTGACAGAGCAAGACTCCGTCTCAAGAAAAGAAAAAAAAAAAAAA"
"KN294257v1","1407450","1407520","chr17","46928458","46928529","7","45521008","AGGTTGCAGTGAGCCAAGATCGTGCCACTGCACTCCAGTCTGGGTGACAGAATGGGACCCCGTCTCGAAAA","AGGTTGCAGTGAGCCAAGATCATGCTACTGCACTCCAGTCTGGGTGACAGAGTGGGACTCCATCTCAAAAAA"
"KN294257v1","1415281","1415403","chr4","20961424","20961545","15","19546143","AGGCTGACGCAGGAGAATCGCTTGAACCCCAGAGGCAGAGACTGCAGTAAGCTGAGATCTCGCCACTGCACTCCAGCCTGGGTGACAGAGTGAGACTCTCTTTTAAAAAAAAAAAAAAAAAAA","GGCTGAGGCAGGAGAATCGCTTGAACCCAGGAGGCAGAAGTTGCAGTAAGCTGAGCTCTCACCACTGCATTCCAGCCTGGGTGACAGACTGAGACTCTGTCAAAAAAAAAAAAAAAAAAAAA"
"KN294257v1","1425186","1425480","chr16","2621276","2621572","37","1196090","GGCCGAGCGTGGTGGCTCACGCCTGTAATCCCAGCACTTTGGGAGGCAGATGTGGGTGGATCACGAGGTCAAGAGTTTGAGACCAGCCTGGCCAAGATGGTGAAACCCCATCTCTACTAAAAATACAAAAATTAGCCATGTGTAGTGGCACGCGCCTGTAATCCCAGCTACTCAGGAAGCTGAGACAGAATCGCTTGAACCCAAGAGGCGGAGGTTGTGGTGAGCCGAGATCGCGCCACTGCATTCTAGCCTGGGTGACACAGCAAGATTCTGTCTCAAAAAAAAAAAAAAAAAA","GGCCGGGCGCGGTGGCTCATGCTTGTAATCCCAGCACTTTGGGAGGCTGAGGCAGGTGGATCACGAGGTCAGGAGTTTGAGACCAGCCTGGCCAACACAGTGAAACCCCATCTCTACTAAAAATACAAAAATTAGCCAGGCGTAGTGGCGGGCGCCTGTAATTCCAGCTACTCGGGAGGCTGAGGCAGGAGAATCGCTTGAACCCGGGAGGCGGAGGTTGCAGTGAGCCGAGATCGCACTACTGTGCTTCAGCCTGGGTGACAAAGCGAGACTCTGTCTCAAAAAAAAAAAAAAAAA"
"KN294257v1","1532176","1532256","chr10","100555495","100555565","23","99023319","TAAAAAAAAAAAATCAGCCGGGTGATAGGAGGCACTTGTAATCCCAGCTACTCAGGATGCTGAGACAAGAAGATTGCTTGA","AAAAAATCAAACTGAGCCAGGTGCAGTGATGTACCAGCTACTCAGAAGGCTGAGGCTGGAGGATTGCTTGA"
"KN294257v1","1741983","1742120","chr21","95187904","95188038","15","93445921","ACTCAGAAGGCTGAGGCAAGAGAATCGCTTGAACCCGGGAGGCAGAGGTTGCAGTGAGCCGAGATCGCACCATCGCCCTCAAGCCTGGGCTACAGAGTGAGACTCTGTCTCCAAAAAAAAAAAAAAAAAAAAAAAAAA","TTGGGAGGCTGAGGCAGGAGAATCACTTGAACCTGGGAGGCAGAGGTTGCAGTGAGCCGAGATTGCACCATTGCACTCCAGCCTGGGCAACAGGGTGAGACTCTGTCTCAAAAAAAAAAAAAAAAAAAAAAAAAA"
"KN294257v1","1821198","1821468","chr20","62646568","62646835","38","60825370","GGGCACGGTGGCTCACGCCTGTAATCCTAGCACTTTGGGAGGCTGAGGCAGGTGAATCACGAGGTCAGGAGTTTGAGACCAGCCTGGCCAACCTGGTGAAACCCCATCTCTACTAAAAATACAAAAATTAGCTGGGAGTGGTGGCGGGCGCCTGTAATCCCAGCTACTCGCTCGGGAGGGTGAGGCAGGAGAATCACTTGAACACAGGAGGTGGAGGTTGCAGTGAGCTGAGATTGCACCACTGCACTCCAGCCTGGGTGACAGAGGGAGA","GGGTGCAGTGGCTCACACCTGTAATCCAGTACTTTGGGAGGCCGAGGCAGGTGGATCACGAGGTCAGGAGTTCGAGACCAGTCTGGTCAACATGGTGAAACCCCGTCTCTACTAAAAATACAACAATTAGCTGGGCGTGGTGGCAGACCCCTGTAATCCCAGCTACTTGGGAAACGGAGGCAGGAGTATCGCTTGAACCCAGGAGGCGGAGTTTGCAGTGAGCCGAGACTGCGCCACTGCCCTCCAGCCTGGGTGACAGAGAGAGACT"
"KN294257v1","1840281","1840393","chr2","58504374","58504493","19","56664093","GAGGCAGGAGAATTGCTCGAACACGGGAGGCGGAGGTTGCAGTGAGCAGAGATCGCGCCATTGCACTCCAGCCTGGGCGACAGAGTGAGACCCAGAAGAAAGAAAGAAAGAAA","CTGAGGCAGGAGAATTGCTTGAACCGGGAGGCAGAGGTTGCAGTGAGCTGAGATCGCGCCATTGCACTCCACCCTGGGTGACAGAGTGAGACTACATCTCAAAAAAAAAAAAAAAAAAAA"
"KN294257v1","1918587","1918884","chr17","47428115","47428421","18","45509528","GGCCATGTGCAGTGGCTCACGCCTGTAATCCCAGCACTTTGGGAGGCTGAGACAGGTGGATCACGAGGTCAGAAGTTTGAGACCAGTCTGGCCAACACGGTGAAACCTTGTCTCTACTAAAATATACAAAAATTAGCTGGGCATGGTGGTGGGTACCTGTAATCCCAGCTACTGGGGAGGCTGAGGCAGGAGAATGGCTTGAACCCAGGAAGAAGAGGTTACAGTGAGCTGAGATCATGCCACTGCACTCCAGCCTAGGTGACAGAGCAAGACTCGTCTCAAAAAAAAAAAAAAAAAA","GGCCGTGTGCAGTGGCTCACGCCTGTAATCCCAGCACTTTGGGAGGCTGAGGCAGGTGGATCACGAGGTCAGAAGTTTGAGACCAGTCTGGCCAACACAGTGAAACCCTGTCTCTACTAAAAATACAAAACTTAGCTGGGCATGGTGGTGGGTACCTGTAATCCCAGCTACTGGGGAGGCTGAGGCAGGAGAATGGTTTGAACCCAGGAGGAAGAGGTTACAGTGAGCTGAGATCATGCCACTGCACTCCAGCCTAGGTGACAGAGCAAGACTCGTCTCAAAAAAAAAAGAAAAAAAAAAAAACAAA"
"KN294257v1","1920867","1921176","chr14","89910303","89910602","49","87989436","GGCTGGGTGCAGTGGCTTACGCCTGTAATCCCAACACTTTGGGAGGCCAAGACGGGTGGATCACAAGGTCAGGAATTCAAGACCAGCCTGGCCAATATGGCAAAATCTTGTCTCTACTAAAAAAACAAAACAAAGCAAAACAAAAAAATTAACTGGGTGTGGTGGCGGGCACCTGTAATCCCAGCTACTTAGGAGGCTGAGATAGGAGAATCGCTTGAACCCGGGAGACGGAGGTTGCATTGAGCCAAGATCATGCCACTGCACTCCAACCTGGGCCACAGAGCGAGACTCGGTCTCAAAAAAAAAAAAA","GGCTGGGCGCAGTGGCTCACGCCTGTAATCCCAGCACTTTGGGAAGCCGAGGTGGGTGGATCACAAGGTCAGGAGTTTGAGACCAGCCTGGCCAAGATGGAGAAACCCCATCTCTACTAAAAAAAAAAAAAAAAAAATTAGCTGGATGTGGTGGCGGGTGCCTGTAATCCCAGCTACTTGGGATGCTGAGGCAGGAGAATCTCTTGAACCTGGGAGGCGGAGGTTGCAGTGAGCCGAGATCACGCCACTGCACTCTAGCCTGGGCAACAGAGTGAGATTCCGTCTCAAAAAAAGAAAAAA"
"KN294257v1","1977369","1977515","chr11","111922232","111922372","21","109944863","CCTGAAATCCCAGCTACTTGGGAGGCCAAGGCAGGAGAATTGCTTGAACCCAGGAGGCGGAGGTTGCAGTGAGTAGATATCACGCCATTGCACTCCAGCCTGGGCAACAGAGTGAGACTCTGTCTTGTAAAACAAAAAAACAAAAAA","CCTGTAATCCCAGCTACTTGGGAGGCTGAGGCAGGAGAATCGCTTGAACCCAGGAGTTGGGGGTTGCAGTGAGCAGAGATCATGCCACTGCACTCCAGCCTGGGCAACAGAGCAAGACTCCGTCTCAAAAAAAAAAAAAAA"
"KN294257v1","1988780","1988971","chr7","35714639","35714831","37","33725859","CTAAAAATACAAAATTTAGCTGGGCATGGTGGTGGGTGCTTATAATCCAAGCCACTCAGGAGGCTGAGGCAGGAGAATCGCTTAAACCCAGGAGGTGGAAGTTGCAGTGAGCCAAGATGGAGCCACTGTACTCCAGCCTGGGTGACAGAGCGAGACTCCCATCGTCTCAAAAAAAAAAAAAAAAAAAAAAAA","TTAAATAAATAAATAAATTAGCTGGGTGTGGTGGCAGGTGCTTATAATCCCAGCTACTCAGGAGGTTGCGCCAGGAGAATCATTTGAATCCCGGAGGCGGAGGTTGCAGTGAGCCAAGATTGTGCCACTGCACTCAAGTCTGGGCAACAGCGCAAGACTCCATCTCAAAAAAAAAAAAGAAAAAGAAAAAAAA"
"KN294257v1","2148568","2148868","chr16","18596663","18596956","34","16448095","GGACAGACACAGTGGCTCACGCCTGTAATCCCAGCACTTTGGGAGGCAAAGGCGGGTGGATCATAAGGTCAGGAATTCAAAACCAGCCTGACCAATATGGTGAAACCCCATCTCTACTAAAAATACAAAAATTAGTCGGGCGTGGTGGCAGGTGCCTGTAATCTCAGCTACTCAGGAGGCTGAGGCAGGAGAATCACTTGAACCTGGGCAGCAGATGTTGCAGTAAGCCGAGACCAGCCACTGCACTCCAGCCTGGGTGACAGAGTGAGACTCTGTCTCAAAAAAAAAAAAAAAAAAAAAA","GGCCGGGCGTGGTGGCTCACGCCTGTAATCCCAGCACTTTGGGAGGCCAAGGCGGGTAGATCATGAGGTCAGGAGTTCAAGACCAGCCTGACCAATATGGTGAAACCCCGTCTCTACTAAAAATACAAAAATTAGCTGGGCGTGGTGGCAGGTGCCTATAATCTCAGCTACTTGGGAGGCTGAGGCAGGAGAATCGCTTGAACCTGGGCAGCAGAGGTTGCAGTGAGCCAAGGTCACGCCACTGCACTCAAGCCTGGGTGACAGAGTGAGACTCTGTCTTAAAAAAAAAAAAAA"
"KN294257v1","2168813","2169106","chr17","47674881","47675171","16","45506068","GGCCGGGTGCAGTGGCTCATGCCTGTAATCCCAGCACTTTGGGAGGCTGTGGCGGGTGGATCATGAAGTCAGGAGTTCAAGACAAGCCTGGCCAAAATGGTGAAACCCCGTCTCTACTAAAAATACAAAAATTAGCTGGGCATGGTGGCAGGCACCTGTAATCCCAGCTACTCAGGAGGCTGAGGCAGAGGAATCACTTGAGCTTGGGGGGCGGAGGTTGCAGTGAGCCAAGATCGCGCCACTGCACTCCAGCCTGGACCACAGAGTGAGACTCCATCTCAAAAAAGAAAAAAA","GGCTGGGTGCAGTGGCTCATGCCTGTAATCCCAGCACTTTGGGAGGCTGCGGTGGGTGGATCATGAAGTCAGGAGTTCAAGACCAGTCTGGCCAAAATGGTGAAACCCCGTCTCTACTAAAAATACAAAAATTAGCTGGGCATGGTGGCAGGCACCTGTAATCCCAGCTACTCGGGAGGCTGAGGCAGAAGAATCGCTTGAACTTGGGGGGCGGAGGCTGCAGTGAGCCAAGATTGCGCCACTGCACTCCAGCCTGGACCAAAGAGTGAGACTCCAACTCAAAAAAGAAAA"
"KN294257v1","2213843","2214153","chr17","47720364","47720649","49","45506521","GGCCAGGCCTGGTGGCTCACTCCTGTGATCCCAGCACTTTCGGAGGACAAGGTGGGTGGATCACGAGGTCAGGAGTTTGAGACCAGCCTGGCCAAGATGGTGAAACCCTGTCTCTTCTAAAAATACAAAAATTAGCTGGGCAAAAGTTTCCTTCCAGTTCCCTAATTTATCTGCGGTGGCAGGTGCCTATAATCCTAGCTACTCGGGAGGCTGAGGCAGGAGAATCGCTCGAACCTGGGAGGCGGAGGTTGCAGTGAGCTGAGATCACGCCACTGCACTCCAGCCTGGGTAACAGAGTGAGACTCCATCTC","GGCCAGGCCTGGTGGCTCACTCCTGTAATCCCAGCACTTTGGGAGGCCAGGGTGGGTGGATCATGAGGTCAGGAGTTTGAGATCAGCCTGGCCAAGATGGTGAAACCCTGTCTCTTCTAAAAATACAAAAATTAGCTTAGCCGGGCGTGGTGCCGGGTGCCTATAATCCTAGCTACTCGGGAGGCTGAGGCAGGAGAATCACTTGAACCTGGGAGGCGGAGGTTGCAGTGAGCCGAGATCACGAAACTGCACTCCAGCCTGGGTGACGGAGCAAGACTCCATATCT"
"KN294257v1","2336882","2337186","chr17","47849550","47849854","15","45512668","GGCCAGGGGTGGTGGCTCATGCCGGTAGTTCCAGCACTTTGGGAGGCCGAGGTGGGTGGATAACAAGGTCAGGAGTTCGAGACCAGCCAGGCCAACATGATGAAACTCCATCTCTACTAAAAACACAAAAATTAGCCAGGCGTGGTGGCAGGCACCTGTAATCCCAGCTGCTCAGGAAGCCAAAGCAGGAGAATCACTTGAGCCTGGGAGGTGGAGGTTGCAATAAGCCGAGATCAGGCCATTGCACTCAAGCCTGGGCGACAGAGCAAGACTCCATCTCAAAAAAAAAAAAAAAAAAAAAAAAA","GACCAGGGGTGGTGGCTCATGCCGGTAGTCCCAGCACTTTGGGAGGCTGAGGTGGGTGGATAACAAGGTCAGGAGTTCGAGACCAGCCAGGCCAACATAATGAAACCCCATCTCTACTAAAAACACAAAAATTAGCCAGGCGTGGTGGCAGGCGCCTGTAATCCCAGCTGCTCAGGAAGCTGAGGCAGGAGAATCACTTGAGCCTGGAAGGTGGAGGTTTCAATAAGCCGAGATGACGCCATTGCACTCAAGCCTGGCCGACACAGCAAGACTCCATCTCAAAAAAAAAAAAAAAAAAAAAAAAA"
"KN294257v1","2442982","2443072","chr10","79376723","79376811","14","76933741","GAAGGCGGAAGTTGCAGTGAGCAGAGATTGCCCCACTGCACTTCAGCCTGGGCCACAGAGTGAGACCCTGTCTCAAAAAAAATGAACAAAA","GAAGGTCGAGGTTGCAGTGAGCTGAGATTGCGCCACTGCACTCCAGCCTGGGTGACAGAGTGAGACTCCGTCTCAAAAGAAAAAAAAAA"
"KN294257v1","2483155","2483257","chr6","1694984","1695087","22","788171","AATCCCTTGAACCCAGGAGGTGCAGGTTGCAGTGTGCCACTGCGCTCCAGGCTGGGCAACAGAGTAGGCTCTGTCTCAAAAAAAAAATAAAAATAAAAATAAA","AATCACTTGAACCCGGGAGGTAGAGGTTGCAGTGAGCCTAGAACTGCATTCCAGCCTGGGTGACAGAGCGAGACTCCGTCTCAAAAAAAAAAAAAAAAAAAAAA"
"KN294257v1","2690345","2690456","chr16","60592319","60592428","25","57901974","GCCTGTAATCCCAGCTACTTAGGAAGGCTGAGGCAGGAGAATCGCTTGAACCCGGGAGGCGGAGGTTGCCCTAGTCGGTGGAATGTGACCAATCCAGGCCTGGTCCACAAAG","GCCTGTAATCCCAGCTACTCTAGAGGCTGAGGCAGGAGAATCGTTTGAACCCAGGAGGTGGAGGTTGCAGTGAGCGGAGATTGCGCCACTGCACTCCAGCCTGGGCGACA"
"KN294260v1","393298","393484","chr11","64990360","64990552","40","64597062","ACCCCATCTCTACTAAAAAATACAAGAAAAATTAGTCAGGCATGGTAGCGGGTGCCTGTAATCCCAACTACTCGGGAGGCTGAGGCAGGAGAATTGCTTGAACCTGGGAGGCAGAGGTTGAAATGAGCTGTGATTGCACCACTGCACTCCAGTCTGGGTGACAAGTGTGAGACCCTGTCTCAAAAAA","ATGGTGAAACCCTGTCTCTACTAAAAATACAAAAATTAGCCGGGCGCGGTGGAGGGCGCCTGTAATCCCAGCTACTCGGGAGGCTGAGGCAGGAGAGTTGCTTGAACCTGGGAGGCGGAGGTTGCAGTGAGCTGAGATCGCGCCACTGCACTCTAGCCTGGGCGACAGAGCAAGACTCTGTTTCTTCAAAAAA"
"KN294260v1","457367","457639","chr14","22221461","22221740","55","21764094","GGCCAGGCAGGGTGGCTCACACCTGTAATCCCAGCACTTTCGAAGGTGGGGGGTGGAAGGATTACTTGAGCCTGGCCAACATAATGAAACCCTACCTCTCCTAAAAATACAAAAATTAGCTGGGCGCAGTGGTGAGCACCTGTAATCCTAGCTACTCAGGAGACTGAGGCAGGAGAATTGCTTGAACCTGAGAGGCAGAGGTTGCAGTAAGCCAAGATGGTGCTACTGCACTCCAGCCTGGGCAGGAGAATGAGACCTTATCTCAAAAAAAAA","GGCCAGTCATGGTGGCTCACACCTGTAATCCCAGCACTTTGGGAGGCCGAGGCGGGTGGATCAGGAGTTCAAGACAAGCCTGACTAAGATGGTGAAACCCCATCTCTACTAAAAATACAAAAATTAACTGGGCATGGTGGCTCATGCCTGTAGTCCCAGCTACTGAGGAGGCTGAGGCAGGAGAATCGCTTGAACCCGGGAGGCAGAGGTTGCAGTGGGCCGAGATCGCACCACTGCACTCCAGCCTGGGCAAGAGTGAGACTCTGTCTCAAAAGAAAAA"
"KN294260v1","516954","517082","chr17","52575629","52575753","26","52058675","TGTAATCCCAGCTACTCTGGAGCCTGAGACAGGAGGATAGCTTGAACCCAGGAGGCAGAGATTGCAGTAAGCCAAGATTGTTGTGCCACTGCACTGTAACCTCGGCGACAGAGCAAGACCTGTCTAAAA","CCCAGCTACTCGGGAGGCTGAGACAGGAGAATCGCTTGAACCCAGGAGGCGGAGGTTGCAGTAAGCCAAGATGGTGCTACTGCACTCCAGCCTGGGCGACAGAGCGAGACTCTGTCTCAAAAAAA"
"KN294260v1","534423","534568","chr5","2785589","2785721","41","2251166","GCCAGACGCGGTGGTTCACACCTGTAATACCAGCATGGGAGGCCAAGGCAGGTGGGGATCACGAGGTCAGGAGTTCAAGACCAGCCTGGCCAAGATGGTAAGTCATACTAACTCAAGATTTAAATGAAGTTAAATTTGTTTTGACA","GGCCGGGCACGGTGGTTCATGCCTGTAATCCCAGCACTTTGGGAGGCCAAGGAGGGTGGATCACGAGGTCAGGAGCTCAAGACCAGCCTGGCCAAGATGCTAAAACCCCATCTCTACTAAAAATACAAAATTT"
"KN294260v1","534874","535035","chr20","12577124","12577295","41","12042250","GTTATCAGGTGTAGTGGCACACGCCTGCAATCCCAGCTACTCGGAAGGCTGAGGCAGGAGAATTGCTTAAATCAGGGAGGTATAGGTTGCAGTGAGCCGAGATCTAAGCTGGGCAACAGAGCAAGACTCCATCTCAAAAAAAAGAAAAAAGAGAAAAAAAAA","TTAGCCGGGGCAGTGGCGGGCGCCTGTAATCCGAGCTACTCAGGAGGCTGAGGCAGGAGAATTGCTTGAACCCATGAGGTGGAGGTTGCAGTGAGCTGAGATTGCACCACTTTACTCTAGCCTGGGTGACAGAGCAAGACTCCGTCTCAAAAAAAAAAAAAAAAAGAAAAAA"
"KN294260v1","660599","660688","chr22","41205680","41205771","5","40545081","TCACTTGAACCCAGGAGGCAGAGGTCTCAGTGAGCCAAGATCATGCCACGGCACTCCAGCCTGTGCAACAGAACAAGACCCCATCTCAAA","TCACTTGAACCCAGGAGGCAGAGGTCGCAGTGAGCCAAGATCATGCCACTGCACTCCAGTCTGTGCAACAGAACAAGACCCCATCTCAAAAA"
"KN294260v1","717044","717343","chr1","65106207","65106504","36","64389163","GGCCGGACACAGTGGCTCACACCTGTAATCCCAGCACGTTGGGAGGCTAAGGAGGGAGGATCATGAAGTCAGGAGTTCGAGACCAGCTGACCAACATGGTGAAATCCTGCCTCTACTAAAAATACAAAAATTAGCTGGGCGTGGTGGTGGGTGCCTGTAATCCCAGCTACTCGGGGGGCTGAGGCAGGAGAATCACTTCAACCTGGGGAGGCGGAGGTTGCAGTGAGCTGAGATTGTGCCACTGCACTCCAGCCTGGGCGATAGAGCAAGACTCCATCTCAAAACAAACAAACAAAAAAA","GGCCGGGCGCGGTGGCTCACGCCTGTAATCCCAGCACTTTGGGAGGCCGAGGTGGGTGGATCACGAGGTCAGGGGTTCGAGACCAGCCTGACCAACATGGTGAAACCCCATCTCTACTAAAAATACAAAAATTAGCTTGGCGTGGTGGCGGGCGCCTGTAATCCCAGCTACTCAGGAGGCTGAGGCAGGAGAATTGCTTGAACCCAGGAGGCGGAGGTTGCAGTGAGCTGAGATTGTGCCACTGCACTCCAGCCTGGGCAAAAGAGAGAGACTCCATCTAAAAAAAAAAAAAAAAAAA"
"KN294260v1","882366","882642","chr20","106755626","106755912","44","105873260","GGCCAGGCATGGTGGCTCATGCTTGTAATCTCAGCACTTTGAGAGGCCAAGGTTGAGGTCAGGAGTTCGAGACCAGCTTGGCCAAGAGGGTGAAACCTCATCTTTACTAAAAATACAAAAATTAGCTGGGCATGGTGGCGGGTGCCTGTAATCCCAGCTACTCGGGAGGCTGAGACAGGAGAATTGCTTGAACTTTGGAGGCAGAGTTTGCAGTGAGCTGAGATTGTGCCACTGCATTCCAGCCTGGGCGGCAGAGCAAGGCTCTGTCAAAAAGAAA","GGCCAGGCATGGTGGCTCATGCCTGTAATCCCAGCATTTTGAGAGGCTAAGGTGGGTGGATCACGAGGTCAGGAGTTCGAGACCAGCCTGGCCAATATGGTGAAACCCCATCTCTACTAAAAATACAAAAATTTGCTGGGCGTGGTGGCAGGTGCCTGTAATCCCAGCTACTTTGGAAGCTGAGGCAGGAGAATTGTTTGAACCCGGGAGGCAGAGGTTGCAGTGAGCCAAGATTGCGCCATTGTACTCCAGCCTGGGTGGCAGGGCAAGACTCTGTCTCAAAACAA"
"KN294260v1","993451","993552","chr22","40865531","40865623","15","39872080","CCAGGAGGTAGAGGTTGCAGTGGGCTGAGATTGCACCACTACACTCCAGCCTGGACAGCAAAACGAGACTCCATCTCAAAAAAAAAAAAAAAAAAAAAAAAA","CCAGGAGGTGGAGGTTGCAGTGAGCTGAGAGTGCACCACTACACTCCAGCCTGGACAACAAAATGAGACTCCATCTCAAAAGAAAAAAAAAAA"
"KN294260v1","1449532","1449843","chr6","7204387","7204703","39","5754855","GGCCAGGCACAGTGGCTCACGCCTGTAATCCCAGCACTTTGGGAGGCCAAGGCGGACAGATCAGGAGGTCAGGAGTTCGAGACCAGCCTGGCCAAGAGATCAGCCTAGCCAATATGGTGAAACCCCATCTCTACTTCAAATACAAAAATTAGCCCAGTGTGGTGGCGGGCACCTGTAATCTCAGCTACTCGGGAGGCTGCGGCAGGAGAATTGCTTGAATCCAGGAGGCAGAGGTTGCAGTGAACCAAAGATCGTGCCATTGCACTCCAGCCTGGGCGACCGAGCAAGACTCCAACTCAAAAAGAAAAAAAA","GGCCAGGCACGGTGGCTCACACTTGTAATCCCAGCACTTTGGGAGGCCAAGGCAGGCAGATCACGAGGTCAGGAGTTTGAGACCAGCCTGGCCAAGAGACCAGCCTGGCCAATATGGTGAAACCCCATTTCTACTAAAAATACAGAAATTAGCTGGGCGTGGTGGCAGGCACCTGTAATCCCAGCTACTCGGGAGGCTGAGACAGGAGAATTGCTTGAACCCAGGAGGCAGAGGTTGCAGTGAGTAAAAGATCATGCCATTGCACTCTAGCCTAGGCTAAAGAACAAGACTCCATCTCAAAAAAATTAAAAATAAAA"
"KN294260v1","1495202","1495371","chr11","25827870","25828027","29","24332668","AATTAGCTGGGCATGGTGGCAAGCGCCTATAATCCCAGCTACTCAGAGTGGAGGCTGAGGCAGGAGAATTGCTTGAAACCCGGGAGGAGGAGGTTGCAGTGAGCCAAGATTGTGCCATTGCACTCCAGCCTGGGCAACAGAGCGAGACTCTGTCTAGAAAAAAAAAAAAA","TTAGCTGGGCATGGCGGCAGACGCCCGTAATCCCAGCTACTCAGGAGGCTGAGGCAGGAGAATCGCTCGAACCCGGGAGGCGGAGGTTGCAGTGAGCCGAGATCGGGCTATTGCACTCCAGCCTGGGCAACAATGCGAGACTCCATCTCAAAAAAAAA"
"KN294260v1","1693541","1693846","chr22","40179547","40179853","21","38486006","GGCTGGGCATGGTGCCTCACGCCTGTAATCCCAACACTTTGGGAGGCCAAGGCAGGCAGATCATGAGGTCAGAAGTTCAAGACCAGCCTGGCCAAGATGGTGAAACCCCATCTCTACTAAAATACAAAAATTAGCCAGGTGCAGTGGCAGGTGCCTGTAGTCCCAGCTACTTGGGAGGCTGAGGCAGGAGAATCACTTGAACCTGGGAGGCAGAGGTTACAGTGAGCCGAGGTCACACCACTGCACTCCAGCCTGGGTAACACAGTGAGACCCTGTCTCAAACAAACAAACAAACAAACAAACAAA","GGCTGGGCATGGTGCCTCACGCCTGTAATCCCAACACTTTGGGAGGCCAAGGCAGGCAGATCATGAGGTCATGAATTCAAGACCAGCCTGGCCAAGATGGTGAAACCCCACCTCTACTAAAAATACAAAAATTAGCCAGGTGCGGTGGCAGGTGCCTGTAATCCCAGCTACTCGGGAGGTTGAGGCAGGAGAATCGCTTGAACCCGGGAGGCAGAGGTTACAGTGAGCCGAGCTCACACCACTGCACTCCAGCCTGGGTGACATAGTGAGACCCCGTCTCAAAAAAAAAAATTAAAAAAAAAAAAAA"
"KN294260v1","1883454","1883743","chr22","39995025","39995306","19","38111571","GGCTGGGTGCAGTGGCTCATGATTGTAATCCCAGCACTTTGGGAGGCCAAGGCAGGTGGATCACAAGGTCAGGAGTTCAAGACTGGCCTGGCCAAGATGGCGAAACCCCATCTCTCCTAAAAACTACAAAAATTAGCTGGGCACAGTGGCTGGTGCCTGTAATCCCAGCTACTTGGGAGGCTGAGGCAGGAGAATTGCTTGAATCTGAGTGGCAGAGGTTACATTGAACCGAGATCATGCCACTGCACTCCAGCCTGGGTGACAGAGTGAGACTCCATCTCAAAAAAAAA","CAGTGGCTCATGCCTGTAATCCCAGCACTTTGGGAGGCCAAGGCAGGTGGATCACAAGGTCAGGAGTTCAAGACTGGCCTGGCCAAGACGGCGAAACCCCATCTCTCCTAAAAACTACAAAAATTAGCCAGGCACAGTGGCTGATGCCTGTAATCCCACCTACTTGGGAGGCTGAGGCAGGAGAATTGCTTGAATCTGAGTGGCAGAGGTTACACTGAACCGAGATCATGCCACTGCACTCCAGCCTGGGTGATAGAGTGAGACTCCATCTCAAAAAAAAAA"
"KN294260v1","2395485","2395731","chr22","39488296","39488561","35","37092811","CTTTGGGAGGCCGAGGCAGGTGGATCACGAGGTCAGGTCAGAAGTTCAAGACCAGCTTGGCCAAGACTGAAACTACTGAAACTACTAAAACTACAAAGAAAATTAGCCGGGCAAGGTGGCAGGCACCTGTAATCCCAGCTACTTGGGAGGCTGAGGCAGGAGAATCGCTTGAACCTAGAGGCAGAAGTTGCATTGAGCCGAGATTGAGCCACTGCACTCCAGCCTGGGCGACAGAGTGAGACTCCAT","CTTTGGGAGGCCGAGGCACGTGGATTACAAGGTCAGATCAGAAGTTCAAGACCAGCCCGGCCAAGACGGTGAAACCCTGACTCTACTAAAACTACAAAGAAAATTAGCCAGGCAAGGTGGCAGGCACCTGTAATCCCAGCTACTTGGGAGGTTGAGGCAGGAGAATCGCTTGAACCTAGAGGCAGAGGTTGCATTGAGCCAAGATTGAGCCACTGCACTCCAGCCTGGGTGACAGAGTGAGACTCCATTTAAAAAAAAAAAAAAAA"
"KN294261v1","295868","295976","chr20","67339379","67339488","7","67043511","AGGAAAATCGCTTGAACCCAGGAGACAGAGGCTGCAGTGAACTGAGATTGTGCCTCTGCATTCCAGCCTGGGAAACAGAGTGAAACTCCATCTAAAATAAATAAATAAA","AGGAGAATTGCTTGAAGCCAGGAGACAGAGGCTGCAGTGAGCCGAGATTGTGCCTCTGCACTCCAGCCTGGGAAACAGAGTGAAACTCCATCTAAAAATAAATAAATAAA"
