"chr1","917504","917784","chr20","130179369","130179636","37","129261865","CCGGGTTGCCGTGGCTCCTGCCTGTGATTCCAGCACTTCCGGAGGCTGAGGCCTGAGAATCAGTTGAGGCCAGGAGTTTGAGACCACCTTGGGCAACATAGTGAGATCCCAGCTCTACAAAAAATAAAAAATTAGCTAGGCGTCGTGGCATGCGTCTGTAGTCTCAGCTACTCAGGAGGCTGAGGTGGGAGGATTGCTTGAGCCGAGGTGGTCAAGGCCACAGTGACTCCAGCCTGGGTGACAGAGCAAGACCCTGTCTCAACGAAAAATAAGTAAATAAA","GCAGTGGCTCATGCCTGTAATTCTAGCACTTTGGGAGGCTGAGGCGTGCACTTGAGGCCAGGAGTTTGAGACCAGCTTGGGCAACACAGTGAGATCCCATCTCTTCAAAAAATAAAAAATTAGCTAGGCGTGGTGGCACGCGTCTGTAGTCTCTGCTACTCAGGAGGCTGAGGTGGTAGGATTGCTTGAGCCAAGGCGGTCGAGGCTGCAGTGACTCCAGCCTGGGCGACAGAGCAAGACCCTGTCTCACAAAAAATAAGAAAATAAA"
"chr1","9961333","9961611","chr20","121527811","121528103","42","111566478","GGCCAGGCATGGTAGCTCATGACTTTGGGAGGGCAAGGAAAGAGGATTGCTTGAGCCAAGAGTCTCAGTCCAGCCTAGGCAACATGGCAAAGCCCCATCTCTGCAAAAAAAGTTAAAATTTGGCTTGGCATGGTAGTGCACACCTATAGGCCCAATTACTTGGGAGGCAGAGGTTAGAGGTTCACTTGAGCCCAGGAGTTGCAGGCTGCAGTAAGCCATGATTGAGCCACTGTACACCAGCCTGGGTGACAGACTGTGACGCTGTCTGGGGAAAAAAAA","GGCCAGGCATGGTAGCTCATGTCTATAGTTCAAGCACTTTGGGAGAGCAAGGAAAGAGCATTGCTTGAGCCAAGAGTTTCAGTCCAGCCCAGGCAACATGGCAGACCCCCATCTCTACAAAAAAATTTGAAAATTGGCTTGGCATGGTAGTGCATGCCTGTAGGCCCAGCTGCTTGGGAGGCTGAGGTGAGAGATTCACTTGAGCCCAGAAGTTGTAGGCTGCAGTAAGCCATGGTTGAGCCACTGCACTCCAGCCTGGTTGACAGACTATGACACTGTCTGGGGGAAAAAAA"
"chr1","15073263","15073568","chr8","69679000","69679301","57","54605737","GGCCAGGCATGGTGGCTTATGCCTGCAATCTCAGCACTTTGGGAGGCCGAGGCAGGAGGATTGCTTGAGTCCAGGAGTTCAAGATCAGCCTGGCAACATAGCGAGACCTTTTCTCTACTAAAAATTTAAAAAATTCCCTGGAGGTGGTGGAGTGTACCATATAATCCCAGCTACTCAGGAGGCTGAGGCTGGGGATTACTTGAGCCCGGGAGTGTGAGGCTGCAGTGAGCTATGATTATGCCACTGCACTCCAGCCTGGGTAACAGAGCAAGGGTCCATCTCTACAAAACAGAAAAACAAAAAAAA","GGCCAGGTGTGGTGGCTTATGCCTGTAATCCCAGCACTTTGGGAGGCCGAGGTGGGAGGACTGCTTGAAGCCAGGAGTTCAAGACCAGCCTGAGAAACAAAGCGAGACCTTGTCTCTACAAAAATTTAAAAAATTCGCTGAGTGTCGGGGCGCATGCCTGTAGTCTCAGCTACTTAGGAGGCTGAGGTGAAAGGATTGCTTGAGCTGAGGAGTTTGAGGCTGCAGTGAGCAGGGATTGTGCAACTGCACTCCAACCTGCGTGACAGAGGAAGACCCTGTCTCAAAAAAAAAAAAAAAAAGAA"
"chr1","24510394","24510695","chr20","108213281","108213583","14","83702887","GGCCAGGCAAGGTGGCTCATGCCTGTAATCCCAGCACTTTGGGAGGCTGAGGCAGGAGGATCACTTGAGGCCAGGAATTTGAGACCAGCCTGGCAACATAGCGAGACCCTGTTTCTATAAAAAATAAAAAGCTAGCCAGGTGTGGTGGCTCACACCTATAGTCCCAGCTACCTGAGAGGCTGAGGTGGGAGGACAGCTAGAGCCCAGGACTTGGAGGTTAAAGTGAGCTATGATTGCGCCACTACACTCCAGCCTGGGCAACAGAGTGAGACTCTGTCAAAGAAAAAGAAAGGAAAGAAAAA","GGCCAGGCAAGGTGGCTCATGCCTGTAATCCCAGCACTTTGGGAGGCTGAGGCAGGAGGATCACTTGAGGCCAGGAATTTGAGACCAGCCTGGCAAAATAGCGAGACCCTGTTTCTATAAAAAATAAAAACCTAGCCAGGTGTGATGGCTCACACCTGTAGTCCTAGCTACCTGACAGACTGAGGTGGAGGACAGCTAGAGCCCAGGAGTTGGAGGTTAAAATGAGCTATGATTGCGCCACTACACTCCAGCCTGGGCAACAGAGTGAGACTTGGTGTCAAAGAAAAAGAAAGAAAAGAAAAA"
"chr1","36831217","36831509","chr20","96362803","96363119","45","59531586","GGCCGAATGCAGTGGCTTACACTTGTAATCTCAGCACTTTGGGAGGATGAGGTGGGAGAATTGCTTGAGGCCAGGAGTTTGAGGCCAGCCTGGGCAACATGGCAAGACCCCCATCTCTACAATAAAAAATAATTAGCAGGCATGGTGGTGTGTGTCTACAGTTCCACCTACTCAGGAGGCTGAGGTGGAAGGGTTACTTGAGCCAAGGAGTTTGAGGCTGCAGTAAGCCATGATCACACCACTGCACTCCAGCCTGGGTGACAGAGCGAGCAAGATCCTGTCTCTAAAAAAAA","GGCCGAATGCGGTGGCTTACACTAGTAATCCCAGCACTTTGGGAGGACGAGCTGGGAGAATTGCTTGAGGCCAGGAGTTTGAGGCCAGCCTGGGCAACACAGCAAGACCCCATCTCTACAATAAAAAATAATTAGCAGGCATAGTGGTGTGTGTCTATAGCTCCACCTACTCAGGAGGCTGAGGTGGAAGGGTTACTTGAGCCAAGAAGTTCGAAGCTGCAGTAAGCAATGATCACGCCACTACACTCTAGCCTGGGTGACACAGCGAGCGAGATCCTGTCTCTAAAAAAAAATTAAGAAATTTTTAAAAAAAGAAA"
"chr1","37879799","37880095","chr20","95313995","95314295","23","57434196","GCCGAGCACGGTGGCTGCAGCCTGTAATTCCGGCGCTTTGGGAGGCCAAGGCAGGAAAATCGCTTGAAGCCAGGAGTTTGAGACCAAACTGCCTAACATAGCAAGACTGTCTCTACAAAAAAATTAAATTTGGCAGGGGCTGGTGGCTCGTGCCTGTGGTCCCAGCAGAGACAGGAGGATCGCTTGAGCCCAGGAGTTGGAGGGTACAGTAAGCCGTGATGGCACCACTGCACTCCAGCCAGGGCTACAGAGTGAGACCCTGTCTTCAAAAAACCAAACCAAAACAAAAAAACAAAA","GCCGAGCACGGAGGCTGCAGCCTGTAATTCCGGCCCTTTGGGAGGCCAAGGCAGGAAAATCGCTTCAAGCCAGGAGTTCCAGACCAACCTGCCCAACATAGCAAGACTCTGTCTCTACAAAAATTAAATTTGGCAGGGGCTGGTGGCTCGTGCCTGTGGTCCCAGCAGAGACAGGAAGATGGCTTGAGTCCAGGAGATGGAGGCTGCAGTGAGCCGTGATGGCACCACTGCACTCCACCCAGGGCTACAGAGTGAGACCCTGTCTTCAAAAAACCAAACCAAAACAAAAAAACAACAAAAA"
"chr1","39976893","39977057","chr2","20106509","20106673","36","19870384","AAAATGTTGTTTTTTTAATTAGCTGAGCATTGTGGTGTGCCCCTGTAGTCCGAGCTATTCAGGAGGCTGAGGTGGGAGGATCACTTGAGCCAAGGAGTTCAAGGTTTCAGTGAGCTACGATGGCACCACTACACTCCAGCCTGGTGACAGAGTGAAACCTTGTCT","AAAAAAATTTTTTTTAATTAGCTGGACATGGTAGTGTGTGCCTGTAGTCCCAGCTACTCGGGAGGCTGAAGTGGGAGGATTGCTTGAGCCCAGGAGTTTGAAGCTGCAGTGAGCTATGGTTGACTACTGCACTCCAGCCTAGGTGACAGAGCGTGACCCTCTTTC"
"chr1","86376381","86376703","chr20","47948545","47948832","57","38427836","GGCCTGGGCACAGTGGCTCACACCTGTAATCCCAGCACTTTCAGAGGCCAAGGCAGGAGGATCACTGAGGCTAAAAGTTCAAGATAAGCCTGGGCTACGTAGTGAGACCCTGTCTGTACCAAAAAAAAAATAATAATAAATAAAAAATAAAAAAATAGAAGTATTAGCTGGGAGTGGTGTACCTGTAGTCTTAGCCATTTGAGGGGCTGAGGGGCTGAGGCAGGAGGATTGCTTGAGCCCAAGAGTTTGAGGCTGTAGTGAGCTGTGATTGCAGCACTGCACTCTAGCCTGGGTGACATAGCAAGACCCTGTCTCTAAAAAAA","CTGGGCACAGTGGCTCACACCTGTAATCCCAGCACTTTGAGAGGCCAAGGCAGGAGGATCACTTGAGGCTAAGAATTCAAGATAAGCCTGGGCAACAGAGTCAGACCCTGTCTCTACCAAAAATAAAAATTAAAAACATTACCTAGGGGTGGTGGTTGTATACCTGTAGTCTTAGCCATTTGAGGGGCTGAGGCAGGAGGATTGCTTGAGCCCAAGAGTTTGAGTCTGTAATGAGCTGTGATTGCAGCACTGCCTGGGTGACATAGCAAGACCCTGTCTCTAAAAAAA"
"chr1","100925378","100925678","chr20","33797899","33798199","25","67127479","GTGTGGTAGCTCATGCCTGTAATCCCAGCACTTTGGGAGGCTTAGGCAGGAGGATCACTTGAGGCCAGGAGTTCGAGACCAGCCTGGGCAACATATGGAGACCTCGTCTCCACAAAAAGTTAAAAAATTTGCTGGACATGGTGGTGCCTGCCTGTAGTCCCAGTTATTCAGGAGGCCGAAGCAGGAGAATCACTTGAACCCAGGAGTTTAAGGCTGCAGTGTGCTATGATATGCCACTGCATTCCAGCCTGGGTGACAGAGTGAGACCCTGTCTCTAAAAAATAAATAAATACAATAAAAA","GGACTGGTGTGGTAGCTGATGCCTGTAATCTCAGCATTTTGGGAGGCTTAGGCAGGAGGATCACTTGAGGACAGGAGTTCGAGACCAGCCTGGGCAACATATGGAGACTTCATCTCCACAAAAGGTTAAAAAATTTGCTGGGCGTGGTGGTACCTGCCTGTAGTCCCAGTTATTCAGGAGACTGAAGCAGGAGAATCACTTGAACCCAGGAGTTTAAGGCTGCAGTGTGCTATGATATGCCGCTGCATTCCAGCCTGGGTGACAGAGTGAGACCCTGTCTCTAAAAAAATAAATAAATAAA"
"chr1","115474388","115474709","chr9","22663692","22664000","77","92810696","GGCTGGGTGTGGTGTCTGTTGCATGTAATCCCAGCACTTTGGGAGGCTGAGGTAGAAGCATTGTTTGAGCTCAGGAGTTCAAAGCCAGCCTGGGCAACATAGTGAGACTCCATCTCTAGTTAAAAAAAAATAGCCAGGCATGGTGATATGCACCTGTAGTCCCAGCTACTCAGGAGGCTGATGTGGGAGGATTACTTGAGCTTAAGAGATTGACACTGCAGTGAGCTATGATCGTTCCACAGCACTCCAACCTAAGTGAGACCAGGATCGAAAAAAAAAAAGTGAGATCCTGTCTCAACAAAACCAAAAACAAAAAAACAAA","GGCCAGGTGTGGTGGCTCATGCCTATAATCCCAGTAGTTTGGGAGGTTGAGGCAGGAGGATTGCTTGAGCTCAGAAGTTCAAGACCAGCCTGGGCAATATAGTGAGACCCCATCTCTATAAGAAAAATTTTAAAAAAATAGCCAGGCATGGTGGGACACACCTGTGGTCCCAGCTACTCAGGAGGCTGAGGTGGGGGGACTACTTGAGCCTGGGAGGCTGAGACTACAGTGAGCTATAGTTGTGCCACTGCACTCTAACCTGTGTGACACAGCAAGACCCTGTCTCAAAAAAAAAAAAAAAAAAAAAAA"
"chr1","135397308","135397550","chr5","35562404","35562638","62","99834904","GTGTGGTATCTCATGCCTGTAATCCTGGCACTTTGGGAGGCTGAGGTGGGAGGATGTCTTGAGTCCTGGAGTTCAGGACCAGCTTGGGCAACATAGCCTGACCCCATCTCTACAAAATAATACAAAAATTAGCCGGGCATGGTGGTGCATGCCTGTGGTCCCAGCTTCTCCGGAGGCTGAAATGAGAGGATCCCTTGATCCTCCCATTGCACCACTGCACTCCAGCCTGGGCAACAAAGTGAG","GCTGGGCATAGTGGCTCATGCCTGTAATCCCAGTGCTTTGGGAGGCTGAGGAAGGAGGCCCTCTTGAGGCCAGGAGTTTAAGACTAGCCTGGGTGACATAGCAAGACCCCATCTCTACTAAAAATACAAAAATTAGCCAAGCGTGGTGGTGCATGCCTGTAATCCCAGCTACTCAGGAGGATGAAGTGGGAGGATCGCTTGAGCCCATCAGTCCGAGGCTGCAGTGAGCTATGAT"
"chr1","149159653","149159960","chr25","58921699","58922041","55","90237954","GGCTGGGCTTACTGGCTCATGCCTATAATCTCAGCACTTTGGAAGACTGAGATGGGAAGATTGCTTGAGGCTAGGGGTTTGAGACAAGCCTGGGCAACATAACGAGACCCTGTCTCTACAGAAAAAAAAAAAAAATTAAAAAAAAATCCAGATGTGCTGATGCATGCCCATAGTCCTAGCTACTCTGGAGAATCAGGTGGGAGGATTGCTTGAGACTTGGGAGATTGAGGCTGCAGTGAGCCATGATCACACCCCTGCACTCCAGCCTGGGTGACAGAGCGTGACCCTGTCTCAAAAAAAAAAAAAAA","GGCTGGGTTTAGTGGCTCATGCCTGTAATCCCAGCACTTTGGAAGACTGAGACAGGAAGATTGCTTGAGGCTAGGGGTTTGAGACAAGCCTGGACAACATGACAAGACCCTGTCTCTACAAAAAAAAAAAAAAAAAAAAAGAATAAAAGAAAAAAATCCAGATGTGCTAATGCATGCCCATTGTCCTAGCTACTCTGGAGAATGAGATGGGAGAATTGCTTGAGCCTTGGGAGACTGAGGCTGCAGTGAGCCATGATCACACCCCTGTACTCCAGCCTGGGTGACAGAGCGAGACCCTGTCTCAAAAAAAAAAAAAAAAAAAAAAAAGAATAAAAGAAAAAAA"
"chr1","181272350","181272646","chr12","40601683","40601983","55","140670667","GCCAGGCACGGTGGCTCACACCTGTAATCCCAGCACTTTAGGAGGCCAATGCAGGAGGATGACTTGAGTCCAGGAATTCGAGACCAGCCTGGGCAACATAACGAGATCCCCACCTCTACAAAAGAATTAAAAATTAGCTAGGCGTGGTGCCACATGCCTTTAGTCACAGCTACTCGGGAGGCTGAGGTGAGAGGATCCTTGAGCCTGGGAAGTCAGGCCTGCAGTGAGCAGTGATCGTGCCACTGCACTCCAGCCTGGTGAGAAAGCGAGACACTATCTCAAAATAAATAAACAAAA","GGCTGGGCGCGGTGGCTCATGCCTGTAATCCCAGCACTTTGGGAGGCCAAGGCAGGAGGATTGCTTGAGCCCAGGAATTTGAGACCAGCCTGGGAAGCATAGGAAGACCCTATCTCTACAAAAAATTTAAAAAGTAGCTAGGTGTGGTGGCGCACGCCTGTAGTCCCAGCTACTTGGGAGGCTGAGGTGGGAAGATCACTTGAGCCCAAGAGGTTGAGGCTGCAATGAGCTGTGATCGTACCACTGCACTCTAGCCTGGCTGACAGAGTGAGACCCTGTCTCAAAAAAAAAAAAAAAAAAA"
"chr1","185466644","185466944","chrX_KE148108v1_random","1020209","1020503","60","184446435","GGCCAGGCAGTGTGTGTCTCATGCCTGTAATCCCAGCGCTTTGGTAGGCCGAGGCAAGAAGATTGCTTGAGCTCAGGAGTTTGAGACCAGCCTGGACAACCTAAGGAGACCTTGTCTGTACTAGAAATAAAAAAAATTAAGTTAGGCATGGTAGCACGTGCCTGTGGCCCCTAGAGCTACTTGGGAGGCTGAGGTGGGAGGACCGCTTGAGCCCAGTAGATCAAGGCTGCAGTGAGCTATAATGGCACCGCTGCACTCCGGCCTGGGTGACACAGTGAGACCTTGTCTCAAAAAAACAAAA","GGCCAGGCATGGTGGCTCACACCTGTAATCCCAGCATTGTGGGAGGACAAGGCAGGGGGATTGCTTGAGCCTAGGAGTTCAGGAACAGCCTGGGCAACATAGGAAGACCCTGTCTTTACAAAAAAAATTAAAAATTAGCCAGGCATGGTGGCACATGCCCATGGTCCCAGCTACTCAGGAGGCTGAGGTGGGAGGATCACTTGAGCCCAGGAGATCGAGGCTGCAGTGAGCTGTGATTGTGCCACTGCACTCTAGCCTGGGTGACAGAGTAAGACCCTGTCTCAAAAAAAAAAAA"
"chr1","186122233","186122334","chr25","23356315","23356419","6","162765918","CTGTAATCCCAGCACTATGGGAGGCTGAGGTGGGAGAATCACTTGAGGTCAGGAGTTCAAGACCAACCTGGGCAGCATAGTGAGACCCCATCTCTCCAAAAA","CTGTAATCCCAGCACTATGGGAGGCTGAGGTGGGAGAATTGCTTGAGGTCAGGAGTTCAAGACCAACCTGGGCAGCATAGCGAGACCCCCCCATCTCTCCAAAAA"
"chr1","214826980","214827268","chr25","72272753","72273034","25","142554227","GCCAGTAACCTCGGCATTTTAGGAGGCCAAGGTGAGAGGATTGCTTGAGGCCAGGGGTTTGAGATCAGCCTGGGCAACATAGAGAGACCTCATCTCTCTAAACAATTAAAATAATTAGCCAGGTTTGGTGGCATGAACCTGTAGTCCCAGCTATTTGGGAGGCTGAGACCAGAGGATCAATCGGACTCAGGAGTTCCAGGCTGCAGTGAGCTAGGACTGCGCCACTGCACTCCAGCCTGGGTGACAGAGCAAGACTCTGTCTTAAAAGAAAACAAAAACAAAACAAAAA","GCCAGTAACCTTAGTATTTTAGGAGGCCAAGGTGAGAGGATTGCTTGAGGCTAGGGATTTGAGATCAGCCTGTGCAACATAGAGAGACCTCATCTCTCTAAAAAATTAAAGTAACTAGCCAGGTTTATAAACCGTAGTCCCAGCTACTTGGGAGGCTGAGACCAGAGGATCACTTGGGCCCAGGAGTTCCAGGCTGCTGTGAGCTAGGATTGCGCCACTGCACTCCAGCCTGGGTGACAGAGCAAGACTCTGTCTTAAAAGAAAACAAAAACAAAAGAAAAA"
"chr1","220856305","220856599","chr17","35075168","35075459","66","185781137","GCTGGGTGTGGCAGCTCCCATCAGTAATCCCAGCACTTTGGGAGGCTGAGGTGGGAGGATTGCTTGAGCCCAGGAATTGGAGACCAGCCTGGGCAAGATAGAGAGACCCAGTCTCTACAAAAAAAAAAAAAAAAAATCAGCCAGGCATGCTCACACCTGCAGTCCCAGCTACACAGGAGGTTGAAGTGGGAGGATCTGCTTGAGCCAGGGAGGTCAAGGCTGTAGTGGTTGCACCACTGCATTCATACCTGGCAACAGAGCAAGACCCTGACTCAAAAACAACAACAACAAAAAA","GGGGGTGGTGGCTCACATCTGTAATCCCAGCACTTTGGGAGGCTGAGGTGGGAGGATTGTTGGAGGCCAGCAGTGTGAGACTACCCTAGGCAACATAATGAGACCCTGTCTCTACAAAAAATATAAAAATTAGCCAGCCATGATGACGCGTGCCTGTAGTCCCAGCTTCTCAGGAGGCTGAGGTGGGAGGATCACTTGAGCCTGGGAGGTCAAGGCTGCAGTGAGCCATAACCGCACCACTGCCCTCCAGCCTGGGCAACAGAGTGAGACCCTGACTCAAAACAAAAACAAA"
"chr1","94390","94579","chr2","47711104","47711292","42","47616714","GGCCAGGCATGGTGGCTCATGCCTGAAATTCCAGCAATTTGAGAAGCTAATGCAGGAGGATTGCTTAAGGCCAGGAGCTAGAGACCGGTCTGGACAGCACAGTGAGAACCTGTCTCTATCCAAAAGAAGAAAAAAGTTAGCTGGGAGTGGTGGTGCACACTTGTAGTCCCAGCTACTCGGAATGCTGAAG","GACCAGGCATAGTGGCTCATGCCTGTAATCCCAGCACTTTGGGAGACTGAGGCAGGAGGATTGCTTGAGGTCAAGAGTTTGAGACCAGCCTGGACAGCATAGTGAGACCCTGTCTCTACAGAAAATTTAAAACTTAGCCAGGCATGGTCGTACACACCTGTAGTCCTAGCTACTTAGAAGGGTGAGGTG"
"chr1","98819","99118","chr21","3079252","3079549","13","2980433","GGCCAGGTGTGGTGGCTCACACTGGTAATCGCAACACTTTGGGAGGCTGAGGCAGGAGGATGTCTTGAGGCCAAGAGTTTGCGATAGGCCTTGGAAACAAAGGGGGAGTCACCATCCCTACAGAAAAATACATGAATTAGCCTAGTGTGGTGGCACGTTCCTGTAGTCCCAGCTACTTGGGAGGCTGAGGTGGGAGGATCACTTGAGGCCAGGGAGGCTGAGACTGCAGTGAGTCATGATCAGGCCTCTGCACTCCAGCCTGGGTGACAGAGTGAGACCCTGTCTCAAGACAACAAAAAA","GGCCAGGTGTGGTGGCTTACACCAGTAATCACAACACTTTGGGAGGCTGAGGCAGGAGGATGGCTTGAGGCCAAGAGTTTGAGACAGGCCTTGGAAACAAAGGGAGTCACCATCCCTACAGAAAAATACATGAATTAGCCTAGTGTGGTGGCATGTTCCTGTAGTCCCAGCTACTTGGGAGGCTGAGGTGGGAGGATCGCTTGAGCCCAGGGAGGCTGAGACTGCAGTGAGTCATGATCAGGCCTCTGCACTCCAGCCTGGGTGACAGAGTGAGACCCTGTCTCAAAACAACAAAAAA"
"chr1","101114","101355","chr28","2084631","2084889","38","1983517","GGCCAGGTGTGGTGGCTCACACTGGTAATCGCAACACTTTGGGAGGCTGAGGCAGGAGGATGGCTTGAGGCCAAGAGTTTGCGATAGGCCTTGGAAACAAAGGGGGAGTCACCATCCCTACCGAAAAATACATGAATTAGCCTAGTGTGGTGGCATGTTCCTGTAGTCCCAGCTACTTGGGAGGCTGAGGTGGGAGGATCACTTGAGCCCAGGGAGGCTGAGACTGCAGTGAGTCATGATCG","GGACAGGTGTGGTGGCTCACACTGGTAATCACACTTTGGGAGGCTGAGGCAGGAGGATGGCTTGAGGCCAAGAGTTTGAGACAGGCCTCAGAAACCAAGGGAGTTACCATCCCTACAGAAATATACATAAATTAGCCTAGTGTGGTGGCATGTTCCTGTAGTCCCAGCTACTTGGGAGGCTGAGGTGGGAGGATCGCTTGAGCCCAGGGAGGCTGAGACTGCAGTGAGTCATGATCACGCCTCTGCATTCCTGCCTGGG"
"chr1","102265","102476","chr25","84648925","84649133","53","84546660","GGCCAGGTGTGGTGGCTCACACTGGTAATCGCAACACTTTGGAAGGCTGAGGCAGGAGGATGGCTTGAGGCCAAGAGTTTGCGATAGGCCTTGGAAACAAAGGGGGAGTCACCATCCCTACAGAAAAATACATGAATTAGCCTAGTGTGGTGGCATGTTCCTGTAGTCCCAGCTACTTGGGAGGCTGAGCCCAGGGAGGATCACTTGAGCCC","GGCCAGATGTAGTGGCTCGCACCTGTAATTGTAACAGTTTGGGAAGCTGATGCGGGAGGAATCCTTGATGCCAGGAGTGTAAGACCAGCCTGGACAACAAAGGGAGACCCCATCTCTACAAAAAATGAAAAAAATTACCCAGGTATGAATGCATGCCCTTAGTCCCAGCTACTTGGGAGGCTGAAGCAGGAGGATCACTTGAGCTCTGG"
"chr1","103457","103617","chr9","87121262","87121426","52","87017805","GTGGTGGCACATACCTCTAGGATGGGAGGCAGGGGTGGAAGGGTCACTTGAGGCCATTAGTTTGACACCAGCCTGGCCAACAAAGTGAGACCCCATATCTACAAAACAATTTAAAAATTAGCCAAGTATCGTCATGTATACCTACATGTACTCCCAGCTAC","GGCCAGTCACAGTGGTTCACGCCCAGCACCTTAAGGAGGCGGAGGTGGAAGGATTACTTGAGGCCAGGAGTTTGAGACCGGCTTGGGCAATATAGTGAGACCTTGTCTCTACAAGAAATTGCAAAATTAGCCAGATGTGTTGGAACGTGCCTGTAGTCCCAGCTA"
"chr1","104783","104991","chr9","8440930","8441141","51","8336147","GGCCAGGTGTGGTGGCTCACACTGGTAATGGCAACACTTTGGGAGGCTGAGGCAGGAGGATGGCTTGAGGCCAAGAGTTTGCGATAGGCCTTGGAAACAAAGCGGGAGTCACCATCCCTACAGAAAAATACATGAATTAGCCTAGTGTGGTGACATGTTCCTGTAGTCCCAGCTACTTGGGAGGCTGAGGTGGGAGGATCACTTGAGCC","GGCCAGGCCTGGCGGCTCCCAGGTATATTCCCAGCACTTTGGGAGGCTGAGGCAGGAGAATTGCTTGAGGCGAGGAGTTTGAGACCAGCCTAAGCAACATAGTAAGACTCCCATCTCTACAAAAAAATACAGATATTAGCTGGGTGTGGTAACATGCACCTCTAGTCCCAGCTATACAGGAAGCTGAGGATAGAGGATCACTTGAGCCTGGG"
"chr1","105972","106129","chr4","73820922","73821074","51","73714950","GTGGTGGCACATACCTCTAGGATGGGAGGCAGGGGTGGAAGGGTCACTTGAGGCCATTAGTTTGACACCAGCCTGGCCAACAAAGTGAGACCCCCATGTCTACAAAACAATTTAAAAATTAGCCAAGTATCATCATGTATACCTACAGTCCCAGCTAC","GTGGTCACACCTGTAACCTGAGCACATTGAGAAGCCAAGGTGGGAGGATTGCTTGAGGCCAGGAGTTGGAGACTGGCCTGGCAACATAGTGAGACCCCCATCTCTACAAAAAAAATTAAAAATTTTGCCAGGCATGGTGGTATGTGCCTATAC"
"chr1","107224","107588","chr21","86047068","86047413","104","85939844","GGCCAGGCATGGTGGCTCATGCCTGANATTCCAGCGATTTGAGAAGCTAATGCAGGAGGATTGCTTAAGGCCAGGAGCTAGAGACCAGTCTGGACAACACAGTGAGACCCTGTCTCTATCCAAAAAAAGAAAAAAATTAGCTGGGAGTGGCGGTGCACACTTGTAGTCCCAGCTACTNNNNNNNNNNTCCAAATATTAGTTGGGCATAGTGGCAAGCACCTGTAGTCTCAGCCACGTGGGAGGTTGAGATGGGAGGATCGCTTCAGCCTGGAAGGTTGAGGCTGCAGTCAGCTGCGATAGCACTACTACCCTCCAGCCTTGCACAACAGAGGGAGACCCTGTCTCAGATAAAAAACAAAATAAAA","GGCCGGGCATGGTGGCTCACATCTGTAATCCCAACACTTTGGGAGGCCCAGGTGGGAGAATTGCTTGAGGCCAGGAGTTTGAGACCAGCCTGAGCAACATGGTGAGACCCTGTCTCTACAAAGAATTTTTAAAAATTAGCTGTGCATGATGGCATGTGCCTCTGGTCCTAACTGAAAATTAGCTGGGCATGATGGCATGCACCTGTGGTCCTAGCTACTCAGGAGGCTGAGGTGGGAGGATCACTTGAGCCCAAGAGGTTGAGGCAGCAGTGAGCCATGATTGCACCACTGCACTCCAGCCTGGGCAACAGGACGAGACACTGTCTCAAAAAAAAAGGAAGAAAAA"
"chr1","108166","108322","chr19","10893957","10894132","52","10785791","GTGGTGGCACATACCTCTAGGATGGGAGGCAGGGGTGGAAGGGTCACTTGAGGCCATTAGTTTGACACCAGCCTAGCCAACAAAGTGAGACCCCATGTCTACAAAACAATTTAAAAATTAGCCAAGTATCGCCATGTATACCTACAGTCCCAGCTAC","GGCTGGGTACAGTGGCTCACGCATGTAATCCTAGCACTTTGGGAGGCTGAGGTGCAAGGGTCACTTGAAGCCAGGAGTTTGAGTCCAGCCTGAGCAACATAGGGAGACCCCATCTCTACAAAAATTAAAAAAAAATTAGCCGGGCATAGTGGTGCACACCTGTAGTCCCAGCTACT"
"chr1","112247","112381","chr18","39284018","39284152","41","39171771","TGGGAGGCAGGGGTGGAAGGGTCACTTGAGGCCATTAGTTTGACACCAGCCTGGCCAACAAAGTGAGACCCCATGTCTGCAAAACAATGTAAAAATTAGCCAAGTATCGTCATGTATACCTACAGTCCCAGCTAC","TTTGGGAGGCCTAGATGGGAGGATCACTTGAGGCCATGAGTTTGAGACCAGCCTGGGCAACTTAGTGAGACCCCCATCTCTACAAAAATTCTTTAGAAATGTCTGGATGTGGTGGCACATACCTAAAATTCCAGC"
"chr1","120401","120535","chr18","39284018","39284152","43","39163617","TGGGAGGCAGGGGTGGAAGGGTCACTTGAGGCCATTGGTTTGACAGCAGCCTGGCCAACAAAGTGAGACCCCATGTCTGCAAAACAATTTAAAAATTAGCCAAGTATCATCATGTATACCTACAGTCCCAGCTAC","TTTGGGAGGCCTAGATGGGAGGATCACTTGAGGCCATGAGTTTGAGACCAGCCTGGGCAACTTAGTGAGACCCCCATCTCTACAAAAATTCTTTAGAAATGTCTGGATGTGGTGGCACATACCTAAAATTCCAGC"
"chr1","124716","124850","chr18","39284018","39284152","40","39159302","TGGGAGGCAGGGGTGGAAGGGTCACTTGAGGCCATTAGTTTGACACCAGCCTGGCCAACAAAGTGAGACCCCATGTCTGCAAAACAATTTAAAAATTAGCCAAGTATCGTCATGTATACCTACAGTCCCAGCTAC","TTTGGGAGGCCTAGATGGGAGGATCACTTGAGGCCATGAGTTTGAGACCAGCCTGGGCAACTTAGTGAGACCCCCATCTCTACAAAAATTCTTTAGAAATGTCTGGATGTGGTGGCACATACCTAAAATTCCAGC"
"chr1","129377","129511","chr18","39284018","39284152","41","39154641","TGGGAGGCAGGGGTGGAAGGGTCACTTGAGGCCATTAGTTTGACAGCAGCCTGGCCAACAAAGTGAGACCCCATGTCTGCAAAACAATTTAAAAATTAGCCAAGTATCGTCATGTATACCTACAGTCCCAGCTAC","TTTGGGAGGCCTAGATGGGAGGATCACTTGAGGCCATGAGTTTGAGACCAGCCTGGGCAACTTAGTGAGACCCCCATCTCTACAAAAATTCTTTAGAAATGTCTGGATGTGGTGGCACATACCTAAAATTCCAGC"
"chr1","149711","149845","chr18","39284018","39284152","41","39134307","TGGGAGGCAGGGGTGGAAGGGTCACTTGAGGCCATTAGTTTGACACCAGCCTGGCCAACAAAGTGAGACCCCATGTCTGCAAAACAATTTAAAAATTAGCCAAGTATCATCATGTATACCTACAGTCCCAGCTAC","TTTGGGAGGCCTAGATGGGAGGATCACTTGAGGCCATGAGTTTGAGACCAGCCTGGGCAACTTAGTGAGACCCCCATCTCTACAAAAATTCTTTAGAAATGTCTGGATGTGGTGGCACATACCTAAAATTCCAGC"
"chr1","151952","152108","chr19","10893957","10894132","50","10742005","GTGGTGGCACATACCTCTAGGATGGGAGGCAGGGGTGGAAGGGTCACTTGAAGCCATTAGTTTGACACCAGCCTGGCCAACAAAGTGAGACCCCATGTCTACAAAACAATTTAAAAATTAGCCAAGTATCGTCATGTATACCTACAGTCCCAGCTAC","GGCTGGGTACAGTGGCTCACGCATGTAATCCTAGCACTTTGGGAGGCTGAGGTGCAAGGGTCACTTGAAGCCAGGAGTTTGAGTCCAGCCTGAGCAACATAGGGAGACCCCATCTCTACAAAAATTAAAAAAAAATTAGCCGGGCATAGTGGTGCACACCTGTAGTCCCAGCTACT"
"chr1","153207","153499","chr21","3080136","3080429","18","2926929","GGCCAGGCATGGTGGCTCATGCCTGAAATTCCAGCAATTTGAGAAGCTAATGCAGGAGGATTGCTTAAGGCCAGGAGCTAGAGACCGGTCTGGACAACACAGTGAGAACCTGTCTCTATCCAAAAGAAGAAAAAAGTTAGCTGGGAGTGGTGGTGCACACTTGTAGTCCCAGCTACTCGGAATGCTGAAGTTTGAGCCTGGGAGGTCAAGGCTACAGCGAGGCATGATTATGCCACTACAGTCCAGCCTGGTGACAGAGCAAGACCCTGTCTCAAAGAACAAAACAACAACAA","GGCCAGGCATGGTGGCTCATACCCAAAATTCCAGCAATTTGAGAAGCTAACGCAGGAGGACTGCTTAAGGCCAGGAGCTAGAGACCGGTCTGGACAACACAGTGAGTCCCTGTCTCTATCCAAAAAAAGAAAAAACTTAGCTGGGAGTGGTGGTGCACACTTGTAGTCTCAGCTACTCAGGAAGCTGAAGTTTGAGCCTGGGAGATCAAGGCTGCAGTGAGTCATGATTATGCCACTACAGTCAAGCCTGGGTGACAGAGCAAGACCCTGTCTCAAAGAACAAAACAACAACAA"
"chr1","154382","154516","chr18","39284018","39284152","41","39129636","TGGGAGGCAGGGGTGGAAGGGTCACTTGAGGCCATTAGTTTGACAGCAGCCTGGCCAACAAAGTGAGACCCCATGTCTGCAAAACAATTTAAAAATTAGCCAAGTATCGTCATGTATACCTACAGTCCCAGCTAC","TTTGGGAGGCCTAGATGGGAGGATCACTTGAGGCCATGAGTTTGAGACCAGCCTGGGCAACTTAGTGAGACCCCCATCTCTACAAAAATTCTTTAGAAATGTCTGGATGTGGTGGCACATACCTAAAATTCCAGC"
"chr1","156965","157099","chr18","39284018","39284152","40","39127053","TGGGAGGCAGGGGTGGAAGGGTCACTTGAGGCCATTAGTTTGACACCAGCCTGGCCAACAAAGTGAGACCCCATGTCTGCAAAACAATTTAAAAATTAGCCAAGTATCGTCATGTATACCTACAGTCCCAGCTAC","TTTGGGAGGCCTAGATGGGAGGATCACTTGAGGCCATGAGTTTGAGACCAGCCTGGGCAACTTAGTGAGACCCCCATCTCTACAAAAATTCTTTAGAAATGTCTGGATGTGGTGGCACATACCTAAAATTCCAGC"
"chr1","163306","163440","chr18","39284018","39284152","41","39120712","TGGGAGGCAGGGGTGGAAGGGTCACTTGAGGCCATTAGTTTGACACCAGCCTGGCCAACAAAGTGAGACCCCATGTCTGCAAAACAATTTAAAAATTAGCCAAGTATCATCATGTATACCTACAGTCCCAGCTAC","TTTGGGAGGCCTAGATGGGAGGATCACTTGAGGCCATGAGTTTGAGACCAGCCTGGGCAACTTAGTGAGACCCCCATCTCTACAAAAATTCTTTAGAAATGTCTGGATGTGGTGGCACATACCTAAAATTCCAGC"
"chr1","172813","172947","chr18","39284018","39284152","40","39111205","TGGGAGGCAGGGGTGGAAGGGTCACTTGAGGCCATTAGTTTGACACCAGCCTGGCCAACAAAGTGAGACCCCATGTCTGCAAAACAATTTAAAAATTAGCCAAGTATCGTCATGTATACCTACAGTCCCAGTTAC","TTTGGGAGGCCTAGATGGGAGGATCACTTGAGGCCATGAGTTTGAGACCAGCCTGGGCAACTTAGTGAGACCCCCATCTCTACAAAAATTCTTTAGAAATGTCTGGATGTGGTGGCACATACCTAAAATTCCAGC"
"chr1","176272","176428","chr28","7569943","7570104","50","7393671","GTGGTGGCACATACCTCTAGGATGGGAGGCAGGGGTGGAAGGGTCACTTGAGGCCATTAGTTTGACACCAGCCTGGCCAACAAAGTGAGACCCCATGTCTACAAAACAATTTAAAAATTAGCCAAGTATCGTCATGTATACCTACAGTCCCAGCTAC","GGGGGCTTATGACTAAAATCCTTGCAGTTTTGGAGGCTAGTGGGAGGATCACTTGAGGCTAGGAGTTTGAGACCAGCCTGGGAAACATAGTGAGATCCCATTTCTAAAAAAAAAAAATTAAAAATTCGTTGGGTGTGGTGATGCATACCTGTAGTCCCAGCT"
"chr1","177525","177807","chr21","3080136","3080429","29","2902611","GGCCAGGCAGGTGGCTCATGCCTGAAATTCCAGCAATTTGAGAAGCTAATGCAGGAGGATTGCTTAAGGCCAGGAGCTAGAGACCGGTCTGGACAACACAGTGAGAACATGTCTCCATCCAAAAGAAGAAAAAAGTTAGCTGGGAGTGGTGGTGCACACTTGTAGTCCCAGCTACTCGGAATGCTGAAGTTTGAGCCTGGGAGGTCAAGGCTGCAGCGAGGCATGATTATGCCACTACAGTCCAGCCTGGTGACAGAGCAAGACCCTGTCTCAAAGAACAAAA","GGCCAGGCATGGTGGCTCATACCCAAAATTCCAGCAATTTGAGAAGCTAACGCAGGAGGACTGCTTAAGGCCAGGAGCTAGAGACCGGTCTGGACAACACAGTGAGTCCCTGTCTCTATCCAAAAAAAGAAAAAACTTAGCTGGGAGTGGTGGTGCACACTTGTAGTCTCAGCTACTCAGGAAGCTGAAGTTTGAGCCTGGGAGATCAAGGCTGCAGTGAGTCATGATTATGCCACTACAGTCAAGCCTGGGTGACAGAGCAAGACCCTGTCTCAAAGAACAAAACAACAACAA"
"chr1","178403","178697","chr21","3079252","3079549","14","2900849","GGCCAGGTGTGGTGGCTCACACTGGTAATCGCAACACTTTGGGAGGCTGAGGCAGGAGGATGGCTTGAGGCCAAGAGTTTGCGATAGGCCTTGGAAACAAAGGGGGAGTCACCATCCCTACAGAAAAATACATGAATTAGCCTAGTGTGGTGGCATGTTCCTGTAGTCCCAGCTACTTGGGAGGCTGAGGTGGGAGGATCACTTGAGCCCAGGGAGGCTGAGACTGCAGTGAGTCATGATCAGGCCTCTGCACTCCAGCCTGGGTGACAGAGTGAGACCCTGTCTCAACAAAAAA","GGCCAGGTGTGGTGGCTTACACCAGTAATCACAACACTTTGGGAGGCTGAGGCAGGAGGATGGCTTGAGGCCAAGAGTTTGAGACAGGCCTTGGAAACAAAGGGAGTCACCATCCCTACAGAAAAATACATGAATTAGCCTAGTGTGGTGGCATGTTCCTGTAGTCCCAGCTACTTGGGAGGCTGAGGTGGGAGGATCGCTTGAGCCCAGGGAGGCTGAGACTGCAGTGAGTCATGATCAGGCCTCTGCACTCCAGCCTGGGTGACAGAGTGAGACCCTGTCTCAAAACAACAAAAAA"
"chr1","187167","187301","chr18","39284018","39284152","41","39096851","TGGGAGGCAGGGGTGGAAGGGTCACTTGAGGCCATTAGTTTGACACCAGCCAGGCCAACAAAGTGAGACCCCATGTCTGCAAAACAATTTAAAAATTAGCCAAGTATCGTCATGTATACCTACAGTCCCAGCTAC","TTTGGGAGGCCTAGATGGGAGGATCACTTGAGGCCATGAGTTTGAGACCAGCCTGGGCAACTTAGTGAGACCCCCATCTCTACAAAAATTCTTTAGAAATGTCTGGATGTGGTGGCACATACCTAAAATTCCAGC"
"chr1","188398","188690","chr21","3080136","3080429","16","2891738","GGCCAGGCATGGTGGCTCATGCCTGAAATTCCAGCAATTTGAGAAGCTAATGCAGGAGGATTGCTTAAGGCCAGGAGCTAGAGACCGGTCTGGACAACACAGTGAGACCCTGTCTCTATCCAAAAAAAGAAAAAGGTTAGCTGGGAGTGGTGGTGCACACTTGTAGTCCCAGCTACTCGGAATGCTGAAGTTTGAGCCTGGGAGGTCAAGGCTGCAGCGAGGCATGATTATGCCACTACAGTCCAGCCTGGTGACAGAGCAAGACCCTGTCTCAAAGAACAAAACAACAACAA","GGCCAGGCATGGTGGCTCATACCCAAAATTCCAGCAATTTGAGAAGCTAACGCAGGAGGACTGCTTAAGGCCAGGAGCTAGAGACCGGTCTGGACAACACAGTGAGTCCCTGTCTCTATCCAAAAAAAGAAAAAACTTAGCTGGGAGTGGTGGTGCACACTTGTAGTCTCAGCTACTCAGGAAGCTGAAGTTTGAGCCTGGGAGATCAAGGCTGCAGTGAGTCATGATTATGCCACTACAGTCAAGCCTGGGTGACAGAGCAAGACCCTGTCTCAAAGAACAAAACAACAACAA"
"chr1","194621","194755","chr18","39284018","39284152","43","39089397","TGGGAGGCAGGGGTGGAAGGGTCACTTGAGGCCATTAGTTTGACAGCAGCCTGGCCAACAAAGTGAGACCCCATGTCTGCAAAACAATGTAAAAATTAGCCAAGTATCATCATGTATACCTACAGTCCCAGCTAC","TTTGGGAGGCCTAGATGGGAGGATCACTTGAGGCCATGAGTTTGAGACCAGCCTGGGCAACTTAGTGAGACCCCCATCTCTACAAAAATTCTTTAGAAATGTCTGGATGTGGTGGCACATACCTAAAATTCCAGC"
"chr1","199861","199995","chr18","39284018","39284152","40","39084157","TGGGAGGCAGGGGTGGAAGGGTCACTTGAGGCCATTAGTTTGACACCAGCCTGGCCAACAAAGTGAGACCCCATGTCTGCAAAACAATTTAAAAATTAGCCAAGTATCGTCATGTATACCTACAGTCCCAGCTAC","TTTGGGAGGCCTAGATGGGAGGATCACTTGAGGCCATGAGTTTGAGACCAGCCTGGGCAACTTAGTGAGACCCCCATCTCTACAAAAATTCTTTAGAAATGTCTGGATGTGGTGGCACATACCTAAAATTCCAGC"
"chr1","201641","201775","chr18","39284018","39284152","41","39082377","TGGGAGGCAGGGGTGGAAGGGTCACTTGAGGCCATTAGTTTGACAGCAGCCTGGCCAACAAAGTGAGACCCCATGTCTGCAAAACAATTTAAAAATTAGCCAAGTATCGTCATGTATACCTACAGTCCCAGCTAC","TTTGGGAGGCCTAGATGGGAGGATCACTTGAGGCCATGAGTTTGAGACCAGCCTGGGCAACTTAGTGAGACCCCCATCTCTACAAAAATTCTTTAGAAATGTCTGGATGTGGTGGCACATACCTAAAATTCCAGC"
"chr1","206998","207132","chr18","39284018","39284152","41","39077020","TGGGAGGCAGGGGTGGAAGGGTCACTTGAGGCCATTAGTTTGACAGCAGCCTGGCCAACAAAGTGAGACCCCATGTCTGCAAAACAATTTAAAAATTAGCCAAGTATCGTCATGTATACCTACAGTCCCAGCTAC","TTTGGGAGGCCTAGATGGGAGGATCACTTGAGGCCATGAGTTTGAGACCAGCCTGGGCAACTTAGTGAGACCCCCATCTCTACAAAAATTCTTTAGAAATGTCTGGATGTGGTGGCACATACCTAAAATTCCAGC"
"chr1","217993","218129","chr18","39284018","39284152","44","39066025","TGGGAGGCAGGGGTGGAAGGGTCACTTGAGGCCATTAGTTTGACAGCAGCCTGGCCAACAAAGTGAGACCCCATGTCTGCAAAACAATTTAAAAATTAGCCAAGTATCATCATGTATACCTACAGTCCCAGCTACCC","TTTGGGAGGCCTAGATGGGAGGATCACTTGAGGCCATGAGTTTGAGACCAGCCTGGGCAACTTAGTGAGACCCCCATCTCTACAAAAATTCTTTAGAAATGTCTGGATGTGGTGGCACATACCTAAAATTCCAGC"
"chr1","222057","222191","chr18","39284018","39284152","41","39061961","TGGGAGGCAGGGGTGGAAGGGTCACTTGAGGCCATTAGTTTGACAGCAGCCTGGCCAACAAAGTGAGACCCCATGTCTGCAAAACAATTTAAAAAGTAGCCAAGTATCGTCATGTATACCTACAGTCCCAGCTAC","TTTGGGAGGCCTAGATGGGAGGATCACTTGAGGCCATGAGTTTGAGACCAGCCTGGGCAACTTAGTGAGACCCCCATCTCTACAAAAATTCTTTAGAAATGTCTGGATGTGGTGGCACATACCTAAAATTCCAGC"
"chr1","224847","224981","chr18","39284018","39284152","43","39059171","TGGGAGGCAGGGGTGGAAGGGTCACTTGAGGCCATTAGTTTGACAGCAGCCTGGCCAGCAAAGTGAGATCCCATGTCTGCAAAACAATTTAAAAATTAGCCAAGTATCGTCATGTATACCTACAGTCCCAGCTAC","TTTGGGAGGCCTAGATGGGAGGATCACTTGAGGCCATGAGTTTGAGACCAGCCTGGGCAACTTAGTGAGACCCCCATCTCTACAAAAATTCTTTAGAAATGTCTGGATGTGGTGGCACATACCTAAAATTCCAGC"
"chr1","227785","227919","chr18","39284018","39284152","41","39056233","TGGGAGGCAGGGGTGGAAGGGTCACTTGAGGCCATTAGTTTGACAGCAGCCTGGCCAACAAAGTGAGACCCCATGTCTGCAAAACAATTTAAAAATTAGCCAAGTATCGTCATGTATACCTACAGTCCCAGCTAC","TTTGGGAGGCCTAGATGGGAGGATCACTTGAGGCCATGAGTTTGAGACCAGCCTGGGCAACTTAGTGAGACCCCCATCTCTACAAAAATTCTTTAGAAATGTCTGGATGTGGTGGCACATACCTAAAATTCCAGC"
"chr1","230222","230356","chr18","39284018","39284152","41","39053796","TGGGAGGCAGGGGTGGAAGGGTCACTTGAGGCCATTAGTTTGACACCAGCCTGGCTAACAAAGTGAGACCCCATGTCTGCAAAACAATTTAAAAATTAGCCAAGTATCGTCATGTATACCTACAGTCCCAGCTAC","TTTGGGAGGCCTAGATGGGAGGATCACTTGAGGCCATGAGTTTGAGACCAGCCTGGGCAACTTAGTGAGACCCCCATCTCTACAAAAATTCTTTAGAAATGTCTGGATGTGGTGGCACATACCTAAAATTCCAGC"
"chr1","233901","234057","chr4","73820922","73821074","51","73587021","GTGGTGGCCCATACCTCGAGGATGGGAGGCAGGGGTGGAAGGGTCACTTGAGGCCATTAGTTTGACACCAGCCTGGCCAACAAAGTGAGACCCCATGTCTGCAAAACAATTTAAAAATTAGCCAAGTATCGTCATGTATACNTACAGTCCCAGCTAC","GTGGTCACACCTGTAACCTGAGCACATTGAGAAGCCAAGGTGGGAGGATTGCTTGAGGCCAGGAGTTGGAGACTGGCCTGGCAACATAGTGAGACCCCCATCTCTACAAAAAAAATTAAAAATTTTGCCAGGCATGGTGGTATGTGCCTATAC"
"chr1","237282","237416","chr18","39284018","39284152","40","39046736","TGGGAGGCAGGGGTGGAAGGGTCACTTGAGGCCATTAGTTTGACACCAGCCTGGCCAACAAAGTGAGACCCCATGTCTGCAAAACAATTTAAAAATTAGCCAAGTATCGTCATGTATACCTACAGTCCCAGCTAC","TTTGGGAGGCCTAGATGGGAGGATCACTTGAGGCCATGAGTTTGAGACCAGCCTGGGCAACTTAGTGAGACCCCCATCTCTACAAAAATTCTTTAGAAATGTCTGGATGTGGTGGCACATACCTAAAATTCCAGC"
"chr1","240117","240240","chr1","122581085","122581199","37","122340968","GGTGGAAGGGTCACTTGAGGCCATTAGTTTGACACCAGCCTGGCCAACAAAGTGAGACCCCATGTCTGCAAAACAATTTAAAAATTAGCCAAGTATCGTCATGTATACCTACAGTCCCAGCTAC","GGGAGGATTGCTTGAGCCCAGGAGTTTGAGACCAGCTGGCCAACATAGCAAGACCGCATCTCTACAAAAACTTTAAAAAATAGCTGAGTGTGGTGGCATGCACCTGTAGTCCTGG"
"chr1","243013","243147","chr18","39284018","39284152","41","39041005","TGGGAGGCAGGGGTGGAAGGGTCACTTGAGGCCATTAGTTTGACAGCAGCCTGGCCAACAAAGTGAGACCCCATGTCTGCAAAACAATTTAAAAATTAGCCAAGTATCGTCATGTATACCTACAGTCCCAGCTAC","TTTGGGAGGCCTAGATGGGAGGATCACTTGAGGCCATGAGTTTGAGACCAGCCTGGGCAACTTAGTGAGACCCCCATCTCTACAAAAATTCTTTAGAAATGTCTGGATGTGGTGGCACATACCTAAAATTCCAGC"
"chr1","247460","247594","chr18","39284018","39284152","43","39036558","TGGGAGGCAGGGGTGGAAGGGTCACTTGAGGCCATTAGTTTGACAGCAGCCTGGCCAGCAAAGTGAGATCCCATGTCTGCAAAACAATTTAAAAATTAGCCAAGTATCGTCATGTATACCTACAGTCCCAGCTAC","TTTGGGAGGCCTAGATGGGAGGATCACTTGAGGCCATGAGTTTGAGACCAGCCTGGGCAACTTAGTGAGACCCCCATCTCTACAAAAATTCTTTAGAAATGTCTGGATGTGGTGGCACATACCTAAAATTCCAGC"
"chr1","251710","251844","chr18","39284018","39284152","43","39032308","TGGGAGGCAGGGGTGGAAGGGTCACTTGAGGCCATTAGTTTGACAGCAGCCTGGCCATCAAAGTGAGACCCCATGTCTGCAAAACAATTTAAAAATTAGCCAAGTATCATCATGTATACCTACAGTCCCAGCTAC","TTTGGGAGGCCTAGATGGGAGGATCACTTGAGGCCATGAGTTTGAGACCAGCCTGGGCAACTTAGTGAGACCCCCATCTCTACAAAAATTCTTTAGAAATGTCTGGATGTGGTGGCACATACCTAAAATTCCAGC"
"chr1","259814","259948","chr18","39284018","39284152","41","39024204","TGGGAGGCAGGGGTGGAAGGGTCACTTGAGGCCATTAGTTTGACAGCAGCCTGGCCAACAAAGTGAGACCCCATGTCTGCAAAACAATTTAAAAATTAGCCAAGTATCGTCATGTATACCTACAGTCCCAGCTAC","TTTGGGAGGCCTAGATGGGAGGATCACTTGAGGCCATGAGTTTGAGACCAGCCTGGGCAACTTAGTGAGACCCCCATCTCTACAAAAATTCTTTAGAAATGTCTGGATGTGGTGGCACATACCTAAAATTCCAGC"
"chr1","262936","263070","chr18","39284018","39284152","43","39021082","TGGGAGGCAGGGGTGGAAGGGTCACTTGAGGCCATTGGTTTGACAGCAGCCTGGCCAACAAAGTGAGACCCCATGTCTGCAAAACAATTTAAAAATTAGCCAAGTATCATCATGTATACCTACAGTCCCAGCTAC","TTTGGGAGGCCTAGATGGGAGGATCACTTGAGGCCATGAGTTTGAGACCAGCCTGGGCAACTTAGTGAGACCCCCATCTCTACAAAAATTCTTTAGAAATGTCTGGATGTGGTGGCACATACCTAAAATTCCAGC"
"chr1","264164","264457","chr21","3080136","3080429","19","2815972","GGCCAGGCATGGTGGCTCATGCCTGAAATTCCAGCAATTTGAGAAGCTAATGCAGGAGGATTGCTTAAGGCCAGGAGCTGGAGACCGGTCTGGACAACACAGTGAGACCCTGTCTCTCTCCAAAAAAAAGAAAAAAGTTAGCTGGGAGTGGTGGTGCACACTTGTAGTCCCAGCTACTCGGAATGCTGAAGTTTGAGCCTGGGAGGTCAAGGCTGCAGCGAGGCATGATTATGCCACTACAGTCCAGCCTGGTGACAGAGCAAGACCCTGTCTCAAAGAACAAAACAACAAAAA","GGCCAGGCATGGTGGCTCATACCCAAAATTCCAGCAATTTGAGAAGCTAACGCAGGAGGACTGCTTAAGGCCAGGAGCTAGAGACCGGTCTGGACAACACAGTGAGTCCCTGTCTCTATCCAAAAAAAGAAAAAACTTAGCTGGGAGTGGTGGTGCACACTTGTAGTCTCAGCTACTCAGGAAGCTGAAGTTTGAGCCTGGGAGATCAAGGCTGCAGTGAGTCATGATTATGCCACTACAGTCAAGCCTGGGTGACAGAGCAAGACCCTGTCTCAAAGAACAAAACAACAACAA"
"chr1","265044","265343","chr21","3079252","3079549","13","2814208","GGCCAGGTGTGGTGGCTCACACTGGTAATCGCAACACTCTGGGAGGCTGAGGCAGGAGGATGGCTTGAGGCCAAGAGTTTGCGATAGGCCTTGGAAACAAAGGGGGAGTCACCATCCCTACAGAAAAATACACGAATTAGCCTAGTGTGGTGGCACGTTCCTGTAGTCCCAGCTACTTGGGAGGCTGAGGTGGGAGGATCACTTGAGCCCAGGGAGGCTGAGACTGCAGTGAGTCATGATCAGGCCTCTGCACTGCAGCCTGGGTGACAGAGTGAGACCCTGTCTCAAAACAACAAAAAA","GGCCAGGTGTGGTGGCTTACACCAGTAATCACAACACTTTGGGAGGCTGAGGCAGGAGGATGGCTTGAGGCCAAGAGTTTGAGACAGGCCTTGGAAACAAAGGGAGTCACCATCCCTACAGAAAAATACATGAATTAGCCTAGTGTGGTGGCATGTTCCTGTAGTCCCAGCTACTTGGGAGGCTGAGGTGGGAGGATCGCTTGAGCCCAGGGAGGCTGAGACTGCAGTGAGTCATGATCAGGCCTCTGCACTCCAGCCTGGGTGACAGAGTGAGACCCTGTCTCAAAACAACAAAAAA"
"chr1","266387","266521","chr18","39284018","39284152","41","39017631","TGGGAGGCAGGGGTGGAAGGGTCACTTGAGGCCATTAGTTTGACAGCAGCCTGGCCAACAAAGTGAGACCCCATGTCTGCAAAACAATTTAAAAATTAGCCAAGTATCGTCATGTATACCTACAGTCCCAGCTAC","TTTGGGAGGCCTAGATGGGAGGATCACTTGAGGCCATGAGTTTGAGACCAGCCTGGGCAACTTAGTGAGACCCCCATCTCTACAAAAATTCTTTAGAAATGTCTGGATGTGGTGGCACATACCTAAAATTCCAGC"
"chr1","269253","269387","chr18","39284018","39284152","41","39014765","TGGGAGGCAGGGGTGGAAGGGTCACTTGAGGCCATTAGTTTGACAGCAGCCTGGCCAACAAAGTGAGACCCCATGTCTGCAAAACAATTTAAAAAGTAGCCAAGTATCGTCATGTATACCTACAGTCCCAGCTAC","TTTGGGAGGCCTAGATGGGAGGATCACTTGAGGCCATGAGTTTGAGACCAGCCTGGGCAACTTAGTGAGACCCCCATCTCTACAAAAATTCTTTAGAAATGTCTGGATGTGGTGGCACATACCTAAAATTCCAGC"
"chr1","272601","272735","chr18","39284018","39284152","40","39011417","TGGGAGGCAGGGGTGGAAGGGTCACTTGAGGCCATTAGTTTGACACCAGCCTGGCCAACAAAGTGAGACCCCATGTCTGCAAAACAGTTTAAAAATTAGCCAAGTATCGTCATGTATACCTACAGTCCCAGCTAC","TTTGGGAGGCCTAGATGGGAGGATCACTTGAGGCCATGAGTTTGAGACCAGCCTGGGCAACTTAGTGAGACCCCCATCTCTACAAAAATTCTTTAGAAATGTCTGGATGTGGTGGCACATACCTAAAATTCCAGC"
"chr1","276253","276387","chr18","39284018","39284152","41","39007765","TGGGAGGCAGGGGTGGAACGGTCACTTGAGGCCATTAGTTTGACACCAGCCTGGCCAACAAAGTGAGACCCCATGTCTGCAAAACAATTTAAAGATTAGCCAAGTATCGTCATGGATACCTACAGTCCCAGCTAC","TTTGGGAGGCCTAGATGGGAGGATCACTTGAGGCCATGAGTTTGAGACCAGCCTGGGCAACTTAGTGAGACCCCCATCTCTACAAAAATTCTTTAGAAATGTCTGGATGTGGTGGCACATACCTAAAATTCCAGC"
"chr1","281463","281597","chr18","39284018","39284152","41","39002555","TGGGAGGCAGGGGTGGAAGGGTCACTTGAGGCCATTAGTTTGACAGCAGCCTGGCCAACAAAGTGAGACCCCATGTCTGCAAAACAATTTAAAAATTAGCCAAGTATCGTCATGTATACCTACAGTCCCAGCTAC","TTTGGGAGGCCTAGATGGGAGGATCACTTGAGGCCATGAGTTTGAGACCAGCCTGGGCAACTTAGTGAGACCCCCATCTCTACAAAAATTCTTTAGAAATGTCTGGATGTGGTGGCACATACCTAAAATTCCAGC"
"chr1","283745","283879","chr18","39284018","39284152","40","39000273","TGGGAGGCAGGGGTGGAAGGGTCACTTGAGGCCATTAGTTTGACACCAGCCTGGCCAACAAAGTGAGACCCCATGTCTGCAAAACAATTTAAAAATTAGCCAAGTATCGTCATGTATACCTACAGTCCCAGCTAC","TTTGGGAGGCCTAGATGGGAGGATCACTTGAGGCCATGAGTTTGAGACCAGCCTGGGCAACTTAGTGAGACCCCCATCTCTACAAAAATTCTTTAGAAATGTCTGGATGTGGTGGCACATACCTAAAATTCCAGC"
"chr1","290786","290920","chr18","39284018","39284152","42","38993232","TGGGAGGCAGGGGTGGAAGGGTCACTTGAGGCCATTAGTTTGACAGCAGCCTGGCCAACAAAGTGAGACCCCATGTCTGCCAAACAATTTAAAAATTAGCCAAGTATCGTCATGTATACCTACAGTCCCAGCTAC","TTTGGGAGGCCTAGATGGGAGGATCACTTGAGGCCATGAGTTTGAGACCAGCCTGGGCAACTTAGTGAGACCCCCATCTCTACAAAAATTCTTTAGAAATGTCTGGATGTGGTGGCACATACCTAAAATTCCAGC"
"chr1","308078","308212","chr18","39284018","39284152","42","38975940","TGGGAGGCAGGGGTGGAAGGGTCACTTGAGGCCATTAGTTTGACAGCAGCCTGGCCAACAAAGTGAGACCCCATGTCTGCAAAACAATTTAAAAATTAGCCAAGTATCATCATGTATACCTACAGTCCCAGCTAC","TTTGGGAGGCCTAGATGGGAGGATCACTTGAGGCCATGAGTTTGAGACCAGCCTGGGCAACTTAGTGAGACCCCCATCTCTACAAAAATTCTTTAGAAATGTCTGGATGTGGTGGCACATACCTAAAATTCCAGC"
"chr1","312527","312661","chr18","39284018","39284152","43","38971491","TGGGAGGCAGGGGTGGAAGGGTCACTTGAGGCCATTAGTTTTACAGCAGCCTGGCCAACAAAGTGAGACCCCATGTCTGCAAAACAATGTAAAAATTAGCCAAGTATCGTCATGTATACCTACAGTCCCAGCTAC","TTTGGGAGGCCTAGATGGGAGGATCACTTGAGGCCATGAGTTTGAGACCAGCCTGGGCAACTTAGTGAGACCCCCATCTCTACAAAAATTCTTTAGAAATGTCTGGATGTGGTGGCACATACCTAAAATTCCAGC"
"chr1","313874","314008","chr18","39284018","39284152","41","38970144","TGGGAGGCAGGGGTGGAAGGGTCACTTGAGGCCATTAGTTTGACAGCAGCCTGGCCAACAAAGTGAGACCCCATGTCTGCAAAACAATTTAAAAATTAGCCAAGTATCGTCATGTATACCTACAGTCCCAGCTAC","TTTGGGAGGCCTAGATGGGAGGATCACTTGAGGCCATGAGTTTGAGACCAGCCTGGGCAACTTAGTGAGACCCCCATCTCTACAAAAATTCTTTAGAAATGTCTGGATGTGGTGGCACATACCTAAAATTCCAGC"
"chr1","315077","315211","chr18","39284018","39284152","42","38968941","TGGGAGGCAGGGGTGGAAGGGTCACTTGAGGCCATTAGTTTGACAGCAGCCTGGCCAACAAAGTGAGACCCCATGTCTGCAAAACAATTTAAAAATTAGCCAAGTATCATCATGTATACCTACAGTCCCAGCTAC","TTTGGGAGGCCTAGATGGGAGGATCACTTGAGGCCATGAGTTTGAGACCAGCCTGGGCAACTTAGTGAGACCCCCATCTCTACAAAAATTCTTTAGAAATGTCTGGATGTGGTGGCACATACCTAAAATTCCAGC"
"chr1","317937","318093","chr28","7569943","7570104","50","7252006","GTGGTGGCACATACCTCTAGGATGGGAGGCAGGGGTGGAAGGGTCACTTGAGGCCATTAGTTTGACACCAGCCTGGCCAACAAAGTGAGACCCCATGTCTACAAAACAATTTAAAAATTAGCCAAGTATCGTCATGTATACCTACAGTCCCAGCTAC","GGGGGCTTATGACTAAAATCCTTGCAGTTTTGGAGGCTAGTGGGAGGATCACTTGAGGCTAGGAGTTTGAGACCAGCCTGGGAAACATAGTGAGATCCCATTTCTAAAAAAAAAAAATTAAAAATTCGTTGGGTGTGGTGATGCATACCTGTAGTCCCAGCT"
"chr1","319190","319394","chr2","47711104","47711292","51","47391914","GGCCAGGCATGGTGGCTCATGCCTGAAATTCCAGCAATTTGAGAAGCTAATGCAGGAGGATTGCTTAAGGCCAGGAGCTAGAGACCGGTCTGGACAACACAGTGAGACCCTGTCTCTATCCAAAAAAAAGAAAAAAGTTAGCTGGGAGTGGTGGTGCACACTTGTAGTCCCAGCTACTCGGAATGCTGAAGTTTGAGCCTGGGAG","GACCAGGCATAGTGGCTCATGCCTGTAATCCCAGCACTTTGGGAGACTGAGGCAGGAGGATTGCTTGAGGTCAAGAGTTTGAGACCAGCCTGGACAGCATAGTGAGACCCTGTCTCTACAGAAAATTTAAAACTTAGCCAGGCATGGTCGTACACACCTGTAGTCCTAGCTACTTAGAAGGGTGAGGTG"
"chr1","319676","319810","chr18","39284018","39284152","41","38964342","TGGGAGGCAGGGGTGGAAGGGTTACTTGAGGCCATTAGTTTGACACCAGCCTGGCCAACAAAGTGAGACCCCATGTCTGCAAAACAATTTAAAAATTAGCCAAGTATCGTCATGTATACCTACAGTCCCAGCTAC","TTTGGGAGGCCTAGATGGGAGGATCACTTGAGGCCATGAGTTTGAGACCAGCCTGGGCAACTTAGTGAGACCCCCATCTCTACAAAAATTCTTTAGAAATGTCTGGATGTGGTGGCACATACCTAAAATTCCAGC"
"chr1","320837","320971","chr18","39284018","39284152","41","38963181","TGGGAGGCAGGGGTGGAAGGGTCACTTGAGGCCATTAGTTTGACAGCAGCCTGGCCAACAAAGTGAGACCCCATGTCTGCAAAACAATTTAAAAATTAGCCAAGTATCGTCATGTATACCTACAGTCCCAGCTAC","TTTGGGAGGCCTAGATGGGAGGATCACTTGAGGCCATGAGTTTGAGACCAGCCTGGGCAACTTAGTGAGACCCCCATCTCTACAAAAATTCTTTAGAAATGTCTGGATGTGGTGGCACATACCTAAAATTCCAGC"
"chr1","322284","322418","chr18","39284018","39284152","41","38961734","TGGGAGGCAGGGGTGGAAGGGTCACTTGAGGCCATTAGTTTGACAGCAGCCTGGCCAACAAAGTGAGACCCCATGTCTGCAAAACAATTTAAAAATTAGCCAAGTATCGTCATGTATACCTACAGTCCCAGCTAC","TTTGGGAGGCCTAGATGGGAGGATCACTTGAGGCCATGAGTTTGAGACCAGCCTGGGCAACTTAGTGAGACCCCCATCTCTACAAAAATTCTTTAGAAATGTCTGGATGTGGTGGCACATACCTAAAATTCCAGC"
"chr1","323052","323186","chr18","39284018","39284152","41","38960966","TGGGAGGCAGGGGTGGAAGGGTCACTTGAGGCCATTAGTTTGACACCAGCCTGGCCAACAAAGTGAGACCCCATGTCTGCAAAACAATTTAAAAATTAGCCAAGTATCATCATGTATACCTACAGTCCCAGCTAC","TTTGGGAGGCCTAGATGGGAGGATCACTTGAGGCCATGAGTTTGAGACCAGCCTGGGCAACTTAGTGAGACCCCCATCTCTACAAAAATTCTTTAGAAATGTCTGGATGTGGTGGCACATACCTAAAATTCCAGC"
"chr1","324282","324353","chr1","44561730","44561803","15","44237448","GGCCAGGCATGGTGGCTCATGCCTGAAATTCCAGCAATTTGAGAAGCTAATGCAGGAGGATTGCTTAAGGCC","GGCTGGGCATGGTGGCTTATACCTGTAATCCCAGCACTTTGGGAGGCCAAGGCAGGAAGATTGCTTGAGGCCAG"
"chr1","324447","324581","chr18","39284018","39284152","43","38959571","TGGGAGGCAGGGGTGGAAGGGTCACTTGAGGCCATTAGTTTGACAGCAGCCTGGCCATCAAAGTGAGACCCCATGTCTGCAAAACAATTTAAAAATTAGCCAAGTATCATCATGTATACCTACAGTCCCAGCTAC","TTTGGGAGGCCTAGATGGGAGGATCACTTGAGGCCATGAGTTTGAGACCAGCCTGGGCAACTTAGTGAGACCCCCATCTCTACAAAAATTCTTTAGAAATGTCTGGATGTGGTGGCACATACCTAAAATTCCAGC"
"chr1","325678","325933","chr21","3080136","3080429","55","2754458","GGCCAGGCATGGTGGCTCATGCCTGAAATTCCAGCAATTTGAGAAGCTAATGCAGGAGGATTGCTTAAGGCCAGGAGCTAGAGACCGGTCTGGACAACACAGTGAGACCCTGTCTCCATCCAAAAGAAGAAAAAGTTAGCTGGGGGTGGTGGTGCACACTTGTAGTCCCAGCTACTCGGAATGCTGAAGTTTGAGCCTGGGAGGTCAAGGCTGCAGCGAGGCATGATTATGCCACTACAGTCCAGCCTGGTGACAG","GGCCAGGCATGGTGGCTCATACCCAAAATTCCAGCAATTTGAGAAGCTAACGCAGGAGGACTGCTTAAGGCCAGGAGCTAGAGACCGGTCTGGACAACACAGTGAGTCCCTGTCTCTATCCAAAAAAAGAAAAAACTTAGCTGGGAGTGGTGGTGCACACTTGTAGTCTCAGCTACTCAGGAAGCTGAAGTTTGAGCCTGGGAGATCAAGGCTGCAGTGAGTCATGATTATGCCACTACAGTCAAGCCTGGGTGACAGAGCAAGACCCTGTCTCAAAGAACAAAACAACAACAA"
"chr1","325947","326035","chr9","56581531","56581624","28","56255584","CAGCCTGGCCAACAAAGTGAGACCCCATGTCTGCAAAACAATTTAAAAATTAGCCAAGTATCGTCATGTATACCTACAGTCCCAGCTAC","CAAGACTAGTTGGGCAACATAGTGAGACCCTATCTCTACAAAAAATTTAAAAATTAACTGGGCATGATGGCATGTGTCTGTAGTCCCAGCCACT"
"chr1","332117","332409","chr21","3080136","3080429","18","2748019","GGCCAGGCATGGTGGCTCATGCCTGAAATTCCAGCAATTTGAGAAGCTAATGCGGGAGGATTGCTTAAGGCCAGGAGCTAGAGACCGGTCTGGACAACACAGTGAGACCCTGTCTCTATCCAAAAGAAGAAAAAAGTTAGCTGGGAGTGGTGGTGCACACTTGTAGTCCCAGCTACTCGGAATGCTGAACTTTGAGCCTGGGAGGTCAAGGCTGCAGCGAGGCATGATTATGCCACTACAGTCCAGCCTGGTGACAGAGCAAGACCCTGTCTCAAAGAACAAAACAACAACAA","GGCCAGGCATGGTGGCTCATACCCAAAATTCCAGCAATTTGAGAAGCTAACGCAGGAGGACTGCTTAAGGCCAGGAGCTAGAGACCGGTCTGGACAACACAGTGAGTCCCTGTCTCTATCCAAAAAAAGAAAAAACTTAGCTGGGAGTGGTGGTGCACACTTGTAGTCTCAGCTACTCAGGAAGCTGAAGTTTGAGCCTGGGAGATCAAGGCTGCAGTGAGTCATGATTATGCCACTACAGTCAAGCCTGGGTGACAGAGCAAGACCCTGTCTCAAAGAACAAAACAACAACAA"
"chr1","332617","332757","chr6","34746963","34747098","43","34414346","GGTGCCTCCCAGCTATAGTCTTAGCACTTTGGGAGGCTAAGAGAGGAGGATTGCTTGAGGCCAAGAGTTGGAGGAGGCAGTATGGCAGTATGGTGAGACCCTGTCTCCATTATTTTAAAAAAATGACAGGCTTTACCCGGG","GGTGGCTCATGCCTGTAATCCCAGCACTTTGGGAGGCCGAGGCAGGAGGACTGCTTGAGGCCAGGAGTTCGCGACCAGCCTGGGCAAGATGGTGAGACCCCCCCCATCTCTAAAAAATTTAAAATTTAGCTGGGTA"
"chr1","332996","333295","chr21","3079252","3079549","12","2746256","GGCCAGGTGTGGTGGCTCACACTGGTAATTGCAACACTTTGGGAGGCTGAGGCAGGAGGATGGCTTGAGGCCAAGAGTTTGCGATAGGCCTTGGAAACAAAGGGGGAGTCACCATCCCTACAGGAAAATACATGAATTAGCCTAGTGTGGTGGCATGTTCCTGTAGTCCCAGCTACTTGGGAGGCTGAGGTGGGAGGATCACTTGAGCCCAGGGAGGCTGAGACTGCAGTGAGTCATGATCAGGCCTCCGCACTCCAGCCTGGGTGACAGAGTGAGACCCTGTCTCAAAACAACAAAAAA","GGCCAGGTGTGGTGGCTTACACCAGTAATCACAACACTTTGGGAGGCTGAGGCAGGAGGATGGCTTGAGGCCAAGAGTTTGAGACAGGCCTTGGAAACAAAGGGAGTCACCATCCCTACAGAAAAATACATGAATTAGCCTAGTGTGGTGGCATGTTCCTGTAGTCCCAGCTACTTGGGAGGCTGAGGTGGGAGGATCGCTTGAGCCCAGGGAGGCTGAGACTGCAGTGAGTCATGATCAGGCCTCTGCACTCCAGCCTGGGTGACAGAGTGAGACCCTGTCTCAAAACAACAAAAAA"
"chr1","334281","334437","chr28","7569943","7570104","50","7235662","GTGGTGGCACATACCTCTAGGATGGGAGGCAGGGGTGGAAGGGTCACTTGAGGCCATTAGTTTGACACCAGCCTGGCCAACAAAGTGAGACCCCATGTCTACAAAACAATTTAAAAATTAGCCAAGTATCGTCATGTATACCTACAGTCCCAGCTAC","GGGGGCTTATGACTAAAATCCTTGCAGTTTTGGAGGCTAGTGGGAGGATCACTTGAGGCTAGGAGTTTGAGACCAGCCTGGGAAACATAGTGAGATCCCATTTCTAAAAAAAAAAAATTAAAAATTCGTTGGGTGTGGTGATGCATACCTGTAGTCCCAGCT"
"chr1","335533","335825","chr21","3080136","3080429","16","2744603","GGCCAGGCATGGTGGCTCATGCCTGAAATTCCAGCAATTTGAGAAGCTAATGCAGGAGGATTGCTTAAGGCCAGGAGCTAGAGACCGGTCTGGACAACACAGTGAGACCCTGTCTCTATCCAAAAGAAGAAAAAAGTTAGCTGGGAGTGGTGGTGCACACTTGTAGTCCCAGCTACTCGGAATGCTGAAGTTTGAGCCTGGGAGGTCAAGGCTGCAGCGAGGCATGATTATGCCACTACAGTCCAGCCTGGTGACAGAGCAAGACCCTGTCTCAAAGAACAAAACAACAACAA","GGCCAGGCATGGTGGCTCATACCCAAAATTCCAGCAATTTGAGAAGCTAACGCAGGAGGACTGCTTAAGGCCAGGAGCTAGAGACCGGTCTGGACAACACAGTGAGTCCCTGTCTCTATCCAAAAAAAGAAAAAACTTAGCTGGGAGTGGTGGTGCACACTTGTAGTCTCAGCTACTCAGGAAGCTGAAGTTTGAGCCTGGGAGATCAAGGCTGCAGTGAGTCATGATTATGCCACTACAGTCAAGCCTGGGTGACAGAGCAAGACCCTGTCTCAAAGAACAAAACAACAACAA"
"chr1","336411","336710","chr21","3079252","3079549","10","2742841","GGCCAGGTGTGGTGGCTCACACTGGTAATCGCAACACTTTGGGAGGCTGAGGCAGGAGGATGGCTTGAGGCCAAGAGTTTGCGATAGGCCTTGGAAACAAAGGGGGAGTCACCATCCCTACAGAAAAATAAATGAATTAGCCTAGTGTGGTGGCATGTTCCTGTAGTCCCAGCTACTTGGGAGGCTGAGGTGGGAGGATCACTTGAGCCCAGGGAGGCTGAGACTGCAGTGAGTCATGATCAGGCCTCTGCACTCCAGCCTGGGTGACAGAGTGAGACCCTGTCTCAAAACAACAAAAAA","GGCCAGGTGTGGTGGCTTACACCAGTAATCACAACACTTTGGGAGGCTGAGGCAGGAGGATGGCTTGAGGCCAAGAGTTTGAGACAGGCCTTGGAAACAAAGGGAGTCACCATCCCTACAGAAAAATACATGAATTAGCCTAGTGTGGTGGCATGTTCCTGTAGTCCCAGCTACTTGGGAGGCTGAGGTGGGAGGATCGCTTGAGCCCAGGGAGGCTGAGACTGCAGTGAGTCATGATCAGGCCTCTGCACTCCAGCCTGGGTGACAGAGTGAGACCCTGTCTCAAAACAACAAAAAA"
"chr1","337689","337845","chr21","93756942","93757099","51","93419253","GTGGTGGCACATACCTCTAGGATGGGAGGCAGGGGTGGAAGGGTCACTTGAGGCCATTAGTTTGACACCAGCCTGGCCAACAAAGTGAGACCCCATGTCTACAAAACGATTTAAAAATTAGCCAACTATCATCATGTATACCTACAGTCCCAGCTAC","GCCAGGTGGGGTGGTTCATGCGTGTAATCCCAACACTTTGGAAGAATCACTTTAAGCCAGTAATTCGAGACCAGTCTGGGCAACATAGTGAGACCTCATCTTTACAGAATATTTAAAAATTAGCTACACATATTGATGCATGCCTACAATCCCAGCTT"
"chr1","343673","343965","chr21","3080136","3080429","21","2736463","GGCCAGACATGGTGGCTCATGCCTGAAATCCCAGCAATTTGAGAAGCTAATGCAGGAGGATTGCTTAAGGCCAGGAGCTGGAGACCGGTCTGGACAACACAGTGAGACCCTGTCTCTATCCAAAAGAAGAAAAAAGTTAGCTGGGAGTGGTGGTGCACACTTGTAGTCCCAGCTACTCGGAATGCTGAAGTTTGAGCCTGGGAGGTCAAGGCTGCAGCGAGGCATGATTATGTCACTACAGTACAGCCTGGTGACAGAGCAAGACCCTGTCTCAAAGAACAAAACAACAACAA","GGCCAGGCATGGTGGCTCATACCCAAAATTCCAGCAATTTGAGAAGCTAACGCAGGAGGACTGCTTAAGGCCAGGAGCTAGAGACCGGTCTGGACAACACAGTGAGTCCCTGTCTCTATCCAAAAAAAGAAAAAACTTAGCTGGGAGTGGTGGTGCACACTTGTAGTCTCAGCTACTCAGGAAGCTGAAGTTTGAGCCTGGGAGATCAAGGCTGCAGTGAGTCATGATTATGCCACTACAGTCAAGCCTGGGTGACAGAGCAAGACCCTGTCTCAAAGAACAAAACAACAACAA"
"chr1","344551","344850","chr21","3079252","3079549","13","2734701","GGCCAGGTGTGGTGGCTCACACTGGTAATCGCAACACTTTGGGAGGCTGAGGCAGGAGGATGGCTTGAGGCCAAGAGTTTGCGATAGGCCTTGGAAACAAAGGGGGAGTCACCATCCCTACAGAAAAATACATGAATTAGCCTAGTGTGGTGGCACGTTCCTGTAGTCCCAGCTACTTGGGAGGCTGAGGTGGGAGGATCACTCAAGCCCAGGGAGGCTGAGACTGCAGTGAGTCACGATCAGGCCTCTGCACTCCAGCCTGGGTGACAGAGTGAGACCCTGTCTCAAAACAACAAAAAA","GGCCAGGTGTGGTGGCTTACACCAGTAATCACAACACTTTGGGAGGCTGAGGCAGGAGGATGGCTTGAGGCCAAGAGTTTGAGACAGGCCTTGGAAACAAAGGGAGTCACCATCCCTACAGAAAAATACATGAATTAGCCTAGTGTGGTGGCATGTTCCTGTAGTCCCAGCTACTTGGGAGGCTGAGGTGGGAGGATCGCTTGAGCCCAGGGAGGCTGAGACTGCAGTGAGTCATGATCAGGCCTCTGCACTCCAGCCTGGGTGACAGAGTGAGACCCTGTCTCAAAACAACAAAAAA"
"chr1","345859","345993","chr18","39284018","39284152","40","38938159","TGGGAGGCAGGGGTGGAAGGGTCACTTGAGGCCATTAGTTTGACACCAGCCTGGCCAACAAAGTGAGACCCCATGTCTGCAAAACAATTTAAAAATTAGCCAAGTATCGTCATGTATACCTACAGTCCCAGCTAC","TTTGGGAGGCCTAGATGGGAGGATCACTTGAGGCCATGAGTTTGAGACCAGCCTGGGCAACTTAGTGAGACCCCCATCTCTACAAAAATTCTTTAGAAATGTCTGGATGTGGTGGCACATACCTAAAATTCCAGC"
"chr1","360203","360495","chr21","3080136","3080429","19","2719933","GGCCAGGCATGGTGGCTCATGCCTGAAATTCCAGCAATTTGAGAAGCTAATGCAGGAGGATTGCTTAAGGCCAGGAGCTAGAGACCGGTCTGGACAGCACAGTGAGAACCTGTCTCTATCCAAAAGAAGAAAAAAGTTAGCTGGGAGTGGTGGTGCACACTTGTAGTCCCAGCTACTCGGAATGCTGAAGTTTGAGCCTGGGAGGTCAAGGCTGCAGCGAGGCATGATGATGCCACTACAGTCCAGCCTGGTGACAGAGCAAGACCCTGTCTCAAAGAACAAAACAACAACAA","GGCCAGGCATGGTGGCTCATACCCAAAATTCCAGCAATTTGAGAAGCTAACGCAGGAGGACTGCTTAAGGCCAGGAGCTAGAGACCGGTCTGGACAACACAGTGAGTCCCTGTCTCTATCCAAAAAAAGAAAAAACTTAGCTGGGAGTGGTGGTGCACACTTGTAGTCTCAGCTACTCAGGAAGCTGAAGTTTGAGCCTGGGAGATCAAGGCTGCAGTGAGTCATGATTATGCCACTACAGTCAAGCCTGGGTGACAGAGCAAGACCCTGTCTCAAAGAACAAAACAACAACAA"
"chr1","361082","361379","chr21","3079252","3079549","13","2718170","CCAGGTGTGGTGGCTCACACTGGTAATCGCAACACTTTGGGAGGCTGAGGCAGGAGGATGGCTTGAGGCCAAGAGTTTGTGATAGGCCTTGGAAACAAAGGGGGAGTCACCATCCCTACCGAAAAATACATGAATTAGCCTAGTGTGGTGGCACGTTCCTGTAGTCCCAGCTACTTGGGAGGCTGAGGTGGGAGGATCACTTGAGCCCAGGGAGGCTGAGACTGCAGTGAGTCATGATCAGGCCTCTGCACTCCAGCCTGGGTGACAGAGTGAGACCCTGTCTCAAAACAACAAAAAA","GGCCAGGTGTGGTGGCTTACACCAGTAATCACAACACTTTGGGAGGCTGAGGCAGGAGGATGGCTTGAGGCCAAGAGTTTGAGACAGGCCTTGGAAACAAAGGGAGTCACCATCCCTACAGAAAAATACATGAATTAGCCTAGTGTGGTGGCATGTTCCTGTAGTCCCAGCTACTTGGGAGGCTGAGGTGGGAGGATCGCTTGAGCCCAGGGAGGCTGAGACTGCAGTGAGTCATGATCAGGCCTCTGCACTCCAGCCTGGGTGACAGAGTGAGACCCTGTCTCAAAACAACAAAAAA"
"chr1","362361","362517","chr28","7569943","7570104","51","7207582","GTGGTGGCACATACCTCTAGGATGGGAGGCAGGGGTGGAAGGGTCACTTGAGGCCATTAGTTTGACACCAGCCTGGCCAACAAAGTGAGACCCCATGCCTACAAAACAATTTAAAAATTAGCCAAGTATCGTCATGTATACCTACAGTCCCAGCTAC","GGGGGCTTATGACTAAAATCCTTGCAGTTTTGGAGGCTAGTGGGAGGATCACTTGAGGCTAGGAGTTTGAGACCAGCCTGGGAAACATAGTGAGATCCCATTTCTAAAAAAAAAAAATTAAAAATTCGTTGGGTGTGGTGATGCATACCTGTAGTCCCAGCT"
"chr1","366276","366568","chr21","3080136","3080429","17","2713860","GGCCAGGCATGGTGGCTCATGCCTGAAATTCCAGCAATTTGAGAAGCTAATGCAGGAGGATTGCTTAAGGCCAGGAGCTAGAGACCGGTCTGGACAACACAGTGAGAACCTGTCTCTATCCAAAAGAAGAAAAAAGTTAGCTGGGAGTGGTGGTGCACACTTGTAGTCCCAGCTACTCGGAATGCTGAAGTTTGAGCCTGGGAGGTCAAGGCTGCACTGAGGCATGATTATGCCACTACAGTCTAGCCTGGTGACAGAGCAAGACCCTGTCTCAAAGAACAAAACAACAACAA","GGCCAGGCATGGTGGCTCATACCCAAAATTCCAGCAATTTGAGAAGCTAACGCAGGAGGACTGCTTAAGGCCAGGAGCTAGAGACCGGTCTGGACAACACAGTGAGTCCCTGTCTCTATCCAAAAAAAGAAAAAACTTAGCTGGGAGTGGTGGTGCACACTTGTAGTCTCAGCTACTCAGGAAGCTGAAGTTTGAGCCTGGGAGATCAAGGCTGCAGTGAGTCATGATTATGCCACTACAGTCAAGCCTGGGTGACAGAGCAAGACCCTGTCTCAAAGAACAAAACAACAACAA"
"chr1","367154","367453","chr21","3079252","3079549","13","2712098","GGCCAGGTGTGGTGGCTCACACTGGTAATCGCAACACTTTGGGAGGCTGAGGCAGGAGGATGGCTTGAGGCCAAGAGTTTGCGATAGGCCTTGGAAACAAAGGGGGAGTCACCATCCCTACAGAAAAATATATGAATTAGCCTAGTGTGGTGGCACGTTCCTGTAGTCCCAGCTACTTGGGAGGCTGAGGTGGGAGGATCACTCAAGCCCAGGGAGGCTGAGACTGCAGTGAGTCATGATCAGGCCTCTGCACTCCAGCCTGGGTGACAGAGTGAGACCCTGTCTCAAAACAACAAAAAA","GGCCAGGTGTGGTGGCTTACACCAGTAATCACAACACTTTGGGAGGCTGAGGCAGGAGGATGGCTTGAGGCCAAGAGTTTGAGACAGGCCTTGGAAACAAAGGGAGTCACCATCCCTACAGAAAAATACATGAATTAGCCTAGTGTGGTGGCATGTTCCTGTAGTCCCAGCTACTTGGGAGGCTGAGGTGGGAGGATCGCTTGAGCCCAGGGAGGCTGAGACTGCAGTGAGTCATGATCAGGCCTCTGCACTCCAGCCTGGGTGACAGAGTGAGACCCTGTCTCAAAACAACAAAAAA"
"chr1","368459","368593","chr18","39284018","39284152","40","38915559","TGGGAGGCAGGGGTGGAAGGGTCACTTGAGGCCATTAGTTTGACACCAGCCTGGCCAACAAAGTGAGACCCCATGTCTGCAAAACAATTTAAAAATTAGCCAAGTATCGTCATGTATACCTACAGTCCCAGCTAC","TTTGGGAGGCCTAGATGGGAGGATCACTTGAGGCCATGAGTTTGAGACCAGCCTGGGCAACTTAGTGAGACCCCCATCTCTACAAAAATTCTTTAGAAATGTCTGGATGTGGTGGCACATACCTAAAATTCCAGC"
"chr1","374090","374387","chr21","3079252","3079549","14","2705162","CCAGGTGTGGTGGCTCACACTGGTAATCGCAACACTTTGGGAGGCTGAGGCAGGAGGATGGCTTGAGGCCAAGAGTTTGTGATAGGCCTTGGAAACAAAGGGGGAGTCACCATCCCTACCGAAAAATACATGAATTAGCCTAGTGTGGTGGCACGTTCCTGTAGTCCCAGCTACTTGGGAGGCTGAGGTGGGAGGATCACTGGAGCCCAGGGAGGCTGAGACTGCAGTGAGTCATGATCAGGCCTCTGCACTCCAGCCTGGGTGACAGAGTGAGACCCTGTCTCAAAACAACAAAAAA","GGCCAGGTGTGGTGGCTTACACCAGTAATCACAACACTTTGGGAGGCTGAGGCAGGAGGATGGCTTGAGGCCAAGAGTTTGAGACAGGCCTTGGAAACAAAGGGAGTCACCATCCCTACAGAAAAATACATGAATTAGCCTAGTGTGGTGGCATGTTCCTGTAGTCCCAGCTACTTGGGAGGCTGAGGTGGGAGGATCGCTTGAGCCCAGGGAGGCTGAGACTGCAGTGAGTCATGATCAGGCCTCTGCACTCCAGCCTGGGTGACAGAGTGAGACCCTGTCTCAAAACAACAAAAAA"
"chr1","375147","375386","chr28","2084631","2084889","44","1709484","GGCCAGGTGTGGTGGCTCACACTGATAATCGCAACACTTTGGGAGGCTGAGGCAGGAGGATGGCTTGAGGCCGAGAGTTTGCGATAGGCCTTGGAAACAAAGGGGGAGTCACCATCCCTACAGAAAAATACATGAATTAGCCGAGTGTGGTGGCACGTTCCTGTAGTCCCAGCTACTTGGAGGCTGAGGTGGGAGGATCACTCGAGCCCAGGGAGGCTGAGACTGCAGTGAGTCATGATC","GGACAGGTGTGGTGGCTCACACTGGTAATCACACTTTGGGAGGCTGAGGCAGGAGGATGGCTTGAGGCCAAGAGTTTGAGACAGGCCTCAGAAACCAAGGGAGTTACCATCCCTACAGAAATATACATAAATTAGCCTAGTGTGGTGGCATGTTCCTGTAGTCCCAGCTACTTGGGAGGCTGAGGTGGGAGGATCGCTTGAGCCCAGGGAGGCTGAGACTGCAGTGAGTCATGATCACGCCTCTGCATTCCTGCCTGGG"
"chr1","376296","376491","chr20","97126383","97126577","57","96750087","GGCCAGGTGTGGTGGCTCACACTGGTAATCGCAACACTTTGGGAGGCTGAGGCAGGAGGATGGCTTGAGGCCAAGAGTTTGCGATAGGCCTTGGAAACAAAGGGGGAGTCACCATCCCTACAGAAAAATATATGAATTAGCCTAGTGTGGTGGCACGTTCCTGNNNNNNNNNNCTGTGGGATGATGGCAGGAAGAT","GGCTGGACCTGGTGGCTCATGCCTGTAATCCCAGACTTTGGGAAGCTGAGGCAGGAGGATCACTTGAGGCCAGGAGTTTAAGACCAGCCTGGGAACAAAGCAAGGCCCCATCTCTACAAAAAGTAAAAAGAATTAGCCAGGTGTGGTGGCACATGCCTGTAGTCCCAGCTACTTGGGAAGCTGAGGCAGGAGGAT"
"chr1","377456","377612","chr28","7569943","7570104","50","7192487","GTGGTGGCACATACCTCTAGGATGGGAGGCAGGGGTGGAAGGGTCACTTGAGGCCATTAGTTTGACACCAGCCTGGCCAACAAAGTGAGACCCCATGTCTACAAAACAATTTAAAAATTAGCCAAGTATCGTCATGTATACCTACAGTCCCAGCTAC","GGGGGCTTATGACTAAAATCCTTGCAGTTTTGGAGGCTAGTGGGAGGATCACTTGAGGCTAGGAGTTTGAGACCAGCCTGGGAAACATAGTGAGATCCCATTTCTAAAAAAAAAAAATTAAAAATTCGTTGGGTGTGGTGATGCATACCTGTAGTCCCAGCT"
"chr1","378885","379019","chr18","39284018","39284152","42","38905133","TGGGAGGCAGGGGTGGAAGGGTCACTTGAGGCCATTAGTTTGACACCAGCCAGGCCAAAAAAGTGAGACCCCATGTCTACAAAACAATTTAAAAATTAGCCAAGTATCGTCATGTATACCTACAGTCCCATCTAC","TTTGGGAGGCCTAGATGGGAGGATCACTTGAGGCCATGAGTTTGAGACCAGCCTGGGCAACTTAGTGAGACCCCCATCTCTACAAAAATTCTTTAGAAATGTCTGGATGTGGTGGCACATACCTAAAATTCCAGC"
"chr1","381154","381288","chr18","39284018","39284152","40","38902864","TGGGAGGCAGGGGTGGAAGGGTCACTTGAGGCCATTAGTTTGACACCAGCCTGGCCAACAAAGTGAGACCCCATGTCTGCAAAACAATTTAAAAATTAGCCAAGTATCGTCATGTATACCTACAGTCCCAGCTAC","TTTGGGAGGCCTAGATGGGAGGATCACTTGAGGCCATGAGTTTGAGACCAGCCTGGGCAACTTAGTGAGACCCCCATCTCTACAAAAATTCTTTAGAAATGTCTGGATGTGGTGGCACATACCTAAAATTCCAGC"
"chr1","382863","382997","chr18","39284018","39284152","42","38901155","TGGGAGGCAGGGGTGGAAGGGTCACTTGAGGCCATTAGTTTGACAGCAGCCTGGCCAACAAAGTGAGACCCCATGTCTGCAAAACAATTTAAAAATTAGCCAAGTATCATCATGTATACCTACAGTCCCAGCTAC","TTTGGGAGGCCTAGATGGGAGGATCACTTGAGGCCATGAGTTTGAGACCAGCCTGGGCAACTTAGTGAGACCCCCATCTCTACAAAAATTCTTTAGAAATGTCTGGATGTGGTGGCACATACCTAAAATTCCAGC"
"chr1","383501","383635","chr18","39284018","39284152","43","38900517","TGGGAGGCAGGGGTGGAAGGGTCACTTGAGGCCATTAGTTTGACAGCAGCCTGGCCAACAAAGTGAGACCCCATGTCTGCAAAACAATGTAAAAATTAGCCAAGTATCATCATGTATACCTACAGTCCCAGCTAC","TTTGGGAGGCCTAGATGGGAGGATCACTTGAGGCCATGAGTTTGAGACCAGCCTGGGCAACTTAGTGAGACCCCCATCTCTACAAAAATTCTTTAGAAATGTCTGGATGTGGTGGCACATACCTAAAATTCCAGC"
"chr1","385251","385373","chr13","64405768","64405884","30","64020517","GGTGCCTCCCAGCTATAATCTTAGCACTTTGGGAGGCTAAGAGAGGAGGATTGCTTGAGGCCAAGAGTTGGAGGAGGCAGTATGGCAGTATGGTGAGACCCTGTCTCCATTATTTTAAAAAAT","GGTGGCACACGCTTATAATCCCAGCACTTTGGGAGGCCGAGGTGGGAGGACTGCTTGAGGCCAGGAGTTTGAGGCCAGCCTGGGCAATATAGTGAGACCCCGTCTCCACTTAAAAAA"
"chr1","385612","385911","chr21","3079252","3079549","15","2693640","GGCCAGGTGTGGTGGCTCACACTGGTAATCGCAACACTTTGGGAGGCTGAGGCAGGTGGATGGCTTGAGGCCAAGAGTTTGCGATAGGCCTTGGAAACAAAGGGGGAGTCACCATCCCTACAGAAAAATACATGAATTAGCCTAGTGTGGTGGCACGTTCCTGTAGTCCCAGCTACTTGGGAGGCTGAGGTGGGAGGATCACTCAAGCCCAGGGAGGCTGAGACTGCAGTGAGTCGTGATCAGGCCTCTGCACTGCAGCCTGGGTGACAGAGTGAGACCCTGTCTCAAAACAACAAAAAA","GGCCAGGTGTGGTGGCTTACACCAGTAATCACAACACTTTGGGAGGCTGAGGCAGGAGGATGGCTTGAGGCCAAGAGTTTGAGACAGGCCTTGGAAACAAAGGGAGTCACCATCCCTACAGAAAAATACATGAATTAGCCTAGTGTGGTGGCATGTTCCTGTAGTCCCAGCTACTTGGGAGGCTGAGGTGGGAGGATCGCTTGAGCCCAGGGAGGCTGAGACTGCAGTGAGTCATGATCAGGCCTCTGCACTCCAGCCTGGGTGACAGAGTGAGACCCTGTCTCAAAACAACAAAAAA"
"chr1","387276","387576","chr21","3079252","3079549","16","2691976","GGCCAGGTGTGGTGGCTCACACTGGTAATCGCAACACTTTGGGAGGCTGAGGCAGGAGGATGGCTTGAGGCCAAGAGTTTGCGATAGGCCTTGGAAACAAAGGGGGAGTCACCATCCCTACAGAAAAATACATGAATTTAACCTAGTGTGGTGGCACGTTCCTGTAGTCCCAGCTACTGGGAAGGCTGAGGTGGGAGGATCACTCAAGCCCAGGGAGGCTGAGACTGCAGTGAGTCATGATCAGGCCTCTGCACTCCAGCCTGGGTGACAGAGTGAGACCCTGTCTCAAAACAACAAAAAA","GGCCAGGTGTGGTGGCTTACACCAGTAATCACAACACTTTGGGAGGCTGAGGCAGGAGGATGGCTTGAGGCCAAGAGTTTGAGACAGGCCTTGGAAACAAAGGGAGTCACCATCCCTACAGAAAAATACATGAATTAGCCTAGTGTGGTGGCATGTTCCTGTAGTCCCAGCTACTTGGGAGGCTGAGGTGGGAGGATCGCTTGAGCCCAGGGAGGCTGAGACTGCAGTGAGTCATGATCAGGCCTCTGCACTCCAGCCTGGGTGACAGAGTGAGACCCTGTCTCAAAACAACAAAAAA"
"chr1","388583","388717","chr18","39284018","39284152","41","38895435","TGGGAGGCAGGGGTGGAAGGGTCACTTGAGGCCATTAGTTTGACAGCAGCCTGGCCAACAAAGTGAGACCCCATGTCTGCAAAACAATTTAAAAATTAGCCAAGTATCGTCATGTATACCTACAGTCCCAGCTAC","TTTGGGAGGCCTAGATGGGAGGATCACTTGAGGCCATGAGTTTGAGACCAGCCTGGGCAACTTAGTGAGACCCCCATCTCTACAAAAATTCTTTAGAAATGTCTGGATGTGGTGGCACATACCTAAAATTCCAGC"
"chr1","388871","389170","chr21","3079252","3079549","12","2690381","GGCCAGGTGTGGTGGCTCACACTGGTAATCGCAACACTTTGGGAGGCTGAGGCAGGAGGATGGCTTGAGGCCAAGAGTTTGCGATAGGCCTTGGAAACAAAGGGGGAGTCACCATCCCTACAGAAAAATACATGAATTAGCCTAGTGTGGTGGCACGTTCCTGTAGTCCCAGCTACTTGGGAGGCTGAGGTGGGAGGATCACTCAAGCCCAGGGAGGCTGAGACTGCAGTGAGTCATGATCAGGCCTCTGCACTCCAGCCTGGGTGACAGAGTGAGACCCTGTCTCAAAACAACAAAAAA","GGCCAGGTGTGGTGGCTTACACCAGTAATCACAACACTTTGGGAGGCTGAGGCAGGAGGATGGCTTGAGGCCAAGAGTTTGAGACAGGCCTTGGAAACAAAGGGAGTCACCATCCCTACAGAAAAATACATGAATTAGCCTAGTGTGGTGGCATGTTCCTGTAGTCCCAGCTACTTGGGAGGCTGAGGTGGGAGGATCGCTTGAGCCCAGGGAGGCTGAGACTGCAGTGAGTCATGATCAGGCCTCTGCACTCCAGCCTGGGTGACAGAGTGAGACCCTGTCTCAAAACAACAAAAAA"
"chr1","389995","390235","chr28","2084631","2084889","41","1694636","GGCCAGGTGTGGTGGCTCACACTGGTAATCGCAACACTTTGGGAGGCTGAGGCAGGAGGATGGCTTGAGGCCAAGAGTTTGCGATAGGCCTTGGAAACAAAGGGGGAGTCACCATCCCTACAGAAAAATACATGAATTAGCCTAGTGTGGTGGCACGTTCCTGTAGTCCCAGCTACTTGGGAGGCTGAGGTGGGAGGATCACTCAAGCCCAGGGAGGCTGAGACTGCAGTGAGTCATGATC","GGACAGGTGTGGTGGCTCACACTGGTAATCACACTTTGGGAGGCTGAGGCAGGAGGATGGCTTGAGGCCAAGAGTTTGAGACAGGCCTCAGAAACCAAGGGAGTTACCATCCCTACAGAAATATACATAAATTAGCCTAGTGTGGTGGCATGTTCCTGTAGTCCCAGCTACTTGGGAGGCTGAGGTGGGAGGATCGCTTGAGCCCAGGGAGGCTGAGACTGCAGTGAGTCATGATCACGCCTCTGCATTCCTGCCTGGG"
"chr1","391211","391423","chr7","29906301","29906503","49","29515090","GGCCAGGTGTGGTGGCTCACACTGGTAATCGCAACACTTTGGGAGGCTGAGGCAGGAGGATGGCTTGAGGCCAAGAGTTTGCGATAGGCCTTGGAAACAAAGGGGGAGTCACCATCCCTACCGAAAAATACATGAATTAGCCTAGTGTGGTGGCATGTTCCTGTAGTCCCAGCTACTTGGGAGGCTGAGGTGGGAGGATCACTTGAGCCCAGG","GACCAGGTATGATGACTCACATCTGTAATCCCAACATTTTGGGAGGCTGAAGCAGGAGGATCACTTGAGACCAGGAGTTAGAGAACAGCCTGGGCAACATAGTGAGAAAAAAAATGCTTAAAAAAATTAACTAGATGTGGTGGTGCATGCTTGTAGTCCCAGCTACTTAGGAGGCTAAGGTGGGAGAATCACTTGAGCCCAGG"
"chr1","392268","392444","chr14","50867155","50867330","53","50474887","GGCCAGGTGTGGTGGCTCACACTGGTAATCGCAACACTTTGGGAGGCTGAGGCAGGAGGATGGCTTGAGGCCAAGAGTTTGCGATAGGCCTTGGAAACAAAGGGGGAGTCACCATCCCTACAGAAAAATACATGAATTAGCCTAGTGTGGTGGCACGTTCCTGNNNNNNNNNNAACT","GGCTGGGTGAGGTGGTTCACACCTATAATCCTAGCACTTTGGGAGGCTGAGGCAGGAGAATCGCTTGAGGCCAGGAGTTTGAGACAAGCTTGGGCAAAGTAGTGAGGCCCTGTCTCAACAAAAAAGTTTTACAGATTAGCCAGGCATGGTGGCATGTGCCTGCAGTCCCAGCTACT"
"chr1","394494","394628","chr18","39284018","39284152","42","38889524","TGGGAGGCAGGGGTGGAAGGGTCACTTGAGGCCATTAGTTTGACAGCAGCCTGGCTAACAAAGTGAGACCCCATGTCTGCAAAACAATTTAAAAATTAGCCAAGTATCGTCATGTATACCTACAGTCCCAGCTAC","TTTGGGAGGCCTAGATGGGAGGATCACTTGAGGCCATGAGTTTGAGACCAGCCTGGGCAACTTAGTGAGACCCCCATCTCTACAAAAATTCTTTAGAAATGTCTGGATGTGGTGGCACATACCTAAAATTCCAGC"
"chr1","395763","395897","chr18","39284018","39284152","41","38888255","TGGGAGGCAGGGGTGGAAGGGTCACTTGAGGCCATTAGTTTGACAGCAGCCTGGCCAACAAAGTGAGACCCCATGTCTGCAAAACAATTTAAAAATTAGCCAAGTATCGTCATGTATACCTACAGTCCCAGCTAC","TTTGGGAGGCCTAGATGGGAGGATCACTTGAGGCCATGAGTTTGAGACCAGCCTGGGCAACTTAGTGAGACCCCCATCTCTACAAAAATTCTTTAGAAATGTCTGGATGTGGTGGCACATACCTAAAATTCCAGC"
"chr1","397037","397171","chr18","39284018","39284152","40","38886981","TGGGAGGCAGGGGTGGAAGGGTCACTTGAGGCCATTAGTTTGACACCAGCCTGGCCAACAAAGTGAGACCCCATGTCTGCAAAACAATTTAAAAATTAGCCAAGTATCGTCATGTATACCTACAGTCCCAGCTAC","TTTGGGAGGCCTAGATGGGAGGATCACTTGAGGCCATGAGTTTGAGACCAGCCTGGGCAACTTAGTGAGACCCCCATCTCTACAAAAATTCTTTAGAAATGTCTGGATGTGGTGGCACATACCTAAAATTCCAGC"
"chr1","398378","398512","chr18","39284018","39284152","40","38885640","TGGGAGGCAGGGGTGGAAGGGTCACTTGAGGCCATTAGTTTGACACCAGCCTGGCCAACAAAGTGAGACCCCATGTCTGCAAAACAATTTAAAAATTAGCCAAGTATCGTCATGTATACCTACAGTCCCAGCTAC","TTTGGGAGGCCTAGATGGGAGGATCACTTGAGGCCATGAGTTTGAGACCAGCCTGGGCAACTTAGTGAGACCCCCATCTCTACAAAAATTCTTTAGAAATGTCTGGATGTGGTGGCACATACCTAAAATTCCAGC"
"chr1","399334","399468","chr18","39284018","39284152","42","38884684","TGGGAGGCAGGGGTGGAAGGGTCACTTGAGGTCATTAGTTTGACAGCAGCCTGGCCAACAAAGTGAGACCCCATGTCTGCAAAACAATTTAAAAATTAGCCAAGTATCGTCATGTATACCTACAGTCCCAGCTAC","TTTGGGAGGCCTAGATGGGAGGATCACTTGAGGCCATGAGTTTGAGACCAGCCTGGGCAACTTAGTGAGACCCCCATCTCTACAAAAATTCTTTAGAAATGTCTGGATGTGGTGGCACATACCTAAAATTCCAGC"
"chr1","400363","400497","chr18","39284018","39284152","40","38883655","TGGGAGGCAGGGGTGGAAGGGTCACTTGAGGCCATTAGTTTGACACCAGCCTGGCCAACAAAGTGAGACCCCATGTCTGCAAAACAATTTAAAAAGTAGCCAAGTATCGTCATGTATACCTACAGTCCCAGCTAC","TTTGGGAGGCCTAGATGGGAGGATCACTTGAGGCCATGAGTTTGAGACCAGCCTGGGCAACTTAGTGAGACCCCCATCTCTACAAAAATTCTTTAGAAATGTCTGGATGTGGTGGCACATACCTAAAATTCCAGC"
"chr1","524461","524770","chr4","74686620","74686927","56","74162159","GGCCAGGTACAGTGGCTCCTGCCTGGAATGCCAGCATTTTGGGAGGCCAAGGCGGGAGGATTGTTTGAGCCCAGGAGTCCAAGACCAGCCTGGGCAACATAGTGAGAGCTTGTTGCTACAAAAAAGTTTAAAAATTAGCTGGGCACAGTGGCATTTGCCTGTGGTCCCAGCTACTCAGGAAGCTGAGGTGGGAGGATCGCTTGAGCCCCTGGAGGTGGAGGTTGTAGTGAGCCAAGGTTGTACCACTGCACTGCAGCCTGGGTGAAGAGCAAGACCCTGTCTCCATAAAAAAAAAAAAAAAAAAAAAAGA","GGCCAGGCACGGTGGTTTATGCCTGTAATCCCAGCACTTTGGGAGGCCAAGGTGGGAGGATCGCTTGAGCCCAGGAGTTTGAAACCAGCCTGGGCAACTTAGTGAGACCTCATCTCTACAAAAAATTTTAAAATTAGCTGTGTGTGATGGTGTGTGCCTGTGGTCCCAGCTACCCTGGAGGCTGAGATGGGAGGATCGCTTGAGCCCAGGAGGTAAAAGCTGCAGTGAGCCATGATGGTACCACTGCAACTCAGCCTGGGTGACAGAACCAGACCCTGTTTCTTAAAAAAAAAAAAAGAAAAAAAAAA"
"chr1","693883","694168","chr20","130382412","130382702","28","129688529","GGGCGCGGTGGCTCACACCTGTCATCCCAGCACTTTGGGAGGCTGAGGCTGGAGGATCGCTTGAGGCCAAGAGTGGGAGATCAGCTTGGGCAACATAGTGAGACCCCATCTCTGCAAAAAAATGTTCTTTAATTACCCAGGCGTGGTGGTGCACACCTGTAGCTCCAGCTACTCGGGAGGCTGAGGCAGGAGGATCACTTGAATCCAGGAGGTTGAGGCAGCAGCAAGCTGTGATTGCACCACGGCGCTCCAGCCTGGGTGACAGAGCGAGAACCTGTCTAAAAAA","GAGCGCCGTGGGTCACACCTGTAATCTTAGCACTTTGGGAGGCCGAGGCTGGAGGATCGCTTGAGGCCAGGAGTTTGAGACCAGCTTGGGCAACATAGTGAGATCACATCTCTGCAAAAAATTTTCTTTAATTAGCCAGGCGTGGTGGTACACACCTATAGCTCCAGCTACTCGGGAGGCTGAGGCAGGAGGATCACTTGAATCCAGGAGGTTGAGGCAGCAGTGAGCTGTGATTGCACCACTGCGCTCCACCCTGGGTGACAGAGCGAGAACCTGTCTAAAAAACAAAGA"
"chr1","733339","733591","chr6","5107910","5108178","72","4374571","AGGACTCTGGAAGGTGGGGGTGGTCGGAATGCCTGAGCTCAGGAGTTGGAGACCCACCCGGGCAACACAGCCCGTCTTTACAAAAAGTTTAAAATTAGTCGGGCCTGGTGGCGGGAGCCTGAGGTCCCAGCTACTCAGGAGGCTGAGGTGGGATGATCACCTGAGCCCAGAAGGTGGAGGCTGCAGTCCTCCACCAAGACTGCACTCCAGCCTGTGCAAGGGGAACTCCGTCTCAAAAAAAAAAAAAAAAAAA","GCACTTTGGGAGGCTGAGGCAGGAGGATCGCTTGAAGCCAGGAGTTGGAGACCAGCCTGGGCAACGTAGCGAGACCTTATTTCTATAAAAAATTTAAAACTTAGCCGGCTGTGGTGGCATGCACCTGTAGTCCCAGTTACTTGGGAAGCTGAGGTGGCAGGATCACCTGAGCCCAGAAGGTTGAGGCTGCAGTGAGCTGAGATCACACAACTGCGCCCCAGCCTGGGAGACAGAGCAAGACCCTGTCAAAGAAAAAGAAAAAAAAAAAA"
"chr1","736740","737003","chr6","48480921","48481189","60","47744181","CGGGTGCTGTGGCTCCCACGTGTAATCCCAGCACTTTGGGAGGCTGAGGCAGGAGGATCACCTGAGGCCAGGAGTTCGAGACCAGCCTGGACAATATAGTGAGACCCTGTGTACAAAAAGAATTATACCTGTAGCCCCAGCTACTTGGGAGGCTGAGGTGGGAGGATCCCTTGATCCCAGGAGTTCAAGGCGGCAGTGAGCCATGATCGCACCACTACACTCCAGCCTGGCAACAGAGTGAGACCCTGTCTCTCTTTAAAAAAA","GACTGGCTGCAGTTGCTCATGCCTGTAATCCCAGCACTTTGAGAGGCCAAGGCAGGAGGATCACTTGAGGCCAGGACTTCAAGACCAGTGTGGGCAATATAGGGAGATCCTGTCTCTACAAAAATTTAAAAAGTATTAGCTGTGGTCCCAGCAACTTGGGAGGCTGAGGTGGGAGGATTGCCTGAACCCAGGAGTTCAAGGCTGCAGTGAGCTATGATCATGCACTCCAGCCTGGGTAATAGAGCAAGACCCTGTCTCAAAACAAAAAA"
"chr1","737275","737567","chr24","12259501","12259777","63","11522226","GGTGGCTCAAGCCTGTAATCCCAGCACTTTGGGAGACTGAGGCAGGAGGATTGTTTGAGCCCAGGAGTTCAAGACCAGCAACATCATGCTTCAGTTTTGTTTCATAGCGAGACCCTGTCTCTACAAAAAATCAAAAAATTAGCCAGGTGTGGCAGCACTTGCTTGTGTTCCAGCTACTTGGGAAGCTGAGGTGGGAGGATGGCCTGGGCCTGGGAGACTGAGGCCGTGGTGAGCTGAGGTCACACCACTTTGCTCCAGCCTGGGTGACAGAGCGAGACCATGTCTCAAAATAA","GGGGGCTCACGCCTGTAATCCCAGCACTTTGGGAGGCTGAGGCAGGAGGATTACTTGAGCCCAAGAGTTCAAGACCAGCCTGGGCCACACAGTGAGACCCTGTCTCTACAAAAAAATTAAAAATTAGCCAAGTGTGGCAGCATGCACTTGTGGTCCCAGCTACTTGGGAGGCTGAGGCGAGAGGATTGCCTGAGCCCAGGAATCTGAGGCTGCATTGAATTGTGTTCATGCCATTGCACTCCAGCCTAGGTGACAGAGTGAGACCCTGTCTCAAAAA"
"chr1","737952","738255","chr7","19307339","19307631","61","18569387","GGTGGTTCACGCCTGTAATCCCAGCACTTTGGGAGGCATAGGTGGGAGGACTGCTTGAACCCAGGAGTTTAAGACCAGCCTGGGAATCAGAAGGAGACCCCATCTCTACAAAAAAAAAAAAAAAAATTTAATGAGCTGGGTGTGGTGGCTCGAGCCTGTAGTCCTGGCTAGTCAGAAGGCTGAGGTGGGAGGATCGCTTGAGCCCAGGAGGTTGAGGCTGCAGTGAACTGTGATCATACCACTGCACTCCAGCCCAGGCGACAGAGAGAGACCTGTTTGAAAAGCAAACAAACAAATAGAAAGA","GGTGGCTCACACCTGTAATCCTAGCACTTTGGGAGGCCGTTGGCATGAAGATTGCTTGATCCCAGGAGTAAGAGACTAGCCTGGGCAACATAGGGAGACCTCATCTCTACAAAAAAATTTAAAAATTATCCGGGTGTCGTGGCTCGTGCCTATAGTCCTAGTTGCTCAGGAGGCTGAGGTGGGAGGATCACTTGAGCCCAGGAGGTCGAGGCTGCAGTGAGCTGTGATCATGCCACTGCACTCCAGCCTGGGCAACAGCATGAGGCCTTGTCTCAAAAAACAAACAAAAAGAA"
"chr1","744789","745037","chr20","130335968","130336193","39","129591179","GGCAGGGCAGCTCACTCCTGTAATCCCAGGATTTTGGGAGGCTGAGACGGAGAATTGCTTGAGGCCAGGCATTCGAGACCAGCCTGGGCAACACAGTCTCTACAAAAGAAAAGGACATTACCTGGGTGTAATGGTGTGCACCTGAGGTCCCAACTATTCAGGAGGCCGGGGTGAGAGGATCGCTGCCACTGCATTCCTGCCTGGGCGACAGAGGGAGAATGTGTCTCCAGAAAACAAACAAAAAAGAAA","GGCCGGGCAGCTCACTCCTGTAATCCCAGGATTTTGGGAGGCTGAGACGGGAGAATTACTTGAGGCCAGGTGTTCAGGACCAGCCTGGGCAACACAGTCTCTACGAAAGAATAGAACATTACCTGATTCCCAACTATTTAGGAGGCCGGGGTGAGAGGATCGCGGCCACTGCATTCCTGCCTGGGCGACAAGGCAGAATGTGTCTCCAAAAAACAAACAAACAAAA"
"chr1","746304","746595","chr14","59828291","59828600","68","59081987","GGCCAGGAGCAGTGGCTCACACCTGTAATCCCAGCACTTTGGAAGGCTGAGGCTGGAGGATCACTTGAGGGCAGGAGTTTTAAGATCGGCCTGGGCAATACAGCGAAACCCCTTACAGAAATCAGCCAGGCGTGATGGCACATGCCTGTGATCCCAGCTACTTGGGAGGGAGGTGGGAGGATCACTTGAGTCCAGGAGGTTGAGGCTGCACTGAGCCGAGATAGCGCCACCACACCCTAGCCTGGATGACAGAGTAAGACCCCATCTCAAAAAATAAAAAATAAAAAGTAAA","GGCCAGGCACAGTGGCTCATGCCTATAATCCCAGCACTTTGGGAGGCTGAGGTGGGAGGATTGCTTGAGGCCAGGAGTTCAAAACCAGCCTGGGCAATATGGCAAAACCCCGACTCTACAAAAAGTAAAAAATTAGCCAGGCATGGTGGTGCATGCCTGTAGTCCCAGCTACTTGGGAGGCTGAGATGGGGGAGGATCACTTGAGTCCAGTAGGTCCAGGCTGCAGTAAGCCAAGATTGTGCCACTGCATTCCAGCCTGGGCCACAGAGTGAGACCCTATCTCAAAAAGAAAAAAAAAAAAAAAAAAAAA"
"chr1","840817","841101","chr20","2256298","2256587","62","1415481","GAGTGTGGTGGCTTATGCCTGTAATCCCAGTGCTTTGGGAGGCTGAGGCAAGAAGATCACATGAGGCCAGGCATTTGAAAGCAGCCTGGGCAACATAGTGAGACCCCATCTCTAAAAAATAAAATTAGCTCAGCATGGGAGTGTGCACCTGTAGTCCTAGCTATTTAGGGGGCTGAGATGGGAGGATCACTTGAGCCCAGGAGGTCAAGGCTGCAGTGAGCCACAATCAAACCACATTACCCCAGCCTAGGCGACAGAACAAGACCCTGTTTCTAAAATAAAAAA","CAGGAGTGGTGGCTCACACCTGTAATCCCAACACTTTGGTAGGCTGAGGCAGGAGGATCACTTGAGGCCAGGAGTTTGAGAACAGCCTGGGAAACATAGGAAGACCTCGTCTCTATAAAAATAAAAAATTAGCTGGGCATCGTGGTGTACAATTGTAGTCCTAGCTACCCTGGAGGCTGAGGCAGGAGAATCACTTGAGCCTAGGAGGTTGAGGCTGCAGTGAGCCATGATCGCACCACTATACTCCAGCCTGGGTGACAGAGTAAGAGCCTAGCTCCAAAAAAAAAAAA"
"chr1","842551","842841","chr9","122684276","122684559","54","121841725","GGTTGGGCGCGTGGCTCACACCTGTAGTACCAGCACTTTGGGAGGCTGAGGCAGGAGGATCGCTTGAGCTCAGGAGTCTGAGATCAGCCTGGGCAATATAGGGAGACCTTGTCTCTACCAAAAAATTAGCAAAATTAGCTAAGCGTGGTGGTGTATGCCTGTAGTCCCACCTACTTGGGAGGCTGAGGTGGGAGGACTGCTTGAGCCCAAGAGGCAGAGGCTGTGGTGAGCTGAGATTGTGCCACTGCACTCTAGCCTGGATGACACAGTGAGACTGTCTAAAAAAAAGAA","GCCAGGCACGGTGGCTCACGCCTGTAATCCCAGCACTTTGGGAGGCTAAGGCAGGCAGATCGCTTGAGGCCAGGAGTTTGAGACCAACCTGGGCAACATGGTGAAACCCTGTCTCTACCAAAAAATATAAAAATTAGCCAGGCATGGTGGTGCACCTGTAGTCCCAACTACTCAGGAGGCTGAGGCGGGAAGATTGAGCCCATAAGGCTGAGGCTGAAGTGAGCTGAGATTATGCCACTGCACTCCACCCTGGGTAACACAGCGAGACTGTCTCAAAAAACAAA"
"chr1","856638","856867","chr20","130236140","130236361","43","129379502","GGCCGGTCACGGTGGCTCACGCCTAGAATCCTAGCACTTTGGGAGGCTGAGGCGAGACGATCGTCTGAGCTCAGGAGTTTGAGACCTGCCTGGGTAACATGGCAAGACCCTCTTTCTAGGAAAAATAGAAAAAATCAGCCGGGTGTGGTGGTGCATGCCTGTGGTCTCGGCTACTTGGGAGGCCGAGGTGGGAGGATCACTTGAGCCCAAGAGATGGAGGCTGCAGTGAG","GGCTGGGCACAGTGGTTCAGGCCTAGAATCCCAGCACTTTGGGAGGCTGAGGCAAGAGGCTCAAGAGTCTGAGACCTGCCTGGGTAACATGGCAAGACCCTTTCTCTATGAAAAAACAGAAAAAATCAGCCAGGTGGACCATGCCTGTGGTCCCGGCTACTTGGGAGGCCAAGTTGGGAGGATCACTTGAGCCCAAGAGGTCGAGGCTGTAGTGAGATGTGA"
"chr1","879359","879680","chr20","130215756","130216058","49","129336397","GACCGGGCACAGTGGGTCACGCCTGTAATCCCAGCACGTTGGGAGACTGAGGCAAGAGGATCACTTGAAGCCAGGAGTTTGAGACCAGCCTGGGCAATACAGCGAGACCTGTCTCTACAAAGAGTAAAATAAAAATAAATTAGATGGGTGTGGGGGTGCACGCCTGTGGTCGCAGCTGCTCCGGTGGCTGAGGCGAGAGCATCACCTGAGCCCAGAGCATCACCTGAGCCCAGGAGTTCGTGGTCACGGTGAGCTGTGGTCACCGCTGCACTCCAGCCTGGGTGACAGAGCAAGACCCTGTTTCTAAAAATAAAGAAAAAAA","GACTAGGCACAGTGACTCATGCCTGTAATCCCAGCACCTTGGGAGACTGAGGCAAGAGGATCGCTTGAAGTCAGGAGTTTGAGACCAGCCTGGACAATACAGCAAGACCTGTCTCTGCAAAAGATAAAATAAAAATAAATTAGCCCGGCATGGTGGTGCGCGCCTATGGTTGCAGCTGCTCAGGTGGCTGAGGCGAGAGCATCCCCTGAGCCCAGGAGTTCGTGGTTGCGGTGAGCCGTGGTCGCCACTGCACTCCAGCCTGGGCGACACAGCAAGACCCTGTTTCTAAAAATAAAGAAAAAA"
"chr1","950108","950408","chr20","130149455","130149767","59","129199347","GGCTGGGCATGGTGGCTCACACCTGTAATCCCAATGTTTGGGAGGCCAAGGCCAGAGAATGCCAGGAGTTTGAGACCAGCCTGGGCAACGTAATGAGATCTCCATCTCTACAAAAAAAAAAAAAAAAAATTAGATGGGCATGGTGGCACGTGCCTATGGTCCCAGCTATTCAGGAGGATGAGGTGGGAGGATCAGTTGAGCCCAGGAGGCGGAGGCAGCAGTGAGCCATGATTGTGCTACTGCACTCCAGCCTGGGTGACAGAGAGAGACTCCATCAAAAAAACAAAACAAAACAAAAAAA","GGCTGGGCACTGTGGCTCATACCTGTAATCTCAGTATTTGGGAGACTGAGTCCAGAGGATGCCAGGAGTTTGAGACCAGGCTGGGCAACATAATGAGGCCTCCATCTCTCCAAAAAAAAAAAAAAAGAAAAAATATATATATTAGGTGGGCATGGTGGCACGCGCCTGTGGTCCCAGTTACTCAGGACGATGAGGTGGGAGGATCAGTTGAGTTCAGGAGGCGGAGGCAGCAGTGAGCCATGATTGTGCCACTGCACTCCAGCCTCCAGCCTGGGCAACAGAGAGAGACCCTGTCTCAAACAAACAAATAAAA"
"chr1","965947","966090","chr19","5483390","5483538","42","4517443","AAATTAGCCTGGCGTGGTGGGTGTGTGCCTATAGTCCCAGCTATTTGGGAGGCGGAGGTGGAGGCGGGAGGATGCTTGAGCCCAGGAGTTTGAGTGAGCCATGATTGCGCCACTGCAGCCTGGGTGACAGCCCCACCGTGTCTC","AAAATTAGCCAGGTGTGGTGATGCATGCCTGTAATCCCAGCTACTTGGGAGGCTGAGGTGGAAGGACTGCTTGAGCCCAGAAGTTTGAGGCTGCAGTGAGCCATGATCATGCCACTGCACTCCAGCCTGGGTGACAGAGTGAGATTCTG"
"chr1","1017880","1018151","chr16","25633601","25633872","57","24615721","GCCTGTAATCTCGCACTTCAGGAGGCTGAAACAGGTGCATTACTTGAGCCTGGTAGGTCAAAGCCAGCCTAGGCAATGGAGCAAGACCCCATCTCTACAAAAAAAAAAAAAGCCAGGTGTGGTTGTGCCCACCTATGGTCCCAGCTACTCAGAAGGCTGAGGTGGGAGGATCACTTGAGCCTGGGAGGTTGACCTGCAGTGAGCCAAGATCGCACCACTGCACTCCAGCCTGGGCAACAGAGTGAGACTGTCTCAAAAATAAAAATGAAAAA","GTCATCCCAGCACTTTGGGAGGCTGAGGCAGGAGGATCACTTGAGCCCTGGAGTACAAGACCAGCTTAGGCAATAGAGGGAGACCCCCATCTCTACAAAAATTTAAAAATTAGCCAGGTGTGGTGGCGCATGCTTGTGGTCCCAGCTACTTAAGAGGCTGAGGTGGGAGGATCACCTGGGTCTAGGAGGTCTAGGCTGCAGTGAGCCATGATCACACCACTGCACTCCAGCCTGGGCAACAGAGTGAGACCCTGTCTCAAAAAAAAAGAGAA"
"chr1","1018309","1018589","chr11","118871620","118871903","58","117853311","GGCTGGGTGTGGTATCTCACACCTATAATCCCAACACTTTGGGAGGCCAAGGCAGGAGGATCATTTGAGGCCAGGAGTTTGAGACCAGGCTGGGCAACTTCGTGAGACTCCATCTCTGCTGGAAAAAAACATTAGCTGGGCATGGTGGTGTATGCCTGTAGCCCCAGCTACTTGGGAGGCTGGCTTGAGCCCAGGAGTTACAGGCTGCAGTGAGCTATAATGGCACCACTGCACTGCAGCCTGGGTGACAGAGGGAGACCCTGCCTCTTAAAAAATAAAAA","GGTGTGGTGGCTGACACCTATAATCCCAACACGCTGGGAGGCCAAGGCAGGAGGATCACTTGAGGCCAGGAGTTTAAGACCAGCCTGGGAAACATAAGAAGATCCTGCCTCTACAGAAAATTAAAAAAATTAGCCAGGTATGGTGGCACATACCTGTGGTCCCAGCTACTTGGGAGCATTGCTTGAGCCCAGGAGTTGCAGGCTGCAGTGAGCTATAATCATATCACTGCATTGCAGCCTGGGTGACAGAGCAAGACCCTGTCTCAAAAACAAACAAAGAAAAA"
"chr1","1019318","1019602","chr20","130080685","130080966","22","129061367","CAGGCGTAGTGGCTCACCCCTGTCATCCCAGCACTTTGGGAGGTGGGAGCATCGCATGAAGCCAGGACTCCAGGAGCAGCCTGGGCAACATAGTGAAACCCTGTCTTTACGAAATAAAAAATCAGCTGGGCGTGGTGGTGTGCACCTGTAGTCCCAGCTACTCCAGAGGCCGAGGTGACAGAATGCATGAACCCAGGAGTTCGAGGCTGCGGTGAGCTGCGGTTGTGCTACTGCTCTCCAGCCTGGGTGACAGAGCGAGACCTTGTCTCCAAAAAGAAAAAAAGA","CAGGCACAGTGACTCACCCCTGTCATCCCAGCACTTTGGGAGGTGGGAGCATTGCATGAAGCCAGGACTCCAAGAGCAGCCTGGGCAACATAGTGAAACCCTGTCTTTACAAAATAAAAAATTAGCTGGGTGTGGTGGTGGGCACCTGTAGACCCAGCTACTCCAGAGGCCGAGGTAACAGGATGCATGAACCCAGGAGTTTGAGGCTGCAGTGACCTGTGTTGTGCTACTGCCCTCCAGCCTGGGTGACAGAGCGAGACCCTGTCTCCAAAAACAAAAAGA"
"chr1","1029282","1029410","chr2","38070721","38070845","24","37041439","GCTGGGCGTGGTGACTCACACCTGTAGTCCCAGCTACTCAGGAGACTGAGGTGGGAGGATCACTTGAGCCCAGGAGTTGAAGACCAGCCTGCGACATAGTGAGGCCCCATCTCTACAAAAAATTAAGAA","GGCTGGGCATGGTGGCTCATACCCGTAATCCCAGCACTCTGGGAGTCTGAGGTGGGAGGATCACTTGAGGCCAAGAGTTTGAGACCAGCCTGGGCAACATAGTGAGCCCCATCTCTACAAAAAAT"
"chr1","1029727","1029839","chr11","107424218","107424343","33","106394491","TTAGCCAGGCATGGAGGCATGAGCTTCTGGTCTCAGCTACTTGGGAGACTGAGGTGAGAGGATCGCTTGAGCCCATGAGATCACACCACTGCACTCCAGCCTGGGCGACAGAG","TTAGTCAGGTGAGGTGTCATGTGCCTGTAGTCCCAGATACTCAGGAGGCTGAGGTGGGAGGATCGCTTGAGCCTGGCTGCAGTGAGCTGTGATCAGGCCGCTGCACTCCAGCCTGGGCGACAAAGC"
"chr1","1035929","1036106","chr28","10203342","10203501","57","9167413","GCCTATGTTCCTAGCACTCTGGGACCCTGAGGCAGGACAATCACTTGAGGCCAGGAAATTCAAGAGCAGCCCGGCCAACATAGCAAGACCCAGACTCAACTAAAAAGATAAAGAATTAGCTAAGCACAGCTGGGCGCGGTGGCTCACGCCTGTAATCCCAGCGCCGTGGGAGGCCGGG","GTGATCCCAGAACTTTGCGAGGCTGAGGCAGGGAGACTGCTTGAGGCCAGGAGGTTAAGACCCAGCCTAGGCAACAGAGTGAGACCCTGTCTTTAAAAAAAAAAAAAAAAAATTAGGCCGGGAGCGGTGGCTCACGCCTGTGATCTCAGCACTTTGGGAG"
"chr1","1040183","1040360","chr28","10203342","10203501","57","9163159","GCCTATGTTCCTAGCACTCTGGGACCCTGAGGCAGGACAATCACTTGAGGCCAGGAAATTCAAGAGCAGCCCGGCCAACATAGCAAGACCCAGACTCAACTAAAAAGATAAAGAATTAGCTAAGCACAGCTGGGCGCGGTGGCTCACGCCTGTAATCCCAGCGCCGTGGGAGGCCGGG","GTGATCCCAGAACTTTGCGAGGCTGAGGCAGGGAGACTGCTTGAGGCCAGGAGGTTAAGACCCAGCCTAGGCAACAGAGTGAGACCCTGTCTTTAAAAAAAAAAAAAAAAAATTAGGCCGGGAGCGGTGGCTCACGCCTGTGATCTCAGCACTTTGGGAG"
"chr1","1041204","1041351","chr2","33270639","33270782","30","32229435","GGCTGGGCACGGTGGCTCACACCTGTAATCCCAGCACTGTGGGAGGCTCAGGTGGGTGGATTGCTTGAGCTCAGGAGTTTGAGACCAGTCTGGGCAAAATAGTGAAACCCCATCTCTACTACAGATACCAAAAAAAAAAAAAAAAAAG","GCTGGGCATGGTGGCTCACACCTGTAATCTCAGCACTTTGGGAGGTCAAGGTGGGAGGATTGCCTGAGGTCAGAAGTTTGAGACCAACCTGGGCAACATAGTGAGACCCCATTTCTACAAAAAATACGAAAATTATCCAGGTAG"
"chr1","1041649","1041808","chr20","130058840","130058997","15","129017191","TTAGCCAAGCATGGTGGCATGTGCCTGTAGTCCTAGCTATGCAGAAAGCTGAGGTGGGAGGATCACTTGAATCCAGGAGCTGGAAGCTGCAGTGAGCTGCGATCACACCACCACACTCCAGCCTGGGTGACAGAGACCCTGTCTCAAAAAAAAAAAAAAA","GCCAAGCATGGTGGCGTGTGCCTGTAGTCCTAGCTATACAGAAAGCTGAGGCGGGAGGATCACTTGAATCCAGGAGTTGGAAGCTGCAGTAAGCTATGATCATACCACTGCACTCCAGCCTGGGTGACAGAGACCCTGCCTCAAAAAAAAAAAAAAAA"
"chr1","1059402","1059640","chr3","79264476","79264732","74","78205074","GGCCTGGCGCGGTGGCTCAGGCCTGTAATCCCAGCAGAAGCCAGCAGTCCGAGAGCAGCCTGGCCAACGCAGGAAGACGCCCCCTCTACAAAAAACCAAAAAATTAGCCGGCGTGGCGGCGCGCGCCTGACCTCCCAGCTACTAGGGAGGCAGAGGCCGCCGCGAGCCGAGGTCAGGCCGCTGCACCCCAGCCAGGGCGACCGGGCGAGACCCCGTCTCAAAATGAGTAAGTAAACAAA","GGCCAGGCGCGATGGCTCATGCCTGTAATCCCAAGGCTAGGAGTTTGAGACCAGTCTGGCCAACACAGGGAGACCCCATCTCCACAAAAAAATTTTAGAAAATTAGCCGGGGTGGTGGCACGCACCTACAGTACCAGCTACTTGGGAGGCTGAGGTGGGAGGATCGTTGAGGCTGCAGTGAGCTATAATCGTGCCACTGCCCTCCAGCCAGGGTGACAGAGCGAGACTCTGTCTCAAAAAAAAAAAAGGAGAAAAAA"
"chr1","1059684","1059971","chr28","14327675","14327956","62","13267991","GCTGATGCCTGTAATCCCAGCAATTTCGGACGCCGAGGGGGGAGGAACACTTGAGTCCAGGAGTTCAAGACCAGCCTGGGCAACATAGTGAGACCCCATCTCTACAAAACATCAAAAAGAAATTAGCCGGGAGCGGTGGTGGAGCGCGCCTGAGGTCCCAGCTACTCAGGAGGCTGAGAAGGGAGGCTCGCCTGAGCTCTGGAGGTGGAGGCTGCAGTGAGCTCAGATTGCACCACGGCACAGCAGCCTGGGCAACAGAGCCAGAGTCTGTCCCAAAAAAAAGAGAAA","CTCATGCCTGTGAGCCCAGCATTTTGGCAGGCCAAGGCAGGAGGATGACTTGAGGCCAGGAGTTTGAGACCAGCCTGGGCAACATAGTGAGACCCCATCTCAACAGAAAAATTTAAAACTAGCTGGGCGTGGTGGTGCACACCTGTGGTCCCAGCTACTTGGGAGGCTGAGGTGGGAGGATGGCTTGAGCCCAGAAGTTGGGGGCTGCAGTGAGCTAGGATCGTGCCACTGCACTCCAGCCTGGGCAACAAAGCTAGATCTTGTCTCAAAAACAAAAACAAA"
"chr1","1134568","1134772","chr6","48150339","48150546","46","47015771","CCAGCCTGGGCCACACAGTGAGACCCCATCTCTACGAAGAATAAAACATTAGCTGTGTGTGATGGCGGCGCCTGTGGTCCTGCTACTCGAGAGGCTGAGGTAGGAGGATCACTTAAGCCCAGGAGGTTTAGGCTGCAGTGAGCCAACATTGCACCACTGCACTCCATTCTTGGCGAGAGAATAAGACCTTGTCTCAAGAAAAAAA","CACCCTGGGCAACATAGTGAGACCCCATCTCTATAAAACATCAAAAAATTAGCCGGGCATGGCGGTACCTGCCTGTAATCCCAGCTACTCGGGAGGCTGAGGTGGGAGGATTGCTTGAGCCCAGGAGGTTGAGGTTGCAATGAGCCAAGATCGCACCGCTGTACTCCAGCCTGGGCGACAGAGCTAGACCCTGTCTCAAACAAAGAAA"
"chr1","1143611","1143900","chr20","129969057","129969357","41","128825446","GGCCGGGTATGGTGGTGGCTGATGCTTGTATTCCCAGCATTTGGGGAGGCCAAGTCAGTCAGATTATTTGAAGCCAGGGGTTCAGGAGTAGCCTGGAAAGCAAGGTGAGACCCCATCTCTACAAAAAATGAAAAAATTGGCCAGACCTAGTGGCACATGCCTGTAATGCCAGCTGCTTGGGAGGCTGAGGTGGGAGGGTCACTTGAGTCCAGGAGGCGGAGGCTGCAGTGAGCTGTGATTGTGCCACTGCACTCCAGCCTGGGTTATAGAGCAAGACCCTGTCTTAAAAA","GGCCAGGCATGGTGGTGGCTGACGTTTGTGTTCCCAGCATTTGGGGAGGTCAAGTCAGCCAGATTATTTGAAGCCAGGAGTTCAGGACCAGCCTGGAAAACAAGGGGAGACCCCATCTCTACAAAAAATAAAAATATTAGCCGGTCCTAATTGTGCATGCCTGTAATGCCAGCTGCTTTGGGAGGCTGAGGTGGGAGGATCACTTGAGTCCAGGAGCCAGAGGCTGCAGTGAGCTGTGATTGTGCCACTGCACTCCAGCCTAAGCAACAGAGCGAGACCCTGTCTTAAAAAATAAGAATAA"
"chr1","1148621","1148854","chr17","47779457","47779676","67","46630836","GAGGCGGGAGGATCTCTTGAGGCCAAGAGTTGGAGACCAGCCTGGGCATTATAGCAAGACTCGGTCTCTACAACAAATTTTTACCATTAGCGGGTGTGGTGGTGCACGCCTCTGGGGCTAATTAGGGCCTAGTAGGGTATGGCTACTGGACAGGCTGAGGCAGGAGGATCACTTGAGCCTGGGAGGTCGAGGCTGCAGTGAGCTACAATCACACCACTGCACTCCAGCCTGGGC","TGGAAGGCTGAGGTGAGAGGATCCCTTGAGGCCAGGAGTTTGAGACCTGTCTGGGCAACATAGCAAGACCTTGTCTCTACAAAAATAAATAAATTAGCTGGGTGTGATGGCTGTGCCTGTTGTCACAGCTGCTTGGGAGGCTAAGGCAGGAGGATTGCTTGAGCCCAGGAGTTCGAGGCTACAGTGAGCTATGATCATGCCAGTGCACTCCAGCCTGGGC"
"chr1","1202673","1202961","chr20","129969057","129969357","40","128766384","GTGGTGGCTGACGCTTGTATTCCCAGCATTTGGGGAGGCCAAGTCAGTCAGATTATTTGAAGCCAGGGGTTCAGGACCAGCCTGGAAAGCAAGGTGAGACCCCATCTCTACAAAAAATGAAAAAATTAGCTGGACCTGGTGGCGCATGCCTGAAATGCCAGCTGCTTGGGAGGCTGAGGTGGGAGGATCCCTTGAGTCTAGGAGGTGGAGGCTGCAGTGAGCTGTGATTGTGCCACTGCACTCCAGCCTGGATTACAGAGCAAGACCCTGTCTTAAAAACTAAGAATAA","GGCCAGGCATGGTGGTGGCTGACGTTTGTGTTCCCAGCATTTGGGGAGGTCAAGTCAGCCAGATTATTTGAAGCCAGGAGTTCAGGACCAGCCTGGAAAACAAGGGGAGACCCCATCTCTACAAAAAATAAAAATATTAGCCGGTCCTAATTGTGCATGCCTGTAATGCCAGCTGCTTTGGGAGGCTGAGGTGGGAGGATCACTTGAGTCCAGGAGCCAGAGGCTGCAGTGAGCTGTGATTGTGCCACTGCACTCCAGCCTAAGCAACAGAGCGAGACCCTGTCTTAAAAAATAAGAATAA"
"chr1","1229794","1230081","chr19","14862035","14862316","63","13632241","GGCCCGGCACAGTGGCTGACACCTGTAATCCCAGCACTCTGGGAGGCCAAGGCAGGCAGACTGCTTGAGCTCAGGAATCCAAGACCAGCCTGGGCAACAGGGCGAAACCTCATTTCTACTAAAAATAAAAAAATCAGGCCAGGTGGGGTGGCTCATGGCTGGAGTCCCAGCTACTCAGGAGGCTGAGGTGGGAGGATTGAGCCCAGGGACATAAGGCTACAGGGAGCTATGATGTTACCACTGAACTCCAGCATCAAAGACAGAGCGAGACCGTCTCGAAAAAATAAA","GCCAGGTGCAGTGGTTCACACCTGTAATCCCAGCACTTTGGGAGGCCAAGGCAGGTGGATTGCTTGAGGTCAGGAGTTCAAGACCAGCCTGGGCAACATGACGAAATCTCAACTCTACAAAAAATAAAAAATTTAGCCAGGTGTGGTGATATGTGAGTCCCAGCTATTTGGGAGGCTGAGGTGGGAGGATCACTTGGGCCCAGGAGGTTGAGGCTGCAGTGAACCATAGTCACATCACTGCACTCCACCCCAGGTGACAGAGCGAGACCTGTCTCAAAAAAA"
"chr1","1234761","1234891","chr23","75515535","75515664","26","74280774","GCTGAGAATAGTGGCTCACGCCTCTAATCCAAGTACTCTGGAAGGCCAGCGTGTGAGGATCACTTGAGGCCAGGAGTTCGAGACAAACCTGGATAACACAGCAAGACCCATATCTAAAAAAATAATAATAA","GCTGGGCACAGTAGCTCATGCCTATAATCCCAGGACTTTGAGAGGCCGAGGTGGGAGGATCACTTGAGGCCAGGATTTTGAGACCAGCCTGGGCAACATAGCAAGACCCACCTCTACAAAAAAATAAAAA"
"chr1","1253313","1253378","chr26","55087480","55087546","15","53834167","GGTCTGGCACATTGGCTCATGCTTGTAATCCCAACACTTTGGGAGGCCAATGTGAGAGAATCTCTG","GGCTGAGCCCAGTGGCTCATGCCTGTAATCACAGCACTTTGGGAGGCCCAAGTGGGAAGGCTGTTTG"
"chr1","1253665","1253737","chr20","84357428","84357499","19","83103763","GAGAGAATCTCTTGAGACCAGGAATTTGAGGCCAAACTGGTCAATATAGCTAGATCCCTCTCTATTTAAAAAA","GGGAGGATAACTTGAGGCCAGGAATTCAAGACCAGCCTGGGCAACATAGTGAGATCCTCTCTCTACAGAAAA"
"chr1","1255343","1255609","chr28","7973492","7973759","58","6718149","GGCTGGGCGTGGTGGCTCACACCTGTAGTCCCAACACCTTGGGAGGCTGAGGTGGGAGGATCACTTGAGCCCAGGAGTTCAAGATGAGCCCTGGAAACACAGCAAGACCTTGTCTCTAATGAAAATAAAAAACTAGCCAGGTAGAATGCTGCACGGTTGTATTCCCAGCTACTGGAGAGGCTGAGGTGGGTGGATCACTTGAGCTTGGGAGTTTGAGGCTGCAGTGAGCCATGATCCCACCACTGTACTCAAGCTTGGGCAATGAAG","GGCTGAGTCTGGTGGCTCACACCTGTAATCCCAGCTCCTTGGGAAGCTGAGGTGGGAAGATCACTTTAGGCCAAGAGTTCGAGATCAGCCTGGGCAACCTAGCAAGATCCTGTCTCTAAAAATAAAAATTAAAAAATTAGCCAGGTGTGGTGGTGCACACCTGTAGTCCCAGCTACTCGGGAAGTTGAGGTGGGAAGATCGCTTGTGCCGAGGAGTATGAGGCTGCAGTGAGCCATGTTCGTGCCACTGTACTCCAGCCTGGGTGACA"
"chr1","1282624","1282923","chr24","54654168","54654463","59","53371544","GGCCGGGCGCGGCAGCTCATGCCTGTAATTCCTGCACTTTGGGAGGCTGAGACAGGCAGATTGCTTGATGTCAGGAGTTGGAGACTAGTCTGGGCAGCACAGTGAGACCCCTGTCTCTACAAAATATACCAAAAAAAAAATTAGCTGGGTGTGGTGGCACGAGCCTGTAATCCCAGCTACTCAAGAGGCTGAGGAAGGAGAATTGCTTGGGCCCGGGAGGTCAAGGTTGCAGTGAGCCATGATTGCGCCTCTGTACTCCAACCTGGGCGACAGAGTGAGACCCTGTCTCAAAAATAATAA","GGCTGGGTGCAGTGGCTCATGCCTGTAATCCTAGCACTTTGGGAGGCCAAGGCAGCAGGATCACTTGAAGTCAGGAGTTTGAGACCAGCTTGGACAACACAGTGAGACCCCATCTGTACAAATTAAAATAAAAAAAAAATTAGCTGGATGTGGAGGGACACACCTGTAGTCCCAGCTACTCAGGAGGCTGAGGTGGGAAATTGCTTGAGCCCAGCAGGTCAAGGCTGCAGTGAGCTATGATCACACCACTGCACTCTAGCCTGGGCTACAGAGTGAGACCCCCATCTCTAAAAAAA"
"chr1","1329253","1329404","chr28","1372787","1372932","44","43534","CCACAAGAAGGATAAGTTGTAAGCCAGGCAAGGTGGCGAGCGCCTGTAGTCCCATATACTCCGCAAGCTGAGATGGGAGACCGATTGAGCCCAGGAGTTCCAGGCTGAAGTGCGCTTCTCAACAGCCACTGCACTGCAGCATGGGCGACAGA","AAAATGTAAAAGTCAGCCAGGCATGGTGGCTCACACCTGTAGTCCCAGCTACTAGAGAGGCCAAGATGGAAGGATCACTTGAGCCCAGGAGTTTGAGGCTGTAGTGAGCTATGATGTCACCACTGCACTCCAGCCTGGGTGACAGA"
"chr1","1334974","1335184","chr13","68655178","68655397","44","67320204","AGGAGTTCAAGACCAGCCTGGGCAACAAAGCGAGAGCCCAGCTCAACAAAAAAATAGCCAGGCATGGTGGCACGTGCCTGTGGTTCCAGCCACATGGGAGGCTGAGGTGGGAGGATCACTTGAGCCCAGGAAGTCGAGGCTGCAGTGAGCCAAGATCATGCCACTGTACTCCAGCCTGGGTGACAGAGCAAGACTGTCTCAAAAAAAAAAA","AGGAGTTCAAGATCACCCTGGGCAACATAGCAAGACCCCATCTCTTAAAAAAAATATTAGCAGGGCATAGTGGCACATACCATGGTAGTTGCAGCTACTTGGGAGGCTGAGGTGGGAGGGTCACTTGAGCCTGGGAGTTCTAGGCTGCAGTGAGACGTGGTCATGCCACTGCACTCCATCCTGGGTGATGGAGTGAGACCTCTTTGCAAAAATAAATAAA"
"chr1","1344204","1344349","chr19","19399024","19399169","28","18054820","GCCGGACACGGCGGCTGATGGCTGTAATCCCAGCACTTTAGGAGGCCAAGGCAGGAGGATCACTTGAGGTAAGGAGTTCAGGACCAGCATGAGCAACATAGTGAGACCCCATCTCTATAGAAAACATAAAAATGAGGCTGGGGGTG","GCCGGGCACGGTGGCTCACGCCTGTAATCCCAGCACTTTGGGAGGTCGAGGTCGGAGGATCACTTGAGGTCAGGAGTTTGAGACCAGCCTGTCCAACATAGTGACACCCAATCTCTAGAAGAAACTTAAAAATGAGCCAGGTGTGG"
"chr1","1378591","1378837","chr13","30389663","30389900","63","29011072","AGGCATGAGGGTTCCTTGAGCCCAGGAATTCAAGACCAGCCTGGGCAATACAGGGACACCTTGTTTCTACTGAAAAATGAGCCAGGTGTGGTGGCACACGCTACGCCTGTAGGTCCCAGCTACGTGGGAGGCTGAGGTGGGAAGATTACTTGTGCCCAGGAGTTCGACGTTGCAGTGAGCTATGATCGCTCCACTGCACTCCAGCCTGGGCAACAGAAGAAGACTCTCTCTCAAAACAACAACAAAA","GGTGGATCACTTGAGCCCAGGAGTTCGAGACCATCCTGGGCAACAAAGGGAGACTCCGTCTCTACAAAGAATTTAAAAATTTATGATGTCACATGCCTGTAGTCCCAGCTATTTGGGAGGCTGAGATGAGAGGACTGCTTCAGCCCAGGAGGTCAGGACTGCAGTGAGCTATGATCCTGCCACTGCACTCCAGCCTGGGCAACACAGCAAGACCCTGTCTCAAAAAAAAAAAAAAAAA"
"chr1","1433985","1434130","chr12","13330715","13330866","32","11896730","GGCCAGGTGTGGTGGCTCATGCCTGTAATCCCAGCACTTTGGGAGGCTGGAGAGAAAGGATCAGTTGAGGCCAGGGGTTCAAGACCACTCTGGGCAACATAGAACTCTTCTCTAGCAAAAAAAAAAAATTAGCCGGGCATGGTAGC","GGCCGGGTATGGTGGCTCATACCCGTAATTCCAGCACTTTGGGAGGCTTAGGTGGGAGGATAACTTGAGACCAGGAGTTCAAGACCAGCCTGGGCAACATAGTGAGACCTCCTCTCTACAAAAAATAAACAAAAGTAGCTGGGCGCAGTGGC"
"chr1","1440193","1440328","chr3","18801623","18801754","19","17361430","GGTCAGGCACAGTGGCTCACACTTGTAATCCCAGCACTTTGGGAGGCCGAAGCAGGGGAATCACTTGAAGCCAGGAATTGGAGACCAGCCTGGGCAACACAGCAAGACCCCATCTCTACAAAAACATTAATAAAAA","GGCCAGGCACAGTGGCTCACACCTGTAATCCCAGCACTTTGGGAGGCTGAGACAGGGGGATCACTTGAGGCCAGGAGTTCAAGACCAGCCTGGGCAACATGGTGAGACCCCATCTCTAAAAAACAAATGAAA"
"chr1","1440480","1440748","chr25","72764632","72764895","65","71324152","GGCTGGGTGCAGTGGCTCATGCCTGTAATCCCAGTGCTTTGGGAGGTCAACACAGGAGGGCCACCAGAGCCCAGGAGTTCAAGGTCAGCCCATTCAAGGTAGCGAGATCCTGTCTCTACAAAAAATTTAAAAATTAGCTGGACATAGTGGCTCATGCCTGTAGTCTCAGCTACGTGGGAGGATCCCTTGAGCCTGGGAGATTGAGGCTGCAGTAAGCTGTAATTGCACCACTGCACTCCAGCTTAGGTGACAGAGCAAGACCCTACCTC","GCCAGGAGAGGTGGCTCATGCCTGTAATCCCAGTGCTTTGGGATGCCAAGGTGGGAGGATCCTTTGAACCAGGAGTTCAAAACCAGCCTGGGCAATACAGTGAGATCCTGTCTCTACAAAAAGTTTAAAAATTAGCTGGGTGCAGTCCTAACTACTCCAGACGCTGAGGTTAGAGGATCACTTGAGCCCAGGAGATTAAGGCTGCAGTGAGCTATGATTGTACCACTGAACTCCAGCCTGGGTGACAGAGCAAGACCCTCTCTC"
"chr1","1443402","1443676","chr20","129773594","129773867","13","128330192","GTGGCTCACGTCTGTAAGATCAGCACTTTGGGAAGTGGAGGCAGGAGGATCTCTTGAGGCCAGGAGGTTGAGACCAGCGTGGACAACACAGTGAGACTCTATCTCTACAAAAAATTTTATAAATCAGCTAGGTGTGGTGGTGCAGGCCTGTAATCCCAGCTACTCAGGAGGCTGAGGTGGGAGGATCAATTGAGCCCAGGAATTTGAGGTTACAGTGAGCTATAATCATGCCACTATAAACACGCCTGGGGGACAGAGTGAGGCCCTGTTTCTAA","GTGGCTCACCTCTGTAAGATCAGTACTTTGGGAAGTGGAGGCAGGAGGATATCTTGAGGCCAGGAGTTTGAGACCAGCCTGGACAACACAGTGAGACTCTATCTCTACAAAAATTGTATAAATCAGCTAGGTGTGGTGGTGCAGGCCTGTAATCCCAGCTACTCAGGAGGCTGAGATGGGAGGATCAATTGAGCCCAGGAATTTGAGGTTACAGTGAGCTCTAATCATACCACTATAAACACACCTGGGGGACGCAGTGAGGCCCTGTTTCTAA"
"chr1","1470353","1470616","chr20","129743537","129743803","22","128273184","GCTGGACATGGTGGCTCATGCCTGTAACTGCAACACTCTGGGAGGCCAAGGTAGGAGGATAGCTTGGAGCCAGGGGTTCGAGACCAGCTGGGGCAACAAAGCTAGACCCCTTCTCTACAAAAAATGAAAAACAGCCGCTCACAGTGGCGCACAACTATGGTCCCAGCTCCTCGGGAGGTTGGCTCAAGCCTGGGTGGTTGAGGCTGCAGGGAGCTATGATTGCACCACTGCACTCCAGCCTGGGCGAAAGCGAGACCCTGTCTC","GCTGGACATGGTGGCTCATGCCTGTAATTACAACATTCTGGGAGTCCAAGGTAGGAGAATAGCTTGGAGCCAGGAGTTGGAGACCAGCTGGGGCAACAAAGCTTAGACCCCTTCTCTACAAAAAAGGAAAAACTTAGCCACGCACAGTGGCGCACACCTGTGGTCCCAGCTCCTCGGGAGGATGGCTCAAGCCTGGGTGGTTGAGGCTGCAGGGACGTATGATTGCACTACTGCACTCCAGGCTGGGTGAAAGTGAGACCCTGTCTC"
"chr1","1481516","1481810","chr20","129731879","129732172","30","128250363","GTGGTGGCTCACACCTATAATCTCAGCACTTCGGGAGGCTGAGGTGGAAGGATCACTTAGGGGCCAGGAGTTTGAGACCAGTGTCAGCAACAAAGGGAGACCCTGTCTCTAAAAAACCAAAAAATATTAGCCAGGCATGGTGGCACATGCCTGTGGCCTATGCCACTTGGGAGGCTGAGTAGGAAGGGTTGCTGGAGCCTAGGAGGTCGAGGCTGCAGTGAGATATGATCACACCACTGCACTCCAGCATGACTGACAGAGTGAGACCCTGTCTCAAAAAAAAAAAAAAAAAAAA","GTGGTGGCTCACACCTATAATCTCAGCACGCTGGGAAGCCAAAGTGGAAGAATCACTTAGGGGCCAGGAGTTTGAGACCAGTGTCAGCAACAAAGGGAGACCCTGTCTCTATAAAAAAAACAAAAAATATTAGCCAGGCATGGTGGCACATGCCTATGGTCTCAGCCACTTGGGAGGCTGAGTATGAAAGGTTGCTGGAGCCTAGGAGGTCGAGGCTGCAGTGAGATATGATCACACCACTGCATTCCAGTATGACTGATAAGAGTGAGACCCTGTCTCCAACAACAAAAAAAA"
"chr1","1500359","1500628","chr21","2648116","2648385","73","1147757","GGCTGGGTGTGGTGGCTCATGCAATAGATTAGAGTCTAGCGCTTTGGGAGGCCTTGGCAGGAGGATCACTTGAAGCCAAGAGTTTGAGACCAGCCCAGGCAACATAGCAAGGCCTCGTCTCTACCAAAAATTTCAAAAATAGCTGGGTGTGATGGGTGGAGTCTGCTTGTAGTCCTGGCTACTCTGGAGGCTAAGGTAGAAGGATGGCTTGAACTGCAGTGAGCTATGATCATGCCACTCACTCCACCCTGGGCAACAGTGTGAGACCCT","GGCCCAGTGCAGTGGCTCATGCCTGTAATCCCAGCACTTTGAGAGGCCGAGGCAGGAGGAGGGCTTGAAGCCAGGAGTTTGAGATCAGCCTGGGCAACATAGCAAGATCCTGTCTCTACAAAAAAATATAAAAATTAGCCAGGTGTGGTGGTGTGCACCTGTCATCCCATCTACTCAGGAGGCTGAGGTGAGAGGATTGCTTGAGCTCAGGTTACAGTGAGCGATGATCACACCACTTCACTCCAGCCTGGGTGACAAAGCAAGAACCTG"
"chr1","1506605","1506786","chr6","11897292","11897479","45","10390687","GGCTAGGTACTATGGCTAACACCTGTAATCCCAGCACTTTGGGAGGAGGATTGCTTGAAGCCAGTTGTTCGATACCATCCTGGGCAATAAAGTGAGACCCCTGTCTCTTCAAAAAAAAAAAAAAAAAAGATACCAGTCAGGCGCGGTGGCTCACACCTGTAATCCCAGCGACTTTGGGAGGC","GGCTGGGTGCAGTGGCTCACACCTGTAATCCCAGTGCTTTGGGAGGCCAAGGCAGGAGGACTGCTTGAGGCCACAAGTTTGAGATCAGCCTGGGCAACATAATGAGACCCCAGGACTACAAAAAAAAAAAAAAAAAAAATTCAGCCAGGTGGGATGGCTCATACCTGTAATCCCAGCATTTTGGGAGG"
"chr1","1525498","1525770","chr20","129689952","129690216","22","128164454","TTCAGGAGGTTGTGGCAGGAGGATTACTTGAGGCTGAGAGTTTGAAAACAGCCTGGGCAATGTAGCGAGACCAGACCCATCTCTGAAAATATAAAAGTTAGCCAGGTGTGATGGCACATGCCTTTAGTCCTGGCTGCTCAGGAGACTGAGATGGGAGGATACTTGAGCCCAGGAATTTGAGGCTGCAGTGAGCTATGATGGTGCCACTGCACTCTAGCCTGGGTCACAGAGCAAGATCGCCATCTCTTAAAGGAGAAGAAGAAGAAGAAGAAA","TTCAGGAGGTTGTGGCAGGAGGATCACTTGAGGCTGAGAGTTTGAAAACAGCCTGGGCTACGTAGCAAGACGCATCTCTGAAAATATAAAAATTAGCCAGGTGTGATGGCACATGCATTTAGTCCCAGCTACTCAGGAGACTGAGATGGGAGGATGCTTGAGCCCAGGAATTTGAGGCTGCAGTGAGCCATGATGGTGCCACTGCACTCTAGCCTGGGTCACAGAGCAAGAACCCCATCTCTTAAAAAAGGAGAAGAAGAAGAAA"
"chr1","1546294","1546427","chr2","7145498","7145630","18","5599204","GGCTGGGCATGGTGGCTCATGCCTGTAATCTTAGCACTTTGGGAGGCTGAGGCAGGAGAATCACTTGAGGCCAGGAGTTTGAGACCAGCCTGGGCAACACAGCTAGACCCTGTCTCTATTTTTAAAAAAATAAA","GGCCAGGTGCGGTGGCTCTTGCCTGTAATCTCAGCACTTTGAGAGGCTGAGGTGGGAGAGTCACTCGAGGCCAGGAGTTTGAGACAGCCTGGGCAACACAGTAGGACCCTGTCTCTAGTTTAAAAAAATGAAA"
"chr1","1548704","1549014","chr8","76026514","76026825","62","74477810","GGCTGGGCGTGGTAGCTCACACCTGTAATCCCAGTGCTTTGGGAGGGCGAGGCAGGAGGATCACTTGAGGCTGAGATTTTGAGACCAGCCTGGGCAACATAGTGAGACCCCATCTCTACAAAAAATTTGAAAATTAGCGAGGCATGGTGGTGCGTGCCTGTGGTCCCATCTACTGGGGAGGCTGAGGCAGGAGAATTGATGGAGCCTGGCAGGCTGAGATTGCAGTGAGCTATGGTTGCACCATGGCACTCCAGCCTGGGTGACAGAGTGAGGCCCTATGTCTTAAAAAACAACAACAACAAAAAAAAAAA","GGCTGGGCATGGTGGCTCAGGCCTATAATCCCAGAACTTTGGGAGGCCAAGGTGGGAGAATCACTTGAGTCCAGGATTTTGAGACCACCTTAGGCAACATAGTGAGACCCCATCTCTACAAAAAATAAAAAAATTAGCCAGGCACAGTGGCTTGTGCCTGTGGTCCCAGCTACTCTGGAGGCTGAGGTGGGAGGATTGCTTCAGCCCGAGGAGGTTGAGGCTGCTGTGAACTATGATCACACCACTGCACTCCAGCCTGGGTGACAAAGTGAGACCCTGTCTCCTCCACCACAAAAAAAAAAAAAAAAAAAA"
"chr1","1567223","1567514","chr20","129647727","129648014","33","128080504","GGCTGGGTGCCATGGTTCACGCCTACAATTCCAGCTCTTTAGGAGGCTGAGGCTGGAGCATTACTTCAGACCAGGAATTTGAGACTAACATAGTGAGTGAGACCCCATCTCTGCTAAAAATAAAAAAATTAGCCAGGCATGATGTCTCCTGCCTGAGGTACCAGCTACTCAGGAAGCTGAGGTGGGAGGATCGCTTGGGCAGGGGAGGTTGAGGCTGCAGTGAGCCATCATCGCGCCACTGCACTCAAACTTGGGTGACAGAGTGAGACCTTGTCTCAAAAACAAACAAAAA","GGCTGGGTGCCATGGTTCATGCCTATAATCCCAGCTCTTTAGGAGACTGAGGCCGGAGGATTGCTTCAGACCAGGAGTTTGAGACCAACATAGTGAGAATCCATCTCTGCTAAAAATAAAAAAGTTCGCCAGGCATGATATCTCGTGCTTGTGGTACCACCCGCTCAGGAGGCTGAGGTGGGAGGATGGCTTGGGCGGGGGAGGTTGAGGCTGCAGTGAGCCATCATCACGCCACAGCACTCAAACCTGGCTGATAGAGGGAGACCTTGTCTCAAAAACAAAGAAAAA"
"chr1","1609336","1609637","chr16","46883446","46883746","51","45274110","GCCGGGCACAGTGGCTCACGCCTGTCATCCCAGCACGTTGGGAGGCTGAAGCGGGAGGATCACTTGAGGCTATGAATTCAAGACCAGCTTGGGCAACATAGTGAGACCCCGTCTCTACAAAAAATATAAAAGTTAGCCAGGCATGGTGGCGTGTTCCTGTAGTCCTAGCCACACTCAGGAGGCTGAGGTGGGAGGATCGCTTGAACCCGGGAGGTGGAGGCTGCAGTGAGCCGTGATTGCACCCCTTGCATTCAAGCCTGGGTGACAGAGCAAGACCCTGTCTCAAAAAAAAAAAATTAAAA","GGCTGGGTACCGTGGCTCACGCCTGTAATCCCAGGACTTTGGGAGGCTGTGGCAGGAGGATCGCTTGAGCCCAGGAGTTCGAGACCAGCTTGGGTAACGTAGCGAGACCTCGTCTCTACAAAAAATATAAAAATTAGTCAGGCATGGTGGTGCACAGCTGTAGTCCCAGCTACTAAGGAGGCTGAGGTGGGAGGATTGCCTGAGCCCAGGAGCTGAAGACTGCAGTGAGCTGTGATTGCACCACTGTACTCCAGCCTGAGTGACAGAGCAAGAACCTGTCTACAAAAAAAAAAAAAAAAAA"
"chr1","1672789","1672922","chr21","77808756","77808889","20","76135967","GCAGGGCACAGTGGCTCATGCCTGTAATCCCAGCAACATGGGAGCCTGAGGTGGGAGGCTCTCTTGAGGCCAGGAGTTTGAGACCAGACTGGACAATATAGTGAGACCCCCATTTCTAGAAAAAAAAAAAAAGT","GGCTGGGCACAGTGGCTCACACCTGTAATCCCAGCAATTTGAGAGGCTGAGGTGGGAGGATCACTTGAGGCCAGGAGTTTGAGACCAGTTTGGGGAACAAAGTGAGACCCCCATCTCTACAAAAAATAAAAAAT"
"chr1","1673234","1673413","chr9","32575410","32575585","34","30902176","AAATGTAGCCAGGCGTGGTGGTGGGCACCTGTAGTCCCACCTATTCAGGAGGCTGCGGTGGGAGGATCACTTGAGCCCAAGAGGTCGAGGCTGCCGTGAGCTGTGATTGTGCCACTGCAGCCCAGCCTGGGCGACAGAGCAAGACCCTGACTCTAAAAGGGTTAAAAAAAAAAAAAAAAA","AAATTAGCAGGGTATGGTGAATCGTGCCTGTAGTGCCAGCTACTTGGGATGCTGAGGTGGGAGGATCACTTAAGCCCAGGAGTTTGAGGCTGCAATGAGCTGTGACTGTGCCACTGCACTCCAGCCTGGGCAACAGAGCAAGACCCTGTCTCTAAAATTAAAACAAAAAGAAAAAA"
"chr1","1695786","1696085","chr20","129541519","129541788","48","127845733","GGCTGGGCGCGGAGGCTCACGCCTGCAATCTCAGCACTTTGGGAGGCCACGGGGGAGGATCCCTTGAGGCCAGGAGTTTGAGACCAGCCTGGGAAACATAGTGAGACTCCATCTCTACAAAAAATAGAAAATTATCTGGGTGCAGTGACATGCCTCTGTGGTCCCAGCTCCTCCAGAAGCTGAGGTGCAAGGATCCCTTGAACCTGGGAGGTGGAGGCTACAGTGAGCTGAGATTGTGCCACTGCACTCCAGCCTGGGCCACAGAGCAAGACCTTGTCTCTTAAAAGAAAAAGAAGAAAA","GGAGGCTCACACCTGCAATCCCAGCACTTTGGGAGGCCAAGGGGGAGGATCCCTTGAGGCCAGCAGTTTGAGACCAGCCTGGAAAACATAGTGAGACCCCATCTCTACAAAAAATAGAAAATTATCTGGGTAGAGTGATGTGCCTCTGTGGTCCCAGTTCCTCCAGAAGCTGAGGTGGAAGGATCCCGTGAACCCAGGAGGTGGAGGCTACAGTGAGCTGAGATCATGCCACTGCACTCCAGCCTGGGCTACAGAGCAAGACCTTGTCTC"
"chr1","1715582","1715851","chr16","60861548","60861827","58","59145966","CCCAGCACTTTGGGAGGTTGAGGCGGGAGGATTTCTTGAGCTCAGGACTTCAACACCAGCCCAGGAGACATAAGGAAACCCCATCTCTGCAAAAGAAAAATAGCCAGGTGTGGTGGTGTGCACCTGTGGTCCCAGCTACTTGGGAGGCTGAGGTGGGAGGATTGCTTGAGCCCAGGAATTCAAGGCTGTAGTGAGCTGTGACTGCACCACTGCACTCAGCCTGGGCAATAGAATGAGACCTGTCTCAAAAAAAAATTAAAAATAAATAAA","TCCCTGCACATTGGGAGGCTGAGGCAGGAGGACTGCTTGAGGTCAGGAGTTTGAGACCACCTGGGCAATATGGTGAAACCTCGTCTCTACCAAAAATATAAAAATCAGTCAGGTGTGGTGGTGCTCACCTGTGGTCCCAGCTACTCAGGAAGCTGAGGTGGGAGGATTGCTTGAGCCAGGAGGTCAAGGCTGCAGTGAGCTGTGATCACCACTGCACTCCAGCCTGGGTCACAGAATGAGATACTATCTCAAAAGTTAAACAAGTAAATAAAACAAAAAA"
"chr1","1723332","1723644","chr20","129515789","129516104","26","127792457","GGCCGGGCGCGGTGGCTCACGCCTGCATTCCCAGCACTTGGGAAGACCGAGGCGGGCGGATCGCTTGAGGCCTGGAGTTGGAGACAAGCCTGGGCAACATGGTGAAACCCCGTCTCTACAACAAGTTTAAAAATTAGCTGGGCGCGGTGGTGTGTGCTTGTGGTCCCAGCGGCTCAGGAGGCTGAGGTGAGAGGATCACCTGAGCCCAGGAGGTGGAGGCTGCAGTGAGCTGAGATACGGCACGACTGCACTCTAGTCTGGGCGACAGAGTGAAGCCCAGCCTCTAAAAAAATAATAATAATAACTTAAAAAA","GGCCGGGCGCGGTGGCTCACGCCTGCAATCCCAGCACTTGGGAAGAGCGAGGCAGGCGGATCGCTGGAGGCCTGGAGTTTTAGAAAATCCTGGGCAACATGGTGAATCCCGTCTCTACAAAAAGCTTAAAAATTAGCTAGGTGCGGTGGTGTGTGCTTGTGGTCCCAGCTGCTCGGGAGGCTGAGGTGAGAGGACCACCTGAGCCCAGGAGGTGGAGGCTGCAGTGAGCTGAGATACGGCACCACTGCACTCCAGCCTGGGCAACAGAGCGAAGCCCAGCCTCTAAAAAAATAATAATAATAACTTAAAAAATAAA"
"chr1","1736524","1736651","chr14","65061149","65061271","20","63324625","GGCCAGGTGCGGTGGCTCACAACTGTAATCCCAGCACTTTGGGAGGTCGAGGTGGGAGGATCGCTTCAGCCTAGGAGTTCAAGACCAACCTGGGCAACATAGTGAGACCCCCTCTCTCCAAAACTTGG","GGCTGGGTGTGGTGGCTCACACCTGTAATCCCAGCACTGGGAGGCAAGGTGGGAGGATTGCTTGAGACTAGGAGTTCAAGACCAGCCTGGGCAACATAGTGAGACCTCCATCTCTACAAAAAA"
"chr1","1737241","1737419","chr22","30690394","30690578","46","28953153","CCAATTTTTTTTTTTTTTTTTATATTCAGACGTGGTGGTGCACCTGTAGTCCCAGTTACTCGGGAGGCTGAGGTGGGAGGATTCCTTGAGCACAGGAGGTAGAGGCTACAGTGAACTGTGATTATTCCACTGCACTCTAGCCTGAGTGATGGGGCGAAACCCTGTGTCAGATAAATAAA","TACAATTTTTTATTTTTTTTTTAATTAGCCAGACATGTGGTGTGTGATTGTAATCCAGGCTACTCAGGAGGCTGAGGAGGGAGGATCGCTTGAGCCCAGGAGTTCAAGGCTGCAGTGAGCTACGATCATGCTACTGCACTCCAGCCTGGGAGACAGAGCAAGACCCTGTCTCAAAAACAAACAAA"
"chr1","1763902","1764203","chr20","129475081","129475348","51","127711179","GCTGGGCGCAGTGGCTCACGCCTGTCATCCCAGCACTTCGCGAGGCCTAGCCGGGTGGATCGCCTGAGCTCAGGAGTTTTTGAGACCAGCCTGGGCAACATGGCAAAACCCCATCTCTACAAAAAAATGTAAAAATTAGCCTGGTGTAGTGGTGCACACCTGTCGTTCCAGCTCCTCGGGGAGGCTGAGGTGGGAGGATCGCCTGAGCCCAGGAGTTCGAGGCTGCAGTGAGCTGAGATTGTGCCACTTCACTCCAGCCTGGGTGACAGAGCGAGACCCTCTTAAAAAAAAAAAAAAAAAGA","GTCATCCCAGCATTTCAGGAGGCCTAGCCGGGTGGATCGCCTGAGCTTGGGAGTTTTAGACTAGCCTGGGCATGGCAAAACCCCATCTCTACAAAAAAATATAAAAATTAGCCCGGTGTCGTAGTGCACACCTGTCGTGCCAGCTCCTTGGGGAAGCTGAGGTGGGAGGATTGCCTGAGCCCAGGAGTTAAAGGTGCAGTGAGCTGAGATTGTGCCACTTCACTCCATCCTGGGTGACAGAGTGAGACCCTCTTAAAAAAAAAAAAGA"
"chr1","1781481","1781717","chr20","129456805","129457069","51","127675324","TCCCAGTACTCTGGGCGGGCGAAGTGGGACAATCACTTGGGGCATTCGAGACCAGCCTGGGTAACAAATCAAGACCGCCAACTCTACTAAAAATAAAAAATTAGCCAAGCGTGGTGGCGCGCCTGAAGTCCCAGCTAGTTGGGAGGCTGAGGTGGGAGGCTTGCTTGAGCCCGGCTGCAGCGAGCCGTGATTGTACCACTGTACTCCAGCCTGGGCGACAGAGCAAGACCCTGTCTC","GCCAGGCGCGGTGGCTCACACTTGTAATCCCAGCACTTTGGGAGGCCAAAGCAGAGAATCACTTGGGGCATTCGAGGCCAGCCTGGGTAACAAAGCAAGACCCCCATCTCTACTAAAAGCAAAATATTAGCCAAGTGTGGTGGTGCGCGCCTGAACTCCCAGCTAGTTGGGAGGCTGAGGTGGGAGGCTTGCTTGAGCCCAGCAGCAGTGAGCCGTGACTGTACCACTGTAGTCCAGCCTGGGCGACAGAGCAAGACCCTGTCTC"
"chr1","1829412","1829569","chr10","56792221","56792389","42","54962809","GGCAACACAGTAAGACCCTGCCTCTACAAAAAATAAAATTGCCGAGTGTGGCATGTATCTGTAGTCCCAGCTCTTCTGGAGGCTGAGGTGGGAGGATCGCTGGAGCTCCAGAGGTCGAGGCTGCAGTGAGCAGTAATCGCACCCCTGCACTCCAGCCT","CCATCCTGGGCAACATAGTAAGACCCTGTCTCTACAAAAAATAAAATATTAGCCCAGGAGTGGTGATGTGCACCTGTAGTCCTAACTACTTGAGAGGCTGAGGTGGAAGGATTGCTTGAGCCCAGGAGATTGAGGCTGCAGTGAGCTATAATCGCACTACTGCACTCCA"
"chr1","1870670","1870944","chr12","8032666","8032946","66","6161996","GGCCAGGCCCAGAAGCCCATGTAATTCTAGGACTTGGGGAGGTCCAGGCAGGCAGATTGCTTGAGCCCAGGAGTTTGAGACCAGCCTGGGCAACATGGCAAGACCTTGTCTCTATAAATAAAAAATTAGCTGGGCATGGTGGCATGTGCCTGTGGTCCCACCTACTTGGGTGGCTAAGGTGGGAGGATCACCTGAGCCCAGGGAGGTGGGGGCTGCAGTGAGCCAAGATCGTGCCACTGCACTCTAGACCCCAACTCAAAAAAAACAAAAAAAAA","GGCCGGGCGTGGTGGCTCACACCTATAATCCCAGCATTTTGGGAGGCCAAGGTGAGCAGATCACTTGAGGTCAGAGTTTGAGACCAGCCTGGGCAACAAAGTGAGACCCTGTCTCTACAAAAAATATAAGAATTAGCCGGGCGTGGTGGCAAAGACCTGTAGTCCCACCTACTCAGGAGGCTGCAGTGGGAGGCTCACTTGAGCCCAGGAGGTCAAGGCTGCAGTGAGCTGAGATTGTGCCACTGCACTCCAGCCTCACTCAAGAAAAAAAAAAAAAAGAA"
"chr1","1877161","1877268","chr20","129349054","129349164","11","127471893","GCACTTTGGGAGGCCAAGGCAGGAGGATTGCTTGAGGCCAGGAGTTTGACGAGACCAGCCTGGACAATATTATGAGACCCTATCTTTACAAAAAATAAAATTAGCTAG","GCACTTTGGGAGGCCAAGGCAGGAGGATTGCTTGAGGCCAGGAGTTTGATGAGACCATCCTGGACAATAGTGTAAGACCCTGTCTTTACAAAAATTAAAATTAGCCAGGAC"
"chr1","1896742","1896903","chr1","11937321","11937474","35","10040579","AAGTAGCTATGCATGATGGCATGCACCTGTGGTCCCAGCAACTCAGGAAGCTGAGGAAGGAGGATTGGTTGAGCCAAGGAGTCCGAGGCTGCAGTGAGCTAGGATAGCATCAGTGCACTTCAGCCAGGACAACAGAGTGAGACCCTGTCTCTAAAAAAGAGA","ACTAGCTGGACATGGTGGCATGCACCTGTAGTCCCAGCTACTCAGGAGGCTGAGGTGGGAGGATGGCTTTAACTCAGGCATTCCAGGCTGCAGGGAGCTAAGAAAGCACCACTGCACTCCAGCCCAGGAAACAGAGTGAGACCCTGTCTCTAAA"
"chr1","1901464","1901742","chr14","73712919","73713200","62","71811455","CCCGGCAAGGTGGCTCACGCCTGTAATCCCAGCACTTTGGGAGGATGAGGCAGGCGCATCGCTTGAGCCCAGGAGTTCAAGACTAGTCTGGGCGATAAAGTGAGACCCTGTCTACAAAAAATATTTTTTTTTTAATTAGCCCGGCATGGTGACCTGCCCCTGTGGTCTCAGCTACTTGAGAAGCTGAGGTGGGAAGATTGCTTGAGCCCAGAAGGTTGGGGCTGCAGGGAACCGTGCTTGAGCCACTGCACTCCATCCTGGGTGACAGGGACACACCCT","GCCAGGCACAGTGGCTCATGCCTGTAATTTCAGCACTTTGGGAGGCTGAGGCAGGAGGATCATTTGAGGCCAGGTGTTCAACACTAGCCTGAGCAACATAACAAGAGCTTGTCTCAAAAAAAAAAAAATTTTTTTTTAATTAGCTTGGCATGGTGGCATGCCCCTGTAGTTTCAGCTACTTGGGAGGCTGAGGCAGAAAGATTGCTTGAGCCCAGGAGTTCAAGGCTGCAATGAGCTATGATTGTGCTACTGCACTCCAGCCTGAGTAACAGGGCAAGACCC"
"chr1","1945914","1946223","chr2","75015931","75016235","69","73070017","GGCCAGGCACGGTGGCTCACACCTGTCATCCCAACACTTTGGGAGGCTGAAGCAGGAGGATCGCTTGAGCCCAGGAGTTCTAGACCAGCCCGGACAACATGGCGAGACCCCATCTCTACCCAAAAAATATAAAACGTTAGCCAGATGTAGTGGTGTGTGCCTGTAGTCTCAGCTACTCATGAGGCTGAGGTGGGAGGATCACTTGAACCAACAAGGTTGAGGCCGCAAGACTGTGCTGCTGCACTCCAGCCTGGGTGACAGAGCCAGAGCCAGACCCTGTCGAAAAAAGAAGAGGGAGAGAAGGAGAGAA","GACCAGACACAGTGGCTCACACTGGCAATCCCAGCACTTCGGGAGGCTGAGGTGGGAGGATCACTTGAGACCAGGAGTTCAAGACCAGCCAGGGCAACATAGTTGAGACCGACATCTCTACAAAACATAAAAAATTAGCTGGATGTGGTGGCATGTGCCTGTAGTCCCAGCTACTCAGGAGGTTGAGGTGGGAGGATCACTTGAGCCCAGAAGATTGAGGCTGCAGTGAGCTCTGACACCACTGTACTCCAGCCTGGGTGACAAGGCTAGCTAGACTCTGTCTCAAAAATAAGTAAATAAATAAA"
"chr1","2001669","2001975","chr6","8576273","8576538","95","6574604","GTGATCCCAGCACTTTGGGAGGCGGAGGTGGAAGGATTCTCCTGAGCCCAGGAGTTTGAGACCAACCTGGGCAACATAGTGAGACCTCCTCTCTAAAAATTTTTTTAATTATCTGGGCATGGTGGCACACTCCTGTGGTCCCATGGGCATGGTGGCCCACTCCACACTCCTGTGGTCCCAGCTCCTTGGAAGGCTAAGGTGAGGGGATTGCTTGCTCGAGCCCAGGAGTTGGAGGCCTCAGTGAGCCGTGATTATGCCGCTGCACTCTAGCCTGGGTCACAGAGCCAGACTCTACCTAGAGAAAGAA","TAATCTCAGCACTTTGGGAGGCCAATGTGGGAGGATCGCTTGAGGCCAGGAGTTTTGAGACCAGCCTGGGCAATATAGCTAGACTCCATATCTACAAAAACTTTAAAAGTACCCAGGCATGGTGGCACATGCCTGTGCTCCCCTCTACTTGGGTGACTGAGGTGGGAGCATCCCTTGAGCCCAGGAGGTTGAGGCTGCAGTGAGCTGTGATCATGCCACTGCACTCCTGCCTGGGCAACAAAGCAAGACACTGTCTCAAAAAAAAA"
"chr1","2041392","2041712","chr1","112237991","112238302","62","110196599","GCCAGGCGTGGTGGCTCACACCTGTAATCCCAGCACTTTGGGAGGCCCAGGTGGGCAGATTGCTTGAGACCAGGAGTTAAAGAGCAGCCTGGGCAACAGAGTGAGACCTCATCTCTAAAAGAAAAAAAAATTTTTTTTAAATTAACCAGGCGTGGTGGTGTGCACCTATAGTCCCAGCTACTCAGGAGGCTGAGGCAGGAGGATTACTTGAGCCCAGGAGGTCAAGGCTGCAGTAAGCTATGATTTCACTACTGTACTTCAGCCTGGGTGACAGACTGAGACCTTGTCTCAAAAAAAAAAAAATCAGTTAGAAAAAAAAAA","GGCTGGGCGTGGTGGCTCATGCCTGTAAATCCCATCACTTTGGGAGGCTGAAGTGGGAGGATTGCTTGAGGCCAGGAGTTTAAGACCAGCCTGGGCAATGTAGTGGGACCTCATCTCTACAAAAAATAAAAAATTAGCCAAGAATGGTGGCATGCACCTGTAGTCCCAGCTACTCGGGAGGCTGAGGCAGGAGGATTGCTTGAGCCCAGGGGTTCAAGGCTGCAATGAGCTGTGATTGCTCCACTGCACTCCAGCCTGGGTGACAAAGTGAGACACTGTCTCAAAAAAACAAACAAACACACAAAAACAAAA"
"chr1","2090866","2090909","chr20","129140172","129140216","5","127049306","AGAACAGCAGGGACAACAGAGCAAGATCCCATCTCTTTAAAAAA","AGAACAACCAGGACAACATAGCAAGATCCCATCTCTTTAAAAAAA"
"chr1","2091491","2091535","chr20","129139546","129139590","4","127048055","TGGGAGGCCAGGATGGGAGCACCACTTGAAGACAGGGTTTGAGGC","TGGGGGGCCAGGGTGGGAGCACCTCTTGAAGACAGGGTTTGAGGT"
"chr1","2275202","2275487","chr20","128941874","128942162","26","126666672","CTCATGCCTGAATTCCCAGCAACTCTGGAGGCTGAGGCTGACCACTTCAGCCCAGGAGTTCCAGACCAGCCTGGGCAACACAGCGAGACCCTGTTCTAAAATAAATTTTTTAAAAAGGCATTTGGGAGAGGTGACACACATCTGTGATCCCAGCTACTCAGGAGGCTGAAGTGGGAGGATTGCTTAAGCCCAGGAGTTCAAGGCTGCAGTGAGCTGTGATCACACCACTGCACTCCAGCCTGGGCAACAGAGTGAGACCCTGTCTCTAAAAATAAATAAGTGAAAA","CTCATGCCTGAATTCCCAGCAACTCTGGAGGCCGAGGTGGGCCACCTGAGCCCAGGAGTTCCAGACCAGCCTGGGCAACACAGAGAGACCCTGTCTCTACAAATCAATGTTTTTTGAAAAGCATTCAGGCGAGGTGGCACACATCTGTGATCCCAGCTACTCAGGAGGCTGAGGTGGGAGGATCGTTTAAGCCCAGAAGTTCAAGGCTGCAGTGAGCTGTGATCACACCGCTACACTCCAGCCTGGGCCACAGAGTGAGACCCTGTCTCCAAAAATAAATAAGTGAAAA"
"chr1","2285941","2286239","chr12","40601683","40601983","44","38315742","GCCAGGCGTGATGGCTCACACCTATAATCCCAGCACTTTGGGAGGCTGAGGCGGGAGGACTGCTTGAGCCCAGGAGTTTGAGACCAGCCTGGGCAACACAGAGAGACCCATCTTTACAAAAAATAGAAAAACCTAGCCAGGTGTGGTGGCATGTGCCTGTGGTTCCAGCTACTTGGGAGGCTGAGGTGGGAGGATCACTTGAGCCCAGGAGGTTGAGGCTGCAGTGAGCTGTGATTGCACCACTGCCCTCCAGCCTGAGTGACAGAGTGAGACCCTGTCTCAAAAACAAACAAACAAAA","GGCTGGGCGCGGTGGCTCATGCCTGTAATCCCAGCACTTTGGGAGGCCAAGGCAGGAGGATTGCTTGAGCCCAGGAATTTGAGACCAGCCTGGGAAGCATAGGAAGACCCTATCTCTACAAAAAATTTAAAAAGTAGCTAGGTGTGGTGGCGCACGCCTGTAGTCCCAGCTACTTGGGAGGCTGAGGTGGGAAGATCACTTGAGCCCAAGAGGTTGAGGCTGCAATGAGCTGTGATCGTACCACTGCACTCTAGCCTGGCTGACAGAGTGAGACCCTGTCTCAAAAAAAAAAAAAAAAAAA"
"chr1","2312710","2312996","chr20","128906554","128906840","26","126593844","GGCCAGGTGTGGTAGCTCACACCTGTAATCCCAGTACTTTGGGAGGCCAAGGTGGGAGGATGGCTTGAGACCAGAAGTTCCATACCAGCCCAGGCAATATATCAAGACCCCATTTGTACAAAAAGATTTTAAAATGAGCTCGGTGTGGTGGCATGTGCCTGTGGTCCCAGCTACTCCGGAGGCAGAAGTGGGAGGATCACTTCAGCCCAGGAGTTCAAGGTTGCAGTGAACCAAGATCATGCCACTGCACTCCAGCCTGGGCAACAGACAGGGACCCTGTCTCAAAA","GGCTTGGTGTGGTGGCTCACACCTGTAATCCCAGCACTTTGGGAGGCCAAGGTGGGAGGATTGCTTGAGACCAGGAGTTTGATACCAGCCTAAGCAATATATCAAGACCCCATTTCTACAAAAAGTTTTTAAAATTAGCTGGGTATGGTGGCATGCACCTGTGGTCCCAGCTACTCAGGAGGCAGAAGTGGGAGGATCACTTAAACCCAGGAGTTCAAGGTGGCAGTGAACCAAGATCACACCACTGCACTCCAGTCTGGGCAACAGAGAGAGACCCTGTCTCAAAA"
"chr1","2514059","2514179","chr20","128867072","128867203","20","126353013","GGCCAGGCACAGCGGCTCACACCTGTAATCTCAGCACTTTGGGAGGCCGAGGCAGGAGGATAGCTTGAGGAGGACAGCCTGGGCAACACAGGGAGCCTCCATCTCTACAAAGAAAAGAAAA","GGCCAGGCGCGGTGGTTCACACCTGTAATCTCAGCACTTTGGGAGGCCAAGGTAGGAGGACAGCTTGAGGTCAGAAGGTGGAGACCAGCCTGGGCAACATAGGGAGACTCCATCTCTACAAAGAAAAGAAAA"
"chr1","2554409","2554658","chr20","122183408","122183655","57","119628999","GATGGCTCACGCCTGTAGTCCCAGCACTTTGGGAGGCTGAGGTAGAAGGATTGCTTGAGCCCAGGAGTTTGAGACCAGCCTGGGCAATGCAATGAGACCCCATCTCTACAAAAATTAGCTGACTGTGGTGGTGCACACTTGTCTCAGCTACTCAGGTAGCTGTGGTGGGAGGATCGCTTGAGCCTGGGAGTTCAAGGCTGCAGTGAGCCAAAATCAAACCACCGCACTCCAGACTGGGTGACAGAGCAAG","GTAGCTCACACCTGTAATCCCAGCACTTTGGGAGGCTGAGGAAGGAGAACTGCTTGAGGCCAGGAGTTCAAGGCCAGCCTGGGCAACATAGGGAGACCCTCTCTTTACAAAAAATTAGTTGAGCATGCACCTGTAGTCCCAGCTACTTGGAAGGCTGAGGTGGGAGGATCCCTTGAGCCCAGGAGGTTGAGGCTGCAGTGAGCCATGGGATCATGCCACCGTACCCCAATCTGGATGACAGAGCAAGA"
"chr1","2561899","2562030","chr24","72622785","72622908","30","70060886","GGCCAGGTGAGGTGGCTTACCCAGCATTTTTGGAGGCTGAGGAGGGAGGATAACTTGAGACTAGGAGTTTGAGACTAGCCTGGGCAACACAGGGAGATCCTGTCTCTACAAAAAATAAAAAAATTAGCCAGG","GGCCAAGTGCAGTGGCTCCGCCCTTTGGGAGCCTGAGATGGGAGGATTGCTTGAGGCCAGGAGTTTGAGACCAGCCTGTGCAACACAGTGAAACTCCATCTCTACAAAAAAGAAAAAGTTAGCC"
"chr1","2644806","2645075","chr15","51635083","51635359","64","48990277","CTGGGCGCGGTGGCTCACACTTGTAATCTTTGGGAGGTTGAGGTGAGAGGACTGCTTGAGCTCAGGAATCCTGGGCAACATAGTGAGACCTCATCTCTACCAAAAATCAGTAAGATTAGCTGAGCATGGTGCCATGTGCCTGTAGTCCCAGCTACTCAGGAGGCTGAAGTGGGAGGATCACTTGAGCCCAGGAGATTGAGGCTGCTGTGAGCCATATTGTGCCACTGCCAGTCTGGGCGACAGAGCGAGACCCTGTCCCAGGAAGAAAAA","CAGGCACAGTGGCTCATATCTGTAATCCCAGCACTTTGGGAGGCTGAGGCAGGAGGAGTACAGGAGTTTGAGATCAGCCTGGGCAACATAGTGAGACCTCGTCTCTACAAAAAATAAACAAAATTAGCTAGCATAGTGCCACACACCTGTAGTCCCAGCTACTCAGGAGGCTGAGGTGGGAGGATTGCTTGAGCCCAGGAGGTTGAGGCTGCAGTGAGCCAAGATCATACCACTGCACTCCAGCCTGGGCAACAGAGAAAGACCCTGTCAGAAAAAA"
"chr1","2949834","2950117","chr20","128441286","128441569","10","125491452","GCTGGGCATGGTGGCTCACATCTATAATCACAGAACTTTGGGAGGATTGCTGGAGTCCAGGAGTCCCAGCCTGGGCAACATAGTGAGACCCCATCTCTACAAAAAATAAAACAAATTAGCCGGGATGGTGGTGTGCCTGTTGTCCCAGCTACTCAGGAGGCTGAGTTGAGAGGATCGCTTGAGCTCAGGAGGCTGAGGCTGCAGTGAGCCATGATTGCACCACTGCACTCCAGCCTGGGTGAGACACCCTGTTTCAAAAAAAAAAAACAGAAAAAGAAGAAGAA","GCTGGGCATGGTGGCTCACACCTATAATCCCAGAACTTTGGGAGGATTGCTGGAGTCCAGGAGTCCCAGCCTGGGCAACAGAGTGAGACCCCATCTCTACAAAAAGTAAAACAAATTAGCCAGGGTGGTGGTGTGCCTGTTGTCCCAGCTGCTCAGGAGGCTGAGTTGAGAGGATCGCTTGAGCTCAGGAGGCTGAGGCTGCAGTGAGCCATGATTGCACCACTGCACTCCAGCCTGGGTGAGACACCCTGTTTCAAAAAAAAAAAAAGAAGAAGAAGAAGAAA"
"chr1","3010217","3010529","chr20","128384685","128384995","35","125374468","GGCTGGGCACAGTGGCTCATACCTGTAATCCCAACACTTTGGGAGGATAAAGAGGACAGATTGCTTGAGTCCAGGAGTTTGAGACCCACCTGGGAAACCTAGCAAGACCCTGTCTCTACAAAAAAATTAAAAATTAGCTGGATGTGATGGCATGTACCTGTAGTCTTAGCTACTCAGGAGGCTGAGGTTGGAGGATCGCTTGAGCTCTGGAGGTCAAGGCTGCAGTGAGCTGTGATATTGCACCACTGCCCTCCAGCCTGGGCAACAGAGCAAGATCCCATCTCAAAAAAAAAAAGAAAAAAAAAGGAAGGAA","GGCCGGGCACAGTGGCTCATGCCAGTAATCCCAACACTTTGGGAGGATAAGGAGGGCAGATTGCTTGAGTCCAGGAGTTTGAGACCAGCCTGGGAAACCTAGCGAGGCCTTGTCTCTACAAAAAAAATTAAAAATCAGCTGGATGTGATGGCATGTACCTGTAGTCCCAGCTACTCGGGAGGCTGAGGTTGGAGGATCGCCTGGAGGTCAAGGCTGCAGAGAGCTGTAATATTGTACCACTGCACTCCAGCCTGGGCAACAGAGCAAGACCCCATCTCAAAAAAAAAAAAAAAAAGAGGGAAGAAAGAAAA"
"chr1","3053564","3053831","chr21","25828221","25828494","65","22774657","GGCTGAGTGTGGTGGCTCATGCTGGTGATCCCAGTGCTCTGGGAGGCTGAGCTGGGAGGATCACTTGTGGCCAGGAGTTCTAGACCAGCCTGGACAACATAACAAGACTCCCTCTCTACAAAAACATTAAACAATTAGTCGGTTGTGATGGTGCACCGTCATAGTCCTAGCTACTTGCAAGGCTAAGGTGGGAAGATGGTTTGAGCCCAGGATCACGTCACTGCCCTCCAGCCTGGATAACAGAGCAAGATCTCATCTAAAAAAAAAA","GGCTGACTGCAGTGGCTCATACCTGTAATCCCAGCACTTTGGGAGGCTGAGGTGGGAGGATTGCTTGAGTCCAGGACTTCAAGACCAGCCTGGGCAACATAGTGAGACCCCATCTCTACAAAAAAATGTGAAAAGTCAGTAGGCATGGTGGTGTGTGCCTGTAGTCCCAGCTACTGAAAAGGCTGAAGTGGGAGGATTGTTTGAGCCCAGGAAGTCAAGGCTCACTGCGCTCCAGCCTGGGTGACAGAGCAAGGGTCTTAAAAACAGAAAGAAA"
"chr1","3115855","3116166","chr20","128279020","128279340","44","125163165","GTGGTGGCTCACACCTATAATCCCAACACTTTGGGCGGCCCAGGCAGGAAGATCACCTGAGGCCAGGAGTTCAAGACCAGCCTGAGCAATGTAGCAAGACCCCATTTCTACCAAAAAAAAAAAAATTTTTTTTTTAACTAGCCAACCACGGTAGTGTGTGCCTGTGGTCCCAGCTACTCAGGGGGCTAAGGGCGAGAGGATGTCCTGAGCCCAGGAATTCGAGGCTGCAGTAAGCCAACATCACACCACTGCACTCCAGCCTGGGCAACAGAGCAAGACTCTGTAAAGAAATAAAAATAAATAAGAGAAAGA","GGCCGGGGGTGGCTCATGCCTGTAATCTCAGCACTTTGGGCAGCCCAGGCAGGAGGATCACCTGAGGCCAGGAGTTTAAGACCAGCCTAAGCAACATAGTAAGACCCCATGTCTACCGGAAAAAAAAAAAAAAAAGTTGTTTAATTAGCCAACCATGTGAGCGTGTGCCTGTGGTCCCAGCTACTCAGGGGGCTAAGGGAGGGAGGATGTCCTGAACCCAGGAATTCAAGGCTGCAGTAAGCCAAGATCACACTACTGCAGTCCAGCCTGGGCAACAGAGCAAGACTCTGTCTGTAAAGAAATAAAAATAAATAAGAGAGA"
"chr1","3159514","3159771","chr5","10593486","10593744","58","7433972","GCAGGGCGTGGTGCCGCATGCCTGTAATCCCAGCATTTGGGAAGGCTGAGATGGTGAGTTGCTTGAGTCCAGGAGTTCAAGACCAGCCTGGGCAATGTGGTGAAACCCCATCTCTACAAAAAATACAAAAAATTAGCTAGGCGAGCTACTCAGGAGACTGTGGTGGGAGGATCACTTGAGCCCAGGATTTGGAGGCTGCAGTGAGCTGAGCTCGCACCACTGCACTCCAGCCTGGGCAACAGAGCCAGACCCTGTCTC","GCTGGGTATGGTGGCTTGTGCCTGTAATCCCAACACTTTGGGAGGCTGAGGTGGGAGGACTGCTTGAGACCAGGAGTTCAAGACCAACCTGGGCAACATAGTGAGACCCTGTCTCTACAAAAAGCAGAAAAAAAATTAGCCTCCCACCTACTTAGGAGGCTGATGTGAGAGGATTGCTTGAGCCAAGGAGGTAGAGACTGCAGTGAGCCATGAGTGTACCACTGTACTCCAGCCTAGGTGACAGAGTGAGATCCTGTCT"
"chr1","3261960","3262253","chr20","128131425","128131711","36","124869465","GCGTGGCGGCTCACGCCCATAATCCCAGCACTCTGGGAGGCCCAGGCCGGAGGATCTATTGAGGCCAGGACTTTGAGACCAGCCTGGGCAACATATGAGATCCCGTCTCTACAAAAAATAACAAATTAGCTAGGTGTGGTGGCACACGCCTGTCATCCCAGCTACTCGGAGGCTAAGGCAGGAGGATCGACGGCCTGAGCCCGGGAGTTCAAGGCTGCAGTACGGTATGGTCACACCACTGCACTCCAGCCTGGGTAGCAAAGCAAGATCCTGTCTCTAAAAAAAGAAAAGAAA","GGCTCACGCCTGTAATCCCAGCACTCTGGGAGGCTCTGGCCGGAGGATCTGTTGAGGCCAGGACTTTGAGACCAGCCTGGTCTCTGACATATGAGATCCTGTCTCTACAAAAAATTAAAAATTAGCCAGGTGCGGTGGCGTATGCCTGTCATCCCAGCTACTCGGAGGCTAAGGCAGGAGGATCGATGGCCTCAGCCCAGTTCAAGGCTGCCGTGAGATACGGTCACACCGCTGCACTCCAGCCTGGGTAGCAAAGCAAGATCCTGTCTCTAAAAAAAGAAAAGAAA"
"chr1","3372979","3373141","chr13","65603250","65603407","28","62230271","AATTAGCTGTGTGTGGTGGTGCCCACCTGTCTCCCAGCTACTCGGGAGGCTGAGGTGGGAGGATCCCTTGAAGCCTAGGAGTTGAGGCTGCGATGAACTACGATGGTGCCACTGCACTCTAGCCTGGGTGACAGAGTGAGACCCTGTCTCAAAAAAAAAAGAA","AGCTGGGTGTGGTGGTGCACACCTGTAGTCCCAGCGACTCAGGAGGTTGAGGCGGGAGACTCATTTGAGCCCAGGAGGTTGAGGCTGCAGTGAACTATAATGGTACCACTGCACTCCAGCCTGGGTGACAGAGTGAGACCCTGTCTCAAAAAAAGAAA"
"chr1","3388452","3388771","chr5","12204008","12204319","70","8815556","GGCTGGGTGCAGTGGTTCATAACTGTAATCCCAACACTTTAGGAGGCCAAGGAGGGAGGATTACTTGAGCCCAAGGGTTTGAGACCAGCCTGGGCAACATAGGGAGACCTCAGCTCTCCAAAAACTTAAAAAAATATTAGCTGGGCATGAGGGCATGATGGCATGTGCCTGCGGTCCAAACCACTCAGGGTGCTGAGGTGGGAGAATCACTTGAGCCCAGGGGCTCGAGGCTGCATTGAGCCATGATTGCACCACTGCACTCCAGTCTGGGCAACAGAGCTAGACCCCAACTCTAAAAAAAAAAAAGGGAAGGAAGGAAA","GGCTGGGTGCGGTGGCTCATGTCTGTAATTCCAGCACTCTGGGAGGCAGAGGCGGGAGGATCGCTTGAGCCCAGGAGTTTGAGACCAGTCTGGGCAACAGAGCAAGACCCCACCTCTACAAAAAATTTAAAAATTAGCTGGACATGGTGGCATGTGTCTGCAGGCCCAGCTACTCAGGAGGCTAGGGTGGGAGGATCACTTGAGCCCAAGAAGTAGAGGCTGCAGTGAGGTATGATTGCACCACTGCACTCCAGCCTGGGCAACAGAGGAAGACCCTGTCTCTAAAAAAAAAAAAAAAAAAAAAAGACAAAA"
"chr1","3478277","3478585","chr15","1989051","1989355","55","1489226","GGCCAGGCACGGTGGCTCACACCTGTATTCCCAACACTTCGGGAGGCCAAGGCAGGCAGATTGCTGGAGCCCAGGAGTTCAAGACCAGCCTGGACAGCATAGTGAGACCGTCTCTACAAAAAGCTTTTAAAATTAGCCAGGTATGGTGGCACATGCCTGTGGTCCCAGCTACTCAGGAGGCTGCGGTGGGATGACGACAGCTTGAGCCTGGGAGGCCAAGGCTGCAGTGAGCTGTTATCACCCCACTGCACTCCAGACTGGATGACAGAGAAAGACCCTGTCTCAGGAAAAAAAAAAAAAAAAAAAAAA","GGCCAGGTGTGGCAGCTCACACCTATAATTCCAGCACTTTGGGAGGCCAAGGCAAGAGGATTGCTTGAGCCCATGAATTCAAGACCAACTTGGTCAACACAGTGAGACCTAACCTCTACAAAAAATTAAACAATTAGCTAGGCATGGTGGCACATGCCTATGGTTCCAGCTACACAGGAGGCTGAGGTGGGAGGATTACTTGAGCCCAGGAGGTCAAGACTGCAGTGAGCTGTGATCACACCACTGCACTCCAGCCTGGGTGACAAAGCGAGACCCTGTCTCAAAAAAAAAAAAAAAAAAAAAAA"
"chr1","3482957","3483068","chr16","918831","918952","18","2564126","GGGCAGGCATGGTGACTCACGCCTGTAATCCCAACACTTTCGGACGATCGCTTGAAGCCAGGAGTTCAAGACCAGCCTGGGCAACATAGCAAGACCCTGTCTCCATTAAAAA","GGGCAAGCATGGTGATCCACGCCTGTAATCCCAACACTTTGGGAGGATCGCTTGAAGCCAGGAGTTCAAGACCAGCCCAGGCAACATAGCAAGACCCTGTCTCTATTAAAAAAAGATTAAAA"
"chr1","3521626","3521846","chr9","61341096","61341321","47","57819470","GCCTGGGCAACGTGGTGAGAACCCACCTCTACTATACATATATATACAAAAATTAGCTGGGGGTGGTGGCTTGCGCCTGTAGTCCCAGCTACTCAGGAGACTGATGTGGGAAGATGGCTTGAGCCCTGGAGTTGGAGACTGCAGTGAGTCATGGTAGCACCACTGCACTCCAGCCTGGGCAACAGAGTGAGACCCTGTCTCTGGAATTTAAATAAAAAAAA","AGTCTGGGCAACATAGTGAGACCCTCATCTCTACAAAAACATTTTTCAAAATTTAGCTGAGTGTGGTGGCACTCGCCTGTAGTCCCAGCTACTCCGGAGGCTGAGGTGGGAAGTTTGCTTGAGCCCAGGAGTCTGAGGCGGCAGTGAGCTATGATCGCACCACTGCACTCCAGCCTGGGCAACAGAGTGAGACCCTGCCTTAAAAGAAAAAAAAAAAGAAGAAGAA"
"chr1","3575718","3576020","chr5","17238458","17238768","74","13662740","GGCTGGGCGCGGTGGCTCACGCCTGTAATCCCAGCACTTTCAGAAACCGAGGTGGGAGAATCACTTAAGGGCAGGAGTTTGAGACCAACCTGGCAACCAAGACCCCATCTCTAAAAAAAAAAAGCAAGACCCCCATCTCTAAAAAAAAAATAATAATTAGCTGCACATGGGGGTGCACACCTGAAGTCCCAGTTACTTGGGAGGCTGAGGTAGGGGGATCACTTGAGCCCAGGAGTTCAGGGTTGCAGTGAGCCATGATTGCCACTGCACTCCAACCTGGGCAACAGAGTGAGACCCTGTCTC","GGCTGGGTACAGTGGCTCATACCTGTAATCCCATCACTTTGGGAGACCGAGGCGGGAGGGTCACTTGGGGCCAGGAATTCAAGACCAACCTGGGCAACATAGCAAAAACCCATCTCCAAAAAAACAAAACAAAACAAAAACAAAAAACAAAAAACAAACACACTAGTCAGGTGGGATGGTGTGTGCCTATAGTCCCAGCTACTGGAGAGGCTGAGGCAGGAGGATTACTTGAACCCAGGGGTTTGAGGCTGCAGTGAGCCATCATTACACCACTGCACTCCAGCCTCGGCAACAGAATGAGACCCTGTCTC"
"chr1","3609166","3609465","chr19","19076907","19077211","57","15467741","GTGATAGCTCACACCTGTAATCCCAGCTACTTGGGAAGCTGAGGTAGGAGGACCACTCGAGCCCAGGAGTTCAAGACCAGCCTGGGCAACACAGCGAGATCCCATCTTTAAAAAAATTTTTAAAAAATTAGCCAGGTGTGGTGGTGTGCACCTGTAGTCCCAGCTATGTGGGAGGCTGAGGTGAGAGGATCGCTTGATCCCAGGAGTTTGAGGCTGCAGTGAGCTATGACTGCACCACTGCACTCCACCTGGGTGACAGAGTGAGACCGTGTCTCTGAAAAAATAATAATAATAAAATAA","GTGCAGTGGCTCACGTATGTAATCCTAGCACTTTGGGAGGTCGAGGTAGGAGGATCACTCGAACCCAGGTGTTCGAGGCCAGCCTGGGTAACATAGCAAGATTCCATCTCTACCAAAAAATTTTAAAATCAGCCAGGTGTGGTGGCGTGCACCTATAGTCCCAGTTACTTGGGAGGCTGAGGTGGGAGGATCACTTGAGCCCAGGAGGTTGAGGCTGCAATAATCTATGACTGTGCCACTGCACTCCGGCCTGGGCAAAAGAGTGAGACCCTGTCTCTTTAAAAAAAAAAAAAAAAAAAAAAAAA"
"chr1","3696387","3696502","chr9","28340840","28340954","25","24644453","CCAACCTGGGCAACATGGTGAGTCCCCGTCTCTATCAAAAAAAAAAAAAAAAAAAGCCAGATGTGGTGGTGCACGCCTGTGGTCCCAGCTACTTGGGAGGCTGAGGTGGGAGGATC","CCAGCCAGGACAACGTAGTGAGATCCCTATCTCTACAAAAAACAAAAAATTAGCCAGACATGCTGGTGCACACCTGTAGTCCCAGCTACTCGGGAGACTGAAGTGGGAGGATGGC"
"chr1","3709095","3709391","chr9","44229456","44229748","67","40520361","GGCCAGGCATGGTGGCTCACTCCTAGCACTGTGGGGGGTGGAGGCAAGAGGATTGCTTAAGCCCAGGAGTGTGACATCAGCCTGGGCAGCATAGCAAGACCCCAACTCTACAAAAAGTAAAAAATTAACCATGCAGTAGCAAATGCCGGTAGTCCCAGCTACTAGAGAGGTTGAAGTGGGAGGATTGCTTGAGACCAGGGAGTCGAGGCTGCAGTGAGCCGTGATCACACCACTGCACCGCGGCCTGGGAGACAGAGTGAGACCCTGTCTCACAAAAATAAAATAAATAAATAAAAA","GGTCAGGCATGGTGGCTCACGGGAGGCCTGTGGGAGGCCAAGGCAAGAGGATTGCTTGAGTCCAGGAGTTCAAGACCAACTTGGACAACATAGCAAAACCCCATCTCTACCCAAAATATGAAAATTAGCCAGGCAGGATGGCCTGCCTGTGGTCCCAGCTACTCAAGAGGTTGAGGTGGGAGGATTGGTTGAGCCCAGGAGGTGGAGGTTGCAGCTAGCTGAGATTTTGCCACTGCACTCCAGCCTGGGCAACAGAGCGAGACCCTATCTCAAAATAAATAAATAAATAAAAA"
"chr1","3845471","3845654","chr24","35402503","35402685","45","31557032","TAACCCAGCATGGTGGTGGGCGCCTGTGATCCCAGCTACTCAGGAGACCAAGATGGGAGGATGGCTTAAGCCCAGGTGGTCAAGGCTGCAGTGAGGTGTGACTGTGCCACTGCACTCCAGCCTGGGCAATGGAGCCTGTTAAAAACTAAATAAACAAATAAATAAATCTTTTAAAAAAAAAAAA","AATTAGCCAGATGTGGTGGCATGCATCTATAGTCCCAGCTACTCAGGAGACTAAGGTGGGAGGATTGCTTGAGCCCAGGAGTTCGAGGCTGCAGTGAGCTGTGATTGCACCACTGCACTCAGCCTGGGCAATGGAGCAAGACTTTGTCTCTAAGAAAAAAATAAAAATTTAAATAAAAAAGAA"
"chr1","3845959","3846098","chr2","35996587","35996728","26","32150628","GGCTGGGTGCAGTGCCTCATGACTGTAATCCCAGCACTTTGGGAGGCCAAGGCAGGAGGATCACTTGAGGCCTGGAGTTTGAGACCAGCCTGGGATAACATGGCAAAACCCCAACTCTACAAATAATTTTTTTAAAATGT","GGCTGGGTGAGGTGGCTCACACCTGTAATCCCAGCACTTTGGGAAGCCAAGGCAGGAGGATCACTTGAGGTCAGAAGTTCAAGACCAGCCTGGACAACACAGCGAGACCCTATCTCTACAAAAAATTTTTTTAAAAAGCCGG"
"chr1","3898090","3898394","chr20","127497359","127497658","30","123599269","GACCTGGTTCGGTGGCTCACACCTGTAATGCCAATACTTTGGGATGCCAAGGCGGGAGGATTGCTTGAGCCCAGGAGTTCGAGACCAGCCTAGGCAATATAGCATGACTCCATCTCTACAAAAAATTTAAAAAGTAGCCAGGCATGTTGGTGCATGCCTGTAGTCCCAGCTAGTCAGGAGGTAGAGGTGGGAGGATCTCTTGAGCCCAGGAGTTCAAAGCTGAAGGGAACCGTGATCACACCACTGCTCTCCAGCCTAGGTGATAGAGTGAGACTCTGTCTCAAAAAATGAAAACAAAAAACAAA","GGTGCAGTGGTTTATGCCTGTAATCCCAATACTTTGGGATGCCAAGACGGGAGGATTGTTTGAGCCCAGGAGTTCGAGACCAGCCTAGGCAACATAACAAGACTCCATCTCTACAAAAAATTTAAAAACTAGCCAGGCGCGTTGGCGCATGTCTGTAGTCCCAGCTGGTCAGGAGGTAGAGGTGGGAGGATATCTTGAGCCCAGGAGTTCAAAGCTGAAGGGAACCGTGATCATACCACCACTCTTCAGCCTAGGTGATAGAGTGAGACCCTGTCTCAAAAAACGAAAACAAAAAACAAA"
"chr1","4092643","4092946","chr20","127316411","127316713","36","123223768","GGCTGTGCACAGTGGCTCACGTCTGTAACCCCAGCACTTTGGGAGGCTGAGGCAGGAGAATTGCTTGAGGCCAGAAGCTTAAGACCAGCCTGGGCAACACAGCAAGAACCCTGTCTCTACAGTAAAATAAAATTAGCCAGATATGGTGGCACATACCTGTAGTCATAGCTACTCAAAAGACTGAGGCAGGAAGATCGATTGAGCCCAGGAATTTGAGGCGCAGTGAGCTACTATCGCACCACTATATGCCAGCCTGGGCAACAGAGAAAGACCTTGTCTCAGAGGGGAAAAAAATAAAAGGAAA","GCACGGTGGTTCGTGTCTGTAATCCCAGCACTTTGGGAGGCTGAGGCAGGAGAATTGCTTGAGGCCAGGAGTTTATGACCAGCCTGGGCAACACAGCAAGAACCCTGTCTCTACAATAAAATAAAATAAAATTAGCCAGATATGGTGGCACATGCCTGTAGTCACAGCTACTCAGAAGACTGAGGCAGGAAGATCGATTGAGCCCAGGAATTTGAGGCTACAGTGAGCCGTGATTGCACCACCATATGCCAGCCTGGGCAACAGAGCAAGACCTTGCCTCAAAGGGGAAAAAATAAAAAGAAA"
"chr1","4253172","4253464","chr20","127149011","127149300","29","122895839","GCCAGGCTCAGTGGCTCCCATCTGTAATCCCAGCACTTTGGGAGGCCGAGGCAGGAAGATTGCTTGAGTCCAGGAGTTCAAGACAAGCCTGGGCAACATAGGGAGACCTCCCAATGTCTACAAAAAATAAAAAATTAGCCGGGCTTGGTGGTGCATGCCTGTAGTCCCGGCTACTCGGGAGGCTGAGGAGGGAGGATCACTTGAGCCCAGGTGTTAAACGCTGCAGTGAGCTATGATCGCACCATTGCATTCCAGCCTGGGTTACAGAGAGAGAGACCCTGTCTCTAAAAAAA","GCCAGGCCCTGTGGCTCACTTCTGTAATCCCAGCACTTTTGGAGGCTGAGGCAGGAAGATTGCTTGAGTCCAGGAGTTCAAGACATGTCTGGGCAACATAGGGAGACTCCACATCTCTACAAAAAATAAAAATTTAGCCAGGCTTGATGGTGCCTGCCTGTAGCCCCAGCTACTTGGGAGGCTGAGGAGGGAGGATCTCTTGAGCCCAGGAGTTGAAGGCTTCAGTGAGCTATGACTGCACCATTGCACTCCAGCCTGGGTTACAGAGAGAGACCCTGTCTCTAAAAAAA"
"chr1","4300743","4301033","chr20","127102592","127102890","27","122801849","GCCAGGCCAGTGGCTCACACCTGTAATCCCAGCACTTTGGGAGGCCAAGACAAAAGAATTGCTTGAGCTCAGGAGATTGGGACCAGCTTGGGCAACATAGTGAGACATCATCTCTACAAACAATAATAATTTTTTTAAAAAGCTATGGTGGCACACACCTGTGGTCCTAGCTACACGGGAGGCCGAGGTGGGAGGATTGCTTGAGCCTAGGGTGTCGAAGCTGCAGTGAGCCAAGACCTTGCCACTGCACAACAGCCTGGGTAACACAGAAAGACCCTGTCTCCAAAAAAA","GCCAGGGGCAGTGGCTCACACCTGTAATCACAGCACTTTGGGAGGCCAAGGCAAAAGAATTGCTTGAGCTCAGGAGATTGAGACCAGCTTGGGCAACATAGTGAGACCTCATCTCTACAAACAATAATAATTTTAAAAAATAGCTATGGTGGCACACACCTGTAGTCCTAGTTACATGGGAGGCTGAGGTGGGAGGATTGCTTGAGCTTAGGGGGTTGAAGCTGCAGTGAGCCAAGACCTTGCCACTGCACTACGGCCTGGGTAACACAGTAAGACCCTGTCTCCAAAACAAAAAAAAA"
"chr1","4485392","4485681","chr20","126919516","126919804","30","122434124","GACCAGATGTGGTGGCTCATGCCGGTAACCCAGTGCTTTGGGAGGCTGAAGCAGGAGGATTGCTTCAGGCCAGTTCAAGACTAGCCTGGGCAACAGAATGAGACCATGTTCGTACAAAAAAGTTTAAAAATTAGATGGGCATGGTGCCTACGCCTGTATTCCCAGCTACTTAGGAGGCCGAGGAAGGAGGATTGCTTGAGCCCAGGAGTTTGAGGCTGTAGTGAGCTACGATTGTGCCAATGCACTCCAGCCTGGGTGACAGAGCAAGACCCTGTCTCGAAAGAAAGAAA","GACCAGACGTGGTGGCTCATGCCAGTAATCCAGTGCTTTGGGAGGCCAAGGCAGGAGGACTGTGTCAGGCCAGGAGTTCAAGACTAGCCTGGGCAACATAATGGGACCATGTTCCTACAAAAAAATTTAAAAATTAGATGGGCATGGTGCCTATGCCTGTATTCCCAGCCACTCAGGAGGCTGAGGAAGGAGGATCGCTGGAGCCCAGGAGTTTGAGGCTGTAGTGAGCTATGACTGTGCCACTGCACTCCAGTCTGGGTGACAGAGCAAGACCCTGTCTGGAAAGAAA"
"chr1","4507376","4507672","chr25","5073448","5073744","66","566072","GGCAGGGTATGATGGCTCACACCTGTAATGCCAGAACTTTGGGAGGCCAAGGCAGGAGGATGGATCACTTAAGCCCAGCAGCTGGAGACCAGCCTGGACAACATAGCAAGACCCTGGCCTCTATTAAAAAAAAGTTAGCCAAGAGTGGTGGCACTGGCCTGTAGTTCCAGCTACCCAGGTGGCTCAGGTGGGAGCACTGCTTGAGCCCAAGAACTCAAGGCTGCAGGGAGTTGTGATTGCACCATTGCACTCAGCCTGGGTGACAGAGCAAGACTCTGTCTCAAAAAAAAAAACAAA","GGCTGGGCATGGTGGCTCATCCCTGTAATTCCGTCATTTCGAGAGGCCAAGATGAGAGGATCACTTGAAGCCAGGAGTTTGAGACCAGCCTGGACAACAAAGGAAGAACCAATCTCTACAAAAAATAAAAAAGTCGGCCAGGTATAGTGGTTCATGCCTGCAGTTCCAGCTACTCAGGAGGCCGAGGTGGGAAAGTCACTTGAGCCCAGGAATTCAAGGCTGCAGTGAGTTATGATTGCACCCCTGCACTCCAGCCTGGGTGGCAGAGCAAGACCCTGTCTCAAATAAATAAATAAA"
"chr1","4638418","4638734","chr20","126778620","126778948","36","122140202","GGCCAGGTGCAGTGGCTCATGCCTATAATCCCAGCACTTAGGGAGGCCAATGCGGGAAGATAGCTTGAGGCCAGGAATTCAAGACCACCTTGGGCAACATAGTGAGACCTGGTCTCTACCACAAAAAGCATGAAAATTAGCTGGGCATGGTGGCATGCACCCGCAGTCCTAGCTACTCAGGAGGCTGAGGTGAGAAGATCGCTTGAGCCCAGGAGTTCCAAGCTGCAGTGAGCTATAATCTCGCCACTGCTCCAGAGCCTCGGTGACAGAGCAAGACCATCTCTAAAAAGAAAGCAAAAGCAAAAAGCAAAACAAAA","GGCCAGGTGCAGTGGCTCATGCCTATAATTCCAGCCCTTTGGGAGGCCAATGTGGGAAGATTGCTTGAGACCAGGAAGTCAAGACCAGCCTGGGCAACATAGTGAGACTTGGTCTGTACCAAAAAAAAGTATGAAAATTAGCTAGGCATGGTGGCATGCACCCGCAGTCCTAGCTACTCGGGAGGCTGAGGTGGGAAGATAGCTTGAGCCCGGGAGTTCCAAGCTGCAGTGAGCTATAATCATGCCACTGCTCCCCAGCCTCGGTGACAGAGCAAGAACATCTCTAAAAAGAAAGCAAAAACAAAAAGCAAAGCAAAACAAAACAAAAC"
"chr1","4652725","4653026","chr28","15268662","15268962","59","10615937","GGCCAGTCACAGTGGCTCACGTCTGTAATCCCAGCACTTTGGGAGGTCGAGGGGGGAGGATCACTTGAGGCCAGGAGTTCCAGACCAGCCTGGCCAACACAGCTAGACCCCACCTCTACAAATAAAACAAAACAAACAAAAAAATTAGCCAGGCATGGTGGTGCGTATCTTAGTCCTAGCTACTAGGAAGGCTGAGGTGGGAGGATCACTGGAGCCCAGGAGTTCAAGGCTGCAATGAGCCATGATTATGCTACTGCACTTCAGCCTGGGCGACAGGGTGAGGCCTCAACTCTACAAATAAA","GGCTGAGAGTGGTGGCTCACATCTACAATCCCAGCACTTTGGGAGGCCGAGGCGGGAGCATCACTTGAGGCCAGGCGTTCGAGACCAGCCTGGGGAACACAGCAAGACCCCATCTCTGCAAAAAAAAAAAAAAATTAAAAAATTAGCCGGGCATGGTGGTGTGCACCTGTGGTCCCAGCTACTTGGGAGGCTGAAGCTGGAGGATCACTTGAGCCCAGGAGTTGGAGGCTACAATAAGCTATGATTGTGCCACTGCACTCCAGCCTGGGTGACAGAGCAAGACTATCTCCAAAAAAAAAAA"
"chr1","4697330","4697640","chr20","126717193","126717498","17","122019863","CCAGGCATGGTGGCTCATGCCTGTAATCCCAGCAGTTTGGGAGTCTGAGGCAGGAGGATCACTTGAGGCCAGGAGTTCAAGACCAGCCTGGACAACATAGTGAGGCCCCATGTCTACAAAAAATAAAAACAAAGTAGCTGGGCATAGTGGCATGCACCTGTAGCCCCAGCTACTCTGGAGGCTGAGGTGGGAGGATCACTTGAACCCAGGAGTTCGAGGCTGCAGTGAGCTATAATTGCACCATTGCATTCCAGTCTGGGCAACAGAGCAAGACTTCATCTCAAAAACAAACAAACAAACAAACAAACAAA","CCGCACATGGTGGCTCATGCCTGTAATCCCAGCAGTTTGGGAGTCTGAGGCAGAAGGATCACTTGAGGCCAGGAGTTCAAGACCAGCCTGGACAACATAGTGAGGTCCCATGTCTACAAAAAATAAAAACAATGTAGCTGGTCATAGTGGCATGCACCTGTAGCCCCAGCTACTCTGGAGGCTGAGGTGAGAGGATCACTTGAACCCAGGAGTTCAAGGCTGCAGTGAGCTATAATTGCACCATTGCATTCCAGTCTGCGCAACAGAGCAAGACTGCATCTCAAAAAAAAAAAAAAAAAAAAAAAA"
"chr1","4777031","4777305","chr20","126645912","126646188","12","121868881","TGGCTCATTCCTGTAATCCCAACACTTTGGGAGGCTTAGGTGGAAGGATTGCTTAAGGCCAGGTGTTCAAGTCCAGCCTGGGTAACATAGTGAGACCCCCATTTCTAAAAAAATTTTAAAAATTATCTGGGCATGGTGGTGCATGCCTGTAGTCCCAGCCACTTGGGAGACTGAGGTAGGAGGATTGTTTGAGTCTAGGAGTTTGAGGCTGCAGTGAGCTATGATCTTGACACTGCACTCCAGCAGGACAACAGAGCAAGACCCTGTCAAAAAAA","TGGCTTGTTCCTGTAATCCCAGCACTTTGGGAGGCTTAGGTGGAAGGATTGCTTAAGGCCAGGTGTTCAAGTCCAGCCTGGGTAACATAGTGAGTCCCCCATTTCTGCAAAAAATTTAAAAAAATTACCTGGGCATGGTGGTGCATGCCTGTAGTCCCAGCCACTTGGGAGACTGAGGTAGGAGGATTGCTTGAGCCTAGGAGTTTGAGGCTGCAGTGAGCTATGATCTTGACACTGCACTCCAGCAGGACAACAGAGCAAGACCCTGTCCAAAAAA"
"chr1","4782303","4782577","chr11","66004623","66004896","67","61222320","GGCTAGGCATGGTGGCTCACGCCTGTAATCCCAACACTTTGGGAGGCCAAGACTAGAGTATCGCTTGAGCCCAGAAGTTCAAGACCAGCCTGAGCAACATAGGGAGACTTCTTCTCTACAATGGTGGTGCACATCTGTGGTCCCAGCTACTTGGGAGGCTGGAGGTGGGAAGATCACTTCAGTCCTAGAGACGGAGGCTACAGTGAGCCATGATCATGCCACTGCACTCCAGCCTGGATGACAGAGACATCCTGTCTCAATTTAACAACAAAAAA","GGCTGGGCACAGTGGCTCATGCCTGTAATCACAGCACTTTGGGAGACAGAGGGTGGCAGACTGCTTGAGACCAGGAGTTCAAGACCAACCTGGGCAACATAGCGAAATCCTGTCTCTACAAAAAACTACATGCCTGTAGACCTAGGTACTTGGGAGGCTGAAGTGGGAGGATCTCTTGAGCTCAGGAGGTCGAGGCTGCAGTGAGCCATGATCAAGCCACTGCACTCCAGCTTGGGTGAAGAGTGAGACCCTGCCTCCAAAAGAAAAAAAAAAA"
"chr1","4950897","4951186","chr20","126490445","126490733","31","121539548","GGCTGGGTGTGGTGGCTCAGGCCTGTAATCCCAGCACTTTGGGAACCCAAGGTGGTAGGATTCCTTGAGACCAGGATTTCAAGACTAGCCTAGGCAACACAGCAAGACCCTGTCTCTATAAAAAATAAATAAGTAGCCAGGTGACATGGCACGTGTCTGTATTCCTATCTACTTAGGAGGCTGCGGCAGAAGGATCACTTGAACCCAGGAGTTCGAGGCTGCAGTGAGCTATGATTGCACCATTGCACCCCCACCTGGGTAACAGAACGAGACATTGTCTATAAAAAAAA","GGCTGGATGTGGTGGCTCATACCTATAATCCCAGCACTTTGGGAACCCAAGGTGGCAGGATTCCTCGAGGCCAGGATTTCAAGACTAGCTTAGGCAACACAGCAAGACCCTGTCTCTATAAACAATAAATAATTAGCCAGGTGTGATGGCATCTGTCTGCGGTCCTATCTGCTTAGGAGGCTGAGGCAGAAAGATCACTTGAACCCAGGAGTTTGAGGCTGCAGTGAGCTACGATGGCACCGTTGCACCCCAGCCTGGGTGACAGAATGAGACACTGTCTATTAAAAAA"
"chr1","5491190","5491499","chr17","35306470","35306782","56","29815280","GGCAGGGCTTGGTGGCTCATGCCTGTAATCCCAGCACTTTGGGAGGCTGAGGCAGAAGGATCACTTGGGGCCAAAAGTTCAAGACCAGCCTAGGCAACATAGCAAGACCCTGCCTCTATAAAAAAATTAAAAATTAGCCAGGTATAGTGTAACGGAGCTGTAGTCCCAGCTACTAGGGAAGATGAGGTACGAGGATCCCTTGAGCCCAAGTGGTCAAAGTTGCAGTGAGCCATGATCAGAGCACTGCACTCCAGCCTAGGTGACAGAGAGAGACCCTGTCTCAAAAAAATAAATAAATAAAATAAATAAA","GGCTGGGCCTGGTGGCTCACGCCTATAATCCCAACACTTTGGGAGGCTGAGGCAGGAGGATCACTTGAGGCCAGGAGTTTGAGACCAGAGTGGGCAATATAGGGAGACCCTGTCTCTACAAAAAATAAACAAAATTAGCCAGGTGTGGTGGTGTGCATCTGTAGTCCCAGCTACTCAAGAGGCTGGGGTGGGAGGATCTCTTGAGCCCAGGAGGTCGAGGCTGCAGTGAGCCGTGATCACACCACTGCACTCCAGCCTGGGTGACAGAGCGAGACCCTGTCTCAAAAATAAATAAATATATAAATAAAAGAAA"
"chr1","5501364","5501667","chr20","125960658","125960963","51","120459294","GGTGGCTCATGCCTGTAACTTCAGCACTCTGGGAGGCTAAGGCAGGAGAATGGCTTGAGACCAGAAGTTCTTGACCAGCCAGGGCAACATGGTGAGACCCTGTCTCTACAAAAAAAACAAAAATTTAATTAAAACATTAGCCAGGCATGGTGTGCATGCCTATAGTCCTAGCTACTCAAGAGGCTGAGGTGGGAGGGTGGCTTAAGCCCAGGAGTTTGAAGCTACAGTGAGCTATGATCATGCCACTGCAGTCCAACCTGGGTGACAGAGCAAGATCCTGTCCTTTAAAAAAAAAAAAAAAAAA","GCTGGGCTGGGTGGCTCATGCCTGTAACTTCAGCACTCTGGGAGGCCAAGGTGGGAGAATGGCTTGAGGCCAGAAGTTCTAGACCAGCCAGGGCAACATAGTGAGACCCTGTCTCTAAAAAAAAAAAAAAAAAAAAATTTAATTAAAACATTAGCCACGTGGCAGTGCATAGCTACTCAAGAGGCTGAGGCGGGAGGGTGGCTTAAGCCCAGAAGTTTGAAGCTACAATGAGCTATGATCATGCCACTGCAGCTCAACCTGAGTGACAGAGCAAGACCCTATCCCTCCGCCAAAAACAAAAAAAAA"
"chr1","5560385","5560627","chr1","6547966","6548216","60","987581","GGCTGGGTGCGGTGGCTCATGCCTATAATCCCAGCCTTTTGGGAGGCCGAAGTGGGAGGATTGCTTGAGCCCAGAAGTTCAAGACTAGCCTGGGCAACATGGTGAGACCCCCGTCTCTACCAAAAATGAAAAAAATATCTGGGCATGGTGGTGTGCACCTGTGGTCCCAGCTGAGGTGGGAGGATAGCTTGGACTCAGGAGTTTGAAGTTACAGTGAGCTATGACTGCAATACTGCACTCTAG","GGCTGGGCATGGTGGTTCACACCTGTAATCCCAGCACTTTGGGAGGCTGAGGCAGGAGGACTGCTTGAGCCCAGGAGTTCAAGACCAGCCTGGGCAACATAGGAGACCCTGTCTCTACAAAAAATTTAAAAATTAGCTGGGCGTGGTGGCGCGTGCCTGTAGTTCCAGCTTGGGAGACTGAGGTGGGAGGATGGGTTGAGCCTGGAAGGTTGAGGCTGAAGTGAGCCATGATCATGCCACTGCACTCCAGC"
"chr1","5643639","5643832","chr20","125822007","125822187","31","120178368","AGTAAATAAATGCATGCAGTAGCTGGGTGTGGTAGCATGTGCCTGTAGTCTCAGCTACTTGGGAGGCTGAGGCAGGAGAATTGCTTGAACCCAGGAATTCGAGGCTGCAGTGAACTATGATCACGTCACTGTACTCTAGCCTGGGCATCAGAGTCAGACTTTGCCTCTTAAAAAAAAAAACAAAACAAAAAAAA","CAGCAGCTGGGTGTGGTAGCGTGTGCCTGTAGTCTCAGCTACTTGGGAGGCTGAGGCAGGAGGTTTGCTTGAACCCAGGAGTTTGAGGCTGCAGTGAGCTATGATCACATCACTGTAGTGTAGCCTGGGCATCAGAGCCAGACTTTGCCTCTAAAAAACAAAAACAAAAACCAAAAAAAAA"
"chr1","5644142","5644271","chr20","125821547","125821670","19","120177405","GGCCGGGCGCAGTGGCTCATGCCTATAATCCCAGCATGTTGGGAGGCTGAGGTGGGAGGATGGCTTGAAGCCAAGAGTTCGAGATCAGCCTGGGTAACATAGCAAGGCCCTGACTCTACAAAAAACTTAA","GGCGCAGTGGATTACTCCTATAATCCCAGCACGCTGGGAGGCTGAGGTGGGAGGATGGCTTGAGGCCAGAGTTTGAGACCAGCCTGGGCAACGTAGTAAGACCCTGACTCTACAAAAAACTTAA"
"chr1","5655626","5655919","chr21","119446877","119447172","56","113791251","CAGGTATGGTGACTCACGCCTATAATCCCAACACTCTGGGAGGCCAAGGTAGGAGGATCCCTTGAACCCAGGAGCTCAAGATGATCCCAGGAAACACAGCAAGACCTCAACTCTACAAAAATTTAAAAATTACCCAGGCATGGTGGCACATGCCTGTAGTCCTAGCTACTCAGGACACTGAGGTGTGAGGATTGCTTGAGCATAGGAGTTCAAGGCTGCAGTGAACTATGATCGTGCCACTGCACTCCAGCCAGGGCAACAGAGTAAGACCCTGTCTCAAAAAAAAAAAAAAAA","GCTGGGCATGGTGGCTCATGCCTGTAATCCCAACACTCTGAGTGGCCGAGGTGAGAGGATTCCTTGAGCCCAGGAGTTCGAGATCGGCCTAGGCAACACAGCAAGACCTTGTCTCTACAAACAATTTAAAAATTAGCCGGACATGGTGGCACGTGCCTGTAGTCCCAGCTACTCAGGGGGCTGAGGTGGGAAGATAGCTTGAGCCCAGGAGGTCCAGGCTGTAGTGAGCTGTGATCACACCACTGCACCACAGTCTAGACGACAGAGCAAAACCCTGTCTCAAAAAAAAAAAAAAA"
"chr1","5713566","5713856","chr20","125772260","125772536","36","120058694","GCCAGGTGCAGTGGCTCACACCTGTAATCCCAACACTTTGAGAGGCTGAGGTGGGCAGATTGCTTAAGGCCAGGAGTTTGAGACCATCGTGGGCAACATAGTGAGACCCCATCTCTACAAAAAATACAAACATTAACTGGGTATGGCGGTGCGCCCCTGTGGTCATAGCTACTTGGGAGGCTGAGGTGGGAGGATTGCTGAGCCCAGGAGTTTTAGGCTGCAGTGAGCCATGATTATACCACTGCACTCCAGCCTGGGCGACGGTGAGACCCTGCCTCAAAAAAAAAAAAA","GCTGGGTGCAGTGGCTCACACCTGTAATCCCAACACTTTGAGAGGCTGAGGTGGGCAGATGGCTTGAAGCTAGGAGTGAGACCACCCTGGGCAACATAGTGAGACCGCATCTCTACAAAAAATACAAAAATTAACTGGGTGTGGTGGTGTGCCCCTGTGGTCATAGCTACTTGGGAGGCTGAGGTGGGAGGATTGCTTGAGCCCAGGAGTTTGAGGCTGCAGTGAGCCATGATTGCACCACTGCACTCCAGCCTGGGTGACAGTGAGACCCTGTCCC"
"chr1","5722040","5722227","chr20","125763162","125763356","22","120041122","ACCCCAGCTCTACCAAAATAAAAACATTTAGCTGGGTCTGGTGATGCATGCCTGTAGTCCCAGCTACTTGGGAAGCTGAGGAGGGAGGATCACTTGAGCCCAGGAGTCCAAGGCTGCAATGAGCTATGATCGCACCATTGCACTCCAGCCTGGGCAACATAGTGAGACCCCATCTCTTAGAAAAGAAA","ACCCCAGCTCTACCAAAATAAAAAAAATTGAGCTGGGTGCAGTAGTGCATGCCTGTAGTCCCAGCTACTTGGGAGGCTGAGGAGGGAGGATCACTTGAGCCCAGGAGTCCAAGGCTGCAATGAACTAGGACTATACCATTGCACTCCAGCCTGGGCAACACAGTGAGACCCCATCTCTTAAAAAAGGAAAAGAAA"
"chr1","5767393","5767679","chr6","34346832","34347125","69","28579439","GGCTGGGCGCAGTGGCTCATGCTTGTAATCCCAGCACTTTGGGATTGGGAGGCTGTGGTGGGAGGATTGCTTGAGCTGAGTTCAAAACCAGCCTGGGCAACACAGTGAGACACCTTTTCTACAAAATTACAAAAAAAATTAGTTGGGTGTGTGCCTGTAGTACCAACTACTTGCAAGGCTCAGGTGGGAAGACTGCTTGAGCCTGGCAGGTCAAGGCTGCAGTCGCCTATGATCACACTATTGCATTCCCGCCTAGGCAACTGACTGAGATCTTGTCTCAAAAAAAA","GGCTGGGCATGGTGGCTCGAGCTTGTAATCCCAGCACTTTGGGAGGCTGAGATGGGAGGATTGCTTGAGGCCAGAAGTTCAAGACCAGCCTAGGGAACATGGTGAAACCCCTATTTCTACAAAAAATGCAAAAATTAGCTGGGCTTGGTGGCGCGTGCCTGCAGTCCCAACTACTTGGGAGGCTAAAGTGGGAGGATCGCTTGAGCCCAGGAGGTCAAGGATGCAGTGAGCTATGATCCCGGACACTGCACTCCAGCCTGGGCAACAGAGTGAGAGTCTGTCTCAAAAAAAAAA"
"chr1","5768452","5768762","chr20","125718521","125718817","31","119950069","GACTGGGCACAGTGGCTCACACCTGTAATCCCGGCACTTTGGGAGGCTGAGGCAAGAGGACAGTGTAAGGCCAAGAGTCTGAGACCAGCCTGGGCAACGTAGCAAGATTCTGTCTCTACAAAAAATTATAAAATTAGCCGGGGGTGGTGGCACACACATGTAGTTCCAGCTACTTGGGAGGCTGAGGCAGACGGATCACTTGAGCCCAGGAGTTCAAGGCTGCAGTGAGCTGTGATCATGCCACTGCACTCCAGCCTGGGCAACAGAGTAAGTTCCCTTCTCCTAAAAAAAATTAAATGAAATAAATAAAA","GGCACAGTGGTTCACACCTGTAATCCCAGCACTTTGGGAGGCTGAGGTAAGAGGACAGCGTAAGGCCAGGAATCTGAGACCAGCCTGGACAACATAGCAAGACTCTGTCTCTACAGAAAAATTTTAAAATTAGCCGGGGGTGGTGGCACACACATATAGTTCCAGCTACTTGGGAGGCTGAGGCAGACGGCTCACTTGAGCCCGGGAGTTCAAGGCTGCAGTGAGCTGTGATCATGCCACTGTACTCCAGCCTGGGCAACAGAGCAAGTTCCCTTCTCAAAAAAAAAAAAAAAAAAA"
"chr1","5772358","5772534","chr11","467238","467402","35","5305120","TTAGTCATTCATGGTGGTGCATGCCAGTGGTCCCAGCTATTTAGGAGGCTGAGGTGGGAGGATCCCTTGAGCCCAGGAGTTTGAGGCTACAGTGAGTTATGATCATGCCACTGGACTCCAGCCTGGGCAACATAAGAAGACCCACCTCTATAAATAAATAGGTAAATAAAAATAGAA","GGCCAAGTGTGGTGGTGCATGCCTGTGGTCCCAGCTACTTAGGAGGCTGAGGTGGGAGGATCACTTGAGCCCAGGAGTTTGAGGCTGCAGTGAGCTATGATCTCGCCACTGTACTCCAGCCTGGGTGACAGAGTGAGATCCTATCTAAAAAGAAAGAAAAAAGAA"
"chr1","5772838","5772980","chr20","13287214","13287356","14","7514376","GGCTGGGTGTGGTGGCTCACACCTGTAACCCAGCACTTTGGGAGGCCAGGGTGGGAGGATTGCTTGAGGCCAGGAGTTCGAGACCAGTCTGGGCAACATAGTGAGACCCAATCTCTAACAAAAAATTTAAAAATTAGCCAGGC","GACTAGGTGCAGTGGCTCACACCTGTAACTCAGCACTTTGGGAGGTCAAGGTGAGAGGATTGCTTGAAGCCAGGAGTTAGAGACCAGTCTGGGAAACATAGTGAGACCCAATCTCTAACACAAAATTTAAAAAGTAGCCAGGT"
"chr1","5780081","5780385","chr20","107351468","107351766","55","101571387","GGCCGGGTGCAGTGGCTCACGCCTGTAATCCCAACCCTTTGGGAGACTGAGGCGGGAGGATGGCTTGAGCCCAGGAGTTTGAGACCAGCCTGGGCTGCAGAGTAAGGCCTCATCTCTATTAAAAAAAAAAAAAAATTAGCCAGGCTGGGTGGTGCACATCTCTGATCCCAGCTAATTGGGAGGCTGAGGTGGAAGGATCCCTTGAGCCCCATAGGTCAGGGCTGCAGTGAGCCGTGATCATGCCACTGCACTCCAGCCTGGGGAACAAAGCAAGACCCTGTCTCAAAAAAAGAAAGAAAGAGAGA","GCCGGGCGCAGAGGTTCACGCCTGTAATTCCACACTTTGGGAGACTGACGGTGGAGGATCGCTTGTGTCCAGGAGTTTGAGACCAGTCTGGGCAACACAGGGAGACCCCCATTTCTACCAAAAAAAAAAAAAAATTAGCCAGGCATGGTGGTGCACTCCTGCGGTCCTAGCTACTTGGGAGGCTGAGGTGGGAAGATTGCTTGAGCCCAGGAGGTCAAGGCTGCAGTGAACCATGATCATGCCACTGCACTTCAGCCTGGGGGACAGAGTGAGACCCTGTCTCAAAAAGAAATAAGAAA"
"chr1","5850341","5850464","chr20","125599139","125599269","18","119748798","GGCCAGGTGTGGTAGCTCACGCCTGTATTCCCAGTACATTGGGGGACTGAGGCAGGAGGATTGCTTGAGGCCGGGAGTTTGAAGCCAGCCTAGTTAACATAGAGAGATCTCTCTCCAAAAGACA","GGCCAGGTGCGGTGACTCATGCCTGTATTCCCAGTACATTGGGAGACTGAGGCAGGAGAATTGCTTGAGGCCAGGAGTTTGAAACCAGCCTGGTTAACATAGTGAGATCTCCTCTCTCCAAAAAACAAAAA"
"chr1","5903720","5904014","chr20","125546871","125547134","45","119643151","GGCTGGGCACAGTGGCTTATGCTTGTAATCCCAGCACTTTGGGAGGGTGATACAGGAGTATTTCTTGAGCCCAGGAGTTTGAGACCAGCCTGGGCAACATAGTGAGACCCCCATCTCTACAAGAGTTAAAATTAGCTGGGCATGGTGACATGTGCCTGTAGACCAGCCACTTGGGGAGCTAAAGTGGGAGGATGGCTTGAGCCCAGCAGGTTAGGGTTGTAATGAGCTATGATTGTGCCACTGCAGGCCAGCCTGGGTGACACAGTGAGACCCTATCTCAATTAAAAAAAAAAAA","GGCTGGGCACAGTGGCTTATGCTTGTAATCCCAGCACTTTGGGAGGCTGATACAGGATGATTGCTTGAGCAACATAGTGAGACCTCCGTCTCTACAAGAGTTAAAATTAGCTGGGCATGGTGACATGTGCCTGTAGTCCAGCCACTTGGGGGGCTGAAGTGGGAGGATGGCTTGAGTCCAGGAGGTCAGGGTTGTAATGAGCTGTGATTGTGCCACTGCAGGCCAGCTTGGGTGACAGAGTGAGACCCTATCTCAAAAAAAAAA"
"chr1","5906263","5906551","chr20","125544298","125544589","23","119638035","GGCTGGATGCAGTAGCTCACAACTGTAATCCCGGCACTTTGGGAAGCCAAGGCAGGAAGACTGCTCGAGCCCAGGAGTTCAAGACGAGCCTGGGCAACTTAGGAAGACCCTTCCACTACAAAAAAATTTAAAAATTAGCTAGGTATGGTGGTGCATGCCTGTGGTGCCAGCTATTCCAGAGGCTGAGGTGGGAGGATCACTTGGGCCTATGAGGTTGAGGCTGCAGTGAGCCAGGATCATGCTACTGCCCTCCAGCCTGGACAACAGACCCTTTCTCAAAAAATAAAAA","GGCTGGGTGCAGTAGCTCATGCCTGTAATCCCGGCACTTTGGGAAGCCAAGGCAGGAAGATCGCTTGAGCCCACGAGTTCAAGACAAGCCTGGGCAACTTAGCTGGAAGATCCTTTTTCTATAAAAGAATTTAAAAATTAGCTCAGTATGGTGGTGCATGCCTGTGGTCCCAGCTATTCCAGAGGCTGAGGTGGAAGGATCACTTGGGCCTATGAGGTTAAGGCTGCAGTGAGCCAGGATCATGCTACTGCCCTCCAGCCTGGACAACAGACCCTTTCTCAAAAAATAAAAA"
"chr1","5913757","5914062","chr20","125536376","125536684","23","119622619","GGCTGGGTGCAGTGGCTCACACCCGTAATCCCAGCACTTTGGGAGGCCAGCGTGGGTGAATCTCTTGAGCCCAGGAGTTCAAGACCAGCTTGGGCAACATAGCAAGACTCCCCCCTCTATAAAAAATACTAAAACTTAGTTGGGCATGGTGGCTCGTGCTTGTAGTCCCAGCTACTTGAGAGGCTGAGGTGGAAGGACTGCTTGAGCCAGGAGGTTGAGGCTGCAGTGAGCTGTGACTGCACCTCTGCAGTCCCACCTGGGTGATAGAGTAAGACCCTGTCTCGAAAGAAAAACAAAAAAAGAAAA","GGCTGGGCATAGTGGCTCACACCCGTAATCCTAGCACTTTGGGAGGCCAGCGTGGGTGAATCTCTTGAGCCCAGGAGTTCGATACCAACTTGGGCAACATAGCAAGACTCCCCCTATCTATAAAAAATATTAAAACTTAGCTGGGCATGGTGGCTCCTGCTTGTAGTCCCAGCTACTTGAGAGGCTGAGGTGGAAGGATCGCTTGAGCCAAGCGGTTGAGGCTGCAGTGAGCTGTCACTGCACCTCTGCAGTCCCACCTAGGTGACAGAGTAAGACCCTGTCTGAAAAGAAAAACAAAAAAAAAGAAAA"
"chr1","5939707","5939893","chr1","10457878","10458068","48","4518171","CCAGCTTGGCCAACATAGTGAGAACCCTTCTCTCCAGAGGAAAAAACTAAAAATATATCTGGCAGTTGTAGCGTGCACCTGTAGTCCCAGCTACTCAGGAAGCTGAGGCAGGAGGATCGCTTTGATTGCTGCTGTACTCCAGTCTGGGCAACAGAGTGAGACCCTGTCTTAAAAACAGAAAACAAAA","CAGCCTGGGCAACATGGCAAAACGCCATCTCTCCAAAAAAAAAAATAAAAAGAAATTAGCCCCACCGGATATGGTGGTGTGCACCTGTAGTCCCAGCTACTCAGGAGGCTGAGGTGGGAGGATTGCTTGAGCCAGGCTGCACTCCAGCCTGGGAGACAGAGTGAGACTCCATCTTAAAAAAAAAAAAAAAA"
"chr1","5940202","5940260","chr6","30799659","30799716","15","24859457","CTTTGGGAGACCAGAGCAGGAGGATTGCTCGAGGCCAGGAATTAGAAACCAGCTTGGCT","CTTTGGGAGGCCAAGGTGTGAGGATCACTTGAGGCCAGGAGTTTGAGACCAGCCTAGG"
"chr1","5967041","5967198","chr20","125484927","125485083","18","119517886","CATAGCCAGGCATAGTGGTGCAGGCCTGTAGTCCCAGCTACTTGGAAGGCTGAGTGGGGAGGATCCCTTGAGCCCAGGAGTTCCATGCCACAGTGAGCTATGATCTCACCACTGCACTCCAGCCTGGGTGATAGATCAAGACCCCATTTCTAAAAAAA","GTAGCCATGCATGGCAGTGTACCCCTGTAGTCCCAGCTACTCAGAAGGCTGAGTGGGGAGGATCACCTGAGCCCAGGAGTTCTGTGCCGCAGTGAGCTATGATCTCACCACTGCACTCCAGCCTGGGTGATAGAGCAAGACCTCATTTCTAAAAAAA"
"chr1","5967488","5967631","chr20","125484499","125484637","21","119517011","GGCCAGGCACTATGGCTCACGCCTGTAATCCCAACACTTTGGGAGACCAAGGCGGGAAGACTGCTTGAGGCCAGGAGTTTGAAACCAACCTGGGCAACACTGCGAGACCCCTTCTCTATAATAAAATTAAAATTAGCCAGGCAG","GGCCAGGCACTGTGGCTCACACCTGTAATCCCAACACTTTGGGAGGCCAAGGTGGGAGGACTGCTTGAGGCCGGGAGTCTGAGACCAACCTGGGCAACAGAGCAAGACCCCATCTCTACAAAAAAATTTAAACTAGCCA"
"chr1","6005276","6005476","chr20","125443941","125444110","51","119438665","GTGAGCCGCTGTCTCTACAAAAAATACAAAATACAAAAATTAGCTGGTTGTGGTGGTGCATGTCTGTAGTCCCGGCTACCTGGGAGGCTGAGGTGAGAGGATCGCTTGAGCACGGAAGTGCAAGGCTACAGTGAGCAGGGATTGCACCACTGTACTCCGGCCTGGGTGACAGAATAAGATCGTGTTGTGGAAAAAAGAAAA","AAAATACAAAAATTAGTCAGTTATGGTGGAGCTGGCCTGTAGTCCCGGCTACCTGAGAGGCTGAGGTGGGAGGATCGCTTGAGCACGGGAGTTCAAGCTACAGTGAGCAGATTACGCCACTGCACTCCAGCCTGGGTGACAGAATGAGATCGTGTCGTGGGGAAAAAAAA"
"chr1","6043672","6043975","chr9","22225646","22225943","54","16181974","GGCCAGGCACAGTGACTCACGCCTGTAATCCCAGCACTTCGGGAGGCCAAGGCGGGAGGATCACTTGAGTCCAGGACTTCTAGACCAGCCTGGGAAACATACTGAGACCCTGTCTCTATAAAAATCAAAAGAATTAGCTGGCCATGGTTGGTGGTGCGCACCTGTAGTCCCAGCTACTCAGGAGGCTCAGGTGGGAGAACCTCTTTAGTCCAGGAGGTTGAGGCAGCAGTGAGCTGTGATCATGCCACTGTACTCCAGCCTGGGGGACAGAGCAAGACATTGTCTCAAAGAAAAAAAAAAAAAA","GGCCAGGCACAGTGGCTCACGCCTATAATCCCAGCACTTTGGGAGGCTAAGGTGGGAGAATCACTTGAGTCAGGAGTTCGAGACCAGACTGGGCAACGTACTGAGACCCTGTCTCTACAAAAAGTTTTAAAAATTAGCTGAGTATGGTGGTGTGTGCCTATAGTCCCAACTACTCAGGAGGCTGAGGTGAGAGGATCGTTTGAGCCCAGGCGTTGGAGGCTGCAGTGAGCTGTCATTACACCACTATACTTCAGCTGGGCGACAGAGCAAGATCCTGTCTGAAAAAAAGAAAAAAAAA"
"chr1","6051939","6052232","chr20","36480514","36480806","50","30428575","GGCCAGACGTGGTAGCTCACGCCTGTAATCCCAGCACTTTGGGAGGGCAAGACGGGAGGATTGCTTGAGCCCAGGAGTTTGAGACTAGCCTGGGCAACACAGTGAGACCTCATCTTTACTAAAAATCAAAAAAATTAGCCAGGCATGGTGGCGTGTGCCTATAGTCCCAGCTACTCAGGTGGCTGAGGTGGGAGGATTGCTTGAGCCTGGTAAATCAAGGCTGCAGTGAGCCATAATGACACCACTGCACTCCAGCCTGGACCACAGAGCAAGACCCTATCTCAAAAAAATAAA","GGCCGGGTGTTGTGGCTCACACCTGTAATCCCAGCACTTTGAGAGATCAAGGTGGGAGGATTGCTTGAGGCCAGCAGTTTGAGACCAGCCTGAGCAACATAGTGAGATCTCAGTCTCTACTAAAAAGAAAAAAAATTAGCCAGGCCTGGTGGCATGTGCCTGTAGTCCCAGCTACTTAGGAGGCTGAGGTGGGAGGATTGCCTGAGCCCAGAAGATAGAGACTACAGTGAGCCATGATCATGCCACTGTACTCTAGCTTGGGTGACAGAGTGAACCTTATCTCAAAAAATAAA"
"chr1","6054736","6055018","chr21","60739547","60739825","56","54684811","GGCTGGGCGAGGTGGCTCATACCTGTAATTCCAGCATTTTAGGAGGCTGAAGTGGGGGAGGATCGCTTGAGCCCAGGAGTTCAAGACCAGCATGGGCAATGTAGCAAGACCTCATCTCTACAAAAAATCAAAAAATTAGCCGGGCATGGCAGCGTGCGCCTGTAGTCCCAGCTAGTCAGGAGGCTGAGGTGGGAGGACGGCTTGAGCCCAGGAACTCAAGGCTGTAGTGAGCCATTATTGCACCACTACACTCCAGACAGAGCAAGACCCTGTCTCAAAACAA","GGCAGGGCACAGTGGCTCACACCTGTAATCCCACACTTTAGGAGGCGAAGGTGGGAGGATTGCTTGAGCCCAGGAGTTCAAGACTAGCCTGGGCAACATAGTGAGACCTTGTCTCTGCAAAAAATTTAAAAATTAGCCAGGCATGGTGGCATGCACCTGTGGTCCCAGCTACTCAGGAGGCTGAGATGGGAGGATTACGCGAGCCCAGGAGGCGGAGGTTGCAGTGAGCCAAGATTGTGCCACTGCACTCCAGCCTGGGTGACAGCCTGTCTCAAAAAA"
"chr1","6124513","6124727","chr20","125258631","125258837","31","119134118","CCAGCCCCGGCCACACAGTGAGATCCTGCCTCTACAAAAAAAAACAAAATTAGCTGGGTGTGGTGGCGCTCTCTTGTAGTCCCAGCTACTTGGGAGGCTGAGGTGGGAAGATTGCTGGAGCCCAGGAAGTTGAGGCTGCAGTGAGCCATGATCACATTGCTGCACTCCAGCTTGGGCGACACAGTGAGACCCTGTCTCAGAAAAAAATTTAAAAA","CCAGCCCAGGCAACCCAGGGAGATCCTGTCTCTACAAAAAACAAGCAAAATTAGCTGGCTGTGGTAATACTCTCCTGTAGTCCCAGCTACTTGGGAGGCTGAGGCGGGAAGATTGTTTGAGCCCAGGAGATGGAGGCTGCAGTGAGCCATGATCACATTGCTGCACTCCAGCCTGGGCGACAGAGTGAGACCCTGTCTCAGAACAAA"
"chr1","6140515","6140798","chr20","125240806","125241088","20","119100291","GATGGCTCAACAACTATAATCTCAGCACTTTAGGAGGCCAAGGCAGGAGGATCCCGTGAAGCCAGGAGTTCGAGACCAGCCTGGGAAACATAGTGAGACCTCCCTTGCTATAAAAAAATTAAAAAGTCAGCCAGGTATGGTGGTGTGCACCGGTGGTCCCAGCTACTCGATAGGCTGACGTGGGAAGATCACTTGTGCCCAGGAGGTCGAGGCTGCACTGAGCCCTGATCACAACACTGCACTCCAGCCTGGGTAACAGAGCAAGACCCTGTCTCAAAAAATAA","GATGGCTCAACAACTCTAATCTCAGCACTTTAGGAGGCCAAGGCAGGAGGATCCCTTGAGGCCAGGAGTTCGAGACCAGCCTGGGAAACAGTGAGACTTCCTTTGCTATAAAAAAATTAAAAAGTTAGCCAGGTATGGTGGTGTGCACCGGTGGTCCCAGCTACTCGGCTGGCTGATGTGGGAGGATCACTTGTGCCCAGGAGGTTGAGCCTGCAGTGAGCCATGATCACAACACTGCACTCCAGCCTAGGTAACAGAGCGAGACCCTGTCTCAAAAAATAAA"
"chr1","6183624","6183910","chr20","125199071","125199357","16","119015447","GGCTGGGCACTGTGGCTTCTGCCTGTAATCCCAGCACTTTGGGAAACTGAGGTAGGATTGTGTGAGCCCAGGAGTTTCGGACCAGCCTGGGCAACGTAACGAGACCCTGTCTCTACAAAAAATTTAGAAATTAGTCAGGCATGGTGGCATGTGCCTGTGGTCCCAGCTACTTGGGAGGCTAAGGAGGGAGTATTGCTTGAGCCCAGGAGGTCGAGGCTGCAGTGAGTTCTGATCATTGCACTCCAGCCTGGGTGACTCGGTGACACCCTGTCTCAAGAAAAAATAAA","GGCTGGGCACTGTGGCTTCTGCCTGTAATCCCAGCACTTTGGGAAGCTGAGGTAGGATTGCTTGAGCACAGGAGTTTGGGACCAGCCTGGGCAACGTAATGAGACCCTGTCTCTACAAAAAATTTAGAAATTAGGCGGGCGTGGTGGCATGTGCCTGTGGTCCCAGCTACTTGGGAGGCTAAGGAGGGAGTATTGCTTGAGCCCAGGAGGTCGAGGCTGCTGTGAGTTCTGATCCCTGTACTCCAGCCTGGGTGACTCAGTGGCGCCCTGTCTCAAGAAAAAATAAA"
"chr1","6184415","6184559","chr10","45086908","45087052","29","38902493","GGCATGGTGGCTTATATCTGTAATCCCAGCACTTTGTGAGGCCAAGGTAGGAGGATTGCTTGAGCCCAGGAGTTCAAGACCAGCCTGGGCAACATGGCAAGATCCTCTGTCTACAAAAGCAAAACAAACAAAAAAATTAGCCAGA","GCCAGGCATGGTGGATCACACCTGTAATCCCAGCAGTTTGGGAGGCTAAGGTGGGAGGATTGCTGGAGTTCAGGAGTTCAAGACCAGCCTGGGCAACATAGCGAGACCTCGTCTGTACTAAAAAAAAAAAAAAAAAAATAGCCTA"
"chr1","6184850","6185027","chr3","73297007","73297184","44","67112157","CTAGCCAGGTGTGGTGGTGCGCTAGTGTGGTCCCTGCTACTTGGGAGGCTGAAGTGGAAGGACTGCTTGAACCCAGGACGTCAAGGCTGCAGCAAGCCGTGTTTGTGCCACTATACTTTTTGCTGGGCAACACAGTCAGAACCGGTCTCAAAAAAAAAAAAAAAAAATTAAAAGAAAA","TTGGCCAGTTGTGGTGATGTGCACCTGTAGTCCCAGCTACTAGGAAGGCTGAGGCGGGAGGATTGCTTGATCCCAGGAGTTCAAGGCGGCAGTCAGCTGTGATAGTGCCACTGCACTCTAGCCTGTACAACAGAGTGAGACCCTATCTCTAAATAAAAAAGAAAAAAATAAATAGAAA"
"chr1","6185031","6185245","chr20","125198563","125198791","41","119013532","CCAGGAGTTTGAGACCAGACTGGGCAACATAGCAAGACCTCATCTCTACAAAAATAAAAAATAAAATAAAAAAATTAGCCAGGCATGGTGGCCCATGGCTGTAGTCTCAGCTGCTCAGGAGGCAGAGGCGGGAGGATCACTTGAGCCCAGGAGTTCAAGACTATGAGGTATGACTGTGCCACTGCACTCCAGTCTGAGGGAAACCCTGTCTGAAA","CCAGGAGTTCAAGACCAGACTGGGCAACACAGCAAGACCTCGTCCCTACAAAAAAAATTAAAATAAGAAAATTAGCCAGGCATGGTGGCCCATGGCTGAGTCCCAGCTGCTTAGGAAGCTGAAGTGGGAGGATCGCGCTTGAGCCTAGGAGTTCAAGACTATGAGGTATGATTGTGCCACTGCACTCCAGCCTGAGCGAGACCCTGTCTGAAAAAAAAAACAAAACAAA"
"chr1","6199463","6199774","chr20","80351981","80352279","65","74152518","GGCACAGTGGCTCACCTAGAATCCCAATGCTGTGGGAGGAGGCCCAGGCAGGAGAATCACTTGAGACCAGGAGTTTGAGACCAGCCTGAGCAACACAGTGAGACCACCTTCTCCACAAAAAATTAAAAAATTAGCCAGGAGTGGTGGTGCATGCCTGTAGTCCCAGCTACTTGGGAGGCTGGGGCAGGAGAATCACTTGAGCTTCAATGAGGCCCAAGTAAGGCTGCAGTGAGCTATGATTGCACCACTACACTCCAGCCTGGGGGAAAGAGCAAGACCTCATCTCTATAAATAAACAAATAAACAAACAAA","GGCCCAGTGCAGTGGCTCATGCCTATAATCCTAGTGCTTTGGGAGGCCAAGGCAGGAGGATCACTTGAGGCCAGGAGTTTGAGACCAGCCTGGGTAACATAGTGAGACCCTGTCTATACAAAACATTAAAAAAATTGAGCCAGGTGTGGTGGCACATGCCTGTAGTCTCAGCTACTTGGGAGGCTGAGGCAGGAGGATCGCTTGAGCCTGGGAGTTCAAGGCTGCAGTGAGTTATGATGGCCACTGCACTCCAGTCTGGATGATAGAGCAAGAACTCATCTCTAAAAAAATAAACAAAA"
"chr1","6236938","6237257","chr20","125151668","125152000","37","118914730","GCTGGGCGTGGTGGTTCACGCCTATAATCCCAGCACTTTGGGAGGCTGAGACAGGAGGGTCACTTGAGGCCAGGAGTGTGACACCAGCCTGGGTAACAGCAACACCCTGTCTCTACAAAAATTTTAAGAATATCCTTTTGTATCTACATATGAGAAAAAAAATTACTGGGTGTGGTGGCACACGCCTGCAGTCTCAGCTATTCAGGAAGGTGCAGTGGGAGGACTGCAAGTCAAGGAGGTGGAGGCTGCAGTGAGCCATGATTGTACCACTGCACTCCAGCCTGGGTGACAGAGCAAGACCCTGTCCCAAAAATAAAAAA","GCTGGGCATGGTGGTTCACACCTGTAATCCCAGCACTTTGGGAGGCTGAGACAGGAGGGTCATTTGAGGCCAGGAGTTTGAGACCAGCCTGGGTAACACAGCAAGACCCTGCCTCTACAAAAATTTTAAGAATATTCTTTAGCATCTACATATGAGAAAAAAAAATAACTGGGTGTGGTGGCACACGCCTGTAGTCTCAGCTATTCAAGGTGCGGTGGGAGGACTGCCTGAGTCCAGGAGGTGGAGGCTGCAGTGAGCCTCCTGCACCACTGGATTGCACCACTGCACTCCAGCCTGGGTGACAGAGCAAGACCCTGTCTCAAAAATAAAAAA"
"chr1","6240340","6240474","chr17","36090906","36091036","28","29850566","GGCTGGGTGTGGGGGCTCACACCTACAATCCCAGCACTCTGGGAGGCAGGAAATGTGAGACGATTGTTTGAAGCTAGGAATTTGAGACCAGCCGGGGCAATACAGCGAGACCCTGTCTCTACAAAAGTTAAAAAA","GACTGGGTGTGGTGGCTCATCCCTATAATCCCAGCACTTTGGGAGGCCAACGTGGGAGAAATGCTTGAGGCCAGGAGTTTGAGACCAGCCTGGGCAACACAATAAGACCCTATCTCTACAAAATAAATAAA"
"chr1","6247316","6247527","chr7","31763032","31763221","70","25515716","TTTGAGACCAGCCTGGGCAACATAGTGGGACCCAATATTTTGAGTCTCAACAAAAAGTTTTCAAATTGGCCAGGCGTGGTGGCTGGCATGCACCTTTAGTCTCAGCTACTTGGGAGGCTGAAGTGGGAAGATCACATAAGCCCAGATGACAGTGAGCTGTCATTGTTCCACTGCTCCCACTCTGCCTGCCCCACCCCTGAAAAAAAGAAAGA","TTTAAGATAAGCCTGGGCAACATAGTGAGACCTCACTTTTACCAAAATTTTTTTAAAATTAGCCTAGCATGGTGGCATACACCTGCGGTCCCAGCTACTTGGGAGGTTAAGGTGGGAGGATCATTTGAGCCCGAGAGATTGAGGCTGCAGTGAGCCATGATTGTGCCACTGCACTCCAGCCTGGGCAACA"
"chr1","6273412","6273714","chr4","63032435","63032729","65","56759023","GGCCAGGTGCGGTGGCTCCCGCCTATAATTCCAGCACTTTGGGGGGCCAAGGCAGGAGAATCCCTTGAATCCAAGAGTTTGAGACCAGACTGGGCAAGACAGCAAGACCCCCATCTCTCAAAAAAAAAAAATTTTTTTAATTAGCTGGGCATGGTAGCACATGCTTGTGGTCCCAGCCACTTGGGAGGCTCAGGTGGGAGGATGGCTTGATCCTGGGAGGTTGAGGCTGCTGCGAGCCATGACTGCACCACTGTACAGAGCCTGAGCAACAGAGTGAGACCCTGTCTCAAAAACAAAGAAAAA","GGCCAGGCCTGGTGGCTCATGCCTATAATCCCAGCACTTTGGGAGGCTGAGTTGGGAGGATCACTTGATCCCAGGAGTTTGAGACCAGTCTGGGCAACATAGCAAGACCCTATCTGTAGAAAAAAATATTTAAAATTATCTAGGCATGGTGGTATGTACCTGTGGTCCCACTTGGGAGGCTCAGGTGGGAGGATTGCTTGAGCTTAGGAGTCTGAGGCTGCAGTGAGCCATGATTGCACCACTGCACTCCAGCCTGGGTGACAGAGCAAGACCCTGTTTCAAAAACCAAAACAAA"
"chr1","6284950","6285078","chr20","125103873","125104005","15","118818923","GGCTGGGCGCTGTGGCTCACACCTGTAATCCTAACACTTTAGGAGGCCAAAGCGGGAGAACTACTTGAAGCCAGGAGTTCAAAACCAACCTGGGCAACCAAGTGAGACCCTGTCTCTATAAAAATAAAA","GGCTGGGCGCTATGGCTCACACCTGTAATCCTAACACTTTGGGAGGCCGAAGCGGGATAACTGCTTGAAGTCAGGAGTTCAAAACCAGCCTGGGCAACCAAGTGAGACTCTCTCTATAGAAATAAAATAAAAA"
"chr1","6292735","6293030","chrX","33272462","33272752","70","26979727","GTGGCTCATGCTTCTAATCTCAGTGCTTTGGGAGGCCAAGGTGGGAGGACTGCTGGAATCCAGGAGCTTGAGACCAGCCTAGGCAACATAGAGATAACTTATCCCTAAAAAAAAACTAAACAATGAGCCAGGCATGTTGGCATATGCCTGTAGTCCTAGTTTTTCGGGAGGTTGAGGGAGGAGGACTGCTTGACTCCAGGAGTTCAAGGCTGCTGTGAACTATGATCGGACTATTGCACTCTAGCCTAGGCAACAGAACAAAACCTCGTCTCTAACAAAAATAAAGTAAAATAAAA","GTGGTTCACATCTATAATCCCAGCACTTTGGGAGGACAAGGAGGGAGGATTGCTTGAGTCCAGGAGTTCGAGACCAGCCTCGGCAACATAGTGAGACCTCATATCTACAAGAAAAATCAAAAAATAGCCAGGCATGGTGGTGTGTGCCTGTGGTCCCTGCTATTCAGGAGGCTGAGTTGGGAGGATCGCTTGCACCCAGGAATTCAAGGCTGCAGTGAGCCATGATCATGCCACTGCACTGCAGCCTAGGTGACTAAACAAGACCTTGTCTCAAAAAAATAAAAATAAAAA"
"chr1","6308948","6309069","chr20","125076541","125076663","8","118767593","CCAGACGTGGTGGCTCGTGCCTGCAATCCCAGCACTTTGGGAGGCTGATGTGGGAGGATCCTTTGAGGCCAAGAGTTTGAGGCCAACCTGGGCAATATAGCAAGACCCCGTTTCTACAACAA","GCCAGACATGGTGGCTCATGCCTGCAATCCCAGCACTTTGGGAGGCTGATGTGGGAGGATCCTTTGAGGCCAGGAGTTTGAGGTCAACCTGGGCAACATAGAAAGACCCCGTCTCTACAACAA"
"chr1","6316466","6316734","chr1","9167420","9167696","51","2850954","GGCTGGGCGCGGTGGCTCACACCTGTCATCCCAGCACTTTGGGAGGCTGAGGTGGGAGGGTAGCTTCAGGCTAGGAGTTTGAGACCAGCCTGGGCAACACAGAAAGACCTCATCTCTACAAAAAATTTAAAAATTAGCTAGGCATGGTGGTGTGTGCCTGTAGTTGCAGCTACTTGGGAGGCTGAGGTGGGAGACTCACTTGAGCCTGGGAGGTCGAGGGTGCAGTGAGCCGTGATGGCACCAACACACTGCAGCCTGGGCGACAGAGC","GGCTGAGTGCAGTGGCTCACGCCTGTAATCCCAGCACTTTCAGAGGCCAAGGCAGGAGGATCGCTTGAGCCCAGGAGTTGGAGACCAACCTGGGCAACATAGCAAGAACCCATCTCTACAAAAAATTTAAAAATTGGCTGGGCATGGTGGTGTGCACCTGTAGTCTCAGCTACTTGGGAGGCTGAGGTGGGAGAATCACTTGAGCCTGGGAGGTCGAGGCTACACTCAGGTGTGTTTGCATCACTGCACTCCAGCCTGGGCTTCAGAGCAAGACTCT"
"chr1","6317355","6317654","chr20","125068436","125068737","23","118751081","CAGGCAAAGTGGCTCACACCTGTAATCCTAACACTCTGGGGAGCCAGGCTGGGAGGATCACATGAGGCCAGGAGTTCAAGACCAGCCTGAGAAACATAGCAAGACCCTGTCTCTACAAAACATTTTTTAAAAAATTAGGCGGGCTTGGTGGCGCACACCTGTATTCCCAGCTATTCAGGAGGCTGAGATGGGAGAATCACTTGAGCACAGGAGGTTGAGGCTGCAGTGAGCTATGATCACGCCACTACACTCTAACGTGGGCAACAGAGCAAGACCCTGTCTCACAAAAAAAGAAAGAAA","CCAGGCAAAGTGGCTCACACCTGTAATCCTAACACTTTGGGGAGCCAGGCTGGGAGGATCACATGAGGCCAGGAGTTTGAGACCAGCCTGAGAAAAAATATAGCAAGACCCTGTCTCTACAAAACATTTTTTTAAAAATTAGGCGGGCTTGGTGGTGCACACCTGTATTCGCAGCTACTCAGGAGGCTGAGATGGGAGAATCACTTGAACACAGGAGGTTGAGGCTGCAGTGAGCTACGATCACACCACTGCACTCCAACATGGGCAACAGAGCGAGACCTTGTCTCAAAAAAGGAAAGAAA"
"chr1","6318733","6319008","chr20","125067086","125067360","18","118748353","GCTGGGTGCAGTGGCTCACACCTGTAATCCCAACACTTTCCAAGGCCAAGGCAAGAGAATCATTTGAGGCCAGGAATTCGAGATCAGCCTAGGCAACATAGTGAGACCCCATCTCTACAAAAAATAAATTAGCTGGGCATGGTGGCACACACCTGTAATCCCAGCTGCTTGGGAAGCTAGAGCAGGAGGATTAGTTAAGCCCAGGAATTCAAGGCTGCAGTGAGCTATGATCTTACCATTGCACTCCAGCCAGGACAACAGAGAAGGACCCTGTCT","GCCGGGTGCAGTGGCTCACACCTGTAATCCCAACACTATGCAAGGCCAAGGCAAGAGAATCATTTGAGGCCAGGAATTCAAGATCAGCCTAGGCAACATAGTGAGACCCCATCTCTACAAAAAATAAATTAACTGGGCATGTGTGCACACACCTGTAATCCCAGCTGCTTAGGAAGCTGGAGCAGGAGGATTCGTTAAGCCTGGGAATTCAAGGCTGCAGTGAGCTGTGATCTTACCACTACACTTCAGCCAGGACAACAGAGAAGGACCATGTC"
"chr1","6325030","6325209","chr9","33758550","33758723","42","27433520","GGCTGGGTGCAACGGCTCACACCAGTACAGTAATCCCAGCACTTTGGTATCCCAAGGTGGGAGGACTGCTTGAGGCCAGGAGTTCAAGACCAGCTTGAGCAACACAGCGAGATCCTGACTCTACAAAAAAATTTAAAAAAATTAGCCAGGTGTACTTCCAGCACCTCAGGAGGCTAAGGC","GGCCAGGTGCAATGGCTCACACCTATAATCCCAGCAGTTTGGGAGGCCAAGGTGGGAGAATTGCTTGAGGACAGGAGTTCAAGACCAACTTGGGCAACACAGTGAGATCCTGTCTCTACAAAAAATAAAATTAAAAAATCAGGCAACTGTATTAGAACTTTGCTGTAGTCCTAG"
"chr1","6344790","6345100","chrX","90804654","90804964","61","84459864","GGCCAGGCACGGTGGCTCACACCTGTCATCTCAGCACTTTGAGAGGCTGAGGCGGGCAGATCACTTGAGACGGGAGTTCCAGACCAGCCCGGCAACGTAGCAAGACCCTGTCTCTACAAAAAATACAAAGCTTAACCAGGTATGGTGGCGGGCACCTATAGTCCTAGCTACTCTGGAGGCTGAGGTGGGAGAATTACCTAAGCTTGAAGAGGTGGAGGCTGCAGCGAGCCATGATTGCACCACTGTACTGCAGCCTGGGTGACAGAGTGAGACCCCATATCAAAAAAAAAAAAAAAAGAAAGAGAAAAGAA","GGCCAGACATGGTGGCTCACGCCTGTAATCCCAGCACGTTGAGAGGCCAAGGCAGAAGATCACTTGAGGCCAGGAGTTCAAGACCAACCTGGGCAACACAGCAAGACCTCATCTCTACAAAAAATTTAAAAATTAACCAGGCATGGTGGTGCACACCTGTAGTCTCAGCTACTCAGAAGGCTGAGGTGGGAGGATCACCTGAGCCCAGGAATTTCAGGCTGTAGTGAGCTATGATTGCAGTACTGCCCTCCAGCCTGGGTGACAGAGTGAGACCCCATCTCAAAAAAAAAAAAAAGAAAGAAAAAAGAAAA"
"chr1","6364631","6364740","chr8","122252706","122252803","34","115888075","TGAATTTTAAAAAAGAAAGAAAATGCTTGAGGCTGGGTGTGATGGCTCACACCTGTAATCCCAGTAACATGGGAGGCCCGAGGTGGGAGAGGATCACTTAAGGCCAGGAG","TTGCCTGTAGAAAAAGATGTTAGCCAGGCAAGGTGGCTCACACCTGTAATCCCAGCACTTTGGGAGGCTAAGGCGGGTGGATCACTTGAGGCTAGGAG"
"chr1","6365050","6365192","chr5","26824233","26824373","30","20459183","GGCCAGGCACAATGGCTCACGCCTATAGTCCCAGCATTTATAGAGGCTGAGGCAGGTGGATTACTTGAGCTCAGAAGTTCGAGGTCAGCCTGGACAACATAGTGAGAACCCGTCTCTATAATTTAAAAAAAAAAAAAAAAAGA","GGCCAGGTGTGATGGCCCACGCCTGTAATCCCAGCACTTTGGGAGGCAGAGGCAAGAGGATTGCTTGAGGCCAGGAGTTCGAGACCAACCTGGGCAACATAATGAGAACTCATCTCTACAAAAAAAAAAAAAAAAAAAAAG"
"chr1","6376433","6376600","chr20","125012785","125012948","29","118636352","TACAAAGAAATTTTACAGGTATGGTGGCGCGCCTGTAGTAACAGCTACTTGGGATGCCGAGGTGGGAGGATTGTTTGAGGTTGGGAGTTCAAGGCTGCAGTGAGCTATGATCGCACCCCAGCACTCCAGTCTGGGTGACAGAGTGAGACCCTGTTTCAAAAAAAGAAA","TTTACAGGTATGGTAATATGCCTGTAGTAACAGCTACTTGGGATACTGAGGTGGTAGGATTGTTTGAGATTGGCAGTTCAAGGCTGCAGTGAGCTATGATCGCACCCCAGCACTCCAGTCTGGGTGACAGAGTGAGACCCTGTTTCAAAAAACAAAGTTTTTAA"
"chr1","6376835","6376936","chr20","125012162","125012277","26","118635327","TGGACCATGCGTGTAATCCCAACACTTTGGGAGGCCGAAGTGGGAAGACTGCTTGAAATCAGCAGTCTCAAAAAAAAAATCTTGTTTTTTTTGAGACAGGGT","TGGCCCATGTGTGTAATCCCAACACTTTGGGAGGCCAAAGTGGGAAGATTGCTTGAGACCAGGAGTCTCAAAAAAAAAAAAATTTTGTTTTTGAGACAGGGTCTCACTCTGTCACC"
"chr1","6378783","6379085","chr6","2173195","2173490","72","4205588","GGCCGGGCATGTTGGCTCACATCTGTAGTCCCAGACCTTTGGGAAGTGGAGGCAGGAGGATTGCTTGACCTGAGGAGACCAAGACCAGCCTAGGCAACATAGCAAGACCTCATCTCGACTAAAAATTAAAAAAAAAAAAAAATTAGCCAGGCGTGATGGTGCACGCCTGTGGTCCCAGCTACTAGGGAGGCTGAGGTGGGAGGATCACTTGAGCCTGGGAAGTTCACCAGAGTGCCACTGCACTCCAGCCTGGGCAACAGAGTGAGCCTGTCTTAAAAAAAAAAAAAAAAGAAAGAAAGAAAA","GGCTGGGCACGGTGGCTCACGCCTGTAATCCCAGCGCTTTGGGAGGCTGAGATGGGAGGATCGCGTGAGGTCAGGAGTTTGAGACCAGCTTGGGCAACATAGGAAGACTCCCTCTCTACAAAAAAAAAAAATTAGCCGGGTGTAGTGGCACACACATGTGGTCCCAGCTACTAGGAGGCTGAGGTGGGAGGATCGCTTGAGCCCAGGAGGTGGAGGCTGCAGTGAGCTGTGAACTCCAGCCTGGGCAACAGAGAAAGACCCTGTCTCAAAAAAAAAAAAAAAAAAAAAAAAAAAAA"
"chr1","6388608","6388918","chr5","14757791","14758102","64","8369183","GGCTGGACACAGTGACTCACGCCTGTAATCTCAACACTTTGGGAGGCAGAGGTGGGAGGATTGCTTGAGCCCAGGAGTTTGAGATCAGCTTGGGTGATATAGCTAGGTCCCATCTCTCCAAAAAATAAATAAATGAGACAGGCATGATGGCGTGTGTCTGTAGTCTCAGCTACTCGGTGGGAGGCTGAGGTGGGGGGAGGATCACTTGAGCCCAGTAAGTCGAGGGTGCAGTGAGCTATGATCACACCACTGCGCTCCAGCCTAGGTGACAAAGCGAGACCTGGTCTCAAAATCAAAAACAAAAGCAAAAA","GGCTGGATGCAGAGGCTCACACCTGTAATCTCAGCACTTTGGGAAGCCAAGGTGGGAGGATTGCTTGAGGCCAGCAGTTTGAGACCAACATGGGCAACAAAGCAAGACCCCATCTCTACAAAAAGTTAAAAAATGAGCCAGGCATGGTGGTGTGTGCCTGTAGTCCCAGCTACTCAGGAGGCTGAGTTGGGAGGATCACTTGAGCCCAGGAGGTTGAGACTAAAGTGAGCTATGATCATGCCACTGCACTCCAGCCTGGGCAACAGAGCAAGATCCTGTCTCAAAACAACAATAACAACAATAAAACAAAAA"
"chr1","6392580","6392874","chr9","22231606","22231897","59","15839026","GCCAGGTGAGGTAACTCATGCCTGTAATCTCAGCACTCTGGGAGGCCAAGGCAGGAGGATCACTTGAGCCCAAGAGTTTAGACAAGCCTGGGCAACATAGCAAAACCTCATCTCTACAAATATTTTTTTAAAAAATAATCGGGCATGGTGGTGTGCATCTGTGGTCCCAGCTACTCAGGAGGAAGGTTGAGGTGGGAGGATGGCTTGGGCCCAAGATGTTGAAGGCAGTGAGCTATGATCATGCCATTGCACTTCAGCCTGGGCAAGAGAATGAGACCCTCTCTCAAAAGAAGAA","GGCCAGGCACAATGGCTCATGCCTGTAATCCCTGCACTTTGGGAGGCCAGGATGGAAGGATCTCTTGAGCCCAGGAGTTTCAGACCAGTCTGAGCAACACAGCAGGACCTCATTTCTACAAAACATTTTTAAAACATTAGCTGGGCATGGTGGTGTGCACCTGTAGTCCCAGCTGCTCAGGAGGCTGAGGTGGGAGGATTGCTTGAGCCCAGGAGTTTGAGGCTGCAGTGAGCTATGATCATGCCGCTGCACTCAGTGTGGGCAACAGAGTGAGACCCTGTCTCTAAAAAAA"
"chr1","6393551","6393863","chr25","50394187","50394499","62","44000636","GGGCATGGTGGCTCATGCCTGTAATCCCAACACTTTGGGAGGCTGACATAGAAAGATCGCTTGAGGCCAGGAGTTCAAGACCAGCCTGGGCAACATAGCAAGACTCTATCTCTACCCAAAAAAAAAAAATTAATTAGTGGGGTGTGGTGGCACATGCCTGTAGTCCCAGCTACTCAGAAGGCTGAGGCAGGAGGGTTGCTTGATCACAGGAATTGGAGACTGCAGTGAGCTATGATTGTGCCACTGCACTCCAGCCTGTAGGAGAGAGCAAGCCCCTCTATGAAAAAAAAAAAAAAAGAAACCAAGAAAGAAA","GGTTGGGTGCAGTGGCTCACGCCTGTAGCCCCAGCACTTTGGGAGGCCGAGGTTGGAGGATTGCTTGAGGCCAGGAGTTCGAGACCAGCCTGGGCAACATAGCAAGACCCCATCTCTACAAAAAAAAAAAATGTTTTAGTGAGGTGTGGTGGCACACACCTGTAGTCCTAGCTACTCCGGAGGCTGAGGTGGGAGGAATGCTTGAGACAAGGAGTTTGAGGCTACAGTGAGCTATGATTGAGCCACTGTACTCCAGCCTGGGTGACAGAGCAAGACCCTGTCTCTAAAAAGGGAGGAAAAAAAAGAAAAGAAA"
"chr1","6399903","6400242","chr8","30459597","30459928","79","24059694","GGCTGGGCACGGTGGCTCACACCTACAATCCCAGCACTTTGGGCAGCTGAGGCAGGAAGGTTGCTTGAGCCCAGGAGTTCAGGACCATCTTGGGCAATATAGATAGACCTCATCTCTACCAAGATTTTTTTTTTAATTAGCTGATCATGTGGCACACACCTGTAATCACAGCTTCTCAGAAGGCTGAGGTGGGAGGATTGTTTGAGCCCGGGAGGTCGAGACTGCAGTGAACCAGATCATGCCACTGTACTCCAGCCTGGGCAACAGAGGAAGAGCCTATCTCAACAAACAAACAAAATAAATAAATAAAAAAGAAAGAAAGAAACAAAAGAAAAAGAAA","GGCTGGGCACAGTGGGTCACATCTGTACTCCCAGTACTTTGGGAGGCTGAGGAGAGAGGACTTCTTTGAGGCCAGGAGTTTGAGACCAGCCTGGGCAACATAGCAAGACCCCATCTCTATAAAAAATATAAAACTTAGCCGGGCATGGTGGCACATGCCTGTAGTCACAGCTACTTAGGAGACTGAGGTGGGAGGATTGCTTGAGCCCAGGAGGTTGACACTGCAGTGAGTCATTATCCCACCACTGCACTCCAGCCTGGGGCACAGAGCAAGACTCCGTCTCAAAAAAAAATAAAAAAAAAAAAAAAAAAAAAGAAAGAAAAGAAAAAAAA"
"chr1","6404378","6404589","chr20","24477419","24477638","47","18073041","GCCAGGCATGGTGGCTCACAACTATCTCAGCACTTTAAGAGACCAATGTGGGAGGACTGCTTGTGGTCAGGAGTTCCAGACCAGCCTGGACAACACAGGGAGACCCTGTATCCACTAAAAAATTTAAAAATTATCCAGGTGGTGCAGTCCTGTAGTCCTAGCTACTTGAGAGGCTGAGGTGGGAGGATCGCCTGAGCCCAGGAGTTTGAGAC","GGCCAGGCACAATGCCTCACACCTGTAATCCCAGCACTTTGGGAGGCCAAGGCGGGTGGATCACTTGAGGTCAGGAGTTCAAGACCAGCCTGGCCAACATGTTGAAACCCTGTCTCTACAAAAAATACAAAAAAATTAGCCAGGCACGGTGGCATGCCTGTAGTCCCAGCTACTTGGGAGGCTGAGGCGGGAGGATCGCTTGAGCCTAGGAGTTGGAGAC"
"chr1","6412894","6413203","chr25","50394187","50394499","64","43981293","GGCCGAGTGCTATAGCTCACACAAGTAGTTCTAGCACTTTGGGAGGCCAAGGCAGGAGGATTACCTAAGCCCAGGAGTTTGAGAACAGCCTGGACAACATAGCGAGACCCCGTCTCTACAAAAAAAAAAAAGAATTATTAGCCAGGTGTGATGGTTTGCACCTGTAATCCTAACTACTCAGGAGGCTGAGATGGGAGAATCCCTTGAGCCCAGGAGTTTGAGGCTACAGAGAGCTGTGATGATGCCACTGCCCTCTAACACAGGTGACAGAGCAAGAACTTTTCTCAAAAAAAAAAAAAAAGAAAAGAAA","GGTTGGGTGCAGTGGCTCACGCCTGTAGCCCCAGCACTTTGGGAGGCCGAGGTTGGAGGATTGCTTGAGGCCAGGAGTTCGAGACCAGCCTGGGCAACATAGCAAGACCCCATCTCTACAAAAAAAAAAAATGTTTTAGTGAGGTGTGGTGGCACACACCTGTAGTCCTAGCTACTCCGGAGGCTGAGGTGGGAGGAATGCTTGAGACAAGGAGTTTGAGGCTACAGTGAGCTATGATTGAGCCACTGTACTCCAGCCTGGGTGACAGAGCAAGACCCTGTCTCTAAAAAGGGAGGAAAAAAAAGAAAAGAAA"
"chr1","6418551","6418858","chr20","124970949","124971257","23","118552398","GGCTAGGCCCAGTAGTTCATGCCGTAATCCCAGCACTTTGGGGCCGAGGCAGAATAATCACTTGAGGCCATGAGTTCTAGATCAGTCTGGGCAACACAGCAAGATGTCACTACAAAAGAATATAAAACATTAGCAAGGTGTGGTGGTGCGCACCTGTAGTCCCAGCTACTCAGGAAGCGAAGGCAGAAGGATCACTTGAAGCCAGGAGTTCGAGGGTGCAGTAAGCTATGATCGCACCACTGCACTTCAGCCTGGGTGACAAAGCAAGACCCTGTCTCAAAAAAAAAAAAAGAAGAAGAAGAAAGAAA","GGCTAGGTCCAGTAGTTCATGCCTGTAATCCCAGCACTTTGGGGCCAAGGCAGAAGAATCACTTGAGGCCAAGAGTTCTAGATCAGTCTAGGCAACACAGCAAGACGTCACTACAAAAAAATATAAAAGATTAGCAAGGTGTGGTGGTGCACGCCTGTAGTCCCAGCTACTCAGGAAGCGAAGGCAGAAGGATCACTTGAAGCCAGCAGTTCGAGGGTGCAATGAGCTATGATCATGCCACTGCACTTCAGCCTCGGTAACAGAGCAAGACCCTGTCTCAGAAAAAAAAAGAAGAAGAAGAAGAAAGAA"
"chr1","6419100","6419398","chr20","124970405","124970691","32","118551305","GGCTGGGTGAGGTGGCTCACGCCTGTAATCCCAGCACTTTGGGAGCCCAAGGTGGGTGGATGGCTTGAGGCCAGGAGTTCGAGATCAGCCTGAGCAACATGGCAAAACCCTGTCTTTACAAAAAATACAAAAGTATGCCAAGTGTGGTGGTGCACGCCTGTAGTCCCAGCCACTTGGGAGTCTGAGGTGGGAGGATCATCTGAGTCCAGGGATGCAGAGGTTGCAGTGAGCTGTGGTTGTGCCACTGCACTCCAGCCCGGGTGACAGAGCAACACACTGTCTCAAAAAATAAAATAAAA","GGCTCACACCTGTAATCCCAGCACTTTGGGAGCCCAAGGTGGGTGGATGGCTTGGGGCCAGGAGTTTGAGATCAGCCTGAGTAATATGGCAAAGCCCCGTCTTTACAAAAAATACAAAAGTATGCTGAGTGTGGTGGTGCACGCCTCTAGTCCCAGCTGCTTGGGAGGCTGAGGTGGGAGGATCATCTGAGTCCAGGGATGCAGAGGCTGCAGTGAGCTGTGGTTGTGACACCGCACTCCAGCCTGGGTGACAGAGCAACACCCTGTCTCAAAAAAATAAAATAAAA"
"chr1","6427429","6427713","chr7","130354222","130354505","56","123926793","GGTCAGGCGTGCTGGCTTATGCCTGTAATCCGTGCACTTCAAGAGGCTGAGGTGGGAGGATCACTCGAGCTCAGGAGTTTGAGACCAGCCTGGGCAACAAGGTGAGACCCTGTCTCTACAAAACTTAAAAATTAGCTGGGCATGGTGGTGCATGCTTGTGGTTCTAGCTACTGGGGAGGCTGAGGTGGGAGGATTACTGTAGCCCAGGAGTTCGAGGCTGCAGTGAGCTTTGATGGCACTACTGCACTCCAGCCTGGGCGACAGAGCAGGACCCTGTCTAAAAAA","GGCCAGGTGTGGTAGCTCATGCCTGTAATCCCAGCACTTTGGGAGGCTGAGGCTGGAGGATCACTTAAGCTCAGGAGTTTGAGACCAGCCTGGGCAATGTAGTGAGTCCTCATCTCTACAAGACATAAGAATTAGTTAGGCATGGTGGTGCACACCTTTAGCCCCAGCTACTCGGGAGGCTGAGGTGGGAGGATCACTGGAGTCCAGGAAGTCAAGGCTTCAGTGAGCTATGATTACGCCACTGCACTCCAGCCTGGGCAACAGAATGAGACCTTGTCTCAAAA"
"chr1","6440527","6440839","chr8","71372984","71373294","65","64932457","GGCAGGGCATGGTAGCTCACACTTGTAAATCCCAGCACTTCGGGAGGCTGAGGCAGACGGACTGCTTGAGACCAGGAGTTCAAGACCAGCCTGGGCAATACAGCAAGACCCCACCTCTACGAAAAAGAGGAAAAAAAAACCTAAGCAGCCATGGTGACACACACCTGTAGTCCCAGTCACTCAGGGGGCTGAGGCAGGAGGATCATTTCAGCACAGGAGGCCAAGGCTGCAGTGAGCTATGGATTGCACTACTGCACTCTAGTCTGGGCAACAGAGCGAGACCCTGTCTCTAAAAAAAAATAAGATAAAAGAA","GGCTGAGTGCTGTGGCTCACACCCGTAATCTCAGCACTTTGGGAGGCTAAGGCAGGAGGATAAGTGAGGCCAGGAGTTCAAGATCAGCCTGGGCAACACAGCAAGACTCTGCCTCTATCAAAAATTAAGGAAATGAAATAAGAATTAACCAGTCATGGTGGCACACTTCTGTAGTCCCAGCTACTCAGGAGGCTGAGGCAGGAGGATGACTTGAACCAGGAGTTCCAGGCTGCAGTGAGCTATGATTGCACCACTGCACTCCAGTCTGGGCGACAGAGAGAGACCCTATCTGAAACAAACAAACAAAAAAA"
"chr1","6447882","6448205","chr20","124939332","124939643","29","118491450","GGCCGGGCACGGTGGCTCACGCCTGTAATCCCAGCCCTTTGAGAGACTGAGGCAGGTGGATCGCTTGAGCTGGCCAAGAGTTCAAGACCAGCCTAGGCAACATAATGAAACCCCTGTCTCTACTAAAAACATAAAAATCAGCCGGGCGTGGTGGTGTATGCCTGTGTTTTCCAGCTAAGTCCTCAGCTTAGGGGGCTGAGGTGGGAGGATCACTTGAGCCCAGGCTGTCGAGGCTTCAGTGAGCTGAAATTGTGCTACTGCACTCCAGCCTGGGCGACAGAATAAGACCTTGTCTCAAAAAAAAAAAAGAAAGAGAGAGACAAA","GGCCAGGCACGGTGGCTCACACCTGTAATCCCAGCCCTTTGAGAGACTGAGGCAGGTGGATCGCTTGAGCTGGCCAGGAGTTCAAGACCAGCCTAGGCAACATAATGAAACCCCTGTCTCTACTAAAAACATAAAAATTAGCCGGGCATGGTGGCATATGCCTGTGTTTCCAGCTAAGTCTTCAGCCTGGGGCGGTGAGGTGGGAGGATCACTTGAGCCCAGGCTGTCGAGGCTTCAGTGAGCTGAAACTGCACCACTGCACTCCAGCCTGGGTGACAGAATAAGACCTTGTCTCAAAAAAAAAAAAAAAAA"
"chr1","6479207","6479499","chr20","124906885","124907187","39","118427678","GCGGGAGCTCCCACCCATAATCCCAGCACTTTGGGAGGCTGAGGCAGGAAGACTGCTTGAGCCCAGGAGTTCAAGACCAGACTGGGCAACATGGCGAGCGAGATTCCATCTCCAAAAACAATGTATAAATTAGCTGGGCGTGGCACACACCTATAGACCCAGCTACTCAGAAGGCTGAGGTGGGAGGATAGCTTGAGCCCGGAAGGTCGAGGCTGCGGTAAGTTATGATTGCGCCACTACACTCCAGCCAGGGCAACAGAACACGACTCTGCCTCAAAAAGAAAAATTAAAAA","GGCCGAGCATGGGCGGGAGCTCCCACCCATAATCCCAGCACTTTGGGAGGCTGAGGCAGGAAGATTGCTTGAGTACGGGAGTTCAAGCCCAGCCTGGGCAACATGGCGAGCGAGACTCTGTCTCCAAAAACAATGTATAAATTAGCTGAGCGTGGCACACGCCTATAGACCCAGCTACTCAGGAAGCTGAGGTGGGGGCATAGCTTGAGCCTGGAAGGTTAAGGCTGCGGTGAGTTATGATTGTGCCACTACACTCCAGCCAGGGCAACAGAGCAAAACTCTGTCTCAAAAAAAAATGAAAAA"
"chr1","6483352","6483634","chr22","51293260","51293540","54","44809908","GGCTGAGCACGGTGGCTCACACCTGTAATCCCAGCACTTCGGGAGGCTGAGGCAAGACGATCATTTGAGGCCAGGAATTCAAGACCAGCCTGGGCAAGACAGCAAGATCCTATCTCCACAAAACATAAAAAACGTTGCCAGGCATGGTGTCCCATGCCTGTAGTCCTAACCATTCAGGAGGCTGAGGCAGGAGGATCTCTTGGGTCCAGGAATTTGAAGCTGCAGTGAGCTATAATCGCACCATTGCACTCCAGCCTGGGTGACAGAGAGAGAATCTGTCTCA","GGCTGGGTACAGTGGCTCACACCTATAATCCCAGCACTTTGAGTGGCTGAGGCAGGAGGATCACTTGAGGCCAGGAATTCAGGACCAGCCTGGGCAACATAGTAAGATCTCATCTCTAAAAAAACTTAAAAATTAGCTGGGCATGGTGGCAAGTGCCTGTAGTCCCAGCTACTTGGGAGGCTGAGATGGGAGGATCCCTTGAGTCCAGGAGTTTGAGGCTGCAGTAAGCCATGATTGCACCACTGCACTCCAGCCTGACTGACAGAGCAAGACTCTGTCTC"
"chr1","6491005","6491290","chr20","124892271","124892547","29","118401266","GGCCAGGTGCAGTAGCTTATGCCTGTAATCCCAACACTTTGGGAGGACGAAATGGGAGGATCACTTGAGACTAGGAGTTCAAGGCCGGGGAAACGTAGGGAGACTCTGTCTTTACCACATAAAAATAAAACTATTAGCCAGATATGGTGGTGCACCCCTGTGGTCTCAGCCACTCTGGAGGCTGAGGTATGAGAGGATTGTTTGAGGCCAAGGAGTTGAAGTCTATGGTGAGCTATGATCAAGCTGGGAGACAGAGTGAGACCTTCAAAGAAAACAACAACAAAAA","GGCCAGGTGCAGTAACTTATGCCTATAATCCCAACACTTTGGGAGGACAAAATTGGAGGATCGCTTGAGGTTAGGAGTTCAAGGCCGGGAAGGAGACTCCGTCTTTACAAAATAAAAATAAAACTATTAGCCAGGTATGGCTGGCGCAGTCCTGTGGTCTCAGCCACTCTGGAGGCTGAGGTATGAGGGGATTGTTTGAGGCCGAGGAGTTCAAGGCTATGGTGAGCTATGATCAAGCTGGGAGACAGAGTGAGACCTTCAAAGAAAACAAACAAAA"
"chr1","6522935","6523220","chr20","65581891","65582189","77","59058956","GGCTAGGCATGGTGGCTCATGCCTGTAACCCCACACGTTGGGAGGTTGAGACAGGAGGATCATTTGAGGCCAACAGCTCGAGACCAACCTGGACACATAGCGAAACCCTGTCTATACAACAAAAACAAAAAAGTTAGCTGGGCGTGGTGGTATGCACCTCTGGTCCCAGCTACTCCAGAGGCAAGCCTAGGCATTTGAGGTCACAGTGATGATCATCGTGCTACTGAACTCCAGGCTGGACAACAGAATAAAACCCTGTCTCTATTAAATTAAAAATAAAAATAAA","GGCTGGATGCAGTGGCTTATGCCTGTAATCCCAGCACTTTGGGACACTGAGGCAGGAGGATCACTTGAGACCAAGAGTTCAAGACCAGCCTGGGCAGCCTAGCAAGACCCTGTCTCTGCAAATAATAATAATAATAAATTAGCCAGGCATGGTGGCATCCACCTGTGGTCCCAGCTACTCAGGAGGTTGAGTCCAGGAGGTGAAGGCTGCAGTGTGCCATGATCATGCCACTGCACTCCAGCCTGGGCAACAGAGTGAGACCCTGTCTCAAAAAATACAAAAAACAAGCAAAAAAAAAA"
"chr1","6533410","6533714","chr20","124848616","124848911","27","118315206","GGCTGGGCAGGGTGGCTCATCACCTATAATCCTAGCATTTGGAGAGGAAAGCAGGAAAACTGCTTGAGGCCAGGAGTTCCAAGACCAGCCTGGGCAAAATAGCAAGACCTCGACTCCACAGAAAAATTAAGAAATCAGCTGGGCATGGTGGCCCCCACCTGTGGTCCTAGCTACTCAGGAGGCTAAGGCAGGAGGATCACTTGAGCTCAGGAGGTCAAGGCTGCAATAAGCTGTGATCATACCACTGCACTCCCTCCAGCCTGGGCAACAGAGTGAGACTTCACCTCAACAAAAAAAAAAGAAAA","GGCTGGGCGGGGTGGCTCGTCACCTATAATCTTAGCATTTTGGGAGGAGAGCAAGAAAACTGCTTAAGGCCAGGAGTTCCAAGACCAGACTGGGCAAAATAGCAAGACCTCGACTCCACAGAAAAATTAGGAAATCAGCCAGGCATGGTGGCCCCCAGGTCCGAGCTACTCAGGAGGCTAAGGCAGGAGGAGCACTTGAGCTCAGGAGGTCAAGGCTGCAGTAAGCTGGAATCATACCACTGCACTCCCTCCAGCCTGGGCAATAGAGTGAGACTTCACCTCAAAAAAAAAAAAAA"
"chr1","6547406","6547744","chr11","31624318","31624641","74","25076912","GGCCACGTGTGGCGGCTCACGCCTGTAATCCCAGCAGTTTGGAAGGCCGAGGCGGGAGGATCGCTTGAGCTCAGGAGTTCGAGATCAGTCTAGGCAACACAGCAAGACCCCGTCTCTGCCAAAAATTTAAAAAAAAAAAAAAAAAATTAGCTGGGCATGGTGGCGCATGCCTGTAGTTCCAGATATCGAGTGGCTGAGGTGGGAGGATTGCTTGAGCCTGGAAGTTTGAGGCTGCTGAGGCTGCTGTGAGCTATGTTGTTCATGCTACTGCATTCCAGCCTGGGGCGACAGAGCAAGACTCTGTCTCAAAAATCAAAAAAAAAAAAAAAAAAGAAAGAA","GACCAGGTGTGGTGGCTCATGCCTGTAATCCCAGGATTTGGGAGGCCAAGGAGGGAGGATCACTTAAGACCAGGAGTTTGAGACCAGCCTGGGCAACAAAGCAAGACTCTGTCTCTACAAAACATTAAAAAAAAAAAAAAAAATTTAGCTGAGTGCACTGGTGCACACCTGTAGTTCCAGCTAATCTGGAGGCTGAGGTGGAAGGATTGCTTGAGTCTAGAAGGTCAAGGTTGCAGTGATCTCTGATCATATCACTGCACTCCAGCCTGGGCAACAGAGCAAGACACTCTCTCTTAAAAAAGAAGAAAAAAAAGAAAAAAGAAA"
"chr1","6569988","6570248","chr19","12460520","12460773","63","5890532","GGCTGGGTGCAGTGGCTCACAGCTGCAGTCTCAGCGCATTGGGAGGCTGACGTGGTCGATTGCTTGAGGCCAGTTCAAGATCAGCCTGAGCAACATGGCAAAATCCCATCTCTATAAAATAAATGAATGAATGAATGAATATTAGCTGGGCATGGTGGTGCATGCCTGTGGTCCTAGCTACTCGGGAGGCTGAGGCAGGAGGATCACCTGAGCCCTAGAGTTTGAGGCTACAGTGAGTTATGATTGTGCCACTGCACTCTA","GGCTGTGCACAGTAACTCACACCTATAATCCCAGCACTTTGGGAAGCTGAGGCAGGAGGATCACTTGAGGCCAGAGTTCAAGACCAGCCTGGGTAACATAGGAAGACCCCATCTCTACAAAAATAATTTTAAAATATTAGCTGGGCATGGTGGTGTGTGCCTGTAGTCCCAGCTACTCGGGAGGCTGAGGCCAGAGTATCGCCTAAGCCCAAGAAGTCAAGGCTTCAGTGAGCCATGATCATGCCACTGTCCTC"
"chr1","6594366","6594665","chr20","124797959","124798259","25","118203593","GTGGCTCATGCTATAATCCCAGCACTTTGGGGGGCTGAAGCAGGAGGATCACTTGAGTCCAGGAGTTCGAGAGCAGCCTGGGCAACATAGTGAGACCCCTATTTCTACACAAAAATAATGATAAAAAATTAGCTGGATGTGGTGGCCTATAATCCCAGCTACTTGGGAGGCTAAGGTGAGAGGATCACCTGAGCCCAGGAGATCAAGGCTGCAGTGAGCTATGATTGTGCCATTGCACTCCAGCCTGGGTGACAGAGTGAGACCCGTCTCTAAAAAAATAAAAAATAAAACCAAAACAAA","GTGGCTCATGCTGTAGTCCCAGCACTTTGGGAGGCTGAAGCAGGAAGATCACTTGAGTCCAGGAGTTCAAGAGCAGCCTGGGCAACATAGTGAGACCCCTATTTCTACACAAAAATAATGATAAAAAATTAGCTGGATGTGGTGGCCTATAATCCCAGCTACTTGGGAGGCTAAGGTGAAAGGATCGCCTGAGCCCAGAAGATCAAGGCTGCACTGAGCTGTGATTGTGCCAGCACACTCTAGCCTGGGTGACAGAGTGAGACCTTGTCTCTAAAAAAAAATAGTAATAATAAAACCAAAA"
"chr1","6598145","6598445","chr25","45605802","45606094","69","39007657","GATGGCTCATCCCTGTAATCCTGGCACTGTGTGAGGCTAAGACAAGAGTTCAGAAGGCCAGGAGTTCAAGGACCAGCCTTGGCAGTATAGCAAGACCTCGGCTCTAAAAAAATCTTTTAAAAATTAGCCAGGCATAGTGGCATGTGCTTGCAGTCCTAGCTACTCAGGAGGCTTAGGGAGGAGGATTGCTTGAGCCCAGGTATTCAGGCTGTAGTGAGCTATGATCACACCACTGTACTCCAGCCTGGGTGACAGATTGAGACCTTGTCTCTAAAAAAAGAAAAAAAAAAAAAGAAGAGAA","TGGCTCATGCCTATAATCCCAGCACTTTGGGAGGCCAAGGCAGGAGGATCAGTTGAACCCATGGGTTCAAGACCAGCCTGGGCACCATAGTAAGACCTCGTCTCTACAAATTTTTTTTTTCTAATTAGCCAGGCATGGTGGCATATGCCTGTAGTCCTAGCTACTCGGGAGGCTAAGGTGGGAGGATTGCTTGAGTCCAGGAGGTAAGGCTGCAGTGAGCTATGATCACACCACTGCACTCCAGACTGCACAACAGAGCAAGGCCCTGTCTCAGAAAAAAAAAAAAAAAAAAA"
"chr1","6636197","6636503","chr20","124757135","124757449","20","118120938","GGCCAGGCATGGTGGCTCATGCCTGTAATTCCAGCACTTTGGGAAGCTGAGGTAGGAGGATCACTTGAATCCAGGAGTTTAAGACCACCCTAGGCAACATAATAGGGAGACCTTGTCTCCACAAAAAAATTAAAAATTAGCCATGTGTAGTGGTGCATGCCTATGGTCCCAGCTACTCAGAAGGCTGAGATGGGAGGATCACTTGAGCCCAGGAGGTTAAGGCTGCGGTGAGCCATGATCACACTACTGCACTCCGGCCTGGGTTTCAGAGTGAGACCCTGCCTCAAAAAAATAAATAAAATAATAA","GGCCAGGCATGGTGGCTCACGCCTGTAATTCCACCACTTTGGGAAGCTGAGGTAGGAGGATCACTTGAATCCAGGAGTTTAAGACCATCCTGGGCAACACAATAGGGAGACCTCGTCTCCACAAAAAAATTTAAAAATTAGCCATGTGTAGTGGTGTATGCCTGTGGTCCCAGCTACTCAGAAGGCTGAGATGGGAGGATCACTTGAGCCCAGGAGGTTAAGGCTGCAAGTGAGCCATGACCACACTACTGCACTCCAGCCTGGGTTTCAGAGTGAGACCCTGCCTCAAAAAAAAATAAATAAATAAAACAATAA"
"chr1","6771390","6771609","chr20","124620514","124620727","29","117849124","CAGCCTGGGGAACACAGGAAGACCCCACCTCTCCAAAAAAAAAATTTTTTTAATTAGCCAGGCATGGTGATGTACTCCTGTGGTCCCAGCTACTCAGGAGGCTGAAGTGAGAGACTCACTTGAGCCCAGGAGATCGAGGTTGCAGTGAGCCAAGATTGCACCACTGCACTCCAGCCTGGGTGGCAGAGCAAGACCCTGTCTCAAAAAAAAAAAAAAAAAA","AGCCTAGGGAACACAGGAAGACCCCATCTCTCCAAAAAAAAAAAAAATTTTTTTTAATTAGCCAGGCGTGGTGATGTACTCCTGTGGTCCCAGCTACTCAAGAGGCTGAGGTGAGAGACTTGCTTAAGCCTAGGAGATCAAGGTTGCAGTGAGCCAAGATTGCACCATTGCACTCCAGCCTGGGCAGCAGAGCAAGACCCTGTCTCAAAAAAAA"
"chr1","6782842","6783038","chr20","124606443","124606639","17","117823601","CCATCCTGGGAAACATAGTGAGACCCTGTCTTAACAAAAAATACAAAAGTCAGCCGAGCATGGTGATACACGCCTGTAGTCCTAGCTACCCAGGAGGCTGAAGTGGGAGGATCATTTGAGCCCAGGAGTTCAAGGCTGCAGTGAGCTATGATCACACACCACTGCACTCCAGCCTGGGCAAGAGAACAAGACTCTGT","CCATCTTGGGAAACATAGTGAGACCCCATCTCTACAAAAACTACAAAAATCAGCCGAGCATGGTGAAGCATGCCTGTAGTCCTAGCTACCCAGGAGGCTGACGTGGGAGAATCGTTTGAGCCCAGGAGTTCAAGGCTGCAGGGAGCTATGATCACACACCACCACACTCCAGCCTGGGAAAGAGAACAAGACTCTGT"
"chr1","6788757","6788953","chr20","124606443","124606639","17","117817686","CCATCCTGGGAAACATAGTGAGACCCTGTCTTAACAAAAAATACAAAAGTCAGCCGAGCATGGTGATACACGCCTGTAGTCCTAGCTACCCAGGAGGCTGAAGTGGGAGGATCATTTGAGCCCAGGAGTTCAAGGCTGCAGTGAGCTATGATCACACACCACTGCACTCCAGCCTGGGCAAGAGAACAAGACTCTGT","CCATCTTGGGAAACATAGTGAGACCCCATCTCTACAAAAACTACAAAAATCAGCCGAGCATGGTGAAGCATGCCTGTAGTCCTAGCTACCCAGGAGGCTGACGTGGGAGAATCGTTTGAGCCCAGGAGTTCAAGGCTGCAGGGAGCTATGATCACACACCACCACACTCCAGCCTGGGAAAGAGAACAAGACTCTGT"
"chr1","6800185","6800404","chr20","124620514","124620727","29","117820329","CAGCCTGGGGAACACAGGAAGACCCCACCTCTCCAAAAAAAAAATTTTTTTAATTAGCCAGGCATGGTGATGTACTCCTGTGGTCCCAGCTACTCAGGAGGCTGAAGTGAGAGACTCACTTGAGCCCAGGAGATCGAGGTTGCAGTGAGCCAAGATTGCACCACTGCACTCCAGCCTGGGTGGCAGAGCAAGACCCTGTCTCAAAAAAAAAAAAAAAAAA","AGCCTAGGGAACACAGGAAGACCCCATCTCTCCAAAAAAAAAAAAAATTTTTTTTAATTAGCCAGGCGTGGTGATGTACTCCTGTGGTCCCAGCTACTCAAGAGGCTGAGGTGAGAGACTTGCTTAAGCCTAGGAGATCAAGGTTGCAGTGAGCCAAGATTGCACCATTGCACTCCAGCCTGGGCAGCAGAGCAAGACCCTGTCTCAAAAAAAA"
"chr1","6821264","6821455","chr20","124582335","124582526","23","117761071","GCAGTGGCTCACGCCAGTAATCCCAGCACTTTGGGAGGCTGAGGTAGGAGGATCACTTGAGCTCAAGAATTCAAGACCAGCCTAAACAACATGGTGCGACCTCTTCCCTAAAAAAATTAAAAATTAACCAGGCATGGTGGCACGCACCTGTGGTCCCAGCTACTCAGGAGGCTGAGGTGGGAGGATCTCTTG","GCAGTGGTTCATGCTGGTAATCCCAGCACTTTGGGAGGCTGAGGTAGGAGGATTGTTTGAGCTCAGGAATTCAGTACTAGTCTGGGCAACATAGCAAGACCTCTTCCCTAAAAAAATTAAAAATTAGCCAGTCATGGTGGCACGCACCTGTGGTCCCAGCTACTCAGGAGGCTGAGATGGGAGGATCCCTTG"
"chr1","6825266","6825579","chr6","39322200","39322511","60","32496934","GGCCAGGGGTGGTGGCTCATGCCTGTAATCGCAGCACTTTGGGAGGCCAAGGCAGGAGGATCACTTGAGGCCAGGAGTTTGGGAACAGCCTGTGCAACACAGCAAGACCCCATCTCTACAAAAAAAATTTTTTTTAATTAGCCAGGTATGATCCTGTGCAACTGTAGCCCTAGCTACTTGCGAGACTGAGGTGAGAGGATTGCTCGAGCCCAGGAGTTCAAGGCTGCAGTGAGCTAAGATTGCGTCATTGCACTTCAGCCTGGGTGACAGAGCAAGACCCCGTCTCAAAAACAAAAACAAGAACGAAAACAAAA","GGCCAGGCACGGTGGCTCATGTCTGTAATCTCAGCACTTTGGGAGGCTGAGGCAGAAGGATCACTTGAGGCCAGGAGTTCAAGAATAGCCTGAGCAACACAGGGAGACCCCTTCTCTATAAAAAATTTAAAAATTAACCAGGCGTGGTGGTGTGCACCTGTAGTCTTAGCTACTCGAGAGGCTGAGGAGGGAGGATTGCTTGAGCCCGGTAAGTCGACGCTGCAGTGAGCTGTGATTATGCCACTGCACTCCAGCATGGGTGACAGAGCAAGACCCTGTCTCAAAAAAACAAAAAAAGAAAGAAAAAAAAAA"
"chr1","6833510","6833782","chr20","124557533","124557806","18","117724023","GCTGGGTACAGTGGCTCACACCTGTAATCCCAGGACTTAGGGAGGATTGTTTGAAGCCAGAAATTTGAGACCAGTCTGGGCAACATAGTGAGACCCTGTCTCTACCAAAAAGGTAAAAATTAGCTGGGTATGGTGGCACATGCCTGTAGTCCTAGCTACTCGGGAGGCTGAGGTGGGAGGATCACTTGAGGCTAGGAATTCGAGGCTGCAGTGAGCTATGATTACCCCACTGCATTCCAGACTGGGTGACAGAGCAAGACTCTGTCTCTAAAA","GCTGGGTACAGTGGCTCACACCTGTAATCCCAGGACTTTGGGAGGATTGTTTGAGGCCAGAAATTTGAGACTGGTCTGGGCAACATAGTGAGACCCCATCTCTACCAAAAAATGTAAAAATTAGCCGGGTATGATGGCACATGCCTATAGTCCTAGCTACTTGGGAGGCTGAGGTGGGAGGATCACCTGAGGCTAGGAATTTGAGGCTGCGGCAAGCTATGATCACCCCACTGCATTCCAGACTGGGTGACAGAGCAAGACTCTGTCTCTAAAA"
"chr1","7057597","7057713","chr20","124353369","124353485","4","117295772","GGCTGGGCACTGTGGCTCATGCCTGTAATTCCAACACTTTGGGAGGCCAAGGTGAGAGGATTGCTTGAGGCCAGGAGTTTGAGACCCTCCAAACCTCAACATGGTGAGACCCCCGTC","GGCTGGGCACTGTGGCTCATGCCTGTAATTCCAACACTTTGGGAGGCCAAGGTGATAGGAGTGCTTGAGGCCAGGAGTTTGAGACCCTCCAAACCTCAACATGGTGAGACCCACATC"
"chr1","7058011","7058049","chr20","124353028","124353071","7","117295017","AAGACCCCCATCTTTAAAATTTTTTTTTAATTAGCCGGA","TCTGAGACCCCCATCTTTACAAATTTTTTTTTAAATTAGCCAGA"
"chr1","7058367","7058541","chr22","33899685","33899854","30","26841318","AAGCTGAGTGTGGTGGTTAGTGCACACCTGTAGTCCCAGCTACTTGGGAAGCTGAGGCGAGAGGATCATTTGAGGTCAGGAGTTCGAGGCTGCAGTGAGCTATGATTGCGCCACTGCGTTCCAGCCTGGATGACAGAGTGATACTATATCTCTTAAAAAAAAAAAAAAAAAAAAA","CGCTGGGTGTGGTGGTGCACACCTATAGTCCCAGCTACTTGGGAGGCTGAGGTGCGAGGATCACTTGAGCTCAGGAGGTTAAGGCTGCAGTGAGCCATAACTGCACTACTGCGTACCAGCCTGCGAGACAGAGTGAGACTTCATCTCATTTAAAAAAAAAAAAAAAAAAA"
"chr1","7206110","7206382","chr20","124217098","124217360","22","117010988","TCGAGGGGCCGAAATGGGAGGATTGATTGAGCCCAGGAGTTCAAGACCAACCTGGGCAACATAGTAAGAGCCCCGTCCCTAAAACAAACATAAAATAAAAATTAGCTGGGCATAGGGGTGTGTGCCTGTAGTCCCAGATACTTGGGAGGCTGAGGTGGGAGGATCACTTGAGCCCAGGAGGCTGTGGTGTGCTGTGACTATACCACTGCACTCCAGTCTGGGTAACAGAGTGAAATCTGTCTCTAAAAAAAAAATAGAAAGAAAGAAATGAAA","TCGGGGGGCCGAAATGGGAGGATTGATTGAGCCCAGGAGTTCAAGACCAACCTGGGCAACATGGTGAGAGCCCCGTCCCTAAAAAACAAAATAAAATAAAAATTAGCTGGGCATAGGGATGGGTGCCTGTAGTCCCAGATACTTGGGAGGCTGAGGTGGGAGGATCACTTGAGCCCAGGAGGCTGCGACTGCACCACTGCACTCCAGTCTGGGCAACAGAGTGAAATCTGTCTCTAAAAAAAAAAAGAAAGAAAGAAATGAAA"
"chr1","7318626","7318932","chr11","65033931","65034241","55","57715305","CCAGACGTGGTGGCTTACGCCTGTAATCCCAGCACTCTGGGTGGCCAAGGCAGGAGGGTTACTTGAGCCCAGGAGTTCAAGATCAGCCTGGGCAACATGGCGAGACCCTGTCTCTACAAAAAATAGAAAAATTAGCCAGATGTGGTGGTGCACACCAGTAGCCCCAGCTACTTGGGAGGCTGAGGTGGAAGGATCACTTGAACCTAGGGAGTTCAGGGCTGCAGTGAGCTGAGATGGCGCCACTGCACTCCAGCCTGGGCAACAGAGCAAGACCTTATCTAAAGAAAAGAAGAGAGAGAAGAGAAGA","GGCCAGGCGTGGTGGCTTACACCTGTAATCCCAGCAGTTTGGGAGGGCAAGGTGGGAGGATCACCTGAGGCCAGAAGTTCAAGACCAGCCTGGGTAATATAGCAAGACCCTGTCTCTACAAAAAATACAAAAATTAGCCAGGTGTGGTGGTGCATGCCTGTGGCCCCAGCTACTTGGGAGGCTAAGGTGGGAAGATCACTTGAGCCTGGGAAGTCGAGGCTGCAGTGAGCTGTGATCATACCACTGCACTCCAGCCTGGGCAACAGAGCGAGACTCCGTCTCAAAAAAAAAAAAAAAAAAAAAGAAAGAAA"
"chr1","7380031","7380192","chr20","124047321","124047484","11","116667290","TAGCCAGGCGTGGTGGCTTTCACCTCTAATCTCTGCACTTTGGGAGGCCAAGGCAGAAGGATCGCTTGAGCCCAGGAGTTCAAGGCTGCAGTGAGCCATGATCATGCCACTGCTATGCAGCCTGGGCAACAGCAAGACCCTGATTCAAAAAAAAGAAAAAGA","GCCAGGCATGGTGGCTTTCACCTCTAATCTCTGCAGTTTGGGAGGCCAAGGCGGAAGGATCGCTTGAGCCCAGGAGTTCAAGGCTGTAGTGAGCCATGATCATGCCACTGCTCTGCAGCCTGGGCAACAGCAAGACCCTGATTCAAAAAAAAGAAAAAGAAAAA"
"chr1","7382009","7382297","chr20","124044446","124044742","39","116662437","TGGCTCACACCTGTGATCCCAGCATGTTGGGAGGTCGAGGCAGGAGGATCTCTTGAAGCCAGGAGTCTGAGACTAGCCTAGGCAACATAGCAAGACCTCATCTTTAAAAAAGATTTAAAACAAATAGCTGAACACAGTGGCACACACCTATAGTCCCAGCTACTCAGGAGGCTGAAGCAGGAGGATTGCTTGAGCCCAGGAGTTTGAGGCTGCGGGTGAGCCATGATTACACCACTGCACTCCAGCCTGGGTGACAGAGCGAGACCCTGTCTCAAAAAAAAAAAAGGAA","GGCCAAGTGTGGTGACTCACACCTGTAATCGTAGCACTTTGGGAGGTCAAGGCAGGAAGATCTCTTGAGGCCAGGAGTCTGAGACTAGTCTAAGCAACATGGCAAGTCCTCATCTTTAAAAAAAATTTAAAACAAATAGCTGGACACAGTGGCACACGCCTATAGTCCCAGCTACTCGGGAGGCTGAAGCAGGAGAATTGCTTGAGCCCAGGAGTTTGAGGCTGCAGTGAGCCACAATTACACCACTGCCCTCCAGCCTGGGTGACAGCAAGACCCTGTCTCAAAAAAAAAAAAAAA"
"chr1","7387679","7387985","chr5","43910172","43910481","57","36522493","GCTGGGCACAGTGTCTCATGCCTGTAATCCCAGCACTTTGAGGCTGAGGCAGGAGGATCACTTGAACTCAGGAGTTGGAGACCAGCCTGGGCCACAGAGTAAGACCCTATCTCAACAAAACATAAAAAAATTAGCTGGGCATGGTGGCATGGGCCTGTAGTCCCAGCTACTCTGGAGGCTGAGATGGGGGGATCACGTGAGCCCAGAAGGTGGAGGCCACAGTGAGCTTCAATCATGCCACTGCACTCCAGCCTGGGCAACAGAGTGAGACCCTGTTTCAAAAACAAAATAAAACAAAGCAAAACAA","GGCTAGGCACAGTGGCTCACGCATGTAATCTCAGCACTTTGGGAGGCCGAGGCAGGAGCATCGTTTGAGCCCAGGAGTTGAGACCAGGCTAGGCAACATAGGGAGACCCTGTCTCTACAAATAATTTTTTAAAATTAGCTGGGCATGGTGGCATGTGTCTGTGGTCCCAGCTACTCAGGAGGCTGAGATGGGAGGATCACTTGAGCCTGGGAGGTCGAGGGTGCATTGAGCTGTGATCATGCCACTGACTCCAGCCTGGGCAACAGAGTAAGACACTGCCTTCAAAAAACAAAACAAAACAAAACAACAA"
"chr1","7394485","7394612","chr16","15335705","15335827","19","7941220","GCTGGGCATGGTGGCTCATGCCTGTAATTGCAGCACTTTGGAAGGCTGAGGCAGGCAGGAGGATAGCTTGAGGCCAGGAGTTCAGGACCAGTCTGGGCAACATAGCAAGACCGCAGCTCTGAAAAAAA","CTGGGCATGGTGGCTCATGCCTCTAATCCCAGCACTTTGGAAGGCCAAGGGAGGAGGATCGCTTGAGGCCAGGAGTTTAAGACCAGCCTGGGCAACATAGCAAGACCCTGTCTCTACAAAAAA"
"chr1","7405051","7405363","chr20","124022425","124022733","35","116617374","GGCTGGGCGTGGTGGCTCACGCCTATAATCCCAGCGCTGTAGGAGGCCAAGACGGGAGGATTGCTTGAGCCCAGGAGTTCAAGACCAGCCTGAGCAACATACTGAGACCCCGTCTCTATAAAAAAAAAAATTTATTTAATTAGCCAAGCGTGGTGGGACATCCCTGTGGTTCCCAGCTACTCAGGAGGCTGAAGTGGGAGGATCACTTGAGCCCGGGAGGTTGAGGCTGCAGTGAGCCATGATCACTCCACTGCACTCTGACCTGGTCAACAGAATAAGACCCTGTCTCAAAAAGAAGAAAAAAAAAAAAAAA","GCTGGGCGTGGTGGCTCACGCCTATAATCCCAGCACTTTAGGAGGCCAAGACGGGAGGATTGCTTGAGCCCAGGAGTTCAAGACCAGCCTGGGCAACATACTGAGACCCTGTCTCTCGAAAAAAAAATTTAAAAGTTAGGCGTGGTGGTACATCCCTGTGGTCCCAACTATTCAGGAGGCTGAAGTGGGAGGATCACTTGAGCCTGGGAGTTGAGGCTGCAGTGAGCCATGATCACTCCACTGCACTCCAACCTGGTCAATAGAATAAGACCCTATCTCAAAAAAAAAAAAAAAAAAAAAAAAAAAAAA"
"chr1","7451956","7452220","chr20","123976576","123976846","21","116524620","GGCTAGGTGCGGTGACTCATACCTGTAATCCCAAAGCTTTGGGAGGCCAGGAGTTTGAGACCAGCCTGGGCAACATAGCGTCTCTACAAACAATTGTTAATAATTAACCAGGCATGGTAGTGCACACCTGTAAGTCCCAGCTACTCAGGAGGCTGAGACAGGAGGATTGCTTGAGCCCAGGAATTCAAGGCTGCAGTGAGCCATGATCATGCCACTGCCCTCTAGTCTGGGTGACAGAGTGAGACCTTTTCTCAAAAAAAATAAA","GGCTAGGCGTGGTGACTCATACCTGTAATCCCAAAGCTTTGGGAGGCCAGGAGTTCGAGACCAGCCTGGGCAACATAGCATCTTTACAAACAATTGTTAATAATTAACCAGGCATGGTAGTGTACACCTGTAAGTCCCAGCTACTCAGGAGGCTGAGACAGGCGGATTGTTTGAGCCCAGGAATTCGAGGCTGCAGTGAGCCATGATCATGCCACTGCACTGTAGACTAGGTGACACAGTGAGATCTTTTCTCAAAAAAAAATAAAAGAAA"
"chr1","7473565","7473872","chr11","113245005","113245304","62","105771440","GATGGCTCACATCTATAATCCCAGCACTTTAGGAGGCCAAGGCAGGAGGATCACTAGAGCCCAGGAGTTCGAGAACAGCCTGGGCAACACAGTGTGACCCTGTCTCTACAAAAAAAAAATAAATAAATAAAATTAGTCAGGCGTGATGGTGCGTGCCTGTGGTCCTAACTACCCTGGAGGCTGGGGTGGGAGGATCACTGAAGCCCGGGAGTCTGAGGCTGCAATGAGCCATGATCACACACTGCACTCCAGCCTGAGTGACAGAGCAAAACCCTGTCTCAAAGCAAAGCAAAACAACAACAAAAAAA","GGTGGCTCACGCCTATAATCCCAGTACTTTTGGGAGGCTGAAGCAGGAGGATCATTTGAGGCCAGGAGTTTGAAATCAACCTGGGCAACATAGGGAGACCTTGTCTCTGCAAAATAAAAATAGAAATAAATTAGCCAGGCTTGGTGGTGCATGCCTACAGTCCCAGCTACTCTGGAGGTTGAGGCAGGAGGATCACTTTAGCCTGGGAGTTTGAGGCTGTAGTGAGCCATGATCACACCACTGCACTCTAGTCTGGGCGACAGAGTGAGACCCTGTCTCAAAGAAGAAGAAAACAAAAAA"
"chr1","7480351","7480627","chr28","14627970","14628242","52","7147619","GTGTCTCATGCTTATAATCCCAGCAATTTGGGAGGCTGAGGCAGGAGGATCACTTGAGGCCAGGAGTTCAAGACTGGCCTGGGCAACATAGTGAGACCCCATCTCTACAAAAAATTTAAAAACAAAAATTAGTTGGGCATGGTGGTATGTGCCTGTAGTCCCAGCTACTTAGGAGGCTGAGGCAGGAGGGTTGCTTGAGTCCAGGTGTTCAAGGCAGTAGTGAGCCAGAATTGCACCACTGCACTCCAGGCTGGGCATCAGAGCAAGACCCTGTCTC","GTGGCTCACACCTATAATCCCAGTGCTTTGGGAGGCCGAGGCAGGAGGATCACTTGAGCCCAGGAATTGGAGACCAGCCTGGGCAACATAGTGAGACCCCCATGTCTACAAAAGCATTTAAAAATTAGCTGGGCGTGGTGGCACACACCTGTATTCCCAGCTATTTGGGAGGCTGAGGTGGGAGGATGGCTTAAGCTCAGAAGTTCAAAGCCGCAGTGAGCTATGATTGCACCACTGCACTCCAGCCTGGGCAACAGAGCAAGACCTTGTCTC"
"chr1","7492009","7492309","chr6","49183773","49184058","73","41691764","GGCCAAGCATAGTGGTTCACAACTGTAACCCCAGGGACTCAGGAGGCCAAGGAGGTAAGATTGTTTGAGGCCAGGAGTTTGAGACCAGCCTGGGCAATACAGTGAAACCCCATCTCTACAAAAAATGTTTAAATTAGCCAAGTGTGGTGACCCACACCTGTAGTCCCAGCTACTTGGGAGGCTGAGGCAGGAGGATCAATTGAGCCTAGCTTGAGCCCATCTTGGGTTCGTTGCTACAGTGAGTTCTGATCACATTACTGTACTCCAGCTGAGGGACAGAGCAAGACCCTGTCTCTAAAAA","GGCCAAGTGAAGTGACTCATGCCTGTAATCCAGTGCTTTGAAAGGCTGAGCCGGGAAGATCAGTTGAGGCCAGGAGTTTGAGACCAGCCTGGGCAACATAGTGAGACCCCCTTTCTACAAAAAAGTTAAAAATTAGCCAGGTGTGGTAGCACATGCTTGCAGTCCCAGCTACTCAGGAGGCTGAGGCAAGAGCATCACTTGAGCCCAGGAGTTCAAGGCTGCTGTGAGCTATGATCACACTACTGCACTCCAGCCTGGGTGACAGAGTGAGACCCTGTCTCAAAAA"
"chr1","7503659","7503959","chr20","123923985","123924285","12","116420326","GGTTGGGCGTGGTGGCTCACACCTGTAATCCTGGCACTTTGGGAGGCCAAGATGAGAGGACTGCTTGAGGCCAGGAGTTTGAAACCAGCCTGGGCAACACAGTGAGGTTCCATCTCCATAAAAATAAAAAATTAGCTGAGTGTGGTGGTACATACCTGTAGTCCTAGCTACTCAGGAGGCTAAGGTTGGAGGATTGCTTGAGCCCAGGAGTTTGAGGCTACAGTGAGCTATGATTGCATCAGTGCACTCTAGCCTGGGTAACAGAGTGACACCTTGTGTCAAAACAACAACAACAACAAAA","GGTTGGGCATGGTGGCTCACACCTGTAATCCTGGCACTCTGGGAGGCCAAGATGAGAGGACTGCTTGAGGCCAGGAGTTTGAAACCAGCCTGGGCAACATAGTGAGGTTCCATTTCCATAAAAATAAAAAATTAGCTGAGTGTGGTGGTACGTGCCGGTGGTCCCAGCTACTCAGGAGGCTGAGGTTGGAGGATTGCTTGAGCCCAGGAGTTTGAGGCTACAGTGAGCTATGATTGCATCAGTGCACTCTAGCCTGGGTAACAGAGTGAGACCTTGTGTCAAAACAAAAACAACAACAAAA"
"chr1","7509541","7509837","chr20","123917438","123917739","31","116407897","GCTGGGTGCGGTTGCTCATACCTATAATCCTAGCACTTTGGGTGGCTGAGGCAGGTGGACTGCTTGAGCTCAAGAGTTCAAGACCAGCCTGGGCAACGTGGCAAAACTCCATCTCTACAAAAATTAAAAAATTAGCTGGGCATGGTGGTGTGTGCTAGCTACTCGGGAGGCTGAGGTGGGAGGCCTGCTTGAGCCCAGGAGACTGAGGCTGCAGTGAGCCATGATCTGCACTCCAGCCTGGGTGACAGAGTGAGACCTTGTCTAAAAAAAAAAAAAAAAAAAAAGAAAAAAGAAAAA","GCTGGGTGTGGTGGCTTATACCTATAATCGCAGCACCTCGGGTGGCTGAGGCAAGTGGACTGCTTGAGCTCAAGAGTTCAAGACCAGGTTGGGCAACACGGCAAAATCCCATCTCTACAAAAATTTAAAAATTAGCTGGGCATGGGTGGTGTGTGCTAGCTACTCGGGAGGCTGAGGTGGGAAGACTGCTTGAGCCCAGGAGACTGAGGCTGCAGTGAGCCATGATCATGCCACTGCACTCCAGCCTGGGCGACGGAGTGAGACCTTGTCTAAAAAAAAAAAAAAAAAGAAAGAAAAAGAAA"
"chr1","7525105","7525386","chr20","123899954","123900246","24","116374849","GCCATGCATGGTGGTTTGCGCCTGTAATCCCAGAGGGTTGGAAGGCTGAGGCTGAGGCAGGAGGATTGCTTGAGGTTAAGATTTTGAGACCAGCCTGGGCAACACAGTGAGACGCCATCCGAAAAAAAAAAATTAGCTGAGCGTGGTGGCATGTGCCTGTGGTTCCAGCTATTTCGAAGGCCAAGGTAGAATTGCTTGAGCCTGGGAGGTCAAGGCTGCAGTGAGCCATGATCACGCCACTGAACTCCAGCCTGGGTGACAGAGTGAGATCCTGTCTCAAAA","GCCATGCATGGTGGCTTGCGCCTGCAATCCCAGAGGGTTGGAAGGCTGAGGCTGAGACAGGAGGATTGCTTGAGGTCAAGATTTTGAGACCAGCCTGGGCAACACAGTGAGACCCCATCTGTAAAAAAAAAAAAGGAAAAAAGTTAGCTGGGCATGGTGGCATGTGCCTGTGGTTCCAGCTATTTGGAAGGCCAAGGTAGAATTGCTTGAGCCTGGGAGGTCAAGGCTGCAGTGAGCCATGATCATGCCACTGAACTCAAGCCTGGGTGACAGAGTGAGATCTTGTCTTAAAA"
"chr1","7534466","7534755","chr21","75119248","75119536","53","67584782","GGCTGAGCATGGTGGTTCCGTAATCCCAGAACTTTGGGAGGCTGAGGCGAGAAGATCACTTGAGGCCAGGAGTTCCAGACCAGCCCGAGCAACACGGGGAGACCCCATCTCTACAAATACGATTTTAAAAATTAGCCAGGCTTGGTGGCACACACCCGTGGTCCCAGCTACTCGGGAGGCTGAGGTGGGAGGATCATTTGAGCCCAGGAGGTCAAGGCTGCCATGAGCCAAGATTGTGCCACTGCACTCAGCCTAGGTGACAGAGTGAGACCCTGTCTCAAATAAACAAA","CTGGGTGCAGTGGCTCGCACCTGTAATCTCAGCATTTTGGAGGCTGAGGTGGGAAGATGACTTGGGCCCAGGAGGTCAAGACCAGCCTGAGGAACATAGCGAGACCCCATCTCTATAAAAATTTTAAAAATTAGCCAGGCTTAGTGGCACACACCTATAGTCCCAGCTACTTGAGTGGCTGAGATGGGAGGATCACTTGAGCCCAGGAGGTTGAGGCTACAGTGAGCTGTGATAGTGCCACTGCACTCCAGCCTGGGTGACAGAGTGAGACCCTGTCTCAAAAAAAAAA"
"chr1","7548721","7548994","chr8","9922028","9922301","56","2373307","TGACTAACACCTGTAATCCCAACACTTTGGGAGGCTGAAGGGGGAGCATTGATTGAGCCTGGGAGTTTTAGATCAGCCTGGGCAACATAGTGAGACTCCATCAGTATAAAAAATTCTAAAAAATAGGCAGGCATGGTGGCACACACCTATAGTCCCAGCTACTCAGGAGGCTGAGATGGGAGGATCACCTGAGCCCAGGAGGTCAAGGCTGCAGTGAGCTGTGATCGCGCCACTGCACTCTAGCCTGGGTGACAGAGCAAAACCCTGTCTCAAA","GGCTCACACCTGTCATCCCAGCACTTTGGGAGGCCAAGGCAGGAGGATGGATTGAGCCAGGAGTGTGAGACCAGCCTGGGCAACATAGTGAGACCTGTCTCTACAAAAATTTTTTAAAATTAGTCAAGCGTGGTGACTTGCGCCTGTGGTCCCACTTACTTGGGAGGCTGAGGTGGGAGGATCATTTGAGCCTGGGAGGTCGAGGCTGCAGTGAGCTGTGATCACGCCACTGTGCTCCAGCCTGGGCGACAGAGCGAGACCCTGTCTCTAAAAA"
"chr1","7550880","7551175","chr20","123875204","123875505","24","116324324","CCAGGTGTGGTGGCATATGTGTGTAACCCCAACACTTTGGGAGGCCAAGGTGGGAGTATTGCTTGGGCCCTGGAGATCAAGACAAGCCTGGGCAACAAAGGGAGACGCCATCTCTACAAACACTTTAACAATTAGCTGAGTGTAGTGGATAGTGCCTGTAGTTCCAGCTACTTGGGTGGCTTAGGTGGAAGTATTGCTTGAGCCCAGGAAGTCAAGTCTGCAGTGAACTATGATAGTGCCACTGCACTCCAGCCTGGGCAACAGAGTGAGTTCCTGACTCTAAATAAATAAATAAA","GGCCAAGTGTGGTAGCATATGTGTGTAACCCCAATACTTTGAGAGGCCAAGGTGGGAGGATTGCTTGGGCCCTGGAGATCAAGACCAGCCTGGGCAACAAAGGGAGACTCCATCTCTACAAAAACTTTAAAAATTAGCCGAGCGTAGTGGATAGTGCCCGTAGTTCCAGCTACTTGGGAGGCTCAGGTGGAAGTACTGCTTGAGCCCAGGAAGTCAAGGCTACAGTGAACTATGATAGTGCCGCTGCACTCCAGCCTGGGCAACAGAGTGAGTTCCTGACTCTAAATAAATAAATAAATAAA"
"chr1","7556127","7556403","chr14","80297889","80298176","60","72741762","GTGGCTCATGCCTATAATCCTAGCCTTTCGGAGGCTGAGGCATGTGGTTTACTTGAGCCCAGGAGTTTGAGACCAGCCTGGACAACATAAGACCCAGTCTCTACAAAAAAAAAAAAAAATTACCTGGACATGGTAGCGCATGAATGTAGTCCCAGCTACTCGGGAGGCTGAGGTGGGAGGATCGCTTGAGTCCAAGAGGAGGCGGAGGTTGCGGTGACCCACCACTCCAGCCTGGGCAACAGAGCAAGACCCTCTCTCCAAAAGGAAAAAAAAAAAA","GTGGCTCACACCTGTAATCCCAGCACTCTGGGAGGCTGAGGCAGGAGGATTGCTTGAGCCCAGGAGTTTGAGTCCAGCCTGGGCAATATAGCAAGACCCGACTTCTACAAATTTTTTTTTAAATAATTAGCTGGGCATGGTGGCACATGCCTGTAGTCCCAGCTACTCAGGAGGCTGAGGTGGGAGGATCGCTTGAGCCCAGGAGGTCAAGGCTGCAGTGATTACGCCATCACACTGCTGCCTGGGTGACAGAGCAAGACCCTATCTCAAAAAGAAAAAAAAAAATAA"
"chr1","7559387","7559466","chr6","4863005","4863084","15","2696382","AAAAAAAAAAAAAAAGAACCAGGCATGGTGGCATGCACCTGTGGTCCCAGCTACTCGAGAGGCTGAGGTGGAAGGATCAC","AAAAAATAAATAAATAAGTAACTGGGCATGGTGGTGCACGCCTGTAGTCCCAGCTACTCAAGAGGCTGAGGTGGAAGGAT"
"chr1","7571259","7571379","chr20","123853800","123853920","14","116282541","GGCCGGGGAAGCTGGCTCACTTCTTCAGCACTTTGGGAGGCCAAGGCGGGAAGATCACGTGAGGTCAGGAGTTCAAGACCAGCCTGGCTAACATAGCGAGACCCCCGTCCCTATAAAAAAT","GGCCGGGGACACTGGCTCACTTCTTCAGCACTTTGGGAGGCTGAGGTAGTAACATCACGTGAGGTCAGGAGTTCAAGACCAGCCCTGCCAACATAGCGAGATCCCCGTCTCTATGAAAAAT"
"chr1","7594348","7594638","chr20","123836291","123836580","24","116241943","CTGGGTGTGGGGGCTCATGCCTGTAATCCCAGTACTATGGGAGCCAAGGCAGGAGGATCAGCTGAGTCCAGGAGTTCTAGACCAGCTTGGGTAACAGAGCAAGACCCTGTCTCTACAAAACATTTAAAAATTAGCCAGGGGTGGTGGCACATGACTGTGGTCTCAGCTACTCTGGAGGCTGAGGTGGGAGGATCACTTGAGCCCAGGAAGTTGAGGCTGCATTGAGCCGTGATCATGCCACTGCACTCCCGCCTGGGTAATAGAGCAAGCAAGACCCTGTCTTCTAAAAAA","CTGGGCGTGGGGGCTCACGCCTGTAATCCCAGTACTATGGGGGCCAAGGCAGGAGGATTGCTTGGGTCCAGGAGTTCTAGACCATCTTTGGTAACACAGCAAGGCCCTGTCTCTACAAAACATTTAAAAATTAGCCAGGGGTGGTGGCACATGCCAGTGGTCTCAGCTATTCTGGAGGCTGAGGTGGGAGGATCACTTGAGCCCAGGAGGTTGAGGCTGCAGTGAGCCATGATCGTGCCACTGCACTCCAACCTGGGTAATACAGCAAGCAAGACCCTGTGTTCCAAAAA"
"chr1","7604884","7605162","chr20","120145779","120146056","54","112540895","GACCAGGCGCGGTGGCTTATGCCTGTAATCCCAACACTTTGGGAGGCCAAGGCAGGAGGATTGCTTGAGCCCAAGAGTTTGAGAGCAGCCTGAGCAACATAGCAAGACCCCGACTGTACCAAAAAAATAAAAAATTAGCCAGGTGTAGTGGTGCGTGCCTGTAGTCCCAGCTACTGGGGAGGCTGAGGTGGGAGGATTGGTTGAGCACAGGAGGTGGAGGTTGCAGTGAGCCAATATCAAGCCACTGCACTCCAGCCTGGCACAGAGCAAGGCACTCTC","GGCTGGGCACGGTGGCTCACGTCTGTAATCCCAGCACTTTGGGAGGCCGAGGCAGGAGGATTGCTTGAGGCCAGGAGTTTGAGACCTGCCTGACCAACACGGCAAGACCCCATCTCTACAAAAAATAAAAATTAGCCTGGTGTGGCGGCACATGCCTGCAATCCCAGCTACTCAGGAGGCTGAGGTGGAAGGATTGCTTGAGCCCAGAACATTGAGGCTGCAGTGAGCCATGATCATACCACTGCACTCCAGTCTGTGATAGAGTGAGACCCTGTCTC"
"chr1","7606342","7606560","chrX","45203839","45204056","47","37597497","GCATGGTGGCTCACGCCTGTAATCTCAACGCTTTGGTAGGCTGAGGCCAGAGGATCACTTGAGACCAGGCGTTGGAGACCAGCCTGAGCAATATAGCAAGACCCCATCTCTACAAAAATTAAAAAACAAACAAAAATTAACTGATGGTGCATGCCTGTGGCCCCAGCTACTCGGGAGACTGAGGTGGGAGGATCACTTGAACCCAGGAGTTTGAGGCTG","GGGTAGGGTGGCTCACGCCTGTAATCCCAGCACTTTGGGAGGCCAAGGCAGGAGGATCACTTGAGGCCAGGAGTTCAAGACCAGCCTGGGCAACAAAGCAAGATCCCATCTCTACAAAAAAAAATTTAAAAATAGCTGGGTGTGGTGGCACATGCCTATGGTCCCAGCTACTTGGGAGGCTGAGGTGGGAGGATTGCTTGAGCCCAGGAATTTGAGAC"
"chr1","7626730","7626990","chr6","11668104","11668371","60","4041374","ATCCCAACACTCTGGGAGGCCGAGGCGGGAGGATTGTTTGAGCCCAGGAGTTGGGGACCAGCCTGGACAACATGGCAAGACCCTGTCTCTACAAAAAATTTAAAAAATTACACGCCTATGGTCCCAGCTACTTGAGAGGCTGACAGCACAGTGGGGGAATCACTTGAGCCCAGGAGGTCAAGGCTGCAGTGGGTCGTGATCTCATGCCACTGCACTCCAGGCTGGATGACAGAGTGAGATTGTGTCTCTAAAAAAAAAAAA","TTCCAGCACTTTGGGAGGCCGAGGTGGGAGGATCATTTGAGCCTAGGAGTTCGAGACCAGCCTGGGCAACATAGCAAGACCCTGTCTCTACAAACAATTTTAAAAATTAGCTGGGCATGGTGGCGTGCACCTATAGTCCCAGCTACTCAGGAGGCTGAAGTGGGAGGATCACTTGAGCCCAGGAGTTCGAGGCTGCAGTGAGCTGTGATTGTGCCACTGCACTCCAGGCTGGGTGCCAGAGAAAGACTTTGTTTCAAAAATAAATAAA"
"chr1","7634947","7635251","chr20","123794482","123794784","24","116159535","GGCCAAGTGCAGTGGCTCACCTGTAATCCCAGCACTTTAGGAGGCCAAAGTGGGAGGATCACTTGGGACCAGGAGTTTGAGACCAGCCTGGGCAACATAGCGAGACTGTTTCTCTTTAAATTAAAAATTTGTAAAAGCCAGGTGTGGTGGTGCATGCCTGTAGTTCTAGCTACTTAAGAGGCTGAGGCAAGAGGATCGCTTGAGCCTAGACGGTTGCTTGAGCCCAGGAATTTGAGACAGCAGTGAACTGTGATTGTGCCATTGCCCTTCAGCCTGGGTGACAGAGCGAGACCCTGTCTCAAAAA","GGCCAAGTGCAGTGGCTCACCTGTAATCCCAGCACTTTAGGAGGCCAAAGTGGGAGGATCACTTGGGGCCAGGAGTTTGAGACCACCCCGGGCAAGATAGCGAGACCCTTTCTCTGCAAATTAAAAATGTTAAAAGCCAGGCATGGTGGTGCACGCCTGTAGTTCTAGCTACTCAAGAGGCTGAGGCAAGAGGATCACTTGGGCTCAGACGATTGCTCGAGCCCAGGAATTTGAGACTGCAGCGAACTGTGATTGTGCCATTGCCCTCAGCCTGGGTGACAGAGTGAGACCCTGTCTCAAAAA"
"chr1","7636169","7636458","chr11","104479228","104479515","53","96843059","GCCTGCCACAGTGGTTCACACCTGAAATCCTAGCACTTTGTGAGGCTGAGGCAGGAGGATTACTTGAGCCCAGGAGTTTCGAGACTAGCCTGGGCAATGAAGCGAGACCCTGTCTCTACAAAAATAAAAAAAATTAGCTGGCTGTGGTGGTGCATGCCTGTAGTCCTAGCTCCTGCGGAGGCTGAAGTGGGAGAGTTGCTTGAGCCCAGGAGTTCAAGGCTGTAGTGAGCCATGATTGTATCACTGCACTCTAGCCTGGGTGACAGAGTGAGGCCTTCTCTCTAAAAAAA","GCCGGGCATGGTGGCTCACACCTGTAATCCTAGCACTTTGGGAGTCTGAGGCAGGAGGATTGCTTGAGTCCAGGAGTTTGAGACCAGCCTGGACAACATAGTGAGACCCTGTATCTGCAAAAAATAAAAAAATTGGCTAGGTGTGGCGGTGCACACCTGTGGTCCCAGCTACTTGGGAGGCTGAAGTGGGAGGATTGCTTGAGCCCAGGAGGTCAAGGCTGCAGTGAGCAGTGATCATGCCTCTGCACTCCAGCCTGGGTGACAGAGCAAGACCCAGTCTCGAAATAA"
"chr1","7638604","7638904","chr20","123790663","123790964","30","116152059","GGTCAGGTGCAGTGGCTCAACGTCTATAATCCCAGTGGTTTGGGAGGCCGAGACAGGAGGATTGCTTGAGGCCAAGAGTTTGAGACCAGCCTAAGTAACACATCGAGACGCCATCTCTACAAAAAATTTTCTTTTAATTAGCTGGGCACGGTGGTGCACACTTGTAGTCCCAGCTACTCGGGAGGCTATGGTGGGAGGATGACTTGAGGCCAGGGGTTTGAGGCTGCAGTGAGCTGTGAATGCACCACTGCATTCTAGCCTGGGCAACAAAGCAAGAACCTGTCTTATCAGAAAGAAAAAA","GGTCAGGCACAGTGGCTCACGCCTGTAATCCCAGTGCTTTGGGAGGCTGAGGCAGGAGGATTGCTGGAGGCCAACAGTTTGAGACCAGCCTAAGTAACACATCGAGACCCCATCTCTACAAAAATTTTTGTTTTAATTAGCTGGGCACAGTGGTGCACACTTGTAGTCCCAGCTACTCAGGAGGCTATGGTGGGAGGACGGCTTGAACCCAGAAGTTTGAGGTTGTGGTGAGCTGTGAATGCACCACTGCATTCGAGCCTGGGCAGCAAAGCAAGAACCTGTCTTATCCAAAAAAAAAAAAA"
"chr1","7640881","7641165","chr20","123788409","123788689","22","116147528","GGCCGGGTGTGGTGGCTCATGCCTGTAATCCCAGCATTTTGGGAGACCAAGGCAGAAGGATCTCTTGAAAGCCAGGAGTTTGAGACTAACCTTGGCAACATAGCCAGACCCCATCTCAACAAACAAACAAAAAATTAGCCAAGCACAGTACTGCATGCATGTGGTCCCAGCTACTCAGGAAGCTGAGATGGGAGGATCGCTTGAAGGCAAGAGTTAGAGGCTCCAGTGAGCTATGATTGCACTCCAGCCTGGGCAACAGAGTGACACCATGTCTTTCAAACAAAA","GGCCAGGTGTGGTGGCTCATGCCTGTAATCCCAGCACTTTGGGAGGCCAAGGCAGAAGGATCTCTTGAAAGCCAGGAGTTTGAGACTAACCTTGGCAACATAGACCCCATCTCAGCAAACAAACAAACAATTAGCCGAGCACAGTGCTGCATACCTGTAGTCCCAACTACTCAGGAGGCTGAGATGGGAGGATTGCTTGAGGGCAAGAGTTAGAGGCTGCAGTGAGCTATGATTGCACTCCAGCCTGGGCAACAGATTGAGACCACGTCTTTCAAACAAAA"
"chr1","7642725","7643040","chr20","123786469","123786779","24","116143744","GGCTGGCTGTGGTGGCTCATAGCTGTAATCCTAGCACTTTGGGAGACTGAGGTGGGGGGATCACTTGAACCCAGGAGTTCAAGACCAGCCTGGGCAACATAGTGAGACCCCCCCCCCACCTCTACAAAAAAATATTTTAAAAAATCAGCCTGGTGTGGTGGTGCACACTTGTAGTCCCAGCTACTCAGGAGGCTGAGGTGGGAGGATCACTTTGAGCCCAGGAATTTGAGGTTACATTGAGATGTGGTGATCACACCACTGCACTTGAGCCTAAAGGACAGAGCAAGACTTGGTCTCTTAAAAAAAAAAGTAAAAA","GGCTGGCTGTGGTGGCTCATAGCTGTAATCCTAGCACTTTGGGAGACTGAGGCAGGAGGATCACTTGAGCCCAGGCGTTCAAGACCAGTCTGGGCAACATAGTGAGACCCCCATCTCTACAAAAAAATATTTTAAAAAATCAGCCTGGTGTGGTGGTGCACACCTGTATTCCCAGCTACTCAGGAGACTGAGGTGGGAGGATCACTTTGAGCCCAGGAATTTGAGGTTACAGTGAGCTGTGATGATCACACCACTGCACTTGAGCCTAAATGACAGAGTAAGATTCTGTCTCTTAAGAAAAAAAGTAAAAA"
"chr1","7648198","7648482","chr9","32982579","32982865","58","25334381","GCAGGGCACAGTGGCTCACATCTGTAATCCTAGTACTTTGGGAGGCCAAGCCAGAAGGATCGCTTGAGGCCAGGAGTTCAAGACCAGACTGTGCAATATAGTTAGACCCTGTCTCTACAAAAAAAGTTAAAAATTAGCCAAGTGTGGTGGCTCATACCCATAGTTCCAGCTACTCGGGAGGCTGAGGTGAGAGGATTGCCTGATCCCAAGAGGTGGAGGTTACAATGAACTGAGATCACACCACTGCACTCCTGCCTGGGTGACAGAGCAAGCCTCTGTCTCAAA","GGCTGGGCACAGGGTCTCACACCTGCAATCCCAGCACTTTGGGAGGCCAAAGCAGGAGTATTATTTGAGGCCAGGAGTTCAAGACCAGCTTGGGCAACATAGCAAGACCCCATCTCTACAAAAAAATTAAAAATTAGCTTGATGTGGTGGCAAGCACCTGTAGTTCCAGCTACTTGGGAGGCTGAGGCAGGAGGATCACTTGAGCCCAGGAGTTTGAGGCTGCAGTGAACTGTGATCACACCACCACACTCCAGCCTGGGTGACAGAGCGAGATCCTGTCTCTAAAA"
"chr1","7654423","7654722","chr20","123775608","123775921","34","116121185","GGCTGGGTGTGGTGGCTCATGCCTGTAATCCCAGCACTTTAGGAAACCGAGCCAGGAGGATTGCTTGAGGCCAGGAGTTCAAGACCAGCCTGGGCAACATAGCAAGTCTCCATCTCTACAAAAAAATACAAAAATTAGCCAGGCATGGTGGCATGCACCTGTAGTCCCAGCTACTTAGGAGCCTGAGGTGAGAGGATCACTTGAGCCCCAGGGGGTCAAGGCTACAATGAGCTGTGATCACACCACTGCACCCCAGCCTGGGTGTCACAGCGAGACCCTGTCTCCAAAAAAAAAAAAAAA","GGCTGGGTGTGGTGGCTCATGTCTGTAATCCCAGCACTTTGGGAAGCTGAGCCAGGAGGATTGCTTGAGGCCAGGAGTTCAAGACCAGCCTGGGCAACATAGCAAGTCTCCATCTCTACAAAAAAAATACAAAAATTAGCCAGGCATGGTTGAATACACCTGTAGTCCCAGCTACTTAAGAACCTGAGGTGAGAGGATCACTTGAACCCAGGAGATCAAGGCTGCAATGAGCTATGATCACACCACTGAACTCCAGCCTGGGTGACACAGCAAGACCCTGTCTCTAAAAAAAACAAAAAGAGAAAAGAAAAAAA"
"chr1","7668526","7668832","chr26","47693023","47693334","67","40024497","GGCTGGGTGTGGTGAGTTGCGCCTATATCCCAAGGTCAAGGCAGGGAGGATGGCTTGAGCCCAGGAGTTTGAGACCAGCCTGAGCAACGTAGTAAGACCTTGTCTCTAAAAAAAAAATACAAAATTAGCTGGACATGGTGGCTCATGCCTGTAGTTCCAGCTACTTGGGAGGCCGAAGTGGGAGGATCACTTGAGCCTGGAAGGTTGAAGTTGCAGTGAGCCAAGATCACACTACCGCACTCCAGCCTGGGCAACAGAGCCAGATGCTGTCTCAAAAAAAAAAAAAAAAAAAAAAAAAAAAAAAAAA","GGCTGGGCATGATGGCTCGTGCCTTTAATTCCAGCACTTTGGGAGGCAAGGTGGGAGGATCCCTTGAGCCCAGGAATTTGAGACCAGCCCTGGCAACATAGCAAGACCTTGTCTCTACAAAAAAATCAAAAAATTATCTGGGCATGGTGGCACACACCTGTAGTCCCTGCTAATTGGGAGGCTGAGGTGGGAGGATCACTTGAGCCTAGGAGGTCACAGCCGCAGTGAGCTATGATCGCACCTCTGCATTCCAGCCTGGGCAGCAGAGTGAGATTCTATCTTAAAAAAAAAAAAAAAAAAAAAAAAAAAAAA"
"chr1","7723794","7724103","chr18","21490626","21490936","53","13766832","GGCCAGGTGTGGTGGTGCACGCCTGTAATCCCAGCACTTTGGGAGGTTGAGGGGGGTAGATCACTTGAGCCCAGGAGTTCGAGACCAGCCTGGAAAACATAGTGAGACCTTGTCTCTAAAAAAAATTTTTTTTAATTAGCTGGGCATGGTGGTGCATGCCTGTAGCCCCAGCTACTAGGGAAGCTGAGGTGGGAGGATTGCCTGAGCTCAGGAGGTCCAGGCTGCAGTGAGCCATAATGACACCACTGCACTCCAGCCTGGGTGACAGGGAGACCCTGTCTCAAAAAAAAAAAAAAAAAGAGGAAGAAAA","GGCCAAGTGTAGTGGCTCACACCTGTGATCCCAGCAGTTTGGGAGGCAGAGGCAGGAAGATCGCCTGAGGCTAGGAGTTTGAGACCAACCTGGGGCAACATAGTGAGACCTCGTCTCTACAAAAAATTTTTAAAATTTAGCCAGGCATGATGGTGCATGTCTGTAGTCCCAGCTACTCAGGAGGCTGAGGTGGGAGGATTGCTTGAGCCCAGGAGGTTGAGGCTGCAGTGAGCCATGATCTTGCCACTGCACTCCAGCCTGGGTGACAGAGCAAGACCCTGTCTACAAAAAAAAAAAGAAAAAAAAGAGAA"
"chr1","7727821","7727943","chr20","123703107","123703221","16","115975286","GACCAGGGGCAGGGTCTCACACTTGTAATCCCAACACTCCAGGAGGTTGAGGTAGGATTGTCTGAAGCCAGGAGTTTGAGACCAGCCTGAGCAACAAAGCAAGACCCCTGTCTCTACAAAGAA","GGCCAGACGCAGGGTCTCACACTTGTAATCCCAACACTTCAGGAAGTTGAGGTGGGATTGTCTGAAGACAGGAGTTTGAGACCAGCCTGAGCAACAAAACAAGACCCCTGTCTCT"
"chr1","7750064","7750365","chr20","113596595","113596897","61","105846531","GGCTGGGTGTGGTGGCTTACATCTGTAATCCCAGCATTTTGGGAGGCCAAGGTGGGTGGATTGCTTGAGCTATAGTCAGCTTGGGGAACATGGCAAGACCCTGTCTCTACAAAAAGTACAAAAATTGGCTTGGCATGGTGGTGCACACCTATATTACCAGCTACTCAGGAGGCTGAGGTGGGAGGATCACTTGAGCCCAGGAAGTTAAGGCTGCAGTGAGCTATGATCATGCTACTACACTCCAGCCTGGGCATCACAGCAAGACCCTGTCTCAAAATTTAAAAAAGATAAAAATGGAAAAA","GGCTGGGTGCAGTGGCTCCTACTTGTAATCCCAGCACTTCAGGAGGCCAAGGTGGGATGACTGCTTGAGTCCAGGAGTTGACCAGCCTGGGCAACATGGTAAGACCCTGTCCCTACAACAAATTTAAAAATTAGTCAGGCATGGTGCTGTACACCCATAGTTCTAGCTACTCAGGAGGCTGAGGTGGGAGGATCTCTTGAATCCAAGAGGTGAAGGCTGAAGTGAGCTATGATCATGCCACTGCACTCCAGCCTGGGCGATAGAGCAAGACCCTGTCTCAAAACAAAACAAAACAAAACAAAA"
"chr1","7761224","7761536","chr6","28026264","28026576","68","20265040","GCCAGGAGAGGTGGCTCATGCCTGTAATCCTAGCACTTTGAGAGGCCATGGAGAATTGCTTGAGGCCAGGAATTTGAGACCAGCCTGAGCAATATGGCAAGACCCCATCTCTACAAAATATATTTTTTTTTCAAGAAGAAAACAAAGTTAACTGGGCATGGTGGCATGCACCTCTAGTCCTAGCTACTCAGGAGGCTGAGGCAGAAGGACTGCTTGACCCTGGAAGGTGGAGGCTGCAGTGAACTATGATTGCACCACTGCACTCCAGCCTGAGTGACAGAGCAGACTCTGTCTCCAAAAAAAAAAACAAAAA","GGCCAGGCACAGTGGCTCATGCCTGTAATCCCAACACTTTGGGAGGCCAGAGGTGGGAGGATTGCTTAAGGCCAGGAATTTGAGGCCAACCTTGGCAATATATCAAGGCCCCATCTCTACCAAAAAAAATTTACAATAAACAAACAAATTAGCCAGGCATAGTGGTATACACCTATAGTCCCAGCTAATCGAGAGGCTGAAGCAAGAGGATTGCCTGAGCCCAGGAAGTCAAGGCTACAGTGAGCTGTGATTGCACCACTGCACTCCAGCCCGAGCAACAGAGTGAGACCCGTCTCAAAAAAAAAAAAAGAAA"
"chr1","7780893","7781182","chr14","80508963","80509250","52","72728070","GCTCACACCTGTAATCCCAGCACTTTGGGAGGCCAAGGTGGGAGGACTGGTTGAGCCCAGGAGTTCAAGACCAGCCTGGGCAACATAGTGAGATCCCATCTCTACAAATAATAATACTAAAAATTAGCCAGGCTTGATGGCACATGCCTGTGCTCCCAGCTACTTGGGAGGCTGTGGTCGGAGGATCGCTTGAGCCCAGGTGGTAGAGGCTGCGGTGAGTTGTGATCACACCACTGCACTCCAGGCTGGGCGACAGAGCGAGACCCTGTCTCCAAAACAACAACAACAAA","GGTTCACACCTGTAATCCTAGCACTTTGGAAGGCTGAGATGGGAGGATCTCCTGAGTCCAGGAGTTCAAGACCAGCCTGGGCAATATAGTGAGACTCCATTTCTACAAAAAATAGGAAAAAATTAGCCAGGCATGGTGGCGTGTGCCTGTAGTCCCAGCTACTCAGGAAGCTGAGGTGGGAGGATCGCTTGAGCCCAGGAGATGAAGGCTGCAGTGAGCTGTGATCACACCACTGTCATCTAGCCTAGGCAACAGAGCAAGACCCTGTCTTAAAAAAAAAAAAAAAAA"
"chr1","7783224","7783501","chr25","50351993","50352286","68","42568769","GGCTGGGTGCAGTAGCTCACACCTGTAGTCCCAGCGCCTTGGGAGACCAAGACAGGTAGATTATGTGAGCCCAGGGCAGCACAGCAAGACCCCATCTCTATAAAAAATTTAAACATTAGCTGGGCATGGTGGTGAGCCCTTGTAATTTCAGCTACTCAAGAGGCGAAGGCGCAAAGATAGCTTGAGCCTAGGAGTTTGAGGCTGCAATGAGCTATGCACACGCCGCTGCACTCCAGCCTGGGCAACAGAGTGAGACCCTGCCTCAAAAAAAAAAAAAA","GGCCAGGCATGGTGGCTCACCCCTGAATCCCAGCACTTTGGGAGGCTGAGGCAGGAAGATCACTTGAGTCAAGGAGTTTGAGACTGGCCTGGGCAACACAGCAAGACTCTGTCTCTATAAAAAATTTAAAAATTAGCTGGGCATCATGGTGAGCACCTGTAGTCCTAGCTACTCAGGAGGTCGAGGCGGGAAGATTGCTTGAGCCCAGGAGTTTGAGGCTGCAGTGAGCTATGATCACACCACTGCACTCCAGCCTGGGCAACAGAGCGAGACATTGTCTCATAAAAGAAAAAA"
"chr1","7795844","7796162","chr20","123631888","123632197","29","115836044","GACTGGGCACAGTGGCTCACACCTGTAATCCCAGCACATTGGGAAGCCAAGGAAGGAGGATTGCTTGAGGACAGGAGTTTGGGATTAGCCTAGGCAAAATAGCAATACCCCTTCTCTATAAAAAAATTCAAAATAAAAATTAACCAGGTGTGGTGGCACACACCTGTAGTCTCAGCTACTTGGAAGGCTGGGGCAGGAACCTTGGGGATTGCTTGAGCCCAGGGGTTCAAGGCTTCAGTGAGCTATGACTGTAGCACTTCACTCCAGCCTGGTGACAGAGGGAGATCCTGCCTCAAAAAAAAAAAAAAAAAAAAAAAAA","GACTGGGCACAGTGGCTCACACCTGTAATCCCAGGACATTAGGAAGCCAAGGAAGGAGGATTGCTTGAGGACAGGAGTTTGGGATTAGCCTGGGCAACATAGCAAGACCCCTTCTCTATAAAAAATTTTGAAATAAAAATTAACCAGGTGTGGTGGCACACACCTGTAGTCTCAGCTACTTGGAAGGCTGGGGTAGGAACCTTGGGGACTGCTTGAGCCCAGGGGTCTAAGGCTTCAGTGAGCTATGATTATAGTACTGAACTCCAGCCTGGGTGACAGAGGGAGATCATGCCTCAAAAAAAAAAAAAAA"
"chr1","7798365","7798662","chr3","73610448","73610736","69","65812083","GGCTGACGCCTGTAATCCTACTACTTTGGGAGGCCAAGGCGAGAGGATGGCTTGAAGCTAGGAGTTCAAGACCAGCCTGGGCAACATAATAAGACCCAATATTCTGAGTCTCTACAAAAAATTTAAAAATTAGCCAAGGTGGTGGTGTGCCTGTAGTCCTAGCTACTCTGGAGGCTGAGACAGGAAGATCGCTTGAGCCCAGGAGTTTGAAGCTGTAGCAAACCATGATCGTGCCACTGTGCTCCAACCTGGGCGACAGAGTGAGAGCCTCTCCCTAAAAATATAAAATAAAATAAAA","GGCTCACACCTGTAATCCCACCATTTTAGGAGACCAAGCTGGGAGGATCATTTGAGGCCAAGAGTTTGAAACCAGTCTGGGCAGCATAGCAAGACCCCATCTCTACAAAAAATTTCAAAAAAGTGGGGCATGGTGGCACACACCTGCAGTCCTAGCTACTCAGGAGGCTGAGGTGGGAAGATCCCTTGAGCCCAGGAGTTCAAGGCTGCAGTAAGCTATGATGGTGCCACTGTGCTCCAGCCTGGGCAACAGAGTGAGATCCTGTCTCTAAAAAACAAAACAAAAAAAA"
"chr1","7801459","7801595","chr20","123626613","123626749","12","115825154","GGCTGGGTGCAGTGGCTCACACCTGTAATCCCAGCACTTTGAGAAGCTGAGGTGGGCAGATCACTTGAGTCCAGGAGTTCAAGACCAGCCTGGGCAACACAGTGAGATCCCATCTCTATACAATAAATATTAAAAAT","GCCAGGTGCAGTGGCTCACACCTGTAATCCGAGCACTTTGGGAGGCCGAGGTGGGCAGATCACTTGAGTCCAGGAGTTCAAGACCAGCCTGGGTAACACATTGAGATCTCATCTCTATATAATAAATATTAAAAATT"
"chr1","7809815","7810096","chr20","123617757","123618015","36","115807942","GCCGGGCTCGGTGGCTCATTCCTGTAATGCCAGCACTTTGAGAGGCCAAGGCAGGAGGATTGCTTGAGGCCAGGAGTTCAATATCAGCCTGGGCAACATAGCAAGATCCCATCTCTACAAAAAAATAAAATTAGCTGGCGTGCCTGTAGTCCTAGCTACTGGTGAGGTTGAGGCAGGAGGATCACCTGAGCCCAGGGGATTGAGGCTGCAGTGAGTGGTAATCTCACCACTGCACTGCAGCCTGGGTGACAGAGCAAGACCTTGTCTCAAAACAAAGCAAAA","GGCCGGGCTTGGTGGCTCATCCCTGTAATGCCAGCACTTTGAGAGGCCAAGGCAGGAGGATTGCTTAAGGCCAGGAGTTCAAGATCAGCCTGGGCAACATAGCAAGATCCCATCTCTACAAAAGAATAAAATTAGTTGGGCGTGCCTGGAGTCCTAGCTACTGGTGAGGTTGAGGCGGGAGGATCACCTGAGCCCAGGGGATTGAGGCTGCAGTGAATGGTAATCTCACCACTGCACTGCAGCCTGGGTGACAAAACAA"
"chr1","7841983","7842144","chr13","85516283","85516442","27","77674300","GTGGTGGCGCTCGCCTGTAATCCCAGCATTTAGGAAGGCTGAGGTGGGAGGATCACTTGAGCCCAGGAGTTCAAGGCTGCAGTGAGCTGTGATTGTACCATTGTACTCCAGCCTGAGCAACAGAGCTCAACCCTGTCTCAAAATAAATAAATAAATAATAAA","TGGTGGCGTGCACCTATAATCCCAGCTACTTGGGAGGCTGAGGTGGGAGGATCACTTGAGTCCAGGAGGTCAAGGCTGCAGTGAGCTATGACTGTGCCACTGCACTCCAGGCTGGGTGACAGAGCAAGACCCTGTCTCCAAAAATAAATAAATAAATAAA"
"chr1","7842458","7842474","chr6","9285363","9285377","5","1442905","ATAAAAACTACAAGGCT","AAAAAATAGCCAGGC"
"chr1","7854617","7854816","chr24","69922656","69922848","46","62068039","GACCTCATTTCTATAGCATAAAAATAGGAAATACACCAGGGGCGGTAGTTCATGCCTGTAGTCCCAGCTACTCCAGAGGACGAGGTAGGAGGATCGCATGAGCACAGGAGGTCAAGGCTGCAGTGAGCTATGATCACCCACTGCACGTTAGCCTGAGCAACAGAGCAAGACCCAGTCTCAAAAAAAAAAAAAAAAAAAAA","CCCCATTTCTACAAAAAATTTAAAAATAATCTGGGTGTGGTGATGCATGCCTGTAGTCCCAGCTAACTCCAAAAGCTGAGGGGAGAACGGCTTGAGCCCAGGAGTTTGAGGCTGCAGTGAGCTATGATCTCACCACTGCACTGTAGCCTGGGCAACAGAGCAAGACACTGTCTCAAAAGAAAAGAAAAGAAAA"
"chr1","7866005","7866281","chr25","1708455","1708741","66","6157550","GCTGGGTGTTGTGGCTCATGCTTGTAATTCCCAATACTGAGGCAGGAGAATTGCTTGAGGCAAGGAGTTCAAGACCAGGCTGGGCAACGTGGCGAGACCCCATCTCTACAAAAATACAGAAAAATGAGCTGGGCGTGGTGGCACGTGCCTGTGGTCCCATGACTCGGGAGGCTGAAGTGGGAGGATCACTTTAGCTGGGGAGGTGGAGGTTGCAGTGAGTTGAGCACTCCAGCCTGGGCTACAGAGTGAGACGCTGTCAAAAAAAAAAGAAAAAAAA","GGCTGGGCACGGTGGCTCATGCCTGTAATCTCAGCACTTTGGAAGGCTGAGGCAGGTGGATTGCTTGAGGCCAGGAGTTCAAGACCAATCTGGGCAACATGGCAAGACCCCATCTCTACAAAAATACAAAAGTTAGCTGGGTGCGGTGGCACACACCTGTAGTCCCAGCTGCCTGGGAGGCTGAGGTGGAAGGATCACTTGAGCCCAGGAGGACAAGGCTACAGTGAGCTCTGATTACACCAGACTGGGTGATAGAGTGAGATCCTGTCTCTAAAAAAAATTAAAAA"
"chr1","7876771","7877064","chr20","123554110","123554403","22","115677339","GGCCGGGGTGGTGACTCACACCTAGAATTCCAACACTTTGAGAGGCCGAAGTGGGAGGATCGCTTGAGGCCAGGAGTTCAAGACCAGCCTGGGCAACACAGCGGGACTCCCTCTCTACAAAAAATAAAAATAAGCCAGGCATGATGGTGTGTGCTTGTAGTCCCAGCTACGCAGGAGGCTGAGGTGGGAGCATTGCTTGAGCCTGGGAGGTTGAGGCCACAGTGAGTAGTGATTGTGCCACTACACTGCAGCCTGGGTGACAGAGTAAGACCCTATCTCAAAAAAAAGAGAAAA","GGCCAGGGTGGTGACTCACACCTAGAATCCCAACACCTCGAGAGGCCGAGGTGGGAGGATTGCTTGAGGCCAGGAGTTCAAGACCAGCCTGGGCAACATAGTGGGACTCCATCTCTACAAAAAATAAAAATAAGCCAGGCAGGCTGGTGTGTGCTCGTAGTCCCAGTTACACAGGGGGCTGAGGTGGGAGCATTTTTTGAGCCCGGGAGATTGAGGCCACAGTGAGGAGTGATTGTGCTGCTACACTGCAGCCTGGGTGACAGAGTAAGACCCTATCTCAAAAAAAAGAGAAAA"
"chr1","7887359","7887650","chr19","22510222","22510516","54","14622863","GGCCGGGAGCGATGGCTTCAGCCTGTAATCCCAGCACTTTGGGAAGCCGAGGCAGGAGGATCGCTTGAGACTAGGAGTTGGAAACCAGCCTGAGCAACATAGGGAGACCCTATCTCTACAATTAAAAAAAAAAAAAAAAGCTAGTCGTGGTGGTGCATGCCTGTAGTCCCAGCTACTTGGGAAGCTGAGGCAGGAGGATCACTTGAGCCCAGTGGGTTGAGGCTGCAGTGAGCCATGATCATGCCATTGAACTCCAGCCTGGGTGACAGTGAGCCCCTGTCTCAAAATAAAA","GGCCGGGCACAGTGGCTCATGCCTGTAATCCCAGCACTTTGGGAGGCTGAGGCAGGAGGATCACTTGAGGCCAGGAGTTCAAGACCAGCCTGAGCAACATAGGGAGACCACTGTCTCTCCAAAAAAAAAAAAAAAGGCTGGATGTGGTGGCATGCACCTGTAGTCCCAGCTATTTGGGAGGCTGAGGCAGAGGAATCACTTGAACCTGTGAGTTGGAGGCTGCAGTGAGCCATGATTGCATCACTGCACTCCAGCCTGGGTCACAGAATGATACCCTGTCTCAAAAACGAAAAAA"
"chr1","7888979","7889095","chr20","123542130","123542246","9","115653151","GACTGGACACAGTGGCTCATGCCTGTAATCCCAGCACTTTGGGAGGCCAAGGCAAGTGGATCACTTGAGGCCAGGAGTTCCAGACCAGCCTGGACAACATAGTGAGACCCTGTCTCT","GGCTGGACACAGTGGCTCATGCCTGTAATCCCAGCAATTTGGGAGGCCAAGGTGAGCAGACCACTTGAGGCCAGGAGTTCCAGACCAGCCTGGACGACATAGTGAGACCCCGTCTCT"
"chr1","7915531","7915827","chr20","123524600","123524893","31","115609069","GGGTACAGTGGCTTTCACACCTGTAATCCCAGCACTTTGGGAGGCTGAGGCAGGAGGATTGCTTGAGGCCAGGAGTTTGAAACCAGCCAGGGCAACCTAGTGAGAGCCCATCTCTAGAAAACTTAAAAAAACATTAGCCTGGTGTGGTGGTGCACGCCTGAAGTCCCAACTACTCAGGAGGCTGAGGCAGATGATTGCTTGAGCCCAGGAGTTCAAGAATACAATGAACTATGATGGCACCACTGCACTCCAGCCTGGGAGGCAGAGAAAGACACTGTCACTAAAAGAAAAAAAAAA","GGGTACAGTGGCTCTCACACCTGTAATCCCAGCACTTTGGGAGGCTGAGGCAGGAGGATTGCTTGAGGCCAGGAGTTTGAGACCAGCCAGGGCAACATAGCAAGACCCCATCTCTAGAAAACTTAAAAAAAAAATTAGCCAGGTGTGGTGGAACCTGCCTGAAGTCCCAACTACTCAGGAGAGTGAGGCAGAAGGATTGTTTGAACCCAGGAGTTCAAGGATACAGTGAACTATGATTGCACCACTGCACTCCAGCCTGGGAGACAAAGACCCTGTCTCTAAAAGAAAATAAAA"
"chr1","7958409","7958622","chr21","9066574","9066788","50","1108165","GGCCAGGCACGGTGGCTCACGCCTGTAATCCCAGCACTTTGGAGGACTGACGGGGGAAGATGGCTTGAGCCCATGAATTTGAAAGCAGCCTGGGCAACATGGCAAAACCCTGTCTCCAGAAAAAGAAACAAAAAGAAAAAAATTAGCCAGGCAAGGTTAATGTCCACCTGTGGTCCCAGGTACTCAGAAGGCTGAGGTGGGAGAATCACTTGAG","GGCCAGGTGCAGTGGCTCACCTCTGCAATCCCAGCACTTTAGGAGGCTGAGGTGCAAGGATTGCTTGAGCCCAGGAATTTGAGACCAGCCTAGGCAACATAGAAAAATTCTGCCTCTACAAAAAATAAATTAAAAAACAAATTAGCCAGACATGGTGGCATGCACCTGTAGTCTCAGCTACTTGGTAAGCTGAGGTGGGAGGATCACGTGAGCCC"
"chr1","7974106","7974419","chr6","34395634","34395934","61","26421528","GGTCAGGCGCAGTGGCTCATGCCTGTAATCCCAACACTTTGGGAGGCTAAGGTGGGAGGATCGCTTGAAGCCAGGAGTTTGAGACCAGCCTGGGCAACATTGCCAGACCTCATCTCTACAAAAAATACAAAAATTAGCTGGGCATGATGGCACCTGCCTGTAATCTCAGCTACTTAGGAGGTCAAGGCAGGAGGATTGCTTGAGTCCAGGAGGTCAAGGCTGCAGTGAGTCATGATCGCACCACTGTGCTCCAACCTGGGCAACAGAGTGAGCAACAGAGTGAGACCCTGTCTCAAAAAAAAAAAAAAAAAAAA","GGCCAGGCGCAGTGGCTCACGCTTGTAATCCCAGCACTTTGGGAGGCTGGGGCAGGAGGTTTGCTTGAGCCTAGGGGTTTGAGACCAGCCTGGGCAACATAGTGAGACCCCATCTCTACAAAAAATATAAAAATTAGCTGGGCATGGTGGCACGTGCCTGTATTCCCAGCTACTCGGGAGGTTGAGGTGGGAGGATCACTGGAGCCTAAGAGATTGAGGCTGCAGTGAGCCATGATCATCCCACTGTGCTTCAGCCTGGGCAACAGAGTGAGACCCTGTCTCAATAAAAAGAGAAGATAAA"
"chr1","7985084","7985272","chr20","123456625","123456799","23","115471541","GGCCAGGTGTGGTGGCTCATGCCTATAATTCCAGCACTTTAGGAGGCCAAGGCAGGAGAATTGCTTGAGGCCAGGAGCCTGGGCAACAAAGCAAAACCCCATCTCAAAAAAAAAAAAAAAAAAAAAGAAAGAAAGAAATGCTGGGCACTGTGGTGTGTGCCTGTAATCCCAGTTACTTGGGAGGCTGAG","GGCCAGGTGTGGTGGCTCATGCCTATAATTCCAGCACTTTGGGAGGTCGAGGCAGGAGAATTGCTTGAGGCCAGGAGCCTGGGCAACAAAGCAAAACCCCATCTTGAAAAAAAAGAGAAATAAATGCTGGGCACAGTGGTGTGTGCCTGCAATCCCAGTTACTTGGGAGACTGAG"
"chr1","8015052","8015315","chr20","123425401","123425659","34","115410349","CCAAGGTGGGAGGATCACTTGAGGCCAGGAGTTTGAGACCAGTCTGGGCAACACAGTGAGACCCCATCTCTGTAACAATTTTTTAAAAATCAGCCAGGTGTGGTGGTGCTCGCCTGTAGTCCCAGCTACTTGGGAGGCTAAGGTGGGAGGATCACTTGAGCCCGGGAGGTCGAGGCTGCAGTGAGCCATGACCGCACCGCTGCACTCCAGCCCGGGCGACAGAGCAAGACTGTCTCTAAAACAACAAAAACAACAGCAACAAAA","GGAGGGAGGATCACTTGAGGCCAGGAGTTTGAGACCAGCCTGGGCGACATAGTGAGACCTCATCTCCATAACAATTTTTTTTTAATTAGCCAGGCGTGGTGGTGCACGCCTATAGTCCCAGCTACTTGGTAGGCTGAGGTAGGAGGATCACTTGAGCCCAGGAGGCTGAGGCTGCAGTAAGCCATGACTGCACCACTGCACTCCAGCCTGGGCGACAGAGCAAGACTCTGTCTCTAAAACAACAACAACAACAACAAAA"
"chr1","8023285","8023514","chr20","123418161","123418388","20","115394876","CAGCCTGGGCAACATAGTCAGACCCCATCTCTAAAAAAATAAGATTAAAAATTAGCCAGGTGTGGTGGCATGCACCGGTAGTTCCAGCTACTCAGGAGGCTGAGGTGGGAGGATCACTTGAGCCCAGGAGGCTGAGGCTGCAGTGGGCTGAGATTGTGCCACTGCACTCCAGCCTGGGCAACAGAGCAAGACCCTGTCTCAAAAAAAAAAAAAAGAAAAAGAAAAGAGAA","CAGCCTGGGCAACATAGTCAGACCCATCTCTTAAAAAAAAAATTAAAAATTAGCCAGACGTGGTGGCATGCACCTGTAGTCCCAGCTATTCAGGAGGCTGAGGTGGGAGGATCACCTGAACCCAGGAGGCTGAGGCTGCAGTGGGCTGAGATTGCGCCACTGCACTCCAGCTTGGGCAACAGAGCAGGACCCTGTCTCAATAAAGAAAAAGAAAAAAGAAAGAAAGAA"
"chr1","8050056","8050360","chr20","123391669","123391985","52","115341613","CTGGGCATGGTGGTGTGCACCGGCAGTCCCAGCTACTTGGGAGACCAAGGCAGGAGGATTGCTTGAGGCCAGGAGCTTAAGACAAGCCTCGGCAACAATCTCTACAAAAAAGTTTAAAAAATTAGCCCAGTGTGCTTGTGTGTGCCTGTAATACCAGCTATTCAGGAAGCTGAGACAAGAGGATCACTTGAGCCCAGGAGGCTGAGGCTGCAGTGAGCTACAACTGTGCCACTGCACTCCAGCCTGGGGGACAGGGCGAGAGGCCATCTCTTTAAAAAAAATAAAAGAACACTTAAAAACAAGAA","GCTGGGCATGGTGGTGTGCACCGGCAGTCCCAGCTACTTGAGAGACCAAGGCAGGAGGATTGCATGAGGCCAGGAGTTCAAGACGAGCCTGGGCAACAATCTCTACAAAAAAGTTTAAAAAACTAGCCCAGCATGGTGGTGTGTGCCTATAATACCAGCTATTGAGGAAGCTGAGGCAGGAGGATCACTTGAGCCCAGGAGACTGAGCTACGTAGCTCACGGCTGACCTGCAGTGAGCTATGACTGTGCCACTGCACTCCAGCCTGGGCAACAGGGTGAGAGCTCAGCTCTTTTAAAAAAATAAGACTTAAAAACAA"
"chr1","8080959","8081236","chr20","123359280","123359556","15","115278321","GGCCAGGTGAGGTGACTCACTCCTATAATCTCAGTGCTTTGGGAGGCCAAAGAGGGAGGATCACTTGAGGCCAAAATTTCAAGACCAACCTGGGTAACATAGAAAGACCCCATTTCTACAAAAAACAAAAATATTAGCCGGCCATGGTGGCGTGCGCCTGTAGTCCCACTACTTGGGAGGCTGAGGTGGGAGGATTGCTTGAGCCCAGGGGTTCAAGTTGTAGTGAGCTATGATCATACCTCTGCACTCCAGTCTGGGTAACAGAGCATGACTTTGTC","GGCCAGGTGAAGTGACTCACTCCTGTAATCTCAGTGCTTTGGGAGGCCAAAGAGGGAGGATCACTTGAGGCCAAAATTTCAAGACCAACCTGGGTAACATAGAAAGACCCCATTTCTACAAAAATAAAAATATTAGCCGGCCATGGTGGCGTGTGCCTGTAGCCCCACTACTTGGAAGGCTGAGGTGGGAGGACTGCTTGAGGCCAGGGGTTCAAGTGTCAGTGAGCTGTGATCATACCTCTGCACTCCAGTCTGGGCAACAGAGCGTGAGTTTGTC"
"chr1","8085119","8085220","chr20","123356476","123356577","15","115271357","GGCTCATGAACCTGTAATCTCAGCACTTTGGGAGGCTGAAGCAAGAGGATCATTTGAGGCCAGGAGTTTGAGACCAGTCTGAACATAGTGAGACTCCGTCTC","GGCTGACACCTGTAATCTCGGCACTATGGGAGGCTGAGGCAAGAGGATCACTTGAGGCCAGGAGTTGGAGACCAGCCTGAACCTAGTGAGATTCTGTCTCTA"
"chr1","8169414","8169555","chr15","18909593","18909729","28","10740179","GGCCAGACATGGTGGCCCATGCCTGTAATCCTAGCACTTTGGGAGTCTGAGACAGGAGGATTACTTAAGACCAGGAGTTTGAAATCAGCCCTGGCAACAAAGTAAGACGATGTCTCTACAAAAAAAATAAAACTTAAAAAAA","GGCCAGGCATGGTGGCTCACACCTGTAATCCCAGCACTTTGGGAGGCTGAGACAGGAAGATAGCTTGAGGCCAGGAGTTTGAGACCAGTCTGGGTAACATAGCGACACCTGTCTCTACAAAAAAAAAAAAAAAAAGA"
"chr1","8169854","8170027","chr21","25966505","25966671","34","17796651","TTAGCTGAGTGCGGTGGCACATGCCTGTAATCTCAGCTACAGCTACTCAGGAAGCTGAAGTGGGAGGATCACTTGAGCCTGGGAGGTCAAGGCTACAGTGAGCTGTGACTGTGCCACTGCACTCCAGCCTGGGTGACAGAGCGAGACTTTGCCTCAAGAAAAAACAACAACAAA","TTAGCTGAGCATGGTGGCATACACCTGTAGTCCCAGCTACTTAGGAGGCTGAGGTGAGAGGATCACTGGAGCCTAGGAGGTCAAGGCTGAAGTGAGCTATGATCGTGCCACTGCACCCCAGCCTGGGTGACAGAGCAAGACCCTGTCTCAAAAAAAGAAAAAAGAAA"
"chr1","8172824","8173099","chr20","123268196","123268479","47","115095372","GGCTGGGTGTGATGGCTCACGCCTGTAATCCCAGCACTCTGGGAGCCTGACGCCAGAGGACTGCTTGAGGCCAGAGAGTTCAAAATCAGCCCTGACAACATAGAGGGACAAAAAAAATATATTAGCCAGGTATGGTGGTGCATGCCTGTAGTCCTAGCTACTGGGGAGGATGAGGTGGGAGGATCACTTGAGCCCAGGAGGTTAAGGCTGTAATGAGTCATGATTACACCACTGCACTCCAGCGTGAGACCCTGTCTTAAAAAAAAAAAAAAAAAA","GGCTGGGTGTGATGGCTCATGCTTGTAATCCCAGCACTCTGGGCACCTGACATGTAAGAACTGCTTGAGGTCAGAGAGTTCAAAATCAGCCCTGACGACAGAGAGACCCCATCTCTACAAAAACTTTAAAAATATATTAGCCAGGTGTGGTGGTGCATGCCTGTAGTCCTAGCTATTGGGGAGGACGAGGTGGGAGGATCACTTGAGCCCAGGAGGTTAAGACTGTAAGGAGTTGTGATTACACCACTGCACTCCAGCATGAGATCCTGTCTTCAAAAAAAAAA"
"chr1","8173209","8173448","chr20","123267850","123268083","34","115094641","CTGGGACAACATAGAAAGGACCCCATCTCAACCAAAAACAAAATTAAAAATAGCCGGGCATGGTGCCACGGGTCTATAACCCTGGCTACTCTGGAGGCTGAGGCAGGAGGATCGCTTGAGCTCAGGAAGTTAAGGCTGTAGTGAGCTATAATTGTGCCACTGTACTCCAGCCTGGGTGACACAGCAAGACCCTGTTTCAAAAAAACAAAACAAGTAACAACCAAAAAAAAAAAAGAAAAA","GGGCAACACAGCAAGGACCCCCATCTCAACAACAACAACAACAAAATTAAAAATAGCCAGGTATAGTGGCATGTGTCTATAATCCCAGCTACTCAGGAGGCTGAGGCAGGAGGATCGCTTGAGCTCAGGAGGTTAAGGCTGTTGTGAGCTATAATTGTGCCACTGTACTCCAGCCTGGGTGACAGAGCAAGACCCTGTTTCAAAAAAACAAAACAAGTAACAACCGAAAAAAAA"
"chr1","8216823","8216939","chr20","123222171","123222281","15","115005348","GCCAGGCACAGTGGCTTCACACCTGTAATCCCAGCACTTTGGGAGGCTACAGCAGGAGGATTATTTGAGGCCAGGAATTCAAGACAAACTTGGGCAACATTAGTTGAGACCCCATCT","GCCAGGCACAGTGGTTTCGTATCTGTAATCCCAGCACTTTGGGAGGTTAGGGCAGGAGGATTATTTGAGGCCAGAATTCGAGACAAACTTGGGCAACATTAGTGAGATCCC"
"chr1","8242984","8243280","chr20","123197907","123198202","23","114954923","GGTTGGGCACAGTGGCTCACATCTGTAATTCCAGCACTTTGGAAGGCAGAGGCATGAAGATCGCTTGAGCCCAGTAGTTTGAGACCAACTTGGACAACAAAGTGAGACTCTGCCTTTACAAAAAATTTAAACATTAGACAGGCATGGTGTCATGCTCTTGTAGTCCCAGTTATTCTGGAGACTGAGGCGGGAGGATCTCCTGAGCCCAACAGCTAAAGGCTGCAATAAGCTATGATGGCACTGCCACACTCCAGCCTGGGTGACAGAGCTAGACCCTGTCTAAAAAAAAAAAGAAAA","GGTTGGGCACAGTGGCTCATGACTATAATTCCAGCACTTTGGAAGGCAGAGGCATGAAGGCTGCTTGAGCCCAGTAGTTTGAGACCAACTTGGGCAACAAAGTGACACTCTGTCTTTACAAAAAATTTAAAAATTAGACAGGCATGGTGGCATGCTCTTGTAGTCCCAGTTATTCTGGAGACTGAGGAGGGAGGATCTCTTGAGCACAAGAGCTCAAGGTTGCAACATGCTATGATGGCACTGCCACACTCCAGCCTGGTGACAGAGCAAGACCCTGTCTAAAAAGAAAAAGAAAA"
"chr1","8248772","8249040","chr2","56337676","56337934","73","48088904","GGGCACAATGGCCTAAGTCTAATCCCAGCACTTTTGGAGGCCGAGGTTGGGGGATTGCTTGAGCCAGCAGTTAGCGACCAGCCTGGGCAACATAGTGAGACCCTGTCTCTGCCAAAAAAAAAAAAAAAAAAAAAAATTAAATTAGCCAGGTGTGGCGGCACAGGCCTGTAGTCCTAGCTACTTGGGAGTCTGAGAGTGGGATGTTGAGGCTGCAGTGAACTGTGGTTGCACCAGTGCACTCCAGCCTGGACAACAGCAAAACAGTGTCT","GGCCAGGTGTGATGGCTCATGCCTGTGATCCAGAACTTTGGGAGGCCAAGGTAGGAGGATTGCTTGAGGCCAGGAGTTCAAGACCAGCCTGGGCAACATAGTGAGACCTCATCTCTTAAAAAAAAAAAAAAAAAAAAGTTAAAAGTTAGCCAGATGTGGTGGCACACACCTGTGGTCCTGGTACTTGGGAGGCCAAGGTGAAAGCTGCAAGTGAGCTATGATTGTAACACTGAACTCCAGCCTGGGCAAAAAAGCAAGA"
"chr1","8255594","8255906","chr20","123182867","123183182","40","114927273","GCCAGGTGTGGTGGAGCATGCCTGTAATCCCAGTATTTTGAGTGGTAGAGGCTAGGAGTTTGAGACCAGCCTGGGTGACACAGTGAGACCCTGTCTCTACCAAAAAAAAAAAAAAAAAAAGTTTTTAAAGAAAGAGAGAGAGAAAAAAAAAGCAGGCACAGTGATAGGCACCTATAGTCCCAGTCATTAATACTTGGGAGGCTGAGGCGGTAGGATTGCTTGAACCCAGGAGTTTAAGGCTATTGTGTGCTGTGATCAGCCCTGTGGATAGCCACTGCGCTGCAGCCTGGGTAACACAGCAAGACCCTCTCTC","GCCAGATGTGGTGGAGCATGCCTATAATCCCAGTATTTTGGGAGGTACAGGCCAGGAGTCTGAGACCAGACTGGGTGACACAGTGAGACCCTGTCTCTACCAAAAAAAAAAAAAAAAATTGTTTTTAAAGAAAGAAAAAAAGGCAGGCACAGTGATATGCACCTATAGTCCCAGTCATAGTCCCAGTCATTAATACTTGGGAGGCTGAGGTGGGAGGATCGCTTGAACCCAGGAGTTTAAGGCTATTGTGTGCTATGATCAGCCCTGTGGCTAGCCACGGCACTGCAGCCTAGGTAACACAGCAAGACCCTCTCTC"
"chr1","8268319","8268618","chr20","123170057","123170380","46","114901738","GGCCAGGCACAGTGGCTCACACCTGTAATCCCAGTGCCTTGGGAGGCCAAGGCAGGGGGATCATTTGAGGCCAGGAGCCTGATACCAGCCTGGGCAACATATTGAGACTTCATCTCTACAAAACATTACAAAATTAGCCAGGTGTGGTGGCATGTGCTTGTGTGGTCCCAGCTACTCAAAAGGCTGAGGCAGGAGGATCGCTTGAGCCCAGAAGCTTAAGGCTGCAGTACTCTATGATCACACCACTCATTCCAGCCTAGGTGACAGAGCAAGACTGTGTCCAAAAAAAAAAAAAAAAAA","GGCCAGGCACAGGGGCTCACATCTATAATCCCAGTGCTTTGGGAGGCCAGGGCAGGAGGATCATTTGAGGACAGGAGTCTGATACCAGCCTCGGCAACATAGTGAGACTTCATCTCTACAAAACATTACAAAATTAGCCAGGCGTGGTGGCATGTGCTTGTGGTCCCAGCTACTCAAAAGGCTGAGGCAGGAGGATCGCTTGGGCCCAGGAGCTTGAGGCTGCAGTGCTCTATGATCACACCATTCATTCCAGCCTAGGTGACAGAGCAAGACCGTGTCAAAAAAAAAAAAAAAAAAAAAAAAAAAAAAAAAAAAAAAAAAAAA"
"chr1","8280871","8281052","chrX","15125571","15125736","45","6844700","GCCAGATATGGTTTTGTGTGGCTGTGATAGTACCAGGCTCTAGTACCAGCTACTTGGGAGGCTGAGGCAGGAGGATTACTTGAACTCAGAAGTTCAAGGTTACAGTGAGCCGAGATCACACCACTGCACTGCAGCCTCCACGACAGAGCGAGACTCCGTCTCAAAAAAAAAAAAAAAAGAAA","GCCAGGTGTGGTGGTGCAGGTCTGTAGTCCCAGCTACTTGGGAGGCTGAGGCGGGAGGATCACTTATACCCAGGAGTTTGAGGCCGCAGTGAGCCATGATCTCATCACTGCACTCCAGCCTGGGTGGCAGAGCGAGACACTGTCTCTAAAAAAAAAAAAAAAAAAA"
"chr1","8281357","8281519","chr8","138906361","138906510","42","130625004","GCTGGGTGTGGTGGCTCATGCCTATAATCCCAGCACCTTGGGAGGCTAAGGAGAGAGGAGTGCTTGAGGCCAGGAGTTCAAGACCAGGTTGAACTGGTCAGAGCAGTCTCTGACCAGACCCTGTCTCTACAGAAAGTAAAAAAAAACAAAAACAAAAACGTTA","GGCTGGGCGCGGTGGTTCACGCCTGTAATCCCAACACTTTGGGAGGCTGAGGCAGGAGGATCACTTGAGGCCAGGAGTTCAAGACTAGCCTAGGCTACAAATTGAGACCCTGTCTCTACAAAAAAATAAAATAAAATAAAATAAAAAATA"
"chr1","8307744","8308027","chr20","123131892","123132176","37","114824148","GGCCAAGCTTAGTGGCTCACACTTATAATCCCAACACACTGGGAGGTGGAGGCAGGAGGATCACTTCAGGTCAGAAGTTCGAGACCAGCCTGAGCAACATAGCGAGACTCCATCTCTACAAAAAAATTTTTTTAAATAGCTGGGCATGGTGGCAGGCACCTGCAGTCCCAGCTGCTTAGGAGGTTGAGGTGGGAGGATCACTTAAGCCCAGGAGGTTGAGGCTGCAGTGAGCTATAATAGCACCACTGCGTGCCAGCCTGGGGAACAAAGCAAGATCCTGTCTC","GTGGCTCACACTTATAATCCCAACACATTGGGAGCTGGAGGCAGGAGGATCACTTCAGGCCAGAAGTTTGAGACCAGCCTGAGCAATATAGCGATACTCCATCTCTACCAAAAAAAAAAAAAAAAATTAAATAGCTGGGCATGGCGGCAGGCACCTGTAGTCCCAGCTGCTTAGGAGGTTGAGGTTGGGAGGATCACTTAAGCCCAGGAGGTTGAGGCTGCAGTGAGCTATAATATAATAGCACCACTGCGTCCCAGCCTGGGGAACAAAGCAAGATCCTGTCTC"
"chr1","8329048","8329324","chr17","66696344","66696627","66","58367296","GGCTGGGCGCGGTGGCTCATGACTGTAATCCCAGCACTTTGAGAGGCTGAGGCGGCAGGAGGATTGCTTGAGTAATGTGGAGACCAGCCTGGGCAACATAGTGAGACCGTATCTCTACAAAACAGTAAAAAATTAGCTGGGAGTGTGATGAGACTGCAGTCCCAGCTACTCAGGAGGCTGAGGTAGAAGAATCCCTTGAGCTCAGGAGGGCAAGGCTGCAGTAAGCCCCGTTCACATCATAGCACTGCAGCCTGTGCAGCAGAGCAAAACCCTGTCT","GGCTGAGTGCAGTGGCTCATGCCTGTAACCCCAGCAGTTTGGGAGGCCAAGATGGGAGGATGGCTTGAGACCAGGAGGTGAAGACCAGTCTGGGCAACATAGTGAGACCTCATCTCTACAAAAAATTTAAAAATGAGCTGGGTGTGGGGTGGTGTGTACCTGTAGTCCCAGCTACTTGAGAGGCTGAGGTGGGAGGATCACTTGAGCCCAGGAGGTCGAGGCTGCAGTGAGCCATGATTGCACCATTGAACTCCAGCCTGGGTGACAGAGCGAGACCTTGTCTC"
"chr1","8331332","8331460","chr20","123108855","123108985","15","114777523","GGCCAGGCACTGTGGTTCATGCCTTGTAATCCCAGCATTTTGAGAGGCCAAGCCAGAAGGACCACTTGAAGCCAGGAGTTCAAGACCAACCTTGGCAACAAAGCGAGATCCCATCTCCAACATAAAATA","GGCCAGGCACTGTGGCTCATGCCTGTAATCCCAGCACTTTGGGACGCCAAGCCAGAAGGACTGCTTGAAGTCAGGAATTCAAGACCAACCTTGGCAACAAAGTAAGATCCCATCTCCACCATAAAATAAAA"
"chr1","8336894","8337219","chr12","40601683","40601983","77","32264789","GGCTGGATACAGCGGCTCATGCCTATAATCCCAGCACTGTGGGATAACAAAGTGGGGAAATCATTTGAGGCAAGGAGGCAATCATTTGAGACCAGCCTGGGAAACACAGCAAGACCCCATCTTTACAAAAGAAAAATAAATTTAAAAATTAGCTACGCGTGGTGGTGCAGACCTGTAGTCCTAGCTACTCGGGAGGCTGAGGTGGGAGGTGGGAGGATTGTTTGAGGCCAAGAGTTCAAGGCTACAATGGGCTGTGATCACCACCACTGCACTCCAGCCTAGGGAACAGAGTGAGACCCTGTCTCTTAAAAAACAAAAAAAGAAAA","GGCTGGGCGCGGTGGCTCATGCCTGTAATCCCAGCACTTTGGGAGGCCAAGGCAGGAGGATTGCTTGAGCCCAGGAATTTGAGACCAGCCTGGGAAGCATAGGAAGACCCTATCTCTACAAAAAATTTAAAAAGTAGCTAGGTGTGGTGGCGCACGCCTGTAGTCCCAGCTACTTGGGAGGCTGAGGTGGGAAGATCACTTGAGCCCAAGAGGTTGAGGCTGCAATGAGCTGTGATCGTACCACTGCACTCTAGCCTGGCTGACAGAGTGAGACCCTGTCTCAAAAAAAAAAAAAAAAAAA"
"chr1","8349146","8349280","chr20","123094041","123094170","14","114744895","GCCGGGCATGGTGGCTCATCCCTAAAATTCTATCTAGCACTTTGGGAGGCTGAGGCAGGAGGATCATCACTACAGGCCAGGAGTTTGAGACCAGCCGGGGCAACATAGCGAGCTCCCATATCTCCACAAAAAATA","GCCAGGCGTGGTGGCTCATCCCTAAAATTCTATCTAGCACTTTGCGAGGCTGAGGCAGGAGGATCACTACAGGCTAGGAGTTTGAGACAAGTGTGGGCAACATAGCAAGCTCCCATCTCCACAAAAAATA"
"chr1","8349331","8349630","chr22","18532485","18532779","64","10183154","GGCTGAGCATGGTGGCTCACACTTGTAGCCCAGGATTTTGGGAGGCCATGGTGTGAGGATTGCTTGAGCTCAGGAGTTTGAGACTAGCCTGGGAAACCTAGCAAGATCCCTTCTCTACAGAAATTAAGGAAACTTAGCCAGGTGTGGTGATACGTACCTGTAGTCCCAGCTACTCTGGAGGTAAAGGTGGGAGGATTGCTTGAGCCTAGGACGTGGAGGCTGCAGTGAGCCATGATCATGCCTCGGCATCCCAGCCTGGGTGACAGAGGGAGACGCTGACTCCAAAAAACAAACAAAAAA","GACTGGGGGCAGTGGCTCACACCTGTAATCCCAAAATTTTGGGAGGCTGAGGTAGGAGGATCGCTTGAGCCCAGGAATTTGAGACTAACCTGGGCAACATAGTGAGACAGTGTCTCTACAAAAAATTTTAAAATTAGCCAGGTGTGGTTGCACGTGCCTGTAGTCCCAGCTACTTGGGAGGCTGAGGTGGGAGGATTGCTTGAGCCCAGGAGGTCAAAGCTGCAGTGAGCCATGATCTTGCCACTGCACTCCAGCCTGGGTGACAGCAAGACCCTGTCTCAAAAAAACAAAAAAA"
"chr1","8365312","8365435","chr20","123077302","123077429","7","114711990","GGGCACAGCGACTAACGCCTATAATCTCAACACTTTGGAAGGCCAAGTCAGGAGGATCGCTTGAACCAACGAGTTTGAGAGGAGCCTGGAGAACATGAGACCCCTATCTCTACAAAAAATTTAA","GCAGGGCACAGCGACTAACGCCTATAATCTCAACACTTTGGAAGGCCAAGTCAGGAGGATTGCTTGAACCAACGAGTTTGAGAGGAACCTGGAGAACATGAGACCCTTATCTCTACAAAAAATTTAAA"
"chr1","8365729","8365829","chr20","123076932","123077035","6","114711203","TTAAAATTAAAATTAAAAAATTAGCCAGGCATAGTGGCACACACCTGTAGCCTCCCAGCTACTCCAGAAGCTAAGGTGGGAGGATAACTTGAGCATGGGAG","TTAATTAAATTAAAATTAAAAAATTAGCCAGGCATAGTGGCACACACCTGTAGCCTCCCAGCTACTCCAGAAGCTAAGGTGGGAGGATCACTTAAGCTTGGGAG"
"chr1","8452909","8453224","chr20","122989464","122989769","34","114536555","GGCCGGGAACAGTGGCTCACACCTATAATCCCAACACTTTGGGAGGCCGAAGCAGGAAGACTTCTTGAAGCTAGGCATTCAAGACCAGCCTGGGCAAGAAAGTAAGACCCTGACCCTGTCTCAGCAAAAAATAAAAAAAAAAAATTAGCCAGATGTGGTGGCACGCACCTGTAGTCCCAGCTACTCAGGAGGCTGAAATGAGAGGATCTCTTGAGCCCAGAAGGTAGAGGCTGCAGTGAGCTACAATCACGCCACTGCACTGCAGCCTGGGCAACACAGTAAGATCTTGCCTTTAAAAACTAAACAAATAAATAAA","GGCCAGGAACAGTGGCTCACACCTATAATCCCAACAATTTGGGAGGTTGAGGCAGGAAGACTTCTTGAAGCTAGACATTCAAGACCAGCATGGGCAACAAAGTAAGACCCTGACTCGGTCTCAGCAAAAAACAAAAAAAAAATAAAATTAGCCAGATGTGGTGGCACACTCCCAGCTACTCAGGAGGCTGAGATGAGAGGATCTCTTGAGCCCAGAAGCAGAGGCTGCAGTGAGCTACAATCACGCCACTGTGCTCCAGCCTGGACAACACAGTAAGATCTTGCCTCTAAAAACTAAACAAATAAA"
"chr1","8472369","8472443","chr11","102107354","102107419","23","93634985","AAATAAAAAAAAGCTGGCCAGGTGTGGTGACATGCACTTGTAGTCCTAGCTACTGCCAGAAGGTGGGGAGGGAGG","AAAAATTAGCCAGGCGTGGTGGCACACACCTGTGGTCCCAGCTATCCAGGAGGCTGAGGTGGGAGG"
"chr1","8475579","8475703","chr5","63167141","63167264","16","54691562","GGCCAGGCGCAGTGGCTCATTCCTGTAATCCCAACACTTTGGAAGGCCAAGGTGGGAGGATTGATTGAGGCCAGGAGTTTGAAACCAACCTCGGAAACATAGCAAGACCCCATTTCTATAAAAAA","GGCCAGGCACAGTGGCTCATGTCTGTAATTCCAACACTTTGGAAGGCTGAGGTGGAAGGATTGCTTGAGGCCAGGAATTTGAGACCAGCCTGGACAACATAGCAAGACCCTATCTCTAAAAAAA"
"chr1","8477163","8477266","chr1","79424181","79424278","25","70947018","AAAATTAGCCAGGCATGGTGACATGCCCCTGTAATCGCAGCTACTCAGGAGGAGGCTTAAACAGGAGGATCGCTTGAGCCCAGGAATTTGAGGATGCAGTAAGC","ATTAGCCAGGTATGGTGGCATGCACCTGTAGTCCCAGGGACACGGGAGGCTGAGGTGGGAGGATGGCTTGAGCCCAAGAGGTTGAGGCTGCAGTGAGC"
"chr1","8477806","8477881","chr26","33060453","33060526","15","24582647","CAGTGAGCCATGATCACACCACTGCACTCCAGCATGGGCTATAGAGTGAGACTCTATGTCAAAAAAAAAAATAAAA","CAGTGAGCTATGATTGCACCACTGCCCTCCAGCCTGGGCGACAGAGGAAGACCTTGTCTCAAAAAATAAAAAAA"
"chr1","8484655","8484950","chr20","122958047","122958332","36","114473392","GCTGGATGTGGTGGCTCACAACTGTAATCCTAGTGCTTAGGGAGGTCCAGGCAGGAGGCTCCCTTGAGACCAGGAGTTTGAGACCAGCCTGGGCAACGTAACAAGACCCCCGTCTCTGCAAAAAAAATTAAAAATTAGCCAGGCGTGGTAGCACGTGCCTGTAGTCCAAGCTACTCAGAAGGCTGAGGCGGGAGGATTGTTTGAGCCCAGGAGGTCAAGGCTGCAGTGAGCCAATATTGTGCCATTGCTTTCCAGCCTGGGAGACAGAGTGAGACCCTGTCTCAACAACAACAAAA","GGCTAGATGTGGTGGCTCACAACTGTAATCCTAGTGCTTTGGGAGGTCAAGGCAGGAGGATCACTTGAGACCAGGAGTTTGAGACCAGCCTGGGCAATGTAACAAGACCCCCGTCTCTGTCAAAAAAATTAAAAATTAACCAGGCGTGGTAGCACGTGCCTATAGTCCTAACTACTTAGGAGGCTGAGGCGGGAGGACTGTTTGAGCGGACAAGGTCAAGGCTGCAATGAGCCAAGATCGTGCCATTGCTCTCCAGCCTGGGAGACAGAGTGAGATCCTGTCACAA"
"chr1","8503538","8503660","chr14","82354648","82354772","20","73851110","GCTGGGTGTGGTGGCTCACTCCTATAATCCCAGCGCTTTGAGAGCCAAAGGCAGGAGGATCCCTTGAGGCCAGGAGTTAGAGACCAGCCTGAGCAAAATGGTGAGACTCCGGCTCCACAAAAA","GGCCAGGCACAGTGGCTCACGCCTGTAATCCCAGCACTTTGAGAAGCCAAGGCAGGAGGATCCCTTGAGGCCAGGAGTTTGAGACCAGCCTGGGCAACATAGTGAGACTCCATCTCTACAAAAAA"
"chr1","8514300","8514481","chr18","21828989","21829170","40","13314689","GTTTCTAAATAAATAAAATATGGCCGGGCGTGGTGGTGCATGCCTGTAATCCCAGCTACCCAGGAGGCTGAGGTGAGAGGATCAGCTGAGCCAGTTAGGTGAGGCTGCACTGAAATGAGATTGCACCACTGCACCCCAGCCTGGGTGACAGAGTGAGACACTGTCTCAAAAATAATAAATAA","TTTCTACAAAAATAACATTTAGCCAGGTGTGGTGGTGTGTGCTTGTAGTCCCAGCTACTCAGGAGGCTGAGGTGGGAGGATCACTTGAGCCCAGGAGGCCAAGGCGGTAGTGAGCTGCGATCTCGCCACTGCACTCCAGCCTGGGTGACAAAGTGAGATCCTGTCTTAAAAAAGAGAAAAAA"
"chr1","8529983","8530299","chr5","67422032","67422336","62","58892049","GGCTGGGCATGGTGGCTCACGCCTGTAATCCTAGCACCTTGGGAGGCCAAGGCAGGAGGATGGCTTGCGCTCAAGCCAGGCTCAAGACCAGCCTGGGCAACATAGTGAGACCTCATCTCTACAAAAAAATTTTGAAAAATTAGCTGGATGTGGTGGCATGCACCTCTAGTCCCAGCTACTTGGGGGGCTGAGTGAGGGGATCACTTGAGCCCAGGAGTTTGAGGTTGCAGTGAACTATGACTGTTCCACTGTACGCCAGCCTGGGTGACAAAGCAAGAACCTGGCTCAAAAAAATAAATACATAAAAGTAAATAAAA","GGCCAGGCATGGTGGCTCACACCTGTAATCCCAGCACTTTGGGAGGCCAAGGCAAGAGGATTGCTTGAGGCAAGGAATTCAAGACCAGCCTAGGTAACATAGTGAAACACTGTCTCTACAAAAAATAAAAGCTGGATGTGGTGGCATGCACCTGTAGTCCCAGTTACTTGGGAGGCTGAGGTAGGACAATCATTTGAGCCCAGGAGTTTGAGGCAACAGTGAGCCATGACTGTGCCACTGTACTCTAGCCTGGGTGACAGAAGAGACTCTCTCAAAAAAAAAAAAAAAAAAAAAAGAAAAAAAAA"
"chr1","8530754","8530983","chr17","15015385","15015609","59","6484631","GGAGGATTGCTTGAACCTAGGAATTTGAGACCAGCCTGGGCAACATTGTGAGACCCTCGACTCCACAAAAAAAAAAAAAAAAAAATTAGCTGAGTGTAGTGGTACATGCCTGTAGTCCCAGCTACTTGGGAGGCTGAGGTGGGAGATCAAGGCTGCAGTGAGCTACAAGTGTGCCACCGCACTCCAGACTGGGCAACAGAGTGAGACCCTGTCTCAAAAAAAAAAAAAAA","GGGAGGATTATTTAAGCGCAAGAGTTTGAGACTAGCCTGGACAATATAGTGAGACCTCATCTCTACAAAAAAAATTTTAAAAATTAGCTGAGCATGATAGAGCACTGCTGTAATCCTCACTTCGCGGGAGGCTGAGATGGGGAAGTCAAGGCTGCAGTGAGATATCACTGTGCCACTCCACTCAGTCTGAGCAATAAAGTCACCCTGTCTCTAAAAATAAATAAA"
"chr1","8534513","8534655","chr20","122909082","122909223","10","114374569","GGCCAGGCACGGTGGCTTATGCCTGTAATCTCCGTACTTTGGGAGGCAGGAGGATTGCGTAAGCCCAGGAGTTGGAGACCAGCCTGGGTAATACAGCAAGACCTTGTCTCTAAAAAAAAAAGTTTTAAAATTAGCCAGGCATC","GGCCAGGAACGGTGGCTTATGCCTGTAATCCCCATACTTTGGGAGGCAGGAGGATTGCTTAAGCCCAGGAGTTGGAGACCAGCCTGAGTAATGCAGCAAGACCTTGTCTCTAAACAAAAAGTTTTAAAATTATCCAGGCATT"
"chr1","8534968","8535103","chr20","122908642","122908776","11","114373674","GCCAGGCATGGTGGCATGTGCCTGTAGTCACAGCTACTCAAAAGACTGAGGTGGGAGGATCGCTTGAGGCCAGGAGGCGGAAGATGCAGTGAGTCCTGGTCACGCCACTGCACTCAGTCTGGCTGACACAGTAAAA","GCCAGGCATGGTGGCATGTGCCTGTAGTCACAGCTGCTCAAAAGACTGAGGTGGGAGGATCGCTTGAGCCCAGGAGGCGGAAGATGCCGTGAGTCCTGATAAGCCGCAGCACTCAGTCTGGGTAACACAGTGAAA"
"chr1","8537193","8537347","chr20","122906428","122906561","35","114369235","AAAAAATAGTAAAAAATTAGCTGGGCATGGTGACATGGTCCCTGTAGTCCCAGCTACTCAGGAGGCTGCGGTGGAGAGATCACGTGAGCCCAGGAGTTGTGAGCTGTGATCACTGCAGCCTGGGCAGCAAACCGAGACTCTGTCTTCAAAAAAAA","GCTGGGCGTAGTGACATGGCCCCTGTAGTCTCAGCTACTCAGGAGGCTGAGGTGGAGACACTGCTTGGGCCCAGGAGTTGTGAACTGTGATCACTCCAGCCTGGGCAGCAAAGCGAGACCGTCTTCAAAAAAAA"
"chr1","8544038","8544310","chr3","52786034","52786309","61","44241996","GGCTGGGCATATGGTGGCTCACGCCTGGAATCCTAGCGCTTGGAGAGGCTGAAACGGCATCACTTGAGCCCAGGAGTTTGAGATCAGCCTAGGGAACATAGCAAGACTCCATTTCTACAAAAAAATAAAATAAGTAGCTGGGTGGGTTGGCATACCCCTATAGTCCCAGCGACTCAGGAAGCTGAGGTGGGAGGATCATTTGATCCCAGGATTTCACAGCTGCACTTAGCTATGATTGCACCCCTGCACTCAAGCCTGGGTGACAGAGTGAGA","GGCTGGGCATGGTGGCTCACCCCTTTAATCCCAGCACTTTGGGAGGCTGAGGTGAGAGAATTACTTGAGGCCAGGAGTTTGAGAACAGCCTGGGCAACTTAGTGAGACCTCATCTCTACAAAATATTTCAAGAATTAGCTGGGCATGGTGGTGCACATCTATAGTCCCTGCTACTCAGGAAGCTGAGGTGGGAGGATCGCTTGAGCCCAGGTAGTCCAGGCTGCAGTGAGCCATGATGGCGCCCCTGCACTTCAGCCTGGGTGACAGAGTGAGACC"
"chr1","8560767","8561063","chr20","127149011","127149300","72","118588244","CCAGGCTTAGTGGCTCACATCAGTACTCCCAGCACTTAGGGAGGCTGAGGCAGGAGGATTGCTTGAGCCCAGGAGTTCCAGAACAGCAGGACAGCCTGGGCAACGTGGGGGAGACCCCAGTCTCTGTAAAAAGTAAAAAATTAGGCAGATGAGGCACATGCCTGTAGTCCCATCCCAGCTACTTGGGAGACTCGGGTGGGAGTGTCACTTGAGCCCAGGAGGTTAAGATTACAATGAGCTATGATTGTACCAGTGCACTCCAGCCTGGGAGATAAAGACCTGTCTCAAAGGAAGAAA","GCCAGGCCCTGTGGCTCACTTCTGTAATCCCAGCACTTTTGGAGGCTGAGGCAGGAAGATTGCTTGAGTCCAGGAGTTCAAGACATGTCTGGGCAACATAGGGAGACTCCACATCTCTACAAAAAATAAAAATTTAGCCAGGCTTGATGGTGCCTGCCTGTAGCCCCAGCTACTTGGGAGGCTGAGGAGGGAGGATCTCTTGAGCCCAGGAGTTGAAGGCTTCAGTGAGCTATGACTGCACCATTGCACTCCAGCCTGGGTTACAGAGAGAGACCCTGTCTCTAAAAAAA"
"chr1","8567084","8567374","chr9","17702872","17703159","57","9135788","GGCTGGGCAGTGGCTCATGCCCATAATCCTGGCACTTTGGGAGGCCAAGGTGGTGAATCGCTTGAACCCAAGAGTTCTAGATCAGCTTGGACAACAAAGTGAGACTTCTCTCTACCAAAAAAAATAAAAAATTAGCCAGGCGTGGTGGTACATGCCTGTAGTCCCAGCTACTCAGGAGGCTAAGATGGGAGGATCACTTGAACCCTGGAGGCTGAAGCTGCAATGAGCTGTGATCATGCCACTGCACTCCAGCCTCAGTGACAGAGCAAGACCCTGCCTTAAAAAAAGAAA","GGCTGGGCATGGTGGCTCATGTCTATAATCCAAGCACTTTGGGAGGCCAAGGCAGGTGGATTGCCTGAGTCCAGGAGTTCGAGACCAGCTGGGCAACCTAGCAAATCCTGTCTCTACAAGAAATTTAAAAATTAGTCAGGTGTGGTGGTACACACCTGTAGTCCCAGCTACTCAGGTGGCTGAGGTGGGAGGATCACTTGAGCCTGGGAGGTTGAGGCTACAGTGAGCTATGATCATGCCACTGCACTCCAATCTGGGTGACAGAGCAAGATCCTGTCTCAACAAAAA"
"chr1","8576340","8576592","chr5","56053280","56053547","62","47476940","GGCCAGGCACGGTGGCTCACACCTATAATCCCAGCACTTTGGGATGACCAGGAGGGAGGACTGCTTGAGACCAGGAGCTTGAGACCAGTGTAGGCAGCACAGTGAGACCCCTGTCTCTACAAAAAAAATTGGCAGGGCATGGCGGTGTGCCAGCTACTCAGGAGACTGAGGCAGGAGGATGTCTTGAGCCCAGGAGGTTGAGGCTGCAGTGAGCTATGATTGTGCCACTGAGACCCTGTCTCAAAGAAAAAAA","GGCCAGGCACAGTGGCTCAGGCCTATAATCCTAGTACTTTGGAAAGCCAAGGAGGGAGGATGGCTTGAGGTCAGGAGTTCAAGACCAACCTGGGCAACAAAGTAAGACCCCATCTCTACCATAAAAAGTTTAGCCGGGCATGGTGGTATGTGCCTGTAGTCCCAGTTGCTCAGGAGGCTGAGGCAGGAGGATGGCCTGAGCCCAGGAGGTTGAGGCTGCAGTGAGCTATAATTGTGCTACTGCACTCCAGCCTGGACAACAGAATGAG"
"chr1","8581988","8582235","chr16","45284481","45284722","57","36702493","CACTTTGTAAGGCCAAAGTAGACAGATTGCTTGAGCCCAGGAGTTGAAGACCAGCCTGGACAACATGGCAAAACTCCGTCTCTACCAAAAAAAATATAAAAATTAGCCATGTATAGTGGCACGTGCCTGTAGTCCCAGCTCCTCAGAAGGCTAAGGTGAGAGGATTGCTTGAGCCCAGGAGGTGGAGGTTGCAGTGAGCCAAGATCACACCACTGCACTCCAGCCTGGGCAACAGAGCGAGACCCTGT","TTTGGGAGGCCAAGGTGGGAGGACTGCTTGAGGTCAGGAGTTCAAGACTAACCTAGGCAATATAGTGAGACCCTATCTCTACAAAAAATAAAAAATTAGCTGGGCATGGTGGTGCATACCTGTAGTCCCAGCTACTCAAGAAGCTTGGATGGGAGGATCACTTGAGTCCAGAAGGTTGAGGCTGCAGTGAGCTATGATCACACTACTGCACTCCAGCCTGGGCAACAGAGCGAGACCCTATC"
"chr1","8595401","8595722","chr20","122836765","122837086","24","114241364","GGCTGGGAGCAGTGGCTCACTACAGTAATCTCAACACTTTGGGAGGCTGAGGCAGGAGGATTGCTTGAGGTCAGGAGTTCAAGACTAGCCTGGGCAATATAGCAAGACTCTGTCTCTACCAAAGCCAGAAAAAAAAAAAATCTAAAATAAAGTATTCTTAGGGACACCTCTCAAGAATTGTAACTAAGAGGTGGGCGAGGTGGTGCCTGTCTGTTGTTTCAGCTACTGAGTTTCAGGCTGCAGTGTGCTAGGATCACACTTGTGAATAGCCACTGCTCTCCAGTCTTGGCAACATAGCAAGACCCTGTCTTTAAAAAAAAAA","GGCTGGGAGCAGTGGCTCACCACTGTAATCTCAACACTTTGGGAGGCTGAGGCAGGAGGATTGCTTGAGGTCAGGAGTTCGAGACTAACCTGGGCAATATAGCAAGACTCTGTCTCTATCAAAGCAAAAAAAAAAAAAAAAATCTAAAATAAAGTATTCTTAGGGACACCTCTCAGGAATTGTAACTAAGAGATGGGCAAGGTGGTACATGCCTGTAGTTTCAGCTACTGAGTTTCAGGTTGCAGTGTGCTGGGATCGCACTTGTGAATAGCCACTGCTCTTCAGTCTCGGCAGCATAGCAAGACCCTGTCTTTAAAAAAAA"
"chr1","8606438","8606665","chr16","17378432","17378661","43","8771994","CTGGGCATGGTGGCTTATACTTGTAATCCCAGCACTTTGGGAGGCTGAGGCGGGAGGATCACTTGAGGCTAGGAGTTTGAGACCAGCCTGGGCAACAAAGTGAGACTCCATCTCTACAAAAAATGTAAAAAATTAGCCAGGCATGCCAGCTGCAATGGCTCACGCCTGTAGTCCCATCACTTTGGGAGGCCAAGGCTGATTGATCACTTGAGATCAGGAGTTCGAGAC","GCTGGGCGCAGTGGCTCATGCCTATAATCCCAGCGCTTTGGGAGGCTGAGGCGGGCGGGTCACTTGAGCCCAGGAGTTCGAGACCAGCCTGGCCAACATGGAGAAACCCCGTCTCTACTAAAAATATAAAAAATTAGCCAGGTGTGGCCGGGCACAGTGGCTTACGCCTATAGTCCCAGCACTTTGGGAGGCTGAGGTGGGTGGATCACTTGAGGTCAAGAGTTCCAGAC"
"chr1","8634425","8634703","chr25","59173874","59174144","62","50539449","GGCCGGGTGCACTGGCTCACACCTGTAATTCCATCACTTTGGGAGGCCAAGGCAGGGGAATTGCTTGAGCCCAGGAGTTGTAGATCAGCCTGGGCAACGTAGCGAGATCTTGTGTCTACAAAAAAAAAAAAAAAAAAAAAATTAGCCAGGAGTGGTGGTACACGCCTATAGTTCCAGCTTCTGAGGAGGCTGAGGTGGGAGGATCGCTTGAGGCCAGGAGGCTGAGGCTGCAGTAAGTCCTGATCATGCCGCTGCACTCCGGTCTGAGTAACAAAACAA","GGCCAGGTACAATGGCTTACACCTGTAATCCCAGCACTTTGGGAGGCCGAGGTAGGCAGATTGCTTGAGCCCAGGAGTTTGAGACCAGCCTGGGTAACATGGCAAGACCCTATCTCTACAAAAACATTTTAAAAAATGAGCCAGGCATGGTGGCACATGCCTGTAGTTCCCCCTACTGGGGAGGCTGAGATGGGAGGATTGCTTGAGCCCAGGAGGTCAAGGCTGCAGTGAGCTGTGATCATGCCACTGCACTCCAACCTGAGCAACAGAG"
"chr1","8643782","8643906","chr11","47829581","47829703","18","39185799","GGCCGGGCGCAGTGGCTCACGCTCGTAATCTCAACACTCTGGGAGGCCAAGGCAGGAGGATTGCTTGGGGCCAAGAGTTCAAGACCAGCCTGGGCAACACAGGGAGGCCCCCGTCTCTACAATAA","GGCTGGGTGCAGTGGCTCACACTTGTAATCTCAGCACTTTGGGAGGCCAAAGCAGGAAGATTGCTTGAGGCCAGGAGTTCAAGACCAGCCTGGTCAACATAGTGAGACCCCATATCTACAAAA"
"chr1","8662510","8662801","chr8","92596187","92596478","48","83933677","GGCTGGGCATGGTGGCTCGCGCTCATAACCCCAGCACTTTGGGAGGCCGAGGCAGTAGGACTGCTTGAGCCCAGGAGTTTGAGACCAGCCTGGGCAACATAGCAAGACCCTGTCTCTACAAAAAATAAACAATTAGCTGGGCATGGTGCTGCACACCTGTGGTCCCAGCTACTCCGGAGGCTGGGGTGGGAGGATCGCTTGAGCCCTGGAGGCGGAGGTTGCAGTGAGCTGAAATTGCACCACTGCACTCCAGCCTGGGCGACAGAGCAAGATCCTGCCACAAACAAACAAA","GCTGGGTGTGATAGTATGTGCTTGTAATCCCAGCACTTTGGAGGGGCTGAGGTGGGCTGACTGCTTGAGGCCAGGAGTTTGAGACCAGCCTGGGCAACATGGCAAAACTCTGTCTCTACAAAAAATAAAAAATTAGCTGGGCATGGTGGTACACACCTGCAGTCCTAGCTACTTGGAAGACTGAGGTGGGAGGATCACTTGAGCCCAGGAGGTAGAGGTTGCAGTGAGCCAGGGTTGCACCACTGCACTCCAGCCTGGGCGACAGAGCAAGACCTTGTCTCAAACAAACAAA"
"chr1","8666943","8667208","chr13","15641827","15642095","52","6974884","GCTGGGTGTGGTGGCTCATGCCTGTAATCCCAGCACTTTAGGAGGCTGAGGCAGGAGGATCTGTTGAGGCCAGTAGTTTAAGACCAGCCTGGGCAACATAGTGAGACCCTGTCTCTACAAAAAATGGTAGTGGGTGCCTGTAATCCCAGCTACTCTGGAGGCTGAGGCAGGAGGATGGCTTGAGCATAGGAGTTGGAGGCCGCAGTGAGTCATGACTGCACCACTCCACTCCAGCCTGGGTGGCAGAGTGAGACCCAGTCTCCAAA","GACTGGGTATGGTGGCTCACACCTGTAATCCCAACATTTTAAGAAGCTGAGGCAGGAGGATTGCTTGAGGTCAGAAGTTCAAGATTAGGCTGGGCAACATATCGAGACCCTGTCTCAATAAGTAAAATAATTAGCTGGGTATGCCTGTAATCCTAGCTACTCAGGAGGCTGAGGAGTGAGGATTGCTTGAGCCTAGGAGTTCGAGGCTACAGTGAGCTATGACTGTACCACTGCATTACAGCCTGTATGACAGAGTGAGACCATGTCTC"
"chr1","8668259","8668556","chr20","122760948","122761247","31","114092689","GGCCAGGTGCTGTGACTCATGCCTGTAATCCCTGCACTTTCAGAGGCCAAGGCAGGAGGATTGCTTGAGCCCAGGAGTTTGAGACTAGCCTGGGCAACATAGCAAGACACCCATCTCTACAAAAACATATATTAAAATTAGTTGGGTGTGGTGGCATGTGCCTGTAGTCCCAGCTACCCAGGAGGCTAAGGTGGGAGGATCGCCTGAGCCCAGGAGGTTGAGCGCAGTTCACGCCACTGCACATTAGCCTGGGCAACAGGGCAAGACCTGCCTCAAAAAAAAAAAAAAAAAAAAAAAA","GCCAGGTGCTGTGACTCAAGCCTGTAATCTCCACACTTTCGGAGGCCAAGGCAGGAGGATCACTTGACACCAGGAGTTTGAGACTAGCCTGGGCAACATAGCAAGACCCCCATCTCTACAAAAAATATATATATAAAAATTAGTTCGGTGTGGTGGCATGTGCCTGTACTCACAGCTACCCGGGAGTCTAAGGTGGGAGGATCACCTGAGCCCAGGAGGTTGAGTGCAGTTCACACCACTGCACGTTAGCCTGGGCAATAGAGCAAGACCTGTCTCAAAAAATAAAAAATAATTAAAAAA"
"chr1","8680126","8680400","chr7","56234970","56235241","66","47554844","GGTTGGGTGCTGTGGCTCACACCTATAATCCCAGCACTTTGGAAGTTTGAGACCAGCCTGGGCAATATAGCAAGACCCCATCCCTAAAATAAATAAATAAATAAATAGCCATGTGTGGTGGCCCATGCCTGTGGTCCCAGCGACTTGGGAGGCTGAGGTGGGAGGATCACTTAAGCCTGGGAGGTCAAGGCTGCTATGAGCTGTGGTTGCACCACTGCATTCCAGCCTGGGTGACAGAGCAAGGCCCTGTCTTAAAAAAAAAAAAAAAAAAAAAA","GGAGGCTGAGGTGGGAAGATTATTTGAGGTCAGAAATTTGAGACCAGCCTGGGCAACATAGCAAGATCTATCTCTGCAAAAAAATAAAAATAAATTAGCCAGGTGTCGTGGCTGTGCCTAGAGTCTCAGCTACTTGGGAAGCTGAGGTGGGAGGATCACTTGAGCCCGGGAGGTCAAGGCTGCAGTGAGCCTTGATTACACCACTGCACTCCAGCCTGGGTGATGGAGCAAGACCCTGTTTTGGAAAAAAAAAAAAAAAAAAAGGAAAGAAA"
"chr1","8691765","8692070","chr20","122735303","122735606","37","114043538","GCTGGGTGCAGTGGCTCATGCCCAGCATTTTGGGAGGCCAAGGCAGGAGGATCATTTGAGCCCAAGAGTTCACGCCCAGCCTGGGCAACATAGCAAGACTCTGTCTCTACTAAAAATTAAAAAAAAAAAAAATGAGCCAGGTGTGGTAATGCATGCTTGTAGTTCCAGCCACTCAGGAAGCTGTGGTGGGAGGATCACATGAGCCTGGGAGATTGAGGTTGCAGTGGGCTATGATCGCACCATTGCACTTCGGCTTGGCTGATAGAGCTAGACTCTGTCTCAAAAAAAAAAAAAAAAAAAAAAAAA","CTGGGTGCAGTGGCGCATGCCCAGCATTTTGAGAGGCCAAGGCAGGAGGATCATTTGAGCCCAAGAGTTCACAACCAGCCTGGGCAACATAGCAAGACCCTGTCTCTACTAAAAATTTAAAAAAAAAAAAAAAAAAACCCGGCCAGGTGCGGTAATGCATACTTGTAGTTCCAGCCACTCAGGAGGCTGTGGTGAGAGGATCACATGAGCCTGGGAGATTGAGGCTGCAGTGGGCTATGATCGCAGCATTGCACTCTAGCTTGGCTGATAGAGCTAGACCCTGTCTTAAAAAAAAAAGAGAGAA"
"chr1","8709639","8709945","chr20","122718094","122718392","26","114008455","GGCTGGGTGTGCTGGCTCATGCCTGGAATCTCGGCACTTAGGGAGGTTGAGGTGGGAGGATTACTTAAGGCCATGAGTTCAAGACCAGCCTGGGCAACACAGTGAGACACCCCCACCCCCCACCATGTCTACAAAAAGTAAAAATAAAAATAATTAACTGAATGTGGTGATGCACACCTGTAGTCCCAGCAACACGGGTGTCTGAGGCAGGAGGATCGCTTGTGCCTAGAAGTCATGATCACACCAGTGCACTTCAGCCTGGGCAACAGAGCAAGACCTTGTCTCTAATAAATAAATAAATAAATAA","GGCTGGGTGTGCTGGCTCATGCCCGAATCTCGGTACTTAGGGAGGTTGAGGTGGGAGGATTGCTTGAGGCCACGAGTTGGAGACCAGCCTGGGCAACATAGTGAGACACCCTCGCCCCCCACCATCTCCACAAAAAGTGAAAATAAGAATAATTAACTGAATGTGGTGATGCACACCTGTAGTCCCAGCAACACGGGTGTCTGAGGCAGGAGGATTGCTTGTGCCTAGAAGTCATGATCATACCAGTGTACTTCAGCCTGGGCAACAGAGCAAGACCTTGTCTGTAATAAATAAATAAA"
"chr1","8726246","8726379","chr14","79045629","79045764","23","70319383","GGCTGGGTGCAGTGCTCATGCCTGTAATCTCAGCACTTTTGGACACTGAGGTAGGAGGATCACTTGTGTACAGAAGTTCCAGACCAGCCTGGGCAACATAGTGAGACGCCATCTCTAGAAAAAAATAATAAATT","GGCTGGGCTCTGTAGCTCATGCCTGTAATCCCAGCACTTTGGGAGGCTGAGGTGGGAGGATCACTTGAGGCCAGGAGTTCGAGACCAGCCTGGGCAACATAGGGAGACTCTCTCTCTCTACAAAAAACAAAAAATT"
"chr1","8726701","8726882","chr12","7890517","7890695","35","836184","TTAGCTGGGCACTACTGGTGGTGCACTCCTGTAGTCCCAGCTACAGGAGAGGCCGAGGCGGGAGTATTGCTTGAGCTAGGAAGTTTGAGGCTGCAGCAAGCTGTGATTGTGTCACTGCACTCAGCCTGGGTGACAGAGTGACACCCTGTCTCAAAAACAAAAAACAAAAAAAAGGAAAGAAA","TTAGGTGAGCATGGTGGTGCATGCCTGTAGTCCCAGCTACTCAGGAGGTTGAAGTGGGAGGATCACTTGAGCCCAGGAGTTTGAGCCTGCAGTGAACCAGGATCGTGCCACTGCACTCCAGCCTGGGTGACAGAGTGAGACCCTGTCTCAAAAAAAAAAAAAAAAAAAAAGAAAAGAAA"
"chr1","8729117","8729353","chr13","21750551","21750783","57","13021434","GGCAGGACATGGTGGCTCATGCCAGTAATCTCAGCACTTTCAGAGGCCAAGGTGGGAGGATGGCTTGAGGCCAGGAGTTCAAGACCAGACTGAGCAACACAGCAAGACCCCATCCCTGTAGTCTCAGCTACTAGAGAGGAGGATCACATGAGCACAGGAGGTGGAGTCTGCAGTGAGCCATAATCGTGCCACTGCACTCCAGCCTGGGCAACAGAGTAAGACCATATTTCAAAAAAA","GGCCAGGCATGGTGGCTCATAACTGTAATCCCAGTACTTTGGAGGGCTGAGGCAGGAGGATTGCTTCAGGCTAGAAGTTTGAGACCAGCCTGGGCAACATAGTGAGACCCTCATTCTCAGGAGGCTAGAAATGGGAGGATCACTTGAGCCCAGGAAGTCAAGGCTGCAGTGAGCCATGATTGTACCACTGCACTCCAGCCTGGGTGACAGAGTGACCCTGTCTCAAAAATAAA"
"chr1","8736381","8736682","chr20","122691192","122691493","37","113954811","CTGAGTGTGATGGCAAACACTTGAATCCCAGCACTTCGAGAAGCTAAGTAAGGTACGAGGATCACTTGAGCCCTGGAGTTTGAGACCAGATTGGGCAACATAGGGAAATCCTGTCTCTACCAAAAAAAAATTTAAAAATTAGCTGGGGGTGGTGGCACACACCTGTGGTCACAGCTACTCACGAGGCTGAGGTGGGAGGATAGCTTGAGCCCAGGAATTCAAGGCTGCAGTAAGCTATGGTTGCACCACTGCACTCCAGCCTGGGCCACAAAATGAGACCCTGTCTCAAAAAAAAAAAAAAA","CTGGGTGTGATGGCAAATGCTTGTAATCCCAGCACTTTGAGAAGCTAAGGTAGGAGGATCGCTTGAGTCCAGGAGTTTGAGACCAGATTGGGCAACATAGGGAGACCTGTCTCTACCAAAAACAAAATTAAAAATTAGCTGGGTGTGGTGGTGAATATGCCTGTGGTCCCAGCTACTCAGGAGGCGGAGGTGGGAGGATCGCTCGAGCCCAGGAATTCAAGGCTGCAGTGAGCTATGGTCGCACCACTGCACTCCAGCCTGGGCAACAAAGCGAGACCCTATCTCAAAAAAAAAAAAAAAAA"
"chr1","8739584","8739893","chr20","122686188","122686500","30","113946604","GGCTGAGTGCAGTGGCTCAGGCCTACAATCCAAGCGCTTTGGGAGGCTGAGGCAGAAGGCACACTTGAGCCCAGTAGCCCAAGACCAGCCTGGGTATAGTGAGACCCCGTCTCTTCAAAATATTTAAAAATTAGCCAAGCGTGGTGCTACATGCCTGTAGTCCCAGCTACTCGGGAGGCTGAGGTGGGAGGATTGCTGGAGCCCCGGACTTCAAGGCCGCAGTGAGCTATGATCCCACCATTGCACTCCGGCCTGGCCAACAGAGTAAGACGCTGTCTCAAAATTTAAAAAAAAAAAAAAAAAGAAAAAA","GGCTGAGTGCAGTGGCTCAGGCCTACAATTCAAGCACTTTGGGAGGCTGGAGCAGAAGGCACCCTTGAGCCCAGGAGCCCAAAACCAGCCTGGGTATAAGGAGACACCGTCTCTTCAAAGTATTTAAAAATTAGCCAAGCGTGATGCTGCATGCCTGCAGTCCCAGCTACTCTGGAGGCTGAGGTGGGAGGACTGCTGGAGCCCAGGACTTCAAGGCTGCAGTGAGCTATGATCCCACCACTGCACTCTGGCCTGACCAACAGAGTAAGACCCTGTCTCAAAATTTAAAAAAATAAATAAATTTTTAAAAAAA"
"chr1","8799558","8799846","chr8","124610123","124610410","62","115810565","GACTGGGCATGGCGGCTCTTGTCTGTAATCCCAGCACTTTGAGAGGCCAGGGCGAGAAGTTAACTTGAAGCCAGGAGCTCAAGACCAGCCTGGGCAATAAAGCAAGACTTTGTCTCTACAAAAAGCAAAAAATAAGCCGGGCATGGTAGCATGTGTCTGTAGTACCCCCTACTCTGGAGGTTGAGGTGAGAGGATTACTTGAGTCCGAGATTTGGAGGCTGCGGTGAGCCATGACTATGCCACTGCACTCCAGTCTGGGCAACAGAGCAAGACCCTGTCTCTAAAATAA","GGCTGGGCACAGTGGTACATGGCTATAATCCCAGCACTTTGAGAGGCCGAGGCAGGAGGATCACTTGAGGCCAGGAGTTTAAGACCAGCCTGGGCAACAAAGCAAGACCCGTCTCTACAAAAATTTTAAAAATTAGTCAGGCATGGTGAGGCTTGCCTGTAGTCCCAGCTACTTGGGAGGCTGAGGCAGGAGGATGCCTTGAGCCCAAGAGTTCAAGGCTGCAGTGAGCCATGATTGCACCACTGCATTCCAGCCTGGGCAACAGAGTGAGATCCTGTCTCTAAAAAA"
"chr1","8814050","8814198","chr20","122630284","122630433","15","113816234","TTAGTGGGGCATGGTGACATGCACCTGAAGTCCTAACTACTGGGGAGGCCAAGGTGGGAGGATTGTTGAGCCCAGGAATTTGAGACTGCAGTCAGCTGTGGTTGTACCTGCACTCCAGCCTCGGCGACAAGACCTTGTCTCAAAAAAAA","TTAGTAGGGCATGGTGACATGCACCTGAAGTCCTAACTATTGGGGAGACCAATTTGGGAGGATTGCTTGAGCCCAGTAATTTGAGGCTGCAGTGAGCTGTGGTTGTGCCTGCACTCCAGTCTCGGTGACAGAGACCCTGTCTCAAAAAAA"
"chr1","8814500","8814618","chr20","122629868","122629985","9","113815368","GGCTGGGTGAGGTGGCCTCACGCCTGTAATCCCAGCACTTTGGGAGGCCAAGGCAGGAGTTTGAGACCAGCCTGGGCAATATAGTGAGACCCCATCTCCAAAAAAAAAATTAGTGGGGC","GGCTGGGTGAGGTGGCCTCACACCTGTAATCCCAGCACTTTGGGAGGTCAAGGCAGGAGTTTGAGACCAGCCTGGGCAACATACTGAGACCCCATCTCCAAAAAACAAATTTAGTAGG"
"chr1","8816144","8816269","chr20","122627916","122628045","9","113811772","GGCCGGGCGCAGTGGCCTGTAATCCCAGCTCTTTGGGAGGCTAAGATGGGAGAAACACTTGAGAGGCCAGGAGTTTAAGACCAGCCTAGACGACTTAGTGAGACTCCATCTCATACAAAAATAAAA","GGCCAGGTGCAGTGACCTGTAATCCCAGCTCTTTGGGAGGCTAAGATGGGAGAATCACTTGAGAGGCCAGGAGTTTAAGGCCAGCCTAGACGACTTAGTGAGACTCCATCTCATACAAAAATAAGATAAA"
"chr1","8822130","8822415","chr9","28917693","28917985","60","20095563","GTGTGGTGGCTCATGCCTGTAATCCCAACACTTTGTGAGGCTGAGGTAGGAGGATCGCTTGAGGCCAGGAGTTCAAGACCAGCCTGGGCAACATAGTGAGACCCATGTCCCTACAAAAAATTTAAAATTTAGCCAGATATGATGTCACACACCTGTAGTCCCAGCTACTTGGGAGGCCGAGGCAGGAGAATCACTTGGGACCAGGAGGTAAGCCATGATCAGGCTACTGCACTTCAGCCTGGGCAACAGAGTGAGACTCTGTCTCAACAAAACAAAAAAACAAAGA","GTGGTGGCTCAGACCTGCAATCCCAACACTTTGGGAGGCCAAGGTAGGAGGATCACTTGAGGCCAGGAGTTTAAGTCCAGCCTGGGTAACATAGCAAGATCCCATCTCTACAAAAAGTAAAAATTAGCCAGGTGTGATGGTGCACACCTCTAGTCCCAACTACTTGGGAGTCTGAAGTGTGAGGCTCACTTGAGCCCAGGAGGTTGAAGCTGCAGTGAGTCGTGTTCACACCACTGCACTCCAGCCTGGGCAACAGAGTGAGACTCTGTCTTAAGAAAAAAAAAAAAAAAAAA"
"chr1","8824078","8824214","chr6","3174027","3174164","25","5650051","GGCCAGGCACGGTGGCTCTTGCCTGCAATCTGAGTACTTTGGGAAGCCAAGGCGGGAGGATCACATGAGCCCAGGAGTTTGAGATCAGCTGGTGCAACATAGTGAGACCCCCTCTCTACAAATAATTTAAAAAATTA","GGCAGGGCACGGTGGCTCATGCCTGTAATCCCAGCACTTTGGGAGGCCAAGGTGGGTGGATCACCTGAGGTCAGGAGTTCAAGACCAGCTTGGGCAACATAGTGAGACCCCATCTCTACGAAAAATACAAAAAAATAC"
"chr1","8824514","8824590","chr1","63163869","63163944","17","54339355","TTAGCCAAGTTTGGTGGCACATGCCTATAGTTCCAGCTACTCGGGAGACTGAGGTGGGAGAATTGCTTGAGCCTGGG","AGCCAGGAGTGGTGGCACACACCTGTAATCTCACCTATTGGGGAGGCTGAGGTGGGAGAATTGCTTGAGCCAGGGG"
"chr1","8828495","8828801","chr20","122618007","122618320","28","113789512","GCCAGGTGTGGTGGCTCACACCTGTAATCTCAGCACTTTGGGAGGCTGAGGTGGGAGGACTGCTTGAGTCGAGGAGTTAGAGACCAGCCTGGGCAACATAATGAGACCCCTTATCTTTAGAAAAAATGTAAACATTTGCCAAGTGTGATGGTGTACACCTGTAGTCCCAGCTACTTAGGAGGCTGAGGTGGGAGGCTCGCCTGAGCCCAAGAGGTCAAGGTTGCAGTGAGCCATGATCACACACTGCACTTCATCCTGGGCAACAGAGCAAGACCCTGTCTCAGGAAAAAAAAAAAGGAAAAGAAAA","GCCAGGTGTGGTGGCTCCCACCTGTAATCTCAGCACTTTGGGAAGCTGAGGCGGGAGGATTGCTTGAGTCCAGGAGTTCGAGACCAGCCTGGGCAACATAATGAGCTCCCCCTTGTCTTTAGAAAAAACGTAAACATTTACCAAGTGTGACGGTGCATACCTGTAGTCCCAGTTACTGAGGAGGCTGAGGTGGGAGGCTCGCCTGAGCCCAAGAGGTCAAGGCTGCAGTGCGCCATGATCGCACACTGCACTTCAGCATGGGCAGCAGAGCAAGACCCTGTCTCAGGGGAAAAAAAAAAAAAAGGAAAAGAAAA"
"chr1","8834683","8834927","chr28","19196628","19196884","50","10361945","GGAGGCCGAGGTGGGAGGATCGCTTCAGGCCAGGAGTTCAAGACCAGCCCAGGCAACTAGCAAGACTCCATCTCTACAAAAAAGTTTAAAAAATTAGCCAGGCATGGTGATATGCGTGCCTGTAGTCCTAGCTACTGGAGAGGCCAGGGCAGGAGGATCACTTGAGCCCAGGAGTTGAGGCTGCAGGGAGCTGTGATTGCGCCAGTCTGGGTGACAGGGTGAGACCCCGTCTCTAAAAATAAAAA","AAGCTGAGGTGAGAGGATCGCTTGAGGCCAGGAGTTCAAGACCAGCCTGGGCAACATAGCAAGACCCCATCTCTACAACAAAATTTAAAAATTAGCCAGGTGTGGTGGTGTGCACCTGTAGTCCCAGCTACTTGGGAGGCTGAGGTGGGAGGATCACTTGAGCCCAGGAGTTTGAGGCTGCAGTGAGCTGTGATCATGCCACTGTGATCCAGCCTGGGTGACAGAGCAAGACCCCATCTCTAAAAAATAAAATAAAA"
"chr1","8834932","8835072","chr20","122611822","122611961","9","113776890","GTGATGGCTCACACCTGTAATCCCAGCAATTTTGGAGGCCAAGACAGGAGGAACACTTGAGGCGAGAAGTTCAAAACCAGCCTGATCAACATAGCCAGACCCCAACCTTCAGCAACTGTCTCTACAAAATGAAAATAAAAA","GTGGTGGCTCACAACTGTAATCCCAGTAACTTTGGAGGCCAAGGCAGGAGGATCACTTGAGGCCAGAAGTTCAAAACCAGCCTGGTCAACATAGCCAGACCCCACCTTCAGCAACTGTCTCTACAAAATGAAAATAAAAA"
"chr1","8853876","8854170","chr20","122596519","122596813","15","113742643","GACCAGGCACGGTGGCTCACACCTGTAATCCTAATGCTTTGGGAAGCTGAGGTGGGAGGATCTCTTGAGCCCAGGAGTTTGAGACCAGCTTGGGCAACACAGGGAGAGGCCATCTCTAAAAAAATATTTTAAAATCATCCAGGTGTGCACCTGTAGTCCCAGTTACTCAAGAGGCTGAGGAGGGAGGATTGCTTGAACGCAGGAGTTTGAGGCTGCAGTAGGCTATGATCACACCACTGTACTCCAGCCTGAGCAACAGAGCAAGACCCTGTCTCTAAAAATAAAATAAAATAAA","GACCTGGCGCAGTAGCTCACACCTGTAATCCTAATGCTTTGGGAAGCTGAGGTGGGAGGATCTCTTGAGCCCAGGAGTTTGAGACTCGCTTGGGCAACATAGGGAGAGGCCATCTTTAAAAAAATATTTTAAAATCATCCAGGTGTGCACCTGTAGTCCCAGTTACTCAAGAGGCTGAGGAGGGAGGATCGCTTGAACCCAGGAGTTCGAGGCTGCAGTAGGCTATAATCACACCACTGTACTCCAGCCTGAGCCACAGAGCAAGATGCTGTCTCTAAAAATAAAATAAAATAAA"
"chr1","8872392","8872604","chr20","122578327","122578557","27","113705935","GAGCTTGAGACCAGCCAGGGCACCATAGTGAGACCCCATCTCTACAAAAAATTTTAAAATTAGCCGGACATGGTGGTGCACACTTGTAGTCCCAGCTACTCAGGAGGCTGAGGCAGGAGGATCACTTGAGGCAGGAGTCTGAGGCTGCAATGAGCCAAGATCACACCAGTGCACTTCAGCCTGGACAACAGAGGGAGACCCTGTCTCTAAAAA","GAGCTTAAGATCAGCCGGGGCAACATAGTGAGACCCCATCTCCACAAAAAATTTTAAAAGTAGCCGGACATGGTGGTGCACACCTGTAGTCCCAGCTACTCAGGAGGCTGAGGCAGGAGGATCACTTAAGGCAGGAGGATCACTTGAGGCAGGAGTCTGAGGCTGCAATGAGCCAAGATCACACCAGTGCACTTCAGCCTGGACAACAGAGGGAGATCCTGTTTCTAAAAA"
"chr1","8876642","8876939","chr22","4437297","4437575","74","4439345","GCCAGGTGTGATGGCTCACACCTGTAATCCCAGCACTTTGGGAGGCTGAGGTGAGCAGATCACTTAAGTCCAGGAGTTTGAGACCAGCCTGGGAAACACAGCGAAATCCTATCTCTAAAAAAATTAGGTGGTCATGGTGGCGTGCAATTAACTACTCAAGAGGCTGAGATGGGAGGATCGCTTAAGCTCTGGAAGAGGAGGTTGCAGATAGCTTGAGCTCTGGAGGCGGAGCTGAGATTGCACTGCTGCACTCCAGCCTGGGCAACAGAGTGAGACCCTGTGTCAAAAAAGAGAACAA","GGCCAGGTGTGTTGGCTCATGCTTGTAATCCCAGCACTTTGGGAGGCTGAGGAGGGAGGATCCCTTGAGTTCAGGAGTTCAAGACCAGCCTGGGCAACACAGGGAGACCCTATCTCTACAAAAAGTTAAAAAGGTACATGCCTGTAGTCCCAACTACTTAAGAGGCTGAGGTGGGAGGATTGCTTGGGCCCAGGAGGTGGAGGGTGCAGTGAGCTGTGATCGTACCACTGCACTCCAGCCTGGGTGACAGAGTGAGACCCCGTCTCAAAAAAAAAAAAA"
"chr1","8880823","8880948","chr20","122569594","122569721","11","113688771","GGCTGGACATGGTGGCTTATGTCTGTAATCCCAGCACTTTGGGAGGCTGGAGTGGGAAGATTGCTTGAGGCCAGAAGTTGGAGACCAGCCTGGACAACATAGCGAGACCCCCATTTAAATAAAATA","GGTTGGGCATGGTGGCTTACGTCTGTAATCCTAGCACTTTGGGAGGCTGGAGTGGGAAGATTGCATGAGGCCAGAAGTTTGAGACCAGCCTGGACAACATAGTGAGACCCCATTTAAATAAAATAATA"
"chr1","8881021","8881150","chr20","122569392","122569524","9","113688371","CCAGGCATGGTGGCTCTCACCTGTAATCTCAGCTACTTGGGAGGCCGAAGCAGGAGGATCACTTGGGGCCAGGAGTTCAAGATCAGCCTGGGCAACATAGCGAGACCTCATCTCAACAAAAATAAATAAA","CCAGGCATGGTGGCTCTCACCCGTAATCCCAGCTACTTGGGAGGCCGAAGCAGGGGGATCACTTGGGTCCAGGAGTTCAAGACCAGCCTGGGCAACATAGTGAGACCTCATCTCAACAAAAATAAATAAAAAT"
"chr1","8896264","8896405","chr20","122554264","122554406","12","113658000","GGCCAGGCATGGTGGCTCACGCCAGTAATCCCAACACTTTGGAAGGCTGAGCTGGGAGGGTTGCTTGAGCTCAGGAGTTCAAAACCAGCCTGGGCAACATAGTGAGACTCTGTCTCTATTAAAAAAAAAAAAAAATTAAAAT","GGCTGGGCGCGGTGGCTCACGCCAGTAATCCCAGCACTTTAGAAGGCTGAGCTGGGAGGGTTGCTTGAGCTCAGGAGTTCAAAACCAGCCTGGGCAACATAGTGAGACTCCGTCTCTATAAAAAAATAAAATAAATTTAAAAA"
"chr1","8896722","8896893","chr20","122553783","122553963","21","113657061","TCATCTGGGCATGGTGGTGTGAGCCTATAGTCCCAGCTACTTGGGAGCCTGAGGTGGGAGAATTGCTTGAGCCCAGGAGGTGGAGACTGCAGTGAGTCATGACTGTGCCACTGCACTCCAGCCTGGGTGATAGAGCAAGAAGACCCTGTCTCCAAAAAAAAGAAAAAAGAAA","TCATCCGGGCATGGTGGTGTGTGCCTATGGTCCCAGCTACTCAGGAGCCTGAGGTGGGAGAATTGCTTGAGCCCAGGAGGTGGAGACTACAGTGAGCCATGATTGTGCCACTACACTCCAGCCTGGGTGACAGAGCGAGAAGACCCTGTCTCAAAAAAAAAAGAAAAGAAAAAGAAAAAAA"
"chr1","8907877","8908080","chr12","26878004","26878201","44","17970127","GGCTGGGTGCAGTGGTGCATGCCTGTAATCCCAGCACTTTGGGAAGCCAAGGCGGGAGGATCACTTGAGGCCATAAGTTCAAGTCCAGCCTGGGCAACATGGTAAGACCCTGTCTAAACCAAAAAAATTTGTTTAATTAGCTGGGTATGGTGGCGCATGCCTTTACTCCCAGCTACTAAAGAGGCTGAGGTGGGAGGATCACTT","GGCTGGGGACGGAGGCTCATGGCTGTAATCCCAGCACTTTGGGAGGCCAAGGCAGGTGGATCGCTTGAGCCCAGGAGTTTGAAACCAGCCTGGGCAACATAGTGAGACCTTGTCTCTAAAAAAATTTAAAAATTAGCCAGGCATGGTGTTGCATGCCTATTGTCTCAGCTACTTAGGAGGCTGAGGTGGGAAAATCAC"
"chr1","8915894","8916035","chr20","122554264","122554406","12","113638370","GGCCAGGCATGGTGGCTCACGCCAGTAATCCCAACACTTTGGAAGGCTGAGCTGGGAGGGTTGCTTGAGCTCAGGAGTTCAAAACCAGCCTGGGCAACATAGTGAGACTCTGTCTCTATTAAAAAAAAAAAAAAATTAAAAT","GGCTGGGCGCGGTGGCTCACGCCAGTAATCCCAGCACTTTAGAAGGCTGAGCTGGGAGGGTTGCTTGAGCTCAGGAGTTCAAAACCAGCCTGGGCAACATAGTGAGACTCCGTCTCTATAAAAAAATAAAATAAATTTAAAAA"
"chr1","8916352","8916523","chr20","122553783","122553963","21","113637431","TCATCTGGGCATGGTGGTGTGAGCCTATAGTCCCAGCTACTTGGGAGCCTGAGGTGGGAGAATTGCTTGAGCCCAGGAGGTGGAGACTGCAGTGAGTCATGACTGTGCCACTGCACTCCAGCCTGGGTGATAGAGCAAGAAGACCCTGTCTCCAAAAAAAAGAAAAAAGAAA","TCATCCGGGCATGGTGGTGTGTGCCTATGGTCCCAGCTACTCAGGAGCCTGAGGTGGGAGAATTGCTTGAGCCCAGGAGGTGGAGACTACAGTGAGCCATGATTGTGCCACTACACTCCAGCCTGGGTGACAGAGCGAGAAGACCCTGTCTCAAAAAAAAAAGAAAAGAAAAAGAAAAAAA"
"chr1","8953355","8953663","chr3","30948566","30948860","68","21995211","GGCCAGGCGGACTGGCTCATGCTGGTAATCCCAGCACTTTGGGAGGCCAAGGCAGGAGGATCACTTGAGCCCAGAGTCCAGGAGTTCAAGACCACCTTGGGCAACAAAGTGAGACCCTGTTTCTACAAAAAATTTAAAAAAAAAAAAATTAGCCAAGTGTGGTCCCAACTATTTGGGAGGCTGGGGTGGGAGGATTGCTTGAGCCCAGGAGGTCAAGGCTGCAGTGAGCTGTGAACCTGCCACTGCACCCCATCTGGACAACACAGCATGAGACCCTGTCTCAAAAAAAAAAAAAAAAGGAAAAGAAAA","GGCCAGGTGCAGTGGCTTATGTCTGTAATCCCAGCACTTTGGGAGGCCAAGGCAGGAGGATTACTTAAAGCCAGGAGTTTAAAACCAGCCTGGGCAACATAGCAAGACCCCCTTTCTACAAAAAGTTTAAAAAATGGTGTGCACTTGTAGTCCCAGTTACTCAGGAAGCTGAGGGAGAGAATCTCTTGAGCCCAGGAGTTCAAGGCTGCAGAGAGCTATGATCATGCCACTGCACTCCAGTCTGGGCAACAGAGTGAGACTCTGTCTCTAAAAAAGAATAAAAATTAAAAATAAA"
"chr1","8964560","8964851","chr20","12412678","12412975","60","3448118","GTGGGTCATGCCTGTAATCCCAGCACTATGGGAGGCTGAGGTGAGAGGATCACTTGAGCCCAGAAGGTTGAAACCAGCCTGGGCAACATAGTGAGACCCCATCTCTACAAAAAGTTTTAAAACCAGGTATGGTGGTGCCCTCCTGTGGTCCCAGCTACTCGGGAGTCTGAGGTGGGAGGATCACCTGAGCCCAGGAGACTGAGGCTGCAGTAAGGTGTGATTGCACTATTGCTCTCTAGCTTGGAAAACAGAGTGAGACCCTGTCTCAAAAAAAAAAAAAAAAAAGGAAAGA","GTGGTGGCTCACACCTGTAATTCCAGCACTTTGGGAGGCTGTTGTGGGAGGATCACTTGAACCCAGGAGATCAAGAGCAACCTGGGCAACATAGTGAGACCCCATCTCTACCAAAAATTTAAAAATTAGCTGGGCATGGTGGTGCATGCCTGTAATCCCAGCTATTCGGGAGGCTGACATGGGAGGATCACATGAGCCCAGGAGCTCAAGGCTGCAGTAAGCCAAGACTGCACCAGGGCACTCCAGCCTGGATGGTAGAGTGAGACCCTCTCTCAAAAAAAAAAAAAAAAAAAAAAAA"
"chr1","8980490","8980652","chr1","9223768","9223922","52","243278","AAAAAAAAAAAAAGCTAGCTGGGCATTGTGGCATGTTCCTGTAGTCTACAGGCACTAATTGGGAGGCTGAGATGGGACGATCACTTGAGGCTGCAGTGAGCTAGGATCATACCACTGCACTGTAGCCTGACTCTAAAAAAAAAAAAAAAGAAAAGAAAAGGAA","TAAAAATAAAAAATTAGCCAGGCTTGATGGCATGCACCTGTAGTCCCAGTTACTCAGGAGACTGACGTGGGAGGACTGCTTGAGGCTGCAGTGAGCCATGATCGTGCCACTGCACTCCAGCCTGGGTGACAGAGTGAGACTCTGTCTCTAAAAAA"
"chr1","8998422","8998726","chr20","122465741","122466049","26","113467319","GGCCTGGCATAGTGGCTCACACCTGTAATCCCAGCACTTTGAGAGGCCAAGGTGGGAGGATTGCTTGAGCCCAAGGAGTTCGAGACCAGCCCGAGCAACATAGTGAGACTCCCCGCCCCCGCCATCTCTACAAAAATAAAAAATTAGCTGGGCGTGGTAGCTCATGCCTGCAGTCCCAGCTGCTTGGGAGGCTGAGGTGGGAGGATCACTTGAGCCTAGGAGGTTGAGGCTGCAGTGAGCTGTGATTGCTTCAGCCTGGACAACAGAATGAGACCCTGTATCAAAAAACCCAACCAAACAAAAAA","GGCCTGACATAGTGGCTCACACCTGTAATCCCAGCACTTTGGCAGGCCAAGGTGGGAGGATTGCTTGAGCCCAAGGAATTCGAGACCAGCCTGGGCATCATAGTGAGACACCCCGCCCCCCATCTCTAAAAAAAATTTAAAAATTAGCTGGGCATGGTAGCTCATGCCTGCAGTCCCAGCTACTTGGGAGGCTGAGGTGGGAGGATCACTTGAGCCTATGAGGTTGAGGCTGCAGTGAGCTGTGATTGCTCCGGCCTAGGCAACAGAATGAGACCCTGTATCGAAAAACCCAACCAAACAAAAAAGAAA"
"chr1","9002001","9002187","chr20","122462322","122462502","19","113460321","GAGCGCTGTGGCTCATGCCCATAATCCTAGCACTTTGGGAGGATTGCTTGAACCCAGGAGTTCGAGACCAGCCTGGGCAACATAGGGAGACACCGTCTTTGTGAGAAATTTAAAAATTAGCTGGGGGTGGTTGTGTGCGCCGATAGTCCCAGCTACTGGGGGGCTGAGGTGGGAGGATTGCTTGAGC","GTGGCTCATGCCCATAATCCTAGCACTTTGGGAGGATTGCTTGAGCCCAGGAGTTCGAGACCAGCCTGGACAACATAGGGAGATCCCATCTCTATGAGAAATTTAAAAATTAGCTGGAGGTGGTGGTGTGCTCTGATAGTCCCAGCTACTAGGGGGGCTGAGGTGGGAGGATTGCTTGAGC"
"chr1","9006546","9006728","chr20","122457841","122458033","24","113451295","AGCCTGGGCAACATGGCGAGACCCCATCTCTACAAAAACTTTTAAAAATTAGCCAGGTATGGTGACACATACCTATAATCCCCGCTACTCAGGACGCTGAGGTGGGAAGATCACTTGAGCCCAGGAGTTCGAGGCTGCAGTGAGCTGTGACCGCACCACTGCACTCCAGCCTGGGTGACAGAG","AGCCTGGGCAACATGGCAAGACCCAATCTCTACAAAAACTTAAAAAAATTAGCCAGTTATTGTGACATGTACCTATAATCCTAGCTACTCAGGACGCTGAGGTGGGAAGATTGCTTGAGCTCAGGAGTTCGAGGCTGCAGTAAGCTGTGACCGCACCACTGCACTCCAGCCTGGGTGACAGAGAGAGAACCTG"
"chr1","9009216","9009522","chr6","13328041","13328327","88","4318825","GGGCACAGTGGCTCGTGCCTGTAATCCCAGAGCTTTGGGAGGGCAAGTTGGGAAGACTGCTTGAGCCCAGGACGGGTTCGAGACCAACCTGAGCAACACAGCACTGCAGCCTGGGTGACAGAGCGAGATTCTTCCTCGAAAAAAATTTAAAAATTAAAAAATTAAAATAAAATAAAAATTAGCCAAGCGTGGTGGCATGTGTCTGTGGTCCCAGCTACTCAGGAGGCTGAGGAGGGAGGATCACTTGAGGAGTGTGAGGTGCAGTGAGCTATGATCACGCCACTGCACTCCAGCCTGGGTGACAGAG","GGTTGGGCATGGTGGCTCATACCTGTAATCCCAGAGCTTTGGCAGGCCAAGGCAGGAAGATTGCTGGAGCCAGGAGTTCGAGACCAATCTGAGCAACATAGCAAGACTCTGTCGCCACGAAATACTAAAAAAAAAAAAAAAAAAAAAAAATTAGCCAGGCCCTGGTGGCACATACCTGTAGTCCCAGCTACCCTGGAGGCTGAGGTGGGAGGATTGCTTGAGCTCAAGAGTTCAAGGTTACAGTGAACTGTGATTGCATCACTGCACTCCAGCCTGAGCAACAGAGC"
"chr1","9132935","9133115","chr20","122330323","122330504","9","113197388","CAAAACGTACAGTCATAAGCTGGGTGTGGTGACGCATGCCTGTAGTCCCAGCTACAGGCTAAGGTGGGGGCATCACTTGAGCCCAGGAGTTCGAGGCTGCAGTGAACTATGACTGCTCCTGTGAAGAGCCACTGCACCCAGCCTGGGCGACAGACCCTAGCTCTTAAAAAAAAAAAAAAAA","CAAAACGTACAGTCACATAAGCTGTGTGTGGTGACGCATGCCTGTAGTCCCAGCTACAGGCTAAGGTGGGGGCATTACTTGAGACCAGGAGTTCGAGGCTGCAGTGAACTATGACTGCTCCTGTGAAGAGCCACTGCACCCAGCCTGAGCGACAGACCCTAGCTCTTAAAAAACAAAAGAAA"
"chr1","9189239","9189355","chr20","122275498","122275614","7","113086259","GCTGGGTGCAGTGGTTCACGCTGGTAATCCCAGCACTTTGGAAGGCCAAGGCAAGAGGATCTCTTGGGGGTAGGAGTTCAAAACCAGCCTGGGCAACATAGTGAGGCCCTACAAAAA","GCTGGGTGCAGTGGTTCACGCTGGTAATCCCAGCACTTTGGGAGGCCGAGGCAAGAGGATCTCTTGAGGCCAGGAGTTCAAAACCAGACTGGGCAACATAGTGAGGTCCTACAAAAA"
"chr1","9193816","9193927","chr15","90957888","90957999","19","81764072","GGCTGGGCGCGGTGGCTCACCCCTGTAATCCTAGCACTTCAGGAGGCAGAGGCAGGAGGATCGCTTGAACTTAGGAGTTTGAGACCAGCCTGGGCAACACAGTGAGACATCA","GACTGGGCACGGTGGTTCATACCTGTAATCCCAGCACTTTGGGAGGCTGAGGCGGGAGGATCACTTGAAGCCAGGAGTTTGAGACCAGCTTGGGCAACACAGTGAGATCCCG"
"chr1","9195822","9196121","chr20","122268567","122268865","32","113072745","GGCTGGGAGTGGTGGTTCATTCCTGTAATCTCAGCACTTTGGGAGAGGCCAAGACAGGAGGATCGCTAGAGCCCAGGAGTTCAAGACCAGCCTGGGCAACATACGGAGACCCTGTCTACAAACAGTGTTAAAATTAGCTGGGTGTGGTGGCACACACCTTTAGTCCCACCTACTTGGGAAGCTGAGGTGGGAAGATTGCTTGAGTCAGGGAGGTTGAGGCTGCAGTAAGCTGTGATTTCACCACTGCACTCCAGCCTGGGCAACAGAATGAGACCCTGTCTCAAAAAACAAAAAACAAAA","GGCTGGGAGTGGAGGCTCATGCCTGTAATCTCCGCACTTTGGGAGAACAAGGCAGGAGGATCGCTTGAGTCCAGGAGTTCGAGACCAGCCTGGGCAACATAGGGAGACCCTGTCTACAAAAAATGTTAAAATTAGCTGGATGTGGTGGCATACCTGTAGTCTCAGCTACTTGGGAGGCTGAGGTGGGAGGATTGCTTGAGCCAGGGAGGTTGAGACTGCAGAGAGCTGTGATTGTACCACTGCACTCCAGCCTGGGCAACAGAATGAGACCCTGTCTCAAAAAACAAAACAAAACAAAA"
"chr1","9271571","9271700","chr20","122191680","122191809","7","112920109","GGCTGGGCGCAGTGGCTCACACCTGTAATCCCAGCACTTTGGGAGGCCAAGGCGGGAGGACTGCTTGAGGCCAGGAGTTCAAGACCAGCCTGGCCAATGTAGTGAGGCTCTATCTCTACAAAAAAATAAA","GGCTAGGCGCAGTGGCTCACACCTGTAATCCCAGCACTTCGGGAGGCTGAGGCGGAAGGACTGCTTGAGGCCAGGAGTTCAAGACCAGCCTGGCCAATGTAGTGAGGCCCCATCTCTACAAAAAAATAAA"
"chr1","9277966","9278247","chr4","73630797","73631068","70","64352831","CTGTAATTCCAGTGCTTTGGGAGGCTGAGGAGGTAAGATCGCTTCTGGCCAGTAGTCTGAGACCAGCCTGGACAACATAGCAAAACCTCGTCTGCACAAAAAATGAAAACACATTAGCTGGGCATGGTGGTACTTTCCTGTGGTCCAAGCTACTTGGGAGGCTGAGATGGGAGGATCCCTTGTGCCCAGGAGTTTGAGGTTACAGTGAGCTATGATCTTGCCACTGTATCCAGCTTCAGTGATCGAGTGATACCTTGCCTCAAAACAACAACAACAAAGGAA","GTAATGCCAGCACTTTGGGAGGCTGAGGCAGGTGGATTGCCTGGGCCTAGGAGTTTGAGATCACCCTGGGCAACATAGAGAAACCCCTTCTCTACAAAAAAATTAAAAAATAGCCAGGCGTGGTGGCACTTGTCTATATTCCCAGCTGCCTGGGAGACTGAGGTGGGAGGATCACTTGAGCCCAGGAGGTTGAGCCTGCATTGAGCCATGATTGCAATACTGCACTCCAGCTTGAGTGACAGAGTGAGACCTTGTCTCAAAAAACCAAAAAA"
"chr1","9279415","9279664","chr20","122183408","122183655","13","112903993","GGTAGCTCACACCTGTAATCCCAGCACTTTGGGAGGCTGAGGAAGGAGAATTGCTTGAGGCCAGGAGTTCAAGGCCAGCCTGGGCAACATAGGGAGACCTTCTCTTTACAAAAAAATTAGCTGAGCATGCACCTGTAGTCCCAGCTACTTGGGAGGCTGAGGTGGGAGGATCCCTTGAGCCCAGGAGGTTGAGGCTGTAGTGAGCCATGGGATTGTGCCACTCTACTCCAATCTGGACGACAGAGCAAGA","GTAGCTCACACCTGTAATCCCAGCACTTTGGGAGGCTGAGGAAGGAGAACTGCTTGAGGCCAGGAGTTCAAGGCCAGCCTGGGCAACATAGGGAGACCCTCTCTTTACAAAAAATTAGTTGAGCATGCACCTGTAGTCCCAGCTACTTGGAAGGCTGAGGTGGGAGGATCCCTTGAGCCCAGGAGGTTGAGGCTGCAGTGAGCCATGGGATCATGCCACCGTACCCCAATCTGGATGACAGAGCAAGA"
"chr1","9301448","9301737","chr20","122162177","122162462","20","112860729","GGTGGCTCATGCCTTTAATCCCAGGACTTTAGGAGGCCAAGGTGGGAGGATGGCTTGAGGCTAGGAGTTCAAGACCAGCCTGGGCAACATAGGGAGACGCTGTCTCTACAAAAAAAGTTGTTTTAATTAACTGGGCATGGTGGTGTACACCTGTAGTCCCAGCTATTTAGGCTGAGGTGGGAGGATCAGTTGAACCCAGGAGTTGGAAGCTGCAGTGAGCTATGATCACGCCACTGCATTCCACCATGGGCAACAGAGCAAGACCCTGTCTCAACAAAAATAAAAATAAA","GGTGGCTCATGCCTTTAATCCCAGCACTTTGGGAGGCCAAGGTGGGAGGATGGCTTGAGGCTGGGAGTTCAAGACCAGCCTGGGCAACATAGGGAGACGCTGTCTCTACAAAAAAGGTGTTTTAATTAACTGGGCATGATGTCGTGCGCCTGTAGTGCCAGCTATTTAGGCTGAGGTGGGAGGATCACTTGAACCCAGGAGTTGGTAGCCGCAGTGAGCTATGATCACACCACTGCTCTCCACCATGGGCAACAGAGCAAGACCCTGTCAAAAAAATAAAAATAAA"
"chr1","9318108","9318376","chr7","58479107","58479375","61","49160999","CTGGGCATGGTGGCTTACACCTGTAATCCCGGCACTTTGAGAGGCCAAGGCAGGAGGACTGCTTGAGCCCACAAGTTCAAGATCAGCCTGGGCAACATAGTTGAGACCCCATCTCTAAAAAAAATTAAAAAGTTGAGGGTGGCGGCCTGCCCCTGCAGTCCCAGCTACACAGAAGGCTGAGGTAGGAGGCTCGCCTGAGCCCAGCAGTTCAAGGCTGCAGTGAGCAGTGATCGTGCCACTGCATTCCATCCTGTCTCAAAAAAAAAAAA","GTCAGGGATGGTGGTTTATGCCTGTAATCCCAGCACTTTGGGAGGCCAAGGCAGGAGGATATCTTGAGCTTAGGAGTTCAAGACAAGCCTGAGCAACATAGTGACCTCATCTCTACAAAAAATTAAAAATTAGCTGGTGTGGTGGCATGTGTTTGTAGCCCCAGCTACTCAGGAGGCTGAGGTGGGAGGATCACTGGTGCCCAGGAGTTCAAGGCTGCAGTGAGCCATGATTGTGCCACTGTACTCCAGCCTGGGTGACAGAGCAAGAC"
"chr1","9326464","9326475","chr13","81954628","81954639","2","72628164","TAGAAAAAGGAA","AAGAAAAAGAAA"
"chr1","9326785","9326963","chr20","122132963","122133138","12","112806178","AGCTGGGCATGACGGCACATGGCCGCAGTCCCAGTTACTTGGGAGGCTGAGGCGGGAGGATCGCTTGAGCCCAGGAGTTTGAGGCTGTAGTGCACTATCCTTGCACCTGTGAATAGCCACTGCACTCCAACCTGGCAACATAGTTGAGACCCTCTCTCTTTAAAAAAAAGAAAGAAGAA","AGCTGGGCATAACGGCACATGGCTGCAGTCCCAGTTACTTGGGAGGCTGAGGCGGGAGGATTGCTTGAGCCCAGGAGTCTGAGGCTGTAGTGCACTATCCTTGCACCTGTGAATAGCCACTGCACTCCAACCCAGCAACATAGCTGAGACCCTGTCTCTTTACAAAAAAGGAAGAA"
"chr1","9340194","9340473","chr25","84301548","84301826","66","74961354","GATGACTCACACCTGGAATTCTAACACTTTGGGAGGCTGGGGCTAGAGGATCAAGACCAGCCTGAGCAACATAGTGAGACCTCATCTTTACAAAAAATAAAACATTAGCCAGGCATGGTGGCATGTGCCTGCAGTTTTAGCTACTTGGGAGGCTGAGGTAGAAGGAGGATCCCTTGAGCCCAGAAATTCAAGGTTGCAGTGAGCTGTGATCTCACCTCTGCAATCCAGCCTGGGTGACAAAGTGAGACCACGTCTCTAATAATAATAATAATAATAATAA","GGTGGCTCACACTTGTAATCTCAGCACTTCGGGAGACTGAGGCCAGGAGTTCAAGACCAGCTTGGGCAACATGGTGAAACCTTGTCTCTACAAAAAATAAATTAAAAAATTAGCCAGGCATGGTGGAGCATGCCTGTAGTACTGGCTACTTGGGAGGGTGAGGTAGGAGCATAGCTTGAGTCCAGGAGTTCAAGGCTGCAATGAGCTATGATGGTGCCACTGCACTCCAGCCTGGATGAGAGAGTGAGACCCTGTCTCAAAAAATAAATAAAGTAAAAA"
"chr1","9341916","9342220","chr10","76220349","76220648","55","66878433","GGCCAGGCATGATGGCTCAGGCCTGTAGTCCCAGCACTTTGGGAGGACGAGGCTGGAGGATCCTTTGAGGCCAGGAGTTTGAGACCAGCCTGGGTGATATGGCAAAACCCAGTCTCTACAAAAAAATAGAAAAAATTAGCCGGGTTTAGTGGTGTGCACCTGTAGTTCCAGATTCTCGGGAGGCTGAGGTGGGAGGATCACCTGAGCCCTGGAGGTTGAGACTGCAGTGAGCCATAACTGTGCCACTGCACTCCAGCCTGGGTGACGGAGTGAGATTCTGCTTCGAAAAAAAAAAGAGAGAGAGA","GGCCGGGCACAGTGGCTCATGCCTGTTATTCTAGCACTTTGGGAGGCCGAGGTGGGTGGACCGCTTGAGGCCAGGAGTTTGAGACCAGCCTGGGCAACATGGTAAAATCCACTCTCTACAAAAAAATATAAAAAATTAGCTGGGCATGGTGGTGCATGCCTGTAGTCCCAGCTACTCAGGAAGCTGAGGTGGTAGGATCACTTGAGCCTAGGAGGTTGAGGCTGCAGTGAGCCATGATTGTGCCACTGCACTCCAGCCTGGGTGACAGAGTGAGACCCTGTCTCAAGAAAAGAAAAGAAA"
"chr1","9351014","9351316","chr12","40601683","40601983","53","31250669","GGCTGGGCATGGTGGTTCATGCTTGTATTCCTAATGCTTTGGGAGGCTAAGGAAGGAGGATCACTTGAGCCCAGGAGTTTGAGACCAGCCTGGGCAACATAGTAAGACCCCCATCTCTGCAAAAAATAAAAATAAATTAGCTGGGCATTGTGATGCACGCCTGTAGCCCCAGCTATGTGGGAGACTGAGGTGGGAGGATTACTTGAGTCCAGGAGTTTAAGGCTGCAGTGAGCTATGGTTGCAACACTGCACTCTAGCCTGCGTAACAGAGCGAAACCCTGTCTCAAAAAAAAAAAAAAAAAA","GGCTGGGCGCGGTGGCTCATGCCTGTAATCCCAGCACTTTGGGAGGCCAAGGCAGGAGGATTGCTTGAGCCCAGGAATTTGAGACCAGCCTGGGAAGCATAGGAAGACCCTATCTCTACAAAAAATTTAAAAAGTAGCTAGGTGTGGTGGCGCACGCCTGTAGTCCCAGCTACTTGGGAGGCTGAGGTGGGAAGATCACTTGAGCCCAAGAGGTTGAGGCTGCAATGAGCTGTGATCGTACCACTGCACTCTAGCCTGGCTGACAGAGTGAGACCCTGTCTCAAAAAAAAAAAAAAAAAAA"
"chr1","9360081","9360216","chr20","122096412","122096546","14","112736331","AAAAATTAGCTGGGCACAGTGGCATGCACCTGTAATCCCAGCTACTTGGGAGGCTGAGGCGAGAGGATTGCTTCAGCCCAGGAATTCAAGGTTGCCAAGGGTGATGATCACACCATTGAACTCCAGCCTGGGGGAC","AAAAATTAGCTGGGCACAGTGGCATGCACCTGTAATCCCAGCTCCTTGGGAGGCTGAGGTGAGAGGATCGCTTGAGCCCAGGAATTCAAGTTGCTAGGGGCAATGATCACATCACCGAACTCCAGCCTTGGTGAC"
"chr1","9362061","9362276","chr12","7687835","7688041","48","1674226","AGCCTGGGCAACAAAAGGAGACCTCCATCTCTACAAAAAGCTACAAAAATTACCCGGGTGTGGTGGCATATGCCTGTTGTCCCAACTACTAGGTGGGCGGATCACTTGAACCCAGGAGACTGAGGCTGCAATGAGCTATGATAGCTCCACTGCACTGCACCCTGGGTGACAGAGCAAGACCCTGTCTCAAAAAAAGTTAATTAGAAATAAAAATAA","CTGGGCAACATAGTGAGACCCCATCTCCACAAAAAATAAAAAACTTAGCCGGGCATGGAAGCACGTGCCTGTAGTCCCAGGCTGAGGTGGGAGGATTGTTTGAACCCAGGAGGTTGAGGCTGCAGTGAGCTAGGATCACATCACTGCACTCCAGTCTGGGTGACAGAGAAAGACCCTGTCTCCAAAAAATAAATAAATAAAAATAAA"
"chr1","9377504","9377802","chr14","64724578","64724872","70","55347074","GGGTGTGATGGCTCACATCTGTAATCCCAACACTTTGTGAGGCCGAGGCAGGCAGATCCCTTGAGCCTAGGAGTTTGAGACCAGCCTGGACAACATAGCAAGACCTCAAGACCTCATCGCTACAAAAATTAAAAATTAGCTGGGCATGGTGGCACACACTTCAGCTACTCGGGAGGCTGCGGTGGGAGGATCACCTGAGTCCACAAGGTCAAGCACCTGTGATCGCGCCACTGCACTCCAGCCTGGGCCACAGTGCGAGACCCTGTCTCAAAAAAAAAAAAAGAAAAAAGAAAAAAGAA","GGCTGGGTGTGGTGGCTCACACTTGTAATCCCAGCACTTTGGGAGGACAAGGCAGGAGAATCACTTGAGGCTAGGAGTTTGAGACCAACCCTGGGCAACATAGGGAGACCCTGTCTCTACAAAAAATACAAAAATTAGCTGGGTGTGGTAGTGCGCAACTGTAGTCCCAGCTACTCGGGAGGTTGAGGTGGGAGGATCACCTGAACCTAGCAGGTTCATGATCAGGCCACTGGACTCCAGCCTGGACAACAGAGTGAGACCCTGTCTCAAAAAGAAAAAAAAAAAAAAAAAAAAA"
"chr1","9379154","9379404","chr25","6589099","6589347","62","2790055","CGGGCACGATGGCTCACGCCTGTAATCTCAGCACTTTGGGAGGCCGAGGTGAGAGGATCATTTAAGGCCAGGAGTTTAAGAACAACCTGGGCAAAACAGCGAGACCTCGTCTCTACTAAAAATAAAAAAAAATAATAAAAAAAAATAATTAGCCTGGCATGGTGGCATTTGCCTGTAGTCCTAGCTACTTAGGAGGCCGAGGGAGAAGGATTGCTTGGTCCGGAAGTCTGCAGTGAGCTATGATGGAGCCA","CGGGTGCGGTAGCTCACGCCTGCAAATGTCAGTACTTTGGGAGTCCAGGGAGGAGGACTGCTTGAGCCCAGGAGTTCAAGACCAGCCTAGGCCTGATAGTGAGACCCTATCTCTATAAAAAAAAATTATAAAAAAAAAAATTAGCTGGCATGGTGGCATGCACCTGTAGTCCCAGCTACTCAGGAGGCTGAGGAGGGAGGATTGCTTGAGCCCAGGAGGTCAGTGCTGCTGTGAGGCAAGATTGCACCA"
"chr1","9381478","9381744","chr11","118848800","118849060","56","109467322","CCGAGCACTTTGGGAGGCTGACGCGGTAGGATGGCTTGAGCCCAAGAGTTCGAGACCAGCGTAGGCAACATAGTTAGACCCCCGCCTCTACAAAAAAATTTTAAAAATTAGCAGAGTGAGGTGGTGCGCACTTGTGGTCTCAGCTACACGGGAGGCTGGGGTGAGAGGATCGATTGAGCCAGAGAGGTAGAGGCTACAGTGAGCTATGATCGCACCACTGCACCCCAGCCAGGGCAACAGAGCAAGACCCTGTCTCAAAAACAAAAA","AACACTTTGGGAGTCTGAAGCAGGAGGATTGCTTGAGACCAGGAATTTGAGACCAGTCTGGGCAACATAGTGAGACCCTGTCTCTACAAAAAATTTTTTAAATTAGCCAGGCATGGTGGTGCACACCTGTAGTCCCAGCTACTCAGGAGGCTAAGGTGGGAGAATCTCTTGAGCCCAGGAGGTCAAGGCTGCAGTGAGCCTCGATTACACCACTGCACTCCAGCCTGGGCAACAGAGCAACACCCTGTCTCTTAAAAAAAA"
"chr1","9390408","9390744","chr13","65526859","65527182","83","56136451","GGCCAGGCACGGTGGTGGCTCACGCCTGTAATCCCAGGACTTTGGGAGGCCAACATGGAAAGATTGCTTGAGCCCTGGAGTTTGAGACCAGCCTGGGCAACATAGTGAGAACCTATCTCAAGACAACAAAATTGTATTTCATTATTATTTTAAAAAAAAAAAGTTTTTTTTTAATTAGCTGGGTATGTGGTGTGCACCTGTAGTCCCAGCTGCTGGGGATGCTGAGGTGAGAGGATCACTTGAGCTCAGGAGTTCAAGGCTGCAGTGAGTCATGATCACGCCACTGCACTGTAGCACGGGCAAGAAAGTGAGACCCTGTCTCTAAAACAAAAAAAAA","GGCCAGGCACAGTGGCTCACACCTGTAATCCCAGCACTTTGGGAGGTTTAGACGGGCAGATCACTTGAGCTCAGGAGATCGAGACCAGCCTGGGCAACATAGTGGGACCTCATCTCCACTAAAAATAAGAAATTTAAAAAAAAAAAATTTTTTTTCATTAGCCAGGCTTACAATTAGCATGTGCCTGTAGTCCCAGCTACTTGGGGAGGCTGAGGTGGGAGGACAGCTTAACCCTAGGAGTTTGAGGCTGCAGTGAGCTATGACGTACACCACTGCACTCCAGCCCGGGCAAGAGTGAGACTCTCTCTCCAAAAGAAATAAAAA"
"chr1","9399802","9400109","chr20","122060553","122060857","24","112660751","GGCTGGGCTCATGGTGGCTCATGCCTGTAATCCCAGTGCTTTGGGAGGCCAAGGTAGGAGGATCACTTGAGGCCAGGAGTTAGAGACCAGCCTGGGCAACATAGTGAGAGCCCATCTCTACAAAAAAAAAAAATTAAAAATTAGCCAAGCATGGTGGAGCGTGCCTGTAGTCGCAGCTACTTGGAAGCTGAGGTGGAAGGATCACTTGAGCCTGGGAGTTTGAGATGCTATGATGGATCACTACACACCAGCTTGGCAATACAGCAAGATCAAGTCTCAAAAAAAAAGAAAAAAGTAAAAAAAAAGAA","GGCTGGGCTCAAGGTGGCTCATGCCTGTCATCCCAGTGCTTTGGGAGGCCAAGGTAGGAGGATCACTTAAGGCCAGGAGTTAGAGACTAGCCTGGGCAACATAGTGAGAGTCCATCTCCACAAAAAAACAATTAAAAATTAGCCAAGCATGGTGGAGCGTGCCTGTAGTCCCAGCTACTTGGAAGCTGAGGTGGAAGGCTGACTTGAGCCTGGGAGTTTGAGATGCTACGATGGCTCACTGCACGCCAGCTTGGCAACACAGCAAGATCATGTCTCAAAAAAAAAAGAAAAAAAAAGAAAAGAAA"
"chr1","9402403","9402691","chr16","42445815","42446111","57","33043412","GGCTGGATATGGTGGCTCATGTCTGTAATCCCAGCACTTTGGGAGGCCAGAGTGAGAAGATCCCTTGAACCCAGGAGGTCAAGACCAGCCTGGGCAATATAGTGAGACTGTCTCTACAAAAAATTAAAAAATTAGCCAGGTGTAGTGGTGTGCACCTGTAGGCCCAGCTACTTAGGAGGGTGAGATGGGAACATCGCTTGAACCTAGGAATTTGTGTTACAGTGAGCTATGATGGCACCACTGTACTCCAGCTGGGGCAACAGAGTGAGACCCTGTTTCAAAAAAAAAA","GGCTGAGCACAGTGGCTCACGCCTCTAATCCCAGCACTCTGGGAAGCCAAGCTGGGAAGATCGCTTGAACCCAGGAGTTCAAGACCAGCCTGGGCAACATAGGGAGACCCTGTCTCTACAAAAAAATTTAAAAACTAGCTGAGTGTGGTGGTACACACCTGTAGTCCCAACTACTTAGGAGGCTGAGGTGGGAAGGTTGCTTGAGCCTGGGAATTTAAGGCTGCAGTGAGCTGCGATGGCACCACTGCACTTAAACCTGGGCAACAGGGTGAGACCCTGTCTCTAAAAAAAAATAAA"
"chr1","9406859","9407172","chr28","15141829","15142140","55","5734970","GGTCAGGTGCGATGGCTTACTCCTGTAATCCCAATACTTTGGGAGGCTGAGGTGGGAGGATCACTTGAGCACAGGAGTTCACGGCCAGCCTGGGCAACATAATAAGACTCCATCTCTACAAAAAATAAAAAATTAGCTGGTTATGGTGGCATGCACCTGTAGTCCCAGCTACTCAGGAGGCTGAGATGGGGGAATCATTTGAGCCCAGGAGGTTGAGGCTGCCATGAGCTGTGATCATGCCACTGCACTACAGCCTGGATGACAGAGCAAGACCCTGTCTCAAAAAAAAAAAAAAAAAGTATAAAAATAAAAAA","GGCCGAGTGCAGTGGCTCACGCTTGTAATTCCAACACTTTGAGAGGCTGAGGTGGAGGGATCGCTTGAGCCCAAGAGTTCAAGACCAGCCTGGGCAACATAGTGAGACCCCATCTCTACAAAAAAAGTTTGAAAATTAGCTGAGTATGGTGGCACATGCCTGTAGTCCCAGCTACTCAGGAGGCTGAGGTGGGAGAATCGCTTGAGCCCAGGAGTTTGAGGCTGCAGTGAGCCATGATCACACCACTGCACTCCAGCCTGGGCAACAGAGCAAGACCCTGTCTCTCTAAAAAAAAAAAAAAAAAAAAAAAAA"
"chr1","9497953","9498258","chr1","32857246","32857542","59","23359293","GGCTGGGTGCGGTGGCTCATGCCTGCAATCCCAGCACTTTGGGGAGGCCAACGCAGGAGGATCACTTGAGGCCAGGAGTTAGAGACCAGCCTGGGCAACATGGTGAGACCCTATCTCTACAAAAAAATTTAAAATTAGCCAAGCACGGTGGTGCATGCCTATAGTCCTGGCTACTTGGGAGGTTGAGGCAGGAGAACCGCTTGAGCCCAGGAGGCTGAGGCTGTGCAGTGAGCGATGATCACACTACTGCACTCCAGCGTGAGCAACAGAACAAGACCCTGTCCCCACTTCCAAAAAAAAAAAAAA","GCTGTGCAGGGTGGCTCAGGCATGTAATCCCAGAATTTTGGGAGGCTAAAGCAGGAGGATGGCTGGAGGCCAGGAGTTTGAGACCAGCCTGGGCAACATAATGAGACCCTGTATCTACAAAAAAATTTAAAAATTAGCTGGGCATCATGGTGCATGCCTGTGGTCCTAGTTACTTGGGCAGCTGAGGTTGGAGGATCGATTGAGCCCAGGAGGTCGAGGCTGCAGTGAGCCATGATCATGCCACTGCAGTCCAGCCTGGGCAACAGAGCAAGACCCTGTCTCAAAAAAAAAAAAAAA"
"chr1","9499640","9499944","chr20","121972332","121972632","35","112472692","GGCTGGCCATGGTGGCTCATGCCTGTAATTCTATCCCTTTGGAGGCCAAGGTGGGTACAATCACTTAAGCCAGTAGTTCAAGACCAACCTGGTCAACATTAATGAGACCTCAATCTCTACAAAATAAATTTTTTTTAAATTAGCCTGGTGTGGTGGTGCATGTCTGTAGTCTCATCTACTTGGGAGGCTCAGGCGGGAGGATCATGTGAGCCCAGGAGTTGAAGGTTGCAGTGAGCTATGATTATGCTACTGCACCCCAGTCTGGGTGACAAAGCAAGACCCTGTCTCAAAAGAAGAGAAGAGAA","GGCTGGCCATGGTGGCTCATGTCTGTAACTCTATCCCTTTAGAGGCCAAGGTGGGGATGATCACTTAAGCCAGTAGTTCAAGACCAACCTGGTCAACATTAACGAGACCTCAATCTCTAAAAATATATATATATTTTTTAAATTAGCCTGGCATGGTGGTGCATGTCTGTAGTCCCACCTACTTGGGAGGCTCAGGCAGGAGGATCATGTGAGCCCAGGAGCTGGAGGTTGCAGTGAGCTATGATTATGCTACTGTACCCCTGCCTGGATGACAAAGCAAGACCGTGTCCCCCCAAAAAAA"
"chr1","9501144","9501435","chr16","47763056","47763352","62","38261912","GTGTGATGGCTCGCATCTGTAATCCCAGCACACTTTGGGAGGGCGGGGCAGGAGGATCACTTGAGTCCAGGAGTTTGAGCCCATTCTGGCAACAAAGTGAGACCTCATCTCTTACTAAATCAAAATAAATTAGCCAGACATAGTGGCGCACGCCCATGGTCCCAGCTACTCAGGGAGCAGAGATGGGAGGACCACTTGAGCCCAGGAGGTCGAGGATCCAGTGAGCCCTGATCGTGCCACTGAACTCCAGCCTGGGTGACAGAGCAAGACCCTGTCTCAAAAAAGAAAAAAA","GGCCGGGCGTGGTGGCTCACAGGTGTAATCCCAGCACTTTGGGAGGCCGAAGCAGGAGGATCACTTGAGCCCAGGAGTTTAAGAACAGCCTGGGCAACATATCAAGACCCTGTTTTTTACAAAACAATTAAAATTTAGCCAGACATGGTGGTGCACGCCTGTAGTCCCAGCTACTCAGTAGGCTGAGGTGCGAGGATCACTTGAGCCCAGGAGGTAGAGGCTGCCGTGAGCTATGATCGTGCCACTGCACTCCAGCCTGGGCCACAGAGCCAGACCCTGTCTCAGAAAAGGAAAAAA"
"chr1","9505066","9505370","chr24","1072705","1073013","52","8432361","GCTGGGTGTGGTGGCTTATGCCTGTACTCCCAGCACTTTGGGAGGCTGAGGCGGGAGGATCACTTGAGCCAGGAGTTTGAGACCAGCCTGGACAACATAGCGAAACCTTGTCTCTACAAAAAATAAAAAATTACCTAAGTGTGGTGGCGGGTGCCTGTGGCCCCAGTTACTTGAGATGCTTAGGTGGGAGGATCATTTGAGCCCTGGAGCTTGAGGCTGCAGTGAGCCCTGATTGTGTCACTGCATTCCAGCCTGGGCGACAAAGTGAGACTCTGTCTCAAAAAAAAAAAAAAAAAAAAAAAAAA","GGCTGGGTGTGGTGGCTCATGCCTTGTAATCCCAGCGCTTTGGGAGGCAGAGGCTGGAGGATCACTTGAGACCGGGAGTTTAAGACCAGCCTGAACAACATAGTGAGACTTCTTCTCTACAAAAAATAAAAAATTACCCAGGCATGGTGGTGTGTGCCTGTAGTCCCAACTGCTTGGGACACTAAGGTGGGAGATAGCTTGAGCCCAGGAGTTCAAGGCTGCAGTGAGCTATGATTGCACCACTGTACTCCAGCCTGGGTGACAGAGTGAGATCCTGTCTCAAAAAAAAAAAAAAAAAAAAAATTAAAA"
"chr1","9517203","9517492","chr22","44892045","44892347","58","35374842","GCTGGACATGGTGGCTCACGCCTATAATCCCAGCACTTTGGAGGGCCAAAAAGGGCAGATTGCTTGAGCCCAAAAGTTCGAGACCAGCCTGGGCAACATAGGAAGATCCTGTCTCTACAAAAATTTTAAAATTAGCCAGGCATGGCGGCATGCACACCTAGTCAGGAGGCTGAGGTGGATAGTTTAAGCCCAGGGAGGTTGAGGCTGCAGTGAGCTGTGATTGTGCCACTGCACTCCAGCCTGGGCAACAGAGCAAGATCCTGTCTCAAAAAAAAAAAAAAAAAGAAAAA","GGCTGGACGTGGTGGCTCAACACCTGTAATCCCAGCACTTTGAGAGGCCAAGCAAGGTGGGAGGATCACTTGAGCCTAGGAGTTTGAAACCAGCCTGGGCAATACAGGGAGATGCCATCTCTACAAAATATTTAAAAATTAGCCAGACATGGTGGTATGTACCTGTAACTACTCAGGAGACTGTGGTGGGAGGATTCCTTGAGCCCAGGAGGTTGAGGCTATAGTGAGCTGTGATTGTACCACTACACTCCAGCCTGAGTGACAGAGCAACACCCTGTCTCAAAAAAAAAAAAAAAAAAAAAA"
"chr1","9536480","9536773","chr20","121934768","121935068","22","112398288","GACCAGGCACAGTGGCTCACACCAGTAATCTTAATTCTTTGATGAGGCTGAGACGGAAGGATATCTTGAGGCCAGGAGTTCGAGACCAGCCTGGGCCATATAGTGAAACCTCATTTCTCCCCAAAAAAAAAAAAAAGTTAGTCGGGCATGGTAGCAGGTGCCTGTAGTCCCAGCTGCTCGGGAGGCTGAGGCAGGAGGATCACTTGAGCCCAGGAGTTCAAGGCTGCAGTGAGCTATGATGGCACCACTGCACTCCAGCCTAGATGACAAAGCAAGACCCTGTCTCTGAAAAAA","GACCAGGCACAGTGGCTCATACCAGTAATCTCAACTCTTTGATGAGGCTGAGACGGGAGGATATCTTGAGGCCAGAAGTTTGAGACCAGCCTGGGCAATATAGTGAAACCTCATTTGTACCAACCAACCAACAAACAAAAAAGTTAGTTGGGCATGGTAGCAGGTGCCTGAGTCCCAGCTGCTCGGGAGGCTGAGGCAGGAGGATCACTTGAGCCCAGGAGTTCGAGGCTGCAGTGAGCTATGATGGCACCACTGCACTCCAGCCTAGGTGACAAAGCAAGACCCTGTGTCTGAAAAAAGA"
"chr1","9559294","9559483","chr6","38934640","38934825","44","29375346","AAAAAAAAATTAATTAGCCGAGTGTAGCAGTGTGGGCCTGTGGTCCCAGCTCCTCAGGAGGCTGAGAGGTGAGAGAATCAATTGAGTCCAGAAGGTCAAGGCTGCTTTGAGTGCTGATTGTACCACTGCACTCTAGCCTGCGTGACAGAGCAAGACCCTGTCCAGGAAAAAAAAAAAAAAAAAAAAAAAA","GCAAAAAAAAAAATTAGCTGAGTGGTGGTGCATGCCTGCAGTCCCAGCTACTGAGGAGGCTGAGGTGGGAGGATCACTTGAGCCCAGCAGGTCGAGACTGCAGTGAGCTATGATGGCACCACTGCCCTCCAGCCTGGGCGACAGAGTGAGACCCTGTCTCTCAAAAAAAAAAACAAAAAAAAACAA"
"chr1","9559753","9559884","chr18","58582820","58582946","27","49023067","GCCAGACGTGGAGGCTCATTCCTGTAATCCCAGTACTTTACATGGCAGAGGCAAGAGGATGGCTTGAGCCCAGGAGTTCAAGACCAGCCTGGGCAACATAGGAAGATACCCCATCTGTCAAAACAATTTTTC","GTCAGGCATGGTGGTGCATGCCTGTTATCCCAGTACTGTGGGAGGCAGAGGCAGGAGGATTGCTTGAGGCCAGGAGTTCAAGACCAGCCTGGGCAACATAGGAAGACCCCCATCCCTAAAATAAATA"
"chr1","9577323","9577580","chr20","121896353","121896616","34","112319030","TTGGGGAGGATGAGGTGGGAGGATCACTTGAGCCCAGGAGTTTGAGACCAGCCTGGGCAACATAGCAAGACCCTGTCTCTACAAAAAAATTTTTTTAAATTAGCCAAGCGTGGTGATGTGCACCTGTGGCCCTAGCTTACTCACAAGGCTGAGTTGGGAGGATTGCTAAAGCCCAGCAGGTTGAGGCAGCAGTGAGCTATGATCGCGCCACTACACTCCAGCCTGGGCGACAGAGGGAGACCCTGTGTCAAAAAATAA","TTTGGCGAGGATGAGGTGGGAGGATCAGTTGAGCCCAGGAGTTTGAGACCAGCCTGGGCAACATAGCAAGACTTTTTCTACAGAAAAAAATTTTTAAAATGAGCCAAGCGTGGTGATGTGCACCTGTGATCCTAGCTACTCAGGAGGCTGAGTTGGGAGGATTGCTAAAGCCCAGCAGGTCGATGCTGTAGTGAGCTATGATCATGCCACTGCTCTCCAGTCTGGGCGGCAGAGGGAGACCCTGTGTCAAAAAAAAAAAAAAAA"
"chr1","9577867","9578131","chr20","121895804","121896067","17","112317937","CGGGCATGGTGGCTCATGCCTGTTAATTCCAATATTTTGGGAGACCAAGGCAGGAGGATTGCTTGAGACCAGGAGTTTGAGACCAACCTGGCTGTGCAACATTAACAAGACCTCTACAAAAAAATTTAAAAGTGGCAGGGTGTTGTGGCATGCTTCTGTGGTCCCAGCTAGTTAGGAGGCTGAGGCAGGAGGATCGCTTAAGCCCAGGAGTTCAGGGCTGCAGTGAGTTCTGATCATACCACTGTACTCCTGGGCACCAGAGCAA","CGGGCATGGTGGCTCATGCCTGTTAATTCCAATATTTTCGGAGGCCGAGGCAGGAGGATTGCTTGAGGCCGGGAGTTTGAGACCAACCTGGCTGGGCAACATAGCAAGACCTCTACAAAAAAATTTAAAAGTGGCAGGGTGTTGTGGCGTGCTCCTGTGATCTCAGCTACTTAGGAGACTGAGGCAGGAGGATCGCTTGAGCCCAGGAGTTCAGGGCTGCAGTGAGTTCTGATCGTACCACTGTACCCCTGGGCACCAGAGCAA"
"chr1","9584602","9584891","chr20","121888755","121889046","20","112304153","GGCTGGGTGTGGTGGCTCATGCCTGTAATGAGAGGCGGAGGTGGGAGGATTGCTTGAGCCCAGGAGTTCAAGACCACCCTGGGCAACATAATGAGAACCTGTCGCTACAAAAAATATAAAAATTAGCCGGGTATGGTGGTGCATGCCTGTGGTTCAGCCATGCAGGAGGCTGAGATGGGTGGATTGCTTGAGCTAGGGAGTTCGAGGCTGCAGTGAGCCATGATTGCACCACTGTACTCCAGCTGGAGCAACAGAGCAAGACCCTCTCTCTCAAAAGAAAAAAAAAAGAA","GGCTGGGTGTGGTGGCTCATGACTGTAATGGGAGGCCGAGGTGGGAGGATTGCTTGAACCCAGGAGTTCAAGACCACCCTAGGCAACATAATGAGAACCTGTCACTATAAAAAATGTAAAAATTAGCCGGGTATGGTGATGCGTGCCTGTGGTTCAGCCATGCAGGAGGCTGAGGTGGGTGGATTGCTTGAGCCAGGGAGTTCAAGGCTGCAGTGAGCCATGATTGCACCGCTGTACTGTGGCTGGGGCAACAGAGCAAGACCCTCTCTCTCAAAAGAAAAAAAAAAAAGAA"
"chr1","9595238","9595355","chr20","121877020","121877139","12","112281782","GGGCACAGTGGCAAATGCCTGTAATCCCAGCACTTTGGGAGACTGAGGTAGGAGAATTGCTTGAGGCCTGGACTTCAAAACCAGCCTGGGCAATAAAGTAAGACCCCATCTCTTTAAA","GCTGGGCACAGTGGCAAACGCCTATAACTCCAGCACTTTGGGAGACGGAGGTAGGAGAATTGCTTGAGTCCTGGACTTCAAAACCAGCCTGGGCAATATAGCAAGACCCCATCTCTTTAA"
"chr1","9595666","9595703","chr20","121876674","121876708","4","112281008","TTCTACAAAAAATCTTTAAAAGATTAGCTGGGTGCAGC","TCTACAAAAAATATTTAAAAGATTAGCTGGGTGCA"
"chr1","9596013","9596184","chr20","121876203","121876380","21","112280190","TTAGCTGGGTGTGCAGTGGCTTGCACCTGTAGGCCCAGTTACTTGGGAGGCTGAGGTGGGAGGATCCCAAGAGCCCAGGAGTCTGAGGTTGCAGTGAGCTATGATCACACCACTGCACCCCAGCCTGGACAACAGAGCGAGACTGTCTCAAAAAAAAAAAAAAAGAAAAGAA","GATTAGCTGGGTGCAGTGGTGTGCACCTGTAGGCCCAGTTACTTGGGAGGCTGAGGTGGGAGAATCCCATGAGCCCAGGAGTCTAAGGTTACAGTGAGCTATGATCACACCACTGCACCCCCGCCTGGCAACAGAACAAGACCCTGTCTCCAAAAAGAAAAAAAAAAAAAGAAAAGAA"
"chr1","9627915","9628227","chr20","121844850","121845159","34","112216935","GGCTGGGCATGGCGGCTTACACCTATAATCTCAACACTTTGGGAGGCTGAGGTGGAAGGATTGCTTGAGCCCAGGAGCTTGAGACCAGCCTGGGCAACACATTAATAGCTAGACCATCTCTACAAAAAAAATGTAAAAATCAGCTGGGCATGGTGGCGTGTGTTTGTGGTACCAGCTATTTGGGAGGCTGAGGTGGGAGGATTGCCTGCACCCAGGAGGTTGAAGCTTCAGTGAGCCTTGACTGTGCCACTGCACTCCAGCCTGGGCGACAGAGCAAGACTCCGTCTCAAAAAAATAAATAAATAAAATAAAA","GGCTGGGCACGGTGGCTTACACCTATAATCTCAACACTTAGGGAGGCTGAGGTAGAAGTATTGCTTGACCCCAGGAGTTTGAGACCAGCCTGCACGACACATTAATAGCTAGACCTCATCTCTACAAAAAAATGTAAAAATTAGCTGGGCATGGTGGTGTGTGTTTGTGGTCCCAGCTATTTGGGAGGCTGAGGTGGGAGGATTGCCTGAACCCAGGAGGTTGAAGCTTCAGCAAGCCTTGAATGTGCCACTGCACTCCAGCCTTGGCAACAGAGCGAGACGCTATCTCAGGGGAAAAAAAAAAAAAAAA"
"chr1","9641560","9641694","chr14","21806073","21806204","23","12164513","GACTGGGTGTGGTGGCTTATGCCTATAATCCCACCTCTTTGGGAGTCCAAGATGGGAGGGTCACTTTAGGCCAGATGTTCCGAGACCAGCCTGGGCAACATAGTGAGACTATGTCTCTACAAAAAATAAAACTTA","GGCTGGGCATGGTGGCTCATGCCTGTAATCCCAGCACTTTGGGAGGCCGAGGTGGGTGGATCACTTGAGGCCAGGAGTTCAAGACCAGCCTGGGCAACATAGCAAGACTTTGTCTCTATAAAAAATAAAACA"
"chr1","9642456","9642763","chr21","107450772","107451077","56","97808316","GCTGGGTGCAGTGGCTCACGCATGTCTGTAATCTCAACACTTTGGGAGCCTGAGGTGGGAGGATTGCTTGAGCCCAGGAGTTCGAGACCAGCCTGGCCAATATAGTGAGACTTCATCTCTACAAAGAATAGACAATCTTAGCTAGGCATGGTGGCGGATGCCTCTAGTCCCACCTACTCAGGAGGCTTAGGTGAGAGGACTGCTTGAGCCCAGGAATTTGAGGTTGCAGTGAGCCATGATCTTGCCACTCCACTCTGGCCTGGTTGACAGAGTGAGACCCTGACTCAAAAAAAAAAAAAAAAAAAAAA","GACTGGGCGCAGTGGCTCATGCCCGTAATCCCAACACTTTGGGAGGCCGAGGTGGGAGAACTGCTTGAAACCAGGAGTTTGAGACCAGCCTGGGCAATATAGTGAGACCTTATCTCTACAGAAAAATTTAAAAATTAGTTAGGCATGGTGGCATGCACCTGTAGTTCCAGCTACTCAAGAGGCTGACGTGGAAGGATCACTCGAGCCCAGGAGGTGGAGGTTTCAGTGAGCCATGATCGTGCCACTGCACTCCAGCCTGGGTGACAGAGTGAGACCCTGTCTCAAAAAAAAAAAAAATTGAAAAAA"
"chr1","9649520","9649644","chr4","74032797","74032921","29","64383277","TGGTGGCTTGTGCCAATCACCACAACACTTTGAGGGGCCAAGGCCGGAGGATCGCTTGAGCCCAGGAGTTCAAGGCTGCAGTGAGCTATGATCACACCACTGCACTCCAGCCTGGGCAACACAGC","TGGTGGTTCACACCTGTAACTGTAGCACTTTGGGAGGCCAAGGTGGGAAGATTGCTTGAGACCAGGAGTTCAAGGCTGCAGTGAGCTGCAGTCACACTATTGCACTCCAGCCTGGGCAATGGAGT"
"chr1","9659467","9659751","chr7","49787215","49787509","59","40127748","GGCTGGGTCCAGTGGCTCATGCCTGTAACCCCAACACTTTGAGGCTGAGGTGGGAGGATCGCGTGAAGTCAGGAGTTCAAGACCAGCCTGGGCAACACGGTGAGACATCATCTCTACAAAAAATAGAAAAAGTTAGCTGGGCATGGTGTCATGCACCTGTAGTCCCAGCTACTTGGGAGGCTGAAGTAAGAGGTTCACTAAAGCCTGGGAGGTGGAGGGTGCAGTGAGTCATGTCATTGCACTCCAGCCTGGGTGACAGAGGGAGGCCCTATCTCCAAAAAAAAA","GGCTGGGTGCAGGTGGCTCACGCCTGTACCCCAACAGTTTGGGAGGCTGAGGTGGGAGGATTGCTTGAAGTCAGGAGTTCAAGACCAGGCTGAGCAACATATTGAGACCCTGTCTCTATAAAAAAATTAAAAATTAACCAGGCATGGTGACATGCGCCTGTAGTCCCAGCCACTTGGGAGGCTGAGGAAAGAAGATCATCTGAGCCCAGGAGTTTGAGGCTGCAGTGATCTAGGATCATGCCACTGTGCTCCAGCCTGGGCAACAGAGCAAGGCCCTATCTCTTAAAAATAAAAA"
"chr1","9665796","9665965","chr20","121811097","121811265","11","112145301","TTAGCCAGGAGTGACGGCGTATGCTTGTAGTACTAGCTACTTGGCAGGCTGAGGTGGGAGGATCTCTTGAGCCTGGGATTTGAAGGCTGCAGTGAGCAATGATTGTGCCACTGTACTGCAGCCTAGGCAACAGAGCGATACCCTATCTCTAAAAAAAAAAAACAAAAAAA","TTAGCCAGTAGTAATGGCATGTACTTGTAGTACTAGCTACTTGGCAGGCTGAGGTGGGAGGATCTCTTGAGCCTGGGATTTCAAGGCTGCGGTGAGCAATGATTGTGCCACTGTACTGCAGCCTAGGCAACAGAGCGGTACCCTATCTCTTAAAAAAAAAACAAAAAAA"
"chr1","9666032","9666156","chr20","121810907","121811031","3","112144875","GGCCAGGTGTGGTGGCTCATGCCTCTAATCCCAGCACCGTGGGAGGCCAAGGTGGGAGGATCACTTGAGGCCAGGAGTTTGACACCAGCCTGGGCAACACAGCGAGACCCCATCTCTACCAAAAA","GGCCAGGTGTGGTGGCTCATGCCTCTAATCCCAGCACCGTGGGAGGCCAAGGTGGGAGGATCACTTGAGGCCAGGAGTTCAACACCCGCCTGGGCAACACAGCGAGACCCCATCTCTACCAAAAA"
"chr1","9677318","9677619","chr25","44770913","44771213","64","35093595","GGCTGGGCGTGGTGACTCATGCTTGTAATCCCAGCACTTTGAGAGACTGAGGTGGAAGGATTGCTTGAGACCAGTAGTCTGAGACCAGCCTGGGCAACATAGCAAGACCCCCATCTCTACAAAAATTAGTCTTTAAAATAATTAGCCAGCCTATTGGTATGTGCCTGTGTTCCCAGCTACTTGAGAGGCTGAGGTGGGAGCATCACTTGAGCCCAGGAGTTTGAGGGTGCAGTCAACTGTGGTTGCATCACTACACTCTAGCCAGGGTGGCAGAGCAGGACCTTATCTTAGGGAAAAAAAAA","GGCCAGGTATAGTGGCTCATGCCTGTAATCCCAACACTTTTGAGAGGCTGAGGTGGGAGGATCACTTGAGGTCAGGAGTTTGAGACCAGCCTGGGCAACACAGCGAGACCCTGTCTCTACAAAAAATAAAAATAAAAATTAGCCAGGCATGGTGGCATGTACCTGTAGTCCCAGTTACTTGAGAGACTGAGGCAGGAGGATCACTTGAGCCCAGGAGTTTGAGGTTGCAGTGAGCTGTGATTGTGCCACTGCACTCCAACCTGGGTGACAGAGCAAGACTTTGTCTCTTAAAAAAAAGAAA"
"chr1","9678320","9678599","chr13","13891541","13891816","55","4213221","GCCAGGTACAGTGGCTCACACCTGTAATCCCAGTGCTTTGGTAGGCCGAGGTGGGAGGATCACTTGAGGCCAGGAGTTTGAGACCAACCTGGGAAACAGAGAGAGACCTCATCTCTACAAAAAAAATTGTAAACATTAGCCAGGTATGGTGGCATGTGCCTGTGGTCCCAGCTACTCAGGAGACTGAAGTAGGAGGATTGCTTGAGCCCGGGAGGTCTAGGCTACCGTGAGCCATGATTGCACCTTTGCCCACCAGCCTGGACATCAGAGCAAGACCCTG","GGCCAGGTACAGTGACTCATACCTGTAACCCCAGCATTTTGGAAGGCTGAGGCAGGAGGATCACTTGAGGCCAGGAATTTGAGACCAGCCTGGAAACATAGCAAGACCTACCTCTACAAAAAATTTAAAAATTAGCAGCGCATGGTGGTACATACTTGTAGTACCAGCAACTTGGGAAGCTGAAGTGGGAGGATTGCTTGAGCCCAGGAGGTTGGGGCTGCAGTGAGCCATGACTACACCACTGCGCTCCAGACTGGGCAACAAAGCAAGACCCTG"
"chr1","9684842","9685141","chr25","49311769","49312069","55","39626927","GGCTGGTCATGGTGGCTCACATCTATAATCCCAGCACTTTGGGAGTCTGAGGCAGGAGGATTGCTTGAGGCCAGGAGTTCAAGACCAGTGTGGGCAACATAGTGAGACCTCATCTCTCAAAAAAACTAAAGTTAGCTGAACATGGTGGCACGTGCCTGTAGTCGCAGCTATCTGGGAGGCTGAGGCGGTAGGATCACTTGAGCCTGGGAGTTCTTGGTTGCAGCGAGCTATGATTGAGCCACTGCGCTCCATCCTGGGCAATAGAGTGAGCCTGTGTCTCTGAAAAACAAACCAAAAAAA","GGCTCGGAGTGGTGACTCACACCTATAATCCCAGCACTTTGAGAAACTGAGGCAGGAGGATCATCTGAGCCCAGGAGTTCAAGACCAACCTGGGCAACATAGTGAGACCCCTGTCTCTACAAAAAAATAAAATTAGCTGGACATGGTGCCATGTGCCTGTAGTCTCAGCTATGTGGGAGGCTGAGGTGGGAGGATCCTTTGAGCCTAGGAGGTCAAGGCTGCAGTGAGCTATGATTGTGCCACTGCACTCCAGCCAGGGTGACAGAGCTAGACCCTGTCTCCAAAAAAAAAAAAAAAAAAA"
"chr1","9706976","9707222","chr20","121770467","121770712","17","112063491","AGGCAGAGGCAGGAGGATTGCATGTGGCCAGGAGTTTGAGACCAGCCTGGGCAACATAGCAAGACACCGTCTCTACAAAAAAATTGAAAAATTAGCCAAGTGTGGTGGTATGCACCTGTTGTCCCAGCTACTTGGAAGGCTGAGGTGGGAGGATCGCCTGAGCCCAGGAAGTGAAGGCTGCAGTGAGCCATGATTGCACCACTGCACTACAGCCTGAGCGACAGAGCAAGACCCTATCTCAAAAAAA","AGGCTGAGGCAGGAGGATTGCATGTGGCCAGGAGTTTGAGACCAGCCTGGGCAACATAGCAAGACACCATCTCTGCAAAAAAATTGAAAAATTAGCCAAGTGTAGCGGTATGCTCCTGTTGTCCCAGACACTTGGAAGGCTGAGGTGGGAGGATCGCCTGAGCACAGAAATTCAAGGCTGCAGTGAGCCATGATCGCACCACTGCACTCCAGCCTGAGCGACGGAGCAAGACGCTATCTCAAAAAA"
"chr1","9719058","9719183","chr20","121757677","121757803","13","112038619","GCTGGGTGTGGTGGTTCACTTCCGTAATCCCAGCACTTTGGGAGGACATGGCAAGAGGATCACTGGAGTCCAGAAGTTTAATACCAGCCTGGGCAGCATAGTGTGACTCTGTCTCTACAAAAAATT","CTGGGTGTGGTGGTTCACTCCCGTAATCCCAGCACTTTTCGGGGACACAGCAAGAGGATCACTGGAGTCCAGGAGTTTAACACCAGCCTGGGCAACATAGTGTGACTCTATCTCTACAAAAAATTGT"
"chr1","9719484","9719643","chr20","121757215","121757379","19","112037731","TTAGCTGGGCATGGTGACGGGTGCCTGTAGTCCCAGCTACTTGGGTGGCTGAGGTGGGAGGATTACTTAGGCCCAGGAAGTTGAGGCTAAGGTGAGCCATGACTGCACCACTGCATTCCAGCCTGGGCGAAGGCGTAAGACCCTGTCTCCAAATAAAAAA","TATTAGCAGGGCGTGGTGACCGGTGCCCATAGTCCCAACTACTTGGGTAGCTGAGGTGGGAAGATTACTTAAGCCCAGGAAGTTGAGGCTAAGGTTAGCCATGACTGCACCACTGCATTCTAGCCTGGGCGAAGGAGTAAGACCCTGTCTCAAAGTTAAAAAAAA"
"chr1","9729337","9729420","chr24","48443397","48443483","13","38714060","TCACACTTGTAATCCTAGCACTTTGGGAGGCTGACGTAGGAGGATCACTTGAAGCCAGGGGTTTGAGACCAGCCTGGGCAACAT","CTCACACCTGTAATCCCAGCACTTTGGGAGGCTGAGGTAGGAGGATTGCTTAAGGCCAGAAGTTTAAGACCAGCCTGGGCAACATAG"
"chr1","9730175","9730455","chrUn_AQIB01158730v1","603","889","20","9729572","TTACACTTGTAATCCCAGCACTTTGGGAGGCTGATGTAGGAGGATCGCTTGAGGCCAGGTGTTTGAGACCAGCCTGGGCAACACAGGGAGACCCTGTCTCTACAAAAAATACAAAAATTAGTTGGGTGTGATGGTTCATGCCTGTAGTCTCAGCTACTCAGGAGGCTGAGGTGGGAGGATTGCTTGGGCCCAGGAGGTCAGGGCTGCAGTGAGCCAGTGACCATGCCAGTATACTCCAGCCCGGATTACAGAACAAACCCCTATCTCAAACAAACAAACAA","CTTACGCCTGTAATCCCAGCACTTTGGGAGGCTGACGTAGGAGGATCACTTGAGGCCAGGAGTTTGAGACCAGCCTGGGCAACATAGGGAGACCCTATCTCTACAAAAAATACAAAAGTTAGTTGGGTGTGATGGTGCATGCTTGTAGTCTCAGCTAGTCAGGAGGCTGAGGTGGGAGGATTGCTTGGGCCCAGGAGGTCGGGGCTGCAGTGAGCCAGTGACCATGCCAGTACACTCCAGCCCGGATTCCAGAACAAACCCCTATCTCAAACAAACAAACAAACAAA"
"chr1","9733389","9733558","chr4","82397816","82397978","39","72664427","TAGCCAGGCTCAGTGGTGCCTGCCTATAGTCCCAGCTACCCAGGAGGCTGAGGCAGGATGATCACTTGAGTCCGGGAGATCATGGCTGCAGTGAGCTATTATCATGCCATAACACTCCAGTCTGGGTGAGAAAGTGAGACCTTGTCTCTAAAAACTAAACTGAAAAAAAA","TAAGCTGGGTGTGGTGGCATACCTGTAGTCCCAGCTACTTGGGGGGCTGAAGCAGGAAGATCCCTTGAGTCCAGGAGTTCAAGGCTGCAGTAAGGTATCATCACGCCACTGCTCTCCAGTCTGGGTGGCAGAATGAGACCTTGTCTCAAAAAAAAAAAGAAAA"
"chr1","9733846","9734001","chr1","17693518","17693669","45","7959672","GGCCTGATATAGTGGTTCACACCTGTAATTCCAGCACTTTGGGAGGCCGAGGTGAGGGAATCGCCTGAGGCCAGCACCAGCCTGGGCAACATAGCGACCCTATCTCTACAGAAAACAAAACAAATCAAAACAAAACAAAAAAATAGTCAGGCTCAT","GGCCAGACATGGTGGTTCACGCCTGTAAACCCAGCACTTTGGGAGGCCAAGGAAGGAGGATCACTTGAGGCCAAGAGTTCAAGACCAGCCTGGGCAACTGAGCAAGACCCCATTTCTACAAAAGTTAAAAAAAAAAAAAAAAAAAGTAGCTG"
"chr1","9752212","9752491","chr20","121730396","121730680","21","111978184","GGCCGGATGCAGTGGCTCATGCCTATAATCCCAGGGCCTTGGGAAGCCAAGGAAAGAGGACTGTTTGAAGTCAGGAGTTCAAGACCAGCCTGGGCAACATAGTGAGACCCTCGTCTCTAATAAAAATTTAAAAATTAGCTGGGCACAGTGGCACACACCTCCCAGTTACTCAGGAGACTAAGGCAGGAGGATCACTTGAACCCAGGAGTTAGAGGCTGCACTGTACTCTAGCCTGGGTGACAAAAAATACCTTGTCTCTAAAAAAGTAAAATAAATAAAA","GGCTGGATGCGGTGGCTCATGCCTGTAATCCCAGGGTCTTGGGAAGCCGAGGAAGGAGGACTGTTTGAAGTCGGGAGTTCAAGACCAGCCTGGGCAAGATAGTGAGACCCTCGTCTCTAATAAAAATTTAAAAATTAGCTGGGCACAGTGGCACACACCTCCCAGTTACTCAGGAGACTGAGGCAGGAGGATCACTTGAGCCCAGGAGTTAGAGGCTGCACTGCATGCTAGCCTGGGTGACAGAAAAGACCTTGTCTCTGAAAAAGTAAAATAAATAAAATAAAA"
"chr1","9753955","9754250","chr20","121728626","121728950","62","111974671","GGCTGGGCATAGTGTCTCATGCCTGTAACCCCAGCAATTTGGGAGGCCGAGGTGGGCAGATCACTTGAGTCCAGGAGTTTGAGACCAACTTGGACAACATAGGGAGACCCCATATGTCCAAAATGGCTGGGTGTGGTGGCATGCACCTGTGGTCCCAGCTACTCGGGAGGCTGAGGTGGGAGAATCGCTTGAGCCCGGCAGATCCAGGGTGCAGTGAGCCACGATCCATGTCACTGCCCTCTAGTCTGGGCGAGAGAGCAAAAGACCCTGTCTCAAAAAAAAAAAAAAAAAAAAAA","GGCTGGGCGTAGTGGCTCATGCCAATAACCCCAGCAATTTGGGAGGCTAAGGTGGGCAGATCACTTGAGTCCGGGAGTTTGAGACCAACTTGGCCAACACAGGGAGACCCCATATTTCCAAAATAAAATAAAATAAAATAAAAACTTAGCCGGGTGTGGTGGCACGCACCTGTGGTCCCAGCTACTTGGGAGGCTGAGGTGGGAGAATCGCTTGAGCCTGGCAGGTTCAGGGTGCAGTAAACTGTGATCCGTGTCATTGCACTCCAGACTGGGCAAGAGGGCAAGACCCTGTCTCAAAAAAAAAAAAAAAAAAAAGTTAGAAAAA"
"chr1","9774109","9774401","chr20","121706498","121706791","23","111932389","GGCTGGGAATGGTGCTTCATGCCCATAATCCTAGTACTCTGGGAGGCCAAGGTGGGAGGATCACTTGGGGTCAGAAGGTTGAGACCAGCCTGGGCAACATAGTGAGACCTCGTCTCTATCAAAAATTAAAAAAAATGAATTAGCTGGACATGGTGGTTTGCACCTGTAGAGTTAGATACTTAGGAGGCCGAGGTGGGAAGATTACTTGAGCCCAGGAGTTCAAGGCTGCAGTGAGCTGTGATTGAAATACTGCACTCCAGCTTGGGTGACAGAGAGACTCTCTCTAAAATAAA","GGCTGGACATGGTGCTTCACGCTCATAATCCTAGTACTCTGGGAGGCCAAGATGGGAGGATCACTTGGGGCCAGGAGGTTGAGACCAGCCTGGGCAACATAGTGAGACCTCATCTCTGCCAAAAATTAAAGAAATTAATTAGCTGGGCATGGTAGTGTGCACCTGTGATCTTAGATACTTAGGAGGCCAAGGTGGGAAGATTACTTGAGCCCAGGAGTTCAAGGCTGCAGTGAGCTATGATTGAAATACTGCACTCCAGCTTGGGTGACAGAGAGAGACTCTCTCTAAAATAAA"
"chr1","9781669","9781934","chr20","121698678","121698919","39","111917009","CATGCCTGTAATCCCAACACTTTGAGAGACTGAGGCAGGAAGATTGCTTGAGGCCAGGAGTTCAAAACCAGCCTAGGCAACACAGTAAAACTTCATCTCTACAAAAAAAATTAAAAAATTAGCCGGGCATGGTGGCACGCACCTGTAGTCCCAGCTACTTCTGAGGCTGAAGCAGGGGGACCACTTAAGCTCAGGAGTTTGTGGCCGCAATGAGCTATGGTCGCACCACTGTACTCCAGCCTGACTTTGTCTTAGAAAAACAAAAA","CACGCCTGTAATCCCAACACTTTGAGAGACTGAGGCAGGAAGATCGCTTGAGGCCAGGAGTTCAAAACCAGCCTAGGCAACATAGTAAGACTTCATCTCTACAAAGAAATTAAAAAATTAGCCAGGCATGATGGCTCACACCTGTAGTCCCAGCTACTTCTGAGGCTGAGGCAGTAGGACCACTTAAGCTCAGGAGTTTATGGCCGCAATGAGCCATGGTCTCACCACTGTACTCCAGCCTG"
"chr1","9794289","9794452","chr28","11068977","11069128","40","1274688","TTAGGCATGGTGGCATGCACCTGTAATCTTAGCTACTTGAGAGGGTGAGGTGGAAGGATTGCTTGAGCCCAGGAATTAGAAGCTGCAGTGGGCTATAACCATACCACTGCACTCCAGCATGGGCAACAGATGGGTCTTTTTTAAGACCCTGTGTCAAAAAAAAA","CAGGCATGGTGGTGTGTACCTGTAGTCCCAGCTACTTGGGAGCCTGAGGTGGGAGGATCATGTGAACCCAGGAGTTGAGGCTGCAGTGAGCTATGATCGTGCCACTGCACTCCAGCCTGGGCAACAGAGCAAGACCCTGTCCCTAAAACAAA"
"chr1","9794748","9794882","chr6","44226130","44226260","29","34431382","GTGTCTCACATCTGTAATCCCAGCACTTTTGGGGAATCAAGGAGAGAGGACCACTTGAGGCCAGGAGTTTGAGACCAGCCTGGGCAACACAGAGACCCTGTCTCTACAAAATACTTAAAAAATTAGTCAGGTAGT","GTGGCTCACACCTGTAATCTCAACAATTTGAGAGGCCAATGCAGGAGGATCACTAGAAGCCAGGAGTTTGAGACCAGCCTGGGCAACATAGTGAGACTCTGTCTCTACAAATAATTTAAAAAGTAGCAGGT"
"chr1","9855843","9856127","chr20","121611865","121612157","36","111756022","GGCTGGGCACGGTGACTCCAGCTGATAATCCTAGCACTTTAGGAGGCCAAGGTGGGAGGATCGTTTGAGCCTAAGAGTTGGAGACCAGCCTGGGCAACATGGCGAGACCCCATCTCTACGAAAAATTTAAAAATTAGATGCCTGTTGTCCCAGCTACTAAGGAGGCAAAGGTGGGAGGAAGGCTTGAGCCCAGGAGTTCAAGGCTGCAGTGAGCTATGATCTTGCTGCTGCACTCCAGCCTGTGAAACAGAGCAAGACCCTGTTTCTAAAAAAAAAAGGTAAAAA","GGCCACGCATGGTGGCTCCAGCGGGTAATCCCAGCACTTTAGGAGGCCAAGGTGGGAGGATCGCTTGAGCCCAGGAGTTGTAGACCAGCCTGGGCAACATGACGAGACCCCATCTCTATGAAAAATTTAAAAATTAGATGCCTGTTGTCCCAGCTACTAAAGAGGCTGAGGTGGGAGGAAGGCTTGAGCCCAGGAGTTAAAGGCTACAGTGAGCTGTGATCTTGCCACTGCATTCCAGCCTGGGAAACAGAGCAAGACCCTGCCTCTAAAAAAATAAATAAATAAAATAAAAA"
"chr1","9859551","9859681","chr24","77151356","77151491","27","67291805","GTGGCTCACACCTGTAATCTCAGTACTTTGGAAGGACGATGTAGGAGGATCACTTGAGGCAGGAATTTGAAACCAGCCTAGGCAACATAGTGAGACCCCATCTGTAAAAAAATTAAAAGTGAAAAAAAAAA","GCAGTGACTCACACCTGTAATCTCAGCACTTTGGGAGGCGGAGGTGGGAGGATGACTTGAGGCCAGGAGTTTGAGACCAGCCTGGGCAATATAGTGAGATCCTGTCTCTACACAAAAATAAAAAATAAAAAAATCA"
"chr1","9859974","9860149","chr28","12676391","12676568","36","2816417","ATAAAAAATAAGCCACGCGTGGTGGATACACCTCCAGTCCCAGCTACTTGGGATGCTGAGGTGGGAGGATCACTTGAACCCGAGAGGTTGAGGCTGCAGTGAGCCATTATTCACACCACTGCACTTTACCCTGGGCGACAGGGCAAGACCCTGTCTCCAAAAAAATAATAATAAAA","TTTTGAAAAATTCGCCAGGCATGGTGGCACACAGCTGTAGTCCCAGCTACTTGGGAGGCTGAGGTGGGAGGATCACTTGAGTCCAGAAGGTTGAGGCTGCAGTGAGCCATGATTGTTTCACTGAACTCCATCCTGGGCGATAAAGCGAGACCCTGTCTCAAAAAAAAAAAAAAAAAAA"
"chr1","9867049","9867202","chr20","121617388","121617538","9","111750339","AAAATATACACTGGCCAGCCATGGTGGCTCACAACTATAATCCCAGCATTTTGGGAGGCTGAGGTGGGAGGACTGCTTGAGGCCAGGAGGTTGTAGGCTGTAGTGAGCTAAGATCTGCCATTGCACTCCAGCCCGGGTGACAGAGCAAGACTCT","ATAGACACTGGCCGGCCATGGTGGCTCACAACTATAATCCCAGCATTTTGAGAGGTTGAGGTGGGAGGACTGCCTGAGGCCAGGAGGTTGTAGGCTGTAGTGAGCTAAGATCTGCCATTGCACTCCAGCCTGGGTGACAGAGCAAGACTCT"
"chr1","9879784","9879943","chrX","7838045","7838179","40","2041739","GGCCGAGCACAGTGGCTCACGCCTGTAATCCCACCACTTTGGGAGGCCAAGGTGGGCAGATCACTTGAGGTCAGGAGTTCGAGACCAGCCTGGCCAACATGGCAAAACCCTGTCTCTACTAAAAATACAAAAAAANNNNNNNNNNNNNNNNNNNNNNNNN","GGCCAGCCATGGTGGCTCACTCCTGTAATCCCAGCACTTTGGGAGGCTGAGGTGGGCAGATCACCTGAGGTCAGGAGTTCAAGACCAGCCTGGCCAACATGGCAAAACCCATCTCTATTAAAAATACAAAAATTA"
"chr1","9880179","9880343","chr18","57433456","57433616","32","47553277","TTAAAATTAAAATTAACTGGGCATAGTGGCATGCACCTGTAGTCCCAGCTACTTGGGTGGCTAAGGTGAGAGGATTGCTTGAGCCCAGGAGTTTGAGGCTGCAGTGAGCCATGATTGCACCACTGCGCTCCAGCCTGAGTGACAGAATGAAACTCTGTCTCAAAA","AGTTAAAAATTAGCTTGGCATGGTGGTAGACACCTGTAGTCCCAGCTACTGAGGGAGTAAGGAGGGAGGATTGCTTGAGCCCAGGAGTTTAAGAATGCAGTGAGCTATGTTTGTGCCACTGCACTCCAGTCTAGGTGACAGAGTGAGACTCTGTCTCAAAA"
"chr1","9935147","9935439","chr20","121554631","121554931","25","111619484","GGCCAGGCATGGTGCCTCACGCCTATAATCCCAACACTTTGGGAGGCTGAAGTGAAAGAATTGCTTGAGGCCAGAAGTTCAAGACCAGCCTGGGCAACATATTGAGACACTCTCTACCAAAAAACATTTTTGTTTAAATTAGCTGGGTGTGGTGGCATGCATCGGTAATCCCAGCTACTTGAGAGGCTGAGGTGGATAGATCACTTGAGCCCAGGAGTTGGAGGCTGCAATTAGCCATGATTCCATCACTGCACTCCAGTTTGGACAACAGAGCCAACAACATCTCAAAAAAA","GGCCAGGCATGGTGCCTCACACCTGTAATTCCAACACTTTAGGAGGCTGAAGTGAAAGAATCGCTTGAGGCCAGAAGTTCAAGACCAGCCTGGGCAACATATTGAGACACTCTCCACCAAAAAGCATTTTTGCTTCAATTAGCTGGGTATGGTGGCATGCACCGGTAATCTCAGCTACTCAAGAGGCTGAGGTGGATAAATCACTTGAGCCCAGGAGTTGGAGGCTGCAATTAGCCATGATTCCAGTACTGCACTCCAGTTTGGACAACAGAGCCAACAACATCTCTTAAAAAACACAAAA"
"chr1","9940626","9940869","chr20","121548878","121549120","13","111608252","GGCCAGACGTGGTGGCTCACACCTATAATCCCAGCGCTTTGGGAGGCTGAGTCAGGAGTTTGAGAACAGACTGGGCAACATAACAAGACTTTGTCTCTACAAATAAAATAAAATATTAGTTGGGTGTGTTGGTGTGTGCCTGTAGTCGCAGCTATTTCGGAGGCTGAGGTGGGAGGATCACTTGAGCCCAGGAGTTCAAGGTTACAGTGAGCTATGATTGTGCCACTGTACAGTAGCCTGGACG","GGCCAGATGTGGTGGCTCACACCTGTAATCCCAGCACTTTAGAAGGCTGAGGCAGGAGTTTGAGAACAGACTGGGCAACATAACAAGACTTTGTCTCTACAAATAAAATAAAATATTAGTTAGGTGTGTTGGTGTGTGCCTGTAGTCGCAGCTATTTGGGAGGCTGAGGTGAGAGGATCACTTGAGCCCAGGAGTTAAAGGTTACAGTGAGCTATGATTGTGCCACTCTACGGTAGCCTGGAC"
"chr1","9960396","9960695","chr21","85082439","85082728","53","75122043","GGCTGGGTCCGGTGGCCCACACTTGTAATCCTAGCACTTTGGGAGGCCAAAACAGGAGAATTGCTTCAGCCCAGGAGTTCGAGACCAGCTGGAGCAACCTAGGGAGACCCTGTCTCTACAAAAAAAATAAACAAATTAGCTGTGCATGGTGGCACGTGCCTGTGGTCCCAGTTACTCAGGAGACTGAGGTGGGAGGATCACTTGAGCCCAGGAGGCTGAGGATGCGTGAGCTGTAATCTCACCACTGTACTCCAGCCTAGGGCGACAGAGCAAGACCCTGTCTCTAAAAGAGAAAAGAAA","GGCCAGGTGCGGTGGCTCACACTTATAATCCTAGCACTTTGGGAGGCCGAGGCAGGAGGATTGCTTGAGGCCAGGAGTTCAAGACCAGCCTGGGCAACATAGTGAGACCCTGTCTCTACAAAAAACTGAAAAATTAGCTAGGCACAGTGGCTTGTGCCTGTGGTTCCAGCTACTCAGGAGGCTGAGGTGGGAGGATCACTTGAGCCTAGGAAGTTGAGGCTGCAGTGAGCTGTGATTTTGTCACTGGACTCCAGCCTGGGCAACAGTGAGACCCTGTTTGGAAAAACAAA"
"chr1","9964159","9964453","chr5","69933160","69933446","50","59969001","GGTCTGGTGTGGTGGCTCACACCTGTAATCCCAGCACTTTGGGAAGCTGAGGCATGAGGATGGCTTGAGCCCAGGAGTTTGAGACCAGCCTGGGCAACATAGTGAGACTCCCATCTCTACAAAAAAGAAAAATAATTAGCCGGGTGTAGTGGCATGAACCTGTGGTCCCATCTACTCCAGAGGCTGAGGTGGGAGGATCACTGGAGCCCAGGAGGTTGAGTCTGTAGTGAATTGTGGTTGTACCACTGTACTCCAGTCTGGGCATCAGAGTTAGATCCTGTCTCAGAAAAAAAAA","GCTGGGTGCGGCTCACACCTGTAATCCCAGCACTTTGGGAGGCTGAGGTGGGAGGATCGCTTGAGACCAAGAGTTAAAGTCCAGCCTGGGCAACATAGCGAGATCCTGTCTCTACAGAAAACAGAAAAATTAGCTGGGTGTGGTGGCACGTGCCTGTGGTCCCAACTACTCAGGAGGCTGAGGTGGGAGGATCGCTTGAGCCCAGGAGGTTGAGGCTGTGGTGAGCTATGATCATGCCACTGTACTCCAGCCTGGGTGACAGAGTAAGACCCTGTCTCAAAAAAAAA"
"chr1","9966106","9966298","chr2","16476114","16476311","39","6510008","GGTCTGGTGTGGTGGCTCACACCTGTAATCCCAGCACTTTGGGAAGCTGAGGCATGAGGATGGCTTGAGCCCAGGAGTTTGAGACCAGCCTGGGCAACATAGTGAGACTCCCATCTCTACAAAAAAGAAAAATAATTAGCCGGGTGTAGTGGCATGAACCTGTGGTCCCATCTACTCCAGAGGCTGAGGTGGG","GGCCAGGCACGGTGGCTCATGCCTGTAATATCAGCACTTTGGGAGGCTGAGGCAGTGGATTACTTGAGCTCAGGAGTTTGAGACCAGCCTGGGCAACATAGAGAGACCCCCATCTCTACAAAAAAATTTAAAAATTAGCCAGGCATGGTGGCATGCACCTGTAGTCCCAGCTATTCAGAAGTCTGAGGTGGGAAGCTC"
"chr1","9990044","9990341","chr20","37955040","37955348","72","27964996","GGCAGCTCACACCTGTAATCCCAACACTTTAGGAGGCCAAGTGGGGAGGATCACTTGAGGCCAGGAATTTGAAATCAGCCTGAGTAACGCAACAAGACCCCCCATCTCTACAAGAAATTTTTAAAAATTAGCCAGGCCTAGTGGCATGCGCCTATAGTTTTAGCTACTTGAGAGGCTGAAGTAGGAGAATCACACGAGCCCAGGTGTCTGAGGCTGCAGTGAGCTACAATCTTGCCACTGCACTCCAGCTTGGGCCACATAGCAAGACTCAAAAACAAAAACTAACAAACAAAAAAAA","GGCAGGGCACAGTGTAGCCTGTAATCCTAGGACTTTGGGAGGCCAAGCAAGAGGATCACTTGAGGCTGGCCAGGAGTTTGAGATCAGCCTGAGCAACATAACAAGACACCATCTCTACCAAAAAAATTTTAAAAATTAGCCTGGTGTAGCAGCACACACCTGTGGTCCCAGCTATTTGGGAGGCTGAAATGGGAGAATCACTTGAGCCCAGGAGGTCGAGGTTGCAGTGAGCTATGATTGTGCCACTGCACTCCAGCCTGGGCAACAGAGCAAGATCCTGTCTCAAAAAAAAAAAAAAAAAAAAAAAAA"
"chr1","9992401","9992708","chr20","121497955","121498260","30","111505554","GGCTGGGTGTGGTGGCTGACATCTATAATCCTAGCACTTTGGAAGGCCGAGGCAGGAGGACTGCTTGAGGTCAGGGGTTCCAGACCAGCCTGGGAAACACAGCAAGACCCCTCACCTCTACAAATAAAAAATTAAAAAATTAGCCAGGTGTGGCAGCGAACAACTGTAGTCTCAGATACTCAGGAGGCTGAGCTGGAAAGATCACTTGAGCCCAAGAGTTCAGGGTTACAGTGGGCCATGATCATGTCATTACACTCCAGCTTGGGTGACAAGAGTGAGACTGTCTAAAAAAAAAAAAAAGGAAAAAA","GGCTGGGTGTGGTGGCTCACATCTGTAATCCTAGCACTTTGGGAGGCTGAGCAGGAGGACTGCTTGAGGCCAGGAGTTCCAGACCAGCCTGGGAAACATAGCAAGACCCCCATCTCTACAAACAAAAAATTAAAAAATCAGCCAGGCATGGCGGCAAACAACTGTAGTCTCGGATACTCAAGAGGCTGAGATGGAAAGATCACTTGAGCCCAAGAGTTCAAGCTTGCAGTGGGCCACGATCACGTCATTACACTCCAGCTTGGGTGACAGAGTCAGACCATCTCAAAAAAAACAAAAAGGAAAAAA"
"chr1","10040473","10040763","chr6","24575259","24575558","67","14534786","CCAGGTGCAGTGGCTCACACCTGTAATCTCAGCAACTCTGGAGGCTGAGGCCAGAAGTTTGAGACCAGAGTGGGCAACATAGTGAGACCCTGTCTCTTTGAAAATTTAAAAAACAATTAGCTGGATGTCGTGGTGCATGCCTGTAGTCCCAGCTCCTTGGAAGGCTAAGGCAGGAGGATAACTTGAGCCCAAGAGTTTGAGGCTGCAGTGAGCCATGATTGCCCCACTGCACTCCAGCCTGGGGACAGAGCAAGACCCCAACTCTACCAAAAAATATAAAATAAAATAAAA","GCTGGGCATGGTGGCTCATGCCTGTAATCCCAGCACTTTGGGAGGTCAAGGCAAGAGGATGGCTTGAGACCAGCCTGGGCAACACAGTGAGATCCTTGTCTCTGCAAAAAATTTAAAAATTAGCCAGATGTGGTGGGATGCACCTGTAGTCCCAGTTACTTGGGAGGCTGAGGCAGGAGGATCACTTGAGCCCAGCAAATCGAGGCTGTAGTGAGCCATGATCATGCCACTGCACCTCCAGCCTGGGCAACAGAGCAAGACCCCAACTCTTAAAAATAAAAATTAAATTAAAATAAAAAA"
"chr1","10064310","10064623","chr20","121424762","121425049","50","111360452","GGCCAGGTGTGGTGGCTCATGCCTGTAATCCCAGCACTTTGGGAGGCCAAGGCAGGAGGATCGTTTGAGCTCAGGAGTTCGAGACCAGCCTGAGCAACATAGTGGGGCCCCGTCTCTACAAAAAAATAAAATAAAATAAAATAGCTGGATGTGGTACTGCAGGCCTAAAGTCCCAGTTACTCAGGTGGCTTAGGTGGGAGGATCACTTCAGCCCAGGAATTCAAGGCTGCAGTGAGCTATGATTGAACCACTGCTCTCCAGCCTGGGAGAACAGACCAAGACATTGTTTCAAAAAAAAACAAAAAAACAAGAAA","GGCCAGGTGCAGTGGCTCATGCCTATAATCTCAGCACTTTGGGAGGCTAAGGCAGGAGGATCGTTTGAGCCCAGGAGTTCGAGACCAGCCTGAGCAACATAGTGGGGCCCTGTCTCTACAATAAAATGAAATAAAATAACTGGATGTGGTGCTACAGGCCTAAAGTCCCAGTTACTCAGGTGGCTTACGTGGGAGGATCACTTGAGCCCAGGAATTAGCTATGATTGCACCACCGTACTCCAGCCTGGGGGACAGACCAAGACCCTATTTAAGAGAAACAACAAAAAA"
"chr1","10069312","10069561","chr17","41476531","41476780","52","31407219","GGTCAGTTGTGGTAGCTCACACCTGTAATCCCAGCACTATGGGAGATAAAAGTGGGAAGATCACTTGAGGCCAGGAATTTGAGGCCAGCGTGGGCAATATAGCGAGACCCCGTCTCTACAAAAAAATTTTAAATTAGCTAGGCATGGTGGCACGTGTCTGGAGTCCCACCTATTCAGGAGGCTGAGGCGGGAGGACTGCTTGAGCCCAGGAATTCAAGGTTGCAGTGAGCTATGATCATGTTACTGCACT","GGCCAGGTGTAGTGGCTCACACCTGTAATCTCAGCACTTTGGGAGGCCAAGGCAGGAGGATCACTTGAGGCCAGGAGTTCAAGACCAGCTTGTGCAATAAAGTGAGGCCCTCTCTCTACAAAAAAATTTTAAAAGTTAGCTAGTCATGGTGGCATACAACTGTAGTCCCAGCTACTCAGGAGGCTGAGGCAGGAGGATTGCCTGAGTCCAGGAGTGGAAGGCTGCAATGAGCTATGATTGCACCACTGCA"
"chr1","10069848","10070109","chr6","33269644","33269910","70","23199796","TGGCTCACACCTGTAATACTAGCACTTTCCTACTAAGGTAGGAAGATCACTTGAGCCCAAGAGTTCAAGACCTGCCTGGGCAATGTAGAACTTGTCTCTAAAGAAAAAAAAAAAAATTTAATTAGCCAGGTGTGGTGGCTCGTGCCTATATTCCCAGCTACTCAGGAGGCTGAGGTGGGAAGATCACTTGAGCCCAGGAGTTAGATTGCACCAGTGCACTCCAGCCTGGGCAACAGAGCAAGACCCTTGTCTAAAAATAAAA","TGACTCACCCCTGTGATTCCAGTATCTTGTGGAGGCCGAGGTAGGATGATTGCTTGAGGCCAGGAGTTCCAGATCAGCCTGAGCAACATAGTGAGACCTCATCTCTACAAAATTGAAAATTAATTGGGTGTGGTGGCACGTGCTTGTACTCCCAGCTACCCAGGAGGCTAAGGTGGGAGGATCGCTTGAGCCTGCGAGTGAGCCATGATCACACCACTGTACTCCAGCCTGGGCAACGGAGCAAGACCGTGTCTCAAGAAAGAGAAA"
"chr1","10075488","10075779","chr20","121412972","121413249","29","111337484","GGGCATGGTGGCTTATGCCTATAATCTCAGCACTTTTTGATGCCAAGGTGGAAGGATCACTTGAGGCCAGGAGTTCAAGACCAGCCTGGGCAACATAGTGAGACCCTATCTCTACAAAAAAATTTAAAAATTAGCTGGGTATAGTGGTGTATGCCTGAAGTCCCAATTACTCAGAAGGCTGAGGCAGAAGGATCACATTAGTCCAGGAGTTCGAGGCTGCAGTGAGTTGTGATTACATCTCTGCACTCCAGCCTGGGTGACACAGGGAAACCCTATCTATAAAAAAATAAAA","ATGCGTATAATCTCAGCACTTTTTGATGCCAAGGTGGAAGGATCACTTGAGGCCAGGAGTTCAAGACCAGCCTGGGCAACATAGTGAGACCCTGTCTCTACAAAAAAATTTAAAAATTAGCTGGGTATGGTGGTGCATGCCTGAAGTCCCAACCACTCAGGAGGCTGAAGCAGGAGGATCACATGAGTCCAGGAGTTTGAGGCTGCAGTGAGCTGTGATTACACCACTGCACTCCAACCTGGGTGACACAGGGAAACCCTATCTCTAAAAAAATAAAA"
"chr1","10083006","10083275","chr5","10725937","10726200","64","642931","GGCTGGGTGTGGTGGTGCATACCTTTAATCCCAGCACTTTGGGAGGCCAAGATGAGGGGATCGCTTGAGGCCAATAGGTTGAGACCAGCCTGGGCAATATAGCACAAATACCCTATCTCTACAAAAAAATTTTTGAAAAATTAGCCAAATGTGGTGGTACACACCTATAGTCCTAGCTACTCAGGAGGCCAAGGCAGGATTGCCTGAGCCCGGGAGTTTGAGGCTGCAGTGAGGTATGATTGTGCCATTGCACCCCAACCTGTGTGACAG","GGCTGGGTGTGGTGGCTCATGCCTGTAATCTTAGCACTTTGGAAAGACAAGGCGGGAGAATCGCTGAGGCCGGGATTTTGAGACCAGCCTGGTCAAGATAGCAGGAACACAGTCTCAACTAAAAAATTAAAAATAGCCAGGTGTGATGTTGCACGCCTGTAGTCCCAGCTACTTGGGAGGCTGAGGCAGGAGGACTGCTTGAGCCCAGGATTTTGAGGCTGCAGTGAGCTGTGATTGTGTCATTGCACTCAGCCTGGGCAACAG"
"chr1","10085013","10085295","chr20","121402730","121403014","20","111317717","TCCCAGCACTTTCGGATGCCAAGTCAGGAGGATTGCTTGAGGCTGGGAGTTCGAGACCAGGCTGGGCAACATAGCGATATGCCGTCTCTACAAAAAATAAATAAGATACCCAGGTGTGGTGGTCTGTGCCTGTGGTCCCAGCTACTCGGGAGGCTGAAGTGGGAGGATTGCTTGAATCCAGGAGTTCAAGGTTGCAGTGAGGTTTTATTATTGCACCACTGCATTCCACCCTGGGCGACAGAGCAAGACCCTGTCCCTAAAAAAAAAAAAGAAAAAAGACAAA","TCCCAGCACTTTGGGATGCCAAGGCGGGAGGATTGCTTGAGGCTGGGAGTTCGAGACCAGCCTTGGCAACATAGCAAGATGCCATCTCTACAAAAAATAAATAAGATAGTCAGGCGTGGTGGCCTGTGTCTGTGGTCCCAGCTACTTGGGAGGCTGAAGTGGGAGGATTGCTTGAATCCAGGAGTTCAAGGTTGCAGTGAGGTTTTATTATTGCATGACTGCATTCCACCCTGGGCGACAGAGCAAGACCCTGTCCCTAAAAAAAAAGAGAAAGAAAAAGACAAA"
"chr1","10085589","10085862","chr11","30737106","30737380","54","20651517","GGCTGAGTGCAGTGGCTCATACCTGTAATCCCAGCACTTTCAGGGGCTGAGGTGGGAGGATTGCTTCAGCCCACAAGTTTGAGACCAGCCTGGGCAACATAGGGAGACCCCCATCTCTACAAAAAATAAATAAAATAGTTGGACATGATGGCATGCGCCTGCAGTTCCAGCTACTCAGGAGGCTCACATGGGAGGATTGCTTGAGCCCAGGAGGTTGAGGCTGCAGTGAGCCATGGTTGCACCATTGCACTCCAGCCTGGGTGACAGAGCAAGA","GGCCTGGTGTGGTGGCTCACACCTGTAATCCCAGCAGTTTGGGAGGCCAAAGTGGGAGGATTACTTGAGGCCAGGAGTTTGAGACCAGCCTGGGCAACACAGCAAGACCCTGTCTCTACAAAAAATAAAAAAACGTAGCTGAACATAATGGCATGCACCTGTAGTTCTAGCTACTTGGGAGGTTGAGGTGGGAGGATTGCTTGAGTTCAGGATTTCTAGGCTGCAGTGAGCCATGATTGTGCCACTGTATTCCAGCCTTGGAGAGAGAGCAAGAC"
"chr1","10102071","10102371","chr20","121387376","121387665","32","111285305","CAGGCATGGTGGCTTACACCTGTAATCCCAGCACTTTGAGAGGCCGTGGCAGGAGGATCACTTGAAGCCAGAGCTCAAAACCAGCCTGGGCAACTTAGTGAGCCCCCATTTCTACAAAAAATAAAAACAATTAACTGGGCATGGTGGTACACACCTGTAGCCTCAGCTACTCAGGAAGCTGAGATGGGAGGATCCCTTGAGCCCAGGAGTTTGAGACTGCAGTGAGCTATGATGGTGCCACTGGCGCCTGGGTAACAAAGCAAGACCCTGTCTCAGAAAAGAAAAAAAAAAAAAAAAAAAA","GGGCAGGCATGGTGGCTTACACCTGTAATCCCAGCACTGTGAGAGGCTGTGGCAGGAGGATCACTTGAAGCCAGAGTTCAAAACCAGCCTGGGCAACTTAGTGAGCCCCCATTTCTACAAAAAATAGATAACTAACTGGGCATGGTGGTACACACCTGTAGCCTCAGCTACTCAGGAAGCTGAAAGGAGAGGATTCCTTGAGCCCAGGAGTTTGAGGCTGCAGTGAGCCATGATGGTGCCACTGGCGCCTGAGTAACAGAGCAAGACCCTGTCTCAAAAAAAAGAAAAAA"
"chr1","10104639","10104765","chr20","121384434","121384562","10","111279795","GGCTGGGCATGATAGCTTGCACCTGTAATCTCCCAACACTTTGGGAAGCAAAGGTGGGAAGTTGGCTGGAGGCCAGGAGTTCAAGGCCAGCCTATGCAACCAAGCAAGACCCTGTCTCTACAAAAAA","GGCTGGGCACGGTAGCTCGCGCCTGTAATCTCCCAACACTTTGGGAAGCAAAGGTGGGAAGATGGCTGGAGGACAGGAGTTCAAGGCCAGCCTGTGCAACAAAGCAAGACCCTGTCTCTACAAAAAATA"
"chr1","10106793","10107101","chr7","58652446","58652760","70","48545653","CTGGATGCAGTAGCTCAACCTGTAATCCTAGCACTTTGGGACGCTAAAGTGGGAGGATTATTTAAGTCCAGGAGTTTGAGACCAGCCTGGGCAACATAGAGAGATCTCGTCTTGTCTCTTAAAAAAAAAAAAAAAAAAAAGGCCAGACACGGTGGTGTGCACCTGTAGTCCCAACAACTTGGGAGGCTGAGATGGGAGGATTGCTTGAGCCCAGGAGTTCAAGACTGCAGTGAGCCATTGCACTTCAGGCTGGGCGACAGAGCGAGTCCCTGTGTCAAAAAAAAAAAAAAAATGGAAAAAGAAAAGAAA","GGTGAGTTGACTCACACCTATAAACCCAGCACTTTTGGAGGCTGAAGCAGGAGGATTGTTTAAGTCCAGGAGTTTGAGACCAGCCTGGGCAACATAGGGAGACCCCATCTGTACTAAAAAAAAAAAAAAAAAAAAATTAGCCGGGCATAATAGTGTGCACCTGTAGTCCCAGCTACTCGGGAAATTGAGCTGAGAGAATCACTTGAGCCCAGGAGGTCAAGGCTGCAGTGAGCCATGATCCAGCCACTGCACTCCAGCCTGGGTGACAGAGGGAGACCCTGTCTCAATAAAAATAAAAAACAAAAAAAGAAAAAA"
"chr1","10107537","10107801","chr9","57231645","57231909","65","47124108","GGCCGGGTGCGGTGGCTCACACCTGTACTCCCAGCACTGTGGGAGTCTGAAGCAGGATTGCTTGCACCCAGGAGGACCAGACCAGCCTCTACAGAAAAATTTTAAAAATTAGCCAGACATGGTGGCACCCACCTGCGGTCCTAGCTACTTGGGAGGCTGAAGTGGGAGAACTGCTTGAGCCCAGGAGGCTGGGGGTGCAGTAAGCCATGTTCAAACCACAGCACTCCAGACTGGGTGACAGACCAAGACCCTGTCCCAAGAAAAA","GGGCAGGTGTGGTGACTCACAACTGTAATCCTAGCACTCTGAGAGGCTGAGGAGGGAGGACTGCTTGAGACCAGGAGTTTCAGACTCCGTCTCTACAAAAAAATTTAAAAATTAGCCAGGGATAGTGGCTCACATCTGTAGTCCCTGCTACTTGGGAGGCTGAGGTGGGAGGATCGCCTGAGTCCAGGAGTTTGAGGCTGCAGTGAACTATAATCCCACCACTGCACTCCAGCCTGGGTGACAGAGGGAGACCTTGCCTCTAAAA"
"chr1","10122057","10122346","chr20","121377681","121377966","33","111255624","GCCAGGCATGGTGGCTCATGCCTATGGTCCCAGCACTTTGGGAAGCTGAGGTGTGAGGATTGATTGAGGCCAGGAGCTCAACACCAGCCTGGGCAACATAGCAAGATCCTGTCCCTACAAAAAAAAAGTTTTTAATTAGCTGGGTGTGATGGCACACACCTGTAGCCCCACCTACTTGGGAGGCTGAGGCAGGAGGATCACCTAAGTCCAGGAGTTTGAGGCTGCAGGGAGCCGTGATTGTGCCACTGCACTCCAGCCTGGGCAACAGAGTGAGACCTTGTCTCTAAGAA","GCCAGGCATGGTTGCTCATGCCTATGGTCCCAGCACTTTGGGAAGCTGAAGTGTGAGGATTGCTTGAGGCCAGGAGCTCAACACCAACCTGGGCAACATAGCAAGATCCTGTCCCTACAAAAAATTAGCTGACTGTGATGGCACACACCTGTAGCCCCACCTACTTGGGAGGCTGAGGCAGGAGGATCATCTAAGTCCAGGAGTTTGAGGCTGCAGGGAGCCGTGATTGCACCACTGCAGTCCAGCCTGGGCAACAGAGTGAGACTCCATCTGAAAAAAAAAGAAA"
"chr1","10136692","10136994","chr20","121358236","121358532","28","111221544","GGCTGGGTGCGCTGGCTCACACCGTAAGCCTAGCACTTTGGAAGGCCGAGCTGGGAGGACTGCTTGAGCCCAGGAGTCTGAGACCAGCCTGGGCAACATAGTGAGACCCCCATCTCTACAAAAAATAAAAATTAGCTGGGCGCAGTGGTGCACACCTATGATCCCAGCTAGGTGGCAGGCTGAGGTGGGAGGATCACTTAAGCCCAGGAGATCGAGGTTGCAGTGACCCATGACCACACCACTGTACTCCAGCCTCGGTGATAAAGCAAAACCCTGTCTCAAAAAAAAAAAAAAAAAAAAAAA","GGCTGGGTGCAGTGGCTCACACCTGTAATCCCAGCACTTTGGAAGGCTGAGGTGGGAGGACTGCTTAAGTCCAGGAGTTTGAGACCAGCCTGGGCAACATAGTGAGACCCCCATCTCTACAAAAAATAAAAATTAGCTGGGCGCAGTGGTGCACACCTATGATCCCAGTCACCTGGCAGGCTGAGGTGCGAGGATCGCTTGAGCCCAGGAGATCCAGGTTGCAGAGACCCATGATCACACCACTGTACTCCAGCCTAGGTGATAAAGCAAAACTGTCTCAAAAAAAAAAAAAAAAAA"
"chr1","10137630","10137925","chr2","58980970","58981271","54","48843340","GGCCAGGCGTGGTGGCTCATGCCTGTGGTCTCAGCACTTGGGAGGCTGAGGAGGGAGGATCGCTTGAGCCCAGGAGTTGAAGATCAGCCTGGGCAACATAGGGAGAGCCCATCTCTACAAAAAGTTTAGAAATTAGCCAGGCGTGGCGGTGTGCACCTGGAGTCCCAGCTAGCCAGGAGGCTGAGTTGGGATCACCTGAGCCCAGGAGGTTGAGGCTGCAGTGAGCCATGATAGTGCCACACTGCACTCCAGCCTGGGCCACAGAATGAGACCTTGTCTCAAAAAAAAGACAGAAA","GGCCAGGAGTGGTGGCTCACACCTGTAATCCCAGCACTTTGGGAGGCTGAGGTGGGAGGATCGCTTGAGCCCAAGAGTTTGAGGCCAGCCTGGGCAACATAGGGAGACCCCTGGCGGTCTCTACAAAAAAATTTAAAAATTAGCCTGGCATGGTGGTGTGCACCTGTAGTCCCAGCTACTCGGGATGCTGAGGTGGAAGGATCATTTGAGCTCAGGAGGTTGAGGCTGCAGTGAGCCATGATCGTGCCACTACACTCCAGCCTGGGTGACAGAGCAAGATCCTATTCAAAAAAGAAAAGAAA"
"chr1","10147262","10147571","chr20","121354445","121354735","33","111207183","GGCAGGGCATGGTGGCTCACACCTGTAATTCCAGCACTTTGGGAGGCTGAGGTGGGATGATTATTTGAAGCCAGGAGTTTGATACCAGCCCGGGCAACATAGTGAGACCTGGTCTCTACAAAAAATAAAAATTAGCCAGGTGCGCTGATGCAGGCTTGTGGTCCCAGCTACTTGGGAGGCTGAAGTGGGAGGATCACCTGAGCCCAGGAGGTGGAGGTTACAGTGAGTCTTGGTGGTGCCACTGCACTCCAGCCTGGGCGGCAGAGCGAGACCCTGCCTCTCAAAAAACTACAATAAAAACAAACCAAAA","GGCAGGGCATGGTGGCTCACACCTGTAATTCCAGCACTTTGGGAGGCTGAGGTGGGATGATTGTTTGAAGCCAGGAGTTTGATACCAGCCTGGGCAACATAGTGAGACCTGGTCTCCACCAAAAATAAAAATTAGCCAGGTGCGCTGATGCGGGCTTGTGTCCCAGCTACTTGGGAGGCTGGAGTGGGAGGATCACCTGAGCCCAGGAGGTGGAGGTTACAGCGAGCCTTGGTCGTGCCACTGCACTCCAGCCTGGGTGGCACAGCGAGACCCCTGCCTCTCAGAAAACAA"
"chr1","10163686","10163841","chr16","69063896","69064041","39","58900210","TTAGCCAGGTGTGGTAACACACACCTGTAGTCTTGGGTACTTGGGACGCTGAGGCAGGAGGATTGCTTGAGCCCAGGAATTCATGGCTGCAGTGAACTGTGATATACCACTGTACAGAGCAAGAGCCTATCTCGAAAAAGAAAAGAAAAAAGAAAA","GCCAGGAGTGGTGGCATATGCCTGTAGTCCCAGATACTTGGGAGGCTGAGGTGGGAGGATCACTTGAGCCCAGAAGTTCAAGGCTGCAGTGAGCTATGATTGTGGCGACAGAGAGAGACTCTATCTTAAAAAAAAAAAAAAAAAAA"
"chr1","10175093","10175309","chr28","8609344","8609555","41","1565749","GACCGACCTGGGGAACATAGCAAGGCCCCATCTCTACAAAAATGTAAAAAATAAAAATTAGCCGGGTGTAGTGGCACATGCCTGTAATCCTAGATACTCAGGAGGCTAAGGCAGAAGGATCACTTGAGCCCAGGAGTTCGAGGCTGCAATGAGCTGTGATCATGCCACTGCACTCCATCCTGGGTGACAGAGTGAGGCCCTGTCTCAAAATAAATAA","ACCAGCCTGGGCAACATAGCAAGACCCCACCTCTACAAAAATAAAAAATAAAAATAGCCAGGCGTGGTGGTCCACACCTGTGGTCCCAGTTACTCAGGAGGCTGAGGCAGGAGGATCAGTTGAGCCCAGGGGTTCAAGGCTGCAGAGAGCTGTGATCGTGCCGTTACACTCCAGGCTGGGTGACAGAGCAAGACCCTGCCTCCAAAAATAAA"
"chr1","10175866","10175970","chr20","121326951","121327052","7","111151085","GGCTGGGTGTGGTGGCTCATGCCTGTAATCCCCAAATTCTGGGAAGCTGATGTGGGAGGATTGCTTGAGGCCTGGAGTTTGAGACCAGCCTGGGTAACATGGTGA","GGCTGTGTGTGGTGGCTCATGCCTGTAATCCCAAAACTCTGGGAAGCTGATGTGGGAGCATTGCTTGAGGCCTGGAGTTTGAGACCAGCCTGGGTAACATGG"
"chr1","10177699","10177880","chr24","42445096","42445286","49","32267397","CAGCTTAGGCAACATAGCAAGACCCTGTCTCTACAAAAAAAAATTTTAAGTTAACCAGGCATGGTGGCACTGACCTATAATCCTAGCTACTCTGGAGGCTAAGGCGAGAGGGTCACTTGAGCCCAGGAGCTCAAGGCTGATCATGCCACCATACTCCAGCCTGGATGATAGAGTAAGACTCT","CAGCTTGGGCAACATAGCGAGACCCTGTTTCTACAAAAATATTTCAAAAATAGCTACGCATGGTGGCATGAACCTGTAGTCCTAGCTACTTGGGAGGTTAAGGTGAGGATCAGTTGAGCCCAGCAGATTGAGGCTGCAGTGAGCTATGATTGTGCCAGTGCACTCTAGCCTGGGTGACAGAGCAAGACCCT"
"chr1","10196731","10197011","chr20","121305272","121305565","31","111108541","GGCTGGGCGTGATGGCTCATACCTGTAATCTTAGCACTTTGGGAGGCTGAGGCGGGAGGATCGCTTGAGGCCAGGAGTTTGAGACCAGCCTTTGCAATATAGGGAGACCTCGTTCCTACTGAAAATTAAAAAATTAGCCAGGCATGGTAGCGCTTGCCTGTGGTCCCAGCTACTTTGGAGGCTGAGGTGAGAGCATCACTTGGGCCTGGGAGGTTGAGGCTGCAGTGAGCGGTGATTGTGCCATTGCCCTCCAGCCTGGGTGAGAGAGCAAGACCCTGTTT","GGCTGGGCGTGATGGCTCATACCTGTAATCTCAGCACTTGGGGAGGCTGAGGTGGGAGGATTGCTTGAGGCCAGGAGTTTGAGACCAGCCTTTGCAATACAGGGAGACCTCATTCCTAAGAACATTTAAAAATTAGCCAGGCATGGTAGCACTTGCCTGTGGTCCCAGCTACATAGGAGGCTGAGGCGAGAGCATCACTTGGGCCTGGGAGGTTGAGGCTGCAGTGAACGGTGATTGTGCCACTGCACTCCAGCCTGGGTGAGAGAGCAAGACCCTGTTTGGGGGAAAAAAAAA"
"chr1","10201070","10201341","chr20","121303013","121303279","32","111101943","TGGGAGACTGAGGTGGGAGGCTCACTTGAGGTCAGGAGTTCAAGACCAGCCTGGGCGACACAGCGAGACCTGACCTCTACAAAAAATAATTAGCTGGGCATCATAGCGCATGACTATAGTCCCAGCTACTCGGGAGGCTGAGGCTGGAGGATCACTTGAACCCAGGAGGTCAAGGCTACAGTGAGCTGTGATAACACCTCTCCACTCCAGACTGGGTGACAGAGTAAGACCCTGTCTCAAAAAACAAACAAACAAACAAACAAACAAACAAA","AGCAGCCTGGGAAACTAAGGCAGGAGGCTCGCTTGAGGTCAGGAGTTCGAGACCAGCCTGGGCAACACAGCGAGACCTGACCTCTACAAAAAATAAATAGCTGGGCATCATAGTGCACGACTATAGTCCCAGCTACTCGGGAGGCTGAGGCTGGAAGATCACTTGAATCCAGGAGGTCAAGGCTACAGTGAGCTGTGATAACACCTCTCCACTCCAGACTGGATGACAGAGTAAGACCCTGTCTCAAAAAAAAAAAAAAAAAAAAAA"
"chr1","10211279","10211569","chr21","97677401","97677694","56","87466122","GGCCAAGTGTAGTGGCTTACACCTTAAACCCAGCACTCTGGGAGGGTACAATGGGAGGATCCCTTAAGGCCAGGAGTTTGAGACCAGCCTGGGCAACACAGCGAGACCCCATCTCTACAAAAAATTTAAAAATTAGCCGGGTGTGGTGGTGCATCCTATAGTCCCAGCTACTCAGGAGGCTGGGGAAGGAGGATCACTTGATCCCAGGAGGCAGAGATTGCAGTGAGCTATGATGGTGCCATTGTATTCCAGCTTGGTCAACAGAGCAAGACTGTCTCAAAAAGAAAAAAA","GACTGGATGCAGTGGCTGACACCTGTAATCCCAGCACTTTGGGAGGCCAAGGCAGGAGGATCCCTTGAGACCAGGAGTTTGAACCAGCCTGGGCAACAGAGTGGGACCCCATCTCTACAAAATATGCAAAAATTAGCCAGATGTGGTGGCACATGCCTATAGTCGCAACCACTCTGGAGGCTAAGGTGAAAGGATCACTTGAGGCCAGGAAGTCGAAGCTGCAGTGAGCCATGTTTGTGCCAATGCACTCCAGCTTGGTCAACAGAGCAAGATCATGTCTCAAAAAAAAAAAAA"
"chr1","10217890","10218188","chr20","121285042","121285352","32","111067152","GGCCAGGTGCAGTGGCTCATGCCTATCATCCCAGCACTTTGGGAGGCCAAGGTCAGGGGCCAGGAGTTTGAGACCAGCCTGCACAAAATAGAGAGACCCCATCTCTATTATAAATTTTAACATTAGCCGGGCTTGGTGCCTCATGCCTATACTCTCAGCTGCTCAGGAGGCAGAAGCCAGAGGATTGCTTGAGCTCAGGAGTTTGAGGCTGCAGTGAGCTATGATCATGCCACTGCACTCCAGCCTGAGCAACAGAGCAAGACCCTGTCTCTAAAACAAAACAAAACAAAACAAAAGAA","GGCCGGGTGCAGTGGCTCATGACTATCATCCCAGCACTTTGGGAGGCCAAGGTCAGGGGATCACTTGAGGCCAGGAGTTTGAGACCAGCCTGCACTAAATAGAGAGCTCCCATCTCTATTACAAATTTTAACATTAGCCGGGCTTGGTGGCTCACGCCTATACTCTCAGCTGCTCAGGAGGCAGAAGCCAGAGGATCGCTTGAGCTCAGGAGTTCGAGGCTGCAGTGAGCTATGATCATGCCACTGTCTCCAGCCTGGGCAACAGAGCAAGACTCTGTCTCTACAACAACAACAACAACAAAGAATAAAAA"
"chr1","10222666","10222982","chr20","121280252","121280537","53","111057586","GGCAGGGCGTGGTGGCTCACACCTGTAATCCCAGCACTTTGGGAAACTGAGGCGGGGGGATCGCTTGAGCCCAGGAGTTCGAGATCAGCCTGGGCAACATAGTGAGACCTCGTCTCTACACAATTTTTTAAAAAAATTAGCTGGGCATGGTGGTGTGCACCGGTAGTCCCAGCTACTGGGGAGGCTGAGGTGGGAGAATCACCTGAGCCCAAGAGGTGGGGGGCTGCAGCGAGCCATGATTGTGCCACTGCACTCCAGCCTGAGTGACAGAGAAAGACCCTGTCATTAAAAAAAAAAAAGAAAGAAAAGAAAAAGAA","GTCGGGTGTGGTGGCTCACACCTGTAATCCCAGCACTTTGGGAGACTGAGGCGGGGGGATCACTCGAGCCCAGGAATTCGAGACCAGCCTGGGCAACATAGTGAGACCTCGTCTCTACACAATTTTTTTAATTAAAAATTAGCTGGGCATGGTGGCATGCACTGGTAGTCCCAGCTACTTGGGAGGCTGAGGTGGGAGGATCACCTGAGCCCAAGAGGTGGGGGACTGCAGTGAGCAATGATTGTGCCACTGCACTCCAGCCTGAGTGACAGAGCAAGACCCTGTC"
"chr1","10240034","10240350","chr18","65049615","65049927","60","54809581","GGCCGGCCATGGTGGTTCATGACTGTAATCCAGCACTCTGGGAGGCCAAGGTGGGAGGATCACTTGAGGCCAAGAGTTTGAGACCAGCCTAGACAACACAGTGAAATCCTGTCTCTTCAAAAAATTTAAAAATTAGCTGGGCATGTTGGCATATGCCTGTGGTCCTAGCTACTTGGGAGGCTGGGGCAGGAGGATCGCTTGAGCTCAGAAGGTTGAGGCTGCAGTGACCTATGACCGCACCACTGCACTCCAGCCTGGGGTGACAGAGTGAGACCTTGTCTCTAGTTAAAAAACCAAAAAAAAAAAAAGAAGAAGAA","GTCAGGTGCAGTGGTCACACCTGTAATTTCAGCACTTTGGGAGGCCAAGGCGGGAGGATTGCTTGAGGCCAGGAGTTCAAGACCAGACTTGACACACAGTGAGACTCTGTCTCTACAAAAAAGAAAACATTAGCTGGGCATGGTGACATGCACCTGTAGTCTTGGCTACTTGGGAGGCTGAGGCAGGAGGATCACTTGAGTTCAGGAGGTTGAAGCTGCAATGAGTTATGATCACACCACTGCACCCCAGTTTGGGCAACAGAGAGAGACCCTGTCTCTATTTAAAAAACAAAAAAAAAAGAAGAAGAAGAAA"
"chr1","10244596","10244879","chr11","104479228","104479515","68","94234632","GGCCGGGCATGGTGGCCCACGCCTATAATTCAGCACTTTGGGAGGCTGAGGCAGGAGGATGGCTGGAGGCCAAGAGTTCGGGACCAGCCTGGGCAACATAGTGAGACTCCATTGTTTCAAAAAAAAAATTGTTTTTTTTAAATAGCTTGGCGTAGTGGCGCTCCAGCTACTTGGGGAGCTAGGTGGGAGGATGGCTTGAGCTCAGGAGTTTGAGGTTACACTGAGCTATGATTGTGCCGCTTCACTCTAGCCTGGGTGACAGAGTGAGACCCCGTCTCCAAAAA","GCCGGGCATGGTGGCTCACACCTGTAATCCTAGCACTTTGGGAGTCTGAGGCAGGAGGATTGCTTGAGTCCAGGAGTTTGAGACCAGCCTGGACAACATAGTGAGACCCTGTATCTGCAAAAAATAAAAAAATTGGCTAGGTGTGGCGGTGCACACCTGTGGTCCCAGCTACTTGGGAGGCTGAAGTGGGAGGATTGCTTGAGCCCAGGAGGTCAAGGCTGCAGTGAGCAGTGATCATGCCTCTGCACTCCAGCCTGGGTGACAGAGCAAGACCCAGTCTCGAAATAA"
"chr1","10263553","10263810","chr20","121238739","121239015","42","110975186","GGCCAGGTGCCGTGGTTCATGTCTGTAATTCCAATGCTTTGGGAAGGCAAGGCAGAAGGATGACTTGAGGCCGAGAGTTTGAGACCAGCCTGGGAAACACAGGGAGACCCTGTCTCTACAAAAAAATTCACCAGGTGTGGTGGCACGTGCCTGTAGTCCCAGCTACTCGGGAGGCTAAGGCAGAAGGATCGCTTGAGCCCAGAAGTTCAAGGCTTCAGTGAGCTATGATCATGCCATTATATTCCAGCCTAGGCAATA","GGCCAGGTGCTTTGGTTCATGTCTGCAATCCCAATGCTTTGGGCAGGCAAGCCAGGAGGATGACTTGAGGCCAAGAGTTTGAGACCAGCCTGGGCAACGCAGTGAGACCCTGTCTCTACAAAAAAAATTTTAAAATTTTTAAAAATTAACCAGGTGTCGTGGCATGTACCTGTAGTTCCAGCTACTTGGGAGGCTAAGGCAGAAGGATCGCTTGAGCCCAGAAGTTCAAGGCTTCAGTGAGCTATGATCATGCCACTACATTATGGCCTAGGCGATA"
"chr1","10265672","10265963","chr19","11031694","11031988","59","766022","GGCTGGGTGCGGTGGCTCAAGCCTGTAATCCCAACACTTTGGGAGACTGAGACAGAAGGATTGCTTTAGATGGAAGGGTTGAGACCAGCCTAGACAACACAGTGAGATCCTGTCTCTACAAAAAAAATTAAAAATTAGCTGGGCATGGTGGCGCATGCCTGTGGTTCCAGCTACTTGAGAGGCTAAGGCAGGAGGATTGCTTGAGCCTTGGAGTTTGAGCTTACAGGGAGCTATGATTGTGCCACTGCACTGTAGCCTGGGTGACAGAGCAAGACACCATCTCAAAAAAAAA","GGCTGGGTGCTATGGCTCACACCTATAATCCCAGCACTTTGGGAGGCTGAGGCAGGAGGATCGATTGAGGCCAGGAGTTTGAGACCAGCCTAGGCAACATAATGAGACCTCATCTCTACAGAAAAATTTTAAAAATTAGCTGAGTGTGGTGGCGCATGCCTGTAGTTTCAGCTACTTGAGAGGCTGAGGTGGGAGGATTGCTTGAGTCTGGGAGTTCCAGGCTAGAGTGAGCTATGATCACACCACTGAACTTTAGCCTGGGCAACAGAAGGAGACATCATACCAAAAAATAAAA"
"chr1","10285852","10286055","chr20","121216702","121216904","11","110930850","CTGAGTGCAATGGCTTGAGCCTGTAATCCCAGCTACTTGGGAGGCTGAGGCAGGAGGATTGCTTGAGGCTAGGAGTTTGAGACCAGCCTGGGCGACCTCATTGCTACAAAAAAACACAAAAATTAGATGGGTGTGGTAGCACATGCCTGTAGTCCCAGCTACTTGGGAGGCTGAGGTGGGAAGATCTCTTAAGCCCAGGAGTTC","CTGGGTGCGATGGCTTGAGCCTGTAATCCCAGCTACTTGGGAGGCTGAGGCAGGAGGATTGCTTGAGGCTAGGAGTTTGAGACCAGCCTGGGCAACCTCATCTCTACATAAAATACAAAAATTAGATGGGCGTGGTAGCACACGCCTGTAGTCCCAGCTACTCGGGAGGCTGAGGTGGGAAGATCTCTTAAGCCCAGGAGTTC"
"chr1","10295704","10295964","chr27","43272895","43273142","62","32977191","GGCCGGGTGTGGTGGCTCACACTAGTGATCCCAGAGCTTAGGGGGCCGAGGCAGGAGGATGGCTTGAGGCCAGGAGTTCGAGACCAGCTTGGGCAACATGGTGAGACCCCCATCTCAAAAAAATTCGTAAAAGATAAACCAGGCCTGGTGGTGTGCACTTGTAGTCCCAGCTGTTCAGGAGGCTGACGCGGGAGGGTAGCTTGAGCTGCACTCCTAGACAACAGAGCAAGAACCTGTCTCTCAAAAAAAAAAAAAAAAAAA","GGCCAGATGTGGTGGCTCACACCTGAATCCCAGCACTTCGAGAGGCCGAGGCAGCCAGATCGCTTGAGCCCAGGAGTTCCAGACCAGCCTGGGTAACATGGCAAAATCCCATCTCTACAAAAATGTAACAATTAGCTAAGCATGGTGGTGTGCACTTGTAGTCCCAGCTATTCGGGAGGCTGAGGTGGACTGCACTCCAGCCTGGGCGACACAGCAAGACCCTGTCCCCAACAAAAAGAAAAAAGGAA"
"chr1","10339137","10339416","chr20","121177318","121177600","20","110838181","CGCCTGTAATCCCAACTCTTTGAGAGGCCGAGACAGGAGGAGCACTTTGAAGCTAGGAGTTCAAGACCAGCCTGGGCAACATAGTGAGATGCCATCTCTGTAAAAAAAATTTAAAAAACAAAACTAGCCAGGCATGGTGGTGTGTGTACTTGGGAGGCTGAGGTGGGAGGATTGCTTGAGCCCAGGAGATCGAGTCTGCAGTGAACCATGATTGTACCTCTGCACTCCAGCCTGGGCTCCAGAGCAAGGCCCTGCCTCTAAAAAACCAAAAAGAAAGAAA","CGCCTGTAATCCCAAATCTTTGGGAGTCCGAGACGGGAGGAGCACTTTGAAGCTAGGAGTTCAAGACCAGCCTGGGCAACATAGTGAGATGCCATCTCTTTAAAAAAATTTAAAAACCAAAACTAGCCAGGCATGGTGGTGCATGTACTTGGGAGGCTGAGGTGGGAGGATTGCTTGAGCCCAGGAGGTTGAGTCCGCAGTGAACCATGATTGTACCATTGCACTCCAGCCTGGGCGCCAGAGCAAGGCCCTGTCTCTAAAAAACCAAAACGAAAGAAAGAAA"
"chr1","10475283","10475589","chr20","121042047","121042364","39","110566764","GGGCACAATCGCTCATGCCTGTAATCCCCGCACTTTGGGATGCCAAGGCGGGTGGATTGCTTGAGGCCAGGAGTTCAAGACCAGCCTGGGCAATACAGTGAGACCCTGTGTCTCCACAAAAAAATTTTTTTTTAAATTAGCTGGTTGCGGTGGCACACACCTGTAGTTCTGGCTCCTTGGGAGGCTAAAGTGGGAGGATTACTTGAGCCCAGGAGGTGGAGGCTGCAGTGAGCTATGATCGCTTCACTGCACTCCAGCCTGGGCGACAGGGTGAGACCCTGTCTGGACAAAAAAAAAAGAAAAAAAA","GGGCACAATGGCTCATACCTGTAATCCCAGTACTTTGGGATGCCAAGGTGGGTGGATTGCTTCAGGTCAGGTGTTTAAGACCAGCCTGGGCAACACAGTGAGATCCTGAGTCTCCACAAAATTTTTTTTTTTTTTTTTAATTAGCTGGATGGGGTGGTGCACACCTGTAGTTCTGGCTCCTTGGAAGGCTAAAGTGGGAGGATCACTTGAGCCCAGGAGGTGGAGGCTGCAGTGAGCTATGATCGCTCTACTGCGCTCCAGCCTGGGCGACAGGGTGAGACCCTGTCTGAAAAAAGAAAAAAAAAAAAGTCTAAAAAA"
"chr1","10484520","10484823","chr20","121033148","121033453","36","110548628","GGCTGGGCACGGTGGCTCACGCCTGTAATCCCAGCGTTTTGGAAGGCTGACGCGAGAATCGCTTGACGCCAGGGGTTCAAGACTCCCATCTCTTAAAAAAAAATTAAAAAATAAAAATTAGCCAGGTGTGGTGGCGCACGCACCTGTAGTCCTACCTATTTGGGAGGGGAGGCTGAGGTGGGAGAATCACTGGAGCCCAGGAGGTTGAGGCTATAGTGAGCTGTGATCGCACCACTGCACCCCAGCCTTGGCAGCAGAGCAAGACCCTGTCTCTTAAAAAGTAGAAGAAGAAAAGAAAAGAAAA","GGCCCGGCACGGTAACTCACACCTGTAATCCCAGCATTTTGGAAGGCTGAGGTGAGAATTGCTTGATACCAGGGGTTCAAGAGTCCCATCTCTTTTTAAAAAAAAGATAAAAAATGAAAATTAGCCAGGTGTGGTGGTGCACGCACCTGTAGTCCTGGCTATTTGGGAGGGGAGGCTGAAGTGGGAGAATCACTTGAGCCCAGGAGGTTGAGGCTGTAGTGAGCTGTGATTGCACCACTGTACGCCAGCCTTGGCAGCAGAGCGAGATCCTCTCTCTTTAAAAATTAGAAGAAAAAAAAAGAAAAA"
"chr1","10559574","10559873","chr22","33821698","33822000","52","23262124","GGTCGGGTGTGGTGGCTCACACCTGATTTCCAGCACTTTAGGAGGCCGAGGCGGGGAGAGTGCTTGAGACTAGGAGTTCAAGACCAGCCTGGGCAACATGGTGAGACCCCATCTCTACAAAAAATTTTTAAAAATTAGCCAGGTGTGGTGGCAAGCACCTGTGGTCCCAGCTACAAGGGAGGCTGAGCCAGGAATCACTTGAGTCCAGGAGGTCGAGGCTGCAGTGAGCTGTGTTCACACCACTGCACTCCAGCTTGGGAGACAGAGTGAGACCTTGTCTCTAAAAAAAAAAAAACAAAA","GGCCAAGTGTGGTGGCTCACACCTGTAATCCCAGCATTTTGGGAGGCCAAAGTGGGAGAATTGCTTGAGCCTAGGAGTTTTAGACCAGCCAGGGCAACATAGTGAGACCCTGTCTCTACTAAAAATTTAAAATTTAGCCAGGCATGGTGGTATGCACCTGTAGTCCCAGCTACTCAGGGGGCTAAAGTGCAGGGATCTCTTGAGCCCAGGAGGTCAAAGCTTCAGTAAGCTGTGATTGCACCACTGCACTCCAGCCTGGGTGACAGAGTGAGACCTTGTCTCAAAACAAAAACAAAAACAAAA"
"chr1","10581358","10581677","chr20","120941151","120941433","62","110359793","CTGGGCATAGTACCTCACATCTGTAATCCCAGCACGTTGGGAGGCCAAAGTGGGAGGATCACTCAGGTCCAGGAGTTTGAGACCAGCCCAGGTAACATAGTGAGACCTCATCTCTACAAAAAAAAATTTAAAAACTAGCTGGGCATGGTGGTGTATGCCTGTAGTTCCAGCTACTCAGGAGGCTGAGGCAGGAGGATCCCTTGAGCCCAAGAGGCTAAGACTGCAGTGAGCTATGATTTCGCCATTACACTCCTGCCTGGGTGACAGAGTGCAACCCTGTCTCAATAAATAAATAATAAATAAATAAATAAATAAATAAA","CTGGGCGTAGTACCTCACATCTGTAATCTCAGCACTTTGGGAGGCCAACATGGAAGGATCACTCGGGTCCAGGAGTTTGAGACCAGCCCGGGTAACACAGTGAGACCTCATCTCTACAAAAAAAGTTTTAAAAACTAGCTGGGCATGGTGGTGCATGCCCGTAGTTCCAGCTACTCAGGAGGCTGAGGTGGGAGGAGCCCTTGAGCCCAAGAGGTAGAGACTGCAATGAGCTATGATTTTGCCATTACACTCCTCTCTGGGTTACAGAGTGTGACCCTGTCTC"
"chr1","10583148","10583349","chr20","120939495","120939691","23","110356347","TCGTGACCAGCCTGGGCAACATAGAGAGACCTGGTCTCTACAAAATAACAAACAAGAAATTAGCTGGGCATGGTGGCATGCACCTGTAGTCCCCATTAATAGGGAGGCTGAGGTGGGAGGTTGAGGCTGCAGTGAGCTGTGATCATGCCACTGCACTCCAGCCTGAATGACAGAGTAAGATTCAGTTTCAAAAAAAAAAAGA","GACCAGACTGGGCAATGTAGAGAGACCTGGTCTCTACAAAAAAACAAACAAAAAATTAGTTGGGCATGGTGGCATGCACCTGTAGTCCCCATTAATAGGGAGACTGAAGTGGAAAGTTGAGGCTGCAGTGAGCTGTGATCACGCCACTGCACTCCAGTCTGAGTGACAGGGTGAGATTCTGTTAAAAAAAAAAAAAA"
"chr1","10614924","10614968","chr1","106090900","106090935","13","95475976","GAAACCAGGAGTTCGAGACCAGCCTTGGCAACAAAACAATTCCCC","GAGACCAGGAGTTTGAGACCAGCCTGGGCAACACAG"
"chr1","10625475","10625766","chr20","120897222","120897516","24","110271747","GCTGGGTGCAGTGACTCATGCCTGTAATCCCAGCATTTTGGGAGGCTGAGGCAGGAGGATCATTTGAGGTCAGGAGTTCAAGACCAGCCTGGACAACATAGCAAGACTCAGTCTCTACGGAAAATGCAGAAGTTAGCTGGGTGTCATGGTGTGCACCTGTAATCCCAGCTACTTGGGAAGCTGAGATGGGAGGATCGCTTGAGGCCAAGAGTTGGAGGCTGCAGTGAACTATGATCACACCACTGCACCCTAGCCTAGGCAAGAGAATGAAACCCTGTCTCAAAAATAATAA","CTGGGTAAGGTGACTCATGCCTGTAATCCCAGCGCTTTGGGAGGCTGAGGCAGGAGGATCATTTGAGGCCAGGAGTTAAAGACCAGCCTGGACAACATAGCAAGACTCAGTCTCTACAGAAAATGCAGAAGTTAACTGGGTGTCATGGTGTGCGCCTGTAGTCCCAGCTACTTGGGAAGCTGAGATGAGAGGATCACTTGAGGCCAAGAGTTGGAGGCTGCAATGAGCTATGATCATACCACTGCACCCCAGCCTAGGCAAGAGAATGAGACCTTGTCTCAATAATAATAATAAA"
"chr1","10662137","10662426","chr20","120859707","120859976","36","110197570","GTGGCTCATCCCTGTAATCCCAGTGCTTTGGGAGACCAAGGCAGAAGGATCACTTGAGGGCAGGAGTTTGAGACCAGCCTGGGCAACGTAGCAAGACCCTGTCTCTACAAAAAATAAAAATAAAATAAAATTAGGCATGGTGGTGTGTGCCTGTAGTCCTAGCTACTCATGAGGCTGAGGTGGGAGGATCGCTTGGGCCCAGAATTCAAGGCTGCAGTGAGCCATGCTTGTGCCACTGCACTCCAGCCTGAGTTACAGAACAAGAGCCTGACTTAAAAAAAAAAAAAGAA","GTGGCTCATCCCTGTAATCCCAGGGCTTTGGGACACCAAGGCAGAAGGATCACTTGAGGGCAGGAGTTTGAGATCAACCTGGGCAACATAGCAAGGCCCTGTCTCTACAACAAGTAAAAGTAAAATAAAATTAGGCATGGTGGTATGTGCCTGTAGTCCTAGCTACTCATGAGGCTGAAGTGGGAGAGTTCAAGGCTGCAGTGAGCCATGATTGTGCCACTGCACTCCAGCCTGATTTACAGAACAAGAGCCTGACTCTAAATAAAAGAA"
"chr1","10669011","10669119","chr10","77019371","77019477","21","66350360","GGCCAGACAGGGTGGCTCATATCTATAATCGCAACACGTTGGGAGACTGAAGCAGGAGGATCCCTTGAGACCAGGAATTTGAGACTAGCCTGGGCAACACAGTAAGACC","GGCTGGCCATGGTGGCTCACACCTATAATCCCAGCATTTTGGGAGGCTGAGGCAGGAGGATTGCTTGAGGCCAGGAGTTTGAGACCAGCCTGGGAAACACAGCAAGA"
"chr1","10682201","10682488","chr20","120839876","120840175","36","110157675","GGCTGGGCACAGTGGTTCATGCCTTCCGGCACGTTAGGAGGCTGAGGTGGTAGGAGCCCAGGAGCTGGAGACCAGCTTGGGCAGCAGAGCGAGACCTTGTGTCTACAGAAAGAACTTTTTAAAGCTAGCCAAGTGTGGTGGGGCGTGCCTGTACTCCCAGCTACTAGGGAGGCTGAGATGGGAAAATCACCTGACCCCAGGAGGTCGAGGCTGCGGTGAGCTATGATTGCACCACTGCACTCCAACCTGGGCAACAGAGCAGGATCTTACCTCAAAAACAAAAACAAA","GGCTGGACACAGTAGTTCACGCCTTCTAGCGCATTAGGAGGCTGAGGTGGGAGGAGCCCAGGAGCTGGAGACCAGCTTGGGCAGCAGAGCAAGACCTCATGTCTACCAAAAAAAATTTTTTAAAGCTAGCCAGGTGTGGTGGAGCATGCCTGTGCTCCCAGCTACTAGGGAGGCTGAGGTGGGAAAATCACATGAGCCCAGAAGGTCGAGGCTGCAGTGAGCTATGATTGCACCACTGCACTCCAGCCTGGGCAACAGAGCAGGATCTTACCTCAAAAACAAAAACAAAAACAAATAAGA"
"chr1","10693512","10693765","chr6","43249150","43249393","55","32555638","GGCCAGTCACAGTGGCTCGTGCCTGTAATCCCAGCACTTTGGGAAGCCGAGGCCGGAGCGTCACTTGAGCCTGGGAGTTCAAGACCAGCCTGGGAAACATAGTGAGACCCCATTGCTACAAAAAAATTAAAAAATGAGGTGGGAGAATTGCTTGATCTCAGGGAGTTGAGGCTGTAATGAGCTGGGATTGTGCCACTGCACTCCTGCCTAGGCAATGGGAGTGAGACCCTGTCTCAAAAAATAAAAGTAAAAAA","GGCTGGGTACAATGGCTCATGCCTGTCATCCCAGCACTTCGGGAGGCCGAGGAGGGAGAATCGCTTGAGGCCAGGAGTTCAAGACCAGCCTGGCAACATAGTGAGATCTCCTGTCTATAAAAAATAAAAAAATGAGGCAGGAGGATTGCTTGAGTCCAGTAGGTCAAGGATGCAATGAGCTGTGATCGTGCCAATGCACTCCTGCCTGGGTAACAGAGTGAGACTCTGTCTCAAAAAAAAAAAA"
"chr1","10701696","10701925","chr20","120820028","120820259","13","110118332","GGCCAGGCGTAGTGGCCCACGCCTATAATCCCAGGGCTTTGAGAGGCCAAGGTGAGAGGATCGCTTGAAGCCAGGAGTTTGAGACCAGCCTGGGCAACACAGTGAGACGCCGTCTCTACAGAAAATTTGAACATTAGCTGGGCATGGTGTCATACGCCTATAGTCCCAGCTACTTGGGAGGCTGAAGTGGGAGGATCCCTTAAGCTCAGGAGGTCAAGGCTGCAGTGAGC","GGCCAGGCGTAGTGGCTCACACCTATAATCCCGGGGCTTTGAGAGGCCAAGGTGAGAGGATCGCTTGAAGCCAGGAGTTTGAGACCAGCCTGGGCAACACAGTGAGTCTCTCTATCTCTACAAAAAATTTAAACATTAGCTTGGCATGGTGTTATACGCCTATAGTCCCAGCTACTCGGGAGGCTGAAGTGGGAGGATCCCTTAAGCTCAGGAGGTCAAGGCTGCAGTGAGC"
"chr1","10709735","10710014","chr24","53737862","53738137","66","43028127","GCCAGGCATGGGGCTCACACCTGTAATCCCAGGACTTTGGGAGGCTGAGGAGAGCAGATTGCTTAAGCTCAGAAGTTCGAGACCAGCCTGGGCAAAAGCAAGACCCCCCCATCTCTAAGAAAAAAATTTTTTGTTTAAATTAGCGGAGCATCGTGGTGCATGCCTGTGGTCCCAGCTACTCAGGAGGCTGAGGCGGGAAGACTGTGAGCTCAAGAGGCAGAGGCTGCAGTGAGTCCAGCCTGGGGGACAGAGTGAGACCCTGTCTCAAAAAAAAAAAAAA","GGCCAGGCACAGTGTTTCATACCTGTAATCCCAGCACTTTGGGAGGCTGAGGCAGAAGGATTGCTTGAGGTCAGGAGTTTGAGACCAGCCTGGGCAACATAGTGAGACCCCCATCTCTACAAAAAAAATTTTTTTTTAATTATCTGGGTGTAGTGGCATGTGCCTATGGTCCTAGCTATGTGGGAGCTGAGGTGGGAAGATCTCTTGAGGCTGGGAGGTCAAGGCTGCCGTGAGCCAACCTGGCCTATAGAGTGAGACCCTGTCTCTTAAAAAAAA"
"chr1","10713049","10713188","chr16","70522336","70522472","19","59809287","GGCTGGGTGTGGTGGCTCATGCCTGTAATCCCAGCACTTTGGGAGGCTGAGGCAGGAGGATCACTTGAGTCTAGGAGTTCAAGACCAGCCTGGGCAACATAGTGAGACCCCCCCATCTCTAAAATAAATAAGTAAAAATT","GGCTGGGTGTAGTGGCTCATGCCTATAATCCCAGCACTTTGGGAGGCTGAGGCAGGTGGATCACTTGAGTTTAGGAGTTCAAGACCAGCCTGGGCAACATAGCAAGACCCTTGTCTCTACTAAAAATTCAAAAAATG"
"chr1","10718441","10718739","chr20","120802170","120802473","38","110083729","GCTGGGCATGGTGGCTTACGCCTATAATCCCAACACTTTGGGAGACTGAGGCAGGAGGATCACTTAAGCCCAGGAGTTTGAGACCAGCATGGGCAACATAGCAAGACTCGATGTCTATAAAAAAATTTTAAAATTAACTTGGTGTAGTGGCATGTGCTTGTGGTCCCAGCTACTCAGGAGGCTGAGGTGGGAGGATTGCTTGAGCCTGGGAGGTCTAGGATGCAATGAGCAATGATTGTGCCACTGCACTCCAGCCTGGGTAACAAAGCGAGACCCTGTCTCAAAAAAAAAAAAAAAGA","GCTGGGCATGGTGGCTTACACCTATAATCCCAACACTTTGGGAGACTGAGGCAGGAGGATCACTTGAGCCCAGGAGTTTGAAACCAGCCTGGGCAACACAGCAAGACTTGATGTCTACAGAAAATTTTAAAAATTAACCTGGCGTGGTGGCACGCGCTTGTGGTCCCAGTTCCTCAGGAGGCTGAGGTGGGAGGATTGCTTGCACCTGGGAAGTCTAGGCTGTGAGCAATGATCATGCCAATGCACTCCAGCCTGGGTGACAAAGCAAGACCCTGTCTCAAAAAAAAAAAAAAAAAAAAAAAAA"
"chr1","10721194","10721485","chr23","59682937","59683224","56","48961743","GGCCAAGTGCAGTGAGTCATGCCCGTAATCCCAATACTTTGGGAGGCCGAGACAGGAGGATGGCTTGAACCCAGGAGTTCAAGACCAGCCTGGGCAACACAGTAAGACCCTGTCTCTACAAAAAAATTAAAAAATTACCAAAGTGTGGTGGCACATGCCTATGGTCCCAGCTACTCAGGAGGCTAAAGTGGGATGATCACTTGAGCCCAGGAGTTAAGAGATAACAGTGAACTATGATCATGCCACTGCACTCCAGCCTGGGCAACAGAGCAAGACTCTATCTCAGGAAGAA","GGCCGGGTACAGTAGCTCATGCCCCTAACCTCAGCACTTTGGGAGGCTGAGGCAGGAGGATCCCCTGAGCTCAGGAGTTCGAGACCAGCCTGGGCAACATGGCAAGACCCTGTCTCTACAAAAAATTTAAAAATTAGCTGGATGAGGTGGTGCACACCTATAGTTGCAGCTACGTGGGAGGCTCAGGTGGGAGGATCGCTTGAGCCCAGGAGGTTGAGGCTGCAGTGACCTGTGATCATGCCACTGCACTCCAGCCTGAGCAACAGAGCAAGACCCTATCTCAAAAAA"
